Keyframe: 0 Frame: 0 Frame from vFrameID : 68
Tcw:
[0.99962997, -0.024693172, 0.011407739, 0.08832074;
 0.011706927, 0.012005764, -0.99985939, -0.0028056072;
 0.024552742, 0.999623, 0.012290403, 0.015407753;
 0, 0, 0, 1]
Twc:
[0.99962997, 0.011706927, 0.024552742, -0.088633515;
 -0.024693172, 0.012005764, 0.999623, -0.013187341;
 0.011407739, -0.99985939, 0.012290403, -0.0040021199;
 0, 0, 0, 1]
Ow:
[0.08832074;
 -0.0028056072;
 0.015407753]
Keyframe: 1 Frame: 67 Frame from vFrameID : 68
Tcw:
[0.99951881, -0.028483538, 0.012281179, 0.087639317;
 0.013012256, 0.025624949, -0.99958694, -0.0010481119;
 0.028157067, 0.99926573, 0.025983253, 0.016324766;
 0, 0, 0, 1]
Twc:
[0.99951881, 0.013012256, 0.028157067, -0.088043168;
 -0.028483538, 0.025624949, 0.99926573, -0.013789644;
 0.012281179, -0.99958694, 0.025983253, -0.0025481638;
 0, 0, 0, 1]
Ow:
[0.087639317;
 -0.0010481119;
 0.016324766]
Keyframe: 2 Frame: 72 Frame from vFrameID : 73
Tcw:
[0.9996376, -0.020805709, 0.017081687, 0.09193632;
 0.017225785, 0.0067664366, -0.99982876, -0.011559436;
 0.020686563, 0.99976063, 0.0071223788, 0.03581633;
 0, 0, 0, 1]
Twc:
[0.9996376, 0.017225785, 0.020686563, -0.0924448;
 -0.020805709, 0.0067664366, 0.99976063, -0.03381674;
 0.017081687, -0.99982876, 0.0071223788, -0.013382982;
 0, 0, 0, 1]
Ow:
[0.09193632;
 -0.011559436;
 0.03581633]
Keyframe: 3 Frame: 76 Frame from vFrameID : 77
Tcw:
[0.99946672, -0.020420104, 0.025482234, 0.095710218;
 0.025614079, 0.0062212455, -0.99965256, -0.023752205;
 0.020254478, 0.99977213, 0.0067409701, 0.057176836;
 0, 0, 0, 1]
Twc:
[0.99946672, 0.025614079, 0.020254478, -0.09620887;
 -0.020420104, 0.0062212455, 0.99977213, -0.055061623;
 0.025482234, -0.99965256, 0.0067409701, -0.02656829;
 0, 0, 0, 1]
Ow:
[0.095710218;
 -0.023752205;
 0.057176836]
Keyframe: 4 Frame: 80 Frame from vFrameID : 81
Tcw:
[0.9984594, -0.022851981, 0.050562624, 0.1030549;
 0.050467923, -0.0047023492, -0.99871463, -0.037144184;
 0.02306037, 0.99972779, -0.003541813, 0.068079017;
 0, 0, 0, 1]
Twc:
[0.9984594, 0.050467923, 0.02306037, -0.10259147;
 -0.022851981, -0.0047023492, 0.99972779, -0.065880142;
 0.050562624, -0.99871463, -0.003541813, -0.042066041;
 0, 0, 0, 1]
Ow:
[0.1030549;
 -0.037144184;
 0.068079017]
Keyframe: 5 Frame: 84 Frame from vFrameID : 85
Tcw:
[0.99831718, -0.012357575, 0.056658026, 0.11471687;
 0.056680039, 0.0014381188, -0.99839133, -0.03348735;
 0.012256215, 0.99992263, 0.0021361264, 0.082967743;
 0, 0, 0, 1]
Twc:
[0.99831718, 0.056680039, 0.012256215, -0.11364262;
 -0.012357575, 0.0014381188, 0.99992263, -0.081495538;
 0.056658026, -0.99839133, 0.0021361264, -0.040110342;
 0, 0, 0, 1]
Ow:
[0.11471687;
 -0.03348735;
 0.082967743]
Keyframe: 6 Frame: 89 Frame from vFrameID : 90
Tcw:
[0.99890327, -0.018838154, 0.042864349, 0.13345864;
 0.042648103, -0.011734852, -0.99902123, -0.056822374;
 0.019322723, 0.99975365, -0.010918571, 0.13370024;
 0, 0, 0, 1]
Twc:
[0.99890327, 0.042648103, 0.019322723, -0.13347237;
 -0.018838154, -0.011734852, 0.99975365, -0.13181999;
 0.042864349, -0.99902123, -0.010918571, -0.06102756;
 0, 0, 0, 1]
Ow:
[0.13345864;
 -0.056822374;
 0.13370024]
Keyframe: 7 Frame: 95 Frame from vFrameID : 96
Tcw:
[0.9996168, -0.020095699, 0.019035645, 0.1442693;
 0.018718708, -0.015843425, -0.99969923, -0.090967081;
 0.020391244, 0.99967253, -0.015461188, 0.13949902;
 0, 0, 0, 1]
Twc:
[0.9996168, 0.018718708, 0.020391244, -0.14535579;
 -0.020095699, -0.015843425, 0.99967253, -0.13799538;
 0.019035645, -0.99969923, -0.015461188, -0.091529168;
 0, 0, 0, 1]
Ow:
[0.1442693;
 -0.090967081;
 0.13949902]
Keyframe: 8 Frame: 101 Frame from vFrameID : 102
Tcw:
[0.99981189, -0.0073550558, 0.017947501, 0.16459116;
 0.017711118, -0.031033561, -0.9993614, -0.095876507;
 0.0079073338, 0.99949127, -0.030897457, 0.16211152;
 0, 0, 0, 1]
Twc:
[0.99981189, 0.017711118, 0.0079073338, -0.16414399;
 -0.0073550558, -0.031033561, 0.99949127, -0.16379388;
 0.017947501, -0.9993614, -0.030897457, -0.093760446;
 0, 0, 0, 1]
Ow:
[0.16459116;
 -0.095876507;
 0.16211152]
Keyframe: 9 Frame: 108 Frame from vFrameID : 109
Tcw:
[0.99826097, 0.001024548, 0.058940481, 0.19435349;
 0.058935635, -0.038943037, -0.99750191, -0.075932935;
 0.0012733329, 0.99924093, -0.038935695, 0.2231985;
 0, 0, 0, 1]
Twc:
[0.99826097, 0.058935635, 0.0012733329, -0.18982455;
 0.001024548, -0.038943037, 0.99924093, -0.22618525;
 0.058940481, -0.99750191, -0.038935695, -0.078508146;
 0, 0, 0, 1]
Ow:
[0.19435349;
 -0.075932935;
 0.2231985]
Keyframe: 10 Frame: 115 Frame from vFrameID : 116
Tcw:
[0.99833399, -0.0027993936, 0.057631522, 0.22145559;
 0.057570741, -0.018354941, -0.9981727, -0.099618733;
 0.0038521013, 0.99982762, -0.018163199, 0.27015319;
 0, 0, 0, 1]
Twc:
[0.99833399, 0.057570741, 0.0038521013, -0.21639217;
 -0.0027993936, -0.018354941, 0.99982762, -0.27131516;
 0.057631522, -0.9981727, -0.018163199, -0.10729267;
 0, 0, 0, 1]
Ow:
[0.22145559;
 -0.099618733;
 0.27015319]
Keyframe: 11 Frame: 123 Frame from vFrameID : 124
Tcw:
[0.99993807, -0.010862839, -0.0024082672, 0.28023669;
 -0.0028081543, -0.03694864, -0.99931324, -0.14356396;
 0.010766397, 0.9992581, -0.036976855, 0.32859451;
 0, 0, 0, 1]
Twc:
[0.99993807, -0.0028081543, 0.010766397, -0.28416029;
 -0.010862839, -0.03694864, 0.9992581, -0.33061105;
 -0.0024082672, -0.99931324, -0.036976855, -0.13064009;
 0, 0, 0, 1]
Ow:
[0.28023669;
 -0.14356396;
 0.32859451]
Keyframe: 12 Frame: 132 Frame from vFrameID : 133
Tcw:
[0.99930531, -0.036011711, 0.0095974384, 0.35216358;
 0.0081105307, -0.041210838, -0.99911755, -0.15666835;
 0.036375452, 0.9985013, -0.040890131, 0.44369534;
 0, 0, 0, 1]
Twc:
[0.99930531, 0.0081105307, 0.036375452, -0.36678788;
 -0.036011711, -0.041210838, 0.9985013, -0.43680477;
 0.0095974384, -0.99911755, -0.040890131, -0.1417672;
 0, 0, 0, 1]
Ow:
[0.35216358;
 -0.15666835;
 0.44369534]
Keyframe: 13 Frame: 141 Frame from vFrameID : 142
Tcw:
[0.9997952, -0.020125175, 0.0021288057, 0.38557366;
 0.0012985171, -0.041179609, -0.99915093, -0.23300733;
 0.020195751, 0.99894905, -0.041145045, 0.47201324;
 0, 0, 0, 1]
Twc:
[0.9997952, 0.0012985171, 0.020195751, -0.39472482;
 -0.020125175, -0.041179609, 0.99894905, -0.47335258;
 0.0021288057, -0.99915093, -0.041145045, -0.21420929;
 0, 0, 0, 1]
Ow:
[0.38557366;
 -0.23300733;
 0.47201324]
Keyframe: 14 Frame: 150 Frame from vFrameID : 151
Tcw:
[0.99796432, -0.034718134, 0.053496189, 0.38982719;
 0.050752338, -0.075606234, -0.99584532, -0.12533566;
 0.038618535, 0.99653316, -0.073690303, 0.68858004;
 0, 0, 0, 1]
Twc:
[0.99796432, 0.050752338, 0.038618535, -0.4092645;
 -0.034718134, -0.075606234, 0.99653316, -0.68213499;
 0.053496189, -0.99584532, -0.073690303, -0.094927534;
 0, 0, 0, 1]
Ow:
[0.38982719;
 -0.12533566;
 0.68858004]
Keyframe: 15 Frame: 159 Frame from vFrameID : 160
Tcw:
[0.9992258, -0.034539793, 0.018836634, 0.39363939;
 0.016074851, -0.078563467, -0.9967795, -0.11732644;
 0.035908431, 0.99631059, -0.077947423, 0.74694324;
 0, 0, 0, 1]
Twc:
[0.9992258, 0.016074851, 0.035908431, -0.41827017;
 -0.034539793, -0.078563467, 0.99631059, -0.7398088;
 0.018836634, -0.9967795, -0.077947423, -0.066141136;
 0, 0, 0, 1]
Ow:
[0.39363939;
 -0.11732644;
 0.74694324]
Keyframe: 16 Frame: 168 Frame from vFrameID : 169
Tcw:
[0.99952632, -0.0041635735, 0.030491916, 0.40493053;
 0.030282572, -0.04344758, -0.99859667, -0.1285437;
 0.0054825307, 0.99904704, -0.043300916, 0.75454497;
 0, 0, 0, 1]
Twc:
[0.99952632, 0.030282572, 0.0054825307, -0.40498292;
 -0.0041635735, -0.04344758, 0.99904704, -0.75772488;
 0.030491916, -0.99859667, -0.043300916, -0.10803792;
 0, 0, 0, 1]
Ow:
[0.40493053;
 -0.1285437;
 0.75454497]
Keyframe: 17 Frame: 178 Frame from vFrameID : 179
Tcw:
[0.99760425, -0.0043661911, 0.069041289, 0.41001761;
 0.068559386, -0.070897765, -0.9951247, -0.10922135;
 0.009239777, 0.99747401, -0.070428565, 0.80194694;
 0, 0, 0, 1]
Twc:
[0.99760425, 0.068559386, 0.009239777, -0.40895697;
 -0.0043661911, -0.070897765, 0.99747401, -0.80587459;
 0.069041289, -0.9951247, -0.070428565, -0.080517024;
 0, 0, 0, 1]
Ow:
[0.41001761;
 -0.10922135;
 0.80194694]
Keyframe: 18 Frame: 189 Frame from vFrameID : 190
Tcw:
[0.99928844, -0.037604161, 0.0029292279, 0.47303623;
 -0.00025468908, -0.084386602, -0.99643308, -0.16887182;
 0.037717216, 0.99572325, -0.084336132, 0.86312121;
 0, 0, 0, 1]
Twc:
[0.99928844, -0.00025468908, 0.037717216, -0.50529712;
 -0.037604161, -0.084386602, 0.99572325, -0.8558923;
 0.0029292279, -0.99643308, -0.084336132, -0.096862786;
 0, 0, 0, 1]
Ow:
[0.47303623;
 -0.16887182;
 0.86312121]
Keyframe: 19 Frame: 200 Frame from vFrameID : 201
Tcw:
[0.99911213, -0.037056692, 0.02004255, 0.48048824;
 0.018522417, -0.040919688, -0.99899071, -0.15908793;
 0.037839428, 0.99847502, -0.040196978, 0.86910689;
 0, 0, 0, 1]
Twc:
[0.99911213, 0.018522417, 0.037839428, -0.51000148;
 -0.037056692, -0.040919688, 0.99847502, -0.85648608;
 0.02004255, -0.99899071, -0.040196978, -0.13362209;
 0, 0, 0, 1]
Ow:
[0.48048824;
 -0.15908793;
 0.86910689]
Keyframe: 20 Frame: 211 Frame from vFrameID : 212
Tcw:
[0.99729955, -0.048830245, 0.054856345, 0.51950598;
 0.052170288, -0.05468034, -0.99714005, -0.12377523;
 0.051690158, 0.99730921, -0.051985189, 1.0596037;
 0, 0, 0, 1]
Twc:
[0.99729955, 0.052170288, 0.051690158, -0.5664168;
 -0.048830245, -0.05468034, 0.99730921, -1.0381529;
 0.054856345, -0.99714005, -0.051985189, -0.096835747;
 0, 0, 0, 1]
Ow:
[0.51950598;
 -0.12377523;
 1.0596037]
Keyframe: 21 Frame: 222 Frame from vFrameID : 223
Tcw:
[0.9986912, -0.048932768, 0.014882961, 0.61395395;
 0.011838651, -0.061925713, -0.99801058, -0.24456552;
 0.049757056, 0.99688053, -0.061265368, 1.1072463;
 0, 0, 0, 1]
Twc:
[0.9986912, 0.011838651, 0.049757056, -0.66534835;
 -0.048932768, -0.061925713, 0.99688053, -1.0888947;
 0.014882961, -0.99801058, -0.061265368, -0.18538056;
 0, 0, 0, 1]
Ow:
[0.61395395;
 -0.24456552;
 1.1072463]
Keyframe: 22 Frame: 234 Frame from vFrameID : 235
Tcw:
[0.9954288, -0.071398914, 0.063432187, 0.62231201;
 0.059140991, -0.06069231, -0.99640292, -0.28931314;
 0.074991934, 0.99559963, -0.056192271, 1.249676;
 0, 0, 0, 1]
Twc:
[0.9954288, 0.059140991, 0.074991934, -0.6960727;
 -0.071398914, -0.06069231, 0.99559963, -1.2173036;
 0.063432187, -0.99640292, -0.056192271, -0.25752494;
 0, 0, 0, 1]
Ow:
[0.62231201;
 -0.28931314;
 1.249676]
Keyframe: 23 Frame: 245 Frame from vFrameID : 246
Tcw:
[0.99549472, -0.07159932, 0.062159676, 0.71930474;
 0.059911452, -0.033132929, -0.99765366, -0.34049791;
 0.073490851, 0.99688303, -0.028694035, 1.3040769;
 0, 0, 0, 1]
Twc:
[0.99549472, 0.059911452, 0.073490851, -0.791502;
 -0.07159932, -0.033132929, 0.99688303, -1.2597921;
 0.062159676, -0.99765366, -0.028694035, -0.34699151;
 0, 0, 0, 1]
Ow:
[0.71930474;
 -0.34049791;
 1.3040769]
Keyframe: 24 Frame: 257 Frame from vFrameID : 258
Tcw:
[0.99731684, -0.07295315, -0.0060781534, 0.75586939;
 -0.0088738799, -0.038059495, -0.99923605, -0.3748298;
 0.072666086, 0.99660891, -0.038604755, 1.3842686;
 0, 0, 0, 1]
Twc:
[0.99731684, -0.0088738799, 0.072666086, -0.85775685;
 -0.07295315, -0.038059495, 0.99660891, -1.3386972;
 -0.0060781534, -0.99923605, -0.038604755, -0.31650981;
 0, 0, 0, 1]
Ow:
[0.75586939;
 -0.3748298;
 1.3842686]
Keyframe: 25 Frame: 267 Frame from vFrameID : 268
Tcw:
[0.99835956, -0.053714134, 0.019822486, 0.77708781;
 0.016757341, -0.056925461, -0.99823779, -0.30599105;
 0.054747883, 0.99693245, -0.055931974, 1.4865663;
 0, 0, 0, 1]
Twc:
[0.99835956, 0.016757341, 0.054747883, -0.85207188;
 -0.053714134, -0.056925461, 0.99693245, -1.4576843;
 0.019822486, -0.99823779, -0.055931974, -0.23770906;
 0, 0, 0, 1]
Ow:
[0.77708781;
 -0.30599105;
 1.4865663]
Keyframe: 26 Frame: 277 Frame from vFrameID : 278
Tcw:
[0.99694937, -0.062961198, 0.046128906, 0.79326409;
 0.043817218, -0.037616402, -0.99833113, -0.41483018;
 0.064591326, 0.99730682, -0.034742862, 1.4817158;
 0, 0, 0, 1]
Twc:
[0.99694937, 0.043817218, 0.064591326, -0.86837339;
 -0.062961198, -0.037616402, 0.99730682, -1.4433848;
 0.046128906, -0.99833113, -0.034742862, -0.39925122;
 0, 0, 0, 1]
Ow:
[0.79326409;
 -0.41483018;
 1.4817158]
Keyframe: 27 Frame: 288 Frame from vFrameID : 289
Tcw:
[0.99610329, -0.086240664, 0.018459085, 0.84489703;
 0.013655452, -0.055961911, -0.99833953, -0.37035167;
 0.087130472, 0.99470139, -0.05456619, 1.5919392;
 0, 0, 0, 1]
Twc:
[0.99610329, 0.013655452, 0.087130472, -0.97525382;
 -0.086240664, -0.055961911, 0.99470139, -1.5313652;
 0.018459085, -0.99833953, -0.05456619, -0.29846665;
 0, 0, 0, 1]
Ow:
[0.84489703;
 -0.37035167;
 1.5919392]
Keyframe: 28 Frame: 298 Frame from vFrameID : 299
Tcw:
[0.99657398, -0.079297766, 0.023498304, 0.84777331;
 0.017902296, -0.070556901, -0.99734712, -0.3186636;
 0.080745362, 0.99435085, -0.068895556, 1.679629;
 0, 0, 0, 1]
Twc:
[0.99657398, 0.017902296, 0.080745362, -0.97478628;
 -0.079297766, -0.070556901, 0.99435085, -1.6253978;
 0.023498304, -0.99734712, -0.068895556, -0.22202046;
 0, 0, 0, 1]
Ow:
[0.84777331;
 -0.3186636;
 1.679629]
Keyframe: 29 Frame: 309 Frame from vFrameID : 310
Tcw:
[0.99705654, -0.072762497, 0.024163432, 0.92790776;
 0.020475755, -0.051007334, -0.99848837, -0.19814931;
 0.073885016, 0.9960441, -0.049367331, 1.8507482;
 0, 0, 0, 1]
Twc:
[0.99705654, 0.020475755, 0.073885016, -1.0578618;
 -0.072762497, -0.051007334, 0.9960441, -1.7860169;
 0.024163432, -0.99848837, -0.049367331, -0.12890473;
 0, 0, 0, 1]
Ow:
[0.92790776;
 -0.19814931;
 1.8507482]
Keyframe: 30 Frame: 321 Frame from vFrameID : 322
Tcw:
[0.99498701, -0.099247277, -0.012280875, 0.97087944;
 -0.015288495, -0.029600775, -0.9994449, -0.37758461;
 0.098828666, 0.99462241, -0.030969728, 1.8388332;
 0, 0, 0, 1]
Twc:
[0.99498701, -0.015288495, 0.098828666, -1.1535146;
 -0.099247277, -0.029600775, 0.99462241, -1.7437644;
 -0.012280875, -0.9994449, -0.030969728, -0.30850357;
 0, 0, 0, 1]
Ow:
[0.97087944;
 -0.37758461;
 1.8388332]
Keyframe: 31 Frame: 330 Frame from vFrameID : 331
Tcw:
[0.99510098, -0.098702863, -0.0056434069, 1.0027014;
 -0.012077958, -0.064715691, -0.99783063, -0.36802846;
 0.098123528, 0.9930104, -0.065590769, 1.9656456;
 0, 0, 0, 1]
Twc:
[0.99510098, -0.012077958, 0.098123528, -1.1951101;
 -0.098702863, -0.064715691, 0.9930104, -1.8767542;
 -0.0056434069, -0.99783063, -0.065590769, -0.23264323;
 0, 0, 0, 1]
Ow:
[1.0027014;
 -0.36802846;
 1.9656456]
Keyframe: 32 Frame: 342 Frame from vFrameID : 343
Tcw:
[0.99662369, -0.081704296, 0.0080997432, 1.0519317;
 0.0042422125, -0.047276881, -0.99887282, -0.43722218;
 0.08199513, 0.99553466, -0.046770651, 2.0599585;
 0, 0, 0, 1]
Twc:
[0.99662369, 0.0042422125, 0.08199513, -1.2154319;
 -0.081704296, -0.047276881, 0.99553466, -1.9854833;
 0.0080997432, -0.99887282, -0.046770651, -0.3489041;
 0, 0, 0, 1]
Ow:
[1.0519317;
 -0.43722218;
 2.0599585]
Keyframe: 33 Frame: 353 Frame from vFrameID : 354
Tcw:
[0.99556714, -0.087641373, -0.034132272, 1.0980324;
 -0.036988359, -0.031173427, -0.99882936, -0.47671992;
 0.086474754, 0.99566418, -0.034276951, 2.131521;
 0, 0, 0, 1]
Twc:
[0.99556714, -0.036988359, 0.086474754, -1.295121;
 -0.087641373, -0.031173427, 0.99566418, -2.0409071;
 -0.034132272, -0.99882936, -0.034276951, -0.36562148;
 0, 0, 0, 1]
Ow:
[1.0980324;
 -0.47671992;
 2.131521]
Keyframe: 34 Frame: 360 Frame from vFrameID : 361
Tcw:
[0.99768043, -0.068023518, 0.0025704729, 1.0915264;
 -0.00029628084, -0.042099964, -0.99911338, -0.51356721;
 0.068071418, 0.99679506, -0.042022463, 2.1350436;
 0, 0, 0, 1]
Twc:
[0.99768043, -0.00029628084, 0.068071418, -1.2344822;
 -0.068023518, -0.042099964, 0.99679506, -2.0755725;
 0.0025704729, -0.99911338, -0.042022463, -0.42619777;
 0, 0, 0, 1]
Ow:
[1.0915264;
 -0.51356721;
 2.1350436]
Keyframe: 35 Frame: 367 Frame from vFrameID : 368
Tcw:
[0.99716169, -0.058639407, 0.047222819, 1.0941854;
 0.044436418, -0.047945838, -0.99786103, -0.53865492;
 0.060778115, 0.99712718, -0.045204025, 2.156085;
 0, 0, 0, 1]
Twc:
[0.99716169, 0.044436418, 0.060778115, -1.1981865;
 -0.058639407, -0.047945838, 0.99712718, -2.1115549;
 0.047222819, -0.99786103, -0.045204025, -0.49170953;
 0, 0, 0, 1]
Ow:
[1.0941854;
 -0.53865492;
 2.156085]
Keyframe: 36 Frame: 375 Frame from vFrameID : 376
Tcw:
[0.99641013, -0.036153965, 0.076548778, 1.1124426;
 0.0752583, -0.035801049, -0.99652117, -0.59831738;
 0.03876872, 0.99870473, -0.032951646, 2.1611569;
 0, 0, 0, 1]
Twc:
[0.99641013, 0.0752583, 0.03876872, -1.1472059;
 -0.036153965, -0.035801049, 0.99870473, -2.1395588;
 0.076548778, -0.99652117, -0.032951646, -0.61017841;
 0, 0, 0, 1]
Ow:
[1.1124426;
 -0.59831738;
 2.1611569]
Keyframe: 37 Frame: 383 Frame from vFrameID : 384
Tcw:
[0.99722534, -0.010085865, 0.073755398, 0.97665608;
 0.0731287, -0.05254522, -0.99593735, -0.43237874;
 0.013920384, 0.99856764, -0.05166186, 2.3027122;
 0, 0, 0, 1]
Twc:
[0.99722534, 0.0731287, 0.013920384, -0.97438157;
 -0.010085865, -0.05254522, 0.99856764, -2.3122828;
 0.073755398, -0.99593735, -0.05166186, -0.3836934;
 0, 0, 0, 1]
Ow:
[0.97665608;
 -0.43237874;
 2.3027122]
Keyframe: 38 Frame: 392 Frame from vFrameID : 393
Tcw:
[0.99846154, 0.018409228, 0.052303731, 0.97573155;
 0.05186348, 0.023630802, -0.99837458, -0.47409108;
 -0.019615283, 0.99955124, 0.022639681, 2.3497021;
 0, 0, 0, 1]
Twc:
[0.99846154, 0.05186348, -0.019615283, -0.90355229;
 0.018409228, 0.023630802, 0.99955124, -2.3554068;
 0.052303731, -0.99837458, 0.022639681, -0.57755136;
 0, 0, 0, 1]
Ow:
[0.97573155;
 -0.47409108;
 2.3497021]
Keyframe: 39 Frame: 401 Frame from vFrameID : 402
Tcw:
[0.99768317, -0.064161219, 0.022620045, 1.121199;
 0.022866754, 0.0031133445, -0.99973369, -0.59170371;
 0.064073712, 0.9979347, 0.0045732902, 2.3098779;
 0, 0, 0, 1]
Twc:
[0.99768317, 0.022866754, 0.064073712, -1.2530733;
 -0.064161219, 0.0031133445, 0.9979347, -2.2313275;
 0.022620045, -0.99973369, 0.0045732902, -0.62747145;
 0, 0, 0, 1]
Ow:
[1.121199;
 -0.59170371;
 2.3098779]
Keyframe: 40 Frame: 411 Frame from vFrameID : 412
Tcw:
[0.99630064, -0.075548291, 0.040957738, 1.1342139;
 0.045036815, 0.053103473, -0.9975729, -0.55487025;
 0.073189929, 0.99572712, 0.056309476, 2.3280466;
 0, 0, 0, 1]
Twc:
[0.99630064, 0.045036815, 0.073189929, -1.2754179;
 -0.075548291, 0.053103473, 0.99572712, -2.2029457;
 0.040957738, -0.9975729, 0.056309476, -0.73106945;
 0, 0, 0, 1]
Ow:
[1.1342139;
 -0.55487025;
 2.3280466]
Keyframe: 41 Frame: 420 Frame from vFrameID : 421
Tcw:
[0.99442846, -0.10227449, -0.025534632, 1.1926332;
 -0.022692334, 0.028858783, -0.99932587, -0.57715923;
 0.10294244, 0.9943375, 0.026377147, 2.4069152;
 0, 0, 0, 1]
Twc:
[0.99442846, -0.022692334, 0.10294244, -1.4468591;
 -0.10227449, 0.028858783, 0.9943375, -2.2546542;
 -0.025534632, -0.99932587, 0.026377147, -0.60980427;
 0, 0, 0, 1]
Ow:
[1.1926332;
 -0.57715923;
 2.4069152]
Keyframe: 42 Frame: 428 Frame from vFrameID : 429
Tcw:
[0.9940691, -0.10875002, 3.552793e-05, 1.2082039;
 0.0042961105, 0.038943715, -0.99923217, -0.57103419;
 0.10866514, 0.99330598, 0.039179947, 2.4820659;
 0, 0, 0, 1]
Twc:
[0.9940691, 0.0042961105, 0.10866514, -1.4682992;
 -0.10875002, 0.038943715, 0.99330598, -2.3118205;
 3.552793e-05, -0.99923217, 0.039179947, -0.6678859;
 0, 0, 0, 1]
Ow:
[1.2082039;
 -0.57103419;
 2.4820659]
Keyframe: 43 Frame: 437 Frame from vFrameID : 438
Tcw:
[0.99363506, -0.088600203, 0.069565527, 1.2141705;
 0.071826041, 0.022582412, -0.99716151, -0.65057874;
 0.086777754, 0.99581122, 0.028802479, 2.4761982;
 0, 0, 0, 1]
Twc:
[0.99363506, 0.071826041, 0.086777754, -1.3745929;
 -0.088600203, 0.022582412, 0.99581122, -2.3435585;
 0.069565527, -0.99716151, 0.028802479, -0.80451715;
 0, 0, 0, 1]
Ow:
[1.2141705;
 -0.65057874;
 2.4761982]
Keyframe: 44 Frame: 446 Frame from vFrameID : 447
Tcw:
[0.9942261, -0.079221658, 0.072377115, 1.1422782;
 0.072431818, -0.0021867033, -0.99737096, -0.39272523;
 0.079171643, 0.9968546, 0.0035640912, 2.7144434;
 0, 0, 0, 1]
Twc:
[0.9942261, 0.072431818, 0.079171643, -1.3221439;
 -0.079221658, -0.0021867033, 0.9968546, -2.6162713;
 0.072377115, -0.99737096, 0.0035640912, -0.48404208;
 0, 0, 0, 1]
Ow:
[1.1422782;
 -0.39272523;
 2.7144434]
Keyframe: 45 Frame: 455 Frame from vFrameID : 456
Tcw:
[0.99175227, -0.1194359, 0.046503264, 1.2173532;
 0.048639964, 0.015035965, -0.99870318, -0.42929626;
 0.11858179, 0.99272805, 0.020721311, 2.7481272;
 0, 0, 0, 1]
Twc:
[0.99175227, 0.048639964, 0.11858179, -1.5123097;
 -0.1194359, 0.015035965, 0.99272805, -2.5762923;
 0.046503264, -0.99870318, 0.020721311, -0.54229528;
 0, 0, 0, 1]
Ow:
[1.2173532;
 -0.42929626;
 2.7481272]
Keyframe: 46 Frame: 465 Frame from vFrameID : 466
Tcw:
[0.99614525, -0.070997894, 0.051516138, 1.2601774;
 0.05319228, 0.021922229, -0.99834365, -0.42881674;
 0.06975095, 0.99723554, 0.025614263, 2.8929887;
 0, 0, 0, 1]
Twc:
[0.99614525, 0.05319228, 0.06975095, -1.4342985;
 -0.070997894, 0.021922229, 0.99723554, -2.7861204;
 0.051516138, -0.99834365, 0.025614263, -0.5671277;
 0, 0, 0, 1]
Ow:
[1.2601774;
 -0.42881674;
 2.8929887]
Keyframe: 47 Frame: 475 Frame from vFrameID : 476
Tcw:
[0.99223936, -0.092717484, 0.082852244, 1.2257065;
 0.085255086, 0.022255313, -0.99611056, -0.53908181;
 0.090512969, 0.9954437, 0.029987235, 2.9645867;
 0, 0, 0, 1]
Twc:
[0.99223936, 0.085255086, 0.090512969, -1.4385682;
 -0.092717484, 0.022255313, 0.9954437, -2.8254375;
 0.082852244, -0.99611056, 0.029987235, -0.72743738;
 0, 0, 0, 1]
Ow:
[1.2257065;
 -0.53908181;
 2.9645867]
Keyframe: 48 Frame: 485 Frame from vFrameID : 486
Tcw:
[0.99217308, -0.11714888, 0.043229461, 1.2459391;
 0.042633139, -0.0075925482, -0.99906194, -0.42969096;
 0.11736721, 0.99308532, -0.0025386971, 3.0623128;
 0, 0, 0, 1]
Twc:
[0.99217308, 0.042633139, 0.11736721, -1.5772833;
 -0.11714888, -0.0075925482, 0.99308532, -2.8984401;
 0.043229461, -0.99906194, -0.0025386971, -0.47537488;
 0, 0, 0, 1]
Ow:
[1.2459391;
 -0.42969096;
 3.0623128]
Keyframe: 49 Frame: 495 Frame from vFrameID : 496
Tcw:
[0.99369967, -0.10709582, 0.033037607, 1.2802253;
 0.034061328, 0.0077433987, -0.99938977, -0.52224064;
 0.10677464, 0.99421853, 0.011342438, 3.0638773;
 0, 0, 0, 1]
Twc:
[0.99369967, 0.034061328, 0.10677464, -1.5815157;
 -0.10709582, 0.0077433987, 0.99421853, -2.9050131;
 0.033037607, -0.99938977, 0.011342438, -0.59896934;
 0, 0, 0, 1]
Ow:
[1.2802253;
 -0.52224064;
 3.0638773]
Keyframe: 50 Frame: 505 Frame from vFrameID : 506
Tcw:
[0.99264538, -0.099870838, 0.068417139, 1.2726805;
 0.068831079, 0.00070080569, -0.99762809, -0.51923543;
 0.099586003, 0.99500018, 0.0075698686, 3.1013486;
 0, 0, 0, 1]
Twc:
[0.99264538, 0.068831079, 0.099586003, -1.5364319;
 -0.099870838, 0.00070080569, 0.99500018, -2.9583747;
 0.068417139, -0.99762809, 0.0075698686, -0.62855381;
 0, 0, 0, 1]
Ow:
[1.2726805;
 -0.51923543;
 3.1013486]
Keyframe: 51 Frame: 515 Frame from vFrameID : 516
Tcw:
[0.99390042, -0.10128295, 0.043632269, 1.332039;
 0.046402011, 0.025152564, -0.99860615, -0.5750308;
 0.10004431, 0.99453968, 0.029698877, 3.1280971;
 0, 0, 0, 1]
Twc:
[0.99390042, 0.046402011, 0.10004431, -1.6101797;
 -0.10128295, 0.025152564, 0.99453968, -2.9616399;
 0.043632269, -0.99860615, 0.029698877, -0.72525012;
 0, 0, 0, 1]
Ow:
[1.332039;
 -0.5750308;
 3.1280971]
Keyframe: 52 Frame: 526 Frame from vFrameID : 527
Tcw:
[0.99382234, -0.10984235, 0.01586931, 1.4506657;
 0.017879136, 0.017336626, -0.99968982, -0.60089064;
 0.10953316, 0.99379784, 0.019193413, 3.2375371;
 0, 0, 0, 1]
Twc:
[0.99382234, 0.017879136, 0.10953316, -1.7855783;
 -0.10984235, 0.017336626, 0.99379784, -3.0476954;
 0.01586931, -0.99968982, 0.019193413, -0.68586469;
 0, 0, 0, 1]
Ow:
[1.4506657;
 -0.60089064;
 3.2375371]
Keyframe: 53 Frame: 537 Frame from vFrameID : 538
Tcw:
[0.98901427, -0.13916165, 0.049848296, 1.3492844;
 0.048898969, -0.010234662, -0.99875128, -0.69731694;
 0.13949805, 0.99021679, -0.0033173654, 3.2594814;
 0, 0, 0, 1]
Twc:
[0.98901427, 0.048898969, 0.13949805, -1.7550547;
 -0.13916165, -0.010234662, 0.99021679, -3.0469613;
 0.049848296, -0.99875128, -0.0033173654, -0.75289285;
 0, 0, 0, 1]
Ow:
[1.3492844;
 -0.69731694;
 3.2594814]
Keyframe: 54 Frame: 547 Frame from vFrameID : 548
Tcw:
[0.99040985, -0.12757286, 0.053042728, 1.4656721;
 0.054336626, 0.0066812751, -0.99850035, -0.70588142;
 0.12702715, 0.99180669, 0.013549079, 3.330843;
 0, 0, 0, 1]
Twc:
[0.99040985, 0.054336626, 0.12702715, -1.8363683;
 -0.12757286, 0.0066812751, 0.99180669, -3.1118562;
 0.053042728, -0.99850035, 0.013549079, -0.82769591;
 0, 0, 0, 1]
Ow:
[1.4656721;
 -0.70588142;
 3.330843]
Keyframe: 55 Frame: 556 Frame from vFrameID : 557
Tcw:
[0.98787522, -0.15498781, 0.0090206359, 1.4874247;
 0.0056147152, -0.022399131, -0.99973333, -0.72833192;
 0.15514855, 0.98766243, -0.021257333, 3.4424646;
 0, 0, 0, 1]
Twc:
[0.98787522, 0.0056147152, 0.15514855, -1.9993938;
 -0.15498781, -0.022399131, 0.98766243, -3.1857741;
 0.0090206359, -0.99973333, -0.021257333, -0.66837758;
 0, 0, 0, 1]
Ow:
[1.4874247;
 -0.72833192;
 3.4424646]
Keyframe: 56 Frame: 563 Frame from vFrameID : 564
Tcw:
[0.98873538, -0.14814313, 0.021352733, 1.4880507;
 0.021410093, -0.0012076548, -0.99977005, -0.71724719;
 0.14813484, 0.98896521, 0.0019777068, 3.4945116;
 0, 0, 0, 1]
Twc:
[0.98873538, 0.021410093, 0.14813484, -1.9735911;
 -0.14814313, -0.0012076548, 0.98896521, -3.236372;
 0.021352733, -0.99977005, 0.0019777068, -0.75576735;
 0, 0, 0, 1]
Ow:
[1.4880507;
 -0.71724719;
 3.4945116]
Keyframe: 57 Frame: 570 Frame from vFrameID : 571
Tcw:
[0.98958158, -0.14189981, 0.024346106, 1.5039135;
 0.02412422, -0.0032840525, -0.99970359, -0.75430936;
 0.14193769, 0.98987556, 0.000173384, 3.5042412;
 0, 0, 0, 1]
Twc:
[0.98958158, 0.02412422, 0.14193769, -1.9674319;
 -0.14189981, -0.0032840525, 0.98987556, -3.2578351;
 0.024346106, -0.99970359, 0.000173384, -0.79130775;
 0, 0, 0, 1]
Ow:
[1.5039135;
 -0.75430936;
 3.5042412]
Keyframe: 58 Frame: 577 Frame from vFrameID : 578
Tcw:
[0.98846489, -0.13795292, 0.062499117, 1.5290745;
 0.063097231, -3.7553698e-05, -0.99800736, -0.72981584;
 0.1376804, 0.99043876, 0.0086673275, 3.5603318;
 0, 0, 0, 1]
Twc:
[0.98846489, 0.063097231, 0.1376804, -1.955575;
 -0.13795292, -3.7553698e-05, 0.99043876, -3.315378;
 0.062499117, -0.99800736, 0.0086673275, -0.85478598;
 0, 0, 0, 1]
Ow:
[1.5290745;
 -0.72981584;
 3.5603318]
Keyframe: 59 Frame: 585 Frame from vFrameID : 586
Tcw:
[0.98667127, -0.16073462, 0.025379991, 1.5539719;
 0.024658339, -0.0064831404, -0.99967492, -0.72588378;
 0.1608469, 0.98697639, -0.00243328, 3.6225836;
 0, 0, 0, 1]
Twc:
[0.98667127, 0.024658339, 0.1608469, -2.0980418;
 -0.16073462, -0.0064831404, 0.98697639, -3.330333;
 0.025379991, -0.99967492, -0.00243328, -0.75627285;
 0, 0, 0, 1]
Ow:
[1.5539719;
 -0.72588378;
 3.6225836]
Keyframe: 60 Frame: 594 Frame from vFrameID : 595
Tcw:
[0.98009497, -0.19849312, -0.0037884612, 1.5771224;
 -0.0047988323, -0.0046093999, -0.99997789, -0.7334038;
 0.19847126, 0.98009145, -0.0054701846, 3.6629395;
 0, 0, 0, 1]
Twc:
[0.98009497, -0.0047988323, 0.19847126, -2.2762375;
 -0.19849312, -0.0046093999, 0.98009145, -3.2803483;
 -0.0037884612, -0.99997789, -0.0054701846, -0.70737571;
 0, 0, 0, 1]
Ow:
[1.5771224;
 -0.7334038;
 3.6629395]
Keyframe: 61 Frame: 602 Frame from vFrameID : 603
Tcw:
[0.98517519, -0.17139493, -0.0073222364, 1.6061152;
 -0.010765545, -0.019169072, -0.9997583, -0.77782714;
 0.17121314, 0.98501593, -0.020730054, 3.7410538;
 0, 0, 0, 1]
Twc:
[0.98517519, -0.010765545, 0.17121314, -2.2311962;
 -0.17139493, -0.019169072, 0.98501593, -3.4246278;
 -0.0073222364, -0.9997583, -0.020730054, -0.68832654;
 0, 0, 0, 1]
Ow:
[1.6061152;
 -0.77782714;
 3.7410538]
Keyframe: 62 Frame: 610 Frame from vFrameID : 611
Tcw:
[0.98432684, -0.1681696, 0.053100113, 1.5483707;
 0.050590236, -0.019177141, -0.99853534, -0.71160865;
 0.1689416, 0.9855715, -0.010368835, 3.781966;
 0, 0, 0, 1]
Twc:
[0.98432684, 0.050590236, 0.1689416, -2.1270339;
 -0.1681696, -0.019177141, 0.9855715, -3.4806559;
 0.053100113, -0.99853534, -0.010368835, -0.75357044;
 0, 0, 0, 1]
Ow:
[1.5483707;
 -0.71160865;
 3.781966]
Keyframe: 63 Frame: 620 Frame from vFrameID : 621
Tcw:
[0.98229027, -0.18695763, -0.012354237, 1.6445811;
 -0.013790719, -0.0063847546, -0.99988455, -0.73481184;
 0.18685716, 0.98234725, -0.0088499626, 3.7915962;
 0, 0, 0, 1]
Twc:
[0.98229027, -0.013790719, 0.18685716, -2.3340764;
 -0.18695763, -0.0063847546, 0.98234725, -3.4218886;
 -0.012354237, -0.99988455, -0.0088499626, -0.68085396;
 0, 0, 0, 1]
Ow:
[1.6445811;
 -0.73481184;
 3.7915962]
Keyframe: 64 Frame: 630 Frame from vFrameID : 631
Tcw:
[0.98259437, -0.18560728, 0.0076284767, 1.6476835;
 0.0099776126, 0.011725692, -0.99988145, -0.72546613;
 0.18549584, 0.98255402, 0.013373516, 3.8952875;
 0, 0, 0, 1]
Twc:
[0.98259437, 0.0099776126, 0.18549584, -2.3343258;
 -0.18560728, 0.011725692, 0.98255402, -3.5130019;
 0.0076284767, -0.99988145, 0.013373516, -0.79004312;
 0, 0, 0, 1]
Ow:
[1.6476835;
 -0.72546613;
 3.8952875]
Keyframe: 65 Frame: 638 Frame from vFrameID : 639
Tcw:
[0.98741114, -0.1535766, 0.037860956, 1.6777575;
 0.03493442, -0.021710867, -0.99915373, -0.78563142;
 0.15426864, 0.98789823, -0.016072443, 4.0096979;
 0, 0, 0, 1]
Twc:
[0.98741114, 0.03493442, 0.15426864, -2.2477615;
 -0.1535766, -0.021710867, 0.98789823, -3.7205653;
 0.037860956, -0.99915373, -0.016072443, -0.78404248;
 0, 0, 0, 1]
Ow:
[1.6777575;
 -0.78563142;
 4.0096979]
Keyframe: 66 Frame: 647 Frame from vFrameID : 648
Tcw:
[0.9864068, -0.14872918, 0.06986583, 1.7438399;
 0.06816151, -0.016532058, -0.99753731, -0.82777834;
 0.14951794, 0.98873979, -0.0061697294, 4.0566649;
 0, 0, 0, 1]
Twc:
[0.9864068, 0.06816151, 0.14951794, -2.270257;
 -0.14872918, -0.016532058, 0.98873979, -3.7653112;
 0.06986583, -0.99753731, -0.0061697294, -0.92254609;
 0, 0, 0, 1]
Ow:
[1.7438399;
 -0.82777834;
 4.0566649]
Keyframe: 67 Frame: 657 Frame from vFrameID : 658
Tcw:
[0.99024791, -0.13071644, 0.048189692, 1.770806;
 0.046510115, -0.015873434, -0.99879169, -0.75115019;
 0.13132343, 0.99129272, -0.0096389996, 4.2129154;
 0, 0, 0, 1]
Twc:
[0.99024791, 0.046510115, 0.13132343, -2.2718554;
 -0.13071644, -0.015873434, 0.99129272, -3.9566822;
 0.048189692, -0.99879169, -0.0096389996, -0.7949689;
 0, 0, 0, 1]
Ow:
[1.770806;
 -0.75115019;
 4.2129154]
Keyframe: 68 Frame: 668 Frame from vFrameID : 669
Tcw:
[0.98832905, -0.12028166, 0.093477435, 1.7843814;
 0.091598183, -0.021071205, -0.9955731, -0.8573494;
 0.12171887, 0.99251616, -0.0098077012, 4.3105297;
 0, 0, 0, 1]
Twc:
[0.98832905, 0.091598183, 0.12171887, -2.209697;
 -0.12028166, -0.021071205, 0.99251616, -4.081707;
 0.093477435, -0.9955731, -0.0098077012, -0.97807699;
 0, 0, 0, 1]
Ow:
[1.7843814;
 -0.8573494;
 4.3105297]
Keyframe: 69 Frame: 677 Frame from vFrameID : 678
Tcw:
[0.9853785, -0.12463354, 0.11617092, 1.7932054;
 0.11585863, -0.0097758593, -0.99321759, -0.81936008;
 0.1249239, 0.99215466, 0.0048069498, 4.3618822;
 0, 0, 0, 1]
Twc:
[0.9853785, 0.11585863, 0.1249239, -2.2169592;
 -0.12463354, -0.0097758593, 0.99215466, -4.1121783;
 0.11617092, -0.99321759, 0.0048069498, -1.0430886;
 0, 0, 0, 1]
Ow:
[1.7932054;
 -0.81936008;
 4.3618822]
Keyframe: 70 Frame: 687 Frame from vFrameID : 688
Tcw:
[0.98046929, -0.18290871, 0.072279625, 1.6447899;
 0.071447819, -0.01114226, -0.9973821, -0.66169101;
 0.18323524, 0.98306674, 0.0021437842, 4.4277263;
 0, 0, 0, 1]
Twc:
[0.98046929, 0.071447819, 0.18323524, -2.3767052;
 -0.18290871, -0.01114226, 0.98306674, -4.0592771;
 0.072279625, -0.9973821, 0.0021437842, -0.78833562;
 0, 0, 0, 1]
Ow:
[1.6447899;
 -0.66169101;
 4.4277263]
Keyframe: 71 Frame: 696 Frame from vFrameID : 697
Tcw:
[0.98453832, -0.15456307, 0.08242888, 1.6274673;
 0.080977589, -0.015673075, -0.9965927, -0.73799688;
 0.15532835, 0.98785859, -0.002914598, 4.4488873;
 0, 0, 0, 1]
Twc:
[0.98453832, 0.080977589, 0.15532835, -2.2335811;
 -0.15456307, -0.015673075, 0.98785859, -4.1548915;
 0.08242888, -0.9965927, -0.002914598, -0.85666585;
 0, 0, 0, 1]
Ow:
[1.6274673;
 -0.73799688;
 4.4488873]
Keyframe: 72 Frame: 705 Frame from vFrameID : 706
Tcw:
[0.98778784, -0.12814917, 0.088616967, 1.6850853;
 0.08715304, -0.016997455, -0.99604994, -0.72649753;
 0.12914923, 0.99160922, -0.0056212894, 4.4679928;
 0, 0, 0, 1]
Twc:
[0.98778784, 0.08715304, 0.12914923, -2.1782281;
 -0.12814917, -0.016997455, 0.99160922, -4.2269096;
 0.088616967, -0.99604994, -0.0056212894, -0.847839;
 0, 0, 0, 1]
Ow:
[1.6850853;
 -0.72649753;
 4.4679928]
Keyframe: 73 Frame: 715 Frame from vFrameID : 716
Tcw:
[0.98087054, -0.17412974, 0.087016135, 1.75858;
 0.087847687, -0.00294112, -0.99612957, -0.57952499;
 0.17371172, 0.98471832, 0.012412037, 4.6542149;
 0, 0, 0, 1]
Twc:
[0.98087054, 0.087847687, 0.17371172, -2.4825208;
 -0.17412974, -0.00294112, 0.98471832, -4.278574;
 0.087016135, -0.99612957, 0.012412037, -0.78807509;
 0, 0, 0, 1]
Ow:
[1.75858;
 -0.57952499;
 4.6542149]
Keyframe: 74 Frame: 724 Frame from vFrameID : 725
Tcw:
[0.98280841, -0.16526961, 0.082301818, 1.6988139;
 0.082742818, -0.0042265938, -0.99656194, -0.53358656;
 0.16504927, 0.98623937, 0.0095209414, 4.647893;
 0, 0, 0, 1]
Twc:
[0.98280841, 0.082742818, 0.16504927, -2.3925896;
 -0.16526961, -0.0042265938, 0.98623937, -4.305428;
 0.082301818, -0.99656194, 0.0095209414, -0.7158199;
 0, 0, 0, 1]
Ow:
[1.6988139;
 -0.53358656;
 4.647893]
Keyframe: 75 Frame: 734 Frame from vFrameID : 735
Tcw:
[0.98368633, -0.14858161, 0.10141378, 1.7374194;
 0.098566063, -0.02642503, -0.99477959, -0.59838337;
 0.15048581, 0.98854703, -0.011348838, 4.7941308;
 0, 0, 0, 1]
Twc:
[0.98368633, 0.098566063, 0.15048581, -2.3715441;
 -0.14858161, -0.02642503, 0.98854703, -4.4968877;
 0.10141378, -0.99477959, -0.011348838, -0.71705002;
 0, 0, 0, 1]
Ow:
[1.7374194;
 -0.59838337;
 4.7941308]
Keyframe: 76 Frame: 745 Frame from vFrameID : 746
Tcw:
[0.97917503, -0.11443014, 0.16769633, 1.774635;
 0.17130166, 0.022366013, -0.98496473, -0.69102407;
 0.10895896, 0.9931795, 0.041502316, 4.8293757;
 0, 0, 0, 1]
Twc:
[0.97917503, 0.17130166, 0.10895896, -2.1455083;
 -0.11443014, 0.022366013, 0.9931795, -4.5779099;
 0.16769633, -0.98496473, 0.041502316, -1.1786643;
 0, 0, 0, 1]
Ow:
[1.774635;
 -0.69102407;
 4.8293757]
Keyframe: 77 Frame: 752 Frame from vFrameID : 753
Tcw:
[0.9848873, -0.14406347, 0.096138828, 1.8442259;
 0.097056799, -0.00065882248, -0.9952786, -0.55419946;
 0.14344664, 0.98956823, 0.013333473, 5.0220647;
 0, 0, 0, 1]
Twc:
[0.9848873, 0.097056799, 0.14344664, -2.482964;
 -0.14406347, -0.00065882248, 0.98956823, -4.7043548;
 0.096138828, -0.9952786, 0.013333473, -0.79584622;
 0, 0, 0, 1]
Ow:
[1.8442259;
 -0.55419946;
 5.0220647]
Keyframe: 78 Frame: 762 Frame from vFrameID : 763
Tcw:
[0.97610575, -0.20202769, 0.080014668, 1.8421123;
 0.08673007, 0.024594961, -0.99592823, -0.69824541;
 0.19923711, 0.97907096, 0.04152916, 5.0218196;
 0, 0, 0, 1]
Twc:
[0.97610575, 0.08673007, 0.19923711, -2.7380705;
 -0.20202769, 0.024594961, 0.97907096, -4.5273867;
 0.080014668, -0.99592823, 0.04152916, -1.0513501;
 0, 0, 0, 1]
Ow:
[1.8421123;
 -0.69824541;
 5.0218196]
Keyframe: 79 Frame: 772 Frame from vFrameID : 773
Tcw:
[0.97648424, -0.17392012, 0.12739828, 1.8253955;
 0.13289206, 0.020268366, -0.99092323, -0.75219834;
 0.16975933, 0.98455113, 0.042904343, 5.0397835;
 0, 0, 0, 1]
Twc:
[0.97648424, 0.13289206, 0.16975933, -2.538059;
 -0.17392012, 0.020268366, 0.98455113, -4.6292062;
 0.12739828, -0.99092323, 0.042904343, -1.1941516;
 0, 0, 0, 1]
Ow:
[1.8253955;
 -0.75219834;
 5.0397835]
Keyframe: 80 Frame: 780 Frame from vFrameID : 781
Tcw:
[0.98170489, -0.16542736, 0.094283238, 1.8625559;
 0.098403022, 0.016868781, -0.99500364, -0.6266228;
 0.16301039, 0.98607773, 0.032838717, 5.1234579;
 0, 0, 0, 1]
Twc:
[0.98170489, 0.098403022, 0.16301039, -2.6019955;
 -0.16542736, 0.016868781, 0.98607773, -4.7334394;
 0.094283238, -0.99500364, 0.032838717, -0.96734756;
 0, 0, 0, 1]
Ow:
[1.8625559;
 -0.6266228;
 5.1234579]
Keyframe: 81 Frame: 787 Frame from vFrameID : 788
Tcw:
[0.98246551, -0.18132707, 0.043382663, 1.8986167;
 0.050587062, 0.035295289, -0.99809581, -0.65602648;
 0.17945059, 0.98278928, 0.043849207, 5.1487403;
 0, 0, 0, 1]
Twc:
[0.98246551, 0.050587062, 0.17945059, -2.7560833;
 -0.18132707, 0.035295289, 0.98278928, -4.6927013;
 0.043382663, -0.99809581, 0.043849207, -0.96291244;
 0, 0, 0, 1]
Ow:
[1.8986167;
 -0.65602648;
 5.1487403]
Keyframe: 82 Frame: 793 Frame from vFrameID : 794
Tcw:
[0.97784323, -0.20419613, 0.046114661, 1.8799814;
 0.056070004, 0.043236613, -0.99749023, -0.69846022;
 0.20168979, 0.97797471, 0.053727906, 5.1603923;
 0, 0, 0, 1]
Twc:
[0.97784323, 0.056070004, 0.20168979, -2.839963;
 -0.20419613, 0.043236613, 0.97797471, -4.6326494;
 0.046114661, -0.99749023, 0.053727906, -1.0606591;
 0, 0, 0, 1]
Ow:
[1.8799814;
 -0.69846022;
 5.1603923]
Keyframe: 83 Frame: 800 Frame from vFrameID : 801
Tcw:
[0.97495496, -0.19610694, 0.10490424, 1.8835969;
 0.1097215, 0.013832989, -0.99386609, -0.68322229;
 0.19345289, 0.98048496, 0.035003688, 5.2047143;
 0, 0, 0, 1]
Twc:
[0.97495496, 0.1097215, 0.19345289, -2.7683251;
 -0.19610694, 0.013832989, 0.98048496, -4.7243066;
 0.10490424, -0.99386609, 0.035003688, -1.058813;
 0, 0, 0, 1]
Ow:
[1.8835969;
 -0.68322229;
 5.2047143]
Keyframe: 84 Frame: 807 Frame from vFrameID : 808
Tcw:
[0.9805547, -0.13789624, 0.1396319, 1.8801603;
 0.14481263, 0.028230572, -0.98905629, -0.6581018;
 0.13244525, 0.9900443, 0.047650736, 5.2252212;
 0, 0, 0, 1]
Twc:
[0.9805547, 0.14481263, 0.13244525, -2.4403543;
 -0.13789624, 0.028230572, 0.9900443, -4.8953547;
 0.1396319, -0.98905629, 0.047650736, -1.1624157;
 0, 0, 0, 1]
Ow:
[1.8801603;
 -0.6581018;
 5.2252212]
Keyframe: 85 Frame: 814 Frame from vFrameID : 815
Tcw:
[0.98085898, -0.12441869, 0.14978532, 1.8991717;
 0.15586069, 0.0405677, -0.98694563, -0.65830171;
 0.11671804, 0.99140012, 0.059183173, 5.2599239;
 0, 0, 0, 1]
Twc:
[0.98085898, 0.15586069, 0.11671804, -2.3741443;
 -0.12441869, 0.0405677, 0.99140012, -4.9516912;
 0.14978532, -0.98694563, 0.059183173, -1.2454751;
 0, 0, 0, 1]
Ow:
[1.8991717;
 -0.65830171;
 5.2599239]
Keyframe: 86 Frame: 821 Frame from vFrameID : 822
Tcw:
[0.98900473, -0.091117285, 0.11647858, 1.9274765;
 0.11825681, 0.014348077, -0.99287939, -0.64152133;
 0.088797227, 0.99573678, 0.024965554, 5.2875676;
 0, 0, 0, 1]
Twc:
[0.98900473, 0.11825681, 0.088797227, -2.2999406;
 -0.091117285, 0.014348077, 0.99573678, -5.0801945;
 0.11647858, -0.99287939, 0.024965554, -0.99347013;
 0, 0, 0, 1]
Ow:
[1.9274765;
 -0.64152133;
 5.2875676]
Keyframe: 87 Frame: 829 Frame from vFrameID : 830
Tcw:
[0.98594826, -0.12463747, 0.11122748, 1.9550411;
 0.11418954, 0.01685646, -0.99331599, -0.70957142;
 0.12192949, 0.99205917, 0.030851893, 5.3504438;
 0, 0, 0, 1]
Twc:
[0.98594826, 0.11418954, 0.12192949, -2.4989207;
 -0.12463747, 0.01685646, 0.99205917, -5.0523243;
 0.11122748, -0.99331599, 0.030851893, -1.0873542;
 0, 0, 0, 1]
Ow:
[1.9550411;
 -0.70957142;
 5.3504438]
Keyframe: 88 Frame: 839 Frame from vFrameID : 840
Tcw:
[0.98527163, -0.1159298, 0.1256983, 1.968598;
 0.13005941, 0.030824145, -0.99102694, -0.71385086;
 0.11101502, 0.99277902, 0.04544792, 5.3760486;
 0, 0, 0, 1]
Twc:
[0.98527163, 0.13005941, 0.11101502, -2.443583;
 -0.1159298, 0.030824145, 0.99277902, -5.0870047;
 0.1256983, -0.99102694, 0.04544792, -1.1992251;
 0, 0, 0, 1]
Ow:
[1.968598;
 -0.71385086;
 5.3760486]
Keyframe: 89 Frame: 847 Frame from vFrameID : 848
Tcw:
[0.98468536, -0.094262436, 0.14666069, 1.985389;
 0.14726131, -0.00059048843, -0.98909748, -0.76910198;
 0.093321338, 0.99554724, 0.013299763, 5.4249315;
 0, 0, 0, 1]
Twc:
[0.98468536, 0.14726131, 0.093321338, -2.3479862;
 -0.094262436, -0.00059048843, 0.99554724, -5.2140822;
 0.14666069, -0.98909748, 0.013299763, -1.1240456;
 0, 0, 0, 1]
Ow:
[1.985389;
 -0.76910198;
 5.4249315]
Keyframe: 90 Frame: 856 Frame from vFrameID : 857
Tcw:
[0.98025095, -0.14140451, 0.1382491, 2.0107224;
 0.14580806, 0.044520658, -0.98831064, -0.80534959;
 0.13359663, 0.98895031, 0.064259335, 5.4575858;
 0, 0, 0, 1]
Twc:
[0.98025095, 0.14580806, 0.13359663, -2.5827012;
 -0.14140451, 0.044520658, 0.98895031, -5.0771008;
 0.1382491, -0.98831064, 0.064259335, -1.4246169;
 0, 0, 0, 1]
Ow:
[2.0107224;
 -0.80534959;
 5.4575858]
