Keyframe: 0 Frame: 0 Frame from vFrameID : 95
Tcw:
[0.99821275, -0.015268439, -0.057776891, 0.074321084;
 -0.057907231, -0.0082365554, -0.99828798, -0.011684898;
 0.014766417, 0.9998495, -0.0091059878, -0.067607112;
 0, 0, 0, 1]
Twc:
[0.99821275, -0.057907231, 0.014766417, -0.073866583;
 -0.015268439, -0.0082365554, 0.9998495, 0.068635456;
 -0.057776891, -0.99828798, -0.0091059878, -0.0079864813;
 0, 0, 0, 1]
Ow:
[0.074321084;
 -0.011684898;
 -0.067607112]
Keyframe: 1 Frame: 142 Frame from vFrameID : 95
Tcw:
[0.99867034, -0.018621946, -0.048069987, 0.068366364;
 -0.04838964, -0.017112603, -0.9986819, -0.016428277;
 0.017774798, 0.99968016, -0.017990958, -0.063736022;
 0, 0, 0, 1]
Twc:
[0.99867034, -0.04838964, 0.017774798, -0.067937523;
 -0.018621946, -0.017112603, 0.99968016, 0.064707622;
 -0.048069987, -0.9986819, -0.017990958, -0.014266925;
 0, 0, 0, 1]
Ow:
[0.068366364;
 -0.016428277;
 -0.063736022]
Keyframe: 2 Frame: 146 Frame from vFrameID : 147
Tcw:
[0.99912328, -0.024202442, -0.034160219, 0.071406923;
 -0.034626342, -0.019109303, -0.99921763, -0.015684446;
 0.023530729, 0.99952441, -0.019930592, -0.067970328;
 0, 0, 0, 1]
Twc:
[0.99912328, -0.034626342, 0.023530729, -0.070288025;
 -0.024202442, -0.019109303, 0.99952441, 0.069366515;
 -0.034160219, -0.99921763, -0.019930592, -0.014587588;
 0, 0, 0, 1]
Ow:
[0.071406923;
 -0.015684446;
 -0.067970328]
Keyframe: 3 Frame: 149 Frame from vFrameID : 150
Tcw:
[0.99929988, -0.035850521, -0.010699124, 0.053129733;
 -0.011722642, -0.028462088, -0.99952614, -0.025103612;
 0.03552901, 0.99895179, -0.028862424, -0.065482102;
 0, 0, 0, 1]
Twc:
[0.99929988, -0.011722642, 0.03552901, -0.0510603;
 -0.035850521, -0.028462088, 0.99895179, 0.066603683;
 -0.010699124, -0.99952614, -0.028862424, -0.026413247;
 0, 0, 0, 1]
Ow:
[0.053129733;
 -0.025103612;
 -0.065482102]
Keyframe: 4 Frame: 151 Frame from vFrameID : 152
Tcw:
[0.99927282, -0.036448784, -0.011192854, 0.049161922;
 -0.012537736, -0.036880795, -0.99924099, -0.024477895;
 0.036008317, 0.99865472, -0.037310962, -0.062061742;
 0, 0, 0, 1]
Twc:
[0.99927282, -0.012537736, 0.036008317, -0.047198329;
 -0.036448784, -0.036880795, 0.99865472, 0.062867381;
 -0.011192854, -0.99924099, -0.037310962, -0.026224639;
 0, 0, 0, 1]
Ow:
[0.049161922;
 -0.024477895;
 -0.062061742]
Keyframe: 5 Frame: 154 Frame from vFrameID : 155
Tcw:
[0.99912632, -0.041081768, -0.0076749818, 0.045615584;
 -0.0088677676, -0.028931398, -0.99954206, -0.023317173;
 0.040840909, 0.99873686, -0.029270424, -0.062694229;
 0, 0, 0, 1]
Twc:
[0.99912632, -0.0088677676, 0.040840909, -0.04322201;
 -0.041081768, -0.028931398, 0.99873686, 0.063814402;
 -0.0076749818, -0.99954206, -0.029270424, -0.024791483;
 0, 0, 0, 1]
Ow:
[0.045615584;
 -0.023317173;
 -0.062694229]
Keyframe: 6 Frame: 158 Frame from vFrameID : 159
Tcw:
[0.99832147, -0.056462593, -0.012892012, 0.042823948;
 -0.01448933, -0.027972447, -0.99950367, -0.022594595;
 0.056073949, 0.99801278, -0.028743599, -0.061424512;
 0, 0, 0, 1]
Twc:
[0.99832147, -0.01448933, 0.056073949, -0.039635133;
 -0.056462593, -0.027972447, 0.99801278, 0.063088372;
 -0.012892012, -0.99950367, -0.028743599, -0.023796856;
 0, 0, 0, 1]
Ow:
[0.042823948;
 -0.022594595;
 -0.061424512]
Keyframe: 7 Frame: 162 Frame from vFrameID : 163
Tcw:
[0.99718243, -0.070553035, -0.025485065, 0.039508361;
 -0.027448505, -0.027000956, -0.99925852, -0.022111541;
 0.069812596, 0.99714255, -0.028861454, -0.060861658;
 0, 0, 0, 1]
Twc:
[0.99718243, -0.027448505, 0.069812596, -0.035755064;
 -0.070553035, -0.027000956, 0.99714255, 0.062878147;
 -0.025485065, -0.99925852, -0.028861454, -0.022844827;
 0, 0, 0, 1]
Ow:
[0.039508361;
 -0.022111541;
 -0.060861658]
Keyframe: 8 Frame: 166 Frame from vFrameID : 167
Tcw:
[0.99628073, -0.078472264, -0.035593048, 0.039185148;
 -0.03767607, -0.025225449, -0.99897158, -0.019160783;
 0.077493712, 0.99659711, -0.028088154, -0.060130518;
 0, 0, 0, 1]
Twc:
[0.99628073, -0.03767607, 0.077493712, -0.03510157;
 -0.078472264, -0.025225449, 0.99659711, 0.062517509;
 -0.035593048, -0.99897158, -0.028088154, -0.019435314;
 0, 0, 0, 1]
Ow:
[0.039185148;
 -0.019160783;
 -0.060130518]
Keyframe: 9 Frame: 171 Frame from vFrameID : 172
Tcw:
[0.99540871, -0.073912106, -0.06081479, 0.05493772;
 -0.062517226, -0.020940093, -0.99782419, -0.013178653;
 0.072477818, 0.99704486, -0.025464732, -0.064994827;
 0, 0, 0, 1]
Twc:
[0.99540871, -0.062517226, 0.072477818, -0.050798696;
 -0.073912106, -0.020940093, 0.99704486, 0.068587363;
 -0.06081479, -0.99782419, -0.025464732, -0.011464029;
 0, 0, 0, 1]
Ow:
[0.05493772;
 -0.013178653;
 -0.064994827]
Keyframe: 10 Frame: 177 Frame from vFrameID : 178
Tcw:
[0.99673069, -0.065682426, -0.047050774, 0.057680011;
 -0.047196224, -0.00066370302, -0.99888539, -0.011994652;
 0.065577991, 0.99784034, -0.0037614957, -0.062971242;
 0, 0, 0, 1]
Twc:
[0.99673069, -0.047196224, 0.065577991, -0.05392801;
 -0.065682426, -0.00066370302, 0.99784034, 0.066615857;
 -0.047050774, -0.99888539, -0.0037614957, -0.0095042605;
 0, 0, 0, 1]
Ow:
[0.057680011;
 -0.011994652;
 -0.062971242]
Keyframe: 11 Frame: 182 Frame from vFrameID : 183
Tcw:
[0.99739063, -0.059669577, -0.040637862, 0.053264212;
 -0.040927421, -0.0036380927, -0.99915552, -0.017738737;
 0.059471339, 0.99821156, -0.0060707214, -0.061918825;
 0, 0, 0, 1]
Twc:
[0.99739063, -0.040927421, 0.059471339, -0.050168835;
 -0.059669577, -0.0036380927, 0.99821156, 0.064921804;
 -0.040637862, -0.99915552, -0.0060707214, -0.015935104;
 0, 0, 0, 1]
Ow:
[0.053264212;
 -0.017738737;
 -0.061918825]
Keyframe: 12 Frame: 186 Frame from vFrameID : 187
Tcw:
[0.9986468, -0.042408559, -0.030100916, 0.056980155;
 -0.030506922, -0.0089591378, -0.99949437, -0.02832742;
 0.042117439, 0.99906015, -0.010240769, -0.060708769;
 0, 0, 0, 1]
Twc:
[0.9986468, -0.030506922, 0.042117439, -0.055210337;
 -0.042408559, -0.0089591378, 0.99906015, 0.062814377;
 -0.030100916, -0.99949437, -0.010240769, -0.027219649;
 0, 0, 0, 1]
Ow:
[0.056980155;
 -0.02832742;
 -0.060708769]
Keyframe: 13 Frame: 192 Frame from vFrameID : 193
Tcw:
[0.99993271, -0.010914876, -0.003932158, 0.070106268;
 -0.0040211226, -0.0081408266, -0.99995875, -0.041788608;
 0.010882415, 0.99990731, -0.0081841685, -0.063517042;
 0, 0, 0, 1]
Twc:
[0.99993271, -0.0040211226, 0.010882415, -0.069578364;
 -0.010914876, -0.0081408266, 0.99990731, 0.063936159;
 -0.003932158, -0.99995875, -0.0081841685, -0.04203105;
 0, 0, 0, 1]
Ow:
[0.070106268;
 -0.041788608;
 -0.063517042]
Keyframe: 14 Frame: 200 Frame from vFrameID : 201
Tcw:
[0.99975169, 0.012699341, 0.018310431, 0.089193285;
 0.018412968, -0.0080047576, -0.99979842, -0.081737481;
 -0.012550212, 0.99988735, -0.0082366029, -0.044664077;
 0, 0, 0, 1]
Twc:
[0.99975169, 0.018412968, -0.012550212, -0.088226646;
 0.012699341, -0.0080047576, 0.99988735, 0.042872056;
 0.018310431, -0.99979842, -0.0082366029, -0.083722055;
 0, 0, 0, 1]
Ow:
[0.089193285;
 -0.081737481;
 -0.044664077]
Keyframe: 15 Frame: 208 Frame from vFrameID : 209
Tcw:
[0.99983239, -0.0081877653, -0.016377067, 0.1199856;
 -0.016547408, -0.021188403, -0.99963856, -0.13435376;
 0.0078378022, 0.99974197, -0.021320336, 0.021494841;
 0, 0, 0, 1]
Twc:
[0.99983239, -0.016547408, 0.0078378022, -0.12235716;
 -0.0081877653, -0.021188403, 0.99974197, -0.023353623;
 -0.016377067, -0.99963856, -0.021320336, -0.13188191;
 0, 0, 0, 1]
Ow:
[0.1199856;
 -0.13435376;
 0.021494841]
Keyframe: 16 Frame: 217 Frame from vFrameID : 218
Tcw:
[0.99945676, -0.0018031278, -0.032908287, 0.12127383;
 -0.032953113, -0.038110938, -0.99873, -0.18845819;
 0.00054667232, 0.99927187, -0.038149651, 0.13188094;
 0, 0, 0, 1]
Twc:
[0.99945676, -0.032953113, 0.00054667232, -0.12749033;
 -0.0018031278, -0.038110938, 0.99927187, -0.13874857;
 -0.032908287, -0.99873, -0.038149651, -0.17919673;
 0, 0, 0, 1]
Ow:
[0.12127383;
 -0.18845819;
 0.13188094]
Keyframe: 17 Frame: 226 Frame from vFrameID : 227
Tcw:
[0.99970764, 0.0078211566, -0.022880394, 0.15925284;
 -0.022085443, -0.089903481, -0.9957056, -0.24817945;
 -0.0098445965, 0.99591976, -0.089704461, 0.19783117;
 0, 0, 0, 1]
Twc:
[0.99970764, -0.022085443, -0.0098445965, -0.16273986;
 0.0078211566, -0.089903481, 0.99591976, -0.22058173;
 -0.022880394, -0.9957056, -0.089704461, -0.22572355;
 0, 0, 0, 1]
Ow:
[0.15925284;
 -0.24817945;
 0.19783117]
Keyframe: 18 Frame: 237 Frame from vFrameID : 238
Tcw:
[0.99786741, 0.060220066, 0.025182908, 0.21554069;
 0.02914694, -0.065880105, -0.99740177, -0.3445977;
 -0.058404546, 0.99600869, -0.067494839, 0.27580526;
 0, 0, 0, 1]
Twc:
[0.99786741, 0.02914694, -0.058404546, -0.18892878;
 0.060220066, -0.065880105, 0.99600869, -0.31038648;
 0.025182908, -0.99740177, -0.067494839, -0.33051485;
 0, 0, 0, 1]
Ow:
[0.21554069;
 -0.3445977;
 0.27580526]
Keyframe: 19 Frame: 247 Frame from vFrameID : 248
Tcw:
[0.99907881, -0.01341065, -0.040763482, 0.28228241;
 -0.041769184, -0.086064674, -0.9954136, -0.42000324;
 0.0098408479, 0.99619931, -0.086545542, 0.49166393;
 0, 0, 0, 1]
Twc:
[0.99907881, -0.041769184, 0.0098408479, -0.30440396;
 -0.01341065, -0.086064674, 0.99619931, -0.52215707;
 -0.040763482, -0.9954136, -0.086545542, -0.36401877;
 0, 0, 0, 1]
Ow:
[0.28228241;
 -0.42000324;
 0.49166393]
Keyframe: 20 Frame: 256 Frame from vFrameID : 257
Tcw:
[0.99862105, -0.030158559, -0.042970706, 0.30041155;
 -0.045139253, -0.075347707, -0.99613512, -0.48803884;
 0.026804257, 0.99670118, -0.076605141, 0.62288105;
 0, 0, 0, 1]
Twc:
[0.99862105, -0.045139253, 0.026804257, -0.33872288;
 -0.030158559, -0.075347707, 0.99670118, -0.64853883;
 -0.042970706, -0.99613512, -0.076605141, -0.42552784;
 0, 0, 0, 1]
Ow:
[0.30041155;
 -0.48803884;
 0.62288105]
Keyframe: 21 Frame: 265 Frame from vFrameID : 266
Tcw:
[0.99958146, 0.022996211, -0.017551659, 0.30177104;
 -0.016224435, -0.05668246, -0.99826044, -0.59486139;
 -0.023951078, 0.9981274, -0.056285638, 0.69000626;
 0, 0, 0, 1]
Twc:
[0.99958146, -0.016224435, -0.023951078, -0.29476967;
 0.022996211, -0.05668246, 0.9981274, -0.72937196;
 -0.017551659, -0.99826044, -0.056285638, -0.54969257;
 0, 0, 0, 1]
Ow:
[0.30177104;
 -0.59486139;
 0.69000626]
Keyframe: 22 Frame: 275 Frame from vFrameID : 276
Tcw:
[0.99979573, -0.0042281258, -0.019764334, 0.41168219;
 -0.020079946, -0.096387729, -0.99514127, -0.69322067;
 0.0023025435, 0.99533486, -0.096452937, 0.87226075;
 0, 0, 0, 1]
Twc:
[0.99979573, -0.020079946, 0.0023025435, -0.42752632;
 -0.0042281258, -0.096387729, 0.99533486, -0.9332689;
 -0.019764334, -0.99514127, -0.096452937, -0.59758383;
 0, 0, 0, 1]
Ow:
[0.41168219;
 -0.69322067;
 0.87226075]
Keyframe: 23 Frame: 287 Frame from vFrameID : 288
Tcw:
[0.99677485, -0.026705094, -0.075675339, 0.48194644;
 -0.077274702, -0.065050475, -0.99488544, -0.84478843;
 0.021645794, 0.99752456, -0.066904306, 1.0722996;
 0, 0, 0, 1]
Twc:
[0.99677485, -0.077274702, 0.021645794, -0.56888366;
 -0.026705094, -0.065050475, 0.99752456, -1.1117287;
 -0.075675339, -0.99488544, -0.066904306, -0.73225474;
 0, 0, 0, 1]
Ow:
[0.48194644;
 -0.84478843;
 1.0722996]
Keyframe: 24 Frame: 292 Frame from vFrameID : 293
Tcw:
[0.99929744, -0.008048255, -0.036604732, 0.51872867;
 -0.03705838, -0.066255771, -0.99711424, -0.90641183;
 0.0055997549, 0.99777019, -0.066507474, 1.0757211;
 0, 0, 0, 1]
Twc:
[0.99929744, -0.03705838, 0.0055997549, -0.55797815;
 -0.008048255, -0.066255771, 0.99777019, -1.1292027;
 -0.036604732, -0.99711424, -0.066507474, -0.81326473;
 0, 0, 0, 1]
Ow:
[0.51872867;
 -0.90641183;
 1.0757211]
Keyframe: 25 Frame: 299 Frame from vFrameID : 300
Tcw:
[0.99943399, 0.022911847, -0.024631007, 0.53421396;
 -0.023538791, -0.046776906, -0.99862796, -0.94566816;
 -0.024032572, 0.99864256, -0.046211112, 1.2735388;
 0, 0, 0, 1]
Twc:
[0.99943399, -0.023538791, -0.024032572, -0.52556509;
 0.022911847, -0.046776906, 0.99864256, -1.3282853;
 -0.024631007, -0.99862796, -0.046211112, -0.87236083;
 0, 0, 0, 1]
Ow:
[0.53421396;
 -0.94566816;
 1.2735388]
Keyframe: 26 Frame: 306 Frame from vFrameID : 307
Tcw:
[0.99946284, 0.011258154, 0.030778304, 0.609882;
 0.031391043, -0.059048567, -0.99776143, -1.1412643;
 -0.0094155371, 0.99819165, -0.059370253, 1.3487289;
 0, 0, 0, 1]
Twc:
[0.99946284, 0.031391043, -0.0094155371, -0.56102991;
 0.011258154, -0.059048567, 0.99819165, -1.4205461;
 0.030778304, -0.99776143, -0.059370253, -1.0774063;
 0, 0, 0, 1]
Ow:
[0.609882;
 -1.1412643;
 1.3487289]
Keyframe: 27 Frame: 312 Frame from vFrameID : 313
Tcw:
[0.99964887, -0.019893523, -0.01750496, 0.73052233;
 -0.019206356, -0.088827446, -0.99586183, -1.2523408;
 0.018256281, 0.99584836, -0.089178331, 1.4726552;
 0, 0, 0, 1]
Twc:
[0.99964887, -0.019206356, 0.018256281, -0.78120387;
 -0.019893523, -0.088827446, 0.99584836, -1.5632509;
 -0.01750496, -0.99586183, -0.089178331, -1.1030416;
 0, 0, 0, 1]
Ow:
[0.73052233;
 -1.2523408;
 1.4726552]
Keyframe: 28 Frame: 318 Frame from vFrameID : 319
Tcw:
[0.99952781, -0.026532056, -0.015499983, 0.71247023;
 -0.016995128, -0.057087168, -0.99822456, -1.3012322;
 0.0256001, 0.9980166, -0.057511125, 1.5138545;
 0, 0, 0, 1]
Twc:
[0.99952781, -0.016995128, 0.0256001, -0.77300322;
 -0.026532056, -0.057087168, 0.9980166, -1.5662322;
 -0.015499983, -0.99822456, -0.057511125, -1.2008151;
 0, 0, 0, 1]
Ow:
[0.71247023;
 -1.3012322;
 1.5138545]
Keyframe: 29 Frame: 324 Frame from vFrameID : 325
Tcw:
[0.99989647, -0.014157454, -0.0025809905, 0.7364465;
 -0.0032124261, -0.044761106, -0.99899256, -1.3999819;
 0.014027663, 0.99889737, -0.04480195, 1.5492017;
 0, 0, 0, 1]
Twc:
[0.99989647, -0.0032124261, 0.014027663, -0.76259929;
 -0.014157454, -0.044761106, 0.99889737, -1.5997322;
 -0.0025809905, -0.99899256, -0.04480195, -1.3272635;
 0, 0, 0, 1]
Ow:
[0.7364465;
 -1.3999819;
 1.5492017]
Keyframe: 30 Frame: 330 Frame from vFrameID : 331
Tcw:
[0.99839789, 0.055538669, 0.010820062, 0.76287943;
 0.012553249, -0.030953461, -0.99944198, -1.1350846;
 -0.05517276, 0.9979766, -0.031601064, 1.825262;
 0, 0, 0, 1]
Twc:
[0.99839789, 0.012553249, -0.05517276, -0.64670354;
 0.055538669, -0.030953461, 0.9979766, -1.8990729;
 0.010820062, -0.99944198, -0.031601064, -1.0850254;
 0, 0, 0, 1]
Ow:
[0.76287943;
 -1.1350846;
 1.825262]
Keyframe: 31 Frame: 337 Frame from vFrameID : 338
Tcw:
[0.99539292, 0.094894588, -0.013707547, 0.8727423;
 -0.0238514, 0.10660249, -0.99401557, -0.76095128;
 -0.092865445, 0.98976308, 0.10837474, 1.6478755;
 0, 0, 0, 1]
Twc:
[0.99539292, -0.0238514, -0.092865445, -0.73384058;
 0.094894588, 0.10660249, 0.98976308, -1.6327055;
 -0.013707547, -0.99401557, 0.10837474, -0.92302239;
 0, 0, 0, 1]
Ow:
[0.8727423;
 -0.76095128;
 1.6478755]
Keyframe: 32 Frame: 343 Frame from vFrameID : 344
Tcw:
[0.99962348, 0.0089754723, -0.025928512, 0.86968106;
 -0.025684368, -0.026324159, -0.99932343, -1.2487888;
 -0.0096519459, 0.99961317, -0.026083719, 1.874562;
 0, 0, 0, 1]
Twc:
[0.99962348, -0.025684368, -0.0096519459, -0.88333488;
 0.0089754723, -0.026324159, 0.99961317, -1.914516;
 -0.025928512, -0.99932343, -0.026083719, -1.1764989;
 0, 0, 0, 1]
Ow:
[0.86968106;
 -1.2487888;
 1.874562]
Keyframe: 33 Frame: 350 Frame from vFrameID : 351
Tcw:
[0.99743617, 0.01422713, -0.070133455, 0.87529993;
 -0.069801353, -0.022632148, -0.99730414, -0.94019842;
 -0.015776047, 0.99964261, -0.02158105, 2.2536697;
 0, 0, 0, 1]
Twc:
[0.99743617, -0.069801353, -0.015776047, -0.90312892;
 0.01422713, -0.022632148, 0.99964261, -2.2865963;
 -0.070133455, -0.99730414, -0.02158105, -0.8276394;
 0, 0, 0, 1]
Ow:
[0.87529993;
 -0.94019842;
 2.2536697]
Keyframe: 34 Frame: 355 Frame from vFrameID : 356
Tcw:
[0.99112207, 0.049713243, -0.12331126, 1.2887372;
 -0.12330621, -0.0031801832, -0.99236357, -1.0636315;
 -0.049725763, 0.99875849, 0.0029780015, 2.2896085;
 0, 0, 0, 1]
Twc:
[0.99112207, -0.12330621, -0.049725763, -1.2945956;
 0.049713243, -0.0031801832, 0.99875849, -2.3542156;
 -0.12331126, -0.99236357, 0.0029780015, -0.90341181;
 0, 0, 0, 1]
Ow:
[1.2887372;
 -1.0636315;
 2.2896085]
Keyframe: 35 Frame: 362 Frame from vFrameID : 363
Tcw:
[0.99857342, 0.018679755, -0.050022028, 0.91039973;
 -0.049755782, -0.014456307, -0.99865681, -1.3078502;
 -0.019377798, 0.99972099, -0.013506257, 2.4572036;
 0, 0, 0, 1]
Twc:
[0.99857342, -0.049755782, -0.019377798, -0.92655891;
 0.018679755, -0.014456307, 0.99972099, -2.4924307;
 -0.050022028, -0.99865681, -0.013506257, -1.2273657;
 0, 0, 0, 1]
Ow:
[0.91039973;
 -1.3078502;
 2.4572036]
Keyframe: 36 Frame: 370 Frame from vFrameID : 371
Tcw:
[0.9993701, 0.025830511, 0.024336191, 0.90440232;
 0.023125011, 0.046195384, -0.99866474, -1.5722077;
 -0.026920239, 0.9985984, 0.045568954, 2.3068068;
 0, 0, 0, 1]
Twc:
[0.9993701, 0.023125011, -0.026920239, -0.80537546;
 0.025830511, 0.046195384, 0.9985984, -2.2543061;
 0.024336191, -0.99866474, 0.045568954, -1.6972368;
 0, 0, 0, 1]
Ow:
[0.90440232;
 -1.5722077;
 2.3068068]
Keyframe: 37 Frame: 377 Frame from vFrameID : 378
Tcw:
[0.99991542, 0.0091484822, 0.0092452327, 1.0072703;
 0.0088790013, 0.039293643, -0.99918824, -1.7641773;
 -0.0095043341, 0.9991858, 0.03920909, 2.433594;
 0, 0, 0, 1]
Twc:
[0.99991542, 0.0088790013, -0.0095043341, -0.96839136;
 0.0091484822, 0.039293643, 0.9991858, -2.3715067;
 0.0092452327, -0.99918824, 0.03920909, -1.8674768;
 0, 0, 0, 1]
Ow:
[1.0072703;
 -1.7641773;
 2.433594]
Keyframe: 38 Frame: 385 Frame from vFrameID : 386
Tcw:
[0.99989998, -0.0036248749, -0.013670408, 1.0411478;
 -0.01342126, 0.06160073, -0.99801064, -1.9115002;
 0.0044597709, 0.99809426, 0.061545916, 2.4703097;
 0, 0, 0, 1]
Twc:
[0.99989998, -0.01342126, 0.0044597709, -1.0777154;
 -0.0036248749, 0.06160073, 0.99809426, -2.3440783;
 -0.013670408, -0.99801064, 0.061545916, -2.0455022;
 0, 0, 0, 1]
Ow:
[1.0411478;
 -1.9115002;
 2.4703097]
Keyframe: 39 Frame: 390 Frame from vFrameID : 391
Tcw:
[0.99989146, -0.0012279188, -0.014683479, 1.0281794;
 -0.014575366, 0.06374301, -0.9978599, -1.7738305;
 0.00216126, 0.99796557, 0.063718192, 2.5767097;
 0, 0, 0, 1]
Twc:
[0.99989146, -0.014575366, 0.00216126, -1.059491;
 -0.0012279188, 0.06374301, 0.99796557, -2.4571359;
 -0.014683479, -0.9978599, 0.063718192, -1.9191204;
 0, 0, 0, 1]
Ow:
[1.0281794;
 -1.7738305;
 2.5767097]
Keyframe: 40 Frame: 398 Frame from vFrameID : 399
Tcw:
[0.99948984, -0.024271602, 0.020758588, 0.99777126;
 0.021916725, 0.048465855, -0.99858433, -1.6476187;
 0.02323116, 0.99852991, 0.048973083, 2.7126324;
 0, 0, 0, 1]
Twc:
[0.99948984, 0.021916725, 0.02323116, -1.0241694;
 -0.024271602, 0.048465855, 0.99852991, -2.6045737;
 0.020758588, -0.99858433, 0.048973083, -1.7988446;
 0, 0, 0, 1]
Ow:
[0.99777126;
 -1.6476187;
 2.7126324]
Keyframe: 41 Frame: 406 Frame from vFrameID : 407
Tcw:
[0.99959731, 0.00028116841, 0.028375108, 0.9959951;
 0.028278446, 0.07318642, -0.99691731, -1.7877259;
 -0.0023569742, 0.99731827, 0.073148996, 2.8372312;
 0, 0, 0, 1]
Twc:
[0.99959731, 0.028278446, -0.0023569742, -0.93835264;
 0.00028116841, 0.07318642, 0.99731827, -2.699065;
 0.028375108, -0.99691731, 0.073148996, -2.0180168;
 0, 0, 0, 1]
Ow:
[0.9959951;
 -1.7877259;
 2.8372312]
Keyframe: 42 Frame: 411 Frame from vFrameID : 412
Tcw:
[0.99996036, -0.002915645, 0.0084160184, 1.0414015;
 0.0086214542, 0.079611935, -0.99678862, -2.0017004;
 0.0022362662, 0.99682164, 0.079633914, 2.8590412;
 0, 0, 0, 1]
Twc:
[0.99996036, 0.0086214542, 0.0022362662, -1.0304962;
 -0.002915645, 0.079611935, 0.99682164, -2.6875587;
 0.0084160184, -0.99678862, 0.079633914, -2.2317133;
 0, 0, 0, 1]
Ow:
[1.0414015;
 -2.0017004;
 2.8590412]
Keyframe: 43 Frame: 416 Frame from vFrameID : 417
Tcw:
[0.99959666, -0.028247667, -0.0029294405, 1.0216459;
 -0.00079209538, 0.075380698, -0.99715453, -1.8296082;
 0.028388113, 0.99675465, 0.075327918, 3.0087059;
 0, 0, 0, 1]
Twc:
[0.99959666, -0.00079209538, 0.028388113, -1.1080946;
 -0.028247667, 0.075380698, 0.99675465, -2.8321652;
 -0.0029294405, -0.99715453, 0.075327918, -2.0480487;
 0, 0, 0, 1]
Ow:
[1.0216459;
 -1.8296082;
 3.0087059]
Keyframe: 44 Frame: 421 Frame from vFrameID : 422
Tcw:
[0.99854207, -0.052368119, -0.013088216, 1.0610182;
 -0.0088576181, 0.080217108, -0.99673808, -2.0189269;
 0.053247195, 0.99540085, 0.079636298, 3.0932579;
 0, 0, 0, 1]
Twc:
[0.99854207, -0.0088576181, 0.053247195, -1.2420615;
 -0.052368119, 0.080217108, 0.99540085, -2.8615153;
 -0.013088216, -0.99673808, 0.079636298, -2.2447898;
 0, 0, 0, 1]
Ow:
[1.0610182;
 -2.0189269;
 3.0932579]
Keyframe: 45 Frame: 427 Frame from vFrameID : 428
Tcw:
[0.99760985, -0.06120754, -0.032065861, 1.0535245;
 -0.026831755, 0.08449892, -0.99606222, -1.9925398;
 0.063676052, 0.99454188, 0.082654648, 3.0929945;
 0, 0, 0, 1]
Twc:
[0.99760985, -0.026831755, 0.063676052, -1.3014193;
 -0.06120754, 0.08449892, 0.99454188, -2.8432615;
 -0.032065861, -0.99606222, 0.082654648, -2.2065618;
 0, 0, 0, 1]
Ow:
[1.0535245;
 -1.9925398;
 3.0929945]
Keyframe: 46 Frame: 433 Frame from vFrameID : 434
Tcw:
[0.99805266, -0.055373527, -0.028717421, 1.169085;
 -0.022909738, 0.10280303, -0.99443787, -1.9384065;
 0.058017772, 0.99315923, 0.10133424, 3.1802065;
 0, 0, 0, 1]
Twc:
[0.99805266, -0.022909738, 0.058017772, -1.3957254;
 -0.055373527, 0.10280303, 0.99315923, -2.8944411;
 -0.028717421, -0.99443787, 0.10133424, -2.2163155;
 0, 0, 0, 1]
Ow:
[1.169085;
 -1.9384065;
 3.1802065]
Keyframe: 47 Frame: 440 Frame from vFrameID : 441
Tcw:
[0.99800849, -0.062719621, -0.0067290193, 1.1750988;
 0.0011616563, 0.12493122, -0.99216473, -1.998091;
 0.063068859, 0.99018103, 0.12475528, 3.2953892;
 0, 0, 0, 1]
Twc:
[0.99800849, 0.0011616563, 0.063068859, -1.3782738;
 -0.062719621, 0.12493122, 0.99018103, -2.9397058;
 -0.0067290193, -0.99216473, 0.12475528, -2.3856454;
 0, 0, 0, 1]
Ow:
[1.1750988;
 -1.998091;
 3.2953892]
Keyframe: 48 Frame: 447 Frame from vFrameID : 448
Tcw:
[0.99615449, -0.086223699, -0.015547158, 0.54760283;
 -0.0001593339, 0.17566717, -0.98444963, -1.7039078;
 0.087614015, 0.98066634, 0.1749779, 3.2722435;
 0, 0, 0, 1]
Twc:
[0.99615449, -0.0001593339, 0.087614015, -0.83246291;
 -0.086223699, 0.17566717, 0.98066634, -2.8624423;
 -0.015547158, -0.98444963, 0.1749779, -2.241468;
 0, 0, 0, 1]
Ow:
[0.54760283;
 -1.7039078;
 3.2722435]
Keyframe: 49 Frame: 453 Frame from vFrameID : 454
Tcw:
[0.99092543, -0.12297063, -0.05426744, 1.3394841;
 -0.041606292, 0.10328662, -0.99378103, -2.4477293;
 0.12781098, 0.98702079, 0.097232997, 3.6131697;
 0, 0, 0, 1]
Twc:
[0.99092543, -0.041606292, 0.12781098, -1.8909727;
 -0.12297063, 0.10328662, 0.98702079, -3.1487389;
 -0.05426744, -0.99378103, 0.097232997, -2.7111361;
 0, 0, 0, 1]
Ow:
[1.3394841;
 -2.4477293;
 3.6131697]
Keyframe: 50 Frame: 461 Frame from vFrameID : 462
Tcw:
[0.99352688, -0.10636073, -0.039896499, 1.1517569;
 -0.026560668, 0.12397247, -0.99193013, -2.3172424;
 0.11044848, 0.98656893, 0.12034497, 3.5719693;
 0, 0, 0, 1]
Twc:
[0.99352688, -0.026560668, 0.11044848, -1.6003674;
 -0.10636073, 0.12397247, 0.98656893, -3.1142178;
 -0.039896499, -0.99193013, 0.12034497, -2.6824601;
 0, 0, 0, 1]
Ow:
[1.1517569;
 -2.3172424;
 3.5719693]
Keyframe: 51 Frame: 468 Frame from vFrameID : 469
Tcw:
[0.99573475, -0.090282708, 0.019009039, 1.1810088;
 0.032773878, 0.15352601, -0.98760092, -2.2336257;
 0.086244904, 0.98401159, 0.1558301, 3.7100506;
 0, 0, 0, 1]
Twc:
[0.99573475, 0.032773878, 0.086244904, -1.4227399;
 -0.090282708, 0.15352601, 0.98401159, -3.2011883;
 0.019009039, -0.98760092, 0.1558301, -2.8065181;
 0, 0, 0, 1]
Ow:
[1.1810088;
 -2.2336257;
 3.7100506]
Keyframe: 52 Frame: 476 Frame from vFrameID : 477
Tcw:
[0.99381799, -0.10534826, 0.035037085, 1.5129158;
 0.050257809, 0.14549468, -0.98808169, -3.0620141;
 0.09899497, 0.98373425, 0.1498898, 3.681113;
 0, 0, 0, 1]
Twc:
[0.99381799, 0.050257809, 0.09899497, -1.7140845;
 -0.10534826, 0.14549468, 0.98373425, -3.0163469;
 0.035037085, -0.98808169, 0.1498898, -3.6302898;
 0, 0, 0, 1]
Ow:
[1.5129158;
 -3.0620141;
 3.681113]
Keyframe: 53 Frame: 484 Frame from vFrameID : 485
Tcw:
[0.9853093, -0.16703397, -0.03556959, 1.3388958;
 -0.010304151, 0.14975278, -0.98866975, -2.6718194;
 0.17046808, 0.97451204, 0.14583167, 3.9876983;
 0, 0, 0, 1]
Twc:
[0.9853093, -0.010304151, 0.17046808, -2.0265326;
 -0.16703397, 0.14975278, 0.97451204, -3.2623065;
 -0.03556959, -0.98866975, 0.14583167, -3.175456;
 0, 0, 0, 1]
Ow:
[1.3388958;
 -2.6718194;
 3.9876983]
Keyframe: 54 Frame: 491 Frame from vFrameID : 492
Tcw:
[0.98169124, -0.18692036, -0.036647879, 1.3964623;
 -0.0059586549, 0.16216831, -0.98674512, -2.7320805;
 0.19038588, 0.9688974, 0.15808541, 4.1148267;
 0, 0, 0, 1]
Twc:
[0.98169124, -0.0059586549, 0.19038588, -2.1705792;
 -0.18692036, 0.16216831, 0.9688974, -3.2827609;
 -0.036647879, -0.98674512, 0.15808541, -3.2951839;
 0, 0, 0, 1]
Ow:
[1.3964623;
 -2.7320805;
 4.1148267]
Keyframe: 55 Frame: 499 Frame from vFrameID : 500
Tcw:
[0.99379569, -0.11002312, -0.016280347, 0.99578977;
 0.0065922923, 0.20439059, -0.97886723, -2.4406393;
 0.11102557, 0.97268671, 0.20384778, 4.2986202;
 0, 0, 0, 1]
Twc:
[0.99379569, 0.0065922923, 0.11102557, -1.4507791;
 -0.11002312, 0.20439059, 0.97268671, -3.5728071;
 -0.016280347, -0.97886723, 0.20384778, -3.2491143;
 0, 0, 0, 1]
Ow:
[0.99578977;
 -2.4406393;
 4.2986202]
Keyframe: 56 Frame: 503 Frame from vFrameID : 504
Tcw:
[0.98911369, -0.13457735, 0.059523307, 1.1715052;
 0.086448327, 0.2040778, -0.9751302, -2.8044906;
 0.11908305, 0.96966034, 0.21349014, 4.1888471;
 0, 0, 0, 1]
Twc:
[0.98911369, 0.086448327, 0.11908305, -1.4151291;
 -0.13457735, 0.2040778, 0.96966034, -3.3317666;
 0.059523307, -0.9751302, 0.21349014, -3.6987529;
 0, 0, 0, 1]
Ow:
[1.1715052;
 -2.8044906;
 4.1888471]
Keyframe: 57 Frame: 508 Frame from vFrameID : 509
Tcw:
[0.98655581, -0.14121827, 0.082249679, 1.1528808;
 0.10810103, 0.18645646, -0.97649789, -2.7969537;
 0.12256336, 0.97226095, 0.19921555, 4.2624145;
 0, 0, 0, 1]
Twc:
[0.98655581, 0.10810103, 0.12256336, -1.3574436;
 -0.14121827, 0.18645646, 0.97226095, -3.4598613;
 0.082249679, -0.97649789, 0.19921555, -3.6751828;
 0, 0, 0, 1]
Ow:
[1.1528808;
 -2.7969537;
 4.2624145]
Keyframe: 58 Frame: 515 Frame from vFrameID : 516
Tcw:
[0.99235451, -0.11352986, -0.048409477, 1.4380428;
 -0.024962829, 0.19949807, -0.97958022, -2.4586396;
 0.1208692, 0.97329926, 0.1951388, 4.3773036;
 0, 0, 0, 1]
Twc:
[0.99235451, -0.024962829, 0.1208692, -2.017504;
 -0.11352986, 0.19949807, 0.97329926, -3.6066718;
 -0.048409477, -0.97958022, 0.1951388, -3.1930015;
 0, 0, 0, 1]
Ow:
[1.4380428;
 -2.4586396;
 4.3773036]
Keyframe: 59 Frame: 519 Frame from vFrameID : 520
Tcw:
[0.99138749, -0.10215438, -0.081946939, 1.508721;
 -0.0590709, 0.20965512, -0.9759894, -2.5136397;
 0.1168822, 0.97242439, 0.20181513, 4.4374428;
 0, 0, 0, 1]
Twc:
[0.99138749, -0.0590709, 0.1168822, -2.162868;
 -0.10215438, 0.20965512, 0.97242439, -3.6339576;
 -0.081946939, -0.9759894, 0.20181513, -3.2251937;
 0, 0, 0, 1]
Ow:
[1.508721;
 -2.5136397;
 4.4374428]
Keyframe: 60 Frame: 523 Frame from vFrameID : 524
Tcw:
[0.99170125, -0.086858071, -0.094785653, 1.5198047;
 -0.073293321, 0.22376251, -0.97188395, -2.5719757;
 0.10562544, 0.97076571, 0.21553944, 4.454968;
 0, 0, 0, 1]
Twc:
[0.99170125, -0.073293321, 0.10562544, -2.1662588;
 -0.086858071, 0.22376251, 0.97076571, -3.6172109;
 -0.094785653, -0.97188395, 0.21553944, -3.3158274;
 0, 0, 0, 1]
Ow:
[1.5198047;
 -2.5719757;
 4.454968]
Keyframe: 61 Frame: 527 Frame from vFrameID : 528
Tcw:
[0.99062634, -0.11875477, -0.067503743, 1.5772281;
 -0.041751072, 0.20729734, -0.97738665, -2.6212595;
 0.13006267, 0.97104329, 0.20039606, 4.5524583;
 0, 0, 0, 1]
Twc:
[0.99062634, -0.041751072, 0.13006267, -2.263989;
 -0.11875477, 0.20729734, 0.97104329, -3.6899509;
 -0.067503743, -0.97738665, 0.20039606, -3.36781;
 0, 0, 0, 1]
Ow:
[1.5772281;
 -2.6212595;
 4.5524583]
Keyframe: 62 Frame: 532 Frame from vFrameID : 533
Tcw:
[0.99055165, -0.10239858, -0.091224469, 1.5882814;
 -0.065243587, 0.23322347, -0.97023195, -2.6640615;
 0.12062606, 0.9670167, 0.22433905, 4.6026707;
 0, 0, 0, 1]
Twc:
[0.99055165, -0.065243587, 0.12062606, -2.30229;
 -0.10239858, 0.23322347, 0.9670167, -3.6669002;
 -0.091224469, -0.97023195, 0.22433905, -3.4724264;
 0, 0, 0, 1]
Ow:
[1.5882814;
 -2.6640615;
 4.6026707]
Keyframe: 63 Frame: 536 Frame from vFrameID : 537
Tcw:
[0.99177253, -0.1019461, -0.07742282, 1.6010993;
 -0.048607595, 0.25960666, -0.96449035, -2.7026005;
 0.11842551, 0.96031839, 0.25251541, 4.6608849;
 0, 0, 0, 1]
Twc:
[0.99177253, -0.048607595, 0.11842551, -2.2712607;
 -0.1019461, 0.25960666, 0.96031839, -3.6110942;
 -0.07742282, -0.96449035, 0.25251541, -3.6596158;
 0, 0, 0, 1]
Ow:
[1.6010993;
 -2.7026005;
 4.6608849]
Keyframe: 64 Frame: 541 Frame from vFrameID : 542
Tcw:
[0.99293721, -0.0995, -0.064617999, 1.6457001;
 -0.037355971, 0.25474703, -0.96628594, -2.7552853;
 0.1126067, 0.96187508, 0.24923089, 4.7323847;
 0, 0, 0, 1]
Twc:
[0.99293721, -0.037355971, 0.1126067, -2.2699013;
 -0.0995, 0.25474703, 0.96187508, -3.6863151;
 -0.064617999, -0.96628594, 0.24923089, -3.735508;
 0, 0, 0, 1]
Ow:
[1.6457001;
 -2.7552853;
 4.7323847]
Keyframe: 65 Frame: 546 Frame from vFrameID : 547
Tcw:
[0.99187094, -0.10089679, -0.077536248, 1.6389771;
 -0.054862902, 0.21070239, -0.97600949, -2.7719688;
 0.1148133, 0.97232932, 0.20345409, 4.9484377;
 0, 0, 0, 1]
Twc:
[0.99187094, -0.054862902, 0.1148133, -2.3458784;
 -0.10089679, 0.21070239, 0.97232932, -4.0620832;
 -0.077536248, -0.97600949, 0.20345409, -3.5851676;
 0, 0, 0, 1]
Ow:
[1.6389771;
 -2.7719688;
 4.9484377]
Keyframe: 66 Frame: 552 Frame from vFrameID : 553
Tcw:
[0.99257475, -0.10013299, -0.069056548, 1.6543304;
 -0.043284118, 0.23980305, -0.96985614, -2.8387241;
 0.11367457, 0.96564376, 0.23368828, 4.9542489;
 0, 0, 0, 1]
Twc:
[0.99257475, -0.043284118, 0.11367457, -2.3280902;
 -0.10013299, 0.23980305, 0.96564376, -3.9376521;
 -0.069056548, -0.96985614, 0.23368828, -3.7966616;
 0, 0, 0, 1]
Ow:
[1.6543304;
 -2.8387241;
 4.9542489]
Keyframe: 67 Frame: 558 Frame from vFrameID : 559
Tcw:
[0.99040306, -0.11477907, -0.076990232, 1.6076713;
 -0.048266266, 0.23474279, -0.97085845, -2.8471508;
 0.12950712, 0.96525729, 0.22695003, 5.057209;
 0, 0, 0, 1]
Twc:
[0.99040306, -0.048266266, 0.12950712, -2.3846085;
 -0.11477907, 0.23474279, 0.96525729, -4.0286326;
 -0.076990232, -0.97085845, 0.22695003, -3.7881393;
 0, 0, 0, 1]
Ow:
[1.6076713;
 -2.8471508;
 5.057209]
Keyframe: 68 Frame: 564 Frame from vFrameID : 565
Tcw:
[0.98691434, -0.11573321, -0.11227614, 1.7559907;
 -0.084842406, 0.21941067, -0.97193658, -2.929358;
 0.13711992, 0.96874392, 0.20672046, 5.1490211;
 0, 0, 0, 1]
Twc:
[0.98691434, -0.084842406, 0.13711992, -2.6875794;
 -0.11573321, 0.21941067, 0.96874392, -4.1421242;
 -0.11227614, -0.97193658, 0.20672046, -3.7144022;
 0, 0, 0, 1]
Ow:
[1.7559907;
 -2.929358;
 5.1490211]
Keyframe: 69 Frame: 570 Frame from vFrameID : 571
Tcw:
[0.9891181, -0.11243238, -0.094891362, 1.7345387;
 -0.065969191, 0.23756981, -0.96912777, -2.9943655;
 0.13150467, 0.96484172, 0.22756752, 5.2511835;
 0, 0, 0, 1]
Twc:
[0.9891181, -0.065969191, 0.13150467, -2.6037545;
 -0.11243238, 0.23756981, 0.96484172, -4.160172;
 -0.094891362, -0.96912777, 0.22756752, -3.9323287;
 0, 0, 0, 1]
Ow:
[1.7345387;
 -2.9943655;
 5.2511835]
Keyframe: 70 Frame: 577 Frame from vFrameID : 578
Tcw:
[0.98470497, -0.1484289, -0.091241337, 1.6098135;
 -0.056792445, 0.22163658, -0.97347409, -2.9523757;
 0.16471411, 0.96376663, 0.20981701, 5.3800621;
 0, 0, 0, 1]
Twc:
[0.98470497, -0.056792445, 0.16471411, -2.6390359;
 -0.1484289, 0.22163658, 0.96376663, -4.2918262;
 -0.091241337, -0.97347409, 0.20981701, -3.8560083;
 0, 0, 0, 1]
Ow:
[1.6098135;
 -2.9523757;
 5.3800621]
Keyframe: 71 Frame: 584 Frame from vFrameID : 585
Tcw:
[0.96431369, -0.19499342, -0.17909966, 1.7759745;
 -0.13197996, 0.23239249, -0.96362597, -3.0792058;
 0.22952215, 0.95287526, 0.19836403, 5.513124;
 0, 0, 0, 1]
Twc:
[0.96431369, -0.13197996, 0.22952215, -3.3843739;
 -0.19499342, 0.23239249, 0.95287526, -4.1914315;
 -0.17909966, -0.96362597, 0.19836403, -3.7427316;
 0, 0, 0, 1]
Ow:
[1.7759745;
 -3.0792058;
 5.513124]
Keyframe: 72 Frame: 591 Frame from vFrameID : 592
Tcw:
[0.96070933, -0.219459, -0.16992736, 1.737751;
 -0.11116853, 0.25672823, -0.96006882, -3.0391824;
 0.25432089, 0.94123769, 0.22224428, 5.6217484;
 0, 0, 0, 1]
Twc:
[0.96070933, -0.11116853, 0.25432089, -3.4370632;
 -0.219459, 0.25672823, 0.94123769, -4.1297927;
 -0.16992736, -0.96006882, 0.22224428, -3.8719344;
 0, 0, 0, 1]
Ow:
[1.737751;
 -3.0391824;
 5.6217484]
Keyframe: 73 Frame: 598 Frame from vFrameID : 599
Tcw:
[0.96665043, -0.22100188, -0.12940313, 1.7313318;
 -0.075207815, 0.23803672, -0.96833998, -3.0111275;
 0.24480766, 0.94577837, 0.21347722, 5.6970577;
 0, 0, 0, 1]
Twc:
[0.96665043, -0.075207815, 0.24480766, -3.2947361;
 -0.22100188, 0.23803672, 0.94577837, -4.2887673;
 -0.12940313, -0.96833998, 0.21347722, -3.9079473;
 0, 0, 0, 1]
Ow:
[1.7313318;
 -3.0111275;
 5.6970577]
Keyframe: 74 Frame: 606 Frame from vFrameID : 607
Tcw:
[0.9715637, -0.20935223, -0.11061483, 1.8417758;
 -0.054510109, 0.25685626, -0.96491116, -3.1303771;
 0.23041841, 0.94350225, 0.2381404, 5.8537226;
 0, 0, 0, 1]
Twc:
[0.9715637, -0.054510109, 0.23041841, -3.3088453;
 -0.20935223, 0.25685626, 0.94350225, -4.333364;
 -0.11061483, -0.96491116, 0.2381404, -4.2108159;
 0, 0, 0, 1]
Ow:
[1.8417758;
 -3.1303771;
 5.8537226]
Keyframe: 75 Frame: 614 Frame from vFrameID : 615
Tcw:
[0.97734684, -0.18945795, -0.094333969, 1.7806827;
 -0.038420487, 0.27949157, -0.95937914, -2.9993618;
 0.20812756, 0.94127047, 0.26588112, 5.765821;
 0, 0, 0, 1]
Twc:
[0.97734684, -0.038420487, 0.20812756, -3.0556076;
 -0.18945795, 0.27949157, 0.94127047, -4.2515364;
 -0.094333969, -0.95937914, 0.26588112, -4.242569;
 0, 0, 0, 1]
Ow:
[1.7806827;
 -2.9993618;
 5.765821]
Keyframe: 76 Frame: 622 Frame from vFrameID : 623
Tcw:
[0.96610641, -0.20824231, -0.15255669, 1.8066959;
 -0.088103659, 0.28950137, -0.95311421, -3.0160818;
 0.24264407, 0.93425053, 0.2613422, 6.0735474;
 0, 0, 0, 1]
Twc:
[0.96610641, -0.088103659, 0.24264407, -3.4848986;
 -0.20824231, 0.28950137, 0.93425053, -4.4248247;
 -0.15255669, -0.95311421, 0.2613422, -4.1863213;
 0, 0, 0, 1]
Ow:
[1.8066959;
 -3.0160818;
 6.0735474]
Keyframe: 77 Frame: 629 Frame from vFrameID : 630
Tcw:
[0.96939474, -0.2038243, -0.13685584, 1.7582345;
 -0.066323511, 0.31929666, -0.9453311, -3.0104604;
 0.23637906, 0.92547572, 0.29600614, 6.1423988;
 0, 0, 0, 1]
Twc:
[0.96939474, -0.066323511, 0.23637906, -3.3560219;
 -0.2038243, 0.31929666, 0.92547572, -4.3650403;
 -0.13685584, -0.9453311, 0.29600614, -4.4234452;
 0, 0, 0, 1]
Ow:
[1.7582345;
 -3.0104604;
 6.1423988]
Keyframe: 78 Frame: 634 Frame from vFrameID : 635
Tcw:
[0.97248632, -0.19026932, -0.13441713, 1.7980978;
 -0.071825854, 0.30399761, -0.9499613, -2.9842427;
 0.22161098, 0.93347901, 0.28196725, 6.2464781;
 0, 0, 0, 1]
Twc:
[0.97248632, -0.071825854, 0.22161098, -3.3472593;
 -0.19026932, 0.30399761, 0.93347901, -4.5816307;
 -0.13441713, -0.9499613, 0.28196725, -4.3545222;
 0, 0, 0, 1]
Ow:
[1.7980978;
 -2.9842427;
 6.2464781]
Keyframe: 79 Frame: 641 Frame from vFrameID : 642
Tcw:
[0.97881603, -0.17820178, -0.10081328, 1.8001215;
 -0.040255845, 0.3152754, -0.94814605, -3.1144469;
 0.20074525, 0.93211883, 0.30142295, 6.3971748;
 0, 0, 0, 1]
Twc:
[0.97881603, -0.040255845, 0.20074525, -3.1715651;
 -0.17820178, 0.3152754, 0.93211883, -4.6602335;
 -0.10081328, -0.94814605, 0.30142295, -4.6997294;
 0, 0, 0, 1]
Ow:
[1.8001215;
 -3.1144469;
 6.3971748]
Keyframe: 80 Frame: 646 Frame from vFrameID : 647
Tcw:
[0.9656781, -0.21798153, -0.14124404, 1.8257585;
 -0.060042955, 0.34171775, -0.9378826, -3.1454654;
 0.25270671, 0.91417342, 0.31690109, 6.4798155;
 0, 0, 0, 1]
Twc:
[0.9656781, -0.060042955, 0.25270671, -3.5894506;
 -0.21798153, 0.34171775, 0.91417342, -4.4508319;
 -0.14124404, -0.9378826, 0.31690109, -4.7456603;
 0, 0, 0, 1]
Ow:
[1.8257585;
 -3.1454654;
 6.4798155]
Keyframe: 81 Frame: 649 Frame from vFrameID : 650
Tcw:
[0.9775328, -0.20074807, -0.064263746, 1.6186422;
 -0.0065595326, 0.27576059, -0.96120399, -3.2403491;
 0.21068126, 0.94002992, 0.26824823, 6.6103845;
 0, 0, 0, 1]
Twc:
[0.9775328, -0.0065595326, 0.21068126, -2.9962151;
 -0.20074807, 0.27576059, 0.94002992, -4.9954596;
 -0.064263746, -0.96120399, 0.26824823, -4.7838402;
 0, 0, 0, 1]
Ow:
[1.6186422;
 -3.2403491;
 6.6103845]
Keyframe: 82 Frame: 656 Frame from vFrameID : 657
Tcw:
[0.96911001, -0.21219625, -0.12569217, 1.8247328;
 -0.060952336, 0.28776225, -0.95576024, -3.3063672;
 0.23897821, 0.93389809, 0.26593944, 6.6713662;
 0, 0, 0, 1]
Twc:
[0.96911001, -0.060952336, 0.23897821, -3.5642087;
 -0.21219625, 0.28776225, 0.93389809, -4.891727;
 -0.12569217, -0.95576024, 0.26593944, -4.7049193;
 0, 0, 0, 1]
Ow:
[1.8247328;
 -3.3063672;
 6.6713662]
Keyframe: 83 Frame: 665 Frame from vFrameID : 666
Tcw:
[0.95503926, -0.22221829, -0.19626267, 1.9736463;
 -0.10052481, 0.38005599, -0.91948473, -3.1926777;
 0.27891713, 0.89787328, 0.34062994, 6.685833;
 0, 0, 0, 1]
Twc:
[0.95503926, -0.10052481, 0.27891713, -4.0706463;
 -0.22221829, 0.38005599, 0.89787328, -4.3510542;
 -0.19626267, -0.91948473, 0.34062994, -4.8256602;
 0, 0, 0, 1]
Ow:
[1.9736463;
 -3.1926777;
 6.685833]
Keyframe: 84 Frame: 668 Frame from vFrameID : 669
Tcw:
[0.96878904, -0.20968319, -0.1322147, 1.9285409;
 -0.058867093, 0.32350245, -0.94439441, -3.2686667;
 0.24079542, 0.92270207, 0.3010622, 6.8154535;
 0, 0, 0, 1]
Twc:
[0.96878904, -0.058867093, 0.24079542, -3.7018962;
 -0.20968319, 0.32350245, 0.92270207, -4.826829;
 -0.1322147, -0.94439441, 0.3010622, -4.8838048;
 0, 0, 0, 1]
Ow:
[1.9285409;
 -3.2686667;
 6.8154535]
Keyframe: 85 Frame: 674 Frame from vFrameID : 675
Tcw:
[0.969688, -0.20271368, -0.13642699, 2.1507933;
 -0.058663595, 0.34886444, -0.93533534, -3.0026364;
 0.2371998, 0.91498673, 0.32639775, 6.8880081;
 0, 0, 0, 1]
Twc:
[0.969688, -0.058663595, 0.2371998, -3.8955781;
 -0.20271368, 0.34886444, 0.91498673, -4.8189278;
 -0.13642699, -0.93533534, 0.32639775, -4.7632761;
 0, 0, 0, 1]
Ow:
[2.1507933;
 -3.0026364;
 6.8880081]
Keyframe: 86 Frame: 680 Frame from vFrameID : 681
Tcw:
[0.96818841, -0.22983867, -0.098921359, 1.9596806;
 -0.021107037, 0.31890807, -0.94755059, -3.2790926;
 0.2493306, 0.9194954, 0.30391186, 6.9505992;
 0, 0, 0, 1]
Twc:
[0.96818841, -0.021107037, 0.2493306, -3.699549;
 -0.22983867, 0.31890807, 0.9194954, -4.8949046;
 -0.098921359, -0.94755059, 0.30391186, -5.0256214;
 0, 0, 0, 1]
Ow:
[1.9596806;
 -3.2790926;
 6.9505992]
Keyframe: 87 Frame: 687 Frame from vFrameID : 688
Tcw:
[0.92949706, -0.27771932, -0.24270803, 2.1080041;
 -0.11588182, 0.40482986, -0.90701938, -3.1361241;
 0.35015225, 0.87119734, 0.34410554, 6.9945612;
 0, 0, 0, 1]
Twc:
[0.92949706, -0.11588182, 0.35015225, -4.771965;
 -0.27771932, 0.40482986, 0.87119734, -4.2386127;
 -0.24270803, -0.90701938, 0.34410554, -4.7397633;
 0, 0, 0, 1]
Ow:
[2.1080041;
 -3.1361241;
 6.9945612]
Keyframe: 88 Frame: 691 Frame from vFrameID : 692
Tcw:
[0.9269588, -0.28523928, -0.24369234, 1.9672612;
 -0.11148699, 0.41078237, -0.90489143, -3.2140532;
 0.35821509, 0.8659656, 0.34897786, 7.1202846;
 0, 0, 0, 1]
Twc:
[0.9269588, -0.11148699, 0.35821509, -4.7324882;
 -0.28523928, 0.41078237, 0.8659656, -4.2845049;
 -0.24369234, -0.90489143, 0.34897786, -4.913784;
 0, 0, 0, 1]
Ow:
[1.9672612;
 -3.2140532;
 7.1202846]
Keyframe: 89 Frame: 693 Frame from vFrameID : 694
Tcw:
[0.94755799, -0.22182219, -0.23006254, 1.9115301;
 -0.13472296, 0.37553269, -0.91696507, -3.5763407;
 0.28979921, 0.89987224, 0.32595447, 7.0482488;
 0, 0, 0, 1]
Twc:
[0.94755799, -0.13472296, 0.28979921, -4.3356781;
 -0.22182219, 0.37553269, 0.89987224, -4.5754714;
 -0.23006254, -0.91696507, 0.32595447, -5.1370163;
 0, 0, 0, 1]
Ow:
[1.9115301;
 -3.5763407;
 7.0482488]
Keyframe: 90 Frame: 695 Frame from vFrameID : 696
Tcw:
[0.93824762, -0.20599727, -0.2779505, 2.5624015;
 -0.19074093, 0.36226568, -0.9123494, -2.612011;
 0.28863341, 0.90902627, 0.30060282, 7.2625456;
 0, 0, 0, 1]
Twc:
[0.93824762, -0.19074093, 0.28863341, -4.9985981;
 -0.20599727, 0.36226568, 0.90902627, -5.1277547;
 -0.2779505, -0.9123494, 0.30060282, -3.8539875;
 0, 0, 0, 1]
Ow:
[2.5624015;
 -2.612011;
 7.2625456]
Keyframe: 91 Frame: 699 Frame from vFrameID : 700
Tcw:
