Keyframe: 0 Frame: 0 Frame from vFrameID : 95
Tcw:
[0.99417979, -0.10112208, -0.037160896, 0.029426465;
 -0.042130992, -0.047465418, -0.99798399, -0.0076267207;
 0.099154361, 0.9937411, -0.05144953, -0.053626582;
 0, 0, 0, 1]
Twc:
[0.99417979, -0.042130992, 0.099154361, -0.024259208;
 -0.10112208, -0.047465418, 0.9937411, 0.055904597;
 -0.037160896, -0.99798399, -0.05144953, -0.009276893;
 0, 0, 0, 1]
Ow:
[0.029426465;
 -0.0076267207;
 -0.053626582]
Keyframe: 1 Frame: 102 Frame from vFrameID : 95
Tcw:
[0.99505335, -0.091104843, -0.039606549, 0.008475231;
 -0.045513462, -0.063699558, -0.99693072, -0.012058876;
 0.088302292, 0.99380195, -0.06753096, 0.018096037;
 0, 0, 0, 1]
Twc:
[0.99505335, -0.045513462, 0.088302292, -0.01058007;
 -0.091104843, -0.063699558, 0.99380195, -0.017979886;
 -0.039606549, -0.99693072, -0.06753096, -0.010464147;
 0, 0, 0, 1]
Ow:
[0.008475231;
 -0.012058876;
 0.018096037]
