Keyframe: 0 Frame: 0 Frame from vFrameID : 95
Tcw:
[0.99607557, -0.082975902, -0.03079644, 0.030518634;
 -0.036400601, -0.066895932, -0.99709576, -0.007484274;
 0.08067476, 0.99430376, -0.069653779, -0.056613613;
 0, 0, 0, 1]
Twc:
[0.99607557, -0.036400601, 0.08067476, -0.026104009;
 -0.082975902, -0.066895932, 0.99430376, 0.058322772;
 -0.03079644, -0.99709576, -0.069653779, -0.010466024;
 0, 0, 0, 1]
Ow:
[0.030518634;
 -0.007484274;
 -0.056613613]
Keyframe: 1 Frame: 114 Frame from vFrameID : 95
Tcw:
[0.9963758, -0.081626758, -0.023924427, 0.0041399822;
 -0.029408537, -0.066658385, -0.99734235, 0.0036956519;
 0.07981506, 0.99443138, -0.068817325, -0.0042820666;
 0, 0, 0, 1]
Twc:
[0.9963758, -0.029408537, 0.07981506, -0.0036745209;
 -0.081626758, -0.066658385, 0.99443138, 0.0048425011;
 -0.023924427, -0.99734235, -0.068817325, 0.0034901965;
 0, 0, 0, 1]
Ow:
[0.0041399822;
 0.0036956519;
 -0.0042820666]
