Keyframe: 0 Frame: 0 Frame from vFrameID : 95
Tcw:
[0.99669766, -0.055888161, -0.058908995, 0.056344166;
 -0.060855951, -0.033797726, -0.99757421, -0.016618164;
 0.053761598, 0.99786484, -0.037087243, -0.061845362;
 0, 0, 0, 1]
Twc:
[0.99669766, -0.060855951, 0.053761598, -0.053844508;
 -0.055888161, -0.033797726, 0.99786484, 0.064300627;
 -0.058908995, -0.99757421, -0.037087243, -0.015552348;
 0, 0, 0, 1]
Ow:
[0.056344166;
 -0.016618164;
 -0.061845362]
Keyframe: 1 Frame: 126 Frame from vFrameID : 95
Tcw:
[0.99688429, -0.055611342, -0.055938002, -0.00045671838;
 -0.057719089, -0.030953359, -0.99785292, 0.0022176686;
 0.053760469, 0.99797261, -0.034066752, 0.0015377413;
 0, 0, 0, 1]
Twc:
[0.99688429, -0.057719089, 0.053760469, 0.0005006275;
 -0.055611342, -0.030953359, 0.99797261, -0.0014913781;
 -0.055938002, -0.99785292, -0.034066752, 0.0022397449;
 0, 0, 0, 1]
Ow:
[-0.00045671838;
 0.0022176686;
 0.0015377413]
