Keyframe: 0 Frame: 0 Frame from vFrameID : 95
Tcw:
[0.99426222, -0.099424042, -0.039464533, 0.026632026;
 -0.045514371, -0.059333585, -0.99720007, -0.0086652692;
 0.09680409, 0.99327457, -0.063518368, -0.052579097;
 0, 0, 0, 1]
Twc:
[0.99426222, -0.045514371, 0.09680409, -0.021783741;
 -0.099424042, -0.059333585, 0.99327457, 0.054359205;
 -0.039464533, -0.99720007, -0.063518368, -0.010929725;
 0, 0, 0, 1]
Ow:
[0.026632026;
 -0.0086652692;
 -0.052579097]
Keyframe: 1 Frame: 110 Frame from vFrameID : 95
Tcw:
[0.99573004, -0.090487145, -0.018269639, -0.010558593;
 -0.019741599, -0.015398751, -0.99968654, -0.0098537002;
 0.090177454, 0.99577856, -0.017119359, -0.046054449;
 0, 0, 0, 1]
Twc:
[0.99573004, -0.019741599, 0.090177454, 0.014472053;
 -0.090487145, -0.015398751, 0.99577856, 0.044752881;
 -0.018269639, -0.99968654, -0.017119359, -0.010831935;
 0, 0, 0, 1]
Ow:
[-0.010558593;
 -0.0098537002;
 -0.046054449]
