Keyframe: 0 Frame: 0 Frame from vFrameID : 95
Tcw:
[0.99696255, -0.069845378, -0.034456834, 0.032440163;
 -0.039179109, -0.067408331, -0.99695593, -0.0076222341;
 0.067310087, 0.9952777, -0.06994006, -0.059834566;
 0, 0, 0, 1]
Twc:
[0.99696255, -0.039179109, 0.067310087, -0.028612791;
 -0.069845378, -0.067408331, 0.9952777, 0.061304007;
 -0.034456834, -0.99695593, -0.06994006, -0.01066608;
 0, 0, 0, 1]
Ow:
[0.032440163;
 -0.0076222341;
 -0.059834566]
Keyframe: 1 Frame: 118 Frame from vFrameID : 95
Tcw:
[0.99695569, -0.063597292, -0.045108497, -nan;
 -0.048984051, -0.060757503, -0.99694991, -nan;
 0.060662631, 0.99612445, -0.063687794, -nan;
 0, 0, 0, 1]
Twc:
[0.99695569, -0.048984051, 0.060662631, -inf;
 -0.063597292, -0.060757503, 0.99612445, inf;
 -0.045108497, -0.99694991, -0.063687794, -inf;
 0, 0, 0, 1]
Ow:
[-nan;
 -nan;
 -nan]
