Keyframe: 0 Frame: 0 Frame from vFrameID : 95
Tcw:
[0.99680507, -0.036410674, -0.071091093, 0.075160742;
 -0.071690209, -0.015420364, -0.99730772, -0.013473427;
 0.035216395, 0.99921793, -0.017981386, -0.063600779;
 0, 0, 0, 1]
Twc:
[0.99680507, -0.071690209, 0.035216395, -0.073646732;
 -0.036410674, -0.015420364, 0.99921793, 0.066079922;
 -0.071091093, -0.99730772, -0.017981386, -0.0092375241;
 0, 0, 0, 1]
Ow:
[0.075160742;
 -0.013473427;
 -0.063600779]
Keyframe: 1 Frame: 130 Frame from vFrameID : 95
Tcw:
[0.99675095, -0.028996553, -0.075144425, 0.005018997;
 -0.075392567, -0.0075600455, -0.99712527, -0.0015874925;
 0.028345101, 0.99955094, -0.009721607, -0.0023169911;
 0, 0, 0, 1]
Twc:
[0.99675095, -0.075392567, 0.028345101, -0.0050567002;
 -0.028996553, -0.0075600455, 0.99955094, 0.0024494824;
 -0.075144425, -0.99712527, -0.009721607, -0.0012283041;
 0, 0, 0, 1]
Ow:
[0.005018997;
 -0.0015874925;
 -0.0023169911]
