Keyframe: 0 Frame: 0 Frame from vFrameID : 95
Tcw:
[0.99596524, -0.082737245, -0.034752809, 0.032574698;
 -0.037392791, -0.030574825, -0.99883282, -0.0084396005;
 0.081578113, 0.99610227, -0.033545241, -0.057233036;
 0, 0, 0, 1]
Twc:
[0.99596524, -0.037392791, 0.081578113, -0.028089887;
 -0.082737245, -0.030574825, 0.99610227, 0.059447058;
 -0.034752809, -0.99883282, -0.033545241, -0.0092175836;
 0, 0, 0, 1]
Ow:
[0.032574698;
 -0.0084396005;
 -0.057233036]
Keyframe: 1 Frame: 98 Frame from vFrameID : 95
Tcw:
[0.99514097, -0.087987609, -0.044189233, 0.0002235885;
 -0.047243845, -0.032941021, -0.99834007, -0.0012653471;
 0.086385913, 0.99557674, -0.036937833, -8.8076689e-05;
 0, 0, 0, 1]
Twc:
[0.99514097, -0.047243845, 0.086385913, -0.00027467334;
 -0.087987609, -0.032941021, 0.99557674, 6.5678294e-05;
 -0.044189233, -0.99834007, -0.036937833, -0.0012566199;
 0, 0, 0, 1]
Ow:
[0.0002235885;
 -0.0012653471;
 -8.8076689e-05]
