Keyframe: 0 Frame: 0 Frame from vFrameID : 95
Tcw:
[0.996548, -0.064672969, -0.052052807, 0.047256909;
 -0.055032883, -0.045184731, -0.99746162, -0.017437493;
 0.062156815, 0.99688303, -0.048587892, -0.061608955;
 0, 0, 0, 1]
Twc:
[0.996548, -0.055032883, 0.062156815, -0.044223998;
 -0.064672969, -0.045184731, 0.99688303, 0.063685261;
 -0.052052807, -0.99746162, -0.048587892, -0.017926825;
 0, 0, 0, 1]
Ow:
[0.047256909;
 -0.017437493;
 -0.061608955]
Keyframe: 1 Frame: 122 Frame from vFrameID : 95
Tcw:
[0.99657035, -0.061849911, -0.054973941, 0.0013928883;
 -0.05750173, -0.039859362, -0.99754941, -0.0093907742;
 0.059507117, 0.99728924, -0.043279134, -0.0023654406;
 0, 0, 0, 1]
Twc:
[0.99657035, -0.05750173, 0.059507117, -0.0017873363;
 -0.061849911, -0.039859362, 0.99728924, 0.0020708682;
 -0.054973941, -0.99754941, -0.043279134, -0.0093935626;
 0, 0, 0, 1]
Ow:
[0.0013928883;
 -0.0093907742;
 -0.0023654406]
