Keyframe: 0 Frame: 0 Frame from vFrameID : 95
Tcw:
[0.99728572, -0.023258803, -0.069858864, 0.079646185;
 -0.070185855, -0.0135515, -0.99744189, -0.010704692;
 0.022252612, 0.9996376, -0.015147156, -0.063419394;
 0, 0, 0, 1]
Twc:
[0.99728572, -0.070185855, 0.022252612, -0.078770071;
 -0.023258803, -0.0135515, 0.9996376, 0.065103829;
 -0.069858864, -0.99744189, -0.015147156, -0.0060739401;
 0, 0, 0, 1]
Ow:
[0.079646185;
 -0.010704692;
 -0.063419394]
Keyframe: 1 Frame: 134 Frame from vFrameID : 95
Tcw:
[0.077512987, -0.98000491, 0.18325412, -0.071107522;
 -0.1106135, -0.19112571, -0.97531307, 0.013410757;
 0.9908362, 0.055329051, -0.1232165, -0.21588099;
 0, 0, 0, 1]
Twc:
[0.077512987, -0.1106135, 0.9908362, 0.22089787;
 -0.98000491, -0.19112571, 0.055329051, -0.055178091;
 0.18325412, -0.97531307, -0.1232165, -0.00048966677;
 0, 0, 0, 1]
Ow:
[-0.071107522;
 0.013410757;
 -0.21588099]
