Keyframe: 0 Frame: 0 Frame from vFrameID : 95
Tcw:
[0.99875224, -0.043530341, -0.024476621, 0.037959371;
 -0.024997724, -0.011467163, -0.99962175, -0.0080394829;
 0.043233197, 0.9989863, -0.012541015, -0.062979177;
 0, 0, 0, 1]
Twc:
[0.99875224, -0.024997724, 0.043233197, -0.035390183;
 -0.043530341, -0.011467163, 0.9989863, 0.064475521;
 -0.024476621, -0.99962175, -0.012541015, -0.007897147;
 0, 0, 0, 1]
Ow:
[0.037959371;
 -0.0080394829;
 -0.062979177]
Keyframe: 1 Frame: 94 Frame from vFrameID : 95
Tcw:
[0.99796486, -0.052408356, -0.036325391, -7.6887787e-05;
 -0.037101686, -0.013916033, -0.99921459, 0.00042030518;
 0.051861688, 0.99852878, -0.01583215, -0.00054577639;
 0, 0, 0, 1]
Twc:
[0.99796486, -0.037101686, 0.051861688, 0.00012063022;
 -0.052408356, -0.013916033, 0.99852878, 0.00054679281;
 -0.036325391, -0.99921459, -0.01583215, 0.00040854127;
 0, 0, 0, 1]
Ow:
[-7.6887787e-05;
 0.00042030518;
 -0.00054577639]
