Keyframe: 0 Frame: 0 Frame from vFrameID : 95
Tcw:
[0.9927789, -0.11223395, -0.042350687, 0.02982951;
 -0.04844445, -0.052135117, -0.9974643, -0.0077129663;
 0.1097414, 0.99231321, -0.057195757, -0.053048499;
 0, 0, 0, 1]
Twc:
[0.9927789, -0.04844445, 0.1097414, -0.024166141;
 -0.11223395, -0.052135117, 0.99231321, 0.055586495;
 -0.042350687, -0.9974643, -0.057195757, -0.0094642574;
 0, 0, 0, 1]
Ow:
[0.02982951;
 -0.0077129663;
 -0.053048499]
Keyframe: 1 Frame: 106 Frame from vFrameID : 95
Tcw:
[0.31483254, 0.86493754, -0.39084968, -0.094001435;
 0.56248808, -0.5017125, -0.65718466, -0.37840667;
 -0.7645179, -0.012945163, -0.64447248, 0.16498666;
 0, 0, 0, 1]
Twc:
[0.31483254, 0.56248808, -0.7645179, 0.36857921;
 0.86493754, -0.5017125, -0.012945163, -0.10641021;
 -0.39084968, -0.65718466, -0.64447248, -0.17909415;
 0, 0, 0, 1]
Ow:
[-0.094001435;
 -0.37840667;
 0.16498666]
