Keyframe: 0 Frame: 0 Frame from vFrameID : 95
Tcw:
[0.99741572, -0.019629447, -0.069112472, 0.081576116;
 -0.069381416, -0.013366892, -0.99750066, -0.010000763;
 0.018656567, 0.99971795, -0.014694267, -0.064841874;
 0, 0, 0, 1]
Twc:
[0.99741572, -0.069381416, 0.018656567, -0.080849446;
 -0.019629447, -0.013366892, 0.99971795, 0.066291206;
 -0.069112472, -0.99750066, -0.014694267, -0.0052906447;
 0, 0, 0, 1]
Ow:
[0.081576116;
 -0.010000763;
 -0.064841874]
Keyframe: 1 Frame: 138 Frame from vFrameID : 95
Tcw:
[0.99804282, -0.013928238, -0.060963571, -nan;
 -0.061089676, -0.0088147633, -0.99809337, -nan;
 0.013364303, 0.99986416, -0.0096483827, -nan;
 0, 0, 0, 1]
Twc:
[0.99804282, -0.061089676, 0.013364303, -inf;
 -0.013928238, -0.0088147633, 0.99986416, inf;
 -0.060963571, -0.99809337, -0.0096483827, -inf;
 0, 0, 0, 1]
Ow:
[-nan;
 -nan;
 -nan]
