Keyframe: 0 Frame: 0 Frame from vFrameID : 174
Tcw:
[0.99903452, 0.042722426, 0.010239576, 0.072804101;
 -0.0076286285, 0.39823428, -0.917252, -0.0019794423;
 -0.043264981, 0.91628832, 0.39817569, -0.074824199;
 0, 0, 0, 1]
Twc:
[0.99903452, -0.0076286285, -0.043264981, -0.075986177;
 0.042722426, 0.39823428, 0.91628832, 0.066238455;
 0.010239576, -0.917252, 0.39817569, 0.027232047;
 0, 0, 0, 1]
Ow:
[0.072804101;
 -0.0019794423;
 -0.074824199]
Keyframe: 1 Frame: 195 Frame from vFrameID : 174
Tcw:
[0.99880695, 0.047452152, -0.011530245, 0.075898848;
 -0.029144462, 0.38979921, -0.92043859, 0.0015574507;
 -0.039182309, 0.91967648, 0.39071712, -0.065694548;
 0, 0, 0, 1]
Twc:
[0.99880695, -0.029144462, -0.039182309, -0.078336969;
 0.047452152, 0.38979921, 0.91967648, 0.05620908;
 -0.011530245, -0.92043859, 0.39071712, 0.027976656;
 0, 0, 0, 1]
Ow:
[0.075898848;
 0.0015574507;
 -0.065694548]
Keyframe: 2 Frame: 199 Frame from vFrameID : 200
Tcw:
[0.99895722, 0.031325612, -0.03321407, 0.095802717;
 -0.042690281, 0.38296536, -0.92277575, -0.0060713459;
 -0.016186677, 0.92323142, 0.38390332, -0.068259358;
 0, 0, 0, 1]
Twc:
[0.99895722, -0.042690281, -0.016186677, -0.097066894;
 0.031325612, 0.38296536, 0.92323142, 0.062343221;
 -0.03321407, -0.92277575, 0.38390332, 0.023784503;
 0, 0, 0, 1]
Ow:
[0.095802717;
 -0.0060713459;
 -0.068259358]
Keyframe: 3 Frame: 202 Frame from vFrameID : 203
Tcw:
[0.99857599, 0.033352863, -0.041636489, 0.10017422;
 -0.051056445, 0.37119749, -0.92714924, -0.0057247952;
 -0.01546772, 0.92795473, 0.37237179, -0.063532867;
 0, 0, 0, 1]
Twc:
[0.99857599, -0.051056445, -0.01546772, -0.10130657;
 0.033352863, 0.37119749, 0.92795473, 0.05773956;
 -0.041636489, -0.92714924, 0.37237179, 0.02252101;
 0, 0, 0, 1]
Ow:
[0.10017422;
 -0.0057247952;
 -0.063532867]
Keyframe: 4 Frame: 205 Frame from vFrameID : 206
Tcw:
[0.99747354, 0.045835018, -0.054274734, 0.096550301;
 -0.067388572, 0.36872882, -0.92709106, -0.0059605055;
 -0.022480577, 0.9284063, 0.37088597, -0.058562092;
 0, 0, 0, 1]
Twc:
[0.99747354, -0.067388572, -0.022480577, -0.098024547;
 0.045835018, 0.36872882, 0.9284063, 0.052141842;
 -0.054274734, -0.92709106, 0.37088597, 0.021434171;
 0, 0, 0, 1]
Ow:
[0.096550301;
 -0.0059605055;
 -0.058562092]
Keyframe: 5 Frame: 208 Frame from vFrameID : 209
Tcw:
[0.99812025, 0.03839571, -0.047767796, 0.096049964;
 -0.058711987, 0.37553638, -0.92494613, -0.006160209;
 -0.01757542, 0.92601198, 0.37708473, -0.058738507;
 0, 0, 0, 1]
Twc:
[0.99812025, -0.058711987, -0.01757542, -0.09726344;
 0.03839571, 0.37553638, 0.92601198, 0.053018041;
 -0.047767796, -0.92494613, 0.37708473, 0.021039629;
 0, 0, 0, 1]
Ow:
[0.096049964;
 -0.006160209;
 -0.058738507]
Keyframe: 6 Frame: 212 Frame from vFrameID : 213
Tcw:
[0.9984979, 0.032491658, -0.044116337, 0.10359325;
 -0.05289425, 0.3616606, -0.93080813, -0.0074728243;
 -0.01428836, 0.9317435, 0.36283597, -0.047819342;
 0, 0, 0, 1]
Twc:
[0.9984979, -0.05289425, -0.01428836, -0.10451616;
 0.032491658, 0.3616606, 0.9317435, 0.043892071;
 -0.044116337, -0.93080813, 0.36283597, 0.014964966;
 0, 0, 0, 1]
Ow:
[0.10359325;
 -0.0074728243;
 -0.047819342]
Keyframe: 7 Frame: 217 Frame from vFrameID : 218
Tcw:
[0.99890739, 0.035825614, -0.030010164, 0.10717561;
 -0.041187242, 0.37141722, -0.92755204, -0.0048215389;
 -0.02208383, 0.92777461, 0.37248698, -0.041146204;
 0, 0, 0, 1]
Twc:
[0.99890739, -0.041187242, -0.02208383, -0.10816575;
 0.035825614, 0.37141722, 0.92777461, 0.036125578;
 -0.030010164, -0.92755204, 0.37248698, 0.014070554;
 0, 0, 0, 1]
Ow:
[0.10717561;
 -0.0048215389;
 -0.041146204]
Keyframe: 8 Frame: 222 Frame from vFrameID : 223
Tcw:
[0.99793059, 0.03798297, -0.051882815, 0.12046275;
 -0.061709531, 0.33900398, -0.93875885, -0.010006442;
 -0.018068368, 0.94001788, 0.34064636, -0.032184739;
 0, 0, 0, 1]
Twc:
[0.99793059, -0.061709531, -0.018068368, -0.12141248;
 0.03798297, 0.33900398, 0.94001788, 0.029070921;
 -0.051882815, -0.93875885, 0.34064636, 0.0078199236;
 0, 0, 0, 1]
Ow:
[0.12046275;
 -0.010006442;
 -0.032184739]
Keyframe: 9 Frame: 228 Frame from vFrameID : 229
Tcw:
[0.99929136, 0.031473722, -0.020644769, 0.11524788;
 -0.030605961, 0.36014944, -0.93239242, -0.010884573;
 -0.021910658, 0.93236357, 0.36085749, -0.020664593;
 0, 0, 0, 1]
Twc:
[0.99929136, -0.030605961, -0.021910658, -0.11595212;
 0.031473722, 0.36014944, 0.93236357, 0.019559707;
 -0.020644769, -0.93239242, 0.36085749, -0.00031245328;
 0, 0, 0, 1]
Ow:
[0.11524788;
 -0.010884573;
 -0.020664593]
Keyframe: 10 Frame: 234 Frame from vFrameID : 235
Tcw:
[0.99940521, 0.025252767, -0.023483571, 0.13115972;
 -0.031204935, 0.37240741, -0.92754459, -0.012730833;
 -0.014677611, 0.92772573, 0.37297392, -0.010300843;
 0, 0, 0, 1]
Twc:
[0.99940521, -0.031204935, -0.014677611, -0.13163018;
 0.025252767, 0.37240741, 0.92772573, 0.010985268;
 -0.023483571, -0.92754459, 0.37297392, -0.0048863711;
 0, 0, 0, 1]
Ow:
[0.13115972;
 -0.012730833;
 -0.010300843]
Keyframe: 11 Frame: 240 Frame from vFrameID : 241
Tcw:
[0.99963063, 0.0034076001, -0.02696324, 0.14322978;
 -0.026228009, 0.38093266, -0.92423069, -0.0048112841;
 0.0071217697, 0.92459649, 0.38088131, 0.010515763;
 0, 0, 0, 1]
Twc:
[0.99963063, -0.026228009, 0.0071217697, -0.14337796;
 0.0034076001, 0.38093266, 0.92459649, -0.0083781332;
 -0.02696324, -0.92423069, 0.38088131, -0.0045900554;
 0, 0, 0, 1]
Ow:
[0.14322978;
 -0.0048112841;
 0.010515763]
Keyframe: 12 Frame: 247 Frame from vFrameID : 248
Tcw:
[0.99932861, -0.0025875433, -0.036546107, 0.15331532;
 -0.032510944, 0.39728668, -0.91711849, -0.016315829;
 0.016892366, 0.91769093, 0.39693582, 0.023042584;
 0, 0, 0, 1]
Twc:
[0.99932861, -0.032510944, 0.016892366, -0.15413207;
 -0.0025875433, 0.39728668, 0.91769093, -0.014267197;
 -0.036546107, -0.91711849, 0.39693582, -0.018506898;
 0, 0, 0, 1]
Ow:
[0.15331532;
 -0.016315829;
 0.023042584]
Keyframe: 13 Frame: 254 Frame from vFrameID : 255
Tcw:
[0.99976397, -0.0024366935, -0.021587802, 0.16433869;
 -0.018690495, 0.4100543, -0.91186959, -0.014788724;
 0.011074117, 0.91205788, 0.40991196, 0.038523026;
 0, 0, 0, 1]
Twc:
[0.99976397, -0.018690495, 0.011074117, -0.16500293;
 -0.0024366935, 0.4100543, 0.91205788, -0.028670607;
 -0.021587802, -0.91186959, 0.40991196, -0.025728727;
 0, 0, 0, 1]
Ow:
[0.16433869;
 -0.014788724;
 0.038523026]
Keyframe: 14 Frame: 262 Frame from vFrameID : 263
Tcw:
[0.9996897, -0.0028036654, -0.02475068, 0.16700467;
 -0.021734919, 0.38719437, -0.9217419, -0.023004724;
 0.012167579, 0.92199385, 0.38701329, 0.060815658;
 0, 0, 0, 1]
Twc:
[0.9996897, -0.021734919, 0.012167579, -0.16819283;
 -0.0028036654, 0.38719437, 0.92199385, -0.046696138;
 -0.02475068, -0.9217419, 0.38701329, -0.040607408;
 0, 0, 0, 1]
Ow:
[0.16700467;
 -0.023004724;
 0.060815658]
Keyframe: 15 Frame: 271 Frame from vFrameID : 272
Tcw:
[0.9999252, 0.0032500615, 0.011793335, 0.17516173;
 0.009471464, 0.40443733, -0.91451669, -0.033159025;
 -0.0077419002, 0.91455996, 0.40437627, 0.077396765;
 0, 0, 0, 1]
Twc:
[0.9999252, 0.009471464, -0.0077419002, -0.17423536;
 0.0032500615, 0.40443733, 0.91455996, -0.057942517;
 0.011793335, -0.91451669, 0.40437627, -0.063687637;
 0, 0, 0, 1]
Ow:
[0.17516173;
 -0.033159025;
 0.077396765]
Keyframe: 16 Frame: 280 Frame from vFrameID : 281
Tcw:
[0.99964207, -0.01415457, -0.022703024, 0.20009719;
 -0.016032737, 0.36239946, -0.93188494, -0.026163135;
 0.021417994, 0.9319154, 0.36204281, 0.11777165;
 0, 0, 0, 1]
Twc:
[0.99964207, -0.016032737, 0.021417994, -0.20296745;
 -0.01415457, 0.36239946, 0.9319154, -0.097439416;
 -0.022703024, -0.93188494, 0.36204281, -0.062476601;
 0, 0, 0, 1]
Ow:
[0.20009719;
 -0.026163135;
 0.11777165]
Keyframe: 17 Frame: 289 Frame from vFrameID : 290
Tcw:
[0.99892282, -0.006191778, -0.045987401, 0.21597967;
 -0.039879825, 0.3921161, -0.91905093, -0.029760815;
 0.02372296, 0.91989487, 0.3914468, 0.1393476;
 0, 0, 0, 1]
Twc:
[0.99892282, -0.039879825, 0.02372296, -0.22023961;
 -0.006191778, 0.3921161, 0.91989487, -0.11517815;
 -0.045987401, -0.91905093, 0.3914468, -0.071966529;
 0, 0, 0, 1]
Ow:
[0.21597967;
 -0.029760815;
 0.1393476]
Keyframe: 18 Frame: 299 Frame from vFrameID : 300
Tcw:
[0.99832255, -0.036844105, -0.044660863, 0.22864254;
 -0.0272019, 0.38245702, -0.92357278, -0.053063881;
 0.051109072, 0.9232384, 0.38081324, 0.1658261;
 0, 0, 0, 1]
Twc:
[0.99832255, -0.0272019, 0.051109072, -0.23817766;
 -0.036844105, 0.38245702, 0.9232384, -0.12437824;
 -0.044660863, -0.92357278, 0.38081324, -0.10194576;
 0, 0, 0, 1]
Ow:
[0.22864254;
 -0.053063881;
 0.1658261]
Keyframe: 19 Frame: 308 Frame from vFrameID : 309
Tcw:
[0.99950784, -0.010714973, -0.029482411, 0.25568622;
 -0.022639686, 0.40415353, -0.91441095, -0.074100941;
 0.021713309, 0.91462839, 0.40371203, 0.18343547;
 0, 0, 0, 1]
Twc:
[0.99950784, -0.022639686, 0.021713309, -0.26122102;
 -0.010714973, 0.40415353, 0.91462839, -0.13508746;
 -0.029482411, -0.91441095, 0.40371203, -0.13427557;
 0, 0, 0, 1]
Ow:
[0.25568622;
 -0.074100941;
 0.18343547]
Keyframe: 20 Frame: 319 Frame from vFrameID : 320
Tcw:
[0.99801058, -0.021899903, -0.059120584, 0.25482038;
 -0.045455728, 0.39985266, -0.91545159, -0.070567116;
 0.043687824, 0.91631776, 0.39806172, 0.21779115;
 0, 0, 0, 1]
Twc:
[0.99801058, -0.045455728, 0.043687824, -0.26703593;
 -0.021899903, 0.39985266, 0.91631776, -0.16576891;
 -0.059120584, -0.91545159, 0.39806172, -0.13622996;
 0, 0, 0, 1]
Ow:
[0.25482038;
 -0.070567116;
 0.21779115]
Keyframe: 21 Frame: 328 Frame from vFrameID : 329
Tcw:
[0.99977469, 0.0056324131, -0.02046624, 0.27990791;
 -0.021048013, 0.38802972, -0.92140651, -0.078717038;
 0.0027517674, 0.92162967, 0.38806084, 0.26523226;
 0, 0, 0, 1]
Twc:
[0.99977469, -0.021048013, 0.0027517674, -0.28223154;
 0.0056324131, 0.38802972, 0.92162967, -0.21547791;
 -0.02046624, -0.92140651, 0.38806084, -0.16972798;
 0, 0, 0, 1]
Ow:
[0.27990791;
 -0.078717038;
 0.26523226]
Keyframe: 22 Frame: 339 Frame from vFrameID : 340
Tcw:
[0.99975216, 0.021966184, -0.0036162026, 0.28966078;
 -0.012120473, 0.40083298, -0.916071, -0.10552893;
 -0.01867309, 0.91588777, 0.40099987, 0.27835673;
 0, 0, 0, 1]
Twc:
[0.99975216, -0.012120473, -0.01867309, -0.28567028;
 0.021966184, 0.40083298, 0.91588777, -0.21900678;
 -0.0036162026, -0.916071, 0.40099987, -0.20724553;
 0, 0, 0, 1]
Ow:
[0.28966078;
 -0.10552893;
 0.27835673]
Keyframe: 23 Frame: 350 Frame from vFrameID : 351
Tcw:
[0.99747449, -0.04665269, -0.053555679, 0.29283276;
 -0.029917903, 0.40789324, -0.9125393, -0.096067287;
 0.064417414, 0.91183698, 0.40546733, 0.29904634;
 0, 0, 0, 1]
Twc:
[0.99747449, -0.029917903, 0.064417414, -0.31423116;
 -0.04665269, 0.40789324, 0.91183698, -0.21983486;
 -0.053555679, -0.9125393, 0.40546733, -0.19323584;
 0, 0, 0, 1]
Ow:
[0.29283276;
 -0.096067287;
 0.29904634]
Keyframe: 24 Frame: 360 Frame from vFrameID : 361
Tcw:
[0.99871475, -0.047963127, -0.016383423, 0.29984474;
 0.0068512433, 0.44803303, -0.89399076, -0.11180948;
 0.050218906, 0.89272946, 0.44778579, 0.30500367;
 0, 0, 0, 1]
Twc:
[0.99871475, 0.0068512433, 0.050218906, -0.31401026;
 -0.047963127, 0.44803303, 0.89272946, -0.20780994;
 -0.016383423, -0.89399076, 0.44778579, -0.23162048;
 0, 0, 0, 1]
Ow:
[0.29984474;
 -0.11180948;
 0.30500367]
Keyframe: 25 Frame: 370 Frame from vFrameID : 371
Tcw:
[0.99977499, 0.00029484861, 0.021211632, 0.31044227;
 0.019034183, 0.42899224, -0.90310764, -0.12298317;
 -0.009365906, 0.90330815, 0.42889008, 0.34903213;
 0, 0, 0, 1]
Twc:
[0.99977499, 0.019034183, -0.009365906, -0.30476251;
 0.00029484861, 0.42899224, 0.90330815, -0.26261628;
 0.021211632, -0.90310764, 0.42889008, -0.26734844;
 0, 0, 0, 1]
Ow:
[0.31044227;
 -0.12298317;
 0.34903213]
Keyframe: 26 Frame: 381 Frame from vFrameID : 382
Tcw:
[0.99835318, 0.03523257, 0.045272768, 0.31390589;
 0.025434772, 0.43551919, -0.89982003, -0.12296492;
 -0.05142013, 0.8994897, 0.43390581, 0.37196639;
 0, 0, 0, 1]
Twc:
[0.99835318, 0.025434772, -0.05142013, -0.2911348;
 0.03523257, 0.43551919, 0.8994897, -0.29208604;
 0.045272768, -0.89982003, 0.43390581, -0.28625607;
 0, 0, 0, 1]
Ow:
[0.31390589;
 -0.12296492;
 0.37196639]
Keyframe: 27 Frame: 391 Frame from vFrameID : 392
Tcw:
[0.99977893, 0.011945479, -0.017302599, 0.32907224;
 -0.020716088, 0.41897973, -0.90775925, -0.12378745;
 -0.0035941796, 0.90791702, 0.41913459, 0.40296021;
 0, 0, 0, 1]
Twc:
[0.99977893, -0.020716088, -0.0035941796, -0.33011559;
 0.011945479, 0.41897973, 0.90791702, -0.31792089;
 -0.017302599, -0.90775925, 0.41913459, -0.27556995;
 0, 0, 0, 1]
Ow:
[0.32907224;
 -0.12378745;
 0.40296021]
Keyframe: 28 Frame: 402 Frame from vFrameID : 403
Tcw:
[0.99921399, 0.023655433, 0.031809688, 0.33839783;
 0.019554758, 0.40387708, -0.91460425, -0.11805376;
 -0.034482565, 0.91450739, 0.40309703, 0.42795539;
 0, 0, 0, 1]
Twc:
[0.99921399, 0.019554758, -0.034482565, -0.32106635;
 0.023655433, 0.40387708, 0.91450739, -0.35169411;
 0.031809688, -0.91460425, 0.40309703, -0.29124436;
 0, 0, 0, 1]
Ow:
[0.33839783;
 -0.11805376;
 0.42795539]
Keyframe: 29 Frame: 412 Frame from vFrameID : 413
Tcw:
[0.997334, 0.045444231, 0.057093766, 0.34855953;
 0.034653999, 0.39359275, -0.91863149, -0.1158139;
 -0.064218193, 0.91816097, 0.39096862, 0.46004128;
 0, 0, 0, 1]
Twc:
[0.997334, 0.034653999, -0.064218193, -0.31407386;
 0.045444231, 0.39359275, 0.91816097, -0.39264846;
 0.057093766, -0.91863149, 0.39096862, -0.30615255;
 0, 0, 0, 1]
Ow:
[0.34855953;
 -0.1158139;
 0.46004128]
Keyframe: 30 Frame: 423 Frame from vFrameID : 424
Tcw:
[0.9952178, 0.07213112, 0.065868393, 0.36783826;
 0.031422265, 0.40207401, -0.91506785, -0.093165711;
 -0.09248884, 0.91276151, 0.3978847, 0.48939285;
 0, 0, 0, 1]
Twc:
[0.9952178, 0.031422265, -0.09248884, -0.31788835;
 0.07213112, 0.40207401, 0.91276151, -0.43577206;
 0.065868393, -0.91506785, 0.3978847, -0.30420378;
 0, 0, 0, 1]
Ow:
[0.36783826;
 -0.093165711;
 0.48939285]
Keyframe: 31 Frame: 434 Frame from vFrameID : 435
Tcw:
[0.99514508, 0.078982607, 0.058719974, 0.36752394;
 0.025436267, 0.36996025, -0.92869931, -0.093594477;
 -0.095075153, 0.92568415, 0.36615509, 0.52760547;
 0, 0, 0, 1]
Twc:
[0.99514508, 0.025436267, -0.095075153, -0.31319675;
 0.078982607, 0.36996025, 0.92568415, -0.4827978;
 0.058719974, -0.92869931, 0.36615509, -0.30168757;
 0, 0, 0, 1]
Ow:
[0.36752394;
 -0.093594477;
 0.52760547]
Keyframe: 32 Frame: 445 Frame from vFrameID : 446
Tcw:
[0.99293423, 0.088541597, 0.079006352, 0.38771036;
 0.042812355, 0.35365632, -0.93439513, -0.096793652;
 -0.11067393, 0.93117541, 0.34736678, 0.55791068;
 0, 0, 0, 1]
Twc:
[0.99293423, 0.042812355, -0.11067393, -0.31908074;
 0.088541597, 0.35365632, 0.93117541, -0.51960945;
 0.079006352, -0.93439513, 0.34736678, -0.31487471;
 0, 0, 0, 1]
Ow:
[0.38771036;
 -0.096793652;
 0.55791068]
Keyframe: 33 Frame: 455 Frame from vFrameID : 456
Tcw:
[0.98989713, 0.094748594, 0.10548173, 0.39362964;
 0.064616129, 0.36073965, -0.93042552, -0.11749886;
 -0.12620795, 0.92784137, 0.35097286, 0.57622606;
 0, 0, 0, 1]
Twc:
[0.98989713, 0.064616129, -0.12620795, -0.30933622;
 0.094748594, 0.36073965, 0.92784137, -0.52955574;
 0.10548173, -0.93042552, 0.35097286, -0.35308439;
 0, 0, 0, 1]
Ow:
[0.39362964;
 -0.11749886;
 0.57622606]
Keyframe: 34 Frame: 465 Frame from vFrameID : 466
Tcw:
[0.99437886, 0.075771287, 0.073954977, 0.40500426;
 0.043985318, 0.33973387, -0.93949252, -0.11408362;
 -0.096311569, 0.93746448, 0.33449137, 0.6138854;
 0, 0, 0, 1]
Twc:
[0.99437886, 0.043985318, -0.096311569, -0.33858544;
 0.075771287, 0.33973387, 0.93746448, -0.56742537;
 0.073954977, -0.93949252, 0.33449137, -0.34247214;
 0, 0, 0, 1]
Ow:
[0.40500426;
 -0.11408362;
 0.6138854]
Keyframe: 35 Frame: 476 Frame from vFrameID : 477
Tcw:
[0.99361873, 0.078658618, 0.08083681, 0.39111257;
 0.049007155, 0.34443256, -0.93753105, -0.11915344;
 -0.10158774, 0.93551004, 0.33837983, 0.65047985;
 0, 0, 0, 1]
Twc:
[0.99361873, 0.049007155, -0.10158774, -0.31669664;
 0.078658618, 0.34443256, 0.93551004, -0.5982545;
 0.08083681, -0.93753105, 0.33837983, -0.36343563;
 0, 0, 0, 1]
Ow:
[0.39111257;
 -0.11915344;
 0.65047985]
Keyframe: 36 Frame: 487 Frame from vFrameID : 488
Tcw:
[0.98906803, 0.11321255, 0.094484463, 0.41945416;
 0.055035647, 0.31103596, -0.94880331, -0.12700343;
 -0.13680451, 0.94363105, 0.30140498, 0.66481632;
 0, 0, 0, 1]
Twc:
[0.98906803, 0.055035647, -0.13680451, -0.31692913;
 0.11321255, 0.31103596, 0.94363105, -0.63532615;
 0.094484463, -0.94880331, 0.30140498, -0.36051214;
 0, 0, 0, 1]
Ow:
[0.41945416;
 -0.12700343;
 0.66481632]
Keyframe: 37 Frame: 498 Frame from vFrameID : 499
Tcw:
[0.99100465, 0.091977686, 0.097210534, 0.44439879;
 0.064373069, 0.30921116, -0.94881219, -0.11391902;
 -0.11732813, 0.94653505, 0.3005088, 0.7007063;
 0, 0, 0, 1]
Twc:
[0.99100465, 0.064373069, -0.11732813, -0.35085541;
 0.091977686, 0.30921116, 0.94653505, -0.6688928;
 0.097210534, -0.94881219, 0.3005088, -0.36185643;
 0, 0, 0, 1]
Ow:
[0.44439879;
 -0.11391902;
 0.7007063]
Keyframe: 38 Frame: 507 Frame from vFrameID : 508
Tcw:
[0.99752694, 0.054486088, 0.044399172, 0.46327677;
 0.023487112, 0.33697414, -0.94122088, -0.13114429;
 -0.066244818, 0.93993598, 0.33486107, 0.68882269;
 0, 0, 0, 1]
Twc:
[0.99752694, 0.023487112, -0.066244818, -0.41341993;
 0.054486088, 0.33697414, 0.93993598, -0.62849915;
 0.044399172, -0.94122088, 0.33486107, -0.37466475;
 0, 0, 0, 1]
Ow:
[0.46327677;
 -0.13114429;
 0.68882269]
Keyframe: 39 Frame: 518 Frame from vFrameID : 519
Tcw:
[0.99440986, 0.06681475, 0.081761003, 0.45481929;
 0.056080669, 0.32188317, -0.945117, -0.14413661;
 -0.089465246, 0.94441885, 0.31633678, 0.72959524;
 0, 0, 0, 1]
Twc:
[0.99440986, 0.056080669, -0.089465246, -0.37892008;
 0.06681475, 0.32188317, 0.94441885, -0.67303705;
 0.081761003, -0.945117, 0.31633678, -0.40421027;
 0, 0, 0, 1]
Ow:
[0.45481929;
 -0.14413661;
 0.72959524]
Keyframe: 40 Frame: 529 Frame from vFrameID : 530
Tcw:
[0.98869151, 0.087291047, 0.1219398, 0.46787068;
 0.08689066, 0.32927769, -0.94022667, -0.14529902;
 -0.12222543, 0.9401896, 0.31796929, 0.7474314;
 0, 0, 0, 1]
Twc:
[0.98869151, 0.08689066, -0.12222543, -0.35859954;
 0.087291047, 0.32927769, 0.9401896, -0.69572443;
 0.1219398, -0.94022667, 0.31796929, -0.4313263;
 0, 0, 0, 1]
Ow:
[0.46787068;
 -0.14529902;
 0.7474314]
Keyframe: 41 Frame: 540 Frame from vFrameID : 541
Tcw:
[0.99509156, 0.055682246, 0.08180669, 0.48648059;
 0.059438683, 0.32463157, -0.9439711, -0.14062437;
 -0.079119466, 0.9442001, 0.31972846, 0.76379299;
 0, 0, 0, 1]
Twc:
[0.99509156, 0.059438683, -0.079119466, -0.41530326;
 0.055682246, 0.32463157, 0.9442001, -0.70261061;
 0.08180669, -0.9439711, 0.31972846, -0.41674903;
 0, 0, 0, 1]
Ow:
[0.48648059;
 -0.14062437;
 0.76379299]
Keyframe: 42 Frame: 550 Frame from vFrameID : 551
Tcw:
[0.99480695, 0.065919235, 0.077548757, 0.49920756;
 0.0512884, 0.33344331, -0.941374, -0.15024453;
 -0.087912768, 0.94046277, 0.32833081, 0.78930855;
 0, 0, 0, 1]
Twc:
[0.99480695, 0.0512884, -0.087912768, -0.41951904;
 0.065919235, 0.33344331, 0.94046277, -0.7251246;
 0.077548757, -0.941374, 0.32833081, -0.43930355;
 0, 0, 0, 1]
Ow:
[0.49920756;
 -0.15024453;
 0.78930855]
Keyframe: 43 Frame: 559 Frame from vFrameID : 560
Tcw:
[0.9918893, 0.075594485, 0.10218186, 0.51490581;
 0.071986556, 0.32845479, -0.94177246, -0.16281474;
 -0.10475492, 0.94148976, 0.32034898, 0.80357206;
 0, 0, 0, 1]
Twc:
[0.9918893, 0.071986556, -0.10475492, -0.41483092;
 0.075594485, 0.32845479, 0.94148976, -0.74200165;
 0.10218186, -0.94177246, 0.32034898, -0.46337202;
 0, 0, 0, 1]
Ow:
[0.51490581;
 -0.16281474;
 0.80357206]
Keyframe: 44 Frame: 568 Frame from vFrameID : 569
Tcw:
[0.98919952, 0.082265876, 0.12131195, 0.52365422;
 0.087168641, 0.33520597, -0.93810374, -0.16335076;
 -0.11783841, 0.93854636, 0.32441458, 0.81637728;
 0, 0, 0, 1]
Twc:
[0.98919952, 0.087168641, -0.11783841, -0.40755886;
 0.082265876, 0.33520597, 0.93854636, -0.75453067;
 0.12131195, -0.93810374, 0.32441458, -0.48161015;
 0, 0, 0, 1]
Ow:
[0.52365422;
 -0.16335076;
 0.81637728]
Keyframe: 45 Frame: 579 Frame from vFrameID : 580
Tcw:
[0.99041718, 0.07753107, 0.11429233, 0.5420773;
 0.082131036, 0.33467463, -0.93874776, -0.15648565;
 -0.11103287, 0.93913889, 0.3250998, 0.8342455;
 0, 0, 0, 1]
Twc:
[0.99041718, 0.082131036, -0.11103287, -0.4314017;
 0.07753107, 0.33467463, 0.93913889, -0.77312845;
 0.11429233, -0.93874776, 0.3250998, -0.48006889;
 0, 0, 0, 1]
Ow:
[0.5420773;
 -0.15648565;
 0.8342455]
Keyframe: 46 Frame: 589 Frame from vFrameID : 590
Tcw:
[0.98519695, 0.11143591, 0.13026512, 0.54662263;
 0.089628369, 0.31291282, -0.94554341, -0.14586818;
 -0.14612912, 0.94322193, 0.29829293, 0.85181898;
 0, 0, 0, 1]
Twc:
[0.98519695, 0.089628369, -0.14612912, -0.40098149;
 0.11143591, 0.31291282, 0.94322193, -0.81872368;
 0.13026512, -0.94554341, 0.29829293, -0.46322212;
 0, 0, 0, 1]
Ow:
[0.54662263;
 -0.14586818;
 0.85181898]
Keyframe: 47 Frame: 598 Frame from vFrameID : 599
Tcw:
[0.98272568, 0.095942669, 0.15825687, 0.55829817;
 0.11968012, 0.32279736, -0.93887091, -0.15407065;
 -0.14116268, 0.94159275, 0.30573884, 0.85850626;
 0, 0, 0, 1]
Twc:
[0.98272568, 0.11968012, -0.14116268, -0.40902573;
 0.095942669, 0.32279736, 0.94159275, -0.81219429;
 0.15825687, -0.93887091, 0.30573884, -0.49548563;
 0, 0, 0, 1]
Ow:
[0.55829817;
 -0.15407065;
 0.85850626]
Keyframe: 48 Frame: 608 Frame from vFrameID : 609
Tcw:
[0.99110472, 0.05880582, 0.11938729, 0.56558424;
 0.094527669, 0.32040793, -0.94255149, -0.16215742;
 -0.093680143, 0.94545263, 0.31199902, 0.86512327;
 0, 0, 0, 1]
Twc:
[0.99110472, 0.094527669, -0.093680143, -0.46417996;
 0.05880582, 0.32040793, 0.94545263, -0.79923618;
 0.11938729, -0.94255149, 0.31199902, -0.49028289;
 0, 0, 0, 1]
Ow:
[0.56558424;
 -0.16215742;
 0.86512327]
Keyframe: 49 Frame: 617 Frame from vFrameID : 618
Tcw:
[0.99646103, 0.046788894, 0.069829844, 0.57691777;
 0.050247293, 0.33440757, -0.94108808, -0.16255409;
 -0.067384094, 0.94126636, 0.3308731, 0.87557572;
 0, 0, 0, 1]
Twc:
[0.99646103, 0.050247293, -0.067384094, -0.50770831;
 0.046788894, 0.33440757, 0.94126636, -0.79678404;
 0.069829844, -0.94108808, 0.3308731, -0.48296824;
 0, 0, 0, 1]
Ow:
[0.57691777;
 -0.16255409;
 0.87557572]
Keyframe: 50 Frame: 626 Frame from vFrameID : 627
Tcw:
[0.9911983, 0.065908134, 0.11481319, 0.57752651;
 0.08700233, 0.32937759, -0.94018137, -0.16837445;
 -0.099782489, 0.94189519, 0.32074437, 0.88585973;
 0, 0, 0, 1]
Twc:
[0.9911983, 0.08700233, -0.099782489, -0.46940106;
 0.065908134, 0.32937759, 0.94189519, -0.81699187;
 0.11481319, -0.94018137, 0.32074437, -0.50874466;
 0, 0, 0, 1]
Ow:
[0.57752651;
 -0.16837445;
 0.88585973]
Keyframe: 51 Frame: 635 Frame from vFrameID : 636
Tcw:
[0.99150974, 0.080024987, 0.10249096, 0.58939624;
 0.069903873, 0.33657685, -0.93905777, -0.17312133;
 -0.10964417, 0.93824947, 0.32812518, 0.89354652;
 0, 0, 0, 1]
Twc:
[0.99150974, 0.069903873, -0.10964417, -0.47431809;
 0.080024987, 0.33657685, 0.93824947, -0.82726735;
 0.10249096, -0.93905777, 0.32812518, -0.51617384;
 0, 0, 0, 1]
Ow:
[0.58939624;
 -0.17312133;
 0.89354652]
Keyframe: 52 Frame: 644 Frame from vFrameID : 645
Tcw:
[0.99282688, 0.071397655, 0.095902026, 0.59754264;
 0.065900408, 0.34248447, -0.93720943, -0.1787048;
 -0.099759512, 0.93680668, 0.33532265, 0.90403748;
 0, 0, 0, 1]
Twc:
[0.99282688, 0.065900408, -0.099759512, -0.49129328;
 0.071397655, 0.34248447, 0.93680668, -0.82836783;
 0.095902026, -0.93720943, 0.33532265, -0.5279336;
 0, 0, 0, 1]
Ow:
[0.59754264;
 -0.1787048;
 0.90403748]
Keyframe: 53 Frame: 651 Frame from vFrameID : 652
Tcw:
[0.99319118, 0.095269471, 0.06704513, 0.58264023;
 0.035857368, 0.29757228, -0.95402569, -0.17924473;
 -0.11084029, 0.94993395, 0.29213005, 0.91336906;
 0, 0, 0, 1]
Twc:
[0.99319118, 0.035857368, -0.11084029, -0.47100776;
 0.095269471, 0.29757228, 0.94993395, -0.86980981;
 0.06704513, -0.95402569, 0.29213005, -0.47688979;
 0, 0, 0, 1]
Ow:
[0.58264023;
 -0.17924473;
 0.91336906]
Keyframe: 54 Frame: 661 Frame from vFrameID : 662
Tcw:
[0.99203813, 0.0933033, 0.084585987, 0.59123838;
 0.049638491, 0.32758719, -0.94351614, -0.18129936;
 -0.11574245, 0.94020271, 0.32034755, 0.92538011;
 0, 0, 0, 1]
Twc:
[0.99203813, 0.049638491, -0.11574245, -0.47042584;
 0.0933033, 0.32758719, 0.94020271, -0.86581802;
 0.084585987, -0.94351614, 0.32034755, -0.51751256;
 0, 0, 0, 1]
Ow:
[0.59123838;
 -0.18129936;
 0.92538011]
Keyframe: 55 Frame: 670 Frame from vFrameID : 671
Tcw:
[0.98285544, 0.11208307, 0.1463986, 0.59401137;
 0.099571675, 0.34561053, -0.93308032, -0.18740228;
 -0.1551794, 0.93166023, 0.32852489, 0.93779671;
 0, 0, 0, 1]
Twc:
[0.98285544, 0.099571675, -0.1551794, -0.4196406;
 0.11208307, 0.34561053, 0.93166023, -0.87551826;
 0.1463986, -0.93308032, 0.32852489, -0.56991339;
 0, 0, 0, 1]
Ow:
[0.59401137;
 -0.18740228;
 0.93779671]
Keyframe: 56 Frame: 678 Frame from vFrameID : 679
Tcw:
[0.98424, 0.11593558, 0.13353097, 0.5919416;
 0.089408539, 0.32523429, -0.94139725, -0.17059758;
 -0.15257029, 0.93849963, 0.30974296, 0.95700788;
 0, 0, 0, 1]
Twc:
[0.98424, 0.089408539, -0.15257029, -0.42134878;
 0.11593558, 0.32523429, 0.93849963, -0.91129452;
 0.13353097, -0.94139725, 0.30974296, -0.5360691;
 0, 0, 0, 1]
Ow:
[0.5919416;
 -0.17059758;
 0.95700788]
Keyframe: 57 Frame: 688 Frame from vFrameID : 689
Tcw:
[0.9907425, 0.10332306, 0.08805488, 0.60868061;
 0.04880831, 0.33415186, -0.94125462, -0.16946244;
 -0.12667701, 0.93683875, 0.32601544, 0.97237748;
 0, 0, 0, 1]
Twc:
[0.9907425, 0.04880831, -0.12667701, -0.47159669;
 0.10332306, 0.33415186, 0.93683875, -0.91722548;
 0.08805488, -0.94125462, 0.32601544, -0.53011465;
 0, 0, 0, 1]
Ow:
[0.60868061;
 -0.16946244;
 0.97237748]
Keyframe: 58 Frame: 698 Frame from vFrameID : 699
Tcw:
[0.98969525, 0.099975936, 0.10250916, 0.60623062;
 0.065774314, 0.31848297, -0.9456439, -0.16714689;
 -0.12718906, 0.94264174, 0.30862522, 0.99814403;
 0, 0, 0, 1]
Twc:
[0.98969525, 0.065774314, -0.12718906, -0.46203655;
 0.099975936, 0.31848297, 0.94264174, -0.94826722;
 0.10250916, -0.9456439, 0.30862522, -0.52825803;
 0, 0, 0, 1]
Ow:
[0.60623062;
 -0.16714689;
 0.99814403]
Keyframe: 59 Frame: 706 Frame from vFrameID : 707
Tcw:
[0.98144805, 0.11606102, 0.15260926, 0.61836004;
 0.10821098, 0.32175797, -0.94061798, -0.17422858;
 -0.15827234, 0.93968165, 0.30322966, 1.0186883;
 0, 0, 0, 1]
Twc:
[0.98144805, 0.10821098, -0.15827234, -0.42680466;
 0.11606102, 0.32175797, 0.93968165, -0.97295088;
 0.15260926, -0.94061798, 0.30322966, -0.56714654;
 0, 0, 0, 1]
Ow:
[0.61836004;
 -0.17422858;
 1.0186883]
Keyframe: 60 Frame: 717 Frame from vFrameID : 718
Tcw:
[0.98714298, 0.11267737, 0.11336894, 0.63577765;
 0.07608708, 0.29250097, -0.95323342, -0.16852573;
 -0.14056835, 0.94960362, 0.28016698, 1.0396072;
 0, 0, 0, 1]
Twc:
[0.98714298, 0.07608708, -0.14056835, -0.46864495;
 0.11267737, 0.29250097, 0.94960362, -1.0095586;
 0.11336894, -0.95323342, 0.28016698, -0.52398539;
 0, 0, 0, 1]
Ow:
[0.63577765;
 -0.16852573;
 1.0396072]
Keyframe: 61 Frame: 725 Frame from vFrameID : 726
Tcw:
[0.98638874, 0.1182331, 0.11427253, 0.63791639;
 0.072491206, 0.31109229, -0.94761103, -0.16994512;
 -0.1475883, 0.94299656, 0.29828706, 1.0513785;
 0, 0, 0, 1]
Twc:
[0.98638874, 0.072491206, -0.1475883, -0.46174279;
 0.1182331, 0.31109229, 0.94299656, -1.0140005;
 0.11427253, -0.94761103, 0.29828706, -0.5475508;
 0, 0, 0, 1]
Ow:
[0.63791639;
 -0.16994512;
 1.0513785]
Keyframe: 62 Frame: 734 Frame from vFrameID : 735
Tcw:
[0.98749518, 0.10666145, 0.1160887, 0.64767188;
 0.078620195, 0.30507758, -0.94907665, -0.17568031;
 -0.13664596, 0.94633555, 0.2928769, 1.0656198;
 0, 0, 0, 1]
Twc:
[0.98749518, 0.078620195, -0.13664596, -0.4801482;
 0.10666145, 0.30507758, 0.94633555, -1.0239195;
 0.1160887, -0.94907665, 0.2928769, -0.55401689;
 0, 0, 0, 1]
Ow:
[0.64767188;
 -0.17568031;
 1.0656198]
Keyframe: 63 Frame: 743 Frame from vFrameID : 744
Tcw:
[0.98332292, 0.10749822, 0.14669763, 0.66186506;
 0.10745274, 0.30737457, -0.9455024, -0.18765575;
 -0.14673094, 0.94549721, 0.29069746, 1.0754066;
 0, 0, 0, 1]
Twc:
[0.98332292, 0.10745274, -0.14673094, -0.47286755;
 0.10749822, 0.30737457, 0.94549721, -1.0302626;
 0.14669763, -0.9455024, 0.29069746, -0.58714098;
 0, 0, 0, 1]
Ow:
[0.66186506;
 -0.18765575;
 1.0754066]
Keyframe: 64 Frame: 752 Frame from vFrameID : 753
Tcw:
[0.98679763, 0.11152688, 0.11744024, 0.68045861;
 0.078875937, 0.30238369, -0.9499172, -0.18306607;
 -0.14145333, 0.94663924, 0.28959474, 1.0946651;
 0, 0, 0, 1]
Twc:
[0.98679763, 0.078875937, -0.14145333, -0.50219142;
 0.11152688, 0.30238369, 0.94663924, -1.0567861;
 0.11744024, -0.9499172, 0.28959474, -0.57081997;
 0, 0, 0, 1]
Ow:
[0.68045861;
 -0.18306607;
 1.0946651]
Keyframe: 65 Frame: 759 Frame from vFrameID : 760
Tcw:
[0.98817009, 0.11629919, 0.099972099, 0.68459076;
 0.058639973, 0.31580818, -0.94700927, -0.19199026;
 -0.14170842, 0.94166857, 0.3052524, 1.0964274;
 0, 0, 0, 1]
Twc:
[0.98817009, 0.058639973, -0.14170842, -0.50986081;
 0.11629919, 0.31580818, 0.94166857, -1.0514565;
 0.099972099, -0.94700927, 0.3052524, -0.58494359;
 0, 0, 0, 1]
Ow:
[0.68459076;
 -0.19199026;
 1.0964274]
Keyframe: 66 Frame: 767 Frame from vFrameID : 768
Tcw:
[0.98638034, 0.11952839, 0.11299007, 0.68956423;
 0.067942351, 0.32951272, -0.94170338, -0.19863531;
 -0.14979194, 0.93655449, 0.31690383, 1.1073668;
 0, 0, 0, 1]
Twc:
[0.98638034, 0.067942351, -0.14979194, -0.50080222;
 0.11952839, 0.32951272, 0.93655449, -1.0540791;
 0.11299007, -0.94170338, 0.31690383, -0.61589819;
 0, 0, 0, 1]
Ow:
[0.68956423;
 -0.19863531;
 1.1073668]
Keyframe: 67 Frame: 776 Frame from vFrameID : 777
Tcw:
[0.97914022, 0.12463383, 0.16047078, 0.67281884;
 0.11404441, 0.31652912, -0.94170231, -0.19815707;
 -0.16816165, 0.94035935, 0.29571259, 1.1232796;
 0, 0, 0, 1]
Twc:
[0.97914022, 0.11404441, -0.16816165, -0.44729272;
 0.12463383, 0.31652912, 0.94035935, -1.07742;
 0.16047078, -0.94170231, 0.29571259, -0.62674063;
 0, 0, 0, 1]
Ow:
[0.67281884;
 -0.19815707;
 1.1232796]
Keyframe: 68 Frame: 785 Frame from vFrameID : 786
Tcw:
[0.97515106, 0.12649404, 0.18187818, 0.67562699;
 0.13281202, 0.32329914, -0.93693042, -0.20074871;
 -0.17731717, 0.93780428, 0.29846558, 1.1468158;
 0, 0, 0, 1]
Twc:
[0.97515106, 0.13281202, -0.17731717, -0.42882639;
 0.12649404, 0.32329914, 0.93780428, -1.0960497;
 0.18187818, -0.93693042, 0.29846558, -0.65325439;
 0, 0, 0, 1]
Ow:
[0.67562699;
 -0.20074871;
 1.1468158]
Keyframe: 69 Frame: 793 Frame from vFrameID : 794
Tcw:
[0.98208636, 0.12721601, 0.13900508, 0.70368075;
 0.088453196, 0.34012532, -0.93621087, -0.21271747;
 -0.16638015, 0.9317354, 0.32277977, 1.1499521;
 0, 0, 0, 1]
Twc:
[0.98208636, 0.088453196, -0.16638015, -0.48093054;
 0.12721601, 0.34012532, 0.9317354, -1.0886199;
 0.13900508, -0.93621087, 0.32277977, -0.66814488;
 0, 0, 0, 1]
Ow:
[0.70368075;
 -0.21271747;
 1.1499521]
Keyframe: 70 Frame: 801 Frame from vFrameID : 802
Tcw:
[0.9827317, 0.12639374, 0.13514079, 0.70272011;
 0.083149947, 0.35079867, -0.93275207, -0.21335471;
 -0.16530122, 0.92788196, 0.33423135, 1.164849;
 0, 0, 0, 1]
Twc:
[0.9827317, 0.083149947, -0.16530122, -0.48029393;
 0.12639374, 0.35079867, 0.92788196, -1.0948173;
 0.13514079, -0.93275207, 0.33423135, -0.68330222;
 0, 0, 0, 1]
Ow:
[0.70272011;
 -0.21335471;
 1.164849]
Keyframe: 71 Frame: 809 Frame from vFrameID : 810
Tcw:
[0.97531503, 0.14673553, 0.16501291, 0.71714503;
 0.1103988, 0.32316068, -0.93988258, -0.21593717;
 -0.19123986, 0.93489885, 0.29898405, 1.1836219;
 0, 0, 0, 1]
Twc:
[0.97531503, 0.1103988, -0.19123986, -0.44924745;
 0.14673553, 0.32316068, 0.93489885, -1.142015;
 0.16501291, -0.93988258, 0.29898405, -0.67517781;
 0, 0, 0, 1]
Ow:
[0.71714503;
 -0.21593717;
 1.1836219]
Keyframe: 72 Frame: 818 Frame from vFrameID : 819
Tcw:
[0.97386783, 0.15605491, 0.16501012, 0.73031294;
 0.10594669, 0.33049524, -0.93784231, -0.20956874;
 -0.20088996, 0.93081671, 0.30532518, 1.2019753;
 0, 0, 0, 1]
Twc:
[0.97386783, 0.10594669, -0.20088996, -0.44756037;
 0.15605491, 0.33049524, 0.93081671, -1.1635262;
 0.16501012, -0.93784231, 0.30532518, -0.68404484;
 0, 0, 0, 1]
Ow:
[0.73031294;
 -0.20956874;
 1.2019753]
Keyframe: 73 Frame: 826 Frame from vFrameID : 827
Tcw:
[0.9866184, 0.12939931, 0.099196762, 0.75651824;
 0.051813431, 0.32802963, -0.94324541, -0.21220249;
 -0.15459478, 0.935763, 0.31693542, 1.2150058;
 0, 0, 0, 1]
Twc:
[0.9866184, 0.051813431, -0.15459478, -0.54756629;
 0.12939931, 0.32802963, 0.935763, -1.1652416;
 0.099196762, -0.94324541, 0.31693542, -0.6602816;
 0, 0, 0, 1]
Ow:
[0.75651824;
 -0.21220249;
 1.2150058]
Keyframe: 74 Frame: 833 Frame from vFrameID : 834
Tcw:
[0.98775572, 0.12205176, 0.097169772, 0.7648316;
 0.050571688, 0.33871868, -0.93952763, -0.21802387;
 -0.14758421, 0.93293786, 0.32839894, 1.2260646;
 0, 0, 0, 1]
Twc:
[0.98775572, 0.050571688, -0.14758421, -0.56349325;
 0.12205176, 0.33871868, 0.93293786, -1.1633422;
 0.097169772, -0.93952763, 0.32839894, -0.68179625;
 0, 0, 0, 1]
Ow:
[0.7648316;
 -0.21802387;
 1.2260646]
Keyframe: 75 Frame: 842 Frame from vFrameID : 843
Tcw:
[0.98368847, 0.1412805, 0.11134104, 0.76794821;
 0.061392002, 0.31812346, -0.94605947, -0.22129205;
 -0.16907994, 0.93746322, 0.30426088, 1.246569;
 0, 0, 0, 1]
Twc:
[0.98368847, 0.061392002, -0.16907994, -0.53106642;
 0.1412805, 0.31812346, 0.93746322, -1.2067106;
 0.11134104, -0.94605947, 0.30426088, -0.67414176;
 0, 0, 0, 1]
Ow:
[0.76794821;
 -0.22129205;
 1.246569]
Keyframe: 76 Frame: 851 Frame from vFrameID : 852
Tcw:
[0.97543317, 0.16268483, 0.14853884, 0.77715123;
 0.087383017, 0.33322376, -0.93878973, -0.21958295;
 -0.20222351, 0.92870641, 0.31082159, 1.2614666;
 0, 0, 0, 1]
Twc:
[0.97543317, 0.087383017, -0.20222351, -0.48377308;
 0.16268483, 0.33322376, 0.92870641, -1.2247926;
 0.14853884, -0.93878973, 0.31082159, -0.71367043;
 0, 0, 0, 1]
Ow:
[0.77715123;
 -0.21958295;
 1.2614666]
Keyframe: 77 Frame: 860 Frame from vFrameID : 861
Tcw:
[0.97968304, 0.16667509, 0.11153742, 0.7890147;
 0.057815272, 0.297824, -0.95286846, -0.20785597;
 -0.19203795, 0.93995762, 0.28213674, 1.2789962;
 0, 0, 0, 1]
Twc:
[0.97968304, 0.057815272, -0.19203795, -0.5153513;
 0.16667509, 0.297824, 0.93995762, -1.2718067;
 0.11153742, -0.95286846, 0.28213674, -0.64691585;
 0, 0, 0, 1]
Ow:
[0.7890147;
 -0.20785597;
 1.2789962]
Keyframe: 78 Frame: 870 Frame from vFrameID : 871
Tcw:
[0.98273766, 0.15679622, 0.098192126, 0.8023178;
 0.043107711, 0.32207367, -0.94573265, -0.22007075;
 -0.1799124, 0.93363994, 0.30975479, 1.2957432;
 0, 0, 0, 1]
Twc:
[0.98273766, 0.043107711, -0.1799124, -0.54586089;
 0.15679622, 0.32207367, 0.93363994, -1.264679;
 0.098192126, -0.94573265, 0.30975479, -0.68827206;
 0, 0, 0, 1]
Ow:
[0.8023178;
 -0.22007075;
 1.2957432]
Keyframe: 79 Frame: 881 Frame from vFrameID : 882
Tcw:
[0.97224098, 0.1801987, 0.14925104, 0.80901027;
 0.085616976, 0.31965587, -0.9436577, -0.21778291;
 -0.21775486, 0.93024111, 0.29535446, 1.3109355;
 0, 0, 0, 1]
Twc:
[0.97224098, 0.085616976, -0.21775486, -0.48244447;
 0.1801987, 0.31965587, 0.93024111, -1.2956531;
 0.14925104, -0.9436577, 0.29535446, -0.71344882;
 0, 0, 0, 1]
Ow:
[0.80901027;
 -0.21778291;
 1.3109355]
Keyframe: 80 Frame: 890 Frame from vFrameID : 891
Tcw:
[0.97687, 0.17004357, 0.12965406, 0.8188225;
 0.070890293, 0.31450984, -0.94660348, -0.20936814;
 -0.20174132, 0.93389976, 0.2951808, 1.3323934;
 0, 0, 0, 1]
Twc:
[0.97687, 0.070890293, -0.20174132, -0.51624215;
 0.17004357, 0.31450984, 0.93389976, -1.3177091;
 0.12965406, -0.94660348, 0.2951808, -0.69764924;
 0, 0, 0, 1]
Ow:
[0.8188225;
 -0.20936814;
 1.3323934]
Keyframe: 81 Frame: 898 Frame from vFrameID : 899
Tcw:
[0.98234153, 0.16348438, 0.090983614, 0.82719296;
 0.038645782, 0.29850513, -0.95362532, -0.21236238;
 -0.18306191, 0.94030184, 0.28691599, 1.3390218;
 0, 0, 0, 1]
Twc:
[0.98234153, 0.038645782, -0.18306191, -0.55925518;
 0.16348438, 0.29850513, 0.94030184, -1.3309265;
 0.090983614, -0.95362532, 0.28691599, -0.66196185;
 0, 0, 0, 1]
Ow:
[0.82719296;
 -0.21236238;
 1.3390218]
Keyframe: 82 Frame: 908 Frame from vFrameID : 909
Tcw:
[0.98300511, 0.16310175, 0.084254079, 0.83650476;
 0.035001528, 0.28401825, -0.95817977, -0.19905561;
 -0.1802105, 0.94484466, 0.27348259, 1.3586135;
 0, 0, 0, 1]
Twc:
[0.98300511, 0.035001528, -0.1802105, -0.57048482;
 0.16310175, 0.28401825, 0.94484466, -1.3635788;
 0.084254079, -0.95817977, 0.27348259, -0.6327672;
 0, 0, 0, 1]
Ow:
[0.83650476;
 -0.19905561;
 1.3586135]
Keyframe: 83 Frame: 919 Frame from vFrameID : 920
Tcw:
[0.97822487, 0.16440305, 0.12667951, 0.85474515;
 0.070215605, 0.31222504, -0.94740981, -0.21307895;
 -0.19530956, 0.93567473, 0.29388264, 1.3646524;
 0, 0, 0, 1]
Twc:
[0.97822487, 0.070215605, -0.19530956, -0.55464184;
 0.16440305, 0.31222504, 0.93567473, -1.3508649;
 0.12667951, -0.94740981, 0.29388264, -0.7111994;
 0, 0, 0, 1]
Ow:
[0.85474515;
 -0.21307895;
 1.3646524]
Keyframe: 84 Frame: 929 Frame from vFrameID : 930
Tcw:
[0.9836604, 0.1562313, 0.089465126, 0.85864598;
 0.037842158, 0.30640909, -0.95114744, -0.21012598;
 -0.17601193, 0.93899161, 0.29549035, 1.3811268;
 0, 0, 0, 1]
Twc:
[0.9836604, 0.037842158, -0.17601193, -0.59356964;
 0.1562313, 0.30640909, 0.93899161, -1.3666294;
 0.089465126, -0.95114744, 0.29549035, -0.6847893;
 0, 0, 0, 1]
Ow:
[0.85864598;
 -0.21012598;
 1.3811268]
Keyframe: 85 Frame: 938 Frame from vFrameID : 939
Tcw:
[0.98504806, 0.14315858, 0.095843494, 0.86035997;
 0.045398112, 0.32096475, -0.94600242, -0.21652508;
 -0.16619076, 0.93620896, 0.30966657, 1.3918788;
 0, 0, 0, 1]
Twc:
[0.98504806, 0.045398112, -0.16619076, -0.60634863;
 0.14315858, 0.32096475, 0.93620896, -1.3567605;
 0.095843494, -0.94600242, 0.30966657, -0.71831155;
 0, 0, 0, 1]
Ow:
[0.86035997;
 -0.21652508;
 1.3918788]
Keyframe: 86 Frame: 948 Frame from vFrameID : 949
Tcw:
[0.98009098, 0.15109067, 0.12881504, 0.86052573;
 0.078344211, 0.3018499, -0.95013094, -0.2133643;
 -0.18243873, 0.94130665, 0.28400329, 1.4010174;
 0, 0, 0, 1]
Twc:
[0.98009098, 0.078344211, -0.18243873, -0.57107776;
 0.15109067, 0.3018499, 0.94130665, -1.3844004;
 0.12881504, -0.95013094, 0.28400329, -0.71146619;
 0, 0, 0, 1]
Ow:
[0.86052573;
 -0.2133643;
 1.4010174]
Keyframe: 87 Frame: 959 Frame from vFrameID : 960
Tcw:
[0.98209029, 0.12986587, 0.13650475, 0.84954083;
 0.092437685, 0.29920503, -0.94970083, -0.18641528;
 -0.16417663, 0.94531012, 0.28184187, 1.424186;
 0, 0, 0, 1]
Twc:
[0.98209029, 0.092437685, -0.16417663, -0.58327591;
 0.12986587, 0.29920503, 0.94531012, -1.4008473;
 0.13650475, -0.94970083, 0.28184187, -0.69440031;
 0, 0, 0, 1]
Ow:
[0.84954083;
 -0.18641528;
 1.424186]
Keyframe: 88 Frame: 969 Frame from vFrameID : 970
Tcw:
[0.98527032, 0.1371894, 0.10208573, 0.86287171;
 0.053300641, 0.32086441, -0.94562417, -0.21520838;
 -0.1624853, 0.93713665, 0.30882588, 1.4282498;
 0, 0, 0, 1]
Twc:
[0.98527032, 0.053300641, -0.1624853, -0.6066215;
 0.1371894, 0.32086441, 0.93713665, -1.3877894;
 0.10208573, -0.94562417, 0.30882588, -0.73267365;
 0, 0, 0, 1]
Ow:
[0.86287171;
 -0.21520838;
 1.4282498]
Keyframe: 89 Frame: 978 Frame from vFrameID : 979
Tcw:
[0.98341179, 0.13856778, 0.1170479, 0.85734355;
 0.067159824, 0.32127213, -0.94460243, -0.2094804;
 -0.16849568, 0.9367941, 0.30663663, 1.4342588;
 0, 0, 0, 1]
Twc:
[0.98341179, 0.067159824, -0.16849568, -0.58738673;
 0.13856778, 0.32127213, 0.9367941, -1.3951051;
 0.1170479, -0.94460243, 0.30663663, -0.73802221;
 0, 0, 0, 1]
Ow:
[0.85734355;
 -0.2094804;
 1.4342588]
Keyframe: 90 Frame: 986 Frame from vFrameID : 987
Tcw:
[0.97532785, 0.14921306, 0.16269933, 0.85656416;
 0.10424954, 0.33833677, -0.93523276, -0.21562523;
 -0.1945961, 0.92911983, 0.3144339, 1.4414527;
 0, 0, 0, 1]
Twc:
[0.97532785, 0.10424954, -0.1945961, -0.53245085;
 0.14921306, 0.33833677, 0.92911983, -1.3941391;
 0.16269933, -0.93523276, 0.3144339, -0.79426378;
 0, 0, 0, 1]
Ow:
[0.85656416;
 -0.21562523;
 1.4414527]
Keyframe: 91 Frame: 996 Frame from vFrameID : 997
Tcw:
[0.98669052, 0.1111159, 0.11872247, 0.87932235;
 0.074497983, 0.34008366, -0.93743968, -0.2137745;
 -0.14454003, 0.93380743, 0.32727942, 1.4539602;
 0, 0, 0, 1]
Twc:
[0.98669052, 0.074497983, -0.14454003, -0.64153785;
 0.1111159, 0.34008366, 0.93380743, -1.3827243;
