Keyframe: 0 Frame: 0 Frame from vFrameID : 174
Tcw:
[0.99800342, 0.063160308, 6.1794476e-06, 0.072298244;
 -0.024043169, 0.37999937, -0.92467421, 0.0027575754;
 -0.058405057, 0.92282784, 0.38075924, -0.099250086;
 0, 0, 0, 1]
Twc:
[0.99800342, -0.024043169, -0.058405057, -0.077884294;
 0.063160308, 0.37999937, 0.92282784, 0.085976489;
 6.1794476e-06, -0.92467421, 0.38075924, 0.040339798;
 0, 0, 0, 1]
Ow:
[0.072298244;
 0.0027575754;
 -0.099250086]
Keyframe: 1 Frame: 173 Frame from vFrameID : 174
Tcw:
[0.99835509, 0.057107661, 0.0050767031, -0.002205654;
 -0.017816868, 0.39319566, -0.9192822, 0.0010635458;
 -0.054494191, 0.91767961, 0.39356637, -0.005456524;
 0, 0, 0, 1]
Twc:
[0.99835509, -0.017816868, -0.054494191, 0.0019236263;
 0.057107661, 0.39319566, 0.91767961, 0.004715119;
 0.0050767031, -0.9192822, 0.39356637, 0.0031364004;
 0, 0, 0, 1]
Ow:
[-0.002205654;
 0.0010635458;
 -0.005456524]
