Keyframe: 0 Frame: 0 Frame from vFrameID : 129
Tcw:
[1, 0, 0, 0;
 0, 1, 0, 0;
 0, 0, 1, 0;
 0, 0, 0, 1]
Twc:
[1, 0, 0, 0;
 0, 1, 0, 0;
 0, 0, 1, 0;
 0, 0, 0, 1]
Ow:
[0;
 0;
 0]
Keyframe: 1 Frame: 128 Frame from vFrameID : 129
Tcw:
[0.99646378, 0.033043057, -0.07725355, -0.043831874;
 -0.0346453, 0.99920958, -0.01949231, -0.00011175931;
 0.076548398, 0.022099853, 0.99682093, -0.0062172813;
 0, 0, 0, 1]
Twc:
[0.99646378, -0.0346453, 0.076548398, 0.044148922;
 0.033043057, 0.99920958, 0.022099853, 0.0016974108;
 -0.07725355, -0.01949231, 0.99682093, 0.0028091697;
 0, 0, 0, 1]
Ow:
[-0.043831874;
 -0.00011175931;
 -0.0062172813]
Keyframe: 2 Frame: 130 Frame from vFrameID : 131
Tcw:
[0.9951846, 0.035262991, -0.091455646, -0.047498848;
 -0.036794215, 0.99920863, -0.015110638, 0.0034153871;
 0.09085042, 0.018402914, 0.99569452, -0.0072246529;
 0, 0, 0, 1]
Twc:
[0.9951846, -0.036794215, 0.09085042, 0.048052151;
 0.035262991, 0.99920863, 0.018402914, -0.001604778;
 -0.091455646, -0.015110638, 0.99569452, 0.0029011182;
 0, 0, 0, 1]
Ow:
[-0.047498848;
 0.0034153871;
 -0.0072246529]
Keyframe: 3 Frame: 132 Frame from vFrameID : 133
Tcw:
[0.99445188, 0.040476661, -0.097093076, -0.049054597;
 -0.041534584, 0.99909747, -0.0088988775, 0.0073780878;
 0.096645243, 0.012882226, 0.9952355, -0.0081310915;
 0, 0, 0, 1]
Twc:
[0.99445188, -0.041534584, 0.096645243, 0.049874712;
 0.040476661, 0.99909747, 0.012882226, -0.0052811159;
 -0.097093076, -0.0088988775, 0.9952355, 0.0033951465;
 0, 0, 0, 1]
Ow:
[-0.049054597;
 0.0073780878;
 -0.0081310915]
Keyframe: 4 Frame: 134 Frame from vFrameID : 135
Tcw:
[0.99461842, 0.043169893, -0.094183393, -0.049863037;
 -0.043357052, 0.99905962, 5.917357e-05, 0.0049645184;
 0.094097383, 0.0040246593, 0.99555486, -0.008058928;
 0, 0, 0, 1]
Twc:
[0.99461842, -0.043357052, 0.094097383, 0.050568268;
 0.043169893, 0.99905962, 0.0040246593, -0.0027748337;
 -0.094183393, 5.917357e-05, 0.99555486, 0.0033265413;
 0, 0, 0, 1]
Ow:
[-0.049863037;
 0.0049645184;
 -0.008058928]
Keyframe: 5 Frame: 136 Frame from vFrameID : 137
Tcw:
[0.99538046, 0.042637106, -0.086022295, -0.047353916;
 -0.043106589, 0.99906397, -0.0036067504, -0.0005114759;
 0.085787997, 0.0072982167, 0.99628669, -0.010503563;
 0, 0, 0, 1]
Twc:
[0.99538046, -0.043106589, 0.085787997, 0.048014194;
 0.042637106, 0.99906397, 0.0072982167, 0.0026066883;
 -0.086022295, -0.0036067504, 0.99628669, 0.0063892226;
 0, 0, 0, 1]
Ow:
[-0.047353916;
 -0.0005114759;
 -0.010503563]
Keyframe: 6 Frame: 138 Frame from vFrameID : 139
Tcw:
[0.99647796, 0.043357905, -0.071775556, -0.042461395;
 -0.044396076, 0.99893034, -0.012931813, -0.0022756418;
 0.071138084, 0.016072819, 0.99733698, -0.014449316;
 0, 0, 0, 1]
Twc:
[0.99647796, -0.044396076, 0.071138084, 0.043238714;
 0.043357905, 0.99893034, 0.016072819, 0.0043464857;
 -0.071775556, -0.012931813, 0.99733698, 0.011333719;
 0, 0, 0, 1]
Ow:
[-0.042461395;
 -0.0022756418;
 -0.014449316]
Keyframe: 7 Frame: 140 Frame from vFrameID : 141
Tcw:
[0.99765557, 0.042485103, -0.05365026, -0.035647828;
 -0.043730874, 0.99879527, -0.022263285, -0.0016906525;
 0.052639768, 0.024557263, 0.99831158, -0.018025113;
 0, 0, 0, 1]
Twc:
[0.99765557, -0.043730874, 0.052639768, 0.036439158;
 0.042485103, 0.99879527, 0.024557263, 0.0036457647;
 -0.05365026, -0.022263285, 0.99831158, 0.016044525;
 0, 0, 0, 1]
Ow:
[-0.035647828;
 -0.0016906525;
 -0.018025113]
Keyframe: 8 Frame: 143 Frame from vFrameID : 144
Tcw:
[0.99915344, 0.034528904, -0.022363175, -0.024879146;
 -0.035102714, 0.99905074, -0.025795653, 0.00046499044;
 0.021451252, 0.026558826, 0.99941707, -0.021337152;
 0, 0, 0, 1]
Twc:
[0.99915344, -0.035102714, 0.021451252, 0.025332117;
 0.034528904, 0.99905074, 0.026558826, 0.00096119026;
 -0.022363175, -0.025795653, 0.99941707, 0.020780331;
 0, 0, 0, 1]
Ow:
[-0.024879146;
 0.00046499044;
 -0.021337152]
Keyframe: 9 Frame: 146 Frame from vFrameID : 147
Tcw:
[0.9993574, 0.026751656, 0.023856876, -0.011364679;
 -0.025965584, 0.99912876, -0.032671951, -0.003410035;
 -0.024710121, 0.032031499, 0.99918139, -0.024502739;
 0, 0, 0, 1]
Twc:
[0.9993574, -0.025965584, -0.024710121, 0.010663367;
 0.026751656, 0.99912876, 0.032031499, 0.0044959476;
 0.023856876, -0.032671951, 0.99918139, 0.024642393;
 0, 0, 0, 1]
Ow:
[-0.011364679;
 -0.003410035;
 -0.024502739]
Keyframe: 10 Frame: 149 Frame from vFrameID : 150
Tcw:
[0.99868339, 0.021339625, 0.046649147, -0.0040805065;
 -0.019611435, 0.99911553, -0.03719547, -0.0021086503;
 -0.047401626, 0.036231641, 0.9982186, -0.026936837;
 0, 0, 0, 1]
Twc:
[0.99868339, -0.019611435, -0.047401626, 0.0027569304;
 0.021339625, 0.99911553, 0.036231641, 0.0031698276;
 0.046649147, -0.03719547, 0.9982186, 0.02700077;
 0, 0, 0, 1]
Ow:
[-0.0040805065;
 -0.0021086503;
 -0.026936837]
Keyframe: 11 Frame: 152 Frame from vFrameID : 153
Tcw:
[0.99646103, 0.0068667452, 0.083775178, 0.0065511949;
 -0.0036648589, 0.99925905, -0.038314071, -0.00076010276;
 -0.083976194, 0.037871454, 0.99574786, -0.02971122;
 0, 0, 0, 1]
Twc:
[0.99646103, -0.0036648589, -0.083976194, -0.0090258317;
 0.0068667452, 0.99925905, 0.037871454, 0.0018397612;
 0.083775178, -0.038314071, 0.99574786, 0.029006932;
 0, 0, 0, 1]
Ow:
[0.0065511949;
 -0.00076010276;
 -0.02971122]
Keyframe: 12 Frame: 155 Frame from vFrameID : 156
Tcw:
[0.99379218, -0.0051209987, 0.1111344, 0.014963176;
 0.0097054727, 0.99912226, -0.040749934, 5.5657933e-05;
 -0.11082818, 0.041575577, 0.99296957, -0.031041043;
 0, 0, 0, 1]
Twc:
[0.99379218, 0.0097054727, -0.11082818, -0.01831105;
 -0.0051209987, 0.99912226, 0.041575577, 0.0013115667;
 0.1111344, -0.040749934, 0.99296957, 0.029162157;
 0, 0, 0, 1]
Ow:
[0.014963176;
 5.5657933e-05;
 -0.031041043]
Keyframe: 13 Frame: 158 Frame from vFrameID : 159
Tcw:
[0.99158186, -0.017119071, 0.12834454, 0.02204814;
 0.022379557, 0.9989627, -0.039657701, 0.0057395762;
 -0.1275325, 0.042196151, 0.9909364, -0.034262341;
 0, 0, 0, 1]
Twc:
[0.99158186, 0.022379557, -0.1275325, -0.026360547;
 -0.017119071, 0.9989627, 0.042196151, -0.0039104396;
 0.12834454, -0.039657701, 0.9909364, 0.031349659;
 0, 0, 0, 1]
Ow:
[0.02204814;
 0.0057395762;
 -0.034262341]
Keyframe: 14 Frame: 161 Frame from vFrameID : 162
Tcw:
[0.98971349, -0.026405014, 0.14060585, 0.026584662;
 0.030317435, 0.99920845, -0.025756119, 0.011434533;
 -0.13981447, 0.029753987, 0.9897306, -0.033926349;
 0, 0, 0, 1]
Twc:
[0.98971349, 0.030317435, -0.13981447, -0.031401258;
 -0.026405014, 0.99920845, 0.029753987, -0.0097140688;
 0.14060585, -0.025756119, 0.9897306, 0.030134495;
 0, 0, 0, 1]
Ow:
[0.026584662;
 0.011434533;
 -0.033926349]
Keyframe: 15 Frame: 164 Frame from vFrameID : 165
Tcw:
[0.98927295, -0.03311675, 0.14227559, 0.028351976;
 0.035771493, 0.99922961, -0.016141437, 0.016777489;
 -0.14163142, 0.021057697, 0.98969549, -0.032348804;
 0, 0, 0, 1]
Twc:
[0.98927295, 0.035771493, -0.14163142, -0.033229604;
 -0.03311675, 0.99922961, 0.021057697, -0.015144449;
 0.14227559, -0.016141437, 0.98969549, 0.028252482;
 0, 0, 0, 1]
Ow:
[0.028351976;
 0.016777489;
 -0.032348804]
Keyframe: 16 Frame: 167 Frame from vFrameID : 168
Tcw:
[0.99005759, -0.03462597, 0.1363344, 0.031402666;
 0.035466623, 0.99936384, -0.0037412043, 0.019626847;
 -0.13611813, 0.0085393284, 0.99065584, -0.031209588;
 0, 0, 0, 1]
Twc:
[0.99005759, 0.035466623, -0.13611813, -0.036034733;
 -0.03462597, 0.99936384, 0.0085393284, -0.018260507;
 0.1363344, -0.0037412043, 0.99065584, 0.026710123;
 0, 0, 0, 1]
Ow:
[0.031402666;
 0.019626847;
 -0.031209588]
Keyframe: 17 Frame: 170 Frame from vFrameID : 171
Tcw:
[0.99171072, -0.034830417, 0.12367987, 0.026972558;
 0.035139378, 0.99938238, -0.00031687118, 0.025335174;
 -0.12359244, 0.0046602781, 0.99232215, -0.029236903;
 0, 0, 0, 1]
Twc:
[0.99171072, 0.035139378, -0.12359244, -0.031252697;
 -0.034830417, 0.99938238, 0.0046602781, -0.024243809;
 0.12367987, -0.00031687118, 0.99232215, 0.025684491;
 0, 0, 0, 1]
Ow:
[0.026972558;
 0.025335174;
 -0.029236903]
Keyframe: 18 Frame: 173 Frame from vFrameID : 174
Tcw:
[0.99282956, -0.032314837, 0.11508761, 0.024377206;
 0.031972256, 0.99947715, 0.004821904, 0.024782004;
 -0.11518325, -0.0011077188, 0.99334365, -0.027899172;
 0, 0, 0, 1]
Twc:
[0.99282956, 0.031972256, -0.11518325, -0.028208267;
 -0.032314837, 0.99947715, -0.0011077188, -0.024012204;
 0.11508761, 0.004821904, 0.99334365, 0.024788454;
 0, 0, 0, 1]
Ow:
[0.024377206;
 0.024782004;
 -0.027899172]
Keyframe: 19 Frame: 176 Frame from vFrameID : 177
Tcw:
[0.99549425, -0.020716256, 0.092531085, 0.014603767;
 0.020526364, 0.99978483, 0.0030035339, 0.021463916;
 -0.092573397, -0.001090674, 0.99570525, -0.024486564;
 0, 0, 0, 1]
Twc:
[0.99549425, 0.020526364, -0.092573397, -0.017245349;
 -0.020716256, 0.99978483, -0.001090674, -0.021183467;
 0.092531085, 0.0030035339, 0.99570525, 0.022965631;
 0, 0, 0, 1]
Ow:
[0.014603767;
 0.021463916;
 -0.024486564]
Keyframe: 20 Frame: 179 Frame from vFrameID : 180
Tcw:
[0.99673039, -0.010518223, 0.080111757, 0.009183608;
 0.010679324, 0.99994171, -0.0015827428, 0.016989915;
 -0.080090441, 0.0024331072, 0.99678463, -0.024704695;
 0, 0, 0, 1]
Twc:
[0.99673039, 0.010679324, -0.080090441, -0.011313632;
 -0.010518223, 0.99994171, 0.0024331072, -0.016832221;
 0.080111757, -0.0015827428, 0.99678463, 0.023916436;
 0, 0, 0, 1]
Ow:
[0.009183608;
 0.016989915;
 -0.024704695]
Keyframe: 21 Frame: 182 Frame from vFrameID : 183
Tcw:
[0.99847043, -0.00095572585, 0.055280156, 0.0014959576;
 0.0014525274, 0.99995893, -0.0089474963, 0.0084391721;
 -0.055269334, 0.0090141064, 0.99843079, -0.025641279;
 0, 0, 0, 1]
Twc:
[0.99847043, 0.0014525274, -0.055269334, -0.002923104;
 -0.00095572585, 0.99995893, 0.0090141064, -0.0082062623;
 0.055280156, -0.0089474963, 0.99843079, 0.025593856;
 0, 0, 0, 1]
Ow:
[0.0014959576;
 0.0084391721;
 -0.025641279]
Keyframe: 22 Frame: 185 Frame from vFrameID : 186
Tcw:
[0.99951702, 0.018173758, 0.025207845, -0.0106436;
 -0.017480219, 0.99946988, -0.02746553, 0.003289642;
 -0.025693635, 0.027011625, 0.99930489, -0.029244397;
 0, 0, 0, 1]
Twc:
[0.99951702, -0.017480219, -0.025693635, 0.0099445684;
 0.018173758, 0.99946988, 0.027011625, -0.0023045253;
 0.025207845, -0.02746553, 0.99930489, 0.029582722;
 0, 0, 0, 1]
Ow:
[-0.0106436;
 0.003289642;
 -0.029244397]
Keyframe: 23 Frame: 188 Frame from vFrameID : 189
Tcw:
[0.99961644, 0.026282644, 0.0087314667, -0.017422613;
 -0.026009055, 0.99920863, -0.030094221, 0.0015751829;
 -0.0095155118, 0.029855579, 0.99950892, -0.029934298;
 0, 0, 0, 1]
Twc:
[0.99961644, -0.026009055, -0.0095155118, 0.017172057;
 0.026282644, 0.99920863, 0.029855579, -0.00022231814;
 0.0087314667, -0.030094221, 0.99950892, 0.030119129;
 0, 0, 0, 1]
Ow:
[-0.017422613;
 0.0015751829;
 -0.029934298]
Keyframe: 24 Frame: 191 Frame from vFrameID : 192
Tcw:
[0.99899644, 0.038316268, -0.023194835, -0.030593684;
 -0.038994659, 0.99880272, -0.029538065, 0.007872628;
 0.022035277, 0.030412897, 0.99929452, -0.026695138;
 0, 0, 0, 1]
Twc:
[0.99899644, -0.038994659, 0.022035277, 0.031458206;
 0.038316268, 0.99880272, 0.030412897, -0.0058790897;
 -0.023194835, -0.029538065, 0.99929452, 0.026199231;
 0, 0, 0, 1]
Ow:
[-0.030593684;
 0.007872628;
 -0.026695138]
Keyframe: 25 Frame: 194 Frame from vFrameID : 195
Tcw:
[0.99818617, 0.04068863, -0.04437077, -0.038310401;
 -0.04147872, 0.99899417, -0.01703326, 0.015788874;
 0.043633081, 0.018842807, 0.9988699, -0.021298524;
 0, 0, 0, 1]
Twc:
[0.99818617, -0.04147872, 0.043633081, 0.039825138;
 0.04068863, 0.99899417, 0.018842807, -0.013812872;
 -0.04437077, -0.01703326, 0.9988699, 0.019843528;
 0, 0, 0, 1]
Ow:
[-0.038310401;
 0.015788874;
 -0.021298524]
Keyframe: 26 Frame: 198 Frame from vFrameID : 199
Tcw:
[0.99726439, 0.045696173, -0.058100212, -0.040970203;
 -0.045753427, 0.99895269, 0.00034519879, 0.02284506;
 0.058055136, 0.0023140293, 0.99831069, -0.014814851;
 0, 0, 0, 1]
Twc:
[0.99726439, -0.045753427, 0.058055136, 0.042763442;
 0.045696173, 0.99895269, 0.0023140293, -0.02091467;
 -0.058100212, 0.00034519879, 0.99831069, 0.01240156;
 0, 0, 0, 1]
Ow:
[-0.040970203;
 0.02284506;
 -0.014814851]
Keyframe: 27 Frame: 202 Frame from vFrameID : 203
Tcw:
[0.99708676, 0.048045557, -0.059242014, -0.036756061;
 -0.047514539, 0.99881703, 0.010340691, 0.037539002;
 0.059668757, -0.0074957088, 0.9981901, -0.0068294341;
 0, 0, 0, 1]
Twc:
[0.99708676, -0.047514539, 0.059668757, 0.038840134;
 0.048045557, 0.99881703, -0.0074957088, -0.035779819;
 -0.059242014, 0.010340691, 0.9981901, 0.0042513912;
 0, 0, 0, 1]
Ow:
[-0.036756061;
 0.037539002;
 -0.0068294341]
Keyframe: 28 Frame: 206 Frame from vFrameID : 207
Tcw:
[0.99880445, 0.010145471, -0.047819573, -0.01719963;
 -0.0085916128, 0.99943191, 0.032588467, 0.056137305;
 0.048123036, -0.032138661, 0.99832422, 0.010414475;
 0, 0, 0, 1]
Twc:
[0.99880445, -0.0085916128, 0.048123036, 0.017160201;
 0.010145471, 0.99943191, -0.032138661, -0.05559621;
 -0.047819573, 0.032588467, 0.99832422, -0.013048931;
 0, 0, 0, 1]
Ow:
[-0.01719963;
 0.056137305;
 0.010414475]
Keyframe: 29 Frame: 210 Frame from vFrameID : 211
Tcw:
[0.99995977, -0.0028606502, -0.0085049318, 0.014365501;
 0.0032335443, 0.99901927, 0.044159018, 0.053020254;
 0.0083702682, -0.044184741, 0.99898833, 0.023593921;
 0, 0, 0, 1]
Twc:
[0.99995977, 0.0032335443, 0.0083702682, -0.014733854;
 -0.0028606502, 0.99901927, -0.044184741, -0.05188467;
 -0.0085049318, 0.044159018, 0.99898833, -0.025789196;
 0, 0, 0, 1]
Ow:
[0.014365501;
 0.053020254;
 0.023593921]
Keyframe: 30 Frame: 214 Frame from vFrameID : 215
Tcw:
[0.99975532, -0.002263339, 0.022005143, 0.047515512;
 0.0013818406, 0.99919903, 0.039991729, 0.04417289;
 -0.022078034, -0.039951537, 0.99895769, 0.032711335;
 0, 0, 0, 1]
Twc:
[0.99975532, 0.0013818406, -0.022078034, -0.046842724;
 -0.002263339, 0.99919903, -0.039951537, -0.042723101;
 0.022005143, 0.039991729, 0.99895769, -0.035489377;
 0, 0, 0, 1]
Ow:
[0.047515512;
 0.04417289;
 0.032711335]
Keyframe: 31 Frame: 218 Frame from vFrameID : 219
Tcw:
[0.99975574, -0.0017182126, 0.022035044, 0.065397725;
 0.00081389543, 0.99915951, 0.040983438, 0.029810654;
 -0.022086943, -0.040955491, 0.9989168, 0.037734184;
 0, 0, 0, 1]
Twc:
[0.99975574, 0.00081389543, -0.022086943, -0.06457258;
 -0.0017182126, 0.99915951, -0.040955491, -0.028127808;
 0.022035044, 0.040983438, 0.9989168, -0.040356096;
 0, 0, 0, 1]
Ow:
[0.065397725;
 0.029810654;
 0.037734184]
Keyframe: 32 Frame: 222 Frame from vFrameID : 223
Tcw:
[0.99993342, 0.0034425019, 0.011014887, 0.083899021;
 -0.0037487382, 0.99960357, 0.027903259, 0.010488624;
 -0.010914464, -0.027942693, 0.99954993, 0.048924558;
 0, 0, 0, 1]
Twc:
[0.99993342, -0.0037487382, -0.010914464, -0.083320133;
 0.0034425019, 0.99960357, -0.027942693, -0.0094062053;
 0.011014887, 0.027903259, 0.99954993, -0.050119344;
 0, 0, 0, 1]
Ow:
[0.083899021;
 0.010488624;
 0.048924558]
Keyframe: 33 Frame: 227 Frame from vFrameID : 228
Tcw:
[0.99995643, -0.00058653083, -0.0093193678, 0.096978143;
 0.0010211318, 0.99890852, 0.046698079, -0.0074484246;
 0.0092818066, -0.046705559, 0.9988656, 0.085170709;
 0, 0, 0, 1]
Twc:
[0.99995643, 0.0010211318, 0.0092818066, -0.097756848;
 -0.00058653083, 0.99890852, -0.046705559, 0.011475121;
 -0.0093193678, 0.046698079, 0.9988656, -0.083822481;
 0, 0, 0, 1]
Ow:
[0.096978143;
 -0.0074484246;
 0.085170709]
Keyframe: 34 Frame: 231 Frame from vFrameID : 232
Tcw:
[0.99982518, 0.0040117074, -0.018261099, 0.099699862;
 -0.0033523522, 0.99934632, 0.035995584, -0.037197214;
 0.018393565, -0.035928074, 0.99918509, 0.13672297;
 0, 0, 0, 1]
Twc:
[0.99982518, -0.0033523522, 0.018393565, -0.10232196;
 0.0040117074, 0.99934632, -0.035928074, 0.041685127;
 -0.018261099, 0.035995584, 0.99918509, -0.13345198;
 0, 0, 0, 1]
Ow:
[0.099699862;
 -0.037197214;
 0.13672297]
Keyframe: 35 Frame: 235 Frame from vFrameID : 236
Tcw:
[0.99961466, -0.0079241516, -0.026603037, 0.10492343;
 0.008937641, 0.99923027, 0.038196579, -0.062167503;
 0.026279885, -0.03841963, 0.99891609, 0.1748284;
 0, 0, 0, 1]
Twc:
[0.99961466, 0.008937641, 0.026279885, -0.10892184;
 -0.0079241516, 0.99923027, -0.03841963, 0.069667928;
 -0.026603037, 0.038196579, 0.99891609, -0.16947301;
 0, 0, 0, 1]
Ow:
[0.10492343;
 -0.062167503;
 0.1748284]
Keyframe: 36 Frame: 239 Frame from vFrameID : 240
Tcw:
[0.99979061, -0.013877261, -0.015037547, 0.11014429;
 0.014879369, 0.99752522, 0.068717025, -0.095281638;
 0.014046729, -0.068926387, 0.99752283, 0.21343158;
 0, 0, 0, 1]
Twc:
[0.99979061, 0.014879369, 0.014046729, -0.11170151;
 -0.013877261, 0.99752522, -0.068926387, 0.11128541;
 -0.015037547, 0.068717025, 0.99752283, -0.20469911;
 0, 0, 0, 1]
Ow:
[0.11014429;
 -0.095281638;
 0.21343158]
Keyframe: 37 Frame: 245 Frame from vFrameID : 246
Tcw:
[0.99990118, -0.0063978629, 0.012515916, 0.11931228;
 0.0054200962, 0.99704307, 0.076653145, -0.12494189;
 -0.012969324, -0.076577738, 0.99697924, 0.26629439;
 0, 0, 0, 1]
Twc:
[0.99990118, 0.0054200962, -0.012969324, -0.11516964;
 -0.0063978629, 0.99704307, -0.076577738, 0.14572801;
 0.012515916, 0.076653145, 0.99697924, -0.25740612;
 0, 0, 0, 1]
Ow:
[0.11931228;
 -0.12494189;
 0.26629439]
Keyframe: 38 Frame: 250 Frame from vFrameID : 251
Tcw:
[0.99974859, 0.020158023, 0.0098178396, 0.13420299;
 -0.020909572, 0.99627471, 0.083662763, -0.15787847;
 -0.0080947895, -0.083847016, 0.99644578, 0.33285931;
 0, 0, 0, 1]
Twc:
[0.99974859, -0.020909572, -0.0080947895, -0.134776;
 0.020158023, 0.99627471, -0.083847016, 0.18249434;
 0.0098178396, 0.083662763, 0.99644578, -0.3197853;
 0, 0, 0, 1]
Ow:
[0.13420299;
 -0.15787847;
 0.33285931]
Keyframe: 39 Frame: 255 Frame from vFrameID : 256
Tcw:
[0.99786258, 0.046484958, -0.045928672, 0.1428411;
 -0.042927116, 0.99621165, 0.07562799, -0.18775225;
 0.049270242, -0.073494762, 0.99607778, 0.37930727;
 0, 0, 0, 1]
Twc:
[0.99786258, -0.042927116, 0.049270242, -0.16928402;
 0.046484958, 0.99621165, -0.073494762, 0.2082781;
 -0.045928672, 0.07562799, 0.99607778, -0.35705972;
 0, 0, 0, 1]
Ow:
[0.1428411;
 -0.18775225;
 0.37930727]
Keyframe: 40 Frame: 260 Frame from vFrameID : 261
Tcw:
[0.99340087, 0.073953547, -0.087667242, 0.17022917;
 -0.066256635, 0.99394321, 0.087675005, -0.21775022;
 0.093620136, -0.081287891, 0.992284, 0.4256956;
 0, 0, 0, 1]
Twc:
[0.99340087, -0.066256635, 0.093620136, -0.2233869;
 0.073953547, 0.99394321, -0.081287891, 0.23844622;
 -0.087667242, 0.087675005, 0.992284, -0.38839617;
 0, 0, 0, 1]
Ow:
[0.17022917;
 -0.21775022;
 0.4256956]
Keyframe: 41 Frame: 266 Frame from vFrameID : 267
Tcw:
[0.992612, 0.083716564, -0.087823585, 0.18748984;
 -0.075175293, 0.99249715, 0.096426822, -0.24718544;
 0.095237181, -0.089112252, 0.99145794, 0.48372099;
 0, 0, 0, 1]
Twc:
[0.992612, -0.075175293, 0.095237181, -0.2507551;
 0.083716564, 0.99249715, -0.089112252, 0.27274027;
 -0.087823585, 0.096426822, 0.99145794, -0.43928769;
 0, 0, 0, 1]
Ow:
[0.18748984;
 -0.24718544;
 0.48372099]
Keyframe: 42 Frame: 272 Frame from vFrameID : 273
Tcw:
[0.99669772, 0.067554519, -0.045056015, 0.22885762;
 -0.06312193, 0.99362171, 0.093442671, -0.28314501;
 0.051081106, -0.090290077, 0.99460465, 0.57309175;
 0, 0, 0, 1]
Twc:
[0.99669772, -0.06312193, 0.051081106, -0.27524868;
 0.067554519, 0.99362171, -0.090290077, 0.31762317;
 -0.045056015, 0.093442671, 0.99460465, -0.53323048;
 0, 0, 0, 1]
Ow:
[0.22885762;
 -0.28314501;
 0.57309175]
Keyframe: 43 Frame: 278 Frame from vFrameID : 279
Tcw:
[0.99968648, 0.019268936, -0.015989685, 0.25810349;
 -0.017189691, 0.99246746, 0.12129633, -0.31251088;
 0.018206494, -0.12098344, 0.99248755, 0.65475053;
 0, 0, 0, 1]
Twc:
[0.99968648, -0.017189691, 0.018206494, -0.27531523;
 0.019268936, 0.99246746, -0.12098344, 0.38439748;
 -0.015989685, 0.12129633, 0.99248755, -0.60779834;
 0, 0, 0, 1]
Ow:
[0.25810349;
 -0.31251088;
 0.65475053]
Keyframe: 44 Frame: 284 Frame from vFrameID : 285
Tcw:
[0.99611193, 0.066126615, -0.058209047, 0.3151556;
 -0.060212854, 0.99335629, 0.098069765, -0.36061341;
 0.064307347, -0.094183527, 0.99347574, 0.75546205;
 0, 0, 0, 1]
Twc:
[0.99611193, -0.060212854, 0.064307347, -0.38422558;
 0.066126615, 0.99335629, -0.094183527, 0.40852952;
 -0.058209047, 0.098069765, 0.99347574, -0.69682306;
 0, 0, 0, 1]
Ow:
[0.3151556;
 -0.36061341;
 0.75546205]
Keyframe: 45 Frame: 287 Frame from vFrameID : 288
Tcw:
[0.99058384, 0.10288562, -0.090322867, 0.33860427;
 -0.095103271, 0.9916923, 0.086612791, -0.3803646;
 0.098483704, -0.07720723, 0.9921391, 0.78308105;
 0, 0, 0, 1]
Twc:
[0.99058384, -0.095103271, 0.098483704, -0.44871056;
 0.10288562, 0.9916923, -0.07720723, 0.40282664;
 -0.090322867, 0.086612791, 0.9921391, -0.7133972;
 0, 0, 0, 1]
Ow:
[0.33860427;
 -0.3803646;
 0.78308105]
Keyframe: 46 Frame: 290 Frame from vFrameID : 291
Tcw:
[0.98661125, 0.1144518, -0.11618539, 0.35435989;
 -0.10189314, 0.98882502, 0.10882512, -0.39180258;
 0.12734225, -0.095529594, 0.98724771, 0.80231404;
 0, 0, 0, 1]
Twc:
[0.98661125, -0.10189314, 0.12734225, -0.49170592;
 0.1144518, 0.98882502, -0.095529594, 0.42351177;
 -0.11618539, 0.10882512, 0.98724771, -0.70827335;
 0, 0, 0, 1]
Ow:
[0.35435989;
 -0.39180258;
 0.80231404]
Keyframe: 47 Frame: 293 Frame from vFrameID : 294
Tcw:
[0.98501563, 0.11215065, -0.1310208, 0.36729324;
 -0.09475743, 0.98668462, 0.13219102, -0.42304474;
 0.14410152, -0.11779503, 0.9825269, 0.84053624;
 0, 0, 0, 1]
Twc:
[0.98501563, -0.09475743, 0.14410152, -0.52299875;
 0.11215065, 0.98668462, -0.11779503, 0.47523054;
 -0.1310208, 0.13219102, 0.9825269, -0.72180367;
 0, 0, 0, 1]
Ow:
[0.36729324;
 -0.42304474;
 0.84053624]
Keyframe: 48 Frame: 296 Frame from vFrameID : 297
Tcw:
[0.98682511, 0.087678067, -0.1359733, 0.37651569;
 -0.069819875, 0.98892599, 0.13096035, -0.44049653;
 0.14594989, -0.11974133, 0.98201865, 0.88087648;
 0, 0, 0, 1]
Twc:
[0.98682511, -0.069819875, 0.14594989, -0.53087437;
 0.087678067, 0.98892599, -0.11974133, 0.50808358;
 -0.1359733, 0.13096035, 0.98201865, -0.75615346;
 0, 0, 0, 1]
Ow:
[0.37651569;
 -0.44049653;
 0.88087648]
Keyframe: 49 Frame: 299 Frame from vFrameID : 300
Tcw:
[0.98770088, 0.075824134, -0.1367396, 0.38747296;
 -0.060778264, 0.99195582, 0.11103913, -0.45343152;
 0.14405909, -0.10136265, 0.98436403, 0.92466003;
 0, 0, 0, 1]
Twc:
[0.98770088, -0.060778264, 0.14405909, -0.54347181;
 0.075824134, 0.99195582, -0.10136265, 0.51413018;
 -0.1367396, 0.11103913, 0.98436403, -0.80687058;
 0, 0, 0, 1]
Ow:
[0.38747296;
 -0.45343152;
 0.92466003]
Keyframe: 50 Frame: 302 Frame from vFrameID : 303
Tcw:
[0.98846573, 0.076337211, -0.13079791, 0.40313831;
 -0.06025283, 0.99060082, 0.12279895, -0.46958447;
 0.13894264, -0.11350162, 0.98377454, 0.97534907;
 0, 0, 0, 1]
Twc:
[0.98846573, -0.06025283, 0.13894264, -0.56229979;
 0.076337211, 0.99060082, -0.11350162, 0.54509997;
 -0.13079791, 0.12279895, 0.98377454, -0.84912938;
 0, 0, 0, 1]
Ow:
[0.40313831;
 -0.46958447;
 0.97534907]
Keyframe: 51 Frame: 305 Frame from vFrameID : 306
Tcw:
[0.99285907, 0.078543626, -0.089787386, 0.41988301;
 -0.068950489, 0.99204046, 0.1053637, -0.49892187;
 0.09734837, -0.098420419, 0.990372, 1.0136343;
 0, 0, 0, 1]
Twc:
[0.99285907, -0.068950489, 0.09734837, -0.54996121;
 0.078543626, 0.99204046, -0.098420419, 0.56173384;
 -0.089787386, 0.1053637, 0.990372, -0.91360664;
 0, 0, 0, 1]
Ow:
[0.41988301;
 -0.49892187;
 1.0136343]
Keyframe: 52 Frame: 308 Frame from vFrameID : 309
Tcw:
[0.99771321, 0.04678034, -0.048784863, 0.41985887;
 -0.04069221, 0.99205047, 0.11908004, -0.51693851;
 0.053967651, -0.11682256, 0.99168545, 1.055987;
 0, 0, 0, 1]
Twc:
[0.99771321, -0.04069221, 0.053967651, -0.49692327;
 0.04678034, 0.99205047, -0.11682256, 0.61655104;
 -0.048784863, 0.11908004, 0.99168545, -0.96516711;
 0, 0, 0, 1]
Ow:
[0.41985887;
 -0.51693851;
 1.055987]
Keyframe: 53 Frame: 311 Frame from vFrameID : 312
Tcw:
[0.99845165, 0.026830742, -0.048727896, 0.43186375;
 -0.019212885, 0.98841333, 0.15056527, -0.53950363;
 0.052203082, -0.14939593, 0.98739845, 1.089857;
 0, 0, 0, 1]
Twc:
[0.99845165, -0.019212885, 0.052203082, -0.49845442;
 0.026830742, 0.98841333, -0.14939593, 0.68448561;
 -0.048727896, 0.15056527, 0.98739845, -0.97384876;
 0, 0, 0, 1]
Ow:
[0.43186375;
 -0.53950363;
 1.089857]
Keyframe: 54 Frame: 314 Frame from vFrameID : 315
Tcw:
[0.99869311, 0.023079772, -0.045600981, 0.44104621;
 -0.015826551, 0.98802918, 0.15345328, -0.5500825;
 0.048596766, -0.15253101, 0.98710316, 1.113076;
 0, 0, 0, 1]
Twc:
[0.99869311, -0.015826551, 0.048596766, -0.50326759;
 0.023079772, 0.98802918, -0.15253101, 0.70309693;
 -0.045600981, 0.15345328, 0.98710316, -0.99419665;
 0, 0, 0, 1]
Ow:
[0.44104621;
 -0.5500825;
 1.113076]
Keyframe: 55 Frame: 317 Frame from vFrameID : 318
Tcw:
[0.99812227, 0.016108731, -0.059096564, 0.45734292;
 -0.0073612398, 0.98935264, 0.1453519, -0.57528079;
 0.060808774, -0.14464395, 0.9876135, 1.164932;
 0, 0, 0, 1]
Twc:
[0.99812227, -0.0073612398, 0.060808774, -0.53155708;
 0.016108731, 0.98935264, -0.14464395, 0.73028868;
 -0.059096564, 0.1453519, 0.9876135, -1.039857;
 0, 0, 0, 1]
Ow:
[0.45734292;
 -0.57528079;
 1.164932]
Keyframe: 56 Frame: 320 Frame from vFrameID : 321
Tcw:
[0.99626869, 0.023683922, -0.082992569, 0.47526157;
 -0.010883402, 0.98840982, 0.15141872, -0.59298116;
 0.085616857, -0.14995047, 0.98497951, 1.2099681;
 0, 0, 0, 1]
Twc:
[0.99626869, -0.010883402, 0.085616857, -0.58353555;
 0.023683922, 0.98840982, -0.14995047, 0.75628757;
 -0.082992569, 0.15141872, 0.98497951, -1.0625621;
 0, 0, 0, 1]
Ow:
[0.47526157;
 -0.59298116;
 1.2099681]
Keyframe: 57 Frame: 323 Frame from vFrameID : 324
Tcw:
[0.99508148, 0.046782274, -0.087316722, 0.49855527;
 -0.034542535, 0.99000108, 0.13676491, -0.6159389;
 0.092841819, -0.1330761, 0.98674774, 1.2459924;
 0, 0, 0, 1]
Twc:
[0.99508148, -0.034542535, 0.092841819, -0.63305944;
 0.046782274, 0.99000108, -0.1330761, 0.75226849;
 -0.087316722, 0.13676491, 0.98674774, -1.1017092;
 0, 0, 0, 1]
Ow:
[0.49855527;
 -0.6159389;
 1.2459924]
Keyframe: 58 Frame: 326 Frame from vFrameID : 327
Tcw:
[0.99128777, 0.076346807, -0.10732985, 0.51763582;
 -0.055881869, 0.98167676, 0.18217552, -0.65428883;
 0.11927173, -0.17459057, 0.97739059, 1.2912831;
 0, 0, 0, 1]
Twc:
[0.99128777, -0.055881869, 0.11927173, -0.70370251;
 0.076346807, 0.98167676, -0.17459057, 0.82822615;
 -0.10732985, 0.18217552, 0.97739059, -1.0873349;
 0, 0, 0, 1]
Ow:
[0.51763582;
 -0.65428883;
 1.2912831]
Keyframe: 59 Frame: 329 Frame from vFrameID : 330
Tcw:
[0.9889223, 0.072235629, -0.12967142, 0.53529763;
 -0.04633712, 0.98017508, 0.19263883, -0.6703223;
 0.14101608, -0.18449622, 0.97266418, 1.3230019;
 0, 0, 0, 1]
Twc:
[0.9889223, -0.04633712, 0.14101608, -0.74699312;
 0.072235629, 0.98017508, -0.18449622, 0.86245447;
 -0.12967142, 0.19263883, 0.97266418, -1.0882936;
 0, 0, 0, 1]
Ow:
[0.53529763;
 -0.6703223;
 1.3230019]
Keyframe: 60 Frame: 333 Frame from vFrameID : 334
Tcw:
[0.98975766, 0.083442353, -0.11583221, 0.54903531;
 -0.056992523, 0.97488493, 0.21529336, -0.69648916;
 0.13088766, -0.20648669, 0.96965545, 1.3833135;
 0, 0, 0, 1]
Twc:
[0.98975766, -0.056992523, 0.13088766, -0.76416534;
 0.083442353, 0.97488493, -0.20648669, 0.91881984;
 -0.11583221, 0.21529336, 0.96965545, -1.127792;
 0, 0, 0, 1]
Ow:
[0.54903531;
 -0.69648916;
 1.3833135]
Keyframe: 61 Frame: 337 Frame from vFrameID : 338
Tcw:
[0.98999137, 0.059498124, -0.12797272, 0.57159555;
 -0.033884637, 0.98047173, 0.19371887, -0.72162008;
 0.13699955, -0.18744369, 0.97267467, 1.4564942;
 0, 0, 0, 1]
Twc:
[0.98999137, -0.033884637, 0.13699955, -0.78986555;
 0.059498124, 0.98047173, -0.18744369, 0.94652992;
 -0.12797272, 0.19371887, 0.97267467, -1.203755;
 0, 0, 0, 1]
Ow:
[0.57159555;
 -0.72162008;
 1.4564942]
Keyframe: 62 Frame: 341 Frame from vFrameID : 342
Tcw:
[0.99533665, 0.052591115, -0.080864646, 0.60026908;
 -0.037264571, 0.98286211, 0.18053651, -0.75361365;
 0.088973418, -0.17668122, 0.9802385, 1.5384543;
 0, 0, 0, 1]
Twc:
[0.99533665, -0.037264571, 0.088973418, -0.76243442;
 0.052591115, 0.98286211, -0.17668122, 0.98094541;
 -0.080864646, 0.18053651, 0.9802385, -1.3234566;
 0, 0, 0, 1]
Ow:
[0.60026908;
 -0.75361365;
 1.5384543]
Keyframe: 63 Frame: 346 Frame from vFrameID : 347
Tcw:
[0.997832, 0.021971835, -0.062036969, 0.6261183;
 -0.0071677868, 0.97329956, 0.22942659, -0.78885394;
 0.065421477, -0.22848453, 0.97134691, 1.6092222;
 0, 0, 0, 1]
Twc:
[0.997832, -0.0071677868, 0.065421477, -0.73569286;
 0.021971835, 0.97329956, -0.22848453, 1.1217166;
 -0.062036969, 0.22942659, 0.97134691, -1.3432865;
 0, 0, 0, 1]
Ow:
[0.6261183;
 -0.78885394;
 1.6092222]
Keyframe: 64 Frame: 350 Frame from vFrameID : 351
Tcw:
[0.99646711, 0.027525995, -0.079345159, 0.65096051;
 -0.0094968062, 0.97563481, 0.21919504, -0.82722783;
 0.08344546, -0.21766712, 0.97244942, 1.694608;
 0, 0, 0, 1]
Twc:
[0.99646711, -0.0094968062, 0.08344546, -0.7979241;
 0.027525995, 0.97563481, -0.21766712, 1.1580144;
 -0.079345159, 0.21919504, 0.97244942, -1.4149456;
 0, 0, 0, 1]
Ow:
[0.65096051;
 -0.82722783;
 1.694608]
Keyframe: 65 Frame: 353 Frame from vFrameID : 354
Tcw:
[0.99440122, 0.016955836, -0.10430084, 0.66328335;
 0.0031563519, 0.98183578, 0.18970631, -0.85187984;
 0.10562293, -0.1889734, 0.97628522, 1.7444131;
 0, 0, 0, 1]
Twc:
[0.99440122, 0.0031563519, 0.10562293, -0.84113103;
 0.016955836, 0.98183578, -0.1889734, 1.1548073;
 -0.10430084, 0.18970631, 0.97628522, -1.4722568;
 0, 0, 0, 1]
Ow:
[0.66328335;
 -0.85187984;
 1.7444131]
Keyframe: 66 Frame: 357 Frame from vFrameID : 358
Tcw:
[0.99259585, 0.066135943, -0.10187981, 0.70622873;
 -0.049737446, 0.98653084, 0.15583037, -0.89006692;
 0.11081356, -0.14960934, 0.98251587, 1.8070238;
 0, 0, 0, 1]
Twc:
[0.99259585, -0.049737446, 0.11081356, -0.94551206;
 0.066135943, 0.98653084, -0.14960934, 1.1017189;
 -0.10187981, 0.15583037, 0.98251587, -1.5647795;
 0, 0, 0, 1]
Ow:
[0.70622873;
 -0.89006692;
 1.8070238]
Keyframe: 67 Frame: 360 Frame from vFrameID : 361
Tcw:
[0.98975885, 0.078311503, -0.11935125, 0.71392268;
 -0.055431813, 0.98132396, 0.18420273, -0.91031039;
 0.13154742, -0.17570043, 0.97561502, 1.8440589;
 0, 0, 0, 1]
Twc:
[0.98975885, -0.055431813, 0.13154742, -0.99965262;
 0.078311503, 0.98132396, -0.17570043, 1.1614029;
 -0.11935125, 0.18420273, 0.97561502, -1.5462023;
 0, 0, 0, 1]
Ow:
[0.71392268;
 -0.91031039;
 1.8440589]
Keyframe: 68 Frame: 363 Frame from vFrameID : 364
Tcw:
[0.98690289, 0.087181106, -0.13572797, 0.72918612;
 -0.057177864, 0.97580564, 0.21103102, -0.93301654;
 0.15084204, -0.20050649, 0.96801025, 1.9011672;
 0, 0, 0, 1]
Twc:
[0.98690289, -0.057177864, 0.15084204, -1.0597597;
 0.087181106, 0.97580564, -0.20050649, 1.2280679;
 -0.13572797, 0.21103102, 0.96801025, -1.5444828;
 0, 0, 0, 1]
Ow:
[0.72918612;
 -0.93301654;
 1.9011672]
Keyframe: 69 Frame: 366 Frame from vFrameID : 367
Tcw:
[0.98598731, 0.090719491, -0.13999633, 0.73279214;
 -0.058673017, 0.97417319, 0.21804604, -0.94229078;
 0.1561617, -0.20677663, 0.96584523, 1.934341;
 0, 0, 0, 1]
Twc:
[0.98598731, -0.058673017, 0.1561617, -1.0798808;
 0.090719491, 0.97417319, -0.20677663, 1.2514523;
 -0.13999633, 0.21804604, 0.96584523, -1.5602229;
 0, 0, 0, 1]
Ow:
[0.73279214;
 -0.94229078;
 1.934341]
Keyframe: 70 Frame: 369 Frame from vFrameID : 370
Tcw:
[0.98292321, 0.10254188, -0.15279761, 0.74177313;
 -0.06823267, 0.97425252, 0.21488687, -0.96238929;
 0.17089835, -0.20079152, 0.96461213, 2.0084286;
 0, 0, 0, 1]
Twc:
[0.98292321, -0.06823267, 0.17089835, -1.1380095;
 0.10254188, 0.97425252, -0.20079152, 1.2648226;
 -0.15279761, 0.21488687, 0.96461213, -1.6172084;
 0, 0, 0, 1]
Ow:
[0.74177313;
 -0.96238929;
 2.0084286]
Keyframe: 71 Frame: 372 Frame from vFrameID : 373
Tcw:
[0.98421979, 0.10070606, -0.14549796, 0.7489506;
 -0.070875309, 0.9777723, 0.19732721, -0.9840349;
 0.16213593, -0.18390115, 0.96948045, 2.0553715;
 0, 0, 0, 1]
Twc:
[0.98421979, -0.070875309, 0.16213593, -1.1401254;
 0.10070606, 0.9777723, -0.18390115, 1.2647234;
 -0.14549796, 0.19732721, 0.96948045, -1.6894947;
 0, 0, 0, 1]
Ow:
[0.7489506;
 -0.9840349;
 2.0553715]
Keyframe: 72 Frame: 375 Frame from vFrameID : 376
Tcw:
[0.98879707, 0.077334866, -0.1276703, 0.75493264;
 -0.048651803, 0.97558898, 0.21414754, -1.0028036;
 0.14111482, -0.20553707, 0.968422, 2.0940757;
 0, 0, 0, 1]
Twc:
[0.98879707, -0.048651803, 0.14111482, -1.0907685;
 0.077334866, 0.97558898, -0.20553707, 1.3503518;
 -0.1276703, 0.21414754, 0.968422, -1.7168186;
 0, 0, 0, 1]
Ow:
[0.75493264;
 -1.0028036;
 2.0940757]
Keyframe: 73 Frame: 378 Frame from vFrameID : 379
Tcw:
[0.99161369, 0.051022306, -0.11873922, 0.76877815;
 -0.023104602, 0.97395563, 0.22555836, -1.0338781;
 0.12715524, -0.22092333, 0.96696663, 2.1395686;
 0, 0, 0, 1]
Twc:
[0.99161369, -0.023104602, 0.12715524, -1.0582756;
 0.051022306, 0.97395563, -0.22092333, 1.4404072;
 -0.11873922, 0.22555836, 0.96696663, -1.7444073;
 0, 0, 0, 1]
Ow:
[0.76877815;
 -1.0338781;
 2.1395686]
Keyframe: 74 Frame: 381 Frame from vFrameID : 382
Tcw:
[0.99211639, 0.05164203, -0.11418496, 0.7750262;
 -0.023317577, 0.97130537, 0.23668994, -1.0449256;
 0.12313162, -0.23216145, 0.96485215, 2.1656339;
 0, 0, 0, 1]
Twc:
[0.99211639, -0.023317577, 0.12313162, -1.0599393;
 0.05164203, 0.97130537, -0.23216145, 1.4776947;
 -0.11418496, 0.23668994, 0.96485215, -1.7536969;
 0, 0, 0, 1]
Ow:
[0.7750262;
 -1.0449256;
 2.1656339]
Keyframe: 75 Frame: 384 Frame from vFrameID : 385
Tcw:
[0.99155343, 0.058024317, -0.11599555, 0.79311407;
 -0.029924283, 0.97256339, 0.23070543, -1.0619657;
 0.12619954, -0.22528566, 0.9660849, 2.2100306;
 0, 0, 0, 1]
Twc:
[0.99155343, -0.029924283, 0.12619954, -1.0970984;
 0.058024317, 0.97256339, -0.22528566, 1.4846973;
 -0.11599555, 0.23070543, 0.9660849, -1.7980783;
 0, 0, 0, 1]
Ow:
[0.79311407;
 -1.0619657;
 2.2100306]
Keyframe: 76 Frame: 388 Frame from vFrameID : 389
Tcw:
[0.98508823, 0.076494224, -0.15410982, 0.82520938;
 -0.041920949, 0.97544634, 0.2162106, -1.08778;
 0.16686472, -0.20652609, 0.96410745, 2.2942965;
 0, 0, 0, 1]
Twc:
[0.98508823, -0.041920949, 0.16686472, -1.2413419;
 0.076494224, 0.97544634, -0.20652609, 1.4717795;
 -0.15410982, 0.2162106, 0.96410745, -1.8495858;
 0, 0, 0, 1]
Ow:
[0.82520938;
 -1.08778;
 2.2942965]
Keyframe: 77 Frame: 391 Frame from vFrameID : 392
Tcw:
[0.98071587, 0.1173503, -0.15628602, 0.85277683;
 -0.080032744, 0.97068471, 0.22664066, -1.1102291;
 0.17830078, -0.2097621, 0.96135771, 2.3408139;
 0, 0, 0, 1]
Twc:
[0.98071587, -0.080032744, 0.17830078, -1.3425554;
 0.1173503, 0.97068471, -0.2097621, 1.4686229;
 -0.15628602, 0.22664066, 0.96135771, -1.8654594;
 0, 0, 0, 1]
Ow:
[0.85277683;
 -1.1102291;
 2.3408139]
Keyframe: 78 Frame: 394 Frame from vFrameID : 395
Tcw:
[0.97929376, 0.12840155, -0.15651438, 0.87265396;
 -0.085273601, 0.96281993, 0.25633213, -1.1376295;
 0.18360861, -0.23767792, 0.95383286, 2.3750396;
 0, 0, 0, 1]
Twc:
[0.97929376, -0.085273601, 0.18360861, -1.3876721;
 0.12840155, 0.96281993, -0.23767792, 1.5477768;
 -0.15651438, 0.25633213, 0.95383286, -1.8371968;
 0, 0, 0, 1]
Ow:
[0.87265396;
 -1.1376295;
 2.3750396]
Keyframe: 79 Frame: 398 Frame from vFrameID : 399
Tcw:
[0.97892696, 0.1434364, -0.14535487, 0.88721544;
 -0.099864803, 0.95712227, 0.2719264, -1.1662384;
 0.17812653, -0.25168025, 0.95127702, 2.4294965;
 0, 0, 0, 1]
Twc:
[0.97892696, -0.099864803, 0.17812653, -1.417743;
 0.1434364, 0.95712227, -0.25168025, 1.6004301;
 -0.14535487, 0.2719264, 0.95127702, -1.8650322;
 0, 0, 0, 1]
Ow:
[0.88721544;
 -1.1662384;
 2.4294965]
Keyframe: 80 Frame: 401 Frame from vFrameID : 402
Tcw:
[0.97988945, 0.12828375, -0.1528395, 0.89670157;
 -0.084499002, 0.96065694, 0.26457164, -1.1854897;
 0.18076657, -0.24633616, 0.95217746, 2.4949915;
 0, 0, 0, 1]
Twc:
[0.97988945, -0.084499002, 0.18076657, -1.4298522;
 0.12828375, 0.96065694, -0.24633616, 1.6384233;
 -0.1528395, 0.26457164, 0.95217746, -1.9249763;
 0, 0, 0, 1]
Ow:
[0.89670157;
 -1.1854897;
 2.4949915]
Keyframe: 81 Frame: 405 Frame from vFrameID : 406
Tcw:
[0.98336709, 0.11566999, -0.14003444, 0.90586281;
 -0.075775735, 0.96196067, 0.26246843, -1.2068474;
 0.16506734, -0.24749158, 0.95472544, 2.5660999;
 0, 0, 0, 1]
Twc:
[0.98336709, -0.075775735, 0.16506734, -1.4058247;
 0.11566999, 0.96196067, -0.24749158, 1.6912467;
 -0.14003444, 0.26246843, 0.95472544, -2.0063095;
 0, 0, 0, 1]
Ow:
[0.90586281;
 -1.2068474;
 2.5660999]
Keyframe: 82 Frame: 409 Frame from vFrameID : 410
Tcw:
[0.98751092, 0.10391688, -0.11842083, 0.92357731;
 -0.068953462, 0.96089208, 0.2682012, -1.240191;
 0.14166027, -0.25668609, 0.95605683, 2.6224413;
 0, 0, 0, 1]
Twc:
[0.98751092, -0.068953462, 0.14166027, -1.3690538;
 0.10391688, 0.96089208, -0.25668609, 1.7688586;
 -0.11842083, 0.2682012, 0.95605683, -2.0652113;
 0, 0, 0, 1]
Ow:
[0.92357731;
 -1.240191;
 2.6224413]
Keyframe: 83 Frame: 413 Frame from vFrameID : 414
Tcw:
[0.99019104, 0.092200227, -0.10498001, 0.93903077;
 -0.060655005, 0.96052843, 0.27148876, -1.2724435;
 0.12586761, -0.26245818, 0.95669901, 2.6799326;
 0, 0, 0, 1]
Twc:
[0.99019104, -0.060655005, 0.12586761, -1.3443166;
 0.092200227, 0.96052843, -0.26245818, 1.8390095;
 -0.10498001, 0.27148876, 0.95669901, -2.1198554;
 0, 0, 0, 1]
Ow:
[0.93903077;
 -1.2724435;
 2.6799326]
Keyframe: 84 Frame: 417 Frame from vFrameID : 418
Tcw:
[0.98843163, 0.099706762, -0.11428686, 0.96278119;
 -0.068548962, 0.96587032, 0.24979104, -1.2924596;
 0.13529214, -0.23906712, 0.96153158, 2.7439375;
 0, 0, 0, 1]
Twc:
[0.98843163, -0.068548962, 0.13529214, -1.4114734;
 0.099706762, 0.96587032, -0.23906712, 1.8083378;
 -0.11428686, 0.24979104, 0.96153158, -2.2055044;
 0, 0, 0, 1]
Ow:
[0.96278119;
 -1.2924596;
 2.7439375]
Keyframe: 85 Frame: 421 Frame from vFrameID : 422
Tcw:
[0.97590119, 0.12636864, -0.17789851, 0.99113643;
 -0.081633903, 0.96747839, 0.2394191, -1.3161089;
 0.20236804, -0.21912684, 0.95447922, 2.8283055;
 0, 0, 0, 1]
Twc:
[0.97590119, -0.081633903, 0.20236804, -1.647049;
 0.12636864, 0.96747839, -0.21912684, 1.7678159;
 -0.17789851, 0.2394191, 0.95447922, -2.2081356;
 0, 0, 0, 1]
Ow:
[0.99113643;
 -1.3161089;
 2.8283055]
Keyframe: 86 Frame: 425 Frame from vFrameID : 426
Tcw:
[0.96852773, 0.15513524, -0.19464609, 1.0146377;
 -0.098229587, 0.95676374, 0.27377743, -1.3463438;
 0.22870284, -0.24604101, 0.94189107, 2.9030066;
 0, 0, 0, 1]
Twc:
[0.96852773, -0.098229587, 0.22870284, -1.7788814;
 0.15513524, 0.95676374, -0.24604101, 1.8449855;
 -0.19464609, 0.27377743, 0.94189107, -2.1682222;
 0, 0, 0, 1]
Ow:
[1.0146377;
 -1.3463438;
 2.9030066]
Keyframe: 87 Frame: 429 Frame from vFrameID : 430
Tcw:
[0.9691717, 0.16109514, -0.18642564, 1.0251684;
 -0.10591918, 0.95556694, 0.27508724, -1.3611374;
 0.22245739, -0.24686071, 0.9431715, 2.9649498;
 0, 0, 0, 1]
Twc:
[0.9691717, -0.10591918, 0.22245739, -1.7973099;
 0.16109514, 0.95556694, -0.24686071, 1.8674378;
 -0.18642564, 0.27508724, 0.9431715, -2.230907;
 0, 0, 0, 1]
Ow:
[1.0251684;
 -1.3611374;
 2.9649498]
Keyframe: 88 Frame: 432 Frame from vFrameID : 433
Tcw:
[0.96991742, 0.16342452, -0.18042341, 1.0325804;
 -0.10758319, 0.95261484, 0.28451863, -1.365213;
 0.21837135, -0.25654906, 0.94153947, 3.001307;
 0, 0, 0, 1]
Twc:
[0.96991742, -0.10758319, 0.21837135, -1.8037912;
 0.16342452, 0.95261484, -0.25654906, 1.9017555;
 -0.18042341, 0.28451863, 0.94153947, -2.2511187;
 0, 0, 0, 1]
Ow:
[1.0325804;
 -1.365213;
 3.001307]
Keyframe: 89 Frame: 436 Frame from vFrameID : 437
Tcw:
[0.97487038, 0.13677181, -0.17584433, 1.0361918;
 -0.08662077, 0.95995355, 0.26643205, -1.394002;
 0.20524278, -0.24450493, 0.94767755, 3.091836;
 0, 0, 0, 1]
Twc:
[0.97487038, -0.08662077, 0.20524278, -1.7654792;
 0.13677181, 0.95995355, -0.24450493, 1.9524244;
 -0.17584433, 0.26643205, 0.94767755, -2.3764482;
 0, 0, 0, 1]
Ow:
[1.0361918;
 -1.394002;
 3.091836]
Keyframe: 90 Frame: 439 Frame from vFrameID : 440
Tcw:
[0.97784775, 0.11599196, -0.17424004, 1.0418397;
 -0.066324845, 0.96122521, 0.26766983, -1.403518;
 0.19853146, -0.25018391, 0.9476251, 3.1297088;
 0, 0, 0, 1]
Twc:
[0.97784775, -0.066324845, 0.19853146, -1.7331944;
 0.11599196, 0.96122521, -0.25018391, 2.0112545;
 -0.17424004, 0.26766983, 0.9476251, -2.4085808;
 0, 0, 0, 1]
Ow:
[1.0418397;
 -1.403518;
 3.1297088]
Keyframe: 91 Frame: 443 Frame from vFrameID : 444
Tcw:
[0.98313105, 0.10244394, -0.15152104, 1.0499557;
