Keyframe: 0 Frame: 0 Frame from vFrameID : 88
Tcw:
[1, 0, 0, 0;
 0, 1, 0, 0;
 0, 0, 1, 0;
 0, 0, 0, 1]
Twc:
[1, 0, 0, 0;
 0, 1, 0, 0;
 0, 0, 1, 0;
 0, 0, 0, 1]
Ow:
[0;
 0;
 0]
Keyframe: 1 Frame: 157 Frame from vFrameID : 88
Tcw:
[0.99994522, 0.010442954, -0.0006759984, 0.010003773;
 -0.010452738, 0.9998076, -0.016600106, 0.00046403462;
 0.00050251419, 0.016606264, 0.99986196, 0.083709411;
 0, 0, 0, 1]
Twc:
[0.99994522, -0.010452738, 0.00050251419, -0.010040441;
 0.010442954, 0.9998076, 0.016606264, -0.0019585146;
 -0.0006759984, -0.016600106, 0.99986196, -0.083683394;
 0, 0, 0, 1]
Ow:
[0.010003773;
 0.00046403462;
 0.083709411]
Keyframe: 2 Frame: 159 Frame from vFrameID : 90
Tcw:
[0.99980098, 0.0051468485, -0.01927519, 0.014800395;
 -0.0057317885, 0.9995209, -0.030415516, -0.00081178197;
 0.019109411, 0.030519946, 0.99935144, 0.094059534;
 0, 0, 0, 1]
Twc:
[0.99980098, -0.0057317885, 0.019109411, -0.016599525;
 0.0051468485, 0.9995209, 0.030519946, -0.0021354742;
 -0.01927519, -0.030415516, 0.99935144, -0.093737952;
 0, 0, 0, 1]
Ow:
[0.014800395;
 -0.00081178197;
 0.094059534]
Keyframe: 3 Frame: 161 Frame from vFrameID : 92
Tcw:
[0.99899721, 0.012400569, -0.043021083, 0.018892335;
 -0.013391609, 0.99964976, -0.022824943, -0.0054164082;
 0.042722974, 0.023378175, 0.99881339, 0.10623747;
 0, 0, 0, 1]
Twc:
[0.99899721, -0.013391609, 0.042722974, -0.023484705;
 0.012400569, 0.99964976, 0.023378175, 0.0026965973;
 -0.043021083, -0.022824943, 0.99881339, -0.10542227;
 0, 0, 0, 1]
Ow:
[0.018892335;
 -0.0054164082;
 0.10623747]
Keyframe: 4 Frame: 163 Frame from vFrameID : 94
Tcw:
[0.99770957, 0.020411685, -0.064489745, 0.026282163;
 -0.02121271, 0.99970579, -0.011760678, -0.010064341;
 0.064230718, 0.013101744, 0.99784905, 0.11966998;
 0, 0, 0, 1]
Twc:
[0.99770957, -0.02121271, 0.064230718, -0.034121946;
 0.020411685, 0.99970579, 0.013101744, 0.007957032;
 -0.064489745, -0.011760678, 0.99784905, -0.11783601;
 0, 0, 0, 1]
Ow:
[0.026282163;
 -0.010064341;
 0.11966998]
Keyframe: 5 Frame: 165 Frame from vFrameID : 96
Tcw:
[0.99640077, 0.032772597, -0.078175709, 0.03451582;
 -0.033054005, 0.99945092, -0.0023080786, -0.016621068;
 0.07805714, 0.0048837918, 0.99693692, 0.1373831;
 0, 0, 0, 1]
Twc:
[0.99640077, -0.033054005, 0.07805714, -0.045664713;
 0.032772597, 0.99945092, 0.0048837918, 0.014809819;
 -0.078175709, -0.0023080786, 0.99693692, -0.13430235;
 0, 0, 0, 1]
Ow:
[0.03451582;
 -0.016621068;
 0.1373831]
Keyframe: 6 Frame: 167 Frame from vFrameID : 98
Tcw:
[0.99548018, 0.035833225, -0.087950133, 0.036749773;
 -0.036291763, 0.99933469, -0.0036196148, -0.020740248;
 0.087761916, 0.00679512, 0.99611831, 0.15689874;
 0, 0, 0, 1]
Twc:
[0.99548018, -0.036291763, 0.087761916, -0.051106103;
 0.035833225, 0.99933469, 0.00679512, 0.018343441;
 -0.087950133, -0.0036196148, 0.99611831, -0.15313262;
 0, 0, 0, 1]
Ow:
[0.036749773;
 -0.020740248;
 0.15689874]
Keyframe: 7 Frame: 169 Frame from vFrameID : 100
Tcw:
[0.99509686, 0.036769047, -0.091816396, 0.044542421;
 -0.037392125, 0.99928778, -0.0050745411, -0.026693016;
 0.091564417, 0.0084828697, 0.995763, 0.18118638;
 0, 0, 0, 1]
Twc:
[0.99509686, -0.037392125, 0.091564417, -0.061912358;
 0.036769047, 0.99928778, 0.0084828697, 0.023499241;
 -0.091816396, -0.0050745411, 0.995763, -0.17646442;
 0, 0, 0, 1]
Ow:
[0.044542421;
 -0.026693016;
 0.18118638]
Keyframe: 8 Frame: 172 Frame from vFrameID : 173
Tcw:
[0.99632215, 0.021028338, -0.083066285, 0.053455487;
 -0.022925589, 0.9994961, -0.021952696, -0.032305263;
 0.082562804, 0.0237763, 0.99630219, 0.2197106;
 0, 0, 0, 1]
Twc:
[0.99632215, -0.022925589, 0.082562804, -0.07213942;
 0.021028338, 0.9994961, 0.0237763, 0.025941001;
 -0.083066285, -0.021952696, 0.99630219, -0.215167;
 0, 0, 0, 1]
Ow:
[0.053455487;
 -0.032305263;
 0.2197106]
Keyframe: 9 Frame: 175 Frame from vFrameID : 176
Tcw:
[0.99716067, 0.015589871, -0.073672004, 0.071576625;
 -0.016963255, 0.9996931, -0.018053044, -0.038410779;
 0.073367946, 0.019251501, 0.99711913, 0.25581086;
 0, 0, 0, 1]
Twc:
[0.99716067, -0.016963255, 0.073367946, -0.090793282;
 0.015589871, 0.9996931, 0.019251501, 0.032358378;
 -0.073672004, -0.018053044, 0.99711913, -0.25049412;
 0, 0, 0, 1]
Ow:
[0.071576625;
 -0.038410779;
 0.25581086]
Keyframe: 10 Frame: 178 Frame from vFrameID : 179
Tcw:
[0.99927741, 0.023852091, -0.029593738, 0.081958383;
 -0.024182996, 0.99964839, -0.010874439, -0.055846922;
 0.029323956, 0.011582246, 0.99950284, 0.29463997;
 0, 0, 0, 1]
Twc:
[0.99927741, -0.024182996, 0.029323956, -0.091889717;
 0.023852091, 0.99964839, 0.011582246, 0.050459817;
 -0.029593738, -0.010874439, 0.99950284, -0.29267535;
 0, 0, 0, 1]
Ow:
[0.081958383;
 -0.055846922;
 0.29463997]
Keyframe: 11 Frame: 181 Frame from vFrameID : 182
Tcw:
[0.99953896, 0.0059312573, -0.02977726, 0.095498554;
 -0.0060799108, 0.99996948, -0.0049041188, -0.069251925;
 0.029747264, 0.0050829011, 0.9995445, 0.32912421;
 0, 0, 0, 1]
Twc:
[0.99953896, -0.0060799108, 0.029747264, -0.10566612;
 0.0059312573, 0.99996948, 0.0050829011, 0.067010477;
 -0.02977726, -0.0049041188, 0.9995445, -0.32647026;
 0, 0, 0, 1]
Ow:
[0.095498554;
 -0.069251925;
 0.32912421]
Keyframe: 12 Frame: 184 Frame from vFrameID : 185
Tcw:
[0.99909264, 0.011496983, -0.041009348, 0.11010898;
 -0.012297208, 0.9997378, -0.019314652, -0.078580268;
 0.040776536, 0.019801427, 0.99897206, 0.37881604;
 0, 0, 0, 1]
Twc:
[0.99909264, -0.012297208, 0.040776536, -0.12642218;
 0.011496983, 0.9997378, 0.019801427, 0.069792651;
 -0.041009348, -0.019314652, 0.99897206, -0.37542889;
 0, 0, 0, 1]
Ow:
[0.11010898;
 -0.078580268;
 0.37881604]
Keyframe: 13 Frame: 187 Frame from vFrameID : 188
Tcw:
[0.99768955, 0.022672866, -0.064043269, 0.12943858;
 -0.024908364, 0.99910027, -0.034326009, -0.090829849;
 0.063207373, 0.035841912, 0.99735659, 0.41722319;
 0, 0, 0, 1]
Twc:
[0.99768955, -0.024908364, 0.063207373, -0.15777352;
 0.022672866, 0.99910027, 0.035841912, 0.072859295;
 -0.064043269, -0.034326009, 0.99735659, -0.41094846;
 0, 0, 0, 1]
Ow:
[0.12943858;
 -0.090829849;
 0.41722319]
Keyframe: 14 Frame: 191 Frame from vFrameID : 192
Tcw:
[0.99469352, 0.02672038, -0.099351972, 0.1410947;
 -0.029300442, 0.99926788, -0.02460083, -0.10198281;
 0.098621897, 0.027381344, 0.99474818, 0.44990703;
 0, 0, 0, 1]
Twc:
[0.99469352, -0.029300442, 0.098621897, -0.1877048;
 0.02672038, 0.99926788, 0.027381344, 0.085818984;
 -0.099351972, -0.02460083, 0.99474818, -0.43603504;
 0, 0, 0, 1]
Ow:
[0.1410947;
 -0.10198281;
 0.44990703]
Keyframe: 15 Frame: 195 Frame from vFrameID : 196
Tcw:
[0.99365175, 0.033612147, -0.10736123, 0.15878008;
 -0.036122166, 0.99911565, -0.021520158, -0.11675893;
 0.10654294, 0.025261663, 0.99398714, 0.4938651;
 0, 0, 0, 1]
Twc:
[0.99365175, -0.036122166, 0.10654294, -0.21460754;
 0.033612147, 0.99911565, 0.025261663, 0.098842874;
 -0.10736123, -0.021520158, 0.99398714, -0.47636142;
 0, 0, 0, 1]
Ow:
[0.15878008;
 -0.11675893;
 0.4938651]
Keyframe: 16 Frame: 199 Frame from vFrameID : 200
Tcw:
[0.99588114, 0.025433922, -0.087028094, 0.17527546;
 -0.028071919, 0.99917865, -0.029223481, -0.13090782;
 0.086213343, 0.031546161, 0.99577713, 0.55801868;
 0, 0, 0, 1]
Twc:
[0.99588114, -0.028071919, 0.086213343, -0.226337;
 0.025433922, 0.99917865, 0.031546161, 0.10873901;
 -0.087028094, -0.029223481, 0.99577713, -0.54423392;
 0, 0, 0, 1]
Ow:
[0.17527546;
 -0.13090782;
 0.55801868]
Keyframe: 17 Frame: 203 Frame from vFrameID : 204
Tcw:
[0.99726272, -0.016213827, -0.072140306, 0.19034642;
 0.014863282, 0.99970484, -0.019218713, -0.14341679;
 0.072430618, 0.018093864, 0.99720931, 0.61344242;
 0, 0, 0, 1]
Twc:
[0.99726272, 0.014863282, 0.072430618, -0.23212576;
 -0.016213827, 0.99970484, 0.018093864, 0.13536116;
 -0.072140306, -0.019218713, 0.99720931, -0.6007551;
 0, 0, 0, 1]
Ow:
[0.19034642;
 -0.14341679;
 0.61344242]
Keyframe: 18 Frame: 207 Frame from vFrameID : 208
Tcw:
[0.99980807, -0.01397562, -0.013730465, 0.19530492;
 0.013679691, 0.99967706, -0.021415297, -0.15128332;
 0.014025322, 0.021223359, 0.99967641, 0.66272771;
 0, 0, 0, 1]
Twc:
[0.99980807, 0.013679691, 0.014025322, -0.20249289;
 -0.01397562, 0.99967706, 0.021223359, 0.13989867;
 -0.013730465, -0.021415297, 0.99967641, -0.66307139;
 0, 0, 0, 1]
Ow:
[0.19530492;
 -0.15128332;
 0.66272771]
Keyframe: 19 Frame: 212 Frame from vFrameID : 213
Tcw:
[0.99914575, -0.023385456, -0.034072187, 0.20584491;
 0.023039939, 0.99967945, -0.010498404, -0.16401947;
 0.034306772, 0.0097044138, 0.99936426, 0.72621548;
 0, 0, 0, 1]
Twc:
[0.99914575, 0.023039939, 0.034306772, -0.22680418;
 -0.023385456, 0.99967945, 0.0097044138, 0.16173317;
 -0.034072187, -0.010498404, 0.99936426, -0.72046208;
 0, 0, 0, 1]
Ow:
[0.20584491;
 -0.16401947;
 0.72621548]
Keyframe: 20 Frame: 217 Frame from vFrameID : 218
Tcw:
[0.99819171, 0.031901844, -0.050946619, 0.21794544;
 -0.032992892, 0.99924082, -0.020719826, -0.17343102;
 0.050246939, 0.022363234, 0.9984864, 0.79757696;
 0, 0, 0, 1]
Twc:
[0.99819171, -0.032992892, 0.050246939, -0.26334912;
 0.031901844, 0.99924082, 0.022363234, 0.14851008;
 -0.050946619, -0.020719826, 0.9984864, -0.78885967;
 0, 0, 0, 1]
Ow:
[0.21794544;
 -0.17343102;
 0.79757696]
Keyframe: 21 Frame: 222 Frame from vFrameID : 223
Tcw:
[0.99114889, 0.083646193, -0.10308848, 0.21818238;
 -0.086088292, 0.99609733, -0.019464454, -0.18403317;
 0.10105803, 0.028166883, 0.99448174, 0.85581392;
 0, 0, 0, 1]
Twc:
[0.99114889, -0.086088292, 0.10105803, -0.31858119;
 0.083646193, 0.99609733, 0.028166883, 0.14095923;
 -0.10308848, -0.019464454, 0.99448174, -0.83218127;
 0, 0, 0, 1]
Ow:
[0.21818238;
 -0.18403317;
 0.85581392]
Keyframe: 22 Frame: 226 Frame from vFrameID : 227
Tcw:
[0.98423749, 0.10182606, -0.14459595, 0.22661094;
 -0.10152457, 0.99478787, 0.0094818631, -0.19526458;
 0.14480779, 0.0053476351, 0.98944533, 0.90990651;
 0, 0, 0, 1]
Twc:
[0.98423749, -0.10152457, 0.14480779, -0.37462473;
 0.10182606, 0.99478787, 0.0053476351, 0.16630608;
 -0.14459595, 0.0094818631, 0.98944533, -0.86568433;
 0, 0, 0, 1]
Ow:
[0.22661094;
 -0.19526458;
 0.90990651]
Keyframe: 23 Frame: 230 Frame from vFrameID : 231
Tcw:
[0.97980142, 0.096322097, -0.17524621, 0.23952225;
 -0.095842443, 0.99533331, 0.01121868, -0.21024197;
 0.17550899, 0.0058039455, 0.98446071, 0.97376621;
 0, 0, 0, 1]
Twc:
[0.97980142, -0.095842443, 0.17550899, -0.42573905;
 0.096322097, 0.99533331, 0.0058039455, 0.18053785;
 -0.17524621, 0.01121868, 0.98446071, -0.91430062;
 0, 0, 0, 1]
Ow:
[0.23952225;
 -0.21024197;
 0.97376621]
Keyframe: 24 Frame: 233 Frame from vFrameID : 234
Tcw:
[0.98716831, 0.058557354, -0.14855906, 0.25216526;
 -0.061398305, 0.99800646, -0.014605916, -0.21505223;
 0.14740762, 0.023539772, 0.9887957, 1.0205139;
 0, 0, 0, 1]
Twc:
[0.98716831, -0.061398305, 0.14740762, -0.41256487;
 0.058557354, 0.99800646, 0.023539772, 0.17583473;
 -0.14855906, -0.014605916, 0.9887957, -0.97475922;
 0, 0, 0, 1]
Ow:
[0.25216526;
 -0.21505223;
 1.0205139]
Keyframe: 25 Frame: 236 Frame from vFrameID : 237
Tcw:
[0.99091482, 0.056213375, -0.12217963, 0.27050167;
 -0.05799799, 0.99825501, -0.011096657, -0.22091195;
 0.12134265, 0.018082015, 0.99244595, 1.0634367;
 0, 0, 0, 1]
Twc:
[0.99091482, -0.05799799, 0.12134265, -0.40989679;
 0.056213375, 0.99825501, 0.018082015, 0.18609157;
 -0.12217963, -0.011096657, 0.99244595, -1.0248052;
 0, 0, 0, 1]
Ow:
[0.27050167;
 -0.22091195;
 1.0634367]
Keyframe: 26 Frame: 239 Frame from vFrameID : 240
Tcw:
[0.9926067, 0.062219195, -0.10421475, 0.28480387;
 -0.060166828, 0.99792957, 0.022725951, -0.23602737;
 0.10541297, -0.01628766, 0.99429512, 1.1089784;
 0, 0, 0, 1]
Twc:
[0.9926067, -0.060166828, 0.10541297, -0.41379997;
 0.062219195, 0.99792957, -0.01628766, 0.23588111;
 -0.10421475, 0.022725951, 0.99429512, -1.067607;
 0, 0, 0, 1]
Ow:
[0.28480387;
 -0.23602737;
 1.1089784]
Keyframe: 27 Frame: 243 Frame from vFrameID : 244
Tcw:
[0.99468058, 0.044265985, -0.093010865, 0.29547587;
 -0.043542847, 0.99900359, 0.0097908275, -0.24872796;
 0.093351595, -0.0056887884, 0.99561697, 1.1705805;
 0, 0, 0, 1]
Twc:
[0.99468058, -0.043542847, 0.093351595, -0.41401002;
 0.044265985, 0.99900359, -0.0056887884, 0.24205978;
 -0.093010865, 0.0097908275, 0.99561697, -1.1355321;
 0, 0, 0, 1]
Ow:
[0.29547587;
 -0.24872796;
 1.1705805]
Keyframe: 28 Frame: 247 Frame from vFrameID : 248
Tcw:
[0.99001783, 0.043318775, -0.13412015, 0.30371553;
 -0.043952484, 0.99903208, -0.001766293, -0.25483856;
 0.13391383, 0.0076435753, 0.99096352, 1.2284749;
 0, 0, 0, 1]
Twc:
[0.99001783, -0.043952484, 0.13391383, -0.4763943;
 0.043318775, 0.99903208, 0.0076435753, 0.23204535;
 -0.13412015, -0.001766293, 0.99096352, -1.1770896;
 0, 0, 0, 1]
Ow:
[0.30371553;
 -0.25483856;
 1.2284749]
Keyframe: 29 Frame: 251 Frame from vFrameID : 252
Tcw:
[0.98348916, 0.075868495, -0.16429557, 0.32680225;
 -0.079348311, 0.99673837, -0.014712328, -0.27820218;
 0.16264349, 0.027505992, 0.98630142, 1.2805507;
 0, 0, 0, 1]
Twc:
[0.98348916, -0.079348311, 0.16264349, -0.55175459;
 0.075868495, 0.99673837, 0.027505992, 0.21727797;
 -0.16429557, -0.014712328, 0.98630142, -1.2134098;
 0, 0, 0, 1]
Ow:
[0.32680225;
 -0.27820218;
 1.2805507]
Keyframe: 30 Frame: 255 Frame from vFrameID : 256
Tcw:
[0.9788143, 0.068132728, -0.19308156, 0.33473122;
 -0.066036671, 0.99766761, 0.017278606, -0.29257065;
 0.19380845, -0.0041620834, 0.98103058, 1.3222394;
 0, 0, 0, 1]
Twc:
[0.9788143, -0.066036671, 0.19380845, -0.60322124;
 0.068132728, 0.99766761, -0.0041620834, 0.2745854;
 -0.19308156, 0.017278606, 0.98103058, -1.2274716;
 0, 0, 0, 1]
Ow:
[0.33473122;
 -0.29257065;
 1.3222394]
Keyframe: 31 Frame: 259 Frame from vFrameID : 260
Tcw:
[0.97906619, 0.063001387, -0.19354632, 0.34510106;
 -0.058242604, 0.99784601, 0.030185616, -0.30497086;
 0.19503117, -0.018281074, 0.98062664, 1.3700788;
 0, 0, 0, 1]
Twc:
[0.97906619, -0.058242604, 0.19503117, -0.62284714;
 0.063001387, 0.99784601, -0.018281074, 0.30761859;
 -0.19354632, 0.030185616, 0.98062664, -1.267537;
 0, 0, 0, 1]
Ow:
[0.34510106;
 -0.30497086;
 1.3700788]
Keyframe: 32 Frame: 262 Frame from vFrameID : 263
Tcw:
[0.98182607, 0.063207299, -0.17894801, 0.35899624;
 -0.060491242, 0.99795616, 0.020599442, -0.31565252;
 0.1798843, -0.0094002811, 0.98364288, 1.4299231;
 0, 0, 0, 1]
Twc:
[0.98182607, -0.060491242, 0.1798843, -0.6287868;
 0.063207299, 0.99795616, -0.0094002811, 0.30575788;
 -0.17894801, 0.020599442, 0.98364288, -1.3357896;
 0, 0, 0, 1]
Ow:
[0.35899624;
 -0.31565252;
 1.4299231]
Keyframe: 33 Frame: 266 Frame from vFrameID : 267
Tcw:
[0.98648745, 0.064808451, -0.15047389, 0.378685;
 -0.064871505, 0.9978835, 0.0044948673, -0.33153838;
 0.15044673, 0.0053273379, 0.98860377, 1.4927011;
 0, 0, 0, 1]
Twc:
[0.98648745, -0.064871505, 0.15044673, -0.61964738;
 0.064808451, 0.9978835, 0.0053273379, 0.29834259;
 -0.15047389, 0.0044948673, 0.98860377, -1.4172175;
 0, 0, 0, 1]
Ow:
[0.378685;
 -0.33153838;
 1.4927011]
Keyframe: 34 Frame: 269 Frame from vFrameID : 270
Tcw:
[0.99137002, 0.049660154, -0.12132346, 0.38631064;
 -0.049752533, 0.99875897, 0.002269614, -0.33846405;
 0.1212856, 0.0037861222, 0.99261045, 1.5311844;
 0, 0, 0, 1]
Twc:
[0.99137002, -0.049752533, 0.1212856, -0.58552688;
 0.049660154, 0.99875897, 0.0037861222, 0.31306255;
 -0.12132346, 0.002269614, 0.99261045, -1.4722329;
 0, 0, 0, 1]
Ow:
[0.38631064;
 -0.33846405;
 1.5311844]
Keyframe: 35 Frame: 272 Frame from vFrameID : 273
Tcw:
[0.99497992, 0.032772657, -0.094556257, 0.39423066;
 -0.030543344, 0.99922252, 0.02492867, -0.35195136;
 0.095299721, -0.021915462, 0.99520737, 1.5724965;
 0, 0, 0, 1]
Twc:
[0.99497992, -0.030543344, 0.095299721, -0.5528599;
 0.032772657, 0.99922252, -0.021915462, 0.37321973;
 -0.094556257, 0.02492867, 0.99520737, -1.5189093;
 0, 0, 0, 1]
Ow:
[0.39423066;
 -0.35195136;
 1.5724965]
Keyframe: 36 Frame: 276 Frame from vFrameID : 277
Tcw:
[0.99707311, 0.017117267, -0.074512891, 0.40811351;
 -0.015425611, 0.99961138, 0.023219513, -0.35761943;
 0.07488139, -0.022002146, 0.99694967, 1.6349031;
 0, 0, 0, 1]
Twc:
[0.99707311, -0.015425611, 0.07488139, -0.5348593;
 0.017117267, 0.99961138, -0.022002146, 0.38646606;
 -0.074512891, 0.023219513, 0.99694967, -1.5912027;
 0, 0, 0, 1]
Ow:
[0.40811351;
 -0.35761943;
 1.6349031]
Keyframe: 37 Frame: 279 Frame from vFrameID : 280
Tcw:
[0.99586046, 0.0092492234, -0.090423375, 0.41875613;
 -0.0078767557, 0.99984848, 0.015523329, -0.36651742;
 0.090553254, -0.014746827, 0.99578243, 1.6881508;
 0, 0, 0, 1]
Twc:
[0.99586046, -0.0078767557, 0.090553254, -0.57277715;
 0.0092492234, 0.99984848, -0.014746827, 0.3874836;
 -0.090423375, 0.015523329, 0.99578243, -1.637476;
 0, 0, 0, 1]
Ow:
[0.41875613;
 -0.36651742;
 1.6881508]
Keyframe: 38 Frame: 283 Frame from vFrameID : 284
Tcw:
[0.99253047, 0.026043255, -0.11918464, 0.44721121;
 -0.026385788, 0.99965101, -0.0012965904, -0.38376987;
 0.11910927, 0.0044316864, 0.99287128, 1.7529647;
 0, 0, 0, 1]
Twc:
[0.99253047, -0.026385788, 0.11910927, -0.66279119;
 0.026043255, 0.99965101, 0.0044316864, 0.3642205;
 -0.11918464, -0.0012965904, 0.99287128, -1.6876651;
 0, 0, 0, 1]
Ow:
[0.44721121;
 -0.38376987;
 1.7529647]
Keyframe: 39 Frame: 287 Frame from vFrameID : 288
Tcw:
[0.99083412, 0.024543798, -0.13283588, 0.45927444;
 -0.024340732, 0.99969876, 0.0031525847, -0.40597299;
 0.13287325, 0.00010963406, 0.99113303, 1.8132681;
 0, 0, 0, 1]
Twc:
[0.99083412, -0.024340732, 0.13287325, -0.70588124;
 0.024543798, 0.99969876, 0.00010963406, 0.39437953;
 -0.13283588, 0.0031525847, 0.99113303, -1.7349019;
 0, 0, 0, 1]
Ow:
[0.45927444;
 -0.40597299;
 1.8132681]
Keyframe: 40 Frame: 291 Frame from vFrameID : 292
Tcw:
[0.99016064, 0.019583162, -0.13855818, 0.46424454;
 -0.0169043, 0.99964726, 0.020484401, -0.41274858;
 0.13891044, -0.017940618, 0.99014241, 1.8657887;
 0, 0, 0, 1]
Twc:
[0.99016064, -0.0169043, 0.13891044, -0.72583151;
 0.019583162, 0.99964726, -0.017940618, 0.43698499;
 -0.13855818, 0.020484401, 0.99014241, -1.7746168;
 0, 0, 0, 1]
Ow:
[0.46424454;
 -0.41274858;
 1.8657887]
Keyframe: 41 Frame: 295 Frame from vFrameID : 296
Tcw:
[0.99055028, 0.010693386, -0.13673267, 0.46634337;
 -0.0074933851, 0.99968636, 0.023896683, -0.41662627;
 0.13694532, -0.022646274, 0.99031973, 1.9340174;
 0, 0, 0, 1]
Twc:
[0.99055028, -0.0074933851, 0.13694532, -0.72991306;
 0.010693386, 0.99968636, -0.022646274, 0.4553071;
 -0.13673267, 0.023896683, 0.99031973, -1.8415751;
 0, 0, 0, 1]
Ow:
[0.46634337;
 -0.41662627;
 1.9340174]
Keyframe: 42 Frame: 299 Frame from vFrameID : 300
Tcw:
[0.99237704, 0.011426866, -0.1227078, 0.48181593;
 -0.012898319, 0.99985403, -0.011203839, -0.42648652;
 0.12256186, 0.012701157, 0.99237961, 1.9955651;
 0, 0, 0, 1]
Twc:
[0.99237704, -0.012898319, 0.12256186, -0.72822422;
 0.011426866, 0.99985403, 0.012701157, 0.39557266;
 -0.1227078, -0.011203839, 0.99237961, -1.9260137;
 0, 0, 0, 1]
Ow:
[0.48181593;
 -0.42648652;
 1.9955651]
Keyframe: 43 Frame: 302 Frame from vFrameID : 303
Tcw:
[0.99367011, -0.0091836881, -0.11196143, 0.49467444;
 0.010207123, 0.99991119, 0.0085711712, -0.43485016;
 0.11187277, -0.0096597206, 0.99367559, 2.0363815;
 0, 0, 0, 1]
Twc:
[0.99367011, 0.010207123, 0.11187277, -0.71492028;
 -0.0091836881, 0.99991119, -0.0096597206, 0.45902532;
 -0.11196143, 0.0085711712, 0.99367559, -1.9643909;
 0, 0, 0, 1]
Ow:
[0.49467444;
 -0.43485016;
 2.0363815]
Keyframe: 44 Frame: 306 Frame from vFrameID : 307
Tcw:
[0.99867195, -0.0016499698, -0.051494393, 0.51234061;
 0.0039602816, 0.99898833, 0.044795588, -0.45498222;
 0.051368386, -0.044940028, 0.99766815, 2.1124146;
 0, 0, 0, 1]
Twc:
[0.99867195, 0.0039602816, 0.051368386, -0.61836964;
 -0.0016499698, 0.99898833, -0.044940028, 0.55029923;
 -0.051494393, 0.044795588, 0.99766815, -2.0607247;
 0, 0, 0, 1]
Ow:
[0.51234061;
 -0.45498222;
 2.1124146]
Keyframe: 45 Frame: 310 Frame from vFrameID : 311
Tcw:
[0.99790889, 0.0024022306, -0.064591952, 0.52428877;
 -0.000822103, 0.99970001, 0.024478687, -0.46095473;
 0.064631373, -0.024374397, 0.99761146, 2.175395;
 0, 0, 0, 1]
Twc:
[0.99790889, -0.000822103, 0.064631373, -0.66417009;
 0.0024022306, 0.99970001, -0.024374397, 0.51258093;
 -0.064591952, 0.024478687, 0.99761146, -2.1250505;
 0, 0, 0, 1]
Ow:
[0.52428877;
 -0.46095473;
 2.175395]
Keyframe: 46 Frame: 313 Frame from vFrameID : 314
Tcw:
[0.99313712, 0.007490071, -0.11671571, 0.53783059;
 -0.0031792377, 0.99930733, 0.037076965, -0.46716708;
 0.11691257, -0.036451444, 0.99247307, 2.2244835;
 0, 0, 0, 1]
Twc:
[0.99313712, -0.0031792377, 0.11691257, -0.79569483;
 0.007490071, 0.99930733, -0.036451444, 0.54390079;
 -0.11671571, 0.037076965, 0.99247307, -2.1276455;
 0, 0, 0, 1]
Ow:
[0.53783059;
 -0.46716708;
 2.2244835]
Keyframe: 47 Frame: 316 Frame from vFrameID : 317
Tcw:
[0.99138111, 0.049626559, -0.12124669, 0.55534083;
 -0.047364879, 0.99864697, 0.021466702, -0.47934857;
 0.12214796, -0.015538848, 0.99239028, 2.266346;
 0, 0, 0, 1]
Twc:
[0.99138111, -0.047364879, 0.12214796, -0.85008818;
 0.049626559, 0.99864697, -0.015538848, 0.48635677;
 -0.12124669, 0.021466702, 0.99239028, -2.1714764;
 0, 0, 0, 1]
Ow:
[0.55534083;
 -0.47934857;
 2.266346]
Keyframe: 48 Frame: 319 Frame from vFrameID : 320
Tcw:
[0.99046236, 0.021749301, -0.13605596, 0.56185788;
 -0.021946192, 0.99975914, 5.2813648e-05, -0.48658404;
 0.13602434, 0.0029336002, 0.99070114, 2.2980118;
 0, 0, 0, 1]
Twc:
[0.99046236, -0.021946192, 0.13602434, -0.87976331;
 0.021749301, 0.99975914, 0.0029336002, 0.46750537;
 -0.13605596, 5.2813648e-05, 0.99070114, -2.2001731;
 0, 0, 0, 1]
Ow:
[0.56185788;
 -0.48658404;
 2.2980118]
Keyframe: 49 Frame: 322 Frame from vFrameID : 323
Tcw:
[0.9909479, 0.020397767, -0.13268824, 0.57249039;
 -0.016003877, 0.99929041, 0.034097105, -0.48936361;
 0.13328959, -0.03166493, 0.99057114, 2.3350945;
 0, 0, 0, 1]
Twc:
[0.9909479, -0.016003877, 0.13328959, -0.88638365;
 0.020397767, 0.99929041, -0.03166493, 0.55127943;
 -0.13268824, 0.034097105, 0.99057114, -2.2204285;
 0, 0, 0, 1]
Ow:
[0.57249039;
 -0.48936361;
 2.3350945]
Keyframe: 50 Frame: 326 Frame from vFrameID : 327
Tcw:
[0.99296409, 0.024683177, -0.11581496, 0.5762018;
 -0.01852968, 0.99837381, 0.05391128, -0.49703288;
 0.11695733, -0.05138595, 0.99180669, 2.3979449;
 0, 0, 0, 1]
Twc:
[0.99296409, -0.01852968, 0.11695733, -0.86181474;
 0.024683177, 0.99837381, -0.05138595, 0.60522276;
 -0.11581496, 0.05391128, 0.99180669, -2.2847693;
 0, 0, 0, 1]
Ow:
[0.5762018;
 -0.49703288;
 2.3979449]
Keyframe: 51 Frame: 329 Frame from vFrameID : 330
Tcw:
[0.99205381, -0.0040064771, -0.12575039, 0.58431613;
 0.010612828, 0.99859542, 0.051909551, -0.51295841;
 0.12536579, -0.052831635, 0.99070293, 2.456733;
 0, 0, 0, 1]
Twc:
[0.99205381, 0.010612828, 0.12536579, -0.88221937;
 -0.0040064771, 0.99859542, -0.052831635, 0.64437217;
 -0.12575039, 0.051909551, 0.99070293, -2.333787;
 0, 0, 0, 1]
Ow:
[0.58431613;
 -0.51295841;
 2.456733]
Keyframe: 52 Frame: 332 Frame from vFrameID : 333
Tcw:
[0.99336302, -0.022804914, -0.1127381, 0.57741249;
 0.02774917, 0.99871176, 0.042483084, -0.51989287;
 0.11162404, -0.045329511, 0.99271613, 2.4831023;
 0, 0, 0, 1]
Twc:
[0.99336302, 0.02774917, 0.11162404, -0.83632755;
 -0.022804914, 0.99871176, -0.045329511, 0.64494872;
 -0.1127381, 0.042483084, 0.99271613, -2.3778327;
 0, 0, 0, 1]
Ow:
[0.57741249;
 -0.51989287;
 2.4831023]
Keyframe: 53 Frame: 335 Frame from vFrameID : 336
Tcw:
[0.99492055, -0.016914247, -0.099232003, 0.59412438;
 0.022835985, 0.99800581, 0.058846693, -0.53421634;
 0.09803877, -0.060813844, 0.99332273, 2.5323713;
 0, 0, 0, 1]
Twc:
[0.99492055, 0.022835985, 0.09803877, -0.82717776;
 -0.016914247, 0.99800581, -0.060813844, 0.6972034;
 -0.099232003, 0.058846693, 0.99332273, -2.4250691;
 0, 0, 0, 1]
Ow:
[0.59412438;
 -0.53421634;
 2.5323713]
Keyframe: 54 Frame: 339 Frame from vFrameID : 340
Tcw:
[0.99325234, -0.030124255, -0.11199236, 0.59680629;
 0.035985537, 0.99806601, 0.050688494, -0.54441839;
 0.11024881, -0.054376572, 0.99241543, 2.588172;
 0, 0, 0, 1]
Twc:
[0.99325234, 0.035985537, 0.11024881, -0.858531;
 -0.030124255, 0.99806601, -0.054376572, 0.70207971;
 -0.11199236, 0.050688494, 0.99241543, -2.4741082;
 0, 0, 0, 1]
Ow:
[0.59680629;
 -0.54441839;
 2.588172]
Keyframe: 55 Frame: 342 Frame from vFrameID : 343
Tcw:
[0.99115396, -0.007654673, -0.13249621, 0.60759777;
 0.012620451, 0.99924737, 0.036679525, -0.55064923;
 0.13211572, -0.038027219, 0.99050462, 2.6338749;
 0, 0, 0, 1]
Twc:
[0.99115396, 0.012620451, 0.13211572, -0.94324976;
 -0.007654673, 0.99924737, -0.038027219, 0.65504467;
 -0.13249621, 0.036679525, 0.99050462, -2.5081632;
 0, 0, 0, 1]
Ow:
[0.60759777;
 -0.55064923;
 2.6338749]
Keyframe: 56 Frame: 346 Frame from vFrameID : 347
Tcw:
[0.98332894, 0.019539561, -0.18078277, 0.63378066;
 -0.016519995, 0.99969798, 0.0181935, -0.56790006;
 0.18108366, -0.014903665, 0.98335475, 2.6901958;
 0, 0, 0, 1]
Twc:
[0.98332894, -0.016519995, 0.18108366, -1.119747;
 0.019539561, 0.99969798, -0.014903665, 0.59543854;
 -0.18078277, 0.0181935, 0.98335475, -2.5205083;
 0, 0, 0, 1]
Ow:
[0.63378066;
 -0.56790006;
 2.6901958]
Keyframe: 57 Frame: 350 Frame from vFrameID : 351
Tcw:
[0.98408711, 0.018673828, -0.17670277, 0.64054602;
 -0.011732043, 0.99912083, 0.040248711, -0.58098114;
 0.17729901, -0.03753515, 0.983441, 2.7334871;
 0, 0, 0, 1]
Twc:
[0.98408711, -0.011732043, 0.17729901, -1.1218138;
 0.018673828, 0.99912083, -0.03753515, 0.67111075;
 -0.17670277, 0.040248711, 0.983441, -2.5516531;
 0, 0, 0, 1]
Ow:
[0.64054602;
 -0.58098114;
 2.7334871]
Keyframe: 58 Frame: 354 Frame from vFrameID : 355
Tcw:
[0.98474985, 0.025254881, -0.17213359, 0.64875758;
 -0.016803443, 0.99858874, 0.050379787, -0.5852536;
 0.173163, -0.046719048, 0.9837845, 2.7812088;
 0, 0, 0, 1]
Twc:
[0.98474985, -0.016803443, 0.173163, -1.1303006;
 0.025254881, 0.99858874, -0.046719048, 0.69797879;
 -0.17213359, 0.050379787, 0.9837845, -2.5949521;
 0, 0, 0, 1]
Ow:
[0.64875758;
 -0.5852536;
 2.7812088]
Keyframe: 59 Frame: 357 Frame from vFrameID : 358
Tcw:
[0.98429459, 0.025319513, -0.17470846, 0.65337861;
 -0.015504872, 0.9982357, 0.057315372, -0.58957613;
 0.17585142, -0.053706378, 0.98295063, 2.8243051;
 0, 0, 0, 1]
Twc:
[0.98429459, -0.015504872, 0.17585142, -1.1489165;
 0.025319513, 0.9982357, -0.053706378, 0.72367597;
 -0.17470846, 0.057315372, 0.98295063, -2.6282098;
 0, 0, 0, 1]
Ow:
[0.65337861;
 -0.58957613;
 2.8243051]
Keyframe: 60 Frame: 361 Frame from vFrameID : 362
Tcw:
[0.98523742, 0.010976871, -0.17084114, 0.65688396;
 -0.0055150758, 0.99945939, 0.032411851, -0.59076452;
 0.17110457, -0.030991167, 0.98476535, 2.874661;
 0, 0, 0, 1]
Twc:
[0.98523742, -0.0055150758, 0.17110457, -1.1423124;
 0.010976871, 0.99945939, -0.030991167, 0.67232376;
 -0.17084114, 0.032411851, 0.98476535, -2.6994958;
 0, 0, 0, 1]
Ow:
[0.65688396;
 -0.59076452;
 2.874661]
Keyframe: 61 Frame: 364 Frame from vFrameID : 365
Tcw:
[0.98793024, 0.015710583, -0.1541007, 0.66763794;
 -0.0048006908, 0.9974708, 0.070915319, -0.60550052;
 0.15482506, -0.069319598, 0.98550695, 2.9207485;
 0, 0, 0, 1]
Twc:
[0.98793024, -0.0048006908, 0.15482506, -1.1146917;
 0.015710583, 0.9974708, -0.069319598, 0.79594517;
 -0.1541007, 0.070915319, 0.98550695, -2.7325954;
 0, 0, 0, 1]
Ow:
[0.66763794;
 -0.60550052;
 2.9207485]
Keyframe: 62 Frame: 368 Frame from vFrameID : 369
Tcw:
[0.98974746, -0.018413242, -0.14163665, 0.67283237;
 0.027555693, 0.99764186, 0.062860548, -0.61617875;
 0.14014518, -0.066118963, 0.98792088, 2.9688449;
 0, 0, 0, 1]
Twc:
[0.98974746, 0.027555693, 0.14014518, -1.0650243;
 -0.018413242, 0.99764186, -0.066118963, 0.82341164;
 -0.14163665, 0.062860548, 0.98792088, -2.7989528;
 0, 0, 0, 1]
Ow:
[0.67283237;
 -0.61617875;
 2.9688449]
Keyframe: 63 Frame: 372 Frame from vFrameID : 373
Tcw:
[0.99048567, -0.002009725, -0.13760124, 0.68585247;
 0.0092381658, 0.99860889, 0.051913351, -0.62406349;
 0.13730548, -0.052690614, 0.98912632, 3.0310719;
 0, 0, 0, 1]
Twc:
[0.99048567, 0.0092381658, 0.13730548, -1.0897447;
 -0.002009725, 0.99860889, -0.052690614, 0.78428268;
 -0.13760124, 0.051913351, 0.98912632, -2.8713417;
 0, 0, 0, 1]
Ow:
[0.68585247;
 -0.62406349;
 3.0310719]
Keyframe: 64 Frame: 376 Frame from vFrameID : 377
Tcw:
[0.98228377, 0.0089685433, -0.18718468, 0.70348579;
 -0.0035301046, 0.99956244, 0.029367015, -0.63428116;
 0.18736616, -0.02818596, 0.98188567, 3.0895584;
 0, 0, 0, 1]
Twc:
[0.98228377, -0.0035301046, 0.18736616, -1.2721405;
 0.0089685433, 0.99956244, -0.02818596, 0.71477658;
 -0.18718468, 0.029367015, 0.98188567, -2.8832843;
 0, 0, 0, 1]
Ow:
[0.70348579;
 -0.63428116;
 3.0895584]
Keyframe: 65 Frame: 380 Frame from vFrameID : 381
Tcw:
[0.97781801, 0.041185301, -0.20536712, 0.71762055;
 -0.031863417, 0.99831504, 0.04849501, -0.64433146;
 0.20701838, -0.040875599, 0.9774828, 3.1386344;
 0, 0, 0, 1]
Twc:
[0.97781801, -0.031863417, 0.20701838, -1.3719879;
 0.041185301, 0.99831504, -0.040875599, 0.74198389;
 -0.20536712, 0.04849501, 0.9774828, -2.8893385;
 0, 0, 0, 1]
Ow:
[0.71762055;
 -0.64433146;
 3.1386344]
Keyframe: 66 Frame: 383 Frame from vFrameID : 384
Tcw:
[0.97470099, 0.04105527, -0.21970986, 0.72600639;
 -0.025842343, 0.99709332, 0.071673505, -0.65600717;
 0.22201382, -0.064182423, 0.97292882, 3.1816342;
 0, 0, 0, 1]
Twc:
[0.97470099, -0.025842343, 0.22201382, -1.4309586;
 0.04105527, 0.99709332, -0.064182423, 0.82849902;
 -0.21970986, 0.071673505, 0.97292882, -2.8889744;
 0, 0, 0, 1]
Ow:
[0.72600639;
 -0.65600717;
 3.1816342]
Keyframe: 67 Frame: 386 Frame from vFrameID : 387
Tcw:
[0.97661334, 0.038314894, -0.21156177, 0.73078042;
 -0.025471017, 0.99768174, 0.063105628, -0.65877283;
 0.2134892, -0.056241106, 0.97532523, 3.2253056;
 0, 0, 0, 1]
Twc:
[0.97661334, -0.025471017, 0.2134892, -1.4190375;
 0.038314894, 0.99768174, -0.056241106, 0.81064063;
 -0.21156177, 0.063105628, 0.97532523, -2.9495444;
 0, 0, 0, 1]
Ow:
[0.73078042;
 -0.65877283;
 3.2253056]
Keyframe: 68 Frame: 390 Frame from vFrameID : 391
Tcw:
[0.97957468, 0.020058136, -0.2000778, 0.74135882;
 -0.010331916, 0.9987188, 0.049538508, -0.6589874;
 0.2008151, -0.046459481, 0.97852683, 3.2879171;
 0, 0, 0, 1]
Twc:
[0.97957468, -0.010331916, 0.2008151, -1.3932884;
 0.020058136, 0.9987188, -0.046459481, 0.79602772;
 -0.2000778, 0.049538508, 0.97852683, -3.0363405;
 0, 0, 0, 1]
Ow:
[0.74135882;
 -0.6589874;
 3.2879171]
Keyframe: 69 Frame: 394 Frame from vFrameID : 395
Tcw:
[0.98332125, 0.0030390834, -0.18185176, 0.74381161;
 -0.00089125778, 0.99992889, 0.011891415, -0.67212707;
 0.18187498, -0.011531005, 0.98325408, 3.3406429;
 0, 0, 0, 1]
Twc:
[0.98332125, -0.00089125778, 0.18187498, -1.3395841;
 0.0030390834, 0.99992889, -0.011531005, 0.70833969;
 -0.18185176, 0.011891415, 0.98325408, -3.1414447;
 0, 0, 0, 1]
Ow:
[0.74381161;
 -0.67212707;
 3.3406429]
Keyframe: 70 Frame: 397 Frame from vFrameID : 398
Tcw:
[0.98790491, 0.018530026, -0.15394965, 0.75503337;
 -0.0078481454, 0.99753672, 0.06970565, -0.68445265;
 0.15486208, -0.067654334, 0.98561686, 3.3918395;
 0, 0, 0, 1]
Twc:
[0.98790491, -0.0078481454, 0.15486208, -1.2765403;
 0.018530026, 0.99753672, -0.067654334, 0.89824855;
 -0.15394965, 0.06970565, 0.98561686, -3.179107;
 0, 0, 0, 1]
Ow:
[0.75503337;
 -0.68445265;
 3.3918395]
Keyframe: 71 Frame: 400 Frame from vFrameID : 401
Tcw:
[0.98845392, 0.0065037063, -0.1513821, 0.75411898;
 0.0039254846, 0.99764389, 0.068492539, -0.68740559;
 0.15147088, -0.068295963, 0.98609948, 3.4197783;
 0, 0, 0, 1]
Twc:
[0.98845392, 0.0039254846, 0.15147088, -1.2607104;
 0.0065037063, 0.99764389, -0.068295963, 0.91443855;
 -0.1513821, 0.068492539, 0.98609948, -3.2109995;
 0, 0, 0, 1]
Ow:
[0.75411898;
 -0.68740559;
 3.4197783]
Keyframe: 72 Frame: 403 Frame from vFrameID : 404
Tcw:
[0.98284024, -0.0024525335, -0.18444268, 0.765351;
 0.011209594, 0.99885768, 0.04645079, -0.68538231;
 0.18411806, -0.047721233, 0.981745, 3.4797401;
 0, 0, 0, 1]
Twc:
[0.98284024, 0.011209594, 0.18411806, -1.3852179;
 -0.0024525335, 0.99885768, -0.047721233, 0.85253394;
 -0.18444268, 0.04645079, 0.981745, -3.2432175;
 0, 0, 0, 1]
Ow:
[0.765351;
 -0.68538231;
 3.4797401]
Keyframe: 73 Frame: 407 Frame from vFrameID : 408
Tcw:
[0.97618169, 0.00038949031, -0.21695416, 0.77725303;
 0.0093561187, 0.9989925, 0.043891162, -0.6925329;
 0.21675268, -0.044875596, 0.97519457, 3.5385993;
 0, 0, 0, 1]
Twc:
[0.97618169, 0.0093561187, 0.21675268, -1.5192616;
 0.00038949031, 0.9989925, -0.044875596, 0.85032922;
 -0.21695416, 0.043891162, 0.97519457, -3.2517984;
 0, 0, 0, 1]
Ow:
[0.77725303;
 -0.6925329;
 3.5385993]
Keyframe: 74 Frame: 410 Frame from vFrameID : 411
Tcw:
[0.97680062, 0.026992215, -0.21244282, 0.78318691;
 -0.018744405, 0.99899381, 0.040742774, -0.70170194;
 0.21332879, -0.035815451, 0.97632378, 3.5738552;
 0, 0, 0, 1]
Twc:
[0.97680062, -0.018744405, 0.21332879, -1.5405766;
 0.026992215, 0.99899381, -0.035815451, 0.80785519;
 -0.21244282, 0.040742774, 0.97632378, -3.2942679;
 0, 0, 0, 1]
Ow:
[0.78318691;
 -0.70170194;
 3.5738552]
Keyframe: 75 Frame: 413 Frame from vFrameID : 414
Tcw:
[0.97461832, 0.016786724, -0.2232428, 0.78963149;
 -0.0058900868, 0.99876231, 0.049387313, -0.71155697;
 0.22379555, -0.04681886, 0.97351092, 3.6085663;
 0, 0, 0, 1]
Twc:
[0.97461832, -0.0058900868, 0.22379555, -1.5813617;
 0.016786724, 0.99876231, -0.04681886, 0.86636996;
 -0.2232428, 0.049387313, 0.97351092, -3.3015575;
 0, 0, 0, 1]
Ow:
[0.78963149;
 -0.71155697;
 3.6085663]
Keyframe: 76 Frame: 417 Frame from vFrameID : 418
Tcw:
[0.97446656, 0.022519128, -0.22340055, 0.80207717;
 -0.0088823037, 0.99804533, 0.0618602, -0.71486628;
 0.2243569, -0.058296386, 0.97276181, 3.6788929;
 0, 0, 0, 1]
Twc:
[0.97446656, -0.0088823037, 0.2243569, -1.6133322;
 0.022519128, 0.99804533, -0.058296386, 0.90987295;
 -0.22340055, 0.0618602, 0.97276181, -3.3552802;
 0, 0, 0, 1]
Ow:
[0.80207717;
 -0.71486628;
 3.6788929]
Keyframe: 77 Frame: 420 Frame from vFrameID : 421
Tcw:
[0.97850877, 0.010678298, -0.20592853, 0.80774772;
 -0.00040448605, 0.99875575, 0.049867876, -0.71827477;
 0.2062048, -0.048712857, 0.97729558, 3.7261994;
 0, 0, 0, 1]
Twc:
[0.97850877, -0.00040448605, 0.2062048, -1.559039;
 0.010678298, 0.99875575, -0.048712857, 0.89026946;
 -0.20592853, 0.049867876, 0.97729558, -3.439441;
 0, 0, 0, 1]
Ow:
[0.80774772;
 -0.71827477;
 3.7261994]
Keyframe: 78 Frame: 424 Frame from vFrameID : 425
Tcw:
[0.98442864, 0.0041302391, -0.17573607, 0.80746812;
 0.00050297845, 0.99965364, 0.026311928, -0.72152442;
 0.17578389, -0.025990609, 0.98408562, 3.7647026;
 0, 0, 0, 1]
Twc:
[0.98442864, 0.00050297845, 0.17578389, -1.456306;
 0.0041302391, 0.99965364, -0.025990609, 0.81578642;
 -0.17573607, 0.026311928, 0.98408562, -3.5439038;
 0, 0, 0, 1]
Ow:
[0.80746812;
 -0.72152442;
 3.7647026]
Keyframe: 79 Frame: 428 Frame from vFrameID : 429
Tcw:
[0.98442996, 0.00024059275, -0.17577715, 0.81503195;
 0.010687405, 0.99806708, 0.061220299, -0.73718685;
 0.17545211, -0.062145699, 0.98252451, 3.8130689;
 0, 0, 0, 1]
Twc:
[0.98442996, 0.010687405, 0.17545211, -1.4634743;
 0.00024059275, 0.99806708, -0.062145699, 0.97253162;
 -0.17577715, 0.061220299, 0.98252451, -3.5580389;
 0, 0, 0, 1]
Ow:
[0.81503195;
 -0.73718685;
 3.8130689]
Keyframe: 80 Frame: 432 Frame from vFrameID : 433
Tcw:
[0.98084897, -0.027978349, -0.19274987, 0.83001363;
 0.037168581, 0.99832976, 0.044229057, -0.74906993;
 0.19119048, -0.050546266, 0.9802506, 3.8810434;
 0, 0, 0, 1]
Twc:
[0.98084897, 0.037168581, 0.19119048, -1.5282947;
 -0.027978349, 0.99832976, -0.050546266, 0.96721345;
 -0.19274987, 0.044229057, 0.9802506, -3.6112795;
 0, 0, 0, 1]
Ow:
[0.83001363;
 -0.74906993;
 3.8810434]
Keyframe: 81 Frame: 436 Frame from vFrameID : 437
Tcw:
[0.97345239, -0.0043856567, -0.22884765, 0.84208202;
 0.011225412, 0.99952805, 0.028594641, -0.75123918;
 0.22861424, -0.03040443, 0.97304219, 3.9377804;
 0, 0, 0, 1]
Twc:
[0.97345239, 0.011225412, 0.22861424, -1.7115265;
 -0.0043856567, 0.99952805, -0.03040443, 0.8743037;
 -0.22884765, 0.028594641, 0.97304219, -3.6174366;
 0, 0, 0, 1]
Ow:
[0.84208202;
 -0.75123918;
 3.9377804]
Keyframe: 82 Frame: 440 Frame from vFrameID : 441
Tcw:
[0.97323453, 0.0063601672, -0.2297262, 0.85958308;
 0.0029470762, 0.99918938, 0.040148702, -0.76350731;
 0.22979532, -0.03975112, 0.97242683, 3.9891653;
 0, 0, 0, 1]
Twc:
[0.97323453, 0.0029470762, 0.22979532, -1.7510173;
 0.0063601672, 0.99918938, -0.03975112, 0.91599512;
 -0.2297262, 0.040148702, 0.97242683, -3.6510489;
 0, 0, 0, 1]
Ow:
[0.85958308;
 -0.76350731;
 3.9891653]
Keyframe: 83 Frame: 444 Frame from vFrameID : 445
Tcw:
[0.97078341, 0.0075518843, -0.23983864, 0.86555272;
 0.0059436252, 0.99844122, 0.055495996, -0.77508956;
 0.2398839, -0.055300105, 0.96922529, 4.0344453;
 0, 0, 0, 1]
Twc:
[0.97078341, 0.0059436252, 0.2398839, -1.8034558;
 0.0075518843, 0.99844122, -0.055300105, 0.99045002;
 -0.23983864, 0.055495996, 0.96922529, -3.6596789;
 0, 0, 0, 1]
Ow:
[0.86555272;
 -0.77508956;
 4.0344453]
Keyframe: 84 Frame: 448 Frame from vFrameID : 449
Tcw:
[0.97034484, -0.00014786533, -0.24172474, 0.87007648;
 0.01425626, 0.99829417, 0.056617603, -0.77902967;
 0.24130403, -0.05838469, 0.96869171, 4.0910954;
 0, 0, 0, 1]
Twc:
[0.97034484, 0.01425626, 0.24130403, -1.8203659;
 -0.00014786533, 0.99829417, -0.05838469, 1.0166867;
 -0.24172474, 0.056617603, 0.96869171, -3.7085841;
 0, 0, 0, 1]
Ow:
[0.87007648;
 -0.77902967;
 4.0910954]
Keyframe: 85 Frame: 452 Frame from vFrameID : 453
Tcw:
[0.97602731, -0.01520194, -0.21711662, 0.87962866;
 0.025996093, 0.99855906, 0.046946477, -0.78450793;
 0.2160901, -0.051465224, 0.97501612, 4.1523514;
 0, 0, 0, 1]
Twc:
[0.97602731, 0.025996093, 0.2160901, -1.7354294;
 -0.01520194, 0.99855906, -0.051465224, 1.0104513;
 -0.21711662, 0.046946477, 0.97501612, -3.8207972;
 0, 0, 0, 1]
Ow:
[0.87962866;
 -0.78450793;
 4.1523514]
Keyframe: 86 Frame: 456 Frame from vFrameID : 457
Tcw:
[0.98360324, -0.015509835, -0.17967777, 0.88393843;
 0.029590664, 0.99667215, 0.075954042, -0.79884946;
 0.1779018, -0.080025427, 0.98078889, 4.2106161;
 0, 0, 0, 1]
Twc:
[0.98360324, 0.029590664, 0.1779018, -1.5948825;
 -0.015509835, 0.99667215, -0.080025427, 1.1468571;
 -0.17967777, 0.075954042, 0.98078889, -3.9102259;
 0, 0, 0, 1]
Ow:
[0.88393843;
 -0.79884946;
 4.2106161]
Keyframe: 87 Frame: 460 Frame from vFrameID : 461
Tcw:
[0.98568285, -0.033027753, -0.16534375, 0.88494754;
 0.046242531, 0.99597961, 0.076721996, -0.809192;
 0.16214505, -0.083269462, 0.98324728, 4.2609172;
 0, 0, 0, 1]
Twc:
[0.98568285, 0.046242531, 0.16214505, -1.525745;
 -0.033027753, 0.99597961, -0.083269462, 1.1899709;
 -0.16534375, 0.076721996, 0.98324728, -3.9811316;
 0, 0, 0, 1]
Ow:
[0.88494754;
 -0.809192;
 4.2609172]
Keyframe: 88 Frame: 463 Frame from vFrameID : 464
Tcw:
[0.98135978, -0.038118523, -0.18836126, 0.89080429;
 0.051116236, 0.99659902, 0.064633973, -0.81461078;
 0.1852569, -0.073057495, 0.97997063, 4.3063498;
 0, 0, 0, 1]
Twc:
[0.98135978, 0.051116236, 0.1852569, -1.6303407;
 -0.038118523, 0.99659902, -0.073057495, 1.1604075;
 -0.18836126, 0.064633973, 0.97997063, -3.9996519;
 0, 0, 0, 1]
Ow:
[0.89080429;
 -0.81461078;
 4.3063498]
Keyframe: 89 Frame: 466 Frame from vFrameID : 467
Tcw:
[0.97337157, -0.032003604, -0.22698799, 0.89348251;
 0.045452155, 0.9974913, 0.054269474, -0.81510735;
 0.22468172, -0.063141458, 0.97238433, 4.3463535;
 0, 0, 0, 1]
Twc:
[0.97337157, 0.045452155, 0.22468172, -1.8091882;
 -0.032003604, 0.9974913, -0.063141458, 1.1160923;
 -0.22698799, 0.054269474, 0.97238433, -3.9792809;
 0, 0, 0, 1]
Ow:
[0.89348251;
 -0.81510735;
 4.3463535]
Keyframe: 90 Frame: 469 Frame from vFrameID : 470
Tcw:
[0.97063571, 0.0094495974, -0.24036847, 0.91117233;
 0.0053219595, 0.99814004, 0.060730536, -0.82934505;
 0.24049526, -0.060226459, 0.96878004, 4.395741;
 0, 0, 0, 1]
Twc:
[0.97063571, 0.0053219595, 0.24049526, -1.9371576;
 0.0094495974, 0.99814004, -0.060226459, 1.0839322;
 -0.24036847, 0.060730536, 0.96878004, -3.9891229;
 0, 0, 0, 1]
Ow:
[0.91117233;
 -0.82934505;
 4.395741]
Keyframe: 91 Frame: 473 Frame from vFrameID : 474
Tcw:
[0.96468842, 0.0026010568, -0.2633808, 0.91455173;
 0.018197328, 0.99690378, 0.076496676, -0.84117341;
 0.26276428, -0.078588292, 0.96165419, 4.4304719;
 0, 0, 0, 1]
Twc:
[0.96468842, 0.018197328, 0.26276428, -2.0311201;
