Keyframe: 0 Frame: 0 Frame from vFrameID : 88
Tcw:
[1, 0, 0, 0;
 0, 1, 0, 0;
 0, 0, 1, 0;
 0, 0, 0, 1]
Twc:
[1, 0, 0, 0;
 0, 1, 0, 0;
 0, 0, 1, 0;
 0, 0, 0, 1]
Ow:
[0;
 0;
 0]
Keyframe: 1 Frame: 87 Frame from vFrameID : 88
Tcw:
[0.99682933, 0.06826359, -0.0408829, 0.027417403;
 -0.067077219, 0.99730504, 0.029721014, -0.015801689;
 0.042801585, -0.026884468, 0.99872178, -0.0039142696;
 0, 0, 0, 1]
Twc:
[0.99682933, -0.067077219, 0.042801585, -0.028222866;
 0.06826359, 0.99730504, -0.026884468, 0.013782261;
 -0.0408829, 0.029721014, 0.99872178, 0.0054998118;
 0, 0, 0, 1]
Ow:
[0.027417403;
 -0.015801689;
 -0.0039142696]
Keyframe: 2 Frame: 89 Frame from vFrameID : 90
Tcw:
[0.9975338, 0.067863099, -0.017914336, 0.033462562;
 -0.067316346, 0.99729437, 0.029537976, -0.015273839;
 0.019870406, -0.028259201, 0.99940312, -0.0039457818;
 0, 0, 0, 1]
Twc:
[0.9975338, -0.067316346, 0.019870406, -0.034329809;
 0.067863099, 0.99729437, -0.028259201, 0.012850136;
 -0.017914336, 0.029537976, 0.99940312, 0.0049940441;
 0, 0, 0, 1]
Ow:
[0.033462562;
 -0.015273839;
 -0.0039457818]
Keyframe: 3 Frame: 91 Frame from vFrameID : 92
Tcw:
[0.99792582, 0.063964643, 0.007250418, 0.038248893;
 -0.06414979, 0.99751592, 0.029099634, -0.014250323;
 -0.0053710598, -0.02950439, 0.99955022, -0.0035759495;
 0, 0, 0, 1]
Twc:
[0.99792582, -0.06414979, -0.0053710598, -0.039102919;
 0.063964643, 0.99751592, -0.02950439, 0.011662842;
 0.007250418, 0.029099634, 0.99955022, 0.0037116997;
 0, 0, 0, 1]
Ow:
[0.038248893;
 -0.014250323;
 -0.0035759495]
Keyframe: 4 Frame: 93 Frame from vFrameID : 94
Tcw:
[0.99727428, 0.065238863, 0.034466565, 0.044608288;
 -0.06623631, 0.99739295, 0.028635873, -0.01439907;
 -0.032508537, -0.030840756, 0.99899554, -0.0050245584;
 0, 0, 0, 1]
Twc:
[0.99727428, -0.06623631, -0.032508537, -0.045603778;
 0.065238863, 0.99739295, -0.030840756, 0.011296377;
 0.034466565, 0.028635873, 0.99899554, 0.0038943468;
 0, 0, 0, 1]
Ow:
[0.044608288;
 -0.01439907;
 -0.0050245584]
Keyframe: 5 Frame: 95 Frame from vFrameID : 96
Tcw:
[0.99610901, 0.065930024, 0.058481343, 0.049076639;
 -0.067600541, 0.99734545, 0.027059849, -0.01406852;
 -0.056542046, -0.030907931, 0.99792171, -0.0054532969;
 0, 0, 0, 1]
Twc:
[0.99610901, -0.067600541, -0.056542046, -0.050145064;
 0.065930024, 0.99734545, -0.030907931, 0.010627;
 0.058481343, 0.027059849, 0.99792171, 0.0029525871;
 0, 0, 0, 1]
Ow:
[0.049076639;
 -0.01406852;
 -0.0054532969]
Keyframe: 6 Frame: 97 Frame from vFrameID : 98
Tcw:
[0.99454695, 0.069846742, 0.077445768, 0.052967113;
 -0.072200537, 0.99699652, 0.028017858, -0.014537286;
 -0.075256206, -0.033456702, 0.99660283, -0.0044391765;
 0, 0, 0, 1]
Twc:
[0.99454695, -0.072200537, -0.075256206, -0.054061953;
 0.069846742, 0.99699652, -0.033456702, 0.010645523;
 0.077445768, 0.028017858, 0.99660283, 0.00072932051;
 0, 0, 0, 1]
Ow:
[0.052967113;
 -0.014537286;
 -0.0044391765]
Keyframe: 7 Frame: 99 Frame from vFrameID : 100
Tcw:
[0.99329138, 0.07228262, 0.090263121, 0.054789592;
 -0.075267255, 0.99670875, 0.030107502, -0.014952132;
 -0.087789796, -0.036699381, 0.99546278, -0.0020632173;
 0, 0, 0, 1]
Twc:
[0.99329138, -0.075267255, -0.087789796, -0.055728566;
 0.07228262, 0.99670875, -0.036699381, 0.010866867;
 0.090263121, 0.030107502, 0.99546278, -0.0024414524;
 0, 0, 0, 1]
Ow:
[0.054789592;
 -0.014952132;
 -0.0020632173]
Keyframe: 8 Frame: 101 Frame from vFrameID : 102
Tcw:
[0.99374062, 0.067412108, 0.089080006, 0.05406478;
 -0.070207112, 0.99712175, 0.028621221, -0.014769902;
 -0.086894192, -0.034696121, 0.99561316, -0.0010419602;
 0, 0, 0, 1]
Twc:
[0.99374062, -0.070207112, -0.086894192, -0.054853857;
 0.067412108, 0.99712175, -0.034696121, 0.011046618;
 0.089080006, 0.028621221, 0.99561316, -0.0033559687;
 0, 0, 0, 1]
Ow:
[0.05406478;
 -0.014769902;
 -0.0010419602]
Keyframe: 9 Frame: 103 Frame from vFrameID : 104
Tcw:
[0.99487299, 0.062005259, 0.079894505, 0.049461439;
 -0.064498477, 0.99749601, 0.029010607, -0.01213051;
 -0.077895641, -0.034014944, 0.9963811, 0.0032330614;
 0, 0, 0, 1]
Twc:
[0.99487299, -0.064498477, -0.077895641, -0.049738407;
 0.062005259, 0.99749601, -0.034014944, 0.0091432389;
 0.079894505, 0.029010607, 0.9963811, -0.0068211448;
 0, 0, 0, 1]
Ow:
[0.049461439;
 -0.01213051;
 0.0032330614]
Keyframe: 10 Frame: 106 Frame from vFrameID : 107
Tcw:
[0.99708784, 0.059534818, 0.047659427, 0.043822132;
 -0.06116873, 0.99756205, 0.033590894, -0.013244648;
 -0.045543406, -0.036408339, 0.99829865, 0.0089634247;
 0, 0, 0, 1]
Twc:
[0.99708784, -0.06116873, -0.045543406, -0.044096448;
 0.059534818, 0.99756205, -0.036408339, 0.010929759;
 0.047659427, 0.033590894, 0.99829865, -0.010591812;
 0, 0, 0, 1]
Ow:
[0.043822132;
 -0.013244648;
 0.0089634247]
Keyframe: 11 Frame: 109 Frame from vFrameID : 110
Tcw:
[0.99862552, 0.050661858, 0.013431816, 0.035332631;
 -0.050988022, 0.99838209, 0.025167784, -0.014139259;
 -0.012135038, -0.025818052, 0.99959302, 0.016907234;
 0, 0, 0, 1]
Twc:
[0.99862552, -0.050988022, -0.012135038, -0.035799831;
 0.050661858, 0.99838209, -0.025818052, 0.012762879;
 0.013431816, 0.025167784, 0.99959302, -0.01701908;
 0, 0, 0, 1]
Ow:
[0.035332631;
 -0.014139259;
 0.016907234]
Keyframe: 12 Frame: 112 Frame from vFrameID : 113
Tcw:
[0.99958599, 0.018764587, -0.021812037, 0.023873186;
 -0.018521275, 0.99976456, 0.01130392, -0.015498552;
 0.022019016, -0.010895253, 0.99969816, 0.022638936;
 0, 0, 0, 1]
Twc:
[0.99958599, -0.018521275, 0.022019016, -0.024648841;
 0.018764587, 0.99976456, -0.010895253, 0.015293589;
 -0.021812037, 0.01130392, 0.99969816, -0.021936186;
 0, 0, 0, 1]
Ow:
[0.023873186;
 -0.015498552;
 0.022638936]
Keyframe: 13 Frame: 115 Frame from vFrameID : 116
Tcw:
[0.99869299, 0.019566622, -0.047217783, 0.021602396;
 -0.019840367, 0.99978894, -0.005335765, -0.020842755;
 0.047103412, 0.0062656091, 0.99887037, 0.024682131;
 0, 0, 0, 1]
Twc:
[0.99869299, -0.019840367, 0.047103412, -0.023150301;
 0.019566622, 0.99978894, 0.0062656091, 0.020261021;
 -0.047217783, -0.005335765, 0.99887037, -0.023745444;
 0, 0, 0, 1]
Ow:
[0.021602396;
 -0.020842755;
 0.024682131]
Keyframe: 14 Frame: 118 Frame from vFrameID : 119
Tcw:
[0.99740672, 0.024929756, -0.067515559, 0.018593527;
 -0.025748307, 0.99960482, -0.01128081, -0.024869058;
 0.067207649, 0.012989968, 0.99765444, 0.026856758;
 0, 0, 0, 1]
Twc:
[0.99740672, -0.025748307, 0.067207649, -0.020990623;
 0.024929756, 0.99960482, 0.012989968, 0.024046831;
 -0.067515559, -0.01128081, 0.99765444, -0.025818955;
 0, 0, 0, 1]
Ow:
[0.018593527;
 -0.024869058;
 0.026856758]
Keyframe: 15 Frame: 121 Frame from vFrameID : 122
Tcw:
[0.99745291, 0.025139572, -0.066750564, 0.019051922;
 -0.027307127, 0.99912238, -0.031760994, -0.02849417;
 0.065893531, 0.033502862, 0.99726409, 0.02574523;
 0, 0, 0, 1]
Twc:
[0.99745291, -0.027307127, 0.065893531, -0.021477934;
 0.025139572, 0.99912238, 0.033502862, 0.027127668;
 -0.066750564, -0.031760994, 0.99726409, -0.025308067;
 0, 0, 0, 1]
Ow:
[0.019051922;
 -0.02849417;
 0.02574523]
Keyframe: 16 Frame: 124 Frame from vFrameID : 125
Tcw:
[0.99812096, 0.024328355, -0.056237418, 0.020041423;
 -0.026337428, 0.99903095, -0.035264067, -0.028252993;
 0.055325005, 0.036678955, 0.99779445, 0.025072481;
 0, 0, 0, 1]
Twc:
[0.99812096, -0.026337428, 0.055325005, -0.022135012;
 0.024328355, 0.99903095, 0.036678955, 0.026818404;
 -0.056237418, -0.035264067, 0.99779445, -0.024886422;
 0, 0, 0, 1]
Ow:
[0.020041423;
 -0.028252993;
 0.025072481]
Keyframe: 17 Frame: 127 Frame from vFrameID : 128
Tcw:
[0.99883783, 0.028564539, -0.038821269, 0.02390616;
 -0.02969926, 0.99913889, -0.028973917, -0.027699728;
 0.037960213, 0.030093206, 0.99882603, 0.023332246;
 0, 0, 0, 1]
Twc:
[0.99883783, -0.02969926, 0.037960213, -0.025586734;
 0.028564539, 0.99913889, 0.030093206, 0.026290862;
 -0.038821269, -0.028973917, 0.99882603, -0.023179356;
 0, 0, 0, 1]
Ow:
[0.02390616;
 -0.027699728;
 0.023332246]
Keyframe: 18 Frame: 130 Frame from vFrameID : 131
Tcw:
[0.99919182, 0.032003172, -0.024321368, 0.025076646;
 -0.03256252, 0.99920595, -0.022961069, -0.026347512;
 0.023567228, 0.023734476, 0.99944049, 0.023813786;
 0, 0, 0, 1]
Twc:
[0.99919182, -0.03256252, 0.023567228, -0.026475545;
 0.032003172, 0.99920595, 0.023734476, 0.024958849;
 -0.024321368, -0.022961069, 0.99944049, -0.02379553;
 0, 0, 0, 1]
Ow:
[0.025076646;
 -0.026347512;
 0.023813786]
Keyframe: 19 Frame: 133 Frame from vFrameID : 134
Tcw:
[0.99913514, 0.041117914, -0.0061906572, 0.02547635;
 -0.041124761, 0.99915355, -0.00098276581, -0.021956682;
 0.0061450079, 0.0012365052, 0.99998033, 0.026067333;
 0, 0, 0, 1]
Twc:
[0.99913514, -0.041124761, 0.0061450079, -0.026517464;
 0.041117914, 0.99915355, 0.0012365052, 0.020858329;
 -0.0061906572, -0.00098276581, 0.99998033, -0.025930686;
 0, 0, 0, 1]
Ow:
[0.02547635;
 -0.021956682;
 0.026067333]
