Keyframe: 0 Frame: 0 Frame from vFrameID : 88
Tcw:
[1, 0, 0, 0;
 0, 1, 0, 0;
 0, 0, 1, 0;
 0, 0, 0, 1]
Twc:
[1, 0, 0, 0;
 0, 1, 0, 0;
 0, 0, 1, 0;
 0, 0, 0, 1]
Ow:
[0;
 0;
 0]
Keyframe: 1 Frame: 87 Frame from vFrameID : 88
Tcw:
[0.99650514, 0.066834904, -0.050106052, 0.044936027;
 -0.065029189, 0.99720299, 0.0368427, -0.027232202;
 0.052428283, -0.033455584, 0.9980641, -0.0039228643;
 0, 0, 0, 1]
Twc:
[0.99650514, -0.065029189, 0.052428283, -0.046344202;
 0.066834904, 0.99720299, -0.033455584, 0.024021495;
 -0.050106052, 0.0368427, 0.9980641, 0.0071701454;
 0, 0, 0, 1]
Ow:
[0.044936027;
 -0.027232202;
 -0.0039228643]
Keyframe: 2 Frame: 90 Frame from vFrameID : 91
Tcw:
[0.99773568, 0.064591467, -0.018746858, 0.061325319;
 -0.063867822, 0.99727499, 0.036926169, -0.025635023;
 0.021080887, -0.035645235, 0.99914211, -0.0028465902;
 0, 0, 0, 1]
Twc:
[0.99773568, -0.063867822, 0.021080887, -0.062763706;
 0.064591467, 0.99727499, -0.035645235, 0.021502605;
 -0.018746858, 0.036926169, 0.99914211, 0.0049404087;
 0, 0, 0, 1]
Ow:
[0.061325319;
 -0.025635023;
 -0.0028465902]
Keyframe: 3 Frame: 92 Frame from vFrameID : 93
Tcw:
[0.99807322, 0.061918106, 0.0039960491, 0.072665483;
 -0.06202282, 0.99740922, 0.036442276, -0.02517998;
 -0.0017292594, -0.036619909, 0.99932778, -0.0027246044;
 0, 0, 0, 1]
Twc:
[0.99807322, -0.06202282, -0.0017292594, -0.074091926;
 0.061918106, 0.99740922, -0.036619909, 0.02051566;
 0.0039960491, 0.036442276, 0.99932778, 0.0033500139;
 0, 0, 0, 1]
Ow:
[0.072665483;
 -0.02517998;
 -0.0027246044]
Keyframe: 4 Frame: 94 Frame from vFrameID : 95
Tcw:
[0.99760157, 0.063345753, 0.027899761, 0.084444024;
 -0.064321481, 0.99729455, 0.035585858, -0.024619963;
 -0.025570067, -0.037295062, 0.99897712, -0.0017558387;
 0, 0, 0, 1]
Twc:
[0.99760157, -0.064321481, -0.025570067, -0.08586999;
 0.063345753, 0.99729455, -0.037295062, 0.019138699;
 0.027899761, 0.035585858, 0.99897712, 0.00027419682;
 0, 0, 0, 1]
Ow:
[0.084444024;
 -0.024619963;
 -0.0017558387]
Keyframe: 5 Frame: 96 Frame from vFrameID : 97
Tcw:
[0.99677998, 0.06516058, 0.046730451, 0.093471885;
 -0.066823669, 0.99715233, 0.034955282, -0.023226142;
 -0.044319671, -0.037965424, 0.99829572, -0.00096474704;
 0, 0, 0, 1]
Twc:
[0.99677998, -0.066823669, -0.044319671, -0.094765723;
 0.06516058, 0.99715233, -0.037965424, 0.017032692;
 0.046730451, 0.034955282, 0.99829572, -0.0025930041;
 0, 0, 0, 1]
Ow:
[0.093471885;
 -0.023226142;
 -0.00096474704]
Keyframe: 6 Frame: 98 Frame from vFrameID : 99
Tcw:
[0.99571735, 0.068371251, 0.062227897, 0.097911701;
 -0.070627362, 0.99689531, 0.034806039, -0.022636736;
 -0.059654966, -0.039051969, 0.99745488, -0.0008464409;
 0, 0, 0, 1]
Twc:
[0.99571735, -0.070627362, -0.059654966, -0.099141642;
 0.068371251, 0.99689531, -0.039051969, 0.015839055;
 0.062227897, 0.034806039, 0.99745488, -0.004460657;
 0, 0, 0, 1]
Ow:
[0.097911701;
 -0.022636736;
 -0.0008464409]
Keyframe: 7 Frame: 100 Frame from vFrameID : 101
Tcw:
[0.99548268, 0.06529437, 0.068926841, 0.095704496;
 -0.067756765, 0.99712199, 0.034010403, -0.023417706;
 -0.066507779, -0.038527027, 0.99704182, 0.0029251459;
 0, 0, 0, 1]
Twc:
[0.99548268, -0.067756765, -0.066507779, -0.096664324;
 0.06529437, 0.99712199, -0.038527027, 0.017214043;
 0.068926841, 0.034010403, 0.99704182, -0.008716655;
 0, 0, 0, 1]
Ow:
[0.095704496;
 -0.023417706;
 0.0029251459]
Keyframe: 8 Frame: 102 Frame from vFrameID : 103
Tcw:
[0.99594194, 0.061670884, 0.065547019, 0.092357807;
 -0.063914403, 0.99741954, 0.032698441, -0.021943031;
 -0.063361339, -0.036755145, 0.99731362, 0.0064399033;
 0, 0, 0, 1]
Twc:
[0.99594194, -0.063914403, -0.063361339, -0.092977434;
 0.061670884, 0.99741954, -0.036755145, 0.016427319;
 0.065547019, 0.032698441, 0.99731362, -0.011758878;
 0, 0, 0, 1]
Ow:
[0.092357807;
 -0.021943031;
 0.0064399033]
Keyframe: 9 Frame: 104 Frame from vFrameID : 105
Tcw:
[0.99708521, 0.056634504, 0.051123559, 0.085136175;
 -0.058580868, 0.99758142, 0.037411056, -0.020815972;
 -0.048881155, -0.040296871, 0.99799138, 0.0107237;
 0, 0, 0, 1]
Twc:
[0.99708521, -0.058580868, -0.048881155, -0.085583255;
 0.056634504, 0.99758142, -0.040296871, 0.016376114;
 0.051123559, 0.037411056, 0.99799138, -0.014275877;
 0, 0, 0, 1]
Ow:
[0.085136175;
 -0.020815972;
 0.0107237]
Keyframe: 10 Frame: 106 Frame from vFrameID : 107
Tcw:
[0.99799258, 0.055917703, 0.029731886, 0.076739073;
 -0.057129901, 0.99749893, 0.04161755, -0.023728609;
 -0.027330369, -0.043232586, 0.99869114, 0.016334727;
 0, 0, 0, 1]
Twc:
[0.99799258, -0.057129901, -0.027330369, -0.077494204;
 0.055917703, 0.99749893, -0.043232586, 0.020084383;
 0.029731886, 0.04161755, 0.99869114, -0.017607419;
 0, 0, 0, 1]
Ow:
[0.076739073;
 -0.023728609;
 0.016334727]
Keyframe: 11 Frame: 108 Frame from vFrameID : 109
Tcw:
[0.99845648, 0.054662388, 0.0098303705, 0.066785343;
 -0.054991778, 0.99779636, 0.037126523, -0.025284274;
 -0.0077792834, -0.037609804, 0.99926221, 0.021460718;
 0, 0, 0, 1]
Twc:
[0.99845648, -0.054991778, -0.0077792834, -0.067905739;
 0.054662388, 0.99779636, -0.037609804, 0.022385042;
 0.0098303705, 0.037126523, 0.99926221, -0.021162691;
 0, 0, 0, 1]
Ow:
[0.066785343;
 -0.025284274;
 0.021460718]
Keyframe: 12 Frame: 111 Frame from vFrameID : 112
Tcw:
[0.99943894, 0.028336572, -0.017854994, 0.046578109;
 -0.027817596, 0.99920171, 0.028673315, -0.03125295;
 0.018653244, -0.028160544, 0.99942935, 0.031828027;
 0, 0, 0, 1]
Twc:
[0.99943894, -0.027817596, 0.018653244, -0.048015054;
 0.028336572, 0.99920171, -0.028160544, 0.030804431;
 -0.017854994, 0.028673315, 0.99942935, -0.030082086;
 0, 0, 0, 1]
Ow:
[0.046578109;
 -0.03125295;
 0.031828027]
Keyframe: 13 Frame: 114 Frame from vFrameID : 115
Tcw:
[0.99876297, 0.011749801, -0.048316754, 0.033897221;
 -0.011050409, 0.99983066, 0.014716878, -0.037553832;
 0.04848149, -0.014164752, 0.99872363, 0.037156928;
 0, 0, 0, 1]
Twc:
[0.99876297, -0.011050409, 0.04848149, -0.036071695;
 0.011749801, 0.99983066, -0.014164752, 0.037675507;
 -0.048316754, 0.014716878, 0.99872363, -0.034919024;
 0, 0, 0, 1]
Ow:
[0.033897221;
 -0.037553832;
 0.037156928]
Keyframe: 14 Frame: 117 Frame from vFrameID : 118
Tcw:
[0.99749261, 0.016777245, -0.068753026, 0.027824828;
 -0.016393159, 0.99984676, 0.0061469134, -0.044527445;
 0.068845615, -0.0050044218, 0.9976148, 0.040100686;
 0, 0, 0, 1]
Twc:
[0.99749261, -0.016393159, 0.068845615, -0.031245764;
 0.016777245, 0.99984676, -0.0050044218, 0.044254474;
 -0.068753026, 0.0061469134, 0.9976148, -0.03781829;
 0, 0, 0, 1]
Ow:
[0.027824828;
 -0.044527445;
 0.040100686]
Keyframe: 15 Frame: 120 Frame from vFrameID : 121
Tcw:
[0.99711293, 0.024313137, -0.071935639, 0.028201681;
 -0.024305103, 0.99970412, 0.00098713848, -0.052784909;
 0.071938351, 0.00076411455, 0.99740881, 0.040819809;
 0, 0, 0, 1]
Twc:
[0.99711293, -0.024305103, 0.071938351, -0.032339711;
 0.024313137, 0.99970412, 0.00076411455, 0.052052423;
 -0.071935639, 0.00098713848, 0.99740881, -0.038633224;
 0, 0, 0, 1]
Ow:
[0.028201681;
 -0.052784909;
 0.040819809]
Keyframe: 16 Frame: 123 Frame from vFrameID : 124
Tcw:
[0.99758816, 0.021560092, -0.065977477, 0.032220621;
 -0.022767214, 0.99958587, -0.017599044, -0.055072013;
 0.06557072, 0.019058721, 0.99766588, 0.039169919;
 0, 0, 0, 1]
Twc:
[0.99758816, -0.022767214, 0.06557072, -0.035965148;
 0.021560092, 0.99958587, 0.019058721, 0.053607997;
 -0.065977477, -0.017599044, 0.99766588, -0.037921872;
 0, 0, 0, 1]
Ow:
[0.032220621;
 -0.055072013;
 0.039169919]
Keyframe: 17 Frame: 126 Frame from vFrameID : 127
Tcw:
[0.9980337, 0.021487776, -0.058880944, 0.0350013;
 -0.02228382, 0.99966848, -0.01289638, -0.054655775;
 0.05858431, 0.014183115, 0.9981817, 0.038691338;
 0, 0, 0, 1]
Twc:
[0.9980337, -0.02228382, 0.05858431, -0.038417123;
 0.021487776, 0.99966848, 0.014183115, 0.053336799;
 -0.058880944, -0.01289638, 0.9981817, -0.037264939;
 0, 0, 0, 1]
Ow:
[0.0350013;
 -0.054655775;
 0.038691338]
Keyframe: 18 Frame: 129 Frame from vFrameID : 130
Tcw:
[0.99905777, 0.02825539, -0.032942221, 0.042439662;
 -0.028423125, 0.99958521, -0.0046346136, -0.050791979;
 0.032797605, 0.0055665676, 0.99944651, 0.038262993;
 0, 0, 0, 1]
Twc:
[0.99905777, -0.028423125, 0.032797605, -0.045098279;
 0.02825539, 0.99958521, 0.0055665676, 0.04935877;
 -0.032942221, -0.0046346136, 0.99944651, -0.037079159;
 0, 0, 0, 1]
Ow:
[0.042439662;
 -0.050791979;
 0.038262993]
Keyframe: 19 Frame: 132 Frame from vFrameID : 133
Tcw:
[0.99920589, 0.03572607, -0.017642723, 0.043487091;
 -0.03558309, 0.99933183, 0.0083528422, -0.042427011;
 0.017929349, -0.0077184262, 0.99980944, 0.03887907;
 0, 0, 0, 1]
Twc:
[0.99920589, -0.03558309, 0.017929349, -0.045659319;
 0.03572607, 0.99933183, -0.0077184262, 0.041145124;
 -0.017642723, 0.0083528422, 0.99980944, -0.037750047;
 0, 0, 0, 1]
Ow:
[0.043487091;
 -0.042427011;
 0.03887907]
Keyframe: 20 Frame: 135 Frame from vFrameID : 136
Tcw:
[0.99917287, 0.037595179, -0.015497668, 0.042539507;
 -0.03730521, 0.9991309, 0.018593265, -0.040539067;
 0.016183216, -0.017999742, 0.99970704, 0.040923122;
 0, 0, 0, 1]
Twc:
[0.99917287, -0.03730521, 0.016183216, -0.044678908;
 0.037595179, 0.9991309, -0.017999742, 0.039641164;
 -0.015497668, 0.018593265, 0.99970704, -0.039498113;
 0, 0, 0, 1]
Ow:
[0.042539507;
 -0.040539067;
 0.040923122]
Keyframe: 21 Frame: 138 Frame from vFrameID : 139
Tcw:
[0.99935377, 0.032275978, -0.015821408, 0.037728321;
 -0.031867746, 0.99916905, 0.025409009, -0.037186805;
 0.016628362, -0.024888396, 0.99955195, 0.047067247;
 0, 0, 0, 1]
Twc:
[0.99935377, -0.031867746, 0.016628362, -0.039671648;
 0.032275978, 0.99916905, -0.024888396, 0.037109621;
 -0.015821408, 0.025409009, 0.99955195, -0.045504361;
 0, 0, 0, 1]
Ow:
[0.037728321;
 -0.037186805;
 0.047067247]
Keyframe: 22 Frame: 141 Frame from vFrameID : 142
Tcw:
[0.9995814, 0.026989738, -0.010420652, 0.033387274;
 -0.026663756, 0.99918675, 0.030246982, -0.036446638;
 0.011228535, -0.029956467, 0.99948812, 0.051709894;
 0, 0, 0, 1]
Twc:
[0.9995814, -0.026663756, 0.011228535, -0.034925729;
 0.026989738, 0.99918675, -0.029956467, 0.037064929;
 -0.010420652, 0.030246982, 0.99948812, -0.050233107;
 0, 0, 0, 1]
Ow:
[0.033387274;
 -0.036446638;
 0.051709894]
Keyframe: 23 Frame: 144 Frame from vFrameID : 145
Tcw:
[0.99991363, 0.013130326, 0.00055187673, 0.028609302;
 -0.013139808, 0.99962378, 0.024075069, -0.034392655;
 -0.00023555562, -0.024080241, 0.99971002, 0.065596744;
 0, 0, 0, 1]
Twc:
[0.99991363, -0.013139808, -0.00023555562, -0.029043294;
 0.013130326, 0.99962378, -0.024080241, 0.035583656;
 0.00055187673, 0.024075069, 0.99971002, -0.064765505;
 0, 0, 0, 1]
Ow:
[0.028609302;
 -0.034392655;
 0.065596744]
Keyframe: 24 Frame: 147 Frame from vFrameID : 148
Tcw:
[0.99992085, 0.012525023, 0.0011867784, 0.027918613;
 -0.012547027, 0.99970442, 0.020823942, -0.032708194;
 -0.00092560734, -0.020837184, 0.99978244, 0.073489517;
 0, 0, 0, 1]
Twc:
[0.99992085, -0.012547027, -0.00092560734, -0.028258771;
 0.012525023, 0.99970442, -0.020837184, 0.033880159;
 0.0011867784, 0.020823942, 0.99978244, -0.072825551;
 0, 0, 0, 1]
Ow:
[0.027918613;
 -0.032708194;
 0.073489517]
Keyframe: 25 Frame: 150 Frame from vFrameID : 151
Tcw:
[0.99973106, 0.023175137, 0.0008497769, 0.032737259;
 -0.023188844, 0.99944419, 0.023950318, -0.033190455;
 -0.00029425271, -0.023963582, 0.99971277, 0.089295782;
 0, 0, 0, 1]
Twc:
[0.99973106, -0.023188844, -0.00029425271, -0.033471826;
 0.023175137, 0.99944419, -0.023963582, 0.034553163;
 0.0008497769, 0.023950318, 0.99971277, -0.088503033;
 0, 0, 0, 1]
Ow:
[0.032737259;
 -0.033190455;
 0.089295782]
Keyframe: 26 Frame: 153 Frame from vFrameID : 154
Tcw:
[0.99931198, 0.035945628, -0.0091386791, 0.040346995;
 -0.035817824, 0.99926329, 0.013783551, -0.03639238;
 0.0096274046, -0.01344674, 0.99986327, 0.1113957;
 0, 0, 0, 1]
Twc:
[0.99931198, -0.035817824, 0.0096274046, -0.04269518;
 0.035945628, 0.99926329, -0.01344674, 0.036413178;
 -0.0091386791, 0.013783551, 0.99986327, -0.11051013;
 0, 0, 0, 1]
Ow:
[0.040346995;
 -0.03639238;
 0.1113957]
Keyframe: 27 Frame: 156 Frame from vFrameID : 157
Tcw:
[0.99900782, 0.040551342, -0.018412255, 0.049422432;
 -0.040483411, 0.99917203, 0.0040473929, -0.035547644;
 0.018561136, -0.0032979862, 0.99982226, 0.13428068;
 0, 0, 0, 1]
Twc:
[0.99900782, -0.040483411, 0.018561136, -0.053304885;
 0.040551342, 0.99917203, -0.0032979862, 0.033956919;
 -0.018412255, 0.0040473929, 0.99982226, -0.13320297;
 0, 0, 0, 1]
Ow:
[0.049422432;
 -0.035547644;
 0.13428068]
Keyframe: 28 Frame: 159 Frame from vFrameID : 160
Tcw:
[0.99862969, 0.039963856, -0.033788435, 0.053650655;
 -0.040301003, 0.99914378, -0.0093564317, -0.038875274;
 0.033385586, 0.010705318, 0.99938524, 0.15603973;
 0, 0, 0, 1]
Twc:
[0.99862969, -0.040301003, 0.033385586, -0.060353328;
 0.039963856, 0.99914378, 0.010705318, 0.035027448;
 -0.033788435, -0.0093564317, 0.99938524, -0.15449476;
 0, 0, 0, 1]
Ow:
[0.053650655;
 -0.038875274;
 0.15603973]
Keyframe: 29 Frame: 162 Frame from vFrameID : 163
Tcw:
[0.99636728, 0.048814364, -0.06978149, 0.061465204;
 -0.048608977, 0.99880713, 0.0046393364, -0.044866424;
 0.069924712, -0.0012304761, 0.9975515, 0.17925994;
 0, 0, 0, 1]
Twc:
[0.99636728, -0.048608977, 0.069924712, -0.075957522;
 0.048814364, 0.99880713, -0.0012304761, 0.042033091;
 -0.06978149, 0.0046393364, 0.9975515, -0.17432374;
 0, 0, 0, 1]
Ow:
[0.061465204;
 -0.044866424;
 0.17925994]
Keyframe: 30 Frame: 165 Frame from vFrameID : 166
Tcw:
[0.99370706, 0.066387199, -0.090216644, 0.074959777;
 -0.065093741, 0.99773079, 0.017207937, -0.053592734;
 0.091154307, -0.011227109, 0.99577349, 0.2101391;
 0, 0, 0, 1]
Twc:
[0.99370706, -0.065093741, 0.091154307, -0.097131692;
 0.066387199, 0.99773079, -0.011227109, 0.050854001;
 -0.090216644, 0.017207937, 0.99577349, -0.2015661;
 0, 0, 0, 1]
Ow:
[0.074959777;
 -0.053592734;
 0.2101391]
Keyframe: 31 Frame: 168 Frame from vFrameID : 169
Tcw:
[0.99203593, 0.067712411, -0.10620634, 0.083965473;
 -0.066403091, 0.99766743, 0.015820304, -0.059397329;
 0.10702983, -0.00864188, 0.99421823, 0.24733883;
 0, 0, 0, 1]
Twc:
[0.99203593, -0.066403091, 0.10702983, -0.11371357;
 0.067712411, 0.99766743, -0.00864188, 0.055710752;
 -0.10620634, 0.015820304, 0.99421823, -0.23605144;
 0, 0, 0, 1]
Ow:
[0.083965473;
 -0.059397329;
 0.24733883]
Keyframe: 32 Frame: 173 Frame from vFrameID : 174
Tcw:
[0.99494433, 0.051918779, -0.085966051, 0.10197189;
 -0.052692648, 0.99858791, -0.0067559858, -0.069990449;
 0.0854939, 0.011251609, 0.99627519, 0.32408047;
 0, 0, 0, 1]
Twc:
[0.99494433, -0.052692648, 0.0854939, -0.13285124;
 0.051918779, 0.99858791, 0.011251609, 0.060950931;
 -0.085966051, -0.0067559858, 0.99627519, -0.31458002;
 0, 0, 0, 1]
Ow:
[0.10197189;
 -0.069990449;
 0.32408047]
Keyframe: 33 Frame: 177 Frame from vFrameID : 178
Tcw:
[0.99711281, 0.061075881, -0.04511955, 0.11620555;
 -0.061005611, 0.99813312, 0.0029340594, -0.088721521;
 0.045214515, -0.00017304251, 0.9989773, 0.38479894;
 0, 0, 0, 1]
Twc:
[0.99711281, -0.061005611, 0.045214515, -0.13868105;
 0.061075881, 0.99813312, -0.00017304251, 0.081525125;
 -0.04511955, 0.0029340594, 0.9989773, -0.37890193;
 0, 0, 0, 1]
Ow:
[0.11620555;
 -0.088721521;
 0.38479894]
Keyframe: 34 Frame: 181 Frame from vFrameID : 182
Tcw:
[0.9987613, 0.036399182, -0.033926517, 0.13714507;
 -0.036446512, 0.99933529, -0.00077751256, -0.10363165;
 0.033875663, 0.0020130526, 0.99942404, 0.4398278;
 0, 0, 0, 1]
Twc:
[0.9987613, -0.036446512, 0.033875663, -0.15565166;
 0.036399182, 0.99933529, 0.0020130526, 0.097685397;
 -0.033926517, -0.00077751256, 0.99942404, -0.43500218;
 0, 0, 0, 1]
Ow:
[0.13714507;
 -0.10363165;
 0.4398278]
Keyframe: 35 Frame: 187 Frame from vFrameID : 188
Tcw:
[0.9963873, 0.048084419, -0.070001632, 0.17910466;
 -0.051181987, 0.99775678, -0.043149374, -0.11912955;
 0.067769788, 0.04657631, 0.9966132, 0.54760754;
 0, 0, 0, 1]
Twc:
[0.9963873, -0.051181987, 0.067769788, -0.22166614;
 0.048084419, 0.99775678, 0.04657631, 0.084744625;
 -0.070001632, -0.043149374, 0.9966132, -0.53835565;
 0, 0, 0, 1]
Ow:
[0.17910466;
 -0.11912955;
 0.54760754]
Keyframe: 36 Frame: 192 Frame from vFrameID : 193
Tcw:
[0.99249417, 0.059356552, -0.10692088, 0.19903749;
 -0.063536383, 0.99732578, -0.036117066, -0.13861108;
 0.10449116, 0.042639341, 0.99361134, 0.6034441;
 0, 0, 0, 1]
Twc:
[0.99249417, -0.063536383, 0.10449116, -0.26940498;
 0.059356552, 0.99732578, 0.042639341, 0.10069577;
 -0.10692088, -0.036117066, 0.99361134, -0.58331388;
 0, 0, 0, 1]
Ow:
[0.19903749;
 -0.13861108;
 0.6034441]
Keyframe: 37 Frame: 198 Frame from vFrameID : 199
Tcw:
[0.99358624, 0.049223557, -0.10180109, 0.23467925;
 -0.053101391, 0.99794942, -0.035738215, -0.16880757;
 0.099833176, 0.040914778, 0.99416262, 0.70769256;
 0, 0, 0, 1]
Twc:
[0.99358624, -0.053101391, 0.099833176, -0.31278917;
 0.049223557, 0.99794942, 0.040914778, 0.12795459;
 -0.10180109, -0.035738215, 0.99416262, -0.68570375;
 0, 0, 0, 1]
Ow:
[0.23467925;
 -0.16880757;
 0.70769256]
Keyframe: 38 Frame: 205 Frame from vFrameID : 206
Tcw:
[0.9986766, 0.027878143, -0.043218393, 0.25743034;
 -0.029226352, 0.99909562, -0.030883715, -0.1845071;
 0.042318325, 0.03210596, 0.9985882, 0.80231434;
 0, 0, 0, 1]
Twc:
[0.9986766, -0.029226352, 0.042318325, -0.29643473;
 0.027878143, 0.99909562, 0.03210596, 0.15140449;
 -0.043218393, -0.030883715, 0.9985882, -0.79575413;
 0, 0, 0, 1]
Ow:
[0.25743034;
 -0.1845071;
 0.80231434]
Keyframe: 39 Frame: 213 Frame from vFrameID : 214
Tcw:
[0.99940062, 0.0045033055, -0.034324344, 0.27672037;
 -0.0056270794, 0.9994489, -0.032713894, -0.20859863;
 0.034158111, 0.032887433, 0.9988752, 0.9395591;
 0, 0, 0, 1]
Twc:
[0.99940062, -0.0056270794, 0.034158111, -0.30982187;
 0.0045033055, 0.9994489, 0.032887433, 0.17633784;
 -0.034324344, -0.032713894, 0.9988752, -0.93582809;
 0, 0, 0, 1]
Ow:
[0.27672037;
 -0.20859863;
 0.9395591]
Keyframe: 40 Frame: 220 Frame from vFrameID : 221
Tcw:
[0.99425483, 0.078279465, -0.073004156, 0.29284188;
 -0.081923775, 0.99546587, -0.048333865, -0.22438239;
 0.068889596, 0.054036953, 0.99615973, 1.0387018;
 0, 0, 0, 1]
Twc:
[0.99425483, -0.081923775, 0.068889596, -0.38109744;
 0.078279465, 0.99546587, 0.054036953, 0.14431323;
 -0.073004156, -0.048333865, 0.99615973, -1.0241795;
 0, 0, 0, 1]
Ow:
[0.29284188;
 -0.22438239;
 1.0387018]
Keyframe: 41 Frame: 228 Frame from vFrameID : 229
Tcw:
[0.9776271, 0.12661397, -0.16797054, 0.30526894;
 -0.12725694, 0.99184525, 0.0069751963, -0.25814733;
 0.16748394, 0.014556276, 0.98576736, 1.1725012;
 0, 0, 0, 1]
Twc:
[0.9776271, -0.12725694, 0.16748394, -0.52766538;
 0.12661397, 0.99184525, 0.014556276, 0.20032364;
 -0.16797054, 0.0069751963, 0.98576736, -1.1027366;
 0, 0, 0, 1]
Ow:
[0.30526894;
 -0.25814733;
 1.1725012]
Keyframe: 42 Frame: 232 Frame from vFrameID : 233
Tcw:
[0.98387879, 0.086198404, -0.15669206, 0.31633031;
 -0.092251413, 0.99522901, -0.031763289, -0.26755685;
 0.15320653, 0.045706291, 0.9871366, 1.2564616;
 0, 0, 0, 1]
Twc:
[0.98387879, -0.092251413, 0.15320653, -0.52841133;
 0.086198404, 0.99522901, 0.045706291, 0.18158495;
 -0.15669206, -0.031763289, 0.9871366, -1.1992313;
 0, 0, 0, 1]
Ow:
[0.31633031;
 -0.26755685;
 1.2564616]
Keyframe: 43 Frame: 235 Frame from vFrameID : 236
Tcw:
[0.98848784, 0.065388761, -0.13644063, 0.34009659;
 -0.071542621, 0.99660712, -0.040692471, -0.27798256;
 0.13331689, 0.049985338, 0.98981214, 1.3114209;
 0, 0, 0, 1]
Twc:
[0.98848784, -0.071542621, 0.13331689, -0.53090352;
 0.065388761, 0.99660712, 0.049985338, 0.18924911;
 -0.13644063, -0.040692471, 0.98981214, -1.2629691;
 0, 0, 0, 1]
Ow:
[0.34009659;
 -0.27798256;
 1.3114209]
Keyframe: 44 Frame: 238 Frame from vFrameID : 239
Tcw:
[0.99127573, 0.066338554, -0.11389321, 0.35569537;
 -0.067370065, 0.99771434, -0.0052275443, -0.29284048;
 0.11328611, 0.012854931, 0.99347925, 1.3654747;
 0, 0, 0, 1]
Twc:
[0.99127573, -0.067370065, 0.11328611, -0.52701014;
 0.066338554, 0.99771434, 0.012854931, 0.25102177;
 -0.11389321, -0.0052275443, 0.99347925, -1.3175902;
 0, 0, 0, 1]
Ow:
[0.35569537;
 -0.29284048;
 1.3654747]
Keyframe: 45 Frame: 241 Frame from vFrameID : 242
Tcw:
[0.99330705, 0.065837763, -0.09490262, 0.3657285;
 -0.066421367, 0.99778718, -0.0030002757, -0.31217319;
 0.09449508, 0.0092837559, 0.99548203, 1.4210821;
 0, 0, 0, 1]
Twc:
[0.99330705, -0.066421367, 0.09449508, -0.51830089;
 0.065837763, 0.99778718, 0.0092837559, 0.27421066;
 -0.09490262, -0.0030002757, 0.99548203, -1.3808898;
 0, 0, 0, 1]
Ow:
[0.3657285;
 -0.31217319;
 1.4210821]
Keyframe: 46 Frame: 244 Frame from vFrameID : 245
Tcw:
[0.99334186, 0.055036519, -0.10120709, 0.38135511;
 -0.05681828, 0.99827474, -0.014805376, -0.31908584;
 0.10021765, 0.020457214, 0.99475521, 1.4736934;
 0, 0, 0, 1]
Twc:
[0.99334186, -0.05681828, 0.10021765, -0.54463607;
 0.055036519, 0.99827474, 0.020457214, 0.26739922;
 -0.10120709, -0.014805376, 0.99475521, -1.4320925;
 0, 0, 0, 1]
Ow:
[0.38135511;
 -0.31908584;
 1.4736934]
Keyframe: 47 Frame: 247 Frame from vFrameID : 248
Tcw:
[0.98868793, 0.056127567, -0.13908927, 0.39043537;
 -0.059764005, 0.99796778, -0.022104159, -0.32772493;
 0.13756596, 0.030166646, 0.99003315, 1.5255102;
 0, 0, 0, 1]
Twc:
[0.98868793, -0.059764005, 0.13756596, -0.6154632;
 0.056127567, 0.99796778, 0.030166646, 0.25912523;
 -0.13908927, -0.022104159, 0.99003315, -1.4632443;
 0, 0, 0, 1]
Ow:
[0.39043537;
 -0.32772493;
 1.5255102]
Keyframe: 48 Frame: 250 Frame from vFrameID : 251
Tcw:
[0.9824248, 0.087847218, -0.16469491, 0.41810706;
 -0.09433914, 0.99502558, -0.032003894, -0.35044891;
 0.16106419, 0.046978597, 0.98582518, 1.5766153;
 0, 0, 0, 1]
Twc:
[0.9824248, -0.09433914, 0.16106419, -0.69775605;
 0.087847218, 0.99502558, 0.046978597, 0.2379089;
 -0.16469491, -0.032003894, 0.98582518, -1.4966228;
 0, 0, 0, 1]
Ow:
[0.41810706;
 -0.35044891;
 1.5766153]
Keyframe: 49 Frame: 253 Frame from vFrameID : 254
Tcw:
[0.97984946, 0.08277373, -0.18177868, 0.41893116;
 -0.088608421, 0.99577248, -0.024200372, -0.36503741;
 0.17900707, 0.039819844, 0.98304164, 1.6136535;
 0, 0, 0, 1]
Twc:
[0.97984946, -0.088608421, 0.17900707, -0.73169029;
 0.08277373, 0.99577248, 0.039819844, 0.26456228;
 -0.18177868, -0.024200372, 0.98304164, -1.5189699;
 0, 0, 0, 1]
Ow:
[0.41893116;
 -0.36503741;
 1.6136535]
Keyframe: 50 Frame: 256 Frame from vFrameID : 257
Tcw:
[0.97593588, 0.08247257, -0.20185982, 0.43397272;
 -0.083311029, 0.99651408, 0.0043537561, -0.38349718;
 0.20151523, 0.012568163, 0.97940475, 1.654744;
 0, 0, 0, 1]
Twc:
[0.97593588, -0.083311029, 0.20151523, -0.78893524;
 0.08247257, 0.99651408, 0.012568163, 0.32557243;
 -0.20185982, 0.0043537561, 0.97940475, -1.5313928;
 0, 0, 0, 1]
Ow:
[0.43397272;
 -0.38349718;
 1.654744]
Keyframe: 51 Frame: 259 Frame from vFrameID : 260
Tcw:
[0.97722942, 0.075043596, -0.19847198, 0.43975297;
 -0.074587271, 0.99716645, 0.0097851967, -0.39283034;
 0.19864392, 0.0052411002, 0.98005772, 1.6978748;
 0, 0, 0, 1]
Twc:
[0.97722942, -0.074587271, 0.19864392, -0.79631221;
 0.075043596, 0.99716645, 0.0052411002, 0.34981787;
 -0.19847198, 0.0097851967, 0.98005772, -1.5728927;
 0, 0, 0, 1]
Ow:
[0.43975297;
 -0.39283034;
 1.6978748]
Keyframe: 52 Frame: 262 Frame from vFrameID : 263
Tcw:
[0.98026574, 0.075171158, -0.18283418, 0.45506385;
 -0.076551028, 0.99706554, -0.00049103022, -0.4076705;
 0.18226075, 0.014477485, 0.98314363, 1.7702316;
 0, 0, 0, 1]
Twc:
[0.98026574, -0.076551028, 0.18226075, -0.79993486;
 0.075171158, 0.99706554, 0.014477485, 0.34663799;
 -0.18283418, -0.00049103022, 0.98314363, -1.657391;
 0, 0, 0, 1]
Ow:
[0.45506385;
 -0.4076705;
 1.7702316]
Keyframe: 53 Frame: 266 Frame from vFrameID : 267
Tcw:
[0.98507541, 0.076833986, -0.15402266, 0.47775316;
 -0.080451444, 0.99660695, -0.017383514, -0.4286336;
 0.1521644, 0.029515417, 0.98791438, 1.8468146;
 0, 0, 0, 1]
Twc:
[0.98507541, -0.080451444, 0.1521644, -0.78612655;
 0.076833986, 0.99660695, 0.029515417, 0.33596206;
 -0.15402266, -0.017383514, 0.98791438, -1.7583611;
 0, 0, 0, 1]
Ow:
[0.47775316;
 -0.4286336;
 1.8468146]
Keyframe: 54 Frame: 270 Frame from vFrameID : 271
Tcw:
[0.99142706, 0.053662043, -0.11913349, 0.49289978;
 -0.054659761, 0.99849188, -0.0051207277, -0.44759417;
 0.11867904, 0.011588636, 0.99286503, 1.9125608;
 0, 0, 0, 1]
Twc:
[0.99142706, -0.054659761, 0.11867904, -0.74012047;
 0.053662043, 0.99849188, 0.011588636, 0.39830518;
 -0.11913349, -0.0051207277, 0.99286503, -1.8424859;
 0, 0, 0, 1]
Ow:
[0.49289978;
 -0.44759417;
 1.9125608]
Keyframe: 55 Frame: 274 Frame from vFrameID : 275
Tcw:
[0.99544036, 0.04176987, -0.08575426, 0.5116331;
 -0.041552607, 0.99912697, 0.0043177432, -0.46354938;
 0.085859746, -0.00073474302, 0.99630696, 1.9815042;
 0, 0, 0, 1]
Twc:
[0.99544036, -0.041552607, 0.085859746, -0.69869334;
 0.04176987, 0.99912697, -0.00073474302, 0.44322973;
 -0.08575426, 0.0043177432, 0.99630696, -1.9283103;
 0, 0, 0, 1]
Ow:
[0.5116331;
 -0.46354938;
 1.9815042]
Keyframe: 56 Frame: 278 Frame from vFrameID : 279
Tcw:
[0.99592209, 0.02495151, -0.086698256, 0.52077174;
 -0.025302486, 0.99967551, -0.002951537, -0.47298008;
 0.086596474, 0.0051331823, 0.99623024, 2.0655761;
 0, 0, 0, 1]
Twc:
[0.99592209, -0.025302486, 0.086596474, -0.70948726;
 0.02495151, 0.99967551, 0.0051331823, 0.44922957;
 -0.086698256, -0.002951537, 0.99623024, -2.0140355;
 0, 0, 0, 1]
Ow:
[0.52077174;
 -0.47298008;
 2.0655761]
Keyframe: 57 Frame: 282 Frame from vFrameID : 283
Tcw:
[0.99143118, 0.038714044, -0.12476175, 0.56051576;
 -0.042026058, 0.99882764, -0.024024086, -0.50127387;
 0.12368542, 0.029061472, 0.99189585, 2.1634803;
 0, 0, 0, 1]
Twc:
[0.99143118, -0.042026058, 0.12368542, -0.84437037;
 0.038714044, 0.99882764, 0.029061472, 0.41611245;
 -0.12476175, -0.024024086, 0.99189585, -2.0880587;
 0, 0, 0, 1]
Ow:
[0.56051576;
 -0.50127387;
 2.1634803]
Keyframe: 58 Frame: 287 Frame from vFrameID : 288
Tcw:
[0.98972553, 0.037433814, -0.1379929, 0.57483518;
 -0.04041573, 0.99900472, -0.018869989, -0.53090119;
 0.13714918, 0.024253193, 0.99025345, 2.2385604;
 0, 0, 0, 1]
Twc:
[0.98972553, -0.04041573, 0.13714918, -0.89740264;
 0.037433814, 0.99900472, 0.024253193, 0.45456231;
 -0.1379929, -0.018869989, 0.99025345, -2.1474371;
 0, 0, 0, 1]
Ow:
[0.57483518;
 -0.53090119;
 2.2385604]
Keyframe: 59 Frame: 291 Frame from vFrameID : 292
Tcw:
[0.98912138, 0.032294266, -0.14351282, 0.57998061;
 -0.033037372, 0.99945021, -0.0027973896, -0.53881288;
 0.14334358, 0.0075082444, 0.98964453, 2.3032286;
 0, 0, 0, 1]
Twc:
[0.98912138, -0.033037372, 0.14334358, -0.92162532;
 0.032294266, 0.99945021, 0.0075082444, 0.50249338;
 -0.14351282, -0.0027973896, 0.98964453, -2.1976502;
 0, 0, 0, 1]
Ow:
[0.57998061;
 -0.53881288;
 2.3032286]
Keyframe: 60 Frame: 296 Frame from vFrameID : 297
Tcw:
[0.99055803, 0.038589019, -0.13155107, 0.59702533;
 -0.040594015, 0.99909639, -0.012592662, -0.5521493;
 0.13094626, 0.017813949, 0.99122941, 2.4263744;
 0, 0, 0, 1]
Twc:
[0.99055803, -0.040594015, 0.13094626, -0.93152684;
 0.038589019, 0.99909639, 0.017813949, 0.4853884;
 -0.13155107, -0.012592662, 0.99122941, -2.3335075;
 0, 0, 0, 1]
Ow:
[0.59702533;
 -0.5521493;
 2.4263744]
Keyframe: 61 Frame: 301 Frame from vFrameID : 302
Tcw:
[0.99298453, 0.003025752, -0.11820568, 0.61746526;
 -0.0047719954, 0.99988359, -0.014492684, -0.57232493;
 0.11814807, 0.014955088, 0.99288338, 2.5111351;
 0, 0, 0, 1]
Twc:
[0.99298453, -0.0047719954, 0.11814807, -0.91255033;
 0.003025752, 0.99988359, 0.014955088, 0.53283578;
 -0.11820568, -0.014492684, 0.99288338, -2.4285707;
 0, 0, 0, 1]
Ow:
[0.61746526;
 -0.57232493;
 2.5111351]
Keyframe: 62 Frame: 306 Frame from vFrameID : 307
Tcw:
[0.99838018, 0.010412452, -0.055933267, 0.63645148;
 -0.0092813475, 0.99974793, 0.020444246, -0.59813988;
 0.056132041, -0.019891994, 0.99822515, 2.6047473;
 0, 0, 0, 1]
Twc:
[0.99838018, -0.0092813475, 0.056132041, -0.78718191;
 0.010412452, 0.99974793, -0.019891994, 0.64317572;
 -0.055933267, 0.020444246, 0.99822515, -2.5522971;
 0, 0, 0, 1]
Ow:
[0.63645148;
 -0.59813988;
 2.6047473]
Keyframe: 63 Frame: 310 Frame from vFrameID : 311
Tcw:
[0.99746329, 0.014215698, -0.069748767, 0.65098333;
 -0.014166238, 0.99989891, 0.0012037506, -0.6081239;
 0.069758825, -0.0002126195, 0.99756384, 2.6815529;
 0, 0, 0, 1]
Twc:
[0.99746329, -0.014166238, 0.069758825, -0.84500885;
 0.014215698, 0.99989891, -0.0002126195, 0.59937847;
 -0.069748767, 0.0012037506, 0.99756384, -2.6288831;
 0, 0, 0, 1]
Ow:
[0.65098333;
 -0.6081239;
 2.6815529]
Keyframe: 64 Frame: 314 Frame from vFrameID : 315
Tcw:
[0.99098718, 0.024501095, -0.13169685, 0.67790598;
 -0.024342153, 0.99969971, 0.0028168836, -0.61456716;
 0.13172632, 0.00041428921, 0.99128604, 2.7567649;
 0, 0, 0, 1]
Twc:
[0.99098718, -0.024342153, 0.13172632, -1.0498946;
 0.024501095, 0.99969971, 0.00041428921, 0.59663111;
 -0.13169685, 0.0028168836, 0.99128604, -2.6417334;
 0, 0, 0, 1]
Ow:
[0.67790598;
 -0.61456716;
 2.7567649]
Keyframe: 65 Frame: 318 Frame from vFrameID : 319
Tcw:
[0.99015987, 0.052591145, -0.12968281, 0.69232881;
 -0.05628613, 0.99810183, -0.024991365, -0.6419574;
 0.12812233, 0.032044791, 0.99124056, 2.8169541;
 0, 0, 0, 1]
Twc:
[0.99015987, -0.05628613, 0.12812233, -1.0825641;
 0.052591145, 0.99810183, 0.032044791, 0.51405984;
 -0.12968281, -0.024991365, 0.99124056, -2.7185392;
 0, 0, 0, 1]
Ow:
[0.69232881;
 -0.6419574;
 2.8169541]
Keyframe: 66 Frame: 322 Frame from vFrameID : 323
Tcw:
[0.98971421, 0.030492164, -0.13977142, 0.71009111;
 -0.029233176, 0.99951154, 0.011052194, -0.64695293;
 0.14004014, -0.0068525509, 0.99012214, 2.8750377;
 0, 0, 0, 1]
Twc:
[0.98971421, -0.029233176, 0.14004014, -1.1243204;
 0.030492164, 0.99951154, -0.0068525509, 0.64468604;
 -0.13977142, 0.011052194, 0.99012214, -2.7402377;
 0, 0, 0, 1]
Ow:
[0.71009111;
 -0.64695293;
 2.8750377]
Keyframe: 67 Frame: 326 Frame from vFrameID : 327
Tcw:
[0.99196672, 0.036171541, -0.12121729, 0.71233141;
 -0.032716028, 0.99900293, 0.030377386, -0.6573171;
 0.12219523, -0.026167609, 0.9921611, 2.9504786;
 0, 0, 0, 1]
Twc:
[0.99196672, -0.032716028, 0.12219523, -1.0886483;
 0.036171541, 0.99900293, -0.026167609, 0.70810258;
 -0.12121729, 0.030377386, 0.9921611, -2.8210354;
 0, 0, 0, 1]
Ow:
[0.71233141;
 -0.6573171;
 2.9504786]
Keyframe: 68 Frame: 330 Frame from vFrameID : 331
Tcw:
[0.99309832, 0.0093977442, -0.1169078, 0.71742463;
 -0.0072212531, 0.99979287, 0.019026818, -0.67841053;
 0.1170624, -0.01805128, 0.99296051, 3.0358617;
 0, 0, 0, 1]
Twc:
[0.99309832, -0.0072212531, 0.1170624, -1.0727574;
 0.0093977442, 0.99979287, -0.01805128, 0.72632909;
 -0.1169078, 0.019026818, 0.99296051, -2.9177103;
 0, 0, 0, 1]
Ow:
[0.71742463;
 -0.67841053;
 3.0358617]
Keyframe: 69 Frame: 334 Frame from vFrameID : 335
Tcw:
[0.99367249, -0.015556003, -0.11123373, 0.7262184;
 0.019470066, 0.99922574, 0.034188475, -0.70108461;
 0.11061577, -0.036137879, 0.99320602, 3.0969613;
 0, 0, 0, 1]
Twc:
[0.99367249, 0.019470066, 0.11061577, -1.0505458;
 -0.015556003, 0.99922574, -0.036137879, 0.82375646;
 -0.11123373, 0.034188475, 0.99320602, -2.9711714;
 0, 0, 0, 1]
Ow:
[0.7262184;
 -0.70108461;
 3.0969613]
Keyframe: 70 Frame: 338 Frame from vFrameID : 339
Tcw:
[0.99468488, -0.011743288, -0.10229436, 0.72723514;
 0.015009148, 0.99940002, 0.031215115, -0.71733344;
 0.10186641, -0.032584555, 0.9942643, 3.1619334;
 0, 0, 0, 1]
Twc:
[0.99468488, 0.015009148, 0.10186641, -1.034698;
 -0.011743288, 0.99940002, -0.032584555, 0.82847327;
 -0.10229436, 0.031215115, 0.9942643, -3.0470138;
 0, 0, 0, 1]
Ow:
[0.72723514;
 -0.71733344;
 3.1619334]
Keyframe: 71 Frame: 342 Frame from vFrameID : 343
Tcw:
[0.99042231, 0.0026696257, -0.13804528, 0.7465384;
 -0.00095524796, 0.99992162, 0.012483711, -0.72785264;
 0.1380678, -0.012232279, 0.99034727, 3.234638;
 0, 0, 0, 1]
Twc:
[0.99042231, -0.00095524796, 0.1380678, -1.1866828;
 0.0026696257, 0.99992162, -0.012232279, 0.76536959;
 -0.13804528, 0.012483711, 0.99034727, -3.0912724;
 0, 0, 0, 1]
Ow:
[0.7465384;
 -0.72785264;
 3.234638]
Keyframe: 72 Frame: 346 Frame from vFrameID : 347
Tcw:
[0.98192483, 0.029444903, -0.18696675, 0.77873671;
 -0.031062767, 0.99950099, -0.005728791, -0.75093979;
 0.18670477, 0.011432947, 0.98234951, 3.2986615;
 0, 0, 0, 1]
Twc:
[0.98192483, -0.031062767, 0.18670477, -1.4038631;
 0.029444903, 0.99950099, 0.011432947, 0.68992186;
 -0.18696675, -0.005728791, 0.98234951, -3.0991428;
 0, 0, 0, 1]
Ow:
[0.77873671;
 -0.75093979;
 3.2986615]
Keyframe: 73 Frame: 351 Frame from vFrameID : 352
Tcw:
[0.98354024, 0.02737198, -0.17860413, 0.7845369;
 -0.02443821, 0.99952817, 0.018605974, -0.7711466;
 0.17902914, -0.013934959, 0.9837451, 3.365222;
 0, 0, 0, 1]
Twc:
[0.98354024, -0.02443821, 0.17902914, -1.3929417;
 0.02737198, 0.99952817, -0.013934959, 0.79620272;
 -0.17860413, 0.018605974, 0.9837451, -3.1560509;
 0, 0, 0, 1]
Ow:
[0.7845369;
 -0.7711466;
 3.365222]
Keyframe: 74 Frame: 355 Frame from vFrameID : 356
Tcw:
[0.98282921, 0.038215775, -0.18051673, 0.80037433;
 -0.032753289, 0.99891371, 0.0331458, -0.77512312;
 0.18158734, -0.026664145, 0.98301327, 3.4241853;
 0, 0, 0, 1]
Twc:
[0.98282921, -0.032753289, 0.18158734, -1.4338077;
 0.038215775, 0.99891371, -0.026664145, 0.83499718;
 -0.18051673, 0.0331458, 0.98301327, -3.1958463;
 0, 0, 0, 1]
Ow:
[0.80037433;
 -0.77512312;
 3.4241853]
Keyframe: 75 Frame: 359 Frame from vFrameID : 360
Tcw:
[0.98398679, 0.026780114, -0.17621811, 0.80534965;
 -0.024539659, 0.99958807, 0.01488146, -0.78575736;
 0.17654404, -0.010318828, 0.98423862, 3.508709;
 0, 0, 0, 1]
Twc:
[0.98398679, -0.024539659, 0.17654404, -1.4311773;
 0.026780114, 0.99958807, -0.010318828, 0.80007207;
 -0.17621811, 0.01488146, 0.98423862, -3.2997966;
 0, 0, 0, 1]
Ow:
[0.80534965;
 -0.78575736;
 3.508709]
Keyframe: 76 Frame: 363 Frame from vFrameID : 364
Tcw:
[0.98544747, 0.023147136, -0.16839674, 0.81882298;
 -0.017345622, 0.99920696, 0.035841428, -0.79394591;
 0.16909282, -0.032398902, 0.98506749, 3.5617473;
 0, 0, 0, 1]
Twc:
[0.98544747, -0.017345622, 0.16909282, -1.4229445;
 0.023147136, 0.99920696, -0.032398902, 0.88975954;
 -0.16839674, 0.035841428, 0.98506749, -3.3422182;
 0, 0, 0, 1]
Ow:
[0.81882298;
 -0.79394591;
 3.5617473]
Keyframe: 77 Frame: 367 Frame from vFrameID : 368
Tcw:
[0.98913318, 0.0021530378, -0.14700671, 0.82325053;
 0.0037870086, 0.99918789, 0.040114805, -0.81499088;
 0.14697368, -0.040235598, 0.98832172, 3.6189072;
 0, 0, 0, 1]
Twc:
[0.98913318, 0.0037870086, 0.14697368, -1.3431021;
 0.0021530378, 0.99918789, -0.040235598, 0.95816547;
 -0.14700671, 0.040114805, 0.98832172, -3.4229281;
 0, 0, 0, 1]
Ow:
[0.82325053;
 -0.81499088;
 3.6189072]
Keyframe: 78 Frame: 371 Frame from vFrameID : 372
Tcw:
[0.98938042, 0.0016984384, -0.14533915, 0.83920199;
 0.0031608213, 0.99944383, 0.033196483, -0.8233701;
 0.14531469, -0.033303343, 0.98882484, 3.6861746;
 0, 0, 0, 1]
Twc:
[0.98938042, 0.0031608213, 0.14531469, -1.3633428;
 0.0016984384, 0.99944383, -0.033303343, 0.9442488;
 -0.14533915, 0.033196483, 0.98882484, -3.4956789;
 0, 0, 0, 1]
Ow:
[0.83920199;
 -0.8233701;
 3.6861746]
Keyframe: 79 Frame: 375 Frame from vFrameID : 376
Tcw:
[0.98334038, 0.016226048, -0.18104823, 0.85226017;
 -0.015269474, 0.99986112, 0.0066761468, -0.83257383;
 0.18113141, -0.0038004133, 0.98345155, 3.7566803;
 0, 0, 0, 1]
Twc:
[0.98334038, -0.015269474, 0.18113141, -1.5312276;
 0.016226048, 0.99986112, -0.0038004133, 0.83290637;
 -0.18104823, 0.0066761468, 0.98345155, -3.5346546;
 0, 0, 0, 1]
Ow:
[0.85226017;
 -0.83257383;
 3.7566803]
Keyframe: 80 Frame: 379 Frame from vFrameID : 380
Tcw:
[0.97741634, 0.047089808, -0.20600948, 0.87745935;
 -0.047904782, 0.99885136, 0.0010329814, -0.84523821;
 0.2058215, 0.0088591864, 0.97854948, 3.8179729;
 0, 0, 0, 1]
Twc:
[0.97741634, -0.047904782, 0.2058215, -1.683955;
 0.047089808, 0.99885136, 0.0088591864, 0.76912385;
 -0.20600948, 0.0010329814, 0.97854948, -3.5544372;
 0, 0, 0, 1]
Ow:
[0.87745935;
 -0.84523821;
 3.8179729]
Keyframe: 81 Frame: 383 Frame from vFrameID : 384
Tcw:
[0.97293848, 0.049417567, -0.22571805, 0.88507241;
 -0.040388923, 0.99819499, 0.044446733, -0.8691476;
 0.22750708, -0.034127429, 0.97317821, 3.8850904;
 0, 0, 0, 1]
Twc:
[0.97293848, -0.040388923, 0.22750708, -1.7801104;
 0.049417567, 0.99819499, -0.034127429, 0.95642877;
 -0.22571805, 0.044446733, 0.97317821, -3.5424776;
 0, 0, 0, 1]
Ow:
[0.88507241;
 -0.8691476;
 3.8850904]
Keyframe: 82 Frame: 387 Frame from vFrameID : 388
Tcw:
[0.97552651, 0.042719565, -0.21569192, 0.89423734;
 -0.036334138, 0.99877852, 0.033485122, -0.87766325;
 0.21685894, -0.024828646, 0.97588718, 3.9571931;
 0, 0, 0, 1]
Twc:
[0.97552651, -0.036334138, 0.21685894, -1.7623942;
 0.042719565, 0.99877852, -0.024828646, 0.93664157;
 -0.21569192, 0.033485122, 0.97588718, -3.6395054;
 0, 0, 0, 1]
Ow:
[0.89423734;
 -0.87766325;
 3.9571931]
Keyframe: 83 Frame: 392 Frame from vFrameID : 393
Tcw:
[0.98318726, 0.037966393, -0.17860965, 0.9042151;
 -0.039227672, 0.99922407, -0.003534042, -0.90026975;
 0.17833689, 0.010481066, 0.98391366, 4.0653257;
 0, 0, 0, 1]
Twc:
[0.98318726, -0.039227672, 0.17833689, -1.6493256;
 0.037966393, 0.99922407, 0.010481066, 0.82263243;
 -0.17860965, -0.003534042, 0.98391366, -3.8416095;
 0, 0, 0, 1]
Ow:
[0.9042151;
 -0.90026975;
 4.0653257]
Keyframe: 84 Frame: 396 Frame from vFrameID : 397
Tcw:
[0.98480916, 0.018026408, -0.17270204, 0.91028035;
 -0.015004668, 0.99971092, 0.018786471, -0.90272361;
 0.17299078, -0.015909752, 0.98479491, 4.1057773;
 0, 0, 0, 1]
Twc:
[0.98480916, -0.015004668, 0.17299078, -1.6202592;
 0.018026408, 0.99971092, -0.015909752, 0.95137548;
 -0.17270204, 0.018786471, 0.98479491, -3.8691826;
 0, 0, 0, 1]
Ow:
[0.91028035;
 -0.90272361;
 4.1057773]
Keyframe: 85 Frame: 400 Frame from vFrameID : 401
Tcw:
[0.98751473, 0.01482329, -0.1568277, 0.91557384;
 -0.0083764764, 0.9990955, 0.041688994, -0.91585016;
 0.15730383, -0.039854832, 0.98674572, 4.1706133;
 0, 0, 0, 1]
Twc:
[0.98751473, -0.0083764764, 0.15730383, -1.5678676;
 0.01482329, 0.9990955, -0.039854832, 1.0676692;
 -0.1568277, 0.041688994, 0.98674572, -3.9335666;
 0, 0, 0, 1]
Ow:
[0.91557384;
 -0.91585016;
 4.1706133]
Keyframe: 86 Frame: 404 Frame from vFrameID : 405
Tcw:
[0.98130596, 0.013923633, -0.19195002, 0.92678267;
 -0.010666649, 0.99978125, 0.017990837, -0.91497934;
 0.19215854, -0.015607052, 0.9812398, 4.2610898;
 0, 0, 0, 1]
Twc:
[0.98130596, -0.010666649, 0.19215854, -1.7380217;
 0.013923633, 0.99978125, -0.015607052, 0.96837807;
 -0.19195002, 0.017990837, 0.9812398, -3.9867938;
 0, 0, 0, 1]
Ow:
[0.92678267;
 -0.91497934;
 4.2610898]
Keyframe: 87 Frame: 409 Frame from vFrameID : 410
Tcw:
[0.97549862, 0.031549156, -0.21773174, 0.9475224;
 -0.029534213, 0.99948555, 0.012503185, -0.93297046;
 0.21801421, -0.0057663042, 0.97592854, 4.3418546;
 0, 0, 0, 1]
Twc:
[0.97549862, -0.029534213, 0.21801421, -1.8984473;
 0.031549156, 0.99948555, -0.0057663042, 0.92763346;
 -0.21773174, 0.012503185, 0.97592854, -4.0193691;
 0, 0, 0, 1]
Ow:
[0.9475224;
 -0.93297046;
 4.3418546]
Keyframe: 88 Frame: 414 Frame from vFrameID : 415
Tcw:
[0.97333777, 0.019967999, -0.22850579, 0.95736128;
 -0.015611702, 0.99966061, 0.0208562, -0.950625;
 0.2288447, -0.016732762, 0.97331911, 4.4094548;
 0, 0, 0, 1]
Twc:
[0.97333777, -0.015611702, 0.2288447, -1.955757;
 0.019967999, 0.99966061, -0.016732762, 1.004968;
 -0.22850579, 0.0208562, 0.97331911, -4.0532174;
 0, 0, 0, 1]
Ow:
[0.95736128;
 -0.950625;
 4.4094548]
Keyframe: 89 Frame: 419 Frame from vFrameID : 420
Tcw:
[0.97522533, 0.024620624, -0.21983936, 0.96774882;
 -0.018744737, 0.99941015, 0.028774455, -0.95801115;
 0.22041814, -0.023940748, 0.9751116, 4.4966869;
 0, 0, 0, 1]
Twc:
[0.97522533, -0.018744737, 0.22041814, -1.9528823;
 0.024620624, 0.99941015, -0.023940748, 1.0412735;
 -0.21983936, 0.028774455, 0.9751116, -4.1444564;
 0, 0, 0, 1]
Ow:
[0.96774882;
 -0.95801115;
 4.4966869]
Keyframe: 90 Frame: 424 Frame from vFrameID : 425
Tcw:
[0.98384231, 0.010516568, -0.17872794, 0.974406;
 -0.01095428, 0.99993891, -0.0014623307, -0.96717936;
 0.17870164, 0.0033965388, 0.98389745, 4.5798883;
 0, 0, 0, 1]
Twc:
[0.98384231, -0.01095428, 0.17870164, -1.7876902;
 0.010516568, 0.99993891, 0.0033965388, 0.94131714;
 -0.17872794, -0.0014623307, 0.98389745, -4.3334012;
 0, 0, 0, 1]
Ow:
