Keyframe: 0 Frame: 0 Frame from vFrameID : 87
Tcw:
[1, 0, 0, 0;
 0, 1, 0, 0;
 0, 0, 1, 0;
 0, 0, 0, 1]
Twc:
[1, 0, 0, 0;
 0, 1, 0, 0;
 0, 0, 1, 0;
 0, 0, 0, 1]
Ow:
[0;
 0;
 0]
Keyframe: 1 Frame: 86 Frame from vFrameID : 87
Tcw:
[0.99638039, 0.063729264, -0.05625606, 0.0285735;
 -0.061960842, 0.99754471, 0.03264048, -0.019119756;
 0.058198087, -0.029036662, 0.99788266, -0.0017174874;
 0, 0, 0, 1]
Twc:
[0.99638039, -0.061960842, 0.058198087, -0.029554795;
 0.063729264, 0.99754471, -0.029036662, 0.017201975;
 -0.05625606, 0.03264048, 0.99788266, 0.0039453614;
 0, 0, 0, 1]
Ow:
[0.0285735;
 -0.019119756;
 -0.0017174874]
Keyframe: 2 Frame: 87 Frame from vFrameID : 88
Tcw:
[0.99669611, 0.06689515, -0.046063472, 0.033663083;
 -0.065389059, 0.9972986, 0.033462889, -0.019141663;
 0.04817754, -0.030340286, 0.99837786, -0.002422465;
 0, 0, 0, 1]
Twc:
[0.99669611, -0.065389059, 0.04817754, -0.034686815;
 0.06689515, 0.9972986, -0.030340286, 0.016764559;
 -0.046063472, 0.033462889, 0.99837786, 0.0046097096;
 0, 0, 0, 1]
Ow:
[0.033663083;
 -0.019141663;
 -0.002422465]
Keyframe: 3 Frame: 88 Frame from vFrameID : 89
Tcw:
[0.99746525, 0.066600338, -0.025049593, 0.041838899;
 -0.065739736, 0.99726623, 0.033739846, -0.01901458;
 0.027228199, -0.032007571, 0.99911666, -0.0030101512;
 0, 0, 0, 1]
Twc:
[0.99746525, -0.065739736, 0.027228199, -0.042900898;
 0.066600338, 0.99726623, -0.032007571, 0.016079765;
 -0.025049593, 0.033739846, 0.99911666, 0.0046970886;
 0, 0, 0, 1]
Ow:
[0.041838899;
 -0.01901458;
 -0.0030101512]
Keyframe: 4 Frame: 89 Frame from vFrameID : 90
Tcw:
[0.99746692, 0.066531956, -0.025164219, 0.041930176;
 -0.065669678, 0.99727327, 0.033667456, -0.018987268;
 0.027335564, -0.031929646, 0.99911624, -0.0030478062;
 0, 0, 0, 1]
Twc:
[0.99746692, -0.065669678, 0.027335564, -0.042987537;
 0.066531956, 0.99727327, -0.031929646, 0.016048482;
 -0.025164219, 0.033667456, 0.99911624, 0.0047395057;
 0, 0, 0, 1]
Ow:
[0.041930176;
 -0.018987268;
 -0.0030478062]
Keyframe: 5 Frame: 90 Frame from vFrameID : 91
Tcw:
[0.99776, 0.065719396, -0.012486554, 0.044306971;
 -0.065267026, 0.99729806, 0.033715773, -0.018507756;
 0.014668596, -0.032825291, 0.99935347, -0.0028313163;
 0, 0, 0, 1]
Twc:
[0.99776, -0.065267026, 0.014668596, -0.04537414;
 0.065719396, 0.99729806, -0.032825291, 0.015452984;
 -0.012486554, 0.033715773, 0.99935347, 0.0040067304;
 0, 0, 0, 1]
Ow:
[0.044306971;
 -0.018507756;
 -0.0028313163]
Keyframe: 6 Frame: 92 Frame from vFrameID : 93
Tcw:
[0.9979521, 0.062925935, 0.011485663, 0.052373193;
 -0.063278504, 0.99743456, 0.033469263, -0.018341258;
 -0.0093501126, -0.034127519, 0.99937373, -0.0029564663;
 0, 0, 0, 1]
Twc:
[0.9979521, -0.063278504, -0.0093501126, -0.05345419;
 0.062925935, 0.99743456, -0.034127519, 0.014897674;
 0.011485663, 0.033469263, 0.99937373, 0.0029669423;
 0, 0, 0, 1]
Ow:
[0.052373193;
 -0.018341258;
 -0.0029564663]
Keyframe: 7 Frame: 94 Frame from vFrameID : 95
Tcw:
[0.99724853, 0.064780116, 0.036040209, 0.060960848;
 -0.065957583, 0.997293, 0.032501098, -0.01797881;
 -0.033837225, -0.034788799, 0.99882168, -0.0027289214;
 0, 0, 0, 1]
Twc:
[0.99724853, -0.065957583, -0.033837225, -0.062071294;
 0.064780116, 0.997293, -0.034788799, 0.013886153;
 0.036040209, 0.032501098, 0.99882168, 0.0011129951;
 0, 0, 0, 1]
Ow:
[0.060960848;
 -0.01797881;
 -0.0027289214]
Keyframe: 8 Frame: 96 Frame from vFrameID : 97
Tcw:
[0.99618626, 0.066524155, 0.056457464, 0.067079291;
 -0.068393938, 0.99714965, 0.031857062, -0.016916495;
 -0.054177273, -0.035596915, 0.99789661, -0.0020108153;
 0, 0, 0, 1]
Twc:
[0.99618626, -0.068393938, -0.054177273, -0.068089396;
 0.066524155, 0.99714965, -0.035596915, 0.012334305;
 0.056457464, 0.031857062, 0.99789661, -0.0012416309;
 0, 0, 0, 1]
Ow:
[0.067079291;
 -0.016916495;
 -0.0020108153]
Keyframe: 9 Frame: 98 Frame from vFrameID : 99
Tcw:
[0.99493504, 0.069757879, 0.072374791, 0.070527442;
 -0.072218284, 0.99687696, 0.031951413, -0.016561316;
 -0.069919899, -0.037016362, 0.99686557, -0.001621776;
 0, 0, 0, 1]
Twc:
[0.99493504, -0.072218284, -0.069919899, -0.071479648;
 0.069757879, 0.99687696, -0.037016362, 0.011529716;
 0.072374791, 0.031951413, 0.99686557, -0.002958559;
 0, 0, 0, 1]
Ow:
[0.070527442;
 -0.016561316;
 -0.001621776]
Keyframe: 10 Frame: 101 Frame from vFrameID : 102
Tcw:
[0.99491072, 0.065072298, 0.076929867, 0.068514124;
 -0.067760468, 0.99716026, 0.032862462, -0.017780771;
 -0.074572966, -0.037908018, 0.99649477, 0.0017600763;
 0, 0, 0, 1]
Twc:
[0.99491072, -0.067760468, -0.074572966, -0.06923902;
 0.065072298, 0.99716026, -0.037908018, 0.013338629;
 0.076929867, 0.032862462, 0.99649477, -0.0064403689;
 0, 0, 0, 1]
Ow:
[0.068514124;
 -0.017780771;
 0.0017600763]
Keyframe: 11 Frame: 103 Frame from vFrameID : 104
Tcw:
[0.99587101, 0.059523601, 0.068541139, 0.063392073;
 -0.061854582, 0.99755907, 0.032402135, -0.014415008;
 -0.066445142, -0.036507931, 0.99712199, 0.0063261921;
 0, 0, 0, 1]
Twc:
[0.99587101, -0.061854582, -0.066445142, -0.06360162;
 0.059523601, 0.99755907, -0.036507931, 0.010837453;
 0.068541139, 0.032402135, 0.99712199, -0.010185873;
 0, 0, 0, 1]
Ow:
[0.063392073;
 -0.014415008;
 0.0063261921]
Keyframe: 12 Frame: 105 Frame from vFrameID : 106
Tcw:
[0.99722391, 0.056653541, 0.048320644, 0.059294883;
 -0.058515888, 0.99756151, 0.03803857, -0.01496689;
 -0.046047792, -0.040760495, 0.99810731, 0.010437223;
 0, 0, 0, 1]
Twc:
[0.99722391, -0.058515888, -0.046047792, -0.05952546;
 0.056653541, 0.99756151, -0.040760495, 0.011996555;
 0.048320644, 0.03803857, 0.99810731, -0.012713316;
 0, 0, 0, 1]
Ow:
[0.059294883;
 -0.01496689;
 0.010437223]
Keyframe: 13 Frame: 108 Frame from vFrameID : 109
Tcw:
[0.9983176, 0.055717777, 0.01604558, 0.049019046;
 -0.056225609, 0.99786729, 0.033159915, -0.01747757;
 -0.014163762, -0.034006298, 0.99932122, 0.017244;
 0, 0, 0, 1]
Twc:
[0.9983176, -0.056225609, -0.014163762, -0.049675025;
 0.055717777, 0.99786729, -0.034006298, 0.015295466;
 0.01604558, 0.033159915, 0.99932122, -0.01743928;
 0, 0, 0, 1]
Ow:
[0.049019046;
 -0.01747757;
 0.017244]
Keyframe: 14 Frame: 111 Frame from vFrameID : 112
Tcw:
[0.99946928, 0.02907682, -0.01468622, 0.035455167;
 -0.028740969, 0.99933171, 0.02258404, -0.02053914;
 0.015333078, -0.022149958, 0.99963707, 0.025563914;
 0, 0, 0, 1]
Twc:
[0.99946928, -0.028740969, 0.015333078, -0.036418639;
 0.02907682, 0.99933171, -0.022149958, 0.020060731;
 -0.01468622, 0.02258404, 0.99963707, -0.024570076;
 0, 0, 0, 1]
Ow:
[0.035455167;
 -0.02053914;
 0.025563914]
Keyframe: 15 Frame: 114 Frame from vFrameID : 115
Tcw:
[0.99885488, 0.012410338, -0.046205088, 0.02629748;
 -0.012068669, 0.99989778, 0.0076662605, -0.024817757;
 0.046295505, -0.0070998478, 0.99890256, 0.030100623;
 0, 0, 0, 1]
Twc:
[0.99885488, -0.012068669, 0.046295505, -0.027960408;
 0.012410338, 0.99989778, -0.0070998478, 0.024702571;
 -0.046205088, 0.0076662605, 0.99890256, -0.028662251;
 0, 0, 0, 1]
Ow:
[0.02629748;
 -0.024817757;
 0.030100623]
Keyframe: 16 Frame: 117 Frame from vFrameID : 118
Tcw:
[0.99762857, 0.018017076, -0.066427298, 0.021360895;
 -0.018249497, 0.99982929, -0.0028936823, -0.028329423;
 0.066363819, 0.004099085, 0.99778706, 0.03391033;
 0, 0, 0, 1]
Twc:
[0.99762857, -0.018249497, 0.066363819, -0.024077658;
 0.018017076, 0.99982929, 0.004099085, 0.027800724;
 -0.066427298, -0.0028936823, 0.99778706, -0.032498319;
 0, 0, 0, 1]
Ow:
[0.021360895;
 -0.028329423;
 0.03391033]
Keyframe: 17 Frame: 120 Frame from vFrameID : 121
Tcw:
[0.99724048, 0.026115917, -0.069493815, 0.021064837;
 -0.02680942, 0.99959946, -0.0090653189, -0.03432161;
 0.069229238, 0.010903392, 0.99754119, 0.032959543;
 0, 0, 0, 1]
Twc:
[0.99724048, -0.02680942, 0.069229238, -0.024208613;
 0.026115917, 0.99959946, 0.010903392, 0.033398364;
 -0.069493815, -0.0090653189, 0.99754119, -0.031725764;
 0, 0, 0, 1]
Ow:
[0.021064837;
 -0.03432161;
 0.032959543]
Keyframe: 18 Frame: 123 Frame from vFrameID : 124
Tcw:
[0.99768585, 0.022699684, -0.064090803, 0.025246911;
 -0.024441, 0.99934953, -0.026517395, -0.037567176;
 0.063447177, 0.028022474, 0.99759167, 0.031285565;
 0, 0, 0, 1]
Twc:
[0.99768585, -0.024441, 0.063447177, -0.028091645;
 0.022699684, 0.99934953, 0.028022474, 0.036092941;
 -0.064090803, -0.026517395, 0.99759167, -0.03058831;
 0, 0, 0, 1]
Ow:
[0.025246911;
 -0.037567176;
 0.031285565]
Keyframe: 19 Frame: 126 Frame from vFrameID : 127
Tcw:
[0.99816638, 0.022907892, -0.056027621, 0.026375497;
 -0.024164062, 0.99946928, -0.021846727, -0.037017565;
 0.055497423, 0.023160525, 0.99819016, 0.031038074;
 0, 0, 0, 1]
Twc:
[0.99816638, -0.024164062, 0.055497423, -0.028944163;
 0.022907892, 0.99946928, 0.023160525, 0.035674851;
 -0.056027621, -0.021846727, 0.99819016, -0.030312857;
 0, 0, 0, 1]
Ow:
[0.026375497;
 -0.037017565;
 0.031038074]
Keyframe: 20 Frame: 129 Frame from vFrameID : 130
Tcw:
[0.99911875, 0.029864669, -0.029491961, 0.031687349;
 -0.030333085, 0.99941868, -0.015565141, -0.032159336;
 0.029009968, 0.016446007, 0.99944383, 0.030817777;
 0, 0, 0, 1]
Twc:
[0.99911875, -0.030333085, 0.029009968, -0.033528943;
 0.029864669, 0.99941868, 0.016446007, 0.030687477;
 -0.029491961, -0.015565141, 0.99944383, -0.030366678;
 0, 0, 0, 1]
Ow:
[0.031687349;
 -0.032159336;
 0.030817777]
Keyframe: 21 Frame: 132 Frame from vFrameID : 133
Tcw:
[0.99921614, 0.037043545, -0.013960479, 0.032007288;
 -0.036989991, 0.99930733, 0.0040752171, -0.031826757;
 0.01410177, -0.0035556245, 0.99989426, 0.02993303;
 0, 0, 0, 1]
Twc:
[0.99921614, -0.036989991, 0.01410177, -0.033581577;
 0.037043545, 0.99930733, -0.0035556245, 0.030725481;
 -0.013960479, 0.0040752171, 0.99989426, -0.029353324;
 0, 0, 0, 1]
Ow:
[0.032007288;
 -0.031826757;
 0.02993303]
Keyframe: 22 Frame: 135 Frame from vFrameID : 136
Tcw:
[0.99917096, 0.038717162, -0.012585232, 0.032180864;
 -0.038576405, 0.99919242, 0.011241073, -0.027291754;
 0.013010291, -0.01074626, 0.9998576, 0.032229152;
 0, 0, 0, 1]
Twc:
[0.99917096, -0.038576405, 0.013010291, -0.033626311;
 0.038717162, 0.99919242, -0.01074626, 0.026370106;
 -0.012585232, 0.011241073, 0.9998576, -0.031512771;
 0, 0, 0, 1]
Ow:
[0.032180864;
 -0.027291754;
 0.032229152]
Keyframe: 23 Frame: 138 Frame from vFrameID : 139
Tcw:
[0.99936527, 0.033239458, -0.012813398, 0.028364459;
 -0.032996599, 0.9992801, 0.018720515, -0.025055788;
 0.013426433, -0.018285833, 0.99974263, 0.037326645;
 0, 0, 0, 1]
Twc:
[0.99936527, -0.032996599, 0.013426433, -0.029674375;
 0.033239458, 0.9992801, -0.018285833, 0.024777481;
 -0.012813398, 0.018720515, 0.99974263, -0.03648454;
 0, 0, 0, 1]
Ow:
[0.028364459;
 -0.025055788;
 0.037326645]
Keyframe: 24 Frame: 141 Frame from vFrameID : 142
Tcw:
[0.99958712, 0.027558092, -0.0081294142, 0.025626954;
 -0.027361773, 0.99935293, 0.023345277, -0.024189755;
 0.0087675052, -0.023113204, 0.99969441, 0.041489471;
 0, 0, 0, 1]
Twc:
[0.99958712, -0.027361773, 0.0087675052, -0.026642008;
 0.027558092, 0.99935293, -0.023113204, 0.024426829;
 -0.0081294142, 0.023345277, 0.99969441, -0.040703744;
 0, 0, 0, 1]
Ow:
[0.025626954;
 -0.024189755;
 0.041489471]
Keyframe: 25 Frame: 144 Frame from vFrameID : 145
Tcw:
[0.99990624, 0.013609415, 0.0015078591, 0.023016643;
 -0.013633023, 0.99976349, 0.016943531, -0.022505656;
 -0.001276911, -0.0169625, 0.99985534, 0.052916791;
 0, 0, 0, 1]
Twc:
[0.99990624, -0.013633023, -0.001276911, -0.023253733;
 0.013609415, 0.99976349, -0.0169625, 0.023084691;
 0.0015078591, 0.016943531, 0.99985534, -0.052562512;
 0, 0, 0, 1]
Ow:
[0.023016643;
 -0.022505656;
 0.052916791]
Keyframe: 26 Frame: 147 Frame from vFrameID : 148
Tcw:
[0.99990875, 0.013319911, 0.0022418778, 0.022138994;
 -0.013350099, 0.99981236, 0.01403743, -0.021672117;
 -0.0020544799, -0.014066079, 0.99989897, 0.058785606;
 0, 0, 0, 1]
Twc:
[0.99990875, -0.013350099, -0.0020544799, -0.022305526;
 0.013319911, 0.99981236, -0.014066079, 0.022200042;
 0.0022418778, 0.01403743, 0.99989897, -0.058525078;
 0, 0, 0, 1]
Ow:
[0.022138994;
 -0.021672117;
 0.058785606]
Keyframe: 27 Frame: 150 Frame from vFrameID : 151
Tcw:
[0.99971902, 0.023611702, 0.002092944, 0.026214963;
 -0.023643658, 0.99957842, 0.016850285, -0.021689383;
 -0.0016941979, -0.016895035, 0.99985582, 0.072383657;
 0, 0, 0, 1]
Twc:
[0.99971902, -0.023643658, -0.0016941979, -0.026597781;
 0.023611702, 0.99957842, -0.016895035, 0.022284186;
 0.002092944, 0.016850285, 0.99985582, -0.072062619;
 0, 0, 0, 1]
Ow:
[0.026214963;
 -0.021689383;
 0.072383657]
Keyframe: 28 Frame: 153 Frame from vFrameID : 154
Tcw:
[0.99928331, 0.037159421, -0.00721522, 0.031274151;
 -0.037122622, 0.99929738, 0.0051684999, -0.023342496;
 0.0074022086, -0.0048969476, 0.9999606, 0.089140579;
 0, 0, 0, 1]
Twc:
[0.99928331, -0.037122622, 0.0074022086, -0.03277811;
 0.037159421, 0.99929738, -0.0048969476, 0.022600479;
 -0.00721522, 0.0051684999, 0.9999606, -0.088790774;
 0, 0, 0, 1]
Ow:
[0.031274151;
 -0.023342496;
 0.089140579]
Keyframe: 29 Frame: 156 Frame from vFrameID : 157
Tcw:
[0.99899137, 0.041621927, -0.016848605, 0.038943894;
 -0.041699763, 0.99912095, -0.0042948164, -0.023036573;
 0.016655035, 0.0049930671, 0.99984884, 0.10707172;
 0, 0, 0, 1]
Twc:
[0.99899137, -0.041699763, 0.016655035, -0.041648515;
 0.041621927, 0.99912095, 0.0049930671, 0.020860786;
 -0.016848605, -0.0042948164, 0.99984884, -0.10649832;
 0, 0, 0, 1]
Ow:
[0.038943894;
 -0.023036573;
 0.10707172]
Keyframe: 30 Frame: 160 Frame from vFrameID : 161
Tcw:
[0.99806654, 0.044492844, -0.043399412, 0.043041091;
 -0.045097087, 0.99889743, -0.013044108, -0.026874661;
 0.04277119, 0.014976075, 0.99897265, 0.13086952;
 0, 0, 0, 1]
Twc:
[0.99806654, -0.045097087, 0.04277119, -0.049767289;
 0.044492844, 0.99889743, 0.014976075, 0.022970097;
 -0.043399412, -0.013044108, 0.99897265, -0.12921767;
 0, 0, 0, 1]
Ow:
[0.043041091;
 -0.026874661;
 0.13086952]
Keyframe: 31 Frame: 164 Frame from vFrameID : 165
Tcw:
[0.99472213, 0.059297666, -0.083735995, 0.053777508;
 -0.059131827, 0.99824023, 0.00446139, -0.033434957;
 0.083853193, 0.00051361934, 0.99647796, 0.15896319;
 0, 0, 0, 1]
Twc:
[0.99472213, -0.059131827, 0.083853193, -0.068800315;
 0.059297666, 0.99824023, 0.00051361934, 0.030105593;
 -0.083735995, 0.00446139, 0.99647796, -0.15375105;
 0, 0, 0, 1]
Ow:
[0.053777508;
 -0.033434957;
 0.15896319]
Keyframe: 32 Frame: 168 Frame from vFrameID : 169
Tcw:
[0.99228525, 0.070101023, -0.10225373, 0.064644717;
 -0.070112467, 0.99753302, 0.0034865993, -0.040561128;
 0.10224588, 0.00370956, 0.99475223, 0.19693527;
 0, 0, 0, 1]
Twc:
[0.99228525, -0.070112467, 0.10224588, -0.087125659;
 0.070101023, 0.99753302, 0.00370956, 0.03519886;
 -0.10225373, 0.0034865993, 0.99475223, -0.18915021;
 0, 0, 0, 1]
Ow:
[0.064644717;
 -0.040561128;
 0.19693527]
Keyframe: 33 Frame: 173 Frame from vFrameID : 174
Tcw:
[0.99549872, 0.055603322, -0.076749876, 0.075627074;
 -0.057639565, 0.99803495, -0.024574041, -0.047006372;
 0.075232662, 0.028887257, 0.99674749, 0.25670892;
 0, 0, 0, 1]
Twc:
[0.99549872, -0.057639565, 0.075232662, -0.097308978;
 0.055603322, 0.99803495, 0.028887257, 0.035293274;
 -0.076749876, -0.024574041, 0.99674749, -0.25122476;
 0, 0, 0, 1]
Ow:
[0.075627074;
 -0.047006372;
 0.25670892]
Keyframe: 34 Frame: 178 Frame from vFrameID : 179
Tcw:
[0.99788046, 0.060085274, -0.024986133, 0.092181489;
 -0.06055944, 0.99798989, -0.018673748, -0.066149004;
 0.02381389, 0.020147314, 0.99951339, 0.31952113;
 0, 0, 0, 1]
Twc:
[0.99788046, -0.06055944, 0.02381389, -0.10360109;
 0.060085274, 0.99798989, 0.020147314, 0.054039791;
 -0.024986133, -0.018673748, 0.99951339, -0.31829762;
 0, 0, 0, 1]
Ow:
[0.092181489;
 -0.066149004;
 0.31952113]
Keyframe: 35 Frame: 184 Frame from vFrameID : 185
Tcw:
[0.99839097, 0.044450827, -0.035207894, 0.12126818;
 -0.045602676, 0.99842703, -0.032617483, -0.085722297;
 0.033702638, 0.034170575, 0.9988476, 0.40932244;
 0, 0, 0, 1]
Twc:
[0.99839097, -0.045602676, 0.033702638, -0.13877746;
 0.044450827, 0.99842703, 0.034170575, 0.066210195;
 -0.035207894, -0.032617483, 0.9988476, -0.40737715;
 0, 0, 0, 1]
Ow:
[0.12126818;
 -0.085722297;
 0.40932244]
Keyframe: 36 Frame: 189 Frame from vFrameID : 190
Tcw:
[0.9956488, 0.057810578, -0.07308466, 0.14119521;
 -0.061502848, 0.99688756, -0.049320731, -0.10021027;
 0.070005931, 0.053601041, 0.99610549, 0.46981677;
 0, 0, 0, 1]
Twc:
[0.9956488, -0.061502848, 0.070005931, -0.17963402;
 0.057810578, 0.99688756, 0.053601041, 0.066553131;
 -0.07308466, -0.049320731, 0.99610549, -0.46261027;
 0, 0, 0, 1]
Ow:
[0.14119521;
 -0.10021027;
 0.46981677]
Keyframe: 37 Frame: 193 Frame from vFrameID : 194
Tcw:
[0.9929511, 0.070873506, -0.095000282, 0.16237313;
 -0.07459107, 0.99655819, -0.036165301, -0.1262196;
 0.092110142, 0.042996548, 0.99482012, 0.51330155;
 0, 0, 0, 1]
Twc:
[0.9929511, -0.07459107, 0.092110142, -0.21792372;
 0.070873506, 0.99655819, 0.042996548, 0.092207029;
 -0.095000282, -0.036165301, 0.99482012, -0.49978197;
 0, 0, 0, 1]
Ow:
[0.16237313;
 -0.1262196;
 0.51330155]
Keyframe: 38 Frame: 197 Frame from vFrameID : 198
Tcw:
[0.9935205, 0.05978753, -0.096656196, 0.17965326;
 -0.063437782, 0.99736691, -0.035141394, -0.14121465;
 0.094300672, 0.041045349, 0.99469727, 0.56152248;
 0, 0, 0, 1]
Twc:
[0.9935205, -0.063437782, 0.094300672, -0.24039949;
 0.05978753, 0.99736691, 0.041045349, 0.10705391;
 -0.096656196, -0.035141394, 0.99469727, -0.54614282;
 0, 0, 0, 1]
Ow:
[0.17965326;
 -0.14121465;
 0.56152248]
Keyframe: 39 Frame: 202 Frame from vFrameID : 203
Tcw:
[0.99811101, 0.018276626, -0.058655161, 0.18273179;
 -0.020277739, 0.99922609, -0.033704668, -0.14906922;
 0.057993758, 0.034830391, 0.99770916, 0.63440675;
 0, 0, 0, 1]
Twc:
[0.99811101, -0.020277739, 0.057993758, -0.22220102;
 0.018276626, 0.99922609, 0.034830391, 0.1235175;
 -0.058655161, -0.033704668, 0.99770916, -0.62725961;
 0, 0, 0, 1]
Ow:
[0.18273179;
 -0.14906922;
 0.63440675]
Keyframe: 40 Frame: 206 Frame from vFrameID : 207
Tcw:
[0.99950945, 0.02841698, -0.013165642, 0.18957204;
 -0.028975537, 0.99859446, -0.044379484, -0.16230662;
 0.011886005, 0.044739198, 0.99892801, 0.67433625;
 0, 0, 0, 1]
Twc:
[0.99950945, -0.028975537, 0.011886005, -0.20219712;
 0.02841698, 0.99859446, 0.044739198, 0.12652217;
 -0.013165642, -0.044379484, 0.99892801, -0.67832059;
 0, 0, 0, 1]
Ow:
[0.18957204;
 -0.16230662;
 0.67433625]
Keyframe: 41 Frame: 208 Frame from vFrameID : 209
Tcw:
[0.99991292, 0.012949072, -0.0025350484, 0.19994581;
 -0.013026574, 0.99935681, -0.033410236, -0.17052184;
 0.0021007864, 0.033440351, 0.99943852, 0.70697552;
 0, 0, 0, 1]
Twc:
[0.99991292, -0.013026574, 0.0021007864, -0.20363492;
 0.012949072, 0.99935681, 0.033440351, 0.14418155;
 -0.0025350484, -0.033410236, 0.99943852, -0.71176887;
 0, 0, 0, 1]
Ow:
[0.19994581;
 -0.17052184;
 0.70697552]
Keyframe: 42 Frame: 210 Frame from vFrameID : 211
Tcw:
[0.99994498, 0.0063805645, -0.0083244853, 0.20369577;
 -0.0066726771, 0.99934566, -0.035548192, -0.1715505;
 0.0080922209, 0.035601784, 0.99933326, 0.71693337;
 0, 0, 0, 1]
Twc:
[0.99994498, -0.0066726771, 0.0080922209, -0.21063086;
 0.0063805645, 0.99934566, 0.035601784, 0.14461444;
 -0.0083244853, -0.035548192, 0.99933326, -0.7208581;
 0, 0, 0, 1]
Ow:
[0.20369577;
 -0.1715505;
 0.71693337]
Keyframe: 43 Frame: 213 Frame from vFrameID : 214
Tcw:
[0.99948132, 0.022060756, -0.023460759, 0.22193231;
 -0.022826001, 0.99919903, -0.03286659, -0.18163541;
 0.022716906, 0.033385061, 0.99918437, 0.76953238;
 0, 0, 0, 1]
Twc:
[0.99948132, -0.022826001, 0.022716906, -0.24344461;
 0.022060756, 0.99919903, 0.033385061, 0.15090305;
 -0.023460759, -0.03286659, 0.99918437, -0.76966774;
 0, 0, 0, 1]
Ow:
[0.22193231;
 -0.18163541;
 0.76953238]
Keyframe: 44 Frame: 215 Frame from vFrameID : 216
Tcw:
[0.99905205, 0.039789524, -0.017656706, 0.22396639;
 -0.040353712, 0.99864566, -0.032838628, -0.18524697;
 0.016326159, 0.033520013, 0.99930471, 0.78461194;
 0, 0, 0, 1]
Twc:
[0.99905205, -0.040353712, 0.016326159, -0.24403919;
 0.039789524, 0.99864566, 0.033520013, 0.14978437;
 -0.017656706, -0.032838628, 0.99930471, -0.7861951;
 0, 0, 0, 1]
Ow:
[0.22396639;
 -0.18524697;
 0.78461194]
Keyframe: 45 Frame: 218 Frame from vFrameID : 219
Tcw:
[0.99560374, 0.079470739, -0.049574561, 0.23241946;
 -0.082058243, 0.9952414, -0.052545704, -0.18968038;
 0.045162808, 0.056382697, 0.99738723, 0.84064806;
 0, 0, 0, 1]
Twc:
[0.99560374, -0.082058243, 0.045162808, -0.28492853;
 0.079470739, 0.9952414, 0.056382697, 0.12290923;
 -0.049574561, -0.052545704, 0.99738723, -0.83689642;
 0, 0, 0, 1]
Ow:
[0.23241946;
 -0.18968038;
 0.84064806]
Keyframe: 46 Frame: 221 Frame from vFrameID : 222
Tcw:
[0.98895729, 0.12443124, -0.080500573, 0.23481584;
 -0.12814873, 0.99083221, -0.042771678, -0.20154312;
 0.074440427, 0.052615412, 0.99583644, 0.88032317;
 0, 0, 0, 1]
Twc:
[0.98895729, -0.12814873, 0.074440427, -0.32358196;
 0.12443124, 0.99083221, 0.052615412, 0.12415843;
 -0.080500573, -0.042771678, 0.99583644, -0.86637545;
 0, 0, 0, 1]
Ow:
[0.23481584;
 -0.20154312;
 0.88032317]
Keyframe: 47 Frame: 224 Frame from vFrameID : 225
Tcw:
[0.98528218, 0.12151843, -0.12021756, 0.23825456;
 -0.12417248, 0.99215013, -0.014809858, -0.21131629;
 0.1174742, 0.029519603, 0.9926371, 0.91584611;
 0, 0, 0, 1]
Twc:
[0.98528218, -0.12417248, 0.1174742, -0.36857593;
 0.12151843, 0.99215013, 0.029519603, 0.15366974;
 -0.12021756, -0.014809858, 0.9926371, -0.88358998;
 0, 0, 0, 1]
Ow:
[0.23825456;
 -0.21131629;
 0.91584611]
Keyframe: 48 Frame: 227 Frame from vFrameID : 228
Tcw:
[0.97922778, 0.13888307, -0.14773102, 0.24189873;
 -0.13997735, 0.99015009, 0.0030148053, -0.21916801;
 0.14669459, 0.017726814, 0.98902297, 0.95813316;
 0, 0, 0, 1]
Twc:
[0.97922778, -0.13997735, 0.14669459, -0.40810549;
 0.13888307, 0.99015009, 0.017726814, 0.16642894;
 -0.14773102, 0.0030148053, 0.98902297, -0.91121906;
 0, 0, 0, 1]
Ow:
[0.24189873;
 -0.21916801;
 0.95813316]
Keyframe: 49 Frame: 230 Frame from vFrameID : 231
Tcw:
[0.97742158, 0.1292689, -0.16714248, 0.25273353;
 -0.13179742, 0.99126828, -0.0040772785, -0.23313972;
 0.16515598, 0.026014168, 0.9859243, 1.0088909;
 0, 0, 0, 1]
Twc:
[0.97742158, -0.13179742, 0.16515598, -0.44437879;
 0.1292689, 0.99126828, 0.026014168, 0.17218798;
 -0.16714248, -0.0040772785, 0.9859243, -0.95339811;
 0, 0, 0, 1]
Ow:
[0.25273353;
 -0.23313972;
 1.0088909]
Keyframe: 50 Frame: 233 Frame from vFrameID : 234
Tcw:
[0.98561949, 0.09160731, -0.14199397, 0.26632097;
 -0.096811555, 0.99484527, -0.030172091, -0.23988464;
 0.13849805, 0.043484859, 0.9894076, 1.0607499;
 0, 0, 0, 1]
Twc:
[0.98561949, -0.096811555, 0.13849805, -0.43262655;
 0.09160731, 0.99484527, 0.043484859, 0.16812462;
 -0.14199397, -0.030172091, 0.9894076, -1.0189358;
 0, 0, 0, 1]
Ow:
[0.26632097;
 -0.23988464;
 1.0607499]
Keyframe: 51 Frame: 236 Frame from vFrameID : 237
Tcw:
[0.98910648, 0.089683339, -0.11672756, 0.28699189;
 -0.093405992, 0.99526703, -0.026811143, -0.24846929;
 0.11377057, 0.037422128, 0.99280202, 1.1048774;
 0, 0, 0, 1]
Twc:
[0.98910648, -0.093405992, 0.11377057, -0.43277657;
 0.089683339, 0.99526703, 0.037422128, 0.18020804;
 -0.11672756, -0.026811143, 0.99280202, -1.0700864;
 0, 0, 0, 1]
Ow:
[0.28699189;
 -0.24846929;
 1.1048774]
Keyframe: 52 Frame: 239 Frame from vFrameID : 240
Tcw:
[0.99066681, 0.095657825, -0.097102508, 0.3014586;
 -0.095420979, 0.99541175, 0.0070906905, -0.26668859;
 0.097335257, 0.0022411051, 0.99524915, 1.1515508;
 0, 0, 0, 1]
Twc:
[0.99066681, -0.095420979, 0.097335257, -0.43617919;
 0.095657825, 0.99541175, 0.0022411051, 0.23404735;
 -0.097102508, 0.0070906905, 0.99524915, -1.1149166;
 0, 0, 0, 1]
Ow:
[0.3014586;
 -0.26668859;
 1.1515508]
Keyframe: 53 Frame: 242 Frame from vFrameID : 243
Tcw:
[0.99309671, 0.076729447, -0.08872129, 0.30927515;
 -0.077544987, 0.99697214, -0.0057771206, -0.27771097;
 0.088009372, 0.012617131, 0.99603975, 1.1986523;
 0, 0, 0, 1]
Twc:
[0.99309671, -0.077544987, 0.088009372, -0.43416786;
 0.076729447, 0.99697214, 0.012617131, 0.23801602;
 -0.08872129, -0.0057771206, 0.99603975, -1.1680703;
 0, 0, 0, 1]
Ow:
[0.30927515;
 -0.27771097;
 1.1986523]
Keyframe: 54 Frame: 245 Frame from vFrameID : 246
Tcw:
[0.99206734, 0.074390925, -0.10133308, 0.31767228;
 -0.075571507, 0.99710941, -0.0078565544, -0.2864393;
 0.10045572, 0.015452124, 0.99482155, 1.2453359;
 0, 0, 0, 1]
Twc:
[0.99206734, -0.075571507, 0.10045572, -0.46190006;
 0.074390925, 0.99710941, 0.015452124, 0.24273631;
 -0.10133308, -0.0078565544, 0.99482155, -1.2089467;
 0, 0, 0, 1]
Ow:
[0.31767228;
 -0.2864393;
 1.2453359]
Keyframe: 55 Frame: 248 Frame from vFrameID : 249
Tcw:
[0.98452491, 0.088160858, -0.15145418, 0.33761665;
 -0.089617766, 0.99597228, -0.0028071729, -0.30391252;
 0.15059668, 0.016336717, 0.9884603, 1.2945268;
 0, 0, 0, 1]
Twc:
[0.98452491, -0.089617766, 0.15059668, -0.55457944;
 0.088160858, 0.99597228, 0.016336717, 0.25177556;
 -0.15145418, -0.0028071729, 0.9884603, -1.229308;
 0, 0, 0, 1]
Ow:
[0.33761665;
 -0.30391252;
 1.2945268]
Keyframe: 56 Frame: 251 Frame from vFrameID : 252
Tcw:
[0.98120469, 0.10945927, -0.15892154, 0.34515548;
 -0.11529566, 0.9929378, -0.027953336, -0.31646746;
 0.15473945, 0.045750909, 0.98689544, 1.3305917;
 0, 0, 0, 1]
Twc:
[0.98120469, -0.11529566, 0.15473945, -0.58105046;
 0.10945927, 0.9929378, 0.045750909, 0.21557629;
 -0.15892154, -0.027953336, 0.98689544, -1.2671484;
 0, 0, 0, 1]
Ow:
[0.34515548;
 -0.31646746;
 1.3305917]
Keyframe: 57 Frame: 254 Frame from vFrameID : 255
Tcw:
[0.97817117, 0.10047267, -0.18189667, 0.35187942;
 -0.10327154, 0.99463534, -0.0059570814, -0.3271926;
 0.18032233, 0.024611793, 0.98329961, 1.3613425;
 0, 0, 0, 1]
Twc:
[0.97817117, -0.10327154, 0.18032233, -0.62346846;
 0.10047267, 0.99463534, 0.024611793, 0.256578;
 -0.18189667, -0.0059570814, 0.98329961, -1.276551;
 0, 0, 0, 1]
Ow:
[0.35187942;
 -0.3271926;
 1.3613425]
Keyframe: 58 Frame: 257 Frame from vFrameID : 258
Tcw:
[0.97696573, 0.10032485, -0.18834256, 0.35764146;
 -0.10007122, 0.99492079, 0.010879786, -0.34105954;
 0.18847743, 0.0082184914, 0.98204315, 1.3970122;
 0, 0, 0, 1]
Twc:
[0.97696573, -0.10007122, 0.18847743, -0.64683896;
 0.10032485, 0.99492079, 0.0082184914, 0.29196557;
 -0.18834256, 0.010879786, 0.98204315, -1.3008565;
 0, 0, 0, 1]
Ow:
[0.35764146;
 -0.34105954;
 1.3970122]
Keyframe: 59 Frame: 260 Frame from vFrameID : 261
Tcw:
[0.97718012, 0.097518831, -0.18870364, 0.37309736;
 -0.095012791, 0.9952262, 0.022303117, -0.35236666;
 0.18997778, -0.0038649018, 0.98178077, 1.4396987;
 0, 0, 0, 1]
Twc:
[0.97718012, -0.095012791, 0.18997778, -0.67157346;
 0.097518831, 0.9952262, -0.0038649018, 0.31986478;
 -0.18870364, 0.022303117, 0.98178077, -1.3352048;
 0, 0, 0, 1]
Ow:
[0.37309736;
 -0.35236666;
 1.4396987]
Keyframe: 60 Frame: 264 Frame from vFrameID : 265
Tcw:
[0.97981238, 0.092892289, -0.1770276, 0.39230078;
 -0.093144372, 0.99562865, 0.0069041378, -0.36468685;
 0.17689508, 0.0097243637, 0.9841817, 1.5031929;
 0, 0, 0, 1]
Twc:
[0.97981238, -0.093144372, 0.17689508, -0.68425709;
 0.092892289, 0.99562865, 0.0097243637, 0.31203336;
 -0.1770276, 0.0069041378, 0.9841817, -1.4074489;
 0, 0, 0, 1]
Ow:
[0.39230078;
 -0.36468685;
 1.5031929]
Keyframe: 61 Frame: 267 Frame from vFrameID : 268
Tcw:
[0.98608249, 0.093366578, -0.13756466, 0.40013695;
 -0.096186116, 0.99526519, -0.013978388, -0.38123161;
 0.13560821, 0.027015654, 0.99039418, 1.568875;
 0, 0, 0, 1]
Twc:
[0.98608249, -0.096186116, 0.13560821, -0.64398956;
 0.093366578, 0.99526519, 0.027015654, 0.29968297;
 -0.13756466, -0.013978388, 0.99039418, -1.5040889;
 0, 0, 0, 1]
Ow:
[0.40013695;
 -0.38123161;
 1.568875]
Keyframe: 62 Frame: 271 Frame from vFrameID : 272
Tcw:
[0.99262768, 0.070896223, -0.098305851, 0.4171626;
 -0.070651382, 0.99748319, 0.0059739305, -0.3996205;
 0.098481961, 0.0010155557, 0.99513835, 1.6262631;
 0, 0, 0, 1]
Twc:
[0.99262768, -0.070651382, 0.098481961, -0.60247844;
 0.070896223, 0.99748319, 0.0010155557, 0.36738792;
 -0.098305851, 0.0059739305, 0.99513835, -1.5749599;
 0, 0, 0, 1]
Ow:
[0.4171626;
 -0.3996205;
 1.6262631]
Keyframe: 63 Frame: 274 Frame from vFrameID : 275
Tcw:
[0.99513358, 0.063032195, -0.075737379, 0.43038651;
 -0.062405784, 0.99799442, 0.010611505, -0.40991399;
 0.076254353, -0.0058334139, 0.99707133, 1.6727256;
 0, 0, 0, 1]
Twc:
[0.99513358, -0.062405784, 0.076254353, -0.58142561;
 0.063032195, 0.99799442, -0.0058334139, 0.39172137;
 -0.075737379, 0.010611505, 0.99707133, -1.6308806;
 0, 0, 0, 1]
Ow:
[0.43038651;
 -0.40991399;
 1.6727256]
Keyframe: 64 Frame: 278 Frame from vFrameID : 279
Tcw:
[0.9958759, 0.046519041, -0.077892005, 0.44013041;
 -0.046429999, 0.99891716, 0.002954755, -0.41785729;
 0.077945113, 0.0006739563, 0.99695742, 1.7456548;
 0, 0, 0, 1]
Twc:
[0.9958759, -0.046429999, 0.077945113, -0.59378165;
 0.046519041, 0.99891716, 0.0006739563, 0.39575386;
 -0.077892005, 0.002954755, 0.99695742, -1.7048262;
 0, 0, 0, 1]
Ow:
[0.44013041;
 -0.41785729;
 1.7456548]
Keyframe: 65 Frame: 281 Frame from vFrameID : 282
Tcw:
[0.99293178, 0.043302275, -0.11050509, 0.45653033;
 -0.044802107, 0.99893391, -0.011124562, -0.43453857;
 0.10990557, 0.015996791, 0.99381328, 1.8163364;
 0, 0, 0, 1]
Twc:
[0.99293178, -0.044802107, 0.10990557, -0.6723972;
 0.043302275, 0.99893391, 0.015996791, 0.38525099;
 -0.11050509, -0.011124562, 0.99381328, -1.7594844;
 0, 0, 0, 1]
Ow:
[0.45653033;
 -0.43453857;
 1.8163364]
Keyframe: 66 Frame: 284 Frame from vFrameID : 285
Tcw:
[0.99152869, 0.073912486, -0.10680723, 0.47027105;
 -0.077260271, 0.99663031, -0.027548239, -0.44908127;
 0.10441116, 0.035566825, 0.99389803, 1.84421;
 0, 0, 0, 1]
Twc:
[0.99152869, -0.077260271, 0.10441116, -0.6935395;
 0.073912486, 0.99663031, 0.035566825, 0.3472164;
 -0.10680723, -0.027548239, 0.99389803, -1.7950999;
 0, 0, 0, 1]
Ow:
[0.47027105;
 -0.44908127;
 1.84421]
Keyframe: 67 Frame: 287 Frame from vFrameID : 288
Tcw:
[0.98977721, 0.061023701, -0.12890746, 0.48642564;
 -0.063001916, 0.99794918, -0.011320572, -0.46914384;
 0.12795228, 0.019326262, 0.99159199, 1.8928777;
 0, 0, 0, 1]
Twc:
[0.98977721, -0.063001916, 0.12795228, -0.75320804;
 0.061023701, 0.99794918, 0.019326262, 0.40191597;
 -0.12890746, -0.011320572, 0.99159199, -1.8195695;
 0, 0, 0, 1]
Ow:
[0.48642564;
 -0.46914384;
 1.8928777]
Keyframe: 68 Frame: 290 Frame from vFrameID : 291
Tcw:
[0.98932737, 0.064216673, -0.13079585, 0.49016979;
 -0.064250149, 0.99792594, 0.0039684023, -0.47887591;
 0.13077942, 0.0044776038, 0.99140137, 1.9356751;
 0, 0, 0, 1]
Twc:
[0.98932737, -0.064250149, 0.13077942, -0.76885265;
 0.064216673, 0.99792594, 0.0044776038, 0.43773842;
 -0.13079585, 0.0039684023, 0.99140137, -1.8530184;
 0, 0, 0, 1]
Ow:
[0.49016979;
 -0.47887591;
 1.9356751]
Keyframe: 69 Frame: 294 Frame from vFrameID : 295
Tcw:
[0.98996669, 0.056231841, -0.12963019, 0.49918154;
 -0.054896332, 0.99839592, 0.013855585, -0.48142964;
 0.13020138, -0.006600345, 0.99146563, 2.002882;
 0, 0, 0, 1]
Twc:
[0.98996669, -0.054896332, 0.13020138, -0.78137976;
 0.056231841, 0.99839592, -0.006600345, 0.4658072;
 -0.12963019, 0.013855585, 0.99146563, -1.914409;
 0, 0, 0, 1]
Ow:
[0.49918154;
 -0.48142964;
 2.002882]
Keyframe: 70 Frame: 297 Frame from vFrameID : 298
Tcw:
[0.99066103, 0.061438102, -0.12172128, 0.50684392;
 -0.062550224, 0.99802756, -0.0053330595, -0.48727506;
 0.12115353, 0.012896947, 0.99255002, 2.0555649;
 0, 0, 0, 1]
Twc:
[0.99066103, -0.062550224, 0.12115353, -0.78162867;
 0.061438102, 0.99802756, 0.012896947, 0.42866394;
 -0.12172128, -0.0053330595, 0.99255002, -1.9811559;
 0, 0, 0, 1]
Ow:
[0.50684392;
 -0.48727506;
 2.0555649]
Keyframe: 71 Frame: 300 Frame from vFrameID : 301
Tcw:
[0.99271959, 0.02667287, -0.11745795, 0.516397;
 -0.029783452, 0.9992485, -0.024807101, -0.49998242;
 0.116708, 0.028124798, 0.99276799, 2.1162231;
 0, 0, 0, 1]
Twc:
[0.99271959, -0.029783452, 0.116708, -0.77450877;
 0.02667287, 0.9992485, 0.028124798, 0.42631456;
 -0.11745795, -0.024807101, 0.99276799, -2.0526667;
 0, 0, 0, 1]
Ow:
[0.516397;
 -0.49998242;
 2.1162231]
Keyframe: 72 Frame: 303 Frame from vFrameID : 304
Tcw:
[0.99519688, 0.036974397, -0.090642355, 0.53430009;
 -0.036671206, 0.99931484, 0.0050085951, -0.5098592;
 0.090765439, -0.0016605738, 0.99587089, 2.1476839;
 0, 0, 0, 1]
Twc:
[0.99519688, -0.036671206, 0.090765439, -0.74536645;
 0.036974397, 0.99931484, -0.0016605738, 0.49332079;
 -0.090642355, 0.0050085951, 0.99587089, -2.0878322;
 0, 0, 0, 1]
Ow:
[0.53430009;
 -0.5098592;
 2.1476839]
Keyframe: 73 Frame: 306 Frame from vFrameID : 307
Tcw:
[0.99834466, 0.032752141, -0.047278427, 0.54284656;
 -0.031573076, 0.9991768, 0.025473906, -0.5269171;
 0.048073832, -0.023939012, 0.99855685, 2.2121677;
 0, 0, 0, 1]
Twc:
[0.99834466, -0.031573076, 0.048073832, -0.66493171;
 0.032752141, 0.9991768, -0.023939012, 0.56166101;
 -0.047278427, 0.025473906, 0.99855685, -2.1698878;
 0, 0, 0, 1]
Ow:
[0.54284656;
 -0.5269171;
 2.2121677]
Keyframe: 74 Frame: 309 Frame from vFrameID : 310
Tcw:
[0.99777275, 0.03167586, -0.058704488, 0.55684566;
 -0.031066688, 0.9994539, 0.011260968, -0.53325415;
 0.059029132, -0.0094121322, 0.99821186, 2.2610559;
 0, 0, 0, 1]
Twc:
[0.99777275, -0.031066688, 0.059029132, -0.70564002;
 0.03167586, 0.9994539, -0.0094121322, 0.53660572;
 -0.058704488, 0.011260968, 0.99821186, -2.2183187;
 0, 0, 0, 1]
Ow:
[0.55684566;
 -0.53325415;
 2.2610559]
Keyframe: 75 Frame: 312 Frame from vFrameID : 313
Tcw:
[0.99486208, 0.038820263, -0.093500756, 0.56529844;
 -0.039014421, 0.99923861, -0.0002488092, -0.53482091;
 0.093419902, 0.0038954087, 0.99561918, 2.3117754;
 0, 0, 0, 1]
Twc:
[0.99486208, -0.039014421, 0.093419902, -0.79922557;
 0.038820263, 0.99923861, 0.0038954087, 0.50346333;
 -0.093500756, -0.0002488092, 0.99561918, -2.2489252;
 0, 0, 0, 1]
Ow:
[0.56529844;
 -0.53482091;
 2.3117754]
Keyframe: 76 Frame: 315 Frame from vFrameID : 316
Tcw:
[0.99005681, 0.072529651, -0.12052795, 0.59015673;
 -0.071249455, 0.99734718, 0.014903037, -0.55277759;
 0.12128913, -0.0061673014, 0.99259806, 2.3622513;
 0, 0, 0, 1]
Twc:
[0.99005681, -0.071249455, 0.12128913, -0.91018921;
 0.072529651, 0.99734718, -0.0061673014, 0.52307606;
 -0.12052795, 0.014903037, 0.99259806, -2.2653978;
 0, 0, 0, 1]
Ow:
[0.59015673;
 -0.55277759;
 2.3622513]
Keyframe: 77 Frame: 318 Frame from vFrameID : 319
Tcw:
[0.98988366, 0.074182712, -0.12094336, 0.59261;
 -0.077191174, 0.99680805, -0.020376062, -0.56463397;
 0.11904576, 0.029505691, 0.99245024, 2.397985;
 0, 0, 0, 1]
Twc:
[0.98988366, -0.077191174, 0.11904576, -0.91566968;
 0.074182712, 0.99680805, 0.029505691, 0.44811612;
 -0.12094336, -0.020376062, 0.99245024, -2.3197136;
 0, 0, 0, 1]
Ow:
[0.59261;
 -0.56463397;
 2.397985]
Keyframe: 78 Frame: 321 Frame from vFrameID : 322
Tcw:
[0.98997033, 0.051438734, -0.13157816, 0.60429454;
 -0.051458567, 0.99866986, 0.0032517165, -0.57083106;
 0.1315704, 0.0035517209, 0.99130046, 2.4348183;
 0, 0, 0, 1]
Twc:
[0.98997033, -0.051458567, 0.1315704, -0.94795781;
 0.051438734, 0.99866986, 0.0035517209, 0.53033978;
 -0.13157816, 0.0032517165, 0.99130046, -2.3322682;
 0, 0, 0, 1]
Ow:
[0.60429454;
 -0.57083106;
 2.4348183]
Keyframe: 79 Frame: 324 Frame from vFrameID : 325
Tcw:
[0.99067938, 0.061311342, -0.12163597, 0.6176281;
 -0.056483239, 0.99748766, 0.042754833, -0.58022594;
 0.12395173, -0.035485938, 0.9916535, 2.4963124;
 0, 0, 0, 1]
Twc:
[0.99067938, -0.056483239, 0.12395173, -0.95406663;
 0.061311342, 0.99748766, -0.035485938, 0.62948459;
 -0.12163597, 0.042754833, 0.9916535, -2.3755436;
 0, 0, 0, 1]
Ow:
[0.6176281;
 -0.58022594;
 2.4963124]
Keyframe: 80 Frame: 327 Frame from vFrameID : 328
Tcw:
[0.99224102, 0.042393722, -0.11687804, 0.61101741;
 -0.039457068, 0.99884754, 0.027327111, -0.57829571;
 0.11790184, -0.022503417, 0.99277025, 2.5298383;
 0, 0, 0, 1]
Twc:
[0.99224102, -0.039457068, 0.11790184, -0.92736703;
 0.042393722, 0.99884754, -0.022503417, 0.60865593;
 -0.11687804, 0.027327111, 0.99277025, -2.4243305;
 0, 0, 0, 1]
Ow:
[0.61101741;
 -0.57829571;
 2.5298383]
Keyframe: 81 Frame: 331 Frame from vFrameID : 332
Tcw:
[0.99367738, 0.03270461, -0.10740444, 0.6157254;
 -0.030386129, 0.99927002, 0.023152953, -0.59647036;
 0.10808325, -0.01974296, 0.99394578, 2.5898252;
 0, 0, 0, 1]
Twc:
[0.99367738, -0.030386129, 0.10808325, -0.90987349;
 0.03270461, 0.99927002, -0.01974296, 0.6270287;
 -0.10740444, 0.023152953, 0.99394578, -2.494204;
 0, 0, 0, 1]
Ow:
[0.6157254;
 -0.59647036;
 2.5898252]
Keyframe: 82 Frame: 335 Frame from vFrameID : 336
Tcw:
[0.99531716, 0.016720224, -0.09520606, 0.62888157;
 -0.013196408, 0.99920863, 0.037522625, -0.62008464;
 0.09575811, -0.036090534, 0.99475014, 2.6560001;
 0, 0, 0, 1]
Twc:
[0.99531716, -0.013196408, 0.09575811, -0.88845307;
 0.016720224, 0.99920863, -0.036090534, 0.70493531;
 -0.09520606, 0.037522625, 0.99475014, -2.5589161;
 0, 0, 0, 1]
Ow:
[0.62888157;
 -0.62008464;
 2.6560001]
Keyframe: 83 Frame: 338 Frame from vFrameID : 339
Tcw:
[0.99569649, 0.012000027, -0.091893867, 0.62408662;
 -0.00883123, 0.99935484, 0.034812558, -0.63084084;
 0.092252329, -0.033851206, 0.9951601, 2.6994689;
 0, 0, 0, 1]
Twc:
[0.99569649, -0.00883123, 0.092252329, -0.87600422;
 0.012000027, 0.99935484, -0.033851206, 0.71432507;
 -0.091893867, 0.034812558, 0.9951601, -2.6070926;
 0, 0, 0, 1]
Ow:
[0.62408662;
 -0.63084084;
 2.6994689]
Keyframe: 84 Frame: 342 Frame from vFrameID : 343
Tcw:
[0.99136353, 0.026329396, -0.12847213, 0.64248377;
 -0.024250682, 0.99954891, 0.017718058, -0.64137661;
 0.12888069, -0.0144495, 0.99155486, 2.762157;
 0, 0, 0, 1]
Twc:
[0.99136353, -0.024250682, 0.12888069, -1.0084774;
 0.026329396, 0.99954891, -0.0144495, 0.66408288;
 -0.12847213, 0.017718058, 0.99155486, -2.6449246;
 0, 0, 0, 1]
Ow:
[0.64248377;
 -0.64137661;
 2.762157]
Keyframe: 85 Frame: 345 Frame from vFrameID : 346
Tcw:
[0.98425704, 0.033754479, -0.17348965, 0.65584821;
 -0.034940023, 0.99938226, -0.0037831645, -0.65292901;
 0.17325477, 0.0097853383, 0.98482841, 2.8046784;
 0, 0, 0, 1]
Twc:
[0.98425704, -0.034940023, 0.17325477, -1.1542605;
 0.033754479, 0.99938226, 0.0097853383, 0.60294312;
 -0.17348965, -0.0037831645, 0.98482841, -2.6508145;
 0, 0, 0, 1]
Ow:
[0.65584821;
 -0.65292901;
 2.8046784]
Keyframe: 86 Frame: 349 Frame from vFrameID : 350
Tcw:
[0.98294878, 0.051284358, -0.17658301, 0.67203808;
 -0.049779553, 0.99867636, 0.012944193, -0.67228657;
 0.1770131, -0.003933256, 0.98420066, 2.8539717;
 0, 0, 0, 1]
Twc:
[0.98294878, -0.049779553, 0.1770131, -1.1992356;
 0.051284358, 0.99867636, -0.003933256, 0.64815706;
 -0.17658301, 0.012944193, 0.98420066, -2.6815081;
 0, 0, 0, 1]
Ow:
[0.67203808;
 -0.67228657;
 2.8539717]
Keyframe: 87 Frame: 353 Frame from vFrameID : 354
Tcw:
[0.9837923, 0.055487413, -0.17051069, 0.68391168;
 -0.051772397, 0.99831617, 0.026160799, -0.68217164;
 0.17167519, -0.016909044, 0.98500848, 2.9023695;
 0, 0, 0, 1]
Twc:
[0.9837923, -0.051772397, 0.17167519, -1.2064095;
 0.055487413, 0.99831617, -0.016909044, 0.69215083;
 -0.17051069, 0.026160799, 0.98500848, -2.7243981;
 0, 0, 0, 1]
Ow:
[0.68391168;
 -0.68217164;
 2.9023695]
Keyframe: 88 Frame: 357 Frame from vFrameID : 358
Tcw:
[0.98337364, 0.05989752, -0.17143109, 0.69053221;
 -0.054034367, 0.99779004, 0.038669631, -0.68820912;
 0.17336845, -0.028763523, 0.98443693, 2.9615176;
 0, 0, 0, 1]
Twc:
[0.98337364, -0.054034367, 0.17336845, -1.2296718;
 0.05989752, 0.99779004, -0.028763523, 0.73051071;
 -0.17143109, 0.038669631, 0.98443693, -2.7704358;
 0, 0, 0, 1]
Ow:
[0.69053221;
 -0.68820912;
 2.9615176]
Keyframe: 89 Frame: 361 Frame from vFrameID : 362
Tcw:
[0.98466665, 0.045715351, -0.16834997, 0.69420099;
 -0.04395628, 0.99893308, 0.014162708, -0.69129926;
 0.1688178, -0.0065455083, 0.98562557, 3.0151634;
 0, 0, 0, 1]
Twc:
[0.98466665, -0.04395628, 0.1688178, -1.2229567;
 0.045715351, 0.99893308, -0.0065455083, 0.67856175;
 -0.16834997, 0.014162708, 0.98562557, -2.8451626;
 0, 0, 0, 1]
Ow:
[0.69420099;
 -0.69129926;
 3.0151634]
Keyframe: 90 Frame: 365 Frame from vFrameID : 366
Tcw:
[0.98723722, 0.050720491, -0.15096389, 0.70598769;
 -0.043206207, 0.99767804, 0.052647952, -0.70935577;
 0.15328369, -0.04545344, 0.9871363, 3.0636678;
 0, 0, 0, 1]
Twc:
[0.98723722, -0.043206207, 0.15328369, -1.1972362;
 0.050720491, 0.99767804, -0.04545344, 0.81115484;
