Keyframe: 0 Frame: 0 Frame from vFrameID : 100
Tcw:
[0.95165908, -0.12640095, -0.27994251, 0.92454588;
 -0.24720837, 0.22572976, -0.94230253, -1.916923;
 0.1822993, 0.9659549, 0.1835704, 2.8384469;
 0, 0, 0, 1]
Twc:
[0.95165908, -0.24720837, 0.1822993, -1.8711787;
 -0.12640095, 0.22572976, 0.9659549, -2.1922417;
 -0.27994251, -0.94230253, 0.1835704, -2.0685568;
 0, 0, 0, 1]
Ow:
[0.92454588;
 -1.916923;
 2.8384469]
Keyframe: 1 Frame: 399 Frame from vFrameID : 100
Tcw:
[0.95474374, -0.1328457, -0.26611361, 0.0080012521;
 -0.23209473, 0.22675851, -0.94589251, -0.021076906;
 0.18600127, 0.96484846, 0.18566348, 0.028755369;
 0, 0, 0, 1]
Twc:
[0.95474374, -0.23209473, 0.18600127, -0.017879518;
 -0.1328457, 0.22675851, 0.96484846, -0.021902274;
 -0.26611361, -0.94589251, 0.18566348, -0.023146067;
 0, 0, 0, 1]
Ow:
[0.0080012521;
 -0.021076906;
 0.028755369]
