Keyframe: 0 Frame: 0 Frame from vFrameID : 100
Tcw:
[0.94610512, -0.14825073, -0.28793541, 1.2130358;
 -0.22714661, 0.32996815, -0.91625619, -2.8369455;
 0.23084517, 0.93227828, 0.27850991, 5.1508808;
 0, 0, 0, 1]
Twc:
[0.94610512, -0.22714661, 0.23084517, -2.981118;
 -0.14825073, 0.32996815, 0.93227828, -3.6861191;
 -0.28793541, -0.91625619, 0.27850991, -3.6846642;
 0, 0, 0, 1]
Ow:
[1.2130358;
 -2.8369455;
 5.1508808]
Keyframe: 1 Frame: 507 Frame from vFrameID : 100
Tcw:
[0.93817532, 0.10697418, -0.32921672, -0.007836598;
 -0.34575647, 0.33552593, -0.87628466, 0.018400768;
 0.016720915, 0.9359374, 0.35176915, -0.033428483;
 0, 0, 0, 1]
Twc:
[0.93817532, -0.34575647, 0.016720915, 0.014273241;
 0.10697418, 0.33552593, 0.9359374, 0.025951348;
 -0.32921672, -0.87628466, 0.35176915, 0.025303481;
 0, 0, 0, 1]
Ow:
[-0.007836598;
 0.018400768;
 -0.033428483]
