Keyframe: 0 Frame: 0 Frame from vFrameID : 100
Tcw:
[0.94238669, -0.16210829, -0.29262295, 1.1550196;
 -0.23941974, 0.28408533, -0.92842537, -2.5423675;
 0.23363535, 0.94499546, 0.22890632, 4.3117256;
 0, 0, 0, 1]
Twc:
[0.94238669, -0.23941974, 0.23363535, -2.7045398;
 -0.16210829, 0.28408533, 0.94499546, -3.1650734;
 -0.29262295, -0.92842537, 0.22890632, -3.0093946;
 0, 0, 0, 1]
Ow:
[1.1550196;
 -2.5423675;
 4.3117256]
Keyframe: 1 Frame: 467 Frame from vFrameID : 100
Tcw:
[0.94225198, -0.16528814, -0.29127494, 0.018321143;
 -0.23960987, 0.27492562, -0.93112999, -0.025291596;
 0.23398368, 0.94715136, 0.21944454, 0.043385327;
 0, 0, 0, 1]
Twc:
[0.94225198, -0.23960987, 0.23398368, -0.033474706;
 -0.16528814, 0.27492562, 0.94715136, -0.031110898;
 -0.29127494, -0.93112999, 0.21944454, -0.027733944;
 0, 0, 0, 1]
Ow:
[0.018321143;
 -0.025291596;
 0.043385327]
