Keyframe: 0 Frame: 0 Frame from vFrameID : 100
Tcw:
[0.9502424, -0.14127362, -0.27763498, 1.1597565;
 -0.22502707, 0.30500263, -0.92538434, -2.6422672;
 0.2154118, 0.94181484, 0.25803602, 4.5277863;
 0, 0, 0, 1]
Twc:
[0.9502424, -0.22502707, 0.2154118, -2.6719699;
 -0.14127362, 0.30500263, 0.94181484, -3.2945948;
 -0.27763498, -0.92538434, 0.25803602, -3.2914557;
 0, 0, 0, 1]
Ow:
[1.1597565;
 -2.6422672;
 4.5277863]
Keyframe: 1 Frame: 478 Frame from vFrameID : 100
Tcw:
[0.9470638, -0.14546128, -0.28620127, -0.010128798;
 -0.23231381, 0.30478695, -0.92365319, 0.023501733;
 0.22158618, 0.94124699, 0.25486001, -0.039668892;
 0, 0, 0, 1]
Twc:
[0.9470638, -0.23231381, 0.22158618, 0.023842474;
 -0.14546128, 0.30478695, 0.94124699, 0.028701859;
 -0.28620127, -0.92365319, 0.25486001, 0.02891859;
 0, 0, 0, 1]
Ow:
[-0.010128798;
 0.023501733;
 -0.039668892]
