Keyframe: 0 Frame: 0 Frame from vFrameID : 100
Tcw:
[0.94399226, -0.15198116, -0.29288274, 1.2660502;
 -0.22166319, 0.36541915, -0.90406543, -3.0635953;
 0.24442588, 0.91835207, 0.31126425, 5.9191971;
 0, 0, 0, 1]
Twc:
[0.94399226, -0.22166319, 0.24442588, -3.3210328;
 -0.15198116, 0.36541915, 0.91835207, -4.1239948;
 -0.29288274, -0.90406543, 0.31126425, -4.2413206;
 0, 0, 0, 1]
Ow:
[1.2660502;
 -3.0635953;
 5.9191971]
Keyframe: 1 Frame: 544 Frame from vFrameID : 100
Tcw:
[0.94365078, -0.16154137, -0.28883842, 0.010528423;
 -0.21541545, 0.36274412, -0.90664929, -0.028082062;
 0.25123578, 0.91778052, 0.30750525, 0.054575391;
 0, 0, 0, 1]
Twc:
[0.94365078, -0.21541545, 0.25123578, -0.029695757;
 -0.16154137, 0.36274412, 0.91778052, -0.038200855;
 -0.28883842, -0.90664929, 0.30750525, -0.039201789;
 0, 0, 0, 1]
Ow:
[0.010528423;
 -0.028082062;
 0.054575391]
