Keyframe: 0 Frame: 0 Frame from vFrameID : 100
Tcw:
[0.9416635, -0.16180915, -0.29510617, 1.1618316;
 -0.24463205, 0.27311662, -0.93035609, -2.5759358;
 0.23113853, 0.94827479, 0.21760024, 4.3741007;
 0, 0, 0, 1]
Twc:
[0.9416635, -0.24463205, 0.23113853, -2.735234;
 -0.16180915, 0.27311662, 0.94827479, -3.2563238;
 -0.29510617, -0.93035609, 0.21760024, -3.0054793;
 0, 0, 0, 1]
Ow:
[1.1618316;
 -2.5759358;
 4.3741007]
Keyframe: 1 Frame: 471 Frame from vFrameID : 100
Tcw:
[0.95354652, -0.13374326, -0.26992926, -0.025361851;
 -0.22899869, 0.26036492, -0.93796039, 0.073878497;
 0.19572599, 0.95620233, 0.21764302, 0.14233756;
 0, 0, 0, 1]
Twc:
[0.95354652, -0.22899869, 0.19572599, 0.013242622;
 -0.13374326, 0.26036492, 0.95620233, -0.15873085;
 -0.26992926, -0.93796039, 0.21764302, 0.031470422;
 0, 0, 0, 1]
Ow:
[-0.025361851;
 0.073878497;
 0.14233756]
