Keyframe: 0 Frame: 0 Frame from vFrameID : 100
Tcw:
[0.96960425, -0.14665595, -0.19585602, 0.45169145;
 -0.19225395, 0.03848628, -0.98059022, -0.70430309;
 0.15134716, 0.98843861, 0.0091212736, 0.935404;
 0, 0, 0, 1]
Twc:
[0.96960425, -0.19225395, 0.15134716, -0.71493775;
 -0.14665595, 0.03848628, 0.98843861, -0.83124012;
 -0.19585602, -0.98059022, 0.0091212736, -0.61069834;
 0, 0, 0, 1]
Ow:
[0.45169145;
 -0.70430309;
 0.935404]
Keyframe: 1 Frame: 299 Frame from vFrameID : 100
Tcw:
[0.3798748, -0.9220255, -0.074593186, -0.015383421;
 0.14863695, 0.14043047, -0.97886992, 0.014422084;
 0.91301817, 0.36076072, 0.19039305, -0.035754688;
 0, 0, 0, 1]
Twc:
[0.3798748, 0.14863695, 0.91301817, 0.0363448;
 -0.9220255, 0.14043047, 0.36076072, -0.0033103202;
 -0.074593186, -0.97886992, 0.19039305, 0.019777291;
 0, 0, 0, 1]
Ow:
[-0.015383421;
 0.014422084;
 -0.035754688]
