Keyframe: 0 Frame: 0 Frame from vFrameID : 100
Tcw:
[0.98007441, -0.075901262, -0.18355696, 0.37853539;
 -0.1822287, 0.024129583, -0.98296005, -0.56826234;
 0.079037063, 0.99682331, 0.0098173972, 0.73257995;
 0, 0, 0, 1]
Twc:
[0.98007441, -0.1822287, 0.079037063, -0.53244752;
 -0.075901262, 0.024129583, 0.99682331, -0.68780953;
 -0.18355696, -0.98296005, 0.0098173972, -0.49628842;
 0, 0, 0, 1]
Ow:
[0.37853539;
 -0.56826234;
 0.73257995]
Keyframe: 1 Frame: 287 Frame from vFrameID : 100
Tcw:
[0.96227729, -0.10055132, -0.25280797, -0.0096371537;
 -0.25293735, 0.011672345, -0.96741223, 0.040624935;
 0.10022544, 0.99486339, -0.014201152, -0.010272026;
 0, 0, 0, 1]
Twc:
[0.96227729, -0.25293735, 0.10022544, 0.020578695;
 -0.10055132, 0.011672345, 0.99486339, 0.0087760454;
 -0.25280797, -0.96741223, -0.014201152, 0.036718838;
 0, 0, 0, 1]
Ow:
[-0.0096371537;
 0.040624935;
 -0.010272026]
