Keyframe: 0 Frame: 0 Frame from vFrameID : 100
Tcw:
[0.97409993, -0.083072133, -0.21030526, 0.64040017;
 -0.20080781, 0.10975426, -0.973463, -1.1971231;
 0.10394955, 0.9904812, 0.090230085, 1.6542951;
 0, 0, 0, 1]
Twc:
[0.97409993, -0.20080781, 0.10394955, -1.0361687;
 -0.083072133, 0.10975426, 0.9904812, -1.4539595;
 -0.21030526, -0.973463, 0.090230085, -1.1799426;
 0, 0, 0, 1]
Ow:
[0.64040017;
 -1.1971231;
 1.6542951]
Keyframe: 1 Frame: 341 Frame from vFrameID : 100
Tcw:
[0.90788317, -0.37339279, -0.1905937, -0.021848701;
 -0.068442091, 0.31651902, -0.94611382, -0.76361811;
 0.41359863, 0.87200546, 0.26180652, -0.13882488;
 0, 0, 0, 1]
Twc:
[0.90788317, -0.068442091, 0.41359863, 0.02499024;
 -0.37339279, 0.31651902, 0.87200546, 0.35459757;
 -0.1905937, -0.94611382, 0.26180652, -0.6902886;
 0, 0, 0, 1]
Ow:
[-0.021848701;
 -0.76361811;
 -0.13882488]
