Keyframe: 0 Frame: 0 Frame from vFrameID : 100
Tcw:
[0.96488327, -0.12371444, -0.23172186, 0.77213001;
 -0.21181703, 0.15526816, -0.96489656, -1.5104365;
 0.15535066, 0.98009515, 0.12361083, 2.139698;
 0, 0, 0, 1]
Twc:
[0.96488327, -0.21181703, 0.15535066, -1.3973551;
 -0.12371444, 0.15526816, 0.98009515, -1.7670614;
 -0.23172186, -0.96489656, 0.12361083, -1.5429853;
 0, 0, 0, 1]
Ow:
[0.77213001;
 -1.5104365;
 2.139698]
Keyframe: 1 Frame: 363 Frame from vFrameID : 100
Tcw:
[0.96379876, -0.1181924, -0.23900315, -0.0081748702;
 -0.21895178, 0.16070236, -0.96241099, 0.014888071;
 0.15215802, 0.97990066, 0.1290063, -0.024050618;
 0, 0, 0, 1]
Twc:
[0.96379876, -0.21895178, 0.15215802, 0.014798192;
 -0.1181924, 0.16070236, 0.97990066, 0.020208459;
 -0.23900315, -0.96241099, 0.1290063, 0.015477303;
 0, 0, 0, 1]
Ow:
[-0.0081748702;
 0.014888071;
 -0.024050618]
