Keyframe: 0 Frame: 0 Frame from vFrameID : 100
Tcw:
[0.96755636, -0.14424597, -0.20743142, 0.44181883;
 -0.20068853, 0.059984297, -0.97781694, -0.68463814;
 0.15348879, 0.9877221, 0.029089676, 0.88409525;
 0, 0, 0, 1]
Twc:
[0.96755636, -0.20068853, 0.15348879, -0.70058239;
 -0.14424597, 0.059984297, 0.9877221, -0.76844233;
 -0.20743142, -0.97781694, 0.029089676, -0.60352176;
 0, 0, 0, 1]
Ow:
[0.44181883;
 -0.68463814;
 0.88409525]
Keyframe: 1 Frame: 296 Frame from vFrameID : 100
Tcw:
[0.96810609, -0.15043859, -0.20034684, -0.0030579916;
 -0.19415323, 0.05493997, -0.97943151, 0.0042235171;
 0.15835135, 0.9870916, 0.02397958, -0.0072819353;
 0, 0, 0, 1]
Twc:
[0.96810609, -0.19415323, 0.15835135, 0.0049335742;
 -0.15043859, 0.05493997, 0.9870916, 0.0064958576;
 -0.20034684, -0.97943151, 0.02397958, 0.0036986046;
 0, 0, 0, 1]
Ow:
[-0.0030579916;
 0.0042235171;
 -0.0072819353]
