Keyframe: 0 Frame: 0 Frame from vFrameID : 100
Tcw:
[0.93381244, -0.18786007, -0.30447152, 1.2845478;
 -0.21607171, 0.38215554, -0.89848214, -3.0882206;
 0.28514439, 0.90480149, 0.31627035, 6.0170298;
 0, 0, 0, 1]
Twc:
[0.93381244, -0.21607171, 0.28514439, -3.5825262;
 -0.18786007, 0.38215554, 0.90480149, -4.0227218;
 -0.30447152, -0.89848214, 0.31627035, -4.2866111;
 0, 0, 0, 1]
Ow:
[1.2845478;
 -3.0882206;
 6.0170298]
Keyframe: 1 Frame: 549 Frame from vFrameID : 100
Tcw:
[0.92757905, -0.18087293, -0.3269282, 0.041563116;
 -0.24316542, 0.37208742, -0.89577985, -0.10177875;
 0.28366819, 0.91040426, 0.30115846, 0.20449474;
 0, 0, 0, 1]
Twc:
[0.92757905, -0.24316542, 0.28366819, -0.1213108;
 -0.18087293, 0.37208742, 0.91040426, -0.14078465;
 -0.3269282, -0.89577985, 0.30115846, -0.13916852;
 0, 0, 0, 1]
Ow:
[0.041563116;
 -0.10177875;
 0.20449474]
