Keyframe: 0 Frame: 0 Frame from vFrameID : 100
Tcw:
[0.93979228, -0.1638713, -0.29989445, 1.1483343;
 -0.24198456, 0.30056256, -0.92255384, -2.5189471;
 0.24131714, 0.93957883, 0.24281205, 4.2181029;
 0, 0, 0, 1]
Twc:
[0.93979228, -0.24198456, 0.24131714, -2.7066426;
 -0.1638713, 0.30056256, 0.93957883, -3.0179601;
 -0.29989445, -0.92255384, 0.24281205, -3.0036914;
 0, 0, 0, 1]
Ow:
[1.1483343;
 -2.5189471;
 4.2181029]
Keyframe: 1 Frame: 464 Frame from vFrameID : 100
Tcw:
[0.94234484, -0.16514802, -0.29105374, 0.018094501;
 -0.23365875, 0.29791024, -0.92555553, -0.043728173;
 0.23956156, 0.94019979, 0.24214591, 0.079641461;
 0, 0, 0, 1]
Twc:
[0.94234484, -0.23365875, 0.23956156, -0.046347763;
 -0.16514802, 0.29791024, 0.94019979, -0.058863543;
 -0.29105374, -0.92555553, 0.24214591, -0.054491237;
 0, 0, 0, 1]
Ow:
[0.018094501;
 -0.043728173;
 0.079641461]
