Keyframe: 0 Frame: 0 Frame from vFrameID : 100
Tcw:
[0.97225052, -0.1093505, -0.20681255, 0.78637224;
 -0.18695788, 0.16822211, -0.96785748, -1.650527;
 0.14062615, 0.97966516, 0.1431101, 2.4171753;
 0, 0, 0, 1]
Twc:
[0.97225052, -0.18695788, 0.14062615, -1.4130479;
 -0.1093505, 0.16822211, 0.97966516, -2.0043769;
 -0.20681255, -0.96785748, 0.1431101, -1.7807654;
 0, 0, 0, 1]
Ow:
[0.78637224;
 -1.650527;
 2.4171753]
Keyframe: 1 Frame: 377 Frame from vFrameID : 100
Tcw:
[0.97510719, -0.10981375, -0.19263148, 0.0061311969;
 -0.17281248, 0.16795526, -0.9705292, -0.0095340777;
 0.13893092, 0.97965908, 0.14479721, 0.017302934;
 0, 0, 0, 1]
Twc:
[0.97510719, -0.17281248, 0.13893092, -0.010030095;
 -0.10981375, 0.16795526, 0.97965908, -0.014676389;
 -0.19263148, -0.9705292, 0.14479721, -0.010577455;
 0, 0, 0, 1]
Ow:
[0.0061311969;
 -0.0095340777;
 0.017302934]
