Keyframe: 0 Frame: 0 Frame from vFrameID : 100
Tcw:
[0.94440585, -0.14141706, -0.29681435, 1.2593178;
 -0.22791669, 0.36906135, -0.90102595, -3.0507901;
 0.23696314, 0.9185831, 0.3163124, 5.8530483;
 0, 0, 0, 1]
Twc:
[0.94440585, -0.22791669, 0.23696314, -3.2715898;
 -0.14141706, 0.36906135, 0.9185831, -4.0724936;
 -0.29681435, -0.90102595, 0.3163124, -4.226449;
 0, 0, 0, 1]
Ow:
[1.2593178;
 -3.0507901;
 5.8530483]
Keyframe: 1 Frame: 541 Frame from vFrameID : 100
Tcw:
[0.94527584, -0.14066668, -0.29439163, -0.016380401;
 -0.22579665, 0.36927888, -0.90147048, 0.033348117;
 0.23551945, 0.91861093, 0.31730834, -0.066995069;
 0, 0, 0, 1]
Twc:
[0.94527584, -0.22579665, 0.23551945, 0.038792536;
 -0.14066668, 0.36927888, 0.91861093, 0.04692347;
 -0.29439163, -0.90147048, 0.31730834, 0.046498183;
 0, 0, 0, 1]
Ow:
[-0.016380401;
 0.033348117;
 -0.066995069]
