Keyframe: 0 Frame: 0 Frame from vFrameID : 100
Tcw:
[0.95404381, -0.14194612, -0.26391605, 1.0965273;
 -0.21952601, 0.26843241, -0.93795115, -2.3988204;
 0.20398214, 0.95278293, 0.22493541, 3.9285762;
 0, 0, 0, 1]
Twc:
[0.95404381, -0.21952601, 0.20398214, -2.3740978;
 -0.14194612, 0.26843241, 0.95278293, -2.9435115;
 -0.26391605, -0.93795115, 0.22493541, -2.8442612;
 0, 0, 0, 1]
Ow:
[1.0965273;
 -2.3988204;
 3.9285762]
Keyframe: 1 Frame: 449 Frame from vFrameID : 100
Tcw:
[0.95172203, -0.14651518, -0.26973775, 0.012462022;
 -0.22315422, 0.27315176, -0.9357298, -0.022753654;
 0.21077797, 0.95074785, 0.22726905, 0.037543468;
 0, 0, 0, 1]
Twc:
[0.95172203, -0.22315422, 0.21077797, -0.024851292;
 -0.14651518, 0.27315176, 0.95074785, -0.027653296;
 -0.26973775, -0.9357298, 0.22726905, -0.026462264;
 0, 0, 0, 1]
Ow:
[0.012462022;
 -0.022753654;
 0.037543468]
