Keyframe: 0 Frame: 0 Frame from vFrameID : 100
Tcw:
[0.90807045, -0.20237274, -0.36667877, 1.3416519;
 -0.24901494, 0.44306633, -0.86121064, -3.4220095;
 0.3367486, 0.87334841, 0.35194162, 7.5863986;
 0, 0, 0, 1]
Twc:
[0.90807045, -0.24901494, 0.3367486, -4.625155;
 -0.20237274, 0.44306633, 0.87334841, -4.8378782;
 -0.36667877, -0.86121064, 0.35194162, -5.1250849;
 0, 0, 0, 1]
Ow:
[1.3416519;
 -3.4220095;
 7.5863986]
Keyframe: 1 Frame: 625 Frame from vFrameID : 100
Tcw:
[0.9188894, -0.20072974, -0.33963197, 0.014645148;
 -0.22811715, 0.43204135, -0.87252671, -0.0410982;
 0.32187712, 0.87923139, 0.3512083, 0.088770755;
 0, 0, 0, 1]
Twc:
[0.9188894, -0.22811715, 0.32187712, -0.051405746;
 -0.20072974, 0.43204135, 0.87923139, -0.057354197;
 -0.33963197, -0.87252671, 0.3512083, -0.062062342;
 0, 0, 0, 1]
Ow:
[0.014645148;
 -0.0410982;
 0.088770755]
