Keyframe: 0 Frame: 0 Frame from vFrameID : 100
Tcw:
[0.94985175, -0.14377551, -0.27768725, 1.0095483;
 -0.24375437, 0.21581191, -0.94552052, -2.1648772;
 0.19587091, 0.96579182, 0.16994342, 3.3212829;
 0, 0, 0, 1]
Twc:
[0.94985175, -0.24375437, 0.19587091, -2.1371622;
 -0.14377551, 0.21581191, 0.96579182, -2.5953131;
 -0.27768725, -0.94552052, 0.16994342, -2.3310273;
 0, 0, 0, 1]
Ow:
[1.0095483;
 -2.1648772;
 3.3212829]
Keyframe: 1 Frame: 421 Frame from vFrameID : 100
Tcw:
[0.94657785, -0.15742658, -0.28143778, 0.0096893711;
 -0.24498267, 0.21647079, -0.94505233, -0.017994389;
 0.20969942, 0.96351296, 0.16633967, 0.027688809;
 0, 0, 0, 1]
Twc:
[0.94657785, -0.24498267, 0.20969942, -0.019386385;
 -0.15742658, 0.21647079, 0.96351296, -0.021257902;
 -0.28143778, -0.94505233, 0.16633967, -0.018884432;
 0, 0, 0, 1]
Ow:
[0.0096893711;
 -0.017994389;
 0.027688809]
