Keyframe: 0 Frame: 0 Frame from vFrameID : 100
Tcw:
[0.88901389, -0.23818845, -0.39105064, 1.3692908;
 -0.24305768, 0.4782933, -0.84389484, -3.493504;
 0.3880429, 0.84528208, 0.36731586, 8.1064463;
 0, 0, 0, 1]
Twc:
[0.88901389, -0.24305768, 0.3880429, -5.2120905;
 -0.23818845, 0.4782933, 0.84528208, -4.855165;
 -0.39105064, -0.84389484, 0.36731586, -5.3903141;
 0, 0, 0, 1]
Ow:
[1.3692908;
 -3.493504;
 8.1064463]
Keyframe: 1 Frame: 650 Frame from vFrameID : 100
Tcw:
[0.89210361, -0.23779117, -0.38419589, 0.037855551;
 -0.23780783, 0.47589895, -0.84673941, -0.10616235;
 0.38418558, 0.84674406, 0.36800259, 0.24011418;
 0, 0, 0, 1]
Twc:
[0.89210361, -0.23780783, 0.38418558, -0.15126573;
 -0.23779117, 0.47589895, 0.84674406, -0.14379101;
 -0.38419589, -0.84673941, 0.36800259, -0.16371055;
 0, 0, 0, 1]
Ow:
[0.037855551;
 -0.10616235;
 0.24011418]
