Keyframe: 0 Frame: 0 Frame from vFrameID : 100
Tcw:
[0.90174556, -0.20943049, -0.37814519, 1.3384072;
 -0.25537279, 0.44771263, -0.85693532, -3.4103861;
 0.34876877, 0.86930561, 0.35024005, 7.3860869;
 0, 0, 0, 1]
Twc:
[0.90174556, -0.25537279, 0.34876877, -4.6538591;
 -0.20943049, 0.44771263, 0.86930561, -4.6135902;
 -0.37814519, -0.85693532, 0.35024005, -5.0032711;
 0, 0, 0, 1]
Ow:
[1.3384072;
 -3.4103861;
 7.3860869]
Keyframe: 1 Frame: 614 Frame from vFrameID : 100
Tcw:
[0.90069175, -0.21189837, -0.37928012, 0.014380135;
 -0.25501812, 0.44892201, -0.85640806, -0.037146207;
 0.35173866, 0.868083, 0.35030243, 0.074731976;
 0, 0, 0, 1]
Twc:
[0.90069175, -0.25501812, 0.35173866, -0.048711151;
 -0.21189837, 0.44892201, 0.868083, -0.045150679;
 -0.37928012, -0.85640806, 0.35030243, -0.052537005;
 0, 0, 0, 1]
Ow:
[0.014380135;
 -0.037146207;
 0.074731976]
