Keyframe: 0 Frame: 0 Frame from vFrameID : 100
Tcw:
[0.93601429, -0.16153964, -0.31270146, 1.2632524;
 -0.24650143, 0.33328766, -0.91003096, -3.0090907;
 0.25122562, 0.92888337, 0.27214223, 5.7332115;
 0, 0, 0, 1]
Twc:
[0.93601429, -0.24650143, 0.25122562, -3.3644972;
 -0.16153964, 0.33328766, 0.92888337, -4.1185269;
 -0.31270146, -0.91003096, 0.27214223, -3.903594;
 0, 0, 0, 1]
Ow:
[1.2632524;
 -3.0090907;
 5.7332115]
Keyframe: 1 Frame: 535 Frame from vFrameID : 100
Tcw:
[0.94220233, -0.1528883, -0.29812744, 0.010636322;
 -0.23566853, 0.33005646, -0.91406953, -0.029066794;
 0.23814942, 0.93149769, 0.27494901, 0.058674056;
 0, 0, 0, 1]
Twc:
[0.94220233, -0.23566853, 0.23814942, -0.030844886;
 -0.1528883, 0.33005646, 0.93149769, -0.043434892;
 -0.29812744, -0.91406953, 0.27494901, -0.039530464;
 0, 0, 0, 1]
Ow:
[0.010636322;
 -0.029066794;
 0.058674056]
