Keyframe: 0 Frame: 0 Frame from vFrameID : 100
Tcw:
[0.96432638, -0.095800027, -0.24677324, 0.98410761;
 -0.22321145, 0.20687601, -0.95256442, -2.1235771;
 0.14230716, 0.9736656, 0.17811231, 3.2251377;
 0, 0, 0, 1]
Twc:
[0.96432638, -0.22321145, 0.14230716, -1.8819679;
 -0.095800027, 0.20687601, 0.9736656, -2.6066108;
 -0.24677324, -0.95256442, 0.17811231, -2.3544295;
 0, 0, 0, 1]
Ow:
[0.98410761;
 -2.1235771;
 3.2251377]
Keyframe: 1 Frame: 417 Frame from vFrameID : 100
Tcw:
[0.95827729, -0.1055904, -0.2656225, 0.040238149;
 -0.24081391, 0.20239745, -0.94923335, -0.070211291;
 0.15399124, 0.97359437, 0.16852525, 0.10963665;
 0, 0, 0, 1]
Twc:
[0.95827729, -0.24081391, 0.15399124, -0.072350241;
 -0.1055904, 0.20239745, 0.97359437, -0.08828228;
 -0.2656225, -0.94923335, 0.16852525, -0.074435286;
 0, 0, 0, 1]
Ow:
[0.040238149;
 -0.070211291;
 0.10963665]
