Keyframe: 0 Frame: 0 Frame from vFrameID : 100
Tcw:
[0.98141629, -0.064463764, -0.18073893, 0.68775594;
 -0.169508, 0.15022407, -0.9740122, -1.3339781;
 0.089939825, 0.98654813, 0.13650523, 1.8737736;
 0, 0, 0, 1]
Twc:
[0.98141629, -0.169508, 0.089939825, -1.0696217;
 -0.064463764, 0.15022407, 0.98654813, -1.6038368;
 -0.18073893, -0.9740122, 0.13650523, -1.4307866;
 0, 0, 0, 1]
Ow:
[0.68775594;
 -1.3339781;
 1.8737736]
Keyframe: 1 Frame: 350 Frame from vFrameID : 100
Tcw:
[0.98161221, -0.070970729, -0.1772024, 0.012527535;
 -0.16596477, 0.14130564, -0.97595513, -0.055237807;
 0.094303943, 0.98741877, 0.12692869, 0.063307695;
 0, 0, 0, 1]
Twc:
[0.98161221, -0.16596477, 0.094303943, -0.027434876;
 -0.070970729, 0.14130564, 0.98741877, -0.053816706;
 -0.1772024, -0.97595513, 0.12692869, -0.059725277;
 0, 0, 0, 1]
Ow:
[0.012527535;
 -0.055237807;
 0.063307695]
