Keyframe: 0 Frame: 0 Frame from vFrameID : 100
Tcw:
[0.91078967, -0.20335656, -0.35931647, 1.2029183;
 -0.2812334, 0.33159029, -0.90053076, -2.7460461;
 0.3022747, 0.92124587, 0.24481834, 4.8476772;
 0, 0, 0, 1]
Twc:
[0.91078967, -0.2812334, 0.3022747, -3.3332155;
 -0.20335656, 0.33159029, 0.92124587, -3.3107195;
 -0.35931647, -0.90053076, 0.24481834, -3.2274711;
 0, 0, 0, 1]
Ow:
[1.2029183;
 -2.7460461;
 4.8476772]
Keyframe: 1 Frame: 493 Frame from vFrameID : 100
Tcw:
[0.91245419, -0.20949398, -0.351482, -0.015945252;
 -0.27043977, 0.33586326, -0.90225172, 0.035495404;
 0.3070662, 0.91831809, 0.24980435, -0.065887682;
 0, 0, 0, 1]
Twc:
[0.91245419, -0.27043977, 0.3070662, 0.044380561;
 -0.20949398, 0.33586326, 0.91831809, 0.045243811;
 -0.351482, -0.90225172, 0.24980435, 0.042880349;
 0, 0, 0, 1]
Ow:
[-0.015945252;
 0.035495404;
 -0.065887682]
