Keyframe: 0 Frame: 0 Frame from vFrameID : 100
Tcw:
[0.97201455, -0.11608616, -0.20423463, 0.61532688;
 -0.18940288, 0.12705661, -0.97364426, -1.1517183;
 0.13897599, 0.98507899, 0.10151383, 1.5708191;
 0, 0, 0, 1]
Twc:
[0.97201455, -0.18940288, 0.13897599, -1.0345515;
 -0.11608616, 0.12705661, 0.98507899, -1.3296165;
 -0.20423463, -0.97364426, 0.10151383, -1.1551527;
 0, 0, 0, 1]
Ow:
[0.61532688;
 -1.1517183;
 1.5708191]
Keyframe: 1 Frame: 337 Frame from vFrameID : 100
Tcw:
[0.97624815, -0.093045257, -0.19565828, 0.014565195;
 -0.18401584, 0.12057972, -0.97549921, -0.027191447;
 0.114358, 0.98833352, 0.10059392, 0.037498359;
 0, 0, 0, 1]
Twc:
[0.97624815, -0.18401584, 0.114358, -0.02351114;
 -0.093045257, 0.12057972, 0.98833352, -0.032426924;
 -0.19565828, -0.97549921, 0.10059392, -0.02744754;
 0, 0, 0, 1]
Ow:
[0.014565195;
 -0.027191447;
 0.037498359]
