Keyframe: 0 Frame: 0 Frame from vFrameID : 100
Tcw:
[0.94530308, -0.15595658, -0.28649542, 1.2279005;
 -0.22144498, 0.33806869, -0.91469759, -2.8517838;
 0.23950824, 0.92810941, 0.28504157, 5.2315073;
 0, 0, 0, 1]
Twc:
[0.94530308, -0.22144498, 0.23950824, -3.0452404;
 -0.15595658, 0.33806869, 0.92810941, -3.6998134;
 -0.28649542, -0.91469759, 0.28504157, -3.7479291;
 0, 0, 0, 1]
Ow:
[1.2279005;
 -2.8517838;
 5.2315073]
Keyframe: 1 Frame: 511 Frame from vFrameID : 100
Tcw:
[0.94159186, -0.15974224, -0.29645771, -0.012087235;
 -0.23002291, 0.33788067, -0.91264784, 0.023624225;
 0.24595575, 0.92753386, 0.28140131, -0.043451872;
 0, 0, 0, 1]
Twc:
[0.94159186, -0.23002291, 0.24595575, 0.027502593;
 -0.15974224, 0.33788067, 0.92753386, 0.030390074;
 -0.29645771, -0.91264784, 0.28140131, 0.030204659;
 0, 0, 0, 1]
Ow:
[-0.012087235;
 0.023624225;
 -0.043451872]
