Keyframe: 0 Frame: 0 Frame from vFrameID : 100
Tcw:
[0.90307516, -0.20498314, -0.3774085, 1.3531784;
 -0.26188299, 0.43366379, -0.86217922, -3.3124595;
 0.34040061, 0.87744951, 0.3379494, 6.8406839;
 0, 0, 0, 1]
Twc:
[0.90307516, -0.26188299, 0.34040061, -4.4180713;
 -0.20498314, 0.43366379, 0.87744951, -4.2884822;
 -0.3774085, -0.86217922, 0.3379494, -4.6570377;
 0, 0, 0, 1]
Ow:
[1.3531784;
 -3.3124595;
 6.8406839]
Keyframe: 1 Frame: 589 Frame from vFrameID : 100
Tcw:
[0.51895142, -0.43454149, -0.73611349, 0.50105309;
 -0.57081938, 0.46483845, -0.67682379, -0.006858632;
 0.63628191, 0.77142656, -0.0068161259, 0.75057268;
 0, 0, 0, 1]
Twc:
[0.51895142, -0.57081938, 0.63628191, -0.74151307;
 -0.43454149, 0.46483845, 0.77142656, -0.35809514;
 -0.73611349, -0.67682379, -0.0068161259, 0.36930588;
 0, 0, 0, 1]
Ow:
[0.50105309;
 -0.006858632;
 0.75057268]
