Keyframe: 0 Frame: 0 Frame from vFrameID : 100
Tcw:
[0.92129207, -0.20246078, -0.33200994, 1.3414191;
 -0.23193504, 0.39921391, -0.88703686, -3.2528079;
 0.31213316, 0.89422476, 0.32083485, 6.67695;
 0, 0, 0, 1]
Twc:
[0.92129207, -0.23193504, 0.31213316, -4.0743761;
 -0.20246078, 0.39921391, 0.89422476, -4.4005427;
 -0.33200994, -0.88703686, 0.32083485, -4.5821943;
 0, 0, 0, 1]
Ow:
[1.3414191;
 -3.2528079;
 6.67695]
Keyframe: 1 Frame: 580 Frame from vFrameID : 100
Tcw:
[0.91704434, -0.21121112, -0.33825964, 0.032005854;
 -0.23075302, 0.41075286, -0.88206297, -0.071940206;
 0.32524264, 0.88694531, 0.32794097, 0.14069974;
 0, 0, 0, 1]
Twc:
[0.91704434, -0.23075302, 0.32524264, -0.091712758;
 -0.21121112, 0.41075286, 0.88694531, -0.088483334;
 -0.33825964, -0.88206297, 0.32794097, -0.098770715;
 0, 0, 0, 1]
Ow:
[0.032005854;
 -0.071940206;
 0.14069974]
