Keyframe: 0 Frame: 0 Frame from vFrameID : 100
Tcw:
[0.9601956, -0.13114551, -0.24662784, 1.0711712;
 -0.20556852, 0.26601586, -0.94179463, -2.3751483;
 0.18911906, 0.955006, 0.22846787, 3.8423388;
 0, 0, 0, 1]
Twc:
[0.9601956, -0.20556852, 0.18911906, -2.243449;
 -0.13114551, 0.26601586, 0.955006, -2.89715;
 -0.24662784, -0.94179463, 0.22846787, -2.8505723;
 0, 0, 0, 1]
Ow:
[1.0711712;
 -2.3751483;
 3.8423388]
Keyframe: 1 Frame: 446 Frame from vFrameID : 100
Tcw:
[0.94819367, -0.20770222, -0.24039252, -0.011163465;
 -0.2127126, 0.14697035, -0.96599847, -0.02518288;
 0.2359706, 0.96708816, 0.095175475, 0.20912918;
 0, 0, 0, 1]
Twc:
[0.94819367, -0.2127126, 0.2359706, -0.044119924;
 -0.20770222, 0.14697035, 0.96708816, -0.20086388;
 -0.24039252, -0.96599847, 0.095175475, -0.046914205;
 0, 0, 0, 1]
Ow:
[-0.011163465;
 -0.02518288;
 0.20912918]
