Keyframe: 0 Frame: 0 Frame from vFrameID : 100
Tcw:
[0.94693798, -0.14752109, -0.2855626, 1.1588321;
 -0.23577422, 0.28501198, -0.92907411, -2.6101725;
 0.21844678, 0.94710386, 0.23510699, 4.4483633;
 0, 0, 0, 1]
Twc:
[0.94693798, -0.23577422, 0.21844678, -2.684484;
 -0.14752109, 0.28501198, 0.94710386, -3.2981791;
 -0.2855626, -0.92907411, 0.23510699, -3.1399658;
 0, 0, 0, 1]
Ow:
[1.1588321;
 -2.6101725;
 4.4483633]
Keyframe: 1 Frame: 474 Frame from vFrameID : 100
Tcw:
[0.94905555, -0.14213191, -0.28123313, 0.021984631;
 -0.23070291, 0.29451787, -0.92738092, -0.047939938;
 0.21463861, 0.94501734, 0.24672356, 0.081432477;
 0, 0, 0, 1]
Twc:
[0.94905555, -0.23070291, 0.21463861, -0.049403075;
 -0.14213191, 0.29451787, 0.94501734, -0.059711218;
 -0.28123313, -0.92738092, 0.24672356, -0.058367088;
 0, 0, 0, 1]
Ow:
[0.021984631;
 -0.047939938;
 0.081432477]
