Keyframe: 0 Frame: 0 Frame from vFrameID : 100
Tcw:
[0.98834276, -0.039840639, -0.14693971, 0.48661718;
 -0.14535841, 0.040058009, -0.98856777, -0.87676501;
 0.045271285, 0.99840277, 0.033799872, 1.1855754;
 0, 0, 0, 1]
Twc:
[0.98834276, -0.14535841, 0.045271285, -0.66206223;
 -0.039840639, 0.040058009, 0.99840277, -1.129173;
 -0.14693971, -0.98856777, 0.033799872, -0.83531058;
 0, 0, 0, 1]
Ow:
[0.48661718;
 -0.87676501;
 1.1855754]
Keyframe: 1 Frame: 317 Frame from vFrameID : 100
Tcw:
[0.9879092, -0.04374712, -0.14873342, -nan;
 -0.14720716, 0.036272429, -0.98844039, -nan;
 0.04863634, 0.99838394, 0.029393977, inf;
 0, 0, 0, 1]
Twc:
[0.9879092, -0.14720716, 0.04863634, -inf;
 -0.04374712, 0.036272429, 0.99838394, -inf;
 -0.14873342, -0.98844039, 0.029393977, -inf;
 0, 0, 0, 1]
Ow:
[-nan;
 -nan;
 inf]
