Keyframe: 0 Frame: 0 Frame from vFrameID : 100
Tcw:
[0.92015958, -0.16623524, -0.3545028, 1.3686033;
 -0.25557286, 0.43091956, -0.86544257, -3.5031123;
 0.29662925, 0.88694656, 0.35402954, 8.2691116;
 0, 0, 0, 1]
Twc:
[0.92015958, -0.25557286, 0.29662925, -4.6074939;
 -0.16623524, 0.43091956, 0.88694656, -5.5971899;
 -0.3545028, -0.86544257, 0.35402954, -5.4740787;
 0, 0, 0, 1]
Ow:
[1.3686033;
 -3.5031123;
 8.2691116]
Keyframe: 1 Frame: 661 Frame from vFrameID : 100
Tcw:
[0.89628863, 0.26191697, -0.35786334, 0.34910363;
 -0.44305107, 0.49373648, -0.74828476, 0.42994192;
 -0.019298272, 0.82923084, 0.55857301, -0.0084474087;
 0, 0, 0, 1]
Twc:
[0.89628863, -0.44305107, -0.019298272, -0.12257441;
 0.26191697, 0.49373648, 0.82923084, -0.29670933;
 -0.35786334, -0.74828476, 0.55857301, 0.45136884;
 0, 0, 0, 1]
Ow:
[0.34910363;
 0.42994192;
 -0.0084474087]
