Keyframe: 0 Frame: 0 Frame from vFrameID : 100
Tcw:
[0.93941915, -0.16129926, -0.30244705, 1.0563;
 -0.25866297, 0.24537243, -0.93428361, -2.2470298;
 0.22491142, 0.95591575, 0.18878542, 3.5307758;
 0, 0, 0, 1]
Twc:
[0.93941915, -0.25866297, 0.22491142, -2.3676436;
 -0.16129926, 0.24537243, 0.95591575, -2.6533847;
 -0.30244705, -0.93428361, 0.18878542, -2.4464471;
 0, 0, 0, 1]
Ow:
[1.0563;
 -2.2470298;
 3.5307758]
Keyframe: 1 Frame: 431 Frame from vFrameID : 100
Tcw:
[0.93926853, -0.15318504, -0.30709773, -0.0063059982;
 -0.26214206, 0.2572749, -0.93010277, 0.010276129;
 0.22148636, 0.9541195, 0.20149395, -0.029145889;
 0, 0, 0, 1]
Twc:
[0.93926853, -0.26214206, 0.22148636, 0.015072249;
 -0.15318504, 0.2572749, 0.9541195, 0.024198886;
 -0.30709773, -0.93010277, 0.20149395, 0.01349402;
 0, 0, 0, 1]
Ow:
[-0.0063059982;
 0.010276129;
 -0.029145889]
