Keyframe: 0 Frame: 0 Frame from vFrameID : 100
Tcw:
[0.9472326, -0.16703346, -0.27358767, 1.1180009;
 -0.22314674, 0.26912057, -0.93689895, -2.4274466;
 0.23012155, 0.94851142, 0.21764679, 3.9980557;
 0, 0, 0, 1]
Twc:
[0.9472326, -0.22314674, 0.23012155, -2.5207226;
 -0.16703346, 0.26912057, 0.94851142, -2.9521823;
 -0.27358767, -0.93689895, 0.21764679, -2.8385651;
 0, 0, 0, 1]
Ow:
[1.1180009;
 -2.4274466;
 3.9980557]
Keyframe: 1 Frame: 452 Frame from vFrameID : 100
Tcw:
[0.93778867, -0.18164986, -0.29589817, 0.028813295;
 -0.25134185, 0.23279272, -0.93948644, -0.043454792;
 0.23954052, 0.95541137, 0.17265417, 0.097334638;
 0, 0, 0, 1]
Twc:
[0.93778867, -0.25134185, 0.23954052, -0.061258379;
 -0.18164986, 0.23279272, 0.95541137, -0.077644721;
 -0.29589817, -0.93948644, 0.17265417, -0.04910462;
 0, 0, 0, 1]
Ow:
[0.028813295;
 -0.043454792;
 0.097334638]
