Keyframe: 0 Frame: 0 Frame from vFrameID : 100
Tcw:
[0.98203069, -0.065672718, -0.17692587, 0.53198326;
 -0.17492951, 0.035042234, -0.98395717, -0.94571775;
 0.07081902, 0.9972257, 0.022924455, 1.2742625;
 0, 0, 0, 1]
Twc:
[0.98203069, -0.17492951, 0.07081902, -0.77809989;
 -0.065672718, 0.035042234, 0.9972257, -1.2026507;
 -0.17692587, -0.98395717, 0.022924455, -0.86563593;
 0, 0, 0, 1]
Ow:
[0.53198326;
 -0.94571775;
 1.2742625]
Keyframe: 1 Frame: 324 Frame from vFrameID : 100
Tcw:
[0.97526771, -0.055466808, -0.21395394, -0.010918504;
 -0.20978682, 0.072462305, -0.97505832, 0.026697304;
 0.06958697, 0.99582762, 0.059033941, -0.03563131;
 0, 0, 0, 1]
Twc:
[0.97526771, -0.20978682, 0.06958697, 0.018728681;
 -0.055466808, 0.072462305, 0.99582762, 0.032942481;
 -0.21395394, -0.97505832, 0.059033941, 0.025798827;
 0, 0, 0, 1]
Ow:
[-0.010918504;
 0.026697304;
 -0.03563131]
