Keyframe: 0 Frame: 0 Frame from vFrameID : 100
Tcw:
[0.9838196, -0.038444582, -0.17498851, 0.45439017;
 -0.17427193, 0.021286514, -0.98446745, -0.79135269;
 0.041572336, 0.99903399, 0.014242278, 1.0641707;
 0, 0, 0, 1]
Twc:
[0.9838196, -0.17427193, 0.041572336, -0.6291886;
 -0.038444582, 0.021286514, 0.99903399, -1.0288287;
 -0.17498851, -0.98446745, 0.014242278, -0.71470416;
 0, 0, 0, 1]
Ow:
[0.45439017;
 -0.79135269;
 1.0641707]
Keyframe: 1 Frame: 311 Frame from vFrameID : 100
Tcw:
[0.98447043, -0.088511713, -0.15160346, 0.048168875;
 -0.14802016, 0.045771491, -0.98792458, 0.033968627;
 0.09438201, 0.99502295, 0.031959161, 0.072640523;
 0, 0, 0, 1]
Twc:
[0.98447043, -0.14802016, 0.09438201, -0.049248755;
 -0.088511713, 0.045771491, 0.99502295, -0.069570281;
 -0.15160346, -0.98792458, 0.031959161, 0.03853948;
 0, 0, 0, 1]
Ow:
[0.048168875;
 0.033968627;
 0.072640523]
