Keyframe: 0 Frame: 0 Frame from vFrameID : 100
Tcw:
[0.95459223, -0.13707519, -0.26450726, 0.89503491;
 -0.23626167, 0.19252266, -0.95242608, -1.8354414;
 0.18147762, 0.97167146, 0.15139502, 2.7260661;
 0, 0, 0, 1]
Twc:
[0.95459223, -0.23626167, 0.18147762, -1.7827578;
 -0.13707519, 0.19252266, 0.97167146, -2.1727896;
 -0.26450726, -0.95242608, 0.15139502, -1.9240919;
 0, 0, 0, 1]
Ow:
[0.89503491;
 -1.8354414;
 2.7260661]
Keyframe: 1 Frame: 392 Frame from vFrameID : 100
Tcw:
[0.95496958, -0.14125583, -0.26092118, -nan;
 -0.23068938, 0.19954085, -0.95234758, -nan;
 0.18658906, 0.96965468, 0.15796922, inf;
 0, 0, 0, 1]
Twc:
[0.95496958, -0.23068938, 0.18658906, -inf;
 -0.14125583, 0.19954085, 0.96965468, -inf;
 -0.26092118, -0.95234758, 0.15796922, -inf;
 0, 0, 0, 1]
Ow:
[-nan;
 -nan;
 inf]
