Keyframe: 0 Frame: 0 Frame from vFrameID : 100
Tcw:
[0.92477959, -0.20535909, -0.32032853, 1.1948717;
 -0.25669974, 0.28470486, -0.92360616, -2.6977553;
 0.28087002, 0.93636042, 0.21057363, 4.712656;
 0, 0, 0, 1]
Twc:
[0.92477959, -0.25669974, 0.28087002, -3.1211498;
 -0.20535909, 0.28470486, 0.93636042, -3.399303;
 -0.32032853, -0.92360616, 0.21057363, -3.1012733;
 0, 0, 0, 1]
Ow:
[1.1948717;
 -2.6977553;
 4.712656]
Keyframe: 1 Frame: 485 Frame from vFrameID : 100
Tcw:
[0.92439377, -0.2022825, -0.32338512, 0.0110699;
 -0.2599518, 0.28635037, -0.92218679, -0.026762202;
 0.27914372, 0.93652833, 0.21211679, 0.046618149;
 0, 0, 0, 1]
Twc:
[0.92439377, -0.2599518, 0.27914372, -0.030202992;
 -0.2022825, 0.28635037, 0.93652833, -0.033756603;
 -0.32338512, -0.92218679, 0.21211679, -0.030988403;
 0, 0, 0, 1]
Ow:
[0.0110699;
 -0.026762202;
 0.046618149]
