Keyframe: 0 Frame: 0 Frame from vFrameID : 100
Tcw:
[0.94486421, -0.15190871, -0.29009536, 1.2556536;
 -0.22608715, 0.33823314, -0.91350037, -3.0361505;
 0.23688853, 0.92872065, 0.28523979, 5.7918501;
 0, 0, 0, 1]
Twc:
[0.94486421, -0.22608715, 0.23688853, -3.2448797;
 -0.15190871, 0.33823314, 0.92872065, -4.1613393;
 -0.29009536, -0.91350037, 0.28523979, -4.0613313;
 0, 0, 0, 1]
Ow:
[1.2556536;
 -3.0361505;
 5.7918501]
Keyframe: 1 Frame: 538 Frame from vFrameID : 100
Tcw:
[0.94536102, -0.15053913, -0.28918946, -nan;
 -0.2224091, 0.35078788, -0.9096604, -nan;
 0.23838364, 0.92427588, 0.2981399, inf;
 0, 0, 0, 1]
Twc:
[0.94536102, -0.2224091, 0.23838364, -inf;
 -0.15053913, 0.35078788, 0.92427588, -inf;
 -0.28918946, -0.9096604, 0.2981399, -inf;
 0, 0, 0, 1]
Ow:
[-nan;
 -nan;
 inf]
