Keyframe: 0 Frame: 0 Frame from vFrameID : 100
Tcw:
[0.92671561, -0.17501247, -0.33251894, 1.3343525;
 -0.23595117, 0.41768238, -0.8774215, -3.3612182;
 0.292447, 0.89157844, 0.34577838, 7.2132783;
 0, 0, 0, 1]
Twc:
[0.92671561, -0.23595117, 0.292447, -4.1391501;
 -0.17501247, 0.41768238, 0.89157844, -4.7937531;
 -0.33251894, -0.8774215, 0.34577838, -4.9997029;
 0, 0, 0, 1]
Ow:
[1.3343525;
 -3.3612182;
 7.2132783]
Keyframe: 1 Frame: 607 Frame from vFrameID : 100
Tcw:
[0.91869223, -0.183218, -0.34990817, 0.01347102;
 -0.25013766, 0.41571808, -0.87441963, -0.033146091;
 0.30567256, 0.89084768, 0.33608726, 0.068607554;
 0, 0, 0, 1]
Twc:
[0.91869223, -0.25013766, 0.30567256, -0.041638255;
 -0.183218, 0.41571808, 0.89084768, -0.044871319;
 -0.34990817, -0.87441963, 0.33608726, -0.047328096;
 0, 0, 0, 1]
Ow:
[0.01347102;
 -0.033146091;
 0.068607554]
