Keyframe: 0 Frame: 0 Frame from vFrameID : 100
Tcw:
[0.98746574, -0.026448857, -0.15560147, 0.47020167;
 -0.15416153, 0.049787235, -0.98679048, -0.8403185;
 0.033846449, 0.99840957, 0.045085795, 1.1240635;
 0, 0, 0, 1]
Twc:
[0.98746574, -0.15416153, 0.033846449, -0.6318984;
 -0.026448857, 0.049787235, 0.99840957, -1.0680025;
 -0.15560147, -0.98679048, 0.045085795, -0.80673349;
 0, 0, 0, 1]
Ow:
[0.47020167;
 -0.8403185;
 1.1240635]
Keyframe: 1 Frame: 314 Frame from vFrameID : 100
Tcw:
[0.98203903, -0.048271783, -0.18239832, 0.029963393;
 -0.1853328, -0.065567635, -0.98048592, 0.034532595;
 0.03537038, 0.99667984, -0.073336326, 0.11251253;
 0, 0, 0, 1]
Twc:
[0.98203903, -0.1853328, 0.03537038, -0.02700481;
 -0.048271783, -0.065567635, 0.99667984, -0.10842836;
 -0.18239832, -0.98048592, -0.073336326, 0.04757525;
 0, 0, 0, 1]
Ow:
[0.029963393;
 0.034532595;
 0.11251253]
