Keyframe: 0 Frame: 0 Frame from vFrameID : 100
Tcw:
[0.89575976, -0.22932315, -0.38082194, 1.3647028;
 -0.25228876, 0.44308835, -0.86024594, -3.4750574;
 0.36601207, 0.86665082, 0.33904505, 7.9443593;
 0, 0, 0, 1]
Twc:
[0.89575976, -0.25228876, 0.36601207, -5.0068951;
 -0.22932315, 0.44308835, 0.86665082, -5.03227;
 -0.38082194, -0.86024594, 0.33904505, -5.1631913;
 0, 0, 0, 1]
Ow:
[1.3647028;
 -3.4750574;
 7.9443593]
Keyframe: 1 Frame: 644 Frame from vFrameID : 100
Tcw:
[0.68094963, -0.17307861, -0.71158373, 0.41777641;
 -0.5916127, 0.44268003, -0.67381656, -0.28751922;
 0.43162715, 0.87981713, 0.1990473, 0.29892635;
 0, 0, 0, 1]
Twc:
[0.68094963, -0.5916127, 0.43162715, -0.58360946;
 -0.17307861, 0.44268003, 0.87981713, -0.063413367;
 -0.71158373, -0.67381656, 0.1990473, 0.044047195;
 0, 0, 0, 1]
Ow:
[0.41777641;
 -0.28751922;
 0.29892635]
