Keyframe: 0 Frame: 0 Frame from vFrameID : 100
Tcw:
[0.93756258, -0.17492431, -0.30062923, 1.1509016;
 -0.24329793, 0.28785127, -0.92625469, -2.4876568;
 0.24856098, 0.9415642, 0.22731985, 4.1202202;
 0, 0, 0, 1]
Twc:
[0.93756258, -0.24329793, 0.24856098, -2.7084098;
 -0.17492431, 0.28785127, 0.9415642, -2.9620557;
 -0.30062923, -0.92625469, 0.22731985, -2.8948171;
 0, 0, 0, 1]
Ow:
[1.1509016;
 -2.4876568;
 4.1202202]
Keyframe: 1 Frame: 458 Frame from vFrameID : 100
Tcw:
[0.93750256, -0.17466851, -0.3009648, -nan;
 -0.2437706, 0.28754747, -0.92622477, -nan;
 0.24832396, 0.94170451, 0.22699746, inf;
 0, 0, 0, 1]
Twc:
[0.93750256, -0.2437706, 0.24832396, -inf;
 -0.17466851, 0.28754747, 0.94170451, -inf;
 -0.3009648, -0.92622477, 0.22699746, -inf;
 0, 0, 0, 1]
Ow:
[-nan;
 -nan;
 inf]
