Keyframe: 0 Frame: 0 Frame from vFrameID : 100
Tcw:
[0.96395117, -0.094432026, -0.24875838, 0.95321935;
 -0.222598, 0.22597142, -0.9483602, -2.0498514;
 0.14576785, 0.96954602, 0.19680503, 3.0787642;
 0, 0, 0, 1]
Twc:
[0.96395117, -0.222598, 0.14576785, -1.8239346;
 -0.094432026, 0.22597142, 0.96954602, -2.4317813;
 -0.24875838, -0.9483602, 0.19680503, -2.3127925;
 0, 0, 0, 1]
Ow:
[0.95321935;
 -2.0498514;
 3.0787642]
Keyframe: 1 Frame: 411 Frame from vFrameID : 100
Tcw:
[0.96696037, -0.094108261, -0.2369204, 0.010828499;
 -0.21144399, 0.22307906, -0.95159191, -0.028547939;
 0.14240463, 0.97024709, 0.19580998, 0.041489489;
 0, 0, 0, 1]
Twc:
[0.96696037, -0.21144399, 0.14240463, -0.022415314;
 -0.094108261, 0.22307906, 0.97024709, -0.032867555;
 -0.2369204, -0.95159191, 0.19580998, -0.032724552;
 0, 0, 0, 1]
Ow:
[0.010828499;
 -0.028547939;
 0.041489489]
