Keyframe: 0 Frame: 0 Frame from vFrameID : 100
Tcw:
[0.91607291, -0.20309781, -0.34577695, 1.351786;
 -0.2261916, 0.45030665, -0.86374837, -3.4576902;
 0.33113107, 0.86946833, 0.3665747, 7.8524866;
 0, 0, 0, 1]
Twc:
[0.91607291, -0.2261916, 0.33113107, -4.6206369;
 -0.20309781, 0.45030665, 0.86946833, -4.995923;
 -0.34577695, -0.86374837, 0.3665747, -5.3976812;
 0, 0, 0, 1]
Ow:
[1.351786;
 -3.4576902;
 7.8524866]
Keyframe: 1 Frame: 639 Frame from vFrameID : 100
Tcw:
[0.91101992, -0.22464728, -0.34579813, 0.018137908;
 -0.21744695, 0.4507997, -0.86573464, -0.037956435;
 0.35037065, 0.86389422, 0.36183861, 0.094794288;
 0, 0, 0, 1]
Twc:
[0.91101992, -0.21744695, 0.35037065, -0.05799064;
 -0.22464728, 0.4507997, 0.86389422, -0.060706861;
 -0.34579813, -0.86573464, 0.36183861, -0.060888384;
 0, 0, 0, 1]
Ow:
[0.018137908;
 -0.037956435;
 0.094794288]
