Keyframe: 0 Frame: 0 Frame from vFrameID : 100
Tcw:
[0.8956759, -0.23253718, -0.3790662, 1.3695948;
 -0.2380645, 0.46924987, -0.85037041, -3.4914796;
 0.3756195, 0.85189849, 0.36493695, 8.1491156;
 0, 0, 0, 1]
Twc:
[0.8956759, -0.2380645, 0.3756195, -5.1188769;
 -0.23253718, 0.46924987, 0.85189849, -4.9853606;
 -0.3790662, -0.85037041, 0.36493695, -5.4237971;
 0, 0, 0, 1]
Ow:
[1.3695948;
 -3.4914796;
 8.1491156]
Keyframe: 1 Frame: 653 Frame from vFrameID : 100
Tcw:
[0.92379379, -0.17367011, -0.34123853, 0.0092158029;
 -0.25095186, 0.39848325, -0.88217586, -0.023381436;
 0.2891854, 0.90058303, 0.32453352, 0.054860599;
 0, 0, 0, 1]
Twc:
[0.92379379, -0.25095186, 0.2891854, -0.030246001;
 -0.17367011, 0.39848325, 0.90058303, -0.038488906;
 -0.34123853, -0.88217586, 0.32453352, -0.035285857;
 0, 0, 0, 1]
Ow:
[0.0092158029;
 -0.023381436;
 0.054860599]
