Keyframe: 0 Frame: 0 Frame from vFrameID : 100
Tcw:
[0.92601401, -0.17576547, -0.33407262, 1.3454365;
 -0.22642933, 0.44947404, -0.86411971, -3.457372;
 0.30203938, 0.87583077, 0.37642083, 7.7480383;
 0, 0, 0, 1]
Twc:
[0.92601401, -0.22642933, 0.30203938, -4.3689561;
 -0.17576547, 0.44947404, 0.87583077, -4.9954901;
 -0.33407262, -0.86411971, 0.37642083, -5.4546323;
 0, 0, 0, 1]
Ow:
[1.3454365;
 -3.457372;
 7.7480383]
Keyframe: 1 Frame: 635 Frame from vFrameID : 100
Tcw:
[0.92399609, -0.19683927, -0.32784989, 0.052821383;
 -0.21096328, 0.45268211, -0.86635637, -0.11654343;
 0.31894475, 0.86967421, 0.37675062, 0.27361578;
 0, 0, 0, 1]
Twc:
[0.92399609, -0.21096328, 0.31894475, -0.16066144;
 -0.19683927, 0.45268211, 0.86967421, -0.17480214;
 -0.32784989, -0.86635637, 0.37675062, -0.18673559;
 0, 0, 0, 1]
Ow:
[0.052821383;
 -0.11654343;
 0.27361578]
