Keyframe: 0 Frame: 0 Frame from vFrameID : 100
Tcw:
[0.94539458, -0.15626225, -0.28602654, 1.0570958;
 -0.24374886, 0.24360932, -0.93874437, -2.2766824;
 0.21636903, 0.95720249, 0.1922182, 3.6270909;
 0, 0, 0, 1]
Twc:
[0.94539458, -0.24374886, 0.21636903, -2.3391013;
 -0.15626225, 0.24360932, 0.95720249, -2.7520552;
 -0.28602654, -0.93874437, 0.1922182, -2.5320582;
 0, 0, 0, 1]
Ow:
[1.0570958;
 -2.2766824;
 3.6270909]
Keyframe: 1 Frame: 435 Frame from vFrameID : 100
Tcw:
[0.94813776, -0.15772246, -0.27596813, 0.018557157;
 -0.23635061, 0.23070988, -0.94388098, -0.031630967;
 0.21253981, 0.96015447, 0.18146695, 0.049846735;
 0, 0, 0, 1]
Twc:
[0.94813776, -0.23635061, 0.21253981, -0.035665154;
 -0.15772246, 0.23070988, 0.96015447, -0.037636105;
 -0.27596813, -0.94388098, 0.18146695, -0.033780221;
 0, 0, 0, 1]
Ow:
[0.018557157;
 -0.031630967;
 0.049846735]
