Keyframe: 0 Frame: 0 Frame from vFrameID : 100
Tcw:
[0.93946606, -0.17057732, -0.29716486, 1.1797206;
 -0.23867506, 0.29647514, -0.92473602, -2.6746528;
 0.245841, 0.93968391, 0.23781578, 4.6202316;
 0, 0, 0, 1]
Twc:
[0.93946606, -0.23867506, 0.245841, -2.8825226;
 -0.17057732, 0.29647514, 0.93968391, -3.3473554;
 -0.29716486, -0.92473602, 0.23781578, -3.2215402;
 0, 0, 0, 1]
Ow:
[1.1797206;
 -2.6746528;
 4.6202316]
Keyframe: 1 Frame: 482 Frame from vFrameID : 100
Tcw:
[0.93675494, -0.16684711, -0.30765602, 0.013292443;
 -0.24849901, 0.30192801, -0.92037368, -0.019219961;
 0.24645166, 0.93861681, 0.24137123, 0.018028459;
 0, 0, 0, 1]
Twc:
[0.93675494, -0.24849901, 0.24645166, -0.021671047;
 -0.16684711, 0.30192801, 0.93861681, -0.0089009637;
 -0.30765602, -0.92037368, 0.24137123, -0.017951598;
 0, 0, 0, 1]
Ow:
[0.013292443;
 -0.019219961;
 0.018028459]
