Keyframe: 0 Frame: 0 Frame from vFrameID : 100
Tcw:
[0.91444176, -0.20669048, -0.3479588, 1.3409616;
 -0.2360861, 0.42589921, -0.87342614, -3.3694909;
 0.32872424, 0.88084555, 0.34066328, 7.2816467;
 0, 0, 0, 1]
Twc:
[0.91444176, -0.2360861, 0.32872424, -4.4153752;
 -0.20669048, 0.42589921, 0.88084555, -4.7017789;
 -0.3479588, -0.87342614, 0.34066328, -4.9569917;
 0, 0, 0, 1]
Ow:
[1.3409616;
 -3.3694909;
 7.2816467]
Keyframe: 1 Frame: 611 Frame from vFrameID : 100
Tcw:
[0.89556676, -0.19882086, -0.39803323, 0.079464473;
 -0.28338951, 0.43476778, -0.85479081, -0.14799228;
 0.34300226, 0.87832069, 0.33301985, 0.31525886;
 0, 0, 0, 1]
Twc:
[0.89556676, -0.28338951, 0.34300226, -0.22123972;
 -0.19882086, 0.43476778, 0.87832069, -0.19675688;
 -0.39803323, -0.85479081, 0.33301985, -0.19986039;
 0, 0, 0, 1]
Ow:
[0.079464473;
 -0.14799228;
 0.31525886]
