Keyframe: 0 Frame: 0 Frame from vFrameID : 100
Tcw:
[0.90336448, -0.21448262, -0.37138906, 1.3507478;
 -0.25505507, 0.42750692, -0.86728585, -3.3013229;
 0.34478915, 0.87819988, 0.33148968, 6.7830105;
 0, 0, 0, 1]
Twc:
[0.90336448, -0.25505507, 0.34478915, -4.4009452;
 -0.21448262, 0.42750692, 0.87819988, -4.2557888;
 -0.37138906, -0.86728585, 0.33148968, -4.6100359;
 0, 0, 0, 1]
Ow:
[1.3507478;
 -3.3013229;
 6.7830105]
Keyframe: 1 Frame: 586 Frame from vFrameID : 100
Tcw:
[0.90429997, -0.20922904, -0.37210861, 0.013672851;
 -0.25806403, 0.42643443, -0.86692363, -0.030794794;
 0.34006554, 0.87998688, 0.33163014, 0.06273929;
 0, 0, 0, 1]
Twc:
[0.90429997, -0.25806403, 0.34006554, -0.041646857;
 -0.20922904, 0.42643443, 0.87998688, -0.039217032;
 -0.37210861, -0.86692363, 0.33163014, -0.04241519;
 0, 0, 0, 1]
Ow:
[0.013672851;
 -0.030794794;
 0.06273929]
