Keyframe: 0 Frame: 0 Frame from vFrameID : 100
Tcw:
[0.9343403, -0.18699384, -0.30338338, 1.2431864;
 -0.22595061, 0.34749591, -0.91005105, -2.868361;
 0.27559841, 0.91884702, 0.28242806, 5.3237114;
 0, 0, 0, 1]
Twc:
[0.9343403, -0.22595061, 0.27559841, -3.2768736;
 -0.18699384, 0.34749591, 0.91884702, -3.6624646;
 -0.30338338, -0.91005105, 0.28242806, -3.7367585;
 0, 0, 0, 1]
Ow:
[1.2431864;
 -2.868361;
 5.3237114]
Keyframe: 1 Frame: 515 Frame from vFrameID : 100
Tcw:
[0.92743325, -0.20577542, -0.3122884, 0.013316249;
 -0.23457615, 0.33027565, -0.9142713, -0.029145602;
 0.29127583, 0.92118102, 0.25803861, 0.077566825;
 0, 0, 0, 1]
Twc:
[0.92743325, -0.23457615, 0.29127583, -0.041780137;
 -0.20577542, 0.33027565, 0.92118102, -0.059086848;
 -0.3122884, -0.9142713, 0.25803861, -0.042503715;
 0, 0, 0, 1]
Ow:
[0.013316249;
 -0.029145602;
 0.077566825]
