Keyframe: 0 Frame: 0 Frame from vFrameID : 100
Tcw:
[0.94348609, -0.16054033, -0.28993237, 1.1310428;
 -0.24459781, 0.25298211, -0.93604058, -2.4520969;
 0.22361997, 0.95405811, 0.19941731, 4.0472841;
 0, 0, 0, 1]
Twc:
[0.94348609, -0.24459781, 0.22361997, -2.5719543;
 -0.16054033, 0.25298211, 0.95405811, -3.0594296;
 -0.28993237, -0.93604058, 0.19941731, -2.7744346;
 0, 0, 0, 1]
Ow:
[1.1310428;
 -2.4520969;
 4.0472841]
Keyframe: 1 Frame: 455 Frame from vFrameID : 100
Tcw:
[0.94111103, -0.15657644, -0.29965621, 0.0088293105;
 -0.255256, 0.25214508, -0.93341696, -0.030354233;
 0.22170796, 0.95493805, 0.19732945, 0.055046175;
 0, 0, 0, 1]
Twc:
[0.94111103, -0.255256, 0.22170796, -0.028261634;
 -0.15657644, 0.25214508, 0.95493805, -0.043529551;
 -0.29965621, -0.93341696, 0.19732945, -0.036549632;
 0, 0, 0, 1]
Ow:
[0.0088293105;
 -0.030354233;
 0.055046175]
