Keyframe: 0 Frame: 0 Frame from vFrameID : 100
Tcw:
[0.9675914, -0.087942205, -0.23671293, 0.97097105;
 -0.21254915, 0.22250038, -0.95148116, -2.0972979;
 0.13634408, 0.97095817, 0.19659743, 3.1574342;
 0, 0, 0, 1]
Twc:
[0.9675914, -0.21254915, 0.13634408, -1.8157796;
 -0.087942205, 0.22250038, 0.97095817, -2.5136976;
 -0.23671293, -0.95148116, 0.19659743, -2.3864415;
 0, 0, 0, 1]
Ow:
[0.97097105;
 -2.0972979;
 3.1574342]
Keyframe: 1 Frame: 414 Frame from vFrameID : 100
Tcw:
[0.9667179, -0.088900454, -0.23990254, -0.052749284;
 -0.21682204, 0.2130795, -0.95267272, 0.12460841;
 0.13581134, 0.97298193, 0.18671218, -0.17498796;
 0, 0, 0, 1]
Twc:
[0.9667179, -0.21682204, 0.13581134, 0.10177688;
 -0.088900454, 0.2130795, 0.97298193, 0.13901919;
 -0.23990254, -0.95267272, 0.18671218, 0.13872874;
 0, 0, 0, 1]
Ow:
[-0.052749284;
 0.12460841;
 -0.17498796]
