Keyframe: 0 Frame: 0 Frame from vFrameID : 100
Tcw:
[0.96496677, -0.1149933, -0.23582973, 0.7833209;
 -0.21826804, 0.14694844, -0.96476173, -1.6125119;
 0.14559594, 0.98243713, 0.116701, 2.3717523;
 0, 0, 0, 1]
Twc:
[0.96496677, -0.21826804, 0.14559594, -1.453156;
 -0.1149933, 0.14694844, 0.98243713, -2.0030646;
 -0.23582973, -0.96476173, 0.116701, -1.6477453;
 0, 0, 0, 1]
Ow:
[0.7833209;
 -1.6125119;
 2.3717523]
Keyframe: 1 Frame: 374 Frame from vFrameID : 100
Tcw:
[0.96691406, -0.10954922, -0.23038261, 0.0041844686;
 -0.21277481, 0.15186462, -0.96522743, -0.011230326;
 0.14072688, 0.98231161, 0.12353072, 0.018447552;
 0, 0, 0, 1]
Twc:
[0.96691406, -0.21277481, 0.14072688, -0.0090316189;
 -0.10954922, 0.15186462, 0.98231161, -0.01595735;
 -0.23038261, -0.96522743, 0.12353072, -0.01215463;
 0, 0, 0, 1]
Ow:
[0.0041844686;
 -0.011230326;
 0.018447552]
