Keyframe: 0 Frame: 0 Frame from vFrameID : 100
Tcw:
[0.96375638, -0.12753561, -0.23432517, 0.77544904;
 -0.21279763, 0.16226108, -0.96352917, -1.5268238;
 0.16090615, 0.97847128, 0.12924089, 2.1829007;
 0, 0, 0, 1]
Twc:
[0.96375638, -0.21279763, 0.16090615, -1.4234906;
 -0.12753561, 0.16226108, 0.97847128, -1.7892641;
 -0.23432517, -0.96352917, 0.12924089, -1.571552;
 0, 0, 0, 1]
Ow:
[0.77544904;
 -1.5268238;
 2.1829007]
Keyframe: 1 Frame: 367 Frame from vFrameID : 100
Tcw:
[0.95649493, -0.15222368, -0.24888831, -0.013583357;
 -0.2241341, 0.1627112, -0.96087927, 0.051101767;
 0.18676549, 0.97486049, 0.12151393, -0.044176977;
 0, 0, 0, 1]
Twc:
[0.95649493, -0.2241341, 0.18676549, 0.032696795;
 -0.15222368, 0.1627112, 0.97486049, 0.032683853;
 -0.24888831, -0.96087927, 0.12151393, 0.051090006;
 0, 0, 0, 1]
Ow:
[-0.013583357;
 0.051101767;
 -0.044176977]
