Keyframe: 0 Frame: 0 Frame from vFrameID : 100
Tcw:
[0.97476131, -0.093840688, -0.20256941, 0.47279713;
 -0.2013436, 0.02245133, -0.97926337, -0.77219713;
 0.096442699, 0.99533403, 0.0029904654, 1.0287324;
 0, 0, 0, 1]
Twc:
[0.97476131, -0.2013436, 0.096442699, -0.71555501;
 -0.093840688, 0.02245133, 0.99533403, -0.96222794;
 -0.20256941, -0.97926337, 0.0029904654, -0.66348648;
 0, 0, 0, 1]
Ow:
[0.47279713;
 -0.77219713;
 1.0287324]
Keyframe: 1 Frame: 305 Frame from vFrameID : 100
Tcw:
[0.82329655, 0.28414875, -0.49136776, 0.45433271;
 -0.51222914, 0.74489892, -0.4274891, -0.37675008;
 0.24454881, 0.60364318, 0.75882196, 0.096429452;
 0, 0, 0, 1]
Twc:
[0.82329655, -0.51222914, 0.24454881, -0.59061462;
 0.28414875, 0.74489892, 0.60364318, 0.093333662;
 -0.49136776, -0.4274891, 0.75882196, -0.010984892;
 0, 0, 0, 1]
Ow:
[0.45433271;
 -0.37675008;
 0.096429452]
