Keyframe: 0 Frame: 0 Frame from vFrameID : 100
Tcw:
[0.94447696, -0.15456036, -0.28995577, 1.310346;
 -0.20913751, 0.39784566, -0.89329743, -3.2303293;
 0.25342602, 0.90433949, 0.34343171, 6.5275826;
 0, 0, 0, 1]
Twc:
[0.94447696, -0.20913751, 0.25342602, -3.5674341;
 -0.15456036, 0.39784566, 0.90433949, -4.4154506;
 -0.28995577, -0.89329743, 0.34343171, -4.7474813;
 0, 0, 0, 1]
Ow:
[1.310346;
 -3.2303293;
 6.5275826]
Keyframe: 1 Frame: 574 Frame from vFrameID : 100
Tcw:
[0.30356595, -0.95033258, -0.068671115, -0.13728276;
 0.019880109, 0.078373827, -0.9967258, -0.11503064;
 0.95260298, 0.30120683, 0.042684339, -0.61505455;
 0, 0, 0, 1]
Twc:
[0.30356595, 0.019880109, 0.95260298, 0.62986404;
 -0.95033258, 0.078373827, 0.30120683, 0.063809752;
 -0.068671115, -0.9967258, 0.042684339, -0.097828165;
 0, 0, 0, 1]
Ow:
[-0.13728276;
 -0.11503064;
 -0.61505455]
