Keyframe: 0 Frame: 0 Frame from vFrameID : 100
Tcw:
[0.9211151, -0.19174476, -0.33879334, 1.2010493;
 -0.27343157, 0.30079815, -0.91364962, -2.7198458;
 0.27709594, 0.93421328, 0.22464065, 4.7686653;
 0, 0, 0, 1]
Twc:
[0.9211151, -0.27343157, 0.27709594, -3.1713741;
 -0.19174476, 0.30079815, 0.93421328, -3.4065304;
 -0.33879334, -0.91364962, 0.22464065, -3.1493146;
 0, 0, 0, 1]
Ow:
[1.2010493;
 -2.7198458;
 4.7686653]
Keyframe: 1 Frame: 489 Frame from vFrameID : 100
Tcw:
[0.85892314, -0.36266097, -0.36156341, 0.023424353;
 -0.24402779, 0.33086741, -0.91157949, 0.030480407;
 0.45022386, 0.87120825, 0.1956903, 0.1472383;
 0, 0, 0, 1]
Twc:
[0.85892314, -0.24402779, 0.45022386, -0.07897184;
 -0.36266097, 0.33086741, 0.87120825, -0.12986508;
 -0.36156341, -0.91157949, 0.1956903, 0.0074415966;
 0, 0, 0, 1]
Ow:
[0.023424353;
 0.030480407;
 0.1472383]
