Keyframe: 0 Frame: 0 Frame from vFrameID : 100
Tcw:
[0.89478528, -0.22491877, -0.38570821, 1.3519682;
 -0.26093382, 0.43757302, -0.8604902, -3.4216824;
 0.36231589, 0.87059832, 0.33284497, 7.4386387;
 0, 0, 0, 1]
Twc:
[0.89478528, -0.26093382, 0.36231589, -4.7976913;
 -0.22491877, 0.43757302, 0.87059832, -4.6747475;
 -0.38570821, -0.8604902, 0.33284497, -4.8987727;
 0, 0, 0, 1]
Ow:
[1.3519682;
 -3.4216824;
 7.4386387]
Keyframe: 1 Frame: 617 Frame from vFrameID : 100
Tcw:
[0.89380938, -0.22068298, -0.39038926, 0.013953229;
 -0.26299682, 0.44716051, -0.85491526, -0.03598823;
 0.36323193, 0.86680245, 0.34163734, 0.076186761;
 0, 0, 0, 1]
Twc:
[0.89380938, -0.26299682, 0.36323193, -0.04960978;
 -0.22068298, 0.44716051, 0.86680245, -0.046867117;
 -0.39038926, -0.85491526, 0.34163734, -0.051347941;
 0, 0, 0, 1]
Ow:
[0.013953229;
 -0.03598823;
 0.076186761]
