Keyframe: 0 Frame: 0 Frame from vFrameID : 100
Tcw:
[0.90953976, -0.21171573, -0.35765052, 1.3424854;
 -0.24416786, 0.42417878, -0.87204039, -3.2718301;
 0.33633241, 0.88048214, 0.33411327, 6.7156901;
 0, 0, 0, 1]
Twc:
[0.90953976, -0.24416786, 0.33633241, -4.2786241;
 -0.21171573, 0.42417878, 0.88048214, -4.2409792;
 -0.35765052, -0.87204039, 0.33411327, -4.6168289;
 0, 0, 0, 1]
Ow:
[1.3424854;
 -3.2718301;
 6.7156901]
Keyframe: 1 Frame: 583 Frame from vFrameID : 100
Tcw:
[0.90953803, -0.21714832, -0.35438278, 0.022257255;
 -0.23702455, 0.42940652, -0.87145245, -0.059358589;
 0.34140873, 0.8766166, 0.33909211, 0.12034504;
 0, 0, 0, 1]
Twc:
[0.90953803, -0.23702455, 0.34140873, -0.075400107;
 -0.21714832, 0.42940652, 0.8766166, -0.075174361;
 -0.35438278, -0.87145245, 0.33909211, -0.084648654;
 0, 0, 0, 1]
Ow:
[0.022257255;
 -0.059358589;
 0.12034504]
