Keyframe: 0 Frame: 0 Frame from vFrameID : 100
Tcw:
[0.92738545, -0.18750848, -0.32372341, 1.3065267;
 -0.23437548, 0.38324937, -0.89341372, -3.1730094;
 0.29158944, 0.90441167, 0.31147251, 6.3277383;
 0, 0, 0, 1]
Twc:
[0.92738545, -0.23437548, 0.29158944, -3.800431;
 -0.18750848, 0.38324937, 0.90441167, -4.2618418;
 -0.32372341, -0.89341372, 0.31147251, -4.3827734;
 0, 0, 0, 1]
Ow:
[1.3065267;
 -3.1730094;
 6.3277383]
Keyframe: 1 Frame: 564 Frame from vFrameID : 100
Tcw:
[0.89572686, -0.25339895, -0.36532506, 0.088117622;
 -0.27706519, 0.32449055, -0.90440077, -0.3174766;
 0.34771875, 0.9113149, 0.22044687, 0.27011746;
 0, 0, 0, 1]
Twc:
[0.89572686, -0.27706519, 0.34771875, -0.26081592;
 -0.25339895, 0.32449055, 0.9113149, -0.12081502;
 -0.36532506, -0.90440077, 0.22044687, -0.31448105;
 0, 0, 0, 1]
Ow:
[0.088117622;
 -0.3174766;
 0.27011746]
