Keyframe: 0 Frame: 0 Frame from vFrameID : 100
Tcw:
[0.89459717, -0.22249427, -0.38754633, 1.3527738;
 -0.25878498, 0.4490833, -0.85519266, -3.4209118;
 0.36431605, 0.86534417, 0.34417048, 7.4986105;
 0, 0, 0, 1]
Twc:
[0.89459717, -0.25878498, 0.36431605, -4.8273325;
 -0.22249427, 0.4490833, 0.86534417, -4.6516194;
 -0.38754633, -0.85519266, 0.34417048, -4.9820766;
 0, 0, 0, 1]
Ow:
[1.3527738;
 -3.4209118;
 7.4986105]
Keyframe: 1 Frame: 620 Frame from vFrameID : 100
Tcw:
[0.89644009, -0.21819656, -0.3857272, 0.012919102;
 -0.25656024, 0.45417789, -0.85317016, -0.032652054;
 0.36134756, 0.86377817, 0.3511627, 0.069667116;
 0, 0, 0, 1]
Twc:
[0.89644009, -0.25656024, 0.36134756, -0.045132458;
 -0.21819656, 0.45417789, 0.86377817, -0.042528186;
 -0.3857272, -0.85317016, 0.3511627, -0.047339;
 0, 0, 0, 1]
Ow:
[0.012919102;
 -0.032652054;
 0.069667116]
