Keyframe: 0 Frame: 0 Frame from vFrameID : 100
Tcw:
[0.97272789, -0.098478407, -0.21000579, 0.56145835;
 -0.19941065, 0.10739517, -0.97401315, -1.0379026;
 0.11847287, 0.98932719, 0.084828638, 1.3656449;
 0, 0, 0, 1]
Twc:
[0.97272789, -0.19941065, 0.11847287, -0.91490692;
 -0.098478407, 0.10739517, 0.98932719, -1.1843123;
 -0.21000579, -0.97401315, 0.084828638, -1.0088671;
 0, 0, 0, 1]
Ow:
[0.56145835;
 -1.0379026;
 1.3656449]
Keyframe: 1 Frame: 327 Frame from vFrameID : 100
Tcw:
[0.97363687, -0.10971507, -0.19998457, 0.017389033;
 -0.18794258, 0.11097173, -0.97589082, -0.034078445;
 0.12926255, 0.98774892, 0.087426029, 0.047571134;
 0, 0, 0, 1]
Twc:
[0.97363687, -0.18794258, 0.12926255, -0.029484561;
 -0.10971507, 0.11097173, 0.98774892, -0.041298751;
 -0.19998457, -0.97589082, 0.087426029, -0.033938259;
 0, 0, 0, 1]
Ow:
[0.017389033;
 -0.034078445;
 0.047571134]
