Keyframe: 0 Frame: 0 Frame from vFrameID : 100
Tcw:
[0.93654925, -0.15661298, -0.31360468, 1.3073193;
 -0.23352841, 0.38843644, -0.89139307, -3.2042434;
 0.26141921, 0.90806913, 0.32721627, 6.4058795;
 0, 0, 0, 1]
Twc:
[0.93654925, -0.23352841, 0.26141921, -3.6472704;
 -0.15661298, 0.38843644, 0.90806913, -4.3675933;
 -0.31360468, -0.89139307, 0.32721627, -4.542367;
 0, 0, 0, 1]
Ow:
[1.3073193;
 -3.2042434;
 6.4058795]
Keyframe: 1 Frame: 568 Frame from vFrameID : 100
Tcw:
[0.94268274, -0.14766438, -0.29923975, 0.024147222;
 -0.22218719, 0.39129785, -0.89303911, -0.064890712;
 0.24896194, 0.9083398, 0.33606061, 0.12549464;
 0, 0, 0, 1]
Twc:
[0.94268274, -0.22218719, 0.24896194, -0.068424448;
 -0.14766438, 0.39129785, 0.9083398, -0.085034497;
 -0.29923975, -0.89303911, 0.33606061, -0.092897937;
 0, 0, 0, 1]
Ow:
[0.024147222;
 -0.064890712;
 0.12549464]
