Keyframe: 0 Frame: 0 Frame from vFrameID : 100
Tcw:
[0.98366266, -0.03881054, -0.17578809, 0.66765362;
 -0.1673874, 0.16217868, -0.97246057, -1.283113;
 0.066250801, 0.98599786, 0.15303273, 1.7848257;
 0, 0, 0, 1]
Twc:
[0.98366266, -0.1673874, 0.066250801, -0.98976904;
 -0.03881054, 0.16217868, 0.98599786, -1.5258288;
 -0.17578809, -0.97246057, 0.15303273, -1.4035479;
 0, 0, 0, 1]
Ow:
[0.66765362;
 -1.283113;
 1.7848257]
Keyframe: 1 Frame: 347 Frame from vFrameID : 100
Tcw:
[0.71849161, 0.64810121, -0.2524572, -0.048100047;
 -0.27434245, -0.06947042, -0.95911944, 0.22653325;
 -0.63914478, 0.75837898, 0.12788776, -0.23819813;
 0, 0, 0, 1]
Twc:
[0.71849161, -0.27434245, -0.63914478, -0.055535924;
 0.64810121, -0.06947042, 0.75837898, 0.22755551;
 -0.2524572, -0.95911944, 0.12788776, 0.23559186;
 0, 0, 0, 1]
Ow:
[-0.048100047;
 0.22653325;
 -0.23819813]
