Keyframe: 0 Frame: 0 Frame from vFrameID : 100
Tcw:
[0.96558064, -0.14022547, -0.21906808, 0.85985065;
 -0.19496684, 0.16729639, -0.96643668, -1.7718997;
 0.17216834, 0.97588354, 0.13419884, 2.655144;
 0, 0, 0, 1]
Twc:
[0.96558064, -0.19496684, 0.17216834, -1.6328485;
 -0.14022547, 0.16729639, 0.97588354, -2.1741061;
 -0.21906808, -0.96643668, 0.13419884, -1.8803803;
 0, 0, 0, 1]
Ow:
[0.85985065;
 -1.7718997;
 2.655144]
Keyframe: 1 Frame: 389 Frame from vFrameID : 100
Tcw:
[0.95878905, -0.14732045, -0.2429409, 0.023028521;
 -0.21597791, 0.17764527, -0.9601019, -0.027631667;
 0.18459995, 0.97300506, 0.13850637, 0.04075766;
 0, 0, 0, 1]
Twc:
[0.95878905, -0.21597791, 0.18459995, -0.035571184;
 -0.14732045, 0.17764527, 0.97300506, -0.031356201;
 -0.2429409, -0.9601019, 0.13850637, -0.026579842;
 0, 0, 0, 1]
Ow:
[0.023028521;
 -0.027631667;
 0.04075766]
