Keyframe: 0 Frame: 0 Frame from vFrameID : 100
Tcw:
[0.96196693, -0.13560385, -0.23713131, 0.42935717;
 -0.23032561, 0.064078309, -0.97100157, -0.64646411;
 0.14686652, 0.98868883, 0.030408176, 0.81287253;
 0, 0, 0, 1]
Twc:
[0.96196693, -0.23032561, 0.14686652, -0.68130839;
 -0.13560385, 0.064078309, 0.98868883, -0.70403117;
 -0.23713131, -0.97100157, 0.030408176, -0.55062163;
 0, 0, 0, 1]
Ow:
[0.42935717;
 -0.64646411;
 0.81287253]
Keyframe: 1 Frame: 293 Frame from vFrameID : 100
Tcw:
[0.96304196, -0.14320956, -0.22812533, 0.013225229;
 -0.21918415, 0.075592555, -0.97275078, -0.01903002;
 0.15655179, 0.98680127, 0.041409541, 0.019189702;
 0, 0, 0, 1]
Twc:
[0.96304196, -0.21918415, 0.15655179, -0.019911712;
 -0.14320956, 0.075592555, 0.98680127, -0.015603916;
 -0.22812533, -0.97275078, 0.041409541, -0.016289093;
 0, 0, 0, 1]
Ow:
[0.013225229;
 -0.01903002;
 0.019189702]
