Keyframe: 0 Frame: 0 Frame from vFrameID : 100
Tcw:
[0.94382501, -0.15118937, -0.29383019, 1.3089638;
 -0.21766602, 0.38458285, -0.89706051, -3.2267056;
 0.24862805, 0.91062498, 0.33007011, 6.4673643;
 0, 0, 0, 1]
Twc:
[0.94382501, -0.21766602, 0.24862805, -3.5457451;
 -0.15118937, 0.38458285, 0.91062498, -4.4505062;
 -0.29383019, -0.89706051, 0.33007011, -4.6446209;
 0, 0, 0, 1]
Ow:
[1.3089638;
 -3.2267056;
 6.4673643]
Keyframe: 1 Frame: 571 Frame from vFrameID : 100
Tcw:
[0.94621772, -0.14198679, -0.29070914, 0.021436982;
 -0.21211277, 0.40623504, -0.88880891, -0.030430034;
 0.24429536, 0.90266985, 0.35426959, 0.025979687;
 0, 0, 0, 1]
Twc:
[0.94621772, -0.21211277, 0.24429536, -0.033085369;
 -0.14198679, 0.40623504, 0.90266985, -0.0080455644;
 -0.29070914, -0.88880891, 0.35426959, -0.030018369;
 0, 0, 0, 1]
Ow:
[0.021436982;
 -0.030430034;
 0.025979687]
