Keyframe: 0 Frame: 0 Frame from vFrameID : 100
Tcw:
[0.93899012, -0.16326171, -0.30272618, 1.0478127;
 -0.26009822, 0.23884238, -0.93557644, -2.2356167;
 0.22504765, 0.95723557, 0.18180656, 3.4677267;
 0, 0, 0, 1]
Twc:
[0.93899012, -0.26009822, 0.22504765, -2.3457694;
 -0.16326171, 0.23884238, 0.95723557, -2.6144037;
 -0.30272618, -0.93557644, 0.18180656, -2.4048455;
 0, 0, 0, 1]
Ow:
[1.0478127;
 -2.2356167;
 3.4677267]
Keyframe: 1 Frame: 428 Frame from vFrameID : 100
Tcw:
[0.93879557, -0.16162854, -0.30420241, -nan;
 -0.26078659, 0.24349545, -0.93418431, -nan;
 0.22506276, 0.95634001, 0.18644188, inf;
 0, 0, 0, 1]
Twc:
[0.93879557, -0.26078659, 0.22506276, -inf;
 -0.16162854, 0.24349545, 0.95634001, -inf;
 -0.30420241, -0.93418431, 0.18644188, -inf;
 0, 0, 0, 1]
Ow:
[-nan;
 -nan;
 inf]
