Keyframe: 0 Frame: 0 Frame from vFrameID : 100
Tcw:
[0.95898163, -0.13985138, -0.24656801, 0.78144795;
 -0.22372961, 0.16071132, -0.96131003, -1.5619016;
 0.1740668, 0.97704321, 0.12283032, 2.2777443;
 0, 0, 0, 1]
Twc:
[0.95898163, -0.22372961, 0.1740668, -1.4953176;
 -0.13985138, 0.16071132, 0.97704321, -1.8651527;
 -0.24656801, -0.96131003, 0.12283032, -1.5885676;
 0, 0, 0, 1]
Ow:
[0.78144795;
 -1.5619016;
 2.2777443]
Keyframe: 1 Frame: 371 Frame from vFrameID : 100
Tcw:
[0.35796332, -0.20901655, -0.91004086, 1.1546386;
 -0.80488014, 0.42497274, -0.41420546, 0.08962062;
 0.47331834, 0.88074416, -0.016108615, 1.5688879;
 0, 0, 0, 1]
Twc:
[0.35796332, -0.80488014, 0.47331834, -1.0837679;
 -0.20901655, 0.42497274, 0.88074416, -1.1785367;
 -0.91004086, -0.41420546, -0.016108615, 1.1131623;
 0, 0, 0, 1]
Ow:
[1.1546386;
 0.08962062;
 1.5688879]
