Keyframe: 0 Frame: 0 Frame from vFrameID : 100
Tcw:
[0.9732036, -0.1062723, -0.20391414, 0.74772328;
 -0.19484513, 0.089789405, -0.97671556, -1.4209985;
 0.12210713, 0.99027473, 0.066676728, 1.9989756;
 0, 0, 0, 1]
Twc:
[0.9732036, -0.19484513, 0.12210713, -1.2486508;
 -0.1062723, 0.089789405, 0.99027473, -1.7724823;
 -0.20391414, -0.97671556, 0.066676728, -1.3687251;
 0, 0, 0, 1]
Ow:
[0.74772328;
 -1.4209985;
 1.9989756]
Keyframe: 1 Frame: 357 Frame from vFrameID : 100
Tcw:
[0.96537244, -0.08705797, -0.24592072, 0.019707615;
 -0.23951256, 0.07782831, -0.96776879, -0.045579232;
 0.10339158, 0.9931584, 0.054281827, 0.056052629;
 0, 0, 0, 1]
Twc:
[0.96537244, -0.23951256, 0.10339158, -0.035737354;
 -0.08705797, 0.07782831, 0.9931584, -0.050406083;
 -0.24592072, -0.96776879, 0.054281827, -0.042306289;
 0, 0, 0, 1]
Ow:
[0.019707615;
 -0.045579232;
 0.056052629]
