Keyframe: 0 Frame: 0 Frame from vFrameID : 100
Tcw:
[0.92058069, -0.19558059, -0.33805236, 1.2734395;
 -0.25712273, 0.34801605, -0.90153909, -2.9249561;
 0.29397118, 0.91686046, 0.27008864, 5.4713516;
 0, 0, 0, 1]
Twc:
[0.92058069, -0.25712273, 0.29397118, -3.5327964;
 -0.19558059, 0.34801605, 0.91686046, -3.7494745;
 -0.33805236, -0.90153909, 0.27008864, -3.6842232;
 0, 0, 0, 1]
Ow:
[1.2734395;
 -2.9249561;
 5.4713516]
Keyframe: 1 Frame: 522 Frame from vFrameID : 100
Tcw:
[0.92734241, -0.17092332, -0.33289823, -0.13225801;
 -0.25950274, 0.34722009, -0.901164, -0.09167245;
 0.2696189, 0.92207563, 0.27763686, 0.056906063;
 0, 0, 0, 1]
Twc:
[0.92734241, -0.25950274, 0.2696189, 0.08351627;
 -0.17092332, 0.34722009, 0.92207563, -0.043247156;
 -0.33289823, -0.901164, 0.27763686, -0.14243959;
 0, 0, 0, 1]
Ow:
[-0.13225801;
 -0.09167245;
 0.056906063]
