Keyframe: 0 Frame: 0 Frame from vFrameID : 100
Tcw:
[0.92717546, -0.17870371, -0.32925767, 1.2680224;
 -0.25112602, 0.35571513, -0.90022355, -2.966677;
 0.27799523, 0.91735041, 0.28493318, 5.6484561;
 0, 0, 0, 1]
Twc:
[0.92717546, -0.25112602, 0.27799523, -3.4909329;
 -0.17870371, 0.35571513, 0.91735041, -3.8997211;
 -0.32925767, -0.90022355, 0.28493318, -3.8625991;
 0, 0, 0, 1]
Ow:
[1.2680224;
 -2.966677;
 5.6484561]
Keyframe: 1 Frame: 531 Frame from vFrameID : 100
Tcw:
[0.93054205, -0.17285743, -0.32281852, -0.0034936145;
 -0.25254065, 0.3354432, -0.90757978, -0.062385976;
 0.26516917, 0.92606598, 0.26849046, 0.09306284;
 0, 0, 0, 1]
Twc:
[0.93054205, -0.25254065, 0.26516917, -0.037181437;
 -0.17285743, 0.3354432, 0.92606598, -0.065859273;
 -0.32281852, -0.90757978, 0.26849046, -0.08273454;
 0, 0, 0, 1]
Ow:
[-0.0034936145;
 -0.062385976;
 0.09306284]
