Keyframe: 0 Frame: 0 Frame from vFrameID : 100
Tcw:
[0.97378123, -0.10062838, -0.20401974, 0.82036579;
 -0.18498747, 0.17169596, -0.96762604, -1.7205064;
 0.13240001, 0.97999716, 0.14857931, 2.5363712;
 0, 0, 0, 1]
Twc:
[0.97378123, -0.18498747, 0.13240001, -1.4529444;
 -0.10062838, 0.17169596, 0.97999716, -2.1076803;
 -0.20401974, -0.96762604, 0.14857931, -1.8742882;
 0, 0, 0, 1]
Ow:
[0.82036579;
 -1.7205064;
 2.5363712]
Keyframe: 1 Frame: 385 Frame from vFrameID : 100
Tcw:
[0.97316211, -0.11331411, -0.20028828, 0.02108264;
 -0.17970532, 0.16944413, -0.96901739, -0.037882041;
 0.14374103, 0.97900391, 0.14453346, 0.050444487;
 0, 0, 0, 1]
Twc:
[0.97316211, -0.17970532, 0.14374103, -0.034575373;
 -0.11331411, 0.16944413, 0.97900391, -0.040577501;
 -0.20028828, -0.96901739, 0.14453346, -0.039776668;
 0, 0, 0, 1]
Ow:
[0.02108264;
 -0.037882041;
 0.050444487]
