Keyframe: 0 Frame: 0 Frame from vFrameID : 100
Tcw:
[0.90877402, -0.19479398, -0.36903262, 1.3449031;
 -0.25940984, 0.4289884, -0.86526036, -3.3187499;
 0.32685822, 0.88205683, 0.33932203, 6.9068422;
 0, 0, 0, 1]
Twc:
[0.90877402, -0.25940984, 0.32685822, -4.3406878;
 -0.19479398, 0.4289884, 0.88205683, -4.4065433;
 -0.36903262, -0.86526036, 0.33932203, -4.7189136;
 0, 0, 0, 1]
Ow:
[1.3449031;
 -3.3187499;
 6.9068422]
Keyframe: 1 Frame: 592 Frame from vFrameID : 100
Tcw:
[0.91554058, -0.19393235, -0.35238579, 0.023056183;
 -0.24674079, 0.42109725, -0.87280929, -0.050697431;
 0.31765464, 0.88604027, 0.33768058, 0.10680535;
 0, 0, 0, 1]
Twc:
[0.91554058, -0.24674079, 0.31765464, -0.067545213;
 -0.19393235, 0.42109725, 0.88604027, -0.06881395;
 -0.35238579, -0.87280929, 0.33768058, -0.072190613;
 0, 0, 0, 1]
Ow:
[0.023056183;
 -0.050697431;
 0.10680535]
