Keyframe: 0 Frame: 0 Frame from vFrameID : 100
Tcw:
[0.92381388, -0.20207421, -0.32516751, 1.2620037;
 -0.25338832, 0.31396362, -0.91499794, -2.8994787;
 0.28698826, 0.92768145, 0.2388407, 5.3992324;
 0, 0, 0, 1]
Twc:
[0.92381388, -0.25338832, 0.28698826, -3.4500668;
 -0.20207421, 0.31396362, 0.92768145, -3.8434186;
 -0.32516751, -0.91499794, 0.2388407, -3.5322111;
 0, 0, 0, 1]
Ow:
[1.2620037;
 -2.8994787;
 5.3992324]
Keyframe: 1 Frame: 519 Frame from vFrameID : 100
Tcw:
[0.92765033, -0.20543617, -0.31186679, 0.014676834;
 -0.23618616, 0.32413247, -0.91605365, -0.035407785;
 0.28927669, 0.92343605, 0.2521604, 0.07353209;
 0, 0, 0, 1]
Twc:
[0.92765033, -0.23618616, 0.28927669, -0.043248918;
 -0.20543617, 0.32413247, 0.92343605, -0.053410213;
 -0.31186679, -0.91605365, 0.2521604, -0.046400093;
 0, 0, 0, 1]
Ow:
[0.014676834;
 -0.035407785;
 0.07353209]
