Keyframe: 0 Frame: 0 Frame from vFrameID : 100
Tcw:
[0.96955472, -0.11702115, -0.21510397, 0.60343814;
 -0.19791776, 0.14277823, -0.96976435, -1.1327566;
 0.14419511, 0.98281252, 0.11527075, 1.5240905;
 0, 0, 0, 1]
Twc:
[0.96955472, -0.19791776, 0.14419511, -1.0290253;
 -0.11702115, 0.14277823, 0.98281252, -1.2655472;
 -0.21510397, -0.96976435, 0.11527075, -1.1443881;
 0, 0, 0, 1]
Ow:
[0.60343814;
 -1.1327566;
 1.5240905]
Keyframe: 1 Frame: 334 Frame from vFrameID : 100
Tcw:
[0.97016096, -0.12344544, -0.2086838, -0.0043509542;
 -0.19205454, 0.13410124, -0.97217894, 0.0051894896;
 0.14799583, 0.98324871, 0.10639153, -0.011238128;
 0, 0, 0, 1]
Twc:
[0.97016096, -0.19205454, 0.14799583, 0.006880987;
 -0.12344544, 0.13410124, 0.98324871, 0.0098168524;
 -0.2086838, -0.97217894, 0.10639153, 0.0053327805;
 0, 0, 0, 1]
Ow:
[-0.0043509542;
 0.0051894896;
 -0.011238128]
