Keyframe: 0 Frame: 0 Frame from vFrameID : 100
Tcw:
[0.96843231, -0.11002749, -0.22368027, 0.75584096;
 -0.20954961, 0.1266652, -0.96955913, -1.4711678;
 0.13501066, 0.98582447, 0.099610463, 2.0654731;
 0, 0, 0, 1]
Twc:
[0.96843231, -0.20954961, 0.13501066, -1.3191242;
 -0.11002749, 0.1266652, 0.98582447, -1.766685;
 -0.22368027, -0.96955913, 0.099610463, -1.4630601;
 0, 0, 0, 1]
Ow:
[0.75584096;
 -1.4711678;
 2.0654731]
Keyframe: 1 Frame: 360 Frame from vFrameID : 100
Tcw:
[-0.34300333, -0.74340802, -0.57418919, -0.1079157;
 -0.12243747, 0.64144099, -0.75733912, -0.04405117;
 0.93132043, -0.18946758, -0.31103739, -0.46393517;
 0, 0, 0, 1]
Twc:
[-0.34300333, -0.12243747, 0.93132043, 0.38966337;
 -0.74340802, 0.64144099, -0.18946758, -0.13986984;
 -0.57418919, -0.75733912, -0.31103739, -0.23962688;
 0, 0, 0, 1]
Ow:
[-0.1079157;
 -0.04405117;
 -0.46393517]
