Keyframe: 0 Frame: 0 Frame from vFrameID : 100
Tcw:
[0.98347676, -0.056196392, -0.1720912, 0.6627028;
 -0.16208765, 0.15003872, -0.97530299, -1.2567049;
 0.080628857, 0.98708171, 0.13845086, 1.7473508;
 0, 0, 0, 1]
Twc:
[0.98347676, -0.16208765, 0.080628857, -0.9963361;
 -0.056196392, 0.15003872, 0.98708171, -1.4989821;
 -0.1720912, -0.97530299, 0.13845086, -1.3535451;
 0, 0, 0, 1]
Ow:
[0.6627028;
 -1.2567049;
 1.7473508]
Keyframe: 1 Frame: 344 Frame from vFrameID : 100
Tcw:
[0.98504657, -0.056793809, -0.16265824, 0.0069197086;
 -0.15204144, 0.1574994, -0.97574449, -0.016457412;
 0.081034824, 0.98588461, 0.14650925, 0.020764532;
 0, 0, 0, 1]
Twc:
[0.98504657, -0.15204144, 0.081034824, -0.011001094;
 -0.056793809, 0.1574994, 0.98588461, -0.017486401;
 -0.16265824, -0.97574449, 0.14650925, -0.017974878;
 0, 0, 0, 1]
Ow:
[0.0069197086;
 -0.016457412;
 0.020764532]
