Keyframe: 0 Frame: 0 Frame from vFrameID : 100
Tcw:
[0.95815158, -0.12861618, -0.25574094, 1.059598;
 -0.21608104, 0.26102605, -0.94083709, -2.3507047;
 0.18776192, 0.9567253, 0.222311, 3.7684705;
 0, 0, 0, 1]
Twc:
[0.95815158, -0.21608104, 0.18776192, -2.2307734;
 -0.12861618, 0.26102605, 0.9567253, -2.8555145;
 -0.25574094, -0.94083709, 0.222311, -2.77842;
 0, 0, 0, 1]
Ow:
[1.059598;
 -2.3507047;
 3.7684705]
Keyframe: 1 Frame: 443 Frame from vFrameID : 100
Tcw:
[0.96332937, -0.12634763, -0.23671241, 0.011615089;
 -0.198131, 0.25996006, -0.94507402, -0.036392141;
 0.18094362, 0.95731765, 0.22539377, 0.056210548;
 0, 0, 0, 1]
Twc:
[0.96332937, -0.198131, 0.18094362, -0.028570509;
 -0.12634763, 0.25996006, 0.95731765, -0.042883307;
 -0.23671241, -0.94507402, 0.22539377, -0.044313338;
 0, 0, 0, 1]
Ow:
[0.011615089;
 -0.036392141;
 0.056210548]
