Keyframe: 0 Frame: 0 Frame from vFrameID : 100
Tcw:
[0.88308406, -0.24472064, -0.40034279, 1.3689597;
 -0.2538363, 0.46842381, -0.84625423, -3.4917006;
 0.39462599, 0.84893519, 0.35153863, 8.0329571;
 0, 0, 0, 1]
Twc:
[0.88308406, -0.2538363, 0.39462599, -5.2652407;
 -0.24472064, 0.46842381, 0.84893519, -4.8488517;
 -0.40034279, -0.84625423, 0.35153863, -5.2307081;
 0, 0, 0, 1]
Ow:
[1.3689597;
 -3.4917006;
 8.0329571]
Keyframe: 1 Frame: 647 Frame from vFrameID : 100
Tcw:
[0.88869697, -0.24071343, -0.39022404, 0.0099255396;
 -0.24646747, 0.4668588, -0.84929186, -0.021853324;
 0.38661548, 0.85094059, 0.35556796, 0.060578845;
 0, 0, 0, 1]
Twc:
[0.88869697, -0.24646747, 0.38661548, -0.037627649;
 -0.24071343, 0.4668588, 0.85094059, -0.038957372;
 -0.39022404, -0.84929186, 0.35556796, -0.036226563;
 0, 0, 0, 1]
Ow:
[0.0099255396;
 -0.021853324;
 0.060578845]
