Keyframe: 0 Frame: 0 Frame from vFrameID : 100
Tcw:
[0.98621869, -0.059480418, -0.15438502, 0.50586981;
 -0.15140237, 0.051780526, -0.98711503, -0.91127956;
 0.066708155, 0.9968856, 0.042061448, 1.2366536;
 0, 0, 0, 1]
Twc:
[0.98621869, -0.15140237, 0.066708155, -0.71936303;
 -0.059480418, 0.051780526, 0.9968856, -1.1555263;
 -0.15438502, -0.98711503, 0.042061448, -0.87345445;
 0, 0, 0, 1]
Ow:
[0.50586981;
 -0.91127956;
 1.2366536]
Keyframe: 1 Frame: 320 Frame from vFrameID : 100
Tcw:
[0.98414838, -0.068476982, -0.16359372, 0.017011475;
 -0.16064842, 0.046546742, -0.98591352, -0.029039398;
 0.07512714, 0.99656624, 0.034808181, 0.040379722;
 0, 0, 0, 1]
Twc:
[0.98414838, -0.16064842, 0.07512714, -0.024440562;
 -0.068476982, 0.046546742, 0.99656624, -0.037724484;
 -0.16359372, -0.98591352, 0.034808181, -0.027252911;
 0, 0, 0, 1]
Ow:
[0.017011475;
 -0.029039398;
 0.040379722]
