Keyframe: 0 Frame: 0 Frame from vFrameID : 100
Tcw:
[0.97054559, -0.13520342, -0.19940229, 0.46287549;
 -0.19428961, 0.05014554, -0.97966164, -0.73480666;
 0.14245275, 0.98954809, 0.022399914, 0.99275768;
 0, 0, 0, 1]
Twc:
[0.97054559, -0.19428961, 0.14245275, -0.73342812;
 -0.13520342, 0.05014554, 0.98954809, -0.88295186;
 -0.19940229, -0.97966164, 0.022399914, -0.64980119;
 0, 0, 0, 1]
Ow:
[0.46287549;
 -0.73480666;
 0.99275768]
Keyframe: 1 Frame: 302 Frame from vFrameID : 100
Tcw:
[0.71276313, 0.047475215, -0.69979632, 0.68117541;
 -0.6287657, -0.39890578, -0.66747874, -0.39997596;
 -0.3108415, 0.91576213, -0.25447455, 0.37889555;
 0, 0, 0, 1]
Twc:
[0.71276313, -0.6287657, -0.3108415, -0.6192314;
 0.047475215, -0.39890578, 0.91576213, -0.53886986;
 -0.69979632, -0.66747874, -0.25447455, 0.30612788;
 0, 0, 0, 1]
Ow:
[0.68117541;
 -0.39997596;
 0.37889555]
