Keyframe: 0 Frame: 0 Frame from vFrameID : 100
Tcw:
[0.92474121, -0.19562337, -0.3264738, 1.2973336;
 -0.22908574, 0.3989082, -0.88791442, -3.1231546;
 0.3039299, 0.89588153, 0.32407233, 6.1064548;
 0, 0, 0, 1]
Twc:
[0.92474121, -0.22908574, 0.3039299, -3.7711024;
 -0.19562337, 0.3989082, 0.89588153, -3.9710197;
 -0.3264738, -0.88791442, 0.32407233, -4.3284817;
 0, 0, 0, 1]
Ow:
[1.2973336;
 -3.1231546;
 6.1064548]
Keyframe: 1 Frame: 554 Frame from vFrameID : 100
Tcw:
[0.91630518, -0.21266057, -0.33935276, 0.016569074;
 -0.23429145, 0.4025684, -0.88489896, -0.036340371;
 0.32479581, 0.89034498, 0.31905097, 0.076928258;
 0, 0, 0, 1]
Twc:
[0.91630518, -0.23429145, 0.32479581, -0.048682544;
 -0.21266057, 0.4025684, 0.89034498, -0.050339609;
 -0.33935276, -0.88489896, 0.31905097, -0.05107883;
 0, 0, 0, 1]
Ow:
[0.016569074;
 -0.036340371;
 0.076928258]
