Keyframe: 0 Frame: 0 Frame from vFrameID : 100
Tcw:
[0.93830597, -0.16389993, -0.30449757, 1.1517048;
 -0.24914867, 0.29021257, -0.92395973, -2.4999359;
 0.23980595, 0.9428221, 0.23147273, 4.1543531;
 0, 0, 0, 1]
Twc:
[0.93830597, -0.24914867, 0.23980595, -2.6997459;
 -0.16389993, 0.29021257, 0.9428221, -3.0025387;
 -0.30449757, -0.92395973, 0.23147273, -2.9207683;
 0, 0, 0, 1]
Ow:
[1.1517048;
 -2.4999359;
 4.1543531]
Keyframe: 1 Frame: 461 Frame from vFrameID : 100
Tcw:
[0.93793643, -0.18197006, -0.29523242, -0.0010565575;
 -0.24179491, 0.26714703, -0.93282777, -0.048469909;
 0.24861719, 0.94631886, 0.2065675, 0.079803944;
 0, 0, 0, 1]
Twc:
[0.93793643, -0.24179491, 0.24861719, -0.030569423;
 -0.18197006, 0.26714703, 0.94631886, -0.062763639;
 -0.29523242, -0.93282777, 0.2065675, -0.062010907;
 0, 0, 0, 1]
Ow:
[-0.0010565575;
 -0.048469909;
 0.079803944]
