Keyframe: 0 Frame: 0 Frame from vFrameID : 100
Tcw:
[0.92117977, -0.17117539, -0.34946644, 1.3459331;
 -0.26506886, 0.38146898, -0.88556194, -3.331948;
 0.28489703, 0.9083944, 0.30602825, 6.9804029;
 0, 0, 0, 1]
Twc:
[0.92117977, -0.26506886, 0.28489703, -4.1117377;
 -0.17117539, 0.38146898, 0.9083944, -4.8395333;
 -0.34946644, -0.88556194, 0.30602825, -4.616488;
 0, 0, 0, 1]
Ow:
[1.3459331;
 -3.331948;
 6.9804029]
Keyframe: 1 Frame: 596 Frame from vFrameID : 100
Tcw:
[0.92314237, -0.16887733, -0.3453818, 0.019236373;
 -0.26321015, 0.37719351, -0.88794452, -0.042457215;
 0.28022948, 0.91060722, 0.30375308, 0.084824547;
 0, 0, 0, 1]
Twc:
[0.92314237, -0.26321015, 0.28022948, -0.052703418;
 -0.16887733, 0.37719351, 0.91060722, -0.057978671;
 -0.3453818, -0.88794452, 0.30375308, -0.056821477;
 0, 0, 0, 1]
Ow:
[0.019236373;
 -0.042457215;
 0.084824547]
