Keyframe: 0 Frame: 0 Frame from vFrameID : 100
Tcw:
[0.95903093, -0.12208923, -0.25564417, 0.94512463;
 -0.22523874, 0.21873972, -0.94943166, -2.0003076;
 0.1718349, 0.96811527, 0.18227892, 3.0116811;
 0, 0, 0, 1]
Twc:
[0.95903093, -0.22523874, 0.1718349, -1.8744624;
 -0.12208923, 0.21873972, 0.96811527, -2.3627181;
 -0.25564417, -0.94943166, 0.18227892, -2.2065058;
 0, 0, 0, 1]
Ow:
[0.94512463;
 -2.0003076;
 3.0116811]
Keyframe: 1 Frame: 407 Frame from vFrameID : 100
Tcw:
[0.32565925, -0.91277736, -0.24654309, 0.025801189;
 0.11115883, 0.29591182, -0.9487254, -0.15434882;
 0.93893009, 0.28155577, 0.19782969, 0.31178546;
 0, 0, 0, 1]
Twc:
[0.32565925, 0.11115883, 0.93893009, -0.28398994;
 -0.91277736, 0.29591182, 0.28155577, -0.018560618;
 -0.24654309, -0.9487254, 0.19782969, -0.20175396;
 0, 0, 0, 1]
Ow:
[0.025801189;
 -0.15434882;
 0.31178546]
