Keyframe: 0 Frame: 0 Frame from vFrameID : 100
Tcw:
[0.92713535, -0.19292331, -0.32124865, 1.2076321;
 -0.25080445, 0.31748584, -0.91449434, -2.787173;
 0.27841917, 0.92843056, 0.24596632, 5.0344009;
 0, 0, 0, 1]
Twc:
[0.92713535, -0.25080445, 0.27841917, -3.2203472;
 -0.19292331, 0.31748584, 0.92843056, -3.5562234;
 -0.32124865, -0.91449434, 0.24596632, -3.3991969;
 0, 0, 0, 1]
Ow:
[1.2076321;
 -2.787173;
 5.0344009]
Keyframe: 1 Frame: 500 Frame from vFrameID : 100
Tcw:
[0.93063784, -0.18963613, -0.31297177, -nan;
 -0.24438933, 0.31449178, -0.91726154, -nan;
 0.27237299, 0.9301253, 0.24633291, inf;
 0, 0, 0, 1]
Twc:
[0.93063784, -0.24438933, 0.27237299, -inf;
 -0.18963613, 0.31449178, 0.9301253, -inf;
 -0.31297177, -0.91726154, 0.24633291, -inf;
 0, 0, 0, 1]
Ow:
[-nan;
 -nan;
 inf]
