Keyframe: 0 Frame: 0 Frame from vFrameID : 100
Tcw:
[0.97461772, -0.098649979, -0.20096889, 0.79663181;
 -0.18268895, 0.16841684, -0.96863848, -1.6784451;
 0.12940271, 0.98076701, 0.14611977, 2.4584913;
 0, 0, 0, 1]
Twc:
[0.97461772, -0.18268895, 0.12940271, -1.4011803;
 -0.098649979, 0.16841684, 0.98076701, -2.0499411;
 -0.20096889, -0.96863848, 0.14611977, -1.8249425;
 0, 0, 0, 1]
Ow:
[0.79663181;
 -1.6784451;
 2.4584913]
Keyframe: 1 Frame: 381 Frame from vFrameID : 100
Tcw:
[0.9757123, -0.094259784, -0.19773863, -0.012478982;
 -0.17906895, 0.17672744, -0.96783352, 0.0089242496;
 0.12617363, 0.97973591, 0.15555614, -0.027570223;
 0, 0, 0, 1]
Twc:
[0.9757123, -0.17906895, 0.12617363, 0.017252589;
 -0.094259784, 0.17672744, 0.97973591, 0.024258114;
 -0.19773863, -0.96783352, 0.15555614, 0.010458329;
 0, 0, 0, 1]
Ow:
[-0.012478982;
 0.0089242496;
 -0.027570223]
