Keyframe: 0 Frame: 0 Frame from vFrameID : 100
Tcw:
[0.98095053, -0.095807642, -0.16898812, 0.70233417;
 -0.15672031, 0.123695, -0.97986645, -1.3703035;
 0.11478169, 0.98768437, 0.10632367, 1.9376667;
 0, 0, 0, 1]
Twc:
[0.98095053, -0.15672031, 0.11478169, -1.1261181;
 -0.095807642, 0.123695, 0.98768437, -1.6770145;
 -0.16898812, -0.97986645, 0.10632367, -1.4300481;
 0, 0, 0, 1]
Ow:
[0.70233417;
 -1.3703035;
 1.9376667]
Keyframe: 1 Frame: 353 Frame from vFrameID : 100
Tcw:
[0.98106658, -0.10754044, -0.1610696, 0.011943708;
 -0.14783077, 0.12146261, -0.98152578, -0.017750612;
 0.12511764, 0.98675323, 0.10326512, 0.025573768;
 0, 0, 0, 1]
Twc:
[0.98106658, -0.14783077, 0.12511764, -0.01754139;
 -0.10754044, 0.12146261, 0.98675323, -0.02179453;
 -0.1610696, -0.98152578, 0.10326512, -0.018139793;
 0, 0, 0, 1]
Ow:
[0.011943708;
 -0.017750612;
 0.025573768]
