Keyframe: 0 Frame: 0 Frame from vFrameID : 100
Tcw:
[0.93582487, -0.15228213, -0.31787091, 1.3304819;
 -0.23282453, 0.41000602, -0.8818661, -3.3468933;
 0.26462144, 0.89928037, 0.34823883, 7.1055427;
 0, 0, 0, 1]
Twc:
[0.93582487, -0.23282453, 0.26462144, -3.9046159;
 -0.15228213, 0.41000602, 0.89928037, -4.8150206;
 -0.31787091, -0.8818661, 0.34823883, -5.003016;
 0, 0, 0, 1]
Ow:
[1.3304819;
 -3.3468933;
 7.1055427]
Keyframe: 1 Frame: 604 Frame from vFrameID : 100
Tcw:
[0.93231636, -0.17382681, -0.31712851, 0.026052393;
 -0.22352226, 0.4123821, -0.88316411, -0.053684548;
 0.28429571, 0.89427358, 0.34561643, 0.13579988;
 0, 0, 0, 1]
Twc:
[0.93231636, -0.22352226, 0.28429571, -0.07489609;
 -0.17382681, 0.4123821, 0.89427358, -0.094775103;
 -0.31712851, -0.88316411, 0.34561643, -0.086084977;
 0, 0, 0, 1]
Ow:
[0.026052393;
 -0.053684548;
 0.13579988]
