Keyframe: 0 Frame: 0 Frame from vFrameID : 100
Tcw:
[0.95072943, -0.15177044, -0.27033177, 1.0540841;
 -0.23316222, 0.22465189, -0.9461326, -2.3076971;
 0.20432551, 0.9625473, 0.17819603, 3.6971514;
 0, 0, 0, 1]
Twc:
[0.95072943, -0.23316222, 0.20432551, -2.2956388;
 -0.15177044, 0.22465189, 0.9625473, -2.8802757;
 -0.27033177, -0.9461326, 0.17819603, -2.5572526;
 0, 0, 0, 1]
Ow:
[1.0540841;
 -2.3076971;
 3.6971514]
Keyframe: 1 Frame: 439 Frame from vFrameID : 100
Tcw:
[0.9574188, -0.14449017, -0.24994373, 0.0099875638;
 -0.21159641, 0.23778602, -0.94798988, -0.020018188;
 0.19640833, 0.96051049, 0.1970872, 0.031092152;
 0, 0, 0, 1]
Twc:
[0.9574188, -0.21159641, 0.19640833, -0.019904815;
 -0.14449017, 0.23778602, 0.96051049, -0.023661187;
 -0.24994373, -0.94798988, 0.1970872, -0.022608574;
 0, 0, 0, 1]
Ow:
[0.0099875638;
 -0.020018188;
 0.031092152]
