Keyframe: 0 Frame: 0 Frame from vFrameID : 100
Tcw:
[0.90541232, -0.20647004, -0.37094298, 1.373152;
 -0.24746205, 0.45329338, -0.85632217, -3.5017328;
 0.34495088, 0.8671189, 0.35932392, 8.2298183;
 0, 0, 0, 1]
Twc:
[0.90541232, -0.24746205, 0.34495088, -4.9486976;
 -0.20647004, 0.45329338, 0.8671189, -5.2654042;
 -0.37094298, -0.85632217, 0.35932392, -5.4464207;
 0, 0, 0, 1]
Ow:
[1.373152;
 -3.5017328;
 8.2298183]
Keyframe: 1 Frame: 656 Frame from vFrameID : 100
Tcw:
[0.90666157, -0.19935757, -0.37178141, 0.028047275;
 -0.2530846, 0.44803768, -0.85744411, -0.072315797;
 0.33751005, 0.87150377, 0.35576421, 0.16839123;
 0, 0, 0, 1]
Twc:
[0.90666157, -0.2530846, 0.33751005, -0.10056513;
 -0.19935757, 0.44803768, 0.87150377, -0.10876195;
 -0.37178141, -0.85744411, 0.35576421, -0.11148687;
 0, 0, 0, 1]
Ow:
[0.028047275;
 -0.072315797;
 0.16839123]
