Keyframe: 0 Frame: 0 Frame from vFrameID : 100
Tcw:
[0.94088095, -0.16023883, -0.29844016, 1.0382994;
 -0.26023018, 0.22208337, -0.93965912, -2.1918194;
 0.21684848, 0.96177047, 0.16725504, 3.3925815;
 0, 0, 0, 1]
Twc:
[0.94088095, -0.26023018, 0.21684848, -2.28297;
 -0.16023883, 0.22208337, 0.96177047, -2.6097422;
 -0.29844016, -0.93965912, 0.16725504, -2.3171191;
 0, 0, 0, 1]
Ow:
[1.0382994;
 -2.1918194;
 3.3925815]
Keyframe: 1 Frame: 425 Frame from vFrameID : 100
Tcw:
[0.94143617, -0.16192998, -0.29576454, 0.017365539;
 -0.25188023, 0.24542759, -0.93612051, -0.035775207;
 0.22417475, 0.95579493, 0.19026746, 0.057998907;
 0, 0, 0, 1]
Twc:
[0.94143617, -0.25188023, 0.22417475, -0.038361505;
 -0.16192998, 0.24542759, 0.95579493, -0.043842837;
 -0.29576454, -0.93612051, 0.19026746, -0.0393891;
 0, 0, 0, 1]
Ow:
[0.017365539;
 -0.035775207;
 0.057998907]
