Keyframe: 0 Frame: 0 Frame from vFrameID : 100
Tcw:
[0.91906071, -0.18011369, -0.35055164, 1.3421543;
 -0.24237658, 0.44306871, -0.86310124, -3.44379;
 0.3107748, 0.87820792, 0.36355171, 7.6663437;
 0, 0, 0, 1]
Twc:
[0.91906071, -0.24237658, 0.3107748, -4.4507217;
 -0.18011369, 0.44306871, 0.87820792, -4.9650679;
 -0.35055164, -0.86310124, 0.36355171, -5.2889576;
 0, 0, 0, 1]
Ow:
[1.3421543;
 -3.44379;
 7.6663437]
Keyframe: 1 Frame: 630 Frame from vFrameID : 100
Tcw:
[0.92262203, -0.16141562, -0.35030502, 0.01783553;
 -0.24871247, 0.4452045, -0.8601948, -0.0522925;
 0.29480624, 0.88075989, 0.3706094, 0.109908;
 0, 0, 0, 1]
Twc:
[0.92262203, -0.24871247, 0.29480624, -0.061862811;
 -0.16141562, 0.4452045, 0.88075989, -0.070642762;
 -0.35030502, -0.8601948, 0.3706094, -0.079466797;
 0, 0, 0, 1]
Ow:
[0.01783553;
 -0.0522925;
 0.109908]
