Keyframe: 0 Frame: 0 Frame from vFrameID : 100
Tcw:
[0.91784507, -0.21271707, -0.33512968, 1.2038505;
 -0.25591105, 0.32828104, -0.90925306, -2.7616262;
 0.30343035, 0.92031682, 0.24687448, 4.9551868;
 0, 0, 0, 1]
Twc:
[0.91784507, -0.25591105, 0.30343035, -3.315233;
 -0.21271707, 0.32828104, 0.92031682, -3.3976727;
 -0.33512968, -0.90925306, 0.24687448, -3.3308799;
 0, 0, 0, 1]
Ow:
[1.2038505;
 -2.7616262;
 4.9551868]
Keyframe: 1 Frame: 497 Frame from vFrameID : 100
Tcw:
[0.70429611, -0.70987004, 0.0071742358, -0.15040344;
 0.36364132, 0.35206977, -0.86244529, -8.5785985e-05;
 0.60969824, 0.6100257, 0.50609946, 0.38405827;
 0, 0, 0, 1]
Twc:
[0.70429611, 0.36364132, 0.60969824, -0.12819991;
 -0.70987004, 0.35206977, 0.6100257, -0.34102213;
 0.0071742358, -0.86244529, 0.50609946, -0.19336665;
 0, 0, 0, 1]
Ow:
[-0.15040344;
 -8.5785985e-05;
 0.38405827]
