Keyframe: 0 Frame: 0 Frame from vFrameID : 100
Tcw:
[0.95468205, -0.13005009, -0.26771092, 0.93574911;
 -0.23642898, 0.2149885, -0.94756597, -1.9454006;
 0.1807858, 0.96791887, 0.17449807, 2.9227605;
 0, 0, 0, 1]
Twc:
[0.95468205, -0.23642898, 0.1807858, -1.8816855;
 -0.13005009, 0.2149885, 0.96791887, -2.289062;
 -0.26771092, -0.94756597, 0.17449807, -2.1029012;
 0, 0, 0, 1]
Ow:
[0.93574911;
 -1.9454006;
 2.9227605]
Keyframe: 1 Frame: 403 Frame from vFrameID : 100
Tcw:
[0.95641971, -0.12618147, -0.26332408, 0.010525388;
 -0.23269424, 0.21541525, -0.94839323, -0.021981677;
 0.17639366, 0.96833593, 0.17666569, 0.031089501;
 0, 0, 0, 1]
Twc:
[0.95641971, -0.23269424, 0.17639366, -0.020665688;
 -0.12618147, 0.21541525, 0.96833593, -0.024041785;
 -0.26332408, -0.94839323, 0.17666569, -0.023568133;
 0, 0, 0, 1]
Ow:
[0.010525388;
 -0.021981677;
 0.031089501]
