Keyframe: 0 Frame: 0 Frame from vFrameID : 100
Tcw:
[0.93625385, -0.17075041, -0.3070392, 1.3205652;
 -0.21961729, 0.39769688, -0.89084536, -3.2350314;
 0.27422073, 0.90148848, 0.33484548, 6.5953102;
 0, 0, 0, 1]
Twc:
[0.93625385, -0.21961729, 0.27422073, -3.755424;
 -0.17075041, 0.39769688, 0.90148848, -4.4335475;
 -0.3070392, -0.89084536, 0.33484548, -4.6848574;
 0, 0, 0, 1]
Ow:
[1.3205652;
 -3.2350314;
 6.5953102]
Keyframe: 1 Frame: 577 Frame from vFrameID : 100
Tcw:
[0.93169522, -0.17241755, -0.31971267, 0.028858306;
 -0.2306453, 0.39915642, -0.88739896, -0.06623707;
 0.28061852, 0.90052557, 0.33212483, 0.13351195;
 0, 0, 0, 1]
Twc:
[0.93169522, -0.2306453, 0.28061852, -0.079630338;
 -0.17241755, 0.39915642, 0.90052557, -0.088816293;
 -0.31971267, -0.88739896, 0.33212483, -0.093894973;
 0, 0, 0, 1]
Ow:
[0.028858306;
 -0.06623707;
 0.13351195]
