Keyframe: 0 Frame: 0 Frame from vFrameID : 100
Tcw:
[0.93329829, -0.15431318, -0.32425568, 1.3318915;
 -0.23767421, 0.4114458, -0.87989962, -3.3399982;
 0.26919374, 0.89827603, 0.34732541, 7.0531101;
 0, 0, 0, 1]
Twc:
[0.93329829, -0.23767421, 0.26919374, -3.9355364;
 -0.15431318, 0.4114458, 0.89827603, -4.7558827;
 -0.32425568, -0.87989962, 0.34732541, -4.9567137;
 0, 0, 0, 1]
Ow:
[1.3318915;
 -3.3399982;
 7.0531101]
Keyframe: 1 Frame: 599 Frame from vFrameID : 100
Tcw:
[0.93492049, -0.15324973, -0.3200596, -0.012435987;
 -0.23425299, 0.41095659, -0.88104498, 0.031849921;
 0.26655051, 0.89868194, 0.34831253, -0.065663159;
 0, 0, 0, 1]
Twc:
[0.93492049, -0.23425299, 0.26655051, 0.036590144;
 -0.15324973, 0.41095659, 0.89868194, 0.044015545;
 -0.3200596, -0.88104498, 0.34831253, 0.046952251;
 0, 0, 0, 1]
Ow:
[-0.012435987;
 0.031849921;
 -0.065663159]
