Keyframe: 0 Frame: 0 Frame from vFrameID : 100
Tcw:
[0.97168899, -0.10335656, -0.21245693, 0.58422846;
 -0.19938728, 0.12368374, -0.97208387, -1.0666311;
 0.12674871, 0.98692441, 0.099574149, 1.4096192;
 0, 0, 0, 1]
Twc:
[0.97168899, -0.19938728, 0.12674871, -0.95902842;
 -0.10335656, 0.12368374, 0.98692441, -1.1988788;
 -0.21245693, -0.97208387, 0.099574149, -1.0530932;
 0, 0, 0, 1]
Ow:
[0.58422846;
 -1.0666311;
 1.4096192]
Keyframe: 1 Frame: 331 Frame from vFrameID : 100
Tcw:
[0.96887368, -0.091288112, -0.23010933, 0.020922195;
 -0.21763273, 0.12890743, -0.96748066, -0.027459115;
 0.11798228, 0.98744589, 0.10502774, 0.010834837;
 0, 0, 0, 1]
Twc:
[0.96887368, -0.21763273, 0.11798228, -0.027525285;
 -0.091288112, 0.12890743, 0.98744589, -0.0052491841;
 -0.23010933, -0.96748066, 0.10502774, -0.022889731;
 0, 0, 0, 1]
Ow:
[0.020922195;
 -0.027459115;
 0.010834837]
