Keyframe: 0 Frame: 0 Frame from vFrameID : 100
Tcw:
[0.92021728, -0.17571902, -0.34974706, 1.2675983;
 -0.26810232, 0.36804754, -0.89031577, -2.9365015;
 0.28516898, 0.91305196, 0.29157302, 5.5332499;
 0, 0, 0, 1]
Twc:
[0.92021728, -0.26810232, 0.28516898, -3.5316596;
 -0.17571902, 0.36804754, 0.91305196, -3.748631;
 -0.34974706, -0.89031577, 0.29157302, -3.7844212;
 0, 0, 0, 1]
Ow:
[1.2675983;
 -2.9365015;
 5.5332499]
Keyframe: 1 Frame: 526 Frame from vFrameID : 100
Tcw:
[0.42220148, -0.54744369, -0.7225312, 0.71185768;
 -0.2480011, 0.69689089, -0.6729328, -0.060794085;
 0.8719182, 0.46330178, 0.15846173, 1.4762067;
 0, 0, 0, 1]
Twc:
[0.42220148, -0.2480011, 0.8719182, -1.6027559;
 -0.54744369, 0.69689089, 0.46330178, -0.25186032;
 -0.7225312, -0.6729328, 0.15846173, 0.2395068;
 0, 0, 0, 1]
Ow:
[0.71185768;
 -0.060794085;
 1.4762067]
