Keyframe: 0 Frame: 0 Frame from vFrameID : 100
Tcw:
[0.935983, -0.17869936, -0.30331889, 1.2163893;
 -0.23802583, 0.31357887, -0.91924536, -2.8110325;
 0.25938296, 0.93259573, 0.25096944, 5.0803823;
 0, 0, 0, 1]
Twc:
[0.935983, -0.23802583, 0.25938296, -3.1253824;
 -0.17869936, 0.31357887, 0.93259573, -3.6390944;
 -0.30331889, -0.91924536, 0.25096944, -3.4900951;
 0, 0, 0, 1]
Ow:
[1.2163893;
 -2.8110325;
 5.0803823]
Keyframe: 1 Frame: 504 Frame from vFrameID : 100
Tcw:
[0.94463986, -0.15165222, -0.29095906, 0.012768193;
 -0.22809091, 0.33393675, -0.91458231, -0.029496267;
 0.23586036, 0.93031597, 0.28085944, 0.056130413;
 0, 0, 0, 1]
Twc:
[0.94463986, -0.22809091, 0.23586036, -0.032028113;
 -0.15165222, 0.33393675, 0.93031597, -0.040432811;
 -0.29095906, -0.91458231, 0.28085944, -0.039026503;
 0, 0, 0, 1]
Ow:
[0.012768193;
 -0.029496267;
 0.056130413]
