Keyframe: 0 Frame: 0 Frame from vFrameID : 100
Tcw:
[0.99783772, -0.021235341, -0.062200818, 0.059026647;
 -0.062541381, -0.015768224, -0.99791783, -0.086105369;
 0.020210328, 0.99965012, -0.017062217, -0.042964689;
 0, 0, 0, 1]
Twc:
[0.99783772, -0.062541381, 0.020210328, -0.063415833;
 -0.021235341, -0.015768224, 0.99965012, 0.042845383;
 -0.062200818, -0.99791783, -0.017062217, -0.082987644;
 0, 0, 0, 1]
Ow:
[0.059026647;
 -0.086105369;
 -0.042964689]
Keyframe: 1 Frame: 99 Frame from vFrameID : 100
Tcw:
[0.99741685, -0.019225329, -0.069210276, 0.062753342;
 -0.069533721, -0.016697587, -0.99743986, -0.085611545;
 0.018020466, 0.99967575, -0.017991263, -0.041301161;
 0, 0, 0, 1]
Twc:
[0.99741685, -0.069533721, 0.018020466, -0.067799851;
 -0.019225329, -0.016697587, 0.99967575, 0.041064713;
 -0.069210276, -0.99743986, -0.017991263, -0.08179225;
 0, 0, 0, 1]
Ow:
[0.062753342;
 -0.085611545;
 -0.041301161]
Keyframe: 2 Frame: 103 Frame from vFrameID : 104
Tcw:
[0.99812335, -0.0098664742, -0.060435642, 0.070010886;
 -0.060448319, -0.0009915533, -0.99817085, -0.088181362;
 0.0097885011, 0.99995083, -0.0015861042, -0.043130178;
 0, 0, 0, 1]
Twc:
[0.99812335, -0.060448319, 0.0097885011, -0.074787736;
 -0.0098664742, -0.0009915533, 0.99995083, 0.04373138;
 -0.060435642, -0.99817085, -0.0015861042, -0.083857313;
 0, 0, 0, 1]
Ow:
[0.070010886;
 -0.088181362;
 -0.043130178]
Keyframe: 3 Frame: 107 Frame from vFrameID : 108
Tcw:
[0.99851078, 0.0030522337, -0.054469399, 0.074500628;
 -0.054490779, 0.0074242046, -0.9984867, -0.089091003;
 -0.0026432227, 0.99996775, 0.0075794673, -0.042774405;
 0, 0, 0, 1]
Twc:
[0.99851078, -0.054490779, -0.0026432227, -0.079357378;
 0.0030522337, 0.0074242046, 0.99996775, 0.043207064;
 -0.054469399, -0.9984867, 0.0075794673, -0.084573969;
 0, 0, 0, 1]
Ow:
[0.074500628;
 -0.089091003;
 -0.042774405]
Keyframe: 4 Frame: 109 Frame from vFrameID : 110
Tcw:
[0.9986366, 0.0026012312, -0.052136622, 0.073663078;
 -0.0521551, 0.0076286779, -0.99860984, -0.089023232;
 -0.0021998817, 0.99996752, 0.0077539445, -0.043040548;
 0, 0, 0, 1]
Twc:
[0.9986366, -0.0521551, -0.0021998817, -0.078300342;
 0.0026012312, 0.0076286779, 0.99996752, 0.043526668;
 -0.052136622, -0.99860984, 0.0077539445, -0.084725201;
 0, 0, 0, 1]
Ow:
[0.073663078;
 -0.089023232;
 -0.043040548]
Keyframe: 5 Frame: 111 Frame from vFrameID : 112
Tcw:
[0.99833375, 0.0020431862, -0.057667449, 0.073314436;
 -0.057662498, -0.0024053964, -0.99833322, -0.090739101;
 -0.0021784939, 0.99999499, -0.0022835734, -0.043423574;
 0, 0, 0, 1]
Twc:
[0.99833375, -0.057662498, -0.0021784939, -0.078519113;
 0.0020431862, -0.0024053964, 0.99999499, 0.0430553;
 -0.057667449, -0.99833322, -0.0022835734, -0.086459167;
 0, 0, 0, 1]
Ow:
[0.073314436;
 -0.090739101;
 -0.043423574]
Keyframe: 6 Frame: 114 Frame from vFrameID : 115
Tcw:
[0.99859166, -0.0048662461, -0.052829493, 0.071179301;
 -0.052886005, -0.012326592, -0.99852449, -0.091414563;
 0.0042078579, 0.9999122, -0.012566588, -0.043985959;
 0, 0, 0, 1]
Twc:
[0.99859166, -0.052886005, 0.0042078579, -0.075728528;
 -0.0048662461, -0.012326592, 0.9999122, 0.04320164;
 -0.052829493, -0.99852449, -0.012566588, -0.088072069;
 0, 0, 0, 1]
Ow:
[0.071179301;
 -0.091414563;
 -0.043985959]
Keyframe: 7 Frame: 117 Frame from vFrameID : 118
Tcw:
[0.99846047, -0.0081211478, -0.054869767, 0.065520957;
 -0.055075601, -0.027769215, -0.99809599, -0.092176534;
 0.0065819942, 0.9995814, -0.028173741, -0.044417016;
 0, 0, 0, 1]
Twc:
[0.99846047, -0.055075601, 0.0065819942, -0.070204414;
 -0.0081211478, -0.027769215, 0.9995814, 0.042370856;
 -0.054869767, -0.99809599, -0.028173741, -0.089657299;
 0, 0, 0, 1]
Ow:
[0.065520957;
 -0.092176534;
 -0.044417016]
Keyframe: 8 Frame: 120 Frame from vFrameID : 121
Tcw:
[0.99728763, -0.013990201, -0.072261274, 0.059644237;
 -0.072785728, -0.041547634, -0.99648184, -0.092640966;
 0.010938697, 0.99903858, -0.042453229, -0.044863224;
 0, 0, 0, 1]
Twc:
[0.99728763, -0.072785728, 0.010938697, -0.065734655;
 -0.013990201, -0.041547634, 0.99903858, 0.041805513;
 -0.072261274, -0.99648184, -0.042453229, -0.089909658;
 0, 0, 0, 1]
Ow:
[0.059644237;
 -0.092640966;
 -0.044863224]
Keyframe: 9 Frame: 124 Frame from vFrameID : 125
Tcw:
[0.99535936, -0.042365771, -0.086399503, 0.052298587;
 -0.088522859, -0.051104829, -0.9947623, -0.0900314;
 0.03772844, 0.99779427, -0.054618008, -0.042900071;
 0, 0, 0, 1]
Twc:
[0.99535936, -0.088522859, 0.03772844, -0.058407176;
 -0.042365771, -0.051104829, 0.99779427, 0.040420078;
 -0.086399503, -0.9947623, -0.054618008, -0.087384388;
 0, 0, 0, 1]
Ow:
[0.052298587;
 -0.0900314;
 -0.042900071]
Keyframe: 10 Frame: 128 Frame from vFrameID : 129
Tcw:
[0.9932043, -0.066832356, -0.095281728, 0.038674138;
 -0.098087095, -0.040025245, -0.99437261, -0.084915161;
 0.062642589, 0.99696112, -0.046308637, -0.044822678;
 0, 0, 0, 1]
Twc:
[0.9932043, -0.098087095, 0.062642589, -0.043932594;
 -0.066832356, -0.040025245, 0.99696112, 0.043872397;
 -0.095281728, -0.99437261, -0.046308637, -0.082828052;
 0, 0, 0, 1]
Ow:
[0.038674138;
 -0.084915161;
 -0.044822678]
Keyframe: 11 Frame: 135 Frame from vFrameID : 136
Tcw:
[0.9914273, -0.069428466, -0.11068702, 0.044124059;
 -0.1129771, -0.02996243, -0.9931457, -0.084956452;
 0.065636136, 0.99713689, -0.037549399, -0.0444551;
 0, 0, 0, 1]
Twc:
[0.9914273, -0.1129771, 0.065636136, -0.050426066;
 -0.069428466, -0.02996243, 0.99713689, 0.044845782;
 -0.11068702, -0.9931457, -0.037549399, -0.081159443;
 0, 0, 0, 1]
Ow:
[0.044124059;
 -0.084956452;
 -0.0444551]
Keyframe: 12 Frame: 141 Frame from vFrameID : 142
Tcw:
[0.99316216, -0.030921698, -0.1125735, 0.058998719;
 -0.1141128, -0.053594213, -0.99202114, -0.090594679;
 0.024641689, 0.99808389, -0.056756306, -0.045145098;
 0, 0, 0, 1]
Twc:
[0.99316216, -0.1141128, 0.024641689, -0.067820847;
 -0.030921698, -0.053594213, 0.99808389, 0.042027589;
 -0.1125735, -0.99202114, -0.056756306, -0.085792407;
 0, 0, 0, 1]
Ow:
[0.058998719;
 -0.090594679;
 -0.045145098]
Keyframe: 13 Frame: 146 Frame from vFrameID : 147
Tcw:
[0.99431247, 0.012649685, -0.10574845, 0.071387753;
 -0.10464025, -0.068826817, -0.99212563, -0.09913329;
 -0.019828405, 0.9975484, -0.067111693, -0.046205159;
 0, 0, 0, 1]
Twc:
[0.99431247, -0.10464025, -0.019828405, -0.082271241;
 0.012649685, -0.068826817, 0.9975484, 0.038365822;
 -0.10574845, -0.99212563, -0.067111693, -0.093904443;
 0, 0, 0, 1]
Ow:
[0.071387753;
 -0.09913329;
 -0.046205159]
Keyframe: 14 Frame: 151 Frame from vFrameID : 152
Tcw:
[0.9946869, 0.047380775, -0.091394693, 0.083053403;
 -0.087610036, -0.076595865, -0.99320573, -0.1046906;
 -0.054059312, 0.9959358, -0.072037868, -0.047395475;
 0, 0, 0, 1]
Twc:
[0.9946869, -0.087610036, -0.054059312, -0.09434624;
 0.047380775, -0.076595865, 0.9959358, 0.035248853;
 -0.091394693, -0.99320573, -0.072037868, -0.099802926;
 0, 0, 0, 1]
Ow:
[0.083053403;
 -0.1046906;
 -0.047395475]
Keyframe: 15 Frame: 158 Frame from vFrameID : 159
Tcw:
[0.99436158, 0.087566018, -0.059809938, 0.09211342;
 -0.052865546, -0.07958404, -0.99542534, -0.10741977;
 -0.091925345, 0.99297458, -0.074506089, -0.051348694;
 0, 0, 0, 1]
Twc:
[0.99436158, -0.052865546, -0.091925345, -0.1019931;
 0.087566018, -0.07958404, 0.99297458, 0.034373045;
 -0.059809938, -0.99542534, -0.074506089, -0.10524485;
 0, 0, 0, 1]
Ow:
[0.09211342;
 -0.10741977;
 -0.051348694]
Keyframe: 16 Frame: 165 Frame from vFrameID : 166
Tcw:
[0.99465191, 0.095778495, -0.038653601, 0.096264556;
 -0.034398377, -0.045688, -0.99836332, -0.10195418;
 -0.097387746, 0.99435359, -0.04214903, -0.052290354;
 0, 0, 0, 1]
Twc:
[0.99465191, -0.034398377, -0.097387746, -0.10434922;
 0.095778495, -0.045688, 0.99435359, 0.038116947;
 -0.038653601, -0.99836332, -0.04214903, -0.10027033;
 0, 0, 0, 1]
Ow:
[0.096264556;
 -0.10195418;
 -0.052290354]
Keyframe: 17 Frame: 173 Frame from vFrameID : 174
Tcw:
[0.99623364, 0.076959103, -0.039947253, 0.085882038;
 -0.037785891, -0.029339436, -0.99885505, -0.098267712;
 -0.078043021, 0.99660248, -0.026320966, -0.051186062;
 0, 0, 0, 1]
Twc:
[0.99623364, -0.037785891, -0.078043021, -0.093266428;
 0.076959103, -0.029339436, 0.99660248, 0.041519634;
 -0.039947253, -0.99885505, -0.026320966, -0.09607172;
 0, 0, 0, 1]
Ow:
[0.085882038;
 -0.098267712;
 -0.051186062]
Keyframe: 18 Frame: 180 Frame from vFrameID : 181
Tcw:
[0.99703598, 0.040243778, -0.065572433, 0.075719304;
 -0.063973814, -0.039803628, -0.99715745, -0.096394673;
 -0.042739406, 0.99839675, -0.0371111, -0.049926277;
 0, 0, 0, 1]
Twc:
[0.99703598, -0.063973814, -0.042739406, -0.083795421;
 0.040243778, -0.039803628, 0.99839675, 0.042962145;
 -0.065572433, -0.99715745, -0.0371111, -0.093008392;
 0, 0, 0, 1]
Ow:
[0.075719304;
 -0.096394673;
 -0.049926277]
Keyframe: 19 Frame: 188 Frame from vFrameID : 190
Tcw:
[0.9945159, -0.0077539766, -0.10429778, 0.061235342;
 -0.10457512, -0.059598353, -0.9927296, -0.090913132;
 0.0014816262, 0.99819231, -0.060082383, -0.048000548;
 0, 0, 0, 1]
Twc:
[0.9945159, -0.10457512, 0.0014816262, -0.070335656;
 -0.0077539766, -0.059598353, 0.99819231, 0.042970322;
 -0.10429778, -0.9927296, -0.060082383, -0.086749434;
 0, 0, 0, 1]
Ow:
[0.061235342;
 -0.090913132;
 -0.048000548]
Keyframe: 20 Frame: 196 Frame from vFrameID : 197
Tcw:
[0.9923752, -0.042771228, -0.11559456, 0.050302632;
 -0.11691147, -0.029680489, -0.99269873, -0.083000839;
 0.039028041, 0.99864393, -0.034454629, -0.044490237;
 0, 0, 0, 1]
Twc:
[0.9923752, -0.11691147, 0.039028041, -0.057886466;
 -0.042771228, -0.029680489, 0.99864393, 0.044117905;
 -0.11559456, -0.99269873, -0.034454629, -0.078113012;
 0, 0, 0, 1]
Ow:
[0.050302632;
 -0.083000839;
 -0.044490237]
Keyframe: 21 Frame: 204 Frame from vFrameID : 206
Tcw:
[0.99448025, -0.043334994, -0.095557071, 0.055083759;
 -0.094825521, 0.018638546, -0.99531943, -0.080412284;
 0.044913206, 0.9988867, 0.014426403, -0.044259477;
 0, 0, 0, 1]
Twc:
[0.99448025, -0.094825521, 0.044913206, -0.060417011;
 -0.043334994, 0.018638546, 0.9988867, 0.048096023;
 -0.095557071, -0.99531943, 0.014426403, -0.074133761;
 0, 0, 0, 1]
Ow:
[0.055083759;
 -0.080412284;
 -0.044259477]
Keyframe: 22 Frame: 213 Frame from vFrameID : 214
Tcw:
[0.99733424, 0.019827059, -0.070223115, 0.079460897;
 -0.070561014, 0.016890049, -0.99736446, -0.086765774;
 -0.018588733, 0.99966073, 0.018244043, -0.039021533;
 0, 0, 0, 1]
Twc:
[0.99733424, -0.070561014, -0.018588733, -0.086096719;
 0.019827059, 0.016890049, 0.99966073, 0.0388983;
 -0.070223115, -0.99736446, 0.018244043, -0.080245197;
 0, 0, 0, 1]
Ow:
[0.079460897;
 -0.086765774;
 -0.039021533]
Keyframe: 23 Frame: 222 Frame from vFrameID : 223
Tcw:
[0.99786443, 0.0058002225, -0.065060735, 0.083579883;
 -0.065056555, -0.00090725831, -0.99788117, -0.097430781;
 -0.00584696, 0.99998277, -0.00052797829, -0.037690174;
 0, 0, 0, 1]
Twc:
[0.99786443, -0.065056555, -0.00584696, -0.089960277;
 0.0058002225, -0.00090725831, 0.99998277, 0.037116349;
 -0.065060735, -0.99788117, -0.00052797829, -0.091806471;
 0, 0, 0, 1]
Ow:
[0.083579883;
 -0.097430781;
 -0.037690174]
Keyframe: 24 Frame: 234 Frame from vFrameID : 235
Tcw:
[0.99650025, -0.04156388, -0.072524033, 0.15078743;
 -0.07422737, -0.041016925, -0.9963975, -0.14676285;
 0.038439434, 0.99829358, -0.043958556, 0.11501952;
 0, 0, 0, 1]
Twc:
[0.99650025, -0.07422737, 0.038439434, -0.16557482;
 -0.04156388, -0.041016925, 0.99829358, -0.11457571;
 -0.072524033, -0.9963975, -0.043958556, -0.13024232;
 0, 0, 0, 1]
Ow:
[0.15078743;
 -0.14676285;
 0.11501952]
Keyframe: 25 Frame: 246 Frame from vFrameID : 247
Tcw:
[0.99767298, -0.012038337, -0.067109667, 0.18156806;
 -0.067627952, -0.049628027, -0.99647558, -0.20151308;
 0.0086653875, 0.99869519, -0.050326668, 0.26502603;
 0, 0, 0, 1]
Twc:
[0.99767298, -0.067627952, 0.0086653875, -0.19707;
 -0.012038337, -0.049628027, 0.99869519, -0.27249515;
 -0.067109667, -0.99647558, -0.050326668, -0.17528;
 0, 0, 0, 1]
Ow:
[0.18156806;
 -0.20151308;
 0.26502603]
Keyframe: 26 Frame: 257 Frame from vFrameID : 258
Tcw:
[0.98775703, -0.09214814, -0.12587602, 0.16439031;
 -0.13125457, -0.054819621, -0.98983181, -0.30268145;
 0.084310681, 0.99423516, -0.066243328, 0.36483976;
 0, 0, 0, 1]
Twc:
[0.98775703, -0.13125457, 0.084310681, -0.2328659;
 -0.09214814, -0.054819621, 0.99423516, -0.36418113;
 -0.12587602, -0.98983181, -0.066243328, -0.25474274;
 0, 0, 0, 1]
Ow:
[0.16439031;
 -0.30268145;
 0.36483976]
Keyframe: 27 Frame: 267 Frame from vFrameID : 268
Tcw:
[0.98170781, -0.075884461, -0.17461775, 0.2682687;
 -0.18061599, -0.08104822, -0.98020869, -0.44081968;
 0.060230147, 0.99381727, -0.093271613, 0.48096767;
 0, 0, 0, 1]
Twc:
[0.98170781, -0.18061599, 0.060230147, -0.37194932;
 -0.075884461, -0.08104822, 0.99381727, -0.49336419;
 -0.17461775, -0.98020869, -0.093271613, -0.34039015;
 0, 0, 0, 1]
Ow:
[0.2682687;
 -0.44081968;
 0.48096767]
Keyframe: 28 Frame: 278 Frame from vFrameID : 279
Tcw:
[0.99373907, -0.00018633677, -0.11172561, 0.37912443;
 -0.11171547, 0.011918704, -0.99366874, -0.47810566;
 0.0015167815, 0.99992895, 0.011823265, 0.64840442;
 0, 0, 0, 1]
Twc:
[0.99373907, -0.11171547, 0.0015167815, -0.43114606;
 -0.00018633677, 0.011918704, 0.99992895, -0.64258927;
 -0.11172561, -0.99366874, 0.011823265, -0.44038704;
 0, 0, 0, 1]
Ow:
[0.37912443;
 -0.47810566;
 0.64840442]
Keyframe: 29 Frame: 280 Frame from vFrameID : 281
Tcw:
[0.99653459, 0.0021715635, -0.083151378, 0.33709943;
 -0.083164074, 0.0066148075, -0.9965139, -0.4777678;
 -0.0016139627, 0.99997574, 0.0067724804, 0.63914543;
 0, 0, 0, 1]
Twc:
[0.99653459, -0.083164074, -0.0016139627, -0.37463278;
 0.0021715635, 0.0066148075, 0.99997574, -0.63670164;
 -0.083151378, -0.9965139, 0.0067724804, -0.45240057;
 0, 0, 0, 1]
Ow:
[0.33709943;
 -0.4777678;
 0.63914543]
