Keyframe: 0 Frame: 0 Frame from vFrameID : 100
Tcw:
[0.95260423, -0.12916371, -0.27543038, 0.91578418;
 -0.2428074, 0.22263752, -0.94418067, -1.879457;
 0.18327501, 0.96630704, 0.18072355, 2.7696075;
 0, 0, 0, 1]
Twc:
[0.95260423, -0.2428074, 0.18327501, -1.8363258;
 -0.12916371, 0.22263752, 0.96630704, -2.1395674;
 -0.27543038, -0.94418067, 0.18072355, -2.0228453;
 0, 0, 0, 1]
Ow:
[0.91578418;
 -1.879457;
 2.7696075]
Keyframe: 1 Frame: 396 Frame from vFrameID : 100
Tcw:
[0.95054346, -0.11759426, -0.28746951, 0.018084042;
 -0.25513497, 0.2321977, -0.93861085, -0.043881312;
 0.17712501, 0.96553397, 0.1907116, 0.062770873;
 0, 0, 0, 1]
Twc:
[0.95054346, -0.25513497, 0.17712501, -0.039503619;
 -0.11759426, 0.2321977, 0.96553397, -0.048291691;
 -0.28746951, -0.93861085, 0.1907116, -0.047960002;
 0, 0, 0, 1]
Ow:
[0.018084042;
 -0.043881312;
 0.062770873]
