Keyframe: 0 Frame: 0 Frame from vFrameID : 100
Tcw:
[0.91908556, -0.20886533, -0.33415118, 1.3060023;
 -0.23385935, 0.39339539, -0.88912874, -3.1441791;
 0.31716171, 0.89532971, 0.3127189, 6.2013335;
 0, 0, 0, 1]
Twc:
[0.91908556, -0.23385935, 0.31716171, -3.9024489;
 -0.20886533, 0.39339539, 0.89532971, -4.0425544;
 -0.33415118, -0.88912874, 0.3127189, -4.2984519;
 0, 0, 0, 1]
Ow:
[1.3060023;
 -3.1441791;
 6.2013335]
Keyframe: 1 Frame: 559 Frame from vFrameID : 100
Tcw:
[0.92653209, -0.19653907, -0.32079703, 0.022130199;
 -0.22442047, 0.39563653, -0.89056563, -0.047271784;
 0.30194998, 0.89713109, 0.32246253, 0.098073006;
 0, 0, 0, 1]
Twc:
[0.92653209, -0.22442047, 0.30194998, -0.060726233;
 -0.19653907, 0.39563653, 0.89713109, -0.064932436;
 -0.32079703, -0.89056563, 0.32246253, -0.066624194;
 0, 0, 0, 1]
Ow:
[0.022130199;
 -0.047271784;
 0.098073006]
