Keyframe: 0 Frame: 0 Frame from vFrameID : 35
Tcw:
[1, 0, 0, 0;
 0, 1, 0, 0;
 0, 0, 1, 0;
 0, 0, 0, 1]
Twc:
[1, 0, 0, 0;
 0, 1, 0, 0;
 0, 0, 1, 0;
 0, 0, 0, 1]
Ow:
[0;
 0;
 0]
Keyframe: 1 Frame: 34 Frame from vFrameID : 35
Tcw:
[0.99930793, 0.0050996533, 0.036846969, -0.010970881;
 -0.0046146186, 0.99990177, -0.013236563, 0.00045877052;
 -0.036910851, 0.013057367, 0.99923325, -0.0032300351;
 0, 0, 0, 1]
Twc:
[0.99930793, -0.0046146186, -0.036910851, 0.010846183;
 0.0050996533, 0.99990177, 0.013057367, -0.00036060199;
 0.036846969, -0.013236563, 0.99923325, 0.0036378747;
 0, 0, 0, 1]
Ow:
[-0.010970881;
 0.00045877052;
 -0.0032300351]
Keyframe: 2 Frame: 36 Frame from vFrameID : 37
Tcw:
[0.99928623, 0.0030846149, 0.037649628, -0.011300621;
 -0.0025830877, 0.99990737, -0.013362285, 0.00014313444;
 -0.037687358, 0.013255496, 0.99920166, -0.0033064277;
 0, 0, 0, 1]
Twc:
[0.99928623, -0.0025830877, -0.037687358, 0.011168313;
 0.0030846149, 0.99990737, 0.013255496, -6.4434797e-05;
 0.037649628, -0.013362285, 0.99920166, 0.0037311648;
 0, 0, 0, 1]
Ow:
[-0.011300621;
 0.00014313444;
 -0.0033064277]
Keyframe: 3 Frame: 38 Frame from vFrameID : 39
Tcw:
[0.99920332, 0.0047174953, 0.039629214, -0.010786525;
 -0.0041772565, 0.99989736, -0.013704094, 1.5526144e-05;
 -0.039689794, 0.013527635, 0.99912047, -0.0027608916;
 0, 0, 0, 1]
Twc:
[0.99920332, -0.0041772565, -0.039689794, 0.010668417;
 0.0047174953, 0.99989736, 0.013527635, 7.2709168e-05;
 0.039629214, -0.013704094, 0.99912047, 0.0031861376;
 0, 0, 0, 1]
Ow:
[-0.010786525;
 1.5526144e-05;
 -0.0027608916]
Keyframe: 4 Frame: 39 Frame from vFrameID : 40
Tcw:
[0.99906784, 0.0064073899, 0.042688798, -0.010750833;
 -0.0057753529, 0.99987215, -0.014912602, 2.7595237e-05;
 -0.042778891, 0.014652159, 0.99897712, -0.0027470221;
 0, 0, 0, 1]
Twc:
[0.99906784, -0.0057753529, -0.042778891, 0.010623457;
 0.0064073899, 0.99987215, 0.014652159, 8.1542879e-05;
 0.042688798, -0.014912602, 0.99897712, 0.0032035639;
 0, 0, 0, 1]
Ow:
[-0.010750833;
 2.7595237e-05;
 -0.0027470221]
Keyframe: 5 Frame: 41 Frame from vFrameID : 42
Tcw:
[0.99891847, 0.0090368045, 0.045609988, -0.010706669;
 -0.0083401948, 0.99984598, -0.015440437, -1.7208953e-05;
 -0.045742497, 0.015043342, 0.99883997, -0.002583581;
 0, 0, 0, 1]
Twc:
[0.99891847, -0.0083401948, -0.045742497, 0.010576766;
 0.0090368045, 0.99984598, 0.015043342, 0.00015282608;
 0.045609988, -0.015440437, 0.99883997, 0.0030686494;
 0, 0, 0, 1]
Ow:
[-0.010706669;
 -1.7208953e-05;
 -0.002583581]
Keyframe: 6 Frame: 43 Frame from vFrameID : 44
Tcw:
[0.99873263, 0.012758776, 0.048686568, -0.0095855286;
 -0.011962852, 0.99979055, -0.016604433, -0.00044049631;
 -0.048888225, 0.016000958, 0.99867606, -0.0013236622;
 0, 0, 0, 1]
Twc:
[0.99873263, -0.011962852, -0.048888225, 0.009503399;
 0.012758776, 0.99979055, 0.016000958, 0.00058388355;
 0.048686568, -0.016604433, 0.99867606, 0.0017812822;
 0, 0, 0, 1]
Ow:
[-0.0095855286;
 -0.00044049631;
 -0.0013236622]
Keyframe: 7 Frame: 45 Frame from vFrameID : 46
Tcw:
[0.99881101, 0.01389784, 0.046726611, -0.0078263422;
 -0.01281576, 0.99964458, -0.02337807, -0.00057943352;
 -0.047034908, 0.022751438, 0.9986341, -0.00020030091;
 0, 0, 0, 1]
Twc:
[0.99881101, -0.01281576, -0.047034908, 0.0078001898;
 0.01389784, 0.99964458, 0.022751438, 0.00069255393;
 0.046726611, -0.02337807, 0.9986341, 0.0005521797;
 0, 0, 0, 1]
Ow:
[-0.0078263422;
 -0.00057943352;
 -0.00020030091]
Keyframe: 8 Frame: 47 Frame from vFrameID : 48
Tcw:
[0.998891, 0.016430838, 0.044123232, -0.0071915621;
 -0.015307196, 0.99955291, -0.025684232, -0.00082619191;
 -0.044525519, 0.024980344, 0.99869585, 0.0001416896;
 0, 0, 0, 1]
Twc:
[0.998891, -0.015307196, -0.044525519, 0.0071772481;
 0.016430838, 0.99955291, 0.024980344, 0.00094044645;
 0.044123232, -0.025684232, 0.99869585, 0.00015459004;
 0, 0, 0, 1]
Ow:
[-0.0071915621;
 -0.00082619191;
 0.0001416896]
Keyframe: 9 Frame: 49 Frame from vFrameID : 50
Tcw:
[0.99896091, 0.028444916, 0.035609119, -0.004751638;
 -0.026984585, 0.99880123, -0.040839843, -0.0011851484;
 -0.036728118, 0.039836507, 0.99853098, 0.0013750456;
 0, 0, 0, 1]
Twc:
[0.99896091, -0.026984585, -0.036728118, 0.0047652228;
 0.028444916, 0.99880123, 0.039836507, 0.0012641107;
 0.035609119, -0.040839843, 0.99853098, -0.0012522254;
 0, 0, 0, 1]
Ow:
[-0.004751638;
 -0.0011851484;
 0.0013750456]
Keyframe: 10 Frame: 52 Frame from vFrameID : 53
Tcw:
[0.99856663, 0.040715568, 0.034741193, -0.0045926375;
 -0.039055798, 0.99812227, -0.047186036, -0.0013306896;
 -0.036597166, 0.045761555, 0.99828178, 0.0017414803;
 0, 0, 0, 1]
Twc:
[0.99856663, -0.039055798, -0.036597166, 0.0045978166;
 0.040715568, 0.99812227, 0.045761555, 0.0014354901;
 0.034741193, -0.047186036, 0.99828178, -0.0016417244;
 0, 0, 0, 1]
Ow:
[-0.0045926375;
 -0.0013306896;
 0.0017414803]
Keyframe: 11 Frame: 55 Frame from vFrameID : 56
Tcw:
[0.99838096, 0.050275747, 0.026605792, -0.0043121078;
 -0.048893366, 0.99753761, -0.050280198, -0.001293991;
 -0.029068153, 0.048897944, 0.99838072, 0.0031234308;
 0, 0, 0, 1]
Twc:
[0.99838096, -0.048893366, -0.029068153, 0.0043326509;
 0.050275747, 0.99753761, 0.048897944, 0.0013548699;
 0.026605792, -0.050280198, 0.99838072, -0.0030687081;
 0, 0, 0, 1]
Ow:
[-0.0043121078;
 -0.001293991;
 0.0031234308]
Keyframe: 12 Frame: 58 Frame from vFrameID : 59
Tcw:
[0.99871898, 0.050059807, 0.0073749968, -0.0039893249;
 -0.049585834, 0.99728459, -0.05444885, -0.0011825595;
 -0.010080669, 0.054013405, 0.99848932, 0.0031660171;
 0, 0, 0, 1]
Twc:
[0.99871898, -0.049585834, -0.010080669, 0.0039574918;
 0.050059807, 0.99728459, 0.054013405, 0.0012080459;
 0.0073749968, -0.05444885, 0.99848932, -0.003196202;
 0, 0, 0, 1]
Ow:
[-0.0039893249;
 -0.0011825595;
 0.0031660171]
Keyframe: 13 Frame: 61 Frame from vFrameID : 62
Tcw:
[0.99899048, 0.039215419, -0.021911932, -0.0038015461;
 -0.040019959, 0.99849224, -0.037571561, -0.0013441064;
 0.02040551, 0.038410548, 0.99905366, 0.0038633421;
 0, 0, 0, 1]
Twc:
[0.99899048, -0.040019959, 0.02040551, 0.0036650838;
 0.039215419, 0.99849224, 0.038410548, 0.0013427661;
 -0.021911932, -0.037571561, 0.99905366, -0.0039934856;
 0, 0, 0, 1]
Ow:
[-0.0038015461;
 -0.0013441064;
 0.0038633421]
Keyframe: 14 Frame: 64 Frame from vFrameID : 65
Tcw:
[0.99941409, 0.028136954, -0.019487755, -0.0032483302;
 -0.028928693, 0.99871492, -0.041613176, -0.00051867496;
 0.018291844, 0.04215255, 0.99894375, 0.0077745337;
 0, 0, 0, 1]
Twc:
[0.99941409, -0.028928693, 0.018291844, 0.0030892121;
 0.028136954, 0.99871492, 0.04215255, 0.00028169013;
 -0.019487755, -0.041613176, 0.99894375, -0.0078512076;
 0, 0, 0, 1]
Ow:
[-0.0032483302;
 -0.00051867496;
 0.0077745337]
Keyframe: 15 Frame: 68 Frame from vFrameID : 69
Tcw:
[0.9996382, 0.021203911, 0.016548252, -0.0027897814;
 -0.020294916, 0.99837291, -0.053288773, -0.00031486255;
 -0.017651256, 0.052933648, 0.99844199, 0.0094577158;
 0, 0, 0, 1]
Twc:
[0.9996382, -0.020294916, -0.017651256, 0.0029493226;
 0.021203911, 0.99837291, 0.052933648, -0.00012712688;
 0.016548252, -0.053288773, 0.99844199, -0.0094135934;
 0, 0, 0, 1]
Ow:
[-0.0027897814;
 -0.00031486255;
 0.0094577158]
Keyframe: 16 Frame: 72 Frame from vFrameID : 73
Tcw:
[0.99810457, 0.022528712, 0.057268545, -0.0022538882;
 -0.01939596, 0.99831539, -0.05468208, -0.00035062025;
 -0.058403987, 0.053467657, 0.99686015, 0.012857467;
 0, 0, 0, 1]
Twc:
[0.99810457, -0.01939596, -0.058403987, 0.0029937427;
 0.022528712, 0.99831539, 0.053467657, -0.00028665183;
 0.057268545, -0.05468208, 0.99686015, -0.012707192;
 0, 0, 0, 1]
Ow:
[-0.0022538882;
 -0.00035062025;
 0.012857467]
Keyframe: 17 Frame: 76 Frame from vFrameID : 77
Tcw:
[0.99793327, 0.024431184, 0.059433259, -0.0018610579;
 -0.022015529, 0.998918, -0.040965635, 0.00017216441;
 -0.06036979, 0.039572515, 0.99739134, 0.015745247;
 0, 0, 0, 1]
Twc:
[0.99793327, -0.022015529, -0.06036979, 0.0028115392;
 0.024431184, 0.998918, 0.039572515, -0.00074958929;
 0.059433259, -0.040965635, 0.99739134, -0.015586511;
 0, 0, 0, 1]
Ow:
[-0.0018610579;
 0.00017216441;
 0.015745247]
Keyframe: 18 Frame: 80 Frame from vFrameID : 81
Tcw:
[0.99818116, 0.033760458, 0.04994629, -0.0012238948;
 -0.031542115, 0.99850887, -0.044555299, 0.00029528339;
 -0.051376019, 0.042898849, 0.99775755, 0.017362786;
 0, 0, 0, 1]
Twc:
[0.99818116, -0.031542115, -0.051376019, 0.0021230134;
 0.033760458, 0.99850887, 0.042898849, -0.00099836744;
 0.04994629, -0.044555299, 0.99775755, -0.017249567;
 0, 0, 0, 1]
Ow:
[-0.0012238948;
 0.00029528339;
 0.017362786]
Keyframe: 19 Frame: 84 Frame from vFrameID : 85
Tcw:
[0.99863815, 0.044239964, 0.027653024, 0.00016098307;
 -0.042422008, 0.99709946, -0.063190565, -5.3517171e-05;
 -0.030368363, 0.061931413, 0.99761832, 0.018874642;
 0, 0, 0, 1]
Twc:
[0.99863815, -0.042422008, -0.030368363, 0.00041015778;
 0.044239964, 0.99709946, 0.061931413, -0.0011226931;
 0.027653024, -0.063190565, 0.99761832, -0.018837521;
 0, 0, 0, 1]
Ow:
[0.00016098307;
 -5.3517171e-05;
 0.018874642]
Keyframe: 20 Frame: 88 Frame from vFrameID : 89
Tcw:
[0.99774957, 0.055691559, 0.037339244, 0.0010482098;
 -0.053341325, 0.99669725, -0.061231457, -0.00024121907;
 -0.040625997, 0.059101935, 0.9974249, 0.020008247;
 0, 0, 0, 1]
Twc:
[0.99774957, -0.053341325, -0.040625997, -0.00024586287;
 0.055691559, 0.99669725, 0.059101935, -0.0010004803;
 0.037339244, -0.061231457, 0.9974249, -0.020010635;
 0, 0, 0, 1]
Ow:
[0.0010482098;
 -0.00024121907;
 0.020008247]
Keyframe: 21 Frame: 92 Frame from vFrameID : 93
Tcw:
[0.99819183, 0.055852521, 0.022215506, 0.0014525217;
 -0.054650586, 0.99717867, -0.051458448, 0.00040078408;
 -0.025026914, 0.050151315, 0.99842799, 0.022054195;
 0, 0, 0, 1]
Twc:
[0.99819183, -0.054650586, -0.025026914, -0.00087604369;
 0.055852521, 0.99717867, 0.050151315, -0.0015868273;
 0.022215506, -0.051458448, 0.99842799, -0.022031173;
 0, 0, 0, 1]
Ow:
[0.0014525217;
 0.00040078408;
 0.022054195]
Keyframe: 22 Frame: 96 Frame from vFrameID : 97
Tcw:
[0.99892038, 0.042727835, 0.01823069, 0.0016413887;
 -0.041736148, 0.99779069, -0.051690072, 0.00071196968;
 -0.020399017, 0.050873388, 0.99849677, 0.024174618;
 0, 0, 0, 1]
Twc:
[0.99892038, -0.041736148, -0.020399017, -0.0011167635;
 0.042727835, 0.99779069, 0.050873388, -0.0020103743;
 0.01823069, -0.051690072, 0.99849677, -0.024131399;
 0, 0, 0, 1]
Ow:
[0.0016413887;
 0.00071196968;
 0.024174618]
Keyframe: 23 Frame: 100 Frame from vFrameID : 101
Tcw:
[0.99823749, 0.041030735, 0.042875793, 0.0023825699;
 -0.038247444, 0.99722731, -0.063834049, 0.00068829185;
 -0.04537607, 0.062081654, 0.99703908, 0.026317785;
 0, 0, 0, 1]
Twc:
[0.99823749, -0.038247444, -0.04537607, -0.0011578479;
 0.041030735, 0.99722731, 0.062081654, -0.0024179935;
 0.042875793, -0.063834049, 0.99703908, -0.026298076;
 0, 0, 0, 1]
Ow:
[0.0023825699;
 0.00068829185;
 0.026317785]
Keyframe: 24 Frame: 104 Frame from vFrameID : 105
Tcw:
[0.9978193, 0.032515641, 0.057439759, 0.0034210458;
 -0.029416064, 0.99810714, -0.054007508, 0.00097743608;
 -0.059087124, 0.052200083, 0.99688709, 0.027702698;
 0, 0, 0, 1]
Twc:
[0.9978193, -0.029416064, -0.059087124, -0.0017479605;
 0.032515641, 0.99810714, 0.052200083, -0.0025329066;
 0.057439759, -0.054007508, 0.99688709, -0.027760178;
 0, 0, 0, 1]
Ow:
[0.0034210458;
 0.00097743608;
 0.027702698]
Keyframe: 25 Frame: 108 Frame from vFrameID : 109
Tcw:
[0.99738139, 0.040824506, 0.059697222, 0.0047319075;
 -0.037463665, 0.99770665, -0.056373131, 0.0010758829;
 -0.06186172, 0.053989034, 0.99662346, 0.029586133;
 0, 0, 0, 1]
Twc:
[0.99738139, -0.037463665, -0.06186172, -0.0028489612;
 0.040824506, 0.99770665, 0.053989034, -0.0028639201;
 0.059697222, -0.056373131, 0.99662346, -0.029708065;
 0, 0, 0, 1]
Ow:
[0.0047319075;
 0.0010758829;
 0.029586133]
Keyframe: 26 Frame: 112 Frame from vFrameID : 113
Tcw:
[0.99768049, 0.060315304, 0.0315543, 0.0057335524;
 -0.058348134, 0.9964956, -0.059932947, 0.0010578575;
 -0.035058595, 0.057952799, 0.99770355, 0.031628363;
 0, 0, 0, 1]
Twc:
[0.99768049, -0.058348134, -0.035058595, -0.0045496835;
 0.060315304, 0.9964956, 0.057952799, -0.0032329238;
 0.0315543, -0.059932947, 0.99770355, -0.031673249;
 0, 0, 0, 1]
Ow:
[0.0057335524;
 0.0010578575;
 0.031628363]
Keyframe: 27 Frame: 116 Frame from vFrameID : 117
Tcw:
[0.99709237, 0.075805269, -0.007768136, 0.0064262208;
 -0.07614316, 0.99514258, -0.062397182, 0.00071533769;
 0.0030003674, 0.062807247, 0.99802119, 0.032483753;
 0, 0, 0, 1]
Twc:
[0.99709237, -0.07614316, 0.0030003674, -0.0064505311;
 0.075805269, 0.99514258, 0.062807247, -0.0032392193;
 -0.007768136, -0.062397182, 0.99802119, -0.032324914;
 0, 0, 0, 1]
Ow:
[0.0064262208;
 0.00071533769;
 0.032483753]
Keyframe: 28 Frame: 120 Frame from vFrameID : 121
Tcw:
[0.99612331, 0.076116949, -0.044097114, 0.0068657594;
 -0.078846, 0.99483901, -0.063864395, 0.00059134979;
 0.039008368, 0.067093693, 0.99698383, 0.033835571;
 0, 0, 0, 1]
Twc:
[0.99612331, -0.078846, 0.039008368, -0.0081123877;
 0.076116949, 0.99483901, 0.067093693, -0.0033810518;
 -0.044097114, -0.063864395, 0.99698383, -0.033392992;
 0, 0, 0, 1]
Ow:
[0.0068657594;
 0.00059134979;
 0.033835571]
Keyframe: 29 Frame: 124 Frame from vFrameID : 125
Tcw:
[0.99637324, 0.078122914, -0.033722475, 0.0076073753;
 -0.080109917, 0.99483967, -0.06226119, 0.0005211609;
 0.02868443, 0.064736888, 0.99749005, 0.035962854;
 0, 0, 0, 1]
Twc:
[0.99637324, -0.080109917, 0.02868443, -0.0085696094;
 0.078122914, 0.99483967, 0.064736888, -0.0034409051;
 -0.033722475, -0.06226119, 0.99749005, -0.0355836;
 0, 0, 0, 1]
Ow:
[0.0076073753;
 0.0005211609;
 0.035962854]
Keyframe: 30 Frame: 128 Frame from vFrameID : 129
Tcw:
[0.99862552, 0.048601683, 0.019620283, 0.0069182171;
 -0.047322739, 0.99700963, -0.061092597, 0.0012869406;
 -0.022530815, 0.060080141, 0.99793923, 0.036719963;
 0, 0, 0, 1]
Twc:
[0.99862552, -0.047322739, -0.022530815, -0.0060204761;
 0.048601683, 0.99700963, 0.060080141, -0.0038254701;
 0.019620283, -0.061092597, 0.99793923, -0.036701407;
 0, 0, 0, 1]
Ow:
[0.0069182171;
 0.0012869406;
 0.036719963]
Keyframe: 31 Frame: 132 Frame from vFrameID : 133
Tcw:
[0.99861473, 0.03714532, 0.037266914, 0.0066725886;
 -0.034736939, 0.99738896, -0.063313827, 0.0015471175;
 -0.039521422, 0.06193158, 0.99729764, 0.038833685;
 0, 0, 0, 1]
Twc:
[0.99861473, -0.034736939, -0.039521422, -0.005074841;
 0.03714532, 0.99738896, 0.06193158, -0.0041959644;
 0.037266914, -0.063313827, 0.99729764, -0.03887945;
 0, 0, 0, 1]
Ow:
[0.0066725886;
 0.0015471175;
 0.038833685]
Keyframe: 32 Frame: 136 Frame from vFrameID : 137
Tcw:
[0.99930954, 0.029535856, 0.02254148, 0.0068108072;
 -0.027820295, 0.99694687, -0.072958566, 0.0015455273;
 -0.024627551, 0.072281085, 0.99708021, 0.039166197;
 0, 0, 0, 1]
Twc:
[0.99930954, -0.027820295, -0.024627551, -0.0057985396;
 0.029535856, 0.99694687, 0.072281085, -0.004572947;
 0.02254148, -0.072958566, 0.99708021, -0.039092608;
 0, 0, 0, 1]
Ow:
[0.0068108072;
 0.0015455273;
 0.039166197]
Keyframe: 33 Frame: 140 Frame from vFrameID : 141
Tcw:
[0.99883324, 0.039827768, 0.027311509, 0.0086256377;
 -0.037592962, 0.99624747, -0.07796023, 0.0015018871;
 -0.030314004, 0.076842546, 0.99658233, 0.041116904;
 0, 0, 0, 1]
Twc:
[0.99883324, -0.037592962, -0.030314004, -0.0073126955;
 0.039827768, 0.99624747, 0.076842546, -0.0049993186;
 0.027311509, -0.07796023, 0.99658233, -0.041094869;
 0, 0, 0, 1]
Ow:
[0.0086256377;
 0.0015018871;
 0.041116904]
Keyframe: 34 Frame: 144 Frame from vFrameID : 145
Tcw:
[0.99818337, 0.047605377, 0.036928326, 0.0098041808;
 -0.04422332, 0.99517852, -0.087544322, 0.0012113741;
 -0.040917858, 0.085752189, 0.99547589, 0.042960595;
 0, 0, 0, 1]
Twc:
[0.99818337, -0.04422332, -0.040917858, -0.0079749441;
 0.047605377, 0.99517852, 0.085752189, -0.0053562308;
 0.036928326, -0.087544322, 0.99547589, -0.043022245;
 0, 0, 0, 1]
Ow:
[0.0098041808;
 0.0012113741;
 0.042960595]
Keyframe: 35 Frame: 148 Frame from vFrameID : 149
Tcw:
[0.99791676, 0.057940762, 0.028372247, 0.01089948;
 -0.055718303, 0.99572349, -0.073689967, 0.00092130853;
 -0.032520566, 0.071955599, 0.99687755, 0.043641299;
 0, 0, 0, 1]
Twc:
[0.99791676, -0.055718303, -0.032520566, -0.0094061997;
 0.057940762, 0.99572349, 0.071955599, -0.0046891286;
 0.028372247, -0.073689967, 0.99687755, -0.043746378;
 0, 0, 0, 1]
Ow:
[0.01089948;
 0.00092130853;
 0.043641299]
Keyframe: 36 Frame: 153 Frame from vFrameID : 154
Tcw:
[0.99864918, 0.05057079, 0.011932023, 0.011075274;
 -0.049516551, 0.99584937, -0.076368153, 0.00065952842;
 -0.015744496, 0.075674161, 0.99700826, 0.045031324;
 0, 0, 0, 1]
Twc:
[0.99864918, -0.049516551, -0.015744496, -0.010318661;
 0.05057079, 0.99584937, 0.075674161, -0.0046245847;
 0.011932023, -0.076368153, 0.99700826, -0.044978391;
 0, 0, 0, 1]
Ow:
[0.011075274;
 0.00065952842;
 0.045031324]
Keyframe: 37 Frame: 157 Frame from vFrameID : 158
Tcw:
[0.9982475, 0.057103988, 0.015526447, 0.012269046;
 -0.055593666, 0.99485928, -0.084642328, 0.00047060382;
 -0.020280045, 0.083630815, 0.99629045, 0.046380285;
 0, 0, 0, 1]
Twc:
[0.9982475, -0.055593666, -0.020280045, -0.011280788;
 0.057103988, 0.99485928, 0.083630815, -0.0050476175;
 0.015526447, -0.084642328, 0.99629045, -0.046358895;
 0, 0, 0, 1]
Ow:
[0.012269046;
 0.00047060382;
 0.046380285]
Keyframe: 38 Frame: 162 Frame from vFrameID : 163
Tcw:
[0.9978773, 0.049583096, 0.042218532, 0.012755776;
 -0.045560442, 0.99476886, -0.091428749, 0.00033095246;
 -0.046530999, 0.089311182, 0.99491626, 0.048273392;
 0, 0, 0, 1]
Twc:
[0.9978773, -0.045560442, -0.046530999, -0.010467412;
 0.049583096, 0.99476886, 0.089311182, -0.005273045;
 0.042218532, -0.091428749, 0.99491626, -0.048536252;
 0, 0, 0, 1]
Ow:
[0.012755776;
 0.00033095246;
 0.048273392]
Keyframe: 39 Frame: 166 Frame from vFrameID : 167
Tcw:
[0.99642885, 0.055117991, 0.063965186, 0.012952587;
 -0.04889686, 0.9942708, -0.09505114, 0.00037717819;
 -0.068837747, 0.091583997, 0.99341518, 0.049177401;
 0, 0, 0, 1]
Twc:
[0.99642885, -0.04889686, -0.068837747, -0.009502627;
 0.055117991, 0.9942708, 0.091583997, -0.0055928007;
 0.063965186, -0.09505114, 0.99341518, -0.049646243;
 0, 0, 0, 1]
Ow:
[0.012952587;
 0.00037717819;
 0.049177401]
Keyframe: 40 Frame: 170 Frame from vFrameID : 171
Tcw:
[0.99600512, 0.063588209, 0.06269262, 0.013122323;
 -0.057245329, 0.99351454, -0.098243944, 0.00016332557;
 -0.068533182, 0.094262607, 0.99318564, 0.050043378;
 0, 0, 0, 1]
Twc:
[0.99600512, -0.057245329, -0.068533182, -0.0096309185;
 0.063588209, 0.99351454, 0.094262607, -0.0057139108;
 0.06269262, -0.098243944, 0.99318564, -0.050508995;
 0, 0, 0, 1]
Ow:
[0.013122323;
 0.00016332557;
 0.050043378]
Keyframe: 41 Frame: 174 Frame from vFrameID : 175
Tcw:
[0.99656183, 0.06367413, 0.053011075, 0.014118438;
 -0.058232442, 0.99342829, -0.098535232, 5.7579018e-05;
 -0.058936849, 0.095109485, 0.99372059, 0.051029995;
 0, 0, 0, 1]
Twc:
[0.99656183, -0.058232442, -0.058936849, -0.011058996;
 0.06367413, 0.99342829, 0.095109485, -0.0058096168;
 0.053011075, -0.098535232, 0.99372059, -0.05145232;
 0, 0, 0, 1]
Ow:
[0.014118438;
 5.7579018e-05;
 0.051029995]
Keyframe: 42 Frame: 179 Frame from vFrameID : 180
Tcw:
[0.99802041, 0.051155619, 0.036583602, 0.014659062;
 -0.04754898, 0.99448776, -0.093451329, -0.00010452373;
 -0.041162506, 0.091526821, 0.99495149, 0.051893238;
 0, 0, 0, 1]
Twc:
[0.99802041, -0.04754898, -0.041162506, -0.012498957;
 0.051155619, 0.99448776, 0.091526821, -0.0053955694;
 0.036583602, -0.093451329, 0.99495149, -0.052177306;
 0, 0, 0, 1]
Ow:
[0.014659062;
 -0.00010452373;
 0.051893238]
Keyframe: 43 Frame: 183 Frame from vFrameID : 184
Tcw:
[0.99712992, 0.059227705, 0.047159724, 0.015638985;
 -0.055319101, 0.99523729, -0.080265351, -0.00074854796;
 -0.051689047, 0.07742615, 0.99565727, 0.052552104;
 0, 0, 0, 1]
Twc:
[0.99712992, -0.055319101, -0.051689047, -0.01291914;
 0.059227705, 0.99523729, 0.07742615, -0.0042501856;
 0.047159724, -0.080265351, 0.99565727, -0.0531215;
 0, 0, 0, 1]
Ow:
[0.015638985;
 -0.00074854796;
 0.052552104]
Keyframe: 44 Frame: 187 Frame from vFrameID : 188
Tcw:
[0.99824238, 0.052681971, 0.027142696, 0.015777126;
 -0.050460581, 0.99576235, -0.076883741, -0.00084428396;
 -0.031078061, 0.075378969, 0.99667054, 0.053171448;
 0, 0, 0, 1]
Twc:
[0.99824238, -0.050460581, -0.031078061, -0.014139535;
 0.052681971, 0.99576235, 0.075378969, -0.0039984728;
 0.027142696, -0.076883741, 0.99667054, -0.053487562;
 0, 0, 0, 1]
Ow:
[0.015777126;
 -0.00084428396;
 0.053171448]
Keyframe: 45 Frame: 191 Frame from vFrameID : 192
Tcw:
[0.99784434, 0.059029516, 0.028674493, 0.016331468;
 -0.056875031, 0.99586123, -0.070891567, -0.00091830874;
 -0.032740511, 0.06910789, 0.9970718, 0.054201435;
 0, 0, 0, 1]
Twc:
[0.99784434, -0.056875031, -0.032740511, -0.014573908;
 0.059029516, 0.99586123, 0.06910789, -0.0037952771;
 0.028674493, -0.070891567, 0.9970718, -0.054576121;
 0, 0, 0, 1]
Ow:
[0.016331468;
 -0.00091830874;
 0.054201435]
Keyframe: 46 Frame: 195 Frame from vFrameID : 196
Tcw:
[0.9971292, 0.052854128, 0.054219708, 0.016531469;
 -0.048570126, 0.99580872, -0.077497855, -0.00097590801;
 -0.058088541, 0.074641921, 0.99551708, 0.055652961;
 0, 0, 0, 1]
Twc:
[0.9971292, -0.048570126, -0.058088541, -0.013298612;
 0.052854128, 0.99580872, 0.074641921, -0.0040559829;
 0.054219708, -0.077497855, 0.99551708, -0.05637544;
 0, 0, 0, 1]
Ow:
[0.016531469;
 -0.00097590801;
 0.055652961]
Keyframe: 47 Frame: 200 Frame from vFrameID : 201
Tcw:
[0.99616301, 0.04462105, 0.075287938, 0.016054917;
 -0.037250124, 0.9946245, -0.096615672, -0.00021226006;
 -0.079194315, 0.093440473, 0.9924702, 0.05661853;
 0, 0, 0, 1]
Twc:
[0.99616301, -0.037250124, -0.079194315, -0.011517355;
 0.04462105, 0.9946245, 0.093440473, -0.0057957307;
 0.075287938, -0.096615672, 0.9924702, -0.057421457;
 0, 0, 0, 1]
Ow:
[0.016054917;
 -0.00021226006;
 0.05661853]
Keyframe: 48 Frame: 204 Frame from vFrameID : 205
Tcw:
[0.99560976, 0.040808972, 0.084237054, 0.016393384;
 -0.033049215, 0.99525273, -0.091540717, -0.00014779391;
 -0.087572843, 0.088354863, 0.99223202, 0.057662331;
 0, 0, 0, 1]
Twc:
[0.99560976, -0.033049215, -0.087572843, -0.011276643;
 0.040808972, 0.99525273, 0.088354863, -0.0056166518;
 0.084237054, -0.091540717, 0.99223202, -0.058608871;
 0, 0, 0, 1]
Ow:
[0.016393384;
 -0.00014779391;
 0.057662331]
Keyframe: 49 Frame: 208 Frame from vFrameID : 209
Tcw:
[0.99644542, 0.044024847, 0.071821466, 0.016802708;
 -0.037204314, 0.9949066, -0.093684278, -4.9703754e-05;
 -0.075580083, 0.090679206, 0.99300802, 0.058598749;
 0, 0, 0, 1]
Twc:
[0.99644542, -0.037204314, -0.075580083, -0.012315932;
 0.044024847, 0.9949066, 0.090679206, -0.0060039735;
 0.071821466, -0.093684278, 0.99300802, -0.05940048;
 0, 0, 0, 1]
Ow:
[0.016802708;
 -4.9703754e-05;
 0.058598749]
Keyframe: 50 Frame: 212 Frame from vFrameID : 213
Tcw:
[0.99761862, 0.047227349, 0.050265625, 0.01839911;
 -0.041510452, 0.993146, -0.10926062, 0.00032282248;
 -0.055081196, 0.10691388, 0.99274141, 0.059877224;
 0, 0, 0, 1]
Twc:
[0.99761862, -0.041510452, -0.055081196, -0.015043786;
 0.047227349, 0.993146, 0.10691388, -0.0075912578;
 0.050265625, -0.10926062, 0.99274141, -0.060332168;
 0, 0, 0, 1]
Ow:
[0.01839911;
 0.00032282248;
 0.059877224]
Keyframe: 51 Frame: 218 Frame from vFrameID : 219
Tcw:
[0.99716485, 0.061046097, 0.043996602, 0.018869288;
 -0.056866694, 0.99425459, -0.090686396, 0.0005050078;
 -0.049279876, 0.087927341, 0.99490714, 0.061702639;
 0, 0, 0, 1]
Twc:
[0.99716485, -0.056866694, -0.049279876, -0.015746374;
 0.061046097, 0.99425459, 0.087927341, -0.0070793517;
 0.043996602, -0.090686396, 0.99490714, -0.062172789;
 0, 0, 0, 1]
Ow:
[0.018869288;
 0.0005050078;
 0.061702639]
Keyframe: 52 Frame: 222 Frame from vFrameID : 223
Tcw:
[0.99753064, 0.058842011, 0.038343288, 0.020118415;
 -0.055617452, 0.995215, -0.080335729, 0.00054254616;
 -0.042886931, 0.078004792, 0.99603009, 0.063437253;
 0, 0, 0, 1]
Twc:
[0.99753064, -0.055617452, -0.042886931, -0.017317932;
 0.058842011, 0.995215, 0.078004792, -0.0066721682;
 0.038343288, -0.080335729, 0.99603009, -0.063913234;
 0, 0, 0, 1]
Ow:
[0.020118415;
 0.00054254616;
 0.063437253]
Keyframe: 53 Frame: 227 Frame from vFrameID : 228
Tcw:
[0.9937287, 0.067475177, 0.089164898, 0.020750113;
 -0.057883214, 0.99266934, -0.10609926, 0.00048002601;
 -0.095670328, 0.10027272, 0.99034971, 0.065670513;
 0, 0, 0, 1]
Twc:
[0.9937287, -0.057883214, -0.095670328, -0.014309476;
 0.067475177, 0.99266934, 0.10027272, -0.0084615862;
 0.089164898, -0.10609926, 0.99034971, -0.066836029;
 0, 0, 0, 1]
Ow:
[0.020750113;
 0.00048002601;
 0.065670513]
Keyframe: 54 Frame: 232 Frame from vFrameID : 233
Tcw:
[0.99521571, 0.058487624, 0.07826142, 0.020597389;
 -0.048063047, 0.99047619, -0.12902269, 0.00064588059;
 -0.08506231, 0.12464393, 0.98854858, 0.066686742;
 0, 0, 0, 1]
Twc:
[0.99521571, -0.048063047, -0.08506231, -0.014795274;
 0.058487624, 0.99047619, 0.12464393, -0.010156519;
 0.07826142, -0.12902269, 0.98854858, -0.06745173;
 0, 0, 0, 1]
Ow:
[0.020597389;
 0.00064588059;
 0.066686742]
Keyframe: 55 Frame: 237 Frame from vFrameID : 238
Tcw:
[0.99538785, 0.04776055, 0.08319857, 0.020932931;
 -0.038706616, 0.99348086, -0.1072266, 0.00088881422;
 -0.087777391, 0.10351172, 0.99074739, 0.067907527;
 0, 0, 0, 1]
Twc:
[0.99538785, -0.038706616, -0.087777391, -0.014841238;
 0.04776055, 0.99348086, 0.10351172, -0.0089120129;
 0.08319857, -0.1072266, 0.99074739, -0.068925492;
 0, 0, 0, 1]
Ow:
[0.020932931;
 0.00088881422;
 0.067907527]
Keyframe: 56 Frame: 242 Frame from vFrameID : 243
Tcw:
[0.99779588, 0.045115806, 0.048661392, 0.021502331;
 -0.040376384, 0.99472177, -0.094331175, 0.00097713573;
 -0.052660372, 0.092158481, 0.99435091, 0.069518656;
 0, 0, 0, 1]
Twc:
[0.99779588, -0.040376384, -0.052660372, -0.017754607;
 0.045115806, 0.99472177, 0.092158481, -0.0083488068;
 0.048661392, -0.094331175, 0.99435091, -0.070080094;
 0, 0, 0, 1]
Ow:
[0.021502331;
 0.00097713573;
 0.069518656]
Keyframe: 57 Frame: 247 Frame from vFrameID : 248
Tcw:
[0.99846435, 0.052712634, 0.017040681, 0.023259005;
 -0.050906256, 0.99435252, -0.093121819, 0.00080752233;
 -0.02185314, 0.092111334, 0.99550891, 0.070954792;
 0, 0, 0, 1]
Twc:
[0.99846435, -0.050906256, -0.02185314, -0.021631593;
 0.052712634, 0.99435252, 0.092111334, -0.0085647451;
 0.017040681, -0.093121819, 0.99550891, -0.070957273;
 0, 0, 0, 1]
Ow:
[0.023259005;
 0.00080752233;
 0.070954792]
Keyframe: 58 Frame: 252 Frame from vFrameID : 253
Tcw:
[0.99840122, 0.056397349, 0.0037860135, 0.023353415;
 -0.055893172, 0.99501789, -0.082555465, 0.0010282076;
 -0.0084230602, 0.08221186, 0.99657929, 0.072291896;
 0, 0, 0, 1]
Twc:
[0.99840122, -0.055893172, -0.0084230602, -0.022649689;
 0.056397349, 0.99501789, 0.08221186, -0.0082834074;
 0.0037860135, -0.082555465, 0.99657929, -0.072048143;
 0, 0, 0, 1]
Ow:
[0.023353415;
 0.0010282076;
 0.072291896]
Keyframe: 59 Frame: 258 Frame from vFrameID : 259
Tcw:
[0.99856102, 0.051299118, 0.015630111, 0.024381639;
 -0.049932092, 0.99570513, -0.077961914, 0.0010994342;
 -0.01956236, 0.077069283, 0.9968338, 0.074203677;
 0, 0, 0, 1]
Twc:
[0.99856102, -0.049932092, -0.01956236, -0.022840058;
 0.051299118, 0.99570513, 0.077069283, -0.0080642933;
 0.015630111, -0.077961914, 0.9968338, -0.074264109;
 0, 0, 0, 1]
Ow:
[0.024381639;
 0.0010994342;
 0.074203677]
Keyframe: 60 Frame: 263 Frame from vFrameID : 264
Tcw:
[0.99889845, 0.042126127, 0.020670045, 0.02346986;
 -0.039969485, 0.99462539, -0.09551309, 0.0011729212;
 -0.02458255, 0.094581708, 0.99521357, 0.075967513;
 0, 0, 0, 1]
Twc:
[0.99889845, -0.039969485, -0.02458255, -0.02152965;
 0.042126127, 0.99462539, 0.094581708, -0.0093404483;
 0.020670045, -0.09551309, 0.99521357, -0.07597699;
 0, 0, 0, 1]
Ow:
[0.02346986;
 0.0011729212;
 0.075967513]
Keyframe: 61 Frame: 269 Frame from vFrameID : 270
Tcw:
[0.99846113, 0.045786221, 0.031288035, 0.024504663;
 -0.042715102, 0.99478441, -0.092624806, 0.0013264772;
 -0.03536579, 0.091145799, 0.9952094, 0.077456512;
 0, 0, 0, 1]
Twc:
[0.99846113, -0.042715102, -0.03536579, -0.021670984;
 0.045786221, 0.99478441, 0.091145799, -0.0095013706;
 0.031288035, -0.092624806, 0.9952094, -0.077729285;
 0, 0, 0, 1]
Ow:
[0.024504663;
 0.0013264772;
 0.077456512]
Keyframe: 62 Frame: 274 Frame from vFrameID : 275
Tcw:
[0.99897993, 0.037996337, -0.024401082, 0.024941947;
 -0.039949682, 0.99555361, -0.085305169, 0.0012460696;
 0.021051303, 0.086192966, 0.99605602, 0.07892485;
 0, 0, 0, 1]
Twc:
[0.99897993, -0.039949682, 0.021051303, -0.026528195;
 0.037996337, 0.99555361, 0.086192966, -0.0089909984;
 -0.024401082, -0.085305169, 0.99605602, -0.077898666;
 0, 0, 0, 1]
Ow:
[0.024941947;
 0.0012460696;
 0.07892485]
Keyframe: 63 Frame: 279 Frame from vFrameID : 280
Tcw:
[0.99682748, 0.061087139, -0.051022917, 0.026564749;
 -0.066069454, 0.99253923, -0.10247286, 0.00084831193;
 0.044382475, 0.10551882, 0.99342638, 0.080461457;
 0, 0, 0, 1]
Twc:
[0.99682748, -0.066069454, 0.044382475, -0.029995503;
 0.061087139, 0.99253923, 0.10551882, -0.010954945;
 -0.051022917, -0.10247286, 0.99342638, -0.078490198;
 0, 0, 0, 1]
Ow:
[0.026564749;
 0.00084831193;
 0.080461457]
Keyframe: 64 Frame: 284 Frame from vFrameID : 285
Tcw:
[0.9953779, 0.074440338, -0.060674969, 0.027590474;
 -0.079474524, 0.9931823, -0.085279897, 0.0009928802;
 0.053913042, 0.089707844, 0.99450785, 0.081821389;
 0, 0, 0, 1]
Twc:
[0.9953779, -0.079474524, 0.053913042, -0.031795282;
 0.074440338, 0.9931823, 0.089707844, -0.010379976;
 -0.060674969, -0.085279897, 0.99450785, -0.079613291;
 0, 0, 0, 1]
Ow:
[0.027590474;
 0.0009928802;
 0.081821389]
Keyframe: 65 Frame: 289 Frame from vFrameID : 290
Tcw:
[0.99572694, 0.092328131, -0.0018291735, 0.027227053;
 -0.092325583, 0.9948898, -0.040868811, 0.0014623024;
 -0.0019535148, 0.040863056, 0.99916285, 0.083532557;
 0, 0, 0, 1]
Twc:
[0.99572694, -0.092325583, -0.0019535148, -0.02681252;
 0.092328131, 0.9948898, 0.040863056, -0.0073820483;
 -0.0018291735, -0.040868811, 0.99916285, -0.083353065;
 0, 0, 0, 1]
Ow:
[0.027227053;
 0.0014623024;
 0.083532557]
Keyframe: 66 Frame: 294 Frame from vFrameID : 295
Tcw:
[0.99853724, 0.047418438, -0.025977077, 0.027074492;
 -0.048680875, 0.99754512, -0.050338037, 0.0015708921;
 0.023526356, 0.05152899, 0.99839437, 0.085073858;
 0, 0, 0, 1]
Twc:
[0.99853724, -0.048680875, 0.023526356, -0.028959896;
 0.047418438, 0.99754512, 0.05152899, -0.0072346367;
 -0.025977077, -0.050338037, 0.99839437, -0.084154867;
 0, 0, 0, 1]
Ow:
[0.027074492;
 0.0015708921;
 0.085073858]
Keyframe: 67 Frame: 299 Frame from vFrameID : 300
Tcw:
[0.99853975, 0.046197362, -0.02800414, 0.028044343;
 -0.047725741, 0.99725461, -0.056617137, 0.0016574301;
 0.025311695, 0.057870977, 0.99800313, 0.086503923;
 0, 0, 0, 1]
Twc:
[0.99853975, -0.047725741, 0.025311695, -0.030113848;
 0.046197362, 0.99725461, 0.057870977, -0.007954522;
 -0.02800414, -0.056617137, 0.99800313, -0.085451998;
 0, 0, 0, 1]
Ow:
[0.028044343;
 0.0016574301;
 0.086503923]
Keyframe: 68 Frame: 304 Frame from vFrameID : 305
Tcw:
[0.9970417, 0.067061387, -0.037557408, 0.028899526;
 -0.069230065, 0.9958083, -0.059774559, 0.0017922614;
 0.033391412, 0.062197831, 0.99750513, 0.087819099;
 0, 0, 0, 1]
Twc:
[0.9970417, -0.069230065, 0.033391412, -0.031622361;
 0.067061387, 0.9958083, 0.062197831, -0.0091849491;
 -0.037557408, -0.059774559, 0.99750513, -0.086407475;
 0, 0, 0, 1]
Ow:
[0.028899526;
 0.0017922614;
 0.087819099]
Keyframe: 69 Frame: 309 Frame from vFrameID : 310
Tcw:
[0.9926362, 0.075502038, -0.094724722, 0.02978516;
 -0.081881881, 0.99449569, -0.065373309, 0.0017467146;
 0.089267507, 0.072648153, 0.99335468, 0.088914096;
 0, 0, 0, 1]
Twc:
[0.9926362, -0.081881881, 0.089267507, -0.037359945;
 0.075502038, 0.99449569, 0.072648153, -0.010445385;
 -0.094724722, -0.065373309, 0.99335468, -0.085387655;
 0, 0, 0, 1]
Ow:
[0.02978516;
 0.0017467146;
 0.088914096]
Keyframe: 70 Frame: 315 Frame from vFrameID : 316
Tcw:
[0.99466962, 0.065733284, -0.079444602, 0.030210802;
 -0.069786891, 0.99633944, -0.049370751, 0.0018856726;
 0.07590849, 0.054651778, 0.99561596, 0.09045957;
 0, 0, 0, 1]
Twc:
[0.99466962, -0.069786891, 0.07590849, -0.03678482;
 0.065733284, 0.99633944, 0.054651778, -0.0088084014;
 -0.079444602, -0.049370751, 0.99561596, -0.087569803;
 0, 0, 0, 1]
Ow:
[0.030210802;
 0.0018856726;
 0.09045957]
Keyframe: 71 Frame: 320 Frame from vFrameID : 321
Tcw:
[0.99719793, 0.065663166, -0.03584145, 0.030317549;
 -0.06745591, 0.99640048, -0.051339522, 0.0022639185;
 0.032341324, 0.053613383, 0.99803787, 0.092233874;
 0, 0, 0, 1]
Twc:
[0.99719793, -0.06745591, 0.032341324, -0.033062849;
 0.065663166, 0.99640048, 0.053613383, -0.009191487;
 -0.03584145, -0.051339522, 0.99803787, -0.090850055;
 0, 0, 0, 1]
Ow:
[0.030317549;
 0.0022639185;
 0.092233874]
Keyframe: 72 Frame: 326 Frame from vFrameID : 327
Tcw:
[0.99778801, 0.057079259, -0.034073558, 0.030198088;
 -0.059348885, 0.99579376, -0.069802962, 0.0025489577;
 0.029945936, 0.071670786, 0.9969787, 0.093547329;
 0, 0, 0, 1]
Twc:
[0.99778801, -0.059348885, 0.029945936, -0.032781377;
 0.057079259, 0.99579376, 0.071670786, -0.010966532;
 -0.034073558, -0.069802962, 0.9969787, -0.092057817;
 0, 0, 0, 1]
Ow:
[0.030198088;
 0.0025489577;
 0.093547329]
Keyframe: 73 Frame: 331 Frame from vFrameID : 332
Tcw:
[0.99597478, 0.053509723, -0.071909435, 0.030557744;
 -0.058137301, 0.99626273, -0.063879542, 0.0026951935;
 0.068222515, 0.067803033, 0.99536347, 0.094787546;
 0, 0, 0, 1]
Twc:
[0.99597478, -0.058137301, 0.068222515, -0.036744695;
 0.053509723, 0.99626273, 0.067803033, -0.01074714;
 -0.071909435, -0.063879542, 0.99536347, -0.091978505;
 0, 0, 0, 1]
Ow:
[0.030557744;
 0.0026951935;
 0.094787546]
Keyframe: 74 Frame: 338 Frame from vFrameID : 339
Tcw:
[0.98672372, 0.081181295, -0.14066215, 0.031850636;
 -0.088942558, 0.99479163, -0.049787793, 0.0023353356;
 0.1358877, 0.061637651, 0.988805, 0.096657202;
 0, 0, 0, 1]
Twc:
[0.98672372, -0.088942558, 0.1358877, -0.044354592;
 0.081181295, 0.99479163, 0.061637651, -0.010866571;
 -0.14066215, -0.049787793, 0.988805, -0.090978675;
 0, 0, 0, 1]
Ow:
[0.031850636;
 0.0023353356;
 0.096657202]
Keyframe: 75 Frame: 345 Frame from vFrameID : 346
Tcw:
[0.99032789, 0.043498494, -0.13175172, 0.032403093;
 -0.0529861, 0.99618202, -0.069381982, 0.0024924329;
 0.12823069, 0.075691923, 0.98885167, 0.097944751;
 0, 0, 0, 1]
Twc:
[0.99032789, -0.0529861, 0.12823069, -0.044517145;
 0.043498494, 0.99618202, 0.075691923, -0.011306029;
 -0.13175172, -0.069381982, 0.98885167, -0.092410743;
 0, 0, 0, 1]
Ow:
[0.032403093;
 0.0024924329;
 0.097944751]
Keyframe: 76 Frame: 350 Frame from vFrameID : 351
Tcw:
[0.99585545, 0.046047512, -0.078431942, 0.032626096;
 -0.049854334, 0.99763632, -0.047289934, 0.0028844303;
 0.076068968, 0.051004112, 0.99579722, 0.099671319;
 0, 0, 0, 1]
Twc:
[0.99585545, -0.049854334, 0.076068968, -0.039928969;
 0.046047512, 0.99763632, 0.051004112, -0.0094636092;
 -0.078431942, -0.047289934, 0.99579722, -0.096557088;
 0, 0, 0, 1]
Ow:
[0.032626096;
 0.0028844303;
 0.099671319]
Keyframe: 77 Frame: 355 Frame from vFrameID : 356
Tcw:
[0.99633288, 0.029401558, -0.080351055, 0.032820415;
 -0.033997674, 0.99782676, -0.05644406, 0.002968003;
 0.078516886, 0.058968823, 0.9951672, 0.10107957;
 0, 0, 0, 1]
Twc:
[0.99633288, -0.033997674, 0.078516886, -0.04053561;
 0.029401558, 0.99782676, 0.058968823, -0.0098870676;
 -0.080351055, -0.05644406, 0.9951672, -0.097786389;
 0, 0, 0, 1]
Ow:
[0.032820415;
 0.002968003;
 0.10107957]
Keyframe: 78 Frame: 360 Frame from vFrameID : 361
Tcw:
[0.99684727, 0.018256892, -0.077215597, 0.033271749;
 -0.023207549, 0.99769849, -0.06371133, 0.0031185518;
 0.075874716, 0.065302446, 0.9949767, 0.10217476;
 0, 0, 0, 1]
Twc:
[0.99684727, -0.023207549, 0.075874716, -0.040846955;
 0.018256892, 0.99769849, 0.065302446, -0.010391075;
 -0.077215597, -0.06371133, 0.9949767, -0.098893717;
 0, 0, 0, 1]
Ow:
[0.033271749;
 0.0031185518;
 0.10217476]
Keyframe: 79 Frame: 366 Frame from vFrameID : 367
Tcw:
[0.99325395, 0.033960141, -0.11087496, 0.034608677;
 -0.042901427, 0.99592882, -0.079279676, 0.0031717699;
 0.10773122, 0.08350154, 0.99066716, 0.10397106;
 0, 0, 0, 1]
Twc:
[0.99325395, -0.042901427, 0.10773122, -0.045440067;
 0.033960141, 0.99592882, 0.08350154, -0.013015918;
 -0.11087496, -0.079279676, 0.99066716, -0.09891203;
 0, 0, 0, 1]
Ow:
[0.034608677;
 0.0031717699;
 0.10397106]
Keyframe: 80 Frame: 372 Frame from vFrameID : 373
Tcw:
[0.9909538, 0.051538888, -0.1239125, 0.035059161;
 -0.059970055, 0.99606192, -0.065301135, 0.0030087819;
 0.12005898, 0.072141446, 0.99014217, 0.10522205;
 0, 0, 0, 1]
Twc:
[0.9909538, -0.059970055, 0.12005898, -0.047194425;
 0.051538888, 0.99606192, 0.072141446, -0.012394714;
 -0.1239125, -0.065301135, 0.99014217, -0.099644035;
 0, 0, 0, 1]
Ow:
[0.035059161;
 0.0030087819;
 0.10522205]
Keyframe: 81 Frame: 378 Frame from vFrameID : 379
Tcw:
[0.99325508, 0.05593897, -0.10156344, 0.035339881;
 -0.064458579, 0.99449295, -0.082637012, 0.0030256603;
 0.096381493, 0.088626273, 0.99139094, 0.10715283;
 0, 0, 0, 1]
Twc:
[0.99325508, -0.064458579, 0.096381493, -0.045234039;
 0.05593897, 0.99449295, 0.088626273, -0.01448243;
 -0.10156344, -0.082637012, 0.99139094, -0.10239108;
 0, 0, 0, 1]
Ow:
[0.035339881;
 0.0030256603;
 0.10715283]
Keyframe: 82 Frame: 383 Frame from vFrameID : 384
Tcw:
[0.99569559, 0.05553937, -0.074200258, 0.035284091;
 -0.061916195, 0.99431705, -0.08660268, 0.0031080702;
 0.068968721, 0.090824105, 0.99347585, 0.10844362;
 0, 0, 0, 1]
Twc:
[0.99569559, -0.061916195, 0.068968721, -0.04241899;
 0.05553937, 0.99431705, 0.090824105, -0.014899358;
 -0.074200258, -0.08660268, 0.99347585, -0.10484887;
 0, 0, 0, 1]
Ow:
[0.035284091;
 0.0031080702;
 0.10844362]
Keyframe: 83 Frame: 389 Frame from vFrameID : 390
Tcw:
[0.99914038, 0.033176038, -0.024856888, 0.035974428;
 -0.035572655, 0.99402887, -0.10315592, 0.0031641722;
 0.02128616, 0.10395147, 0.99435455, 0.10923322;
 0, 0, 0, 1]
Twc:
[0.99914038, -0.035572655, 0.02128616, -0.038156103;
 0.033176038, 0.99402887, 0.10395147, -0.015693722;
 -0.024856888, -0.10315592, 0.99435455, -0.10739593;
 0, 0, 0, 1]
Ow:
[0.035974428;
 0.0031641722;
 0.10923322]
Keyframe: 84 Frame: 395 Frame from vFrameID : 396
Tcw:
[0.99912012, 0.033603869, -0.025096282, 0.036668867;
 -0.036149062, 0.99338317, -0.10900954, 0.0031826235;
 0.021267083, 0.10982084, 0.99372387, 0.11031411;
 0, 0, 0, 1]
Twc:
[0.99912012, -0.036149062, 0.021267083, -0.038867611;
 0.033603869, 0.99338317, 0.10982084, -0.016508568;
 -0.025096282, -0.10900954, 0.99372387, -0.10835457;
 0, 0, 0, 1]
Ow:
[0.036668867;
 0.0031826235;
 0.11031411]
Keyframe: 85 Frame: 400 Frame from vFrameID : 401
Tcw:
[0.99731576, 0.036179181, -0.063658088, 0.037142981;
 -0.042615641, 0.99378401, -0.10284567, 0.003308245;
 0.059541516, 0.10528243, 0.99265826, 0.11080627;
 0, 0, 0, 1]
Twc:
[0.99731576, -0.042615641, 0.059541516, -0.043499872;
 0.036179181, 0.99378401, 0.10528243, -0.016297439;
 -0.063658088, -0.10284567, 0.99265826, -0.10728807;
 0, 0, 0, 1]
Ow:
[0.037142981;
 0.003308245;
 0.11080627]
Keyframe: 86 Frame: 405 Frame from vFrameID : 406
Tcw:
[0.99592906, 0.043288264, -0.079066187, 0.037531842;
 -0.049983285, 0.99514699, -0.08475963, 0.0033653956;
 0.075013377, 0.088366568, 0.99325943, 0.11183786;
 0, 0, 0, 1]
Twc:
[0.99592906, -0.049983285, 0.075013377, -0.045600172;
 0.043288264, 0.99514699, 0.088366568, -0.014856478;
 -0.079066187, -0.08475963, 0.99325943, -0.10783126;
 0, 0, 0, 1]
Ow:
[0.037531842;
 0.0033653956;
 0.11183786]
Keyframe: 87 Frame: 411 Frame from vFrameID : 412
Tcw:
[0.99771738, 0.037560537, -0.056118175, 0.037509061;
 -0.042007819, 0.99588567, -0.080293626, 0.0035315314;
 0.052871414, 0.08246775, 0.99519026, 0.11296561;
 0, 0, 0, 1]
Twc:
[0.99771738, -0.042007819, 0.052871414, -0.043247741;
 0.037560537, 0.99588567, 0.08246775, -0.014241882;
 -0.056118175, -0.080293626, 0.99519026, -0.11003378;
 0, 0, 0, 1]
Ow:
[0.037509061;
 0.0035315314;
 0.11296561]
Keyframe: 88 Frame: 417 Frame from vFrameID : 418
Tcw:
[0.99925321, 0.018399678, -0.033976983, 0.037620578;
 -0.021507496, 0.99538755, -0.093493439, 0.0034345658;
 0.032100014, 0.09415438, 0.99504, 0.11399312;
