Keyframe: 0 Frame: 0 Frame from vFrameID : 127
Tcw:
[1, 0, 0, 0;
 0, 1, 0, 0;
 0, 0, 1, 0;
 0, 0, 0, 1]
Twc:
[1, 0, 0, 0;
 0, 1, 0, 0;
 0, 0, 1, 0;
 0, 0, 0, 1]
Ow:
[0;
 0;
 0]
Keyframe: 1 Frame: 126 Frame from vFrameID : 127
Tcw:
[0.99990726, -0.013532317, 0.001529008, -0.021861212;
 0.013563729, 0.99964696, -0.022845572, 0.0013989214;
 -0.0012193148, 0.022864193, 0.99973786, -0.0061493185;
 0, 0, 0, 1]
Twc:
[0.99990726, 0.013563729, -0.0012193148, 0.021832712;
 -0.013532317, 0.99964696, 0.022864193, -0.0015536613;
 0.001529008, -0.022845572, 0.99973786, 0.0062130918;
 0, 0, 0, 1]
Ow:
[-0.021861212;
 0.0013989214;
 -0.0061493185]
Keyframe: 2 Frame: 128 Frame from vFrameID : 129
Tcw:
[0.99989802, -0.013975947, 0.0029467363, -0.01999693;
 0.0140004, 0.99986631, -0.0084476843, -0.00091739482;
 -0.0028282779, 0.0084880777, 0.99996001, -0.0018284878;
 0, 0, 0, 1]
Twc:
[0.99989802, 0.0140004, -0.0028282779, 0.020002561;
 -0.013975947, 0.99986631, 0.0084880777, 0.0006533165;
 0.0029467363, -0.0084476843, 0.99996001, 0.0018795904;
 0, 0, 0, 1]
Ow:
[-0.01999693;
 -0.00091739482;
 -0.0018284878]
Keyframe: 3 Frame: 130 Frame from vFrameID : 131
Tcw:
[0.99993443, -0.010224502, 0.005156531, -0.019386724;
 0.010257267, 0.9999271, -0.0063684708, -0.0015933797;
 -0.0050910409, 0.0064209453, 0.99996644, -0.00043970448;
 0, 0, 0, 1]
Twc:
[0.99993443, 0.010257267, -0.0050910409, 0.019399557;
 -0.010224502, 0.9999271, 0.0064209453, 0.0013978672;
 0.005156531, -0.0063684708, 0.99996644, 0.00052951055;
 0, 0, 0, 1]
Ow:
[-0.019386724;
 -0.0015933797;
 -0.00043970448]
Keyframe: 4 Frame: 132 Frame from vFrameID : 133
Tcw:
[0.99989676, -0.0062418142, 0.012940467, -0.018303223;
 0.0061890143, 0.9999724, 0.0041162432, -0.0028039855;
 -0.012965802, -0.0040357299, 0.99990779, 0.0019716232;
 0, 0, 0, 1]
Twc:
[0.99989676, 0.0061890143, -0.012965802, 0.018344253;
 -0.0062418142, 0.9999724, -0.0040357299, 0.0026976196;
 0.012940467, 0.0041162432, 0.99990779, -0.0017230473;
 0, 0, 0, 1]
Ow:
[-0.018303223;
 -0.0028039855;
 0.0019716232]
Keyframe: 5 Frame: 134 Frame from vFrameID : 135
Tcw:
[0.99986041, -0.0056487694, 0.015726296, -0.017662581;
 0.0055206688, 0.9999513, 0.0081771687, -0.0033994331;
 -0.015771722, -0.0080892071, 0.99984288, 0.0032510746;
 0, 0, 0, 1]
Twc:
[0.99986041, 0.0055206688, -0.015771722, 0.017730158;
 -0.0056487694, 0.9999513, -0.0080892071, 0.0033257946;
 0.015726296, 0.0081771687, 0.99984288, -0.0029449991;
 0, 0, 0, 1]
Ow:
[-0.017662581;
 -0.0033994331;
 0.0032510746]
Keyframe: 6 Frame: 136 Frame from vFrameID : 137
Tcw:
[0.99969339, -0.0067446036, 0.023824446, -0.015854945;
 0.0066287015, 0.99996585, 0.0049404693, -0.0018393075;
 -0.023856953, -0.0047810292, 0.99970394, 0.0090038776;
 0, 0, 0, 1]
Twc:
[0.99969339, 0.0066287015, -0.023856953, 0.016077083;
 -0.0067446036, 0.99996585, -0.0047810292, 0.0017753571;
 0.023824446, 0.0049404693, 0.99970394, -0.0086143892;
 0, 0, 0, 1]
Ow:
[-0.015854945;
 -0.0018393075;
 0.0090038776]
Keyframe: 7 Frame: 139 Frame from vFrameID : 140
Tcw:
[0.99945593, -0.0070502581, 0.03222055, -0.01196707;
 0.0068996395, 0.99996477, 0.0047834134, -0.0010870026;
 -0.032253139, -0.0045585008, 0.99946934, 0.01110635;
 0, 0, 0, 1]
Twc:
[0.99945593, 0.0068996395, -0.032253139, 0.012326274;
 -0.0070502581, 0.99996477, -0.0045585008, 0.0010532216;
 0.03222055, 0.0047834134, 0.99946934, -0.010709671;
 0, 0, 0, 1]
Ow:
[-0.01196707;
 -0.0010870026;
 0.01110635]
Keyframe: 8 Frame: 141 Frame from vFrameID : 142
Tcw:
[0.99919617, -0.0036598535, 0.039919812, -0.0044796243;
 0.0033203408, 0.9999578, 0.0085678548, -0.0015652443;
 -0.039949484, -0.0084284209, 0.99916613, 0.017535731;
 0, 0, 0, 1]
Twc:
[0.99919617, 0.0033203408, -0.039949484, 0.0051817643;
 -0.0036598535, 0.9999578, -0.0084284209, 0.001696582;
 0.039919812, 0.0085678548, 0.99916613, -0.017328873;
 0, 0, 0, 1]
Ow:
[-0.0044796243;
 -0.0015652443;
 0.017535731]
Keyframe: 9 Frame: 144 Frame from vFrameID : 145
Tcw:
[0.99952173, -0.0049862238, 0.030519204, 0.0015095454;
 0.0047493037, 0.99995804, 0.0078305556, -0.00069398567;
 -0.030556969, -0.0076818657, 0.99950349, 0.024222575;
 0, 0, 0, 1]
Twc:
[0.99952173, 0.0047493037, -0.030556969, -0.00076535897;
 -0.0049862238, 0.99995804, -0.0076818657, 0.00088755804;
 0.030519204, 0.0078305556, 0.99950349, -0.024251183;
 0, 0, 0, 1]
Ow:
[0.0015095454;
 -0.00069398567;
 0.024222575]
Keyframe: 10 Frame: 147 Frame from vFrameID : 148
Tcw:
[0.99988788, -0.0093668643, 0.01168026, 0.01923731;
 0.0093201464, 0.99994838, 0.0040477742, -0.00070280686;
 -0.011717572, -0.0039384589, 0.99992359, 0.035967629;
 0, 0, 0, 1]
Twc:
[0.99988788, 0.0093201464, -0.011717572, -0.01880715;
 -0.0093668643, 0.99994838, -0.0039384589, 0.0010246208;
 0.01168026, 0.0040477742, 0.99992359, -0.036186732;
 0, 0, 0, 1]
Ow:
[0.01923731;
 -0.00070280686;
 0.035967629]
Keyframe: 11 Frame: 150 Frame from vFrameID : 151
Tcw:
[0.99992681, -0.0071838317, 0.0097378111, 0.0310144;
 0.0071585607, 0.99997091, 0.0026275124, -0.0032346405;
 -0.009756403, -0.0025576113, 0.99994916, 0.04262761;
 0, 0, 0, 1]
Twc:
[0.99992681, 0.0071585607, -0.009756403, -0.030573079;
 -0.0071838317, 0.99997091, -0.0025576113, 0.0035663736;
 0.0097378111, 0.0026275124, 0.99994916, -0.042918954;
 0, 0, 0, 1]
Ow:
[0.0310144;
 -0.0032346405;
 0.04262761]
Keyframe: 12 Frame: 153 Frame from vFrameID : 154
Tcw:
[0.99993277, 0.001539445, 0.011491021, 0.045869898;
 -0.0014931477, 0.99999076, -0.0040364917, -0.0094002411;
 -0.011497129, 0.0040190625, 0.99992585, 0.052627724;
 0, 0, 0, 1]
Twc:
[0.99993277, -0.0014931477, -0.011497129, -0.045275785;
 0.001539445, 0.99999076, 0.0040190625, 0.0091180252;
 0.011491021, -0.0040364917, 0.99992585, -0.053188857;
 0, 0, 0, 1]
Ow:
[0.045869898;
 -0.0094002411;
 0.052627724]
Keyframe: 13 Frame: 156 Frame from vFrameID : 157
Tcw:
[0.99993032, 0.011453836, -0.0028570329, 0.063975848;
 -0.011522165, 0.99961674, -0.025171472, -0.016772076;
 0.0025676282, 0.025202638, 0.99967909, 0.062437542;
 0, 0, 0, 1]
Twc:
[0.99993032, -0.011522165, 0.0025676282, -0.06432496;
 0.011453836, 0.99961674, 0.025202638, 0.014459289;
 -0.0028570329, -0.025171472, 0.99967909, -0.062656902;
 0, 0, 0, 1]
Ow:
[0.063975848;
 -0.016772076;
 0.062437542]
Keyframe: 14 Frame: 159 Frame from vFrameID : 160
Tcw:
[0.99975699, 0.020173695, -0.0088886125, 0.072472595;
 -0.020372247, 0.99953145, -0.022844311, -0.019347329;
 0.0084235938, 0.023019839, 0.99969953, 0.073084265;
 0, 0, 0, 1]
Twc:
[0.99975699, -0.020372247, 0.0084235938, -0.073464766;
 0.020173695, 0.99953145, 0.023019839, 0.016193835;
 -0.0088886125, -0.022844311, 0.99969953, -0.072860099;
 0, 0, 0, 1]
Ow:
[0.072472595;
 -0.019347329;
 0.073084265]
Keyframe: 15 Frame: 162 Frame from vFrameID : 163
Tcw:
[0.99926966, 0.028829698, -0.025078909, 0.085196763;
 -0.029572554, 0.99911916, -0.029772181, -0.021403505;
 0.024198497, 0.030492086, 0.99924207, 0.088024877;
 0, 0, 0, 1]
Twc:
[0.99926966, -0.029572554, 0.024198497, -0.087897569;
 0.028829698, 0.99911916, 0.030492086, 0.016244393;
 -0.025078909, -0.029772181, 0.99924207, -0.086458743;
 0, 0, 0, 1]
Ow:
[0.085196763;
 -0.021403505;
 0.088024877]
Keyframe: 16 Frame: 166 Frame from vFrameID : 167
Tcw:
[0.99849361, 0.048214227, -0.026189767, 0.097365856;
 -0.049088504, 0.99822122, -0.033833507, -0.027099825;
 0.024511924, 0.035068158, 0.99908429, 0.12293314;
 0, 0, 0, 1]
Twc:
[0.99849361, -0.049088504, 0.024511924, -0.1015628;
 0.048214227, 0.99822122, 0.035068158, 0.018046165;
 -0.026189767, -0.033833507, 0.99908429, -0.12118746;
 0, 0, 0, 1]
Ow:
[0.097365856;
 -0.027099825;
 0.12293314]
Keyframe: 17 Frame: 170 Frame from vFrameID : 171
Tcw:
[0.99907732, 0.042931531, -0.0011589335, 0.09798114;
 -0.042931627, 0.99762625, -0.053840403, -0.033727765;
 -0.0011552683, 0.053840481, 0.99854887, 0.15702768;
 0, 0, 0, 1]
Twc:
[0.99907732, -0.042931627, -0.0011552683, -0.099157318;
 0.042931531, 0.99762625, 0.053840481, 0.020986779;
 -0.0011589335, -0.053840403, 0.99854887, -0.15850218;
 0, 0, 0, 1]
Ow:
[0.09798114;
 -0.033727765;
 0.15702768]
Keyframe: 18 Frame: 174 Frame from vFrameID : 175
Tcw:
[0.99949008, 0.02019465, 0.024733853, 0.099800542;
 -0.018216982, 0.99680823, -0.077727415, -0.038601108;
 -0.026224585, 0.077237204, 0.9966678, 0.19123979;
 0, 0, 0, 1]
Twc:
[0.99949008, -0.018216982, -0.026224585, -0.095437668;
 0.02019465, 0.99680823, 0.077237204, 0.021691637;
 0.024733853, -0.077727415, 0.9966678, -0.19607134;
 0, 0, 0, 1]
Ow:
[0.099800542;
 -0.038601108;
 0.19123979]
Keyframe: 19 Frame: 179 Frame from vFrameID : 180
Tcw:
[0.99816251, 0.012847912, 0.059216168, 0.10263558;
 -0.0089555075, 0.99781007, -0.065534882, -0.040679663;
 -0.059928477, 0.064884156, 0.99609166, 0.22775353;
 0, 0, 0, 1]
Twc:
[0.99816251, -0.0089555075, -0.059928477, -0.089162365;
 0.012847912, 0.99781007, 0.064884156, 0.024494329;
 0.059216168, -0.065534882, 0.99609166, -0.23560703;
 0, 0, 0, 1]
Ow:
[0.10263558;
 -0.040679663;
 0.22775353]
Keyframe: 20 Frame: 183 Frame from vFrameID : 184
Tcw:
[0.99694067, 0.010364747, 0.077471837, 0.10794844;
 -0.0068865828, 0.99896193, -0.045028917, -0.042148825;
 -0.077858135, 0.044357643, 0.99597716, 0.26011756;
 0, 0, 0, 1]
Twc:
[0.99694067, -0.0068865828, -0.077858135, -0.087656178;
 0.010364747, 0.99896193, 0.044357643, 0.029448012;
 0.077471837, -0.045028917, 0.99597716, -0.26933205;
 0, 0, 0, 1]
Ow:
[0.10794844;
 -0.042148825;
 0.26011756]
Keyframe: 21 Frame: 188 Frame from vFrameID : 189
Tcw:
[0.99625945, 0.0054989792, 0.08623714, 0.12606901;
 -0.001526406, 0.99893731, -0.046064135, -0.047030255;
 -0.086398803, 0.045760196, 0.99520916, 0.31283587;
 0, 0, 0, 1]
Twc:
[0.99625945, -0.001526406, -0.086398803, -0.098640583;
 0.0054989792, 0.99893731, 0.045760196, 0.031971596;
 0.08623714, -0.046064135, 0.99520916, -0.32437536;
 0, 0, 0, 1]
Ow:
[0.12606901;
 -0.047030255;
 0.31283587]
Keyframe: 22 Frame: 192 Frame from vFrameID : 193
Tcw:
[0.99713486, 0.012779024, 0.074557431, 0.14941788;
 -0.0096657947, 0.99907219, -0.041968547, -0.055925764;
 -0.075024575, 0.041127644, 0.99633318, 0.35036898;
 0, 0, 0, 1]
Twc:
[0.99713486, -0.0096657947, -0.075024575, -0.12324406;
 0.012779024, 0.99907219, 0.041127644, 0.039554611;
 0.074557431, -0.041968547, 0.99633318, -0.36257157;
 0, 0, 0, 1]
Ow:
[0.14941788;
 -0.055925764;
 0.35036898]
Keyframe: 23 Frame: 197 Frame from vFrameID : 198
Tcw:
[0.99744737, 0.015603858, 0.069679759, 0.16278514;
 -0.012225651, 0.99874115, -0.048647862, -0.062405124;
 -0.070351139, 0.047671802, 0.99638253, 0.38955218;
 0, 0, 0, 1]
Twc:
[0.99744737, -0.012225651, -0.070351139, -0.13572711;
 0.015603858, 0.99874115, 0.047671802, 0.041215841;
 0.069679759, -0.048647862, 0.99638253, -0.40252167;
 0, 0, 0, 1]
Ow:
[0.16278514;
 -0.062405124;
 0.38955218]
Keyframe: 24 Frame: 202 Frame from vFrameID : 203
Tcw:
[0.99686408, 0.016744461, 0.077341042, 0.17779532;
 -0.013966992, 0.99924278, -0.036314346, -0.066155165;
 -0.077890545, 0.035120245, 0.99634314, 0.44731095;
 0, 0, 0, 1]
Twc:
[0.99686408, -0.013966992, -0.077890545, -0.14332047;
 0.016744461, 0.99924278, 0.035120245, 0.047418319;
 0.077341042, -0.036314346, 0.99634314, -0.46182844;
 0, 0, 0, 1]
Ow:
[0.17779532;
 -0.066155165;
 0.44731095]
Keyframe: 25 Frame: 207 Frame from vFrameID : 208
Tcw:
[0.99676746, 0.012469683, 0.079367034, 0.18547916;
 -0.0083449986, 0.99860746, -0.052090842, -0.07393343;
 -0.079906076, 0.051260136, 0.99548352, 0.49888402;
 0, 0, 0, 1]
Twc:
[0.99676746, -0.0083449986, -0.079906076, -0.1456327;
 0.012469683, 0.99860746, 0.051260136, 0.04594475;
 0.079367034, -0.052090842, 0.99548352, -0.515203;
 0, 0, 0, 1]
Ow:
[0.18547916;
 -0.07393343;
 0.49888402]
Keyframe: 26 Frame: 212 Frame from vFrameID : 213
Tcw:
[0.99606282, -0.010316516, 0.08804775, 0.19306779;
 0.01474444, 0.99865091, -0.049788777, -0.078824013;
 -0.087415323, 0.050890967, 0.9948712, 0.54077774;
 0, 0, 0, 1]
Twc:
[0.99606282, 0.01474444, -0.087415323, -0.14387318;
 -0.010316516, 0.99865091, 0.050890967, 0.053188764;
 0.08804775, -0.049788777, 0.9948712, -0.55892789;
 0, 0, 0, 1]
Ow:
[0.19306779;
 -0.078824013;
 0.54077774]
Keyframe: 27 Frame: 217 Frame from vFrameID : 218
Tcw:
[0.99452394, -0.0098991264, 0.10403919, 0.21723568;
 0.015795266, 0.99830568, -0.056002129, -0.088824429;
 -0.10330854, 0.057338785, 0.99299526, 0.5895111;
 0, 0, 0, 1]
Twc:
[0.99452394, 0.015795266, -0.10330854, -0.15374155;
 -0.0098991264, 0.99830568, 0.057338785, 0.057022531;
 0.10403919, -0.056002129, 0.99299526, -0.61295712;
 0, 0, 0, 1]
Ow:
[0.21723568;
 -0.088824429;
 0.5895111]
Keyframe: 28 Frame: 222 Frame from vFrameID : 223
Tcw:
[0.99609327, -0.012052523, 0.087481096, 0.24246129;
 0.017325209, 0.99806207, -0.059765577, -0.085358314;
 -0.086591236, 0.061047718, 0.99437171, 0.63521957;
 0, 0, 0, 1]
Twc:
[0.99609327, 0.017325209, -0.086591236, -0.18503076;
 -0.012052523, 0.99806207, 0.061047718, 0.049336463;
 0.087481096, -0.059765577, 0.99437171, -0.65795666;
 0, 0, 0, 1]
Ow:
[0.24246129;
 -0.085358314;
 0.63521957]
Keyframe: 29 Frame: 227 Frame from vFrameID : 228
Tcw:
[0.99766868, 0.0003834698, 0.06824249, 0.27057001;
 0.002676372, 0.99899507, -0.044740703, -0.093389153;
 -0.068191066, 0.044819038, 0.99666506, 0.6821177;
 0, 0, 0, 1]
Twc:
[0.99766868, 0.002676372, -0.068191066, -0.22317493;
 0.0003834698, 0.99899507, 0.044819038, 0.062619686;
 0.06824249, -0.044740703, 0.99666506, -0.70248556;
 0, 0, 0, 1]
Ow:
[0.27057001;
 -0.093389153;
 0.6821177]
Keyframe: 30 Frame: 232 Frame from vFrameID : 233
Tcw:
[0.99840456, 0.00056128378, 0.056462392, 0.29950657;
 0.0011635663, 0.99953377, -0.030511139, -0.099428445;
 -0.056453194, 0.030528158, 0.99793839, 0.72904944;
 0, 0, 0, 1]
Twc:
[0.99840456, 0.0011635663, -0.056453194, -0.25775588;
 0.00056128378, 0.99953377, 0.030528158, 0.076957442;
 0.056462392, -0.030511139, 0.99793839, -0.747491;
 0, 0, 0, 1]
Ow:
[0.29950657;
 -0.099428445;
 0.72904944]
Keyframe: 31 Frame: 237 Frame from vFrameID : 238
Tcw:
[0.99858534, 0.0023859874, 0.053118516, 0.31585714;
 -0.00089372444, 0.99960476, -0.028099133, -0.10758806;
 -0.053164564, 0.028011909, 0.99819279, 0.77328718;
 0, 0, 0, 1]
Twc:
[0.99858534, -0.00089372444, -0.053164564, -0.27439502;
 0.0023859874, 0.99960476, 0.028011909, 0.085130647;
 0.053118516, -0.028099133, 0.99819279, -0.79169071;
 0, 0, 0, 1]
Ow:
[0.31585714;
 -0.10758806;
 0.77328718]
Keyframe: 32 Frame: 243 Frame from vFrameID : 244
Tcw:
[0.99761033, -0.016368521, 0.067124709, 0.33764353;
 0.020052288, 0.99830812, -0.05457814, -0.11659624;
 -0.066117786, 0.055793718, 0.99625075, 0.82160264;
 0, 0, 0, 1]
Twc:
[0.99761033, 0.020052288, -0.066117786, -0.2801761;
 -0.016368521, 0.99830812, 0.055793718, 0.076085433;
 0.067124709, -0.05457814, 0.99625075, -0.84755003;
 0, 0, 0, 1]
Ow:
[0.33764353;
 -0.11659624;
 0.82160264]
Keyframe: 33 Frame: 248 Frame from vFrameID : 249
Tcw:
[0.9951095, -0.012512838, 0.097982191, 0.35658112;
 0.017519457, 0.99857521, -0.050404765, -0.11803511;
 -0.097211875, 0.051874854, 0.99391091, 0.85249048;
 0, 0, 0, 1]
Twc:
[0.9951095, 0.017519457, -0.097211875, -0.26989716;
 -0.012512838, 0.99857521, 0.051874854, 0.078105956;
 0.097982191, -0.050404765, 0.99391091, -0.88818765;
 0, 0, 0, 1]
Ow:
[0.35658112;
 -0.11803511;
 0.85249048]
Keyframe: 34 Frame: 254 Frame from vFrameID : 255
Tcw:
[0.99696714, -0.0095084421, 0.077240534, 0.38473749;
 0.013554082, 0.99855393, -0.052022979, -0.12364416;
 -0.076634176, 0.052912127, 0.99565428, 0.89458507;
 0, 0, 0, 1]
Twc:
[0.99696714, 0.013554082, -0.076634176, -0.31333894;
 -0.0095084421, 0.99855393, 0.052912127, 0.079789206;
 0.077240534, -0.052022979, 0.99565428, -0.92684722;
 0, 0, 0, 1]
Ow:
[0.38473749;
 -0.12364416;
 0.89458507]
Keyframe: 35 Frame: 259 Frame from vFrameID : 260
Tcw:
[0.99954265, 0.018163575, 0.024178527, 0.4089506;
 -0.016352713, 0.99719095, -0.07309451, -0.12539411;
 -0.025438266, 0.072665699, 0.99703187, 0.92023754;
 0, 0, 0, 1]
Twc:
[0.99954265, -0.016352713, -0.025438266, -0.38740483;
 0.018163575, 0.99719095, 0.072665699, 0.050744154;
 0.024178527, -0.07309451, 0.99703187, -0.93655968;
 0, 0, 0, 1]
Ow:
[0.4089506;
 -0.12539411;
 0.92023754]
Keyframe: 36 Frame: 264 Frame from vFrameID : 265
Tcw:
[0.99987149, 0.0085590044, -0.013557189, 0.42806774;
 -0.0092062037, 0.99878472, -0.048418425, -0.1288493;
 0.0131263, 0.048537012, 0.99873513, 0.94404161;
 0, 0, 0, 1]
Twc:
[0.99987149, -0.0092062037, 0.0131263, -0.4415907;
 0.0085590044, 0.99878472, 0.048537012, 0.07920792;
 -0.013557189, -0.048418425, 0.99873513, -0.94328278;
 0, 0, 0, 1]
Ow:
[0.42806774;
 -0.1288493;
 0.94404161]
Keyframe: 37 Frame: 269 Frame from vFrameID : 270
Tcw:
[0.99980682, 0.015928304, -0.011513773, 0.45153752;
 -0.015838718, 0.9998439, 0.0078305034, -0.12442377;
 0.011636702, -0.0076466273, 0.99990308, 0.98735839;
 0, 0, 0, 1]
Twc:
[0.99980682, -0.015838718, 0.011636702, -0.46491063;
 0.015928304, 0.9998439, -0.0076466273, 0.12476209;
 -0.011513773, 0.0078305034, 0.99990308, -0.98108941;
 0, 0, 0, 1]
Ow:
[0.45153752;
 -0.12442377;
 0.98735839]
Keyframe: 38 Frame: 273 Frame from vFrameID : 274
Tcw:
[0.99953711, 0.029839057, -0.0059309965, 0.46599796;
 -0.029791953, 0.99952507, 0.0078778053, -0.13095218;
 0.006163246, -0.0076974626, 0.99995136, 1.0262951;
 0, 0, 0, 1]
Twc:
[0.99953711, -0.029791953, 0.006163246, -0.47600889;
 0.029839057, 0.99952507, -0.0076974626, 0.12488491;
 -0.0059309965, 0.0078778053, 0.99995136, -1.0224497;
 0, 0, 0, 1]
Ow:
[0.46599796;
 -0.13095218;
 1.0262951]
Keyframe: 39 Frame: 278 Frame from vFrameID : 279
Tcw:
[0.99881989, 0.047007393, -0.012211036, 0.48362187;
 -0.047452647, 0.99810511, -0.039171822, -0.14915395;
 0.010346532, 0.039705042, 0.99915785, 1.0811589;
 0, 0, 0, 1]
Twc:
[0.99881989, -0.047452647, 0.010346532, -0.50131518;
 0.047007393, 0.99810511, 0.039705042, 0.083210059;
 -0.012211036, -0.039171822, 0.99915785, -1.0801855;
 0, 0, 0, 1]
Ow:
[0.48362187;
 -0.14915395;
 1.0811589]
Keyframe: 40 Frame: 283 Frame from vFrameID : 284
Tcw:
[0.99960482, 0.028084056, 0.001211235, 0.50847453;
 -0.027913006, 0.99676639, -0.075350262, -0.16112916;
 -0.0033234593, 0.075286679, 0.99715638, 1.1274039;
 0, 0, 0, 1]
Twc:
[0.99960482, -0.027913006, -0.0033234593, -0.50902432;
 0.028084056, 0.99676639, 0.075286679, 0.06144961;
 0.001211235, -0.075350262, 0.99715638, -1.136955;
 0, 0, 0, 1]
Ow:
[0.50847453;
 -0.16112916;
 1.1274039]
Keyframe: 41 Frame: 288 Frame from vFrameID : 289
Tcw:
[0.99906296, 0.010328092, 0.04202991, 0.52781391;
 -0.0072902003, 0.99739236, -0.071801022, -0.16852593;
 -0.042661875, 0.071427338, 0.99653304, 1.1692299;
 0, 0, 0, 1]
Twc:
[0.99906296, -0.0072902003, -0.042661875, -0.47866639;
 0.010328092, 0.99739236, 0.071427338, 0.079120174;
 0.04202991, -0.071801022, 0.99653304, -1.1994605;
 0, 0, 0, 1]
Ow:
[0.52781391;
 -0.16852593;
 1.1692299]
Keyframe: 42 Frame: 293 Frame from vFrameID : 294
Tcw:
[0.9972167, -0.0013048378, 0.074546576, 0.54922807;
 0.0073032742, 0.99674803, -0.080249861, -0.17014152;
 -0.074199446, 0.080570936, 0.99398327, 1.2089173;
 0, 0, 0, 1]
Twc:
[0.9972167, 0.0073032742, -0.074199446, -0.45675582;
 -0.0013048378, 0.99674803, 0.080570936, 0.072901286;
 0.074546576, -0.080249861, 0.99398327, -1.2562405;
 0, 0, 0, 1]
Ow:
[0.54922807;
 -0.17014152;
 1.2089173]
Keyframe: 43 Frame: 298 Frame from vFrameID : 299
Tcw:
[0.99603826, 0.0049138241, 0.08878962, 0.58317232;
 0.0028484934, 0.99619669, -0.087086126, -0.18338594;
 -0.088879853, 0.08699403, 0.99223608, 1.2495997;
 0, 0, 0, 1]
Twc:
[0.99603826, 0.0028484934, -0.088879853, -0.46927541;
 0.0049138241, 0.99619669, 0.08699403, 0.071115151;
 0.08878962, -0.087086126, 0.99223608, -1.3076478;
 0, 0, 0, 1]
Ow:
[0.58317232;
 -0.18338594;
 1.2495997]
Keyframe: 44 Frame: 303 Frame from vFrameID : 304
Tcw:
[0.99309653, 0.0014770825, 0.11729068, 0.59925234;
 0.010416041, 0.99486017, -0.10072091, -0.19199643;
 -0.1168366, 0.1012473, 0.98797679, 1.2781041;
 0, 0, 0, 1]
Twc:
[0.99309653, 0.010416041, -0.1168366, -0.44378623;
 0.0014770825, 0.99486017, 0.1012473, 0.060719863;
 0.11729068, -0.10072091, 0.98797679, -1.352362;
 0, 0, 0, 1]
Ow:
[0.59925234;
 -0.19199643;
 1.2781041]
Keyframe: 45 Frame: 308 Frame from vFrameID : 309
Tcw:
[0.99019885, -0.0026822672, 0.13963909, 0.61208665;
 0.014501006, 0.99638635, -0.083689347, -0.19764584;
 -0.13891003, 0.084894001, 0.98665953, 1.3084867;
 0, 0, 0, 1]
Twc:
[0.99019885, 0.014501006, -0.13891003, -0.4214595;
 -0.0026822672, 0.99638635, 0.084894001, 0.08749073;
 0.13963909, -0.083689347, 0.98665953, -1.393043;
 0, 0, 0, 1]
Ow:
[0.61208665;
 -0.19764584;
 1.3084867]
Keyframe: 46 Frame: 313 Frame from vFrameID : 314
Tcw:
[0.98740476, -0.001182208, 0.15821008, 0.61739022;
 0.015486154, 0.99589252, -0.089208916, -0.20066418;
 -0.15745477, 0.090535372, 0.98336732, 1.3546534;
 0, 0, 0, 1]
Twc:
[0.98740476, 0.015486154, -0.15745477, -0.3932099;
 -0.001182208, 0.99589252, 0.090535372, 0.077925794;
 0.15821008, -0.089208916, 0.98336732, -1.4477003;
 0, 0, 0, 1]
Ow:
[0.61739022;
 -0.20066418;
 1.3546534]
Keyframe: 47 Frame: 318 Frame from vFrameID : 319
Tcw:
[0.99070686, -0.01900281, 0.13468036, 0.62649989;
 0.033908408, 0.99343461, -0.10926051, -0.21276677;
 -0.13171989, 0.11281193, 0.98484689, 1.3946371;
 0, 0, 0, 1]
Twc:
[0.99070686, 0.033908408, -0.13171989, -0.42976177;
 -0.01900281, 0.99343461, 0.11281193, 0.065943442;
 0.13468036, -0.10926051, 0.98484689, -1.4811281;
 0, 0, 0, 1]
Ow:
[0.62649989;
 -0.21276677;
 1.3946371]
Keyframe: 48 Frame: 323 Frame from vFrameID : 324
Tcw:
[0.98516303, -0.027104272, 0.16946723, 0.63741899;
 0.043238185, 0.99479663, -0.092250444, -0.22151403;
 -0.16608503, 0.09820918, 0.9812088, 1.4292122;
 0, 0, 0, 1]
Twc:
[0.98516303, 0.043238185, -0.16608503, -0.38101298;
 -0.027104272, 0.99479663, 0.09820918, 0.097276412;
 0.16946723, -0.092250444, 0.9812088, -1.530812;
 0, 0, 0, 1]
Ow:
[0.63741899;
 -0.22151403;
 1.4292122]
Keyframe: 49 Frame: 327 Frame from vFrameID : 328
Tcw:
[0.98411757, -0.027526157, 0.17537074, 0.64689219;
 0.047278419, 0.99286515, -0.10946959, -0.22577049;
 -0.1711062, 0.11602221, 0.97839743, 1.4575574;
 0, 0, 0, 1]
Twc:
[0.98411757, 0.047278419, -0.1711062, -0.37654677;
 -0.027526157, 0.99286515, 0.11602221, 0.072857082;
 0.17537074, -0.10946959, 0.97839743, -1.5642314;
 0, 0, 0, 1]
Ow:
[0.64689219;
 -0.22577049;
 1.4575574]
Keyframe: 50 Frame: 332 Frame from vFrameID : 333
Tcw:
[0.98748779, -0.035149876, 0.15372799, 0.66091347;
 0.051898975, 0.992975, -0.10633492, -0.23318864;
 -0.1489104, 0.11298276, 0.98237497, 1.4951911;
 0, 0, 0, 1]
Twc:
[0.98748779, 0.051898975, -0.1489104, -0.41789225;
 -0.035149876, 0.992975, 0.11298276, 0.085850708;
 0.15372799, -0.10633492, 0.98237497, -1.5952353;
 0, 0, 0, 1]
Ow:
[0.66091347;
 -0.23318864;
 1.4951911]
Keyframe: 51 Frame: 336 Frame from vFrameID : 337
Tcw:
[0.99092251, -0.0314296, 0.1307088, 0.68112528;
 0.045530669, 0.99328756, -0.10633357, -0.2418851;
 -0.1264894, 0.11131959, 0.98570198, 1.5209452;
 0, 0, 0, 1]
Twc:
[0.99092251, 0.045530669, -0.1264894, -0.4715457;
 -0.0314296, 0.99328756, 0.11131959, 0.092357971;
 0.1307088, -0.10633357, 0.98570198, -1.6139482;
 0, 0, 0, 1]
Ow:
[0.68112528;
 -0.2418851;
 1.5209452]
Keyframe: 52 Frame: 341 Frame from vFrameID : 342
Tcw:
[0.99010086, -0.027362134, 0.13766491, 0.70010442;
 0.040550567, 0.99475282, -0.093928009, -0.24589986;
 -0.13437249, 0.098580591, 0.98601514, 1.5614189;
 0, 0, 0, 1]
Twc:
[0.99010086, 0.040550567, -0.13437249, -0.47339082;
 -0.027362134, 0.99475282, 0.098580591, 0.10984033;
 0.13766491, -0.093928009, 0.98601514, -1.6590594;
 0, 0, 0, 1]
Ow:
[0.70010442;
 -0.24589986;
 1.5614189]
Keyframe: 53 Frame: 345 Frame from vFrameID : 346
Tcw:
[0.98875558, -0.021371592, 0.14800559, 0.71112096;
 0.035288669, 0.99512857, -0.09205319, -0.25325561;
 -0.14531727, 0.096241027, 0.98469311, 1.5989069;
 0, 0, 0, 1]
Twc:
[0.98875558, 0.035288669, -0.14531727, -0.46183893;
 -0.021371592, 0.99512857, 0.096241027, 0.11333925;
 0.14800559, -0.09205319, 0.98469311, -1.7029955;
 0, 0, 0, 1]
Ow:
[0.71112096;
 -0.25325561;
 1.5989069]
Keyframe: 54 Frame: 350 Frame from vFrameID : 351
Tcw:
[0.98593038, -0.027858248, 0.16481863, 0.72052288;
 0.043457322, 0.99482799, -0.091808379, -0.25794077;
 -0.16140856, 0.097679242, 0.98204178, 1.6416677;
 0, 0, 0, 1]
Twc:
[0.98593038, 0.043457322, -0.16140856, -0.4341968;
 -0.027858248, 0.99482799, 0.097679242, 0.11632231;
 0.16481863, -0.091808379, 0.98204178, -1.7546229;
 0, 0, 0, 1]
Ow:
[0.72052288;
 -0.25794077;
 1.6416677]
Keyframe: 55 Frame: 354 Frame from vFrameID : 355
Tcw:
[0.98484254, -0.044629399, 0.16761093, 0.73201275;
 0.061939407, 0.99310696, -0.099508993, -0.27730829;
 -0.16201456, 0.10838241, 0.98081827, 1.6691252;
 0, 0, 0, 1]
Twc:
[0.98484254, 0.061939407, -0.16201456, -0.43331844;
 -0.044629399, 0.99310696, 0.10838241, 0.12716228;
 0.16761093, -0.099508993, 0.98081827, -1.7873966;
 0, 0, 0, 1]
Ow:
[0.73201275;
 -0.27730829;
 1.6691252]
Keyframe: 56 Frame: 358 Frame from vFrameID : 359
Tcw:
[0.98375243, -0.03996975, 0.17502463, 0.74505919;
 0.059924699, 0.99209523, -0.11025459, -0.28228217;
 -0.16923425, 0.11895152, 0.97837126, 1.6957586;
 0, 0, 0, 1]
Twc:
[0.98375243, 0.059924699, -0.16923425, -0.42905769;
 -0.03996975, 0.99209523, 0.11895152, 0.10811757;
 0.17502463, -0.11025459, 0.97837126, -1.820608;
 0, 0, 0, 1]
Ow:
[0.74505919;
 -0.28228217;
 1.6957586]
Keyframe: 57 Frame: 362 Frame from vFrameID : 363
Tcw:
[0.98590642, -0.041376892, 0.16210026, 0.76346982;
 0.060290206, 0.99170095, -0.11355317, -0.28389657;
 -0.15605651, 0.12172585, 0.98021895, 1.7241081;
 0, 0, 0, 1]
Twc:
[0.98590642, 0.060290206, -0.15605651, -0.46653533;
 -0.041376892, 0.99170095, 0.12172585, 0.10326198;
 0.16210026, -0.11355317, 0.98021895, -1.8459995;
 0, 0, 0, 1]
Ow:
[0.76346982;
 -0.28389657;
 1.7241081]
Keyframe: 58 Frame: 368 Frame from vFrameID : 369
Tcw:
[0.98871106, -0.018493557, 0.14868903, 0.80619401;
 0.037684526, 0.9911471, -0.1273078, -0.30176881;
 -0.14501832, 0.13147391, 0.98065501, 1.7661499;
 0, 0, 0, 1]
Twc:
[0.98871106, 0.037684526, -0.14501832, -0.52959681;
 -0.018493557, 0.9911471, 0.13147391, 0.081804052;
 0.14868903, -0.1273078, 0.98065501, -1.8902736;
 0, 0, 0, 1]
Ow:
[0.80619401;
 -0.30176881;
 1.7661499]
Keyframe: 59 Frame: 372 Frame from vFrameID : 373
Tcw:
[0.98984361, -0.013763434, 0.14149283, 0.82269573;
 0.031531237, 0.99176717, -0.1241114, -0.30463013;
 -0.13861974, 0.12731232, 0.98212838, 1.7844729;
 0, 0, 0, 1]
Twc:
[0.98984361, 0.031531237, -0.13861974, -0.55737162;
 -0.013763434, 0.99176717, 0.12731232, 0.086259887;
 0.14149283, -0.1241114, 0.98212838, -1.9067951;
 0, 0, 0, 1]
Ow:
[0.82269573;
 -0.30463013;
 1.7844729]
Keyframe: 60 Frame: 377 Frame from vFrameID : 378
Tcw:
[0.98943722, -0.013421131, 0.14433925, 0.83986509;
 0.029039703, 0.99387223, -0.10665204, -0.30987298;
 -0.14202337, 0.10971706, 0.98376393, 1.8163718;
 0, 0, 0, 1]
Twc:
[0.98943722, 0.029039703, -0.14202337, -0.56402797;
 -0.013421131, 0.99387223, 0.10971706, 0.11995914;
 0.14433925, -0.10665204, 0.98376393, -1.9411552;
 0, 0, 0, 1]
Ow:
[0.83986509;
 -0.30987298;
 1.8163718]
Keyframe: 61 Frame: 382 Frame from vFrameID : 383
Tcw:
[0.98948866, -0.0069025243, 0.14444554, 0.85622227;
 0.025349932, 0.99167258, -0.12626508, -0.31470445;
 -0.14237113, 0.12859955, 0.9814238, 1.8543932;
 0, 0, 0, 1]
Twc:
[0.98948866, 0.025349932, -0.14237113, -0.57523245;
 -0.0069025243, 0.99167258, 0.12859955, 0.079519741;
 0.14444554, -0.12626508, 0.9814238, -1.9833592;
 0, 0, 0, 1]
Ow:
[0.85622227;
 -0.31470445;
 1.8543932]
Keyframe: 62 Frame: 388 Frame from vFrameID : 389
Tcw:
[0.99061131, -0.016523384, 0.13570631, 0.87507808;
 0.038122114, 0.98668015, -0.15814227, -0.33356768;
 -0.13128567, 0.16183093, 0.97804642, 1.9031237;
 0, 0, 0, 1]
Twc:
[0.99061131, 0.038122114, -0.13128567, -0.60429311;
 -0.016523384, 0.98668015, 0.16183093, 0.035599597;
 0.13570631, -0.15814227, 0.97804642, -2.0328481;
 0, 0, 0, 1]
Ow:
[0.87507808;
 -0.33356768;
 1.9031237]
Keyframe: 63 Frame: 393 Frame from vFrameID : 394
Tcw:
[0.9916957, -0.0052188924, 0.12850064, 0.89186668;
 0.026558595, 0.9859491, -0.16492122, -0.34256762;
 -0.12583438, 0.16696447, 0.97790009, 1.9314698;
 0, 0, 0, 1]
Twc:
[0.9916957, 0.026558595, -0.12583438, -0.63231695;
 -0.0052188924, 0.9859491, 0.16696447, 0.019921966;
 0.12850064, -0.16492122, 0.97790009, -2.0598867;
 0, 0, 0, 1]
Ow:
[0.89186668;
 -0.34256762;
 1.9314698]
Keyframe: 64 Frame: 399 Frame from vFrameID : 400
Tcw:
[0.99548775, -0.060346559, 0.07322897, 0.91306448;
 0.070689388, 0.98645031, -0.1480498, -0.35854715;
 -0.06330245, 0.15255827, 0.98626506, 1.9664699;
 0, 0, 0, 1]
Twc:
[0.99548775, 0.070689388, -0.06330245, -0.75911659;
 -0.060346559, 0.98645031, 0.15255827, 0.10878803;
 0.07322897, -0.1480498, 0.98626506, -2.059406;
 0, 0, 0, 1]
Ow:
[0.91306448;
 -0.35854715;
 1.9664699]
Keyframe: 65 Frame: 404 Frame from vFrameID : 405
Tcw:
[0.99182463, -0.04022821, 0.12110171, 0.93367767;
 0.063415043, 0.97891206, -0.19418983, -0.36775389;
 -0.11073601, 0.20028192, 0.97346014, 1.9938419;
 0, 0, 0, 1]
Twc:
[0.99182463, 0.063415043, -0.11073601, -0.68193322;
 -0.04022821, 0.97891206, 0.20028192, -0.001771641;
 0.12110171, -0.19418983, 0.97346014, -2.1254098;
 0, 0, 0, 1]
Ow:
[0.93367767;
 -0.36775389;
 1.9938419]
Keyframe: 66 Frame: 410 Frame from vFrameID : 411
Tcw:
[0.99301916, -0.022613132, 0.11576546, 0.9595086;
 0.045172378, 0.97953409, -0.19614401, -0.38138691;
 -0.10896078, 0.20000416, 0.97371757, 2.0330713;
 0, 0, 0, 1]
Twc:
[0.99301916, 0.045172378, -0.10896078, -0.71405721;
 -0.022613132, 0.97953409, 0.20000416, -0.011343798;
 0.11576546, -0.19614401, 0.97371757, -2.1655221;
 0, 0, 0, 1]
Ow:
[0.9595086;
 -0.38138691;
 2.0330713]
Keyframe: 67 Frame: 417 Frame from vFrameID : 418
Tcw:
[0.9910869, -0.029751685, 0.12985207, 0.9766264;
 0.059298057, 0.97137606, -0.23002681, -0.38614768;
 -0.1192915, 0.23567654, 0.96448231, 2.0821691;
 0, 0, 0, 1]
Twc:
[0.9910869, 0.059298057, -0.1192915, -0.6966387;
 -0.029751685, 0.97137606, 0.23567654, -0.086567506;
 0.12985207, -0.23002681, 0.96448231, -2.2238564;
 0, 0, 0, 1]
Ow:
[0.9766264;
 -0.38614768;
 2.0821691]
Keyframe: 68 Frame: 422 Frame from vFrameID : 423
Tcw:
[0.98811221, -0.060307752, 0.14141138, 0.9841879;
 0.095342256, 0.96197695, -0.25594959, -0.39578336;
 -0.12059874, 0.2663894, 0.95629108, 2.10672;
 0, 0, 0, 1]
Twc:
[0.98811221, 0.095342256, -0.12059874, -0.68068546;
 -0.060307752, 0.96197695, 0.2663894, -0.12111928;
 0.14141138, -0.25594959, 0.95629108, -2.2551136;
 0, 0, 0, 1]
Ow:
[0.9841879;
 -0.39578336;
 2.10672]
Keyframe: 69 Frame: 427 Frame from vFrameID : 428
Tcw:
[0.98089796, -0.070127681, 0.18144217, 0.99787641;
 0.11151659, 0.96698678, -0.22913006, -0.40787983;
 -0.15938382, 0.24498703, 0.95633578, 2.1399732;
 0, 0, 0, 1]
Twc:
[0.98089796, 0.11151659, -0.15938382, -0.59225255;
 -0.070127681, 0.96698678, 0.24498703, -0.059872504;
 0.18144217, -0.22913006, 0.95633578, -2.3210473;
 0, 0, 0, 1]
Ow:
[0.99787641;
 -0.40787983;
 2.1399732]
Keyframe: 70 Frame: 432 Frame from vFrameID : 433
Tcw:
[0.97227859, -0.081110924, 0.21930663, 1.0075468;
 0.13482641, 0.96076149, -0.24240293, -0.40942094;
 -0.19103985, 0.26525149, 0.94506371, 2.1619711;
 0, 0, 0, 1]
Twc:
[0.97227859, 0.13482641, -0.19103985, -0.51139277;
 -0.081110924, 0.96076149, 0.26525149, -0.0983871;
 0.21930663, -0.24240293, 0.94506371, -2.3634069;
 0, 0, 0, 1]
Ow:
[1.0075468;
 -0.40942094;
 2.1619711]
Keyframe: 71 Frame: 439 Frame from vFrameID : 440
Tcw:
[0.95617497, -0.039673407, 0.29009566, 1.0338106;
 0.11136755, 0.96558911, -0.23502126, -0.4206937;
 -0.27078912, 0.2570287, 0.92769045, 2.217325;
 0, 0, 0, 1]
Twc:
[0.95617497, 0.11136755, -0.27078912, -0.34122479;
 -0.039673407, 0.96558911, 0.2570287, -0.12268405;
 0.29009566, -0.23502126, 0.92769045, -2.4557669;
 0, 0, 0, 1]
Ow:
[1.0338106;
 -0.4206937;
 2.217325]
Keyframe: 72 Frame: 445 Frame from vFrameID : 446
Tcw:
[0.94739211, -0.043025307, 0.31717035, 1.0348444;
 0.1189205, 0.96730691, -0.22399844, -0.4225378;
 -0.29716346, 0.24993241, 0.92153549, 2.2323866;
 0, 0, 0, 1]
Twc:
[0.94739211, 0.1189205, -0.29716346, -0.26677132;
 -0.043025307, 0.96730691, 0.24993241, -0.10469756;
 0.31717035, -0.22399844, 0.92153549, -2.4800932;
 0, 0, 0, 1]
Ow:
[1.0348444;
 -0.4225378;
 2.2323866]
Keyframe: 73 Frame: 450 Frame from vFrameID : 451
Tcw:
[0.95784998, -0.041931365, 0.28419223, 1.0396471;
 0.10825574, 0.96904361, -0.22189005, -0.42559278;
 -0.26609051, 0.24330281, 0.93273771, 2.2522385;
 0, 0, 0, 1]
Twc:
[0.95784998, 0.10825574, -0.26609051, -0.35045382;
 -0.041931365, 0.96904361, 0.24330281, -0.091964141;
 0.28419223, -0.22189005, 0.93273771, -2.4906421;
 0, 0, 0, 1]
Ow:
[1.0396471;
 -0.42559278;
 2.2522385]
Keyframe: 74 Frame: 455 Frame from vFrameID : 456
Tcw:
[0.96696377, -0.04172622, 0.25147563, 1.0546571;
 0.1057602, 0.96326935, -0.24683385, -0.43413129;
 -0.23193933, 0.26527551, 0.9358595, 2.2859681;
 0, 0, 0, 1]
Twc:
[0.96696377, 0.1057602, -0.23193933, -0.44369549;
 -0.04172622, 0.96326935, 0.26527551, -0.14421913;
 0.25147563, -0.24683385, 0.9358595, -2.511724;
 0, 0, 0, 1]
Ow:
[1.0546571;
 -0.43413129;
 2.2859681]
Keyframe: 75 Frame: 460 Frame from vFrameID : 461
Tcw:
[0.96824217, -0.017204298, 0.2494216, 1.0601468;
 0.077693447, 0.96894163, -0.2347676, -0.43222269;
 -0.23763596, 0.24669032, 0.93950683, 2.3023431;
 0, 0, 0, 1]
Twc:
[0.96824217, 0.077693447, -0.23763596, -0.4457784;
 -0.017204298, 0.96894163, 0.24669032, -0.13092805;
 0.2494216, -0.2347676, 0.93950683, -2.5289624;
 0, 0, 0, 1]
Ow:
[1.0601468;
 -0.43222269;
 2.3023431]
Keyframe: 76 Frame: 465 Frame from vFrameID : 466
Tcw:
[0.97739476, -0.032494254, 0.2089105, 1.0673283;
 0.079485282, 0.97210389, -0.22067204, -0.43844712;
 -0.19591214, 0.232289, 0.95271206, 2.3187253;
 0, 0, 0, 1]
Twc:
[0.97739476, 0.079485282, -0.19591214, -0.5540846;
 -0.032494254, 0.97210389, 0.232289, -0.077716209;
 0.2089105, -0.22067204, 0.95271206, -2.5288067;
 0, 0, 0, 1]
Ow:
[1.0673283;
 -0.43844712;
 2.3187253]
Keyframe: 77 Frame: 470 Frame from vFrameID : 471
Tcw:
[0.98679632, -0.022264002, 0.16042861, 1.076854;
 0.060022596, 0.97024935, -0.23454946, -0.43916214;
 -0.15043375, 0.24108189, 0.95877486, 2.3346512;
 0, 0, 0, 1]
Twc:
[0.98679632, 0.060022596, -0.15043375, -0.68506557;
 -0.022264002, 0.97024935, 0.24108189, -0.11277025;
 0.16042861, -0.23454946, 0.95877486, -2.5141683;
 0, 0, 0, 1]
Ow:
[1.076854;
 -0.43916214;
 2.3346512]
Keyframe: 78 Frame: 475 Frame from vFrameID : 476
Tcw:
[0.99048448, 0.046792671, 0.12942548, 1.0858843;
 -0.01591217, 0.97305465, -0.23002481, -0.44306457;
 -0.13670154, 0.22577657, 0.96454012, 2.3613553;
 0, 0, 0, 1]
Twc:
[0.99048448, -0.01591217, -0.13670154, -0.75980073;
 0.046792671, 0.97305465, 0.22577657, -0.15282407;
 0.12942548, -0.23002481, 0.96454012, -2.5200789;
 0, 0, 0, 1]
Ow:
[1.0858843;
 -0.44306457;
 2.3613553]
Keyframe: 79 Frame: 481 Frame from vFrameID : 482
Tcw:
[0.99751914, 0.025024133, 0.065798372, 1.0941992;
 -0.010049639, 0.97573334, -0.21873143, -0.44799817;
 -0.069675237, 0.21752754, 0.97356415, 2.3771148;
 0, 0, 0, 1]
Twc:
[0.99751914, -0.010049639, -0.069675237, -0.93036073;
 0.025024133, 0.97573334, 0.21752754, -0.10734256;
 0.065798372, -0.21873143, 0.97356415, -2.4842615;
 0, 0, 0, 1]
Ow:
[1.0941992;
 -0.44799817;
 2.3771148]
Keyframe: 80 Frame: 486 Frame from vFrameID : 487
Tcw:
[0.99775589, 0.046882227, 0.047803752, 1.1051642;
 -0.036490254, 0.97935045, -0.19884969, -0.45028535;
 -0.056139141, 0.19665909, 0.97886342, 2.399179;
 0, 0, 0, 1]
Twc:
[0.99775589, -0.036490254, -0.056139141, -0.98442733;
 0.046882227, 0.97935045, 0.19665909, -0.082645774;
 0.047803752, -0.19884969, 0.97886342, -2.4908388;
 0, 0, 0, 1]
Ow:
[1.1051642;
 -0.45028535;
 2.399179]
Keyframe: 81 Frame: 490 Frame from vFrameID : 491
Tcw:
[0.99696887, 0.05991419, 0.049632009, 1.1106501;
 -0.048018802, 0.97578901, -0.21337761, -0.4577558;
 -0.061214715, 0.21034756, 0.97570831, 2.4213142;
 0, 0, 0, 1]
Twc:
[0.99696887, -0.048018802, -0.061214715, -0.98104435;
 0.05991419, 0.97578901, 0.21034756, -0.12918812;
 0.049632009, -0.21337761, 0.97570831, -2.5152948;
 0, 0, 0, 1]
Ow:
[1.1106501;
 -0.4577558;
 2.4213142]
Keyframe: 82 Frame: 496 Frame from vFrameID : 497
Tcw:
[0.99772167, 0.049445931, 0.045897759, 1.1220019;
 -0.038085803, 0.97435451, -0.22177191, -0.46738911;
 -0.055686407, 0.21951859, 0.97401774, 2.4507635;
 0, 0, 0, 1]
Twc:
[0.99772167, -0.038085803, -0.055686407, -1.0007724;
 0.049445931, 0.97435451, 0.21951859, -0.13806389;
 0.045897759, -0.22177191, 0.97401774, -2.5422385;
 0, 0, 0, 1]
Ow:
[1.1220019;
 -0.46738911;
 2.4507635]
Keyframe: 83 Frame: 501 Frame from vFrameID : 502
Tcw:
[0.9953441, 0.057357885, 0.077460982, 1.1322659;
 -0.041418545, 0.980205, -0.19360432, -0.47899267;
 -0.087032378, 0.18949459, 0.97801697, 2.4703128;
 0, 0, 0, 1]
Twc:
[0.9953441, -0.041418545, -0.087032378, -0.93183625;
 0.057357885, 0.980205, 0.18949459, -0.063544303;
 0.077460982, -0.19360432, 0.97801697, -2.5964494;
 0, 0, 0, 1]
Ow:
[1.1322659;
 -0.47899267;
 2.4703128]
Keyframe: 84 Frame: 505 Frame from vFrameID : 506
Tcw:
[0.9946897, 0.050675623, 0.08957921, 1.1433837;
 -0.032725289, 0.98093873, -0.19154191, -0.48742259;
 -0.09757822, 0.18759325, 0.97738796, 2.484127;
 0, 0, 0, 1]
Twc:
[0.9946897, -0.032725289, -0.09757822, -0.91086638;
 0.050675623, 0.98093873, 0.18759325, -0.045815475;
 0.08957921, -0.19154191, 0.97738796, -2.6237411;
 0, 0, 0, 1]
Ow:
[1.1433837;
 -0.48742259;
 2.484127]
Keyframe: 85 Frame: 510 Frame from vFrameID : 511
Tcw:
[0.99203932, 0.080054745, 0.097207077, 1.1565382;
 -0.060513251, 0.98000991, -0.18952239, -0.5031814;
 -0.11043607, 0.18213135, 0.97705275, 2.5020771;
 0, 0, 0, 1]
Twc:
[0.99203932, -0.060513251, -0.11043607, -0.90146101;
 0.080054745, 0.98000991, 0.18213135, -0.055170257;
 0.097207077, -0.18952239, 0.97705275, -2.6524491;
 0, 0, 0, 1]
Ow:
[1.1565382;
 -0.5031814;
 2.5020771]
Keyframe: 86 Frame: 516 Frame from vFrameID : 517
Tcw:
[0.9884603, 0.091694154, 0.12057514, 1.1735135;
 -0.060527369, 0.96875596, -0.24051684, -0.51482785;
 -0.13886188, 0.23044325, 0.96312684, 2.5273056;
 0, 0, 0, 1]
Twc:
[0.9884603, -0.060527369, -0.13886188, -0.8401863;
 0.091694154, 0.96875596, 0.23044325, -0.1912623;
 0.12057514, -0.24051684, 0.96312684, -2.6994371;
 0, 0, 0, 1]
Ow:
[1.1735135;
 -0.51482785;
 2.5273056]
Keyframe: 87 Frame: 521 Frame from vFrameID : 522
Tcw:
[0.98924649, 0.091704585, 0.11393692, 1.1857774;
 -0.067565024, 0.97744495, -0.20009072, -0.52270001;
 -0.12971631, 0.1902409, 0.97313005, 2.5499151;
 0, 0, 0, 1]
Twc:
[0.98924649, -0.067565024, -0.12971631, -0.87757683;
 0.091704585, 0.97744495, 0.1902409, -0.082928926;
 0.11393692, -0.20009072, 0.97313005, -2.7210903;
 0, 0, 0, 1]
Ow:
[1.1857774;
 -0.52270001;
 2.5499151]
Keyframe: 88 Frame: 527 Frame from vFrameID : 528
Tcw:
[0.97872782, 0.072368987, 0.19197558, 1.2017529;
 -0.027327895, 0.9733693, -0.227608, -0.53503102;
 -0.2033349, 0.21751998, 0.95464128, 2.5890005;
 0, 0, 0, 1]
Twc:
[0.97872782, -0.027327895, -0.2033349, -0.66437614;
 0.072368987, 0.9733693, 0.21751998, -0.12934624;
 0.19197558, -0.227608, 0.95464128, -2.8240514;
 0, 0, 0, 1]
Ow:
[1.2017529;
 -0.53503102;
 2.5890005]
Keyframe: 89 Frame: 531 Frame from vFrameID : 532
Tcw:
[0.96917146, 0.06130112, 0.23863955, 1.2151293;
 -0.0032315864, 0.97163421, -0.23646669, -0.54132187;
 -0.24636602, 0.22840558, 0.94187826, 2.6137345;
 0, 0, 0, 1]
Twc:
[0.96917146, -0.0032315864, -0.24636602, -0.53548259;
 0.06130112, 0.97163421, 0.22840558, -0.14551345;
 0.23863955, -0.23646669, 0.94187826, -2.8798022;
 0, 0, 0, 1]
Ow:
[1.2151293;
 -0.54132187;
 2.6137345]
Keyframe: 90 Frame: 536 Frame from vFrameID : 537
Tcw:
[0.95814466, 0.03467771, 0.28417641, 1.2271528;
 0.03572619, 0.97039354, -0.23887236, -0.54663748;
 -0.2840465, 0.23902681, 0.9285385, 2.6389444;
 0, 0, 0, 1]
Twc:
[0.95814466, 0.03572619, -0.2840465, -0.40667781;
 0.03467771, 0.97039354, 0.23902681, -0.14287981;
 0.28417641, -0.23887236, 0.9285385, -2.9296658;
 0, 0, 0, 1]
Ow:
[1.2271528;
 -0.54663748;
 2.6389444]
Keyframe: 91 Frame: 539 Frame from vFrameID : 540
Tcw:
