Keyframe: 0 Frame: 0 Frame from vFrameID : 99
Tcw:
[0.9988026, -0.046708144, 0.014550305, 0.027599391;
 0.030207755, 0.35487145, -0.93442696, 0.02380551;
 0.038481861, 0.93374759, 0.35585749, -0.090707563;
 0, 0, 0, 1]
Twc:
[0.9988026, 0.030207755, 0.038481861, -0.024794858;
 -0.046708144, 0.35487145, 0.93374759, 0.077539191;
 0.014550305, -0.93442696, 0.35585749, 0.054121897;
 0, 0, 0, 1]
Ow:
[0.027599391;
 0.02380551;
 -0.090707563]
Keyframe: 1 Frame: 98 Frame from vFrameID : 99
Tcw:
[0.99802476, -0.062473398, 0.0066071446, 0.030385215;
 0.028569149, 0.3576813, -0.93340659, 0.027078114;
 0.05594983, 0.93175167, 0.35875961, -0.090662062;
 0, 0, 0, 1]
Twc:
[0.99802476, 0.028569149, 0.05594983, -0.026026269;
 -0.062473398, 0.3576813, 0.93175167, 0.076687463;
 0.0066071446, -0.93340659, 0.35875961, 0.057600021;
 0, 0, 0, 1]
Ow:
[0.030385215;
 0.027078114;
 -0.090662062]
Keyframe: 2 Frame: 102 Frame from vFrameID : 103
Tcw:
[0.99688709, -0.077198945, -0.016012963, 0.035054583;
 0.013122887, 0.36273688, -0.93179917, 0.029464638;
 0.077742405, 0.92868847, 0.3626208, -0.092632718;
 0, 0, 0, 1]
Twc:
[0.99688709, 0.013122887, 0.077742405, -0.028130636;
 -0.077198945, 0.36273688, 0.92868847, 0.078045204;
 -0.016012963, -0.93179917, 0.3626208, 0.061607007;
 0, 0, 0, 1]
Ow:
[0.035054583;
 0.029464638;
 -0.092632718]
Keyframe: 3 Frame: 105 Frame from vFrameID : 106
Tcw:
[0.99555254, -0.089758478, -0.028610256, 0.03427038;
 0.0058202334, 0.36171362, -0.93227112, 0.031111781;
 0.094027951, 0.92795837, 0.36062732, -0.090555497;
 0, 0, 0, 1]
Twc:
[0.99555254, 0.0058202334, 0.094027951, -0.025784295;
 -0.089758478, 0.36171362, 0.92795837, 0.075854227;
 -0.028610256, -0.93227112, 0.36062732, 0.062641881;
 0, 0, 0, 1]
Ow:
[0.03427038;
 0.031111781;
 -0.090555497]
Keyframe: 4 Frame: 107 Frame from vFrameID : 108
Tcw:
[0.99508804, -0.095077537, -0.02756989, 0.035233006;
 0.0085512623, 0.36001566, -0.93290704, 0.031285696;
 0.098624095, 0.9280889, 0.35906032, -0.089513563;
 0, 0, 0, 1]
Twc:
[0.99508804, 0.0085512623, 0.098624095, -0.026499279;
 -0.095077537, 0.36001566, 0.9280889, 0.075163074;
 -0.02756989, -0.93290704, 0.35906032, 0.062298786;
 0, 0, 0, 1]
Ow:
[0.035233006;
 0.031285696;
 -0.089513563]
Keyframe: 5 Frame: 109 Frame from vFrameID : 110
Tcw:
[0.99505568, -0.095746644, -0.026395645, 0.037178341;
 0.0094841635, 0.35615644, -0.93437821, 0.028738201;
 0.098864563, 0.92950803, 0.35530359, -0.089289412;
 0, 0, 0, 1]
Twc:
[0.99505568, 0.0094841635, 0.098864563, -0.02843952;
 -0.095746644, 0.35615644, 0.92950803, 0.076319635;
 -0.026395645, -0.93437821, 0.35530359, 0.059558544;
 0, 0, 0, 1]
Ow:
[0.037178341;
 0.028738201;
 -0.089289412]
Keyframe: 6 Frame: 111 Frame from vFrameID : 112
Tcw:
[0.99559629, -0.090207547, -0.025506772, 0.036845956;
 0.0078063565, 0.35092196, -0.93637216, 0.029131092;
 0.093418725, 0.93204957, 0.35008082, -0.088237017;
 0, 0, 0, 1]
Twc:
[0.99559629, 0.0078063565, 0.093418725, -0.028668119;
 -0.090207547, 0.35092196, 0.93204957, 0.075342312;
 -0.025506772, -0.93637216, 0.35008082, 0.059107449;
 0, 0, 0, 1]
Ow:
[0.036845956;
 0.029131092;
 -0.088237017]
Keyframe: 7 Frame: 113 Frame from vFrameID : 114
Tcw:
[0.99640912, -0.080949932, -0.024819199, 0.035859846;
 0.0051396261, 0.35041806, -0.93657929, 0.025928948;
 0.08451312, 0.9330886, 0.34957582, -0.087132946;
 0, 0, 0, 1]
Twc:
[0.99640912, 0.0051396261, 0.08451312, -0.028500462;
 -0.080949932, 0.35041806, 0.9330886, 0.075119637;
 -0.024819199, -0.93657929, 0.34957582, 0.055634096;
 0, 0, 0, 1]
Ow:
[0.035859846;
 0.025928948;
 -0.087132946]
Keyframe: 8 Frame: 115 Frame from vFrameID : 116
Tcw:
[0.99732977, -0.069591597, -0.02214485, 0.032935221;
 0.0035452931, 0.34900838, -0.93711287, 0.025082711;
 0.072943918, 0.93453205, 0.34832317, -0.08412677;
 0, 0, 0, 1]
Twc:
[0.99732977, 0.0035452931, 0.072943918, -0.02679966;
 -0.069591597, 0.34900838, 0.93453205, 0.072157107;
 -0.02214485, -0.93711287, 0.34832317, 0.053537983;
 0, 0, 0, 1]
Ow:
[0.032935221;
 0.025082711;
 -0.08412677]
Keyframe: 9 Frame: 117 Frame from vFrameID : 118
Tcw:
[0.99779636, -0.062759817, -0.021531628, 0.033500098;
 0.0017123922, 0.34876245, -0.93720961, 0.022925835;
 0.066328526, 0.93510747, 0.34810138, -0.084199905;
 0, 0, 0, 1]
Twc:
[0.99779636, 0.0017123922, 0.066328526, -0.027880678;
 -0.062759817, 0.34876245, 0.93510747, 0.072842754;
 -0.021531628, -0.93720961, 0.34810138, 0.051517729;
 0, 0, 0, 1]
Ow:
[0.033500098;
 0.022925835;
 -0.084199905]
Keyframe: 10 Frame: 120 Frame from vFrameID : 121
Tcw:
[0.99905992, -0.04025422, -0.01609146, 0.02711262;
 -0.0016374792, 0.33588162, -0.94190282, 0.017629983;
 0.043320388, 0.94104362, 0.33549994, -0.08248736;
 0, 0, 0, 1]
Twc:
[0.99905992, -0.0016374792, 0.043320388, -0.023484876;
 -0.04025422, 0.33588162, 0.94104362, 0.07279402;
 -0.01609146, -0.94190282, 0.33549994, 0.044716515;
 0, 0, 0, 1]
Ow:
[0.02711262;
 0.017629983;
 -0.08248736]
Keyframe: 11 Frame: 123 Frame from vFrameID : 124
Tcw:
[0.99941885, -0.033862658, -0.0039101997, 0.025117476;
 0.007614532, 0.33358884, -0.94268793, 0.01498249;
 0.033226319, 0.9421103, 0.33365282, -0.081673741;
 0, 0, 0, 1]
Twc:
[0.99941885, 0.007614532, 0.033226319, -0.022503244;
 -0.033862658, 0.33358884, 0.9421103, 0.072798222;
 -0.0039101997, -0.94268793, 0.33365282, 0.041472699;
 0, 0, 0, 1]
Ow:
[0.025117476;
 0.01498249;
 -0.081673741]
Keyframe: 12 Frame: 127 Frame from vFrameID : 128
Tcw:
[0.99926507, -0.023609884, 0.030198373, 0.022154301;
 0.03631198, 0.33064756, -0.94305551, 0.014595082;
 0.012280414, 0.94345891, 0.33126184, -0.080740802;
 0, 0, 0, 1]
Twc:
[0.99926507, 0.03631198, 0.012280414, -0.021676464;
 -0.023609884, 0.33064756, 0.94345891, 0.071872868;
 0.030198373, -0.94305551, 0.33126184, 0.039841298;
 0, 0, 0, 1]
Ow:
[0.022154301;
 0.014595082;
 -0.080740802]
Keyframe: 13 Frame: 133 Frame from vFrameID : 134
Tcw:
[0.99898207, -0.014649347, 0.042663403, 0.025028829;
 0.045105103, 0.33586895, -0.94082814, 0.013277022;
 -0.00054679508, 0.94179481, 0.33618784, -0.078796521;
 0, 0, 0, 1]
Twc:
[0.99898207, 0.045105103, -0.00054679508, -0.025645301;
 -0.014649347, 0.33586895, 0.94179481, 0.070117466;
 0.042663403, -0.94082814, 0.33618784, 0.037914008;
 0, 0, 0, 1]
Ow:
[0.025028829;
 0.013277022;
 -0.078796521]
Keyframe: 14 Frame: 139 Frame from vFrameID : 140
Tcw:
[0.99909908, -0.017303882, 0.038750362, 0.031973332;
 0.042327717, 0.34041893, -0.93932068, 0.0042195059;
 0.0030625381, 0.94011462, 0.34084466, -0.068622388;
 0, 0, 0, 1]
Twc:
[0.99909908, 0.042327717, 0.0030625381, -0.031912971;
 -0.017303882, 0.34041893, 0.94011462, 0.063629776;
 0.038750362, -0.93932068, 0.34084466, 0.026114067;
 0, 0, 0, 1]
Ow:
[0.031973332;
 0.0042195059;
 -0.068622388]
Keyframe: 15 Frame: 147 Frame from vFrameID : 148
Tcw:
[0.99919164, -0.022429556, 0.033361658, 0.034012459;
 0.038758997, 0.31725571, -0.94754767, 0.00083718635;
 0.010668896, 0.94807476, 0.31786859, -0.04969842;
 0, 0, 0, 1]
Twc:
[0.99919164, 0.038758997, 0.010668896, -0.033487186;
 -0.022429556, 0.31725571, 0.94807476, 0.0476151;
 0.033361658, -0.94754767, 0.31786859, 0.015456129;
 0, 0, 0, 1]
Ow:
[0.034012459;
 0.00083718635;
 -0.04969842]
Keyframe: 16 Frame: 155 Frame from vFrameID : 156
Tcw:
[0.99959511, -0.024502857, -0.014463797, 0.047325738;
 -0.0058317077, 0.32111353, -0.94702274, -0.013821911;
 0.027849283, 0.9467237, 0.32084063, -0.028562892;
 0, 0, 0, 1]
Twc:
[0.99959511, -0.0058317077, 0.027849283, -0.046591729;
 -0.024502857, 0.32111353, 0.9467237, 0.032639183;
 -0.014463797, -0.94702274, 0.32084063, -0.0032410182;
 0, 0, 0, 1]
Ow:
[0.047325738;
 -0.013821911;
 -0.028562892]
Keyframe: 17 Frame: 164 Frame from vFrameID : 165
Tcw:
[0.99959671, -0.028325748, -0.0020264287, 0.066364862;
 0.0074878247, 0.33172742, -0.94334555, -0.0070410967;
 0.02739319, 0.94294995, 0.33180574, 0.034334458;
 0, 0, 0, 1]
Twc:
[0.99959671, 0.0074878247, 0.02739319, -0.067225911;
 -0.028325748, 0.33172742, 0.94294995, -0.028160116;
 -0.0020264287, -0.94334555, 0.33180574, -0.017900074;
 0, 0, 0, 1]
Ow:
[0.066364862;
 -0.0070410967;
 0.034334458]
Keyframe: 18 Frame: 172 Frame from vFrameID : 173
Tcw:
[0.99836469, -0.053657636, 0.019718451, 0.05143876;
 0.033100922, 0.26137987, -0.96466827, -0.026072897;
 0.046607815, 0.96374345, 0.26272854, 0.065786116;
 0, 0, 0, 1]
Twc:
[0.99836469, 0.033100922, 0.046607815, -0.053557754;
 -0.053657636, 0.26137987, 0.96374345, -0.053825922;
 0.019718451, -0.96466827, 0.26272854, -0.043449879;
 0, 0, 0, 1]
Ow:
[0.05143876;
 -0.026072897;
 0.065786116]
Keyframe: 19 Frame: 181 Frame from vFrameID : 182
Tcw:
[0.99909168, -0.038073152, -0.019138075, 0.1917336;
 -0.006690593, 0.30339119, -0.95284259, 0.068004005;
 0.042084046, 0.95210516, 0.30286086, 0.19840583;
 0, 0, 0, 1]
Twc:
[0.99909168, -0.006690593, 0.042084046, -0.19945417;
 -0.038073152, 0.30339119, 0.95210516, -0.20223513;
 -0.019138075, -0.95284259, 0.30286086, 0.0083771544;
 0, 0, 0, 1]
Ow:
[0.1917336;
 0.068004005;
 0.19840583]
Keyframe: 20 Frame: 190 Frame from vFrameID : 191
Tcw:
[0.99951649, 0.0049859867, -0.03069043, 0.23644918;
 -0.030914955, 0.26478645, -0.9638114, 0.04661886;
 0.0033208593, 0.9642942, 0.26481256, 0.20757641;
 0, 0, 0, 1]
Twc:
[0.99951649, -0.030914955, 0.0033208593, -0.23558296;
 0.0049859867, 0.26478645, 0.9642942, -0.21368769;
 -0.03069043, -0.9638114, 0.26481256, -0.0027803238;
 0, 0, 0, 1]
Ow:
[0.23644918;
 0.04661886;
 0.20757641]
Keyframe: 21 Frame: 199 Frame from vFrameID : 200
Tcw:
[0.99995726, -0.0011003526, -0.0091799106, 0.23360036;
 -0.0084186941, 0.3020747, -0.95324707, 0.0061965361;
 0.0038219267, 0.95328361, 0.30205253, 0.25853202;
 0, 0, 0, 1]
Twc:
[0.99995726, -0.0084186941, 0.0038219267, -0.23452631;
 -0.0011003526, 0.3020747, 0.95328361, -0.24806911;
 -0.0091799106, -0.95324707, 0.30205253, -0.070038989;
 0, 0, 0, 1]
Ow:
[0.23360036;
 0.0061965361;
 0.25853202]
Keyframe: 22 Frame: 209 Frame from vFrameID : 210
Tcw:
[0.99900675, -0.040346917, -0.018910471, 0.26152545;
 -0.0072818832, 0.27086085, -0.96259099, -0.024094515;
 0.043959685, 0.96177262, 0.270298, 0.33212557;
 0, 0, 0, 1]
Twc:
[0.99900675, -0.0072818832, 0.043959685, -0.27604127;
 -0.040346917, 0.27086085, 0.96177262, -0.30235124;
 -0.018910471, -0.96259099, 0.270298, -0.10802047;
 0, 0, 0, 1]
Ow:
[0.26152545;
 -0.024094515;
 0.33212557]
Keyframe: 23 Frame: 218 Frame from vFrameID : 219
Tcw:
[0.99885869, -0.047372535, 0.0060912906, 0.29603833;
 0.019223297, 0.28198692, -0.95922565, -0.076663934;
 0.043723285, 0.95824802, 0.28257576, 0.42019272;
 0, 0, 0, 1]
Twc:
[0.99885869, 0.019223297, 0.043723285, -0.31259894;
 -0.047372535, 0.28198692, 0.95824802, -0.36700651;
 0.0060912906, -0.95922565, 0.28257576, -0.19407754;
 0, 0, 0, 1]
Ow:
[0.29603833;
 -0.076663934;
 0.42019272]
Keyframe: 24 Frame: 228 Frame from vFrameID : 229
Tcw:
[0.99547797, -0.094816677, -0.0057757199, 0.31096649;
 0.021930981, 0.28856093, -0.95721036, -0.041424826;
 0.092426151, 0.95275515, 0.28933549, 0.43902299;
 0, 0, 0, 1]
Twc:
[0.99547797, 0.021930981, 0.092426151, -0.34922904;
 -0.094816677, 0.28856093, 0.95275515, -0.37684301;
 -0.0057757199, -0.95721036, 0.28933549, -0.16488114;
 0, 0, 0, 1]
Ow:
[0.31096649;
 -0.041424826;
 0.43902299]
Keyframe: 25 Frame: 238 Frame from vFrameID : 239
Tcw:
[0.99496239, -0.096937202, -0.025553163, 0.35039684;
 0.0027752463, 0.28143454, -0.95957643, -0.01612103;
 0.1002102, 0.95467156, 0.28028581, 0.49600106;
 0, 0, 0, 1]
Twc:
[0.99496239, 0.0027752463, 0.1002102, -0.39829132;
 -0.096937202, 0.28143454, 0.95467156, -0.43501461;
 -0.025553163, -0.95957643, 0.28028581, -0.14553767;
 0, 0, 0, 1]
Ow:
[0.35039684;
 -0.01612103;
 0.49600106]
Keyframe: 26 Frame: 248 Frame from vFrameID : 249
Tcw:
[0.99598813, -0.088128924, -0.015522772, 0.34739816;
 0.0097133853, 0.27891433, -0.96026689, 0.028245144;
 0.088956811, 0.9562636, 0.27865139, 0.53317285;
 0, 0, 0, 1]
Twc:
[0.99598813, 0.0097133853, 0.088956811, -0.39370814;
 -0.088128924, 0.27891433, 0.9562636, -0.48711595;
 -0.015522772, -0.96026689, 0.27865139, -0.11605389;
 0, 0, 0, 1]
Ow:
[0.34739816;
 0.028245144;
 0.53317285]
Keyframe: 27 Frame: 258 Frame from vFrameID : 259
Tcw:
[0.99681479, -0.076944038, 0.020974228, 0.38913426;
 0.043540496, 0.3047139, -0.9514482, -0.046125188;
 0.066817127, 0.94933087, 0.3070935, 0.57130682;
 0, 0, 0, 1]
Twc:
[0.99681479, 0.043540496, 0.066817127, -0.42405954;
 -0.076944038, 0.3047139, 0.94933087, -0.4983626;
 0.020974228, -0.9514482, 0.3070935, -0.22749212;
 0, 0, 0, 1]
Ow:
[0.38913426;
 -0.046125188;
 0.57130682]
Keyframe: 28 Frame: 267 Frame from vFrameID : 268
Tcw:
[0.99437314, -0.10569207, 0.0071587274, 0.37841615;
 0.036766514, 0.28095096, -0.95901763, -0.14887252;
 0.099349305, 0.95388454, 0.28325602, 0.6619758;
 0, 0, 0, 1]
Twc:
[0.99437314, 0.036766514, 0.099349305, -0.43658018;
 -0.10569207, 0.28095096, 0.95388454, -0.54962701;
 0.0071587274, -0.95901763, 0.28325602, -0.33298895;
 0, 0, 0, 1]
Ow:
[0.37841615;
 -0.14887252;
 0.6619758]
Keyframe: 29 Frame: 275 Frame from vFrameID : 276
Tcw:
[0.99606413, -0.08731135, -0.01526395, 0.42157635;
 0.010248524, 0.28450495, -0.95861977, -0.1194831;
 0.08804106, 0.95469034, 0.28427997, 0.69995469;
 0, 0, 0, 1]
Twc:
[0.99606413, 0.010248524, 0.08804106, -0.48031732;
 -0.08731135, 0.28450495, 0.95469034, -0.59743804;
 -0.01526395, -0.95861977, 0.28427997, -0.30708703;
 0, 0, 0, 1]
Ow:
[0.42157635;
 -0.1194831;
 0.69995469]
Keyframe: 30 Frame: 283 Frame from vFrameID : 284
Tcw:
[0.99730402, -0.072852701, -0.0087815849, 0.44229442;
 0.012714925, 0.28942832, -0.95711523, -0.11936679;
 0.072270073, 0.95442325, 0.28957435, 0.74905068;
 0, 0, 0, 1]
Twc:
[0.99730402, 0.012714925, 0.072270073, -0.49371827;
 -0.072852701, 0.28942832, 0.95442325, -0.64814091;
 -0.0087815849, -0.95711523, 0.28957435, -0.32726958;
 0, 0, 0, 1]
Ow:
[0.44229442;
 -0.11936679;
 0.74905068]
Keyframe: 31 Frame: 292 Frame from vFrameID : 293
Tcw:
[0.99693358, -0.067299597, 0.039926887, 0.47250912;
 0.057312917, 0.2805725, -0.95812017, -0.16349274;
 0.053278718, 0.95747054, 0.28356931, 0.80116332;
 0, 0, 0, 1]
Twc:
[0.99693358, 0.057312917, 0.053278718, -0.50437492;
 -0.067299597, 0.2805725, 0.95747054, -0.68941903;
 0.039926887, -0.95812017, 0.28356931, -0.40269682;
 0, 0, 0, 1]
Ow:
[0.47250912;
 -0.16349274;
 0.80116332]
Keyframe: 32 Frame: 301 Frame from vFrameID : 302
Tcw:
[0.99664801, -0.077778272, 0.025363324, 0.51329821;
 0.048167631, 0.30729696, -0.95039386, -0.17787448;
 0.066125922, 0.94842982, 0.31001329, 0.81535584;
 0, 0, 0, 1]
Twc:
[0.99664801, 0.048167631, 0.066125922, -0.55692601;
 -0.077778272, 0.30729696, 0.94842982, -0.67872405;
 0.025363324, -0.95039386, 0.31001329, -0.43484089;
 0, 0, 0, 1]
Ow:
[0.51329821;
 -0.17787448;
 0.81535584]
Keyframe: 33 Frame: 309 Frame from vFrameID : 310
Tcw:
[0.99360096, -0.11275882, 0.0065214201, 0.47166726;
 0.040941797, 0.30575383, -0.95122993, -0.17892474;
 0.10526562, 0.94541001, 0.30841383, 0.85969949;
 0, 0, 0, 1]
Twc:
[0.99360096, 0.040941797, 0.10526562, -0.55182034;
 -0.11275882, 0.30575383, 0.94541001, -0.7048769;
 0.0065214201, -0.95122993, 0.30841383, -0.43841773;
 0, 0, 0, 1]
Ow:
[0.47166726;
 -0.17892474;
 0.85969949]
Keyframe: 34 Frame: 318 Frame from vFrameID : 319
Tcw:
[0.99571639, -0.091430292, -0.013761132, 0.49009183;
 0.013894842, 0.29511204, -0.9553616, -0.16780876;
 0.091410063, 0.951078, 0.2951183, 0.90233606;
 0, 0, 0, 1]
Twc:
[0.99571639, 0.013894842, 0.091410063, -0.56814343;
 -0.091430292, 0.29511204, 0.951078, -0.7638604;
 -0.013761132, -0.9553616, 0.2951183, -0.41986975;
 0, 0, 0, 1]
Ow:
[0.49009183;
 -0.16780876;
 0.90233606]
Keyframe: 35 Frame: 327 Frame from vFrameID : 328
Tcw:
[0.99672198, -0.076044604, 0.027613765, 0.46258304;
 0.047678132, 0.27636749, -0.95986861, -0.12746814;
 0.065361284, 0.95803875, 0.27908722, 0.98413974;
 0, 0, 0, 1]
Twc:
[0.99672198, 0.047678132, 0.065361284, -0.51931387;
 -0.076044604, 0.27636749, 0.95803875, -0.87243903;
 0.027613765, -0.95986861, 0.27908722, -0.40978718;
 0, 0, 0, 1]
Ow:
[0.46258304;
 -0.12746814;
 0.98413974]
Keyframe: 36 Frame: 337 Frame from vFrameID : 338
Tcw:
[0.99687898, -0.077365793, 0.015712503, 0.54672056;
 0.036795393, 0.27924725, -0.95951396, -0.17944145;
 0.069845885, 0.95709741, 0.28122243, 1.0842698;
 0, 0, 0, 1]
Twc:
[0.99687898, 0.036795393, 0.069845885, -0.61414343;
 -0.077365793, 0.27924725, 0.95709741, -0.94534588;
 0.015712503, -0.95951396, 0.28122243, -0.48568791;
 0, 0, 0, 1]
Ow:
[0.54672056;
 -0.17944145;
 1.0842698]
Keyframe: 37 Frame: 346 Frame from vFrameID : 347
Tcw:
[0.99113232, -0.12517735, -0.044580296, 0.56380981;
 -0.0026260749, 0.31697804, -0.94842923, -0.19431224;
 0.13285284, 0.94013596, 0.31383842, 1.0981036;
 0, 0, 0, 1]
Twc:
[0.99113232, -0.0026260749, 0.13285284, -0.70520657;
 -0.12517735, 0.31697804, 0.94013596, -0.90019774;
 -0.044580296, -0.94842923, 0.31383842, -0.50378376;
 0, 0, 0, 1]
Ow:
[0.56380981;
 -0.19431224;
 1.0981036]
Keyframe: 38 Frame: 355 Frame from vFrameID : 356
Tcw:
[0.99534982, -0.096093558, -0.0066903285, 0.54174811;
 0.024344077, 0.31814304, -0.94773012, -0.18143821;
 0.093199238, 0.94316012, 0.31900293, 1.1251588;
 0, 0, 0, 1]
Twc:
[0.99534982, 0.024344077, 0.093199238, -0.63967592;
 -0.096093558, 0.31814304, 0.94316012, -0.95142317;
 -0.0066903285, -0.94773012, 0.31900293, -0.52725893;
 0, 0, 0, 1]
Ow:
[0.54174811;
 -0.18143821;
 1.1251588]
Keyframe: 39 Frame: 364 Frame from vFrameID : 365
Tcw:
[0.99572253, -0.086547256, 0.032346025, 0.59348398;
 0.05651759, 0.29358914, -0.95425951, -0.1783579;
 0.073092103, 0.95200574, 0.29722476, 1.2196748;
 0, 0, 0, 1]
Twc:
[0.99572253, 0.05651759, 0.073092103, -0.67001355;
 -0.086547256, 0.29358914, 0.95200574, -1.057409;
 0.032346025, -0.95425951, 0.29722476, -0.5519141;
 0, 0, 0, 1]
Ow:
[0.59348398;
 -0.1783579;
 1.2196748]
Keyframe: 40 Frame: 374 Frame from vFrameID : 375
Tcw:
[0.99610162, -0.068559267, 0.05550801, 0.59883183;
 0.073808804, 0.30315527, -0.95007849, -0.19158098;
 0.048309136, 0.95047176, 0.30703375, 1.2223816;
 0, 0, 0, 1]
Twc:
[0.99610162, 0.073808804, 0.048309136, -0.64140928;
 -0.068559267, 0.30315527, 0.95047176, -1.0627048;
 0.05550801, -0.95007849, 0.30703375, -0.59056932;
 0, 0, 0, 1]
Ow:
[0.59883183;
 -0.19158098;
 1.2223816]
Keyframe: 41 Frame: 383 Frame from vFrameID : 384
Tcw:
[0.9980247, -0.05753319, 0.025231827, 0.65036339;
 0.040340669, 0.27901426, -0.95943928, -0.18521857;
 0.048159558, 0.95856196, 0.28078404, 1.3076999;
 0, 0, 0, 1]
Twc:
[0.9980247, 0.040340669, 0.048159558, -0.70458513;
 -0.05753319, 0.27901426, 0.95856196, -1.1644151;
 0.025231827, -0.95943928, 0.28078404, -0.561297;
 0, 0, 0, 1]
Ow:
[0.65036339;
 -0.18521857;
 1.3076999]
Keyframe: 42 Frame: 392 Frame from vFrameID : 393
Tcw:
[0.99828726, -0.055297922, 0.019097915, 0.67283797;
 0.034511387, 0.29304308, -0.95547616, -0.19855234;
 0.047239333, 0.95449877, 0.29444957, 1.3431017;
 0, 0, 0, 1]
Twc:
[0.99828726, 0.034511387, 0.047239333, -0.72828048;
 -0.055297922, 0.29304308, 0.95449877, -1.1865981;
 0.019097915, -0.95547616, 0.29444957, -0.5980376;
 0, 0, 0, 1]
Ow:
[0.67283797;
 -0.19855234;
 1.3431017]
Keyframe: 43 Frame: 402 Frame from vFrameID : 403
Tcw:
[0.99487525, -0.057381045, 0.08325018, 0.68251932;
 0.096288465, 0.28646353, -0.95324033, -0.22443727;
 0.030849788, 0.95637131, 0.29052061, 1.3763045;
 0, 0, 0, 1]
Twc:
[0.99487525, 0.096288465, 0.030849788, -0.69986963;
 -0.057381045, 0.28646353, 0.95637131, -1.2128013;
 0.08325018, -0.95324033, 0.29052061, -0.67060733;
 0, 0, 0, 1]
Ow:
[0.68251932;
 -0.22443727;
 1.3763045]
Keyframe: 44 Frame: 411 Frame from vFrameID : 412
Tcw:
[0.99422765, -0.070515826, 0.080863558, 0.72194785;
 0.099091187, 0.31452295, -0.94406366, -0.24721986;
 0.041137982, 0.94662708, 0.31969491, 1.4083076;
 0, 0, 0, 1]
Twc:
[0.99422765, 0.099091187, 0.041137982, -0.75121814;
 -0.070515826, 0.31452295, 0.94662708, -1.2044771;
 0.080863558, -0.94406366, 0.31969491, -0.74199939;
 0, 0, 0, 1]
Ow:
[0.72194785;
 -0.24721986;
 1.4083076]
Keyframe: 45 Frame: 421 Frame from vFrameID : 422
Tcw:
[0.99636376, -0.074651837, 0.041064873, 0.74849212;
 0.062808, 0.31787899, -0.94604868, -0.26725245;
 0.057570614, 0.94518787, 0.32141185, 1.4692183;
 0, 0, 0, 1]
Twc:
[0.99636376, 0.062808, 0.057570614, -0.81356865;
 -0.074651837, 0.31787899, 0.94518787, -1.247857;
 0.041064873, -0.94604868, 0.32141185, -0.7557947;
 0, 0, 0, 1]
Ow:
[0.74849212;
 -0.26725245;
 1.4692183]
Keyframe: 46 Frame: 430 Frame from vFrameID : 431
Tcw:
[0.99746305, -0.05805428, 0.041197255, 0.79387939;
 0.05797141, 0.32657748, -0.94339097, -0.24031639;
 0.041313786, 0.94338584, 0.32911444, 1.5273117;
 0, 0, 0, 1]
Twc:
[0.99746305, 0.05797141, 0.041313786, -0.84103286;
 -0.05805428, 0.32657748, 0.94338584, -1.3162742;
 0.041197255, -0.94339097, 0.32911444, -0.76207829;
 0, 0, 0, 1]
Ow:
[0.79387939;
 -0.24031639;
 1.5273117]
Keyframe: 47 Frame: 440 Frame from vFrameID : 441
Tcw:
[0.99604523, -0.039021786, 0.079819448, 0.80540103;
 0.08805605, 0.3139357, -0.94535208, -0.29470381;
 0.011831151, 0.94864202, 0.31613028, 1.5683007;
 0, 0, 0, 1]
Twc:
[0.99604523, 0.08805605, 0.011831151, -0.79482025;
 -0.039021786, 0.3139357, 0.94864202, -1.3638097;
 0.079819448, -0.94535208, 0.31613028, -0.83867282;
 0, 0, 0, 1]
Ow:
[0.80540103;
 -0.29470381;
 1.5683007]
Keyframe: 48 Frame: 448 Frame from vFrameID : 449
Tcw:
[0.99738163, -0.044141799, 0.057283327, 0.83626556;
 0.068177037, 0.30974129, -0.94837344, -0.3007842;
 0.024119901, 0.94979566, 0.31193975, 1.6009922;
 0, 0, 0, 1]
Twc:
[0.99738163, 0.068177037, 0.024119901, -0.85218513;
 -0.044141799, 0.30974129, 0.94979566, -1.390536;
 0.057283327, -0.94837344, 0.31193975, -0.83257294;
 0, 0, 0, 1]
Ow:
[0.83626556;
 -0.3007842;
 1.6009922]
Keyframe: 49 Frame: 457 Frame from vFrameID : 458
Tcw:
[0.99845332, -0.029631162, 0.047041636, 0.83326602;
 0.054151911, 0.32672429, -0.9435671, -0.30915201;
 0.012589344, 0.94465506, 0.32782352, 1.6377875;
 0, 0, 0, 1]
Twc:
[0.99845332, 0.054151911, 0.012589344, -0.83585477;
 -0.029631162, 0.32672429, 0.94465506, -1.4214463;
 0.047041636, -0.9435671, 0.32782352, -0.86780912;
 0, 0, 0, 1]
Ow:
[0.83326602;
 -0.30915201;
 1.6377875]
Keyframe: 50 Frame: 466 Frame from vFrameID : 467
Tcw:
[0.99671781, -0.01377279, 0.079774261, 0.84288144;
 0.079903759, 0.32561943, -0.94211859, -0.3185814;
 -0.013000448, 0.9454006, 0.3256512, 1.6736321;
 0, 0, 0, 1]
Twc:
[0.99671781, 0.079903759, -0.013000448, -0.7929011;
 -0.01377279, 0.32561943, 0.9454006, -1.4669076;
 0.079774261, -0.94211859, 0.3256512, -0.91240197;
 0, 0, 0, 1]
Ow:
[0.84288144;
 -0.3185814;
 1.6736321]
Keyframe: 51 Frame: 476 Frame from vFrameID : 477
Tcw:
[0.9963246, -0.031352088, 0.079714142, 0.86874127;
 0.085597247, 0.32935843, -0.94031703, -0.31567109;
 0.0032263789, 0.94368428, 0.33083156, 1.7324082;
 0, 0, 0, 1]
Twc:
[0.9963246, 0.085597247, 0.0032263789, -0.84411711;
 -0.031352088, 0.32935843, 0.94368428, -1.5036407;
 0.079714142, -0.94031703, 0.33083156, -0.93921715;
 0, 0, 0, 1]
Ow:
[0.86874127;
 -0.31567109;
 1.7324082]
Keyframe: 52 Frame: 486 Frame from vFrameID : 487
Tcw:
[0.99959868, -0.024855498, 0.013589035, 0.9062447;
 0.020921407, 0.32434511, -0.94570744, -0.2982229;
 0.019098492, 0.94561219, 0.32473496, 1.7801284;
 0, 0, 0, 1]
Twc:
[0.99959868, 0.020921407, 0.019098492, -0.93363953;
 -0.024855498, 0.32434511, 0.94561219, -1.5640589;
 0.013589035, -0.94570744, 0.32473496, -0.8724165;
 0, 0, 0, 1]
Ow:
[0.9062447;
 -0.2982229;
 1.7801284]
Keyframe: 53 Frame: 494 Frame from vFrameID : 495
Tcw:
[0.99853671, -0.047788609, 0.025311792, 0.92721516;
 0.040041059, 0.33875993, -0.94002044, -0.34692281;
 0.036347646, 0.9396584, 0.34017771, 1.8008128;
 0, 0, 0, 1]
Twc:
[0.99853671, 0.040041059, 0.036347646, -0.97742254;
 -0.047788609, 0.33875993, 0.9396584, -1.5303152;
 0.025311792, -0.94002044, 0.34017771, -0.96218038;
 0, 0, 0, 1]
Ow:
[0.92721516;
 -0.34692281;
 1.8008128]
Keyframe: 54 Frame: 503 Frame from vFrameID : 504
Tcw:
[0.99801016, -0.052769184, 0.034512147, 0.96016788;
 0.049527865, 0.31733835, -0.94701815, -0.3370077;
 0.039021347, 0.94684309, 0.31932044, 1.8731031;
 0, 0, 0, 1]
Twc:
[0.99801016, 0.049527865, 0.039021347, -1.0146571;
 -0.052769184, 0.31733835, 0.94684309, -1.615922;
 0.034512147, -0.94701815, 0.31932044, -0.95041001;
 0, 0, 0, 1]
Ow:
[0.96016788;
 -0.3370077;
 1.8731031]
Keyframe: 55 Frame: 512 Frame from vFrameID : 513
Tcw:
[0.9952479, -0.067675434, 0.070012055, 0.94112176;
 0.087792404, 0.31262526, -0.94581074, -0.31166172;
 0.042120613, 0.94746268, 0.31708103, 1.9499876;
 0, 0, 0, 1]
Twc:
[0.9952479, 0.087792404, 0.042120613, -0.99142253;
 -0.067675434, 0.31262526, 0.94746268, -1.6864163;
 0.070012055, -0.94581074, 0.31708103, -0.97896689;
 0, 0, 0, 1]
Ow:
[0.94112176;
 -0.31166172;
 1.9499876]
Keyframe: 56 Frame: 520 Frame from vFrameID : 521
Tcw:
[0.99781227, -0.060999382, 0.025490763, 0.97770691;
 0.043251142, 0.31069878, -0.94952387, -0.30883533;
 0.050000422, 0.94854909, 0.31265733, 1.974347;
 0, 0, 0, 1]
Twc:
[0.99781227, 0.043251142, 0.050000422, -1.0609286;
 -0.060999382, 0.31069878, 0.94854909, -1.7171707;
 0.025490763, -0.94952387, 0.31265733, -0.93546313;
 0, 0, 0, 1]
Ow:
[0.97770691;
 -0.30883533;
 1.974347]
Keyframe: 57 Frame: 530 Frame from vFrameID : 531
Tcw:
[0.99805945, -0.061980877, 0.0059711947, 1.0023817;
 0.024994759, 0.31095141, -0.95009708, -0.32034767;
 0.057031102, 0.94840264, 0.31189719, 2.0219035;
 0, 0, 0, 1]
Twc:
[0.99805945, 0.024994759, 0.057031102, -1.1077409;
 -0.061980877, 0.31095141, 0.94840264, -1.7558376;
 0.0059711947, -0.95009708, 0.31189719, -0.94097286;
 0, 0, 0, 1]
Ow:
[1.0023817;
 -0.32034767;
 2.0219035]
Keyframe: 58 Frame: 540 Frame from vFrameID : 541
Tcw:
[0.9976896, -0.064307161, 0.021910727, 1.0278596;
 0.040039074, 0.29602051, -0.95434207, -0.3510465;
 0.054885007, 0.95301437, 0.29791138, 2.0425301;
 0, 0, 0, 1]
Twc:
[0.9976896, 0.040039074, 0.054885007, -1.1235335;
 -0.064307161, 0.29602051, 0.95301437, -1.776545;
 0.021910727, -0.95434207, 0.29791138, -0.96603256;
 0, 0, 0, 1]
Ow:
[1.0278596;
 -0.3510465;
 2.0425301]
Keyframe: 59 Frame: 550 Frame from vFrameID : 551
Tcw:
[0.9973585, -0.063154273, 0.035882235, 1.0615315;
 0.054086726, 0.31597799, -0.9472236, -0.3471691;
 0.048483223, 0.94666225, 0.31855914, 2.0886762;
 0, 0, 0, 1]
Twc:
[0.9973585, 0.054086726, 0.048483223, -1.141216;
 -0.063154273, 0.31597799, 0.94666225, -1.8005329;
 0.035882235, -0.9472236, 0.31855914, -1.0323038;
 0, 0, 0, 1]
Ow:
[1.0615315;
 -0.3471691;
 2.0886762]
Keyframe: 60 Frame: 558 Frame from vFrameID : 559
Tcw:
[0.99854344, -0.053639933, -0.0058112429, 1.0727222;
 0.011156477, 0.31065595, -0.95045698, -0.31264377;
 0.052787744, 0.94900769, 0.31080189, 2.1065648;
 0, 0, 0, 1]
Twc:
[0.99854344, 0.011156477, 0.052787744, -1.1788726;
 -0.053639933, 0.31065595, 0.94900769, -1.8444809;
 -0.0058112429, -0.95045698, 0.31080189, -0.94564486;
 0, 0, 0, 1]
Ow:
[1.0727222;
 -0.31264377;
 2.1065648]
Keyframe: 61 Frame: 566 Frame from vFrameID : 567
Tcw:
[0.99888843, -0.046968013, 0.0039860457, 1.0787344;
 0.017930094, 0.30039346, -0.95364684, -0.31300354;
 0.043593515, 0.95265824, 0.30090171, 2.1501651;
 0, 0, 0, 1]
Twc:
[0.99888843, 0.017930094, 0.043593515, -1.1656564;
 -0.046968013, 0.30039346, 0.95265824, -1.9036822;
 0.0039860457, -0.95364684, 0.30090171, -0.94978297;
 0, 0, 0, 1]
Ow:
[1.0787344;
 -0.31300354;
 2.1501651]
Keyframe: 62 Frame: 574 Frame from vFrameID : 575
Tcw:
[0.99895781, -0.036288019, 0.027686162, 1.0893019;
 0.036873814, 0.28410903, -0.95808268, -0.3086108;
 0.026901035, 0.95810503, 0.285151, 2.1914108;
 0, 0, 0, 1]
Twc:
[0.99895781, 0.036873814, 0.026901035, -1.1357381;
 -0.036288019, 0.28410903, 0.95810503, -1.9723939;
 0.027686162, -0.95808268, 0.285151, -0.9507162;
 0, 0, 0, 1]
Ow:
[1.0893019;
 -0.3086108;
 2.1914108]
Keyframe: 63 Frame: 582 Frame from vFrameID : 583
Tcw:
[0.99761581, -0.035288393, 0.05930819, 1.1116955;
 0.067427576, 0.31527624, -0.94660151, -0.32403439;
 0.014705583, 0.94834363, 0.31690398, 2.2237589;
 0, 0, 0, 1]
Twc:
[0.99761581, 0.067427576, 0.014705583, -1.1198978;
 -0.035288393, 0.31527624, 0.94834363, -1.9674973;
 0.05930819, -0.94660151, 0.31690398, -1.0773822;
 0, 0, 0, 1]
Ow:
[1.1116955;
 -0.32403439;
 2.2237589]
Keyframe: 64 Frame: 590 Frame from vFrameID : 591
Tcw:
[0.99888521, -0.0400705, 0.024954693, 1.1371807;
 0.035979249, 0.30403203, -0.95198214, -0.2995643;
 0.030559374, 0.9518187, 0.3051348, 2.3025997;
 0, 0, 0, 1]
Twc:
[0.99888521, 0.035979249, 0.030559374, -1.1955009;
 -0.0400705, 0.30403203, 0.9518187, -2.0550129;
 0.024954693, -0.95198214, 0.3051348, -1.0161612;
 0, 0, 0, 1]
Ow:
[1.1371807;
 -0.2995643;
 2.3025997]
Keyframe: 65 Frame: 598 Frame from vFrameID : 599
Tcw:
[0.99922025, -0.037883312, 0.011124828, 1.1613744;
 0.022752764, 0.32221475, -0.94639313, -0.30295944;
 0.032267924, 0.94590831, 0.32282546, 2.3604596;
 0, 0, 0, 1]
Twc:
[0.99922025, 0.022752764, 0.032267924, -1.2297428;
 -0.037883312, 0.32221475, 0.94590831, -2.0911636;
 0.011124828, -0.94639313, 0.32282546, -1.0616553;
 0, 0, 0, 1]
Ow:
[1.1613744;
 -0.30295944;
 2.3604596]
Keyframe: 66 Frame: 607 Frame from vFrameID : 608
Tcw:
[0.99973065, -0.010134987, 0.020878516, 1.1928344;
 0.022949956, 0.29783177, -0.95434248, -0.31563485;
 0.003453963, 0.95456457, 0.29798415, 2.4088984;
 0, 0, 0, 1]
Twc:
[0.99973065, 0.022949956, 0.003453963, -1.1935894;
 -0.010134987, 0.29783177, 0.95456457, -2.1933537;
 0.020878516, -0.95434248, 0.29798415, -1.0439419;
 0, 0, 0, 1]
Ow:
[1.1928344;
 -0.31563485;
 2.4088984]
Keyframe: 67 Frame: 615 Frame from vFrameID : 616
Tcw:
[0.99892914, -0.017585067, 0.042794239, 1.2230963;
 0.046148732, 0.31278011, -0.94870383, -0.3211931;
 0.0032978335, 0.94966274, 0.31325668, 2.4810882;
 0, 0, 0, 1]
Twc:
[0.99892914, 0.046148732, 0.0032978335, -1.2151461;
 -0.017585067, 0.31278011, 0.94966274, -2.2342262;
 0.042794239, -0.94870383, 0.31325668, -1.1342762;
 0, 0, 0, 1]
Ow:
[1.2230963;
 -0.3211931;
 2.4810882]
Keyframe: 68 Frame: 623 Frame from vFrameID : 624
Tcw:
[0.99951088, -0.020534277, -0.023586303, 1.2945082;
 -0.016817557, 0.28293028, -0.95899302, -0.20605248;
 0.026365509, 0.95892066, 0.28244659, 2.5773864;
 0, 0, 0, 1]
Twc:
[0.99951088, -0.016817557, 0.026365509, -1.3652945;
 -0.020534277, 0.28293028, 0.95892066, -2.3866286;
 -0.023586303, -0.95899302, 0.28244659, -0.89504415;
 0, 0, 0, 1]
Ow:
[1.2945082;
 -0.20605248;
 2.5773864]
Keyframe: 69 Frame: 631 Frame from vFrameID : 632
Tcw:
[0.99816203, -0.046996992, -0.03826094, 1.2805582;
 -0.023569508, 0.28058594, -0.95953947, -0.27602559;
 0.055830952, 0.95867765, 0.27896255, 2.665612;
 0, 0, 0, 1]
Twc:
[0.99816203, -0.023569508, 0.055830952, -1.4335339;
 -0.046996992, 0.28058594, 0.95867765, -2.4178314;
 -0.03826094, -0.95953947, 0.27896255, -0.95946801;
 0, 0, 0, 1]
Ow:
[1.2805582;
 -0.27602559;
 2.665612]
Keyframe: 70 Frame: 639 Frame from vFrameID : 640
Tcw:
[0.99899882, -0.03728598, -0.024719914, 1.3021717;
 -0.013899119, 0.26653451, -0.96372515, -0.26483238;
 0.042522147, 0.96310389, 0.26574942, 2.6757751;
 0, 0, 0, 1]
Twc:
[0.99899882, -0.013899119, 0.042522147, -1.4183288;
 -0.03728598, 0.26653451, 0.96310389, -2.4579096;
 -0.024719914, -0.96372515, 0.26574942, -0.93412167;
 0, 0, 0, 1]
Ow:
[1.3021717;
 -0.26483238;
 2.6757751]
Keyframe: 71 Frame: 647 Frame from vFrameID : 648
Tcw:
[0.99881876, -0.048445258, -0.0037552032, 1.3531296;
 0.010561378, 0.29188332, -0.95639563, -0.26552534;
 0.047428913, 0.95522624, 0.29205018, 2.7501714;
 0, 0, 0, 1]
Twc:
[0.99881876, 0.010561378, 0.047428913, -1.4791647;
 -0.048445258, 0.29188332, 0.95522624, -2.4839809;
 -0.0037552032, -0.95639563, 0.29205018, -1.052054;
 0, 0, 0, 1]
Ow:
[1.3531296;
 -0.26552534;
 2.7501714]
Keyframe: 72 Frame: 655 Frame from vFrameID : 656
Tcw:
[0.99765712, -0.063652977, -0.02507038, 1.3760276;
 -0.0061403941, 0.2816655, -0.95949304, -0.29540592;
 0.068136044, 0.95739901, 0.28061473, 2.8064492;
 0, 0, 0, 1]
Twc:
[0.99765712, -0.0061403941, 0.068136044, -1.565838;
 -0.063652977, 0.2816655, 0.95739901, -2.5160978;
 -0.02507038, -0.95949304, 0.28061473, -1.0364734;
 0, 0, 0, 1]
Ow:
[1.3760276;
 -0.29540592;
 2.8064492]
Keyframe: 73 Frame: 663 Frame from vFrameID : 664
Tcw:
[0.99788684, -0.056701366, -0.031729516, 1.3698355;
 -0.014363987, 0.28373969, -0.95879376, -0.32179987;
 0.063367836, 0.95722347, 0.28232566, 2.8658769;
 0, 0, 0, 1]
Twc:
[0.99788684, -0.014363987, 0.063367836, -1.5531676;
 -0.056701366, 0.28373969, 0.95722347, -2.5743055;
 -0.031729516, -0.95879376, 0.28232566, -1.074186;
 0, 0, 0, 1]
Ow:
[1.3698355;
 -0.32179987;
 2.8658769]
Keyframe: 74 Frame: 671 Frame from vFrameID : 672
Tcw:
[0.99793363, -0.064249419, -0.00070221588, 1.4079567;
 0.017309552, 0.27934781, -0.96003395, -0.31058359;
 0.061877787, 0.95803797, 0.2798827, 2.947468;
 0, 0, 0, 1]
Twc:
[0.99793363, 0.017309552, 0.061877787, -1.582054;
 -0.064249419, 0.27934781, 0.95803797, -2.6465652;
 -0.00070221588, -0.96003395, 0.2798827, -1.1221274;
 0, 0, 0, 1]
Ow:
[1.4079567;
 -0.31058359;
 2.947468]
Keyframe: 75 Frame: 679 Frame from vFrameID : 680
Tcw:
[0.99905074, -0.030598294, 0.031005532, 1.440029;
 0.038374141, 0.28133205, -0.95884287, -0.32649934;
 0.020616107, 0.95912254, 0.28223917, 2.9652364;
 0, 0, 0, 1]
Twc:
[0.99905074, 0.038374141, 0.020616107, -1.4872645;
 -0.030598294, 0.28133205, 0.95912254, -2.7081079;
 0.031005532, -0.95884287, 0.28223917, -1.1946164;
 0, 0, 0, 1]
Ow:
[1.440029;
 -0.32649934;
 2.9652364]
Keyframe: 76 Frame: 687 Frame from vFrameID : 688
Tcw:
[0.99846202, -0.054404199, 0.01066624, 1.4686335;
 0.025854921, 0.28675309, -0.95765555, -0.35501242;
 0.049041908, 0.95645851, 0.28771868, 3.0043387;
 0, 0, 0, 1]
Twc:
[0.99846202, 0.025854921, 0.049041908, -1.6045345;
 -0.054404199, 0.28675309, 0.95645851, -2.6918247;
 0.01066624, -0.95765555, 0.28771868, -1.2200489;
 0, 0, 0, 1]
Ow:
[1.4686335;
 -0.35501242;
 3.0043387]
Keyframe: 77 Frame: 695 Frame from vFrameID : 696
Tcw:
[0.99897504, -0.042934094, -0.014337498, 1.4751279;
 -0.0011221826, 0.29315907, -0.95606303, -0.38352942;
 0.045250867, 0.95509917, 0.29281041, 3.0455837;
 0, 0, 0, 1]
Twc:
[0.99897504, -0.0011221826, 0.045250867, -1.6118617;
 -0.042934094, 0.29315907, 0.95509917, -2.7330661;
 -0.014337498, -0.95606303, 0.29281041, -1.2373072;
 0, 0, 0, 1]
Ow:
[1.4751279;
 -0.38352942;
 3.0455837]
Keyframe: 78 Frame: 703 Frame from vFrameID : 704
Tcw:
[0.99939585, -0.03459736, 0.0033061686, 1.5053991;
 0.013082548, 0.28635782, -0.95803344, -0.39827299;
 0.032198679, 0.95749789, 0.28663743, 3.0706091;
 0, 0, 0, 1]
Twc:
[0.99939585, 0.013082548, 0.032198679, -1.5981487;
 -0.03459736, 0.28635782, 0.95749789, -2.7739704;
 0.0033061686, -0.95803344, 0.28663743, -1.2666875;
 0, 0, 0, 1]
Ow:
[1.5053991;
 -0.39827299;
 3.0706091]
Keyframe: 79 Frame: 711 Frame from vFrameID : 712
Tcw:
[0.99643672, -0.021088278, 0.081665151, 1.4618039;
 0.08423049, 0.29901955, -0.95052224, -0.33886319;
 -0.0043745995, 0.95401394, 0.29973033, 3.1211083;
 0, 0, 0, 1]
Twc:
[0.99643672, 0.08423049, -0.0043745995, -1.4143989;
 -0.021088278, 0.29901955, 0.95401394, -2.8454273;
 0.081665151, -0.95052224, 0.29973033, -1.3769662;
 0, 0, 0, 1]
Ow:
[1.4618039;
 -0.33886319;
 3.1211083]
Keyframe: 80 Frame: 719 Frame from vFrameID : 720
Tcw:
[0.99847013, -0.021187443, 0.051073384, 1.4365728;
 0.054915115, 0.27206424, -0.96071088, -0.34650081;
 0.0064597665, 0.96204579, 0.27281153, 3.2328854;
 0, 0, 0, 1]
Twc:
[0.99847013, 0.054915115, 0.0064597665, -1.4362305;
 -0.021187443, 0.27206424, 0.96204579, -2.985476;
 0.051073384, -0.96071088, 0.27281153, -1.2882261;
 0, 0, 0, 1]
Ow:
[1.4365728;
 -0.34650081;
 3.2328854]
Keyframe: 81 Frame: 727 Frame from vFrameID : 728
Tcw:
[0.99973816, 0.0044022952, -0.022455912, 1.5107845;
 -0.022793222, 0.27858627, -0.96014071, -0.35470319;
 0.0020290862, 0.96040112, 0.27861369, 3.253314;
 0, 0, 0, 1]
Twc:
[0.99973816, -0.022793222, 0.0020290862, -1.525075;
 0.0044022952, 0.27858627, 0.96040112, -3.0323222;
 -0.022455912, -0.96014071, 0.27861369, -1.2130567;
 0, 0, 0, 1]
Ow:
[1.5107845;
 -0.35470319;
 3.253314]
Keyframe: 82 Frame: 735 Frame from vFrameID : 736
Tcw:
[0.99980342, -0.0065826904, 0.018703915, 1.5375705;
 0.019828467, 0.33253643, -0.94288194, -0.37057984;
 -1.3033207e-05, 0.94306743, 0.33260158, 3.2863028;
 0, 0, 0, 1]
Twc:
[0.99980342, 0.019828467, -1.3033207e-05, -1.5298773;
 -0.0065826904, 0.33253643, 0.94306743, -2.9658525;
 0.018703915, -0.94288194, 0.33260158, -1.4712011;
 0, 0, 0, 1]
Ow:
[1.5375705;
 -0.37057984;
 3.2863028]
Keyframe: 83 Frame: 743 Frame from vFrameID : 744
Tcw:
[0.99904209, -0.030387225, 0.031488486, 1.5704799;
 0.040075, 0.34632042, -0.93725991, -0.3873018;
 0.017575622, 0.93762398, 0.34720644, 3.3428724;
 0, 0, 0, 1]
Twc:
[0.99904209, 0.040075, 0.017575622, -1.6122075;
 -0.030387225, 0.34632042, 0.93762398, -2.9525044;
 0.031488486, -0.93725991, 0.34720644, -1.5731213;
 0, 0, 0, 1]
Ow:
[1.5704799;
 -0.3873018;
 3.3428724]
Keyframe: 84 Frame: 752 Frame from vFrameID : 753
Tcw:
[0.99835414, -0.051636487, 0.024954591, 1.6035025;
 0.040712394, 0.33164656, -0.94252485, -0.4474678;
 0.040392566, 0.94198948, 0.33320296, 3.3881094;
 0, 0, 0, 1]
Twc:
[0.99835414, 0.040712394, 0.040392566, -1.7195003;
 -0.051636487, 0.33164656, 0.94198948, -2.9603631;
 0.024954591, -0.94252485, 0.33320296, -1.5906923;
 0, 0, 0, 1]
Ow:
[1.6035025;
 -0.4474678;
 3.3881094]
Keyframe: 85 Frame: 760 Frame from vFrameID : 761
Tcw:
[0.99822533, -0.058644377, 0.010342743, 1.6210041;
 0.029533377, 0.33672446, -0.94113994, -0.44280374;
 0.051709913, 0.93977523, 0.33785886, 3.4190569;
 0, 0, 0, 1]
Twc:
[0.99822533, 0.029533377, 0.051709913, -1.7818491;
 -0.058644377, 0.33672446, 0.93977523, -2.9689794;
 0.010342743, -0.94113994, 0.33785886, -1.5886647;
 0, 0, 0, 1]
Ow:
[1.6210041;
 -0.44280374;
 3.4190569]
Keyframe: 86 Frame: 768 Frame from vFrameID : 769
Tcw:
[0.9990747, -0.039597735, 0.016785614, 1.6326286;
 0.029097946, 0.33492911, -0.94179392, -0.45834005;
 0.031670913, 0.9414109, 0.33577141, 3.4661357;
 0, 0, 0, 1]
Twc:
[0.9990747, 0.029097946, 0.031670913, -1.7275568;
 -0.039597735, 0.33492911, 0.9414109, -3.0448983;
 0.016785614, -0.94179392, 0.33577141, -1.622896;
 0, 0, 0, 1]
Ow:
[1.6326286;
 -0.45834005;
 3.4661357]
Keyframe: 87 Frame: 776 Frame from vFrameID : 777
Tcw:
[0.99698734, -0.040831558, 0.06594678, 1.6580496;
 0.075705655, 0.32725912, -0.94189709, -0.44723141;
 0.016877439, 0.94405204, 0.32936439, 3.5009851;
 0, 0, 0, 1]
Twc:
[0.99698734, 0.075705655, 0.016877439, -1.6782843;
 -0.040831558, 0.32725912, 0.94405204, -3.0910509;
 0.06594678, -0.94189709, 0.32936439, -1.6836889;
 0, 0, 0, 1]
Ow:
[1.6580496;
 -0.44723141;
 3.5009851]
Keyframe: 88 Frame: 784 Frame from vFrameID : 785
Tcw:
[0.99732822, -0.061764337, 0.039007012, 1.7077285;
 0.056703944, 0.31790552, -0.94642526, -0.4278661;
 0.046054784, 0.94610846, 0.32055843, 3.5711498;
 0, 0, 0, 1]
Twc:
[0.99732822, 0.056703944, 0.046054784, -1.8433728;
 -0.061764337, 0.31790552, 0.94610846, -3.1371975;
 0.039007012, -0.94642526, 0.32055843, -1.6163188;
 0, 0, 0, 1]
Ow:
[1.7077285;
 -0.4278661;
 3.5711498]
Keyframe: 89 Frame: 792 Frame from vFrameID : 793
Tcw:
[0.99509019, -0.098776124, -0.0062318696, 1.7317071;
 0.0258063, 0.31973463, -0.94715565, -0.3973428;
 0.095548905, 0.94234443, 0.32071382, 3.6766279;
 0, 0, 0, 1]
Twc:
[0.99509019, 0.0258063, 0.095548905, -2.0642486;
 -0.098776124, 0.31973463, 0.94234443, -3.1665542;
 -0.0062318696, -0.94715565, 0.32071382, -1.544699;
 0, 0, 0, 1]
Ow:
[1.7317071;
 -0.3973428;
 3.6766279]
Keyframe: 90 Frame: 800 Frame from vFrameID : 801
Tcw:
[0.99651414, -0.082997032, 0.0084280614, 1.7274593;
 0.034267221, 0.31512368, -0.94843179, -0.45600891;
 0.076061137, 0.94541448, 0.31686929, 3.6875501;
 0, 0, 0, 1]
Twc:
[0.99651414, 0.034267221, 0.076061137, -1.9862908;
 -0.082997032, 0.31512368, 0.94541448, -3.1991899;
 0.0084280614, -0.94843179, 0.31686929, -1.6155237;
 0, 0, 0, 1]
Ow:
[1.7274593;
 -0.45600891;
 3.6875501]
Keyframe: 91 Frame: 808 Frame from vFrameID : 809
Tcw:
[0.99249953, -0.10443975, 0.063537173, 1.7721688;
 0.095078647, 0.33277434, -0.93820107, -0.41039419;
