Keyframe: 0 Frame: 0 Frame from vFrameID : 99
Tcw:
[0.99927521, -0.037025955, 0.008839366, 0.02787899;
 0.024224875, 0.43942058, -0.89795476, 0.020493206;
 0.029363433, 0.89751804, 0.43999904, -0.091552034;
 0, 0, 0, 1]
Twc:
[0.99927521, 0.024224875, 0.029363433, -0.025666948;
 -0.037025955, 0.43942058, 0.89751804, 0.074196711;
 0.008839366, -0.89795476, 0.43999904, 0.058438346;
 0, 0, 0, 1]
Ow:
[0.02787899;
 0.020493206;
 -0.091552034]
Keyframe: 1 Frame: 98 Frame from vFrameID : 99
Tcw:
[0.99807441, -0.061869528, -0.0044370689, 0.03047676;
 0.023494475, 0.44327465, -0.89607787, 0.021636579;
 0.057406757, 0.89424813, 0.44387466, -0.091771863;
 0, 0, 0, 1]
Twc:
[0.99807441, 0.023494475, 0.057406757, -0.025658086;
 -0.061869528, 0.44327465, 0.89424813, 0.074361458;
 -0.0044370689, -0.89607787, 0.44387466, 0.060258497;
 0, 0, 0, 1]
Ow:
[0.03047676;
 0.021636579;
 -0.091771863]
Keyframe: 2 Frame: 102 Frame from vFrameID : 103
Tcw:
[0.99676323, -0.075756028, -0.026909294, 0.033277024;
 0.0099024959, 0.44786641, -0.89404565, 0.021493301;
 0.079781115, 0.89088535, 0.44716692, -0.091662303;
 0, 0, 0, 1]
Twc:
[0.99676323, 0.0099024959, 0.079781115, -0.026069229;
 -0.075756028, 0.44786641, 0.89088535, 0.074555412;
 -0.026909294, -0.89404565, 0.44716692, 0.061099805;
 0, 0, 0, 1]
Ow:
[0.033277024;
 0.021493301;
 -0.091662303]
Keyframe: 3 Frame: 106 Frame from vFrameID : 107
Tcw:
[0.99516934, -0.089425601, -0.040509585, 0.034427732;
 0.0038699189, 0.44804689, -0.89400166, 0.02118782;
 0.098096833, 0.88952631, 0.44622862, -0.091400966;
 0, 0, 0, 1]
Twc:
[0.99516934, 0.0038699189, 0.098096833, -0.025377274;
 -0.089425601, 0.44804689, 0.88952631, 0.074889146;
 -0.040509585, -0.89400166, 0.44622862, 0.061122324;
 0, 0, 0, 1]
Ow:
[0.034427732;
 0.02118782;
 -0.091400966]
Keyframe: 4 Frame: 110 Frame from vFrameID : 111
Tcw:
[0.99511856, -0.091188334, -0.037733238, 0.035010248;
 0.0062138964, 0.43949163, -0.89822519, 0.021221749;
 0.098491102, 0.89360607, 0.43791288, -0.090670057;
 0, 0, 0, 1]
Twc:
[0.99511856, 0.0062138964, 0.098491102, -0.026041023;
 -0.091188334, 0.43949163, 0.89360607, 0.074889056;
 -0.037733238, -0.89822519, 0.43791288, 0.060088549;
 0, 0, 0, 1]
Ow:
[0.035010248;
 0.021221749;
 -0.090670057]
Keyframe: 5 Frame: 114 Frame from vFrameID : 115
Tcw:
[0.99648434, -0.075665899, -0.035966564, 0.032739621;
 0.00072719163, 0.43709838, -0.89941341, 0.020415071;
 0.083775848, 0.89622521, 0.43561673, -0.090591878;
 0, 0, 0, 1]
Twc:
[0.99648434, 0.00072719163, 0.083775848, -0.025049957;
 -0.075665899, 0.43709838, 0.89622521, 0.074744605;
 -0.035966564, -0.89941341, 0.43561673, 0.059002459;
 0, 0, 0, 1]
Ow:
[0.032739621;
 0.020415071;
 -0.090591878]
Keyframe: 6 Frame: 119 Frame from vFrameID : 120
Tcw:
[0.99849123, -0.04535336, -0.030957945, 0.029978629;
 -0.008673504, 0.42643598, -0.90447617, 0.020800985;
 0.054222614, 0.90337998, 0.42539921, -0.090236641;
 0, 0, 0, 1]
Twc:
[0.99849123, -0.008673504, 0.054222614, -0.024860112;
 -0.04535336, 0.42643598, 0.90337998, 0.074007325;
 -0.030957945, -0.90447617, 0.42539921, 0.058128666;
 0, 0, 0, 1]
Ow:
[0.029978629;
 0.020800985;
 -0.090236641]
Keyframe: 7 Frame: 123 Frame from vFrameID : 124
Tcw:
[0.99926424, -0.03551041, -0.014490327, 0.028004652;
 0.0018512611, 0.42203191, -0.90657908, 0.020992357;
 0.038308375, 0.90588522, 0.42178714, -0.090800196;
 0, 0, 0, 1]
Twc:
[0.99926424, 0.0018512611, 0.038308375, -0.024544502;
 -0.03551041, 0.42203191, 0.90588522, 0.074389577;
 -0.014490327, -0.90657908, 0.42178714, 0.057735391;
 0, 0, 0, 1]
Ow:
[0.028004652;
 0.020992357;
 -0.090800196]
Keyframe: 8 Frame: 127 Frame from vFrameID : 128
Tcw:
[0.99948204, -0.025531696, 0.019591281, 0.026623825;
 0.028498821, 0.41939002, -0.90735871, 0.021798294;
 0.014950019, 0.90744704, 0.41990042, -0.09076342;
 0, 0, 0, 1]
Twc:
[0.99948204, 0.028498821, 0.014950019, -0.025874345;
 -0.025531696, 0.41939002, 0.90744704, 0.073900752;
 0.019591281, -0.90735871, 0.41990042, 0.057368871;
 0, 0, 0, 1]
Ow:
[0.026623825;
 0.021798294;
 -0.09076342]
Keyframe: 9 Frame: 131 Frame from vFrameID : 132
Tcw:
[0.99917436, -0.024302976, 0.032556936, 0.027011594;
 0.039756216, 0.41981611, -0.90673804, 0.021932596;
 0.0083685061, 0.90728372, 0.4204357, -0.090394735;
 0, 0, 0, 1]
Twc:
[0.99917436, 0.039756216, 0.0083685061, -0.027104782;
 -0.024302976, 0.41981611, 0.90728372, 0.073462486;
 0.032556936, -0.90673804, 0.4204357, 0.057012882;
 0, 0, 0, 1]
Ow:
[0.027011594;
 0.021932596;
 -0.090394735]
Keyframe: 10 Frame: 135 Frame from vFrameID : 136
Tcw:
[0.9993096, -0.015340823, 0.033837553, 0.027172789;
 0.037145473, 0.43047521, -0.90183777, 0.021631939;
 -0.00073129474, 0.90247202, 0.43074784, -0.090419412;
 0, 0, 0, 1]
Twc:
[0.9993096, 0.037145473, -0.00073129474, -0.028023681;
 -0.015340823, 0.43047521, 0.90247202, 0.072705828;
 0.033837553, -0.90183777, 0.43074784, 0.057537004;
 0, 0, 0, 1]
Ow:
[0.027172789;
 0.021631939;
 -0.090419412]
Keyframe: 11 Frame: 139 Frame from vFrameID : 140
Tcw:
[0.99930191, -0.018744426, 0.032316677, 0.027807452;
 0.037238233, 0.43016028, -0.90198416, 0.018554073;
 0.0030058241, 0.90255791, 0.430558, -0.088876553;
 0, 0, 0, 1]
Twc:
[0.99930191, 0.037238233, 0.0030058241, -0.028211812;
 -0.018744426, 0.43016028, 0.90255791, 0.072756246;
 0.032316677, -0.90198416, 0.430558, 0.054103345;
 0, 0, 0, 1]
Ow:
[0.027807452;
 0.018554073;
 -0.088876553]
Keyframe: 12 Frame: 147 Frame from vFrameID : 148
Tcw:
[0.99954569, -0.019536242, 0.022951424, 0.030076602;
 0.028944541, 0.4098278, -0.91170359, 0.016319392;
 0.0084051304, 0.91195369, 0.41020709, -0.085147634;
 0, 0, 0, 1]
Twc:
[0.99954569, 0.028944541, 0.0084051304, -0.029819619;
 -0.019536242, 0.4098278, 0.91195369, 0.071550138;
 0.022951424, -0.91170359, 0.41020709, 0.049116306;
 0, 0, 0, 1]
Ow:
[0.030076602;
 0.016319392;
 -0.085147634]
Keyframe: 13 Frame: 156 Frame from vFrameID : 157
Tcw:
[0.99930322, -0.027176062, -0.025584521, 0.033557266;
 -0.01260645, 0.39943367, -0.91667539, 0.020313887;
 0.035130948, 0.91635919, 0.39881277, -0.073503353;
 0, 0, 0, 1]
Twc:
[0.99930322, -0.01260645, 0.035130948, -0.030695554;
 -0.027176062, 0.39943367, 0.91635919, 0.060153376;
 -0.025584521, -0.91667539, 0.39881277, 0.048793864;
 0, 0, 0, 1]
Ow:
[0.033557266;
 0.020313887;
 -0.073503353]
Keyframe: 14 Frame: 164 Frame from vFrameID : 165
Tcw:
[0.99948364, -0.030061068, -0.011348655, 0.037187636;
 0.001876378, 0.40719119, -0.91334105, 0.023128862;
 0.032077078, 0.91284811, 0.40703735, -0.058673456;
 0, 0, 0, 1]
Twc:
[0.99948364, 0.001876378, 0.032077078, -0.035329759;
 -0.030061068, 0.40719119, 0.91284811, 0.045259986;
 -0.011348655, -0.91334105, 0.40703735, 0.045428853;
 0, 0, 0, 1]
Ow:
[0.037187636;
 0.023128862;
 -0.058673456]
Keyframe: 15 Frame: 174 Frame from vFrameID : 175
Tcw:
[0.99795526, -0.063843772, 0.0030494842, 0.047875598;
 0.025288211, 0.35056806, -0.93619579, 0.01610506;
 0.058701221, 0.9343586, 0.35146573, -0.047168773;
 0, 0, 0, 1]
Twc:
[0.99795526, 0.025288211, 0.058701221, -0.045416109;
 -0.063843772, 0.35056806, 0.9343586, 0.04148319;
 0.0030494842, -0.93619579, 0.35146573, 0.031509701;
 0, 0, 0, 1]
Ow:
[0.047875598;
 0.01610506;
 -0.047168773]
Keyframe: 16 Frame: 185 Frame from vFrameID : 186
Tcw:
[0.99962145, -0.0268104, -0.0061725145, 0.048359726;
 0.0056034881, 0.41806462, -0.9084, 0.020703312;
 0.026935076, 0.90802157, 0.41805661, -0.028383231;
 0, 0, 0, 1]
Twc:
[0.99962145, 0.0056034881, 0.026935076, -0.047692925;
 -0.0268104, 0.41806462, 0.90802157, 0.018413806;
 -0.0061725145, -0.9084, 0.41805661, 0.030971188;
 0, 0, 0, 1]
Ow:
[0.048359726;
 0.020703312;
 -0.028383231]
Keyframe: 17 Frame: 196 Frame from vFrameID : 197
Tcw:
[0.99999052, 0.0018358246, -0.0039541498, 0.058778796;
 -0.0043561133, 0.38483733, -0.92297411, 0.019168159;
 -0.00017271416, 0.92298257, 0.38484168, -0.0200487;
 0, 0, 0, 1]
Twc:
[0.99999052, -0.0043561133, -0.00017271416, -0.0586982;
 0.0018358246, 0.38483733, 0.92298257, 0.011020069;
 -0.0039541498, -0.92297411, 0.38484168, 0.025639711;
 0, 0, 0, 1]
Ow:
[0.058778796;
 0.019168159;
 -0.0200487]
Keyframe: 18 Frame: 207 Frame from vFrameID : 208
Tcw:
[0.99997854, -0.0054989769, -0.0035530948, 0.065548629;
 -0.0014703842, 0.34020811, -0.94034904, 0.017509932;
 0.0063797492, 0.94033408, 0.34019274, -0.0002253768;
 0, 0, 0, 1]
Twc:
[0.99997854, -0.0014703842, 0.0063797492, -0.065520041;
 -0.0054989769, 0.34020811, 0.94033408, -0.0053846412;
 -0.0035530948, -0.94034904, 0.34019274, 0.016775019;
 0, 0, 0, 1]
Ow:
[0.065548629;
 0.017509932;
 -0.0002253768]
Keyframe: 19 Frame: 218 Frame from vFrameID : 219
Tcw:
[0.99981433, -0.019250872, -0.0008627731, 0.074770115;
 0.0058434145, 0.34553987, -0.93838584, 0.012180919;
 0.018362869, 0.93820661, 0.34558821, 0.019348586;
 0, 0, 0, 1]
Twc:
[0.99981433, 0.0058434145, 0.018362869, -0.075182706;
 -0.019250872, 0.34553987, 0.93820661, -0.020922573;
 -0.0008627731, -0.93838584, 0.34558821, 0.0048082694;
 0, 0, 0, 1]
Ow:
[0.074770115;
 0.012180919;
 0.019348586]
Keyframe: 20 Frame: 229 Frame from vFrameID : 230
Tcw:
[0.99777222, -0.062425107, -0.023531297, 0.084098034;
 -0.00073171448, 0.34246317, -0.93953097, 0.024256654;
 0.066708922, 0.93745512, 0.34165454, 0.035783991;
 0, 0, 0, 1]
Twc:
[0.99777222, -0.00073171448, 0.066708922, -0.08628004;
 -0.062425107, 0.34246317, 0.93745512, -0.036603071;
 -0.023531297, -0.93953097, 0.34165454, 0.012543051;
 0, 0, 0, 1]
Ow:
[0.084098034;
 0.024256654;
 0.035783991]
Keyframe: 21 Frame: 240 Frame from vFrameID : 241
Tcw:
[0.99724096, -0.053704932, -0.051246796, 0.097639143;
 -0.029864734, 0.34176314, -0.9393115, 0.021348579;
 0.067959927, 0.93825036, 0.33921632, 0.043972716;
 0, 0, 0, 1]
Twc:
[0.99724096, -0.029864734, 0.067959927, -0.099720567;
 -0.053704932, 0.34176314, 0.93825036, -0.043309867;
 -0.051246796, -0.9393115, 0.33921632, 0.010140397;
 0, 0, 0, 1]
Ow:
[0.097639143;
 0.021348579;
 0.043972716]
Keyframe: 22 Frame: 251 Frame from vFrameID : 252
Tcw:
[0.9980979, -0.052676458, -0.03202695, 0.10177372;
 -0.012665891, 0.33320761, -0.94276839, 0.010913813;
 0.060333323, 0.94138086, 0.33190665, 0.055538926;
 0, 0, 0, 1]
Twc:
[0.9980979, -0.012665891, 0.060333323, -0.10479276;
 -0.052676458, 0.33320761, 0.94138086, -0.050558764;
 -0.03202695, -0.94276839, 0.33190665, -0.0048850374;
 0, 0, 0, 1]
Ow:
[0.10177372;
 0.010913813;
 0.055538926]
Keyframe: 23 Frame: 262 Frame from vFrameID : 263
Tcw:
[0.99877614, -0.048508525, -0.009650033, 0.10467688;
 0.0079312967, 0.34967279, -0.93683833, -0.00081721507;
 0.048818998, 0.93561524, 0.34962958, 0.064644247;
 0, 0, 0, 1]
Twc:
[0.99877614, 0.0079312967, 0.048818998, -0.10769816;
 -0.048508525, 0.34967279, 0.93561524, -0.055118665;
 -0.009650033, -0.93683833, 0.34962958, -0.022357004;
 0, 0, 0, 1]
Ow:
[0.10467688;
 -0.00081721507;
 0.064644247]
Keyframe: 24 Frame: 273 Frame from vFrameID : 274
Tcw:
[0.99765891, -0.054382481, -0.041463684, 0.11082236;
 -0.020898836, 0.33485797, -0.94203681, -0.0032199305;
 0.065114744, 0.94069797, 0.33293751, 0.087230623;
 0, 0, 0, 1]
Twc:
[0.99765891, -0.020898836, 0.065114744, -0.11631021;
 -0.054382481, 0.33485797, 0.94069797, -0.074952662;
 -0.041463684, -0.94203681, 0.33293751, -0.027480539;
 0, 0, 0, 1]
Ow:
[0.11082236;
 -0.0032199305;
 0.087230623]
Keyframe: 25 Frame: 285 Frame from vFrameID : 286
Tcw:
[0.99928242, -0.030033559, -0.02307857, 0.11307374;
 -0.011726808, 0.3340511, -0.94248199, -0.00043759681;
 0.036015511, 0.94207633, 0.3334592, 0.098277241;
 0, 0, 0, 1]
Twc:
[0.99928242, -0.011726808, 0.036015511, -0.11653724;
 -0.030033559, 0.3340511, 0.94207633, -0.089042477;
 -0.02307857, -0.94248199, 0.3334592, -0.030574296;
 0, 0, 0, 1]
Ow:
[0.11307374;
 -0.00043759681;
 0.098277241]
Keyframe: 26 Frame: 297 Frame from vFrameID : 298
Tcw:
[0.99959767, -0.026024522, 0.011281095, 0.122678;
 0.019472048, 0.34041566, -0.94007343, -0.015888527;
 0.020624699, 0.93991482, 0.34078544, 0.1182454;
 0, 0, 0, 1]
Twc:
[0.99959767, 0.019472048, 0.020624699, -0.12475803;
 -0.026024522, 0.34041566, 0.93991482, -0.10253927;
 0.011281095, -0.94007343, 0.34078544, -0.056616638;
 0, 0, 0, 1]
Ow:
[0.122678;
 -0.015888527;
 0.1182454]
Keyframe: 27 Frame: 308 Frame from vFrameID : 309
Tcw:
[0.99798954, -0.047005109, -0.042513035, 0.14394309;
 -0.024623668, 0.3305169, -0.94347882, -0.0066607781;
 0.058399599, 0.9426288, 0.32869497, 0.14655784;
 0, 0, 0, 1]
Twc:
[0.99798954, -0.024623668, 0.058399599, -0.15237664;
 -0.047005109, 0.3305169, 0.9426288, -0.12918209;
 -0.042513035, -0.94347882, 0.32869497, -0.048337672;
 0, 0, 0, 1]
Ow:
[0.14394309;
 -0.0066607781;
 0.14655784]
Keyframe: 28 Frame: 319 Frame from vFrameID : 320
Tcw:
[0.99812013, -0.025657849, -0.055658512, 0.14470117;
 -0.045009546, 0.3095066, -0.94983149, 0.0010155216;
 0.041597307, 0.95055109, 0.30776989, 0.16659084;
 0, 0, 0, 1]
Twc:
[0.99812013, -0.045009546, 0.041597307, -0.15131317;
 -0.025657849, 0.3095066, 0.95055109, -0.15495469;
 -0.055658512, -0.94983149, 0.30776989, -0.042253219;
 0, 0, 0, 1]
Ow:
[0.14470117;
 0.0010155216;
 0.16659084]
Keyframe: 29 Frame: 330 Frame from vFrameID : 331
Tcw:
[0.99978733, -0.020465955, -0.002540187, 0.15003392;
 0.0032890921, 0.27983451, -0.9600426, -0.0092524476;
 0.020359021, 0.95983011, 0.27984229, 0.18917462;
 0, 0, 0, 1]
Twc:
[0.99978733, 0.0032890921, 0.020359021, -0.15382299;
 -0.020465955, 0.27983451, 0.95983011, -0.17591575;
 -0.002540187, -0.9600426, 0.27984229, -0.061440695;
 0, 0, 0, 1]
Ow:
[0.15003392;
 -0.0092524476;
 0.18917462]
Keyframe: 30 Frame: 341 Frame from vFrameID : 342
Tcw:
[0.99452412, -0.06559319, -0.081359379, 0.16204482;
 -0.056433432, 0.31817499, -0.94635087, -0.019118365;
 0.08796069, 0.94576013, 0.31273106, 0.19990936;
 0, 0, 0, 1]
Twc:
[0.99452412, -0.056433432, 0.08796069, -0.17982055;
 -0.06559319, 0.31817499, 0.94576013, -0.1723543;
 -0.081359379, -0.94635087, 0.31273106, -0.067426682;
 0, 0, 0, 1]
Ow:
[0.16204482;
 -0.019118365;
 0.19990936]
Keyframe: 31 Frame: 353 Frame from vFrameID : 354
Tcw:
[0.99563992, -0.061678629, -0.069977604, 0.16396357;
 -0.045304757, 0.33601972, -0.94076473, -0.027060833;
 0.081538931, 0.93983322, 0.33176032, 0.20038547;
 0, 0, 0, 1]
Twc:
[0.99563992, -0.045304757, 0.081538931, -0.18081389;
 -0.061678629, 0.33601972, 0.93983322, -0.1691229;
 -0.069977604, -0.94076473, 0.33176032, -0.080464043;
 0, 0, 0, 1]
Ow:
[0.16396357;
 -0.027060833;
 0.20038547]
Keyframe: 32 Frame: 364 Frame from vFrameID : 365
Tcw:
[0.99923813, -0.0386694, -0.0052783098, 0.16449095;
 0.007481169, 0.32251778, -0.94653386, -0.027638134;
 0.038304243, 0.94577318, 0.32256135, 0.21428408;
 0, 0, 0, 1]
Twc:
[0.99923813, 0.007481169, 0.038304243, -0.17236686;
 -0.0386694, 0.32251778, 0.94577318, -0.18738958;
 -0.0052783098, -0.94653386, 0.32256135, -0.094411954;
 0, 0, 0, 1]
Ow:
[0.16449095;
 -0.027638134;
 0.21428408]
Keyframe: 33 Frame: 375 Frame from vFrameID : 376
Tcw:
[0.99959928, -0.023491042, 0.015795046, 0.16939716;
 0.022586904, 0.3255499, -0.94525504, -0.032328464;
 0.017062949, 0.94523299, 0.32595003, 0.21890102;
 0, 0, 0, 1]
Twc:
[0.99959928, 0.022586904, 0.017062949, -0.17233416;
 -0.023491042, 0.3255499, 0.94523299, -0.19240862;
 0.015795046, -0.94525504, 0.32595003, -0.10458507;
 0, 0, 0, 1]
Ow:
[0.16939716;
 -0.032328464;
 0.21890102]
Keyframe: 34 Frame: 386 Frame from vFrameID : 387
Tcw:
[0.99971724, -0.015350469, -0.018161559, 0.17311929;
 -0.012456258, 0.31253499, -0.94982457, -0.019209027;
 0.020256376, 0.94978219, 0.31225541, 0.2242815;
 0, 0, 0, 1]
Twc:
[0.99971724, -0.012456258, 0.020256376, -0.17785275;
 -0.015350469, 0.31253499, 0.94978219, -0.20435762;
 -0.018161559, -0.94982457, 0.31225541, -0.085134208;
 0, 0, 0, 1]
Ow:
[0.17311929;
 -0.019209027;
 0.2242815]
Keyframe: 35 Frame: 397 Frame from vFrameID : 398
Tcw:
[0.99992859, -0.011828444, 0.0016959269, 0.17906703;
 0.0051824483, 0.30139527, -0.95348519, -0.030250303;
 0.010767101, 0.95342594, 0.30143505, 0.24270958;
 0, 0, 0, 1]
Twc:
[0.99992859, 0.0051824483, 0.010767101, -0.18151076;
 -0.011828444, 0.30139527, 0.95342594, -0.22017021;
 0.0016959269, -0.95348519, 0.30143505, -0.10230808;
 0, 0, 0, 1]
Ow:
[0.17906703;
 -0.030250303;
 0.24270958]
Keyframe: 36 Frame: 408 Frame from vFrameID : 409
Tcw:
[0.99753284, -0.016955638, 0.068122983, 0.1789187;
 0.069945894, 0.32276997, -0.94388938, -0.0311765;
 -0.0059838053, 0.94632554, 0.32315961, 0.25741532;
 0, 0, 0, 1]
Twc:
[0.99753284, 0.069945894, -0.0059838053, -0.17475629;
 -0.016955638, 0.32276997, 0.94632554, -0.23050219;
 0.068122983, -0.94388938, 0.32315961, -0.12480187;
 0, 0, 0, 1]
Ow:
[0.1789187;
 -0.0311765;
 0.25741532]
Keyframe: 37 Frame: 419 Frame from vFrameID : 420
Tcw:
[0.99954331, -0.029114082, 0.008095582, 0.19402644;
 0.017440565, 0.33701655, -0.94133717, -0.038647629;
 0.024677824, 0.94104844, 0.3373704, 0.26925066;
 0, 0, 0, 1]
Twc:
[0.99954331, 0.017440565, 0.024677824, -0.19990832;
 -0.029114082, 0.33701655, 0.94104844, -0.23470414;
 0.008095582, -0.94133717, 0.3373704, -0.12878841;
 0, 0, 0, 1]
Ow:
[0.19402644;
 -0.038647629;
 0.26925066]
Keyframe: 38 Frame: 430 Frame from vFrameID : 431
Tcw:
[0.99974018, -0.013923677, 0.018048666, 0.20013765;
 0.021814575, 0.35464746, -0.93474561, -0.053236656;
 0.0066141821, 0.93489641, 0.35485902, 0.28106895;
 0, 0, 0, 1]
Twc:
[0.99974018, 0.021814575, 0.0066141821, -0.20078334;
 -0.013923677, 0.35464746, 0.93489641, -0.24110346;
 0.018048666, -0.93474561, 0.35485902, -0.1531148;
 0, 0, 0, 1]
Ow:
[0.20013765;
 -0.053236656;
 0.28106895]
Keyframe: 39 Frame: 441 Frame from vFrameID : 442
Tcw:
[0.99828887, -0.0019560133, 0.058442257, 0.19958644;
 0.055588309, 0.34188536, -0.93809611, -0.051695652;
 -0.018145625, 0.93973964, 0.34140909, 0.29030466;
 0, 0, 0, 1]
Twc:
[0.99828887, 0.055588309, -0.018145625, -0.1911035;
 -0.0019560133, 0.34188536, 0.93973964, -0.25474641;
 0.058442257, -0.93809611, 0.34140909, -0.15927242;
 0, 0, 0, 1]
Ow:
[0.19958644;
 -0.051695652;
 0.29030466]
Keyframe: 40 Frame: 452 Frame from vFrameID : 453
Tcw:
[0.99951017, -0.013974653, 0.028002996, 0.21297771;
 0.031014763, 0.32254434, -0.94604611, -0.056926809;
 0.0041884575, 0.94645119, 0.32281977, 0.30801398;
 0, 0, 0, 1]
Twc:
[0.99951017, 0.031014763, 0.0041884575, -0.2123979;
 -0.013974653, 0.32254434, 0.94645119, -0.27018249;
 0.028002996, -0.94604611, 0.32281977, -0.15925241;
 0, 0, 0, 1]
Ow:
[0.21297771;
 -0.056926809;
 0.30801398]
Keyframe: 41 Frame: 463 Frame from vFrameID : 464
Tcw:
[0.99932909, 0.017887563, 0.03195858, 0.20864733;
 0.024159454, 0.33385307, -0.94231546, -0.055907801;
 -0.027525198, 0.94245541, 0.33319694, 0.32202071;
 0, 0, 0, 1]
Twc:
[0.99932909, 0.024159454, -0.027525198, -0.19829297;
 0.017887563, 0.33385307, 0.94245541, -0.28855735;
 0.03195858, -0.94231546, 0.33319694, -0.16664717;
 0, 0, 0, 1]
Ow:
[0.20864733;
 -0.055907801;
 0.32202071]
Keyframe: 42 Frame: 474 Frame from vFrameID : 475
Tcw:
[0.99824274, 0.0052800304, 0.05902148, 0.22334751;
 0.053522721, 0.34711549, -0.93629384, -0.062497765;
 -0.025430931, 0.9378075, 0.34622291, 0.33036238;
 0, 0, 0, 1]
Twc:
[0.99824274, 0.053522721, -0.025430931, -0.21120857;
 0.0052800304, 0.34711549, 0.9378075, -0.28930169;
 0.05902148, -0.93629384, 0.34622291, -0.18607761;
 0, 0, 0, 1]
Ow:
[0.22334751;
 -0.062497765;
 0.33036238]
Keyframe: 43 Frame: 485 Frame from vFrameID : 486
Tcw:
[0.99992615, 0.010366588, -0.006344087, 0.23104686;
 -0.0095855044, 0.35174993, -0.93604493, -0.06240011;
 -0.0074720597, 0.93603659, 0.3518233, 0.34154189;
 0, 0, 0, 1]
Twc:
[0.99992615, -0.0095855044, -0.0074720597, -0.22907589;
 0.010366588, 0.35174993, 0.93603659, -0.30014166;
 -0.006344087, -0.93604493, 0.3518233, -0.17710593;
 0, 0, 0, 1]
Ow:
[0.23104686;
 -0.06240011;
 0.34154189]
Keyframe: 44 Frame: 495 Frame from vFrameID : 496
Tcw:
[0.99993646, -0.010434886, 0.0042599291, 0.23608188;
 0.0077270437, 0.35952452, -0.93310362, -0.059444092;
 0.0082052806, 0.93307728, 0.3595823, 0.35501817;
 0, 0, 0, 1]
Twc:
[0.99993646, 0.0077270437, 0.0082052806, -0.23852059;
 -0.010434886, 0.35952452, 0.93307728, -0.30742431;
 0.0042599291, -0.93310362, 0.3595823, -0.18413146;
 0, 0, 0, 1]
Ow:
[0.23608188;
 -0.059444092;
 0.35501817]
Keyframe: 45 Frame: 505 Frame from vFrameID : 506
Tcw:
[0.99945241, -0.029307155, 0.015359568, 0.24377052;
 0.024149736, 0.32877883, -0.94409811, -0.053962849;
 0.022618931, 0.94395208, 0.32930657, 0.3722837;
 0, 0, 0, 1]
Twc:
[0.99945241, 0.024149736, 0.022618931, -0.25075451;
 -0.029307155, 0.32877883, 0.94395208, -0.32653192;
 0.015359568, -0.94409811, 0.32930657, -0.17728589;
 0, 0, 0, 1]
Ow:
[0.24377052;
 -0.053962849;
 0.3722837]
Keyframe: 46 Frame: 515 Frame from vFrameID : 516
Tcw:
[0.99868578, -0.033035509, 0.039183732, 0.25081462;
 0.048380394, 0.35537186, -0.9334721, -0.066441923;
 0.016912932, 0.93414104, 0.3565031, 0.38045311;
 0, 0, 0, 1]
Twc:
[0.99868578, 0.048380394, 0.016912932, -0.25370508;
 -0.033035509, 0.35537186, 0.93414104, -0.32349947;
 0.039183732, -0.9334721, 0.3565031, -0.20748225;
 0, 0, 0, 1]
Ow:
[0.25081462;
 -0.066441923;
 0.38045311]
Keyframe: 47 Frame: 526 Frame from vFrameID : 527
Tcw:
[0.99931765, -0.029367626, -0.022401078, 0.260077;
 -0.010542852, 0.35445908, -0.9350121, -0.069447428;
 0.035399351, 0.93461025, 0.35390759, 0.39153934;
 0, 0, 0, 1]
Twc:
[0.99931765, -0.010542852, 0.035399351, -0.27449194;
 -0.029367626, 0.35445908, 0.93461025, -0.33368254;
 -0.022401078, -0.9350121, 0.35390759, -0.19767691;
 0, 0, 0, 1]
Ow:
[0.260077;
 -0.069447428;
 0.39153934]
Keyframe: 48 Frame: 537 Frame from vFrameID : 538
Tcw:
[0.99945879, -0.032455042, -0.0053656297, 0.26201335;
 0.0058265002, 0.33518636, -0.94213384, -0.074156038;
 0.032375481, 0.94159269, 0.33519408, 0.40445828;
 0, 0, 0, 1]
Twc:
[0.99945879, 0.0058265002, 0.032375481, -0.27453402;
 -0.032455042, 0.33518636, 0.94159269, -0.34747517;
 -0.0053656297, -0.94213384, 0.33519408, -0.20403104;
 0, 0, 0, 1]
Ow:
[0.26201335;
 -0.074156038;
 0.40445828]
Keyframe: 49 Frame: 548 Frame from vFrameID : 549
Tcw:
[0.99933434, -0.028108891, 0.023253491, 0.26474151;
 0.031814083, 0.35957798, -0.93257254, -0.07869032;
 0.017852135, 0.93269157, 0.36023289, 0.41096804;
 0, 0, 0, 1]
Twc:
[0.99933434, 0.031814083, 0.017852135, -0.26939848;
 -0.028108891, 0.35957798, 0.93269157, -0.3475695;
 0.023253491, -0.93257254, 0.36023289, -0.22758479;
 0, 0, 0, 1]
Ow:
[0.26474151;
 -0.07869032;
 0.41096804]
Keyframe: 50 Frame: 558 Frame from vFrameID : 559
Tcw:
[0.99835944, -0.055877037, -0.012497907, 0.27171507;
 0.0066109379, 0.32930556, -0.94420028, -0.068511844;
 0.056874745, 0.9425686, 0.3291347, 0.43840683;
 0, 0, 0, 1]
Twc:
[0.99835944, 0.0066109379, 0.056874745, -0.29575062;
 -0.055877037, 0.32930556, 0.9425686, -0.37548459;
 -0.012497907, -0.94420028, 0.3291347, -0.20558795;
 0, 0, 0, 1]
Ow:
[0.27171507;
 -0.068511844;
 0.43840683]
Keyframe: 51 Frame: 568 Frame from vFrameID : 569
Tcw:
[0.99885219, -0.047534898, -0.0058932025, 0.28291586;
 0.0098540541, 0.32433173, -0.9458921, -0.060815394;
 0.046874236, 0.94474828, 0.32442787, 0.45689723;
 0, 0, 0, 1]
Twc:
[0.99885219, 0.0098540541, 0.046874236, -0.30340853;
 -0.047534898, 0.32433173, 0.94474828, -0.39848015;
 -0.0058932025, -0.9458921, 0.32442787, -0.2040877;
 0, 0, 0, 1]
Ow:
[0.28291586;
 -0.060815394;
 0.45689723]
Keyframe: 52 Frame: 578 Frame from vFrameID : 579
Tcw:
[0.99634558, -0.060450528, 0.060342669, 0.26369652;
 0.076251388, 0.31117779, -0.94728774, -0.061448589;
 0.038486745, 0.9484272, 0.31465006, 0.47310856;
 0, 0, 0, 1]
Twc:
[0.99634558, 0.076251388, 0.038486745, -0.27625573;
 -0.060450528, 0.31117779, 0.9484272, -0.41364697;
 0.060342669, -0.94728774, 0.31465006, -0.22298528;
 0, 0, 0, 1]
Ow:
[0.26369652;
 -0.061448589;
 0.47310856]
Keyframe: 53 Frame: 588 Frame from vFrameID : 589
Tcw:
[0.9970963, -0.066658296, 0.036818948, 0.27819094;
 0.056737278, 0.32780239, -0.94304109, -0.078429565;
 0.050792173, 0.94239175, 0.33063257, 0.48374632;
 0, 0, 0, 1]
Twc:
[0.9970963, 0.056737278, 0.050792173, -0.2975038;
 -0.066658296, 0.32780239, 0.94239175, -0.41162544;
 0.036818948, -0.94304109, 0.33063257, -0.24414729;
 0, 0, 0, 1]
Ow:
[0.27819094;
 -0.078429565;
 0.48374632]
Keyframe: 54 Frame: 596 Frame from vFrameID : 597
Tcw:
[0.99781322, -0.062610507, 0.021182368, 0.27613524;
 0.041512124, 0.34424031, -0.93796343, -0.078671321;
 0.051434543, 0.9367916, 0.34608665, 0.49238902;
 0, 0, 0, 1]
Twc:
[0.99781322, 0.041512124, 0.051434543, -0.29759136;
 -0.062610507, 0.34424031, 0.9367916, -0.41689512;
 0.021182368, -0.93796343, 0.34608665, -0.25004926;
 0, 0, 0, 1]
Ow:
[0.27613524;
 -0.078671321;
 0.49238902]
Keyframe: 55 Frame: 606 Frame from vFrameID : 607
Tcw:
[0.99914616, -0.034190826, 0.023192709, 0.28428781;
 0.033427924, 0.33911946, -0.94014925, -0.09263508;
 0.02427938, 0.94012177, 0.33997285, 0.49754262;
 0, 0, 0, 1]
Twc:
[0.99914616, 0.033427924, 0.02427938, -0.2930285;
 -0.034190826, 0.33911946, 0.94012177, -0.42661625;
 0.023192709, -0.94014925, 0.33997285, -0.26283517;
 0, 0, 0, 1]
Ow:
[0.28428781;
 -0.09263508;
 0.49754262]
Keyframe: 56 Frame: 615 Frame from vFrameID : 616
Tcw:
[0.99856496, -0.03462271, 0.040856995, 0.29588434;
 0.050322991, 0.3456445, -0.93701518, -0.078178063;
 0.018320011, 0.93772656, 0.34689081, 0.51111782;
 0, 0, 0, 1]
Twc:
[0.99856496, 0.050322991, 0.018320011, -0.30088925;
 -0.03462271, 0.3456445, 0.93772656, -0.44202265;
 0.040856995, -0.93701518, 0.34689081, -0.26264507;
 0, 0, 0, 1]
Ow:
[0.29588434;
 -0.078178063;
 0.51111782]
Keyframe: 57 Frame: 625 Frame from vFrameID : 626
Tcw:
[0.99864, -0.050714146, -0.012094601, 0.29990733;
 0.0053035389, 0.32959136, -0.94410878, -0.0922876;
 0.051865947, 0.94276065, 0.32941207, 0.52040112;
 0, 0, 0, 1]
Twc:
[0.99864, 0.0053035389, 0.051865947, -0.32600108;
 -0.050714146, 0.32959136, 0.94276065, -0.44498694;
 -0.012094601, -0.94410878, 0.32941207, -0.25492871;
 0, 0, 0, 1]
Ow:
[0.29990733;
 -0.0922876;
 0.52040112]
Keyframe: 58 Frame: 634 Frame from vFrameID : 635
Tcw:
[0.99750072, -0.067249238, -0.021676928, 0.29411468;
 0.0014348212, 0.32600901, -0.94536555, -0.090005159;
 0.070641987, 0.94297171, 0.32529071, 0.53729057;
 0, 0, 0, 1]
Twc:
[0.99750072, 0.0014348212, 0.070641987, -0.33120573;
 -0.067249238, 0.32600901, 0.94297171, -0.45752835;
 -0.021676928, -0.94536555, 0.32529071, -0.25348791;
 0, 0, 0, 1]
Ow:
[0.29411468;
 -0.090005159;
 0.53729057]
Keyframe: 59 Frame: 644 Frame from vFrameID : 645
Tcw:
[0.99749148, -0.070117943, 0.0097084967, 0.30471575;
 0.030540487, 0.30256414, -0.95263958, -0.10128571;
 0.063859686, 0.95054638, 0.30394658, 0.55859041;
 0, 0, 0, 1]
Twc:
[0.99749148, 0.030540487, 0.063859686, -0.33652943;
 -0.070117943, 0.30256414, 0.95054638, -0.47895461;
 0.0097084967, -0.95263958, 0.30394658, -0.26922876;
 0, 0, 0, 1]
Ow:
[0.30471575;
 -0.10128571;
 0.55859041]
Keyframe: 60 Frame: 655 Frame from vFrameID : 656
Tcw:
[0.99694455, -0.07561972, -0.019575685, 0.31939763;
 0.0056178053, 0.31937188, -0.94761282, -0.083081797;
 0.07791014, 0.9446075, 0.31882086, 0.57011986;
 0, 0, 0, 1]
Twc:
[0.99694455, 0.0056178053, 0.07791014, -0.36237311;
 -0.07561972, 0.31937188, 0.9446075, -0.48785269;
 -0.019575685, -0.94761282, 0.31882086, -0.25424305;
 0, 0, 0, 1]
Ow:
[0.31939763;
 -0.083081797;
 0.57011986]
Keyframe: 61 Frame: 665 Frame from vFrameID : 666
Tcw:
[0.99760342, -0.06668894, -0.018438997, 0.31729001;
 0.0041600838, 0.32382289, -0.94610858, -0.096515194;
 0.069065951, 0.94376445, 0.32332426, 0.57817745;
 0, 0, 0, 1]
Twc:
[0.99760342, 0.0041600838, 0.069065951, -0.35606048;
 -0.06668894, 0.32382289, 0.94376445, -0.49324977;
 -0.018438997, -0.94610858, 0.32332426, -0.27240214;
 0, 0, 0, 1]
Ow:
[0.31729001;
 -0.096515194;
 0.57817745]
Keyframe: 62 Frame: 675 Frame from vFrameID : 676
Tcw:
[0.99781102, -0.062715888, 0.020972641, 0.32282197;
 0.039925694, 0.31850871, -0.94707876, -0.086651504;
 0.052716915, 0.94584298, 0.32031548, 0.59385961;
 0, 0, 0, 1]
Twc:
[0.99781102, 0.039925694, 0.052716915, -0.34996215;
 -0.062715888, 0.31850871, 0.94584298, -0.5138526;
 0.020972641, -0.94707876, 0.32031548, -0.27905864;
 0, 0, 0, 1]
Ow:
[0.32282197;
 -0.086651504;
 0.59385961]
Keyframe: 63 Frame: 684 Frame from vFrameID : 685
Tcw:
[0.99730462, -0.05911427, 0.043462552, 0.32579064;
 0.060292013, 0.32268897, -0.94458282, -0.09343636;
 0.041813437, 0.94465727, 0.32538331, 0.60092998;
 0, 0, 0, 1]
Twc:
[0.99730462, 0.060292013, 0.041813437, -0.34440601;
 -0.05911427, 0.32268897, 0.94465727, -0.51826316;
 0.043462552, -0.94458282, 0.32538331, -0.29795069;
 0, 0, 0, 1]
Ow:
[0.32579064;
 -0.09343636;
 0.60092998]
Keyframe: 64 Frame: 694 Frame from vFrameID : 695
Tcw:
[0.99809903, -0.059699714, -0.015307352, 0.33468315;
 0.0048470148, 0.32363862, -0.94616836, -0.071348146;
 0.061440032, 0.94429553, 0.32331273, 0.61314219;
 0, 0, 0, 1]
Twc:
[0.99809903, 0.0048470148, 0.061440032, -0.37137255;
 -0.059699714, 0.32363862, 0.94429553, -0.53591591;
 -0.015307352, -0.94616836, 0.32331273, -0.26062092;
 0, 0, 0, 1]
Ow:
[0.33468315;
 -0.071348146;
 0.61314219]
Keyframe: 65 Frame: 704 Frame from vFrameID : 705
Tcw:
[0.99771965, -0.064656168, 0.019366585, 0.33621606;
 0.038650915, 0.31209332, -0.94926488, -0.075059056;
 0.055331647, 0.9478488, 0.31388065, 0.61942339;
 0, 0, 0, 1]
Twc:
[0.99771965, 0.038650915, 0.055331647, -0.366822;
 -0.064656168, 0.31209332, 0.9478488, -0.54195583;
 0.019366585, -0.94926488, 0.31388065, -0.27218729;
 0, 0, 0, 1]
Ow:
[0.33621606;
 -0.075059056;
 0.61942339]
Keyframe: 66 Frame: 714 Frame from vFrameID : 715
Tcw:
[0.99784297, -0.027849544, 0.059445575, 0.34860533;
 0.06534943, 0.33545959, -0.93978524, -0.074905396;
 0.006231003, 0.94164288, 0.33655596, 0.62472767;
 0, 0, 0, 1]
Twc:
[0.99784297, 0.06534943, 0.006231003, -0.34685105;
 -0.027849544, 0.33545959, 0.94164288, -0.55343413;
 0.059445575, -0.93978524, 0.33655596, -0.30137384;
 0, 0, 0, 1]
Ow:
[0.34860533;
 -0.074905396;
 0.62472767]
Keyframe: 67 Frame: 725 Frame from vFrameID : 726
Tcw:
[0.99954283, -0.013712539, -0.026945379, 0.34855673;
 -0.021080801, 0.32275707, -0.94624704, -0.084903046;
 0.021672262, 0.94638252, 0.32232046, 0.63798326;
 0, 0, 0, 1]
Twc:
[0.99954283, -0.021080801, 0.021672262, -0.36401376;
 -0.013712539, 0.32275707, 0.94638252, -0.57159352;
 -0.026945379, -0.94624704, 0.32232046, -0.27658233;
 0, 0, 0, 1]
Ow:
[0.34855673;
 -0.084903046;
 0.63798326]
Keyframe: 68 Frame: 735 Frame from vFrameID : 736
Tcw:
[0.99925709, -0.030170687, 0.023978695, 0.34009314;
 0.033239331, 0.35982856, -0.93242615, -0.067611724;
 0.019503718, 0.93253052, 0.36056408, 0.6637398;
 0, 0, 0, 1]
Twc:
[0.99925709, 0.033239331, 0.019503718, -0.35053849;
 -0.030170687, 0.35982856, 0.93253052, -0.58436805;
 0.023978695, -0.93242615, 0.36056408, -0.31051865;
 0, 0, 0, 1]
Ow:
[0.34009314;
 -0.067611724;
 0.6637398]
Keyframe: 69 Frame: 746 Frame from vFrameID : 747
Tcw:
[0.99583358, -0.078164481, 0.046966407, 0.34600347;
 0.072183758, 0.36096281, -0.92978245, -0.081751406;
 0.055722833, 0.92929876, 0.36510107, 0.68059868;
 0, 0, 0, 1]
Twc:
[0.99583358, 0.072183758, 0.055722833, -0.3765856;
 -0.078164481, 0.36096281, 0.92929876, -0.57592511;
 0.046966407, -0.92978245, 0.36510107, -0.34074888;
 0, 0, 0, 1]
Ow:
[0.34600347;
 -0.081751406;
 0.68059868]
Keyframe: 70 Frame: 756 Frame from vFrameID : 757
Tcw:
[0.99587631, -0.088483855, 0.020025006, 0.35779139;
 0.051330272, 0.36756763, -0.92857915, -0.088819131;
 0.074803717, 0.92577785, 0.37059379, 0.68210775;
 0, 0, 0, 1]
Twc:
[0.99587631, 0.051330272, 0.074803717, -0.40278104;
 -0.088483855, 0.36756763, 0.92577785, -0.56717449;
 0.020025006, -0.92857915, 0.37059379, -0.34242526;
 0, 0, 0, 1]
Ow:
[0.35779139;
 -0.088819131;
 0.68210775]
Keyframe: 71 Frame: 767 Frame from vFrameID : 768
Tcw:
[0.99661165, -0.076137923, 0.031115491, 0.35440266;
 0.056791838, 0.36334649, -0.92992151, -0.10854286;
 0.059496589, 0.92853773, 0.36643934, 0.70540053;
 0, 0, 0, 1]
Twc:
[0.99661165, 0.056791838, 0.059496589, -0.38900644;
 -0.076137923, 0.36334649, 0.92853773, -0.58856893;
 0.031115491, -0.92992151, 0.36643934, -0.37045029;
 0, 0, 0, 1]
Ow:
[0.35440266;
 -0.10854286;
 0.70540053]
Keyframe: 72 Frame: 777 Frame from vFrameID : 778
Tcw:
[0.99235326, -0.083182141, 0.091190837, 0.36048234;
 0.11547724, 0.36476627, -0.9239105, -0.090527683;
 0.04358951, 0.92737603, 0.37158263, 0.71145505;
 0, 0, 0, 1]
Twc:
[0.99235326, 0.11547724, 0.04358951, -0.37828389;
 -0.083182141, 0.36476627, 0.92737603, -0.59677923;
 0.091190837, -0.9239105, 0.37158263, -0.38087651;
 0, 0, 0, 1]
Ow:
[0.36048234;
 -0.090527683;
 0.71145505]
Keyframe: 73 Frame: 787 Frame from vFrameID : 788
Tcw:
[0.99386632, -0.10650741, 0.029763563, 0.37510112;
 0.065223552, 0.34719688, -0.93552136, -0.10747582;
 0.089306146, 0.93172449, 0.35201409, 0.71702993;
 0, 0, 0, 1]
Twc:
[0.99386632, 0.065223552, 0.089306146, -0.4298256;
 -0.10650741, 0.34719688, 0.93172449, -0.59080803;
 0.029763563, -0.93552136, 0.35201409, -0.36411491;
 0, 0, 0, 1]
Ow:
[0.37510112;
 -0.10747582;
 0.71702993]
Keyframe: 74 Frame: 797 Frame from vFrameID : 798
Tcw:
[0.99209338, -0.12394822, 0.019686064, 0.37763658;
 0.065227732, 0.37523443, -0.92463207, -0.11745957;
 0.10721961, 0.91860545, 0.38035247, 0.72161925;
 0, 0, 0, 1]
Twc:
[0.99209338, 0.065227732, 0.10721961, -0.44436088;
 -0.12394822, 0.37523443, 0.91860545, -0.57200116;
 0.019686064, -0.92463207, 0.38035247, -0.39051071;
 0, 0, 0, 1]
Ow:
[0.37763658;
 -0.11745957;
 0.72161925]
Keyframe: 75 Frame: 808 Frame from vFrameID : 809
Tcw:
[0.98667234, -0.14007109, 0.082811505, 0.38389793;
 0.13014135, 0.37379715, -0.91833484, -0.11140212;
 0.097677469, 0.91687286, 0.38704434, 0.74085623;
 0, 0, 0, 1]
Twc:
[0.98667234, 0.13014135, 0.097677469, -0.4366484;
 -0.14007109, 0.37379715, 0.91687286, -0.58385611;
 0.082811505, -0.91833484, 0.38704434, -0.42083985;
 0, 0, 0, 1]
Ow:
[0.38389793;
 -0.11140212;
 0.74085623]
Keyframe: 76 Frame: 818 Frame from vFrameID : 819
Tcw:
[0.98698413, -0.15970209, 0.018909596, 0.38889855;
 0.077568159, 0.36975348, -0.92588633, -0.13227329;
 0.1408741, 0.91530192, 0.37732863, 0.7543124;
 0, 0, 0, 1]
Twc:
[0.98698413, 0.077568159, 0.1408741, -0.47983956;
 -0.15970209, 0.36975348, 0.91530192, -0.5794071;
 0.018909596, -0.92588633, 0.37732863, -0.41444761;
 0, 0, 0, 1]
Ow:
[0.38889855;
 -0.13227329;
 0.7543124]
Keyframe: 77 Frame: 827 Frame from vFrameID : 828
Tcw:
[0.99182123, -0.12759545, -0.0031686909, 0.39251214;
 0.043041255, 0.35773286, -0.93283153, -0.13129283;
 0.12015861, 0.92506576, 0.3602989, 0.75908965;
 0, 0, 0, 1]
Twc:
[0.99182123, 0.043041255, 0.12015861, -0.47486201;
 -0.12759545, 0.35773286, 0.92506576, -0.60515726;
 -0.0031686909, -0.93283153, 0.3602989, -0.3947295;
 0, 0, 0, 1]
Ow:
[0.39251214;
 -0.13129283;
 0.75908965]
Keyframe: 78 Frame: 837 Frame from vFrameID : 838
Tcw:
[0.99243289, -0.10140781, 0.06923423, 0.39479998;
 0.10106131, 0.35435119, -0.92963535, -0.13920397;
 0.069739051, 0.92959762, 0.36191821, 0.77355421;
 0, 0, 0, 1]
Twc:
[0.99243289, 0.10106131, 0.069739051, -0.43169132;
 -0.10140781, 0.35435119, 0.92959762, -0.62973118;
 0.06923423, -0.92963535, 0.36191821, -0.43670592;
 0, 0, 0, 1]
Ow:
[0.39479998;
 -0.13920397;
 0.77355421]
Keyframe: 79 Frame: 848 Frame from vFrameID : 849
Tcw:
[0.99604255, -0.079106666, 0.04051346, 0.41056454;
 0.066472508, 0.36047277, -0.93039817, -0.1398488;
 0.0589967, 0.92940921, 0.36430466, 0.78062576;
 0, 0, 0, 1]
Twc:
[0.99604255, 0.066472508, 0.0589967, -0.44569802;
 -0.079106666, 0.36047277, 0.92940921, -0.64263076;
 0.04051346, -0.93039817, 0.36430466, -0.43113407;
 0, 0, 0, 1]
Ow:
[0.41056454;
 -0.1398488;
 0.78062576]
Keyframe: 80 Frame: 857 Frame from vFrameID : 858
Tcw:
[0.99570948, -0.084840402, 0.03694281, 0.41489911;
 0.066186436, 0.37396693, -0.92507732, -0.13614231;
 0.064668544, 0.92355341, 0.37797767, 0.78926623;
 0, 0, 0, 1]
Twc:
[0.99570948, 0.066186436, 0.064668544, -0.45514888;
 -0.084840402, 0.37396693, 0.92355341, -0.6428166;
 0.03694281, -0.92507732, 0.37797767, -0.43959478;
 0, 0, 0, 1]
Ow:
[0.41489911;
 -0.13614231;
 0.78926623]
Keyframe: 81 Frame: 867 Frame from vFrameID : 868
Tcw:
[0.99402088, -0.098056056, 0.048036795, 0.41681215;
 0.081521414, 0.37378079, -0.92392761, -0.13499883;
 0.072641462, 0.92231935, 0.37953958, 0.79999399;
 0, 0, 0, 1]
Twc:
[0.99402088, 0.081521414, 0.072641462, -0.46142739;
 -0.098056056, 0.37378079, 0.92231935, -0.64651889;
 0.048036795, -0.92392761, 0.37953958, -0.4483808;
 0, 0, 0, 1]
Ow:
[0.41681215;
 -0.13499883;
 0.79999399]
Keyframe: 82 Frame: 875 Frame from vFrameID : 876
Tcw:
[0.99113965, -0.090950452, 0.096799679, 0.41974014;
 0.12362001, 0.36508617, -0.92272973, -0.1357328;
 0.048582461, 0.92652041, 0.37309468, 0.80882531;
 0, 0, 0, 1]
Twc:
[0.99113965, 0.12362001, 0.048582461, -0.43853655;
 -0.090950452, 0.36508617, 0.92652041, -0.66166341;
 0.096799679, -0.92272973, 0.37309468, -0.4676438;
 0, 0, 0, 1]
Ow:
[0.41974014;
 -0.1357328;
 0.80882531]
Keyframe: 83 Frame: 886 Frame from vFrameID : 887
Tcw:
[0.99125105, -0.12113158, 0.052425589, 0.42986006;
 0.091784991, 0.34716928, -0.93330008, -0.12930354;
 0.094851561, 0.92994654, 0.35525, 0.82024229;
 0, 0, 0, 1]
Twc:
[0.99125105, 0.091784991, 0.094851561, -0.49203241;
 -0.12113158, 0.34716928, 0.92994654, -0.66582173;
 0.052425589, -0.93330008, 0.35525, -0.43460578;
 0, 0, 0, 1]
Ow:
[0.42986006;
 -0.12930354;
 0.82024229]
Keyframe: 84 Frame: 897 Frame from vFrameID : 898
Tcw:
[0.99200952, -0.11842701, 0.043499574, 0.43234596;
 0.084731109, 0.36992094, -0.9251914, -0.13217801;
 0.093476251, 0.92148441, 0.37699953, 0.83138072;
 0, 0, 0, 1]
Twc:
[0.99200952, 0.084731109, 0.093476251, -0.49540603;
 -0.11842701, 0.36992094, 0.92148441, -0.66600758;
 0.043499574, -0.9251914, 0.37699953, -0.45452702;
 0, 0, 0, 1]
Ow:
[0.43234596;
 -0.13217801;
 0.83138072]
Keyframe: 85 Frame: 908 Frame from vFrameID : 909
Tcw:
[0.98815542, -0.1214072, 0.093856767, 0.43662769;
 0.13292658, 0.3715885, -0.91883212, -0.13663381;
 0.076676741, 0.92042506, 0.38332546, 0.83806986;
 0, 0, 0, 1]
Twc:
[0.98815542, 0.13292658, 0.076676741, -0.47755423;
 -0.1214072, 0.3715885, 0.92042506, -0.6675992;
 0.093856767, -0.91883212, 0.38332546, -0.48777753;
 0, 0, 0, 1]
Ow:
[0.43662769;
 -0.13663381;
 0.83806986]
Keyframe: 86 Frame: 918 Frame from vFrameID : 919
Tcw:
[0.98787469, -0.15140972, 0.034331769, 0.44443947;
 0.085791141, 0.34806868, -0.93353528, -0.1380797;
 0.12939648, 0.92516124, 0.35683787, 0.85859936;
 0, 0, 0, 1]
Twc:
[0.98787469, 0.085791141, 0.12939648, -0.53830427;
 -0.15140972, 0.34806868, 0.92516124, -0.67898911;
 0.034331769, -0.93353528, 0.35683787, -0.45054141;
 0, 0, 0, 1]
Ow:
[0.44443947;
 -0.1380797;
 0.85859936]
Keyframe: 87 Frame: 929 Frame from vFrameID : 930
Tcw:
[0.98997545, -0.14120899, 0.0029399355, 0.44132498;
 0.055581298, 0.37035987, -0.92722398, -0.13678885;
 0.12984352, 0.91809237, 0.37449577, 0.86676633;
 0, 0, 0, 1]
Twc:
[0.98997545, 0.055581298, 0.12984352, -0.54184198;
 -0.14120899, 0.37035987, 0.91809237, -0.68279141;
 0.0029399355, -0.92722398, 0.37449577, -0.4527317;
 0, 0, 0, 1]
Ow:
[0.44132498;
 -0.13678885;
 0.86676633]
Keyframe: 88 Frame: 939 Frame from vFrameID : 940
Tcw:
[0.9942978, -0.10368128, 0.024940776, 0.45095822;
 0.06209299, 0.37275279, -0.92585087, -0.13396335;
 0.086696655, 0.92212015, 0.37706518, 0.87903935;
 0, 0, 0, 1]
Twc:
[0.9942978, 0.06209299, 0.086696655, -0.51627839;
 -0.10368128, 0.37275279, 0.92212015, -0.7138887;
 0.024940776, -0.92585087, 0.37706518, -0.46673241;
 0, 0, 0, 1]
Ow:
[0.45095822;
 -0.13396335;
 0.87903935]
Keyframe: 89 Frame: 949 Frame from vFrameID : 950
Tcw:
[0.99250621, -0.10883851, 0.055548102, 0.45314151;
 0.095075712, 0.4022733, -0.91056949, -0.1375699;
 0.076759502, 0.90902716, 0.40960664, 0.88396311;
 0, 0, 0, 1]
Twc:
[0.99250621, 0.095075712, 0.076759502, -0.50451881;
 -0.10883851, 0.4022733, 0.90902716, -0.69888651;
 0.055548102, -0.91056949, 0.40960664, -0.51251531;
 0, 0, 0, 1]
Ow:
[0.45314151;
 -0.1375699;
 0.88396311]
Keyframe: 90 Frame: 959 Frame from vFrameID : 960
Tcw:
[0.99624485, -0.080238685, 0.032526664, 0.46397647;
 0.060963053, 0.38332617, -0.92159891, -0.13819665;
