Keyframe: 0 Frame: 0 Frame from vFrameID : 237
Tcw:
[1, 0, 0, 0;
 0, 1, 0, 0;
 0, 0, 1, 0;
 0, 0, 0, 1]
Twc:
[1, 0, 0, 0;
 0, 1, 0, 0;
 0, 0, 1, 0;
 0, 0, 0, 1]
Ow:
[0;
 0;
 0]
Keyframe: 1 Frame: 236 Frame from vFrameID : 237
Tcw:
[0.99879295, 0.0028782582, -0.049034312, 0.033427335;
 -0.00086070463, 0.99915397, 0.041117277, -0.018143285;
 0.049111176, -0.041025441, 0.99795038, 0.072022095;
 0, 0, 0, 1]
Twc:
[0.99879295, -0.00086070463, 0.049111176, -0.036939692;
 0.0028782582, 0.99915397, -0.041025441, 0.02098646;
 -0.049034312, 0.041117277, 0.99795038, -0.06948939;
 0, 0, 0, 1]
Ow:
[0.033427335;
 -0.018143285;
 0.072022095]
Keyframe: 2 Frame: 238 Frame from vFrameID : 239
Tcw:
[0.99927008, 0.0035933093, -0.038031708, 0.035730038;
 -0.0018167614, 0.99890989, 0.046644155, -0.019145934;
 0.038157858, -0.046541017, 0.9981873, 0.0791924;
 0, 0, 0, 1]
Twc:
[0.99927008, -0.0018167614, 0.038157858, -0.038760554;
 0.0035933093, 0.99890989, -0.046541017, 0.022682369;
 -0.038031708, 0.046644155, 0.9981873, -0.076796927;
 0, 0, 0, 1]
Ow:
[0.035730038;
 -0.019145934;
 0.0791924]
Keyframe: 3 Frame: 240 Frame from vFrameID : 241
Tcw:
[0.99994326, -0.00047370628, -0.01063982, 0.039410528;
 0.00064637617, 0.99986804, 0.016231075, -0.022909593;
 0.010630728, -0.016237032, 0.99981165, 0.08855056;
 0, 0, 0, 1]
Twc:
[0.99994326, 0.00064637617, 0.010630728, -0.040334839;
 -0.00047370628, 0.99986804, -0.016237032, 0.024363037;
 -0.01063982, 0.016231075, 0.99981165, -0.087742716;
 0, 0, 0, 1]
Ow:
[0.039410528;
 -0.022909593;
 0.08855056]
Keyframe: 4 Frame: 242 Frame from vFrameID : 243
Tcw:
[0.99945015, 0.0018004845, 0.033107512, 0.039817929;
 -0.0012198813, 0.99984527, -0.017548745, -0.017699135;
 -0.033133984, 0.017498709, 0.99929774, 0.093628615;
 0, 0, 0, 1]
Twc:
[0.99945015, -0.0012198813, -0.033133984, -0.036715336;
 0.0018004845, 0.99984527, 0.017498709, 0.015986325;
 0.033107512, -0.017548745, 0.99929774, -0.095191725;
 0, 0, 0, 1]
Ow:
[0.039817929;
 -0.017699135;
 0.093628615]
Keyframe: 5 Frame: 244 Frame from vFrameID : 245
Tcw:
[0.99889839, 0.0004909432, 0.046922736, 0.034747578;
 -0.00011713288, 0.99996823, -0.0079689249, -0.015461947;
 -0.046925157, 0.0079546506, 0.99886674, 0.10255668;
 0, 0, 0, 1]
Twc:
[0.99889839, -0.00011713288, -0.046925157, -0.029898625;
 0.0004909432, 0.99996823, 0.0079546506, 0.014628595;
 0.046922736, -0.0079689249, 0.99886674, -0.10419412;
 0, 0, 0, 1]
Ow:
[0.034747578;
 -0.015461947;
 0.10255668]
Keyframe: 6 Frame: 246 Frame from vFrameID : 247
Tcw:
[0.99922293, 0.0040250304, 0.039208736, 0.034861092;
 -0.0040226858, 0.99999189, -0.00013868924, -0.015498764;
 -0.039208978, -1.9142963e-05, 0.99923104, 0.10542272;
 0, 0, 0, 1]
Twc:
[0.99922293, -0.0040226858, -0.039208978, -0.030762833;
 0.0040250304, 0.99999189, -1.9142963e-05, 0.01536034;
 0.039208736, -0.00013868924, 0.99923104, -0.10671066;
 0, 0, 0, 1]
Ow:
[0.034861092;
 -0.015498764;
 0.10542272]
Keyframe: 7 Frame: 248 Frame from vFrameID : 249
Tcw:
[0.99965394, 0.0052253855, 0.025781658, 0.03568799;
 -0.0056092995, 0.99987411, 0.014841197, -0.015419578;
 -0.025700862, -0.014980678, 0.99955744, 0.11438272;
 0, 0, 0, 1]
Twc:
[0.99965394, -0.0056092995, -0.025700862, -0.0328224;
 0.0052253855, 0.99987411, -0.014980678, 0.016944684;
 0.025781658, 0.014841197, 0.99955744, -0.11502334;
 0, 0, 0, 1]
Ow:
[0.03568799;
 -0.015419578;
 0.11438272]
Keyframe: 8 Frame: 250 Frame from vFrameID : 251
Tcw:
[0.99967647, 0.00045782278, 0.02543089, 0.034850929;
 -0.00088313909, 0.99985987, 0.016715683, -0.017166641;
 -0.025419675, -0.016732736, 0.99953681, 0.11895536;
 0, 0, 0, 1]
Twc:
[0.99967647, -0.00088313909, -0.025419675, -0.031831007;
 0.00045782278, 0.99985987, -0.016732736, 0.019138729;
 0.02543089, 0.016715683, 0.99953681, -0.1194996;
 0, 0, 0, 1]
Ow:
[0.034850929;
 -0.017166641;
 0.11895536]
Keyframe: 9 Frame: 252 Frame from vFrameID : 253
Tcw:
[0.99987215, -0.015516425, 0.0038647316, 0.030245086;
 0.015598547, 0.99963158, -0.022212282, -0.024735859;
 -0.0035186526, 0.022269728, 0.99974579, 0.12846991;
 0, 0, 0, 1]
Twc:
[0.99987215, 0.015598547, -0.0035186526, -0.029403334;
 -0.015516425, 0.99963158, 0.022269728, 0.022335051;
 0.0038647316, -0.022212282, 0.99974579, -0.1291036;
 0, 0, 0, 1]
Ow:
[0.030245086;
 -0.024735859;
 0.12846991]
Keyframe: 10 Frame: 255 Frame from vFrameID : 256
Tcw:
[0.99949467, -0.024153056, -0.020664226, 0.038429521;
 0.023179393, 0.99866664, -0.046126604, -0.018449564;
 0.021750772, 0.045624312, 0.99872184, 0.13195054;
 0, 0, 0, 1]
Twc:
[0.99949467, 0.023179393, 0.021750772, -0.04085248;
 -0.024153056, 0.99866664, 0.045624312, 0.013333001;
 -0.020664226, -0.046126604, 0.99872184, -0.1318388;
 0, 0, 0, 1]
Ow:
[0.038429521;
 -0.018449564;
 0.13195054]
Keyframe: 11 Frame: 258 Frame from vFrameID : 259
Tcw:
[0.99995291, -8.3711719e-05, 0.009702581, 0.047265835;
 0.0005074545, 0.99904549, -0.043678977, -0.02142944;
 -0.0096896626, 0.043681845, 0.99899852, 0.14599857;
 0, 0, 0, 1]
Twc:
[0.99995291, 0.0005074545, -0.0096896626, -0.045838058;
 -8.3711719e-05, 0.99904549, 0.043681845, 0.015035456;
 0.009702581, -0.043678977, 0.99899852, -0.14724696;
 0, 0, 0, 1]
Ow:
[0.047265835;
 -0.02142944;
 0.14599857]
Keyframe: 12 Frame: 261 Frame from vFrameID : 262
Tcw:
[0.99956888, 0.026578946, -0.01247343, 0.052062556;
 -0.027187787, 0.99830353, -0.051486224, -0.023581361;
 0.011083821, 0.051803153, 0.99859583, 0.15557872;
 0, 0, 0, 1]
Twc:
[0.99956888, -0.027187787, 0.011083821, -0.054405641;
 0.026578946, 0.99830353, 0.051803153, 0.014098122;
 -0.01247343, -0.051486224, 0.99859583, -0.15592496;
 0, 0, 0, 1]
Ow:
[0.052062556;
 -0.023581361;
 0.15557872]
Keyframe: 13 Frame: 264 Frame from vFrameID : 265
Tcw:
[0.99879467, 0.031072069, -0.03799627, 0.05581779;
 -0.033338115, 0.99760914, -0.060536232, -0.025744246;
 0.03602444, 0.06172999, 0.99744254, 0.16330706;
 0, 0, 0, 1]
Twc:
[0.99879467, -0.033338115, 0.03602444, -0.062491823;
 0.031072069, 0.99760914, 0.06172999, 0.013867376;
 -0.03799627, -0.060536232, 0.99744254, -0.16232701;
 0, 0, 0, 1]
Ow:
[0.05581779;
 -0.025744246;
 0.16330706]
Keyframe: 14 Frame: 267 Frame from vFrameID : 268
Tcw:
[0.99760854, 0.037994713, -0.057737641, 0.063975982;
 -0.041962367, 0.99672431, -0.069136202, -0.024705391;
 0.054921702, 0.071393669, 0.99593502, 0.17538017;
 0, 0, 0, 1]
Twc:
[0.99760854, -0.041962367, 0.054921702, -0.074491851;
 0.037994713, 0.99672431, 0.071393669, 0.0096726818;
 -0.057737641, -0.069136202, 0.99593502, -0.17268147;
 0, 0, 0, 1]
Ow:
[0.063975982;
 -0.024705391;
 0.17538017]
Keyframe: 15 Frame: 270 Frame from vFrameID : 271
Tcw:
[0.99698907, 0.036636095, -0.068341911, 0.064341582;
 -0.040630609, 0.99748915, -0.058004849, -0.027150869;
 0.06604524, 0.060606975, 0.9959743, 0.1844433;
 0, 0, 0, 1]
Twc:
[0.99698907, -0.040630609, 0.06604524, -0.07743261;
 0.036636095, 0.99748915, 0.060606975, 0.013546924;
 -0.068341911, -0.058004849, 0.9959743, -0.18087843;
 0, 0, 0, 1]
Ow:
[0.064341582;
 -0.027150869;
 0.1844433]
Keyframe: 16 Frame: 274 Frame from vFrameID : 275
Tcw:
[0.99765503, 0.017894644, -0.066062033, 0.062777326;
 -0.021691684, 0.99812621, -0.057214458, -0.027917286;
 0.064914413, 0.058513291, 0.99617386, 0.19749452;
 0, 0, 0, 1]
Twc:
[0.99765503, -0.021691684, 0.064914413, -0.076055929;
 0.017894644, 0.99812621, 0.058513291, 0.015185543;
 -0.066062033, -0.057214458, 0.99617386, -0.19418895;
 0, 0, 0, 1]
Ow:
[0.062777326;
 -0.027917286;
 0.19749452]
Keyframe: 17 Frame: 278 Frame from vFrameID : 279
Tcw:
[0.99908733, -0.00044413062, -0.042712465, 0.063690141;
 -0.0021989797, 0.9980852, -0.061814576, -0.026546894;
 0.042658135, 0.061852083, 0.99717331, 0.21283019;
 0, 0, 0, 1]
Twc:
[0.99908733, -0.0021989797, 0.042658135, -0.072769329;
 -0.00044413062, 0.9980852, 0.061852083, 0.01336036;
 -0.042712465, -0.061814576, 0.99717331, -0.2111492;
 0, 0, 0, 1]
Ow:
[0.063690141;
 -0.026546894;
 0.21283019]
Keyframe: 18 Frame: 282 Frame from vFrameID : 283
Tcw:
[0.99963242, -0.025603192, 0.0089146094, 0.059710968;
 0.026214095, 0.99668998, -0.076953955, -0.023985049;
 -0.006914835, 0.07715936, 0.99699479, 0.23293515;
 0, 0, 0, 1]
Twc:
[0.99963242, 0.026214095, -0.006914835, -0.057449568;
 -0.025603192, 0.99668998, 0.07715936, 0.007461322;
 0.0089146094, -0.076953955, 0.99699479, -0.23461318;
 0, 0, 0, 1]
Ow:
[0.059710968;
 -0.023985049;
 0.23293515]
Keyframe: 19 Frame: 286 Frame from vFrameID : 287
Tcw:
[0.9992978, -0.029218471, 0.023455936, 0.057867125;
 0.030477345, 0.99800789, -0.055238836, -0.020286599;
 -0.021795215, 0.055914924, 0.99819762, 0.24696568;
 0, 0, 0, 1]
Twc:
[0.9992978, 0.030477345, -0.021795215, -0.051825542;
 -0.029218471, 0.99800789, 0.055914924, 0.0081279101;
 0.023455936, -0.055238836, 0.99819762, -0.24899849;
 0, 0, 0, 1]
Ow:
[0.057867125;
 -0.020286599;
 0.24696568]
Keyframe: 20 Frame: 290 Frame from vFrameID : 291
Tcw:
[0.9995501, -0.020889845, 0.02152097, 0.062073108;
 0.021587972, 0.99923092, -0.032734677, -0.020709757;
 -0.020820597, 0.033184543, 0.99923235, 0.26052296;
 0, 0, 0, 1]
Twc:
[0.9995501, 0.021587972, -0.020820597, -0.056173861;
 -0.020889845, 0.99923092, 0.033184543, 0.013345191;
 0.02152097, -0.032734677, 0.99923235, -0.26233676;
 0, 0, 0, 1]
Ow:
[0.062073108;
 -0.020709757;
 0.26052296]
Keyframe: 21 Frame: 294 Frame from vFrameID : 295
Tcw:
[0.99976546, -0.019093951, -0.010217734, 0.068010591;
 0.018724505, 0.99920809, -0.035107423, -0.023287825;
 0.010879982, 0.034907866, 0.9993313, 0.27279055;
 0, 0, 0, 1]
Twc:
[0.99976546, 0.018724505, 0.010879982, -0.07052654;
 -0.019093951, 0.99920809, 0.034907866, 0.015045439;
 -0.010217734, -0.035107423, 0.9993313, -0.27273083;
 0, 0, 0, 1]
Ow:
[0.068010591;
 -0.023287825;
 0.27279055]
Keyframe: 22 Frame: 298 Frame from vFrameID : 299
Tcw:
[0.99945414, -0.00040468865, -0.033034351, 0.08540874;
 -0.0012888387, 0.99868613, -0.051228255, -0.025943764;
 0.033011679, 0.051242866, 0.99814045, 0.28475025;
 0, 0, 0, 1]
Twc:
[0.99945414, -0.0012888387, 0.033011679, -0.094795637;
 -0.00040468865, 0.99868613, 0.051242866, 0.011352821;
 -0.033034351, -0.051228255, 0.99814045, -0.28272837;
 0, 0, 0, 1]
Ow:
[0.08540874;
 -0.025943764;
 0.28475025]
Keyframe: 23 Frame: 302 Frame from vFrameID : 303
Tcw:
[0.99902791, 0.027073771, -0.03478786, 0.10150775;
 -0.028877605, 0.99820638, -0.052441388, -0.029213201;
 0.033305679, 0.053395003, 0.99801791, 0.29649082;
 0, 0, 0, 1]
Twc:
[0.99902791, -0.028877605, 0.033305679, -0.11212752;
 0.027073771, 0.99820638, 0.053395003, 0.010581479;
 -0.03478786, -0.052441388, 0.99801791, -0.29390389;
 0, 0, 0, 1]
Ow:
[0.10150775;
 -0.029213201;
 0.29649082]
Keyframe: 24 Frame: 306 Frame from vFrameID : 307
Tcw:
[0.99754733, 0.045045175, -0.053575233, 0.11129451;
 -0.047383837, 0.99794155, -0.043213401, -0.033918966;
 0.051518396, 0.045646012, 0.99762833, 0.31019446;
 0, 0, 0, 1]
Twc:
[0.99754733, -0.047383837, 0.051518396, -0.12860948;
 0.045045175, 0.99794155, 0.045646012, 0.014676725;
 -0.053575233, -0.043213401, 0.99762833, -0.30496192;
 0, 0, 0, 1]
Ow:
[0.11129451;
 -0.033918966;
 0.31019446]
Keyframe: 25 Frame: 310 Frame from vFrameID : 311
Tcw:
[0.99685782, 0.035313848, -0.0709043, 0.11434946;
 -0.03853716, 0.9982605, -0.044618592, -0.034851253;
 0.069205314, 0.047210842, 0.9964847, 0.32010129;
 0, 0, 0, 1]
Twc:
[0.99685782, -0.03853716, 0.069205314, -0.13748592;
 0.035313848, 0.9982605, 0.047210842, 0.015640257;
 -0.0709043, -0.044618592, 0.9964847, -0.3124232;
 0, 0, 0, 1]
Ow:
[0.11434946;
 -0.034851253;
 0.32010129]
Keyframe: 26 Frame: 314 Frame from vFrameID : 315
Tcw:
[0.99781185, 0.019223342, -0.063260958, 0.11340088;
 -0.022182582, 0.998676, -0.046413347, -0.035030268;
 0.06228498, 0.047715079, 0.99691719, 0.33192757;
 0, 0, 0, 1]
Twc:
[0.99781185, -0.022182582, 0.06228498, -0.13460392;
 0.019223342, 0.998676, 0.047715079, 0.016965991;
 -0.063260958, -0.046413347, 0.99691719, -0.32535633;
 0, 0, 0, 1]
Ow:
[0.11340088;
 -0.035030268;
 0.33192757]
Keyframe: 27 Frame: 318 Frame from vFrameID : 319
Tcw:
[0.99932516, 0.020943264, -0.030176081, 0.11766038;
 -0.022629332, 0.998137, -0.056661312, -0.037020139;
 0.02893319, 0.057305939, 0.99793732, 0.34646446;
 0, 0, 0, 1]
Twc:
[0.99932516, -0.022629332, 0.02893319, -0.12844305;
 0.020943264, 0.998137, 0.057305939, 0.01463251;
 -0.030176081, -0.056661312, 0.99793732, -0.34429687;
 0, 0, 0, 1]
Ow:
[0.11766038;
 -0.037020139;
 0.34646446]
Keyframe: 28 Frame: 322 Frame from vFrameID : 323
Tcw:
[0.9992342, 0.018102942, -0.034688976, 0.11406918;
 -0.021299126, 0.99533463, -0.094102807, -0.035690751;
 0.032823604, 0.09476959, 0.99495798, 0.35764959;
 0, 0, 0, 1]
Twc:
[0.9992342, -0.021299126, 0.032823604, -0.12648134;
 0.018102942, 0.99533463, 0.09476959, -0.00043505232;
 -0.034688976, -0.094102807, 0.99495798, -0.35524797;
 0, 0, 0, 1]
Ow:
[0.11406918;
 -0.035690751;
 0.35764959]
Keyframe: 29 Frame: 326 Frame from vFrameID : 327
Tcw:
[0.99639392, -0.026663426, -0.080549814, 0.095315002;
 0.019515732, 0.99590671, -0.08825507, -0.029324098;
 0.082573287, 0.086364821, 0.9928357, 0.3642284;
 0, 0, 0, 1]
Twc:
[0.99639392, 0.019515732, 0.082573287, -0.12447454;
 -0.026663426, 0.99590671, 0.086364821, 0.00028896527;
 -0.080549814, -0.08825507, 0.9928357, -0.35652938;
 0, 0, 0, 1]
Ow:
[0.095315002;
 -0.029324098;
 0.3642284]
Keyframe: 30 Frame: 330 Frame from vFrameID : 331
Tcw:
[0.9914788, -0.054336671, -0.11839495, 0.099182285;
 0.050937477, 0.99820328, -0.031552158, -0.037813962;
 0.11989667, 0.025252555, 0.99246514, 0.38320637;
 0, 0, 0, 1]
Twc:
[0.9914788, 0.050937477, 0.11989667, -0.14235614;
 -0.054336671, 0.99820328, 0.025252555, 0.033458319;
 -0.11839495, -0.031552158, 0.99246514, -0.36976939;
 0, 0, 0, 1]
Ow:
[0.099182285;
 -0.037813962;
 0.38320637]
Keyframe: 31 Frame: 334 Frame from vFrameID : 335
Tcw:
[0.99575138, -0.04541393, -0.080104828, 0.11741924;
 0.040676448, 0.9973805, -0.059813324, -0.039862931;
 0.082611352, 0.056300819, 0.99499023, 0.40275085;
 0, 0, 0, 1]
Twc:
[0.99575138, 0.040676448, 0.082611352, -0.14857067;
 -0.04541393, 0.9973805, 0.056300819, 0.022415776;
 -0.080104828, -0.059813324, 0.99499023, -0.39371166;
 0, 0, 0, 1]
Ow:
[0.11741924;
 -0.039862931;
 0.40275085]
Keyframe: 32 Frame: 338 Frame from vFrameID : 339
Tcw:
[0.99961901, -0.010778392, -0.025409486, 0.12037653;
 0.0087602278, 0.99689603, -0.078240298, -0.039627127;
 0.026173921, 0.077987894, 0.99661064, 0.41847798;
 0, 0, 0, 1]
Twc:
[0.99961901, 0.0087602278, 0.026173921, -0.13093674;
 -0.010778392, 0.99689603, 0.077987894, 0.0081653707;
 -0.025409486, -0.078240298, 0.99661064, -0.41710135;
 0, 0, 0, 1]
Ow:
[0.12037653;
 -0.039627127;
 0.41847798]
Keyframe: 33 Frame: 342 Frame from vFrameID : 343
Tcw:
[0.99818534, 0.0017510604, -0.060191583, 0.12917112;
 -0.0076335622, 0.99519259, -0.097639352, -0.041221414;
 0.059731245, 0.097921647, 0.99339998, 0.43471426;
 0, 0, 0, 1]
Twc:
[0.99818534, -0.0076335622, 0.059731245, -0.15521739;
 0.0017510604, 0.99519259, 0.097921647, -0.0017708752;
 -0.060191583, -0.097639352, 0.99339998, -0.42809495;
 0, 0, 0, 1]
Ow:
[0.12917112;
 -0.041221414;
 0.43471426]
Keyframe: 34 Frame: 346 Frame from vFrameID : 347
Tcw:
[0.9989031, 0.013026306, -0.044976961, 0.13682048;
 -0.016710425, 0.99644828, -0.082532354, -0.043510962;
 0.043742124, 0.083193406, 0.99557292, 0.45033112;
 0, 0, 0, 1]
Twc:
[0.9989031, -0.016710425, 0.043742124, -0.15709594;
 0.013026306, 0.99644828, 0.083193406, 0.0041095731;
 -0.044976961, -0.082532354, 0.99557292, -0.44577479;
 0, 0, 0, 1]
Ow:
[0.13682048;
 -0.043510962;
 0.45033112]
Keyframe: 35 Frame: 350 Frame from vFrameID : 351
Tcw:
[0.99869782, 0.013744427, -0.049129598, 0.13904539;
 -0.017872302, 0.99625522, -0.084594063, -0.044816669;
 0.04778292, 0.085361972, 0.99520355, 0.46529624;
 0, 0, 0, 1]
Twc:
[0.99869782, -0.017872302, 0.04778292, -0.16189852;
 0.013744427, 0.99625522, 0.085361972, 0.0030191394;
 -0.049129598, -0.084594063, 0.99520355, -0.46002445;
 0, 0, 0, 1]
Ow:
[0.13904539;
 -0.044816669;
 0.46529624]
Keyframe: 36 Frame: 354 Frame from vFrameID : 355
Tcw:
[0.99963015, 0.005629478, -0.026605206, 0.14305007;
 -0.0077758944, 0.99666137, -0.081274904, -0.047355182;
 0.026058845, 0.081451721, 0.99633658, 0.48820347;
 0, 0, 0, 1]
Twc:
[0.99963015, -0.0077758944, 0.026058845, -0.15608743;
 0.005629478, 0.99666137, 0.081451721, 0.0066267736;
 -0.026605206, -0.081274904, 0.99633658, -0.48645785;
 0, 0, 0, 1]
Ow:
[0.14305007;
 -0.047355182;
 0.48820347]
Keyframe: 37 Frame: 358 Frame from vFrameID : 359
Tcw:
[0.99996799, 0.0075845034, -0.0025564095, 0.1424142;
 -0.007765695, 0.99672455, -0.080497809, -0.047610875;
 0.0019375001, 0.080515087, 0.99675149, 0.50690383;
 0, 0, 0, 1]
Twc:
[0.99996799, -0.007765695, 0.0019375001, -0.1437615;
 0.0075845034, 0.99672455, 0.080515087, 0.0055613834;
 -0.0025564095, -0.080497809, 0.99675149, -0.50872564;
 0, 0, 0, 1]
Ow:
[0.1424142;
 -0.047610875;
 0.50690383]
Keyframe: 38 Frame: 362 Frame from vFrameID : 363
Tcw:
[0.99996275, -0.0066615148, 0.0054841591, 0.14002602;
 0.0071481788, 0.99553573, -0.094114073, -0.050328307;
 -0.0048327344, 0.094149768, 0.99554634, 0.5224607;
 0, 0, 0, 1]
Twc:
[0.99996275, 0.0071481788, -0.0048327344, -0.13713613;
 -0.0066615148, 0.99553573, 0.094149768, 0.0018468599;
 0.0054841591, -0.094114073, 0.99554634, -0.52563834;
 0, 0, 0, 1]
Ow:
[0.14002602;
 -0.050328307;
 0.5224607]
Keyframe: 39 Frame: 367 Frame from vFrameID : 368
Tcw:
[0.99944067, -0.0091140205, 0.032176264, 0.14577784;
 0.012287203, 0.99492747, -0.09984196, -0.050441604;
 -0.031103086, 0.10018147, 0.99448293, 0.53933454;
 0, 0, 0, 1]
Twc:
[0.99944067, 0.012287203, -0.031103086, -0.12830153;
 -0.0091140205, 0.99492747, 0.10018147, -0.0025169638;
 0.032176264, -0.09984196, 0.99448293, -0.54608572;
 0, 0, 0, 1]
Ow:
[0.14577784;
 -0.050441604;
 0.53933454]
Keyframe: 40 Frame: 371 Frame from vFrameID : 372
Tcw:
[0.99953842, -0.0017795608, 0.030328171, 0.15537703;
 0.0050274041, 0.99420822, -0.10735331, -0.050220832;
 -0.029961474, 0.10745623, 0.99375826, 0.55337727;
 0, 0, 0, 1]
Twc:
[0.99953842, 0.0050274041, -0.029961474, -0.13847283;
 -0.0017795608, 0.99420822, 0.10745623, -0.009257365;
 0.030328171, -0.10735331, 0.99375826, -0.56002688;
 0, 0, 0, 1]
Ow:
[0.15537703;
 -0.050220832;
 0.55337727]
Keyframe: 41 Frame: 376 Frame from vFrameID : 377
Tcw:
[0.99987596, 0.015348976, 0.003533161, 0.17031795;
 -0.014842883, 0.99329633, -0.1146392, -0.051858872;
 -0.0052690702, 0.11457254, 0.99340093, 0.57157987;
 0, 0, 0, 1]
Twc:
[0.99987596, -0.014842883, -0.0052690702, -0.16805486;
 0.015348976, 0.99329633, 0.11457254, -0.016590338;
 0.003533161, -0.1146392, 0.99340093, -0.57435477;
 0, 0, 0, 1]
Ow:
[0.17031795;
 -0.051858872;
 0.57157987]
Keyframe: 42 Frame: 381 Frame from vFrameID : 382
Tcw:
[0.99934149, 0.034154665, -0.012250861, 0.1853378;
 -0.035225756, 0.99418688, -0.10174278, -0.058755934;
 0.0087046549, 0.10210733, 0.9947353, 0.59172559;
 0, 0, 0, 1]
Twc:
[0.99934149, -0.035225756, 0.0087046549, -0.19243623;
 0.034154665, 0.99418688, 0.10210733, -0.0083352923;
 -0.012250861, -0.10174278, 0.9947353, -0.59231782;
 0, 0, 0, 1]
Ow:
[0.1853378;
 -0.058755934;
 0.59172559]
Keyframe: 43 Frame: 386 Frame from vFrameID : 387
Tcw:
[0.99888211, 0.034895439, -0.031887051, 0.19070363;
 -0.037517458, 0.99561316, -0.085713819, -0.05899981;
 0.028756147, 0.086814322, 0.99580938, 0.6083566;
 0, 0, 0, 1]
Twc:
[0.99888211, -0.037517458, 0.028756147, -0.21019797;
 0.034895439, 0.99561316, 0.086814322, -0.00072776177;
 -0.031887051, -0.085713819, 0.99580938, -0.6047833;
 0, 0, 0, 1]
Ow:
[0.19070363;
 -0.05899981;
 0.6083566]
Keyframe: 44 Frame: 392 Frame from vFrameID : 393
Tcw:
[0.99969429, 0.018756887, -0.016108068, 0.19189617;
 -0.020215765, 0.99519753, -0.095776632, -0.061907772;
 0.014234238, 0.096072987, 0.99527252, 0.64376336;
 0, 0, 0, 1]
Twc:
[0.99969429, -0.020215765, 0.014234238, -0.20225251;
 0.018756887, 0.99519753, 0.096072987, -0.003837184;
 -0.016108068, -0.095776632, 0.99527252, -0.6435582;
 0, 0, 0, 1]
Ow:
[0.19189617;
 -0.061907772;
 0.64376336]
Keyframe: 45 Frame: 397 Frame from vFrameID : 398
Tcw:
[0.99991387, 0.012911616, -0.002359496, 0.19448866;
 -0.013102342, 0.992553, -0.12110689, -0.063352533;
 0.00077823928, 0.12112737, 0.99263668, 0.6662755;
 0, 0, 0, 1]
Twc:
[0.99991387, -0.013102342, 0.00077823928, -0.1958205;
 0.012911616, 0.992553, 0.12112737, -0.020334616;
 -0.002359496, -0.12110689, 0.99263668, -0.66858304;
 0, 0, 0, 1]
Ow:
[0.19448866;
 -0.063352533;
 0.6662755]
Keyframe: 46 Frame: 403 Frame from vFrameID : 404
Tcw:
[0.99971032, -0.0083562601, 0.022570917, 0.19367234;
 0.010747161, 0.99409539, -0.10797648, -0.065214239;
 -0.021535365, 0.10818777, 0.9938972, 0.68517101;
 0, 0, 0, 1]
Twc:
[0.99971032, 0.010747161, -0.021535365, -0.17815997;
 -0.0083562601, 0.99409539, 0.10818777, -0.0076795891;
 0.022570917, -0.10797648, 0.9938972, -0.69240254;
 0, 0, 0, 1]
Ow:
[0.19367234;
 -0.065214239;
 0.68517101]
Keyframe: 47 Frame: 408 Frame from vFrameID : 409
Tcw:
[0.99893731, -0.0037488809, 0.045936268, 0.2071925;
 0.0089268312, 0.9935503, -0.11304016, -0.066398911;
 -0.045216218, 0.1133301, 0.99252796, 0.70705968;
 0, 0, 0, 1]
Twc:
[0.99893731, 0.0089268312, -0.045216218, -0.17440902;
 -0.0037488809, 0.9935503, 0.1133301, -0.013383758;
 0.045936268, -0.11304016, 0.99252796, -0.71879995;
 0, 0, 0, 1]
Ow:
[0.2071925;
 -0.066398911;
 0.70705968]
Keyframe: 48 Frame: 413 Frame from vFrameID : 414
Tcw:
[0.99958134, 0.022752777, -0.017874427, 0.21772236;
 -0.0243984, 0.99488705, -0.09800262, -0.073015779;
 0.015553204, 0.098397695, 0.99502563, 0.73188776;
 0, 0, 0, 1]
Twc:
[0.99958134, -0.0243984, 0.015553204, -0.23079585;
 0.022752777, 0.99488705, 0.098397695, -0.0043274006;
 -0.017874427, -0.09800262, 0.99502563, -0.73151112;
 0, 0, 0, 1]
Ow:
[0.21772236;
 -0.073015779;
 0.73188776]
Keyframe: 49 Frame: 418 Frame from vFrameID : 419
Tcw:
[0.99866968, 0.043249905, -0.02807638, 0.23382042;
 -0.04614003, 0.99262351, -0.11211477, -0.073062755;
 0.023020322, 0.11326107, 0.99329853, 0.74657816;
 0, 0, 0, 1]
Twc:
[0.99866968, -0.04614003, 0.023020322, -0.25406694;
 0.043249905, 0.99262351, 0.11326107, -0.022147149;
 -0.02807638, -0.11211477, 0.99329853, -0.74320161;
 0, 0, 0, 1]
Ow:
[0.23382042;
 -0.073062755;
 0.74657816]
Keyframe: 50 Frame: 423 Frame from vFrameID : 424
Tcw:
[0.9982177, 0.04035731, -0.043963078, 0.22265311;
 -0.04403143, 0.99531394, -0.086089462, -0.076326847;
 0.040282726, 0.087871782, 0.99531698, 0.77062452;
 0, 0, 0, 1]
Twc:
[0.9982177, -0.04403143, 0.040282726, -0.2566599;
 0.04035731, 0.99531394, 0.087871782, -0.00073265086;
 -0.043963078, -0.086089462, 0.99531698, -0.76379806;
 0, 0, 0, 1]
Ow:
[0.22265311;
 -0.076326847;
 0.77062452]
Keyframe: 51 Frame: 428 Frame from vFrameID : 429
Tcw:
[0.99888939, 0.02040042, -0.042470794, 0.22321662;
 -0.023720965, 0.99657577, -0.079208717, -0.074335121;
 0.040709473, 0.080128193, 0.9959529, 0.79487884;
 0, 0, 0, 1]
Twc:
[0.99888939, -0.023720965, 0.040709473, -0.25709113;
 0.02040042, 0.99657577, 0.080128193, 0.0058346568;
 -0.042470794, -0.079208717, 0.9959529, -0.78806973;
 0, 0, 0, 1]
Ow:
[0.22321662;
 -0.074335121;
 0.79487884]
Keyframe: 52 Frame: 433 Frame from vFrameID : 434
Tcw:
[0.99952227, -0.023711158, 0.019825479, 0.21546693;
 0.025033545, 0.99727798, -0.069353573, -0.079201341;
 -0.01812706, 0.069816738, 0.9973951, 0.82606506;
 0, 0, 0, 1]
Twc:
[0.99952227, 0.025033545, -0.01812706, -0.19840716;
 -0.023711158, 0.99727798, 0.069816738, 0.026421558;
 0.019825479, -0.069353573, 0.9973951, -0.83367789;
 0, 0, 0, 1]
Ow:
[0.21546693;
 -0.079201341;
 0.82606506]
Keyframe: 53 Frame: 438 Frame from vFrameID : 439
Tcw:
[0.99895358, -0.018849637, 0.041671254, 0.2211335;
 0.022140905, 0.99655002, -0.079986282, -0.079560243;
 -0.040019777, 0.080825225, 0.99592453, 0.84346384;
 0, 0, 0, 1]
Twc:
[0.99895358, 0.022140905, -0.040019777, -0.18538532;
 -0.018849637, 0.99655002, 0.080825225, 0.015280902;
 0.041671254, -0.079986282, 0.99592453, -0.85560501;
 0, 0, 0, 1]
Ow:
[0.2211335;
 -0.079560243;
 0.84346384]
Keyframe: 54 Frame: 443 Frame from vFrameID : 444
Tcw:
[0.99934089, -0.00085249706, 0.036291372, 0.22426575;
 0.0037256097, 0.99685383, -0.079174168, -0.078953356;
 -0.036109697, 0.07925719, 0.99619997, 0.86075735;
 0, 0, 0, 1]
Twc:
[0.99934089, 0.0037256097, -0.036109697, -0.19274208;
 -0.00085249706, 0.99685383, 0.07925719, 0.01067492;
 0.036291372, -0.079174168, 0.99619997, -0.87187648;
 0, 0, 0, 1]
Ow:
[0.22426575;
 -0.078953356;
 0.86075735]
Keyframe: 55 Frame: 448 Frame from vFrameID : 449
Tcw:
[0.99986988, 0.0034024641, 0.015768927, 0.23566061;
 -0.0018102658, 0.99499524, -0.099905677, -0.084283307;
 -0.016029933, 0.099864133, 0.99487197, 0.87998337;
 0, 0, 0, 1]
Twc:
[0.99986988, -0.0018102658, -0.016029933, -0.22167645;
 0.0034024641, 0.99499524, 0.099864133, -0.004819104;
 0.015768927, -0.099905677, 0.99487197, -0.88760722;
 0, 0, 0, 1]
Ow:
[0.23566061;
 -0.084283307;
 0.87998337]
Keyframe: 56 Frame: 453 Frame from vFrameID : 454
Tcw:
[0.99951571, 0.027124513, -0.015252545, 0.25298086;
 -0.028753238, 0.99243999, -0.11931524, -0.08929076;
 0.011900867, 0.11969602, 0.99273926, 0.89893746;
 0, 0, 0, 1]
Twc:
[0.99951571, -0.028753238, 0.011900867, -0.26612389;
 0.027124513, 0.99243999, 0.11969602, -0.025845503;
 -0.015252545, -0.11931524, 0.99273926, -0.89920568;
 0, 0, 0, 1]
Ow:
[0.25298086;
 -0.08929076;
 0.89893746]
Keyframe: 57 Frame: 458 Frame from vFrameID : 459
Tcw:
[0.99907529, 0.041083742, -0.012677397, 0.26347676;
 -0.042203605, 0.99340153, -0.10664079, -0.091180086;
 0.0082125422, 0.1070772, 0.9942168, 0.91669595;
 0, 0, 0, 1]
Twc:
[0.99907529, -0.042203605, 0.0082125422, -0.27460966;
 0.041083742, 0.99340153, 0.1070772, -0.018403405;
 -0.012677397, -0.10664079, 0.9942168, -0.91777778;
 0, 0, 0, 1]
Ow:
[0.26347676;
 -0.091180086;
 0.91669595]
Keyframe: 58 Frame: 463 Frame from vFrameID : 464
Tcw:
[0.99893969, 0.046008151, 0.001637622, 0.26333639;
 -0.045668326, 0.99480122, -0.091021739, -0.092785925;
 -0.0058168503, 0.090850443, 0.99584758, 0.94123596;
 0, 0, 0, 1]
Twc:
[0.99893969, -0.045668326, -0.0058168503, -0.26181954;
 0.046008151, 0.99480122, 0.090850443, -0.0053237709;
 0.001637622, -0.091021739, 0.99584758, -0.9462043;
 0, 0, 0, 1]
Ow:
[0.26333639;
 -0.092785925;
 0.94123596]
Keyframe: 59 Frame: 468 Frame from vFrameID : 469
Tcw:
[0.99972701, 0.015868211, 0.017149841, 0.25943771;
 -0.014099908, 0.9950152, -0.098721214, -0.090532944;
 -0.018630883, 0.098452449, 0.99496734, 0.96818501;
 0, 0, 0, 1]
Twc:
[0.99972701, -0.014099908, -0.018630883, -0.24260525;
 0.015868211, 0.9950152, 0.098452449, -0.0093553364;
 0.017149841, -0.098721214, 0.99496734, -0.97669929;
 0, 0, 0, 1]
Ow:
[0.25943771;
 -0.090532944;
 0.96818501]
Keyframe: 60 Frame: 474 Frame from vFrameID : 475
Tcw:
[0.99855459, -0.0097969295, 0.052846272, 0.25766644;
 0.013622452, 0.99727374, -0.072522447, -0.094842494;
 -0.051991701, 0.073137522, 0.99596572, 0.99516046;
 0, 0, 0, 1]
Twc:
[0.99855459, 0.013622452, -0.051991701, -0.20426191;
 -0.0097969295, 0.99727374, 0.073137522, 0.024324702;
 0.052846272, -0.072522447, 0.99596572, -1.0116407;
 0, 0, 0, 1]
Ow:
[0.25766644;
 -0.094842494;
 0.99516046]
Keyframe: 61 Frame: 479 Frame from vFrameID : 480
Tcw:
[0.99925232, -0.0086827278, 0.037675664, 0.26526213;
 0.011583381, 0.9969275, -0.077468291, -0.09394528;
 -0.036887273, 0.07784678, 0.9962827, 1.0125778;
 0, 0, 0, 1]
Twc:
[0.99925232, 0.011583381, -0.036887273, -0.22662434;
 -0.0086827278, 0.9969275, 0.07784678, 0.017133918;
 0.037675664, -0.077468291, 0.9962827, -1.0260854;
 0, 0, 0, 1]
Ow:
[0.26526213;
 -0.09394528;
 1.0125778]
Keyframe: 62 Frame: 485 Frame from vFrameID : 486
Tcw:
[0.99990571, 0.00042995933, 0.013724872, 0.27686083;
 0.00064257853, 0.99694961, -0.078045592, -0.10013406;
 -0.013716562, 0.078047052, 0.99685532, 1.0358095;
 0, 0, 0, 1]
Twc:
[0.99990571, 0.00064257853, -0.013716562, -0.26256263;
 0.00042995933, 0.99694961, 0.078047052, 0.018867681;
 0.013724872, -0.078045592, 0.99685532, -1.0441672;
 0, 0, 0, 1]
Ow:
[0.27686083;
 -0.10013406;
 1.0358095]
Keyframe: 63 Frame: 490 Frame from vFrameID : 491
Tcw:
[0.99995261, 0.0097221974, -0.00051494635, 0.28329614;
 -0.0097340606, 0.99736482, -0.07189329, -0.1043687;
 -0.00018537138, 0.071894892, 0.9974122, 1.0520833;
 0, 0, 0, 1]
Twc:
[0.99995261, -0.0097340606, -0.00018537138, -0.28410363;
 0.0097221974, 0.99736482, 0.071894892, 0.025699999;
 -0.00051494635, -0.07189329, 0.9974122, -1.0567181;
 0, 0, 0, 1]
Ow:
[0.28329614;
 -0.1043687;
 1.0520833]
Keyframe: 64 Frame: 495 Frame from vFrameID : 496
Tcw:
[0.99982578, 0.0091904551, 0.016245736, 0.28829381;
 -0.0081651201, 0.9980371, -0.062091205, -0.10408659;
 -0.016784493, 0.061947741, 0.99793828, 1.0710977;
 0, 0, 0, 1]
Twc:
[0.99982578, -0.0081651201, -0.016784493, -0.27111566;
 0.0091904551, 0.9980371, 0.061947741, 0.034880638;
 0.016245736, -0.062091205, 0.99793828, -1.0800358;
 0, 0, 0, 1]
Ow:
[0.28829381;
 -0.10408659;
 1.0710977]
Keyframe: 65 Frame: 500 Frame from vFrameID : 501
Tcw:
[0.99876148, -0.0032147146, 0.049650721, 0.2844615;
 0.0070382385, 0.99700415, -0.077026822, -0.10609902;
 -0.049254358, 0.077280879, 0.99579197, 1.0978922;
 0, 0, 0, 1]
Twc:
[0.99876148, 0.0070382385, -0.049254358, -0.22928645;
 -0.0032147146, 0.99700415, 0.077280879, 0.021849573;
 0.049650721, -0.077026822, 0.99579197, -1.1155684;
 0, 0, 0, 1]
Ow:
[0.2844615;
 -0.10609902;
 1.0978922]
Keyframe: 66 Frame: 505 Frame from vFrameID : 506
Tcw:
[0.99803382, -0.024473999, 0.057701584, 0.28699848;
 0.029064439, 0.99636245, -0.080107346, -0.10610959;
 -0.055531144, 0.081626907, 0.99511474, 1.1170849;
 0, 0, 0, 1]
Twc:
[0.99803382, 0.029064439, -0.055531144, -0.22131719;
 -0.024473999, 0.99636245, 0.081626907, 0.021563429;
 0.057701584, -0.080107346, 0.99511474, -1.136688;
 0, 0, 0, 1]
Ow:
[0.28699848;
 -0.10610959;
 1.1170849]
Keyframe: 67 Frame: 510 Frame from vFrameID : 511
Tcw:
[0.99669367, -0.027901825, 0.076309785, 0.29408556;
 0.032609522, 0.99759525, -0.061158322, -0.10898508;
 -0.074419849, 0.06344454, 0.99520677, 1.1381836;
 0, 0, 0, 1]
Twc:
[0.99669367, 0.032609522, -0.074419849, -0.20485581;
 -0.027901825, 0.99759525, 0.06344454, 0.044716988;
 0.076309785, -0.061158322, 0.99520677, -1.161835;
 0, 0, 0, 1]
Ow:
[0.29408556;
 -0.10898508;
 1.1381836]
Keyframe: 68 Frame: 516 Frame from vFrameID : 517
Tcw:
[0.99871856, -0.017038073, 0.047654897, 0.30648667;
 0.020260163, 0.99748176, -0.067968495, -0.11249271;
 -0.046376836, 0.068846889, 0.99654871, 1.1631891;
 0, 0, 0, 1]
Twc:
[0.99871856, 0.020260163, -0.046376836, -0.24986978;
 -0.017038073, 0.99748176, 0.068846889, 0.037349418;
 0.047654897, -0.067968495, 0.99654871, -1.181426;
 0, 0, 0, 1]
Ow:
[0.30648667;
 -0.11249271;
 1.1631891]
Keyframe: 69 Frame: 522 Frame from vFrameID : 523
Tcw:
[0.99925214, -0.0057104072, 0.038242713, 0.31422472;
 0.0079299584, 0.99827689, -0.058140781, -0.11666045;
 -0.037844807, 0.058400564, 0.99757564, 1.1851927;
 0, 0, 0, 1]
Twc:
[0.99925214, 0.0079299584, -0.037844807, -0.26821122;
 -0.0057104072, 0.99827689, 0.058400564, 0.049037866;
 0.038242713, -0.058140781, 0.99757564, -1.2011188;
 0, 0, 0, 1]
Ow:
[0.31422472;
 -0.11666045;
 1.1851927]
Keyframe: 70 Frame: 527 Frame from vFrameID : 528
Tcw:
[0.99820411, -0.022790251, 0.055399571, 0.31279135;
 0.026814857, 0.99696964, -0.073024273, -0.11559574;
 -0.053567447, 0.074378662, 0.9957903, 1.2032223;
 0, 0, 0, 1]
Twc:
[0.99820411, 0.026814857, -0.053567447, -0.2446764;
 -0.022790251, 0.99696964, 0.074378662, 0.032879967;
 0.055399571, -0.073024273, 0.9957903, -1.2239269;
 0, 0, 0, 1]
Ow:
[0.31279135;
 -0.11559574;
 1.2032223]
Keyframe: 71 Frame: 533 Frame from vFrameID : 534
Tcw:
[0.99624288, -0.030977264, 0.080873199, 0.30388105;
 0.038081605, 0.99540681, -0.08783564, -0.11964225;
 -0.077780828, 0.090585411, 0.99284661, 1.2201124;
 0, 0, 0, 1]
Twc:
[0.99624288, 0.038081605, -0.077780828, -0.20328185;
 -0.030977264, 0.99540681, 0.090585411, 0.017981716;
 0.080873199, -0.08783564, 0.99284661, -1.2464693;
 0, 0, 0, 1]
Ow:
[0.30388105;
 -0.11964225;
 1.2201124]
Keyframe: 72 Frame: 538 Frame from vFrameID : 539
Tcw:
[0.99533582, -0.029612472, 0.091813371, 0.30579239;
 0.036977816, 0.99614185, -0.079586685, -0.11825328;
 -0.08910238, 0.082610533, 0.99259067, 1.2336386;
 0, 0, 0, 1]
Twc:
[0.99533582, 0.036977816, -0.08910238, -0.19007321;
 -0.029612472, 0.99614185, 0.082610533, 0.024940763;
 0.091813371, -0.079586685, 0.99259067, -1.2619854;
 0, 0, 0, 1]
Ow:
[0.30579239;
 -0.11825328;
 1.2336386]
Keyframe: 73 Frame: 543 Frame from vFrameID : 544
Tcw:
[0.99695766, -0.015785968, 0.076329477, 0.31352305;
 0.019829197, 0.9984237, -0.052506398, -0.12082905;
 -0.075380296, 0.05386021, 0.99569917, 1.2495201;
 0, 0, 0, 1]
Twc:
[0.99695766, 0.019829197, -0.075380296, -0.21598408;
 -0.015785968, 0.9984237, 0.05386021, 0.058288425;
 0.076329477, -0.052506398, 0.99569917, -1.2744216;
 0, 0, 0, 1]
Ow:
[0.31352305;
 -0.12082905;
 1.2495201]
Keyframe: 74 Frame: 548 Frame from vFrameID : 549
Tcw:
[0.99841344, -0.0017727602, 0.056279775, 0.32369417;
 0.0051968601, 0.99813932, -0.060752794, -0.12535763;
 -0.056067355, 0.060948886, 0.99656492, 1.2677007;
 0, 0, 0, 1]
Twc:
[0.99841344, 0.0051968601, -0.056067355, -0.25145251;
 -0.0017727602, 0.99813932, 0.060948886, 0.048433259;
 0.056279775, -0.060752794, 0.99656492, -1.2891793;
 0, 0, 0, 1]
Ow:
[0.32369417;
 -0.12535763;
 1.2677007]
Keyframe: 75 Frame: 553 Frame from vFrameID : 554
Tcw:
[0.9994188, 0.0076556839, 0.0332187, 0.33250722;
 -0.0055632801, 0.9980213, -0.062630065, -0.12714529;
 -0.033632446, 0.062408857, 0.99748385, 1.2795118;
 0, 0, 0, 1]
Twc:
[0.9994188, -0.0055632801, -0.033632446, -0.28998819;
 0.0076556839, 0.9980213, 0.062408857, 0.04449527;
 0.0332187, -0.062630065, 0.99748385, -1.295301;
 0, 0, 0, 1]
Ow:
[0.33250722;
 -0.12714529;
 1.2795118]
Keyframe: 76 Frame: 558 Frame from vFrameID : 559
Tcw:
[0.99908596, 0.0017741544, 0.042709917, 0.33347815;
 0.00062110467, 0.99843037, -0.056003541, -0.12695763;
 -0.042742237, 0.055978876, 0.99751663, 1.2946627;
 0, 0, 0, 1]
Twc:
[0.99908596, 0.00062110467, -0.042742237, -0.27775767;
 0.0017741544, 0.99843037, 0.055978876, 0.053692941;
 0.042709917, -0.056003541, 0.99751663, -1.3128005;
 0, 0, 0, 1]
Ow:
[0.33347815;
 -0.12695763;
 1.2946627]
Keyframe: 77 Frame: 563 Frame from vFrameID : 564
Tcw:
[0.99767435, -0.015413547, 0.066395409, 0.335136;
 0.019752963, 0.99767637, -0.065204695, -0.12859991;
 -0.065236092, 0.066364557, 0.9956606, 1.3148208;
 0, 0, 0, 1]
Twc:
[0.99767435, 0.019752963, -0.065236092, -0.24604258;
 -0.015413547, 0.99767637, 0.066364557, 0.046209242;
 0.066395409, -0.065204695, 0.9956606, -1.339752;
 0, 0, 0, 1]
Ow:
[0.335136;
 -0.12859991;
 1.3148208]
Keyframe: 78 Frame: 569 Frame from vFrameID : 570
Tcw:
[0.99728251, -0.026832465, 0.06861233, 0.33675745;
 0.02929385, 0.99895358, -0.035122804, -0.13031329;
 -0.067598097, 0.037037279, 0.99702495, 1.336547;
 0, 0, 0, 1]
Twc:
[0.99728251, 0.02929385, -0.067598097, -0.2416769;
 -0.026832465, 0.99895358, 0.037037279, 0.089710906;
 0.06861233, -0.035122804, 0.99702495, -1.3602533;
 0, 0, 0, 1]
Ow:
[0.33675745;
 -0.13031329;
 1.336547]
Keyframe: 79 Frame: 575 Frame from vFrameID : 576
Tcw:
[0.99820375, 0.0062483451, 0.059583873, 0.34898067;
 -0.0034717203, 0.99890804, -0.046590425, -0.13192329;
 -0.059809919, 0.046299879, 0.99713546, 1.352755;
 0, 0, 0, 1]
Twc:
[0.99820375, -0.0034717203, -0.059809919, -0.26790363;
 0.0062483451, 0.99890804, 0.046299879, 0.06696631;
 0.059583873, -0.046590425, 0.99713546, -1.3758198;
 0, 0, 0, 1]
Ow:
[0.34898067;
 -0.13192329;
 1.352755]
Keyframe: 80 Frame: 580 Frame from vFrameID : 581
Tcw:
[0.9998666, 0.010501876, 0.012509495, 0.35551041;
 -0.0096038813, 0.99751472, -0.069801077, -0.13680732;
 -0.013211448, 0.069671631, 0.99748248, 1.3643874;
 0, 0, 0, 1]
Twc:
[0.9998666, -0.0096038813, -0.013211448, -0.33875132;
 0.010501876, 0.99751472, 0.069671631, 0.037674699;
 0.012509495, -0.069801077, 0.99748248, -1.3749491;
 0, 0, 0, 1]
Ow:
[0.35551041;
 -0.13680732;
 1.3643874]
Keyframe: 81 Frame: 585 Frame from vFrameID : 586
Tcw:
[0.99970448, 0.012041215, 0.021118429, 0.36097425;
 -0.010890609, 0.99849355, -0.053776983, -0.13707495;
 -0.021734156, 0.053531099, 0.99832964, 1.3772572;
 0, 0, 0, 1]
Twc:
[0.99970448, -0.010890609, -0.021734156, -0.33242688;
 0.012041215, 0.99849355, 0.053531099, 0.058795799;
 0.021118429, -0.053776983, 0.99832964, -1.3899513;
 0, 0, 0, 1]
Ow:
[0.36097425;
 -0.13707495;
 1.3772572]
Keyframe: 82 Frame: 591 Frame from vFrameID : 592
Tcw:
[0.99856383, -0.0089821825, 0.052816454, 0.36013803;
 0.011422671, 0.99887204, -0.0460882, -0.13787454;
 -0.052342907, 0.046625316, 0.99754012, 1.3978589;
 0, 0, 0, 1]
Twc:
[0.99856383, 0.011422671, -0.052342907, -0.28487793;
 -0.0089821825, 0.99887204, 0.046625316, 0.075778238;
 0.052816454, -0.0460882, 0.99754012, -1.4197959;
 0, 0, 0, 1]
Ow:
[0.36013803;
 -0.13787454;
 1.3978589]
Keyframe: 83 Frame: 596 Frame from vFrameID : 597
Tcw:
[0.99881423, -0.025415905, 0.041523043, 0.35692823;
 0.02906361, 0.99554038, -0.089747474, -0.14123325;
 -0.039056852, 0.090847865, 0.99509859, 1.4104017;
 0, 0, 0, 1]
Twc:
[0.99881423, 0.02906361, -0.039056852, -0.29731441;
 -0.025415905, 0.99554038, 0.090847865, 0.021543074;
 0.041523043, -0.089747474, 0.99509859, -1.4309849;
 0, 0, 0, 1]
Ow:
[0.35692823;
 -0.14123325;
 1.4104017]
Keyframe: 84 Frame: 602 Frame from vFrameID : 603
Tcw:
[0.99794841, -0.019334061, 0.061033722, 0.36398873;
 0.02229657, 0.99858701, -0.048237022, -0.13900138;
 -0.060014866, 0.049498901, 0.99696946, 1.4294926;
 0, 0, 0, 1]
Twc:
[0.99794841, 0.02229657, -0.060014866, -0.27435192;
 -0.019334061, 0.99858701, 0.049498901, 0.075084046;
 0.061033722, -0.048237022, 0.99696946, -1.4540811;
 0, 0, 0, 1]
Ow:
[0.36398873;
 -0.13900138;
 1.4294926]
Keyframe: 85 Frame: 607 Frame from vFrameID : 608
Tcw:
[0.99934584, -0.00692573, 0.035495937, 0.37036875;
 0.0081458101, 0.99937689, -0.034343854, -0.14322531;
 -0.035235964, 0.034610528, 0.99877954, 1.4418477;
 0, 0, 0, 1]
Twc:
[0.99934584, 0.0081458101, -0.035235964, -0.3181549;
 -0.00692573, 0.99937689, 0.034610528, 0.09579803;
 0.035495937, -0.034343854, 0.99877954, -1.4581535;
 0, 0, 0, 1]
Ow:
[0.37036875;
 -0.14322531;
 1.4418477]
Keyframe: 86 Frame: 612 Frame from vFrameID : 613
Tcw:
[0.99960387, 0.0028024875, 0.028005052, 0.37838489;
 -0.0017440604, 0.99928582, -0.037747346, -0.14762928;
 -0.028090838, 0.03768355, 0.99889481, 1.4530734;
 0, 0, 0, 1]
Twc:
[0.99960387, -0.0017440604, -0.028090838, -0.33767441;
 0.0028024875, 0.99928582, 0.03768355, 0.091706462;
 0.028005052, -0.037747346, 0.99889481, -1.4676367;
 0, 0, 0, 1]
Ow:
[0.37838489;
 -0.14762928;
 1.4530734]
Keyframe: 87 Frame: 618 Frame from vFrameID : 619
Tcw:
[0.99975818, -0.0048890868, 0.021438975, 0.38477337;
 0.0060802954, 0.99842042, -0.055854414, -0.14513914;
 -0.021132033, 0.055971265, 0.9982087, 1.4690037;
 0, 0, 0, 1]
Twc:
[0.99975818, 0.0060802954, -0.021132033, -0.3527548;
 -0.0048890868, 0.99842042, 0.055971265, 0.064569086;
 0.021438975, -0.055854414, 0.9982087, -1.4827281;
 0, 0, 0, 1]
Ow:
[0.38477337;
 -0.14513914;
 1.4690037]
Keyframe: 88 Frame: 624 Frame from vFrameID : 625
Tcw:
[0.99745011, -0.014378318, 0.069903925, 0.38830197;
 0.018037224, 0.99848437, -0.051995728, -0.14712141;
 -0.069050364, 0.053124018, 0.9961977, 1.4898447;
 0, 0, 0, 1]
Twc:
[0.99745011, 0.018037224, -0.069050364, -0.28178385;
 -0.014378318, 0.99848437, 0.053124018, 0.073335037;
 0.069903925, -0.051995728, 0.9961977, -1.5189734;
 0, 0, 0, 1]
Ow:
[0.38830197;
 -0.14712141;
 1.4898447]
Keyframe: 89 Frame: 630 Frame from vFrameID : 631
Tcw:
[0.99607033, -0.032039575, 0.082567431, 0.38966629;
 0.037018202, 0.99754232, -0.059489537, -0.14679135;
 -0.080458485, 0.06231226, 0.99480832, 1.5081954;
 0, 0, 0, 1]
Twc:
[0.99607033, 0.037018202, -0.080458485, -0.26135397;
 -0.032039575, 0.99754232, 0.06231226, 0.064936258;
 0.082567431, -0.059489537, 0.99480832, -1.5412717;
 0, 0, 0, 1]
Ow:
[0.38966629;
 -0.14679135;
 1.5081954]
Keyframe: 90 Frame: 635 Frame from vFrameID : 636
Tcw:
