Keyframe: 0 Frame: 0 Frame from vFrameID : 67
Tcw:
[0.99973851, 0.018028179, 0.01406645, 0.036324721;
 -0.0026000501, 0.70078641, -0.71336639, -0.074630409;
 -0.022718275, 0.71314329, 0.70065004, 0.00497609;
 0, 0, 0, 1]
Twc:
[0.99973851, -0.0026000501, -0.022718275, -0.03639622;
 0.018028179, 0.70078641, 0.71314329, 0.048096444;
 0.01406645, -0.71336639, 0.70065004, -0.057236284;
 0, 0, 0, 1]
Ow:
[0.036324721;
 -0.074630409;
 0.00497609]
Keyframe: 1 Frame: 66 Frame from vFrameID : 67
Tcw:
[0.99981898, 0.015563591, 0.010945548, 0.036502667;
 -0.0031982984, 0.70454502, -0.70965213, -0.074329786;
 -0.018756365, 0.70948863, 0.70446724, 0.0047989152;
 0, 0, 0, 1]
Twc:
[0.99981898, -0.0031982984, -0.018756365, -0.036643777;
 0.015563591, 0.70454502, 0.70948863, 0.048395786;
 0.010945548, -0.70965213, 0.70446724, -0.056528509;
 0, 0, 0, 1]
Ow:
[0.036502667;
 -0.074329786;
 0.0047989152]
Keyframe: 2 Frame: 68 Frame from vFrameID : 69
Tcw:
[0.99983799, 0.016917711, 0.0061503914, 0.03677173;
 -0.0077193752, 0.71161693, -0.70252526, -0.074348465;
 -0.016261842, 0.70236391, 0.71163225, 0.004807312;
 0, 0, 0, 1]
Twc:
[0.99983799, -0.0077193752, -0.016261842, -0.037261516;
 0.016917711, 0.71161693, 0.70236391, 0.048909053;
 0.0061503914, -0.70252526, 0.71163225, -0.055878866;
 0, 0, 0, 1]
Ow:
[0.03677173;
 -0.074348465;
 0.004807312]
Keyframe: 3 Frame: 70 Frame from vFrameID : 71
Tcw:
[0.99992132, 0.01165633, -0.0046407743, 0.036682412;
 -0.011563705, 0.71275938, -0.70131332, -0.074393705;
 -0.0048669842, 0.70131177, 0.71283805, 0.0048064291;
 0, 0, 0, 1]
Twc:
[0.99992132, -0.011563705, -0.0048669842, -0.037516396;
 0.01165633, 0.71275938, 0.70131177, 0.049226426;
 -0.0046407743, -0.70131332, 0.71283805, -0.055429269;
 0, 0, 0, 1]
Ow:
[0.036682412;
 -0.074393705;
 0.0048064291]
Keyframe: 4 Frame: 71 Frame from vFrameID : 72
Tcw:
[0.99993289, 0.005812631, -0.010023139, 0.036661901;
 -0.011177075, 0.71186668, -0.70222569, -0.07427869;
 0.0030533604, 0.70229059, 0.71188384, 0.0046727285;
 0, 0, 0, 1]
Twc:
[0.99993289, -0.011177075, 0.0030533604, -0.037503924;
 0.005812631, 0.71186668, 0.70229059, 0.049381807;
 -0.010023139, -0.70222569, 0.71188384, -0.055119377;
 0, 0, 0, 1]
Ow:
[0.036661901;
 -0.07427869;
 0.0046727285]
Keyframe: 5 Frame: 72 Frame from vFrameID : 73
Tcw:
[0.9998523, 0.0015480202, -0.017117023, 0.036676932;
 -0.013137745, 0.71095502, -0.70311475, -0.074217662;
 0.011080997, 0.70323581, 0.71087033, 0.0045450851;
 0, 0, 0, 1]
Twc:
[0.9998523, -0.013137745, 0.011080997, -0.037696935;
 0.0015480202, 0.71095502, 0.70323581, 0.049512379;
 -0.017117023, -0.70311475, 0.71087033, -0.054786701;
 0, 0, 0, 1]
Ow:
[0.036676932;
 -0.074217662;
 0.0045450851]
Keyframe: 6 Frame: 73 Frame from vFrameID : 74
Tcw:
[0.99970454, -0.0017443793, -0.024243889, 0.036821924;
 -0.015815504, 0.71072239, -0.70329475, -0.074102238;
 0.018457487, 0.70347041, 0.7104848, 0.0043326356;
 0, 0, 0, 1]
Twc:
[0.99970454, -0.015815504, 0.018457487, -0.038062979;
 -0.0017443793, 0.71072239, 0.70347041, 0.049682476;
 -0.024243889, -0.70329475, 0.7104848, -0.054301288;
 0, 0, 0, 1]
Ow:
[0.036821924;
 -0.074102238;
 0.0043326356]
Keyframe: 7 Frame: 74 Frame from vFrameID : 75
Tcw:
[0.99958807, -0.00487808, -0.028282752, 0.036936197;
 -0.016454952, 0.7099914, -0.70401806, -0.073986642;
 0.023514768, 0.70419341, 0.70961869, 0.0042499565;
 0, 0, 0, 1]
Twc:
[0.99958807, -0.016454952, 0.023514768, -0.038238365;
 -0.00487808, 0.7099914, 0.70419341, 0.04971727;
 -0.028282752, -0.70401806, 0.70961869, -0.054059122;
 0, 0, 0, 1]
Ow:
[0.036936197;
 -0.073986642;
 0.0042499565]
Keyframe: 8 Frame: 75 Frame from vFrameID : 76
Tcw:
[0.99931604, -0.0087511009, -0.035929192, 0.03693657;
 -0.018945808, 0.71323556, -0.70066833, -0.073625103;
 0.031757597, 0.7008698, 0.71258193, 0.0036111251;
 0, 0, 0, 1]
Twc:
[0.99931604, -0.018945808, 0.031757597, -0.038420875;
 -0.0087511009, 0.71323556, 0.7008698, 0.050304353;
 -0.035929192, -0.70066833, 0.71258193, -0.052832901;
 0, 0, 0, 1]
Ow:
[0.03693657;
 -0.073625103;
 0.0036111251]
Keyframe: 9 Frame: 76 Frame from vFrameID : 77
Tcw:
[0.9993124, -0.0085314941, -0.036081612, 0.036946896;
 -0.019210424, 0.71320909, -0.70068806, -0.073572993;
 0.031711649, 0.70089942, 0.71255481, 0.0035987645;
 0, 0, 0, 1]
Twc:
[0.9993124, -0.019210424, 0.031711649, -0.038448989;
 -0.0085314941, 0.71320909, 0.70089942, 0.050265767;
 -0.036081612, -0.70068806, 0.71255481, -0.052782934;
 0, 0, 0, 1]
Ow:
[0.036946896;
 -0.073572993;
 0.0035987645]
Keyframe: 10 Frame: 77 Frame from vFrameID : 78
Tcw:
[0.99914712, -0.012028778, -0.039501049, 0.036805622;
 -0.018966265, 0.71605366, -0.69778752, -0.073568478;
 0.0366784, 0.6979416, 0.71521479, 0.0035770684;
 0, 0, 0, 1]
Twc:
[0.99914712, -0.018966265, 0.0366784, -0.038300753;
 -0.012028778, 0.71605366, 0.6979416, 0.050625119;
 -0.039501049, -0.69778752, 0.71521479, -0.052439678;
 0, 0, 0, 1]
Ow:
[0.036805622;
 -0.073568478;
 0.0035770684]
Keyframe: 11 Frame: 79 Frame from vFrameID : 80
Tcw:
[0.99895215, -0.024121203, -0.038893938, 0.036912866;
 -0.0098138312, 0.71716809, -0.69683111, -0.073414132;
 0.044701897, 0.69648266, 0.71617991, 0.0034247674;
 0, 0, 0, 1]
Twc:
[0.99895215, -0.0098138312, 0.044701897, -0.037747759;
 -0.024121203, 0.71716809, 0.69648266, 0.051155366;
 -0.038893938, -0.69683111, 0.71617991, -0.052174315;
 0, 0, 0, 1]
Ow:
[0.036912866;
 -0.073414132;
 0.0034247674]
Keyframe: 12 Frame: 82 Frame from vFrameID : 83
Tcw:
[0.99918777, -0.016275002, -0.03686427, 0.036554091;
 -0.01392545, 0.71900058, -0.69487, -0.073896259;
 0.037814442, 0.69481891, 0.7181899, 0.0035286136;
 0, 0, 0, 1]
Twc:
[0.99918777, -0.01392545, 0.037814442, -0.03768687;
 -0.016275002, 0.71900058, 0.69481891, 0.051274616;
 -0.03686427, -0.69487, 0.7181899, -0.05253496;
 0, 0, 0, 1]
Ow:
[0.036554091;
 -0.073896259;
 0.0035286136]
Keyframe: 13 Frame: 86 Frame from vFrameID : 87
Tcw:
[0.99973994, -0.0051628049, -0.022212524, 0.036206082;
 -0.012085984, 0.70604032, -0.70806849, -0.07394693;
 0.019338557, 0.70815283, 0.70579427, 0.0036164001;
 0, 0, 0, 1]
Twc:
[0.99973994, -0.012085984, 0.019338557, -0.037160322;
 -0.0051628049, 0.70604032, 0.70815283, 0.049835473;
 -0.022212524, -0.70806849, 0.70579427, -0.0541077;
 0, 0, 0, 1]
Ow:
[0.036206082;
 -0.07394693;
 0.0036164001]
Keyframe: 14 Frame: 88 Frame from vFrameID : 89
Tcw:
[0.99979198, 0.0059024463, -0.019522808, 0.035909064;
 -0.018009566, 0.7047525, -0.70922458, -0.073752463;
 0.0095725888, 0.70942867, 0.70471221, 0.0035396665;
 0, 0, 0, 1]
Twc:
[0.99979198, -0.018009566, 0.0095725888, -0.037263732;
 0.0059024463, 0.7047525, 0.70942867, 0.049254142;
 -0.019522808, -0.70922458, 0.70471221, -0.054100461;
 0, 0, 0, 1]
Ow:
[0.035909064;
 -0.073752463;
 0.0035396665]
Keyframe: 15 Frame: 90 Frame from vFrameID : 91
Tcw:
[0.99986368, 0.0074000452, -0.014759976, 0.035094354;
 -0.015687441, 0.70459419, -0.70943707, -0.073439002;
 0.0051499265, 0.7095719, 0.70461422, 0.0030307285;
 0, 0, 0, 1]
Twc:
[0.99986368, -0.015687441, 0.0051499265, -0.036257252;
 0.0074000452, 0.70459419, 0.7095719, 0.04933447;
 -0.014759976, -0.70943707, 0.70461422, -0.053717848;
 0, 0, 0, 1]
Ow:
[0.035094354;
 -0.073439002;
 0.0030307285]
Keyframe: 16 Frame: 93 Frame from vFrameID : 94
Tcw:
[0.99991524, -0.0034555332, -0.012554889, 0.034288913;
 -0.006400757, 0.70920283, -0.70497549, -0.072996512;
 0.011340029, 0.70499605, 0.70912057, 0.0029875711;
 0, 0, 0, 1]
Twc:
[0.99991524, -0.006400757, 0.011340029, -0.034787115;
 -0.0034555332, 0.70920283, 0.70499605, 0.049781594;
 -0.012554889, -0.70497549, 0.70912057, -0.053148802;
 0, 0, 0, 1]
Ow:
[0.034288913;
 -0.072996512;
 0.0029875711]
Keyframe: 17 Frame: 98 Frame from vFrameID : 99
Tcw:
[0.9998619, -0.016222592, 0.0036044877, 0.034695927;
 0.014115429, 0.7145896, -0.6994015, -0.07291615;
 0.0087703764, 0.69935578, 0.71471989, 0.0036202855;
 0, 0, 0, 1]
Twc:
[0.9998619, 0.014115429, 0.0087703764, -0.033693641;
 -0.016222592, 0.7145896, 0.69935578, 0.050136112;
 0.0036044877, -0.6994015, 0.71471989, -0.053710215;
 0, 0, 0, 1]
Ow:
[0.034695927;
 -0.07291615;
 0.0036202855]
Keyframe: 18 Frame: 103 Frame from vFrameID : 104
Tcw:
[0.99998659, -0.0016626525, 0.0049005686, 0.035460528;
 0.0046008895, 0.71914351, -0.69484639, -0.073128209;
 -0.002368924, 0.69485962, 0.71914148, 0.0052977577;
 0, 0, 0, 1]
Twc:
[0.99998659, 0.0046008895, -0.002368924, -0.035111047;
 -0.0016626525, 0.71914351, 0.69485962, 0.048967436;
 0.0049005686, -0.69484639, 0.71914148, -0.054796487;
 0, 0, 0, 1]
Ow:
[0.035460528;
 -0.073128209;
 0.0052977577]
Keyframe: 19 Frame: 109 Frame from vFrameID : 110
Tcw:
[0.99943274, 0.031121433, -0.012870105, 0.036756571;
 -0.031386234, 0.72218037, -0.69099236, -0.074507579;
 -0.012210136, 0.69100434, 0.72274745, 0.0077549145;
 0, 0, 0, 1]
Twc:
[0.99943274, -0.031386234, -0.012210136, -0.038979542;
 0.031121433, 0.72218037, 0.69100434, 0.047305308;
 -0.012870105, -0.69099236, 0.72274745, -0.056615952;
 0, 0, 0, 1]
Ow:
[0.036756571;
 -0.074507579;
 0.0077549145]
Keyframe: 20 Frame: 116 Frame from vFrameID : 117
Tcw:
[0.9980002, 0.063207217, -0.00070380652, 0.039260559;
 -0.046603337, 0.72822231, -0.68375462, -0.073157728;
 -0.0427057, 0.68242002, 0.72971171, 0.015581395;
 0, 0, 0, 1]
Twc:
[0.9980002, -0.046603337, -0.0427057, -0.041926023;
 0.063207217, 0.72822231, 0.68242002, 0.040160488;
 -0.00070380652, -0.68375462, 0.72971171, -0.06136423;
 0, 0, 0, 1]
Ow:
[0.039260559;
 -0.073157728;
 0.015581395]
Keyframe: 21 Frame: 123 Frame from vFrameID : 124
Tcw:
[0.99642366, 0.07452333, 0.039826442, 0.040382743;
 -0.026133446, 0.72001815, -0.69346297, -0.073731676;
 -0.080354929, 0.68994212, 0.71939069, 0.023511725;
 0, 0, 0, 1]
Twc:
[0.99642366, -0.026133446, -0.080354929, -0.040275902;
 0.07452333, 0.72001815, 0.68994212, 0.033856962;
 0.039826442, -0.69346297, 0.71939069, -0.069652602;
 0, 0, 0, 1]
Ow:
[0.040382743;
 -0.073731676;
 0.023511725]
Keyframe: 22 Frame: 130 Frame from vFrameID : 131
Tcw:
[0.99666822, 0.065195397, 0.049010273, 0.039759185;
 -0.011648726, 0.70851177, -0.70560288, -0.072624691;
 -0.080726415, 0.70268106, 0.70691061, 0.029517127;
 0, 0, 0, 1]
Twc:
[0.99666822, -0.011648726, -0.080726415, -0.03808989;
 0.065195397, 0.70851177, 0.70268106, 0.028122205;
 0.049010273, -0.70560288, 0.70691061, -0.074058764;
 0, 0, 0, 1]
Ow:
[0.039759185;
 -0.072624691;
 0.029517127]
Keyframe: 23 Frame: 136 Frame from vFrameID : 137
Tcw:
[0.99770761, 0.059298474, 0.032606773, 0.042141225;
 -0.019267524, 0.71080875, -0.70312136, -0.072264612;
 -0.064871207, 0.7008813, 0.71032184, 0.03543989;
 0, 0, 0, 1]
Twc:
[0.99770761, -0.019267524, -0.064871207, -0.041137952;
 0.059298474, 0.71080875, 0.7008813, 0.024028251;
 0.032606773, -0.70312136, 0.71032184, -0.077358611;
 0, 0, 0, 1]
Ow:
[0.042141225;
 -0.072264612;
 0.03543989]
Keyframe: 24 Frame: 143 Frame from vFrameID : 144
Tcw:
[0.99927837, 0.037912272, 0.0023359447, 0.045192931;
 -0.024969988, 0.70200336, -0.71173579, -0.072141819;
 -0.028623361, 0.71116382, 0.70244342, 0.04202769;
 0, 0, 0, 1]
Twc:
[0.99927837, -0.024969988, -0.028623361, -0.045758724;
 0.037912272, 0.70200336, 0.71116382, 0.019041859;
 0.0023359447, -0.71173579, 0.70244342, -0.080973551;
 0, 0, 0, 1]
Ow:
[0.045192931;
 -0.072141819;
 0.04202769]
Keyframe: 25 Frame: 150 Frame from vFrameID : 151
Tcw:
[0.99965036, 0.02478442, 0.0092157423, 0.046920277;
 -0.010825503, 0.7015729, -0.71251547, -0.072018921;
 -0.024124797, 0.71216655, 0.70159584, 0.047505222;
 0, 0, 0, 1]
Twc:
[0.99965036, -0.010825503, -0.024124797, -0.046537459;
 0.02478442, 0.7015729, 0.71216655, 0.015531994;
 0.0092157423, -0.71251547, 0.70159584, -0.085076466;
 0, 0, 0, 1]
Ow:
[0.046920277;
 -0.072018921;
 0.047505222]
Keyframe: 26 Frame: 157 Frame from vFrameID : 158
Tcw:
[0.99862057, 0.040695798, 0.033179317, 0.04973194;
 -0.004035044, 0.68950909, -0.72426581, -0.068123899;
 -0.052352015, 0.72313285, 0.68872213, 0.059369147;
 0, 0, 0, 1]
Twc:
[0.99862057, -0.004035044, -0.052352015, -0.046830125;
 0.040695798, 0.68950909, 0.72313285, 0.0020163853;
 0.033179317, -0.72426581, 0.68872213, -0.091878727;
 0, 0, 0, 1]
Ow:
[0.04973194;
 -0.068123899;
 0.059369147]
Keyframe: 27 Frame: 163 Frame from vFrameID : 164
Tcw:
[0.99805892, 0.038658056, 0.048826311, 0.055524144;
 0.0078656869, 0.69948876, -0.71460027, -0.065501869;
 -0.061778516, 0.71359724, 0.69782692, 0.071367159;
 0, 0, 0, 1]
Twc:
[0.99805892, 0.0078656869, -0.061778516, -0.05049219;
 0.038658056, 0.69948876, 0.71359724, -0.0072560445;
 0.048826311, -0.71460027, 0.69782692, -0.09932062;
 0, 0, 0, 1]
Ow:
[0.055524144;
 -0.065501869;
 0.071367159]
Keyframe: 28 Frame: 170 Frame from vFrameID : 171
Tcw:
[0.99872786, 0.040858537, 0.02955132, 0.064286031;
 -0.0069199475, 0.691553, -0.72229254, -0.063387886;
 -0.049948122, 0.72116923, 0.690956, 0.080552898;
 0, 0, 0, 1]
Twc:
[0.99872786, -0.0069199475, -0.049948122, -0.060619421;
 0.040858537, 0.691553, 0.72116923, -0.016882816;
 0.02955132, -0.72229254, 0.690956, -0.10334285;
 0, 0, 0, 1]
Ow:
[0.064286031;
 -0.063387886;
 0.080552898]
Keyframe: 29 Frame: 176 Frame from vFrameID : 177
Tcw:
[0.99928772, 0.037508074, -0.004152617, 0.069518812;
 -0.028729567, 0.68479365, -0.72817051, -0.067284584;
 -0.024468588, 0.72777116, 0.68538344, 0.090924077;
 0, 0, 0, 1]
Twc:
[0.99928772, -0.028729567, -0.024468588, -0.069177568;
 0.037508074, 0.68479365, 0.72777116, -0.022703381;
 -0.004152617, -0.72817051, 0.68538344, -0.11102383;
 0, 0, 0, 1]
Ow:
[0.069518812;
 -0.067284584;
 0.090924077]
Keyframe: 30 Frame: 183 Frame from vFrameID : 184
Tcw:
[0.99980152, 0.010638523, -0.016843628, 0.072538249;
 -0.019579289, 0.68086672, -0.73214561, -0.068114966;
 0.0036793179, 0.73233008, 0.68093985, 0.098459639;
 0, 0, 0, 1]
Twc:
[0.99980152, -0.019579289, 0.0036793179, -0.074219763;
 0.010638523, 0.68086672, 0.73233008, -0.026499448;
 -0.016843628, -0.73214561, 0.68093985, -0.11569336;
 0, 0, 0, 1]
Ow:
[0.072538249;
 -0.068114966;
 0.098459639]
Keyframe: 31 Frame: 189 Frame from vFrameID : 190
Tcw:
[0.99993527, 0.0021549347, -0.011173045, 0.075185403;
 -0.0097760959, 0.66517544, -0.7466231, -0.065980606;
 0.0058231112, 0.74668401, 0.66515344, 0.11067134;
 0, 0, 0, 1]
Twc:
[0.99993527, -0.0097760959, 0.0058231112, -0.076470017;
 0.0021549347, 0.66517544, 0.74668401, -0.03890986;
 -0.011173045, -0.7466231, 0.66515344, -0.12203602;
 0, 0, 0, 1]
Ow:
[0.075185403;
 -0.065980606;
 0.11067134]
Keyframe: 32 Frame: 195 Frame from vFrameID : 196
Tcw:
[0.99982679, 0.010666457, 0.015253686, 0.073992826;
 0.00428339, 0.665663, -0.7462402, -0.069808967;
 -0.018113554, 0.74617624, 0.66550201, 0.11926987;
 0, 0, 0, 1]
Twc:
[0.99982679, 0.00428339, -0.018113554, -0.071520589;
 0.010666457, 0.665663, 0.74617624, -0.043316342;
 0.015253686, -0.7462402, 0.66550201, -0.13259725;
 0, 0, 0, 1]
Ow:
[0.073992826;
 -0.069808967;
 0.11926987]
Keyframe: 33 Frame: 202 Frame from vFrameID : 203
Tcw:
[0.99984139, -0.0064695776, 0.016594518, 0.078373395;
 0.016710646, 0.66314769, -0.74830198, -0.067246318;
 -0.0061634183, 0.74846059, 0.66315061, 0.13251838;
 0, 0, 0, 1]
Twc:
[0.99984139, 0.016710646, -0.0061634183, -0.076420464;
 -0.0064695776, 0.66314769, 0.74846059, -0.054083496;
 0.016594518, -0.74830198, 0.66315061, -0.13950077;
 0, 0, 0, 1]
Ow:
[0.078373395;
 -0.067246318;
 0.13251838]
Keyframe: 34 Frame: 209 Frame from vFrameID : 210
Tcw:
[0.99908191, -0.028361499, -0.032109011, 0.08348985;
 -0.0049007772, 0.66890883, -0.74332827, -0.068232194;
 0.042559907, 0.74280316, 0.66815573, 0.14758667;
 0, 0, 0, 1]
Twc:
[0.99908191, -0.0049007772, 0.042559907, -0.09002886;
 -0.028361499, 0.66890883, 0.74280316, -0.061618842;
 -0.032109011, -0.74332827, 0.66815573, -0.14664902;
 0, 0, 0, 1]
Ow:
[0.08348985;
 -0.068232194;
 0.14758667]
Keyframe: 35 Frame: 216 Frame from vFrameID : 217
Tcw:
[0.99820691, -0.048073865, -0.035663292, 0.091374695;
 0.0049274759, 0.65977228, -0.75144947, -0.064334884;
 0.059654731, 0.74992633, 0.65882611, 0.15977661;
 0, 0, 0, 1]
Twc:
[0.99820691, 0.0049274759, 0.059654731, -0.10042528;
 -0.048073865, 0.65977228, 0.74992633, -0.072981574;
 -0.035663292, -0.75144947, 0.65882611, -0.15035069;
 0, 0, 0, 1]
Ow:
[0.091374695;
 -0.064334884;
 0.15977661]
Keyframe: 36 Frame: 223 Frame from vFrameID : 224
Tcw:
[0.99946028, -0.017575307, 0.027753154, 0.092293993;
 0.032383606, 0.66900545, -0.74255168, -0.056009188;
 -0.0055164364, 0.74304968, 0.66921353, 0.17749873;
 0, 0, 0, 1]
Twc:
[0.99946028, 0.032383606, -0.0055164364, -0.089451239;
 -0.017575307, 0.66900545, 0.74304968, -0.092797823;
 0.027753154, -0.74255168, 0.66921353, -0.16293572;
 0, 0, 0, 1]
Ow:
[0.092293993;
 -0.056009188;
 0.17749873]
Keyframe: 37 Frame: 230 Frame from vFrameID : 231
Tcw:
[0.99963719, 0.0017988504, 0.026874539, 0.096624762;
 0.019096324, 0.65631443, -0.75424576, -0.054905646;
 -0.018994924, 0.75448531, 0.65604198, 0.18580572;
 0, 0, 0, 1]
Twc:
[0.99963719, 0.019096324, -0.018994924, -0.092011854;
 0.0017988504, 0.65631443, 0.75448531, -0.10432614;
 0.026874539, -0.75424576, 0.65604198, -0.16590545;
 0, 0, 0, 1]
Ow:
[0.096624762;
 -0.054905646;
 0.18580572]
Keyframe: 38 Frame: 237 Frame from vFrameID : 238
Tcw:
[0.99970096, -0.023176005, -0.0078027621, 0.10839105;
 0.0089551909, 0.64386785, -0.76508433, -0.053303532;
 0.022755546, 0.76478565, 0.64388281, 0.19385096;
 0, 0, 0, 1]
Twc:
[0.99970096, 0.0089551909, 0.022755546, -0.11229247;
 -0.023176005, 0.64386785, 0.76478565, -0.11142193;
 -0.0078027621, -0.76508433, 0.64388281, -0.16475326;
 0, 0, 0, 1]
Ow:
[0.10839105;
 -0.053303532;
 0.19385096]
Keyframe: 39 Frame: 244 Frame from vFrameID : 245
Tcw:
[0.99994236, -0.0082408078, -0.0068777306, 0.11049879;
 0.0002600544, 0.65916705, -0.75199652, -0.052974902;
 0.010730632, 0.7519514, 0.65913117, 0.20406574;
 0, 0, 0, 1]
Twc:
[0.99994236, 0.0002600544, 0.010730632, -0.1126684;
 -0.0082408078, 0.65916705, 0.7519514, -0.11761761;
 -0.0068777306, -0.75199652, 0.65913117, -0.17358306;
 0, 0, 0, 1]
Ow:
[0.11049879;
 -0.052974902;
 0.20406574]
Keyframe: 40 Frame: 250 Frame from vFrameID : 251
Tcw:
[0.99964714, 0.0045722206, 0.026167342, 0.11325687;
 0.016678406, 0.65867734, -0.75224066, -0.052431315;
 -0.020675246, 0.75241166, 0.65836865, 0.21420658;
 0, 0, 0, 1]
Twc:
[0.99964714, 0.016678406, -0.020675246, -0.10791366;
 0.0045722206, 0.65867734, 0.75241166, -0.12715402;
 0.026167342, -0.75224066, 0.65836865, -0.18343149;
 0, 0, 0, 1]
Ow:
[0.11325687;
 -0.052431315;
 0.21420658]
Keyframe: 41 Frame: 258 Frame from vFrameID : 259
Tcw:
[0.99814218, 0.032491818, 0.051540561, 0.11769055;
 0.01557474, 0.68175822, -0.73141176, -0.049442708;
 -0.058903098, 0.73085564, 0.67998564, 0.22358787;
 0, 0, 0, 1]
Twc:
[0.99814218, 0.01557474, -0.058903098, -0.10353183;
 0.032491818, 0.68175822, 0.73085564, -0.13352646;
 0.051540561, -0.73141176, 0.67998564, -0.19426534;
 0, 0, 0, 1]
Ow:
[0.11769055;
 -0.049442708;
 0.22358787]
Keyframe: 42 Frame: 264 Frame from vFrameID : 265
Tcw:
[0.9999553, -0.0045699496, 0.0082787471, 0.12953329;
 0.0092314146, 0.6615569, -0.74983811, -0.046004713;
 -0.0020501399, 0.74988103, 0.66156954, 0.24165609;
 0, 0, 0, 1]
Twc:
[0.9999553, 0.0092314146, -0.0020501399, -0.12860739;
 -0.0045699496, 0.6615569, 0.74988103, -0.15018663;
 0.0082787471, -0.74983811, 0.66156954, -0.19544077;
 0, 0, 0, 1]
Ow:
[0.12953329;
 -0.046004713;
 0.24165609]
Keyframe: 43 Frame: 272 Frame from vFrameID : 273
Tcw:
[0.9999069, 0.0038471289, -0.013090456, 0.13956292;
 -0.012380314, 0.65908611, -0.75196558, -0.051417187;
 0.0057348292, 0.75205761, 0.6590724, 0.25781712;
 0, 0, 0, 1]
Twc:
[0.9999069, -0.012380314, 0.0057348292, -0.14166503;
 0.0038471289, 0.65908611, 0.75205761, -0.16054189;
 -0.013090456, -0.75196558, 0.6590724, -0.20675714;
 0, 0, 0, 1]
Ow:
[0.13956292;
 -0.051417187;
 0.25781712]
Keyframe: 44 Frame: 278 Frame from vFrameID : 279
Tcw:
[0.99937028, -0.023818409, -0.026300902, 0.14701384;
 -0.0037649933, 0.66585773, -0.74606925, -0.046370432;
 0.035282843, 0.74569845, 0.66534877, 0.2664969;
 0, 0, 0, 1]
Twc:
[0.99937028, -0.0037649933, 0.035282843, -0.15649863;
 -0.023818409, 0.66585773, 0.74569845, -0.16434857;
 -0.026300902, -0.74606925, 0.66534877, -0.20804232;
 0, 0, 0, 1]
Ow:
[0.14701384;
 -0.046370432;
 0.2664969]
Keyframe: 45 Frame: 285 Frame from vFrameID : 286
Tcw:
[0.99960256, 0.0046163821, 0.027809793, 0.13972028;
 0.017969085, 0.65577435, -0.75474304, -0.050112501;
 -0.021721132, 0.75494283, 0.65543079, 0.2826547;
 0, 0, 0, 1]
Twc:
[0.99960256, 0.017969085, -0.021721132, -0.13262469;
 0.0046163821, 0.65577435, 0.75494283, -0.18117064;
 0.027809793, -0.75474304, 0.65543079, -0.22696824;
 0, 0, 0, 1]
Ow:
[0.13972028;
 -0.050112501;
 0.2826547]
Keyframe: 46 Frame: 292 Frame from vFrameID : 293
Tcw:
[0.99941796, 0.010928196, 0.03231569, 0.14104469;
 0.017757542, 0.64217985, -0.7663483, -0.04768087;
 -0.029127289, 0.76647609, 0.64161205, 0.28917494;
 0, 0, 0, 1]
Twc:
[0.99941796, 0.017757542, -0.029127289, -0.13169302;
 0.010928196, 0.64217985, 0.76647609, -0.19256735;
 0.03231569, -0.7663483, 0.64161205, -0.22663623;
 0, 0, 0, 1]
Ow:
[0.14104469;
 -0.04768087;
 0.28917494]
Keyframe: 47 Frame: 299 Frame from vFrameID : 300
Tcw:
[0.99926412, 0.0016402135, 0.038321111, 0.15151893;
 0.028145321, 0.64740133, -0.7616294, -0.03688547;
 -0.026058372, 0.76214755, 0.64687872, 0.3026281;
 0, 0, 0, 1]
Twc:
[0.99926412, 0.028145321, -0.026058372, -0.14248328;
 0.0016402135, 0.64740133, 0.76214755, -0.20701607;
 0.038321111, -0.7616294, 0.64687872, -0.2296631;
 0, 0, 0, 1]
Ow:
[0.15151893;
 -0.03688547;
 0.3026281]
Keyframe: 48 Frame: 306 Frame from vFrameID : 307
Tcw:
[0.99992371, 0.00097168138, 0.012314926, 0.16264723;
 0.0088972133, 0.6349321, -0.77251673, -0.038143218;
 -0.0085697817, 0.77256733, 0.634875, 0.31798157;
 0, 0, 0, 1]
Twc:
[0.99992371, 0.0088972133, -0.0085697817, -0.15957043;
 0.00097168138, 0.6349321, 0.77256733, -0.22160187;
 0.012314926, -0.77251673, 0.634875, -0.23334782;
 0, 0, 0, 1]
Ow:
[0.16264723;
 -0.038143218;
 0.31798157]
Keyframe: 49 Frame: 313 Frame from vFrameID : 314
Tcw:
[0.99996221, -0.0014590739, 0.008573425, 0.16496824;
 0.0074690618, 0.64906961, -0.76069236, -0.040429935;
 -0.0044548428, 0.76072764, 0.64905596, 0.33282536;
 0, 0, 0, 1]
Twc:
[0.99996221, 0.0074690618, -0.0044548428, -0.16317733;
 -0.0014590739, 0.64906961, 0.76072764, -0.22670688;
 0.008573425, -0.76069236, 0.64905596, -0.24819136;
 0, 0, 0, 1]
Ow:
[0.16496824;
 -0.040429935;
 0.33282536]
Keyframe: 50 Frame: 320 Frame from vFrameID : 321
Tcw:
[0.99842453, 0.028870333, 0.048113886, 0.16467002;
 0.018724302, 0.63689959, -0.77071935, -0.04107213;
 -0.052894637, 0.77040601, 0.63535559, 0.34878367;
 0, 0, 0, 1]
Twc:
[0.99842453, 0.018724302, -0.052894637, -0.14519276;
 0.028870333, 0.63689959, 0.77040601, -0.24730028;
 0.048113886, -0.77071935, 0.63535559, -0.26117966;
 0, 0, 0, 1]
Ow:
[0.16467002;
 -0.04107213;
 0.34878367]
Keyframe: 51 Frame: 327 Frame from vFrameID : 328
Tcw:
[0.99666792, 0.041807815, 0.070037268, 0.16920789;
 0.026308326, 0.64799255, -0.76119214, -0.039354995;
 -0.077207409, 0.76049834, 0.64473349, 0.35655153;
 0, 0, 0, 1]
Twc:
[0.99666792, 0.026308326, -0.077207409, -0.14008029;
 0.041807815, 0.64799255, 0.76049834, -0.25272933;
 0.070037268, -0.76119214, 0.64473349, -0.27168831;
 0, 0, 0, 1]
Ow:
[0.16920789;
 -0.039354995;
 0.35655153]
Keyframe: 52 Frame: 334 Frame from vFrameID : 335
Tcw:
[0.9989683, 0.034398444, 0.029648419, 0.17962685;
 0.0019312341, 0.62010127, -0.78451937, -0.033348709;
 -0.045371268, 0.78376728, 0.61939514, 0.37524405;
 0, 0, 0, 1]
Twc:
[0.9989683, 0.0019312341, -0.045371268, -0.16235183;
 0.034398444, 0.62010127, 0.78376728, -0.2796033;
 0.029648419, -0.78451937, 0.61939514, -0.26391268;
 0, 0, 0, 1]
Ow:
[0.17962685;
 -0.033348709;
 0.37524405]
Keyframe: 53 Frame: 341 Frame from vFrameID : 342
Tcw:
[0.99955034, 0.029931702, 0.0017986653, 0.18410121;
 -0.017592706, 0.6339587, -0.77316678, -0.035675392;
 -0.024282476, 0.77278745, 0.63420022, 0.3835209;
 0, 0, 0, 1]
Twc:
[0.99955034, -0.017592706, -0.024282476, -0.17533322;
 0.029931702, 0.6339587, 0.77278745, -0.27927387;
 0.0017986653, -0.77316678, 0.63420022, -0.2711432;
 0, 0, 0, 1]
Ow:
[0.18410121;
 -0.035675392;
 0.3835209]
Keyframe: 54 Frame: 347 Frame from vFrameID : 348
Tcw:
[0.99863839, 0.037237544, 0.03653368, 0.18160611;
 0.0044239606, 0.63735253, -0.77055967, -0.037003696;
 -0.051978581, 0.7696721, 0.63631999, 0.39807191;
 0, 0, 0, 1]
Twc:
[0.99863839, 0.0044239606, -0.051978581, -0.16050392;
 0.037237544, 0.63735253, 0.7696721, -0.289563;
 0.03653368, -0.77055967, 0.63631999, -0.28844941;
 0, 0, 0, 1]
Ow:
[0.18160611;
 -0.037003696;
 0.39807191]
Keyframe: 55 Frame: 353 Frame from vFrameID : 354
Tcw:
[0.99578846, 0.054051988, 0.074051872, 0.18172139;
 0.02224805, 0.64110589, -0.76712984, -0.040682375;
 -0.088939987, 0.76554662, 0.63720334, 0.40771693;
 0, 0, 0, 1]
Twc:
[0.99578846, 0.02224805, -0.088939987, -0.14378864;
 0.054051988, 0.64110589, 0.76554662, -0.295867;
 0.074051872, -0.76712984, 0.63720334, -0.30446407;
 0, 0, 0, 1]
Ow:
[0.18172139;
 -0.040682375;
 0.40771693]
Keyframe: 56 Frame: 359 Frame from vFrameID : 360
Tcw:
[0.99449557, 0.057234362, 0.087765619, 0.18566257;
 0.02903547, 0.65428805, -0.75568783, -0.03947188;
 -0.10067531, 0.75407648, 0.64902478, 0.42198741;
 0, 0, 0, 1]
Twc:
[0.99449557, 0.02903547, -0.10067531, -0.14101081;
 0.057234362, 0.65428805, 0.75407648, -0.30301109;
 0.087765619, -0.75568783, 0.64902478, -0.32000348;
 0, 0, 0, 1]
Ow:
[0.18566257;
 -0.03947188;
 0.42198741]
Keyframe: 57 Frame: 366 Frame from vFrameID : 367
Tcw:
[0.99701309, 0.049445719, 0.059329625, 0.19408502;
 0.014579266, 0.6338889, -0.7732867, -0.03390938;
 -0.075844109, 0.77184194, 0.63127464, 0.43855324;
 0, 0, 0, 1]
Twc:
[0.99701309, 0.014579266, -0.075844109, -0.15974924;
 0.049445719, 0.6338889, 0.77184194, -0.32659569;
 0.059329625, -0.7732867, 0.63127464, -0.3145842;
 0, 0, 0, 1]
Ow:
[0.19408502;
 -0.03390938;
 0.43855324]
Keyframe: 58 Frame: 373 Frame from vFrameID : 374
Tcw:
[0.99956775, 0.02875107, 0.0061398931, 0.20163091;
 -0.013625777, 0.63811541, -0.76982015, -0.03380686;
 -0.026051113, 0.7694037, 0.63823134, 0.45115396;
 0, 0, 0, 1]
Twc:
[0.99956775, -0.013625777, -0.026051113, -0.19025134;
 0.02875107, 0.63811541, 0.7694037, -0.33134398;
 0.0061398931, -0.76982015, 0.63823134, -0.31520379;
 0, 0, 0, 1]
Ow:
[0.20163091;
 -0.03380686;
 0.45115396]
Keyframe: 59 Frame: 380 Frame from vFrameID : 381
Tcw:
[0.99827802, 0.033018231, 0.048485372, 0.20180008;
 0.015821759, 0.64435685, -0.76456124, -0.036008522;
 -0.056486342, 0.7640118, 0.64272487, 0.45990026;
 0, 0, 0, 1]
Twc:
[0.99827802, 0.015821759, -0.056486342, -0.17490476;
 0.033018231, 0.64435685, 0.7640118, -0.33482999;
 0.048485372, -0.76456124, 0.64272487, -0.33290443;
 0, 0, 0, 1]
Ow:
[0.20180008;
 -0.036008522;
 0.45990026]
Keyframe: 60 Frame: 387 Frame from vFrameID : 388
Tcw:
[0.99536186, 0.034552302, 0.089782573, 0.21029612;
 0.047110759, 0.63863873, -0.76806325, -0.032479554;
 -0.083876982, 0.76873058, 0.63404888, 0.47342014;
 0, 0, 0, 1]
Twc:
[0.99536186, 0.047110759, -0.083876982, -0.16808155;
 0.034552302, 0.63863873, 0.76873058, -0.35045606;
 0.089782573, -0.76806325, 0.63404888, -0.34399876;
 0, 0, 0, 1]
Ow:
[0.21029612;
 -0.032479554;
 0.47342014]
Keyframe: 61 Frame: 393 Frame from vFrameID : 394
Tcw:
[0.99795711, 0.035894919, 0.052849878, 0.21753545;
 0.017188502, 0.64588284, -0.76324302, -0.030415118;
 -0.061531376, 0.76259226, 0.64394641, 0.48135197;
 0, 0, 0, 1]
Twc:
[0.99795711, 0.017188502, -0.061531376, -0.18695001;
 0.035894919, 0.64588284, 0.76259226, -0.35523906;
 0.052849878, -0.76324302, 0.64394641, -0.34467572;
 0, 0, 0, 1]
Ow:
[0.21753545;
 -0.030415118;
 0.48135197]
Keyframe: 62 Frame: 400 Frame from vFrameID : 401
Tcw:
[0.99933028, 0.021489955, 0.029617975, 0.21718682;
 0.0083027994, 0.65512055, -0.75547874, -0.035599723;
 -0.035638548, 0.75521868, 0.65450335, 0.49044216;
 0, 0, 0, 1]
Twc:
[0.99933028, 0.0083027994, -0.035638548, -0.19926713;
 0.021489955, 0.65512055, 0.75521868, -0.35173628;
 0.029617975, -0.75547874, 0.65450335, -0.35432351;
 0, 0, 0, 1]
Ow:
[0.21718682;
 -0.035599723;
 0.49044216]
Keyframe: 63 Frame: 407 Frame from vFrameID : 408
Tcw:
[0.99919945, 0.021537373, 0.033713672, 0.22659452;
 0.011439366, 0.65371668, -0.75665295, -0.030996054;
 -0.038335506, 0.75643283, 0.65294695, 0.50417376;
 0, 0, 0, 1]
Twc:
[0.99919945, 0.011439366, -0.038335506, -0.20673078;
 0.021537373, 0.65371668, 0.75643283, -0.3659912;
 0.033713672, -0.75665295, 0.65294695, -0.36029133;
 0, 0, 0, 1]
Ow:
[0.22659452;
 -0.030996054;
 0.50417376]
Keyframe: 64 Frame: 414 Frame from vFrameID : 415
Tcw:
[0.99804193, 0.03347338, 0.05283783, 0.2285227;
 0.02009145, 0.62842029, -0.77761447, -0.028999329;
 -0.059233751, 0.77715343, 0.6265173, 0.51671082;
 0, 0, 0, 1]
Twc:
[0.99804193, 0.02009145, -0.059233751, -0.19688588;
 0.03347338, 0.62842029, 0.77715343, -0.39098924;
 0.05283783, -0.77761447, 0.6265173, -0.3583532;
 0, 0, 0, 1]
Ow:
[0.2285227;
 -0.028999329;
 0.51671082]
Keyframe: 65 Frame: 421 Frame from vFrameID : 422
Tcw:
[0.99722475, 0.036521148, 0.06487681, 0.23248389;
 0.026172761, 0.64382023, -0.76472902, -0.028297752;
 -0.069697782, 0.76430476, 0.64107758, 0.52474916;
 0, 0, 0, 1]
Twc:
[0.99722475, 0.026172761, -0.069697782, -0.19452421;
 0.036521148, 0.64382023, 0.76430476, -0.39134017;
 0.06487681, -0.76472902, 0.64107758, -0.37312788;
 0, 0, 0, 1]
Ow:
[0.23248389;
 -0.028297752;
 0.52474916]
Keyframe: 66 Frame: 428 Frame from vFrameID : 429
Tcw:
[0.99838424, 0.039423417, 0.040923644, 0.23932168;
 0.0065280157, 0.63584191, -0.7717917, -0.025600731;
 -0.056447636, 0.7708118, 0.63455719, 0.54032016;
 0, 0, 0, 1]
Twc:
[0.99838424, 0.0065280157, -0.056447636, -0.20826806;
 0.039423417, 0.63584191, 0.7708118, -0.40964204;
 0.040923644, -0.7717917, 0.63455719, -0.37241641;
 0, 0, 0, 1]
Ow:
[0.23932168;
 -0.025600731;
 0.54032016]
Keyframe: 67 Frame: 436 Frame from vFrameID : 437
Tcw:
[0.99978524, 0.017354254, 0.01132818, 0.24927557;
 -0.0025285778, 0.64467639, -0.76445138, -0.021061301;
 -0.020569494, 0.76425856, 0.64458185, 0.55467707;
 0, 0, 0, 1]
Twc:
[0.99978524, -0.0025285778, -0.020569494, -0.23786585;
 0.017354254, 0.64467639, 0.76425856, -0.41466498;
 0.01132818, -0.76445138, 0.64458185, -0.37645894;
 0, 0, 0, 1]
Ow:
[0.24927557;
 -0.021061301;
 0.55467707]
Keyframe: 68 Frame: 444 Frame from vFrameID : 445
Tcw:
[0.99872589, 0.027837809, 0.042091157, 0.25005701;
 0.014859344, 0.63487977, -0.77246803, -0.024295509;
 -0.048226643, 0.77210927, 0.63365722, 0.56976277;
 0, 0, 0, 1]
Twc:
[0.99872589, 0.014859344, -0.048226643, -0.22189966;
 0.027837809, 0.63487977, 0.77210927, -0.43145543;
 0.042091157, -0.77246803, 0.63365722, -0.39032695;
 0, 0, 0, 1]
Ow:
[0.25005701;
 -0.024295509;
 0.56976277]
Keyframe: 69 Frame: 451 Frame from vFrameID : 452
Tcw:
[0.99826962, 0.034338053, 0.047735095, 0.25443324;
 0.014975714, 0.63655496, -0.77108592, -0.023909539;
 -0.056863602, 0.77046651, 0.63493925, 0.57813358;
 0, 0, 0, 1]
Twc:
[0.99826962, 0.014975714, -0.056863602, -0.22076018;
 0.034338053, 0.63655496, 0.77046651, -0.43894958;
 0.047735095, -0.77108592, 0.63493925, -0.39766142;
 0, 0, 0, 1]
Ow:
[0.25443324;
 -0.023909539;
 0.57813358]
Keyframe: 70 Frame: 458 Frame from vFrameID : 459
Tcw:
[0.99904567, 0.036017023, 0.024707979, 0.25977898;
 -0.0036319471, 0.63223881, -0.77476507, -0.025081009;
 -0.043526072, 0.77393591, 0.63176626, 0.5893594;
 0, 0, 0, 1]
Twc:
[0.99904567, -0.0036319471, -0.043526072, -0.23396964;
 0.036017023, 0.63223881, 0.77393591, -0.44962573;
 0.024707979, -0.77476507, 0.63176626, -0.39818791;
 0, 0, 0, 1]
Ow:
[0.25977898;
 -0.025081009;
 0.5893594]
Keyframe: 71 Frame: 465 Frame from vFrameID : 466
Tcw:
[0.99962628, 0.026445691, 0.006921262, 0.26776785;
 -0.011341442, 0.6315859, -0.77522296, -0.026198715;
 -0.024872677, 0.77485472, 0.63164979, 0.60405493;
 0, 0, 0, 1]
Twc:
[0.99962628, -0.011341442, -0.024872677, -0.25294045;
 0.026445691, 0.6315859, 0.77485472, -0.45858938;
 0.006921262, -0.77522296, 0.63164979, -0.40371427;
 0, 0, 0, 1]
Ow:
[0.26776785;
 -0.026198715;
 0.60405493]
Keyframe: 72 Frame: 473 Frame from vFrameID : 474
Tcw:
[0.99835092, 0.043547656, 0.037403744, 0.27126348;
 0.0011411671, 0.63638222, -0.77137303, -0.026338965;
 -0.057394564, 0.77014363, 0.63528311, 0.61654449;
 0, 0, 0, 1]
Twc:
[0.99835092, 0.0011411671, -0.057394564, -0.2353998;
 0.043547656, 0.63638222, 0.77014363, -0.46987909;
 0.037403744, -0.77137303, 0.63528311, -0.42214376;
 0, 0, 0, 1]
Ow:
[0.27126348;
 -0.026338965;
 0.61654449]
Keyframe: 73 Frame: 480 Frame from vFrameID : 481
Tcw:
[0.99524611, 0.062974915, 0.074292049, 0.26821598;
 0.016208243, 0.64507884, -0.76394409, -0.020143777;
 -0.096033543, 0.76151657, 0.64099151, 0.61884761;
 0, 0, 0, 1]
Twc:
[0.99524611, 0.016208243, -0.096033543, -0.20718431;
 0.062974915, 0.64507884, 0.76151657, -0.47515923;
 0.074292049, -0.76394409, 0.64099151, -0.43199107;
 0, 0, 0, 1]
Ow:
[0.26821598;
 -0.020143777;
 0.61884761]
Keyframe: 74 Frame: 487 Frame from vFrameID : 488
Tcw:
[0.99753475, 0.051140897, 0.048052505, 0.2805945;
 0.0039491486, 0.64276266, -0.76605523, -0.026499957;
 -0.070063107, 0.76435643, 0.64097613, 0.63013351;
 0, 0, 0, 1]
Twc:
[0.99753475, 0.0039491486, -0.070063107, -0.23564899;
 0.051140897, 0.64276266, 0.76435643, -0.47896335;
 0.048052505, -0.76605523, 0.64097613, -0.43768424;
 0, 0, 0, 1]
Ow:
[0.2805945;
 -0.026499957;
 0.63013351]
Keyframe: 75 Frame: 494 Frame from vFrameID : 495
Tcw:
[0.99951327, 0.021871785, 0.022245387, 0.28595179;
 0.0025850087, 0.65255159, -0.7577399, -0.027668417;
 -0.031089386, 0.75742859, 0.65217739, 0.63987112;
 0, 0, 0, 1]
Twc:
[0.99951327, 0.0025850087, -0.031089386, -0.26584789;
 0.021871785, 0.65255159, 0.75742859, -0.4728559;
 0.022245387, -0.7577399, 0.65217739, -0.44463608;
 0, 0, 0, 1]
Ow:
[0.28595179;
 -0.027668417;
 0.63987112]
Keyframe: 76 Frame: 501 Frame from vFrameID : 502
Tcw:
[0.99879855, 0.034763087, 0.034539338, 0.28736255;
 0.0018417103, 0.67769378, -0.73534197, -0.029691637;
 -0.04896985, 0.7345221, 0.67681551, 0.63991296;
 0, 0, 0, 1]
Twc:
[0.99879855, 0.0018417103, -0.04896985, -0.25562614;
 0.034763087, 0.67769378, 0.7345221, -0.45989799;
 0.034539338, -0.73534197, 0.67681551, -0.46486184;
 0, 0, 0, 1]
Ow:
[0.28736255;
 -0.029691637;
 0.63991296]
Keyframe: 77 Frame: 508 Frame from vFrameID : 509
Tcw:
[0.9981575, 0.039260779, 0.046262216, 0.28264737;
 0.0080074947, 0.67054057, -0.74182969, -0.027465016;
 -0.060145501, 0.74083328, 0.66899067, 0.63476276;
 0, 0, 0, 1]
Twc:
[0.9981575, 0.0080074947, -0.060145501, -0.24372853;
 0.039260779, 0.67054057, 0.74083328, -0.46293396;
 0.046262216, -0.74182969, 0.66899067, -0.45810068;
 0, 0, 0, 1]
Ow:
[0.28264737;
 -0.027465016;
 0.63476276]
Keyframe: 78 Frame: 514 Frame from vFrameID : 515
Tcw:
[0.99924469, 0.030423645, 0.024175739, 0.28895348;
 -0.0026829357, 0.67465961, -0.73812407, -0.031082749;
 -0.03876682, 0.73750174, 0.67423165, 0.64034951;
 0, 0, 0, 1]
Twc:
[0.99924469, -0.0026829357, -0.03876682, -0.26399434;
 0.030423645, 0.67465961, 0.73750174, -0.46007958;
 0.024175739, -0.73812407, 0.67423165, -0.46167251;
 0, 0, 0, 1]
Ow:
[0.28895348;
 -0.031082749;
 0.64034951]
Keyframe: 79 Frame: 520 Frame from vFrameID : 521
Tcw:
[0.9999994, -0.00092111394, -0.00053454062, 0.28422514;
 0.00022771896, 0.6752556, -0.73758382, -0.04456535;
 0.0010403503, 0.73758322, 0.67525542, 0.63559598;
 0, 0, 0, 1]
Twc:
[0.9999994, 0.00022771896, 0.0010403503, -0.28487608;
 -0.00092111394, 0.6752556, 0.73758322, -0.43845013;
 -0.00053454062, -0.73758382, 0.67525542, -0.46190837;
 0, 0, 0, 1]
Ow:
[0.28422514;
 -0.04456535;
 0.63559598]
Keyframe: 80 Frame: 527 Frame from vFrameID : 528
Tcw:
[0.99990273, 0.00015695035, 0.013945466, 0.28880078;
 0.010110984, 0.68055612, -0.7326262, -0.046283454;
 -0.0096056582, 0.73269594, 0.68048835, 0.64311135;
 0, 0, 0, 1]
Twc:
[0.99990273, 0.010110984, -0.0096056582, -0.2821272;
 0.00015695035, 0.68055612, 0.73269594, -0.43975192;
 0.013945466, -0.7326262, 0.68048835, -0.47556573;
 0, 0, 0, 1]
Ow:
[0.28880078;
 -0.046283454;
 0.64311135]
Keyframe: 81 Frame: 534 Frame from vFrameID : 535
Tcw:
[0.99758297, 0.023074118, 0.065542787, 0.28100395;
 0.031676281, 0.68852812, -0.72451752, -0.045583457;
 -0.061845656, 0.72484249, 0.68613303, 0.64192128;
 0, 0, 0, 1]
Twc:
[0.99758297, 0.031676281, -0.061845656, -0.2391808;
 0.023074118, 0.68852812, 0.72484249, -0.44039023;
 0.065542787, -0.72451752, 0.68613303, -0.49188712;
 0, 0, 0, 1]
Ow:
[0.28100395;
 -0.045583457;
 0.64192128]
Keyframe: 82 Frame: 541 Frame from vFrameID : 542
Tcw:
[0.99810946, 0.031681824, 0.052666131, 0.28495753;
 0.016174324, 0.69129908, -0.72238767, -0.045897543;
 -0.059294607, 0.72187382, 0.68947977, 0.64454246;
 0, 0, 0, 1]
Twc:
[0.99810946, 0.016174324, -0.059294607, -0.24545856;
 0.031681824, 0.69129908, 0.72187382, -0.44257739;
 0.052666131, -0.72238767, 0.68947977, -0.49256241;
 0, 0, 0, 1]
Ow:
[0.28495753;
 -0.045897543;
 0.64454246]
Keyframe: 83 Frame: 548 Frame from vFrameID : 549
Tcw:
[0.999713, 0.011696224, 0.020906381, 0.28887594;
 0.0072634742, 0.68363136, -0.72979134, -0.045851767;
 -0.022828061, 0.72973377, 0.68335021, 0.64736295;
 0, 0, 0, 1]
Twc:
[0.999713, 0.0072634742, -0.022828061, -0.27368197;
 0.011696224, 0.68363136, 0.72973377, -0.44443569;
 0.020906381, -0.72979134, 0.68335021, -0.48187721;
 0, 0, 0, 1]
Ow:
[0.28887594;
 -0.045851767;
 0.64736295]
Keyframe: 84 Frame: 555 Frame from vFrameID : 556
Tcw:
[0.99878532, 0.032291703, 0.037217394, 0.28947175;
 0.0037874272, 0.70277357, -0.71140349, -0.047940254;
 -0.049127832, 0.71068031, 0.70179766, 0.65156364;
 0, 0, 0, 1]
Twc:
[0.99878532, 0.0037874272, -0.049127832, -0.25692865;
 0.032291703, 0.70277357, 0.71068031, -0.43870988;
 0.037217394, -0.71140349, 0.70179766, -0.5021441;
 0, 0, 0, 1]
Ow:
[0.28947175;
 -0.047940254;
 0.65156364]
Keyframe: 85 Frame: 562 Frame from vFrameID : 563
Tcw:
[0.99744916, 0.03655006, 0.06131329, 0.29028901;
 0.019623632, 0.68545407, -0.72785139, -0.047015339;
 -0.068630457, 0.72719789, 0.68298835, 0.65473831;
 0, 0, 0, 1]
Twc:
[0.99744916, 0.019623632, -0.068630457, -0.24369091;
 0.03655006, 0.68545407, 0.72719789, -0.45450756;
 0.06131329, -0.72785139, 0.68298835, -0.49919739;
 0, 0, 0, 1]
Ow:
[0.29028901;
 -0.047015339;
 0.65473831]
Keyframe: 86 Frame: 570 Frame from vFrameID : 571
Tcw:
[0.99783814, 0.038368858, 0.05335613, 0.29102084;
 0.010596841, 0.7073186, -0.70681548, -0.047524601;
 -0.064859487, 0.70585287, 0.70538288, 0.65683645;
 0, 0, 0, 1]
Twc:
[0.99783814, 0.010596841, -0.064859487, -0.24728602;
 0.038368858, 0.7073186, 0.70585287, -0.44118094;
 0.05335613, -0.70681548, 0.70538288, -0.51244003;
 0, 0, 0, 1]
Ow:
[0.29102084;
 -0.047524601;
 0.65683645]
Keyframe: 87 Frame: 577 Frame from vFrameID : 578
Tcw:
[0.99999511, 0.003041479, -0.00074087741, 0.29506829;
 -0.0026429475, 0.69345808, -0.72049212, -0.044414937;
 -0.0016775943, 0.72049057, 0.69346273, 0.65821481;
 0, 0, 0, 1]
Twc:
[0.99999511, -0.0026429475, -0.0016775943, -0.29407999;
 0.003041479, 0.69345808, 0.72049057, -0.4443351;
 -0.00074087741, -0.72049212, 0.69346273, -0.48822942;
 0, 0, 0, 1]
Ow:
[0.29506829;
 -0.044414937;
 0.65821481]
Keyframe: 88 Frame: 584 Frame from vFrameID : 585
Tcw:
[0.99958479, 0.010854349, 0.026690848, 0.29294968;
 0.011142096, 0.70865661, -0.70546556, -0.043168277;
 -0.026572015, 0.70547009, 0.7082414, 0.66158092;
 0, 0, 0, 1]
Twc:
[0.99958479, 0.011142096, -0.026572015, -0.27476752;
 0.010854349, 0.70865661, 0.70547009, -0.43931383;
 0.026690848, -0.70546556, 0.7082414, -0.50683182;
 0, 0, 0, 1]
Ow:
[0.29294968;
 -0.043168277;
 0.66158092]
Keyframe: 89 Frame: 591 Frame from vFrameID : 592
Tcw:
[0.99891442, 0.031887781, 0.03395785, 0.29374719;
 0.0016686033, 0.70401537, -0.71018279, -0.040694803;
 -0.046553001, 0.70946848, 0.7031979, 0.66265994;
 0, 0, 0, 1]
Twc:
[0.99891442, 0.0016686033, -0.046553001, -0.26251158;
 0.031887781, 0.70401537, 0.70946848, -0.45085353;
 0.03395785, -0.71018279, 0.7031979, -0.50485688;
 0, 0, 0, 1]
Ow:
