Keyframe: 0 Frame: 0 Frame from vFrameID : 98
Tcw:
[0.99493843, 0.031145249, -0.09553811, 13.222718;
 -0.034076195, 0.99899256, -0.029201368, 2.4546332;
 0.094532378, 0.032309137, 0.99499738, 4.9063387;
 0, 0, 0, 1]
Twc:
[0.99493843, -0.034076195, 0.094532378, -13.535954;
 0.031145249, 0.99899256, 0.032309137, -3.0225048;
 -0.09553811, -0.029201368, 0.99499738, -3.5468421;
 0, 0, 0, 1]
Ow:
[13.222718;
 2.4546332;
 4.9063387]
Keyframe: 1 Frame: 97 Frame from vFrameID : 98
Tcw:
[0.99579287, 0.022791743, -0.088753365, 0.13713828;
 -0.024807712, 0.99945718, -0.021677721, 0.02041408;
 0.088211112, 0.023788286, 0.99581772, 0.049200401;
 0, 0, 0, 1]
Twc:
[0.99579287, -0.024807712, 0.088211112, -0.14039491;
 0.022791743, 0.99945718, 0.023788286, -0.024699014;
 -0.088753365, -0.021677721, 0.99581772, -0.036380619;
 0, 0, 0, 1]
Ow:
[0.13713828;
 0.02041408;
 0.049200401]
