Keyframe: 0 Frame: 0 Frame from vFrameID : 98
Tcw:
[0.99817705, -0.058268454, -0.015729491, 0.033527024;
 0.031478703, 0.72498715, -0.6880427, 0.014798521;
 0.051494863, 0.6862933, 0.72549969, -0.044635981;
 0, 0, 0, 1]
Twc:
[0.99817705, 0.031478703, 0.051494863, -0.031633221;
 -0.058268454, 0.72498715, 0.6862933, 0.021858204;
 -0.015729491, -0.6880427, 0.72549969, 0.043092769;
 0, 0, 0, 1]
Ow:
[0.033527024;
 0.014798521;
 -0.044635981]
Keyframe: 1 Frame: 106 Frame from vFrameID : 98
Tcw:
[0.99868262, -0.046780925, -0.021085205, 0.036011379;
 0.019410841, 0.72479326, -0.68869293, 0.013657197;
 0.047500107, 0.68737638, 0.72474647, -0.042351499;
 0, 0, 0, 1]
Twc:
[0.99868262, 0.019410841, 0.047500107, -0.034217332;
 -0.046780925, 0.72479326, 0.68737638, 0.02089742;
 -0.021085205, -0.68869293, 0.72474647, 0.040859021;
 0, 0, 0, 1]
Ow:
[0.036011379;
 0.013657197;
 -0.042351499]
Keyframe: 2 Frame: 108 Frame from vFrameID : 109
Tcw:
[0.99890441, -0.036123, -0.029751375, 0.037869938;
 0.0057789544, 0.72609574, -0.68756932, 0.012736403;
 0.046439413, 0.68664408, 0.72550899, -0.038843445;
 0, 0, 0, 1]
Twc:
[0.99890441, 0.0057789544, 0.046439413, -0.036098182;
 -0.036123, 0.72609574, 0.68664408, 0.01879175;
 -0.029751375, -0.68756932, 0.72550899, 0.038065113;
 0, 0, 0, 1]
Ow:
[0.037869938;
 0.012736403;
 -0.038843445]
Keyframe: 3 Frame: 110 Frame from vFrameID : 111
Tcw:
[0.99867916, -0.033522744, -0.038938537, 0.03930166;
 -0.0023280357, 0.72754169, -0.68605953, 0.011430493;
 0.051328007, 0.68524396, 0.72650266, -0.036397044;
 0, 0, 0, 1]
Twc:
[0.99867916, -0.0023280357, 0.051328007, -0.03735495;
 -0.033522744, 0.72754169, 0.68524396, 0.017942194;
 -0.038938537, -0.68605953, 0.72650266, 0.035814896;
 0, 0, 0, 1]
Ow:
[0.03930166;
 0.011430493;
 -0.036397044]
Keyframe: 4 Frame: 112 Frame from vFrameID : 113
Tcw:
[0.99879414, -0.032347728, -0.036930278, 0.040284477;
 -0.0016047923, 0.730322, -0.68310112, 0.011452748;
 0.049067765, 0.68233669, 0.72938949, -0.033485897;
 0, 0, 0, 1]
Twc:
[0.99879414, -0.0016047923, 0.049067765, -0.038574442;
 -0.032347728, 0.730322, 0.68233669, 0.015787572;
 -0.036930278, -0.68310112, 0.72938949, 0.033735361;
 0, 0, 0, 1]
Ow:
[0.040284477;
 0.011452748;
 -0.033485897]
Keyframe: 5 Frame: 114 Frame from vFrameID : 115
Tcw:
[0.99907136, -0.02466538, -0.035327688, 0.042017289;
 -0.0058356361, 0.73491079, -0.67813867, 0.010757835;
 0.042689249, 0.67771506, 0.73408443, -0.030814957;
 0, 0, 0, 1]
Twc:
[0.99907136, -0.0058356361, 0.042689249, -0.040600024;
 -0.02466538, 0.73491079, 0.67771506, 0.014014086;
 -0.035327688, -0.67813867, 0.73408443, 0.031400457;
 0, 0, 0, 1]
Ow:
[0.042017289;
 0.010757835;
 -0.030814957]
Keyframe: 6 Frame: 116 Frame from vFrameID : 117
Tcw:
[0.99950379, -0.015765429, -0.027269162, 0.0437061;
 -0.0067711449, 0.73794848, -0.67482305, 0.0098328823;
 0.030762112, 0.67467284, 0.73747557, -0.02685618;
 0, 0, 0, 1]
Twc:
[0.99950379, -0.0067711449, 0.030762112, -0.042791683;
 -0.015765429, 0.73794848, 0.67467284, 0.01155202;
 -0.027269162, -0.67482305, 0.73747557, 0.027633062;
 0, 0, 0, 1]
Ow:
[0.0437061;
 0.0098328823;
 -0.02685618]
Keyframe: 7 Frame: 118 Frame from vFrameID : 119
Tcw:
[0.99984968, -0.012664895, -0.011842205, 0.044638384;
 0.0013738477, 0.73870468, -0.67402786, 0.010064275;
 0.017284384, 0.67391026, 0.73861104, -0.024269056;
 0, 0, 0, 1]
Twc:
[0.99984968, 0.0013738477, 0.017284384, -0.044226024;
 -0.012664895, 0.73870468, 0.67391026, 0.0094859796;
 -0.011842205, -0.67402786, 0.73861104, 0.025237611;
 0, 0, 0, 1]
Ow:
[0.044638384;
 0.010064275;
 -0.024269056]
Keyframe: 8 Frame: 121 Frame from vFrameID : 122
Tcw:
[0.99996126, -0.0066274614, 0.0057899873, 0.045072239;
 0.0087988852, 0.74068439, -0.67179549, 0.0097207706;
 0.00016374562, 0.67182046, 0.74071401, -0.019318093;
 0, 0, 0, 1]
Twc:
[0.99996126, 0.0087988852, 0.00016374562, -0.045152865;
 -0.0066274614, 0.74068439, 0.67182046, 0.0060769808;
 0.0057899873, -0.67179549, 0.74071401, 0.020578586;
 0, 0, 0, 1]
Ow:
[0.045072239;
 0.0097207706;
 -0.019318093]
Keyframe: 9 Frame: 125 Frame from vFrameID : 126
Tcw:
[0.99985725, -0.010362151, 0.013343831, 0.043296885;
 0.016718889, 0.72052366, -0.69322872, 0.0071396157;
 -0.0024312048, 0.69335288, 0.72059411, -0.01174294;
 0, 0, 0, 1]
Twc:
[0.99985725, 0.016718889, -0.0024312048, -0.043438625;
 -0.010362151, 0.72052366, 0.69335288, 0.0034463885;
 0.013343831, -0.69322872, 0.72059411, 0.012833534;
 0, 0, 0, 1]
Ow:
[0.043296885;
 0.0071396157;
 -0.01174294]
Keyframe: 10 Frame: 129 Frame from vFrameID : 130
Tcw:
[0.99965066, -0.014862228, 0.021855807, 0.043345794;
 0.025860673, 0.72076309, -0.6926989, 0.0084387437;
 -0.0054578092, 0.69302213, 0.72089565, -0.004243684;
 0, 0, 0, 1]
Twc:
[0.99965066, 0.025860673, -0.0054578092, -0.043572046;
 -0.014862228, 0.72076309, 0.69302213, -0.0024971536;
 0.021855807, -0.6926989, 0.72089565, 0.0079574054;
 0, 0, 0, 1]
Ow:
[0.043345794;
 0.0084387437;
 -0.004243684]
Keyframe: 11 Frame: 132 Frame from vFrameID : 133
Tcw:
[0.99969536, -0.01815879, 0.01671664, 0.043821517;
 0.024678465, 0.72438294, -0.68895602, 0.0084596351;
 0.00040135768, 0.68915868, 0.72461039, -8.6397165e-05;
 0, 0, 0, 1]
Twc:
[0.99969536, 0.024678465, 0.00040135768, -0.044016905;
 -0.01815879, 0.72438294, 0.68915868, -0.0052727284;
 0.01671664, -0.68895602, 0.72461039, 0.0051583722;
 0, 0, 0, 1]
Ow:
[0.043821517;
 0.0084596351;
 -8.6397165e-05]
Keyframe: 12 Frame: 137 Frame from vFrameID : 138
Tcw:
[0.99964952, -0.026412465, 0.0018038875, 0.047366489;
 0.020311259, 0.72146106, -0.69215703, 0.0087816743;
 0.01698014, 0.6919511, 0.72174466, 0.0074210777;
 0, 0, 0, 1]
Twc:
[0.99964952, 0.020311259, 0.01698014, -0.04765426;
 -0.026412465, 0.72146106, 0.6919511, -0.010219593;
 0.0018038875, -0.69215703, 0.72174466, 0.0006367304;
 0, 0, 0, 1]
Ow:
[0.047366489;
 0.0087816743;
 0.0074210777]
Keyframe: 13 Frame: 141 Frame from vFrameID : 142
Tcw:
[0.99920154, -0.035865713, -0.017605295, 0.049672365;
 0.013354898, 0.71511686, -0.69887733, 0.0078297993;
 0.037655577, 0.69808418, 0.71502483, 0.012551988;
 0, 0, 0, 1]
Twc:
[0.99920154, 0.013354898, 0.037655577, -0.050209925;
 -0.035865713, 0.71511686, 0.69808418, -0.012580032;
 -0.017605295, -0.69887733, 0.71502483, -0.0026284172;
 0, 0, 0, 1]
Ow:
[0.049672365;
 0.0078297993;
 0.012551988]
Keyframe: 14 Frame: 146 Frame from vFrameID : 147
Tcw:
[0.99848729, -0.048518404, -0.025865829, 0.051442634;
 0.016845308, 0.71776158, -0.69608516, 0.0085611995;
 0.05233844, 0.69459647, 0.71749318, 0.019190192;
 0, 0, 0, 1]
Twc:
[0.99848729, 0.016845308, 0.05233844, -0.052513421;
 -0.048518404, 0.71776158, 0.69459647, -0.016978426;
 -0.025865829, -0.69608516, 0.71749318, -0.006478902;
 0, 0, 0, 1]
Ow:
[0.051442634;
 0.0085611995;
 0.019190192]
Keyframe: 15 Frame: 151 Frame from vFrameID : 152
Tcw:
[0.99872619, -0.048848953, -0.012640059, 0.055356346;
 0.025752537, 0.7088986, -0.70484012, 0.010228706;
 0.04339122, 0.70361674, 0.70925361, 0.027583841;
 0, 0, 0, 1]
Twc:
[0.99872619, 0.025752537, 0.04339122, -0.056746148;
 -0.048848953, 0.7088986, 0.70361674, -0.023955468;
 -0.012640059, -0.70484012, 0.70925361, -0.011654628;
 0, 0, 0, 1]
Ow:
[0.055356346;
 0.010228706;
 0.027583841]
Keyframe: 16 Frame: 157 Frame from vFrameID : 158
Tcw:
[0.99937725, -0.034382485, 0.0079314923, 0.056741912;
 0.029759901, 0.70053887, -0.71299344, 0.018666886;
 0.018958166, 0.71278548, 0.70112586, 0.043737996;
 0, 0, 0, 1]
Twc:
[0.99937725, 0.029759901, 0.018958166, -0.058091294;
 -0.034382485, 0.70053887, 0.71278548, -0.042301759;
 0.0079314923, -0.71299344, 0.70112586, -0.017806517;
 0, 0, 0, 1]
Ow:
[0.056741912;
 0.018666886;
 0.043737996]
Keyframe: 17 Frame: 163 Frame from vFrameID : 164
Tcw:
[0.99915856, -0.032560159, 0.024940409, 0.063043021;
 0.04069123, 0.71075487, -0.70226187, 0.025150931;
 0.0051392438, 0.70268583, 0.71148169, 0.060918771;
 0, 0, 0, 1]
Twc:
[0.99915856, 0.04069123, 0.0051392438, -0.064326473;
 -0.032560159, 0.71075487, 0.70268583, -0.058630209;
 0.024940409, -0.70226187, 0.71148169, -0.02725237;
 0, 0, 0, 1]
Ow:
[0.063043021;
 0.025150931;
 0.060918771]
Keyframe: 18 Frame: 170 Frame from vFrameID : 171
Tcw:
[0.99964356, -0.025912806, 0.0064213984, 0.078838065;
 0.022652743, 0.69604158, -0.71764404, 0.03151577;
 0.01412661, 0.71753371, 0.6963805, 0.083686203;
 0, 0, 0, 1]
Twc:
[0.99964356, 0.022652743, 0.01412661, -0.08070609;
 -0.025912806, 0.69604158, 0.71753371, -0.079941042;
 0.0064213984, -0.71764404, 0.6963805, -0.036166586;
 0, 0, 0, 1]
Ow:
[0.078838065;
 0.03151577;
 0.083686203]
Keyframe: 19 Frame: 176 Frame from vFrameID : 177
Tcw:
[0.99928749, -0.030533917, -0.022186048, 0.078998819;
 0.0050492785, 0.69068384, -0.72313923, 0.024064243;
 0.037403818, 0.72251195, 0.69034588, 0.098794952;
 0, 0, 0, 1]
Twc:
[0.99928749, 0.0050492785, 0.037403818, -0.082759343;
 -0.030533917, 0.69068384, 0.72251195, -0.08558917;
 -0.022186048, -0.72313923, 0.69034588, -0.049048211;
 0, 0, 0, 1]
Ow:
[0.078998819;
 0.024064243;
 0.098794952]
Keyframe: 20 Frame: 183 Frame from vFrameID : 184
Tcw:
[0.99773973, -0.058951877, -0.032250263, 0.082198992;
 0.016260112, 0.67748272, -0.73535895, 0.027838871;
 0.065199785, 0.73317242, 0.67691004, 0.12040717;
 0, 0, 0, 1]
Twc:
[0.99773973, 0.016260112, 0.065199785, -0.090316385;
 -0.058951877, 0.67748272, 0.73317242, -0.10229379;
 -0.032250263, -0.73535895, 0.67691004, -0.058382317;
 0, 0, 0, 1]
Ow:
[0.082198992;
 0.027838871;
 0.12040717]
Keyframe: 21 Frame: 190 Frame from vFrameID : 191
Tcw:
[0.99762261, -0.063590571, -0.026558431, 0.087534055;
 0.022207912, 0.66148371, -0.74963063, 0.027842011;
 0.06523741, 0.74725866, 0.66132337, 0.14251399;
 0, 0, 0, 1]
Twc:
[0.99762261, 0.022207912, 0.06523741, -0.097241513;
 -0.063590571, 0.66148371, 0.74725866, -0.11934552;
 -0.026558431, -0.74963063, 0.66132337, -0.071051836;
 0, 0, 0, 1]
Ow:
[0.087534055;
 0.027842011;
 0.14251399]
Keyframe: 22 Frame: 196 Frame from vFrameID : 197
Tcw:
[0.99869037, -0.051072143, -0.0030236025, 0.090575702;
 0.031980813, 0.66931438, -0.74229068, 0.023779653;
 0.039934117, 0.7412219, 0.67007118, 0.15451117;
 0, 0, 0, 1]
Twc:
[0.99869037, 0.031980813, 0.039934117, -0.097387843;
 -0.051072143, 0.66931438, 0.7412219, -0.12581722;
 -0.0030236025, -0.74229068, 0.67007118, -0.085608192;
 0, 0, 0, 1]
Ow:
[0.090575702;
 0.023779653;
 0.15451117]
Keyframe: 23 Frame: 203 Frame from vFrameID : 204
Tcw:
[0.99667817, -0.080816679, -0.010062152, 0.10134945;
 0.046282325, 0.66372907, -0.74653977, 0.024124332;
 0.067011409, 0.74359423, 0.66526467, 0.16923018;
 0, 0, 0, 1]
Twc:
[0.99667817, 0.046282325, 0.067011409, -0.11346968;
 -0.080816679, 0.66372907, 0.74359423, -0.13365987;
 -0.010062152, -0.74653977, 0.66526467, -0.09355329;
 0, 0, 0, 1]
Ow:
[0.10134945;
 0.024124332;
 0.16923018]
Keyframe: 24 Frame: 210 Frame from vFrameID : 211
Tcw:
[0.99390972, -0.094930947, -0.055960633, 0.10619096;
 0.022820804, 0.67412674, -0.73826307, 0.02300363;
 0.10780857, 0.73248976, 0.67218751, 0.19014147;
 0, 0, 0, 1]
Twc:
[0.99390972, 0.022820804, 0.10780857, -0.12656806;
 -0.094930947, 0.67412674, 0.73248976, -0.14470324;
 -0.055960633, -0.73826307, 0.67218751, -0.10488547;
 0, 0, 0, 1]
Ow:
[0.10619096;
 0.02300363;
 0.19014147]
Keyframe: 25 Frame: 218 Frame from vFrameID : 219
Tcw:
[0.99683875, -0.076114476, -0.022783687, 0.11294375;
 0.034295261, 0.67088711, -0.74076599, 0.029647678;
 0.071668297, 0.73764288, 0.67137665, 0.21469815;
 0, 0, 0, 1]
Twc:
[0.99683875, 0.034295261, 0.071668297, -0.12899053;
 -0.076114476, 0.67088711, 0.73764288, -0.16966416;
 -0.022783687, -0.74076599, 0.67137665, -0.11960807;
 0, 0, 0, 1]
Ow:
[0.11294375;
 0.029647678;
 0.21469815]
Keyframe: 26 Frame: 225 Frame from vFrameID : 226
Tcw:
[0.9970426, -0.069221161, 0.033384707, 0.099687725;
 0.071376547, 0.67305458, -0.73614055, 0.037022188;
 0.028486777, 0.73634636, 0.67600483, 0.23964502;
 0, 0, 0, 1]
Twc:
[0.9970426, 0.071376547, 0.028486777, -0.10886213;
 -0.069221161, 0.67305458, 0.73634636, -0.1944792;
 0.033384707, -0.73614055, 0.67600483, -0.13807571;
 0, 0, 0, 1]
Ow:
[0.099687725;
 0.037022188;
 0.23964502]
Keyframe: 27 Frame: 232 Frame from vFrameID : 233
Tcw:
[0.99675643, -0.080384441, 0.0038641831, 0.12786017;
 0.05521756, 0.6481812, -0.75948149, 0.037145607;
 0.058545802, 0.75723141, 0.65051746, 0.26063907;
 0, 0, 0, 1]
Twc:
[0.99675643, 0.05521756, 0.058545802, -0.14475587;
 -0.080384441, 0.6481812, 0.75723141, -0.21116321;
 0.0038641831, -0.75948149, 0.65051746, -0.14183293;
 0, 0, 0, 1]
Ow:
[0.12786017;
 0.037145607;
 0.26063907]
Keyframe: 28 Frame: 240 Frame from vFrameID : 241
Tcw:
[0.99623126, -0.081153966, -0.030614687, 0.14096962;
 0.031693734, 0.66915017, -0.74245101, 0.027654953;
 0.080738671, 0.73868263, 0.66920042, 0.27723646;
 0, 0, 0, 1]
Twc:
[0.99623126, 0.031693734, 0.080738671, -0.16369854;
 -0.081153966, 0.66915017, 0.73868263, -0.21185485;
 -0.030614687, -0.74245101, 0.66920042, -0.16067857;
 0, 0, 0, 1]
Ow:
[0.14096962;
 0.027654953;
 0.27723646]
Keyframe: 29 Frame: 247 Frame from vFrameID : 248
Tcw:
[0.99829096, -0.057610065, -0.0098079275, 0.14277662;
 0.031950843, 0.67858845, -0.73382342, 0.030412182;
 0.048931163, 0.73225594, 0.67926943, 0.29861718;
 0, 0, 0, 1]
Twc:
[0.99829096, 0.031950843, 0.048931163, -0.158116;
 -0.057610065, 0.67858845, 0.73225594, -0.23107618;
 -0.0098079275, -0.73382342, 0.67926943, -0.17912401;
 0, 0, 0, 1]
Ow:
[0.14277662;
 0.030412182;
 0.29861718]
Keyframe: 30 Frame: 255 Frame from vFrameID : 256
Tcw:
[0.99831003, -0.041156102, 0.041028056, 0.14641246;
 0.058071636, 0.67985982, -0.73103923, 0.035039365;
 0.0021933974, 0.73218632, 0.68110085, 0.31891537;
 0, 0, 0, 1]
Twc:
[0.99831003, 0.058071636, 0.0021933974, -0.14889933;
 -0.041156102, 0.67985982, 0.73218632, -0.25130159;
 0.041028056, -0.73103923, 0.68110085, -0.19760542;
 0, 0, 0, 1]
Ow:
[0.14641246;
 0.035039365;
 0.31891537]
Keyframe: 31 Frame: 262 Frame from vFrameID : 263
Tcw:
[0.99816, -0.060160022, 0.0075727114, 0.16258708;
 0.046416987, 0.6777702, -0.73380721, 0.039438501;
 0.039013296, 0.73280853, 0.67931557, 0.35443068;
 0, 0, 0, 1]
Twc:
[0.99816, 0.046416987, 0.039013296, -0.17794605;
 -0.060160022, 0.6777702, 0.73280853, -0.2766788;
 0.0075727114, -0.73380721, 0.67931557, -0.21306123;
 0, 0, 0, 1]
Ow:
[0.16258708;
 0.039438501;
 0.35443068]
Keyframe: 32 Frame: 270 Frame from vFrameID : 271
Tcw:
[0.99850553, -0.052129366, -0.01640876, 0.17615557;
 0.022217672, 0.6615175, -0.74960059, 0.038038746;
 0.049930882, 0.74811572, 0.66168702, 0.37598073;
 0, 0, 0, 1]
Twc:
[0.99850553, 0.022217672, 0.049930882, -0.19551049;
 -0.052129366, 0.6615175, 0.74811572, -0.29725754;
 -0.01640876, -0.74960059, 0.66168702, -0.21737726;
 0, 0, 0, 1]
Ow:
[0.17615557;
 0.038038746;
 0.37598073]
Keyframe: 33 Frame: 277 Frame from vFrameID : 278
Tcw:
[0.99551129, -0.088223763, -0.034261767, 0.18588585;
 0.033592068, 0.66781598, -0.743568, 0.04605259;
 0.088480927, 0.73907942, 0.66778195, 0.39225227;
 0, 0, 0, 1]
Twc:
[0.99551129, 0.033592068, 0.088480927, -0.2213053;
 -0.088223763, 0.66781598, 0.73907942, -0.30426067;
 -0.034261767, -0.743568, 0.66778195, -0.22132696;
 0, 0, 0, 1]
Ow:
[0.18588585;
 0.04605259;
 0.39225227]
Keyframe: 34 Frame: 285 Frame from vFrameID : 286
Tcw:
[0.99829072, -0.056987729, 0.012961973, 0.17978488;
 0.047480077, 0.66150594, -0.74843538, 0.047014177;
 0.034077212, 0.74777156, 0.66308105, 0.41491646;
 0, 0, 0, 1]
Twc:
[0.99829072, 0.047480077, 0.034077212, -0.195849;
 -0.056987729, 0.66150594, 0.74777156, -0.33111733;
 0.012961973, -0.74843538, 0.66308105, -0.24226652;
 0, 0, 0, 1]
Ow:
[0.17978488;
 0.047014177;
 0.41491646]
Keyframe: 35 Frame: 293 Frame from vFrameID : 294
Tcw:
[0.99808615, -0.058144405, 0.021053877, 0.18741857;
 0.053804174, 0.64870214, -0.75913805, 0.053945631;
 0.030481936, 0.75881797, 0.65058905, 0.42907625;
 0, 0, 0, 1]
Twc:
[0.99808615, 0.053804174, 0.030481936, -0.20304145;
 -0.058144405, 0.64870214, 0.75881797, -0.34968808;
 0.021053877, -0.75913805, 0.65058905, -0.24214603;
 0, 0, 0, 1]
Ow:
[0.18741857;
 0.053945631;
 0.42907625]
Keyframe: 36 Frame: 300 Frame from vFrameID : 301
Tcw:
[0.99811429, -0.057921715, 0.020320967, 0.19926842;
 0.053381469, 0.65562958, -0.75319338, 0.06224978;
 0.030303225, 0.75285786, 0.65748519, 0.44817507;
 0, 0, 0, 1]
Twc:
[0.99811429, 0.053381469, 0.030303225, -0.2157968;
 -0.057921715, 0.65562958, 0.75285786, -0.36668295;
 0.020320967, -0.75319338, 0.65748519, -0.25183168;
 0, 0, 0, 1]
Ow:
[0.19926842;
 0.06224978;
 0.44817507]
Keyframe: 37 Frame: 308 Frame from vFrameID : 309
Tcw:
[0.99746716, -0.069339074, -0.015853984, 0.21518742;
 0.032267932, 0.63976079, -0.76789641, 0.061836153;
 0.063387983, 0.76543987, 0.64037782, 0.47148758;
 0, 0, 0, 1]
Twc:
[0.99746716, 0.032267932, 0.063387983, -0.24652436;
 -0.069339074, 0.63976079, 0.76543987, -0.38553488;
 -0.015853984, -0.76789641, 0.64037782, -0.25103489;
 0, 0, 0, 1]
Ow:
[0.21518742;
 0.061836153;
 0.47148758]
Keyframe: 38 Frame: 315 Frame from vFrameID : 316
Tcw:
[0.99850285, -0.054586723, -0.003508332, 0.22213276;
 0.033626556, 0.66315544, -0.74772596, 0.057834491;
 0.043142479, 0.74648851, 0.66399819, 0.48797351;
 0, 0, 0, 1]
Twc:
[0.99850285, 0.033626556, 0.043142479, -0.24479736;
 -0.054586723, 0.66315544, 0.74648851, -0.39049441;
 -0.003508332, -0.74772596, 0.66399819, -0.27998987;
 0, 0, 0, 1]
Ow:
[0.22213276;
 0.057834491;
 0.48797351]
Keyframe: 39 Frame: 322 Frame from vFrameID : 323
Tcw:
[0.99885166, -0.022804121, 0.042134356, 0.21968265;
 0.046759903, 0.65553623, -0.75371468, 0.05544807;
 -0.010432796, 0.75481933, 0.65584975, 0.50678623;
 0, 0, 0, 1]
Twc:
[0.99885166, 0.046759903, -0.010432796, -0.21673593;
 -0.022804121, 0.65553623, 0.75481933, -0.4138706;
 0.042134356, -0.75371468, 0.65584975, -0.29983979;
 0, 0, 0, 1]
Ow:
[0.21968265;
 0.05544807;
 0.50678623]
Keyframe: 40 Frame: 329 Frame from vFrameID : 330
Tcw:
[0.99871576, -0.025079444, 0.044020962, 0.22941735;
 0.049607027, 0.6606105, -0.74908805, 0.058480084;
 -0.010293996, 0.75030982, 0.66100621, 0.53082514;
 0, 0, 0, 1]
Twc:
[0.99871576, 0.049607027, -0.010293996, -0.22655945;
 -0.025079444, 0.6606105, 0.75030982, -0.43116218;
 0.044020962, -0.74908805, 0.66100621, -0.31717116;
 0, 0, 0, 1]
Ow:
[0.22941735;
 0.058480084;
 0.53082514]
Keyframe: 41 Frame: 336 Frame from vFrameID : 337
Tcw:
[0.99962044, -0.026043035, 0.0089831846, 0.23821902;
 0.023508145, 0.63636732, -0.77102786, 0.063368574;
 0.0143633, 0.77094638, 0.63673806, 0.54989761;
 0, 0, 0, 1]
Twc:
[0.99962044, 0.023508145, 0.0143633, -0.24751665;
 -0.026043035, 0.63636732, 0.77094638, -0.45806333;
 0.0089831846, -0.77102786, 0.63673806, -0.30342177;
 0, 0, 0, 1]
Ow:
[0.23821902;
 0.063368574;
 0.54989761]
Keyframe: 42 Frame: 344 Frame from vFrameID : 345
Tcw:
[0.9997524, -0.022161441, -0.0019867043, 0.23819189;
 0.013130743, 0.65971792, -0.75139862, 0.053373277;
 0.017962741, 0.75118649, 0.65984559, 0.57570225;
 0, 0, 0, 1]
Twc:
[0.9997524, 0.013130743, 0.017962741, -0.24917494;
 -0.022161441, 0.65971792, 0.75118649, -0.46239239;
 -0.0019867043, -0.75139862, 0.65984559, -0.33929676;
 0, 0, 0, 1]
Ow:
[0.23819189;
 0.053373277;
 0.57570225]
Keyframe: 43 Frame: 352 Frame from vFrameID : 353
Tcw:
[0.9987421, -0.0016563834, 0.050115082, 0.23743281;
 0.039033141, 0.65305269, -0.75630593, 0.0569956;
 -0.031475056, 0.75731069, 0.65229583, 0.59488469;
 0, 0, 0, 1]
Twc:
[0.9987421, 0.039033141, -0.031475056, -0.22063482;
 -0.0016563834, 0.65305269, 0.75731069, -0.48734039;
 0.050115082, -0.75630593, 0.65229583, -0.35683364;
 0, 0, 0, 1]
Ow:
[0.23743281;
 0.0569956;
 0.59488469]
Keyframe: 44 Frame: 359 Frame from vFrameID : 360
Tcw:
[0.99790704, 0.0007530271, 0.064660557, 0.24754921;
 0.047292154, 0.6734665, -0.73770344, 0.063326508;
 -0.044102229, 0.73921734, 0.67202133, 0.60873896;
 0, 0, 0, 1]
Twc:
[0.99790704, 0.047292154, -0.044102229, -0.22317919;
 0.0007530271, 0.6734665, 0.73921734, -0.49282512;
 0.064660557, -0.73770344, 0.67202133, -0.37837607;
 0, 0, 0, 1]
Ow:
[0.24754921;
 0.063326508;
 0.60873896]
Keyframe: 45 Frame: 366 Frame from vFrameID : 367
Tcw:
[0.99946445, -0.0052171033, 0.032305539, 0.26365522;
 0.027785925, 0.65677714, -0.75357264, 0.070476383;
 -0.017286073, 0.75406665, 0.65657037, 0.63029373;
 0, 0, 0, 1]
Twc:
[0.99946445, 0.027785925, -0.017286073, -0.25457695;
 -0.0052171033, 0.65677714, 0.75406665, -0.52019525;
 0.032305539, -0.75357264, 0.65657037, -0.36924061;
 0, 0, 0, 1]
Ow:
[0.26365522;
 0.070476383;
 0.63029373]
Keyframe: 46 Frame: 373 Frame from vFrameID : 374
Tcw:
[0.99952233, -0.026706824, -0.015551385, 0.26926664;
 0.0060095773, 0.66156065, -0.74986756, 0.066703975;
 0.030314766, 0.74941593, 0.66140515, 0.65037602;
 0, 0, 0, 1]
Twc:
[0.99952233, 0.0060095773, 0.030314766, -0.28925487;
 -0.026706824, 0.66156065, 0.74941593, -0.52433962;
 -0.015551385, -0.74986756, 0.66140515, -0.37595543;
 0, 0, 0, 1]
Ow:
[0.26926664;
 0.066703975;
 0.65037602]
Keyframe: 47 Frame: 379 Frame from vFrameID : 380
Tcw:
[0.99961585, -0.025392238, 0.011107698, 0.27211913;
 0.025159493, 0.66325945, -0.74796653, 0.067788035;
 0.011625258, 0.74795866, 0.66364348, 0.66152954;
 0, 0, 0, 1]
Twc:
[0.99961585, 0.025159493, 0.011625258, -0.28141055;
 -0.025392238, 0.66325945, 0.74795866, -0.53284812;
 0.011107698, -0.74796653, 0.66364348, -0.39133924;
 0, 0, 0, 1]
Ow:
[0.27211913;
 0.067788035;
 0.66152954]
Keyframe: 48 Frame: 386 Frame from vFrameID : 387
Tcw:
[0.99769598, -0.023025805, 0.063816413, 0.27519384;
 0.063050672, 0.66196394, -0.7468791, 0.067658067;
 -0.025046675, 0.74918193, 0.66189057, 0.677679;
 0, 0, 0, 1]
Twc:
[0.99769598, 0.063050672, -0.025046675, -0.26185209;
 -0.023025805, 0.66196394, 0.74918193, -0.54615551;
 0.063816413, -0.7468791, 0.66189057, -0.41557881;
 0, 0, 0, 1]
Ow:
[0.27519384;
 0.067658067;
 0.677679]
Keyframe: 49 Frame: 392 Frame from vFrameID : 393
Tcw:
[0.99895656, -0.01620879, 0.042696938, 0.28741729;
 0.042564321, 0.66930127, -0.74177086, 0.071459591;
 -0.016553909, 0.7428143, 0.66929287, 0.69247079;
 0, 0, 0, 1]
Twc:
[0.99895656, 0.042564321, -0.016553909, -0.27869594;
 -0.01620879, 0.66930127, 0.7428143, -0.5575465;
 0.042696938, -0.74177086, 0.66929287, -0.42273098;
 0, 0, 0, 1]
Ow:
[0.28741729;
 0.071459591;
 0.69247079]
Keyframe: 50 Frame: 400 Frame from vFrameID : 401
Tcw:
[0.99940848, -0.034272492, 0.0028442927, 0.29676145;
 0.02527903, 0.67603606, -0.73643482, 0.073261082;
 0.023316611, 0.73607105, 0.67650253, 0.71232253;
 0, 0, 0, 1]
Twc:
[0.99940848, 0.02527903, 0.023316611, -0.31504682;
 -0.034272492, 0.67603606, 0.73607105, -0.56367642;
 0.0028442927, -0.73643482, 0.67650253, -0.42878008;
 0, 0, 0, 1]
Ow:
[0.29676145;
 0.073261082;
 0.71232253]
Keyframe: 51 Frame: 407 Frame from vFrameID : 408
Tcw:
[0.9992153, -0.037663344, 0.012255957, 0.30094784;
 0.034529623, 0.67678022, -0.73537487, 0.076738089;
 0.019402087, 0.73522103, 0.67754972, 0.73142636;
 0, 0, 0, 1]
Twc:
[0.9992153, 0.034529623, 0.019402087, -0.31755263;
 -0.037663344, 0.67678022, 0.73522103, -0.57836014;
 0.012255957, -0.73537487, 0.67754972, -0.44283479;
 0, 0, 0, 1]
Ow:
[0.30094784;
 0.076738089;
 0.73142636]
Keyframe: 52 Frame: 413 Frame from vFrameID : 414
Tcw:
[0.99900424, -0.032642331, 0.030413644, 0.30595094;
 0.044369977, 0.65552992, -0.75386459, 0.085146844;
 0.0046708416, 0.75446337, 0.65632552, 0.74828148;
 0, 0, 0, 1]
Twc:
[0.99900424, 0.044369977, 0.0046708416, -0.31291938;
 -0.032642331, 0.65552992, 0.75446337, -0.61038035;
 0.030413644, -0.75386459, 0.65632552, -0.43623212;
 0, 0, 0, 1]
Ow:
[0.30595094;
 0.085146844;
 0.74828148]
Keyframe: 53 Frame: 420 Frame from vFrameID : 421
Tcw:
[0.99874479, -0.024430016, 0.043726072, 0.30464676;
 0.048879512, 0.66597766, -0.74436855, 0.085718423;
 -0.01093565, 0.74557155, 0.66633582, 0.75778687;
 0, 0, 0, 1]
Twc:
[0.99874479, 0.048879512, -0.01093565, -0.30016735;
 -0.024430016, 0.66597766, 0.74557155, -0.61462837;
 0.043726072, -0.74436855, 0.66633582, -0.45445549;
 0, 0, 0, 1]
Ow:
[0.30464676;
 0.085718423;
 0.75778687]
Keyframe: 54 Frame: 427 Frame from vFrameID : 428
Tcw:
[0.99946362, -0.025556037, 0.020478711, 0.31348163;
 0.032260358, 0.66070515, -0.74995202, 0.089001328;
 0.0056354115, 0.7502104, 0.66117519, 0.78159463;
 0, 0, 0, 1]
Twc:
[0.99946362, 0.032260358, 0.0056354115, -0.3205893;
 -0.025556037, 0.66070515, 0.7502104, -0.63715267;
 0.020478711, -0.74995202, 0.66117519, -0.45644394;
 0, 0, 0, 1]
Ow:
[0.31348163;
 0.089001328;
 0.78159463]
Keyframe: 55 Frame: 435 Frame from vFrameID : 436
Tcw:
[0.99895394, -0.045159385, -0.007186838, 0.32335165;
 0.025096802, 0.6728242, -0.7393766, 0.091403574;
 0.038225271, 0.73842281, 0.67325377, 0.80094838;
 0, 0, 0, 1]
Twc:
[0.99895394, 0.025096802, 0.038225271, -0.3559238;
 -0.045159385, 0.6728242, 0.73842281, -0.63833469;
 -0.007186838, -0.7393766, 0.67325377, -0.46933594;
 0, 0, 0, 1]
Ow:
[0.32335165;
 0.091403574;
 0.80094838]
Keyframe: 56 Frame: 443 Frame from vFrameID : 444
Tcw:
[0.99896145, -0.041873451, 0.017960748, 0.32519189;
 0.041316345, 0.66632688, -0.74451423, 0.091934502;
 0.019207653, 0.74448311, 0.66736495, 0.81960368;
 0, 0, 0, 1]
Twc:
[0.99896145, 0.041316345, 0.019207653, -0.34439522;
 -0.041873451, 0.66632688, 0.74448311, -0.65782261;
 0.017960748, -0.74451423, 0.66736495, -0.48436892;
 0, 0, 0, 1]
Ow:
[0.32519189;
 0.091934502;
 0.81960368]
Keyframe: 57 Frame: 449 Frame from vFrameID : 450
Tcw:
[0.99913526, -0.028877549, 0.029914591, 0.32817021;
 0.041549388, 0.66638398, -0.74445015, 0.089150071;
 0.0015632906, 0.7450493, 0.66700757, 0.82815969;
 0, 0, 0, 1]
Twc:
[0.99913526, 0.041549388, 0.0015632906, -0.33288521;
 -0.028877549, 0.66638398, 0.7450493, -0.66695124;
 0.029914591, -0.74445015, 0.66700757, -0.49583805;
 0, 0, 0, 1]
Ow:
[0.32817021;
 0.089150071;
 0.82815969]
Keyframe: 58 Frame: 456 Frame from vFrameID : 457
Tcw:
[0.99925739, -0.037812304, 0.0074130734, 0.33799705;
 0.030744359, 0.66643089, -0.74493265, 0.08206144;
 0.023227319, 0.74460733, 0.66709846, 0.83995199;
 0, 0, 0, 1]
Twc:
[0.99925739, 0.030744359, 0.023227319, -0.35977879;
 -0.037812304, 0.66643089, 0.74460733, -0.66734225;
 0.0074130734, -0.74493265, 0.66709846, -0.50170606;
 0, 0, 0, 1]
Ow:
[0.33799705;
 0.08206144;
 0.83995199]
Keyframe: 59 Frame: 463 Frame from vFrameID : 464
Tcw:
[0.99910516, -0.041159596, -0.0097361039, 0.34477559;
 0.020409679, 0.67078984, -0.74136662, 0.074538291;
 0.037045229, 0.7405045, 0.67102963, 0.85363418;
 0, 0, 0, 1]
Twc:
[0.99910516, 0.020409679, 0.037045229, -0.37761143;
 -0.041159596, 0.67078984, 0.7405045, -0.66792864;
 -0.0097361039, -0.74136662, 0.67102963, -0.51419687;
 0, 0, 0, 1]
Ow:
[0.34477559;
 0.074538291;
 0.85363418]
Keyframe: 60 Frame: 470 Frame from vFrameID : 471
Tcw:
[0.99934602, -0.034557603, 0.010643208, 0.33290422;
 0.031257827, 0.67763573, -0.7347331, 0.069632113;
 0.018178398, 0.73458529, 0.67827278, 0.86552131;
 0, 0, 0, 1]
Twc:
[0.99934602, 0.031257827, 0.018178398, -0.35059685;
 -0.034557603, 0.67763573, 0.73458529, -0.67148012;
 0.010643208, -0.7347331, 0.67827278, -0.5394417;
 0, 0, 0, 1]
Ow:
[0.33290422;
 0.069632113;
 0.86552131]
Keyframe: 61 Frame: 476 Frame from vFrameID : 477
Tcw:
[0.99917352, -0.016736316, 0.037042137, 0.33558244;
 0.038652573, 0.67320067, -0.73844898, 0.072865188;
 -0.012577876, 0.73927045, 0.67329115, 0.86734313;
 0, 0, 0, 1]
Twc:
[0.99917352, 0.038652573, -0.012577876, -0.32721218;
 -0.016736316, 0.67320067, 0.73927045, -0.68463761;
 0.037042137, -0.73844898, 0.67329115, -0.54259795;
 0, 0, 0, 1]
Ow:
[0.33558244;
 0.072865188;
 0.86734313]
Keyframe: 62 Frame: 483 Frame from vFrameID : 484
Tcw:
[0.99762422, -0.015939718, 0.06702143, 0.33064264;
 0.059376702, 0.69227421, -0.71918762, 0.070233524;
 -0.03493356, 0.72145844, 0.691576, 0.86073071;
 0, 0, 0, 1]
Twc:
[0.99762422, 0.059376702, -0.03493356, -0.30395895;
 -0.015939718, 0.69227421, 0.72145844, -0.66433197;
 0.06702143, -0.71918762, 0.691576, -0.56690973;
 0, 0, 0, 1]
Ow:
[0.33064264;
 0.070233524;
 0.86073071]
Keyframe: 63 Frame: 490 Frame from vFrameID : 491
Tcw:
[0.9986282, -0.049631264, 0.016686065, 0.33855122;
 0.046069555, 0.68137401, -0.73048413, 0.077004462;
 0.024885401, 0.73025078, 0.68272579, 0.85006064;
 0, 0, 0, 1]
Twc:
[0.9986282, 0.046069555, 0.024885401, -0.36278847;
 -0.049631264, 0.68137401, 0.73025078, -0.65642357;
 0.016686065, -0.73048413, 0.68272579, -0.5297569;
 0, 0, 0, 1]
Ow:
[0.33855122;
 0.077004462;
 0.85006064]
Keyframe: 64 Frame: 496 Frame from vFrameID : 497
Tcw:
[0.99803096, -0.060075607, 0.018031484, 0.32693452;
 0.05516107, 0.7038092, -0.70824426, 0.073477268;
 0.029857477, 0.70784432, 0.70573717, 0.85518843;
 0, 0, 0, 1]
Twc:
[0.99803096, 0.05516107, 0.029857477, -0.35587764;
 -0.060075607, 0.7038092, 0.70784432, -0.63741344;
 0.018031484, -0.70824426, 0.70573717, -0.55739355;
 0, 0, 0, 1]
Ow:
[0.32693452;
 0.073477268;
 0.85518843]
Keyframe: 65 Frame: 503 Frame from vFrameID : 504
Tcw:
[0.99870068, -0.039300803, 0.032441337, 0.32520366;
 0.0507138, 0.7038753, -0.70851094, 0.076940238;
 0.0050103934, 0.70923555, 0.70495379, 0.85466254;
 0, 0, 0, 1]
Twc:
[0.99870068, 0.0507138, 0.0050103934, -0.33296525;
 -0.039300803, 0.7038753, 0.70923555, -0.64753264;
 0.032441337, -0.70851094, 0.70495379, -0.55853468;
 0, 0, 0, 1]
Ow:
[0.32520366;
 0.076940238;
 0.85466254]
Keyframe: 66 Frame: 511 Frame from vFrameID : 512
Tcw:
[0.99812949, -0.041099068, 0.045259025, 0.31045687;
 0.061052702, 0.70854884, -0.70301574, 0.077447414;
 -0.003174938, 0.7044639, 0.70973271, 0.84443879;
 0, 0, 0, 1]
Twc:
[0.99812949, 0.061052702, -0.003174938, -0.3119235;
 -0.041099068, 0.70854884, 0.7044639, -0.63699245;
 0.045259025, -0.70301574, 0.70973271, -0.55893004;
 0, 0, 0, 1]
Ow:
[0.31045687;
 0.077447414;
 0.84443879]
Keyframe: 67 Frame: 517 Frame from vFrameID : 518
Tcw:
[0.99649888, -0.083565079, 0.0026291623, 0.31673428;
 0.05982456, 0.69072425, -0.72063935, 0.089098155;
 0.058404259, 0.71827358, 0.69330513, 0.82650554;
 0, 0, 0, 1]
Twc:
[0.99649888, 0.05982456, 0.058404259, -0.36922705;
 -0.083565079, 0.69072425, 0.71827358, -0.62873143;
 0.0026291623, -0.72063935, 0.69330513, -0.5096457;
 0, 0, 0, 1]
Ow:
[0.31673428;
 0.089098155;
 0.82650554]
Keyframe: 68 Frame: 524 Frame from vFrameID : 525
Tcw:
[0.99621999, -0.086649388, -0.0061312774, 0.29765192;
 0.056882385, 0.7040717, -0.70784706, 0.098159671;
 0.065651372, 0.70482266, 0.70633912, 0.8176719;
 0, 0, 0, 1]
Twc:
[0.99621999, 0.056882385, 0.065651372, -0.35579163;
 -0.086649388, 0.7040717, 0.70482266, -0.61963373;
 -0.0061312774, -0.70784706, 0.70633912, -0.50624663;
 0, 0, 0, 1]
Ow:
[0.29765192;
 0.098159671;
 0.8176719]
Keyframe: 69 Frame: 531 Frame from vFrameID : 532
Tcw:
[0.99846494, -0.051184714, 0.021162998, 0.29689348;
 0.050923645, 0.69807011, -0.71421629, 0.10083729;
 0.021783698, 0.71419764, 0.69960505, 0.81702995;
 0, 0, 0, 1]
Twc:
[0.99846494, 0.050923645, 0.021783698, -0.31937066;
 -0.051184714, 0.69807011, 0.71419764, -0.63871592;
 0.021162998, -0.71421629, 0.69960505, -0.50586176;
 0, 0, 0, 1]
Ow:
[0.29689348;
 0.10083729;
 0.81702995]
Keyframe: 70 Frame: 539 Frame from vFrameID : 540
Tcw:
[0.99772072, -0.039102294, 0.054994315, 0.29122892;
 0.066412702, 0.71330899, -0.69769597, 0.1017203;
 -0.011946427, 0.69975805, 0.71428007, 0.81402981;
 0, 0, 0, 1]
Twc:
[0.99772072, 0.066412702, -0.011946427, -0.2875959;
 -0.039102294, 0.71330899, 0.69975805, -0.63079417;
 0.054994315, -0.69769597, 0.71428007, -0.52649128;
 0, 0, 0, 1]
Ow:
[0.29122892;
 0.1017203;
 0.81402981]
Keyframe: 71 Frame: 545 Frame from vFrameID : 546
Tcw:
[0.9972921, -0.067811914, 0.028461475, 0.29142615;
 0.067847326, 0.69903666, -0.71185988, 0.10348502;
 0.028376965, 0.71186322, 0.70174462, 0.81520069;
 0, 0, 0, 1]
Twc:
[0.9972921, 0.067847326, 0.028376965, -0.3207911;
 -0.067811914, 0.69903666, 0.71186322, -0.63288909;
 0.028461475, -0.71185988, 0.70174462, -0.50669026;
 0, 0, 0, 1]
Ow:
[0.29142615;
 0.10348502;
 0.81520069]
Keyframe: 72 Frame: 551 Frame from vFrameID : 552
Tcw:
[0.99900907, -0.043275323, 0.010396274, 0.26988566;
 0.03816909, 0.71291679, -0.70020908, 0.12322915;
 0.022890095, 0.69991207, 0.71386212, 0.79671812;
 0, 0, 0, 1]
Twc:
[0.99900907, 0.03816909, 0.022890095, -0.29255873;
 -0.043275323, 0.71291679, 0.69991207, -0.63380533;
 0.010396274, -0.70020908, 0.71386212, -0.48526651;
 0, 0, 0, 1]
Ow:
[0.26988566;
 0.12322915;
 0.79671812]
Keyframe: 73 Frame: 557 Frame from vFrameID : 558
Tcw:
[0.99905539, -0.017753826, 0.039662443, 0.27081615;
 0.040406357, 0.71536809, -0.69757855, 0.12166461;
 -0.015988559, 0.69852227, 0.7154097, 0.80186057;
 0, 0, 0, 1]
Twc:
[0.99905539, 0.040406357, -0.015988559, -0.26265576;
 -0.017753826, 0.71536809, 0.69852227, -0.64234436;
 0.039662443, -0.69757855, 0.7154097, -0.49952942;
 0, 0, 0, 1]
Ow:
[0.27081615;
 0.12166461;
 0.80186057]
Keyframe: 74 Frame: 564 Frame from vFrameID : 565
Tcw:
[0.99731106, -0.023106512, 0.069546901, 0.26903471;
 0.06567774, 0.70283514, -0.7083143, 0.12296689;
 -0.032513335, 0.71097738, 0.70246285, 0.80254626;
 0, 0, 0, 1]
Twc:
[0.99731106, 0.06567774, -0.032513335, -0.25029403;
 -0.023106512, 0.70283514, 0.71097738, -0.65080118;
 0.069546901, -0.7083143, 0.70246285, -0.49537024;
 0, 0, 0, 1]
Ow:
[0.26903471;
 0.12296689;
 0.80254626]
Keyframe: 75 Frame: 572 Frame from vFrameID : 573
Tcw:
[0.99929392, -0.0215887, 0.030750755, 0.27154213;
 0.036887694, 0.71925205, -0.69376928, 0.12484285;
 -0.0071399678, 0.69441372, 0.71954054, 0.80466115;
 0, 0, 0, 1]
Twc:
[0.99929392, 0.036887694, -0.0071399678, -0.27021033;
 -0.0215887, 0.71925205, 0.69441372, -0.64269894;
 0.030750755, -0.69376928, 0.71954054, -0.50072432;
 0, 0, 0, 1]
Ow:
[0.27154213;
 0.12484285;
 0.80466115]
Keyframe: 76 Frame: 580 Frame from vFrameID : 581
Tcw:
[0.99829477, -0.05798354, 0.006741045, 0.27234307;
 0.046113063, 0.71252692, -0.70012778, 0.12532735;
 0.035792712, 0.6992448, 0.71398574, 0.80611563;
 0, 0, 0, 1]
Twc:
[0.99829477, 0.046113063, 0.035792712, -0.30651096;
 -0.05798354, 0.71252692, 0.6992448, -0.63717979;
 0.006741045, -0.70012778, 0.71398574, -0.48964572;
 0, 0, 0, 1]
Ow:
[0.27234307;
 0.12532735;
 0.80611563]
Keyframe: 77 Frame: 587 Frame from vFrameID : 588
Tcw:
[0.99908739, -0.015659675, 0.039738759, 0.27270937;
 0.03864738, 0.72757846, -0.68493503, 0.12570789;
 -0.018187204, 0.68584573, 0.72751963, 0.80863452;
 0, 0, 0, 1]
Twc:
[0.99908739, 0.03864738, -0.018187204, -0.26261199;
 -0.015659675, 0.72757846, 0.68584573, -0.64179033;
 0.039738759, -0.68493503, 0.72751963, -0.51303291;
 0, 0, 0, 1]
Ow:
[0.27270937;
 0.12570789;
 0.80863452]
Keyframe: 78 Frame: 594 Frame from vFrameID : 595
Tcw:
[0.9987936, -0.01375378, 0.047139939, 0.27286637;
 0.042068176, 0.73484147, -0.67693299, 0.12535703;
 -0.025329996, 0.67809939, 0.73453361, 0.81037027;
 0, 0, 0, 1]
Twc:
[0.9987936, 0.042068176, -0.025329996, -0.25728405;
 -0.01375378, 0.73484147, 0.67809939, -0.63787621;
 0.047139939, -0.67693299, 0.73453361, -0.52324873;
 0, 0, 0, 1]
Ow:
[0.27286637;
 0.12535703;
 0.81037027]
Keyframe: 79 Frame: 601 Frame from vFrameID : 602
Tcw:
[0.99862134, -0.052217856, -0.0053555481, 0.2743381;
 0.034218565, 0.72495705, -0.68794358, 0.12737772;
 0.039805479, 0.68681186, 0.72574443, 0.81145537;
 0, 0, 0, 1]
Twc:
[0.99862134, 0.034218565, 0.039805479, -0.31061894;
 -0.052217856, 0.72495705, 0.68681186, -0.63533521;
 -0.0053555481, -0.68794358, 0.72574443, -0.49981129;
 0, 0, 0, 1]
Ow:
[0.2743381;
 0.12737772;
 0.81145537]
Keyframe: 80 Frame: 608 Frame from vFrameID : 609
Tcw:
[0.99800813, -0.061494466, -0.014078463, 0.2742382;
 0.035352558, 0.7300024, -0.68252963, 0.12804201;
 0.052249108, 0.68067241, 0.73072231, 0.81338584;
 0, 0, 0, 1]
Twc:
[0.99800813, 0.035352558, 0.052249108, -0.32071725;
 -0.061494466, 0.7300024, 0.68067241, -0.63025618;
 -0.014078463, -0.68252963, 0.73072231, -0.50310588;
 0, 0, 0, 1]
Ow:
[0.2742382;
 0.12804201;
 0.81338584]
Keyframe: 81 Frame: 615 Frame from vFrameID : 616
Tcw:
[0.9990595, -0.035671845, 0.024650363, 0.27588949;
 0.042913083, 0.73198634, -0.67996651, 0.12874791;
 0.0062119327, 0.68038487, 0.73282868, 0.81671107;
 0, 0, 0, 1]
Twc:
[0.9990595, 0.042913083, 0.0062119327, -0.28622833;
 -0.035671845, 0.73198634, 0.68038487, -0.64007801;
 0.024650363, -0.67996651, 0.73282868, -0.51776576;
 0, 0, 0, 1]
Ow:
[0.27588949;
 0.12874791;
 0.81671107]
Keyframe: 82 Frame: 622 Frame from vFrameID : 623
Tcw:
[0.99797934, -0.021460265, 0.059805207, 0.2763274;
 0.056125555, 0.73895544, -0.67141253, 0.12866306;
 -0.029784692, 0.67341244, 0.73866671, 0.8192575;
 0, 0, 0, 1]
Twc:
[0.99797934, 0.056125555, -0.029784692, -0.258589;
 -0.021460265, 0.73895544, 0.67341244, -0.6408444;
 0.059805207, -0.67141253, 0.73866671, -0.53529811;
 0, 0, 0, 1]
Ow:
[0.2763274;
 0.12866306;
 0.8192575]
Keyframe: 83 Frame: 629 Frame from vFrameID : 630
Tcw:
[0.99822557, -0.023997758, 0.054495595, 0.2759327;
 0.054464977, 0.73787981, -0.67273092, 0.12835142;
 -0.024067165, 0.67450535, 0.73787755, 0.82171226;
 0, 0, 0, 1]
Twc:
[0.99822557, 0.054464977, -0.024067165, -0.26265746;
 -0.023997758, 0.73787981, 0.67450535, -0.64233547;
 0.054495595, -0.67273092, 0.73787755, -0.53501421;
 0, 0, 0, 1]
Ow:
[0.2759327;
 0.12835142;
 0.82171226]
Keyframe: 84 Frame: 636 Frame from vFrameID : 637
Tcw:
[0.99883777, -0.041060179, 0.025243323, 0.27862814;
 0.047395293, 0.74144757, -0.66933489, 0.12911612;
 0.008766409, 0.66975331, 0.7425319, 0.82375026;
 0, 0, 0, 1]
Twc:
[0.99883777, 0.047395293, 0.008766409, -0.29164514;
 -0.041060179, 0.74144757, 0.66975331, -0.63600183;
 0.025243323, -0.66933489, 0.7425319, -0.5322724;
 0, 0, 0, 1]
Ow:
[0.27862814;
 0.12911612;
 0.82375026]
Keyframe: 85 Frame: 644 Frame from vFrameID : 645
Tcw:
[0.99858469, -0.037167814, 0.038042195, 0.27901593;
 0.053054098, 0.74630344, -0.66348809, 0.12912253;
 -0.0037306193, 0.66456735, 0.74721909, 0.82831943;
 0, 0, 0, 1]
Twc:
[0.99858469, 0.053054098, -0.0037306193, -0.28238136;
 -0.037167814, 0.74630344, 0.66456735, -0.63646817;
 0.038042195, -0.66348809, 0.74721909, -0.54387915;
 0, 0, 0, 1]
Ow:
[0.27901593;
 0.12912253;
 0.82831943]
Keyframe: 86 Frame: 651 Frame from vFrameID : 652
Tcw:
[0.99639589, -0.031073313, 0.078928106, 0.27966416;
 0.076156899, 0.73746437, -0.67107856, 0.13101572;
 -0.037354026, 0.67467088, 0.7371729, 0.8306787;
 0, 0, 0, 1]
Twc:
[0.99639589, 0.076156899, -0.037354026, -0.25760478;
 -0.031073313, 0.73746437, 0.67467088, -0.64836407;
 0.078928106, -0.67107856, 0.7371729, -0.54650539;
 0, 0, 0, 1]
Ow:
[0.27966416;
 0.13101572;
 0.8306787]
Keyframe: 87 Frame: 658 Frame from vFrameID : 659
Tcw:
[0.99806362, -0.048888274, 0.038456827, 0.28140473;
 0.061941251, 0.72470301, -0.68627173, 0.13197356;
 0.0056808605, 0.68732488, 0.7263279, 0.8335306;
 0, 0, 0, 1]
Twc:
[0.99806362, 0.061941251, 0.0056808605, -0.2937696;
 -0.048888274, 0.72470301, 0.68732488, -0.65479058;
 0.038456827, -0.68627173, 0.7263279, -0.52566874;
 0, 0, 0, 1]
Ow:
[0.28140473;
 0.13197356;
 0.8335306]
Keyframe: 88 Frame: 666 Frame from vFrameID : 667
Tcw:
[0.99831992, -0.057117648, 0.0097394362, 0.28250194;
 0.047833141, 0.71755934, -0.69485295, 0.13284093;
 0.032699741, 0.6941514, 0.71908593, 0.837147;
 0, 0, 0, 1]
Twc:
[0.99831992, 0.047833141, 0.032699741, -0.31575599;
 -0.057117648, 0.71755934, 0.6941514, -0.66029215;
 0.0097394362, -0.69485295, 0.71908593, -0.51242709;
 0, 0, 0, 1]
Ow:
[0.28250194;
 0.13284093;
 0.837147]
Keyframe: 89 Frame: 673 Frame from vFrameID : 674
Tcw:
[0.99793279, -0.034382284, 0.054295439, 0.28267825;
 0.062579513, 0.71216601, -0.69921631, 0.13252813;
 -0.014626715, 0.70116866, 0.71284544, 0.83958316;
 0, 0, 0, 1]
Twc:
[0.99793279, 0.062579513, -0.014626715, -0.27810711;
 -0.034382284, 0.71216601, 0.70116866, -0.67335224;
 0.054295439, -0.69921631, 0.71284544, -0.52117532;
 0, 0, 0, 1]
Ow:
[0.28267825;
 0.13252813;
 0.83958316]
Keyframe: 90 Frame: 681 Frame from vFrameID : 682
Tcw:
[0.99735504, -0.024277946, 0.068509348, 0.28289178;
 0.064436547, 0.73143244, -0.67886269, 0.13315198;
 -0.033628568, 0.6814816, 0.73106217, 0.84232521;
 0, 0, 0, 1]
Twc:
[0.99735504, 0.064436547, -0.033628568, -0.2623972;
