Keyframe: 0 Frame: 0 Frame from vFrameID : 113
Tcw:
[1, 0, 0, 0;
 0, 1, 0, 0;
 0, 0, 1, 0;
 0, 0, 0, 1]
Twc:
[1, 0, 0, 0;
 0, 1, 0, 0;
 0, 0, 1, 0;
 0, 0, 0, 1]
Ow:
[0;
 0;
 0]
Keyframe: 1 Frame: 112 Frame from vFrameID : 113
Tcw:
[0.99911571, 0.0036306086, 0.04188849, -0.013628804;
 -0.003354083, 0.99997211, -0.0066698608, -0.0055454979;
 -0.041911539, 0.0065234648, 0.99910003, 0.066315278;
 0, 0, 0, 1]
Twc:
[0.99911571, -0.003354083, -0.041911539, 0.016377527;
 0.0036306086, 0.99997211, 0.0065234648, 0.0051622191;
 0.04188849, -0.0066698608, 0.99910003, -0.065721698;
 0, 0, 0, 1]
Ow:
[-0.013628804;
 -0.0055454979;
 0.066315278]
Keyframe: 2 Frame: 113 Frame from vFrameID : 114
Tcw:
[0.99909234, 0.0068950164, 0.042035602, -0.012897299;
 -0.006601132, 0.99995279, -0.0071261213, -0.0062394631;
 -0.042082753, 0.0068421708, 0.99909067, 0.071231551;
 0, 0, 0, 1]
Twc:
[0.99909234, -0.006601132, -0.042082753, 0.015842024;
 0.0068950164, 0.99995279, 0.0068421708, 0.0058407178;
 0.042035602, -0.0071261213, 0.99909067, -0.0706691;
 0, 0, 0, 1]
Ow:
[-0.012897299;
 -0.0062394631;
 0.071231551]
Keyframe: 3 Frame: 114 Frame from vFrameID : 115
Tcw:
[0.99908805, 0.0069304174, 0.042131495, -0.013031062;
 -0.0066362242, 0.99995261, -0.0071185874, -0.0062380098;
 -0.042178832, 0.0068325014, 0.99908674, 0.071253985;
 0, 0, 0, 1]
Twc:
[0.99908805, -0.0066362242, -0.042178832, 0.015983189;
 0.0069304174, 0.99995261, 0.0068325014, 0.0058411821;
 0.042131495, -0.0071185874, 0.99908674, -0.070684291;
 0, 0, 0, 1]
Ow:
[-0.013031062;
 -0.0062380098;
 0.071253985]
Keyframe: 4 Frame: 116 Frame from vFrameID : 117
Tcw:
[0.99926579, 0.007459573, 0.037579574, -0.01073761;
 -0.0070872055, 0.99992454, -0.01003226, -0.0086503923;
 -0.037651576, 0.00975856, 0.99924326, 0.083751746;
 0, 0, 0, 1]
Twc:
[0.99926579, -0.0070872055, -0.037651576, 0.013821804;
 0.007459573, 0.99992454, 0.00975856, 0.0079125417;
 0.037579574, -0.01003226, 0.99924326, -0.083371639;
 0, 0, 0, 1]
Ow:
[-0.01073761;
 -0.0086503923;
 0.083751746]
Keyframe: 5 Frame: 118 Frame from vFrameID : 119
Tcw:
[0.99965024, 0.0098134335, 0.024558166, -0.0016979128;
 -0.0093549434, 0.99978107, -0.0187153, -0.013001107;
 -0.024736451, 0.018479014, 0.99952322, 0.10165484;
 0, 0, 0, 1]
Twc:
[0.99965024, -0.0093549434, -0.024736451, 0.0040902742;
 0.0098134335, 0.99978107, 0.018479014, 0.011136442;
 0.024558166, -0.0187153, 0.99952322, -0.10180799;
 0, 0, 0, 1]
Ow:
[-0.0016979128;
 -0.013001107;
 0.10165484]
Keyframe: 6 Frame: 121 Frame from vFrameID : 122
Tcw:
[0.99984658, 0.0058812574, 0.016501134, 0.0020249798;
 -0.0054313536, 0.99961585, -0.027178604, -0.016983539;
 -0.01665464, 0.027084811, 0.99949437, 0.11153127;
 0, 0, 0, 1]
Twc:
[0.99984658, -0.0054313536, -0.01665464, -0.00025939959;
 0.0058812574, 0.99961585, 0.027084811, 0.013944301;
 0.016501134, -0.027178604, 0.99949437, -0.11196988;
 0, 0, 0, 1]
Ow:
[0.0020249798;
 -0.016983539;
 0.11153127]
Keyframe: 7 Frame: 124 Frame from vFrameID : 125
Tcw:
[0.99980706, 0.015036814, 0.012637693, 0.0079148263;
 -0.014497433, 0.99902332, -0.041739643, -0.020193465;
 -0.013252981, 0.041548375, 0.99904859, 0.1262572;
 0, 0, 0, 1]
Twc:
[0.99980706, -0.014497433, -0.013252981, -0.0065327683;
 0.015036814, 0.99902332, 0.041548375, 0.014808949;
 0.012637693, -0.041739643, 0.99904859, -0.12707996;
 0, 0, 0, 1]
Ow:
[0.0079148263;
 -0.020193465;
 0.1262572]
Keyframe: 8 Frame: 127 Frame from vFrameID : 128
Tcw:
[0.99987173, 0.014464582, 0.0068747117, 0.0090115629;
 -0.014266593, 0.9995054, -0.028025068, -0.021961914;
 -0.0072766826, 0.027923396, 0.9995836, 0.13990089;
 0, 0, 0, 1]
Twc:
[0.99987173, -0.014266593, -0.0072766826, -0.0083057145;
 0.014464582, 0.9995054, 0.027923396, 0.017914196;
 0.0068747117, -0.028025068, 0.9995836, -0.14052007;
 0, 0, 0, 1]
Ow:
[0.0090115629;
 -0.021961914;
 0.13990089]
Keyframe: 9 Frame: 130 Frame from vFrameID : 131
Tcw:
[0.99988019, 0.014868123, 0.0043108761, 0.010782376;
 -0.014779286, 0.99969167, -0.019954709, -0.02488816;
 -0.0046062358, 0.019888608, 0.99979156, 0.15441506;
 0, 0, 0, 1]
Twc:
[0.99988019, -0.014779286, -0.0046062358, -0.010437641;
 0.014868123, 0.99969167, 0.019888608, 0.021649072;
 0.0043108761, -0.019954709, 0.99979156, -0.154926;
 0, 0, 0, 1]
Ow:
[0.010782376;
 -0.02488816;
 0.15441506]
Keyframe: 10 Frame: 133 Frame from vFrameID : 134
Tcw:
[0.99971437, 0.016725639, 0.017069619, 0.0079022171;
 -0.016408412, 0.99969316, -0.018558165, -0.028030029;
 -0.017374778, 0.01827278, 0.99968207, 0.18411636;
 0, 0, 0, 1]
Twc:
[0.99971437, -0.016408412, -0.017374778, -0.0051609077;
 0.016725639, 0.99969316, 0.01827278, 0.02452494;
 0.017069619, -0.018558165, 0.99968207, -0.1847129;
 0, 0, 0, 1]
Ow:
[0.0079022171;
 -0.028030029;
 0.18411636]
Keyframe: 11 Frame: 136 Frame from vFrameID : 137
Tcw:
[0.99975455, 0.011688337, 0.01882226, 0.004109289;
 -0.01124323, 0.99965864, -0.023582604, -0.031260539;
 -0.019091476, 0.023365192, 0.99954468, 0.20029303;
 0, 0, 0, 1]
Twc:
[0.99975455, -0.01124323, -0.019091476, -0.00063586008;
 0.011688337, 0.99965864, 0.023365192, 0.026521955;
 0.01882226, -0.023582604, 0.99954468, -0.20101638;
 0, 0, 0, 1]
Ow:
[0.004109289;
 -0.031260539;
 0.20029303]
Keyframe: 12 Frame: 139 Frame from vFrameID : 140
Tcw:
[0.99988204, 0.00014737989, 0.015359919, -0.00044485275;
 0.00025427539, 0.99965817, -0.026144337, -0.033616789;
 -0.015358522, 0.026145158, 0.99954015, 0.22197175;
 0, 0, 0, 1]
Twc:
[0.99988204, 0.00025427539, -0.015358522, 0.003862506;
 0.00014737989, 0.99965817, 0.026145158, 0.027801873;
 0.015359919, -0.026144337, 0.99954015, -0.22274174;
 0, 0, 0, 1]
Ow:
[-0.00044485275;
 -0.033616789;
 0.22197175]
Keyframe: 13 Frame: 142 Frame from vFrameID : 143
Tcw:
[0.99942726, -0.0077143693, 0.032949764, -0.0053136842;
 0.0084354309, 0.99972677, -0.021800999, -0.039359219;
 -0.032772578, 0.022066457, 0.99921924, 0.24511799;
 0, 0, 0, 1]
Twc:
[0.99942726, 0.0084354309, -0.032772578, 0.013675801;
 -0.0077143693, 0.99972677, 0.022066457, 0.033898585;
 0.032949764, -0.021800999, 0.99921924, -0.24560958;
 0, 0, 0, 1]
Ow:
[-0.0053136842;
 -0.039359219;
 0.24511799]
Keyframe: 14 Frame: 145 Frame from vFrameID : 146
Tcw:
[0.99905396, -0.011621214, 0.041905649, -0.0084724501;
 0.012219083, 0.99982679, -0.014039247, -0.042623047;
 -0.041735239, 0.014538014, 0.9990229, 0.26883769;
 0, 0, 0, 1]
Twc:
[0.99905396, 0.012219083, -0.041735239, 0.020205254;
 -0.011621214, 0.99982679, 0.014538014, 0.038608838;
 0.041905649, -0.014039247, 0.9990229, -0.26881835;
 0, 0, 0, 1]
Ow:
[-0.0084724501;
 -0.042623047;
 0.26883769]
Keyframe: 15 Frame: 149 Frame from vFrameID : 150
Tcw:
[0.9987753, -0.010180172, 0.048416935, -0.0058138371;
 0.010489046, 0.99992621, -0.0061296662, -0.044123355;
 -0.04835096, 0.0066300072, 0.99880838, 0.30485821;
 0, 0, 0, 1]
Twc:
[0.9987753, 0.010489046, -0.04835096, 0.021009715;
 -0.010180172, 0.99992621, 0.0066300072, 0.0420397;
 0.048416935, -0.0061296662, 0.99880838, -0.30448389;
 0, 0, 0, 1]
Ow:
[-0.0058138371;
 -0.044123355;
 0.30485821]
Keyframe: 16 Frame: 153 Frame from vFrameID : 154
Tcw:
[0.99914938, -0.011530586, 0.039592255, -0.0016838005;
 0.011669398, 0.99992657, -0.0032767523, -0.046023089;
 -0.039551564, 0.0037359828, 0.99921054, 0.33407763;
 0, 0, 0, 1]
Twc:
[0.99914938, 0.011669398, -0.039551564, 0.015432723;
 -0.011530586, 0.99992657, 0.0037359828, 0.044752181;
 0.039592255, -0.0032767523, 0.99921054, -0.33389804;
 0, 0, 0, 1]
Ow:
[-0.0016838005;
 -0.046023089;
 0.33407763]
Keyframe: 17 Frame: 157 Frame from vFrameID : 158
Tcw:
[0.99984568, -0.0020914252, 0.017442692, 0.0050396193;
 0.0022734636, 0.99994308, -0.01042308, -0.053364776;
 -0.017419901, 0.010461127, 0.99979353, 0.37385988;
 0, 0, 0, 1]
Twc:
[0.99984568, 0.0022734636, -0.017419901, 0.0015950829;
 -0.0020914252, 0.99994308, 0.010461127, 0.049461287;
 0.017442692, -0.01042308, 0.99979353, -0.37442681;
 0, 0, 0, 1]
Ow:
[0.0050396193;
 -0.053364776;
 0.37385988]
Keyframe: 18 Frame: 161 Frame from vFrameID : 162
Tcw:
[0.99998206, 0.0031248226, 0.005116018, 0.011253513;
 -0.0030561581, 0.99990588, -0.013374744, -0.061504707;
 -0.0051573301, 0.013358869, 0.99989748, 0.40576136;
 0, 0, 0, 1]
Twc:
[0.99998206, -0.0030561581, -0.0051573301, -0.0093486337;
 0.0031248226, 0.99990588, 0.013358869, 0.056043241;
 0.005116018, -0.013374744, 0.99989748, -0.40659994;
 0, 0, 0, 1]
Ow:
[0.011253513;
 -0.061504707;
 0.40576136]
Keyframe: 19 Frame: 166 Frame from vFrameID : 167
Tcw:
[0.99969786, 0.020873507, 0.012981341, 0.015958179;
 -0.020618368, 0.99959749, -0.019486895, -0.067246407;
 -0.013382876, 0.019213354, 0.99972582, 0.4505139;
 0, 0, 0, 1]
Twc:
[0.99969786, -0.020618368, -0.013382876, -0.011310696;
 0.020873507, 0.99959749, 0.019213354, 0.058230359;
 0.012981341, -0.019486895, 0.99972582, -0.45190799;
 0, 0, 0, 1]
Ow:
[0.015958179;
 -0.067246407;
 0.4505139]
Keyframe: 20 Frame: 170 Frame from vFrameID : 171
Tcw:
[0.9998883, 0.012024513, 0.0088748205, 0.015320024;
 -0.011781141, 0.99956644, -0.026983643, -0.069573365;
 -0.0091954377, 0.026876073, 0.99959648, 0.49010155;
 0, 0, 0, 1]
Twc:
[0.9998883, -0.011781141, -0.0091954377, -0.011631269;
 0.012024513, 0.99956644, 0.026876073, 0.056186978;
 0.0088748205, -0.026983643, 0.99959648, -0.4919171;
 0, 0, 0, 1]
Ow:
[0.015320024;
 -0.069573365;
 0.49010155]
Keyframe: 21 Frame: 175 Frame from vFrameID : 176
Tcw:
[0.99985909, -0.0029021094, 0.016534628, 0.013106513;
 0.0035414621, 0.99924189, -0.038770374, -0.073823869;
 -0.016409578, 0.038823467, 0.99911135, 0.52918619;
 0, 0, 0, 1]
Twc:
[0.99985909, 0.0035414621, -0.016409578, -0.0041594994;
 -0.0029021094, 0.99924189, 0.038823467, 0.05326109;
 0.016534628, -0.038770374, 0.99911135, -0.53179485;
 0, 0, 0, 1]
Ow:
[0.013106513;
 -0.073823869;
 0.52918619]
Keyframe: 22 Frame: 180 Frame from vFrameID : 181
Tcw:
[0.99912566, -0.017522223, 0.037958402, 0.015455646;
 0.018664889, 0.99937677, -0.02996088, -0.081184916;
 -0.037409764, 0.030643174, 0.99883008, 0.57753676;
 0, 0, 0, 1]
Twc:
[0.99912566, 0.018664889, -0.037409764, 0.007678689;
 -0.017522223, 0.99937677, 0.030643174, 0.063707583;
 0.037958402, -0.02996088, 0.99883008, -0.57988012;
 0, 0, 0, 1]
Ow:
[0.015455646;
 -0.081184916;
 0.57753676]
Keyframe: 23 Frame: 185 Frame from vFrameID : 186
Tcw:
[0.99890035, -0.0096230488, 0.045884963, 0.020066444;
 0.010745625, 0.99964744, -0.024281448, -0.084892735;
 -0.045635123, 0.024747809, 0.99865156, 0.63165981;
 0, 0, 0, 1]
Twc:
[0.99890035, 0.010745625, -0.045635123, 0.0096937204;
 -0.0096230488, 0.99964744, 0.024747809, 0.069423705;
 0.045884963, -0.024281448, 0.99865156, -0.63379014;
 0, 0, 0, 1]
Ow:
[0.020066444;
 -0.084892735;
 0.63165981]
Keyframe: 24 Frame: 190 Frame from vFrameID : 191
Tcw:
[0.9997592, -0.008068406, 0.020407256, 0.0324535;
 0.0088455733, 0.99922776, -0.038283855, -0.093427084;
 -0.020082608, 0.038455147, 0.99905849, 0.68382859;
 0, 0, 0, 1]
Twc:
[0.9997592, 0.0088455733, -0.020082608, -0.017886208;
 -0.008068406, 0.99922776, 0.038455147, 0.067320056;
 0.020407256, -0.038283855, 0.99905849, -0.68742383;
 0, 0, 0, 1]
Ow:
[0.0324535;
 -0.093427084;
 0.68382859]
Keyframe: 25 Frame: 195 Frame from vFrameID : 196
Tcw:
[0.99981546, -0.010937062, 0.015794564, 0.033638608;
 0.011223008, 0.99977267, -0.018130375, -0.10358685;
 -0.015592679, 0.018304292, 0.99971086, 0.71830654;
 0, 0, 0, 1]
Twc:
[0.99981546, 0.011223008, -0.015592679, -0.021269521;
 -0.010937062, 0.99977267, 0.018304292, 0.090783119;
 0.015794564, -0.018130375, 0.99971086, -0.72050822;
 0, 0, 0, 1]
Ow:
[0.033638608;
 -0.10358685;
 0.71830654]
Keyframe: 26 Frame: 200 Frame from vFrameID : 201
Tcw:
[0.99984461, 0.0022297162, 0.017487904, 0.035072826;
 -0.0020468971, 0.99994314, -0.010464972, -0.10925496;
 -0.017510243, 0.010427549, 0.99979228, 0.75855166;
 0, 0, 0, 1]
Twc:
[0.99984461, -0.0020468971, -0.017510243, -0.022008583;
 0.0022297162, 0.99994314, 0.010427549, 0.10126071;
 0.017487904, -0.010464972, 0.99979228, -0.76015085;
 0, 0, 0, 1]
Ow:
[0.035072826;
 -0.10925496;
 0.75855166]
Keyframe: 27 Frame: 205 Frame from vFrameID : 206
Tcw:
[0.99971855, 5.0901144e-05, 0.023723571, 0.032492258;
 0.000520606, 0.99970984, -0.024083467, -0.11552566;
 -0.023717912, 0.024089038, 0.99942845, 0.80229247;
 0, 0, 0, 1]
Twc:
[0.99971855, 0.000520606, -0.023717912, -0.013394267;
 5.0901144e-05, 0.99970984, 0.024089038, 0.096164033;
 0.023723571, -0.024083467, 0.99942845, -0.80538696;
 0, 0, 0, 1]
Ow:
[0.032492258;
 -0.11552566;
 0.80229247]
Keyframe: 28 Frame: 211 Frame from vFrameID : 212
Tcw:
[0.9993602, -0.010443441, 0.034206867, 0.027122134;
 0.011744482, 0.99920654, -0.038057093, -0.1242175;
 -0.033782277, 0.038434483, 0.99868989, 0.84873986;
 0, 0, 0, 1]
Twc:
[0.9993602, 0.011744482, -0.033782277, 0.0030264531;
 -0.010443441, 0.99920654, 0.038434483, 0.091781296;
 0.034206867, -0.038057093, 0.99868989, -0.85328305;
 0, 0, 0, 1]
Ow:
[0.027122134;
 -0.1242175;
 0.84873986]
Keyframe: 29 Frame: 216 Frame from vFrameID : 217
Tcw:
[0.9985891, -0.0088648824, 0.052357204, 0.029382937;
 0.0099330069, 0.9997471, -0.020175874, -0.13046858;
 -0.052165106, 0.020667471, 0.99842459, 0.88641;
 0, 0, 0, 1]
Twc:
[0.9985891, 0.0099330069, -0.052165106, 0.018194139;
 -0.0088648824, 0.9997471, 0.020667471, 0.1123762;
 0.052357204, -0.020175874, 0.99842459, -0.88918424;
 0, 0, 0, 1]
Ow:
[0.029382937;
 -0.13046858;
 0.88641]
Keyframe: 30 Frame: 221 Frame from vFrameID : 222
Tcw:
[0.99932551, -0.009765666, 0.035400487, 0.028364513;
 0.010516555, 0.9997223, -0.021087497, -0.13249278;
 -0.035184722, 0.021445565, 0.99915069, 0.92837447;
 0, 0, 0, 1]
Twc:
[0.99932551, 0.010516555, -0.035184722, 0.0057125851;
 -0.009765666, 0.9997223, 0.021445565, 0.11282349;
 0.035400487, -0.021087497, 0.99915069, -0.93138403;
 0, 0, 0, 1]
Ow:
[0.028364513;
 -0.13249278;
 0.92837447]
Keyframe: 31 Frame: 226 Frame from vFrameID : 227
Tcw:
[0.99990147, -0.0049822591, 0.013124814, 0.037208803;
 0.0054107634, 0.99944669, -0.0328178, -0.13692264;
 -0.012954045, 0.032885581, 0.99937516, 0.97749972;
 0, 0, 0, 1]
Twc:
[0.99990147, 0.0054107634, -0.012954045, -0.023801703;
 -0.0049822591, 0.99944669, 0.032885581, 0.10488661;
 0.013124814, -0.0328178, 0.99937516, -0.98187083;
 0, 0, 0, 1]
Ow:
[0.037208803;
 -0.13692264;
 0.97749972]
Keyframe: 32 Frame: 231 Frame from vFrameID : 232
Tcw:
[0.9998045, 0.017561857, 0.009088736, 0.039946344;
 -0.017263388, 0.99934077, -0.031937011, -0.145456;
 -0.009643618, 0.031773865, 0.99944854, 1.0171682;
 0, 0, 0, 1]
Twc:
[0.9998045, -0.017263388, -0.009643618, -0.032640416;
 0.017561857, 0.99934077, 0.031773865, 0.11233922;
 0.009088736, -0.031937011, 0.99944854, -1.0216157;
 0, 0, 0, 1]
Ow:
[0.039946344;
 -0.145456;
 1.0171682]
Keyframe: 33 Frame: 236 Frame from vFrameID : 237
Tcw:
[0.99984306, 0.017459132, 0.0029959187, 0.035513185;
 -0.017342946, 0.99922973, -0.035201147, -0.14997597;
 -0.0036081926, 0.035143666, 0.99937576, 1.0599682;
 0, 0, 0, 1]
Twc:
[0.99984306, -0.017342946, -0.0036081926, -0.034284066;
 0.017459132, 0.99922973, 0.035143666, 0.11198926;
 0.0029959187, -0.035201147, 0.99937576, -1.0646923;
 0, 0, 0, 1]
Ow:
[0.035513185;
 -0.14997597;
 1.0599682]
Keyframe: 34 Frame: 241 Frame from vFrameID : 242
Tcw:
[0.99986827, -0.004317984, 0.015644295, 0.033089012;
 0.0049474775, 0.9991703, -0.040425241, -0.15585165;
 -0.015456759, 0.040497318, 0.99906009, 1.1082796;
 0, 0, 0, 1]
Twc:
[0.99986827, 0.0049474775, -0.015456759, -0.015183172;
 -0.004317984, 0.9991703, 0.040497318, 0.11098287;
 0.015644295, -0.040425241, 0.99906009, -1.1140559;
 0, 0, 0, 1]
Ow:
[0.033089012;
 -0.15585165;
 1.1082796]
Keyframe: 35 Frame: 246 Frame from vFrameID : 247
Tcw:
[0.99955612, -0.0033369069, 0.02960512, 0.026657209;
 0.0040828353, 0.9996748, -0.02517136, -0.16310473;
 -0.029511498, 0.02528106, 0.99924469, 1.1452198;
 0, 0, 0, 1]
Twc:
[0.99955612, 0.0040828353, -0.029511498, 0.007817707;
 -0.0033369069, 0.9996748, 0.02528106, 0.13418828;
 0.02960512, -0.02517136, 0.99924469, -1.1492496;
 0, 0, 0, 1]
Ow:
[0.026657209;
 -0.16310473;
 1.1452198]
Keyframe: 36 Frame: 250 Frame from vFrameID : 251
Tcw:
[0.99953556, -0.0097108027, 0.028884642, 0.02374769;
 0.01066892, 0.99939167, -0.033203464, -0.16931419;
 -0.028544638, 0.033496212, 0.99903113, 1.166271;
 0, 0, 0, 1]
Twc:
[0.99953556, 0.01066892, -0.028544638, 0.01136052;
 -0.0097108027, 0.99939167, 0.033496212, 0.13037613;
 0.028884642, -0.033203464, 0.99903113, -1.1714488;
 0, 0, 0, 1]
Ow:
[0.02374769;
 -0.16931419;
 1.166271]
Keyframe: 37 Frame: 254 Frame from vFrameID : 255
Tcw:
[0.9994337, -0.0086864531, 0.032509319, 0.022772182;
 0.0097655896, 0.99940151, -0.033184495, -0.17299688;
 -0.032201611, 0.033483177, 0.99892038, 1.1907408;
 0, 0, 0, 1]
Twc:
[0.9994337, 0.0097655896, -0.032201611, 0.017273903;
 -0.0086864531, 0.99940151, 0.033483177, 0.13322137;
 0.032509319, -0.033184495, 0.99892038, -1.1959364;
 0, 0, 0, 1]
Ow:
[0.022772182;
 -0.17299688;
 1.1907408]
Keyframe: 38 Frame: 258 Frame from vFrameID : 259
Tcw:
[0.99955416, -0.012859325, 0.026946124, 0.02793714;
 0.013366898, 0.999735, -0.01874188, -0.17376891;
 -0.026697975, 0.019093709, 0.99946117, 1.23058;
 0, 0, 0, 1]
Twc:
[0.99955416, 0.013366898, -0.026697975, 0.0072520599;
 -0.012859325, 0.999735, 0.019093709, 0.15058579;
 0.026946124, -0.01874188, 0.99946117, -1.2339264;
 0, 0, 0, 1]
Ow:
[0.02793714;
 -0.17376891;
 1.23058]
Keyframe: 39 Frame: 262 Frame from vFrameID : 263
Tcw:
[0.99957514, -0.0073302472, 0.028209148, 0.032742646;
 0.0081424061, 0.99955249, -0.028784268, -0.17821214;
 -0.027985528, 0.02900173, 0.99918753, 1.2739291;
 0, 0, 0, 1]
Twc:
[0.99957514, 0.0081424061, -0.027985528, 0.0043739197;
 -0.0073302472, 0.99955249, 0.02900173, 0.14142624;
 0.028209148, -0.028784268, 0.99918753, -1.2789475;
 0, 0, 0, 1]
Ow:
[0.032742646;
 -0.17821214;
 1.2739291]
Keyframe: 40 Frame: 266 Frame from vFrameID : 267
Tcw:
[0.99990118, -0.0087194582, 0.011028795, 0.042841371;
 0.0091762161, 0.99907267, -0.042065915, -0.18576242;
 -0.010651776, 0.042162959, 0.99905396, 1.297982;
 0, 0, 0, 1]
Twc:
[0.99990118, 0.0091762161, -0.010651776, -0.027306728;
 -0.0087194582, 0.99907267, 0.042162959, 0.13123696;
 0.011028795, -0.042065915, 0.99905396, -1.3050408;
 0, 0, 0, 1]
Ow:
[0.042841371;
 -0.18576242;
 1.297982]
Keyframe: 41 Frame: 270 Frame from vFrameID : 271
Tcw:
[0.99992472, 0.00015944855, 0.012271181, 0.050903589;
 0.00045403768, 0.99875039, -0.049975045, -0.19097325;
 -0.012263814, 0.049976852, 0.99867511, 1.3273985;
 0, 0, 0, 1]
Twc:
[0.99992472, 0.00045403768, -0.012263814, -0.034534078;
 0.00015944855, 0.99875039, 0.049976852, 0.12438729;
 0.012271181, -0.049975045, 0.99867511, -1.3358083;
 0, 0, 0, 1]
Ow:
[0.050903589;
 -0.19097325;
 1.3273985]
Keyframe: 42 Frame: 274 Frame from vFrameID : 275
Tcw:
[0.99999279, 0.0024064393, 0.0029295709, 0.052871615;
 -0.0022813403, 0.99911577, -0.041981462, -0.19607329;
 -0.0030280063, 0.041974477, 0.9991141, 1.3571755;
 0, 0, 0, 1]
Twc:
[0.99999279, -0.0022813403, -0.0030280063, -0.04920901;
 0.0024064393, 0.99911577, 0.041974477, 0.13880596;
 0.0029295709, -0.041981462, 0.9991141, -1.3643595;
 0, 0, 0, 1]
Ow:
[0.052871615;
 -0.19607329;
 1.3571755]
Keyframe: 43 Frame: 279 Frame from vFrameID : 280
Tcw:
[0.99998379, 0.0052273506, 0.0022510595, 0.054778222;
 -0.0051308512, 0.99914891, -0.04092896, -0.20273951;
 -0.0024630937, 0.040916748, 0.99915951, 1.4011338;
 0, 0, 0, 1]
Twc:
[0.99998379, -0.0051308512, -0.0024630937, -0.052366439;
 0.0052273506, 0.99914891, 0.040916748, 0.14495076;
 0.0022510595, -0.04092896, 0.99915951, -1.4083774;
 0, 0, 0, 1]
Ow:
[0.054778222;
 -0.20273951;
 1.4011338]
Keyframe: 44 Frame: 283 Frame from vFrameID : 284
Tcw:
[0.99999601, -0.00081493449, 0.0027085647, 0.04926987;
 0.00096680829, 0.9983992, -0.056551892, -0.2111403;
 -0.0026581427, 0.056554288, 0.99839598, 1.4479355;
 0, 0, 0, 1]
Twc:
[0.99999601, 0.00096680829, -0.0026581427, -0.045216721;
 -0.00081493449, 0.9983992, 0.056554288, 0.1289555;
 0.0027085647, -0.056551892, 0.99839598, -1.4576868;
 0, 0, 0, 1]
Ow:
[0.04926987;
 -0.2111403;
 1.4479355]
Keyframe: 45 Frame: 287 Frame from vFrameID : 288
Tcw:
[0.99998122, 0.0013399312, 0.0059759067, 0.049853731;
 -0.00097380206, 0.99814618, -0.060854923, -0.21348643;
 -0.0060463697, 0.060847964, 0.99812871, 1.4714199;
 0, 0, 0, 1]
Twc:
[0.99998122, -0.00097380206, -0.0060463697, -0.04116394;
 0.0013399312, 0.99814618, 0.060847964, 0.12349095;
 0.0059759067, -0.060854923, 0.99812871, -1.4819561;
 0, 0, 0, 1]
Ow:
[0.049853731;
 -0.21348643;
 1.4714199]
Keyframe: 46 Frame: 292 Frame from vFrameID : 293
Tcw:
[0.99986386, -0.012791079, 0.010420659, 0.040895544;
 0.013272612, 0.99878156, -0.047531769, -0.22540385;
 -0.0097999787, 0.047663607, 0.99881536, 1.5115209;
 0, 0, 0, 1]
Twc:
[0.99986386, 0.013272612, -0.0097999787, -0.023085408;
 -0.012791079, 0.99878156, 0.047663607, 0.15360774;
 0.010420659, -0.047531769, 0.99881536, -1.5208703;
 0, 0, 0, 1]
Ow:
[0.040895544;
 -0.22540385;
 1.5115209]
Keyframe: 47 Frame: 296 Frame from vFrameID : 297
Tcw:
[0.99974567, -0.017000487, 0.014816573, 0.043216731;
 0.01740318, 0.99947065, -0.02748717, -0.22528911;
 -0.014341434, 0.027738037, 0.99951231, 1.5453236;
 0, 0, 0, 1]
Twc:
[0.99974567, 0.01740318, -0.014341434, -0.017122837;
 -0.017000487, 0.99947065, 0.027738037, 0.18304031;
 0.014816573, -0.02748717, 0.99951231, -1.5514029;
 0, 0, 0, 1]
Ow:
[0.043216731;
 -0.22528911;
 1.5453236]
Keyframe: 48 Frame: 301 Frame from vFrameID : 302
Tcw:
[0.99986035, -0.016711898, 0.00022886116, 0.046885435;
 0.016706252, 0.9989329, -0.043057501, -0.23625392;
 0.0004909556, 0.043055311, 0.99907255, 1.5982389;
 0, 0, 0, 1]
Twc:
[0.99986035, 0.016706252, 0.0004909556, -0.043716632;
 -0.016711898, 0.9989329, 0.043055311, 0.16797268;
 0.00022886116, -0.043057501, 0.99907255, -1.6069399;
 0, 0, 0, 1]
Ow:
[0.046885435;
 -0.23625392;
 1.5982389]
Keyframe: 49 Frame: 305 Frame from vFrameID : 306
Tcw:
[0.99999362, 0.0015158269, -0.0032303473, 0.058886971;
 -0.0016700688, 0.99883181, -0.048292633, -0.2395504;
 0.0031533702, 0.048297718, 0.99882799, 1.6349223;
 0, 0, 0, 1]
Twc:
[0.99999362, -0.0016700688, 0.0031533702, -0.06444218;
 0.0015158269, 0.99883181, 0.048297718, 0.16021828;
 -0.0032303473, -0.048292633, 0.99882799, -1.6443845;
 0, 0, 0, 1]
Ow:
[0.058886971;
 -0.2395504;
 1.6349223]
Keyframe: 50 Frame: 309 Frame from vFrameID : 310
Tcw:
[0.99995708, 0.0043812199, -0.0081593068, 0.063722558;
 -0.004692201, 0.99924785, -0.038492907, -0.25285214;
 0.0079845237, 0.038529541, 0.99922556, 1.6668565;
 0, 0, 0, 1]
Twc:
[0.99995708, -0.004692201, 0.0079845237, -0.078215323;
 0.0043812199, 0.99924785, 0.038529541, 0.18815956;
 -0.0081593068, -0.038492907, 0.99922556, -1.6747787;
 0, 0, 0, 1]
Ow:
[0.063722558;
 -0.25285214;
 1.6668565]
Keyframe: 51 Frame: 314 Frame from vFrameID : 315
Tcw:
[0.99978155, 0.020057283, -0.0058767358, 0.067369729;
 -0.02017547, 0.9995802, -0.020793732, -0.25703263;
 0.0054572029, 0.020907756, 0.99976653, 1.7056353;
 0, 0, 0, 1]
Twc:
[0.99978155, -0.02017547, 0.0054572029, -0.08184877;
 0.020057283, 0.9995802, 0.020907756, 0.21991247;
 -0.0058767358, -0.020793732, 0.99976653, -1.7101858;
 0, 0, 0, 1]
Ow:
[0.067369729;
 -0.25703263;
 1.7056353]
Keyframe: 52 Frame: 318 Frame from vFrameID : 319
Tcw:
[0.99977893, 0.021008797, -0.00086146861, 0.0639164;
 -0.021021869, 0.99957711, -0.020092182, -0.25575805;
 0.0004389917, 0.020105848, 0.99979776, 1.7423407;
 0, 0, 0, 1]
Twc:
[0.99977893, -0.021021869, 0.0004389917, -0.070043653;
 0.021008797, 0.99957711, 0.020105848, 0.21927586;
 -0.00086146861, -0.020092182, 0.99979776, -1.747072;
 0, 0, 0, 1]
Ow:
[0.0639164;
 -0.25575805;
 1.7423407]
Keyframe: 53 Frame: 322 Frame from vFrameID : 323
Tcw:
[0.99999279, 0.002763205, -0.0026141398, 0.058730986;
 -0.0028522571, 0.99939376, -0.034698516, -0.25984696;
 0.002516676, 0.034705721, 0.99939442, 1.7814529;
 0, 0, 0, 1]
Twc:
[0.99999279, -0.0028522571, 0.002516676, -0.063955046;
 0.002763205, 0.99939376, 0.034705721, 0.19770053;
 -0.0026141398, -0.034698516, 0.99939442, -1.7892368;
 0, 0, 0, 1]
Ow:
[0.058730986;
 -0.25984696;
 1.7814529]
Keyframe: 54 Frame: 327 Frame from vFrameID : 328
Tcw:
[0.99993008, 0.011823181, -0.00016372012, 0.050264575;
 -0.011821243, 0.99925894, -0.036631044, -0.25959599;
 -0.00026949667, 0.036630418, 0.99932885, 1.8125746;
 0, 0, 0, 1]
Twc:
[0.99993008, -0.011821243, -0.00026949667, -0.052841328;
 0.011823181, 0.99925894, 0.036630418, 0.19241394;
 -0.00016372012, -0.036631044, 0.99932885, -1.8208591;
 0, 0, 0, 1]
Ow:
[0.050264575;
 -0.25959599;
 1.8125746]
Keyframe: 55 Frame: 332 Frame from vFrameID : 333
Tcw:
[0.99998021, 0.00024087701, 0.006281836, 0.056173377;
 -0.00011589163, 0.99980217, -0.019889092, -0.26321012;
 -0.0062853843, 0.019887971, 0.99978244, 1.8551561;
 0, 0, 0, 1]
Twc:
[0.99998021, -0.00011589163, -0.0062853843, -0.044542402;
 0.00024087701, 0.99980217, 0.019887971, 0.22624925;
 0.006281836, -0.019889092, 0.99978244, -1.8603404;
 0, 0, 0, 1]
Ow:
[0.056173377;
 -0.26321012;
 1.8551561]
Keyframe: 56 Frame: 337 Frame from vFrameID : 338
Tcw:
[0.99998301, -0.0053326692, 0.0023654597, 0.054815039;
 0.0053457087, 0.99997038, -0.0055407025, -0.26795101;
 -0.0023358427, 0.0055532535, 0.99998188, 1.9004532;
 0, 0, 0, 1]
Twc:
[0.99998301, 0.0053457087, -0.0023358427, -0.048942558;
 -0.0053326692, 0.99997038, 0.0055532535, 0.25768167;
 0.0023654597, -0.0055407025, 0.99998188, -1.902033;
 0, 0, 0, 1]
Ow:
[0.054815039;
 -0.26795101;
 1.9004532]
Keyframe: 57 Frame: 342 Frame from vFrameID : 343
Tcw:
[0.99974346, 0.0057827299, -0.021898022, 0.066375777;
 -0.0063295611, 0.99966776, -0.024985312, -0.27962536;
 0.021746265, 0.025117507, 0.99944794, 1.9514533;
 0, 0, 0, 1]
Twc:
[0.99974346, -0.0063295611, 0.021746265, -0.11056548;
 0.0057827299, 0.99966776, 0.025117507, 0.230133;
 -0.021898022, -0.024985312, 0.99944794, -1.9559091;
 0, 0, 0, 1]
Ow:
[0.066375777;
 -0.27962536;
 1.9514533]
Keyframe: 58 Frame: 347 Frame from vFrameID : 348
Tcw:
[0.99983865, 0.012576701, -0.012827163, 0.073481351;
 -0.013085814, 0.99909747, -0.040410578, -0.27531597;
 0.012307353, 0.040571909, 0.9991008, 1.985417;
 0, 0, 0, 1]
Twc:
[0.99983865, -0.013085814, 0.012307353, -0.10150746;
 0.012576701, 0.99909747, 0.040571909, 0.19359118;
 -0.012827163, -0.040410578, 0.9991008, -1.9938148;
 0, 0, 0, 1]
Ow:
[0.073481351;
 -0.27531597;
 1.985417]
Keyframe: 59 Frame: 351 Frame from vFrameID : 352
Tcw:
[0.99987465, 0.015767075, 0.0014269033, 0.072877906;
 -0.015729306, 0.99960136, -0.02344544, -0.28042614;
 -0.0017960005, 0.023420056, 0.99972409, 2.0120325;
 0, 0, 0, 1]
Twc:
[0.99987465, -0.015729306, -0.0017960005, -0.073666066;
 0.015767075, 0.99960136, 0.023420056, 0.23204337;
 0.0014269033, -0.02344544, 0.99972409, -2.0181563;
 0, 0, 0, 1]
Ow:
[0.072877906;
 -0.28042614;
 2.0120325]
Keyframe: 60 Frame: 355 Frame from vFrameID : 356
Tcw:
[0.9996196, 0.020175025, 0.018803881, 0.071489736;
 -0.019621262, 0.99938148, -0.029182738, -0.28777483;
 -0.019381015, 0.02880268, 0.99939722, 2.0579906;
 0, 0, 0, 1]
Twc:
[0.9996196, -0.019621262, -0.019381015, -0.037223104;
 0.020175025, 0.99938148, 0.02880268, 0.22687888;
 0.018803881, -0.029182738, 0.99939722, -2.0664923;
 0, 0, 0, 1]
Ow:
[0.071489736;
 -0.28777483;
 2.0579906]
Keyframe: 61 Frame: 359 Frame from vFrameID : 360
Tcw:
[0.99962366, 0.0081945602, 0.026180103, 0.058673557;
 -0.0069577163, 0.99887109, -0.046990328, -0.2902053;
 -0.026535615, 0.046790488, 0.9985522, 2.0937376;
 0, 0, 0, 1]
Twc:
[0.99962366, -0.0069577163, -0.026535615, -0.0051120236;
 0.0081945602, 0.99887109, 0.046790488, 0.19142987;
 0.026180103, -0.046990328, 0.9985522, -2.1058793;
 0, 0, 0, 1]
Ow:
[0.058673557;
 -0.2902053;
 2.0937376]
Keyframe: 62 Frame: 363 Frame from vFrameID : 364
Tcw:
[0.99953121, -0.0015035942, 0.030578893, 0.05213923;
 0.003314262, 0.99823773, -0.059248839, -0.2947185;
 -0.03043592, 0.059322409, 0.99777478, 2.1193566;
 0, 0, 0, 1]
Twc:
[0.99953121, 0.003314262, -0.03043592, 0.013366546;
 -0.0015035942, 0.99823773, 0.059322409, 0.16855219;
 0.030578893, -0.059248839, 0.99777478, -2.1336966;
 0, 0, 0, 1]
Ow:
[0.05213923;
 -0.2947185;
 2.1193566]
Keyframe: 63 Frame: 368 Frame from vFrameID : 369
Tcw:
[0.99873811, -0.021963775, 0.045164261, 0.049951848;
 0.023608673, 0.9990651, -0.036215357, -0.3026346;
 -0.044326611, 0.037235927, 0.9983229, 2.1599975;
 0, 0, 0, 1]
Twc:
[0.99873811, 0.023608673, -0.044326611, 0.053001352;
 -0.021963775, 0.9990651, 0.037235927, 0.2230193;
 0.045164261, -0.036215357, 0.9983229, -2.169591;
 0, 0, 0, 1]
Ow:
[0.049951848;
 -0.3026346;
 2.1599975]
Keyframe: 64 Frame: 373 Frame from vFrameID : 374
Tcw:
[0.99875766, -0.0067125997, 0.049376726, 0.053853065;
 0.0086392444, 0.99920535, -0.038909953, -0.30655876;
 -0.049076304, 0.039288193, 0.99802202, 2.2022865;
 0, 0, 0, 1]
Twc:
[0.99875766, 0.0086392444, -0.049076304, 0.056942355;
 -0.0067125997, 0.99920535, 0.039288193, 0.2201528;
 0.049376726, -0.038909953, 0.99802202, -2.2125177;
 0, 0, 0, 1]
Ow:
[0.053853065;
 -0.30655876;
 2.2022865]
Keyframe: 65 Frame: 378 Frame from vFrameID : 379
Tcw:
[0.99993134, 0.0083508873, 0.0082181478, 0.059598163;
 -0.0079687834, 0.99893355, -0.045477983, -0.310601;
 -0.0085891653, 0.045409374, 0.99893153, 2.2445176;
 0, 0, 0, 1]
Twc:
[0.99993134, -0.0079687834, -0.0085891653, -0.042790651;
 0.0083508873, 0.99893355, 0.045409374, 0.2078499;
 0.0082181478, -0.045477983, 0.99893153, -2.2567348;
 0, 0, 0, 1]
Ow:
[0.059598163;
 -0.310601;
 2.2445176]
Keyframe: 66 Frame: 383 Frame from vFrameID : 384
Tcw:
[0.99980211, 0.015677409, -0.012243441, 0.068562411;
 -0.01632431, 0.99837172, -0.054657552, -0.3147738;
 0.011366617, 0.054846603, 0.99843007, 2.2803566;
 0, 0, 0, 1]
Twc:
[0.99980211, -0.01632431, 0.011366617, -0.099607252;
 0.015677409, 0.99837172, 0.054846603, 0.18811657;
 -0.012243441, -0.054657552, 0.99843007, -2.2931421;
 0, 0, 0, 1]
Ow:
[0.068562411;
 -0.3147738;
 2.2803566]
Keyframe: 67 Frame: 388 Frame from vFrameID : 389
Tcw:
[0.99982095, 0.0085795978, -0.016865917, 0.067443117;
 -0.0091967052, 0.99927819, -0.036858574, -0.32229492;
 0.01653751, 0.037007086, 0.99917817, 2.3104446;
 0, 0, 0, 1]
Twc:
[0.99982095, -0.0091967052, 0.01653751, -0.1086041;
 0.0085795978, 0.99927819, 0.037007086, 0.23598082;
 -0.016865917, -0.036858574, 0.99917817, -2.3192878;
 0, 0, 0, 1]
Ow:
[0.067443117;
 -0.32229492;
 2.3104446]
Keyframe: 68 Frame: 392 Frame from vFrameID : 393
Tcw:
[0.99985874, 0.01459548, -0.0083380966, 0.06801755;
 -0.014880347, 0.99926984, -0.035190571, -0.32984692;
 0.007818385, 0.035309672, 0.99934584, 2.3459556;
 0, 0, 0, 1]
Twc:
[0.99985874, -0.014880347, 0.007818385, -0.091257758;
 0.01459548, 0.99926984, 0.035309672, 0.2457784;
 -0.0083380966, -0.035190571, 0.99934584, -2.3554614;
 0, 0, 0, 1]
Ow:
[0.06801755;
 -0.32984692;
 2.3459556]
Keyframe: 69 Frame: 397 Frame from vFrameID : 398
Tcw:
[0.99994642, -0.010349384, -4.2999261e-05, 0.053273454;
 0.010334223, 0.99868983, -0.050118059, -0.33260345;
 0.00056163396, 0.05011493, 0.9987433, 2.3848002;
 0, 0, 0, 1]
Twc:
[0.99994642, 0.010334223, 0.00056163396, -0.051172789;
 -0.010349384, 0.99868983, 0.05011493, 0.21320492;
 -4.2999261e-05, -0.050118059, 0.9987433, -2.3984704;
 0, 0, 0, 1]
Ow:
[0.053273454;
 -0.33260345;
 2.3848002]
Keyframe: 70 Frame: 401 Frame from vFrameID : 402
Tcw:
[0.99947178, -0.020903818, 0.024882572, 0.050037563;
 0.022171771, 0.99841017, -0.05182251, -0.33366954;
 -0.023759725, 0.052346829, 0.99834627, 2.426805;
 0, 0, 0, 1]
Twc:
[0.99947178, 0.022171771, -0.023759725, 0.015047132;
 -0.020903818, 0.99841017, 0.052346829, 0.20714949;
 0.024882572, -0.05182251, 0.99834627, -2.4413285;
 0, 0, 0, 1]
Ow:
[0.050037563;
 -0.33366954;
 2.426805]
Keyframe: 71 Frame: 405 Frame from vFrameID : 406
Tcw:
[0.9988786, -0.021787755, 0.042033203, 0.048942395;
 0.023470968, 0.99892497, -0.039975923, -0.33863676;
 -0.041117031, 0.040917654, 0.99831617, 2.4518893;
 0, 0, 0, 1]
Twc:
[0.9988786, 0.023470968, -0.041117031, 0.059875019;
 -0.021787755, 0.99892497, 0.040917654, 0.23901349;
 0.042033203, -0.039975923, 0.99831617, -2.4633551;
 0, 0, 0, 1]
Ow:
[0.048942395;
 -0.33863676;
 2.4518893]
Keyframe: 72 Frame: 409 Frame from vFrameID : 410
Tcw:
[0.99867511, -0.020678382, 0.047121193, 0.046179026;
 0.022259949, 0.99919784, -0.033289928, -0.34590217;
 -0.046395011, 0.034294736, 0.99833429, 2.4858367;
 0, 0, 0, 1]
Twc:
[0.99867511, 0.022259949, -0.046395011, 0.076912344;
 -0.020678382, 0.99919784, 0.034294736, 0.26132849;
 0.047121193, -0.033289928, 0.99833429, -2.4953871;
 0, 0, 0, 1]
Ow:
[0.046179026;
 -0.34590217;
 2.4858367]
Keyframe: 73 Frame: 414 Frame from vFrameID : 415
Tcw:
[0.99986345, -0.0024683557, 0.016339827, 0.052822653;
 0.0032803251, 0.99875116, -0.049853895, -0.34991831;
 -0.016196365, 0.049900688, 0.99862283, 2.5337083;
 0, 0, 0, 1]
Twc:
[0.99986345, 0.0032803251, -0.016196365, -0.010630733;
 -0.0024683557, 0.99875116, 0.049900688, 0.22317788;
 0.016339827, -0.049853895, 0.99862283, -2.548527;
 0, 0, 0, 1]
Ow:
[0.052822653;
 -0.34991831;
 2.5337083]
Keyframe: 74 Frame: 418 Frame from vFrameID : 419
Tcw:
[0.99975765, 0.011964398, -0.018481096, 0.061719622;
 -0.012686705, 0.99914008, -0.039473884, -0.35678902;
 0.017992923, 0.03969878, 0.99904966, 2.5637703;
 0, 0, 0, 1]
Twc:
[0.99975765, -0.012686705, 0.017992923, -0.11236086;
 0.011964398, 0.99914008, 0.03969878, 0.25396523;
 -0.018481096, -0.039473884, 0.99904966, -2.5742772;
 0, 0, 0, 1]
Ow:
[0.061719622;
 -0.35678902;
 2.5637703]
Keyframe: 75 Frame: 423 Frame from vFrameID : 424
Tcw:
[0.99925792, 0.02377636, -0.030302679, 0.066777796;
 -0.0246011, 0.99932885, -0.02714091, -0.36266842;
 0.029637029, 0.027866248, 0.99917221, 2.6033852;
 0, 0, 0, 1]
Twc:
[0.99925792, -0.0246011, 0.029637029, -0.15280689;
 0.02377636, 0.99932885, 0.027866248, 0.28829071;
 -0.030302679, -0.02714091, 0.99917221, -2.6090498;
 0, 0, 0, 1]
Ow:
[0.066777796;
 -0.36266842;
 2.6033852]
Keyframe: 76 Frame: 427 Frame from vFrameID : 428
Tcw:
[0.99929786, 0.020372123, -0.031444013, 0.065052606;
 -0.021474503, 0.99915206, -0.035128366, -0.36748829;
 0.030701712, 0.035778947, 0.99888802, 2.6367795;
 0, 0, 0, 1]
Twc:
[0.99929786, -0.021474503, 0.030701712, -0.15385221;
 0.020372123, 0.99915206, 0.035778947, 0.27151024;
 -0.031444013, -0.035128366, 0.99888802, -2.6447113;
 0, 0, 0, 1]
Ow:
[0.065052606;
 -0.36748829;
 2.6367795]
Keyframe: 77 Frame: 431 Frame from vFrameID : 432
Tcw:
[0.99990529, 0.0074701365, -0.011561457, 0.057397276;
 -0.0077666501, 0.99963647, -0.025817987, -0.37008536;
 0.011364391, 0.025905333, 0.99959981, 2.6737652;
 0, 0, 0, 1]
Twc:
[0.99990529, -0.0077666501, 0.011364391, -0.090651862;
 0.0074701365, 0.99963647, 0.025905333, 0.30025733;
 -0.011561457, -0.025817987, 0.99959981, -2.6815863;
 0, 0, 0, 1]
Ow:
[0.057397276;
 -0.37008536;
 2.6737652]
Keyframe: 78 Frame: 435 Frame from vFrameID : 436
Tcw:
[0.99992847, 0.011201718, 0.0041978732, 0.054311141;
 -0.011097504, 0.99964851, -0.024076808, -0.37557197;
 -0.0044660992, 0.024028499, 0.99970132, 2.7071769;
 0, 0, 0, 1]
Twc:
[0.99992847, -0.011097504, -0.0044660992, -0.046384644;
 0.011201718, 0.99964851, 0.024028499, 0.30978221;
 0.0041978732, -0.024076808, 0.99970132, -2.7156389;
 0, 0, 0, 1]
Ow:
[0.054311141;
 -0.37557197;
 2.7071769]
Keyframe: 79 Frame: 439 Frame from vFrameID : 440
Tcw:
[0.9999128, -0.0091627622, 0.0095104445, 0.044193514;
 0.0092950761, 0.99985933, -0.01396284, -0.38527906;
 -0.0093811685, 0.014050023, 0.99985731, 2.7289207;
 0, 0, 0, 1]
Twc:
[0.9999128, 0.0092950761, -0.0093811685, -0.015007998;
 -0.0091627622, 0.99985933, 0.014050023, 0.3472884;
 0.0095104445, -0.01396284, 0.99985731, -2.7343309;
 0, 0, 0, 1]
Ow:
[0.044193514;
 -0.38527906;
 2.7289207]
Keyframe: 80 Frame: 444 Frame from vFrameID : 445
Tcw:
[0.99961078, 0.00037057168, 0.027896218, 0.051474508;
 -0.00026160968, 0.99999231, -0.003909525, -0.38843402;
 -0.027897453, 0.0039007054, 0.99960315, 2.7693467;
 0, 0, 0, 1]
Twc:
[0.99961078, -0.00026160968, -0.027897453, 0.025701635;
 0.00037057168, 0.99999231, 0.0039007054, 0.37760955;
 0.027896218, -0.003909525, 0.99960315, -2.7712026;
 0, 0, 0, 1]
Ow:
[0.051474508;
 -0.38843402;
 2.7693467]
Keyframe: 81 Frame: 449 Frame from vFrameID : 450
Tcw:
[0.99949878, 0.008021608, -0.030623132, 0.051401928;
 -0.0087344255, 0.99969232, -0.023214718, -0.39176831;
 0.030427491, 0.023470558, 0.99926138, 2.8111589;
 0, 0, 0, 1]
Twc:
[0.99949878, -0.0087344255, 0.030427491, -0.14033455;
 0.008021608, 0.99969232, 0.023470558, 0.32525599;
 -0.030623132, -0.023214718, 0.99926138, -2.8166032;
 0, 0, 0, 1]
Ow:
[0.051401928;
 -0.39176831;
 2.8111589]
Keyframe: 82 Frame: 455 Frame from vFrameID : 456
Tcw:
[0.9957307, 0.017972793, -0.090539418, 0.061692506;
 -0.020622103, 0.99938357, -0.028411329, -0.40700138;
 0.08997298, 0.030157145, 0.99548751, 2.8609114;
 0, 0, 0, 1]
Twc:
[0.9957307, -0.020622103, 0.08997298, -0.32722706;
 0.017972793, 0.99938357, 0.030157145, 0.31936479;
 -0.090539418, -0.028411329, 0.99548751, -2.8539796;
 0, 0, 0, 1]
Ow:
[0.061692506;
 -0.40700138;
 2.8609114]
Keyframe: 83 Frame: 459 Frame from vFrameID : 460
Tcw:
[0.99687517, 0.036035348, -0.070294484, 0.073278144;
 -0.037871096, 0.99897087, -0.024959227, -0.41063628;
 0.069322728, 0.027543364, 0.99721396, 2.8924232;
 0, 0, 0, 1]
Twc:
[0.99687517, -0.037871096, 0.069322728, -0.28911108;
 0.036035348, 0.99897087, 0.027543364, 0.32790601;
 -0.070294484, -0.024959227, 0.99721396, -2.8894629;
 0, 0, 0, 1]
Ow:
[0.073278144;
 -0.41063628;
 2.8924232]
Keyframe: 84 Frame: 464 Frame from vFrameID : 465
Tcw:
[0.99796987, 0.028139476, -0.05713452, 0.072884917;
 -0.029566711, 0.99926764, -0.024290374, -0.41409826;
 0.056409158, 0.025930339, 0.99807096, 2.9331348;
 0, 0, 0, 1]
Twc:
[0.99796987, -0.029566711, 0.056409158, -0.25043613;
 0.028139476, 0.99926764, 0.025930339, 0.33568686;
 -0.05713452, -0.024290374, 0.99807096, -2.9333711;
 0, 0, 0, 1]
Ow:
[0.072884917;
 -0.41409826;
 2.9331348]
Keyframe: 85 Frame: 469 Frame from vFrameID : 470
Tcw:
[0.99947673, 0.020913841, -0.024676612, 0.063735254;
 -0.021806033, 0.99909723, -0.036458034, -0.41875046;
 0.023891857, 0.036977056, 0.99903047, 2.9659338;
 0, 0, 0, 1]
Twc:
[0.99947673, -0.021806033, 0.023891857, -0.14369485;
 0.020913841, 0.99909723, 0.036977056, 0.30736801;
 -0.024676612, -0.036458034, 0.99903047, -2.9767523;
 0, 0, 0, 1]
Ow:
[0.063735254;
 -0.41875046;
 2.9659338]
Keyframe: 86 Frame: 474 Frame from vFrameID : 475
Tcw:
[0.99999726, -0.001587215, 0.0017121625, 0.060183544;
 0.0016661165, 0.99888825, -0.047110938, -0.42149931;
 -0.0016354839, 0.047113661, 0.99888819, 3.0041962;
 0, 0, 0, 1]
Twc:
[0.99999726, 0.0016661165, -0.0016354839, -0.054567799;
 -0.001587215, 0.99888825, 0.047113661, 0.27958757;
 0.0017121625, -0.047110938, 0.99888819, -3.0208163;
 0, 0, 0, 1]
Ow:
[0.060183544;
 -0.42149931;
 3.0041962]
Keyframe: 87 Frame: 479 Frame from vFrameID : 480
Tcw:
[0.9995929, -0.002532267, 0.028418401, 0.057135079;
 0.0028657962, 0.9999274, -0.011701791, -0.42643607;
 -0.028386706, 0.011778468, 0.99952763, 3.0431485;
 0, 0, 0, 1]
Twc:
[0.9995929, 0.0028657962, -0.028386706, 0.030495219;
 -0.002532267, 0.9999274, 0.011778468, 0.39070621;
 0.028418401, -0.011701791, 0.99952763, -3.0483246;
 0, 0, 0, 1]
Ow:
[0.057135079;
 -0.42643607;
 3.0431485]
Keyframe: 88 Frame: 483 Frame from vFrameID : 484
Tcw:
[0.99991888, -0.00015964497, 0.012738021, 0.057875015;
 0.0002903117, 0.99994737, -0.010256819, -0.42847577;
 -0.012735713, 0.010259685, 0.99986625, 3.0831859;
 0, 0, 0, 1]
Twc:
[0.99991888, 0.0002903117, -0.012735713, -0.018479358;
 -0.00015964497, 0.99994737, 0.010259685, 0.39682993;
 0.012738021, -0.010256819, 0.99986625, -3.0879056;
 0, 0, 0, 1]
Ow:
[0.057875015;
 -0.42847577;
 3.0831859]
Keyframe: 89 Frame: 488 Frame from vFrameID : 489
Tcw:
[0.99938697, 0.012336216, -0.032764547, 0.064810589;
 -0.013306754, 0.99947411, -0.029570602, -0.43475139;
 0.032382526, 0.029988464, 0.99902558, 3.1186655;
 0, 0, 0, 1]
Twc:
[0.99938697, -0.013306754, 0.032382526, -0.17154625;
 0.012336216, 0.99947411, 0.029988464, 0.34019926;
