Keyframe: 0 Frame: 0 Frame from vFrameID : 85
Tcw:
[1, 0, 0, 0;
 0, 1, 0, 0;
 0, 0, 1, 0;
 0, 0, 0, 1]
Twc:
[1, 0, 0, 0;
 0, 1, 0, 0;
 0, 0, 1, 0;
 0, 0, 0, 1]
Ow:
[0;
 0;
 0]
Keyframe: 1 Frame: 84 Frame from vFrameID : 85
Tcw:
[0.99961597, 0.011665843, -0.025136618, 0.0056718108;
 -0.012013003, 0.99983394, -0.01370445, -0.0027960876;
 0.024972569, 0.014001153, 0.9995901, 0.031225052;
 0, 0, 0, 1]
Twc:
[0.99961597, -0.012013003, 0.024972569, -0.0064829919;
 0.011665843, 0.99983394, 0.014001153, 0.0022922701;
 -0.025136618, -0.01370445, 0.9995901, -0.031108001;
 0, 0, 0, 1]
Ow:
[0.0056718108;
 -0.0027960876;
 0.031225052]
Keyframe: 2 Frame: 85 Frame from vFrameID : 86
Tcw:
[0.99936032, 0.011411381, -0.033892319, 0.0075279116;
 -0.011878448, 0.9998368, -0.013611645, -0.0034339405;
 0.033731461, 0.014005527, 0.99933279, 0.038627334;
 0, 0, 0, 1]
Twc:
[0.99936032, -0.011878448, 0.033731461, -0.0088668419;
 0.011411381, 0.9998368, 0.014005527, 0.00280648;
 -0.033892319, -0.013611645, 0.99933279, -0.038393162;
 0, 0, 0, 1]
Ow:
[0.0075279116;
 -0.0034339405;
 0.038627334]
Keyframe: 3 Frame: 86 Frame from vFrameID : 87
Tcw:
[0.99936587, 0.011494827, -0.033701386, 0.0072898516;
 -0.011956266, 0.9998371, -0.013522591, -0.0034961859;
 0.033540454, 0.013916958, 0.99934047, 0.038638491;
 0, 0, 0, 1]
Twc:
[0.99936587, -0.011956266, 0.033540454, -0.0086229816;
 0.011494827, 0.9998371, 0.013916958, 0.0028740906;
 -0.033701386, -0.013522591, 0.99934047, -0.038414605;
 0, 0, 0, 1]
Ow:
[0.0072898516;
 -0.0034961859;
 0.038638491]
Keyframe: 4 Frame: 87 Frame from vFrameID : 88
Tcw:
[0.99890876, 0.017848888, -0.043159291, 0.013568712;
 -0.01841275, 0.99974978, -0.012702609, -0.0067222379;
 0.042921767, 0.013483428, 0.99898744, 0.048237137;
 0, 0, 0, 1]
Twc:
[0.99890876, -0.01841275, 0.042921767, -0.015748104;
 0.017848888, 0.99974978, 0.013483428, 0.0058279675;
 -0.043159291, -0.012702609, 0.99898744, -0.047688071;
 0, 0, 0, 1]
Ow:
[0.013568712;
 -0.0067222379;
 0.048237137]
Keyframe: 5 Frame: 89 Frame from vFrameID : 90
Tcw:
[0.99824303, 0.020891329, -0.055447321, 0.010833433;
 -0.022643628, 0.99925774, -0.031165106, -0.0094905775;
 0.054755084, 0.032365877, 0.99797511, 0.072818488;
 0, 0, 0, 1]
Twc:
[0.99824303, -0.022643628, 0.054755084, -0.015016481;
 0.020891329, 0.99925774, 0.032365877, 0.0069003734;
 -0.055447321, -0.031165106, 0.99797511, -0.072366126;
 0, 0, 0, 1]
Ow:
[0.010833433;
 -0.0094905775;
 0.072818488]
Keyframe: 6 Frame: 90 Frame from vFrameID : 91
Tcw:
[0.9980135, 0.019395206, -0.059940927, 0.01186255;
 -0.02139191, 0.99923128, -0.032850966, -0.0092710592;
 0.059257701, 0.034067959, 0.99766123, 0.079669215;
 0, 0, 0, 1]
Twc:
[0.9980135, -0.02139191, 0.059257701, -0.016758325;
 0.019395206, 0.99923128, 0.034067959, 0.0063196891;
 -0.059940927, -0.032850966, 0.99766123, -0.079076394;
 0, 0, 0, 1]
Ow:
[0.01186255;
 -0.0092710592;
 0.079669215]
Keyframe: 7 Frame: 92 Frame from vFrameID : 93
Tcw:
[0.9979552, 0.017289242, -0.06153468, 0.010882054;
 -0.01929331, 0.99929768, -0.032124329, -0.0091801351;
 0.060936056, 0.03324585, 0.99758786, 0.088181399;
 0, 0, 0, 1]
Twc:
[0.9979552, -0.01929331, 0.060936056, -0.016410343;
 0.017289242, 0.99929768, 0.03324585, 0.0060538799;
 -0.06153468, -0.032124329, 0.99758786, -0.087593973;
 0, 0, 0, 1]
Ow:
[0.010882054;
 -0.0091801351;
 0.088181399]
Keyframe: 8 Frame: 94 Frame from vFrameID : 95
Tcw:
[0.9978078, 0.019619489, -0.063203551, 0.013183756;
 -0.021563049, 0.99931073, -0.030216839, -0.0080534387;
 0.062567152, 0.03151346, 0.9975431, 0.10658012;
 0, 0, 0, 1]
Twc:
[0.9978078, -0.021563049, 0.062567152, -0.019996924;
 0.019619489, 0.99931073, 0.03151346, 0.0044305217;
 -0.063203551, -0.030216839, 0.9975431, -0.10572835;
 0, 0, 0, 1]
Ow:
[0.013183756;
 -0.0080534387;
 0.10658012]
Keyframe: 9 Frame: 97 Frame from vFrameID : 98
Tcw:
[0.99828976, 0.029298095, -0.050588492, 0.011665444;
 -0.030401325, 0.99931341, -0.021177763, -0.0034465869;
 0.049933288, 0.022679502, 0.99849504, 0.13560352;
 0, 0, 0, 1]
Twc:
[0.99828976, -0.030401325, 0.049933288, -0.018521404;
 0.029298095, 0.99931341, 0.022679502, 2.7024924e-05;
 -0.050588492, -0.021177763, 0.99849504, -0.1348823;
 0, 0, 0, 1]
Ow:
[0.011665444;
 -0.0034465869;
 0.13560352]
Keyframe: 10 Frame: 99 Frame from vFrameID : 100
Tcw:
[0.99886847, 0.025094897, -0.040397871, 0.011849993;
 -0.025803328, 0.9995206, -0.017111437, -0.00044486159;
 0.039949097, 0.018134475, 0.99903715, 0.15966405;
 0, 0, 0, 1]
Twc:
[0.99886847, -0.025803328, 0.039949097, -0.018226497;
 0.025094897, 0.9995206, 0.018134475, -0.0027481492;
 -0.040397871, -0.017111437, 0.99903715, -0.1590392;
 0, 0, 0, 1]
Ow:
[0.011849993;
 -0.00044486159;
 0.15966405]
Keyframe: 11 Frame: 101 Frame from vFrameID : 102
Tcw:
[0.99931329, 0.028805999, -0.023306882, 0.010369506;
 -0.029306605, 0.99934071, -0.021430163, 0.0018781726;
 0.022674199, 0.022098491, 0.99949867, 0.18284558;
 0, 0, 0, 1]
Twc:
[0.99931329, -0.029306605, 0.022674199, -0.014453218;
 0.028805999, 0.99934071, 0.022098491, -0.0062162499;
 -0.023306882, -0.021430163, 0.99949867, -0.18247198;
 0, 0, 0, 1]
Ow:
[0.010369506;
 0.0018781726;
 0.18284558]
Keyframe: 12 Frame: 103 Frame from vFrameID : 104
Tcw:
[0.99972671, 0.021635186, -0.0088584991, 0.0095281936;
 -0.021871179, 0.99938327, -0.027471604, 0.0024273158;
 0.0082586827, 0.02765784, 0.9995833, 0.20677419;
 0, 0, 0, 1]
Twc:
[0.99972671, -0.021871179, 0.0082586827, -0.011180184;
 0.021635186, 0.99938327, 0.02765784, -0.0083508911;
 -0.0088584991, -0.027471604, 0.9995833, -0.20653696;
 0, 0, 0, 1]
Ow:
[0.0095281936;
 0.0024273158;
 0.20677419]
Keyframe: 13 Frame: 106 Frame from vFrameID : 107
Tcw:
[0.99989039, 0.0095553631, 0.011311553, 0.0094599044;
 -0.0092249848, 0.99953949, -0.028907597, 0.001582243;
 -0.011582567, 0.02880008, 0.9995181, 0.23638247;
 0, 0, 0, 1]
Twc:
[0.99989039, -0.0092249848, -0.011582567, -0.0067063556;
 0.0095553631, 0.99953949, 0.02880008, -0.0084797414;
 0.011311553, -0.028907597, 0.9995181, -0.23632982;
 0, 0, 0, 1]
Ow:
[0.0094599044;
 0.001582243;
 0.23638247]
Keyframe: 14 Frame: 109 Frame from vFrameID : 110
Tcw:
[0.99909574, 0.009030181, 0.041546874, 0.009207312;
 -0.008419984, 0.99985445, -0.014838582, 0.0014228546;
 -0.041674823, 0.01447534, 0.99902636, 0.2707209;
 0, 0, 0, 1]
Twc:
[0.99909574, -0.008419984, -0.041674823, 0.0020952392;
 0.009030181, 0.99985445, 0.01447534, -0.0054245684;
 0.041546874, -0.014838582, 0.99902636, -0.27081874;
 0, 0, 0, 1]
Ow:
[0.009207312;
 0.0014228546;
 0.2707209]
Keyframe: 15 Frame: 112 Frame from vFrameID : 113
Tcw:
[0.99852937, 0.0058488529, 0.053896494, 0.01023268;
 -0.0049553094, 0.99984831, -0.016697625, 0.0026091067;
 -0.053985983, 0.016405994, 0.99840689, 0.2919547;
 0, 0, 0, 1]
Twc:
[0.99852937, -0.0049553094, -0.053985983, 0.005556759;
 0.0058488529, 0.99984831, 0.016405994, -0.0074583679;
 0.053896494, -0.016697625, 0.99840689, -0.29199752;
 0, 0, 0, 1]
Ow:
[0.01023268;
 0.0026091067;
 0.2919547]
Keyframe: 16 Frame: 115 Frame from vFrameID : 116
Tcw:
[0.99917138, 0.0036627268, 0.040535115, 0.0080858227;
 -0.0027930085, 0.9997651, -0.021491796, 0.0068625906;
 -0.040604312, 0.021360772, 0.99894696, 0.33755022;
 0, 0, 0, 1]
Twc:
[0.99917138, -0.0027930085, -0.040604312, 0.0056460402;
 0.0036627268, 0.9997651, 0.021360772, -0.01410093;
 0.040535115, -0.021491796, 0.99894696, -0.33737504;
 0, 0, 0, 1]
Ow:
[0.0080858227;
 0.0068625906;
 0.33755022]
Keyframe: 17 Frame: 118 Frame from vFrameID : 119
Tcw:
[0.9998585, 0.0012966892, 0.016773544, 0.006858218;
 -0.00096423679, 0.99980325, -0.019812966, 0.007363779;
 -0.016795935, 0.019793987, 0.999663, 0.35966006;
 0, 0, 0, 1]
Twc:
[0.9998585, -0.00096423679, -0.016795935, -0.00080932019;
 0.0012966892, 0.99980325, 0.019793987, -0.01449033;
 0.016773544, -0.019812966, 0.999663, -0.35950798;
 0, 0, 0, 1]
Ow:
[0.006858218;
 0.007363779;
 0.35966006]
Keyframe: 18 Frame: 121 Frame from vFrameID : 122
Tcw:
[0.99964643, 0.01529244, -0.021752916, 0.00012220256;
 -0.015832147, 0.9995656, -0.024858797, 0.0028273752;
 0.021363316, 0.025194403, 0.99945426, 0.40319753;
 0, 0, 0, 1]
Twc:
[0.99964643, -0.015832147, 0.021363316, -0.0086910324;
 0.01529244, 0.9995656, 0.025194403, -0.012986337;
 -0.021752916, -0.024858797, 0.99945426, -0.40290457;
 0, 0, 0, 1]
Ow:
[0.00012220256;
 0.0028273752;
 0.40319753]
Keyframe: 19 Frame: 124 Frame from vFrameID : 125
Tcw:
[0.99946451, 0.0088516138, -0.031500496, -0.00027990155;
 -0.010078053, 0.99918878, -0.038990602, -0.001684024;
 0.031129813, 0.039287187, 0.99874294, 0.42266294;
 0, 0, 0, 1]
Twc:
[0.99946451, -0.010078053, 0.031129813, -0.012894638;
 0.0088516138, 0.99918878, 0.039287187, -0.014920103;
 -0.031500496, -0.038990602, 0.99874294, -0.4222061;
 0, 0, 0, 1]
Ow:
[-0.00027990155;
 -0.001684024;
 0.42266294]
Keyframe: 20 Frame: 127 Frame from vFrameID : 128
Tcw:
[0.99944484, 0.014197274, -0.030139953, -0.0011857813;
 -0.015467463, 0.99898368, -0.042336877, -0.0043706186;
 0.029508252, 0.042779561, 0.99864864, 0.45049313;
 0, 0, 0, 1]
Twc:
[0.99944484, -0.015467463, 0.029508252, -0.012175745;
 0.014197274, 0.99898368, 0.042779561, -0.014888888;
 -0.030139953, -0.042336877, 0.99864864, -0.45010516;
 0, 0, 0, 1]
Ow:
[-0.0011857813;
 -0.0043706186;
 0.45049313]
Keyframe: 21 Frame: 130 Frame from vFrameID : 131
Tcw:
[0.99957323, 0.020542212, -0.020770866, -0.0032804706;
 -0.021313654, 0.99906451, -0.037627839, -0.0020271093;
 0.019978477, 0.038054481, 0.99907595, 0.48169652;
 0, 0, 0, 1]
Twc:
[0.99957323, -0.021313654, 0.019978477, -0.0063876966;
 0.020542212, 0.99906451, 0.038054481, -0.016238108;
 -0.020770866, -0.037627839, 0.99907595, -0.48139581;
 0, 0, 0, 1]
Ow:
[-0.0032804706;
 -0.0020271093;
 0.48169652]
Keyframe: 22 Frame: 134 Frame from vFrameID : 135
Tcw:
[0.99995333, 0.0092285322, 0.002868044, -0.0067307781;
 -0.0090964157, 0.99902976, -0.043091111, 0.0034131985;
 -0.0032629289, 0.043063011, 0.99906701, 0.52853394;
 0, 0, 0, 1]
Twc:
[0.99995333, -0.0090964157, -0.0032629289, 0.00848608;
 0.0092285322, 0.99902976, 0.043063011, -0.026108034;
 0.002868044, -0.043091111, 0.99906701, -0.52787447;
 0, 0, 0, 1]
Ow:
[-0.0067307781;
 0.0034131985;
 0.52853394]
Keyframe: 23 Frame: 138 Frame from vFrameID : 139
Tcw:
[0.99985403, 0.00030603271, 0.017083235, -0.0025664661;
 0.00046787102, 0.99897426, -0.04527957, 0.0071482491;
 -0.017079568, 0.045280956, 0.99882829, 0.56573385;
 0, 0, 0, 1]
Twc:
[0.99985403, 0.00046787102, -0.017079568, 0.012225238;
 0.00030603271, 0.99897426, 0.045280956, -0.032757096;
 0.017083235, -0.04527957, 0.99882829, -0.56470346;
 0, 0, 0, 1]
Ow:
[-0.0025664661;
 0.0071482491;
 0.56573385]
Keyframe: 24 Frame: 142 Frame from vFrameID : 143
Tcw:
[0.99920601, -0.0011001537, 0.039826099, -0.0026231259;
 0.0017943638, 0.99984699, -0.01739949, 0.012618225;
 -0.039800864, 0.017457139, 0.99905515, 0.60984838;
 0, 0, 0, 1]
Twc:
[0.99920601, 0.0017943638, -0.039800864, 0.026870893;
 -0.0011001537, 0.99984699, 0.017457139, -0.023265388;
 0.039826099, -0.01739949, 0.99905515, -0.60894811;
 0, 0, 0, 1]
Ow:
[-0.0026231259;
 0.012618225;
 0.60984838]
Keyframe: 25 Frame: 146 Frame from vFrameID : 147
Tcw:
[0.99965608, 0.0068655848, 0.025310794, -0.0075647011;
 -0.0062284195, 0.99966383, -0.0251671, 0.018618496;
 -0.025475074, 0.025000798, 0.99936277, 0.65502059;
 0, 0, 0, 1]
Twc:
[0.99965608, -0.0062284195, -0.025475074, 0.02436476;
 0.0068655848, 0.99966383, 0.025000798, -0.034936342;
 0.025310794, -0.0251671, 0.99936277, -0.65394318;
 0, 0, 0, 1]
Ow:
[-0.0075647011;
 0.018618496;
 0.65502059]
Keyframe: 26 Frame: 149 Frame from vFrameID : 150
Tcw:
[0.99994403, 0.0062046102, -0.0085687591, -0.0085627707;
 -0.0066057188, 0.99884444, -0.047604166, 0.020786263;
 0.008263492, 0.047658104, 0.99882954, 0.68379951;
 0, 0, 0, 1]
Twc:
[0.99994403, -0.0066057188, 0.008263492, 0.0030490283;
 0.0062046102, 0.99884444, 0.047658104, -0.053297702;
 -0.0085687591, -0.047604166, 0.99882954, -0.68208295;
 0, 0, 0, 1]
Ow:
[-0.0085627707;
 0.020786263;
 0.68379951]
Keyframe: 27 Frame: 152 Frame from vFrameID : 153
Tcw:
[0.99903953, 0.012071699, -0.042121753, -0.0061976835;
 -0.013955487, 0.99890214, -0.044718884, 0.019929294;
 0.041535676, 0.045263764, 0.99811119, 0.71231538;
 0, 0, 0, 1]
Twc:
[0.99903953, -0.013955487, 0.041535676, -0.023116648;
 0.012071699, 0.99890214, 0.045263764, -0.052074675;
 -0.042121753, -0.044718884, 0.99811119, -0.71033984;
 0, 0, 0, 1]
Ow:
[-0.0061976835;
 0.019929294;
 0.71231538]
Keyframe: 28 Frame: 155 Frame from vFrameID : 156
Tcw:
[0.99775803, 0.030149385, -0.059749294, -0.0047021136;
 -0.032741752, 0.99854296, -0.042894006, 0.013592638;
 0.058369011, 0.044754133, 0.99729139, 0.74345297;
 0, 0, 0, 1]
Twc:
[0.99775803, -0.032741752, 0.058369011, -0.038257997;
 0.030149385, 0.99854296, 0.044754133, -0.046703663;
 -0.059749294, -0.042894006, 0.99729139, -0.74113715;
 0, 0, 0, 1]
Ow:
[-0.0047021136;
 0.013592638;
 0.74345297]
Keyframe: 29 Frame: 159 Frame from vFrameID : 160
Tcw:
[0.99749625, 0.023505239, -0.066699028, -0.0041389056;
 -0.027970709, 0.99737257, -0.066825502, 0.0119689;
 0.064953037, 0.068523809, 0.99553281, 0.77537203;
 0, 0, 0, 1]
Twc:
[0.99749625, -0.027970709, 0.064953037, -0.045899443;
 0.023505239, 0.99737257, 0.068523809, -0.064971603;
 -0.066699028, -0.066825502, 0.99553281, -0.77138454;
 0, 0, 0, 1]
Ow:
[-0.0041389056;
 0.0119689;
 0.77537203]
Keyframe: 30 Frame: 163 Frame from vFrameID : 164
Tcw:
[0.99840969, 0.012220374, -0.055034295, -0.010273442;
 -0.016296865, 0.99710697, -0.074243292, 0.01708186;
 0.053967796, 0.075022109, 0.99572045, 0.82003206;
 0, 0, 0, 1]
Twc:
[0.99840969, -0.016296865, 0.053967796, -0.033719838;
 0.012220374, 0.99710697, 0.075022109, -0.078427427;
 -0.055034295, -0.074243292, 0.99572045, -0.8158198;
 0, 0, 0, 1]
Ow:
[-0.010273442;
 0.01708186;
 0.82003206]
Keyframe: 31 Frame: 166 Frame from vFrameID : 167
Tcw:
[0.99892026, 0.014300536, -0.044201296, -0.012354039;
 -0.017842399, 0.99657029, -0.080804057, 0.016336113;
 0.042894155, 0.08150547, 0.99574941, 0.86305124;
 0, 0, 0, 1]
Twc:
[0.99892026, -0.017842399, 0.042894155, -0.02438768;
 0.014300536, 0.99657029, 0.08150547, -0.086446814;
 -0.044201296, -0.080804057, 0.99574941, -0.85860884;
 0, 0, 0, 1]
Ow:
[-0.012354039;
 0.016336113;
 0.86305124]
Keyframe: 32 Frame: 170 Frame from vFrameID : 171
Tcw:
[0.99953657, 0.015834916, -0.025997166, -0.014003813;
 -0.017423918, 0.99791914, -0.062079012, 0.011616886;
 0.024960052, 0.062503219, 0.99773258, 0.89621186;
 0, 0, 0, 1]
Twc:
[0.99953657, -0.017423918, 0.024960052, -0.0081697619;
 0.015834916, 0.99791914, 0.062503219, -0.067387089;
 -0.025997166, -0.062079012, 0.99773258, -0.89382273;
 0, 0, 0, 1]
Ow:
[-0.014003813;
 0.011616886;
 0.89621186]
Keyframe: 33 Frame: 174 Frame from vFrameID : 175
Tcw:
[0.99984699, 0.010522523, -0.013973113, -0.01472794;
 -0.01132463, 0.99821597, -0.058623061, 0.011284094;
 0.013331322, 0.058772333, 0.99818242, 0.93945557;
 0, 0, 0, 1]
Twc:
[0.99984699, -0.01132463, 0.013331322, 0.0023292904;
 0.010522523, 0.99821597, 0.058772333, -0.066322982;
 -0.013973113, -0.058623061, 0.99818242, -0.93729228;
 0, 0, 0, 1]
Ow:
[-0.01472794;
 0.011284094;
 0.93945557]
Keyframe: 34 Frame: 177 Frame from vFrameID : 178
Tcw:
[0.9994427, 0.0064826026, -0.032745935, -0.014345208;
 -0.0085575199, 0.99793708, -0.063626878, 0.017450232;
 0.032265913, 0.063871637, 0.9974364, 0.98290992;
 0, 0, 0, 1]
Twc:
[0.9994427, -0.0085575199, 0.032265913, -0.017227944;
 0.0064826026, 0.99793708, 0.063871637, -0.080101304;
 -0.032745935, -0.063626878, 0.9974364, -0.9797495;
 0, 0, 0, 1]
Ow:
[-0.014345208;
 0.017450232;
 0.98290992]
Keyframe: 35 Frame: 180 Frame from vFrameID : 181
Tcw:
[0.99847794, 0.016524183, -0.052619208, -0.013874982;
 -0.020141181, 0.99741554, -0.068968147, 0.017884508;
 0.051343571, 0.069922984, 0.99623019, 1.0050707;
 0, 0, 0, 1]
Twc:
[0.99847794, -0.020141181, 0.051343571, -0.037389845;
 0.016524183, 0.99741554, 0.069922984, -0.087886557;
 -0.052619208, -0.068968147, 0.99623019, -1.0007784;
 0, 0, 0, 1]
Ow:
[-0.013874982;
 0.017884508;
 1.0050707]
Keyframe: 36 Frame: 184 Frame from vFrameID : 185
Tcw:
[0.99629539, 0.043363437, -0.074263491, -0.015202511;
 -0.048944548, 0.9959771, -0.075060293, 0.018920332;
 0.070709862, 0.078417018, 0.9944098, 1.0411519;
 0, 0, 0, 1]
Twc:
[0.99629539, -0.048944548, 0.070709862, -0.057547469;
 0.043363437, 0.9959771, 0.078417018, -0.099829011;
 -0.074263491, -0.075060293, 0.9944098, -1.0350405;
 0, 0, 0, 1]
Ow:
[-0.015202511;
 0.018920332;
 1.0411519]
Keyframe: 37 Frame: 188 Frame from vFrameID : 189
Tcw:
[0.99581105, 0.029531229, -0.086534999, -0.017307058;
 -0.034125358, 0.99805862, -0.052100431, 0.019354556;
 0.084828414, 0.054835223, 0.99488556, 1.076533;
 0, 0, 0, 1]
Twc:
[0.99581105, -0.034125358, 0.084828414, -0.073425531;
 0.029531229, 0.99805862, 0.054835223, -0.077837802;
 -0.086534999, -0.052100431, 0.99488556, -1.0715163;
 0, 0, 0, 1]
Ow:
[-0.017307058;
 0.019354556;
 1.076533]
Keyframe: 38 Frame: 191 Frame from vFrameID : 192
Tcw:
[0.9959625, 0.015027167, -0.088503681, -0.020513058;
 -0.019656816, 0.9984706, -0.051673185, 0.020660397;
 0.087591819, 0.053204257, 0.99473464, 1.1108515;
 0, 0, 0, 1]
Twc:
[0.9959625, -0.019656816, 0.087591819, -0.076465152;
 0.015027167, 0.9984706, 0.053204257, -0.079422563;
 -0.088503681, -0.051673185, 0.99473464, -1.1057503;
 0, 0, 0, 1]
Ow:
[-0.020513058;
 0.020660397;
 1.1108515]
Keyframe: 39 Frame: 195 Frame from vFrameID : 196
Tcw:
[0.99770236, 0.021602556, -0.064213283, -0.017172657;
 -0.026093965, 0.99720913, -0.069950394, 0.022903316;
 0.06252297, 0.071465246, 0.99548161, 1.1567326;
 0, 0, 0, 1]
Twc:
[0.99770236, -0.026093965, 0.06252297, -0.054591507;
 0.021602556, 0.99720913, 0.071465246, -0.10513461;
 -0.064213283, -0.069950394, 0.99548161, -1.1510066;
 0, 0, 0, 1]
Ow:
[-0.017172657;
 0.022903316;
 1.1567326]
Keyframe: 40 Frame: 198 Frame from vFrameID : 199
Tcw:
[0.99876797, 0.032950401, -0.037104841, -0.013463568;
 -0.035752151, 0.99634594, -0.077566788, 0.023396686;
 0.034413401, 0.078797802, 0.99629647, 1.1902423;
 0, 0, 0, 1]
Twc:
[0.99876797, -0.035752151, 0.034413401, -0.026676822;
 0.032950401, 0.99634594, 0.078797802, -0.11665604;
 -0.037104841, -0.077566788, 0.99629647, -1.1845189;
 0, 0, 0, 1]
Ow:
[-0.013463568;
 0.023396686;
 1.1902423]
Keyframe: 41 Frame: 202 Frame from vFrameID : 203
Tcw:
[0.99958992, 0.028280301, 0.0044985246, -0.016778111;
 -0.027965618, 0.9978624, -0.059063688, 0.02672518;
 -0.0061592474, 0.058913663, 0.99824411, 1.2348566;
 0, 0, 0, 1]
Twc:
[0.99958992, -0.027965618, -0.0061592474, 0.025124403;
 0.028280301, 0.9978624, 0.058913663, -0.098943494;
 0.0044985246, -0.059063688, 0.99824411, -1.2310344;
 0, 0, 0, 1]
Ow:
[-0.016778111;
 0.02672518;
 1.2348566]
Keyframe: 42 Frame: 206 Frame from vFrameID : 207
Tcw:
[0.99963868, 0.023180734, 0.013609081, -0.01853591;
 -0.022415465, 0.99829358, -0.053920817, 0.02982524;
 -0.014835782, 0.053596277, 0.99845248, 1.2664014;
 0, 0, 0, 1]
Twc:
[0.99963868, -0.022415465, -0.014835782, 0.037985813;
 0.023180734, 0.99829358, 0.053596277, -0.097219072;
 0.013609081, -0.053920817, 0.99845248, -1.2625811;
 0, 0, 0, 1]
Ow:
[-0.01853591;
 0.02982524;
 1.2664014]
Keyframe: 43 Frame: 209 Frame from vFrameID : 210
Tcw:
[0.99988896, 0.014570974, 0.0031276972, -0.0253543;
 -0.014392315, 0.99859136, -0.051069994, 0.029949993;
 -0.0038674308, 0.051019307, 0.99869019, 1.3019779;
 0, 0, 0, 1]
Twc:
[0.99988896, -0.014392315, -0.0038674308, 0.030817842;
 0.014570974, 0.99859136, 0.051019307, -0.095964372;
 0.0031276972, -0.051069994, 0.99869019, -1.2986636;
 0, 0, 0, 1]
Ow:
[-0.0253543;
 0.029949993;
 1.3019779]
Keyframe: 44 Frame: 213 Frame from vFrameID : 214
Tcw:
[0.99894667, 0.024715479, -0.03866135, -0.02040258;
 -0.027530244, 0.99687415, -0.074053876, 0.033516645;
 0.036710225, 0.075040229, 0.99650455, 1.3462698;
 0, 0, 0, 1]
Twc:
[0.99894667, -0.027530244, 0.036710225, -0.028118053;
 0.024715479, 0.99687415, 0.075040229, -0.13393202;
 -0.03866135, -0.074053876, 0.99650455, -1.3398708;
 0, 0, 0, 1]
Ow:
[-0.02040258;
 0.033516645;
 1.3462698]
Keyframe: 45 Frame: 216 Frame from vFrameID : 217
Tcw:
[0.99929625, -0.00016882195, -0.03750962, -0.023118032;
 -0.0030974976, 0.99620312, -0.087004311, 0.037609451;
 0.037381887, 0.087059267, 0.99550152, 1.3748707;
 0, 0, 0, 1]
Twc:
[0.99929625, -0.0030974976, 0.037381887, -0.028177004;
 -0.00016882195, 0.99620312, 0.087059267, -0.15716578;
 -0.03750962, -0.087004311, 0.99550152, -1.3662808;
 0, 0, 0, 1]
Ow:
[-0.023118032;
 0.037609451;
 1.3748707]
Keyframe: 46 Frame: 220 Frame from vFrameID : 221
Tcw:
[0.99840021, 0.031265572, -0.047111228, -0.017578643;
 -0.034605321, 0.99681652, -0.071828306, 0.035438143;
 0.044715498, 0.073343702, 0.9963038, 1.4101298;
 0, 0, 0, 1]
Twc:
[0.99840021, -0.034605321, 0.044715498, -0.044277787;
 0.031265572, 0.99681652, 0.073343702, -0.13819985;
 -0.047111228, -0.071828306, 0.9963038, -1.4032004;
 0, 0, 0, 1]
Ow:
[-0.017578643;
 0.035438143;
 1.4101298]
Keyframe: 47 Frame: 223 Frame from vFrameID : 224
Tcw:
[0.99672669, 0.057139926, -0.05719227, -0.012982339;
 -0.059649222, 0.99728537, -0.043173011, 0.039376136;
 0.054570109, 0.046443164, 0.99742925, 1.4384362;
 0, 0, 0, 1]
Twc:
[0.99672669, -0.059649222, 0.054570109, -0.063207015;
 0.057139926, 0.99728537, 0.046443164, -0.10533296;
 -0.05719227, -0.043173011, 0.99742925, -1.4337808;
 0, 0, 0, 1]
Ow:
[-0.012982339;
 0.039376136;
 1.4384362]
Keyframe: 48 Frame: 227 Frame from vFrameID : 228
Tcw:
[0.99865133, 0.02948055, -0.042737223, -0.020262167;
 -0.031779118, 0.99802744, -0.054141525, 0.04469344;
 0.041056801, 0.055426657, 0.99761826, 1.485539;
 0, 0, 0, 1]
Twc:
[0.99865133, -0.031779118, 0.041056801, -0.03933632;
 0.02948055, 0.99802744, 0.055426657, -0.12634639;
 -0.042737223, -0.054141525, 0.99761826, -1.4804471;
 0, 0, 0, 1]
Ow:
[-0.020262167;
 0.04469344;
 1.485539]
Keyframe: 49 Frame: 231 Frame from vFrameID : 232
Tcw:
[0.99956763, 0.024053184, -0.016910393, -0.02011727;
 -0.024989448, 0.99803108, -0.057527799, 0.045181796;
 0.015493372, 0.057925507, 0.99820065, 1.523645;
 0, 0, 0, 1]
Twc:
[0.99956763, -0.024989448, 0.015493372, -0.0023687568;
 0.024053184, 0.99803108, 0.057925507, -0.13286686;
 -0.016910393, -0.057527799, 0.99820065, -1.5186445;
 0, 0, 0, 1]
Ow:
[-0.02011727;
 0.045181796;
 1.523645]
Keyframe: 50 Frame: 235 Frame from vFrameID : 236
Tcw:
[0.99917144, 0.04014359, 0.0066998228, -0.013828263;
 -0.039792147, 0.99813831, -0.046222106, 0.041117698;
 -0.0085428711, 0.045917209, 0.9989087, 1.56639;
 0, 0, 0, 1]
Twc:
[0.99917144, -0.039792147, -0.0085428711, 0.028834434;
 0.04014359, 0.99813831, 0.045917209, -0.11241029;
 0.0066998228, -0.046222106, 0.9989087, -1.5626875;
 0, 0, 0, 1]
Ow:
[-0.013828263;
 0.041117698;
 1.56639]
Keyframe: 51 Frame: 238 Frame from vFrameID : 239
Tcw:
[0.99941862, 0.021057002, 0.026814992, -0.01720877;
 -0.019407285, 0.99798781, -0.060362861, 0.041285574;
 -0.028032096, 0.05980736, 0.99781626, 1.5990313;
 0, 0, 0, 1]
Twc:
[0.99941862, -0.019407285, -0.028032096, 0.062824205;
 0.021057002, 0.99798781, 0.05980736, -0.13647398;
 0.026814992, -0.060362861, 0.99781626, -1.5925859;
 0, 0, 0, 1]
Ow:
[-0.01720877;
 0.041285574;
 1.5990313]
Keyframe: 52 Frame: 242 Frame from vFrameID : 243
Tcw:
[0.99939269, 0.02498964, 0.024285575, -0.015660599;
 -0.023786377, 0.99853349, -0.048632238, 0.049863495;
 -0.025465263, 0.048025038, 0.99852145, 1.6405162;
 0, 0, 0, 1]
Twc:
[0.99939269, -0.023786377, -0.025465263, 0.058613334;
 0.02498964, 0.99853349, 0.048025038, -0.12818485;
 0.024285575, -0.048632238, 0.99852145, -1.6352853;
 0, 0, 0, 1]
Ow:
[-0.015660599;
 0.049863495;
 1.6405162]
Keyframe: 53 Frame: 246 Frame from vFrameID : 247
Tcw:
[0.99876773, 0.04889461, -0.0085061211, -0.0093341228;
 -0.049299862, 0.9971692, -0.056772567, 0.051024534;
 0.0057061692, 0.057121959, 0.99835092, 1.6859215;
 0, 0, 0, 1]
Twc:
[0.99876773, -0.049299862, 0.0057061692, 0.0022179692;
 0.04889461, 0.9971692, 0.057121959, -0.14672685;
 -0.0085061211, -0.056772567, 0.99835092, -1.680324;
 0, 0, 0, 1]
Ow:
[-0.0093341228;
 0.051024534;
 1.6859215]
Keyframe: 54 Frame: 250 Frame from vFrameID : 251
Tcw:
[0.99865055, 0.04292715, -0.029229116, -0.0026625767;
 -0.045062345, 0.99602735, -0.07680431, 0.050749823;
 0.025816008, 0.078017794, 0.99661767, 1.7232826;
 0, 0, 0, 1]
Twc:
[0.99865055, -0.045062345, 0.025816008, -0.039542388;
 0.04292715, 0.99602735, 0.078017794, -0.18488063;
 -0.029229116, -0.07680431, 0.99661767, -1.7136339;
 0, 0, 0, 1]
Ow:
[-0.0026625767;
 0.050749823;
 1.7232826]
Keyframe: 55 Frame: 253 Frame from vFrameID : 254
Tcw:
[0.99867535, 0.043192752, -0.027963359, -0.00088785589;
 -0.04469445, 0.99745715, -0.055512827, 0.049320772;
 0.025494499, 0.056689098, 0.99806631, 1.7426182;
 0, 0, 0, 1]
Twc:
[0.99867535, -0.04469445, 0.025494499, -0.041336134;
 0.043192752, 0.99745715, 0.056689098, -0.14794445;
 -0.027963359, -0.055512827, 0.99806631, -1.7365354;
 0, 0, 0, 1]
Ow:
[-0.00088785589;
 0.049320772;
 1.7426182]
Keyframe: 56 Frame: 256 Frame from vFrameID : 257
Tcw:
[0.99895173, 0.042500325, -0.017003985, 0.00094896182;
 -0.043296512, 0.99783152, -0.049574513, 0.051813118;
 0.014860179, 0.050258759, 0.9986257, 1.7724901;
 0, 0, 0, 1]
Twc:
[0.99895173, -0.043296512, 0.014860179, -0.02504416;
 0.042500325, 0.99783152, 0.050258759, -0.14082424;
 -0.017003985, -0.049574513, 0.9986257, -1.7674693;
 0, 0, 0, 1]
Ow:
[0.00094896182;
 0.051813118;
 1.7724901]
Keyframe: 57 Frame: 260 Frame from vFrameID : 261
Tcw:
[0.99917215, 0.029127877, 0.028399626, 0.00015824288;
 -0.027920494, 0.99872649, -0.042021755, 0.059706315;
 -0.029587464, 0.041194037, 0.99871302, 1.8201593;
 0, 0, 0, 1]
Twc:
[0.99917215, -0.027920494, -0.029587464, 0.055362813;
 0.029127877, 0.99872649, 0.041194037, -0.1346146;
 0.028399626, -0.042021755, 0.99871302, -1.8153123;
 0, 0, 0, 1]
Ow:
[0.00015824288;
 0.059706315;
 1.8201593]
Keyframe: 58 Frame: 263 Frame from vFrameID : 264
Tcw:
[0.99774981, 0.012860278, 0.06580244, -0.0034876987;
 -0.01117948, 0.99960339, -0.025847876, 0.061548289;
 -0.066108748, 0.025054077, 0.99749786, 1.8545648;
 0, 0, 0, 1]
Twc:
[0.99774981, -0.01117948, -0.066108748, 0.12677088;
 0.012860278, 0.99960339, 0.025054077, -0.10794343;
 0.06580244, -0.025847876, 0.99749786, -1.848104;
 0, 0, 0, 1]
Ow:
[-0.0034876987;
 0.061548289;
 1.8545648]
Keyframe: 59 Frame: 267 Frame from vFrameID : 268
Tcw:
[0.99696994, -0.0097924694, 0.077169307, -0.013625786;
 0.012933619, 0.99910349, -0.040310569, 0.061196119;
 -0.076705389, 0.0411865, 0.99620277, 1.8838084;
 0, 0, 0, 1]
Twc:
[0.99696994, 0.012933619, -0.076705389, 0.15729125;
 -0.0097924694, 0.99910349, 0.0411865, -0.13886218;
 0.077169307, -0.040310569, 0.99620277, -1.8731368;
 0, 0, 0, 1]
Ow:
[-0.013625786;
 0.061196119;
 1.8838084]
Keyframe: 60 Frame: 271 Frame from vFrameID : 272
Tcw:
[0.99595618, -0.004966022, 0.089702956, -0.012131751;
 0.0071975105, 0.99967217, -0.024570104, 0.06041161;
 -0.089551538, 0.025116384, 0.99566543, 1.9269813;
 0, 0, 0, 1]
Twc:
[0.99595618, 0.0071975105, -0.089551538, 0.18421203;
 -0.004966022, 0.99967217, 0.025116384, -0.10885086;
 0.089702956, -0.024570104, 0.99566543, -1.9160563;
 0, 0, 0, 1]
Ow:
[-0.012131751;
 0.06041161;
 1.9269813]
Keyframe: 61 Frame: 274 Frame from vFrameID : 275
Tcw:
[0.99666393, -0.0023908338, 0.081579909, -0.012451321;
 0.0043240581, 0.99971378, -0.023528872, 0.063163623;
 -0.081500307, 0.023803135, 0.99638903, 1.9441912;
 0, 0, 0, 1]
Twc:
[0.99666393, 0.0043240581, -0.081500307, 0.17058885;
 -0.0023908338, 0.99971378, 0.023803135, -0.10945317;
 0.081579909, -0.023528872, 0.99638903, -1.9346689;
 0, 0, 0, 1]
Ow:
[-0.012451321;
 0.063163623;
 1.9441912]
Keyframe: 62 Frame: 277 Frame from vFrameID : 278
Tcw:
[0.99837297, 0.00027793751, 0.057019938, -0.014495365;
 0.0016791117, 0.99941117, -0.034271412, 0.065293789;
 -0.056995887, 0.034311395, 0.99778467, 1.9754499;
 0, 0, 0, 1]
Twc:
[0.99837297, 0.0016791117, -0.056995887, 0.12695466;
 0.00027793751, 0.99941117, 0.034311395, -0.13303176;
 0.057019938, -0.034271412, 0.99778467, -1.9680092;
 0, 0, 0, 1]
Ow:
[-0.014495365;
 0.065293789;
 1.9754499]
Keyframe: 63 Frame: 280 Frame from vFrameID : 281
Tcw:
[0.99924517, 0.027042383, 0.02788903, -0.0074597299;
 -0.025990965, 0.9989624, -0.037397437, 0.068685114;
 -0.028871408, 0.036644347, 0.9989112, 2.0056238;
 0, 0, 0, 1]
Twc:
[0.99924517, -0.025990965, -0.028871408, 0.067144483;
 0.027042383, 0.9989624, 0.036644347, -0.14190689;
 0.02788903, -0.037397437, 0.9989112, -2.0006635;
 0, 0, 0, 1]
Ow:
[-0.0074597299;
 0.068685114;
 2.0056238]
Keyframe: 64 Frame: 284 Frame from vFrameID : 285
Tcw:
[0.99927223, 0.036903754, -0.0096527906, -0.0013686288;
 -0.037148252, 0.99895799, -0.02651199, 0.068365619;
 0.0086643407, 0.026851278, 0.9996019, 2.0366168;
 0, 0, 0, 1]
Twc:
[0.99927223, -0.037148252, 0.0086643407, -0.013738642;
 0.036903754, 0.99895799, 0.026851278, -0.12292964;
 -0.0096527906, -0.02651199, 0.9996019, -2.0340066;
 0, 0, 0, 1]
Ow:
[-0.0013686288;
 0.068365619;
 2.0366168]
Keyframe: 65 Frame: 288 Frame from vFrameID : 289
Tcw:
[0.99870908, 0.042262226, -0.028179353, -0.00054798648;
 -0.04289994, 0.9988277, -0.022423327, 0.061702754;
 0.027198659, 0.023603274, 0.99935132, 2.0648115;
 0, 0, 0, 1]
Twc:
[0.99870908, -0.04289994, 0.027198659, -0.052965783;
 0.042262226, 0.9988277, 0.023603274, -0.11034357;
 -0.028179353, -0.022423327, 0.99935132, -2.062104;
 0, 0, 0, 1]
Ow:
[-0.00054798648;
 0.061702754;
 2.0648115]
Keyframe: 66 Frame: 292 Frame from vFrameID : 293
Tcw:
[0.99891239, 0.031661116, -0.034228154, -0.0025226474;
 -0.032677531, 0.99902886, -0.029555243, 0.069112279;
 0.033259161, 0.030641589, 0.99897695, 2.1081421;
 0, 0, 0, 1]
Twc:
[0.99891239, -0.032677531, 0.033259161, -0.065336719;
 0.031661116, 0.99902886, 0.030641589, -0.13356212;
 -0.034228154, -0.029555243, 0.99897695, -2.1040289;
 0, 0, 0, 1]
Ow:
[-0.0025226474;
 0.069112279;
 2.1081421]
Keyframe: 67 Frame: 296 Frame from vFrameID : 297
Tcw:
[0.99938691, 0.02797115, -0.02105652, -0.00721398;
 -0.028745074, 0.998887, -0.037396137, 0.075446658;
 0.019987071, 0.037978482, 0.99907863, 2.1403329;
 0, 0, 0, 1]
Twc:
[0.99938691, -0.028745074, 0.019987071, -0.033400711;
 0.02797115, 0.998887, 0.037978482, -0.1564475;
 -0.02105652, -0.037396137, 0.99907863, -2.1356914;
 0, 0, 0, 1]
Ow:
[-0.00721398;
 0.075446658;
 2.1403329]
Keyframe: 68 Frame: 299 Frame from vFrameID : 300
Tcw:
[0.9996981, 0.02372385, -0.006389671, -0.0092708534;
 -0.023971444, 0.99883193, -0.041953504, 0.078420445;
 0.005386909, 0.042094011, 0.99909914, 2.173367;
 0, 0, 0, 1]
Twc:
[0.9996981, -0.023971444, 0.005386909, -0.00055982335;
 0.02372385, 0.99883193, 0.042094011, -0.16959465;
 -0.006389671, -0.041953504, 0.99909914, -2.1681783;
 0, 0, 0, 1]
Ow:
[-0.0092708534;
 0.078420445;
 2.173367]
Keyframe: 69 Frame: 303 Frame from vFrameID : 304
Tcw:
[0.99976635, 0.020656478, 0.006372978, -0.011453394;
 -0.020436272, 0.99925059, -0.032873344, 0.080235533;
 -0.0070472495, 0.032735422, 0.99943918, 2.2087402;
 0, 0, 0, 1]
Twc:
[0.99976635, -0.020436272, -0.0070472495, 0.028655976;
 0.020656478, 0.99925059, 0.032735422, -0.15224287;
 0.006372978, -0.032873344, 0.99943918, -2.2047911;
 0, 0, 0, 1]
Ow:
[-0.011453394;
 0.080235533;
 2.2087402]
Keyframe: 70 Frame: 306 Frame from vFrameID : 307
Tcw:
[0.9996469, 0.024835614, 0.0094461916, -0.011649083;
 -0.024549192, 0.99926865, -0.029316241, 0.076396681;
 -0.010167371, 0.029073995, 0.99952555, 2.2381768;
 0, 0, 0, 1]
Twc:
[0.9996469, -0.024549192, -0.010167371, 0.036276817;
 0.024835614, 0.99926865, 0.029073995, -0.14112423;
 0.0094461916, -0.029316241, 0.99952555, -2.2347653;
 0, 0, 0, 1]
Ow:
[-0.011649083;
 0.076396681;
 2.2381768]
Keyframe: 71 Frame: 309 Frame from vFrameID : 310
Tcw:
[0.99979115, 0.018263433, 0.0091729462, -0.01277647;
 -0.017950946, 0.99929196, -0.033065233, 0.077954344;
 -0.0097703366, 0.032893661, 0.99941111, 2.254673;
 0, 0, 0, 1]
Twc:
[0.99979115, -0.017950946, -0.0097703366, 0.036202069;
 0.018263433, 0.99929196, 0.032893661, -0.15183027;
 0.0091729462, -0.033065233, 0.99941111, -2.2506504;
 0, 0, 0, 1]
Ow:
[-0.01277647;
 0.077954344;
 2.254673]
Keyframe: 72 Frame: 312 Frame from vFrameID : 313
Tcw:
[0.99975163, 0.022075623, -0.0030603989, -0.015319845;
 -0.022149621, 0.99939734, -0.026728369, 0.081762359;
 0.0024685089, 0.026789518, 0.99963802, 2.2943931;
 0, 0, 0, 1]
Twc:
[0.99975163, -0.022149621, 0.0024685089, 0.011463313;
 0.022075623, 0.99939734, 0.026789518, -0.14284058;
 -0.0030603989, -0.026728369, 0.99963802, -2.2914243;
 0, 0, 0, 1]
Ow:
[-0.015319845;
 0.081762359;
 2.2943931]
Keyframe: 73 Frame: 315 Frame from vFrameID : 316
Tcw:
[0.99911827, 0.035965852, -0.021660272, -0.014419653;
 -0.036681086, 0.99876261, -0.033581901, 0.083081797;
 0.020425668, 0.034346811, 0.99920124, 2.3142095;
 0, 0, 0, 1]
Twc:
[0.99911827, -0.036681086, 0.020425668, -0.029814808;
 0.035965852, 0.99876261, 0.034346811, -0.1619461;
 -0.021660272, -0.033581901, 0.99920124, -2.3098834;
 0, 0, 0, 1]
Ow:
[-0.014419653;
 0.083081797;
 2.3142095]
Keyframe: 74 Frame: 318 Frame from vFrameID : 319
Tcw:
[0.99773479, 0.045128763, -0.049886327, -0.012801312;
 -0.047379855, 0.99786717, -0.044902418, 0.083657667;
 0.047753539, 0.047164313, 0.99774504, 2.3391926;
 0, 0, 0, 1]
Twc:
[0.99773479, -0.047379855, 0.047753539, -0.094968736;
 0.045128763, 0.99786717, 0.047164313, -0.19322795;
 -0.049886327, -0.044902418, 0.99774504, -2.3308001;
 0, 0, 0, 1]
Ow:
[-0.012801312;
 0.083657667;
 2.3391926]
Keyframe: 75 Frame: 322 Frame from vFrameID : 323
Tcw:
[0.99875498, 0.026022462, -0.042559188, -0.015030809;
 -0.027240502, 0.99922836, -0.028294794, 0.083854444;
 0.041790046, 0.029418902, 0.99869323, 2.3759933;
 0, 0, 0, 1]
Twc:
[0.99875498, -0.027240502, 0.041790046, -0.081996538;
 0.026022462, 0.99922836, 0.029418902, -0.15329771;
 -0.042559188, -0.028294794, 0.99869323, -2.3711553;
 0, 0, 0, 1]
Ow:
[-0.015030809;
 0.083854444;
 2.3759933]
Keyframe: 76 Frame: 325 Frame from vFrameID : 326
Tcw:
[0.9987607, 0.030813206, -0.039085235, -0.01424627;
 -0.031761773, 0.99921006, -0.023884851, 0.083525024;
 0.038318392, 0.025096666, 0.99895036, 2.3939133;
 0, 0, 0, 1]
Twc:
[0.9987607, -0.031761773, 0.038318392, -0.074849382;
 0.030813206, 0.99921006, 0.025096666, -0.14309931;
 -0.039085235, -0.023884851, 0.99895036, -2.3899624;
 0, 0, 0, 1]
Ow:
[-0.01424627;
 0.083525024;
 2.3939133]
Keyframe: 77 Frame: 329 Frame from vFrameID : 330
Tcw:
[0.99854338, 0.048480209, -0.023680968, -0.013356909;
 -0.04914657, 0.99838722, -0.028417798, 0.084561504;
 0.022265075, 0.029540243, 0.99931556, 2.4432752;
 0, 0, 0, 1]
Twc:
[0.99854338, -0.04914657, 0.022265075, -0.036906347;
 0.048480209, 0.99838722, 0.029540243, -0.15595251;
 -0.023680968, -0.028417798, 0.99931556, -2.4395163;
 0, 0, 0, 1]
Ow:
[-0.013356909;
 0.084561504;
 2.4432752]
Keyframe: 78 Frame: 332 Frame from vFrameID : 333
Tcw:
[0.99951077, 0.030375279, -0.0074508172, -0.017150033;
 -0.030632965, 0.99883336, -0.037329733, 0.090968698;
 0.0063082236, 0.037539713, 0.99927521, 2.4644847;
 0, 0, 0, 1]
Twc:
[0.99951077, -0.030632965, 0.0063082236, 0.0043817642;
 0.030375279, 0.99883336, 0.037539713, -0.18285768;
 -0.0074508172, -0.037329733, 0.99927521, -2.4594305;
 0, 0, 0, 1]
Ow:
[-0.017150033;
 0.090968698;
 2.4644847]
Keyframe: 79 Frame: 337 Frame from vFrameID : 338
Tcw:
[0.99926955, 0.010184628, 0.036832176, -0.021478027;
 -0.0076620202, 0.99765635, -0.067993134, 0.089783937;
 -0.03743834, 0.067661263, 0.9970057, 2.5151329;
 0, 0, 0, 1]
Twc:
[0.99926955, -0.0076620202, -0.03743834, 0.11631266;
 0.010184628, 0.99765635, 0.067661263, -0.25953186;
 0.036832176, -0.067993134, 0.9970057, -2.500706;
 0, 0, 0, 1]
Ow:
[-0.021478027;
 0.089783937;
 2.5151329]
Keyframe: 80 Frame: 341 Frame from vFrameID : 342
Tcw:
[0.99789566, 0.023919983, 0.060267005, -0.01790686;
 -0.021039205, 0.99862623, -0.04798964, 0.09112376;
 -0.061332125, 0.046620686, 0.99702805, 2.5397341;
 0, 0, 0, 1]
Twc:
[0.99789566, -0.021039205, -0.061332125, 0.17555362;
 0.023919983, 0.99862623, 0.046620686, -0.20897438;
 0.060267005, -0.04798964, 0.99702805, -2.5267336;
 0, 0, 0, 1]
Ow:
[-0.01790686;
 0.09112376;
 2.5397341]
Keyframe: 81 Frame: 344 Frame from vFrameID : 345
Tcw:
[0.99647212, 0.029771406, 0.078466028, -0.018645808;
 -0.027830439, 0.99928182, -0.025715187, 0.092822857;
 -0.079175256, 0.023440724, 0.99658507, 2.5776446;
 0, 0, 0, 1]
Twc:
[0.99647212, -0.027830439, -0.079175256, 0.22524901;
 0.029771406, 0.99928182, 0.023440724, -0.15262294;
 0.078466028, -0.025715187, 0.99658507, -2.5649922;
 0, 0, 0, 1]
Ow:
[-0.018645808;
 0.092822857;
 2.5776446]
Keyframe: 82 Frame: 347 Frame from vFrameID : 348
Tcw:
[0.99687916, 0.026175113, 0.074476667, -0.021518677;
 -0.02395203, 0.99924505, -0.030587751, 0.092971027;
 -0.075221077, 0.028708424, 0.99675351, 2.5987575;
 0, 0, 0, 1]
Twc:
[0.99687916, -0.02395203, -0.075221077, 0.21915972;
 0.026175113, 0.99924505, 0.028708424, -0.16694382;
 0.074476667, -0.030587751, 0.99675351, -2.5858743;
 0, 0, 0, 1]
Ow:
[-0.021518677;
 0.092971027;
 2.5987575]
Keyframe: 83 Frame: 351 Frame from vFrameID : 352
Tcw:
[0.99915171, 0.031899139, 0.026043382, -0.021733783;
 -0.030688509, 0.99848688, -0.045631342, 0.093844146;
 -0.027459575, 0.044793401, 0.99861878, 2.6372292;
 0, 0, 0, 1]
Twc:
[0.99915171, -0.030688509, -0.027459575, 0.097012475;
 0.031899139, 0.99848688, 0.044793401, -0.21113932;
 0.026043382, -0.045631342, 0.99861878, -2.6287384;
 0, 0, 0, 1]
Ow:
[-0.021733783;
 0.093844146;
 2.6372292]
Keyframe: 84 Frame: 355 Frame from vFrameID : 356
Tcw:
[0.99950653, 0.028216355, -0.013802552, -0.018231515;
 -0.029124757, 0.99706757, -0.070767649, 0.094434455;
 0.011765271, 0.071134724, 0.9973973, 2.6694334;
 0, 0, 0, 1]
Twc:
[0.99950653, -0.029124757, 0.011765271, -0.010433708;
 0.028216355, 0.99706757, 0.071134724, -0.28353247;
 -0.013802552, -0.070767649, 0.9973973, -2.6560545;
 0, 0, 0, 1]
Ow:
[-0.018231515;
 0.094434455;
 2.6694334]
Keyframe: 85 Frame: 360 Frame from vFrameID : 361
Tcw:
[0.99878818, 0.046011325, -0.017467221, -0.01508623;
 -0.046797179, 0.99776864, -0.04762141, 0.094266072;
 0.01523712, 0.04838112, 0.99871272, 2.7149448;
 0, 0, 0, 1]
Twc:
[0.99878818, -0.046797179, 0.01523712, -0.021888612;
 0.046011325, 0.99776864, 0.04838112, -0.22471365;
 -0.017467221, -0.04762141, 0.99871272, -2.7072244;
 0, 0, 0, 1]
Ow:
[-0.01508623;
 0.094266072;
 2.7149448]
Keyframe: 86 Frame: 365 Frame from vFrameID : 366
Tcw:
[0.99978465, 0.01552382, 0.013772616, -0.024657421;
 -0.014912311, 0.99894458, -0.043443896, 0.10681519;
 -0.014432495, 0.043229159, 0.99896091, 2.7653961;
 0, 0, 0, 1]
Twc:
[0.99978465, -0.014912311, -0.014432495, 0.066156536;
 0.01552382, 0.99894458, 0.043229159, -0.22586542;
 0.013772616, -0.043443896, 0.99896091, -2.7575426;
 0, 0, 0, 1]
Ow:
[-0.024657421;
 0.10681519;
 2.7653961]
Keyframe: 87 Frame: 369 Frame from vFrameID : 370
Tcw:
[0.99915326, 0.025028957, 0.032654118, -0.01834958;
 -0.023459539, 0.99859142, -0.047590502, 0.10575619;
 -0.033799261, 0.046784155, 0.99833304, 2.7981875;
 0, 0, 0, 1]
Twc:
[0.99915326, -0.023459539, -0.033799261, 0.1153917;
 0.025028957, 0.99859142, 0.046784155, -0.23605879;
 0.032654118, -0.047590502, 0.99833304, -2.7878907;
 0, 0, 0, 1]
Ow:
[-0.01834958;
 0.10575619;
 2.7981875]
Keyframe: 88 Frame: 374 Frame from vFrameID : 375
Tcw:
[0.9985745, 0.0045653861, 0.053179897, -0.026207387;
 -0.0020545595, 0.99888462, -0.047173142, 0.10945036;
 -0.053335946, 0.046996634, 0.99747008, 2.8459828;
 0, 0, 0, 1]
Twc:
[0.9985745, -0.0020545595, -0.053335946, 0.17818809;
 0.0045653861, 0.99888462, 0.046996634, -0.24296024;
 0.053179897, -0.047173142, 0.99747008, -2.8322258;
 0, 0, 0, 1]
Ow:
[-0.026207387;
 0.10945036;
 2.8459828]
Keyframe: 89 Frame: 378 Frame from vFrameID : 379
Tcw:
[0.99857855, -0.00012024299, 0.053300057, -0.030683279;
 0.0022134345, 0.99922836, -0.039214555, 0.11227135;
 -0.053254213, 0.03927679, 0.99780828, 2.8890638;
 0, 0, 0, 1]
Twc:
[0.99857855, 0.0022134345, -0.053254213, 0.18424599;
