Keyframe: 0 Frame: 0 Frame from vFrameID : 81
Tcw:
[1, 0, 0, 0;
 0, 1, 0, 0;
 0, 0, 1, 0;
 0, 0, 0, 1]
Twc:
[1, 0, 0, 0;
 0, 1, 0, 0;
 0, 0, 1, 0;
 0, 0, 0, 1]
Ow:
[0;
 0;
 0]
Keyframe: 1 Frame: 80 Frame from vFrameID : 81
Tcw:
[0.99941766, -0.019004833, -0.028340846, -0.018923845;
 0.019806188, 0.99940413, 0.028268149, 0.010995418;
 0.027786728, -0.02881301, 0.99919856, 0.091102399;
 0, 0, 0, 1]
Twc:
[0.99941766, 0.019806188, 0.027786728, 0.016163608;
 -0.019004833, 0.99940413, -0.02881301, -0.0087235756;
 -0.028340846, 0.028268149, 0.99919856, -0.091876522;
 0, 0, 0, 1]
Ow:
[-0.018923845;
 0.010995418;
 0.091102399]
Keyframe: 2 Frame: 82 Frame from vFrameID : 83
Tcw:
[0.99894267, -0.016047221, -0.043082118, -0.014535584;
 0.017109023, 0.99955606, 0.024391476, 0.0088413116;
 0.042671576, -0.025102777, 0.99877375, 0.10877913;
 0, 0, 0, 1]
Twc:
[0.99894267, 0.017109023, 0.042671576, 0.0097271698;
 -0.016047221, 0.99955606, -0.025102777, -0.006339984;
 -0.043082118, 0.024391476, 0.99877375, -0.10948762;
 0, 0, 0, 1]
Ow:
[-0.014535584;
 0.0088413116;
 0.10877913]
Keyframe: 3 Frame: 84 Frame from vFrameID : 85
Tcw:
[0.99861395, -0.0081263538, -0.052001826, -0.014033237;
 0.0088445814, 0.99986845, 0.013596411, 0.0093578473;
 0.051884495, -0.0140375, 0.99855441, 0.12485991;
 0, 0, 0, 1]
Twc:
[0.99861395, 0.0088445814, 0.051884495, 0.007452725;
 -0.0081263538, 0.99986845, -0.0140375, -0.0077179335;
 -0.052001826, 0.013596411, 0.99855441, -0.12553641;
 0, 0, 0, 1]
Ow:
[-0.014033237;
 0.0093578473;
 0.12485991]
Keyframe: 4 Frame: 86 Frame from vFrameID : 87
Tcw:
[0.99805152, -0.0086916974, -0.06178683, -0.011289068;
 0.0095762145, 0.99985564, 0.014033933, 0.0086308792;
 0.061655931, -0.014598272, 0.99799073, 0.13323927;
 0, 0, 0, 1]
Twc:
[0.99805152, 0.0095762145, 0.061655931, 0.0029694287;
 -0.0086916974, 0.99985564, -0.014598272, -0.0067826919;
 -0.06178683, 0.014033933, 0.99799073, -0.13379018;
 0, 0, 0, 1]
Ow:
[-0.011289068;
 0.0086308792;
 0.13323927]
Keyframe: 5 Frame: 89 Frame from vFrameID : 90
Tcw:
[0.99656415, -0.00061894947, -0.082821958, -0.0079606986;
 0.00025834161, 0.99999046, -0.0043646586, 0.0032957802;
 0.082823865, 0.0043282658, 0.99655479, 0.17012213;
 0, 0, 0, 1]
Twc:
[0.99656415, 0.00025834161, 0.082823865, -0.0061576786;
 -0.00061894947, 0.99999046, 0.0043282658, -0.00403701;
 -0.082821958, -0.0043646586, 0.99655479, -0.17018098;
 0, 0, 0, 1]
Ow:
[-0.0079606986;
 0.0032957802;
 0.17012213]
Keyframe: 6 Frame: 92 Frame from vFrameID : 93
Tcw:
[0.9960041, -0.0039933822, -0.089217886, -0.0080400426;
 0.0035363724, 0.99997979, -0.0052798837, 0.0042951233;
 0.089237168, 0.0049432782, 0.99599814, 0.18708342;
 0, 0, 0, 1]
Twc:
[0.9960041, 0.0035363724, 0.089237168, -0.0087020686;
 -0.0039933822, 0.99997979, 0.0049432782, -0.0052519492;
 -0.089217886, -0.0052798837, 0.99599814, -0.18702938;
 0, 0, 0, 1]
Ow:
[-0.0080400426;
 0.0042951233;
 0.18708342]
Keyframe: 7 Frame: 95 Frame from vFrameID : 96
Tcw:
[0.99624223, 0.004630202, -0.086487211, -0.0041916948;
 -0.0046084099, 0.99998927, 0.0004516232, 0.010994271;
 0.086488374, -5.1357558e-05, 0.99625283, 0.22689196;
 0, 0, 0, 1]
Twc:
[0.99624223, -0.0046084099, 0.086488374, -0.015396908;
 0.004630202, 0.99998927, -5.1357558e-05, -0.010963093;
 -0.086487211, 0.0004516232, 0.99625283, -0.22640927;
 0, 0, 0, 1]
Ow:
[-0.0041916948;
 0.010994271;
 0.22689196]
Keyframe: 8 Frame: 98 Frame from vFrameID : 99
Tcw:
[0.99722004, 0.0045269495, -0.074375272, -0.0083529614;
 -0.003907471, 0.99995649, 0.0084724948, 0.015429323;
 0.074410386, -0.0081583224, 0.99719435, 0.25060585;
 0, 0, 0, 1]
Twc:
[0.99722004, -0.003907471, 0.074410386, -0.010257648;
 0.0045269495, 0.99995649, -0.0081583224, -0.013346314;
 -0.074375272, 0.0084724948, 0.99719435, -0.2506547;
 0, 0, 0, 1]
Ow:
[-0.0083529614;
 0.015429323;
 0.25060585]
Keyframe: 9 Frame: 101 Frame from vFrameID : 102
Tcw:
[0.99866325, 0.0077293077, -0.051107388, -0.012065139;
 -0.0074238423, 0.99995345, 0.0061640679, 0.019437585;
 0.051152654, -0.0057764146, 0.99867415, 0.28877833;
 0, 0, 0, 1]
Twc:
[0.99866325, -0.0074238423, 0.051152654, -0.0025784662;
 0.0077293077, 0.99995345, -0.0057764146, -0.017675322;
 -0.051107388, 0.0061640679, 0.99867415, -0.28913188;
 0, 0, 0, 1]
Ow:
[-0.012065139;
 0.019437585;
 0.28877833]
Keyframe: 10 Frame: 104 Frame from vFrameID : 105
Tcw:
[0.99957037, 0.00072997197, -0.029301338, -0.012531506;
 -0.0007612895, 0.99999917, -0.0010576659, 0.02112167;
 0.029300541, 0.0010795183, 0.99957007, 0.32388547;
 0, 0, 0, 1]
Twc:
[0.99957037, -0.0007612895, 0.029300541, 0.0030521827;
 0.00072997197, 0.99999917, 0.0010795183, -0.021462146;
 -0.029301338, -0.0010576659, 0.99957007, -0.32409105;
 0, 0, 0, 1]
Ow:
[-0.012531506;
 0.02112167;
 0.32388547]
Keyframe: 11 Frame: 108 Frame from vFrameID : 109
Tcw:
[0.99989277, -0.014315886, 0.0030847457, -0.015508272;
 0.014279666, 0.99983239, 0.011460093, 0.022326834;
 -0.0032482902, -0.011414815, 0.99992955, 0.3704859;
 0, 0, 0, 1]
Twc:
[0.99989277, 0.014279666, -0.0032482902, 0.016391236;
 -0.014315886, 0.99983239, -0.011414815, -0.018316079;
 0.0030847457, 0.011460093, 0.99992955, -0.37066785;
 0, 0, 0, 1]
Ow:
[-0.015508272;
 0.022326834;
 0.3704859]
Keyframe: 12 Frame: 112 Frame from vFrameID : 113
Tcw:
[0.99952883, -0.015001298, 0.026778808, -0.016326178;
 0.014696592, 0.99982542, 0.011539448, 0.024450934;
 -0.026947239, -0.011140454, 0.99957478, 0.40642458;
 0, 0, 0, 1]
Twc:
[0.99952883, 0.014696592, -0.026947239, 0.026911158;
 -0.015001298, 0.99982542, -0.011140454, -0.020163825;
 0.026778808, 0.011539448, 0.99957478, -0.4060967;
 0, 0, 0, 1]
Ow:
[-0.016326178;
 0.024450934;
 0.40642458]
Keyframe: 13 Frame: 116 Frame from vFrameID : 117
Tcw:
[0.99983662, -0.017520912, 0.0044437684, -0.022462953;
 0.017497879, 0.99983352, 0.0051703868, 0.031237565;
 -0.0045336187, -0.0050917859, 0.99997675, 0.4676604;
 0, 0, 0, 1]
Twc:
[0.99983662, 0.017497879, -0.0045336187, 0.024032887;
 -0.017520912, 0.99983352, -0.0050917859, -0.02924471;
 0.0044437684, 0.0051703868, 0.99997675, -0.46771124;
 0, 0, 0, 1]
Ow:
[-0.022462953;
 0.031237565;
 0.4676604]
Keyframe: 14 Frame: 120 Frame from vFrameID : 121
Tcw:
[0.99915469, -0.0059043304, -0.040682878, -0.027592389;
 0.006252029, 0.99994498, 0.0084246323, 0.029182162;
 0.040630899, -0.0086718611, 0.99913657, 0.51563036;
 0, 0, 0, 1]
Twc:
[0.99915469, 0.006252029, 0.040630899, 0.0064360905;
 -0.0059043304, 0.99994498, -0.0086718611, -0.024871996;
 -0.040682878, 0.0084246323, 0.99913657, -0.51655358;
 0, 0, 0, 1]
Ow:
[-0.027592389;
 0.029182162;
 0.51563036]
Keyframe: 15 Frame: 125 Frame from vFrameID : 126
Tcw:
[0.99815822, -0.011711671, -0.059523102, -0.030269451;
 0.010769758, 0.99981207, -0.016120583, 0.021473363;
 0.059700713, 0.015449842, 0.99809676, 0.56617981;
 0, 0, 0, 1]
Twc:
[0.99815822, 0.010769758, 0.059700713, -0.0038189013;
 -0.011711671, 0.99981207, 0.015449842, -0.030571222;
 -0.059523102, -0.016120583, 0.99809676, -0.56655782;
 0, 0, 0, 1]
Ow:
[-0.030269451;
 0.021473363;
 0.56617981]
Keyframe: 16 Frame: 130 Frame from vFrameID : 131
Tcw:
[0.99887621, -0.0017773717, -0.047361672, -0.035761949;
 0.0012401273, 0.99993461, -0.011370413, 0.024839072;
 0.047378786, 0.011298901, 0.99881309, 0.61006868;
 0, 0, 0, 1]
Twc:
[0.99887621, 0.0012401273, 0.047378786, 0.0067866459;
 -0.0017773717, 0.99993461, 0.011298901, -0.031794112;
 -0.047361672, -0.011370413, 0.99881309, -0.61075592;
 0, 0, 0, 1]
Ow:
[-0.035761949;
 0.024839072;
 0.61006868]
Keyframe: 17 Frame: 135 Frame from vFrameID : 136
Tcw:
[0.99963397, -0.016029494, -0.021794382, -0.040767096;
 0.015578682, 0.99966437, -0.020699611, 0.033669833;
 0.022118872, 0.020352507, 0.99954814, 0.67279673;
 0, 0, 0, 1]
Twc:
[0.99963397, 0.015578682, 0.022118872, 0.025346136;
 -0.016029494, 0.99966437, 0.020352507, -0.048005108;
 -0.021794382, -0.020699611, 0.99954814, -0.67268431;
 0, 0, 0, 1]
Ow:
[-0.040767096;
 0.033669833;
 0.67279673]
Keyframe: 18 Frame: 141 Frame from vFrameID : 142
Tcw:
[0.9996708, -0.022394126, 0.012520016, -0.039029583;
 0.022323798, 0.9997344, 0.0057290909, 0.043313324;
 -0.012644988, -0.0054477109, 0.99990523, 0.73632598;
 0, 0, 0, 1]
Twc:
[0.9996708, 0.022323798, -0.012644988, 0.047360651;
 -0.022394126, 0.9997344, -0.0054477109, -0.040164564;
 0.012520016, 0.0057290909, 0.99990523, -0.73601562;
 0, 0, 0, 1]
Ow:
[-0.039029583;
 0.043313324;
 0.73632598]
Keyframe: 19 Frame: 147 Frame from vFrameID : 148
Tcw:
[0.99982214, -0.013166828, -0.013500676, -0.044181291;
 0.013075171, 0.99989104, -0.006855017, 0.053190049;
 0.013589463, 0.0066772741, 0.99988538, 0.80488902;
 0, 0, 0, 1]
Twc:
[0.99982214, 0.013075171, 0.013589463, 0.032539956;
 -0.013166828, 0.99989104, 0.0066772741, -0.059140444;
 -0.013500676, -0.006855017, 0.99988538, -0.80502862;
 0, 0, 0, 1]
Ow:
[-0.044181291;
 0.053190049;
 0.80488902]
Keyframe: 20 Frame: 153 Frame from vFrameID : 154
Tcw:
[0.99761605, -0.010911448, -0.068140671, -0.045709435;
 0.0095852809, 0.99975884, -0.019758914, 0.055656217;
 0.06833984, 0.019058662, 0.99748003, 0.85711741;
 0, 0, 0, 1]
Twc:
[0.99761605, 0.0095852809, 0.06833984, -0.013508276;
 -0.010911448, 0.99975884, 0.019058662, -0.072477058;
 -0.068140671, -0.019758914, 0.99748003, -0.85697246;
 0, 0, 0, 1]
Ow:
[-0.045709435;
 0.055656217;
 0.85711741]
Keyframe: 21 Frame: 159 Frame from vFrameID : 160
Tcw:
[0.99576265, -0.0013845171, -0.091950409, -0.044046257;
 -0.0025573594, 0.99908304, -0.042737935, 0.049277663;
 0.091925263, 0.042791989, 0.99484599, 0.92539918;
 0, 0, 0, 1]
Twc:
[0.99576265, -0.0025573594, 0.091925263, -0.041081931;
 -0.0013845171, 0.99908304, 0.042791989, -0.08889313;
 -0.091950409, -0.042737935, 0.99484599, -0.92257375;
 0, 0, 0, 1]
Ow:
[-0.044046257;
 0.049277663;
 0.92539918]
Keyframe: 22 Frame: 165 Frame from vFrameID : 166
Tcw:
[0.99731964, -0.007681801, -0.072763771, -0.055343173;
 0.0036579533, 0.99846458, -0.055272803, 0.053059816;
 0.073076643, 0.054858483, 0.99581641, 0.99947757;
 0, 0, 0, 1]
Twc:
[0.99731964, 0.0036579533, 0.073076643, -0.018037722;
 -0.007681801, 0.99846458, 0.054858483, -0.10823331;
 -0.072763771, -0.055272803, 0.99581641, -0.9963904;
 0, 0, 0, 1]
Ow:
[-0.055343173;
 0.053059816;
 0.99947757]
Keyframe: 23 Frame: 172 Frame from vFrameID : 173
Tcw:
[0.99918538, -0.009060625, -0.039324865, -0.06282936;
 0.0076937927, 0.99936569, -0.03477069, 0.052816983;
 0.039614964, 0.03443981, 0.99862134, 1.0888391;
 0, 0, 0, 1]
Twc:
[0.99918538, 0.0076937927, 0.039614964, 0.01923749;
 -0.009060625, 0.99936569, 0.03443981, -0.090852164;
 -0.039324865, -0.03477069, 0.99862134, -1.0879722;
 0, 0, 0, 1]
Ow:
[-0.06282936;
 0.052816983;
 1.0888391]
Keyframe: 24 Frame: 178 Frame from vFrameID : 179
Tcw:
[0.99838096, -0.015013415, -0.054864086, -0.066593029;
 0.012854991, 0.99913746, -0.03948462, 0.060160801;
 0.055409566, 0.038715415, 0.99771285, 1.1441973;
 0, 0, 0, 1]
Twc:
[0.99838096, 0.012854991, 0.055409566, 0.0023123669;
 -0.015013415, 0.99913746, 0.038715415, -0.10540678;
 -0.054864086, -0.03948462, 0.99771285, -1.1428585;
 0, 0, 0, 1]
Ow:
[-0.066593029;
 0.060160801;
 1.1441973]
Keyframe: 25 Frame: 184 Frame from vFrameID : 185
Tcw:
[0.99484098, 0.019999268, -0.099456035, -0.06421195;
 -0.025235076, 0.99834543, -0.051668156, 0.063333832;
 0.098258153, 0.053911377, 0.99369961, 1.2076937;
 0, 0, 0, 1]
Twc:
[0.99484098, -0.025235076, 0.098258153, -0.053186841;
 0.019999268, 0.99834543, 0.053911377, -0.12705328;
 -0.099456035, -0.051668156, 0.99369961, -1.2031987;
 0, 0, 0, 1]
Ow:
[-0.06421195;
 0.063333832;
 1.2076937]
Keyframe: 26 Frame: 190 Frame from vFrameID : 191
Tcw:
[0.99405533, 6.2531893e-05, -0.10887618, -0.074977875;
 -0.0029634358, 0.99964488, -0.026482463, 0.066735141;
 0.10883586, 0.026647681, 0.99370247, 1.2693462;
 0, 0, 0, 1]
Twc:
[0.99405533, -0.0029634358, 0.10883586, -0.063420475;
 6.2531893e-05, 0.99964488, 0.026647681, -0.10053189;
 -0.10887618, -0.026482463, 0.99370247, -1.2677486;
 0, 0, 0, 1]
Ow:
[-0.074977875;
 0.066735141;
 1.2693462]
Keyframe: 27 Frame: 196 Frame from vFrameID : 197
Tcw:
[0.99709213, 0.0014391312, -0.076192349, -0.074360207;
 -0.0050927908, 0.99884486, -0.047780555, 0.073154934;
 0.076035574, 0.048029646, 0.99594766, 1.3430358;
 0, 0, 0, 1]
Twc:
[0.99709213, -0.0050927908, 0.076035574, -0.027601967;
 0.0014391312, 0.99884486, 0.048029646, -0.13746896;
 -0.076192349, -0.047780555, 0.99594766, -1.3397636;
 0, 0, 0, 1]
Ow:
[-0.074360207;
 0.073154934;
 1.3430358]
Keyframe: 28 Frame: 201 Frame from vFrameID : 202
Tcw:
[0.99955034, 0.005781129, -0.029423516, -0.070214525;
 -0.0068771928, 0.99928093, -0.037287455, 0.076550148;
 0.029186795, 0.037473038, 0.99887133, 1.3999128;
 0, 0, 0, 1]
Twc:
[0.99955034, -0.0068771928, 0.029186795, 0.029850429;
 0.005781129, 0.99928093, 0.037473038, -0.12854816;
 -0.029423516, -0.037287455, 0.99887133, -1.3975444;
 0, 0, 0, 1]
Ow:
[-0.070214525;
 0.076550148;
 1.3999128]
Keyframe: 29 Frame: 206 Frame from vFrameID : 207
Tcw:
[0.99993265, 0.00011616425, -0.011605624, -0.075169794;
 -0.00045820867, 0.99956542, -0.029473988, 0.080989391;
 0.011597157, 0.029477321, 0.99949819, 1.4458873;
 0, 0, 0, 1]
Twc:
[0.99993265, -0.00045820867, 0.011597157, 0.058433659;
 0.00011616425, 0.99956542, 0.029477321, -0.12356634;
 -0.011605624, -0.029473988, 0.99949819, -1.443647;
 0, 0, 0, 1]
Ow:
[-0.075169794;
 0.080989391;
 1.4458873]
Keyframe: 30 Frame: 211 Frame from vFrameID : 212
Tcw:
[0.99902177, -0.0057800389, -0.043841794, -0.080911636;
 0.0038603176, 0.99903524, -0.043746404, 0.087231398;
 0.044052351, 0.043534368, 0.99808025, 1.5067767;
 0, 0, 0, 1]
Twc:
[0.99902177, 0.0038603176, 0.044052351, 0.014118694;
 -0.0057800389, 0.99903524, 0.043534368, -0.15321149;
 -0.043841794, -0.043746404, 0.99808025, -1.5036153;
 0, 0, 0, 1]
Ow:
[-0.080911636;
 0.087231398;
 1.5067767]
Keyframe: 31 Frame: 217 Frame from vFrameID : 218
Tcw:
[0.99815017, -0.020108597, -0.057375256, -0.083193131;
 0.016772779, 0.9981733, -0.058040943, 0.09147536;
 0.058437567, 0.056971233, 0.99666411, 1.5737641;
 0, 0, 0, 1]
Twc:
[0.99815017, 0.016772779, 0.058437567, -0.010462014;
 -0.020108597, 0.9981733, 0.056971233, -0.18264045;
 -0.057375256, -0.058040943, 0.99666411, -1.5679781;
 0, 0, 0, 1]
Ow:
[-0.083193131;
 0.09147536;
 1.5737641]
Keyframe: 32 Frame: 222 Frame from vFrameID : 223
Tcw:
[0.99638045, 0.028256489, -0.080172077, -0.074534744;
 -0.030784966, 0.99906123, -0.030479144, 0.096574023;
 0.079235584, 0.032836918, 0.99631494, 1.6191308;
 0, 0, 0, 1]
Twc:
[0.99638045, -0.030784966, 0.079235584, -0.051054787;
 0.028256489, 0.99906123, 0.032836918, -0.14754453;
 -0.080172077, -0.030479144, 0.99631494, -1.6161964;
 0, 0, 0, 1]
Ow:
[-0.074534744;
 0.096574023;
 1.6191308]
Keyframe: 33 Frame: 227 Frame from vFrameID : 228
Tcw:
[0.99762619, 0.0049710423, -0.068682306, -0.08181566;
 -0.0071314559, 0.99948627, -0.031245871, 0.10261175;
 0.068491697, 0.031661503, 0.99714917, 1.6822995;
 0, 0, 0, 1]
Twc:
[0.99762619, -0.0071314559, 0.068491697, -0.032870334;
 0.0049710423, 0.99948627, 0.031661503, -0.15541646;
 -0.068682306, -0.031245871, 0.99714917, -1.6799165;
 0, 0, 0, 1]
Ow:
[-0.08181566;
 0.10261175;
 1.6822995]
Keyframe: 34 Frame: 232 Frame from vFrameID : 233
Tcw:
[0.99952471, 0.010663562, -0.028925067, -0.080342457;
 -0.011514754, 0.99950075, -0.029422322, 0.10159799;
 0.02859688, 0.029741403, 0.99914849, 1.7457724;
 0, 0, 0, 1]
Twc:
[0.99952471, -0.011514754, 0.02859688, 0.031550504;
 0.010663562, 0.99950075, 0.029741403, -0.15261225;
 -0.028925067, -0.029422322, 0.99914849, -1.7436205;
 0, 0, 0, 1]
Ow:
[-0.080342457;
 0.10159799;
 1.7457724]
Keyframe: 35 Frame: 238 Frame from vFrameID : 239
Tcw:
[0.99999201, -0.0037153068, 0.0014675985, -0.081622005;
 0.0037661379, 0.9993338, -0.036301572, 0.10253074;
 -0.0013317493, 0.03630681, 0.99933982, 1.806043;
 0, 0, 0, 1]
Twc:
[0.99999201, 0.0037661379, -0.0013317493, 0.083640411;
 -0.0037153068, 0.9993338, 0.03630681, -0.16833733;
 0.0014675985, -0.036301572, 0.99933982, -1.8010088;
 0, 0, 0, 1]
Ow:
[-0.081622005;
 0.10253074;
 1.806043]
Keyframe: 36 Frame: 243 Frame from vFrameID : 244
Tcw:
[0.99995363, 0.0041303635, -0.0087028192, -0.079446912;
 -0.0043276777, 0.99973118, -0.022776976, 0.11352335;
 0.0086064022, 0.022813583, 0.99970269, 1.863602;
 0, 0, 0, 1]
Twc:
[0.99995363, -0.0043276777, 0.0086064022, 0.063895606;
 0.0041303635, 0.99973118, 0.022813583, -0.15568012;
 -0.0087028192, -0.022776976, 0.99970269, -1.8611537;
 0, 0, 0, 1]
Ow:
[-0.079446912;
 0.11352335;
 1.863602]
Keyframe: 37 Frame: 249 Frame from vFrameID : 250
Tcw:
[0.99825865, 0.023422565, -0.054138694, -0.070880421;
 -0.026630616, 0.99788404, -0.059315052, 0.11449969;
 0.052634828, 0.060653511, 0.99677014, 1.9343899;
 0, 0, 0, 1]
Twc:
[0.99825865, -0.026630616, 0.052634828, -0.028010091;
 0.023422565, 0.99788404, 0.060653511, -0.22992474;
 -0.054138694, -0.059315052, 0.99677014, -1.9251879;
 0, 0, 0, 1]
Ow:
[-0.070880421;
 0.11449969;
 1.9343899]
Keyframe: 38 Frame: 254 Frame from vFrameID : 255
Tcw:
[0.99857634, 0.020270437, -0.049340088, -0.068008393;
 -0.021722857, 0.99934101, -0.029080864, 0.11865461;
 0.048718091, 0.03011127, 0.99835861, 1.9865273;
 0, 0, 0, 1]
Twc:
[0.99857634, -0.021722857, 0.048718091, -0.02629072;
 0.020270437, 0.99934101, 0.03011127, -0.17701471;
 -0.049340088, -0.029080864, 0.99835861, -1.9831715;
 0, 0, 0, 1]
Ow:
[-0.068008393;
 0.11865461;
 1.9865273]
Keyframe: 39 Frame: 259 Frame from vFrameID : 260
Tcw:
[0.99991477, 0.0075703054, -0.010639525, -0.067916274;
 -0.0077945893, 0.99974489, -0.021199336, 0.12965702;
 0.010476325, 0.02128046, 0.99971867, 2.0348775;
 0, 0, 0, 1]
Twc:
[0.99991477, -0.0077945893, 0.010476325, 0.047603063;
 0.0075703054, 0.99974489, 0.02128046, -0.17241293;
 -0.010639525, -0.021199336, 0.99971867, -2.032279;
 0, 0, 0, 1]
Ow:
[-0.067916274;
 0.12965702;
 2.0348775]
Keyframe: 40 Frame: 264 Frame from vFrameID : 265
Tcw:
[0.99864715, -0.019393204, 0.048246443, -0.08223585;
 0.019834766, 0.99976552, -0.0086903181, 0.13542837;
 -0.048066594, 0.0096355192, 0.99879766, 2.096091;
 0, 0, 0, 1]
Twc:
[0.99864715, 0.019834766, -0.048066594, 0.18019037;
 -0.019393204, 0.99976552, 0.0096355192, -0.15718836;
 0.048246443, -0.0086903181, 0.99879766, -2.0884264;
 0, 0, 0, 1]
Ow:
[-0.08223585;
 0.13542837;
 2.096091]
Keyframe: 41 Frame: 269 Frame from vFrameID : 270
Tcw:
[0.99731928, -0.034357976, 0.064604506, -0.0884514;
 0.034566443, 0.9994002, -0.002111485, 0.13419338;
 -0.064493209, 0.0043389727, 0.99790871, 2.1438422;
 0, 0, 0, 1]
Twc:
[0.99731928, 0.034566443, -0.064493209, 0.22183897;
 -0.034357976, 0.9994002, 0.0043389727, -0.14645396;
 0.064604506, -0.002111485, 0.99790871, -2.1333611;
 0, 0, 0, 1]
Ow:
[-0.0884514;
 0.13419338;
 2.1438422]
Keyframe: 42 Frame: 274 Frame from vFrameID : 275
Tcw:
[0.99801028, -0.025088433, 0.057845049, -0.090626955;
 0.025220962, 0.9996807, -0.0015620413, 0.13799036;
 -0.057787389, 0.0030178411, 0.99832433, 2.1832488;
 0, 0, 0, 1]
Twc:
[0.99801028, 0.025220962, -0.057787389, 0.21313064;
 -0.025088433, 0.9996807, 0.0030178411, -0.14680867;
 0.057845049, -0.0015620413, 0.99832433, -2.1741326;
 0, 0, 0, 1]
Ow:
[-0.090626955;
 0.13799036;
 2.1832488]
Keyframe: 43 Frame: 279 Frame from vFrameID : 280
Tcw:
[0.9999091, -0.011227833, 0.0074621034, -0.086996175;
 0.011373653, 0.99973935, -0.019795151, 0.14572525;
 -0.0072379019, 0.019878224, 0.99977618, 2.2380669;
 0, 0, 0, 1]
Twc:
[0.9999091, 0.011373653, -0.0072379019, 0.10152975;
 -0.011227833, 0.99973935, 0.019878224, -0.19115284;
 0.0074621034, -0.019795151, 0.99977618, -2.2340322;
 0, 0, 0, 1]
Ow:
[-0.086996175;
 0.14572525;
 2.2380669]
Keyframe: 44 Frame: 284 Frame from vFrameID : 285
Tcw:
[0.99933183, 0.014707756, -0.03346061, -0.081940539;
 -0.014963454, 0.99986064, -0.007404177, 0.14679122;
 0.033347048, 0.0078999158, 0.9994126, 2.2840095;
 0, 0, 0, 1]
Twc:
[0.99933183, -0.014963454, 0.033347048, 0.0079173231;
 0.014707756, 0.99986064, 0.0078999158, -0.16360909;
 -0.03346061, -0.007404177, 0.9994126, -2.2843227;
 0, 0, 0, 1]
Ow:
[-0.081940539;
 0.14679122;
 2.2840095]
Keyframe: 45 Frame: 289 Frame from vFrameID : 290
Tcw:
[0.9981367, 0.021661831, -0.057042673, -0.078970417;
 -0.022399433, 0.99967313, -0.012323174, 0.14027032;
 0.056757085, 0.013577935, 0.99829566, 2.3226831;
 0, 0, 0, 1]
Twc:
[0.9981367, -0.022399433, 0.056757085, -0.049863469;
 0.021661831, 0.99967313, 0.013577935, -0.17005108;
 -0.057042673, -0.012323174, 0.99829566, -2.3215005;
 0, 0, 0, 1]
Ow:
[-0.078970417;
 0.14027032;
 2.3226831]
Keyframe: 46 Frame: 294 Frame from vFrameID : 295
Tcw:
[0.99848986, 0.012367814, -0.053526238, -0.085645713;
 -0.01307309, 0.99983203, -0.01284624, 0.15031055;
 0.053358369, 0.013526593, 0.99848384, 2.3733015;
 0, 0, 0, 1]
Twc:
[0.99848986, -0.01307309, 0.053358369, -0.03915409;
 0.012367814, 0.99983203, 0.013526593, -0.18132873;
 -0.053526238, -0.01284624, 0.99848384, -2.3723564;
 0, 0, 0, 1]
Ow:
[-0.085645713;
 0.15031055;
 2.3733015]
Keyframe: 47 Frame: 300 Frame from vFrameID : 301
Tcw:
[0.99970233, 0.0028902539, -0.024225764, -0.092510797;
 -0.0034994564, 0.99967778, -0.025142334, 0.15811169;
 0.024145288, 0.025219627, 0.9993903, 2.4449003;
 0, 0, 0, 1]
Twc:
[0.99970233, -0.0034994564, 0.024145288, 0.034003742;
 0.0028902539, 0.99967778, 0.025219627, -0.21945281;
 -0.024225764, -0.025142334, 0.9993903, -2.4416754;
 0, 0, 0, 1]
Ow:
[-0.092510797;
 0.15811169;
 2.4449003]
Keyframe: 48 Frame: 306 Frame from vFrameID : 307
Tcw:
[0.99985832, 0.0028774936, -0.016584536, -0.097146541;
 -0.0030200318, 0.99995869, -0.0085760215, 0.15770277;
 0.016559174, 0.0086248927, 0.99982572, 2.5048921;
 0, 0, 0, 1]
Twc:
[0.99985832, -0.0030200318, 0.016559174, 0.056130111;
 0.0028774936, 0.99995869, 0.0086248927, -0.17902113;
 -0.016584536, -0.0085760215, 0.99982572, -2.504714;
 0, 0, 0, 1]
Ow:
[-0.097146541;
 0.15770277;
 2.5048921]
Keyframe: 49 Frame: 312 Frame from vFrameID : 313
Tcw:
[0.99960202, -0.0010785686, -0.028189139, -0.10335967;
 0.00087674562, 0.99997389, -0.0071709803, 0.16670719;
 0.028196137, 0.0071434118, 0.99957687, 2.5677752;
 0, 0, 0, 1]
Twc:
[0.99960202, 0.00087674562, 0.028196137, 0.030771028;
 -0.0010785686, 0.99997389, 0.0071434118, -0.18515699;
 -0.028189139, -0.0071709803, 0.99957687, -2.5684068;
 0, 0, 0, 1]
Ow:
[-0.10335967;
 0.16670719;
 2.5677752]
Keyframe: 50 Frame: 318 Frame from vFrameID : 319
Tcw:
[0.996741, 0.020470986, -0.078028075, -0.097416781;
 -0.022406107, 0.9994607, -0.024005942, 0.16834962;
 0.077494569, 0.02567601, 0.99666208, 2.6203039;
 0, 0, 0, 1]
Twc:
[0.996741, -0.022406107, 0.077494569, -0.10218795;
 0.020470986, 0.9994607, 0.02567601, -0.23354356;
 -0.078028075, -0.024005942, 0.99666208, -2.6151173;
 0, 0, 0, 1]
Ow:
[-0.097416781;
 0.16834962;
 2.6203039]
Keyframe: 51 Frame: 324 Frame from vFrameID : 325
Tcw:
[0.99791569, 0.0074682818, -0.064097583, -0.1048687;
 -0.007901893, 0.99994755, -0.0065140207, 0.17269595;
 0.064045578, 0.0070069358, 0.99792236, 2.6783965;
 0, 0, 0, 1]
Twc:
[0.99791569, -0.007901893, 0.064045578, -0.065524705;
 0.0074682818, 0.99994755, 0.0070069358, -0.19067106;
 -0.064097583, -0.0065140207, 0.99792236, -2.6784286;
 0, 0, 0, 1]
Ow:
[-0.1048687;
 0.17269595;
 2.6783965]
Keyframe: 52 Frame: 329 Frame from vFrameID : 330
Tcw:
[0.9983753, 0.024970934, -0.051217064, -0.1028462;
 -0.0256036, 0.99960333, -0.011733865, 0.17608388;
 0.050903741, 0.013026143, 0.9986186, 2.7333169;
 0, 0, 0, 1]
Twc:
[0.9983753, -0.0256036, 0.050903741, -0.03194857;
 0.024970934, 0.99960333, 0.013026143, -0.20905043;
 -0.051217064, -0.011733865, 0.9986186, -2.7327425;
 0, 0, 0, 1]
Ow:
[-0.1028462;
 0.17608388;
 2.7333169]
Keyframe: 53 Frame: 334 Frame from vFrameID : 335
Tcw:
[0.99993515, 0.0011050421, -0.011335623, -0.1100214;
 -0.0015044287, 0.99937618, -0.035285085, 0.17899807;
 0.011289559, 0.035299852, 0.999313, 2.7800307;
 0, 0, 0, 1]
Twc:
[0.99993515, -0.0015044287, 0.011289559, 0.078898236;
 0.0011050421, 0.99937618, 0.035299852, -0.27689949;
 -0.011335623, -0.035285085, 0.999313, -2.7730522;
 0, 0, 0, 1]
Ow:
[-0.1100214;
 0.17899807;
 2.7800307]
Keyframe: 54 Frame: 340 Frame from vFrameID : 341
Tcw:
[0.99940073, 0.00050888804, 0.03461048, -0.1122826;
 0.00051451463, 0.99956304, -0.029553823, 0.18493906;
 -0.034610398, 0.02955392, 0.99896383, 2.8368351;
 0, 0, 0, 1]
Twc:
[0.99940073, 0.00051451463, -0.034610398, 0.21030416;
 0.00050888804, 0.99956304, 0.02955392, -0.26864073;
 0.03461048, -0.029553823, 0.99896383, -2.8245437;
 0, 0, 0, 1]
Ow:
[-0.1122826;
 0.18493906;
 2.8368351]
Keyframe: 55 Frame: 345 Frame from vFrameID : 346
Tcw:
[0.99867791, 0.0059354315, 0.051060539, -0.11308458;
 -0.0055991057, 0.99996167, -0.0067273243, 0.18659891;
 -0.051098514, 0.006432537, 0.9986729, 2.8896155;
 0, 0, 0, 1]
Twc:
[0.99867791, -0.0055991057, -0.051098514, 0.26163495;
 0.0059354315, 0.99996167, 0.006432537, -0.20450813;
 0.051060539, -0.0067273243, 0.9986729, -2.8787513;
 0, 0, 0, 1]
Ow:
[-0.11308458;
 0.18659891;
 2.8896155]
Keyframe: 56 Frame: 350 Frame from vFrameID : 351
Tcw:
[0.99996686, 0.0081381639, 0.00028010708, -0.11919171;
 -0.008127193, 0.9995783, -0.027877698, 0.18973148;
 -0.00050686224, 0.027874498, 0.99961132, 2.9432156;
 0, 0, 0, 1]
Twc:
[0.99996686, -0.008127193, -0.00050686224, 0.12222155;
 0.0081381639, 0.9995783, 0.027874498, -0.27072215;
 0.00028010708, -0.027877698, 0.99961132, -2.936749;
 0, 0, 0, 1]
Ow:
[-0.11919171;
 0.18973148;
 2.9432156]
Keyframe: 57 Frame: 356 Frame from vFrameID : 357
Tcw:
[0.99906945, 0.011528106, -0.04156078, -0.11547912;
 -0.013500027, 0.99878085, -0.047482576, 0.19211729;
 0.040962726, 0.047999464, 0.99800706, 2.9873672;
 0, 0, 0, 1]
Twc:
[0.99906945, -0.013500027, 0.040962726, -0.004405458;
 0.011528106, 0.99878085, 0.047999464, -0.33394384;
 -0.04156078, -0.047482576, 0.99800706, -2.9770908;
 0, 0, 0, 1]
Ow:
[-0.11547912;
 0.19211729;
 2.9873672]
Keyframe: 58 Frame: 362 Frame from vFrameID : 363
Tcw:
[0.99899787, 0.019974388, -0.040053397, -0.11535969;
 -0.021234283, 0.99928504, -0.031280667, 0.19598012;
 0.039399952, 0.032099824, 0.99870777, 3.0368607;
 0, 0, 0, 1]
Twc:
[0.99899787, -0.021234283, 0.039399952, -0.00024658284;
 0.019974388, 0.99928504, 0.032099824, -0.29101849;
 -0.040053397, -0.031280667, 0.99870777, -3.0314267;
 0, 0, 0, 1]
Ow:
[-0.11535969;
 0.19598012;
 3.0368607]
Keyframe: 59 Frame: 367 Frame from vFrameID : 368
Tcw:
[0.99995852, -0.007549807, -0.0051014181, -0.12093262;
 0.0074149701, 0.9996357, -0.025952457, 0.21322143;
 0.0052954955, 0.025913551, 0.99965018, 3.0914202;
 0, 0, 0, 1]
Twc:
[0.99995852, 0.0074149701, 0.0052954955, 0.10297596;
 -0.007549807, 0.9996357, 0.025913551, -0.29416645;
 -0.0051014181, -0.025952457, 0.99965018, -3.0854218;
 0, 0, 0, 1]
Ow:
[-0.12093262;
 0.21322143;
 3.0914202]
Keyframe: 60 Frame: 372 Frame from vFrameID : 373
Tcw:
[0.99964654, -0.014146841, 0.022510242, -0.12768567;
 0.015070346, 0.99902898, -0.041399557, 0.2117209;
 -0.021902712, 0.04172416, 0.99888909, 3.1464169;
 0, 0, 0, 1]
Twc:
[0.99964654, 0.015070346, -0.021902712, 0.19336489;
 -0.014146841, 0.99902898, 0.04172416, -0.34460327;
 0.022510242, -0.041399557, 0.99888909, -3.1312819;
 0, 0, 0, 1]
Ow:
[-0.12768567;
 0.2117209;
 3.1464169]
Keyframe: 61 Frame: 377 Frame from vFrameID : 378
Tcw:
[0.99927795, -0.023854196, 0.029572925, -0.13328066;
 0.024507951, 0.99945873, -0.021944784, 0.21488428;
 -0.029033443, 0.02265371, 0.9993217, 3.19873;
 0, 0, 0, 1]
Twc:
[0.99927795, 0.024507951, -0.029033443, 0.22078821;
 -0.023854196, 0.99945873, 0.02265371, -0.29041037;
 0.029572925, -0.021944784, 0.9993217, -3.1879034;
 0, 0, 0, 1]
Ow:
[-0.13328066;
 0.21488428;
 3.19873]
Keyframe: 62 Frame: 382 Frame from vFrameID : 383
Tcw:
[0.99970353, -0.024178049, -0.0028757842, -0.13766396;
 0.02405805, 0.99905324, -0.036247458, 0.22529334;
 0.0037494544, 0.036167525, 0.99933869, 3.2539051;
 0, 0, 0, 1]
Twc:
[0.99970353, 0.02405805, 0.0037494544, 0.12000266;
 -0.024178049, 0.99905324, 0.036167525, -0.34609419;
 -0.0028757842, -0.036247458, 0.99933869, -3.243983;
 0, 0, 0, 1]
Ow:
[-0.13766396;
 0.22529334;
 3.2539051]
Keyframe: 63 Frame: 388 Frame from vFrameID : 389
Tcw:
[0.99955261, -0.0061812224, -0.029264022, -0.13094766;
 0.0051432732, 0.99935955, -0.035411805, 0.22726437;
 0.029464167, 0.035245448, 0.99894428, 3.3016684;
 0, 0, 0, 1]
Twc:
[0.99955261, 0.0051432732, 0.029464167, 0.032439288;
 -0.0061812224, 0.99935955, 0.035245448, -0.34429702;
 -0.029264022, -0.035411805, 0.99894428, -3.2939668;
 0, 0, 0, 1]
Ow:
[-0.13094766;
 0.22726437;
 3.3016684]
Keyframe: 64 Frame: 393 Frame from vFrameID : 394
Tcw:
[0.99862665, 0.012948633, -0.050765436, -0.12900572;
 -0.014312759, 0.99954367, -0.026600353, 0.2265646;
 0.050397832, 0.027290415, 0.99835628, 3.3501503;
 0, 0, 0, 1]
Twc:
[0.99862665, -0.014312759, 0.050397832, -0.036768995;
 0.012948633, 0.99954367, 0.027290415, -0.31621778;
 -0.050765436, -0.026600353, 0.99835628, -3.345166;
 0, 0, 0, 1]
Ow:
[-0.12900572;
 0.2265646;
 3.3501503]
Keyframe: 65 Frame: 399 Frame from vFrameID : 400
Tcw:
[0.99969137, -0.012342053, -0.021561304, -0.13913736;
 0.011551754, 0.9992705, -0.036401372, 0.2361071;
 0.021994842, 0.036141068, 0.99910462, 3.4134529;
 0, 0, 0, 1]
Twc:
[0.99969137, 0.011551754, 0.021994842, 0.061288591;
 -0.012342053, 0.9992705, 0.036141068, -0.36101791;
 -0.021561304, -0.036401372, 0.99910462, -3.4048021;
 0, 0, 0, 1]
Ow:
[-0.13913736;
 0.2361071;
 3.4134529]
Keyframe: 66 Frame: 405 Frame from vFrameID : 406
Tcw:
[0.99977201, -0.010057396, 0.018835226, -0.1417236;
 0.010661798, 0.99942237, -0.032268256, 0.2339083;
 -0.018499812, 0.032461718, 0.99930173, 3.472446;
 0, 0, 0, 1]
Twc:
[0.99977201, 0.010661798, -0.018499812, 0.20343702;
 -0.010057396, 0.99942237, 0.032461718, -0.34792012;
 0.018835226, -0.032268256, 0.99930173, -3.4598043;
 0, 0, 0, 1]
Ow:
[-0.1417236;
 0.2339083;
 3.472446]
Keyframe: 67 Frame: 411 Frame from vFrameID : 412
Tcw:
[0.99919343, -0.018947158, 0.035403937, -0.15128145;
 0.019669142, 0.99960333, -0.020156918, 0.23797491;
 -0.035007976, 0.020837026, 0.99916977, 3.5274916;
 0, 0, 0, 1]
Twc:
[0.99919343, 0.019669142, -0.035007976, 0.26996902;
 -0.018947158, 0.99960333, 0.020837026, -0.31424931;
 0.035403937, -0.020156918, 0.99916977, -3.5144103;
 0, 0, 0, 1]
Ow:
[-0.15128145;
 0.23797491;
 3.5274916]
Keyframe: 68 Frame: 417 Frame from vFrameID : 418
Tcw:
[0.99999946, 0.00058753486, -0.00086553284, -0.1508729;
 -0.00062924769, 0.99879813, -0.049008638, 0.23591821;
 0.00083569833, 0.049009155, 0.99879795, 3.5956576;
 0, 0, 0, 1]
Twc:
[0.99999946, -0.00062924769, 0.00083569833, 0.14801638;
 0.00058753486, 0.99879813, 0.049009155, -0.4117662;
 -0.00086553284, -0.049008638, 0.99879795, -3.5799041;
 0, 0, 0, 1]
Ow:
[-0.1508729;
 0.23591821;
 3.5956576]
Keyframe: 69 Frame: 423 Frame from vFrameID : 424
Tcw:
[0.99913144, -0.014164691, -0.039188858, -0.15627173;
 0.011990553, 0.9984051, -0.055167761, 0.23543662;
 0.039907791, 0.054649949, 0.99770772, 3.6490848;
 0, 0, 0, 1]
Twc:
[0.99913144, 0.011990553, 0.039907791, 0.0076860525;
 -0.014164691, 0.9984051, 0.054649949, -0.43669695;
 -0.039188858, -0.055167761, 0.99770772, -3.6338561;
 0, 0, 0, 1]
Ow:
[-0.15627173;
 0.23543662;
 3.6490848]
Keyframe: 70 Frame: 429 Frame from vFrameID : 430
Tcw:
[0.9993031, -0.0022501582, -0.037258644, -0.1559816;
 0.0010282074, 0.99946195, -0.032783173, 0.24395789;
 0.037312366, 0.032722019, 0.99876779, 3.6964786;
 0, 0, 0, 1]
Twc:
[0.9993031, 0.0010282074, 0.037312366, 0.01769772;
 -0.0022501582, 0.99946195, 0.032722019, -0.36513385;
 -0.037258644, -0.032783173, 0.99876779, -3.6897373;
 0, 0, 0, 1]
Ow:
[-0.1559816;
 0.24395789;
 3.6964786]
Keyframe: 71 Frame: 435 Frame from vFrameID : 436
Tcw:
[0.99934846, -0.033619691, -0.013128933, -0.16779256;
 0.032946687, 0.99828005, -0.048491873, 0.24303411;
 0.014736634, 0.048027724, 0.99873728, 3.7604923;
 0, 0, 0, 1]
Twc:
[0.99934846, 0.032946687, 0.014736634, 0.10425907;
 -0.033619691, 0.99828005, 0.048027724, -0.42886513;
 -0.013128933, -0.048491873, 0.99873728, -3.7461617;
 0, 0, 0, 1]
Ow:
[-0.16779256;
 0.24303411;
 3.7604923]
Keyframe: 72 Frame: 441 Frame from vFrameID : 442
Tcw:
[0.99937427, -0.018572185, 0.030101473, -0.16500929;
 0.019920422, 0.99878263, -0.045126725, 0.24841258;
 -0.029226726, 0.045698121, 0.99852765, 3.817745;
 0, 0, 0, 1]
Twc:
[0.99937427, 0.019920422, -0.029226726, 0.27153775;
 -0.018572185, 0.99878263, 0.045698121, -0.42563853;
 0.030101473, -0.045126725, 0.99852765, -3.7959468;
 0, 0, 0, 1]
Ow:
[-0.16500929;
 0.24841258;
 3.817745]
Keyframe: 73 Frame: 447 Frame from vFrameID : 448
Tcw:
[0.99960482, -0.011972379, 0.025434047, -0.17110488;
 0.012792538, 0.99939531, -0.032332372, 0.25942382;
 -0.02503157, 0.032644961, 0.99915349, 3.8703268;
 0, 0, 0, 1]
Twc:
[0.99960482, 0.012792538, -0.02503157, 0.26459894;
 -0.011972379, 0.99939531, 0.032644961, -0.38766214;
 0.025434047, -0.032332372, 0.99915349, -3.854311;
 0, 0, 0, 1]
Ow:
[-0.17110488;
 0.25942382;
 3.8703268]
Keyframe: 74 Frame: 452 Frame from vFrameID : 453
Tcw:
[0.99964863, -0.026034735, -0.0049839206, -0.17835969;
 0.025816446, 0.99887615, -0.039747987, 0.25553378;
 0.006013148, 0.039605353, 0.9991973, 3.9089804;
 0, 0, 0, 1]
Twc:
[0.99964863, 0.025816446, 0.006013148, 0.14819475;
 -0.026034735, 0.99887615, 0.039605353, -0.41470674;
 -0.0049839206, -0.039747987, 0.9991973, -3.8965747;
 0, 0, 0, 1]
Ow:
[-0.17835969;
 0.25553378;
 3.9089804]
Keyframe: 75 Frame: 459 Frame from vFrameID : 460
Tcw:
[0.99965745, 0.0032633692, -0.025967948, -0.17203072;
 -0.0040268037, 0.99955958, -0.029401336, 0.26082498;
 0.025860563, 0.029495832, 0.99923033, 3.9622042;
 0, 0, 0, 1]
Twc:
[0.99965745, -0.0040268037, 0.025860563, 0.070557244;
 0.0032633692, 0.99955958, 0.029495832, -0.37701723;
 -0.025967948, -0.029401336, 0.99923033, -3.9559534;
 0, 0, 0, 1]
Ow:
[-0.17203072;
 0.26082498;
 3.9622042]
Keyframe: 76 Frame: 465 Frame from vFrameID : 466
Tcw:
[0.99942446, 0.0037212884, -0.033717927, -0.17878905;
 -0.004425318, 0.99977326, -0.020829471, 0.26801589;
 0.03363277, 0.020966694, 0.99921429, 4.0137529;
 0, 0, 0, 1]
Twc:
[0.99942446, -0.004425318, 0.03363277, 0.044878591;
 0.0037212884, 0.99977326, 0.020966694, -0.35144493;
 -0.033717927, -0.020829471, 0.99921429, -4.011045;
 0, 0, 0, 1]
Ow:
[-0.17878905;
 0.26801589;
 4.0137529]
Keyframe: 77 Frame: 471 Frame from vFrameID : 472
Tcw:
[0.99981672, -0.00077998778, 0.019128444, -0.18334393;
 0.0011005399, 0.99985904, -0.016753081, 0.27280366;
 -0.01911268, 0.016771061, 0.99967664, 4.0653653;
 0, 0, 0, 1]
Twc:
[0.99981672, 0.0011005399, -0.01911268, 0.26071012;
 -0.00077998778, 0.99985904, 0.016771061, -0.34108871;
 0.019128444, -0.016753081, 0.99967664, -4.0559735;
 0, 0, 0, 1]
Ow:
[-0.18334393;
 0.27280366;
 4.0653653]
Keyframe: 78 Frame: 477 Frame from vFrameID : 478
Tcw:
[0.99810511, 0.0080704382, 0.061000608, -0.17574793;
 -0.0068054521, 0.99975806, -0.020916659, 0.26779976;
 -0.061154656, 0.020461889, 0.99791855, 4.1071758;
 0, 0, 0, 1]
Twc:
[0.99810511, -0.0068054521, -0.061154656, 0.42841032;
 0.0080704382, 0.99975806, 0.020461889, -0.35035717;
 0.061000608, -0.020916659, 0.99791855, -4.082305;
 0, 0, 0, 1]
Ow:
[-0.17574793;
 0.26779976;
 4.1071758]
Keyframe: 79 Frame: 483 Frame from vFrameID : 484
Tcw:
[0.99841046, 0.010033851, 0.055460814, -0.18497695;
 -0.0084880022, 0.99957079, -0.028038448, 0.27700567;
 -0.055718344, 0.027523128, 0.99806708, 4.1688256;
 0, 0, 0, 1]
Twc:
[0.99841046, -0.0084880022, -0.055718344, 0.41931424;
 0.010033851, 0.99957079, 0.027523128, -0.38976988;
 0.055460814, -0.028038448, 0.99806708, -4.1427422;
 0, 0, 0, 1]
Ow:
[-0.18497695;
 0.27700567;
 4.1688256]
Keyframe: 80 Frame: 489 Frame from vFrameID : 490
Tcw:
[0.9997893, 0.015104928, 0.013899707, -0.18630162;
 -0.014710308, 0.99949777, -0.028067725, 0.28355151;
 -0.014316687, 0.027857343, 0.99950939, 4.2178445;
 0, 0, 0, 1]
Twc:
[0.9997893, -0.014710308, -0.014316687, 0.25081906;
 0.015104928, 0.99949777, 0.027857343, -0.39809299;
 0.013899707, -0.028067725, 0.99950939, -4.2052269;
 0, 0, 0, 1]
Ow:
[-0.18630162;
 0.28355151;
 4.2178445]
Keyframe: 81 Frame: 494 Frame from vFrameID : 495
Tcw:
[0.99959928, 0.027749052, -0.0055973693, -0.1862421;
 -0.027849577, 0.99943608, -0.018761009, 0.27708322;
 0.0050736126, 0.018909374, 0.99980831, 4.2471566;
 0, 0, 0, 1]
Twc:
[0.99959928, -0.027849577, 0.0050736126, 0.17233567;
 0.027749052, 0.99943608, 0.018909374, -0.35206997;
 -0.0055973693, -0.018761009, 0.99980831, -4.2421865;
 0, 0, 0, 1]
Ow:
[-0.1862421;
 0.27708322;
 4.2471566]
Keyframe: 82 Frame: 499 Frame from vFrameID : 500
Tcw:
[0.9998945, 0.01177974, -0.0085003991, -0.19426543;
 -0.012066509, 0.99933141, -0.034512632, 0.27980343;
 0.0080881659, 0.03461156, 0.99936813, 4.2868638;
 0, 0, 0, 1]
Twc:
[0.9998945, -0.012066509, 0.0080881659, 0.16294833;
 0.01177974, 0.99933141, 0.03461156, -0.42570299;
 -0.0085003991, -0.034512632, 0.99936813, -4.2761493;
 0, 0, 0, 1]
Ow:
[-0.19426543;
 0.27980343;
 4.2868638]
Keyframe: 83 Frame: 504 Frame from vFrameID : 505
Tcw:
[0.99982744, 0.0066633485, 0.01733896, -0.20273769;
 -0.0059788246, 0.99921209, -0.039235651, 0.28166205;
 -0.01758674, 0.039125215, 0.99907953, 4.3257422;
 0, 0, 0, 1]
Twc:
[0.99982744, -0.0059788246, -0.01758674, 0.28046241;
 0.0066633485, 0.99921209, 0.039125215, -0.44933483;
 0.01733896, -0.039235651, 0.99907953, -4.3071942;
 0, 0, 0, 1]
Ow:
[-0.20273769;
 0.28166205;
 4.3257422]
Keyframe: 84 Frame: 509 Frame from vFrameID : 510
Tcw:
[0.99841481, 0.01278625, 0.054812491, -0.20392583;
 -0.011783315, 0.99975789, -0.018581862, 0.27563226;
 -0.055036813, 0.017906532, 0.99832374, 4.3633671;
 0, 0, 0, 1]
Twc:
[0.99841481, -0.011783315, -0.055036813, 0.44699624;
 0.01278625, 0.99975789, 0.017906532, -0.35109088;
 0.054812491, -0.018581862, 0.99832374, -4.3397536;
 0, 0, 0, 1]
Ow:
[-0.20392583;
 0.27563226;
 4.3633671]
Keyframe: 85 Frame: 514 Frame from vFrameID : 515
Tcw:
[0.99875098, 0.0172709, 0.046884757, -0.20878276;
 -0.016365703, 0.99967349, -0.019622574, 0.28006178;
 -0.04720835, 0.018830763, 0.99870753, 4.4024005;
 0, 0, 0, 1]
Twc:
[0.99875098, -0.016365703, -0.04720835, 0.42093545;
 0.0172709, 0.99967349, 0.018830763, -0.35926506;
 0.046884757, -0.019622574, 0.99870753, -4.3814263;
 0, 0, 0, 1]
Ow:
[-0.20878276;
 0.28006178;
 4.4024005]
Keyframe: 86 Frame: 519 Frame from vFrameID : 520
Tcw:
[0.99989104, 0.01313806, -0.0067272554, -0.20735557;
 -0.013404543, 0.99905968, -0.04123174, 0.27899146;
 0.0061792247, 0.041317426, 0.99912697, 4.443912;
 0, 0, 0, 1]
Twc:
[0.99989104, -0.013404543, 0.0061792247, 0.18361281;
 0.01313806, 0.99905968, 0.041317426, -0.45961586;
 -0.0067272554, -0.04123174, 0.99912697, -4.429924;
 0, 0, 0, 1]
Ow:
[-0.20735557;
 0.27899146;
 4.443912]
Keyframe: 87 Frame: 524 Frame from vFrameID : 525
Tcw:
[0.99971199, 0.019677892, -0.013738644, -0.20621517;
 -0.020116942, 0.99926645, -0.032586277, 0.28336635;
 0.013087337, 0.032853272, 0.99937451, 4.4707675;
 0, 0, 0, 1]
Twc:
[0.99971199, -0.020116942, 0.013087337, 0.15334579;
 0.019677892, 0.99926645, 0.032853272, -0.42597994;
 -0.013738644, -0.032586277, 0.99937451, -4.4615698;
 0, 0, 0, 1]
Ow:
[-0.20621517;
 0.28336635;
 4.4707675]
Keyframe: 88 Frame: 529 Frame from vFrameID : 530
Tcw:
[0.99886215, 0.039733697, -0.026375748, -0.20616311;
 -0.039933193, 0.99917728, -0.0070803575, 0.2835677;
 0.026072718, 0.0081255687, 0.99962705, 4.5093293;
 0, 0, 0, 1]
Twc:
[0.99886215, -0.039933193, 0.026072718, 0.099681824;
 0.039733697, 0.99917728, 0.0081255687, -0.31178364;
 -0.026375748, -0.0070803575, 0.99962705, -4.5110769;
 0, 0, 0, 1]
Ow:
[-0.20616311;
 0.2835677;
 4.5093293]
Keyframe: 89 Frame: 534 Frame from vFrameID : 535
Tcw:
[0.99988812, 0.012833872, -0.0076810401, -0.2129482;
 -0.012989811, 0.99970323, -0.020608503, 0.28372318;
 0.0074142739, 0.020705972, 0.99975812, 4.5507002;
 0, 0, 0, 1]
Twc:
[0.99988812, -0.012989811, 0.0074142739, 0.18286976;
 0.012833872, 0.99970323, 0.020705972, -0.37513271;
 -0.0076810401, -0.020608503, 0.99975812, -4.5453882;
 0, 0, 0, 1]
Ow:
[-0.2129482;
 0.28372318;
 4.5507002]
Keyframe: 90 Frame: 540 Frame from vFrameID : 541
Tcw:
