Keyframe: 0 Frame: 0 Frame from vFrameID : 85
Tcw:
[1, 0, 0, 0;
 0, 1, 0, 0;
 0, 0, 1, 0;
 0, 0, 0, 1]
Twc:
[1, 0, 0, 0;
 0, 1, 0, 0;
 0, 0, 1, 0;
 0, 0, 0, 1]
Ow:
[0;
 0;
 0]
Keyframe: 1 Frame: 270 Frame from vFrameID : 85
Tcw:
[0.99990517, -0.0065180254, 0.012131415, -0.0043978337;
 0.006398601, 0.99993092, 0.0098571312, 0.0013335964;
 -0.012194826, -0.0097785722, 0.99987781, 0.033929043;
 0, 0, 0, 1]
Twc:
[0.99990517, 0.006398601, -0.012194826, 0.0048026419;
 -0.0065180254, 0.99993092, -0.0097785722, -0.0010303919;
 0.012131415, 0.0098571312, 0.99987781, -0.033884689;
 0, 0, 0, 1]
Ow:
[-0.0043978337;
 0.0013335964;
 0.033929043]
Keyframe: 2 Frame: 272 Frame from vFrameID : 87
Tcw:
[0.99991637, -0.0042422763, 0.012215558, -0.0059593199;
 0.0041409903, 0.99995697, 0.0083049536, 0.001780812;
 -0.012250264, -0.008253675, 0.99989092, 0.042030841;
 0, 0, 0, 1]
Twc:
[0.99991637, 0.0041409903, -0.012250264, 0.0064663361;
 -0.0042422763, 0.99995697, -0.008253675, -0.0014591075;
 0.012215558, 0.0083049536, 0.99989092, -0.041968249;
 0, 0, 0, 1]
Ow:
[-0.0059593199;
 0.001780812;
 0.042030841]
Keyframe: 3 Frame: 274 Frame from vFrameID : 89
Tcw:
[0.99999595, -0.0010978852, 0.0026359993, -0.0069807265;
 0.0010723487, 0.99995267, 0.0096695321, 0.004135313;
 -0.0026464905, -0.0096666664, 0.99994975, 0.055929556;
 0, 0, 0, 1]
Twc:
[0.99999595, 0.0010723487, -0.0026464905, 0.0071242801;
 -0.0010978852, 0.99995267, -0.0096666664, -0.0036021287;
 0.0026359993, 0.0096695321, 0.99994975, -0.055948336;
 0, 0, 0, 1]
Ow:
[-0.0069807265;
 0.004135313;
 0.055929556]
Keyframe: 4 Frame: 276 Frame from vFrameID : 91
Tcw:
[0.99972171, 0.0011539388, -0.023562465, -0.010383064;
 -0.0011783966, 0.99999881, -0.0010241413, 0.006795594;
 0.023561254, 0.0010516222, 0.99972183, 0.08064466;
 0, 0, 0, 1]
Twc:
[0.99972171, -0.0011783966, 0.023561254, 0.0084880926;
 0.0011539388, 0.99999881, 0.0010516222, -0.0068684118;
 -0.023562465, -0.0010241413, 0.99972183, -0.080859922;
 0, 0, 0, 1]
Ow:
[-0.010383064;
 0.006795594;
 0.08064466]
Keyframe: 5 Frame: 278 Frame from vFrameID : 93
Tcw:
[0.99928862, 0.0016521547, -0.037677184, -0.0087600481;
 -0.0019379884, 0.9999696, -0.0075511285, 0.0094367191;
 0.037663564, 0.0076187747, 0.99926144, 0.088016637;
 0, 0, 0, 1]
Twc:
[0.99928862, -0.0019379884, 0.037663564, 0.0054570842;
 0.0016521547, 0.9999696, 0.0076187747, -0.010092538;
 -0.037677184, -0.0075511285, 0.99926144, -0.088210426;
 0, 0, 0, 1]
Ow:
[-0.0087600481;
 0.0094367191;
 0.088016637]
Keyframe: 6 Frame: 280 Frame from vFrameID : 96
Tcw:
[0.99823916, 0.027178546, -0.052725203, -0.0063322424;
 -0.027401553, 0.99961835, -0.0035112209, 0.0096783685;
 0.052609652, 0.0049497904, 0.99860287, 0.10406986;
 0, 0, 0, 1]
Twc:
[0.99823916, -0.027401553, 0.052609652, 0.0011112159;
 0.027178546, 0.99961835, 0.0049497904, -0.010017698;
 -0.052725203, -0.0035112209, 0.99860287, -0.10422435;
 0, 0, 0, 1]
Ow:
[-0.0063322424;
 0.0096783685;
 0.10406986]
Keyframe: 7 Frame: 283 Frame from vFrameID : 284
Tcw:
[0.9960798, 0.037987437, -0.079887077, -0.006216641;
 -0.037715081, 0.99927646, 0.0049159271, 0.0089594126;
 0.080016017, -0.0018837083, 0.99679178, 0.12389374;
 0, 0, 0, 1]
Twc:
[0.9960798, -0.037715081, 0.080016017, -0.0033833077;
 0.037987437, 0.99927646, -0.0018837083, -0.0084833959;
 -0.079887077, 0.0049159271, 0.99679178, -0.12403694;
 0, 0, 0, 1]
Ow:
[-0.006216641;
 0.0089594126;
 0.12389374]
Keyframe: 8 Frame: 286 Frame from vFrameID : 287
Tcw:
[0.99365664, 0.040489145, -0.1049149, -0.0055862237;
 -0.038848117, 0.99908942, 0.017638924, 0.0061981874;
 0.10553356, -0.013451287, 0.99432474, 0.1430489;
 0, 0, 0, 1]
Twc:
[0.99365664, -0.038848117, 0.10553356, -0.009304882;
 0.040489145, 0.99908942, -0.013451287, -0.00404217;
 -0.1049149, 0.017638924, 0.99432474, -0.14293246;
 0, 0, 0, 1]
Ow:
[-0.0055862237;
 0.0061981874;
 0.1430489]
Keyframe: 9 Frame: 289 Frame from vFrameID : 290
Tcw:
[0.99268973, 0.046975084, -0.11117727, -0.0057969885;
 -0.046935696, 0.9988935, 0.0029728934, 0.00589386;
 0.11119391, 0.0022670219, 0.99379617, 0.15681767;
 0, 0, 0, 1]
Twc:
[0.99268973, -0.046935696, 0.11119391, -0.011405928;
 0.046975084, 0.9988935, 0.0022670219, -0.0059705335;
 -0.11117727, 0.0029728934, 0.99379617, -0.15650682;
 0, 0, 0, 1]
Ow:
[-0.0057969885;
 0.00589386;
 0.15681767]
Keyframe: 10 Frame: 292 Frame from vFrameID : 293
Tcw:
[0.99287033, 0.034987841, -0.11394883, -0.010378491;
 -0.034674771, 0.99938744, 0.0047289273, 0.012009269;
 0.11404449, -0.00074406201, 0.99347538, 0.18458243;
 0, 0, 0, 1]
Twc:
[0.99287033, -0.034674771, 0.11404449, -0.010329694;
 0.034987841, 0.99938744, -0.00074406201, -0.011501451;
 -0.11394883, 0.0047289273, 0.99347538, -0.1846175;
 0, 0, 0, 1]
Ow:
[-0.010378491;
 0.012009269;
 0.18458243]
Keyframe: 11 Frame: 295 Frame from vFrameID : 296
Tcw:
[0.99373823, 0.035690896, -0.10587973, -0.012599193;
 -0.035845049, 0.99935728, 0.00044729718, 0.015577365;
 0.10582764, 0.003350768, 0.99437886, 0.20090051;
 0, 0, 0, 1]
Twc:
[0.99373823, -0.035845049, 0.10582764, -0.0081821559;
 0.035690896, 0.99935728, 0.003350768, -0.015790848;
 -0.10587973, 0.00044729718, 0.99437886, -0.20111218;
 0, 0, 0, 1]
Ow:
[-0.012599193;
 0.015577365;
 0.20090051]
Keyframe: 12 Frame: 299 Frame from vFrameID : 300
Tcw:
[0.99570602, 0.0249159, -0.089155816, -0.017557338;
 -0.025645748, 0.99964625, -0.0070498898, 0.020772394;
 0.088948615, 0.0093060853, 0.99599272, 0.23566248;
 0, 0, 0, 1]
Twc:
[0.99570602, -0.025645748, 0.088948615, -0.0029471833;
 0.0249159, 0.99964625, 0.0093060853, -0.022520682;
 -0.089155816, -0.0070498898, 0.99599272, -0.23613702;
 0, 0, 0, 1]
Ow:
[-0.017557338;
 0.020772394;
 0.23566248]
Keyframe: 13 Frame: 303 Frame from vFrameID : 304
Tcw:
[0.99684083, 0.022866178, -0.076062538, -0.021873787;
 -0.022711927, 0.99973786, 0.0028924868, 0.023053104;
 0.076108739, -0.0011558221, 0.99709886, 0.2654874;
 0, 0, 0, 1]
Twc:
[0.99684083, -0.022711927, 0.076108739, 0.0021223514;
 0.022866178, 0.99973786, -0.0011558221, -0.022240035;
 -0.076062538, 0.0028924868, 0.99709886, -0.26644766;
 0, 0, 0, 1]
Ow:
[-0.021873787;
 0.023053104;
 0.2654874]
Keyframe: 14 Frame: 307 Frame from vFrameID : 308
Tcw:
[0.99708188, 0.023004368, -0.072790995, -0.025705317;
 -0.022803584, 0.99973351, 0.0035883219, 0.020451877;
 0.072854139, -0.0019179552, 0.99734074, 0.29541197;
 0, 0, 0, 1]
Twc:
[0.99708188, -0.022803584, 0.072854139, 0.0045746937;
 0.023004368, 0.99973351, -0.0019179552, -0.019288506;
 -0.072790995, 0.0035883219, 0.99734074, -0.29657093;
 0, 0, 0, 1]
Ow:
[-0.025705317;
 0.020451877;
 0.29541197]
Keyframe: 15 Frame: 311 Frame from vFrameID : 312
Tcw:
[0.99681771, 0.023352955, -0.076217085, -0.027944401;
 -0.022888852, 0.99971378, 0.0069572097, 0.02411362;
 0.076357745, -0.0051905485, 0.99706697, 0.31756473;
 0, 0, 0, 1]
Twc:
[0.99681771, -0.022888852, 0.076357745, 0.0041588829;
 0.023352955, 0.99971378, -0.0051905485, -0.0218058;
 -0.076217085, 0.0069572097, 0.99706697, -0.31893089;
 0, 0, 0, 1]
Ow:
[-0.027944401;
 0.02411362;
 0.31756473]
Keyframe: 16 Frame: 315 Frame from vFrameID : 316
Tcw:
[0.993671, 0.03787683, -0.10575117, -0.029882304;
 -0.037821382, 0.99928129, 0.0025304214, 0.027938632;
 0.10577102, 0.0014852494, 0.99438941, 0.34917787;
 0, 0, 0, 1]
Twc:
[0.993671, -0.037821382, 0.10577102, -0.0061830394;
 0.03787683, 0.99928129, 0.0014852494, -0.027305324;
 -0.10575117, 0.0025304214, 0.99438941, -0.35044956;
 0, 0, 0, 1]
Ow:
[-0.029882304;
 0.027938632;
 0.34917787]
Keyframe: 17 Frame: 319 Frame from vFrameID : 320
Tcw:
[0.98962325, 0.039769143, -0.13807333, -0.032258935;
 -0.041659746, 0.99907315, -0.010828815, 0.029147552;
 0.1375147, 0.016468547, 0.99036282, 0.37910393;
 0, 0, 0, 1]
Twc:
[0.98962325, -0.041659746, 0.1375147, -0.018993896;
 0.039769143, 0.99907315, 0.016468547, -0.034080919;
 -0.13807333, -0.010828815, 0.99036282, -0.3795889;
 0, 0, 0, 1]
Ow:
[-0.032258935;
 0.029147552;
 0.37910393]
Keyframe: 18 Frame: 324 Frame from vFrameID : 325
Tcw:
[0.99173981, 0.033006594, -0.12394629, -0.034465976;
 -0.031573851, 0.99941015, 0.013506509, 0.03044883;
 0.12431898, -0.0094814813, 0.99219698, 0.41573054;
 0, 0, 0, 1]
Twc:
[0.99173981, -0.031573851, 0.12431898, -0.016540533;
 0.033006594, 0.99941015, -0.0094814813, -0.025351524;
 -0.12394629, 0.013506509, 0.99219698, -0.41716978;
 0, 0, 0, 1]
Ow:
[-0.034465976;
 0.03044883;
 0.41573054]
Keyframe: 19 Frame: 328 Frame from vFrameID : 329
Tcw:
[0.99194247, 0.051712189, -0.11565442, -0.034746002;
 -0.050215811, 0.99861312, 0.015816715, 0.032244492;
 0.11631195, -0.0098815896, 0.99316359, 0.44627729;
 0, 0, 0, 1]
Twc:
[0.99194247, -0.050215811, 0.11631195, -0.015822159;
 0.051712189, 0.99861312, -0.0098815896, -0.025993055;
 -0.11565442, 0.015816715, 0.99316359, -0.44775486;
 0, 0, 0, 1]
Ow:
[-0.034746002;
 0.032244492;
 0.44627729]
Keyframe: 20 Frame: 333 Frame from vFrameID : 334
Tcw:
[0.9960357, 0.023856301, -0.085695781, -0.043359291;
 -0.023768513, 0.99971539, 0.0020447336, 0.034220122;
 0.085720174, 2.3367522e-07, 0.99631923, 0.48252138;
 0, 0, 0, 1]
Twc:
[0.9960357, -0.023768513, 0.085720174, 0.0026389477;
 0.023856301, 0.99971539, 2.3367522e-07, -0.033176105;
 -0.085695781, 0.0020447336, 0.99631923, -0.48453102;
 0, 0, 0, 1]
Ow:
[-0.043359291;
 0.034220122;
 0.48252138]
Keyframe: 21 Frame: 338 Frame from vFrameID : 339
Tcw:
[0.999066, 0.019197568, -0.038711645, -0.047504075;
 -0.020244824, 0.99943459, -0.026844686, 0.04102305;
 0.038174402, 0.027603325, 0.99888974, 0.51797402;
 0, 0, 0, 1]
Twc:
[0.999066, -0.020244824, 0.038174402, 0.028516863;
 0.019197568, 0.99943459, 0.027603325, -0.054385696;
 -0.038711645, -0.026844686, 0.99888974, -0.51813668;
 0, 0, 0, 1]
Ow:
[-0.047504075;
 0.04102305;
 0.51797402]
Keyframe: 22 Frame: 343 Frame from vFrameID : 344
Tcw:
[0.99936444, 0.034497593, -0.0089769987, -0.047747895;
 -0.034430638, 0.99937886, 0.0075092292, 0.042612046;
 0.009230474, -0.0071953731, 0.99993151, 0.55371284;
 0, 0, 0, 1]
Twc:
[0.99936444, -0.034430638, 0.009230474, 0.044073679;
 0.034497593, 0.99937886, -0.0071953731, -0.036954224;
 -0.0089769987, 0.0075092292, 0.99993151, -0.55442351;
 0, 0, 0, 1]
Ow:
[-0.047747895;
 0.042612046;
 0.55371284]
Keyframe: 23 Frame: 348 Frame from vFrameID : 349
Tcw:
[0.99945045, 0.024727345, -0.022076944, -0.055217884;
 -0.024727225, 0.99969417, 0.00027845739, 0.046808954;
 0.022077078, 0.00026759721, 0.99975622, 0.58722132;
 0, 0, 0, 1]
Twc:
[0.99945045, -0.024727225, 0.022077078, 0.043380868;
 0.024727345, 0.99969417, 0.00026759721, -0.045586385;
 -0.022076944, 0.00027845739, 0.99975622, -0.58831024;
 0, 0, 0, 1]
Ow:
[-0.055217884;
 0.046808954;
 0.58722132]
Keyframe: 24 Frame: 353 Frame from vFrameID : 354
Tcw:
[0.99610192, 0.019335881, -0.086064361, -0.057199247;
 -0.021709071, 0.99940705, -0.026724551, 0.045312554;
 0.08549659, 0.028488753, 0.99593109, 0.62435114;
 0, 0, 0, 1]
Twc:
[0.99610192, -0.021709071, 0.08549659, 0.0045800828;
 0.019335881, 0.99940705, 0.028488753, -0.06196668;
 -0.086064361, -0.026724551, 0.99593109, -0.62552255;
 0, 0, 0, 1]
Ow:
[-0.057199247;
 0.045312554;
 0.62435114]
Keyframe: 25 Frame: 358 Frame from vFrameID : 359
Tcw:
[0.99330503, 0.046669558, -0.10567422, -0.054530673;
 -0.049147759, 0.9985714, -0.020968508, 0.047323603;
 0.10454466, 0.026021777, 0.99417973, 0.65551698;
 0, 0, 0, 1]
Twc:
[0.99330503, -0.049147759, 0.10454466, -0.012039362;
 0.046669558, 0.9985714, 0.026021777, -0.061768789;
 -0.10567422, -0.020968508, 0.99417973, -0.65647185;
 0, 0, 0, 1]
Ow:
[-0.054530673;
 0.047323603;
 0.65551698]
Keyframe: 26 Frame: 363 Frame from vFrameID : 364
Tcw:
[0.99471402, 0.041997407, -0.093703061, -0.060514264;
 -0.043249808, 0.99899954, -0.01137422, 0.053505931;
 0.093131624, 0.015366736, 0.99553519, 0.68529481;
 0, 0, 0, 1]
Twc:
[0.99471402, -0.043249808, 0.093131624, -0.0013141127;
 0.041997407, 0.99899954, 0.015366736, -0.061441705;
 -0.093703061, -0.01137422, 0.99553519, -0.68729687;
 0, 0, 0, 1]
Ow:
[-0.060514264;
 0.053505931;
 0.68529481]
Keyframe: 27 Frame: 368 Frame from vFrameID : 369
Tcw:
[0.99821502, 0.022069467, -0.055494945, -0.069117039;
 -0.022011226, 0.99975634, 0.0016605719, 0.060520571;
 0.055518072, -0.00043609607, 0.99845761, 0.73040015;
 0, 0, 0, 1]
Twc:
[0.99821502, -0.022011226, 0.055518072, 0.029775398;
 0.022069467, 0.99975634, -0.00043609607, -0.058661923;
 -0.055494945, 0.0016605719, 0.99845761, -0.73320967;
 0, 0, 0, 1]
Ow:
[-0.069117039;
 0.060520571;
 0.73040015]
Keyframe: 28 Frame: 373 Frame from vFrameID : 374
Tcw:
[0.99941367, 0.0082132127, -0.033240087, -0.076408342;
 -0.0086724591, 0.99986863, -0.013695518, 0.063202381;
 0.033123236, 0.013975762, 0.99935353, 0.76941448;
 0, 0, 0, 1]
Twc:
[0.99941367, -0.0086724591, 0.033123236, 0.051426157;
 0.0082132127, 0.99986863, 0.013975762, -0.073319674;
 -0.033240087, -0.013695518, 0.99935353, -0.77059138;
 0, 0, 0, 1]
Ow:
[-0.076408342;
 0.063202381;
 0.76941448]
Keyframe: 29 Frame: 378 Frame from vFrameID : 379
Tcw:
[0.99946398, 0.0030509518, -0.032596029, -0.081359722;
 -0.0030794404, 0.99999493, -0.000823821, 0.068061322;
 0.032593347, 0.00092375692, 0.99946827, 0.81017983;
 0, 0, 0, 1]
Twc:
[0.99946398, -0.0030794404, 0.032593347, 0.055119224;
 0.0030509518, 0.99999493, 0.00092375692, -0.068561159;
 -0.032596029, -0.000823821, 0.99946827, -0.81234497;
 0, 0, 0, 1]
Ow:
[-0.081359722;
 0.068061322;
 0.81017983]
Keyframe: 30 Frame: 383 Frame from vFrameID : 384
Tcw:
[0.99804926, 0.0051659988, -0.062217373, -0.085084498;
 -0.0059179971, 0.99991161, -0.011908418, 0.075571075;
 0.062150352, 0.012253391, 0.99799156, 0.84204054;
 0, 0, 0, 1]
Twc:
[0.99804926, -0.0059179971, 0.062150352, 0.033032633;
 0.0051659988, 0.99991161, 0.012253391, -0.085442699;
 -0.062217373, -0.011908418, 0.99799156, -0.84474313;
 0, 0, 0, 1]
Ow:
[-0.085084498;
 0.075571075;
 0.84204054]
Keyframe: 31 Frame: 388 Frame from vFrameID : 389
Tcw:
[0.99578261, 0.02293402, -0.088831276, -0.081875764;
 -0.02375908, 0.99968374, -0.0082416236, 0.076345488;
 0.088614166, 0.010317415, 0.99601257, 0.87851942;
 0, 0, 0, 1]
Twc:
[0.99578261, -0.02375908, 0.088614166, 0.0054950924;
 0.02293402, 0.99968374, 0.010317415, -0.083507657;
 -0.088831276, -0.0082416236, 0.99601257, -0.88166034;
 0, 0, 0, 1]
Ow:
[-0.081875764;
 0.076345488;
 0.87851942]
Keyframe: 32 Frame: 393 Frame from vFrameID : 394
Tcw:
[0.99280995, 0.042212579, -0.11201094, -0.081359766;
 -0.042286292, 0.99910408, 0.001718631, 0.076652743;
 0.11198313, 0.0030302531, 0.99370551, 0.9157359;
 0, 0, 0, 1]
Twc:
[0.99280995, -0.042286292, 0.11198313, -0.018530827;
 0.042212579, 0.99910408, 0.0030302531, -0.075924575;
 -0.11201094, 0.001718631, 0.99370551, -0.91921669;
 0, 0, 0, 1]
Ow:
[-0.081359766;
 0.076652743;
 0.9157359]
Keyframe: 33 Frame: 398 Frame from vFrameID : 399
Tcw:
[0.99524838, 0.019477002, -0.095400989, -0.090786539;
 -0.020464012, 0.99974662, -0.0093783895, 0.082367048;
 0.095194153, 0.011286114, 0.99539477, 0.95546377;
 0, 0, 0, 1]
Twc:
[0.99524838, -0.020464012, 0.095194153, 0.0010861543;
 0.019477002, 0.99974662, 0.011286114, -0.091361396;
 -0.095400989, -0.0093783895, 0.99539477, -0.95895225;
 0, 0, 0, 1]
Ow:
[-0.090786539;
 0.082367048;
 0.95546377]
Keyframe: 34 Frame: 403 Frame from vFrameID : 404
Tcw:
[0.99834102, 0.013460391, -0.055982698, -0.095092967;
 -0.014730561, 0.99964195, -0.022338171, 0.086252406;
 0.055661973, 0.023125768, 0.99818182, 0.99265844;
 0, 0, 0, 1]
Twc:
[0.99834102, -0.014730561, 0.055661973, 0.040952418;
 0.013460391, 0.99964195, 0.023125768, -0.10789752;
 -0.055982698, -0.022338171, 0.99818182, -0.99425048;
 0, 0, 0, 1]
Ow:
[-0.095092967;
 0.086252406;
 0.99265844]
Keyframe: 35 Frame: 408 Frame from vFrameID : 409
Tcw:
[0.99935472, 0.016396796, -0.031958528, -0.09932854;
 -0.016621795, 0.99983883, -0.0067873867, 0.084000856;
 0.031842086, 0.0073142149, 0.99946612, 1.027759;
 0, 0, 0, 1]
Twc:
[0.99935472, -0.016621795, 0.031842086, 0.067934699;
 0.016396796, 0.99983883, 0.0073142149, -0.089875892;
 -0.031958528, -0.0067873867, 0.99946612, -1.0298146;
 0, 0, 0, 1]
Ow:
[-0.09932854;
 0.084000856;
 1.027759]
Keyframe: 36 Frame: 412 Frame from vFrameID : 413
Tcw:
[0.99946445, 0.014416934, -0.029375682, -0.10936406;
 -0.014232804, 0.99987781, 0.0064675934, 0.087694936;
 0.029465334, -0.0060460311, 0.99954754, 1.06619;
 0, 0, 0, 1]
Twc:
[0.99946445, -0.014232804, 0.029465334, 0.079137996;
 0.014416934, 0.99987781, -0.0060460311, -0.079661302;
 -0.029375682, 0.0064675934, 0.99954754, -1.0694873;
 0, 0, 0, 1]
Ow:
[-0.10936406;
 0.087694936;
 1.06619]
Keyframe: 37 Frame: 416 Frame from vFrameID : 417
Tcw:
[0.99800271, 0.016730689, -0.060915787, -0.10744707;
 -0.017483655, 0.99977696, -0.011848793, 0.090097949;
 0.060703959, 0.012890158, 0.99807256, 1.0917568;
 0, 0, 0, 1]
Twc:
[0.99800271, -0.017483655, 0.060703959, 0.04253374;
 0.016730689, 0.99977696, 0.012890158, -0.10235311;
 -0.060915787, -0.011848793, 0.99807256, -1.0951303;
 0, 0, 0, 1]
Ow:
[-0.10744707;
 0.090097949;
 1.0917568]
Keyframe: 38 Frame: 420 Frame from vFrameID : 421
Tcw:
[0.99612468, 0.029647285, -0.082804859, -0.11147624;
 -0.032929897, 0.99871343, -0.038562231, 0.087991983;
 0.081555061, 0.041139547, 0.99581939, 1.1225877;
 0, 0, 0, 1]
Twc:
[0.99612468, -0.032929897, 0.081555061, 0.022389082;
 0.029647285, 0.99871343, 0.041139547, -0.13075657;
 -0.082804859, -0.038562231, 0.99581939, -1.1237323;
 0, 0, 0, 1]
Ow:
[-0.11147624;
 0.087991983;
 1.1225877]
Keyframe: 39 Frame: 425 Frame from vFrameID : 426
Tcw:
[0.99461365, 0.01733266, -0.10219232, -0.11551953;
 -0.019479929, 0.99960917, -0.020051571, 0.091147989;
 0.10180483, 0.021934265, 0.99456257, 1.1546261;
 0, 0, 0, 1]
Twc:
[0.99461365, -0.019479929, 0.10180483, -0.00087365758;
 0.01733266, 0.99960917, 0.021934265, -0.11443598;
 -0.10219232, -0.020051571, 0.99456257, -1.1583254;
 0, 0, 0, 1]
Ow:
[-0.11551953;
 0.091147989;
 1.1546261]
Keyframe: 40 Frame: 429 Frame from vFrameID : 430
Tcw:
[0.99477577, 0.027497722, -0.098311059, -0.11780053;
 -0.027604008, 0.99961889, 0.00027916505, 0.094783947;
 0.098281272, 0.0024360726, 0.99515569, 1.1780969;
 0, 0, 0, 1]
Twc:
[0.99477577, -0.027604008, 0.098281272, 0.0040166685;
 0.027497722, 0.99961889, 0.0024360726, -0.094378509;
 -0.098311059, 0.00027916505, 0.99515569, -1.1839974;
 0, 0, 0, 1]
Ow:
[-0.11780053;
 0.094783947;
 1.1780969]
Keyframe: 41 Frame: 434 Frame from vFrameID : 435
Tcw:
[0.99656302, 0.013543645, -0.081723288, -0.12469491;
 -0.014564853, 0.99982297, -0.011912728, 0.09871041;
 0.081547476, 0.013062072, 0.99658388, 1.2161269;
 0, 0, 0, 1]
Twc:
[0.99656302, -0.014564853, 0.081547476, 0.026531957;
 0.013543645, 0.99982297, 0.013062072, -0.11288925;
 -0.081723288, -0.011912728, 0.99658388, -1.220987;
 0, 0, 0, 1]
Ow:
[-0.12469491;
 0.09871041;
 1.2161269]
Keyframe: 42 Frame: 439 Frame from vFrameID : 440
Tcw:
[0.99872017, -0.015146151, -0.048255567, -0.13208739;
 0.014034559, 0.99963021, -0.023291687, 0.096793562;
 0.0485905, 0.022584632, 0.99856341, 1.2525271;
 0, 0, 0, 1]
Twc:
[0.99872017, 0.014034559, 0.0485905, 0.069698974;
 -0.015146151, 0.99963021, 0.022584632, -0.12704626;
 -0.048255567, -0.023291687, 0.99856341, -1.2548472;
 0, 0, 0, 1]
Ow:
[-0.13208739;
 0.096793562;
 1.2525271]
Keyframe: 43 Frame: 443 Frame from vFrameID : 444
Tcw:
[0.99957639, 0.01265827, -0.026206613, -0.13382928;
 -0.012755268, 0.99991238, -0.003537423, 0.10151006;
 0.02615954, 0.0038701971, 0.9996503, 1.2856957;
 0, 0, 0, 1]
Twc:
[0.99957639, -0.012755268, 0.02615954, 0.10143417;
 0.01265827, 0.99991238, 0.0038701971, -0.10478301;
 -0.026206613, -0.003537423, 0.9996503, -1.2883942;
 0, 0, 0, 1]
Ow:
[-0.13382928;
 0.10151006;
 1.2856957]
Keyframe: 44 Frame: 447 Frame from vFrameID : 448
Tcw:
[0.99917847, 0.017565185, -0.036522299, -0.13806982;
 -0.017462138, 0.99984258, 0.0031385629, 0.10858386;
 0.036571681, -0.0024982269, 0.9993279, 1.3142009;
 0, 0, 0, 1]
Twc:
[0.99917847, -0.017462138, 0.036571681, 0.091789968;
 0.017565185, 0.99984258, -0.0024982269, -0.10285837;
 -0.036522299, 0.0031385629, 0.9993279, -1.318701;
 0, 0, 0, 1]
Ow:
[-0.13806982;
 0.10858386;
 1.3142009]
Keyframe: 45 Frame: 452 Frame from vFrameID : 453
Tcw:
[0.99767715, 0.0031498466, -0.068046637, -0.14527681;
 -0.003427837, 0.99998623, -0.0039689178, 0.10696354;
 0.068033196, 0.0041929511, 0.99767423, 1.3441198;
 0, 0, 0, 1]
Twc:
[0.99767715, -0.003427837, 0.068033196, 0.053861238;
 0.0031498466, 0.99998623, 0.0041929511, -0.1121403;
 -0.068046637, -0.0039689178, 0.99767423, -1.3504548;
 0, 0, 0, 1]
Ow:
[-0.14527681;
 0.10696354;
 1.3441198]
Keyframe: 46 Frame: 457 Frame from vFrameID : 458
Tcw:
[0.99624205, 0.020169483, -0.084231637, -0.14489198;
 -0.020140709, 0.99979645, 0.001191441, 0.11139991;
 0.084238522, 0.00050952128, 0.99644548, 1.3753818;
 0, 0, 0, 1]
Twc:
[0.99624205, -0.020140709, 0.084238522, 0.030731015;
 0.020169483, 0.99979645, 0.00050952128, -0.10915563;
 -0.084231637, 0.001191441, 0.99644548, -1.3828303;
 0, 0, 0, 1]
Ow:
[-0.14489198;
 0.11139991;
 1.3753818]
Keyframe: 47 Frame: 461 Frame from vFrameID : 462
Tcw:
[0.99499226, 0.036409304, -0.093084782, -0.14634171;
 -0.035324611, 0.99928772, 0.013274543, 0.11416255;
 0.093501799, -0.0099198837, 0.99556971, 1.4007419;
 0, 0, 0, 1]
Twc:
[0.99499226, -0.035324611, 0.093501799, 0.018669734;
 0.036409304, 0.99928772, -0.0099198837, -0.094857834;
 -0.093084782, 0.013274543, 0.99556971, -1.4096738;
 0, 0, 0, 1]
Ow:
[-0.14634171;
 0.11416255;
 1.4007419]
Keyframe: 48 Frame: 466 Frame from vFrameID : 467
Tcw:
[0.99590528, 0.029832279, -0.085338891, -0.15334931;
 -0.028581472, 0.99946594, 0.015841631, 0.12025431;
 0.085765906, -0.013337654, 0.99622601, 1.436307;
 0, 0, 0, 1]
Twc:
[0.99590528, -0.028581472, 0.085765906, 0.032972269;
 0.029832279, 0.99946594, -0.013337654, -0.096458361;
 -0.085338891, 0.015841631, 0.99622601, -1.445878;
 0, 0, 0, 1]
Ow:
[-0.15334931;
 0.12025431;
 1.436307]
Keyframe: 49 Frame: 471 Frame from vFrameID : 472
Tcw:
[0.99870175, 0.029289769, -0.041675914, -0.15738612;
 -0.028405456, 0.99936187, 0.021655194, 0.12374835;
 0.042283595, -0.020443257, 0.99889648, 1.4709892;
 0, 0, 0, 1]
Twc:
[0.99870175, -0.028405456, 0.042283595, 0.098498218;
 0.029289769, 0.99936187, -0.020443257, -0.088987768;
 -0.041675914, 0.021655194, 0.99889648, -1.4786049;
 0, 0, 0, 1]
Ow:
[-0.15738612;
 0.12374835;
 1.4709892]
Keyframe: 50 Frame: 475 Frame from vFrameID : 476
Tcw:
[0.99897802, 0.042158876, -0.016296348, -0.15504003;
 -0.041665077, 0.9986949, 0.02953803, 0.11976007;
 0.017520368, -0.028828854, 0.99943078, 1.4939646;
 0, 0, 0, 1]
Twc:
[0.99897802, -0.041665077, 0.017520368, 0.13369657;
 0.042158876, 0.9986949, -0.028828854, -0.06999816;
 -0.016296348, 0.02953803, 0.99943078, -1.4991784;
 0, 0, 0, 1]
Ow:
[-0.15504003;
 0.11976007;
 1.4939646]
Keyframe: 51 Frame: 480 Frame from vFrameID : 481
Tcw:
[0.99929059, 0.029846249, 0.022967286, -0.16098222;
 -0.030136863, 0.99946868, 0.012412977, 0.12531778;
 -0.022584602, -0.013096333, 0.99965918, 1.5277199;
 0, 0, 0, 1]
Twc:
[0.99929059, -0.030136863, -0.022584602, 0.19914766;
 0.029846249, 0.99946868, -0.013096333, -0.10043895;
 0.022967286, 0.012412977, 0.99965918, -1.5250573;
 0, 0, 0, 1]
Ow:
[-0.16098222;
 0.12531778;
 1.5277199]
Keyframe: 52 Frame: 485 Frame from vFrameID : 486
Tcw:
[0.99921018, 0.037684683, -0.012605582, -0.16251175;
 -0.03756557, 0.99924845, 0.0095560001, 0.12836124;
 0.012956224, -0.0090749171, 0.99987489, 1.5658776;
 0, 0, 0, 1]
Twc:
[0.99921018, -0.03756557, 0.012956224, 0.14691749;
 0.037684683, 0.99924845, -0.0090749171, -0.10793036;
 -0.012605582, 0.0095560001, 0.99987489, -1.5689569;
 0, 0, 0, 1]
Ow:
[-0.16251175;
 0.12836124;
 1.5658776]
Keyframe: 53 Frame: 490 Frame from vFrameID : 491
Tcw:
[0.998043, 0.039918933, -0.048131593, -0.16487801;
 -0.039449647, 0.9991647, 0.010661256, 0.13718772;
 0.048516974, -0.0087416172, 0.99878412, 1.5981418;
 0, 0, 0, 1]
Twc:
[0.998043, -0.039449647, 0.048516974, 0.092430353;
 0.039918933, 0.9991647, -0.0087416172, -0.11652102;
 -0.048131593, 0.010661256, 0.99878412, -1.605597;
 0, 0, 0, 1]
Ow:
[-0.16487801;
 0.13718772;
 1.5981418]
Keyframe: 54 Frame: 494 Frame from vFrameID : 495
Tcw:
[0.99628508, 0.05221777, -0.068478897, -0.16527216;
 -0.050894212, 0.99848461, 0.020933423, 0.1323631;
 0.069468223, -0.017370479, 0.99743295, 1.6245242;
 0, 0, 0, 1]
Twc:
[0.99628508, -0.050894212, 0.069468223, 0.058541905;
 0.05221777, 0.99848461, -0.017370479, -0.095313616;
 -0.068478897, 0.020933423, 0.99743295, -1.6344423;
 0, 0, 0, 1]
Ow:
[-0.16527216;
 0.1323631;
 1.6245242]
Keyframe: 55 Frame: 498 Frame from vFrameID : 499
Tcw:
[0.99673212, 0.03824506, -0.071150556, -0.1750975;
 -0.037458081, 0.99922174, 0.012362829, 0.13285577;
 0.071567997, -0.0096572656, 0.99738896, 1.6524037;
 0, 0, 0, 1]
Twc:
[0.99673212, -0.037458081, 0.071567997, 0.061242588;
 0.03824506, 0.99922174, -0.0096572656, -0.11009806;
 -0.071150556, 0.012362829, 0.99738896, -1.6621901;
 0, 0, 0, 1]
Ow:
[-0.1750975;
 0.13285577;
 1.6524037]
Keyframe: 56 Frame: 503 Frame from vFrameID : 504
Tcw:
[0.9982481, 0.028018627, -0.052112024, -0.18132544;
 -0.027880626, 0.9996056, 0.0033733745, 0.13492095;
 0.05218599, -0.0019145489, 0.99863553, 1.6873262;
 0, 0, 0, 1]
Twc:
[0.9982481, -0.027880626, 0.05218599, 0.096714683;
 0.028018627, 0.9996056, -0.0019145489, -0.12655677;
 -0.052112024, 0.0033733745, 0.99863553, -1.6949283;
 0, 0, 0, 1]
Ow:
[-0.18132544;
 0.13492095;
 1.6873262]
Keyframe: 57 Frame: 507 Frame from vFrameID : 508
Tcw:
[0.99939013, 0.029569535, -0.018573578, -0.18587908;
 -0.029011834, 0.99914038, 0.029610628, 0.1349573;
 0.019433185, -0.029053718, 0.99938893, 1.7136236;
 0, 0, 0, 1]
Twc:
[0.99939013, -0.029011834, 0.019433185, 0.15637992;
 0.029569535, 0.99914038, -0.029053718, -0.079557799;
 -0.018573578, 0.029610628, 0.99938893, -1.7200251;
 0, 0, 0, 1]
Ow:
[-0.18587908;
 0.1349573;
 1.7136236]
Keyframe: 58 Frame: 511 Frame from vFrameID : 512
Tcw:
[0.99908137, 0.042118561, -0.0079030069, -0.18555605;
 -0.041959684, 0.99893302, 0.019293929, 0.1341698;
 0.0087072067, -0.018944595, 0.99978262, 1.7343024;
 0, 0, 0, 1]
Twc:
[0.99908137, -0.041959684, 0.0087072067, 0.17591438;
 0.042118561, 0.99893302, -0.018944595, -0.093355626;
 -0.0079030069, 0.019293929, 0.99978262, -1.7379805;
 0, 0, 0, 1]
Ow:
[-0.18555605;
 0.1341698;
 1.7343024]
Keyframe: 59 Frame: 515 Frame from vFrameID : 516
Tcw:
[0.99855298, 0.044994678, -0.029451139, -0.19190465;
 -0.04439383, 0.99879867, 0.020747256, 0.1383681;
 0.030349275, -0.019409785, 0.99935091, 1.7706213;
 0, 0, 0, 1]
Twc:
[0.99855298, -0.04439383, 0.030349275, 0.1440326;
 0.044994678, 0.99879867, -0.019409785, -0.095199801;
 -0.029451139, 0.020747256, 0.99935091, -1.7779945;
 0, 0, 0, 1]
Ow:
[-0.19190465;
 0.1383681;
 1.7706213]
Keyframe: 60 Frame: 519 Frame from vFrameID : 520
Tcw:
[0.99684477, 0.035304192, -0.071092084, -0.19364159;
 -0.035240132, 0.99937654, 0.0021555405, 0.13952109;
 0.071123861, 0.00035655501, 0.9974674, 1.8003547;
 0, 0, 0, 1]
Twc:
[0.99684477, -0.035240132, 0.071123861, 0.069899157;
 0.035304192, 0.99937654, 0.00035655501, -0.13323969;
 -0.071092084, 0.0021555405, 0.9974674, -1.8098624;
 0, 0, 0, 1]
Ow:
[-0.19364159;
 0.13952109;
 1.8003547]
Keyframe: 61 Frame: 523 Frame from vFrameID : 524
Tcw:
[0.99631727, 0.038571127, -0.076577678, -0.1926029;
 -0.038733613, 0.9992494, -0.00063716352, 0.14445435;
 0.076495618, 0.0036009471, 0.9970634, 1.8182915;
 0, 0, 0, 1]
Twc:
[0.99631727, -0.038733613, 0.076495618, 0.058397487;
 0.038571127, 0.9992494, 0.0036009471, -0.14346457;
 -0.076577678, -0.00063716352, 0.9970634, -1.8276091;
 0, 0, 0, 1]
Ow:
[-0.1926029;
 0.14445435;
 1.8182915]
Keyframe: 62 Frame: 527 Frame from vFrameID : 528
Tcw:
[0.99388748, 0.063149132, -0.090553269, -0.19343355;
 -0.060565185, 0.99768251, 0.031007251, 0.14403638;
 0.092301495, -0.025333343, 0.99540877, 1.8439349;
 0, 0, 0, 1]
Twc:
[0.99388748, -0.060565185, 0.092301495, 0.030776836;
 0.063149132, 0.99768251, -0.025333343, -0.084774397;
 -0.090553269, 0.031007251, 0.99540877, -1.8574512;
 0, 0, 0, 1]
Ow:
[-0.19343355;
 0.14403638;
 1.8439349]
Keyframe: 63 Frame: 531 Frame from vFrameID : 532
Tcw:
[0.99403, 0.059797347, -0.091261461, -0.19817837;
 -0.057254001, 0.99790156, 0.030239187, 0.14467864;
 0.092878178, -0.024833575, 0.99536777, 1.8750919;
 0, 0, 0, 1]
Twc:
[0.99403, -0.057254001, 0.092878178, 0.031123551;
 0.059797347, 0.99790156, -0.024833575, -0.085959263;
 -0.091261461, 0.030239187, 0.99536777, -1.888867;
 0, 0, 0, 1]
Ow:
[-0.19817837;
 0.14467864;
 1.8750919]
Keyframe: 64 Frame: 536 Frame from vFrameID : 537
Tcw:
[0.99748927, 0.038353376, -0.05953281, -0.20257913;
 -0.03861833, 0.99924856, -0.0033059672, 0.14556755;
 0.059361279, 0.0055967243, 0.99822086, 1.9118067;
 0, 0, 0, 1]
Twc:
[0.99748927, -0.03861833, 0.059361279, 0.094204798;
 0.038353376, 0.99924856, 0.0055967243, -0.14838843;
 -0.05953281, -0.0033059672, 0.99822086, -1.9199842;
 0, 0, 0, 1]
Ow:
[-0.20257913;
 0.14556755;
 1.9118067]
Keyframe: 65 Frame: 541 Frame from vFrameID : 542
Tcw:
[0.99968272, 0.022624519, -0.011070395, -0.21067458;
 -0.022589235, 0.99973935, 0.0033018945, 0.14696257;
 0.011142214, -0.0030507753, 0.99993324, 1.9473993;
 0, 0, 0, 1]
Twc:
[0.99968272, -0.022589235, 0.011142214, 0.19222918;
 0.022624519, 0.99973935, -0.0030507753, -0.13621679;
 -0.011070395, 0.0033018945, 0.99993324, -1.9500868;
 0, 0, 0, 1]
Ow:
[-0.21067458;
 0.14696257;
 1.9473993]
Keyframe: 66 Frame: 545 Frame from vFrameID : 546
Tcw:
[0.99962908, 0.027178811, -0.0017292446, -0.21233056;
 -0.027166279, 0.99960715, 0.0068985331, 0.15241984;
 0.0019160592, -0.006848997, 0.99997473, 1.9790254;
 0, 0, 0, 1]
Twc:
[0.99962908, -0.027166279, 0.0019160592, 0.21260056;
 0.027178811, 0.99960715, -0.006848997, -0.13303471;
 -0.0017292446, 0.0068985331, 0.99997473, -1.9803939;
 0, 0, 0, 1]
Ow:
[-0.21233056;
 0.15241984;
 1.9790254]
Keyframe: 67 Frame: 550 Frame from vFrameID : 551
Tcw:
[0.99822617, 0.030128455, -0.051350173, -0.21271048;
 -0.031020742, 0.99937975, -0.016668839, 0.15501563;
 0.050816115, 0.018232193, 0.99854159, 2.0201035;
 0, 0, 0, 1]
Twc:
[0.99822617, -0.031020742, 0.050816115, 0.11448806;
 0.030128455, 0.99937975, 0.018232193, -0.18534176;
 -0.051350173, -0.016668839, 0.99854159, -2.025496;
 0, 0, 0, 1]
Ow:
[-0.21271048;
 0.15501563;
 2.0201035]
Keyframe: 68 Frame: 555 Frame from vFrameID : 556
Tcw:
[0.99563956, 0.038826771, -0.084819317, -0.20926304;
 -0.039298587, 0.99921989, -0.0038993962, 0.15525559;
 0.084601752, 0.0072156726, 0.99638873, 2.0526776;
 0, 0, 0, 1]
Twc:
[0.99563956, -0.039298587, 0.084601752, 0.040791772;
 0.038826771, 0.99921989, 0.0072156726, -0.16182092;
 -0.084819317, -0.0038993962, 0.99638873, -2.0624089;
 0, 0, 0, 1]
Ow:
[-0.20926304;
 0.15525559;
 2.0526776]
Keyframe: 69 Frame: 560 Frame from vFrameID : 561
Tcw:
[0.99511105, 0.053755939, -0.082851075, -0.20840508;
 -0.053745739, 0.99855191, 0.0023550375, 0.15795137;
 0.082857691, 0.0021093681, 0.99655914, 2.0809455;
 0, 0, 0, 1]
Twc:
[0.99511105, -0.053745739, 0.082857691, 0.043453064;
 0.053755939, 0.99855191, 0.0021093681, -0.1509091;
 -0.082851075, 0.0023550375, 0.99655914, -2.0914237;
 0, 0, 0, 1]
Ow:
[-0.20840508;
 0.15795137;
 2.0809455]
Keyframe: 70 Frame: 565 Frame from vFrameID : 566
Tcw:
[0.99726921, 0.034064658, -0.065526128, -0.21445471;
 -0.03405467, 0.99941915, 0.0012696605, 0.16234724;
 0.065531321, 0.00096527737, 0.99785006, 2.1214392;
 0, 0, 0, 1]
Twc:
[0.99726921, -0.03405467, 0.065531321, 0.080377057;
 0.034064658, 0.99941915, 0.00096527737, -0.1569954;
 -0.065526128, 0.0012696605, 0.99785006, -2.1311369;
 0, 0, 0, 1]
Ow:
[-0.21445471;
 0.16234724;
 2.1214392]
Keyframe: 71 Frame: 571 Frame from vFrameID : 572
Tcw:
[0.99920267, 0.037637301, -0.013319322, -0.22101665;
 -0.037713062, 0.99927354, -0.005483232, 0.16506483;
 0.013103272, 0.0059811729, 0.99989629, 2.1648972;
 0, 0, 0, 1]
Twc:
[0.99920267, -0.037713062, 0.013103272, 0.1986983;
 0.037637301, 0.99927354, 0.0059811729, -0.16957507;
 -0.013319322, -0.005483232, 0.99989629, -2.1667113;
 0, 0, 0, 1]
Ow:
[-0.22101665;
 0.16506483;
 2.1648972]
Keyframe: 72 Frame: 576 Frame from vFrameID : 577
Tcw:
[0.99969399, 0.023456093, 0.0078557655, -0.22688371;
 -0.02357319, 0.99960715, 0.015160567, 0.16774778;
 -0.0074970718, -0.015341113, 0.99985421, 2.2027285;
 0, 0, 0, 1]
Twc:
[0.99969399, -0.02357319, -0.0074970718, 0.24728265;
 0.023456093, 0.99960715, -0.015341113, -0.12856777;
 0.0078557655, 0.015160567, 0.99985421, -2.2031682;
 0, 0, 0, 1]
Ow:
[-0.22688371;
 0.16774778;
 2.2027285]
Keyframe: 73 Frame: 581 Frame from vFrameID : 582
Tcw:
[0.99931914, 0.031698436, -0.018880194, -0.23021491;
 -0.031323504, 0.99931252, 0.019833829, 0.17373931;
 0.019495916, -0.019228932, 0.99962503, 2.2404175;
 0, 0, 0, 1]
Twc:
[0.99931914, -0.031323504, 0.019495916, 0.19182131;
 0.031698436, 0.99931252, -0.019228932, -0.12324158;
 -0.018880194, 0.019833829, 0.99962503, -2.2473698;
 0, 0, 0, 1]
Ow:
[-0.23021491;
 0.17373931;
 2.2404175]
Keyframe: 74 Frame: 585 Frame from vFrameID : 586
Tcw:
[0.99800813, 0.039823789, -0.048927039, -0.23081957;
 -0.039904203, 0.99920326, -0.00066747115, 0.17407002;
 0.048861474, 0.0026185361, 0.99880213, 2.2695618;
 0, 0, 0, 1]
Twc:
[0.99800813, -0.039904203, 0.048861474, 0.1264118;
 0.039823789, 0.99920326, 0.0026185361, -0.17068216;
 -0.048927039, -0.00066747115, 0.99880213, -2.2780201;
 0, 0, 0, 1]
Ow:
[-0.23081957;
 0.17407002;
 2.2695618]
Keyframe: 75 Frame: 590 Frame from vFrameID : 591
Tcw:
[0.99656963, 0.04497667, -0.069470048, -0.23098451;
 -0.044736516, 0.99898624, 0.0050097066, 0.17424963;
 0.069624946, -0.0018846734, 0.99757147, 2.3018701;
 0, 0, 0, 1]
Twc:
[0.99656963, -0.044736516, 0.069624946, 0.077719882;
 0.04497667, 0.99898624, -0.0018846734, -0.15934581;
 -0.069470048, 0.0050097066, 0.99757147, -2.3131993;
 0, 0, 0, 1]
Ow:
[-0.23098451;
 0.17424963;
 2.3018701]
Keyframe: 76 Frame: 595 Frame from vFrameID : 596
Tcw:
[0.99728507, 0.040765628, -0.061324149, -0.23544195;
 -0.041079026, 0.99914843, -0.0038579735, 0.17852324;
 0.061114654, 0.0063666357, 0.99811047, 2.3390067;
 0, 0, 0, 1]
Twc:
[0.99728507, -0.041079026, 0.061114654, 0.09918873;
 0.040765628, 0.99914843, 0.0063666357, -0.18366489;
 -0.061324149, -0.0038579735, 0.99811047, -2.3483365;
 0, 0, 0, 1]
Ow:
[-0.23544195;
 0.17852324;
 2.3390067]
Keyframe: 77 Frame: 600 Frame from vFrameID : 601
Tcw:
[0.99896085, 0.026077658, -0.037378784, -0.23905714;
 -0.027181193, 0.99920028, -0.029325299, 0.17850716;
 0.036584157, 0.030310825, 0.99887079, 2.3776422;
 0, 0, 0, 1]
Twc:
[0.99896085, -0.027181193, 0.036584157, 0.15667672;
 0.026077658, 0.99920028, 0.030310825, -0.24419867;
 -0.037378784, -0.029325299, 0.99887079, -2.3786583;
 0, 0, 0, 1]
Ow:
[-0.23905714;
 0.17850716;
 2.3776422]
Keyframe: 78 Frame: 605 Frame from vFrameID : 606
Tcw:
[0.99981523, 0.014888292, -0.012159406, -0.24981721;
 -0.015180206, 0.99958998, -0.0242786, 0.18038639;
 0.011792953, 0.024458697, 0.99963129, 2.406132;
 0, 0, 0, 1]
Twc:
[0.99981523, -0.015180206, 0.011792953, 0.22413395;
 0.014888292, 0.99958998, 0.024458697, -0.23544392;
 -0.012159406, -0.0242786, 0.99963129, -2.403903;
 0, 0, 0, 1]
Ow:
[-0.24981721;
 0.18038639;
 2.406132]
Keyframe: 79 Frame: 610 Frame from vFrameID : 611
Tcw:
[0.99977344, 0.010774048, -0.018356245, -0.25352675;
 -0.011074934, 0.99980468, -0.016369412, 0.18505144;
 0.018176295, 0.016568998, 0.99969751, 2.440938;
 0, 0, 0, 1]
Twc:
[0.99977344, -0.011074934, 0.018176295, 0.21115153;
 0.010774048, 0.99980468, 0.016568998, -0.22272769;
 -0.018356245, -0.016369412, 0.99969751, -2.4418242;
 0, 0, 0, 1]
Ow:
[-0.25352675;
 0.18505144;
 2.440938]
Keyframe: 80 Frame: 614 Frame from vFrameID : 615
Tcw:
[0.99789405, 0.02920956, -0.057916366, -0.24863952;
 -0.030482998, 0.99930984, -0.021227192, 0.19224316;
 0.057256356, 0.022947952, 0.99809575, 2.4688363;
 0, 0, 0, 1]
Twc:
[0.99789405, -0.030482998, 0.057256356, 0.11261947;
 0.02920956, 0.99930984, 0.022947952, -0.24150257;
 -0.057916366, -0.021227192, 0.99809575, -2.4744544;
 0, 0, 0, 1]
Ow:
[-0.24863952;
 0.19224316;
 2.4688363]
Keyframe: 81 Frame: 620 Frame from vFrameID : 621
Tcw:
[0.99463212, 0.030828658, -0.098775156, -0.24644554;
 -0.033757608, 0.9990344, -0.028119544, 0.19329017;
 0.097812891, 0.031303015, 0.99471241, 2.5029926;
 0, 0, 0, 1]
Twc:
[0.99463212, -0.033757608, 0.097812891, 0.0068227127;
 0.030828658, 0.9990344, 0.031303015, -0.26385716;
 -0.098775156, -0.028119544, 0.99471241, -2.5086653;
 0, 0, 0, 1]
Ow:
[-0.24644554;
 0.19329017;
 2.5029926]
Keyframe: 82 Frame: 625 Frame from vFrameID : 626
Tcw:
[0.99398828, 0.021785995, -0.10729689, -0.25261736;
 -0.023086412, 0.99967414, -0.010892468, 0.19524018;
 0.10702462, 0.013304085, 0.99416733, 2.5324638;
 0, 0, 0, 1]
Twc:
[0.99398828, -0.023086412, 0.10702462, -0.015429916;
 0.021785995, 0.99967414, 0.013304085, -0.22336517;
 -0.10729689, -0.010892468, 0.99416733, -2.5426714;
 0, 0, 0, 1]
Ow:
[-0.25261736;
 0.19524018;
 2.5324638]
Keyframe: 83 Frame: 630 Frame from vFrameID : 631
Tcw:
[0.99568796, 0.013388646, -0.091794774, -0.25851181;
 -0.014902079, 0.99976379, -0.015821578, 0.19953288;
 0.091561265, 0.017121289, 0.99565226, 2.5663843;
 0, 0, 0, 1]
Twc:
[0.99568796, -0.014902079, 0.091561265, 0.02538914;
 0.013388646, 0.99976379, 0.017121289, -0.23996443;
 -0.091794774, -0.015821578, 0.99565226, -2.5757995;
 0, 0, 0, 1]
Ow:
[-0.25851181;
 0.19953288;
 2.5663843]
Keyframe: 84 Frame: 634 Frame from vFrameID : 635
Tcw:
[0.9978745, 0.010842078, -0.064257011, -0.26497924;
 -0.012793302, 0.99946702, -0.03003267, 0.20065147;
 0.063897148, 0.030790893, 0.99748135, 2.5918872;
 0, 0, 0, 1]
Twc:
[0.9978745, -0.012793302, 0.063897148, 0.10136882;
 0.010842078, 0.99946702, 0.030790893, -0.27747813;
 -0.064257011, -0.03003267, 0.99748135, -2.59636;
 0, 0, 0, 1]
Ow:
[-0.26497924;
 0.20065147;
 2.5918872]
Keyframe: 85 Frame: 639 Frame from vFrameID : 640
Tcw:
[0.99925345, 0.014575088, -0.035778314, -0.26392901;
 -0.014843958, 0.99986345, -0.0072607766, 0.20587128;
 0.035667602, 0.0077864481, 0.99933338, 2.6215899;
 0, 0, 0, 1]
Twc:
[0.99925345, -0.014843958, 0.035667602, 0.17328209;
 0.014575088, 0.99986345, 0.0077864481, -0.22240926;
 -0.035778314, -0.0072607766, 0.99933338, -2.6277905;
 0, 0, 0, 1]
Ow:
[-0.26392901;
 0.20587128;
 2.6215899]
Keyframe: 86 Frame: 643 Frame from vFrameID : 644
Tcw:
[0.99919945, 0.00057186087, -0.040001065, -0.26844555;
 -0.0011357485, 0.99990028, -0.014075511, 0.2095335;
 0.039989024, 0.014109674, 0.99910051, 2.6497512;
 0, 0, 0, 1]
Twc:
[0.99919945, -0.0011357485, 0.039989024, 0.16250765;
 0.00057186087, 0.99990028, 0.014109674, -0.24674621;
 -0.040001065, -0.014075511, 0.99910051, -2.6551564;
 0, 0, 0, 1]
Ow:
[-0.26844555;
 0.2095335;
 2.6497512]
Keyframe: 87 Frame: 647 Frame from vFrameID : 648
Tcw:
[0.9974671, 0.015261892, -0.06947241, -0.26820192;
 -0.016057841, 0.99981153, -0.01091302, 0.21477172;
 0.069292761, 0.012000956, 0.9975242, 2.6699219;
 0, 0, 0, 1]
Twc:
[0.9974671, -0.016057841, 0.069292761, 0.085965119;
 0.015261892, 0.99981153, 0.012000956, -0.24267957;
 -0.06947241, -0.01091302, 0.9975242, -2.6796005;
 0, 0, 0, 1]
Ow:
[-0.26820192;
 0.21477172;
 2.6699219]
Keyframe: 88 Frame: 651 Frame from vFrameID : 652
Tcw:
[0.99211222, 0.034493752, -0.12051362, -0.26104757;
 -0.03798461, 0.99891913, -0.026789721, 0.21389695;
 0.11945929, 0.031156072, 0.9923501, 2.6987457;
 0, 0, 0, 1]
Twc:
[0.99211222, -0.03798461, 0.11945929, -0.055276968;
 0.034493752, 0.99891913, 0.031156072, -0.28874356;
 -0.12051362, -0.026789721, 0.9923501, -2.7038302;
 0, 0, 0, 1]
Ow:
[-0.26104757;
 0.21389695;
 2.6987457]
Keyframe: 89 Frame: 655 Frame from vFrameID : 656
Tcw:
[0.9912287, 0.019178422, -0.13075882, -0.26354134;
 -0.021690395, 0.99960601, -0.017813515, 0.21684933;
 0.13036568, 0.020493478, 0.99125415, 2.7239733;
 0, 0, 0, 1]
Twc:
[0.9912287, -0.021690395, 0.13036568, -0.089179307;
 0.019178422, 0.99960601, 0.020493478, -0.26753327;
 -0.13075882, -0.017813515, 0.99125415, -2.7307472;
 0, 0, 0, 1]
Ow:
[-0.26354134;
 0.21684933;
 2.7239733]
Keyframe: 90 Frame: 659 Frame from vFrameID : 660
Tcw:
