Keyframe: 0 Frame: 0 Frame from vFrameID : 85
Tcw:
[1, 0, 0, 0;
 0, 1, 0, 0;
 0, 0, 1, 0;
 0, 0, 0, 1]
Twc:
[1, 0, 0, 0;
 0, 1, 0, 0;
 0, 0, 1, 0;
 0, 0, 0, 1]
Ow:
[0;
 0;
 0]
Keyframe: 1 Frame: 84 Frame from vFrameID : 85
Tcw:
[0.99958992, 0.011430454, -0.026254581, 0.0070125735;
 -0.011777415, 0.99984485, -0.013098828, -0.0033662417;
 0.026100783, 0.013402669, 0.99956948, 0.031469587;
 0, 0, 0, 1]
Twc:
[0.99958992, -0.011777415, 0.026100783, -0.0078707244;
 0.011430454, 0.99984485, 0.013402669, 0.002863786;
 -0.026254581, -0.013098828, 0.99956948, -0.03131602;
 0, 0, 0, 1]
Ow:
[0.0070125735;
 -0.0033662417;
 0.031469587]
Keyframe: 2 Frame: 86 Frame from vFrameID : 87
Tcw:
[0.99931109, 0.011271561, -0.035359357, 0.0090931766;
 -0.011743283, 0.99984443, -0.013161608, -0.004053751;
 0.035205502, 0.013567776, 0.99928796, 0.038773227;
 0, 0, 0, 1]
Twc:
[0.99931109, -0.011743283, 0.035205502, -0.010499548;
 0.011271561, 0.99984443, 0.013567776, 0.0034245593;
 -0.035359357, -0.013161608, 0.99928796, -0.038477447;
 0, 0, 0, 1]
Ow:
[0.0090931766;
 -0.004053751;
 0.038773227]
Keyframe: 3 Frame: 88 Frame from vFrameID : 89
Tcw:
[0.99842882, 0.021462327, -0.051761895, 0.012040952;
 -0.022769518, 0.99943316, -0.024797807, -0.010274465;
 0.051200338, 0.025937438, 0.99835151, 0.066018701;
 0, 0, 0, 1]
Twc:
[0.99842882, -0.022769518, 0.051200338, -0.015636157;
 0.021462327, 0.99943316, 0.025937438, 0.0082978578;
 -0.051761895, -0.024797807, 0.99835151, -0.065541387;
 0, 0, 0, 1]
Ow:
[0.012040952;
 -0.010274465;
 0.066018701]
Keyframe: 4 Frame: 90 Frame from vFrameID : 91
Tcw:
[0.99793905, 0.019661775, -0.061082594, 0.012784928;
 -0.021690285, 0.99922901, -0.032725632, -0.0095852241;
 0.060392056, 0.033983085, 0.99759609, 0.080597222;
 0, 0, 0, 1]
Twc:
[0.99793905, -0.021690285, 0.060392056, -0.017833918;
 0.019661775, 0.99922901, 0.033983085, 0.0065875174;
 -0.061082594, -0.032725632, 0.99759609, -0.079936214;
 0, 0, 0, 1]
Ow:
[0.012784928;
 -0.0095852241;
 0.080597222]
Keyframe: 5 Frame: 92 Frame from vFrameID : 93
Tcw:
[0.99783283, 0.017378725, -0.063463479, 0.012469614;
 -0.019348986, 0.99934554, -0.030564094, -0.010523839;
 0.062890776, 0.031725809, 0.99751604, 0.08979784;
 0, 0, 0, 1]
Twc:
[0.99783283, -0.019348986, 0.062890776, -0.018293671;
 0.017378725, 0.99934554, 0.031725809, 0.0074513359;
 -0.063463479, -0.030564094, 0.99751604, -0.08910507;
 0, 0, 0, 1]
Ow:
[0.012469614;
 -0.010523839;
 0.08979784]
Keyframe: 6 Frame: 95 Frame from vFrameID : 96
Tcw:
[0.99778533, 0.02613431, -0.061167736, 0.017428227;
 -0.027736517, 0.99929017, -0.025492691, -0.0047499426;
 0.060458079, 0.027132813, 0.9978019, 0.1273118;
 0, 0, 0, 1]
Twc:
[0.99778533, -0.027736517, 0.060458079, -0.025218399;
 0.02613431, 0.99929017, 0.027132813, 0.000836769;
 -0.061167736, -0.025492691, 0.9978019, -0.126087;
 0, 0, 0, 1]
Ow:
[0.017428227;
 -0.0047499426;
 0.1273118]
Keyframe: 7 Frame: 98 Frame from vFrameID : 99
Tcw:
[0.9984681, 0.025313005, -0.049200438, 0.014927488;
 -0.026198681, 0.99950463, -0.017440548, -0.0017570371;
 0.048734594, 0.018702818, 0.99863666, 0.14887409;
 0, 0, 0, 1]
Twc:
[0.9984681, -0.026198681, 0.048734594, -0.022205971;
 0.025313005, 0.99950463, 0.018702818, -0.0014060579;
 -0.049200438, -0.017440548, 0.99863666, -0.14796732;
 0, 0, 0, 1]
Ow:
[0.014927488;
 -0.0017570371;
 0.14887409]
Keyframe: 8 Frame: 101 Frame from vFrameID : 102
Tcw:
[0.99924517, 0.028763093, -0.026111405, 0.012328506;
 -0.029301068, 0.99936122, -0.020459615, 0.0014207063;
 0.025506245, 0.021209264, 0.99944967, 0.18542084;
 0, 0, 0, 1]
Twc:
[0.99924517, -0.029301068, 0.025506245, -0.01700696;
 0.028763093, 0.99936122, 0.021209264, -0.0057070437;
 -0.026111405, -0.020459615, 0.99944967, -0.1849678;
 0, 0, 0, 1]
Ow:
[0.012328506;
 0.0014207063;
 0.18542084]
Keyframe: 9 Frame: 104 Frame from vFrameID : 105
Tcw:
[0.99975002, 0.021948382, -0.0042685228, 0.012872349;
 -0.022067327, 0.99930125, -0.030165842, 0.0039421958;
 0.0036034491, 0.030252496, 0.9995358, 0.21871196;
 0, 0, 0, 1]
Twc:
[0.99975002, -0.022067327, 0.0036034491, -0.013570254;
 0.021948382, 0.99930125, 0.030252496, -0.010838551;
 -0.0042685228, -0.030165842, 0.9995358, -0.21843657;
 0, 0, 0, 1]
Ow:
[0.012872349;
 0.0039421958;
 0.21871196]
Keyframe: 10 Frame: 107 Frame from vFrameID : 108
Tcw:
[0.99981123, 0.0086733736, 0.017386397, 0.01256695;
 -0.0083298413, 0.99977058, -0.019734627, 1.3228506e-05;
 -0.017553573, 0.019586075, 0.99965405, 0.25246364;
 0, 0, 0, 1]
Twc:
[0.99981123, -0.0083298413, -0.017553573, -0.0081328284;
 0.0086733736, 0.99977058, 0.019586075, -0.005066995;
 0.017386397, -0.019734627, 0.99965405, -0.25259453;
 0, 0, 0, 1]
Ow:
[0.01256695;
 1.3228506e-05;
 0.25246364]
Keyframe: 11 Frame: 110 Frame from vFrameID : 111
Tcw:
[0.99889135, 0.007736891, 0.046434503, 0.011520163;
 -0.0069555398, 0.99983191, -0.016964998, 0.0019655568;
 -0.046557955, 0.016623214, 0.99877727, 0.28628531;
 0, 0, 0, 1]
Twc:
[0.99889135, -0.0069555398, -0.046557955, 0.0018351385;
 0.007736891, 0.99983191, 0.016623214, -0.0068133385;
 0.046434503, -0.016964998, 0.99877727, -0.28643686;
 0, 0, 0, 1]
Ow:
[0.011520163;
 0.0019655568;
 0.28628531]
Keyframe: 12 Frame: 113 Frame from vFrameID : 114
Tcw:
[0.9987697, 0.0058606784, 0.049241282, 0.011033148;
 -0.0052025318, 0.99989557, -0.013483299, 0.0053258301;
 -0.049315162, 0.013210531, 0.99869591, 0.31970331;
 0, 0, 0, 1]
Twc:
[0.9987697, -0.0052025318, -0.049315162, 0.0047743525;
 0.0058606784, 0.99989557, 0.013210531, -0.0096133864;
 0.049241282, -0.013483299, 0.99869591, -0.31975785;
 0, 0, 0, 1]
Ow:
[0.011033148;
 0.0053258301;
 0.31970331]
Keyframe: 13 Frame: 117 Frame from vFrameID : 118
Tcw:
[0.99960709, 0.0035961329, 0.027797524, 0.0079842675;
 -0.0029462448, 0.99972218, -0.023385057, 0.0083861351;
 -0.027873896, 0.023293972, 0.99934, 0.35288343;
 0, 0, 0, 1]
Twc:
[0.99960709, -0.0029462448, -0.027873896, 0.0018798136;
 0.0035961329, 0.99972218, 0.023293972, -0.016632576;
 0.027797524, -0.023385057, 0.99934, -0.35267636;
 0, 0, 0, 1]
Ow:
[0.0079842675;
 0.0083861351;
 0.35288343]
Keyframe: 14 Frame: 120 Frame from vFrameID : 121
Tcw:
[0.99973714, 0.014888129, -0.017434875, 0.0039228764;
 -0.015221869, 0.99970037, -0.019168405, 0.0053836065;
 0.017144268, 0.019428758, 0.99966425, 0.39762667;
 0, 0, 0, 1]
Twc:
[0.99973714, -0.015221869, 0.017144268, -0.010656916;
 0.014888129, 0.99970037, 0.019428758, -0.01316579;
 -0.017434875, -0.019168405, 0.99966425, -0.39732155;
 0, 0, 0, 1]
Ow:
[0.0039228764;
 0.0053836065;
 0.39762667]
Keyframe: 15 Frame: 124 Frame from vFrameID : 125
Tcw:
[0.99931461, 0.0093098935, -0.035828777, 0.0018547392;
 -0.010731861, 0.99915391, -0.039702401, -0.0011192206;
 0.035428837, 0.040059697, 0.99856901, 0.42836425;
 0, 0, 0, 1]
Twc:
[0.99931461, -0.010731861, 0.035428837, -0.017041925;
 0.0093098935, 0.99915391, 0.040059697, -0.016059136;
 -0.035828777, -0.039702401, 0.99856901, -0.42772922;
 0, 0, 0, 1]
Ow:
[0.0018547392;
 -0.0011192206;
 0.42836425]
Keyframe: 16 Frame: 128 Frame from vFrameID : 129
Tcw:
[0.99930793, 0.015757797, -0.033695437, -0.00063527282;
 -0.01712795, 0.99902183, -0.04076853, -0.0043646861;
 0.033020057, 0.041317448, 0.9986003, 0.46728799;
 0, 0, 0, 1]
Twc:
[0.99930793, -0.01712795, 0.033020057, -0.014869799;
 0.015757797, 0.99902183, 0.041317448, -0.014936719;
 -0.033695437, -0.04076853, 0.9986003, -0.46683326;
 0, 0, 0, 1]
Ow:
[-0.00063527282;
 -0.0043646861;
 0.46728799]
Keyframe: 17 Frame: 132 Frame from vFrameID : 133
Tcw:
[0.99962497, 0.024365423, -0.012498102, -0.0030929453;
 -0.024823939, 0.99897134, -0.037947349, 0.00057463162;
 0.011560642, 0.038243368, 0.9992016, 0.51197904;
 0, 0, 0, 1]
Twc:
[0.99962497, -0.024823939, 0.011560642, -0.0028127574;
 0.024365423, 0.99897134, 0.038243368, -0.020078484;
 -0.012498102, -0.037947349, 0.9992016, -0.51158714;
 0, 0, 0, 1]
Ow:
[-0.0030929453;
 0.00057463162;
 0.51197904]
