Keyframe: 0 Frame: 0 Frame from vFrameID : 112
Tcw:
[1, 0, 0, 0;
 0, 1, 0, 0;
 0, 0, 1, 0;
 0, 0, 0, 1]
Twc:
[1, 0, 0, 0;
 0, 1, 0, 0;
 0, 0, 1, 0;
 0, 0, 0, 1]
Ow:
[0;
 0;
 0]
Keyframe: 1 Frame: 111 Frame from vFrameID : 112
Tcw:
[0.99971348, 0.016306339, -0.017524032, -0.025624003;
 -0.01668358, 0.99962747, -0.021600887, -0.055464894;
 0.017165272, 0.021887062, 0.99961311, -0.010340932;
 0, 0, 0, 1]
Twc:
[0.99971348, -0.01668358, 0.017165272, 0.024868812;
 0.016306339, 0.99962747, 0.021887062, 0.056088395;
 -0.017524032, -0.021600887, 0.99961311, 0.008689804;
 0, 0, 0, 1]
Ow:
[-0.025624003;
 -0.055464894;
 -0.010340932]
Keyframe: 2 Frame: 113 Frame from vFrameID : 114
Tcw:
[0.99984342, 0.016634464, 0.0060332841, -0.019025132;
 -0.016421758, 0.99929571, -0.033740047, -0.054094508;
 -0.0065902825, 0.033635687, 0.99941242, -0.0074268063;
 0, 0, 0, 1]
Twc:
[0.99984342, -0.016421758, -0.0065902825, 0.018084882;
 0.016634464, 0.99929571, 0.033635687, 0.054622687;
 0.0060332841, -0.033740047, 0.99941242, 0.0057120756;
 0, 0, 0, 1]
Ow:
[-0.019025132;
 -0.054094508;
 -0.0074268063]
Keyframe: 3 Frame: 115 Frame from vFrameID : 116
Tcw:
[0.9996202, 0.013101952, 0.024244392, -0.018266305;
 -0.012289715, 0.99936807, -0.033353072, -0.049928006;
 -0.024666062, 0.033042446, 0.9991495, -0.0011660035;
 0, 0, 0, 1]
Twc:
[0.9996202, -0.012289715, -0.024666062, 0.017617006;
 0.013101952, 0.99936807, 0.033042446, 0.050174303;
 0.024244392, -0.033353072, 0.9991495, -5.7384808e-05;
 0, 0, 0, 1]
Ow:
[-0.018266305;
 -0.049928006;
 -0.0011660035]
Keyframe: 4 Frame: 117 Frame from vFrameID : 118
Tcw:
[0.99959069, 0.011377247, 0.026247708, -0.017011974;
 -0.010645956, 0.99955583, -0.027834639, -0.05060358;
 -0.026552731, 0.027543815, 0.99926788, 0.0033663679;
 0, 0, 0, 1]
Twc:
[0.99959069, -0.010645956, -0.026552731, 0.016555674;
 0.011377247, 0.99955583, 0.027543815, 0.050681934;
 0.026247708, -0.027834639, 0.99926788, -0.0043259105;
 0, 0, 0, 1]
Ow:
[-0.017011974;
 -0.05060358;
 0.0033663679]
Keyframe: 5 Frame: 119 Frame from vFrameID : 120
Tcw:
[0.99935722, 0.017989844, 0.031008681, -0.015949117;
 -0.017250912, 0.99956465, -0.02393485, -0.054825585;
 -0.031425767, 0.023384538, 0.99923247, 0.010981462;
 0, 0, 0, 1]
Twc:
[0.99935722, -0.017250912, -0.031425767, 0.015338175;
 0.017989844, 0.99956465, 0.023384538, 0.054831844;
 0.031008681, -0.02393485, 0.99923247, -0.011790715;
 0, 0, 0, 1]
Ow:
[-0.015949117;
 -0.054825585;
 0.010981462]
Keyframe: 6 Frame: 121 Frame from vFrameID : 122
Tcw:
[0.99913549, 0.027761621, 0.030945254, -0.016036689;
 -0.026793305, 0.99915153, -0.031278666, -0.058156818;
 -0.031787343, 0.030422499, 0.99903154, 0.015460511;
 0, 0, 0, 1]
Twc:
[0.99913549, -0.026793305, -0.031787343, 0.01495606;
 0.027761621, 0.99915153, 0.030422499, 0.058082331;
 0.030945254, -0.031278666, 0.99903154, -0.016768346;
 0, 0, 0, 1]
Ow:
[-0.016036689;
 -0.058156818;
 0.015460511]
Keyframe: 7 Frame: 123 Frame from vFrameID : 124
Tcw:
[0.99919367, 0.031012982, 0.02549885, -0.020581445;
 -0.030093476, 0.99890983, -0.035686377, -0.057784438;
 -0.026577793, 0.034890253, 0.99903768, 0.019048572;
 0, 0, 0, 1]
Twc:
[0.99919367, -0.030093476, -0.026577793, 0.019332184;
 0.031012982, 0.99890983, 0.034890253, 0.057695124;
 0.02549885, -0.035686377, 0.99903768, -0.020567555;
 0, 0, 0, 1]
Ow:
[-0.020581445;
 -0.057784438;
 0.019048572]
Keyframe: 8 Frame: 125 Frame from vFrameID : 126
Tcw:
[0.9992609, 0.038042653, 0.0055126864, -0.025106335;
 -0.037853677, 0.99879998, -0.031074753, -0.059821755;
 -0.0066882377, 0.030843111, 0.99950188, 0.022386974;
 0, 0, 0, 1]
Twc:
[0.9992609, -0.037853677, -0.0066882377, 0.022973036;
 0.038042653, 0.99879998, 0.030843111, 0.060014598;
 0.0055126864, -0.031074753, 0.99950188, -0.024096364;
 0, 0, 0, 1]
Ow:
[-0.025106335;
 -0.059821755;
 0.022386974]
Keyframe: 9 Frame: 127 Frame from vFrameID : 128
Tcw:
[0.99911505, 0.041846607, -0.0042341948, -0.029134948;
 -0.041957177, 0.99864721, -0.030714562, -0.061273444;
 0.0029431665, 0.030865036, 0.99951923, 0.024187051;
 0, 0, 0, 1]
Twc:
[0.99911505, -0.041957177, 0.0029431665, 0.026467118;
 0.041846607, 0.99864721, 0.030865036, 0.061663218;
 -0.0042341948, -0.030714562, 0.99951923, -0.026180774;
 0, 0, 0, 1]
Ow:
[-0.029134948;
 -0.061273444;
 0.024187051]
Keyframe: 10 Frame: 129 Frame from vFrameID : 130
Tcw:
[0.99864709, 0.038059369, -0.035432428, -0.037367158;
 -0.03924666, 0.99866986, -0.033438787, -0.059229553;
 0.03411264, 0.034784153, 0.9988125, 0.026796121;
 0, 0, 0, 1]
Twc:
[0.99864709, -0.03924666, 0.03411264, 0.034077954;
 0.038059369, 0.99866986, 0.034784153, 0.059640862;
 -0.035432428, -0.033438787, 0.9988125, -0.030068874;
 0, 0, 0, 1]
Ow:
[-0.037367158;
 -0.059229553;
 0.026796121]
Keyframe: 11 Frame: 131 Frame from vFrameID : 132
Tcw:
[0.99801886, 0.037151903, -0.050775036, -0.03845473;
 -0.038870949, 0.99868929, -0.033298552, -0.05724746;
 0.049471378, 0.035206258, 0.99815482, 0.027730959;
 0, 0, 0, 1]
Twc:
[0.99801886, -0.038870949, 0.049471378, 0.034781393;
 0.037151903, 0.99868929, 0.035206258, 0.057624787;
 -0.050775036, -0.033298552, 0.99815482, -0.031538587;
 0, 0, 0, 1]
Ow:
[-0.03845473;
 -0.05724746;
 0.027730959]
Keyframe: 12 Frame: 133 Frame from vFrameID : 134
Tcw:
[0.9977991, 0.036683165, -0.055238787, -0.037079513;
 -0.038525742, 0.99872345, -0.032669336, -0.054903194;
 0.053969856, 0.034725547, 0.99793857, 0.027732765;
 0, 0, 0, 1]
Twc:
[0.9977991, -0.038525742, 0.053969856, 0.033385981;
 0.036683165, 0.99872345, 0.034725547, 0.055230264;
 -0.055238787, -0.032669336, 0.99793857, -0.031517476;
 0, 0, 0, 1]
Ow:
[-0.037079513;
 -0.054903194;
 0.027732765]
Keyframe: 13 Frame: 135 Frame from vFrameID : 136
Tcw:
[0.99789834, 0.033272605, -0.055604223, -0.033250697;
 -0.034747675, 0.99906367, -0.025774946, -0.051821999;
 0.054694563, 0.027652893, 0.99812013, 0.029196041;
 0, 0, 0, 1]
Twc:
[0.99789834, -0.034747675, 0.054694563, 0.029783256;
 0.033272605, 0.99906367, 0.027652893, 0.052072462;
 -0.055604223, -0.025774946, 0.99812013, -0.032325745;
 0, 0, 0, 1]
Ow:
[-0.033250697;
 -0.051821999;
 0.029196041]
Keyframe: 14 Frame: 137 Frame from vFrameID : 138
Tcw:
[0.99863213, 0.028627705, -0.043753505, -0.025817269;
 -0.029417466, 0.99941379, -0.017514115, -0.050806813;
 0.043226466, 0.018777275, 0.99888885, 0.030109152;
 0, 0, 0, 1]
Twc:
[0.99863213, -0.029417466, 0.043226466, 0.022985833;
 0.028627705, 0.99941379, 0.018777275, 0.050950751;
 -0.043753505, -0.017514115, 0.99888885, -0.032095127;
 0, 0, 0, 1]
Ow:
[-0.025817269;
 -0.050806813;
 0.030109152]
Keyframe: 15 Frame: 140 Frame from vFrameID : 141
Tcw:
[0.9996466, 0.023522872, -0.012384987, -0.0085437931;
 -0.023715988, 0.9995957, -0.015683863, -0.051147033;
 0.012011049, 0.015972042, 0.99980026, 0.026759533;
 0, 0, 0, 1]
Twc:
[0.9996466, -0.023715988, 0.012011049, 0.0070063611;
 0.023522872, 0.9995957, 0.015972042, 0.050899923;
 -0.012384987, -0.015683863, 0.99980026, -0.027662188;
 0, 0, 0, 1]
Ow:
[-0.0085437931;
 -0.051147033;
 0.026759533]
Keyframe: 16 Frame: 143 Frame from vFrameID : 144
Tcw:
[0.99969965, 0.018644296, 0.015906408, 0.0017083873;
 -0.018396229, 0.99970901, -0.015601753, -0.049831577;
 -0.016192663, 0.01530445, 0.99975175, 0.024000324;
 0, 0, 0, 1]
Twc:
[0.99969965, -0.018396229, -0.016192663, -0.0022359579;
 0.018644296, 0.99970901, 0.01530445, 0.049417913;
 0.015906408, -0.015601753, 0.99975175, -0.024799;
 0, 0, 0, 1]
Ow:
[0.0017083873;
 -0.049831577;
 0.024000324]
Keyframe: 17 Frame: 146 Frame from vFrameID : 147
Tcw:
[0.99859726, 0.0060083214, 0.052606344, 0.017525215;
 -0.0051429467, 0.9998495, -0.016569953, -0.046961039;
 -0.052697983, 0.016276158, 0.99847782, 0.019367015;
 0, 0, 0, 1]
Twc:
[0.99859726, -0.0051429467, -0.052697983, -0.016721549;
 0.0060083214, 0.9998495, 0.016276158, 0.04653345;
 0.052606344, -0.016569953, 0.99847782, -0.021037616;
 0, 0, 0, 1]
Ow:
[0.017525215;
 -0.046961039;
 0.019367015]
Keyframe: 18 Frame: 149 Frame from vFrameID : 150
Tcw:
[0.99670494, -0.008099176, 0.080707036, 0.027286787;
 0.0094892038, 0.9998129, -0.016854487, -0.04189007;
 -0.080555424, 0.017564796, 0.99659538, 0.016858051;
 0, 0, 0, 1]
Twc:
[0.99670494, 0.0094892038, -0.080555424, -0.025441365;
 -0.008099176, 0.9998129, 0.017564796, 0.041807126;
 0.080707036, -0.016854487, 0.99659538, -0.019708926;
 0, 0, 0, 1]
Ow:
[0.027286787;
 -0.04189007;
 0.016858051]
Keyframe: 19 Frame: 152 Frame from vFrameID : 153
Tcw:
[0.99499267, -0.020367809, 0.097850278, 0.028756272;
 0.021670597, 0.99968988, -0.012269711, -0.038594641;
 -0.097570024, 0.014328747, 0.99512553, 0.015983824;
 0, 0, 0, 1]
Twc:
[0.99499267, 0.021670597, -0.097570024, -0.026216371;
 -0.020367809, 0.99968988, 0.014328747, 0.038939349;
 0.097850278, -0.012269711, 0.99512553, -0.019193264;
 0, 0, 0, 1]
Ow:
[0.028756272;
 -0.038594641;
 0.015983824]
Keyframe: 20 Frame: 155 Frame from vFrameID : 156
Tcw:
[0.99463516, -0.029551355, 0.099134088, 0.027888749;
 0.030859916, 0.99945533, -0.011692228, -0.034595951;
 -0.098734573, 0.014688771, 0.99500537, 0.017789364;
 0, 0, 0, 1]
Twc:
[0.99463516, 0.030859916, -0.098734573, -0.024915077;
 -0.029551355, 0.99945533, 0.014688771, 0.035139956;
 0.099134088, -0.011692228, 0.99500537, -0.020869743;
 0, 0, 0, 1]
Ow:
[0.027888749;
 -0.034595951;
 0.017789364]
Keyframe: 21 Frame: 158 Frame from vFrameID : 159
Tcw:
[0.99551374, -0.032132439, 0.088993676, 0.022862991;
 0.033241078, 0.99938679, -0.0110032, -0.030844424;
 -0.088585548, 0.013912083, 0.99597144, 0.019298472;
 0, 0, 0, 1]
Twc:
[0.99551374, 0.033241078, -0.088585548, -0.020025553;
 -0.032132439, 0.99938679, 0.013912083, 0.031291671;
 0.088993676, -0.0110032, 0.99597144, -0.021594776;
 0, 0, 0, 1]
Ow:
[0.022862991;
 -0.030844424;
 0.019298472]
Keyframe: 22 Frame: 161 Frame from vFrameID : 162
Tcw:
[0.99657339, -0.03146686, 0.076493673, 0.017948667;
 0.032189041, 0.99944794, -0.0082262075, -0.029455842;
 -0.076192595, 0.010660278, 0.99703616, 0.021279238;
 0, 0, 0, 1]
Twc:
[0.99657339, 0.032189041, -0.076192595, -0.015317689;
 -0.03146686, 0.99944794, 0.010660278, 0.029777529;
 0.076493673, -0.0082262075, 0.99703616, -0.022831438;
 0, 0, 0, 1]
Ow:
[0.017948667;
 -0.029455842;
 0.021279238]
Keyframe: 23 Frame: 164 Frame from vFrameID : 165
Tcw:
[0.99836433, -0.024958268, 0.051437393, 0.0095791966;
 0.025299864, 0.99966192, -0.006000516, -0.027671946;
 -0.051270239, 0.0072920597, 0.99865818, 0.025794201;
 0, 0, 0, 1]
Twc:
[0.99836433, 0.025299864, -0.051270239, -0.0075409561;
 -0.024958268, 0.99966192, 0.0072920597, 0.027713576;
 0.051437393, -0.006000516, 0.99865818, -0.026418364;
 0, 0, 0, 1]
Ow:
[0.0095791966;
 -0.027671946;
 0.025794201]
Keyframe: 24 Frame: 167 Frame from vFrameID : 168
Tcw:
[0.99959576, -0.010991689, 0.026219998, 0.00037691454;
 0.011075776, 0.99993396, -0.0030639162, -0.030399015;
 -0.026184589, 0.0033530844, 0.99965149, 0.027203139;
 0, 0, 0, 1]
Twc:
[0.99959576, 0.011075776, -0.026184589, 0.00067223352;
 -0.010991689, 0.99993396, 0.0033530844, 0.030309938;
 0.026219998, -0.0030639162, 0.99965149, -0.027296681;
 0, 0, 0, 1]
Ow:
[0.00037691454;
 -0.030399015;
 0.027203139]
Keyframe: 25 Frame: 170 Frame from vFrameID : 171
Tcw:
[0.99998093, 0.0057616951, 0.0022151289, -0.0065743448;
 -0.0057585216, 0.99998242, -0.0014364977, -0.034950122;
 -0.0022233664, 0.0014237144, 0.99999654, 0.029644961;
 0, 0, 0, 1]
Twc:
[0.99998093, -0.0057585216, -0.0022233664, 0.0064388704;
 0.0057616951, 0.99998242, 0.0014237144, 0.034945179;
 0.0022151289, -0.0014364977, 0.99999654, -0.0296805;
 0, 0, 0, 1]
Ow:
[-0.0065743448;
 -0.034950122;
 0.029644961]
Keyframe: 26 Frame: 173 Frame from vFrameID : 174
Tcw:
[0.99946988, 0.028967211, -0.014862092, -0.010209712;
 -0.029019382, 0.99957335, -0.0033066948, -0.047893789;
 0.014759966, 0.0037362305, 0.99988407, 0.029353663;
 0, 0, 0, 1]
Twc:
[0.99946988, -0.029019382, 0.014759966, 0.0083811926;
 0.028967211, 0.99957335, 0.0037362305, 0.04805943;
 -0.014862092, -0.0033066948, 0.99988407, -0.029660368;
 0, 0, 0, 1]
Ow:
[-0.010209712;
 -0.047893789;
 0.029353663]
Keyframe: 27 Frame: 176 Frame from vFrameID : 177
Tcw:
[0.9986071, 0.044936981, -0.027649866, -0.0133019;
 -0.045303438, 0.99889159, -0.012772708, -0.059712388;
 0.027045254, 0.014007552, 0.99953604, 0.028220121;
 0, 0, 0, 1]
Twc:
[0.9986071, -0.045303438, 0.027045254, 0.0098149749;
 0.044936981, 0.99889159, 0.014007552, 0.059848655;
 -0.027649866, -0.012772708, 0.99953604, -0.029337514;
 0, 0, 0, 1]
Ow:
[-0.0133019;
 -0.059712388;
 0.028220121]
Keyframe: 28 Frame: 180 Frame from vFrameID : 181
Tcw:
[0.99778497, 0.059925549, -0.028881237, -0.0083071599;
 -0.060557753, 0.99793237, -0.021535508, -0.0705778;
 0.027530994, 0.023236789, 0.99935085, 0.027228152;
 0, 0, 0, 1]
Twc:
[0.99778497, -0.060557753, 0.027530994, 0.0032651075;
 0.059925549, 0.99793237, 0.023236789, 0.070296988;
 -0.028881237, -0.021535508, 0.99935085, -0.028970327;
 0, 0, 0, 1]
Ow:
[-0.0083071599;
 -0.0705778;
 0.027228152]
Keyframe: 29 Frame: 184 Frame from vFrameID : 185
Tcw:
[0.9981485, 0.055515517, -0.024851803, -0.0053456854;
 -0.055656444, 0.9984374, -0.0050148647, -0.08029706;
 0.024534566, 0.0063887425, 0.99967855, 0.034430839;
 0, 0, 0, 1]
Twc:
[0.9981485, -0.055656444, 0.024534566, 2.1993936e-05;
 0.055515517, 0.9984374, 0.0063887425, 0.080248378;
 -0.024851803, -0.0050148647, 0.99967855, -0.0349553;
 0, 0, 0, 1]
Ow:
[-0.0053456854;
 -0.08029706;
 0.034430839]
Keyframe: 30 Frame: 187 Frame from vFrameID : 188
Tcw:
[0.99875373, 0.0491019, -0.0089422502, 0.00053947116;
 -0.049116112, 0.99879211, -0.0013764406, -0.090824082;
 0.0088638626, 0.0018139338, 0.99995905, 0.038069185;
 0, 0, 0, 1]
Twc:
[0.99875373, -0.049116112, 0.0088638626, -0.0053371647;
 0.0491019, 0.99879211, 0.0018139338, 0.090618834;
 -0.0089422502, -0.0013764406, 0.99995905, -0.038187817;
 0, 0, 0, 1]
Ow:
[0.00053947116;
 -0.090824082;
 0.038069185]
Keyframe: 31 Frame: 190 Frame from vFrameID : 191
Tcw:
[0.99865645, 0.048471518, 0.018323714, 0.013016082;
 -0.048317801, 0.99879378, -0.0087408135, -0.10094232;
 -0.018725293, 0.0078437086, 0.99979389, 0.042788696;
 0, 0, 0, 1]
Twc:
[0.99865645, -0.048317801, -0.018725293, -0.017074674;
 0.048471518, 0.99879378, 0.0078437086, 0.09985403;
 0.018323714, -0.0087408135, 0.99979389, -0.043900698;
 0, 0, 0, 1]
Ow:
[0.013016082;
 -0.10094232;
 0.042788696]
Keyframe: 32 Frame: 193 Frame from vFrameID : 194
Tcw:
[0.99800795, 0.053333763, 0.033698794, 0.028612118;
 -0.053053867, 0.99854976, -0.0091467425, -0.11390498;
 -0.034137752, 0.0073406706, 0.99939018, 0.052770037;
 0, 0, 0, 1]
Twc:
[0.99800795, -0.053053867, -0.034137752, -0.032796774;
 0.053333763, 0.99854976, 0.0073406706, 0.11182643;
 0.033698794, -0.0091467425, 0.99939018, -0.054743908;
 0, 0, 0, 1]
Ow:
[0.028612118;
 -0.11390498;
 0.052770037]
Keyframe: 33 Frame: 197 Frame from vFrameID : 198
Tcw:
[0.99710619, 0.064538784, 0.040174801, 0.045153312;
 -0.063648179, 0.99770576, -0.023067374, -0.12921761;
 -0.041571371, 0.020443568, 0.99892634, 0.062123183;
 0, 0, 0, 1]
Twc:
[0.99710619, -0.063648179, -0.041571371, -0.050664566;
 0.064538784, 0.99770576, 0.020443568, 0.124737;
 0.040174801, -0.023067374, 0.99892634, -0.066851228;
 0, 0, 0, 1]
Ow:
[0.045153312;
 -0.12921761;
 0.062123183]
Keyframe: 34 Frame: 201 Frame from vFrameID : 202
Tcw:
[0.99505109, 0.096196674, 0.024890719, 0.067253456;
 -0.095528759, 0.99506688, -0.026761964, -0.15808903;
 -0.027342342, 0.024251742, 0.99933189, 0.076429382;
 0, 0, 0, 1]
Twc:
[0.99505109, -0.095528759, -0.027342342, -0.079932913;
 0.096196674, 0.99506688, 0.024251742, 0.14898604;
 0.024890719, -0.026761964, 0.99933189, -0.08228308;
 0, 0, 0, 1]
Ow:
[0.067253456;
 -0.15808903;
 0.076429382]
Keyframe: 35 Frame: 206 Frame from vFrameID : 207
Tcw:
[0.9920131, 0.1257246, -0.010163633, 0.08720585;
 -0.12599355, 0.99149215, -0.03269517, -0.19844051;
 0.0059665754, 0.033714589, 0.99941367, 0.096637338;
 0, 0, 0, 1]
Twc:
[0.9920131, -0.12599355, 0.0059665754, -0.11208817;
 0.1257246, 0.99149215, 0.033714589, 0.18253019;
 -0.010163633, -0.03269517, 0.99941367, -0.1021824;
 0, 0, 0, 1]
Ow:
[0.08720585;
 -0.19844051;
 0.096637338]
Keyframe: 36 Frame: 211 Frame from vFrameID : 212
Tcw:
[0.99209994, 0.12467, -0.013966638, 0.10451879;
 -0.1252192, 0.99086791, -0.050009396, -0.23736884;
 0.0076044216, 0.051363211, 0.99865109, 0.13891713;
 0, 0, 0, 1]
Twc:
[0.99209994, -0.1252192, 0.0076044216, -0.13447262;
 0.12467, 0.99086791, 0.051363211, 0.21503557;
 -0.013966638, -0.050009396, 0.99865109, -0.14914064;
 0, 0, 0, 1]
Ow:
[0.10451879;
 -0.23736884;
 0.13891713]
Keyframe: 37 Frame: 215 Frame from vFrameID : 216
Tcw:
[0.99305123, 0.11753523, 0.0058925673, 0.10992423;
 -0.11707261, 0.99175519, -0.052112237, -0.26943848;
 -0.011969008, 0.051060263, 0.99862385, 0.18378529;
 0, 0, 0, 1]
Twc:
[0.99305123, -0.11707261, -0.011969008, -0.13850452;
 0.11753523, 0.99175519, 0.051060263, 0.24491288;
 0.0058925673, -0.052112237, 0.99862385, -0.19822115;
 0, 0, 0, 1]
Ow:
[0.10992423;
 -0.26943848;
 0.18378529]
Keyframe: 38 Frame: 220 Frame from vFrameID : 221
Tcw:
[0.99522495, 0.087856866, 0.042526506, 0.10648007;
 -0.083219431, 0.9914313, -0.10069004, -0.30157292;
 -0.051008422, 0.096670218, 0.99400854, 0.20907713;
 0, 0, 0, 1]
Twc:
[0.99522495, -0.083219431, -0.051008422, -0.12040365;
 0.087856866, 0.9914313, 0.096670218, 0.26942229;
 0.042526506, -0.10069004, 0.99400854, -0.24271809;
 0, 0, 0, 1]
Ow:
[0.10648007;
 -0.30157292;
 0.20907713]
Keyframe: 39 Frame: 225 Frame from vFrameID : 226
Tcw:
[0.99515194, 0.0678958, 0.07115344, 0.10899113;
 -0.063680895, 0.99616981, -0.059920937, -0.3136597;
 -0.074949287, 0.05509932, 0.99566394, 0.22088717;
 0, 0, 0, 1]
Twc:
[0.99515194, -0.063680895, -0.074949287, -0.11188153;
 0.0678958, 0.99616981, 0.05509932, 0.29288754;
 0.07115344, -0.059920937, 0.99566394, -0.24647927;
 0, 0, 0, 1]
Ow:
[0.10899113;
 -0.3136597;
 0.22088717]
Keyframe: 40 Frame: 230 Frame from vFrameID : 231
Tcw:
[0.99469286, 0.073692888, 0.071801819, 0.10575707;
 -0.071793966, 0.99700701, -0.028681444, -0.32903743;
 -0.07370054, 0.023374289, 0.99700648, 0.23699203;
 0, 0, 0, 1]
Twc:
[0.99469286, -0.071793966, -0.07370054, -0.11135226;
 0.073692888, 0.99700701, 0.023374289, 0.31471959;
 0.071801819, -0.028681444, 0.99700648, -0.25331339;
 0, 0, 0, 1]
Ow:
[0.10575707;
 -0.32903743;
 0.23699203]
Keyframe: 41 Frame: 235 Frame from vFrameID : 236
Tcw:
[0.99450237, 0.078961968, 0.068774961, 0.1181865;
 -0.079601839, 0.99680483, 0.0066091991, -0.34846115;
 -0.068033345, -0.012047478, 0.99761033, 0.25925347;
 0, 0, 0, 1]
Twc:
[0.99450237, -0.079601839, -0.068033345, -0.12763703;
 0.078961968, 0.99680483, -0.012047478, 0.34113887;
 0.068774961, 0.0066091991, 0.99761033, -0.26445913;
 0, 0, 0, 1]
Ow:
[0.1181865;
 -0.34846115;
 0.25925347]
Keyframe: 42 Frame: 241 Frame from vFrameID : 242
Tcw:
[0.99427825, 0.098935254, 0.040280826, 0.14301671;
 -0.099504106, 0.99496031, 0.012366227, -0.37714764;
 -0.038854368, -0.016303578, 0.99911189, 0.30259842;
 0, 0, 0, 1]
Twc:
[0.99427825, -0.099504106, -0.038854368, -0.16796888;
 0.098935254, 0.99496031, -0.016303578, 0.36603096;
 0.040280826, 0.012366227, 0.99911189, -0.30342659;
 0, 0, 0, 1]
Ow:
[0.14301671;
 -0.37714764;
 0.30259842]
Keyframe: 43 Frame: 246 Frame from vFrameID : 247
Tcw:
[0.99113184, 0.13265285, -0.0078060403, 0.18503399;
 -0.13277614, 0.99097759, -0.01827457, -0.41916835;
 0.005311437, 0.019148964, 0.99980253, 0.34755909;
 0, 0, 0, 1]
Twc:
[0.99113184, -0.13277614, 0.005311437, -0.24089466;
 0.13265285, 0.99097759, 0.019148964, 0.38418573;
 -0.0078060403, -0.01827457, 0.99980253, -0.35370621;
 0, 0, 0, 1]
Ow:
[0.18503399;
 -0.41916835;
 0.34755909]
Keyframe: 44 Frame: 251 Frame from vFrameID : 252
Tcw:
[0.98613697, 0.16199635, -0.035930686, 0.22327846;
 -0.1633416, 0.98582476, -0.038328793, -0.45222825;
 0.029212235, 0.043666415, 0.99861902, 0.37243789;
 0, 0, 0, 1]
Twc:
[0.98613697, -0.1633416, 0.029212235, -0.30493057;
 0.16199635, 0.98582476, 0.043666415, 0.39338446;
 -0.035930686, -0.038328793, 0.99861902, -0.38123438;
 0, 0, 0, 1]
Ow:
[0.22327846;
 -0.45222825;
 0.37243789]
Keyframe: 45 Frame: 257 Frame from vFrameID : 258
Tcw:
[0.98581469, 0.1657332, -0.026494229, 0.26146993;
 -0.16627544, 0.98588139, -0.019758787, -0.48625475;
 0.022845481, 0.023883842, 0.99945366, 0.41115448;
 0, 0, 0, 1]
Twc:
[0.98581469, -0.16627544, 0.022845481, -0.34800613;
 0.1657332, 0.98588139, 0.023883842, 0.42623532;
 -0.026494229, -0.019758787, 0.99945366, -0.41361022;
 0, 0, 0, 1]
Ow:
[0.26146993;
 -0.48625475;
 0.41115448]
Keyframe: 46 Frame: 262 Frame from vFrameID : 263
Tcw:
[0.98848826, 0.14827059, -0.030112593, 0.28117847;
 -0.14810786, 0.98894221, 0.0075771762, -0.50443298;
 0.030903086, -0.0030300382, 0.9995178, 0.47028103;
 0, 0, 0, 1]
Twc:
[0.98848826, -0.14810786, 0.030903086, -0.36718526;
 0.14827059, 0.98894221, -0.0030300382, 0.45858952;
 -0.030112593, 0.0075771762, 0.9995178, -0.45776507;
 0, 0, 0, 1]
Ow:
[0.28117847;
 -0.50443298;
 0.47028103]
Keyframe: 47 Frame: 267 Frame from vFrameID : 268
Tcw:
[0.98905075, 0.14513819, -0.026710898, 0.29941764;
 -0.14495124, 0.98939949, 0.0088175302, -0.5443325;
 0.02770751, -0.0048492076, 0.99960428, 0.5474577;
 0, 0, 0, 1]
Twc:
[0.98905075, -0.14495124, 0.02770751, -0.39020959;
 0.14513819, 0.98939949, -0.0048492076, 0.49776012;
 -0.026710898, 0.0088175302, 0.99960428, -0.53444368;
 0, 0, 0, 1]
Ow:
[0.29941764;
 -0.5443325;
 0.5474577]
Keyframe: 48 Frame: 272 Frame from vFrameID : 273
Tcw:
[0.99014622, 0.14003719, -0.00023251698, 0.32478961;
 -0.14000385, 0.98987138, -0.02352831, -0.58863294;
 -0.0030646764, 0.02332902, 0.99972314, 0.59912908;
 0, 0, 0, 1]
Twc:
[0.99014622, -0.14000385, -0.0030646764, -0.40216395;
 0.14003719, 0.98987138, 0.02332902, 0.52321112;
 -0.00023251698, -0.02352831, 0.99972314, -0.61273724;
 0, 0, 0, 1]
Ow:
[0.32478961;
 -0.58863294;
 0.59912908]
Keyframe: 49 Frame: 277 Frame from vFrameID : 278
Tcw:
[0.99167633, 0.12780343, 0.01563227, 0.34359545;
 -0.12767783, 0.99177676, -0.0087890625, -0.61145949;
 -0.016626993, 0.0067200107, 0.99983919, 0.6584391;
 0, 0, 0, 1]
Twc:
[0.99167633, -0.12767783, -0.016626993, -0.40785742;
 0.12780343, 0.99177676, 0.0067200107, 0.55809385;
 0.01563227, -0.0087890625, 0.99983919, -0.66907853;
 0, 0, 0, 1]
Ow:
[0.34359545;
 -0.61145949;
 0.6584391]
Keyframe: 50 Frame: 282 Frame from vFrameID : 283
Tcw:
[0.993963, 0.1091385, 0.011238986, 0.36527455;
 -0.10914419, 0.99402595, -0.00010841626, -0.64478266;
 -0.011183675, -0.0011189082, 0.99993682, 0.733504;
 0, 0, 0, 1]
Twc:
[0.993963, -0.10914419, -0.011183675, -0.42524043;
 0.1091385, 0.99402595, -0.0011189082, 0.60188586;
 0.011238986, -0.00010841626, 0.99993682, -0.73763293;
 0, 0, 0, 1]
Ow:
[0.36527455;
 -0.64478266;
 0.733504]
Keyframe: 51 Frame: 288 Frame from vFrameID : 289
Tcw:
[0.98893696, 0.14548312, -0.028954964, 0.4133366;
 -0.14556317, 0.98934871, -0.00066505774, -0.69366497;
 0.028549803, 0.0048724767, 0.9995805, 0.81863028;
 0, 0, 0, 1]
Twc:
[0.98893696, -0.14556317, 0.028549803, -0.53310764;
 0.14548312, 0.98934871, 0.0048724767, 0.6221543;
 -0.028954964, -0.00066505774, 0.9995805, -0.80678004;
 0, 0, 0, 1]
Ow:
[0.4133366;
 -0.69366497;
 0.81863028]
Keyframe: 52 Frame: 294 Frame from vFrameID : 295
Tcw:
[0.98668432, 0.15534557, -0.048184678, 0.44428328;
 -0.15589094, 0.98774385, -0.007751849, -0.73624611;
 0.046389904, 0.015160183, 0.99880838, 0.88483179;
 0, 0, 0, 1]
Twc:
[0.98668432, -0.15589094, 0.046389904, -0.59418875;
 0.15534557, 0.98774385, 0.015160183, 0.64479089;
 -0.048184678, -0.007751849, 0.99880838, -0.86807704;
 0, 0, 0, 1]
Ow:
[0.44428328;
 -0.73624611;
 0.88483179]
Keyframe: 53 Frame: 300 Frame from vFrameID : 301
Tcw:
[0.98986912, 0.13931994, -0.027370008, 0.45361313;
 -0.13930866, 0.9902463, 0.0023281926, -0.76446766;
 0.027427413, 0.0015082731, 0.99962264, 0.96290624;
 0, 0, 0, 1]
Twc:
[0.98986912, -0.13930866, 0.027427413, -0.58192462;
 0.13931994, 0.9902463, 0.0015082731, 0.69236153;
 -0.027370008, 0.0023281926, 0.99962264, -0.94834769;
 0, 0, 0, 1]
Ow:
[0.45361313;
 -0.76446766;
 0.96290624]
Keyframe: 54 Frame: 306 Frame from vFrameID : 307
Tcw:
[0.99304438, 0.11719147, -0.011358663, 0.46720451;
 -0.11695984, 0.9929496, 0.019272838, -0.8034063;
 0.013537193, -0.017810276, 0.99974972, 1.0447679;
 0, 0, 0, 1]
Twc:
[0.99304438, -0.11695984, 0.013537193, -0.57206434;
 0.11719147, 0.9929496, -0.017810276, 0.76159722;
 -0.011358663, 0.019272838, 0.99974972, -1.0237156;
 0, 0, 0, 1]
Ow:
[0.46720451;
 -0.8034063;
 1.0447679]
Keyframe: 55 Frame: 312 Frame from vFrameID : 313
Tcw:
[0.99480492, 0.10074557, 0.014613309, 0.48710096;
 -0.10087245, 0.99486542, 0.0082203671, -0.84822786;
 -0.01371011, -0.0096517419, 0.99985945, 1.1145931;
 0, 0, 0, 1]
Twc:
[0.99480492, -0.10087245, -0.01371011, -0.55485201;
 0.10074557, 0.99486542, -0.0096517419, 0.80555701;
 0.014613309, 0.0082203671, 0.99985945, -1.1145818;
 0, 0, 0, 1]
Ow:
[0.48710096;
 -0.84822786;
 1.1145931]
Keyframe: 56 Frame: 318 Frame from vFrameID : 319
Tcw:
[0.99279392, 0.11981842, 0.0019410413, 0.51846677;
 -0.11982203, 0.99279362, 0.0018609918, -0.89917547;
 -0.0017040723, -0.0020801609, 0.99999636, 1.2043009;
 0, 0, 0, 1]
Twc:
[0.99279392, -0.11982203, -0.0017040723, -0.62041944;
 0.11981842, 0.99279362, -0.0020801609, 0.83307898;
 0.0019410413, 0.0018609918, 0.99999636, -1.2036296;
 0, 0, 0, 1]
Ow:
[0.51846677;
 -0.89917547;
 1.2043009]
Keyframe: 57 Frame: 324 Frame from vFrameID : 325
Tcw:
[0.99047613, 0.1328768, -0.036065709, 0.54638785;
 -0.13316874, 0.99107635, -0.005806372, -0.9476887;
 0.03497234, 0.010553898, 0.99933255, 1.2777252;
 0, 0, 0, 1]
Twc:
[0.99047613, -0.13316874, 0.03497234, -0.71207178;
 0.1328768, 0.99107635, 0.010553898, 0.85314465;
 -0.036065709, -0.005806372, 0.99933255, -1.2626692;
 0, 0, 0, 1]
Ow:
[0.54638785;
 -0.9476887;
 1.2777252]
Keyframe: 58 Frame: 328 Frame from vFrameID : 329
Tcw:
[0.98946917, 0.14325377, -0.020714536, 0.56454152;
 -0.14308961, 0.98966688, 0.0092089921, -0.98361742;
 0.021819714, -0.0061479788, 0.99974304, 1.3271765;
 0, 0, 0, 1]
Twc:
[0.98946917, -0.14308961, 0.021819714, -0.72830051;
 0.14325377, 0.98966688, -0.0061479788, 0.90074033;
 -0.020714536, 0.0092089921, 0.99974304, -1.306083;
 0, 0, 0, 1]
Ow:
[0.56454152;
 -0.98361742;
 1.3271765]
Keyframe: 59 Frame: 334 Frame from vFrameID : 335
Tcw:
[0.98906898, 0.1472107, -0.0084610963, 0.57706904;
 -0.14714065, 0.98908007, 0.0083812047, -1.019048;
 0.0096025048, -0.007044618, 0.99992907, 1.4136684;
 0, 0, 0, 1]
Twc:
[0.98906898, -0.14714065, 0.0096025048, -0.73427922;
 0.1472107, 0.98908007, -0.007044618, 0.93292803;
 -0.0084610963, 0.0083812047, 0.99992907, -1.4001447;
 0, 0, 0, 1]
Ow:
[0.57706904;
 -1.019048;
 1.4136684]
Keyframe: 60 Frame: 340 Frame from vFrameID : 341
Tcw:
[0.99089366, 0.13457419, -0.0044233566, 0.5844658;
 -0.13460663, 0.99086595, -0.0081062829, -1.0608342;
 0.0032920567, 0.0086278776, 0.99995738, 1.4898694;
 0, 0, 0, 1]
Twc:
[0.99089366, -0.13460663, 0.0032920567, -0.72684348;
 0.13457419, 0.99086595, 0.0086278776, 0.95963609;
 -0.0044233566, -0.0081062829, 0.99995738, -1.4958199;
 0, 0, 0, 1]
Ow:
[0.5844658;
 -1.0608342;
 1.4898694]
Keyframe: 61 Frame: 344 Frame from vFrameID : 345
Tcw:
[0.99071437, 0.13595745, -0.00081423268, 0.59725153;
 -0.13594005, 0.99065429, 0.011153494, -1.0801415;
 0.0023230237, -0.01093924, 0.99993747, 1.5257155;
 0, 0, 0, 1]
Twc:
[0.99071437, -0.13594005, 0.0023230237, -0.74208438;
 0.13595745, 0.99065429, -0.01093924, 1.0055362;
 -0.00081423268, 0.011153494, 0.99993747, -1.5130864;
 0, 0, 0, 1]
Ow:
[0.59725153;
 -1.0801415;
 1.5257155]
Keyframe: 62 Frame: 348 Frame from vFrameID : 349
Tcw:
[0.99100977, 0.13361561, -0.0068200058, 0.61171722;
 -0.13342945, 0.99079502, 0.022844002, -1.108322;
 0.0098095434, -0.021728639, 0.99971581, 1.5829824;
 0, 0, 0, 1]
Twc:
[0.99100977, -0.13342945, 0.0098095434, -0.76962882;
 0.13361561, 0.99079502, -0.021728639, 1.0507809;
 -0.0068200058, 0.022844002, 0.99971581, -1.5530419;
 0, 0, 0, 1]
Ow:
[0.61171722;
 -1.108322;
 1.5829824]
Keyframe: 63 Frame: 352 Frame from vFrameID : 353
Tcw:
[0.98789585, 0.15256377, -0.028038165, 0.64089596;
 -0.15210856, 0.9882049, 0.017720709, -1.1346589;
 0.03041099, -0.013241368, 0.99944979, 1.642628;
 0, 0, 0, 1]
Twc:
[0.98789585, -0.15210856, 0.03041099, -0.85568374;
 0.15256377, 0.9882049, -0.013241368, 1.0452487;
 -0.028038165, 0.017720709, 0.99944979, -1.6036476;
 0, 0, 0, 1]
Ow:
[0.64089596;
 -1.1346589;
 1.642628]
Keyframe: 64 Frame: 356 Frame from vFrameID : 357
Tcw:
[0.98486549, 0.17017651, -0.032862291, 0.66797769;
 -0.16995104, 0.98540616, 0.0095570749, -1.1658151;
 0.034009092, -0.0038274527, 0.99941421, 1.6898137;
 0, 0, 0, 1]
Twc:
[0.98486549, -0.16995104, 0.034009092, -0.91346866;
 0.17017651, 0.98540616, -0.0038274527, 1.041595;
 -0.032862291, 0.0095570749, 0.99941421, -1.6557307;
 0, 0, 0, 1]
Ow:
[0.66797769;
 -1.1658151;
 1.6898137]
Keyframe: 65 Frame: 360 Frame from vFrameID : 361
Tcw:
[0.98516887, 0.16518125, -0.046448402, 0.68730468;
 -0.16476901, 0.98625177, 0.012594854, -1.1957527;
 0.047890253, -0.0047548008, 0.99884129, 1.7323526;
 0, 0, 0, 1]
Twc:
[0.98516887, -0.16476901, 0.047890253, -0.95709699;
 0.16518125, 0.98625177, -0.0047548008, 1.0740204;
 -0.046448402, 0.012594854, 0.99884129, -1.6833607;
 0, 0, 0, 1]
Ow:
[0.68730468;
 -1.1957527;
 1.7323526]
Keyframe: 66 Frame: 363 Frame from vFrameID : 364
Tcw:
[0.98488206, 0.16782819, -0.042907596, 0.70018774;
 -0.16712683, 0.98574322, 0.019467086, -1.2070704;
 0.045562997, -0.012001772, 0.99888939, 1.7575582;
 0, 0, 0, 1]
Twc:
[0.98488206, -0.16712683, 0.045562997, -0.97141576;
 0.16782819, 0.98574322, -0.012001772, 1.0934439;
 -0.042907596, 0.019467086, 0.99888939, -1.7020646;
 0, 0, 0, 1]
Ow:
[0.70018774;
 -1.2070704;
 1.7575582]
Keyframe: 67 Frame: 367 Frame from vFrameID : 368
Tcw:
[0.98639375, 0.16034484, -0.036288995, 0.71632481;
 -0.15940526, 0.98683095, 0.027470984, -1.2343841;
 0.040215932, -0.02131255, 0.99896371, 1.835477;
 0, 0, 0, 1]
Twc:
[0.98639375, -0.15940526, 0.040215932, -0.97716105;
 0.16034484, 0.98683095, -0.02131255, 1.1423881;
 -0.036288995, 0.027470984, 0.99896371, -1.7736704;
 0, 0, 0, 1]
Ow:
[0.71632481;
 -1.2343841;
 1.835477]
Keyframe: 68 Frame: 371 Frame from vFrameID : 372
Tcw:
[0.98739529, 0.15291958, -0.040818539, 0.72056401;
 -0.15164454, 0.9878937, 0.032710403, -1.2493997;
 0.045326438, -0.026108189, 0.998631, 1.8800211;
 0, 0, 0, 1]
Twc:
[0.98739529, -0.15164454, 0.045326438, -0.9861607;
 0.15291958, 0.9878937, -0.026108189, 1.1731696;
 -0.040818539, 0.032710403, 0.998631, -1.8071667;
 0, 0, 0, 1]
Ow:
[0.72056401;
 -1.2493997;
 1.8800211]
Keyframe: 69 Frame: 375 Frame from vFrameID : 376
Tcw:
[0.99104983, 0.12675726, -0.041866291, 0.73313749;
 -0.12518613, 0.99139607, 0.038239665, -1.2657486;
 0.046353232, -0.032656334, 0.99839115, 1.9345676;
 0, 0, 0, 1]
Twc:
[0.99104983, -0.12518613, 0.046353232, -0.97470343;
 0.12675726, 0.99139607, -0.032656334, 1.2251036;
 -0.041866291, 0.038239665, 0.99839115, -1.8523597;
 0, 0, 0, 1]
Ow:
[0.73313749;
 -1.2657486;
 1.9345676]
Keyframe: 70 Frame: 379 Frame from vFrameID : 380
Tcw:
[0.99224931, 0.11825467, -0.038172934, 0.74932945;
 -0.1147908, 0.98992878, 0.082849614, -1.292708;
 0.047585838, -0.077825569, 0.99583071, 1.9965466;
 0, 0, 0, 1]
Twc:
[0.99224931, -0.1147908, 0.047585838, -0.98691988;
 0.11825467, 0.98992878, -0.077825569, 1.3464596;
 -0.038172934, 0.082849614, 0.99583071, -1.852518;
 0, 0, 0, 1]
Ow:
[0.74932945;
 -1.292708;
 1.9965466]
Keyframe: 71 Frame: 383 Frame from vFrameID : 384
Tcw:
[0.99069351, 0.12511511, -0.053596165, 0.77338272;
 -0.12122905, 0.99011856, 0.070489325, -1.3155525;
 0.061885841, -0.06333591, 0.99607164, 2.0561228;
 0, 0, 0, 1]
Twc:
[0.99069351, -0.12122905, 0.061885841, -1.0529133;
 0.12511511, 0.99011856, -0.06333591, 1.3360174;
 -0.053596165, 0.070489325, 0.99607164, -1.9138627;
 0, 0, 0, 1]
Ow:
[0.77338272;
 -1.3155525;
 2.0561228]
Keyframe: 72 Frame: 387 Frame from vFrameID : 388
Tcw:
[0.98754787, 0.13662618, -0.077990502, 0.79442078;
 -0.13035755, 0.98819309, 0.080506392, -1.3390021;
 0.088068955, -0.069337264, 0.99369824, 2.1143486;
 0, 0, 0, 1]
Twc:
[0.98754787, -0.13035755, 0.088068955, -1.1452861;
 0.13662618, 0.98819309, -0.069337264, 1.3612573;
 -0.077990502, 0.080506392, 0.99369824, -1.9312692;
 0, 0, 0, 1]
Ow:
[0.79442078;
 -1.3390021;
 2.1143486]
Keyframe: 73 Frame: 391 Frame from vFrameID : 392
Tcw:
[0.98477298, 0.1454854, -0.095163941, 0.80937582;
 -0.13610657, 0.98577654, 0.098588049, -1.3651674;
 0.1081535, -0.084134415, 0.99056762, 2.1544874;
 0, 0, 0, 1]
Twc:
[0.98477298, -0.13610657, 0.1081535, -1.215875;
 0.1454854, 0.98577654, -0.084134415, 1.4092641;
 -0.095163941, 0.098588049, 0.99056762, -1.9225528;
 0, 0, 0, 1]
Ow:
[0.80937582;
 -1.3651674;
 2.1544874]
Keyframe: 74 Frame: 395 Frame from vFrameID : 396
Tcw:
[0.98485166, 0.15095399, -0.085323833, 0.83617723;
 -0.14440396, 0.98641104, 0.0783628, -1.3900667;
 0.095993549, -0.064854637, 0.99326688, 2.202553;
 0, 0, 0, 1]
Twc:
[0.98485166, -0.14440396, 0.095993549, -1.2356725;
 0.15095399, 0.98641104, -0.064854637, 1.3877987;
 -0.085323833, 0.0783628, 0.99326688, -2.0074477;
 0, 0, 0, 1]
Ow:
[0.83617723;
 -1.3900667;
 2.202553]
Keyframe: 75 Frame: 399 Frame from vFrameID : 400
Tcw:
[0.98591417, 0.15362459, -0.066126794, 0.85174245;
 -0.14818954, 0.98567837, 0.08048594, -1.4156389;
 0.077544369, -0.069552928, 0.99455982, 2.2651849;
 0, 0, 0, 1]
Twc:
[0.98591417, -0.14818954, 0.077544369, -1.2251801;
 0.15362459, 0.98567837, -0.069552928, 1.4220663;
 -0.066126794, 0.08048594, 0.99455982, -2.0825999;
 0, 0, 0, 1]
Ow:
[0.85174245;
 -1.4156389;
 2.2651849]
Keyframe: 76 Frame: 403 Frame from vFrameID : 404
Tcw:
[0.98515677, 0.15803225, -0.067022048, 0.86963618;
 -0.15313247, 0.98551548, 0.072867595, -1.4448645;
 0.077566691, -0.061522756, 0.99508709, 2.3280144;
 0, 0, 0, 1]
Twc:
[0.98515677, -0.15313247, 0.077566691, -1.2585599;
 0.15803225, 0.98551548, -0.061522756, 1.4297317;
 -0.067022048, 0.072867595, 0.99508709, -2.1530085;
 0, 0, 0, 1]
Ow:
[0.86963618;
 -1.4448645;
 2.3280144]
Keyframe: 77 Frame: 407 Frame from vFrameID : 408
Tcw:
[0.98896432, 0.1416758, -0.043330476, 0.88043082;
 -0.13775955, 0.98698837, 0.082923107, -1.469515;
 0.054514874, -0.076038808, 0.99561352, 2.3870006;
 0, 0, 0, 1]
Twc:
[0.98896432, -0.13775955, 0.054514874, -1.2032814;
 0.1416758, 0.98698837, -0.076038808, 1.5071632;
 -0.043330476, 0.082923107, 0.99561352, -2.2165236;
 0, 0, 0, 1]
Ow:
[0.88043082;
 -1.469515;
 2.3870006]
Keyframe: 78 Frame: 412 Frame from vFrameID : 413
Tcw:
[0.98850954, 0.14947468, -0.022499073, 0.91255164;
 -0.14744595, 0.98627585, 0.07429409, -1.5116746;
 0.033295378, -0.070123024, 0.99698251, 2.4605699;
 0, 0, 0, 1]
Twc:
[0.98850954, -0.14744595, 0.033295378, -1.2068819;
 0.14947468, 0.98627585, -0.070123024, 1.5270674;
 -0.022499073, 0.07429409, 0.99698251, -2.3203051;
 0, 0, 0, 1]
Ow:
[0.91255164;
 -1.5116746;
 2.4605699]
Keyframe: 79 Frame: 416 Frame from vFrameID : 417
Tcw:
[0.98527241, 0.16869037, -0.027960818, 0.93266827;
 -0.16627198, 0.98333478, 0.073527783, -1.5303681;
 0.039898273, -0.067795791, 0.99690115, 2.5079257;
 0, 0, 0, 1]
Twc:
[0.98527241, -0.16627198, 0.039898273, -1.2734516;
 0.16869037, 0.98333478, -0.067795791, 1.5175589;
 -0.027960818, 0.073527783, 0.99690115, -2.361551;
 0, 0, 0, 1]
Ow:
[0.93266827;
 -1.5303681;
 2.5079257]
Keyframe: 80 Frame: 420 Frame from vFrameID : 421
Tcw:
[0.98049337, 0.1886497, -0.055172887, 0.95338833;
 -0.18416125, 0.97983479, 0.077513777, -1.557632;
 0.068683267, -0.065841042, 0.99546349, 2.5627539;
 0, 0, 0, 1]
Twc:
[0.98049337, -0.18416125, 0.068683267, -1.3976647;
 0.1886497, 0.97983479, -0.065841042, 1.5151;
 -0.055172887, 0.077513777, 0.99546349, -2.3777888;
 0, 0, 0, 1]
Ow:
[0.95338833;
 -1.557632;
 2.5627539]
Keyframe: 81 Frame: 425 Frame from vFrameID : 426
Tcw:
[0.9811306, 0.18488841, -0.056560338, 0.96983707;
 -0.17962664, 0.9798674, 0.087144688, -1.5989428;
 0.071533673, -0.075340576, 0.99458873, 2.6276345;
 0, 0, 0, 1]
Twc:
[0.9811306, -0.17962664, 0.071533673, -1.4267138;
 0.18488841, 0.9798674, -0.075340576, 1.5854077;
 -0.056560338, 0.087144688, 0.99458873, -2.4192219;
 0, 0, 0, 1]
Ow:
[0.96983707;
 -1.5989428;
 2.6276345]
Keyframe: 82 Frame: 429 Frame from vFrameID : 430
Tcw:
[0.98156112, 0.18536614, -0.046659671, 0.97796887;
 -0.18106429, 0.97988969, 0.083856218, -1.6251701;
 0.061265435, -0.073861606, 0.99538487, 2.6889091;
 0, 0, 0, 1]
Twc:
[0.98156112, -0.18106429, 0.061265435, -1.4189337;
 0.18536614, 0.97988969, -0.073861606, 1.6098124;
 -0.046659671, 0.083856218, 0.99538487, -2.4945869;
 0, 0, 0, 1]
Ow:
[0.97796887;
 -1.6251701;
 2.6889091]
Keyframe: 83 Frame: 433 Frame from vFrameID : 434
Tcw:
[0.98641711, 0.15767758, -0.046033129, 0.98651659;
 -0.15433314, 0.98561281, 0.068910748, -1.6437386;
 0.05623652, -0.060870308, 0.99656022, 2.7495735;
 0, 0, 0, 1]
Twc:
[0.98641711, -0.15433314, 0.05623652, -1.3814267;
 0.15767758, 0.98561281, -0.060870308, 1.6319056;
 -0.046033129, 0.068910748, 0.99656022, -2.5814319;
 0, 0, 0, 1]
Ow:
[0.98651659;
 -1.6437386;
 2.7495735]
Keyframe: 84 Frame: 438 Frame from vFrameID : 439
Tcw:
[0.99071193, 0.13565645, -0.0093358811, 0.98635387;
 -0.13421237, 0.98657143, 0.093079589, -1.6808679;
 0.021837361, -0.090962075, 0.99561489, 2.8242822;
 0, 0, 0, 1]
Twc:
[0.99071193, -0.13421237, 0.021837361, -1.2644608;
 0.13565645, 0.98657143, -0.090962075, 1.7813938;
 -0.0093358811, 0.093079589, 0.99561489, -2.6462345;
 0, 0, 0, 1]
Ow:
[0.98635387;
 -1.6808679;
 2.8242822]
Keyframe: 85 Frame: 442 Frame from vFrameID : 443
Tcw:
[0.99057651, 0.13672823, -0.0079740118, 0.99050432;
 -0.13549851, 0.9868241, 0.088421501, -1.6962593;
 0.019958662, -0.08650779, 0.99605125, 2.8651528;
 0, 0, 0, 1]
Twc:
[0.99057651, -0.13549851, 0.019958662, -1.2681955;
 0.13672823, 0.9868241, -0.08650779, 1.7863376;
 -0.0079740118, 0.088421501, 0.99605125, -2.6959548;
 0, 0, 0, 1]
Ow:
[0.99050432;
 -1.6962593;
 2.8651528]
Keyframe: 86 Frame: 446 Frame from vFrameID : 447
Tcw:
[0.98891824, 0.1453865, -0.030057294, 1.0067922;
 -0.1420297, 0.98543, 0.093569651, -1.7185862;
 0.043223124, -0.088263705, 0.99515891, 2.9253621;
 0, 0, 0, 1]
Twc:
[0.98891824, -0.1420297, 0.043223124, -1.3661689;
 0.1453865, 0.98543, -0.088263705, 1.8053757;
 -0.030057294, 0.093569651, 0.99515891, -2.7201312;
 0, 0, 0, 1]
Ow:
[1.0067922;
 -1.7185862;
 2.9253621]
Keyframe: 87 Frame: 450 Frame from vFrameID : 451
Tcw:
[0.98309582, 0.17861088, -0.040259052, 1.0360638;
 -0.17485873, 0.98110604, 0.082796998, -1.7626449;
 0.054286841, -0.074357733, 0.99575293, 3.0009515;
 0, 0, 0, 1]
Twc:
[0.98309582, -0.17485873, 0.054286841, -1.489676;
 0.17861088, 0.98110604, -0.074357733, 1.7674333;
 -0.040259052, 0.082796998, 0.99575293, -2.8005536;
 0, 0, 0, 1]
Ow:
[1.0360638;
 -1.7626449;
 3.0009515]
Keyframe: 88 Frame: 454 Frame from vFrameID : 455
Tcw:
[0.9826048, 0.1782158, -0.052219745, 1.0404274;
 -0.17402066, 0.98179209, 0.076164968, -1.7781996;
 0.064842731, -0.065752752, 0.99572688, 3.0350666;
 0, 0, 0, 1]
Twc:
[0.9826048, -0.17402066, 0.064842731, -1.5285746;
 0.1782158, 0.98179209, -0.065752752, 1.7599657;
 -0.052219745, 0.076164968, 0.99572688, -2.83233;
 0, 0, 0, 1]
Ow:
[1.0404274;
 -1.7781996;
 3.0350666]
Keyframe: 89 Frame: 459 Frame from vFrameID : 460
Tcw:
[0.98015743, 0.19243743, -0.047531866, 1.0593944;
 -0.18695359, 0.97716594, 0.10097097, -1.8077148;
 0.06587711, -0.090081185, 0.99375325, 3.1113515;
 0, 0, 0, 1]
Twc:
[0.98015743, -0.18695359, 0.06587711, -1.5812989;
 0.19243743, 0.97716594, -0.090081185, 1.8428444;
 -0.047531866, 0.10097097, 0.99375325, -2.8590343;
 0, 0, 0, 1]
Ow:
[1.0593944;
 -1.8077148;
 3.1113515]
Keyframe: 90 Frame: 463 Frame from vFrameID : 464
Tcw:
[0.98393005, 0.17244685, -0.046300922, 1.0637808;
 -0.16762234, 0.98143345, 0.093225956, -1.8222625;
 0.061517794, -0.083966754, 0.99456781, 3.1589105;
 0, 0, 0, 1]
Twc:
[0.98393005, -0.16762234, 0.061517794, -1.5464669;
 0.17244685, 0.98143345, -0.083966754, 1.8702272;
 -0.046300922, 0.093225956, 0.99456781, -2.9226146;
 0, 0, 0, 1]
