Keyframe: 0 Frame: 0 Frame from vFrameID : 46
Tcw:
[0.99981946, -0.00047238983, 0.018995967, 0.026769461;
 0.017387865, 0.42593262, -0.90458781, 0.00165442;
 -0.0076636835, 0.90475476, 0.42586392, -0.061473824;
 0, 0, 0, 1]
Twc:
[0.99981946, 0.017387865, -0.0076636835, -0.027264511;
 -0.00047238983, 0.42593262, 0.90475476, 0.054926708;
 0.018995967, -0.90458781, 0.42586392, 0.02716754;
 0, 0, 0, 1]
Ow:
[0.026769461;
 0.00165442;
 -0.061473824]
Keyframe: 1 Frame: 45 Frame from vFrameID : 46
Tcw:
[0.99977624, -0.00029996919, 0.021152547, 0.026661145;
 0.019254856, 0.42704427, -0.90402567, 0.0021515526;
 -0.008761894, 0.90423065, 0.42695448, -0.061926924;
 0, 0, 0, 1]
Twc:
[0.99977624, 0.019254856, -0.008761894, -0.027239202;
 -0.00029996919, 0.42704427, 0.90423065, 0.055085413;
 0.021152547, -0.90402567, 0.42695448, 0.027821084;
 0, 0, 0, 1]
Ow:
[0.026661145;
 0.0021515526;
 -0.061926924]
Keyframe: 2 Frame: 48 Frame from vFrameID : 49
Tcw:
[0.99984264, -0.0049705156, 0.017029474, 0.027176565;
 0.017516743, 0.42844486, -0.9033981, 0.0021811835;
 -0.0028058363, 0.90355426, 0.4284645, -0.06181711;
 0, 0, 0, 1]
Twc:
[0.99984264, 0.017516743, -0.0028058363, -0.027383944;
 -0.0049705156, 0.42844486, 0.90355426, 0.055055674;
 0.017029474, -0.9033981, 0.4284645, 0.027994111;
 0, 0, 0, 1]
Ow:
[0.027176565;
 0.0021811835;
 -0.06181711]
Keyframe: 3 Frame: 50 Frame from vFrameID : 51
Tcw:
[0.99988866, -0.0084061017, 0.012326878, 0.027385108;
 0.014748229, 0.43174106, -0.90187705, 0.002978554;
 0.002259251, 0.90195841, 0.43181697, -0.062190235;
 0, 0, 0, 1]
Twc:
[0.99988866, 0.014748229, 0.002259251, -0.027285485;
 -0.0084061017, 0.43174106, 0.90195841, 0.055037245;
 0.012326878, -0.90187705, 0.43181697, 0.029203514;
 0, 0, 0, 1]
Ow:
[0.027385108;
 0.002978554;
 -0.062190235]
Keyframe: 4 Frame: 51 Frame from vFrameID : 52
Tcw:
[0.99988228, -0.011757276, 0.0098582087, 0.027487738;
 0.013971562, 0.43213978, -0.90169841, 0.0031427741;
 0.0063413931, 0.90173, 0.43225318, -0.062254183;
 0, 0, 0, 1]
Twc:
[0.99988228, 0.013971562, 0.0063413931, -0.027133632;
 -0.011757276, 0.43213978, 0.90173, 0.055101521;
 0.0098582087, -0.90169841, 0.43225318, 0.029472422;
 0, 0, 0, 1]
Ow:
[0.027487738;
 0.0031427741;
 -0.062254183]
Keyframe: 5 Frame: 52 Frame from vFrameID : 53
Tcw:
[0.99986267, -0.015349524, 0.0062499703, 0.027666805;
 0.012262534, 0.43148971, -0.90203452, 0.0030257609;
 0.011149003, 0.90198725, 0.43161866, -0.062023398;
 0, 0, 0, 1]
Twc:
[0.99986267, 0.012262534, 0.011149003, -0.027008608;
 -0.015349524, 0.43148971, 0.90198725, 0.0550634;
 0.0062499703, -0.90203452, 0.43161866, 0.02932688;
 0, 0, 0, 1]
Ow:
[0.027666805;
 0.0030257609;
 -0.062023398]
Keyframe: 6 Frame: 53 Frame from vFrameID : 54
Tcw:
[0.99980319, -0.019794285, 0.0013531776, 0.027829837;
 0.0097239455, 0.42941889, -0.9030531, 0.00306716;
 0.017294209, 0.90288848, 0.42952684, -0.062283218;
 0, 0, 0, 1]
Twc:
[0.99980319, 0.0097239455, 0.017294209, -0.026777044;
 -0.019794285, 0.42941889, 0.90288848, 0.055468578;
 0.0013531776, -0.9030531, 0.42952684, 0.029484462;
 0, 0, 0, 1]
Ow:
[0.027829837;
 0.00306716;
 -0.062283218]
Keyframe: 7 Frame: 54 Frame from vFrameID : 55
Tcw:
[0.99967027, -0.023752552, -0.0097573185, 0.027952539;
 0.0012382356, 0.42412612, -0.90560228, 0.0038928613;
 0.025648698, 0.90529156, 0.42401567, -0.06243084;
 0, 0, 0, 1]
Twc:
[0.99967027, 0.0012382356, 0.025648698, -0.026346872;
 -0.023752552, 0.42412612, 0.90529156, 0.055530995;
 -0.0097573185, -0.90560228, 0.42401567, 0.030269781;
 0, 0, 0, 1]
Ow:
[0.027952539;
 0.0038928613;
 -0.06243084]
Keyframe: 8 Frame: 60 Frame from vFrameID : 61
Tcw:
[0.99939388, -0.02635164, -0.022748357, 0.028628035;
 -0.009701102, 0.41675797, -0.90896571, 0.0070265271;
 0.033433296, 0.90863544, 0.41624972, -0.065260373;
 0, 0, 0, 1]
Twc:
[0.99939388, -0.009701102, 0.033433296, -0.026360646;
 -0.02635164, 0.41675797, 0.90863544, 0.057123922;
 -0.022748357, -0.90896571, 0.41624972, 0.034202725;
 0, 0, 0, 1]
Ow:
[0.028628035;
 0.0070265271;
 -0.065260373]
Keyframe: 9 Frame: 65 Frame from vFrameID : 66
Tcw:
[0.99839038, -0.040583953, -0.039618529, 0.029377846;
 -0.018778665, 0.42259991, -0.90612179, 0.0085096583;
 0.05351679, 0.90540725, 0.42115757, -0.066523716;
 0, 0, 0, 1]
Twc:
[0.99839038, -0.018778665, 0.05351679, -0.025610622;
 -0.040583953, 0.42259991, 0.90540725, 0.057827137;
 -0.039618529, -0.90612179, 0.42115757, 0.036891658;
 0, 0, 0, 1]
Ow:
[0.029377846;
 0.0085096583;
 -0.066523716]
Keyframe: 10 Frame: 70 Frame from vFrameID : 71
Tcw:
[0.99741822, -0.040974963, -0.058973923, 0.028138237;
 -0.035991456, 0.42540309, -0.90428799, 0.010736896;
 0.06214086, 0.90407592, 0.42283005, -0.06785965;
 0, 0, 0, 1]
Twc:
[0.99741822, -0.035991456, 0.06214086, -0.023462297;
 -0.040974963, 0.42540309, 0.90407592, 0.05793573;
 -0.058973923, -0.90428799, 0.42283005, 0.040061768;
 0, 0, 0, 1]
Ow:
[0.028138237;
 0.010736896;
 -0.06785965]
Keyframe: 11 Frame: 76 Frame from vFrameID : 77
Tcw:
[0.99811751, -0.036945701, -0.04895379, 0.024884904;
 -0.028958242, 0.41971812, -0.90719241, 0.011395901;
 0.054063655, 0.90690225, 0.41785812, -0.072254241;
 0, 0, 0, 1]
Twc:
[0.99811751, -0.028958242, 0.054063655, -0.020601723;
 -0.036945701, 0.41971812, 0.90690225, 0.061663862;
 -0.04895379, -0.90719241, 0.41785812, 0.041748509;
 0, 0, 0, 1]
Ow:
[0.024884904;
 0.011395901;
 -0.072254241]
Keyframe: 12 Frame: 82 Frame from vFrameID : 83
Tcw:
[0.99877959, -0.036272127, -0.033521283, 0.019763546;
 -0.015187402, 0.42026937, -0.90727228, 0.011583125;
 0.046996664, 0.90667415, 0.41920558, -0.076431833;
 0, 0, 0, 1]
Twc:
[0.99877959, -0.015187402, 0.046996664, -0.015971467;
 -0.036272127, 0.42026937, 0.90667415, 0.065147601;
 -0.033521283, -0.90727228, 0.41920558, 0.043212198;
 0, 0, 0, 1]
Ow:
[0.019763546;
 0.011583125;
 -0.076431833]
Keyframe: 13 Frame: 88 Frame from vFrameID : 89
Tcw:
[0.99945468, -0.030558325, -0.012513098, 0.017443432;
 0.0018512709, 0.43020108, -0.90273118, 0.013068916;
 0.032969102, 0.90221572, 0.43002307, -0.080470689;
 0, 0, 0, 1]
Twc:
[0.99945468, 0.0018512709, 0.032969102, -0.014805067;
 -0.030558325, 0.43020108, 0.90221572, 0.067512698;
 -0.012513098, -0.90273118, 0.43002307, 0.046620239;
 0, 0, 0, 1]
Ow:
[0.017443432;
 0.013068916;
 -0.080470689]
Keyframe: 14 Frame: 94 Frame from vFrameID : 95
Tcw:
[0.99994832, -0.0098859789, -0.0023730362, 0.015841812;
 0.0021791691, 0.43639591, -0.89975208, 0.013867304;
 0.0099305138, 0.89970046, 0.4363949, -0.083270416;
 0, 0, 0, 1]
Twc:
[0.99994832, 0.0021791691, 0.0099305138, -0.015044294;
 -0.0098859789, 0.43639591, 0.89970046, 0.069023408;
 -0.0023730362, -0.89975208, 0.4363949, 0.048853517;
 0, 0, 0, 1]
Ow:
[0.015841812;
 0.013867304;
 -0.083270416]
Keyframe: 15 Frame: 101 Frame from vFrameID : 102
Tcw:
[0.99995589, -0.0091289971, -0.0022189091, 0.017993895;
 0.0018983745, 0.42765406, -0.9039405, 0.012780447;
 0.0092009958, 0.90389639, 0.42765251, -0.088820137;
 0, 0, 0, 1]
Twc:
[0.99995589, 0.0018983745, 0.0092009958, -0.017200129;
 -0.0091289971, 0.42765406, 0.90389639, 0.074982859;
 -0.0022189091, -0.9039405, 0.42765251, 0.049576849;
 0, 0, 0, 1]
Ow:
[0.017993895;
 0.012780447;
 -0.088820137]
Keyframe: 16 Frame: 108 Frame from vFrameID : 109
Tcw:
[0.99996012, 0.0012860654, -0.0088392999, 0.021507761;
 -0.0085135903, 0.43667203, -0.89958048, 0.012386214;
 0.0027029556, 0.89961988, 0.43666556, -0.089864731;
 0, 0, 0, 1]
Twc:
[0.99996012, -0.0085135903, 0.0027029556, -0.02115855;
 0.0012860654, 0.43667203, 0.89961988, 0.075407721;
 -0.0088392999, -0.89958048, 0.43666556, 0.050573345;
 0, 0, 0, 1]
Ow:
[0.021507761;
 0.012386214;
 -0.089864731]
Keyframe: 17 Frame: 115 Frame from vFrameID : 116
Tcw:
[0.99997157, -0.0068162265, -0.0032185912, 0.02530716;
 2.2934413e-05, 0.42973569, -0.9029547, 0.011396311;
 0.0075378874, 0.90292901, 0.42972365, -0.084389433;
 0, 0, 0, 1]
Twc:
[0.99997157, 2.2934413e-05, 0.0075378874, -0.024670586;
 -0.0068162265, 0.42973569, 0.90292901, 0.071472771;
 -0.0032185912, -0.9029547, 0.42972365, 0.046635944;
 0, 0, 0, 1]
Ow:
[0.02530716;
 0.011396311;
 -0.084389433]
Keyframe: 18 Frame: 122 Frame from vFrameID : 123
Tcw:
[0.99968016, 0.0076680812, 0.024099793, 0.024749693;
 0.018701036, 0.41738313, -0.90853816, 0.0084787253;
 -0.017025592, 0.90869826, 0.41710624, -0.074466079;
 0, 0, 0, 1]
Twc:
[0.99968016, 0.018701036, -0.017025592, -0.026168164;
 0.0076680812, 0.41738313, 0.90869826, 0.063938536;
 0.024099793, -0.90853816, 0.41710624, 0.038167048;
 0, 0, 0, 1]
Ow:
[0.024749693;
 0.0084787253;
 -0.074466079]
Keyframe: 19 Frame: 129 Frame from vFrameID : 130
Tcw:
[0.99886131, 0.007632812, 0.047093775, 0.027269928;
 0.039265651, 0.42914629, -0.90238112, 0.0047133639;
 -0.027097825, 0.90320277, 0.42835793, -0.066478007;
 0, 0, 0, 1]
Twc:
[0.99886131, 0.039265651, -0.027097825, -0.029225357;
 0.007632812, 0.42914629, 0.90320277, 0.057812244;
 0.047093775, -0.90238112, 0.42835793, 0.031445384;
 0, 0, 0, 1]
Ow:
[0.027269928;
 0.0047133639;
 -0.066478007]
Keyframe: 20 Frame: 135 Frame from vFrameID : 136
Tcw:
[0.99912256, 0.0085724192, 0.040995922, 0.031451222;
 0.033439204, 0.42610407, -0.90405595, -0.00081185065;
 -0.025218476, 0.90463352, 0.42544353, -0.060121346;
 0, 0, 0, 1]
Twc:
[0.99912256, 0.033439204, -0.025218476, -0.032912645;
 0.0085724192, 0.42610407, 0.90463352, 0.054464106;
 0.040995922, -0.90405595, 0.42544353, 0.023554908;
 0, 0, 0, 1]
Ow:
[0.031451222;
 -0.00081185065;
 -0.060121346]
Keyframe: 21 Frame: 142 Frame from vFrameID : 143
Tcw:
[0.99995458, 0.0073280842, 0.0060894447, 0.0429185;
 0.0026294407, 0.40205029, -0.91561383, -0.008782384;
 -0.0091579584, 0.91558826, 0.40201277, -0.051884688;
 0, 0, 0, 1]
Twc:
[0.99995458, 0.0026294407, -0.0091579584, -0.043368619;
 0.0073280842, 0.40205029, 0.91558826, 0.050721463;
 0.0060894447, -0.91561383, 0.40201277, 0.012555686;
 0, 0, 0, 1]
Ow:
[0.0429185;
 -0.008782384;
 -0.051884688]
Keyframe: 22 Frame: 150 Frame from vFrameID : 151
Tcw:
[0.99986476, 0.014932836, 0.0068865879, 0.046707176;
 0.0001255817, 0.41183677, -0.91125762, -0.013161046;
 -0.016443811, 0.91113526, 0.41177922, -0.035583645;
 0, 0, 0, 1]
Twc:
[0.99986476, 0.0001255817, -0.016443811, -0.047284342;
 0.014932836, 0.41183677, 0.91113526, 0.037144244;
 0.0068865879, -0.91125762, 0.41177922, 0.0023378474;
 0, 0, 0, 1]
Ow:
[0.046707176;
 -0.013161046;
 -0.035583645]
Keyframe: 23 Frame: 160 Frame from vFrameID : 161
Tcw:
[0.99885166, 0.03140549, 0.036180384, 0.067442387;
 0.022075405, 0.3685399, -0.92934978, -0.0093373526;
 -0.042520601, 0.92908126, 0.36742339, 0.030061949;
 0, 0, 0, 1]
Twc:
[0.99885166, 0.022075405, -0.042520601, -0.065880559;
 0.03140549, 0.3685399, 0.92908126, -0.026606869;
 0.036180384, -0.92934978, 0.36742339, -0.022163222;
 0, 0, 0, 1]
Ow:
[0.067442387;
 -0.0093373526;
 0.030061949]
Keyframe: 24 Frame: 170 Frame from vFrameID : 171
Tcw:
[0.99878669, 0.039366804, 0.029588023, 0.091553554;
 0.01329284, 0.3630026, -0.93169332, -0.016082987;
 -0.047418315, 0.93095613, 0.36203888, 0.071470648;
 0, 0, 0, 1]
Twc:
[0.99878669, 0.01329284, -0.047418315, -0.087839663;
 0.039366804, 0.3630026, 0.93095613, -0.06430205;
 0.029588023, -0.93169332, 0.36203888, -0.043568451;
 0, 0, 0, 1]
Ow:
[0.091553554;
 -0.016082987;
 0.071470648]
Keyframe: 25 Frame: 180 Frame from vFrameID : 181
Tcw:
[0.9999314, 0.011431482, 0.0025601268, 0.11922853;
 -0.0017728268, 0.36368957, -0.9315185, -0.0075594373;
 -0.011579729, 0.93145007, 0.36368486, 0.1159943;
 0, 0, 0, 1]
Twc:
[0.9999314, -0.0017728268, -0.011579729, -0.11789057;
 0.011431482, 0.36368957, 0.93145007, -0.10665657;
 0.0025601268, -0.9315185, 0.36368486, -0.049532369;
 0, 0, 0, 1]
Ow:
[0.11922853;
 -0.0075594373;
 0.1159943]
Keyframe: 26 Frame: 190 Frame from vFrameID : 191
Tcw:
[0.99976832, 0.0023290757, -0.021397913, 0.14251105;
 -0.02083431, 0.35440573, -0.93485963, -0.025133573;
 0.0054061837, 0.93508887, 0.35437214, 0.16056497;
 0, 0, 0, 1]
Twc:
[0.99976832, -0.02083431, 0.0054061837, -0.14386973;
 0.0023290757, 0.35440573, 0.93508887, -0.14156696;
 -0.021397913, -0.93485963, 0.35437214, -0.077346675;
 0, 0, 0, 1]
Ow:
[0.14251105;
 -0.025133573;
 0.16056497]
Keyframe: 27 Frame: 199 Frame from vFrameID : 200
Tcw:
[0.99984157, 0.01708162, -0.0050067743, 0.15401898;
 -0.010964816, 0.36945334, -0.92918456, -0.036237314;
 -0.01402221, 0.92909229, 0.36958212, 0.18724164;
 0, 0, 0, 1]
Twc:
[0.99984157, -0.010964816, -0.01402221, -0.15176637;
 0.01708162, 0.36945334, 0.92909229, -0.16320765;
 -0.0050067743, -0.92918456, 0.36958212, -0.10210118;
 0, 0, 0, 1]
Ow:
[0.15401898;
 -0.036237314;
 0.18724164]
Keyframe: 28 Frame: 209 Frame from vFrameID : 210
Tcw:
[0.99995011, 0.0091528185, -0.003994172, 0.17042437;
 -0.007182891, 0.38133422, -0.92440933, -0.044246897;
 -0.0069378363, 0.92439193, 0.38138095, 0.2105623;
 0, 0, 0, 1]
Twc:
[0.99995011, -0.007182891, -0.0069378363, -0.16927285;
 0.0091528185, 0.38133422, 0.92439193, -0.17932911;
 -0.003994172, -0.92440933, 0.38138095, -0.12052599;
 0, 0, 0, 1]
Ow:
[0.17042437;
 -0.044246897;
 0.2105623]
Keyframe: 29 Frame: 218 Frame from vFrameID : 219
Tcw:
[0.99906743, -0.013895838, -0.04087944, 0.18956244;
 -0.033638179, 0.34306216, -0.93871021, -0.039007016;
 0.027068354, 0.93920994, 0.34227481, 0.25456533;
 0, 0, 0, 1]
Twc:
[0.99906743, -0.033638179, 0.027068354, -0.19758846;
 -0.013895838, 0.34306216, 0.93920994, -0.22307432;
 -0.04087944, -0.93871021, 0.34227481, -0.11599837;
 0, 0, 0, 1]
Ow:
[0.18956244;
 -0.039007016;
 0.25456533]
Keyframe: 30 Frame: 227 Frame from vFrameID : 228
Tcw:
[0.99957967, -0.00927452, -0.027467759, 0.21065977;
 -0.021967778, 0.37596324, -0.92637414, -0.063169956;
 0.018918544, 0.92658818, 0.37560147, 0.28979948;
 0, 0, 0, 1]
Twc:
[0.99957967, -0.021967778, 0.018918544, -0.21744153;
 -0.00927452, 0.37596324, 0.92658818, -0.24282141;
 -0.027467759, -0.92637414, 0.37560147, -0.16158177;
 0, 0, 0, 1]
Ow:
[0.21065977;
 -0.063169956;
 0.28979948]
Keyframe: 31 Frame: 237 Frame from vFrameID : 238
Tcw:
[0.99973267, 0.0036418887, 0.022832703, 0.21742395;
 0.020055259, 0.35482502, -0.9347176, -0.089426547;
 -0.011505752, 0.93492562, 0.35465714, 0.33067214;
 0, 0, 0, 1]
Twc:
[0.99973267, 0.020055259, -0.011505752, -0.2117677;
 0.0036418887, 0.35482502, 0.93492562, -0.27821493;
 0.022832703, -0.9347176, 0.35465714, -0.20582817;
 0, 0, 0, 1]
Ow:
[0.21742395;
 -0.089426547;
 0.33067214]
Keyframe: 32 Frame: 248 Frame from vFrameID : 249
Tcw:
[0.99840111, -0.03955742, -0.040378496, 0.26018173;
 -0.02508777, 0.33002722, -0.94363797, -0.10702038;
 0.050653886, 0.94314224, 0.32850713, 0.37552857;
 0, 0, 0, 1]
Twc:
[0.99840111, -0.02508777, 0.050653886, -0.28147262;
 -0.03955742, 0.33002722, 0.94314224, -0.30856511;
 -0.040378496, -0.94363797, 0.32850713, -0.21384658;
 0, 0, 0, 1]
Ow:
[0.26018173;
 -0.10702038;
 0.37552857]
Keyframe: 33 Frame: 257 Frame from vFrameID : 258
Tcw:
[0.99678409, -0.050243068, -0.06242691, 0.27653143;
 -0.041051351, 0.34888238, -0.93626702, -0.11170343;
 0.068820573, 0.93581873, 0.34569785, 0.41868147;
 0, 0, 0, 1]
Twc:
[0.99678409, -0.041051351, 0.068820573, -0.30904159;
 -0.050243068, 0.34888238, 0.93581873, -0.33894482;
 -0.06242691, -0.93626702, 0.34569785, -0.23205851;
 0, 0, 0, 1]
Ow:
[0.27653143;
 -0.11170343;
 0.41868147]
Keyframe: 34 Frame: 266 Frame from vFrameID : 267
Tcw:
[0.99664241, -0.044555981, -0.068692602, 0.28941441;
 -0.048342656, 0.35690466, -0.9328891, -0.12689915;
 0.0660825, 0.93307763, 0.35355237, 0.45410839;
 0, 0, 0, 1]
Twc:
[0.99664241, -0.048342656, 0.0660825, -0.32458594;
 -0.044555981, 0.35690466, 0.93307763, -0.36553231;
 -0.068692602, -0.9328891, 0.35355237, -0.25905329;
 0, 0, 0, 1]
Ow:
[0.28941441;
 -0.12689915;
 0.45410839]
Keyframe: 35 Frame: 275 Frame from vFrameID : 276
Tcw:
[0.99673027, -0.062291559, -0.051463973, 0.30917275;
 -0.027147649, 0.34172735, -0.93940693, -0.14050037;
 0.076103769, 0.93773246, 0.33891892, 0.50326079;
 0, 0, 0, 1]
Twc:
[0.99673027, -0.027147649, 0.076103769, -0.35027611;
 -0.062291559, 0.34172735, 0.93773246, -0.4046523;
 -0.051463973, -0.93940693, 0.33891892, -0.28664035;
 0, 0, 0, 1]
Ow:
[0.30917275;
 -0.14050037;
 0.50326079]
Keyframe: 36 Frame: 282 Frame from vFrameID : 283
Tcw:
[0.99023443, -0.07913924, -0.11477241, 0.32808086;
 -0.082110934, 0.33423784, -0.93890512, -0.13487881;
 0.11266552, 0.93916029, 0.32447565, 0.5295006;
 0, 0, 0, 1]
Twc:
[0.99023443, -0.082110934, 0.11266552, -0.39560845;
 -0.07913924, 0.33423784, 0.93916029, -0.4262403;
 -0.11477241, -0.93890512, 0.32447565, -0.26079383;
 0, 0, 0, 1]
Ow:
[0.32808086;
 -0.13487881;
 0.5295006]
Keyframe: 37 Frame: 290 Frame from vFrameID : 291
Tcw:
[0.99459249, -0.053701043, -0.088892937, 0.3353121;
 -0.064403571, 0.35255611, -0.93357182, -0.1570525;
 0.081473529, 0.93424857, 0.34719113, 0.55616766;
 0, 0, 0, 1]
Twc:
[0.99459249, -0.064403571, 0.081473529, -0.3889266;
 -0.053701043, 0.35255611, 0.93424857, -0.44622239;
 -0.088892937, -0.93357182, 0.34719113, -0.3099094;
 0, 0, 0, 1]
Ow:
[0.3353121;
 -0.1570525;
 0.55616766]
Keyframe: 38 Frame: 299 Frame from vFrameID : 300
Tcw:
[0.99917555, -0.039554831, -0.0091429139, 0.34275031;
 0.0052358322, 0.34887844, -0.93715334, -0.19212735;
 0.040258709, 0.93633288, 0.34879792, 0.57874584;
 0, 0, 0, 1]
Twc:
[0.99917555, 0.0052358322, 0.040258709, -0.36476135;
 -0.039554831, 0.34887844, 0.93633288, -0.46131226;
 -0.0091429139, -0.93715334, 0.34879792, -0.37878439;
 0, 0, 0, 1]
Ow:
[0.34275031;
 -0.19212735;
 0.57874584]
Keyframe: 39 Frame: 307 Frame from vFrameID : 308
Tcw:
[0.99901098, -0.043650601, -0.0084664337, 0.35816675;
 0.0070764408, 0.34406704, -0.93891841, -0.20453744;
 0.043897375, 0.93792993, 0.34403563, 0.62571239;
 0, 0, 0, 1]
Twc:
[0.99901098, 0.0070764408, 0.043897375, -0.38383225;
 -0.043650601, 0.34406704, 0.93792993, -0.50086558;
 -0.0084664337, -0.93891841, 0.34403563, -0.40427893;
 0, 0, 0, 1]
Ow:
[0.35816675;
 -0.20453744;
 0.62571239]
Keyframe: 40 Frame: 315 Frame from vFrameID : 316
Tcw:
[0.9945972, -0.085963897, -0.058194224, 0.38119784;
 -0.023969961, 0.35526177, -0.93445945, -0.20384867;
 0.10100396, 0.93080574, 0.35128182, 0.66509295;
 0, 0, 0, 1]
Twc:
[0.9945972, -0.023969961, 0.10100396, -0.45120159;
 -0.085963897, 0.35526177, 0.93080574, -0.51388341;
 -0.058194224, -0.93445945, 0.35128182, -0.4019399;
 0, 0, 0, 1]
Ow:
[0.38119784;
 -0.20384867;
 0.66509295]
Keyframe: 41 Frame: 324 Frame from vFrameID : 325
Tcw:
[0.99688667, -0.072633557, -0.030681843, 0.393693;
 -0.0032754655, 0.35064223, -0.93650377, -0.23500386;
 0.078779951, 0.93368858, 0.34931266, 0.70008361;
 0, 0, 0, 1]
Twc:
[0.99688667, -0.0032754655, 0.078779951, -0.44838956;
 -0.072633557, 0.35064223, 0.93368858, -0.54266244;
 -0.030681843, -0.93650377, 0.34931266, -0.45255083;
 0, 0, 0, 1]
Ow:
[0.393693;
 -0.23500386;
 0.70008361]
Keyframe: 42 Frame: 333 Frame from vFrameID : 334
Tcw:
[0.99752802, -0.067494243, 0.019553116, 0.40436116;
 0.042432129, 0.35676667, -0.93322939, -0.25939307;
 0.05601171, 0.93175215, 0.3587487, 0.72507328;
 0, 0, 0, 1]
Twc:
[0.99752802, 0.042432129, 0.05601171, -0.4329676;
 -0.067494243, 0.35676667, 0.93175215, -0.55575371;
 0.019553116, -0.93322939, 0.3587487, -0.51009881;
 0, 0, 0, 1]
Ow:
[0.40436116;
 -0.25939307;
 0.72507328]
Keyframe: 43 Frame: 341 Frame from vFrameID : 342
Tcw:
[0.99736691, -0.072364286, -0.0047566141, 0.4255842;
 0.022419628, 0.37004805, -0.92874205, -0.26289046;
 0.068967931, 0.92618996, 0.37069604, 0.7477684;
 0, 0, 0, 1]
Twc:
[0.99736691, 0.022419628, 0.068967931, -0.47014177;
 -0.072364286, 0.37004805, 0.92618996, -0.5644964;
 -0.0047566141, -0.92874205, 0.37069604, -0.51932788;
 0, 0, 0, 1]
Ow:
[0.4255842;
 -0.26289046;
 0.7477684]
Keyframe: 44 Frame: 349 Frame from vFrameID : 350
Tcw:
[0.99372089, -0.097401202, -0.055061832, 0.44022247;
 -0.015344392, 0.3688325, -0.92936921, -0.27021432;
 0.11083028, 0.92437851, 0.365022, 0.76877511;
 0, 0, 0, 1]
Twc:
[0.99372089, -0.015344392, 0.11083028, -0.52680808;
 -0.097401202, 0.3688325, 0.92437851, -0.56809717;
 -0.055061832, -0.92936921, 0.365022, -0.50750923;
 0, 0, 0, 1]
Ow:
[0.44022247;
 -0.27021432;
 0.76877511]
Keyframe: 45 Frame: 358 Frame from vFrameID : 359
Tcw:
[0.99515629, -0.092573747, -0.033076942, 0.45307603;
 0.0059150616, 0.39224851, -0.91984028, -0.2784248;
 0.09812744, 0.91518915, 0.39089614, 0.78765589;
 0, 0, 0, 1]
Twc:
[0.99515629, 0.0059150616, 0.09812744, -0.52652526;
 -0.092573747, 0.39224851, 0.91518915, -0.56969953;
 -0.033076942, -0.91984028, 0.39089614, -0.54901165;
 0, 0, 0, 1]
Ow:
[0.45307603;
 -0.2784248;
 0.78765589]
Keyframe: 46 Frame: 367 Frame from vFrameID : 368
Tcw:
[0.99406439, -0.10879106, 0.00069855241, 0.46456978;
 0.043133214, 0.38821325, -0.92055959, -0.29280475;
 0.099877469, 0.91512567, 0.39060149, 0.8117826;
 0, 0, 0, 1]
Twc:
[0.99406439, 0.043133214, 0.099877469, -0.53026146;
 -0.10879106, 0.38821325, 0.91512567, -0.57867134;
 0.00069855241, -0.92055959, 0.39060149, -0.58695221;
 0, 0, 0, 1]
Ow:
[0.46456978;
 -0.29280475;
 0.8117826]
Keyframe: 47 Frame: 375 Frame from vFrameID : 376
Tcw:
[0.99056691, -0.12915665, -0.045779034, 0.47135383;
 0.0066663632, 0.37910664, -0.92532897, -0.29625291;
 0.13686752, 0.91629511, 0.37639153, 0.83517241;
 0, 0, 0, 1]
Twc:
[0.99056691, 0.0066663632, 0.13686752, -0.57924056;
 -0.12915665, 0.37910664, 0.91629511, -0.59207445;
 -0.045779034, -0.92532897, 0.37639153, -0.56690508;
 0, 0, 0, 1]
Ow:
[0.47135383;
 -0.29625291;
 0.83517241]
Keyframe: 48 Frame: 383 Frame from vFrameID : 384
Tcw:
[0.98469812, -0.14837454, -0.091403753, 0.48546967;
 -0.02716529, 0.38739836, -0.92151213, -0.29250133;
 0.1721386, 0.90989423, 0.3774398, 0.86180389;
 0, 0, 0, 1]
Twc:
[0.98469812, -0.02716529, 0.1721386, -0.63433665;
 -0.14837454, 0.38739836, 0.90989423, -0.59880453;
 -0.091403753, -0.92151213, 0.3774398, -0.55044883;
 0, 0, 0, 1]
Ow:
[0.48546967;
 -0.29250133;
 0.86180389]
Keyframe: 49 Frame: 391 Frame from vFrameID : 392
Tcw:
[0.98904115, -0.13691567, -0.055242695, 0.49923337;
 0.0038822785, 0.39815965, -0.91730791, -0.3068274;
 0.14758924, 0.90704077, 0.39432782, 0.8919208;
 0, 0, 0, 1]
Twc:
[0.98904115, 0.0038822785, 0.14758924, -0.62420905;
 -0.13691567, 0.39815965, 0.90704077, -0.61848938;
 -0.055242695, -0.91730791, 0.39432782, -0.6055854;
 0, 0, 0, 1]
Ow:
[0.49923337;
 -0.3068274;
 0.8919208]
Keyframe: 50 Frame: 400 Frame from vFrameID : 401
Tcw:
[0.99307615, -0.11747259, 6.8672816e-05, 0.50948137;
 0.047962815, 0.40492868, -0.91308945, -0.32610923;
 0.10723517, 0.90677065, 0.40775931, 0.9082222;
 0, 0, 0, 1]
Twc:
[0.99307615, 0.047962815, 0.10723517, -0.58770603;
 -0.11747259, 0.40492868, 0.90677065, -0.63164812;
 6.8672816e-05, -0.91308945, 0.40775931, -0.66813791;
 0, 0, 0, 1]
Ow:
[0.50948137;
 -0.32610923;
 0.9082222]
Keyframe: 51 Frame: 408 Frame from vFrameID : 409
Tcw:
[0.99142796, -0.12891968, -0.02122039, 0.51759547;
 0.030738702, 0.38801065, -0.92114216, -0.32576331;
 0.12698708, 0.91259378, 0.38864744, 0.94506007;
 0, 0, 0, 1]
Twc:
[0.99142796, 0.030738702, 0.12698708, -0.62315553;
 -0.12891968, 0.38801065, 0.91259378, -0.66932809;
 -0.02122039, -0.92114216, 0.38864744, -0.6563859;
 0, 0, 0, 1]
Ow:
[0.51759547;
 -0.32576331;
 0.94506007]
Keyframe: 52 Frame: 416 Frame from vFrameID : 417
Tcw:
[0.98649257, -0.14586861, -0.074530132, 0.53236306;
 -0.0055453689, 0.42499053, -0.90518081, -0.33583283;
 0.16371207, 0.89336747, 0.41844109, 0.96161079;
 0, 0, 0, 1]
Twc:
[0.98649257, -0.0055453689, 0.16371207, -0.68446183;
 -0.14586861, 0.42499053, 0.89336747, -0.63869095;
 -0.074530132, -0.90518081, 0.41844109, -0.66668981;
 0, 0, 0, 1]
Ow:
[0.53236306;
 -0.33583283;
 0.96161079]
Keyframe: 53 Frame: 424 Frame from vFrameID : 425
Tcw:
[0.98928988, -0.13891584, -0.0448093, 0.54036486;
 0.019498479, 0.43000957, -0.90261376, -0.34410432;
 0.14465576, 0.89207298, 0.42811278, 0.99491739;
 0, 0, 0, 1]
Twc:
[0.98928988, 0.019498479, 0.14465576, -0.67178851;
 -0.13891584, 0.43000957, 0.89207298, -0.66450548;
 -0.0448093, -0.90261376, 0.42811278, -0.71231675;
 0, 0, 0, 1]
Ow:
[0.54036486;
 -0.34410432;
 0.99491739]
Keyframe: 54 Frame: 432 Frame from vFrameID : 433
Tcw:
[0.99292302, -0.11873603, -0.0023641812, 0.54779971;
 0.048810888, 0.42616457, -0.90332788, -0.36066377;
 0.10826509, 0.89681965, 0.42894423, 1.0219754;
 0, 0, 0, 1]
Twc:
[0.99292302, 0.048810888, 0.10826509, -0.63696295;
 -0.11873603, 0.42616457, 0.89681965, -0.69778198;
 -0.0023641812, -0.90332788, 0.42894423, -0.76287299;
 0, 0, 0, 1]
Ow:
[0.54779971;
 -0.36066377;
 1.0219754]
Keyframe: 55 Frame: 440 Frame from vFrameID : 441
Tcw:
[0.99420077, -0.10713259, -0.0093501508, 0.55681145;
 0.039018713, 0.44038114, -0.89696264, -0.36783332;
 0.10021156, 0.89139611, 0.44200745, 1.0424483;
 0, 0, 0, 1]
Twc:
[0.99420077, 0.039018713, 0.10021156, -0.64369529;
 -0.10713259, 0.44038114, 0.89139611, -0.70759487;
 -0.0093501508, -0.89696264, 0.44200745, -0.78549641;
 0, 0, 0, 1]
Ow:
[0.55681145;
 -0.36783332;
 1.0424483]
Keyframe: 56 Frame: 448 Frame from vFrameID : 449
Tcw:
[0.99217761, -0.11038166, -0.058304653, 0.56807256;
 -0.0061897328, 0.42298245, -0.90611672, -0.36734727;
 0.12468051, 0.89938962, 0.41899049, 1.0706677;
 0, 0, 0, 1]
Twc:
[0.99217761, -0.0061897328, 0.12468051, -0.69939405;
 -0.11038166, 0.42298245, 0.89938962, -0.74486125;
 -0.058304653, -0.90611672, 0.41899049, -0.74833786;
 0, 0, 0, 1]
Ow:
[0.56807256;
 -0.36734727;
 1.0706677]
Keyframe: 57 Frame: 456 Frame from vFrameID : 457
Tcw:
[0.98865956, -0.12298372, -0.086181402, 0.57841563;
 -0.022009037, 0.44901997, -0.89325064, -0.37568268;
 0.14855245, 0.88501757, 0.44122115, 1.0894711;
 0, 0, 0, 1]
Twc:
[0.98865956, -0.022009037, 0.14855245, -0.74196821;
 -0.12298372, 0.44901997, 0.88501757, -0.72437626;
 -0.086181402, -0.89325064, 0.44122115, -0.76642776;
 0, 0, 0, 1]
Ow:
[0.57841563;
 -0.37568268;
 1.0894711]
Keyframe: 58 Frame: 464 Frame from vFrameID : 465
Tcw:
[0.99483454, -0.097974077, -0.026557449, 0.57563478;
 0.019027403, 0.43696848, -0.89927554, -0.3745617;
 0.099710457, 0.89412504, 0.43657553, 1.1212343;
 0, 0, 0, 1]
Twc:
[0.99483454, 0.019027403, 0.099710457, -0.67733324;
 -0.097974077, 0.43696848, 0.89412504, -0.78245479;
 -0.026557449, -0.89927554, 0.43657553, -0.81105024;
 0, 0, 0, 1]
Ow:
[0.57563478;
 -0.3745617;
 1.1212343]
Keyframe: 59 Frame: 472 Frame from vFrameID : 473
Tcw:
[0.99466383, -0.10193393, 0.015915593, 0.58454597;
 0.059492331, 0.44067127, -0.89569497, -0.38677675;
 0.084288165, 0.89186227, 0.44438407, 1.1297264;
 0, 0, 0, 1]
Twc:
[0.99466383, 0.059492331, 0.084288165, -0.65363908;
 -0.10193393, 0.44067127, 0.89186227, -0.77753389;
 0.015915593, -0.89569497, 0.44438407, -0.85776985;
 0, 0, 0, 1]
Ow:
[0.58454597;
 -0.38677675;
 1.1297264]
Keyframe: 60 Frame: 480 Frame from vFrameID : 481
Tcw:
[0.99398011, -0.10956085, 6.9248876e-05, 0.58499527;
 0.048014991, 0.43504298, -0.89912856, -0.38003138;
 0.098479167, 0.8937192, 0.43768463, 1.154012;
 0, 0, 0, 1]
Twc:
[0.99398011, 0.048014991, 0.098479167, -0.67687255;
 -0.10956085, 0.43504298, 0.8937192, -0.80194008;
 6.9248876e-05, -0.89912856, 0.43768463, -0.8468309;
 0, 0, 0, 1]
Ow:
[0.58499527;
 -0.38003138;
 1.154012]
Keyframe: 61 Frame: 488 Frame from vFrameID : 489
Tcw:
[0.9931621, -0.11479472, -0.021243174, 0.58448827;
 0.029559804, 0.42330739, -0.90550375, -0.37367481;
 0.11293944, 0.89868408, 0.42380616, 1.181378;
 0, 0, 0, 1]
Twc:
[0.9931621, 0.029559804, 0.11293944, -0.70286995;
 -0.11479472, 0.42330739, 0.89868408, -0.83641005;
 -0.021243174, -0.90550375, 0.42380616, -0.82662284;
 0, 0, 0, 1]
Ow:
[0.58448827;
 -0.37367481;
 1.181378]
Keyframe: 62 Frame: 496 Frame from vFrameID : 497
Tcw:
[0.99400377, -0.10892021, -0.0096383402, 0.59020537;
 0.039743066, 0.44199356, -0.89613736, -0.3714219;
 0.10186756, 0.89038086, 0.44367209, 1.2070863;
 0, 0, 0, 1]
Twc:
[0.99400377, 0.039743066, 0.10186756, -0.69486791;
 -0.10892021, 0.44199356, 0.89038086, -0.84631521;
 -0.0096383402, -0.89613736, 0.44367209, -0.86270696;
 0, 0, 0, 1]
Ow:
[0.59020537;
 -0.3714219;
 1.2070863]
Keyframe: 63 Frame: 505 Frame from vFrameID : 506
Tcw:
[0.99458003, -0.096139111, 0.039595835, 0.58610463;
 0.078192644, 0.44059646, -0.89429337, -0.37788373;
 0.068530783, 0.89254248, 0.4457258, 1.2465203;
 0, 0, 0, 1]
Twc:
[0.99458003, 0.078192644, 0.068530783, -0.63880527;
 -0.096139111, 0.44059646, 0.89254248, -0.88973039;
 0.039595835, -0.89429337, 0.4457258, -0.91675252;
 0, 0, 0, 1]
Ow:
[0.58610463;
 -0.37788373;
 1.2465203]
Keyframe: 64 Frame: 513 Frame from vFrameID : 514
Tcw:
[0.9946177, -0.09583509, 0.039385553, 0.59810865;
 0.077337988, 0.43370488, -0.89772987, -0.37661749;
 0.068952315, 0.89594406, 0.43878224, 1.2755768;
 0, 0, 0, 1]
Twc:
[0.9946177, 0.077337988, 0.068952315, -0.65371662;
 -0.09583509, 0.43370488, 0.89594406, -0.92218482;
 0.039385553, -0.89772987, 0.43878224, -0.92135811;
 0, 0, 0, 1]
Ow:
[0.59810865;
 -0.37661749;
 1.2755768]
Keyframe: 65 Frame: 522 Frame from vFrameID : 523
Tcw:
[0.99367422, -0.10245598, -0.04598159, 0.61837673;
 0.00033843835, 0.41217938, -0.91110265, -0.36753315;
 0.11230058, 0.90532368, 0.4096067, 1.3144037;
 0, 0, 0, 1]
Twc:
[0.99367422, 0.00033843835, 0.11230058, -0.76194894;
 -0.10245598, 0.41217938, 0.90532368, -0.97511476;
 -0.04598159, -0.91110265, 0.4096067, -0.84481502;
 0, 0, 0, 1]
Ow:
[0.61837673;
 -0.36753315;
 1.3144037]
Keyframe: 66 Frame: 531 Frame from vFrameID : 532
Tcw:
[0.99179083, -0.12456979, -0.028866572, 0.6277194;
 0.027909262, 0.43118733, -0.90183067, -0.36861917;
 0.12478776, 0.89362174, 0.4311243, 1.3502319;
 0, 0, 0, 1]
Twc:
[0.99179083, 0.027909262, 0.12478776, -0.7807709;
 -0.12456979, 0.43118733, 0.89362174, -0.96945786;
 -0.028866572, -0.90183067, 0.4311243, -0.89642978;
 0, 0, 0, 1]
Ow:
[0.6277194;
 -0.36861917;
 1.3502319]
Keyframe: 67 Frame: 539 Frame from vFrameID : 540
Tcw:
[0.99308747, -0.11659623, 0.013511034, 0.64291465;
 0.059978321, 0.40514007, -0.91228509, -0.36744028;
 0.10089514, 0.9067893, 0.40933278, 1.3723131;
 0, 0, 0, 1]
Twc:
[0.99308747, 0.059978321, 0.10089514, -0.75489175;
 -0.11659623, 0.40514007, 0.9067893, -1.0205727;
 0.013511034, -0.91228509, 0.40933278, -0.90562952;
 0, 0, 0, 1]
Ow:
[0.64291465;
 -0.36744028;
 1.3723131]
Keyframe: 68 Frame: 547 Frame from vFrameID : 548
Tcw:
[0.99588495, -0.090390772, -0.0065314611, 0.66897684;
 0.031013457, 0.40763631, -0.91261756, -0.36642048;
 0.085154667, 0.90865952, 0.40876219, 1.3904395;
 0, 0, 0, 1]
Twc:
[0.99588495, 0.031013457, 0.085154667, -0.77326244;
 -0.090390772, 0.40763631, 0.90865952, -1.0536005;
 -0.0065314611, -0.91261756, 0.40876219, -0.89839154;
 0, 0, 0, 1]
Ow:
[0.66897684;
 -0.36642048;
 1.3904395]
Keyframe: 69 Frame: 556 Frame from vFrameID : 557
Tcw:
[0.98126888, -0.14694659, -0.12457141, 0.70131558;
 -0.058590222, 0.38836157, -0.91964257, -0.34119791;
 0.1835171, 0.90971535, 0.3724775, 1.4162445;
 0, 0, 0, 1]
Twc:
[0.98126888, -0.058590222, 0.1835171, -0.9680751;
 -0.14694659, 0.38836157, 0.90971535, -1.0528152;
 -0.12457141, -0.91964257, 0.3724775, -0.75393546;
 0, 0, 0, 1]
Ow:
[0.70131558;
 -0.34119791;
 1.4162445]
Keyframe: 70 Frame: 565 Frame from vFrameID : 566
Tcw:
[0.98897481, -0.11093916, -0.098088421, 0.70742381;
 -0.041458923, 0.42846432, -0.90260702, -0.34095663;
 0.14216186, 0.89672226, 0.41914102, 1.4372441;
 0, 0, 0, 1]
Twc:
[0.98897481, -0.041458923, 0.14216186, -0.91808128;
 -0.11093916, 0.42846432, 0.89672226, -1.06424;
 -0.098088421, -0.90260702, 0.41914102, -0.84076768;
 0, 0, 0, 1]
Ow:
[0.70742381;
 -0.34095663;
 1.4372441]
Keyframe: 71 Frame: 573 Frame from vFrameID : 574
Tcw:
[0.99387699, -0.099132597, -0.048798174, 0.71574569;
 -0.0038236489, 0.41052124, -0.911843, -0.34661195;
 0.11042605, 0.9064464, 0.40762857, 1.4512973;
 0, 0, 0, 1]
Twc:
[0.99387699, -0.0038236489, 0.11042605, -0.87294948;
 -0.099132597, 0.41052124, 0.9064464, -1.1022779;
 -0.048798174, -0.911843, 0.40762857, -0.87271881;
 0, 0, 0, 1]
Ow:
[0.71574569;
 -0.34661195;
 1.4512973]
Keyframe: 72 Frame: 581 Frame from vFrameID : 582
Tcw:
[0.99486667, -0.092997938, -0.039895907, 0.70159191;
 0.0024439616, 0.41621634, -0.9092623, -0.32157093;
 0.10116485, 0.90449727, 0.41430706, 1.4681767;
 0, 0, 0, 1]
Twc:
[0.99486667, 0.0024439616, 0.10116485, -0.84573239;
 -0.092997938, 0.41621634, 0.90449727, -1.1288722;
 -0.039895907, -0.9092623, 0.41430706, -0.87267768;
 0, 0, 0, 1]
Ow:
[0.70159191;
 -0.32157093;
 1.4681767]
Keyframe: 73 Frame: 589 Frame from vFrameID : 590
Tcw:
[0.99041468, -0.086874329, -0.10738534, 0.7191509;
 -0.062004711, 0.41508174, -0.90766877, -0.3108646;
 0.12342681, 0.90562683, 0.40571645, 1.492743;
 0, 0, 0, 1]
Twc:
[0.99041468, -0.062004711, 0.12342681, -0.91577721;
 -0.086874329, 0.41508174, 0.90562683, -1.1603582;
 -0.10738534, -0.90766877, 0.40571645, -0.81056613;
 0, 0, 0, 1]
Ow:
[0.7191509;
 -0.3108646;
 1.492743]
Keyframe: 74 Frame: 597 Frame from vFrameID : 598
Tcw:
[0.99016339, -0.086743787, -0.10978165, 0.72531116;
 -0.066080451, 0.40168065, -0.9133926, -0.30606771;
 0.1233283, 0.91166234, 0.3919974, 1.516305;
 0, 0, 0, 1]
Twc:
[0.99016339, -0.066080451, 0.1233283, -0.92540491;
 -0.086743787, 0.40168065, 0.91166234, -1.1965004;
 -0.10978165, -0.9133926, 0.3919974, -0.79432172;
 0, 0, 0, 1]
Ow:
[0.72531116;
 -0.30606771;
 1.516305]
Keyframe: 75 Frame: 606 Frame from vFrameID : 607
Tcw:
[0.99534613, -0.070091151, -0.066131316, 0.72189993;
 -0.033765767, 0.38907799, -0.92058581, -0.29552311;
 0.090255156, 0.91853446, 0.38490057, 1.5424042;
 0, 0, 0, 1]
Twc:
[0.99534613, -0.033765767, 0.090255156, -0.86772871;
 -0.070091151, 0.38907799, 0.91853446, -1.251171;
 -0.066131316, -0.92058581, 0.38490057, -0.81798637;
 0, 0, 0, 1]
Ow:
[0.72189993;
 -0.29552311;
 1.5424042]
Keyframe: 76 Frame: 614 Frame from vFrameID : 615
Tcw:
[0.99684358, -0.052937452, -0.059164882, 0.73007679;
 -0.032681264, 0.40554425, -0.91349101, -0.27031699;
 0.072351865, 0.91254121, 0.40253413, 1.5509419;
 0, 0, 0, 1]
Twc:
[0.99684358, -0.032681264, 0.072351865, -0.84882021;
 -0.052937452, 0.40554425, 0.91254121, -1.2670245;
 -0.059164882, -0.91349101, 0.40253413, -0.8280443;
 0, 0, 0, 1]
Ow:
[0.73007679;
 -0.27031699;
 1.5509419]
Keyframe: 77 Frame: 621 Frame from vFrameID : 622
Tcw:
[0.99293822, -0.070679508, -0.095278859, 0.74920142;
 -0.060228195, 0.39160433, -0.91816044, -0.28236687;
 0.10220674, 0.91741508, 0.38458201, 1.5764232;
 0, 0, 0, 1]
Twc:
[0.99293822, -0.060228195, 0.10220674, -0.92203826;
 -0.070679508, 0.39160433, 0.91741508, -1.2827052;
 -0.095278859, -0.91816044, 0.38458201, -0.79413909;
 0, 0, 0, 1]
Ow:
[0.74920142;
 -0.28236687;
 1.5764232]
Keyframe: 78 Frame: 629 Frame from vFrameID : 630
Tcw:
[0.99171096, -0.062592693, -0.11221202, 0.75495172;
 -0.07612256, 0.41734281, -0.90555525, -0.29170126;
 0.10351203, 0.90659094, 0.40911874, 1.5914885;
 0, 0, 0, 1]
Twc:
[0.99171096, -0.07612256, 0.10351203, -0.93563712;
 -0.062592693, 0.41734281, 0.90659094, -1.2738351;
 -0.11221202, -0.90555525, 0.40911874, -0.83054471;
 0, 0, 0, 1]
Ow:
[0.75495172;
 -0.29170126;
 1.5914885]
Keyframe: 79 Frame: 637 Frame from vFrameID : 638
Tcw:
[0.99458951, -0.053444747, -0.089080364, 0.74717134;
 -0.059886053, 0.40570524, -0.91204, -0.29920575;
 0.084884115, 0.91244006, 0.40030959, 1.6161658;
 0, 0, 0, 1]
Twc:
[0.99458951, -0.059886053, 0.084884115, -0.89823383;
 -0.053444747, 0.40570524, 0.91244006, -1.3133328;
 -0.089080364, -0.91204, 0.40030959, -0.85329598;
 0, 0, 0, 1]
Ow:
[0.74717134;
 -0.29920575;
 1.6161658]
Keyframe: 80 Frame: 646 Frame from vFrameID : 647
Tcw:
[0.99768317, -0.045969889, -0.050150294, 0.73664731;
 -0.027419437, 0.40292901, -0.91482043, -0.27473378;
 0.062261201, 0.91407603, 0.40073502, 1.6208848;
 0, 0, 0, 1]
Twc:
[0.99768317, -0.027419437, 0.062261201, -0.84339195;
 -0.045969889, 0.40292901, 0.91407603, -1.3370501;
 -0.050150294, -0.91482043, 0.40073502, -0.86393428;
 0, 0, 0, 1]
Ow:
[0.73664731;
 -0.27473378;
 1.6208848]
Keyframe: 81 Frame: 654 Frame from vFrameID : 655
Tcw:
[0.993119, -0.083778411, -0.081828348, 0.73830026;
 -0.042928696, 0.38966188, -0.91995692, -0.2746616;
 0.10895792, 0.91713947, 0.38338411, 1.6407225;
 0, 0, 0, 1]
Twc:
[0.993119, -0.042928696, 0.10895792, -0.9237805;
 -0.083778411, 0.38966188, 0.91713947, -1.3358926;
 -0.081828348, -0.91995692, 0.38338411, -0.82128984;
 0, 0, 0, 1]
Ow:
[0.73830026;
 -0.2746616;
 1.6407225]
Keyframe: 82 Frame: 662 Frame from vFrameID : 663
Tcw:
[0.98886937, -0.094426483, -0.11498257, 0.74310696;
 -0.069006808, 0.39358723, -0.91669357, -0.28034091;
 0.13181582, 0.91442478, 0.38269031, 1.6515269;
 0, 0, 0, 1]
Twc:
[0.98886937, -0.069006808, 0.13181582, -0.97187853;
 -0.094426483, 0.39358723, 0.91442478, -1.3296896;
 -0.11498257, -0.91669357, 0.38269031, -0.80356574;
 0, 0, 0, 1]
Ow:
[0.74310696;
 -0.28034091;
 1.6515269]
Keyframe: 83 Frame: 670 Frame from vFrameID : 671
Tcw:
[0.99357164, -0.090549156, -0.067942634, 0.73297596;
 -0.024236182, 0.41611382, -0.90898949, -0.29066586;
 0.1105801, 0.90479285, 0.41124436, 1.6584108;
 0, 0, 0, 1]
Twc:
[0.99357164, -0.024236182, 0.1105801, -0.91869599;
 -0.090549156, 0.41611382, 0.90479285, -1.3131979;
 -0.067942634, -0.90898949, 0.41124436, -0.89642394;
 0, 0, 0, 1]
Ow:
[0.73297596;
 -0.29066586;
 1.6584108]
Keyframe: 84 Frame: 678 Frame from vFrameID : 679
Tcw:
[0.99776709, -0.066238418, -0.0085646212, 0.71378207;
 0.017115466, 0.37752596, -0.9258408, -0.2749657;
 0.064559601, 0.9236269, 0.37781668, 1.6960866;
 0, 0, 0, 1]
Twc:
[0.99776709, 0.017115466, 0.064559601, -0.81698078;
 -0.066238418, 0.37752596, 0.9236269, -1.4154646;
 -0.0085646212, -0.9258408, 0.37781668, -0.88927102;
 0, 0, 0, 1]
Ow:
[0.71378207;
 -0.2749657;
 1.6960866]
Keyframe: 85 Frame: 686 Frame from vFrameID : 687
Tcw:
[0.99823624, -0.051143553, -0.030145479, 0.72958732;
 -0.0080877366, 0.38589358, -0.92250782, -0.27617127;
 0.058813278, 0.92112458, 0.38479933, 1.7044561;
 0, 0, 0, 1]
Twc:
[0.99823624, -0.0080877366, 0.058813278, -0.83077878;
 -0.051143553, 0.38589358, 0.92112458, -1.4261299;
 -0.030145479, -0.92250782, 0.38479933, -0.88864994;
 0, 0, 0, 1]
Ow:
[0.72958732;
 -0.27617127;
 1.7044561]
Keyframe: 86 Frame: 694 Frame from vFrameID : 695
Tcw:
[0.99726593, -0.057001114, -0.047027357, 0.71735197;
 -0.021290414, 0.38777867, -0.92150658, -0.27828372;
 0.070763111, 0.91998833, 0.38550487, 1.7238823;
 0, 0, 0, 1]
Twc:
[0.99726593, -0.021290414, 0.070763111, -0.84330273;
 -0.057001114, 0.38777867, 0.91998833, -1.4371493;
 -0.047027357, -0.92150658, 0.38550487, -0.88727015;
 0, 0, 0, 1]
Ow:
[0.71735197;
 -0.27828372;
 1.7238823]
Keyframe: 87 Frame: 703 Frame from vFrameID : 704
Tcw:
[0.99750513, -0.051817451, -0.047942001, 0.72828126;
 -0.02548792, 0.36895731, -0.92909682, -0.26958126;
 0.065831982, 0.92800081, 0.36671609, 1.7469395;
 0, 0, 0, 1]
Twc:
[0.99750513, -0.02548792, 0.065831982, -0.84833986;
 -0.051817451, 0.36895731, 0.92800081, -1.4839597;
 -0.047942001, -0.92909682, 0.36671609, -0.85618269;
 0, 0, 0, 1]
Ow:
[0.72828126;
 -0.26958126;
 1.7469395]
Keyframe: 88 Frame: 711 Frame from vFrameID : 712
Tcw:
[0.99819446, -0.059994925, 0.0029021588, 0.7386983;
 0.025199777, 0.3744356, -0.9269104, -0.28767931;
 0.054523248, 0.92531002, 0.37527141, 1.7647592;
 0, 0, 0, 1]
Twc:
[0.99819446, 0.025199777, 0.054523248, -0.82633549;
 -0.059994925, 0.3744356, 0.92531002, -1.4809136;
 0.0029021588, -0.9269104, 0.37527141, -0.93106043;
 0, 0, 0, 1]
Ow:
[0.7386983;
 -0.28767931;
 1.7647592]
Keyframe: 89 Frame: 719 Frame from vFrameID : 720
Tcw:
[0.99805593, -0.060476482, 0.015064989, 0.71783018;
 0.037244581, 0.38493222, -0.92219305, -0.28343248;
 0.04997199, 0.92096132, 0.38643631, 1.7862294;
 0, 0, 0, 1]
Twc:
[0.99805593, 0.037244581, 0.04997199, -0.79513973;
 -0.060476482, 0.38493222, 0.92096132, -1.492534;
 0.015064989, -0.92219305, 0.38643631, -0.96245748;
 0, 0, 0, 1]
Ow:
[0.71783018;
 -0.28343248;
 1.7862294]
Keyframe: 90 Frame: 727 Frame from vFrameID : 728
Tcw:
[0.99522603, -0.087886922, -0.042439252, 0.73527235;
 -0.0059680585, 0.37922433, -0.92528552, -0.29275984;
 0.097414494, 0.92112148, 0.37688938, 1.8055767;
 0, 0, 0, 1]
Twc:
[0.99522603, -0.0059680585, 0.097414494, -0.90939867;
