Keyframe: 0 Frame: 0 Frame from vFrameID : 131
Tcw:
[0.99885195, 0.044110429, 0.018683355, 0.23562993;
 0.0040529352, 0.31080207, -0.95046604, -0.058707297;
 -0.04773229, 0.94945055, 0.31026646, 0.31988397;
 0, 0, 0, 1]
Twc:
[0.99885195, 0.0040529352, -0.04773229, -0.21985267;
 0.044110429, 0.31080207, 0.94945055, -0.29586142;
 0.018683355, -0.95046604, 0.31026646, -0.15945093;
 0, 0, 0, 1]
Ow:
[0.23562993;
 -0.058707297;
 0.31988397]
Keyframe: 1 Frame: 192 Frame from vFrameID : 131
Tcw:
[0.64144206, 0.72073448, -0.26285714, -0.12302706;
 -0.40491876, 0.027045965, -0.91395259, 0.018855665;
 -0.65160793, 0.69268346, 0.30918732, -0.070589535;
 0, 0, 0, 1]
Twc:
[0.64144206, -0.40491876, -0.65160793, 0.040553048;
 0.72073448, 0.027045965, 0.69268346, 0.13705607;
 -0.26285714, -0.91395259, 0.30918732, 0.0067200297;
 0, 0, 0, 1]
Ow:
[-0.12302706;
 0.018855665;
 -0.070589535]
