Keyframe: 0 Frame: 0 Frame from vFrameID : 74
Tcw:
[0.9912889, -0.12143818, -0.050981086, 0.85301405;
 -0.0040882258, 0.35852626, -0.93351066, -0.38876861;
 0.13164189, 0.92558724, 0.35490665, 2.1325119;
 0, 0, 0, 1]
Twc:
[0.9912889, -0.0040882258, 0.13164189, -1.1279006;
 -0.12143818, 0.35852626, 0.92558724, -1.7308534;
 -0.050981086, -0.93351066, 0.35490665, -1.0762746;
 0, 0, 0, 1]
Ow:
[0.85301405;
 -0.38876861;
 2.1325119]
Keyframe: 1 Frame: 515 Frame from vFrameID : 74
Tcw:
[0.98921907, -0.13913551, -0.045683518, 0.012089477;
 0.0038319444, 0.33643946, -0.9416973, -0.010870731;
 0.14639327, 0.93136984, 0.3333455, 0.03721267;
 0, 0, 0, 1]
Twc:
[0.98921907, 0.0038319444, 0.14639327, -0.017365169;
 -0.13913551, 0.33643946, 0.93136984, -0.02931934;
 -0.045683518, -0.9416973, 0.3333455, -0.022089323;
 0, 0, 0, 1]
Ow:
[0.012089477;
 -0.010870731;
 0.03721267]
