Keyframe: 0 Frame: 0 Frame from vFrameID : 74
Tcw:
[0.9995591, -0.011087337, 0.027544387, 0.075766027;
 0.029688172, 0.38833323, -0.92104065, 0.0093850046;
 -0.00048451207, 0.92145234, 0.38849115, -0.06729053;
 0, 0, 0, 1]
Twc:
[0.9995591, 0.029688172, -0.00048451207, -0.076043852;
 -0.011087337, 0.38833323, 0.92145234, 0.059200551;
 0.027544387, -0.92104065, 0.38849115, 0.032698821;
 0, 0, 0, 1]
Ow:
[0.075766027;
 0.0093850046;
 -0.06729053]
Keyframe: 1 Frame: 142 Frame from vFrameID : 74
Tcw:
[0.93934971, 0.32316875, -0.114822, -0.0004965901;
 -0.27400416, 0.50582021, -0.81796557, 5.5052806e-06;
 -0.20626162, 0.79981738, 0.56369168, 0.00043720999;
 0, 0, 0, 1]
Twc:
[0.93934971, -0.27400416, -0.20626162, 0.0005581599;
 0.32316875, 0.50582021, 0.79981738, -0.0001919904;
 -0.114822, -0.81796557, 0.56369168, -0.00029896796;
 0, 0, 0, 1]
Ow:
[-0.0004965901;
 5.5052806e-06;
 0.00043720999]
