Keyframe: 0 Frame: 0 Frame from vFrameID : 74
Tcw:
[0.99046212, -0.091982543, -0.10258647, 0.78502142;
 -0.067884244, 0.3221381, -0.94425565, -0.33711383;
 0.11990205, 0.94221348, 0.31282142, 1.8533556;
 0, 0, 0, 1]
Twc:
[0.99046212, -0.067884244, 0.11990205, -1.0226399;
 -0.091982543, 0.3221381, 0.94221348, -1.5654511;
 -0.10258647, -0.94425565, 0.31282142, -0.81755841;
 0, 0, 0, 1]
Ow:
[0.78502142;
 -0.33711383;
 1.8533556]
Keyframe: 1 Frame: 467 Frame from vFrameID : 74
Tcw:
[0.9872306, -0.12852854, -0.094107099, -0.0089571411;
 -0.044394311, 0.34537104, -0.9374156, -0.0036930179;
 0.15298653, 0.92962319, 0.33525494, -0.011627593;
 0, 0, 0, 1]
Twc:
[0.9872306, -0.044394311, 0.15298653, 0.010457681;
 -0.12852854, 0.34537104, 0.92962319, 0.010933492;
 -0.094107099, -0.9374156, 0.33525494, -0.00040661544;
 0, 0, 0, 1]
Ow:
[-0.0089571411;
 -0.0036930179;
 -0.011627593]
