Keyframe: 0 Frame: 0 Frame from vFrameID : 74
Tcw:
[0.99651974, -0.059581686, -0.058295481, 0.74151874;
 -0.036025357, 0.32282299, -0.94577348, -0.32573131;
 0.075169899, 0.9445821, 0.31955305, 1.7926836;
 0, 0, 0, 1]
Twc:
[0.99651974, -0.036025357, 0.075169899, -0.88542855;
 -0.059581686, 0.32282299, 0.9445821, -1.5440023;
 -0.058295481, -0.94577348, 0.31955305, -0.83769834;
 0, 0, 0, 1]
Ow:
[0.74151874;
 -0.32573131;
 1.7926836]
Keyframe: 1 Frame: 456 Frame from vFrameID : 74
Tcw:
[0.99515963, -0.070576057, -0.068383723, 0.043499101;
 -0.041558553, 0.32833591, -0.94364631, -0.018122898;
 0.089051671, 0.9419207, 0.32381362, 0.099170879;
 0, 0, 0, 1]
Twc:
[0.99515963, -0.041558553, 0.089051671, -0.052873041;
 -0.070576057, 0.32833591, 0.9419207, -0.0843907;
 -0.068383723, -0.94364631, 0.32381362, -0.046239853;
 0, 0, 0, 1]
Ow:
[0.043499101;
 -0.018122898;
 0.099170879]
