Keyframe: 0 Frame: 0 Frame from vFrameID : 74
Tcw:
[0.9987272, -0.033821505, -0.037418231, 0.37140584;
 -0.022613512, 0.36286977, -0.9315654, -0.11513494;
 0.045084886, 0.9312259, 0.36164308, 0.68903178;
 0, 0, 0, 1]
Twc:
[0.9987272, -0.022613512, 0.045084886, -0.40460163;
 -0.033821505, 0.36286977, 0.9312259, -0.5873037;
 -0.037418231, -0.9315654, 0.36164308, -0.34254196;
 0, 0, 0, 1]
Ow:
[0.37140584;
 -0.11513494;
 0.68903178]
Keyframe: 1 Frame: 268 Frame from vFrameID : 74
Tcw:
[0.99879485, -0.038433738, -0.030523667, 0.012221561;
 -0.013798774, 0.3769336, -0.92613751, -0.0047798166;
 0.04710032, 0.92544252, 0.37594903, 0.023276029;
 0, 0, 0, 1]
Twc:
[0.99879485, -0.013798774, 0.04710032, -0.013369096;
 -0.038433738, 0.3769336, 0.92544252, -0.019269234;
 -0.030523667, -0.92613751, 0.37594903, -0.01280432;
 0, 0, 0, 1]
Ow:
[0.012221561;
 -0.0047798166;
 0.023276029]
