Keyframe: 0 Frame: 0 Frame from vFrameID : 131
Tcw:
[0.99981207, 0.018306326, -0.0063775559, 0.18846776;
 -0.011325435, 0.28459588, -0.95858067, -0.031145316;
 -0.015733065, 0.95847279, 0.28474972, 0.15076618;
 0, 0, 0, 1]
Twc:
[0.99981207, -0.011325435, -0.015733065, -0.18641306;
 0.018306326, 0.28459588, 0.95847279, -0.13909161;
 -0.0063775559, -0.95858067, 0.28474972, -0.071583964;
 0, 0, 0, 1]
Ow:
[0.18846776;
 -0.031145316;
 0.15076618]
Keyframe: 1 Frame: 159 Frame from vFrameID : 131
Tcw:
[0.99956852, 0.015547391, -0.02492198, 0.033387862;
 -0.028242689, 0.27550149, -0.9608857, -0.046127465;
 -0.0080732228, 0.96117491, 0.27582172, 0.032528356;
 0, 0, 0, 1]
Twc:
[0.99956852, -0.028242689, -0.0080732228, -0.03441361;
 0.015547391, 0.27550149, 0.96117491, -0.019076349;
 -0.02492198, -0.9608857, 0.27582172, -0.052463155;
 0, 0, 0, 1]
Ow:
[0.033387862;
 -0.046127465;
 0.032528356]
