Keyframe: 0 Frame: 0 Frame from vFrameID : 74
Tcw:
[0.99621493, -0.067088991, -0.055271342, 0.35839546;
 -0.02655944, 0.37051621, -0.92844617, -0.093685627;
 0.082767449, 0.92639995, 0.36733192, 0.57151985;
 0, 0, 0, 1]
Twc:
[0.99621493, -0.02655944, 0.082767449, -0.40683037;
 -0.067088991, 0.37051621, 0.92639995, -0.47069949;
 -0.055271342, -0.92844617, 0.36733192, -0.27711055;
 0, 0, 0, 1]
Ow:
[0.35839546;
 -0.093685627;
 0.57151985]
Keyframe: 1 Frame: 250 Frame from vFrameID : 74
Tcw:
[0.99728203, -0.05816016, -0.045232181, 0.003704862;
 -0.019983443, 0.37738368, -0.92584139, 0.0015017213;
 0.070916966, 0.92422885, 0.37519571, 0.0058473586;
 0, 0, 0, 1]
Twc:
[0.99728203, -0.019983443, 0.070916966, -0.0040794597;
 -0.05816016, 0.37738368, 0.92422885, -0.0057555474;
 -0.045232181, -0.92584139, 0.37519571, -0.00063596916;
 0, 0, 0, 1]
Ow:
[0.003704862;
 0.0015017213;
 0.0058473586]
