Keyframe: 0 Frame: 0 Frame from vFrameID : 74
Tcw:
[0.99415642, -0.070131838, -0.082064517, 0.4341155;
 -0.052087903, 0.35420883, -0.93371463, -0.14785022;
 0.094551094, 0.93253291, 0.34848595, 0.79573518;
 0, 0, 0, 1]
Twc:
[0.99415642, -0.052087903, 0.094551094, -0.51451755;
 -0.070131838, 0.35420883, 0.93253291, -0.65923411;
 -0.082064517, -0.93371463, 0.34848595, -0.37972698;
 0, 0, 0, 1]
Ow:
[0.4341155;
 -0.14785022;
 0.79573518]
Keyframe: 1 Frame: 287 Frame from vFrameID : 74
Tcw:
[0.99388325, -0.070115812, -0.085322097, 0.010564771;
 -0.054255743, 0.36291683, -0.93024069, -0.00592562;
 0.096189402, 0.92917985, 0.35689276, 0.025976207;
 0, 0, 0, 1]
Twc:
[0.99388325, -0.054255743, 0.096189402, -0.013320284;
 -0.070115812, 0.36291683, 0.92917985, -0.021245303;
 -0.085322097, -0.93024069, 0.35689276, -0.013881565;
 0, 0, 0, 1]
Ow:
[0.010564771;
 -0.00592562;
 0.025976207]
