Keyframe: 0 Frame: 0 Frame from vFrameID : 131
Tcw:
[0.99963135, 0.026416015, -0.0062759155, 0.31411278;
 -0.014299704, 0.31572521, -0.94874293, -0.077067688;
 -0.023080543, 0.94848287, 0.31598657, 0.43787858;
 0, 0, 0, 1]
Twc:
[0.99963135, -0.014299704, -0.023080543, -0.30499256;
 0.026416015, 0.31572521, 0.94848287, -0.39928573;
 -0.0062759155, -0.94874293, 0.31598657, -0.20950982;
 0, 0, 0, 1]
Ow:
[0.31411278;
 -0.077067688;
 0.43787858]
Keyframe: 1 Frame: 216 Frame from vFrameID : 131
Tcw:
[0.99925876, 0.038450938, 0.0018643263, 0.0095484499;
 -0.010451684, 0.31759006, -0.94817048, -0.0064819818;
 -0.037050139, 0.94744819, 0.31775653, 0.013053073;
 0, 0, 0, 1]
Twc:
[0.99925876, -0.010451684, -0.037050139, -0.0091255009;
 0.038450938, 0.31759006, 0.94744819, -0.010675644;
 0.0018643263, -0.94817048, 0.31775653, -0.010311524;
 0, 0, 0, 1]
Ow:
[0.0095484499;
 -0.0064819818;
 0.013053073]
