Keyframe: 0 Frame: 0 Frame from vFrameID : 74
Tcw:
[0.99593359, -0.049886066, -0.075017408, 0.72327501;
 -0.053515889, 0.34226069, -0.93807977, -0.30942139;
 0.072472617, 0.93827981, 0.33819923, 1.6832644;
 0, 0, 0, 1]
Twc:
[0.99593359, -0.053515889, 0.072472617, -0.8588835;
 -0.049886066, 0.34226069, 0.93827981, -1.4373889;
 -0.075017408, -0.93807977, 0.33819923, -0.80528247;
 0, 0, 0, 1]
Ow:
[0.72327501;
 -0.30942139;
 1.6832644]
Keyframe: 1 Frame: 439 Frame from vFrameID : 74
Tcw:
[0.99622434, -0.049964149, -0.07099779, 0.013702398;
 -0.049846232, 0.34037563, -0.93896741, -0.010735803;
 0.071080625, 0.93896115, 0.33659995, 0.040866859;
 0, 0, 0, 1]
Twc:
[0.99622434, -0.049846232, 0.071080625, -0.017090643;
 -0.049964149, 0.34037563, 0.93896115, -0.034033559;
 -0.07099779, -0.93896741, 0.33659995, -0.022863513;
 0, 0, 0, 1]
Ow:
[0.013702398;
 -0.010735803;
 0.040866859]
