Keyframe: 0 Frame: 0 Frame from vFrameID : 131
Tcw:
[0.99979711, 0.019322047, 0.00569034, 0.2675516;
 -0.0003637051, 0.29977524, -0.95400977, -0.064710006;
 -0.020139245, 0.95381415, 0.29972145, 0.35942036;
 0, 0, 0, 1]
Twc:
[0.99979711, -0.0003637051, -0.020139245, -0.2602824;
 0.019322047, 0.29977524, 0.95381415, -0.32859144;
 0.00569034, -0.95400977, 0.29972145, -0.17098244;
 0, 0, 0, 1]
Ow:
[0.2675516;
 -0.064710006;
 0.35942036]
Keyframe: 1 Frame: 200 Frame from vFrameID : 131
Tcw:
[0.99957913, 0.02403103, -0.016249103, 0.025413005;
 -0.022819843, 0.30554974, -0.95190263, 0.0075737876;
 -0.017910291, 0.95187283, 0.30596954, 0.00062457309;
 0, 0, 0, 1]
Twc:
[0.99957913, -0.022819843, -0.017910291, -0.025218289;
 0.02403103, 0.30554974, 0.95187283, -0.0035193835;
 -0.016249103, -0.95190263, 0.30596954, 0.0074313465;
 0, 0, 0, 1]
Ow:
[0.025413005;
 0.0075737876;
 0.00062457309]
