Keyframe: 0 Frame: 0 Frame from vFrameID : 74
Tcw:
[0.9990319, -0.04080588, -0.016436111, 0.036668856;
 0.0030599423, 0.43717164, -0.89937288, 0.023101337;
 0.043885104, 0.89845192, 0.43687329, -0.21028163;
 0, 0, 0, 1]
Twc:
[0.9990319, 0.0030599423, 0.043885104, -0.027475813;
 -0.04080588, 0.43717164, 0.89845192, 0.18032497;
 -0.016436111, -0.89937288, 0.43687329, 0.11324583;
 0, 0, 0, 1]
Ow:
[0.036668856;
 0.023101337;
 -0.21028163]
Keyframe: 1 Frame: 73 Frame from vFrameID : 74
Tcw:
[0.99876124, -0.046496093, -0.017723085, -0.0012959987;
 0.0043848711, 0.43703067, -0.89943594, 0.00096228137;
 0.049565788, 0.89824402, 0.43669316, -0.00086404016;
 0, 0, 0, 1]
Twc:
[0.99876124, 0.0043848711, 0.049565788, 0.0013330006;
 -0.046496093, 0.43703067, 0.89824402, 0.00029531357;
 -0.017723085, -0.89943594, 0.43669316, 0.0012198618;
 0, 0, 0, 1]
Ow:
[-0.0012959987;
 0.00096228137;
 -0.00086404016]
