Keyframe: 0 Frame: 0 Frame from vFrameID : 74
Tcw:
[0.99856246, -0.041050468, -0.034465976, 0.50474298;
 -0.018801009, 0.33391365, -0.94241613, -0.20843655;
 0.050195284, 0.94170934, 0.33266187, 1.129728;
 0, 0, 0, 1]
Twc:
[0.99856246, -0.018801009, 0.050195284, -0.5646432;
 -0.041050468, 0.33391365, 0.94170934, -0.97355568;
 -0.034465976, -0.94241613, 0.33266187, -0.55485493;
 0, 0, 0, 1]
Ow:
[0.50474298;
 -0.20843655;
 1.129728]
Keyframe: 1 Frame: 338 Frame from vFrameID : 74
Tcw:
[0.99871504, -0.041775662, -0.028688861, -0.086150751;
 -0.013401557, 0.3282367, -0.94450045, 0.048900075;
 0.048873868, 0.94367129, 0.32725507, -0.2492286;
 0, 0, 0, 1]
Twc:
[0.99871504, -0.013401557, 0.048873868, 0.098876163;
 -0.041775662, 0.3282367, 0.94367129, 0.21554005;
 -0.028688861, -0.94450045, 0.32725507, 0.12527589;
 0, 0, 0, 1]
Ow:
[-0.086150751;
 0.048900075;
 -0.2492286]
