Keyframe: 0 Frame: 0 Frame from vFrameID : 74
Tcw:
[0.99635017, -0.061104663, -0.059603035, 0.4165318;
 -0.034391437, 0.35171279, -0.93547601, -0.13595869;
 0.078125097, 0.93411154, 0.34832764, 0.76399565;
 0, 0, 0, 1]
Twc:
[0.99635017, -0.034391437, 0.078125097, -0.47937459;
 -0.061104663, 0.35171279, 0.93411154, -0.64038664;
 -0.059603035, -0.93547601, 0.34832764, -0.36848029;
 0, 0, 0, 1]
Ow:
[0.4165318;
 -0.13595869;
 0.76399565]
Keyframe: 1 Frame: 281 Frame from vFrameID : 74
Tcw:
[0.99511373, -0.068703242, -0.070912212, 0.0027312741;
 -0.04187933, 0.35669783, -0.93328065, -0.0018574083;
 0.089413635, 0.93169016, 0.35207766, 0.0070965937;
 0, 0, 0, 1]
Twc:
[0.99511373, -0.04187933, 0.089413635, -0.0034302475;
 -0.068703242, 0.35669783, 0.93169016, -0.0057616453;
 -0.070912212, -0.93328065, 0.35207766, -0.0040383544;
 0, 0, 0, 1]
Ow:
[0.0027312741;
 -0.0018574083;
 0.0070965937]
