Keyframe: 0 Frame: 0 Frame from vFrameID : 74
Tcw:
[0.99738646, -0.055937424, -0.045730017, 0.36023504;
 -0.022201529, 0.36503002, -0.930731, -0.095323503;
 0.068755522, 0.92931378, 0.3628341, 0.62062252;
 0, 0, 0, 1]
Twc:
[0.99738646, -0.022201529, 0.068755522, -0.40408111;
 -0.055937424, 0.36503002, 0.92931378, -0.52180654;
 -0.045730017, -0.930731, 0.3628341, -0.29743001;
 0, 0, 0, 1]
Ow:
[0.36023504;
 -0.095323503;
 0.62062252]
Keyframe: 1 Frame: 256 Frame from vFrameID : 74
Tcw:
[0.99747831, -0.05899746, -0.03944961, 0.0042191069;
 -0.015741844, 0.35808739, -0.93355536, -0.0033516726;
 0.069203801, 0.93182224, 0.35625568, 0.012594908;
 0, 0, 0, 1]
Twc:
[0.99747831, -0.015741844, 0.069203801, -0.0051328447;
 -0.05899746, 0.35808739, 0.93182224, -0.010287108;
 -0.03944961, -0.93355536, 0.35625568, -0.0074495375;
 0, 0, 0, 1]
Ow:
[0.0042191069;
 -0.0033516726;
 0.012594908]
