Keyframe: 0 Frame: 0 Frame from vFrameID : 131
Tcw:
[0.99922419, 0.030472847, -0.02494893, 0.20786059;
 -0.032508247, 0.28057763, -0.95928067, -0.038786836;
 -0.022231901, 0.95934749, 0.28135055, 0.16749889;
 0, 0, 0, 1]
Twc:
[0.99922419, -0.032508247, -0.022231901, -0.20523639;
 0.030472847, 0.28057763, 0.95934749, -0.15614101;
 -0.02494893, -0.95928067, 0.28135055, -0.079147466;
 0, 0, 0, 1]
Ow:
[0.20786059;
 -0.038786836;
 0.16749889]
Keyframe: 1 Frame: 166 Frame from vFrameID : 131
Tcw:
[0.99972856, 0.018609582, -0.014015438, 0.0043215104;
 -0.018966189, 0.30077028, -0.95350802, 0.0018767477;
 -0.013528959, 0.95351505, 0.3010416, 0.0010513113;
 0, 0, 0, 1]
Twc:
[0.99972856, -0.018966189, -0.013528959, -0.0042705196;
 0.018609582, 0.30077028, 0.95351505, -0.0016473325;
 -0.014015438, -0.95350802, 0.3010416, 0.0015335734;
 0, 0, 0, 1]
Ow:
[0.0043215104;
 0.0018767477;
 0.0010513113]
