Keyframe: 0 Frame: 0 Frame from vFrameID : 131
Tcw:
[0.99925274, 0.032003738, 0.021672379, 0.24835859;
 0.010666731, 0.31060156, -0.95048034, -0.060876548;
 -0.037150398, 0.9500013, 0.31002811, 0.34065208;
 0, 0, 0, 1]
Twc:
[0.99925274, 0.010666731, -0.037150398, -0.23486829;
 0.032003738, 0.31060156, 0.9500013, -0.31265998;
 0.021672379, -0.95048034, 0.31002811, -0.1688562;
 0, 0, 0, 1]
Ow:
[0.24835859;
 -0.060876548;
 0.34065208]
Keyframe: 1 Frame: 196 Frame from vFrameID : 131
Tcw:
[0.99954331, 0.025742501, 0.015826074, inf;
 0.0072489958, 0.30416936, -0.95259041, -nan;
 -0.029335866, 0.95227009, 0.30384386, -nan;
 0, 0, 0, 1]
Twc:
[0.99954331, 0.0072489958, -0.029335866, -inf;
 0.025742501, 0.30416936, 0.95227009, -inf;
 0.015826074, -0.95259041, 0.30384386, -inf;
 0, 0, 0, 1]
Ow:
[inf;
 -nan;
 -nan]
