Keyframe: 0 Frame: 0 Frame from vFrameID : 74
Tcw:
[0.99940085, -0.029020157, -0.018862786, 0.15505633;
 -0.0072833579, 0.35645023, -0.93428594, -0.012834394;
 0.033836767, 0.93386352, 0.35602531, 0.029098272;
 0, 0, 0, 1]
Twc:
[0.99940085, -0.0072833579, 0.033836767, -0.15604147;
 -0.029020157, 0.35645023, 0.93386352, -0.018099234;
 -0.018862786, -0.93428594, 0.35602531, -0.019425921;
 0, 0, 0, 1]
Ow:
[0.15505633;
 -0.012834394;
 0.029098272]
Keyframe: 1 Frame: 163 Frame from vFrameID : 74
Tcw:
[0.99830413, -0.019448606, -0.054869212, 0.024689581;
 -0.044790503, 0.34543893, -0.93737173, -0.0023925691;
 0.037184536, 0.93823969, 0.34398198, 0.019744577;
 0, 0, 0, 1]
Twc:
[0.99830413, -0.044790503, 0.037184536, -0.025489068;
 -0.019448606, 0.34543893, 0.93823969, -0.017218482;
 -0.054869212, -0.93737173, 0.34398198, -0.007679808;
 0, 0, 0, 1]
Ow:
[0.024689581;
 -0.0023925691;
 0.019744577]
