Keyframe: 0 Frame: 0 Frame from vFrameID : 74
Tcw:
[0.99301583, -0.086582884, -0.080143139, 0.64935744;
 -0.043682367, 0.36119562, -0.93146634, -0.26626483;
 0.10959639, 0.92846173, 0.35489082, 1.4717075;
 0, 0, 0, 1]
Twc:
[0.99301583, -0.043682367, 0.10959639, -0.81774724;
 -0.086582884, 0.36119562, 0.92846173, -1.214027;
 -0.080143139, -0.93146634, 0.35489082, -0.71827072;
 0, 0, 0, 1]
Ow:
[0.64935744;
 -0.26626483;
 1.4717075]
Keyframe: 1 Frame: 398 Frame from vFrameID : 74
Tcw:
[0.99380815, -0.085284822, -0.071217053, 0.0086573251;
 -0.033983313, 0.37693435, -0.92561638, -0.0054289042;
 0.10578518, 0.92230529, 0.37170216, 0.025666878;
 0, 0, 0, 1]
Twc:
[0.99380815, -0.033983313, 0.10578518, -0.011503388;
 -0.085284822, 0.37693435, 0.92230529, -0.020888017;
 -0.071217053, -0.92561638, 0.37170216, -0.013948967;
 0, 0, 0, 1]
Ow:
[0.0086573251;
 -0.0054289042;
 0.025666878]
