Keyframe: 0 Frame: 0 Frame from vFrameID : 74
Tcw:
[0.99089509, -0.13247818, -0.024010053, 0.86256725;
 0.019758876, 0.31949177, -0.94738305, -0.38695544;
 0.13317859, 0.93828279, 0.31920046, 2.1672719;
 0, 0, 0, 1]
Twc:
[0.99089509, 0.019758876, 0.13317859, -1.135702;
 -0.13247818, 0.31949177, 0.93828279, -1.7956133;
 -0.024010053, -0.94738305, 0.31920046, -1.0376788;
 0, 0, 0, 1]
Ow:
[0.86256725;
 -0.38695544;
 2.1672719]
Keyframe: 1 Frame: 521 Frame from vFrameID : 74
Tcw:
[0.96593463, -0.25877619, -0.0022592135, -0.13761212;
 0.12682119, 0.48095962, -0.86752188, 0.15423268;
 0.2255806, 0.83768296, 0.49739388, -0.2815778;
 0, 0, 0, 1]
Twc:
[0.96593463, 0.12682119, 0.2255806, 0.17688283;
 -0.25877619, 0.48095962, 0.83768296, 0.12608248;
 -0.0022592135, -0.86752188, 0.49739388, 0.2735444;
 0, 0, 0, 1]
Ow:
[-0.13761212;
 0.15423268;
 -0.2815778]
