Keyframe: 0 Frame: 0 Frame from vFrameID : 131
Tcw:
[0.99983484, 0.016951382, -0.0065566264, 0.28735226;
 -0.011304199, 0.29749867, -0.95465529, -0.069584325;
 -0.014232139, 0.95457172, 0.29764116, 0.38646567;
 0, 0, 0, 1]
Twc:
[0.99983484, -0.011304199, -0.014232139, -0.28259116;
 0.016951382, 0.29749867, 0.95457172, -0.35307896;
 -0.0065566264, -0.95465529, 0.29764116, -0.17957307;
 0, 0, 0, 1]
Ow:
[0.28735226;
 -0.069584325;
 0.38646567]
Keyframe: 1 Frame: 204 Frame from vFrameID : 131
Tcw:
[0.999735, 0.023019733, -5.0830749e-07, 0.020976258;
 -0.0068749166, 0.29855299, -0.95436829, -0.013006063;
 -0.021969151, 0.95411539, 0.29863214, 0.037958786;
 0, 0, 0, 1]
Twc:
[0.999735, -0.0068749166, -0.021969151, -0.020226194;
 0.023019733, 0.29855299, 0.95411539, -0.032816932;
 -5.0830749e-07, -0.95436829, 0.29863214, -0.023748277;
 0, 0, 0, 1]
Ow:
[0.020976258;
 -0.013006063;
 0.037958786]
