Keyframe: 0 Frame: 0 Frame from vFrameID : 131
Tcw:
[0.9994539, 0.031880405, 0.0086883586, 0.32758519;
 -0.001580923, 0.30877438, -0.95113397, -0.079483435;
 -0.033005279, 0.95060086, 0.30865619, 0.48870981;
 0, 0, 0, 1]
Twc:
[0.9994539, -0.001580923, -0.033005279, -0.31140196;
 0.031880405, 0.30877438, 0.95060086, -0.45046905;
 0.0086883586, -0.95113397, 0.30865619, -0.22928886;
 0, 0, 0, 1]
Ow:
[0.32758519;
 -0.079483435;
 0.48870981]
Keyframe: 1 Frame: 220 Frame from vFrameID : 131
Tcw:
[0.99853039, 0.046799678, 0.027328208, -0.0001284983;
 0.012222616, 0.29679736, -0.95486224, 0.0029036254;
 -0.052798185, 0.95379299, 0.29578918, 0.013842437;
 0, 0, 0, 1]
Twc:
[0.99853039, 0.012222616, -0.052798185, 0.00082367519;
 0.046799678, 0.29679736, 0.95379299, -0.014058596;
 0.027328208, -0.95486224, 0.29578918, -0.0013183696;
 0, 0, 0, 1]
Ow:
[-0.0001284983;
 0.0029036254;
 0.013842437]
