Keyframe: 0 Frame: 0 Frame from vFrameID : 74
Tcw:
[0.9974038, -0.062875427, -0.03510483, 0.66361713;
 -0.011061445, 0.34793305, -0.9374541, -0.28362113;
 0.071156964, 0.93540859, 0.34633425, 1.573982;
 0, 0, 0, 1]
Twc:
[0.9974038, -0.011061445, 0.071156964, -0.77703124;
 -0.062875427, 0.34793305, 0.93540859, -1.3319099;
 -0.03510483, -0.9374541, 0.34633425, -0.78770953;
 0, 0, 0, 1]
Ow:
[0.66361713;
 -0.28362113;
 1.573982]
Keyframe: 1 Frame: 418 Frame from vFrameID : 74
Tcw:
[0.99705487, -0.065681458, -0.039591759, 0.022468481;
 -0.01432247, 0.34769258, -0.93749923, -0.010932503;
 0.075342074, 0.93530518, 0.34572786, 0.049810506;
 0, 0, 0, 1]
Twc:
[0.99705487, -0.01432247, 0.075342074, -0.026311718;
 -0.065681458, 0.34769258, 0.93530518, -0.041311115;
 -0.039591759, -0.93749923, 0.34572786, -0.026580527;
 0, 0, 0, 1]
Ow:
[0.022468481;
 -0.010932503;
 0.049810506]
