Keyframe: 0 Frame: 0 Frame from vFrameID : 131
Tcw:
[0.99951553, 0.026750645, -0.015907342, 0.22162525;
 -0.023143195, 0.29708901, -0.95456928, -0.047082502;
 -0.020809447, 0.95447499, 0.29756418, 0.22312704;
 0, 0, 0, 1]
Twc:
[0.99951553, -0.023143195, -0.020809447, -0.21796438;
 0.026750645, 0.29708901, 0.95447499, -0.2049101;
 -0.015907342, -0.95456928, 0.29756418, -0.10781265;
 0, 0, 0, 1]
Ow:
[0.22162525;
 -0.047082502;
 0.22312704]
Keyframe: 1 Frame: 173 Frame from vFrameID : 131
Tcw:
[0.99956459, 0.026308225, -0.013362231, -nan;
 -0.020583203, 0.29719722, -0.95459425, -nan;
 -0.021142462, 0.95445359, 0.29760933, -nan;
 0, 0, 0, 1]
Twc:
[0.99956459, -0.020583203, -0.021142462, -inf;
 0.026308225, 0.29719722, 0.95445359, -inf;
 -0.013362231, -0.95459425, 0.29760933, -inf;
 0, 0, 0, 1]
Ow:
[-nan;
 -nan;
 -nan]
