Keyframe: 0 Frame: 0 Frame from vFrameID : 74
Tcw:
[0.99712688, -0.056014631, -0.050993305, 0.5604521;
 -0.028027879, 0.35258263, -0.93536085, -0.23037583;
 0.070373245, 0.93410271, 0.34999967, 1.2539558;
 0, 0, 0, 1]
Twc:
[0.99712688, -0.028027879, 0.070373245, -0.65354377;
 -0.056014631, 0.35258263, 0.93410271, -1.0587034;
 -0.050993305, -0.93536085, 0.34999967, -0.62578934;
 0, 0, 0, 1]
Ow:
[0.5604521;
 -0.23037583;
 1.2539558]
Keyframe: 1 Frame: 358 Frame from vFrameID : 74
Tcw:
[0.99677891, -0.057414532, -0.055994976, 0.0089008883;
 -0.03174068, 0.35876858, -0.93288672, -0.0029248435;
 0.073650494, 0.9316591, 0.35579056, 0.0084744142;
 0, 0, 0, 1]
Twc:
[0.99677891, -0.03174068, 0.073650494, -0.009589198;
 -0.057414532, 0.35876858, 0.9316591, -0.0063348822;
 -0.055994976, -0.93288672, 0.35579056, -0.005245259;
 0, 0, 0, 1]
Ow:
[0.0089008883;
 -0.0029248435;
 0.0084744142]
