Keyframe: 0 Frame: 0 Frame from vFrameID : 74
Tcw:
[0.9993282, -0.034412399, 0.012607074, 0.1681966;
 0.024373103, 0.36713725, -0.92984742, -0.026372701;
 0.027369754, 0.92953002, 0.36772937, 0.14767076;
 0, 0, 0, 1]
Twc:
[0.9993282, 0.024373103, 0.027369754, -0.17148253;
 -0.034412399, 0.36713725, 0.92953002, -0.12179395;
 0.012607074, -0.92984742, 0.36772937, -0.080945924;
 0, 0, 0, 1]
Ow:
[0.1681966;
 -0.026372701;
 0.14767076]
Keyframe: 1 Frame: 185 Frame from vFrameID : 74
Tcw:
[0.99933535, -0.028590061, 0.022614719, -nan;
 0.031893797, 0.38533393, -0.92222589, -nan;
 0.017652275, 0.92233419, 0.38598967, inf;
 0, 0, 0, 1]
Twc:
[0.99933535, 0.031893797, 0.017652275, -inf;
 -0.028590061, 0.38533393, 0.92233419, -inf;
 0.022614719, -0.92222589, 0.38598967, -inf;
 0, 0, 0, 1]
Ow:
[-nan;
 -nan;
 inf]
