Keyframe: 0 Frame: 0 Frame from vFrameID : 131
Tcw:
[0.99846148, 0.050136186, 0.023686016, 0.35543025;
 0.0077153007, 0.29739347, -0.95472383, -0.091201127;
 -0.05491028, 0.95343775, 0.29654911, 0.5645293;
 0, 0, 0, 1]
Twc:
[0.99846148, 0.0077153007, -0.05491028, -0.32318133;
 0.050136186, 0.29739347, 0.95343775, -0.5289408;
 0.023686016, -0.95472383, 0.29654911, -0.26290128;
 0, 0, 0, 1]
Ow:
[0.35543025;
 -0.091201127;
 0.5645293]
Keyframe: 1 Frame: 232 Frame from vFrameID : 131
Tcw:
[0.99894512, 0.043463048, 0.014820719, 0.0042977175;
 0.0013010784, 0.29582918, -0.95523995, -0.0067798798;
 -0.04590204, 0.95425159, 0.29546055, 0.00013989129;
 0, 0, 0, 1]
Twc:
[0.99894512, 0.0013010784, -0.04590204, -0.0042779413;
 0.043463048, 0.29582918, 0.95425159, 0.0016854029;
 0.014820719, -0.95523995, 0.29546055, -0.0065814401;
 0, 0, 0, 1]
Ow:
[0.0042977175;
 -0.0067798798;
 0.00013989129]
