Keyframe: 0 Frame: 0 Frame from vFrameID : 131
Tcw:
[0.99947095, -0.0057708798, -0.032007691, 0.47698599;
 -0.028732445, 0.30446056, -0.95209152, -0.14416355;
 0.015239485, 0.95250744, 0.30413365, 0.83132058;
 0, 0, 0, 1]
Twc:
[0.99947095, -0.028732445, 0.015239485, -0.4935447;
 -0.0057708798, 0.30446056, 0.95250744, -0.74519432;
 -0.032007691, -0.95209152, 0.30413365, -0.37482226;
 0, 0, 0, 1]
Ow:
[0.47698599;
 -0.14416355;
 0.83132058]
Keyframe: 1 Frame: 274 Frame from vFrameID : 131
Tcw:
[0.99924511, -0.021055484, -0.032648686, 0.21311092;
 -0.024512129, 0.31028876, -0.95032626, -0.054298989;
 0.030140102, 0.95040917, 0.30953839, 0.39363039;
 0, 0, 0, 1]
Twc:
[0.99924511, -0.024512129, 0.030140102, -0.22614509;
 -0.021055484, 0.31028876, 0.95040917, -0.35277441;
 -0.032648686, -0.95032626, 0.30953839, -0.16648769;
 0, 0, 0, 1]
Ow:
[0.21311092;
 -0.054298989;
 0.39363039]
Keyframe: 2 Frame: 276 Frame from vFrameID : 277
Tcw:
[0.99888897, -0.015165453, -0.044618946, 0.49724668;
 -0.03826334, 0.2916899, -0.95574731, -0.15682332;
 0.027509237, 0.95639271, 0.29078555, 0.84552717;
 0, 0, 0, 1]
Twc:
[0.99888897, -0.03826334, 0.027509237, -0.5259546;
 -0.015165453, 0.2916899, 0.95639271, -0.75537127;
 -0.044618946, -0.95574731, 0.29078555, -0.37356392;
 0, 0, 0, 1]
Ow:
[0.49724668;
 -0.15682332;
 0.84552717]
Keyframe: 3 Frame: 279 Frame from vFrameID : 280
Tcw:
[0.99877328, -0.010024449, -0.048491947, 0.48336515;
 -0.043535322, 0.28882748, -0.9563908, -0.17406322;
 0.023593096, 0.95732868, 0.28803673, 0.86427361;
 0, 0, 0, 1]
Twc:
[0.99877328, -0.043535322, 0.023593096, -0.510741;
 -0.010024449, 0.28882748, 0.95732868, -0.7722742;
 -0.048491947, -0.9563908, 0.28803673, -0.3919757;
 0, 0, 0, 1]
Ow:
[0.48336515;
 -0.17406322;
 0.86427361]
Keyframe: 4 Frame: 281 Frame from vFrameID : 282
Tcw:
[0.99826896, -0.013240966, -0.057304457, 0.47927526;
 -0.050929334, 0.29270613, -0.95484519, -0.17754401;
 0.029416438, 0.95611078, 0.29152507, 0.86593348;
 0, 0, 0, 1]
Twc:
[0.99826896, -0.050929334, 0.029416438, -0.51296043;
 -0.013240966, 0.29270613, 0.95611078, -0.76961404;
 -0.057304457, -0.95484519, 0.29152507, -0.39450377;
 0, 0, 0, 1]
Ow:
[0.47927526;
 -0.17754401;
 0.86593348]
Keyframe: 5 Frame: 284 Frame from vFrameID : 285
Tcw:
[0.99778301, -0.010352627, -0.065741472, 0.48958403;
 -0.059670411, 0.29827917, -0.95261168, -0.20792529;
 0.029471345, 0.95442253, 0.29700014, 0.87085414;
 0, 0, 0, 1]
Twc:
[0.99778301, -0.059670411, 0.029471345, -0.52657086;
 -0.010352627, 0.29827917, 0.95442253, -0.76407462;
 -0.065741472, -0.95261168, 0.29700014, -0.42452988;
 0, 0, 0, 1]
Ow:
[0.48958403;
 -0.20792529;
 0.87085414]
Keyframe: 6 Frame: 287 Frame from vFrameID : 288
Tcw:
[0.99749362, -0.010619111, -0.069954678, 0.50099903;
 -0.063437335, 0.30367866, -0.95066029, -0.25017321;
 0.031338912, 0.95271534, 0.30224389, 0.88600105;
 0, 0, 0, 1]
Twc:
[0.99749362, -0.063437335, 0.031338912, -0.54337996;
 -0.010619111, 0.30367866, 0.95271534, -0.76281434;
 -0.069954678, -0.95066029, 0.30224389, -0.47057092;
 0, 0, 0, 1]
Ow:
[0.50099903;
 -0.25017321;
 0.88600105]
Keyframe: 7 Frame: 289 Frame from vFrameID : 290
Tcw:
[0.99783909, -0.0082791895, -0.065181635, 0.4999631;
 -0.059674073, 0.30099323, -0.95175737, -0.25163651;
 0.027499011, 0.95359033, 0.29984877, 0.88965875;
 0, 0, 0, 1]
Twc:
[0.99783909, -0.059674073, 0.027499011, -0.53836364;
 -0.0082791895, 0.30099323, 0.95359033, -0.76848978;
 -0.065181635, -0.95175737, 0.29984877, -0.47367153;
 0, 0, 0, 1]
Ow:
[0.4999631;
 -0.25163651;
 0.88965875]
Keyframe: 8 Frame: 292 Frame from vFrameID : 293
Tcw:
[0.9989261, 0.0032972505, -0.046214093, 0.50190938;
 -0.045080803, 0.29937375, -0.95307034, -0.25052646;
 0.010692774, 0.95413023, 0.29920089, 0.89088082;
 0, 0, 0, 1]
Twc:
[0.9989261, -0.045080803, 0.010692774, -0.52219033;
 0.0032972505, 0.29937375, 0.95413023, -0.77667022;
 -0.046214093, -0.95307034, 0.29920089, -0.48212641;
 0, 0, 0, 1]
Ow:
[0.50190938;
 -0.25052646;
 0.89088082]
Keyframe: 9 Frame: 295 Frame from vFrameID : 296
Tcw:
[0.99919766, 0.009083258, -0.039006326, 0.51794982;
 -0.039925676, 0.30258095, -0.95228708, -0.2817933;
 0.0031527018, 0.95308042, 0.30270085, 0.91101909;
 0, 0, 0, 1]
Twc:
[0.99919766, -0.039925676, 0.0031527018, -0.53165728;
 0.009083258, 0.30258095, 0.95308042, -0.78771383;
 -0.039006326, -0.95228708, 0.30270085, -0.52391106;
 0, 0, 0, 1]
Ow:
[0.51794982;
 -0.2817933;
 0.91101909]
Keyframe: 10 Frame: 298 Frame from vFrameID : 299
Tcw:
[0.99975252, 0.012350317, -0.01850233, 0.51127851;
 -0.021360526, 0.30068564, -0.95348406, -0.30648246;
 -0.0062124454, 0.95364332, 0.30087504, 0.91058606;
 0, 0, 0, 1]
Twc:
[0.99975252, -0.021360526, -0.0062124454, -0.51204169;
 0.012350317, 0.30068564, 0.95364332, -0.78253394;
 -0.01850233, -0.95348406, 0.30087504, -0.55673897;
 0, 0, 0, 1]
Ow:
[0.51127851;
 -0.30648246;
 0.91058606]
Keyframe: 11 Frame: 301 Frame from vFrameID : 302
Tcw:
[0.99989605, 0.0098010665, -0.010577403, 0.50764585;
 -0.013046673, 0.30243689, -0.95308012, -0.30600011;
 -0.0061422046, 0.95311904, 0.3025333, 0.91164207;
 0, 0, 0, 1]
Twc:
[0.99989605, -0.013046673, -0.0061422046, -0.50598586;
 0.0098010665, 0.30243689, 0.95311904, -0.78133315;
 -0.010577403, -0.95308012, 0.3025333, -0.56207514;
 0, 0, 0, 1]
Ow:
[0.50764585;
 -0.30600011;
 0.91164207]
Keyframe: 12 Frame: 304 Frame from vFrameID : 305
Tcw:
[0.99987113, 0.015457042, -0.0043389709, 0.52403015;
 -0.0089782085, 0.31429994, -0.94928128, -0.33601445;
 -0.013309343, 0.94919789, 0.31439823, 0.92097515;
 0, 0, 0, 1]
Twc:
[0.99987113, -0.0089782085, -0.013309343, -0.51472187;
 0.015457042, 0.31429994, 0.94919789, -0.77667826;
 -0.0043389709, -0.94928128, 0.31439823, -0.60625142;
 0, 0, 0, 1]
Ow:
[0.52403015;
 -0.33601445;
 0.92097515]
Keyframe: 13 Frame: 307 Frame from vFrameID : 308
Tcw:
[0.99991703, 0.0086597195, -0.0095375506, 0.52904361;
 -0.011790475, 0.31689167, -0.94838846, -0.3795312;
 -0.0051904069, 0.94842219, 0.31696749, 0.92315865;
 0, 0, 0, 1]
Twc:
[0.99991703, -0.011790475, -0.0051904069, -0.52868301;
 0.0086597195, 0.31689167, 0.94842219, -0.75985527;
 -0.0095375506, -0.94838846, 0.31696749, -0.6475085;
 0, 0, 0, 1]
Ow:
[0.52904361;
 -0.3795312;
 0.92315865]
Keyframe: 14 Frame: 310 Frame from vFrameID : 311
Tcw:
[0.99956328, -0.0024810205, -0.029446702, 0.60447752;
 -0.027330074, 0.30139247, -0.95310843, -0.51141709;
 0.011239695, 0.95349693, 0.30119303, 1.0519843;
 0, 0, 0, 1]
Twc:
[0.99956328, -0.027330074, 0.011239695, -0.6300146;
 -0.0024810205, 0.30139247, 0.95349693, -0.84742695;
 -0.029446702, -0.95310843, 0.30119303, -0.78648645;
 0, 0, 0, 1]
Ow:
[0.60447752;
 -0.51141709;
 1.0519843]
Keyframe: 15 Frame: 317 Frame from vFrameID : 318
Tcw:
[0.99834758, -0.014414938, -0.05562678, 0.56349331;
 -0.048619635, 0.30411136, -0.95139498, -0.50969177;
 0.030631036, 0.9525274, 0.30290797, 1.0387095;
 0, 0, 0, 1]
Twc:
[0.99834758, -0.048619635, 0.030631036, -0.61915994;
 -0.014414938, 0.30411136, 0.9525274, -0.82627356;
 -0.05562678, -0.95139498, 0.30290797, -0.7682063;
 0, 0, 0, 1]
Ow:
[0.56349331;
 -0.50969177;
 1.0387095]
Keyframe: 16 Frame: 323 Frame from vFrameID : 324
Tcw:
[0.99889147, -0.0016288926, -0.047044754, 0.62037754;
 -0.043905467, 0.32816851, -0.94359827, -0.57774836;
 0.016975628, 0.94461781, 0.32773322, 1.0526783;
 0, 0, 0, 1]
Twc:
[0.99889147, -0.043905467, 0.016975628, -0.66292602;
 -0.0016288926, 0.32816851, 0.94461781, -0.80376929;
 -0.047044754, -0.94359827, 0.32773322, -0.86097449;
 0, 0, 0, 1]
Ow:
[0.62037754;
 -0.57774836;
 1.0526783]
Keyframe: 17 Frame: 330 Frame from vFrameID : 331
Tcw:
[0.99943405, 0.018395238, -0.028164351, 0.60575324;
 -0.032433171, 0.30472684, -0.95188743, -0.42038324;
 -0.0089277625, 0.95226216, 0.30515099, 1.0501485;
 0, 0, 0, 1]
Twc:
[0.99943405, -0.032433171, -0.0089277625, -0.60966927;
 0.018395238, 0.30472684, 0.95226216, -0.88305748;
 -0.028164351, -0.95188743, 0.30515099, -0.7035507;
 0, 0, 0, 1]
Ow:
[0.60575324;
 -0.42038324;
 1.0501485]
Keyframe: 18 Frame: 336 Frame from vFrameID : 337
Tcw:
[0.99942297, 0.033703074, -0.0042209397, 0.71232951;
 -0.013944745, 0.29381567, -0.95576036, -0.65290087;
 -0.030971883, 0.95526773, 0.29411611, 1.1894805;
 0, 0, 0, 1]
Twc:
[0.99942297, -0.013944745, -0.030971883, -0.68418258;
 0.033703074, 0.29381567, 0.95526773, -0.96844751;
 -0.0042209397, -0.95576036, 0.29411611, -0.97085547;
 0, 0, 0, 1]
Ow:
[0.71232951;
 -0.65290087;
 1.1894805]
Keyframe: 19 Frame: 344 Frame from vFrameID : 345
Tcw:
[0.99964809, 0.026481822, 0.0015358804, 0.74415773;
 -0.0066627488, 0.30670944, -0.9517799, -0.6910665;
 -0.025675934, 0.95143473, 0.30677795, 1.2490938;
 0, 0, 0, 1]
Twc:
[0.99964809, -0.0066627488, -0.025675934, -0.71642864;
 0.026481822, 0.30670944, 0.95143473, -0.99618113;
 0.0015358804, -0.9517799, 0.30677795, -1.0420805;
 0, 0, 0, 1]
Ow:
[0.74415773;
 -0.6910665;
 1.2490938]
Keyframe: 20 Frame: 352 Frame from vFrameID : 353
Tcw:
[0.99978369, 0.016067695, -0.013205196, 0.73439699;
 -0.017604923, 0.31577128, -0.948672, -0.61998165;
 -0.011073151, 0.9486993, 0.31598586, 1.2443838;
 0, 0, 0, 1]
Twc:
[0.99978369, -0.017604923, -0.011073151, -0.73137361;
 0.016067695, 0.31577128, 0.9486993, -0.99657363;
 -0.013205196, -0.948672, 0.31598586, -0.97166902;
 0, 0, 0, 1]
Ow:
[0.73439699;
 -0.61998165;
 1.2443838]
Keyframe: 21 Frame: 359 Frame from vFrameID : 360
Tcw:
[0.99992377, 0.0041230819, -0.011639106, 0.73407716;
 -0.012347801, 0.33230841, -0.94308996, -0.51164317;
 -2.0663771e-05, 0.94316179, 0.33233401, 1.2555671;
 0, 0, 0, 1]
Twc:
[0.99992377, -0.012347801, -2.0663771e-05, -0.74031293;
 0.0041230819, 0.33230841, 0.94316179, -1.0172062;
 -0.011639106, -0.94308996, 0.33233401, -0.89124918;
 0, 0, 0, 1]
Ow:
[0.73407716;
 -0.51164317;
 1.2555671]
Keyframe: 22 Frame: 367 Frame from vFrameID : 368
Tcw:
[0.99972057, 0.023116529, 0.0049457531, 0.74229383;
 -0.0030618196, 0.33407047, -0.94254315, -0.43760177;
 -0.023440557, 0.94226456, 0.33404788, 1.287334;
 0, 0, 0, 1]
Twc:
[0.99972057, -0.0030618196, -0.023440557, -0.7132504;
 0.023116529, 0.33407047, 0.94226456, -1.0839788;
 0.0049457531, -0.94254315, 0.33404788, -0.84616095;
 0, 0, 0, 1]
Ow:
[0.74229383;
 -0.43760177;
 1.287334]
Keyframe: 23 Frame: 375 Frame from vFrameID : 376
Tcw:
[0.99937683, 0.024737556, 0.025178377, 0.74577349;
 0.015451337, 0.33474892, -0.94218069, -0.51097918;
 -0.031735681, 0.94198257, 0.33415809, 1.3540332;
 0, 0, 0, 1]
Twc:
[0.99937683, 0.015451337, -0.031735681, -0.69444227;
 0.024737556, 0.33474892, 0.94198257, -1.1228746;
 0.025178377, -0.94218069, 0.33415809, -0.95267326;
 0, 0, 0, 1]
Ow:
[0.74577349;
 -0.51097918;
 1.3540332]
Keyframe: 24 Frame: 383 Frame from vFrameID : 384
Tcw:
[0.99996769, 0.0078025693, 0.0019367511, 0.77122873;
 -0.00063801999, 0.31717142, -0.94836801, -0.53429794;
 -0.0080139888, 0.94833612, 0.31716615, 1.4528654;
 0, 0, 0, 1]
Twc:
[0.99996769, -0.00063801999, -0.0080139888, -0.75990146;
 0.0078025693, 0.31717142, 0.94833612, -1.2143582;
 0.0019367511, -0.94836801, 0.31716615, -0.96900445;
 0, 0, 0, 1]
Ow:
[0.77122873;
 -0.53429794;
 1.4528654]
Keyframe: 25 Frame: 391 Frame from vFrameID : 392
Tcw:
[0.99909884, 0.0020128989, -0.042396877, 0.80051446;
 -0.040754873, 0.3245317, -0.94499642, -0.55023408;
 0.011856949, 0.94587266, 0.32432127, 1.4651512;
 0, 0, 0, 1]
Twc:
[0.99909884, -0.040754873, 0.011856949, -0.83959001;
 0.0020128989, 0.3245317, 0.94587266, -1.2088895;
 -0.042396877, -0.94499642, 0.32432127, -0.96120965;
 0, 0, 0, 1]
Ow:
[0.80051446;
 -0.55023408;
 1.4651512]
Keyframe: 26 Frame: 399 Frame from vFrameID : 400
Tcw:
[0.9994933, -0.012622132, -0.029219707, 0.82052594;
 -0.02335153, 0.33303174, -0.94262642, -0.55373979;
 0.021629045, 0.94283116, 0.33256826, 1.5266348;
 0, 0, 0, 1]
Twc:
[0.9994933, -0.02335153, 0.021629045, -0.8660605;
 -0.012622132, 0.33303174, 0.94283116, -1.2445891;
 -0.029219707, -0.94262642, 0.33256826, -1.0057045;
 0, 0, 0, 1]
Ow:
[0.82052594;
 -0.55373979;
 1.5266348]
Keyframe: 27 Frame: 408 Frame from vFrameID : 409
Tcw:
[0.99996763, -0.0076391622, -0.0025276875, 0.82201761;
 -7.9219499e-05, 0.30477363, -0.95242482, -0.57750505;
 0.0080460999, 0.95239419, 0.30476317, 1.5335624;
 0, 0, 0, 1]
Twc:
[0.99996763, -7.9219499e-05, 0.0080460999, -0.83437592;
 -0.0076391622, 0.30477363, 0.95239419, -1.2782681;
 -0.0025276875, -0.95242482, 0.30476317, -1.0153257;
 0, 0, 0, 1]
Ow:
[0.82201761;
 -0.57750505;
 1.5335624]
Keyframe: 28 Frame: 416 Frame from vFrameID : 417
Tcw:
[0.9997741, -0.0063472325, 0.020283712, 0.83223724;
 0.021247579, 0.32124111, -0.94675905, -0.58633816;
 -0.00050666212, 0.94697618, 0.3213034, 1.5373943;
 0, 0, 0, 1]
Twc:
[0.9997741, 0.021247579, -0.00050666212, -0.81881201;
 -0.0063472325, 0.32124111, 0.94697618, -1.2622373;
 0.020283712, -0.94675905, 0.3213034, -1.0659719;
 0, 0, 0, 1]
Ow:
[0.83223724;
 -0.58633816;
 1.5373943]
Keyframe: 29 Frame: 424 Frame from vFrameID : 425
Tcw:
[0.99981886, -0.0035644502, -0.018695772, 0.88756561;
 -0.016704729, 0.30639651, -0.95175737, -0.57457072;
 0.0091208108, 0.95189732, 0.30628148, 1.5754391;
 0, 0, 0, 1]
Twc:
[0.99981886, -0.016704729, 0.0091208108, -0.91137218;
 -0.0035644502, 0.30639651, 0.95189732, -1.320446;
 -0.018695772, -0.95175737, 0.30628148, -1.012786;
 0, 0, 0, 1]
Ow:
[0.88756561;
 -0.57457072;
 1.5754391]
Keyframe: 30 Frame: 432 Frame from vFrameID : 433
Tcw:
[0.99979424, -0.0040132785, -0.019883191, 0.89149386;
 -0.017603448, 0.31535006, -0.94881213, -0.56904972;
 0.010078013, 0.94896692, 0.31521451, 1.6620224;
 0, 0, 0, 1]
Twc:
[0.99979424, -0.017603448, 0.010078013, -0.91807753;
 -0.0040132785, 0.31535006, 0.94896692, -1.3941766;
 -0.019883191, -0.94881213, 0.31521451, -1.0460892;
 0, 0, 0, 1]
Ow:
[0.89149386;
 -0.56904972;
 1.6620224]
Keyframe: 31 Frame: 441 Frame from vFrameID : 442
Tcw:
[0.99959022, 0.01637442, -0.023478009, 0.92020279;
 -0.027277006, 0.29624587, -0.95472211, -0.59249765;
 -0.0086777583, 0.95497137, 0.29657111, 1.7001815;
 0, 0, 0, 1]
Twc:
[0.99959022, -0.027277006, -0.0086777583, -0.92123353;
 0.01637442, 0.29624587, 0.95497137, -1.4631674;
 -0.023478009, -0.95472211, 0.29657111, -1.0482908;
 0, 0, 0, 1]
Ow:
[0.92020279;
 -0.59249765;
 1.7001815]
Keyframe: 32 Frame: 450 Frame from vFrameID : 451
Tcw:
[0.99991566, 0.0061399932, -0.011445707, 0.94384301;
 -0.012757168, 0.2986511, -0.9542771, -0.63271976;
 -0.0024409816, 0.9543426, 0.29870424, 1.7064455;
 0, 0, 0, 1]
Twc:
[0.99991566, -0.012757168, -0.0024409816, -0.94766968;
 0.0061399932, 0.2986511, 0.9543426, -1.4453664;
 -0.011445707, -0.9542771, 0.29870424, -1.1027095;
 0, 0, 0, 1]
Ow:
[0.94384301;
 -0.63271976;
 1.7064455]
Keyframe: 33 Frame: 458 Frame from vFrameID : 459
Tcw:
[0.99915761, -0.02401026, -0.033279851, 0.97211021;
 -0.024696643, 0.29585463, -0.95491368, -0.60545886;
 0.032773722, 0.95493114, 0.29501244, 1.7584099;
 0, 0, 0, 1]
Twc:
[0.99915761, -0.024696643, 0.032773722, -1.0438738;
 -0.02401026, 0.29585463, 0.95493114, -1.4766921;
 -0.033279851, -0.95491368, 0.29501244, -1.0645621;
 0, 0, 0, 1]
Ow:
[0.97211021;
 -0.60545886;
 1.7584099]
Keyframe: 34 Frame: 466 Frame from vFrameID : 467
Tcw:
[0.99738765, -0.049855255, -0.052272066, 0.96965486;
 -0.034674715, 0.30437577, -0.95192069, -0.55707467;
 0.063368604, 0.95124644, 0.30185193, 1.8141675;
 0, 0, 0, 1]
Twc:
[0.99738765, -0.034674715, 0.063368604, -1.1013994;
 -0.049855255, 0.30437577, 0.95124644, -1.507818;
 -0.052272066, -0.95192069, 0.30185193, -1.027215;
 0, 0, 0, 1]
Ow:
[0.96965486;
 -0.55707467;
 1.8141675]
Keyframe: 35 Frame: 475 Frame from vFrameID : 476
Tcw:
[0.99808681, -0.055131137, -0.027987959, 0.98649812;
 -0.010881352, 0.28897679, -0.95727426, -0.60219085;
 0.060863491, 0.95574737, 0.287824, 1.8579966;
 0, 0, 0, 1]
Twc:
[0.99808681, -0.010881352, 0.060863491, -1.1042475;
 -0.055131137, 0.28897679, 0.95574737, -1.5473692;
 -0.027987959, -0.95727426, 0.287824, -1.0836277;
 0, 0, 0, 1]
Ow:
[0.98649812;
 -0.60219085;
 1.8579966]
Keyframe: 36 Frame: 484 Frame from vFrameID : 485
Tcw:
[0.99829304, -0.056791652, 0.013626198, 1.0158796;
 0.029007046, 0.27963445, -0.95966828, -0.60719997;
 0.050690793, 0.9584254, 0.28080449, 1.9151036;
 0, 0, 0, 1]
Twc:
[0.99829304, 0.029007046, 0.050690793, -1.0936105;
 -0.056791652, 0.27963445, 0.9584254, -1.6079965;
 0.013626198, -0.95966828, 0.28080449, -1.1343228;
 0, 0, 0, 1]
Ow:
[1.0158796;
 -0.60719997;
 1.9151036]
Keyframe: 37 Frame: 492 Frame from vFrameID : 493
Tcw:
[0.99525136, -0.088816516, 0.039828993, 0.99885738;
 0.060366888, 0.24220762, -0.96834463, -0.54750943;
 0.07635811, 0.96615064, 0.24641904, 2.047931;
 0, 0, 0, 1]
Twc:
[0.99525136, 0.060366888, 0.07635811, -1.1174389;
 -0.088816516, 0.24220762, 0.96615064, -1.7572839;
 0.039828993, -0.96834463, 0.24641904, -1.0746105;
 0, 0, 0, 1]
Ow:
[0.99885738;
 -0.54750943;
 2.047931]
Keyframe: 38 Frame: 501 Frame from vFrameID : 502
Tcw:
[0.99575764, -0.088272974, 0.025973974, 1.0404533;
 0.049243979, 0.2727772, -0.96081614, -0.55349159;
 0.077728987, 0.95801902, 0.27596688, 2.0917854;
 0, 0, 0, 1]
Twc:
[0.99575764, 0.049243979, 0.077728987, -1.1713755;
 -0.088272974, 0.2727772, 0.95801902, -1.7611465;
 0.025973974, -0.96081614, 0.27596688, -1.1360918;
 0, 0, 0, 1]
Ow:
[1.0404533;
 -0.55349159;
 2.0917854]
Keyframe: 39 Frame: 509 Frame from vFrameID : 510
Tcw:
[0.9974032, -0.068813033, 0.021250509, 1.073411;
 0.041013498, 0.30016318, -0.95300573, -0.51553756;
 0.059200596, 0.95140254, 0.30220598, 2.1163971;
 0, 0, 0, 1]
Twc:
[0.9974032, 0.041013498, 0.059200596, -1.1747715;
 -0.068813033, 0.30016318, 0.95140254, -1.7849357;
 0.021250509, -0.95300573, 0.30220598, -1.1537087;
 0, 0, 0, 1]
Ow:
[1.073411;
 -0.51553756;
 2.1163971]
Keyframe: 40 Frame: 518 Frame from vFrameID : 519
Tcw:
[0.99675453, -0.06477087, 0.047802668, 1.0772219;
 0.063828461, 0.2740432, -0.95959693, -0.54623312;
 0.049053933, 0.95953375, 0.27728805, 2.1666808;
 0, 0, 0, 1]
Twc:
[0.99675453, 0.063828461, 0.049053933, -1.1451448;
 -0.06477087, 0.2740432, 0.95953375, -1.8595394;
 0.047802668, -0.95959693, 0.27728805, -1.1764524;
 0, 0, 0, 1]
Ow:
[1.0772219;
 -0.54623312;
 2.1666808]
Keyframe: 41 Frame: 528 Frame from vFrameID : 529
Tcw:
[0.99853361, -0.053583529, 0.0077108126, 1.126398;
 0.02369988, 0.30462855, -0.95217633, -0.51190853;
 0.048672035, 0.95096278, 0.30545178, 2.2601209;
 0, 0, 0, 1]
Twc:
[0.99853361, 0.02369988, 0.048672035, -1.2226187;
 -0.053583529, 0.30462855, 0.95096278, -1.9329926;
 0.0077108126, -0.95217633, 0.30545178, -1.1864705;
 0, 0, 0, 1]
Ow:
[1.126398;
 -0.51190853;
 2.2601209]
Keyframe: 42 Frame: 537 Frame from vFrameID : 538
Tcw:
[0.99807519, -0.047766116, -0.039551809, 1.1483699;
 -0.022312041, 0.31848487, -0.94766533, -0.52518207;
 0.057862941, 0.9467237, 0.31680608, 2.2786455;
 0, 0, 0, 1]
Twc:
[0.99807519, -0.022312041, 0.057862941, -1.2897265;
 -0.047766116, 0.31848487, 0.9467237, -1.935132;
 -0.039551809, -0.94766533, 0.31680608, -1.1741655;
 0, 0, 0, 1]
Ow:
[1.1483699;
 -0.52518207;
 2.2786455]
Keyframe: 43 Frame: 546 Frame from vFrameID : 547
Tcw:
[0.99772894, -0.052549448, -0.042136323, 1.1569328;
 -0.022972148, 0.32259017, -0.94625992, -0.52791464;
 0.0633182, 0.94507891, 0.3206504, 2.342284;
 0, 0, 0, 1]
Twc:
[0.99772894, -0.022972148, 0.0633182, -1.314742;
 -0.052549448, 0.32259017, 0.94507891, -1.9825469;
 -0.042136323, -0.94625992, 0.3206504, -1.2018498;
 0, 0, 0, 1]
Ow:
[1.1569328;
 -0.52791464;
 2.342284]
Keyframe: 44 Frame: 556 Frame from vFrameID : 557
Tcw:
[0.99950206, -0.030749815, 0.0070792111, 1.1740551;
 0.01665354, 0.32350603, -0.94607955, -0.5199104;
 0.026801603, 0.94572634, 0.32385701, 2.3400033;
 0, 0, 0, 1]
Twc:
[0.99950206, 0.01665354, 0.026801603, -1.2275279;
 -0.030749815, 0.32350603, 0.94572634, -2.0087066;
 0.0070792111, -0.94607955, 0.32385701, -1.2580144;
 0, 0, 0, 1]
Ow:
[1.1740551;
 -0.5199104;
 2.3400033]
Keyframe: 45 Frame: 566 Frame from vFrameID : 567
Tcw:
[0.99883318, -0.043692138, -0.020574469, 1.1379327;
 -0.0059824483, 0.31080306, -0.95045549, -0.52350837;
 0.047922041, 0.94946957, 0.310179, 2.4820838;
 0, 0, 0, 1]
Twc:
[0.99883318, -0.0059824483, 0.047922041, -1.2586832;
 -0.043692138, 0.31080306, 0.94946957, -2.1442361;
 -0.020574469, -0.95045549, 0.310179, -1.2440493;
 0, 0, 0, 1]
Ow:
[1.1379327;
 -0.52350837;
 2.4820838]
Keyframe: 46 Frame: 575 Frame from vFrameID : 576
Tcw:
[0.9962253, -0.04567213, -0.073818728, 1.1922823;
 -0.054448575, 0.33352429, -0.94116783, -0.53625405;
 0.067605481, 0.94163454, 0.32977855, 2.5380297;
 0, 0, 0, 1]
Twc:
[0.9962253, -0.054448575, 0.067605481, -1.3885647;
 -0.04567213, 0.33352429, 0.94163454, -2.1565886;
 -0.073818728, -0.94116783, 0.32977855, -1.25368;
 0, 0, 0, 1]
Ow:
[1.1922823;
 -0.53625405;
 2.5380297]
Keyframe: 47 Frame: 584 Frame from vFrameID : 585
Tcw:
[0.99793488, -0.043618649, -0.047153346, 1.165204;
 -0.03013649, 0.33034533, -0.94337893, -0.56608236;
 0.0567258, 0.94285172, 0.32834861, 2.5625067;
 0, 0, 0, 1]
Twc:
[0.99793488, -0.03013649, 0.0567258, -1.3252176;
 -0.043618649, 0.33034533, 0.94285172, -2.1782365;
 -0.047153346, -0.94337893, 0.32834861, -1.3204824;
 0, 0, 0, 1]
Ow:
[1.165204;
 -0.56608236;
 2.5625067]
Keyframe: 48 Frame: 594 Frame from vFrameID : 595
Tcw:
[0.99849701, -0.017704386, 0.051867943, 1.255692;
 0.054796323, 0.3044484, -0.9509514, -0.47752267;
 0.0010448982, 0.95236427, 0.30496097, 2.6025939;
 0, 0, 0, 1]
Twc:
[0.99849701, 0.054796323, 0.0010448982, -1.2303575;
 -0.017704386, 0.3044484, 0.95236427, -2.3110054;
 0.051867943, -0.9509514, 0.30496097, -1.3129205;
 0, 0, 0, 1]
Ow:
[1.255692;
 -0.47752267;
 2.6025939]
Keyframe: 49 Frame: 604 Frame from vFrameID : 605
Tcw:
[0.99844962, -0.041066006, 0.037576351, 1.3156011;
 0.048517294, 0.3111451, -0.94912314, -0.52854294;
 0.027285, 0.94947475, 0.31265512, 2.6211357;
 0, 0, 0, 1]
Twc:
[0.99844962, 0.048517294, 0.027285, -1.3594356;
 -0.041066006, 0.3111451, 0.94947475, -2.2702222;
 0.037576351, -0.94912314, 0.31265512, -1.3705994;
 0, 0, 0, 1]
Ow:
[1.3156011;
 -0.52854294;
 2.6211357]
Keyframe: 50 Frame: 613 Frame from vFrameID : 614
Tcw:
[0.99918735, -0.033284802, 0.022731826, 1.3241957;
 0.031880941, 0.30756465, -0.95099294, -0.52727324;
 0.024662107, 0.95094484, 0.30837587, 2.6502576;
 0, 0, 0, 1]
Twc:
[0.99918735, 0.031880941, 0.024662107, -1.3716707;
 -0.033284802, 0.30756465, 0.95094484, -2.3140025;
 0.022731826, -0.95099294, 0.30837587, -1.34881;
 0, 0, 0, 1]
Ow:
[1.3241957;
 -0.52727324;
 2.6502576]
Keyframe: 51 Frame: 622 Frame from vFrameID : 623
Tcw:
[0.99863017, -0.0080341566, 0.051702879, 1.308275;
 0.051833313, 0.28682643, -0.95657927, -0.51446229;
 -0.0071444437, 0.95794886, 0.28684995, 2.6957397;
 0, 0, 0, 1]
Twc:
[0.99863017, 0.051833313, -0.0071444437, -1.2605571;
 -0.0080341566, 0.28682643, 0.95794886, -2.4243088;
 0.051702879, -0.95657927, 0.28684995, -1.3330384;
 0, 0, 0, 1]
Ow:
[1.308275;
 -0.51446229;
 2.6957397]
Keyframe: 52 Frame: 630 Frame from vFrameID : 631
Tcw:
[0.99774575, 0.037317585, 0.055774514, 1.3155408;
 0.043593246, 0.27145746, -0.96146268, -0.51663369;
 -0.051019877, 0.96172673, 0.26921874, 2.7267315;
 0, 0, 0, 1]
Twc:
[0.99774575, 0.043593246, -0.051019877, -1.150936;
 0.037317585, 0.27145746, 0.96172673, -2.5312192;
 0.055774514, -0.96146268, 0.26921874, -1.3041849;
 0, 0, 0, 1]
Ow:
[1.3155408;
 -0.51663369;
 2.7267315]
Keyframe: 53 Frame: 639 Frame from vFrameID : 640
Tcw:
[0.99905735, 0.034515958, 0.026326915, 1.3421395;
 0.015118639, 0.29184371, -0.95634651, -0.54030579;
 -0.040692564, 0.95584303, 0.29104677, 2.7896399;
 0, 0, 0, 1]
Twc:
[0.99905735, 0.015118639, -0.040692564, -1.2191881;
 0.034515958, 0.29184371, 0.95584303, -2.5550983;
 0.026326915, -0.95634651, 0.29104677, -1.3639697;
 0, 0, 0, 1]
Ow:
[1.3421395;
 -0.54030579;
 2.7896399]
Keyframe: 54 Frame: 647 Frame from vFrameID : 648
Tcw:
[0.99841624, 0.055048637, 0.011603382, 1.347351;
 -0.005900539, 0.30757996, -0.95150393, -0.54637802;
 -0.055947963, 0.94992852, 0.30741766, 2.7825906;
 0, 0, 0, 1]
Twc:
[0.99841624, -0.005900539, -0.055947963, -1.1927607;
 0.055048637, 0.30757996, 0.94992852, -2.5493774;
 0.011603382, -0.95150393, 0.30741766, -1.3909322;
 0, 0, 0, 1]
Ow:
[1.347351;
 -0.54637802;
 2.7825906]
Keyframe: 55 Frame: 655 Frame from vFrameID : 656
Tcw:
[0.99817252, 0.059155103, 0.012339317, 1.3816346;
 -0.0054513244, 0.29151413, -0.95655102, -0.48198295;
 -0.060181957, 0.95473564, 0.29130387, 2.9390898;
 0, 0, 0, 1]
Twc:
[0.99817252, -0.0054513244, -0.060181957, -1.2048569;
 0.059155103, 0.29151413, 0.95473564, -2.7472799;
 0.012339317, -0.95655102, 0.29130387, -1.334258;
 0, 0, 0, 1]
Ow:
[1.3816346;
 -0.48198295;
 2.9390898]
Keyframe: 56 Frame: 664 Frame from vFrameID : 665
Tcw:
[0.9957996, 0.07988999, 0.044729188, 1.4017451;
 0.019550476, 0.29172891, -0.95630121, -0.50960243;
 -0.089447692, 0.95315886, 0.28894165, 2.9986036;
 0, 0, 0, 1]
Twc:
[0.9957996, 0.019550476, -0.089447692, -1.117676;
 0.07988999, 0.29172891, 0.95315886, -2.8214653;
 0.044729188, -0.95630121, 0.28894165, -1.4164538;
 0, 0, 0, 1]
Ow:
[1.4017451;
 -0.50960243;
 2.9986036]
Keyframe: 57 Frame: 674 Frame from vFrameID : 675
Tcw:
[0.99959099, 0.019316807, 0.021087695, 1.4234588;
 0.014557899, 0.29098496, -0.95661688, -0.51266348;
 -0.024614986, 0.9565326, 0.29058471, 3.0081978;
 0, 0, 0, 1]
Twc:
[0.99959099, 0.014557899, -0.024614986, -1.3413665;
 0.019316807, 0.29098496, 0.9565326, -2.7557583;
 0.021087695, -0.95661688, 0.29058471, -1.3945763;
 0, 0, 0, 1]
Ow:
[1.4234588;
 -0.51266348;
 3.0081978]
Keyframe: 58 Frame: 682 Frame from vFrameID : 683
Tcw:
[0.9996255, 0.026860377, 0.0052341889, 1.4257667;
 -0.0028670062, 0.29301029, -0.95610499, -0.50590575;
 -0.027215011, 0.95573193, 0.29297757, 3.0313647;
 0, 0, 0, 1]
Twc:
[0.9996255, -0.0028670062, -0.027215011, -1.3441845;
 0.026860377, 0.29301029, 0.95573193, -2.7872329;
 0.0052341889, -0.95610499, 0.29297757, -1.3792835;
 0, 0, 0, 1]
Ow:
[1.4257667;
 -0.50590575;
 3.0313647]
Keyframe: 59 Frame: 690 Frame from vFrameID : 691
Tcw:
[0.99914658, 0.031150933, 0.027123393, 1.4807329;
 0.017559459, 0.27403069, -0.96156061, -0.46598727;
 -0.037386153, 0.96121633, 0.27324983, 3.0339937;
 0, 0, 0, 1]
Twc:
[0.99914658, 0.017559459, -0.037386153, -1.3578575;
 0.031150933, 0.27403069, 0.96121633, -2.8347557;
 0.027123393, -0.96156061, 0.27324983, -1.3172759;
 0, 0, 0, 1]
Ow:
[1.4807329;
 -0.46598727;
 3.0339937]
Keyframe: 60 Frame: 700 Frame from vFrameID : 701
Tcw:
[0.99966013, 0.022325074, 0.013461273, 1.5347745;
 0.0068424889, 0.27356207, -0.96183002, -0.53804111;
 -0.025155421, 0.96159524, 0.27331632, 3.0889721;
 0, 0, 0, 1]
Twc:
[0.99966013, 0.0068424889, -0.025155421, -1.4528669;
 0.022325074, 0.27356207, 0.96159524, -2.8574171;
 0.013461273, -0.96183002, 0.27331632, -1.3824307;
 0, 0, 0, 1]
Ow:
[1.5347745;
 -0.53804111;
 3.0889721]
Keyframe: 61 Frame: 708 Frame from vFrameID : 709
Tcw:
[0.99982816, 0.017485296, -0.0061559486, 1.5669482;
 -0.010904027, 0.28618711, -0.9581117, -0.48750311;
 -0.014991114, 0.95801419, 0.28632861, 3.1606052;
 0, 0, 0, 1]
Twc:
[0.99982816, -0.010904027, -0.014991114, -1.5246137;
 0.017485296, 0.28618711, 0.95801419, -2.9157863;
 -0.0061559486, -0.9581117, 0.28632861, -1.362408;
 0, 0, 0, 1]
Ow:
[1.5669482;
 -0.48750311;
 3.1606052]
Keyframe: 62 Frame: 718 Frame from vFrameID : 719
Tcw:
[0.99954545, 0.021028224, 0.021602241, 1.5564219;
 0.014072307, 0.30825782, -0.95119876, -0.5375725;
 -0.026661081, 0.95107043, 0.30782178, 3.2238348;
 0, 0, 0, 1]
Twc:
[0.99954545, 0.014072307, -0.026661081, -1.4621986;
 0.021028224, 0.30825782, 0.95107043, -2.9331117;
 0.021602241, -0.95119876, 0.30782178, -1.5373272;
 0, 0, 0, 1]
Ow:
[1.5564219;
 -0.5375725;
 3.2238348]
Keyframe: 63 Frame: 726 Frame from vFrameID : 727
Tcw:
[0.9986974, 0.02912193, 0.041897252, 1.5677449;
 0.031788431, 0.28718081, -0.95734876, -0.57120466;
 -0.03991193, 0.95743358, 0.28588098, 3.2811105;
 0, 0, 0, 1]
Twc:
[0.9986974, 0.031788431, -0.03991193, -1.4165896;
 0.02912193, 0.28718081, 0.95743358, -3.0230622;
 0.041897252, -0.95734876, 0.28588098, -1.5505334;
 0, 0, 0, 1]
Ow:
[1.5677449;
 -0.57120466;
 3.2811105]
Keyframe: 64 Frame: 734 Frame from vFrameID : 735
Tcw:
[0.99960625, 0.018983493, 0.020663911, 1.5887712;
 0.01453567, 0.27959037, -0.96000934, -0.5640921;
 -0.02400176, 0.95993167, 0.27920434, 3.2966936;
 0, 0, 0, 1]
Twc:
[0.99960625, 0.01453567, -0.02400176, -1.5008197;
 0.018983493, 0.27959037, 0.95993167, -3.0370464;
 0.020663911, -0.96000934, 0.27920434, -1.4948151;
 0, 0, 0, 1]
Ow:
[1.5887712;
 -0.5640921;
 3.2966936]
Keyframe: 65 Frame: 743 Frame from vFrameID : 744
Tcw:
[0.99999386, -0.00015785564, -0.0035015778, 1.5988783;
 -0.0033121773, 0.28432596, -0.95872194, -0.55902886;
 0.0011469291, 0.95872766, 0.28432369, 3.3880763;
 0, 0, 0, 1]
Twc:
[0.99999386, -0.0033121773, 0.0011469291, -1.6046059;
 -0.00015785564, 0.28432596, 0.95872766, -3.0890439;
 -0.0035015778, -0.95872194, 0.28432369, -1.4936651;
 0, 0, 0, 1]
Ow:
[1.5988783;
 -0.55902886;
 3.3880763]
Keyframe: 66 Frame: 753 Frame from vFrameID : 754
Tcw:
[0.99978209, 0.0074998923, 0.0194818, 1.6227106;
 0.016552757, 0.28382817, -0.95873225, -0.63203025;
 -0.012719872, 0.95884585, 0.28364217, 3.4362726;
 0, 0, 0, 1]
Twc:
[0.99978209, 0.016552757, -0.012719872, -1.5681863;
 0.0074998923, 0.28382817, 0.95884585, -3.1276376;
 0.0194818, -0.95873225, 0.28364217, -1.6122329;
 0, 0, 0, 1]
Ow:
[1.6227106;
 -0.63203025;
 3.4362726]
Keyframe: 67 Frame: 761 Frame from vFrameID : 762
Tcw:
[0.99895543, 0.027875116, 0.03620851, 1.6301826;
 0.02639173, 0.29491326, -0.95515949, -0.64134693;
 -0.037303552, 0.95511734, 0.29386953, 3.4595456;
 0, 0, 0, 1]
Twc:
[0.99895543, 0.02639173, -0.037303552, -1.4825002;
 0.027875116, 0.29491326, 0.95511734, -3.1605718;
 0.03620851, -0.95515949, 0.29386953, -1.6882701;
 0, 0, 0, 1]
Ow:
[1.6301826;
 -0.64134693;
 3.4595456]
Keyframe: 68 Frame: 769 Frame from vFrameID : 770
Tcw:
[0.99980444, -0.007303521, -0.018379321, 1.6872972;
 -0.015611845, 0.27905467, -0.96014827, -0.65561724;
 0.012141299, 0.96024746, 0.27888608, 3.5284944;
 0, 0, 0, 1]
Twc:
[0.99980444, -0.015611845, 0.012141299, -1.7400432;
 -0.007303521, 0.27905467, 0.96024746, -3.1929514;
 -0.018379321, -0.96014827, 0.27888608, -1.5825263;
 0, 0, 0, 1]
Ow:
[1.6872972;
 -0.65561724;
 3.5284944]
Keyframe: 69 Frame: 779 Frame from vFrameID : 780
Tcw:
[0.99970353, -0.0014614336, -0.024304591, 1.6835107;
 -0.022676036, 0.30768391, -0.95121837, -0.70734668;
 0.0088682743, 0.95148748, 0.30755955, 3.5526581;
 0, 0, 0, 1]
Twc:
[0.99970353, -0.022676036, 0.0088682743, -1.7305573;
 -0.0014614336, 0.30768391, 0.95148748, -3.1602104;
 -0.024304591, -0.95121837, 0.30755955, -1.7245781;
 0, 0, 0, 1]
Ow:
[1.6835107;
 -0.70734668;
 3.5526581]
Keyframe: 70 Frame: 788 Frame from vFrameID : 789
Tcw:
[0.99940902, 0.024000887, 0.024608361, 1.6941313;
 0.016107515, 0.30544564, -0.95207328, -0.65775204;
 -0.030367119, 0.95190698, 0.30487853, 3.5798085;
 0, 0, 0, 1]
Twc:
[0.99940902, 0.016107515, -0.030367119, -1.5738268;
 0.024000887, 0.30544564, 0.95190698, -3.2473981;
 0.024608361, -0.95207328, 0.30487853, -1.7593247;
 0, 0, 0, 1]
Ow:
[1.6941313;
 -0.65775204;
 3.5798085]
Keyframe: 71 Frame: 797 Frame from vFrameID : 798
Tcw:
[0.99923104, 0.02705545, 0.028378189, 1.7089407;
 0.018702941, 0.30722073, -0.95145446, -0.59611905;
 -0.034460399, 0.95125359, 0.30647847, 3.6515551;
 0, 0, 0, 1]
Twc:
[0.99923104, 0.018702941, -0.034460399, -1.5706434;
 0.02705545, 0.30722073, 0.95125359, -3.3366511;
 0.028378189, -0.95145446, 0.30647847, -1.7348;
 0, 0, 0, 1]
Ow:
[1.7089407;
 -0.59611905;
 3.6515551]
Keyframe: 72 Frame: 807 Frame from vFrameID : 808
Tcw:
[0.99960333, 0.028154662, -0.0007344035, 1.6870289;
 -0.0092775403, 0.30454549, -0.9524526, -0.64928985;
 -0.026592322, 0.95208156, 0.30468589, 3.7252414;
 0, 0, 0, 1]
Twc:
[0.99960333, -0.0092775403, -0.026592322, -1.5933207;
 0.028154662, 0.30454549, 0.95208156, -3.3964932;
 -0.0007344035, -0.9524526, 0.30468589, -1.7522073;
 0, 0, 0, 1]
Ow:
[1.6870289;
 -0.64928985;
 3.7252414]
Keyframe: 73 Frame: 817 Frame from vFrameID : 818
Tcw:
[0.9983356, 0.025558876, 0.051698782, 1.6898394;
 0.041780986, 0.29739103, -0.95384115, -0.64711821;
 -0.039753862, 0.95441359, 0.29582819, 3.7612646;
 0, 0, 0, 1]
Twc:
[0.9983356, 0.041780986, -0.039753862, -1.5104648;
 0.025558876, 0.29739103, 0.95441359, -3.4405453;
 0.051698782, -0.95384115, 0.29582819, -1.8172985;
 0, 0, 0, 1]
Ow:
[1.6898394;
 -0.64711821;
 3.7612646]
Keyframe: 74 Frame: 825 Frame from vFrameID : 826
Tcw:
[0.99708331, 0.052021492, 0.055844698, 1.6865557;
 0.038286723, 0.29203981, -0.95563948, -0.58823442;
 -0.066022672, 0.95499033, 0.28919628, 3.767993;
 0, 0, 0, 1]
Twc:
[0.99708331, 0.038286723, -0.066022672, -1.4103421;
 0.052021492, 0.29203981, 0.95499033, -3.5143461;
 0.055844698, -0.95563948, 0.28919628, -1.7460148;
 0, 0, 0, 1]
Ow:
[1.6865557;
 -0.58823442;
 3.767993]
Keyframe: 75 Frame: 834 Frame from vFrameID : 835
Tcw:
[0.99960524, 0.024658848, 0.013464011, 1.7268906;
 0.0052589579, 0.3065339, -0.95184523, -0.70771122;
 -0.027598582, 0.95154029, 0.30628324, 3.8205476;
 0, 0, 0, 1]
Twc:
[0.99960524, 0.0052589579, -0.027598582, -1.6170454;
 0.024658848, 0.3065339, 0.95154029, -3.4610505;
 0.013464011, -0.95184523, 0.30628324, -1.8670518;
 0, 0, 0, 1]
Ow:
[1.7268906;
 -0.70771122;
 3.8205476]
Keyframe: 76 Frame: 843 Frame from vFrameID : 844
Tcw:
[0.99993008, -0.0031745422, 0.011389677, 1.7759967;
 0.011809002, 0.31632686, -0.94857675, -0.75206697;
 -0.00059156382, 0.94864494, 0.31634223, 3.8722038;
 0, 0, 0, 1]
Twc:
[0.99993008, 0.011809002, -0.00059156382, -1.7647008;
 -0.0031745422, 0.31632686, 0.94864494, -3.4298098;
 0.011389677, -0.94857675, 0.31634223, -1.9585629;
 0, 0, 0, 1]
Ow:
[1.7759967;
 -0.75206697;
 3.8722038]
Keyframe: 77 Frame: 853 Frame from vFrameID : 854
Tcw:
[0.99760336, 0.0088500679, 0.068623707, 1.7556555;
 0.062129412, 0.32195365, -0.94471467, -0.76765108;
 -0.030454442, 0.94671404, 0.32063219, 3.8981521;
 0, 0, 0, 1]
Twc:
[0.99760336, 0.062129412, -0.030454442, -1.5850381;
 0.0088500679, 0.32195365, 0.94671404, -3.4588251;
 0.068623707, -0.94471467, 0.32063219, -2.0955639;
 0, 0, 0, 1]
Ow:
[1.7556555;
 -0.76765108;
 3.8981521]
Keyframe: 78 Frame: 863 Frame from vFrameID : 864
Tcw:
[0.99959618, -0.013589838, 0.024956113, 1.8185331;
 0.028007373, 0.32269463, -0.94608867, -0.7267437;
 0.0048039877, 0.94640559, 0.32294494, 3.9610755;
 0, 0, 0, 1]
Twc:
[0.99959618, 0.028007373, 0.0048039877, -1.8164735;
 -0.013589838, 0.32269463, 0.94640559, -3.4895539;
 0.024956113, -0.94608867, 0.32294494, -2.0121567;
 0, 0, 0, 1]
Ow:
[1.8185331;
 -0.7267437;
 3.9610755]
Keyframe: 79 Frame: 872 Frame from vFrameID : 873
Tcw:
[0.99874085, -0.049317591, -0.0091942623, 1.8640935;
 0.007221892, 0.32270268, -0.94647282, -0.71997559;
 0.049644772, 0.94521469, 0.32265249, 4.0214758;
 0, 0, 0, 1]
Twc:
[0.99874085, 0.007221892, 0.049644772, -2.0561919;
 -0.049317591, 0.32270268, 0.94521469, -3.4768872;
 -0.0091942623, -0.94647282, 0.32265249, -1.9618375;
 0, 0, 0, 1]
Ow:
[1.8640935;
 -0.71997559;
 4.0214758]
Keyframe: 80 Frame: 882 Frame from vFrameID : 883
Tcw:
[0.99846977, -0.055179182, 0.0036649574, 1.9162567;
 0.020135088, 0.30102092, -0.95340496, -0.71868348;
 0.051504876, 0.95201981, 0.3016713, 4.0607181;
 0, 0, 0, 1]
Twc:
[0.99846977, 0.020135088, 0.051504876, -2.1080003;
 -0.055179182, 0.30102092, 0.95201981, -3.5438075;
 0.0036649574, -0.95340496, 0.3016713, -1.9172215;
 0, 0, 0, 1]
Ow:
[1.9162567;
 -0.71868348;
 4.0607181]
Keyframe: 81 Frame: 891 Frame from vFrameID : 892
Tcw:
[0.99840021, -0.042325351, 0.037491031, 1.9079747;
 0.049876489, 0.34693056, -0.93656367, -0.75359666;
 0.026633602, 0.93693531, 0.3484866, 4.0781932;
 0, 0, 0, 1]
Twc:
[0.99840021, 0.049876489, 0.026633602, -1.9759525;
 -0.042325351, 0.34693056, 0.93693531, -3.4788015;
 0.037491031, -0.93656367, 0.3484866, -2.1985188;
 0, 0, 0, 1]
Ow:
[1.9079747;
 -0.75359666;
 4.0781932]
Keyframe: 82 Frame: 901 Frame from vFrameID : 902
Tcw:
[0.9984985, -0.054559659, 0.0048933555, 1.9742528;
 0.023314772, 0.34244514, -0.9392485, -0.70834124;
 0.049569372, 0.93795234, 0.34320301, 4.2314777;
 0, 0, 0, 1]
Twc:
[0.9984985, 0.023314772, 0.049569372, -2.1645255;
 -0.054559659, 0.34244514, 0.93795234, -3.6186419;
 0.0048933555, -0.9392485, 0.34320301, -2.1272252;
 0, 0, 0, 1]
Ow:
[1.9742528;
 -0.70834124;
 4.2314777]
Keyframe: 83 Frame: 910 Frame from vFrameID : 911
Tcw:
[0.99849224, -0.044824615, 0.031685378, 1.9174852;
 0.044531856, 0.32395849, -0.94502264, -0.75694084;
 0.032095529, 0.94500881, 0.32546616, 4.267004;
 0, 0, 0, 1]
Twc:
[0.99849224, 0.044531856, 0.032095529, -2.017838;
 -0.044824615, 0.32395849, 0.94500881, -3.7011883;
 0.031685378, -0.94502264, 0.32546616, -2.1648479;
 0, 0, 0, 1]
Ow:
[1.9174852;
 -0.75694084;
 4.267004]
Keyframe: 84 Frame: 919 Frame from vFrameID : 920
Tcw:
[0.99892461, -0.014973233, 0.043879088, 1.919538;
 0.046350852, 0.34460333, -0.93760341, -0.85781431;
 -0.0010819257, 0.93862897, 0.34492677, 4.2935271;
 0, 0, 0, 1]
Twc:
[0.99892461, 0.046350852, -0.0010819257, -1.8730682;
 -0.014973233, 0.34460333, 0.93862897, -3.7056818;
 0.043879088, -0.93760341, 0.34492677, -2.3694699;
 0, 0, 0, 1]
Ow:
[1.919538;
 -0.85781431;
 4.2935271]
Keyframe: 85 Frame: 929 Frame from vFrameID : 930
Tcw:
[0.99980992, -0.016753418, 0.0099704415, 1.9814521;
 0.014952423, 0.33077115, -0.94359255, -0.79613924;
 0.012510465, 0.94356227, 0.33095878, 4.362649;
 0, 0, 0, 1]
Twc:
[0.99980992, 0.014952423, 0.012510465, -2.0237501;
 -0.016753418, 0.33077115, 0.94356227, -3.819895;
 0.0099704415, -0.94359255, 0.33095878, -2.214844;
 0, 0, 0, 1]
Ow:
[1.9814521;
 -0.79613924;
 4.362649]
Keyframe: 86 Frame: 939 Frame from vFrameID : 940
Tcw:
[0.99909288, -0.016061811, 0.039439332, 1.9681315;
 0.042565569, 0.34902579, -0.9361459, -0.89953852;
 0.0012708548, 0.93697548, 0.34939286, 4.4078584;
 0, 0, 0, 1]
Twc:
[0.99909288, 0.042565569, 0.0012708548, -1.9336586;
 -0.016061811, 0.34902579, 0.93697548, -3.7844813;
 0.039439332, -0.9361459, 0.34939286, -2.4597955;
 0, 0, 0, 1]
Ow:
[1.9681315;
 -0.89953852;
 4.4078584]
Keyframe: 87 Frame: 947 Frame from vFrameID : 948
Tcw:
[0.99779719, -0.0067740642, 0.065991312, 1.9653082;
 0.064570092, 0.32730487, -0.94271004, -0.78584146;
 -0.0152133, 0.94489449, 0.32702127, 4.4629779;
 0, 0, 0, 1]
Twc:
[0.99779719, 0.064570092, -0.0152133, -1.8423406;
 -0.0067740642, 0.32730487, 0.94489449, -3.9465206;
 0.065991312, -0.94271004, 0.32702127, -2.3300028;
 0, 0, 0, 1]
Ow:
[1.9653082;
 -0.78584146;
 4.4629779]
Keyframe: 88 Frame: 957 Frame from vFrameID : 958
Tcw:
[0.99932313, -0.026595766, 0.025415089, 2.0335774;
 0.032545358, 0.31712967, -0.94782358, -0.85463965;
 0.017148215, 0.94800919, 0.31778058, 4.5254426;
 0, 0, 0, 1]
Twc:
[0.99932313, 0.032545358, 0.017148215, -2.0819898;
 -0.026595766, 0.31712967, 0.94800919, -3.965045;
 0.025415089, -0.94782358, 0.31778058, -2.299829;
 0, 0, 0, 1]
Ow:
[2.0335774;
 -0.85463965;
 4.5254426]
Keyframe: 89 Frame: 965 Frame from vFrameID : 966
Tcw:
[0.99955881, -0.022427754, 0.019471394, 2.0353339;
 0.02583259, 0.33297062, -0.94258326, -0.84099042;
 0.014656625, 0.94267046, 0.33340308, 4.5476704;
 0, 0, 0, 1]
Twc:
[0.99955881, 0.02583259, 0.014656625, -2.0793645;
 -0.022427754, 0.33297062, 0.94267046, -3.9612811;
 0.019471394, -0.94258326, 0.33340308, -2.3485415;
 0, 0, 0, 1]
Ow:
[2.0353339;
 -0.84099042;
 4.5476704]
Keyframe: 90 Frame: 973 Frame from vFrameID : 974
Tcw:
[0.99821246, -0.038123839, 0.046027336, 2.052537;
 0.056017779, 0.32838619, -0.94288099, -0.85125864;
 0.020831501, 0.94377387, 0.32993478, 4.6329937;
 0, 0, 0, 1]
Twc:
[0.99821246, 0.056017779, 0.020831501, -2.0976944;
 -0.038123839, 0.32838619, 0.94377387, -4.0147061;
 0.046027336, -0.94288099, 0.32993478, -2.425694;
 0, 0, 0, 1]
Ow:
[2.052537;
 -0.85125864;
 4.6329937]
Keyframe: 91 Frame: 983 Frame from vFrameID : 984
Tcw:
[0.99861413, -0.018494071, 0.049272045, 2.1056128;
 0.052618578, 0.33262247, -0.94159096, -0.80386555;
 0.0010248611, 0.94287872, 0.33313465, 4.6658306;
 0, 0, 0, 1]
Twc:
[0.99861413, 0.052618578, 0.0010248611, -2.0651782;
