Keyframe: 0 Frame: 0 Frame from vFrameID : 74
Tcw:
[0.99916059, -0.039094269, -0.012235695, 0.038082477;
 0.0046912571, 0.40592745, -0.91389328, 0.021226518;
 0.040694796, 0.91306877, 0.40577012, -0.19938082;
 0, 0, 0, 1]
Twc:
[0.99916059, 0.0046912571, 0.040694796, -0.030036328;
 -0.039094269, 0.40592745, 0.91306877, 0.17492078;
 -0.012235695, -0.91389328, 0.40577012, 0.10076752;
 0, 0, 0, 1]
Ow:
[0.038082477;
 0.021226518;
 -0.19938082]
Keyframe: 1 Frame: 113 Frame from vFrameID : 74
Tcw:
[0.99866438, -0.047611948, -0.020063218, 0.009726204;
 0.0005425241, 0.39796349, -0.91740108, 0.0045027621;
 0.051663682, 0.91616493, 0.39745781, -0.042196579;
 0, 0, 0, 1]
Twc:
[0.99866438, 0.0005425241, 0.051663682, -0.0075356257;
 -0.047611948, 0.39796349, 0.91616493, 0.037330177;
 -0.020063218, -0.91740108, 0.39745781, 0.02109734;
 0, 0, 0, 1]
Ow:
[0.009726204;
 0.0045027621;
 -0.042196579]
