Keyframe: 0 Frame: 0 Frame from vFrameID : 131
Tcw:
[0.99936789, -0.010723812, -0.033894222, 0.4328174;
 -0.028982317, 0.30636656, -0.95147234, -0.11486401;
 0.020587467, 0.95185322, 0.3058621, 0.67328292;
 0, 0, 0, 1]
Twc:
[0.99936789, -0.028982317, 0.020587467, -0.44973403;
 -0.010723812, 0.30636656, 0.95185322, -0.60103458;
 -0.033894222, -0.95147234, 0.3058621, -0.30055165;
 0, 0, 0, 1]
Ow:
[0.4328174;
 -0.11486401;
 0.67328292]
Keyframe: 1 Frame: 248 Frame from vFrameID : 131
Tcw:
[0.99952322, -0.0075229011, -0.029946331, 0.0043239146;
 -0.026103668, 0.31213623, -0.94967866, 0.0014314313;
 0.016491674, 0.95000756, 0.31179103, 0.0053236629;
 0, 0, 0, 1]
Twc:
[0.99952322, -0.026103668, 0.016491674, -0.0043722838;
 -0.0075229011, 0.31213623, 0.95000756, -0.0054717935;
 -0.029946331, -0.94967866, 0.31179103, -0.00017098529;
 0, 0, 0, 1]
Ow:
[0.0043239146;
 0.0014314313;
 0.0053236629]
