Keyframe: 0 Frame: 0 Frame from vFrameID : 74
Tcw:
[0.99977005, -0.019921033, 0.0079403333, 0.073224582;
 0.015139746, 0.39341429, -0.91923666, 0.011185169;
 0.015188303, 0.91914546, 0.39362541, -0.10994892;
 0, 0, 0, 1]
Twc:
[0.99977005, 0.015139746, 0.015188303, -0.071707144;
 -0.019921033, 0.39341429, 0.91914546, 0.098117344;
 0.0079403333, -0.91923666, 0.39362541, 0.052979074;
 0, 0, 0, 1]
Ow:
[0.073224582;
 0.011185169;
 -0.10994892]
Keyframe: 1 Frame: 134 Frame from vFrameID : 74
Tcw:
[0.94510311, -0.13749608, 0.29643708, -0.10233223;
 0.30629617, 0.056676861, -0.95024753, -0.25718367;
 0.1138542, 0.98887944, 0.095679998, 0.67176992;
 0, 0, 0, 1]
Twc:
[0.94510311, 0.30629617, 0.1138542, 0.099005066;
 -0.13749608, 0.056676861, 0.98887944, -0.66379339;
 0.29643708, -0.95024753, 0.095679998, -0.27832803;
 0, 0, 0, 1]
Ow:
[-0.10233223;
 -0.25718367;
 0.67176992]
