Keyframe: 0 Frame: 0 Frame from vFrameID : 74
Tcw:
[0.99577206, -0.067058347, -0.062778994, 0.65378302;
 -0.036070805, 0.34308583, -0.93861121, -0.27301285;
 0.084480301, 0.93690729, 0.33921644, 1.525038;
 0, 0, 0, 1]
Twc:
[0.99577206, -0.036070805, 0.084480301, -0.7897023;
 -0.067058347, 0.34308583, 0.93690729, -1.2913108;
 -0.062778994, -0.93861121, 0.33921644, -0.73252702;
 0, 0, 0, 1]
Ow:
[0.65378302;
 -0.27301285;
 1.525038]
Keyframe: 1 Frame: 408 Frame from vFrameID : 74
Tcw:
[0.99645418, -0.070580795, -0.045797527, 0.037954561;
 -0.019375699, 0.33719233, -0.94123638, -0.017011218;
 0.081875786, 0.93878627, 0.33462915, 0.094628744;
 0, 0, 0, 1]
Twc:
[0.99645418, -0.019375699, 0.081875786, -0.045897387;
 -0.070580795, 0.33719233, 0.93878627, -0.080421247;
 -0.045797527, -0.94123638, 0.33462915, -0.045938887;
 0, 0, 0, 1]
Ow:
[0.037954561;
 -0.017011218;
 0.094628744]
