Keyframe: 0 Frame: 0 Frame from vFrameID : 74
Tcw:
[0.99943751, -0.024784548, 0.022590728, 0.17557143;
 0.030345989, 0.38167503, -0.92379826, -0.032254644;
 0.014273606, 0.9239642, 0.38221246, 0.18648368;
 0, 0, 0, 1]
Twc:
[0.99943751, 0.030345989, 0.014273606, -0.17715567;
 -0.024784548, 0.38167503, 0.9239642, -0.155642;
 0.022590728, -0.92379826, 0.38221246, -0.10503946;
 0, 0, 0, 1]
Ow:
[0.17557143;
 -0.032254644;
 0.18648368]
Keyframe: 1 Frame: 191 Frame from vFrameID : 74
Tcw:
[0.99952668, -0.025163306, 0.017698478, -nan;
 0.025962071, 0.38130477, -0.92408478, -nan;
 0.016504513, 0.92410684, 0.38177758, inf;
 0, 0, 0, 1]
Twc:
[0.99952668, 0.025962071, 0.016504513, -inf;
 -0.025163306, 0.38130477, 0.92410684, -inf;
 0.017698478, -0.92408478, 0.38177758, -inf;
 0, 0, 0, 1]
Ow:
[-nan;
 -nan;
 inf]
