Keyframe: 0 Frame: 0 Frame from vFrameID : 131
Tcw:
[0.99975449, 0.021535717, -0.0052086082, 0.30123758;
 -0.011578836, 0.30739358, -0.95151204, -0.074274875;
 -0.018890399, 0.95133877, 0.30756748, 0.40432325;
 0, 0, 0, 1]
Twc:
[0.99975449, -0.011578836, -0.018890399, -0.29438585;
 0.021535717, 0.30739358, 0.95133877, -0.3683041;
 -0.0052086082, -0.95151204, 0.30756748, -0.19346108;
 0, 0, 0, 1]
Ow:
[0.30123758;
 -0.074274875;
 0.40432325]
Keyframe: 1 Frame: 208 Frame from vFrameID : 131
Tcw:
[0.99961132, 0.027160775, -0.0062899161, 0.0088139614;
 -0.0144894, 0.31336966, -0.94952065, -0.0030917656;
 -0.023818647, 0.94924271, 0.3136414, 0.0090454631;
 0, 0, 0, 1]
Twc:
[0.99961132, -0.0144894, -0.023818647, -0.0086398823;
 0.027160775, 0.31336966, 0.94924271, -0.0078568682;
 -0.0062899161, -0.94952065, 0.3136414, -0.0057172882;
 0, 0, 0, 1]
Ow:
[0.0088139614;
 -0.0030917656;
 0.0090454631]
