Keyframe: 0 Frame: 0 Frame from vFrameID : 74
Tcw:
[0.99500191, -0.072095394, -0.069089837, 0.70134485;
 -0.041335981, 0.33244953, -0.94221479, -0.29624629;
 0.090898231, 0.94036138, 0.32780778, 1.6288261;
 0, 0, 0, 1]
Twc:
[0.99500191, -0.041335981, 0.090898231, -0.85814255;
 -0.072095394, 0.33244953, 0.94036138, -1.3826345;
 -0.069089837, -0.94221479, 0.32780778, -0.76461369;
 0, 0, 0, 1]
Ow:
[0.70134485;
 -0.29624629;
 1.6288261]
Keyframe: 1 Frame: 428 Frame from vFrameID : 74
Tcw:
[0.99455941, -0.073358685, -0.073960237, -0.0051577813;
 -0.046600856, 0.32166916, -0.94570464, 0.012240089;
 0.093166381, 0.94400609, 0.31650048, -0.0080268541;
 0, 0, 0, 1]
Twc:
[0.99455941, -0.046600856, 0.093166381, 0.0064479508;
 -0.073358685, 0.32166916, 0.94400609, 0.0032617725;
 -0.073960237, -0.94570464, 0.31650048, 0.013734542;
 0, 0, 0, 1]
Ow:
[-0.0051577813;
 0.012240089;
 -0.0080268541]
