Keyframe: 0 Frame: 0 Frame from vFrameID : 131
Tcw:
[0.99964654, 0.017024491, -0.020419285, 0.4456054;
 -0.024582975, 0.29949576, -0.95378089, -0.13433024;
 -0.010122146, 0.95394576, 0.29980841, 0.7670396;
 0, 0, 0, 1]
Twc:
[0.99964654, -0.024582975, -0.010122146, -0.44098604;
 0.017024491, 0.29949576, 0.95394576, -0.69906902;
 -0.020419285, -0.95378089, 0.29980841, -0.34898761;
 0, 0, 0, 1]
Ow:
[0.4456054;
 -0.13433024;
 0.7670396]
Keyframe: 1 Frame: 262 Frame from vFrameID : 131
Tcw:
[0.9066081, -0.4161447, 0.069895074, -0.0030270906;
 0.31037614, 0.54541212, -0.77858347, 0.00099644857;
 0.28588179, 0.72756386, 0.62363642, -0.0051256306;
 0, 0, 0, 1]
Twc:
[0.9066081, 0.31037614, 0.28588179, 0.0039004355;
 -0.4161447, 0.54541212, 0.72756386, 0.001926041;
 0.069895074, -0.77858347, 0.62363642, 0.0041839276;
 0, 0, 0, 1]
Ow:
[-0.0030270906;
 0.00099644857;
 -0.0051256306]
