Keyframe: 0 Frame: 0 Frame from vFrameID : 131
Tcw:
[0.99908024, 0.042024259, 0.0085220933, 0.37551433;
 -0.0045921868, 0.30246332, -0.95314997, -0.0944134;
 -0.042633042, 0.95223415, 0.30237812, 0.5994674;
 0, 0, 0, 1]
Twc:
[0.99908024, -0.0045921868, -0.042633042, -0.35004538;
 0.042024259, 0.30246332, 0.95223415, -0.55805749;
 0.0085220933, -0.95314997, 0.30237812, -0.27445611;
 0, 0, 0, 1]
Ow:
[0.37551433;
 -0.0944134;
 0.5994674]
Keyframe: 1 Frame: 236 Frame from vFrameID : 131
Tcw:
[0.99916184, 0.04093251, 0.0004488776, 0.005491802;
 -0.011944263, 0.30201265, -0.95322907, -0.0046775751;
 -0.039153624, 0.95242476, 0.30224842, 0.0090172868;
 0, 0, 0, 1]
Twc:
[0.99916184, -0.011944263, -0.039153624, -0.0051900093;
 0.04093251, 0.30201265, 0.95242476, -0.007400393;
 0.0004488776, -0.95322907, 0.30224842, -0.0071867262;
 0, 0, 0, 1]
Ow:
[0.005491802;
 -0.0046775751;
 0.0090172868]
