Keyframe: 0 Frame: 0 Frame from vFrameID : 74
Tcw:
[0.98909128, -0.14261857, -0.036855739, 0.85110372;
 0.013735657, 0.33840856, -0.94089901, -0.3782903;
 0.14666197, 0.93012881, 0.33667594, 2.1003861;
 0, 0, 0, 1]
Twc:
[0.98909128, 0.013735657, 0.14666197, -1.14467;
 -0.14261857, 0.33840856, 0.93012881, -1.7042296;
 -0.036855739, -0.94089901, 0.33667594, -1.0317143;
 0, 0, 0, 1]
Ow:
[0.85110372;
 -0.3782903;
 2.1003861]
Keyframe: 1 Frame: 509 Frame from vFrameID : 74
Tcw:
[0.99136341, -0.12682968, -0.033359442, 0.098491281;
 0.013565382, 0.35218176, -0.93583333, -0.061862268;
 0.13044003, 0.92729837, 0.3508606, 0.25771493;
 0, 0, 0, 1]
Twc:
[0.99136341, 0.013565382, 0.13044003, -0.13041781;
 -0.12682968, 0.35218176, 0.92729837, -0.20470025;
 -0.033359442, -0.93583333, 0.3508606, -0.14502917;
 0, 0, 0, 1]
Ow:
[0.098491281;
 -0.061862268;
 0.25771493]
