Keyframe: 0 Frame: 0 Frame from vFrameID : 131
Tcw:
[0.9997133, 0.0221659, 0.0090552857, 0.16332331;
 0.0017276285, 0.31042254, -0.95059711, -0.02723594;
 -0.023881806, 0.95034021, 0.31029525, 0.13410246;
 0, 0, 0, 1]
Twc:
[0.9997133, 0.0017276285, -0.023881806, -0.16002682;
 0.0221659, 0.31042254, 0.95034021, -0.12260852;
 0.0090552857, -0.95059711, 0.31029525, -0.068980701;
 0, 0, 0, 1]
Ow:
[0.16332331;
 -0.02723594;
 0.13410246]
Keyframe: 1 Frame: 155 Frame from vFrameID : 131
Tcw:
[0.99978918, 0.020384155, 0.0024673447, 0.00077861536;
 -0.0036888411, 0.29652551, -0.95501781, -0.017015567;
 -0.020198861, 0.9548074, 0.29653817, 0.0020902485;
 0, 0, 0, 1]
Twc:
[0.99978918, -0.0036888411, -0.020198861, -0.00079899834;
 0.020384155, 0.29652551, 0.9548074, 0.0030338932;
 0.0024673447, -0.95501781, 0.29653817, -0.016871929;
 0, 0, 0, 1]
Ow:
[0.00077861536;
 -0.017015567;
 0.0020902485]
