Keyframe: 0 Frame: 0 Frame from vFrameID : 74
Tcw:
[0.9986003, -0.038018316, -0.036770727, 0.44628629;
 -0.020567145, 0.36137912, -0.93219209, -0.17303482;
 0.048728544, 0.93164355, 0.36009136, 0.93512928;
 0, 0, 0, 1]
Twc:
[0.9986003, -0.020567145, 0.048728544, -0.49478793;
 -0.038018316, 0.36137912, 0.93164355, -0.79170895;
 -0.036770727, -0.93219209, 0.36009136, -0.48162338;
 0, 0, 0, 1]
Ow:
[0.44628629;
 -0.17303482;
 0.93512928]
Keyframe: 1 Frame: 306 Frame from vFrameID : 74
Tcw:
[0.99841058, -0.043342836, -0.036023978, 0.0021237561;
 -0.017795375, 0.36404684, -0.93121064, -0.0022218542;
 0.053475723, 0.93037158, 0.36269692, 0.011290168;
 0, 0, 0, 1]
Twc:
[0.99841058, -0.017795375, 0.053475723, -0.002763669;
 -0.043342836, 0.36404684, 0.93037158, -0.0096031437;
 -0.036023978, -0.93121064, 0.36269692, -0.0060874172;
 0, 0, 0, 1]
Ow:
[0.0021237561;
 -0.0022218542;
 0.011290168]
