Keyframe: 0 Frame: 0 Frame from vFrameID : 131
Tcw:
[0.99838275, 0.053371452, 0.019579342, 0.13009694;
 0.001662796, 0.31684414, -0.94847614, -0.021385457;
 -0.05682515, 0.94697481, 0.31624299, 0.076306939;
 0, 0, 0, 1]
Twc:
[0.99838275, 0.001662796, -0.05682515, -0.12551484;
 0.053371452, 0.31684414, 0.94697481, -0.072428353;
 0.019579342, -0.94847614, 0.31624299, -0.046962343;
 0, 0, 0, 1]
Ow:
[0.13009694;
 -0.021385457;
 0.076306939]
Keyframe: 1 Frame: 142 Frame from vFrameID : 131
Tcw:
[0.99837041, 0.053899113, 0.01874637, inf;
 0.00088803779, 0.31378892, -0.94949234, -nan;
 -0.057059199, 0.94796169, 0.31322971, -nan;
 0, 0, 0, 1]
Twc:
[0.99837041, 0.00088803779, -0.057059199, -inf;
 0.053899113, 0.31378892, 0.94796169, -inf;
 0.01874637, -0.94949234, 0.31322971, -inf;
 0, 0, 0, 1]
Ow:
[inf;
 -nan;
 -nan]
