Keyframe: 0 Frame: 0 Frame from vFrameID : 131
Tcw:
[0.99953789, 0.0078340024, -0.029371493, 0.43539038;
 -0.030364919, 0.3025732, -0.95264232, -0.11587791;
 0.0014240243, 0.95309395, 0.30267125, 0.70630372;
 0, 0, 0, 1]
Twc:
[0.99953789, -0.030364919, 0.0014240243, -0.4397136;
 0.0078340024, 0.3025732, 0.95309395, -0.64152312;
 -0.029371493, -0.95264232, 0.30267125, -0.31137997;
 0, 0, 0, 1]
Ow:
[0.43539038;
 -0.11587791;
 0.70630372]
Keyframe: 1 Frame: 255 Frame from vFrameID : 131
Tcw:
[0.99987334, 0.00057858828, -0.015904862, 0.0019193466;
 -0.015332715, 0.30294675, -0.95288414, -0.0022112655;
 0.0042669987, 0.95300734, 0.30291724, 0.0089554004;
 0, 0, 0, 1]
Twc:
[0.99987334, -0.015332715, 0.0042669987, -0.0019912207;
 0.00057858828, 0.30294675, 0.95300734, -0.0078657763;
 -0.015904862, -0.95288414, 0.30291724, -0.0047892979;
 0, 0, 0, 1]
Ow:
[0.0019193466;
 -0.0022112655;
 0.0089554004]
