Keyframe: 0 Frame: 0 Frame from vFrameID : 131
Tcw:
[0.99914885, 0.035347577, 0.021262949, 0.22624643;
 0.0090298718, 0.31553999, -0.94886929, -0.054404736;
 -0.040249545, 0.94825369, 0.31495222, 0.2891956;
 0, 0, 0, 1]
Twc:
[0.99914885, 0.0090298718, -0.040249545, -0.2139226;
 0.035347577, 0.31553999, 0.94825369, -0.26506117;
 0.021262949, -0.94886929, 0.31495222, -0.14751646;
 0, 0, 0, 1]
Ow:
[0.22624643;
 -0.054404736;
 0.2891956]
Keyframe: 1 Frame: 185 Frame from vFrameID : 131
Tcw:
[0.99895626, 0.036102489, 0.027981412, -0.0065729497;
 0.015088404, 0.31739116, -0.94817466, 0.0062481845;
 -0.043112516, 0.94760722, 0.31651515, -0.011779739;
 0, 0, 0, 1]
Twc:
[0.99895626, 0.015088404, -0.043112516, 0.0059639602;
 0.036102489, 0.31739116, 0.94760722, 0.0094167478;
 0.027981412, -0.94817466, 0.31651515, 0.0098367566;
 0, 0, 0, 1]
Ow:
[-0.0065729497;
 0.0062481845;
 -0.011779739]
