Keyframe: 0 Frame: 0 Frame from vFrameID : 74
Tcw:
[0.9990198, -0.033067837, -0.029427059, 0.58829755;
 -0.015634608, 0.35834402, -0.93345869, -0.25221059;
 0.041412473, 0.93300378, 0.35747576, 1.382625;
 0, 0, 0, 1]
Twc:
[0.9990198, -0.015634608, 0.041412473, -0.64892209;
 -0.033067837, 0.35834402, 0.93300378, -1.1801624;
 -0.029427059, -0.93345869, 0.35747576, -0.71237123;
 0, 0, 0, 1]
Ow:
[0.58829755;
 -0.25221059;
 1.382625]
Keyframe: 1 Frame: 378 Frame from vFrameID : 74
Tcw:
[0.99909407, -0.032683928, -0.027254421, 0.005142272;
 -0.013851375, 0.35580891, -0.93445605, -0.003027308;
 0.040239062, 0.93398702, 0.35503384, 0.01097928;
 0, 0, 0, 1]
Twc:
[0.99909407, -0.013851375, 0.040239062, -0.0056213415;
 -0.032683928, 0.35580891, 0.93398702, -0.0090092923;
 -0.027254421, -0.93445605, 0.35503384, -0.0065867528;
 0, 0, 0, 1]
Ow:
[0.005142272;
 -0.003027308;
 0.01097928]
