Keyframe: 0 Frame: 0 Frame from vFrameID : 74
Tcw:
[0.99571782, -0.063116133, -0.067545056, 0.62719053;
 -0.041229777, 0.35076493, -0.93555546, -0.26100582;
 0.082741082, 0.93433416, 0.34666064, 1.4342331;
 0, 0, 0, 1]
Twc:
[0.99571782, -0.041229777, 0.082741082, -0.75393599;
 -0.063116133, 0.35076493, 0.93433416, -1.2089154;
 -0.067545056, -0.93555546, 0.34666064, -0.69901395;
 0, 0, 0, 1]
Ow:
[0.62719053;
 -0.26100582;
 1.4342331]
Keyframe: 1 Frame: 388 Frame from vFrameID : 74
Tcw:
[0.99519849, -0.055794332, -0.080417424, 0.006034323;
 -0.0553624, 0.35666576, -0.93259025, -0.0024648923;
 0.080715388, 0.9325645, 0.35186431, 0.014970423;
 0, 0, 0, 1]
Twc:
[0.99519849, -0.0553624, 0.080715388, -0.0073501552;
 -0.055794332, 0.35666576, 0.9325645, -0.01274506;
 -0.080417424, -0.93259025, 0.35186431, -0.0070810267;
 0, 0, 0, 1]
Ow:
[0.006034323;
 -0.0024648923;
 0.014970423]
