Keyframe: 0 Frame: 0 Frame from vFrameID : 131
Tcw:
[0.99910414, 0.04044934, 0.012439871, 0.14735843;
 -0.00080677291, 0.3121067, -0.95004672, -0.022046652;
 -0.042311329, 0.94918561, 0.31185973, 0.10822105;
 0, 0, 0, 1]
Twc:
[0.99910414, -0.00080677291, -0.042311329, -0.14266524;
 0.04044934, 0.3121067, 0.94918561, -0.10180151;
 0.012439871, -0.95004672, 0.31185973, -0.056528255;
 0, 0, 0, 1]
Ow:
[0.14735843;
 -0.022046652;
 0.10822105]
Keyframe: 1 Frame: 151 Frame from vFrameID : 131
Tcw:
[0.62400061, 0.68056291, 0.3840017, -0.67460555;
 0.1622206, 0.36788726, -0.91561097, 1.339198;
 -0.76440024, 0.63363481, 0.11916055, 1.1467271;
 0, 0, 0, 1]
Twc:
[0.62400061, 0.1622206, -0.76440024, 1.0802672;
 0.68056291, 0.36788726, 0.63363481, -0.76016849;
 0.3840017, -0.91561097, 0.11916055, 1.3485894;
 0, 0, 0, 1]
Ow:
[-0.67460555;
 1.339198;
 1.1467271]
