Keyframe: 0 Frame: 0 Frame from vFrameID : 131
Tcw:
[0.99848288, 0.053112481, 0.014524723, 0.33293274;
 -0.0016633369, 0.29275858, -0.95618492, -0.084445298;
 -0.055037595, 0.95471013, 0.2924028, 0.51401895;
 0, 0, 0, 1]
Twc:
[0.99848288, -0.0016633369, -0.055037595, -0.30427778;
 0.053112481, 0.29275858, 0.95471013, -0.48369995;
 0.014524723, -0.95618492, 0.2924028, -0.23588167;
 0, 0, 0, 1]
Ow:
[0.33293274;
 -0.084445298;
 0.51401895]
Keyframe: 1 Frame: 224 Frame from vFrameID : 131
Tcw:
[0.99857497, 0.050054349, 0.018509028, inf;
 0.002972581, 0.29411876, -0.95576423, -nan;
 -0.053284012, 0.95445728, 0.29355085, -nan;
 0, 0, 0, 1]
Twc:
[0.99857497, 0.002972581, -0.053284012, -inf;
 0.050054349, 0.29411876, 0.95445728, -inf;
 0.018509028, -0.95576423, 0.29355085, -inf;
 0, 0, 0, 1]
Ow:
[inf;
 -nan;
 -nan]
