Keyframe: 0 Frame: 0 Frame from vFrameID : 74
Tcw:
[0.99453562, -0.09928228, -0.032278396, 0.80933654;
 0.00012687099, 0.31033623, -0.95062685, -0.35975385;
 0.10439756, 0.94542819, 0.30865303, 1.994979;
 0, 0, 0, 1]
Twc:
[0.99453562, 0.00012687099, 0.10439756, -1.0131394;
 -0.09928228, 0.31033623, 0.94542819, -1.6941119;
 -0.032278396, -0.95062685, 0.30865303, -0.93162394;
 0, 0, 0, 1]
Ow:
[0.80933654;
 -0.35975385;
 1.994979]
Keyframe: 1 Frame: 491 Frame from vFrameID : 74
Tcw:
[0.95009357, -0.30829832, -0.047689758, 0.33160421;
 0.15218204, 0.59147125, -0.79183483, 0.057071388;
 0.27232847, 0.74505967, 0.60887051, 1.2611983;
 0, 0, 0, 1]
Twc:
[0.95009357, 0.15218204, 0.27232847, -0.66720051;
 -0.30829832, 0.59147125, 0.74505967, -0.87119108;
 -0.047689758, -0.79183483, 0.60887051, -0.70690119;
 0, 0, 0, 1]
Ow:
[0.33160421;
 0.057071388;
 1.2611983]
