Keyframe: 0 Frame: 0 Frame from vFrameID : 74
Tcw:
[0.99904358, -0.043498352, -0.0044553336, 0.021343384;
 0.014864528, 0.43367895, -0.90094483, 0.024361365;
 0.041121799, 0.9000169, 0.43391076, -0.22240323;
 0, 0, 0, 1]
Twc:
[0.99904358, 0.014864528, 0.041121799, -0.012539469;
 -0.043498352, 0.43367895, 0.9000169, 0.19053005;
 -0.0044553336, -0.90094483, 0.43391076, 0.11854649;
 0, 0, 0, 1]
Ow:
[0.021343384;
 0.024361365;
 -0.22240323]
Keyframe: 1 Frame: 81 Frame from vFrameID : 74
Tcw:
[0.99904978, -0.042224038, -0.010800737, 0.00030638475;
 0.0083359433, 0.4283632, -0.90356821, -0.0008979931;
 0.042778935, 0.9026196, 0.42830813, -0.0056166267;
 0, 0, 0, 1]
Twc:
[0.99904978, 0.0083359433, 0.042778935, -5.833467e-05;
 -0.042224038, 0.4283632, 0.9026196, 0.0054672812;
 -0.010800737, -0.90356821, 0.42830813, 0.0015975581;
 0, 0, 0, 1]
Ow:
[0.00030638475;
 -0.0008979931;
 -0.0056166267]
