Keyframe: 0 Frame: 0 Frame from vFrameID : 74
Tcw:
[0.99937487, -0.035238639, -0.0028487574, 0.068680763;
 0.011883668, 0.41072527, -0.91168171, 0.020889446;
 0.033296481, 0.91107792, 0.41088727, -0.16410685;
 0, 0, 0, 1]
Twc:
[0.99937487, 0.011883668, 0.033296481, -0.06342189;
 -0.035238639, 0.41072527, 0.91107792, 0.14335452;
 -0.0028487574, -0.91168171, 0.41088727, 0.086669594;
 0, 0, 0, 1]
Ow:
[0.068680763;
 0.020889446;
 -0.16410685]
Keyframe: 1 Frame: 126 Frame from vFrameID : 74
Tcw:
[0.81404191, 0.5722006, 0.099610493, -0.64420092;
 -0.31782395, 0.58240098, -0.74819583, 0.63362122;
 -0.48613134, 0.5774042, 0.65595788, 1.4453946;
 0, 0, 0, 1]
Twc:
[0.81404191, -0.31782395, -0.48613134, 1.4284382;
 0.5722006, 0.58240098, 0.5774042, -0.83498633;
 0.099610493, -0.74819583, 0.65595788, -0.40987605;
 0, 0, 0, 1]
Ow:
[-0.64420092;
 0.63362122;
 1.4453946]
