Keyframe: 0 Frame: 0 Frame from vFrameID : 74
Tcw:
[0.9947117, -0.098730281, -0.028302187, 0.87425685;
 0.0099669425, 0.36705458, -0.93014604, -0.39656442;
 0.10222203, 0.924945, 0.36609751, 2.2070966;
 0, 0, 0, 1]
Twc:
[0.9947117, 0.0099669425, 0.10222203, -1.0912948;
 -0.098730281, 0.36705458, 0.924945, -1.8095665;
 -0.028302187, -0.93014604, 0.36609751, -1.1521319;
 0, 0, 0, 1]
Ow:
[0.87425685;
 -0.39656442;
 2.2070966]
Keyframe: 1 Frame: 527 Frame from vFrameID : 74
Tcw:
[0.99452066, -0.094421372, -0.044868793, 0.31516659;
 -0.0056071808, 0.38040477, -0.92480308, -0.10325018;
 0.10438948, 0.91998738, 0.37779096, 0.85834891;
 0, 0, 0, 1]
Twc:
[0.99452066, -0.0056071808, 0.10438948, -0.40362126;
 -0.094421372, 0.38040477, 0.91998738, -0.72063488;
 -0.044868793, -0.92480308, 0.37779096, -0.40562141;
 0, 0, 0, 1]
Ow:
[0.31516659;
 -0.10325018;
 0.85834891]
Keyframe: 2 Frame: 530 Frame from vFrameID : 531
Tcw:
[0.99005163, -0.10734783, -0.09096276, 0.89847565;
 -0.044570778, 0.37392041, -0.92638922, -0.36489046;
 0.1334587, 0.92122746, 0.36541593, 2.2255964;
 0, 0, 0, 1]
Twc:
[0.99005163, -0.044570778, 0.1334587, -1.2028259;
 -0.10734783, 0.37392041, 0.92122746, -1.8173909;
 -0.09096276, -0.92638922, 0.36541593, -1.0695711;
 0, 0, 0, 1]
Ow:
[0.89847565;
 -0.36489046;
 2.2255964]
Keyframe: 3 Frame: 533 Frame from vFrameID : 534
Tcw:
[0.98694521, -0.10976248, -0.11786167, 0.90719497;
 -0.067436688, 0.38292864, -0.92131317, -0.42858952;
 0.14625823, 0.91723382, 0.37052757, 2.247216;
 0, 0, 0, 1]
Twc:
[0.98694521, -0.067436688, 0.14625823, -1.2529281;
 -0.10976248, 0.38292864, 0.91723382, -1.7975273;
 -0.11786167, -0.92131317, 0.37052757, -1.1205971;
 0, 0, 0, 1]
Ow:
[0.90719497;
 -0.42858952;
 2.247216]
Keyframe: 4 Frame: 536 Frame from vFrameID : 537
Tcw:
[0.98890376, -0.10413102, -0.10595314, 0.90825969;
 -0.059094716, 0.37862003, -0.92366374, -0.46234286;
 0.13629803, 0.91967583, 0.36826518, 2.2621164;
 0, 0, 0, 1]
Twc:
[0.98890376, -0.059094716, 0.13629803, -1.2338254;
 -0.10413102, 0.37862003, 0.91967583, -1.8107834;
 -0.10595314, -0.92366374, 0.36826518, -1.163875;
 0, 0, 0, 1]
Ow:
[0.90825969;
 -0.46234286;
 2.2621164]
Keyframe: 5 Frame: 539 Frame from vFrameID : 540
Tcw:
[0.98859024, -0.099696569, -0.11291553, 0.90275383;
 -0.065433204, 0.39096925, -0.91807491, -0.43177336;
 0.13567542, 0.91498834, 0.37998492, 2.2486794;
 0, 0, 0, 1]
Twc:
[0.98859024, -0.065433204, 0.13567542, -1.2257965;
 -0.099696569, 0.39096925, 0.91498834, -1.7987038;
 -0.11291553, -0.91807491, 0.37998492, -1.1489297;
 0, 0, 0, 1]
Ow:
[0.90275383;
 -0.43177336;
 2.2486794]
Keyframe: 6 Frame: 542 Frame from vFrameID : 543
Tcw:
[0.98735511, -0.10448697, -0.11921573, 0.91696924;
 -0.06830994, 0.39819941, -0.91475189, -0.50523901;
 0.14305128, 0.91132855, 0.38602671, 2.2940502;
 0, 0, 0, 1]
Twc:
[0.98735511, -0.06830994, 0.14305128, -1.2680538;
 -0.10448697, 0.39819941, 0.91132855, -1.7936361;
 -0.11921573, -0.91475189, 0.38602671, -1.2384157;
 0, 0, 0, 1]
Ow:
[0.91696924;
 -0.50523901;
 2.2940502]
Keyframe: 7 Frame: 545 Frame from vFrameID : 546
Tcw:
[0.98810899, -0.10207839, -0.114981, 0.92374229;
 -0.065975368, 0.39398605, -0.91674548, -0.53449368;
 0.13888082, 0.91343033, 0.38256648, 2.3048058;
 0, 0, 0, 1]
Twc:
[0.98810899, -0.065975368, 0.13888082, -1.2681148;
 -0.10207839, 0.39398605, 0.91343033, -1.8004025;
 -0.114981, -0.91674548, 0.38256648, -1.2655233;
 0, 0, 0, 1]
Ow:
[0.92374229;
 -0.53449368;
 2.3048058]
Keyframe: 8 Frame: 548 Frame from vFrameID : 549
Tcw:
[0.99025869, -0.097743154, -0.099166505, 0.93268573;
 -0.053620443, 0.38957864, -0.91943097, -0.54000616;
 0.12850124, 0.91579187, 0.38054261, 2.3092313;
 0, 0, 0, 1]
Twc:
[0.99025869, -0.053620443, 0.12850124, -1.2492946;
 -0.097743154, 0.38957864, 0.91579187, -1.8132368;
 -0.099166505, -0.91943097, 0.38054261, -1.2827681;
 0, 0, 0, 1]
Ow:
[0.93268573;
 -0.54000616;
 2.3092313]
Keyframe: 9 Frame: 551 Frame from vFrameID : 552
Tcw:
[0.99218708, -0.10434606, -0.068386659, 0.92306721;
 -0.023637075, 0.38099763, -0.92427385, -0.57380211;
 0.12249949, 0.91866899, 0.37555447, 2.3126941;
 0, 0, 0, 1]
Twc:
[0.99218708, -0.023637075, 0.12249949, -1.2127221;
 -0.10434606, 0.38099763, 0.91866899, -1.8096646;
 -0.068386659, -0.92427385, 0.37555447, -1.3357674;
 0, 0, 0, 1]
Ow:
[0.92306721;
 -0.57380211;
 2.3126941]
Keyframe: 10 Frame: 554 Frame from vFrameID : 555
Tcw:
[0.99298888, -0.10056069, -0.062133439, 0.93570143;
 -0.018753028, 0.38495833, -0.92274344, -0.60066557;
 0.1167105, 0.91743916, 0.38037351, 2.3324504;
 0, 0, 0, 1]
Twc:
[0.99298888, -0.018753028, 0.1167105, -1.2126269;
 -0.10056069, 0.38495833, 0.91743916, -1.8145554;
 -0.062133439, -0.92274344, 0.38037351, -1.3833243;
 0, 0, 0, 1]
Ow:
[0.93570143;
 -0.60066557;
 2.3324504]
Keyframe: 11 Frame: 557 Frame from vFrameID : 558
Tcw:
[0.99566495, -0.076317169, -0.053169321, 0.93564504;
 -0.019142164, 0.39127058, -0.92007655, -0.59729201;
 0.091021232, 0.91710579, 0.38811353, 2.3260295;
 0, 0, 0, 1]
Twc:
[0.99566495, -0.019142164, 0.091021232, -1.1547405;
 -0.076317169, 0.39127058, 0.91710579, -1.8281066;
 -0.053169321, -0.92007655, 0.38811353, -1.4025704;
 0, 0, 0, 1]
Ow:
[0.93564504;
 -0.59729201;
 2.3260295]
Keyframe: 12 Frame: 560 Frame from vFrameID : 561
Tcw:
[0.9959901, -0.071545735, -0.053711329, 0.93392861;
 -0.021356381, 0.39287397, -0.91934431, -0.61960238;
 0.086876944, 0.91680491, 0.38977063, 2.3418713;
 0, 0, 0, 1]
Twc:
[0.9959901, -0.021356381, 0.086876944, -1.1468709;
 -0.071545735, 0.39287397, 0.91680491, -1.8367949;
 -0.053711329, -0.91934431, 0.38977063, -1.432258;
 0, 0, 0, 1]
Ow:
[0.93392861;
 -0.61960238;
 2.3418713]
Keyframe: 13 Frame: 563 Frame from vFrameID : 564
Tcw:
[0.9945178, -0.078201964, -0.069417745, 0.93767792;
 -0.032783873, 0.39720243, -0.91714525, -0.64032429;
 0.09929546, 0.91439307, 0.39246112, 2.3504262;
 0, 0, 0, 1]
Twc:
[0.9945178, -0.032783873, 0.09929546, -1.1869164;
 -0.078201964, 0.39720243, 0.91439307, -1.8215469;
 -0.069417745, -0.91714525, 0.39246112, -1.4446299;
 0, 0, 0, 1]
Ow:
[0.93767792;
 -0.64032429;
 2.3504262]
Keyframe: 14 Frame: 566 Frame from vFrameID : 567
Tcw:
[0.99132764, -0.093323641, -0.092521317, 0.9468838;
 -0.047835004, 0.39949149, -0.91548806, -0.6711697;
 0.12239815, 0.91197437, 0.39156282, 2.3626542;
 0, 0, 0, 1]
Twc:
[0.99132764, -0.047835004, 0.12239815, -1.259962;
 -0.093323641, 0.39949149, 0.91197437, -1.7981869;
 -0.092521317, -0.91548806, 0.39156282, -1.4519684;
 0, 0, 0, 1]
Ow:
[0.9468838;
 -0.6711697;
 2.3626542]
Keyframe: 15 Frame: 569 Frame from vFrameID : 570
Tcw:
[0.98835456, -0.10159167, -0.11328877, 0.94243735;
 -0.063307628, 0.40248334, -0.9132356, -0.66390628;
 0.13837397, 0.90977263, 0.39136472, 2.3789506;
 0, 0, 0, 1]
Twc:
[0.98835456, -0.063307628, 0.13837397, -1.3026775;
 -0.10159167, 0.40248334, 0.90977263, -1.8013492;
 -0.11328877, -0.9132356, 0.39136472, -1.4305726;
 0, 0, 0, 1]
Ow:
[0.94243735;
 -0.66390628;
 2.3789506]
Keyframe: 16 Frame: 572 Frame from vFrameID : 573
Tcw:
[0.98661429, -0.096981049, -0.13109894, 0.94881868;
 -0.078560069, 0.42182425, -0.90326774, -0.66926509;
 0.14290057, 0.90147603, 0.40855899, 2.3631291;
 0, 0, 0, 1]
Twc:
[0.98661429, -0.078560069, 0.14290057, -1.326388;
 -0.096981049, 0.42182425, 0.90147603, -1.7559745;
 -0.13109894, -0.90326774, 0.40855899, -1.4456141;
 0, 0, 0, 1]
Ow:
[0.94881868;
 -0.66926509;
 2.3631291]
Keyframe: 17 Frame: 575 Frame from vFrameID : 576
Tcw:
[0.98539507, -0.092466421, -0.14299124, 0.97411633;
 -0.089867383, 0.43086988, -0.89792818, -0.72122723;
 0.14463882, 0.89766425, 0.41626737, 2.3584416;
 0, 0, 0, 1]
Twc:
[0.98539507, -0.089867383, 0.14463882, -1.3658265;
 -0.092466421, 0.43086988, 0.89766425, -1.7162606;
 -0.14299124, -0.89792818, 0.41626737, -1.4900624;
 0, 0, 0, 1]
Ow:
[0.97411633;
 -0.72122723;
 2.3584416]
Keyframe: 18 Frame: 578 Frame from vFrameID : 579
Tcw:
[0.98458612, -0.097399592, -0.14527051, 0.93404543;
 -0.08878082, 0.43730405, -0.89492077, -0.66155887;
 0.1506923, 0.89402378, 0.42191628, 2.3498714;
 0, 0, 0, 1]
Twc:
[0.98458612, -0.08878082, 0.1506923, -1.3324894;
 -0.097399592, 0.43730405, 0.89402378, -1.7205628;
 -0.14527051, -0.89492077, 0.42191628, -1.4478024;
 0, 0, 0, 1]
Ow:
[0.93404543;
 -0.66155887;
 2.3498714]
Keyframe: 19 Frame: 582 Frame from vFrameID : 583
Tcw:
[0.98736507, -0.088968694, -0.13112898, 0.95490181;
 -0.080586813, 0.43058872, -0.89894336, -0.63903272;
 0.13644047, 0.89815253, 0.41797855, 2.392499;
 0, 0, 0, 1]
Twc:
[0.98736507, -0.080586813, 0.13644047, -1.320768;
 -0.088968694, 0.43058872, 0.89815253, -1.7887121;
 -0.13112898, -0.89894336, 0.41797855, -1.4492521;
 0, 0, 0, 1]
Ow:
[0.95490181;
 -0.63903272;
 2.392499]
Keyframe: 20 Frame: 586 Frame from vFrameID : 587
Tcw:
[0.99218732, -0.080992796, -0.094891936, 0.96478474;
 -0.055314153, 0.39617366, -0.9165079, -0.67370015;
 0.11182422, 0.91459644, 0.38859844, 2.4731026;
 0, 0, 0, 1]
Twc:
[0.99218732, -0.055314153, 0.11182422, -1.2710651;
 -0.080992796, 0.39617366, 0.91459644, -1.9168477;
 -0.094891936, -0.9165079, 0.38859844, -1.4869449;
 0, 0, 0, 1]
Ow:
[0.96478474;
 -0.67370015;
 2.4731026]
Keyframe: 21 Frame: 590 Frame from vFrameID : 591
Tcw:
[0.99565732, -0.077215262, -0.052003309, 0.94242704;
 -0.018511437, 0.38324124, -0.92346275, -0.60619378;
 0.091235228, 0.9204151, 0.38014758, 2.4002783;
 0, 0, 0, 1]
Twc:
[0.99565732, -0.018511437, 0.091235228, -1.1685458;
 -0.077215262, 0.38324124, 0.9204151, -1.9041641;
 -0.052003309, -0.92346275, 0.38014758, -1.4232481;
 0, 0, 0, 1]
Ow:
[0.94242704;
 -0.60619378;
 2.4002783]
Keyframe: 22 Frame: 594 Frame from vFrameID : 595
Tcw:
[0.9980396, -0.0625377, -0.0024430633, 0.94951177;
 0.022505546, 0.39504334, -0.91838676, -0.58537376;
 0.05839891, 0.91653138, 0.39567637, 2.4190736;
 0, 0, 0, 1]
Twc:
[0.9980396, 0.022505546, 0.05839891, -1.0757475;
 -0.0625377, 0.39504334, 0.91653138, -1.9265287;
 -0.0024430633, -0.91838676, 0.39567637, -1.49245;
 0, 0, 0, 1]
Ow:
[0.94951177;
 -0.58537376;
 2.4190736]
Keyframe: 23 Frame: 598 Frame from vFrameID : 599
Tcw:
[0.99747163, -0.070956364, -0.0039403867, 0.97513914;
 0.024892954, 0.400792, -0.91583085, -0.64392233;
 0.066563301, 0.91341716, 0.40154499, 2.4600582;
 0, 0, 0, 1]
Twc:
[0.99747163, 0.024892954, 0.066563301, -1.1203941;
 -0.070956364, 0.400792, 0.91341716, -1.9197884;
 -0.0039403867, -0.91583085, 0.40154499, -1.5737056;
 0, 0, 0, 1]
Ow:
[0.97513914;
 -0.64392233;
 2.4600582]
Keyframe: 24 Frame: 602 Frame from vFrameID : 603
Tcw:
[0.99699539, -0.076688863, -0.010907439, 0.97055399;
 0.020510836, 0.39715084, -0.9175241, -0.63052952;
 0.074695781, 0.91454363, 0.39753053, 2.472084;
 0, 0, 0, 1]
Twc:
[0.99699539, 0.020510836, 0.074695781, -1.1393595;
 -0.076688863, 0.39715084, 0.91454363, -1.9359827;
 -0.010907439, -0.9175241, 0.39753053, -1.5506686;
 0, 0, 0, 1]
Ow:
[0.97055399;
 -0.63052952;
 2.472084]
Keyframe: 25 Frame: 607 Frame from vFrameID : 608
Tcw:
[0.99473548, -0.10247597, -0.00013435831, 1.0051754;
 0.040192962, 0.39135894, -0.91935992, -0.64558274;
 0.094264887, 0.91451454, 0.39341745, 2.4990139;
 0, 0, 0, 1]
Twc:
[0.99473548, 0.040192962, 0.094264887, -1.209505;
 -0.10247597, 0.39135894, 0.91451454, -1.9297235;
 -0.00013435831, -0.91935992, 0.39341745, -1.5765435;
 0, 0, 0, 1]
Ow:
[1.0051754;
 -0.64558274;
 2.4990139]
Keyframe: 26 Frame: 613 Frame from vFrameID : 614
Tcw:
[0.99653089, -0.079272561, -0.025338983, 1.0069145;
 0.0079929521, 0.39422497, -0.91897923, -0.66190881;
 0.082839094, 0.91558862, 0.39349097, 2.5100503;
 0, 0, 0, 1]
Twc:
[0.99653089, 0.0079929521, 0.082839094, -1.2060611;
 -0.079272561, 0.39422497, 0.91558862, -1.9574118;
 -0.025338983, -0.91897923, 0.39349097, -1.5704484;
 0, 0, 0, 1]
Ow:
[1.0069145;
 -0.66190881;
 2.5100503]
Keyframe: 27 Frame: 620 Frame from vFrameID : 621
Tcw:
[0.99777883, -0.063864358, -0.018942071, 1.0068038;
 0.0051696114, 0.3577334, -0.93380946, -0.62173396;
 0.06641335, 0.93163735, 0.35726896, 2.5500109;
 0, 0, 0, 1]
Twc:
[0.99777883, 0.0051696114, 0.06641335, -1.1707081;
 -0.063864358, 0.3577334, 0.93163735, -2.0889716;
 -0.018942071, -0.93380946, 0.35726896, -1.4725498;
 0, 0, 0, 1]
Ow:
[1.0068038;
 -0.62173396;
 2.5500109]
Keyframe: 28 Frame: 627 Frame from vFrameID : 628
Tcw:
[0.99871433, -0.043885406, 0.025372505, 1.0192577;
 0.040278658, 0.38309726, -0.92282939, -0.65353167;
 0.030778607, 0.92266494, 0.38437238, 2.5680687;
 0, 0, 0, 1]
Twc:
[0.99871433, 0.040278658, 0.030778607, -1.0706655;
 -0.043885406, 0.38309726, 0.92266494, -2.0743701;
 0.025372505, -0.92282939, 0.38437238, -1.6160541;
 0, 0, 0, 1]
Ow:
[1.0192577;
 -0.65353167;
 2.5680687]
Keyframe: 29 Frame: 636 Frame from vFrameID : 637
Tcw:
[0.99938786, -0.033719253, -0.0093205413, 1.0043762;
 0.002687386, 0.33963418, -0.94055378, -0.62717181;
 0.034880344, 0.93995297, 0.33951691, 2.6072004;
 0, 0, 0, 1]
Twc:
[0.99938786, 0.002687386, 0.034880344, -1.093016;
 -0.033719253, 0.33963418, 0.93995297, -2.2037702;
 -0.0093205413, -0.94055378, 0.33951691, -1.4657161;
 0, 0, 0, 1]
Ow:
[1.0043762;
 -0.62717181;
 2.6072004]
Keyframe: 30 Frame: 645 Frame from vFrameID : 646
Tcw:
[0.99914843, -0.0062619038, -0.040783077, 1.0448885;
 -0.03549533, 0.3734993, -0.92695111, -0.65026212;
 0.02103693, 0.92760932, 0.37295899, 2.6918361;
 0, 0, 0, 1]
Twc:
[0.99914843, -0.03549533, 0.02103693, -1.1237079;
 -0.0062619038, 0.3734993, 0.92760932, -2.2475567;
 -0.040783077, -0.92695111, 0.37295899, -1.5640918;
 0, 0, 0, 1]
Ow:
[1.0448885;
 -0.65026212;
 2.6918361]
Keyframe: 31 Frame: 655 Frame from vFrameID : 656
Tcw:
[0.99927562, -0.027462116, -0.026344156, 1.0005734;
 -0.014515923, 0.36485568, -0.93095094, -0.63477927;
 0.035177696, 0.930659, 0.36419275, 2.7494648;
 0, 0, 0, 1]
Twc:
[0.99927562, -0.014515923, 0.035177696, -1.1057829;
 -0.027462116, 0.36485568, 0.930659, -2.2997334;
 -0.026344156, -0.93095094, 0.36419275, -1.5659242;
 0, 0, 0, 1]
Ow:
[1.0005734;
 -0.63477927;
 2.7494648]
Keyframe: 32 Frame: 665 Frame from vFrameID : 666
Tcw:
[0.9999848, 0.0045694234, 0.0030796267, 1.0531411;
 0.001220079, 0.3614043, -0.93240839, -0.64849019;
 -0.005373559, 0.93239802, 0.36139324, 2.8531203;
 0, 0, 0, 1]
Twc:
[0.9999848, 0.001220079, -0.005373559, -1.0370024;
 0.0045694234, 0.3614043, 0.93239802, -2.4306886;
 0.0030796267, -0.93240839, 0.36139324, -1.6389993;
 0, 0, 0, 1]
Ow:
[1.0531411;
 -0.64849019;
 2.8531203]
Keyframe: 33 Frame: 674 Frame from vFrameID : 675
Tcw:
[0.99780798, -0.057547782, -0.032672126, 1.1314542;
 -0.0095283929, 0.36363435, -0.93149304, -0.67797673;
 0.065486066, 0.92976248, 0.36228892, 2.8539758;
 0, 0, 0, 1]
Twc:
[0.99780798, -0.0095283929, 0.065486066, -1.3223296;
 -0.057547782, 0.36363435, 0.92976248, -2.3418713;
 -0.032672126, -0.93149304, 0.36228892, -1.6285274;
 0, 0, 0, 1]
Ow:
[1.1314542;
 -0.67797673;
 2.8539758]
Keyframe: 34 Frame: 683 Frame from vFrameID : 684
Tcw:
[0.99813426, -0.044726405, -0.041563556, 1.119112;
 -0.022418421, 0.36472189, -0.93084657, -0.70730573;
 0.056792557, 0.93004167, 0.36303872, 2.8973246;
 0, 0, 0, 1]
Twc:
[0.99813426, -0.022418421, 0.056792557, -1.2974272;
 -0.044726405, 0.36472189, 0.93004167, -2.3866088;
 -0.041563556, -0.93084657, 0.36303872, -1.6637199;
 0, 0, 0, 1]
Ow:
[1.119112;
 -0.70730573;
 2.8973246]
Keyframe: 35 Frame: 692 Frame from vFrameID : 693
Tcw:
[0.99919862, -0.039828949, -0.0039680121, 1.1254811;
 0.0097987577, 0.33952692, -0.94054532, -0.76097071;
 0.038808178, 0.9397527, 0.33964512, 2.9308548;
 0, 0, 0, 1]
Twc:
[0.99919862, 0.0097987577, 0.038808178, -1.2308638;
 -0.039828949, 0.33952692, 0.9397527, -2.4510818;
 -0.0039680121, -0.94054532, 0.33964512, -1.7067119;
 0, 0, 0, 1]
Ow:
[1.1254811;
 -0.76097071;
 2.9308548]
Keyframe: 36 Frame: 702 Frame from vFrameID : 703
Tcw:
[0.99811321, -0.053325132, -0.030438077, 1.1757616;
 -0.01093986, 0.33335048, -0.94273949, -0.67848665;
 0.060418256, 0.94129372, 0.33213815, 3.0054011;
 0, 0, 0, 1]
Twc:
[0.99811321, -0.01093986, 0.060418256, -1.3625468;
 -0.053325132, 0.33335048, 0.94129372, -2.5400939;
 -0.030438077, -0.94273949, 0.33213815, -1.6020567;
 0, 0, 0, 1]
Ow:
[1.1757616;
 -0.67848665;
 3.0054011]
Keyframe: 37 Frame: 711 Frame from vFrameID : 712
Tcw:
[0.9969067, -0.060819421, -0.049780432, 1.193386;
 -0.024204558, 0.3650189, -0.9306854, -0.68390262;
 0.074774548, 0.9290114, 0.36241767, 3.0828621;
 0, 0, 0, 1]
Twc:
[0.9969067, -0.024204558, 0.074774548, -1.4367676;
 -0.060819421, 0.3650189, 0.9290114, -2.5417957;
 -0.049780432, -0.9306854, 0.36241767, -1.6943747;
 0, 0, 0, 1]
Ow:
[1.193386;
 -0.68390262;
 3.0828621]
Keyframe: 38 Frame: 720 Frame from vFrameID : 721
Tcw:
[0.9985463, -0.049202129, -0.022008765, 1.2191296;
 -0.0034036338, 0.34995013, -0.93676215, -0.71348709;
 0.053792663, 0.93547529, 0.34927395, 3.1503575;
 0, 0, 0, 1]
Twc:
[0.9985463, -0.0034036338, 0.053792663, -1.3892519;
 -0.049202129, 0.34995013, 0.93547529, -2.637413;
 -0.022008765, -0.93676215, 0.34927395, -1.741874;
 0, 0, 0, 1]
Ow:
[1.2191296;
 -0.71348709;
 3.1503575]
Keyframe: 39 Frame: 729 Frame from vFrameID : 730
Tcw:
[0.99906218, -0.04227028, -0.0093809171, 1.2363131;
 0.0059092413, 0.34773827, -0.93757302, -0.73108149;
 0.042893577, 0.9366383, 0.34766194, 3.1924865;
 0, 0, 0, 1]
Twc:
[0.99906218, 0.0059092413, 0.042893577, -1.3677706;
 -0.04227028, 0.34773827, 0.9366383, -2.6837208;
 -0.0093809171, -0.93757302, 0.34766194, -1.7837505;
 0, 0, 0, 1]
Ow:
[1.2363131;
 -0.73108149;
 3.1924865]
Keyframe: 40 Frame: 738 Frame from vFrameID : 739
Tcw:
[0.9971813, -0.055013821, -0.051019594, 1.2522478;
 -0.02921802, 0.34158602, -0.93939626, -0.75134039;
 0.069107361, 0.93823904, 0.33901578, 3.2312391;
 0, 0, 0, 1]
Twc:
[0.9971813, -0.02921802, 0.069107361, -1.493973;
 -0.055013821, 0.34158602, 0.93823904, -2.7061362;
 -0.051019594, -0.93939626, 0.33901578, -1.7373582;
 0, 0, 0, 1]
Ow:
[1.2522478;
 -0.75134039;
 3.2312391]
Keyframe: 41 Frame: 747 Frame from vFrameID : 748
Tcw:
[0.99670327, -0.056726575, -0.058006089, 1.2726889;
 -0.034011677, 0.35696039, -0.93350011, -0.75774145;
 0.073660143, 0.93239552, 0.35385421, 3.2920225;
 0, 0, 0, 1]
Twc:
[0.99670327, -0.034011677, 0.073660143, -1.536756;
 -0.056726575, 0.35696039, 0.93239552, -2.726788;
 -0.058006089, -0.93350011, 0.35385421, -1.7984241;
 0, 0, 0, 1]
Ow:
[1.2726889;
 -0.75774145;
 3.2920225]
Keyframe: 42 Frame: 756 Frame from vFrameID : 757
Tcw:
[0.99810994, -0.061229113, -0.0052496558, 1.2720748;
 0.016844723, 0.35473871, -0.93481374, -0.79651332;
 0.059100073, 0.93295842, 0.35509962, 3.3356371;
 0, 0, 0, 1]
Twc:
[0.99810994, 0.016844723, 0.059100073, -1.4533898;
 -0.061229113, 0.35473871, 0.93295842, -2.7515686;
 -0.0052496558, -0.93481374, 0.35509962, -1.922397;
 0, 0, 0, 1]
Ow:
[1.2720748;
 -0.79651332;
 3.3356371]
Keyframe: 43 Frame: 765 Frame from vFrameID : 766
Tcw:
[0.99804294, -0.053018864, -0.033154842, 1.3090308;
 -0.013296431, 0.33814859, -0.94099879, -0.81504577;
 0.061101951, 0.93959808, 0.33678186, 3.3893485;
 0, 0, 0, 1]
Twc:
[0.99804294, -0.013296431, 0.061101951, -1.524402;
 -0.053018864, 0.33814859, 0.93959808, -2.8396156;
 -0.033154842, -0.94099879, 0.33678186, -1.8650275;
 0, 0, 0, 1]
Ow:
[1.3090308;
 -0.81504577;
 3.3893485]
Keyframe: 44 Frame: 774 Frame from vFrameID : 775
Tcw:
[0.99270689, -0.081071712, -0.089220814, 1.3599881;
 -0.055999581, 0.34528789, -0.93682462, -0.82427537;
 0.10675684, 0.93498856, 0.33822969, 3.4414263;
 0, 0, 0, 1]
Twc:
[0.99270689, -0.055999581, 0.10675684, -1.7636245;
 -0.081071712, 0.34528789, 0.93498856, -2.8228257;
 -0.089220814, -0.93682462, 0.33822969, -1.8148549;
 0, 0, 0, 1]
Ow:
[1.3599881;
 -0.82427537;
 3.4414263]
Keyframe: 45 Frame: 783 Frame from vFrameID : 784
Tcw:
[0.9965722, -0.064177155, -0.052203309, 1.3325163;
 -0.026389709, 0.35144228, -0.93583757, -0.83505875;
 0.078405842, 0.93400729, 0.348544, 3.4855499;
 0, 0, 0, 1]
Twc:
[0.9965722, -0.026389709, 0.078405842, -1.623273;
 -0.064177155, 0.35144228, 0.93400729, -2.8765371;
 -0.052203309, -0.93583757, 0.348544, -1.926785;
 0, 0, 0, 1]
Ow:
[1.3325163;
 -0.83505875;
 3.4855499]
Keyframe: 46 Frame: 791 Frame from vFrameID : 792
Tcw:
[0.99870372, -0.050038766, -0.0093290443, 1.3387229;
 0.0091124615, 0.35608014, -0.93441099, -0.84886229;
 0.05007866, 0.93311471, 0.35607454, 3.5174072;
 0, 0, 0, 1]
Twc:
[0.99870372, 0.0091124615, 0.05007866, -1.5053993;
 -0.050038766, 0.35608014, 0.93311471, -2.9128933;
 -0.0093290443, -0.93441099, 0.35607454, -2.0331564;
 0, 0, 0, 1]
Ow:
[1.3387229;
 -0.84886229;
 3.5174072]
Keyframe: 47 Frame: 800 Frame from vFrameID : 801
Tcw:
[0.9976036, -0.054079607, -0.043155871, 1.3670001;
 -0.021563068, 0.3496621, -0.93662769, -0.89107507;
 0.065742433, 0.93531376, 0.34765807, 3.5622127;
 0, 0, 0, 1]
Twc:
[0.9976036, -0.021563068, 0.065742433, -1.6171271;
 -0.054079607, 0.3496621, 0.93531376, -2.9462845;
 -0.043155871, -0.93662769, 0.34765807, -2.0140436;
 0, 0, 0, 1]
Ow:
[1.3670001;
 -0.89107507;
 3.5622127]
Keyframe: 48 Frame: 809 Frame from vFrameID : 810
Tcw:
[0.997787, -0.049869265, -0.043979567, 1.3490349;
 -0.02295273, 0.36244428, -0.93172276, -0.90617597;
 0.062404472, 0.93067032, 0.36049753, 3.5998907;
 0, 0, 0, 1]
Twc:
[0.997787, -0.02295273, 0.062404472, -1.591498;
 -0.049869265, 0.36244428, 0.93067032, -2.9545977;
 -0.043979567, -0.93172276, 0.36049753, -2.0827267;
 0, 0, 0, 1]
Ow:
[1.3490349;
 -0.90617597;
 3.5998907]
Keyframe: 49 Frame: 818 Frame from vFrameID : 819
Tcw:
[0.9991349, -0.041398063, 0.0039516692, 1.3716075;
 0.018238137, 0.35080197, -0.93627203, -0.89115644;
 0.037373595, 0.93553418, 0.35125351, 3.6473155;
 0, 0, 0, 1]
Twc:
[0.9991349, 0.018238137, 0.037373595, -1.4904813;
 -0.041398063, 0.35080197, 0.93553418, -3.0427871;
 0.0039516692, -0.93627203, 0.35125351, -2.1209176;
 0, 0, 0, 1]
Ow:
[1.3716075;
 -0.89115644;
 3.6473155]
Keyframe: 50 Frame: 828 Frame from vFrameID : 829
Tcw:
[0.99953431, -0.030158492, 0.0046501998, 1.3442667;
 0.014893882, 0.34915391, -0.93694705, -0.91857362;
 0.026633274, 0.93657994, 0.34944049, 3.6772466;
 0, 0, 0, 1]
Twc:
[0.99953431, 0.014893882, 0.026633274, -1.4278966;
 -0.030158492, 0.34915391, 0.93657994, -3.0827708;
 0.0046501998, -0.93694705, 0.34944049, -2.1518846;
 0, 0, 0, 1]
Ow:
[1.3442667;
 -0.91857362;
 3.6772466]
Keyframe: 51 Frame: 837 Frame from vFrameID : 838
Tcw:
[0.99777281, -0.05689273, -0.034823343, 1.400682;
 -0.010509475, 0.38145635, -0.92432714, -0.89956176;
 0.065871082, 0.92263442, 0.38000885, 3.738929;
 0, 0, 0, 1]
Twc:
[0.99777281, -0.010509475, 0.065871082, -1.6533035;
 -0.05689273, 0.38145635, 0.92263442, -3.0268326;
 -0.034823343, -0.92432714, 0.38000885, -2.2035389;
 0, 0, 0, 1]
Ow:
[1.400682;
 -0.89956176;
 3.738929]
Keyframe: 52 Frame: 846 Frame from vFrameID : 847
Tcw:
[0.99889529, -0.045856059, -0.01026598, 1.3935952;
 0.0067859888, 0.35694221, -0.93410182, -0.91590035;
 0.046498589, 0.93300027, 0.35685909, 3.8010771;
 0, 0, 0, 1]
Twc:
[0.99889529, 0.0067859888, 0.046498589, -1.5625851;
 -0.045856059, 0.35694221, 0.93300027, -3.1555777;
 -0.01026598, -0.93410182, 0.35685909, -2.1976864;
 0, 0, 0, 1]
Ow:
[1.3935952;
 -0.91590035;
 3.8010771]
Keyframe: 53 Frame: 855 Frame from vFrameID : 856
Tcw:
[0.99846685, -0.055146612, 0.0047714147, 1.4246027;
 0.023991365, 0.35346958, -0.93513834, -0.94112372;
 0.049883161, 0.93381912, 0.3542507, 3.8236325;
 0, 0, 0, 1]
Twc:
[0.99846685, 0.023991365, 0.049883161, -1.5905747;
 -0.055146612, 0.35346958, 0.93381912, -3.1593604;
 0.0047714147, -0.93513834, 0.3542507, -2.2414026;
 0, 0, 0, 1]
Ow:
[1.4246027;
 -0.94112372;
 3.8236325]
Keyframe: 54 Frame: 864 Frame from vFrameID : 865
Tcw:
[0.99593061, -0.082185142, -0.03698352, 1.4742677;
 -0.004585024, 0.36362988, -0.9315322, -0.93693006;
 0.090006426, 0.92791104, 0.36177331, 3.8849492;
 0, 0, 0, 1]
Twc:
[0.99593061, -0.004585024, 0.090006426, -1.8222346;
 -0.082185142, 0.36362988, 0.92791104, -3.1430283;
 -0.03698352, -0.9315322, 0.36177331, -2.2237279;
 0, 0, 0, 1]
Ow:
[1.4742677;
 -0.93693006;
 3.8849492]
Keyframe: 55 Frame: 873 Frame from vFrameID : 874
Tcw:
[0.99188244, -0.10664941, -0.069247015, 1.5289178;
 -0.025601085, 0.36593249, -0.93028921, -0.92688489;
 0.12455453, 0.9245103, 0.36023167, 3.9286723;
 0, 0, 0, 1]
Twc:
[0.99188244, -0.025601085, 0.12455453, -2.0295699;
 -0.10664941, 0.36593249, 0.9245103, -3.1298625;
 -0.069247015, -0.93028921, 0.36023167, -2.1716301;
 0, 0, 0, 1]
Ow:
[1.5289178;
 -0.92688489;
 3.9286723]
Keyframe: 56 Frame: 882 Frame from vFrameID : 883
Tcw:
[0.99070418, -0.12779748, -0.046616036, 1.5128351;
 -0.0019160997, 0.32953569, -0.94414115, -0.90420139;
 0.13602051, 0.93545389, 0.32622752, 4.0108523;
 0, 0, 0, 1]
Twc:
[0.99070418, -0.0019160997, 0.13602051, -2.0460627;
 -0.12779748, 0.32953569, 0.93545389, -3.2606645;
 -0.046616036, -0.94414115, 0.32622752, -2.0916219;
 0, 0, 0, 1]
Ow:
[1.5128351;
 -0.90420139;
 4.0108523]
Keyframe: 57 Frame: 891 Frame from vFrameID : 892
Tcw:
[0.99257052, -0.11971906, -0.021705819, 1.5421876;
 0.02449082, 0.37133351, -0.92817652, -0.94665301;
 0.11918052, 0.92074901, 0.37150672, 4.058641;
 0, 0, 0, 1]
Twc:
[0.99257052, 0.02449082, 0.11918052, -1.9912565;
 -0.11971906, 0.37133351, 0.92074901, -3.2008367;
 -0.021705819, -0.92817652, 0.37150672, -2.352999;
 0, 0, 0, 1]
Ow:
[1.5421876;
 -0.94665301;
 4.058641]
Keyframe: 58 Frame: 900 Frame from vFrameID : 901
Tcw:
[0.99087566, -0.12436237, -0.051956028, 1.5914171;
 -0.00036608681, 0.3830052, -0.92374611, -0.95236433;
 0.13477868, 0.91533655, 0.37946498, 4.1240735;
 0, 0, 0, 1]
Twc:
[0.99087566, -0.00036608681, 0.13477868, -2.1330824;
 -0.12436237, 0.3830052, 0.91533655, -3.2122426;
 -0.051956028, -0.92374611, 0.37946498, -2.3620007;
 0, 0, 0, 1]
Ow:
[1.5914171;
 -0.95236433;
 4.1240735]
Keyframe: 59 Frame: 909 Frame from vFrameID : 910
Tcw:
[0.99346113, -0.1085943, -0.035245739, 1.5479099;
 0.0066032796, 0.36284584, -0.93182576, -0.93418968;
 0.11397973, 0.92549998, 0.36119032, 4.1831145;
 0, 0, 0, 1]
Twc:
[0.99346113, 0.0066032796, 0.11397973, -2.0084097;
 -0.1085943, 0.36284584, 0.92549998, -3.3644114;
 -0.035245739, -0.93182576, 0.36119032, -2.3268452;
 0, 0, 0, 1]
Ow:
[1.5479099;
 -0.93418968;
 4.1831145]
Keyframe: 60 Frame: 918 Frame from vFrameID : 919
Tcw:
[0.99598247, -0.087823302, -0.017492067, 1.5524987;
 0.01653612, 0.37235376, -0.92794353, -0.94273162;
 0.088008307, 0.92392629, 0.37231007, 4.2164288;
 0, 0, 0, 1]
Twc:
[0.99598247, 0.01653612, 0.088008307, -1.9017531;
 -0.087823302, 0.37235376, 0.92392629, -3.4082942;
 -0.017492067, -0.92794353, 0.37231007, -2.4174643;
 0, 0, 0, 1]
Ow:
[1.5524987;
 -0.94273162;
 4.2164288]
Keyframe: 61 Frame: 927 Frame from vFrameID : 928
Tcw:
[0.99500191, -0.090879023, -0.04137864, 1.5711914;
 -0.0068840371, 0.35096925, -0.93636167, -0.99003029;
 0.099618264, 0.93196654, 0.34858945, 4.3138041;
 0, 0, 0, 1]
Twc:
[0.99500191, -0.0068840371, 0.099618264, -1.9998875;
 -0.090879023, 0.35096925, 0.93196654, -3.5300622;
 -0.04137864, -0.93636167, 0.34858945, -2.3657594;
 0, 0, 0, 1]
Ow:
[1.5711914;
 -0.99003029;
 4.3138041]
Keyframe: 62 Frame: 936 Frame from vFrameID : 937
Tcw:
[0.99604434, -0.078010932, -0.042543575, 1.5860548;
 -0.010104535, 0.3762382, -0.9264679, -1.0064343;
 0.08828114, 0.92323297, 0.37396166, 4.3521919;
 0, 0, 0, 1]
Twc:
[0.99604434, -0.010104535, 0.08828114, -1.974167;
 -0.078010932, 0.3762382, 0.92323297, -3.5156982;
 -0.042543575, -0.9264679, 0.37396166, -2.4925056;
 0, 0, 0, 1]
Ow:
[1.5860548;
 -1.0064343;
 4.3521919]
Keyframe: 63 Frame: 945 Frame from vFrameID : 946
Tcw:
[0.99742895, -0.071659781, 0.00060935278, 1.5997742;
 0.02579594, 0.35109335, -0.93598503, -1.0367357;
 0.066858545, 0.93359429, 0.35203922, 4.3903084;
 0, 0, 0, 1]
Twc:
[0.99742895, 0.02579594, 0.066858545, -1.8624473;
 -0.071659781, 0.35109335, 0.93359429, -3.6201365;
 0.00060935278, -0.93598503, 0.35203922, -2.5169046;
 0, 0, 0, 1]
Ow:
[1.5997742;
 -1.0367357;
 4.3903084]
Keyframe: 64 Frame: 953 Frame from vFrameID : 954
Tcw:
[0.99611777, -0.087628163, -0.0084052095, 1.6172723;
 0.023313863, 0.35467693, -0.93469822, -1.0757037;
 0.08488702, 0.93087357, 0.35534295, 4.4267397;
 0, 0, 0, 1]
Twc:
[0.99611777, 0.023313863, 0.08488702, -1.9616876;
 -0.087628163, 0.35467693, 0.93087357, -3.5974891;
 -0.0084052095, -0.93469822, 0.35534295, -2.5648756;
 0, 0, 0, 1]
Ow:
[1.6172723;
 -1.0757037;
 4.4267397]
Keyframe: 65 Frame: 962 Frame from vFrameID : 963
Tcw:
[0.99674219, -0.071682334, -0.036967721, 1.6418549;
 -0.008819866, 0.35872912, -0.93340003, -1.0881106;
 0.080169693, 0.93068528, 0.35692823, 4.4480219;
 0, 0, 0, 1]
Twc:
[0.99674219, -0.008819866, 0.080169693, -2.0026996;
 -0.071682334, 0.35872912, 0.93068528, -3.6316795;
 -0.036967721, -0.93340003, 0.35692823, -2.5425713;
 0, 0, 0, 1]
Ow:
[1.6418549;
 -1.0881106;
 4.4480219]
Keyframe: 66 Frame: 971 Frame from vFrameID : 972
Tcw:
[0.99383152, -0.10945427, -0.017850552, 1.6358889;
 0.024428226, 0.37306568, -0.92748332, -1.1036376;
 0.10817643, 0.9213261, 0.37343821, 4.5400205;
 0, 0, 0, 1]
Twc:
[0.99383152, 0.024428226, 0.10817643, -2.0899615;
 -0.10945427, 0.37306568, 0.9213261, -3.5920551;
 -0.017850552, -0.92748332, 0.37343821, -2.689821;
 0, 0, 0, 1]
Ow:
[1.6358889;
 -1.1036376;
 4.5400205]
Keyframe: 67 Frame: 980 Frame from vFrameID : 981
Tcw:
[0.9947862, -0.101475, 0.010160795, 1.5986388;
 0.045332264, 0.35074422, -0.93537343, -1.1051725;
 0.091353178, 0.9309572, 0.35351562, 4.5918941;
 0, 0, 0, 1]
Twc:
[0.9947862, 0.045332264, 0.091353178, -1.9596881;
 -0.101475, 0.35074422, 0.9309572, -3.7250021;
 0.010160795, -0.93537343, 0.35351562, -2.6732988;
 0, 0, 0, 1]
Ow:
[1.5986388;
 -1.1051725;
 4.5918941]
Keyframe: 68 Frame: 989 Frame from vFrameID : 990
Tcw:
[0.99436116, -0.10347959, -0.023192743, 1.6854874;
 0.013688159, 0.3421149, -0.93955845, -1.1292617;
 0.10515971, 0.93394291, 0.34160221, 4.6227913;
 0, 0, 0, 1]
Twc:
[0.99436116, 0.013688159, 0.10515971, -2.146657;
 -0.10347959, 0.3421149, 0.93394291, -3.7566724;
 -0.023192743, -0.93955845, 0.34160221, -2.6010718;
 0, 0, 0, 1]
Ow:
[1.6854874;
 -1.1292617;
 4.6227913]
Keyframe: 69 Frame: 998 Frame from vFrameID : 999
Tcw:
[0.99380833, -0.10614575, -0.0328339, 1.6738293;
 0.0081255054, 0.36415496, -0.93130291, -1.1471322;
 0.11081048, 0.92526984, 0.36276272, 4.6744046;
 0, 0, 0, 1]
Twc:
[0.99380833, 0.0081255054, 0.11081048, -2.1721175;
 -0.10614575, 0.36415496, 0.92526984, -3.7296817;
 -0.0328339, -0.93130291, 0.36276272, -2.709069;
 0, 0, 0, 1]
Ow:
[1.6738293;
 -1.1471322;
 4.6744046]
Keyframe: 70 Frame: 1008 Frame from vFrameID : 1009
Tcw:
[0.99498934, -0.099978551, 0.00069457543, 1.6399055;
 0.035499848, 0.34678403, -0.93727297, -1.1763864;
 0.093466327, 0.93260127, 0.34859562, 4.7708902;
 0, 0, 0, 1]
Twc:
[0.99498934, 0.035499848, 0.093466327, -2.0358446;
 -0.099978551, 0.34678403, 0.93260127, -3.8774309;
 0.00069457543, -0.93727297, 0.34859562, -2.7668457;
 0, 0, 0, 1]
Ow:
[1.6399055;
 -1.1763864;
 4.7708902]
Keyframe: 71 Frame: 1017 Frame from vFrameID : 1018
Tcw:
[0.9939487, -0.10941277, -0.0097371172, 1.7197731;
 0.029725594, 0.35325366, -0.9350552, -1.1952457;
 0.10574665, 0.92910749, 0.35436836, 4.8434114;
 0, 0, 0, 1]
Twc:
[0.9939487, 0.029725594, 0.10574665, -2.1860113;
 -0.10941277, 0.35325366, 0.92910749, -3.8896596;
 -0.0097371172, -0.9350552, 0.35436836, -2.8172271;
 0, 0, 0, 1]
Ow:
[1.7197731;
 -1.1952457;
 4.8434114]
Keyframe: 72 Frame: 1026 Frame from vFrameID : 1027
Tcw:
[0.99227053, -0.1167939, -0.041932456, 1.7111485;
 0.0024841956, 0.35653862, -0.9342773, -1.1763835;
 0.12406843, 0.92695165, 0.35407293, 4.9216881;
 0, 0, 0, 1]
Twc:
[0.99227053, 0.0024841956, 0.12406843, -2.3056262;
 -0.1167939, 0.35653862, 0.92695165, -3.9428895;
 -0.041932456, -0.9342773, 0.35407293, -2.7699523;
 0, 0, 0, 1]
Ow:
[1.7111485;
 -1.1763835;
 4.9216881]
Keyframe: 73 Frame: 1035 Frame from vFrameID : 1036
Tcw:
[0.99378604, -0.10835522, -0.025464943, 1.7027667;
 0.013727992, 0.34635082, -0.93800461, -1.2156712;
 0.1104575, 0.93182629, 0.34568611, 4.9567304;
 0, 0, 0, 1]
Twc:
[0.99378604, 0.013727992, 0.1104575, -2.2230051;
 -0.10835522, 0.34635082, 0.93182629, -4.0132594;
 -0.025464943, -0.93800461, 0.34568611, -2.8104172;
 0, 0, 0, 1]
Ow:
[1.7027667;
 -1.2156712;
 4.9567304]
Keyframe: 74 Frame: 1044 Frame from vFrameID : 1045
Tcw:
[0.99515653, -0.095925264, 0.021491602, 1.6675402;
 0.053272761, 0.34251222, -0.93800181, -1.1890935;
 0.082616933, 0.93460351, 0.34596345, 4.993155;
 0, 0, 0, 1]
Twc:
[0.99515653, 0.053272761, 0.082616933, -2.0086362;
 -0.095925264, 0.34251222, 0.93460351, -4.0993819;
 0.021491602, -0.93800181, 0.34596345, -2.878659;
 0, 0, 0, 1]
Ow:
[1.6675402;
 -1.1890935;
 4.993155]
Keyframe: 75 Frame: 1053 Frame from vFrameID : 1054
Tcw:
[0.99409962, -0.10591878, -0.023391275, 1.7719692;
 0.013032315, 0.33071017, -0.94364238, -1.2436315;
 0.10768518, 0.93776971, 0.33013922, 5.0311666;
 0, 0, 0, 1]
Twc:
[0.99409962, 0.013032315, 0.10768518, -2.2870886;
 -0.10591878, 0.33071017, 0.93776971, -4.1191092;
 -0.023391275, -0.94364238, 0.33013922, -2.7930801;
 0, 0, 0, 1]
Ow:
[1.7719692;
 -1.2436315;
 5.0311666]
Keyframe: 76 Frame: 1062 Frame from vFrameID : 1063
Tcw:
[0.99337268, -0.11004053, -0.033192825, 1.6721361;
 0.0064656278, 0.34183192, -0.93973887, -1.1958694;
 0.11475573, 0.93329632, 0.34027797, 5.0574203;
 0, 0, 0, 1]
Twc:
[0.99337268, 0.0064656278, 0.11475573, -2.2336903;
 -0.11004053, 0.34183192, 0.93329632, -4.1272826;
 -0.033192825, -0.93973887, 0.34027797, -2.7892308;
 0, 0, 0, 1]
Ow:
[1.6721361;
 -1.1958694;
 5.0574203]
Keyframe: 77 Frame: 1071 Frame from vFrameID : 1072
Tcw:
[0.99502248, -0.098298274, -0.016360415, 1.7304895;
 0.014888276, 0.30897942, -0.95095217, -1.2318921;
 0.098531991, 0.94597524, 0.30890495, 5.1021848;
 0, 0, 0, 1]
Twc:
[0.99502248, 0.014888276, 0.098531991, -2.2062638;
 -0.098298274, 0.30897942, 0.94597524, -4.2758069;
 -0.016360415, -0.95095217, 0.30890495, -2.7192492;
 0, 0, 0, 1]
Ow:
[1.7304895;
 -1.2318921;
 5.1021848]
Keyframe: 78 Frame: 1080 Frame from vFrameID : 1081
Tcw:
[0.99745709, -0.06987524, 0.014028717, 1.7195082;
 0.036489818, 0.33162048, -0.94270694, -1.2043672;
 0.061219662, 0.94082159, 0.33332694, 5.1388521;
 0, 0, 0, 1]
Twc:
[0.99745709, 0.036489818, 0.061219662, -1.9857873;
 -0.06987524, 0.33162048, 0.94082159, -4.3151994;
 0.014028717, -0.94270694, 0.33332694, -2.8724055;
 0, 0, 0, 1]
Ow:
[1.7195082;
 -1.2043672;
 5.1388521]
Keyframe: 79 Frame: 1089 Frame from vFrameID : 1090
Tcw:
[0.99689591, -0.074380524, -0.025809284, 1.6551327;
 -0.00092695822, 0.31670442, -0.94852382, -1.1452607;
 0.078725614, 0.94560343, 0.31565237, 5.201612;
 0, 0, 0, 1]
Twc:
[0.99689591, -0.00092695822, 0.078725614, -2.0605564;
 -0.074380524, 0.31670442, 0.94560343, -4.4328432;
 -0.025809284, -0.94852382, 0.31565237, -2.6854906;
 0, 0, 0, 1]
Ow:
[1.6551327;
 -1.1452607;
 5.201612]
Keyframe: 80 Frame: 1099 Frame from vFrameID : 1100
Tcw:
[0.99819773, -0.056872137, -0.019153202, 1.6090932;
 0.0010676725, 0.33594301, -0.94188172, -1.1547573;
 0.060001209, 0.94016373, 0.33539829, 5.2654386;
 0, 0, 0, 1]
Twc:
[0.99819773, 0.0010676725, 0.060001209, -1.920893;
 -0.056872137, 0.33594301, 0.94016373, -4.4709291;
 -0.019153202, -0.94188172, 0.33539829, -2.8228445;
 0, 0, 0, 1]
Ow:
[1.6090932;
 -1.1547573;
 5.2654386]
Keyframe: 81 Frame: 1108 Frame from vFrameID : 1109
Tcw:
[0.99964625, -0.026553113, 0.0015355743, 1.5912327;
 0.010727633, 0.34968799, -0.93680477, -1.1775227;
 0.024338111, 0.93648982, 0.34984913, 5.2994957;
 0, 0, 0, 1]
Twc:
[0.99964625, 0.010727633, 0.024338111, -1.7070174;
 -0.026553113, 0.34968799, 0.93648982, -4.5089064;
 0.0015355743, -0.93680477, 0.34984913, -2.9595764;
 0, 0, 0, 1]
Ow:
[1.5912327;
 -1.1775227;
 5.2994957]
Keyframe: 82 Frame: 1117 Frame from vFrameID : 1118
Tcw:
[0.99906206, -0.031510621, -0.029700272, 1.7051165;
 -0.015920661, 0.37054867, -0.92867661, -1.2055217;
 0.040268574, 0.92827839, 0.36969945, 5.3286276;
 0, 0, 0, 1]
Twc:
[0.99906206, -0.015920661, 0.040268574, -1.9372861;
 -0.031510621, 0.37054867, 0.92827839, -4.4460158;
 -0.029700272, -0.92867661, 0.36969945, -3.0388877;
 0, 0, 0, 1]
Ow:
[1.7051165;
 -1.2055217;
 5.3286276]
Keyframe: 83 Frame: 1126 Frame from vFrameID : 1127
Tcw:
[0.9964999, -0.055756845, -0.062282287, 1.6967783;
 -0.038538828, 0.35472926, -0.93417448, -1.2077408;
 0.07417997, 0.93330503, 0.35133889, 5.3626728;
 0, 0, 0, 1]
Twc:
[0.9964999, -0.038538828, 0.07417997, -2.1351874;
 -0.055756845, 0.35472926, 0.93330503, -4.4819813;
 -0.062282287, -0.93417448, 0.35133889, -2.9066765;
 0, 0, 0, 1]
Ow:
[1.6967783;
 -1.2077408;
 5.3626728]
Keyframe: 84 Frame: 1134 Frame from vFrameID : 1135
Tcw:
[0.99834323, -0.041298345, -0.040065505, 1.6913515;
 -0.023136698, 0.34941545, -0.93668216, -1.1800334;
 0.052682932, 0.93605733, 0.34788105, 5.4361696;
 0, 0, 0, 1]
Twc:
[0.99834323, -0.023136698, 0.052682932, -2.0022447;
 -0.041298345, 0.34941545, 0.93605733, -4.6063943;
 -0.040065505, -0.93668216, 0.34788105, -2.9286919;
 0, 0, 0, 1]
Ow:
[1.6913515;
 -1.1800334;
 5.4361696]
Keyframe: 85 Frame: 1142 Frame from vFrameID : 1143
Tcw:
[0.99917519, -0.04059767, -0.00086000934, 1.7165962;
 0.01421222, 0.36946854, -0.92913455, -1.2270943;
 0.038038444, 0.92835599, 0.36974078, 5.4336491;
 0, 0, 0, 1]
Twc:
[0.99917519, 0.01421222, 0.038038444, -1.9044282;
 -0.04059767, 0.36946854, 0.92835599, -4.5212979;
 -0.00086000934, -0.92913455, 0.36974078, -3.147701;
 0, 0, 0, 1]
Ow:
[1.7165962;
 -1.2270943;
 5.4336491]
Keyframe: 86 Frame: 1150 Frame from vFrameID : 1151
Tcw:
[0.99564338, -0.083116762, -0.042259939, 1.7817215;
 -0.0097847618, 0.35758632, -0.93382883, -1.2603213;
 0.092728406, 0.93017399, 0.35521516, 5.4612017;
 0, 0, 0, 1]
Twc:
[0.99564338, -0.0097847618, 0.092728406, -2.2926996;
 -0.083116762, 0.35758632, 0.93017399, -4.4811034;
 -0.042259939, -0.93382883, 0.35521516, -3.0415308;
 0, 0, 0, 1]
Ow:
[1.7817215;
 -1.2603213;
 5.4612017]
Keyframe: 87 Frame: 1158 Frame from vFrameID : 1159
Tcw:
[0.98913211, -0.11789624, -0.087852709, 1.732707;
 -0.040479828, 0.35606012, -0.93358588, -1.1780658;
 0.14134711, 0.92699605, 0.3474181, 5.5336499;
 0, 0, 0, 1]
Twc:
[0.98913211, -0.040479828, 0.14134711, -2.5437295;
 -0.11789624, 0.35606012, 0.92699605, -4.5059299;
 -0.087852709, -0.93358588, 0.3474181, -2.8700926;
 0, 0, 0, 1]
Ow:
[1.732707;
 -1.1780658;
 5.5336499]
Keyframe: 88 Frame: 1166 Frame from vFrameID : 1167
Tcw:
[0.98771358, -0.13187028, -0.083858021, 1.6874568;
 -0.030190144, 0.36548257, -0.93032849, -1.1656848;
 0.15333132, 0.92142969, 0.3570109, 5.5318336;
 0, 0, 0, 1]
Twc:
[0.98771358, -0.030190144, 0.15333132, -2.5501194;
 -0.13187028, 0.36548257, 0.92142969, -4.4486337;
 -0.083858021, -0.93032849, 0.3570109, -2.9178879;
 0, 0, 0, 1]
Ow:
[1.6874568;
 -1.1656848;
 5.5318336]
Keyframe: 89 Frame: 1174 Frame from vFrameID : 1175
Tcw:
[0.98688674, -0.1396839, -0.080888838, 1.7192841;
 -0.030615509, 0.3300454, -0.94346845, -1.203125;
 0.15848434, 0.93357295, 0.32144091, 5.587399;
 0, 0, 0, 1]
Twc:
[0.98688674, -0.030615509, 0.15848434, -2.6190879;
 -0.1396839, 0.3300454, 0.93357295, -4.5790024;
 -0.080888838, -0.94346845, 0.32144091, -2.7920582;
 0, 0, 0, 1]
Ow:
[1.7192841;
 -1.203125;
 5.587399]
Keyframe: 90 Frame: 1183 Frame from vFrameID : 1184
Tcw:
[0.99481291, -0.098812275, -0.024153536, 1.753978;
 0.012803958, 0.35719773, -0.93394101, -1.1833774;
 0.10091242, 0.92878735, 0.35661012, 5.6046491;
 0, 0, 0, 1]
Twc:
[0.99481291, 0.012803958, 0.10091242, -2.2953067;
 -0.098812275, 0.35719773, 0.92878735, -4.6095128;
 -0.024153536, -0.93394101, 0.35661012, -3.0615144;
 0, 0, 0, 1]
Ow:
[1.753978;
 -1.1833774;
 5.6046491]
Keyframe: 91 Frame: 1192 Frame from vFrameID : 1193
Tcw:
[0.9926011, -0.11513874, -0.038549628, 1.7481554;
 0.0032766261, 0.34277251, -0.93941271, -1.2170258;
 0.12137655, 0.93233579, 0.34061363, 5.6421609;
 0, 0, 0, 1]
Twc:
[0.9926011, 0.0032766261, 0.12137655, -2.4160593;
 -0.11513874, 0.34277251, 0.93233579, -4.6419454;
 -0.038549628, -0.93941271, 0.34061363, -2.9976959;
 0, 0, 0, 1]
Ow:
[1.7481554;
 -1.2170258;
 5.6421609]
Keyframe: 92 Frame: 1202 Frame from vFrameID : 1203
Tcw:
[0.99503666, -0.09016332, -0.042102419, 1.7638586;
 -0.010131847, 0.32910487, -0.94423902, -1.2674353;
