Keyframe: 0 Frame: 0 Frame from vFrameID : 131
Tcw:
[0.99972564, 0.017564399, -0.015494485, 0.4631153;
 -0.020243838, 0.3152543, -0.94879127, -0.14222716;
 -0.011780246, 0.94884467, 0.31552339, 0.80638158;
 0, 0, 0, 1]
Twc:
[0.99972564, -0.020243838, -0.011780246, -0.45636809;
 0.017564399, 0.3152543, 0.94884467, -0.72842747;
 -0.015494485, -0.94879127, 0.31552339, -0.38220039;
 0, 0, 0, 1]
Ow:
[0.4631153;
 -0.14222716;
 0.80638158]
Keyframe: 1 Frame: 270 Frame from vFrameID : 131
Tcw:
[0.9998095, 0.017367162, -0.0089072632, 0.0010005027;
 -0.014266233, 0.33880076, -0.94075, 0.017938681;
 -0.013320369, 0.94069785, 0.33898398, -0.019118208;
 0, 0, 0, 1]
Twc:
[0.9998095, -0.014266233, -0.013320369, -0.00099905638;
 0.017367162, 0.33880076, 0.94069785, 0.011889444;
 -0.0089072632, -0.94075, 0.33898398, 0.023365492;
 0, 0, 0, 1]
Ow:
[0.0010005027;
 0.017938681;
 -0.019118208]
