Keyframe: 0 Frame: 0 Frame from vFrameID : 131
Tcw:
[0.99960226, 0.023013303, -0.016300971, 0.45233566;
 -0.022535309, 0.30429021, -0.95231277, -0.13813095;
 -0.016955636, 0.95230132, 0.30468777, 0.78583437;
 0, 0, 0, 1]
Twc:
[0.99960226, -0.022535309, -0.016955636, -0.44194424;
 0.023013303, 0.30429021, 0.95230132, -0.71672899;
 -0.016300971, -0.95231277, 0.30468777, -0.36360449;
 0, 0, 0, 1]
Ow:
[0.45233566;
 -0.13813095;
 0.78583437]
Keyframe: 1 Frame: 266 Frame from vFrameID : 131
Tcw:
[0.99964786, 0.022665422, -0.013799877, -nan;
 -0.020098457, 0.30713999, -0.95145208, -nan;
 -0.017326569, 0.95139438, 0.3074874, -nan;
 0, 0, 0, 1]
Twc:
[0.99964786, -0.020098457, -0.017326569, -inf;
 0.022665422, 0.30713999, 0.95139438, -inf;
 -0.013799877, -0.95145208, 0.3074874, -inf;
 0, 0, 0, 1]
Ow:
[-nan;
 -nan;
 -nan]
