Keyframe: 0 Frame: 0 Frame from vFrameID : 131
Tcw:
[0.99962908, 0.02035597, -0.018092919, 0.22033359;
 -0.023344444, 0.29827127, -0.95419562, -0.04578818;
 -0.014026979, 0.95426404, 0.29863584, 0.20652634;
 0, 0, 0, 1]
Twc:
[0.99962908, -0.023344444, -0.014026979, -0.21842383;
 0.02035597, 0.29827127, 0.95426404, -0.18790847;
 -0.018092919, -0.95419562, 0.29863584, -0.10138056;
 0, 0, 0, 1]
Ow:
[0.22033359;
 -0.04578818;
 0.20652634]
Keyframe: 1 Frame: 170 Frame from vFrameID : 131
Tcw:
[0.99972749, 0.021448685, -0.0092166485, -0.0061416742;
 -0.015192396, 0.29798728, -0.95444894, 0.00083225104;
 -0.017725231, 0.95432884, 0.29823193, 0.0074568512;
 0, 0, 0, 1]
Twc:
[0.99972749, -0.015192396, -0.017725231, 0.006284819;
 0.021448685, 0.29798728, 0.95432884, -0.0072325575;
 -0.0092166485, -0.95444894, 0.29823193, -0.0014861356;
 0, 0, 0, 1]
Ow:
[-0.0061416742;
 0.00083225104;
 0.0074568512]
