Keyframe: 0 Frame: 0 Frame from vFrameID : 131
Tcw:
[0.99947006, -0.0065032314, -0.031895697, 0.4141584;
 -0.028694326, 0.28666422, -0.95760131, -0.10851438;
 0.015370858, 0.95800906, 0.28632569, 0.65179795;
 0, 0, 0, 1]
Twc:
[0.99947006, -0.028694326, 0.015370858, -0.42707133;
 -0.0065032314, 0.28666422, 0.95800906, -0.59062779;
 -0.031895697, -0.95760131, 0.28632569, -0.27733016;
 0, 0, 0, 1]
Ow:
[0.4141584;
 -0.10851438;
 0.65179795]
Keyframe: 1 Frame: 244 Frame from vFrameID : 131
Tcw:
[0.58269721, -0.80847007, 0.082705081, 1.0732847;
 0.20272447, 0.046048455, -0.97815251, 0.3931486;
 0.78699857, 0.5867331, 0.19072898, 1.4477307;
 0, 0, 0, 1]
Twc:
[0.58269721, 0.20272447, 0.78699857, -1.8444629;
 -0.80847007, 0.046048455, 0.5867331, 0.00018318255;
 0.082705081, -0.97815251, 0.19072898, 0.019669004;
 0, 0, 0, 1]
Ow:
[1.0732847;
 0.3931486;
 1.4477307]
