Keyframe: 0 Frame: 0 Frame from vFrameID : 131
Tcw:
[0.9990083, 0.044511911, 0.0010615616, 0.12733161;
 -0.012983784, 0.31404337, -0.94931984, -0.018727046;
 -0.042589415, 0.94836462, 0.31430987, 0.040579192;
 0, 0, 0, 1]
Twc:
[0.9990083, -0.012983784, -0.042589415, -0.12572023;
 0.044511911, 0.31404337, 0.94836462, -0.038270541;
 0.0010615616, -0.94931984, 0.31430987, -0.030667568;
 0, 0, 0, 1]
Ow:
[0.12733161;
 -0.018727046;
 0.040579192]
Keyframe: 1 Frame: 136 Frame from vFrameID : 131
Tcw:
[0.99864751, 0.051933762, -0.002458368, 0.0022432471;
 -0.018064823, 0.3022587, -0.95305473, 0.0028974616;
 -0.048752654, 0.95181012, 0.30278808, 0.0015351833;
 0, 0, 0, 1]
Twc:
[0.99864751, -0.018064823, -0.048752654, -0.0021130268;
 0.051933762, 0.3022587, 0.95181012, -0.0024534864;
 -0.002458368, -0.95305473, 0.30278808, 0.0023021193;
 0, 0, 0, 1]
Ow:
[0.0022432471;
 0.0028974616;
 0.0015351833]
