Keyframe: 0 Frame: 0 Frame from vFrameID : 131
Tcw:
[0.99941832, 0.031771977, -0.012391237, 0.38936812;
 -0.021517156, 0.30558911, -0.95192033, -0.10133184;
 -0.026457762, 0.95163321, 0.306095, 0.62750769;
 0, 0, 0, 1]
Twc:
[0.99941832, -0.021517156, -0.026457762, -0.37471956;
 0.031771977, 0.30558911, 0.95163321, -0.57856226;
 -0.012391237, -0.95192033, 0.306095, -0.28371206;
 0, 0, 0, 1]
Ow:
[0.38936812;
 -0.10133184;
 0.62750769]
Keyframe: 1 Frame: 240 Frame from vFrameID : 131
Tcw:
[0.99918193, 0.028098809, -0.02908597, 0.0036432736;
 -0.036298789, 0.30601248, -0.95133525, -0.0031383266;
 -0.017830718, 0.95161277, 0.30678207, 0.0081935022;
 0, 0, 0, 1]
Twc:
[0.99918193, -0.036298789, -0.017830718, -0.0036081143;
 0.028098809, 0.30601248, 0.95161277, -0.0069390461;
 -0.02908597, -0.95133525, 0.30678207, -0.0053932522;
 0, 0, 0, 1]
Ow:
[0.0036432736;
 -0.0031383266;
 0.0081935022]
