Keyframe: 0 Frame: 0 Frame from vFrameID : 74
Tcw:
[0.99426687, -0.081000514, -0.069802068, 0.71407449;
 -0.038643233, 0.33647853, -0.94089794, -0.29912844;
 0.099700116, 0.93820101, 0.33141935, 1.6501503;
 0, 0, 0, 1]
Twc:
[0.99426687, -0.038643233, 0.099700116, -0.88606012;
 -0.081000514, 0.33647853, 0.93820101, -1.3896819;
 -0.069802068, -0.94089794, 0.33141935, -0.77849716;
 0, 0, 0, 1]
Ow:
[0.71407449;
 -0.29912844;
 1.6501503]
Keyframe: 1 Frame: 433 Frame from vFrameID : 74
Tcw:
[0.13207409, -0.95201421, 0.27608934, -0.14777814;
 0.40501469, -0.20238905, -0.89162874, 0.80664372;
 0.90472072, 0.2295813, 0.35884941, 0.21170777;
 0, 0, 0, 1]
Twc:
[0.13207409, 0.40501469, 0.90472072, -0.4987213;
 -0.95201421, -0.20238905, 0.2295813, -0.02603519;
 0.27608934, -0.89162874, 0.35884941, 0.68405551;
 0, 0, 0, 1]
Ow:
[-0.14777814;
 0.80664372;
 0.21170777]
