Keyframe: 0 Frame: 0 Frame from vFrameID : 74
Tcw:
[0.99932075, -0.031845015, 0.018546963, 0.19109952;
 0.029292295, 0.3809998, -0.92411101, -0.034572616;
 0.022361938, 0.92402655, 0.38167381, 0.21833003;
 0, 0, 0, 1]
Twc:
[0.99932075, 0.029292295, 0.022361938, -0.1948393;
 -0.031845015, 0.3809998, 0.92402655, -0.18248501;
 0.018546963, -0.92411101, 0.38167381, -0.11882409;
 0, 0, 0, 1]
Ow:
[0.19109952;
 -0.034572616;
 0.21833003]
Keyframe: 1 Frame: 197 Frame from vFrameID : 74
Tcw:
[0.99898887, -0.044273153, 0.0078161592, 0.034822658;
 0.023710966, 0.37113795, -0.92827499, -0.0090658758;
 0.038196787, 0.92752171, 0.37181243, 0.031833891;
 0, 0, 0, 1]
Twc:
[0.99898887, 0.023710966, 0.038196787, -0.035788443;
 -0.044273153, 0.37113795, 0.92752171, -0.024620226;
 0.0078161592, -0.92827499, 0.37181243, -0.020524042;
 0, 0, 0, 1]
Ow:
[0.034822658;
 -0.0090658758;
 0.031833891]
