Keyframe: 0 Frame: 0 Frame from vFrameID : 74
Tcw:
[0.99948686, -0.026182283, 0.018454071, 0.095218159;
 0.02711799, 0.38498265, -0.92252535, 0.0070310514;
 0.01704932, 0.92255235, 0.3854951, -0.032445028;
 0, 0, 0, 1]
Twc:
[0.99948686, 0.02711799, 0.01704932, -0.094806805;
 -0.026182283, 0.38498265, 0.92255235, 0.029718436;
 0.018454071, -0.92252535, 0.3854951, 0.017236561;
 0, 0, 0, 1]
Ow:
[0.095218159;
 0.0070310514;
 -0.032445028]
Keyframe: 1 Frame: 153 Frame from vFrameID : 74
Tcw:
[0.99912453, -0.03994583, 0.012432097, 0.00097843516;
 0.026924551, 0.38652334, -0.92188656, -0.0014327209;
 0.03202023, 0.92141414, 0.38726044, 0.0017179763;
 0, 0, 0, 1]
Twc:
[0.99912453, 0.026924551, 0.03202023, -0.00099401304;
 -0.03994583, 0.38652334, 0.92141414, -0.00099010323;
 0.012432097, -0.92188656, 0.38726044, -0.0019982744;
 0, 0, 0, 1]
Ow:
[0.00097843516;
 -0.0014327209;
 0.0017179763]
