Keyframe: 0 Frame: 0 Frame from vFrameID : 131
Tcw:
[0.99952847, 0.029490771, -0.0085492339, 0.22312801;
 -0.017037006, 0.30102974, -0.95346254, -0.05016011;
 -0.025544772, 0.95315862, 0.30139026, 0.24277434;
 0, 0, 0, 1]
Twc:
[0.99952847, -0.017037006, -0.025544772, -0.21767576;
 0.029490771, 0.30102974, 0.95315862, -0.22288299;
 -0.0085492339, -0.95346254, 0.30139026, -0.11908803;
 0, 0, 0, 1]
Ow:
[0.22312801;
 -0.05016011;
 0.24277434]
Keyframe: 1 Frame: 177 Frame from vFrameID : 131
Tcw:
[0.99958819, 0.028641855, -0.0017521846, -0.005126263;
 -0.010417469, 0.30531394, -0.95219475, -0.00042598986;
 -0.026737658, 0.95182091, 0.30548659, 0.0020570257;
 0, 0, 0, 1]
Twc:
[0.99958819, -0.010417469, -0.026737658, 0.0051747141;
 0.028641855, 0.30531394, 0.95182091, -0.0016810339;
 -0.0017521846, -0.95219475, 0.30548659, -0.0010430013;
 0, 0, 0, 1]
Ow:
[-0.005126263;
 -0.00042598986;
 0.0020570257]
