Keyframe: 0 Frame: 0 Frame from vFrameID : 74
Tcw:
[0.99915749, -0.040920425, -0.0031396856, 0.21399213;
 0.011842201, 0.36070755, -0.93260378, -0.039273366;
 0.039295051, 0.93178087, 0.36088824, 0.25799572;
 0, 0, 0, 1]
Twc:
[0.99915749, 0.011842201, 0.039295051, -0.22348472;
 -0.040920425, 0.36070755, 0.93178087, -0.21747261;
 -0.0031396856, -0.93260378, 0.36088824, -0.12906224;
 0, 0, 0, 1]
Ow:
[0.21399213;
 -0.039273366;
 0.25799572]
Keyframe: 1 Frame: 204 Frame from vFrameID : 74
Tcw:
[0.99987918, 0.01309533, 0.008375207, 0.0016564211;
 0.0035150063, 0.33435902, -0.9424392, -0.00032310811;
 -0.015141878, 0.9423548, 0.33427259, 0.0019223762;
 0, 0, 0, 1]
Twc:
[0.99987918, 0.0035150063, -0.015141878, -0.0016259769;
 0.01309533, 0.33435902, 0.9423548, -0.0017252178;
 0.008375207, -0.9424392, 0.33427259, -0.00096098031;
 0, 0, 0, 1]
Ow:
[0.0016564211;
 -0.00032310811;
 0.0019223762]
