Keyframe: 0 Frame: 0 Frame from vFrameID : 131
Tcw:
[0.9992907, 0.036792941, -0.008025662, 0.12753768;
 -0.019886566, 0.3346048, -0.94214869, -0.018591894;
 -0.031978995, 0.94164002, 0.33509913, 0.007805815;
 0, 0, 0, 1]
Twc:
[0.9992907, -0.019886566, -0.031978995, -0.12756732;
 0.036792941, 0.3346048, 0.94164002, -0.0058218166;
 -0.008025662, -0.94214869, 0.33509913, -0.019108476;
 0, 0, 0, 1]
Ow:
[0.12753768;
 -0.018591894;
 0.007805815]
Keyframe: 1 Frame: 130 Frame from vFrameID : 131
Tcw:
[0.99833381, 0.057698701, -0.0006653436, 0.079744883;
 -0.014558444, 0.24070695, -0.97048867, 0.067611307;
 -0.055835783, 0.96888131, 0.24114589, -0.12244388;
 0, 0, 0, 1]
Twc:
[0.99833381, -0.014558444, -0.055835783, -0.085464455;
 0.057698701, 0.24070695, 0.96888131, 0.097757891;
 -0.0006653436, -0.97048867, 0.24114589, 0.095195904;
 0, 0, 0, 1]
Ow:
[0.079744883;
 0.067611307;
 -0.12244388]
