Keyframe: 0 Frame: 0 Frame from vFrameID : 74
Tcw:
[0.99721473, -0.054077219, -0.051366109, 0.39056399;
 -0.028065193, 0.36601391, -0.93018609, -0.12368256;
 0.069102585, 0.92903686, 0.36347678, 0.72946978;
 0, 0, 0, 1]
Twc:
[0.99721473, -0.028065193, 0.069102585, -0.44335556;
 -0.054077219, 0.36601391, 0.92903686, -0.61131418;
 -0.051366109, -0.93018609, 0.36347678, -0.36013135;
 0, 0, 0, 1]
Ow:
[0.39056399;
 -0.12368256;
 0.72946978]
Keyframe: 1 Frame: 275 Frame from vFrameID : 74
Tcw:
[0.99525803, -0.072964214, -0.064324401, 0.0043404251;
 -0.034151044, 0.35708413, -0.93344772, -0.0003174711;
 0.091077499, 0.93121809, 0.35289904, 0.0066381525;
 0, 0, 0, 1]
Twc:
[0.99525803, -0.034151044, 0.091077499, -0.0049352716;
 -0.072964214, 0.35708413, 0.93121809, -0.0057515083;
 -0.064324401, -0.93344772, 0.35289904, -0.0023597451;
 0, 0, 0, 1]
Ow:
[0.0043404251;
 -0.0003174711;
 0.0066381525]
