Keyframe: 0 Frame: 0 Frame from vFrameID : 74
Tcw:
[0.99271059, -0.087470978, -0.082912952, 0.77772266;
 -0.050267555, 0.32475773, -0.94446051, -0.33380854;
 0.1095395, 0.94174373, 0.31799346, 1.8352526;
 0, 0, 0, 1]
Twc:
[0.99271059, -0.050267555, 0.1095395, -0.98986596;
 -0.087470978, 0.32475773, 0.94174373, -1.5519027;
 -0.082912952, -0.94446051, 0.31799346, -0.83438402;
 0, 0, 0, 1]
Ow:
[0.77772266;
 -0.33380854;
 1.8352526]
Keyframe: 1 Frame: 461 Frame from vFrameID : 74
Tcw:
[0.99200618, -0.081260428, -0.096542642, 0.0075863078;
 -0.066286229, 0.31544694, -0.94662523, -0.0043895636;
 0.10737725, 0.94545752, 0.30753887, 0.016181499;
 0, 0, 0, 1]
Twc:
[0.99200618, -0.066286229, 0.10737725, -0.0095541561;
 -0.081260428, 0.31544694, 0.94545752, -0.013297779;
 -0.096542642, -0.94662523, 0.30753887, -0.0083993087;
 0, 0, 0, 1]
Ow:
[0.0075863078;
 -0.0043895636;
 0.016181499]
