Keyframe: 0 Frame: 0 Frame from vFrameID : 74
Tcw:
[0.99527574, -0.06485755, -0.07224784, 0.44282624;
 -0.044948321, 0.35178411, -0.93500137, -0.15614094;
 0.086057544, 0.93383157, 0.34720695, 0.84395564;
 0, 0, 0, 1]
Twc:
[0.99527574, -0.044948321, 0.086057544, -0.52038121;
 -0.06485755, 0.35178411, 0.93383157, -0.70446396;
 -0.07224784, -0.93500137, 0.34720695, -0.40702602;
 0, 0, 0, 1]
Ow:
[0.44282624;
 -0.15614094;
 0.84395564]
Keyframe: 1 Frame: 294 Frame from vFrameID : 74
Tcw:
[0.99623173, -0.074598052, -0.044242643, 0.0430241;
 -0.015207595, 0.35196543, -0.93588948, 0.059653256;
 0.085387409, 0.93303561, 0.34950468, -0.060000829;
 0, 0, 0, 1]
Twc:
[0.99623173, -0.015207595, 0.085387409, -0.036831476;
 -0.074598052, 0.35196543, 0.93303561, 0.038196545;
 -0.044242643, -0.93588948, 0.34950468, 0.078702919;
 0, 0, 0, 1]
Ow:
[0.0430241;
 0.059653256;
 -0.060000829]
