Keyframe: 0 Frame: 0 Frame from vFrameID : 131
Tcw:
[0.99859524, 0.046262264, 0.025834028, 0.34317201;
 0.010988074, 0.29615569, -0.95507646, -0.088421941;
 -0.051834892, 0.95401865, 0.29523134, 0.53932178;
 0, 0, 0, 1]
Twc:
[0.99859524, 0.010988074, -0.051834892, -0.31376266;
 0.046262264, 0.29615569, 0.95401865, -0.50421226;
 0.025834028, -0.95507646, 0.29523134, -0.2525399;
 0, 0, 0, 1]
Ow:
[0.34317201;
 -0.088421941;
 0.53932178]
Keyframe: 1 Frame: 228 Frame from vFrameID : 131
Tcw:
[0.99867326, 0.041583396, 0.030372683, -0.0029544923;
 0.016750732, 0.2954109, -0.95522344, 0.00023128127;
 -0.048693858, 0.95446491, 0.2943224, -0.0034001737;
 0, 0, 0, 1]
Twc:
[0.99867326, 0.016750732, -0.048693858, 0.0027811308;
 0.041583396, 0.2954109, 0.95446491, 0.0032998812;
 0.030372683, -0.95522344, 0.2943224, 0.0013114085;
 0, 0, 0, 1]
Ow:
[-0.0029544923;
 0.00023128127;
 -0.0034001737]
