Keyframe: 0 Frame: 0 Frame from vFrameID : 74
Tcw:
[0.99384546, -0.071642339, -0.084490016, 0.63995111;
 -0.053640131, 0.35609511, -0.93290889, -0.26707652;
 0.096922256, 0.93169934, 0.35006061, 1.4554396;
 0, 0, 0, 1]
Twc:
[0.99384546, -0.053640131, 0.096922256, -0.791403;
 -0.071642339, 0.35609511, 0.93169934, -1.2150798;
 -0.084490016, -0.93290889, 0.35006061, -0.70458061;
 0, 0, 0, 1]
Ow:
[0.63995111;
 -0.26707652;
 1.4554396]
Keyframe: 1 Frame: 393 Frame from vFrameID : 74
Tcw:
[0.99293888, -0.086788483, -0.08087118, 0.0093236845;
 -0.044486489, 0.35955015, -0.93206471, -0.0021474434;
 0.10996973, 0.92908096, 0.3531504, 0.011082843;
 0, 0, 0, 1]
Twc:
[0.99293888, -0.044486489, 0.10996973, -0.010572158;
 -0.086788483, 0.35955015, 0.92908096, -0.0087155569;
 -0.08087118, -0.93206471, 0.3531504, -0.0051614493;
 0, 0, 0, 1]
Ow:
[0.0093236845;
 -0.0021474434;
 0.011082843]
