Keyframe: 0 Frame: 0 Frame from vFrameID : 131
Tcw:
[0.99890965, 0.041286334, 0.021794362, 0.23048738;
 0.0078033074, 0.31261092, -0.94984919, -0.057421237;
 -0.046028949, 0.94898361, 0.31194788, 0.30799213;
 0, 0, 0, 1]
Twc:
[0.99890965, 0.0078033074, -0.046028949, -0.21561143;
 0.041286334, 0.31261092, 0.94898361, -0.28384492;
 0.021794362, -0.94984919, 0.31194788, -0.15564233;
 0, 0, 0, 1]
Ow:
[0.23048738;
 -0.057421237;
 0.30799213]
Keyframe: 1 Frame: 188 Frame from vFrameID : 131
Tcw:
[0.9988414, 0.042371891, 0.022814818, 0.00099201326;
 0.0083707664, 0.31388438, -0.94942433, -0.0018780496;
 -0.047390118, 0.9485153, 0.31316602, 0.0057897107;
 0, 0, 0, 1]
Twc:
[0.9988414, 0.0083707664, -0.047390118, -0.00070076803;
 0.042371891, 0.31388438, 0.9485153, -0.0049441718;
 0.022814818, -0.94942433, 0.31316602, -0.003618839;
 0, 0, 0, 1]
Ow:
[0.00099201326;
 -0.0018780496;
 0.0057897107]
