Keyframe: 0 Frame: 0 Frame from vFrameID : 74
Tcw:
[0.99468142, -0.073449641, -0.072207883, 0.65157276;
 -0.040428694, 0.36637342, -0.92958915, -0.27173018;
 0.094733045, 0.92756438, 0.36145535, 1.4977547;
 0, 0, 0, 1]
Twc:
[0.99468142, -0.040428694, 0.094733045, -0.80097985;
 -0.073449641, 0.36637342, 0.92756438, -1.2418514;
 -0.072207883, -0.92958915, 0.36145535, -0.74692023;
 0, 0, 0, 1]
Ow:
[0.65157276;
 -0.27173018;
 1.4977547]
Keyframe: 1 Frame: 403 Frame from vFrameID : 74
Tcw:
[0.98589915, 0.029619735, 0.1646982, 0.25399601;
 0.15986446, 0.12418085, -0.97929692, 0.11656721;
 -0.049458876, 0.99181741, 0.11769465, -0.32133344;
 0, 0, 0, 1]
Twc:
[0.98589915, 0.15986446, -0.049458876, -0.28494221;
 0.029619735, 0.12418085, 0.99181741, 0.29670539;
 0.1646982, -0.97929692, 0.11769465, 0.11014045;
 0, 0, 0, 1]
Ow:
[0.25399601;
 0.11656721;
 -0.32133344]
