Keyframe: 0 Frame: 0 Frame from vFrameID : 131
Tcw:
[0.99852508, 0.052081503, 0.015335497, 0.13078262;
 -0.0013578277, 0.3063288, -0.9519248, -0.01990979;
 -0.054275379, 0.95049995, 0.30594772, 0.08668559;
 0, 0, 0, 1]
Twc:
[0.99852508, -0.0013578277, -0.054275379, -0.12591188;
 0.052081503, 0.3063288, 0.95049995, -0.083107062;
 0.015335497, -0.9519248, 0.30594772, -0.047479495;
 0, 0, 0, 1]
Ow:
[0.13078262;
 -0.01990979;
 0.08668559]
Keyframe: 1 Frame: 145 Frame from vFrameID : 131
Tcw:
[0.9986282, 0.050246548, 0.014732769, 0.0012163179;
 -0.0014264039, 0.30736467, -0.95159072, 0.00082345755;
 -0.052342482, 0.95026428, 0.3070147, 0.00016224943;
 0, 0, 0, 1]
Twc:
[0.9986282, -0.0014264039, -0.052342482, -0.0012049822;
 0.050246548, 0.30736467, 0.95026428, -0.00046839737;
 0.014732769, -0.95159072, 0.3070147, 0.00071586185;
 0, 0, 0, 1]
Ow:
[0.0012163179;
 0.00082345755;
 0.00016224943]
