Keyframe: 0 Frame: 0 Frame from vFrameID : 131
Tcw:
[0.99949932, 0.031611189, 0.0013744553, 0.22229841;
 -0.0078959335, 0.29125139, -0.95661396, -0.052188769;
 -0.030640017, 0.95612413, 0.29135516, 0.26457468;
 0, 0, 0, 1]
Twc:
[0.99949932, -0.0078959335, -0.030640017, -0.21449262;
 0.031611189, 0.29125139, 0.95612413, -0.2447933;
 0.0013744553, -0.95661396, 0.29135516, -0.12731524;
 0, 0, 0, 1]
Ow:
[0.22229841;
 -0.052188769;
 0.26457468]
Keyframe: 1 Frame: 181 Frame from vFrameID : 131
Tcw:
[0.99947947, 0.029041842, 0.01404876, -0.0066621024;
 0.0050310907, 0.2898272, -0.95706576, 0.00051888637;
 -0.031866666, 0.95663828, 0.28953022, 0.0024068309;
 0, 0, 0, 1]
Twc:
[0.99947947, 0.0050310907, -0.031866666, 0.0067327213;
 0.029041842, 0.2898272, 0.95663828, -0.0022593739;
 0.01404876, -0.95706576, 0.28953022, -0.00010664746;
 0, 0, 0, 1]
Ow:
[-0.0066621024;
 0.00051888637;
 0.0024068309]
