Keyframe: 0 Frame: 0 Frame from vFrameID : 74
Tcw:
[0.99104524, -0.10983346, -0.075933561, 0.80133319;
 -0.037495203, 0.31688449, -0.94772267, -0.3570599;
 0.12815383, 0.94208324, 0.30992866, 1.9294827;
 0, 0, 0, 1]
Twc:
[0.99104524, -0.037495203, 0.12815383, -1.0548161;
 -0.10983346, 0.31688449, 0.94208324, -1.6165735;
 -0.075933561, -0.94772267, 0.30992866, -0.87554771;
 0, 0, 0, 1]
Ow:
[0.80133319;
 -0.3570599;
 1.9294827]
Keyframe: 1 Frame: 479 Frame from vFrameID : 74
Tcw:
[0.96299642, -0.10234292, 0.24932671, -0.34122634;
 0.26901636, 0.30880433, -0.91228837, -0.02597753;
 0.016373087, 0.94560343, 0.32490939, 0.063840881;
 0, 0, 0, 1]
Twc:
[0.96299642, 0.26901636, 0.016373087, 0.33454287;
 -0.10234292, 0.30880433, 0.94560343, -0.087268271;
 0.24932671, -0.91228837, 0.32490939, 0.040635336;
 0, 0, 0, 1]
Ow:
[-0.34122634;
 -0.02597753;
 0.063840881]
