Keyframe: 0 Frame: 0 Frame from vFrameID : 131
Tcw:
[0.99852276, 0.053594206, 0.0089403177, 0.12511043;
 -0.0077026356, 0.30250338, -0.95311719, -0.015662054;
 -0.053786032, 0.95164037, 0.30246931, 0.057584025;
 0, 0, 0, 1]
Twc:
[0.99852276, -0.0077026356, -0.053786032, -0.12194905;
 0.053594206, 0.30250338, 0.95164037, -0.056766652;
 0.0089403177, -0.95311719, 0.30246931, -0.033463702;
 0, 0, 0, 1]
Ow:
[0.12511043;
 -0.015662054;
 0.057584025]
Keyframe: 1 Frame: 139 Frame from vFrameID : 131
Tcw:
[0.99812144, 0.042522494, -0.044106785, 0.067140557;
 -0.053113516, 0.24173655, -0.96888721, 0.0020639673;
 -0.030537279, 0.96940976, 0.24354094, 0.071015172;
 0, 0, 0, 1]
Twc:
[0.99812144, -0.053113516, -0.030537279, -0.064736195;
 0.042522494, 0.24173655, 0.96940976, -0.072196722;
 -0.044106785, -0.96888721, 0.24354094, -0.012333998;
 0, 0, 0, 1]
Ow:
[0.067140557;
 0.0020639673;
 0.071015172]
