Keyframe: 0 Frame: 0 Frame from vFrameID : 74
Tcw:
[0.99976182, -0.011957969, 0.018256176, 0.0743194;
 0.021413444, 0.37602937, -0.92636025, 0.014246829;
 0.0042125285, 0.9265306, 0.37619588, -0.086523138;
 0, 0, 0, 1]
Twc:
[0.99976182, 0.021413444, 0.0042125285, -0.074242286;
 -0.011957969, 0.37602937, 0.9265306, 0.075697809;
 0.018256176, -0.92636025, 0.37619588, 0.044390555;
 0, 0, 0, 1]
Ow:
[0.0743194;
 0.014246829;
 -0.086523138]
Keyframe: 1 Frame: 138 Frame from vFrameID : 74
Tcw:
[0.99956763, -0.014702321, 0.025464201, 0.00026183968;
 0.029151615, 0.38233081, -0.92356557, -0.00032617047;
 0.003842809, 0.92390853, 0.38259408, -0.0006110674;
 0, 0, 0, 1]
Twc:
[0.99956763, 0.029151615, 0.003842809, -0.00024986983;
 -0.014702321, 0.38233081, 0.92390853, 0.00069312507;
 0.025464201, -0.92356557, 0.38259408, -7.4116571e-05;
 0, 0, 0, 1]
Ow:
[0.00026183968;
 -0.00032617047;
 -0.0006110674]
