Keyframe: 0 Frame: 0 Frame from vFrameID : 74
Tcw:
[0.99639928, -0.069470517, -0.04860368, 0.68064296;
 -0.022932572, 0.33106521, -0.94332916, -0.28922176;
 0.081624553, 0.94104713, 0.32828, 1.6090095;
 0, 0, 0, 1]
Twc:
[0.99639928, -0.022932572, 0.081624553, -0.81615943;
 -0.069470517, 0.33106521, 0.94104713, -1.3711177;
 -0.04860368, -0.94332916, 0.32828, -0.76795518;
 0, 0, 0, 1]
Ow:
[0.68064296;
 -0.28922176;
 1.6090095]
Keyframe: 1 Frame: 423 Frame from vFrameID : 74
Tcw:
[0.99614757, -0.064111389, -0.059831165, 0.001268556;
 -0.035648033, 0.32731277, -0.94424337, -0.00088485819;
 0.080120265, 0.94273859, 0.32376638, 0.010945004;
 0, 0, 0, 1]
Twc:
[0.99614757, -0.035648033, 0.080120265, -0.002172129;
 -0.064111389, 0.32731277, 0.94273859, -0.0099473242;
 -0.059831165, -0.94424337, 0.32376638, -0.0043032472;
 0, 0, 0, 1]
Ow:
[0.001268556;
 -0.00088485819;
 0.010945004]
