Keyframe: 0 Frame: 0 Frame from vFrameID : 131
Tcw:
[0.99955052, 0.008763059, -0.028669277, 0.44490528;
 -0.029978214, 0.28710049, -0.95743126, -0.12916903;
 -0.00015906245, 0.95786035, 0.28723416, 0.74495608;
 0, 0, 0, 1]
Twc:
[0.99955052, -0.029978214, -0.00015906245, -0.44845909;
 0.008763059, 0.28710049, 0.95786035, -0.6803782;
 -0.028669277, -0.95743126, 0.28723416, -0.32489219;
 0, 0, 0, 1]
Ow:
[0.44490528;
 -0.12916903;
 0.74495608]
Keyframe: 1 Frame: 259 Frame from vFrameID : 131
Tcw:
[0.99942476, 0.015036038, -0.030399544, 0.00074236194;
 -0.033429004, 0.28557321, -0.95777369, -5.371077e-05;
 -0.0057198266, 0.95823896, 0.28591156, 0.0087197898;
 0, 0, 0, 1]
Twc:
[0.99942476, -0.033429004, -0.0057198266, -0.00069385464;
 0.015036038, 0.28557321, 0.95823896, -0.0083514657;
 -0.030399544, -0.95777369, 0.28591156, -0.002521964;
 0, 0, 0, 1]
Ow:
[0.00074236194;
 -5.371077e-05;
 0.0087197898]
