Keyframe: 0 Frame: 0 Frame from vFrameID : 74
Tcw:
[0.99872631, -0.035879705, -0.03547347, 0.32778707;
 -0.019679772, 0.37036759, -0.92867678, -0.083744153;
 0.046458874, 0.92819208, 0.36918977, 0.52713311;
 0, 0, 0, 1]
Twc:
[0.99872631, -0.019679772, 0.046458874, -0.35350764;
 -0.035879705, 0.37036759, 0.92819208, -0.44650376;
 -0.03547347, -0.92867678, 0.36918977, -0.26075566;
 0, 0, 0, 1]
Ow:
[0.32778707;
 -0.083744153;
 0.52713311]
Keyframe: 1 Frame: 244 Frame from vFrameID : 74
Tcw:
[0.99598646, -0.059308354, -0.067033827, 0.0077732797;
 -0.041363731, 0.35916799, -0.93235582, -0.0021344973;
 0.079372898, 0.93138653, 0.35527325, 0.009525694;
 0, 0, 0, 1]
Twc:
[0.99598646, -0.041363731, 0.079372898, -0.0085864533;
 -0.059308354, 0.35916799, 0.93138653, -0.0076444396;
 -0.067033827, -0.93235582, 0.35527325, -0.0048532626;
 0, 0, 0, 1]
Ow:
[0.0077732797;
 -0.0021344973;
 0.009525694]
