Keyframe: 0 Frame: 0 Frame from vFrameID : 95
Tcw:
[0.99404764, 0.10623429, -0.024157127, 0.10491519;
 -0.069440477, 0.44696018, -0.89185458, -0.021288494;
 -0.083948262, 0.88822341, 0.45167667, -0.077012993;
 0, 0, 0, 1]
Twc:
[0.99404764, -0.069440477, -0.083948262, -0.11223409;
 0.10623429, 0.44696018, 0.88822341, 0.066774264;
 -0.024157127, -0.89185458, 0.45167667, 0.018333182;
 0, 0, 0, 1]
Ow:
[0.10491519;
 -0.021288494;
 -0.077012993]
Keyframe: 1 Frame: 102 Frame from vFrameID : 95
Tcw:
[-0.37177771, 0.76547897, -0.5251888, -0.18522595;
 -0.53443718, -0.63907099, -0.55314118, -0.11457375;
 -0.75905091, 0.075034864, 0.64669275, 0.21971636;
 0, 0, 0, 1]
Twc:
[-0.37177771, -0.53443718, -0.75905091, 0.036680538;
 0.76547897, -0.63907099, 0.075034864, 0.052079428;
 -0.5251888, -0.55314118, 0.64669275, -0.30274305;
 0, 0, 0, 1]
Ow:
[-0.18522595;
 -0.11457375;
 0.21971636]
