Keyframe: 0 Frame: 0 Frame from vFrameID : 95
Tcw:
[0.99703777, 0.062757351, -0.044465777, 0.086067714;
 -0.067831203, 0.44493049, -0.89299262, -0.017587854;
 -0.036257669, 0.89336354, 0.44786942, -0.079969287;
 0, 0, 0, 1]
Twc:
[0.99703777, -0.067831203, -0.036257669, -0.089905262;
 0.062757351, 0.44493049, 0.89336354, 0.07386563;
 -0.044465777, -0.89299262, 0.44786942, 0.023937039;
 0, 0, 0, 1]
Ow:
[0.086067714;
 -0.017587854;
 -0.079969287]
Keyframe: 1 Frame: 94 Frame from vFrameID : 95
Tcw:
[0.9969067, 0.070498459, -0.034741335, 0.00013363725;
 -0.062510021, 0.44328693, -0.89419752, 0.0017835381;
 -0.047639165, 0.89360321, 0.44632256, -0.00085883698;
 0, 0, 0, 1]
Twc:
[0.9969067, -0.062510021, -0.047639165, -6.2649138e-05;
 0.070498459, 0.44328693, 0.89360321, -3.2580894e-05;
 -0.034741335, -0.89419752, 0.44632256, 0.0019827965;
 0, 0, 0, 1]
Ow:
[0.00013363725;
 0.0017835381;
 -0.00085883698]
