Keyframe: 0 Frame: 0 Frame from vFrameID : 95
Tcw:
[0.99407816, 0.1043511, -0.030321721, 0.10690252;
 -0.074062824, 0.44642362, -0.89175147, -0.020483661;
 -0.079518914, 0.8887164, 0.45150852, -0.080821052;
 0, 0, 0, 1]
Twc:
[0.99407816, -0.074062824, -0.079518914, -0.11421334;
 0.1043511, 0.44642362, 0.8887164, 0.069815986;
 -0.030321721, -0.89175147, 0.45150852, 0.021466527;
 0, 0, 0, 1]
Ow:
[0.10690252;
 -0.020483661;
 -0.080821052]
Keyframe: 1 Frame: 98 Frame from vFrameID : 95
Tcw:
[0.9935804, 0.10954983, -0.02822759, -nan;
 -0.07464613, 0.44737417, -0.89122629, -nan;
 -0.085005395, 0.88761204, 0.45267966, -inf;
 0, 0, 0, 1]
Twc:
[0.9935804, -0.07464613, -0.085005395, -inf;
 0.10954983, 0.44737417, 0.88761204, inf;
 -0.02822759, -0.89122629, 0.45267966, inf;
 0, 0, 0, 1]
Ow:
[-nan;
 -nan;
 -inf]
