Keyframe: 0 Frame: 0 Frame from vFrameID : 49
Tcw:
[0.96288043, 0.17173709, 0.20824906, -0.0085921623;
 0.20933788, 0.011950853, -0.97777033, -0.0050432873;
 -0.17040817, 0.98507035, -0.024443835, 0.0020497881;
 0, 0, 0, 1]
Twc:
[0.96288043, 0.20933788, -0.17040817, 0.0096782763;
 0.17173709, 0.011950853, 0.98507035, -0.00048332103;
 0.20824906, -0.97777033, -0.024443835, -0.0030917623;
 0, 0, 0, 1]
Ow:
[-0.0085921623;
 -0.0050432873;
 0.0020497881]
Keyframe: 1 Frame: 48 Frame from vFrameID : 49
Tcw:
[0.96369886, 0.17623903, 0.20055994, 0.0025824956;
 0.20342271, 0.0018603142, -0.97908926, -0.0052255234;
 -0.17292683, 0.98434561, -0.034058236, -0.0012325979;
 0, 0, 0, 1]
Twc:
[0.96369886, 0.20342271, -0.17292683, -0.0016389072;
 0.17623903, 0.0018603142, 0.98434561, 0.00076788699;
 0.20055994, -0.97908926, -0.034058236, -0.0056761792;
 0, 0, 0, 1]
Ow:
[0.0025824956;
 -0.0052255234;
 -0.0012325979]
