Keyframe: 0 Frame: 0 Frame from vFrameID : 59
Tcw:
[0.99673367, -0.045984071, 0.066388346, -8.4748268;
 0.044328373, 0.99867338, 0.026201632, -4.4086132;
 -0.067505129, -0.023173161, 0.99744976, 3.6434615;
 0, 0, 0, 1]
Twc:
[0.99673367, 0.044328373, -0.067505129, 8.888525;
 -0.045984071, 0.99867338, -0.023173161, 4.0974879;
 0.066388346, 0.026201632, 0.99744976, -2.9560273;
 0, 0, 0, 1]
Ow:
[-8.4748268;
 -4.4086132;
 3.6434615]
Keyframe: 1 Frame: 58 Frame from vFrameID : 59
Tcw:
[0.99527401, -0.066125259, 0.071113043, -0.08816655;
 0.063829243, 0.99737835, 0.034091104, -0.049687784;
 -0.073180892, -0.029390899, 0.99688554, 0.041640811;
 0, 0, 0, 1]
Twc:
[0.99527401, 0.063829243, -0.073180892, 0.093968719;
 -0.066125259, 0.99737835, -0.029390899, 0.044951346;
 0.071113043, 0.034091104, 0.99688554, -0.03354742;
 0, 0, 0, 1]
Ow:
[-0.08816655;
 -0.049687784;
 0.041640811]
