Keyframe: 0 Frame: 0 Frame from vFrameID : 59
Tcw:
[0.99967557, -0.023469187, 0.0098964786, 0.035707075;
 0.02361639, 0.70854944, -0.70526588, 0.0021403395;
 0.0095398724, 0.70527083, 0.70887381, -0.076565675;
 0, 0, 0, 1]
Twc:
[0.99967557, 0.02361639, 0.0095398724, -0.035015613;
 -0.023469187, 0.70854944, 0.70527083, 0.053321011;
 0.0098964786, -0.70526588, 0.70887381, 0.055431534;
 0, 0, 0, 1]
Ow:
[0.035707075;
 0.0021403395;
 -0.076565675]
Keyframe: 1 Frame: 66 Frame from vFrameID : 59
Tcw:
[0.99965423, -0.025750076, 0.0053200978, -nan;
 0.021981951, 0.70741212, -0.7064594, -nan;
 0.014427882, 0.70633209, 0.70773357, -nan;
 0, 0, 0, 1]
Twc:
[0.99965423, 0.021981951, 0.014427882, -inf;
 -0.025750076, 0.70741212, 0.70633209, inf;
 0.0053200978, -0.7064594, 0.70773357, inf;
 0, 0, 0, 1]
Ow:
[-nan;
 -nan;
 -nan]
