Keyframe: 0 Frame: 0 Frame from vFrameID : 222
Tcw:
[0.99934322, -0.026852876, 0.024333084, 0.073624536;
 0.036177464, 0.70057702, -0.71265912, -0.063938551;
 0.0020897472, 0.71307135, 0.70108837, 0.10634235;
 0, 0, 0, 1]
Twc:
[0.99934322, 0.036177464, 0.0020897472, -0.071485281;
 -0.026852876, 0.70057702, 0.71307135, -0.029058773;
 0.024333084, -0.71265912, 0.70108837, -0.12191328;
 0, 0, 0, 1]
Ow:
[0.073624536;
 -0.063938551;
 0.10634235]
Keyframe: 1 Frame: 229 Frame from vFrameID : 222
Tcw:
[0.99920946, -0.032714982, 0.022586087, 0.077984788;
 0.039011277, 0.69758362, -0.71544057, -0.068116173;
 0.0076499414, 0.71575612, 0.69830841, 0.11282872;
 0, 0, 0, 1]
Twc:
[0.99920946, 0.039011277, 0.0076499414, -0.076128982;
 -0.032714982, 0.69758362, 0.71575612, -0.030689847;
 0.022586087, -0.71544057, 0.69830841, -0.1292837;
 0, 0, 0, 1]
Ow:
[0.077984788;
 -0.068116173;
 0.11282872]
Keyframe: 2 Frame: 232 Frame from vFrameID : 233
Tcw:
[0.99960721, -0.027809935, -0.0034632883, 0.081531934;
 0.016355822, 0.67926937, -0.73370677, -0.07456927;
 0.022756843, 0.73336196, 0.67945743, 0.11944477;
 0, 0, 0, 1]
Twc:
[0.99960721, 0.016355822, 0.022756843, -0.082998462;
 -0.027809935, 0.67926937, 0.73336196, -0.034676228;
 -0.0034632883, -0.73370677, 0.67945743, -0.13558725;
 0, 0, 0, 1]
Ow:
[0.081531934;
 -0.07456927;
 0.11944477]
Keyframe: 3 Frame: 234 Frame from vFrameID : 235
Tcw:
[0.99937594, -0.030270809, -0.018206013, 0.086155325;
 0.0070606302, 0.67618269, -0.73670018, -0.076177374;
 0.034611098, 0.73611188, 0.67597443, 0.1240914;
 0, 0, 0, 1]
Twc:
[0.99937594, 0.0070606302, 0.034611098, -0.089858636;
 -0.030270809, 0.67618269, 0.73611188, -0.03722734;
 -0.018206013, -0.73670018, 0.67597443, -0.13843395;
 0, 0, 0, 1]
Ow:
[0.086155325;
 -0.076177374;
 0.1240914]
Keyframe: 4 Frame: 236 Frame from vFrameID : 237
Tcw:
[0.9995591, -0.024498746, -0.016775064, 0.086765662;
 0.0045431796, 0.68451947, -0.72898042, -0.078857869;
 0.029341964, 0.7285828, 0.68432897, 0.12586591;
 0, 0, 0, 1]
Twc:
[0.9995591, 0.0045431796, 0.029341964, -0.090062298;
 -0.024498746, 0.68451947, 0.7285828, -0.035598338;
 -0.016775064, -0.72898042, 0.68432897, -0.14216404;
 0, 0, 0, 1]
Ow:
[0.086765662;
 -0.078857869;
 0.12586591]
Keyframe: 5 Frame: 239 Frame from vFrameID : 240
Tcw:
[0.9995442, -0.01354657, -0.026979914, 0.090688102;
 -0.010049568, 0.69340974, -0.72047341, -0.084650055;
 0.028468078, 0.72041613, 0.69295752, 0.13381614;
 0, 0, 0, 1]
Twc:
[0.9995442, -0.010049568, 0.028468078, -0.09530694;
 -0.01354657, 0.69340974, 0.72041613, -0.036477625;
 -0.026979914, -0.72047341, 0.69295752, -0.15127026;
 0, 0, 0, 1]
Ow:
[0.090688102;
 -0.084650055;
 0.13381614]
Keyframe: 6 Frame: 242 Frame from vFrameID : 243
Tcw:
[0.99933547, -0.016601175, -0.032450084, 0.094358146;
 -0.011960777, 0.69161373, -0.72216851, -0.086443447;
 0.03443177, 0.72207677, 0.69095558, 0.14237121;
 0, 0, 0, 1]
Twc:
[0.99933547, -0.011960777, 0.03443177, -0.10023147;
 -0.016601175, 0.69161373, 0.72207677, -0.041451007;
 -0.032450084, -0.72216851, 0.69095558, -0.15773699;
 0, 0, 0, 1]
Ow:
[0.094358146;
 -0.086443447;
 0.14237121]
Keyframe: 7 Frame: 246 Frame from vFrameID : 247
Tcw:
[0.99914652, -0.011080804, -0.039792616, 0.098169312;
 -0.021023117, 0.69283015, -0.72079426, -0.089278862;
 0.035556506, 0.72101563, 0.69200587, 0.15336002;
 0, 0, 0, 1]
Twc:
[0.99914652, -0.021023117, 0.035556506, -0.1054154;
 -0.011080804, 0.69283015, 0.72101563, -0.047632087;
 -0.039792616, -0.72079426, 0.69200587, -0.16657132;
 0, 0, 0, 1]
Ow:
[0.098169312;
 -0.089278862;
 0.15336002]
Keyframe: 8 Frame: 250 Frame from vFrameID : 251
Tcw:
[0.99904239, -0.0085439049, -0.04291087, 0.099601418;
 -0.025613477, 0.68092453, -0.73190558, -0.090785444;
 0.035472393, 0.73230374, 0.68005359, 0.16565469;
 0, 0, 0, 1]
Twc:
[0.99904239, -0.025613477, 0.035472393, -0.10770753;
 -0.0085439049, 0.68092453, 0.73230374, -0.058640551;
 -0.04291087, -0.73190558, 0.68005359, -0.17482646;
 0, 0, 0, 1]
Ow:
[0.099601418;
 -0.090785444;
 0.16565469]
Keyframe: 9 Frame: 255 Frame from vFrameID : 256
Tcw:
[0.99986559, 0.0095208092, -0.013346428, 0.10301892;
 -0.016250866, 0.68303198, -0.73020768, -0.092104375;
 0.0021638691, 0.73032641, 0.68309486, 0.17634615;
 0, 0, 0, 1]
Twc:
[0.99986559, -0.016250866, 0.0021638691, -0.10488344;
 0.0095208092, 0.68303198, 0.73032641, -0.066860862;
 -0.013346428, -0.73020768, 0.68309486, -0.18634155;
 0, 0, 0, 1]
Ow:
[0.10301892;
 -0.092104375;
 0.17634615]
Keyframe: 10 Frame: 260 Frame from vFrameID : 261
Tcw:
[0.99984157, 0.0037520037, -0.017400561, 0.11337263;
 -0.015121656, 0.69475406, -0.71908838, -0.09466175;
 0.009391088, 0.71923757, 0.69470072, 0.19140136;
 0, 0, 0, 1]
Twc:
[0.99984157, -0.015121656, 0.009391088, -0.11658358;
 0.0037520037, 0.69475406, 0.71923757, -0.072321787;
 -0.017400561, -0.71908838, 0.69470072, -0.19906409;
 0, 0, 0, 1]
Ow:
[0.11337263;
 -0.09466175;
 0.19140136]
Keyframe: 11 Frame: 264 Frame from vFrameID : 265
Tcw:
[0.99886423, -0.01163929, -0.04620361, 0.12243072;
 -0.0262776, 0.67433095, -0.73796159, -0.096545361;
 0.039745871, 0.73833752, 0.6732592, 0.20842431;
 0, 0, 0, 1]
Twc:
[0.99886423, -0.0262776, 0.039745871, -0.13311265;
 -0.01163929, 0.67433095, 0.73833752, -0.087358966;
 -0.04620361, -0.73796159, 0.6732592, -0.20591362;
 0, 0, 0, 1]
Ow:
[0.12243072;
 -0.096545361;
 0.20842431]
Keyframe: 12 Frame: 269 Frame from vFrameID : 270
Tcw:
[0.99724126, -0.020277902, -0.071405128, 0.13258731;
 -0.03958175, 0.66851497, -0.74264461, -0.099655166;
 0.062794678, 0.74342215, 0.6658681, 0.21675035;
 0, 0, 0, 1]
Twc:
[0.99724126, -0.03958175, 0.062794678, -0.14977683;
 -0.020277902, 0.66851497, 0.74342215, -0.091827445;
 -0.071405128, -0.74264461, 0.6658681, -0.20886809;
 0, 0, 0, 1]
Ow:
[0.13258731;
 -0.099655166;
 0.21675035]
Keyframe: 13 Frame: 274 Frame from vFrameID : 275
Tcw:
[0.99753398, -0.024480391, -0.065777041, 0.13480197;
 -0.030399295, 0.69402128, -0.71931243, -0.098978989;
 0.063259713, 0.71953815, 0.69156563, 0.2275956;
 0, 0, 0, 1]
Twc:
[0.99753398, -0.030399295, 0.063259713, -0.15187608;
 -0.024480391, 0.69402128, 0.71953815, -0.091770194;
 -0.065777041, -0.71931243, 0.69156563, -0.21972725;
 0, 0, 0, 1]
Ow:
[0.13480197;
 -0.098978989;
 0.2275956]
Keyframe: 14 Frame: 280 Frame from vFrameID : 281
Tcw:
[0.99936908, -0.0069626095, -0.034827325, 0.14231446;
 -0.020199381, 0.69513905, -0.71859145, -0.10277352;
 0.029213106, 0.71884155, 0.69455987, 0.26364937;
 0, 0, 0, 1]
Twc:
[0.99936908, -0.020199381, 0.029213106, -0.15200265;
 -0.0069626095, 0.69513905, 0.71884155, -0.11708936;
 -0.034827325, -0.71859145, 0.69455987, -0.25201601;
 0, 0, 0, 1]
Ow:
[0.14231446;
 -0.10277352;
 0.26364937]
Keyframe: 15 Frame: 287 Frame from vFrameID : 288
Tcw:
[0.99967802, -0.016807942, -0.019010846, 0.15153554;
 -0.0027873297, 0.67191297, -0.7406249, -0.077476002;
 0.025222015, 0.74043941, 0.67164975, 0.29215837;
 0, 0, 0, 1]
Twc:
[0.99967802, -0.0027873297, 0.025222015, -0.15907152;
 -0.016807942, 0.67191297, 0.74043941, -0.16172144;
 -0.019010846, -0.7406249, 0.67164975, -0.25072792;
 0, 0, 0, 1]
Ow:
[0.15153554;
 -0.077476002;
 0.29215837]
Keyframe: 16 Frame: 294 Frame from vFrameID : 295
Tcw:
[0.99984384, -0.014744182, 0.0097451136, 0.16432275;
 0.017215446, 0.68774873, -0.72574466, -0.071776018;
 0.003998321, 0.72579902, 0.68789518, 0.32392412;
 0, 0, 0, 1]
Twc:
[0.99984384, 0.017215446, 0.003998321, -0.16435657;
 -0.014744182, 0.68774873, 0.72579902, -0.18331715;
 0.0097451136, -0.72574466, 0.68789518, -0.27651826;
 0, 0, 0, 1]
Ow:
[0.16432275;
 -0.071776018;
 0.32392412]
Keyframe: 17 Frame: 301 Frame from vFrameID : 302
Tcw:
[0.99939418, -0.017089531, -0.030319253, 0.18929274;
 -0.011603496, 0.65769827, -0.75319207, -0.067476183;
 0.032812621, 0.75308758, 0.65710151, 0.35992998;
 0, 0, 0, 1]
Twc:
[0.99939418, -0.011603496, 0.032812621, -0.20177126;
 -0.017089531, 0.65769827, 0.75308758, -0.22344491;
 -0.030319253, -0.75319207, 0.65710151, -0.28159386;
 0, 0, 0, 1]
Ow:
[0.18929274;
 -0.067476183;
 0.35992998]
Keyframe: 18 Frame: 309 Frame from vFrameID : 310
Tcw:
[0.99953687, -0.0081927646, -0.029306343, 0.20489384;
 -0.015755281, 0.68460578, -0.72874326, -0.074788988;
 0.026033713, 0.72886747, 0.68415964, 0.39874411;
 0, 0, 0, 1]
Twc:
[0.99953687, -0.015755281, 0.026033713, -0.21635807;
 -0.0081927646, 0.68460578, 0.72886747, -0.23775198;
 -0.029306343, -0.72874326, 0.68415964, -0.32130191;
 0, 0, 0, 1]
Ow:
[0.20489384;
 -0.074788988;
 0.39874411]
Keyframe: 19 Frame: 318 Frame from vFrameID : 319
Tcw:
[0.99979877, 0.0030473389, 0.019826893, 0.21320152;
 0.012470809, 0.6797539, -0.73333424, -0.083858684;
 -0.015712125, 0.73343396, 0.67957908, 0.45551789;
 0, 0, 0, 1]
Twc:
[0.99979877, 0.012470809, -0.015712125, -0.20495568;
 0.0030473389, 0.6797539, 0.73343396, -0.27773872;
 0.019826893, -0.73333424, 0.67957908, -0.37528402;
 0, 0, 0, 1]
Ow:
[0.21320152;
 -0.083858684;
 0.45551789]
Keyframe: 20 Frame: 326 Frame from vFrameID : 327
Tcw:
[0.99854708, 0.013888864, 0.05206579, 0.23724015;
 0.029767757, 0.66322994, -0.74782342, -0.05705218;
 -0.044918008, 0.74828678, 0.6618529, 0.50777245;
 0, 0, 0, 1]
Twc:
[0.99854708, 0.029767757, -0.044918008, -0.21238902;
 0.013888864, 0.66322994, 0.74828678, -0.34541571;
 0.05206579, -0.74782342, 0.6618529, -0.39108771;
 0, 0, 0, 1]
Ow:
[0.23724015;
 -0.05705218;
 0.50777245]
Keyframe: 21 Frame: 335 Frame from vFrameID : 336
Tcw:
[0.99983358, -0.01148512, -0.014172579, 0.28238302;
 -0.0033728823, 0.64713401, -0.76236886, -0.052829564;
 0.017927455, 0.76228976, 0.64698756, 0.56625664;
 0, 0, 0, 1]
Twc:
[0.99983358, -0.0033728823, 0.017927455, -0.29266575;
 -0.01148512, 0.64713401, 0.76228976, -0.39422062;
 -0.014172579, -0.76236886, 0.64698756, -0.40263453;
 0, 0, 0, 1]
Ow:
[0.28238302;
 -0.052829564;
 0.56625664]
Keyframe: 22 Frame: 344 Frame from vFrameID : 345
Tcw:
[0.99882734, -0.015565901, -0.045843828, 0.30868486;
 -0.024651065, 0.65145725, -0.75828475, -0.056300759;
 0.04166868, 0.75852567, 0.65030956, 0.61081672;
 0, 0, 0, 1]
Twc:
[0.99882734, -0.024651065, 0.04166868, -0.33516267;
 -0.015565901, 0.65145725, 0.75852567, -0.42183766;
 -0.045843828, -0.75828475, 0.65030956, -0.42576072;
 0, 0, 0, 1]
Ow:
[0.30868486;
 -0.056300759;
 0.61081672]
Keyframe: 23 Frame: 353 Frame from vFrameID : 354
Tcw:
[0.99998778, 0.00022936032, -0.0049338196, 0.3280603;
 -0.0038731527, 0.65628564, -0.75450259, -0.070469081;
 0.0030649418, 0.75451249, 0.65627849, 0.65805298;
 0, 0, 0, 1]
Twc:
[0.99998778, -0.0038731527, 0.0030649418, -0.33034611;
 0.00022936032, 0.65628564, 0.75451249, -0.45033661;
 -0.0049338196, -0.75450259, 0.65627849, -0.48341656;
 0, 0, 0, 1]
Ow:
[0.3280603;
 -0.070469081;
 0.65805298]
Keyframe: 24 Frame: 361 Frame from vFrameID : 362
Tcw:
[0.99979639, 0.0022805964, 0.020048596, 0.34386468;
 0.013715245, 0.65196604, -0.75812411, -0.06658721;
 -0.014799978, 0.75824475, 0.651802, 0.69736367;
 0, 0, 0, 1]
Twc:
[0.99979639, 0.013715245, -0.014799978, -0.33256045;
 0.0022805964, 0.65196604, 0.75824475, -0.48614395;
 0.020048596, -0.75812411, 0.651802, -0.51191843;
 0, 0, 0, 1]
Ow:
[0.34386468;
 -0.06658721;
 0.69736367]
Keyframe: 25 Frame: 370 Frame from vFrameID : 371
Tcw:
[0.99873, -0.015197902, -0.048035711, 0.37852824;
 -0.027344579, 0.63726896, -0.7701562, -0.067753077;
 0.042316426, 0.7704916, 0.63604403, 0.73394668;
 0, 0, 0, 1]
Twc:
[0.99873, -0.027344579, 0.042316426, -0.41095817;
 -0.015197902, 0.63726896, 0.7704916, -0.51656997;
 -0.048035711, -0.7701562, 0.63604403, -0.50081998;
 0, 0, 0, 1]
Ow:
[0.37852824;
 -0.067753077;
 0.73394668]
Keyframe: 26 Frame: 379 Frame from vFrameID : 380
Tcw:
[0.99776715, -0.035233416, -0.056739282, 0.40028244;
 -0.020246971, 0.64999205, -0.75967127, -0.067656636;
 0.063645892, 0.7591238, 0.64782733, 0.78588343;
 0, 0, 0, 1]
Twc:
[0.99776715, -0.020246971, 0.063645892, -0.45077676;
 -0.035233416, 0.64999205, 0.7591238, -0.53850323;
 -0.056739282, -0.75967127, 0.64782733, -0.5378018;
 0, 0, 0, 1]
Ow:
[0.40028244;
 -0.067656636;
 0.78588343]
Keyframe: 27 Frame: 388 Frame from vFrameID : 389
Tcw:
[0.99982733, -0.018398046, -0.0026221354, 0.41517827;
 0.0094477618, 0.62471241, -0.78079778, -0.066515058;
 0.016003234, 0.78063816, 0.62477833, 0.82904184;
 0, 0, 0, 1]
Twc:
[0.99982733, 0.0094477618, 0.016003234, -0.42774549;
 -0.018398046, 0.62471241, 0.78063816, -0.59799045;
 -0.0026221354, -0.78079778, 0.62477833, -0.5688135;
 0, 0, 0, 1]
Ow:
[0.41517827;
 -0.066515058;
 0.82904184]
Keyframe: 28 Frame: 397 Frame from vFrameID : 398
Tcw:
[0.99971735, -0.023194542, 0.0052215261, 0.44510046;
 0.018773396, 0.63537318, -0.77197701, -0.068546593;
 0.014588037, 0.77185684, 0.635629, 0.87175643;
 0, 0, 0, 1]
Twc:
[0.99971735, 0.018773396, 0.014588037, -0.45640501;
 -0.023194542, 0.63537318, 0.77185684, -0.61899459;
 0.0052215261, -0.77197701, 0.635629, -0.6093542;
 0, 0, 0, 1]
Ow:
[0.44510046;
 -0.068546593;
 0.87175643]
Keyframe: 29 Frame: 406 Frame from vFrameID : 407
Tcw:
[0.99903202, -0.03084632, -0.031360406, 0.45902646;
 -0.0037222116, 0.65108895, -0.75899231, -0.084480941;
 0.043830533, 0.75837439, 0.65034389, 0.9042387;
 0, 0, 0, 1]
Twc:
[0.99903202, -0.0037222116, 0.043830533, -0.49852985;
 -0.03084632, 0.65108895, 0.75837439, -0.61658758;
 -0.031360406, -0.75899231, 0.65034389, -0.63779128;
 0, 0, 0, 1]
Ow:
[0.45902646;
 -0.084480941;
 0.9042387]
Keyframe: 30 Frame: 414 Frame from vFrameID : 415
Tcw:
[0.99955988, -0.022209298, -0.019667309, 0.46203068;
 0.00070139632, 0.68047124, -0.73277444, -0.08079949;
 0.029657442, 0.73243815, 0.68018734, 0.93287909;
 0, 0, 0, 1]
Twc:
[0.99955988, 0.00070139632, 0.029657442, -0.48943746;
 -0.022209298, 0.68047124, 0.73243815, -0.61803311;
 -0.019667309, -0.73277444, 0.68018734, -0.6846534;
 0, 0, 0, 1]
Ow:
[0.46203068;
 -0.08079949;
 0.93287909]
Keyframe: 31 Frame: 423 Frame from vFrameID : 424
Tcw:
[0.99968565, -0.024800714, -0.0036870854, 0.48275194;
 0.013979015, 0.67336851, -0.73917484, -0.084822685;
 0.020814832, 0.73889089, 0.67350352, 0.96192074;
 0, 0, 0, 1]
Twc:
[0.99968565, 0.013979015, 0.020814832, -0.50143665;
 -0.024800714, 0.67336851, 0.73889089, -0.64166498;
 -0.0036870854, -0.73917484, 0.67350352, -0.70877582;
 0, 0, 0, 1]
Ow:
[0.48275194;
 -0.084822685;
 0.96192074]
Keyframe: 32 Frame: 432 Frame from vFrameID : 433
Tcw:
[0.99943513, -0.033575073, 0.0014673517, 0.48168692;
 0.023835359, 0.67737836, -0.73524857, -0.082033455;
 0.023692073, 0.73486823, 0.67779595, 1.0061233;
 0, 0, 0, 1]
Twc:
[0.99943513, 0.023835359, 0.023692073, -0.50329667;
 -0.033575073, 0.67737836, 0.73486823, -0.66762775;
 0.0014673517, -0.73524857, 0.67779595, -0.7429682;
 0, 0, 0, 1]
Ow:
[0.48168692;
 -0.082033455;
 1.0061233]
Keyframe: 33 Frame: 441 Frame from vFrameID : 442
Tcw:
[0.9982295, -0.032099959, -0.050073922, 0.52560449;
 -0.014264314, 0.68810463, -0.72547126, -0.084822416;
 0.057743695, 0.72490108, 0.68642849, 1.0316617;
 0, 0, 0, 1]
Twc:
[0.9982295, -0.014264314, 0.057743695, -0.58545583;
 -0.032099959, 0.68810463, 0.72490108, -0.67261416;
 -0.050073922, -0.72547126, 0.68642849, -0.74337918;
 0, 0, 0, 1]
Ow:
[0.52560449;
 -0.084822416;
 1.0316617]
Keyframe: 34 Frame: 449 Frame from vFrameID : 450
Tcw:
[0.99984443, -0.013232597, -0.011663502, 0.54022628;
 0.00013007139, 0.66674191, -0.74528867, -0.080537558;
 0.01763865, 0.74517119, 0.66663992, 1.0606492;
 0, 0, 0, 1]
Twc:
[0.99984443, 0.00013007139, 0.01763865, -0.55884022;
 -0.013232597, 0.66674191, 0.74517119, -0.72951889;
 -0.011663502, -0.74528867, 0.66663992, -0.76079386;
 0, 0, 0, 1]
Ow:
[0.54022628;
 -0.080537558;
 1.0606492]
Keyframe: 35 Frame: 458 Frame from vFrameID : 459
Tcw:
[0.99954253, -0.025656119, 0.016013609, 0.53925598;
 0.029143119, 0.67554647, -0.73674119, -0.090118349;
 0.0080839833, 0.73687088, 0.67598516, 1.0746025;
 0, 0, 0, 1]
Twc:
[0.99954253, 0.029143119, 0.0080839833, -0.54507005;
 -0.025656119, 0.67554647, 0.73687088, -0.71712893;
 0.016013609, -0.73674119, 0.67598516, -0.80144471;
 0, 0, 0, 1]
Ow:
[0.53925598;
 -0.090118349;
 1.0746025]
Keyframe: 36 Frame: 467 Frame from vFrameID : 468
Tcw:
[0.99884903, -0.035514746, -0.032238394, 0.55235648;
 0.0010381679, 0.68797809, -0.72573072, -0.078955531;
 0.047953449, 0.72486198, 0.68722308, 1.0930343;
 0, 0, 0, 1]
Twc:
[0.99884903, 0.0010381679, 0.047953449, -0.6040535;
 -0.035514746, 0.68797809, 0.72486198, -0.71836257;
 -0.032238394, -0.72573072, 0.68722308, -0.79065186;
 0, 0, 0, 1]
Ow:
[0.55235648;
 -0.078955531;
 1.0930343]
Keyframe: 37 Frame: 475 Frame from vFrameID : 476
Tcw:
[0.99623787, -0.065602422, -0.056625262, 0.55549479;
 0.0057841893, 0.70229155, -0.71186596, -0.080248952;
 0.086467572, 0.70886028, 0.7000289, 1.1055191;
 0, 0, 0, 1]
Twc:
[0.99623787, 0.0057841893, 0.086467572, -0.64853233;
 -0.065602422, 0.70229155, 0.70886028, -0.69085854;
 -0.056625262, -0.71186596, 0.7000289, -0.79956669;
 0, 0, 0, 1]
Ow:
[0.55549479;
 -0.080248952;
 1.1055191]
Keyframe: 38 Frame: 483 Frame from vFrameID : 484
Tcw:
[0.99644554, -0.080516547, -0.024766831, 0.56709957;
 0.039873071, 0.70978636, -0.7032876, -0.095720887;
 0.074205451, 0.69980025, 0.7104739, 1.1285319;
 0, 0, 0, 1]
Twc:
[0.99644554, 0.039873071, 0.074205451, -0.64501041;
 -0.080516547, 0.70978636, 0.69980025, -0.67614466;
 -0.024766831, -0.7032876, 0.7104739, -0.85506654;
 0, 0, 0, 1]
Ow:
[0.56709957;
 -0.095720887;
 1.1285319]
Keyframe: 39 Frame: 491 Frame from vFrameID : 492
Tcw:
[0.99843901, -0.042209782, 0.03657642, 0.57149279;
 0.055755205, 0.71460831, -0.6972993, -0.10615623;
 0.0032950416, 0.69825017, 0.71584624, 1.1456047;
 0, 0, 0, 1]
Twc:
[0.99843901, 0.055755205, 0.0032950416, -0.56845677;
 -0.042209782, 0.71460831, 0.69825017, -0.69993597;
 0.03657642, -0.6972993, 0.71584624, -0.91500264;
 0, 0, 0, 1]
Ow:
[0.57149279;
 -0.10615623;
 1.1456047]
Keyframe: 40 Frame: 499 Frame from vFrameID : 500
Tcw:
[0.9978807, -0.060884289, -0.02296201, 0.5390451;
 0.027425231, 0.7135272, -0.70009059, -0.037382305;
 0.059008535, 0.69797713, 0.71368474, 1.1381706;
 0, 0, 0, 1]
Twc:
[0.9978807, 0.027425231, 0.059008535, -0.60403919;
 -0.060884289, 0.7135272, 0.69797713, -0.73492438;
 -0.02296201, -0.70009059, 0.71368474, -0.82608849;
 0, 0, 0, 1]
Ow:
[0.5390451;
 -0.037382305;
 1.1381706]
Keyframe: 41 Frame: 507 Frame from vFrameID : 508
Tcw:
[0.99622351, -0.083703674, -0.023073435, 0.54383785;
 0.045208797, 0.72694641, -0.68520439, -0.070774257;
 0.074127279, 0.68157363, 0.72798526, 1.1555848;
 0, 0, 0, 1]
Twc:
[0.99622351, 0.045208797, 0.074127279, -0.62424481;
 -0.083703674, 0.72694641, 0.68157363, -0.69064581;
 -0.023073435, -0.68520439, 0.72798526, -0.87719542;
 0, 0, 0, 1]
Ow:
[0.54383785;
 -0.070774257;
 1.1555848]
Keyframe: 42 Frame: 515 Frame from vFrameID : 516
Tcw:
[0.99788362, -0.06495402, -0.0030512838, 0.55960864;
 0.044997752, 0.72364938, -0.68869931, -0.054435909;
 0.046941847, 0.68710446, 0.72504061, 1.1753297;
 0, 0, 0, 1]
Twc:
[0.99788362, 0.044997752, 0.046941847, -0.61114693;
 -0.06495402, 0.72364938, 0.68710446, -0.73183292;
 -0.0030512838, -0.68869931, 0.72504061, -0.88794422;
 0, 0, 0, 1]
Ow:
[0.55960864;
 -0.054435909;
 1.1753297]
Keyframe: 43 Frame: 524 Frame from vFrameID : 525
Tcw:
[0.99886519, -0.036216192, 0.030931272, 0.58060092;
 0.04753577, 0.71785057, -0.69457245, -0.054014742;
 0.0029507389, 0.69525456, 0.71875751, 1.207907;
 0, 0, 0, 1]
Twc:
[0.99886519, 0.04753577, 0.0029507389, -0.58093858;
 -0.036216192, 0.71785057, 0.69525456, -0.78000128;
 0.030931272, -0.69457245, 0.71875751, -0.92366815;
 0, 0, 0, 1]
Ow:
[0.58060092;
 -0.054014742;
 1.207907]
Keyframe: 44 Frame: 533 Frame from vFrameID : 534
Tcw:
[0.99889064, -0.047018964, -0.0025992342, 0.58055753;
 0.031601135, 0.71022469, -0.70326543, -0.058642864;
 0.034912851, 0.70240313, 0.7109226, 1.2362254;
 0, 0, 0, 1]
Twc:
[0.99889064, 0.031601135, 0.034912851, -0.62122041;
 -0.047018964, 0.71022469, 0.70240313, -0.79938167;
 -0.0025992342, -0.70326543, 0.7109226, -0.91859305;
 0, 0, 0, 1]
Ow:
[0.58055753;
 -0.058642864;
 1.2362254]
Keyframe: 45 Frame: 542 Frame from vFrameID : 543
Tcw:
[0.99945557, -0.022952318, -0.023700325, 0.59056014;
 0.0001855672, 0.72225124, -0.69163072, -0.0515306;
 0.032992117, 0.69124985, 0.72186232, 1.2642552;
 0, 0, 0, 1]
Twc:
[0.99945557, 0.0001855672, 0.032992117, -0.63193953;
 -0.022952318, 0.72225124, 0.69124985, -0.82314342;
 -0.023700325, -0.69163072, 0.72186232, -0.9342618;
 0, 0, 0, 1]
Ow:
[0.59056014;
 -0.0515306;
 1.2642552]
Keyframe: 46 Frame: 551 Frame from vFrameID : 552
Tcw:
[0.99987519, -0.0053603682, 0.014860596, 0.5870837;
 0.014486996, 0.68628561, -0.72718781, -0.027232647;
 -0.0063006184, 0.72731239, 0.68627763, 1.3090727;
 0, 0, 0, 1]
Twc:
[0.99987519, 0.014486996, -0.0063006184, -0.57836795;
 -0.0053603682, 0.68628561, 0.72731239, -0.93026847;
 0.014860596, -0.72718781, 0.68627763, -0.92691505;
 0, 0, 0, 1]
Ow:
[0.5870837;
 -0.027232647;
 1.3090727]
Keyframe: 47 Frame: 560 Frame from vFrameID : 561
Tcw:
[0.9998253, -0.018103249, -0.0046520843, 0.60058844;
 0.0092983041, 0.69763231, -0.71639562, -0.026305676;
 0.016214533, 0.71622717, 0.6976788, 1.3290544;
 0, 0, 0, 1]
Twc:
[0.9998253, 0.0092983041, 0.016214533, -0.62178892;
 -0.018103249, 0.69763231, 0.71622717, -0.92268068;
 -0.0046520843, -0.71639562, 0.6976788, -0.94330436;
 0, 0, 0, 1]
Ow:
[0.60058844;
 -0.026305676;
 1.3290544]
Keyframe: 48 Frame: 569 Frame from vFrameID : 570
Tcw:
[0.99909472, -0.027466087, -0.032485388, 0.59619546;
 -0.0053975186, 0.67561901, -0.73723119, -0.017341137;
 0.042196602, 0.73673916, 0.67485911, 1.3551486;
 0, 0, 0, 1]
Twc:
[0.99909472, -0.0053975186, 0.042196602, -0.65293199;
 -0.027466087, 0.67561901, 0.73673916, -0.97029984;
 -0.032485388, -0.73723119, 0.67485911, -0.9079513;
 0, 0, 0, 1]
Ow:
[0.59619546;
 -0.017341137;
 1.3551486]
Keyframe: 49 Frame: 577 Frame from vFrameID : 578
Tcw:
[0.99965864, -0.0013461995, -0.026090968, 0.6091556;
 -0.018380892, 0.67345482, -0.73899984, -0.027597904;
 0.01856593, 0.73922718, 0.67320019, 1.3753469;
 0, 0, 0, 1]
Twc:
[0.99965864, -0.018380892, 0.01856593, -0.63498956;
 -0.0013461995, 0.67345482, 0.73922718, -0.99728781;
 -0.026090968, -0.73899984, 0.67320019, -0.93038523;
 0, 0, 0, 1]
Ow:
[0.6091556;
 -0.027597904;
 1.3753469]
Keyframe: 50 Frame: 585 Frame from vFrameID : 586
Tcw:
[0.99968606, -0.00056905084, 0.025048198, 0.59834415;
 0.018393064, 0.69551563, -0.71827549, -0.04188472;
 -0.017012678, 0.71851069, 0.69530779, 1.3824706;
 0, 0, 0, 1]
Twc:
[0.99968606, 0.018393064, -0.017012678, -0.57386643;
 -0.00056905084, 0.69551563, 0.71851069, -0.96384805;
 0.025048198, -0.71827549, 0.69530779, -1.0063149;
 0, 0, 0, 1]
Ow:
[0.59834415;
 -0.04188472;
 1.3824706]
Keyframe: 51 Frame: 593 Frame from vFrameID : 594
Tcw:
[0.9991588, -0.0060843839, -0.040554613, 0.60083461;
 -0.025377512, 0.6850878, -0.72801834, 0.016266406;
 0.032213014, 0.7284351, 0.68435711, 1.4055355;
 0, 0, 0, 1]
Twc:
[0.9991588, -0.025377512, 0.032213014, -0.64519292;
 -0.0060843839, 0.6850878, 0.7284351, -1.0313295;
 -0.040554613, -0.72801834, 0.68435711, -0.92567921;
 0, 0, 0, 1]
Ow:
[0.60083461;
 0.016266406;
 1.4055355]
Keyframe: 52 Frame: 602 Frame from vFrameID : 603
Tcw:
[0.99897432, 0.0040088366, -0.045101847, 0.60804957;
 -0.035552714, 0.68627959, -0.72646838, 0.021639705;
 0.028040184, 0.72732675, 0.68571824, 1.4274547;
 0, 0, 0, 1]
Twc:
[0.99897432, -0.035552714, 0.028040184, -0.64668268;
 0.0040088366, 0.68627959, 0.72732675, -1.0555145;
 -0.045101847, -0.72646838, 0.68571824, -0.93568701;
 0, 0, 0, 1]
Ow:
[0.60804957;
 0.021639705;
 1.4274547]
Keyframe: 53 Frame: 610 Frame from vFrameID : 611
Tcw:
[0.99994451, 0.0005875387, -0.010516353, 0.60496962;
 -0.0080597624, 0.68546158, -0.72806418, 0.0053334832;
 0.0067807897, 0.72810858, 0.68542826, 1.4451779;
 0, 0, 0, 1]
Twc:
[0.99994451, -0.0080597624, 0.0067807897, -0.61469251;
 0.0005875387, 0.68546158, 0.72810858, -1.0562577;
 -0.010516353, -0.72806418, 0.68542826, -0.98032069;
 0, 0, 0, 1]
Ow:
[0.60496962;
 0.0053334832;
 1.4451779]
Keyframe: 54 Frame: 618 Frame from vFrameID : 619
Tcw:
[0.99997306, 0.0065531628, -0.0032986144, 0.58569062;
 -0.0068770396, 0.68063766, -0.73258793, 0.014726818;
 -0.0025556067, 0.73259091, 0.68066442, 1.4559073;
 0, 0, 0, 1]
Twc:
[0.99997306, -0.0068770396, -0.0025556067, -0.58185291;
 0.0065531628, 0.68063766, 0.73259091, -1.0804462;
 -0.0032986144, -0.73258793, 0.68066442, -0.97826362;
 0, 0, 0, 1]
Ow:
[0.58569062;
 0.014726818;
 1.4559073]
Keyframe: 55 Frame: 626 Frame from vFrameID : 627
Tcw:
[0.99969363, -0.011816686, -0.021750022, 0.57962191;
 -0.0078521268, 0.68191612, -0.73138821, 0.020208061;
 0.023474274, 0.73133492, 0.6816144, 1.4757506;
 0, 0, 0, 1]
Twc:
[0.99969363, -0.0078521268, 0.023474274, -0.61392784;
 -0.011816686, 0.68191612, 0.73133492, -1.0861989;
 -0.021750022, -0.73138821, 0.6816144, -0.97850615;
 0, 0, 0, 1]
Ow:
[0.57962191;
 0.020208061;
 1.4757506]
Keyframe: 56 Frame: 634 Frame from vFrameID : 635
Tcw:
[0.99957579, 0.0028396482, 0.028986407, 0.5649097;
 0.019300068, 0.68077219, -0.73224092, 0.023925066;
 -0.021812446, 0.73248971, 0.68042856, 1.4977419;
 0, 0, 0, 1]
Twc:
[0.99957579, 0.019300068, -0.021812446, -0.53246242;
 0.0028396482, 0.68077219, 0.73248971, -1.1149722;
 0.028986407, -0.73224092, 0.68042856, -1.0179622;
 0, 0, 0, 1]
Ow:
[0.5649097;
 0.023925066;
 1.4977419]
Keyframe: 57 Frame: 642 Frame from vFrameID : 643
Tcw:
[0.99913704, 0.026846932, 0.031692695, 0.58834136;
 0.0068732845, 0.64564157, -0.76360971, 0.083440423;
 -0.0409627, 0.76316857, 0.64489985, 1.4806798;
 0, 0, 0, 1]
Twc:
[0.99913704, 0.0068732845, -0.0409627, -0.52775455;
 0.026846932, 0.64564157, 0.76316857, -1.199676;
 0.031692695, -0.76360971, 0.64489985, -0.90982038;
 0, 0, 0, 1]
Ow:
[0.58834136;
 0.083440423;
 1.4806798]
Keyframe: 58 Frame: 650 Frame from vFrameID : 651
Tcw:
[0.99996251, -0.0026183627, 0.0082510784, 0.57554847;
 0.0080521023, 0.63126528, -0.77552515, 0.078344285;
 -0.0031780135, 0.77556252, 0.63126272, 1.4951713;
 0, 0, 0, 1]
Twc:
[0.99996251, 0.0080521023, -0.0031780135, -0.57140607;
 -0.0026183627, 0.63126528, 0.77556252, -1.2075479;
 0.0082510784, -0.77552515, 0.63126272, -0.88783681;
 0, 0, 0, 1]
Ow:
[0.57554847;
 0.078344285;
 1.4951713]
Keyframe: 59 Frame: 659 Frame from vFrameID : 660
Tcw:
[0.99967533, 0.0071881278, 0.024444353, 0.54268116;
 0.012726909, 0.69025344, -0.72345573, 0.058991253;
 -0.022073092, 0.72353196, 0.68993789, 1.4924576;
 0, 0, 0, 1]
Twc:
[0.99967533, 0.012726909, -0.022073092, -0.51031262;
 0.0071881278, 0.69025344, 0.72353196, -1.1244606;
 0.024444353, -0.72345573, 0.68993789, -1.000291;
 0, 0, 0, 1]
Ow:
[0.54268116;
 0.058991253;
 1.4924576]
Keyframe: 60 Frame: 667 Frame from vFrameID : 668
Tcw:
[0.99913621, 0.018862005, 0.037028283, 0.5348714;
 0.014678394, 0.67342699, -0.73910797, 0.067632377;
 -0.038876902, 0.73901308, 0.67256844, 1.4811025;
 0, 0, 0, 1]
Twc:
[0.99913621, 0.014678394, -0.038876902, -0.47782138;
 0.018862005, 0.67342699, 0.73901308, -1.1501882;
 0.037028283, -0.73910797, 0.67256844, -0.96596044;
 0, 0, 0, 1]
Ow:
[0.5348714;
 0.067632377;
 1.4811025]
Keyframe: 61 Frame: 675 Frame from vFrameID : 676
Tcw:
[0.9950611, 0.040038571, 0.090831161, 0.52878803;
 0.039879423, 0.67670411, -0.73517424, 0.056383193;
 -0.090901144, 0.7351656, 0.67176521, 1.5072401;
 0, 0, 0, 1]
Twc:
[0.9950611, 0.039879423, -0.090901144, -0.39141509;
 0.040038571, 0.67670411, 0.7351656, -1.1673977;
 0.090831161, -0.73517424, 0.67176521, -1.0190904;
 0, 0, 0, 1]
Ow:
[0.52878803;
 0.056383193;
 1.5072401]
Keyframe: 62 Frame: 683 Frame from vFrameID : 684
Tcw:
[0.99920762, 0.026572401, 0.029632306, 0.53139991;
 0.0044621928, 0.66501874, -0.74681336, 0.07826072;
 -0.039550662, 0.74635381, 0.66437322, 1.4989846;
 0, 0, 0, 1]
Twc:
[0.99920762, 0.0044621928, -0.039550662, -0.4720422;
 0.026572401, 0.66501874, 0.74635381, -1.1849382;
 0.029632306, -0.74681336, 0.66437322, -0.95318568;
 0, 0, 0, 1]
Ow:
[0.53139991;
 0.07826072;
 1.4989846]
Keyframe: 63 Frame: 691 Frame from vFrameID : 692
Tcw:
[0.99875057, 0.042810608, 0.025778176, 0.53649008;
 -0.010004628, 0.67669773, -0.736193, 0.077431381;
 -0.048960902, 0.73501527, 0.67628056, 1.5044391;
 0, 0, 0, 1]
Twc:
[0.99875057, -0.010004628, -0.048960902, -0.46138638;
 0.042810608, 0.67669773, 0.73501527, -1.1811509;
 0.025778176, -0.736193, 0.67628056, -0.97424823;
 0, 0, 0, 1]
Ow:
[0.53649008;
 0.077431381;
 1.5044391]
Keyframe: 64 Frame: 699 Frame from vFrameID : 700
Tcw:
[0.99679333, 0.023303138, 0.076550983, 0.53363276;
 0.04227281, 0.65891433, -0.75102925, 0.076726437;
 -0.067941874, 0.75185692, 0.65581632, 1.5145924;
 0, 0, 0, 1]
Twc:
[0.99679333, 0.04227281, -0.067941874, -0.43226072;
 0.023303138, 0.65891433, 0.75185692, -1.2017484;
 0.076550983, -0.75102925, 0.65581632, -0.97652072;
 0, 0, 0, 1]
Ow:
[0.53363276;
 0.076726437;
 1.5145924]
Keyframe: 65 Frame: 707 Frame from vFrameID : 708
Tcw:
[0.99705362, 0.027405929, 0.071644835, 0.537512;
 0.035291314, 0.66538793, -0.74566311, 0.079776883;
 -0.068107195, 0.74599451, 0.66246027, 1.5220513;
 0, 0, 0, 1]
Twc:
[0.99705362, 0.035291314, -0.068107195, -0.43508109;
 0.027405929, 0.66538793, 0.74599451, -1.2032555;
 0.071644835, -0.74566311, 0.66246027, -0.98732173;
 0, 0, 0, 1]
Ow:
[0.537512;
 0.079776883;
 1.5220513]
Keyframe: 66 Frame: 716 Frame from vFrameID : 717
Tcw:
[0.99959195, 0.01818195, 0.022030966, 0.54392189;
 0.0047994154, 0.65339589, -0.75700116, 0.0758093;
 -0.0281587, 0.75679803, 0.65304202, 1.5322077;
 0, 0, 0, 1]
Twc:
[0.99959195, 0.0047994154, -0.0281587, -0.50091881;
 0.01818195, 0.65339589, 0.75679803, -1.2189947;
 0.022030966, -0.75700116, 0.65304202, -0.95519131;
 0, 0, 0, 1]
Ow:
[0.54392189;
 0.0758093;
 1.5322077]
Keyframe: 67 Frame: 724 Frame from vFrameID : 725
Tcw:
[0.99956596, 0.013895872, 0.025975987, 0.54389858;
 0.010303039, 0.66117507, -0.75016093, 0.076364815;
 -0.027598815, 0.75010294, 0.66074491, 1.5410531;
 0, 0, 0, 1]
Twc:
[0.99956596, 0.010303039, -0.027598815, -0.50191808;
 0.013895872, 0.66117507, 0.75010294, -1.2139969;
 0.025975987, -0.75016093, 0.66074491, -0.97508538;
 0, 0, 0, 1]
Ow:
[0.54389858;
 0.076364815;
 1.5410531]
Keyframe: 68 Frame: 731 Frame from vFrameID : 732
Tcw:
[0.99766833, 0.029480234, 0.061553061, 0.54600042;
 0.027153498, 0.65598255, -0.75428748, 0.074053764;
 -0.062614307, 0.7542001, 0.65365255, 1.547699;
 0, 0, 0, 1]
Twc:
[0.99766833, 0.027153498, -0.062614307, -0.44983006;
 0.029480234, 0.65598255, 0.7542001, -1.231949;
 0.061553061, -0.75428748, 0.65365255, -0.9894076;
 0, 0, 0, 1]
Ow:
[0.54600042;
 0.074053764;
 1.547699]
Keyframe: 69 Frame: 738 Frame from vFrameID : 739
Tcw:
[0.99859357, 0.022670357, 0.047926068, 0.54873043;
 0.020707306, 0.66539055, -0.74620819, 0.070406437;
 -0.048806358, 0.74615115, 0.66398525, 1.5580165;
 0, 0, 0, 1]
Twc:
[0.99859357, 0.020707306, -0.048806358, -0.47337553;
 0.022670357, 0.66539055, 0.74615115, -1.2218034;
 0.047926068, -0.74620819, 0.66398525, -1.0082607;
 0, 0, 0, 1]
Ow:
[0.54873043;
 0.070406437;
 1.5580165]
Keyframe: 70 Frame: 746 Frame from vFrameID : 747
Tcw:
[0.99957812, 0.013630555, 0.025647148, 0.55224031;
 0.010904222, 0.64232349, -0.76635605, 0.069522083;
 -0.026919624, 0.76631242, 0.64190388, 1.5680395;
 0, 0, 0, 1]
Twc:
[0.99957812, 0.010904222, -0.026919624, -0.51055443;
 0.013630555, 0.64232349, 0.76631242, -1.2537912;
 0.025647148, -0.76635605, 0.64190388, -0.96741545;
 0, 0, 0, 1]
Ow:
[0.55224031;
 0.069522083;
 1.5680395]
Keyframe: 71 Frame: 754 Frame from vFrameID : 755
Tcw:
[0.99936455, 0.03008152, 0.019120917, 0.55231482;
 -0.0053180619, 0.65626907, -0.7545082, 0.069520772;
 -0.035245221, 0.75392705, 0.656012, 1.5770668;
 0, 0, 0, 1]
Twc:
[0.99936455, -0.0053180619, -0.035245221, -0.49601004;
 0.03008152, 0.65626907, 0.75392705, -1.2512321;
 0.019120917, -0.7545082, 0.656012, -0.99268156;
 0, 0, 0, 1]
Ow:
[0.55231482;
 0.069520772;
 1.5770668]
Keyframe: 72 Frame: 762 Frame from vFrameID : 763
Tcw:
[0.99830157, 0.026630361, 0.051815204, 0.5570966;
 0.020984584, 0.66533554, -0.7462495, 0.066407919;
 -0.054347388, 0.74606937, 0.66364664, 1.5864931;
 0, 0, 0, 1]
Twc:
[0.99830157, 0.020984584, -0.054347388, -0.47132221;
 0.026630361, 0.66533554, 0.74606937, -1.2426531;
 0.051815204, -0.7462495, 0.66364664, -1.0321801;
 0, 0, 0, 1]
Ow:
[0.5570966;
 0.066407919;
 1.5864931]
Keyframe: 73 Frame: 770 Frame from vFrameID : 771
Tcw:
[0.99592948, 0.049424324, 0.07537742, 0.56021172;
 0.022391347, 0.67438793, -0.73803759, 0.068632185;
 -0.087310635, 0.73672122, 0.67053616, 1.5948884;
 0, 0, 0, 1]
Twc:
[0.99592948, 0.022391347, -0.087310635, -0.42021739;
 0.049424324, 0.67438793, 0.73672122, -1.2489609;
 0.07537742, -0.73803759, 0.67053616, -1.0610045;
 0, 0, 0, 1]
Ow:
[0.56021172;
 0.068632185;
 1.5948884]
Keyframe: 74 Frame: 778 Frame from vFrameID : 779
Tcw:
[0.99970865, 0.0089830644, -0.022403168, 0.56628269;
 -0.022704048, 0.6650207, -0.74647975, 0.069584846;
 0.008192895, 0.74677086, 0.6650309, 1.601831;
 0, 0, 0, 1]
Twc:
[0.99970865, -0.022704048, 0.008192895, -0.57766151;
 0.0089830644, 0.6650207, 0.74677086, -1.2475631;
 -0.022403168, -0.74647975, 0.6650309, -1.0006369;
 0, 0, 0, 1]
Ow:
[0.56628269;
 0.069584846;
 1.601831]
Keyframe: 75 Frame: 787 Frame from vFrameID : 788
Tcw:
[0.99987292, 0.012373363, -0.010051747, 0.57319373;
 -0.015759651, 0.67218506, -0.74021548, 0.067328095;
 -0.002402321, 0.74027979, 0.67229462, 1.6129436;
 0, 0, 0, 1]
Twc:
[0.99987292, -0.015759651, -0.002402321, -0.56818503;
 0.012373363, 0.67218506, 0.74027979, -1.2463788;
 -0.010051747, -0.74021548, 0.67229462, -1.0287744;
 0, 0, 0, 1]
Ow:
[0.57319373;
 0.067328095;
 1.6129436]
Keyframe: 76 Frame: 795 Frame from vFrameID : 796
Tcw:
[0.99928248, 0.004075957, 0.037655354, 0.57718116;
 0.02451073, 0.68834913, -0.72496527, 0.06611675;
 -0.028874958, 0.72536808, 0.68775535, 1.6199628;
 0, 0, 0, 1]
Twc:
[0.99928248, 0.02451073, -0.028874958, -0.53161126;
 0.004075957, 0.68834913, 0.72536808, -1.2229333;
 0.037655354, -0.72496527, 0.68775535, -1.0879396;
 0, 0, 0, 1]
Ow:
[0.57718116;
 0.06611675;
 1.6199628]
Keyframe: 77 Frame: 803 Frame from vFrameID : 804
Tcw:
[0.99992794, -0.011460315, 0.0035831158, 0.58296287;
 0.010418785, 0.6797666, -0.73335445, 0.067885637;
 0.0059687905, 0.73333895, 0.67983705, 1.6301463;
 0, 0, 0, 1]
Twc:
[0.99992794, 0.010418785, 0.0059687905, -0.5933581;
 -0.011460315, 0.6797666, 0.73333895, -1.2349151;
 0.0035831158, -0.73335445, 0.67983705, -1.0605383;
 0, 0, 0, 1]
Ow:
[0.58296287;
 0.067885637;
 1.6301463]
Keyframe: 78 Frame: 811 Frame from vFrameID : 812
Tcw:
[0.99947667, -0.015530427, -0.028375831, 0.58757913;
 -0.00967055, 0.69363707, -0.72025979, 0.066406965;
 0.030868469, 0.72015727, 0.69312388, 1.6382532;
 0, 0, 0, 1]
Twc:
[0.99947667, -0.00967055, 0.030868469, -0.63719988;
 -0.015530427, 0.69363707, 0.72015727, -1.2167368;
 -0.028375831, -0.72025979, 0.69312388, -1.071009;
 0, 0, 0, 1]
Ow:
[0.58757913;
 0.066406965;
 1.6382532]
Keyframe: 79 Frame: 819 Frame from vFrameID : 820
Tcw:
[0.9999032, -0.013784435, 0.0018854289, 0.59012729;
 0.010735217, 0.6782136, -0.73478639, 0.067366838;
 0.0088498918, 0.73473555, 0.67829591, 1.6467434;
 0, 0, 0, 1]
Twc:
[0.9999032, 0.010735217, 0.0088498918, -0.60536689;
 -0.013784435, 0.6782136, 0.73473555, -1.2474754;
 0.0018854289, -0.73478639, 0.67829591, -1.0685918;
 0, 0, 0, 1]
Ow:
[0.59012729;
 0.067366838;
 1.6467434]
Keyframe: 80 Frame: 827 Frame from vFrameID : 828
Tcw:
[0.99761611, 0.0035243642, 0.068918183, 0.59072417;
 0.048025813, 0.68170154, -0.73005241, 0.068911135;
 -0.049554601, 0.73162192, 0.67990714, 1.6564324;
 0, 0, 0, 1]
Twc:
[0.99761611, 0.048025813, -0.049554601, -0.51054162;
 0.0035243642, 0.68170154, 0.73162192, -1.2609409;
 0.068918183, -0.73005241, 0.67990714, -1.1166232;
 0, 0, 0, 1]
Ow:
[0.59072417;
 0.068911135;
 1.6564324]
Keyframe: 81 Frame: 835 Frame from vFrameID : 836
Tcw:
[0.99949288, -0.020857168, 0.024061939, 0.5984022;
 0.031843338, 0.6549949, -0.75496203, 0.070594907;
 -1.4078311e-05, 0.75534534, 0.6553269, 1.6643541;
 0, 0, 0, 1]
Twc:
[0.99949288, 0.031843338, -1.4078311e-05, -0.60032332;
 -0.020857168, 0.6549949, 0.75534534, -1.2909205;
 0.024061939, -0.75496203, 0.6553269, -1.0517982;
 0, 0, 0, 1]
Ow:
[0.5984022;
 0.070594907;
 1.6643541]
Keyframe: 82 Frame: 843 Frame from vFrameID : 844
Tcw:
[0.99977517, -0.021141347, 0.001636366, 0.60006326;
 0.015271923, 0.66437215, -0.74724591, 0.069357991;
 0.014710629, 0.74710292, 0.6645456, 1.6695802;
 0, 0, 0, 1]
Twc:
[0.99977517, 0.015271923, 0.014710629, -0.62554818;
 -0.021141347, 0.66437215, 0.74710292, -1.2807416;
 0.001636366, -0.74724591, 0.6645456, -1.0586667;
 0, 0, 0, 1]
Ow:
[0.60006326;
 0.069357991;
 1.6695802]
Keyframe: 83 Frame: 851 Frame from vFrameID : 852
Tcw:
[0.99995673, -0.0069300807, 0.0062086647, 0.60077888;
 0.0092614703, 0.67724198, -0.73570204, 0.070333123;
 0.00089370582, 0.73572767, 0.67727685, 1.6768422;
 0, 0, 0, 1]
Twc:
[0.99995673, 0.0092614703, 0.00089370582, -0.60290289;
 -0.0069300807, 0.67724198, 0.73572767, -1.2771684;
 0.0062086647, -0.73570204, 0.67727685, -1.0876722;
 0, 0, 0, 1]
Ow:
[0.60077888;
 0.070333123;
 1.6768422]
Keyframe: 84 Frame: 859 Frame from vFrameID : 860
Tcw:
[0.99925214, 0.0051127546, 0.038327444, 0.60304314;
 0.02525311, 0.66433781, -0.74700576, 0.068368852;
 -0.029281627, 0.74741501, 0.66371185, 1.683098;
 0, 0, 0, 1]
Twc:
[0.99925214, 0.02525311, -0.029281627, -0.55503482;
 0.0051127546, 0.66433781, 0.74741501, -1.3064759;
 0.038327444, -0.74700576, 0.66371185, -1.0891333;
 0, 0, 0, 1]
Ow:
[0.60304314;
 0.068368852;
 1.683098]
Keyframe: 85 Frame: 867 Frame from vFrameID : 868
Tcw:
[0.99941105, 0.0027063009, 0.034208748, 0.60466558;
 0.023487475, 0.67283744, -0.73941743, 0.072171867;
 -0.025018012, 0.73978537, 0.67237765, 1.6911174;
 0, 0, 0, 1]
Twc:
[0.99941105, 0.023487475, -0.025018012, -0.56369621;
 0.0027063009, 0.67283744, 0.73978537, -1.3012604;
 0.034208748, -0.73941743, 0.67237765, -1.1043892;
 0, 0, 0, 1]
Ow:
[0.60466558;
 0.072171867;
 1.6911174]
Keyframe: 86 Frame: 875 Frame from vFrameID : 876
Tcw:
[0.99809235, -0.046420932, -0.040703166, 0.61457306;
 0.001443412, 0.67664778, -0.73630542, 0.07100141;
 0.06172169, 0.73484206, 0.67542398, 1.6968205;
 0, 0, 0, 1]
Twc:
[0.99809235, 0.001443412, 0.06172169, -0.71823376;
 -0.046420932, 0.67664778, 0.73484206, -1.2664089;
 -0.040703166, -0.73630542, 0.67542398, -1.0687795;
 0, 0, 0, 1]
Ow:
[0.61457306;
 0.07100141;
 1.6968205]
Keyframe: 87 Frame: 883 Frame from vFrameID : 884
Tcw:
[0.99977309, -0.020541621, 0.0056415023, 0.61047;
 0.018114656, 0.68046314, -0.73255837, 0.067440927;
 0.011209102, 0.73249435, 0.68068081, 1.703781;
 0, 0, 0, 1]
Twc:
[0.99977309, 0.018114656, 0.011209102, -0.630651;
 -0.020541621, 0.68046314, 0.73249435, -1.281361;
 0.0056415023, -0.73255837, 0.68068081, -1.1137706;
 0, 0, 0, 1]
Ow:
[0.61047;
 0.067440927;
 1.703781]
Keyframe: 88 Frame: 891 Frame from vFrameID : 892
Tcw:
[0.9977833, 0.0038725892, 0.066434339, 0.607939;
 0.045374408, 0.69067234, -0.72174293, 0.071706891;
 -0.048679374, 0.72315747, 0.68896562, 1.7051169;
 0, 0, 0, 1]
Twc:
[0.9977833, 0.045374408, -0.048679374, -0.52684098;
 0.0038725892, 0.69067234, 0.72315747, -1.2849482;
 0.066434339, -0.72174293, 0.68896562, -1.1634009;
 0, 0, 0, 1]
Ow:
[0.607939;
 0.071706891;
 1.7051169]
Keyframe: 89 Frame: 899 Frame from vFrameID : 900
Tcw:
[0.99966449, -0.011959456, 0.02297597, 0.60949254;
 0.024699604, 0.70727396, -0.70650792, 0.073595524;
 -0.0078008547, 0.70683837, 0.70733207, 1.709083;
 0, 0, 0, 1]
Twc:
[0.99966449, 0.024699604, -0.0078008547, -0.59777349;
 -0.011959456, 0.70727396, 0.70683837, -1.2528085;
 0.02297597, -0.70650792, 0.70733207, -1.170897;
 0, 0, 0, 1]
Ow:
[0.60949254;
 0.073595524;
 1.709083]
Keyframe: 90 Frame: 907 Frame from vFrameID : 908
Tcw:
[0.99708754, -0.059195783, -0.048086897, 0.61648846;
 0.0073061204, 0.70175588, -0.71238005, 0.077761769;
 0.075915158, 0.7099539, 0.70014453, 1.7117763;
 0, 0, 0, 1]
Twc:
[0.99708754, 0.0073061204, 0.075915158, -0.74521083;
 -0.059195783, 0.70175588, 0.7099539, -1.2333585;
 -0.048086897, -0.71238005, 0.70014453, -1.1134498;
