Keyframe: 0 Frame: 0 Frame from vFrameID : 222
Tcw:
[0.99950355, -0.015783813, 0.027267527, 0.060397688;
 0.030507691, 0.70102257, -0.71248627, -0.067553475;
 -0.0078694019, 0.71296442, 0.70115608, 0.092362732;
 0, 0, 0, 1]
Twc:
[0.99950355, 0.030507691, -0.0078694019, -0.057579961;
 -0.015783813, 0.70102257, 0.71296442, -0.017541524;
 0.027267527, -0.71248627, 0.70115608, -0.11453851;
 0, 0, 0, 1]
Ow:
[0.060397688;
 -0.067553475;
 0.092362732]
Keyframe: 1 Frame: 225 Frame from vFrameID : 222
Tcw:
[0.99916923, -0.019596113, 0.035733264, -0.0071553662;
 0.039175883, 0.70346057, -0.70965374, -0.0092938412;
 -0.011230486, 0.71046406, 0.70364386, 0.0068784268;
 0, 0, 0, 1]
Twc:
[0.99916923, 0.039175883, -0.011230486, 0.0075907637;
 -0.019596113, 0.70346057, 0.71046406, 0.0015107589;
 0.035733264, -0.70965374, 0.70364386, -0.011179687;
 0, 0, 0, 1]
Ow:
[-0.0071553662;
 -0.0092938412;
 0.0068784268]
