Keyframe: 0 Frame: 0 Frame from vFrameID : 222
Tcw:
[0.98872739, 0.038291436, -0.14474785, 15.732647;
 -0.035849292, 0.99916804, 0.019443501, -3.7512567;
 0.14537196, -0.014035214, 0.98927754, 6.4649029;
 0, 0, 0, 1]
Twc:
[0.98872739, -0.035849292, 0.14537196, -16.629593;
 0.038291436, 0.99916804, -0.014035214, 3.2364469;
 -0.14474785, 0.019443501, 0.98927754, -4.0453787;
 0, 0, 0, 1]
Ow:
[15.732647;
 -3.7512567;
 6.4649029]
Keyframe: 1 Frame: 221 Frame from vFrameID : 222
Tcw:
[0.98831606, 0.038626049, -0.1474428, 0.17920692;
 -0.036960181, 0.99921834, 0.014022506, -0.033660736;
 0.14786918, -0.0084091555, 0.98897117, 0.080585256;
 0, 0, 0, 1]
Twc:
[0.98831606, -0.036960181, 0.14786918, -0.19027326;
 0.038626049, 0.99921834, -0.0084091555, 0.027390024;
 -0.1474428, 0.014022506, 0.98897117, -0.052801717;
 0, 0, 0, 1]
Ow:
[0.17920692;
 -0.033660736;
 0.080585256]
