Keyframe: 0 Frame: 0 Frame from vFrameID : 59
Tcw:
[0.99918354, -0.015543109, 0.03729225, 0.031312712;
 0.037195493, 0.71425688, -0.69889456, 0.003126014;
 -0.015773252, 0.69971102, 0.71425182, -0.074690431;
 0, 0, 0, 1]
Twc:
[0.99918354, 0.037195493, -0.015773252, -0.032581531;
 -0.015543109, 0.71425688, 0.69971102, 0.050515641;
 0.03729225, -0.69889456, 0.71425182, 0.054364812;
 0, 0, 0, 1]
Ow:
[0.031312712;
 0.003126014;
 -0.074690431]
Keyframe: 1 Frame: 62 Frame from vFrameID : 59
Tcw:
[0.99961787, -0.015214319, 0.023078116, -nan;
 0.027041383, 0.71132815, -0.70233971, -nan;
 -0.0057304916, 0.70269537, 0.71146774, -inf;
 0, 0, 0, 1]
Twc:
[0.99961787, 0.027041383, -0.0057304916, -inf;
 -0.015214319, 0.71132815, 0.70269537, inf;
 0.023078116, -0.70233971, 0.71146774, inf;
 0, 0, 0, 1]
Ow:
[-nan;
 -nan;
 -inf]
