Keyframe: 0 Frame: 0 Frame from vFrameID : 278
Tcw:
[0.98921347, -0.019433148, 0.14518645, -12.098269;
 0.024545444, 0.99913716, -0.033503838, 2.3379407;
 -0.14441009, 0.036706112, 0.98883688, 2.2884185;
 0, 0, 0, 1]
Twc:
[0.98921347, 0.024545444, -0.14441009, 12.240855;
 -0.019433148, 0.99913716, 0.036706112, -2.6550298;
 0.14518645, -0.033503838, 0.98883688, -0.42803794;
 0, 0, 0, 1]
Ow:
[-12.098269;
 2.3379407;
 2.2884185]
Keyframe: 1 Frame: 277 Frame from vFrameID : 278
Tcw:
[0.99247175, -0.019016787, 0.12098825, -0.17965633;
 0.025633981, 0.99824554, -0.053373598, 0.050074205;
 -0.11976098, 0.0560732, 0.99121797, 0.041457988;
 0, 0, 0, 1]
Twc:
[0.99247175, 0.025633981, -0.11976098, 0.18198529;
 -0.019016787, 0.99824554, 0.0560732, -0.055727519;
 0.12098825, -0.053373598, 0.99121797, -0.016684961;
 0, 0, 0, 1]
Ow:
[-0.17965633;
 0.050074205;
 0.041457988]
