Keyframe: 0 Frame: 0 Frame from vFrameID : 278
Tcw:
[0.99865305, -0.02716437, -0.044205416, 0.066198021;
 -0.012850337, 0.69595462, -0.71797079, -0.065082826;
 0.050268184, 0.71757179, 0.69466817, 0.067287594;
 0, 0, 0, 1]
Twc:
[0.99865305, -0.012850337, 0.050268184, -0.070327617;
 -0.02716437, 0.69595462, 0.71757179, -0.0011907592;
 -0.044205416, -0.71797079, 0.69466817, -0.090543807;
 0, 0, 0, 1]
Ow:
[0.066198021;
 -0.065082826;
 0.067287594]
Keyframe: 1 Frame: 281 Frame from vFrameID : 278
Tcw:
[0.99863636, -0.029851198, -0.042829357, 0.066031858;
 -0.0099750692, 0.69617367, -0.71780407, -0.066133186;
 0.051243983, 0.71725243, 0.69492662, 0.068887658;
 0, 0, 0, 1]
Twc:
[0.99863636, -0.0099750692, 0.051243983, -0.07013157;
 -0.029851198, 0.69617367, 0.71725243, -0.0013985246;
 -0.042829357, -0.71780407, 0.69492662, -0.092514433;
 0, 0, 0, 1]
Ow:
[0.066031858;
 -0.066133186;
 0.068887658]
Keyframe: 2 Frame: 283 Frame from vFrameID : 284
Tcw:
[0.99824762, -0.036642633, -0.04646543, 0.065929376;
 -0.0074144639, 0.70157796, -0.71255416, -0.067976162;
 0.058708984, 0.71164995, 0.70007682, 0.070612051;
 0, 0, 0, 1]
Twc:
[0.99824762, -0.0074144639, 0.058708984, -0.070463404;
 -0.036642633, 0.70157796, 0.71164995, -0.00014466197;
 -0.04646543, -0.71255416, 0.70007682, -0.094807118;
 0, 0, 0, 1]
Ow:
[0.065929376;
 -0.067976162;
 0.070612051]
Keyframe: 3 Frame: 285 Frame from vFrameID : 286
Tcw:
[0.99803609, -0.039168455, -0.048885558, 0.067069024;
 -0.0061970712, 0.71483624, -0.69926441, -0.070451379;
 0.062334277, 0.69819409, 0.71318966, 0.074198492;
 0, 0, 0, 1]
Twc:
[0.99803609, -0.0061970712, 0.062334277, -0.071999006;
 -0.039168455, 0.71483624, 0.69819409, 0.0011832484;
 -0.048885558, -0.69926441, 0.71318966, -0.09890303;
 0, 0, 0, 1]
Ow:
[0.067069024;
 -0.070451379;
 0.074198492]
Keyframe: 4 Frame: 286 Frame from vFrameID : 287
Tcw:
[0.99833012, -0.035980448, -0.045192383, 0.067548722;
 -0.005447071, 0.72021085, -0.69373381, -0.073152028;
 0.057508901, 0.69282156, 0.71881223, 0.077252135;
 0, 0, 0, 1]
Twc:
[0.99833012, -0.005447071, 0.057508901, -0.072277069;
 -0.035980448, 0.72021085, 0.69282156, 0.0015933769;
 -0.045192383, -0.69373381, 0.71881223, -0.10322513;
 0, 0, 0, 1]
Ow:
[0.067548722;
 -0.073152028;
 0.077252135]
Keyframe: 5 Frame: 287 Frame from vFrameID : 288
Tcw:
[0.99867213, -0.031612825, -0.040677603, 0.06781368;
 -0.0053413017, 0.721798, -0.69208318, -0.074874245;
 0.051239718, 0.69138139, 0.7206707, 0.08014866;
 0, 0, 0, 1]
Twc:
[0.99867213, -0.0053413017, 0.051239718, -0.072230354;
 -0.031612825, 0.721798, 0.69138139, 0.00077456923;
 -0.040677603, -0.69208318, 0.7206707, -0.10682149;
 0, 0, 0, 1]
Ow:
[0.06781368;
 -0.074874245;
 0.08014866]
Keyframe: 6 Frame: 288 Frame from vFrameID : 289
Tcw:
[0.99904048, -0.027246928, -0.034289341, 0.069014095;
 -0.0040520811, 0.7220583, -0.69182032, -0.075726338;
 0.043608882, 0.69129544, 0.72125506, 0.082847044;
 0, 0, 0, 1]
Twc:
[0.99904048, -0.0040520811, 0.043608882, -0.072867587;
 -0.027246928, 0.7220583, 0.69129544, -0.00071253098;
 -0.034289341, -0.69182032, 0.72125506, -0.10977642;
 0, 0, 0, 1]
Ow:
[0.069014095;
 -0.075726338;
 0.082847044]
Keyframe: 7 Frame: 291 Frame from vFrameID : 292
Tcw:
[0.99970925, -0.023307992, -0.0061751176, 0.071501017;
 0.012469193, 0.71893936, -0.69496095, -0.076805398;
 0.02063768, 0.69468188, 0.71902096, 0.093327202;
 0, 0, 0, 1]
Twc:
[0.99970925, 0.012469193, 0.02063768, -0.072448581;
 -0.023307992, 0.71893936, 0.69468188, -0.0079477495;
 -0.0061751176, -0.69496095, 0.71902096, -0.12003943;
 0, 0, 0, 1]
Ow:
[0.071501017;
 -0.076805398;
 0.093327202]
Keyframe: 8 Frame: 295 Frame from vFrameID : 296
Tcw:
[0.99994606, -0.0076678833, 0.0070098136, 0.07753741;
 0.010381629, 0.71186841, -0.70223612, -0.074632801;
 0.00039459963, 0.70227098, 0.71190959, 0.11130706;
 0, 0, 0, 1]
Twc:
[0.99994606, 0.010381629, 0.00039459963, -0.076802328;
 -0.0076678833, 0.71186841, 0.70227098, -0.024444442;
 0.0070098136, -0.70223612, 0.71190959, -0.13219394;
 0, 0, 0, 1]
Ow:
[0.07753741;
 -0.074632801;
 0.11130706]
Keyframe: 9 Frame: 299 Frame from vFrameID : 300
Tcw:
[0.99980354, -0.011148765, 0.016389366, 0.083616011;
 0.019427728, 0.71521986, -0.69862944, -0.073838942;
 -0.0039331443, 0.69881058, 0.71529591, 0.12529571;
 0, 0, 0, 1]
Twc:
[0.99980354, 0.019427728, -0.0039331443, -0.081672259;
 -0.011148765, 0.71521986, 0.69881058, -0.033814676;
 0.016389366, -0.69862944, 0.71529591, -0.14257999;
 0, 0, 0, 1]
Ow:
[0.083616011;
 -0.073838942;
 0.12529571]
Keyframe: 10 Frame: 304 Frame from vFrameID : 305
Tcw:
[0.99949437, -0.023511691, 0.021404488, 0.090926662;
 0.031769212, 0.71113032, -0.70234209, -0.07290154;
 0.001291871, 0.702667, 0.71151769, 0.14293166;
 0, 0, 0, 1]
Twc:
[0.99949437, 0.031769212, 0.001291871, -0.088749319;
 -0.023511691, 0.71113032, 0.702667, -0.046453018;
 0.021404488, -0.70234209, 0.71151769, -0.15484646;
 0, 0, 0, 1]
Ow:
[0.090926662;
 -0.07290154;
 0.14293166]
Keyframe: 11 Frame: 309 Frame from vFrameID : 310
Tcw:
[0.99945831, -0.029258467, -0.015067867, 0.097246565;
 0.010150403, 0.70957488, -0.70455688, -0.073235109;
 0.031306036, 0.70402229, 0.7094875, 0.16264002;
 0, 0, 0, 1]
Twc:
[0.99945831, 0.010150403, 0.031306036, -0.10154214;
 -0.029258467, 0.70957488, 0.70402229, -0.059691124;
 -0.015067867, -0.70455688, 0.7094875, -0.16552407;
 0, 0, 0, 1]
Ow:
[0.097246565;
 -0.073235109;
 0.16264002]
Keyframe: 12 Frame: 314 Frame from vFrameID : 315
Tcw:
[0.9988755, -0.03044449, -0.036344104, 0.10381664;
 -0.0040010298, 0.70971745, -0.7044751, -0.068774477;
 0.047241431, 0.70382828, 0.70879757, 0.18018518;
 0, 0, 0, 1]
Twc:
[0.9988755, -0.0040010298, 0.047241431, -0.11248727;
 -0.03044449, 0.70971745, 0.70382828, -0.074848346;
 -0.036344104, -0.7044751, 0.70879757, -0.17239159;
 0, 0, 0, 1]
Ow:
[0.10381664;
 -0.068774477;
 0.18018518]
Keyframe: 13 Frame: 320 Frame from vFrameID : 321
Tcw:
[0.99897575, -0.024137292, -0.038272418, 0.11406259;
 -0.0091325501, 0.72087198, -0.69300807, -0.072563484;
 0.044316851, 0.69264781, 0.71991318, 0.20060816;
 0, 0, 0, 1]
Twc:
[0.99897575, -0.0091325501, 0.044316851, -0.12349878;
 -0.024137292, 0.72087198, 0.69264781, -0.083888665;
 -0.038272418, -0.69300807, 0.71991318, -0.1903421;
 0, 0, 0, 1]
Ow:
[0.11406259;
 -0.072563484;
 0.20060816]
Keyframe: 14 Frame: 325 Frame from vFrameID : 326
Tcw:
[0.99969429, -0.017137107, -0.017821863, 0.12319268;
 -0.00058631209, 0.70418459, -0.71001667, -0.072976127;
 0.024717513, 0.70981008, 0.70395929, 0.22344005;
 0, 0, 0, 1]
Twc:
[0.99969429, -0.00058631209, 0.024717513, -0.1287207;
 -0.017137107, 0.70418459, 0.70981008, -0.10510016;
 -0.017821863, -0.71001667, 0.70395929, -0.20691146;
 0, 0, 0, 1]
Ow:
[0.12319268;
 -0.072976127;
 0.22344005]
Keyframe: 15 Frame: 331 Frame from vFrameID : 332
Tcw:
[0.99951768, -0.02747855, 0.014468758, 0.13541573;
 0.029867595, 0.7229861, -0.6902166, -0.073437534;
 0.0085054403, 0.69031584, 0.72345811, 0.24189001;
 0, 0, 0, 1]
Twc:
[0.99951768, 0.029867595, 0.0085054403, -0.1352144;
 -0.02747855, 0.7229861, 0.69031584, -0.11016517;
 0.014468758, -0.6902166, 0.72345811, -0.22764441;
 0, 0, 0, 1]
Ow:
[0.13541573;
 -0.073437534;
 0.24189001]
Keyframe: 16 Frame: 337 Frame from vFrameID : 338
Tcw:
[0.99883795, -0.045579325, -0.015661426, 0.15101737;
 0.021792902, 0.71698421, -0.69674867, -0.064593494;
 0.04298633, 0.69559771, 0.71714431, 0.26337546;
 0, 0, 0, 1]
Twc:
[0.99883795, 0.021792902, 0.04298633, -0.16075574;
 -0.045579325, 0.71698421, 0.69559771, -0.13000758;
 -0.015661426, -0.69674867, 0.71714431, -0.23151851;
 0, 0, 0, 1]
Ow:
[0.15101737;
 -0.064593494;
 0.26337546]
Keyframe: 17 Frame: 344 Frame from vFrameID : 345
Tcw:
[0.99809265, -0.050724529, -0.03518609, 0.16452214;
 0.011673263, 0.71475762, -0.69927478, -0.064444214;
 0.060619913, 0.69753033, 0.71398646, 0.2885505;
 0, 0, 0, 1]
Twc:
[0.99809265, 0.011673263, 0.060619913, -0.18094797;
 -0.050724529, 0.71475762, 0.69753033, -0.14686543;
 -0.03518609, -0.69927478, 0.71398646, -0.24529649;
 0, 0, 0, 1]
Ow:
[0.16452214;
 -0.064444214;
 0.2885505]
Keyframe: 18 Frame: 350 Frame from vFrameID : 351
Tcw:
[0.99938357, -0.031539541, -0.015419322, 0.1630621;
 0.011367402, 0.70626044, -0.70786083, -0.06827195;
 0.033215661, 0.70724922, 0.70618361, 0.31231296;
 0, 0, 0, 1]
Twc:
[0.99938357, 0.011367402, 0.033215661, -0.17255917;
 -0.031539541, 0.70626044, 0.70724922, -0.16752242;
 -0.015419322, -0.70786083, 0.70618361, -0.26636302;
 0, 0, 0, 1]
Ow:
[0.1630621;
 -0.06827195;
 0.31231296]
Keyframe: 19 Frame: 358 Frame from vFrameID : 359
Tcw:
[0.9980399, -0.019446772, 0.059483025, 0.17782053;
 0.055246204, 0.72029245, -0.69146705, -0.072933182;
 -0.029398371, 0.69339788, 0.71995491, 0.33877027;
 0, 0, 0, 1]
Twc:
[0.9980399, 0.055246204, -0.029398371, -0.16348341;
 -0.019446772, 0.72029245, 0.69339788, -0.17891134;
 0.059483025, -0.69146705, 0.71995491, -0.30490753;
 0, 0, 0, 1]
Ow:
[0.17782053;
 -0.072933182;
 0.33877027]
Keyframe: 20 Frame: 366 Frame from vFrameID : 367
Tcw:
[0.9986499, -0.031270821, 0.041479435, 0.19773766;
 0.051130764, 0.73266441, -0.67866671, -0.066700786;
 -0.0091680391, 0.67987132, 0.7332741, 0.36950535;
 0, 0, 0, 1]
Twc:
[0.9986499, 0.051130764, -0.0091680391, -0.19067261;
 -0.031270821, 0.73266441, 0.67987132, -0.19616339;
 0.041479435, -0.67866671, 0.7332741, -0.3244184;
 0, 0, 0, 1]
Ow:
[0.19773766;
 -0.066700786;
 0.36950535]
Keyframe: 21 Frame: 373 Frame from vFrameID : 374
Tcw:
[0.99892747, -0.04559518, -0.0080600139, 0.20077284;
 0.027120944, 0.71726489, -0.69627255, -0.060397193;
 0.037527837, 0.6953072, 0.71773219, 0.39424556;
 0, 0, 0, 1]
Twc:
[0.99892747, 0.027120944, 0.037527837, -0.21371466;
 -0.04559518, 0.71726489, 0.6953072, -0.22164673;
 -0.0080600139, -0.69627255, 0.71773219, -0.32339743;
 0, 0, 0, 1]
Ow:
[0.20077284;
 -0.060397193;
 0.39424556]
Keyframe: 22 Frame: 381 Frame from vFrameID : 382
Tcw:
[0.99912435, -0.039659951, -0.013326077, 0.21107125;
 0.019803315, 0.72885025, -0.68438667, -0.053720802;
 0.036855455, 0.68352354, 0.72899747, 0.4273378;
 0, 0, 0, 1]
Twc:
[0.99912435, 0.019803315, 0.036855455, -0.22557232;
 -0.039659951, 0.72885025, 0.68352354, -0.24456993;
 -0.013326077, -0.68438667, 0.72899747, -0.34548122;
 0, 0, 0, 1]
Ow:
[0.21107125;
 -0.053720802;
 0.4273378]
Keyframe: 23 Frame: 389 Frame from vFrameID : 390
Tcw:
[0.99856859, -0.02747445, 0.045889881, 0.21925958;
 0.051623791, 0.71949875, -0.69257241, -0.05606623;
 -0.013989666, 0.69395012, 0.7198872, 0.45751673;
 0, 0, 0, 1]
Twc:
[0.99856859, 0.051623791, -0.013989666, -0.20965087;
 -0.02747445, 0.71949875, 0.69395012, -0.27113014;
 0.045889881, -0.69257241, 0.7198872, -0.37825215;
 0, 0, 0, 1]
Ow:
[0.21925958;
 -0.05606623;
 0.45751673]
Keyframe: 24 Frame: 398 Frame from vFrameID : 399
Tcw:
[0.99884033, -0.026950497, 0.039895386, 0.2310382;
 0.046934295, 0.72974682, -0.68210465, -0.041928291;
 -0.010730471, 0.68318611, 0.73016548, 0.4811168;
 0, 0, 0, 1]
Twc:
[0.99884033, 0.046934295, -0.010730471, -0.2236398;
 -0.026950497, 0.72974682, 0.68318611, -0.29186866;
 0.039895386, -0.68210465, 0.73016548, -0.3891117;
 0, 0, 0, 1]
Ow:
[0.2310382;
 -0.041928291;
 0.4811168]
Keyframe: 25 Frame: 406 Frame from vFrameID : 407
Tcw:
[0.99455512, -0.098576017, -0.033806473, 0.24075347;
 0.048112471, 0.72209305, -0.69012088, -0.038769156;
 0.092440784, 0.68473673, 0.72290409, 0.51165563;
 0, 0, 0, 1]
Twc:
[0.99455512, 0.048112471, 0.092440784, -0.28487518;
 -0.098576017, 0.72209305, 0.68473673, -0.29862195;
 -0.033806473, -0.69012088, 0.72290409, -0.38849431;
 0, 0, 0, 1]
Ow:
[0.24075347;
 -0.038769156;
 0.51165563]
Keyframe: 26 Frame: 414 Frame from vFrameID : 415
Tcw:
[0.9973464, -0.072617486, 0.0051880493, 0.24276122;
 0.056685068, 0.72985595, -0.6812467, -0.045610249;
 0.045683894, 0.67973298, 0.73203552, 0.53364575;
 0, 0, 0, 1]
Twc:
[0.9973464, 0.056685068, 0.045683894, -0.26391062;
 -0.072617486, 0.72985595, 0.67973298, -0.31181899;
 0.0051880493, -0.6812467, 0.73203552, -0.42297894;
 0, 0, 0, 1]
Ow:
[0.24276122;
 -0.045610249;
 0.53364575]
Keyframe: 27 Frame: 423 Frame from vFrameID : 424
Tcw:
[0.99746847, -0.042844709, 0.056753635, 0.23169595;
 0.070250928, 0.71741509, -0.69309479, -0.052301675;
 -0.011020473, 0.69532716, 0.71860886, 0.56875038;
 0, 0, 0, 1]
Twc:
[0.99746847, 0.070250928, -0.011020473, -0.22116728;
 -0.042844709, 0.71741509, 0.69532716, -0.34801865;
 0.056753635, -0.69309479, 0.71860886, -0.45810863;
 0, 0, 0, 1]
Ow:
[0.23169595;
 -0.052301675;
 0.56875038]
Keyframe: 28 Frame: 431 Frame from vFrameID : 432
Tcw:
[0.99797738, -0.059476987, -0.022441264, 0.27313587;
 0.025954742, 0.70348096, -0.71024001, -0.039853275;
 0.058029938, 0.70822102, 0.70360184, 0.58723974;
 0, 0, 0, 1]
Twc:
[0.99797738, 0.025954742, 0.058029938, -0.30562654;
 -0.059476987, 0.70348096, 0.70822102, -0.37161422;
 -0.022441264, -0.71024001, 0.70360184, -0.43535882;
 0, 0, 0, 1]
Ow:
[0.27313587;
 -0.039853275;
 0.58723974]
Keyframe: 29 Frame: 440 Frame from vFrameID : 441
Tcw:
[0.99762034, -0.067012317, -0.016216377, 0.27395836;
 0.037398528, 0.7235505, -0.68925762, -0.033594817;
 0.057922117, 0.68701094, 0.72433484, 0.62557536;
 0, 0, 0, 1]
Twc:
[0.99762034, 0.037398528, 0.057922117, -0.30828467;
 -0.067012317, 0.7235505, 0.68701094, -0.38711098;
 -0.016216377, -0.68925762, 0.72433484, -0.47183892;
 0, 0, 0, 1]
Ow:
[0.27395836;
 -0.033594817;
 0.62557536]
Keyframe: 30 Frame: 449 Frame from vFrameID : 450
Tcw:
[0.99767286, -0.035199165, 0.058394603, 0.26974016;
 0.066044196, 0.71171236, -0.69935948, -0.024775833;
 -0.016943293, 0.70158857, 0.71238083, 0.6535421;
 0, 0, 0, 1]
Twc:
[0.99767286, 0.066044196, -0.016943293, -0.25640297;
 -0.035199165, 0.71171236, 0.70158857, -0.43138978;
 0.058394603, -0.69935948, 0.71238083, -0.49864942;
 0, 0, 0, 1]
Ow:
[0.26974016;
 -0.024775833;
 0.6535421]
Keyframe: 31 Frame: 457 Frame from vFrameID : 458
Tcw:
[0.99977988, -0.0090630911, 0.018921187, 0.28275037;
 0.019486304, 0.7353394, -0.67741883, -0.0063326657;
 -0.0077739861, 0.67763841, 0.73535413, 0.66475952;
 0, 0, 0, 1]
Twc:
[0.99977988, 0.019486304, -0.0077739861, -0.27739692;
 -0.0090630911, 0.7353394, 0.67763841, -0.44324735;
 0.018921187, -0.67741883, 0.73535413, -0.49847355;
 0, 0, 0, 1]
Ow:
[0.28275037;
 -0.0063326657;
 0.66475952]
Keyframe: 32 Frame: 465 Frame from vFrameID : 466
Tcw:
[0.99687958, -0.062483329, -0.048238326, 0.31708521;
 0.012128176, 0.72507823, -0.68855971, -0.017567456;
 0.078000061, 0.68582612, 0.72357345, 0.70127141;
 0, 0, 0, 1]
Twc:
[0.99687958, 0.012128176, 0.078000061, -0.37058192;
 -0.062483329, 0.72507823, 0.68582612, -0.4483999;
 -0.048238326, -0.68855971, 0.72357345, -0.50422198;
 0, 0, 0, 1]
Ow:
[0.31708521;
 -0.017567456;
 0.70127141]
Keyframe: 33 Frame: 475 Frame from vFrameID : 476
Tcw:
[0.99920785, -0.035371572, -0.01823598, 0.31268448;
 0.013625832, 0.73463094, -0.67833006, -0.028336316;
 0.037390318, 0.67754424, 0.73453099, 0.7218554;
 0, 0, 0, 1]
Twc:
[0.99920785, 0.013625832, 0.037390318, -0.33904108;
 -0.035371572, 0.73463094, 0.67754424, -0.45721212;
 -0.01823598, -0.67833006, 0.73453099, -0.54374444;
 0, 0, 0, 1]
Ow:
[0.31268448;
 -0.028336316;
 0.7218554]
Keyframe: 34 Frame: 485 Frame from vFrameID : 486
Tcw:
[0.99900562, -0.028956976, 0.033901196, 0.30258819;
 0.044074338, 0.7561323, -0.65293294, 0.0056397319;
 -0.0067268261, 0.65377784, 0.75665665, 0.73511338;
 0, 0, 0, 1]
Twc:
[0.99900562, 0.044074338, -0.0067268261, -0.29759085;
 -0.028956976, 0.7561323, 0.65377784, -0.47610316;
 0.033901196, -0.65293294, 0.75665665, -0.56280416;
 0, 0, 0, 1]
Ow:
[0.30258819;
 0.0056397319;
 0.73511338]
Keyframe: 35 Frame: 494 Frame from vFrameID : 495
Tcw:
[0.99906451, -0.042994071, -0.0046475404, 0.32535586;
 0.029515233, 0.75647873, -0.6533519, 0.0011048019;
 0.031606026, 0.65260357, 0.75704008, 0.77393848;
 0, 0, 0, 1]
Twc:
[0.99906451, 0.029515233, 0.031606026, -0.34954524;
 -0.042994071, 0.75647873, 0.65260357, -0.49192235;
 -0.0046475404, -0.6533519, 0.75704008, -0.58366847;
 0, 0, 0, 1]
Ow:
[0.32535586;
 0.0011048019;
 0.77393848]
Keyframe: 36 Frame: 502 Frame from vFrameID : 503
Tcw:
[0.99972689, -0.02336577, -0.00044274249, 0.33295977;
 0.0174323, 0.7582078, -0.65177989, 0.0043484569;
 0.015565029, 0.65159416, 0.75840807, 0.79206502;
 0, 0, 0, 1]
Twc:
[0.99972689, 0.0174323, 0.015565029, -0.34527317;
 -0.02336577, 0.7582078, 0.65159416, -0.51162213;
 -0.00044274249, -0.65177989, 0.75840807, -0.59772682;
 0, 0, 0, 1]
Ow:
[0.33295977;
 0.0043484569;
 0.79206502]
Keyframe: 37 Frame: 511 Frame from vFrameID : 512
Tcw:
[0.9993028, -0.0052083773, 0.036970742, 0.33345687;
 0.028456045, 0.7473014, -0.66387564, 0.0093631446;
 -0.024170572, 0.66446483, 0.74692857, 0.80656493;
 0, 0, 0, 1]
Twc:
[0.9993028, 0.028456045, -0.024170572, -0.31399566;
 -0.0052083773, 0.7473014, 0.66446483, -0.54119438;
 0.036970742, -0.66387564, 0.74692857, -0.6085586;
 0, 0, 0, 1]
Ow:
[0.33345687;
 0.0093631446;
 0.80656493]
Keyframe: 38 Frame: 521 Frame from vFrameID : 522
Tcw:
[0.99976426, -0.010956198, 0.018745951, 0.33330098;
 0.020815706, 0.7292434, -0.68393773, 0.016651809;
 -0.0061770044, 0.68416667, 0.72929955, 0.83455086;
 0, 0, 0, 1]
Twc:
[0.99976426, 0.020815706, -0.0061770044, -0.32841402;
 -0.010956198, 0.7292434, 0.68416667, -0.57946342;
 0.018745951, -0.68393773, 0.72929955, -0.60349679;
 0, 0, 0, 1]
Ow:
[0.33330098;
 0.016651809;
 0.83455086]
Keyframe: 39 Frame: 530 Frame from vFrameID : 531
Tcw:
[0.99984729, -0.012016421, -0.012689779, 0.34116647;
 0.00056133704, 0.74781591, -0.66390592, 0.013597161;
 0.017467391, 0.66379738, 0.74770844, 0.85009021;
 0, 0, 0, 1]
Twc:
[0.99984729, 0.00056133704, 0.017467391, -0.35597086;
 -0.012016421, 0.74781591, 0.66379738, -0.57035625;
 -0.012689779, -0.66390592, 0.74770844, -0.62226307;
 0, 0, 0, 1]
Ow:
[0.34116647;
 0.013597161;
 0.85009021]
Keyframe: 40 Frame: 540 Frame from vFrameID : 541
Tcw:
[0.99993008, 0.0072683631, 0.0093285264, 0.34098938;
 0.00076916686, 0.74718273, -0.66461819, 0.035755455;
 -0.0118008, 0.66457891, 0.74712491, 0.84412915;
 0, 0, 0, 1]
Twc:
[0.99993008, 0.00076916686, -0.0118008, -0.33103165;
 0.0072683631, 0.74718273, 0.66457891, -0.59018469;
 0.0093285264, -0.66461819, 0.74712491, -0.6100871;
 0, 0, 0, 1]
Ow:
[0.34098938;
 0.035755455;
 0.84412915]
Keyframe: 41 Frame: 550 Frame from vFrameID : 551
Tcw:
[0.99914187, 0.011975769, 0.039649878, 0.31580961;
 0.017605314, 0.74371248, -0.66826773, 0.063264728;
 -0.037491132, 0.6683923, 0.74286348, 0.85547233;
 0, 0, 0, 1]
Twc:
[0.99914187, 0.017605314, -0.037491132, -0.28457978;
 0.011975769, 0.74371248, 0.6683923, -0.62262392;
 0.039649878, -0.66826773, 0.74286348, -0.60574317;
 0, 0, 0, 1]
Ow:
[0.31580961;
 0.063264728;
 0.85547233]
Keyframe: 42 Frame: 560 Frame from vFrameID : 561
Tcw:
[0.9998706, 0.0078838905, 0.014022627, 0.30474162;
 0.0034041193, 0.74824685, -0.66341168, 0.061648756;
 -0.015722651, 0.66337359, 0.74812317, 0.8727684;
 0, 0, 0, 1]
Twc:
[0.9998706, 0.0034041193, -0.015722651, -0.29118982;
 0.0078838905, 0.74824685, 0.66337359, -0.6275025;
 0.014022627, -0.66341168, 0.74812317, -0.61631304;
 0, 0, 0, 1]
Ow:
[0.30474162;
 0.061648756;
 0.8727684]
Keyframe: 43 Frame: 569 Frame from vFrameID : 570
Tcw:
[0.9999966, 0.0017293708, 0.0019533955, 0.32684314;
 1.1737026e-05, 0.74574679, -0.66622949, 0.053182214;
 -0.0026088962, 0.66622722, 0.74574423, 0.89318001;
 0, 0, 0, 1]
Twc:
[0.9999966, 1.1737026e-05, -0.0026088962, -0.32451245;
 0.0017293708, 0.74574679, 0.66622722, -0.63528657;
 0.0019533955, -0.66622949, 0.74574423, -0.63129079;
 0, 0, 0, 1]
Ow:
[0.32684314;
 0.053182214;
 0.89318001]
Keyframe: 44 Frame: 577 Frame from vFrameID : 578
Tcw:
[0.99976498, -0.0074326792, 0.020364927, 0.33344755;
 0.019338176, 0.73034894, -0.68280041, 0.08293581;
 -0.0097984662, 0.68303376, 0.73032105, 0.90621817;
 0, 0, 0, 1]
Twc:
[0.99976498, 0.019338176, -0.0097984662, -0.32609347;
 -0.0074326792, 0.73034894, 0.68303376, -0.67707127;
 0.020364927, -0.68280041, 0.73032105, -0.61199224;
 0, 0, 0, 1]
Ow:
[0.33344755;
 0.08293581;
 0.90621817]
Keyframe: 45 Frame: 585 Frame from vFrameID : 586
Tcw:
[0.99914658, -0.029638559, 0.028769923, 0.33289397;
 0.041273616, 0.74378026, -0.66714877, 0.058477849;
 -0.0016251737, 0.66776681, 0.74436873, 0.94313598;
 0, 0, 0, 1]
Twc:
[0.99914658, 0.041273616, -0.0016251737, -0.3334907;
 -0.029638559, 0.74378026, 0.66776681, -0.66342306;
 0.028769923, -0.66714877, 0.74436873, -0.67260486;
 0, 0, 0, 1]
Ow:
[0.33289397;
 0.058477849;
 0.94313598]
Keyframe: 46 Frame: 594 Frame from vFrameID : 595
Tcw:
[0.99873978, -0.042619035, -0.026504559, 0.34411412;
 0.013629333, 0.73857176, -0.6740371, 0.061965108;
 0.04830233, 0.67282641, 0.73822182, 0.96241796;
 0, 0, 0, 1]
Twc:
[0.99873978, 0.013629333, 0.04830233, -0.39101201;
 -0.042619035, 0.73857176, 0.67282641, -0.67864007;
 -0.026504559, -0.6740371, 0.73822182, -0.6595906;
 0, 0, 0, 1]
Ow:
[0.34411412;
 0.061965108;
 0.96241796]
Keyframe: 47 Frame: 602 Frame from vFrameID : 603
Tcw:
[0.99787778, -0.061955202, -0.020037724, 0.34554684;
 0.031082019, 0.72362012, -0.68949825, 0.065240592;
 0.057217702, 0.68741214, 0.72401017, 0.98020965;
 0, 0, 0, 1]
Twc:
[0.99787778, 0.031082019, 0.057217702, -0.40292665;
 -0.061955202, 0.72362012, 0.68741214, -0.69960904;
 -0.020037724, -0.68949825, 0.72401017, -0.65777445;
 0, 0, 0, 1]
Ow:
[0.34554684;
 0.065240592;
 0.98020965]
Keyframe: 48 Frame: 610 Frame from vFrameID : 611
Tcw:
[0.99745923, -0.065760851, 0.027397269, 0.33835751;
 0.067128353, 0.73885077, -0.67051721, 0.057458997;
 0.02385129, 0.67065269, 0.7413879, 0.99090898;
 0, 0, 0, 1]
Twc:
[0.99745923, 0.067128353, 0.02385129, -0.3649894;
 -0.065760851, 0.73885077, 0.67065269, -0.68475878;
 0.027397269, -0.67051721, 0.7413879, -0.70539081;
 0, 0, 0, 1]
Ow:
[0.33835751;
 0.057458997;
 0.99090898]
Keyframe: 49 Frame: 620 Frame from vFrameID : 621
Tcw:
[0.99225581, -0.11389337, -0.049565114, 0.35030144;
 0.043550104, 0.69270813, -0.71990192, 0.11847237;
 0.11632621, 0.71216834, 0.69230378, 1.0086365;
 0, 0, 0, 1]
Twc:
[0.99225581, 0.043550104, 0.11632621, -0.470079;
 -0.11389337, 0.69270813, 0.71216834, -0.76048875;
 -0.049565114, -0.71990192, 0.69230378, -0.59563166;
 0, 0, 0, 1]
Ow:
[0.35030144;
 0.11847237;
 1.0086365]
Keyframe: 50 Frame: 626 Frame from vFrameID : 627
Tcw:
[0.99774849, -0.058544416, -0.032719079, 0.33554685;
 0.01897007, 0.71428668, -0.69959605, 0.084300816;
 0.064328246, 0.69740021, 0.71378905, 1.0146818;
 0, 0, 0, 1]
Twc:
[0.99774849, 0.01897007, 0.064328246, -0.40166324;
 -0.058544416, 0.71428668, 0.69740021, -0.74820983;
 -0.032719079, -0.69959605, 0.71378905, -0.65431345;
 0, 0, 0, 1]
Ow:
[0.33554685;
 0.084300816;
 1.0146818]
Keyframe: 51 Frame: 634 Frame from vFrameID : 635
Tcw:
[0.99827456, -0.05764376, -0.011182264, 0.34470323;
 0.033660587, 0.71783406, -0.69540006, 0.08263588;
 0.048112486, 0.69382381, 0.71853584, 1.0327976;
 0, 0, 0, 1]
Twc:
[0.99827456, 0.033660587, 0.048112486, -0.39658049;
 -0.05764376, 0.71783406, 0.69382381, -0.75602835;
 -0.011182264, -0.69540006, 0.71853584, -0.68078244;
 0, 0, 0, 1]
Ow:
[0.34470323;
 0.08263588;
 1.0327976]
Keyframe: 52 Frame: 642 Frame from vFrameID : 643
Tcw:
[0.99887156, -0.037535302, 0.02909714, 0.34795266;
 0.04733301, 0.73662108, -0.67464733, 0.074458241;
 0.0038895239, 0.67526329, 0.73756653, 1.0362971;
 0, 0, 0, 1]
Twc:
[0.99887156, 0.04733301, 0.0038895239, -0.35511506;
 -0.037535302, 0.73662108, 0.67526329, -0.7415604;
 0.02909714, -0.67464733, 0.73756653, -0.72422945;
 0, 0, 0, 1]
Ow:
[0.34795266;
 0.074458241;
 1.0362971]
Keyframe: 53 Frame: 650 Frame from vFrameID : 651
Tcw:
[0.9993515, -0.035380285, -0.0066949143, 0.35131821;
 0.021577718, 0.73726219, -0.67526209, 0.072858155;
 0.028826872, 0.6746797, 0.73754752, 1.0460267;
 0, 0, 0, 1]
Twc:
[0.9993515, 0.021577718, 0.028826872, -0.38281617;
 -0.035380285, 0.73726219, 0.6746797, -0.74701881;
 -0.0066949143, -0.67526209, 0.73754752, -0.71994394;
 0, 0, 0, 1]
Ow:
[0.35131821;
 0.072858155;
 1.0460267]
Keyframe: 54 Frame: 658 Frame from vFrameID : 659
Tcw:
[0.99949527, -0.031594608, -0.0033180027, 0.35325909;
 0.021105703, 0.73845774, -0.67396939, 0.069003493;
 0.023744002, 0.67355913, 0.73875183, 1.0528766;
 0, 0, 0, 1]
Twc:
[0.99949527, 0.021105703, 0.023744002, -0.37953666;
 -0.031594608, 0.73845774, 0.67355913, -0.74896979;
 -0.0033180027, -0.67396939, 0.73875183, -0.73013616;
 0, 0, 0, 1]
Ow:
[0.35325909;
 0.069003493;
 1.0528766]
Keyframe: 55 Frame: 666 Frame from vFrameID : 667
Tcw:
[0.99825162, -0.038291086, 0.045028355, 0.35983258;
 0.058841541, 0.71602476, -0.69559056, 0.069624364;
 -0.0056065018, 0.69702387, 0.717026, 1.0707684;
 0, 0, 0, 1]
Twc:
[0.99825162, 0.058841541, -0.0056065018, -0.35729697;
 -0.038291086, 0.71602476, 0.69702387, -0.78242558;
 0.045028355, -0.69559056, 0.717026, -0.7355414;
 0, 0, 0, 1]
Ow:
[0.35983258;
 0.069624364;
 1.0707684]
Keyframe: 56 Frame: 675 Frame from vFrameID : 676
Tcw:
[0.99723876, -0.03791685, 0.063853078, 0.36560526;
 0.071136892, 0.73456258, -0.67480171, 0.072716594;
 -0.021317728, 0.6774807, 0.73523158, 1.0776356;
 0, 0, 0, 1]
Twc:
[0.99723876, 0.071136892, -0.021317728, -0.3467958;
 -0.03791685, 0.73456258, 0.6774807, -0.7696296;
 0.063853078, -0.67480171, 0.73523158, -0.76658744;
 0, 0, 0, 1]
Ow:
[0.36560526;
 0.072716594;
 1.0776356]
Keyframe: 57 Frame: 683 Frame from vFrameID : 684
Tcw:
[0.99865204, -0.040838599, 0.032036424, 0.37060675;
 0.051608145, 0.71533132, -0.69687712, 0.069518864;
 0.0055428273, 0.69759107, 0.71647471, 1.0887496;
 0, 0, 0, 1]
Twc:
[0.99865204, 0.051608145, 0.0055428273, -0.37972966;
 -0.040838599, 0.71533132, 0.69759107, -0.79409599;
 0.032036424, -0.69687712, 0.71647471, -0.74348831;
 0, 0, 0, 1]
Ow:
[0.37060675;
 0.069518864;
 1.0887496]
Keyframe: 58 Frame: 693 Frame from vFrameID : 694
Tcw:
[0.99795866, -0.047768172, 0.042387348, 0.37519294;
 0.063826114, 0.72345841, -0.68741119, 0.068695903;
 0.0021708924, 0.68871337, 0.72503048, 1.101994;
 0, 0, 0, 1]
Twc:
[0.99795866, 0.063826114, 0.0021708924, -0.38120395;
 -0.047768172, 0.72345841, 0.68871337, -0.79073441;
 0.042387348, -0.68741119, 0.72503048, -0.76766038;
 0, 0, 0, 1]
Ow:
[0.37519294;
 0.068695903;
 1.101994]
Keyframe: 59 Frame: 702 Frame from vFrameID : 703
Tcw:
[0.99528438, -0.055978242, 0.079217508, 0.38169709;
 0.09502425, 0.72666323, -0.6803903, 0.072602391;
 -0.019477395, 0.68470943, 0.72855586, 1.1165612;
 0, 0, 0, 1]
Twc:
[0.99528438, 0.09502425, -0.019477395, -0.36504844;
 -0.055978242, 0.72666323, 0.68470943, -0.79591066;
 0.079217508, -0.6803903, 0.72855586, -0.79431629;
 0, 0, 0, 1]
Ow:
[0.38169709;
 0.072602391;
 1.1165612]
Keyframe: 60 Frame: 710 Frame from vFrameID : 711
Tcw:
[0.99676847, -0.066648066, 0.044840828, 0.3938964;
 0.079180732, 0.72116971, -0.68821847, 0.076869309;
 0.013530585, 0.68954498, 0.72411644, 1.1266861;
 0, 0, 0, 1]
Twc:
[0.99676847, 0.079180732, 0.013530585, -0.41395479;
 -0.066648066, 0.72116971, 0.68954498, -0.80608422;
 0.044840828, -0.68821847, 0.72411644, -0.78061175;
 0, 0, 0, 1]
Ow:
[0.3938964;
 0.076869309;
 1.1266861]
Keyframe: 61 Frame: 718 Frame from vFrameID : 719
Tcw:
[0.997769, -0.065926649, 0.010524251, 0.40083462;
 0.055688281, 0.73492491, -0.67585814, 0.077421606;
 0.036822528, 0.67493635, 0.7369566, 1.1388472;
 0, 0, 0, 1]
Twc:
[0.997769, 0.055688281, 0.036822528, -0.44618705;
 -0.065926649, 0.73492491, 0.67493635, -0.79912275;
 0.010524251, -0.67585814, 0.7369566, -0.79117346;
 0, 0, 0, 1]
Ow:
[0.40083462;
 0.077421606;
 1.1388472]
Keyframe: 62 Frame: 725 Frame from vFrameID : 726
Tcw:
[0.99793172, -0.051929343, 0.037889864, 0.4024128;
 0.063776925, 0.72599584, -0.68473536, 0.07664299;
 0.0080499733, 0.68573564, 0.72780621, 1.1525526;
 0, 0, 0, 1]
Twc:
[0.99793172, 0.063776925, 0.0080499733, -0.41574657;
 -0.051929343, 0.72599584, 0.68573564, -0.82509178;
 0.037889864, -0.68473536, 0.72780621, -0.80160207;
 0, 0, 0, 1]
Ow:
[0.4024128;
 0.07664299;
 1.1525526]
Keyframe: 63 Frame: 732 Frame from vFrameID : 733
Tcw:
[0.99624485, -0.065352716, 0.056790683, 0.40983143;
 0.08651115, 0.72516274, -0.68312138, 0.07863766;
 0.0034613523, 0.68546921, 0.72809339, 1.1643472;
 0, 0, 0, 1]
Twc:
[0.99624485, 0.08651115, 0.0034613523, -0.41912574;
 -0.065352716, 0.72516274, 0.68546921, -0.82836556;
 0.056790683, -0.68312138, 0.72809339, -0.81730896;
 0, 0, 0, 1]
Ow:
[0.40983143;
 0.07863766;
 1.1643472]
Keyframe: 64 Frame: 739 Frame from vFrameID : 740
Tcw:
[0.99687839, -0.071918055, 0.0325775, 0.41445047;
 0.074357219, 0.71649069, -0.69362247, 0.080888987;
 0.026542503, 0.6938796, 0.71960169, 1.1786127;
 0, 0, 0, 1]
Twc:
[0.99687839, 0.074357219, 0.026542503, -0.45045471;
 -0.071918055, 0.71649069, 0.6938796, -0.84596509;
 0.0325775, -0.69362247, 0.71960169, -0.80552709;
 0, 0, 0, 1]
Ow:
[0.41445047;
 0.080888987;
 1.1786127]
Keyframe: 65 Frame: 746 Frame from vFrameID : 747
Tcw:
[0.99510455, -0.094970383, -0.027340587, 0.42332569;
 0.047293685, 0.7005344, -0.71204978, 0.087306142;
 0.086776659, 0.70727092, 0.7015965, 1.1910428;
 0, 0, 0, 1]
Twc:
[0.99510455, 0.047293685, 0.086776659, -0.52873707;
 -0.094970383, 0.7005344, 0.70727092, -0.86334747;
 -0.027340587, -0.71204978, 0.7015965, -0.76189113;
 0, 0, 0, 1]
Ow:
[0.42332569;
 0.087306142;
 1.1910428]
Keyframe: 66 Frame: 754 Frame from vFrameID : 755
Tcw:
[0.99631989, -0.084496833, -0.014384648, 0.42303541;
 0.05111669, 0.72046554, -0.69160426, 0.086851478;
 0.068802014, 0.6883238, 0.7221334, 1.2069647;
 0, 0, 0, 1]
Twc:
[0.99631989, 0.05111669, 0.068802014, -0.50895977;
 -0.084496833, 0.72046554, 0.6883238, -0.85761088;
 -0.014384648, -0.69160426, 0.7221334, -0.80543745;
 0, 0, 0, 1]
Ow:
[0.42303541;
 0.086851478;
 1.2069647]
Keyframe: 67 Frame: 762 Frame from vFrameID : 763
Tcw:
[0.99731869, -0.071561255, 0.015309609, 0.42639878;
 0.061844386, 0.7123329, -0.69911164, 0.083662093;
 0.03912377, 0.69818395, 0.71484858, 1.2222676;
 0, 0, 0, 1]
Twc:
[0.99731869, 0.061844386, 0.03912377, -0.47824925;
 -0.071561255, 0.7123329, 0.69818395, -0.88244927;
 0.015309609, -0.69911164, 0.71484858, -0.8217752;
 0, 0, 0, 1]
Ow:
[0.42639878;
 0.083662093;
 1.2222676]
Keyframe: 68 Frame: 770 Frame from vFrameID : 771
Tcw:
[0.99816483, -0.060272466, 0.0058477251, 0.4338465;
 0.047087245, 0.71181458, -0.70078725, 0.08368367;
 0.038075682, 0.69977653, 0.71334636, 1.2324951;
 0, 0, 0, 1]
Twc:
[0.99816483, 0.047087245, 0.038075682, -0.48391885;
 -0.060272466, 0.71181458, 0.69977653, -0.89588946;
 0.0058477251, -0.70078725, 0.71334636, -0.82308841;
 0, 0, 0, 1]
Ow:
[0.4338465;
 0.08368367;
 1.2324951]
Keyframe: 69 Frame: 778 Frame from vFrameID : 779
Tcw:
[0.99473071, -0.091534987, -0.046175126, 0.43922949;
 0.03248471, 0.70859236, -0.70486993, 0.086919427;
 0.097239599, 0.69965577, 0.7078321, 1.2479463;
 0, 0, 0, 1]
Twc:
[0.99473071, 0.03248471, 0.097239599, -0.56108838;
 -0.091534987, 0.70859236, 0.69965577, -0.89451832;
 -0.046175126, -0.70486993, 0.7078321, -0.80178797;
 0, 0, 0, 1]
Ow:
[0.43922949;
 0.086919427;
 1.2479463]
Keyframe: 70 Frame: 786 Frame from vFrameID : 787
Tcw:
[0.99758691, -0.068614006, 0.01060349, 0.44146016;
 0.055880502, 0.70286632, -0.70912361, 0.085628331;
 0.041202974, 0.70800495, 0.70500445, 1.2617264;
 0, 0, 0, 1]
Twc:
[0.99758691, 0.055880502, 0.041202974, -0.49716675;
 -0.068614006, 0.70286632, 0.70800495, -0.92320353;
 0.01060349, -0.70912361, 0.70500445, -0.83348268;
 0, 0, 0, 1]
Ow:
[0.44146016;
 0.085628331;
 1.2617264]
Keyframe: 71 Frame: 794 Frame from vFrameID : 795
Tcw:
[0.99718624, -0.031624563, 0.067967042, 0.44023171;
 0.069724128, 0.72429395, -0.68595684, 0.085907459;
 -0.027535036, 0.68876565, 0.72446096, 1.2730181;
 0, 0, 0, 1]
Twc:
[0.99718624, 0.069724128, -0.027535036, -0.40993023;
 -0.031624563, 0.72429395, 0.68876565, -0.92511129;
 0.067967042, -0.68595684, 0.72446096, -0.89324445;
 0, 0, 0, 1]
Ow:
[0.44023171;
 0.085907459;
 1.2730181]
Keyframe: 72 Frame: 802 Frame from vFrameID : 803
Tcw:
[0.99778712, -0.063761637, 0.018850073, 0.44849777;
 0.059444711, 0.7284624, -0.68250191, 0.089714944;
 0.029785872, 0.68211216, 0.73064071, 1.2844594;
 0, 0, 0, 1]
Twc:
[0.99778712, 0.059444711, 0.029785872, -0.49109709;
 -0.063761637, 0.7284624, 0.68211216, -0.9129023;
 0.018850073, -0.68250191, 0.73064071, -0.88570178;
 0, 0, 0, 1]
Ow:
[0.44849777;
 0.089714944;
 1.2844594]
Keyframe: 73 Frame: 810 Frame from vFrameID : 811
Tcw:
[0.99880779, -0.048814531, -0.00035998135, 0.45008034;
 0.035272166, 0.72677237, -0.68597215, 0.090799153;
 0.033747032, 0.68514162, 0.72762769, 1.2960579;
 0, 0, 0, 1]
Twc:
[0.99880779, 0.035272166, 0.033747032, -0.49648455;
 -0.048814531, 0.72677237, 0.68514162, -0.93200314;
 -0.00035998135, -0.68597215, 0.72762769, -0.88059998;
 0, 0, 0, 1]
Ow:
[0.45008034;
 0.090799153;
 1.2960579]
Keyframe: 74 Frame: 818 Frame from vFrameID : 819
Tcw:
[0.99852443, -0.019578019, 0.050652541, 0.44860643;
 0.04961852, 0.70796764, -0.70449972, 0.092383206;
 -0.022067649, 0.70597351, 0.70789438, 1.3053401;
 0, 0, 0, 1]
Twc:
[0.99852443, 0.04961852, -0.022067649, -0.42372259;
 -0.019578019, 0.70796764, 0.70597351, -0.97815692;
 0.050652541, -0.70449972, 0.70789438, -0.88168198;
 0, 0, 0, 1]
Ow:
[0.44860643;
 0.092383206;
 1.3053401]
Keyframe: 75 Frame: 826 Frame from vFrameID : 827
Tcw:
[0.99784935, -0.036387764, 0.054521859, 0.44481799;
 0.064091794, 0.71603346, -0.69511747, 0.096284807;
 -0.013745706, 0.69711691, 0.71682566, 1.3119665;
 0, 0, 0, 1]
Twc:
[0.99784935, 0.064091794, -0.013745706, -0.43199852;
 -0.036387764, 0.71603346, 0.69711691, -0.96735126;
 0.054521859, -0.69511747, 0.71682566, -0.89777434;
 0, 0, 0, 1]
Ow:
[0.44481799;
 0.096284807;
 1.3119665]
Keyframe: 76 Frame: 834 Frame from vFrameID : 835
Tcw:
[0.99527454, -0.082524799, -0.05116931, 0.44830525;
 0.020015994, 0.6900149, -0.72351831, 0.11393702;
 0.095015794, 0.71907514, 0.68840611, 1.3195299;
 0, 0, 0, 1]
Twc:
[0.99527454, 0.020015994, 0.095015794, -0.57384348;
 -0.082524799, 0.6900149, 0.71907514, -0.99046308;
 -0.05116931, -0.72351831, 0.68840611, -0.80299741;
 0, 0, 0, 1]
Ow:
[0.44830525;
 0.11393702;
 1.3195299]
Keyframe: 77 Frame: 842 Frame from vFrameID : 843
Tcw:
[0.99350631, -0.092354067, -0.066452123, 0.45801336;
 0.018659675, 0.70840716, -0.70555729, 0.10627335;
 0.11223625, 0.69973564, 0.70553035, 1.3345858;
 0, 0, 0, 1]
Twc:
[0.99350631, 0.018659675, 0.11223625, -0.60681117;
 -0.092354067, 0.70840716, 0.69973564, -0.96684271;
 -0.066452123, -0.70555729, 0.70553035, -0.83617288;
 0, 0, 0, 1]
Ow:
[0.45801336;
 0.10627335;
 1.3345858]
Keyframe: 78 Frame: 850 Frame from vFrameID : 851
Tcw:
[0.99632543, -0.078029774, -0.035312403, 0.46506992;
 0.030396754, 0.70760268, -0.70595646, 0.10623473;
 0.080072775, 0.70228899, 0.70737439, 1.3436934;
 0, 0, 0, 1]
Twc:
[0.99632543, 0.030396754, 0.080072775, -0.57418346;
 -0.078029774, 0.70760268, 0.70228899, -0.98254371;
 -0.035312403, -0.70595646, 0.70737439, -0.85907447;
 0, 0, 0, 1]
Ow:
[0.46506992;
 0.10623473;
 1.3436934]
Keyframe: 79 Frame: 859 Frame from vFrameID : 860
Tcw:
[0.99824274, -0.059215076, -0.0022344473, 0.4605664;
 0.040658999, 0.71188235, -0.70112079, 0.10941869;
 0.043107584, 0.69979787, 0.71303904, 1.3572446;
 0, 0, 0, 1]
Twc:
[0.99824274, 0.040658999, 0.043107584, -0.52271348;
 -0.059215076, 0.71188235, 0.69979787, -1.0004177;
 -0.0022344473, -0.70112079, 0.71303904, -0.89002353;
 0, 0, 0, 1]
Ow:
[0.4605664;
 0.10941869;
 1.3572446]
Keyframe: 80 Frame: 867 Frame from vFrameID : 868
Tcw:
[0.99769068, -0.067333832, -0.0089164907, 0.46623474;
 0.04155644, 0.70897168, -0.7040115, 0.11354011;
 0.053725332, 0.70201516, 0.7101326, 1.3678807;
 0, 0, 0, 1]
Twc:
[0.99769068, 0.04155644, 0.053725332, -0.54336619;
 -0.067333832, 0.70897168, 0.70201516, -1.0093764;
 -0.0089164907, -0.7040115, 0.7101326, -0.88728595;
 0, 0, 0, 1]
Ow:
[0.46623474;
 0.11354011;
 1.3678807]
Keyframe: 81 Frame: 875 Frame from vFrameID : 876
Tcw:
[0.99927515, -0.026783714, 0.027052138, 0.46645534;
 0.038067766, 0.70632714, -0.70686126, 0.10750568;
 -0.0001752887, 0.70737869, 0.70683473, 1.3743615;
 0, 0, 0, 1]
Twc:
[0.99927515, 0.038067766, -0.0001752887, -0.46996883;
 -0.026783714, 0.70632714, 0.70737869, -1.0356348;
 0.027052138, -0.70686126, 0.70683473, -0.90807343;
 0, 0, 0, 1]
Ow:
[0.46645534;
 0.10750568;
 1.3743615]
Keyframe: 82 Frame: 884 Frame from vFrameID : 885
Tcw:
[0.99789393, 0.0030490693, 0.064794786, 0.46190122;
 0.041792516, 0.73371893, -0.67816657, 0.1185481;
 -0.049608938, 0.67944628, 0.73204625, 1.3782567;
 0, 0, 0, 1]
Twc:
[0.99789393, 0.041792516, -0.049608938, -0.39750901;
 0.0030490693, 0.73371893, 0.67944628, -1.0248407;
 0.064794786, -0.67816657, 0.73204625, -0.95848107;
 0, 0, 0, 1]
Ow:
[0.46190122;
 0.1185481;
 1.3782567]
Keyframe: 83 Frame: 892 Frame from vFrameID : 893
Tcw:
[0.99933606, -0.022172704, 0.028909819, 0.46312812;
 0.036058947, 0.71542078, -0.69776273, 0.11303514;
 -0.0052113994, 0.69834191, 0.71574533, 1.3951215;
 0, 0, 0, 1]
Twc:
[0.99933606, 0.036058947, -0.0052113994, -0.45962605;
 -0.022172704, 0.71542078, 0.69834191, -1.0448707;
 0.028909819, -0.69776273, 0.71574533, -0.93306893;
 0, 0, 0, 1]
Ow:
[0.46312812;
 0.11303514;
 1.3951215]
Keyframe: 84 Frame: 901 Frame from vFrameID : 902
Tcw:
[0.99871349, -0.042310707, -0.027949462, 0.46611902;
 0.0096714608, 0.69999427, -0.71408296, 0.11470956;
 0.049777817, 0.71289396, 0.69950294, 1.400357;
 0, 0, 0, 1]
Twc:
[0.99871349, 0.0096714608, 0.049777817, -0.53633547;
 -0.042310707, 0.69999427, 0.71289396, -1.0588803;
 -0.027949462, -0.71408296, 0.69950294, -0.88461393;
 0, 0, 0, 1]
Ow:
[0.46611902;
 0.11470956;
 1.400357]
Keyframe: 85 Frame: 910 Frame from vFrameID : 911
Tcw:
[0.99800283, -0.030725406, 0.055193748, 0.45898306;
 0.060753297, 0.70620197, -0.70539904, 0.11868978;
 -0.017304262, 0.7073434, 0.70665824, 1.4049789;
 0, 0, 0, 1]
Twc:
[0.99800283, 0.060753297, -0.017304262, -0.44096506;
 -0.030725406, 0.70620197, 0.7073434, -1.0635191;
 0.055193748, -0.70539904, 0.70665824, -0.93444926;
 0, 0, 0, 1]
Ow:
[0.45898306;
 0.11868978;
 1.4049789]
Keyframe: 86 Frame: 918 Frame from vFrameID : 919
Tcw:
[0.99868631, -0.014585629, 0.049121883, 0.46264753;
 0.044359952, 0.72594631, -0.68631923, 0.11853427;
 -0.025649453, 0.68759668, 0.72563964, 1.4092901;
 0, 0, 0, 1]
Twc:
[0.99868631, 0.044359952, -0.025649453, -0.43115038;
 -0.014585629, 0.72594631, 0.68759668, -1.0483247;
 0.049121883, -0.68631923, 0.72563964, -0.9640106;
 0, 0, 0, 1]
Ow:
[0.46264753;
 0.11853427;
 1.4092901]
Keyframe: 87 Frame: 928 Frame from vFrameID : 929
Tcw:
[0.99879366, -0.04822997, 0.0092234947, 0.45490322;
 0.041107208, 0.71851057, -0.69430017, 0.12111712;
 0.026858898, 0.69384176, 0.71962643, 1.4187546;
 0, 0, 0, 1]
Twc:
[0.99879366, 0.041107208, 0.026858898, -0.49743941;
 -0.04822997, 0.71851057, 0.69384176, -1.0494752;
 0.0092234947, -0.69430017, 0.71962643, -0.94107741;
 0, 0, 0, 1]
Ow:
[0.45490322;
 0.12111712;
 1.4187546]
Keyframe: 88 Frame: 936 Frame from vFrameID : 937
Tcw:
[0.99842381, -0.04757278, 0.029776845, 0.45291129;
 0.055012774, 0.7245391, -0.68703473, 0.11887419;
 0.011109663, 0.68758994, 0.7260142, 1.4231837;
 0, 0, 0, 1]
Twc:
[0.99842381, 0.055012774, 0.011109663, -0.47454813;
 -0.04757278, 0.7245391, 0.68758994, -1.0431496;
 0.029776845, -0.68703473, 0.7260142, -0.96506721;
 0, 0, 0, 1]
Ow:
[0.45291129;
 0.11887419;
 1.4231837]
Keyframe: 89 Frame: 944 Frame from vFrameID : 945
Tcw:
[0.99638605, -0.031860754, 0.078738317, 0.43969169;
 0.077014685, 0.72986192, -0.67924243, 0.13370866;
 -0.035826921, 0.68285173, 0.72967798, 1.4193687;
 0, 0, 0, 1]
Twc:
[0.99638605, 0.077014685, -0.035826921, -0.39754859;
 -0.031860754, 0.72986192, 0.68285173, -1.0527983;
 0.078738317, -0.67924243, 0.72967798, -0.97948205;
 0, 0, 0, 1]
Ow:
[0.43969169;
 0.13370866;
 1.4193687]
Keyframe: 90 Frame: 952 Frame from vFrameID : 953
Tcw:
[0.99848366, -0.037472241, 0.040326551, 0.44261646;
 0.054910362, 0.72993088, -0.68131179, 0.136096;
 -0.0039053159, 0.68249303, 0.73088169, 1.4239676;
 0, 0, 0, 1]
Twc:
[0.99848366, 0.054910362, -0.0039053159, -0.44385731;
 -0.037472241, 0.72993088, 0.68249303, -1.0546029;
