Keyframe: 0 Frame: 0 Frame from vFrameID : 221
Tcw:
[1, 0, 0, 0;
 0, 1, 0, 0;
 0, 0, 1, 0;
 0, 0, 0, 1]
Twc:
[1, 0, 0, 0;
 0, 1, 0, 0;
 0, 0, 1, 0;
 0, 0, 0, 1]
Ow:
[0;
 0;
 0]
Keyframe: 1 Frame: 220 Frame from vFrameID : 221
Tcw:
[0.99996752, -0.0076304716, 0.0026010699, 0.021028809;
 0.0077426676, 0.9988991, -0.046267539, 0.0011072168;
 -0.0022451631, 0.046286177, 0.99892569, 0.048851989;
 0, 0, 0, 1]
Twc:
[0.99996752, 0.0077426676, -0.0022451631, -0.020927019;
 -0.0076304716, 0.9988991, 0.046286177, -0.0032067096;
 0.0026010699, -0.046267539, 0.99892569, -0.048802976;
 0, 0, 0, 1]
Ow:
[0.021028809;
 0.0011072168;
 0.048851989]
Keyframe: 2 Frame: 221 Frame from vFrameID : 222
Tcw:
[0.9999541, 0.00065075094, 0.0095586702, 0.019149233;
 -0.00023411283, 0.99905235, -0.043524064, 0.0012053486;
 -0.0095779356, 0.043519828, 0.99900663, 0.052614707;
 0, 0, 0, 1]
Twc:
[0.9999541, -0.00023411283, -0.0095779356, -0.01864413;
 0.00065075094, 0.99905235, 0.043519828, -0.0035064511;
 0.0095586702, -0.043524064, 0.99900663, -0.052693024;
 0, 0, 0, 1]
Ow:
[0.019149233;
 0.0012053486;
 0.052614707]
Keyframe: 3 Frame: 222 Frame from vFrameID : 223
Tcw:
[0.99994296, -0.0048564672, 0.0095100189, 0.020710342;
 0.0053021554, 0.99886119, -0.047414854, -0.00031665619;
 -0.0092689209, 0.047462575, 0.99883002, 0.058490045;
 0, 0, 0, 1]
Twc:
[0.99994296, 0.0053021554, -0.0092689209, -0.020165343;
 -0.0048564672, 0.99886119, 0.047462575, -0.0023592135;
 0.0095100189, -0.047414854, 0.99883002, -0.058633585;
 0, 0, 0, 1]
Ow:
[0.020710342;
 -0.00031665619;
 0.058490045]
Keyframe: 4 Frame: 223 Frame from vFrameID : 224
Tcw:
[0.9999432, -0.0049041049, 0.0094659775, 0.020730909;
 0.0053474088, 0.99886221, -0.047388662, -0.00033690501;
 -0.0092228083, 0.047436588, 0.99883169, 0.058511723;
 0, 0, 0, 1]
Twc:
[0.9999432, 0.0053474088, -0.0092228083, -0.020188287;
 -0.0049041049, 0.99886221, 0.047436588, -0.002337408;
 0.0094659775, -0.047388662, 0.99883169, -0.058655564;
 0, 0, 0, 1]
Ow:
[0.020730909;
 -0.00033690501;
 0.058511723]
Keyframe: 5 Frame: 224 Frame from vFrameID : 225
Tcw:
[0.99987662, -0.010267996, 0.011886221, 0.02052615;
 0.010855661, 0.99866605, -0.050480515, 0.0023916024;
 -0.011352032, 0.050603319, 0.99865431, 0.060208119;
 0, 0, 0, 1]
Twc:
[0.99987662, 0.010855661, -0.011352032, -0.019866096;
 -0.010267996, 0.99866605, 0.050603319, -0.0052243806;
 0.011886221, -0.050480515, 0.99865431, -0.060250346;
 0, 0, 0, 1]
Ow:
[0.02052615;
 0.0023916024;
 0.060208119]
Keyframe: 6 Frame: 226 Frame from vFrameID : 227
Tcw:
[0.99974102, -0.019737983, 0.01132702, 0.022134323;
 0.019991977, 0.99954087, -0.022766704, 0.0028796787;
 -0.010872451, 0.022987256, 0.99967664, 0.073422857;
 0, 0, 0, 1]
Twc:
[0.99974102, 0.019991977, -0.010872451, -0.021387875;
 -0.019737983, 0.99954087, 0.022987256, -0.0041292598;
 0.01132702, -0.022766704, 0.99967664, -0.073584273;
 0, 0, 0, 1]
Ow:
[0.022134323;
 0.0028796787;
 0.073422857]
Keyframe: 7 Frame: 228 Frame from vFrameID : 229
Tcw:
[0.99969637, -0.022437215, 0.010185, 0.02210371;
 0.022639783, 0.99953902, -0.020229442, 0.0016028156;
 -0.0097264117, 0.020453885, 0.99974346, 0.078925058;
 0, 0, 0, 1]
Twc:
[0.99969637, 0.022639783, -0.0097264117, -0.021365628;
 -0.022437215, 0.99953902, 0.020453885, -0.0027204552;
 0.010185, -0.020229442, 0.99974346, -0.079097517;
 0, 0, 0, 1]
Ow:
[0.02210371;
 0.0016028156;
 0.078925058]
Keyframe: 8 Frame: 230 Frame from vFrameID : 231
Tcw:
[0.99965036, -0.025855334, 0.0055404902, 0.02613187;
 0.025937829, 0.99954534, -0.015374101, 0.0027091182;
 -0.0051404685, 0.015512434, 0.99986649, 0.087036341;
 0, 0, 0, 1]
Twc:
[0.99965036, 0.025937829, -0.0051404685, -0.025745595;
 -0.025855334, 0.99954534, 0.015512434, -0.0033823836;
 0.0055404902, -0.015374101, 0.99986649, -0.087127849;
 0, 0, 0, 1]
Ow:
[0.02613187;
 0.0027091182;
 0.087036341]
Keyframe: 9 Frame: 232 Frame from vFrameID : 233
Tcw:
[0.99967438, -0.024982229, 0.0051994589, 0.029982446;
 0.025043856, 0.99961257, -0.012146067, 0.0040527331;
 -0.0048940089, 0.012272326, 0.99991274, 0.095743872;
 0, 0, 0, 1]
Twc:
[0.99967438, 0.025043856, -0.0048940089, -0.029605607;
 -0.024982229, 0.99961257, 0.012272326, -0.0044771349;
 0.0051994589, -0.012146067, 0.99991274, -0.095842183;
 0, 0, 0, 1]
Ow:
[0.029982446;
 0.0040527331;
 0.095743872]
Keyframe: 10 Frame: 234 Frame from vFrameID : 235
Tcw:
[0.99972188, -0.022706486, 0.0063648783, 0.032216489;
 0.022789532, 0.99965191, -0.013293474, 0.0044118501;
 -0.0060608145, 0.01343483, 0.9998914, 0.10023841;
 0, 0, 0, 1]
Twc:
[0.99972188, 0.022789532, -0.0060608145, -0.031700548;
 -0.022706486, 0.99965191, 0.01343483, -0.0050254771;
 0.0063648783, -0.013293474, 0.9998914, -0.10037393;
 0, 0, 0, 1]
Ow:
[0.032216489;
 0.0044118501;
 0.10023841]
Keyframe: 11 Frame: 237 Frame from vFrameID : 238
Tcw:
[0.99943447, -0.032709528, -0.0078004776, 0.038717523;
 0.032658037, 0.99944454, -0.0066394061, 0.0072560362;
 0.0080133164, 0.0063809026, 0.99994755, 0.11848583;
 0, 0, 0, 1]
Twc:
[0.99943447, 0.032658037, 0.0080133164, -0.039882056;
 -0.032709528, 0.99944454, 0.0063809026, -0.0067416206;
 -0.0078004776, -0.0066394061, 0.99994755, -0.11812942;
 0, 0, 0, 1]
Ow:
[0.038717523;
 0.0072560362;
 0.11848583]
Keyframe: 12 Frame: 239 Frame from vFrameID : 240
Tcw:
[0.99923807, -0.036001768, -0.015071234, 0.043731302;
 0.035944391, 0.99934554, -0.0040607676, 0.0065196683;
 0.015207565, 0.0035159474, 0.99987817, 0.12277029;
 0, 0, 0, 1]
Twc:
[0.99923807, 0.035944391, 0.015207565, -0.045799363;
 -0.036001768, 0.99934554, 0.0035159474, -0.0053726509;
 -0.015071234, -0.0040607676, 0.99987817, -0.12206978;
 0, 0, 0, 1]
Ow:
[0.043731302;
 0.0065196683;
 0.12277029]
Keyframe: 13 Frame: 241 Frame from vFrameID : 242
Tcw:
[0.99945676, -0.027457364, -0.018228874, 0.052575119;
 0.027611431, 0.99958467, 0.0082545811, 0.0047614658;
 0.017994653, -0.0087534217, 0.99979979, 0.13208899;
 0, 0, 0, 1]
Twc:
[0.99945676, 0.027611431, 0.017994653, -0.055054922;
 -0.027457364, 0.99958467, -0.0087534217, -0.0021596833;
 -0.018228874, 0.0082545811, 0.99979979, -0.13114345;
 0, 0, 0, 1]
Ow:
[0.052575119;
 0.0047614658;
 0.13208899]
Keyframe: 14 Frame: 243 Frame from vFrameID : 244
Tcw:
[0.99937886, -0.026826464, -0.022851599, 0.058903493;
 0.027137751, 0.99954158, 0.01342261, 0.0071916357;
 0.022481043, -0.014034415, 0.99964875, 0.13933133;
 0, 0, 0, 1]
Twc:
[0.99937886, 0.027137751, 0.022481043, -0.062194388;
 -0.026826464, 0.99954158, -0.014034415, -0.0036527328;
 -0.022851599, 0.01342261, 0.99964875, -0.13803288;
 0, 0, 0, 1]
Ow:
[0.058903493;
 0.0071916357;
 0.13933133]
Keyframe: 15 Frame: 245 Frame from vFrameID : 246
Tcw:
[0.99928993, -0.023676479, -0.029310396, 0.06220163;
 0.024503466, 0.99930233, 0.028184736, 0.0014734382;
 0.028622633, -0.028882928, 0.99917293, 0.15002699;
 0, 0, 0, 1]
Twc:
[0.99928993, 0.024503466, 0.028622633, -0.066487737;
 -0.023676479, 0.99930233, -0.028882928, 0.0043335245;
 -0.029310396, 0.028184736, 0.99917293, -0.14812128;
 0, 0, 0, 1]
Ow:
[0.06220163;
 0.0014734382;
 0.15002699]
Keyframe: 16 Frame: 248 Frame from vFrameID : 249
Tcw:
[0.99921, -0.026062327, -0.030003134, 0.070313908;
 0.026613552, 0.9994815, 0.018121861, 0.0014784872;
 0.029515279, -0.018906033, 0.99938554, 0.16121553;
 0, 0, 0, 1]
Twc:
[0.99921, 0.026613552, 0.029515279, -0.075056024;
 -0.026062327, 0.9994815, -0.018906033, 0.0034027696;
 -0.030003134, 0.018121861, 0.99938554, -0.15903361;
 0, 0, 0, 1]
Ow:
[0.070313908;
 0.0014784872;
 0.16121553]
Keyframe: 17 Frame: 251 Frame from vFrameID : 252
Tcw:
[0.99914283, -0.03003094, -0.028491775, 0.07183598;
 0.030696476, 0.99925911, 0.023216305, 0.0041019507;
 0.027773457, -0.024071002, 0.99932438, 0.1691853;
 0, 0, 0, 1]
Twc:
[0.99914283, 0.030696476, 0.027773457, -0.076599181;
 -0.03003094, 0.99925911, -0.024071002, 0.0021308502;
 -0.028491775, 0.023216305, 0.99932438, -0.16711949;
 0, 0, 0, 1]
Ow:
[0.07183598;
 0.0041019507;
 0.1691853]
Keyframe: 18 Frame: 254 Frame from vFrameID : 255
Tcw:
[0.99897844, -0.03895314, -0.022907067, 0.080979086;
 0.039617024, 0.99878585, 0.029279582, 0.0031631566;
 0.021738723, -0.030157182, 0.99930876, 0.19228014;
 0, 0, 0, 1]
Twc:
[0.99897844, 0.039617024, 0.021738723, -0.085201599;
 -0.03895314, 0.99878585, -0.030157182, 0.0057937005;
 -0.022907067, 0.029279582, 0.99930876, -0.19038485;
 0, 0, 0, 1]
Ow:
[0.080979086;
 0.0031631566;
 0.19228014]
Keyframe: 19 Frame: 257 Frame from vFrameID : 258
Tcw:
[0.99899745, -0.039850086, -0.020397026, 0.080559872;
 0.040426582, 0.99877089, 0.028678123, 0.0046981359;
 0.019229129, -0.029473955, 0.99938059, 0.20411746;
 0, 0, 0, 1]
Twc:
[0.99899745, 0.040426582, 0.019229129, -0.084594041;
 -0.039850086, 0.99877089, -0.029473955, 0.0045341058;
 -0.020397026, 0.028678123, 0.99938059, -0.20248258;
 0, 0, 0, 1]
Ow:
[0.080559872;
 0.0046981359;
 0.20411746]
Keyframe: 20 Frame: 260 Frame from vFrameID : 261
Tcw:
[0.99940354, -0.027707139, -0.020614084, 0.090077206;
 0.028145283, 0.99937737, 0.021277033, 0.0010977217;
 0.020011723, -0.02184453, 0.99956107, 0.22200674;
 0, 0, 0, 1]
Twc:
[0.99940354, 0.028145283, 0.020011723, -0.094497107;
 -0.027707139, 0.99937737, -0.02184453, 0.0062483768;
 -0.020614084, 0.021277033, 0.99956107, -0.2200758;
 0, 0, 0, 1]
Ow:
[0.090077206;
 0.0010977217;
 0.22200674]
Keyframe: 21 Frame: 263 Frame from vFrameID : 264
Tcw:
[0.99884725, -0.039624743, -0.027092481, 0.093127236;
 0.039846398, 0.9991762, 0.0076908804, 0.00029711926;
 0.026765414, -0.0087615522, 0.99960333, 0.2367608;
 0, 0, 0, 1]
Twc:
[0.99884725, 0.039846398, 0.026765414, -0.099368729;
 -0.039624743, 0.9991762, -0.0087615522, 0.0054676607;
 -0.027092481, 0.0076908804, 0.99960333, -0.23414612;
 0, 0, 0, 1]
Ow:
[0.093127236;
 0.00029711926;
 0.2367608]
Keyframe: 22 Frame: 266 Frame from vFrameID : 267
Tcw:
[0.99869889, -0.047673531, -0.018105529, 0.096077874;
 0.047652125, 0.99886268, -0.0016122821, 0.0013809269;
 0.018161802, 0.00074741733, 0.99983478, 0.24490152;
 0, 0, 0, 1]
Twc:
[0.99869889, 0.047652125, 0.018161802, -0.10046652;
 -0.047673531, 0.99886268, 0.00074741733, 0.0030179718;
 -0.018105529, -0.0016122821, 0.99983478, -0.2431193;
 0, 0, 0, 1]
Ow:
[0.096077874;
 0.0013809269;
 0.24490152]
Keyframe: 23 Frame: 269 Frame from vFrameID : 270
Tcw:
[0.99858224, -0.053139377, -0.0031185229, 0.1046934;
 0.053184118, 0.99844593, 0.016648682, 0.0020697271;
 0.002228976, -0.016790934, 0.99985653, 0.26424;
 0, 0, 0, 1]
Twc:
[0.99858224, 0.053184118, 0.002228976, -0.10524403;
 -0.053139377, 0.99844593, -0.016790934, 0.0079336679;
 -0.0031185229, 0.016648682, 0.99985653, -0.26391006;
 0, 0, 0, 1]
Ow:
[0.1046934;
 0.0020697271;
 0.26424]
Keyframe: 24 Frame: 272 Frame from vFrameID : 273
Tcw:
[0.99849707, -0.054794993, 0.0010356144, 0.1085001;
 0.054754522, 0.9982124, 0.023957727, 0.0021183169;
 -0.0023465266, -0.023865016, 0.99971241, 0.27600214;
 0, 0, 0, 1]
Twc:
[0.99849707, 0.054754522, -0.0023465266, -0.10780539;
 -0.054794993, 0.9982124, -0.023865016, 0.010417528;
 0.0010356144, 0.023957727, 0.99971241, -0.27608588;
 0, 0, 0, 1]
Ow:
[0.1085001;
 0.0021183169;
 0.27600214]
Keyframe: 25 Frame: 275 Frame from vFrameID : 276
Tcw:
[0.99869841, -0.050364777, -0.0080513749, 0.1161051;
 0.050499558, 0.99857044, 0.017519264, 0.0037630438;
 0.0071575115, -0.017903052, 0.99981409, 0.29068783;
 0, 0, 0, 1]
Twc:
[0.99869841, 0.050499558, 0.0071575115, -0.11822462;
 -0.050364777, 0.99857044, -0.017903052, 0.0072941436;
 -0.0080513749, 0.017519264, 0.99981409, -0.28976494;
 0, 0, 0, 1]
Ow:
[0.1161051;
 0.0037630438;
 0.29068783]
Keyframe: 26 Frame: 279 Frame from vFrameID : 280
Tcw:
[0.99837422, -0.0483234, -0.030229274, 0.13057007;
 0.048050422, 0.99879789, -0.0096929204, -0.0001568424;
 0.03066133, 0.0082246326, 0.99949598, 0.31289178;
 0, 0, 0, 1]
Twc:
[0.99837422, 0.048050422, 0.03066133, -0.13994393;
 -0.0483234, 0.99879789, 0.0082246326, 0.0038928236;
 -0.030229274, -0.0096929204, 0.99949598, -0.30878857;
 0, 0, 0, 1]
Ow:
[0.13057007;
 -0.0001568424;
 0.31289178]
Keyframe: 27 Frame: 283 Frame from vFrameID : 284
Tcw:
[0.99889553, -0.033566814, -0.032878466, 0.13907483;
 0.032884452, 0.99923682, -0.021079624, 0.00176802;
 0.03356095, 0.01997515, 0.99923706, 0.32519427;
 0, 0, 0, 1]
Twc:
[0.99889553, 0.032884452, 0.03356095, -0.14989319;
 -0.033566814, 0.99923682, 0.01997515, -0.0035941764;
 -0.032878466, -0.021079624, 0.99923706, -0.32033631;
 0, 0, 0, 1]
Ow:
[0.13907483;
 0.00176802;
 0.32519427]
Keyframe: 28 Frame: 287 Frame from vFrameID : 288
Tcw:
[0.99850631, -0.034126528, -0.042667363, 0.14758852;
 0.034022864, 0.99941605, -0.0031536177, 0.0015017248;
 0.042750068, 0.0016972414, 0.99908435, 0.34310868;
 0, 0, 0, 1]
Twc:
[0.99850631, 0.034022864, 0.042750068, -0.1620871;
 -0.034126528, 0.99941605, 0.0016972414, 0.0029534982;
 -0.042667363, -0.0031536177, 0.99908435, -0.33649257;
 0, 0, 0, 1]
Ow:
[0.14758852;
 0.0015017248;
 0.34310868]
Keyframe: 29 Frame: 291 Frame from vFrameID : 292
Tcw:
[0.99835378, -0.032790635, -0.047058273, 0.15572685;
 0.033157781, 0.99942529, 0.0070423936, 0.0040270202;
 0.046800304, -0.0085911481, 0.99886733, 0.36927539;
 0, 0, 0, 1]
Twc:
[0.99835378, 0.033157781, 0.046800304, -0.17288622;
 -0.032790635, 0.99942529, -0.0085911481, 0.0042541758;
 -0.047058273, 0.0070423936, 0.99886733, -0.36155722;
 0, 0, 0, 1]
Ow:
[0.15572685;
 0.0040270202;
 0.36927539]
Keyframe: 30 Frame: 295 Frame from vFrameID : 296
Tcw:
[0.99798399, -0.032529067, -0.054496318, 0.16046385;
 0.032645613, 0.99946618, 0.001249571, 0.0023848389;
 0.054426581, -0.0030261176, 0.99851316, 0.38785452;
 0, 0, 0, 1]
Twc:
[0.99798399, 0.032645613, 0.054426581, -0.1813278;
 -0.032529067, 0.99946618, -0.0030261176, 0.0040098671;
 -0.054496318, 0.001249571, 0.99851316, -0.37853613;
 0, 0, 0, 1]
Ow:
[0.16046385;
 0.0023848389;
 0.38785452]
Keyframe: 31 Frame: 299 Frame from vFrameID : 300
Tcw:
[0.99620724, -0.048193458, -0.072447143, 0.16378544;
 0.047407866, 0.99879706, -0.012525396, 0.00075964956;
 0.07296364, 0.0090433257, 0.99729359, 0.40782356;
 0, 0, 0, 1]
Twc:
[0.99620724, 0.047407866, 0.07296364, -0.19295654;
 -0.048193458, 0.99879706, 0.0090433257, 0.0034465706;
 -0.072447143, -0.012525396, 0.99729359, -0.39484453;
 0, 0, 0, 1]
Ow:
[0.16378544;
 0.00075964956;
 0.40782356]
Keyframe: 32 Frame: 303 Frame from vFrameID : 304
Tcw:
[0.99705929, -0.05346635, -0.054901298, 0.1701382;
 0.053031929, 0.9985491, -0.0093403943, 0.0014822595;
 0.055321038, 0.0064014052, 0.99844807, 0.42081624;
 0, 0, 0, 1]
Twc:
[0.99705929, 0.053031929, 0.055321038, -0.19299646;
 -0.05346635, 0.9985491, 0.0064014052, 0.0049227434;
 -0.054901298, -0.0093403943, 0.99844807, -0.41080853;
 0, 0, 0, 1]
Ow:
[0.1701382;
 0.0014822595;
 0.42081624]
Keyframe: 33 Frame: 307 Frame from vFrameID : 308
Tcw:
[0.99782676, -0.050451737, -0.042384036, 0.18438695;
 0.050590403, 0.99871707, 0.0022047628, -0.002314135;
 0.042218424, -0.004344197, 0.99909896, 0.4478001;
 0, 0, 0, 1]
Twc:
[0.99782676, 0.050590403, 0.042218424, -0.20277457;
 -0.050451737, 0.99871707, -0.004344197, 0.013559139;
 -0.042384036, 0.0022047628, 0.99909896, -0.43957645;
 0, 0, 0, 1]
Ow:
[0.18438695;
 -0.002314135;
 0.4478001]
Keyframe: 34 Frame: 311 Frame from vFrameID : 312
Tcw:
[0.99768627, -0.035887092, -0.057742499, 0.19421875;
 0.035619408, 0.99934942, -0.0056587192, -3.4593511e-05;
 0.057908006, 0.0035888732, 0.99831545, 0.45794442;
 0, 0, 0, 1]
Twc:
[0.99768627, 0.035619408, 0.057908006, -0.2202868;
 -0.035887092, 0.99934942, 0.0035888732, 0.0053610131;
 -0.057742499, -0.0056587192, 0.99831545, -0.44595852;
 0, 0, 0, 1]
Ow:
[0.19421875;
 -3.4593511e-05;
 0.45794442]
Keyframe: 35 Frame: 315 Frame from vFrameID : 316
Tcw:
[0.9961673, -0.010430702, -0.086844154, 0.21084961;
 0.010211552, 0.99994344, -0.0029673649, -0.003018867;
 0.086870193, 0.002069178, 0.99621749, 0.47643098;
 0, 0, 0, 1]
Twc:
[0.9961673, 0.010211552, 0.086870193, -0.25139832;
 -0.010430702, 0.99994344, 0.002069178, 0.0042321854;
 -0.086844154, -0.0029673649, 0.99621749, -0.45632678;
 0, 0, 0, 1]
Ow:
[0.21084961;
 -0.003018867;
 0.47643098]
Keyframe: 36 Frame: 319 Frame from vFrameID : 320
Tcw:
[0.99680912, -0.02463627, -0.07592535, 0.22227982;
 0.024826914, 0.99969053, 0.001567966, -0.00047898409;
 0.075863227, -0.0034479548, 0.99711227, 0.49253097;
 0, 0, 0, 1]
Twc:
[0.99680912, 0.024826914, 0.075863227, -0.25892362;
 -0.02463627, 0.99969053, -0.0034479548, 0.0076532052;
 -0.07592535, 0.001567966, 0.99711227, -0.47423124;
 0, 0, 0, 1]
Ow:
[0.22227982;
 -0.00047898409;
 0.49253097]
Keyframe: 37 Frame: 323 Frame from vFrameID : 324
Tcw:
[0.998218, -0.03163984, -0.050593644, 0.23119441;
 0.031930912, 0.9994778, 0.0049550841, 0.0038184461;
 0.050410446, -0.0065617552, 0.99870706, 0.51080507;
 0, 0, 0, 1]
Twc:
[0.998218, 0.031930912, 0.050410446, -0.25665423;
 -0.03163984, 0.9994778, -0.0065617552, 0.0068502785;
 -0.050593644, 0.0049550841, 0.99870706, -0.49846652;
 0, 0, 0, 1]
Ow:
[0.23119441;
 0.0038184461;
 0.51080507]
Keyframe: 38 Frame: 327 Frame from vFrameID : 328
Tcw:
[0.99860531, -0.0442564, -0.028789852, 0.23594956;
 0.044345714, 0.99901319, 0.0024708949, 0.0048951446;
 0.028652089, -0.0037441554, 0.99958241, 0.53396165;
 0, 0, 0, 1]
Twc:
[0.99860531, 0.044345714, 0.028652089, -0.25113666;
 -0.0442564, 0.99901319, -0.0037441554, 0.0075511988;
 -0.028789852, 0.0024708949, 0.99958241, -0.52695787;
 0, 0, 0, 1]
Ow:
[0.23594956;
 0.0048951446;
 0.53396165]
Keyframe: 39 Frame: 330 Frame from vFrameID : 331
Tcw:
[0.99888968, -0.040389605, -0.024251496, 0.23852244;
 0.040469453, 0.9991768, 0.0028105143, 0.0046928064;
 0.024118017, -0.0037888384, 0.99970192, 0.54464525;
 0, 0, 0, 1]
Twc:
[0.99888968, 0.040469453, 0.024118017, -0.25158328;
 -0.040389605, 0.9991768, -0.0037888384, 0.0070084571;
 -0.024251496, 0.0028105143, 0.99970192, -0.53871161;
 0, 0, 0, 1]
Ow:
[0.23852244;
 0.0046928064;
 0.54464525]
Keyframe: 40 Frame: 333 Frame from vFrameID : 334
Tcw:
[0.99865162, -0.048892431, -0.017448273, 0.24368429;
 0.048939019, 0.9987992, 0.0022529012, 0.0027746656;
 0.017317172, -0.003103765, 0.99984521, 0.55843651;
 0, 0, 0, 1]
Twc:
[0.99865162, 0.048939019, 0.017317172, -0.25316206;
 -0.048892431, 0.9987992, -0.003103765, 0.010876239;
 -0.017448273, 0.0022529012, 0.99984521, -0.55410445;
 0, 0, 0, 1]
Ow:
[0.24368429;
 0.0027746656;
 0.55843651]
Keyframe: 41 Frame: 337 Frame from vFrameID : 338
Tcw:
[0.99873102, -0.050184239, 0.0042283591, 0.2528021;
 0.05017592, 0.99873829, 0.0020513465, 0.0045062257;
 -0.0043259696, -0.0018365815, 0.99998897, 0.57410544;
 0, 0, 0, 1]
Twc:
[0.99873102, 0.05017592, -0.0043259696, -0.25022385;
 -0.050184239, 0.99873829, -0.0018365815, 0.0092405332;
 0.0042283591, 0.0020513465, 0.99998897, -0.57517725;
 0, 0, 0, 1]
Ow:
[0.2528021;
 0.0045062257;
 0.57410544]
Keyframe: 42 Frame: 341 Frame from vFrameID : 342
Tcw:
[0.99865985, -0.048362944, -0.018425373, 0.25886875;
 0.048452478, 0.9988156, 0.0044439049, 0.0062322649;
 0.018188631, -0.0053307042, 0.99982035, 0.5903495;
 0, 0, 0, 1]
Twc:
[0.99865985, 0.048452478, 0.018188631, -0.26956147;
 -0.048362944, 0.9988156, -0.0053307042, 0.0094417511;
 -0.018425373, 0.0044439049, 0.99982035, -0.58550143;
 0, 0, 0, 1]
Ow:
[0.25886875;
 0.0062322649;
 0.5903495]
Keyframe: 43 Frame: 345 Frame from vFrameID : 346
Tcw:
[0.99795061, -0.046969652, -0.043455333, 0.26842409;
 0.047615733, 0.99876827, 0.013953504, 0.007289541;
 0.042746413, -0.015994066, 0.99895793, 0.60144961;
 0, 0, 0, 1]
Twc:
[0.99795061, 0.047615733, 0.042746413, -0.29393089;
 -0.046969652, 0.99876827, -0.015994066, 0.014946847;
 -0.043455333, 0.013953504, 0.99895793, -0.5892601;
 0, 0, 0, 1]
Ow:
[0.26842409;
 0.007289541;
 0.60144961]
Keyframe: 44 Frame: 349 Frame from vFrameID : 350
Tcw:
[0.99432504, -0.027456187, -0.1027808, 0.28777745;
 0.028060673, 0.99959636, 0.0044397861, 0.012472499;
 0.10261741, -0.0072986889, 0.99469411, 0.61707032;
 0, 0, 0, 1]
Twc:
[0.99432504, 0.028060673, 0.10261741, -0.34981647;
 -0.027456187, 0.99959636, -0.0072986889, -6.2388237e-05;
 -0.1027808, 0.0044397861, 0.99469411, -0.58427364;
 0, 0, 0, 1]
Ow:
[0.28777745;
 0.012472499;
 0.61707032]
Keyframe: 45 Frame: 353 Frame from vFrameID : 354
Tcw:
[0.99373341, -0.031772051, -0.10716572, 0.29417163;
 0.034342229, 0.99916303, 0.022223175, 0.012421293;
 0.10636996, -0.025764219, 0.99399275, 0.62569577;
 0, 0, 0, 1]
Twc:
[0.99373341, 0.034342229, 0.10636996, -0.35930997;
 -0.031772051, 0.99916303, -0.025764219, 0.013056101;
 -0.10716572, 0.022223175, 0.99399275, -0.59068799;
 0, 0, 0, 1]
Ow:
[0.29417163;
 0.012421293;
 0.62569577]
Keyframe: 46 Frame: 357 Frame from vFrameID : 358
Tcw:
[0.99372637, -0.041259557, -0.10394975, 0.30295497;
 0.044731088, 0.99850899, 0.031288411, 0.011756703;
 0.10250381, -0.035741907, 0.99409026, 0.63793027;
 0, 0, 0, 1]
Twc:
[0.99372637, 0.044731088, 0.10250381, -0.36697054;
 -0.041259557, 0.99850899, -0.035741907, 0.023561457;
 -0.10394975, 0.031288411, 0.99409026, -0.60303605;
 0, 0, 0, 1]
Ow:
[0.30295497;
 0.011756703;
 0.63793027]
Keyframe: 47 Frame: 360 Frame from vFrameID : 361
Tcw:
[0.99506819, -0.045181017, -0.088306047, 0.30927673;
 0.048979606, 0.99794418, 0.041332539, 0.01244971;
 0.086257063, -0.045453891, 0.9952355, 0.64853513;
 0, 0, 0, 1]
Twc:
[0.99506819, 0.048979606, 0.086257063, -0.36430195;
 -0.045181017, 0.99794418, -0.045453891, 0.031027768;
 -0.088306047, 0.041332539, 0.9952355, -0.61864877;
 0, 0, 0, 1]
Ow:
[0.30927673;
 0.01244971;
 0.64853513]
Keyframe: 48 Frame: 364 Frame from vFrameID : 365
Tcw:
[0.99640346, -0.048061099, -0.069787525, 0.31549013;
 0.050570432, 0.99811941, 0.03464571, 0.01228621;
 0.067991175, -0.03805029, 0.99696004, 0.66467583;
 0, 0, 0, 1]
Twc:
[0.99640346, 0.050570432, 0.067991175, -0.36016887;
 -0.048061099, 0.99811941, -0.03805029, 0.028190807;
 -0.069787525, 0.03464571, 0.99696004, -0.64106369;
 0, 0, 0, 1]
Ow:
[0.31549013;
 0.01228621;
 0.66467583]
Keyframe: 49 Frame: 368 Frame from vFrameID : 369
Tcw:
[0.99725622, -0.054681838, -0.049899556, 0.31884095;
 0.056200135, 0.9979822, 0.029548036, 0.0095172282;
 0.048183125, -0.032271326, 0.99831706, 0.68588704;
 0, 0, 0, 1]
Twc:
[0.99725622, 0.056200135, 0.048183125, -0.35154918;
 -0.054681838, 0.9979822, -0.032271326, 0.030071266;
 -0.049899556, 0.029548036, 0.99831706, -0.66910392;
 0, 0, 0, 1]
Ow:
[0.31884095;
 0.0095172282;
 0.68588704]
Keyframe: 50 Frame: 371 Frame from vFrameID : 372
Tcw:
[0.99773252, -0.056378786, -0.036758732, 0.32431126;
 0.057610769, 0.99778146, 0.033364438, 0.0086700451;
 0.034796134, -0.035406481, 0.99876702, 0.69459891;
 0, 0, 0, 1]
Twc:
[0.99773252, 0.057610769, 0.034796134, -0.34824476;
 -0.056378786, 0.99778146, -0.035406481, 0.034226768;
 -0.036758732, 0.033364438, 0.99876702, -0.68211049;
 0, 0, 0, 1]
Ow:
[0.32431126;
 0.0086700451;
 0.69459891]
Keyframe: 51 Frame: 375 Frame from vFrameID : 376
Tcw:
[0.99855554, -0.053643614, -0.0030301269, 0.33228937;
 0.05371061, 0.9981032, 0.030085424, 0.011648854;
 0.0014104885, -0.030204717, 0.99954271, 0.714324;
 0, 0, 0, 1]
Twc:
[0.99855554, 0.05371061, 0.0014104885, -0.3334426;
 -0.053643614, 0.9981032, -0.030204717, 0.027774401;
 -0.0030301269, 0.030085424, 0.99954271, -0.713341;
 0, 0, 0, 1]
Ow:
[0.33228937;
 0.011648854;
 0.714324]
Keyframe: 52 Frame: 379 Frame from vFrameID : 380
Tcw:
[0.99842221, -0.055903342, -0.0052833073, 0.3420217;
 0.056072045, 0.99760294, 0.040550269, 0.012060581;
 0.0030037474, -0.040782534, 0.99916351, 0.73200732;
 0, 0, 0, 1]
Twc:
[0.99842221, 0.056072045, 0.0030037474, -0.3443571;
 -0.055903342, 0.99760294, -0.040782534, 0.036941599;
 -0.0052833073, 0.040550269, 0.99916351, -0.73007709;
 0, 0, 0, 1]
Ow:
[0.3420217;
 0.012060581;
 0.73200732]
Keyframe: 53 Frame: 383 Frame from vFrameID : 384
Tcw:
[0.99809378, -0.060277063, -0.013244746, 0.34853896;
 0.060729843, 0.99746972, 0.036960572, 0.014203014;
 0.010983358, -0.037694469, 0.99922895, 0.74616504;
 0, 0, 0, 1]
Twc:
[0.99809378, 0.060729843, 0.010983358, -0.35693255;
 -0.060277063, 0.99746972, -0.037694469, 0.034968127;
 -0.013244746, 0.036960572, 0.99922895, -0.74149835;
 0, 0, 0, 1]
Ow:
[0.34853896;
 0.014203014;
 0.74616504]
Keyframe: 54 Frame: 386 Frame from vFrameID : 387
Tcw:
[0.99884582, -0.031315412, -0.036419727, 0.3594887;
 0.0320432, 0.99929482, 0.019574292, 0.0099500623;
 0.035781067, -0.020718705, 0.99914485, 0.75934672;
 0, 0, 0, 1]
Twc:
[0.99884582, 0.0320432, 0.035781067, -0.38656282;
 -0.031315412, 0.99929482, -0.020718705, 0.017047169;
 -0.036419727, 0.019574292, 0.99914485, -0.74579966;
 0, 0, 0, 1]
Ow:
[0.3594887;
 0.0099500623;
 0.75934672]
Keyframe: 55 Frame: 390 Frame from vFrameID : 391
Tcw:
[0.99739099, -0.026880693, -0.066997133, 0.37066191;
 0.028732592, 0.99922693, 0.026832769, 0.0082779694;
 0.066224054, -0.028687764, 0.9973923, 0.76994294;
 0, 0, 0, 1]
Twc:
[0.99739099, 0.028732592, 0.066224054, -0.42092144;
 -0.026880693, 0.99922693, -0.028687764, 0.02378002;
 -0.066997133, 0.026832769, 0.9973923, -0.74332398;
 0, 0, 0, 1]
Ow:
[0.37066191;
 0.0082779694;
 0.76994294]
Keyframe: 56 Frame: 394 Frame from vFrameID : 395
Tcw:
[0.99768591, -0.036752541, -0.057201713, 0.37935534;
 0.036902137, 0.99931765, 0.0015607978, 0.00067539699;
 0.057105318, -0.0036680517, 0.99836141, 0.78510922;
 0, 0, 0, 1]
Twc:
[0.99768591, 0.036902137, 0.057105318, -0.42333633;
 -0.036752541, 0.99931765, -0.0036680517, 0.016147157;
 -0.057201713, 0.0015607978, 0.99836141, -0.76212406;
 0, 0, 0, 1]
Ow:
[0.37935534;
 0.00067539699;
 0.78510922]
Keyframe: 57 Frame: 397 Frame from vFrameID : 398
Tcw:
[0.99798131, -0.034022741, -0.053625576, 0.38449439;
 0.033330355, 0.99934977, -0.013753607, 0.002118106;
 0.054058641, 0.011938483, 0.99846637, 0.79071003;
 0, 0, 0, 1]
Twc:
[0.99798131, 0.033330355, 0.054058641, -0.42653355;
 -0.034022741, 0.99934977, 0.011938483, 0.0015249458;
 -0.053625576, -0.013753607, 0.99846637, -0.76884949;
 0, 0, 0, 1]
Ow:
[0.38449439;
 0.002118106;
 0.79071003]
Keyframe: 58 Frame: 401 Frame from vFrameID : 402
Tcw:
[0.9983018, -0.050519243, -0.029005112, 0.3865813;
 0.050882533, 0.99863344, 0.011926208, 0.01144162;
 0.028362971, -0.013381808, 0.99950814, 0.8113758;
 0, 0, 0, 1]
Twc:
[0.9983018, 0.050882533, 0.028362971, -0.40952003;
 -0.050519243, 0.99863344, -0.013381808, 0.018961485;
 -0.029005112, 0.011926208, 0.99950814, -0.79990029;
 0, 0, 0, 1]
Ow:
[0.3865813;
 0.01144162;
 0.8113758]
Keyframe: 59 Frame: 404 Frame from vFrameID : 405
Tcw:
[0.99839497, -0.055939663, -0.00884334, 0.39161184;
 0.056159783, 0.99805695, 0.026989372, 0.011076784;
 0.0073163807, -0.027442694, 0.9995966, 0.82846272;
 0, 0, 0, 1]
Twc:
[0.99839497, 0.056159783, 0.0073163807, -0.39766672;
 -0.055939663, 0.99805695, -0.027442694, 0.033586621;
 -0.00884334, 0.026989372, 0.9995966, -0.82496428;
 0, 0, 0, 1]
Ow:
[0.39161184;
 0.011076784;
 0.82846272]
Keyframe: 60 Frame: 408 Frame from vFrameID : 409
Tcw:
[0.99848926, -0.05453907, -0.006681955, 0.39314529;
 0.054710928, 0.99808049, 0.029017128, 0.0075972471;
 0.0050865621, -0.029338868, 0.9995566, 0.84688038;
 0, 0, 0, 1]
Twc:
[0.99848926, 0.054710928, 0.0050865621, -0.39727476;
 -0.05453907, 0.99808049, -0.029338868, 0.038705628;
 -0.006681955, 0.029017128, 0.9995566, -0.84409827;
 0, 0, 0, 1]
Ow:
[0.39314529;
 0.0075972471;
 0.84688038]
Keyframe: 61 Frame: 411 Frame from vFrameID : 412
Tcw:
[0.9979679, -0.063489377, 0.0054014684, 0.39492503;
 0.063325278, 0.9976415, 0.026481768, 0.0066160206;
 -0.0070700399, -0.026085904, 0.99963468, 0.86672598;
 0, 0, 0, 1]
Twc:
[0.9979679, 0.063325278, -0.0070700399, -0.38841367;
 -0.063489377, 0.9976415, -0.026085904, 0.041082457;
 0.0054014684, 0.026481768, 0.99963468, -0.86871773;
 0, 0, 0, 1]
Ow:
[0.39492503;
 0.0066160206;
 0.86672598]
Keyframe: 62 Frame: 415 Frame from vFrameID : 416
Tcw:
[0.99765259, -0.066375837, 0.016837612, 0.39823389;
 0.065812036, 0.99731624, 0.032079842, 0.0069306437;
 -0.01892175, -0.030896422, 0.99934345, 0.87764955;
 0, 0, 0, 1]
Twc:
[0.99765259, 0.065812036, -0.01892175, -0.38114855;
 -0.066375837, 0.99731624, -0.030896422, 0.046637293;
 0.016837612, 0.032079842, 0.99934345, -0.88400102;
 0, 0, 0, 1]
Ow:
[0.39823389;
 0.0069306437;
 0.87764955]
Keyframe: 63 Frame: 420 Frame from vFrameID : 421
Tcw:
[0.9971984, -0.070393227, 0.025301054, 0.4020755;
 0.069540963, 0.99702919, 0.033119574, 0.0093762763;
 -0.027557282, -0.031267326, 0.99913108, 0.9008882;
 0, 0, 0, 1]
Twc:
[0.9971984, 0.069540963, -0.027557282, -0.37677503;
 -0.070393227, 0.99702919, -0.031267326, 0.047123335;
 0.025301054, 0.033119574, 0.99913108, -0.91058892;
 0, 0, 0, 1]
Ow:
[0.4020755;
 0.0093762763;
 0.9008882]
Keyframe: 64 Frame: 424 Frame from vFrameID : 425
Tcw:
[0.99728757, -0.068415403, 0.027144004, 0.40933764;
 0.066918299, 0.99636662, 0.052683324, 0.010908857;
 -0.030649729, -0.050723996, 0.99824232, 0.92218941;
 0, 0, 0, 1]
Twc:
[0.99728757, 0.066918299, -0.030649729, -0.38069248;
 -0.068415403, 0.99636662, -0.050723996, 0.063912906;
 0.027144004, 0.052683324, 0.99824232, -0.9322542;
 0, 0, 0, 1]
Ow:
[0.40933764;
 0.010908857;
 0.92218941]
Keyframe: 65 Frame: 429 Frame from vFrameID : 430
Tcw:
[0.9981119, -0.060144495, 0.012461761, 0.42573309;
 0.059865538, 0.99797136, 0.021664303, 0.010433368;
 -0.013739469, -0.020877369, 0.99968761, 0.94440734;
 0, 0, 0, 1]
Twc:
[0.9981119, 0.059865538, -0.013739469, -0.4125782;
 -0.060144495, 0.99797136, -0.020877369, 0.034910038;
 0.012461761, 0.021664303, 0.99968761, -0.94964379;
 0, 0, 0, 1]
Ow:
[0.42573309;
 0.010433368;
 0.94440734]
Keyframe: 66 Frame: 433 Frame from vFrameID : 434
Tcw:
[0.99825418, -0.053621911, 0.024763433, 0.42655838;
 0.052986663, 0.99826616, 0.025633771, 0.008017689;
 -0.026095029, -0.024276888, 0.99936461, 0.95948392;
 0, 0, 0, 1]
Twc:
[0.99825418, 0.052986663, -0.026095029, -0.40120077;
 -0.053621911, 0.99826616, -0.024276888, 0.038162373;
 0.024763433, 0.025633771, 0.99936461, -0.96964288;
 0, 0, 0, 1]
Ow:
[0.42655838;
 0.008017689;
 0.95948392]
Keyframe: 67 Frame: 437 Frame from vFrameID : 438
Tcw:
[0.99809456, -0.047505405, 0.039376594, 0.43431619;
 0.045900721, 0.99811649, 0.040701091, 0.0069038831;
 -0.04123595, -0.038816124, 0.99839514, 0.97982681;
 0, 0, 0, 1]
Twc:
[0.99809456, 0.045900721, -0.04123595, -0.39340141;
 -0.047505405, 0.99811649, -0.038816124, 0.051774569;
 0.039376594, 0.040701091, 0.99839514, -0.9956373;
 0, 0, 0, 1]
Ow:
[0.43431619;
 0.0069038831;
 0.97982681]
Keyframe: 68 Frame: 440 Frame from vFrameID : 441
Tcw:
[0.99760634, -0.051631615, 0.045997161, 0.43291068;
 0.049742617, 0.99790752, 0.041307472, 0.0066040121;
 -0.048033684, -0.038920578, 0.99808717, 0.98921895;
 0, 0, 0, 1]
Twc:
[0.99760634, 0.049742617, -0.048033684, -0.38468713;
 -0.051631615, 0.99790752, -0.038920578, 0.054262657;
 0.045997161, 0.041307472, 0.99808717, -1.0075122;
 0, 0, 0, 1]
Ow:
[0.43291068;
 0.0066040121;
 0.98921895]
Keyframe: 69 Frame: 444 Frame from vFrameID : 445
Tcw:
[0.99653602, -0.064642549, 0.052319169, 0.43217859;
 0.062892623, 0.99742621, 0.034431133, 0.0066615622;
 -0.054410227, -0.031021375, 0.99803668, 1.0091925;
 0, 0, 0, 1]
Twc:
[0.99653602, 0.062892623, -0.054410227, -0.3761901;
 -0.064642549, 0.99742621, -0.031021375, 0.052599244;
 0.052319169, 0.034431133, 0.99803668, -1.0300516;
 0, 0, 0, 1]
Ow:
[0.43217859;
 0.0066615622;
 1.0091925]
Keyframe: 70 Frame: 448 Frame from vFrameID : 449
Tcw:
[0.99622446, -0.069620185, 0.051863451, 0.43153754;
 0.06885688, 0.99749231, 0.016363842, 0.0053983796;
 -0.052872647, -0.012730904, 0.99852014, 1.0295039;
 0, 0, 0, 1]
Twc:
[0.99622446, 0.06885688, -0.052872647, -0.3758474;
 -0.069620185, 0.99749231, -0.012730904, 0.037765399;
 0.051863451, 0.016363842, 0.99852014, -1.0504497;
 0, 0, 0, 1]
Ow:
[0.43153754;
 0.0053983796;
 1.0295039]
Keyframe: 71 Frame: 452 Frame from vFrameID : 453
Tcw:
[0.99434197, -0.082655795, 0.066723481, 0.4321571;
 0.081066258, 0.99636447, 0.026193362, 0.0042365007;
 -0.068645939, -0.020636138, 0.99742764, 1.0489333;
 0, 0, 0, 1]
Twc:
[0.99434197, 0.081066258, -0.068645939, -0.35805041;
 -0.082655795, 0.99636447, -0.020636138, 0.053145122;
 0.066723481, 0.026193362, 0.99742764, -1.075181;
 0, 0, 0, 1]
Ow:
[0.4321571;
 0.0042365007;
 1.0489333]
Keyframe: 72 Frame: 456 Frame from vFrameID : 457
Tcw:
[0.99380976, -0.081591569, 0.075398847, 0.43796811;
 0.079913072, 0.99648774, 0.025021615, 0.0047935024;
 -0.07717558, -0.018841371, 0.99683946, 1.0666388;
 0, 0, 0, 1]
Twc:
[0.99380976, 0.079913072, -0.07717558, -0.35332155;
 -0.081591569, 0.99648774, -0.018841371, 0.051054772;
 0.075398847, 0.025021615, 0.99683946, -1.0964099;
 0, 0, 0, 1]
Ow:
[0.43796811;
 0.0047935024;
 1.0666388]
Keyframe: 73 Frame: 460 Frame from vFrameID : 461
Tcw:
[0.99290109, -0.085959867, 0.082209103, 0.43955117;
 0.082909591, 0.9957608, 0.039830573, 0.005636286;
 -0.085284434, -0.032731898, 0.99581885, 1.0826679;
 0, 0, 0, 1]
Twc:
[0.99290109, 0.082909591, -0.085284434, -0.34456342;
 -0.085959867, 0.9957608, -0.032731898, 0.067609139;
 0.082209103, 0.039830573, 0.99581885, -1.1145008;
 0, 0, 0, 1]
Ow:
[0.43955117;
 0.005636286;
 1.0826679]
Keyframe: 74 Frame: 464 Frame from vFrameID : 465
Tcw:
[0.99572039, -0.075720392, 0.052984532, 0.44969055;
 0.074174017, 0.99677664, 0.03057004, 0.0059884954;
 -0.055128522, -0.026509134, 0.99812728, 1.1001852;
 0, 0, 0, 1]
Twc:
[0.99572039, 0.074174017, -0.055128522, -0.38755864;
 -0.075720392, 0.99677664, -0.026509134, 0.05724651;
 0.052984532, 0.03057004, 0.99812728, -1.1221346;
 0, 0, 0, 1]
Ow:
[0.44969055;
 0.0059884954;
 1.1001852]
Keyframe: 75 Frame: 467 Frame from vFrameID : 468
Tcw:
[0.99783301, -0.062740162, 0.019822495, 0.46131971;
 0.06205032, 0.99750441, 0.033685472, 0.001255881;
 -0.021886459, -0.032382485, 0.99923587, 1.116578;
 0, 0, 0, 1]
Twc:
[0.99783301, 0.06205032, -0.021886459, -0.43596005;
 -0.062740162, 0.99750441, -0.032382485, 0.063848101;
 0.019822495, 0.033685472, 0.99923587, -1.1249117;
 0, 0, 0, 1]
Ow:
[0.46131971;
 0.001255881;
 1.116578]
Keyframe: 76 Frame: 471 Frame from vFrameID : 472
Tcw:
[0.99766022, -0.065416425, 0.019870235, 0.46809304;
 0.064903304, 0.99756682, 0.02545571, 0.00044403784;
 -0.021487109, -0.024106504, 0.99947846, 1.1282076;
 0, 0, 0, 1]
Twc:
[0.99766022, 0.064903304, -0.021487109, -0.4427847;
 -0.065416425, 0.99756682, -0.024106504, 0.057375155;
 0.019870235, 0.02545571, 0.99947846, -1.1369315;
 0, 0, 0, 1]
Ow:
[0.46809304;
 0.00044403784;
 1.1282076]
Keyframe: 77 Frame: 474 Frame from vFrameID : 475
Tcw:
[0.9977259, -0.064530075, 0.019464085, 0.47157413;
 0.063878693, 0.99743116, 0.032412343, 0.0024383925;
 -0.021505656, -0.031095296, 0.99928504, 1.1409447;
 0, 0, 0, 1]
Twc:
[0.9977259, 0.063878693, -0.021505656, -0.44612074;
 -0.064530075, 0.99743116, -0.031095296, 0.0634766;
 0.019464085, 0.032412343, 0.99928504, -1.1493868;
 0, 0, 0, 1]
Ow:
[0.47157413;
 0.0024383925;
 1.1409447]
Keyframe: 78 Frame: 478 Frame from vFrameID : 479
Tcw:
[0.99766856, -0.062039994, 0.028433735, 0.47569287;
 0.060893636, 0.99736041, 0.039550386, 0.0022682808;
 -0.030812386, -0.037726741, 0.99881291, 1.1627634;
 0, 0, 0, 1]
Twc:
[0.99766856, 0.060893636, -0.030812386, -0.43889445;
 -0.062039994, 0.99736041, -0.037726741, 0.071116969;
 0.028433735, 0.039550386, 0.99881291, -1.1749986;
 0, 0, 0, 1]
Ow:
[0.47569287;
 0.0022682808;
 1.1627634]
Keyframe: 79 Frame: 482 Frame from vFrameID : 483
Tcw:
[0.99536067, -0.08302284, 0.048624236, 0.47606242;
 0.082088068, 0.99640548, 0.020919224, 0.002498528;
 -0.050186232, -0.016830703, 0.99859804, 1.1844721;
 0, 0, 0, 1]
Twc:
[0.99536067, 0.082088068, -0.050186232, -0.41461474;
 -0.08302284, 0.99640548, -0.016830703, 0.056970008;
 0.048624236, 0.020919224, 0.99859804, -1.2060119;
 0, 0, 0, 1]
Ow:
[0.47606242;
 0.002498528;
 1.1844721]
Keyframe: 80 Frame: 486 Frame from vFrameID : 487
Tcw:
[0.9951753, -0.07238932, 0.066226587, 0.48459038;
 0.072450779, 0.9973709, 0.0014764558, 8.2308077e-05;
 -0.066159345, 0.0033288351, 0.99780351, 1.2040823;
 0, 0, 0, 1]
Twc:
[0.9951753, 0.072450779, -0.066159345, -0.40259701;
 -0.07238932, 0.9973709, 0.0033288351, 0.030988885;
 0.066226587, 0.0014764558, 0.99780351, -1.2335304;
 0, 0, 0, 1]
Ow:
[0.48459038;
 8.2308077e-05;
 1.2040823]
Keyframe: 81 Frame: 489 Frame from vFrameID : 490
Tcw:
[0.99347514, -0.081140198, 0.080145903, 0.48769501;
 0.08115685, 0.99669665, 0.0030550561, 0.0018684205;
 -0.080129042, 0.0034692665, 0.99677849, 1.2177064;
 0, 0, 0, 1]
Twc:
[0.99347514, 0.08115685, -0.080129042, -0.38709089;
 -0.081140198, 0.99669665, 0.0034692665, 0.033484876;
 0.080145903, 0.0030550561, 0.99677849, -1.252876;
 0, 0, 0, 1]
Ow:
[0.48769501;
 0.0018684205;
 1.2177064]
Keyframe: 82 Frame: 493 Frame from vFrameID : 494
Tcw:
[0.99313414, -0.084015131, 0.081400253, 0.49379587;
 0.082173146, 0.99628597, 0.025726458, 0.0036265813;
 -0.083259344, -0.018860908, 0.99634939, 1.236316;
 0, 0, 0, 1]
Twc:
[0.99313414, 0.082173146, -0.083259344, -0.38776869;
 -0.084015131, 0.99628597, -0.018860908, 0.061191257;
 0.081400253, 0.025726458, 0.99634939, -1.2720912;
 0, 0, 0, 1]
Ow:
[0.49379587;
 0.0036265813;
 1.236316]
Keyframe: 83 Frame: 496 Frame from vFrameID : 497
Tcw:
[0.99372536, -0.083017744, 0.074953355, 0.49787927;
 0.081119597, 0.99631017, 0.028028412, 0.0041751787;
 -0.077003643, -0.021772357, 0.99679303, 1.2464111;
 0, 0, 0, 1]
Twc:
[0.99372536, 0.081119597, -0.077003643, -0.39911574;
 -0.083017744, 0.99631017, -0.021772357, 0.06431035;
 0.074953355, 0.028028412, 0.99679303, -1.2798487;
 0, 0, 0, 1]
Ow:
[0.49787927;
 0.0041751787;
 1.2464111]
Keyframe: 84 Frame: 500 Frame from vFrameID : 501
Tcw:
[0.99454796, -0.089415833, 0.053657703, 0.50665045;
 0.088471897, 0.99588341, 0.019721335, 0.0048732366;
 -0.055200215, -0.014866614, 0.99836463, 1.266785;
 0, 0, 0, 1]
Twc:
[0.99454796, 0.088471897, -0.055200215, -0.43439251;
 -0.089415833, 0.99588341, -0.014866614, 0.059282202;
 0.053657703, 0.019721335, 0.99836463, -1.2919952;
 0, 0, 0, 1]
Ow:
[0.50665045;
 0.0048732366;
 1.266785]
Keyframe: 85 Frame: 504 Frame from vFrameID : 505
Tcw:
[0.99736899, -0.067549072, 0.026310226, 0.51914811;
 0.066612802, 0.99716586, 0.034970801, 0.0019932762;
 -0.028597904, -0.033126194, 0.99904197, 1.2844924;
 0, 0, 0, 1]
Twc:
[0.99736899, 0.066612802, -0.028597904, -0.48118123;
 -0.067549072, 0.99716586, -0.033126194, 0.075630687;
 0.026310226, 0.034970801, 0.99904197, -1.2969903;
 0, 0, 0, 1]
Ow:
[0.51914811;
 0.0019932762;
 1.2844924]
Keyframe: 86 Frame: 508 Frame from vFrameID : 509
Tcw:
[0.99752885, -0.069516957, 0.010179781, 0.52533513;
 0.069243364, 0.99728316, 0.025132341, 0.0023869313;
 -0.011899249, -0.024365354, 0.9996323, 1.3022408;
 0, 0, 0, 1]
Twc:
[0.99752885, 0.069243364, -0.011899249, -0.50870651;
 -0.069516957, 0.99728316, -0.024365354, 0.06586881;
 0.010179781, 0.025132341, 0.9996323, -1.3071698;
 0, 0, 0, 1]
Ow:
[0.52533513;
 0.0023869313;
 1.3022408]
Keyframe: 87 Frame: 512 Frame from vFrameID : 513
Tcw:
[0.99779969, -0.064243041, 0.016389512, 0.53548461;
 0.063769385, 0.99757326, 0.027948448, 0.0011877865;
 -0.018145232, -0.026841804, 0.999475, 1.3198408;
 0, 0, 0, 1]
Twc:
[0.99779969, 0.063769385, -0.018145232, -0.51043332;
 -0.064243041, 0.99757326, -0.026841804, 0.06864316;
 0.016389512, 0.027948448, 0.999475, -1.3279574;
 0, 0, 0, 1]
Ow:
[0.53548461;
 0.0011877865;
 1.3198408]
Keyframe: 88 Frame: 516 Frame from vFrameID : 517
Tcw:
[0.99773395, -0.062859327, 0.023993652, 0.53832424;
 0.06198059, 0.99743646, 0.035761461, 0.0027152225;
 -0.026180085, -0.034193281, 0.99907225, 1.3360177;
 0, 0, 0, 1]
Twc:
[0.99773395, 0.06198059, -0.026180085, -0.50229555;
 -0.062859327, 0.99743646, -0.034193281, 0.076813266;
 0.023993652, 0.035761461, 0.99907225, -1.3477918;
 0, 0, 0, 1]
Ow:
[0.53832424;
 0.0027152225;
 1.3360177]
Keyframe: 89 Frame: 520 Frame from vFrameID : 521
Tcw:
[0.99699908, -0.071274348, 0.030212753, 0.54197884;
 0.070831306, 0.99736804, 0.015490467, 0.00086394884;
 -0.031237306, -0.013303973, 0.99942344, 1.3621577;
 0, 0, 0, 1]
Twc:
[0.99699908, 0.070831306, -0.031237306, -0.49786347;
 -0.071274348, 0.99736804, -0.013303973, 0.055889625;
 0.030212753, 0.015490467, 0.99942344, -1.3777605;
 0, 0, 0, 1]
Ow:
