Keyframe: 0 Frame: 0 Frame from vFrameID : 129
Tcw:
[1, 0, 0, 0;
 0, 1, 0, 0;
 0, 0, 1, 0;
 0, 0, 0, 1]
Twc:
[1, 0, 0, 0;
 0, 1, 0, 0;
 0, 0, 1, 0;
 0, 0, 0, 1]
Ow:
[0;
 0;
 0]
Keyframe: 1 Frame: 128 Frame from vFrameID : 129
Tcw:
[0.99933589, 0.011589525, -0.034546774, 0.008791416;
 -0.012626603, 0.99947155, -0.029954089, -0.0018456529;
 0.034181364, 0.030370405, 0.99895412, -0.0095751388;
 0, 0, 0, 1]
Twc:
[0.99933589, -0.012626603, 0.034181364, -0.0084815901;
 0.011589525, 0.99947155, 0.030370405, 0.0020335901;
 -0.034546774, -0.029954089, 0.99895412, 0.0098135546;
 0, 0, 0, 1]
Ow:
[0.008791416;
 -0.0018456529;
 -0.0095751388]
Keyframe: 2 Frame: 131 Frame from vFrameID : 132
Tcw:
[0.99934256, 0.022374006, -0.028529059, 0.014806518;
 -0.023031948, 0.99947137, -0.022945959, -0.00026689679;
 0.028000586, 0.023587953, 0.99932957, -0.01433544;
 0, 0, 0, 1]
Twc:
[0.99934256, -0.023031948, 0.028000586, -0.014401529;
 0.022374006, 0.99947137, 0.023587953, 0.00027361821;
 -0.028529059, -0.022945959, 0.99932957, 0.01474212;
 0, 0, 0, 1]
Ow:
[0.014806518;
 -0.00026689679;
 -0.01433544]
Keyframe: 3 Frame: 133 Frame from vFrameID : 134
Tcw:
[0.99946749, 0.024686882, -0.021338038, 0.018328521;
 -0.025117254, 0.99948156, -0.020142222, 0.00027333814;
 0.020829726, 0.020667449, 0.99956942, -0.016406517;
 0, 0, 0, 1]
Twc:
[0.99946749, -0.025117254, 0.020829726, -0.01797015;
 0.024686882, 0.99948156, 0.020667449, -0.00038658959;
 -0.021338038, -0.020142222, 0.99956942, 0.016796052;
 0, 0, 0, 1]
Ow:
[0.018328521;
 0.00027333814;
 -0.016406517]
Keyframe: 4 Frame: 135 Frame from vFrameID : 136
Tcw:
[0.99953568, 0.025353793, -0.01689953, 0.019119514;
 -0.025657304, 0.99950886, -0.017991608, 0.0008547589;
 0.016435074, 0.01841685, 0.9996953, -0.016871447;
 0, 0, 0, 1]
Twc:
[0.99953568, -0.025657304, 0.016435074, -0.018811421;
 0.025353793, 0.99950886, 0.01841685, -0.0010283724;
 -0.01689953, -0.017991608, 0.9996953, 0.017204795;
 0, 0, 0, 1]
Ow:
[0.019119514;
 0.0008547589;
 -0.016871447]
Keyframe: 5 Frame: 137 Frame from vFrameID : 138
Tcw:
[0.99955124, 0.027493646, -0.01189375, 0.023146011;
 -0.027666591, 0.99951017, -0.014629168, 0.001280903;
 0.011485715, 0.014951662, 0.99982226, -0.019322379;
 0, 0, 0, 1]
Twc:
[0.99955124, -0.027666591, 0.011485715, -0.022878254;
 0.027493646, 0.99951017, 0.014951662, -0.0016277422;
 -0.01189375, -0.014629168, 0.99982226, 0.019612975;
 0, 0, 0, 1]
Ow:
[0.023146011;
 0.001280903;
 -0.019322379]
Keyframe: 6 Frame: 140 Frame from vFrameID : 141
Tcw:
[0.99941456, 0.034207921, -0.00060546614, 0.026234148;
 -0.034213278, 0.99925214, -0.018018093, 0.00083169783;
 -1.1348206e-05, 0.018028259, 0.99983746, -0.019875988;
 0, 0, 0, 1]
Twc:
[0.99941456, -0.034213278, -1.1348206e-05, -0.02619056;
 0.034207921, 0.99925214, 0.018028259, -0.001370162;
 -0.00060546614, -0.018018093, 0.99983746, 0.019903628;
 0, 0, 0, 1]
Ow:
[0.026234148;
 0.00083169783;
 -0.019875988]
Keyframe: 7 Frame: 142 Frame from vFrameID : 143
Tcw:
[0.9994688, 0.032589864, -1.2303412e-05, 0.026934316;
 -0.032578077, 0.99909693, -0.027275184, 0.0035905093;
 -0.00087660231, 0.027261097, 0.99962795, -0.0207555;
 0, 0, 0, 1]
Twc:
[0.9994688, -0.032578077, -0.00087660231, -0.026821231;
 0.032589864, 0.99909693, 0.027261097, -0.003899235;
 -1.2303412e-05, -0.027275184, 0.99962795, 0.020846041;
 0, 0, 0, 1]
Ow:
[0.026934316;
 0.0035905093;
 -0.0207555]
Keyframe: 8 Frame: 144 Frame from vFrameID : 145
Tcw:
[0.99963325, 0.027013311, 0.0019086021, 0.026846476;
 -0.026948709, 0.99923784, -0.02823955, 0.0040158271;
 -0.0026699912, 0.028177759, 0.99959934, -0.022310207;
 0, 0, 0, 1]
Twc:
[0.99963325, -0.026948709, -0.0026699912, -0.026787976;
 0.027013311, 0.99923784, 0.028177759, -0.0041093272;
 0.0019086021, -0.02823955, 0.99959934, 0.022363434;
 0, 0, 0, 1]
Ow:
[0.026846476;
 0.0040158271;
 -0.022310207]
Keyframe: 9 Frame: 147 Frame from vFrameID : 148
Tcw:
[0.99988472, 0.012477767, 0.0086532123, 0.027252419;
 -0.012203083, 0.99944174, -0.031101128, 0.0054181535;
 -0.0090364544, 0.030991945, 0.99947876, -0.023386778;
 0, 0, 0, 1]
Twc:
[0.99988472, -0.012203083, -0.0090364544, -0.027394492;
 0.012477767, 0.99944174, 0.030991945, -0.0050303764;
 0.0086532123, -0.031101128, 0.99947876, 0.023307279;
 0, 0, 0, 1]
Ow:
[0.027252419;
 0.0054181535;
 -0.023386778]
Keyframe: 10 Frame: 150 Frame from vFrameID : 151
Tcw:
[0.99991202, 0.0028553975, 0.012954712, 0.027280776;
 -0.002469315, 0.99955517, -0.029721219, 0.0054945727;
 -0.013033815, 0.029686615, 0.99947429, -0.02321393;
 0, 0, 0, 1]
Twc:
[0.99991202, -0.002469315, -0.013033815, -0.027567374;
 0.0028553975, 0.99955517, 0.029686615, -0.0048808833;
 0.012954712, -0.029721219, 0.99947429, 0.023011617;
 0, 0, 0, 1]
Ow:
[0.027280776;
 0.0054945727;
 -0.02321393]
Keyframe: 11 Frame: 153 Frame from vFrameID : 154
Tcw:
[0.9998306, 0.0075869439, 0.016769443, 0.027370226;
 -0.0071140239, 0.99958026, -0.028083261, 0.0055111223;
 -0.016975472, 0.027959205, 0.99946493, -0.023364948;
 0, 0, 0, 1]
Twc:
[0.9998306, -0.0071140239, -0.016975472, -0.027723014;
 0.0075869439, 0.99958026, 0.027959205, -0.0050631999;
 0.016769443, -0.028083261, 0.99946493, 0.023048233;
 0, 0, 0, 1]
Ow:
[0.027370226;
 0.0055111223;
 -0.023364948]
Keyframe: 12 Frame: 156 Frame from vFrameID : 157
Tcw:
[0.99979848, 0.01454281, 0.013837747, 0.027317565;
 -0.014209343, 0.9996134, -0.023898913, 0.0055726869;
 -0.014179954, 0.023697471, 0.99961859, -0.023597866;
 0, 0, 0, 1]
Twc:
[0.99979848, -0.014209343, -0.014179954, -0.027567495;
 0.01454281, 0.9996134, 0.023697471, -0.0054085967;
 0.013837747, -0.023898913, 0.99961859, 0.023344034;
 0, 0, 0, 1]
Ow:
[0.027317565;
 0.0055726869;
 -0.023597866]
Keyframe: 13 Frame: 159 Frame from vFrameID : 160
Tcw:
[0.99992168, 0.011944064, 0.0037412893, 0.028443744;
 -0.01185119, 0.99964333, -0.023933515, 0.003216834;
 -0.0040258183, 0.023887303, 0.99970657, -0.024586523;
 0, 0, 0, 1]
Twc:
[0.99992168, -0.01185119, -0.0040258183, -0.028502373;
 0.011944064, 0.99964333, 0.023887303, -0.0029681148;
 0.0037412893, -0.023933515, 0.99970657, 0.024549881;
 0, 0, 0, 1]
Ow:
[0.028443744;
 0.003216834;
 -0.024586523]
Keyframe: 14 Frame: 162 Frame from vFrameID : 163
Tcw:
[0.99980789, 0.017104987, 0.0095696319, 0.028780915;
 -0.016803218, 0.99938518, -0.030772435, 0.0032698619;
 -0.01009011, 0.030605722, 0.99948061, -0.023152489;
 0, 0, 0, 1]
Twc:
[0.99980789, -0.016803218, -0.01009011, -0.028954053;
 0.017104987, 0.99938518, 0.030605722, -0.0030515501;
 0.0095696319, -0.030772435, 0.99948061, 0.022965662;
 0, 0, 0, 1]
Ow:
[0.028780915;
 0.0032698619;
 -0.023152489]
Keyframe: 15 Frame: 165 Frame from vFrameID : 166
Tcw:
[0.99974549, 0.017909337, 0.01371705, 0.035237063;
 -0.017464269, 0.99933827, -0.031906355, -0.00056972809;
 -0.014279394, 0.031658679, 0.99939674, -0.024443876;
 0, 0, 0, 1]
Twc:
[0.99974549, -0.017464269, -0.014279394, -0.035587091;
 0.017909337, 0.99933827, 0.031658679, 0.00071213942;
 0.01371705, -0.031906355, 0.99939674, 0.023927603;
 0, 0, 0, 1]
Ow:
[0.035237063;
 -0.00056972809;
 -0.024443876]
Keyframe: 16 Frame: 169 Frame from vFrameID : 170
Tcw:
[0.99830514, 0.025448058, 0.05233733, 0.03446912;
 -0.022565272, 0.99823391, -0.054952912, -0.0020875607;
 -0.053643342, 0.05367877, 0.99711633, -0.022815751;
 0, 0, 0, 1]
Twc:
[0.99830514, -0.022565272, -0.053643342, -0.035681721;
 0.025448058, 0.99823391, 0.05367877, 0.0024314232;
 0.05233733, -0.054952912, 0.99711633, 0.020831218;
 0, 0, 0, 1]
Ow:
[0.03446912;
 -0.0020875607;
 -0.022815751]
Keyframe: 17 Frame: 173 Frame from vFrameID : 174
Tcw:
[0.9983831, 0.019275973, 0.053475294, 0.027018046;
 -0.017582513, 0.99933451, -0.031959809, -0.0022730147;
 -0.054055762, 0.030967904, 0.9980576, -0.020689439;
 0, 0, 0, 1]
Twc:
[0.9983831, -0.017582513, -0.054055762, -0.028132709;
 0.019275973, 0.99933451, 0.030967904, 0.0023914112;
 0.053475294, -0.031959809, 0.9980576, 0.019131809;
 0, 0, 0, 1]
Ow:
[0.027018046;
 -0.0022730147;
 -0.020689439]
Keyframe: 18 Frame: 177 Frame from vFrameID : 178
Tcw:
[0.9987089, 0.014767504, 0.048604738, 0.024734247;
 -0.014190309, 0.99982488, -0.012199031, -0.0025926912;
 -0.048776373, 0.011493566, 0.99874359, -0.016970556;
 0, 0, 0, 1]
Twc:
[0.9987089, -0.014190309, -0.048776373, -0.025566867;
 0.014767504, 0.99982488, 0.011493566, 0.0024220264;
 0.048604738, -0.012199031, 0.99874359, 0.015715403;
 0, 0, 0, 1]
Ow:
[0.024734247;
 -0.0025926912;
 -0.016970556]
Keyframe: 19 Frame: 181 Frame from vFrameID : 182
Tcw:
[0.99823326, 0.01917401, 0.056238297, 0.023525976;
 -0.017629744, 0.99945724, -0.027828133, -0.0028597654;
 -0.056741353, 0.026787501, 0.99802947, -0.013961936;
 0, 0, 0, 1]
Twc:
[0.99823326, -0.017629744, -0.056741353, -0.024327045;
 0.01917401, 0.99945724, 0.026787501, 0.0027811313;
 0.056238297, -0.027828133, 0.99802947, 0.012531782;
 0, 0, 0, 1]
Ow:
[0.023525976;
 -0.0028597654;
 -0.013961936]
Keyframe: 20 Frame: 185 Frame from vFrameID : 186
Tcw:
[0.99908203, 0.0047615119, 0.042573139, 0.023116313;
 -0.003478399, 0.99953896, -0.030162463, -0.002903488;
 -0.042697128, 0.029986687, 0.99863797, -0.012971682;
 0, 0, 0, 1]
Twc:
[0.99908203, -0.003478399, -0.042697128, -0.023659045;
 0.0047615119, 0.99953896, 0.029986687, 0.0031810584;
 0.042573139, -0.030162463, 0.99863797, 0.011882303;
 0, 0, 0, 1]
Ow:
[0.023116313;
 -0.002903488;
 -0.012971682]
Keyframe: 21 Frame: 190 Frame from vFrameID : 191
Tcw:
[0.99881667, 0.0030516102, 0.048538558, 0.024228759;
 -0.001527659, 0.99950564, -0.031402878, -0.002688;
 -0.048610389, 0.031291567, 0.99832755, -0.0046621975;
 0, 0, 0, 1]
Twc:
[0.99881667, -0.001527659, -0.048610389, -0.024430826;
 0.0030516102, 0.99950564, 0.031291567, 0.0027586217;
 0.048538558, -0.031402878, 0.99832755, 0.0033939602;
 0, 0, 0, 1]
Ow:
[0.024228759;
 -0.002688;
 -0.0046621975]
Keyframe: 22 Frame: 195 Frame from vFrameID : 196
Tcw:
[0.99913412, 0.020113619, 0.036420602, 0.031783003;
 -0.018900726, 0.99926513, -0.033345919, -0.0035387471;
 -0.037064545, 0.03262867, 0.99878007, 0.008200367;
 0, 0, 0, 1]
Twc:
[0.99913412, -0.018900726, -0.037064545, -0.031518426;
 0.020113619, 0.99926513, 0.03262867, 0.0026293083;
 0.036420602, -0.033345919, 0.99878007, -0.0094659217;
 0, 0, 0, 1]
Ow:
[0.031783003;
 -0.0035387471;
 0.008200367]
Keyframe: 23 Frame: 201 Frame from vFrameID : 202
Tcw:
[0.99951601, 0.027676662, 0.01420229, 0.047611542;
 -0.026743384, 0.99770796, -0.062157955, -0.0025025306;
 -0.015890062, 0.061748054, 0.99796528, 0.024094006;
 0, 0, 0, 1]
Twc:
[0.99951601, -0.026743384, -0.015890062, -0.047272574;
 0.027676662, 0.99770796, 0.061748054, -0.00030869208;
 0.01420229, -0.062157955, 0.99796528, -0.024876727;
 0, 0, 0, 1]
Ow:
[0.047611542;
 -0.0025025306;
 0.024094006]
Keyframe: 24 Frame: 206 Frame from vFrameID : 207
Tcw:
[0.99919063, 0.03764094, 0.014185237, 0.055195857;
 -0.036655247, 0.99725717, -0.06430047, -0.0035727366;
 -0.016566658, 0.063728459, 0.99782974, 0.037217706;
 0, 0, 0, 1]
Twc:
[0.99919063, -0.036655247, -0.016566658, -0.054665573;
 0.03764094, 0.99725717, 0.063728459, -0.00088651438;
 0.014185237, -0.06430047, 0.99782974, -0.038149633;
 0, 0, 0, 1]
Ow:
[0.055195857;
 -0.0035727366;
 0.037217706]
Keyframe: 25 Frame: 211 Frame from vFrameID : 212
Tcw:
[0.99961013, 0.026769247, 0.0079344502, 0.058753591;
 -0.026090251, 0.99676955, -0.075958803, -0.0039532636;
 -0.0099421777, 0.07572218, 0.99707937, 0.051057793;
 0, 0, 0, 1]
Twc:
[0.99961013, -0.026090251, -0.0099421777, -0.058326203;
 0.026769247, 0.99676955, 0.07572218, -0.0014985042;
 0.0079344502, -0.075958803, 0.99707937, -0.051675137;
 0, 0, 0, 1]
Ow:
[0.058753591;
 -0.0039532636;
 0.051057793]
Keyframe: 26 Frame: 216 Frame from vFrameID : 217
Tcw:
[0.99941516, 0.024473004, 0.023882771, 0.0627352;
 -0.022798466, 0.99742264, -0.068032108, -0.0031067557;
 -0.025486166, 0.067447826, 0.99739724, 0.067981981;
 0, 0, 0, 1]
Twc:
[0.99941516, -0.022798466, -0.025486166, -0.061036736;
 0.024473004, 0.99742264, 0.067447826, -0.0030218072;
 0.023882771, -0.068032108, 0.99739724, -0.069514692;
 0, 0, 0, 1]
Ow:
[0.0627352;
 -0.0031067557;
 0.067981981]
Keyframe: 27 Frame: 221 Frame from vFrameID : 222
Tcw:
[0.99899811, 0.03698229, 0.025202086, 0.067204475;
 -0.034144279, 0.99388629, -0.1049962, -0.0050439383;
 -0.028931009, 0.1040305, 0.99415326, 0.084895998;
 0, 0, 0, 1]
Twc:
[0.99899811, -0.034144279, -0.028931009, -0.064853236;
 0.03698229, 0.99388629, 0.1040305, -0.0063040471;
 0.025202086, -0.1049962, 0.99415326, -0.086622916;
 0, 0, 0, 1]
Ow:
[0.067204475;
 -0.0050439383;
 0.084895998]
Keyframe: 28 Frame: 227 Frame from vFrameID : 228
Tcw:
[0.99951673, 0.013060858, 0.028208274, 0.069211647;
 -0.0105768, 0.99619728, -0.086481795, -0.0038323756;
 -0.029230533, 0.086141646, 0.99585402, 0.10410789;
 0, 0, 0, 1]
Twc:
[0.99951673, -0.0105768, -0.029230533, -0.066175602;
 0.013060858, 0.99619728, 0.086141646, -0.0060541863;
 0.028208274, -0.086481795, 0.99585402, -0.10596003;
 0, 0, 0, 1]
Ow:
[0.069211647;
 -0.0038323756;
 0.10410789]
Keyframe: 29 Frame: 232 Frame from vFrameID : 233
Tcw:
[0.9996227, 0.010722294, 0.025286986, 0.074989401;
 -0.0087073939, 0.99687713, -0.078487009, -0.0026614484;
 -0.026049579, 0.078237213, 0.99659437, 0.11765178;
 0, 0, 0, 1]
Twc:
[0.9996227, -0.0087073939, -0.026049579, -0.071919501;
 0.010722294, 0.99687713, 0.078237213, -0.0073556686;
 0.025286986, -0.078487009, 0.99659437, -0.11935624;
 0, 0, 0, 1]
Ow:
[0.074989401;
 -0.0026614484;
 0.11765178]
Keyframe: 30 Frame: 237 Frame from vFrameID : 238
Tcw:
[0.99987942, 0.0034436176, 0.01514147, 0.080877289;
 -0.0023056197, 0.99721515, -0.074542701, -0.0006501535;
 -0.015356, 0.074498802, 0.99710286, 0.13555615;
 0, 0, 0, 1]
Twc:
[0.99987942, -0.0023056197, -0.015356, -0.078787431;
 0.0034436176, 0.99721515, 0.074498802, -0.0097289383;
 0.01514147, -0.074542701, 0.99710286, -0.13643649;
 0, 0, 0, 1]
Ow:
[0.080877289;
 -0.0006501535;
 0.13555615]
Keyframe: 31 Frame: 242 Frame from vFrameID : 243
Tcw:
[0.99996871, 0.0070578507, 0.0035661431, 0.092432819;
 -0.0068210042, 0.99801832, -0.062553167, -0.0015509548;
 -0.0040005669, 0.062526889, 0.99803525, 0.15031846;
 0, 0, 0, 1]
Twc:
[0.99996871, -0.0068210042, -0.0040005669, -0.091839157;
 0.0070578507, 0.99801832, 0.062526889, -0.0085034417;
 0.0035661431, -0.062553167, 0.99803525, -0.15044977;
 0, 0, 0, 1]
Ow:
[0.092432819;
 -0.0015509548;
 0.15031846]
Keyframe: 32 Frame: 247 Frame from vFrameID : 248
Tcw:
[0.99994993, 0.0073649599, -0.0067708562, 0.10343541;
 -0.0077173202, 0.99853379, -0.05357857, -0.0038432642;
 0.0063663246, 0.053628143, 0.9985407, 0.16736054;
 0, 0, 0, 1]
Twc:
[0.99994993, -0.0077173202, 0.0063663246, -0.10452536;
 0.0073649599, 0.99853379, 0.053628143, -0.0058994032;
 -0.0067708562, -0.05357857, 0.9985407, -0.16662188;
 0, 0, 0, 1]
Ow:
[0.10343541;
 -0.0038432642;
 0.16736054]
Keyframe: 33 Frame: 252 Frame from vFrameID : 253
Tcw:
[0.99999642, 0.0010274354, -0.0024618304, 0.10836934;
 -0.0011362269, 0.99900407, -0.044605322, -0.0023912336;
 0.0024135495, 0.04460796, 0.99900168, 0.18107626;
 0, 0, 0, 1]
Twc:
[0.99999642, -0.0011362269, 0.0024135495, -0.1088087;
 0.0010274354, 0.99900407, 0.04460796, -0.0057999333;
 -0.0024618304, -0.044605322, 0.99900168, -0.18073536;
 0, 0, 0, 1]
Ow:
[0.10836934;
 -0.0023912336;
 0.18107626]
Keyframe: 34 Frame: 258 Frame from vFrameID : 259
Tcw:
[0.99991822, -0.012125993, 0.0040686028, 0.11581992;
 0.012332531, 0.99839342, -0.055303987, -0.0019182898;
 -0.0033914507, 0.055349637, 0.99846125, 0.20730105;
 0, 0, 0, 1]
Twc:
[0.99991822, 0.012332531, -0.0033914507, -0.11508373;
 -0.012125993, 0.99839342, 0.055349637, -0.0081543997;
 0.0040686028, -0.055303987, 0.99846125, -0.20755939;
 0, 0, 0, 1]
Ow:
[0.11581992;
 -0.0019182898;
 0.20730105]
Keyframe: 35 Frame: 264 Frame from vFrameID : 265
Tcw:
[0.99991459, -0.0058418829, 0.01169333, 0.12141453;
 0.0067499192, 0.99683708, -0.079185039, -0.0054680733;
 -0.011193755, 0.079257198, 0.99679136, 0.23301119;
 0, 0, 0, 1]
Twc:
[0.99991459, 0.0067499192, -0.011193755, -0.11875897;
 -0.0058418829, 0.99683708, 0.079257198, -0.012307748;
 0.01169333, -0.079185039, 0.99679136, -0.23411627;
 0, 0, 0, 1]
Ow:
[0.12141453;
 -0.0054680733;
 0.23301119]
Keyframe: 36 Frame: 270 Frame from vFrameID : 271
Tcw:
[0.99925268, -0.019888546, 0.033143487, 0.13119757;
 0.021812527, 0.99803513, -0.058737267, -0.0049390839;
 -0.031910166, 0.059416316, 0.9977231, 0.25328934;
 0, 0, 0, 1]
Twc:
[0.99925268, 0.021812527, -0.031910166, -0.12290929;
 -0.019888546, 0.99803513, 0.059416316, -0.007510812;
 0.033143487, -0.058737267, 0.9977231, -0.2573511;
 0, 0, 0, 1]
Ow:
[0.13119757;
 -0.0049390839;
 0.25328934]
Keyframe: 37 Frame: 275 Frame from vFrameID : 276
Tcw:
[0.99948144, -0.01522815, 0.028372487, 0.13754466;
 0.016984193, 0.9978869, -0.062716179, -0.0051225489;
 -0.027357481, 0.063165538, 0.99762803, 0.27002648;
 0, 0, 0, 1]
Twc:
[0.99948144, 0.016984193, -0.027357481, -0.12999909;
 -0.01522815, 0.9978869, 0.063165538, -0.0098500922;
 0.028372487, -0.062716179, 0.99762803, -0.27360973;
 0, 0, 0, 1]
Ow:
[0.13754466;
 -0.0051225489;
 0.27002648]
Keyframe: 38 Frame: 281 Frame from vFrameID : 282
Tcw:
[0.9999454, 0.0036459817, 0.0097901141, 0.15130302;
 -0.0026293301, 0.99478924, -0.10191881, -0.0053680204;
 -0.010110695, 0.1018875, 0.99474454, 0.29328838;
 0, 0, 0, 1]
Twc:
[0.9999454, -0.0026293301, -0.010110695, -0.14834355;
 0.0036459817, 0.99478924, 0.1018875, -0.025094023;
 0.0097901141, -0.10191881, 0.99474454, -0.29377541;
 0, 0, 0, 1]
Ow:
[0.15130302;
 -0.0053680204;
 0.29328838]
Keyframe: 39 Frame: 287 Frame from vFrameID : 288
Tcw:
[0.99999708, 0.00081117934, 0.0022727125, 0.15777673;
 -0.00061135611, 0.99624443, -0.086583152, -0.0068696365;
 -0.0023344115, 0.086581513, 0.99624205, 0.30966255;
 0, 0, 0, 1]
Twc:
[0.99999708, -0.00061135611, -0.0023344115, -0.1570576;
 0.00081117934, 0.99624443, 0.086581513, -0.020095199;
 0.0022727125, -0.086583152, 0.99624205, -0.30945224;
 0, 0, 0, 1]
Ow:
[0.15777673;
 -0.0068696365;
 0.30966255]
Keyframe: 40 Frame: 293 Frame from vFrameID : 294
Tcw:
[0.99999297, -0.0036102822, -0.001016452, 0.16341585;
 0.0035190957, 0.99689233, -0.078697115, -0.0056312643;
 0.001297412, 0.078692988, 0.99689806, 0.33370927;
 0, 0, 0, 1]
Twc:
[0.99999297, 0.0035190957, 0.001297412, -0.16382784;
 -0.0036102822, 0.99689233, 0.078692988, -0.020056838;
 -0.001016452, -0.078697115, 0.99689806, -0.33295119;
 0, 0, 0, 1]
Ow:
[0.16341585;
 -0.0056312643;
 0.33370927]
Keyframe: 41 Frame: 301 Frame from vFrameID : 302
Tcw:
[0.99983913, -0.016937809, -0.0058999336, 0.17010868;
 0.016264882, 0.99487567, -0.09978918, -0.010292258;
 0.0075599104, 0.099677168, 0.99499112, 0.36342138;
 0, 0, 0, 1]
Twc:
[0.99983913, 0.016264882, 0.0075599104, -0.17266135;
 -0.016937809, 0.99487567, 0.099677168, -0.023104025;
 -0.0058999336, -0.09978918, 0.99499112, -0.36162445;
 0, 0, 0, 1]
Ow:
[0.17010868;
 -0.010292258;
 0.36342138]
Keyframe: 42 Frame: 308 Frame from vFrameID : 309
Tcw:
[0.99961966, -0.01833076, 0.020602854, 0.17963831;
 0.020151263, 0.99556071, -0.091939405, -0.010079602;
 -0.018826071, 0.092319608, 0.99555147, 0.38393801;
 0, 0, 0, 1]
Twc:
[0.99961966, 0.020151263, -0.018826071, -0.17213884;
 -0.01833076, 0.99556071, 0.092319608, -0.022117242;
 0.020602854, -0.091939405, 0.99555147, -0.38685778;
 0, 0, 0, 1]
Ow:
[0.17963831;
 -0.010079602;
 0.38393801]
Keyframe: 43 Frame: 315 Frame from vFrameID : 316
Tcw:
[0.99966133, 0.021366986, -0.014856484, 0.1947794;
 -0.022743797, 0.99475813, -0.099694736, -0.0093490724;
 0.012648432, 0.099998862, 0.99490714, 0.40772009;
 0, 0, 0, 1]
Twc:
[0.99966133, -0.022743797, 0.012648432, -0.20008308;
 0.021366986, 0.99475813, 0.099998862, -0.035633326;
 -0.014856484, -0.099694736, 0.99490714, -0.40368193;
 0, 0, 0, 1]
Ow:
[0.1947794;
 -0.0093490724;
 0.40772009]
Keyframe: 44 Frame: 323 Frame from vFrameID : 324
Tcw:
[0.99963105, 0.00030342885, 0.027160065, 0.20806755;
 0.0022399458, 0.99561071, -0.093564436, -0.0068021007;
 -0.027069243, 0.093590751, 0.99524271, 0.4330551;
 0, 0, 0, 1]
Twc:
[0.99963105, 0.0022399458, -0.027069243, -0.19625306;
 0.00030342885, 0.99561071, 0.093590751, -0.033820845;
 0.027160065, -0.093564436, 0.99524271, -0.4372825;
 0, 0, 0, 1]
Ow:
[0.20806755;
 -0.0068021007;
 0.4330551]
Keyframe: 45 Frame: 330 Frame from vFrameID : 331
Tcw:
[0.99834305, -0.010510855, 0.05657465, 0.21458884;
 0.016252862, 0.99465036, -0.10201222, -0.0062140152;
 -0.055199761, 0.1027627, 0.99317312, 0.45338327;
 0, 0, 0, 1]
Twc:
[0.99834305, 0.016252862, -0.055199761, -0.18910563;
 -0.010510855, 0.99465036, 0.1027627, -0.038154602;
 0.05657465, -0.10201222, 0.99317312, -0.46306226;
 0, 0, 0, 1]
Ow:
[0.21458884;
 -0.0062140152;
 0.45338327]
Keyframe: 46 Frame: 337 Frame from vFrameID : 338
Tcw:
[0.99592745, -0.020632086, 0.087765858, 0.22533467;
 0.029826472, 0.99404854, -0.10477544, -0.007263612;
 -0.085081786, 0.10696648, 0.99061561, 0.47315642;
 0, 0, 0, 1]
Twc:
[0.99592745, 0.029826472, -0.085081786, -0.18394335;
 -0.020632086, 0.99404854, 0.10696648, -0.038742371;
 0.087765858, -0.10477544, 0.99061561, -0.48925385;
 0, 0, 0, 1]
Ow:
[0.22533467;
 -0.007263612;
 0.47315642]
Keyframe: 47 Frame: 344 Frame from vFrameID : 345
Tcw:
[0.99887764, -0.017954404, 0.043829922, 0.23600787;
 0.021989323, 0.9953872, -0.093385085, -0.0067353956;
 -0.041951071, 0.09424407, 0.99466485, 0.49100122;
 0, 0, 0, 1]
Twc:
[0.99887764, 0.021989323, -0.041951071, -0.21499687;
 -0.017954404, 0.9953872, 0.09424407, -0.035332248;
 0.043829922, -0.093385085, 0.99466485, -0.49935487;
 0, 0, 0, 1]
Ow:
[0.23600787;
 -0.0067353956;
 0.49100122]
Keyframe: 48 Frame: 350 Frame from vFrameID : 351
Tcw:
[0.99992275, 0.002856395, -0.012097743, 0.24775465;
 -0.0040553776, 0.99495161, -0.10027404, -0.0047033057;
 0.011750246, 0.10031535, 0.99488628, 0.50175053;
 0, 0, 0, 1]
Twc:
[0.99992275, -0.0040553776, 0.011750246, -0.25365028;
 0.002856395, 0.99495161, 0.10031535, -0.046361402;
 -0.012097743, -0.10027404, 0.99488628, -0.49665907;
 0, 0, 0, 1]
Ow:
[0.24775465;
 -0.0047033057;
 0.50175053]
Keyframe: 49 Frame: 357 Frame from vFrameID : 358
Tcw:
[0.99984556, -0.01468406, -0.0096527468, 0.25752425;
 0.013932434, 0.99717617, -0.073793761, -0.0062581338;
 0.010709081, 0.073647879, 0.99722683, 0.51479751;
 0, 0, 0, 1]
Twc:
[0.99984556, 0.013932434, 0.010709081, -0.26291031;
 -0.01468406, 0.99717617, 0.073647879, -0.027891785;
 -0.0096527468, -0.073793761, 0.99722683, -0.51134586;
 0, 0, 0, 1]
Ow:
[0.25752425;
 -0.0062581338;
 0.51479751]
Keyframe: 50 Frame: 363 Frame from vFrameID : 364
Tcw:
[0.99947703, -0.016637353, 0.027729411, 0.26371965;
 0.018686444, 0.99698168, -0.075354457, -0.0056549385;
 -0.026392017, 0.075833209, 0.99677116, 0.52959448;
 0, 0, 0, 1]
Twc:
[0.99947703, 0.018686444, -0.026392017, -0.24949899;
 -0.016637353, 0.99698168, 0.075833209, -0.030135384;
 0.027729411, -0.075354457, 0.99677116, -0.53562343;
 0, 0, 0, 1]
Ow:
[0.26371965;
 -0.0056549385;
 0.52959448]
Keyframe: 51 Frame: 369 Frame from vFrameID : 370
Tcw:
[0.9977774, -0.029429028, 0.05978442, 0.2680015;
 0.034757059, 0.99532324, -0.090130702, -0.0053852908;
 -0.056852367, 0.092008308, 0.99413395, 0.54541761;
 0, 0, 0, 1]
Twc:
[0.9977774, 0.034757059, -0.056852367, -0.23621036;
 -0.029429028, 0.99532324, 0.092008308, -0.036935825;
 0.05978442, -0.090130702, 0.99413395, -0.55872583;
 0, 0, 0, 1]
Ow:
[0.2680015;
 -0.0053852908;
 0.54541761]
Keyframe: 52 Frame: 374 Frame from vFrameID : 375
Tcw:
[0.9938333, -0.020485889, 0.10897583, 0.27160013;
 0.0311845, 0.99475712, -0.097395092, -0.0053801388;
 -0.10640926, 0.10019284, 0.98926157, 0.55845118;
 0, 0, 0, 1]
Twc:
[0.9938333, 0.0311845, -0.10640926, -0.21033311;
 -0.020485889, 0.99475712, 0.10019284, -0.045036905;
 0.10897583, -0.097395092, 0.98926157, -0.5825761;
 0, 0, 0, 1]
Ow:
[0.27160013;
 -0.0053801388;
 0.55845118]
Keyframe: 53 Frame: 380 Frame from vFrameID : 381
Tcw:
[0.99283838, -0.024484603, 0.11692946, 0.27834469;
 0.035126425, 0.99533695, -0.089835644, -0.0054918639;
 -0.11418462, 0.09329959, 0.98906881, 0.57471764;
 0, 0, 0, 1]
Twc:
[0.99283838, 0.035126425, -0.11418462, -0.21053445;
 -0.024484603, 0.99533695, 0.09329959, -0.041339509;
 0.11692946, -0.089835644, 0.98906881, -0.60147536;
 0, 0, 0, 1]
Ow:
[0.27834469;
 -0.0054918639;
 0.57471764]
Keyframe: 54 Frame: 385 Frame from vFrameID : 386
Tcw:
[0.99517429, -0.010197339, 0.097591832, 0.28527039;
 0.020047547, 0.99473596, -0.10049144, -0.0056983009;
 -0.096053354, 0.10196298, 0.99014002, 0.58568603;
 0, 0, 0, 1]
Twc:
[0.99517429, 0.020047547, -0.096053354, -0.22752239;
 -0.010197339, 0.99473596, 0.10196298, -0.051140994;
 0.097591832, -0.10049144, 0.99014002, -0.60832393;
 0, 0, 0, 1]
Ow:
[0.28527039;
 -0.0056983009;
 0.58568603]
Keyframe: 55 Frame: 391 Frame from vFrameID : 392
Tcw:
[0.9974727, 0.00032064095, 0.071049608, 0.29279739;
 0.0076802815, 0.9936437, -0.11230849, -0.0044411793;
 -0.070634007, 0.11257034, 0.99113005, 0.5995307;
 0, 0, 0, 1]
Twc:
[0.9974727, 0.0076802815, -0.070634007, -0.24967605;
 0.00032064095, 0.9936437, 0.11257034, -0.063170299;
 0.071049608, -0.11230849, 0.99113005, -0.61551481;
 0, 0, 0, 1]
Ow:
[0.29279739;
 -0.0044411793;
 0.5995307]
Keyframe: 56 Frame: 396 Frame from vFrameID : 397
Tcw:
[0.99616021, -0.001447328, 0.08753702, 0.29822987;
 0.015552377, 0.98688614, -0.16066702, -0.0050230101;
 -0.086156532, 0.16141151, 0.98311919, 0.60936785;
 0, 0, 0, 1]
Twc:
[0.99616021, 0.015552377, -0.086156532, -0.24450558;
 -0.001447328, 0.98688614, 0.16141151, -0.092970207;
 0.08753702, -0.16066702, 0.98311919, -0.62599444;
 0, 0, 0, 1]
Ow:
[0.29822987;
 -0.0050230101;
 0.60936785]
Keyframe: 57 Frame: 401 Frame from vFrameID : 402
Tcw:
[0.9931314, -0.018621087, 0.11551291, 0.30026159;
 0.034731992, 0.98967296, -0.1390723, -0.0010559931;
 -0.11173033, 0.14212906, 0.98352206, 0.6196571;
 0, 0, 0, 1]
Twc:
[0.9931314, 0.034731992, -0.11173033, -0.22892804;
 -0.018621087, 0.98967296, 0.14212906, -0.081435002;
 0.11551291, -0.1390723, 0.98352206, -0.64427739;
 0, 0, 0, 1]
Ow:
[0.30026159;
 -0.0010559931;
 0.6196571]
Keyframe: 58 Frame: 406 Frame from vFrameID : 407
Tcw:
[0.98994827, -0.040002778, 0.13565475, 0.30748102;
 0.056739267, 0.99092579, -0.12184722, -0.0035976246;
 -0.12954956, 0.1283194, 0.983235, 0.63227928;
 0, 0, 0, 1]
Twc:
[0.98994827, 0.056739267, -0.12954956, -0.22227468;
 -0.040002778, 0.99092579, 0.1283194, -0.065268621;
 0.13565475, -0.12184722, 0.983235, -0.66382873;
 0, 0, 0, 1]
Ow:
[0.30748102;
 -0.0035976246;
 0.63227928]
Keyframe: 59 Frame: 411 Frame from vFrameID : 412
Tcw:
[0.9882161, -0.044480238, 0.14645988, 0.3108882;
 0.064385973, 0.98887235, -0.13411167, -0.0055281445;
 -0.1388648, 0.14196126, 0.98008347, 0.64193934;
 0, 0, 0, 1]
Twc:
[0.9882161, 0.064385973, -0.1388648, -0.21772601;
 -0.044480238, 0.98887235, 0.14196126, -0.071835518;
 0.14645988, -0.13411167, 0.98008347, -0.67542815;
 0, 0, 0, 1]
Ow:
[0.3108882;
 -0.0055281445;
 0.64193934]
Keyframe: 60 Frame: 415 Frame from vFrameID : 416
Tcw:
[0.98620999, -0.04853712, 0.1582213, 0.31308475;
 0.069613509, 0.98899931, -0.13051565, -0.0056726262;
 -0.1501459, 0.13973019, 0.97873986, 0.64689082;
 0, 0, 0, 1]
Twc:
[0.98620999, 0.069613509, -0.1501459, -0.2112444;
 -0.04853712, 0.98899931, 0.13973019, -0.069583721;
 0.1582213, -0.13051565, 0.97873986, -0.68341488;
 0, 0, 0, 1]
Ow:
[0.31308475;
 -0.0056726262;
 0.64689082]
Keyframe: 61 Frame: 421 Frame from vFrameID : 422
Tcw:
[0.98461384, -0.056021526, 0.16552085, 0.31775308;
 0.077268332, 0.98916245, -0.1248488, -0.0068171024;
 -0.1567328, 0.13571738, 0.97827178, 0.65818793;
 0, 0, 0, 1]
Twc:
[0.98461384, 0.077268332, -0.1567328, -0.20917769;
 -0.056021526, 0.98916245, 0.13571738, -0.064783297;
 0.16552085, -0.1248488, 0.97827178, -0.6973325;
 0, 0, 0, 1]
Ow:
[0.31775308;
 -0.0068171024;
 0.65818793]
Keyframe: 62 Frame: 426 Frame from vFrameID : 427
Tcw:
[0.98444647, -0.056764729, 0.16626167, 0.32288161;
 0.075220443, 0.99142075, -0.10689641, -0.0083701983;
 -0.15876733, 0.11774006, 0.9802705, 0.67038262;
 0, 0, 0, 1]
Twc:
[0.98444647, 0.075220443, -0.15876733, -0.21079521;
 -0.056764729, 0.99142075, 0.11774006, -0.052304219;
 0.16626167, -0.10689641, 0.9802705, -0.71173388;
 0, 0, 0, 1]
Ow:
[0.32288161;
 -0.0083701983;
 0.67038262]
Keyframe: 63 Frame: 432 Frame from vFrameID : 433
Tcw:
[0.98552334, -0.036021441, 0.16566883, 0.33133209;
 0.059700694, 0.98831385, -0.14025535, -0.010302328;
 -0.15868059, 0.14811547, 0.97615689, 0.68010336;
 0, 0, 0, 1]
Twc:
[0.98552334, 0.059700694, -0.15868059, -0.21800123;
 -0.036021441, 0.98831385, 0.14811547, -0.078616843;
 0.16566883, -0.14025535, 0.97615689, -0.72022396;
 0, 0, 0, 1]
Ow:
[0.33133209;
 -0.010302328;
 0.68010336]
Keyframe: 64 Frame: 436 Frame from vFrameID : 437
Tcw:
[0.98366916, -0.034767911, 0.17659613, 0.33499175;
 0.057530064, 0.99042952, -0.12545793, -0.012029953;
 -0.1705441, 0.13356867, 0.97625518, 0.6867907;
 0, 0, 0, 1]
Twc:
[0.98366916, 0.057530064, -0.1705441, -0.21170084;
 -0.034767911, 0.99042952, 0.13356867, -0.068171941;
 0.17659613, -0.12545793, 0.97625518, -0.73115045;
 0, 0, 0, 1]
Ow:
[0.33499175;
 -0.012029953;
 0.6867907]
Keyframe: 65 Frame: 441 Frame from vFrameID : 442
Tcw:
[0.98134309, -0.039876051, 0.18808417, 0.33631039;
 0.064733222, 0.98966855, -0.12792902, -0.013087325;
 -0.18103968, 0.13771755, 0.97378564, 0.69486421;
 0, 0, 0, 1]
Twc:
[0.98134309, 0.064733222, -0.18103968, -0.20339067;
 -0.039876051, 0.98966855, 0.13771755, -0.069332145;
 0.18808417, -0.12792902, 0.97378564, -0.74157774;
 0, 0, 0, 1]
Ow:
[0.33631039;
 -0.013087325;
 0.69486421]
Keyframe: 66 Frame: 447 Frame from vFrameID : 448
Tcw:
[0.98047954, -0.056094598, 0.18844953, 0.33841062;
 0.086424477, 0.98384142, -0.15680189, -0.014893062;
 -0.17660871, 0.17002772, 0.96948439, 0.70674551;
 0, 0, 0, 1]
Twc:
[0.98047954, 0.086424477, -0.17660871, -0.20570016;
 -0.056094598, 0.98384142, 0.17002772, -0.086530887;
 0.18844953, -0.15680189, 0.96948439, -0.75128728;
 0, 0, 0, 1]
Ow:
[0.33841062;
 -0.014893062;
 0.70674551]
Keyframe: 67 Frame: 453 Frame from vFrameID : 454
Tcw:
[0.97569263, -0.068343133, 0.20821412, 0.34006748;
 0.099740274, 0.98450398, -0.14423499, -0.01800368;
 -0.19513017, 0.16149634, 0.96738988, 0.71946818;
 0, 0, 0, 1]
Twc:
[0.97569263, 0.099740274, -0.19513017, -0.1896157;
 -0.068343133, 0.98450398, 0.16149634, -0.07522551;
 0.20821412, -0.14423499, 0.96738988, -0.76940984;
 0, 0, 0, 1]
Ow:
[0.34006748;
 -0.01800368;
 0.71946818]
Keyframe: 68 Frame: 458 Frame from vFrameID : 459
Tcw:
[0.97164905, -0.068454638, 0.22630079, 0.34345114;
 0.099771075, 0.98648506, -0.12997299, -0.018727027;
 -0.2143451, 0.14886642, 0.96534705, 0.72957379;
 0, 0, 0, 1]
Twc:
[0.97164905, 0.099771075, -0.2143451, -0.175465;
 -0.068454638, 0.98648506, 0.14886642, -0.066624284;
 0.22630079, -0.12997299, 0.96534705, -0.78444922;
 0, 0, 0, 1]
Ow:
[0.34345114;
 -0.018727027;
 0.72957379]
Keyframe: 69 Frame: 463 Frame from vFrameID : 464
Tcw:
[0.97876698, -0.059799422, 0.19605917, 0.34997195;
 0.088286832, 0.98621571, -0.139943, -0.020330347;
 -0.18498813, 0.15428104, 0.97055489, 0.73890221;
 0, 0, 0, 1]
Twc:
[0.97876698, 0.088286832, -0.18498813, -0.20405796;
 -0.059799422, 0.98621571, 0.15428104, -0.073020376;
 0.19605917, -0.139943, 0.97055489, -0.78860545;
 0, 0, 0, 1]
Ow:
[0.34997195;
 -0.020330347;
 0.73890221]
Keyframe: 70 Frame: 467 Frame from vFrameID : 468
Tcw:
[0.98539782, -0.047502719, 0.16350719, 0.35601032;
 0.070460297, 0.9879775, -0.13760744, -0.023257248;
 -0.1550047, 0.14711884, 0.97689795, 0.74525595;
 0, 0, 0, 1]
Twc:
[0.98539782, 0.070460297, -0.1550047, -0.23365493;
 -0.047502719, 0.9879775, 0.14711884, -0.06975209;
 0.16350719, -0.13760744, 0.97689795, -0.78944957;
 0, 0, 0, 1]
Ow:
[0.35601032;
 -0.023257248;
 0.74525595]
Keyframe: 71 Frame: 472 Frame from vFrameID : 473
Tcw:
[0.98527443, -0.045370679, 0.16485083, 0.3600674;
 0.070175514, 0.98650753, -0.14791326, -0.024306044;
 -0.15591565, 0.15730365, 0.97516453, 0.75181848;
 0, 0, 0, 1]
Twc:
[0.98527443, 0.070175514, -0.15591565, -0.23583925;
 -0.045370679, 0.98650753, 0.15730365, -0.077949189;
 0.16485083, -0.14791326, 0.97516453, -0.79609931;
 0, 0, 0, 1]
Ow:
[0.3600674;
 -0.024306044;
 0.75181848]
Keyframe: 72 Frame: 477 Frame from vFrameID : 478
Tcw:
[0.98452723, -0.044727344, 0.16942735, 0.36516896;
 0.068073623, 0.98855913, -0.13459876, -0.025510028;
 -0.16146871, 0.14404967, 0.97630811, 0.76114625;
 0, 0, 0, 1]
Twc:
[0.98452723, 0.068073623, -0.16146871, -0.23488091;
 -0.044727344, 0.98855913, 0.14404967, -0.068091668;
 0.16942735, -0.13459876, 0.97630811, -0.80841655;
 0, 0, 0, 1]
Ow:
[0.36516896;
 -0.025510028;
 0.76114625]
Keyframe: 73 Frame: 481 Frame from vFrameID : 482
Tcw:
[0.98095506, -0.05492856, 0.18630615, 0.36731371;
 0.082390718, 0.98628372, -0.14302506, -0.027397916;
 -0.17589456, 0.15565105, 0.97202563, 0.77048272;
 0, 0, 0, 1]
Twc:
[0.98095506, 0.082390718, -0.17589456, -0.2225372;
 -0.05492856, 0.98628372, 0.15565105, -0.072728314;
 0.18630615, -0.14302506, 0.97202563, -0.82128036;
 0, 0, 0, 1]
Ow:
[0.36731371;
 -0.027397916;
 0.77048272]
Keyframe: 74 Frame: 486 Frame from vFrameID : 487
Tcw:
[0.97664118, -0.052304987, 0.2084136, 0.37167966;
 0.088593461, 0.98166239, -0.16879025, -0.030056044;
 -0.19576322, 0.18331158, 0.96336579, 0.7804665;
 0, 0, 0, 1]
Twc:
[0.97664118, 0.088593461, -0.19576322, -0.20754823;
 -0.052304987, 0.98166239, 0.18331158, -0.094122969;
 0.2084136, -0.16879025, 0.96336579, -0.83441097;
 0, 0, 0, 1]
Ow:
[0.37167966;
 -0.030056044;
 0.7804665]
Keyframe: 75 Frame: 491 Frame from vFrameID : 492
Tcw:
[0.97249824, -0.059055571, 0.22529906, 0.37488985;
 0.097634017, 0.98159361, -0.16413888, -0.030400418;
 -0.2114588, 0.18162163, 0.96036386, 0.78792524;
 0, 0, 0, 1]
Twc:
[0.97249824, 0.097634017, -0.2114588, -0.19499788;
 -0.059055571, 0.98159361, 0.18162163, -0.091124073;
 0.22529906, -0.16413888, 0.96036386, -0.84614712;
 0, 0, 0, 1]
Ow:
[0.37488985;
 -0.030400418;
 0.78792524]
Keyframe: 76 Frame: 496 Frame from vFrameID : 497
Tcw:
[0.97335273, -0.066208929, 0.21954699, 0.37944853;
 0.099392287, 0.98461437, -0.1437209, -0.031089604;
 -0.20665352, 0.16171239, 0.96495771, 0.79794133;
 0, 0, 0, 1]
Twc:
[0.97335273, 0.099392287, -0.20665352, -0.20134981;
 -0.066208929, 0.98461437, 0.16171239, -0.073302858;
 0.21954699, -0.1437209, 0.96495771, -0.85775465;
 0, 0, 0, 1]
Ow:
[0.37944853;
 -0.031089604;
 0.79794133]
Keyframe: 77 Frame: 502 Frame from vFrameID : 503
Tcw:
[0.9816789, -0.060617015, 0.18064353, 0.38785166;
 0.092430487, 0.98052716, -0.17327181, -0.033089429;
 -0.16662267, 0.18679424, 0.9681657, 0.80957115;
 0, 0, 0, 1]
Twc:
[0.9816789, 0.092430487, -0.16662267, -0.24279444;
 -0.060617015, 0.98052716, 0.18679424, -0.095267728;
 0.18064353, -0.17327181, 0.9681657, -0.85959536;
 0, 0, 0, 1]
Ow:
[0.38785166;
 -0.033089429;
 0.80957115]
Keyframe: 78 Frame: 507 Frame from vFrameID : 508
Tcw:
[0.98628324, -0.051485199, 0.15682687, 0.39493489;
 0.074652545, 0.98651981, -0.14562163, -0.036449328;
 -0.14721546, 0.15533169, 0.97683144, 0.81766003;
 0, 0, 0, 1]
Twc:
[0.98628324, 0.074652545, -0.14721546, -0.26642442;
 -0.051485199, 0.98651981, 0.15533169, -0.070717223;
 0.15682687, -0.14562163, 0.97683144, -0.86596024;
 0, 0, 0, 1]
Ow:
[0.39493489;
 -0.036449328;
 0.81766003]
Keyframe: 79 Frame: 512 Frame from vFrameID : 513
Tcw:
[0.98588514, -0.049210098, 0.16002753, 0.40063402;
 0.072819628, 0.98671967, -0.14519513, -0.037432998;
 -0.15075724, 0.15479887, 0.97637576, 0.82552725;
 0, 0, 0, 1]
Twc:
[0.98588514, 0.072819628, -0.15075724, -0.26779908;
 -0.049210098, 0.98671967, 0.15479887, -0.071139567;
 0.16002753, -0.14519513, 0.97637576, -0.87557232;
 0, 0, 0, 1]
Ow:
[0.40063402;
 -0.037432998;
 0.82552725]
Keyframe: 80 Frame: 517 Frame from vFrameID : 518
Tcw:
[0.9839915, -0.051364608, 0.17065294, 0.4029291;
 0.075079128, 0.98792088, -0.13555616, -0.039242335;
 -0.16162881, 0.14619859, 0.97596216, 0.83494103;
 0, 0, 0, 1]
Twc:
[0.9839915, 0.075079128, -0.16162881, -0.258582;
 -0.051364608, 0.98792088, 0.14619859, -0.06260258;
 0.17065294, -0.13555616, 0.97596216, -0.88895136;
 0, 0, 0, 1]
Ow:
[0.4029291;
 -0.039242335;
 0.83494103]
Keyframe: 81 Frame: 522 Frame from vFrameID : 523
Tcw:
[0.98218888, -0.057401687, 0.17891341, 0.40697181;
 0.085138559, 0.9847942, -0.15143247, -0.040149756;
 -0.16750041, 0.16396771, 0.97214103, 0.84454989;
 0, 0, 0, 1]
Twc:
[0.98218888, 0.085138559, -0.16750041, -0.25484246;
 -0.057401687, 0.9847942, 0.16396771, -0.075578809;
 0.17891341, -0.15143247, 0.97214103, -0.89991426;
 0, 0, 0, 1]
Ow:
[0.40697181;
 -0.040149756;
 0.84454989]
Keyframe: 82 Frame: 528 Frame from vFrameID : 529
Tcw:
[0.97470719, -0.072426297, 0.21142466, 0.41285318;
 0.10314821, 0.98503292, -0.13809654, -0.043685287;
 -0.19825843, 0.15641175, 0.96758926, 0.85550821;
 0, 0, 0, 1]
Twc:
[0.97470719, 0.10314821, -0.19825843, -0.22829318;
 -0.072426297, 0.98503292, 0.15641175, -0.060878664;
 0.21142466, -0.13809654, 0.96758926, -0.92110068;
 0, 0, 0, 1]
Ow:
[0.41285318;
 -0.043685287;
 0.85550821]
Keyframe: 83 Frame: 534 Frame from vFrameID : 535
Tcw:
[0.9755981, -0.079389818, 0.2047087, 0.41961983;
 0.1104798, 0.98321247, -0.14521526, -0.043843612;
 -0.18974352, 0.16428791, 0.96799117, 0.86666662;
 0, 0, 0, 1]
Twc:
[0.9755981, 0.1104798, -0.18974352, -0.24009207;
 -0.079389818, 0.98321247, 0.16428791, -0.065961711;
 0.2047087, -0.14521526, 0.96799117, -0.93119222;
 0, 0, 0, 1]
Ow:
[0.41961983;
 -0.043843612;
 0.86666662]
Keyframe: 84 Frame: 539 Frame from vFrameID : 540
Tcw:
[0.98156595, -0.067924805, 0.17864616, 0.42754894;
 0.093003772, 0.98633629, -0.13598187, -0.046486571;
 -0.16696866, 0.15008995, 0.97447139, 0.87573189;
 0, 0, 0, 1]
Twc:
[0.98156595, 0.093003772, -0.16696866, -0.26912427;
 -0.067924805, 0.98633629, 0.15008995, -0.056545991;
 0.17864616, -0.13598187, 0.97447139, -0.936077;
 0, 0, 0, 1]
Ow:
[0.42754894;
 -0.046486571;
 0.87573189]
Keyframe: 85 Frame: 545 Frame from vFrameID : 546
Tcw:
[0.98332608, -0.06602224, 0.16944292, 0.43545783;
 0.089567877, 0.98674667, -0.13530928, -0.047874227;
 -0.15826382, 0.14822978, 0.9762072, 0.88555294;
 0, 0, 0, 1]
Twc:
[0.98332608, 0.089567877, -0.15826382, -0.28375804;
 -0.06602224, 0.98674667, 0.14822978, -0.055275686;
 0.16944292, -0.13530928, 0.9762072, -0.94474626;
 0, 0, 0, 1]
Ow:
[0.43545783;
 -0.047874227;
 0.88555294]
Keyframe: 86 Frame: 551 Frame from vFrameID : 552
Tcw:
[0.98162174, -0.077080622, 0.17457759, 0.43917871;
 0.10065074, 0.9863326, -0.13045098, -0.05155924;
 -0.16213633, 0.14562488, 0.97596371, 0.8979739;
 0, 0, 0, 1]
Twc:
[0.98162174, 0.10065074, -0.16213633, -0.28032368;
 -0.077080622, 0.9863326, 0.14562488, -0.046060618;
 0.17457759, -0.13045098, 0.97596371, -0.95978671;
 0, 0, 0, 1]
Ow:
[0.43917871;
 -0.05155924;
 0.8979739]
Keyframe: 87 Frame: 556 Frame from vFrameID : 557
Tcw:
[0.98142976, -0.066035137, 0.18009728, 0.44344041;
 0.093963727, 0.98402011, -0.15124542, -0.052346997;
 -0.16723184, 0.16535936, 0.97195154, 0.90409535;
 0, 0, 0, 1]
Twc:
[0.98142976, 0.093963727, -0.16723184, -0.27909335;
 -0.066035137, 0.98402011, 0.16535936, -0.068707488;
 0.18009728, -0.15124542, 0.97195154, -0.96651649;
 0, 0, 0, 1]
Ow:
[0.44344041;
 -0.052346997;
 0.90409535]
Keyframe: 88 Frame: 561 Frame from vFrameID : 562
Tcw:
[0.97623771, -0.087568231, 0.19822146, 0.44580427;
 0.11524226, 0.98443764, -0.13267171, -0.055144712;
 -0.18351883, 0.15236261, 0.97113669, 0.91235465;
 0, 0, 0, 1]
Twc:
[0.97623771, 0.11524226, -0.18351883, -0.26142165;
 -0.087568231, 0.98443764, 0.15236261, -0.045683924;
 0.19822146, -0.13267171, 0.97113669, -0.98170519;
 0, 0, 0, 1]
Ow:
[0.44580427;
 -0.055144712;
 0.91235465]
Keyframe: 89 Frame: 566 Frame from vFrameID : 567
Tcw:
[0.97283256, -0.095078699, 0.21108501, 0.44977647;
 0.12534854, 0.98288822, -0.13497594, -0.056044519;
 -0.19463964, 0.15776818, 0.96810365, 0.92056644;
 0, 0, 0, 1]
Twc:
[0.97283256, 0.12534854, -0.19463964, -0.25135335;
 -0.095078699, 0.98288822, 0.15776818, -0.047386438;
 0.21108501, -0.13497594, 0.96810365, -0.99370944;
 0, 0, 0, 1]
Ow:
[0.44977647;
 -0.056044519;
