Keyframe: 0 Frame: 0 Frame from vFrameID : 241
Tcw:
[1, 0, 0, 0;
 0, 1, 0, 0;
 0, 0, 1, 0;
 0, 0, 0, 1]
Twc:
[1, 0, 0, 0;
 0, 1, 0, 0;
 0, 0, 1, 0;
 0, 0, 0, 1]
Ow:
[0;
 0;
 0]
Keyframe: 1 Frame: 240 Frame from vFrameID : 241
Tcw:
[0.99932432, -0.0033096659, -0.036605131, 0.022468224;
 0.001872307, 0.99922842, -0.039231393, -0.01400616;
 0.036706727, 0.03913635, 0.99855942, 0.063277207;
 0, 0, 0, 1]
Twc:
[0.99932432, 0.001872307, 0.036706727, -0.024749517;
 -0.0033096659, 0.99922842, 0.03913635, 0.011593277;
 -0.036605131, -0.039231393, 0.99855942, -0.062913083;
 0, 0, 0, 1]
Ow:
[0.022468224;
 -0.01400616;
 0.063277207]
Keyframe: 2 Frame: 241 Frame from vFrameID : 242
Tcw:
[0.99915278, 0.0043472932, -0.04092494, 0.025249628;
 -0.0058427332, 0.99931681, -0.036492649, -0.014310984;
 0.04073834, 0.036700845, 0.99849558, 0.067790985;
 0, 0, 0, 1]
Twc:
[0.99915278, -0.0058427332, 0.04073834, -0.028073542;
 0.0043472932, 0.99931681, 0.036700845, 0.011703453;
 -0.04092494, -0.036492649, 0.99849558, -0.067177907;
 0, 0, 0, 1]
Ow:
[0.025249628;
 -0.014310984;
 0.067790985]
Keyframe: 3 Frame: 242 Frame from vFrameID : 243
Tcw:
[0.99904668, 0.0031914136, -0.043537587, 0.027098304;
 -0.0045488877, 0.9995054, -0.031116007, -0.01629257;
 0.04341675, 0.031284392, 0.9985671, 0.074172296;
 0, 0, 0, 1]
Twc:
[0.99904668, -0.0045488877, 0.04341675, -0.030366905;
 0.0031914136, 0.9995054, 0.031284392, 0.013877596;
 -0.043537587, -0.031116007, 0.9985671, -0.073393181;
 0, 0, 0, 1]
Ow:
[0.027098304;
 -0.01629257;
 0.074172296]
Keyframe: 4 Frame: 243 Frame from vFrameID : 244
Tcw:
[0.99912786, 0.0032697932, -0.041627169, 0.030262681;
 -0.0042698379, 0.99970388, -0.023957649, -0.018142596;
 0.041536503, 0.024114495, 0.99884593, 0.079621404;
 0, 0, 0, 1]
Twc:
[0.99912786, -0.0042698379, 0.041536503, -0.033620946;
 0.0032697932, 0.99970388, 0.024114495, 0.01611824;
 -0.041627169, -0.023957649, 0.99884593, -0.078704424;
 0, 0, 0, 1]
Ow:
[0.030262681;
 -0.018142596;
 0.079621404]
Keyframe: 5 Frame: 245 Frame from vFrameID : 246
Tcw:
[0.99938023, 0.0045571001, -0.034905642, 0.031144289;
 -0.005217969, 0.99980843, -0.018865375, -0.020331416;
 0.034812983, 0.019035818, 0.99921256, 0.086697146;
 0, 0, 0, 1]
Twc:
[0.99938023, -0.005217969, 0.034812983, -0.034249261;
 0.0045571001, 0.99980843, 0.019035818, 0.018535241;
 -0.034905642, -0.018865375, 0.99921256, -0.085925318;
 0, 0, 0, 1]
Ow:
[0.031144289;
 -0.020331416;
 0.086697146]
Keyframe: 6 Frame: 246 Frame from vFrameID : 247
Tcw:
[0.99954385, 0.0020329808, -0.030131629, 0.0336424;
 -0.0025027508, 0.99987578, -0.015561093, -0.022306396;
 0.03009625, 0.015629407, 0.99942482, 0.093314849;
 0, 0, 0, 1]
Twc:
[0.99954385, -0.0025027508, 0.03009625, -0.036491308;
 0.0020329808, 0.99987578, 0.015629407, 0.020776775;
 -0.030131629, -0.015561093, 0.99942482, -0.092594586;
 0, 0, 0, 1]
Ow:
[0.0336424;
 -0.022306396;
 0.093314849]
Keyframe: 7 Frame: 248 Frame from vFrameID : 249
Tcw:
[0.99997878, 0.0043020057, -0.0048973425, 0.040293541;
 -0.0043226844, 0.99998176, -0.0042196843, -0.023442745;
 0.0048791002, 0.0042407643, 0.99997908, 0.11522205;
 0, 0, 0, 1]
Twc:
[0.99997878, -0.0043226844, 0.0048791002, -0.040956199;
 0.0043020057, 0.99998176, 0.0042407643, 0.022780344;
 -0.0048973425, -0.0042196843, 0.99997908, -0.11512124;
 0, 0, 0, 1]
Ow:
[0.040293541;
 -0.023442745;
 0.11522205]
Keyframe: 8 Frame: 250 Frame from vFrameID : 251
Tcw:
[0.99997967, 0.0045464723, 0.0044642342, 0.041485235;
 -0.0045480267, 0.99998963, 0.00033812149, -0.023685673;
 -0.0044626505, -0.00035841807, 0.99998999, 0.12332986;
 0, 0, 0, 1]
Twc:
[0.99997967, -0.0045480267, -0.0044626505, -0.041041739;
 0.0045464723, 0.99998963, -0.00035841807, 0.023541018;
 0.0044642342, 0.00033812149, 0.99998999, -0.12350582;
 0, 0, 0, 1]
Ow:
[0.041485235;
 -0.023685673;
 0.12332986]
Keyframe: 9 Frame: 253 Frame from vFrameID : 254
Tcw:
[0.99969697, 0.00089279155, 0.024599858, 0.039953981;
 -0.0011160757, 0.99995828, 0.0090644108, -0.02381178;
 -0.02459074, -0.0090891188, 0.99965626, 0.14821658;
 0, 0, 0, 1]
Twc:
[0.99969697, -0.0011160757, -0.02459074, -0.036323696;
 0.00089279155, 0.99995828, -0.0090891188, 0.025122276;
 0.024599858, 0.0090644108, 0.99965626, -0.14893267;
 0, 0, 0, 1]
Ow:
[0.039953981;
 -0.02381178;
 0.14821658]
Keyframe: 10 Frame: 255 Frame from vFrameID : 256
Tcw:
[0.99934471, -0.010409744, 0.034667537, 0.046714216;
 0.0097561888, 0.99977249, 0.018968187, -0.030184526;
 -0.034857102, -0.018617533, 0.99921888, 0.16708781;
 0, 0, 0, 1]
Twc:
[0.99934471, 0.0097561888, -0.034857102, -0.040564921;
 -0.010409744, 0.99977249, -0.018617533, 0.033774707;
 0.034667537, 0.018968187, 0.99921888, -0.16800421;
 0, 0, 0, 1]
Ow:
[0.046714216;
 -0.030184526;
 0.16708781]
Keyframe: 11 Frame: 257 Frame from vFrameID : 258
Tcw:
[0.99837315, -0.014818792, 0.055058334, 0.041935109;
 0.014368256, 0.99986005, 0.0085697798, -0.033147912;
 -0.055177622, -0.007764746, 0.99844635, 0.18403827;
 0, 0, 0, 1]
Twc:
[0.99837315, 0.014368256, -0.055177622, -0.031235818;
 -0.014818792, 0.99986005, -0.007764746, 0.035193712;
 0.055058334, 0.0085697798, 0.99844635, -0.18577714;
 0, 0, 0, 1]
Ow:
[0.041935109;
 -0.033147912;
 0.18403827]
Keyframe: 12 Frame: 260 Frame from vFrameID : 261
Tcw:
[0.99621618, -0.021687141, 0.084160268, 0.044648271;
 0.022681389, 0.99968356, -0.010875539, -0.033188477;
 -0.083897777, 0.01274326, 0.99639291, 0.20345584;
 0, 0, 0, 1]
Twc:
[0.99621618, 0.022681389, -0.083897777, -0.02665708;
 -0.021687141, 0.99968356, 0.01274326, 0.031553578;
 0.084160268, -0.010875539, 0.99639291, -0.20684049;
 0, 0, 0, 1]
Ow:
[0.044648271;
 -0.033188477;
 0.20345584]
Keyframe: 13 Frame: 262 Frame from vFrameID : 263
Tcw:
[0.99550474, -0.025105786, 0.091323771, 0.045004122;
 0.025571335, 0.99966526, -0.0039311126, -0.036885798;
 -0.09119451, 0.0062487121, 0.99581349, 0.21042116;
 0, 0, 0, 1]
Twc:
[0.99550474, 0.025571335, -0.09119451, -0.024669344;
 -0.025105786, 0.99966526, 0.0062487121, 0.036688458;
 0.091323771, -0.0039311126, 0.99581349, -0.21379517;
 0, 0, 0, 1]
Ow:
[0.045004122;
 -0.036885798;
 0.21042116]
Keyframe: 14 Frame: 265 Frame from vFrameID : 266
Tcw:
[0.99448442, -0.0078868158, 0.10458755, 0.048775628;
 0.0075542186, 0.99996507, 0.0035758342, -0.037599526;
 -0.1046121, -0.0027660341, 0.99450928, 0.2270855;
 0, 0, 0, 1]
Twc:
[0.99448442, 0.0075542186, -0.1046121, -0.024466675;
 -0.0078868158, 0.99996507, -0.0027660341, 0.038611025;
 0.10458755, 0.0035758342, 0.99450928, -0.2308055;
 0, 0, 0, 1]
Ow:
[0.048775628;
 -0.037599526;
 0.2270855]
Keyframe: 15 Frame: 268 Frame from vFrameID : 269
Tcw:
[0.99454874, -0.020460797, 0.10224545, 0.046520028;
 0.0182283, 0.99957561, 0.022721624, -0.043200888;
 -0.10266697, -0.020734003, 0.99449968, 0.24946199;
 0, 0, 0, 1]
Twc:
[0.99454874, 0.0182283, -0.10266697, -0.019867454;
 -0.020460797, 0.99957561, -0.020734003, 0.049306739;
 0.10224545, 0.022721624, 0.99449968, -0.25186473;
 0, 0, 0, 1]
Ow:
[0.046520028;
 -0.043200888;
 0.24946199]
Keyframe: 16 Frame: 271 Frame from vFrameID : 272
Tcw:
[0.99631965, -0.016851924, 0.084042802, 0.045487173;
 0.014864918, 0.9995963, 0.024212806, -0.044156738;
 -0.084416904, -0.022874404, 0.99616796, 0.26895687;
 0, 0, 0, 1]
Twc:
[0.99631965, 0.014864918, -0.084416904, -0.021958871;
 -0.016851924, 0.9995963, -0.022874404, 0.051057689;
 0.084042802, 0.024212806, 0.99616796, -0.27067992;
 0, 0, 0, 1]
Ow:
[0.045487173;
 -0.044156738;
 0.26895687]
Keyframe: 17 Frame: 274 Frame from vFrameID : 275
Tcw:
[0.99779099, -0.011154259, 0.065488353, 0.047286782;
 0.0096942456, 0.99969828, 0.022569841, -0.046479911;
 -0.065720342, -0.021885123, 0.99759805, 0.28200126;
 0, 0, 0, 1]
Twc:
[0.99779099, 0.0096942456, -0.065720342, -0.028198518;
 -0.011154259, 0.99969828, -0.021885123, 0.053164966;
 0.065488353, 0.022569841, 0.99759805, -0.2833716;
 0, 0, 0, 1]
Ow:
[0.047286782;
 -0.046479911;
 0.28200126]
Keyframe: 18 Frame: 277 Frame from vFrameID : 278
Tcw:
[0.99963272, -0.0091987159, 0.025490742, 0.050078973;
 0.0086048311, 0.99969125, 0.023310596, -0.051549092;
 -0.025697298, -0.023082692, 0.99940324, 0.3007077;
 0, 0, 0, 1]
Twc:
[0.99963272, 0.0086048311, -0.025697298, -0.041889634;
 -0.0091987159, 0.99969125, -0.023082692, 0.058934979;
 0.025490742, 0.023310596, 0.99940324, -0.30060315;
 0, 0, 0, 1]
Ow:
[0.050078973;
 -0.051549092;
 0.3007077]
Keyframe: 19 Frame: 280 Frame from vFrameID : 281
Tcw:
[0.9996348, -0.0078594834, 0.025855714, 0.046926338;
 0.0071812947, 0.99963045, 0.02621882, -0.057390362;
 -0.026052225, -0.026023569, 0.99932182, 0.3180781;
 0, 0, 0, 1]
Twc:
[0.9996348, 0.0071812947, -0.026052225, -0.038210422;
 -0.0078594834, 0.99963045, -0.026023569, 0.066015489;
 0.025855714, 0.02621882, 0.99932182, -0.31757098;
 0, 0, 0, 1]
Ow:
[0.046926338;
 -0.057390362;
 0.3180781]
Keyframe: 20 Frame: 283 Frame from vFrameID : 284
Tcw:
[0.99944603, -0.0065168212, 0.032637339, 0.046415903;
 0.0054687834, 0.99946976, 0.032098565, -0.060369104;
 -0.032829214, -0.031902295, 0.99895167, 0.33538198;
 0, 0, 0, 1]
Twc:
[0.99944603, 0.0054687834, -0.032829214, -0.035049714;
 -0.0065168212, 0.99946976, -0.031902295, 0.071339034;
 0.032637339, 0.032098565, 0.99895167, -0.33460754;
 0, 0, 0, 1]
Ow:
[0.046415903;
 -0.060369104;
 0.33538198]
Keyframe: 21 Frame: 287 Frame from vFrameID : 288
Tcw:
[0.99866736, -0.0042678723, 0.051432222, 0.045624748;
 0.0027231858, 0.9995442, 0.030066179, -0.063053131;
 -0.051537097, -0.029886052, 0.99822378, 0.35963181;
 0, 0, 0, 1]
Twc:
[0.99866736, 0.0027231858, -0.051537097, -0.02685786;
 -0.0042678723, 0.9995442, -0.029886052, 0.073967092;
 0.051432222, 0.030066179, 0.99822378, -0.35944384;
 0, 0, 0, 1]
Ow:
[0.045624748;
 -0.063053131;
 0.35963181]
Keyframe: 22 Frame: 290 Frame from vFrameID : 291
Tcw:
[0.99832755, 0.00066125952, 0.057806779, 0.042579968;
 -0.0023164186, 0.99958909, 0.028570294, -0.06339673;
 -0.057764135, -0.028656418, 0.9979189, 0.37336299;
 0, 0, 0, 1]
Twc:
[0.99832755, -0.0023164186, -0.057764135, -0.021088621;
 0.00066125952, 0.99958909, -0.028656418, 0.074041769;
 0.057806779, 0.028570294, 0.9979189, -0.37323612;
 0, 0, 0, 1]
Ow:
[0.042579968;
 -0.06339673;
 0.37336299]
Keyframe: 23 Frame: 294 Frame from vFrameID : 295
Tcw:
[0.99736083, -0.019997139, 0.069796205, 0.035359815;
 0.018044682, 0.99943113, 0.028492993, -0.068642192;
 -0.070326276, -0.027158346, 0.9971543, 0.40348503;
 0, 0, 0, 1]
Twc:
[0.99736083, 0.018044682, -0.070326276, -0.0056522675;
 -0.019997139, 0.99943113, -0.027158346, 0.080268219;
 0.069796205, 0.028492993, 0.9971543, -0.40284896;
 0, 0, 0, 1]
Ow:
[0.035359815;
 -0.068642192;
 0.40348503]
Keyframe: 24 Frame: 298 Frame from vFrameID : 299
Tcw:
[0.99641389, -0.027159972, 0.080135889, 0.027642302;
 0.025982771, 0.99953914, 0.015696622, -0.070622504;
 -0.080525279, -0.013558179, 0.99666035, 0.42763939;
 0, 0, 0, 1]
Twc:
[0.99641389, 0.025982771, -0.080525279, 0.0087275757;
 -0.027159972, 0.99953914, -0.013558179, 0.077138729;
 0.080135889, 0.015696622, 0.99666035, -0.42731783;
 0, 0, 0, 1]
Ow:
[0.027642302;
 -0.070622504;
 0.42763939]
Keyframe: 25 Frame: 301 Frame from vFrameID : 302
Tcw:
[0.99518746, -0.029737765, 0.093367711, 0.025559427;
 0.027970033, 0.99940497, 0.020185169, -0.073947564;
 -0.093912408, -0.017476531, 0.99542707, 0.44501659;
 0, 0, 0, 1]
Twc:
[0.99518746, 0.027970033, -0.093912408, 0.018424476;
 -0.029737765, 0.99940497, -0.017476531, 0.08244098;
 0.093367711, 0.020185169, 0.99542707, -0.44387534;
 0, 0, 0, 1]
Ow:
[0.025559427;
 -0.073947564;
 0.44501659]
Keyframe: 26 Frame: 305 Frame from vFrameID : 306
Tcw:
[0.9943046, -0.025673224, 0.10343692, 0.020760724;
 0.02369394, 0.99951273, 0.020318856, -0.075003915;
 -0.10390817, -0.017752305, 0.99442846, 0.46186146;
 0, 0, 0, 1]
Twc:
[0.9943046, 0.02369394, -0.10390817, 0.029125836;
 -0.025673224, 0.99951273, -0.017752305, 0.083699472;
 0.10343692, 0.020318856, 0.99442846, -0.45991158;
 0, 0, 0, 1]
Ow:
[0.020760724;
 -0.075003915;
 0.46186146]
Keyframe: 27 Frame: 309 Frame from vFrameID : 310
Tcw:
[0.99485844, -0.030344559, 0.096622288, 0.01564605;
 0.027081715, 0.99902368, 0.034903545, -0.076471224;
 -0.097587086, -0.03210739, 0.99470896, 0.4865388;
 0, 0, 0, 1]
Twc:
[0.99485844, 0.027081715, -0.097587086, 0.033985272;
 -0.030344559, 0.99902368, -0.03210739, 0.092492826;
 0.096622288, 0.034903545, 0.99470896, -0.48280713;
 0, 0, 0, 1]
Ow:
[0.01564605;
 -0.076471224;
 0.4865388]
Keyframe: 28 Frame: 312 Frame from vFrameID : 313
Tcw:
[0.9954502, -0.025225654, 0.091883525, 0.017084498;
 0.021650702, 0.99897712, 0.039698705, -0.078353159;
 -0.092790961, -0.037528738, 0.99497813, 0.50863266;
 0, 0, 0, 1]
Twc:
[0.9954502, 0.021650702, -0.092790961, 0.031886149;
 -0.025225654, 0.99897712, -0.037528738, 0.097792327;
 0.091883525, 0.039698705, 0.99497813, -0.50453764;
 0, 0, 0, 1]
Ow:
[0.017084498;
 -0.078353159;
 0.50863266]
Keyframe: 29 Frame: 316 Frame from vFrameID : 317
Tcw:
[0.99694085, -0.015513993, 0.076604575, 0.015342593;
 0.014496597, 0.99979943, 0.013819438, -0.083054706;
 -0.076803602, -0.012666658, 0.99696577, 0.53381801;
 0, 0, 0, 1]
Twc:
[0.99694085, 0.014496597, -0.076803602, 0.026907496;
 -0.015513993, 0.99979943, -0.012666658, 0.090037763;
 0.076604575, 0.013819438, 0.99696577, -0.53222579;
 0, 0, 0, 1]
Ow:
[0.015342593;
 -0.083054706;
 0.53381801]
Keyframe: 30 Frame: 320 Frame from vFrameID : 321
Tcw:
[0.99724156, -0.021581862, 0.071017474, 0.016556388;
 0.020336365, 0.99962729, 0.018214503, -0.08799465;
 -0.071384102, -0.016720021, 0.99730873, 0.55321085;
 0, 0, 0, 1]
Twc:
[0.99724156, 0.020336365, -0.071384102, 0.024769237;
 -0.021581862, 0.99962729, -0.016720021, 0.097568862;
 0.071017474, 0.018214503, 0.99730873, -0.55129504;
 0, 0, 0, 1]
Ow:
[0.016556388;
 -0.08799465;
 0.55321085]
Keyframe: 31 Frame: 323 Frame from vFrameID : 324
Tcw:
[0.99697959, -0.016313568, 0.075931072, 0.015861548;
 0.015009726, 0.99973047, 0.017710535, -0.090004824;
 -0.076199532, -0.016517337, 0.99695575, 0.57061458;
 0, 0, 0, 1]
Twc:
[0.99697959, 0.015009726, -0.076199532, 0.029017873;
 -0.016313568, 0.99973047, -0.016517337, 0.099664353;
 0.075931072, 0.017710535, 0.99695575, -0.56848788;
 0, 0, 0, 1]
Ow:
[0.015861548;
 -0.090004824;
 0.57061458]
Keyframe: 32 Frame: 327 Frame from vFrameID : 328
Tcw:
[0.99694788, 0.00075861963, 0.078066453, 0.014460262;
 -0.0031979145, 0.99951035, 0.031126121, -0.093265042;
 -0.078004621, -0.031280771, 0.99646217, 0.59726632;
 0, 0, 0, 1]
Twc:
[0.99694788, -0.0031979145, -0.078004621, 0.031875145;
 0.00075861963, 0.99951035, -0.031280771, 0.11189136;
 0.078066453, 0.031126121, 0.99646217, -0.59337914;
 0, 0, 0, 1]
Ow:
[0.014460262;
 -0.093265042;
 0.59726632]
Keyframe: 33 Frame: 331 Frame from vFrameID : 332
Tcw:
[0.99797142, -0.0020357454, 0.063630752, 0.011669118;
 0.0011638507, 0.99990499, 0.013736474, -0.093878441;
 -0.063652664, -0.013634552, 0.99787897, 0.61701;
 0, 0, 0, 1]
Twc:
[0.99797142, 0.0011638507, -0.063652664, 0.027738146;
 -0.0020357454, 0.99990499, -0.013634552, 0.10230593;
 0.063630752, 0.013736474, 0.99787897, -0.61515427;
 0, 0, 0, 1]
Ow:
[0.011669118;
 -0.093878441;
 0.61701]
Keyframe: 34 Frame: 335 Frame from vFrameID : 336
Tcw:
[0.9975183, -0.019576872, 0.067631043, 0.0060063973;
 0.017751174, 0.99946439, 0.027491312, -0.098297685;
 -0.068133011, -0.026222557, 0.99733156, 0.65064192;
 0, 0, 0, 1]
Twc:
[0.9975183, 0.017751174, -0.068133011, 0.040083602;
 -0.019576872, 0.99946439, -0.026222557, 0.11542413;
 0.067631043, 0.027491312, 0.99733156, -0.6466096;
 0, 0, 0, 1]
Ow:
[0.0060063973;
 -0.098297685;
 0.65064192]
Keyframe: 35 Frame: 339 Frame from vFrameID : 340
Tcw:
[0.99567395, -0.030902039, 0.087626755, 0.005318217;
 0.028387316, 0.99915266, 0.029800769, -0.10138254;
 -0.088473409, -0.02718436, 0.99570751, 0.66900671;
 0, 0, 0, 1]
Twc:
[0.99567395, 0.028387316, -0.088473409, 0.056772072;
 -0.030902039, 0.99915266, -0.02718436, 0.1196475;
 0.087626755, 0.029800769, 0.99570751, -0.66357976;
 0, 0, 0, 1]
Ow:
[0.005318217;
 -0.10138254;
 0.66900671]
Keyframe: 36 Frame: 343 Frame from vFrameID : 344
Tcw:
[0.99459821, -0.028580906, 0.099787153, 0.0064651668;
 0.025560703, 0.99917954, 0.031415138, -0.10610685;
 -0.10060316, -0.02869481, 0.99451274, 0.68782341;
 0, 0, 0, 1]
Twc:
[0.99459821, 0.025560703, -0.10060316, 0.06547913;
 -0.028580906, 0.99917954, -0.02869481, 0.12594153;
 0.099787153, 0.031415138, 0.99451274, -0.68136096;
 0, 0, 0, 1]
Ow:
[0.0064651668;
 -0.10610685;
 0.68782341]
Keyframe: 37 Frame: 347 Frame from vFrameID : 348
Tcw:
[0.99518728, -0.031120971, 0.09291777, 0.0082793459;
 0.029340237, 0.99935985, 0.0204699, -0.10761264;
 -0.093495339, -0.017645156, 0.99546337, 0.71264893;
 0, 0, 0, 1]
Twc:
[0.99518728, 0.029340237, -0.093495339, 0.061547231;
 -0.031120971, 0.99935985, -0.017645156, 0.12037621;
 0.09291777, 0.0204699, 0.99546337, -0.70798236;
 0, 0, 0, 1]
Ow:
[0.0082793459;
 -0.10761264;
 0.71264893]
Keyframe: 38 Frame: 351 Frame from vFrameID : 352
Tcw:
[0.99735284, -0.025160901, 0.068222158, 0.017800678;
 0.023538889, 0.99942327, 0.024476079, -0.10933807;
 -0.068798646, -0.022805413, 0.99736989, 0.74036491;
 0, 0, 0, 1]
Twc:
[0.99735284, 0.023538889, -0.068798646, 0.035756245;
 -0.025160901, 0.99942327, -0.022805413, 0.12660721;
 0.068222158, 0.024476079, 0.99736989, -0.73695588;
 0, 0, 0, 1]
Ow:
[0.017800678;
 -0.10933807;
 0.74036491]
Keyframe: 39 Frame: 355 Frame from vFrameID : 356
Tcw:
[0.99933738, -0.01752786, 0.031900357, 0.021963814;
 0.018152883, 0.99964678, -0.019409988, -0.11512763;
 -0.031548876, 0.01997621, 0.99930257, 0.76438856;
 0, 0, 0, 1]
Twc:
[0.99933738, 0.018152883, -0.031548876, 0.0042562373;
 -0.01752786, 0.99964678, 0.01997621, 0.10020236;
 0.031900357, -0.019409988, 0.99930257, -0.76679075;
 0, 0, 0, 1]
Ow:
[0.021963814;
 -0.11512763;
 0.76438856]
Keyframe: 40 Frame: 359 Frame from vFrameID : 360
Tcw:
[0.99953669, -0.012281019, 0.027849607, 0.031770095;
 0.012487656, 0.99989569, -0.0072579822, -0.11636224;
 -0.027757566, 0.0076023955, 0.99958575, 0.78137469;
 0, 0, 0, 1]
Twc:
[0.99953669, 0.012487656, -0.027757566, -0.0086132232;
 -0.012281019, 0.99989569, 0.0076023955, 0.11079995;
 0.027849607, -0.0072579822, 0.99958575, -0.78278035;
 0, 0, 0, 1]
Ow:
[0.031770095;
 -0.11636224;
 0.78137469]
Keyframe: 41 Frame: 363 Frame from vFrameID : 364
Tcw:
[0.99931216, 0.0036436555, 0.03690451, 0.034011878;
 -0.0040275669, 0.99993849, 0.010333833, -0.12160896;
 -0.036864586, -0.010475361, 0.99926537, 0.80604202;
 0, 0, 0, 1]
Twc:
[0.99931216, -0.0040275669, -0.036864586, -0.0047638686;
 0.0036436555, 0.99993849, -0.010475361, 0.12992112;
 0.03690451, 0.010333833, 0.99926537, -0.80544835;
 0, 0, 0, 1]
Ow:
[0.034011878;
 -0.12160896;
 0.80604202]
Keyframe: 42 Frame: 367 Frame from vFrameID : 368
Tcw:
[0.9994716, 0.00380529, 0.032279756, 0.036293324;
 -0.0041086567, 0.99994797, 0.0093369335, -0.12229056;
 -0.032242548, -0.0094646262, 0.99943525, 0.83744097;
 0, 0, 0, 1]
Twc:
[0.9994716, -0.0041086567, -0.032242548, -0.0097753676;
 0.00380529, 0.99994797, -0.0094646262, 0.13007216;
 0.032279756, 0.0093369335, 0.99943525, -0.83699781;
 0, 0, 0, 1]
Ow:
[0.036293324;
 -0.12229056;
 0.83744097]
Keyframe: 43 Frame: 371 Frame from vFrameID : 372
Tcw:
[0.99944925, -0.0080970405, 0.032180361, 0.036440369;
 0.0079866657, 0.99996179, 0.003556926, -0.12677839;
 -0.032207932, -0.0032979532, 0.99947578, 0.85730338;
 0, 0, 0, 1]
Twc:
[0.99944925, 0.0079866657, -0.032207932, -0.0077957977;
 -0.0080970405, 0.99996179, -0.0032979532, 0.12989594;
 0.032180361, 0.003556926, 0.99947578, -0.8575756;
 0, 0, 0, 1]
Ow:
[0.036440369;
 -0.12677839;
 0.85730338]
Keyframe: 44 Frame: 375 Frame from vFrameID : 376
Tcw:
[0.99935621, -0.019166758, 0.03032816, 0.035902414;
 0.019597802, 0.9997102, -0.013979753, -0.13250877;
 -0.030051425, 0.014565119, 0.99944222, 0.87986696;
 0, 0, 0, 1]
Twc:
[0.99935621, 0.019597802, -0.030051425, -0.0068411664;
 -0.019166758, 0.9997102, 0.014565119, 0.12034313;
 0.03032816, -0.013979753, 0.99944222, -0.88231748;
 0, 0, 0, 1]
Ow:
[0.035902414;
 -0.13250877;
 0.87986696]
Keyframe: 45 Frame: 379 Frame from vFrameID : 380
Tcw:
[0.99903274, -0.01911639, 0.039600518, 0.039152432;
 0.019716889, 0.9996956, -0.014829241, -0.13556282;
 -0.039304983, 0.015595696, 0.99910557, 0.89546269;
 0, 0, 0, 1]
Twc:
[0.99903274, 0.019716889, -0.039304983, -0.0012455357;
 -0.01911639, 0.9996956, 0.015595696, 0.12230465;
 0.039600518, -0.014829241, 0.99910557, -0.89822251;
 0, 0, 0, 1]
Ow:
[0.039152432;
 -0.13556282;
 0.89546269]
Keyframe: 46 Frame: 383 Frame from vFrameID : 384
Tcw:
[0.99911153, -0.018265568, 0.037979722, 0.040198334;
 0.01757098, 0.99967366, 0.018542459, -0.13670322;
 -0.038306016, -0.017858645, 0.99910647, 0.92371792;
 0, 0, 0, 1]
Twc:
[0.99911153, 0.01757098, -0.038306016, -0.0023766549;
 -0.018265568, 0.99967366, -0.017858645, 0.15388919;
 0.037979722, 0.018542459, 0.99910647, -0.92188442;
 0, 0, 0, 1]
Ow:
[0.040198334;
 -0.13670322;
 0.92371792]
Keyframe: 47 Frame: 387 Frame from vFrameID : 388
Tcw:
[0.999632, -0.019603735, 0.018748576, 0.043302819;
 0.019588254, 0.9998076, 0.0010090001, -0.14154205;
 -0.018764749, -0.00064137694, 0.99982375, 0.94864768;
 0, 0, 0, 1]
Twc:
[0.999632, 0.019588254, -0.018764749, -0.022713186;
 -0.019603735, 0.9998076, -0.00064137694, 0.14297217;
 0.018748576, 0.0010090001, 0.99982375, -0.94914949;
 0, 0, 0, 1]
Ow:
[0.043302819;
 -0.14154205;
 0.94864768]
Keyframe: 48 Frame: 391 Frame from vFrameID : 392
Tcw:
[0.99990982, -0.0092812655, 0.0097058685, 0.048507757;
 0.0093084536, 0.99995285, -0.0027597616, -0.14342126;
 -0.0096797971, 0.0028498594, 0.9999491, 0.96562487;
 0, 0, 0, 1]
Twc:
[0.99990982, 0.0093084536, -0.0096797971, -0.037821304;
 -0.0092812655, 0.99995285, 0.0028498594, 0.14111282;
 0.0097058685, -0.0027597616, 0.9999491, -0.96644229;
 0, 0, 0, 1]
Ow:
[0.048507757;
 -0.14342126;
 0.96562487]
Keyframe: 49 Frame: 395 Frame from vFrameID : 396
Tcw:
[0.99899381, -0.043056939, -0.012549479, 0.044555906;
 0.042967312, 0.9990496, -0.0073262262, -0.14653771;
 0.012852997, 0.0067796372, 0.99989444, 0.98636669;
 0, 0, 0, 1]
Twc:
[0.99899381, 0.042967312, 0.012852997, -0.05089251;
 -0.043056939, 0.9990496, 0.0067796372, 0.14162967;
 -0.012549479, -0.0073262262, 0.99989444, -0.98677695;
 0, 0, 0, 1]
Ow:
[0.044555906;
 -0.14653771;
 0.98636669]
Keyframe: 50 Frame: 399 Frame from vFrameID : 400
Tcw:
[0.99931014, -0.020630328, -0.030881044, 0.055408392;
 0.022076508, 0.99863929, 0.047246568, -0.15329899;
 0.029864311, -0.047895718, 0.99840581, 1.0089036;
 0, 0, 0, 1]
Twc:
[0.99931014, 0.022076508, 0.029864311, -0.082116067;
 -0.020630328, 0.99863929, -0.047895718, 0.20255564;
 -0.030881044, 0.047246568, 0.99840581, -0.99834126;
 0, 0, 0, 1]
Ow:
[0.055408392;
 -0.15329899;
 1.0089036]
Keyframe: 51 Frame: 404 Frame from vFrameID : 405
Tcw:
[0.99973595, -0.016368024, -0.01612735, 0.055188864;
 0.01635642, 0.99986589, -0.00085114426, -0.16004196;
 0.016139118, 0.00058713381, 0.99986959, 1.0393641;
 0, 0, 0, 1]
Twc:
[0.99973595, 0.01635642, 0.016139118, -0.069330998;
 -0.016368024, 0.99986589, 0.00058713381, 0.16031358;
 -0.01612735, -0.00085114426, 0.99986959, -1.0384747;
 0, 0, 0, 1]
Ow:
[0.055188864;
 -0.16004196;
 1.0393641]
Keyframe: 52 Frame: 408 Frame from vFrameID : 409
Tcw:
[0.99817032, -0.025810707, -0.054679073, 0.052235518;
 0.025098432, 0.99959147, -0.013673485, -0.16618696;
 0.055009656, 0.012276108, 0.99841034, 1.0631181;
 0, 0, 0, 1]
Twc:
[0.99817032, 0.025098432, 0.055009656, -0.10645068;
 -0.025810707, 0.99959147, 0.012276108, 0.15441635;
 -0.054679073, -0.013673485, 0.99841034, -1.0608443;
 0, 0, 0, 1]
Ow:
[0.052235518;
 -0.16618696;
 1.0631181]
Keyframe: 53 Frame: 412 Frame from vFrameID : 413
Tcw:
[0.99957126, 0.0088077439, -0.027923374, 0.060664982;
 -0.0095701888, 0.99958175, -0.02728988, -0.16308779;
 0.027671332, 0.027545413, 0.99923748, 1.0785638;
 0, 0, 0, 1]
Twc:
[0.99957126, -0.0095701888, 0.027671332, -0.092045054;
 0.0088077439, 0.99958175, 0.027545413, 0.13277578;
 -0.027923374, -0.02728988, 0.99923748, -1.080498;
 0, 0, 0, 1]
Ow:
[0.060664982;
 -0.16308779;
 1.0785638]
Keyframe: 54 Frame: 416 Frame from vFrameID : 417
Tcw:
[0.99995846, 0.0051018395, 0.0075556864, 0.057998046;
 -0.0050616688, 0.999973, -0.0053262324, -0.16865954;
 -0.0075826556, 0.0052877665, 0.99995726, 1.1024162;
 0, 0, 0, 1]
Twc:
[0.99995846, -0.0050616688, -0.0075826556, -0.050490092;
 0.0051018395, 0.999973, 0.0052877665, 0.16252977;
 0.0075556864, -0.0053262324, 0.99995726, -1.1037056;
 0, 0, 0, 1]
Ow:
[0.057998046;
 -0.16865954;
 1.1024162]
Keyframe: 55 Frame: 420 Frame from vFrameID : 421
Tcw:
[0.99988097, 0.015303608, 0.0019601372, 0.062804773;
 -0.015369724, 0.99908334, 0.039953683, -0.17648074;
 -0.0013469048, -0.039979056, 0.99919963, 1.1294432;
 0, 0, 0, 1]
Twc:
[0.99988097, -0.015369724, -0.0013469048, -0.063988507;
 0.015303608, 0.99908334, -0.039979056, 0.22051188;
 0.0019601372, 0.039953683, 0.99919963, -1.1216111;
 0, 0, 0, 1]
Ow:
[0.062804773;
 -0.17648074;
 1.1294432]
Keyframe: 56 Frame: 424 Frame from vFrameID : 425
Tcw:
[0.99699378, 0.014832111, 0.07604894, 0.085623652;
 -0.012542151, 0.99945605, -0.030501375, -0.18003076;
 -0.076459974, 0.029455865, 0.99663746, 1.155391;
 0, 0, 0, 1]
Twc:
[0.99699378, -0.012542151, -0.076459974, 0.00071694091;
 0.014832111, 0.99945605, 0.029455865, 0.14462982;
 0.07604894, -0.030501375, 0.99663746, -1.1635087;
 0, 0, 0, 1]
Ow:
[0.085623652;
 -0.18003076;
 1.155391]
Keyframe: 57 Frame: 428 Frame from vFrameID : 429
Tcw:
[0.99357665, 0.057345849, 0.097554691, 0.08990708;
 -0.055115215, 0.99815661, -0.025410824, -0.18139923;
 -0.098832063, 0.019870853, 0.99490571, 1.1712929;
 0, 0, 0, 1]
Twc:
[0.99357665, -0.055115215, -0.098832063, 0.016433867;
 0.057345849, 0.99815661, 0.019870853, 0.15263444;
 0.097554691, -0.025410824, 0.99490571, -1.1787064;
 0, 0, 0, 1]
Ow:
[0.08990708;
 -0.18139923;
 1.1712929]
Keyframe: 58 Frame: 432 Frame from vFrameID : 433
Tcw:
[0.99694622, 0.058429334, 0.051809933, 0.089771412;
 -0.057794336, 0.99823487, -0.013672158, -0.18741021;
 -0.05251734, 0.010636086, 0.99856335, 1.1822788;
 0, 0, 0, 1]
Twc:
[0.99694622, -0.057794336, -0.05251734, -0.038238388;
 0.058429334, 0.99823487, 0.010636086, 0.16925931;
 0.051809933, -0.013672158, 0.99856335, -1.1877936;
 0, 0, 0, 1]
Ow:
[0.089771412;
 -0.18741021;
 1.1822788]
Keyframe: 59 Frame: 436 Frame from vFrameID : 437
Tcw:
[0.99845523, 0.031728178, 0.045612253, 0.096925378;
 -0.033017289, 0.99906832, 0.027792221, -0.19057478;
 -0.04468796, -0.029255282, 0.99857253, 1.2025936;
 0, 0, 0, 1]
Twc:
[0.99845523, -0.033017289, -0.04468796, -0.049326457;
 0.031728178, 0.99906832, -0.029255282, 0.22250417;
 0.045612253, 0.027792221, 0.99857253, -1.2000014;
 0, 0, 0, 1]
Ow:
[0.096925378;
 -0.19057478;
 1.2025936]
Keyframe: 60 Frame: 440 Frame from vFrameID : 441
Tcw:
[0.99700409, 0.036379121, 0.068260022, 0.10050958;
 -0.039697766, 0.99806255, 0.04790796, -0.19220302;
 -0.066384926, -0.050474204, 0.99651664, 1.2271957;
 0, 0, 0, 1]
Twc:
[0.99700409, -0.039697766, -0.066384926, -0.026371205;
 0.036379121, 0.99806255, -0.050474204, 0.25011593;
 0.068260022, 0.04790796, 0.99651664, -1.2205737;
 0, 0, 0, 1]
Ow:
[0.10050958;
 -0.19220302;
 1.2271957]
Keyframe: 61 Frame: 444 Frame from vFrameID : 445
Tcw:
[0.99715954, 0.019856967, 0.072653696, 0.097173594;
 -0.022765834, 0.99896294, 0.039430808, -0.19291773;
 -0.071795367, -0.040972829, 0.99657744, 1.2491207;
 0, 0, 0, 1]
Twc:
[0.99715954, -0.022765834, -0.071795367, -0.011608421;
 0.019856967, 0.99896294, -0.040972829, 0.2419681;
 0.072653696, 0.039430808, 0.99657744, -1.2442987;
 0, 0, 0, 1]
Ow:
[0.097173594;
 -0.19291773;
 1.2491207]
Keyframe: 62 Frame: 448 Frame from vFrameID : 449
Tcw:
[0.99682367, 0.02872505, 0.074279875, 0.10128971;
 -0.031740762, 0.99870569, 0.039742555, -0.2008477;
 -0.073042125, -0.041974019, 0.99644518, 1.2680025;
 0, 0, 0, 1]
Twc:
[0.99682367, -0.031740762, -0.073042125, -0.014725438;
 0.02872505, 0.99870569, -0.041974019, 0.25090137;
 0.074279875, 0.039742555, 0.99644518, -1.2630366;
 0, 0, 0, 1]
Ow:
[0.10128971;
 -0.2008477;
 1.2680025]
Keyframe: 63 Frame: 452 Frame from vFrameID : 453
Tcw:
[0.99781752, 0.041547231, 0.051323347, 0.10982195;
 -0.044425219, 0.99742675, 0.056269515, -0.1986967;
 -0.048853438, -0.05842676, 0.99709558, 1.2894365;
 0, 0, 0, 1]
Twc:
[0.99781752, -0.044425219, -0.048853438, -0.055415995;
 0.041547231, 0.99742675, -0.05842676, 0.26896021;
 0.051323347, 0.056269515, 0.99709558, -1.2801474;
 0, 0, 0, 1]
Ow:
[0.10982195;
 -0.1986967;
 1.2894365]
Keyframe: 64 Frame: 456 Frame from vFrameID : 457
Tcw:
[0.99879682, 0.04860929, -0.0064855549, 0.11863333;
 -0.04825341, 0.99773562, 0.046853017, -0.20400983;
 0.0087483609, -0.046483692, 0.99888074, 1.3135011;
 0, 0, 0, 1]
Twc:
[0.99879682, -0.04825341, 0.0087483609, -0.13982575;
 0.04860929, 0.99773562, -0.046483692, 0.25883758;
 -0.0064855549, 0.046853017, 0.99888074, -1.3017031;
 0, 0, 0, 1]
Ow:
[0.11863333;
 -0.20400983;
 1.3135011]
Keyframe: 65 Frame: 460 Frame from vFrameID : 461
Tcw:
[0.99588692, 0.086669438, -0.026412042, 0.1249679;
 -0.084608458, 0.99387395, 0.071105324, -0.20744321;
 0.032412898, -0.068578184, 0.99711907, 1.3334618;
 0, 0, 0, 1]
Twc:
[0.99588692, -0.084608458, 0.032412898, -0.18522672;
 0.086669438, 0.99387395, -0.068578184, 0.28678787;
 -0.026412042, 0.071105324, 0.99711907, -1.3115692;
 0, 0, 0, 1]
Ow:
[0.1249679;
 -0.20744321;
 1.3334618]
Keyframe: 66 Frame: 464 Frame from vFrameID : 465
Tcw:
[0.99713939, 0.070162289, -0.028112745, 0.1282481;
 -0.068020463, 0.99515349, 0.071012713, -0.20932382;
 0.03295891, -0.068897329, 0.99707919, 1.3499484;
 0, 0, 0, 1]
Twc:
[0.99713939, -0.068020463, 0.03295891, -0.18661234;
 0.070162289, 0.99515349, -0.068897329, 0.29231897;
 -0.028112745, 0.071012713, 0.99707919, -1.3275354;
 0, 0, 0, 1]
Ow:
[0.1282481;
 -0.20932382;
 1.3499484]
Keyframe: 67 Frame: 468 Frame from vFrameID : 469
Tcw:
[0.99689209, 0.078606233, -0.0052155899, 0.12464856;
 -0.077925906, 0.9936496, 0.081166953, -0.21185826;
 0.011562698, -0.080508262, 0.99668688, 1.3664049;
 0, 0, 0, 1]
Twc:
[0.99689209, -0.077925906, 0.011562698, -0.15656973;
 0.078606233, 0.9936496, -0.080508262, 0.31072161;
 -0.0052155899, 0.081166953, 0.99668688, -1.3440318;
 0, 0, 0, 1]
Ow:
[0.12464856;
 -0.21185826;
 1.3664049]
Keyframe: 68 Frame: 472 Frame from vFrameID : 473
Tcw:
[0.99782902, 0.064423293, -0.013671371, 0.12221481;
 -0.063157432, 0.99490327, 0.078604378, -0.21310982;
 0.018665645, -0.077570274, 0.99681216, 1.3900225;
 0, 0, 0, 1]
Twc:
[0.99782902, -0.063157432, 0.018665645, -0.16135462;
 0.064423293, 0.99490327, -0.077570274, 0.31197459;
 -0.013671371, 0.078604378, 0.99681216, -1.367169;
 0, 0, 0, 1]
Ow:
[0.12221481;
 -0.21310982;
 1.3900225]
Keyframe: 69 Frame: 476 Frame from vFrameID : 477
Tcw:
[0.99935478, 0.033456344, -0.013064808, 0.11360968;
 -0.032865748, 0.99853146, 0.043067653, -0.21894971;
 0.014486508, -0.042610481, 0.99898672, 1.4136822;
 0, 0, 0, 1]
Twc:
[0.99935478, -0.032865748, 0.014486508, -0.14121163;
 0.033456344, 0.99853146, -0.042610481, 0.27506486;
 -0.013064808, 0.043067653, 0.99898672, -1.4013358;
 0, 0, 0, 1]
Ow:
[0.11360968;
 -0.21894971;
 1.4136822]
Keyframe: 70 Frame: 480 Frame from vFrameID : 481
Tcw:
[0.99987084, 0.013047945, -0.0093849069, 0.10789051;
 -0.012819735, 0.99963027, 0.023978999, -0.21928364;
 0.0096943136, -0.023855589, 0.99966842, 1.4326057;
 0, 0, 0, 1]
Twc:
[0.99987084, -0.012819735, 0.0096943136, -0.12457586;
 0.013047945, 0.99963027, -0.023855589, 0.25197047;
 -0.0093849069, 0.023978999, 0.99966842, -1.4258599;
 0, 0, 0, 1]
Ow:
[0.10789051;
 -0.21928364;
 1.4326057]
Keyframe: 71 Frame: 484 Frame from vFrameID : 485
Tcw:
[0.99947035, 0.031672996, 0.007469743, 0.11054926;
 -0.03189161, 0.99900323, 0.031231828, -0.22178249;
 -0.0064730919, -0.031453509, 0.99948424, 1.4483958;
 0, 0, 0, 1]
Twc:
[0.99947035, -0.03189161, -0.0064730919, -0.10818811;
 0.031672996, 0.99900323, -0.031453509, 0.26361713;
 0.007469743, 0.031231828, 0.99948424, -1.441548;
 0, 0, 0, 1]
Ow:
[0.11054926;
 -0.22178249;
 1.4483958]
Keyframe: 72 Frame: 488 Frame from vFrameID : 489
Tcw:
[0.99937886, 0.033810448, 0.0099375173, 0.10957874;
 -0.034191843, 0.99856943, 0.041109059, -0.22451976;
 -0.0085333856, -0.041423306, 0.99910527, 1.4744638;
 0, 0, 0, 1]
Twc:
[0.99937886, -0.034191843, -0.0085333856, -0.10460525;
 0.033810448, 0.99856943, -0.041423306, 0.28157085;
 0.0099375173, 0.041109059, 0.99910527, -1.4650037;
 0, 0, 0, 1]
Ow:
[0.10957874;
 -0.22451976;
 1.4744638]
Keyframe: 73 Frame: 492 Frame from vFrameID : 493
Tcw:
[0.99905181, 0.043533359, -0.00052859355, 0.11150606;
 -0.043431163, 0.99740392, 0.057437867, -0.22625229;
 0.0030276845, -0.057360448, 0.99834895, 1.491181;
 0, 0, 0, 1]
Twc:
[0.99905181, -0.043431163, 0.0030276845, -0.12574156;
 0.043533359, 0.99740392, -0.057360448, 0.30634552;
 -0.00052859355, 0.057437867, 0.99834895, -1.4756646;
 0, 0, 0, 1]
Ow:
[0.11150606;
 -0.22625229;
 1.491181]
Keyframe: 74 Frame: 496 Frame from vFrameID : 497
Tcw:
[0.99865407, 0.048906546, -0.017267643, 0.11146883;
 -0.04851751, 0.99857396, 0.022272607, -0.22825885;
 0.018332295, -0.021404848, 0.99960279, 1.5094228;
 0, 0, 0, 1]
Twc:
[0.99865407, -0.04851751, 0.018332295, -0.15006453;
 0.048906546, 0.99857396, -0.021404848, 0.25479075;
 -0.017267643, 0.022272607, 0.99960279, -1.5018145;
 0, 0, 0, 1]
Ow:
[0.11146883;
 -0.22825885;
 1.5094228]
Keyframe: 75 Frame: 500 Frame from vFrameID : 501
Tcw:
[0.99902672, 0.041007053, -0.016250476, 0.11434996;
 -0.040414345, 0.99856061, 0.03526162, -0.22979552;
 0.01767306, -0.034570549, 0.999246, 1.5210623;
 0, 0, 0, 1]
Twc:
[0.99902672, -0.040414345, 0.01767306, -0.15040752;
 0.041007053, 0.99856061, -0.034570549, 0.27735955;
 -0.016250476, 0.03526162, 0.999246, -1.5099541;
 0, 0, 0, 1]
Ow:
[0.11434996;
 -0.22979552;
 1.5210623]
Keyframe: 76 Frame: 504 Frame from vFrameID : 505
Tcw:
[0.99866581, 0.051115654, 0.0073321215, 0.11385733;
 -0.051420901, 0.9974069, 0.050352026, -0.23484859;
 -0.004739332, -0.050661873, 0.99870461, 1.542436;
 0, 0, 0, 1]
Twc:
[0.99866581, -0.051420901, -0.004739332, -0.11847144;
 0.051115654, 0.9974069, -0.050661873, 0.30656239;
 0.0073321215, 0.050352026, 0.99870461, -1.5294477;
 0, 0, 0, 1]
Ow:
[0.11385733;
 -0.23484859;
 1.542436]
Keyframe: 77 Frame: 508 Frame from vFrameID : 509
Tcw:
[0.99861872, 0.052539118, 0.00056565017, 0.11002643;
 -0.052457068, 0.99633116, 0.067620248, -0.23692605;
 0.0029891331, -0.067556515, 0.99771094, 1.5621972;
 0, 0, 0, 1]
Twc:
[0.99861872, -0.052457068, 0.0029891331, -0.12697251;
 0.052539118, 0.99633116, -0.067556515, 0.33581272;
 0.00056565017, 0.067620248, 0.99771094, -1.5426625;
 0, 0, 0, 1]
Ow:
[0.11002643;
 -0.23692605;
 1.5621972]
Keyframe: 78 Frame: 511 Frame from vFrameID : 512
Tcw:
[0.99828452, 0.058247861, 0.0059287082, 0.10710821;
 -0.058512401, 0.99610621, 0.06594447, -0.23826441;
 -0.0020644986, -0.066178247, 0.99780566, 1.5749745;
 0, 0, 0, 1]
Twc:
[0.99828452, -0.058512401, -0.0020644986, -0.11761436;
 0.058247861, 0.99610621, -0.066178247, 0.33532691;
 0.0059287082, 0.06594447, 0.99780566, -1.5564413;
 0, 0, 0, 1]
Ow:
[0.10710821;
 -0.23826441;
 1.5749745]
Keyframe: 79 Frame: 515 Frame from vFrameID : 516
Tcw:
[0.9996357, 0.026903918, -0.0021486513, 0.094235778;
 -0.026679011, 0.99703902, 0.072120979, -0.24170503;
 0.0040826262, -0.072037384, 0.99739355, 1.5983057;
 0, 0, 0, 1]
Twc:
[0.9996357, -0.026679011, 0.0040826262, -0.10717519;
 0.026903918, 0.99703902, -0.072037384, 0.3535918;
 -0.0021486513, 0.072120979, 0.99739355, -1.5765054;
 0, 0, 0, 1]
Ow:
[0.094235778;
 -0.24170503;
 1.5983057]
Keyframe: 80 Frame: 519 Frame from vFrameID : 520
Tcw:
[0.9991861, -0.039636426, 0.0074901958, 0.088364609;
 0.039403539, 0.99880153, 0.029032005, -0.24079511;
 -0.0086319437, -0.028713236, 0.9995504, 1.6189845;
 0, 0, 0, 1]
Twc:
[0.9991861, 0.039403539, -0.0086319437, -0.064829528;
 -0.039636426, 0.99880153, -0.028713236, 0.29049525;
 0.0074901958, 0.029032005, 0.9995504, -1.6119276;
 0, 0, 0, 1]
Ow:
[0.088364609;
 -0.24079511;
 1.6189845]
Keyframe: 81 Frame: 523 Frame from vFrameID : 524
Tcw:
[0.99876451, -0.023717528, 0.043667994, 0.089832649;
 0.02125966, 0.99820924, 0.055914201, -0.24515668;
 -0.044915941, -0.054916754, 0.99748015, 1.6421907;
 0, 0, 0, 1]
Twc:
[0.99876451, 0.02125966, -0.044915941, -0.01074918;
 -0.023717528, 0.99820924, -0.054916754, 0.33703205;
 0.043667994, 0.055914201, 0.99748015, -1.6282678;
 0, 0, 0, 1]
Ow:
[0.089832649;
 -0.24515668;
 1.6421907]
Keyframe: 82 Frame: 527 Frame from vFrameID : 528
Tcw:
[0.99802166, -0.016874688, 0.060564302, 0.084017791;
 0.014607898, 0.99918318, 0.037677411, -0.24368489;
 -0.061150625, -0.036718156, 0.99745297, 1.659125;
 0, 0, 0, 1]
Twc:
[0.99802166, 0.014607898, -0.061150625, 0.021164671;
 -0.016874688, 0.99918318, -0.036718156, 0.30582362;
 0.060564302, 0.037677411, 0.99745297, -1.6508061;
 0, 0, 0, 1]
Ow:
[0.084017791;
 -0.24368489;
 1.659125]
Keyframe: 83 Frame: 531 Frame from vFrameID : 532
Tcw:
[0.99810058, -0.0020712845, 0.061570726, 0.088528328;
 -0.00061215303, 0.99905181, 0.043532226, -0.24681276;
 -0.061602514, -0.043487232, 0.99715292, 1.6796371;
 0, 0, 0, 1]
Twc:
[0.99810058, -0.00061215303, -0.061602514, 0.014958607;
 -0.0020712845, 0.99905181, -0.043487232, 0.31980488;
 0.061570726, 0.043532226, 0.99715292, -1.6695615;
 0, 0, 0, 1]
Ow:
[0.088528328;
 -0.24681276;
 1.6796371]
Keyframe: 84 Frame: 535 Frame from vFrameID : 536
Tcw:
[0.9978981, 0.0022179384, 0.064764276, 0.089777596;
 -0.0041359197, 0.99955636, 0.02949577, -0.24838734;
 -0.064670123, -0.029701633, 0.9974646, 1.6984265;
 0, 0, 0, 1]
Twc:
[0.9978981, -0.0041359197, -0.064670123, 0.019221244;
 0.0022179384, 0.99955636, -0.029701633, 0.29852405;
 0.064764276, 0.02949577, 0.9974646, -1.6926082;
 0, 0, 0, 1]
Ow:
[0.089777596;
 -0.24838734;
 1.6984265]
Keyframe: 85 Frame: 539 Frame from vFrameID : 540
Tcw:
[0.9965781, -0.022057854, 0.079659171, 0.086654082;
 0.019750997, 0.99936575, 0.029631892, -0.25139081;
 -0.080262259, -0.027957147, 0.99638164, 1.7175723;
 0, 0, 0, 1]
Twc:
[0.9965781, 0.019750997, -0.080262259, 0.056463901;
 -0.022057854, 0.99936575, -0.027957147, 0.30116114;
 0.079659171, 0.029631892, 0.99638164, -1.7108111;
 0, 0, 0, 1]
Ow:
[0.086654082;
 -0.25139081;
 1.7175723]
Keyframe: 86 Frame: 543 Frame from vFrameID : 544
Tcw:
[0.99550724, -0.0043187137, 0.094586879, 0.088502489;
 0.0010624119, 0.99940586, 0.034449905, -0.25440034;
 -0.09467946, -0.034194641, 0.99492037, 1.7375801;
 0, 0, 0, 1]
Twc:
[0.99550724, 0.0010624119, -0.09467946, 0.076678559;
 -0.0043187137, 0.99940586, -0.034194641, 0.31404737;
 0.094586879, 0.034449905, 0.99492037, -1.7283609;
 0, 0, 0, 1]
Ow:
[0.088502489;
 -0.25440034;
 1.7375801]
Keyframe: 87 Frame: 547 Frame from vFrameID : 548
Tcw:
[0.99399698, -0.0061070793, 0.10923699, 0.08421956;
 0.0013175623, 0.99903667, 0.043863744, -0.25215837;
 -0.10939963, -0.043456502, 0.99304748, 1.7541761;
 0, 0, 0, 1]
Twc:
[0.99399698, 0.0013175623, -0.10939963, 0.10852446;
 -0.0061070793, 0.99903667, -0.043456502, 0.32866016;
 0.10923699, 0.043863744, 0.99304748, -1.7401193;
 0, 0, 0, 1]
Ow:
[0.08421956;
 -0.25215837;
 1.7541761]
Keyframe: 88 Frame: 551 Frame from vFrameID : 552
Tcw:
[0.99344575, -0.034485333, 0.10897839, 0.071101412;
 0.028646937, 0.99809217, 0.054693069, -0.25947893;
 -0.11065659, -0.051212702, 0.99253833, 1.7848314;
 0, 0, 0, 1]
Twc:
[0.99344575, 0.028646937, -0.11065659, 0.13430123;
 -0.034485333, 0.99809217, -0.051212702, 0.35284188;
 0.10897839, 0.054693069, 0.99253833, -1.7650704;
 0, 0, 0, 1]
Ow:
[0.071101412;
 -0.25947893;
 1.7848314]
Keyframe: 89 Frame: 555 Frame from vFrameID : 556
Tcw:
[0.99121273, -0.057985995, 0.11889059, 0.069275051;
 0.057782128, 0.99831587, 0.0051640626, -0.26013112;
 -0.11898981, 0.001751067, 0.99289393, 1.7989613;
 0, 0, 0, 1]
Twc:
[0.99121273, 0.057782128, -0.11898981, 0.16042267;
 -0.057985995, 0.99831587, 0.001751067, 0.26055989;
 0.11889059, 0.0051640626, 0.99289393, -1.7930706;
 0, 0, 0, 1]
Ow:
[0.069275051;
 -0.26013112;
 1.7989613]
