Keyframe: 0 Frame: 0 Frame from vFrameID : 108
Tcw:
[1, 0, 0, 0;
 0, 1, 0, 0;
 0, 0, 1, 0;
 0, 0, 0, 1]
Twc:
[1, 0, 0, 0;
 0, 1, 0, 0;
 0, 0, 1, 0;
 0, 0, 0, 1]
Ow:
[0;
 0;
 0]
Keyframe: 1 Frame: 107 Frame from vFrameID : 108
Tcw:
[0.99937695, 0.0025456585, 0.035202853, -0.016949851;
 -0.0021343734, 0.99992907, -0.011715939, -0.0028957797;
 -0.035230182, 0.011633503, 0.99931151, 0.0059122974;
 0, 0, 0, 1]
Twc:
[0.99937695, -0.0021343734, -0.035230182, 0.017141402;
 0.0025456585, 0.99992907, 0.011633503, 0.002869942;
 0.035202853, -0.011715939, 0.99931151, -0.0053454703;
 0, 0, 0, 1]
Ow:
[-0.016949851;
 -0.0028957797;
 0.0059122974]
Keyframe: 2 Frame: 110 Frame from vFrameID : 111
Tcw:
[0.99949074, -0.0018757994, 0.031855632, -0.019792069;
 0.0018536939, 0.99999803, 0.00072344637, -0.0042604236;
 -0.031856924, -0.00066402735, 0.99949223, 0.0082931286;
 0, 0, 0, 1]
Twc:
[0.99949074, 0.0018536939, -0.031856924, 0.020054081;
 -0.0018757994, 0.99999803, -0.00066402735, 0.0042287959;
 0.031855632, 0.00072344637, 0.99949223, -0.0076553463;
 0, 0, 0, 1]
Ow:
[-0.019792069;
 -0.0042604236;
 0.0082931286]
Keyframe: 3 Frame: 112 Frame from vFrameID : 113
Tcw:
[0.99918187, -0.0095032044, 0.039310601, -0.017514078;
 0.010060017, 0.99985152, -0.013990973, -0.0065459558;
 -0.039171804, 0.014374992, 0.99912906, 0.011102169;
 0, 0, 0, 1]
Twc:
[0.99918187, 0.010060017, -0.039171804, 0.018000493;
 -0.0095032044, 0.99985152, 0.014374992, 0.0062189503;
 0.039310601, -0.013990973, 0.99912906, -0.010495596;
 0, 0, 0, 1]
Ow:
[-0.017514078;
 -0.0065459558;
 0.011102169]
Keyframe: 4 Frame: 114 Frame from vFrameID : 115
Tcw:
[0.99781919, -0.008172554, 0.065498866, -0.016230311;
 0.010092258, 0.99952751, -0.029031876, -0.0051230388;
 -0.065230653, 0.029629594, 0.99743021, 0.011316253;
 0, 0, 0, 1]
Twc:
[0.99781919, 0.010092258, -0.065230653, 0.016984785;
 -0.008172554, 0.99952751, 0.029629594, 0.004652679;
 0.065498866, -0.029031876, 0.99743021, -0.010372838;
 0, 0, 0, 1]
Ow:
[-0.016230311;
 -0.0051230388;
 0.011316253]
Keyframe: 5 Frame: 116 Frame from vFrameID : 117
Tcw:
[0.99698472, -0.0084800692, 0.077133141, -0.015696075;
 0.010154833, 0.99972057, -0.02134639, -0.0049847867;
 -0.076930568, 0.022065299, 0.99679226, 0.012674657;
 0, 0, 0, 1]
Twc:
[0.99698472, 0.010154833, -0.076930568, 0.016674437;
 -0.0084800692, 0.99972057, 0.022065299, 0.0045706201;
 0.077133141, -0.02134639, 0.99679226, -0.011529719;
 0, 0, 0, 1]
Ow:
[-0.015696075;
 -0.0049847867;
 0.012674657]
Keyframe: 6 Frame: 118 Frame from vFrameID : 119
Tcw:
[0.99684727, -0.0073459251, 0.079003207, -0.01464107;
 0.0089086881, 0.99977118, -0.019446772, -0.0054881684;
 -0.078842282, 0.020089276, 0.99668467, 0.014326765;
 0, 0, 0, 1]
Twc:
[0.99684727, 0.0089086881, -0.078842282, 0.015773358;
 -0.0073459251, 0.99977118, 0.020089276, 0.0050915466;
 0.079003207, -0.019446772, 0.99668467, -0.013229303;
 0, 0, 0, 1]
Ow:
[-0.01464107;
 -0.0054881684;
 0.014326765]
Keyframe: 7 Frame: 120 Frame from vFrameID : 121
Tcw:
[0.99556875, -0.0024850979, 0.094003953, -0.0099363597;
 0.0083374605, 0.99804658, -0.061915178, -0.008195593;
 -0.093666457, 0.06242457, 0.99364471, 0.018970415;
 0, 0, 0, 1]
Twc:
[0.99556875, 0.0083374605, -0.093666457, 0.01173755;
 -0.0024850979, 0.99804658, 0.06242457, 0.0069706715;
 0.094003953, -0.061915178, 0.99364471, -0.018423226;
 0, 0, 0, 1]
Ow:
[-0.0099363597;
 -0.008195593;
 0.018970415]
Keyframe: 8 Frame: 123 Frame from vFrameID : 124
Tcw:
[0.9951632, -0.0076275654, 0.097938567, -0.0095061809;
 0.014306243, 0.99760503, -0.067672513, -0.0071387724;
 -0.097187832, 0.068746328, 0.99288893, 0.019305123;
 0, 0, 0, 1]
Twc:
[0.9951632, 0.014306243, -0.097187832, 0.011438554;
 -0.0076275654, 0.99760503, 0.068746328, 0.0057220096;
 0.097938567, -0.067672513, 0.99288893, -0.018719921;
 0, 0, 0, 1]
Ow:
[-0.0095061809;
 -0.0071387724;
 0.019305123]
Keyframe: 9 Frame: 126 Frame from vFrameID : 127
Tcw:
[0.9955287, -0.024936715, 0.091108449, -0.0047373651;
 0.030144211, 0.99796236, -0.056235444, -0.0081082731;
 -0.089520477, 0.05873039, 0.99425191, 0.024445696;
 0, 0, 0, 1]
Twc:
[0.9955287, 0.030144211, -0.089520477, 0.0071489909;
 -0.024936715, 0.99796236, 0.05873039, 0.0065379119;
 0.091108449, -0.056235444, 0.99425191, -0.024329538;
 0, 0, 0, 1]
Ow:
[-0.0047373651;
 -0.0081082731;
 0.024445696]
Keyframe: 10 Frame: 129 Frame from vFrameID : 130
Tcw:
[0.99407285, -0.027393056, 0.105208, -0.0005204312;
 0.033151522, 0.99802375, -0.053380981, -0.0092785796;
 -0.10353782, 0.056552391, 0.99301648, 0.028846089;
 0, 0, 0, 1]
Twc:
[0.99407285, 0.033151522, -0.10353782, 0.0038116071;
 -0.027393056, 0.99802375, 0.056552391, 0.0076146717;
 0.105208, -0.053380981, 0.99301648, -0.029085189;
 0, 0, 0, 1]
Ow:
[-0.0005204312;
 -0.0092785796;
 0.028846089]
Keyframe: 11 Frame: 132 Frame from vFrameID : 133
Tcw:
[0.99377906, -0.024735585, 0.10858778, 0.0063680951;
 0.032654058, 0.99688721, -0.071760669, -0.011258141;
 -0.10647473, 0.074860089, 0.99149334, 0.034212761;
 0, 0, 0, 1]
Twc:
[0.99377906, 0.032654058, -0.10647473, -0.002318061;
 -0.024735585, 0.99688721, 0.074860089, 0.008819446;
 0.10858778, -0.071760669, 0.99149334, -0.035421118;
 0, 0, 0, 1]
Ow:
[0.0063680951;
 -0.011258141;
 0.034212761]
Keyframe: 12 Frame: 135 Frame from vFrameID : 136
Tcw:
[0.99177057, -0.01169149, 0.12749283, 0.016015647;
 0.025713474, 0.99372023, -0.10889863, -0.014137113;
 -0.12541902, 0.11128075, 0.98584312, 0.039244689;
 0, 0, 0, 1]
Twc:
[0.99177057, 0.025713474, -0.12541902, -0.010598304;
 -0.01169149, 0.99372023, 0.11128075, 0.0098684039;
 0.12749283, -0.10889863, 0.98584312, -0.0422705;
 0, 0, 0, 1]
Ow:
[0.016015647;
 -0.014137113;
 0.039244689]
Keyframe: 13 Frame: 138 Frame from vFrameID : 139
Tcw:
[0.98980314, -0.00010309506, 0.14244188, 0.022435499;
 0.019111179, 0.99105442, -0.13208286, -0.010475162;
 -0.14115404, 0.13345827, 0.98095077, 0.042896409;
 0, 0, 0, 1]
Twc:
[0.98980314, 0.019111179, -0.14115404, -0.015951535;
 -0.00010309506, 0.99105442, 0.13345827, 0.0046588886;
 0.14244188, -0.13208286, 0.98095077, -0.046658609;
 0, 0, 0, 1]
Ow:
[0.022435499;
 -0.010475162;
 0.042896409]
Keyframe: 14 Frame: 142 Frame from vFrameID : 143
Tcw:
[0.99320954, -0.026209289, 0.11334835, 0.020068115;
 0.035472848, 0.99612337, -0.080497719, -0.0096317884;
 -0.11079916, 0.083971895, 0.99028897, 0.051660467;
 0, 0, 0, 1]
Twc:
[0.99320954, 0.035472848, -0.11079916, -0.013866241;
 -0.026209289, 0.99612337, 0.083971895, 0.0057823937;
 0.11334835, -0.080497719, 0.99028897, -0.054208819;
 0, 0, 0, 1]
Ow:
[0.020068115;
 -0.0096317884;
 0.051660467]
Keyframe: 15 Frame: 146 Frame from vFrameID : 147
Tcw:
[0.99200958, 0.025841961, 0.12348738, 0.03456302;
 -0.01640266, 0.99690747, -0.076853581, -0.016200915;
 -0.12509154, 0.074213967, 0.98936564, 0.065103285;
 0, 0, 0, 1]
Twc:
[0.99200958, -0.01640266, -0.12509154, -0.026408715;
 0.025841961, 0.99690747, 0.074213967, 0.010426065;
 0.12348738, -0.076853581, 0.98936564, -0.069924146;
 0, 0, 0, 1]
Ow:
[0.03456302;
 -0.016200915;
 0.065103285]
Keyframe: 16 Frame: 150 Frame from vFrameID : 151
Tcw:
[0.99359339, -0.0073209265, 0.1127769, 0.020946188;
 0.016573779, 0.99654955, -0.081328101, -0.011105957;
 -0.11179237, 0.082676202, 0.99028635, 0.072910704;
 0, 0, 0, 1]
Twc:
[0.99359339, 0.016573779, -0.11179237, -0.012477065;
 -0.0073209265, 0.99654955, 0.082676202, 0.0051930016;
 0.1127769, -0.081328101, 0.99028635, -0.075467952;
 0, 0, 0, 1]
Ow:
[0.020946188;
 -0.011105957;
 0.072910704]
Keyframe: 17 Frame: 154 Frame from vFrameID : 155
Tcw:
[0.99674648, -0.020439452, 0.077966064, 0.024320727;
 0.022157473, 0.99952894, -0.021234358, -0.019220892;
 -0.077495322, 0.022892801, 0.99672985, 0.090150356;
 0, 0, 0, 1]
Twc:
[0.99674648, 0.022157473, -0.077495322, -0.016829481;
 -0.020439452, 0.99952894, 0.022892801, 0.017645147;
 0.077966064, -0.021234358, 0.99672985, -0.092159882;
 0, 0, 0, 1]
Ow:
[0.024320727;
 -0.019220892;
 0.090150356]
Keyframe: 18 Frame: 158 Frame from vFrameID : 159
Tcw:
[0.98981035, -0.031992048, 0.13875146, 0.025447419;
 0.04554192, 0.99437672, -0.095607743, -0.023077197;
 -0.13491254, 0.10095254, 0.98570138, 0.10830429;
 0, 0, 0, 1]
Twc:
[0.98981035, 0.04554192, -0.13491254, -0.0095255319;
 -0.031992048, 0.99437672, 0.10095254, 0.012827951;
 0.13875146, -0.095607743, 0.98570138, -0.11249291;
 0, 0, 0, 1]
Ow:
[0.025447419;
 -0.023077197;
 0.10830429]
Keyframe: 19 Frame: 162 Frame from vFrameID : 163
Tcw:
[0.98807639, -0.018277496, 0.15287581, 0.029378723;
 0.034181483, 0.99419075, -0.1020606, -0.021781255;
 -0.1501223, 0.10606919, 0.98296118, 0.12307683;
 0, 0, 0, 1]
Twc:
[0.98807639, 0.034181483, -0.1501223, -0.0098073278;
 -0.018277496, 0.99419075, 0.10606919, 0.0091370288;
 0.15287581, -0.1020606, 0.98296118, -0.12769406;
 0, 0, 0, 1]
Ow:
[0.029378723;
 -0.021781255;
 0.12307683]
Keyframe: 20 Frame: 166 Frame from vFrameID : 167
Tcw:
[0.98835236, -0.027470589, 0.14968309, 0.034772784;
 0.041215405, 0.99513257, -0.089512207, -0.028088797;
 -0.14649557, 0.094638847, 0.9846738, 0.13834733;
 0, 0, 0, 1]
Twc:
[0.98835236, 0.041215405, -0.14649557, -0.012942801;
 -0.027470589, 0.99513257, 0.094638847, 0.015814275;
 0.14968309, -0.089512207, 0.9846738, -0.14394619;
 0, 0, 0, 1]
Ow:
[0.034772784;
 -0.028088797;
 0.13834733]
Keyframe: 21 Frame: 170 Frame from vFrameID : 171
Tcw:
[0.98496044, 0.0070772399, 0.17263487, 0.046705253;
 0.022996739, 0.98490119, -0.17158329, -0.029478308;
 -0.17124262, 0.1729728, 0.96992594, 0.15393594;
 0, 0, 0, 1]
Twc:
[0.98496044, 0.022996739, -0.17124262, -0.018964531;
 0.0070772399, 0.98490119, 0.1729728, 0.0020759453;
 0.17263487, -0.17158329, 0.96992594, -0.16242741;
 0, 0, 0, 1]
Ow:
[0.046705253;
 -0.029478308;
 0.15393594]
Keyframe: 22 Frame: 174 Frame from vFrameID : 175
Tcw:
[0.99169964, 0.0039259451, 0.12851608, 0.049947813;
 0.0072583728, 0.99623036, -0.086442664, -0.02767206;
 -0.12837099, 0.086657979, 0.98793286, 0.16599187;
 0, 0, 0, 1]
Twc:
[0.99169964, 0.0072583728, -0.12837099, -0.028023835;
 0.0039259451, 0.99623036, 0.086657979, 0.012987134;
 0.12851608, -0.086442664, 0.98793286, -0.17279996;
 0, 0, 0, 1]
Ow:
[0.049947813;
 -0.02767206;
 0.16599187]
Keyframe: 23 Frame: 178 Frame from vFrameID : 179
Tcw:
[0.9923045, -0.0023439392, 0.12379949, 0.055406943;
 0.0086955326, 0.99867147, -0.05079012, -0.034006931;
 -0.12351597, 0.051475767, 0.99100661, 0.18703459;
 0, 0, 0, 1]
Twc:
[0.9923045, 0.0086955326, -0.12351597, -0.031583093;
 -0.0023439392, 0.99867147, 0.051475767, 0.024463873;
 0.12379949, -0.05079012, 0.99100661, -0.19393907;
 0, 0, 0, 1]
Ow:
[0.055406943;
 -0.034006931;
 0.18703459]
Keyframe: 24 Frame: 182 Frame from vFrameID : 183
Tcw:
[0.99185735, 0.0014329768, 0.12734556, 0.056784488;
 0.0049818438, 0.99873477, -0.050040551, -0.037443589;
 -0.12725616, 0.050267503, 0.99059528, 0.20341225;
 0, 0, 0, 1]
Twc:
[0.99185735, 0.0049818438, -0.12725616, -0.030250117;
 0.0014329768, 0.99873477, 0.050267503, 0.027089817;
 0.12734556, -0.050040551, 0.99059528, -0.21060418;
 0, 0, 0, 1]
Ow:
[0.056784488;
 -0.037443589;
 0.20341225]
Keyframe: 25 Frame: 186 Frame from vFrameID : 187
Tcw:
[0.99072886, -0.0030134805, 0.13582085, 0.055388998;
 0.010296561, 0.99854398, -0.052952155, -0.040040895;
 -0.13546352, 0.053859714, 0.9893173, 0.22381814;
 0, 0, 0, 1]
Twc:
[0.99072886, 0.010296561, -0.13546352, -0.024144001;
 -0.0030134805, 0.99854398, 0.053859714, 0.028094726;
 0.13582085, -0.052952155, 0.9893173, -0.2310704;
 0, 0, 0, 1]
Ow:
[0.055388998;
 -0.040040895;
 0.22381814]
Keyframe: 26 Frame: 190 Frame from vFrameID : 191
Tcw:
[0.99007165, -0.02524741, 0.13827769, 0.051686227;
 0.033905376, 0.99758494, -0.060619414, -0.043675959;
 -0.13641326, 0.064705923, 0.9885366, 0.24105355;
 0, 0, 0, 1]
Twc:
[0.99007165, 0.033905376, -0.13641326, -0.016809314;
 -0.02524741, 0.99758494, 0.064705923, 0.029277831;
 0.13827769, -0.060619414, 0.9885366, -0.24808492;
 0, 0, 0, 1]
Ow:
[0.051686227;
 -0.043675959;
 0.24105355]
Keyframe: 27 Frame: 194 Frame from vFrameID : 195
Tcw:
[0.98653364, -0.036510319, 0.15943131, 0.055008516;
 0.044481434, 0.99791729, -0.046716996, -0.049924627;
 -0.1573936, 0.053179622, 0.986103, 0.26106638;
 0, 0, 0, 1]
Twc:
[0.98653364, 0.044481434, -0.1573936, -0.01095685;
 -0.036510319, 0.99791729, 0.053179622, 0.037945613;
 0.15943131, -0.046716996, 0.986103, -0.26854077;
 0, 0, 0, 1]
Ow:
[0.055008516;
 -0.049924627;
 0.26106638]
Keyframe: 28 Frame: 198 Frame from vFrameID : 199
Tcw:
[0.98648357, -0.0410893, 0.15862469, 0.056704476;
 0.050142478, 0.99730825, -0.05349756, -0.051104385;
 -0.15599954, 0.0607283, 0.98588854, 0.27645823;
 0, 0, 0, 1]
Twc:
[0.98648357, 0.050142478, -0.15599954, -0.010248177;
 -0.0410893, 0.99730825, 0.0607283, 0.036507934;
 0.15862469, -0.05349756, 0.98588854, -0.28428569;
 0, 0, 0, 1]
Ow:
[0.056704476;
 -0.051104385;
 0.27645823]
Keyframe: 29 Frame: 202 Frame from vFrameID : 203
Tcw:
[0.99047565, -0.021439269, 0.13600843, 0.063961878;
 0.02783284, 0.99858642, -0.04528239, -0.053208761;
 -0.13484535, 0.048636608, 0.9896723, 0.29773396;
 0, 0, 0, 1]
Twc:
[0.99047565, 0.02783284, -0.13484535, -0.021723693;
 -0.021439269, 0.99858642, 0.048636608, 0.040024072;
 0.13600843, -0.04528239, 0.9896723, -0.30576783;
 0, 0, 0, 1]
Ow:
[0.063961878;
 -0.053208761;
 0.29773396]
Keyframe: 30 Frame: 206 Frame from vFrameID : 207
Tcw:
[0.99597937, -0.023021974, 0.086573876, 0.072978295;
 0.026799764, 0.99872714, -0.042730477, -0.059776958;
 -0.085479937, 0.044878833, 0.99532861, 0.3173728;
 0, 0, 0, 1]
Twc:
[0.99597937, 0.026799764, -0.085479937, -0.043953862;
 -0.023021974, 0.99872714, 0.044878833, 0.047137652;
 0.086573876, -0.042730477, 0.99532861, -0.32476255;
 0, 0, 0, 1]
Ow:
[0.072978295;
 -0.059776958;
 0.3173728]
Keyframe: 31 Frame: 210 Frame from vFrameID : 211
Tcw:
[0.99565303, -0.010925024, 0.092497103, 0.080467865;
 0.015209612, 0.99883741, -0.045743853, -0.058222294;
 -0.091889814, 0.046951849, 0.99466163, 0.33388859;
 0, 0, 0, 1]
Twc:
[0.99565303, 0.015209612, -0.091889814, -0.048551574;
 -0.010925024, 0.99883741, 0.046951849, 0.043357033;
 0.092497103, -0.045743853, 0.99466163, -0.34221253;
 0, 0, 0, 1]
Ow:
[0.080467865;
 -0.058222294;
 0.33388859]
Keyframe: 32 Frame: 215 Frame from vFrameID : 216
Tcw:
[0.99563521, -0.015274911, 0.092071421, 0.087113939;
 0.017679006, 0.99952227, -0.025352351, -0.062002905;
 -0.091640182, 0.026869426, 0.99542964, 0.35546288;
 0, 0, 0, 1]
Twc:
[0.99563521, 0.017679006, -0.091640182, -0.053062882;
 -0.015274911, 0.99952227, 0.026869426, 0.053752854;
 0.092071421, -0.025352351, 0.99542964, -0.36343089;
 0, 0, 0, 1]
Ow:
[0.087113939;
 -0.062002905;
 0.35546288]
Keyframe: 33 Frame: 219 Frame from vFrameID : 220
Tcw:
[0.99568105, -0.01164105, 0.092107117, 0.092194192;
 0.013898058, 0.9996177, -0.023900801, -0.064784035;
 -0.091793671, 0.025077686, 0.99546224, 0.37873879;
 0, 0, 0, 1]
Twc:
[0.99568105, 0.013898058, -0.091793671, -0.056129817;
 -0.01164105, 0.9996177, 0.025077686, 0.056334611;
 0.092107117, -0.023900801, 0.99546224, -0.38706028;
 0, 0, 0, 1]
Ow:
[0.092194192;
 -0.064784035;
 0.37873879]
Keyframe: 34 Frame: 223 Frame from vFrameID : 224
Tcw:
[0.99777502, -0.0070840437, 0.066293374, 0.095728494;
 0.0094347019, 0.99933529, -0.035212796, -0.06630934;
 -0.065999858, 0.035759907, 0.99717861, 0.39846364;
 0, 0, 0, 1]
Twc:
[0.99777502, 0.0094347019, -0.065999858, -0.068591349;
 -0.0070840437, 0.99933529, 0.035759907, 0.052694388;
 0.066293374, -0.035212796, 0.99717861, -0.40602055;
 0, 0, 0, 1]
Ow:
[0.095728494;
 -0.06630934;
 0.39846364]
Keyframe: 35 Frame: 227 Frame from vFrameID : 228
Tcw:
[0.99745589, -0.019924909, 0.068445161, 0.10354892;
 0.022652525, 0.99897033, -0.03930888, -0.071069643;
 -0.067591459, 0.040759329, 0.99688017, 0.41788635;
 0, 0, 0, 1]
Twc:
[0.99745589, 0.022652525, -0.067591459, -0.073430032;
 -0.019924909, 0.99897033, 0.040759329, 0.056026902;
 0.068445161, -0.03930888, 0.99688017, -0.42646369;
 0, 0, 0, 1]
Ow:
[0.10354892;
 -0.071069643;
 0.41788635]
Keyframe: 36 Frame: 231 Frame from vFrameID : 232
Tcw:
[0.99542296, -0.013667321, 0.094585106, 0.10878377;
 0.016302876, 0.99949849, -0.027147943, -0.072574556;
 -0.094166629, 0.028565696, 0.99514657, 0.43260303;
 0, 0, 0, 1]
Twc:
[0.99542296, 0.016302876, -0.094166629, -0.066365927;
 -0.013667321, 0.99949849, 0.028565696, 0.061667331;
 0.094585106, -0.027147943, 0.99514657, -0.44276297;
 0, 0, 0, 1]
Ow:
[0.10878377;
 -0.072574556;
 0.43260303]
Keyframe: 37 Frame: 235 Frame from vFrameID : 236
Tcw:
[0.99532366, -0.023733078, 0.093635127, 0.11568542;
 0.026420312, 0.9992708, -0.027564339, -0.078019775;
 -0.092912666, 0.029909309, 0.99522495, 0.4534933;
 0, 0, 0, 1]
Twc:
[0.99532366, 0.026420312, -0.092912666, -0.070947856;
 -0.023733078, 0.9992708, 0.029909309, 0.067144789;
 0.093635127, -0.027564339, 0.99522495, -0.46431062;
 0, 0, 0, 1]
Ow:
[0.11568542;
 -0.078019775;
 0.4534933]
Keyframe: 38 Frame: 239 Frame from vFrameID : 240
Tcw:
[0.99761122, -0.020425612, 0.065989345, 0.12382695;
 0.024435474, 0.99786657, -0.060541093, -0.082822867;
 -0.064611971, 0.062008955, 0.99598199, 0.47087887;
 0, 0, 0, 1]
Twc:
[0.99761122, 0.024435474, -0.064611971, -0.091082931;
 -0.020425612, 0.99786657, 0.062008955, 0.055976704;
 0.065989345, -0.060541093, 0.99598199, -0.48217234;
 0, 0, 0, 1]
Ow:
[0.12382695;
 -0.082822867;
 0.47087887]
Keyframe: 39 Frame: 243 Frame from vFrameID : 244
Tcw:
[0.9984532, -0.0080439942, 0.055013236, 0.13447595;
 0.01100815, 0.99849147, -0.053791832, -0.085053608;
 -0.054497547, 0.054314222, 0.99703562, 0.48669174;
 0, 0, 0, 1]
Twc:
[0.9984532, 0.01100815, -0.054497547, -0.10680816;
 -0.0080439942, 0.99849147, 0.054314222, 0.059572749;
 0.055013236, -0.053791832, 0.99703562, -0.49722213;
 0, 0, 0, 1]
Ow:
[0.13447595;
 -0.085053608;
 0.48669174]
Keyframe: 40 Frame: 248 Frame from vFrameID : 249
Tcw:
[0.99588162, -0.008661326, 0.090248786, 0.14458334;
 0.011704326, 0.99937874, -0.03324341, -0.089687951;
 -0.089904785, 0.034162801, 0.99536425, 0.510261;
 0, 0, 0, 1]
Twc:
[0.99588162, 0.011704326, -0.089904785, -0.097063251;
 -0.008661326, 0.99937874, 0.034162801, 0.07345257;
 0.090248786, -0.03324341, 0.99536425, -0.52392554;
 0, 0, 0, 1]
Ow:
[0.14458334;
 -0.089687951;
 0.510261]
Keyframe: 41 Frame: 252 Frame from vFrameID : 253
Tcw:
[0.99341261, -0.008592857, 0.1142695, 0.14711067;
 0.011108682, 0.99970931, -0.021398064, -0.090738103;
 -0.11405241, 0.022526491, 0.99321932, 0.52818143;
 0, 0, 0, 1]
Twc:
[0.99341261, 0.011108682, -0.11405241, -0.084893256;
 -0.008592857, 0.99970931, 0.022526491, 0.080077752;
 0.1142695, -0.021398064, 0.99321932, -0.54335189;
 0, 0, 0, 1]
Ow:
[0.14711067;
 -0.090738103;
 0.52818143]
Keyframe: 42 Frame: 256 Frame from vFrameID : 257
Tcw:
[0.9894858, -0.017821176, 0.14352779, 0.1504032;
 0.020144019, 0.99968833, -0.01474697, -0.095007956;
 -0.14322026, 0.017483143, 0.9895364, 0.55219817;
 0, 0, 0, 1]
Twc:
[0.9894858, 0.020144019, -0.14322026, -0.067822032;
 -0.017821176, 0.99968833, 0.017483143, 0.088004537;
 0.14352779, -0.01474697, 0.9895364, -0.56940836;
 0, 0, 0, 1]
Ow:
[0.1504032;
 -0.095007956;
 0.55219817]
Keyframe: 43 Frame: 260 Frame from vFrameID : 261
Tcw:
[0.98318458, -0.033317123, 0.17954968, 0.15284519;
 0.041019816, 0.99838281, -0.039358508, -0.097930163;
 -0.17794801, 0.046061773, 0.98296124, 0.57123494;
 0, 0, 0, 1]
Twc:
[0.98318458, 0.041019816, -0.17794801, -0.044607833;
 -0.033317123, 0.99838281, 0.046061773, 0.076552063;
 0.17954968, -0.039358508, 0.98296124, -0.59279948;
 0, 0, 0, 1]
Ow:
[0.15284519;
 -0.097930163;
 0.57123494]
Keyframe: 44 Frame: 265 Frame from vFrameID : 266
Tcw:
[0.97979969, -0.020688729, 0.19890843, 0.15769443;
 0.026189359, 0.9993428, -0.025062758, -0.10104337;
 -0.19825919, 0.029765768, 0.97969753, 0.58800405;
 0, 0, 0, 1]
Twc:
[0.97979969, 0.026189359, -0.19825919, -0.03528548;
 -0.020688729, 0.9993428, 0.029765768, 0.086737059;
 0.19890843, -0.025062758, 0.97969753, -0.60996532;
 0, 0, 0, 1]
Ow:
[0.15769443;
 -0.10104337;
 0.58800405]
Keyframe: 45 Frame: 269 Frame from vFrameID : 270
Tcw:
[0.9807806, -0.033822067, 0.19216007, 0.15734783;
 0.036192175, 0.99930578, -0.0088363467, -0.10472918;
 -0.1917278, 0.015621208, 0.98132384, 0.60800332;
 0, 0, 0, 1]
Twc:
[0.9807806, 0.036192175, -0.1917278, -0.033962179;
 -0.033822067, 0.99930578, 0.015621208, 0.10048056;
 0.19216007, -0.0088363467, 0.98132384, -0.62780952;
 0, 0, 0, 1]
Ow:
[0.15734783;
 -0.10472918;
 0.60800332]
Keyframe: 46 Frame: 273 Frame from vFrameID : 274
Tcw:
[0.9851833, -0.031522483, 0.16858278, 0.15953098;
 0.032775197, 0.99945194, -0.0046527586, -0.10785411;
 -0.16834372, 0.010109155, 0.98567653, 0.62261516;
 0, 0, 0, 1]
Twc:
[0.9851833, 0.032775197, -0.16834372, -0.048818968;
 -0.031522483, 0.99945194, 0.010109155, 0.10652968;
 0.16858278, -0.0046527586, 0.98567653, -0.64109313;
 0, 0, 0, 1]
Ow:
[0.15953098;
 -0.10785411;
 0.62261516]
Keyframe: 47 Frame: 277 Frame from vFrameID : 278
Tcw:
[0.99251801, -0.023302544, 0.1198542, 0.16379812;
 0.024449017, 0.99966824, -0.0081038112, -0.11190334;
 -0.1196256, 0.010973495, 0.99275845, 0.63897675;
 0, 0, 0, 1]
Twc:
[0.99251801, 0.024449017, -0.1196256, -0.083398677;
 -0.023302544, 0.99966824, 0.010973495, 0.10867132;
 0.1198542, -0.0081038112, 0.99275845, -0.65488827;
 0, 0, 0, 1]
Ow:
[0.16379812;
 -0.11190334;
 0.63897675]
Keyframe: 48 Frame: 281 Frame from vFrameID : 282
Tcw:
[0.99238312, -0.022842452, 0.12105362, 0.1641362;
 0.023637308, 0.9997074, -0.0051340647, -0.11655945;
 -0.12090093, 0.0079563409, 0.99263269, 0.65520036;
 0, 0, 0, 1]
Twc:
[0.99238312, 0.023637308, -0.12090093, -0.080916516;
 -0.022842452, 0.9997074, 0.0079563409, 0.11506162;
 0.12105362, -0.0051340647, 0.99263269, -0.67084104;
 0, 0, 0, 1]
Ow:
[0.1641362;
 -0.11655945;
 0.65520036]
Keyframe: 49 Frame: 286 Frame from vFrameID : 287
Tcw:
[0.98999637, -0.022319654, 0.13931608, 0.16498163;
 0.022569221, 0.99974525, -0.00021159567, -0.12016543;
 -0.13927586, 0.0033537343, 0.99024796, 0.67557108;
 0, 0, 0, 1]
Twc:
[0.98999637, 0.022569221, -0.13927586, -0.066528425;
 -0.022319654, 0.99974525, 0.0033537343, 0.12155146;
 0.13931608, -0.00021159567, 0.99024796, -0.69199288;
 0, 0, 0, 1]
Ow:
[0.16498163;
 -0.12016543;
 0.67557108]
Keyframe: 50 Frame: 291 Frame from vFrameID : 292
Tcw:
[0.98784709, -0.016295724, 0.15457208, 0.16204312;
 0.017196558, 0.99984205, -0.004492539, -0.12054339;
 -0.15447445, 0.0070960498, 0.98797131, 0.69448626;
 0, 0, 0, 1]
Twc:
[0.98784709, 0.017196558, -0.15447445, -0.05072052;
 -0.016295724, 0.99984205, 0.0070960498, 0.11823685;
 0.15457208, -0.004492539, 0.98797131, -0.71172136;
 0, 0, 0, 1]
Ow:
[0.16204312;
 -0.12054339;
 0.69448626]
Keyframe: 51 Frame: 295 Frame from vFrameID : 296
Tcw:
[0.98538852, -0.028885512, 0.16785431, 0.15987822;
 0.032139331, 0.99934387, -0.016700011, -0.12541598;
 -0.16726178, 0.021850724, 0.98567033, 0.71645039;
 0, 0, 0, 1]
Twc:
[0.98538852, 0.032139331, -0.16726178, -0.033676617;
 -0.028885512, 0.99934387, 0.021850724, 0.11429689;
 0.16785431, -0.016700011, 0.98567033, -0.73511457;
 0, 0, 0, 1]
Ow:
[0.15987822;
 -0.12541598;
 0.71645039]
Keyframe: 52 Frame: 299 Frame from vFrameID : 300
Tcw:
[0.98399591, -0.040180836, 0.17360175, 0.15681994;
 0.043848913, 0.9988876, -0.017344361, -0.12727353;
 -0.17271173, 0.024679029, 0.98466319, 0.72977304;
 0, 0, 0, 1]
Twc:
[0.98399591, 0.043848913, -0.17271173, -0.022689005;
 -0.040180836, 0.9988876, 0.024679029, 0.11542302;
 0.17360175, -0.017344361, 0.98466319, -0.74801236;
 0, 0, 0, 1]
Ow:
[0.15681994;
 -0.12727353;
 0.72977304]
Keyframe: 53 Frame: 303 Frame from vFrameID : 304
Tcw:
[0.98018509, -0.038664073, 0.19427362, 0.15484713;
 0.042353053, 0.99899203, -0.014869401, -0.13061087;
 -0.19350289, 0.022802847, 0.98083466, 0.74997801;
 0, 0, 0, 1]
Twc:
[0.98018509, 0.042353053, -0.19350289, -0.0011241683;
 -0.038664073, 0.99899203, 0.022802847, 0.1193646;
 0.19427362, -0.014869401, 0.98083466, -0.76762927;
 0, 0, 0, 1]
Ow:
[0.15484713;
 -0.13061087;
 0.74997801]
Keyframe: 54 Frame: 307 Frame from vFrameID : 308
Tcw:
[0.98039013, -0.040763933, 0.19280434, 0.15401441;
 0.04260337, 0.99907744, -0.0054023629, -0.13195218;
 -0.19240625, 0.013510538, 0.98122233, 0.76262587;
 0, 0, 0, 1]
Twc:
[0.98039013, 0.04260337, -0.19240625, 0.0013613866;
 -0.040763933, 0.99907744, 0.013510538, 0.1278052;
 0.19280434, -0.0054023629, 0.98122233, -0.77871305;
 0, 0, 0, 1]
Ow:
[0.15401441;
 -0.13195218;
 0.76262587]
Keyframe: 55 Frame: 311 Frame from vFrameID : 312
Tcw:
[0.98192632, -0.040136937, 0.18495886, 0.15389434;
 0.039508425, 0.99919415, 0.0070839059, -0.13353437;
 -0.18509413, 0.0003515594, 0.98272073, 0.78184164;
 0, 0, 0, 1]
Twc:
[0.98192632, 0.039508425, -0.18509413, -0.0011228542;
 -0.040136937, 0.99919415, 0.0003515594, 0.13932875;
 0.18495886, 0.0070839059, 0.98272073, -0.79585016;
 0, 0, 0, 1]
Ow:
[0.15389434;
 -0.13353437;
 0.78184164]
Keyframe: 56 Frame: 315 Frame from vFrameID : 316
Tcw:
[0.98292613, -0.03946076, 0.1797193, 0.15284961;
 0.040559072, 0.99917418, -0.0024393653, -0.13840725;
 -0.17947462, 0.0096869636, 0.98371494, 0.79788333;
 0, 0, 0, 1]
Twc:
[0.98292613, 0.040559072, -0.17947462, -0.0014263929;
 -0.03946076, 0.99917418, 0.0096869636, 0.13659543;
 0.1797193, -0.0024393653, 0.98371494, -0.81269741;
 0, 0, 0, 1]
Ow:
[0.15284961;
 -0.13840725;
 0.79788333]
Keyframe: 57 Frame: 319 Frame from vFrameID : 320
Tcw:
[0.98630494, -0.034086008, 0.16137122, 0.15823206;
 0.037133001, 0.99918377, -0.015902938, -0.14227307;
 -0.16069743, 0.021677345, 0.98676562, 0.81783837;
 0, 0, 0, 1]
Twc:
[0.98630494, 0.037133001, -0.16069743, -0.019357508;
 -0.034086008, 0.99918377, 0.021677345, 0.12982188;
 0.16137122, -0.015902938, 0.98676562, -0.83481145;
 0, 0, 0, 1]
Ow:
[0.15823206;
 -0.14227307;
 0.81783837]
Keyframe: 58 Frame: 323 Frame from vFrameID : 324
Tcw:
[0.98552489, -0.028581919, 0.16710405, 0.15867689;
 0.031782113, 0.99935848, -0.01650756, -0.1439449;
 -0.16652504, 0.021579532, 0.98580104, 0.8302483;
 0, 0, 0, 1]
Twc:
[0.98552489, 0.031782113, -0.16652504, -0.013548036;
 -0.028581919, 0.99935848, 0.021579532, 0.13047148;
 0.16710405, -0.01650756, 0.98580104, -0.84735137;
 0, 0, 0, 1]
Ow:
[0.15867689;
 -0.1439449;
 0.8302483]
Keyframe: 59 Frame: 327 Frame from vFrameID : 328
Tcw:
[0.98586959, -0.012687394, 0.16703363, 0.16033514;
 0.013512384, 0.99990147, -0.0038034499, -0.14663562;
 -0.16696891, 0.0060067279, 0.98594385, 0.84889728;
 0, 0, 0, 1]
Twc:
[0.98586959, 0.013512384, -0.16696891, -0.014348681;
 -0.012687394, 0.99990147, 0.0060067279, 0.14355631;
 0.16703363, -0.0038034499, 0.98594385, -0.86430418;
 0, 0, 0, 1]
Ow:
[0.16033514;
 -0.14663562;
 0.84889728]
Keyframe: 60 Frame: 333 Frame from vFrameID : 334
Tcw:
[0.98751181, -0.026116738, 0.15536532, 0.15716483;
 0.028110562, 0.99954808, -0.010649582, -0.14758818;
 -0.15501697, 0.014883994, 0.9877997, 0.87206548;
 0, 0, 0, 1]
Twc:
[0.98751181, 0.028110562, -0.15501697, -0.015868379;
 -0.026116738, 0.99954808, 0.014883994, 0.1386463;
 0.15536532, -0.010649582, 0.9877997, -0.88741565;
 0, 0, 0, 1]
Ow:
[0.15716483;
 -0.14758818;
 0.87206548]
Keyframe: 61 Frame: 339 Frame from vFrameID : 340
Tcw:
[0.98347276, -0.043468319, 0.17576073, 0.15864743;
 0.045004684, 0.9989754, -0.0047627273, -0.15432264;
 -0.17537361, 0.012594068, 0.98442137, 0.89971715;
 0, 0, 0, 1]
Twc:
[0.98347276, 0.045004684, -0.17537361, 0.0087064691;
 -0.043468319, 0.9989754, 0.012594068, 0.14972956;
 0.17576073, -0.0047627273, 0.98442137, -0.91431981;
 0, 0, 0, 1]
Ow:
[0.15864743;
 -0.15432264;
 0.89971715]
Keyframe: 62 Frame: 343 Frame from vFrameID : 344
Tcw:
[0.98157984, -0.040671177, 0.18667303, 0.1612791;
 0.042387508, 0.99908763, -0.0052104592, -0.1571729;
 -0.1862908, 0.013027087, 0.98240829, 0.91215056;
 0, 0, 0, 1]
Twc:
[0.98157984, 0.042387508, -0.1862908, 0.018279117;
 -0.040671177, 0.99908763, 0.013027087, 0.15170626;
 0.18667303, -0.0052104592, 0.98240829, -0.92702967;
 0, 0, 0, 1]
Ow:
[0.1612791;
 -0.1571729;
 0.91215056]
Keyframe: 63 Frame: 349 Frame from vFrameID : 350
Tcw:
[0.98465747, -0.042447753, 0.16925694, 0.16593459;
 0.045859482, 0.99881494, -0.016297292, -0.15902515;
 -0.16836457, 0.023809286, 0.98543721, 0.93848264;
 0, 0, 0, 1]
Twc:
[0.98465747, 0.045859482, -0.16836457, 0.0019113204;
 -0.042447753, 0.99881494, 0.023809286, 0.14353564;
 0.16925694, -0.016297292, 0.98543721, -0.95549297;
 0, 0, 0, 1]
Ow:
[0.16593459;
 -0.15902515;
 0.93848264]
Keyframe: 64 Frame: 353 Frame from vFrameID : 354
Tcw:
[0.98953605, -0.030989263, 0.14091854, 0.17300197;
 0.035024587, 0.99904174, -0.026245847, -0.16633748;
 -0.13997017, 0.030906826, 0.98967326, 0.95786262;
 0, 0, 0, 1]
Twc:
[0.98953605, 0.035024587, -0.13997017, -0.03129359;
 -0.030989263, 0.99904174, 0.030906826, 0.1419348;
 0.14091854, -0.026245847, 0.98967326, -0.97671586;
 0, 0, 0, 1]
Ow:
[0.17300197;
 -0.16633748;
 0.95786262]
Keyframe: 65 Frame: 358 Frame from vFrameID : 359
Tcw:
[0.99349976, -0.025738524, 0.11088637, 0.1803264;
 0.031651918, 0.99815047, -0.051902249, -0.16598254;
 -0.10934539, 0.055074636, 0.99247688, 0.97175378;
 0, 0, 0, 1]
Twc:
[0.99349976, 0.031651918, -0.10934539, -0.067643777;
 -0.025738524, 0.99815047, 0.055074636, 0.11679791;
 0.11088637, -0.051902249, 0.99247688, -0.99305373;
 0, 0, 0, 1]
Ow:
[0.1803264;
 -0.16598254;
 0.97175378]
Keyframe: 66 Frame: 363 Frame from vFrameID : 364
Tcw:
[0.99210066, -0.0062201871, 0.12529002, 0.1872811;
 0.0097188875, 0.99957913, -0.02733295, -0.17107359;
 -0.12506726, 0.028334718, 0.99174356, 0.9926182;
 0, 0, 0, 1]
Twc:
[0.99210066, 0.0097188875, -0.12506726, -0.059995007;
 -0.0062201871, 0.99957913, 0.028334718, 0.14404094;
 0.12529002, -0.02733295, 0.99174356, -1.0125631;
 0, 0, 0, 1]
Ow:
[0.1872811;
 -0.17107359;
 0.9926182]
Keyframe: 67 Frame: 368 Frame from vFrameID : 369
Tcw:
[0.99266642, -0.0056442483, 0.12075412, 0.19062795;
 0.0092070457, 0.99953794, -0.028966997, -0.17220043;
 -0.12053483, 0.029866353, 0.99225974, 1.0140033;
 0, 0, 0, 1]
Twc:
[0.99266642, 0.0092070457, -0.12053483, -0.06542179;
 -0.0056442483, 0.99953794, 0.029866353, 0.14291222;
 0.12075412, -0.028966997, 0.99225974, -1.0341618;
 0, 0, 0, 1]
Ow:
[0.19062795;
 -0.17220043;
 1.0140033]
Keyframe: 68 Frame: 373 Frame from vFrameID : 374
Tcw:
[0.99266976, -0.018664338, 0.11940832, 0.19167504;
 0.024586514, 0.99852943, -0.048316557, -0.1780058;
 -0.11833092, 0.05089822, 0.99166888, 1.0374562;
 0, 0, 0, 1]
Twc:
[0.99266976, 0.024586514, -0.11833092, -0.063130334;
 -0.018664338, 0.99852943, 0.05089822, 0.12851684;
 0.11940832, -0.048316557, 0.99166888, -1.0603012;
 0, 0, 0, 1]
Ow:
[0.19167504;
 -0.1780058;
 1.0374562]
Keyframe: 69 Frame: 379 Frame from vFrameID : 380
Tcw:
[0.99114054, -0.025964906, 0.13025434, 0.19579929;
 0.03343479, 0.99789912, -0.055493135, -0.18176872;
 -0.12853982, 0.059356526, 0.9899264, 1.0557619;
 0, 0, 0, 1]
Twc:
[0.99114054, 0.03343479, -0.12853982, -0.052279785;
 -0.025964906, 0.99789912, 0.059356526, 0.12380439;
 0.13025434, -0.055493135, 0.9899264, -1.0807172;
 0, 0, 0, 1]
Ow:
[0.19579929;
 -0.18176872;
 1.0557619]
Keyframe: 70 Frame: 384 Frame from vFrameID : 385
Tcw:
[0.9913941, -0.029056029, 0.12764594, 0.19916038;
 0.031899069, 0.99928522, -0.020284915, -0.18426058;
 -0.12696531, 0.024182132, 0.99161232, 1.0755196;
 0, 0, 0, 1]
Twc:
[0.9913941, 0.031899069, -0.12696531, -0.055015005;
 -0.029056029, 0.99928522, 0.024182132, 0.16390732;
 0.12764594, -0.020284915, 0.99161232, -1.0956583;
 0, 0, 0, 1]
Ow:
[0.19916038;
 -0.18426058;
 1.0755196]
Keyframe: 71 Frame: 389 Frame from vFrameID : 390
Tcw:
[0.99416769, -0.029274235, 0.10379626, 0.20604709;
 0.033693641, 0.99858749, -0.041082852, -0.18751615;
 -0.10244697, 0.044340517, 0.99374974, 1.096689;
 0, 0, 0, 1]
Twc:
[0.99416769, 0.033693641, -0.10244697, -0.086174794;
 -0.029274235, 0.99858749, 0.044340517, 0.14465539;
 0.10379626, -0.041082852, 0.99374974, -1.118925;
 0, 0, 0, 1]
Ow:
[0.20604709;
 -0.18751615;
 1.096689]
Keyframe: 72 Frame: 394 Frame from vFrameID : 395
Tcw:
[0.99564952, -0.038400386, 0.084896766, 0.20724282;
 0.043517437, 0.99729311, -0.059268162, -0.19269924;
 -0.082391039, 0.062704809, 0.99462545, 1.1154588;
 0, 0, 0, 1]
Twc:
[0.99564952, 0.043517437, -0.082391039, -0.10605162;
 -0.038400386, 0.99729311, 0.062704809, 0.13019119;
 0.084896766, -0.059268162, 0.99462545, -1.138479;
 0, 0, 0, 1]
Ow:
[0.20724282;
 -0.19269924;
 1.1154588]
Keyframe: 73 Frame: 399 Frame from vFrameID : 400
Tcw:
[0.99764639, -0.034149148, 0.059460428, 0.21513012;
 0.033919122, 0.99941272, 0.0048738346, -0.19686916;
 -0.059591942, -0.0028455176, 0.99821877, 1.135359;
 0, 0, 0, 1]
Twc:
[0.99764639, 0.033919122, -0.059591942, -0.14028789;
 -0.034149148, 0.99941272, -0.0028455176, 0.20733073;
 0.059460428, 0.0048738346, 0.99821877, -1.1451689;
 0, 0, 0, 1]
Ow:
[0.21513012;
 -0.19686916;
 1.135359]
Keyframe: 74 Frame: 405 Frame from vFrameID : 406
Tcw:
[0.99688023, -0.027639583, 0.07393115, 0.21789725;
 0.030887261, 0.99859095, -0.043151818, -0.20201477;
 -0.07263428, 0.045300726, 0.99632931, 1.1569394;
 0, 0, 0, 1]
Twc:
[0.99688023, 0.030887261, -0.07263428, -0.12694433;
 -0.027639583, 0.99859095, 0.045300726, 0.15534252;
 0.07393115, -0.043151818, 0.99632931, -1.1775193;
 0, 0, 0, 1]
Ow:
[0.21789725;
 -0.20201477;
 1.1569394]
Keyframe: 75 Frame: 410 Frame from vFrameID : 411
Tcw:
[0.99887013, -0.027705671, 0.038610954, 0.21883129;
 0.030298119, 0.9972074, -0.068260066, -0.2052646;
 -0.036611941, 0.069352783, 0.99692011, 1.1766598;
 0, 0, 0, 1]
Twc:
[0.99887013, 0.030298119, -0.036611941, -0.16928512;
 -0.027705671, 0.9972074, 0.069352783, 0.12914962;
 0.038610954, -0.068260066, 0.99692011, -1.1954966;
 0, 0, 0, 1]
Ow:
[0.21883129;
 -0.2052646;
 1.1766598]
Keyframe: 76 Frame: 415 Frame from vFrameID : 416
Tcw:
[0.99569654, -0.0072031948, 0.092393063, 0.22306523;
 0.012248203, 0.99845749, -0.054153517, -0.20956489;
 -0.091860473, 0.05505212, 0.99424893, 1.1978561;
 0, 0, 0, 1]
Twc:
[0.99569654, 0.012248203, -0.091860473, -0.10950287;
 -0.0072031948, 0.99845749, 0.05505212, 0.1449039;
 0.092393063, -0.054153517, 0.99424893, -1.2229254;
 0, 0, 0, 1]
Ow:
[0.22306523;
 -0.20956489;
 1.1978561]
Keyframe: 77 Frame: 420 Frame from vFrameID : 421
Tcw:
[0.99572492, 0.0010869495, 0.092362002, 0.22831747;
 -0.00078716699, 0.99999428, -0.0032821021, -0.21513171;
 -0.092365041, 0.0031953664, 0.99572009, 1.2203747;
 0, 0, 0, 1]
Twc:
[0.99572492, -0.00078716699, -0.092365041, -0.11479077;
 0.0010869495, 0.99999428, 0.0031953664, 0.21098278;
 0.092362002, -0.0032821021, 0.99572009, -1.2369455;
 0, 0, 0, 1]
Ow:
[0.22831747;
 -0.21513171;
 1.2203747]
Keyframe: 78 Frame: 426 Frame from vFrameID : 427
Tcw:
[0.98025233, 0.022913767, 0.1964189, 0.24524044;
 -0.0071831853, 0.9967345, -0.080428153, -0.21928489;
 -0.19762041, 0.077428967, 0.97721589, 1.239712;
 0, 0, 0, 1]
Twc:
[0.98025233, -0.0071831853, -0.19762041, 0.0030197238;
 0.022913767, 0.9967345, 0.077428967, 0.11695983;
 0.1964189, -0.080428153, 0.97721589, -1.2772728;
 0, 0, 0, 1]
Ow:
[0.24524044;
 -0.21928489;
 1.239712]
Keyframe: 79 Frame: 431 Frame from vFrameID : 432
Tcw:
[0.98515904, 0.059090715, 0.16115192, 0.24983548;
 -0.049554761, 0.99680972, -0.062567525, -0.22307153;
 -0.16433495, 0.053653114, 0.98494434, 1.2519628;
 0, 0, 0, 1]
Twc:
[0.98515904, -0.049554761, -0.16433495, -0.051440682;
 0.059090715, 0.99680972, 0.053653114, 0.14042521;
 0.16115192, -0.062567525, 0.98494434, -1.2873322;
 0, 0, 0, 1]
Ow:
[0.24983548;
 -0.22307153;
 1.2519628]
Keyframe: 80 Frame: 436 Frame from vFrameID : 437
Tcw:
[0.9901002, 0.019282509, 0.13903144, 0.25440019;
 -0.017100368, 0.99971139, -0.016872909, -0.22541599;
 -0.13931666, 0.014328382, 0.99014419, 1.2672133;
 0, 0, 0, 1]
Twc:
[0.9901002, -0.017100368, -0.13931666, -0.07919243;
 0.019282509, 0.99971139, 0.014328382, 0.20228834;
 0.13903144, -0.016872909, 0.99014419, -1.293897;
 0, 0, 0, 1]
Ow:
[0.25440019;
 -0.22541599;
 1.2672133]
Keyframe: 81 Frame: 441 Frame from vFrameID : 442
Tcw:
[0.98629254, 0.015203274, 0.16430421, 0.2556724;
 -0.01614829, 0.99985987, 0.0044173864, -0.22714958;
 -0.16421403, -0.0070100673, 0.98639983, 1.2866452;
 0, 0, 0, 1]
Twc:
[0.98629254, -0.01614829, -0.16421403, -0.044550661;
 0.015203274, 0.99985987, -0.0070100673, 0.23225015;
 0.16430421, 0.0044173864, 0.98639983, -1.3101512;
 0, 0, 0, 1]
Ow:
[0.2556724;
 -0.22714958;
 1.2866452]
Keyframe: 82 Frame: 446 Frame from vFrameID : 447
Tcw:
[0.98515689, 0.01866921, 0.17063795, 0.26131499;
 -0.018846709, 0.9998222, -0.000579732, -0.23213328;
 -0.17061843, -0.0026448369, 0.98533362, 1.3061842;
 0, 0, 0, 1]
Twc:
[0.98515689, -0.018846709, -0.17061843, -0.038952101;
 0.01866921, 0.9998222, -0.0026448369, 0.23066811;
 0.17063795, -0.000579732, 0.98533362, -1.3317521;
 0, 0, 0, 1]
Ow:
[0.26131499;
 -0.23213328;
 1.3061842]
Keyframe: 83 Frame: 450 Frame from vFrameID : 451
Tcw:
[0.98888773, 0.01499837, 0.14790578, 0.2654185;
 -0.014636554, 0.99988663, -0.0035344197, -0.23107876;
 -0.14794204, 0.0013303133, 0.98899513, 1.3197337;
 0, 0, 0, 1]
Twc:
[0.98888773, -0.014636554, -0.14794204, -0.070607208;
 0.01499837, 0.99988663, 0.0013303133, 0.22531606;
 0.14790578, -0.0035344197, 0.98899513, -1.345284;
 0, 0, 0, 1]
Ow:
[0.2654185;
 -0.23107876;
 1.3197337]
Keyframe: 84 Frame: 454 Frame from vFrameID : 455
Tcw:
[0.99136829, 0.031980917, 0.12714586, 0.26981178;
 -0.034757026, 0.99920207, 0.019675178, -0.23428288;
 -0.12641518, -0.023924561, 0.99168885, 1.3328942;
 0, 0, 0, 1]
Twc:
[0.99136829, -0.034757026, -0.12641518, -0.10712777;
 0.031980917, 0.99920207, -0.023924561, 0.25735602;
 0.12714586, 0.019675178, 0.99168885, -1.3515123;
 0, 0, 0, 1]
Ow:
[0.26981178;
 -0.23428288;
 1.3328942]
Keyframe: 85 Frame: 459 Frame from vFrameID : 460
Tcw:
[0.99502778, 0.07133881, 0.069501303, 0.2819497;
 -0.072448917, 0.99727964, 0.013581675, -0.23505841;
 -0.068343334, -0.018549439, 0.99748939, 1.3463846;
 0, 0, 0, 1]
Twc:
[0.99502778, -0.072448917, -0.068343334, -0.20556113;
 0.07133881, 0.99727964, -0.018549439, 0.23927969;
 0.069501303, 0.013581675, 0.99748939, -1.3594078;
 0, 0, 0, 1]
Ow:
[0.2819497;
 -0.23505841;
 1.3463846]
Keyframe: 86 Frame: 463 Frame from vFrameID : 464
Tcw:
[0.9959268, 0.060622483, 0.066743501, 0.28219235;
 -0.061775595, 0.99797201, 0.015348719, -0.23933274;
 -0.065677673, -0.019409319, 0.99765211, 1.3589029;
 0, 0, 0, 1]
Twc:
[0.9959268, -0.061775595, -0.065677673, -0.20657827;
 0.060622483, 0.99797201, -0.019409319, 0.24811557;
 0.066743501, 0.015348719, 0.99765211, -1.3708735;
 0, 0, 0, 1]
Ow:
[0.28219235;
 -0.23933274;
 1.3589029]
Keyframe: 87 Frame: 467 Frame from vFrameID : 468
Tcw:
[0.9942351, 0.060497303, 0.088525154, 0.28291956;
 -0.063511334, 0.99747962, 0.031633604, -0.2420997;
 -0.08638829, -0.03707359, 0.99557149, 1.3729337;
 0, 0, 0, 1]
Twc:
[0.9942351, -0.063511334, -0.08638829, -0.17805922;
 0.060497303, 0.99747962, -0.03707359, 0.27527323;
 0.088525154, 0.031633604, 0.99557149, -1.3842407;
 0, 0, 0, 1]
Ow:
[0.28291956;
 -0.2420997;
 1.3729337]
Keyframe: 88 Frame: 471 Frame from vFrameID : 472
Tcw:
[0.99591392, 0.046497505, 0.077416971, 0.28390014;
 -0.048770919, 0.99842477, 0.027737858, -0.24168444;
 -0.07600528, -0.031400215, 0.99661285, 1.3832866;
 0, 0, 0, 1]
Twc:
[0.99591392, -0.048770919, -0.07600528, -0.18939021;
 0.046497505, 0.99842477, -0.031400215, 0.27153859;
 0.077416971, 0.027737858, 0.99661285, -1.3938762;
 0, 0, 0, 1]
Ow:
[0.28390014;
 -0.24168444;
 1.3832866]
Keyframe: 89 Frame: 475 Frame from vFrameID : 476
Tcw:
[0.99531645, 0.033310201, 0.090749934, 0.27864563;
 -0.034005355, 0.99940288, 0.0061243065, -0.24715918;
 -0.090491742, -0.0091816066, 0.99585485, 1.4010834;
 0, 0, 0, 1]
Twc:
[0.99531645, -0.034005355, -0.090491742, -0.15895882;
 0.033310201, 0.99940288, -0.0091816066, 0.25059405;
 0.090749934, 0.0061243065, 0.99585485, -1.4190491;
 0, 0, 0, 1]
Ow:
[0.27864563;
 -0.24715918;
 1.4010834]
Keyframe: 90 Frame: 480 Frame from vFrameID : 481
Tcw:
[0.99625582, 0.00013191221, 0.08645454, 0.27569175;
 0.0020249814, 0.99968886, -0.024860125, -0.24953882;
 -0.086430922, 0.024942111, 0.99594557, 1.4173325;
 0, 0, 0, 1]
Twc:
