Keyframe: 0 Frame: 0 Frame from vFrameID : 59
Tcw:
[1, 0, 0, 0;
 0, 1, 0, 0;
 0, 0, 1, 0;
 0, 0, 0, 1]
Twc:
[1, 0, 0, 0;
 0, 1, 0, 0;
 0, 0, 1, 0;
 0, 0, 0, 1]
Ow:
[0;
 0;
 0]
Keyframe: 1 Frame: 58 Frame from vFrameID : 59
Tcw:
[0.99994141, -0.0086392863, -0.0065247775, 0.029660011;
 0.0087572914, 0.99979454, 0.018279105, -0.0054617524;
 0.0063655186, -0.018335173, 0.99981165, 0.056583993;
 0, 0, 0, 1]
Twc:
[0.99994141, 0.0087572914, 0.0063655186, -0.029970629;
 -0.0086392863, 0.99979454, -0.018335173, 0.0067543495;
 -0.0065247775, 0.018279105, 0.99981165, -0.056279976;
 0, 0, 0, 1]
Ow:
[0.029660011;
 -0.0054617524;
 0.056583993]
Keyframe: 2 Frame: 59 Frame from vFrameID : 60
Tcw:
[0.99994183, -0.0086487085, -0.0064441166, 0.029662084;
 0.0087650456, 0.99979502, 0.018249288, -0.0054042037;
 0.0062849629, -0.018304709, 0.99981272, 0.056599751;
 0, 0, 0, 1]
Twc:
[0.99994183, 0.0087650456, 0.0062849629, -0.029968718;
 -0.0086487085, 0.99979502, -0.018304709, 0.0066956766;
 -0.0064441166, 0.018249288, 0.99981272, -0.056299377;
 0, 0, 0, 1]
Ow:
[0.029662084;
 -0.0054042037;
 0.056599751]
Keyframe: 3 Frame: 60 Frame from vFrameID : 61
Tcw:
[0.99992573, -0.0073417327, -0.0097278496, 0.03201697;
 0.0074878256, 0.99985844, 0.015067657, -0.0061082961;
 0.0096158497, -0.01513938, 0.99983913, 0.059502207;
 0, 0, 0, 1]
Twc:
[0.99992573, 0.0074878256, 0.0096158497, -0.032541018;
 -0.0073417327, 0.99985844, -0.01513938, 0.007243318;
 -0.0097278496, 0.015067657, 0.99983913, -0.059089147;
 0, 0, 0, 1]
Ow:
[0.03201697;
 -0.0061082961;
 0.059502207]
Keyframe: 4 Frame: 61 Frame from vFrameID : 62
Tcw:
[0.99990696, -0.0040168851, -0.013035955, 0.034418665;
 0.004207802, 0.99988383, 0.014651181, -0.0059330841;
 0.012975588, -0.014704671, 0.99980766, 0.062368236;
 0, 0, 0, 1]
Twc:
[0.99990696, 0.004207802, 0.012975588, -0.035199761;
 -0.0040168851, 0.99988383, -0.014704671, 0.0069877547;
 -0.013035955, 0.014651181, 0.99980766, -0.061820637;
 0, 0, 0, 1]
Ow:
[0.034418665;
 -0.0059330841;
 0.062368236]
Keyframe: 5 Frame: 62 Frame from vFrameID : 63
Tcw:
[0.99975318, -0.0055364519, -0.021514531, 0.038175829;
 0.0058394768, 0.99988431, 0.014047454, -0.0072939498;
 0.021434268, -0.01416962, 0.99966985, 0.070717432;
 0, 0, 0, 1]
Twc:
[0.99975318, 0.0058394768, 0.021434268, -0.039639592;
 -0.0055364519, 0.99988431, -0.01416962, 0.0085065039;
 -0.021514531, 0.014047454, 0.99966985, -0.069770291;
 0, 0, 0, 1]
Ow:
[0.038175829;
 -0.0072939498;
 0.070717432]
Keyframe: 6 Frame: 64 Frame from vFrameID : 65
Tcw:
[0.99969107, -0.00760786, -0.023662318, 0.039098483;
 0.0079109669, 0.99988753, 0.012742558, -0.0078743733;
 0.023562713, -0.012925814, 0.9996388, 0.074820794;
 0, 0, 0, 1]
Twc:
[0.99969107, 0.0079109669, 0.023562713, -0.04078709;
 -0.00760786, 0.99988753, -0.012925814, 0.0091380635;
 -0.023662318, 0.012742558, 0.9996388, -0.073768266;
 0, 0, 0, 1]
Ow:
[0.039098483;
 -0.0078743733;
 0.074820794]
Keyframe: 7 Frame: 66 Frame from vFrameID : 67
Tcw:
[0.99953306, -0.0087329913, -0.029282078, 0.043518107;
 0.0091972388, 0.99983352, 0.015757291, -0.0064145178;
 0.029139595, -0.016019247, 0.99944699, 0.087370314;
 0, 0, 0, 1]
Twc:
[0.99953306, 0.0091972388, 0.029139595, -0.045984723;
 -0.0087329913, 0.99983352, -0.016019247, 0.0081931008;
 -0.029282078, 0.015757291, 0.99944699, -0.08594662;
 0, 0, 0, 1]
Ow:
[0.043518107;
 -0.0064145178;
 0.087370314]
Keyframe: 8 Frame: 68 Frame from vFrameID : 69
Tcw:
[0.99955636, -0.0091687366, -0.028336864, 0.046844106;
 0.009893937, 0.99962437, 0.02555877, -0.0063889148;
 0.028091878, -0.025827795, 0.99927163, 0.099322863;
 0, 0, 0, 1]
Twc:
[0.99955636, 0.009893937, 0.028091878, -0.049550284;
 -0.0091687366, 0.99962437, -0.025827795, 0.0093813064;
 -0.028336864, 0.02555877, 0.99927163, -0.097759806;
 0, 0, 0, 1]
Ow:
[0.046844106;
 -0.0063889148;
 0.099322863]
Keyframe: 9 Frame: 71 Frame from vFrameID : 72
Tcw:
[0.99973953, -0.0076444913, -0.021505745, 0.051113471;
 0.0079060476, 0.99989551, 0.012103546, -0.0080626244;
 0.021410972, -0.012270419, 0.99969548, 0.11921439;
 0, 0, 0, 1]
Twc:
[0.99973953, 0.0079060476, 0.021410972, -0.053588904;
 -0.0076444913, 0.99989551, -0.012270419, 0.0099153277;
 -0.021505745, 0.012103546, 0.99969548, -0.11798126;
 0, 0, 0, 1]
Ow:
[0.051113471;
 -0.0080626244;
 0.11921439]
Keyframe: 10 Frame: 74 Frame from vFrameID : 75
Tcw:
[0.99979031, -0.0084473975, -0.018655566, 0.052554604;
 0.0086013516, 0.99992949, 0.0081877317, -0.0077550132;
 0.018585086, -0.0083464775, 0.99979246, 0.13589458;
 0, 0, 0, 1]
Twc:
[0.99979031, 0.0086013516, 0.018585086, -0.055002488;
 -0.0084473975, 0.99992949, -0.0083464775, 0.0093326578;
 -0.018655566, 0.0081877317, 0.99979246, -0.13482244;
 0, 0, 0, 1]
Ow:
[0.052554604;
 -0.0077550132;
 0.13589458]
Keyframe: 11 Frame: 77 Frame from vFrameID : 78
Tcw:
[0.99973488, -0.022432817, -0.0051917797, 0.055012234;
 0.022479229, 0.99970627, 0.0090607591, -0.011915821;
 0.0049869963, -0.009175064, 0.99994546, 0.16139174;
 0, 0, 0, 1]
Twc:
[0.99973488, 0.022479229, 0.0049869963, -0.05553465;
 -0.022432817, 0.99970627, -0.009175064, 0.014627179;
 -0.0051917797, 0.0090607591, 0.99994546, -0.16098936;
 0, 0, 0, 1]
Ow:
[0.055012234;
 -0.011915821;
 0.16139174]
Keyframe: 12 Frame: 80 Frame from vFrameID : 81
Tcw:
[0.9994064, -0.034271687, -0.0035087729, 0.060907234;
 0.0342713, 0.99941254, -0.00017094593, -0.013743866;
 0.0035125702, 5.0594259e-05, 0.9999938, 0.17758353;
 0, 0, 0, 1]
Twc:
[0.9994064, 0.0342713, 0.0035125702, -0.061023835;
 -0.034271687, 0.99941254, 5.0594259e-05, 0.015814202;
 -0.0035087729, -0.00017094593, 0.9999938, -0.17737108;
 0, 0, 0, 1]
Ow:
[0.060907234;
 -0.013743866;
 0.17758353]
Keyframe: 13 Frame: 83 Frame from vFrameID : 84
Tcw:
[0.99936771, -0.034335691, 0.0092340466, 0.069930479;
 0.034284323, 0.99939609, 0.0056649712, -0.012397355;
 -0.0094229812, -0.0053448062, 0.99994129, 0.19568077;
 0, 0, 0, 1]
Twc:
[0.99936771, 0.034284323, -0.0094229812, -0.067617334;
 -0.034335691, 0.99939609, -0.0053448062, 0.015836855;
 0.0092340466, 0.0056649712, 0.99994129, -0.19624479;
 0, 0, 0, 1]
Ow:
[0.069930479;
 -0.012397355;
 0.19568077]
Keyframe: 14 Frame: 86 Frame from vFrameID : 87
Tcw:
[0.99949521, -0.03157185, 0.0035350914, 0.082313076;
 0.031542111, 0.99946898, 0.0081744697, -0.011602122;
 -0.0037912976, -0.0080588395, 0.99996036, 0.22237837;
 0, 0, 0, 1]
Twc:
[0.99949521, 0.031542111, -0.0037912976, -0.081062473;
 -0.03157185, 0.99946898, -0.0080588395, 0.01598685;
 0.0035350914, 0.0081744697, 0.99996036, -0.2225657;
 0, 0, 0, 1]
Ow:
[0.082313076;
 -0.011602122;
 0.22237837]
Keyframe: 15 Frame: 89 Frame from vFrameID : 90
Tcw:
[0.99959654, -0.028341981, -0.0018853127, 0.089909114;
 0.028350089, 0.99958825, 0.0044224975, -0.012876678;
 0.0017591941, -0.0044741617, 0.99998844, 0.23650929;
 0, 0, 0, 1]
Twc:
[0.99959654, 0.028350089, 0.0017591941, -0.089923851;
 -0.028341981, 0.99958825, -0.0044741617, 0.016477762;
 -0.0018853127, 0.0044224975, 0.99998844, -0.2362801;
 0, 0, 0, 1]
Ow:
[0.089909114;
 -0.012876678;
 0.23650929]
Keyframe: 16 Frame: 92 Frame from vFrameID : 93
Tcw:
[0.99979186, -0.018004114, -0.0095945457, 0.1020622;
 0.018076962, 0.99980801, 0.007560805, -0.016397009;
 0.0094565777, -0.0077326717, 0.99992537, 0.25449485;
 0, 0, 0, 1]
Twc:
[0.99979186, 0.018076962, 0.0094565777, -0.1041512;
 -0.018004114, 0.99980801, -0.0077326717, 0.020199325;
 -0.0095945457, 0.007560805, 0.99992537, -0.25337264;
 0, 0, 0, 1]
Ow:
[0.1020622;
 -0.016397009;
 0.25449485]
Keyframe: 17 Frame: 96 Frame from vFrameID : 97
Tcw:
[0.9997552, -0.013138385, -0.017803501, 0.11534831;
 0.013001821, 0.99988532, -0.0077648279, -0.022944745;
 0.017903477, 0.0075314492, 0.99981135, 0.28362092;
 0, 0, 0, 1]
Twc:
[0.9997552, 0.013001821, 0.017903477, -0.12009954;
 -0.013138385, 0.99988532, 0.0075314492, 0.022321528;
 -0.017803501, -0.0077648279, 0.99981135, -0.28169197;
 0, 0, 0, 1]
Ow:
[0.11534831;
 -0.022944745;
 0.28362092]
Keyframe: 18 Frame: 99 Frame from vFrameID : 100
Tcw:
[0.99988097, -0.010519161, -0.011288535, 0.12579308;
 0.010366027, 0.99985462, -0.013539192, -0.025664203;
 0.011429315, 0.013420563, 0.99984461, 0.30205554;
 0, 0, 0, 1]
Twc:
[0.99988097, 0.010366027, 0.011429315, -0.12896435;
 -0.010519161, 0.99985462, 0.013420563, 0.022929955;
 -0.011288535, -0.013539192, 0.99984461, -0.30093604;
 0, 0, 0, 1]
Ow:
[0.12579308;
 -0.025664203;
 0.30205554]
Keyframe: 19 Frame: 103 Frame from vFrameID : 104
Tcw:
[0.99936628, -0.034122724, 0.010132886, 0.12997602;
 0.03428781, 0.99927425, -0.016591642, -0.025393108;
 -0.0095593799, 0.016928563, 0.99981099, 0.33345896;
 0, 0, 0, 1]
Twc:
[0.99936628, 0.03428781, -0.0095593799, -0.12583533;
 -0.034122724, 0.99927425, 0.016928563, 0.024164835;
 0.010132886, -0.016591642, 0.99981099, -0.33513427;
 0, 0, 0, 1]
Ow:
[0.12997602;
 -0.025393108;
 0.33345896]
Keyframe: 20 Frame: 107 Frame from vFrameID : 108
Tcw:
[0.99908346, -0.03420214, 0.025737315, 0.13554627;
 0.035035983, 0.99885172, -0.032676533, -0.026789233;
 -0.024590153, 0.033548318, 0.99913454, 0.35658213;
 0, 0, 0, 1]
Twc:
[0.99908346, 0.035035983, -0.024590153, -0.12571503;
 -0.03420214, 0.99885172, 0.033548318, 0.019431712;
 0.025737315, -0.032676533, 0.99913454, -0.36063752;
 0, 0, 0, 1]
Ow:
[0.13554627;
 -0.026789233;
 0.35658213]
Keyframe: 21 Frame: 111 Frame from vFrameID : 112
Tcw:
[0.99846989, -0.051979456, 0.018868476, 0.14327218;
 0.051984832, 0.99864787, 0.00020584745, -0.025614979;
 -0.018853663, 0.00077534199, 0.99982196, 0.38101611;
 0, 0, 0, 1]
Twc:
[0.99846989, 0.051984832, -0.018853663, -0.13453782;
 -0.051979456, 0.99864787, 0.00077534199, 0.032732133;
 0.018868476, 0.00020584745, 0.99982196, -0.38364631;
 0, 0, 0, 1]
Ow:
[0.14327218;
 -0.025614979;
 0.38101611]
Keyframe: 22 Frame: 115 Frame from vFrameID : 116
Tcw:
[0.99874312, -0.04885627, 0.011191062, 0.15261084;
 0.04883343, 0.99880427, 0.0023053295, -0.024332041;
 -0.01129031, -0.001755934, 0.99993473, 0.40876842;
 0, 0, 0, 1]
Twc:
[0.99874312, 0.04883343, -0.01129031, -0.1466157;
 -0.04885627, 0.99880427, -0.001755934, 0.032476712;
 0.011191062, 0.0023053295, 0.99993473, -0.41039351;
 0, 0, 0, 1]
Ow:
[0.15261084;
 -0.024332041;
 0.40876842]
Keyframe: 23 Frame: 119 Frame from vFrameID : 120
Tcw:
[0.9994083, -0.03436628, -0.0014313924, 0.16905378;
 0.034374002, 0.99939239, 0.0057732356, -0.022699248;
 0.001232118, -0.0058190222, 0.9999823, 0.44527665;
 0, 0, 0, 1]
Twc:
[0.9994083, 0.034374002, 0.001232118, -0.16872211;
 -0.03436628, 0.99939239, -0.0058190222, 0.031086279;
 -0.0014313924, 0.0057732356, 0.9999823, -0.44489574;
 0, 0, 0, 1]
Ow:
[0.16905378;
 -0.022699248;
 0.44527665]
Keyframe: 24 Frame: 123 Frame from vFrameID : 124
Tcw:
[0.99955136, -0.01990197, -0.022382291, 0.18500462;
 0.019717833, 0.99977016, -0.0084177991, -0.028340317;
 0.022544676, 0.0079726921, 0.99971402, 0.47586244;
 0, 0, 0, 1]
Twc:
[0.99955136, 0.019717833, 0.022544676, -0.19509098;
 -0.01990197, 0.99977016, 0.0079726921, 0.028221855;
 -0.022382291, -0.0084177991, 0.99971402, -0.47182414;
 0, 0, 0, 1]
Ow:
[0.18500462;
 -0.028340317;
 0.47586244]
Keyframe: 25 Frame: 126 Frame from vFrameID : 127
Tcw:
[0.9960711, -0.057951532, -0.066962272, 0.18868415;
 0.055368271, 0.99767196, -0.039811745, -0.033041708;
 0.06911353, 0.035947744, 0.99696094, 0.49361941;
 0, 0, 0, 1]
Twc:
[0.9960711, 0.055368271, 0.06911353, -0.22022916;
 -0.057951532, 0.99767196, 0.035947744, 0.02615482;
 -0.066962272, -0.039811745, 0.99696094, -0.48079997;
 0, 0, 0, 1]
Ow:
[0.18868415;
 -0.033041708;
 0.49361941]
Keyframe: 26 Frame: 130 Frame from vFrameID : 131
Tcw:
[0.99612391, -0.057168782, -0.066849403, 0.20873576;
 0.053656988, 0.9971413, -0.053199332, -0.024914172;
 0.069699645, 0.049406189, 0.99634379, 0.52145278;
 0, 0, 0, 1]
Twc:
[0.99612391, 0.053656988, 0.069699645, -0.24293496;
 -0.057168782, 0.9971413, 0.049406189, 0.011013123;
 -0.066849403, -0.053199332, 0.99634379, -0.50691783;
 0, 0, 0, 1]
Ow:
[0.20873576;
 -0.024914172;
 0.52145278]
Keyframe: 27 Frame: 133 Frame from vFrameID : 134
Tcw:
[0.99718344, -0.051546015, -0.054481465, 0.21115661;
 0.052079428, 0.99860746, 0.0084158182, -0.026495913;
 0.053971797, -0.011229478, 0.99847931, 0.54469663;
 0, 0, 0, 1]
Twc:
[0.99718344, 0.052079428, 0.053971797, -0.23858023;
 -0.051546015, 0.99860746, -0.011229478, 0.043459959;
 -0.054481465, 0.0084158182, 0.99847931, -0.53214127;
 0, 0, 0, 1]
Ow:
[0.21115661;
 -0.026495913;
 0.54469663]
Keyframe: 28 Frame: 137 Frame from vFrameID : 138
Tcw:
[0.99551404, -0.055032462, -0.076962784, 0.22599253;
 0.055355519, 0.99846458, 0.0020689755, -0.034448043;
 0.076730751, -0.006320009, 0.99703181, 0.58555412;
 0, 0, 0, 1]
Twc:
[0.99551404, 0.055355519, 0.076730751, -0.26800185;
 -0.055032462, 0.99846458, -0.006320009, 0.050532781;
 -0.076962784, 0.0020689755, 0.99703181, -0.56635177;
 0, 0, 0, 1]
Ow:
[0.22599253;
 -0.034448043;
 0.58555412]
Keyframe: 29 Frame: 140 Frame from vFrameID : 141
Tcw:
[0.9978618, -0.041772537, -0.050268214, 0.24171463;
 0.04171671, 0.99912715, -0.002159643, -0.03606673;
 0.050314549, 5.8000584e-05, 0.9987334, 0.60659295;
 0, 0, 0, 1]
Twc:
[0.9978618, 0.04171671, 0.050314549, -0.27021366;
 -0.041772537, 0.99912715, 5.8000584e-05, 0.046097096;
 -0.050268214, -0.002159643, 0.9987334, -0.59375197;
 0, 0, 0, 1]
Ow:
[0.24171463;
 -0.03606673;
 0.60659295]
Keyframe: 30 Frame: 144 Frame from vFrameID : 145
Tcw:
[0.99604273, -0.082323141, -0.033493061, 0.23849569;
 0.081994444, 0.99657124, -0.011074195, -0.034118053;
 0.034289885, 0.0082841255, 0.99937761, 0.62959057;
 0, 0, 0, 1]
Twc:
[0.99604273, 0.081994444, 0.034289885, -0.25634298;
 -0.082323141, 0.99657124, 0.0082841255, 0.048419178;
 -0.033493061, -0.011074195, 0.99937761, -0.62158859;
 0, 0, 0, 1]
Ow:
[0.23849569;
 -0.034118053;
 0.62959057]
Keyframe: 31 Frame: 148 Frame from vFrameID : 149
Tcw:
[0.99541974, -0.088784404, -0.035451777, 0.25269008;
 0.088559307, 0.99603981, -0.0078730388, -0.041534904;
 0.036010385, 0.0046973932, 0.99934036, 0.66220593;
 0, 0, 0, 1]
Twc:
[0.99541974, 0.088559307, 0.036010385, -0.27170068;
 -0.088784404, 0.99603981, 0.0046973932, 0.060694713;
 -0.035451777, -0.0078730388, 0.99934036, -0.6531378;
 0, 0, 0, 1]
Ow:
[0.25269008;
 -0.041534904;
 0.66220593]
Keyframe: 32 Frame: 152 Frame from vFrameID : 153
Tcw:
[0.99699014, -0.068931967, -0.035482455, 0.27130318;
 0.0688885, 0.99762136, -0.0024476666, -0.038824517;
 0.035566777, -4.0336413e-06, 0.9993673, 0.69182843;
 0, 0, 0, 1]
Twc:
[0.99699014, 0.0688885, 0.035566777, -0.29241812;
 -0.068931967, 0.99762136, -4.0336413e-06, 0.057436422;
 -0.035482455, -0.0024476666, 0.9993673, -0.68185925;
 0, 0, 0, 1]
Ow:
[0.27130318;
 -0.038824517;
 0.69182843]
Keyframe: 33 Frame: 156 Frame from vFrameID : 157
Tcw:
[0.99690217, -0.05365387, -0.057508931, 0.28961277;
 0.052976541, 0.99850798, -0.013239455, -0.048220877;
 0.058133475, 0.010151817, 0.99825722, 0.72999203;
 0, 0, 0, 1]
Twc:
[0.99690217, 0.052976541, 0.058133475, -0.32859799;
 -0.05365387, 0.99850798, 0.010151817, 0.056277033;
 -0.057508931, -0.013239455, 0.99825722, -0.71270293;
 0, 0, 0, 1]
Ow:
[0.28961277;
 -0.048220877;
 0.72999203]
Keyframe: 34 Frame: 160 Frame from vFrameID : 161
Tcw:
[0.99695784, -0.051162899, -0.058800288, 0.30420411;
 0.051067766, 0.99869031, -0.003120431, -0.048614111;
 0.058882929, 0.00010813867, 0.99826491, 0.75923967;
 0, 0, 0, 1]
Twc:
[0.99695784, 0.051067766, 0.058882929, -0.34550229;
 -0.051162899, 0.99869031, 0.00010813867, 0.064032301;
 -0.058800288, -0.003120431, 0.99826491, -0.74018669;
 0, 0, 0, 1]
Ow:
[0.30420411;
 -0.048614111;
 0.75923967]
Keyframe: 35 Frame: 163 Frame from vFrameID : 164
Tcw:
[0.99796188, -0.041670233, -0.048329145, 0.31161925;
 0.041928463, 0.99911118, 0.004341343, -0.048914239;
 0.048105285, -0.0063588615, 0.99882203, 0.78045207;
 0, 0, 0, 1]
Twc:
[0.99796188, 0.041928463, 0.048105285, -0.34647712;
 -0.041670233, 0.99911118, -0.0063588615, 0.066818796;
 -0.048329145, 0.004341343, 0.99882203, -0.76426005;
 0, 0, 0, 1]
Ow:
[0.31161925;
 -0.048914239;
 0.78045207]
Keyframe: 36 Frame: 167 Frame from vFrameID : 168
Tcw:
[0.99879169, -0.043117069, -0.02358225, 0.31991848;
 0.04351382, 0.99891526, 0.016577819, -0.050926726;
 0.022841882, -0.017583942, 0.99958444, 0.81066775;
 0, 0, 0, 1]
Twc:
[0.99879169, 0.04351382, 0.022841882, -0.33583307;
 -0.043117069, 0.99891526, -0.017583942, 0.078920171;
 -0.02358225, 0.016577819, 0.99958444, -0.80194223;
 0, 0, 0, 1]
Ow:
[0.31991848;
 -0.050926726;
 0.81066775]
Keyframe: 37 Frame: 171 Frame from vFrameID : 172
Tcw:
[0.99834979, -0.055773806, -0.013674296, 0.33121753;
 0.055879846, 0.99840933, 0.0074989065, -0.057366971;
 0.013234303, -0.0082506491, 0.99987841, 0.83968151;
 0, 0, 0, 1]
Twc:
[0.99834979, 0.055879846, 0.013234303, -0.3385779;
 -0.055773806, 0.99840933, -0.0082506491, 0.082676895;
 -0.013674296, 0.0074989065, 0.99987841, -0.83462006;
 0, 0, 0, 1]
Ow:
[0.33121753;
 -0.057366971;
 0.83968151]
Keyframe: 38 Frame: 175 Frame from vFrameID : 176
Tcw:
[0.9981581, -0.060152244, 0.0078839809, 0.33220166;
 0.060304739, 0.99796343, -0.020791674, -0.063327603;
 -0.0066172592, 0.021228818, 0.99975276, 0.86560678;
 0, 0, 0, 1]
Twc:
[0.9981581, 0.060304739, -0.0066172592, -0.32204288;
 -0.060152244, 0.99796343, 0.021228818, 0.0648055;
 0.0078839809, -0.020791674, 0.99975276, -0.8693285;
 0, 0, 0, 1]
Ow:
[0.33220166;
 -0.063327603;
 0.86560678]
Keyframe: 39 Frame: 178 Frame from vFrameID : 179
Tcw:
[0.99750602, -0.070541613, 0.0023595949, 0.34120658;
 0.070579045, 0.99717283, -0.025786417, -0.062063422;
 -0.00053390861, 0.025888644, 0.99966466, 0.89016449;
 0, 0, 0, 1]
Twc:
[0.99750602, 0.070579045, -0.00053390861, -0.3355;
 -0.070541613, 0.99717283, 0.025888644, 0.062912069;
 0.0023595949, -0.025786417, 0.99966466, -0.89227152;
 0, 0, 0, 1]
Ow:
[0.34120658;
 -0.062063422;
 0.89016449]
Keyframe: 40 Frame: 182 Frame from vFrameID : 183
Tcw:
[0.99819988, -0.059355479, -0.0085992711, 0.35931128;
 0.059151378, 0.99799967, -0.022310331, -0.06549558;
 0.0099063106, 0.021761512, 0.99971414, 0.93152499;
 0, 0, 0, 1]
Twc:
[0.99819988, 0.059151378, 0.0099063106, -0.36401829;
 -0.059355479, 0.99799967, 0.021761512, 0.066420272;
 -0.0085992711, -0.022310331, 0.99971414, -0.9296301;
 0, 0, 0, 1]
Ow:
[0.35931128;
 -0.06549558;
 0.93152499]
Keyframe: 41 Frame: 186 Frame from vFrameID : 187
Tcw:
[0.99757653, -0.049369268, -0.049027283, 0.37543079;
 0.048059631, 0.9984647, -0.027541943, -0.067030445;
 0.050311737, 0.025118962, 0.99841762, 0.96156383;
 0, 0, 0, 1]
Twc:
[0.99757653, 0.048059631, 0.050311737, -0.41967744;
 -0.049369268, 0.9984647, 0.025118962, 0.061308786;
 -0.049027283, -0.027541943, 0.99841762, -0.9434821;
 0, 0, 0, 1]
Ow:
[0.37543079;
 -0.067030445;
 0.96156383]
Keyframe: 42 Frame: 190 Frame from vFrameID : 191
Tcw:
[0.99529064, -0.061663728, -0.074793726, 0.38769782;
 0.059476528, 0.99774426, -0.031128239, -0.070372656;
 0.076544493, 0.026533173, 0.99671304, 0.986103;
 0, 0, 0, 1]
Twc:
[0.99529064, 0.059476528, 0.076544493, -0.45716727;
 -0.061663728, 0.99774426, 0.026533173, 0.067956358;
 -0.074793726, -0.031128239, 0.99671304, -0.95605499;
 0, 0, 0, 1]
Ow:
[0.38769782;
 -0.070372656;
 0.986103]
Keyframe: 43 Frame: 193 Frame from vFrameID : 194
Tcw:
[0.99602318, -0.045811448, -0.076414086, 0.40329698;
 0.044868544, 0.99889463, -0.0140118, -0.067898393;
 0.076971516, 0.010527489, 0.99697769, 1.0055923;
 0, 0, 0, 1]
Twc:
[0.99602318, 0.044868544, 0.076971516, -0.47604862;
 -0.045811448, 0.99889463, 0.010527489, 0.075712599;
 -0.076414086, -0.0140118, 0.99697769, -0.97268695;
 0, 0, 0, 1]
Ow:
[0.40329698;
 -0.067898393;
 1.0055923]
Keyframe: 44 Frame: 196 Frame from vFrameID : 197
Tcw:
[0.99625313, -0.049582437, -0.070861362, 0.41028041;
 0.049389284, 0.99876958, -0.0044763424, -0.07351505;
 0.070996121, 0.00095977815, 0.9974761, 1.0350353;
 0, 0, 0, 1]
Twc:
[0.99625313, 0.049389284, 0.070996121, -0.47859573;
 -0.049582437, 0.99876958, 0.00095977815, 0.092773892;
 -0.070861362, -0.0044763424, 0.9974761, -1.003679;
 0, 0, 0, 1]
Ow:
[0.41028041;
 -0.07351505;
 1.0350353]
Keyframe: 45 Frame: 200 Frame from vFrameID : 201
Tcw:
[0.99763542, -0.044432651, -0.052433461, 0.4206948;
 0.043813691, 0.9989565, -0.012896242, -0.072405837;
 0.052951761, 0.010568444, 0.99854112, 1.0667171;
 0, 0, 0, 1]
Twc:
[0.99763542, 0.043813691, 0.052951761, -0.47301224;
 -0.044432651, 0.9989565, 0.010568444, 0.079749323;
 -0.052433461, -0.012896242, 0.99854112, -1.0440363;
 0, 0, 0, 1]
Ow:
[0.4206948;
 -0.072405837;
 1.0667171]
Keyframe: 46 Frame: 204 Frame from vFrameID : 205
Tcw:
[0.99668044, -0.048675884, -0.065259345, 0.43325725;
 0.046679333, 0.99840432, -0.031778309, -0.073274836;
 0.066702046, 0.028626557, 0.9973622, 1.1089053;
 0, 0, 0, 1]
Twc:
[0.99668044, 0.046679333, 0.066702046, -0.50236481;
 -0.048675884, 0.99840432, 0.028626557, 0.06250295;
 -0.065259345, -0.031778309, 0.9973622, -1.0800346;
 0, 0, 0, 1]
Ow:
[0.43325725;
 -0.073274836;
 1.1089053]
Keyframe: 47 Frame: 207 Frame from vFrameID : 208
Tcw:
[0.99692804, -0.059900485, -0.050461855, 0.43764657;
 0.058960319, 0.9980616, -0.01991953, -0.077779099;
 0.051557228, 0.01688309, 0.99852735, 1.1373191;
 0, 0, 0, 1]
Twc:
[0.99692804, 0.058960319, 0.051557228, -0.49035332;
 -0.059900485, 0.9980616, 0.01688309, 0.084642112;
 -0.050461855, -0.01991953, 0.99852735, -1.1151091;
 0, 0, 0, 1]
Ow:
[0.43764657;
 -0.077779099;
 1.1373191]
Keyframe: 48 Frame: 210 Frame from vFrameID : 211
Tcw:
[0.99659848, -0.072212636, -0.039708294, 0.44645119;
 0.071711771, 0.99732858, -0.01389835, -0.075608999;
 0.040605854, 0.011003523, 0.99911463, 1.160269;
 0, 0, 0, 1]
Twc:
[0.99659848, 0.071711771, 0.040605854, -0.48662424;
 -0.072212636, 0.99732858, 0.011003523, 0.094879381;
 -0.039708294, -0.01389835, 0.99911463, -1.1425649;
 0, 0, 0, 1]
Ow:
[0.44645119;
 -0.075608999;
 1.160269]
Keyframe: 49 Frame: 214 Frame from vFrameID : 215
Tcw:
[0.99727994, -0.065278426, -0.034226082, 0.46795157;
 0.064613082, 0.99770594, -0.020199411, -0.082223535;
 0.035466153, 0.017933015, 0.99920994, 1.2034051;
 0, 0, 0, 1]
Twc:
[0.99727994, 0.064613082, 0.035466153, -0.50404614;
 -0.065278426, 0.99770594, 0.017933015, 0.091001369;
 -0.034226082, -0.020199411, 0.99920994, -1.1880991;
 0, 0, 0, 1]
Ow:
[0.46795157;
 -0.082223535;
 1.2034051]
Keyframe: 50 Frame: 218 Frame from vFrameID : 219
Tcw:
[0.9956013, -0.07123699, -0.060854681, 0.48617864;
 0.068862885, 0.99681342, -0.040259968, -0.085395768;
 0.063528761, 0.035892248, 0.99733436, 1.2340455;
 0, 0, 0, 1]
Twc:
[0.9956013, 0.068862885, 0.063528761, -0.55655694;
 -0.07123699, 0.99681342, 0.035892248, 0.075464889;
 -0.060854681, -0.040259968, 0.99733436, -1.2046077;
 0, 0, 0, 1]
Ow:
[0.48617864;
 -0.085395768;
 1.2340455]
Keyframe: 51 Frame: 222 Frame from vFrameID : 223
Tcw:
[0.99641138, -0.056036275, -0.063437678, 0.50343603;
 0.054407421, 0.99815047, -0.027120499, -0.08945509;
 0.064840078, 0.023571692, 0.99761724, 1.2596668;
 0, 0, 0, 1]
Twc:
[0.99641138, 0.054407421, 0.064840078, -0.57843924;
 -0.056036275, 0.99815047, 0.023571692, 0.087807834;
 -0.063437678, -0.027120499, 0.99761724, -1.2271545;
 0, 0, 0, 1]
Ow:
[0.50343603;
 -0.08945509;
 1.2596668]
Keyframe: 52 Frame: 226 Frame from vFrameID : 227
Tcw:
[0.99571747, -0.057909053, -0.072064154, 0.51222003;
 0.058075108, 0.99831218, 0.00020934672, -0.093581967;
 0.071930401, -0.0043935836, 0.99739999, 1.2947845;
 0, 0, 0, 1]
Twc:
[0.99571747, 0.058075108, 0.071930401, -0.59772599;
 -0.057909053, 0.99831218, -0.0043935836, 0.12877494;
 -0.072064154, 0.00020934672, 0.99739999, -1.2544857;
 0, 0, 0, 1]
Ow:
[0.51222003;
 -0.093581967;
 1.2947845]
Keyframe: 53 Frame: 229 Frame from vFrameID : 230
Tcw:
[0.99596447, -0.058562107, -0.068009615, 0.51767373;
 0.05847948, 0.99828345, -0.0032069127, -0.0943795;
 0.068080671, -0.00078319572, 0.99767953, 1.3179134;
 0, 0, 0, 1]
Twc:
[0.99596447, 0.05847948, 0.068080671, -0.5997898;
 -0.058562107, 0.99828345, -0.00078319572, 0.12556575;
 -0.068009615, -0.0032069127, 0.99767953, -1.2799511;
 0, 0, 0, 1]
Ow:
[0.51767373;
 -0.0943795;
 1.3179134]
Keyframe: 54 Frame: 232 Frame from vFrameID : 233
Tcw:
[0.99547535, -0.078124888, -0.054086339, 0.5186916;
 0.07741604, 0.99688476, -0.01508243, -0.095028825;
 0.055096161, 0.010827038, 0.99842232, 1.3490248;
 0, 0, 0, 1]
Twc:
[0.99547535, 0.07741604, 0.055096161, -0.583314;
 -0.078124888, 0.99688476, 0.010827038, 0.12064958;
 -0.054086339, -0.01508243, 0.99842232, -1.3202757;
 0, 0, 0, 1]
Ow:
[0.5186916;
 -0.095028825;
 1.3490248]
Keyframe: 55 Frame: 236 Frame from vFrameID : 237
Tcw:
[0.99546719, -0.086234704, -0.040107388, 0.52356619;
 0.0852791, 0.99604446, -0.024959289, -0.10147443;
 0.042101096, 0.021425832, 0.99888361, 1.3789577;
 0, 0, 0, 1]
Twc:
[0.99546719, 0.0852791, 0.042101096, -0.57059503;
 -0.086234704, 0.99604446, 0.021425832, 0.11667731;
 -0.040107388, -0.024959289, 0.99888361, -1.3589522;
 0, 0, 0, 1]
Ow:
[0.52356619;
 -0.10147443;
 1.3789577]
Keyframe: 56 Frame: 240 Frame from vFrameID : 241
Tcw:
[0.99472624, -0.097746909, -0.031068545, 0.52606809;
 0.097556286, 0.99520099, -0.0075968341, -0.10105459;
 0.031662013, 0.004525838, 0.99948841, 1.4051286;
 0, 0, 0, 1]
Twc:
[0.99472624, 0.097556286, 0.031662013, -0.55792445;
 -0.097746909, 0.99520099, 0.004525838, 0.14563179;
 -0.031068545, -0.0075968341, 0.99948841, -1.3888332;
 0, 0, 0, 1]
Ow:
[0.52606809;
 -0.10105459;
 1.4051286]
Keyframe: 57 Frame: 243 Frame from vFrameID : 244
Tcw:
[0.99468786, -0.093935825, -0.042096563, 0.53307426;
 0.094568484, 0.99542958, 0.01329373, -0.10063074;
 0.040655404, -0.017204119, 0.99902511, 1.4260591;
 0, 0, 0, 1]
Twc:
[0.99468786, 0.094568484, 0.040655404, -0.57870299;
 -0.093935825, 0.99542958, -0.017204119, 0.17477968;
 -0.042096563, 0.01329373, 0.99902511, -1.4008905;
 0, 0, 0, 1]
Ow:
[0.53307426;
 -0.10063074;
 1.4260591]
Keyframe: 58 Frame: 247 Frame from vFrameID : 248
Tcw:
[0.99332696, -0.084957816, -0.077997893, 0.54865849;
 0.085187696, 0.99636483, -0.00038128663, -0.098632991;
 0.077746749, -0.0062657185, 0.99695343, 1.4647664;
 0, 0, 0, 1]
Twc:
[0.99332696, 0.085187696, 0.077746749, -0.6504758;
 -0.084957816, 0.99636483, -0.0062657185, 0.15406507;
 -0.077997893, -0.00038128663, 0.99695343, -1.4175473;
 0, 0, 0, 1]
Ow:
[0.54865849;
 -0.098632991;
 1.4647664]
Keyframe: 59 Frame: 250 Frame from vFrameID : 251
Tcw:
[0.99389571, -0.056404203, -0.094815195, 0.57184857;
 0.057402994, 0.99832034, 0.0078376289, -0.10122994;
 0.094213858, -0.013232462, 0.99546403, 1.4962404;
 0, 0, 0, 1]
Twc:
[0.99389571, 0.057402994, 0.094213858, -0.7035135;
 -0.056404203, 0.99832034, -0.013232462, 0.15311351;
 -0.094815195, 0.0078376289, 0.99546403, -1.4344401;
 0, 0, 0, 1]
Ow:
[0.57184857;
 -0.10122994;
 1.4962404]
Keyframe: 60 Frame: 253 Frame from vFrameID : 254
Tcw:
[0.99338377, -0.065651946, -0.094226167, 0.57787424;
 0.065268569, 0.99784213, -0.0071481257, -0.10319214;
 0.09449213, 0.00095082453, 0.99552518, 1.5090888;
 0, 0, 0, 1]
Twc:
[0.99338377, 0.065268569, 0.09449213, -0.70991266;
 -0.065651946, 0.99784213, 0.00095082453, 0.13947314;
 -0.094226167, -0.0071481257, 0.99552518, -1.4486226;
 0, 0, 0, 1]
Ow:
[0.57787424;
 -0.10319214;
 1.5090888]
Keyframe: 61 Frame: 257 Frame from vFrameID : 258
Tcw:
[0.99507678, -0.042666484, -0.089452952, 0.59533471;
 0.042839985, 0.99908197, 1.9668074e-05, -0.10683876;
 0.08936999, -0.0038517343, 0.99599105, 1.5352629;
 0, 0, 0, 1]
Twc:
[0.99507678, 0.042839985, 0.08936999, -0.72503316;
 -0.042666484, 0.99908197, -0.0038517343, 0.13805494;
 -0.089452952, 1.9668074e-05, 0.99599105, -1.4758515;
 0, 0, 0, 1]
Ow:
[0.59533471;
 -0.10683876;
 1.5352629]
Keyframe: 62 Frame: 260 Frame from vFrameID : 261
Tcw:
[0.995309, -0.054415099, -0.079994045, 0.59980291;
 0.054049511, 0.99851561, -0.0067300014, -0.10534431;
 0.080241516, 0.002374792, 0.99677265, 1.5621165;
 0, 0, 0, 1]
Twc:
[0.995309, 0.054049511, 0.080241516, -0.71664196;
 -0.054415099, 0.99851561, 0.002374792, 0.13411656;
 -0.079994045, -0.0067300014, 0.99677265, -1.5098033;
 0, 0, 0, 1]
Ow:
[0.59980291;
 -0.10534431;
 1.5621165]
Keyframe: 63 Frame: 264 Frame from vFrameID : 265
Tcw:
[0.99574876, -0.061930608, -0.068183675, 0.60283458;
 0.061028957, 0.99801981, -0.015230355, -0.10771887;
 0.068991885, 0.011004428, 0.99755651, 1.5974207;
 0, 0, 0, 1]
Twc:
[0.99574876, 0.061028957, 0.068991885, -0.70390683;
 -0.061930608, 0.99801981, 0.011004428, 0.12726076;
 -0.068183675, -0.015230355, 0.99755651, -1.5540545;
 0, 0, 0, 1]
Ow:
[0.60283458;
 -0.10771887;
 1.5974207]
Keyframe: 64 Frame: 268 Frame from vFrameID : 269
Tcw:
[0.99550253, -0.073586933, -0.059662946, 0.61609221;
 0.072451428, 0.99715126, -0.020979991, -0.10339497;
 0.061036836, 0.016562968, 0.99799806, 1.6358192;
 0, 0, 0, 1]
Twc:
[0.99550253, 0.072451428, 0.061036836, -0.70567548;
 -0.073586933, 0.99715126, 0.016562968, 0.12134275;
 -0.059662946, -0.020979991, 0.99799806, -1.5979558;
 0, 0, 0, 1]
Ow:
[0.61609221;
 -0.10339497;
 1.6358192]
Keyframe: 65 Frame: 272 Frame from vFrameID : 273
Tcw:
[0.99506503, -0.088926062, -0.044019446, 0.62329644;
 0.088478431, 0.99600559, -0.012018782, -0.11061264;
 0.044912398, 0.0080646984, 0.99895835, 1.6646354;
 0, 0, 0, 1]
Twc:
[0.99506503, 0.088478431, 0.044912398, -0.68519646;
 -0.088926062, 0.99600559, 0.0080646984, 0.15217333;
 -0.044019446, -0.012018782, 0.99895835, -1.6367937;
 0, 0, 0, 1]
Ow:
[0.62329644;
 -0.11061264;
 1.6646354]
Keyframe: 66 Frame: 275 Frame from vFrameID : 276
Tcw:
[0.99601078, -0.079304218, -0.04090704, 0.63132936;
 0.079127632, 0.99684691, -0.0059204893, -0.11087012;
 0.041247576, 0.0026599937, 0.99914539, 1.6867702;
 0, 0, 0, 1]
Twc:
[0.99601078, 0.079127632, 0.041247576, -0.6896131;
 -0.079304218, 0.99684691, 0.0026599937, 0.15610082;
 -0.04090704, -0.0059204893, 0.99914539, -1.6601593;
 0, 0, 0, 1]
Ow:
[0.63132936;
 -0.11087012;
 1.6867702]
Keyframe: 67 Frame: 279 Frame from vFrameID : 280
Tcw:
[0.99562669, -0.072329082, -0.059126724, 0.64592844;
 0.071237482, 0.99725139, -0.02036877, -0.11394259;
 0.060437463, 0.016067652, 0.99804264, 1.7180536;
 0, 0, 0, 1]
Twc:
[0.99562669, 0.071237482, 0.060437463, -0.73882145;
 -0.072329082, 0.99725139, 0.016067652, 0.13274373;
 -0.059126724, -0.02036877, 0.99804264, -1.67882;
 0, 0, 0, 1]
Ow:
[0.64592844;
 -0.11394259;
 1.7180536]
Keyframe: 68 Frame: 283 Frame from vFrameID : 284
Tcw:
[0.99492925, -0.060574364, -0.080290049, 0.66723573;
 0.05857224, 0.99791628, -0.027063221, -0.11752896;
 0.081762083, 0.022223221, 0.99640405, 1.7493398;
 0, 0, 0, 1]
Twc:
[0.99492925, 0.05857224, 0.081762083, -0.79999804;
 -0.060574364, 0.99791628, 0.022223221, 0.11882547;
 -0.080290049, -0.027063221, 0.99640405, -1.6926577;
 0, 0, 0, 1]
Ow:
[0.66723573;
 -0.11752896;
 1.7493398]
Keyframe: 69 Frame: 287 Frame from vFrameID : 288
Tcw:
[0.99425638, -0.064356901, -0.08551307, 0.68164104;
 0.061991848, 0.9976247, -0.030033339, -0.12270642;
 0.087242804, 0.024559725, 0.9958843, 1.7789237;
 0, 0, 0, 1]
Twc:
[0.99425638, 0.061991848, 0.087242804, -0.82531738;
 -0.064356901, 0.9976247, 0.024559725, 0.12259338;
 -0.08551307, -0.030033339, 0.9958843, -1.7169982;
 0, 0, 0, 1]
Ow:
[0.68164104;
 -0.12270642;
 1.7789237]
Keyframe: 70 Frame: 290 Frame from vFrameID : 291
Tcw:
[0.99508739, -0.055230185, -0.082162842, 0.68999028;
 0.054064907, 0.99840367, -0.016342105, -0.1241748;
 0.082934268, 0.011819697, 0.99648494, 1.7986878;
 0, 0, 0, 1]
Twc:
[0.99508739, 0.054064907, 0.082934268, -0.8290599;
 -0.055230185, 0.99840367, 0.011819697, 0.14082493;
 -0.082162842, -0.016342105, 0.99648494, -1.737703;
 0, 0, 0, 1]
Ow:
[0.68999028;
 -0.1241748;
 1.7986878]
Keyframe: 71 Frame: 293 Frame from vFrameID : 294
Tcw:
[0.99484384, -0.064891361, -0.077941418, 0.69323546;
 0.063193418, 0.99771124, -0.024059791, -0.12421857;
 0.079324298, 0.01901035, 0.99666756, 1.8206632;
 0, 0, 0, 1]
Twc:
[0.99484384, 0.063193418, 0.079324298, -0.82623404;
 -0.064891361, 0.99771124, 0.01901035, 0.1343078;
 -0.077941418, -0.024059791, 0.99666756, -1.7635529;
 0, 0, 0, 1]
Ow:
[0.69323546;
 -0.12421857;
 1.8206632]
Keyframe: 72 Frame: 297 Frame from vFrameID : 298
Tcw:
[0.9957307, -0.058800265, -0.071154319, 0.70174938;
 0.056162544, 0.99767822, -0.038521562, -0.12532738;
 0.07325419, 0.034360897, 0.99672121, 1.8533988;
 0, 0, 0, 1]
Twc:
[0.9957307, 0.056162544, 0.07325419, -0.82748389;
 -0.058800265, 0.99767822, 0.034360897, 0.10261501;
 -0.071154319, -0.038521562, 0.99672121, -1.8022171;
 0, 0, 0, 1]
Ow:
[0.70174938;
 -0.12532738;
 1.8533988]
Keyframe: 73 Frame: 301 Frame from vFrameID : 302
Tcw:
[0.99724889, -0.054190602, -0.050577514, 0.71638161;
 0.050890788, 0.99662596, -0.064395852, -0.12344048;
 0.053896513, 0.061644759, 0.99664193, 1.8906888;
 0, 0, 0, 1]
Twc:
[0.99724889, 0.050890788, 0.053896513, -0.81003028;
 -0.054190602, 0.99662596, 0.061644759, 0.045294087;
 -0.050577514, -0.064395852, 0.99664193, -1.8560559;
 0, 0, 0, 1]
Ow:
[0.71638161;
 -0.12344048;
 1.8906888]
Keyframe: 74 Frame: 304 Frame from vFrameID : 305
Tcw:
[0.99731004, -0.058480527, -0.044189334, 0.7168982;
 0.057086121, 0.9978503, -0.032185376, -0.1235352;
 0.045976561, 0.029576201, 0.99850458, 1.921593;
 0, 0, 0, 1]
Twc:
[0.99731004, 0.057086121, 0.045976561, -0.79626584;
 -0.058480527, 0.9978503, 0.029576201, 0.1083608;
 -0.044189334, -0.032185376, 0.99850458, -1.8910161;
 0, 0, 0, 1]
Ow:
[0.7168982;
 -0.1235352;
 1.921593]
Keyframe: 75 Frame: 308 Frame from vFrameID : 309
Tcw:
[0.99614316, -0.065274484, -0.058635149, 0.72459459;
 0.063289031, 0.99737763, -0.035104852, -0.12396871;
 0.060772836, 0.031258497, 0.99766207, 1.9533505;
 0, 0, 0, 1]
Twc:
[0.99614316, 0.063289031, 0.060772836, -0.83266467;
 -0.065274484, 0.99737763, 0.031258497, 0.10988235;
 -0.058635149, -0.035104852, 0.99766207, -1.9106489;
 0, 0, 0, 1]
Ow:
[0.72459459;
 -0.12396871;
 1.9533505]
Keyframe: 76 Frame: 312 Frame from vFrameID : 313
Tcw:
[0.99450427, -0.056115106, -0.088387787, 0.74207652;
 0.054293659, 0.99826282, -0.022880426, -0.12388459;
 0.089518182, 0.017955784, 0.99582332, 1.9850811;
 0, 0, 0, 1]
Twc:
[0.99450427, 0.054293659, 0.089518182, -0.90897292;
 -0.056115106, 0.99826282, 0.017955784, 0.1296674;
 -0.088387787, -0.022880426, 0.99582332, -1.914034;
 0, 0, 0, 1]
Ow:
[0.74207652;
 -0.12388459;
 1.9850811]
Keyframe: 77 Frame: 316 Frame from vFrameID : 317
Tcw:
[0.99292874, -0.050340764, -0.1075094, 0.75458503;
 0.047507554, 0.9984569, -0.028755303, -0.13059136;
 0.10879107, 0.023444459, 0.99378812, 2.0152562;
 0, 0, 0, 1]
Twc:
[0.99292874, 0.047507554, 0.10879107, -0.96228707;
 -0.050340764, 0.9984569, 0.023444459, 0.12112965;
 -0.1075094, -0.028755303, 0.99378812, -1.925368;
 0, 0, 0, 1]
Ow:
[0.75458503;
 -0.13059136;
 2.0152562]
Keyframe: 78 Frame: 320 Frame from vFrameID : 321
Tcw:
[0.99234462, -0.050712116, -0.1126077, 0.7656824;
 0.048898779, 0.99862665, -0.018808953, -0.13627012;
 0.11340689, 0.013158583, 0.99346149, 2.0477421;
 0, 0, 0, 1]
Twc:
[0.99234462, 0.048898779, 0.11340689, -0.98538542;
 -0.050712116, 0.99862665, 0.013158583, 0.14796695;
 -0.1126077, -0.018808953, 0.99346149, -1.9506944;
 0, 0, 0, 1]
Ow:
[0.7656824;
 -0.13627012;
 2.0477421]
Keyframe: 79 Frame: 323 Frame from vFrameID : 324
Tcw:
[0.99309307, -0.049237683, -0.10649782, 0.77339756;
 0.047436859, 0.99868625, -0.019378614, -0.13706346;
 0.10731208, 0.014192844, 0.99412405, 2.06986;
 0, 0, 0, 1]
Twc:
[0.99309307, 0.047436859, 0.10731208, -0.98367482;
 -0.049237683, 0.99868625, 0.014192844, 0.14558649;
 -0.10649782, -0.019378614, 0.99412405, -1.9779886;
 0, 0, 0, 1]
Ow:
[0.77339756;
 -0.13706346;
 2.06986]
Keyframe: 80 Frame: 327 Frame from vFrameID : 328
Tcw:
[0.99429911, -0.053854294, -0.092027411, 0.78100407;
 0.050088428, 0.99782926, -0.042753723, -0.13505848;
 0.094130114, 0.037900478, 0.99483824, 2.1104038;
 0, 0, 0, 1]
Twc:
[0.99429911, 0.050088428, 0.094130114, -0.96843928;
 -0.053854294, 0.99782926, 0.037900478, 0.096840419;
 -0.092027411, -0.042753723, 0.99483824, -2.0334108;
 0, 0, 0, 1]
Ow:
[0.78100407;
 -0.13505848;
 2.1104038]
Keyframe: 81 Frame: 331 Frame from vFrameID : 332
Tcw:
[0.99297565, -0.058375586, -0.10291579, 0.78270799;
 0.054165483, 0.99759525, -0.043241207, -0.13799034;
 0.10519253, 0.037362982, 0.99374974, 2.141906;
 0, 0, 0, 1]
Twc:
[0.99297565, 0.054165483, 0.10519253, -0.99504817;
 -0.058375586, 0.99759525, 0.037362982, 0.10332154;
 -0.10291579, -0.043241207, 0.99374974, -2.0539324;
 0, 0, 0, 1]
Ow:
[0.78270799;
 -0.13799034;
 2.141906]
Keyframe: 82 Frame: 334 Frame from vFrameID : 335
Tcw:
[0.99378282, -0.061241221, -0.092979707, 0.79144168;
 0.059257507, 0.99795538, -0.023950495, -0.14308913;
 0.094256356, 0.018291844, 0.99537992, 2.1634991;
 0, 0, 0, 1]
Twc:
[0.99378282, 0.059257507, 0.094256356, -0.9819656;
 -0.061241221, 0.99795538, 0.018291844, 0.15169103;
 -0.092979707, -0.023950495, 0.99537992, -2.0833426;
 0, 0, 0, 1]
Ow:
[0.79144168;
 -0.14308913;
 2.1634991]
Keyframe: 83 Frame: 338 Frame from vFrameID : 339
Tcw:
[0.99529439, -0.061823551, -0.074612193, 0.79693192;
 0.060915045, 0.99803919, -0.014393408, -0.14840652;
 0.075355746, 0.0097806724, 0.99710876, 2.1871841;
 0, 0, 0, 1]
Twc:
[0.99529439, 0.060915045, 0.075355746, -0.94895852;
 -0.061823551, 0.99803919, 0.0097806724, 0.17599255;
 -0.074612193, -0.014393408, 0.99710876, -2.1235356;
 0, 0, 0, 1]
Ow:
[0.79693192;
 -0.14840652;
 2.1871841]
Keyframe: 84 Frame: 342 Frame from vFrameID : 343
Tcw:
[0.99511939, -0.053653236, -0.082817182, 0.81092292;
 0.051307108, 0.99822611, -0.030203419, -0.14887117;
 0.08429078, 0.025806898, 0.99610698, 2.2209902;
 0, 0, 0, 1]
Twc:
[0.99511939, 0.051307108, 0.08429078, -0.98653609;
 -0.053653236, 0.99822611, 0.025806898, 0.13479885;
 -0.082817182, -0.030203419, 0.99610698, -2.1496818;
 0, 0, 0, 1]
Ow:
[0.81092292;
 -0.14887117;
 2.2209902]
Keyframe: 85 Frame: 346 Frame from vFrameID : 347
Tcw:
[0.99403989, -0.039785802, -0.10149775, 0.83630854;
 0.036449436, 0.99873918, -0.034517501, -0.14966875;
 0.10274309, 0.030612236, 0.99423677, 2.2529457;
 0, 0, 0, 1]
Twc:
[0.99403989, 0.036449436, 0.10274309, -1.0573432;
 -0.039785802, 0.99873918, 0.030612236, 0.11378555;
 -0.10149775, -0.034517501, 0.99423677, -2.1602442;
 0, 0, 0, 1]
Ow:
[0.83630854;
 -0.14966875;
 2.2529457]
Keyframe: 86 Frame: 350 Frame from vFrameID : 351
Tcw:
[0.99401367, -0.036506046, -0.10297631, 0.84173286;
 0.034118328, 0.99910867, -0.024854483, -0.15525006;
 0.10379186, 0.021192316, 0.99437326, 2.2778387;
 0, 0, 0, 1]
Twc:
[0.99401367, 0.034118328, 0.10379186, -1.0678183;
 -0.036506046, 0.99910867, 0.021192316, 0.13756736;
 -0.10297631, -0.024854483, 0.99437326, -2.1822021;
 0, 0, 0, 1]
Ow:
[0.84173286;
 -0.15525006;
 2.2778387]
Keyframe: 87 Frame: 354 Frame from vFrameID : 355
Tcw:
[0.99415368, -0.02749227, -0.10441598, 0.85020179;
 0.026799586, 0.99960858, -0.0080313757, -0.15653677;
 0.10459591, 0.0051861168, 0.99450129, 2.3022742;
 0, 0, 0, 1]
Twc:
[0.99415368, 0.026799586, 0.10459591, -1.0818444;
 -0.02749227, 0.99960858, 0.0051861168, 0.16790961;
 -0.10441598, -0.0080313757, 0.99450129, -2.2020974;
 0, 0, 0, 1]
Ow:
[0.85020179;
 -0.15653677;
 2.3022742]
Keyframe: 88 Frame: 358 Frame from vFrameID : 359
Tcw:
[0.99575078, -0.034874253, -0.085230075, 0.85133868;
 0.033038594, 0.99919271, -0.02285457, -0.15629821;
 0.085958309, 0.019941574, 0.99609911, 2.3297324;
 0, 0, 0, 1]
Twc:
[0.99575078, 0.033038594, 0.085958309, -1.0428171;
 -0.034874253, 0.99919271, 0.019941574, 0.1394033;
 -0.085230075, -0.02285457, 0.99609911, -2.2516568;
 0, 0, 0, 1]
Ow:
[0.85133868;
 -0.15629821;
 2.3297324]
Keyframe: 89 Frame: 362 Frame from vFrameID : 363
Tcw:
[0.99640912, -0.055116616, -0.064273044, 0.85176438;
 0.052386455, 0.99768263, -0.043417092, -0.15988109;
 0.0665171, 0.039894149, 0.9969874, 2.36112;
 0, 0, 0, 1]
Twc:
[0.99640912, 0.052386455, 0.0665171, -0.99738503;
 -0.055116616, 0.99768263, 0.039894149, 0.11226206;
 -0.064273044, -0.043417092, 0.9969874, -2.3062031;
 0, 0, 0, 1]
Ow:
[0.85176438;
 -0.15988109;
 2.36112]
Keyframe: 90 Frame: 366 Frame from vFrameID : 367
Tcw:
[0.9967646, -0.069966935, -0.039559193, 0.85065889;
 0.068451159, 0.99691308, -0.038455166, -0.15709302;
