Keyframe: 0 Frame: 0 Frame from vFrameID : 6
Tcw:
[1, 0, 0, 0;
 0, 1, 0, 0;
 0, 0, 1, 0;
 0, 0, 0, 1]
Twc:
[1, 0, 0, 0;
 0, 1, 0, 0;
 0, 0, 1, 0;
 0, 0, 0, 1]
Ow:
[0;
 0;
 0]
Keyframe: 1 Frame: 5 Frame from vFrameID : 6
Tcw:
[0.99980307, -0.015562843, 0.012315612, -0.027941361;
 0.015491131, 0.99986261, 0.0058969399, 0.0016453757;
 -0.012405694, -0.0057049957, 0.99990678, -0.0043902043;
 0, 0, 0, 1]
Twc:
[0.99980307, 0.015491131, -0.012405694, 0.027855905;
 -0.015562843, 0.99986261, -0.0057049957, -0.0021050428;
 0.012315612, 0.0058969399, 0.99990678, 0.0047242073;
 0, 0, 0, 1]
Ow:
[-0.027941361;
 0.0016453757;
 -0.0043902043]
Keyframe: 2 Frame: 7 Frame from vFrameID : 8
Tcw:
[0.99976683, -0.014341052, 0.016144499, -0.028049432;
 0.014269673, 0.99988794, 0.004527803, 0.0014340167;
 -0.016207622, -0.0042963703, 0.99985939, -0.0048226761;
 0, 0, 0, 1]
Twc:
[0.99976683, 0.014269673, -0.016207622, 0.027944265;
 -0.014341052, 0.99988794, -0.0042963703, -0.0018568344;
 0.016144499, 0.004527803, 0.99985939, 0.0052683493;
 0, 0, 0, 1]
Ow:
[-0.028049432;
 0.0014340167;
 -0.0048226761]
Keyframe: 3 Frame: 9 Frame from vFrameID : 10
Tcw:
[0.9997521, -0.014398511, 0.016982632, -0.028565776;
 0.01431938, 0.9998861, 0.0047719204, 0.0015657587;
 -0.017049406, -0.0045275567, 0.99984437, -0.0045551443;
 0, 0, 0, 1]
Twc:
[0.9997521, 0.01431938, -0.017049406, 0.02845861;
 -0.014398511, 0.9998861, -0.0045275567, -0.0019975086;
 0.016982632, 0.0047719204, 0.99984437, 0.0050320863;
 0, 0, 0, 1]
Ow:
[-0.028565776;
 0.0015657587;
 -0.0045551443]
Keyframe: 4 Frame: 11 Frame from vFrameID : 12
Tcw:
[0.99971539, -0.015750691, 0.017919641, -0.029722726;
 0.015673222, 0.99986726, 0.0044554798, 0.00170126;
 -0.017987439, -0.0041733528, 0.99982953, -0.0049917754;
 0, 0, 0, 1]
Twc:
[0.99971539, 0.015673222, -0.017987439, 0.029597811;
 -0.015750691, 0.99986726, -0.0041733528, -0.0021900202;
 0.017919641, 0.0044554798, 0.99982953, 0.0055159647;
 0, 0, 0, 1]
Ow:
[-0.029722726;
 0.00170126;
 -0.0049917754]
Keyframe: 5 Frame: 13 Frame from vFrameID : 14
Tcw:
[0.99968171, -0.016200937, 0.019339535, -0.029654576;
 0.016109614, 0.99985838, 0.0048686583, 0.0017883452;
 -0.019415675, -0.004555556, 0.9998011, -0.0054075639;
 0, 0, 0, 1]
Twc:
[0.99968171, 0.016109614, -0.019415675, 0.029511336;
 -0.016200937, 0.99985838, -0.004555556, -0.0022931583;
 0.019339535, 0.0048686583, 0.9998011, 0.0059712878;
 0, 0, 0, 1]
Ow:
[-0.029654576;
 0.0017883452;
 -0.0054075639]
Keyframe: 6 Frame: 15 Frame from vFrameID : 16
Tcw:
[0.99959892, -0.016958782, 0.022680223, -0.029789982;
 0.016811788, 0.9998365, 0.0066562123, 0.0016141828;
 -0.022789396, -0.0062722475, 0.99972063, -0.005457981;
 0, 0, 0, 1]
Twc:
[0.99959892, 0.016811788, -0.022789396, 0.029626511;
 -0.016958782, 0.9998365, -0.0062722475, -0.0021533545;
 0.022680223, 0.0066562123, 0.99972063, 0.0061213546;
 0, 0, 0, 1]
Ow:
[-0.029789982;
 0.0016141828;
 -0.005457981]
Keyframe: 7 Frame: 17 Frame from vFrameID : 18
Tcw:
[0.9995532, -0.016371911, 0.025007606, -0.029895535;
 0.016211769, 0.99984682, 0.0065931636, 0.0017386103;
 -0.025111718, -0.0061848005, 0.9996655, -0.0055229915;
 0, 0, 0, 1]
Twc:
[0.9995532, 0.016211769, -0.025111718, 0.029715298;
 -0.016371911, 0.99984682, -0.0061848005, -0.0022619497;
 0.025007606, 0.0065931636, 0.9996655, 0.006257297;
 0, 0, 0, 1]
Ow:
[-0.029895535;
 0.0017386103;
 -0.0055229915]
Keyframe: 8 Frame: 19 Frame from vFrameID : 20
Tcw:
[0.99953938, -0.015876191, 0.025865575, -0.030173121;
 0.015782295, 0.99986809, 0.003830214, 0.0020008252;
 -0.025922973, -0.0034202314, 0.99965811, -0.0058445334;
 0, 0, 0, 1]
Twc:
[0.99953938, 0.015782295, -0.025922973, 0.029976137;
 -0.015876191, 0.99986809, -0.0034202314, -0.0024995853;
 0.025865575, 0.003830214, 0.99965811, 0.0066153165;
 0, 0, 0, 1]
Ow:
[-0.030173121;
 0.0020008252;
 -0.0058445334]
Keyframe: 9 Frame: 21 Frame from vFrameID : 22
Tcw:
[0.99955958, -0.015049745, 0.025576999, -0.030408168;
 0.014985728, 0.99988407, 0.0026927595, 0.0020431101;
 -0.02561456, -0.0023082835, 0.99966925, -0.0059518646;
 0, 0, 0, 1]
Twc:
[0.99955958, 0.014985728, -0.02561456, 0.030211702;
 -0.015049745, 0.99988407, -0.0023082835, -0.0025142471;
 0.025576999, 0.0026927595, 0.99966925, 0.0067221439;
 0, 0, 0, 1]
Ow:
[-0.030408168;
 0.0020431101;
 -0.0059518646]
Keyframe: 10 Frame: 23 Frame from vFrameID : 24
Tcw:
[0.99955779, -0.015166258, 0.025576271, -0.03036203;
 0.015185666, 0.99988455, -0.00056478014, 0.0012486656;
 -0.025564751, 0.00095292309, 0.99967271, -0.0065044141;
 0, 0, 0, 1]
Twc:
[0.99955779, 0.015185666, -0.025564751, 0.030163361;
 -0.015166258, 0.99988455, 0.00095292309, -0.0017028017;
 0.025576271, -0.00056478014, 0.99967271, 0.0072795381;
 0, 0, 0, 1]
Ow:
[-0.03036203;
 0.0012486656;
 -0.0065044141]
Keyframe: 11 Frame: 25 Frame from vFrameID : 26
Tcw:
[0.99956083, -0.014825728, 0.025658874, -0.028610663;
 0.014906676, 0.99988449, -0.0029663628, 0.0011733952;
 -0.025611931, 0.0033475484, 0.99966633, -0.0076316963;
 0, 0, 0, 1]
Twc:
[0.99956083, 0.014906676, -0.025611931, 0.028385146;
 -0.014825728, 0.99988449, 0.0033475484, -0.0015718861;
 0.025658874, -0.0029663628, 0.99966633, 0.0083667487;
 0, 0, 0, 1]
Ow:
[-0.028610663;
 0.0011733952;
 -0.0076316963]
Keyframe: 12 Frame: 27 Frame from vFrameID : 28
Tcw:
[0.99960375, -0.012772156, 0.025083408, -0.026754914;
 0.012872161, 0.99990982, -0.0038294997, 0.001616318;
 -0.025032235, 0.00415086, 0.99967802, -0.0093327975;
 0, 0, 0, 1]
Twc:
[0.99960375, 0.012872161, -0.025032235, 0.026489886;
 -0.012772156, 0.99990982, 0.00415086, -0.0019191511;
 0.025083408, -0.0038294997, 0.99967802, 0.010007087;
 0, 0, 0, 1]
Ow:
[-0.026754914;
 0.001616318;
 -0.0093327975]
Keyframe: 13 Frame: 29 Frame from vFrameID : 30
Tcw:
[0.99966174, -0.011222347, 0.02346253, -0.026300671;
 0.011293033, 0.99993205, -0.0028824101, 0.0014972269;
 -0.023428589, 0.0031463983, 0.99972057, -0.0089820987;
 0, 0, 0, 1]
Twc:
[0.99966174, 0.011293033, -0.023428589, 0.026064428;
 -0.011222347, 0.99993205, 0.0031463983, -0.0017640193;
 0.02346253, -0.0028824101, 0.99972057, 0.0096009849;
 0, 0, 0, 1]
Ow:
[-0.026300671;
 0.0014972269;
 -0.0089820987]
Keyframe: 14 Frame: 31 Frame from vFrameID : 32
Tcw:
[0.9998861, -0.0086393515, 0.012374074, -0.02273082;
 0.008646138, 0.99996251, -0.00049507286, 0.0018421503;
 -0.012369333, 0.00060200441, 0.99992329, -0.010588392;
 0, 0, 0, 1]
Twc:
[0.9998861, 0.008646138, -0.012369333, 0.022581333;
 -0.0086393515, 0.99996251, 0.00060200441, -0.0020320865;
 0.012374074, -0.00049507286, 0.99992329, 0.010869765;
 0, 0, 0, 1]
Ow:
[-0.02273082;
 0.0018421503;
 -0.010588392]
Keyframe: 15 Frame: 34 Frame from vFrameID : 35
Tcw:
[0.9999882, -0.0045762495, 0.0016210432, -0.018716013;
 0.0045728628, 0.99998736, 0.0020867838, 0.0025818401;
 -0.0016305724, -0.0020793465, 0.99999648, -0.012833497;
 0, 0, 0, 1]
Twc:
[0.9999882, 0.0045728628, -0.0016305724, 0.018683059;
 -0.0045762495, 0.99998736, -0.0020793465, -0.0026941421;
 0.0016210432, 0.0020867838, 0.99999648, 0.012858404;
 0, 0, 0, 1]
Ow:
[-0.018716013;
 0.0025818401;
 -0.012833497]
Keyframe: 16 Frame: 37 Frame from vFrameID : 38
Tcw:
[0.99998939, -0.0043819472, -0.0014047603, -0.013619246;
 0.0044045127, 0.99985445, 0.016484758, 0.0029722778;
 0.0013323204, -0.016490771, 0.99986315, -0.016037943;
 0, 0, 0, 1]
Twc:
[0.99998939, 0.0044045127, 0.0013323204, 0.013627378;
 -0.0043819472, 0.99985445, -0.016490771, -0.0032960018;
 -0.0014047603, 0.016484758, 0.99986315, 0.015967619;
 0, 0, 0, 1]
Ow:
[-0.013619246;
 0.0029722778;
 -0.016037943]
Keyframe: 17 Frame: 41 Frame from vFrameID : 42
Tcw:
[0.99990487, -0.0034698856, -0.013347919, -0.010791041;
 0.0038052532, 0.99967563, 0.02518229, 0.003151126;
 0.01325621, -0.025230687, 0.99959373, -0.017119443;
 0, 0, 0, 1]
Twc:
[0.99990487, 0.0038052532, 0.01325621, 0.011004963;
 -0.0034698856, 0.99967563, -0.025230687, -0.0036194827;
 -0.013347919, 0.02518229, 0.99959373, 0.016889099;
 0, 0, 0, 1]
Ow:
[-0.010791041;
 0.003151126;
 -0.017119443]
Keyframe: 18 Frame: 44 Frame from vFrameID : 45
Tcw:
[0.9995541, -0.0029135328, -0.029716898, -0.011382069;
 0.0038414428, 0.99950528, 0.031215865, 0.0028847978;
 0.029611247, -0.031316102, 0.99907082, -0.020244922;
 0, 0, 0, 1]
Twc:
[0.9995541, 0.0038414428, 0.029611247, 0.011965389;
 -0.0029135328, 0.99950528, -0.031316102, -0.0035505246;
 -0.029716898, 0.031215865, 0.99907082, 0.019797819;
 0, 0, 0, 1]
Ow:
[-0.011382069;
 0.0028847978;
 -0.020244922]
Keyframe: 19 Frame: 48 Frame from vFrameID : 49
Tcw:
[0.99849093, -0.018466048, -0.051719692, -0.01149457;
 0.019929271, 0.99941146, 0.027920054, 0.0028440771;
 0.05117368, -0.028908655, 0.99827129, -0.019845231;
 0, 0, 0, 1]
Twc:
[0.99849093, 0.019929271, 0.05117368, 0.012436097;
 -0.018466048, 0.99941146, -0.028908655, -0.0036283617;
 -0.051719692, 0.027920054, 0.99827129, 0.019137021;
 0, 0, 0, 1]
Ow:
[-0.01149457;
 0.0028440771;
 -0.019845231]
Keyframe: 20 Frame: 51 Frame from vFrameID : 52
Tcw:
[0.99910659, -0.017834226, -0.038314428, -0.014793798;
 0.01834221, 0.99974793, 0.012947902, 0.0016842054;
 0.038073853, -0.013639105, 0.99918187, -0.017794261;
 0, 0, 0, 1]
Twc:
[0.99910659, 0.01834221, 0.038073853, 0.015427185;
 -0.017834226, 0.99974793, -0.013639105, -0.0021903145;
 -0.038314428, 0.012947902, 0.99918187, 0.017191079;
 0, 0, 0, 1]
Ow:
[-0.014793798;
 0.0016842054;
 -0.017794261]
Keyframe: 21 Frame: 54 Frame from vFrameID : 55
Tcw:
[0.99934012, -0.019418092, -0.030696684, -0.017612277;
 0.019610366, 0.99978983, 0.0059750383, 0.0017843099;
 0.03057421, -0.0065730684, 0.99951088, -0.01650437;
 0, 0, 0, 1]
Twc:
[0.99934012, 0.019610366, 0.03057421, 0.018070271;
 -0.019418092, 0.99978983, -0.0065730684, -0.0022344161;
 -0.030696684, 0.0059750383, 0.99951088, 0.015944997;
 0, 0, 0, 1]
Ow:
[-0.017612277;
 0.0017843099;
 -0.01650437]
Keyframe: 22 Frame: 57 Frame from vFrameID : 58
Tcw:
[0.99931639, -0.023643404, -0.028420115, -0.022703441;
 0.023937311, 0.999663, 0.010046133, 0.0016476233;
 0.028173011, -0.010719567, 0.99954557, -0.01271976;
 0, 0, 0, 1]
Twc:
[0.99931639, 0.023937311, 0.028173011, 0.023006838;
 -0.023643404, 0.999663, -0.010719567, -0.0023202049;
 -0.028420115, 0.010046133, 0.99954557, 0.012052193;
 0, 0, 0, 1]
Ow:
[-0.022703441;
 0.0016476233;
 -0.01271976]
Keyframe: 23 Frame: 60 Frame from vFrameID : 61
Tcw:
[0.99885732, -0.035911165, -0.031534951, -0.025925189;
 0.036314819, 0.99926442, 0.012321912, 0.0029771503;
 0.031069262, -0.013453017, 0.99942672, -0.0073818602;
 0, 0, 0, 1]
Twc:
[0.99885732, 0.036314819, 0.031069262, 0.0260168;
 -0.035911165, 0.99926442, -0.013453017, -0.0040052724;
 -0.031534951, 0.012321912, 0.99942672, 0.006523394;
 0, 0, 0, 1]
Ow:
[-0.025925189;
 0.0029771503;
 -0.0073818602]
Keyframe: 24 Frame: 63 Frame from vFrameID : 64
Tcw:
[0.9988541, -0.04335798, -0.020262809, -0.024996193;
 0.043934867, 0.99861485, 0.028949484, 0.0035360218;
 0.018979551, -0.029806554, 0.99937546, -0.0015972174;
 0, 0, 0, 1]
Twc:
[0.9988541, 0.043934867, 0.018979551, 0.02484251;
 -0.04335798, 0.99861485, -0.029806554, -0.0046625161;
 -0.020262809, 0.028949484, 0.99937546, 0.00098736084;
 0, 0, 0, 1]
Ow:
[-0.024996193;
 0.0035360218;
 -0.0015972174]
Keyframe: 25 Frame: 66 Frame from vFrameID : 67
Tcw:
[0.99933189, -0.036143076, -0.0054226564, -0.022300288;
 0.036317475, 0.99867213, 0.036537386, 0.003393556;
 0.0040948824, -0.036709916, 0.99931759, 0.006384335;
 0, 0, 0, 1]
Twc:
[0.99933189, 0.036317475, 0.0040948824, 0.022136001;
 -0.036143076, 0.99867213, -0.036709916, -0.0039606825;
 -0.0054226564, 0.036537386, 0.99931759, -0.0066248965;
 0, 0, 0, 1]
Ow:
[-0.022300288;
 0.003393556;
 0.006384335]
Keyframe: 26 Frame: 70 Frame from vFrameID : 71
Tcw:
[0.99957591, -0.029044049, -0.002096669, -0.016334746;
 0.029082565, 0.99934423, 0.021571482, 0.0027680965;
 0.0014687709, -0.021623312, 0.9997651, 0.01657299;
 0, 0, 0, 1]
Twc:
[0.99957591, 0.029082565, 0.0014687709, 0.016222974;
 -0.029044049, 0.99934423, -0.021623312, -0.0028823456;
 -0.002096669, 0.021571482, 0.9997651, -0.016663056;
 0, 0, 0, 1]
Ow:
[-0.016334746;
 0.0027680965;
 0.01657299]
Keyframe: 27 Frame: 74 Frame from vFrameID : 75
Tcw:
[0.99949878, -0.03078125, 0.0073950621, -0.0046414565;
 0.030648608, 0.99937832, 0.017426219, 0.0027650364;
 -0.0079268655, -0.017190836, 0.99982083, 0.025546763;
 0, 0, 0, 1]
Twc:
[0.99949878, 0.030648608, -0.0079268655, 0.0047568916;
 -0.03078125, 0.99937832, -0.017190836, -0.0024670169;
 0.0073950621, 0.017426219, 0.99982083, -0.025556045;
 0, 0, 0, 1]
Ow:
[-0.0046414565;
 0.0027650364;
 0.025546763]
Keyframe: 28 Frame: 78 Frame from vFrameID : 79
Tcw:
[0.99981195, -0.00076688529, 0.019378377, 0.0050753648;
 0.00061060139, 0.99996728, 0.0080694901, -0.00020972622;
 -0.01938393, -0.0080561396, 0.99977964, 0.036583997;
 0, 0, 0, 1]
Twc:
[0.99981195, 0.00061060139, -0.01938393, -0.0043651406;
 -0.00076688529, 0.99996728, -0.0080561396, 0.0005083374;
 0.019378377, 0.0080694901, 0.99977964, -0.036672596;
 0, 0, 0, 1]
Ow:
[0.0050753648;
 -0.00020972622;
 0.036583997]
Keyframe: 29 Frame: 82 Frame from vFrameID : 83
Tcw:
[0.9997558, 0.005370101, 0.021437002, 0.010650887;
 -0.0054995008, 0.99996698, 0.005981917, 8.8251254e-05;
 -0.021404171, -0.0060983491, 0.99975228, 0.048025489;
 0, 0, 0, 1]
Twc:
[0.9997558, -0.0054995008, -0.021404171, -0.0096198544;
 0.005370101, 0.99996698, -0.0060983491, 0.00014743154;
 0.021437002, 0.005981917, 0.99975228, -0.048242446;
 0, 0, 0, 1]
Ow:
[0.010650887;
 8.8251254e-05;
 0.048025489]
Keyframe: 30 Frame: 86 Frame from vFrameID : 87
Tcw:
[0.99956638, 0.0021591815, 0.02936651, 0.013435354;
 -0.0019618948, 0.99997532, -0.0067452374, -0.00020655207;
 -0.029380349, 0.0066846986, 0.99954593, 0.064807467;
 0, 0, 0, 1]
Twc:
[0.99956638, -0.0019618948, -0.029380349, -0.011525867;
 0.0021591815, 0.99997532, 0.0066846986, -0.00025568079;
 0.02936651, -0.0067452374, 0.99954593, -0.065173984;
 0, 0, 0, 1]
Ow:
[0.013435354;
 -0.00020655207;
 0.064807467]
Keyframe: 31 Frame: 91 Frame from vFrameID : 92
Tcw:
[0.9976154, -0.0075729745, 0.068601578, 0.017644273;
 0.0087952828, 0.9998076, -0.017533008, -0.00057855289;
 -0.068455607, 0.018094569, 0.99749005, 0.084855631;
 0, 0, 0, 1]
Twc:
[0.9976154, 0.0087952828, -0.068455607, -0.011788267;
 -0.0075729745, 0.9998076, 0.018094569, -0.00082336488;
 0.068601578, -0.017533008, 0.99749005, -0.085863218;
 0, 0, 0, 1]
Ow:
[0.017644273;
 -0.00057855289;
 0.084855631]
Keyframe: 32 Frame: 95 Frame from vFrameID : 96
Tcw:
[0.99619442, -0.02025843, 0.084771827, 0.021910101;
 0.021401847, 0.99969155, -0.012601115, -0.0016844239;
 -0.084490404, 0.014367434, 0.99632072, 0.10348276;
 0, 0, 0, 1]
Twc:
[0.99619442, 0.021401847, -0.084490404, -0.013047371;
 -0.02025843, 0.99969155, 0.014367434, 0.00064098689;
 0.084771827, -0.012601115, 0.99632072, -0.1049806;
 0, 0, 0, 1]
Ow:
[0.021910101;
 -0.0016844239;
 0.10348276]
Keyframe: 33 Frame: 100 Frame from vFrameID : 101
Tcw:
[0.99681425, -0.01936632, 0.077371389, 0.026544305;
 0.019633228, 0.9998036, -0.0026904494, -0.0019564044;
 -0.077304088, 0.0042009284, 0.99699873, 0.11770538;
 0, 0, 0, 1]
Twc:
[0.99681425, 0.019633228, -0.077304088, -0.017322222;
 -0.01936632, 0.9998036, 0.0042009284, 0.0019756136;
 0.077371389, -0.0026904494, 0.99699873, -0.11941115;
 0, 0, 0, 1]
Ow:
[0.026544305;
 -0.0019564044;
 0.11770538]
Keyframe: 34 Frame: 104 Frame from vFrameID : 105
Tcw:
[0.99805826, -0.014686252, 0.060531523, 0.031878389;
 0.014506019, 0.99988896, 0.0034158975, -0.0018767319;
 -0.060574967, -0.0025311932, 0.99816042, 0.12882455;
 0, 0, 0, 1]
Twc:
[0.99805826, 0.014506019, -0.060574967, -0.023985719;
 -0.014686252, 0.99988896, -0.0025311932, 0.0026707773;
 0.060531523, 0.0034158975, 0.99816042, -0.13051081;
 0, 0, 0, 1]
Ow:
[0.031878389;
 -0.0018767319;
 0.12882455]
Keyframe: 35 Frame: 108 Frame from vFrameID : 109
Tcw:
[0.99853134, 0.001215225, 0.054163419, 0.036784124;
 -0.00064507907, 0.99994421, -0.010542641, -0.0036318754;
 -0.054173209, 0.010492218, 0.99847645, 0.13398482;
 0, 0, 0, 1]
Twc:
[0.99853134, -0.00064507907, -0.054173209, -0.029474057;
 0.001215225, 0.99994421, 0.010492218, 0.0021811738;
 0.054163419, -0.010542641, 0.99847645, -0.13581133;
 0, 0, 0, 1]
Ow:
[0.036784124;
 -0.0036318754;
 0.13398482]
Keyframe: 36 Frame: 112 Frame from vFrameID : 113
Tcw:
[0.99878496, 0.019483594, 0.045265928, 0.039433997;
 -0.019262867, 0.99980038, -0.0053073657, -0.0051412508;
 -0.045360297, 0.0044289655, 0.99896085, 0.14291762;
 0, 0, 0, 1]
Twc:
[0.99878496, -0.019262867, -0.045360297, -0.033002332;
 0.019483594, 0.99980038, 0.0044289655, 0.0037389311;
 0.045265928, -0.0053073657, 0.99896085, -0.14458142;
 0, 0, 0, 1]
Ow:
[0.039433997;
 -0.0051412508;
 0.14291762]
Keyframe: 37 Frame: 117 Frame from vFrameID : 118
Tcw:
[0.99903446, 0.010035297, 0.042771526, 0.039274015;
 -0.0088975132, 0.99960363, -0.026709288, -0.0049931626;
 -0.043022607, 0.026302939, 0.9987278, 0.15962975;
 0, 0, 0, 1]
Twc:
[0.99903446, -0.0088975132, -0.043022607, -0.032412834;
 0.010035297, 0.99960363, 0.026302939, 0.00039832533;
 0.042771526, -0.026709288, 0.9987278, -0.16123983;
 0, 0, 0, 1]
Ow:
[0.039274015;
 -0.0049931626;
 0.15962975]
Keyframe: 38 Frame: 123 Frame from vFrameID : 124
Tcw:
[0.99718583, -0.0010326843, 0.074962035, 0.042890362;
 0.0040174513, 0.99920446, -0.039677188, -0.0065213577;
 -0.07486143, 0.039866686, 0.99639672, 0.18071166;
 0, 0, 0, 1]
Twc:
[0.99718583, 0.0040174513, -0.07486143, -0.029215131;
 -0.0010326843, 0.99920446, 0.039866686, -0.00064391334;
 0.074962035, -0.039677188, 0.99639672, -0.1835344;
 0, 0, 0, 1]
Ow:
[0.042890362;
 -0.0065213577;
 0.18071166]
Keyframe: 39 Frame: 127 Frame from vFrameID : 128
Tcw:
[0.99586403, -0.004146779, 0.09076155, 0.045574896;
 0.0062832646, 0.99970955, -0.023266491, -0.0071239527;
 -0.090638712, 0.023740539, 0.99560082, 0.19542404;
 0, 0, 0, 1]
Twc:
[0.99586403, 0.0062832646, -0.090638712, -0.027628656;
 -0.004146779, 0.99970955, 0.023740539, 0.0026714006;
 0.09076155, -0.023266491, 0.99560082, -0.19886653;
 0, 0, 0, 1]
Ow:
[0.045574896;
 -0.0071239527;
 0.19542404]
Keyframe: 40 Frame: 132 Frame from vFrameID : 133
Tcw:
[0.99695522, 0.0067458851, 0.077684119, 0.053994395;
 -0.0050729443, 0.99975139, -0.021712413, -0.0076650381;
 -0.077811271, 0.021252215, 0.99674159, 0.20907593;
 0, 0, 0, 1]
Twc:
[0.99695522, -0.0050729443, -0.077811271, -0.037600413;
 0.0067458851, 0.99975139, 0.021252215, 0.0028555661;
 0.077684119, -0.021712413, 0.99674159, -0.21275559;
 0, 0, 0, 1]
Ow:
[0.053994395;
 -0.0076650381;
 0.20907593]
Keyframe: 41 Frame: 137 Frame from vFrameID : 138
Tcw:
[0.99827236, 0.0198167, 0.055314053, 0.066087916;
 -0.018744223, 0.99962741, -0.019840844, -0.011203587;
 -0.055686627, 0.018769747, 0.99827188, 0.22093315;
 0, 0, 0, 1]
Twc:
[0.99827236, -0.018744223, -0.055686627, -0.053880714;
 0.0198167, 0.99962741, 0.018769747, 0.0057429085;
 0.055314053, -0.019840844, 0.99827188, -0.22442923;
 0, 0, 0, 1]
Ow:
[0.066087916;
 -0.011203587;
 0.22093315]
Keyframe: 42 Frame: 142 Frame from vFrameID : 143
Tcw:
[0.99897218, 0.023908598, 0.038509265, 0.072295256;
 -0.023124443, 0.99951863, -0.020681117, -0.014600439;
 -0.038985185, 0.019769354, 0.99904418, 0.23521575;
 0, 0, 0, 1]
Twc:
[0.99897218, -0.023124443, -0.038985185, -0.063388646;
 0.023908598, 0.99951863, 0.019769354, 0.0082148695;
 0.038509265, -0.020681117, 0.99904418, -0.23807693;
 0, 0, 0, 1]
Ow:
[0.072295256;
 -0.014600439;
 0.23521575]
Keyframe: 43 Frame: 147 Frame from vFrameID : 148
Tcw:
[0.99755579, 0.0249833, 0.065255441, 0.077268749;
 -0.022415219, 0.99895644, -0.039794356, -0.016048446;
 -0.066181533, 0.038234372, 0.99707478, 0.25295642;
 0, 0, 0, 1]
Twc:
[0.99755579, -0.022415219, -0.066181533, -0.060698569;
 0.0249833, 0.99895644, 0.038234372, 0.0044296407;
 0.065255441, -0.039794356, 0.99707478, -0.25789732;
 0, 0, 0, 1]
Ow:
[0.077268749;
 -0.016048446;
 0.25295642]
Keyframe: 44 Frame: 152 Frame from vFrameID : 153
Tcw:
[0.9956153, 0.010993961, 0.092893861, 0.072212934;
 -0.0065067848, 0.99880344, -0.048469856, -0.016305503;
 -0.093315579, 0.047652893, 0.99449557, 0.26929969;
 0, 0, 0, 1]
Twc:
[0.9956153, -0.0065067848, -0.093315579, -0.046872549;
 0.010993961, 0.99880344, 0.047652893, 0.0026591769;
 0.092893861, -0.048469856, 0.99449557, -0.27531579;
 0, 0, 0, 1]
Ow:
[0.072212934;
 -0.016305503;
 0.26929969]
Keyframe: 45 Frame: 156 Frame from vFrameID : 157
Tcw:
[0.99375147, -0.0038945093, 0.11154734, 0.076556787;
 0.0088290153, 0.99900228, -0.043777138, -0.018285835;
 -0.11126556, 0.044488449, 0.99279439, 0.28279555;
 0, 0, 0, 1]
Twc:
[0.99375147, 0.0088290153, -0.11126556, -0.044451565;
 -0.0038945093, 0.99900228, 0.044488449, 0.0059846062;
 0.11154734, -0.043777138, 0.99279439, -0.29009807;
 0, 0, 0, 1]
Ow:
[0.076556787;
 -0.018285835;
 0.28279555]
Keyframe: 46 Frame: 161 Frame from vFrameID : 162
Tcw:
[0.99363786, 0.0074082725, 0.11237861, 0.085879862;
 -0.0035354728, 0.99939424, -0.034622293, -0.019592265;
 -0.11256702, 0.034004711, 0.99306208, 0.29618686;
 0, 0, 0, 1]
Twc:
[0.99363786, -0.0035354728, -0.11256702, -0.052061871;
 0.0074082725, 0.99939424, 0.034004711, 0.0088724261;
 0.11237861, -0.034622293, 0.99306208, -0.30446136;
 0, 0, 0, 1]
Ow:
[0.085879862;
 -0.019592265;
 0.29618686]
Keyframe: 47 Frame: 165 Frame from vFrameID : 166
Tcw:
[0.99607563, 0.012332249, 0.087642938, 0.095101908;
 -0.0080312295, 0.99875379, -0.049258593, -0.02116189;
 -0.088141181, 0.048361406, 0.99493331, 0.30532771;
 0, 0, 0, 1]
Twc:
[0.99607563, -0.0080312295, -0.088141181, -0.067986697;
 0.012332249, 0.99875379, 0.048361406, 0.0051966198;
 0.087642938, -0.049258593, 0.99493331, -0.31315812;
 0, 0, 0, 1]
Ow:
[0.095101908;
 -0.02116189;
 0.30532771]
Keyframe: 48 Frame: 169 Frame from vFrameID : 170
Tcw:
[0.99697876, 0.016522614, 0.075896703, 0.10513151;
 -0.014846968, 0.99963456, -0.02258943, -0.027977569;
 -0.076242208, 0.021394348, 0.99685979, 0.31340623;
 0, 0, 0, 1]
Twc:
[0.99697876, -0.014846968, -0.076242208, -0.081334487;
 0.016522614, 0.99963456, 0.021394348, 0.019525176;
 0.075896703, -0.02258943, 0.99685979, -0.32103321;
 0, 0, 0, 1]
Ow:
[0.10513151;
 -0.027977569;
 0.31340623]
Keyframe: 49 Frame: 174 Frame from vFrameID : 175
Tcw:
[0.99786359, 0.024192126, 0.060687862, 0.11192678;
 -0.02397901, 0.99970347, -0.0042375997, -0.034103695;
 -0.060772382, 0.0027733115, 0.99814779, 0.32274666;
 0, 0, 0, 1]
Twc:
[0.99786359, -0.02397901, -0.060772382, -0.092891343;
 0.024192126, 0.99970347, 0.0027733115, 0.030490758;
 0.060687862, -0.0042375997, 0.99814779, -0.32908601;
 0, 0, 0, 1]
Ow:
[0.11192678;
 -0.034103695;
 0.32274666]
Keyframe: 50 Frame: 180 Frame from vFrameID : 181
Tcw:
[0.99724597, 0.021862119, 0.070869692, 0.11142723;
 -0.021087375, 0.99970961, -0.011661854, -0.032490149;
 -0.071104065, 0.010135281, 0.99741739, 0.33785576;
 0, 0, 0, 1]
Twc:
[0.99724597, -0.021087375, -0.071104065, -0.087782577;
 0.021862119, 0.99970961, 0.010135281, 0.026620414;
 0.070869692, -0.011661854, 0.99741739, -0.34525892;
 0, 0, 0, 1]
Ow:
[0.11142723;
 -0.032490149;
 0.33785576]
Keyframe: 51 Frame: 185 Frame from vFrameID : 186
Tcw:
[0.99729866, 0.022356864, 0.069968507, 0.11050241;
 -0.019668058, 0.99905014, -0.03888464, -0.034831159;
 -0.070771389, 0.037403453, 0.99679106, 0.35022476;
 0, 0, 0, 1]
Twc:
[0.99729866, -0.019668058, -0.070771389, -0.086103074;
 0.022356864, 0.99905014, 0.037403453, 0.019227969;
 0.069968507, -0.03888464, 0.99679106, -0.35818699;
 0, 0, 0, 1]
Ow:
[0.11050241;
 -0.034831159;
 0.35022476]
Keyframe: 52 Frame: 189 Frame from vFrameID : 190
Tcw:
[0.99621433, 0.021489965, 0.084233075, 0.1134189;
 -0.016620994, 0.9981733, -0.058084518, -0.034501947;
 -0.085327439, 0.05646459, 0.99475169, 0.36171004;
 0, 0, 0, 1]
Twc:
[0.99621433, -0.016620994, -0.085327439, -0.082699195;
 0.021489965, 0.9981733, 0.05646459, 0.011577743;
 0.084233075, -0.058084518, 0.99475169, -0.37136936;
 0, 0, 0, 1]
Ow:
[0.1134189;
 -0.034501947;
 0.36171004]
Keyframe: 53 Frame: 195 Frame from vFrameID : 196
Tcw:
[0.99705917, 0.017168805, 0.074687801, 0.11940275;
 -0.015524241, 0.99962533, -0.022544311, -0.03202419;
 -0.075046875, 0.021318542, 0.99695212, 0.37689838;
 0, 0, 0, 1]
Twc:
[0.99705917, -0.015524241, -0.075046875, -0.091263711;
 0.017168805, 0.99962533, 0.021318542, 0.021927265;
 0.074687801, -0.022544311, 0.99695212, -0.38538951;
 0, 0, 0, 1]
Ow:
[0.11940275;
 -0.03202419;
 0.37689838]
Keyframe: 54 Frame: 200 Frame from vFrameID : 201
Tcw:
[0.99778366, 0.039957903, 0.053208254, 0.13662177;
 -0.03734152, 0.99808621, -0.049290732, -0.034413129;
 -0.055075977, 0.047194608, 0.99736619, 0.39005962;
 0, 0, 0, 1]
Twc:
[0.99778366, -0.03734152, -0.055075977, -0.1161211;
 0.039957903, 0.99808621, 0.047194608, 0.010479438;
 0.053208254, -0.049290732, 0.99736619, -0.39799792;
 0, 0, 0, 1]
Ow:
[0.13662177;
 -0.034413129;
 0.39005962]
Keyframe: 55 Frame: 205 Frame from vFrameID : 206
Tcw:
[0.99840766, 0.036667611, 0.042867914, 0.14123097;
 -0.03496518, 0.9985953, -0.039810631, -0.033417258;
 -0.044267457, 0.038248353, 0.99828726, 0.40270412;
 0, 0, 0, 1]
Twc:
[0.99840766, -0.03496518, -0.044267457, -0.12434784;
 0.036667611, 0.9985953, 0.038248353, 0.012788945;
 0.042867914, -0.039810631, 0.99828726, -0.40939903;
 0, 0, 0, 1]
Ow:
[0.14123097;
 -0.033417258;
 0.40270412]
Keyframe: 56 Frame: 209 Frame from vFrameID : 210
Tcw:
[0.99776334, 0.03918881, 0.054152872, 0.14493319;
 -0.0373482, 0.99870336, -0.034593415, -0.033040762;
 -0.055438332, 0.032493532, 0.99793327, 0.41385207;
 0, 0, 0, 1]
Twc:
[0.99776334, -0.0373482, -0.055438332, -0.12289978;
 0.03918881, 0.99870336, 0.032493532, 0.013870645;
 0.054152872, -0.034593415, 0.99793327, -0.42198828;
 0, 0, 0, 1]
Ow:
[0.14493319;
 -0.033040762;
 0.41385207]
Keyframe: 57 Frame: 215 Frame from vFrameID : 216
Tcw:
[0.99765927, 0.022549158, 0.064556584, 0.14572766;
 -0.019215133, 0.99847221, -0.051808067, -0.032020204;
 -0.065626182, 0.050446335, 0.99656832, 0.43346798;
 0, 0, 0, 1]
Twc:
[0.99765927, -0.019215133, -0.065626182, -0.11755498;
 0.022549158, 0.99847221, 0.050446335, 0.0068183746;
 0.064556584, -0.051808067, 0.99656832, -0.44304702;
 0, 0, 0, 1]
Ow:
[0.14572766;
 -0.032020204;
 0.43346798]
Keyframe: 58 Frame: 221 Frame from vFrameID : 222
Tcw:
[0.99773854, 0.0080486257, 0.066731185, 0.14868155;
 -0.0049895495, 0.99893439, -0.045882352, -0.031696927;
 -0.067029364, 0.045445628, 0.99671549, 0.45106742;
 0, 0, 0, 1]
Twc:
[0.99773854, -0.0049895495, -0.067029364, -0.11826871;
 0.0080486257, 0.99893439, 0.045445628, 0.009967423;
 0.066731185, -0.045882352, 0.99671549, -0.46096191;
 0, 0, 0, 1]
Ow:
[0.14868155;
 -0.031696927;
 0.45106742]
Keyframe: 59 Frame: 225 Frame from vFrameID : 226
Tcw:
[0.99828112, 0.012982764, 0.057151396, 0.15348953;
 -0.010520265, 0.99901193, -0.043179266, -0.032338183;
 -0.057655517, 0.042503797, 0.99743134, 0.46235779;
 0, 0, 0, 1]
Twc:
[0.99828112, -0.010520265, -0.057655517, -0.12690842;
 0.012982764, 0.99901193, 0.042503797, 0.010661551;
 0.057151396, -0.043179266, 0.99743134, -0.47133863;
 0, 0, 0, 1]
Ow:
[0.15348953;
 -0.032338183;
 0.46235779]
Keyframe: 60 Frame: 229 Frame from vFrameID : 230
Tcw:
[0.99858552, 0.017978735, 0.05003744, 0.16142647;
 -0.015479961, 0.99863499, -0.049885225, -0.033376731;
 -0.050866012, 0.049040087, 0.99750072, 0.47299853;
 0, 0, 0, 1]
Twc:
[0.99858552, -0.015479961, -0.050866012, -0.13765526;
 0.017978735, 0.99863499, 0.049040087, 0.007233039;
 0.05003744, -0.049885225, 0.99750072, -0.48155874;
 0, 0, 0, 1]
Ow:
[0.16142647;
 -0.033376731;
 0.47299853]
Keyframe: 61 Frame: 233 Frame from vFrameID : 234
Tcw:
[0.99892962, 0.024554562, 0.039201215, 0.16697326;
 -0.022393636, 0.99825484, -0.054642327, -0.03189614;
 -0.040474519, 0.053705979, 0.99773616, 0.48178521;
 0, 0, 0, 1]
Twc:
[0.99892962, -0.022393636, -0.040474519, -0.14800878;
 0.024554562, 0.99825484, 0.053705979, 0.0018657736;
 0.039201215, -0.054642327, 0.99773616, -0.48898298;
 0, 0, 0, 1]
Ow:
[0.16697326;
 -0.03189614;
 0.48178521]
Keyframe: 62 Frame: 237 Frame from vFrameID : 238
Tcw:
[0.99919188, 0.028890844, 0.027945278, 0.17243609;
 -0.027719591, 0.99875689, -0.041428834, -0.034242783;
 -0.029107451, 0.040620722, 0.99875057, 0.49452356;
 0, 0, 0, 1]
Twc:
[0.99919188, -0.027719591, -0.029107451, -0.15885161;
 0.028890844, 0.99875689, 0.040620722, 0.0091304863;
 0.027945278, -0.041428834, 0.99875057, -0.50014311;
 0, 0, 0, 1]
Ow:
[0.17243609;
 -0.034242783;
 0.49452356]
Keyframe: 63 Frame: 241 Frame from vFrameID : 242
Tcw:
[0.99896377, 0.028873969, 0.035180695, 0.17343996;
 -0.027327938, 0.99867254, -0.043660913, -0.034091525;
 -0.036394659, 0.042654254, 0.9984268, 0.50764334;
 0, 0, 0, 1]
Twc:
[0.99896377, -0.027327938, -0.036394659, -0.15571639;
 0.028873969, 0.99867254, 0.042654254, 0.0073852208;
 0.035180695, -0.043660913, 0.9984268, -0.51443493;
 0, 0, 0, 1]
Ow:
[0.17343996;
 -0.034091525;
 0.50764334]
Keyframe: 64 Frame: 246 Frame from vFrameID : 247
Tcw:
[0.99881172, 0.032934144, 0.035923373, 0.17530379;
 -0.03101271, 0.99812382, -0.052792784, -0.035419989;
 -0.037594657, 0.051615972, 0.99795914, 0.52446306;
 0, 0, 0, 1]
Twc:
[0.99881172, -0.03101271, -0.037594657, -0.15647693;
 0.032934144, 0.99812382, 0.051615972, 0.0025093833;
 0.035923373, -0.052792784, 0.99795914, -0.53156012;
 0, 0, 0, 1]
Ow:
[0.17530379;
 -0.035419989;
 0.52446306]
Keyframe: 65 Frame: 251 Frame from vFrameID : 252
Tcw:
[0.99934286, 0.0036867429, 0.036058526, 0.17351829;
 -0.0012467103, 0.99772131, -0.067458406, -0.036586788;
 -0.036225062, 0.067369126, 0.99707025, 0.54027355;
 0, 0, 0, 1]
Twc:
[0.99934286, -0.0012467103, -0.036225062, -0.15387844;
 0.0036867429, 0.99772131, 0.067369126, -0.00053405849;
 0.036058526, -0.067458406, 0.99707025, -0.54741561;
 0, 0, 0, 1]
Ow:
[0.17351829;
 -0.036586788;
 0.54027355]
Keyframe: 66 Frame: 255 Frame from vFrameID : 256
Tcw:
[0.99910337, 0.0011032033, 0.0423235, 0.1772781;
 0.0012395234, 0.99846977, -0.055286709, -0.036701702;
 -0.042319726, 0.055289596, 0.99757308, 0.55123055;
 0, 0, 0, 1]
Twc:
[0.99910337, 0.0012395234, -0.042319726, -0.15374571;
 0.0011032033, 0.99846977, 0.055289596, 0.005972649;
 0.0423235, -0.055286709, 0.99757308, -0.55942494;
 0, 0, 0, 1]
Ow:
[0.1772781;
 -0.036701702;
 0.55123055]
Keyframe: 67 Frame: 260 Frame from vFrameID : 261
Tcw:
[0.99927878, 0.016402489, 0.034247302, 0.18586254;
 -0.014394839, 0.99820888, -0.0580674, -0.03790867;
 -0.03513841, 0.057532534, 0.99772507, 0.56514329;
 0, 0, 0, 1]
Twc:
[0.99927878, -0.014394839, -0.03513841, -0.16641596;
 0.016402489, 0.99820888, 0.057532534, 0.0022780371;
 0.034247302, -0.0580674, 0.99772507, -0.57242417;
 0, 0, 0, 1]
Ow:
[0.18586254;
 -0.03790867;
 0.56514329]
Keyframe: 68 Frame: 265 Frame from vFrameID : 266
Tcw:
[0.99948293, 0.030720057, 0.0094946772, 0.19717859;
 -0.029883295, 0.99647725, -0.078359, -0.038130525;
 -0.011868422, 0.078034751, 0.99687999, 0.57628661;
 0, 0, 0, 1]
Twc:
[0.99948293, -0.029883295, -0.011868422, -0.19137648;
 0.030720057, 0.99647725, 0.078034751, -0.01303152;
 0.0094946772, -0.078359, 0.99687999, -0.57934862;
 0, 0, 0, 1]
Ow:
[0.19717859;
 -0.038130525;
 0.57628661]
Keyframe: 69 Frame: 271 Frame from vFrameID : 272
Tcw:
[0.99960828, 0.027977275, 0.00076397246, 0.20290215;
 -0.027893851, 0.99811858, -0.054600965, -0.039813347;
 -0.0022901213, 0.054558266, 0.99850798, 0.59522343;
 0, 0, 0, 1]
Twc:
[0.99960828, -0.027893851, -0.0022901213, -0.20257007;
 0.027977275, 0.99811858, 0.054558266, 0.0015874335;
 0.00076397246, -0.054600965, 0.99850798, -0.59666419;
 0, 0, 0, 1]
Ow:
[0.20290215;
 -0.039813347;
 0.59522343]
Keyframe: 70 Frame: 276 Frame from vFrameID : 277
Tcw:
[0.99988204, 0.014798904, 0.0041101757, 0.19974738;
 -0.014562278, 0.99850851, -0.052618407, -0.038897179;
 -0.0048827403, 0.052552346, 0.9986062, 0.60960251;
 0, 0, 0, 1]
Twc:
[0.99988204, -0.014562278, -0.0048827403, -0.19731373;
 0.014798904, 0.99850851, 0.052552346, 0.003847074;
 0.0041101757, -0.052618407, 0.9986062, -0.6116206;
 0, 0, 0, 1]
Ow:
[0.19974738;
 -0.038897179;
 0.60960251]
Keyframe: 71 Frame: 281 Frame from vFrameID : 282
Tcw:
[0.9995963, 0.0047550262, 0.028010283, 0.20185831;
 -0.003598596, 0.99914473, -0.041192587, -0.040811457;
 -0.028182199, 0.041075159, 0.99875855, 0.62438601;
 0, 0, 0, 1]
Twc:
[0.9995963, -0.003598596, -0.028182199, -0.18432714;
 0.0047550262, 0.99914473, 0.041075159, 0.014169959;
 0.028010283, -0.041192587, 0.99875855, -0.63094604;
 0, 0, 0, 1]
Ow:
[0.20185831;
 -0.040811457;
 0.62438601]
Keyframe: 72 Frame: 286 Frame from vFrameID : 287
Tcw:
[0.99978507, -0.011698096, 0.017117035, 0.20111836;
 0.012218023, 0.99945724, -0.03059227, -0.04164017;
 -0.016749874, 0.030794831, 0.99938536, 0.63855672;
 0, 0, 0, 1]
Twc:
[0.99978507, 0.012218023, -0.016749874, -0.18987064;
 -0.011698096, 0.99945724, 0.030794831, 0.024306027;
 0.017117035, -0.03059227, 0.99938536, -0.64288062;
 0, 0, 0, 1]
Ow:
[0.20111836;
 -0.04164017;
 0.63855672]
Keyframe: 73 Frame: 292 Frame from vFrameID : 293
Tcw:
[0.99993217, 0.0011703843, 0.011586416, 0.20607775;
 -0.00081021909, 0.9995178, -0.031041162, -0.040123314;
 -0.011617159, 0.03102967, 0.99945092, 0.6564877;
 0, 0, 0, 1]
Twc:
[0.99993217, -0.00081021909, -0.011617159, -0.19846976;
 0.0011703843, 0.9995178, 0.03102967, 0.019492175;
 0.011586416, -0.031041162, 0.99945092, -0.65976048;
 0, 0, 0, 1]
Ow:
[0.20607775;
 -0.040123314;
 0.6564877]
Keyframe: 74 Frame: 298 Frame from vFrameID : 299
Tcw:
[0.99980569, 0.018470868, 0.0068895421, 0.21647136;
 -0.018200865, 0.99913514, -0.037385218, -0.039794266;
 -0.0075741215, 0.037252557, 0.99927717, 0.67170227;
 0, 0, 0, 1]
Twc:
[0.99980569, -0.018200865, -0.0075741215, -0.21206601;
 0.018470868, 0.99913514, 0.037252557, 0.01073881;
 0.0068895421, -0.037385218, 0.99927717, -0.67419583;
 0, 0, 0, 1]
Ow:
[0.21647136;
 -0.039794266;
 0.67170227]
Keyframe: 75 Frame: 304 Frame from vFrameID : 305
Tcw:
[0.99950558, 0.030550139, 0.0074316841, 0.22088759;
 -0.030278202, 0.99895281, -0.034300849, -0.040066898;
 -0.0084717972, 0.034058873, 0.99938393, 0.68949419;
 0, 0, 0, 1]
Twc:
[0.99950558, -0.030278202, -0.0084717972, -0.21615028;
 0.030550139, 0.99895281, 0.034058873, 0.009793398;
 0.0074316841, -0.034300849, 0.99938393, -0.69208527;
 0, 0, 0, 1]
Ow:
[0.22088759;
 -0.040066898;
 0.68949419]
Keyframe: 76 Frame: 310 Frame from vFrameID : 311
Tcw:
[0.9998104, 0.015157702, 0.012222556, 0.21863644;
 -0.014632555, 0.99901181, -0.041966971, -0.03999497;
 -0.012846601, 0.04178017, 0.99904424, 0.7088747;
 0, 0, 0, 1]
Twc:
[0.9998104, -0.014632555, -0.012846601, -0.21007358;
 0.015157702, 0.99901181, 0.04178017, 0.0070245196;
 0.012222556, -0.041966971, 0.99904424, -0.71254796;
 0, 0, 0, 1]
Ow:
[0.21863644;
 -0.03999497;
 0.7088747]
Keyframe: 77 Frame: 316 Frame from vFrameID : 317
Tcw:
[0.99951011, 0.0048372969, 0.030921349, 0.22001442;
 -0.0029256698, 0.99809843, -0.061571114, -0.038939662;
 -0.031160386, 0.061450485, 0.99762362, 0.72164339;
 0, 0, 0, 1]
Twc:
[0.99951011, -0.0029256698, -0.031160386, -0.19753388;
 0.0048372969, 0.99809843, 0.061450485, -0.0065439991;
 0.030921349, -0.061571114, 0.99762362, -0.7291292;
 0, 0, 0, 1]
Ow:
[0.22001442;
 -0.038939662;
 0.72164339]
Keyframe: 78 Frame: 322 Frame from vFrameID : 323
Tcw:
[0.99941295, -0.0044070506, 0.033975475, 0.22248904;
 0.0060823071, 0.99876237, -0.049363263, -0.040985335;
 -0.033715878, 0.049540933, 0.99820286, 0.7337414;
 0, 0, 0, 1]
Twc:
[0.99941295, 0.0060823071, -0.033715878, -0.19737041;
 -0.0044070506, 0.99876237, 0.049540933, 0.0055648978;
 0.033975475, -0.049363263, 0.99820286, -0.74200511;
 0, 0, 0, 1]
Ow:
[0.22248904;
 -0.040985335;
 0.7337414]
Keyframe: 79 Frame: 327 Frame from vFrameID : 328
Tcw:
[0.99930954, 0.0066658864, 0.036551084, 0.22649643;
 -0.0046003149, 0.99840289, -0.056307536, -0.039533123;
 -0.036868047, 0.05610051, 0.9977442, 0.7461068;
 0, 0, 0, 1]
Twc:
[0.99930954, -0.0046003149, -0.036868047, -0.19901443;
 0.0066658864, 0.99840289, 0.05610051, -0.0038967871;
 0.036551084, -0.056307536, 0.9977442, -0.75492841;
 0, 0, 0, 1]
Ow:
[0.22649643;
 -0.039533123;
 0.7461068]
Keyframe: 80 Frame: 332 Frame from vFrameID : 333
Tcw:
[0.99912018, 0.019290362, 0.037239678, 0.23481116;
 -0.016991591, 0.99798775, -0.061088108, -0.04231175;
 -0.038343154, 0.0604016, 0.99743742, 0.75345653;
 0, 0, 0, 1]
Twc:
[0.99912018, -0.016991591, -0.038343154, -0.20643361;
 0.019290362, 0.99798775, 0.0604016, -0.0078129601;
 0.037239678, -0.061088108, 0.99743742, -0.76285481;
 0, 0, 0, 1]
Ow:
[0.23481116;
 -0.04231175;
 0.75345653]
Keyframe: 81 Frame: 337 Frame from vFrameID : 338
Tcw:
[0.99910527, 0.012037725, 0.04054331, 0.23844911;
 -0.010443412, 0.99917257, -0.039308511, -0.042823266;
 -0.040982947, 0.038849927, 0.99840426, 0.76185322;
 0, 0, 0, 1]
Twc:
[0.99910527, -0.010443412, -0.040982947, -0.20745999;
 0.012037725, 0.99917257, 0.038849927, 0.010319504;
 0.04054331, -0.039308511, 0.99840426, -0.77198833;
 0, 0, 0, 1]
Ow:
[0.23844911;
 -0.042823266;
 0.76185322]
Keyframe: 82 Frame: 342 Frame from vFrameID : 343
Tcw:
[0.99880081, 0.0036591154, 0.04882114, 0.23932134;
 -0.0027469273, 0.99982065, -0.018738313, -0.043045215;
 -0.04888095, 0.018581733, 0.99863178, 0.76967776;
 0, 0, 0, 1]
Twc:
[0.99880081, -0.0027469273, -0.04888095, -0.20153001;
 0.0036591154, 0.99982065, 0.018581733, 0.027859844;
 0.04882114, -0.018738313, 0.99863178, -0.78111511;
 0, 0, 0, 1]
Ow:
[0.23932134;
 -0.043045215;
 0.76967776]
Keyframe: 83 Frame: 347 Frame from vFrameID : 348
Tcw:
[0.99795526, 0.00094512606, 0.06390956, 0.24080154;
 0.00074103958, 0.99965239, -0.026354773, -0.045010671;
 -0.06391225, 0.026348243, 0.99760765, 0.77835739;
 0, 0, 0, 1]
Twc:
[0.99795526, 0.00074103958, -0.06391225, -0.19052924;
 0.00094512606, 0.99965239, 0.026348243, 0.024259087;
 0.06390956, -0.026354773, 0.99760765, -0.79307097;
 0, 0, 0, 1]
Ow:
[0.24080154;
 -0.045010671;
 0.77835739]
Keyframe: 84 Frame: 352 Frame from vFrameID : 353
Tcw:
[0.99682814, -0.0019157706, 0.079561137, 0.24412967;
 0.0054446119, 0.99900961, -0.044160619, -0.045153275;
 -0.079397738, 0.044453725, 0.99585134, 0.78497821;
 0, 0, 0, 1]
Twc:
[0.99682814, 0.0054446119, -0.079397738, -0.180784;
 -0.0019157706, 0.99900961, 0.044453725, 0.010681042;
 0.079561137, -0.044160619, 0.99585134, -0.80313885;
 0, 0, 0, 1]
Ow:
[0.24412967;
 -0.045153275;
 0.78497821]
Keyframe: 85 Frame: 357 Frame from vFrameID : 358
Tcw:
[0.99781227, 0.0011633859, 0.066101149, 0.24678014;
 0.00083027862, 0.99954581, -0.030125339, -0.045923941;
 -0.066106178, 0.030114315, 0.99735808, 0.79009974;
 0, 0, 0, 1]
Twc:
[0.99781227, 0.00083027862, -0.066106178, -0.19397165;
 0.0011633859, 0.99954581, 0.030114315, 0.021822667;
 0.066101149, -0.030125339, 0.99735808, -0.80570823;
 0, 0, 0, 1]
Ow:
[0.24678014;
 -0.045923941;
 0.79009974]
Keyframe: 86 Frame: 363 Frame from vFrameID : 364
Tcw:
[0.99938995, 0.027343001, 0.021727568, 0.25623617;
 -0.026431831, 0.99880242, -0.041171234, -0.047669835;
 -0.022827292, 0.04057182, 0.99891585, 0.79583484;
 0, 0, 0, 1]
Twc:
[0.99938995, -0.026431831, -0.022827292, -0.2391731;
 0.027343001, 0.99880242, 0.04057182, 0.0083180172;
 0.021727568, -0.041171234, 0.99891585, -0.80250204;
 0, 0, 0, 1]
Ow:
[0.25623617;
 -0.047669835;
 0.79583484]
Keyframe: 87 Frame: 368 Frame from vFrameID : 369
Tcw:
[0.99961746, 0.026071562, 0.0092302356, 0.25835583;
 -0.025971876, 0.99960476, -0.01075977, -0.048744734;
 -0.0095071113, 0.010515927, 0.99989951, 0.80369592;
 0, 0, 0, 1]
Twc:
[0.99961746, -0.025971876, -0.0095071113, -0.25188217;
 0.026071562, 0.99960476, 0.010515927, 0.033538122;
 0.0092302356, -0.01075977, 0.99989951, -0.80652434;
 0, 0, 0, 1]
Ow:
[0.25835583;
 -0.048744734;
 0.80369592]
Keyframe: 88 Frame: 374 Frame from vFrameID : 375
Tcw:
[0.99937648, 0.016093427, 0.031427715, 0.25702822;
 -0.014969118, 0.99925089, -0.035687856, -0.049470805;
 -0.03197851, 0.035195157, 0.9988687, 0.81238854;
 0, 0, 0, 1]
Twc:
[0.99937648, -0.014969118, -0.03197851, -0.23162949;
 0.016093427, 0.99925089, 0.035195157, 0.016705133;
 0.031427715, -0.035687856, 0.9988687, -0.82131284;
 0, 0, 0, 1]
Ow:
[0.25702822;
 -0.049470805;
