Keyframe: 0 Frame: 0 Frame from vFrameID : 142
Tcw:
[0.99976951, 0.020714441, 0.005641425, 0.025820009;
 -0.010958463, 0.71834505, -0.69560069, -0.074286871;
 -0.01846147, 0.69537854, 0.71840644, 0.0041698292;
 0, 0, 0, 1]
Twc:
[0.99976951, -0.010958463, -0.01846147, -0.026551148;
 0.020714441, 0.71834505, 0.69537854, 0.049929146;
 0.005641425, -0.69560069, 0.71840644, -0.054815292;
 0, 0, 0, 1]
Ow:
[0.025820009;
 -0.074286871;
 0.0041698292]
Keyframe: 1 Frame: 141 Frame from vFrameID : 142
Tcw:
[0.99986261, 0.016479304, -0.0017937658, 0.026512198;
 -0.013001497, 0.71248543, -0.70156646, -0.075272128;
 -0.010283296, 0.70149338, 0.71260178, 0.0053969473;
 0, 0, 0, 1]
Twc:
[0.99986261, -0.013001497, -0.010283296, -0.027431706;
 0.016479304, 0.71248543, 0.70149338, 0.049407467;
 -0.0017937658, -0.70156646, 0.71260178, -0.056606721;
 0, 0, 0, 1]
Ow:
[0.026512198;
 -0.075272128;
 0.0053969473]
Keyframe: 2 Frame: 144 Frame from vFrameID : 145
Tcw:
[0.99972969, 0.021926448, -0.0077273902, 0.027118059;
 -0.021051919, 0.71278292, -0.7010687, -0.076155573;
 -0.009863995, 0.70104188, 0.71305186, 0.0067125931;
 0, 0, 0, 1]
Twc:
[0.99972969, -0.021051919, -0.009863995, -0.028647738;
 0.021926448, 0.71278292, 0.70104188, 0.048981976;
 -0.0077273902, -0.7010687, 0.71305186, -0.05796716;
 0, 0, 0, 1]
Ow:
[0.027118059;
 -0.076155573;
 0.0067125931]
Keyframe: 3 Frame: 147 Frame from vFrameID : 148
Tcw:
[0.99954289, 0.022779554, -0.019877659, 0.028540147;
 -0.030185129, 0.71497989, -0.69849306, -0.083665527;
 -0.0016992342, 0.6987738, 0.71534067, 0.0079559311;
 0, 0, 0, 1]
Twc:
[0.99954289, -0.030185129, -0.0016992342, -0.031039037;
 0.022779554, 0.71497989, 0.6987738, 0.053609643;
 -0.019877659, -0.69849306, 0.71534067, -0.063563682;
 0, 0, 0, 1]
Ow:
[0.028540147;
 -0.083665527;
 0.0079559311]
Keyframe: 4 Frame: 149 Frame from vFrameID : 150
Tcw:
[0.99897909, 0.029219696, -0.034452561, 0.028669205;
 -0.045007184, 0.7094059, -0.70336169, -0.077734485;
 0.0038888345, 0.70419419, 0.70999676, 0.0095175058;
 0, 0, 0, 1]
Twc:
[0.99897909, -0.045007184, 0.0038888345, -0.03217556;
 0.029219696, 0.7094059, 0.70419419, 0.047605425;
 -0.034452561, -0.70336169, 0.70999676, -0.060445126;
 0, 0, 0, 1]
Ow:
[0.028669205;
 -0.077734485;
 0.0095175058]
Keyframe: 5 Frame: 151 Frame from vFrameID : 152
Tcw:
[0.998474, 0.030183388, -0.04624588, 0.028651716;
 -0.053957395, 0.71154851, -0.70056212, -0.078119725;
 0.01176085, 0.70198834, 0.71209133, 0.0097162016;
 0, 0, 0, 1]
Twc:
[0.998474, -0.053957395, 0.01176085, -0.0329374;
 0.030183388, 0.71154851, 0.70198834, 0.047900513;
 -0.04624588, -0.70056212, 0.71209133, -0.060321525;
 0, 0, 0, 1]
Ow:
[0.028651716;
 -0.078119725;
 0.0097162016]
Keyframe: 6 Frame: 152 Frame from vFrameID : 153
Tcw:
[0.99839538, 0.030289449, -0.047845732, 0.028919881;
 -0.055139188, 0.71243066, -0.69957292, -0.078502074;
 0.012897088, 0.70108855, 0.71295762, 0.010680072;
 0, 0, 0, 1]
Twc:
[0.99839538, -0.055139188, 0.012897088, -0.033339761;
 0.030289449, 0.71243066, 0.70108855, 0.047563635;
 -0.047845732, -0.69957292, 0.71295762, -0.06114867;
 0, 0, 0, 1]
Ow:
[0.028919881;
 -0.078502074;
 0.010680072]
Keyframe: 7 Frame: 153 Frame from vFrameID : 154
Tcw:
[0.99839687, 0.030281918, -0.047819365, 0.028917933;
 -0.055115364, 0.71242964, -0.69957584, -0.078509979;
 0.012883435, 0.70108992, 0.71295649, 0.01068281;
 0, 0, 0, 1]
Twc:
[0.99839687, -0.055115364, 0.012883435, -0.033336312;
 0.030281918, 0.71242964, 0.70108992, 0.047567531;
 -0.047819365, -0.69957584, 0.71295649, -0.061157227;
 0, 0, 0, 1]
Ow:
[0.028917933;
 -0.078509979;
 0.01068281]
Keyframe: 8 Frame: 155 Frame from vFrameID : 156
Tcw:
[0.99868584, 0.02682214, -0.043670699, 0.02918186;
 -0.049692206, 0.715276, -0.69707316, -0.079486407;
 0.012539607, 0.69832718, 0.71566886, 0.011645291;
 0, 0, 0, 1]
Twc:
[0.99868584, -0.049692206, 0.012539607, -0.033239394;
 0.02682214, 0.715276, 0.69832718, 0.047939774;
 -0.043670699, -0.69707316, 0.71566886, -0.06246762;
 0, 0, 0, 1]
Ow:
[0.02918186;
 -0.079486407;
 0.011645291]
Keyframe: 9 Frame: 157 Frame from vFrameID : 158
Tcw:
[0.99899018, 0.023263508, -0.03843718, 0.029121285;
 -0.043453291, 0.71772861, -0.69496578, -0.079478718;
 0.011420122, 0.69593418, 0.71801472, 0.012166936;
 0, 0, 0, 1]
Twc:
[0.99899018, -0.043453291, 0.011420122, -0.032684438;
 0.023263508, 0.71772861, 0.69593418, 0.047899302;
 -0.03843718, -0.69496578, 0.71801472, -0.06285169;
 0, 0, 0, 1]
Ow:
[0.029121285;
 -0.079478718;
 0.012166936]
Keyframe: 10 Frame: 159 Frame from vFrameID : 160
Tcw:
[0.99911964, 0.023276411, -0.034902498, 0.029565919;
 -0.041001488, 0.71788502, -0.69495326, -0.079894915;
 0.0088799614, 0.69577247, 0.71820736, 0.01319962;
 0, 0, 0, 1]
Twc:
[0.99911964, -0.041001488, 0.0088799614, -0.032932911;
 0.023276411, 0.71788502, 0.69577247, 0.047483243;
 -0.034902498, -0.69495326, 0.71820736, -0.06397137;
 0, 0, 0, 1]
Ow:
[0.029565919;
 -0.079894915;
 0.01319962]
Keyframe: 11 Frame: 162 Frame from vFrameID : 163
Tcw:
[0.99922013, 0.035561591, -0.017162681, 0.031041941;
 -0.03746229, 0.7163887, -0.69669491, -0.080322996;
 -0.012480428, 0.69679451, 0.71716219, 0.016363263;
 0, 0, 0, 1]
Twc:
[0.99922013, -0.03746229, -0.012480428, -0.033822592;
 0.035561591, 0.7163887, 0.69679451, 0.045036756;
 -0.017162681, -0.69669491, 0.71716219, -0.067162976;
 0, 0, 0, 1]
Ow:
[0.031041941;
 -0.080322996;
 0.016363263]
Keyframe: 12 Frame: 167 Frame from vFrameID : 168
Tcw:
[0.99871176, 0.049327038, -0.011904209, 0.034296807;
 -0.043244332, 0.70463228, -0.70825368, -0.079118952;
 -0.026547965, 0.70785606, 0.70585763, 0.02411362;
 0, 0, 0, 1]
Twc:
[0.99871176, -0.043244332, -0.026547965, -0.037033901;
 0.049327038, 0.70463228, 0.70785606, 0.036989033;
 -0.011904209, -0.70825368, 0.70585763, -0.072648793;
 0, 0, 0, 1]
Ow:
[0.034296807;
 -0.079118952;
 0.02411362]
Keyframe: 13 Frame: 174 Frame from vFrameID : 175
Tcw:
[0.99861866, 0.051339298, 0.011181195, 0.031642381;
 -0.027180592, 0.68687338, -0.72626865, -0.079536207;
 -0.044966191, 0.72496152, 0.68731999, 0.027816379;
 0, 0, 0, 1]
Twc:
[0.99861866, -0.027180592, -0.044966191, -0.032509718;
 0.051339298, 0.68687338, 0.72496152, 0.032841001;
 0.011181195, -0.72626865, 0.68731999, -0.077237211;
 0, 0, 0, 1]
Ow:
[0.031642381;
 -0.079536207;
 0.027816379]
Keyframe: 14 Frame: 179 Frame from vFrameID : 180
Tcw:
[0.99912518, 0.041775703, 0.0019190978, 0.032744456;
 -0.027426098, 0.68919581, -0.72405595, -0.08082547;
 -0.03157058, 0.72336984, 0.68973863, 0.030848624;
 0, 0, 0, 1]
Twc:
[0.99912518, -0.027426098, -0.03157058, -0.033958632;
 0.041775703, 0.68919581, 0.72336984, 0.032021686;
 0.0019190978, -0.72405595, 0.68973863, -0.079862483;
 0, 0, 0, 1]
Ow:
[0.032744456;
 -0.08082547;
 0.030848624]
Keyframe: 15 Frame: 185 Frame from vFrameID : 186
Tcw:
[0.99921256, 0.037176989, -0.013861903, 0.038678639;
 -0.035785027, 0.69350141, -0.71956599, -0.07970164;
 -0.017138049, 0.71949542, 0.69428569, 0.039870977;
 0, 0, 0, 1]
Twc:
[0.99921256, -0.035785027, -0.017138049, -0.040816996;
 0.037176989, 0.69350141, 0.71949542, 0.025148259;
 -0.013861903, -0.71956599, 0.69428569, -0.084496282;
 0, 0, 0, 1]
Ow:
[0.038678639;
 -0.07970164;
 0.039870977]
Keyframe: 16 Frame: 192 Frame from vFrameID : 193
Tcw:
[0.9991734, 0.023630848, -0.033076324, 0.04640761;
 -0.040303979, 0.68189704, -0.7303369, -0.078509182;
 0.0052961665, 0.73106635, 0.68228585, 0.050897609;
 0, 0, 0, 1]
Twc:
[0.9991734, -0.040303979, 0.0052961665, -0.049803048;
 0.023630848, 0.68189704, 0.73106635, 0.015228997;
 -0.033076324, -0.7303369, 0.68228585, -0.090529874;
 0, 0, 0, 1]
Ow:
[0.04640761;
 -0.078509182;
 0.050897609]
Keyframe: 17 Frame: 198 Frame from vFrameID : 199
Tcw:
[0.99896455, 0.019258123, -0.041218191, 0.054640427;
 -0.043088209, 0.69127458, -0.72130632, -0.080971919;
 0.014602084, 0.72233552, 0.69138861, 0.063581042;
 0, 0, 0, 1]
Twc:
[0.99896455, -0.043088209, 0.014602084, -0.059001204;
 0.019258123, 0.69127458, 0.72233552, 0.0089947162;
 -0.041218191, -0.72130632, 0.69138861, -0.10011259;
 0, 0, 0, 1]
Ow:
[0.054640427;
 -0.080971919;
 0.063581042]
Keyframe: 18 Frame: 205 Frame from vFrameID : 206
Tcw:
[0.99886936, 0.028361099, -0.03815347, 0.060401645;
 -0.047199879, 0.68745035, -0.72469592, -0.078506619;
 0.0056754421, 0.72567737, 0.68801171, 0.077126555;
 0, 0, 0, 1]
Twc:
[0.99886936, -0.047199879, 0.0056754421, -0.064476579;
 0.028361099, 0.68745035, 0.72567737, -0.0037126509;
 -0.03815347, -0.72469592, 0.68801171, -0.10765287;
 0, 0, 0, 1]
Ow:
[0.060401645;
 -0.078506619;
 0.077126555]
Keyframe: 19 Frame: 211 Frame from vFrameID : 212
Tcw:
[0.99881124, 0.038677663, -0.029667102, 0.060686223;
 -0.048021175, 0.67623907, -0.73511541, -0.074736491;
 -0.0083704917, 0.73566622, 0.67729253, 0.09134984;
 0, 0, 0, 1]
Twc:
[0.99881124, -0.048021175, -0.0083704917, -0.063438371;
 0.038677663, 0.67623907, 0.73566622, -0.019010454;
 -0.029667102, -0.73511541, 0.67729253, -0.11501013;
 0, 0, 0, 1]
Ow:
[0.060686223;
 -0.074736491;
 0.09134984]
Keyframe: 20 Frame: 218 Frame from vFrameID : 219
Tcw:
[0.99905789, 0.042247668, 0.0099261384, 0.078203581;
 -0.02147416, 0.68000698, -0.73289114, -0.069927618;
 -0.037712783, 0.73198748, 0.68027353, 0.11512603;
 0, 0, 0, 1]
Twc:
[0.99905789, -0.02147416, -0.037712783, -0.075289808;
 0.042247668, 0.68000698, 0.73198748, -0.040023465;
 0.0099261384, -0.73289114, 0.68027353, -0.13034278;
 0, 0, 0, 1]
Ow:
[0.078203581;
 -0.069927618;
 0.11512603]
Keyframe: 21 Frame: 225 Frame from vFrameID : 226
Tcw:
[0.99852329, 0.054250255, 0.0028478352, 0.083283871;
 -0.035434589, 0.69014758, -0.72280061, -0.061807428;
 -0.041177545, 0.72163236, 0.69105077, 0.1357917;
 0, 0, 0, 1]
Twc:
[0.99852329, -0.035434589, -0.041177545, -0.079759434;
 0.054250255, 0.69014758, 0.72163236, -0.05985361;
 0.0028478352, -0.72280061, 0.69105077, -0.13875058;
 0, 0, 0, 1]
Ow:
[0.083283871;
 -0.061807428;
 0.1357917]
Keyframe: 22 Frame: 235 Frame from vFrameID : 236
Tcw:
[0.9979257, 0.024504863, -0.059529439, 0.10140932;
 -0.060269237, 0.6806168, -0.73015642, -0.070009217;
 0.022624351, 0.73222971, 0.68068188, 0.16480125;
 0, 0, 0, 1]
Twc:
[0.9979257, -0.060269237, 0.022624351, -0.10914689;
 0.024504863, 0.6806168, 0.73222971, -0.075507946;
 -0.059529439, -0.73015642, 0.68068188, -0.15725808;
 0, 0, 0, 1]
Ow:
[0.10140932;
 -0.070009217;
 0.16480125]
Keyframe: 23 Frame: 243 Frame from vFrameID : 244
Tcw:
[0.99840319, 0.029870527, -0.047945675, 0.11265434;
 -0.055460341, 0.67957908, -0.73150283, -0.062491708;
 0.010732505, 0.73299384, 0.68015057, 0.1868144;
 0, 0, 0, 1]
Twc:
[0.99840319, -0.055460341, 0.010732505, -0.11794525;
 0.029870527, 0.67957908, 0.73299384, -0.097830787;
 -0.047945675, -0.73150283, 0.68015057, -0.16737349;
 0, 0, 0, 1]
Ow:
[0.11265434;
 -0.062491708;
 0.1868144]
Keyframe: 24 Frame: 250 Frame from vFrameID : 251
Tcw:
[0.99904019, 0.043534759, -0.0048367782, 0.1234593;
 -0.032434579, 0.66102332, -0.74966401, -0.057139985;
 -0.029439218, 0.7491014, 0.66180092, 0.22686753;
 0, 0, 0, 1]
Twc:
[0.99904019, -0.032434579, -0.029439218, -0.11851532;
 0.043534759, 0.66102332, 0.7491014, -0.13755068;
 -0.0048367782, -0.74966401, 0.66180092, -0.19237979;
 0, 0, 0, 1]
Ow:
[0.1234593;
 -0.057139985;
 0.22686753]
Keyframe: 25 Frame: 258 Frame from vFrameID : 259
Tcw:
[0.99888599, 0.046752397, 0.0063980455, 0.12524597;
 -0.026577165, 0.66943014, -0.74239945, -0.036818713;
 -0.038991999, 0.74140239, 0.66992694, 0.23467615;
 0, 0, 0, 1]
Twc:
[0.99888599, -0.026577165, -0.038991999, -0.11693449;
 0.046752397, 0.66943014, 0.74140239, -0.15519744;
 0.0063980455, -0.74239945, 0.66992694, -0.1853514;
 0, 0, 0, 1]
Ow:
[0.12524597;
 -0.036818713;
 0.23467615]
Keyframe: 26 Frame: 266 Frame from vFrameID : 267
Tcw:
[0.99900162, 0.031059979, -0.032110099, 0.1306362;
 -0.044606365, 0.65392447, -0.75524372, -0.04505197;
 -0.0024602746, 0.75592202, 0.65465707, 0.26581162;
 0, 0, 0, 1]
Twc:
[0.99900162, -0.044606365, -0.0024602746, -0.13186142;
 0.031059979, 0.65392447, 0.75592202, -0.17552981;
 -0.032110099, -0.75524372, 0.65465707, -0.20384592;
 0, 0, 0, 1]
Ow:
[0.1306362;
 -0.04505197;
 0.26581162]
Keyframe: 27 Frame: 274 Frame from vFrameID : 275
Tcw:
[0.99862653, 0.031176675, -0.042108245, 0.15087086;
 -0.05220354, 0.6604681, -0.74903721, -0.050622992;
 0.0044586621, 0.75020659, 0.66118848, 0.29777166;
 0, 0, 0, 1]
Twc:
[0.99862653, -0.05220354, 0.0044586621, -0.154634;
 0.031176675, 0.6604681, 0.75020659, -0.19465904;
 -0.042108245, -0.74903721, 0.66118848, -0.22844878;
 0, 0, 0, 1]
Ow:
[0.15087086;
 -0.050622992;
 0.29777166]
Keyframe: 28 Frame: 282 Frame from vFrameID : 283
Tcw:
[0.99821383, 0.058251988, 0.013263342, 0.13889027;
 -0.02810644, 0.65380144, -0.75614399, -0.048742771;
 -0.052718483, 0.75442058, 0.65427089, 0.33090007;
 0, 0, 0, 1]
Twc:
[0.99821383, -0.02810644, -0.052718483, -0.12256762;
 0.058251988, 0.65380144, 0.75442058, -0.22586037;
 0.013263342, -0.75614399, 0.65427089, -0.25519699;
 0, 0, 0, 1]
Ow:
[0.13889027;
 -0.048742771;
 0.33090007]
Keyframe: 29 Frame: 291 Frame from vFrameID : 292
Tcw:
[0.99376577, 0.10544991, 0.036193155, 0.16736181;
 -0.042898554, 0.66131395, -0.74888152, -0.061906576;
 -0.10290454, 0.74266022, 0.66171479, 0.35162151;
 0, 0, 0, 1]
Twc:
[0.99376577, -0.042898554, -0.10290454, -0.13279068;
 0.10544991, 0.66131395, 0.74266022, -0.23784392;
 0.036193155, -0.74888152, 0.66171479, -0.28509122;
 0, 0, 0, 1]
Ow:
[0.16736181;
 -0.061906576;
 0.35162151]
Keyframe: 30 Frame: 300 Frame from vFrameID : 301
Tcw:
[0.99674201, 0.080535337, -0.0044010836, 0.1633403;
 -0.056283262, 0.65542889, -0.75315684, -0.060062826;
 -0.057771143, 0.75095075, 0.6578263, 0.37598059;
 0, 0, 0, 1]
Twc:
[0.99674201, -0.056283262, -0.057771143, -0.14446785;
 0.080535337, 0.65542889, 0.75095075, -0.25613067;
 -0.0044010836, -0.75315684, 0.6578263, -0.29184777;
 0, 0, 0, 1]
Ow:
[0.1633403;
 -0.060062826;
 0.37598059]
Keyframe: 31 Frame: 308 Frame from vFrameID : 309
Tcw:
[0.99743879, 0.060525667, -0.038111161, 0.18780212;
 -0.068245597, 0.64585966, -0.76039976, -0.03059195;
 -0.02140924, 0.76105314, 0.64833611, 0.39280105;
 0, 0, 0, 1]
Twc:
[0.99743879, -0.068245597, -0.02140924, -0.18099932;
 0.060525667, 0.64585966, 0.76105314, -0.29055122;
 -0.038111161, -0.76039976, 0.64833611, -0.27077186;
 0, 0, 0, 1]
Ow:
[0.18780212;
 -0.03059195;
 0.39280105]
Keyframe: 32 Frame: 317 Frame from vFrameID : 318
Tcw:
[0.99891323, 0.040491872, -0.02308261, 0.19805549;
 -0.043730628, 0.64288038, -0.76471722, -0.031853855;
 -0.016125474, 0.76489556, 0.64395249, 0.41008803;
 0, 0, 0, 1]
Twc:
[0.99891323, -0.043730628, -0.016125474, -0.19262037;
 0.040491872, 0.64288038, 0.76489556, -0.30121592;
 -0.02308261, -0.76471722, 0.64395249, -0.28386474;
 0, 0, 0, 1]
Ow:
[0.19805549;
 -0.031853855;
 0.41008803]
Keyframe: 33 Frame: 324 Frame from vFrameID : 325
Tcw:
[0.99945569, 0.032988321, 0.00020093618, 0.19878252;
 -0.020798979, 0.63485658, -0.77235001, -0.001352638;
 -0.025606096, 0.77192545, 0.63519716, 0.41461861;
 0, 0, 0, 1]
Twc:
[0.99945569, -0.020798979, -0.025606096, -0.18808569;
 0.032988321, 0.63485658, 0.77192545, -0.32575342;
 0.00020093618, -0.77235001, 0.63519716, -0.26444921;
 0, 0, 0, 1]
Ow:
[0.19878252;
 -0.001352638;
 0.41461861]
Keyframe: 34 Frame: 332 Frame from vFrameID : 333
Tcw:
[0.99880117, 0.045357417, 0.018409094, 0.19763739;
 -0.015153238, 0.64409131, -0.76479852, -0.015377864;
 -0.046546422, 0.76360267, 0.64400649, 0.42521846;
 0, 0, 0, 1]
Twc:
[0.99880117, -0.015153238, -0.046546422, -0.1778411;
 0.045357417, 0.64409131, 0.76360267, -0.32375756;
 0.018409094, -0.76479852, 0.64400649, -0.28924274;
 0, 0, 0, 1]
Ow:
[0.19763739;
 -0.015377864;
 0.42521846]
Keyframe: 35 Frame: 341 Frame from vFrameID : 342
Tcw:
[0.99906236, 0.038305838, -0.020174412, 0.21308726;
 -0.039817397, 0.63002926, -0.77554995, -0.010472938;
 -0.016997619, 0.77562606, 0.6309638, 0.45917904;
 0, 0, 0, 1]
Twc:
[0.99906236, -0.039817397, -0.016997619, -0.20549953;
 0.038305838, 0.63002926, 0.77562606, -0.35771546;
 -0.020174412, -0.77554995, 0.6309638, -0.29354873;
 0, 0, 0, 1]
Ow:
[0.21308726;
 -0.010472938;
 0.45917904]
Keyframe: 36 Frame: 348 Frame from vFrameID : 349
Tcw:
[0.99897391, 0.033146247, -0.030862467, 0.22038381;
 -0.044926271, 0.63908422, -0.76782358, 0.0010297894;
 -0.0057267537, 0.76842225, 0.63991755, 0.49258751;
 0, 0, 0, 1]
Twc:
[0.99897391, -0.044926271, -0.0057267537, -0.21729048;
 0.033146247, 0.63908422, 0.76842225, -0.38647822;
 -0.030862467, -0.76782358, 0.63991755, -0.30762312;
 0, 0, 0, 1]
Ow:
[0.22038381;
 0.0010297894;
 0.49258751]
Keyframe: 37 Frame: 356 Frame from vFrameID : 357
Tcw:
[0.99943125, 0.033322483, -0.0051696654, 0.24623789;
 -0.024448011, 0.61043942, -0.79168552, 0.014676288;
 -0.02322516, 0.79136169, 0.61090696, 0.52578622;
 0, 0, 0, 1]
Twc:
[0.99943125, -0.024448011, -0.02322516, -0.23352759;
 0.033322483, 0.61043942, 0.79136169, -0.43325132;
 -0.0051696654, -0.79168552, 0.61090696, -0.30831447;
 0, 0, 0, 1]
Ow:
[0.24623789;
 0.014676288;
 0.52578622]
Keyframe: 38 Frame: 364 Frame from vFrameID : 365
Tcw:
[0.99969071, 0.024272332, 0.0054208105, 0.23763844;
 -0.010967941, 0.62589252, -0.77983218, 0.020325601;
 -0.022321191, 0.77953154, 0.62596512, 0.5436644;
 0, 0, 0, 1]
Twc:
[0.99969071, -0.010967941, -0.022321191, -0.22520676;
 0.024272332, 0.62589252, 0.77953154, -0.44229323;
 0.0054208105, -0.77983218, 0.62596512, -0.32575262;
 0, 0, 0, 1]
Ow:
[0.23763844;
 0.020325601;
 0.5436644]
Keyframe: 39 Frame: 372 Frame from vFrameID : 373
Tcw:
[0.99975389, 0.020617006, -0.0081887236, 0.24078642;
 -0.01926605, 0.62395555, -0.78122234, 0.01262176;
 -0.010997065, 0.78118783, 0.62419921, 0.54623497;
 0, 0, 0, 1]
Twc:
[0.99975389, -0.01926605, -0.010997065, -0.23447701;
 0.020617006, 0.62395555, 0.78118783, -0.43955183;
 -0.0081887236, -0.78122234, 0.62419921, -0.32912728;
 0, 0, 0, 1]
Ow:
[0.24078642;
 0.01262176;
 0.54623497]
Keyframe: 40 Frame: 379 Frame from vFrameID : 380
Tcw:
[0.9997192, 0.019804237, -0.013011445, 0.23580518;
 -0.022497009, 0.62078464, -0.78365827, 0.0026855767;
 -0.0074424492, 0.78373098, 0.6210559, 0.55682003;
 0, 0, 0, 1]
Twc:
[0.9997192, -0.022497009, -0.0074424492, -0.23153445;
 0.019804237, 0.62078464, 0.78373098, -0.44273421;
 -0.013011445, -0.78365827, 0.6210559, -0.34064361;
 0, 0, 0, 1]
Ow:
[0.23580518;
 0.0026855767;
 0.55682003]
Keyframe: 41 Frame: 386 Frame from vFrameID : 387
Tcw:
[0.99954391, 0.027521698, -0.012431572, 0.23639627;
 -0.027121624, 0.63704741, -0.77034736, -0.0010092854;
 -0.013281767, 0.77033317, 0.63750327, 0.57158029;
 0, 0, 0, 1]
Twc:
[0.99954391, -0.027121624, -0.013281767, -0.22872423;
 0.027521698, 0.63704741, 0.77033317, -0.44617033;
 -0.012431572, -0.77034736, 0.63750327, -0.36222306;
 0, 0, 0, 1]
Ow:
[0.23639627;
 -0.0010092854;
 0.57158029]
Keyframe: 42 Frame: 393 Frame from vFrameID : 394
Tcw:
[0.99962169, 0.021996738, 0.016510183, 0.24542581;
 -0.0014642036, 0.64200431, -0.76669961, -0.0022827685;
 -0.0274645, 0.76638544, 0.64179367, 0.57663882;
 0, 0, 0, 1]
Twc:
[0.99962169, -0.0014642036, -0.0274645, -0.22949922;
 0.021996738, 0.64200431, 0.76638544, -0.44586053;
 0.016510183, -0.76669961, 0.64179367, -0.37588534;
 0, 0, 0, 1]
Ow:
[0.24542581;
 -0.0022827685;
 0.57663882]
Keyframe: 43 Frame: 400 Frame from vFrameID : 401
Tcw:
[0.99684536, 0.039090827, 0.069074363, 0.24154815;
 0.027048301, 0.65088218, -0.75869673, -0.016183496;
 -0.074617356, 0.75817168, 0.64777154, 0.59526145;
 0, 0, 0, 1]
Twc:
[0.99684536, 0.027048301, -0.074617356, -0.19593157;
 0.039090827, 0.65088218, 0.75817168, -0.45021912;
 0.069074363, -0.75869673, 0.64777154, -0.41455662;
 0, 0, 0, 1]
Ow:
[0.24154815;
 -0.016183496;
 0.59526145]
Keyframe: 44 Frame: 407 Frame from vFrameID : 408
Tcw:
[0.99763173, 0.0451493, 0.051889353, 0.24301076;
 0.0099478504, 0.6517601, -0.75835991, -0.02346164;
 -0.068058833, 0.75708014, 0.6497674, 0.60411084;
 0, 0, 0, 1]
Twc:
[0.99763173, 0.0099478504, -0.068058833, -0.20108677;
 0.0451493, 0.6517601, 0.75708014, -0.45304072;
 0.051889353, -0.75835991, 0.6497674, -0.42293361;
 0, 0, 0, 1]
Ow:
[0.24301076;
 -0.02346164;
 0.60411084]
Keyframe: 45 Frame: 414 Frame from vFrameID : 415
Tcw:
[0.99969667, 0.024447728, -0.0029882537, 0.24375792;
 -0.017949209, 0.6400795, -0.76809901, -0.025454581;
 -0.016865555, 0.7679196, 0.64032412, 0.61598003;
 0, 0, 0, 1]
Twc:
[0.99969667, -0.017949209, -0.016865555, -0.233752;
 0.024447728, 0.6400795, 0.7679196, -0.46268952;
 -0.0029882537, -0.76809901, 0.64032412, -0.41325012;
 0, 0, 0, 1]
Ow:
[0.24375792;
 -0.025454581;
 0.61598003]
Keyframe: 46 Frame: 421 Frame from vFrameID : 422
Tcw:
[0.99970919, 0.0047570295, -0.023641637, 0.25621504;
 -0.02098977, 0.65433854, -0.7559104, -0.031723499;
 0.011873746, 0.75618678, 0.65424812, 0.6300804;
 0, 0, 0, 1]
Twc:
[0.99970919, -0.02098977, 0.011873746, -0.2642878;
 0.0047570295, 0.65433854, 0.75618678, -0.45691937;
 -0.023641637, -0.7559104, 0.65424812, -0.43015167;
 0, 0, 0, 1]
Ow:
[0.25621504;
 -0.031723499;
 0.6300804]
Keyframe: 47 Frame: 427 Frame from vFrameID : 428
Tcw:
[0.9998799, 0.015497074, -4.576697e-05, 0.25931269;
 -0.010064569, 0.64712036, -0.76232147, -0.026727289;
 -0.011784135, 0.76223034, 0.64719862, 0.65349913;
 0, 0, 0, 1]
Twc:
[0.9998799, -0.010064569, -0.011784135, -0.25184965;
 0.015497074, 0.64712036, 0.76223034, -0.48483968;
 -4.576697e-05, -0.76232147, 0.64719862, -0.44330662;
 0, 0, 0, 1]
Ow:
[0.25931269;
 -0.026727289;
 0.65349913]
Keyframe: 48 Frame: 435 Frame from vFrameID : 436
Tcw:
[0.99840498, 0.03393849, 0.045117855, 0.25685284;
 0.013956537, 0.62597919, -0.77971488, -0.024917811;
 -0.054705184, 0.77910089, 0.62450707, 0.67141783;
 0, 0, 0, 1]
Twc:
[0.99840498, 0.013956537, -0.054705184, -0.21936537;
 0.03393849, 0.62597919, 0.77910089, -0.5162214;
 0.045117855, -0.77971488, 0.62450707, -0.45032263;
 0, 0, 0, 1]
Ow:
[0.25685284;
 -0.024917811;
 0.67141783]
Keyframe: 49 Frame: 442 Frame from vFrameID : 443
Tcw:
[0.99823558, 0.041485459, 0.042481087, 0.2849876;
 0.0061039911, 0.63995391, -0.76838905, -0.03285706;
 -0.059062909, 0.76729262, 0.63857156, 0.6813513;
 0, 0, 0, 1]
Twc:
[0.99823558, 0.0061039911, -0.059062909, -0.24404162;
 0.041485459, 0.63995391, 0.76729262, -0.51359165;
 0.042481087, -0.76838905, 0.63857156, -0.47244513;
 0, 0, 0, 1]
Ow:
[0.2849876;
 -0.03285706;
 0.6813513]
Keyframe: 50 Frame: 448 Frame from vFrameID : 449
Tcw:
[0.99898875, 0.043564558, 0.011118291, 0.29106483;
 -0.017353097, 0.60172087, -0.79851794, -0.029966325;
 -0.041477188, 0.79751748, 0.60186833, 0.69179779;
 0, 0, 0, 1]
Twc:
[0.99898875, -0.017353097, -0.041477188, -0.26259667;
 0.043564558, 0.60172087, 0.79751748, -0.54636961;
 0.011118291, -0.79851794, 0.60186833, -0.44353598;
 0, 0, 0, 1]
Ow:
[0.29106483;
 -0.029966325;
 0.69179779]
Keyframe: 51 Frame: 455 Frame from vFrameID : 456
Tcw:
[0.99974, 0.021960458, -0.0061375131, 0.30063534;
 -0.0183852, 0.61712474, -0.78665054, -0.033219665;
 -0.013487595, 0.78655887, 0.61736798, 0.71813112;
 0, 0, 0, 1]
Twc:
[0.99974, -0.0183852, -0.013487595, -0.29148206;
 0.021960458, 0.61712474, 0.78655887, -0.55095381;
 -0.0061375131, -0.78665054, 0.61736798, -0.46763831;
 0, 0, 0, 1]
Ow:
[0.30063534;
 -0.033219665;
 0.71813112]
Keyframe: 52 Frame: 462 Frame from vFrameID : 463
Tcw:
[0.99942511, 0.033658694, 0.0040608407, 0.30703467;
 -0.018544791, 0.64301991, -0.76562488, -0.04072541;
 -0.028381137, 0.76510942, 0.64327449, 0.73418951;
 0, 0, 0, 1]
Twc:
[0.99942511, -0.018544791, -0.028381137, -0.28677627;
 0.033658694, 0.64301991, 0.76510942, -0.54588246;
 0.0040608407, -0.76562488, 0.64327449, -0.50471258;
 0, 0, 0, 1]
Ow:
[0.30703467;
 -0.04072541;
 0.73418951]
Keyframe: 53 Frame: 469 Frame from vFrameID : 470
Tcw:
[0.99845856, 0.024505058, 0.049799357, 0.30920845;
 0.022166235, 0.64652997, -0.76256651, -0.021559149;
 -0.050883513, 0.76249492, 0.64499021, 0.76182783;
 0, 0, 0, 1]
Twc:
[0.99845856, 0.022166235, -0.050883513, -0.2694895;
 0.024505058, 0.64652997, 0.76249492, -0.5745284;
 0.049799357, -0.76256651, 0.64499021, -0.52321017;
 0, 0, 0, 1]
Ow:
[0.30920845;
 -0.021559149;
 0.76182783]
Keyframe: 54 Frame: 476 Frame from vFrameID : 477
Tcw:
[0.99653548, 0.035876919, 0.075032555, 0.31125686;
 0.033896554, 0.64863944, -0.76034063, -0.018945783;
 -0.075947754, 0.76024979, 0.64517611, 0.77088332;
 0, 0, 0, 1]
Twc:
[0.99653548, 0.033896554, -0.075947754, -0.25098947;
 0.035876919, 0.64863944, 0.76024979, -0.5849418;
 0.075032555, -0.76034063, 0.64517611, -0.53511512;
 0, 0, 0, 1]
Ow:
[0.31125686;
 -0.018945783;
 0.77088332]
Keyframe: 55 Frame: 483 Frame from vFrameID : 484
Tcw:
[0.9994061, 0.024509978, 0.024222784, 0.33117369;
 0.0032138415, 0.63356847, -0.77367991, -0.026876152;
 -0.03430967, 0.77329826, 0.63311344, 0.79320192;
 0, 0, 0, 1]
Twc:
[0.9994061, 0.0032138415, -0.03430967, -0.30367613;
 0.024509978, 0.63356847, 0.77329826, -0.60447085;
 0.024222784, -0.77367991, 0.63311344, -0.53100228;
 0, 0, 0, 1]
Ow:
[0.33117369;
 -0.026876152;
 0.79320192]
Keyframe: 56 Frame: 492 Frame from vFrameID : 493
Tcw:
[0.99971443, 0.023657072, -0.003372449, 0.33326137;
 -0.017586712, 0.63283968, -0.77408314, -0.035321534;
 -0.016178321, 0.77392137, 0.633075, 0.82432401;
 0, 0, 0, 1]
Twc:
[0.99971443, -0.017586712, -0.016178321, -0.32045123;
 0.023657072, 0.63283968, 0.77392137, -0.62349308;
 -0.003372449, -0.77408314, 0.633075, -0.54807681;
 0, 0, 0, 1]
Ow:
[0.33326137;
 -0.035321534;
 0.82432401]
Keyframe: 57 Frame: 500 Frame from vFrameID : 501
Tcw:
[0.9995299, 0.029136013, 0.0095413541, 0.34675246;
 -0.011302588, 0.63948137, -0.76872349, -0.042500436;
 -0.028499056, 0.76825428, 0.6395101, 0.82861835;
 0, 0, 0, 1]
Twc:
[0.9995299, -0.011302588, -0.028499056, -0.32345498;
 0.029136013, 0.63948137, 0.76825428, -0.61951435;
 0.0095413541, -0.76872349, 0.6395101, -0.56588936;
 0, 0, 0, 1]
Ow:
[0.34675246;
 -0.042500436;
 0.82861835]
Keyframe: 58 Frame: 508 Frame from vFrameID : 509
Tcw:
[0.9965592, 0.042808741, 0.070973076, 0.3444773;
 0.028084744, 0.63123041, -0.7750867, -0.028363258;
 -0.077980854, 0.77441305, 0.62785619, 0.84556127;
 0, 0, 0, 1]
Twc:
[0.9965592, 0.028084744, -0.077980854, -0.27655786;
 0.042808741, 0.63123041, 0.77441305, -0.65165657;
 0.070973076, -0.7750867, 0.62785619, -0.5773235;
 0, 0, 0, 1]
Ow:
[0.3444773;
 -0.028363258;
 0.84556127]
Keyframe: 59 Frame: 516 Frame from vFrameID : 517
Tcw:
[0.99712491, 0.041433785, 0.063444443, 0.33334127;
 0.022377608, 0.63891268, -0.76895374, -0.024240732;
 -0.072396122, 0.76816267, 0.63614851, 0.86823308;
 0, 0, 0, 1]
Twc:
[0.99712491, 0.022377608, -0.072396122, -0.26898369;
 0.041433785, 0.63891268, 0.76816267, -0.66526812;
 0.063444443, -0.76895374, 0.63614851, -0.59211385;
 0, 0, 0, 1]
Ow:
[0.33334127;
 -0.024240732;
 0.86823308]
Keyframe: 60 Frame: 524 Frame from vFrameID : 525
Tcw:
[0.99822301, 0.056878731, 0.017765863, 0.3637062;
 -0.021594645, 0.62317419, -0.78178489, -0.018174052;
 -0.055538159, 0.78001201, 0.62329507, 0.89425516;
 0, 0, 0, 1]
Twc:
[0.99822301, -0.021594645, -0.055538159, -0.31378707;
 0.056878731, 0.62317419, 0.78001201, -0.70689136;
 0.017765863, -0.78178489, 0.62329507, -0.57805461;
 0, 0, 0, 1]
Ow:
[0.3637062;
 -0.018174052;
 0.89425516]
Keyframe: 61 Frame: 531 Frame from vFrameID : 532
Tcw:
[0.99896228, 0.039617248, 0.022469098, 0.34780309;
 -0.0079994518, 0.63828218, -0.76976091, -0.0077033937;
 -0.044837434, 0.76878238, 0.63793677, 0.92275321;
 0, 0, 0, 1]
Twc:
[0.99896228, -0.0079994518, -0.044837434, -0.3061299;
 0.039617248, 0.63828218, 0.76878238, -0.71825838;
 0.022469098, -0.76976091, 0.63793677, -0.60240275;
 0, 0, 0, 1]
Ow:
[0.34780309;
 -0.0077033937;
 0.92275321]
Keyframe: 62 Frame: 538 Frame from vFrameID : 539
Tcw:
[0.99912077, 0.031389412, 0.027792184, 0.36401817;
 0.0014477886, 0.63667578, -0.77113026, -0.014599502;
 -0.041899934, 0.77049249, 0.63607055, 0.92507678;
 0, 0, 0, 1]
Twc:
[0.99912077, 0.0014477886, -0.041899934, -0.32491633;
 0.031389412, 0.63667578, 0.77049249, -0.7148959;
 0.027792184, -0.77113026, 0.63607055, -0.60978907;
 0, 0, 0, 1]
Ow:
[0.36401817;
 -0.014599502;
 0.92507678]
Keyframe: 63 Frame: 545 Frame from vFrameID : 546
Tcw:
[0.99652314, 0.053764988, 0.063646771, 0.35899672;
 0.01557309, 0.63025558, -0.77623153, -0.0063233376;
 -0.081847809, 0.77452385, 0.62722701, 0.93636882;
 0, 0, 0, 1]
Twc:
[0.99652314, 0.01557309, -0.081847809, -0.28101036;
 0.053764988, 0.63025558, 0.77452385, -0.74055612;
 0.063646771, -0.77623153, 0.62722701, -0.61507314;
 0, 0, 0, 1]
Ow:
[0.35899672;
 -0.0063233376;
 0.93636882]
Keyframe: 64 Frame: 552 Frame from vFrameID : 553
Tcw:
[0.99592769, 0.04977439, 0.075170167, 0.35810354;
 0.025213713, 0.64673662, -0.76229656, -0.0012973845;
 -0.086558141, 0.76108754, 0.6428479, 0.9628464;
 0, 0, 0, 1]
Twc:
[0.99592769, 0.025213713, -0.086558141, -0.27327034;
 0.04977439, 0.64673662, 0.76108754, -0.74979573;
 0.075170167, -0.76229656, 0.6428479, -0.64687145;
 0, 0, 0, 1]
Ow:
[0.35810354;
 -0.0012973845;
 0.9628464]
Keyframe: 65 Frame: 559 Frame from vFrameID : 560
Tcw:
[0.99939775, 0.027467569, 0.021204205, 0.36193538;
 -0.0018878657, 0.65320826, -0.75717592, -0.014499575;
 -0.034648545, 0.75667995, 0.65286672, 0.97496992;
 0, 0, 0, 1]
Twc:
[0.99939775, -0.0018878657, -0.034648545, -0.3279635;
 0.027467569, 0.65320826, 0.75667995, -0.73821038;
 0.021204205, -0.75717592, 0.65286672, -0.65517873;
 0, 0, 0, 1]
Ow:
[0.36193538;
 -0.014499575;
 0.97496992]
Keyframe: 66 Frame: 566 Frame from vFrameID : 567
Tcw:
[0.99992299, 0.011413488, 0.0048700464, 0.36562875;
 -0.0036094324, 0.64300287, -0.76585525, -0.0096054077;
 -0.011872533, 0.76577872, 0.64299458, 0.98766112;
 0, 0, 0, 1]
Twc:
[0.99992299, -0.0036094324, -0.011872533, -0.35390925;
 0.011413488, 0.64300287, 0.76577872, -0.75432658;
 0.0048700464, -0.76585525, 0.64299458, -0.64419764;
 0, 0, 0, 1]
Ow:
[0.36562875;
 -0.0096054077;
 0.98766112]
Keyframe: 67 Frame: 574 Frame from vFrameID : 575
Tcw:
[0.99772495, 0.021903308, 0.063758925, 0.3709698;
 0.033755478, 0.65635324, -0.75369823, -0.0007699132;
 -0.058356859, 0.75413573, 0.65412062, 1.0020475;
 0, 0, 0, 1]
Twc:
[0.99772495, 0.033755478, -0.058356859, -0.31162348;
 0.021903308, 0.65635324, 0.75413573, -0.76329994;
 0.063758925, -0.75369823, 0.65412062, -0.67969286;
 0, 0, 0, 1]
Ow:
[0.3709698;
 -0.0007699132;
 1.0020475]
Keyframe: 68 Frame: 582 Frame from vFrameID : 583
Tcw:
[0.9972589, 0.0095321545, 0.073374435, 0.37293443;
 0.049499113, 0.65113074, -0.75734973, -0.0068560839;
 -0.054995522, 0.75890577, 0.64887404, 1.0128669;
 0, 0, 0, 1]
Twc:
[0.9972589, 0.049499113, -0.054995522, -0.31586966;
 0.0095321545, 0.65113074, 0.75890577, -0.76776111;
 0.073374435, -0.75734973, 0.64887404, -0.68977934;
 0, 0, 0, 1]
Ow:
[0.37293443;
 -0.0068560839;
 1.0128669]
Keyframe: 69 Frame: 589 Frame from vFrameID : 590
Tcw:
[0.99776965, -0.033055335, 0.057992235, 0.38821518;
 0.065648697, 0.64319742, -0.76288092, 0.00030374527;
 -0.012083174, 0.76498652, 0.64393294, 1.0377977;
 0, 0, 0, 1]
Twc:
[0.99776965, 0.065648697, -0.012083174, -0.37482935;
 -0.033055335, 0.64319742, 0.76498652, -0.78126407;
 0.057992235, -0.76288092, 0.64393294, -0.69055384;
 0, 0, 0, 1]
Ow:
[0.38821518;
 0.00030374527;
 1.0377977]
Keyframe: 70 Frame: 596 Frame from vFrameID : 597
Tcw:
[0.99984998, -0.0090756072, 0.014752042, 0.39117458;
 0.017124061, 0.64579505, -0.76331878, -0.0025337934;
 -0.0025992142, 0.76345688, 0.64585358, 1.0470884;
 0, 0, 0, 1]
Twc:
[0.99984998, 0.017124061, -0.0025992142, -0.3883509;
 -0.0090756072, 0.64579505, 0.76345688, -0.79422039;
 0.014752042, -0.76331878, 0.64585358, -0.68397051;
 0, 0, 0, 1]
Ow:
[0.39117458;
 -0.0025337934;
 1.0470884]
Keyframe: 71 Frame: 603 Frame from vFrameID : 604
Tcw:
[0.9997347, -0.0060082492, 0.022236424, 0.39789793;
 0.020597169, 0.66533238, -0.74626309, 0.0052346587;
 -0.010310878, 0.74652308, 0.66527963, 1.0590618;
 0, 0, 0, 1]
Twc:
[0.9997347, 0.020597169, -0.010310878, -0.38698032;
 -0.0060082492, 0.66533238, 0.74652308, -0.7917062;
 0.022236424, -0.74626309, 0.66527963, -0.7095136;
 0, 0, 0, 1]
Ow:
[0.39789793;
 0.0052346587;
 1.0590618]
Keyframe: 72 Frame: 611 Frame from vFrameID : 612
Tcw:
[0.99850512, 0.022174271, 0.049958635, 0.40149632;
 0.022832302, 0.66123462, -0.74983162, 0.0070180893;
 -0.04966135, 0.74985141, 0.65973985, 1.0683877;
 0, 0, 0, 1]
Twc:
[0.99850512, 0.022832302, -0.04966135, -0.3479988;
 0.022174271, 0.66123462, 0.74985141, -0.81467539;
 0.049958635, -0.74983162, 0.65973985, -0.71965373;
 0, 0, 0, 1]
Ow:
[0.40149632;
 0.0070180893;
 1.0683877]
Keyframe: 73 Frame: 618 Frame from vFrameID : 619
Tcw:
[0.99846148, -0.0082643125, 0.054830741, 0.40623891;
 0.046226628, 0.67016447, -0.74077165, 0.0016154051;
 -0.030623645, 0.74216664, 0.66951543, 1.0754153;
 0, 0, 0, 1]
Twc:
[0.99846148, 0.046226628, -0.030623645, -0.37275541;
 -0.0082643125, 0.67016447, 0.74216664, -0.79586262;
 0.054830741, -0.74077165, 0.66951543, -0.74108487;
 0, 0, 0, 1]
Ow:
[0.40623891;
 0.0016154051;
 1.0754153]
Keyframe: 74 Frame: 626 Frame from vFrameID : 627
Tcw:
[0.99917817, -0.0396838, 0.0082580578, 0.425035;
 0.032304533, 0.65656209, -0.75357985, 0.0062506795;
 0.024482986, 0.75322735, 0.65730447, 1.1113951;
 0, 0, 0, 1]
Twc:
[0.99917817, 0.032304533, 0.024482986, -0.45209786;
 -0.0396838, 0.65656209, 0.75322735, -0.82437015;
 0.0082580578, -0.75357985, 0.65730447, -0.72932458;
 0, 0, 0, 1]
Ow:
[0.425035;
 0.0062506795;
 1.1113951]
Keyframe: 75 Frame: 634 Frame from vFrameID : 635
Tcw:
[0.99899036, -0.037937447, -0.024062874, 0.43229619;
 0.0073526325, 0.66646671, -0.74549854, 0.0070842505;
 0.044319417, 0.74456894, 0.66607273, 1.1131771;
 0, 0, 0, 1]
Twc:
[0.99899036, 0.0073526325, 0.044319417, -0.48124719;
 -0.037937447, 0.66646671, 0.74456894, -0.81715822;
 -0.024062874, -0.74549854, 0.66607273, -0.72577333;
 0, 0, 0, 1]
Ow:
[0.43229619;
 0.0070842505;
 1.1131771]
Keyframe: 76 Frame: 642 Frame from vFrameID : 643
Tcw:
[0.99914515, -0.028900165, -0.029559288, 0.43806282;
 -0.0027833721, 0.66638237, -0.74560499, 0.000872612;
 0.041245896, 0.74504989, 0.66573226, 1.1204203;
 0, 0, 0, 1]
Twc:
[0.99914515, -0.0027833721, 0.041245896, -0.48389867;
 -0.028900165, 0.66638237, 0.74504989, -0.82269049;
 -0.029559288, -0.74560499, 0.66573226, -0.73230052;
 0, 0, 0, 1]
Ow:
[0.43806282;
 0.000872612;
 1.1204203]
Keyframe: 77 Frame: 650 Frame from vFrameID : 651
Tcw:
[0.99994838, -0.00094756455, 0.010115908, 0.4437193;
 0.0082530072, 0.65646577, -0.75431067, -0.0045207143;
 -0.0059259892, 0.75435519, 0.65643972, 1.1320556;
 0, 0, 0, 1]
Twc:
[0.99994838, 0.0082530072, -0.0059259892, -0.43695053;
 -0.00094756455, 0.65646577, 0.75435519, -0.85058391;
 0.010115908, -0.75431067, 0.65643972, -0.7510249;
 0, 0, 0, 1]
Ow:
[0.4437193;
 -0.0045207143;
 1.1320556]
Keyframe: 78 Frame: 658 Frame from vFrameID : 659
Tcw:
[0.99884152, 0.022857949, 0.042344753, 0.44639382;
 0.015852105, 0.67455572, -0.73805374, -0.0041902661;
 -0.045434289, 0.73786998, 0.67341191, 1.1392063;
 0, 0, 0, 1]
Twc:
[0.99884152, 0.015852105, -0.045434289, -0.39405128;
 0.022857949, 0.67455572, 0.73786998, -0.84796321;
 0.042344753, -0.73805374, 0.67341191, -0.78915018;
 0, 0, 0, 1]
Ow:
[0.44639382;
 -0.0041902661;
 1.1392063]
Keyframe: 79 Frame: 665 Frame from vFrameID : 666
Tcw:
[0.99980497, 0.014962047, 0.01288807, 0.4482035;
 -0.00012884247, 0.65757042, -0.75339305, -0.0020104051;
 -0.019747118, 0.75324446, 0.65744412, 1.1488616;
 0, 0, 0, 1]
Twc:
[0.99980497, -0.00012884247, -0.019747118, -0.42542967;
 0.014962047, 0.65757042, 0.75324446, -0.87075782;
 0.01288807, -0.75339305, 0.65744412, -0.76260346;
 0, 0, 0, 1]
Ow:
[0.4482035;
 -0.0020104051;
 1.1488616]
Keyframe: 80 Frame: 674 Frame from vFrameID : 675
Tcw:
[0.99993193, 0.010082371, -0.005872075, 0.45574024;
 -0.011131009, 0.67343748, -0.73916036, -0.0039442182;
 -0.0034980136, 0.73917544, 0.67350388, 1.1507499;
 0, 0, 0, 1]
Twc:
[0.99993193, -0.011131009, -0.0034980136, -0.45172778;
 0.010082371, 0.67343748, 0.73917544, -0.85254478;
 -0.005872075, -0.73916036, 0.67350388, -0.77527374;
 0, 0, 0, 1]
Ow:
[0.45574024;
 -0.0039442182;
 1.1507499]
Keyframe: 81 Frame: 682 Frame from vFrameID : 683
Tcw:
[0.9994362, 0.031753648, 0.010906646, 0.45739502;
 -0.012661627, 0.65732962, -0.75349683, -0.0090439916;
 -0.031095535, 0.75293392, 0.65736109, 1.165096;
 0, 0, 0, 1]
Twc:
[0.9994362, -0.012661627, -0.031095535, -0.42102239;
 0.031753648, 0.65732962, 0.75293392, -0.88581944;
 0.010906646, -0.75349683, 0.65736109, -0.77769208;
 0, 0, 0, 1]
Ow:
[0.45739502;
 -0.0090439916;
 1.165096]
Keyframe: 82 Frame: 689 Frame from vFrameID : 690
Tcw:
[0.99739939, 0.040408079, 0.059679944, 0.45241588;
 0.017810531, 0.6641798, -0.74736065, 0.0068278313;
 -0.069837622, 0.74647999, 0.66173285, 1.1689068;
 0, 0, 0, 1]
Twc:
[0.99739939, 0.017810531, -0.069837622, -0.36972725;
 0.040408079, 0.6641798, 0.74647999, -0.89538163;
 0.059679944, -0.74736065, 0.66173285, -0.79540128;
 0, 0, 0, 1]
Ow:
[0.45241588;
 0.0068278313;
 1.1689068]
Keyframe: 83 Frame: 697 Frame from vFrameID : 698
Tcw:
[0.99708539, 0.044087671, 0.062265225, 0.46509612;
 0.016797373, 0.66924471, -0.74285215, -0.0062890649;
 -0.074421294, 0.74173295, 0.66655362, 1.1838313;
 0, 0, 0, 1]
Twc:
[0.99708539, 0.016797373, -0.074421294, -0.37553266;
 0.044087671, 0.66924471, 0.74173295, -0.89438277;
 0.062265225, -0.74285215, 0.66655362, -0.82271814;
 0, 0, 0, 1]
Ow:
[0.46509612;
 -0.0062890649;
 1.1838313]
Keyframe: 84 Frame: 705 Frame from vFrameID : 706
Tcw:
[0.99952012, 0.027250314, 0.014730778, 0.47571555;
 -0.0072709066, 0.66863626, -0.74355412, -0.0061110258;
 -0.030111615, 0.74309015, 0.66851348, 1.1862096;
 0, 0, 0, 1]
Twc:
[0.99952012, -0.0072709066, -0.030111615, -0.43981299;
 0.027250314, 0.66863626, 0.74309015, -0.89033806;
 0.014730778, -0.74355412, 0.66851348, -0.80454868;
 0, 0, 0, 1]
Ow:
[0.47571555;
 -0.0061110258;
 1.1862096]
Keyframe: 85 Frame: 713 Frame from vFrameID : 714
Tcw:
[0.99974841, 0.017957211, 0.013441831, 0.48323202;
 -0.0020156112, 0.66875046, -0.7434842, 0.0038345456;
 -0.022340132, 0.74327004, 0.66861838, 1.1924276;
 0, 0, 0, 1]
Twc:
[0.99974841, -0.0020156112, -0.022340132, -0.45646369;
 0.017957211, 0.66875046, 0.74327004, -0.89753759;
 0.013441831, -0.7434842, 0.66861838, -0.80092365;
 0, 0, 0, 1]
Ow:
[0.48323202;
 0.0038345456;
 1.1924276]
Keyframe: 86 Frame: 720 Frame from vFrameID : 721
Tcw:
[0.99892032, 0.021823917, 0.0410106, 0.48295677;
 0.015954696, 0.66792566, -0.744057, 0.013454318;
 -0.043630268, 0.74390799, 0.66685629, 1.2032042;
 0, 0, 0, 1]
Twc:
[0.99892032, 0.015954696, -0.043630268, -0.43015391;
 0.021823917, 0.66792566, 0.74390799, -0.91459966;
 0.0410106, -0.744057, 0.66685629, -0.81215984;
 0, 0, 0, 1]
Ow:
[0.48295677;
 0.013454318;
 1.2032042]
Keyframe: 87 Frame: 728 Frame from vFrameID : 729
Tcw:
[0.99859524, 0.014295396, 0.051021181, 0.49602705;
 0.028707687, 0.66337192, -0.74773896, 0.0092070103;
 -0.044535246, 0.74815327, 0.66202968, 1.215313;
 0, 0, 0, 1]
Twc:
[0.99859524, 0.028707687, -0.044535246, -0.44147032;
 0.014295396, 0.66337192, 0.74815327, -0.92243898;
 0.051021181, -0.74773896, 0.66202968, -0.82299674;
 0, 0, 0, 1]
Ow:
[0.49602705;
 0.0092070103;
 1.215313]
Keyframe: 88 Frame: 736 Frame from vFrameID : 737
Tcw:
[0.99989331, -0.0074062161, 0.012588637, 0.49823514;
 0.014349699, 0.65879536, -0.75218534, 0.010855436;
 -0.002722488, 0.75228572, 0.65883136, 1.2370636;
 0, 0, 0, 1]
Twc:
[0.99989331, 0.014349699, -0.002722488, -0.49496987;
 -0.0074062161, 0.65879536, 0.75228572, -0.93408686;
 0.012588637, -0.75218534, 0.65883136, -0.81312311;
 0, 0, 0, 1]
Ow:
[0.49823514;
 0.010855436;
 1.2370636]
Keyframe: 89 Frame: 744 Frame from vFrameID : 745
Tcw:
[0.99972183, -0.021710973, -0.0092147384, 0.50207859;
 0.0076066772, 0.66661602, -0.74536246, 0.01992172;
 0.022325236, 0.74508506, 0.6665957, 1.2593546;
 0, 0, 0, 1]
Twc:
[0.99972183, 0.0076066772, 0.022325236, -0.53020585;
 -0.021710973, 0.66661602, 0.74508506, -0.94070584;
 -0.0092147384, -0.74536246, 0.6665957, -0.820005;
 0, 0, 0, 1]
Ow:
[0.50207859;
 0.01992172;
 1.2593546]
Keyframe: 90 Frame: 752 Frame from vFrameID : 753
Tcw:
