Keyframe: 0 Frame: 0 Frame from vFrameID : 1109
Tcw:
[0.99985003, 0.0025530364, 0.017129362, 0.078048214;
 0.010147304, 0.71515393, -0.69889337, 0.0071948534;
 -0.01403443, 0.69896233, 0.71502078, 0.011123611;
 0, 0, 0, 1]
Twc:
[0.99985003, 0.010147304, -0.01403443, -0.077953398;
 0.0025530364, 0.71515393, 0.69896233, -0.013119671;
 0.017129362, -0.69889337, 0.71502078, -0.0042620935;
 0, 0, 0, 1]
Ow:
[0.078048214;
 0.0071948534;
 0.011123611]
Keyframe: 1 Frame: 1114 Frame from vFrameID : 1109
Tcw:
[0.99971372, 0.0041664909, 0.023561567, 0.078743167;
 0.013385407, 0.71883208, -0.69505483, 0.0069101797;
 -0.019832751, 0.69517124, 0.71857053, 0.012154479;
 0, 0, 0, 1]
Twc:
[0.99971372, 0.013385407, -0.019832751, -0.078572065;
 0.0041664909, 0.71883208, 0.69517124, -0.013744785;
 0.023561567, -0.69505483, 0.71857053, -0.0057862084;
 0, 0, 0, 1]
Ow:
[0.078743167;
 0.0069101797;
 0.012154479]
Keyframe: 2 Frame: 1117 Frame from vFrameID : 1118
Tcw:
[0.99965239, 0.011063455, 0.023930527, 0.079208329;
 0.0085364832, 0.72296405, -0.69083291, 0.0069564879;
 -0.024943911, 0.69079703, 0.72261834, 0.013902957;
 0, 0, 0, 1]
Twc:
[0.99965239, 0.0085364832, -0.024943911, -0.078893386;
 0.011063455, 0.72296405, 0.69079703, -0.01550973;
 0.023930527, -0.69083291, 0.72261834, -0.0071362574;
 0, 0, 0, 1]
Ow:
[0.079208329;
 0.0069564879;
 0.013902957]
Keyframe: 3 Frame: 1119 Frame from vFrameID : 1120
Tcw:
[0.99971825, 0.010927899, 0.021070221, 0.079222992;
 0.0066684028, 0.72264349, -0.69118875, 0.0068715345;
 -0.0227795, 0.69113451, 0.72236705, 0.014506403;
 0, 0, 0, 1]
Twc:
[0.99971825, 0.0066684028, -0.0227795, -0.07891605;
 0.010927899, 0.72264349, 0.69113451, -0.015857287;
 0.021070221, -0.69118875, 0.72236705, -0.0073986659;
 0, 0, 0, 1]
Ow:
[0.079222992;
 0.0068715345;
 0.014506403]
Keyframe: 4 Frame: 1120 Frame from vFrameID : 1121
Tcw:
[0.99985194, 0.008975789, 0.01468101, 0.080168776;
 0.0036781449, 0.72197634, -0.691908, 0.0071607972;
 -0.016809762, 0.69185954, 0.72183639, 0.014609076;
 0, 0, 0, 1]
Twc:
[0.99985194, 0.0036781449, -0.016809762, -0.079937674;
 0.008975789, 0.72197634, 0.69185954, -0.015996933;
 0.01468101, -0.691908, 0.72183639, -0.0067677088;
 0, 0, 0, 1]
Ow:
[0.080168776;
 0.0071607972;
 0.014609076]
Keyframe: 5 Frame: 1122 Frame from vFrameID : 1123
Tcw:
[0.99993813, -0.0040017706, -0.010379864, 0.081320867;
 -0.0042779394, 0.72298765, -0.69084775, 0.0071330396;
 0.010269127, 0.69084936, 0.72292578, 0.015773691;
 0, 0, 0, 1]
Twc:
[0.99993813, -0.0042779394, 0.010269127, -0.081447296;
 -0.0040017706, 0.72298765, 0.69084936, -0.015728917;
 -0.010379864, -0.69084775, 0.72292578, -0.0056312652;
 0, 0, 0, 1]
Ow:
[0.081320867;
 0.0071330396;
 0.015773691]
Keyframe: 6 Frame: 1125 Frame from vFrameID : 1126
Tcw:
[0.99949336, -0.019530939, -0.025130283, 0.082756795;
 -0.0032505735, 0.72280836, -0.69104087, 0.0077495109;
 0.031661056, 0.69077247, 0.72237867, 0.017103426;
 0, 0, 0, 1]
Twc:
[0.99949336, -0.0032505735, 0.031661056, -0.083231196;
 -0.019530939, 0.72280836, 0.69077247, -0.01579967;
 -0.025130283, -0.69104087, 0.72237867, -0.00492022;
 0, 0, 0, 1]
Ow:
[0.082756795;
 0.0077495109;
 0.017103426]
Keyframe: 7 Frame: 1128 Frame from vFrameID : 1129
Tcw:
[0.99821389, -0.031331416, -0.050866302, 0.083327055;
 -0.012055655, 0.72828096, -0.68517262, 0.0095442161;
 0.05851239, 0.68456203, 0.72660244, 0.017842101;
 0, 0, 0, 1]
Twc:
[0.99821389, -0.012055655, 0.05851239, -0.084107146;
 -0.031331416, 0.72828096, 0.68456203, -0.016554141;
 -0.050866302, -0.68517262, 0.72660244, -0.0021861403;
 0, 0, 0, 1]
Ow:
[0.083327055;
 0.0095442161;
 0.017842101]
Keyframe: 8 Frame: 1132 Frame from vFrameID : 1133
Tcw:
[0.99784297, -0.026543656, -0.060040254, 0.08353667;
 -0.021316947, 0.73402411, -0.67878878, 0.0078361798;
 0.062088531, 0.67860448, 0.73187494, 0.023755077;
 0, 0, 0, 1]
Twc:
[0.99784297, -0.021316947, 0.062088531, -0.084664352;
 -0.026543656, 0.73402411, 0.67860448, -0.019654877;
 -0.060040254, -0.67878878, 0.73187494, -0.0070510721;
 0, 0, 0, 1]
Ow:
[0.08353667;
 0.0078361798;
 0.023755077]
Keyframe: 9 Frame: 1136 Frame from vFrameID : 1137
Tcw:
[0.99796993, -0.031769503, -0.055196889, 0.082989708;
 -0.015110517, 0.72382963, -0.68981332, 0.0089568496;
 0.061868168, 0.68924695, 0.72188014, 0.026840018;
 0, 0, 0, 1]
Twc:
[0.99796993, -0.015110517, 0.061868168, -0.084346429;
 -0.031769503, 0.72382963, 0.68924695, -0.022346092;
 -0.055196889, -0.68981332, 0.72188014, -0.0086159492;
 0, 0, 0, 1]
Ow:
[0.082989708;
 0.0089568496;
 0.026840018]
Keyframe: 10 Frame: 1141 Frame from vFrameID : 1142
Tcw:
[0.99933708, -0.014036801, -0.033591192, 0.087451994;
 -0.012878683, 0.72671801, -0.6868152, 0.015623585;
 0.034052014, 0.68679249, 0.72605544, 0.03458526;
 0, 0, 0, 1]
Twc:
[0.99933708, -0.012878683, 0.034052014, -0.088370509;
 -0.014036801, 0.72671801, 0.68679249, -0.033879291;
 -0.033591192, -0.6868152, 0.72605544, -0.011442685;
 0, 0, 0, 1]
Ow:
[0.087451994;
 0.015623585;
 0.03458526]
Keyframe: 11 Frame: 1147 Frame from vFrameID : 1148
Tcw:
[0.99972278, -0.012048293, 0.020229837, 0.087675132;
 0.022785857, 0.71156758, -0.7022481, 0.020771271;
 -0.0059340051, 0.70251435, 0.71164483, 0.049430359;
 0, 0, 0, 1]
Twc:
[0.99972278, 0.022785857, -0.0059340051, -0.087830789;
 -0.012048293, 0.71156758, 0.70251435, -0.048449364;
 0.020229837, -0.7022481, 0.71164483, -0.022363927;
 0, 0, 0, 1]
Ow:
[0.087675132;
 0.020771271;
 0.049430359]
Keyframe: 12 Frame: 1153 Frame from vFrameID : 1154
Tcw:
[0.99936676, 0.018718049, 0.030261608, 0.090101071;
 0.0080915745, 0.70862937, -0.70553452, 0.024647105;
 -0.034650493, 0.70533258, 0.70802915, 0.05999247;
 0, 0, 0, 1]
Twc:
[0.99936676, 0.0080915745, -0.034650493, -0.088164672;
 0.018718049, 0.70862937, 0.70533258, -0.061466824;
 0.030261608, -0.70553452, 0.70802915, -0.027813638;
 0, 0, 0, 1]
Ow:
[0.090101071;
 0.024647105;
 0.05999247]
Keyframe: 13 Frame: 1158 Frame from vFrameID : 1159
Tcw:
[0.99950546, 0.030153258, 0.0089252386, 0.091494188;
 -0.014873014, 0.70336092, -0.71067727, 0.024237117;
 -0.027706901, 0.7101931, 0.70346153, 0.067794487;
 0, 0, 0, 1]
Twc:
[0.99950546, -0.014873014, -0.027706901, -0.089210078;
 0.030153258, 0.70336092, 0.7101931, -0.06795346;
 0.0089252386, -0.71067727, 0.70346153, -0.031282648;
 0, 0, 0, 1]
Ow:
[0.091494188;
 0.024237117;
 0.067794487]
Keyframe: 14 Frame: 1164 Frame from vFrameID : 1165
Tcw:
[0.99961603, 0.007340882, -0.026719043, 0.095370144;
 -0.02430431, 0.69538933, -0.71822208, 0.025286175;
 0.013307755, 0.71859568, 0.69530076, 0.079271071;
 0, 0, 0, 1]
Twc:
[0.99961603, -0.02430431, 0.013307755, -0.095773883;
 0.007340882, 0.69538933, 0.71859568, -0.07524769;
 -0.026719043, -0.71822208, 0.69530076, -0.034407947;
 0, 0, 0, 1]
Ow:
[0.095370144;
 0.025286175;
 0.079271071]
Keyframe: 15 Frame: 1170 Frame from vFrameID : 1171
Tcw:
[0.99937546, 0.0066344137, -0.034708329, 0.099516734;
 -0.029175568, 0.70907432, -0.70452994, 0.027948061;
 0.01993664, 0.70510256, 0.70882505, 0.090239376;
 0, 0, 0, 1]
Twc:
[0.99937546, -0.029175568, 0.01993664, -0.10043825;
 0.0066344137, 0.70907432, 0.70510256, -0.084105499;
 -0.034708329, -0.70452994, 0.70882505, -0.040819623;
 0, 0, 0, 1]
Ow:
[0.099516734;
 0.027948061;
 0.090239376]
Keyframe: 16 Frame: 1177 Frame from vFrameID : 1178
Tcw:
[0.99944216, 0.032509707, -0.0076467698, 0.095937051;
 -0.028368052, 0.70556557, -0.7080766, 0.039219834;
 -0.017624065, 0.70789856, 0.70609421, 0.10211916;
 0, 0, 0, 1]
Twc:
[0.99944216, -0.028368052, -0.017624065, -0.092971191;
 0.032509707, 0.70556557, 0.70789856, -0.10308105;
 -0.0076467698, -0.7080766, 0.70609421, -0.043601491;
 0, 0, 0, 1]
Ow:
[0.095937051;
 0.039219834;
 0.10211916]
Keyframe: 17 Frame: 1184 Frame from vFrameID : 1185
Tcw:
[0.99907655, 0.039491795, 0.016924519, 0.10149485;
 -0.014913519, 0.68816388, -0.725402, 0.040298589;
 -0.040294267, 0.72447973, 0.68811738, 0.13255793;
 0, 0, 0, 1]
Twc:
[0.99907655, -0.014913519, -0.040294267, -0.095458813;
 0.039491795, 0.68816388, 0.72447973, -0.12777577;
 0.016924519, -0.725402, 0.68811738, -0.063700482;
 0, 0, 0, 1]
Ow:
[0.10149485;
 0.040298589;
 0.13255793]
Keyframe: 18 Frame: 1192 Frame from vFrameID : 1193
Tcw:
[0.99873221, 0.04570318, 0.021098208, 0.10855572;
 -0.016572326, 0.69429475, -0.71949995, 0.043018468;
 -0.04753181, 0.71823817, 0.69417197, 0.1434159;
 0, 0, 0, 1]
Twc:
[0.99873221, -0.016572326, -0.04753181, -0.10088836;
 0.04570318, 0.69429475, 0.71823817, -0.13783561;
 0.021098208, -0.71949995, 0.69417197, -0.070893839;
 0, 0, 0, 1]
Ow:
[0.10855572;
 0.043018468;
 0.1434159]
Keyframe: 19 Frame: 1200 Frame from vFrameID : 1201
Tcw:
[0.99829996, 0.049914647, -0.030094465, 0.11671765;
 -0.055995259, 0.67804176, -0.73288739, 0.064072281;
 -0.016176512, 0.73332661, 0.67968404, 0.1607222;
 0, 0, 0, 1]
Twc:
[0.99829996, -0.055995259, -0.016176512, -0.11033157;
 0.049914647, 0.67804176, 0.73332661, -0.16713145;
 -0.030094465, -0.73288739, 0.67968404, -0.058769986;
 0, 0, 0, 1]
Ow:
[0.11671765;
 0.064072281;
 0.1607222]
Keyframe: 20 Frame: 1208 Frame from vFrameID : 1209
Tcw:
[0.999152, 0.035262115, -0.021255611, 0.11269022;
 -0.039605021, 0.68200952, -0.73027015, 0.049586684;
 -0.01125434, 0.73049271, 0.68282777, 0.18195024;
 0, 0, 0, 1]
Twc:
[0.999152, -0.039605021, -0.01125434, -0.10858305;
 0.035262115, 0.68200952, 0.73049271, -0.17070562;
 -0.021255611, -0.73027015, 0.68282777, -0.085633703;
 0, 0, 0, 1]
Ow:
[0.11269022;
 0.049586684;
 0.18195024]
Keyframe: 21 Frame: 1216 Frame from vFrameID : 1217
Tcw:
[0.99664301, 0.078201473, 0.024234151, 0.11650452;
 -0.035135355, 0.67591125, -0.73614502, 0.052596085;
 -0.073947757, 0.7328223, 0.67638987, 0.20418471;
 0, 0, 0, 1]
Twc:
[0.99664301, -0.035135355, -0.073947757, -0.099166423;
 0.078201473, 0.67591125, 0.7328223, -0.19429222;
 0.024234151, -0.73614502, 0.67638987, -0.10221349;
 0, 0, 0, 1]
Ow:
[0.11650452;
 0.052596085;
 0.20418471]
Keyframe: 22 Frame: 1224 Frame from vFrameID : 1225
Tcw:
[0.99443513, 0.08345031, 0.06430275, 0.11852688;
 -0.013765276, 0.7080583, -0.70601976, 0.060525768;
 -0.10444766, 0.70120573, 0.70526677, 0.20423086;
 0, 0, 0, 1]
Twc:
[0.99443513, -0.013765276, -0.10444766, -0.095702708;
 0.08345031, 0.7080583, 0.70120573, -0.19595473;
 0.06430275, -0.70601976, 0.70526677, -0.10892645;
 0, 0, 0, 1]
Ow:
[0.11852688;
 0.060525768;
 0.20423086]
Keyframe: 23 Frame: 1232 Frame from vFrameID : 1233
Tcw:
[0.99667329, 0.080964908, 0.0093282387, 0.13590533;
 -0.046947915, 0.66391373, -0.74633402, 0.083528377;
 -0.066620015, 0.74341327, 0.66550624, 0.24699353;
 0, 0, 0, 1]
Twc:
[0.99667329, -0.046947915, -0.066620015, -0.115077;
 0.080964908, 0.66391373, 0.74341327, -0.25007746;
 0.0093282387, -0.74633402, 0.66550624, -0.10330342;
 0, 0, 0, 1]
Ow:
[0.13590533;
 0.083528377;
 0.24699353]
Keyframe: 24 Frame: 1240 Frame from vFrameID : 1241
Tcw:
[0.99700385, 0.074317522, -0.021453679, 0.16476098;
 -0.065260246, 0.65925413, -0.7490828, 0.091307774;
 -0.041526549, 0.7482385, 0.66212887, 0.257952;
 0, 0, 0, 1]
Twc:
[0.99700385, -0.065260246, -0.041526549, -0.1475967;
 0.074317522, 0.65925413, 0.7482385, -0.26544929;
 -0.021453679, -0.7490828, 0.66212887, -0.098865658;
 0, 0, 0, 1]
Ow:
[0.16476098;
 0.091307774;
 0.257952]
Keyframe: 25 Frame: 1249 Frame from vFrameID : 1250
Tcw:
[0.99797308, 0.063320085, 0.0063470332, 0.16233918;
 -0.037577707, 0.66685414, -0.74424022, 0.084873945;
 -0.051357895, 0.74249321, 0.66788191, 0.27405047;
 0, 0, 0, 1]
Twc:
[0.99797308, -0.037577707, -0.051357895, -0.14474611;
 0.063320085, 0.66685414, 0.74249321, -0.27035847;
 0.0063470332, -0.74424022, 0.66788191, -0.12089713;
 0, 0, 0, 1]
Ow:
[0.16233918;
 0.084873945;
 0.27405047]
Keyframe: 26 Frame: 1257 Frame from vFrameID : 1258
Tcw:
[0.99644423, 0.068484195, 0.049080033, 0.14694266;
 -0.0080581829, 0.65730804, -0.75357896, 0.089540809;
 -0.083868943, 0.7505039, 0.65552264, 0.29998526;
 0, 0, 0, 1]
Twc:
[0.99644423, -0.0080581829, -0.083868943, -0.12053919;
 0.068484195, 0.65730804, 0.7505039, -0.29405925;
 0.049080033, -0.75357896, 0.65552264, -0.13638301;
 0, 0, 0, 1]
Ow:
[0.14694266;
 0.089540809;
 0.29998526]
Keyframe: 27 Frame: 1265 Frame from vFrameID : 1266
Tcw:
[0.99543345, 0.079987988, 0.052098166, 0.13800126;
 -0.014848561, 0.66887128, -0.74322993, 0.090356246;
 -0.094296433, 0.73906231, 0.66700459, 0.31533009;
 0, 0, 0, 1]
Twc:
[0.99543345, -0.014848561, -0.094296433, -0.1062949;
 0.079987988, 0.66887128, 0.73906231, -0.30452374;
 0.052098166, -0.74322993, 0.66700459, -0.15036073;
 0, 0, 0, 1]
Ow:
[0.13800126;
 0.090356246;
 0.31533009]
Keyframe: 28 Frame: 1273 Frame from vFrameID : 1274
Tcw:
[0.99747741, 0.069396153, 0.014932484, 0.15153213;
 -0.034684815, 0.66002613, -0.75044149, 0.10386279;
 -0.061933581, 0.74803048, 0.66076815, 0.3233878;
 0, 0, 0, 1]
Twc:
[0.99747741, -0.034684815, -0.061933581, -0.12751885;
 0.069396153, 0.66002613, 0.74803048, -0.32097188;
 0.014932484, -0.75044149, 0.66076815, -0.13800418;
 0, 0, 0, 1]
Ow:
[0.15153213;
 0.10386279;
 0.3233878]
Keyframe: 29 Frame: 1281 Frame from vFrameID : 1282
Tcw:
[0.99736238, 0.068916202, 0.022777509, 0.15878598;
 -0.029787198, 0.67480105, -0.73739833, 0.094328672;
 -0.066188976, 0.73477483, 0.67507404, 0.34485248;
 0, 0, 0, 1]
Twc:
[0.99736238, -0.029787198, -0.066188976, -0.13273196;
 0.068916202, 0.67480105, 0.73477483, -0.32798496;
 0.022777509, -0.73739833, 0.67507404, -0.16685989;
 0, 0, 0, 1]
Ow:
[0.15878598;
 0.094328672;
 0.34485248]
Keyframe: 30 Frame: 1289 Frame from vFrameID : 1290
Tcw:
[0.99342936, 0.080249168, 0.081597425, 0.16565622;
 0.0076659895, 0.66471201, -0.74706036, 0.10190274;
 -0.11418976, 0.74277723, 0.65972924, 0.35420543;
 0, 0, 0, 1]
Twc:
[0.99342936, 0.0076659895, -0.11418976, -0.12490232;
 0.080249168, 0.66471201, 0.74277723, -0.34412548;
 0.081597425, -0.74706036, 0.65972924, -0.17106932;
 0, 0, 0, 1]
Ow:
[0.16565622;
 0.10190274;
 0.35420543]
Keyframe: 31 Frame: 1297 Frame from vFrameID : 1298
Tcw:
[0.98665237, 0.12041146, 0.10962752, 0.167025;
 0.00011569344, 0.6727007, -0.73991472, 0.095568016;
 -0.16284072, 0.73005128, 0.66370779, 0.37640682;
 0, 0, 0, 1]
Twc:
[0.98665237, 0.00011569344, -0.16284072, -0.10351232;
 0.12041146, 0.6727007, 0.73005128, -0.35919666;
 0.10962752, -0.73991472, 0.66370779, -0.1974225;
 0, 0, 0, 1]
Ow:
[0.167025;
 0.095568016;
 0.37640682]
Keyframe: 32 Frame: 1305 Frame from vFrameID : 1306
Tcw:
[0.99031538, 0.11986446, 0.070057131, 0.18033965;
 -0.026580285, 0.65895724, -0.75171065, 0.094437167;
 -0.13626803, 0.74256843, 0.65576148, 0.39739829;
 0, 0, 0, 1]
Twc:
[0.99031538, -0.026580285, -0.13626803, -0.12193026;
 0.11986446, 0.65895724, 0.74256843, -0.3789418;
 0.070057131, -0.75171065, 0.65576148, -0.20224315;
 0, 0, 0, 1]
Ow:
[0.18033965;
 0.094437167;
 0.39739829]
Keyframe: 33 Frame: 1313 Frame from vFrameID : 1314
Tcw:
[0.99382454, 0.089283206, 0.065888666, 0.18285857;
 -0.013197795, 0.68468356, -0.72872096, 0.088505253;
 -0.11017543, 0.72335118, 0.68163365, 0.4141674;
 0, 0, 0, 1]
Twc:
[0.99382454, -0.013197795, -0.11017543, -0.13493018;
 0.089283206, 0.68468356, 0.72335118, -0.37651277;
 0.065888666, -0.72872096, 0.68163365, -0.22986314;
 0, 0, 0, 1]
Ow:
[0.18285857;
 0.088505253;
 0.4141674]
Keyframe: 34 Frame: 1321 Frame from vFrameID : 1322
Tcw:
[0.99273747, 0.076865308, 0.092541836, 0.17905472;
 0.012804014, 0.69737363, -0.71659338, 0.097995386;
 -0.11961741, 0.71257401, 0.69132477, 0.42441466;
 0, 0, 0, 1]
Twc:
[0.99273747, 0.012804014, -0.11961741, -0.12824167;
 0.076865308, 0.69737363, 0.71257401, -0.38452935;
 0.092541836, -0.71659338, 0.69132477, -0.2397556;
 0, 0, 0, 1]
Ow:
[0.17905472;
 0.097995386;
 0.42441466]
Keyframe: 35 Frame: 1329 Frame from vFrameID : 1330
Tcw:
[0.98930228, 0.071766675, 0.12700604, 0.1833846;
 0.041859996, 0.69435084, -0.71841812, 0.091859609;
 -0.13974524, 0.71604919, 0.68391871, 0.43296069;
 0, 0, 0, 1]
Twc:
[0.98930228, 0.041859996, -0.13974524, -0.12476385;
 0.071766675, 0.69435084, 0.71604919, -0.38696486;
 0.12700604, -0.71841812, 0.68391871, -0.25340727;
 0, 0, 0, 1]
Ow:
[0.1833846;
 0.091859609;
 0.43296069]
Keyframe: 36 Frame: 1336 Frame from vFrameID : 1337
Tcw:
[0.9947378, 0.063384846, 0.080492914, 0.18904632;
 0.014355073, 0.69167477, -0.7220664, 0.10325885;
 -0.10144299, 0.71942222, 0.68712515, 0.44259372;
 0, 0, 0, 1]
Twc:
[0.9947378, 0.014355073, -0.10144299, -0.14463578;
 0.063384846, 0.69167477, 0.71942222, -0.40181598;
 0.080492914, -0.7220664, 0.68712515, -0.24477442;
 0, 0, 0, 1]
Ow:
[0.18904632;
 0.10325885;
 0.44259372]
Keyframe: 37 Frame: 1344 Frame from vFrameID : 1345
Tcw:
[0.99848801, 0.050179929, 0.022442266, 0.20191669;
 -0.01759726, 0.67856961, -0.73432529, 0.10027553;
 -0.052077029, 0.73282003, 0.67842668, 0.46411675;
 0, 0, 0, 1]
Twc:
[0.99848801, -0.01759726, -0.052077029, -0.175677;
 0.050179929, 0.67856961, 0.73282003, -0.41829017;
 0.022442266, -0.73432529, 0.67842668, -0.24576578;
 0, 0, 0, 1]
Ow:
[0.20191669;
 0.10027553;
 0.46411675]
Keyframe: 38 Frame: 1351 Frame from vFrameID : 1352
Tcw:
[0.99819112, 0.05487211, 0.024566783, 0.20527916;
 -0.019373637, 0.6804111, -0.73257452, 0.097637191;
 -0.056913421, 0.73077345, 0.68024337, 0.46751362;
 0, 0, 0, 1]
Twc:
[0.99819112, -0.019373637, -0.056913421, -0.17640845;
 0.05487211, 0.6804111, 0.73077345, -0.41934407;
 0.024566783, -0.73257452, 0.68024337, -0.25153959;
 0, 0, 0, 1]
Ow:
[0.20527916;
 0.097637191;
 0.46751362]
Keyframe: 39 Frame: 1358 Frame from vFrameID : 1359
Tcw:
[0.99630916, 0.065003909, 0.056058429, 0.20516352;
 -0.0012252814, 0.66378063, -0.74792635, 0.10326332;
 -0.085828632, 0.74509716, 0.66141033, 0.48564047;
 0, 0, 0, 1]
Twc:
[0.99630916, -0.0012252814, -0.085828632, -0.16259792;
 0.065003909, 0.66378063, 0.74509716, -0.44373;
 0.056058429, -0.74792635, 0.66141033, -0.25547543;
 0, 0, 0, 1]
Ow:
[0.20516352;
 0.10326332;
 0.48564047]
Keyframe: 40 Frame: 1366 Frame from vFrameID : 1367
Tcw:
[0.99382269, 0.068184011, 0.087563865, 0.20478538;
 0.019776545, 0.66757298, -0.74428171, 0.10486098;
 -0.10920338, 0.74141574, 0.66210067, 0.48978317;
 0, 0, 0, 1]
Twc:
[0.99382269, 0.019776545, -0.10920338, -0.15210816;
 0.068184011, 0.66757298, 0.74141574, -0.44709837;
 0.087563865, -0.74428171, 0.66210067, -0.26417148;
 0, 0, 0, 1]
Ow:
[0.20478538;
 0.10486098;
 0.48978317]
Keyframe: 41 Frame: 1374 Frame from vFrameID : 1375
Tcw:
[0.99641812, 0.056384631, 0.063021824, 0.20130463;
 0.010055532, 0.66097039, -0.75034463, 0.10402308;
 -0.083963461, 0.74829066, 0.65803587, 0.50840569;
 0, 0, 0, 1]
Twc:
[0.99641812, 0.010055532, -0.083963461, -0.15894209;
 0.056384631, 0.66097039, 0.74829066, -0.4605419;
 0.063021824, -0.75034463, 0.65803587, -0.26918259;
 0, 0, 0, 1]
Ow:
[0.20130463;
 0.10402308;
 0.50840569]
Keyframe: 42 Frame: 1383 Frame from vFrameID : 1384
Tcw:
[0.99773002, 0.052873332, 0.041703414, 0.20764741;
 -0.0040348903, 0.66511589, -0.74672925, 0.11456943;
 -0.067219667, 0.74486595, 0.66381943, 0.51781344;
 0, 0, 0, 1]
Twc:
[0.99773002, -0.0040348903, -0.067219667, -0.17190655;
 0.052873332, 0.66511589, 0.74486595, -0.47288251;
 0.041703414, -0.74672925, 0.66381943, -0.26684186;
 0, 0, 0, 1]
Ow:
[0.20764741;
 0.11456943;
 0.51781344]
Keyframe: 43 Frame: 1391 Frame from vFrameID : 1392
Tcw:
[0.99547368, 0.066785447, 0.067615375, 0.21923622;
 0.0042822245, 0.67921668, -0.73392528, 0.10601294;
 -0.09494102, 0.7308929, 0.67585635, 0.52898592;
 0, 0, 0, 1]
Twc:
[0.99547368, 0.0042822245, -0.09494102, -0.16847539;
 0.066785447, 0.67921668, 0.7308929, -0.4732796;
 0.067615375, -0.73392528, 0.67585635, -0.29453665;
 0, 0, 0, 1]
Ow:
[0.21923622;
 0.10601294;
 0.52898592]
Keyframe: 44 Frame: 1399 Frame from vFrameID : 1400
Tcw:
[0.99037874, 0.078422673, 0.11401671, 0.21114866;
 0.030357631, 0.68072563, -0.73190916, 0.1021325;
 -0.13501237, 0.72832859, 0.67179549, 0.54249728;
 0, 0, 0, 1]
Twc:
[0.99037874, 0.030357631, -0.13501237, -0.13897382;
 0.078422673, 0.68072563, 0.72832859, -0.48119929;
 0.11401671, -0.73190916, 0.67179549, -0.31376994;
 0, 0, 0, 1]
Ow:
[0.21114866;
 0.1021325;
 0.54249728]
Keyframe: 45 Frame: 1407 Frame from vFrameID : 1408
Tcw:
[0.99747312, 0.050313666, 0.05015872, 0.22278339;
 0.0025070643, 0.68064767, -0.73260659, 0.0993025;
 -0.071000546, 0.73088115, 0.67880166, 0.55035293;
 0, 0, 0, 1]
Twc:
[0.99747312, 0.0025070643, -0.071000546, -0.18339404;
 0.050313666, 0.68064767, 0.73088115, -0.48104164;
 0.05015872, -0.73260659, 0.67880166, -0.31200534;
 0, 0, 0, 1]
Ow:
[0.22278339;
 0.0993025;
 0.55035293]
Keyframe: 46 Frame: 1415 Frame from vFrameID : 1416
Tcw:
[0.99923861, 0.028013114, 0.027155772, 0.22152078;
 0.00022656213, 0.69185603, -0.72203547, 0.10585086;
 -0.039014347, 0.72149187, 0.69132286, 0.56183529;
 0, 0, 0, 1]
Twc:
[0.99923861, 0.00022656213, -0.039014347, -0.19945645;
 0.028013114, 0.69185603, 0.72149187, -0.48479864;
 0.027155772, -0.72203547, 0.69132286, -0.3179971;
 0, 0, 0, 1]
Ow:
[0.22152078;
 0.10585086;
 0.56183529]
Keyframe: 47 Frame: 1423 Frame from vFrameID : 1424
Tcw:
[0.99586439, 0.067342825, 0.060984556, 0.22707108;
 -0.00068589463, 0.67680186, -0.73616493, 0.10208881;
 -0.090849884, 0.7330786, 0.67404902, 0.56614733;
 0, 0, 0, 1]
Twc:
[0.99586439, -0.00068589463, -0.090849884, -0.17462754;
 0.067342825, 0.67680186, 0.7330786, -0.49941596;
 0.060984556, -0.73616493, 0.67404902, -0.32030469;
 0, 0, 0, 1]
Ow:
[0.22707108;
 0.10208881;
 0.56614733]
Keyframe: 48 Frame: 1431 Frame from vFrameID : 1432
Tcw:
[0.98894215, 0.095792554, 0.11321309, 0.22019124;
 0.016329246, 0.68841922, -0.72512919, 0.11706901;
 -0.14740005, 0.71895951, 0.67924255, 0.57036161;
 0, 0, 0, 1]
Twc:
[0.98894215, 0.016329246, -0.14740005, -0.13559672;
 0.095792554, 0.68841922, 0.71895951, -0.51175213;
 0.11321309, -0.72512919, 0.67924255, -0.32745224;
 0, 0, 0, 1]
Ow:
[0.22019124;
 0.11706901;
 0.57036161]
Keyframe: 49 Frame: 1439 Frame from vFrameID : 1440
Tcw:
[0.99375451, 0.081025563, 0.076725684, 0.22411269;
 0.0013834214, 0.67857891, -0.73452616, 0.11545685;
 -0.11157983, 0.73004484, 0.67422879, 0.59169769;
 0, 0, 0, 1]
Twc:
[0.99375451, 0.0013834214, -0.11157983, -0.1568512;
 0.081025563, 0.67857891, 0.73004484, -0.52847129;
 0.076725684, -0.73452616, 0.67422879, -0.33132872;
 0, 0, 0, 1]
Ow:
[0.22411269;
 0.11545685;
 0.59169769]
Keyframe: 50 Frame: 1447 Frame from vFrameID : 1448
Tcw:
[0.99698591, 0.067423023, 0.038381971, 0.23155341;
 -0.016790492, 0.67051375, -0.74170709, 0.10853113;
 -0.075743772, 0.73882705, 0.66962487, 0.60163152;
 0, 0, 0, 1]
Twc:
[0.99698591, -0.016790492, -0.075743772, -0.18346336;
 0.067423023, 0.67051375, 0.73882705, -0.53288531;
 0.038381971, -0.74170709, 0.66962487, -0.3312566;
 0, 0, 0, 1]
Ow:
[0.23155341;
 0.10853113;
 0.60163152]
Keyframe: 51 Frame: 1455 Frame from vFrameID : 1456
Tcw:
[0.99492294, 0.076012373, 0.065957703, 0.23704374;
 -0.0035380961, 0.68139946, -0.7319032, 0.11481753;
 -0.10057724, 0.72795391, 0.67820889, 0.61645597;
 0, 0, 0, 1]
Twc:
[0.99492294, -0.0035380961, -0.10057724, -0.17343259;
 0.076012373, 0.68139946, 0.72795391, -0.54500639;
 0.065957703, -0.7319032, 0.67820889, -0.34968546;
 0, 0, 0, 1]
Ow:
[0.23704374;
 0.11481753;
 0.61645597]
Keyframe: 52 Frame: 1463 Frame from vFrameID : 1464
Tcw:
[0.98967874, 0.097317576, 0.10519171, 0.2357226;
 0.012420825, 0.67303073, -0.73951024, 0.11766121;
 -0.1427646, 0.7331841, 0.66487545, 0.61659193;
 0, 0, 0, 1]
Twc:
[0.98967874, 0.012420825, -0.1427646, -0.1467236;
 0.097317576, 0.67303073, 0.7331841, -0.55420494;
 0.10519171, -0.73951024, 0.66487545, -0.34774122;
 0, 0, 0, 1]
Ow:
[0.2357226;
 0.11766121;
 0.61659193]
Keyframe: 53 Frame: 1470 Frame from vFrameID : 1471
Tcw:
[0.98463517, 0.1094946, 0.13603134, 0.22733225;
 0.030560056, 0.65892601, -0.75158674, 0.13970375;
 -0.17192927, 0.74419582, 0.64545554, 0.64604503;
 0, 0, 0, 1]
Twc:
[0.98463517, 0.030560056, -0.17192927, -0.11703462;
 0.1094946, 0.65892601, 0.74419582, -0.5977301;
 0.13603134, -0.75158674, 0.64545554, -0.34291819;
 0, 0, 0, 1]
Ow:
[0.22733225;
 0.13970375;
 0.64604503]
Keyframe: 54 Frame: 1478 Frame from vFrameID : 1479
Tcw:
[0.98918384, 0.089117989, 0.11650459, 0.23180003;
 0.02974033, 0.65591997, -0.75424433, 0.13151529;
 -0.14363442, 0.74955118, 0.64617503, 0.64675212;
 0, 0, 0, 1]
Twc:
[0.98918384, 0.02974033, -0.14363442, -0.14030828;
 0.089117989, 0.65591997, 0.74955118, -0.59169489;
 0.11650459, -0.75424433, 0.64617503, -0.34572616;
 0, 0, 0, 1]
Ow:
[0.23180003;
 0.13151529;
 0.64675212]
Keyframe: 55 Frame: 1486 Frame from vFrameID : 1487
Tcw:
[0.99439126, 0.063824333, 0.084335335, 0.23409414;
 0.018979469, 0.67676407, -0.7359553, 0.13146496;
 -0.10404698, 0.73342818, 0.67175692, 0.65408689;
 0, 0, 0, 1]
Twc:
[0.99439126, 0.018979469, -0.10404698, -0.16722055;
 0.063824333, 0.67676407, 0.73342818, -0.58363742;
 0.084335335, -0.7359553, 0.67175692, -0.36237749;
 0, 0, 0, 1]
Ow:
[0.23409414;
 0.13146496;
 0.65408689]
Keyframe: 56 Frame: 1494 Frame from vFrameID : 1495
Tcw:
[0.9924596, 0.068478957, 0.1016593, 0.23686148;
 0.025678072, 0.69482058, -0.71872455, 0.12975845;
 -0.11985248, 0.7159155, 0.68782294, 0.65823108;
 0, 0, 0, 1]
Twc:
[0.9924596, 0.025678072, -0.11985248, -0.15951675;
 0.068478957, 0.69482058, 0.7159155, -0.57761669;
 0.1016593, -0.71872455, 0.68782294, -0.38356504;
 0, 0, 0, 1]
Ow:
[0.23686148;
 0.12975845;
 0.65823108]
Keyframe: 57 Frame: 1501 Frame from vFrameID : 1502
Tcw:
[0.98728997, 0.072879054, 0.14123432, 0.23659462;
 0.050219879, 0.7000702, -0.71230584, 0.12974757;
 -0.15078612, 0.71034521, 0.68751234, 0.65793467;
 0, 0, 0, 1]
Twc:
[0.98728997, 0.050219879, -0.15078612, -0.14089598;
 0.072879054, 0.7000702, 0.71034521, -0.57543594;
 0.14123432, -0.71230584, 0.68751234, -0.39333352;
 0, 0, 0, 1]
Ow:
[0.23659462;
 0.12974757;
 0.65793467]
Keyframe: 58 Frame: 1508 Frame from vFrameID : 1509
Tcw:
[0.98610467, 0.091355599, 0.13875079, 0.23890045;
 0.033007104, 0.71082139, -0.70259762, 0.12525681;
 -0.16281326, 0.69741458, 0.69792891, 0.65773237;
 0, 0, 0, 1]
Twc:
[0.98610467, 0.033007104, -0.16281326, -0.13262765;
 0.091355599, 0.71082139, 0.69741458, -0.56957227;
 0.13875079, -0.70259762, 0.69792891, -0.40419295;
 0, 0, 0, 1]
Ow:
[0.23890045;
 0.12525681;
 0.65773237]
Keyframe: 59 Frame: 1514 Frame from vFrameID : 1515
Tcw:
[0.99306434, 0.069854036, 0.094570778, 0.24194339;
 0.020264626, 0.69063091, -0.72292346, 0.12300304;
 -0.11581262, 0.71982592, 0.68442535, 0.66360259;
 0, 0, 0, 1]
Twc:
[0.99306434, 0.020264626, -0.11581262, -0.16590439;
 0.069854036, 0.69063091, 0.71982592, -0.57952881;
 0.094570778, -0.72292346, 0.68442535, -0.38814548;
 0, 0, 0, 1]
Ow:
[0.24194339;
 0.12300304;
 0.66360259]
Keyframe: 60 Frame: 1521 Frame from vFrameID : 1522
Tcw:
[0.9956786, 0.073762842, 0.056419317, 0.24306899;
 -0.012727107, 0.71018809, -0.70389694, 0.12179443;
 -0.091989763, 0.70013708, 0.70805788, 0.66344047;
 0, 0, 0, 1]
Twc:
[0.9956786, -0.012727107, -0.091989763, -0.17943878;
 0.073762842, 0.71018809, 0.70013708, -0.56892568;
 0.056419317, -0.70389694, 0.70805788, -0.39773732;
 0, 0, 0, 1]
Ow:
[0.24306899;
 0.12179443;
 0.66344047]
Keyframe: 61 Frame: 1528 Frame from vFrameID : 1529
Tcw:
[0.9959597, 0.070455946, 0.055679265, 0.24442343;
 -0.0101374, 0.70427722, -0.7098527, 0.12036008;
 -0.089226983, 0.70642024, 0.70214593, 0.66478837;
 0, 0, 0, 1]
Twc:
[0.9959597, -0.0101374, -0.089226983, -0.1828987;
 0.070455946, 0.70427722, 0.70642024, -0.57160789;
 0.055679265, -0.7098527, 0.70214593, -0.39494985;
 0, 0, 0, 1]
Ow:
[0.24442343;
 0.12036008;
 0.66478837]
Keyframe: 62 Frame: 1535 Frame from vFrameID : 1536
Tcw:
[0.99326456, 0.037122112, 0.10976108, 0.24350925;
 0.051939983, 0.70413309, -0.70816582, 0.12414888;
 -0.10357502, 0.70909703, 0.69746232, 0.66452324;
 0, 0, 0, 1]
Twc:
[0.99326456, 0.051939983, -0.10357502, -0.17948939;
 0.037122112, 0.70413309, 0.70909703, -0.56766832;
 0.10976108, -0.70816582, 0.69746232, -0.40228975;
 0, 0, 0, 1]
Ow:
[0.24350925;
 0.12414888;
 0.66452324]
Keyframe: 63 Frame: 1542 Frame from vFrameID : 1543
Tcw:
[0.99272633, 0.04668422, 0.11097305, 0.24422927;
 0.042146496, 0.72867107, -0.6835658, 0.12139162;
 -0.11277458, 0.68327087, 0.72140336, 0.66692406;
 0, 0, 0, 1]
Twc:
[0.99272633, 0.042146496, -0.11277458, -0.17235698;
 0.04668422, 0.72867107, 0.68327087, -0.55554599;
 0.11097305, -0.6835658, 0.72140336, -0.42524496;
 0, 0, 0, 1]
Ow:
[0.24422927;
 0.12139162;
 0.66692406]
Keyframe: 64 Frame: 1548 Frame from vFrameID : 1549
Tcw:
[0.99687612, 0.023283541, 0.075471401, 0.24591163;
 0.035840813, 0.71815038, -0.69496441, 0.1234431;
 -0.070381045, 0.69549835, 0.71507239, 0.6669662;
 0, 0, 0, 1]
Twc:
[0.99687612, 0.035840813, -0.070381045, -0.20262595;
 0.023283541, 0.71815038, 0.69549835, -0.55825025;
 0.075471401, -0.69496441, 0.71507239, -0.40969989;
 0, 0, 0, 1]
Ow:
[0.24591163;
 0.1234431;
 0.6669662]
Keyframe: 65 Frame: 1555 Frame from vFrameID : 1556
Tcw:
[0.99889326, 0.019580731, 0.042765386, 0.25146192;
 0.015072716, 0.72801656, -0.68539381, 0.12620434;
 -0.044554424, 0.68527985, 0.72691572, 0.66933155;
 0, 0, 0, 1]
Twc:
[0.99889326, 0.015072716, -0.044554424, -0.22326416;
 0.019580731, 0.72801656, 0.68527985, -0.55548209;
 0.042765386, -0.68539381, 0.72691572, -0.4108018;
 0, 0, 0, 1]
Ow:
[0.25146192;
 0.12620434;
 0.66933155]
Keyframe: 66 Frame: 1564 Frame from vFrameID : 1565
Tcw:
[0.99640799, 0.043123499, 0.072879963, 0.25032762;
 0.019961024, 0.71677107, -0.69702286, 0.12474871;
 -0.082296312, 0.69597387, 0.71333563, 0.6726476;
 0, 0, 0, 1]
Twc:
[0.99640799, 0.019961024, -0.082296312, -0.19656211;
 0.043123499, 0.71677107, 0.69597387, -0.56835639;
 0.072879963, -0.69702286, 0.71333563, -0.41111463;
 0, 0, 0, 1]
Ow:
[0.25032762;
 0.12474871;
 0.6726476]
Keyframe: 67 Frame: 1572 Frame from vFrameID : 1573
Tcw:
[0.99180305, 0.068517081, 0.10785248, 0.25295904;
 0.023038378, 0.73434949, -0.67838049, 0.12749407;
 -0.12568206, 0.67530453, 0.72675151, 0.67127049;
 0, 0, 0, 1]
Twc:
[0.99180305, 0.023038378, -0.12568206, -0.16945612;
 0.068517081, 0.73434949, 0.67530453, -0.5642693;
 0.10785248, -0.67838049, 0.72675151, -0.42863965;
 0, 0, 0, 1]
Ow:
[0.25295904;
 0.12749407;
 0.67127049]
Keyframe: 68 Frame: 1580 Frame from vFrameID : 1581
Tcw:
[0.99461722, 0.057577141, 0.086147532, 0.25280178;
 0.01702198, 0.72931355, -0.68396783, 0.12416559;
 -0.10220947, 0.68175262, 0.72440773, 0.67347509;
 0, 0, 0, 1]
Twc:
[0.99461722, 0.01702198, -0.10220947, -0.18471903;
 0.057577141, 0.72931355, 0.68175262, -0.56425464;
 0.086147532, -0.68396783, 0.72440773, -0.42472357;
 0, 0, 0, 1]
Ow:
[0.25280178;
 0.12416559;
 0.67347509]
Keyframe: 69 Frame: 1588 Frame from vFrameID : 1589
Tcw:
[0.99913412, 0.0097115124, 0.040455416, 0.25563696;
 0.020023715, 0.74010384, -0.67219442, 0.12332973;
 -0.036469232, 0.67242247, 0.73926854, 0.67652285;
 0, 0, 0, 1]
Twc:
[0.99913412, 0.020023715, -0.036469232, -0.23321289;
 0.0097115124, 0.74010384, 0.67242247, -0.54866862;
 0.040455416, -0.67219442, 0.73926854, -0.42757243;
 0, 0, 0, 1]
Ow:
[0.25563696;
 0.12332973;
 0.67652285]
Keyframe: 70 Frame: 1596 Frame from vFrameID : 1597
Tcw:
[0.99838573, 0.019769307, 0.053245697, 0.25821468;
 0.021544147, 0.73559457, -0.67707938, 0.12577674;
 -0.052552633, 0.67713356, 0.73398119, 0.68130386;
 0, 0, 0, 1]
Twc:
[0.99838573, 0.021544147, -0.052552633, -0.2247033;
 0.019769307, 0.73559457, 0.67713356, -0.55895907;
 0.053245697, -0.67707938, 0.73398119, -0.42865217;
 0, 0, 0, 1]
Ow:
[0.25821468;
 0.12577674;
 0.68130386]
Keyframe: 71 Frame: 1604 Frame from vFrameID : 1605
Tcw:
[0.99469978, 0.055599105, 0.086493559, 0.25797826;
 0.016392764, 0.74468553, -0.66721416, 0.12536249;
 -0.10150702, 0.66509563, 0.7398271, 0.68399572;
 0, 0, 0, 1]
Twc:
[0.99469978, 0.016392764, -0.10150702, -0.18923561;
 0.055599105, 0.74468553, 0.66509563, -0.56262153;
 0.086493559, -0.66721416, 0.7398271, -0.44470841;
 0, 0, 0, 1]
Ow:
[0.25797826;
 0.12536249;
 0.68399572]
Keyframe: 72 Frame: 1612 Frame from vFrameID : 1613
Tcw:
[0.99712628, 0.039093036, 0.064891271, 0.26009256;
 0.015068666, 0.73710656, -0.67560852, 0.12647635;
 -0.074243374, 0.67464483, 0.73439926, 0.68685555;
 0, 0, 0, 1]
Twc:
[0.99712628, 0.015068666, -0.074243374, -0.21025647;
 0.039093036, 0.73710656, 0.67464483, -0.56677788;
 0.064891271, -0.67560852, 0.73439926, -0.43585542;
 0, 0, 0, 1]
Ow:
[0.26009256;
 0.12647635;
 0.68685555]
Keyframe: 73 Frame: 1620 Frame from vFrameID : 1621
Tcw:
[0.9991737, 0.034628022, 0.021279562, 0.26106611;
 -0.010241036, 0.72116756, -0.69268495, 0.12663683;
 -0.039332442, 0.69189471, 0.72092628, 0.69013143;
 0, 0, 0, 1]
Twc:
[0.9991737, -0.010241036, -0.039332442, -0.23240896;
 0.034628022, 0.72116756, 0.69189471, -0.57786483;
 0.021279562, -0.69268495, 0.72092628, -0.41536987;
 0, 0, 0, 1]
Ow:
[0.26106611;
 0.12663683;
 0.69013143]
Keyframe: 74 Frame: 1628 Frame from vFrameID : 1629
Tcw:
[0.9984464, 0.034046654, 0.04410832, 0.26073718;
 0.0067252796, 0.71218383, -0.70196074, 0.1301606;
 -0.055312648, 0.70116687, 0.71084845, 0.69483215;
 0, 0, 0, 1]
Twc:
[0.9984464, 0.0067252796, -0.055312648, -0.22277446;
 0.034046654, 0.71218383, 0.70116687, -0.58876878;
 0.04410832, -0.70196074, 0.71084845, -0.41405341;
 0, 0, 0, 1]
Ow:
[0.26073718;
 0.1301606;
 0.69483215]
Keyframe: 75 Frame: 1636 Frame from vFrameID : 1637
Tcw:
[0.99524021, 0.048527353, 0.084510244, 0.26140699;
 0.024553301, 0.71435702, -0.69935054, 0.12843549;
 -0.094308123, 0.69809681, 0.70976532, 0.69494271;
 0, 0, 0, 1]
Twc:
[0.99524021, 0.024553301, -0.094308123, -0.19777752;
 0.048527353, 0.71435702, 0.69809681, -0.58957148;
 0.084510244, -0.69935054, 0.70976532, -0.42551637;
 0, 0, 0, 1]
Ow:
[0.26140699;
 0.12843549;
 0.69494271]
Keyframe: 76 Frame: 1644 Frame from vFrameID : 1645
Tcw:
[0.99558026, 0.052797362, 0.077668317, 0.26482821;
 0.016710382, 0.71422571, -0.69971597, 0.12883168;
 -0.092415862, 0.69792128, 0.71018672, 0.69777662;
 0, 0, 0, 1]
Twc:
[0.99558026, 0.016710382, -0.092415862, -0.20132492;
 0.052797362, 0.71422571, 0.69792128, -0.59299028;
 0.077668317, -0.69971597, 0.71018672, -0.42597488;
 0, 0, 0, 1]
Ow:
[0.26482821;
 0.12883168;
 0.69777662]
Keyframe: 77 Frame: 1652 Frame from vFrameID : 1653
Tcw:
[0.99365884, 0.094505064, 0.060917441, 0.26661733;
 -0.027662955, 0.73061734, -0.6822266, 0.13046902;
 -0.10898121, 0.67621529, 0.72859865, 0.69676089;
 0, 0, 0, 1]
Twc:
[0.99365884, -0.027662955, -0.10898121, -0.18538366;
 0.094505064, 0.73061734, 0.67621529, -0.59167999;
 0.060917441, -0.6822266, 0.72859865, -0.43489125;
 0, 0, 0, 1]
Ow:
[0.26661733;
 0.13046902;
 0.69676089]
Keyframe: 78 Frame: 1660 Frame from vFrameID : 1661
Tcw:
[0.99576932, 0.083525442, 0.038301434, 0.26974809;
 -0.034485564, 0.72605443, -0.68677199, 0.1302191;
 -0.085171856, 0.6825456, 0.7258631, 0.69826102;
 0, 0, 0, 1]
Twc:
[0.99576932, -0.034485564, -0.085171856, -0.20464399;
 0.083525442, 0.72605443, 0.6825456, -0.59367198;
 0.038301434, -0.68677199, 0.7258631, -0.42774287;
 0, 0, 0, 1]
Ow:
[0.26974809;
 0.1302191;
 0.69826102]
Keyframe: 79 Frame: 1668 Frame from vFrameID : 1669
Tcw:
[0.99016035, 0.10884917, 0.087945208, 0.26742059;
 -0.01985606, 0.73138571, -0.6816749, 0.13077486;
 -0.13852161, 0.67322123, 0.72635043, 0.69938004;
 0, 0, 0, 1]
Twc:
[0.99016035, -0.01985606, -0.13852161, -0.16531332;
 0.10884917, 0.73138571, 0.67322123, -0.59559286;
 0.087945208, -0.6816749, 0.72635043, -0.44236743;
 0, 0, 0, 1]
Ow:
[0.26742059;
 0.13077486;
 0.69938004]
Keyframe: 80 Frame: 1675 Frame from vFrameID : 1676
Tcw:
[0.98631185, 0.10197167, 0.12957884, 0.2653906;
 0.013658442, 0.73262227, -0.68049842, 0.12892315;
 -0.16432391, 0.67295349, 0.72120124, 0.70850229;
 0, 0, 0, 1]
Twc:
[0.98631185, 0.013658442, -0.16432391, -0.14709494;
 0.10197167, 0.73262227, 0.67295349, -0.59830338;
 0.12957884, -0.68049842, 0.72120124, -0.45762977;
 0, 0, 0, 1]
Ow:
[0.2653906;
 0.12892315;
 0.70850229]
Keyframe: 81 Frame: 1683 Frame from vFrameID : 1684
Tcw:
[0.99440485, 0.075889476, 0.073483191, 0.26626027;
 -0.0057475958, 0.73346436, -0.67970359, 0.12985936;
 -0.10547965, 0.67547822, 0.72979671, 0.70878112;
 0, 0, 0, 1]
Twc:
[0.99440485, -0.0057475958, -0.10547965, -0.18926215;
 0.075889476, 0.73346436, 0.67547822, -0.59421974;
 0.073483191, -0.67970359, 0.72979671, -0.44856584;
 0, 0, 0, 1]
Ow:
[0.26626027;
 0.12985936;
 0.70878112]
Keyframe: 82 Frame: 1690 Frame from vFrameID : 1691
Tcw:
[0.99470419, 0.084420525, 0.058623888, 0.26497084;
 -0.022262895, 0.73381948, -0.67897964, 0.12965846;
 -0.10033917, 0.67407876, 0.73181272, 0.70962423;
 0, 0, 0, 1]
Twc:
[0.99470419, -0.022262895, -0.10033917, -0.18947794;
 0.084420525, 0.73381948, 0.67407876, -0.5958575;
 0.058623888, -0.67897964, 0.73181272, -0.44681022;
 0, 0, 0, 1]
Ow:
[0.26497084;
 0.12965846;
 0.70962423]
Keyframe: 83 Frame: 1697 Frame from vFrameID : 1698
Tcw:
[0.99427998, 0.062420893, 0.086665489, 0.26305452;
 0.010246065, 0.75194931, -0.6591413, 0.12920833;
 -0.10631225, 0.656259, 0.74700856, 0.71207821;
 0, 0, 0, 1]
Twc:
[0.99427998, 0.010246065, -0.10631225, -0.1871711;
 0.062420893, 0.75194931, 0.656259, -0.58088595;
 0.086665489, -0.6591413, 0.74700856, -0.46955976;
 0, 0, 0, 1]
Ow:
[0.26305452;
 0.12920833;
 0.71207821]
Keyframe: 84 Frame: 1704 Frame from vFrameID : 1705
Tcw:
[0.99341029, 0.068299405, 0.092039101, 0.2633006;
 0.011232927, 0.74116075, -0.67123365, 0.1306268;
 -0.11406063, 0.6678443, 0.73550946, 0.71242589;
 0, 0, 0, 1]
Twc:
[0.99341029, 0.011232927, -0.11406063, -0.18177308;
 0.068299405, 0.74116075, 0.6678443, -0.59058827;
 0.092039101, -0.67123365, 0.73550946, -0.46054885;
 0, 0, 0, 1]
Ow:
[0.2633006;
 0.1306268;
 0.71242589]
Keyframe: 85 Frame: 1712 Frame from vFrameID : 1713
Tcw:
[0.98695445, 0.081603527, 0.13878685, 0.26061338;
 0.03092131, 0.74990773, -0.66081935, 0.1306451;
 -0.15800253, 0.65649009, 0.73760152, 0.71345568;
 0, 0, 0, 1]
Twc:
[0.98695445, 0.03092131, -0.15800253, -0.14852546;
 0.081603527, 0.74990773, 0.65649009, -0.58761531;
 0.13878685, -0.66081935, 0.73760152, -0.47608283;
 0, 0, 0, 1]
Ow:
[0.26061338;
 0.1306451;
 0.71345568]
Keyframe: 86 Frame: 1720 Frame from vFrameID : 1721
Tcw:
[0.99485821, 0.059761383, 0.08176662, 0.26489535;
 0.011517068, 0.73535562, -0.67758358, 0.13171628;
 -0.10062087, 0.67504126, 0.73088628, 0.71406019;
 0, 0, 0, 1]
Twc:
[0.99485821, 0.011517068, -0.10062087, -0.19320093;
 0.059761383, 0.73535562, 0.67504126, -0.59470892;
 0.08176662, -0.67758358, 0.73088628, -0.45430762;
 0, 0, 0, 1]
Ow:
[0.26489535;
 0.13171628;
 0.71406019]
Keyframe: 87 Frame: 1727 Frame from vFrameID : 1728
Tcw:
[0.99685454, 0.054887522, 0.057169735, 0.26539698;
 -0.0015801643, 0.73498011, -0.67808682, 0.13109678;
 -0.079237126, 0.67586356, 0.73275501, 0.71463811;
 0, 0, 0, 1]
Twc:
[0.99685454, -0.0015801643, -0.079237126, -0.20772918;
 0.054887522, 0.73498011, 0.67586356, -0.59391838;
 0.057169735, -0.67808682, 0.73275501, -0.44993231;
 0, 0, 0, 1]
Ow:
[0.26539698;
 0.13109678;
 0.71463811]
Keyframe: 88 Frame: 1735 Frame from vFrameID : 1736
Tcw:
[0.99554765, 0.062857382, 0.070241474, 0.26586503;
 0.0011119639, 0.73730636, -0.67555761, 0.13188601;
 -0.094253272, 0.67262787, 0.73395371, 0.71630251;
 0, 0, 0, 1]
Twc:
[0.99554765, 0.0011119639, -0.094253272, -0.19731411;
 0.062857382, 0.73730636, 0.67262787, -0.59575707;
 0.070241474, -0.67555761, 0.73395371, -0.45531109;
 0, 0, 0, 1]
Ow:
[0.26586503;
 0.13188601;
 0.71630251]
Keyframe: 89 Frame: 1743 Frame from vFrameID : 1744
Tcw:
[0.9908129, 0.083322331, 0.10652332, 0.26582754;
 0.012308154, 0.72883648, -0.68457717, 0.13226417;
 -0.13467865, 0.67959899, 0.72111499, 0.71746296;
 0, 0, 0, 1]
Twc:
[0.9908129, 0.012308154, -0.13467865, -0.16838631;
 0.083322331, 0.72883648, 0.67959899, -0.60613543;
 0.10652332, -0.68457717, 0.72111499, -0.45514515;
 0, 0, 0, 1]
Ow:
[0.26582754;
 0.13226417;
 0.71746296]
Keyframe: 90 Frame: 1751 Frame from vFrameID : 1752
Tcw:
[0.98785222, 0.088826254, 0.12750649, 0.26076987;
 0.022302294, 0.73098987, -0.68202376, 0.14158118;
 -0.15378757, 0.6765824, 0.72012889, 0.71640551;
 0, 0, 0, 1]
Twc:
[0.98785222, 0.022302294, -0.15378757, -0.15058543;
 0.088826254, 0.73098987, 0.6765824, -0.61136496;
