Keyframe: 0 Frame: 0 Frame from vFrameID : 15
Tcw:
[0.99953741, 0.016450711, -0.025579015, 0.03537653;
 -0.029301567, 0.74616027, -0.66512126, -0.076264709;
 0.0081443256, 0.66556311, 0.74629712, 0.0070372634;
 0, 0, 0, 1]
Twc:
[0.99953741, -0.029301567, 0.0081443256, -0.037652157;
 0.016450711, 0.74616027, 0.66556311, 0.051639982;
 -0.025579015, -0.66512126, 0.74629712, -0.05507227;
 0, 0, 0, 1]
Ow:
[0.03537653;
 -0.076264709;
 0.0070372634]
Keyframe: 1 Frame: 14 Frame from vFrameID : 15
Tcw:
[0.99959219, 0.015861459, -0.02374557, -0.0018190601;
 -0.027641697, 0.74617285, -0.66517818, -0.00058269664;
 0.0071676038, 0.66556329, 0.74630702, 0.00015789358;
 0, 0, 0, 1]
Twc:
[0.99959219, -0.027641697, 0.0071676038, 0.0018010798;
 0.015861459, 0.74617285, 0.66556329, 0.00035855721;
 -0.02374557, -0.66517818, 0.74630702, -0.0005486288;
 0, 0, 0, 1]
Ow:
[-0.0018190601;
 -0.00058269664;
 0.00015789358]
