Keyframe: 0 Frame: 0 Frame from vFrameID : 15
Tcw:
[0.86319268, 0.47873706, -0.16034099, 0.010553218;
 -0.33360088, 0.30245608, -0.89287782, -0.076183289;
 -0.37895757, 0.82421547, 0.42078498, -0.020743636;
 0, 0, 0, 1]
Twc:
[0.86319268, -0.33360088, -0.37895757, -0.042385235;
 0.47873706, 0.30245608, 0.82421547, 0.035087109;
 -0.16034099, -0.89287782, 0.42078498, -0.057601646;
 0, 0, 0, 1]
Ow:
[0.010553218;
 -0.076183289;
 -0.020743636]
Keyframe: 1 Frame: 1228 Frame from vFrameID : 15
Tcw:
[0.8663035, 0.47060665, -0.16747411, 0.013183109;
 -0.3488625, 0.33005011, -0.87713277, -0.092918523;
 -0.35750964, 0.81828862, 0.45010057, -0.010817628;
 0, 0, 0, 1]
Twc:
[0.8663035, -0.3488625, -0.35750964, -0.047703769;
 0.47060665, 0.33005011, 0.81828862, 0.033315651;
 -0.16747411, -0.87713277, 0.45010057, -0.074425027;
 0, 0, 0, 1]
Ow:
[0.013183109;
 -0.092918523;
 -0.010817628]
Keyframe: 2 Frame: 1231 Frame from vFrameID : 26
Tcw:
[0.85650533, 0.48068359, -0.18799435, 0.017550385;
 -0.3936252, 0.37273547, -0.84031391, -0.15413421;
 -0.33385295, 0.79373264, 0.50845909, -0.080668777;
 0, 0, 0, 1]
Twc:
[0.85650533, -0.3936252, -0.33385295, -0.10263462;
 0.48068359, 0.37273547, 0.79373264, 0.11304455;
 -0.18799435, -0.84031391, 0.50845909, -0.085204974;
 0, 0, 0, 1]
Ow:
[0.017550385;
 -0.15413421;
 -0.080668777]
Keyframe: 3 Frame: 1233 Frame from vFrameID : 28
Tcw:
[0.86082244, 0.47210491, -0.19000438, -0.0019826423;
 -0.39190042, 0.37678859, -0.8393119, -0.14849472;
 -0.32465178, 0.79696131, 0.50936615, -0.064013615;
 0, 0, 0, 1]
Twc:
[0.86082244, -0.39190042, -0.32465178, -0.077270575;
 0.47210491, 0.37678859, 0.79696131, 0.1079035;
 -0.19000438, -0.8393119, 0.50936615, -0.092403725;
 0, 0, 0, 1]
Ow:
[-0.0019826423;
 -0.14849472;
 -0.064013615]
Keyframe: 4 Frame: 1236 Frame from vFrameID : 30
Tcw:
[0.86514372, 0.46239278, -0.19421455, 0.0020578243;
 -0.39396432, 0.38693786, -0.8337093, -0.14842927;
 -0.31035221, 0.79779196, 0.51692313, -0.060468674;
 0, 0, 0, 1]
Twc:
[0.86514372, -0.39396432, -0.31035221, -0.079022743;
 0.46239278, 0.38693786, 0.79779196, 0.10472281;
 -0.19421455, -0.8337093, 0.51692313, -0.092089564;
 0, 0, 0, 1]
Ow:
[0.0020578243;
 -0.14842927;
 -0.060468674]
Keyframe: 5 Frame: 1240 Frame from vFrameID : 32
Tcw:
[0.85131633, 0.48150018, -0.20837012, 0.0039634891;
 -0.40779576, 0.35739619, -0.84022057, -0.13688028;
 -0.33009568, 0.80026591, 0.50061095, -0.050085086;
 0, 0, 0, 1]
Twc:
[0.85131633, -0.40779576, -0.33009568, -0.075726248;
 0.48150018, 0.35739619, 0.80026591, 0.087093458;
 -0.20837012, -0.84022057, 0.50061095, -0.089110605;
 0, 0, 0, 1]
Ow:
[0.0039634891;
 -0.13688028;
 -0.050085086]
Keyframe: 6 Frame: 1244 Frame from vFrameID : 34
Tcw:
[0.84388554, 0.49881324, -0.1975918, 0.0070094466;
 -0.40042442, 0.34043255, -0.85074437, -0.13275267;
 -0.35709587, 0.79705143, 0.48702312, -0.043884154;
 0, 0, 0, 1]
Twc:
[0.84388554, -0.40042442, -0.35709587, -0.074743435;
 0.49881324, 0.34043255, 0.79705143, 0.076674856;
 -0.1975918, -0.85074437, 0.48702312, -0.090180978;
 0, 0, 0, 1]
Ow:
[0.0070094466;
 -0.13275267;
 -0.043884154]
Keyframe: 7 Frame: 1248 Frame from vFrameID : 35
Tcw:
[0.84655148, 0.50208056, -0.17682102, 0.0063026659;
 -0.3730607, 0.32265577, -0.86989594, -0.13420452;
 -0.37970555, 0.80237669, 0.46045125, -0.040155023;
 0, 0, 0, 1]
Twc:
[0.84655148, -0.3730607, -0.37970555, -0.07064905;
 0.50208056, 0.32265577, 0.80237669, 0.072356872;
 -0.17682102, -0.86989594, 0.46045125, -0.097140096;
 0, 0, 0, 1]
Ow:
[0.0063026659;
 -0.13420452;
 -0.040155023]
Keyframe: 8 Frame: 1253 Frame from vFrameID : 37
Tcw:
[0.83549678, 0.5303582, -0.14375436, 0.0042580534;
 -0.34572136, 0.30401129, -0.88772398, -0.12225819;
 -0.42710876, 0.79138947, 0.43735662, -0.035808403;
 0, 0, 0, 1]
Twc:
[0.83549678, -0.34572136, -0.42710876, -0.061118934;
 0.5303582, 0.30401129, 0.79138947, 0.063247971;
 -0.14375436, -0.88772398, 0.43735662, -0.092258364;
 0, 0, 0, 1]
Ow:
[0.0042580534;
 -0.12225819;
 -0.035808403]
Keyframe: 9 Frame: 1258 Frame from vFrameID : 39
Tcw:
[0.80770576, 0.56367266, -0.17287134, 0.0017885696;
 -0.35421717, 0.22954096, -0.90655452, -0.091988102;
 -0.47131896, 0.79346335, 0.3850641, -0.025762962;
 0, 0, 0, 1]
Twc:
[0.80770576, -0.35421717, -0.47131896, -0.046170976;
 0.56367266, 0.22954096, 0.79346335, 0.040548835;
 -0.17287134, -0.90655452, 0.3850641, -0.073162645;
 0, 0, 0, 1]
Ow:
[0.0017885696;
 -0.091988102;
 -0.025762962]
Keyframe: 10 Frame: 1262 Frame from vFrameID : 41
Tcw:
[0.79499656, 0.56983107, -0.20802172, -0.0021158047;
 -0.37777925, 0.19677158, -0.90474516, -0.071851879;
 -0.47461915, 0.79785556, 0.37170309, -0.020083779;
 0, 0, 0, 1]
Twc:
[0.79499656, -0.37777925, -0.47461915, -0.034994237;
 0.56983107, 0.19677158, 0.79785556, 0.031368017;
 -0.20802172, -0.90474516, 0.37170309, -0.057982568;
 0, 0, 0, 1]
Ow:
[-0.0021158047;
 -0.071851879;
 -0.020083779]
Keyframe: 11 Frame: 1267 Frame from vFrameID : 43
Tcw:
[0.79815954, 0.55166268, -0.24209423, -0.0022217082;
 -0.41018489, 0.20331018, -0.88905191, -0.075395584;
 -0.44123656, 0.80890864, 0.38855767, -0.018543014;
 0, 0, 0, 1]
Twc:
[0.79815954, -0.41018489, -0.44123656, -0.03733471;
 0.55166268, 0.20331018, 0.80890864, 0.031553932;
 -0.24209423, -0.88905191, 0.38855767, -0.060363423;
 0, 0, 0, 1]
Ow:
[-0.0022217082;
 -0.075395584;
 -0.018543014]
Keyframe: 12 Frame: 1273 Frame from vFrameID : 45
Tcw:
[0.77046639, 0.5717063, -0.28201681, -7.8296289e-06;
 -0.4368678, 0.15134892, -0.88670176, -0.069993801;
 -0.46425006, 0.80637795, 0.36636934, -0.031049471;
 0, 0, 0, 1]
Twc:
[0.77046639, -0.4368678, -0.46425006, -0.044986721;
 0.5717063, 0.15134892, 0.80637795, 0.035635572;
 -0.28201681, -0.88670176, 0.36636934, -0.050690264;
 0, 0, 0, 1]
Ow:
[-7.8296289e-06;
 -0.069993801;
 -0.031049471]
Keyframe: 13 Frame: 1278 Frame from vFrameID : 47
Tcw:
[0.78982508, 0.57888043, -0.20266671, -0.011714909;
 -0.39830941, 0.23284203, -0.88720584, -0.079533391;
 -0.46639675, 0.78146148, 0.414478, -0.04179256;
 0, 0, 0, 1]
Twc:
[0.78982508, -0.39830941, -0.46639675, -0.041918088;
 0.57888043, 0.23284203, 0.78146148, 0.057959527;
 -0.20266671, -0.88720584, 0.414478, -0.055614613;
 0, 0, 0, 1]
Ow:
[-0.011714909;
 -0.079533391;
 -0.04179256]
Keyframe: 14 Frame: 1284 Frame from vFrameID : 49
Tcw:
[0.77195203, 0.59222901, -0.23098674, 3.6042184e-07;
 -0.36758876, 0.11942057, -0.92228913, -0.078924939;
 -0.5186218, 0.79687107, 0.30988368, -0.025920918;
 0, 0, 0, 1]
Twc:
[0.77195203, -0.36758876, -0.5186218, -0.042455353;
 0.59222901, 0.11942057, 0.79687107, 0.030080678;
 -0.23098674, -0.92228913, 0.30988368, -0.064759061;
 0, 0, 0, 1]
Ow:
[3.6042184e-07;
 -0.078924939;
 -0.025920918]
Keyframe: 15 Frame: 1290 Frame from vFrameID : 51
Tcw:
[0.73663348, 0.61980504, -0.27057871, 0.0011668699;
 -0.3956027, 0.070409492, -0.91571885, -0.060125351;
 -0.54851586, 0.78159082, 0.29706252, -0.028321881;
 0, 0, 0, 1]
Twc:
[0.73663348, -0.3956027, -0.54851586, -0.040180307;
 0.61980504, 0.070409492, 0.78159082, 0.025646286;
 -0.27057871, -0.91571885, 0.29706252, -0.046328817;
 0, 0, 0, 1]
Ow:
[0.0011668699;
 -0.060125351;
 -0.028321881]
Keyframe: 16 Frame: 1295 Frame from vFrameID : 53
Tcw:
[0.71138275, 0.643987, -0.28145221, -0.0039626434;
 -0.43177649, 0.084489428, -0.89801478, -0.059829228;
 -0.55453008, 0.76035672, 0.33816275, -0.036517333;
 0, 0, 0, 1]
Twc:
[0.71138275, -0.43177649, -0.55453008, -0.04326386;
 0.643987, 0.084489428, 0.76035672, 0.035373028;
 -0.28145221, -0.89801478, 0.33816275, -0.042494025;
 0, 0, 0, 1]
Ow:
[-0.0039626434;
 -0.059829228;
 -0.036517333]
Keyframe: 17 Frame: 1299 Frame from vFrameID : 56
Tcw:
[0.71918321, 0.62008721, -0.31347623, -0.0028612856;
 -0.45822513, 0.084133007, -0.88484538, -0.058600903;
 -0.52230763, 0.78000861, 0.34464657, -0.036118966;
 0, 0, 0, 1]
Twc:
[0.71918321, -0.45822513, -0.52230763, -0.043659829;
 0.62008721, 0.084133007, 0.78000861, 0.034877621;
 -0.31347623, -0.88484538, 0.34464657, -0.040301405;
 0, 0, 0, 1]
Ow:
[-0.0028612856;
 -0.058600903;
 -0.036118966]
Keyframe: 18 Frame: 1304 Frame from vFrameID : 58
Tcw:
[0.64115649, 0.70835549, -0.29521316, -0.0056454856;
 -0.45992464, 0.046742387, -0.88672686, -0.06401933;
 -0.61431885, 0.70430648, 0.35575932, -0.034693006;
 0, 0, 0, 1]
Twc:
[0.64115649, -0.45992464, -0.61431885, -0.047136996;
 0.70835549, 0.046742387, 0.70430648, 0.031425938;
 -0.29521316, -0.88672686, 0.35575932, -0.046091918;
 0, 0, 0, 1]
Ow:
[-0.0056454856;
 -0.06401933;
 -0.034693006]
Keyframe: 19 Frame: 1309 Frame from vFrameID : 60
Tcw:
[0.63941342, 0.69818318, -0.32201043, -0.0022005839;
 -0.46422094, 0.016713347, -0.8855617, -0.056400292;
 -0.61290246, 0.71572405, 0.33479801, -0.034890622;
 0, 0, 0, 1]
Twc:
[0.63941342, -0.46422094, -0.61290246, -0.046159662;
 0.69818318, 0.016713347, 0.71572405, 0.027451107;
 -0.32201043, -0.8855617, 0.33479801, -0.038973242;
 0, 0, 0, 1]
Ow:
[-0.0022005839;
 -0.056400292;
 -0.034890622]
Keyframe: 20 Frame: 1314 Frame from vFrameID : 62
Tcw:
[0.63841045, 0.71886355, -0.27507693, -0.0064316997;
 -0.42848197, 0.035039268, -0.90287066, -0.067833662;
 -0.63940233, 0.69426757, 0.3303895, -0.034661774;
 0, 0, 0, 1]
Twc:
[0.63841045, -0.42848197, -0.63940233, -0.047122255;
 0.71886355, 0.035039268, 0.69426757, 0.031064902;
 -0.27507693, -0.90287066, 0.3303895, -0.051562354;
 0, 0, 0, 1]
Ow:
[-0.0064316997;
 -0.067833662;
 -0.034661774]
Keyframe: 21 Frame: 1319 Frame from vFrameID : 65
Tcw:
[0.71941715, 0.64016718, -0.26949015, -0.013991782;
 -0.37950784, 0.037331324, -0.92443508, -0.066506304;
 -0.58173257, 0.76732802, 0.26980525, -0.036541201;
 0, 0, 0, 1]
Twc:
[0.71941715, -0.37950784, -0.58173257, -0.03643094;
 0.64016718, 0.037331324, 0.76732802, 0.039478939;
 -0.26949015, -0.92443508, 0.26980525, -0.055392396;
 0, 0, 0, 1]
Ow:
[-0.013991782;
 -0.066506304;
 -0.036541201]
Keyframe: 22 Frame: 1324 Frame from vFrameID : 67
Tcw:
[0.71864063, 0.65066516, -0.24533762, -0.01522313;
 -0.36861777, 0.057289097, -0.92781407, -0.0737499;
 -0.58964109, 0.75720066, 0.28101701, -0.038141981;
 0, 0, 0, 1]
Twc:
[0.71864063, -0.36861777, -0.58964109, -0.038735643;
 0.65066516, 0.057289097, 0.75720066, 0.043011356;
 -0.24533762, -0.92781407, 0.28101701, -0.06144245;
 0, 0, 0, 1]
Ow:
[-0.01522313;
 -0.0737499;
 -0.038141981]
Keyframe: 23 Frame: 1329 Frame from vFrameID : 69
Tcw:
[0.72414988, 0.62429285, -0.293028, -0.016926721;
 -0.35429823, -0.027766032, -0.93472016, -0.051585309;
 -0.59167534, 0.78069681, 0.20107909, -0.032925311;
 0, 0, 0, 1]
Twc:
[0.72414988, -0.35429823, -0.59167534, -0.025500195;
 0.62429285, -0.027766032, 0.78069681, 0.034839597;
 -0.293028, -0.93472016, 0.20107909, -0.04655724;
 0, 0, 0, 1]
Ow:
[-0.016926721;
 -0.051585309;
 -0.032925311]
Keyframe: 24 Frame: 1332 Frame from vFrameID : 72
Tcw:
[0.70377243, 0.65258205, -0.28078634, -0.028538661;
 -0.35320348, -0.021521112, -0.93529898, -0.013978107;
 -0.61640215, 0.75741237, 0.21534829, -0.04140994;
 0, 0, 0, 1]
Twc:
[0.70377243, -0.35320348, -0.61640215, -0.010377568;
 0.65258205, -0.021521112, 0.75741237, 0.049687397;
 -0.28078634, -0.93529898, 0.21534829, -0.012169415;
 0, 0, 0, 1]
Ow:
[-0.028538661;
 -0.013978107;
 -0.04140994]
Keyframe: 25 Frame: 1337 Frame from vFrameID : 75
Tcw:
[0.65760458, 0.66905957, -0.34628817, -0.023481887;
 -0.39832488, -0.08136563, -0.91362846, -0.031518396;
 -0.63944781, 0.73874146, 0.21299666, -0.040388763;
 0, 0, 0, 1]
Twc:
[0.65760458, -0.39832488, -0.63944781, -0.022939268;
 0.66905957, -0.08136563, 0.73874146, 0.042983118;
 -0.34628817, -0.91362846, 0.21299666, -0.028324932;
 0, 0, 0, 1]
Ow:
[-0.023481887;
 -0.031518396;
 -0.040388763]
Keyframe: 26 Frame: 1340 Frame from vFrameID : 78
Tcw:
[0.64843208, 0.65675581, -0.38497743, -0.0053345766;
 -0.45233461, -0.074361913, -0.88874274, -0.058073774;
 -0.61231464, 0.75042796, 0.24885476, -0.049987726;
 0, 0, 0, 1]
Twc:
[0.64843208, -0.45233461, -0.61231464, -0.053417884;
 0.65675581, -0.074361913, 0.75042796, 0.036697224;
 -0.38497743, -0.88874274, 0.24885476, -0.041226655;
 0, 0, 0, 1]
Ow:
[-0.0053345766;
 -0.058073774;
 -0.049987726]
Keyframe: 27 Frame: 1342 Frame from vFrameID : 83
Tcw:
[0.65789413, 0.67333657, -0.33733246, -0.023325857;
 -0.3846752, -0.084635481, -0.91916364, -0.033999383;
 -0.64745682, 0.73447579, 0.20333472, -0.039668731;
 0, 0, 0, 1]
Twc:
[0.65789413, -0.3846752, -0.64745682, -0.023416566;
 0.67333657, -0.084635481, 0.73447579, 0.041964322;
 -0.33733246, -0.91916364, 0.20333472, -0.031053536;
 0, 0, 0, 1]
Ow:
[-0.023325857;
 -0.033999383;
 -0.039668731]
Keyframe: 28 Frame: 1344 Frame from vFrameID : 90
Tcw:
[0.65679866, 0.67217648, -0.34175175, -0.021530032;
 -0.38002533, -0.096389905, -0.91994005, -0.034599822;
 -0.65130353, 0.73408973, 0.19213533, -0.038803186;
 0, 0, 0, 1]
Twc:
[0.65679866, -0.38002533, -0.65130353, -0.024280563;
 0.67217648, -0.096389905, 0.73408973, 0.039621931;
 -0.34175175, -0.91994005, 0.19213533, -0.031732228;
 0, 0, 0, 1]
Ow:
[-0.021530032;
 -0.034599822;
 -0.038803186]
Keyframe: 29 Frame: 1346 Frame from vFrameID : 95
Tcw:
[0.65308201, 0.67549688, -0.34232715, -0.021600477;
 -0.37126628, -0.10839316, -0.92217803, -0.036717668;
 -0.6600343, 0.72935236, 0.17999959, -0.038883835;
 0, 0, 0, 1]
Twc:
[0.65308201, -0.37126628, -0.6600343, -0.02518981;
 0.67549688, -0.10839316, 0.72935236, 0.03897113;
 -0.34232715, -0.92217803, 0.17999959, -0.034255579;
 0, 0, 0, 1]
Ow:
[-0.021600477;
 -0.036717668;
 -0.038883835]
Keyframe: 30 Frame: 1349 Frame from vFrameID : 101
Tcw:
[0.65328145, 0.6787554, -0.33543181, -0.020515684;
 -0.35393369, -0.11786293, -0.92781425, -0.038196094;
 -0.66929388, 0.72484446, 0.16323675, -0.038024124;
 0, 0, 0, 1]
Twc:
[0.65328145, -0.35393369, -0.66929388, -0.025565682;
 0.6787554, -0.11786293, 0.72484446, 0.036984801;
 -0.33543181, -0.92781425, 0.16323675, -0.03611356;
 0, 0, 0, 1]
Ow:
[-0.020515684;
 -0.038196094;
 -0.038024124]
Keyframe: 31 Frame: 1352 Frame from vFrameID : 106
Tcw:
[0.66135961, 0.67826599, -0.32024789, -0.018946759;
 -0.33559638, -0.11425921, -0.93505073, -0.042437896;
 -0.67080438, 0.72587883, 0.15205719, -0.038255531;
 0, 0, 0, 1]
Twc:
[0.66135961, -0.33559638, -0.67080438, -0.027373364;
 0.67826599, -0.11425921, 0.72587883, 0.035770904;
 -0.32024789, -0.93505073, 0.15205719, -0.039932217;
 0, 0, 0, 1]
Ow:
[-0.018946759;
 -0.042437896;
 -0.038255531]
Keyframe: 32 Frame: 1355 Frame from vFrameID : 111
Tcw:
[0.65221012, 0.68164015, -0.3316454, -0.018967342;
 -0.35826802, -0.10837281, -0.92730761, -0.048599962;
 -0.66803139, 0.72361737, 0.17352802, -0.042541139;
 0, 0, 0, 1]
Twc:
[0.65221012, -0.35826802, -0.66803139, -0.033459935;
 0.68164015, -0.10837281, 0.72361737, 0.038445488;
 -0.3316454, -0.92730761, 0.17352802, -0.043975465;
 0, 0, 0, 1]
Ow:
[-0.018967342;
 -0.048599962;
 -0.042541139]
Keyframe: 33 Frame: 1359 Frame from vFrameID : 116
Tcw:
[0.67925864, 0.63314158, -0.3711327, -0.020029621;
 -0.38247177, -0.12620157, -0.91530788, -0.054088391;
 -0.62635702, 0.76367855, 0.15643527, -0.043380596;
 0, 0, 0, 1]
Twc:
[0.67925864, -0.38247177, -0.62635702, -0.034253728;
 0.63314158, -0.12620157, 0.76367855, 0.038984377;
 -0.3711327, -0.91530788, 0.15643527, -0.050154924;
 0, 0, 0, 1]
Ow:
[-0.020029621;
 -0.054088391;
 -0.043380596]
Keyframe: 34 Frame: 1363 Frame from vFrameID : 122
Tcw:
[0.64519703, 0.65132737, -0.39936629, -0.021710783;
 -0.39913756, -0.1583682, -0.90311056, -0.055088148;
 -0.65146756, 0.74208635, 0.15779054, -0.043688729;
 0, 0, 0, 1]
Twc:
[0.64519703, -0.39913756, -0.65146756, -0.036441807;
 0.65132737, -0.1583682, 0.74208635, 0.037837427;
 -0.39936629, -0.90311056, 0.15779054, -0.051527575;
 0, 0, 0, 1]
Ow:
[-0.021710783;
 -0.055088148;
 -0.043688729]
Keyframe: 35 Frame: 1366 Frame from vFrameID : 1367
Tcw:
[0.67884922, 0.6204195, -0.39273825, -0.023977019;
 -0.42153972, -0.10865431, -0.9002769, -0.058948286;
 -0.60122204, 0.77670705, 0.18777159, -0.045259967;
 0, 0, 0, 1]
Twc:
[0.67884922, -0.42153972, -0.60122204, -0.035783555;
 0.6204195, -0.10865431, 0.77670705, 0.043624561;
 -0.39273825, -0.9002769, 0.18777159, -0.053987939;
 0, 0, 0, 1]
Ow:
[-0.023977019;
 -0.058948286;
 -0.045259967]
Keyframe: 36 Frame: 1370 Frame from vFrameID : 1371
Tcw:
[0.5594067, 0.70949727, -0.42857641, -0.02583997;
 -0.46860445, -0.15579131, -0.86956251, -0.044118665;
 -0.68372071, 0.68727189, 0.24532287, -0.054938704;
 0, 0, 0, 1]
Twc:
[0.5594067, -0.46860445, -0.68372071, -0.04378188;
 0.70949727, -0.15579131, 0.68727189, 0.049217913;
 -0.42857641, -0.86956251, 0.24532287, -0.035960618;
 0, 0, 0, 1]
Ow:
[-0.02583997;
 -0.044118665;
 -0.054938704]
Keyframe: 37 Frame: 1373 Frame from vFrameID : 1374
Tcw:
[0.56469315, 0.69827247, -0.43992865, -0.025558967;
 -0.4647142, -0.17148538, -0.86869645, -0.044297181;
 -0.68202811, 0.69498801, 0.22766049, -0.053548761;
 0, 0, 0, 1]
Twc:
[0.56469315, -0.4647142, -0.68202811, -0.042674318;
 0.69827247, -0.17148538, 0.69498801, 0.04746655;
 -0.43992865, -0.86869645, 0.22766049, -0.037533987;
 0, 0, 0, 1]
Ow:
[-0.025558967;
 -0.044297181;
 -0.053548761]
Keyframe: 38 Frame: 1377 Frame from vFrameID : 1378
Tcw:
[0.57873386, 0.68885934, -0.4365088, -0.024709333;
 -0.43304625, -0.19397242, -0.88025314, -0.04482168;
 -0.69104129, 0.69846082, 0.18604955, -0.05204187;
 0, 0, 0, 1]
Twc:
[0.57873386, -0.43304625, -0.69104129, -0.041072816;
 0.68885934, -0.19397242, 0.69846082, 0.044676293;
 -0.4365088, -0.88025314, 0.18604955, -0.040557902;
 0, 0, 0, 1]
Ow:
[-0.024709333;
 -0.04482168;
 -0.05204187]
Keyframe: 39 Frame: 1382 Frame from vFrameID : 1383
Tcw:
[0.57946062, 0.69463313, -0.42627478, -0.024447789;
 -0.41436234, -0.1992929, -0.88802373, -0.045900978;
 -0.70180428, 0.69120705, 0.17234741, -0.051756278;
 0, 0, 0, 1]
Twc:
[0.57946062, -0.41436234, -0.70180428, -0.04117588;
 0.69463313, -0.1992929, 0.69120705, 0.043608807;
 -0.42627478, -0.88802373, 0.17234741, -0.042262573;
 0, 0, 0, 1]
Ow:
[-0.024447789;
 -0.045900978;
 -0.051756278]
Keyframe: 40 Frame: 1387 Frame from vFrameID : 1388
Tcw:
[0.60044181, 0.66709876, -0.44096354, -0.023888566;
 -0.38373837, -0.24342556, -0.89077991, -0.046871942;
 -0.70157999, 0.70407617, 0.10982849, -0.047181457;
 0, 0, 0, 1]
Twc:
[0.60044181, -0.38373837, -0.70157999, -0.036744431;
 0.66709876, -0.24342556, 0.70407617, 0.037745539;
 -0.44096354, -0.89077991, 0.10982849, -0.047104701;
 0, 0, 0, 1]
Ow:
[-0.023888566;
 -0.046871942;
 -0.047181457]
Keyframe: 41 Frame: 1393 Frame from vFrameID : 1394
Tcw:
[0.573686, 0.66961491, -0.4716993, -0.026853265;
 -0.40299544, -0.27060971, -0.87427974, -0.047539607;
 -0.71307719, 0.69165474, 0.11460675, -0.04725812;
 0, 0, 0, 1]
Twc:
[0.573686, -0.40299544, -0.71307719, -0.037451588;
 0.66961491, -0.27060971, 0.69165474, 0.037802968;
 -0.4716993, -0.87427974, 0.11460675, -0.048813481;
 0, 0, 0, 1]
Ow:
[-0.026853265;
 -0.047539607;
 -0.04725812]
Keyframe: 42 Frame: 1398 Frame from vFrameID : 1399
Tcw:
[0.55666643, 0.67307174, -0.48692602, -0.03263016;
 -0.42756015, -0.27041778, -0.86259294, -0.044055074;
 -0.71226037, 0.68836665, 0.13724616, -0.048711821;
 0, 0, 0, 1]
Twc:
[0.55666643, -0.42756015, -0.71226037, -0.035367582;
 0.67307174, -0.27041778, 0.68836665, 0.043580759;
 -0.48692602, -0.86259294, 0.13724616, -0.047204558;
 0, 0, 0, 1]
Ow:
[-0.03263016;
 -0.044055074;
 -0.048711821]
Keyframe: 43 Frame: 1404 Frame from vFrameID : 1405
Tcw:
[0.54858458, 0.67696351, -0.49068865, -0.032976907;
 -0.36926681, -0.33036843, -0.86861885, -0.044271052;
 -0.75013131, 0.65770596, 0.068745144, -0.046206307;
 0, 0, 0, 1]
Twc:
[0.54858458, -0.36926681, -0.75013131, -0.032918006;
 0.67696351, -0.33036843, 0.65770596, 0.038088571;
 -0.49068865, -0.86861885, 0.068745144, -0.051459607;
 0, 0, 0, 1]
Ow:
[-0.032976907;
 -0.044271052;
 -0.046206307]
Keyframe: 44 Frame: 1410 Frame from vFrameID : 1411
Tcw:
[0.54657871, 0.68748951, -0.47813174, -0.034349907;
 -0.36290556, -0.32010108, -0.87511992, -0.040468283;
 -0.75468624, 0.65183854, 0.074533328, -0.047168903;
 0, 0, 0, 1]
Twc:
[0.54657871, -0.36290556, -0.75468624, -0.031508956;
 0.68748951, -0.32010108, 0.65183854, 0.041407768;
 -0.47813174, -0.87511992, 0.074533328, -0.048322722;
 0, 0, 0, 1]
Ow:
[-0.034349907;
 -0.040468283;
 -0.047168903]
Keyframe: 45 Frame: 1415 Frame from vFrameID : 1416
Tcw:
[0.54063725, 0.67270905, -0.50514734, -0.035229668;
 -0.37245211, -0.34700927, -0.86073458, -0.038728565;
 -0.75431478, 0.6534884, 0.062945761, -0.046233092;
 0, 0, 0, 1]
Twc:
[0.54063725, -0.37245211, -0.75431478, -0.030252364;
 0.67270905, -0.34700927, 0.6534884, 0.040472936;
 -0.50514734, -0.86073458, 0.062945761, -0.048221011;
 0, 0, 0, 1]
Ow:
[-0.035229668;
 -0.038728565;
 -0.046233092]
Keyframe: 46 Frame: 1421 Frame from vFrameID : 1422
Tcw:
[0.53508848, 0.69724786, -0.47699657, -0.037445389;
 -0.35835594, -0.3239755, -0.87556893, -0.032941964;
 -0.76502377, 0.63944137, 0.07650736, -0.048012745;
 0, 0, 0, 1]
Twc:
[0.53508848, -0.35835594, -0.76502377, -0.028499238;
 0.69724786, -0.3239755, 0.63944137, 0.046137664;
 -0.47699657, -0.87556893, 0.07650736, -0.043030955;
 0, 0, 0, 1]
Ow:
[-0.037445389;
 -0.032941964;
 -0.048012745]
Keyframe: 47 Frame: 1426 Frame from vFrameID : 1427
Tcw:
[0.51042795, 0.7060563, -0.49086431, -0.039424002;
 -0.37811911, -0.3283965, -0.86555284, -0.030343879;
 -0.77232718, 0.62740755, 0.099350624, -0.047554478;
 0, 0, 0, 1]
Twc:
[0.51042795, -0.37811911, -0.77232718, -0.0280781;
 0.7060563, -0.3283965, 0.62740755, 0.047706783;
 -0.49086431, -0.86555284, 0.099350624, -0.040891498;
 0, 0, 0, 1]
Ow:
[-0.039424002;
 -0.030343879;
 -0.047554478]
Keyframe: 48 Frame: 1431 Frame from vFrameID : 1432
Tcw:
[0.47880092, 0.69125372, -0.541219, -0.036260556;
 -0.32517466, -0.43299454, -0.84070039, -0.029997287;
 -0.81548214, 0.57851881, 0.017460007, -0.044026345;
 0, 0, 0, 1]
Twc:
[0.47880092, -0.32517466, -0.81548214, -0.028295469;
 0.69125372, -0.43299454, 0.57851881, 0.03754665;
 -0.541219, -0.84070039, 0.017460007, -0.044074934;
 0, 0, 0, 1]
Ow:
[-0.036260556;
 -0.029997287;
 -0.044026345]
Keyframe: 49 Frame: 1436 Frame from vFrameID : 1437
Tcw:
[0.46637937, 0.69809878, -0.54327559, -0.03722661;
 -0.39216518, -0.38733345, -0.83437359, -0.030349188;
 -0.79290396, 0.60218841, 0.093125708, -0.05222657;
 0, 0, 0, 1]
Twc:
[0.46637937, -0.39216518, -0.79290396, -0.035950828;
 0.69809878, -0.38733345, 0.60218841, 0.045682829;
 -0.54327559, -0.83437359, 0.093125708, -0.040683232;
 0, 0, 0, 1]
Ow:
[-0.03722661;
 -0.030349188;
 -0.05222657]
Keyframe: 50 Frame: 1441 Frame from vFrameID : 1442
Tcw:
[0.44263777, 0.70404202, -0.55533475, -0.037883922;
 -0.3686493, -0.42167312, -0.82842588, -0.031516969;
 -0.81741637, 0.57141638, 0.072896145, -0.048978221;
 0, 0, 0, 1]
Twc:
[0.44263777, -0.3686493, -0.81741637, -0.034885451;
 0.70404202, -0.42167312, 0.57141638, 0.041368969;
 -0.55533475, -0.82842588, 0.072896145, -0.043577407;
 0, 0, 0, 1]
Ow:
[-0.037883922;
 -0.031516969;
 -0.048978221]
Keyframe: 51 Frame: 1445 Frame from vFrameID : 1446
Tcw:
[0.45117339, 0.72150618, -0.52523458, -0.04173246;
 -0.29257834, -0.4364295, -0.85083914, -0.027636778;
 -0.84311354, 0.53754824, 0.014191694, -0.044995539;
 0, 0, 0, 1]
Twc:
[0.45117339, -0.29257834, -0.84311354, -0.027193695;
 0.72150618, -0.4364295, 0.53754824, 0.042236;
 -0.52523458, -0.85083914, 0.014191694, -0.044795219;
 0, 0, 0, 1]
Ow:
[-0.04173246;
 -0.027636778;
 -0.044995539]
Keyframe: 52 Frame: 1449 Frame from vFrameID : 1450
Tcw:
[0.44015461, 0.66089261, -0.6078527, -0.035483487;
 -0.37451151, -0.48014033, -0.79322529, -0.031346977;
 -0.8160913, 0.57678962, 0.036175903, -0.051101308;
 0, 0, 0, 1]
Twc:
[0.44015461, -0.37451151, -0.8160913, -0.037824918;
 0.66089261, -0.48014033, 0.57678962, 0.037874531;
 -0.6078527, -0.79322529, 0.036175903, -0.044585314;
 0, 0, 0, 1]
Ow:
[-0.035483487;
 -0.031346977;
 -0.051101308]
Keyframe: 53 Frame: 1454 Frame from vFrameID : 1455
Tcw:
[0.40086621, 0.6983003, -0.59302866, -0.03434841;
 -0.32589537, -0.49628109, -0.80467218, -0.019323399;
 -0.85621172, 0.51583117, 0.028630514, -0.049501829;
 0, 0, 0, 1]
Twc:
[0.40086621, -0.32589537, -0.85621172, -0.034912337;
 0.6983003, -0.49628109, 0.51583117, 0.039930254;
 -0.59302866, -0.80467218, 0.028630514, -0.034501329;
 0, 0, 0, 1]
Ow:
[-0.03434841;
 -0.019323399;
 -0.049501829]
Keyframe: 54 Frame: 1459 Frame from vFrameID : 1460
Tcw:
[0.41974065, 0.70451027, -0.57226133, -0.041542828;
 -0.33900028, -0.46317866, -0.81886768, -0.017658126;
 -0.84195995, 0.53770882, 0.044414282, -0.050149515;
 0, 0, 0, 1]
Twc:
[0.41974065, -0.33900028, -0.84195995, -0.030772781;
 0.70451027, -0.46317866, 0.53770882, 0.048054319;
 -0.57226133, -0.81886768, 0.044414282, -0.036005672;
 0, 0, 0, 1]
Ow:
[-0.041542828;
 -0.017658126;
 -0.050149515]
Keyframe: 55 Frame: 1463 Frame from vFrameID : 1464
Tcw:
[0.43349859, 0.70292437, -0.56389391, -0.044671029;
 -0.3344439, -0.45556295, -0.82499069, -0.023256123;
 -0.83679521, 0.54622316, 0.03760286, -0.049798291;
 0, 0, 0, 1]
Twc:
[0.43349859, -0.3344439, -0.83679521, -0.030084018;
 0.70292437, -0.45556295, 0.54622316, 0.048006706;
 -0.56389391, -0.82499069, 0.03760286, -0.042503249;
 0, 0, 0, 1]
Ow:
[-0.044671029;
 -0.023256123;
 -0.049798291]
Keyframe: 56 Frame: 1467 Frame from vFrameID : 1468
Tcw:
[0.38469523, 0.67231458, -0.63245767, -0.038173862;
 -0.34821188, -0.52885836, -0.77398795, -0.0062943147;
 -0.85484391, 0.51797873, 0.030658649, -0.043896478;
 0, 0, 0, 1]
Twc:
[0.38469523, -0.34821188, -0.85484391, -0.025031088;
 0.67231458, -0.52885836, 0.51797873, 0.045073483;
 -0.63245767, -0.77398795, 0.030658649, -0.02766927;
 0, 0, 0, 1]
Ow:
[-0.038173862;
 -0.0062943147;
 -0.043896478]
Keyframe: 57 Frame: 1471 Frame from vFrameID : 1472
Tcw:
[0.39509726, 0.68455464, -0.61260355, -0.048431218;
 -0.32152557, -0.52163261, -0.79026622, -0.028242817;
 -0.86053443, 0.50919974, 0.014006209, -0.043098997;
 0, 0, 0, 1]
Twc:
[0.39509726, -0.32152557, -0.86053443, -0.027033916;
 0.68455464, -0.52163261, 0.50919974, 0.040367439;
 -0.61260355, -0.79026622, 0.014006209, -0.051384829;
 0, 0, 0, 1]
Ow:
[-0.048431218;
 -0.028242817;
 -0.043098997]
Keyframe: 58 Frame: 1474 Frame from vFrameID : 1475
Tcw:
[0.40455127, 0.68059546, -0.61084211, -0.043733347;
 -0.36710754, -0.4909046, -0.79009163, -0.011347169;
 -0.83759797, 0.5438773, 0.051255643, -0.053922158;
 0, 0, 0, 1]
Twc:
[0.40455127, -0.36710754, -0.83759797, -0.031638339;
 0.68059546, -0.4909046, 0.5438773, 0.05352138;
 -0.61084211, -0.79009163, 0.051255643, -0.032915659;
 0, 0, 0, 1]
Ow:
[-0.043733347;
 -0.011347169;
 -0.053922158]
Keyframe: 59 Frame: 1476 Frame from vFrameID : 1477
Tcw:
[0.40576231, 0.67897487, -0.61184156, -0.043957934;
 -0.36081597, -0.49605641, -0.78977203, -0.012168264;
 -0.83974326, 0.54122198, 0.043703958, -0.053527266;
 0, 0, 0, 1]
Twc:
[0.40576231, -0.36081597, -0.83974326, -0.031503193;
 0.67897487, -0.49605641, 0.54122198, 0.052780315;
 -0.61184156, -0.78977203, 0.043703958, -0.03416609;
 0, 0, 0, 1]
Ow:
[-0.043957934;
 -0.012168264;
 -0.053527266]
Keyframe: 60 Frame: 1480 Frame from vFrameID : 1481
Tcw:
[0.44298261, 0.66638958, -0.59974271, -0.044617794;
 -0.3273713, -0.50253284, -0.80018049, -0.012750445;
 -0.83462232, 0.55080462, -0.0044564698, -0.054004662;
 0, 0, 0, 1]
Twc:
[0.44298261, -0.3273713, -0.83462232, -0.02948272;
 0.66638958, -0.50253284, 0.55080462, 0.053071331;
 -0.59974271, -0.80018049, -0.0044564698, -0.037202526;
 0, 0, 0, 1]
Ow:
[-0.044617794;
 -0.012750445;
 -0.054004662]
Keyframe: 61 Frame: 1484 Frame from vFrameID : 1485
Tcw:
[0.39358702, 0.65448344, -0.64555454, -0.043875877;
 -0.33818972, -0.5499022, -0.76369846, -0.023222687;
 -0.85481983, 0.51890171, 0.0049052187, -0.053881552;
 0, 0, 0, 1]
Twc:
[0.39358702, -0.33818972, -0.85481983, -0.036643717;
 0.65448344, -0.5499022, 0.51890171, 0.043905061;
 -0.64555454, -0.76369846, 0.0049052187, -0.045795102;
 0, 0, 0, 1]
Ow:
[-0.043875877;
 -0.023222687;
 -0.053881552]
Keyframe: 62 Frame: 1486 Frame from vFrameID : 1487
Tcw:
[0.37937224, 0.65405244, -0.65444028, -0.046158358;
 -0.34883997, -0.5540092, -0.75589979, -0.026999913;
 -0.85696405, 0.51506233, 0.017983934, -0.054200284;
 0, 0, 0, 1]
Twc:
[0.37937224, -0.34883997, -0.85696405, -0.038355146;
 0.65405244, -0.5540092, 0.51506233, 0.043148313;
 -0.65444028, -0.75589979, 0.017983934, -0.049642384;
 0, 0, 0, 1]
Ow:
[-0.046158358;
 -0.026999913;
 -0.054200284]
Keyframe: 63 Frame: 1489 Frame from vFrameID : 1490
Tcw:
[0.39365703, 0.66290313, -0.63686234, -0.047558397;
 -0.30162647, -0.56129897, -0.77069122, -0.02475699;
 -0.86836374, 0.49548256, -0.021010164, -0.049187608;
 0, 0, 0, 1]
Twc:
[0.39365703, -0.30162647, -0.86836374, -0.0314584;
 0.66290313, -0.56129897, 0.49548256, 0.042002138;
 -0.63686234, -0.77069122, -0.021010164, -0.050401587;
 0, 0, 0, 1]
Ow:
[-0.047558397;
 -0.02475699;
 -0.049187608]
Keyframe: 64 Frame: 1492 Frame from vFrameID : 1493
Tcw:
[0.37226948, 0.63018429, -0.68138331, -0.044304214;
 -0.26171565, -0.63308251, -0.72849947, -0.016749267;
 -0.89046073, 0.44952682, -0.070748195, -0.043155216;
 0, 0, 0, 1]
Twc:
[0.37226948, -0.26171565, -0.89046073, -0.026318464;
 0.63018429, -0.63308251, 0.44952682, 0.036715578;
 -0.68138331, -0.72849947, -0.070748195, -0.045443136;
 0, 0, 0, 1]
Ow:
[-0.044304214;
 -0.016749267;
 -0.043155216]
Keyframe: 65 Frame: 1495 Frame from vFrameID : 1496
Tcw:
[0.32357651, 0.66284925, -0.6752252, -0.048038945;
 -0.31400937, -0.59794825, -0.73746598, -0.016697777;
 -0.89257848, 0.4506537, 0.014658874, -0.048932232;
 0, 0, 0, 1]
Twc:
[0.32357651, -0.31400937, -0.89257848, -0.033374846;
 0.66284925, -0.59794825, 0.4506537, 0.043909665;
 -0.6752252, -0.73746598, 0.014658874, -0.044033855;
 0, 0, 0, 1]
Ow:
[-0.048038945;
 -0.016697777;
 -0.048932232]
Keyframe: 66 Frame: 1499 Frame from vFrameID : 1500
Tcw:
[0.32441804, 0.65504944, -0.68239516, -0.048460294;
 -0.32611659, -0.59972858, -0.73073494, -0.016969379;
 -0.88791943, 0.459604, 0.019059706, -0.048982844;
 0, 0, 0, 1]
Twc:
[0.32441804, -0.32611659, -0.88791943, -0.033305418;
 0.65504944, -0.59972858, 0.459604, 0.044079576;
 -0.68239516, -0.73073494, 0.019059706, -0.044535588;
 0, 0, 0, 1]
Ow:
[-0.048460294;
 -0.016969379;
 -0.048982844]
Keyframe: 67 Frame: 1503 Frame from vFrameID : 1504
Tcw:
[0.36547592, 0.65653229, -0.65984297, -0.050070647;
 -0.31161758, -0.5816797, -0.75136089, -0.015197318;
 -0.87710994, 0.480223, -0.0080029061, -0.048485108;
 0, 0, 0, 1]
Twc:
[0.36547592, -0.31161758, -0.87710994, -0.028962905;
 0.65653229, -0.5816797, 0.480223, 0.047316685;
 -0.65984297, -0.75136089, -0.0080029061, -0.044845458;
 0, 0, 0, 1]
Ow:
[-0.050070647;
 -0.015197318;
 -0.048485108]
Keyframe: 68 Frame: 1508 Frame from vFrameID : 1509
Tcw:
[0.35269019, 0.65724403, -0.66606295, -0.050101776;
 -0.27724057, -0.60644931, -0.74522269, -0.011662509;
 -0.89372665, 0.44749242, -0.03167402, -0.048011586;
 0, 0, 0, 1]
Twc:
[0.35269019, -0.27724057, -0.89372665, -0.02847215;
 0.65724403, -0.60644931, 0.44749242, 0.047341198;
 -0.66606295, -0.74522269, -0.03167402, -0.043582823;
 0, 0, 0, 1]
Ow:
[-0.050101776;
 -0.011662509;
 -0.048011586]
Keyframe: 69 Frame: 1513 Frame from vFrameID : 1514
Tcw:
[0.295243, 0.63036561, -0.71796292, -0.047523834;
 -0.30415165, -0.65035576, -0.69608128, -0.011807246;
 -0.90571702, 0.42388272, -0.00028623507, -0.057030186;
 0, 0, 0, 1]
Twc:
[0.295243, -0.30415165, -0.90571702, -0.041213326;
 0.63036561, -0.65035576, 0.42388272, 0.046452593;
 -0.71796292, -0.69608128, -0.00028623507, -0.042355478;
 0, 0, 0, 1]
Ow:
[-0.047523834;
 -0.011807246;
 -0.057030186]
Keyframe: 70 Frame: 1518 Frame from vFrameID : 1519
Tcw:
[0.34408107, 0.61465549, -0.70979351, -0.050045587;
 -0.29814649, -0.64530569, -0.70334148, -0.010436252;
 -0.89034647, 0.45362896, -0.038780101, -0.049576458;
 0, 0, 0, 1]
Twc:
[0.34408107, -0.29814649, -0.89034647, -0.03003202;
 0.61465549, -0.64530569, 0.45362896, 0.046515539;
 -0.70979351, -0.70334148, -0.038780101, -0.044784866;
 0, 0, 0, 1]
Ow:
[-0.050045587;
 -0.010436252;
 -0.049576458]
Keyframe: 71 Frame: 1522 Frame from vFrameID : 1523
Tcw:
[0.3292686, 0.60412848, -0.72567964, -0.05096785;
 -0.28992075, -0.66672844, -0.68659973, -0.0090015493;
 -0.89862567, 0.43646532, -0.044383351, -0.046936896;
 0, 0, 0, 1]
Twc:
[0.3292686, -0.28992075, -0.89862567, -0.028006321;
 0.60412848, -0.66672844, 0.43646532, 0.045275871;
 -0.72567964, -0.68659973, -0.044383351, -0.04525001;
 0, 0, 0, 1]
Ow:
[-0.05096785;
 -0.0090015493;
 -0.046936896]
Keyframe: 72 Frame: 1526 Frame from vFrameID : 1527
Tcw:
[0.28757083, 0.61715382, -0.73240983, -0.047890645;
 -0.28391111, -0.67541105, -0.68059856, 0.0036097858;
 -0.91471171, 0.40365958, -0.019011704, -0.046184041;
 0, 0, 0, 1]
Twc:
[0.28757083, -0.28391111, -0.91471171, -0.027448274;
 0.61715382, -0.67541105, 0.40365958, 0.050636616;
 -0.73240983, -0.68059856, -0.019011704, -0.033496801;
 0, 0, 0, 1]
Ow:
[-0.047890645;
 0.0036097858;
 -0.046184041]
Keyframe: 73 Frame: 1530 Frame from vFrameID : 1531
Tcw:
[0.28910366, 0.63095349, -0.71994221, -0.050978541;
 -0.26888525, -0.66826028, -0.69363457, -0.0004839208;
 -0.91875994, 0.39411414, -0.023542408, -0.045293771;
 0, 0, 0, 1]
Twc:
[0.28910366, -0.26888525, -0.91875994, -0.027006136;
 0.63095349, -0.66826028, 0.39411414, 0.04969262;
 -0.71994221, -0.69363457, -0.023542408, -0.038103595;
 0, 0, 0, 1]
Ow:
[-0.050978541;
 -0.0004839208;
 -0.045293771]
Keyframe: 74 Frame: 1535 Frame from vFrameID : 1536
Tcw:
[0.29038009, 0.63454586, -0.7162618, -0.052349284;
 -0.24396726, -0.67468566, -0.69661987, 0.0020712875;
 -0.9252888, 0.37702897, -0.041106869, -0.046805263;
 0, 0, 0, 1]
Twc:
[0.29038009, -0.24396726, -0.9252888, -0.027601872;
 0.63454586, -0.67468566, 0.37702897, 0.052262429;
 -0.7162618, -0.69661987, -0.041106869, -0.037976909;
 0, 0, 0, 1]
Ow:
[-0.052349284;
 0.0020712875;
 -0.046805263]
Keyframe: 75 Frame: 1540 Frame from vFrameID : 1541
Tcw:
[0.37408224, 0.57078236, -0.73093772, -0.052138053;
 -0.3733612, -0.62877661, -0.68208605, 0.00093718991;
 -0.84891927, 0.52806008, -0.022106165, -0.048192479;
 0, 0, 0, 1]
Twc:
[0.37408224, -0.3733612, -0.84891927, -0.021057691;
 0.57078236, -0.62877661, 0.52806008, 0.055797294;
 -0.73093772, -0.68208605, -0.022106165, -0.038535777;
 0, 0, 0, 1]
Ow:
[-0.052138053;
 0.00093718991;
 -0.048192479]
Keyframe: 76 Frame: 1544 Frame from vFrameID : 1545
Tcw:
[0.2893551, 0.58461136, -0.75795984, -0.052379727;
 -0.24809989, -0.71897012, -0.64925218, -0.00058252364;
 -0.92451072, 0.37591419, -0.06299565, -0.04672106;
 0, 0, 0, 1]
Twc:
[0.2893551, -0.24809989, -0.92451072, -0.028182305;
 0.58461136, -0.71897012, 0.37591419, 0.047766078;
 -0.75795984, -0.64925218, -0.06299565, -0.043023158;
 0, 0, 0, 1]
Ow:
[-0.052379727;
 -0.00058252364;
 -0.04672106]
Keyframe: 77 Frame: 1548 Frame from vFrameID : 1549
Tcw:
[0.24244732, 0.60901529, -0.75519508, -0.051299199;
 -0.21887162, -0.72401589, -0.65413773, 0.0018954389;
 -0.94515318, 0.32388473, -0.042239551, -0.048641972;
 0, 0, 0, 1]
Twc:
[0.24244732, -0.21887162, -0.94515318, -0.033121902;
 0.60901529, -0.72401589, 0.32388473, 0.048368718;
 -0.75519508, -0.65413773, -0.042239551, -0.039555643;
 0, 0, 0, 1]
Ow:
[-0.051299199;
 0.0018954389;
 -0.048641972]
Keyframe: 78 Frame: 1551 Frame from vFrameID : 1552
Tcw:
[0.21656325, 0.60323656, -0.76759756, -0.049731031;
 -0.20519629, -0.74056727, -0.63988638, 0.003191201;
 -0.9544605, 0.29608405, -0.036597759, -0.049319685;
 0, 0, 0, 1]
Twc:
[0.21656325, -0.20519629, -0.9544605, -0.035648957;
 0.60323656, -0.74056727, 0.29608405, 0.046965647;
 -0.76759756, -0.63988638, -0.036597759, -0.037936401;
 0, 0, 0, 1]
Ow:
[-0.049731031;
 0.003191201;
 -0.049319685]
Keyframe: 79 Frame: 1554 Frame from vFrameID : 1555
Tcw:
[0.25184232, 0.58307314, -0.7723996, -0.042898592;
 -0.20217322, -0.74881631, -0.63118941, 0.017553138;
 -0.94641507, 0.3151187, -0.07070186, -0.04426866;
 0, 0, 0, 1]
Twc:
[0.25184232, -0.20217322, -0.94641507, -0.027544074;
 0.58307314, -0.74881631, 0.3151187, 0.05210698;
 -0.7723996, -0.63118941, -0.07070186, -0.025185378;
 0, 0, 0, 1]
Ow:
[-0.042898592;
 0.017553138;
 -0.04426866]
Keyframe: 80 Frame: 1557 Frame from vFrameID : 1558
Tcw:
[0.22965263, 0.64500123, -0.7288574, -0.044663742;
 -0.16795394, -0.71137458, -0.68244976, 0.034786761;
 -0.95867157, 0.27914083, -0.055038545, -0.047561377;
 0, 0, 0, 1]
Twc:
[0.22965263, -0.16795394, -0.95867157, -0.02949602;
 0.64500123, -0.71137458, 0.27914083, 0.066830911;
 -0.7288574, -0.68244976, -0.055038545, -0.01143099;
 0, 0, 0, 1]
Ow:
[-0.044663742;
 0.034786761;
 -0.047561377]
Keyframe: 81 Frame: 1560 Frame from vFrameID : 1561
Tcw:
[0.23197642, 0.60789973, -0.7593714, -0.044634096;
 -0.21389936, -0.72967917, -0.64947319, 0.025878206;
 -0.94891202, 0.31309152, -0.039239004, -0.050273884;
 0, 0, 0, 1]
Twc:
[0.23197642, -0.21389936, -0.94891202, -0.031816103;
 0.60789973, -0.72967917, 0.31309152, 0.061756168;
 -0.7593714, -0.64947319, -0.039239004, -0.019059351;
 0, 0, 0, 1]
Ow:
[-0.044634096;
 0.025878206;
 -0.050273884]
Keyframe: 82 Frame: 1563 Frame from vFrameID : 1564
Tcw:
[0.23380964, 0.59558928, -0.76850927, -0.048540849;
 -0.24981855, -0.72708118, -0.63948703, 0.022794858;
 -0.93964022, 0.34150609, -0.021209339, -0.050191388;
 0, 0, 0, 1]
Twc:
[0.23380964, -0.24981855, -0.93964022, -0.030117948;
 0.59558928, -0.72708118, 0.34150609, 0.062624782;
 -0.76850927, -0.63948703, -0.021209339, -0.0237916;
 0, 0, 0, 1]
Ow:
[-0.048540849;
 0.022794858;
 -0.050191388]
Keyframe: 83 Frame: 1567 Frame from vFrameID : 1568
Tcw:
[0.25782946, 0.53084177, -0.8072986, -0.055297028;
 -0.31088054, -0.74553585, -0.5895164, 0.0046661962;
 -0.91480994, 0.40296811, -0.027192723, -0.053425074;
 0, 0, 0, 1]
Twc:
[0.25782946, -0.31088054, -0.91480994, -0.033165958;
 0.53084177, -0.74553585, 0.40296811, 0.054361388;
 -0.8072986, -0.5895164, -0.027192723, -0.043343186;
 0, 0, 0, 1]
Ow:
[-0.055297028;
 0.0046661962;
 -0.053425074]
Keyframe: 84 Frame: 1569 Frame from vFrameID : 1570
Tcw:
[0.16809893, 0.5186128, -0.83832186, -0.05146794;
 -0.27055424, -0.79349351, -0.54513162, 0.0042316113;
 -0.94791514, 0.31844756, 0.0069274856, -0.051493555;
 0, 0, 0, 1]
Twc:
[0.16809893, -0.27055424, -0.94791514, -0.039014935;
 0.5186128, -0.79349351, 0.31844756, 0.046447683;
 -0.83832186, -0.54513162, 0.0069274856, -0.040483192;
 0, 0, 0, 1]
Ow:
[-0.05146794;
 0.0042316113;
 -0.051493555]
Keyframe: 85 Frame: 1571 Frame from vFrameID : 1572
Tcw:
[0.17670432, 0.51311743, -0.83993214, -0.051548433;
 -0.25946429, -0.79889226, -0.54263192, 0.0055675078;
 -0.94944924, 0.31381783, -0.0080320528, -0.049973238;
 0, 0, 0, 1]
Twc:
[0.17670432, -0.25946429, -0.94944924, -0.036893655;
 0.51311743, -0.79889226, 0.31381783, 0.046580732;
 -0.83993214, -0.54263192, -0.0080320528, -0.040677469;
 0, 0, 0, 1]
Ow:
[-0.051548433;
 0.0055675078;
 -0.049973238]
Keyframe: 86 Frame: 1573 Frame from vFrameID : 1574
Tcw:
[0.15564996, 0.49457899, -0.85508168, -0.050837342;
 -0.32595336, -0.7914322, -0.51709718, 0.0022264961;
 -0.93248457, 0.35920292, 0.038023289, -0.054987293;
 0, 0, 0, 1]
Twc:
[0.15564996, -0.32595336, -0.93248457, -0.042636238;
 0.49457899, -0.7914322, 0.35920292, 0.046656799;
 -0.85508168, -0.51709718, 0.038023289, -0.040227968;
 0, 0, 0, 1]
Ow:
[-0.050837342;
 0.0022264961;
 -0.054987293]
Keyframe: 87 Frame: 1575 Frame from vFrameID : 1576
Tcw:
[0.13527375, 0.50864357, -0.85028392, -0.049924731;
 -0.31927133, -0.79002005, -0.52338713, 0.0037988089;
 -0.93795884, 0.3422718, 0.055526331, -0.055114329;
 0, 0, 0, 1]
Twc:
[0.13527375, -0.31927133, -0.93795884, -0.043728616;
 0.50864357, -0.79002005, 0.3422718, 0.047259111;
 -0.85028392, -0.52338713, 0.055526331, -0.037401654;
 0, 0, 0, 1]
Ow:
[-0.049924731;
 0.0037988089;
 -0.055114329]
Keyframe: 88 Frame: 1577 Frame from vFrameID : 1578
Tcw:
[0.14377668, 0.52201974, -0.84072804, -0.05021061;
 -0.30041549, -0.78644031, -0.53968716, 0.0037133303;
 -0.94290978, 0.33016214, 0.043751042, -0.055073213;
 0, 0, 0, 1]
Twc:
[0.14377668, -0.30041549, -0.94290978, -0.043594413;
 0.52201974, -0.78644031, 0.33016214, 0.047314331;
 -0.84072804, -0.53968716, 0.043751042, -0.037799921;
 0, 0, 0, 1]
Ow:
