Keyframe: 0 Frame: 0 Frame from vFrameID : 15
Tcw:
[0.9990595, 0.035195772, -0.025325576, 0.034286954;
 -0.043100096, 0.74216288, -0.66883224, -0.077053517;
 -0.0047443658, 0.66929477, 0.74298185, 0.0058718808;
 0, 0, 0, 1]
Twc:
[0.9990595, -0.043100096, -0.0047443658, -0.03754786;
 0.035195772, 0.74216288, 0.66929477, 0.052049488;
 -0.025325576, -0.66883224, 0.74298185, -0.055030242;
 0, 0, 0, 1]
Ow:
[0.034286954;
 -0.077053517;
 0.0058718808]
Keyframe: 1 Frame: 18 Frame from vFrameID : 15
Tcw:
[0.99975163, 0.016851019, -0.014585238, -0.035408724;
 -0.022259222, 0.72265637, -0.69084895, 0.0024776068;
 -0.0011013931, 0.69100201, 0.72285199, 0.039343603;
 0, 0, 0, 1]
Twc:
[0.99975163, -0.022259222, -0.0011013931, 0.035498414;
 0.016851019, 0.72265637, 0.69100201, -0.028380293;
 -0.014585238, -0.69084895, 0.72285199, -0.027244395;
 0, 0, 0, 1]
Ow:
[-0.035408724;
 0.0024776068;
 0.039343603]
