Keyframe: 0 Frame: 0 Frame from vFrameID : 15
Tcw:
[0.99931455, 0.026095552, -0.026258446, 0.037717856;
 -0.036957528, 0.74443549, -0.6666708, -0.076052219;
 0.002150577, 0.66718423, 0.74488962, 0.0044909082;
 0, 0, 0, 1]
Twc:
[0.99931455, -0.036957528, 0.002150577, -0.040512361;
 0.026095552, 0.74443549, 0.66718423, 0.052635439;
 -0.026258446, -0.6666708, 0.74488962, -0.053056609;
 0, 0, 0, 1]
Ow:
[0.037717856;
 -0.076052219;
 0.0044909082]
Keyframe: 1 Frame: 22 Frame from vFrameID : 15
Tcw:
[0.9992826, 0.02138105, -0.031258788, 0.038693305;
 -0.036803681, 0.74288237, -0.66840953, -0.072819248;
 0.0089303041, 0.66908044, 0.74313635, 0.0037063174;
 0, 0, 0, 1]
Twc:
[0.9992826, -0.036803681, 0.0089303041, -0.041378662;
 0.02138105, 0.74288237, 0.66908044, 0.050789002;
 -0.031258788, -0.66840953, 0.74313635, -0.050217867;
 0, 0, 0, 1]
Ow:
[0.038693305;
 -0.072819248;
 0.0037063174]
Keyframe: 2 Frame: 25 Frame from vFrameID : 26
Tcw:
[0.99923158, 0.018036978, -0.034798022, 0.038319811;
 -0.03662068, 0.74607533, -0.66485375, -0.075273082;
 0.013969992, 0.66561723, 0.74616259, 0.0035385601;
 0, 0, 0, 1]
Twc:
[0.99923158, -0.03662068, 0.013969992, -0.041096352;
 0.018036978, 0.74607533, 0.66561723, 0.053112891;
 -0.034798022, -0.66485375, 0.74616259, -0.051352479;
 0, 0, 0, 1]
Ow:
[0.038319811;
 -0.075273082;
 0.0035385601]
Keyframe: 3 Frame: 27 Frame from vFrameID : 28
Tcw:
[0.99934363, 0.021451375, -0.029190887, 0.036432158;
 -0.035382628, 0.75080407, -0.65957659, -0.076346569;
 0.0077678119, 0.66017652, 0.75107032, 0.004574921;
 0, 0, 0, 1]
Twc:
[0.99934363, -0.035382628, 0.0077678119, -0.039145127;
 0.021451375, 0.75080407, 0.66017652, 0.053519543;
 -0.029190887, -0.65957659, 0.75107032, -0.052729007;
 0, 0, 0, 1]
Ow:
[0.036432158;
 -0.076346569;
 0.004574921]
Keyframe: 4 Frame: 29 Frame from vFrameID : 30
Tcw:
[0.99949145, 0.022988912, -0.022097193, 0.03595233;
 -0.031848919, 0.7535497, -0.65661895, -0.077303857;
 0.001556377, 0.65698886, 0.75389868, 0.0050286017;
 0, 0, 0, 1]
Twc:
[0.99949145, -0.031848919, 0.001556377, -0.038403921;
 0.022988912, 0.7535497, 0.65698886, 0.054122061;
 -0.022097193, -0.65661895, 0.75389868, -0.05375579;
 0, 0, 0, 1]
Ow:
[0.03595233;
 -0.077303857;
 0.0050286017]
Keyframe: 5 Frame: 31 Frame from vFrameID : 32
Tcw:
[0.99961549, 0.026011351, -0.0096044382, 0.035320137;
 -0.025995737, 0.75864571, -0.65098459, -0.077704653;
 -0.0096466225, 0.65098393, 0.75903022, 0.0055018775;
 0, 0, 0, 1]
Twc:
[0.99961549, -0.025995737, -0.0096466225, -0.037273474;
 0.026011351, 0.75864571, 0.65098393, 0.054449942;
 -0.0096044382, -0.65098459, 0.75903022, -0.054421384;
 0, 0, 0, 1]
Ow:
[0.035320137;
 -0.077704653;
 0.0055018775]
Keyframe: 6 Frame: 33 Frame from vFrameID : 34
Tcw:
[0.99979758, 0.018603671, -0.0076613906, 0.037071906;
 -0.019134566, 0.76153308, -0.64784354, -0.07645689;
 -0.0062178662, 0.64785898, 0.7617349, 0.0050903596;
 0, 0, 0, 1]
Twc:
[0.99979758, -0.019134566, -0.0062178662, -0.038495719;
 0.018603671, 0.76153308, 0.64785898, 0.054236941;
 -0.0076613906, -0.64784354, 0.7617349, -0.053125583;
 0, 0, 0, 1]
Ow:
[0.037071906;
 -0.07645689;
 0.0050903596]
Keyframe: 7 Frame: 34 Frame from vFrameID : 35
Tcw:
[0.9997918, 0.018838029, -0.0078429943, 0.03716062;
 -0.019429646, 0.76141411, -0.64797461, -0.076906249;
 -0.0062347976, 0.64799207, 0.76162159, 0.0055509284;
 0, 0, 0, 1]
Twc:
[0.9997918, -0.019429646, -0.0062347976, -0.038612533;
 0.018838029, 0.76141411, 0.64799207, 0.054260511;
 -0.0078429943, -0.64797461, 0.76162159, -0.053769555;
 0, 0, 0, 1]
Ow:
[0.03716062;
 -0.076906249;
 0.0055509284]
Keyframe: 8 Frame: 36 Frame from vFrameID : 37
Tcw:
[0.99979955, 0.013749289, -0.01455505, 0.039574027;
 -0.019897625, 0.76328313, -0.64575768, -0.075872019;
 0.0022309155, 0.64591783, 0.76340371, 0.0030339621;
 0, 0, 0, 1]
Twc:
[0.99979955, -0.019897625, 0.0022309155, -0.041082539;
 0.013749289, 0.76328313, 0.64591783, 0.055408027;
 -0.01455505, -0.64575768, 0.76340371, -0.050735071;
 0, 0, 0, 1]
Ow:
[0.039574027;
 -0.075872019;
 0.0030339621]
Keyframe: 9 Frame: 38 Frame from vFrameID : 39
Tcw:
[0.99991596, 0.0070459903, -0.010880875, 0.039605577;
 -0.012399012, 0.76474923, -0.64420873, -0.076062948;
 0.0037820528, 0.64428949, 0.76477236, 0.0047945939;
 0, 0, 0, 1]
Twc:
[0.99991596, -0.012399012, 0.0037820528, -0.040563487;
 0.0070459903, 0.76474923, 0.64428949, 0.054800913;
 -0.010880875, -0.64420873, 0.76477236, -0.05223624;
 0, 0, 0, 1]
Ow:
[0.039605577;
 -0.076062948;
 0.0047945939]
Keyframe: 10 Frame: 40 Frame from vFrameID : 41
Tcw:
[0.99997818, 0.00304744, -0.0058585363, 0.039212916;
 -0.0061224028, 0.76031882, -0.64952123, -0.075625926;
 0.0024749783, 0.64954293, 0.7603209, 0.0045681745;
 0, 0, 0, 1]
Twc:
[0.99997818, -0.0061224028, 0.0024749783, -0.039686378;
 0.00304744, 0.76031882, 0.64954293, 0.054413091;
 -0.0058585363, -0.64952123, 0.7603209, -0.052364193;
 0, 0, 0, 1]
Ow:
[0.039212916;
 -0.075625926;
 0.0045681745]
Keyframe: 11 Frame: 42 Frame from vFrameID : 43
Tcw:
[0.99998564, -0.0046909633, -0.0025870358, 0.040887319;
 0.0018670837, 0.75783187, -0.65244722, -0.074470297;
 0.0050211442, 0.65243304, 0.75782973, 0.003437236;
 0, 0, 0, 1]
Twc:
[0.99998564, 0.0018670837, 0.0050211442, -0.040764946;
 -0.0046909633, 0.75783187, 0.65243304, 0.0543852;
 -0.0025870358, -0.65244722, 0.75782973, -0.051087003;
 0, 0, 0, 1]
Ow:
[0.040887319;
 -0.074470297;
 0.003437236]
Keyframe: 12 Frame: 44 Frame from vFrameID : 45
Tcw:
[0.99982303, -0.017186645, -0.0076483153, 0.047390189;
 0.0079686912, 0.75523788, -0.65540236, -0.071960405;
 0.017040465, 0.65522546, 0.75524116, 0.0016718991;
 0, 0, 0, 1]
Twc:
[0.99982303, 0.0079686912, 0.017040465, -0.046836864;
 -0.017186645, 0.75523788, 0.65522546, 0.05406623;
 -0.0076483153, -0.65540236, 0.75524116, -0.048063256;
 0, 0, 0, 1]
Ow:
[0.047390189;
 -0.071960405;
 0.0016718991]
Keyframe: 13 Frame: 46 Frame from vFrameID : 47
Tcw:
[0.99954987, -0.018031385, -0.023978915, 0.04541865;
 -0.0022488867, 0.75196576, -0.65919828, -0.07165049;
 0.029917581, 0.65895545, 0.75158674, 0.0017280243;
 0, 0, 0, 1]
Twc:
[0.99954987, -0.0022488867, 0.029917581, -0.045611031;
 -0.018031385, 0.75196576, 0.65895545, 0.053558987;
 -0.023978915, -0.65919828, 0.75158674, -0.04744155;
 0, 0, 0, 1]
Ow:
[0.04541865;
 -0.07165049;
 0.0017280243]
Keyframe: 14 Frame: 48 Frame from vFrameID : 49
Tcw:
[0.9993481, -0.022139572, -0.028517704, 0.045770772;
 -0.0026095379, 0.74353826, -0.6686883, -0.068670191;
 0.036008477, 0.6683268, 0.74299574, 0.0031973384;
 0, 0, 0, 1]
Twc:
[0.9993481, -0.0026095379, 0.036008477, -0.046035264;
 -0.022139572, 0.74353826, 0.6683268, 0.049935393;
 -0.028517704, -0.6686883, 0.74299574, -0.046989284;
 0, 0, 0, 1]
Ow:
[0.045770772;
 -0.068670191;
 0.0031973384]
Keyframe: 15 Frame: 50 Frame from vFrameID : 51
Tcw:
[0.99936581, -0.023939028, -0.026361324, 0.045980308;
 -0.00035363517, 0.73359209, -0.67958999, -0.070233785;
 0.035607181, 0.67916828, 0.73311836, 0.0060208105;
 0, 0, 0, 1]
Twc:
[0.99936581, -0.00035363517, 0.035607181, -0.046190366;
 -0.023939028, 0.73359209, 0.67916828, 0.048534527;
 -0.026361324, -0.67958999, 0.73311836, -0.050932042;
 0, 0, 0, 1]
Ow:
[0.045980308;
 -0.070233785;
 0.0060208105]
Keyframe: 16 Frame: 52 Frame from vFrameID : 53
Tcw:
[0.99981713, -0.012100162, -0.014806577, 0.046386413;
 -0.0018421578, 0.70977223, -0.70442885, -0.073604345;
 0.019033, 0.70432734, 0.70962018, 0.0084894486;
 0, 0, 0, 1]
Twc:
[0.99981713, -0.0018421578, 0.019033, -0.046675105;
 -0.012100162, 0.70977223, 0.70432734, 0.046824247;
 -0.014806577, -0.70442885, 0.70962018, -0.057186481;
 0, 0, 0, 1]
Ow:
[0.046386413;
 -0.073604345;
 0.0084894486]
Keyframe: 17 Frame: 55 Frame from vFrameID : 56
Tcw:
[0.99988836, 0.00893158, 0.011977853, 0.035106387;
 0.001846772, 0.72163582, -0.6922704, -0.079148948;
 -0.014826717, 0.69221526, 0.72153878, -1.308322e-05;
 0, 0, 0, 1]
Twc:
[0.99988836, 0.001846772, -0.014826717, -0.034956492;
 0.00893158, 0.72163582, 0.69221526, 0.056812216;
 0.011977853, -0.6922704, 0.72153878, -0.055203531;
 0, 0, 0, 1]
Ow:
[0.035106387;
 -0.079148948;
 -1.308322e-05]
Keyframe: 18 Frame: 57 Frame from vFrameID : 58
Tcw:
[0.99968332, 0.018928459, 0.016583189, 0.0402111;
 -0.002297641, 0.72487277, -0.68887895, -0.076654971;
 -0.025060119, 0.68862271, 0.72468668, 0.0029003732;
 0, 0, 0, 1]
Twc:
[0.99968332, -0.002297641, -0.025060119, -0.040301807;
 0.018928459, 0.72487277, 0.68862271, 0.052806702;
 0.016583189, -0.68887895, 0.72468668, -0.055574685;
 0, 0, 0, 1]
Ow:
[0.0402111;
 -0.076654971;
 0.0029003732]
Keyframe: 19 Frame: 59 Frame from vFrameID : 60
Tcw:
[0.99965519, 0.012319851, 0.023189183, 0.039054744;
 0.0068693301, 0.72965825, -0.68377751, -0.077737674;
 -0.025344215, 0.68370104, 0.72932202, 0.0019075535;
 0, 0, 0, 1]
Twc:
[0.99965519, 0.0068693301, -0.025344215, -0.038458928;
 0.012319851, 0.72965825, 0.68370104, 0.054936588;
 0.023189183, -0.68377751, 0.72932202, -0.055452142;
 0, 0, 0, 1]
Ow:
[0.039054744;
 -0.077737674;
 0.0019075535]
Keyframe: 20 Frame: 61 Frame from vFrameID : 62
Tcw:
[0.99966264, 0.0060231597, 0.025265012, 0.040449563;
 0.012784388, 0.73263592, -0.68050069, -0.07631743;
 -0.022608818, 0.68059415, 0.73231173, 0.0028633066;
 0, 0, 0, 1]
Twc:
[0.99966264, 0.012784388, -0.022608818, -0.039395511;
 0.0060231597, 0.73263592, 0.68059415, 0.053720504;
 0.025265012, -0.68050069, 0.73231173, -0.055052862;
 0, 0, 0, 1]
Ow:
[0.040449563;
 -0.07631743;
 0.0028633066]
Keyframe: 21 Frame: 64 Frame from vFrameID : 65
Tcw:
[0.9996075, -0.020643793, 0.018937439, 0.043418717;
 0.028012123, 0.72842455, -0.68455315, -0.07385131;
 0.00033727876, 0.68481499, 0.72871691, 0.0027204119;
 0, 0, 0, 1]
Twc:
[0.9996075, 0.028012123, 0.00033727876, -0.041333865;
 -0.020643793, 0.72842455, 0.68481499, 0.052828453;
 0.018937439, -0.68455315, 0.72871691, -0.053359799;
 0, 0, 0, 1]
Ow:
[0.043418717;
 -0.07385131;
 0.0027204119]
Keyframe: 22 Frame: 66 Frame from vFrameID : 67
Tcw:
[0.99962646, -0.025043346, 0.010945044, 0.047926083;
 0.02571045, 0.7258361, -0.68738705, -0.072962672;
 0.0092701633, 0.68741167, 0.72620881, 0.001739759;
 0, 0, 0, 1]
Twc:
[0.99962646, 0.02571045, 0.0092701633, -0.046048403;
 -0.025043346, 0.7258361, 0.68741167, 0.052963238;
 0.010945044, -0.68738705, 0.72620881, -0.051941577;
 0, 0, 0, 1]
Ow:
[0.047926083;
 -0.072962672;
 0.001739759]
Keyframe: 23 Frame: 68 Frame from vFrameID : 69
Tcw:
[0.99951738, -0.029555941, 0.0095655974, 0.043989539;
 0.027937913, 0.72057384, -0.69281512, -0.073742807;
 0.013584083, 0.69274795, 0.72105181, 0.002600126;
 0, 0, 0, 1]
Twc:
[0.99951738, 0.027937913, 0.013584083, -0.041943409;
 -0.029555941, 0.72057384, 0.69274795, 0.052636057;
 0.0095655974, -0.69281512, 0.72105181, -0.053385738;
 0, 0, 0, 1]
Ow:
[0.043989539;
 -0.073742807;
 0.002600126]
Keyframe: 24 Frame: 71 Frame from vFrameID : 72
Tcw:
[0.9996295, -0.027004898, 0.0034062713, 0.044020869;
 0.021734409, 0.71659911, -0.69714653, -0.073690578;
 0.01638544, 0.6969623, 0.71692055, 0.0025959611;
 0, 0, 0, 1]
Twc:
[0.9996295, 0.021734409, 0.01638544, -0.04244547;
 -0.027004898, 0.71659911, 0.6969623, 0.052186094;
 0.0034062713, -0.69714653, 0.71692055, -0.053384174;
 0, 0, 0, 1]
Ow:
[0.044020869;
 -0.073690578;
 0.0025959611]
Keyframe: 25 Frame: 74 Frame from vFrameID : 75
Tcw:
[0.99976438, -0.021342358, -0.0039671822, 0.044128403;
 0.012590614, 0.71897137, -0.69492561, -0.073398679;
 0.01768364, 0.69471192, 0.71907067, 0.002250839;
 0, 0, 0, 1]
Twc:
[0.99976438, 0.012590614, 0.01768364, -0.04323367;
 -0.021342358, 0.71897137, 0.69471192, 0.052149668;
 -0.0039671822, -0.69492561, 0.71907067, -0.052450068;
 0, 0, 0, 1]
Ow:
[0.044128403;
 -0.073398679;
 0.002250839]
Keyframe: 26 Frame: 77 Frame from vFrameID : 78
Tcw:
[0.99970883, -0.024036597, 0.0021162773, 0.043963511;
 0.018798975, 0.72087234, -0.69281286, -0.073406115;
 0.015127297, 0.69265091, 0.72111434, 0.0021099262;
 0, 0, 0, 1]
Twc:
[0.99970883, 0.018798975, 0.015127297, -0.042602669;
 -0.024036597, 0.72087234, 0.69265091, 0.052511729;
 0.0021162773, -0.69281286, 0.72111434, -0.052471235;
 0, 0, 0, 1]
Ow:
[0.043963511;
 -0.073406115;
 0.0021099262]
Keyframe: 27 Frame: 82 Frame from vFrameID : 83
Tcw:
[0.99974883, -0.014456151, 0.017125214, 0.042634711;
 0.022299141, 0.71792024, -0.69576812, -0.074387334;
 -0.0022364086, 0.69597524, 0.71806228, 0.0023039468;
 0, 0, 0, 1]
Twc:
[0.99974883, 0.022299141, -0.0022364086, -0.040960077;
 -0.014456151, 0.71792024, 0.69597524, 0.052417014;
 0.017125214, -0.69576812, 0.71806228, -0.054140843;
 0, 0, 0, 1]
Ow:
[0.042634711;
 -0.074387334;
 0.0023039468]
Keyframe: 28 Frame: 89 Frame from vFrameID : 90
Tcw:
[0.99958849, 0.015892481, 0.023881728, 0.040792473;
 0.0053439098, 0.71477616, -0.69933289, -0.075410008;
 -0.028184224, 0.69917274, 0.71439707, 0.0016053058;
 0, 0, 0, 1]
Twc:
[0.99958849, 0.0053439098, -0.028184224, -0.040327456;
 0.015892481, 0.71477616, 0.69917274, 0.052130595;
 0.023881728, -0.69933289, 0.71439707, -0.054857723;
 0, 0, 0, 1]
Ow:
[0.040792473;
 -0.075410008;
 0.0016053058]
Keyframe: 29 Frame: 94 Frame from vFrameID : 95
Tcw:
[0.99852902, 0.042374473, 0.033825308, 0.039063722;
 -0.0067753526, 0.71648782, -0.69756669, -0.076596767;
 -0.053794444, 0.69631141, 0.71572101, 0.0024796389;
 0, 0, 0, 1]
Twc:
[0.99852902, -0.0067753526, -0.053794444, -0.039391838;
 0.042374473, 0.71648782, 0.69631141, 0.051498748;
 0.033825308, -0.69756669, 0.71572101, -0.056527425;
 0, 0, 0, 1]
Ow:
[0.039063722;
 -0.076596767;
 0.0024796389]
Keyframe: 30 Frame: 100 Frame from vFrameID : 101
Tcw:
[0.99838114, 0.049158987, 0.0286086, 0.038773276;
 -0.015835155, 0.72333586, -0.69031477, -0.07640969;
 -0.054628801, 0.68874425, 0.72294331, 0.0023629442;
 0, 0, 0, 1]
Twc:
[0.99838114, -0.015835155, -0.054628801, -0.039791387;
 0.049158987, 0.72333586, 0.68874425, 0.051736347;
 0.0286086, -0.69031477, 0.72294331, -0.055564266;
 0, 0, 0, 1]
Ow:
[0.038773276;
 -0.07640969;
 0.0023629442]
Keyframe: 31 Frame: 105 Frame from vFrameID : 106
Tcw:
[0.99949592, 0.03160331, 0.0030213576, 0.039747652;
 -0.020384196, 0.71179825, -0.70208812, -0.075407632;
 -0.024338905, 0.70167261, 0.7120837, 0.0017572977;
 0, 0, 0, 1]
Twc:
[0.99949592, -0.020384196, -0.024338905, -0.041221969;
 0.03160331, 0.71179825, 0.70167261, 0.051185817;
 0.0030213576, -0.70208812, 0.7120837, -0.054314233;
 0, 0, 0, 1]
Ow:
[0.039747652;
 -0.075407632;
 0.0017572977]
Keyframe: 32 Frame: 110 Frame from vFrameID : 111
Tcw:
[0.99969625, 0.023520743, -0.0073640095, 0.04033459;
 -0.021891568, 0.71012115, -0.70373911, -0.074906573;
 -0.011323128, 0.70368654, 0.71042031, 0.0013435818;
 0, 0, 0, 1]
Twc:
[0.99969625, -0.021891568, -0.011323128, -0.041946944;
 0.023520743, 0.71012115, 0.70368654, 0.051298581;
 -0.0073640095, -0.70373911, 0.71042031, -0.053372171;
 0, 0, 0, 1]
Ow:
[0.04033459;
 -0.074906573;
 0.0013435818]
Keyframe: 33 Frame: 115 Frame from vFrameID : 116
Tcw:
[0.99942023, 0.025758568, -0.022265725, 0.04078918;
 -0.034004208, 0.72196859, -0.69108975, -0.074591018;
 -0.0017263276, 0.69144619, 0.72242594, 0.00084561855;
 0, 0, 0, 1]
Twc:
[0.99942023, -0.034004208, -0.0017263276, -0.043300476;
 0.025758568, 0.72196859, 0.69144619, 0.052217003;
 -0.022265725, -0.69108975, 0.72242594, -0.051251784;
 0, 0, 0, 1]
Ow:
[0.04078918;
 -0.074591018;
 0.00084561855]
Keyframe: 34 Frame: 121 Frame from vFrameID : 122
Tcw:
[0.99973285, 0.0090841865, -0.02125404, 0.041226495;
 -0.021221623, 0.72513741, -0.68827713, -0.074686691;
 0.0091596609, 0.68854427, 0.72513646, 0.001524359;
 0, 0, 0, 1]
Twc:
[0.99973285, -0.021221623, 0.0091596609, -0.042814415;
 0.0090841865, 0.72513741, 0.68854427, 0.052734017;
 -0.02125404, -0.68827713, 0.72513646, -0.051634278;
 0, 0, 0, 1]
Ow:
[0.041226495;
 -0.074686691;
 0.001524359]
Keyframe: 35 Frame: 126 Frame from vFrameID : 127
Tcw:
[0.99992335, 0.0092566768, -0.008222661, 0.041476235;
 -0.012376768, 0.72919703, -0.68419188, -0.074842632;
 -0.00033740356, 0.68424124, 0.72925568, 0.0017414093;
 0, 0, 0, 1]
Twc:
[0.99992335, -0.012376768, -0.00033740356, -0.042398777;
 0.0092566768, 0.72919703, 0.68424124, 0.052999549;
 -0.008222661, -0.68419188, 0.72925568, -0.052135613;
 0, 0, 0, 1]
Ow:
[0.041476235;
 -0.074842632;
 0.0017414093]
Keyframe: 36 Frame: 131 Frame from vFrameID : 132
Tcw:
[0.999924, 0.011591174, 0.0042026876, 0.041171532;
 -0.0054534161, 0.72149253, -0.69240075, -0.075499028;
 -0.011057945, 0.69232517, 0.72150093, 0.002566535;
 0, 0, 0, 1]
Twc:
[0.999924, -0.0054534161, -0.011057945, -0.04155175;
 0.011591174, 0.72149253, 0.69232517, 0.052217886;
 0.0042026876, -0.69240075, 0.72150093, -0.054300372;
 0, 0, 0, 1]
Ow:
[0.041171532;
 -0.075499028;
 0.002566535]
Keyframe: 37 Frame: 137 Frame from vFrameID : 138
Tcw:
[0.99938256, 0.021241689, 0.027987827, 0.042524729;
 0.0046190168, 0.71022004, -0.70396459, -0.076316953;
 -0.034830913, 0.70365918, 0.70968342, 0.0047650039;
 0, 0, 0, 1]
Twc:
[0.99938256, 0.0046190168, -0.034830913, -0.041979995;
 0.021241689, 0.71022004, 0.70365918, 0.049945593;
 0.027987827, -0.70396459, 0.70968342, -0.058296248;
 0, 0, 0, 1]
Ow:
[0.042524729;
 -0.076316953;
 0.0047650039]
Keyframe: 38 Frame: 142 Frame from vFrameID : 143
Tcw:
[0.99940521, 0.024696941, 0.024069617, 0.041799363;
 -0.0010269313, 0.71895623, -0.69505459, -0.075518951;
 -0.034470722, 0.69461644, 0.71855396, 0.0035117529;
 0, 0, 0, 1]
Twc:
[0.99940521, -0.0010269313, -0.034470722, -0.041731;
 0.024696941, 0.71895623, 0.69461644, 0.050823182;
 0.024069617, -0.69505459, 0.71855396, -0.056019269;
 0, 0, 0, 1]
Ow:
[0.041799363;
 -0.075518951;
 0.0035117529]
Keyframe: 39 Frame: 147 Frame from vFrameID : 148
Tcw:
[0.99968785, 0.015607472, 0.019508397, 0.041679345;
 0.0020509821, 0.72694933, -0.68668801, -0.076398;
 -0.02489908, 0.68651372, 0.72669041, 0.005297292;
 0, 0, 0, 1]
Twc:
[0.99968785, 0.0020509821, -0.02489908, -0.041377746;
 0.015607472, 0.72694933, 0.68651372, 0.051250301;
 0.019508397, -0.68668801, 0.72669041, -0.057124183;
 0, 0, 0, 1]
Ow:
[0.041679345;
 -0.076398;
 0.005297292]
Keyframe: 40 Frame: 151 Frame from vFrameID : 152
Tcw:
[0.99987864, 0.0050973431, 0.014721624, 0.042252082;
 0.0063873185, 0.72775686, -0.68580544, -0.076159112;
 -0.014209549, 0.68581623, 0.72763598, 0.0047486834;
 0, 0, 0, 1]
Twc:
[0.99987864, 0.0063873185, -0.014209549, -0.041693024;
 0.0050973431, 0.72775686, 0.68581623, 0.051953223;
 0.014721624, -0.68580544, 0.72763598, -0.05630767;
 0, 0, 0, 1]
Ow:
[0.042252082;
 -0.076159112;
 0.0047486834]
Keyframe: 41 Frame: 156 Frame from vFrameID : 157
Tcw:
[0.99995363, 0.0015695827, 0.0095035974, 0.042342629;
 0.0054478361, 0.72151631, -0.69237602, -0.07615082;
 -0.007943742, 0.69239569, 0.72147429, 0.0049991608;
 0, 0, 0, 1]
Twc:
[0.99995363, 0.0054478361, -0.007943742, -0.041886091;
 0.0015695827, 0.72151631, 0.69239569, 0.051416203;
 0.0095035974, -0.69237602, 0.72147429, -0.056734174;
 0, 0, 0, 1]
Ow:
[0.042342629;
 -0.07615082;
 0.0049991608]
Keyframe: 42 Frame: 161 Frame from vFrameID : 162
Tcw:
[0.99988961, 0.014828755, 0.00090350391, 0.043570828;
 -0.01022922, 0.73129958, -0.68197972, -0.076053739;
 -0.010773642, 0.6818952, 0.73137057, 0.0054914393;
 0, 0, 0, 1]
Twc:
[0.99988961, -0.01022922, -0.010773642, -0.044284828;
 0.014828755, 0.73129958, 0.6818952, 0.051227376;
 0.00090350391, -0.68197972, 0.73137057, -0.055922743;
 0, 0, 0, 1]
Ow:
[0.043570828;
 -0.076053739;
 0.0054914393]
Keyframe: 43 Frame: 167 Frame from vFrameID : 168
Tcw:
[0.99991947, 0.0093306964, -0.0086005572, 0.043473881;
 -0.012689388, 0.72962916, -0.6837253, -0.075958364;
 -0.00010441602, 0.68377942, 0.72968876, 0.0052918084;
 0, 0, 0, 1]
Twc:
[0.99991947, -0.012689388, -0.00010441602, -0.044433691;
 0.0093306964, 0.72962916, 0.68377942, 0.051397361;
 -0.0086005572, -0.6837253, 0.72968876, -0.055422127;
 0, 0, 0, 1]
Ow:
[0.043473881;
 -0.075958364;
 0.0052918084]
Keyframe: 44 Frame: 172 Frame from vFrameID : 173
Tcw:
[0.999942, 0.0093208672, 0.0053977305, 0.042856783;
 -0.0028788503, 0.71418548, -0.69995058, -0.076557934;
 -0.010379127, 0.69989443, 0.71417087, 0.0062246136;
 0, 0, 0, 1]
Twc:
[0.999942, -0.0028788503, -0.010379127, -0.04301009;
 0.0093208672, 0.71418548, 0.69989443, 0.049920529;
 0.0053977305, -0.69995058, 0.71417087, -0.05826354;
 0, 0, 0, 1]
Ow:
[0.042856783;
 -0.076557934;
 0.0062246136]
Keyframe: 45 Frame: 178 Frame from vFrameID : 179
Tcw:
[0.99969435, 0.0073566437, 0.023602637, 0.045056947;
 0.010914771, 0.72528702, -0.6883601, -0.076192625;
 -0.022182705, 0.6884073, 0.724985, 0.0047319978;
 0, 0, 0, 1]
Twc:
[0.99969435, 0.010914771, -0.022182705, -0.04410658;
 0.0073566437, 0.72528702, 0.6884073, 0.051672511;
 0.023602637, -0.6883601, 0.724985, -0.056942053;
 0, 0, 0, 1]
Ow:
[0.045056947;
 -0.076192625;
 0.0047319978]
Keyframe: 46 Frame: 184 Frame from vFrameID : 185
Tcw:
[0.99930674, 0.018194279, 0.032481082, 0.045363508;
 0.0086549381, 0.73501545, -0.67799509, -0.076316491;
 -0.036209729, 0.6778062, 0.73434848, 0.0062508509;
 0, 0, 0, 1]
Twc:
[0.99930674, 0.0086549381, -0.036209729, -0.044445205;
 0.018194279, 0.73501545, 0.6778062, 0.051031582;
 0.032481082, -0.67799509, 0.73434848, -0.057805963;
 0, 0, 0, 1]
Ow:
[0.045363508;
 -0.076316491;
 0.0062508509]
Keyframe: 47 Frame: 193 Frame from vFrameID : 194
Tcw:
[0.99981099, 0.019406868, 0.001162014, 0.045707464;
 -0.013256268, 0.72422302, -0.6894384, -0.076075129;
 -0.014221397, 0.68929273, 0.72434336, 0.0064595975;
 0, 0, 0, 1]
Twc:
[0.99981099, -0.013256268, -0.014221397, -0.046615433;
 0.019406868, 0.72422302, 0.68929273, 0.049755763;
 0.001162014, -0.6894384, 0.72434336, -0.057181198;
 0, 0, 0, 1]
Ow:
[0.045707464;
 -0.076075129;
 0.0064595975]
Keyframe: 48 Frame: 202 Frame from vFrameID : 203
Tcw:
[0.99937713, 0.022936961, -0.026818192, 0.045715429;
 -0.035102755, 0.72413093, -0.68876863, -0.076218873;
 0.0036216241, 0.68928099, 0.72448504, 0.0070149675;
 0, 0, 0, 1]
Twc:
[0.99937713, -0.035102755, 0.0036216241, -0.048387855;
 0.022936961, 0.72413093, 0.68928099, 0.049308587;
 -0.026818192, -0.68876863, 0.72448504, -0.056353401;
 0, 0, 0, 1]
Ow:
[0.045715429;
 -0.076218873;
 0.0070149675]
Keyframe: 49 Frame: 211 Frame from vFrameID : 212
Tcw:
[0.99858552, 0.04574855, 0.027093712, 0.045333229;
 -0.014393436, 0.72314101, -0.69055045, -0.076344155;
 -0.051184256, 0.68918371, 0.72277659, 0.0072206408;
 0, 0, 0, 1]
Twc:
[0.99858552, -0.014393436, -0.051184256, -0.045998372;
 0.04574855, 0.72314101, 0.68918371, 0.048157312;
 0.027093712, -0.69055045, 0.72277659, -0.059166644;
 0, 0, 0, 1]
Ow:
[0.045333229;
 -0.076344155;
 0.0072206408]
Keyframe: 50 Frame: 219 Frame from vFrameID : 220
Tcw:
[0.99749649, 0.054618005, 0.044918038, 0.04598479;
 -0.0099315569, 0.73709381, -0.67571741, -0.076525666;
 -0.070015147, 0.67357969, 0.73579097, 0.0079071671;
 0, 0, 0, 1]
Twc:
[0.99749649, -0.0099315569, -0.070015147, -0.046076063;
 0.054618005, 0.73709381, 0.67357969, 0.048568893;
 0.044918038, -0.67571741, 0.73579097, -0.059593298;
 0, 0, 0, 1]
Ow:
[0.04598479;
 -0.076525666;
 0.0079071671]
Keyframe: 51 Frame: 227 Frame from vFrameID : 228
Tcw:
[0.99934459, 0.035749093, 0.0056927269, 0.04613914;
 -0.021613125, 0.71539396, -0.69838697, -0.076563716;
 -0.029039243, 0.69780618, 0.71569777, 0.0081239864;
 0, 0, 0, 1]
Twc:
[0.99934459, -0.021613125, -0.029039243, -0.047527768;
 0.035749093, 0.71539396, 0.69780618, 0.047454827;
 0.0056927269, -0.69838697, 0.71569777, -0.05954808;
 0, 0, 0, 1]
Ow:
[0.04613914;
 -0.076563716;
 0.0081239864]
Keyframe: 52 Frame: 235 Frame from vFrameID : 236
Tcw:
[0.99865729, 0.04757636, -0.020497067, 0.046026792;
 -0.048345108, 0.71377438, -0.69870514, -0.076688722;
 -0.018611567, 0.69875789, 0.71511608, 0.0084600858;
 0, 0, 0, 1]
Twc:
[0.99865729, -0.048345108, -0.018611567, -0.049515061;
 0.04757636, 0.71377438, 0.69875789, 0.04663711;
 -0.020497067, -0.69870514, 0.71511608, -0.058689333;
 0, 0, 0, 1]
Ow:
[0.046026792;
 -0.076688722;
 0.0084600858]
Keyframe: 53 Frame: 243 Frame from vFrameID : 244
Tcw:
[0.99934518, 0.035762407, -0.0055001904, 0.046161328;
 -0.029612955, 0.72103578, -0.69226474, -0.075692877;
 -0.02079122, 0.69197428, 0.72162271, 0.010621581;
 0, 0, 0, 1]
Twc:
[0.99934518, -0.029612955, -0.02079122, -0.048151754;
 0.035762407, 0.72103578, 0.69197428, 0.045576576;
 -0.0055001904, -0.69226474, 0.72162271, -0.059810389;
 0, 0, 0, 1]
Ow:
[0.046161328;
 -0.075692877;
 0.010621581]
Keyframe: 54 Frame: 253 Frame from vFrameID : 254
Tcw:
[0.9998194, 0.0189292, 0.0017027439, 0.046481937;
 -0.012394718, 0.71733814, -0.69661498, -0.076458327;
 -0.014407806, 0.696468, 0.71744317, 0.012279268;
 0, 0, 0, 1]
Twc:
[0.9998194, -0.012394718, -0.014407806, -0.047244299;
 0.0189292, 0.71733814, 0.696468, 0.045414489;
 0.0017027439, -0.69661498, 0.71744317, -0.062150836;
 0, 0, 0, 1]
Ow:
[0.046481937;
 -0.076458327;
 0.012279268]
Keyframe: 55 Frame: 262 Frame from vFrameID : 263
Tcw:
[0.99939203, 0.031288028, 0.015382698, 0.046711303;
 -0.012437357, 0.73211533, -0.68106711, -0.076695338;
 -0.032571156, 0.6804617, 0.73205942, 0.012926467;
 0, 0, 0, 1]
Twc:
[0.99939203, -0.012437357, -0.032571156, -0.047215763;
 0.031288028, 0.73211533, 0.6804617, 0.045892365;
 0.015382698, -0.68106711, 0.73205942, -0.062416159;
 0, 0, 0, 1]
Ow:
[0.046711303;
 -0.076695338;
 0.012926467]
Keyframe: 56 Frame: 271 Frame from vFrameID : 272
Tcw:
[0.99807787, -0.0040134373, -0.061842572, 0.047717571;
 -0.040373005, 0.71497768, -0.69798064, -0.076195106;
 0.047017358, 0.69913578, 0.71344131, 0.014391458;
 0, 0, 0, 1]
Twc:
[0.99807787, -0.040373005, 0.047017358, -0.051378723;
 -0.0040134373, 0.71497768, 0.69913578, 0.044607729;
 -0.061842572, -0.69798064, 0.71344131, -0.060499195;
 0, 0, 0, 1]
Ow:
[0.047717571;
 -0.076195106;
 0.014391458]
Keyframe: 57 Frame: 280 Frame from vFrameID : 281
Tcw:
[0.99852169, 0.0049024592, -0.054133028, 0.048121762;
 -0.040102709, 0.73871654, -0.67282212, -0.076723725;
 0.036690481, 0.67399836, 0.7378211, 0.014989233;
 0, 0, 0, 1]
Twc:
[0.99852169, -0.040102709, 0.036690481, -0.051677413;
 0.0049024592, 0.73871654, 0.67399836, 0.046338454;
 -0.054133028, -0.67282212, 0.7378211, -0.060075816;
 0, 0, 0, 1]
Ow:
[0.048121762;
 -0.076723725;
 0.014989233]
Keyframe: 58 Frame: 289 Frame from vFrameID : 290
Tcw:
[0.99872673, -0.011667881, -0.049079906, 0.048219152;
 -0.02557458, 0.72150087, -0.69194108, -0.076768026;
 0.04348468, 0.69231522, 0.72028381, 0.015304513;
 0, 0, 0, 1]
Twc:
[0.99872673, -0.02557458, 0.04348468, -0.050786573;
 -0.011667881, 0.72150087, 0.69231522, 0.045355264;
 -0.049079906, -0.69194108, 0.72028381, -0.061775949;
 0, 0, 0, 1]
Ow:
[0.048219152;
 -0.076768026;
 0.015304513]
Keyframe: 59 Frame: 298 Frame from vFrameID : 299
Tcw:
[0.99970847, -0.00065199746, -0.024135357, 0.048362363;
 -0.015930548, 0.73334628, -0.67966861, -0.076270893;
 0.018142717, 0.67985499, 0.73312211, 0.015476659;
 0, 0, 0, 1]
Twc:
[0.99970847, -0.015930548, 0.018142717, -0.049844094;
 -0.00065199746, 0.73334628, 0.67985499, 0.04544263;
 -0.024135357, -0.67966861, 0.73312211, -0.062017977;
 0, 0, 0, 1]
Ow:
[0.048362363;
 -0.076270893;
 0.015476659]
Keyframe: 60 Frame: 307 Frame from vFrameID : 308
Tcw:
[0.99784929, -0.015711026, -0.063639611, 0.048555911;
 -0.032047544, 0.72998565, -0.68271071, -0.076562822;
 0.057182088, 0.68328184, 0.72791213, 0.015731059;
 0, 0, 0, 1]
Twc:
[0.99784929, -0.032047544, 0.057182088, -0.051804662;
 -0.015711026, 0.72998565, 0.68328184, 0.04590388;
 -0.063639611, -0.68271071, 0.72791213, -0.060631007;
 0, 0, 0, 1]
Ow:
[0.048555911;
 -0.076562822;
 0.015731059]
Keyframe: 61 Frame: 317 Frame from vFrameID : 318
Tcw:
[0.99943608, -0.013714553, -0.030650035, 0.048624963;
 -0.01057156, 0.73785579, -0.67487562, -0.076736599;
 0.031870924, 0.67481905, 0.73729473, 0.015883926;
 0, 0, 0, 1]
Twc:
[0.99943608, -0.01057156, 0.031870924, -0.049915005;
 -0.013714553, 0.73785579, 0.67481905, 0.046568636;
 -0.030650035, -0.67487562, 0.73729473, -0.062008433;
 0, 0, 0, 1]
Ow:
[0.048624963;
 -0.076736599;
 0.015883926]
Keyframe: 62 Frame: 325 Frame from vFrameID : 326
Tcw:
[0.99992323, 0.012386168, -0.00040760569, 0.048882112;
 -0.0092885997, 0.72727519, -0.68628311, -0.076360181;
 -0.0082039768, 0.68623418, 0.72733438, 0.015784953;
 0, 0, 0, 1]
Twc:
[0.99992323, -0.0092885997, -0.0082039768, -0.049458135;
 0.012386168, 0.72727519, 0.68623418, 0.044097226;
 -0.00040760569, -0.68628311, 0.72733438, -0.063865714;
 0, 0, 0, 1]
Ow:
[0.048882112;
 -0.076360181;
 0.015784953]
Keyframe: 63 Frame: 334 Frame from vFrameID : 335
Tcw:
[0.99988681, 0.015043654, -0.00011821939, 0.048318002;
 -0.011167739, 0.73696041, -0.67584366, -0.07614097;
 -0.010080035, 0.67576849, 0.73704499, 0.015153989;
 0, 0, 0, 1]
Twc:
[0.99988681, -0.011167739, -0.010080035, -0.049010102;
 0.015043654, 0.73696041, 0.67576849, 0.045145411;
 -0.00011821939, -0.67584366, 0.73704499, -0.062622853;
 0, 0, 0, 1]
Ow:
[0.048318002;
 -0.07614097;
 0.015153989]
Keyframe: 64 Frame: 342 Frame from vFrameID : 343
Tcw:
[0.99942821, -0.0033128143, -0.033648543, 0.047717582;
 -0.020556955, 0.73058629, -0.68251085, -0.076259717;
 0.026844198, 0.68281233, 0.73010045, 0.015848249;
 0, 0, 0, 1]
Twc:
[0.99942821, -0.020556955, 0.026844198, -0.049683403;
 -0.0033128143, 0.73058629, 0.68281233, 0.045051005;
 -0.033648543, -0.68251085, 0.73010045, -0.062013276;
 0, 0, 0, 1]
Ow:
[0.047717582;
 -0.076259717;
 0.015848249]
Keyframe: 65 Frame: 351 Frame from vFrameID : 352
Tcw:
[0.99919587, -0.007534225, -0.039381105, 0.048817221;
 -0.020255778, 0.75278205, -0.65795815, -0.076662309;
 0.034602594, 0.65822673, 0.75202405, 0.016480319;
 0, 0, 0, 1]
Twc:
[0.99919587, -0.020255778, 0.034602594, -0.050901081;
 -0.007534225, 0.75278205, 0.65822673, 0.04723002;
 -0.039381105, -0.65795815, 0.75202405, -0.060911711;
 0, 0, 0, 1]
Ow:
[0.048817221;
 -0.076662309;
 0.016480319]
Keyframe: 66 Frame: 360 Frame from vFrameID : 361
Tcw:
[0.99952674, -0.021692399, -0.021811111, 0.0480172;
 0.00013425271, 0.71210307, -0.70207494, -0.076010071;
 0.030761449, 0.70173973, 0.71176898, 0.016245343;
 0, 0, 0, 1]
Twc:
[0.99952674, 0.00013425271, 0.030761449, -0.048484001;
 -0.021692399, 0.71210307, 0.70173973, 0.043768611;
 -0.021811111, -0.70207494, 0.71176898, -0.063880384;
 0, 0, 0, 1]
Ow:
[0.0480172;
 -0.076010071;
 0.016245343]
Keyframe: 67 Frame: 369 Frame from vFrameID : 370
Tcw:
[0.99982661, -0.017511528, -0.0063327793, 0.048474692;
 0.0086754821, 0.73896044, -0.67369294, -0.076107576;
 0.016477067, 0.67352122, 0.73898423, 0.016437637;
 0, 0, 0, 1]
Twc:
[0.99982661, 0.0086754821, 0.016477067, -0.048076861;
 -0.017511528, 0.73896044, 0.67352122, 0.046018258;
 -0.0063327793, -0.67369294, 0.73898423, -0.063113317;
 0, 0, 0, 1]
Ow:
[0.048474692;
 -0.076107576;
 0.016437637]
Keyframe: 68 Frame: 378 Frame from vFrameID : 379
Tcw:
[0.99889922, -0.039067004, -0.025963569, 0.047753979;
 0.0090771737, 0.70402825, -0.71011394, -0.074851096;
 0.046021111, 0.70909661, 0.70360786, 0.01481818;
 0, 0, 0, 1]
Twc:
[0.99889922, 0.0090771737, 0.046021111, -0.047703926;
 -0.039067004, 0.70402825, 0.70909661, 0.044055369;
 -0.025963569, -0.71011394, 0.70360786, -0.062339135;
 0, 0, 0, 1]
Ow:
[0.047753979;
 -0.074851096;
 0.01481818]
Keyframe: 69 Frame: 387 Frame from vFrameID : 388
Tcw:
[0.99737906, -0.062523827, -0.036411434, 0.048069358;
 0.018842973, 0.71033728, -0.70360917, -0.075237975;
 0.069856741, 0.70107895, 0.70965368, 0.016073536;
 0, 0, 0, 1]
Twc:
[0.99737906, 0.018842973, 0.069856741, -0.047648508;
 -0.062523827, 0.71033728, 0.70107895, 0.045181002;
 -0.036411434, -0.70360917, 0.70965368, -0.062594503;
 0, 0, 0, 1]
Ow:
[0.048069358;
 -0.075237975;
 0.016073536]
Keyframe: 70 Frame: 396 Frame from vFrameID : 397
Tcw:
[0.99892086, -0.042328916, -0.01911517, 0.048136774;
 0.016211066, 0.70344621, -0.7105636, -0.075078763;
 0.043523882, 0.7094869, 0.70337331, 0.016074093;
 0, 0, 0, 1]
Twc:
[0.99892086, 0.016211066, 0.043523882, -0.047567327;
 -0.042328916, 0.70344621, 0.7094869, 0.043447092;
 -0.01911517, -0.7105636, 0.70337331, -0.063734181;
 0, 0, 0, 1]
Ow:
[0.048136774;
 -0.075078763;
 0.016074093]
Keyframe: 71 Frame: 405 Frame from vFrameID : 406
Tcw:
[0.99972218, -0.019441081, 0.013325329, 0.048236638;
 0.023269795, 0.7242586, -0.68913567, -0.075130478;
 0.003746558, 0.68925428, 0.72450984, 0.016242743;
 0, 0, 0, 1]
Twc:
[0.99972218, 0.023269795, 0.003746558, -0.046535823;
 -0.019441081, 0.7242586, 0.68925428, 0.044156291;
 0.013325329, -0.68913567, 0.72450984, -0.064185888;
 0, 0, 0, 1]
Ow:
[0.048236638;
 -0.075130478;
 0.016242743]
Keyframe: 72 Frame: 414 Frame from vFrameID : 415
Tcw:
[0.99930966, -0.036948819, -0.0038779045, 0.04826124;
 0.023860963, 0.71831352, -0.69531024, -0.074959055;
 0.028476445, 0.69473773, 0.71869928, 0.01576777;
 0, 0, 0, 1]
Twc:
[0.99930966, 0.023860963, 0.028476445, -0.046888337;
 -0.036948819, 0.71831352, 0.69473773, 0.044672839;
 -0.0038779045, -0.69531024, 0.71869928, -0.063264936;
 0, 0, 0, 1]
Ow:
[0.04826124;
 -0.074959055;
 0.01576777]
Keyframe: 73 Frame: 423 Frame from vFrameID : 424
Tcw:
[0.99917448, -0.035659943, -0.019460795, 0.04792814;
 0.011898329, 0.71491349, -0.69911164, -0.074911483;
 0.038843069, 0.69830298, 0.71474761, 0.016689654;
 0, 0, 0, 1]
Twc:
[0.99917448, 0.011898329, 0.038843069, -0.047645532;
 -0.035659943, 0.71491349, 0.69830298, 0.04360991;
 -0.019460795, -0.69911164, 0.71474761, -0.063367665;
 0, 0, 0, 1]
Ow:
[0.04792814;
 -0.074911483;
 0.016689654]
Keyframe: 74 Frame: 432 Frame from vFrameID : 433
Tcw:
[0.99960959, -0.025166543, -0.012137517, 0.048325188;
 0.0094854487, 0.71426857, -0.69980747, -0.075320728;
 0.026281182, 0.69941908, 0.71422839, 0.016811468;
 0, 0, 0, 1]
Twc:
[0.99960959, 0.0094854487, 0.026281182, -0.048033696;
 -0.025166543, 0.71426857, 0.69941908, 0.043257143;
 -0.012137517, -0.69980747, 0.71422839, -0.064130686;
 0, 0, 0, 1]
Ow:
[0.048325188;
 -0.075320728;
 0.016811468]
Keyframe: 75 Frame: 441 Frame from vFrameID : 442
Tcw:
[0.99931014, -0.019303324, 0.031727407, 0.048114475;
 0.035965547, 0.71599579, -0.69717753, -0.0744773;
 -0.0092588458, 0.69783765, 0.71619612, 0.014532017;
 0, 0, 0, 1]
Twc:
[0.99931014, 0.035965547, -0.0092588458, -0.045268118;
 -0.019303324, 0.71599579, 0.69783765, 0.044113215;
 0.031727407, -0.69717753, 0.71619612, -0.063858218;
 0, 0, 0, 1]
Ow:
[0.048114475;
 -0.0744773;
 0.014532017]
Keyframe: 76 Frame: 450 Frame from vFrameID : 451
Tcw:
[0.99995077, 0.0061700461, 0.0077740313, 0.047182713;
 0.0010817441, 0.71086001, -0.70333266, -0.07380347;
 -0.0098658428, 0.70330644, 0.71081835, 0.013850173;
 0, 0, 0, 1]
Twc:
[0.99995077, 0.0010817441, -0.0098658428, -0.046963908;
 0.0061700461, 0.71086001, 0.70330644, 0.042431902;
 0.0077740313, -0.70333266, 0.71081835, -0.062120147;
 0, 0, 0, 1]
Ow:
[0.047182713;
 -0.07380347;
 0.013850173]
Keyframe: 77 Frame: 459 Frame from vFrameID : 460
Tcw:
[0.99886942, -0.0065511572, -0.047084592, 0.047758464;
 -0.028996149, 0.70091325, -0.71265692, -0.07380268;
 0.03767094, 0.71321648, 0.69993085, 0.01596405;
 0, 0, 0, 1]
Twc:
[0.99886942, -0.028996149, 0.03767094, -0.050445843;
 -0.0065511572, 0.70091325, 0.71321648, 0.040656324;
 -0.047084592, -0.71265692, 0.69993085, -0.061521031;
 0, 0, 0, 1]
Ow:
[0.047758464;
 -0.07380268;
 0.01596405]
Keyframe: 78 Frame: 467 Frame from vFrameID : 468
Tcw:
[0.99921727, -0.0019060874, -0.039512634, 0.048089176;
 -0.026608063, 0.70674032, -0.70697248, -0.074097544;
 0.029272724, 0.70747048, 0.70613641, 0.015172077;
 0, 0, 0, 1]
Twc:
[0.99921727, -0.026608063, 0.029272724, -0.050467256;
 -0.0019060874, 0.70674032, 0.70747048, 0.041725587;
 -0.039512634, -0.70697248, 0.70613641, -0.061198354;
 0, 0, 0, 1]
Ow:
[0.048089176;
 -0.074097544;
 0.015172077]
Keyframe: 79 Frame: 475 Frame from vFrameID : 476
Tcw:
[0.99979371, 0.018910494, 0.0074154492, 0.047639463;
 -0.0080898898, 0.70557332, -0.70859075, -0.073709123;
 -0.018631944, 0.70838457, 0.70558071, 0.013376744;
 0, 0, 0, 1]
Twc:
[0.99979371, -0.0080898898, -0.018631944, -0.047976695;
 0.018910494, 0.70557332, 0.70838457, 0.041630425;
 0.0074154492, -0.70859075, 0.70558071, -0.062021241;
 0, 0, 0, 1]
Ow:
[0.047639463;
 -0.073709123;
 0.013376744]
Keyframe: 80 Frame: 483 Frame from vFrameID : 484
Tcw:
[0.99965972, 0.0098318029, 0.024160605, 0.047557358;
 0.0098554902, 0.71522331, -0.69882649, -0.073712148;
 -0.024150953, 0.69882685, 0.71488303, 0.013982903;
 0, 0, 0, 1]
Twc:
[0.99965972, 0.0098554902, -0.024150953, -0.046477005;
 0.0098318029, 0.71522331, 0.69882685, 0.042481445;
 0.024160605, -0.69882649, 0.71488303, -0.062657163;
 0, 0, 0, 1]
Ow:
[0.047557358;
 -0.073712148;
 0.013982903]
Keyframe: 81 Frame: 491 Frame from vFrameID : 492
Tcw:
[0.99981111, -0.00053435285, -0.019428944, 0.047719136;
 -0.013459005, 0.702142, -0.71190971, -0.07381618;
 0.014022289, 0.71203673, 0.70200217, 0.014305592;
 0, 0, 0, 1]
Twc:
[0.99981111, -0.013459005, 0.014022289, -0.04890421;
 -0.00053435285, 0.702142, 0.71203673, 0.041668836;
 -0.019428944, -0.71190971, 0.70200217, -0.061665881;
 0, 0, 0, 1]
Ow:
[0.047719136;
 -0.07381618;
 0.014305592]
Keyframe: 82 Frame: 499 Frame from vFrameID : 500
Tcw:
[0.99982363, -0.008664323, -0.016662573, 0.047777206;
 -0.0055686068, 0.71055543, -0.70361918, -0.073942877;
 0.017936066, 0.70358789, 0.71038187, 0.014842007;
 0, 0, 0, 1]
Twc:
[0.99982363, -0.0055686068, 0.017936066, -0.048446748;
 -0.008664323, 0.71055543, 0.70358789, 0.042511813;
 -0.016662573, -0.70361918, 0.71038187, -0.061775029;
 0, 0, 0, 1]
Ow:
[0.047777206;
 -0.073942877;
 0.014842007]
Keyframe: 83 Frame: 508 Frame from vFrameID : 509
Tcw:
[0.99962014, -0.02403857, -0.01347925, 0.048206393;
 0.0067425859, 0.68754095, -0.72611433, -0.073840909;
 0.026722286, 0.72574764, 0.68744183, 0.014923463;
 0, 0, 0, 1]
Twc:
[0.99962014, 0.0067425859, 0.026722286, -0.048088994;
 -0.02403857, 0.68754095, 0.72574764, 0.041096792;
 -0.01347925, -0.72611433, 0.68744183, -0.063226171;
 0, 0, 0, 1]
Ow:
[0.048206393;
 -0.073840909;
 0.014923463]
Keyframe: 84 Frame: 516 Frame from vFrameID : 517
Tcw:
[0.9994927, -0.012674659, 0.029218655, 0.048337288;
 0.02960995, 0.70770907, -0.7058832, -0.074039564;
 -0.011731479, 0.70639026, 0.70772535, 0.015732061;
 0, 0, 0, 1]
Twc:
[0.9994927, 0.02960995, -0.011731479, -0.045935895;
 -0.012674659, 0.70770907, 0.70639026, 0.041898154;
 0.029218655, -0.7058832, 0.70772535, -0.064809613;
 0, 0, 0, 1]
Ow:
[0.048337288;
 -0.074039564;
 0.015732061]
Keyframe: 85 Frame: 525 Frame from vFrameID : 526
Tcw:
[0.99950832, -0.027608821, -0.014861154, 0.048264287;
 0.0086594168, 0.6986047, -0.71545541, -0.074182451;
 0.030134954, 0.71497494, 0.69850034, 0.015628818;
 0, 0, 0, 1]
Twc:
[0.99950832, 0.0086594168, 0.030134954, -0.048069153;
 -0.027608821, 0.6986047, 0.71497494, 0.04198252;
 -0.014861154, -0.71545541, 0.69850034, -0.063273706;
 0, 0, 0, 1]
Ow:
[0.048264287;
 -0.074182451;
 0.015628818]
Keyframe: 86 Frame: 534 Frame from vFrameID : 535
Tcw:
[0.99782687, -0.048452396, -0.044653155, 0.049059302;
 0.0030818228, 0.7112661, -0.70291609, -0.074253298;
 0.065818243, 0.70125097, 0.70986974, 0.017161358;
 0, 0, 0, 1]
Twc:
[0.99782687, 0.0030818228, 0.065818243, -0.049853384;
 -0.048452396, 0.7112661, 0.70125097, 0.043156475;
 -0.044653155, -0.70291609, 0.70986974, -0.062185518;
 0, 0, 0, 1]
Ow:
[0.049059302;
 -0.074253298;
 0.017161358]
Keyframe: 87 Frame: 543 Frame from vFrameID : 544
Tcw:
[0.99978471, -0.020677373, -0.0017273388, 0.048444726;
 0.01389086, 0.72883159, -0.68455207, -0.074616998;
 0.015413677, 0.68438071, 0.72896194, 0.016287502;
 0, 0, 0, 1]
Twc:
[0.99978471, 0.01389086, 0.015413677, -0.047648855;
 -0.020677373, 0.72883159, 0.68438071, 0.044238083;
 -0.0017273388, -0.68455207, 0.72896194, -0.062868506;
 0, 0, 0, 1]
Ow:
[0.048444726;
 -0.074616998;
 0.016287502]
Keyframe: 88 Frame: 553 Frame from vFrameID : 554
Tcw:
[0.9986757, -0.0054223025, 0.051161211, 0.048580054;
 0.038785536, 0.73270023, -0.67944539, -0.074482188;
 -0.033801671, 0.68052995, 0.73194021, 0.016479263;
 0, 0, 0, 1]
Twc:
[0.9986757, 0.038785536, -0.033801671, -0.045069862;
 -0.0054223025, 0.73270023, 0.68052995, 0.043621901;
