Keyframe: 0 Frame: 0 Frame from vFrameID : 51
Tcw:
[0.99773985, 0.014270188, 0.06566269, 0.042474337;
 0.033611882, 0.74016327, -0.67158663, -0.084545478;
 -0.058184776, 0.67227578, 0.7380107, 0.059232511;
 0, 0, 0, 1]
Twc:
[0.99773985, 0.033611882, -0.058184776, -0.036090173;
 0.014270188, 0.74016327, 0.67227578, 0.022150759;
 0.06566269, -0.67158663, 0.7380107, -0.10328282;
 0, 0, 0, 1]
Ow:
[0.042474337;
 -0.084545478;
 0.059232511]
Keyframe: 1 Frame: 50 Frame from vFrameID : 51
Tcw:
[0.99800873, 0.012670444, 0.061790518, 0.042916618;
 0.0323813, 0.73775899, -0.67428714, -0.085377313;
 -0.054130025, 0.67494529, 0.7358796, 0.057883162;
 0, 0, 0, 1]
Twc:
[0.99800873, 0.0323813, -0.054130025, -0.036933314;
 0.012670444, 0.73775899, 0.67494529, 0.023376135;
 0.061790518, -0.67428714, 0.7358796, -0.1028157;
 0, 0, 0, 1]
Ow:
[0.042916618;
 -0.085377313;
 0.057883162]
Keyframe: 2 Frame: 52 Frame from vFrameID : 53
Tcw:
[0.99863827, 0.013842626, 0.050299123, 0.043328099;
 0.024043873, 0.7335248, -0.67923731, -0.085553922;
 -0.046298079, 0.67952174, 0.73219305, 0.060027733;
 0, 0, 0, 1]
Twc:
[0.99863827, 0.024043873, -0.046298079, -0.038432881;
 0.013842626, 0.7335248, 0.67952174, 0.021365993;
 0.050299123, -0.67923731, 0.73219305, -0.10424267;
 0, 0, 0, 1]
Ow:
[0.043328099;
 -0.085553922;
 0.060027733]
Keyframe: 3 Frame: 54 Frame from vFrameID : 55
Tcw:
[0.99920845, 0.018128099, 0.035409972, 0.045397907;
 0.011302701, 0.72407269, -0.68963104, -0.088269807;
 -0.038141094, 0.68948537, 0.72329468, 0.063268177;
 0, 0, 0, 1]
Twc:
[0.99920845, 0.011302701, -0.038141094, -0.041951168;
 0.018128099, 0.72407269, 0.68948537, 0.019468302;
 0.035409972, -0.68963104, 0.72329468, -0.10824267;
 0, 0, 0, 1]
Ow:
[0.045397907;
 -0.088269807;
 0.063268177]
Keyframe: 4 Frame: 56 Frame from vFrameID : 57
Tcw:
[0.99956053, 0.02277899, 0.018969653, 0.043447528;
 -0.0029989907, 0.71435302, -0.69977909, -0.090474844;
 -0.02949129, 0.69941467, 0.71410739, 0.060980566;
 0, 0, 0, 1]
Twc:
[0.99956053, -0.0029989907, -0.02949129, -0.041901372;
 0.02277899, 0.71435302, 0.69941467, 0.020990584;
 0.018969653, -0.69977909, 0.71410739, -0.10768326;
 0, 0, 0, 1]
Ow:
[0.043447528;
 -0.090474844;
 0.060980566]
Keyframe: 5 Frame: 58 Frame from vFrameID : 59
Tcw:
[0.99972564, 0.022173796, 0.0075449911, 0.040916096;
 -0.010568539, 0.71452022, -0.69953495, -0.092395179;
 -0.020902393, 0.69926333, 0.71455854, 0.059321605;
 0, 0, 0, 1]
Twc:
[0.99972564, -0.010568539, -0.020902393, -0.040641394;
 0.022173796, 0.71452022, 0.69926333, 0.023629537;
 0.0075449911, -0.69953495, 0.71455854, -0.10733113;
 0, 0, 0, 1]
Ow:
[0.040916096;
 -0.092395179;
 0.059321605]
Keyframe: 6 Frame: 59 Frame from vFrameID : 60
Tcw:
[0.99967641, 0.025414493, 0.0011027709, 0.04014498;
 -0.017415475, 0.71534711, -0.69855225, -0.093461968;
 -0.018542215, 0.69830698, 0.71555817, 0.062493;
 0, 0, 0, 1]
Twc:
[0.99967641, -0.017415475, -0.018542215, -0.040600915;
 0.025414493, 0.71534711, 0.69830698, 0.02219818;
 0.0011027709, -0.69855225, 0.71555817, -0.11004972;
 0, 0, 0, 1]
Ow:
[0.04014498;
 -0.093461968;
 0.062493]
Keyframe: 7 Frame: 60 Frame from vFrameID : 61
Tcw:
[0.99955028, 0.029720059, -0.0039995676, 0.040146172;
 -0.024021439, 0.71368337, -0.70005643, -0.096357897;
 -0.017951293, 0.69983768, 0.71407634, 0.064733602;
 0, 0, 0, 1]
Twc:
[0.99955028, -0.024021439, -0.017951293, -0.041280717;
 0.029720059, 0.71368337, 0.69983768, 0.022272872;
 -0.0039995676, -0.70005643, 0.71407634, -0.11352014;
 0, 0, 0, 1]
Ow:
[0.040146172;
 -0.096357897;
 0.064733602]
Keyframe: 8 Frame: 62 Frame from vFrameID : 63
Tcw:
[0.9991644, 0.040838741, -0.0016518853, 0.031645875;
 -0.030243136, 0.71153623, -0.70199823, -0.10202147;
 -0.027493348, 0.70146161, 0.71217674, 0.068228953;
 0, 0, 0, 1]
Twc:
[0.9991644, -0.030243136, -0.027493348, -0.032829039;
 0.040838741, 0.71153623, 0.70146161, 0.023439603;
 -0.0016518853, -0.70199823, 0.71217674, -0.1201577;
 0, 0, 0, 1]
Ow:
[0.031645875;
 -0.10202147;
 0.068228953]
Keyframe: 9 Frame: 66 Frame from vFrameID : 67
Tcw:
[0.99938309, 0.034830481, -0.0044985157, 0.037233721;
 -0.027437866, 0.69439757, -0.71906829, -0.10785975;
 -0.021921735, 0.71874815, 0.69492489, 0.075403996;
 0, 0, 0, 1]
Twc:
[0.99938309, -0.027437866, -0.021921735, -0.038517207;
 0.034830481, 0.69439757, 0.71874815, 0.019404205;
 -0.0044985157, -0.71906829, 0.69492489, -0.12979114;
 0, 0, 0, 1]
Ow:
[0.037233721;
 -0.10785975;
 0.075403996]
Keyframe: 10 Frame: 71 Frame from vFrameID : 72
Tcw:
[0.99885446, 0.047630813, -0.0045930468, 0.030776411;
 -0.036691256, 0.70073968, -0.71247292, -0.11203505;
 -0.030717134, 0.71182525, 0.70168459, 0.070061013;
 0, 0, 0, 1]
Twc:
[0.99885446, -0.036691256, -0.030717134, -0.032699786;
 0.047630813, 0.70073968, 0.71182525, 0.027170299;
 -0.0045930468, -0.71247292, 0.70168459, -0.12884131;
 0, 0, 0, 1]
Ow:
[0.030776411;
 -0.11203505;
 0.070061013]
Keyframe: 11 Frame: 75 Frame from vFrameID : 76
Tcw:
[0.99866164, 0.051360417, 0.0060894908, 0.02707237;
 -0.032482024, 0.71445423, -0.69892782, -0.11713105;
 -0.040247887, 0.69779456, 0.71516627, 0.076905519;
 0, 0, 0, 1]
Twc:
[0.99866164, -0.032482024, -0.040247887, -0.027745506;
 0.051360417, 0.71445423, 0.69779456, 0.028630076;
 0.0060894908, -0.69892782, 0.71516627, -0.13703124;
 0, 0, 0, 1]
Ow:
[0.02707237;
 -0.11713105;
 0.076905519]
Keyframe: 12 Frame: 80 Frame from vFrameID : 81
Tcw:
[0.99858606, 0.051996283, 0.01105557, 0.027309066;
 -0.029630536, 0.71710855, -0.69633132, -0.11638334;
 -0.044134688, 0.69501919, 0.71763533, 0.072817944;
 0, 0, 0, 1]
Twc:
[0.99858606, -0.029630536, -0.044134688, -0.027505158;
 0.051996283, 0.71710855, 0.69501919, 0.031429656;
 0.01105557, -0.69633132, 0.71763533, -0.13360001;
 0, 0, 0, 1]
Ow:
[0.027309066;
 -0.11638334;
 0.072817944]
Keyframe: 13 Frame: 85 Frame from vFrameID : 86
Tcw:
[0.99972773, 0.021389071, -0.009328723, 0.03609854;
 -0.021889746, 0.7211107, -0.69247401, -0.11271136;
 -0.0080843326, 0.69248962, 0.72138256, 0.072132744;
 0, 0, 0, 1]
Twc:
[0.99972773, -0.021889746, -0.0080843326, -0.037972786;
 0.021389071, 0.7211107, 0.69248962, 0.030554069;
 -0.009328723, -0.69247401, 0.72138256, -0.12974823;
 0, 0, 0, 1]
Ow:
[0.03609854;
 -0.11271136;
 0.072132744]
Keyframe: 14 Frame: 90 Frame from vFrameID : 91
Tcw:
[0.99887753, -0.027209714, -0.038772237, 0.034490079;
 -0.0075087459, 0.71723598, -0.69678992, -0.11000472;
 0.046768297, 0.69629896, 0.71622658, 0.071980923;
 0, 0, 0, 1]
Twc:
[0.99887753, -0.0075087459, 0.046768297, -0.038643789;
 -0.027209714, 0.71723598, 0.69629896, 0.029717565;
 -0.038772237, -0.69678992, 0.71622658, -0.12686758;
 0, 0, 0, 1]
Ow:
[0.034490079;
 -0.11000472;
 0.071980923]
Keyframe: 15 Frame: 95 Frame from vFrameID : 96
Tcw:
[0.99602365, -0.054176442, -0.070723027, 0.031449005;
 -0.011269266, 0.7108534, -0.70324993, -0.11597402;
 0.088373281, 0.70125055, 0.7074163, 0.071653582;
 0, 0, 0, 1]
Twc:
[0.99602365, -0.011269266, 0.088373281, -0.038963158;
 -0.054176442, 0.7108534, 0.70125055, 0.03389721;
 -0.070723027, -0.70324993, 0.7074163, -0.13002346;
 0, 0, 0, 1]
Ow:
[0.031449005;
 -0.11597402;
 0.071653582]
Keyframe: 16 Frame: 101 Frame from vFrameID : 102
Tcw:
[0.99587381, -0.035266511, -0.083615899, 0.035211045;
 -0.035909057, 0.69305563, -0.71998918, -0.12710644;
 0.083341978, 0.72002095, 0.68892956, 0.07967943;
 0, 0, 0, 1]
Twc:
[0.99587381, -0.035909057, 0.083341978, -0.046270672;
 -0.035266511, 0.69305563, 0.72002095, 0.031962745;
 -0.083615899, -0.71998918, 0.68892956, -0.14346458;
 0, 0, 0, 1]
Ow:
[0.035211045;
 -0.12710644;
 0.07967943]
Keyframe: 17 Frame: 107 Frame from vFrameID : 108
Tcw:
[0.99873149, 0.0028065445, -0.050274357, 0.035795186;
 -0.037849173, 0.70034426, -0.71280104, -0.11830468;
 0.033208851, 0.71379972, 0.69956213, 0.076091096;
 0, 0, 0, 1]
Twc:
[0.99873149, -0.037849173, 0.033208851, -0.042754412;
 0.0028065445, 0.70034426, 0.71379972, 0.028439747;
 -0.050274357, -0.71280104, 0.69956213, -0.13575856;
 0, 0, 0, 1]
Ow:
[0.035795186;
 -0.11830468;
 0.076091096]
Keyframe: 18 Frame: 112 Frame from vFrameID : 113
Tcw:
[0.99931961, 0.034865215, -0.012031683, 0.029276926;
 -0.033283163, 0.71189314, -0.70149869, -0.11781347;
 -0.01589263, 0.70142186, 0.71256918, 0.07451535;
 0, 0, 0, 1]
Twc:
[0.99931961, -0.033283163, -0.01589263, -0.031993963;
 0.034865215, 0.71189314, 0.70142186, 0.030583153;
 -0.012031683, -0.70149869, 0.71256918, -0.13539109;
 0, 0, 0, 1]
Ow:
[0.029276926;
 -0.11781347;
 0.07451535]
Keyframe: 19 Frame: 118 Frame from vFrameID : 119
Tcw:
[0.99800324, 0.054148667, 0.032517631, 0.02186658;
 -0.016020421, 0.71500045, -0.69894046, -0.11940558;
 -0.061096814, 0.69702387, 0.71444023, 0.080503218;
 0, 0, 0, 1]
Twc:
[0.99800324, -0.016020421, -0.061096814, -0.018817358;
 0.054148667, 0.71500045, 0.69702387, 0.028078327;
 0.032517631, -0.69894046, 0.71444023, -0.14168318;
 0, 0, 0, 1]
Ow:
[0.02186658;
 -0.11940558;
 0.080503218]
Keyframe: 20 Frame: 125 Frame from vFrameID : 126
Tcw:
[0.99587613, 0.080337167, 0.042151023, 0.023307463;
 -0.027160879, 0.70731241, -0.70637912, -0.12830676;
 -0.08656244, 0.70232123, 0.70657754, 0.082449183;
 0, 0, 0, 1]
Twc:
[0.99587613, -0.027160879, -0.08656244, -0.019559268;
 0.080337167, 0.70731241, 0.70232123, 0.030974688;
 0.042151023, -0.70637912, 0.70657754, -0.14987239;
 0, 0, 0, 1]
Ow:
[0.023307463;
 -0.12830676;
 0.082449183]
Keyframe: 21 Frame: 132 Frame from vFrameID : 133
Tcw:
[0.99392647, 0.094117306, 0.057027776, 0.030570447;
 -0.025967188, 0.70416546, -0.70956093, -0.14285265;
 -0.10693895, 0.70377052, 0.70233262, 0.099494204;
 0, 0, 0, 1]
Twc:
[0.99392647, -0.025967188, -0.10693895, -0.023454452;
 0.094117306, 0.70416546, 0.70377052, 0.027693601;
 0.057027776, -0.70956093, 0.70233262, -0.17298405;
 0, 0, 0, 1]
Ow:
[0.030570447;
 -0.14285265;
 0.099494204]
Keyframe: 22 Frame: 140 Frame from vFrameID : 141
Tcw:
[0.994726, 0.095271476, 0.037993979, 0.056215361;
 -0.034191083, 0.65724319, -0.75290263, -0.15976964;
 -0.096701436, 0.74763274, 0.65703428, 0.12645088;
 0, 0, 0, 1]
Twc:
[0.994726, -0.034191083, -0.096701436, -0.049153596;
 0.095271476, 0.65724319, 0.74763274, 0.0051129549;
 0.037993979, -0.75290263, 0.65703428, -0.20550941;
 0, 0, 0, 1]
Ow:
[0.056215361;
 -0.15976964;
 0.12645088]
Keyframe: 23 Frame: 146 Frame from vFrameID : 147
Tcw:
[0.99644196, 0.08157178, -0.021200636, 0.071251914;
 -0.069873497, 0.65887487, -0.74900037, -0.16652122;
 -0.04712873, 0.7478168, 0.66223031, 0.12337205;
 0, 0, 0, 1]
Twc:
[0.99644196, -0.069873497, -0.04712873, -0.07681945;
 0.08157178, 0.65887487, 0.7478168, 0.011644817;
 -0.021200636, -0.74900037, 0.66223031, -0.20491457;
 0, 0, 0, 1]
Ow:
[0.071251914;
 -0.16652122;
 0.12337205]
Keyframe: 24 Frame: 153 Frame from vFrameID : 154
Tcw:
[0.99899328, 0.043704711, 0.010115464, 0.080863565;
 -0.0236845, 0.7053495, -0.70846391, -0.21346076;
 -0.038098149, 0.70751113, 0.70567453, 0.17517075;
 0, 0, 0, 1]
Twc:
[0.99899328, -0.0236845, -0.038098149, -0.079164192;
 0.043704711, 0.7053495, 0.70751113, 0.023095077;
 0.010115464, -0.70846391, 0.70567453, -0.27566075;
 0, 0, 0, 1]
Ow:
[0.080863565;
 -0.21346076;
 0.17517075]
Keyframe: 25 Frame: 161 Frame from vFrameID : 162
Tcw:
[0.99814004, 0.05903155, 0.015221666, 0.086944163;
 -0.032634467, 0.72830045, -0.68448043, -0.24869952;
 -0.051491886, 0.68271059, 0.7288723, 0.22619642;
 0, 0, 0, 1]
Twc:
[0.99814004, -0.032634467, -0.051491886, -0.083251357;
 0.05903155, 0.72830045, 0.68271059, 0.021568833;
 0.015221666, -0.68448043, 0.7288723, -0.3364217;
 0, 0, 0, 1]
Ow:
[0.086944163;
 -0.24869952;
 0.22619642]
Keyframe: 26 Frame: 169 Frame from vFrameID : 170
Tcw:
[0.99413729, 0.083158776, 0.069105931, 0.07478638;
 -0.018351154, 0.75962508, -0.65010232, -0.35275781;
 -0.1065563, 0.64502281, 0.75669765, 0.31885213;
 0, 0, 0, 1]
Twc:
[0.99413729, -0.018351154, -0.1065563, -0.046845734;
 0.083158776, 0.75962508, 0.64502281, 0.056077622;
 0.069105931, -0.65010232, 0.75669765, -0.47577152;
 0, 0, 0, 1]
Ow:
[0.07478638;
 -0.35275781;
 0.31885213]
Keyframe: 27 Frame: 178 Frame from vFrameID : 179
Tcw:
[0.99466097, 0.073562011, 0.072375514, 0.041414402;
 -0.0068077738, 0.7465806, -0.66526014, -0.56098139;
 -0.10297203, 0.6612156, 0.74309534, 0.59487742;
 0, 0, 0, 1]
Twc:
[0.99466097, -0.0068077738, -0.10297203, 0.016243413;
 0.073562011, 0.7465806, 0.6612156, 0.02242909;
 0.072375514, -0.66526014, 0.74309534, -0.81824666;
 0, 0, 0, 1]
Ow:
[0.041414402;
 -0.56098139;
 0.59487742]
Keyframe: 28 Frame: 187 Frame from vFrameID : 188
Tcw:
[0.99998444, -0.0039619706, 0.0039290474, 0.071837187;
 0.005572171, 0.74597156, -0.66595453, -0.58759928;
 -0.00029246529, 0.66596603, 0.74598199, 0.67821205;
 0, 0, 0, 1]
Twc:
[0.99998444, 0.005572171, -0.00029246529, -0.06836351;
 -0.0039619706, 0.74597156, 0.66596603, -0.013049257;
 0.0039290474, -0.66595453, 0.74598199, -0.89753062;
 0, 0, 0, 1]
Ow:
[0.071837187;
 -0.58759928;
 0.67821205]
Keyframe: 29 Frame: 195 Frame from vFrameID : 196
Tcw:
[0.99922514, 0.039227385, -0.0032125369, 0.12497079;
 -0.031916343, 0.75981444, -0.64935613, -0.73778719;
 -0.023031611, 0.64895552, 0.76047766, 0.90203226;
 0, 0, 0, 1]
Twc:
[0.99922514, -0.031916343, -0.023031611, -0.12764618;
 0.039227385, 0.75981444, 0.64895552, -0.02969972;
 -0.0032125369, -0.64935613, 0.76047766, -1.1646606;
 0, 0, 0, 1]
Ow:
[0.12497079;
 -0.73778719;
 0.90203226]
Keyframe: 30 Frame: 202 Frame from vFrameID : 203
Tcw:
[0.98596948, 0.074280307, 0.14948791, 0.010280728;
 0.038749781, 0.76922232, -0.63780522, -0.71140373;
 -0.16236581, 0.6346491, 0.7555514, 0.87743235;
 0, 0, 0, 1]
Twc:
[0.98596948, 0.038749781, -0.16236581, 0.15989526;
 0.074280307, 0.76922232, 0.6346491, -0.010397676;
 0.14948791, -0.63780522, 0.7555514, -1.118219;
 0, 0, 0, 1]
Ow:
[0.010280728;
 -0.71140373;
 0.87743235]
Keyframe: 31 Frame: 210 Frame from vFrameID : 211
Tcw:
[0.9954825, 0.049516309, 0.081010751, 0.15668446;
 0.013579116, 0.77021295, -0.6376422, -0.840985;
 -0.093969218, 0.63586169, 0.76606113, 1.1125076;
 0, 0, 0, 1]
Twc:
[0.9954825, 0.013579116, -0.093969218, -0.040015325;
 0.049516309, 0.77021295, 0.63586169, -0.067421883;
 0.081010751, -0.6376422, 0.76606113, -1.4011896;
 0, 0, 0, 1]
Ow:
[0.15668446;
 -0.840985;
 1.1125076]
Keyframe: 32 Frame: 218 Frame from vFrameID : 219
Tcw:
[0.99970996, 0.013667546, 0.019830182, 0.14499411;
 0.0027357729, 0.75360233, -0.65732497, -0.89326024;
 -0.023928089, 0.65718853, 0.75334632, 1.1756011;
 0, 0, 0, 1]
Twc:
[0.99970996, 0.0027357729, -0.023928089, -0.1143784;
 0.013667546, 0.75360233, 0.65718853, -0.1014103;
 0.019830182, -0.65732497, 0.75334632, -1.4756722;
 0, 0, 0, 1]
Ow:
[0.14499411;
 -0.89326024;
 1.1756011]
Keyframe: 33 Frame: 223 Frame from vFrameID : 224
Tcw:
[0.99967015, 0.0043781917, 0.025305517, 0.15342104;
 0.012810567, 0.76900291, -0.63911688, -0.91496748;
 -0.022258192, 0.63923031, 0.76869321, 1.1843826;
 0, 0, 0, 1]
Twc:
[0.99967015, 0.012810567, -0.022258192, -0.11528698;
 0.0043781917, 0.76900291, 0.63923031, -0.054152265;
 0.025305517, -0.63911688, 0.76869321, -1.4990804;
 0, 0, 0, 1]
Ow:
[0.15342104;
 -0.91496748;
 1.1843826]
Keyframe: 34 Frame: 228 Frame from vFrameID : 229
Tcw:
[0.99971026, 0.0082655028, 0.022606108, 0.1569583;
 0.0074234973, 0.78752786, -0.61623436, -0.92157578;
 -0.022896426, 0.61622363, 0.7872383, 1.198264;
 0, 0, 0, 1]
Twc:
[0.99971026, 0.0074234973, -0.022896426, -0.12263554;
 0.0082655028, 0.78752786, 0.61622363, -0.013929358;
 0.022606108, -0.61623436, 0.7872383, -1.5147742;
 0, 0, 0, 1]
Ow:
[0.1569583;
 -0.92157578;
 1.198264]
Keyframe: 35 Frame: 233 Frame from vFrameID : 234
Tcw:
[0.9986313, 0.031288438, 0.041911289, 0.16108328;
 0.00029562489, 0.79793954, -0.60273743, -0.92696422;
 -0.052301388, 0.60192484, 0.79683816, 1.2089216;
 0, 0, 0, 1]
Twc:
[0.9986313, 0.00029562489, -0.052301388, -0.097360507;
 0.031288438, 0.79793954, 0.60192484, 0.0069415029;
 0.041911289, -0.60273743, 0.79683816, -1.528782;
 0, 0, 0, 1]
Ow:
[0.16108328;
 -0.92696422;
 1.2089216]
Keyframe: 36 Frame: 237 Frame from vFrameID : 238
Tcw:
[0.99367899, 0.055009291, 0.097857207, 0.12571877;
 0.01902809, 0.77656186, -0.62975359, -0.99472892;
 -0.11063448, 0.627635, 0.77060646, 1.3694412;
 0, 0, 0, 1]
Twc:
[0.99367899, 0.01902809, -0.11063448, 0.045511093;
 0.055009291, 0.77656186, 0.627635, -0.093956247;
 0.097857207, -0.62975359, 0.77060646, -1.6940368;
 0, 0, 0, 1]
Ow:
[0.12571877;
 -0.99472892;
 1.3694412]
Keyframe: 37 Frame: 242 Frame from vFrameID : 243
Tcw:
[0.98648643, 0.09268567, 0.13510674, 0.13953248;
 0.013288201, 0.77663541, -0.62981021, -1.0188109;
 -0.16330305, 0.62309456, 0.76490867, 1.355648;
 0, 0, 0, 1]
Twc:
[0.98648643, 0.013288201, -0.16330305, 0.097272739;
 0.09268567, 0.77663541, 0.62309456, -0.066385023;
 0.13510674, -0.62981021, 0.76490867, -1.6974562;
 0, 0, 0, 1]
Ow:
[0.13953248;
 -1.0188109;
 1.355648]
Keyframe: 38 Frame: 247 Frame from vFrameID : 248
Tcw:
[0.98185772, 0.094740719, 0.16425492, 0.13991505;
 0.020001059, 0.80965728, -0.5865621, -1.0430151;
 -0.1885615, 0.57920575, 0.7930733, 1.3999393;
 0, 0, 0, 1]
Twc:
[0.98185772, 0.020001059, -0.1885615, 0.14745939;
 0.094740719, 0.80965728, 0.57920575, 0.020376194;
 0.16425492, -0.5865621, 0.7930733, -1.7450293;
 0, 0, 0, 1]
Ow:
[0.13991505;
 -1.0430151;
 1.3999393]
Keyframe: 39 Frame: 252 Frame from vFrameID : 253
Tcw:
[0.98300284, 0.077517919, 0.16642237, 0.16737686;
 0.031490233, 0.82186079, -0.56881732, -1.0485531;
 -0.18086956, 0.56438977, 0.80545044, 1.4349979;
 0, 0, 0, 1]
Twc:
[0.98300284, 0.031490233, -0.18086956, 0.12803471;
 0.077517919, 0.82186079, 0.56438977, 0.038891882;
 0.16642237, -0.56881732, 0.80545044, -1.7801102;
 0, 0, 0, 1]
Ow:
[0.16737686;
 -1.0485531;
 1.4349979]
Keyframe: 40 Frame: 257 Frame from vFrameID : 258
Tcw:
[0.9911623, 0.040127516, 0.12644017, 0.21304466;
 0.039981458, 0.81846422, -0.57316476, -1.1159807;
 -0.12648644, 0.57315457, 0.80962652, 1.5347316;
 0, 0, 0, 1]
Twc:
[0.9911623, 0.039981458, -0.12648644, 0.02757941;
 0.040127516, 0.81846422, 0.57315457, 0.025203001;
 0.12644017, -0.57316476, 0.80962652, -1.9091375;
 0, 0, 0, 1]
Ow:
[0.21304466;
 -1.1159807;
 1.5347316]
Keyframe: 41 Frame: 261 Frame from vFrameID : 262
Tcw:
[0.99485904, 0.0075752926, 0.10098561, 0.15613717;
 0.053692225, 0.80604559, -0.58941299, -1.1181411;
 -0.085863978, 0.59180498, 0.80149502, 1.7157812;
 0, 0, 0, 1]
Twc:
[0.99485904, 0.053692225, -0.085863978, 0.052024808;
 0.0075752926, 0.80604559, 0.59180498, -0.11531799;
 0.10098561, -0.58941299, 0.80149502, -2.0500045;
 0, 0, 0, 1]
Ow:
[0.15613717;
 -1.1181411;
 1.7157812]
Keyframe: 42 Frame: 266 Frame from vFrameID : 267
Tcw:
[0.99774086, -0.0034360324, 0.067092113, 0.19490054;
 0.041717712, 0.81448698, -0.57868004, -1.1483967;
 -0.052657288, 0.58017164, 0.81279033, 1.7583474;
 0, 0, 0, 1]
Twc:
[0.99774086, 0.041717712, -0.052657288, -0.053961951;
 -0.0034360324, 0.81448698, 0.58017164, -0.084119409;
 0.067092113, -0.57868004, 0.81279033, -2.1067982;
 0, 0, 0, 1]
Ow:
[0.19490054;
 -1.1483967;
 1.7583474]
Keyframe: 43 Frame: 272 Frame from vFrameID : 273
Tcw:
[0.99717736, -0.0059759947, 0.074844033, 0.18709791;
 0.048029732, 0.81696165, -0.57468849, -1.1699197;
 -0.057710364, 0.57666105, 0.81494266, 1.7964597;
 0, 0, 0, 1]
Twc:
[0.99717736, 0.048029732, -0.057710364, -0.026704529;
 -0.0059759947, 0.81696165, 0.57666105, -0.079050846;
 0.074844033, -0.57468849, 0.81494266, -2.1503541;
 0, 0, 0, 1]
Ow:
[0.18709791;
 -1.1699197;
 1.7964597]
Keyframe: 44 Frame: 277 Frame from vFrameID : 278
Tcw:
[0.99395072, 0.024369823, 0.10708912, 0.1792639;
 0.0431435, 0.81004637, -0.58477646, -1.2165927;
 -0.10099805, 0.58585918, 0.80409473, 1.918512;
 0, 0, 0, 1]
Twc:
[0.99395072, 0.0431435, -0.10099805, 0.068074554;
 0.024369823, 0.81004637, 0.58585918, -0.14285003;
 0.10708912, -0.58477646, 0.80409473, -2.2732975;
 0, 0, 0, 1]
Ow:
[0.1792639;
 -1.2165927;
 1.918512]
Keyframe: 45 Frame: 282 Frame from vFrameID : 283
Tcw:
[0.99008775, 0.02687818, 0.13785422, 0.16768603;
 0.055183668, 0.82813686, -0.55780292, -1.2314345;
 -0.12915489, 0.55988115, 0.81844491, 1.8856398;
 0, 0, 0, 1]
Twc:
[0.99008775, 0.055183668, -0.12915489, 0.14547078;
 0.02687818, 0.82813686, 0.55988115, -0.040445007;
 0.13785422, -0.55780292, 0.81844491, -2.2533064;
 0, 0, 0, 1]
Ow:
[0.16768603;
 -1.2314345;
 1.8856398]
Keyframe: 46 Frame: 288 Frame from vFrameID : 289
Tcw:
[0.9889285, 0.021725578, 0.14679399, 0.16600037;
 0.065564193, 0.82346314, -0.56356877, -1.2772672;
 -0.13312329, 0.56695366, 0.81292176, 1.985937;
 0, 0, 0, 1]
Twc:
[0.9889285, 0.065564193, -0.13312329, 0.18395498;
 0.021725578, 0.82346314, 0.56695366, -0.077758066;
 0.14679399, -0.56356877, 0.81292176, -2.3586071;
 0, 0, 0, 1]
Ow:
[0.16600037;
 -1.2772672;
 1.985937]
Keyframe: 47 Frame: 293 Frame from vFrameID : 294
Tcw:
[0.99325109, 0.1014618, 0.056194693, 0.25556478;
 -0.047431592, 0.79746634, -0.60149616, -1.3752017;
 -0.10584226, 0.59477133, 0.79689682, 2.237992;
 0, 0, 0, 1]
Twc:
[0.99325109, -0.047431592, -0.10584226, -0.082193874;
 0.1014618, 0.79746634, 0.59477133, -0.26034632;
 0.056194693, -0.60149616, 0.79689682, -2.6249886;
 0, 0, 0, 1]
Ow:
[0.25556478;
 -1.3752017;
 2.237992]
Keyframe: 48 Frame: 297 Frame from vFrameID : 298
Tcw:
[0.99560583, 0.080853172, 0.047241569, 0.24962154;
 -0.035743251, 0.79440695, -0.6063332, -1.3842965;
 -0.086552992, 0.60198033, 0.7938062, 2.2507596;
 0, 0, 0, 1]
Twc:
[0.99560583, -0.035743251, -0.086552992, -0.10319398;
 0.080853172, 0.79440695, 0.60198033, -0.2754007;
 0.047241569, -0.6063332, 0.7938062, -2.6378043;
 0, 0, 0, 1]
Ow:
[0.24962154;
 -1.3842965;
 2.2507596]
Keyframe: 49 Frame: 301 Frame from vFrameID : 302
Tcw:
[0.99592173, 0.06817551, 0.059093136, 0.25837147;
 -0.019828517, 0.8043611, -0.59380972, -1.3927573;
 -0.088015504, 0.59021628, 0.80243254, 2.2618256;
 0, 0, 0, 1]
Twc:
[0.99592173, -0.019828517, -0.088015504, -0.08585836;
 0.06817551, 0.8043611, 0.59021628, -0.23230098;
 0.059093136, -0.59380972, 0.80243254, -2.6572633;
 0, 0, 0, 1]
Ow:
[0.25837147;
 -1.3927573;
 2.2618256]
Keyframe: 50 Frame: 306 Frame from vFrameID : 307
Tcw:
[0.99482149, 0.064464577, 0.07857839, 0.19495295;
 -0.0049906475, 0.80317128, -0.59572726, -1.4527518;
 -0.10151522, 0.59225011, 0.79933375, 2.4064302;
 0, 0, 0, 1]
Twc:
[0.99482149, -0.0049906475, -0.10151522, 0.043095727;
 0.064464577, 0.80317128, 0.59225011, -0.27096772;
 0.07857839, -0.59572726, 0.79933375, -2.8043039;
 0, 0, 0, 1]
Ow:
[0.19495295;
 -1.4527518;
 2.4064302]
Keyframe: 51 Frame: 311 Frame from vFrameID : 312
Tcw:
[0.98912877, 0.0802444, 0.12322769, 0.22944143;
 0.0080881584, 0.80703223, -0.59045202, -1.4818863;
 -0.14682919, 0.58502978, 0.79760975, 2.4205906;
 0, 0, 0, 1]
Twc:
[0.98912877, 0.0080881584, -0.14682919, 0.14045197;
 0.0802444, 0.80703223, 0.58502978, -0.23859905;
 0.12322769, -0.59045202, 0.79760975, -2.8339431;
 0, 0, 0, 1]
Ow:
[0.22944143;
 -1.4818863;
 2.4205906]
Keyframe: 52 Frame: 317 Frame from vFrameID : 318
Tcw:
[0.98080903, 0.10219277, 0.16604294, 0.23470461;
 0.0086987354, 0.82784545, -0.56088877, -1.5269578;
 -0.19477667, 0.55156916, 0.81106937, 2.4943209;
 0, 0, 0, 1]
Twc:
[0.98080903, 0.0086987354, -0.19477667, 0.26891774;
 0.10219277, 0.82784545, 0.55156916, -0.1356906;
 0.16604294, -0.56088877, 0.81106937, -2.9184918;
 0, 0, 0, 1]
Ow:
[0.23470461;
 -1.5269578;
 2.4943209]
Keyframe: 53 Frame: 323 Frame from vFrameID : 324
Tcw:
[0.98116231, 0.090165012, 0.17085329, 0.21826106;
 0.018024828, 0.83781594, -0.54565513, -1.5893054;
 -0.19234261, 0.53845584, 0.82040823, 2.5721076;
 0, 0, 0, 1]
Twc:
[0.98116231, 0.018024828, -0.19234261, 0.30922332;
 0.090165012, 0.83781594, 0.53845584, -0.07310047;
 0.17085329, -0.54565513, 0.82040823, -3.0146816;
 0, 0, 0, 1]
Ow:
[0.21826106;
 -1.5893054;
 2.5721076]
Keyframe: 54 Frame: 328 Frame from vFrameID : 329
Tcw:
[0.99138665, 0.065641209, 0.11333007, 0.19059254;
 0.013360579, 0.81012601, -0.5861035, -1.5549301;
 -0.13028418, 0.58256936, 0.80227113, 2.7115717;
 0, 0, 0, 1]
Twc:
[0.99138665, 0.013360579, -0.13028418, 0.18509874;
 0.065641209, 0.81012601, 0.58256936, -0.33249995;
 0.11333007, -0.5861035, 0.80227113, -3.1083655;
 0, 0, 0, 1]
Ow:
[0.19059254;
 -1.5549301;
 2.7115717]
Keyframe: 55 Frame: 333 Frame from vFrameID : 334
Tcw:
[0.99535513, 0.054188501, 0.079572499, 0.27806544;
 -0.0014843002, 0.83508348, -0.55012119, -1.5992062;
 -0.096259922, 0.54744786, 0.83128506, 2.650969;
 0, 0, 0, 1]
Twc:
[0.99535513, -0.0014843002, -0.096259922, -0.02396548;
 0.054188501, 0.83508348, 0.54744786, -0.13086446;
 0.079572499, -0.55012119, 0.83128506, -3.1055946;
 0, 0, 0, 1]
Ow:
[0.27806544;
 -1.5992062;
 2.650969]
Keyframe: 56 Frame: 339 Frame from vFrameID : 340
Tcw:
[0.99549085, 0.050714817, 0.080162086, 0.20728761;
 0.0016491493, 0.83569783, -0.549187, -1.6488454;
 -0.094843201, 0.54684287, 0.83184594, 2.8584168;
 0, 0, 0, 1]
Twc:
[0.99549085, 0.0016491493, -0.094843201, 0.067467667;
 0.050714817, 0.83569783, 0.54684287, -0.19568072;
 0.080162086, -0.549187, 0.83184594, -3.2999034;
 0, 0, 0, 1]
Ow:
[0.20728761;
 -1.6488454;
 2.8584168]
Keyframe: 57 Frame: 344 Frame from vFrameID : 345
Tcw:
[0.99071896, 0.058141761, 0.12286364, 0.17354845;
 0.021758765, 0.82440621, -0.56558019, -1.7008996;
 -0.13417338, 0.56300443, 0.81548977, 2.9877148;
 0, 0, 0, 1]
Twc:
[0.99071896, 0.021758765, -0.13417338, 0.2659435;
 0.058141761, 0.82440621, 0.56300443, -0.28995475;
 0.12286364, -0.56558019, 0.81548977, -3.4197688;
 0, 0, 0, 1]
Ow:
[0.17354845;
 -1.7008996;
 2.9877148]
Keyframe: 58 Frame: 350 Frame from vFrameID : 351
Tcw:
[0.98278362, 0.061488241, 0.17422853, 0.19624534;
 0.042184137, 0.84341359, -0.53560627, -1.7181323;
 -0.1798802, 0.53373474, 0.82629919, 3.0315511;
 0, 0, 0, 1]
Twc:
[0.98278362, 0.042184137, -0.1798802, 0.4249272;
 0.061488241, 0.84341359, 0.53373474, -0.18101481;
 0.17422853, -0.53560627, 0.82629919, -3.4594021;
 0, 0, 0, 1]
Ow:
[0.19624534;
 -1.7181323;
 3.0315511]
Keyframe: 59 Frame: 355 Frame from vFrameID : 356
Tcw:
[0.98324591, 0.051722262, 0.17479222, 0.23846641;
 0.050585054, 0.84381574, -0.53424352, -1.7096772;
 -0.1751247, 0.53413463, 0.82706201, 3.100744;
 0, 0, 0, 1]
Twc:
[0.98324591, 0.050585054, -0.1751247, 0.39502981;
 0.051722262, 0.84381574, 0.53413463, -0.22589612;
 0.17479222, -0.53424352, 0.82706201, -3.5195735;
 0, 0, 0, 1]
Ow:
[0.23846641;
 -1.7096772;
 3.100744]
Keyframe: 60 Frame: 361 Frame from vFrameID : 362
Tcw:
[0.99471104, 0.04773844, 0.090945013, 0.27876899;
 0.0099791475, 0.8363232, -0.54814589, -1.7499732;
 -0.10222705, 0.54615432, 0.83142352, 3.2121875;
 0, 0, 0, 1]
Twc:
[0.99471104, 0.0099791475, -0.10222705, 0.068541117;
 0.04773844, 0.8363232, 0.54615432, -0.30411488;
 0.090945013, -0.54814589, 0.83142352, -3.6552815;
 0, 0, 0, 1]
Ow:
[0.27876899;
 -1.7499732;
 3.2121875]
Keyframe: 61 Frame: 366 Frame from vFrameID : 367
Tcw:
[0.99659568, 0.043196119, 0.070222266, 0.2745198;
 0.0018482461, 0.83983362, -0.54284072, -1.7540739;
 -0.082423635, 0.5411225, 0.83689469, 3.2453854;
 0, 0, 0, 1]
Twc:
[0.99659568, 0.0018482461, -0.082423635, -0.0028468187;
 0.043196119, 0.83983362, 0.5411225, -0.29487917;
 0.070222266, -0.54284072, 0.83689469, -3.6875062;
 0, 0, 0, 1]
Ow:
[0.2745198;
 -1.7540739;
 3.2453854]
Keyframe: 62 Frame: 370 Frame from vFrameID : 371
Tcw:
[0.99705201, 0.026109166, 0.072150007, 0.2880809;
 0.017047688, 0.84144115, -0.54007977, -1.7772907;
 -0.074811019, 0.53971761, 0.83851546, 3.2715337;
 0, 0, 0, 1]
Twc:
[0.99705201, 0.017047688, -0.074811019, -0.012186171;
 0.026109166, 0.84144115, 0.53971761, -0.27774042;
 0.072150007, -0.54007977, 0.83851546, -3.7238955;
 0, 0, 0, 1]
Ow:
[0.2880809;
 -1.7772907;
 3.2715337]
Keyframe: 63 Frame: 376 Frame from vFrameID : 377
Tcw:
[0.99598098, 0.065781772, 0.060783952, 0.32948363;
 -0.022488827, 0.84058696, -0.54120958, -1.8419831;
 -0.086695924, 0.53766751, 0.83868796, 3.3913205;
 0, 0, 0, 1]
Twc:
[0.99598098, -0.022488827, -0.086695924, -0.075569823;
 0.065781772, 0.84058696, 0.53766751, -0.29672965;
 0.060783952, -0.54120958, 0.83868796, -3.8611858;
 0, 0, 0, 1]
Ow:
[0.32948363;
 -1.8419831;
 3.3913205]
Keyframe: 64 Frame: 381 Frame from vFrameID : 382
Tcw:
[0.98960674, 0.08736828, 0.11421604, 0.35225469;
 -0.015016153, 0.8527112, -0.52216673, -1.846238;
 -0.14301412, 0.51502466, 0.84516066, 3.4020052;
 0, 0, 0, 1]
Twc:
[0.98960674, -0.015016153, -0.14301412, 0.11021776;
 0.08736828, 0.8527112, 0.51502466, -0.20858449;
 0.11421604, -0.52216673, 0.84516066, -3.8795185;
 0, 0, 0, 1]
Ow:
[0.35225469;
 -1.846238;
 3.4020052]
Keyframe: 65 Frame: 386 Frame from vFrameID : 387
Tcw:
[0.98182553, 0.10482492, 0.15820976, 0.27208403;
 -0.0077209258, 0.85499513, -0.51857859, -1.8576519;
 -0.18962853, 0.50793219, 0.84026539, 3.4833438;
 0, 0, 0, 1]
Twc:
[0.98182553, -0.0077209258, -0.18962853, 0.37905952;
 0.10482492, 0.85499513, 0.50793219, -0.20954034;
 0.15820976, -0.51857859, 0.84026539, -3.9333181;
 0, 0, 0, 1]
Ow:
[0.27208403;
 -1.8576519;
 3.4833438]
Keyframe: 66 Frame: 392 Frame from vFrameID : 393
Tcw:
[0.99003023, 0.079816848, 0.11605787, 0.30556393;
 -0.011398066, 0.8666473, -0.49879104, -1.8759065;
 -0.14039317, 0.49249536, 0.85891682, 3.4737084;
 0, 0, 0, 1]
Twc:
[0.99003023, -0.011398066, -0.14039317, 0.1637857;
 0.079816848, 0.8666473, 0.49249536, -0.10942508;
 0.11605787, -0.49879104, 0.85891682, -3.9547749;
 0, 0, 0, 1]
Ow:
[0.30556393;
 -1.8759065;
 3.4737084]
Keyframe: 67 Frame: 397 Frame from vFrameID : 398
Tcw:
[0.99745476, 0.053340271, 0.04731553, 0.35497189;
 -0.020259023, 0.84826046, -0.52919161, -1.9458816;
 -0.068363123, 0.52688617, 0.8471821, 3.7101145;
 0, 0, 0, 1]
Twc:
[0.99745476, -0.020259023, -0.068363123, -0.13985509;
 0.053340271, 0.84826046, 0.52688617, -0.32312763;
 0.04731553, -0.52919161, 0.8471821, -4.1896825;
 0, 0, 0, 1]
Ow:
[0.35497189;
 -1.9458816;
 3.7101145]
Keyframe: 68 Frame: 401 Frame from vFrameID : 402
Tcw:
[0.99748051, 0.033389863, 0.062592253, 0.33582753;
 0.0038678288, 0.8554008, -0.51795226, -1.8951803;
 -0.070835814, 0.51688933, 0.85311645, 3.5652614;
 0, 0, 0, 1]
Twc:
[0.99748051, 0.0038678288, -0.070835814, -0.075102963;
 0.033389863, 0.8554008, 0.51688933, -0.23292004;
 0.062592253, -0.51795226, 0.85311645, -4.0442162;
 0, 0, 0, 1]
Ow:
[0.33582753;
 -1.8951803;
 3.5652614]
Keyframe: 69 Frame: 407 Frame from vFrameID : 408
Tcw:
[0.99778062, 0.054186445, 0.038699467, 0.28243166;
 -0.028382806, 0.8718456, -0.4889577, -2.0234091;
 -0.060234841, 0.48677412, 0.87144864, 3.879554;
 0, 0, 0, 1]
Twc:
[0.99778062, -0.028382806, -0.060234841, -0.10555056;
 0.054186445, 0.8718456, 0.48677412, -0.13967001;
 0.038699467, -0.4889577, 0.87144864, -4.3811235;
 0, 0, 0, 1]
Ow:
[0.28243166;
 -2.0234091;
 3.879554]
Keyframe: 70 Frame: 411 Frame from vFrameID : 412
Tcw:
[0.9970144, 0.054389425, 0.054809544, 0.28605276;
 -0.020202694, 0.86883926, -0.49468189, -2.0421243;
 -0.074526146, 0.49209768, 0.86734408, 3.9476886;
 0, 0, 0, 1]
Twc:
[0.9970144, -0.020202694, -0.074526146, -0.032249141;
 0.054389425, 0.86883926, 0.49209768, -0.18392871;
 0.054809544, -0.49468189, 0.86734408, -4.4498844;
 0, 0, 0, 1]
Ow:
[0.28605276;
 -2.0421243;
 3.9476886]
Keyframe: 71 Frame: 415 Frame from vFrameID : 416
Tcw:
[0.99531633, 0.057563581, 0.077664949, 0.31372055;
 -0.011475996, 0.86806405, -0.4963195, -2.0300486;
 -0.09598808, 0.49310362, 0.86465895, 3.9367781;
 0, 0, 0, 1]
Twc:
[0.99531633, -0.011475996, -0.09598808, 0.042335745;
 0.057563581, 0.86806405, 0.49310362, -0.1970862;
 0.077664949, -0.4963195, 0.86465895, -4.4358883;
 0, 0, 0, 1]
Ow:
[0.31372055;
 -2.0300486;
 3.9367781]
Keyframe: 72 Frame: 419 Frame from vFrameID : 420
Tcw:
[0.99237525, 0.07152231, 0.10037876, 0.33361456;
 -0.014920205, 0.8781324, -0.47818497, -2.0402594;
 -0.12234674, 0.47304127, 0.872504, 3.9618075;
 0, 0, 0, 1]
Twc:
[0.99237525, -0.014920205, -0.12234674, 0.1232023;
 0.07152231, 0.8781324, 0.47304127, -0.10634135;
 0.10037876, -0.47818497, 0.872504, -4.4658022;
 0, 0, 0, 1]
Ow:
[0.33361456;
 -2.0402594;
 3.9618075]
Keyframe: 73 Frame: 424 Frame from vFrameID : 425
Tcw:
[0.98765427, 0.065699838, 0.14220594, 0.17763382;
 0.012187641, 0.87281859, -0.48789254, -2.0724425;
 -0.15617445, 0.48360232, 0.86124229, 4.1721144;
 0, 0, 0, 1]
Twc:
[0.98765427, 0.012187641, -0.15617445, 0.50139511;
 0.065699838, 0.87281859, 0.48360232, -0.22044814;
 0.14220594, -0.48789254, 0.86124229, -4.6295915;
 0, 0, 0, 1]
Ow:
[0.17763382;
 -2.0724425;
 4.1721144]
Keyframe: 74 Frame: 429 Frame from vFrameID : 430
Tcw:
[0.995664, 0.046385914, 0.080632076, 0.18599781;
 -0.0012143907, 0.8732096, -0.48734331, -2.0983305;
 -0.093014568, 0.48513228, 0.86947972, 4.2260485;
 0, 0, 0, 1]
Twc:
[0.995664, -0.0012143907, -0.093014568, 0.20534454;
 0.046385914, 0.8732096, 0.48513228, -0.22653781;
 0.080632076, -0.48734331, 0.86947972, -4.7120681;
 0, 0, 0, 1]
Ow:
[0.18599781;
 -2.0983305;
 4.2260485]
Keyframe: 75 Frame: 434 Frame from vFrameID : 435
Tcw:
[0.99648452, 0.040839113, 0.073148653, 0.19989252;
 -0.0014606346, 0.88147342, -0.47223142, -2.1241615;
 -0.083764106, 0.47046447, 0.87843424, 4.2488136;
 0, 0, 0, 1]
Twc:
[0.99648452, -0.0014606346, -0.083764106, 0.15360564;
 0.040839113, 0.88147342, 0.47046447, -0.13468741;
 0.073148653, -0.47223142, 0.87843424, -4.750021;
 0, 0, 0, 1]
Ow:
[0.19989252;
 -2.1241615;
 4.2488136]
Keyframe: 76 Frame: 438 Frame from vFrameID : 439
Tcw:
[0.99680084, 0.039309304, 0.069590397, 0.20855282;
 -0.002738802, 0.88698173, -0.46179637, -2.118376;
 -0.0798783, 0.46012846, 0.88425183, 4.2788057;
 0, 0, 0, 1]
Twc:
[0.99680084, -0.002738802, -0.0798783, 0.1280963;
 0.039309304, 0.88698173, 0.46012846, -0.098037414;
 0.069590397, -0.46179637, 0.88425183, -4.7763133;
 0, 0, 0, 1]
Ow:
[0.20855282;
 -2.118376;
 4.2788057]
Keyframe: 77 Frame: 443 Frame from vFrameID : 444
Tcw:
[0.99563932, 0.046831604, 0.080679372, 0.22067137;
 -0.0056858268, 0.89371318, -0.44860274, -2.128346;
 -0.093113005, 0.44618779, 0.89008224, 4.297586;
 0, 0, 0, 1]
Twc:
[0.99563932, -0.0056858268, -0.093113005, 0.16835064;
 0.046831604, 0.89371318, 0.44618779, -0.025733931;
 0.080679372, -0.44860274, 0.89008224, -4.7977905;
 0, 0, 0, 1]
Ow:
[0.22067137;
 -2.128346;
 4.297586]
Keyframe: 78 Frame: 448 Frame from vFrameID : 449
Tcw:
[0.99225378, 0.05921071, 0.10920874, 0.21643382;
 -0.00310036, 0.89063257, -0.45471311, -2.1494837;
 -0.12418875, 0.45085219, 0.88391709, 4.3551297;
 0, 0, 0, 1]
Twc:
[0.99225378, -0.00310036, -0.12418875, 0.31943664;
 0.05921071, 0.89063257, 0.45085219, -0.06193478;
 0.10920874, -0.45471311, 0.88391709, -4.8506083;
 0, 0, 0, 1]
Ow:
[0.21643382;
 -2.1494837;
 4.3551297]
Keyframe: 79 Frame: 454 Frame from vFrameID : 455
Tcw:
[0.98473555, 0.066612147, 0.16080651, 0.22432458;
 0.0095838429, 0.90171951, -0.43221527, -2.1635494;
 -0.17379315, 0.42715886, 0.88731688, 4.3846669;
 0, 0, 0, 1]
Twc:
[0.98473555, 0.0095838429, -0.17379315, 0.56185979;
 0.066612147, 0.90171951, 0.42715886, 0.063022718;
 0.16080651, -0.43221527, 0.88731688, -4.8617806;
 0, 0, 0, 1]
Ow:
[0.22432458;
 -2.1635494;
 4.3846669]
Keyframe: 80 Frame: 460 Frame from vFrameID : 461
Tcw:
[0.99139607, 0.075650096, 0.10682183, 0.20965898;
 -0.018652592, 0.88939887, -0.45675129, -2.2347012;
 -0.12956049, 0.45082894, 0.88315761, 4.6027198;
 0, 0, 0, 1]
Twc:
[0.99139607, -0.018652592, -0.12956049, 0.34679255;
 0.075650096, 0.88939887, 0.45082894, -0.10335904;
 0.10682183, -0.45675129, 0.88315761, -5.1080256;
 0, 0, 0, 1]
Ow:
[0.20965898;
 -2.2347012;
 4.6027198]
Keyframe: 81 Frame: 466 Frame from vFrameID : 467
Tcw:
[0.99827844, 0.042439807, 0.040484365, 0.24253173;
 -0.018083395, 0.87932098, -0.47588617, -2.2708452;
 -0.055795267, 0.47433481, 0.87857461, 4.6965718;
 0, 0, 0, 1]
Twc:
[0.99827844, -0.018083395, -0.055795267, -0.021132298;
 0.042439807, 0.87932098, 0.47433481, -0.24123886;
 0.040484365, -0.47588617, 0.87857461, -5.2167716;
 0, 0, 0, 1]
Ow:
[0.24253173;
 -2.2708452;
 4.6965718]
Keyframe: 82 Frame: 472 Frame from vFrameID : 473
Tcw:
[0.99859989, 0.036078986, 0.038685896, 0.24590071;
 -0.015131786, 0.89558351, -0.44463608, -2.2663889;
 -0.050688468, 0.44342813, 0.89487553, 4.6949816;
 0, 0, 0, 1]
Twc:
[0.99859989, -0.015131786, -0.050688468, -0.041869495;
 0.036078986, 0.89558351, 0.44342813, -0.061018445;
 0.038685896, -0.44463608, 0.89487553, -5.2186551;
 0, 0, 0, 1]
Ow:
[0.24590071;
 -2.2663889;
 4.6949816]
Keyframe: 83 Frame: 477 Frame from vFrameID : 478
Tcw:
[0.99558222, 0.063885279, 0.068809032, 0.23340316;
 -0.026467197, 0.89406973, -0.44714513, -2.2756143;
 -0.090086065, 0.44334859, 0.89181083, 4.7645226;
 0, 0, 0, 1]
Twc:
[0.99558222, -0.026467197, -0.090086065, 0.1366159;
 0.063885279, 0.89406973, 0.44334859, -0.092697293;
 0.068809032, -0.44714513, 0.89181083, -5.2826428;
 0, 0, 0, 1]
Ow:
[0.23340316;
 -2.2756143;
 4.7645226]
Keyframe: 84 Frame: 483 Frame from vFrameID : 484
Tcw:
[0.98194653, 0.10522871, 0.15718763, 0.2344811;
 -0.023507768, 0.89242673, -0.45057958, -2.2816119;
 -0.18769234, 0.43874994, 0.87878901, 4.7620955;
 0, 0, 0, 1]
Twc:
[0.98194653, -0.023507768, -0.18769234, 0.60992527;
 0.10522871, 0.89242673, 0.43874994, -0.077871591;
 0.15718763, -0.45057958, 0.87878901, -5.2497821;
 0, 0, 0, 1]
Ow:
[0.2344811;
 -2.2816119;
 4.7620955]
Keyframe: 85 Frame: 489 Frame from vFrameID : 490
Tcw:
[0.98786438, 0.099735618, 0.11906632, 0.25818044;
 -0.039360583, 0.90232176, -0.4292624, -2.3653502;
 -0.15024889, 0.41936651, 0.89529717, 5.001688;
 0, 0, 0, 1]
Twc:
[0.98786438, -0.039360583, -0.15024889, 0.40334916;
 0.099735618, 0.90232176, 0.41936651, 0.011016806;
 0.11906632, -0.4292624, 0.89529717, -5.5240936;
 0, 0, 0, 1]
Ow:
[0.25818044;
 -2.3653502;
 5.001688]
Keyframe: 86 Frame: 495 Frame from vFrameID : 496
Tcw:
[0.98954457, 0.090662315, 0.11216909, 0.24964848;
 -0.035496563, 0.90689325, -0.4198626, -2.347074;
 -0.13979112, 0.41149113, 0.90062952, 4.9157987;
 0, 0, 0, 1]
Twc:
[0.98954457, -0.035496563, -0.13979112, 0.35683355;
 0.090662315, 0.90689325, 0.41149113, 0.083104372;
 0.11216909, -0.4198626, 0.90062952, -5.4407644;
 0, 0, 0, 1]
Ow:
[0.24964848;
 -2.347074;
 4.9157987]
Keyframe: 87 Frame: 501 Frame from vFrameID : 502
Tcw:
[0.99638462, 0.074575961, 0.040695257, 0.24598292;
 -0.051336408, 0.91017878, -0.4110221, -2.4111133;
 -0.067692325, 0.40744695, 0.91071659, 5.217989;
 0, 0, 0, 1]
Twc:
[0.99638462, -0.051336408, -0.067692325, -0.01565367;
 0.074575961, 0.91017878, 0.40744695, 0.050145935;
 0.040695257, -0.4110221, 0.91071659, -5.7531404;
 0, 0, 0, 1]
Ow:
[0.24598292;
 -2.4111133;
 5.217989]
Keyframe: 88 Frame: 506 Frame from vFrameID : 507
Tcw:
[0.99717009, 0.068814732, 0.030271729, 0.25821158;
 -0.051094711, 0.91572034, -0.39855441, -2.4237249;
 -0.055146851, 0.39587981, 0.91664499, 5.2677031;
 0, 0, 0, 1]
Twc:
[0.99717009, -0.051094711, -0.055146851, -0.090823144;
 0.068814732, 0.91572034, 0.39587981, 0.11630815;
 0.030271729, -0.39855441, 0.91664499, -5.8024163;
 0, 0, 0, 1]
Ow:
[0.25821158;
 -2.4237249;
 5.2677031]
Keyframe: 89 Frame: 509 Frame from vFrameID : 510
Tcw:
[0.99641651, 0.067324437, 0.051201481, 0.26261634;
 -0.041245788, 0.91524613, -0.40077838, -2.4194002;
 -0.073844135, 0.39723036, 0.91474319, 5.296886;
 0, 0, 0, 1]
Twc:
[0.99641651, -0.041245788, -0.073844135, 0.029678648;
 0.067324437, 0.91524613, 0.39723036, 0.092582189;
 0.051201481, -0.40077838, 0.91474319, -5.8283801;
 0, 0, 0, 1]
Ow:
[0.26261634;
 -2.4194002;
 5.296886]
Keyframe: 90 Frame: 513 Frame from vFrameID : 514
Tcw:
[0.99296111, 0.088009708, 0.079262726, 0.26660764;
 -0.047216479, 0.90787911, -0.41656464, -2.4151714;
 -0.10862271, 0.40989, 0.90564412, 5.3323121;
 0, 0, 0, 1]
Twc:
[0.99296111, -0.047216479, -0.10862271, 0.20044325;
 0.088009708, 0.90787911, 0.40989, -0.016441625;
 0.079262726, -0.41656464, 0.90564412, -5.8563843;
 0, 0, 0, 1]
Ow:
[0.26660764;
 -2.4151714;
 5.3323121]
Keyframe: 91 Frame: 517 Frame from vFrameID : 518
Tcw:
[0.98850161, 0.10423323, 0.10954474, 0.28623945;
 -0.05360252, 0.91895485, -0.3907029, -2.4196692;
 -0.14139089, 0.38033858, 0.91397548, 5.3586683;
 0, 0, 0, 1]
Twc:
[0.98850161, -0.05360252, -0.14139089, 0.34501836;
 0.10423323, 0.91895485, 0.38033858, 0.15562284;
