Keyframe: 0 Frame: 0 Frame from vFrameID : 49
Tcw:
[0.96007532, 0.18315592, 0.21144581, -0.017961726;
 0.22136873, -0.035302918, -0.97455096, -0.041297942;
 -0.17103013, 0.98244983, -0.074438453, -0.0070653893;
 0, 0, 0, 1]
Twc:
[0.96007532, 0.22136873, -0.17103013, 0.025178287;
 0.18315592, -0.035302918, 0.98244983, 0.0087732486;
 0.21144581, -0.97455096, -0.074438453, -0.036974955;
 0, 0, 0, 1]
Ow:
[-0.017961726;
 -0.041297942;
 -0.0070653893]
Keyframe: 1 Frame: 54 Frame from vFrameID : 49
Tcw:
[0.95308733, 0.20687054, 0.220973, -0.017476235;
 0.23767342, -0.059379719, -0.96952844, -0.046171699;
 -0.18744555, 0.97656471, -0.10576168, -0.0021478389;
 0, 0, 0, 1]
Twc:
[0.95308733, 0.23767342, -0.18744555, 0.027227562;
 0.20687054, -0.059379719, 0.97656471, 0.00297116;
 0.220973, -0.96952844, -0.10576168, -0.041130155;
 0, 0, 0, 1]
Ow:
[-0.017476235;
 -0.046171699;
 -0.0021478389]
Keyframe: 2 Frame: 57 Frame from vFrameID : 58
Tcw:
[0.94965386, 0.21219425, 0.23050199, -0.01761264;
 0.2451807, -0.045309942, -0.968418, -0.046716318;
 -0.1950487, 0.9761765, -0.095054701, -0.0030184262;
 0, 0, 0, 1]
Twc:
[0.94965386, 0.2451807, -0.1950487, 0.027591111;
 0.21219425, -0.045309942, 0.9761765, 0.0045671044;
 0.23050199, -0.968418, -0.095054701, -0.041468091;
 0, 0, 0, 1]
Ow:
[-0.01761264;
 -0.046716318;
 -0.0030184262]
Keyframe: 3 Frame: 60 Frame from vFrameID : 61
Tcw:
[0.9381628, 0.20769835, 0.27696916, -0.016611207;
 0.29032686, -0.036227867, -0.95624155, -0.05006519;
 -0.18857577, 0.97752184, -0.094288051, -0.0026739426;
 0, 0, 0, 1]
Twc:
[0.9381628, 0.29032686, -0.18857577, 0.029615048;
 0.20769835, -0.036227867, 0.97752184, 0.0042502028;
 0.27696916, -0.95624155, -0.094288051, -0.043525741;
 0, 0, 0, 1]
Ow:
[-0.016611207;
 -0.05006519;
 -0.0026739426]
Keyframe: 4 Frame: 64 Frame from vFrameID : 65
Tcw:
[0.93237728, 0.21989128, 0.28691533, -0.013811219;
 0.29716, -0.014285307, -0.95472085, -0.051595148;
 -0.2058361, 0.97541976, -0.078662187, -0.0023359242;
 0, 0, 0, 1]
Twc:
[0.93237728, 0.29716, -0.2058361, 0.027728466;
 0.21989128, -0.014285307, 0.97541976, 0.0045784214;
 0.28691533, -0.95472085, -0.078662187, -0.045480061;
 0, 0, 0, 1]
Ow:
[-0.013811219;
 -0.051595148;
 -0.0023359242]
Keyframe: 5 Frame: 67 Frame from vFrameID : 68
Tcw:
[0.92874557, 0.22799508, 0.29231822, -0.010881734;
 0.30124819, -0.0045937705, -0.95353472, -0.053427961;
 -0.21605837, 0.97365147, -0.072949551, -0.0023360122;
 0, 0, 0, 1]
Twc:
[0.92874557, 0.30124819, -0.21605837, 0.025696723;
 0.22799508, -0.0045937705, 0.97365147, 0.0045100073;
 0.29231822, -0.95353472, -0.072949551, -0.047934894;
 0, 0, 0, 1]
Ow:
[-0.010881734;
 -0.053427961;
 -0.0023360122]
Keyframe: 6 Frame: 71 Frame from vFrameID : 72
Tcw:
[0.92170799, 0.24559045, 0.30023286, 0.0019002836;
 0.31154642, -0.0076284623, -0.95020032, -0.064759031;
 -0.2310698, 0.96934366, -0.083544038, 0.010272186;
 0, 0, 0, 1]
Twc:
[0.92170799, 0.31154642, -0.2310698, 0.020797532;
 0.24559045, -0.0076284623, 0.96934366, -0.010917981;
 0.30023286, -0.95020032, -0.083544038, -0.061246403;
 0, 0, 0, 1]
Ow:
[0.0019002836;
 -0.064759031;
 0.010272186]
Keyframe: 7 Frame: 76 Frame from vFrameID : 77
Tcw:
[0.93273431, 0.25636056, 0.25354674, 0.016522616;
 0.27759135, -0.061792549, -0.95870996, -0.10129403;
 -0.23010811, 0.96460402, -0.1287995, 0.057108741;
 0, 0, 0, 1]
Twc:
[0.93273431, 0.27759135, -0.23010811, 0.025848316;
 0.25636056, -0.061792549, 0.96460402, -0.065582283;
 0.25354674, -0.95870996, -0.1287995, -0.093945272;
 0, 0, 0, 1]
Ow:
[0.016522616;
 -0.10129403;
 0.057108741]
Keyframe: 8 Frame: 81 Frame from vFrameID : 82
Tcw:
[0.94725466, 0.23402223, 0.21895705, 0.0093114693;
 0.24812593, -0.10312694, -0.96322292, -0.14713682;
 -0.2028352, 0.96674633, -0.15575446, 0.10476497;
 0, 0, 0, 1]
Twc:
[0.94725466, 0.24812593, -0.2028352, 0.048938151;
 0.23402223, -0.10312694, 0.96674633, -0.11863401;
 0.21895705, -0.96322292, -0.15575446, -0.12744676;
 0, 0, 0, 1]
Ow:
[0.0093114693;
 -0.14713682;
 0.10476497]
Keyframe: 9 Frame: 86 Frame from vFrameID : 87
Tcw:
[0.95536631, 0.2183844, 0.19895589, 0.017720545;
 0.22530566, -0.10300882, -0.96882743, -0.19084959;
 -0.19108258, 0.97041094, -0.1476144, 0.1130156;
 0, 0, 0, 1]
Twc:
[0.95536631, 0.22530566, -0.19108258, 0.047665194;
 0.2183844, -0.10300882, 0.97041094, -0.13320066;
 0.19895589, -0.96882743, -0.1476144, -0.17174318;
 0, 0, 0, 1]
Ow:
[0.017720545;
 -0.19084959;
 0.1130156]
Keyframe: 10 Frame: 92 Frame from vFrameID : 93
Tcw:
[0.9601928, 0.18801145, 0.20659487, 0.0082370862;
 0.23016019, -0.1133937, -0.96652377, -0.23470163;
 -0.15829098, 0.97559905, -0.15215257, 0.14472952;
 0, 0, 0, 1]
Twc:
[0.9601928, 0.23016019, -0.15829098, 0.069019161;
 0.18801145, -0.1133937, 0.97559905, -0.16936034;
 0.20659487, -0.96652377, -0.15215257, -0.20652547;
 0, 0, 0, 1]
Ow:
[0.0082370862;
 -0.23470163;
 0.14472952]
Keyframe: 11 Frame: 98 Frame from vFrameID : 99
Tcw:
[0.95514846, 0.21223842, 0.20650971, -0.00018220395;
 0.23227419, -0.10438589, -0.96703273, -0.2727811;
 -0.1836848, 0.9716267, -0.14900152, 0.17722391;
 0, 0, 0, 1]
Twc:
[0.95514846, 0.23227419, -0.1836848, 0.096087381;
 0.21223842, -0.10438589, 0.9716267, -0.20063131;
 0.20650971, -0.96703273, -0.14900152, -0.23734398;
 0, 0, 0, 1]
Ow:
[-0.00018220395;
 -0.2727811;
 0.17722391]
Keyframe: 12 Frame: 105 Frame from vFrameID : 106
Tcw:
[0.93631947, 0.22350191, 0.27083719, -0.067147359;
 0.29163936, -0.065367699, -0.95429218, -0.32164228;
 -0.19558211, 0.97250909, -0.126387, 0.22911207;
 0, 0, 0, 1]
Twc:
[0.93631947, 0.29163936, -0.19558211, 0.20148516;
 0.22350191, -0.065367699, 0.97250909, -0.22883105;
 0.27083719, -0.95429218, -0.126387, -0.25979793;
 0, 0, 0, 1]
Ow:
[-0.067147359;
 -0.32164228;
 0.22911207]
Keyframe: 13 Frame: 113 Frame from vFrameID : 114
Tcw:
[0.92659366, 0.23481973, 0.29374117, -0.14741322;
 0.31230068, -0.045330551, -0.94890118, -0.35458368;
 -0.20950526, 0.97098136, -0.11533736, 0.36039311;
 0, 0, 0, 1]
Twc:
[0.92659366, 0.31230068, -0.20950526, 0.32283315;
 0.23481973, -0.045330551, 0.97098136, -0.33139297;
 0.29374117, -0.94890118, -0.11533736, -0.25159675;
 0, 0, 0, 1]
Ow:
[-0.14741322;
 -0.35458368;
 0.36039311]
Keyframe: 14 Frame: 120 Frame from vFrameID : 121
Tcw:
[0.94101399, 0.22045361, 0.25669602, -0.12102158;
 0.27751294, -0.068780504, -0.95825666, -0.41286874;
 -0.19359545, 0.97296941, -0.12590215, 0.39919382;
 0, 0, 0, 1]
Twc:
[0.94101399, 0.27751294, -0.19359545, 0.30574155;
 0.22045361, -0.068780504, 0.97296941, -0.39012104;
 0.25669602, -0.95825666, -0.12590215, -0.31430912;
 0, 0, 0, 1]
Ow:
[-0.12102158;
 -0.41286874;
 0.39919382]
Keyframe: 15 Frame: 128 Frame from vFrameID : 129
Tcw:
[0.96237916, 0.20149188, 0.18228394, -0.067148462;
 0.20689003, -0.1085263, -0.97232634, -0.49242514;
 -0.17613326, 0.9734593, -0.14613011, 0.45572755;
 0, 0, 0, 1]
Twc:
[0.96237916, 0.20689003, -0.17613326, 0.24676894;
 0.20149188, -0.1085263, 0.9734593, -0.48354349;
 0.18228394, -0.97232634, -0.14613011, -0.39996237;
 0, 0, 0, 1]
Ow:
[-0.067148462;
 -0.49242514;
 0.45572755]
Keyframe: 16 Frame: 136 Frame from vFrameID : 137
Tcw:
[0.96982157, 0.17977668, 0.16470118, -0.017034374;
 0.18157844, -0.081745811, -0.9799729, -0.50274485;
 -0.16271265, 0.98030502, -0.11192242, 0.45306364;
 0, 0, 0, 1]
Twc:
[0.96982157, 0.18157844, -0.16271265, 0.18152711;
 0.17977668, -0.081745811, 0.98030502, -0.48217547;
 0.16470118, -0.9799729, -0.11192242, -0.43916276;
 0, 0, 0, 1]
Ow:
[-0.017034374;
 -0.50274485;
 0.45306364]
Keyframe: 17 Frame: 144 Frame from vFrameID : 145
Tcw:
[0.95333093, 0.22990851, 0.19570954, 0.021116301;
 0.21886384, -0.079697281, -0.9724952, -0.58466697;
 -0.20798741, 0.96994352, -0.12629654, 0.46984735;
 0, 0, 0, 1]
Twc:
[0.95333093, 0.21886384, -0.20798741, 0.20555396;
 0.22990851, -0.079697281, 0.96994352, -0.50717658;
 0.19570954, -0.9724952, -0.12629654, -0.51337838;
 0, 0, 0, 1]
Ow:
[0.021116301;
 -0.58466697;
 0.46984735]
Keyframe: 18 Frame: 152 Frame from vFrameID : 153
Tcw:
[0.93409795, 0.25135446, 0.25353894, -0.077081323;
 0.27724615, -0.06327296, -0.95871323, -0.61970377;
 -0.22493468, 0.96582478, -0.1287902, 0.60797381;
 0, 0, 0, 1]
Twc:
[0.93409795, 0.27724615, -0.22493468, 0.38056642;
 0.25135446, -0.06327296, 0.96582478, -0.60703194;
 0.25353894, -0.95871323, -0.1287902, -0.49627405;
 0, 0, 0, 1]
Ow:
[-0.077081323;
 -0.61970377;
 0.60797381]
Keyframe: 19 Frame: 161 Frame from vFrameID : 162
Tcw:
[0.94743335, 0.23886459, 0.21287018, -0.12415025;
 0.22326396, -0.017007131, -0.97460961, -0.66031778;
 -0.22917943, 0.97090393, -0.06944298, 0.72435719;
 0, 0, 0, 1]
Twc:
[0.94743335, 0.22326396, -0.22917943, 0.43105701;
 0.23886459, -0.017007131, 0.97090393, -0.68485624;
 0.21287018, -0.97460961, -0.06944298, -0.56682271;
 0, 0, 0, 1]
Ow:
[-0.12415025;
 -0.66031778;
 0.72435719]
Keyframe: 20 Frame: 166 Frame from vFrameID : 167
Tcw:
[0.96204197, 0.1656331, 0.21688913, -0.2224181;
 0.22605368, -0.038413499, -0.97335714, -0.66570497;
 -0.15288869, 0.985439, -0.07439737, 0.73337787;
 0, 0, 0, 1]
Twc:
[0.96204197, 0.22605368, -0.15288869, 0.47658578;
 0.1656331, -0.038413499, 0.985439, -0.71143144;
 0.21688913, -0.97335714, -0.07439737, -0.54516721;
 0, 0, 0, 1]
Ow:
[-0.2224181;
 -0.66570497;
 0.73337787]
Keyframe: 21 Frame: 174 Frame from vFrameID : 175
Tcw:
[0.98071265, 0.13462403, 0.14170058, -0.16742949;
 0.15089631, -0.06070406, -0.98668402, -0.68210047;
 -0.12422958, 0.98903561, -0.079847507, 0.7991544;
 0, 0, 0, 1]
Twc:
[0.98071265, 0.15089631, -0.12422958, 0.36640528;
 0.13462403, -0.06070406, 0.98903561, -0.80925834;
 0.14170058, -0.98668402, -0.079847507, -0.5854823;
 0, 0, 0, 1]
Ow:
[-0.16742949;
 -0.68210047;
 0.7991544]
Keyframe: 22 Frame: 182 Frame from vFrameID : 183
Tcw:
[0.9762246, 0.13794667, 0.16720112, -0.10569577;
 0.17384666, -0.037535839, -0.98405713, -0.71238333;
 -0.12947136, 0.98972815, -0.060624979, 0.83203256;
 0, 0, 0, 1]
Twc:
[0.9762246, 0.17384666, -0.12947136, 0.33475268;
 0.13794667, -0.037535839, 0.98972815, -0.83564556;
 0.16720112, -0.98405713, -0.060624979, -0.63291144;
 0, 0, 0, 1]
Ow:
[-0.10569577;
 -0.71238333;
 0.83203256]
Keyframe: 23 Frame: 192 Frame from vFrameID : 193
Tcw:
[0.95152438, 0.1815889, 0.24824744, -0.090534538;
 0.25376609, -0.0074371714, -0.967237, -0.83447331;
 -0.17379326, 0.9833464, -0.053157758, 0.82765675;
 0, 0, 0, 1]
Twc:
[0.95152438, 0.25376609, -0.17379326, 0.44174805;
 0.1815889, -0.0074371714, 0.9833464, -0.80363941;
 0.24824744, -0.967237, -0.053157758, -0.74066216;
 0, 0, 0, 1]
Ow:
[-0.090534538;
 -0.83447331;
 0.82765675]
Keyframe: 24 Frame: 201 Frame from vFrameID : 202
Tcw:
[0.95244437, 0.19128075, 0.23719478, -0.017462268;
 0.24397615, -0.012365962, -0.96970236, -0.86461693;
 -0.18255226, 0.98145747, -0.058445834, 0.85040951;
 0, 0, 0, 1]
Twc:
[0.95244437, 0.24397615, -0.18255226, 0.38282195;
 0.19128075, -0.012365962, 0.98145747, -0.84199238;
 0.23719478, -0.96970236, -0.058445834, -0.7845763;
 0, 0, 0, 1]
Ow:
[-0.017462268;
 -0.86461693;
 0.85040951]
Keyframe: 25 Frame: 210 Frame from vFrameID : 211
Tcw:
[0.96997446, 0.1742771, 0.16963799, 0.037048787;
 0.17389694, -0.0093515702, -0.98471946, -0.91403902;
 -0.17002767, 0.98465222, -0.039377041, 0.92382294;
 0, 0, 0, 1]
Twc:
[0.96997446, 0.17389694, -0.17002767, 0.28008768;
 0.1742771, -0.0093515702, 0.98465222, -0.92464882;
 0.16963799, -0.98471946, -0.039377041, -0.86997944;
 0, 0, 0, 1]
Ow:
[0.037048787;
 -0.91403902;
 0.92382294]
Keyframe: 26 Frame: 219 Frame from vFrameID : 220
Tcw:
[0.9509812, 0.1999726, 0.23589347, 0.01415436;
 0.24390024, -0.016033418, -0.96966779, -0.98673725;
 -0.19012481, 0.97967029, -0.064020842, 1.0220881;
 0, 0, 0, 1]
Twc:
[0.9509812, 0.24390024, -0.19012481, 0.4215292;
 0.1999726, -0.016033418, 0.97967029, -1.0199605;
 0.23589347, -0.96966779, -0.064020842, -0.89471132;
 0, 0, 0, 1]
Ow:
[0.01415436;
 -0.98673725;
 1.0220881]
Keyframe: 27 Frame: 227 Frame from vFrameID : 228
Tcw:
[0.92284179, 0.23318946, 0.30657095, -0.18716305;
 0.31258059, 0.011684131, -0.94981939, -1.0760207;
 -0.22506988, 0.97236115, -0.062107891, 1.1725671;
 0, 0, 0, 1]
Twc:
[0.92284179, 0.31258059, -0.22506988, 0.77297461;
 0.23318946, 0.011684131, 0.97236115, -1.0839419;
 0.30657095, -0.94981939, -0.062107891, -0.89182085;
 0, 0, 0, 1]
Ow:
[-0.18716305;
 -1.0760207;
 1.1725671]
Keyframe: 28 Frame: 235 Frame from vFrameID : 236
Tcw:
[0.95531648, 0.18559206, 0.23005642, -0.12690495;
 0.242635, -0.047864299, -0.96893615, -1.175439;
 -0.16881536, 0.98146045, -0.090756685, 1.340694;
 0, 0, 0, 1]
Twc:
[0.95531648, 0.242635, -0.16881536, 0.63276678;
 0.18559206, -0.047864299, 0.98146045, -1.3485471;
 0.23005642, -0.96893615, -0.090756685, -0.98805308;
 0, 0, 0, 1]
Ow:
[-0.12690495;
 -1.175439;
 1.340694]
Keyframe: 29 Frame: 243 Frame from vFrameID : 244
Tcw:
[0.96663451, 0.16765097, 0.19367717, -0.027157575;
 0.20303769, -0.040453795, -0.9783349, -1.1960285;
 -0.15618381, 0.98501605, -0.073143497, 1.3903282;
 0, 0, 0, 1]
Twc:
[0.96663451, 0.20303769, -0.15618381, 0.48623708;
 0.16765097, -0.040453795, 0.98501605, -1.4133264;
 0.19367717, -0.9783349, -0.073143497, -1.063163;
 0, 0, 0, 1]
Ow:
[-0.027157575;
 -1.1960285;
 1.3903282]
Keyframe: 30 Frame: 251 Frame from vFrameID : 252
Tcw:
[0.9566527, 0.19766881, 0.21387522, -0.009625867;
 0.22504936, -0.035639357, -0.97369534, -1.2874618;
 -0.18484682, 0.97962075, -0.078579724, 1.3970222;
 0, 0, 0, 1]
Twc:
[0.9566527, 0.22504936, -0.18484682, 0.55718625;
 0.19766881, -0.035639357, 0.97962075, -1.4125338;
 0.21387522, -0.97369534, -0.078579724, -1.1417592;
 0, 0, 0, 1]
Ow:
[-0.009625867;
 -1.2874618;
 1.3970222]
Keyframe: 31 Frame: 259 Frame from vFrameID : 260
Tcw:
[0.93819052, 0.23316814, 0.25579518, -0.20345294;
 0.27171001, -0.038337994, -0.96161526, -1.2772882;
 -0.21441136, 0.9716804, -0.099322453, 1.8053916;
 0, 0, 0, 1]
Twc:
[0.93819052, 0.27171001, -0.21441136, 0.92502606;
 0.23316814, -0.038337994, 0.9716804, -1.7557936;
 0.25579518, -0.96161526, -0.099322453, -0.99690151;
 0, 0, 0, 1]
Ow:
[-0.20345294;
 -1.2772882;
 1.8053916]
Keyframe: 32 Frame: 268 Frame from vFrameID : 269
Tcw:
[0.96113974, 0.18677346, 0.20328827, -0.31330705;
 0.21984342, -0.072457559, -0.97284055, -1.43211;
 -0.16697103, 0.97972727, -0.11070275, 1.8493936;
 0, 0, 0, 1]
Twc:
[0.96113974, 0.21984342, -0.16697103, 0.92476696;
 0.18677346, -0.072457559, 0.97972727, -1.8571512;
 0.20328827, -0.97284055, -0.11070275, -1.1247901;
 0, 0, 0, 1]
Ow:
[-0.31330705;
 -1.43211;
 1.8493936]
Keyframe: 33 Frame: 276 Frame from vFrameID : 277
Tcw:
[0.9697789, 0.15821433, 0.18573412, -0.17702563;
 0.19574717, -0.05011199, -0.97937316, -1.5021966;
 -0.14564337, 0.98613232, -0.079567552, 1.897724;
 0, 0, 0, 1]
Twc:
[0.9697789, 0.19574717, -0.14564337, 0.74211735;
 0.15821433, -0.05011199, 0.98613232, -1.9186771;
 0.18573412, -0.97937316, -0.079567552, -1.2873341;
 0, 0, 0, 1]
Ow:
[-0.17702563;
 -1.5021966;
 1.897724]
Keyframe: 34 Frame: 284 Frame from vFrameID : 285
Tcw:
[0.95969301, 0.18230741, 0.21390033, -0.13683993;
 0.22738241, -0.056326363, -0.97217518, -1.5427976;
 -0.16518651, 0.98162687, -0.095509514, 1.9192718;
 0, 0, 0, 1]
Twc:
[0.95969301, 0.22738241, -0.16518651, 0.79916716;
 0.18230741, -0.056326363, 0.98162687, -1.9459622;
 0.21390033, -0.97217518, -0.095509514, -1.2872906;
 0, 0, 0, 1]
Ow:
[-0.13683993;
 -1.5427976;
 1.9192718]
Keyframe: 35 Frame: 293 Frame from vFrameID : 294
Tcw:
[0.92854756, 0.26770708, 0.25716206, -0.24479136;
 0.25896972, 0.029173933, -0.96544474, -1.5829325;
 -0.26595882, 0.96305859, -0.042238642, 2.0211751;
 0, 0, 0, 1]
Twc:
[0.92854756, 0.25896972, -0.26595882, 1.1747813;
 0.26770708, 0.029173933, 0.96305859, -1.8347971;
 0.25716206, -0.96544474, -0.042238642, -1.3799112;
 0, 0, 0, 1]
Ow:
[-0.24479136;
 -1.5829325;
 2.0211751]
Keyframe: 36 Frame: 300 Frame from vFrameID : 301
Tcw:
[0.94944125, 0.23326743, 0.21011323, -0.18005952;
 0.21345617, 0.011117181, -0.97688937, -1.6302924;
 -0.23021235, 0.97234905, -0.039237265, 2.0317945;
 0, 0, 0, 1]
Twc:
[0.94944125, 0.21345617, -0.23021235, 0.98669612;
 0.23326743, 0.011117181, 0.97234905, -1.9154872;
 0.21011323, -0.97688937, -0.039237265, -1.4750605;
 0, 0, 0, 1]
Ow:
[-0.18005952;
 -1.6302924;
 2.0317945]
Keyframe: 37 Frame: 309 Frame from vFrameID : 310
Tcw:
[0.96135211, 0.2067946, 0.18176377, -0.17644104;
 0.18446922, 0.006290595, -0.98281819, -1.6892394;
 -0.20438489, 0.97836417, -0.032099765, 2.1422315;
 0, 0, 0, 1]
Twc:
[0.96135211, 0.18446922, -0.20438489, 0.91907436;
 0.2067946, 0.006290595, 0.97836417, -2.048769;
 0.18176377, -0.98281819, -0.032099765, -1.5593795;
 0, 0, 0, 1]
Ow:
[-0.17644104;
 -1.6892394;
 2.1422315]
Keyframe: 38 Frame: 316 Frame from vFrameID : 317
Tcw:
[0.93904167, 0.22645876, 0.25868359, -0.32315999;
 0.27069941, -0.02315983, -0.9623853, -1.6842439;
 -0.21194951, 0.97374535, -0.083050296, 2.4070866;
 0, 0, 0, 1]
Twc:
[0.93904167, 0.27069941, -0.21194951, 1.2695653;
 0.22645876, -0.02315983, 0.97374535, -2.3097141;
 0.25868359, -0.9623853, -0.083050296, -1.3373861;
 0, 0, 0, 1]
Ow:
[-0.32315999;
 -1.6842439;
 2.4070866]
Keyframe: 39 Frame: 326 Frame from vFrameID : 327
Tcw:
[0.93147224, 0.22169265, 0.2884647, -0.4669227;
 0.29221189, 0.016447065, -0.95621216, -1.8402936;
 -0.2167296, 0.97497785, -0.049461242, 2.4805946;
 0, 0, 0, 1]
Twc:
[0.93147224, 0.29221189, -0.2167296, 1.5102994;
 0.22169265, 0.016447065, 0.97497785, -2.2847443;
 0.2884647, -0.95621216, -0.049461242, -1.5023271;
 0, 0, 0, 1]
Ow:
[-0.4669227;
 -1.8402936;
 2.4805946]
Keyframe: 40 Frame: 332 Frame from vFrameID : 333
Tcw:
[0.9575029, 0.17936081, 0.22587153, -0.53064167;
 0.23220244, -0.014842644, -0.97255421, -1.7432762;
 -0.17108558, 0.98367137, -0.05585989, 2.7308183;
 0, 0, 0, 1]
Twc:
[0.9575029, 0.23220244, -0.17108558, 1.3800876;
 0.17936081, -0.014842644, 0.98367137, -2.6169264;
 0.22587153, -0.97255421, -0.05585989, -1.4230306;
 0, 0, 0, 1]
Ow:
[-0.53064167;
 -1.7432762;
 2.7308183]
Keyframe: 41 Frame: 339 Frame from vFrameID : 340
Tcw:
[0.96435332, 0.18013389, 0.19384143, -0.35874692;
 0.19634621, 0.0039944858, -0.98052651, -1.8598801;
 -0.17740035, 0.983634, -0.031516515, 2.6568775;
 0, 0, 0, 1]
Twc:
[0.96435332, 0.19634621, -0.17740035, 1.1824701;
 0.18013389, 0.0039944858, 0.983634, -2.5413432;
 0.19384143, -0.98052651, -0.031516515, -1.6703862;
 0, 0, 0, 1]
Ow:
[-0.35874692;
 -1.8598801;
 2.6568775]
Keyframe: 42 Frame: 346 Frame from vFrameID : 347
Tcw:
[0.95201725, 0.20501959, 0.22722273, -0.28587779;
 0.22971717, 0.011877135, -0.97318494, -1.9492604;
 -0.20222074, 0.9786858, -0.035789281, 2.6703272;
 0, 0, 0, 1]
Twc:
[0.95201725, 0.22971717, -0.20222074, 1.2599347;
 0.20501959, 0.011877135, 0.9786858, -2.5316494;
 0.22722273, -0.97318494, -0.035789281, -1.7364639;
 0, 0, 0, 1]
Ow:
[-0.28587779;
 -1.9492604;
 2.6703272]
Keyframe: 43 Frame: 354 Frame from vFrameID : 355
Tcw:
[0.93709219, 0.24146719, 0.25209486, -0.4187991;
 0.24878685, 0.04461538, -0.96753013, -1.7654998;
 -0.24487409, 0.96938282, -0.018265136, 2.7956433;
 0, 0, 0, 1]
Twc:
[0.93709219, 0.24878685, -0.24487409, 1.5162672;
 0.24146719, 0.04461538, 0.96938282, -2.530154;
 0.25209486, -0.96753013, -0.018265136, -1.5515344;
 0, 0, 0, 1]
Ow:
[-0.4187991;
 -1.7654998;
 2.7956433]
Keyframe: 44 Frame: 360 Frame from vFrameID : 361
Tcw:
[0.94784814, 0.23116249, 0.2194262, -0.36680645;
 0.22125596, 0.018312318, -0.97504383, -1.8250425;
 -0.22941177, 0.9727428, -0.033788782, 2.8071077;
 0, 0, 0, 1]
Twc:
[0.94784814, 0.22125596, -0.22941177, 1.3954618;
 0.23116249, 0.018312318, 0.9727428, -2.612381;
 0.2194262, -0.97504383, -0.033788782, -1.6041607;
 0, 0, 0, 1]
Ow:
[-0.36680645;
 -1.8250425;
 2.8071077]
Keyframe: 45 Frame: 367 Frame from vFrameID : 368
Tcw:
[0.96747369, 0.16854505, 0.18864581, -0.30322325;
 0.19388649, -0.01504518, -0.98090857, -1.965829;
 -0.16248909, 0.98557913, -0.047234427, 2.9171793;
 0, 0, 0, 1]
Twc:
[0.96747369, 0.19388649, -0.16248909, 1.1485181;
 0.16854505, -0.01504518, 0.98557913, -2.8535805;
 0.18864581, -0.98090857, -0.047234427, -1.7333056;
 0, 0, 0, 1]
Ow:
[-0.30322325;
 -1.965829;
 2.9171793]
Keyframe: 46 Frame: 374 Frame from vFrameID : 375
Tcw:
[0.9633041, 0.17479594, 0.20369481, -0.30017084;
 0.20416214, 0.015499164, -0.97881436, -2.0278151;
 -0.17424987, 0.98448271, -0.020756302, 2.9770701;
 0, 0, 0, 1]
Twc:
[0.9633041, 0.20416214, -0.17424987, 1.2219129;
 0.17479594, 0.015499164, 0.98448271, -2.8469756;
 0.20369481, -0.97881436, -0.020756302, -1.8619183;
 0, 0, 0, 1]
Ow:
[-0.30017084;
 -2.0278151;
 2.9770701]
Keyframe: 47 Frame: 381 Frame from vFrameID : 382
Tcw:
[0.94879895, 0.22086978, 0.22582529, -0.31182408;
 0.22921893, 0.010491347, -0.97331834, -1.9574476;
 -0.21734582, 0.97524691, -0.040673357, 3.128536;
 0, 0, 0, 1]
Twc:
[0.94879895, 0.22921893, -0.21734582, 1.4245167;
 0.22086978, 0.010491347, 0.97524691, -2.9616861;
 0.22582529, -0.97331834, -0.040673357, -1.7075539;
 0, 0, 0, 1]
Ow:
[-0.31182408;
 -1.9574476;
 3.128536]
Keyframe: 48 Frame: 389 Frame from vFrameID : 390
Tcw:
[0.92630368, 0.21990156, 0.30594903, -0.6073674;
 0.30367559, 0.044932015, -0.95171541, -2.3041494;
 -0.22303061, 0.97448677, -0.025158044, 3.204042;
 0, 0, 0, 1]
Twc:
[0.92630368, 0.30367559, -0.22303061, 1.97692;
 0.21990156, 0.044932015, 0.97448677, -2.8852053;
 0.30594903, -0.95171541, -0.025158044, -1.9264637;
 0, 0, 0, 1]
Ow:
[-0.6073674;
 -2.3041494;
 3.204042]
Keyframe: 49 Frame: 396 Frame from vFrameID : 397
Tcw:
[0.96104079, 0.18398918, 0.20627306, -0.4569352;
 0.20538302, 0.02409393, -0.97838503, -2.1911607;
 -0.1849822, 0.98263294, -0.014633005, 3.2711997;
 0, 0, 0, 1]
Twc:
[0.96104079, 0.20538302, -0.1849822, 1.4942743;
 0.18398918, 0.02409393, 0.98263294, -3.0775237;
 0.20627306, -0.97838503, -0.014633005, -2.001678;
 0, 0, 0, 1]
Ow:
[-0.4569352;
 -2.1911607;
 3.2711997]
Keyframe: 50 Frame: 402 Frame from vFrameID : 403
Tcw:
[0.96288759, 0.17030583, 0.20938809, -0.39518452;
 0.20494436, 0.043468542, -0.97780788, -2.2411981;
 -0.17562819, 0.98443204, 0.0069521014, 3.2795687;
 0, 0, 0, 1]
Twc:
[0.96288759, 0.20494436, -0.17562819, 1.4158238;
 0.17030583, 0.043468542, 0.98443204, -3.0637884;
 0.20938809, -0.97780788, 0.0069521014, -2.1315141;
 0, 0, 0, 1]
Ow:
[-0.39518452;
 -2.2411981;
 3.2795687]
Keyframe: 51 Frame: 410 Frame from vFrameID : 411
Tcw:
[0.94124186, 0.21249837, 0.26250365, -0.32447052;
 0.25459981, 0.06424702, -0.96490997, -2.2184057;
 -0.22190687, 0.97504705, 0.0063699391, 3.308706;
 0, 0, 0, 1]
Twc:
[0.94124186, 0.25459981, -0.22190687, 1.6044356;
 0.21249837, 0.06424702, 0.97504705, -3.0146687;
 0.26250365, -0.96490997, 0.0063699391, -2.0764632;
 0, 0, 0, 1]
Ow:
[-0.32447052;
 -2.2184057;
 3.308706]
Keyframe: 52 Frame: 418 Frame from vFrameID : 419
Tcw:
[0.93445897, 0.24540861, 0.25799438, -0.41091812;
 0.24134047, 0.096214473, -0.96565914, -2.2153244;
 -0.26180387, 0.96463329, 0.030681444, 3.5229168;
 0, 0, 0, 1]
Twc:
[0.93445897, 0.24134047, -0.26180387, 1.8409467;
 0.24540861, 0.096214473, 0.96463329, -3.0843337;
 0.25799438, -0.96565914, 0.030681444, -2.1413217;
 0, 0, 0, 1]
Ow:
[-0.41091812;
 -2.2153244;
 3.5229168]
Keyframe: 53 Frame: 422 Frame from vFrameID : 423
Tcw:
[0.94223899, 0.2196977, 0.25282121, -0.46437013;
 0.23902874, 0.087698132, -0.96704412, -2.2322772;
 -0.23462932, 0.97161824, 0.030118538, 3.5233898;
 0, 0, 0, 1]
Twc:
[0.94223899, 0.23902874, -0.23462932, 1.7978165;
 0.2196977, 0.087698132, 0.97161824, -3.125602;
 0.25282121, -0.96704412, 0.030118538, -2.1474271;
 0, 0, 0, 1]
Ow:
[-0.46437013;
 -2.2322772;
 3.5233898]
Keyframe: 54 Frame: 429 Frame from vFrameID : 430
Tcw:
[0.95429164, 0.22204265, 0.20006141, -0.32944906;
 0.18497849, 0.086982481, -0.97888559, -2.2755046;
 -0.23475619, 0.97114938, 0.041933544, 3.5620077;
 0, 0, 0, 1]
Twc:
[0.95429164, 0.18497849, -0.23475619, 1.5715132;
 0.22204265, 0.086982481, 0.97114938, -3.1881607;
 0.20006141, -0.97888559, 0.041933544, -2.3109162;
 0, 0, 0, 1]
Ow:
[-0.32944906;
 -2.2755046;
 3.5620077]
Keyframe: 55 Frame: 435 Frame from vFrameID : 436
Tcw:
[0.95495725, 0.21760114, 0.2017583, -0.2645995;
 0.18682818, 0.087351732, -0.97850138, -2.3016031;
 -0.23054694, 0.97212112, 0.042763148, 3.5791116;
 0, 0, 0, 1]
Twc:
[0.95495725, 0.18682818, -0.23054694, 1.5078387;
 0.21760114, 0.087351732, 0.97212112, -3.2207036;
 0.2017583, -0.97850138, 0.042763148, -2.3517907;
 0, 0, 0, 1]
Ow:
[-0.2645995;
 -2.3016031;
 3.5791116]
Keyframe: 56 Frame: 441 Frame from vFrameID : 442
Tcw:
[0.94885141, 0.2164938, 0.22980735, -0.25387037;
 0.21781407, 0.078053676, -0.97286415, -2.3323648;
 -0.22855636, 0.97315878, 0.026905943, 3.6059711;
 0, 0, 0, 1]
Twc:
[0.94885141, 0.21781407, -0.22855636, 1.5730748;
 0.2164938, 0.078053676, 0.97315878, -3.2721717;
 0.22980735, -0.97286415, 0.026905943, -2.3077548;
 0, 0, 0, 1]
Ow:
[-0.25387037;
 -2.3323648;
 3.6059711]
Keyframe: 57 Frame: 446 Frame from vFrameID : 447
Tcw:
[0.94557357, 0.2073528, 0.25078961, -0.34737784;
 0.24936062, 0.033439118, -0.96783322, -2.3902991;
 -0.2090691, 0.97769457, -0.020086477, 3.8690457;
 0, 0, 0, 1]
Twc:
[0.94557357, 0.24936062, -0.2090691, 1.7334157;
 0.2073528, 0.033439118, 0.97769457, -3.6307857;
 0.25078961, -0.96783322, -0.020086477, -2.1485765;
 0, 0, 0, 1]
Ow:
[-0.34737784;
 -2.3902991;
 3.8690457]
Keyframe: 58 Frame: 453 Frame from vFrameID : 454
Tcw:
[0.957133, 0.20772596, 0.20185728, -0.31509936;
 0.19615099, 0.047932122, -0.97940153, -2.4226604;
 -0.21312256, 0.97701198, 0.0051317634, 3.8495741;
 0, 0, 0, 1]
Twc:
[0.957133, 0.19615099, -0.21312256, 1.5972303;
 0.20772596, 0.047932122, 0.97701198, -3.5795026;
 0.20185728, -0.97940153, 0.0051317634, -2.3289073;
 0, 0, 0, 1]
Ow:
[-0.31509936;
 -2.4226604;
 3.8495741]
Keyframe: 59 Frame: 460 Frame from vFrameID : 461
Tcw:
[0.96518171, 0.20008504, 0.16849412, -0.30493286;
 0.1538792, 0.086590163, -0.98428822, -2.3852696;
 -0.21153128, 0.97594476, 0.05278632, 3.8110776;
 0, 0, 0, 1]
Twc:
[0.96518171, 0.1538792, -0.21153128, 1.4675211;
 0.20008504, 0.086590163, 0.97594476, -3.4518476;
 0.16849412, -0.98428822, 0.05278632, -2.4975863;
 0, 0, 0, 1]
Ow:
[-0.30493286;
 -2.3852696;
 3.8110776]
Keyframe: 60 Frame: 468 Frame from vFrameID : 469
Tcw:
[0.96395552, 0.20965505, 0.16381252, -0.32005796;
 0.14948095, 0.082579173, -0.98531014, -2.3776114;
 -0.22010274, 0.97428203, 0.048263215, 3.9291425;
 0, 0, 0, 1]
Twc:
[0.96395552, 0.14948095, -0.22010274, 1.5287443;
 0.20965505, 0.082579173, 0.97428203, -3.5646498;
 0.16381252, -0.98531014, 0.048263215, -2.4798882;
 0, 0, 0, 1]
Ow:
[-0.32005796;
 -2.3776114;
 3.9291425]
Keyframe: 61 Frame: 474 Frame from vFrameID : 475
Tcw:
[0.94686562, 0.25495154, 0.19607444, -0.38901186;
 0.18382247, 0.071271464, -0.98037219, -2.3778355;
 -0.26392192, 0.96432364, 0.020618681, 4.033884;
 0, 0, 0, 1]
Twc:
[0.94686562, 0.18382247, -0.26392192, 1.870072;
 0.25495154, 0.071271464, 0.96432364, -3.6213188;
 0.19607444, -0.98037219, 0.020618681, -2.338062;
 0, 0, 0, 1]
Ow:
[-0.38901186;
 -2.3778355;
 4.033884]
Keyframe: 62 Frame: 481 Frame from vFrameID : 482
Tcw:
[0.93478513, 0.2586962, 0.24341942, -0.46409672;
 0.22369164, 0.10360891, -0.96913737, -2.513916;
 -0.27593258, 0.9603861, 0.038983889, 4.0875211;
 0, 0, 0, 1]
Twc:
[0.93478513, 0.22369164, -0.27593258, 2.124053;
 0.2586962, 0.10360891, 0.9603861, -3.5450742;
 0.24341942, -0.96913737, 0.038983889, -2.4827073;
 0, 0, 0, 1]
Ow:
[-0.46409672;
 -2.513916;
 4.0875211]
Keyframe: 63 Frame: 488 Frame from vFrameID : 489
Tcw:
[0.95415193, 0.21956544, 0.20343345, -0.46513474;
 0.18603836, 0.097412311, -0.97770166, -2.5843835;
 -0.23448642, 0.97072232, 0.05209855, 4.2571101;
 0, 0, 0, 1]
Twc:
[0.95415193, 0.18603836, -0.23448642, 1.922838;
 0.21956544, 0.097412311, 0.97072232, -3.7785933;
 0.20343345, -0.97770166, 0.05209855, -2.6539214;
 0, 0, 0, 1]
Ow:
[-0.46513474;
 -2.5843835;
 4.2571101]
Keyframe: 64 Frame: 495 Frame from vFrameID : 496
Tcw:
[0.96502101, 0.19145083, 0.17911178, -0.4531818;
 0.15639426, 0.12793688, -0.97937375, -2.5717845;
 -0.21041693, 0.97312832, 0.093519971, 4.2905903;
 0, 0, 0, 1]
Twc:
[0.96502101, 0.15639426, -0.21041693, 1.7423552;
 0.19145083, 0.12793688, 0.97312832, -3.7595069;
 0.17911178, -0.97937375, 0.093519971, -2.838824;
 0, 0, 0, 1]
Ow:
[-0.4531818;
 -2.5717845;
 4.2905903]
Keyframe: 65 Frame: 502 Frame from vFrameID : 503
Tcw:
[0.9522894, 0.2154287, 0.21618366, -0.54314995;
 0.1863791, 0.15041982, -0.97089481, -2.6808457;
 -0.2416769, 0.96486497, 0.10309179, 4.3320231;
 0, 0, 0, 1]
Twc:
[0.9522894, 0.1863791, -0.2416769, 2.0638394;
 0.2154287, 0.15041982, 0.96486497, -3.6595547;
 0.21618366, -0.97089481, 0.10309179, -2.9319949;
 0, 0, 0, 1]
Ow:
[-0.54314995;
 -2.6808457;
 4.3320231]
Keyframe: 66 Frame: 508 Frame from vFrameID : 509
Tcw:
[0.94143194, 0.25010574, 0.22617035, -0.54612821;
 0.18528701, 0.17670925, -0.96666569, -2.513679;
 -0.28173503, 0.95195639, 0.12001839, 4.4274707;
 0, 0, 0, 1]
Twc:
[0.94143194, 0.18528701, -0.28173503, 2.2272682;
 0.25010574, 0.17670925, 0.95195639, -3.6339788;
 0.22617035, -0.96666569, 0.12001839, -2.8377473;
 0, 0, 0, 1]
Ow:
[-0.54612821;
 -2.513679;
 4.4274707]
Keyframe: 67 Frame: 515 Frame from vFrameID : 516
Tcw:
[0.94407505, 0.19900657, 0.26290423, -0.48442733;
 0.23451555, 0.15523401, -0.95963788, -2.7192111;
 -0.23178592, 0.96762532, 0.099882424, 4.40312;
 0, 0, 0, 1]
Twc:
[0.94407505, 0.23451555, -0.23178592, 2.1156142;
 0.19900657, 0.15523401, 0.96762532, -3.7420523;
 0.26290423, -0.95963788, 0.099882424, -2.9218943;
 0, 0, 0, 1]
Ow:
[-0.48442733;
 -2.7192111;
 4.40312]
Keyframe: 68 Frame: 521 Frame from vFrameID : 522
Tcw:
[0.96471751, 0.23007175, 0.12801202, -0.33988881;
 0.10239779, 0.12006357, -0.98747122, -2.4050629;
 -0.24255881, 0.96573895, 0.092268586, 4.5108051;
 0, 0, 0, 1]
Twc:
[0.96471751, 0.10239779, -0.24255881, 1.6683054;
 0.23007175, 0.12006357, 0.96573895, -3.989301;
 0.12801202, -0.98747122, 0.092268586, -2.7476261;
 0, 0, 0, 1]
Ow:
[-0.33988881;
 -2.4050629;
 4.5108051]
Keyframe: 69 Frame: 527 Frame from vFrameID : 528
Tcw:
[0.96603876, 0.23111777, 0.11555808, -0.31770936;
 0.079499207, 0.15968245, -0.98396206, -2.4825485;
 -0.24586372, 0.95973229, 0.13588576, 4.4986963;
 0, 0, 0, 1]
Twc:
[0.96603876, 0.079499207, -0.24586372, 1.6103466;
 0.23111777, 0.15968245, 0.95973229, -3.8476968;
 0.11555808, -0.98396206, 0.13588576, -3.0173287;
 0, 0, 0, 1]
Ow:
[-0.31770936;
 -2.4825485;
 4.4986963]
Keyframe: 70 Frame: 533 Frame from vFrameID : 534
Tcw:
[0.95862186, 0.24515326, 0.14472036, -0.34381935;
 0.11011435, 0.14948274, -0.98261374, -2.5424643;
 -0.26252416, 0.95789081, 0.11630253, 4.5684052;
 0, 0, 0, 1]
Twc:
[0.95862186, 0.11011435, -0.26252416, 1.8088713;
 0.24515326, 0.14948274, 0.95789081, -3.9116902;
 0.14472036, -0.98261374, 0.11630253, -2.9798198;
 0, 0, 0, 1]
Ow:
[-0.34381935;
 -2.5424643;
 4.5684052]
Keyframe: 71 Frame: 537 Frame from vFrameID : 538
Tcw:
[0.95482904, 0.25595644, 0.15095617, -0.31693196;
 0.1116219, 0.16186224, -0.98048007, -2.5450203;
 -0.27539429, 0.9530409, 0.12598042, 4.5661578;
 0, 0, 0, 1]
Twc:
[0.95482904, 0.1116219, -0.27539429, 1.8441896;
 0.25595644, 0.16186224, 0.9530409, -3.8586714;
 0.15095617, -0.98048007, 0.12598042, -3.0227454;
 0, 0, 0, 1]
Ow:
[-0.31693196;
 -2.5450203;
 4.5661578]
Keyframe: 72 Frame: 542 Frame from vFrameID : 543
Tcw:
[0.9468177, 0.25959733, 0.19011955, -0.45602608;
 0.138492, 0.2045511, -0.96900922, -2.6731071;
 -0.29044136, 0.9438051, 0.15772045, 4.5529122;
 0, 0, 0, 1]
Twc:
[0.9468177, 0.138492, -0.29044136, 2.1243315;
 0.25959733, 0.2045511, 0.9438051, -3.6318917;
 0.19011955, -0.96900922, 0.15772045, -3.2216532;
 0, 0, 0, 1]
Ow:
[-0.45602608;
 -2.6731071;
 4.5529122]
Keyframe: 73 Frame: 544 Frame from vFrameID : 545
Tcw:
[0.95164722, 0.24649563, 0.18332334, -0.38875604;
 0.13480558, 0.20114203, -0.9702419, -2.6603181;
 -0.27603441, 0.94804102, 0.15818727, 4.5751772;
 0, 0, 0, 1]
Twc:
[0.95164722, 0.13480558, -0.27603441, 1.9914907;
 0.24649563, 0.20114203, 0.94804102, -3.706527;
 0.18332334, -0.9702419, 0.15818727, -3.233619;
 0, 0, 0, 1]
Ow:
[-0.38875604;
 -2.6603181;
 4.5751772]
Keyframe: 74 Frame: 548 Frame from vFrameID : 549
Tcw:
[0.96293956, 0.22603241, 0.14716245, -0.46195954;
 0.11659833, 0.14314538, -0.98280936, -2.7188432;
 -0.24321239, 0.96354491, 0.11148535, 4.8556795;
 0, 0, 0, 1]
Twc:
[0.96293956, 0.11659833, -0.24321239, 1.9428129;
 0.22603241, 0.14314538, 0.96354491, -4.1850572;
 0.14716245, -0.98280936, 0.11148535, -3.1454585;
 0, 0, 0, 1]
Ow:
[-0.46195954;
 -2.7188432;
 4.8556795]
Keyframe: 75 Frame: 550 Frame from vFrameID : 551
Tcw:
[0.96517283, 0.21676254, 0.14647669, -0.51109552;
 0.11630637, 0.14599635, -0.9824245, -2.718699;
 -0.2343379, 0.9652456, 0.11570084, 4.8572469;
 0, 0, 0, 1]
Twc:
[0.96517283, 0.11630637, -0.2343379, 1.9477346;
 0.21676254, 0.14599635, 0.9652456, -4.1807299;
 0.14647669, -0.9824245, 0.11570084, -3.1580403;
 0, 0, 0, 1]
Ow:
[-0.51109552;
 -2.718699;
 4.8572469]
Keyframe: 76 Frame: 553 Frame from vFrameID : 554
Tcw:
[0.9709323, 0.21378334, 0.10764356, -0.48308396;
 0.076841064, 0.14751676, -0.9860701, -2.747335;
 -0.22668459, 0.96567875, 0.12680145, 4.8949738;
 0, 0, 0, 1]
Twc:
[0.9709323, 0.076841064, -0.22668459, 1.7897651;
 0.21378334, 0.14751676, 0.96567875, -4.2184191;
 0.10764356, -0.9860701, 0.12680145, -3.2777538;
 0, 0, 0, 1]
Ow:
[-0.48308396;
 -2.747335;
 4.8949738]
Keyframe: 77 Frame: 556 Frame from vFrameID : 557
Tcw:
[0.97484797, 0.19572572, 0.10659657, -0.43433082;
 0.070970915, 0.18076967, -0.9809615, -2.7636566;
 -0.21126883, 0.9638536, 0.16233212, 4.8997989;
 0, 0, 0, 1]
Twc:
[0.97484797, 0.070970915, -0.21126883, 1.6547205;
 0.19572572, 0.18076967, 0.9638536, -4.1380939;
 0.10659657, -0.9809615, 0.16233212, -3.4601371;
 0, 0, 0, 1]
Ow:
[-0.43433082;
 -2.7636566;
 4.8997989]
Keyframe: 78 Frame: 561 Frame from vFrameID : 562
Tcw:
[0.9784655, 0.18673117, 0.087958544, -0.41671103;
 0.055802271, 0.17096177, -0.98369616, -2.8004503;
 -0.19872428, 0.96742105, 0.15686016, 4.9322963;
 0, 0, 0, 1]
Twc:
[0.9784655, 0.055802271, -0.19872428, 1.544176;
 0.18673117, 0.17096177, 0.96742105, -4.2150245;
 0.087958544, -0.98369616, 0.15686016, -3.4918199;
 0, 0, 0, 1]
Ow:
[-0.41671103;
 -2.8004503;
 4.9322963]
Keyframe: 79 Frame: 566 Frame from vFrameID : 567
Tcw:
[0.97242677, 0.20800307, 0.10545542, -0.43911836;
 0.081252158, 0.12167519, -0.98923874, -2.8711219;
 -0.218596, 0.97053069, 0.10141952, 5.0585375;
 0, 0, 0, 1]
Twc:
[0.97242677, 0.081252158, -0.218596, 1.7660714;
 0.20800307, 0.12167519, 0.97053069, -4.4687839;
 0.10545542, -0.98923874, 0.10141952, -3.306952;
 0, 0, 0, 1]
Ow:
[-0.43911836;
 -2.8711219;
 5.0585375]
Keyframe: 80 Frame: 571 Frame from vFrameID : 572
Tcw:
[0.9628796, 0.23228401, 0.13750292, -0.47452652;
 0.10442582, 0.1491892, -0.98327911, -2.8315895;
 -0.24891396, 0.96113825, 0.11939479, 5.0827694;
 0, 0, 0, 1]
Twc:
[0.9628796, 0.10442582, -0.24891396, 2.0177753;
 0.23228401, 0.1491892, 0.96113825, -4.3525767;
 0.13750292, -0.98327911, 0.11939479, -3.3258502;
 0, 0, 0, 1]
Ow:
[-0.47452652;
 -2.8315895;
 5.0827694]
Keyframe: 81 Frame: 577 Frame from vFrameID : 578
Tcw:
[0.96301448, 0.22306699, 0.15114319, -0.64894903;
 0.11677502, 0.16000649, -0.98018444, -2.8791807;
 -0.24283068, 0.96158153, 0.12803993, 5.2178497;
 0, 0, 0, 1]
Twc:
[0.96301448, 0.11677502, -0.24283068, 2.2282176;
 0.22306699, 0.16000649, 0.96158153, -4.4119411;
 0.15114319, -0.98018444, 0.12803993, -3.3921368;
 0, 0, 0, 1]
Ow:
[-0.64894903;
 -2.8791807;
 5.2178497]
Keyframe: 82 Frame: 582 Frame from vFrameID : 583
Tcw:
[0.97493899, 0.20018542, 0.097055443, -0.50629282;
 0.07186275, 0.12949672, -0.98897237, -2.9083917;
 -0.21054621, 0.97116238, 0.11186554, 5.3117795;
 0, 0, 0, 1]
Twc:
[0.97493899, 0.07186275, -0.21054621, 1.8209846;
 0.20018542, 0.12949672, 0.97116238, -4.6806207;
 0.097055443, -0.98897237, 0.11186554, -3.4213855;
 0, 0, 0, 1]
Ow:
[-0.50629282;
 -2.9083917;
 5.3117795]
Keyframe: 83 Frame: 588 Frame from vFrameID : 589
Tcw:
[0.97438443, 0.2091374, 0.082683548, -0.49759641;
 0.047085773, 0.16979386, -0.98435408, -2.9842408;
 -0.21990441, 0.96303248, 0.15559709, 5.2656298;
 0, 0, 0, 1]
Twc:
[0.97438443, 0.047085773, -0.21990441, 1.7833006;
 0.2091374, 0.16979386, 0.96303248, -4.4602008;
 0.082683548, -0.98435408, 0.15559709, -3.7157233;
 0, 0, 0, 1]
Ow:
[-0.49759641;
 -2.9842408;
 5.2656298]
Keyframe: 84 Frame: 594 Frame from vFrameID : 595
Tcw:
[0.96491843, 0.23625332, 0.11452834, -0.47831231;
 0.076875016, 0.16286562, -0.98364884, -2.9720151;
 -0.25104302, 0.95794529, 0.13899007, 5.2889299;
 0, 0, 0, 1]
Twc:
[0.96491843, 0.076875016, -0.25104302, 2.0177553;
 0.23625332, 0.16286562, 0.95794529, -4.4694638;
 0.11452834, -0.98364884, 0.13899007, -3.6037476;
 0, 0, 0, 1]
Ow:
[-0.47831231;
 -2.9720151;
 5.2889299]
Keyframe: 85 Frame: 601 Frame from vFrameID : 602
Tcw:
[0.95187128, 0.25208899, 0.17433357, -0.55198818;
 0.1320595, 0.17596352, -0.97549838, -2.8967025;
 -0.27658874, 0.95157135, 0.13420388, 5.3525004;
 0, 0, 0, 1]
Twc:
[0.95187128, 0.1320595, -0.27658874, 2.3884003;
 0.25208899, 0.17596352, 0.95157135, -4.4444218;
 0.17433357, -0.97549838, 0.13420388, -3.4478252;
 0, 0, 0, 1]
Ow:
[-0.55198818;
 -2.8967025;
 5.3525004]
Keyframe: 86 Frame: 607 Frame from vFrameID : 608
Tcw:
[0.95270663, 0.23083492, 0.19764937, -0.62172508;
 0.16637832, 0.14805163, -0.97488409, -3.0735083;
 -0.25429961, 0.96166313, 0.10264385, 5.4496088;
 0, 0, 0, 1]
Twc:
[0.95270663, 0.16637832, -0.25429961, 2.4895201;
 0.23083492, 0.14805163, 0.96166313, -4.6421337;
 0.19764937, -0.97488409, 0.10264385, -3.4327993;
 0, 0, 0, 1]
Ow:
[-0.62172508;
 -3.0735083;
 5.4496088]
Keyframe: 87 Frame: 613 Frame from vFrameID : 614
Tcw:
[0.97358942, 0.18961182, 0.12716512, -0.58919466;
 0.10681508, 0.11397061, -0.98772526, -3.0615788;
 -0.20177747, 0.97522205, 0.090707175, 5.5321207;
 0, 0, 0, 1]
Twc:
[0.97358942, 0.10681508, -0.20177747, 2.0169139;
 0.18961182, 0.11397061, 0.97522205, -4.9343982;
 0.12716512, -0.98772526, 0.090707175, -3.450877;
 0, 0, 0, 1]
Ow:
[-0.58919466;
 -3.0615788;
 5.5321207]
Keyframe: 88 Frame: 619 Frame from vFrameID : 620
Tcw:
[0.98120308, 0.16393793, 0.10180823, -0.54974747;
 0.079303287, 0.13841718, -0.98719382, -3.0519271;
 -0.17593051, 0.97671133, 0.12281455, 5.6161036;
 0, 0, 0, 1]
Twc:
[0.98120308, 0.079303287, -0.17593051, 1.7694856;
 0.16393793, 0.13841718, 0.97671133, -4.9727483;
 0.10180823, -0.98719382, 0.12281455, -3.6466141;
 0, 0, 0, 1]
Ow:
[-0.54974747;
 -3.0519271;
 5.6161036]
Keyframe: 89 Frame: 627 Frame from vFrameID : 628
Tcw:
[0.9671796, 0.1785447, 0.18079105, -0.53217822;
 0.1589348, 0.13004737, -0.97868657, -3.0933099;
 -0.1982507, 0.97529966, 0.0974022, 5.6690826;
 0, 0, 0, 1]
Twc:
[0.9671796, 0.1589348, -0.1982507, 2.1302462;
 0.1785447, 0.13004737, 0.97529966, -5.0317602;
 0.18079105, -0.97868657, 0.0974022, -3.4833488;
 0, 0, 0, 1]
Ow:
[-0.53217822;
 -3.0933099;
 5.6690826]
Keyframe: 90 Frame: 634 Frame from vFrameID : 635
Tcw:
[0.94575697, 0.22762831, 0.23179546, -0.71527082;
 0.19993794, 0.15454765, -0.96754318, -2.977366;
 -0.25606367, 0.9614054, 0.10065297, 5.8648005;
 0, 0, 0, 1]
Twc:
[0.94575697, 0.19993794, -0.25606367, 2.7735231;
 0.22762831, 0.15454765, 0.9614054, -5.0154905;
 0.23179546, -0.96754318, 0.10065297, -3.3052433;
 0, 0, 0, 1]
Ow:
[-0.71527082;
 -2.977366;
 5.8648005]
Keyframe: 91 Frame: 640 Frame from vFrameID : 641
Tcw:
[0.95134962, 0.22593726, 0.20949061, -0.64062643;
 0.1788889, 0.14854865, -0.97259039, -3.1623225;
 -0.25086397, 0.962749, 0.10090403, 5.864552;
 0, 0, 0, 1]
Twc:
[0.95134962, 0.1788889, -0.25086397, 2.6463687;
 0.22593726, 0.14854865, 0.962749, -5.0315919;
 0.20949061, -0.97259039, 0.10090403, -3.5331962;
 0, 0, 0, 1]
Ow:
[-0.64062643;
 -3.1623225;
 5.864552]
Keyframe: 92 Frame: 646 Frame from vFrameID : 647
Tcw:
[0.96528041, 0.20212843, 0.16546261, -0.60394275;
 0.13069129, 0.17474747, -0.97590119, -3.1151421;
 -0.22617154, 0.96364278, 0.14226387, 5.8981838;
 0, 0, 0, 1]
Twc:
[0.96528041, 0.13069129, -0.22617154, 2.3240972;
 0.20212843, 0.17474747, 0.96364278, -5.0173054;
 0.16546261, -0.97590119, 0.14226387, -3.7792394;
 0, 0, 0, 1]
Ow:
