Keyframe: 0 Frame: 0 Frame from vFrameID : 10
Tcw:
[1, 0, 0, 0;
 0, 1, 0, 0;
 0, 0, 1, 0;
 0, 0, 0, 1]
Twc:
[1, 0, 0, 0;
 0, 1, 0, 0;
 0, 0, 1, 0;
 0, 0, 0, 1]
Ow:
[0;
 0;
 0]
Keyframe: 1 Frame: 9 Frame from vFrameID : 10
Tcw:
[0.99976569, -0.014667469, 0.015919937, -0.027235257;
 0.014602479, 0.99988461, 0.0041908938, 0.0020325219;
 -0.015979569, -0.0039574411, 0.99986446, -0.0043279389;
 0, 0, 0, 1]
Twc:
[0.99976569, 0.014602479, -0.015979569, 0.027130036;
 -0.014667469, 0.99988461, -0.0039574411, -0.0024488871;
 0.015919937, 0.0041908938, 0.99986446, 0.004752418;
 0, 0, 0, 1]
Ow:
[-0.027235257;
 0.0020325219;
 -0.0043279389]
Keyframe: 2 Frame: 10 Frame from vFrameID : 11
Tcw:
[0.99975657, -0.015564243, 0.01563696, -0.027604982;
 0.01549135, 0.99986863, 0.0047719958, 0.002047739;
 -0.015709179, -0.0045285965, 0.99986637, -0.0045596594;
 0, 0, 0, 1]
Twc:
[0.99975657, 0.01549135, -0.015709179, 0.027494913;
 -0.015564243, 0.99986863, -0.0045285965, -0.0024977694;
 0.01563696, 0.0047719958, 0.99986637, 0.0049809362;
 0, 0, 0, 1]
Ow:
[-0.027604982;
 0.002047739;
 -0.0045596594]
Keyframe: 3 Frame: 11 Frame from vFrameID : 12
Tcw:
[0.99974453, -0.015783219, 0.01617825, -0.028066786;
 0.015726438, 0.99986976, 0.00363087, 0.0023264752;
 -0.01623345, -0.0033755163, 0.99986255, -0.0049884534;
 0, 0, 0, 1]
Twc:
[0.99974453, 0.015726438, -0.01623345, 0.02794205;
 -0.015783219, 0.99986976, -0.0033755163, -0.0027859949;
 0.01617825, 0.00363087, 0.99986255, 0.0054333918;
 0, 0, 0, 1]
Ow:
[-0.028066786;
 0.0023264752;
 -0.0049884534]
Keyframe: 4 Frame: 12 Frame from vFrameID : 13
Tcw:
[0.99972278, -0.016162714, 0.017119613, -0.028207852;
 0.016118292, 0.99986637, 0.0027296536, 0.0029374971;
 -0.017161444, -0.0024529581, 0.99984974, -0.0051512965;
 0, 0, 0, 1]
Twc:
[0.99972278, 0.016118292, -0.017161444, 0.028064283;
 -0.016162714, 0.99986637, -0.0024529581, -0.003405656;
 0.017119613, 0.0027296536, 0.99984974, 0.0056254114;
 0, 0, 0, 1]
Ow:
[-0.028207852;
 0.0029374971;
 -0.0051512965]
Keyframe: 5 Frame: 13 Frame from vFrameID : 14
Tcw:
[0.999695, -0.016821468, 0.018081, -0.028073829;
 0.016751695, 0.99985164, 0.0040035401, 0.0024989152;
 -0.018145664, -0.0036994317, 0.99982852, -0.0050943457;
 0, 0, 0, 1]
Twc:
[0.999695, 0.016751695, -0.018145664, 0.027930968;
 -0.016821468, 0.99985164, -0.0036994317, -0.0029896339;
 0.018081, 0.0040035401, 0.99982852, 0.0055910703;
 0, 0, 0, 1]
Ow:
[-0.028073829;
 0.0024989152;
 -0.0050943457]
Keyframe: 6 Frame: 14 Frame from vFrameID : 15
Tcw:
[0.99965227, -0.017216921, 0.019972607, -0.028316595;
 0.017134398, 0.99984396, 0.0042955736, 0.0026178455;
 -0.020043448, -0.0039518611, 0.99979132, -0.0053392905;
 0, 0, 0, 1]
Twc:
[0.99965227, 0.017134398, -0.020043448, 0.028154876;
 -0.017216921, 0.99984396, -0.0039518611, -0.003126062;
 0.019972607, 0.0042955736, 0.99979132, 0.0058924872;
 0, 0, 0, 1]
Ow:
[-0.028316595;
 0.0026178455;
 -0.0053392905]
Keyframe: 7 Frame: 15 Frame from vFrameID : 16
Tcw:
[0.99961603, -0.017157296, 0.021758933, -0.028560704;
 0.017032679, 0.99983752, 0.0058996277, 0.0023090655;
 -0.021856619, -0.0055267494, 0.99974585, -0.0053783176;
 0, 0, 0, 1]
Twc:
[0.99961603, 0.017032679, -0.021856619, 0.028392855;
 -0.017157296, 0.99983752, -0.0055267494, -0.0028284397;
 0.021758933, 0.0058996277, 0.99974585, 0.0059847781;
 0, 0, 0, 1]
Ow:
[-0.028560704;
 0.0023090655;
 -0.0053783176]
Keyframe: 8 Frame: 16 Frame from vFrameID : 17
Tcw:
[0.99959701, -0.016720399, 0.022939455, -0.028481148;
 0.016587378, 0.99984455, 0.0059768981, 0.0024996102;
 -0.023035824, -0.0055939844, 0.99971896, -0.0056165201;
 0, 0, 0, 1]
Twc:
[0.99959701, 0.016587378, -0.023035824, 0.028298829;
 -0.016720399, 0.99984455, -0.0055939844, -0.0030068567;
 0.022939455, 0.0059768981, 0.99971896, 0.006253344;
 0, 0, 0, 1]
Ow:
[-0.028481148;
 0.0024996102;
 -0.0056165201]
Keyframe: 9 Frame: 17 Frame from vFrameID : 18
Tcw:
[0.99959362, -0.017004075, 0.022879295, -0.027708834;
 0.016872935, 0.99984014, 0.0059126574, 0.0023371635;
 -0.022976177, -0.0055242134, 0.99972075, -0.0054016365;
 0, 0, 0, 1]
Twc:
[0.99959362, 0.016872935, -0.022976177, 0.02753403;
 -0.017004075, 0.99984014, -0.0055242134, -0.002837793;
 0.022879295, 0.0059126574, 0.99972075, 0.0060202675;
 0, 0, 0, 1]
Ow:
[-0.027708834;
 0.0023371635;
 -0.0054016365]
Keyframe: 10 Frame: 20 Frame from vFrameID : 21
Tcw:
[0.99959469, -0.016172234, 0.023427887, -0.028067332;
 0.016106827, 0.99986583, 0.0029778797, 0.0023595847;
 -0.023472901, -0.0025993241, 0.99972111, -0.0062607056;
 0, 0, 0, 1]
Twc:
[0.99959469, 0.016106827, -0.023472901, 0.027870996;
 -0.016172234, 0.99986583, -0.0025993241, -0.0028294532;
 0.023427887, 0.0029778797, 0.99972111, 0.006909491;
 0, 0, 0, 1]
Ow:
[-0.028067332;
 0.0023595847;
 -0.0062607056]
Keyframe: 11 Frame: 22 Frame from vFrameID : 23
Tcw:
[0.99959123, -0.015580892, 0.023970352, -0.028370023;
 0.015635634, 0.99987555, -0.0020979636, 0.002237153;
 -0.023934681, 0.0024718978, 0.99971044, -0.0070207543;
 0, 0, 0, 1]
Twc:
[0.99959123, 0.015635634, -0.023934681, 0.028155407;
 -0.015580892, 0.99987555, 0.0024718978, -0.0026615504;
 0.023970352, -0.0020979636, 0.99971044, 0.0077034547;
 0, 0, 0, 1]
Ow:
[-0.028370023;
 0.002237153;
 -0.0070207543]
Keyframe: 12 Frame: 23 Frame from vFrameID : 24
Tcw:
[0.99959004, -0.015611596, 0.023999559, -0.028393641;
 0.01566565, 0.99987513, -0.0020659328, 0.0022090902;
 -0.02396431, 0.0024410547, 0.99970984, -0.0070531117;
 0, 0, 0, 1]
Twc:
[0.99959004, 0.01566565, -0.02396431, 0.028178373;
 -0.015611596, 0.99987513, 0.0024410547, -0.0026348673;
 0.023999559, -0.0020659328, 0.99970984, 0.0077370638;
 0, 0, 0, 1]
Ow:
[-0.028393641;
 0.0022090902;
 -0.0070531117]
Keyframe: 13 Frame: 24 Frame from vFrameID : 25
Tcw:
[0.99958462, -0.015260947, 0.024447422, -0.028405828;
 0.015341523, 0.99987745, -0.0031117175, 0.0022832688;
 -0.024396939, 0.0034854857, 0.99969625, -0.0071193404;
 0, 0, 0, 1]
Twc:
[0.99958462, 0.015341523, -0.024396939, 0.028185312;
 -0.015260947, 0.99987745, 0.0034854857, -0.0026916747;
 0.024447422, -0.0031117175, 0.99969625, 0.0078187324;
 0, 0, 0, 1]
Ow:
[-0.028405828;
 0.0022832688;
 -0.0071193404]
Keyframe: 14 Frame: 26 Frame from vFrameID : 27
Tcw:
[0.99956125, -0.012972605, 0.026626721, -0.028473491;
 0.013116996, 0.99990016, -0.0052552759, 0.0023206121;
 -0.026555886, 0.0056022326, 0.99963164, -0.0073629757;
 0, 0, 0, 1]
Twc:
[0.99956125, 0.013116996, -0.026555886, 0.028235029;
 -0.012972605, 0.99990016, 0.0056022326, -0.0026485068;
 0.026626721, -0.0052552759, 0.99963164, 0.0081306146;
 0, 0, 0, 1]
Ow:
[-0.028473491;
 0.0023206121;
 -0.0073629757]
Keyframe: 15 Frame: 28 Frame from vFrameID : 29
Tcw:
[0.99963796, -0.012968719, 0.023573875, -0.025032658;
 0.013070488, 0.99990588, -0.0041680727, 0.0020880322;
 -0.023517603, 0.004474686, 0.99971342, -0.0091472389;
 0, 0, 0, 1]
Twc:
[0.99963796, 0.013070488, -0.023517603, 0.024781184;
 -0.012968719, 0.99990588, 0.004474686, -0.0023715463;
 0.023573875, -0.0041680727, 0.99971342, 0.0097434372;
 0, 0, 0, 1]
Ow:
[-0.025032658;
 0.0020880322;
 -0.0091472389]
Keyframe: 16 Frame: 30 Frame from vFrameID : 31
Tcw:
[0.9998253, -0.010416577, 0.015521731, -0.022654004;
 0.010453964, 0.99994266, -0.0023294878, 0.0027130935;
 -0.015496575, 0.0024913445, 0.9998768, -0.010188852;
 0, 0, 0, 1]
Twc:
[0.9998253, 0.010453964, -0.015496575, 0.022463791;
 -0.010416577, 0.99994266, 0.0024913445, -0.002923531;
 0.015521731, -0.0023294878, 0.9998768, 0.010545546;
 0, 0, 0, 1]
Ow:
[-0.022654004;
 0.0027130935;
 -0.010188852]
Keyframe: 17 Frame: 32 Frame from vFrameID : 33
Tcw:
[0.9999485, -0.0069891196, 0.0073586716, -0.020922972;
 0.0069920146, 0.9999755, -0.00036771837, 0.0024039748;
 -0.007355921, 0.00041915136, 0.99997288, -0.011537574;
 0, 0, 0, 1]
Twc:
[0.9999485, 0.0069920146, -0.007355921, 0.020820215;
 -0.0069891196, 0.9999755, 0.00041915136, -0.002545313;
 0.0073586716, -0.00036771837, 0.99997288, 0.01169211;
 0, 0, 0, 1]
Ow:
[-0.020922972;
 0.0024039748;
 -0.011537574]
Keyframe: 18 Frame: 35 Frame from vFrameID : 36
Tcw:
[0.99998844, -0.0043326393, -0.0020857228, -0.014976551;
 0.0043416214, 0.99998122, 0.0043213032, 0.0034913598;
 0.0020669608, -0.0043303086, 0.9999885, -0.012947216;
 0, 0, 0, 1]
Twc:
[0.99998844, 0.0043416214, 0.0020669608, 0.014987981;
 -0.0043326393, 0.99998122, -0.0043303086, -0.0036122478;
 -0.0020857228, 0.0043213032, 0.9999885, 0.012900742;
 0, 0, 0, 1]
Ow:
[-0.014976551;
 0.0034913598;
 -0.012947216]
Keyframe: 19 Frame: 38 Frame from vFrameID : 39
Tcw:
[0.99999011, -0.0038991808, -0.002141895, -0.012579995;
 0.0039444594, 0.99975979, 0.021558579, 0.0036851822;
 0.0020573197, -0.021566814, 0.99976528, -0.015372093;
 0, 0, 0, 1]
Twc:
[0.99999011, 0.0039444594, 0.0020573197, 0.01259696;
 -0.0038991808, 0.99975979, -0.021566814, -0.0040648761;
 -0.002141895, 0.021558579, 0.99976528, 0.015262093;
 0, 0, 0, 1]
Ow:
[-0.012579995;
 0.0036851822;
 -0.015372093]
Keyframe: 20 Frame: 41 Frame from vFrameID : 42
Tcw:
[0.99988872, -0.0035174477, -0.01449819, -0.01026853;
 0.0038946543, 0.9996525, 0.026071925, 0.0026702196;
 0.014401445, -0.026125489, 0.99955493, -0.016237181;
 0, 0, 0, 1]
Twc:
[0.99988872, 0.0038946543, 0.014401445, 0.010490826;
 -0.0035174477, 0.9996525, -0.026125489, -0.003129615;
 -0.01449819, 0.026071925, 0.99955493, 0.016011462;
 0, 0, 0, 1]
Ow:
[-0.01026853;
 0.0026702196;
 -0.016237181]
Keyframe: 21 Frame: 44 Frame from vFrameID : 45
Tcw:
[0.99951673, -0.0028546897, -0.030954855, -0.010688606;
 0.0038165571, 0.99951029, 0.031058809, 0.0032369564;
 0.030851031, -0.03116194, 0.9990381, -0.01925401;
 0, 0, 0, 1]
Twc:
[0.99951673, 0.0038165571, 0.030851031, 0.011265092;
 -0.0028546897, 0.99951029, -0.03116194, -0.003865876;
 -0.030954855, 0.031058809, 0.9990381, 0.01880409;
 0, 0, 0, 1]
Ow:
[-0.010688606;
 0.0032369564;
 -0.01925401]
Keyframe: 22 Frame: 47 Frame from vFrameID : 48
Tcw:
[0.99863005, -0.014331047, -0.050325751, -0.010862346;
 0.015906485, 0.99939144, 0.031045103, 0.0032412005;
 0.049850214, -0.031803079, 0.99825025, -0.018779086;
 0, 0, 0, 1]
Twc:
[0.99863005, 0.015906485, 0.049850214, 0.01173205;
 -0.014331047, 0.99939144, -0.031803079, -0.0039921291;
 -0.050325751, 0.031045103, 0.99825025, 0.018098947;
 0, 0, 0, 1]
Ow:
[-0.010862346;
 0.0032412005;
 -0.018779086]
Keyframe: 23 Frame: 50 Frame from vFrameID : 51
Tcw:
[0.99862587, -0.018480891, -0.049038414, -0.010813957;
 0.019598464, 0.99955678, 0.022407612, 0.0032665678;
 0.04860257, -0.023337899, 0.99854553, -0.018728681;
 0, 0, 0, 1]
Twc:
[0.99862587, 0.019598464, 0.04860257, 0.01164534;
 -0.018480891, 0.99955678, -0.023337899, -0.00390206;
 -0.049038414, 0.022407612, 0.99854553, 0.018097945;
 0, 0, 0, 1]
Ow:
[-0.010813957;
 0.0032665678;
 -0.018728681]
Keyframe: 24 Frame: 53 Frame from vFrameID : 54
Tcw:
[0.99905962, -0.019243883, -0.038852699, -0.011459105;
 0.019513967, 0.99978793, 0.0065842094, 0.0033743123;
 0.03871775, -0.0073361881, 0.99922323, -0.016656457;
 0, 0, 0, 1]
Twc:
[0.99905962, 0.019513967, 0.03871775, 0.012027383;
 -0.019243883, 0.99978793, -0.0073361881, -0.0037163091;
 -0.038852699, 0.0065842094, 0.99922323, 0.016176086;
 0, 0, 0, 1]
Ow:
[-0.011459105;
 0.0033743123;
 -0.016656457]
Keyframe: 25 Frame: 56 Frame from vFrameID : 57
Tcw:
[0.99926764, -0.023631074, -0.030096786, -0.021189086;
 0.023916395, 0.99967206, 0.0091556273, 0.0023943593;
 0.029870559, -0.0098687289, 0.99950504, -0.012462325;
 0, 0, 0, 1]
Twc:
[0.99926764, 0.023916395, 0.029870559, 0.021488559;
 -0.023631074, 0.99967206, -0.0098687289, -0.0030172823;
 -0.030096786, 0.0091556273, 0.99950504, 0.011796512;
 0, 0, 0, 1]
Ow:
[-0.021189086;
 0.0023943593;
 -0.012462325]
Keyframe: 26 Frame: 59 Frame from vFrameID : 60
Tcw:
[0.9989, -0.03202102, -0.034254894, -0.02479735;
 0.032320756, 0.99944365, 0.0082323961, 0.0039593833;
 0.033972226, -0.0093304841, 0.99937922, -0.0083038127;
 0, 0, 0, 1]
Twc:
[0.9989, 0.032320756, 0.033972226, 0.024924202;
 -0.03202102, 0.99944365, -0.0093304841, -0.0048286952;
 -0.034254894, 0.0082323961, 0.99937922, 0.007416632;
 0, 0, 0, 1]
Ow:
[-0.02479735;
 0.0039593833;
 -0.0083038127]
Keyframe: 27 Frame: 62 Frame from vFrameID : 63
Tcw:
[0.99876767, -0.040195871, -0.029110754, -0.025292596;
 0.040662743, 0.99905074, 0.015627194, 0.0044513405;
 0.028454971, -0.016791658, 0.99945402, -0.0055544605;
 0, 0, 0, 1]
Twc:
[0.99876767, 0.040662743, 0.028454971, 0.025238475;
 -0.040195871, 0.99905074, -0.016791658, -0.0055570416;
 -0.029110754, 0.015627194, 0.99945402, 0.0047455793;
 0, 0, 0, 1]
Ow:
[-0.025292596;
 0.0044513405;
 -0.0055544605]
Keyframe: 28 Frame: 65 Frame from vFrameID : 66
Tcw:
[0.99915361, -0.039484818, -0.011532718, -0.022092223;
 0.039878681, 0.99854881, 0.036193535, 0.003444762;
 0.010086888, -0.036622811, 0.99927825, 0.0031484547;
 0, 0, 0, 1]
Twc:
[0.99915361, 0.039878681, 0.010086888, 0.021904394;
 -0.039484818, 0.99854881, -0.036622811, -0.0041967654;
 -0.011532718, 0.036193535, 0.99927825, -0.0035256438;
 0, 0, 0, 1]
Ow:
[-0.022092223;
 0.003444762;
 0.0031484547]
Keyframe: 29 Frame: 68 Frame from vFrameID : 69
Tcw:
[0.99955761, -0.029700203, -0.0015833351, -0.019408176;
 0.029734889, 0.99908352, 0.030789627, 0.0036917098;
 0.00066742575, -0.030823085, 0.99952465, 0.011241031;
 0, 0, 0, 1]
Twc:
[0.99955761, 0.029734889, 0.00066742575, 0.019282313;
 -0.029700203, 0.99908352, -0.030823085, -0.0039182701;
 -0.0015833351, 0.030789627, 0.99952465, -0.011380083;
 0, 0, 0, 1]
Ow:
[-0.019408176;
 0.0036917098;
 0.011241031]
Keyframe: 30 Frame: 72 Frame from vFrameID : 73
Tcw:
[0.99945056, -0.033049475, 0.0025026426, -0.01151523;
 0.033023678, 0.99940717, 0.0097306427, 0.0041963598;
 -0.0028227516, -0.0096426504, 0.99994951, 0.020156721;
 0, 0, 0, 1]
Twc:
[0.99945056, 0.033023678, -0.0028227516, 0.011427223;
 -0.033049475, 0.99940717, -0.0096426504, -0.0043800804;
 0.0025026426, 0.0097306427, 0.99994951, -0.02016772;
 0, 0, 0, 1]
Ow:
[-0.01151523;
 0.0041963598;
 0.020156721]
Keyframe: 31 Frame: 76 Frame from vFrameID : 77
Tcw:
[0.99974269, -0.017349843, 0.014614899, 0.0012421077;
 0.017152065, 0.99976104, 0.01355096, 0.0020750912;
 -0.014846514, -0.013296797, 0.9998014, 0.031474967;
 0, 0, 0, 1]
Twc:
[0.99974269, 0.017152065, -0.014846514, -0.00081008661;
 -0.017349843, 0.99976104, -0.013296797, -0.0016345289;
 0.014614899, 0.01355096, 0.9998014, -0.031514987;
 0, 0, 0, 1]
Ow:
[0.0012421077;
 0.0020750912;
 0.031474967]
Keyframe: 32 Frame: 80 Frame from vFrameID : 81
Tcw:
[0.99973363, 0.0026735461, 0.022924552, 0.0080203433;
 -0.0027741413, 0.99998665, 0.0043574194, 0.0014408967;
 -0.022912595, -0.0044198548, 0.99972773, 0.047309816;
 0, 0, 0, 1]
Twc:
[0.99973363, -0.0027741413, -0.022912595, -0.0069302185;
 0.0026735461, 0.99998665, -0.0044198548, -0.0012532177;
 0.022924552, 0.0043574194, 0.99972773, -0.047487076;
 0, 0, 0, 1]
Ow:
[0.0080203433;
 0.0014408967;
 0.047309816]
Keyframe: 33 Frame: 84 Frame from vFrameID : 85
Tcw:
[0.99944764, 0.0039134044, 0.03300073, 0.01094893;
 -0.0036826893, 0.99996835, -0.0070491056, 0.0013878804;
 -0.033027273, 0.0069236807, 0.99943048, 0.062689349;
 0, 0, 0, 1]
Twc:
[0.99944764, -0.0036826893, -0.033027273, -0.0088673122;
 0.0039134044, 0.99996835, 0.0069236807, -0.0018647251;
 0.03300073, -0.0070491056, 0.99943048, -0.063005187;
 0, 0, 0, 1]
Ow:
[0.01094893;
 0.0013878804;
 0.062689349]
Keyframe: 34 Frame: 88 Frame from vFrameID : 89
Tcw:
[0.99845678, -0.0076258518, 0.055008046, 0.01319055;
 0.0082659898, 0.99990064, -0.011419054, 0.0023070679;
 -0.054915499, 0.011856128, 0.9984206, 0.078881733;
 0, 0, 0, 1]
Twc:
[0.99845678, 0.0082659898, -0.054915499, -0.0088574346;
 -0.0076258518, 0.99990064, 0.011856128, -0.0031414814;
 0.055008046, -0.011419054, 0.9984206, -0.079456389;
 0, 0, 0, 1]
Ow:
[0.01319055;
 0.0023070679;
 0.078881733]
Keyframe: 35 Frame: 92 Frame from vFrameID : 93
Tcw:
[0.99669725, -0.013672617, 0.080047756, 0.0162494;
 0.01551546, 0.99962765, -0.022445211, 0.0012977482;
 -0.079711072, 0.023613058, 0.99653828, 0.093576603;
 0, 0, 0, 1]
Twc:
[0.99669725, 0.01551546, -0.079711072, -0.0087567763;
 -0.013672617, 0.99962765, 0.023613058, -0.0032847228;
 0.080047756, -0.022445211, 0.99653828, -0.094524264;
 0, 0, 0, 1]
Ow:
[0.0162494;
 0.0012977482;
 0.093576603]
Keyframe: 36 Frame: 96 Frame from vFrameID : 97
Tcw:
[0.99519044, -0.02154815, 0.095559724, 0.019136356;
 0.022727422, 0.99967819, -0.011269374, 5.5223354e-05;
 -0.095286131, 0.013386999, 0.9953599, 0.1077906;
 0, 0, 0, 1]
Twc:
[0.99519044, 0.022727422, -0.095286131, -0.0087746242;
 -0.02154815, 0.99967819, 0.013386999, -0.0010858452;
 0.095559724, -0.011269374, 0.9953599, -0.10911848;
 0, 0, 0, 1]
Ow:
[0.019136356;
 5.5223354e-05;
 0.1077906]
Keyframe: 37 Frame: 100 Frame from vFrameID : 101
Tcw:
[0.99611521, -0.019862043, 0.085790455, 0.022025496;
 0.020449489, 0.99977303, -0.0059739989, 0.00022697466;
 -0.085652329, 0.0077051618, 0.99629527, 0.11871482;
 0, 0, 0, 1]
Twc:
[0.99611521, 0.020449489, -0.085652329, -0.011776371;
 -0.019862043, 0.99977303, 0.0077051618, -0.00070416881;
 0.085790455, -0.0059739989, 0.99629527, -0.12016324;
 0, 0, 0, 1]
Ow:
[0.022025496;
 0.00022697466;
 0.11871482]
Keyframe: 38 Frame: 104 Frame from vFrameID : 105
Tcw:
[0.99738652, -0.015185096, 0.070636496, 0.02606887;
 0.015171746, 0.99988467, 0.0007255422, -4.7359834e-05;
 -0.070639364, 0.00034803295, 0.99750185, 0.13057601;
 0, 0, 0, 1]
Twc:
[0.99738652, 0.015171746, -0.070639364, -0.016776215;
 -0.015185096, 0.99988467, 0.00034803295, 0.0003977679;
 0.070636496, 0.0007255422, 0.99750185, -0.13209119;
 0, 0, 0, 1]
Ow:
[0.02606887;
 -4.7359834e-05;
 0.13057601]
Keyframe: 39 Frame: 108 Frame from vFrameID : 109
Tcw:
[0.99784523, 0.0010787228, 0.065602861, 0.028874628;
 -0.00024078942, 0.99991828, -0.012779383, -0.0018610326;
 -0.065611288, 0.01273605, 0.99776399, 0.13772462;
 0, 0, 0, 1]
Twc:
[0.99784523, -0.00024078942, -0.065611288, -0.019776568;
 0.0010787228, 0.99991828, 0.01273605, 7.5665179e-05;
 0.065602861, -0.012779383, 0.99776399, -0.13933471;
 0, 0, 0, 1]
Ow:
[0.028874628;
 -0.0018610326;
 0.13772462]
Keyframe: 40 Frame: 111 Frame from vFrameID : 112
Tcw:
[0.99785107, 0.0091316821, 0.064883709, 0.029479343;
 -0.0083276061, 0.99988526, -0.012652237, -0.0020883703;
 -0.064991802, 0.012084722, 0.99781263, 0.14060372;
 0, 0, 0, 1]
Twc:
[0.99785107, -0.0083276061, -0.064991802, -0.020295296;
 0.0091316821, 0.99988526, 0.012084722, 0.00011977783;
 0.064883709, -0.012652237, 0.99781263, -0.14223532;
 0, 0, 0, 1]
Ow:
[0.029479343;
 -0.0020883703;
 0.14060372]
Keyframe: 41 Frame: 114 Frame from vFrameID : 115
Tcw:
[0.9983049, 0.021599805, 0.054044105, 0.028615227;
 -0.020778455, 0.99966061, -0.015713863, -0.0025844174;
 -0.05436518, 0.014564274, 0.99841487, 0.15356152;
 0, 0, 0, 1]
Twc:
[0.9983049, -0.020778455, -0.05436518, -0.020272024;
 0.021599805, 0.99966061, 0.014564274, -0.00027105518;
 0.054044105, -0.015713863, 0.99841487, -0.1549052;
 0, 0, 0, 1]
Ow:
[0.028615227;
 -0.0025844174;
 0.15356152]
Keyframe: 42 Frame: 119 Frame from vFrameID : 120
Tcw:
[0.99737489, 0.0076979264, 0.0720006, 0.03016232;
 -0.0048258808, 0.9991889, -0.039978422, -0.0029693453;
 -0.072249949, 0.039526008, 0.99660307, 0.16954625;
 0, 0, 0, 1]
Twc:
[0.99737489, -0.0048258808, -0.072249949, -0.017847763;
 0.0076979264, 0.9991889, 0.039526008, -0.0039667361;
 0.0720006, -0.039978422, 0.99660307, -0.17126071;
 0, 0, 0, 1]
Ow:
[0.03016232;
 -0.0029693453;
 0.16954625]
Keyframe: 43 Frame: 123 Frame from vFrameID : 124
Tcw:
[0.99506825, -0.00017233688, 0.099192642, 0.026590016;
 0.0045766849, 0.9990133, -0.044176131, -0.0037406124;
 -0.099087156, 0.044412237, 0.99408716, 0.18567576;
 0, 0, 0, 1]
Twc:
[0.99506825, 0.0045766849, -0.099087156, -0.0080436803;
 -0.00017233688, 0.9990133, 0.044412237, -0.0045047714;
 0.099192642, -0.044176131, 0.99408716, -0.18738066;
 0, 0, 0, 1]
Ow:
[0.026590016;
 -0.0037406124;
 0.18567576]
Keyframe: 44 Frame: 127 Frame from vFrameID : 128
Tcw:
[0.99336243, -0.0041205385, 0.11495253, 0.030171955;
 0.007570527, 0.99953341, -0.029591879, -0.003352996;
 -0.11477696, 0.030265711, 0.99293011, 0.19955273;
 0, 0, 0, 1]
Twc:
[0.99336243, 0.007570527, -0.11477696, -0.0070422478;
 -0.0041205385, 0.99953341, 0.030265711, -0.0025638491;
 0.11495253, -0.029591879, 0.99293011, -0.20170948;
 0, 0, 0, 1]
Ow:
[0.030171955;
 -0.003352996;
 0.19955273]
Keyframe: 45 Frame: 132 Frame from vFrameID : 133
Tcw:
[0.99454957, 0.0059133591, 0.10409706, 0.037093885;
 -0.0029773414, 0.99959397, -0.028337443, -0.0032705027;
 -0.10422236, 0.027873058, 0.99416333, 0.2133192;
 0, 0, 0, 1]
Twc:
[0.99454957, -0.0029773414, -0.10422236, -0.014668814;
 0.0059133591, 0.99959397, 0.027873058, -0.0028960335;
 0.10409706, -0.028337443, 0.99416333, -0.21602818;
 0, 0, 0, 1]
Ow:
[0.037093885;
 -0.0032705027;
 0.2133192]
Keyframe: 46 Frame: 135 Frame from vFrameID : 136
Tcw:
[0.99615616, 0.0070152944, 0.087313548, 0.043787837;
 -0.0042010825, 0.99946702, -0.032373223, -0.0041273409;
 -0.08749412, 0.031881977, 0.9956547, 0.21849088;
 0, 0, 0, 1]
Twc:
[0.99615616, -0.0042010825, -0.08749412, -0.024520198;
 0.0070152944, 0.99946702, 0.031881977, -0.0031479644;
 0.087313548, -0.032373223, 0.9956547, -0.22149837;
 0, 0, 0, 1]
Ow:
[0.043787837;
 -0.0041273409;
 0.21849088]
Keyframe: 47 Frame: 139 Frame from vFrameID : 140
Tcw:
[0.99650651, 0.020440655, 0.080974907, 0.048801579;
 -0.018555069, 0.99954045, -0.023970557, -0.0071049342;
 -0.081427671, 0.022384321, 0.99642783, 0.22748759;
 0, 0, 0, 1]
Twc:
[0.99650651, -0.018555069, -0.081427671, -0.030239139;
 0.020440655, 0.99954045, 0.022384321, 0.0010119774;
 0.080974907, -0.023970557, 0.99642783, -0.23079699;
 0, 0, 0, 1]
Ow:
[0.048801579;
 -0.0071049342;
 0.22748759]
Keyframe: 48 Frame: 143 Frame from vFrameID : 144
Tcw:
[0.9975279, 0.022484764, 0.066577181, 0.053196363;
 -0.020673841, 0.99940068, -0.027765587, -0.0089030229;
 -0.067161582, 0.026320541, 0.99739486, 0.23762143;
 0, 0, 0, 1]
Twc:
[0.9975279, -0.020673841, -0.067161582, -0.037289884;
 0.022484764, 0.99940068, 0.026320541, 0.0014472544;
 0.066577181, -0.027765587, 0.99739486, -0.24079126;
 0, 0, 0, 1]
Ow:
[0.053196363;
 -0.0089030229;
 0.23762143]
Keyframe: 49 Frame: 147 Frame from vFrameID : 148
Tcw:
[0.99518085, 0.026192324, 0.094493873, 0.057169382;
 -0.021386165, 0.99844289, -0.051521219, -0.0066709411;
 -0.095696196, 0.04925207, 0.99419135, 0.25405985;
 0, 0, 0, 1]
Twc:
[0.99518085, -0.021386165, -0.095696196, -0.032723978;
 0.026192324, 0.99844289, 0.04925207, -0.007349818;
 0.094493873, -0.051521219, 0.99419135, -0.25832996;
 0, 0, 0, 1]
Ow:
[0.057169382;
 -0.0066709411;
 0.25405985]
Keyframe: 50 Frame: 151 Frame from vFrameID : 152
Tcw:
[0.99269819, 0.017033501, 0.11941575, 0.054247953;
 -0.0093969051, 0.99789131, -0.064223461, -0.0074890172;
 -0.12025788, 0.062632374, 0.99076498, 0.26600978;
 0, 0, 0, 1]
Twc:
[0.99269819, -0.0093969051, -0.12025788, -0.021932447;
 0.017033501, 0.99789131, 0.062632374, -0.010111631;
 0.11941575, -0.064223461, 0.99076498, -0.27051219;
 0, 0, 0, 1]
Ow:
[0.054247953;
 -0.0074890172;
 0.26600978]
Keyframe: 51 Frame: 155 Frame from vFrameID : 156
Tcw:
[0.99137855, -0.0014207113, 0.13102125, 0.056627668;
 0.0087078419, 0.99844497, -0.055061795, -0.0088911075;
 -0.13073929, 0.055727996, 0.98984927, 0.27545419;
 0, 0, 0, 1]
Twc:
[0.99137855, 0.0087078419, -0.13073929, -0.020049352;
 -0.0014207113, 0.99844497, 0.055727996, -0.0063927765;
 0.13102125, -0.055061795, 0.98984927, -0.28056714;
 0, 0, 0, 1]
Ow:
[0.056627668;
 -0.0088911075;
 0.27545419]
Keyframe: 52 Frame: 160 Frame from vFrameID : 161
Tcw:
[0.98943102, 0.0043157889, 0.14494026, 0.063784972;
 0.0029235203, 0.9987601, -0.049696743, -0.0086708032;
 -0.14497502, 0.049595233, 0.98819155, 0.287985;
 0, 0, 0, 1]
Twc:
[0.98943102, 0.0029235203, -0.14497502, -0.021334838;
 0.0043157889, 0.9987601, 0.049595233, -0.0058979145;
 0.14494026, -0.049696743, 0.98819155, -0.29426029;
 0, 0, 0, 1]
Ow:
[0.063784972;
 -0.0086708032;
 0.287985]
Keyframe: 53 Frame: 164 Frame from vFrameID : 165
Tcw:
[0.99227411, 0.012969865, 0.1233853, 0.070023388;
 -0.0052269059, 0.99800789, -0.062872201, -0.010054382;
 -0.12395494, 0.061741535, 0.99036515, 0.29772961;
 0, 0, 0, 1]
Twc:
[0.99227411, -0.0052269059, -0.12395494, -0.032629885;
 0.012969865, 0.99800789, 0.061741535, -0.0092561254;
 0.1233853, -0.062872201, 0.99036515, -0.30413306;
 0, 0, 0, 1]
Ow:
[0.070023388;
 -0.010054382;
 0.29772961]
Keyframe: 54 Frame: 168 Frame from vFrameID : 169
Tcw:
[0.99309713, 0.014728426, 0.11636672, 0.075792551;
 -0.010322046, 0.99920994, -0.038378626, -0.013044189;
 -0.11684005, 0.036912557, 0.99246454, 0.3044568;
 0, 0, 0, 1]
Twc:
[0.99309713, -0.010322046, -0.11684005, -0.039831262;
 0.014728426, 0.99920994, 0.036912557, 0.00067929842;
 0.11636672, -0.038378626, 0.99246454, -0.31148294;
 0, 0, 0, 1]
Ow:
[0.075792551;
 -0.013044189;
 0.3044568]
Keyframe: 55 Frame: 172 Frame from vFrameID : 173
Tcw:
[0.9946816, 0.029547909, 0.098668508, 0.084408723;
 -0.025774213, 0.99889481, -0.039304528, -0.017915081;
 -0.099720828, 0.036552384, 0.99434382, 0.31063786;
 0, 0, 0, 1]
Twc:
[0.9946816, -0.025774213, -0.099720828, -0.053444486;
 0.029547909, 0.99889481, 0.036552384, 0.0040466236;
 0.098668508, -0.039304528, 0.99434382, -0.31791347;
 0, 0, 0, 1]
Ow:
[0.084408723;
 -0.017915081;
 0.31063786]
Keyframe: 56 Frame: 176 Frame from vFrameID : 177
Tcw:
[0.99550819, 0.023109242, 0.091811813, 0.086557344;
 -0.021227116, 0.9995451, -0.021423837, -0.020793531;
 -0.092265137, 0.019378705, 0.99554586, 0.31876072;
 0, 0, 0, 1]
Twc:
[0.99550819, -0.021227116, -0.092265137, -0.057199426;
 0.023109242, 0.9995451, 0.019378705, 0.012606627;
 0.091811813, -0.021423837, 0.99554586, -0.32573339;
 0, 0, 0, 1]
Ow:
[0.086557344;
 -0.020793531;
 0.31876072]
Keyframe: 57 Frame: 180 Frame from vFrameID : 181
Tcw:
[0.99401325, 0.022025747, 0.10701654, 0.084167644;
 -0.018958354, 0.99938214, -0.029596198, -0.017988697;
 -0.1076023, 0.027390156, 0.99381667, 0.32760489;
 0, 0, 0, 1]
Twc:
[0.99401325, -0.018958354, -0.1076023, -0.048753746;
 0.022025747, 0.99938214, 0.027390156, 0.0071505783;
 0.10701654, -0.029596198, 0.99381667, -0.33511892;
 0, 0, 0, 1]
Ow:
[0.084167644;
 -0.017988697;
 0.32760489]
Keyframe: 58 Frame: 185 Frame from vFrameID : 186
Tcw:
[0.99385786, 0.023261489, 0.10819164, 0.082703888;
 -0.017365936, 0.9983288, -0.055118322, -0.021171067;
 -0.10929297, 0.052900929, 0.99260092, 0.33933911;
 0, 0, 0, 1]
Twc:
[0.99385786, -0.017365936, -0.10929297, -0.045476187;
 0.023261489, 0.9983288, 0.052900929, 0.0012605164;
 0.10819164, -0.055118322, 0.99260092, -0.34694308;
 0, 0, 0, 1]
Ow:
[0.082703888;
 -0.021171067;
 0.33933911]
Keyframe: 59 Frame: 190 Frame from vFrameID : 191
Tcw:
[0.99211824, 0.022743952, 0.12322382, 0.085221738;
 -0.013380511, 0.99699599, -0.076288655, -0.019809358;
 -0.12458877, 0.074038573, 0.98944223, 0.34908319;
 0, 0, 0, 1]
Twc:
[0.99211824, -0.013380511, -0.12458877, -0.041323256;
 0.022743952, 0.99699599, 0.074038573, -0.0080340477;
 0.12322382, -0.076288655, 0.98944223, -0.35741022;
 0, 0, 0, 1]
Ow:
[0.085221738;
 -0.019809358;
 0.34908319]
Keyframe: 60 Frame: 194 Frame from vFrameID : 195
Tcw:
[0.99229211, 0.018951515, 0.12246297, 0.087010175;
 -0.013878547, 0.99901509, -0.042145606, -0.016892081;
 -0.12314108, 0.040121146, 0.9915778, 0.36070979;
 0, 0, 0, 1]
Twc:
[0.99229211, -0.013878547, -0.12314108, -0.042155761;
 0.018951515, 0.99901509, 0.040121146, 0.00075438048;
 0.12246297, -0.042145606, 0.9915778, -0.36903927;
 0, 0, 0, 1]
Ow:
[0.087010175;
 -0.016892081;
 0.36070979]
Keyframe: 61 Frame: 198 Frame from vFrameID : 199
Tcw:
[0.99481231, 0.03890989, 0.093992099, 0.10226777;
 -0.033111859, 0.99749696, -0.062477738, -0.016964415;
 -0.09618783, 0.059041366, 0.99361062, 0.37429896;
 0, 0, 0, 1]
Twc:
[0.99481231, -0.033111859, -0.09618783, -0.066295967;
 0.03890989, 0.99749696, 0.059041366, -0.0091563966;
 0.093992099, -0.062477738, 0.99361062, -0.38257965;
 0, 0, 0, 1]
Ow:
[0.10226777;
 -0.016964415;
 0.37429896]
Keyframe: 62 Frame: 202 Frame from vFrameID : 203
Tcw:
[0.99346972, 0.046570111, 0.10415936, 0.10500862;
 -0.040028952, 0.9971447, -0.06403251, -0.014577027;
 -0.10684396, 0.059444968, 0.99249721, 0.38139972;
 0, 0, 0, 1]
Twc:
[0.99346972, -0.040028952, -0.10684396, -0.064156137;
 0.046570111, 0.9971447, 0.059444968, -0.01302715;
 0.10415936, -0.06403251, 0.99249721, -0.39040917;
 0, 0, 0, 1]
Ow:
[0.10500862;
 -0.014577027;
 0.38139972]
Keyframe: 63 Frame: 206 Frame from vFrameID : 207
Tcw:
[0.9955923, 0.039193761, 0.08520449, 0.10918443;
 -0.033967052, 0.99750108, -0.061950728, -0.015974326;
 -0.087419651, 0.058783524, 0.99443567, 0.39012825;
 0, 0, 0, 1]
Twc:
[0.9955923, -0.033967052, -0.087419651, -0.075140908;
 0.039193761, 0.99750108, 0.058783524, -0.011278054;
 0.08520449, -0.061950728, 0.99443567, -0.39825007;
 0, 0, 0, 1]
Ow:
[0.10918443;
 -0.015974326;
 0.39012825]
Keyframe: 64 Frame: 211 Frame from vFrameID : 212
Tcw:
[0.99436289, 0.029537203, 0.10183331, 0.10816171;
 -0.022788122, 0.99750519, -0.066813603, -0.016299855;
 -0.10355275, 0.064116374, 0.99255526, 0.40522689;
 0, 0, 0, 1]
Twc:
[0.99436289, -0.022788122, -0.10355275, -0.065961078;
 0.029537203, 0.99750519, 0.064116374, -0.012917284;
 0.10183331, -0.066813603, 0.99255526, -0.41431358;
 0, 0, 0, 1]
Ow:
[0.10816171;
 -0.016299855;
 0.40522689]
Keyframe: 65 Frame: 215 Frame from vFrameID : 216
Tcw:
[0.99307173, 0.026423598, 0.11450049, 0.1095846;
 -0.018110363, 0.99716413, -0.073045753, -0.016094305;
 -0.11610591, 0.070466027, 0.99073404, 0.41460294;
 0, 0, 0, 1]
Twc:
[0.99307173, -0.018110363, -0.11610591, -0.06097899;
 0.026423598, 0.99716413, 0.070466027, -0.016062375;
 0.11450049, -0.073045753, 0.99073404, -0.42448434;
 0, 0, 0, 1]
Ow:
[0.1095846;
 -0.016094305;
 0.41460294]
Keyframe: 66 Frame: 221 Frame from vFrameID : 222
Tcw:
[0.99278039, 0.011723702, 0.11937198, 0.11129665;
 -0.0035452938, 0.99764514, -0.068495102, -0.015531302;
 -0.11989389, 0.067577384, 0.99048412, 0.42966521;
 0, 0, 0, 1]
Twc:
[0.99278039, -0.0035452938, -0.11989389, -0.05903396;
 0.011723702, 0.99764514, 0.067577384, -0.01484573;
 0.11937198, -0.068495102, 0.99048412, -0.43992606;
 0, 0, 0, 1]
Ow:
[0.11129665;
 -0.015531302;
 0.42966521]
Keyframe: 67 Frame: 225 Frame from vFrameID : 226
Tcw:
[0.9937256, 0.016272057, 0.11065577, 0.11581951;
 -0.0088802492, 0.99771565, -0.066967629, -0.015317312;
 -0.11149269, 0.065564796, 0.99160004, 0.44060031;
 0, 0, 0, 1]
Twc:
[0.9937256, -0.0088802492, -0.11149269, -0.06610512;
 0.016272057, 0.99771565, 0.065564796, -0.015490169;
 0.11065577, -0.066967629, 0.99160004, -0.45074114;
 0, 0, 0, 1]
Ow:
[0.11581951;
 -0.015317312;
 0.44060031]
Keyframe: 68 Frame: 229 Frame from vFrameID : 230
Tcw:
[0.99425584, 0.021499632, 0.10484802, 0.12229483;
 -0.013882678, 0.99724674, -0.072843574, -0.016414139;
 -0.10612546, 0.070969574, 0.99181688, 0.4505583;
 0, 0, 0, 1]
Twc:
[0.99425584, -0.013882678, -0.10612546, -0.074004516;
 0.021499632, 0.99724674, 0.070969574, -0.018236281;
 0.10484802, -0.072843574, 0.99181688, -0.46088937;
 0, 0, 0, 1]
Ow:
[0.12229483;
 -0.016414139;
 0.4505583]
Keyframe: 69 Frame: 233 Frame from vFrameID : 234
Tcw:
[0.99518132, 0.029054862, 0.093647853, 0.12722355;
 -0.021731947, 0.99669385, -0.078288756, -0.014797453;
 -0.095612906, 0.075876355, 0.99252254, 0.45870796;
 0, 0, 0, 1]
Twc:
[0.99518132, -0.021731947, -0.095612906, -0.083073683;
 0.029054862, 0.99669385, 0.075876355, -0.023753021;
 0.093647853, -0.078288756, 0.99252254, -0.46835065;
 0, 0, 0, 1]
Ow:
[0.12722355;
 -0.014797453;
 0.45870796]
Keyframe: 70 Frame: 237 Frame from vFrameID : 238
Tcw:
[0.99583191, 0.03251382, 0.085215069, 0.13104415;
 -0.026830638, 0.99739152, -0.067009307, -0.015908575;
 -0.087171517, 0.064443633, 0.99410671, 0.46989617;
 0, 0, 0, 1]
Twc:
[0.99583191, -0.026830638, -0.087171517, -0.089963228;
 0.03251382, 0.99739152, 0.064443633, -0.018675486;
 0.085215069, -0.067009307, 0.99410671, -0.47935989;
 0, 0, 0, 1]
Ow:
[0.13104415;
 -0.015908575;
 0.46989617]
Keyframe: 71 Frame: 241 Frame from vFrameID : 242
Tcw:
[0.99526829, 0.031890072, 0.091782898, 0.13323273;
 -0.025590483, 0.99728751, -0.069012575, -0.016003659;
 -0.093734756, 0.066337258, 0.99338472, 0.48131451;
 0, 0, 0, 1]
Twc:
[0.99526829, -0.025590483, -0.093734756, -0.087895945;
 0.031890072, 0.99728751, 0.066337258, -0.020217637;
 0.091782898, -0.069012575, 0.99338472, -0.49146339;
 0, 0, 0, 1]
Ow:
[0.13323273;
 -0.016003659;
 0.48131451]
Keyframe: 72 Frame: 246 Frame from vFrameID : 247
Tcw:
[0.99481797, 0.036308788, 0.094967909, 0.13484609;
 -0.028869517, 0.99649066, -0.078568161, -0.017438861;
 -0.097487345, 0.075419337, 0.99237502, 0.49649116;
 0, 0, 0, 1]
Twc:
[0.99481797, -0.028869517, -0.097487345, -0.08624915;
 0.036308788, 0.99649066, 0.075419337, -0.02496347;
 0.094967909, -0.078568161, 0.99237502, -0.50688159;
 0, 0, 0, 1]
Ow:
[0.13484609;
 -0.017438861;
 0.49649116]
Keyframe: 73 Frame: 250 Frame from vFrameID : 251
Tcw:
[0.99521327, 0.011563529, 0.097040132, 0.13188401;
 -0.0025020677, 0.99566436, -0.092985265, -0.018834598;
 -0.097694643, 0.092297368, 0.99092734, 0.50855172;
 0, 0, 0, 1]
Twc:
[0.99521327, -0.0025020677, -0.097694643, -0.08161708;
 0.011563529, 0.99566436, 0.092297368, -0.02971009;
 0.097040132, -0.092985265, 0.99092734, -0.51848716;
 0, 0, 0, 1]
Ow:
[0.13188401;
 -0.018834598;
 0.50855172]
Keyframe: 74 Frame: 254 Frame from vFrameID : 255
Tcw:
[0.99475145, 0.0057014995, 0.10216153, 0.13733146;
 0.0027659428, 0.9965831, -0.082550086, -0.018601488;
 -0.10228312, 0.082399391, 0.9913367, 0.52083594;
 0, 0, 0, 1]
Twc:
[0.99475145, 0.0027659428, -0.10228312, -0.083286487;
 0.0057014995, 0.9965831, 0.082399391, -0.025161635;
 0.10216153, -0.082550086, 0.9913367, -0.53188938;
 0, 0, 0, 1]
Ow:
[0.13733146;
 -0.018601488;
 0.52083594]
Keyframe: 75 Frame: 258 Frame from vFrameID : 259
Tcw:
[0.99489367, 0.017598297, 0.099382706, 0.14330444;
 -0.0092610009, 0.99644482, -0.08373712, -0.018802764;
 -0.10050301, 0.082389146, 0.99151963, 0.53171998;
 0, 0, 0, 1]
Twc:
[0.99489367, -0.0092610009, -0.10050301, -0.089307353;
 0.017598297, 0.99644482, 0.082389146, -0.027593955;
 0.099382706, -0.08373712, 0.99151963, -0.54302728;
 0, 0, 0, 1]
Ow:
[0.14330444;
 -0.018802764;
 0.53171998]
Keyframe: 76 Frame: 262 Frame from vFrameID : 263
Tcw:
[0.99632537, 0.03047053, 0.080045782, 0.15171738;
 -0.021903921, 0.99414629, -0.1057986, -0.020108461;
 -0.082800962, 0.10365652, 0.99116057, 0.54237092;
 0, 0, 0, 1]
Twc:
[0.99632537, -0.021903921, -0.082800962, -0.10669149;
 0.03047053, 0.99414629, 0.10365652, -0.040852435;
 0.080045782, -0.1057986, 0.99116057, -0.55184847;
 0, 0, 0, 1]
Ow:
[0.15171738;
 -0.020108461;
 0.54237092]
Keyframe: 77 Frame: 266 Frame from vFrameID : 267
Tcw:
[0.99691486, 0.033713032, 0.070881665, 0.15491006;
 -0.026259687, 0.99427521, -0.1035721, -0.018582713;
 -0.073967613, 0.10139123, 0.99209303, 0.54995644;
 0, 0, 0, 1]
Twc:
[0.99691486, -0.026259687, -0.073967613, -0.11424115;
 0.033713032, 0.99427521, 0.10139123, -0.042506922;
 0.070881665, -0.1035721, 0.99209303, -0.55851293;
 0, 0, 0, 1]
Ow:
[0.15491006;
 -0.018582713;
 0.54995644]
Keyframe: 78 Frame: 270 Frame from vFrameID : 271
Tcw:
[0.99718058, 0.033837356, 0.066977113, 0.15843546;
 -0.02760148, 0.99538255, -0.091933683, -0.018887747;
 -0.069778644, 0.089825809, 0.99351007, 0.55975187;
 0, 0, 0, 1]
Twc:
[0.99718058, -0.02760148, -0.069778644, -0.11945137;
 0.033837356, 0.99538255, 0.089825809, -0.03684067;
 0.066977113, -0.091933683, 0.99351007, -0.56846708;
 0, 0, 0, 1]
Ow:
[0.15843546;
 -0.018887747;
 0.55975187]
Keyframe: 79 Frame: 274 Frame from vFrameID : 275
Tcw:
[0.99714696, 0.028377436, 0.069947556, 0.15906176;
 -0.022457071, 0.99621105, -0.084018886, -0.01935368;
 -0.072066769, 0.082208365, 0.9940061, 0.57184708;
 0, 0, 0, 1]
Twc:
[0.99714696, -0.022457071, -0.072066769, -0.1178314;
 0.028377436, 0.99621105, 0.082208365, -0.032244027;
 0.069947556, -0.084018886, 0.9940061, -0.58117157;
 0, 0, 0, 1]
Ow:
[0.15906176;
 -0.01935368;
 0.57184708]
Keyframe: 80 Frame: 278 Frame from vFrameID : 279
Tcw:
[0.99675745, 0.0038191341, 0.080374323, 0.15607199;
 0.0020421634, 0.99735057, -0.07271672, -0.017683441;
 -0.080439091, 0.072645068, 0.9941088, 0.58428746;
 0, 0, 0, 1]
Twc:
[0.99675745, 0.0020421634, -0.080439091, -0.10853025;
 0.0038191341, 0.99735057, 0.072645068, -0.025405074;
 0.080374323, -0.07271672, 0.9941088, -0.59467536;
 0, 0, 0, 1]
Ow:
[0.15607199;
 -0.017683441;
 0.58428746]
Keyframe: 81 Frame: 282 Frame from vFrameID : 283
Tcw:
[0.99360776, 0.0029433519, 0.11284935, 0.15519795;
 0.0044507291, 0.99786139, -0.065213807, -0.019043012;
 -0.11279996, 0.065299205, 0.99146968, 0.59787822;
 0, 0, 0, 1]
Twc:
[0.99360776, 0.0044507291, -0.11279996, -0.086680487;
 0.0029433519, 0.99786139, 0.065299205, -0.020495495;
 0.11284935, -0.065213807, 0.99146968, -0.61153406;
 0, 0, 0, 1]
Ow:
[0.15519795;
 -0.019043012;
 0.59787822]
Keyframe: 82 Frame: 286 Frame from vFrameID : 287
Tcw:
[0.99549234, -0.010700827, 0.094236568, 0.15730318;
 0.016621418, 0.99792105, -0.062267911, -0.022113735;
 -0.093374334, 0.063553572, 0.99360061, 0.60639751;
 0, 0, 0, 1]
Twc:
[0.99549234, 0.016621418, -0.093374334, -0.099604599;
 -0.010700827, 0.99792105, 0.063553572, -0.01478769;
 0.094236568, -0.062267911, 0.99360061, -0.61871761;
 0, 0, 0, 1]
Ow:
[0.15730318;
 -0.022113735;
 0.60639751]
Keyframe: 83 Frame: 290 Frame from vFrameID : 291
Tcw:
[0.99587584, -0.0026618405, 0.09068729, 0.16145173;
 0.0080140848, 0.99824315, -0.058705796, -0.021268131;
 -0.090371706, 0.05919046, 0.9941476, 0.61763775;
 0, 0, 0, 1]
Twc:
[0.99587584, 0.0080140848, -0.090371706, -0.10479846;
 -0.0026618405, 0.99824315, 0.05919046, -0.014897739;
 0.09068729, -0.058705796, 0.9941476, -0.62991327;
 0, 0, 0, 1]
Ow:
[0.16145173;
 -0.021268131;
 0.61763775]
Keyframe: 84 Frame: 294 Frame from vFrameID : 295
Tcw:
[0.99656934, 0.0089502828, 0.082276464, 0.16898605;
 -0.00368506, 0.99794793, -0.0639247, -0.01987084;
 -0.082679771, 0.063402198, 0.99455732, 0.62810737;
 0, 0, 0, 1]
Twc:
[0.99656934, -0.00368506, -0.082679771, -0.11654778;
 0.0089502828, 0.99794793, 0.063402198, -0.021505801;
 0.082276464, -0.0639247, 0.99455732, -0.6398626;
 0, 0, 0, 1]
Ow:
[0.16898605;
 -0.01987084;
 0.62810737]
Keyframe: 85 Frame: 298 Frame from vFrameID : 299
Tcw:
[0.99637812, 0.021250218, 0.082335174, 0.17419183;
 -0.015703335, 0.99759966, -0.067440823, -0.021812778;
 -0.083570674, 0.065903626, 0.99432021, 0.64010513;
 0, 0, 0, 1]
Twc:
[0.99637812, -0.015703335, -0.083570674, -0.12040944;
 0.021250218, 0.99759966, 0.065903626, -0.02412644;
 0.082335174, -0.067440823, 0.99432021, -0.65228266;
 0, 0, 0, 1]
Ow:
[0.17419183;
 -0.021812778;
 0.64010513]
Keyframe: 86 Frame: 302 Frame from vFrameID : 303
Tcw:
[0.99563414, 0.031141955, 0.087993652, 0.17553259;
 -0.02515032, 0.99734104, -0.068398505, -0.022121977;
 -0.089889742, 0.065886818, 0.99377, 0.64983553;
 0, 0, 0, 1]
Twc:
[0.99563414, -0.02515032, -0.089889742, -0.11690906;
 0.031141955, 0.99734104, 0.065886818, -0.026218869;
 0.087993652, -0.068398505, 0.99377, -0.66274589;
 0, 0, 0, 1]
Ow:
[0.17553259;
 -0.022121977;
 0.64983553]
Keyframe: 87 Frame: 307 Frame from vFrameID : 308
Tcw:
[0.99570137, 0.026281059, 0.088814549, 0.17895037;
 -0.020641165, 0.997747, -0.063834272, -0.021872418;
 -0.090292081, 0.061726637, 0.99400061, 0.66449398;
 0, 0, 0, 1]
Twc:
[0.99570137, -0.020641165, -0.090292081, -0.11863407;
 0.026281059, 0.997747, 0.061726637, -0.023896843;
 0.088814549, -0.063834272, 0.99400061, -0.67779696;
 0, 0, 0, 1]
Ow:
[0.17895037;
 -0.021872418;
 0.66449398]
Keyframe: 88 Frame: 312 Frame from vFrameID : 313
Tcw:
[0.99593872, 0.011493903, 0.089297146, 0.18147483;
 -0.004391388, 0.99683869, -0.079330795, -0.021725524;
 -0.089926668, 0.07861647, 0.99284071, 0.677176;
 0, 0, 0, 1]
Twc:
[0.99593872, -0.004391388, -0.089926668, -0.11993703;
 0.011493903, 0.99683869, 0.07861647, -0.033666197;
 0.089297146, -0.079330795, 0.99284071, -0.6902566;
 0, 0, 0, 1]
Ow:
[0.18147483;
 -0.021725524;
 0.677176]
