Keyframe: 0 Frame: 0 Frame from vFrameID : 13
Tcw:
[0.93281615, 0.26089761, 0.24856888, 0.050005056;
 0.12316851, 0.41740939, -0.90033269, -0.11430188;
 -0.33864963, 0.87046069, 0.35723186, -0.0010482855;
 0, 0, 0, 1]
Twc:
[0.93281615, 0.12316851, -0.33864963, -0.032922134;
 0.26089761, 0.41740939, 0.87046069, 0.035576969;
 0.24856888, -0.90033269, 0.35723186, -0.11496493;
 0, 0, 0, 1]
Ow:
[0.050005056;
 -0.11430188;
 -0.0010482855]
Keyframe: 1 Frame: 12 Frame from vFrameID : 13
Tcw:
[0.93363315, 0.24667539, 0.25976998, 0.050115436;
 0.13906355, 0.4187105, -0.89740896, -0.11612201;
 -0.33013713, 0.87397528, 0.35661843, -0.00090653822;
 0, 0, 0, 1]
Twc:
[0.93363315, 0.13906355, -0.33013713, -0.030940376;
 0.24667539, 0.4187105, 0.87397528, 0.037051551;
 0.25976998, -0.89740896, 0.35661843, -0.11690413;
 0, 0, 0, 1]
Ow:
[0.050115436;
 -0.11612201;
 -0.00090653822]
Keyframe: 2 Frame: 15 Frame from vFrameID : 16
Tcw:
[0.93529427, 0.24761009, 0.25281194, 0.050420523;
 0.13929385, 0.39913538, -0.90624952, -0.11755002;
 -0.32530272, 0.88282514, 0.33881846, -0.00084947422;
 0, 0, 0, 1]
Twc:
[0.93529427, 0.13929385, -0.32530272, -0.031060368;
 0.24761009, 0.39913538, 0.88282514, 0.035183676;
 0.25281194, -0.90624952, 0.33881846, -0.11898874;
 0, 0, 0, 1]
Ow:
[0.050420523;
 -0.11755002;
 -0.00084947422]
Keyframe: 3 Frame: 17 Frame from vFrameID : 18
Tcw:
[0.93602663, 0.25935018, 0.23788995, 0.050190091;
 0.12578499, 0.38476628, -0.91440314, -0.11621709;
 -0.32868266, 0.88582867, 0.3275291, -0.00083025545;
 0, 0, 0, 1]
Twc:
[0.93602663, 0.12578499, -0.32868266, -0.032633785;
 0.25935018, 0.38476628, 0.88582867, 0.032435067;
 0.23788995, -0.91440314, 0.3275291, -0.11793705;
 0, 0, 0, 1]
Ow:
[0.050190091;
 -0.11621709;
 -0.00083025545]
Keyframe: 4 Frame: 19 Frame from vFrameID : 20
Tcw:
[0.93790454, 0.25222269, 0.23815696, 0.050142504;
 0.12687904, 0.38954636, -0.91222548, -0.11614785;
 -0.32285714, 0.88579756, 0.33335555, -0.00087559596;
 0, 0, 0, 1]
Twc:
[0.93790454, 0.12687904, -0.32285714, -0.032574851;
 0.25222269, 0.38954636, 0.88579756, 0.033373497;
 0.23815696, -0.91222548, 0.33335555, -0.11760293;
 0, 0, 0, 1]
Ow:
[0.050142504;
 -0.11614785;
 -0.00087559596]
Keyframe: 5 Frame: 21 Frame from vFrameID : 22
Tcw:
[0.93691957, 0.25377417, 0.24037549, 0.049749225;
 0.12842692, 0.38966441, -0.9119584, -0.11664092;
 -0.32509726, 0.88530236, 0.3324928, -0.00084638223;
 0, 0, 0, 1]
Twc:
[0.93691957, 0.12842692, -0.32509726, -0.031906348;
 0.25377417, 0.38966441, 0.88530236, 0.033575054;
 0.24037549, -0.9119584, 0.3324928, -0.11804875;
 0, 0, 0, 1]
Ow:
[0.049749225;
 -0.11664092;
 -0.00084638223]
Keyframe: 6 Frame: 25 Frame from vFrameID : 26
Tcw:
[0.9374882, 0.2411581, 0.25091553, 0.049897015;
 0.14802669, 0.37619939, -0.91463768, -0.11657237;
 -0.31496656, 0.89460427, 0.31698465, -0.00076964125;
 0, 0, 0, 1]
Twc:
[0.9374882, 0.14802669, -0.31496656, -0.029764457;
 0.2411581, 0.37619939, 0.89460427, 0.032509904;
 0.25091553, -0.91463768, 0.31698465, -0.11889746;
 0, 0, 0, 1]
Ow:
[0.049897015;
 -0.11657237;
 -0.00076964125]
Keyframe: 7 Frame: 28 Frame from vFrameID : 29
Tcw:
[0.93591899, 0.25070131, 0.24739534, 0.049495876;
 0.13873699, 0.38320786, -0.91318333, -0.11725258;
 -0.32374009, 0.88898849, 0.32386997, -0.00073426217;
 0, 0, 0, 1]
Twc:
[0.93591899, 0.13873699, -0.32374009, -0.030294573;
 0.25070131, 0.38320786, 0.88898849, 0.03317618;
 0.24739534, -0.91318333, 0.32386997, -0.11908034;
 0, 0, 0, 1]
Ow:
[0.049495876;
 -0.11725258;
 -0.00073426217]
Keyframe: 8 Frame: 33 Frame from vFrameID : 34
Tcw:
[0.94176853, 0.24665827, 0.22854258, 0.049725957;
 0.12614639, 0.37086418, -0.92007983, -0.1164028;
 -0.31170356, 0.89533204, 0.31815317, -0.0008703284;
 0, 0, 0, 1]
Twc:
[0.94176853, 0.12614639, -0.31170356, -0.032417834;
 0.24665827, 0.37086418, 0.89533204, 0.031683546;
 0.22854258, -0.92007983, 0.31815317, -0.11818747;
 0, 0, 0, 1]
Ow:
[0.049725957;
 -0.1164028;
 -0.0008703284]
Keyframe: 9 Frame: 35 Frame from vFrameID : 36
Tcw:
[0.94309962, 0.24163942, 0.22841512, 0.049461242;
 0.12316785, 0.38420531, -0.91499507, -0.11627323;
 -0.30885717, 0.89106488, 0.33258167, -0.00097256899;
 0, 0, 0, 1]
Twc:
[0.94309962, 0.12316785, -0.30885717, -0.032626141;
 0.24163942, 0.38420531, 0.89106488, 0.033587627;
 0.22841512, -0.91499507, 0.33258167, -0.11736367;
 0, 0, 0, 1]
Ow:
[0.049461242;
 -0.11627323;
 -0.00097256899]
Keyframe: 10 Frame: 38 Frame from vFrameID : 39
Tcw:
[0.94519037, 0.24272262, 0.2184054, 0.049382597;
 0.10939044, 0.39484346, -0.91221291, -0.11712179;
 -0.30765063, 0.88610631, 0.34665069, -0.00068235025;
 0, 0, 0, 1]
Twc:
[0.94519037, 0.10939044, -0.30765063, -0.034073878;
 0.24272262, 0.39484346, 0.88610631, 0.034863137;
 0.2184054, -0.91221291, 0.34665069, -0.1173889;
 0, 0, 0, 1]
Ow:
[0.049382597;
 -0.11712179;
 -0.00068235025]
Keyframe: 11 Frame: 41 Frame from vFrameID : 42
Tcw:
[0.94630957, 0.24092637, 0.21552891, 0.049461532;
 0.11033383, 0.38597107, -0.91588908, -0.11702037;
 -0.30384976, 0.8904947, 0.33866578, -0.00077136606;
 0, 0, 0, 1]
Twc:
[0.94630957, 0.11033383, -0.30384976, -0.034128994;
 0.24092637, 0.38597107, 0.8904947, 0.033936784;
 0.21552891, -0.91588908, 0.33866578, -0.11757683;
 0, 0, 0, 1]
Ow:
[0.049461532;
 -0.11702037;
 -0.00077136606]
Keyframe: 12 Frame: 44 Frame from vFrameID : 45
Tcw:
[0.94579947, 0.23523425, 0.22389331, 0.049392708;
 0.12012582, 0.38711354, -0.91417336, -0.11694783;
 -0.30171701, 0.89152002, 0.33787408, -0.00069500506;
 0, 0, 0, 1]
Twc:
[0.94579947, 0.12012582, -0.30171701, -0.032876838;
 0.23523425, 0.38711354, 0.89152002, 0.034272842;
 0.22389331, -0.91417336, 0.33787408, -0.11773445;
 0, 0, 0, 1]
Ow:
[0.049392708;
 -0.11694783;
 -0.00069500506]
Keyframe: 13 Frame: 50 Frame from vFrameID : 51
Tcw:
[0.95104307, 0.22309567, 0.21388163, 0.047518156;
 0.11243606, 0.39486548, -0.91183299, -0.1171706;
 -0.28788045, 0.89124048, 0.35045007, -0.00013703108;
 0, 0, 0, 1]
Twc:
[0.95104307, 0.11243606, -0.28788045, -0.032057058;
 0.22309567, 0.39486548, 0.89124048, 0.035787653;
 0.21388163, -0.91183299, 0.35045007, -0.11695526;
 0, 0, 0, 1]
Ow:
[0.047518156;
 -0.1171706;
 -0.00013703108]
Keyframe: 14 Frame: 58 Frame from vFrameID : 59
Tcw:
[0.95957536, 0.20584348, 0.19194676, 0.047056671;
 0.096521072, 0.39995584, -0.91143787, -0.11936566;
 -0.26438376, 0.89312023, 0.36391956, 0.00081730634;
 0, 0, 0, 1]
Twc:
[0.95957536, 0.096521072, -0.26438376, -0.033417039;
 0.20584348, 0.39995584, 0.89312023, 0.03732473;
 0.19194676, -0.91143787, 0.36391956, -0.11812419;
 0, 0, 0, 1]
Ow:
[0.047056671;
 -0.11936566;
 0.00081730634]
Keyframe: 15 Frame: 65 Frame from vFrameID : 66
Tcw:
[0.95154637, 0.23541281, 0.19783913, 0.049004331;
 0.090896182, 0.39929077, -0.91230738, -0.11887445;
 -0.29376417, 0.88608557, 0.35854557, 0.00015915558;
 0, 0, 0, 1]
Twc:
[0.95154637, 0.090896182, -0.29376417, -0.035777904;
 0.23541281, 0.39929077, 0.88608557, 0.035788205;
 0.19783913, -0.91230738, 0.35854557, -0.11820208;
 0, 0, 0, 1]
Ow:
[0.049004331;
 -0.11887445;
 0.00015915558]
Keyframe: 16 Frame: 71 Frame from vFrameID : 72
Tcw:
[0.93939483, 0.26737231, 0.21459125, 0.050476395;
 0.089622974, 0.41264442, -0.90647244, -0.11733757;
 -0.33091551, 0.87076783, 0.36367333, 0.0002043955;
 0, 0, 0, 1]
Twc:
[0.93939483, 0.089622974, -0.33091551, -0.036833484;
 0.26737231, 0.41264442, 0.87076783, 0.034744721;
 0.21459125, -0.90647244, 0.36367333, -0.1172694;
 0, 0, 0, 1]
Ow:
[0.050476395;
 -0.11733757;
 0.0002043955]
Keyframe: 17 Frame: 78 Frame from vFrameID : 79
Tcw:
[0.93195921, 0.27636108, 0.2346839, 0.051458307;
 0.10168212, 0.42208546, -0.90083551, -0.11617045;
 -0.34801254, 0.86340511, 0.36526549, 0.00014174357;
 0, 0, 0, 1]
Twc:
[0.93195921, 0.10168212, -0.34801254, -0.036095258;
 0.27636108, 0.42208546, 0.86340511, 0.034690402;
 0.2346839, -0.90083551, 0.36526549, -0.11677867;
 0, 0, 0, 1]
Ow:
[0.051458307;
 -0.11617045;
 0.00014174357]
Keyframe: 18 Frame: 85 Frame from vFrameID : 86
Tcw:
[0.93441635, 0.26206058, 0.24122675, 0.04983994;
 0.11659749, 0.41488683, -0.90237129, -0.11548547;
 -0.33655775, 0.87131691, 0.35712144, 0.00068681315;
 0, 0, 0, 1]
Twc:
[0.93441635, 0.11659749, -0.33655775, -0.032874785;
 0.26206058, 0.41488683, 0.87131691, 0.034253888;
 0.24122675, -0.90237129, 0.35712144, -0.11647878;
 0, 0, 0, 1]
Ow:
[0.04983994;
 -0.11548547;
 0.00068681315]
Keyframe: 19 Frame: 92 Frame from vFrameID : 93
Tcw:
[0.94840908, 0.22146955, 0.22687322, 0.049182013;
 0.11669428, 0.42150369, -0.89928699, -0.11772498;
 -0.29479259, 0.87936676, 0.37391368, 0.00034255907;
 0, 0, 0, 1]
Twc:
[0.94840908, 0.11669428, -0.29479259, -0.032805853;
 0.22146955, 0.42150369, 0.87936676, 0.03842796;
 0.22687322, -0.89928699, 0.37391368, -0.11715472;
 0, 0, 0, 1]
Ow:
[0.049182013;
 -0.11772498;
 0.00034255907]
Keyframe: 20 Frame: 99 Frame from vFrameID : 100
Tcw:
[0.95655107, 0.20550568, 0.20682703, 0.046369866;
 0.10706984, 0.41221929, -0.90477139, -0.11927812;
 -0.27119377, 0.88760501, 0.37230533, 0.00086843967;
 0, 0, 0, 1]
Twc:
[0.95655107, 0.10706984, -0.27119377, -0.031348538;
 0.20550568, 0.41221929, 0.88760501, 0.038868636;
 0.20682703, -0.90477139, 0.37230533, -0.1178333;
 0, 0, 0, 1]
Ow:
[0.046369866;
 -0.11927812;
 0.00086843967]
Keyframe: 21 Frame: 109 Frame from vFrameID : 110
Tcw:
[0.93782896, 0.24521786, 0.24565235, 0.037244234;
 0.13197449, 0.40265846, -0.90578634, -0.11742736;
 -0.32102898, 0.8818925, 0.34526226, 0.0071611181;
 0, 0, 0, 1]
Twc:
[0.93782896, 0.13197449, -0.32102898, -0.017132377;
 0.24521786, 0.40265846, 0.8818925, 0.031834833;
 0.24565235, -0.90578634, 0.34526226, -0.1179857;
 0, 0, 0, 1]
Ow:
[0.037244234;
 -0.11742736;
 0.0071611181]
Keyframe: 22 Frame: 119 Frame from vFrameID : 120
Tcw:
[0.92138338, 0.28959307, 0.25920752, 0.041801725;
 0.14299166, 0.36756894, -0.91893768, -0.11946327;
 -0.36139461, 0.88375843, 0.29726252, 0.040907256;
 0, 0, 0, 1]
Twc:
[0.92138338, 0.14299166, -0.36139461, -0.0066495021;
 0.28959307, 0.36756894, 0.88375843, -0.0043466329;
 0.25920752, -0.91893768, 0.29726252, -0.13277481;
 0, 0, 0, 1]
Ow:
[0.041801725;
 -0.11946327;
 0.040907256]
Keyframe: 23 Frame: 129 Frame from vFrameID : 130
Tcw:
[0.94092071, 0.28273726, 0.18635412, 0.07757929;
 0.089126229, 0.32414401, -0.9418, -0.15052967;
 -0.32668748, 0.90276814, 0.27979448, 0.043965597;
 0, 0, 0, 1]
Twc:
[0.94092071, 0.089126229, -0.32668748, -0.04521681;
 0.28273726, 0.32414401, 0.90276814, -0.012832014;
 0.18635412, -0.9418, 0.27979448, -0.16852738;
 0, 0, 0, 1]
Ow:
[0.07757929;
 -0.15052967;
 0.043965597]
Keyframe: 24 Frame: 137 Frame from vFrameID : 138
Tcw:
[0.94469231, 0.27205807, 0.18314146, 0.076534763;
 0.083971851, 0.33915973, -0.93697351, -0.16526784;
 -0.31702539, 0.90053046, 0.29755637, 0.047870081;
 0, 0, 0, 1]
Twc:
[0.94469231, 0.083971851, -0.31702539, -0.043247923;
 0.27205807, 0.33915973, 0.90053046, -0.0078781666;
 0.18314146, -0.93697351, 0.29755637, -0.18311234;
 0, 0, 0, 1]
Ow:
[0.076534763;
 -0.16526784;
 0.047870081]
Keyframe: 25 Frame: 145 Frame from vFrameID : 146
Tcw:
[0.93646014, 0.28114894, 0.20975615, 0.092008077;
 0.096471317, 0.3684929, -0.92461139, -0.18210658;
 -0.33724719, 0.88609719, 0.31795612, 0.060692042;
 0, 0, 0, 1]
Twc:
[0.93646014, 0.096471317, -0.33724719, -0.048125617;
 0.28114894, 0.3684929, 0.88609719, -0.01254204;
 0.20975615, -0.92461139, 0.31795612, -0.20697449;
 0, 0, 0, 1]
Ow:
[0.092008077;
 -0.18210658;
 0.060692042]
Keyframe: 26 Frame: 155 Frame from vFrameID : 156
Tcw:
[0.91771382, 0.30056, 0.25974023, 0.10659654;
 0.13534664, 0.37815747, -0.91579378, -0.1944647;
 -0.37347367, 0.87559158, 0.30636054, 0.071436919;
 0, 0, 0, 1]
Twc:
[0.91771382, 0.13534664, -0.37347367, -0.04482517;
 0.30056, 0.37815747, 0.87559158, -0.021049947;
 0.25974023, -0.91579378, 0.30636054, -0.22766243;
 0, 0, 0, 1]
Ow:
[0.10659654;
 -0.1944647;
 0.071436919]
Keyframe: 27 Frame: 166 Frame from vFrameID : 167
Tcw:
[0.94068348, 0.28501365, 0.18407017, 0.12216409;
 0.083473757, 0.33143285, -0.93977892, -0.19639713;
 -0.32885674, 0.89939952, 0.28798226, 0.093331859;
 0, 0, 0, 1]
Twc:
[0.94068348, 0.083473757, -0.32885674, -0.067830928;
 0.28501365, 0.33143285, 0.89939952, -0.0536686;
 0.18407017, -0.93977892, 0.28798226, -0.23393457;
 0, 0, 0, 1]
Ow:
[0.12216409;
 -0.19639713;
 0.093331859]
Keyframe: 28 Frame: 177 Frame from vFrameID : 178
Tcw:
[0.94782507, 0.25945795, 0.18522729, 0.15425743;
 0.087320939, 0.34750777, -0.93360239, -0.22670817;
 -0.30659848, 0.90106601, 0.3067205, 0.14401877;
 0, 0, 0, 1]
Twc:
[0.94782507, 0.087320939, -0.30659848, -0.082256764;
 0.25945795, 0.34750777, 0.90106601, -0.091010869;
 0.18522729, -0.93360239, 0.3067205, -0.28440148;
 0, 0, 0, 1]
Ow:
[0.15425743;
 -0.22670817;
 0.14401877]
Keyframe: 29 Frame: 185 Frame from vFrameID : 186
Tcw:
[0.91441989, 0.30454534, 0.26662403, 0.16602781;
 0.14998893, 0.35687131, -0.92203373, -0.2571964;
 -0.37595153, 0.88311666, 0.28065178, 0.18067238;
 0, 0, 0, 1]
Twc:
[0.91441989, 0.14998893, -0.37595153, -0.045318477;
 0.30454534, 0.35687131, 0.88311666, -0.11833177;
 0.26662403, -0.92203373, 0.28065178, -0.33211678;
 0, 0, 0, 1]
Ow:
[0.16602781;
 -0.2571964;
 0.18067238]
Keyframe: 30 Frame: 196 Frame from vFrameID : 197
Tcw:
[0.91202319, 0.31998029, 0.25656644, 0.18580303;
 0.11795065, 0.39450368, -0.91129273, -0.3329325;
 -0.39281213, 0.86138231, 0.32205462, 0.24520233;
 0, 0, 0, 1]
Twc:
[0.91202319, 0.11795065, -0.39281213, -0.033868615;
 0.31998029, 0.39450368, 0.86138231, -0.13932315;
 0.25656644, -0.91129273, 0.32205462, -0.43003836;
 0, 0, 0, 1]
Ow:
[0.18580303;
 -0.3329325;
 0.24520233]
Keyframe: 31 Frame: 203 Frame from vFrameID : 204
Tcw:
[0.93434167, 0.26178008, 0.24181984, 0.1913555;
 0.12999569, 0.38144425, -0.91520566, -0.33767211;
 -0.33182341, 0.88655031, 0.32236898, 0.27618325;
 0, 0, 0, 1]
Twc:
[0.93434167, 0.12999569, -0.33182341, -0.043251432;
 0.26178008, 0.38144425, 0.88655031, -0.1661403;
 0.24181984, -0.91520566, 0.32236898, -0.44434589;
 0, 0, 0, 1]
Ow:
[0.1913555;
 -0.33767211;
 0.27618325]
Keyframe: 32 Frame: 211 Frame from vFrameID : 212
Tcw:
[0.93763059, 0.25222254, 0.23923357, 0.22810012;
 0.13070115, 0.38191482, -0.91490889, -0.38222891;
 -0.32212746, 0.88911468, 0.32512924, 0.33574358;
 0, 0, 0, 1]
Twc:
[0.93763059, 0.13070115, -0.32212746, -0.055763666;
 0.25222254, 0.38191482, 0.88911468, -0.21006764;
 0.23923357, -0.91490889, 0.32512924, -0.51343387;
 0, 0, 0, 1]
Ow:
[0.22810012;
 -0.38222891;
 0.33574358]
Keyframe: 33 Frame: 218 Frame from vFrameID : 219
Tcw:
[0.90946007, 0.28678355, 0.3010608, 0.20734951;
 0.16202304, 0.42239639, -0.89181268, -0.41691875;
 -0.3829242, 0.85984677, 0.3376871, 0.40435359;
 0, 0, 0, 1]
Twc:
[0.90946007, 0.16202304, -0.3829242, 0.033811107;
 0.28678355, 0.42239639, 0.85984677, -0.23104158;
 0.3010608, -0.89181268, 0.3376871, -0.5707832;
 0, 0, 0, 1]
Ow:
[0.20734951;
 -0.41691875;
 0.40435359]
Keyframe: 34 Frame: 225 Frame from vFrameID : 226
Tcw:
[0.90498614, 0.29436123, 0.3071669, 0.08448267;
 0.15006302, 0.45473176, -0.8778953, -0.2800898;
 -0.39809686, 0.84057748, 0.36735323, 0.42279953;
 0, 0, 0, 1]
Twc:
[0.90498614, 0.15006302, -0.39809686, 0.13389064;
 0.29436123, 0.45473176, 0.84057748, -0.25289845;
 0.3071669, -0.8778953, 0.36735323, -0.42715654;
 0, 0, 0, 1]
Ow:
[0.08448267;
 -0.2800898;
 0.42279953]
Keyframe: 35 Frame: 231 Frame from vFrameID : 232
Tcw:
[0.90909934, 0.29195285, 0.29715642, 0.068389669;
 0.19105732, 0.34167057, -0.92019475, -0.29645991;
 -0.37018308, 0.89332235, 0.25483274, 0.60678321;
 0, 0, 0, 1]
Twc:
[0.90909934, 0.19105732, -0.37018308, 0.21908867;
 0.29195285, 0.34167057, 0.89332235, -0.46072787;
 0.29715642, -0.92019475, 0.25483274, -0.44775149;
 0, 0, 0, 1]
Ow:
[0.068389669;
 -0.29645991;
 0.60678321]
Keyframe: 36 Frame: 237 Frame from vFrameID : 238
Tcw:
[0.93400091, 0.2584717, 0.24664694, 0.22185341;
 0.15429538, 0.33084124, -0.93098712, -0.39086333;
 -0.32223478, 0.90759927, 0.26912504, 0.56190896;
 0, 0, 0, 1]
Twc:
[0.93400091, 0.15429538, -0.32223478, 0.034163747;
 0.2584717, 0.33084124, 0.90759927, -0.43801728;
 0.24664694, -0.93098712, 0.26912504, -0.56983197;
 0, 0, 0, 1]
Ow:
[0.22185341;
 -0.39086333;
 0.56190896]
Keyframe: 37 Frame: 244 Frame from vFrameID : 245
Tcw:
[0.93065703, 0.25731239, 0.26013032, 0.21160097;
 0.17145078, 0.3213869, -0.93129754, -0.42602307;
 -0.32323685, 0.91131818, 0.25498459, 0.66823375;
 0, 0, 0, 1]
Twc:
[0.93065703, 0.17145078, -0.32323685, 0.092111841;
 0.25731239, 0.3213869, 0.91131818, -0.52650285;
 0.26013032, -0.93129754, 0.25498459, -0.62218738;
 0, 0, 0, 1]
Ow:
[0.21160097;
 -0.42602307;
 0.66823375]
Keyframe: 38 Frame: 252 Frame from vFrameID : 253
Tcw:
[0.92913926, 0.24598049, 0.27603233, 0.24450175;
 0.19241831, 0.31580114, -0.92910969, -0.46645099;
 -0.31571418, 0.91638595, 0.2460921, 0.68974447;
 0, 0, 0, 1]
Twc:
[0.92913926, 0.19241831, -0.31571418, 0.080339655;
 0.24598049, 0.31580114, 0.91638595, -0.54490906;
 0.27603233, -0.92910969, 0.2460921, -0.6706152;
 0, 0, 0, 1]
Ow:
[0.24450175;
 -0.46645099;
 0.68974447]
Keyframe: 39 Frame: 258 Frame from vFrameID : 259
Tcw:
[0.90480506, 0.24480461, 0.34842288, 0.074025154;
 0.2526421, 0.35004506, -0.90202022, -0.49725336;
 -0.34278241, 0.90417874, 0.25487459, 0.81592453;
 0, 0, 0, 1]
Twc:
[0.90480506, 0.2526421, -0.34278241, 0.33833334;
 0.24480461, 0.35004506, 0.90417874, -0.58180219;
 0.34842288, -0.90202022, 0.25487459, -0.68228304;
 0, 0, 0, 1]
Ow:
[0.074025154;
 -0.49725336;
 0.81592453]
Keyframe: 40 Frame: 265 Frame from vFrameID : 266
Tcw:
[0.90658462, 0.25359553, 0.33733317, 0.13779226;
 0.24769168, 0.32743827, -0.91182947, -0.53374481;
 -0.34169167, 0.91020519, 0.23403698, 0.81818521;
 0, 0, 0, 1]
Twc:
[0.90658462, 0.24769168, -0.34169167, 0.28685087;
 0.25359553, 0.32743827, 0.91020519, -0.60489148;
 0.33733317, -0.91182947, 0.23403698, -0.72465175;
 0, 0, 0, 1]
Ow:
[0.13779226;
 -0.53374481;
 0.81818521]
Keyframe: 41 Frame: 272 Frame from vFrameID : 273
Tcw:
[0.90839839, 0.25701848, 0.32977858, 0.13653284;
 0.22598463, 0.36178774, -0.90445596, -0.54538423;
 -0.35177174, 0.89613122, 0.27056518, 0.84431899;
 0, 0, 0, 1]
Twc:
[0.90839839, 0.22598463, -0.35177174, 0.29622978;
 0.25701848, 0.36178774, 0.89613122, -0.59439868;
 0.32977858, -0.90445596, 0.27056518, -0.76674491;
 0, 0, 0, 1]
Ow:
[0.13653284;
 -0.54538423;
 0.84431899]
Keyframe: 42 Frame: 280 Frame from vFrameID : 281
Tcw:
[0.90785378, 0.27290297, 0.31831658, 0.16575843;
 0.20130348, 0.38226849, -0.90185791, -0.54767239;
 -0.36780211, 0.88283336, 0.29210758, 0.8474381;
 0, 0, 0, 1]
Twc:
[0.90785378, 0.20130348, -0.36780211, 0.27145347;
 0.27290297, 0.38226849, 0.88283336, -0.58402473;
 0.31831658, -0.90185791, 0.29210758, -0.79422945;
 0, 0, 0, 1]
Ow:
[0.16575843;
 -0.54767239;
 0.8474381]
Keyframe: 43 Frame: 287 Frame from vFrameID : 288
Tcw:
[0.88608986, 0.29910186, 0.35409436, 0.19256648;
 0.22105817, 0.39876312, -0.89001197, -0.56657636;
 -0.40740401, 0.86690599, 0.28722104, 0.8507179;
 0, 0, 0, 1]
Twc:
[0.88608986, 0.22105817, -0.40740401, 0.30120102;
 0.29910186, 0.39876312, 0.86690599, -0.56915975;
 0.35409436, -0.89001197, 0.28722104, -0.81679052;
 0, 0, 0, 1]
Ow:
[0.19256648;
 -0.56657636;
 0.8507179]
Keyframe: 44 Frame: 295 Frame from vFrameID : 296
Tcw:
[0.91073418, 0.28242844, 0.30132616, -0.0083800256;
 0.18220532, 0.3799957, -0.90686518, -0.35729027;
 -0.37062716, 0.88081634, 0.29461512, 0.94320464;
 0, 0, 0, 1]
Twc:
[0.91073418, 0.18220532, -0.37062716, 0.42230943;
 0.28242844, 0.3799957, 0.88081634, -0.69265455;
 0.30132616, -0.90686518, 0.29461512, -0.59937131;
 0, 0, 0, 1]
Ow:
[-0.0083800256;
 -0.35729027;
 0.94320464]
Keyframe: 45 Frame: 302 Frame from vFrameID : 303
Tcw:
[0.93605071, 0.22771706, 0.26824245, -0.048152089;
 0.16264233, 0.39600542, -0.90372962, -0.2960881;
 -0.31202012, 0.88956434, 0.33364472, 0.94979233;
 0, 0, 0, 1]
Twc:
[0.93605071, 0.16264233, -0.31202012, 0.38958353;
 0.22771706, 0.39600542, 0.88956434, -0.7166838;
 0.26824245, -0.90372962, 0.33364472, -0.57156032;
 0, 0, 0, 1]
Ow:
[-0.048152089;
 -0.2960881;
 0.94979233]
Keyframe: 46 Frame: 310 Frame from vFrameID : 311
Tcw:
[0.9357177, 0.22599621, 0.27084696, 0.0087935179;
 0.16986512, 0.38425016, -0.90746772, -0.34611341;
 -0.30915725, 0.89514107, 0.32116082, 0.96202409;
 0, 0, 0, 1]
Twc:
[0.9357177, 0.16986512, -0.30915725, 0.34798107;
 0.22599621, 0.38425016, 0.89514107, -0.73014039;
 0.27084696, -0.90746772, 0.32116082, -0.62543285;
 0, 0, 0, 1]
Ow:
[0.0087935179;
 -0.34611341;
 0.96202409]
Keyframe: 47 Frame: 319 Frame from vFrameID : 320
Tcw:
[0.91562063, 0.27972427, 0.28877875, 0.034520209;
 0.15875287, 0.40836141, -0.89890963, -0.33170488;
 -0.36937293, 0.86890465, 0.32949713, 0.98964858;
 0, 0, 0, 1]
Twc:
[0.91562063, 0.15875287, -0.36937293, 0.38660109;
 0.27972427, 0.40836141, 0.86890465, -0.73411095;
 0.28877875, -0.89890963, 0.32949713, -0.63422775;
 0, 0, 0, 1]
Ow:
[0.034520209;
 -0.33170488;
 0.98964858]
Keyframe: 48 Frame: 327 Frame from vFrameID : 328
Tcw:
[0.92346746, 0.29472739, 0.24564938, 0.093439922;
 0.11394506, 0.40069288, -0.9090994, -0.32711861;
 -0.36636645, 0.86751425, 0.33644411, 1.0154377;
 0, 0, 0, 1]
Twc:
[0.92346746, 0.11394506, -0.36636645, 0.32300714;
 0.29472739, 0.40069288, 0.86751425, -0.77737188;
 0.24564938, -0.9090994, 0.33644411, -0.66197485;
 0, 0, 0, 1]
Ow:
[0.093439922;
 -0.32711861;
 1.0154377]
Keyframe: 49 Frame: 335 Frame from vFrameID : 336
Tcw:
[0.94210613, 0.26048145, 0.21115269, 0.12221105;
 0.099421695, 0.3844015, -0.91779673, -0.34269178;
 -0.32023641, 0.88565511, 0.3362495, 1.0533452;
 0, 0, 0, 1]
Twc:
[0.94210613, 0.099421695, -0.32023641, 0.2562547;
 0.26048145, 0.3844015, 0.88565511, -0.83300298;
 0.21115269, -0.91779673, 0.3362495, -0.69451332;
 0, 0, 0, 1]
Ow:
[0.12221105;
 -0.34269178;
 1.0533452]
Keyframe: 50 Frame: 342 Frame from vFrameID : 343
Tcw:
[0.93230307, 0.2677837, 0.24311092, 0.13339552;
 0.13345562, 0.37003893, -0.91938066, -0.36050132;
 -0.33615565, 0.88958591, 0.30925119, 1.0704328;
 0, 0, 0, 1]
Twc:
[0.93230307, 0.13345562, -0.33615565, 0.28357792;
 0.2677837, 0.37003893, 0.88958591, -0.85456359;
 0.24311092, -0.91938066, 0.30925119, -0.69490045;
 0, 0, 0, 1]
Ow:
[0.13339552;
 -0.36050132;
 1.0704328]
Keyframe: 51 Frame: 348 Frame from vFrameID : 349
Tcw:
[0.92909187, 0.28437322, 0.23647444, 0.15196419;
 0.11834675, 0.37717494, -0.91854948, -0.36120206;
 -0.3504031, 0.88140279, 0.31677553, 1.0883116;
 0, 0, 0, 1]
Twc:
[0.92909187, 0.11834675, -0.3504031, 0.28290614;
 0.28437322, 0.37717494, 0.88140279, -0.8662191;
 0.23647444, -0.91854948, 0.31677553, -0.71246809;
 0, 0, 0, 1]
Ow:
[0.15196419;
 -0.36120206;
 1.0883116]
Keyframe: 52 Frame: 356 Frame from vFrameID : 357
Tcw:
[0.94418275, 0.25178185, 0.21242617, 0.033894211;
 0.12478985, 0.32341421, -0.93799293, -0.31481975;
 -0.30487123, 0.91214538, 0.27394229, 1.2814029;
 0, 0, 0, 1]
Twc:
[0.94418275, 0.12478985, -0.30487123, 0.39794689;
 0.25178185, 0.32341421, 0.91214538, -1.0755426;
 0.21242617, -0.93799293, 0.27394229, -0.65352917;
 0, 0, 0, 1]
Ow:
[0.033894211;
 -0.31481975;
 1.2814029]
Keyframe: 53 Frame: 363 Frame from vFrameID : 364
Tcw:
[0.944341, 0.23819323, 0.22690102, 0.060534075;
 0.13571312, 0.34622675, -0.9282828, -0.34923211;
 -0.29966989, 0.90740895, 0.29463017, 1.284525;
 0, 0, 0, 1]
Twc:
[0.944341, 0.13571312, -0.29966989, 0.37516403;
 0.23819323, 0.34622675, 0.90740895, -1.0590948;
 0.22690102, -0.9282828, 0.29463017, -0.71638125;
 0, 0, 0, 1]
Ow:
[0.060534075;
 -0.34923211;
 1.284525]
Keyframe: 54 Frame: 370 Frame from vFrameID : 371
Tcw:
[0.90589029, 0.27821624, 0.31930944, 0.056469232;
 0.19799037, 0.38828474, -0.90001935, -0.40567067;
 -0.37438297, 0.87853897, 0.29665923, 1.2919862;
 0, 0, 0, 1]
Twc:
[0.90589029, 0.19799037, -0.37438297, 0.51286161;
 0.27821624, 0.38828474, 0.87853897, -0.9932552;
 0.31930944, -0.90001935, 0.29665923, -0.76642221;
 0, 0, 0, 1]
Ow:
[0.056469232;
 -0.40567067;
 1.2919862]
Keyframe: 55 Frame: 378 Frame from vFrameID : 379
Tcw:
[0.88844222, 0.29895234, 0.34827852, 0.066802889;
 0.21357889, 0.40237164, -0.89021409, -0.43577427;
 -0.40626898, 0.86528873, 0.29363403, 1.3191878;
 0, 0, 0, 1]
Twc:
[0.88844222, 0.21357889, -0.40626898, 0.56966674;
 0.29895234, 0.40237164, 0.86528873, -0.98610592;
 0.34827852, -0.89021409, 0.29363403, -0.7985568;
 0, 0, 0, 1]
Ow:
[0.066802889;
 -0.43577427;
 1.3191878]
Keyframe: 56 Frame: 386 Frame from vFrameID : 387
Tcw:
[0.91804349, 0.29296994, 0.26714194, -0.068643332;
 0.14656764, 0.37528116, -0.91524971, -0.28567582;
 -0.36839399, 0.87939334, 0.30158451, 1.4189495;
 0, 0, 0, 1]
Twc:
[0.91804349, 0.14656764, -0.36839399, 0.62762082;
 0.29296994, 0.37528116, 0.87939334, -1.1204956;
 0.26714194, -0.91524971, 0.30158451, -0.67106032;
 0, 0, 0, 1]
Ow:
[-0.068643332;
 -0.28567582;
 1.4189495]
Keyframe: 57 Frame: 394 Frame from vFrameID : 395
Tcw:
[0.9265033, 0.28390139, 0.24696492, -0.037243545;
 0.13335049, 0.3659997, -0.92101133, -0.30832988;
 -0.3518655, 0.88625294, 0.30124152, 1.4379401;
 0, 0, 0, 1]
Twc:
[0.9265033, 0.13335049, -0.3518655, 0.58158368;
 0.28390139, 0.3659997, 0.88625294, -1.1509565;
 0.24696492, -0.92101133, 0.30124152, -0.70794481;
 0, 0, 0, 1]
Ow:
[-0.037243545;
 -0.30832988;
 1.4379401]
Keyframe: 58 Frame: 403 Frame from vFrameID : 404
Tcw:
[0.9127726, 0.304488, 0.27227423, -0.0020477474;
 0.14786185, 0.37506333, -0.91513079, -0.35757706;
 -0.38076642, 0.87556529, 0.29732537, 1.4680119;
 0, 0, 0, 1]
Twc:
[0.9127726, 0.14786185, -0.38076642, 0.6137107;
 0.304488, 0.37506333, 0.87556529, -1.1506026;
 0.27227423, -0.91513079, 0.29732537, -0.76314938;
 0, 0, 0, 1]
Ow:
[-0.0020477474;
 -0.35757706;
 1.4680119]
Keyframe: 59 Frame: 412 Frame from vFrameID : 413
Tcw:
[0.9011355, 0.30039459, 0.31259853, 0.0090460181;
 0.18141226, 0.39360619, -0.90120131, -0.36880496;
 -0.39375672, 0.86881369, 0.30019724, 1.486504;
 0, 0, 0, 1]
Twc:
[0.9011355, 0.18141226, -0.39375672, 0.64407498;
 0.30039459, 0.39360619, 0.86881369, -1.1490486;
 0.31259853, -0.90120131, 0.30019724, -0.78143972;
 0, 0, 0, 1]
Ow:
[0.0090460181;
 -0.36880496;
 1.486504]
Keyframe: 60 Frame: 420 Frame from vFrameID : 421
Tcw:
[0.91230446, 0.29159701, 0.28752702, 0.038616136;
 0.16193266, 0.38801968, -0.90731388, -0.37887809;
 -0.37613615, 0.8743065, 0.30677301, 1.5013622;
 0, 0, 0, 1]
Twc:
[0.91230446, 0.16193266, -0.37613615, 0.59083974;
 0.29159701, 0.38801968, 0.8743065, -1.1768991;
 0.28752702, -0.90731388, 0.30677301, -0.81544203;
 0, 0, 0, 1]
Ow:
[0.038616136;
 -0.37887809;
 1.5013622]
Keyframe: 61 Frame: 429 Frame from vFrameID : 430
Tcw:
[0.91787547, 0.28161258, 0.27964085, 0.044968814;
 0.14941935, 0.40755501, -0.9008733, -0.3948645;
 -0.3676663, 0.86867326, 0.33200639, 1.5339221;
 0, 0, 0, 1]
Twc:
[0.91787547, 0.14941935, -0.3676663, 0.58169603;
 0.28161258, 0.40755501, 0.86867326, -1.1842119;
 0.27964085, -0.9008733, 0.33200639, -0.87756991;
 0, 0, 0, 1]
Ow:
[0.044968814;
 -0.3948645;
 1.5339221]
Keyframe: 62 Frame: 437 Frame from vFrameID : 438
Tcw:
[0.9172042, 0.28513008, 0.27827564, 0.042159244;
 0.14851332, 0.4034344, -0.90287566, -0.38092932;
 -0.36970297, 0.86944896, 0.3276861, 1.5516548;
 0, 0, 0, 1]
Twc:
[0.9172042, 0.14851332, -0.36970297, 0.59155583;
 0.28513008, 0.4034344, 0.86944896, -1.2074256;
 0.27827564, -0.90287566, 0.3276861, -0.86411947;
 0, 0, 0, 1]
Ow:
[0.042159244;
 -0.38092932;
 1.5516548]
Keyframe: 63 Frame: 445 Frame from vFrameID : 446
Tcw:
[0.89529848, 0.28649825, 0.341115, 0.0037221909;
 0.21338864, 0.39635202, -0.89295596, -0.44526625;
 -0.39103192, 0.87225217, 0.29371789, 1.6896188;
 0, 0, 0, 1]
Twc:
[0.89529848, 0.21338864, -0.39103192, 0.75237721;
 0.28649825, 0.39635202, 0.87225217, -1.298358;
 0.341115, -0.89295596, 0.29371789, -0.89514416;
 0, 0, 0, 1]
Ow:
[0.0037221909;
 -0.44526625;
 1.6896188]
Keyframe: 64 Frame: 454 Frame from vFrameID : 455
Tcw:
[0.91159397, 0.2829822, 0.29819041, 0.024441957;
 0.17553924, 0.38795525, -0.90480757, -0.4382332;
 -0.37172896, 0.8771612, 0.30398318, 1.6986921;
 0, 0, 0, 1]
Twc:
[0.91159397, 0.17553924, -0.37172896, 0.68609905;
 0.2829822, 0.38795525, 0.8771612, -1.3269286;
 0.29819041, -0.90480757, 0.30398318, -0.92017883;
 0, 0, 0, 1]
Ow:
[0.024441957;
 -0.4382332;
 1.6986921]
Keyframe: 65 Frame: 463 Frame from vFrameID : 464
Tcw:
[0.92843866, 0.24584177, 0.27850217, 0.034731328;
 0.16379797, 0.40197137, -0.90088248, -0.43421045;
 -0.33342445, 0.88203222, 0.33293739, 1.7010831;
 0, 0, 0, 1]
Twc:
[0.92843866, 0.16379797, -0.33342445, 0.60605955;
 0.24584177, 0.40197137, 0.88203222, -1.3344083;
 0.27850217, -0.90088248, 0.33293739, -0.9671995;
 0, 0, 0, 1]
Ow:
[0.034731328;
 -0.43421045;
 1.7010831]
Keyframe: 66 Frame: 471 Frame from vFrameID : 472
Tcw:
[0.92688453, 0.24830005, 0.28148207, 0.05316031;
 0.16551241, 0.40270284, -0.90024221, -0.44665721;
 -0.33688381, 0.88100934, 0.33216229, 1.7201803;
 0, 0, 0, 1]
Twc:
[0.92688453, 0.16551241, -0.33688381, 0.60415477;
 0.24830005, 0.40270284, 0.88100934, -1.3488245;
 0.28148207, -0.90024221, 0.33216229, -0.98844242;
 0, 0, 0, 1]
Ow:
[0.05316031;
 -0.44665721;
 1.7201803]
Keyframe: 67 Frame: 481 Frame from vFrameID : 482
Tcw:
[0.91005087, 0.28919283, 0.29694265, 0.023046523;
 0.15955473, 0.4167794, -0.89489508, -0.42391989;
 -0.38255683, 0.86177868, 0.33314839, 1.7506236;
 0, 0, 0, 1]
Twc:
[0.91005087, 0.15955473, -0.38255683, 0.71637785;
 0.28919283, 0.4167794, 0.86177868, -1.3386338;
 0.29694265, -0.89489508, 0.33314839, -0.96942466;
 0, 0, 0, 1]
Ow:
[0.023046523;
 -0.42391989;
 1.7506236]
Keyframe: 68 Frame: 490 Frame from vFrameID : 491
Tcw:
[0.92124581, 0.29143435, 0.25762787, 0.04624474;
 0.12695941, 0.4007625, -0.90734267, -0.43234399;
 -0.3676784, 0.86859393, 0.33220047, 1.781419;
 0, 0, 0, 1]
Twc:
[0.92124581, 0.12695941, -0.3676784, 0.66727674;
 0.29143435, 0.4007625, 0.86859393, -1.3875399;
 0.25762787, -0.90734267, 0.33220047, -0.99598634;
 0, 0, 0, 1]
Ow:
[0.04624474;
 -0.43234399;
 1.781419]
Keyframe: 69 Frame: 498 Frame from vFrameID : 499
Tcw:
[0.945337, 0.23887415, 0.22198446, 0.068435311;
 0.11278975, 0.39920226, -0.90989894, -0.47951478;
 -0.30596805, 0.88519865, 0.35043809, 1.8507218;
 0, 0, 0, 1]
Twc:
[0.945337, 0.11278975, -0.30596805, 0.55565161;
 0.23887415, 0.39920226, 0.88519865, -1.4631805;
 0.22198446, -0.90989894, 0.35043809, -1.100065;
 0, 0, 0, 1]
Ow:
[0.068435311;
 -0.47951478;
 1.8507218]
Keyframe: 70 Frame: 505 Frame from vFrameID : 506
Tcw:
[0.93312138, 0.25316218, 0.25532997, 0.044845492;
 0.15770459, 0.35000601, -0.92337698, -0.41232175;
 -0.32313114, 0.9018895, 0.28667325, 1.9212115;
 0, 0, 0, 1]
Twc:
[0.93312138, 0.15770459, -0.32313114, 0.64398205;
 0.25316218, 0.35000601, 0.9018895, -1.5997586;
 0.25532997, -0.92337698, 0.28667325, -0.9429388;
 0, 0, 0, 1]
Ow:
[0.044845492;
 -0.41232175;
 1.9212115]
Keyframe: 71 Frame: 514 Frame from vFrameID : 515
Tcw:
[0.90302157, 0.29423517, 0.31301388, -0.016597837;
 0.18956324, 0.38093773, -0.9049598, -0.38697731;
 -0.38550979, 0.87653416, 0.2882188, 1.9924039;
 0, 0, 0, 1]
Twc:
[0.90302157, 0.18956324, -0.38550979, 0.85643607;
 0.29423517, 0.38093773, 0.87653416, -1.5941122;
 0.31301388, -0.9049598, 0.2882188, -0.91925186;
 0, 0, 0, 1]
Ow:
[-0.016597837;
 -0.38697731;
 1.9924039]
Keyframe: 72 Frame: 522 Frame from vFrameID : 523
Tcw:
[0.91953844, 0.2987695, 0.25531524, -0.06964469;
 0.11757229, 0.41076881, -0.90412706, -0.31881434;
 -0.37500116, 0.86139756, 0.34259069, 1.9877472;
 0, 0, 0, 1]
Twc:
[0.91953844, 0.11757229, -0.37500116, 0.84693211;
 0.2987695, 0.41076881, 0.86139756, -1.5604739;
 0.25531524, -0.90412706, 0.34259069, -0.951451;
 0, 0, 0, 1]
Ow:
[-0.06964469;
 -0.31881434;
 1.9877472]
Keyframe: 73 Frame: 531 Frame from vFrameID : 532
Tcw:
[0.91689402, 0.26417372, 0.29919496, -0.052775055;
 0.17108658, 0.41712484, -0.89260083, -0.39037251;
 -0.36060333, 0.86960858, 0.33726269, 2.0574083;
 0, 0, 0, 1]
Twc:
[0.91689402, 0.17108658, -0.36060333, 0.85708487;
 0.26417372, 0.41712484, 0.86960858, -1.6123641;
 0.29919496, -0.89260083, 0.33726269, -1.0265439;
 0, 0, 0, 1]
Ow:
[-0.052775055;
 -0.39037251;
 2.0574083]
Keyframe: 74 Frame: 540 Frame from vFrameID : 541
Tcw:
[0.88501871, 0.29674155, 0.35872874, -0.031953931;
 0.21039096, 0.43244189, -0.87677228, -0.40747207;
 -0.41530409, 0.85143316, 0.32028747, 2.0697567;
 0, 0, 0, 1]
Twc:
[0.88501871, 0.21039096, -0.41530409, 0.9735868;
 0.29674155, 0.43244189, 0.85143316, -1.5765696;
 0.35872874, -0.87677228, 0.32028747, -1.0087146;
 0, 0, 0, 1]
Ow:
[-0.031953931;
 -0.40747207;
 2.0697567]
Keyframe: 75 Frame: 548 Frame from vFrameID : 549
Tcw:
[0.88608384, 0.29069465, 0.36104301, -0.0066629648;
 0.21086478, 0.44084817, -0.87246144, -0.40595812;
 -0.41278499, 0.8492052, 0.32933119, 2.0761623;
 0, 0, 0, 1]
Twc:
[0.88608384, 0.21086478, -0.41278499, 0.948515;
 0.29069465, 0.44084817, 0.8492052, -1.5821853;
 0.36104301, -0.87246144, 0.32933119, -1.0355222;
 0, 0, 0, 1]
Ow:
[-0.0066629648;
 -0.40595812;
 2.0761623]
Keyframe: 76 Frame: 556 Frame from vFrameID : 557
Tcw:
[0.92029148, 0.26783755, 0.28517818, -0.00446859;
 0.14350972, 0.44700763, -0.88294345, -0.41188288;
 -0.36396223, 0.85349119, 0.37294003, 2.0837052;
 0, 0, 0, 1]
Twc:
[0.92029148, 0.14350972, -0.36396223, 0.82161164;
 0.26783755, 0.44700763, 0.85349119, -1.5931123;
 0.28517818, -0.88294345, 0.37294003, -1.139492;
 0, 0, 0, 1]
Ow:
[-0.00446859;
 -0.41188288;
 2.0837052]
Keyframe: 77 Frame: 563 Frame from vFrameID : 564
Tcw:
[0.92931545, 0.24775405, 0.2738443, 0.011847287;
 0.13973115, 0.45050311, -0.88177216, -0.41443449;
 -0.34183034, 0.85770911, 0.38404053, 2.098953;
 0, 0, 0, 1]
Twc:
[0.92931545, 0.13973115, -0.34183034, 0.76438534;
 0.24775405, 0.45050311, 0.85770911, -1.6165222;
 0.2738443, -0.88177216, 0.38404053, -1.1747642;
 0, 0, 0, 1]
Ow:
[0.011847287;
 -0.41443449;
 2.098953]
Keyframe: 78 Frame: 569 Frame from vFrameID : 570
Tcw:
[0.9222573, 0.25880492, 0.28716102, 0.020737737;
 0.15496972, 0.43301669, -0.88796449, -0.42229891;
 -0.35415509, 0.863433, 0.35924587, 2.1113257;
 0, 0, 0, 1]
Twc:
[0.9222573, 0.15496972, -0.35415509, 0.79405475;
 0.25880492, 0.43301669, 0.863433, -1.6454929;
 0.28716102, -0.88796449, 0.35924587, -1.1394266;
 0, 0, 0, 1]
Ow:
[0.020737737;
 -0.42229891;
 2.1113257]
Keyframe: 79 Frame: 576 Frame from vFrameID : 577
Tcw:
[0.89719456, 0.31788221, 0.30658245, -0.001896888;
 0.15398796, 0.42546162, -0.89177918, -0.42558557;
 -0.41391981, 0.84730947, 0.33277181, 2.2343082;
 0, 0, 0, 1]
Twc:
[0.89719456, 0.15398796, -0.41391981, 0.99206138;
 0.31788221, 0.42546162, 0.84730947, -1.7114772;
 0.30658245, -0.89177918, 0.33277181, -1.1224616;
 0, 0, 0, 1]
Ow:
[-0.001896888;
 -0.42558557;
 2.2343082]
Keyframe: 80 Frame: 582 Frame from vFrameID : 583
Tcw:
[0.9155246, 0.31081513, 0.25535992, 0.0028209388;
 0.11602148, 0.4038032, -0.90745908, -0.43019676;
 -0.38516718, 0.86042833, 0.33363053, 2.2374923;
 0, 0, 0, 1]
Twc:
[0.9155246, 0.11602148, -0.38516718, 0.90913802;
 0.31081513, 0.4038032, 0.86042833, -1.7523637;
 0.25535992, -0.90745908, 0.33363053, -1.1376021;
 0, 0, 0, 1]
Ow:
[0.0028209388;
 -0.43019676;
 2.2374923]
Keyframe: 81 Frame: 588 Frame from vFrameID : 589
Tcw:
[0.93350548, 0.26353955, 0.24313471, -0.0014733672;
 0.11599904, 0.41965076, -0.90024298, -0.42973542;
 -0.33928132, 0.86858511, 0.36117595, 2.2792828;
 0, 0, 0, 1]
Twc:
[0.93350548, 0.11599904, -0.33928132, 0.82454228;
 0.26353955, 0.41965076, 0.86858511, -1.799024;
 0.24313471, -0.90024298, 0.36117595, -1.2097301;
 0, 0, 0, 1]
Ow:
[-0.0014733672;
 -0.42973542;
 2.2792828]
Keyframe: 82 Frame: 594 Frame from vFrameID : 595
Tcw:
[0.93514216, 0.26450622, 0.23568116, 0.0083157122;
 0.11606648, 0.39979661, -0.90922564, -0.43382764;
 -0.33472037, 0.87760991, 0.34316635, 2.3034625;
 0, 0, 0, 1]
Twc:
[0.93514216, 0.11606648, -0.33472037, 0.81359226;
 0.26450622, 0.39979661, 0.87760991, -1.8502983;
 0.23568116, -0.90922564, 0.34316635, -1.1868778;
 0, 0, 0, 1]
Ow:
[0.0083157122;
 -0.43382764;
 2.3034625]
Keyframe: 83 Frame: 600 Frame from vFrameID : 601
Tcw:
[0.9215886, 0.28515312, 0.26336691, 0.021211892;
 0.13514172, 0.40033627, -0.90634847, -0.43246347;
 -0.36388341, 0.87087232, 0.33040926, 2.2989793;
 0, 0, 0, 1]
Twc:
[0.9215886, 0.13514172, -0.36388341, 0.87545562;
 0.28515312, 0.40033627, 0.87087232, -1.8350351;
 0.26336691, -0.90634847, 0.33040926, -1.1571531;
 0, 0, 0, 1]
Ow:
[0.021211892;
 -0.43246347;
 2.2989793]
Keyframe: 84 Frame: 607 Frame from vFrameID : 608
Tcw:
[0.90976381, 0.28645194, 0.30045819, 0.026644796;
 0.1614985, 0.42253458, -0.89184237, -0.46014011;
 -0.38242394, 0.85988939, 0.33814511, 2.3274224;
 0, 0, 0, 1]
Twc:
[0.90976381, 0.1614985, -0.38242394, 0.94013351;
 0.28645194, 0.42253458, 0.85988939, -1.8145332;
 0.30045819, -0.89184237, 0.33814511, -1.2053846;
 0, 0, 0, 1]
Ow:
[0.026644796;
 -0.46014011;
 2.3274224]
Keyframe: 85 Frame: 615 Frame from vFrameID : 616
Tcw:
[0.92990917, 0.27728185, 0.24162725, 0.032424569;
 0.12056096, 0.39086178, -0.91251963, -0.46265841;
 -0.34746799, 0.87769121, 0.33003658, 2.3545601;
 0, 0, 0, 1]
Twc:
[0.92990917, 0.12056096, -0.34746799, 0.84376091;
 0.27728185, 0.39086178, 0.87769121, -1.894732;
 0.24162725, -0.91251963, 0.33003658, -1.2071105;
 0, 0, 0, 1]
Ow:
[0.032424569;
 -0.46265841;
 2.3545601]
Keyframe: 86 Frame: 622 Frame from vFrameID : 623
Tcw:
[0.93941158, 0.24647298, 0.23823713, 0.025121361;
 0.12484273, 0.40126523, -0.9074142, -0.4700731;
 -0.31924936, 0.88217759, 0.34618285, 2.3984344;
 0, 0, 0, 1]
Twc:
[0.93941158, 0.12484273, -0.31924936, 0.80078447;
 0.24647298, 0.40126523, 0.88217759, -1.9334127;
 0.23823713, -0.9074142, 0.34618285, -1.2628326;
 0, 0, 0, 1]
Ow:
[0.025121361;
 -0.4700731;
 2.3984344]
Keyframe: 87 Frame: 628 Frame from vFrameID : 629
Tcw:
[0.92723745, 0.27939364, 0.24933897, 0.030260324;
 0.11784853, 0.41429156, -0.90248227, -0.45798898;
 -0.35544685, 0.86619955, 0.35122052, 2.3815224;
 0, 0, 0, 1]
Twc:
[0.92723745, 0.11784853, -0.35544685, 0.87241948;
 0.27939364, 0.41429156, 0.86619955, -1.8815874;
 0.24933897, -0.90248227, 0.35122052, -1.2573116;
 0, 0, 0, 1]
Ow:
[0.030260324;
 -0.45798898;
 2.3815224]
Keyframe: 88 Frame: 635 Frame from vFrameID : 636
Tcw:
[0.90504628, 0.31033164, 0.29083589, -0.024581254;
 0.1507007, 0.405462, -0.90160406, -0.36818594;
 -0.39771917, 0.85982257, 0.32019466, 2.4591346;
 0, 0, 0, 1]
Twc:
[0.90504628, 0.1507007, -0.39771917, 1.055778;
 0.31033164, 0.405462, 0.85982257, -1.9575057;
 0.29083589, -0.90160406, 0.32019466, -1.1122106;
 0, 0, 0, 1]
Ow:
[-0.024581254;
 -0.36818594;
 2.4591346]
Keyframe: 89 Frame: 641 Frame from vFrameID : 642
Tcw:
[0.90018547, 0.32569477, 0.28911778, -0.02223736;
 0.13556196, 0.42133296, -0.89671707, -0.44432503;
 -0.4138709, 0.84640503, 0.33512595, 2.4847381;
 0, 0, 0, 1]
Twc:
[0.90018547, 0.13556196, -0.4138709, 1.1086121;
 0.32569477, 0.42133296, 0.84640503, -1.9086434;
 0.28911778, -0.89671707, 0.33512595, -1.2247049;
 0, 0, 0, 1]
Ow:
[-0.02223736;
 -0.44432503;
 2.4847381]
Keyframe: 90 Frame: 649 Frame from vFrameID : 650
Tcw:
[0.92919791, 0.26978901, 0.25259686, 0.0031414628;
 0.12555702, 0.41237959, -0.90231842, -0.44584936;
 -0.34760138, 0.87014765, 0.34930831, 2.5099351;
 0, 0, 0, 1]
Twc:
[0.92919791, 0.12555702, -0.34760138, 0.92551738;
 0.26978901, 0.41237959, 0.87014765, -2.0010026;
 0.25259686, -0.90231842, 0.34930831, -1.2798328;
 0, 0, 0, 1]
Ow:
[0.0031414628;
 -0.44584936;
 2.5099351]
Keyframe: 91 Frame: 656 Frame from vFrameID : 657
Tcw:
[0.93257558, 0.26845604, 0.2413175, 0.013477534;
 0.11057713, 0.42392182, -0.89892322, -0.45214331;
 -0.34362113, 0.86499804, 0.36565405, 2.517025;
 0, 0, 0, 1]
Twc:
[0.93257558, 0.11057713, -0.34362113, 0.90233082;
 0.26845604, 0.42392182, 0.86499804, -1.9891664;
 0.2413175, -0.89892322, 0.36565405, -1.3300549;
 0, 0, 0, 1]
Ow:
[0.013477534;
 -0.45214331;
 2.517025]
Keyframe: 92 Frame: 662 Frame from vFrameID : 663
Tcw:
[0.91279238, 0.30550718, 0.27106348, 0.0074821115;
 0.12573729, 0.42124665, -0.89818782, -0.4599641;
 -0.38858742, 0.8539418, 0.34609708, 2.5342696;
 0, 0, 0, 1]
Twc:
[0.91279238, 0.12573729, -0.38858742, 1.0357903;
 0.30550718, 0.42124665, 0.8539418, -1.9726462;
