Keyframe: 0 Frame: 0 Frame from vFrameID : 184
Tcw:
[0.93056619, 0.26229048, 0.25544137, 0.03551612;
 0.15527157, 0.34911519, -0.92412627, -0.093413867;
 -0.33156797, 0.89962339, 0.28414854, 0.063095286;
 0, 0, 0, 1]
Twc:
[0.93056619, 0.15527157, -0.33156797, 0.0023747906;
 0.26229048, 0.34911519, 0.89962339, -0.033465333;
 0.25544137, -0.92412627, 0.28414854, -0.11332692;
 0, 0, 0, 1]
Ow:
[0.03551612;
 -0.093413867;
 0.063095286]
Keyframe: 1 Frame: 183 Frame from vFrameID : 184
Tcw:
[0.92115247, 0.27695987, 0.27344346, 0.032051262;
 0.1619828, 0.36602041, -0.91640091, -0.094424166;
 -0.35389215, 0.88843811, 0.29229787, 0.062057324;
 0, 0, 0, 1]
Twc:
[0.92115247, 0.1619828, -0.35389215, 0.0077325925;
 0.27695987, 0.36602041, 0.88843811, -0.029449834;
 0.27344346, -0.91640091, 0.29229787, -0.11343382;
 0, 0, 0, 1]
Ow:
[0.032051262;
 -0.094424166;
 0.062057324]
Keyframe: 2 Frame: 185 Frame from vFrameID : 186
Tcw:
[0.91316473, 0.27867535, 0.29743949, 0.034101348;
 0.17335971, 0.3949022, -0.90221876, -0.10380019;
 -0.36888564, 0.87543833, 0.31229967, 0.064880304;
 0, 0, 0, 1]
Twc:
[0.91316473, 0.17335971, -0.36888564, 0.010788033;
 0.27867535, 0.3949022, 0.87543833, -0.025310991;
 0.29743949, -0.90221876, 0.31229967, -0.12405565;
 0, 0, 0, 1]
Ow:
[0.034101348;
 -0.10380019;
 0.064880304]
Keyframe: 3 Frame: 186 Frame from vFrameID : 187
Tcw:
[0.9130497, 0.28223148, 0.29442433, 0.035420526;
 0.16859625, 0.39614293, -0.90257746, -0.10739839;
 -0.37136987, 0.87373692, 0.31411499, 0.067636698;
 0, 0, 0, 1]
Twc:
[0.9130497, 0.16859625, -0.37136987, 0.0108845;
 0.28223148, 0.39614293, 0.87373692, -0.02654836;
 0.29442433, -0.90257746, 0.31411499, -0.12860973;
 0, 0, 0, 1]
Ow:
[0.035420526;
 -0.10739839;
 0.067636698]
Keyframe: 4 Frame: 188 Frame from vFrameID : 189
Tcw:
[0.91745847, 0.28867018, 0.27375075, 0.03734516;
 0.15181288, 0.38199827, -0.91160858, -0.10567734;
 -0.36772653, 0.87792188, 0.30664369, 0.069651045;
 0, 0, 0, 1]
Twc:
[0.91745847, 0.15181288, -0.36772653, 0.0073930854;
 0.28867018, 0.38199827, 0.87792188, -0.031560056;
 0.27375075, -0.91160858, 0.30664369, -0.12791768;
 0, 0, 0, 1]
Ow:
[0.03734516;
 -0.10567734;
 0.069651045]
Keyframe: 5 Frame: 190 Frame from vFrameID : 191
Tcw:
[0.91889715, 0.28126517, 0.27661884, 0.037545223;
 0.15612574, 0.38466379, -0.90975738, -0.10596918;
 -0.3622883, 0.87916076, 0.30955371, 0.06912639;
 0, 0, 0, 1]
Twc:
[0.91889715, 0.15612574, -0.3622883, 0.0070880065;
 0.28126517, 0.38466379, 0.87916076, -0.030570867;
 0.27661884, -0.90975738, 0.30955371, -0.12819029;
 0, 0, 0, 1]
Ow:
[0.037545223;
 -0.10596918;
 0.06912639]
Keyframe: 6 Frame: 193 Frame from vFrameID : 194
Tcw:
[0.91835946, 0.27707204, 0.28257203, 0.040636338;
 0.16028692, 0.3924183, -0.90571296, -0.10751265;
 -0.36183417, 0.87706268, 0.31597003, 0.070929043;
 0, 0, 0, 1]
Twc:
[0.91835946, 0.16028692, -0.36183417, 0.0055786609;
 0.27707204, 0.3924183, 0.87706268, -0.031278476;
 0.28257203, -0.90571296, 0.31597003, -0.13126975;
 0, 0, 0, 1]
Ow:
[0.040636338;
 -0.10751265;
 0.070929043]
Keyframe: 7 Frame: 196 Frame from vFrameID : 197
Tcw:
[0.92223191, 0.26924556, 0.27747998, 0.048305765;
 0.16226698, 0.38187841, -0.9098562, -0.10512192;
 -0.35093835, 0.88412428, 0.30849078, 0.077632636;
 0, 0, 0, 1]
Twc:
[0.92223191, 0.16226698, -0.35093835, -0.00024703087;
 0.26924556, 0.38187841, 0.88412428, -0.041499216;
 0.27747998, -0.9098562, 0.30849078, -0.13299866;
 0, 0, 0, 1]
Ow:
[0.048305765;
 -0.10512192;
 0.077632636]
Keyframe: 8 Frame: 201 Frame from vFrameID : 202
Tcw:
[0.92602134, 0.28070301, 0.25236946, 0.058230061;
 0.14288159, 0.35817024, -0.92265862, -0.10777102;
 -0.34938428, 0.89046049, 0.29156598, 0.084182605;
 0, 0, 0, 1]
Twc:
[0.92602134, 0.14288159, -0.34938428, -0.0091117024;
 0.28070301, 0.35817024, 0.89046049, -0.052706268;
 0.25236946, -0.92265862, 0.29156598, -0.13867614;
 0, 0, 0, 1]
Ow:
[0.058230061;
 -0.10777102;
 0.084182605]
Keyframe: 9 Frame: 205 Frame from vFrameID : 206
Tcw:
[0.927279, 0.28007945, 0.24841323, 0.061886214;
 0.13813463, 0.36075664, -0.92237383, -0.10871263;
 -0.34795469, 0.88961238, 0.29583338, 0.084613867;
 0, 0, 0, 1]
Twc:
[0.927279, 0.13813463, -0.34795469, -0.012927017;
 0.28007945, 0.36075664, 0.88961238, -0.053387798;
 0.24841323, -0.92237383, 0.29583338, -0.14067864;
 0, 0, 0, 1]
Ow:
[0.061886214;
 -0.10871263;
 0.084613867]
Keyframe: 10 Frame: 209 Frame from vFrameID : 210
Tcw:
[0.92705178, 0.27189538, 0.25816253, 0.063999332;
 0.15232302, 0.3560448, -0.92197061, -0.1112928;
 -0.34259698, 0.89403856, 0.28865603, 0.10034899;
 0, 0, 0, 1]
Twc:
[0.92705178, 0.15232302, -0.34259698, -0.0079989787;
 0.27189538, 0.3560448, 0.89403856, -0.06749177;
 0.25816253, -0.92197061, 0.28865603, -0.14809726;
 0, 0, 0, 1]
Ow:
[0.063999332;
 -0.1112928;
 0.10034899]
Keyframe: 11 Frame: 213 Frame from vFrameID : 214
Tcw:
[0.92162204, 0.27805641, 0.27073494, 0.065705679;
 0.156057, 0.37319848, -0.91453218, -0.11543181;
 -0.35532939, 0.88510311, 0.30055532, 0.10807198;
 0, 0, 0, 1]
Twc:
[0.92162204, 0.156057, -0.35532939, -0.0041407114;
 0.27805641, 0.37319848, 0.88510311, -0.070845753;
 0.27073494, -0.91453218, 0.30055532, -0.15583654;
 0, 0, 0, 1]
Ow:
[0.065705679;
 -0.11543181;
 0.10807198]
Keyframe: 12 Frame: 217 Frame from vFrameID : 218
Tcw:
[0.91917068, 0.28994706, 0.26656327, 0.072932981;
 0.15540926, 0.35488474, -0.92190284, -0.11215972;
 -0.36190227, 0.88881242, 0.28113917, 0.11859274;
 0, 0, 0, 1]
Twc:
[0.91917068, 0.15540926, -0.36190227, -0.0066882186;
 0.28994706, 0.35488474, 0.88881242, -0.086749636;
 0.26656327, -0.92190284, 0.28113917, -0.15618268;
 0, 0, 0, 1]
Ow:
[0.072932981;
 -0.11215972;
 0.11859274]
Keyframe: 13 Frame: 222 Frame from vFrameID : 223
Tcw:
[0.90540963, 0.3094843, 0.29060784, 0.06447912;
 0.18394716, 0.33094901, -0.92554641, -0.11223844;
 -0.38261846, 0.89145511, 0.24271564, 0.15454824;
 0, 0, 0, 1]
Twc:
[0.90540963, 0.18394716, -0.38261846, 0.02139895;
 0.3094843, 0.33094901, 0.89145511, -0.1205829;
 0.29060784, -0.92554641, 0.24271564, -0.16013132;
 0, 0, 0, 1]
Ow:
[0.06447912;
 -0.11223844;
 0.15454824]
Keyframe: 14 Frame: 227 Frame from vFrameID : 228
Tcw:
[0.89734191, 0.31008592, 0.31404492, 0.068554498;
 0.19456802, 0.36074072, -0.9121455, -0.13094272;
 -0.39613226, 0.87960947, 0.26337495, 0.1695438;
 0, 0, 0, 1]
Twc:
[0.89734191, 0.19456802, -0.39613226, 0.031122217;
 0.31008592, 0.36074072, 0.87960947, -0.12315377;
 0.31404492, -0.9121455, 0.26337495, -0.1856216;
 0, 0, 0, 1]
Ow:
[0.068554498;
 -0.13094272;
 0.1695438]
Keyframe: 15 Frame: 232 Frame from vFrameID : 233
Tcw:
[0.90958422, 0.27487957, 0.31160513, 0.076824181;
 0.20196474, 0.36290637, -0.90967536, -0.16507567;
 -0.36313465, 0.89035958, 0.27457792, 0.20559698;
 0, 0, 0, 1]
Twc:
[0.90958422, 0.20196474, -0.36313465, 0.038120788;
 0.27487957, 0.36290637, 0.89035958, -0.14426562;
 0.31160513, -0.90967536, 0.27457792, -0.23055646;
 0, 0, 0, 1]
Ow:
[0.076824181;
 -0.16507567;
 0.20559698]
Keyframe: 16 Frame: 239 Frame from vFrameID : 240
Tcw:
[0.92992914, 0.24663715, 0.27276725, 0.063447639;
 0.191672, 0.3079417, -0.93189794, -0.16852383;
 -0.31383705, 0.91888088, 0.23909052, 0.26801544;
 0, 0, 0, 1]
Twc:
[0.92992914, 0.191672, -0.31383705, 0.057412673;
 0.24663715, 0.3079417, 0.91888088, -0.21002729;
 0.27276725, -0.93189794, 0.23909052, -0.23843341;
 0, 0, 0, 1]
Ow:
[0.063447639;
 -0.16852383;
 0.26801544]
Keyframe: 17 Frame: 246 Frame from vFrameID : 247
Tcw:
[0.9227066, 0.25846058, 0.2860257, 0.097401127;
 0.19154981, 0.33649522, -0.92199761, -0.19594526;
 -0.33454633, 0.90552145, 0.26097828, 0.27751294;
 0, 0, 0, 1]
Twc:
[0.9227066, 0.19154981, -0.33454633, 0.040501557;
 0.25846058, 0.33649522, 0.90552145, -0.21053362;
 0.2860257, -0.92199761, 0.26097828, -0.28094515;
 0, 0, 0, 1]
Ow:
[0.097401127;
 -0.19594526;
 0.27751294]
Keyframe: 18 Frame: 253 Frame from vFrameID : 254
Tcw:
[0.90882802, 0.27864346, 0.31046653, 0.10187727;
 0.22122316, 0.30905029, -0.92495853, -0.20455544;
 -0.35368341, 0.90931058, 0.21923119, 0.3098765;
 0, 0, 0, 1]
Twc:
[0.90882802, 0.22122316, -0.35368341, 0.06226166;
 0.27864346, 0.30905029, 0.90931058, -0.24694349;
 0.31046653, -0.92495853, 0.21923119, -0.28876936;
 0, 0, 0, 1]
Ow:
[0.10187727;
 -0.20455544;
 0.3098765]
Keyframe: 19 Frame: 260 Frame from vFrameID : 261
Tcw:
[0.89025801, 0.298632, 0.34388888, 0.07020092;
 0.24543932, 0.32147196, -0.91455746, -0.17395523;
 -0.38366675, 0.89859599, 0.21289694, 0.3403756;
 0, 0, 0, 1]
Twc:
[0.89025801, 0.24543932, -0.38366675, 0.11078931;
 0.298632, 0.32147196, 0.89859599, -0.27090266;
 0.34388888, -0.91455746, 0.21289694, -0.25569829;
 0, 0, 0, 1]
Ow:
[0.07020092;
 -0.17395523;
 0.3403756]
Keyframe: 20 Frame: 268 Frame from vFrameID : 269
Tcw:
[0.892021, 0.30028966, 0.33782336, 0.046395227;
 0.2505492, 0.29356354, -0.92252129, -0.20946127;
 -0.37619624, 0.90754974, 0.18662754, 0.46516547;
 0, 0, 0, 1]
Twc:
[0.892021, 0.2505492, -0.37619624, 0.18608834;
 0.30028966, 0.29356354, 0.90754974, -0.37460265;
 0.33782336, -0.92252129, 0.18662754, -0.29571855;
 0, 0, 0, 1]
Ow:
[0.046395227;
 -0.20946127;
 0.46516547]
Keyframe: 21 Frame: 276 Frame from vFrameID : 277
Tcw:
[0.90873802, 0.27685767, 0.31232193, 0.077587754;
 0.2193826, 0.31974363, -0.92175663, -0.22659643;
 -0.35505834, 0.90615332, 0.22982545, 0.46350265;
 0, 0, 0, 1]
Twc:
[0.90873802, 0.2193826, -0.35505834, 0.14377485;
 0.27685767, 0.31974363, 0.90615332, -0.36903247;
 0.31232193, -0.92175663, 0.22982545, -0.33962381;
 0, 0, 0, 1]
Ow:
[0.077587754;
 -0.22659643;
 0.46350265]
Keyframe: 22 Frame: 284 Frame from vFrameID : 285
Tcw:
[0.89846176, 0.29526523, 0.32493827, 0.083545275;
 0.22692713, 0.32127455, -0.91939479, -0.22015363;
 -0.37585971, 0.89977837, 0.22164921, 0.475667;
 0, 0, 0, 1]
Twc:
[0.89846176, 0.22692713, -0.37585971, 0.15368065;
 0.29526523, 0.32127455, 0.89977837, -0.38193312;
 0.32493827, -0.91939479, 0.22164921, -0.33498636;
 0, 0, 0, 1]
Ow:
[0.083545275;
 -0.22015363;
 0.475667]
Keyframe: 23 Frame: 290 Frame from vFrameID : 291
Tcw:
[0.90226191, 0.28750077, 0.32135138, 0.034109816;
 0.21079706, 0.35603374, -0.91038704, -0.14627859;
 -0.37614891, 0.88914752, 0.26063138, 0.52834076;
 0, 0, 0, 1]
Twc:
[0.90226191, 0.21079706, -0.37614891, 0.1987939;
 0.28750077, 0.35603374, 0.88914752, -0.42749932;
 0.32135138, -0.91038704, 0.26063138, -0.28183356;
 0, 0, 0, 1]
Ow:
[0.034109816;
 -0.14627859;
 0.52834076]
Keyframe: 24 Frame: 297 Frame from vFrameID : 298
Tcw:
[0.88155723, 0.3027122, 0.36224598, 0.034141555;
 0.24237254, 0.36826158, -0.89757395, -0.18632343;
 -0.40510786, 0.87906128, 0.25127453, 0.59085417;
 0, 0, 0, 1]
Twc:
[0.88155723, 0.24237254, -0.40510786, 0.25442162;
 0.3027122, 0.36826158, 0.87906128, -0.46111634;
 0.36224598, -0.89757395, 0.25127453, -0.32807329;
 0, 0, 0, 1]
Ow:
[0.034141555;
 -0.18632343;
 0.59085417]
Keyframe: 25 Frame: 303 Frame from vFrameID : 304
Tcw:
[0.90416378, 0.28877428, 0.31479719, 0.043215983;
 0.20943946, 0.3426044, -0.91583693, -0.18752517;
 -0.37232107, 0.89399755, 0.24928977, 0.60177398;
 0, 0, 0, 1]
Twc:
[0.90416378, 0.20943946, -0.37232107, 0.22425395;
 0.28877428, 0.3426044, 0.89399755, -0.48621714;
 0.31479719, -0.91583693, 0.24928977, -0.33536282;
 0, 0, 0, 1]
Ow:
[0.043215983;
 -0.18752517;
 0.60177398]
Keyframe: 26 Frame: 309 Frame from vFrameID : 310
Tcw:
[0.92067808, 0.26887834, 0.28294227, 0.054176904;
 0.1782762, 0.35519111, -0.91763657, -0.19103932;
 -0.34723118, 0.89528972, 0.27908206, 0.60328501;
 0, 0, 0, 1]
Twc:
[0.92067808, 0.1782762, -0.34723118, 0.19365765;
 0.26887834, 0.35519111, 0.89528972, -0.48682645;
 0.28294227, -0.91763657, 0.27908206, -0.35899964;
 0, 0, 0, 1]
Ow:
[0.054176904;
 -0.19103932;
 0.60328501]
Keyframe: 27 Frame: 315 Frame from vFrameID : 316
Tcw:
[0.9141373, 0.27076897, 0.30172366, 0.077734895;
 0.18108423, 0.39316258, -0.90146089, -0.20757058;
 -0.36271408, 0.87869638, 0.31037259, 0.60754883;
 0, 0, 0, 1]
Twc:
[0.9141373, 0.18108423, -0.36271408, 0.18689391;
 0.27076897, 0.39316258, 0.87869638, -0.47329021;
 0.30172366, -0.90146089, 0.31037259, -0.39913774;
 0, 0, 0, 1]
Ow:
[0.077734895;
 -0.20757058;
 0.60754883]
Keyframe: 28 Frame: 322 Frame from vFrameID : 323
Tcw:
[0.90899992, 0.26910764, 0.31827703, 0.091267377;
 0.19974954, 0.38894641, -0.89934468, -0.22976321;
 -0.36581323, 0.88107991, 0.2997981, 0.61931586;
 0, 0, 0, 1]
Twc:
[0.90899992, 0.19974954, -0.36581323, 0.18948697;
 0.26910764, 0.38894641, 0.88107991, -0.4808619;
 0.31827703, -0.89934468, 0.2997981, -0.42135435;
 0, 0, 0, 1]
Ow:
[0.091267377;
 -0.22976321;
 0.61931586]
Keyframe: 29 Frame: 328 Frame from vFrameID : 329
Tcw:
[0.93514132, 0.25636241, 0.24451785, 0.12801188;
 0.13230312, 0.38754871, -0.91230583, -0.1939857;
 -0.3286435, 0.88548535, 0.32849526, 0.62563258;
 0, 0, 0, 1]
Twc:
[0.93514132, 0.13230312, -0.3286435, 0.11156578;
 0.25636241, 0.38754871, 0.88548535, -0.51162702;
 0.24451785, -0.91230583, 0.32849526, -0.41379282;
 0, 0, 0, 1]
Ow:
[0.12801188;
 -0.1939857;
 0.62563258]
Keyframe: 30 Frame: 334 Frame from vFrameID : 335
Tcw:
[0.91927922, 0.26245564, 0.29333052, 0.10726998;
 0.1726771, 0.40077999, -0.89975441, -0.19874272;
 -0.35370666, 0.87777698, 0.32310864, 0.62171412;
 0, 0, 0, 1]
Twc:
[0.91927922, 0.1726771, -0.35370666, 0.15561166;
 0.26245564, 0.40077999, 0.87777698, -0.49422786;
 0.29333052, -0.89975441, 0.32310864, -0.4111664;
 0, 0, 0, 1]
Ow:
[0.10726998;
 -0.19874272;
 0.62171412]
Keyframe: 31 Frame: 339 Frame from vFrameID : 340
Tcw:
[0.92344201, 0.25949672, 0.28269476, -0.040562995;
 0.17325293, 0.37539184, -0.91052973, -0.14611746;
 -0.34240079, 0.88979912, 0.30169404, 0.70639855;
 0, 0, 0, 1]
Twc:
[0.92344201, 0.17325293, -0.34240079, 0.30464426;
 0.25949672, 0.37539184, 0.88979912, -0.5631755;
 0.28269476, -0.91052973, 0.30169404, -0.33469358;
 0, 0, 0, 1]
Ow:
[-0.040562995;
 -0.14611746;
 0.70639855]
Keyframe: 32 Frame: 345 Frame from vFrameID : 346
Tcw:
[0.91881412, 0.26031557, 0.29667565, -0.040489599;
 0.17322268, 0.40944415, -0.89573956, -0.16881141;
 -0.35464707, 0.87440914, 0.33111051, 0.71025783;
 0, 0, 0, 1]
Twc:
[0.91881412, 0.17322268, -0.35464707, 0.31833524;
 0.26031557, 0.40944415, 0.87440914, -0.54139698;
 0.29667565, -0.89573956, 0.33111051, -0.3743726;
 0, 0, 0, 1]
Ow:
[-0.040489599;
 -0.16881141;
 0.71025783]
Keyframe: 33 Frame: 350 Frame from vFrameID : 351
Tcw:
[0.91566992, 0.27544677, 0.29270756, -0.019408286;
 0.176686, 0.37826326, -0.90867978, -0.16429612;
 -0.36101344, 0.88376808, 0.29769671, 0.73693752;
 0, 0, 0, 1]
Twc:
[0.91566992, 0.176686, -0.36101344, 0.31284475;
 0.27544677, 0.37826326, 0.88376808, -0.58378869;
 0.29270756, -0.90867978, 0.29769671, -0.36299548;
 0, 0, 0, 1]
Ow:
[-0.019408286;
 -0.16429612;
 0.73693752]
Keyframe: 34 Frame: 357 Frame from vFrameID : 358
Tcw:
[0.90162206, 0.27941027, 0.33016288, -0.0079764128;
 0.20781212, 0.3896156, -0.89722562, -0.17752522;
 -0.37933066, 0.87757027, 0.29322118, 0.74351794;
 0, 0, 0, 1]
Twc:
[0.90162206, 0.20781212, -0.37933066, 0.32612273;
 0.27941027, 0.3896156, 0.87757027, -0.58109391;
 0.33016288, -0.89722562, 0.29322118, -0.37466186;
 0, 0, 0, 1]
Ow:
[-0.0079764128;
 -0.17752522;
 0.74351794]
Keyframe: 35 Frame: 364 Frame from vFrameID : 365
Tcw:
[0.91291958, 0.24866648, 0.3236399, -0.0075418651;
 0.20723307, 0.4007242, -0.89245421, -0.17519051;
 -0.35161379, 0.88180786, 0.31429708, 0.77629143;
 0, 0, 0, 1]
Twc:
[0.91291958, 0.20723307, -0.35161379, 0.31614515;
 0.24866648, 0.4007242, 0.88180786, -0.61246139;
 0.3236399, -0.89245421, 0.31429708, -0.39789477;
 0, 0, 0, 1]
Ow:
[-0.0075418651;
 -0.17519051;
 0.77629143]
Keyframe: 36 Frame: 371 Frame from vFrameID : 372
Tcw:
[0.92062593, 0.24973848, 0.30013099, -0.03876482;
 0.20410201, 0.3474817, -0.91520429, -0.19901484;
 -0.33285174, 0.90381813, 0.26892853, 0.88943833;
 0, 0, 0, 1]
Twc:
[0.92062593, 0.20410201, -0.33285174, 0.37235832;
 0.24973848, 0.3474817, 0.90381813, -0.7250554;
 0.30013099, -0.91520429, 0.26892853, -0.40970004;
 0, 0, 0, 1]
Ow:
[-0.03876482;
 -0.19901484;
 0.88943833]
Keyframe: 37 Frame: 376 Frame from vFrameID : 377
Tcw:
[0.91726756, 0.25066096, 0.30949852, -0.041212276;
 0.1911696, 0.40462571, -0.89427745, -0.21774998;
 -0.34939152, 0.87945843, 0.32323128, 0.86657143;
 0, 0, 0, 1]
Twc:
[0.91726756, 0.1911696, -0.34939152, 0.38220257;
 0.25066096, 0.40462571, 0.87945843, -0.66367596;
 0.30949852, -0.89427745, 0.32323128, -0.46207675;
 0, 0, 0, 1]
Ow:
[-0.041212276;
 -0.21774998;
 0.86657143]
Keyframe: 38 Frame: 381 Frame from vFrameID : 382
Tcw:
[0.90594918, 0.25660759, 0.33676192, -0.045748204;
 0.21836932, 0.39824358, -0.89090788, -0.23910722;
 -0.36272702, 0.88065577, 0.30475321, 0.8858183;
 0, 0, 0, 1]
Twc:
[0.90594918, 0.21836932, -0.36272702, 0.4149695;
 0.25660759, 0.39824358, 0.88065577, -0.6731388;
 0.33676192, -0.89090788, 0.30475321, -0.46757227;
 0, 0, 0, 1]
Ow:
[-0.045748204;
 -0.23910722;
 0.8858183]
Keyframe: 39 Frame: 387 Frame from vFrameID : 388
Tcw:
[0.89283621, 0.27299339, 0.35821512, -0.006798476;
 0.23074973, 0.40576872, -0.88436776, -0.24082467;
 -0.38677901, 0.8722536, 0.29929188, 0.881154;
 0, 0, 0, 1]
Twc:
[0.89283621, 0.23074973, -0.38677901, 0.40245205;
 0.27299339, 0.40576872, 0.8722536, -0.66901469;
 0.35821512, -0.88436776, 0.29929188, -0.47426447;
 0, 0, 0, 1]
Ow:
[-0.006798476;
 -0.24082467;
 0.881154]
Keyframe: 40 Frame: 394 Frame from vFrameID : 395
Tcw:
[0.8879596, 0.29784179, 0.350454, 0.0067480356;
 0.20962706, 0.41614002, -0.88480729, -0.24406734;
 -0.40937054, 0.85913777, 0.30707982, 0.914473;
 0, 0, 0, 1]
Twc:
[0.8879596, 0.20962706, -0.40937054, 0.41952944;
 0.29784179, 0.41614002, 0.85913777, -0.68610197;
 0.350454, -0.88480729, 0.30707982, -0.49913365;
 0, 0, 0, 1]
Ow:
[0.0067480356;
 -0.24406734;
 0.914473]
Keyframe: 41 Frame: 400 Frame from vFrameID : 401
Tcw:
[0.91679668, 0.28312674, 0.28164363, 0.03161861;
 0.14975867, 0.41004005, -0.89968854, -0.20383769;
 -0.37021106, 0.86701006, 0.33352268, 0.90099519;
 0, 0, 0, 1]
Twc:
[0.91679668, 0.14975867, -0.37021106, 0.33509699;
 0.28312674, 0.41004005, 0.86701006, -0.70654231;
 0.28164363, -0.89968854, 0.33352268, -0.49279794;
 0, 0, 0, 1]
Ow:
[0.03161861;
 -0.20383769;
 0.90099519]
Keyframe: 42 Frame: 405 Frame from vFrameID : 406
Tcw:
[0.91020471, 0.27297404, 0.31146842, 0.01150234;
 0.18144067, 0.41321841, -0.89237314, -0.23987071;
 -0.37229919, 0.86875528, 0.32658476, 0.94275129;
 0, 0, 0, 1]
Twc:
[0.91020471, 0.18144067, -0.37229919, 0.38403833;
 0.27297404, 0.41321841, 0.86875528, -0.72304094;
 0.31146842, -0.89237314, 0.32658476, -0.52552497;
 0, 0, 0, 1]
Ow:
[0.01150234;
 -0.23987071;
 0.94275129]
Keyframe: 43 Frame: 411 Frame from vFrameID : 412
Tcw:
[0.9096536, 0.28401074, 0.30309775, 0.048621386;
 0.17676501, 0.39564273, -0.90123302, -0.23212528;
 -0.37587827, 0.87338692, 0.30969468, 0.95715332;
 0, 0, 0, 1]
Twc:
[0.9096536, 0.17676501, -0.37587827, 0.35657614;
 0.28401074, 0.39564273, 0.87338692, -0.75793552;
 0.30309775, -0.90123302, 0.30969468, -0.5203613;
 0, 0, 0, 1]
Ow:
[0.048621386;
 -0.23212528;
 0.95715332]
Keyframe: 44 Frame: 418 Frame from vFrameID : 419
Tcw:
[0.90126801, 0.2982403, 0.31427485, 0.070788488;
 0.17059708, 0.42249027, -0.89016771, -0.25123382;
 -0.39826196, 0.85589409, 0.32989806, 0.95988941;
 0, 0, 0, 1]
Twc:
[0.90126801, 0.17059708, -0.39826196, 0.36134782;
 0.2982403, 0.42249027, 0.85589409, -0.73653179;
 0.31427485, -0.89016771, 0.32989806, -0.56255293;
 0, 0, 0, 1]
Ow:
[0.070788488;
 -0.25123382;
 0.95988941]
Keyframe: 45 Frame: 423 Frame from vFrameID : 424
Tcw:
[0.94800889, 0.24189667, 0.20679739, 0.062640384;
 0.10371277, 0.37950274, -0.91935921, -0.14074883;
 -0.30087012, 0.89300823, 0.33468419, 1.0355527;
 0, 0, 0, 1]
Twc:
[0.94800889, 0.10371277, -0.30087012, 0.26678067;
 0.24189667, 0.37950274, 0.89300823, -0.88649505;
 0.20679739, -0.91935921, 0.33468419, -0.48893574;
 0, 0, 0, 1]
Ow:
[0.062640384;
 -0.14074883;
 1.0355527]
Keyframe: 46 Frame: 426 Frame from vFrameID : 427
Tcw:
[0.94951075, 0.24487951, 0.1961209, 0.13886723;
 0.070882395, 0.44151121, -0.89445156, -0.18955538;
 -0.30562243, 0.86319286, 0.401862, 0.88043582;
 0, 0, 0, 1]
Twc:
[0.94951075, 0.070882395, -0.30562243, 0.15066116;
 0.24487951, 0.44151121, 0.86319286, -0.7103008;
 0.1961209, -0.89445156, 0.401862, -0.55059654;
 0, 0, 0, 1]
Ow:
[0.13886723;
 -0.18955538;
 0.88043582]
Keyframe: 47 Frame: 433 Frame from vFrameID : 434
Tcw:
[0.95825672, 0.23029816, 0.16943085, 0.15489623;
 0.072390892, 0.37785986, -0.92302841, -0.25975952;
 -0.27659285, 0.89676344, 0.34541526, 0.97479349;
 0, 0, 0, 1]
Twc:
[0.95825672, 0.072390892, -0.27659285, 0.13999481;
 0.23029816, 0.37785986, 0.89676344, -0.81167883;
 0.16943085, -0.92302841, 0.34541526, -0.60271823;
 0, 0, 0, 1]
Ow:
[0.15489623;
 -0.25975952;
 0.97479349]
Keyframe: 48 Frame: 436 Frame from vFrameID : 437
Tcw:
[0.94317698, 0.21794057, 0.25083688, -0.012906775;
 0.15922463, 0.3661482, -0.91683316, -0.22146854;
 -0.29165861, 0.9046753, 0.31064102, 1.1037989;
 0, 0, 0, 1]
Twc:
[0.94317698, 0.15922463, -0.29165861, 0.36936906;
 0.21794057, 0.3661482, 0.9046753, -0.91467637;
 0.25083688, -0.91683316, 0.31064102, -0.54269743;
 0, 0, 0, 1]
Ow:
[-0.012906775;
 -0.22146854;
 1.1037989]
Keyframe: 49 Frame: 440 Frame from vFrameID : 441
Tcw:
[0.93952614, 0.22456472, 0.25857559, 0.0068700165;
 0.16499044, 0.36483648, -0.91633648, -0.23083431;
 -0.30011463, 0.90358454, 0.30572239, 1.1105453;
 0, 0, 0, 1]
Twc:
[0.93952614, 0.16499044, -0.30011463, 0.36492178;
 0.22456472, 0.36483648, 0.90358454, -0.92079753;
 0.25857559, -0.91633648, 0.30572239, -0.55281681;
 0, 0, 0, 1]
Ow:
[0.0068700165;
 -0.23083431;
 1.1105453]
Keyframe: 50 Frame: 445 Frame from vFrameID : 446
Tcw:
[0.92965269, 0.23447086, 0.28419936, 0.022705019;
 0.18912421, 0.35829571, -0.91425174, -0.24571231;
 -0.31619278, 0.90368557, 0.28874645, 1.1159382;
 0, 0, 0, 1]
Twc:
[0.92965269, 0.18912421, -0.31619278, 0.378214;
 0.23447086, 0.35829571, 0.90368557, -0.92574322;
 0.28419936, -0.91425174, 0.28874645, -0.55331886;
 0, 0, 0, 1]
Ow:
[0.022705019;
 -0.24571231;
 1.1159382]
Keyframe: 51 Frame: 451 Frame from vFrameID : 452
Tcw:
[0.91200638, 0.24852179, 0.32631478, 0.033879817;
 0.21541166, 0.38681424, -0.89664519, -0.26637155;
 -0.34905908, 0.8880381, 0.29924253, 1.1555315;
 0, 0, 0, 1]
Twc:
[0.91200638, 0.21541166, -0.34905908, 0.42982969;
 0.24852179, 0.38681424, 0.8880381, -0.9315396;
 0.32631478, -0.89664519, 0.29924253, -0.59568048;
 0, 0, 0, 1]
Ow:
[0.033879817;
 -0.26637155;
 1.1555315]
Keyframe: 52 Frame: 456 Frame from vFrameID : 457
Tcw:
[0.91700619, 0.24204788, 0.31703708, 0.050485447;
 0.2095096, 0.38407272, -0.8992185, -0.28343049;
 -0.33941922, 0.89101118, 0.30148572, 1.170318;
 0, 0, 0, 1]
Twc:
[0.91700619, 0.2095096, -0.33941922, 0.41031432;
 0.24204788, 0.38407272, 0.89101118, -0.94612843;
 0.31703708, -0.8992185, 0.30148572, -0.6237058;
 0, 0, 0, 1]
Ow:
[0.050485447;
 -0.28343049;
 1.170318]
Keyframe: 53 Frame: 461 Frame from vFrameID : 462
Tcw:
[0.9198575, 0.2515361, 0.30098471, 0.054054916;
 0.19655806, 0.36845011, -0.90863055, -0.28222969;
 -0.33945122, 0.89497155, 0.28948015, 1.1873689;
 0, 0, 0, 1]
Twc:
[0.9198575, 0.19655806, -0.33945122, 0.40880549;
 0.2515361, 0.36845011, 0.89497155, -0.97227049;
 0.30098471, -0.90863055, 0.28948015, -0.61643189;
 0, 0, 0, 1]
Ow:
[0.054054916;
 -0.28222969;
 1.1873689]
Keyframe: 54 Frame: 466 Frame from vFrameID : 467
Tcw:
[0.92672181, 0.23101689, 0.29634082, 0.074803203;
 0.18976931, 0.39293832, -0.89977056, -0.29873973;
 -0.32430586, 0.89007342, 0.3203046, 1.1915529;
 0, 0, 0, 1]
Twc:
[0.92672181, 0.18976931, -0.32430586, 0.37379745;
 0.23101689, 0.39293832, 0.89007342, -0.960464;
 0.29634082, -0.89977056, 0.3203046, -0.67262435;
 0, 0, 0, 1]
Ow:
[0.074803203;
 -0.29873973;
 1.1915529]
Keyframe: 55 Frame: 472 Frame from vFrameID : 473
Tcw:
[0.92400444, 0.21955405, 0.31306845, 0.079519734;
 0.20002688, 0.42024875, -0.88508773, -0.30632365;
 -0.3258912, 0.88044703, 0.34439498, 1.2053002;
 0, 0, 0, 1]
Twc:
[0.92400444, 0.20002688, -0.3258912, 0.38059312;
 0.21955405, 0.42024875, 0.88044703, -0.94992977;
 0.31306845, -0.88508773, 0.34439498, -0.71111774;
 0, 0, 0, 1]
Ow:
[0.079519734;
 -0.30632365;
 1.2053002]
Keyframe: 56 Frame: 478 Frame from vFrameID : 479
Tcw:
[0.90273041, 0.27315, 0.3323656, -0.059536383;
 0.20459072, 0.40703896, -0.8902033, -0.19475245;
 -0.37844476, 0.87161249, 0.31156251, 1.2533616;
 0, 0, 0, 1]
Twc:
[0.90273041, 0.20459072, -0.37844476, 0.567918;
 0.27315, 0.40703896, 0.87161249, -0.99691141;
 0.3323656, -0.8902033, 0.31156251, -0.54408187;
 0, 0, 0, 1]
Ow:
[-0.059536383;
 -0.19475245;
 1.2533616]
Keyframe: 57 Frame: 484 Frame from vFrameID : 485
Tcw:
[0.90262407, 0.26467618, 0.33943528, -0.07883054;
 0.20820472, 0.4217228, -0.88249683, -0.22216734;
 -0.3767235, 0.86723495, 0.32555029, 1.2658744;
 0, 0, 0, 1]
Twc:
[0.90262407, 0.20820472, -0.3767235, 0.59429526;
 0.26467618, 0.4217228, 0.86723495, -0.98325294;
 0.33943528, -0.88249683, 0.32555029, -0.58140999;
 0, 0, 0, 1]
Ow:
[-0.07883054;
 -0.22216734;
 1.2658744]
Keyframe: 58 Frame: 491 Frame from vFrameID : 492
Tcw:
[0.91387439, 0.26325399, 0.30908075, -0.059058398;
 0.18377247, 0.41061065, -0.89309943, -0.2131471;
 -0.36202383, 0.87298125, 0.32686773, 1.2848561;
 0, 0, 0, 1]
Twc:
[0.91387439, 0.18377247, -0.36202383, 0.55829108;
 0.26325399, 0.41061065, 0.87298125, -1.0185875;
 0.30908075, -0.89309943, 0.32686773, -0.59208572;
 0, 0, 0, 1]
Ow:
[-0.059058398;
 -0.2131471;
 1.2848561]
Keyframe: 59 Frame: 498 Frame from vFrameID : 499
Tcw:
[0.92032266, 0.24362594, 0.3060272, -0.035015926;
 0.17739749, 0.43731761, -0.8816368, -0.23110193;
 -0.34862068, 0.86567879, 0.35925466, 1.2939456;
 0, 0, 0, 1]
Twc:
[0.92032266, 0.17739749, -0.34862068, 0.52431905;
 0.24362594, 0.43731761, 0.86567879, -1.0105455;
 0.3060272, -0.8816368, 0.35925466, -0.65788817;
 0, 0, 0, 1]
Ow:
[-0.035015926;
 -0.23110193;
 1.2939456]
Keyframe: 60 Frame: 504 Frame from vFrameID : 505
Tcw:
[0.91489172, 0.2561242, 0.31204727, -0.017706573;
 0.17835289, 0.43700358, -0.88159972, -0.24396062;
 -0.3621648, 0.86222285, 0.35413048, 1.3085148;
 0, 0, 0, 1]
Twc:
[0.91489172, 0.17835289, -0.3621648, 0.53360873;
 0.2561242, 0.43700358, 0.86222285, -1.0170847;
 0.31204727, -0.88159972, 0.35413048, -0.67293537;
 0, 0, 0, 1]
Ow:
[-0.017706573;
 -0.24396062;
 1.3085148]
Keyframe: 61 Frame: 511 Frame from vFrameID : 512
Tcw:
[0.901932, 0.28027621, 0.32857865, 0.014539644;
 0.18588845, 0.43479657, -0.88113415, -0.26385614;
 -0.38982582, 0.85580206, 0.34005681, 1.3140981;
 0, 0, 0, 1]
Twc:
[0.901932, 0.18588845, -0.38982582, 0.54820341;
 0.28027621, 0.43479657, 0.85580206, -1.0139593;
 0.32857865, -0.88113415, 0.34005681, -0.68413812;
 0, 0, 0, 1]
Ow:
[0.014539644;
 -0.26385614;
 1.3140981]
Keyframe: 62 Frame: 518 Frame from vFrameID : 519
Tcw:
[0.91623247, 0.25757581, 0.30687577, 9.1910362e-05;
 0.19677956, 0.37788603, -0.90469879, -0.24467227;
 -0.34899262, 0.8893013, 0.29554582, 1.3959559;
 0, 0, 0, 1]
Twc:
[0.91623247, 0.19677956, -0.34899262, 0.53524059;
 0.25757581, 0.37788603, 0.8893013, -1.1489909;
 0.30687577, -0.90469879, 0.29554582, -0.63395184;
 0, 0, 0, 1]
Ow:
[9.1910362e-05;
 -0.24467227;
 1.3959559]
Keyframe: 63 Frame: 524 Frame from vFrameID : 525
Tcw:
[0.92366934, 0.2474034, 0.29262012, 0.0095997751;
 0.18140028, 0.39034104, -0.90262276, -0.33611327;
 -0.33753356, 0.88680631, 0.315667, 1.4245169;
 0, 0, 0, 1]
Twc:
[0.92366934, 0.18140028, -0.33753356, 0.53292632;
 0.2474034, 0.39034104, 0.88680631, -1.1344469;
 0.29262012, -0.90262276, 0.315667, -0.75586557;
 0, 0, 0, 1]
Ow:
[0.0095997751;
 -0.33611327;
 1.4245169]
Keyframe: 64 Frame: 529 Frame from vFrameID : 530
Tcw:
[0.93570018, 0.22969241, 0.26778078, -0.063561395;
 0.16740623, 0.37905714, -0.91010487, -0.25384778;
 -0.31054839, 0.89641345, 0.31623191, 1.4754677;
 0, 0, 0, 1]
Twc:
[0.93570018, 0.16740623, -0.31054839, 0.56017423;
 0.22969241, 0.37905714, 0.89641345, -1.2118068;
 0.26778078, -0.91010487, 0.31623191, -0.68059748;
 0, 0, 0, 1]
Ow:
[-0.063561395;
 -0.25384778;
 1.4754677]
Keyframe: 65 Frame: 535 Frame from vFrameID : 536
Tcw:
[0.93062377, 0.22900563, 0.28547478, -0.065298349;
 0.18654437, 0.37427613, -0.90836036, -0.2551817;
 -0.31486604, 0.89859545, 0.30559054, 1.483556;
 0, 0, 0, 1]
Twc:
[0.93062377, 0.18654437, -0.31486604, 0.57549226;
 0.22900563, 0.37427613, 0.89859545, -1.2226546;
 0.28547478, -0.90836036, 0.30559054, -0.6665166;
 0, 0, 0, 1]
Ow:
[-0.065298349;
 -0.2551817;
 1.483556]
Keyframe: 66 Frame: 542 Frame from vFrameID : 543
Tcw:
[0.92052764, 0.23492992, 0.31214875, -0.045384705;
 0.20348151, 0.39375046, -0.89641279, -0.26696756;
 -0.33350289, 0.88868922, 0.31465426, 1.4928863;
 0, 0, 0, 1]
Twc:
[0.92052764, 0.20348151, -0.33350289, 0.59398276;
 0.23492992, 0.39375046, 0.88868922, -1.2109312;
 0.31214875, -0.89641279, 0.31465426, -0.69488943;
 0, 0, 0, 1]
Ow:
[-0.045384705;
 -0.26696756;
 1.4928863]
Keyframe: 67 Frame: 549 Frame from vFrameID : 550
Tcw:
[0.92517477, 0.22582154, 0.3050513, -0.032496348;
 0.19555563, 0.40521541, -0.89306128, -0.25795734;
 -0.32528397, 0.88589227, 0.3307344, 1.4997139;
 0, 0, 0, 1]
Twc:
[0.92517477, 0.19555563, -0.32528397, 0.56834269;
 0.22582154, 0.40521541, 0.88589227, -1.2167183;
 0.3050513, -0.89306128, 0.3307344, -0.71646565;
 0, 0, 0, 1]
Ow:
[-0.032496348;
 -0.25795734;
 1.4997139]
Keyframe: 68 Frame: 556 Frame from vFrameID : 557
Tcw:
[0.93200171, 0.22470659, 0.28439367, -0.012890622;
 0.16824156, 0.42678413, -0.88856632, -0.26753134;
 -0.32104141, 0.87599212, 0.35995856, 1.501842;
 0, 0, 0, 1]
Twc:
[0.93200171, 0.16824156, -0.32104141, 0.53917748;
 0.22470659, 0.42678413, 0.87599212, -1.1985271;
 0.28439367, -0.88856632, 0.35995856, -0.77465415;
 0, 0, 0, 1]
Ow:
[-0.012890622;
 -0.26753134;
 1.501842]
Keyframe: 69 Frame: 564 Frame from vFrameID : 565
Tcw:
[0.92197514, 0.24745204, 0.29787466, -0.089962706;
 0.17656381, 0.41598517, -0.89206588, -0.18836552;
 -0.34465495, 0.87505651, 0.3398369, 1.5738606;
 0, 0, 0, 1]
Twc:
[0.92197514, 0.17656381, -0.34465495, 0.6586408;
 0.24745204, 0.41598517, 0.87505651, -1.2765982;
 0.29787466, -0.89206588, 0.3398369, -0.6760928;
 0, 0, 0, 1]
Ow:
[-0.089962706;
 -0.18836552;
 1.5738606]
Keyframe: 70 Frame: 571 Frame from vFrameID : 572
Tcw:
[0.89114928, 0.32798105, 0.31349871, -0.052768618;
 0.16305332, 0.41329375, -0.89588052, -0.18898419;
 -0.42339888, 0.84948027, 0.31482801, 1.6244709;
 0, 0, 0, 1]
Twc:
[0.89114928, 0.16305332, -0.42339888, 0.76563835;
 0.32798105, 0.41329375, 0.84948027, -1.2845428;
 0.31349871, -0.89588052, 0.31482801, -0.66419327;
 0, 0, 0, 1]
Ow:
[-0.052768618;
 -0.18898419;
 1.6244709]
Keyframe: 71 Frame: 576 Frame from vFrameID : 577
Tcw:
[0.92107886, 0.3003999, 0.24773698, -0.037845865;
 0.12268604, 0.37993371, -0.91684163, -0.14344725;
 -0.36954275, 0.87487727, 0.31309405, 1.6266803;
 0, 0, 0, 1]
Twc:
[0.92107886, 0.12268604, -0.36954275, 0.65358591;
 0.3003999, 0.37993371, 0.87487727, -1.3572763;
 0.24773698, -0.91684163, 0.31309405, -0.63144648;
 0, 0, 0, 1]
Ow:
[-0.037845865;
 -0.14344725;
 1.6266803]
Keyframe: 72 Frame: 580 Frame from vFrameID : 581
Tcw:
[0.91583234, 0.31972194, 0.24295895, -0.030441836;
 0.11015894, 0.38179037, -0.91766065, -0.16657171;
 -0.38615564, 0.86718738, 0.31443572, 1.6351191;
 0, 0, 0, 1]
Twc:
[0.91583234, 0.11015894, -0.38615564, 0.67763942;
 0.31972194, 0.38179037, 0.86718738, -1.3446263;
 0.24295895, -0.91766065, 0.31443572, -0.65960008;
 0, 0, 0, 1]
Ow:
[-0.030441836;
 -0.16657171;
 1.6351191]
Keyframe: 73 Frame: 583 Frame from vFrameID : 584
Tcw:
[0.92837268, 0.28427538, 0.23939867, -0.037785292;
 0.12351363, 0.37153938, -0.92016459, -0.2122947;
 -0.35052618, 0.88382465, 0.30981511, 1.6575294;
 0, 0, 0, 1]
Twc:
[0.92837268, 0.12351363, -0.35052618, 0.64230752;
 0.28427538, 0.37153938, 0.88382465, -1.3753481;
 0.23939867, -0.92016459, 0.30981511, -0.69982803;
 0, 0, 0, 1]
Ow:
[-0.037785292;
 -0.2122947;
 1.6575294]
Keyframe: 74 Frame: 590 Frame from vFrameID : 591
Tcw:
[0.93268853, 0.26573762, 0.24387623, -0.034278154;
 0.12867162, 0.38651794, -0.91326201, -0.21204862;
 -0.3369506, 0.88316894, 0.32630798, 1.6825788;
 0, 0, 0, 1]
Twc:
[0.93268853, 0.12867162, -0.3369506, 0.62620145;
 0.26573762, 0.38651794, 0.88316894, -1.3949318;
 0.24387623, -0.91326201, 0.32630798, -0.73433518;
 0, 0, 0, 1]
Ow:
[-0.034278154;
 -0.21204862;
 1.6825788]
Keyframe: 75 Frame: 596 Frame from vFrameID : 597
Tcw:
[0.93847835, 0.26293314, 0.22388512, -0.0078634769;
 0.10308978, 0.40544412, -0.90828824, -0.21487498;
 -0.32959199, 0.87548912, 0.35339481, 1.6639087;
 0, 0, 0, 1]
Twc:
[0.93847835, 0.10308978, -0.32959199, 0.57794207;
 0.26293314, 0.40544412, 0.87548912, -1.3675466;
 0.22388512, -0.90828824, 0.35339481, -0.78142458;
 0, 0, 0, 1]
Ow:
[-0.0078634769;
 -0.21487498;
 1.6639087]
Keyframe: 76 Frame: 602 Frame from vFrameID : 603
Tcw:
[0.92900127, 0.25955766, 0.26379234, -0.022198394;
 0.1434411, 0.40453759, -0.90320206, -0.21323809;
 -0.34114695, 0.87691456, 0.33858472, 1.6839216;
 0, 0, 0, 1]
Twc:
[0.92900127, 0.1434411, -0.34114695, 0.62567419;
 0.25955766, 0.40453759, 0.87691456, -1.3846308;
 0.26379234, -0.90320206, 0.33858472, -0.75689143;
 0, 0, 0, 1]
Ow:
[-0.022198394;
 -0.21323809;
 1.6839216]
Keyframe: 77 Frame: 609 Frame from vFrameID : 610
Tcw:
[0.92061788, 0.2957119, 0.25498459, -0.0095353425;
 0.10895805, 0.43253285, -0.89501029, -0.19710147;
 -0.37495443, 0.85174513, 0.36597729, 1.6894455;
 0, 0, 0, 1]
Twc:
[0.92061788, 0.10895805, -0.37495443, 0.6637193;
 0.2957119, 0.43253285, 0.85174513, -1.3509045;
 0.25498459, -0.89501029, 0.36597729, -0.79227519;
 0, 0, 0, 1]
Ow:
[-0.0095353425;
 -0.19710147;
 1.6894455]
Keyframe: 78 Frame: 615 Frame from vFrameID : 616
Tcw:
[0.94260204, 0.25323135, 0.21765877, 0.012868345;
 0.086940281, 0.44323388, -0.89217997, -0.24006504;
 -0.32240167, 0.85989398, 0.39577714, 1.6937373;
 0, 0, 0, 1]
Twc:
[0.94260204, 0.086940281, -0.32240167, 0.55480528;
 0.25323135, 0.44323388, 0.85989398, -1.3532881;
 0.21765877, -0.89217997, 0.39577714, -0.88732457;
 0, 0, 0, 1]
Ow:
[0.012868345;
 -0.24006504;
 1.6937373]
Keyframe: 79 Frame: 619 Frame from vFrameID : 620
Tcw:
[0.94437981, 0.25266871, 0.21048826, 0.022306204;
 0.081085175, 0.44139275, -0.8936429, -0.25285721;
 -0.31870359, 0.86100578, 0.39635473, 1.7270331;
 0, 0, 0, 1]
Twc:
[0.94437981, 0.081085175, -0.31870359, 0.54984915;
 0.25266871, 0.44139275, 0.86100578, -1.3810123;
 0.21048826, -0.8936429, 0.39635473, -0.91517699;
 0, 0, 0, 1]
Ow:
[0.022306204;
 -0.25285721;
 1.7270331]
Keyframe: 80 Frame: 623 Frame from vFrameID : 624
Tcw:
[0.94097799, 0.25994262, 0.21677227, 0.032327637;
 0.084041946, 0.44095501, -0.8935858, -0.25695539;
 -0.32786787, 0.85906255, 0.39308289, 1.741703;
 0, 0, 0, 1]
Twc:
[0.94097799, 0.084041946, -0.32786787, 0.56222391;
 0.25994262, 0.44095501, 0.85906255, -1.3913295;
 0.21677227, -0.8935858, 0.39308289, -0.92125309;
 0, 0, 0, 1]
Ow:
[0.032327637;
 -0.25695539;
 1.741703]
Keyframe: 81 Frame: 628 Frame from vFrameID : 629
Tcw:
[0.92858571, 0.30713141, 0.20832396, 0.076366812;
 0.062151827, 0.42471436, -0.90319151, -0.2288;
 -0.36587664, 0.85163844, 0.37529489, 1.7427149;
 0, 0, 0, 1]
Twc:
[0.92858571, 0.062151827, -0.36587664, 0.58092588;
 0.30713141, 0.42471436, 0.85163844, -1.4104431;
 0.20832396, -0.90319151, 0.37529489, -0.87659127;
 0, 0, 0, 1]
Ow:
[0.076366812;
 -0.2288;
 1.7427149]
Keyframe: 82 Frame: 633 Frame from vFrameID : 634
Tcw:
[0.90362102, 0.32506362, 0.27893144, 0.025578201;
 0.12356775, 0.42568395, -0.89639509, -0.25894636;
 -0.41012207, 0.84446836, 0.34448957, 1.8061354;
 0, 0, 0, 1]
Twc:
[0.90362102, 0.12356775, -0.41012207, 0.74962044;
 0.32506362, 0.42568395, 0.84446836, -1.4233094;
 0.27893144, -0.89639509, 0.34448957, -0.86144763;
 0, 0, 0, 1]
Ow:
[0.025578201;
 -0.25894636;
 1.8061354]
Keyframe: 83 Frame: 639 Frame from vFrameID : 640
Tcw:
[0.89299697, 0.32887661, 0.30724037, -0.060656369;
 0.14690913, 0.43226552, -0.88969892, -0.24581578;
 -0.4254106, 0.83963484, 0.33769682, 1.8590733;
 0, 0, 0, 1]
Twc:
[0.89299697, 0.14690913, -0.4254106, 0.88114798;
 0.32887661, 0.43226552, 0.83963484, -1.4347366;
 0.30724037, -0.88969892, 0.33769682, -0.82786912;
 0, 0, 0, 1]
Ow:
[-0.060656369;
 -0.24581578;
 1.8590733]
Keyframe: 84 Frame: 645 Frame from vFrameID : 646
Tcw:
[0.91633499, 0.31124744, 0.25190324, -0.034912944;
 0.11213434, 0.40446362, -0.90765363, -0.26085263;
 -0.38439056, 0.85996175, 0.33572263, 1.8881874;
 0, 0, 0, 1]
Twc:
[0.91633499, 0.11213434, -0.38439056, 0.78704387;
 0.31124744, 0.40446362, 0.85996175, -1.5073969;
 0.25190324, -0.90765363, 0.33572263, -0.86187637;
 0, 0, 0, 1]
Ow:
[-0.034912944;
 -0.26085263;
 1.8881874]
Keyframe: 85 Frame: 651 Frame from vFrameID : 652
Tcw:
[0.92274648, 0.30372497, 0.23725529, -0.017904699;
 0.09482763, 0.41775212, -0.90359885, -0.28123426;
 -0.37355945, 0.856291, 0.35667777, 1.8997989;
 0, 0, 0, 1]
Twc:
[0.92274648, 0.09482763, -0.37355945, 0.75287813;
 0.30372497, 0.41775212, 0.856291, -1.5038564;
 0.23725529, -0.90359885, 0.35667777, -0.92749101;
 0, 0, 0, 1]
Ow:
[-0.017904699;
 -0.28123426;
 1.8997989]
Keyframe: 86 Frame: 655 Frame from vFrameID : 656
Tcw:
[0.92031205, 0.30857578, 0.24043024, -0.013981685;
 0.099315569, 0.41017166, -0.90658462, -0.28207535;
 -0.37836772, 0.85821921, 0.34683955, 1.9118152;
 0, 0, 0, 1]
Twc:
[0.92031205, 0.099315569, -0.37836772, 0.76425105;
 0.30857578, 0.41017166, 0.85821921, -1.5207427;
 0.24043024, -0.90658462, 0.34683955, -0.91545653;
 0, 0, 0, 1]
Ow:
[-0.013981685;
 -0.28207535;
 1.9118152]
Keyframe: 87 Frame: 661 Frame from vFrameID : 662
Tcw:
[0.90611672, 0.31303608, 0.28453633, -0.027370274;
 0.13335608, 0.42694768, -0.89438909, -0.29978919;
 -0.40145817, 0.84836555, 0.34511915, 1.9145393;
 0, 0, 0, 1]
Twc:
[0.90611672, 0.13335608, -0.40145817, 0.8333869;
 0.31303608, 0.42694768, 0.84836555, -1.4876671;
 0.28453633, -0.89438909, 0.34511915, -0.92108458;
 0, 0, 0, 1]
Ow:
[-0.027370274;
 -0.29978919;
 1.9145393]
Keyframe: 88 Frame: 667 Frame from vFrameID : 668
Tcw:
[0.89569801, 0.31089517, 0.31791389, -0.03403753;
 0.15663888, 0.44852263, -0.87993848, -0.31537944;
 -0.4161602, 0.83795685, 0.35304257, 1.9236249;
 0, 0, 0, 1]
Twc:
[0.89569801, 0.15663888, -0.4161602, 0.88042408;
 0.31089517, 0.44852263, 0.83795685, -1.4598776;
 0.31791389, -0.87993848, 0.35304257, -0.94581491;
 0, 0, 0, 1]
Ow:
[-0.03403753;
 -0.31537944;
 1.9236249]
Keyframe: 89 Frame: 671 Frame from vFrameID : 672
Tcw:
[0.90604687, 0.27674431, 0.32014322, -0.070500672;
 0.18850252, 0.41338357, -0.89083153, -0.31433994;
 -0.37887451, 0.8674829, 0.32237789, 1.9816084;
 0, 0, 0, 1]
Twc:
[0.90604687, 0.18850252, -0.37887451, 0.87391162;
 0.27674431, 0.41338357, 0.8674829, -1.5695578;
 0.32014322, -0.89083153, 0.32237789, -0.89628035;
 0, 0, 0, 1]
Ow:
[-0.070500672;
 -0.31433994;
 1.9816084]
Keyframe: 90 Frame: 678 Frame from vFrameID : 679
Tcw:
[0.91930997, 0.29469255, 0.26081696, -0.063965112;
 0.11485581, 0.43298227, -0.89405507, -0.25940043;
 -0.37640047, 0.85187012, 0.36419776, 1.9777246;
 0, 0, 0, 1]
Twc:
[0.91930997, 0.11485581, -0.37640047, 0.83301395;
 0.29469255, 0.43298227, 0.85187012, -1.5535986;
 0.26081696, -0.89405507, 0.36419776, -0.93551803;
 0, 0, 0, 1]
Ow:
[-0.063965112;
 -0.25940043;
 1.9777246]
Keyframe: 91 Frame: 685 Frame from vFrameID : 686
Tcw:
[0.91796899, 0.27811641, 0.28281477, -0.058537185;
 0.13795081, 0.44464284, -0.88502109, -0.29695344;
 -0.37189046, 0.85143644, 0.36980194, 1.9943699;
 0, 0, 0, 1]
Twc:
[0.91796899, 0.13795081, -0.37189046, 0.8363874;
 0.27811641, 0.44464284, 0.85143644, -1.5497608;
 0.28281477, -0.88502109, 0.36980194, -0.98377675;
 0, 0, 0, 1]
Ow:
[-0.058537185;
 -0.29695344;
 1.9943699]
Keyframe: 92 Frame: 692 Frame from vFrameID : 693
Tcw:
[0.8976028, 0.29994884, 0.32301685, -0.040376782;
 0.16572566, 0.44939795, -0.87782484, -0.31120527;
 -0.40846565, 0.84147024, 0.35367164, 2.0007119;
 0, 0, 0, 1]
Twc:
[0.8976028, 0.16572566, -0.40846565, 0.90503919;
 0.29994884, 0.44939795, 0.84147024, -1.5315737;
 0.32301685, -0.87782484, 0.35367164, -0.96773648;
 0, 0, 0, 1]
Ow:
