Keyframe: 0 Frame: 0 Frame from vFrameID : 49
Tcw:
[0.93762869, 0.085910119, 0.33685592, -0.019808905;
 0.27115214, 0.42565924, -0.86330223, -0.0040099798;
 -0.21755223, 0.90079612, 0.3758156, -0.0022874684;
 0, 0, 0, 1]
Twc:
[0.93762869, 0.27115214, -0.21755223, 0.019163068;
 0.085910119, 0.42565924, 0.90079612, 0.0054692128;
 0.33685592, -0.86330223, 0.3758156, 0.0040705889;
 0, 0, 0, 1]
Ow:
[-0.019808905;
 -0.0040099798;
 -0.0022874684]
Keyframe: 1 Frame: 48 Frame from vFrameID : 49
Tcw:
[0.93939072, 0.082910366, 0.33267245, -0.019893199;
 0.26894322, 0.42359811, -0.86500531, -0.0029674787;
 -0.21263734, 0.90204793, 0.37562597, -0.0026293988;
 0, 0, 0, 1]
Twc:
[0.93939072, 0.26894322, -0.21263734, 0.01892646;
 0.082910366, 0.42359811, 0.90204793, 0.0052782148;
 0.33267245, -0.86500531, 0.37562597, 0.0050387047;
 0, 0, 0, 1]
Ow:
[-0.019893199;
 -0.0029674787;
 -0.0026293988]
Keyframe: 2 Frame: 51 Frame from vFrameID : 52
Tcw:
[0.94026536, 0.081274562, 0.33059874, -0.018252801;
 0.26622346, 0.42973071, -0.86281896, -0.0034722814;
 -0.21219367, 0.89929193, 0.3824237, -0.0027761855;
 0, 0, 0, 1]
Twc:
[0.94026536, 0.26622346, -0.21219367, 0.017497789;
 0.081274562, 0.42973071, 0.89929193, 0.0054722354;
 0.33059874, -0.86281896, 0.3824237, 0.0041000815;
 0, 0, 0, 1]
Ow:
[-0.018252801;
 -0.0034722814;
 -0.0027761855]
Keyframe: 3 Frame: 53 Frame from vFrameID : 54
Tcw:
[0.94143254, 0.085285477, 0.32623789, -0.01665294;
 0.26128358, 0.42708066, -0.86564022, -0.0033012929;
 -0.21315643, 0.90018249, 0.37978393, -0.0029383749;
 0, 0, 0, 1]
Twc:
[0.94143254, 0.26128358, -0.21315643, 0.015913859;
 0.085285477, 0.42708066, 0.90018249, 0.0054752454;
 0.32623789, -0.86564022, 0.37978393, 0.0036910353;
 0, 0, 0, 1]
Ow:
[-0.01665294;
 -0.0033012929;
 -0.0029383749]
Keyframe: 4 Frame: 55 Frame from vFrameID : 56
Tcw:
[0.94301218, 0.084460817, 0.32186082, -0.015734727;
 0.25810209, 0.42484501, -0.86769235, -0.0028597186;
 -0.21002698, 0.90131742, 0.37883452, -0.0038084621;
 0, 0, 0, 1]
Twc:
[0.94301218, 0.25810209, -0.21002698, 0.014776259;
 0.084460817, 0.42484501, 0.90131742, 0.0059765382;
 0.32186082, -0.86769235, 0.37883452, 0.0040258127;
 0, 0, 0, 1]
Ow:
[-0.015734727;
 -0.0028597186;
 -0.0038084621]
Keyframe: 5 Frame: 57 Frame from vFrameID : 58
Tcw:
[0.94482839, 0.082807094, 0.31692633, -0.014283039;
 0.25445968, 0.42372689, -0.86931342, -0.0010249126;
 -0.20627552, 0.90199697, 0.37927812, -0.0051330756;
 0, 0, 0, 1]
Twc:
[0.94482839, 0.25445968, -0.20627552, 0.012696992;
 0.082807094, 0.42372689, 0.90199697, 0.0062470385;
 0.31692633, -0.86931342, 0.37927812, 0.005582564;
 0, 0, 0, 1]
Ow:
[-0.014283039;
 -0.0010249126;
 -0.0051330756]
Keyframe: 6 Frame: 59 Frame from vFrameID : 60
Tcw:
[0.94719201, 0.087580375, 0.30847532, -0.0131091;
 0.2452402, 0.42194766, -0.87282151, -0.0010180427;
 -0.20660247, 0.90238011, 0.37818721, -0.0047782767;
 0, 0, 0, 1]
Twc:
[0.94719201, 0.2452402, -0.20660247, 0.011679295;
 0.087580375, 0.42194766, 0.90238011, 0.0058894823;
 0.30847532, -0.87282151, 0.37818721, 0.004962347;
 0, 0, 0, 1]
Ow:
[-0.0131091;
 -0.0010180427;
 -0.0047782767]
Keyframe: 7 Frame: 61 Frame from vFrameID : 62
Tcw:
[0.94816518, 0.092622384, 0.30398008, -0.012572711;
 0.23905927, 0.42233047, -0.87434983, -0.00072485069;
 -0.20936441, 0.90169734, 0.37829679, -0.0058471966;
 0, 0, 0, 1]
Twc:
[0.94816518, 0.23905927, -0.20936441, 0.010870094;
 0.092622384, 0.42233047, 0.90169734, 0.0067430427;
 0.30398008, -0.87434983, 0.37829679, 0.0054000565;
 0, 0, 0, 1]
Ow:
[-0.012572711;
 -0.00072485069;
 -0.0058471966]
Keyframe: 8 Frame: 64 Frame from vFrameID : 65
Tcw:
[0.9501819, 0.09272895, 0.2975831, -0.012165472;
 0.23377559, 0.41946566, -0.8771531, -0.00023623183;
 -0.20616338, 0.90302265, 0.3768909, -0.0066955313;
 0, 0, 0, 1]
Twc:
[0.9501819, 0.23377559, -0.20616338, 0.010234264;
 0.09272895, 0.41946566, 0.90302265, 0.0072733993;
 0.2975831, -0.8771531, 0.3768909, 0.0059365123;
 0, 0, 0, 1]
Ow:
[-0.012165472;
 -0.00023623183;
 -0.0066955313]
Keyframe: 9 Frame: 67 Frame from vFrameID : 68
Tcw:
[0.94931567, 0.081574112, 0.30355468, -0.011765017;
 0.24513862, 0.4123297, -0.87743449, 0.0019965488;
 -0.19674055, 0.90737528, 0.37143409, -0.0077118697;
 0, 0, 0, 1]
Twc:
[0.94931567, 0.24513862, -0.19674055, 0.009162046;
 0.081574112, 0.4123297, 0.90737528, 0.0071340436;
 0.30355468, -0.87743449, 0.37143409, 0.0081876181;
 0, 0, 0, 1]
Ow:
[-0.011765017;
 0.0019965488;
 -0.0077118697]
Keyframe: 10 Frame: 70 Frame from vFrameID : 71
Tcw:
[0.94840682, 0.075676866, 0.30789211, -0.012505609;
 0.25191411, 0.40979841, -0.87670094, 0.0039285189;
 -0.19251968, 0.90903151, 0.3695915, -0.0095286202;
 0, 0, 0, 1]
Twc:
[0.94840682, 0.25191411, -0.19251968, 0.0090363082;
 0.075676866, 0.40979841, 0.90903151, 0.0079983007;
 0.30789211, -0.87670094, 0.3695915, 0.010816212;
 0, 0, 0, 1]
Ow:
[-0.012505609;
 0.0039285189;
 -0.0095286202]
Keyframe: 11 Frame: 74 Frame from vFrameID : 75
Tcw:
[0.94501847, 0.071755059, 0.31904751, -0.015286701;
 0.2626521, 0.41467825, -0.87123811, 0.0043143863;
 -0.19481781, 0.90713459, 0.373032, -0.011396954;
 0, 0, 0, 1]
Twc:
[0.94501847, 0.2626521, -0.19481781, 0.011092704;
 0.071755059, 0.41467825, 0.90713459, 0.0096463878;
 0.31904751, -0.87123811, 0.373032, 0.01288747;
 0, 0, 0, 1]
Ow:
[-0.015286701;
 0.0043143863;
 -0.011396954]
Keyframe: 12 Frame: 81 Frame from vFrameID : 82
Tcw:
[0.93980312, 0.074246958, 0.3335529, -0.020811778;
 0.27444133, 0.41757956, -0.86620396, 0.0053084437;
 -0.20359787, 0.90560186, 0.37206611, -0.012967821;
 0, 0, 0, 1]
Twc:
[0.93980312, 0.27444133, -0.20359787, 0.015461897;
 0.074246958, 0.41757956, 0.90560186, 0.011072197;
 0.3335529, -0.86620396, 0.37206611, 0.01636491;
 0, 0, 0, 1]
Ow:
[-0.020811778;
 0.0053084437;
 -0.012967821]
Keyframe: 13 Frame: 87 Frame from vFrameID : 88
Tcw:
[0.9376021, 0.080198079, 0.33833507, -0.021973711;
 0.2756525, 0.42165384, -0.86384243, 0.0061896872;
 -0.21193878, 0.90320337, 0.37323672, -0.014203946;
 0, 0, 0, 1]
Twc:
[0.9376021, 0.2756525, -0.21193878, 0.015886027;
 0.080198079, 0.42165384, 0.90320337, 0.011981396;
 0.33833507, -0.86384243, 0.37323672, 0.018082825;
 0, 0, 0, 1]
Ow:
[-0.021973711;
 0.0061896872;
 -0.014203946]
Keyframe: 14 Frame: 93 Frame from vFrameID : 94
Tcw:
[0.93531072, 0.08706896, 0.3429473, -0.020873791;
 0.27206925, 0.44269469, -0.85440022, 0.0055550784;
 -0.2262127, 0.89243507, 0.39036831, -0.015695363;
 0, 0, 0, 1]
Twc:
[0.93531072, 0.27206925, -0.2262127, 0.014461624;
 0.08706896, 0.44269469, 0.89243507, 0.013365348;
 0.3429473, -0.85440022, 0.39036831, 0.018031843;
 0, 0, 0, 1]
Ow:
[-0.020873791;
 0.0055550784;
 -0.015695363]
Keyframe: 15 Frame: 99 Frame from vFrameID : 100
Tcw:
[0.93613374, 0.10157872, 0.33665323, -0.019371964;
 0.25825962, 0.45114172, -0.8542676, 0.0062476955;
 -0.23865373, 0.88665265, 0.39609531, -0.015563503;
 0, 0, 0, 1]
Twc:
[0.93613374, 0.25825962, -0.23865373, 0.012806935;
 0.10157872, 0.45114172, 0.88665265, 0.012948604;
 0.33665323, -0.8542676, 0.39609531, 0.018023469;
 0, 0, 0, 1]
Ow:
[-0.019371964;
 0.0062476955;
 -0.015563503]
Keyframe: 16 Frame: 105 Frame from vFrameID : 106
Tcw:
[0.93069744, 0.15525386, 0.33120769, -0.018345911;
 0.23089013, 0.45294446, -0.86112195, 0.0078531895;
 -0.28371119, 0.87791657, 0.38570768, -0.013752636;
 0, 0, 0, 1]
Twc:
[0.93069744, 0.23089013, -0.28371119, 0.01135949;
 0.15525386, 0.45294446, 0.87791657, 0.011364882;
 0.33120769, -0.86112195, 0.38570768, 0.018143358;
 0, 0, 0, 1]
Ow:
[-0.018345911;
 0.0078531895;
 -0.013752636]
Keyframe: 17 Frame: 111 Frame from vFrameID : 112
Tcw:
[0.93559611, 0.11452802, 0.33398086, -0.015840884;
 0.24840961, 0.45868304, -0.85317206, 0.0083318735;
 -0.25090346, 0.88118851, 0.40069219, -0.014142133;
 0, 0, 0, 1]
Twc:
[0.93559611, 0.24840961, -0.25090346, 0.0092026433;
 0.11452802, 0.45868304, 0.88118851, 0.010454423;
 0.33398086, -0.85317206, 0.40069219, 0.018065717;
 0, 0, 0, 1]
Ow:
[-0.015840884;
 0.0083318735;
 -0.014142133]
Keyframe: 18 Frame: 118 Frame from vFrameID : 119
Tcw:
[0.9331944, 0.083317585, 0.34958026, -0.013204342;
 0.26782662, 0.48736274, -0.83111155, 0.004223024;
 -0.2396186, 0.86921561, 0.43248954, -0.010910723;
 0, 0, 0, 1]
Twc:
[0.9331944, 0.26782662, -0.2396186, 0.0085767675;
 0.083317585, 0.48736274, 0.86921561, 0.0085257795;
 0.34958026, -0.83111155, 0.43248954, 0.012844555;
 0, 0, 0, 1]
Ow:
[-0.013204342;
 0.004223024;
 -0.010910723]
Keyframe: 19 Frame: 124 Frame from vFrameID : 125
Tcw:
[0.9281022, 0.0724831, 0.36520201, -0.0054419655;
 0.29725212, 0.44640255, -0.84401774, -0.0016005975;
 -0.22420414, 0.89189178, 0.39276144, -0.003099879;
 0, 0, 0, 1]
Twc:
[0.9281022, 0.29725212, -0.22420414, 0.0048314752;
 0.0724831, 0.44640255, 0.89189178, 0.003873718;
 0.36520201, -0.84401774, 0.39276144, 0.0018539969;
 0, 0, 0, 1]
Ow:
[-0.0054419655;
 -0.0016005975;
 -0.003099879]
Keyframe: 20 Frame: 133 Frame from vFrameID : 134
Tcw:
[0.92405808, 0.062372807, 0.37712899, 0.012870131;
 0.30736443, 0.46530125, -0.83007342, -0.014464309;
 -0.22725259, 0.88295209, 0.4107942, 0.011306668;
 0, 0, 0, 1]
Twc:
[0.92405808, 0.30736443, -0.22725259, -0.0048774658;
 0.062372807, 0.46530125, 0.88295209, -0.0040557319;
 0.37712899, -0.83007342, 0.4107942, -0.021504851;
 0, 0, 0, 1]
Ow:
[0.012870131;
 -0.014464309;
 0.011306668]
Keyframe: 21 Frame: 142 Frame from vFrameID : 143
Tcw:
[0.94288725, 0.075960726, 0.32433563, 0.02497248;
 0.25804913, 0.449155, -0.85537738, -0.014740868;
 -0.21065207, 0.89021891, 0.40390092, 0.039813433;
 0, 0, 0, 1]
Twc:
[0.94288725, 0.25804913, -0.21065207, -0.011355583;
 0.075960726, 0.449155, 0.89021891, -0.030718664;
 0.32433563, -0.85537738, 0.40390092, -0.036789153;
 0, 0, 0, 1]
Ow:
[0.02497248;
 -0.014740868;
 0.039813433]
Keyframe: 22 Frame: 151 Frame from vFrameID : 152
Tcw:
[0.93397295, 0.11919062, 0.33687994, 0.0363749;
 0.25460878, 0.43952465, -0.86138982, -0.018510319;
 -0.25073662, 0.8902874, 0.38015717, 0.070824817;
 0, 0, 0, 1]
Twc:
[0.93397295, 0.25460878, -0.25073662, -0.011501909;
 0.11919062, 0.43952465, 0.8902874, -0.059254244;
 0.33687994, -0.86138982, 0.38015717, -0.055123132;
 0, 0, 0, 1]
Ow:
[0.0363749;
 -0.018510319;
 0.070824817]
Keyframe: 23 Frame: 161 Frame from vFrameID : 162
Tcw:
[0.93056095, 0.13151011, 0.34170368, 0.04952617;
 0.25831726, 0.4255822, -0.86726695, -0.036039408;
 -0.25947738, 0.89531273, 0.36205885, 0.10376522;
 0, 0, 0, 1]
Twc:
[0.93056095, 0.25831726, -0.25947738, -0.0098527875;
 0.13151011, 0.4255822, 0.89531273, -0.084077783;
 0.34170368, -0.86726695, 0.36205885, -0.085748181;
 0, 0, 0, 1]
Ow:
[0.04952617;
 -0.036039408;
 0.10376522]
Keyframe: 24 Frame: 170 Frame from vFrameID : 171
Tcw:
[0.93392122, 0.11400156, 0.33881375, 0.052389953;
 0.26515251, 0.41476968, -0.87043679, -0.045223143;
 -0.23976083, 0.90275675, 0.35713443, 0.15708739;
 0, 0, 0, 1]
Twc:
[0.93392122, 0.26515251, -0.23976083, 0.00072634267;
 0.11400156, 0.41476968, 0.90275675, -0.12902704;
 0.33881375, -0.87043679, 0.35713443, -0.11321564;
 0, 0, 0, 1]
Ow:
[0.052389953;
 -0.045223143;
 0.15708739]
Keyframe: 25 Frame: 179 Frame from vFrameID : 180
Tcw:
[0.93190467, 0.12823391, 0.33927828, 0.075609371;
 0.26024348, 0.41515931, -0.87173164, -0.046905875;
 -0.2526401, 0.90066576, 0.35351685, 0.18374863;
 0, 0, 0, 1]
Twc:
[0.93190467, 0.26024348, -0.2526401, -0.01183151;
 0.12823391, 0.41515931, 0.90066576, -0.15571837;
 0.33927828, -0.87173164, 0.35351685, -0.1315002;
 0, 0, 0, 1]
Ow:
[0.075609371;
 -0.046905875;
 0.18374863]
Keyframe: 26 Frame: 189 Frame from vFrameID : 190
Tcw:
[0.91102475, 0.17394167, 0.37386927, 0.025029901;
 0.27585417, 0.41683036, -0.86611599, -0.06015487;
 -0.30649373, 0.89218652, 0.33176023, 0.26456732;
 0, 0, 0, 1]
Twc:
[0.91102475, 0.27585417, -0.30649373, 0.074879333;
 0.17394167, 0.41683036, 0.89218652, -0.21532275;
 0.37386927, -0.86611599, 0.33176023, -0.14923193;
 0, 0, 0, 1]
Ow:
[0.025029901;
 -0.06015487;
 0.26456732]
Keyframe: 27 Frame: 198 Frame from vFrameID : 199
Tcw:
[0.90486401, 0.15948355, 0.39469752, -0.0090179406;
 0.30226332, 0.41218102, -0.85950202, -0.072265789;
 -0.29976326, 0.897035, 0.32476175, 0.30129442;
 0, 0, 0, 1]
Twc:
[0.90486401, 0.30226332, -0.29976326, 0.1203203;
 0.15948355, 0.41218102, 0.897035, -0.23904683;
 0.39469752, -0.85950202, 0.32476175, -0.15640214;
 0, 0, 0, 1]
Ow:
[-0.0090179406;
 -0.072265789;
 0.30129442]
Keyframe: 28 Frame: 207 Frame from vFrameID : 208
Tcw:
[0.90719748, 0.16760191, 0.38587865, 0.021477669;
 0.29613495, 0.39709955, -0.86868638, -0.11826368;
 -0.29882574, 0.90234226, 0.31061494, 0.3327255;
 0, 0, 0, 1]
Twc:
[0.90719748, 0.29613495, -0.29882574, 0.11496447;
 0.16760191, 0.39709955, 0.90234226, -0.25686952;
 0.38587865, -0.86868638, 0.31061494, -0.21437134;
 0, 0, 0, 1]
Ow:
[0.021477669;
 -0.11826368;
 0.3327255]
Keyframe: 29 Frame: 216 Frame from vFrameID : 217
Tcw:
[0.90111697, 0.18592015, 0.39169115, 0.052686762;
 0.28732684, 0.42048079, -0.86060399, -0.13262816;
 -0.3247022, 0.88804817, 0.32548252, 0.35251218;
 0, 0, 0, 1]
Twc:
[0.90111697, 0.28732684, -0.3247022, 0.10509218;
 0.18592015, 0.42048079, 0.88804817, -0.26707575;
 0.39169115, -0.86060399, 0.32548252, -0.2495138;
 0, 0, 0, 1]
Ow:
[0.052686762;
 -0.13262816;
 0.35251218]
Keyframe: 30 Frame: 225 Frame from vFrameID : 226
Tcw:
[0.87221277, 0.20239936, 0.44528574, -0.023794308;
 0.33278474, 0.42162812, -0.84349513, -0.13575858;
 -0.35846785, 0.88389152, 0.300394, 0.41288242;
 0, 0, 0, 1]
Twc:
[0.87221277, 0.33278474, -0.35846785, 0.21393716;
 0.20239936, 0.42162812, 0.88389152, -0.30288768;
 0.44528574, -0.84349513, 0.300394, -0.22794384;
 0, 0, 0, 1]
Ow:
[-0.023794308;
 -0.13575858;
 0.41288242]
Keyframe: 31 Frame: 234 Frame from vFrameID : 235
Tcw:
[0.89117897, 0.18337689, 0.41493735, 0.043530636;
 0.31026477, 0.42091593, -0.85238814, -0.17512372;
 -0.33096203, 0.88837081, 0.31821603, 0.50157332;
 0, 0, 0, 1]
Twc:
[0.89117897, 0.31026477, -0.33096203, 0.18154286;
 0.18337689, 0.42091593, 0.88837081, -0.37985325;
 0.41493735, -0.85238814, 0.31821603, -0.32694456;
 0, 0, 0, 1]
Ow:
[0.043530636;
 -0.17512372;
 0.50157332]
Keyframe: 32 Frame: 243 Frame from vFrameID : 244
Tcw:
[0.9072246, 0.18359573, 0.3784655, 0.080077715;
 0.28092888, 0.40521297, -0.86998934, -0.18122348;
 -0.31308547, 0.89559758, 0.31604183, 0.53952503;
 0, 0, 0, 1]
Twc:
[0.9072246, 0.28092888, -0.31308547, 0.14717989;
 0.18359573, 0.40521297, 0.89559758, -0.42446518;
 0.3784655, -0.86998934, 0.31604183, -0.35848162;
 0, 0, 0, 1]
Ow:
[0.080077715;
 -0.18122348;
 0.53952503]
Keyframe: 33 Frame: 252 Frame from vFrameID : 253
Tcw:
[0.88124108, 0.18766169, 0.433817, 0.066995323;
 0.32818794, 0.41757315, -0.84730476, -0.2336079;
 -0.34015697, 0.88905329, 0.30639434, 0.55996341;
 0, 0, 0, 1]
Twc:
[0.88124108, 0.32818794, -0.34015697, 0.20810372;
 0.18766169, 0.41757315, 0.88905329, -0.41286135;
 0.433817, -0.84730476, 0.30639434, -0.39857039;
 0, 0, 0, 1]
Ow:
[0.066995323;
 -0.2336079;
 0.55996341]
Keyframe: 34 Frame: 260 Frame from vFrameID : 261
Tcw:
[0.87494099, 0.18552066, 0.44728106, 0.11616822;
 0.34900382, 0.39871001, -0.84807229, -0.22775631;
 -0.33567038, 0.89811605, 0.28410032, 0.57578433;
 0, 0, 0, 1]
Twc:
[0.87494099, 0.34900382, -0.33567038, 0.17112124;
 0.18552066, 0.39871001, 0.89811605, -0.447864;
 0.44728106, -0.84807229, 0.28410032, -0.40869418;
 0, 0, 0, 1]
Ow:
[0.11616822;
 -0.22775631;
 0.57578433]
Keyframe: 35 Frame: 267 Frame from vFrameID : 268
Tcw:
[0.92289364, 0.12771711, 0.36325702, -0.0080422312;
 0.31138492, 0.30740833, -0.89918828, -0.020513877;
 -0.22650997, 0.94296789, 0.24393602, 0.67761433;
 0, 0, 0, 1]
Twc:
[0.92289364, 0.31138492, -0.22650997, 0.16729623;
 0.12771711, 0.30740833, 0.94296789, -0.63163531;
 0.36325702, -0.89918828, 0.24393602, -0.18081897;
 0, 0, 0, 1]
Ow:
[-0.0080422312;
 -0.020513877;
 0.67761433]
Keyframe: 36 Frame: 272 Frame from vFrameID : 273
Tcw:
[0.94234496, 0.15395996, 0.29712328, 0.036609832;
 0.24417515, 0.29080233, -0.92510134, 0.060080603;
 -0.22883272, 0.94431472, 0.23644292, 0.73417372;
 0, 0, 0, 1]
Twc:
[0.94234496, 0.24417515, -0.22883272, 0.11883369;
 0.15395996, 0.29080233, 0.94431472, -0.71639913;
 0.29712328, -0.92510134, 0.23644292, -0.12888719;
 0, 0, 0, 1]
Ow:
[0.036609832;
 0.060080603;
 0.73417372]
Keyframe: 37 Frame: 280 Frame from vFrameID : 281
Tcw:
[0.92986614, 0.13015237, 0.34410653, 0.048618183;
 0.28708613, 0.32821035, -0.89992195, -0.027231872;
 -0.23006631, 0.93559515, 0.26782677, 0.74576592;
 0, 0, 0, 1]
Twc:
[0.92986614, 0.28708613, -0.23006631, 0.13418511;
 0.13015237, 0.32821035, 0.93559515, -0.69512498;
 0.34410653, -0.89992195, 0.26782677, -0.24097247;
 0, 0, 0, 1]
Ow:
[0.048618183;
 -0.027231872;
 0.74576592]
Keyframe: 38 Frame: 282 Frame from vFrameID : 283
Tcw:
[0.91903538, 0.14070232, 0.36820757, 0.026909262;
 0.30393356, 0.34186152, -0.88924414, -0.076912925;
 -0.25099471, 0.92915744, 0.27141866, 0.7399264;
 0, 0, 0, 1]
Twc:
[0.91903538, 0.30393356, -0.25099471, 0.18436348;
 0.14070232, 0.34186152, 0.92915744, -0.6650008;
 0.36820757, -0.88924414, 0.27141866, -0.2791324;
 0, 0, 0, 1]
Ow:
[0.026909262;
 -0.076912925;
 0.7399264]
Keyframe: 39 Frame: 287 Frame from vFrameID : 288
Tcw:
[0.93311632, 0.135878, 0.33291301, 0.057292625;
 0.28036746, 0.30476472, -0.91022664, -0.079644442;
 -0.22513992, 0.94268531, 0.24628519, 0.75570363;
 0, 0, 0, 1]
Twc:
[0.93311632, 0.28036746, -0.22513992, 0.13900809;
 0.135878, 0.30476472, 0.94268531, -0.69590276;
 0.33291301, -0.91022664, 0.24628519, -0.27768657;
 0, 0, 0, 1]
Ow:
[0.057292625;
 -0.079644442;
 0.75570363]
Keyframe: 40 Frame: 293 Frame from vFrameID : 294
Tcw:
[0.90503442, 0.118621, 0.4084627, 0.056673743;
 0.34579265, 0.35398728, -0.86897665, -0.10639828;
 -0.24766949, 0.92769718, 0.2793524, 0.7795288;
 0, 0, 0, 1]
Twc:
[0.90503442, 0.34579265, -0.24766949, 0.17856556;
 0.118621, 0.35398728, 0.92769718, -0.69222575;
 0.4084627, -0.86897665, 0.2793524, -0.33337;
 0, 0, 0, 1]
Ow:
[0.056673743;
 -0.10639828;
 0.7795288]
Keyframe: 41 Frame: 296 Frame from vFrameID : 297
Tcw:
[0.89182639, 0.13071965, 0.43307972, 0.023276642;
 0.3652412, 0.35679564, -0.85982311, -0.12784044;
 -0.26691672, 0.92499149, 0.27045557, 0.82158816;
 0, 0, 0, 1]
Twc:
[0.89182639, 0.3652412, -0.26691672, 0.2452295;
 0.13071965, 0.35679564, 0.92499149, -0.71739185;
 0.43307972, -0.85982311, 0.27045557, -0.34220389;
 0, 0, 0, 1]
Ow:
[0.023276642;
 -0.12784044;
 0.82158816]
Keyframe: 42 Frame: 302 Frame from vFrameID : 303
Tcw:
[0.89988542, 0.14590576, 0.41099599, 0.0076776892;
 0.34131154, 0.35105065, -0.87193453, -0.14958763;
 -0.27150068, 0.92491889, 0.26610604, 0.870341;
 0, 0, 0, 1]
Twc:
[0.89988542, 0.34131154, -0.27150068, 0.28044513;
 0.14590576, 0.35105065, 0.92491889, -0.75360215;
 0.41099599, -0.87193453, 0.26610604, -0.36518914;
 0, 0, 0, 1]
Ow:
[0.0076776892;
 -0.14958763;
 0.870341]
Keyframe: 43 Frame: 307 Frame from vFrameID : 308
Tcw:
[0.91749954, 0.13229862, 0.37508887, 0.0083550215;
 0.3107647, 0.35012445, -0.88365048, -0.1604757;
 -0.24823353, 0.92731327, 0.28012529, 0.8668384;
 0, 0, 0, 1]
Twc:
[0.91749954, 0.3107647, -0.24823353, 0.25738281;
 0.13229862, 0.35012445, 0.92731327, -0.74874967;
 0.37508887, -0.88365048, 0.28012529, -0.38776165;
 0, 0, 0, 1]
Ow:
[0.0083550215;
 -0.1604757;
 0.8668384]
Keyframe: 44 Frame: 311 Frame from vFrameID : 312
Tcw:
[0.92119426, 0.11234753, 0.3725307, 0.036795035;
 0.30714083, 0.37783384, -0.87344497, -0.17266577;
 -0.23888409, 0.91903192, 0.31355184, 0.86795533;
 0, 0, 0, 1]
Twc:
[0.92119426, 0.30714083, -0.23888409, 0.22647806;
 0.11234753, 0.37783384, 0.91903192, -0.73657346;
 0.3725307, -0.87344497, 0.31355184, -0.43667033;
 0, 0, 0, 1]
Ow:
[0.036795035;
 -0.17266577;
 0.86795533]
Keyframe: 45 Frame: 318 Frame from vFrameID : 319
Tcw:
[0.91407984, 0.11544891, 0.38875389, 0.038729265;
 0.31777924, 0.39163813, -0.86350214, -0.18550441;
 -0.2519412, 0.91284782, 0.32130125, 0.87552065;
 0, 0, 0, 1]
Twc:
[0.91407984, 0.31777924, -0.2519412, 0.24412753;
 0.11544891, 0.39163813, 0.91284782, -0.73103774;
 0.38875389, -0.86350214, 0.32130125, -0.45654544;
 0, 0, 0, 1]
Ow:
[0.038729265;
 -0.18550441;
 0.87552065]
Keyframe: 46 Frame: 324 Frame from vFrameID : 325
Tcw:
[0.89566821, 0.14438085, 0.42063361, 0.0094151348;
 0.33192185, 0.41246876, -0.84834981, -0.18409388;
 -0.2959837, 0.89945745, 0.32151201, 0.90442175;
 0, 0, 0, 1]
Twc:
[0.89566821, 0.33192185, -0.2959837, 0.32036605;
 0.14438085, 0.41246876, 0.89945745, -0.73891526;
 0.42063361, -0.84834981, 0.32151201, -0.45091876;
 0, 0, 0, 1]
Ow:
[0.0094151348;
 -0.18409388;
 0.90442175]
Keyframe: 47 Frame: 331 Frame from vFrameID : 332
Tcw:
[0.90311396, 0.14120413, 0.40552008, -0.092304319;
 0.3197746, 0.40912232, -0.85461289, -0.16407283;
 -0.28658217, 0.90148783, 0.32433057, 0.96966898;
 0, 0, 0, 1]
Twc:
[0.90311396, 0.3197746, -0.28658217, 0.41371748;
 0.14120413, 0.40912232, 0.90148783, -0.79398519;
 0.40552008, -0.85461289, 0.32433057, -0.41728079;
 0, 0, 0, 1]
Ow:
[-0.092304319;
 -0.16407283;
 0.96966898]
Keyframe: 48 Frame: 337 Frame from vFrameID : 338
Tcw:
[0.92076415, 0.13117327, 0.36740571, -0.074594408;
 0.29208574, 0.39250654, -0.8721379, -0.18214661;
 -0.25861034, 0.91034728, 0.3230921, 0.98221982;
 0, 0, 0, 1]
Twc:
[0.92076415, 0.29208574, -0.25861034, 0.37589845;
 0.13117327, 0.39250654, 0.91034728, -0.8128826;
 0.36740571, -0.8721379, 0.3230921, -0.448798;
 0, 0, 0, 1]
Ow:
[-0.074594408;
 -0.18214661;
 0.98221982]
Keyframe: 49 Frame: 343 Frame from vFrameID : 344
Tcw:
[0.93024391, 0.11346323, 0.34895894, -0.065726593;
 0.28275293, 0.38447607, -0.87876558, -0.15887126;
 -0.23387393, 0.91613549, 0.32557446, 0.99397707;
 0, 0, 0, 1]
Twc:
[0.93024391, 0.28275293, -0.23387393, 0.33852842;
 0.11346323, 0.38447607, 0.91613549, -0.84207797;
 0.34895894, -0.87876558, 0.32557446, -0.44028828;
 0, 0, 0, 1]
Ow:
[-0.065726593;
 -0.15887126;
 0.99397707]
Keyframe: 50 Frame: 350 Frame from vFrameID : 351
Tcw:
[0.92354769, 0.14402282, 0.35541111, -0.053645775;
 0.27354777, 0.40211385, -0.87377119, -0.16718808;
 -0.26875871, 0.90419126, 0.33197421, 0.99207419;
 0, 0, 0, 1]
Twc:
[0.92354769, 0.27354777, -0.26875871, 0.36190698;
 0.14402282, 0.40211385, 0.90419126, -0.82207;
 0.35541111, -0.87377119, 0.33197421, -0.45636088;
 0, 0, 0, 1]
Ow:
[-0.053645775;
 -0.16718808;
 0.99207419]
Keyframe: 51 Frame: 356 Frame from vFrameID : 357
Tcw:
[0.91143072, 0.13868481, 0.38737655, -0.046303749;
 0.31135353, 0.38301975, -0.8696866, -0.16604221;
 -0.26898521, 0.91327018, 0.30591595, 1.012408;
 0, 0, 0, 1]
Twc:
[0.91143072, 0.31135353, -0.26898521, 0.36622325;
 0.13868481, 0.38301975, 0.91327018, -0.85458297;
 0.38737655, -0.8696866, 0.30591595, -0.43617949;
 0, 0, 0, 1]
Ow:
[-0.046303749;
 -0.16604221;
 1.012408]
Keyframe: 52 Frame: 364 Frame from vFrameID : 365
Tcw:
[0.92465717, 0.12805466, 0.35862389, -0.01670821;
 0.28525877, 0.39094743, -0.87509286, -0.14711532;
 -0.2522628, 0.91146153, 0.32496363, 1.0328766;
 0, 0, 0, 1]
Twc:
[0.92465717, 0.28525877, -0.2522628, 0.31797168;
 0.12805466, 0.39094743, 0.91146153, -0.88177335;
 0.35862389, -0.87509286, 0.32496363, -0.45839494;
 0, 0, 0, 1]
Ow:
[-0.01670821;
 -0.14711532;
 1.0328766]
Keyframe: 53 Frame: 372 Frame from vFrameID : 373
Tcw:
[0.93065906, 0.1434816, 0.33658093, -0.021343336;
 0.24875468, 0.42647707, -0.86961973, -0.15535823;
 -0.26831847, 0.89304554, 0.36121303, 1.0459001;
 0, 0, 0, 1]
Twc:
[0.93065906, 0.24875468, -0.26831847, 0.33914375;
 0.1434816, 0.42647707, 0.89304554, -0.8647173;
 0.33658093, -0.86961973, 0.36121303, -0.50571156;
 0, 0, 0, 1]
Ow:
[-0.021343336;
 -0.15535823;
 1.0459001]
Keyframe: 54 Frame: 379 Frame from vFrameID : 380
Tcw:
[0.92728871, 0.12618989, 0.35243693, -0.0090394467;
 0.26527622, 0.4427689, -0.85649532, -0.18223628;
 -0.26412916, 0.88771158, 0.37709942, 1.0522764;
 0, 0, 0, 1]
Twc:
[0.92728871, 0.26527622, -0.26412916, 0.33466202;
 0.12618989, 0.4427689, 0.88771158, -0.85228872;
 0.35243693, -0.85649532, 0.37709942, -0.54971153;
 0, 0, 0, 1]
Ow:
[-0.0090394467;
 -0.18223628;
 1.0522764]
Keyframe: 55 Frame: 386 Frame from vFrameID : 387
Tcw:
[0.90965939, 0.16763005, 0.38002631, -0.015592232;
 0.28359592, 0.41781616, -0.86313558, -0.15206167;
 -0.30346861, 0.89293325, 0.33253118, 1.1010289;
 0, 0, 0, 1]
Twc:
[0.90965939, 0.28359592, -0.30346861, 0.39143538;
 0.16763005, 0.41781616, 0.89293325, -0.91699785;
 0.38002631, -0.86313558, 0.33253118, -0.49145085;
 0, 0, 0, 1]
Ow:
[-0.015592232;
 -0.15206167;
 1.1010289]
Keyframe: 56 Frame: 394 Frame from vFrameID : 395
Tcw:
[0.90148765, 0.17704795, 0.39493555, -0.097547263;
 0.29262507, 0.42299792, -0.85757995, -0.13937092;
 -0.31888971, 0.88866574, 0.32951874, 1.1735783;
 0, 0, 0, 1]
Twc:
[0.90148765, 0.29262507, -0.31888971, 0.50296313;
 0.17704795, 0.42299792, 0.88866574, -0.96669471;
 0.39493555, -0.85757995, 0.32951874, -0.46771285;
 0, 0, 0, 1]
Ow:
[-0.097547263;
 -0.13937092;
 1.1735783]
Keyframe: 57 Frame: 400 Frame from vFrameID : 401
Tcw:
[0.91881227, 0.16307651, 0.35943022, -0.034024358;
 0.25654718, 0.44529253, -0.85784507, -0.17203385;
 -0.29994598, 0.88040936, 0.3673034, 1.1601334;
 0, 0, 0, 1]
Twc:
[0.91881227, 0.25654718, -0.29994598, 0.42337409;
 0.16307651, 0.44529253, 0.88040936, -0.93923825;
 0.35943022, -0.85784507, 0.3673034, -0.56146991;
 0, 0, 0, 1]
Ow:
[-0.034024358;
 -0.17203385;
 1.1601334]
Keyframe: 58 Frame: 407 Frame from vFrameID : 408
Tcw:
[0.92394483, 0.16081548, 0.34707969, -0.024789914;
 0.24162371, 0.4580602, -0.85545242, -0.17812443;
 -0.29655337, 0.87425351, 0.38436553, 1.1769578;
 0, 0, 0, 1]
Twc:
[0.92394483, 0.24162371, -0.29655337, 0.41497445;
 0.16081548, 0.4580602, 0.87425351, -0.94338125;
 0.34707969, -0.85545242, 0.38436553, -0.59615493;
 0, 0, 0, 1]
Ow:
[-0.024789914;
 -0.17812443;
 1.1769578]
Keyframe: 59 Frame: 414 Frame from vFrameID : 415
Tcw:
[0.90379369, 0.14769499, 0.40167543, -0.036539003;
 0.30528769, 0.4352653, -0.84696138, -0.18816605;
 -0.29992732, 0.88810492, 0.34830058, 1.2230802;
 0, 0, 0, 1]
Twc:
[0.90379369, 0.30528769, -0.29992732, 0.45730367;
 0.14769499, 0.4352653, 0.88810492, -0.99892467;
 0.40167543, -0.84696138, 0.34830058, -0.57069206;
 0, 0, 0, 1]
Ow:
[-0.036539003;
 -0.18816605;
 1.2230802]
Keyframe: 60 Frame: 422 Frame from vFrameID : 423
Tcw:
[0.89639884, 0.14057896, 0.42036492, -0.031522185;
 0.32162496, 0.44629315, -0.83509272, -0.22256655;
 -0.30500245, 0.88377595, 0.35484296, 1.2805631;
 0, 0, 0, 1]
Twc:
[0.89639884, 0.32162496, -0.30500245, 0.49041435;
 0.14057896, 0.44629315, 0.88377595, -1.0279697;
 0.42036492, -0.83509272, 0.35484296, -0.62701172;
 0, 0, 0, 1]
Ow:
[-0.031522185;
 -0.22256655;
 1.2805631]
Keyframe: 61 Frame: 429 Frame from vFrameID : 430
Tcw:
[0.92268693, 0.12773091, 0.36377695, -0.029136688;
 0.28089947, 0.42358109, -0.86120528, -0.22043762;
 -0.26409158, 0.89680761, 0.3549532, 1.2984949;
 0, 0, 0, 1]
Twc:
[0.92268693, 0.28089947, -0.26409158, 0.43172643;
 0.12773091, 0.42358109, 0.89680761, -1.0674053;
 0.36377695, -0.86120528, 0.3549532, -0.64014775;
 0, 0, 0, 1]
Ow:
[-0.029136688;
 -0.22043762;
 1.2984949]
Keyframe: 62 Frame: 436 Frame from vFrameID : 437
Tcw:
[0.92742592, 0.1052353, 0.35889646, -0.011872828;
 0.2746833, 0.4596085, -0.8445763, -0.24967918;
 -0.25383112, 0.88186479, 0.39734647, 1.2951275;
 0, 0, 0, 1]
Twc:
[0.92742592, 0.2746833, -0.25383112, 0.4083375;
 0.1052353, 0.4596085, 0.88186479, -1.0261233;
 0.35889646, -0.8445763, 0.39734647, -0.72122633;
 0, 0, 0, 1]
Ow:
[-0.011872828;
 -0.24967918;
 1.2951275]
Keyframe: 63 Frame: 442 Frame from vFrameID : 443
Tcw:
[0.92091268, 0.11847728, 0.37132603, 0.0092656016;
 0.28321216, 0.45113516, -0.84632617, -0.25174007;
 -0.26778865, 0.88455653, 0.38190186, 1.3137423;
 0, 0, 0, 1]
Twc:
[0.92091268, 0.28321216, -0.26778865, 0.41456828;
 0.11847728, 0.45113516, 0.88455653, -1.0496082;
 0.37132603, -0.84632617, 0.38190186, -0.71821541;
 0, 0, 0, 1]
Ow:
[0.0092656016;
 -0.25174007;
 1.3137423]
Keyframe: 64 Frame: 451 Frame from vFrameID : 452
Tcw:
[0.90149671, 0.15633057, 0.40356472, 0.047577828;
 0.28599939, 0.48466522, -0.82662201, -0.27212638;
 -0.32482007, 0.86061627, 0.39221364, 1.3302349;
 0, 0, 0, 1]
Twc:
[0.90149671, 0.28599939, -0.32482007, 0.46702367;
 0.15633057, 0.48466522, 0.86061627, -1.0203694;
 0.40356472, -0.82662201, 0.39221364, -0.76588261;
 0, 0, 0, 1]
Ow:
[0.047577828;
 -0.27212638;
 1.3302349]
Keyframe: 65 Frame: 457 Frame from vFrameID : 458
Tcw:
[0.9097842, 0.13583441, 0.39222661, 0.032785892;
 0.30179891, 0.43227616, -0.84973806, -0.27343035;
 -0.28497389, 0.89145184, 0.35228336, 1.3944154;
 0, 0, 0, 1]
Twc:
[0.9097842, 0.30179891, -0.28497389, 0.4500649;
 0.13583441, 0.43227616, 0.89145184, -1.1293103;
 0.39222661, -0.84973806, 0.35228336, -0.73643303;
 0, 0, 0, 1]
Ow:
[0.032785892;
 -0.27343035;
 1.3944154]
Keyframe: 66 Frame: 465 Frame from vFrameID : 466
Tcw:
[0.91351801, 0.10725372, 0.39240476, -0.035251051;
 0.30698097, 0.45118424, -0.83797103, -0.28040045;
 -0.26692235, 0.88596243, 0.37924007, 1.394459;
 0, 0, 0, 1]
Twc:
[0.91351801, 0.30698097, -0.26692235, 0.49049234;
 0.10725372, 0.45118424, 0.88596243, -1.1051452;
 0.39240476, -0.83797103, 0.37924007, -0.74996954;
 0, 0, 0, 1]
Ow:
[-0.035251051;
 -0.28040045;
 1.394459]
Keyframe: 67 Frame: 472 Frame from vFrameID : 473
Tcw:
[0.91855156, 0.096981592, 0.38321999, -0.091633886;
 0.30954817, 0.4264594, -0.84988958, -0.19432771;
 -0.24585143, 0.89929247, 0.3617045, 1.4530299;
 0, 0, 0, 1]
Twc:
[0.91855156, 0.30954817, -0.24585143, 0.50155365;
 0.096981592, 0.4264594, 0.89929247, -1.2149391;
 0.38321999, -0.84988958, 0.3617045, -0.65560853;
 0, 0, 0, 1]
Ow:
[-0.091633886;
 -0.19432771;
 1.4530299]
Keyframe: 68 Frame: 480 Frame from vFrameID : 481
Tcw:
[0.91097915, 0.15463465, 0.3823677, -0.081830353;
 0.27365404, 0.46701473, -0.84083927, -0.17791188;
 -0.30859426, 0.87062353, 0.38312429, 1.4687278;
 0, 0, 0, 1]
Twc:
[0.91097915, 0.27365404, -0.30859426, 0.576473;
 0.15463465, 0.46701473, 0.87062353, -1.1829678;
 0.3823677, -0.84083927, 0.38312429, -0.68101132;
 0, 0, 0, 1]
Ow:
[-0.081830353;
 -0.17791188;
 1.4687278]
Keyframe: 69 Frame: 485 Frame from vFrameID : 486
Tcw:
[0.91005492, 0.13454314, 0.39204359, -0.089215666;
 0.28851691, 0.47346088, -0.83222157, -0.19741565;
 -0.29758701, 0.87047857, 0.39205742, 1.4750924;
 0, 0, 0, 1]
Twc:
[0.91005492, 0.28851691, -0.29758701, 0.57711726;
 0.13454314, 0.47346088, 0.87047857, -1.1785644;
 0.39204359, -0.83222157, 0.39205742, -0.70763814;
 0, 0, 0, 1]
Ow:
[-0.089215666;
 -0.19741565;
 1.4750924]
Keyframe: 70 Frame: 492 Frame from vFrameID : 493
Tcw:
[0.91929317, 0.1453125, 0.36576539, -0.066938758;
 0.26279655, 0.46518239, -0.84530663, -0.2066004;
 -0.29298124, 0.8732065, 0.38945138, 1.501493;
 0, 0, 0, 1]
Twc:
[0.91929317, 0.26279655, -0.29298124, 0.55573952;
 0.1453125, 0.46518239, 0.8732065, -1.2052796;
 0.36576539, -0.84530663, 0.38945138, -0.73491538;
 0, 0, 0, 1]
Ow:
[-0.066938758;
 -0.2066004;
 1.501493]
Keyframe: 71 Frame: 500 Frame from vFrameID : 501
Tcw:
[0.9263792, 0.14557645, 0.34731698, -0.031580806;
 0.23969577, 0.48340216, -0.84194314, -0.20118004;
 -0.29046085, 0.86320907, 0.41291964, 1.5246005;
 0, 0, 0, 1]
Twc:
[0.9263792, 0.23969577, -0.29046085, 0.52031451;
 0.14557645, 0.48340216, 0.86320907, -1.2142005;
 0.34731698, -0.84194314, 0.41291964, -0.78795105;
 0, 0, 0, 1]
Ow:
[-0.031580806;
 -0.20118004;
 1.5246005]
Keyframe: 72 Frame: 506 Frame from vFrameID : 507
Tcw:
[0.91583818, 0.15775654, 0.36926049, -0.023828059;
 0.25624943, 0.47839037, -0.83992791, -0.21650907;
 -0.30915478, 0.86386085, 0.39770314, 1.5322919;
 0, 0, 0, 1]
Twc:
[0.91583818, 0.25624943, -0.30915478, 0.5510183;
 0.15775654, 0.47839037, 0.86386085, -1.2163521;
 0.36926049, -0.83992791, 0.39770314, -0.78245056;
 0, 0, 0, 1]
Ow:
[-0.023828059;
 -0.21650907;
 1.5322919]
Keyframe: 73 Frame: 510 Frame from vFrameID : 511
Tcw:
[0.90502071, 0.1530624, 0.39687461, -0.018329978;
 0.28435799, 0.4761928, -0.83209431, -0.22684324;
 -0.31635118, 0.86591703, 0.38743982, 1.5418496;
 0, 0, 0, 1]
Twc:
[0.90502071, 0.28435799, -0.31635118, 0.5688597;
 0.1530624, 0.4761928, 0.86591703, -1.2242872;
 0.39687461, -0.83209431, 0.38743982, -0.77885425;
 0, 0, 0, 1]
Ow:
[-0.018329978;
 -0.22684324;
 1.5418496]
Keyframe: 74 Frame: 514 Frame from vFrameID : 515
Tcw:
[0.90043527, 0.17684373, 0.39741999, -0.025362432;
 0.27628818, 0.47315806, -0.83653229, -0.21846992;
 -0.33597797, 0.86304563, 0.37718838, 1.56163;
 0, 0, 0, 1]
Twc:
[0.90043527, 0.27628818, -0.33597797, 0.60787106;
 0.17684373, 0.47315806, 0.86304563, -1.2399019;
 0.39741999, -0.83653229, 0.37718838, -0.76170623;
 0, 0, 0, 1]
Ow:
[-0.025362432;
 -0.21846992;
 1.56163]
Keyframe: 75 Frame: 518 Frame from vFrameID : 519
Tcw:
[0.91390032, 0.1630539, 0.37175208, -0.0069831312;
 0.25881174, 0.47147611, -0.84304613, -0.25590765;
 -0.31273419, 0.86667395, 0.38868192, 1.5679159;
 0, 0, 0, 1]
Twc:
[0.91390032, 0.25881174, -0.31273419, 0.56295466;
 0.1630539, 0.47147611, 0.86667395, -1.2370789;
 0.37175208, -0.84304613, 0.38868192, -0.82256651;
 0, 0, 0, 1]
Ow:
[-0.0069831312;
 -0.25590765;
 1.5679159]
Keyframe: 76 Frame: 522 Frame from vFrameID : 523
Tcw:
[0.92343509, 0.13347313, 0.35979518, -0.0082373023;
 0.25829348, 0.47722885, -0.83996254, -0.29073286;
 -0.28381708, 0.86858362, 0.40621462, 1.5858674;
 0, 0, 0, 1]
Twc:
[0.92343509, 0.25829348, -0.28381708, 0.53279722;
 0.13347313, 0.47722885, 0.86858362, -1.2376128;
 0.35979518, -0.83996254, 0.40621462, -0.88544351;
 0, 0, 0, 1]
Ow:
[-0.0082373023;
 -0.29073286;
 1.5858674]
Keyframe: 77 Frame: 527 Frame from vFrameID : 528
Tcw:
[0.93219644, 0.12975173, 0.33789688, -0.012531221;
 0.23695828, 0.48690814, -0.84069687, -0.28839666;
 -0.27360663, 0.86376208, 0.42314827, 1.6021783;
 0, 0, 0, 1]
Twc:
[0.93219644, 0.23695828, -0.27360663, 0.51838613;
 0.12975173, 0.48690814, 0.86376208, -1.2418523;
 0.33789688, -0.84069687, 0.42314827, -0.91617894;
 0, 0, 0, 1]
Ow:
[-0.012531221;
 -0.28839666;
 1.6021783]
Keyframe: 78 Frame: 532 Frame from vFrameID : 533
Tcw:
[0.93339258, 0.12221117, 0.33740589, -0.013169527;
 0.23759359, 0.49417242, -0.83626723, -0.29574889;
 -0.26893789, 0.86073112, 0.43222028, 1.6102011;
 0, 0, 0, 1]
Twc:
[0.93339258, 0.23759359, -0.26893789, 0.51560444;
 0.12221117, 0.49417242, 0.86073112, -1.2381897;
 0.33740589, -0.83626723, 0.43222028, -0.93884319;
 0, 0, 0, 1]
Ow:
[-0.013169527;
 -0.29574889;
 1.6102011]
Keyframe: 79 Frame: 536 Frame from vFrameID : 537
Tcw:
[0.92671669, 0.13585271, 0.35034308, -0.019471735;
 0.24695921, 0.48251235, -0.84035289, -0.28230271;
 -0.28320909, 0.86528945, 0.41360217, 1.6278733;
 0, 0, 0, 1]
Twc:
[0.92671669, 0.24695921, -0.28320909, 0.54879057;
 0.13585271, 0.48251235, 0.86528945, -1.2697219;
 0.35034308, -0.84035289, 0.41360217, -0.90370405;
 0, 0, 0, 1]
Ow:
[-0.019471735;
 -0.28230271;
 1.6278733]
Keyframe: 80 Frame: 540 Frame from vFrameID : 541
Tcw:
[0.91368806, 0.13862066, 0.38204512, -0.014847219;
 0.26878235, 0.49899733, -0.82386756, -0.30526498;
 -0.30484456, 0.85544491, 0.4186691, 1.6348562;
 0, 0, 0, 1]
Twc:
[0.91368806, 0.26878235, -0.30484456, 0.59399253;
 0.13862066, 0.49899733, 0.85544491, -1.2441448;
 0.38204512, -0.82386756, 0.4186691, -0.93028933;
 0, 0, 0, 1]
Ow:
[-0.014847219;
 -0.30526498;
 1.6348562]
Keyframe: 81 Frame: 545 Frame from vFrameID : 546
Tcw:
[0.90402836, 0.13091393, 0.40693277, -0.060110033;
 0.29415005, 0.50022626, -0.81440127, -0.2886053;
 -0.31017494, 0.85594112, 0.41371042, 1.6677716;
 0, 0, 0, 1]
Twc:
[0.90402836, 0.29415005, -0.31017494, 0.65653539;
 0.13091393, 0.50022626, 0.85594112, -1.2752771;
 0.40693277, -0.81440127, 0.41371042, -0.90055424;
 0, 0, 0, 1]
Ow:
[-0.060110033;
 -0.2886053;
 1.6677716]
Keyframe: 82 Frame: 551 Frame from vFrameID : 552
Tcw:
[0.91276526, 0.13603617, 0.38516718, -0.027084142;
 0.27539849, 0.49145567, -0.82621247, -0.3009325;
 -0.30168736, 0.86021245, 0.41111949, 1.6835968;
 0, 0, 0, 1]
Twc:
[0.91276526, 0.27539849, -0.30168736, 0.61551774;
 0.13603617, 0.49145567, 0.86021245, -1.2966716;
 0.38516718, -0.82621247, 0.41111949, -0.93036175;
 0, 0, 0, 1]
Ow:
[-0.027084142;
 -0.3009325;
 1.6835968]
Keyframe: 83 Frame: 557 Frame from vFrameID : 558
Tcw:
[0.91688305, 0.10735031, 0.38444948, -0.027847618;
 0.28225282, 0.50666809, -0.81462926, -0.30266133;
 -0.28223899, 0.85543168, 0.43425545, 1.6986083;
 0, 0, 0, 1]
Twc:
[0.91688305, 0.28225282, -0.28223899, 0.59037352;
 0.10735031, 0.50666809, 0.85543168, -1.296705;
 0.38444948, -0.81462926, 0.43425545, -0.97348064;
 0, 0, 0, 1]
Ow:
[-0.027847618;
 -0.30266133;
 1.6986083]
Keyframe: 84 Frame: 563 Frame from vFrameID : 564
Tcw:
[0.92088211, 0.10937329, 0.37418395, -0.11570856;
 0.2878668, 0.45647731, -0.84187955, -0.23529714;
 -0.26288563, 0.88298696, 0.38887686, 1.7481229;
 0, 0, 0, 1]
Twc:
[0.92088211, 0.2878668, -0.26288563, 0.63384455;
 0.10937329, 0.45647731, 0.88298696, -1.4235065;
 0.37418395, -0.84187955, 0.38887686, -0.83460015;
 0, 0, 0, 1]
Ow:
[-0.11570856;
 -0.23529714;
 1.7481229]
Keyframe: 85 Frame: 570 Frame from vFrameID : 571
Tcw:
[0.90773946, 0.12996484, 0.39889619, -0.083131045;
 0.30302265, 0.45446745, -0.83763754, -0.26439914;
 -0.29014876, 0.88123125, 0.37315574, 1.7599342;
 0, 0, 0, 1]
Twc:
[0.90773946, 0.30302265, -0.29014876, 0.66622299;
 0.12996484, 0.45446745, 0.88123125, -1.419944;
 0.39889619, -0.83763754, 0.37315574, -0.84503949;
 0, 0, 0, 1]
Ow:
[-0.083131045;
 -0.26439914;
 1.7599342]
Keyframe: 86 Frame: 576 Frame from vFrameID : 577
Tcw:
[0.91736919, 0.15904067, 0.36488327, -0.063269705;
 0.24486876, 0.49721587, -0.8323555, -0.26226544;
 -0.31380415, 0.85292584, 0.41718644, 1.7593116;
 0, 0, 0, 1]
Twc:
[0.91736919, 0.24486876, -0.31380415, 0.67434156;
 0.15904067, 0.49721587, 0.85292584, -1.3600973;
 0.36488327, -0.8323555, 0.41718644, -0.92917293;
 0, 0, 0, 1]
Ow:
[-0.063269705;
 -0.26226544;
 1.7593116]
Keyframe: 87 Frame: 582 Frame from vFrameID : 583
Tcw:
[0.93806571, 0.1359413, 0.31867325, -0.057962179;
 0.22374904, 0.46455249, -0.8568123, -0.26118076;
 -0.26451662, 0.87504911, 0.40536404, 1.7684816;
 0, 0, 0, 1]
Twc:
[0.93806571, 0.22374904, -0.26451662, 0.58060408;
 0.1359413, 0.46455249, 0.87504911, -1.4182966;
 0.31867325, -0.8568123, 0.40536404, -0.92219067;
 0, 0, 0, 1]
Ow:
[-0.057962179;
 -0.26118076;
 1.7684816]
Keyframe: 88 Frame: 587 Frame from vFrameID : 588
Tcw:
[0.93851155, 0.13118073, 0.31935519, -0.051736295;
 0.22378585, 0.47322786, -0.85204184, -0.26319945;
 -0.26289925, 0.87111825, 0.4147734, 1.7789502;
 0, 0, 0, 1]
Twc:
[0.93851155, 0.22378585, -0.26289925, 0.57514006;
 0.13118073, 0.47322786, 0.87111825, -1.4183359;
 0.31935519, -0.85204184, 0.4147734, -0.94559592;
 0, 0, 0, 1]
Ow:
[-0.051736295;
 -0.26319945;
 1.7789502]
Keyframe: 89 Frame: 591 Frame from vFrameID : 592
Tcw:
[0.93873441, 0.14146481, 0.31426963, -0.079051912;
 0.21308903, 0.47844467, -0.85187078, -0.25433171;
 -0.27087036, 0.86664778, 0.41898787, 1.8037928;
 0, 0, 0, 1]
Twc:
[0.93873441, 0.21308903, -0.27087036, 0.61699808;
 0.14146481, 0.47844467, 0.86664778, -1.4303864;
 0.31426963, -0.85187078, 0.41898787, -0.94758147;
 0, 0, 0, 1]
Ow:
[-0.079051912;
 -0.25433171;
 1.8037928]
Keyframe: 90 Frame: 597 Frame from vFrameID : 598
Tcw:
[0.93595958, 0.12393097, 0.3295767, -0.076473922;
 0.23953073, 0.4619512, -0.85394734, -0.27951723;
 -0.25807887, 0.87820399, 0.40268239, 1.8381596;
 0, 0, 0, 1]
Twc:
[0.93595958, 0.23953073, -0.25807887, 0.61291963;
 0.12393097, 0.4619512, 0.87820399, -1.4756782;
 0.3295767, -0.85394734, 0.40268239, -0.95368344;
 0, 0, 0, 1]
Ow:
[-0.076473922;
 -0.27951723;
 1.8381596]
Keyframe: 91 Frame: 602 Frame from vFrameID : 603
Tcw:
[0.92120886, 0.13122767, 0.36626983, -0.060828775;
 0.26577172, 0.47528511, -0.83873087, -0.27799672;
 -0.28414729, 0.86999041, 0.40296024, 1.843539;
 0, 0, 0, 1]
Twc:
[0.92120886, 0.26577172, -0.28414729, 0.65375632;
 0.13122767, 0.47528511, 0.86999041, -1.4637512;
 0.36626983, -0.83873087, 0.40296024, -0.95375764;
 0, 0, 0, 1]
Ow:
[-0.060828775;
 -0.27799672;
 1.843539]
Keyframe: 92 Frame: 607 Frame from vFrameID : 608
Tcw:
[0.9200871, 0.15592898, 0.35934094, -0.039257854;
