Keyframe: 0 Frame: 0 Frame from vFrameID : 56
Tcw:
[1, 0, 0, 0;
 0, 1, 0, 0;
 0, 0, 1, 0;
 0, 0, 0, 1]
Twc:
[1, 0, 0, 0;
 0, 1, 0, 0;
 0, 0, 1, 0;
 0, 0, 0, 1]
Ow:
[0;
 0;
 0]
Keyframe: 1 Frame: 55 Frame from vFrameID : 56
Tcw:
[0.99886596, -0.036271852, 0.030841282, -0.0077862646;
 0.03643566, 0.99932462, -0.0047659087, 0.0016802496;
 -0.030647583, 0.0058842264, 0.99951291, -0.00054725271;
 0, 0, 0, 1]
Twc:
[0.99886596, 0.03643566, -0.030647583, 0.0076994412;
 -0.036271852, 0.99932462, 0.0058842264, -0.0019583169;
 0.030841282, -0.0047659087, 0.99951291, 0.00079513242;
 0, 0, 0, 1]
Ow:
[-0.0077862646;
 0.0016802496;
 -0.00054725271]
Keyframe: 2 Frame: 58 Frame from vFrameID : 59
Tcw:
[0.9989118, -0.042879988, 0.018344931, -0.0081454106;
 0.042836659, 0.99907833, 0.0027485138, 0.0015268598;
 -0.018445879, -0.0019596873, 0.99982792, -0.00071388314;
 0, 0, 0, 1]
Twc:
[0.9989118, 0.042836659, -0.018445879, 0.0080579724;
 -0.042879988, 0.99907833, -0.0019596873, -0.0018761265;
 0.018344931, 0.0027485138, 0.99982792, 0.00085899071;
 0, 0, 0, 1]
Ow:
[-0.0081454106;
 0.0015268598;
 -0.00071388314]
Keyframe: 3 Frame: 60 Frame from vFrameID : 61
Tcw:
[0.99892938, -0.044233691, 0.013545267, -0.0076524555;
 0.044102594, 0.99897867, 0.0098288255, 0.001641689;
 -0.013966198, -0.0092209205, 0.99985993, -0.00094417215;
 0, 0, 0, 1]
Twc:
[0.99892938, 0.044102594, -0.013966198, 0.0075586732;
 -0.044233691, 0.99897867, -0.0092209205, -0.0019872147;
 0.013545267, 0.0098288255, 0.99985993, 0.0010315586;
 0, 0, 0, 1]
Ow:
[-0.0076524555;
 0.001641689;
 -0.00094417215]
Keyframe: 4 Frame: 62 Frame from vFrameID : 63
Tcw:
[0.9991588, -0.039411787, 0.011329922, -0.0070703025;
 0.039295234, 0.99917424, 0.010332348, 0.0013587612;
 -0.011727782, -0.0098784445, 0.99988246, -0.001691564;
 0, 0, 0, 1]
Twc:
[0.9991588, 0.039295234, -0.011727782, 0.0069911238;
 -0.039411787, 0.99917424, -0.0098784445, -0.0016530023;
 0.011329922, 0.010332348, 0.99988246, 0.0017574318;
 0, 0, 0, 1]
Ow:
[-0.0070703025;
 0.0013587612;
 -0.001691564]
Keyframe: 5 Frame: 64 Frame from vFrameID : 65
Tcw:
[0.99966729, -0.025400471, -0.0044888393, -0.0071931011;
 0.02541515, 0.9996717, 0.003243749, 0.0011369541;
 0.0044049728, -0.0033567543, 0.99998468, -0.0035810934;
 0, 0, 0, 1]
Twc:
[0.99966729, 0.02541515, 0.0044049728, 0.0071775862;
 -0.025400471, 0.9996717, -0.0033567543, -0.0013313098;
 -0.0044888393, 0.003243749, 0.99998468, 0.0035450617;
 0, 0, 0, 1]
Ow:
[-0.0071931011;
 0.0011369541;
 -0.0035810934]
Keyframe: 6 Frame: 66 Frame from vFrameID : 67
Tcw:
[0.99961919, -0.022570357, -0.015874755, -0.0061316309;
 0.02256481, 0.99974525, -0.00052844902, 0.0013366842;
 0.015882639, 0.00017003693, 0.99987388, -0.0054444065;
 0, 0, 0, 1]
Twc:
[0.99961919, 0.02256481, 0.015882639, 0.0061856057;
 -0.022570357, 0.99974525, 0.00017003693, -0.001473811;
 -0.015874755, -0.00052844902, 0.99987388, 0.0053470875;
 0, 0, 0, 1]
Ow:
[-0.0061316309;
 0.0013366842;
 -0.0054444065]
Keyframe: 7 Frame: 70 Frame from vFrameID : 71
Tcw:
[0.99988467, -0.0059068417, -0.013993583, -0.0057953293;
 0.0059419125, 0.99997932, 0.0024659471, 0.0010118887;
 0.013978727, -0.0025488113, 0.99989903, -0.0091647785;
 0, 0, 0, 1]
Twc:
[0.99988467, 0.0059419125, 0.013978727, 0.0059167598;
 -0.0059068417, 0.99997932, -0.0025488113, -0.0010694591;
 -0.013993583, 0.0024659471, 0.99989903, 0.0090802601;
 0, 0, 0, 1]
Ow:
[-0.0057953293;
 0.0010118887;
 -0.0091647785]
Keyframe: 8 Frame: 75 Frame from vFrameID : 76
Tcw:
[0.99988908, -0.0049816496, -0.014034489, -0.0050067059;
 0.0051598432, 0.99990618, 0.012689361, 0.0015599262;
 0.013969959, -0.012760369, 0.99982101, -0.012002937;
 0, 0, 0, 1]
Twc:
[0.99988908, 0.0051598432, 0.013969959, 0.0051657823;
 -0.0049816496, 0.99990618, -0.012760369, -0.0017378833;
 -0.014034489, 0.012689361, 0.99982101, 0.011910726;
 0, 0, 0, 1]
Ow:
[-0.0050067059;
 0.0015599262;
 -0.012002937]
Keyframe: 9 Frame: 79 Frame from vFrameID : 80
Tcw:
[0.99998057, -0.0059090713, 0.0019754241, -0.0058507379;
 0.0058664554, 0.99976385, 0.020924343, 0.0020183611;
 -0.0020986011, -0.020912349, 0.99977911, -0.013721264;
 0, 0, 0, 1]
Twc:
[0.99998057, 0.0058664554, -0.0020986011, 0.0058099884;
 -0.0059090713, 0.99976385, -0.020912349, -0.0023394008;
 0.0019754241, 0.020924343, 0.99977911, 0.013687558;
 0, 0, 0, 1]
Ow:
[-0.0058507379;
 0.0020183611;
 -0.013721264]
Keyframe: 10 Frame: 83 Frame from vFrameID : 84
Tcw:
[0.99991411, -0.0097641591, 0.0087401792, -0.0084975194;
 0.0096078478, 0.99979627, 0.017751014, 0.0018647129;
 -0.0089117223, -0.017665517, 0.99980426, -0.014216005;
 0, 0, 0, 1]
Twc:
[0.99991411, 0.0096078478, -0.0089117223, 0.0083521847;
 -0.0097641591, 0.99979627, -0.017665517, -0.0021984372;
 0.0087401792, 0.017751014, 0.99980426, 0.014254391;
 0, 0, 0, 1]
Ow:
[-0.0084975194;
 0.0018647129;
 -0.014216005]
Keyframe: 11 Frame: 87 Frame from vFrameID : 88
Tcw:
[0.99964124, -0.025339244, 0.0086772265, -0.0097066713;
 0.025319753, 0.99967664, 0.0023487373, 0.002227555;
 -0.0087339357, -0.0021281894, 0.99995959, -0.014254141;
 0, 0, 0, 1]
Twc:
[0.99964124, 0.025319753, -0.0087339357, 0.0095222928;
 -0.025339244, 0.99967664, -0.0021281894, -0.0025031299;
 0.0086772265, 0.0023487373, 0.99995959, 0.01433256;
 0, 0, 0, 1]
Ow:
[-0.0097066713;
 0.002227555;
 -0.014254141]
Keyframe: 12 Frame: 91 Frame from vFrameID : 92
Tcw:
[0.99946707, -0.032393914, -0.0040183631, -0.011627196;
 0.032379266, 0.99946898, -0.0036580453, 0.0022743447;
 0.0041347276, 0.0035259842, 0.99998522, -0.013695749;
 0, 0, 0, 1]
Twc:
[0.99946707, 0.032379266, 0.0041347276, 0.011603987;
 -0.032393914, 0.99946898, 0.0035259842, -0.0026014962;
 -0.0040183631, -0.0036580453, 0.99998522, 0.013657144;
 0, 0, 0, 1]
Ow:
[-0.011627196;
 0.0022743447;
 -0.013695749]
Keyframe: 13 Frame: 95 Frame from vFrameID : 96
Tcw:
[0.99939436, -0.034363467, -0.0054787244, -0.011617137;
 0.034363426, 0.99940938, -0.00010164641, 0.0022499848;
 0.0054789814, -8.6682885e-05, 0.99998498, -0.013610564;
 0, 0, 0, 1]
Twc:
[0.99939436, 0.034363426, 0.0054789814, 0.011607356;
 -0.034363467, 0.99940938, -8.6682885e-05, -0.0026490409;
 -0.0054787244, -0.00010164641, 0.99998498, 0.013546941;
 0, 0, 0, 1]
Ow:
[-0.011617137;
 0.0022499848;
 -0.013610564]
Keyframe: 14 Frame: 99 Frame from vFrameID : 100
Tcw:
[0.99912781, -0.041323263, -0.0060038641, -0.011721758;
 0.041275848, 0.9991172, -0.0078175953, 0.0026461887;
 0.0063216123, 0.0075629624, 0.99995142, -0.012522239;
 0, 0, 0, 1]
Twc:
[0.99912781, 0.041275848, 0.0063216123, 0.011681472;
 -0.041323263, 0.9991172, 0.0075629624, -0.0030335288;
 -0.0060038641, -0.0078175953, 0.99995142, 0.012471942;
 0, 0, 0, 1]
Ow:
[-0.011721758;
 0.0026461887;
 -0.012522239]
Keyframe: 15 Frame: 103 Frame from vFrameID : 104
Tcw:
[0.99966478, -0.025880078, 0.00075173343, -0.011686145;
 0.025885997, 0.99962091, -0.0093806228, 0.0023946706;
 -0.00050867716, 0.0093969377, 0.99995571, -0.012981273;
 0, 0, 0, 1]
Twc:
[0.99966478, 0.025885997, -0.00050867716, 0.011613635;
 -0.025880078, 0.99962091, 0.0093969377, -0.0025742168;
 0.00075173343, -0.0093806228, 0.99995571, 0.013011947;
 0, 0, 0, 1]
Ow:
[-0.011686145;
 0.0023946706;
 -0.012981273]
Keyframe: 16 Frame: 107 Frame from vFrameID : 108
Tcw:
[0.99989271, -0.0034546657, 0.01423436, -0.010771332;
 0.0035802405, 0.99995482, -0.0088059343, 0.001639616;
 -0.014203295, 0.0088559519, 0.99985993, -0.014161713;
 0, 0, 0, 1]
Twc:
[0.99989271, 0.0035802405, -0.014203295, 0.010563163;
 -0.0034546657, 0.99995482, 0.0088559519, -0.0015513378;
 0.01423436, -0.0088059343, 0.99985993, 0.014327491;
 0, 0, 0, 1]
Ow:
[-0.010771332;
 0.001639616;
 -0.014161713]
Keyframe: 17 Frame: 111 Frame from vFrameID : 112
Tcw:
[0.99968797, 0.01128755, 0.022283969, -0.0077289883;
 -0.01087646, 0.99976999, -0.018483581, 0.0010266949;
 -0.022487478, 0.018235443, 0.9995808, -0.014472086;
 0, 0, 0, 1]
Twc:
[0.99968797, -0.01087646, -0.022487478, 0.0074123023;
 0.01128755, 0.99976999, 0.018235443, -0.00067531253;
 0.022283969, -0.018483581, 0.9995808, 0.014657228;
 0, 0, 0, 1]
Ow:
[-0.0077289883;
 0.0010266949;
 -0.014472086]
Keyframe: 18 Frame: 116 Frame from vFrameID : 117
Tcw:
[0.99952614, 0.016059918, 0.026260152, -0.0066568931;
 -0.015264438, 0.99942678, -0.03021716, 0.001718443;
 -0.026730387, 0.029801993, 0.99919832, -0.014086936;
 0, 0, 0, 1]
Twc:
[0.99952614, -0.015264438, -0.026730387, 0.0063034198;
 0.016059918, 0.99942678, 0.029801993, -0.00119073;
 0.026260152, -0.03021716, 0.99919832, 0.01430238;
 0, 0, 0, 1]
Ow:
[-0.0066568931;
 0.001718443;
 -0.014086936]
Keyframe: 19 Frame: 121 Frame from vFrameID : 122
Tcw:
[0.99996215, 0.0057152365, 0.0065640993, -0.0062737344;
 -0.0055221319, 0.99956214, -0.029068971, 0.0016535667;
 -0.0067273611, 0.029031621, 0.99955583, -0.014549582;
 0, 0, 0, 1]
Twc:
[0.99996215, -0.0055221319, -0.0067273611, 0.0061847479;
 0.0057152365, 0.99956214, 0.029031621, -0.0011945888;
 0.0065640993, -0.029068971, 0.99955583, 0.014632369;
 0, 0, 0, 1]
Ow:
[-0.0062737344;
 0.0016535667;
 -0.014549582]
Keyframe: 20 Frame: 126 Frame from vFrameID : 127
Tcw:
[0.99999911, 3.7311102e-06, 0.0013570333, -0.0062374533;
 3.8609407e-05, 0.99951315, -0.031199431, 0.0016704137;
 -0.001356489, 0.031199453, 0.99951226, -0.014605012;
 0, 0, 0, 1]
Twc:
[0.99999911, 3.8609407e-05, -0.001356489, 0.0062175714;
 3.7311102e-06, 0.99951315, 0.031199453, -0.0012139089;
 0.0013570333, -0.031199431, 0.99951226, 0.014658469;
 0, 0, 0, 1]
Ow:
[-0.0062374533;
 0.0016704137;
 -0.014605012]
Keyframe: 21 Frame: 131 Frame from vFrameID : 132
Tcw:
[0.99994779, -0.0082006101, 0.0060952702, -0.0063633816;
 0.0083834128, 0.99949664, -0.030596297, 0.0017438454;
 -0.0058412938, 0.030645799, 0.99951321, -0.015465759;
 0, 0, 0, 1]
Twc:
[0.99994779, 0.0083834128, -0.0058412938, 0.00625809;
 -0.0082006101, 0.99949664, 0.030645799, -0.0013211909;
 0.0060952702, -0.030596297, 0.99951321, 0.015550373;
 0, 0, 0, 1]
Ow:
[-0.0063633816;
 0.0017438454;
 -0.015465759]
Keyframe: 22 Frame: 136 Frame from vFrameID : 137
Tcw:
[0.99970609, -0.022950113, 0.0078101251, -0.0064249183;
 0.023076441, 0.99959773, -0.016488831, 0.0014644862;
 -0.0074285627, 0.016664216, 0.99983352, -0.016234264;
 0, 0, 0, 1]
Twc:
[0.99970609, 0.023076441, -0.0074285627, 0.0062686382;
 -0.022950113, 0.99959773, 0.016664216, -0.0013408185;
 0.0078101251, -0.016488831, 0.99983352, 0.016305888;
 0, 0, 0, 1]
Ow:
[-0.0064249183;
 0.0014644862;
 -0.016234264]
Keyframe: 23 Frame: 140 Frame from vFrameID : 141
Tcw:
[0.99905938, -0.028575234, 0.032616094, -0.0086297449;
 0.029051265, 0.99947685, -0.014215502, 0.001955224;
 -0.032192819, 0.01514967, 0.99936688, -0.018055486;
 0, 0, 0, 1]
Twc:
[0.99905938, 0.029051265, -0.032192819, 0.0079835691;
 -0.028575234, 0.99947685, 0.01514967, -0.0019272635;
 0.032616094, -0.014215502, 0.99936688, 0.018353315;
 0, 0, 0, 1]
Ow:
[-0.0086297449;
 0.001955224;
 -0.018055486]
Keyframe: 24 Frame: 145 Frame from vFrameID : 146
Tcw:
[0.99901283, -0.027627004, 0.034787107, -0.0085181827;
 0.027278861, 0.99957329, 0.010443036, 0.0018844332;
 -0.035060775, -0.0094837733, 0.99934018, -0.017973974;
 0, 0, 0, 1]
Twc:
[0.99901283, 0.027278861, -0.035060775, 0.0078281872;
 -0.027627004, 0.99957329, -0.0094837733, -0.0022894223;
 0.034787107, 0.010443036, 0.99934018, 0.018238759;
 0, 0, 0, 1]
Ow:
[-0.0085181827;
 0.0018844332;
 -0.017973974]
Keyframe: 25 Frame: 150 Frame from vFrameID : 151
Tcw:
[0.99907309, -0.027570304, 0.03305842, -0.0083321193;
 0.027456917, 0.99961549, 0.0038790538, 0.002027214;
 -0.033152655, -0.0029677758, 0.99944592, -0.017651897;
 0, 0, 0, 1]
Twc:
[0.99907309, 0.027456917, -0.033152655, 0.0076835277;
 -0.027570304, 0.99961549, -0.0029677758, -0.0023085403;
 0.03305842, 0.0038790538, 0.99944592, 0.0179097;
 0, 0, 0, 1]
Ow:
[-0.0083321193;
 0.002027214;
 -0.017651897]
Keyframe: 26 Frame: 154 Frame from vFrameID : 155
Tcw:
[0.99900657, -0.022405421, 0.038521804, -0.0076202871;
 0.022516854, 0.99974346, -0.002461212, 0.0018870085;
 -0.038456775, 0.0033261566, 0.9992547, -0.016562104;
 0, 0, 0, 1]
Twc:
[0.99900657, 0.022516854, -0.038456775, 0.0069333017;
 -0.022405421, 0.99974346, 0.0033261566, -0.0020021719;
 0.038521804, -0.002461212, 0.9992547, 0.016847951;
 0, 0, 0, 1]
Ow:
[-0.0076202871;
 0.0018870085;
 -0.016562104]
Keyframe: 27 Frame: 158 Frame from vFrameID : 159
Tcw:
[0.99892193, -0.018401593, 0.04261864, -0.00787191;
 0.018437665, 0.99982989, -0.00045342621, 0.0019654711;
 -0.042603049, 0.0012387256, 0.99909133, -0.011834146;
 0, 0, 0, 1]
Twc:
[0.99892193, 0.018437665, -0.042603049, 0.0073230141;
 -0.018401593, 0.99982989, 0.0012387256, -0.0020953331;
 0.04261864, -0.00045342621, 0.99909133, 0.012159774;
 0, 0, 0, 1]
Ow:
[-0.00787191;
 0.0019654711;
 -0.011834146]
Keyframe: 28 Frame: 162 Frame from vFrameID : 163
Tcw:
[0.99924028, -0.012226891, 0.037005059, -0.0056446157;
 0.012778481, 0.99981022, -0.014706182, 0.0012623799;
 -0.036818225, 0.015167878, 0.99920684, -0.0080686379;
 0, 0, 0, 1]
Twc:
[0.99924028, 0.012778481, -0.036818225, 0.0053271228;
 -0.012226891, 0.99981022, 0.015167878, -0.0012087724;
 0.037005059, -0.014706182, 0.99920684, 0.0082896827;
 0, 0, 0, 1]
Ow:
[-0.0056446157;
 0.0012623799;
 -0.0080686379]
Keyframe: 29 Frame: 167 Frame from vFrameID : 168
Tcw:
[0.99992704, 0.00064317632, 0.012061412, -0.002752552;
 -0.00080359774, 0.99991125, 0.013300256, -0.00023640395;
 -0.012051787, -0.013308978, 0.99983883, -0.0015093235;
 0, 0, 0, 1]
Twc:
[0.99992704, -0.00080359774, -0.012051787, 0.0027339715;
 0.00064317632, 0.99991125, -0.013308978, 0.00021806579;
 0.012061412, 0.013300256, 0.99983883, 0.0015454241;
 0, 0, 0, 1]
Ow:
[-0.002752552;
 -0.00023640395;
 -0.0015093235]
Keyframe: 30 Frame: 173 Frame from vFrameID : 174
Tcw:
[0.99982542, -0.0026999381, 0.018488502, 0.0020966318;
 0.0024651373, 0.9999162, 0.012710865, 0.0011689864;
 -0.018521272, -0.012663069, 0.99974829, 0.010500411;
 0, 0, 0, 1]
Twc:
[0.99982542, 0.0024651373, -0.018521272, -0.0019046664;
 -0.0026999381, 0.9999162, -0.012663069, -0.0010302602;
 0.018488502, 0.012710865, 0.99974829, -0.01055139;
 0, 0, 0, 1]
Ow:
[0.0020966318;
 0.0011689864;
 0.010500411]
Keyframe: 31 Frame: 179 Frame from vFrameID : 180
Tcw:
[0.9991492, -0.0039503872, 0.041051526, 0.0055351164;
 0.0046177283, 0.9998585, -0.0161741, 0.0015214721;
 -0.040981825, 0.016349904, 0.99902612, 0.023285914;
 0, 0, 0, 1]
Twc:
[0.9991492, 0.0046177283, -0.040981825, -0.0045831339;
 -0.0039503872, 0.9998585, 0.016349904, -0.0018801135;
 0.041051526, -0.0161741, 0.99902612, -0.023465853;
 0, 0, 0, 1]
Ow:
[0.0055351164;
 0.0015214721;
 0.023285914]
Keyframe: 32 Frame: 186 Frame from vFrameID : 187
Tcw:
[0.99764049, -0.0094529493, 0.068000995, 0.0053362283;
 0.011046617, 0.99967217, -0.023098232, 0.0027925484;
 -0.067760356, 0.023794912, 0.99741781, 0.033128481;
 0, 0, 0, 1]
Twc:
[0.99764049, 0.011046617, -0.067760356, -0.0031096877;
 -0.0094529493, 0.99967217, 0.023794912, -0.0035294793;
 0.068000995, -0.023098232, 0.99741781, -0.033341307;
 0, 0, 0, 1]
Ow:
[0.0053362283;
 0.0027925484;
 0.033128481]
Keyframe: 33 Frame: 192 Frame from vFrameID : 193
Tcw:
[0.99793375, -0.014411988, 0.062614039, 0.0088965362;
 0.015889965, 0.99960524, -0.023171052, 0.0038024462;
 -0.062255379, 0.024118111, 0.99776882, 0.042464886;
 0, 0, 0, 1]
Twc:
[0.99793375, 0.015889965, -0.062255379, -0.0062949071;
 -0.014411988, 0.99960524, 0.024118111, -0.004696901;
 0.062614039, -0.023171052, 0.99776882, -0.04283908;
 0, 0, 0, 1]
Ow:
[0.0088965362;
 0.0038024462;
 0.042464886]
Keyframe: 34 Frame: 199 Frame from vFrameID : 200
Tcw:
[0.99921042, 0.0028333105, 0.039630402, 0.0169056;
 -0.00080046477, 0.99868721, -0.051217202, 0.0032973415;
 -0.039723489, 0.051145036, 0.9979009, 0.054645982;
 0, 0, 0, 1]
Twc:
[0.99921042, -0.00080046477, -0.039723489, -0.014718882;
 0.0028333105, 0.99868721, 0.051145036, -0.0061357827;
 0.039630402, -0.051217202, 0.9979009, -0.055032369;
 0, 0, 0, 1]
Ow:
[0.0169056;
 0.0032973415;
 0.054645982]
Keyframe: 35 Frame: 206 Frame from vFrameID : 207
Tcw:
[0.99866003, 0.01511449, 0.04949487, 0.022209147;
 -0.012980852, 0.99898428, -0.043149516, 0.0036937299;
 -0.05009678, 0.04244921, 0.99784184, 0.068096891;
 0, 0, 0, 1]
Twc:
[0.99866003, -0.012980852, -0.05009678, -0.018720003;
 0.01511449, 0.99898428, 0.04244921, -0.0069163176;
 0.04949487, -0.043149516, 0.99784184, -0.068889789;
 0, 0, 0, 1]
Ow:
[0.022209147;
 0.0036937299;
 0.068096891]
Keyframe: 36 Frame: 212 Frame from vFrameID : 213
Tcw:
[0.9971596, 0.02104868, 0.072316431, 0.025239768;
 -0.018197004, 0.99903923, -0.0398684, 0.0049674972;
 -0.073086128, 0.038439214, 0.99658459, 0.077024803;
 0, 0, 0, 1]
Twc:
[0.9971596, -0.018197004, -0.073086128, -0.019448239;
 0.02104868, 0.99903923, 0.038439214, -0.0084547615;
 0.072316431, -0.0398684, 0.99658459, -0.078388937;
 0, 0, 0, 1]
Ow:
[0.025239768;
 0.0049674972;
 0.077024803]
Keyframe: 37 Frame: 219 Frame from vFrameID : 220
Tcw:
[0.99593687, 0.0023285805, 0.090023801, 0.027194208;
 0.0022726425, 0.99869734, -0.050974913, 0.0041291998;
 -0.090025231, 0.050972387, 0.99463427, 0.088001572;
 0, 0, 0, 1]
Twc:
[0.99593687, 0.0022726425, -0.090025231, -0.019170739;
 0.0023285805, 0.99869734, 0.050972387, -0.0086727953;
 0.090023801, -0.050974913, 0.99463427, -0.089767016;
 0, 0, 0, 1]
Ow:
[0.027194208;
 0.0041291998;
 0.088001572]
Keyframe: 38 Frame: 225 Frame from vFrameID : 226
Tcw:
[0.99722666, -0.0057548527, 0.074201927, 0.030130595;
 0.0098008644, 0.9984777, -0.054278787, 0.0059475917;
 -0.073776603, 0.054855496, 0.99576497, 0.097492069;
 0, 0, 0, 1]
Twc:
[0.99722666, 0.0098008644, -0.073776603, -0.022912689;
 -0.0057548527, 0.9984777, 0.054855496, -0.011113117;
 0.074201927, -0.054278787, 0.99576497, -0.098992109;
 0, 0, 0, 1]
Ow:
[0.030130595;
 0.0059475917;
 0.097492069]
Keyframe: 39 Frame: 231 Frame from vFrameID : 232
Tcw:
[0.99866456, 0.0029293112, 0.051580101, 0.038532205;
 0.0011729002, 0.9968484, -0.079321541, 0.0032398589;
 -0.051649898, 0.079276107, 0.99551374, 0.10916971;
 0, 0, 0, 1]
Twc:
[0.99866456, 0.0011729002, -0.051649898, -0.032845944;
 0.0029293112, 0.9968484, 0.079276107, -0.011997071;
 0.051580101, -0.079321541, 0.99551374, -0.11041045;
 0, 0, 0, 1]
Ow:
[0.038532205;
 0.0032398589;
 0.10916971]
Keyframe: 40 Frame: 238 Frame from vFrameID : 239
Tcw:
[0.9990539, 0.022524722, 0.037202213, 0.046825569;
 -0.019959629, 0.99748987, -0.067937836, -0.00033537718;
 -0.03863911, 0.06713102, 0.99699569, 0.11667664;
 0, 0, 0, 1]
Twc:
[0.9990539, -0.019959629, -0.03863911, -0.042279679;
 0.022524722, 0.99748987, 0.06713102, -0.0085528195;
 0.037202213, -0.067937836, 0.99699569, -0.11809091;
 0, 0, 0, 1]
Ow:
[0.046825569;
 -0.00033537718;
 0.11667664]
Keyframe: 41 Frame: 245 Frame from vFrameID : 246
Tcw:
[0.99927801, 0.030096414, 0.023188032, 0.051262125;
 -0.028528681, 0.99746394, -0.065206192, -0.0012032255;
 -0.025091698, 0.06449759, 0.99760234, 0.12572807;
 0, 0, 0, 1]
Twc:
[0.99927801, -0.028528681, -0.025091698, -0.048104707;
 0.030096414, 0.99746394, 0.06449759, -0.0084517905;
 0.023188032, -0.065206192, 0.99760234, -0.12669376;
 0, 0, 0, 1]
Ow:
[0.051262125;
 -0.0012032255;
 0.12572807]
Keyframe: 42 Frame: 252 Frame from vFrameID : 253
Tcw:
[0.99912274, 0.027847597, 0.031276722, 0.053825561;
 -0.025121493, 0.99611473, -0.084406123, -0.0014324365;
 -0.033505708, 0.083546363, 0.99594045, 0.13393699;
 0, 0, 0, 1]
Twc:
[0.99912274, -0.025121493, -0.033505708, -0.049326673;
 0.027847597, 0.99611473, 0.083546363, -0.011261988;
 0.031276722, -0.084406123, 0.99594045, -0.13519765;
 0, 0, 0, 1]
Ow:
[0.053825561;
 -0.0014324365;
 0.13393699]
Keyframe: 43 Frame: 259 Frame from vFrameID : 260
Tcw:
[0.99785739, 0.033057228, 0.056461081, 0.059684344;
 -0.028838295, 0.99684346, -0.073969088, 0.0003830567;
 -0.058728073, 0.072182365, 0.99566096, 0.14068979;
 0, 0, 0, 1]
Twc:
[0.99785739, -0.028838295, -0.058728073, -0.05128298;
 0.033057228, 0.99684346, 0.072182365, -0.012510167;
 0.056461081, -0.073969088, 0.99566096, -0.14342083;
 0, 0, 0, 1]
Ow:
[0.059684344;
 0.0003830567;
 0.14068979]
Keyframe: 44 Frame: 266 Frame from vFrameID : 267
Tcw:
[0.99893939, 0.045039088, 0.0095687276, 0.066538408;
 -0.04387502, 0.99413061, -0.098890148, -0.0014321245;
 -0.013966488, 0.098365441, 0.99505234, 0.1505677;
 0, 0, 0, 1]
Twc:
[0.99893939, -0.04387502, -0.013966488, -0.064427763;
 0.045039088, 0.99413061, 0.098365441, -0.016383767;
 0.0095687276, -0.098890148, 0.99505234, -0.15060104;
 0, 0, 0, 1]
Ow:
[0.066538408;
 -0.0014321245;
 0.1505677]
Keyframe: 45 Frame: 273 Frame from vFrameID : 274
Tcw:
[0.99887192, 0.044189207, -0.017385202, 0.072184443;
 -0.045261391, 0.99672121, -0.06706927, -0.0015637586;
 0.01436446, 0.067780487, 0.99759686, 0.15313245;
 0, 0, 0, 1]
Twc:
[0.99887192, -0.045261391, 0.01436446, -0.074373454;
 0.044189207, 0.99672121, 0.067780487, -0.012010533;
 -0.017385202, -0.06706927, 0.99759686, -0.15161438;
 0, 0, 0, 1]
Ow:
[0.072184443;
 -0.0015637586;
 0.15313245]
Keyframe: 46 Frame: 281 Frame from vFrameID : 282
Tcw:
[0.99865025, 0.039844461, 0.033318017, 0.074176282;
 -0.037723962, 0.9973619, -0.062017586, -0.00056506693;
 -0.035701178, 0.060676988, 0.99751878, 0.16524789;
 0, 0, 0, 1]
Twc:
[0.99865025, -0.037723962, -0.035701178, -0.068197936;
 0.039844461, 0.9973619, 0.060676988, -0.012418684;
 0.033318017, -0.062017586, 0.99751878, -0.16734433;
 0, 0, 0, 1]
Ow:
[0.074176282;
 -0.00056506693;
 0.16524789]
Keyframe: 47 Frame: 288 Frame from vFrameID : 289
Tcw:
[0.99943447, 0.018290276, 0.028217087, 0.075452246;
 -0.016376469, 0.99764365, -0.06662526, -0.00018728897;
 -0.029369192, 0.06612549, 0.997379, 0.16818437;
 0, 0, 0, 1]
Twc:
[0.99943447, -0.016376469, -0.029369192, -0.070473202;
 0.018290276, 0.99764365, 0.06612549, -0.012314468;
 0.028217087, -0.06662526, 0.997379, -0.16988507;
 0, 0, 0, 1]
Ow:
[0.075452246;
 -0.00018728897;
 0.16818437]
Keyframe: 48 Frame: 294 Frame from vFrameID : 295
Tcw:
[0.99862069, 0.010875044, 0.051365405, 0.078885458;
 -0.0080459882, 0.99845582, -0.0549662, 0.00014848169;
 -0.051883847, 0.054477099, 0.99716616, 0.17633073;
 0, 0, 0, 1]
Twc:
[0.99862069, -0.0080459882, -0.051883847, -0.069626741;
 0.010875044, 0.99845582, 0.054477099, -0.010612121;
 0.051365405, -0.0549662, 0.99716616, -0.17987485;
 0, 0, 0, 1]
Ow:
[0.078885458;
 0.00014848169;
 0.17633073]
Keyframe: 49 Frame: 300 Frame from vFrameID : 301
Tcw:
[0.99912071, 0.023709932, 0.034578178, 0.081656925;
 -0.020208957, 0.99495155, -0.098300368, 0.00076050311;
 -0.036734305, 0.097515143, 0.99455589, 0.18111345;
 0, 0, 0, 1]
Twc:
[0.99912071, -0.020208957, -0.036734305, -0.074916676;
 0.023709932, 0.99495155, 0.097515143, -0.020354047;
 0.034578178, -0.098300368, 0.99455589, -0.18287623;
 0, 0, 0, 1]
Ow:
[0.081656925;
 0.00076050311;
 0.18111345]
Keyframe: 50 Frame: 306 Frame from vFrameID : 307
Tcw:
[0.99924672, 0.036281139, 0.013772541, 0.083238147;
 -0.035284262, 0.99714327, -0.066785708, 0.00042380113;
 -0.016156258, 0.066249445, 0.99767226, 0.18295544;
 0, 0, 0, 1]
Twc:
[0.99924672, -0.035284262, -0.016156258, -0.080204621;
 0.036281139, 0.99714327, 0.066249445, -0.015563263;
 0.013772541, -0.066785708, 0.99767226, -0.18364768;
 0, 0, 0, 1]
Ow:
[0.083238147;
 0.00042380113;
 0.18295544]
Keyframe: 51 Frame: 311 Frame from vFrameID : 312
Tcw:
[0.99893099, 0.036005989, 0.028991394, 0.085145116;
 -0.034461804, 0.99804664, -0.052108325, 0.00088246167;
 -0.030810975, 0.051053524, 0.9982205, 0.1868985;
 0, 0, 0, 1]
Twc:
[0.99893099, -0.034461804, -0.030810975, -0.079265155;
 0.036005989, 0.99804664, 0.051053524, -0.013488299;
 0.028991394, -0.052108325, 0.9982205, -0.18898842;
 0, 0, 0, 1]
Ow:
[0.085145116;
 0.00088246167;
 0.1868985]
Keyframe: 52 Frame: 318 Frame from vFrameID : 319
Tcw:
[0.99758625, 0.014686571, 0.067867056, 0.08602953;
 -0.010552524, 0.99808955, -0.060875785, 0.0014920803;
 -0.068631455, 0.06001268, 0.99583542, 0.19312967;
 0, 0, 0, 1]
Twc:
[0.99758625, -0.010552524, -0.068631455, -0.072551362;
 0.014686571, 0.99808955, 0.06001268, -0.014342938;
 0.067867056, -0.060875785, 0.99583542, -0.1980731;
 0, 0, 0, 1]
Ow:
[0.08602953;
 0.0014920803;
 0.19312967]
Keyframe: 53 Frame: 324 Frame from vFrameID : 325
Tcw:
[0.99464369, 0.0062944624, 0.10317131, 0.08798331;
 0.00021616774, 0.99801522, -0.062972732, 0.0016238149;
 -0.10336292, 0.062657729, 0.99266815, 0.19708095;
 0, 0, 0, 1]
Twc:
[0.99464369, 0.00021616774, -0.10336292, -0.067141533;
 0.0062944624, 0.99801522, 0.062657729, -0.014523046;
 0.10317131, -0.062972732, 0.99266815, -0.20461109;
 0, 0, 0, 1]
Ow:
[0.08798331;
 0.0016238149;
 0.19708095]
Keyframe: 54 Frame: 330 Frame from vFrameID : 331
Tcw:
[0.99790412, 0.015457715, 0.062836006, 0.090063497;
 -0.011421696, 0.99787873, -0.06409011, 0.0022918917;
 -0.063693397, 0.063238092, 0.99596393, 0.20143439;
 0, 0, 0, 1]
Twc:
[0.99790412, -0.011421696, -0.063693397, -0.077018529;
 0.015457715, 0.99787873, 0.063238092, -0.016417533;
 0.062836006, -0.06409011, 0.99596393, -0.20613372;
 0, 0, 0, 1]
Ow:
[0.090063497;
 0.0022918917;
 0.20143439]
Keyframe: 55 Frame: 336 Frame from vFrameID : 337
Tcw:
[0.99917227, 0.027298868, 0.030159269, 0.093529753;
 -0.024607984, 0.99596959, -0.086249717, 0.0016820487;
 -0.032392234, 0.085436165, 0.99581695, 0.2054687;
 0, 0, 0, 1]
Twc:
[0.99917227, -0.024607984, -0.032392234, -0.08675535;
 0.027298868, 0.99596959, 0.085436165, -0.021782983;
 0.030159269, -0.086249717, 0.99581695, -0.20728493;
 0, 0, 0, 1]
Ow:
[0.093529753;
 0.0016820487;
 0.2054687]
Keyframe: 56 Frame: 341 Frame from vFrameID : 342
Tcw:
[0.99955279, 0.029113907, 0.0068238871, 0.095117308;
 -0.028476875, 0.9963994, -0.079857819, 0.0016398281;
 -0.0091242902, 0.079627782, 0.9967829, 0.20814174;
 0, 0, 0, 1]
Twc:
[0.99955279, -0.028476875, -0.0091242902, -0.093128935;
 0.029113907, 0.9963994, 0.079627782, -0.020977026;
 0.0068238871, -0.079857819, 0.9967829, -0.20799024;
 0, 0, 0, 1]
Ow:
[0.095117308;
 0.0016398281;
 0.20814174]
Keyframe: 57 Frame: 348 Frame from vFrameID : 349
Tcw:
[0.9990555, 0.032966968, 0.02830774, 0.096799009;
 -0.030823343, 0.9968493, -0.073084906, 0.0019781925;
 -0.030627938, 0.072143339, 0.99692392, 0.21282826;
 0, 0, 0, 1]
Twc:
[0.9990555, -0.030823343, -0.030627938, -0.090128109;
 0.032966968, 0.9968493, 0.072143339, -0.020517269;
 0.02830774, -0.073084906, 0.99692392, -0.21476915;
 0, 0, 0, 1]
Ow:
[0.096799009;
 0.0019781925;
 0.21282826]
Keyframe: 58 Frame: 354 Frame from vFrameID : 355
Tcw:
[0.99846256, 0.017326644, 0.052652877, 0.097502597;
 -0.013232291, 0.99693257, -0.07713823, 0.0019621346;
 -0.053827915, 0.076322921, 0.99562913, 0.2175135;
 0, 0, 0, 1]
Twc:
[0.99846256, -0.013232291, -0.053827915, -0.085618429;
 0.017326644, 0.99693257, 0.076322921, -0.020246774;
 0.052652877, -0.07713823, 0.99562913, -0.22154522;
 0, 0, 0, 1]
Ow:
[0.097502597;
 0.0019621346;
 0.2175135]
Keyframe: 59 Frame: 359 Frame from vFrameID : 360
Tcw:
[0.99750936, 0.0060917353, 0.07027065, 0.098307088;
 -0.00085471338, 0.99723428, -0.074316986, 0.0023493022;
 -0.070529021, 0.074071825, 0.99475574, 0.22037601;
 0, 0, 0, 1]
Twc:
[0.99750936, -0.00085471338, -0.070529021, -0.082517326;
 0.0060917353, 0.99723428, 0.074071825, -0.01926532;
 0.07027065, -0.074316986, 0.99475574, -0.22595382;
 0, 0, 0, 1]
Ow:
[0.098307088;
 0.0023493022;
 0.22037601]
Keyframe: 60 Frame: 364 Frame from vFrameID : 365
Tcw:
[0.99796957, 0.017439416, 0.061258752, 0.099694997;
 -0.012572095, 0.99679846, -0.078960381, 0.0026333593;
 -0.06243965, 0.078029908, 0.99499381, 0.22359645;
 0, 0, 0, 1]
Twc:
[0.99796957, -0.012572095, -0.06243965, -0.085498177;
 0.017439416, 0.99679846, 0.078029908, -0.021810761;
 0.061258752, -0.078960381, 0.99499381, -0.22837633;
 0, 0, 0, 1]
Ow:
[0.099694997;
 0.0026333593;
 0.22359645]
Keyframe: 61 Frame: 370 Frame from vFrameID : 371
Tcw:
[0.99959391, 0.026523603, 0.010416604, 0.10268958;
 -0.025340462, 0.99458563, -0.10078361, 0.0027282909;
 -0.013033349, 0.10047872, 0.99485385, 0.22682518;
 0, 0, 0, 1]
Twc:
[0.99959391, -0.025340462, -0.013033349, -0.099622451;
 0.026523603, 0.99458563, 0.10047872, -0.028228318;
 0.010416604, -0.10078361, 0.99485385, -0.2264526;
 0, 0, 0, 1]
Ow:
[0.10268958;
 0.0027282909;
 0.22682518]
Keyframe: 62 Frame: 377 Frame from vFrameID : 378
Tcw:
[0.99965823, 0.022336831, -0.013580931, 0.10365826;
 -0.023346717, 0.99656796, -0.079417817, 0.0028067343;
 0.011760379, 0.079707742, 0.99674892, 0.23141961;
 0, 0, 0, 1]
Twc:
[0.99965823, -0.023346717, 0.011760379, -0.10627889;
 0.022336831, 0.99656796, 0.079707742, -0.023558434;
 -0.013580931, -0.079417817, 0.99674892, -0.22903655;
 0, 0, 0, 1]
Ow:
[0.10365826;
 0.0028067343;
 0.23141961]
Keyframe: 63 Frame: 382 Frame from vFrameID : 383
Tcw:
[0.99980909, 0.017080726, 0.0094916448, 0.10459883;
 -0.01616051, 0.99583113, -0.089773081, 0.0033218488;
 -0.010985465, 0.089602545, 0.99591702, 0.23497911;
 0, 0, 0, 1]
Twc:
[0.99980909, -0.01616051, -0.010985465, -0.10194381;
 0.017080726, 0.99583113, 0.089602545, -0.026149353;
 0.0094916448, -0.089773081, 0.99591702, -0.2347143;
 0, 0, 0, 1]
Ow:
[0.10459883;
 0.0033218488;
 0.23497911]
Keyframe: 64 Frame: 387 Frame from vFrameID : 388
Tcw:
[0.99880189, 0.00015583246, 0.048935805, 0.10450815;
 0.0052178055, 0.99395514, -0.10966294, 0.0033896416;
 -0.048657086, 0.1097869, 0.99276346, 0.23859718;
 0, 0, 0, 1]
Twc:
[0.99880189, 0.0052178055, -0.048657086, -0.092791192;
 0.00015583246, 0.99395514, 0.1097869, -0.02958028;
 0.048935805, -0.10966294, 0.99276346, -0.24161305;
 0, 0, 0, 1]
Ow:
[0.10450815;
 0.0033896416;
 0.23859718]
Keyframe: 65 Frame: 394 Frame from vFrameID : 395
Tcw:
[0.99724221, -0.0070631881, 0.073878974, 0.1051848;
 0.014283141, 0.99511731, -0.097660407, 0.003549302;
 -0.072828449, 0.098446302, 0.99247384, 0.24271861;
 0, 0, 0, 1]
Twc:
[0.99724221, 0.014283141, -0.072828449, -0.087268591;
 -0.0070631881, 0.99511731, 0.098446302, -0.026683783;
 0.073878974, -0.097660407, 0.99247384, -0.2483162;
 0, 0, 0, 1]
Ow:
[0.1051848;
 0.003549302;
 0.24271861]
Keyframe: 66 Frame: 400 Frame from vFrameID : 401
Tcw:
[0.99884301, 0.0020443159, 0.048046403, 0.10723943;
 0.0029413535, 0.99462837, -0.10346841, 0.0040054619;
 -0.04799984, 0.10349002, 0.99347162, 0.24569838;
 0, 0, 0, 1]
Twc:
[0.99884301, 0.0029413535, -0.04799984, -0.095333651;
 0.0020443159, 0.99462837, 0.10349002, -0.029630506;
 0.048046403, -0.10346841, 0.99347162, -0.24883237;
 0, 0, 0, 1]
Ow:
[0.10723943;
 0.0040054619;
 0.24569838]
Keyframe: 67 Frame: 406 Frame from vFrameID : 407
Tcw:
[0.99970996, 0.011117863, 0.021362398, 0.10870957;
 -0.0091655795, 0.99595302, -0.089406982, 0.0037249755;
 -0.022269959, 0.089185253, 0.99576604, 0.24876668;
 0, 0, 0, 1]
Twc:
[0.99970996, -0.0091655795, -0.022269959, -0.10310388;
 0.011117863, 0.99595302, 0.089185253, -0.027104838;
 0.021362398, -0.089406982, 0.99576604, -0.24970268;
 0, 0, 0, 1]
Ow:
[0.10870957;
 0.0037249755;
 0.24876668]
Keyframe: 68 Frame: 412 Frame from vFrameID : 413
Tcw:
[0.99947131, 0.017041892, 0.02768925, 0.10982861;
 -0.015395249, 0.99816102, -0.058630791, 0.0042000292;
 -0.02863751, 0.058173507, 0.99789566, 0.25182313;
 0, 0, 0, 1]
Twc:
[0.99947131, -0.015395249, -0.02863751, -0.1024943;
 0.017041892, 0.99816102, 0.058173507, -0.020713426;
 0.02768925, -0.058630791, 0.99789566, -0.25408801;
 0, 0, 0, 1]
Ow:
[0.10982861;
 0.0042000292;
 0.25182313]
Keyframe: 69 Frame: 418 Frame from vFrameID : 419
Tcw:
[0.99930489, 0.0048289681, 0.036964353, 0.11023582;
 -0.0020304152, 0.9971531, -0.075375773, 0.0045514964;
 -0.037223108, 0.075248323, 0.99646986, 0.25430298;
 0, 0, 0, 1]
Twc:
[0.99930489, -0.0020304152, -0.037223108, -0.10068401;
 0.0048289681, 0.9971531, 0.075248323, -0.024206737;
 0.036964353, -0.075375773, 0.99646986, -0.25713694;
 0, 0, 0, 1]
Ow:
[0.11023582;
 0.0045514964;
 0.25430298]
Keyframe: 70 Frame: 424 Frame from vFrameID : 425
Tcw:
[0.99834698, -0.0051469724, 0.057243466, 0.11077632;
 0.0092486618, 0.99738902, -0.071621098, 0.0046152603;
 -0.056725372, 0.072032131, 0.99578792, 0.25696784;
 0, 0, 0, 1]
Twc:
[0.99834698, 0.0092486618, -0.056725372, -0.096059293;
 -0.0051469724, 0.99738902, 0.072032131, -0.022542991;
 0.057243466, -0.071621098, 0.99578792, -0.26189616;
 0, 0, 0, 1]
Ow:
[0.11077632;
 0.0046152603;
 0.25696784]
Keyframe: 71 Frame: 431 Frame from vFrameID : 432
Tcw:
[0.99879998, -0.0015826772, 0.048950016, 0.11236589;
 0.0047951965, 0.99783576, -0.065580979, 0.004739061;
 -0.048740283, 0.065737009, 0.99664587, 0.25991914;
 0, 0, 0, 1]
Twc:
[0.99879998, 0.0047951965, -0.048740283, -0.099585235;
 -0.0015826772, 0.99783576, 0.065737009, -0.021637272;
 0.048950016, -0.065580979, 0.99664587, -0.26423687;
 0, 0, 0, 1]
Ow:
[0.11236589;
 0.004739061;
 0.25991914]
Keyframe: 72 Frame: 438 Frame from vFrameID : 439
Tcw:
[0.9995451, 0.013776333, 0.026828814, 0.11396386;
 -0.011714513, 0.99707347, -0.075546809, 0.0047717486;
 -0.027791057, 0.075198151, 0.99678129, 0.26297194;
 0, 0, 0, 1]
Twc:
[0.9995451, -0.011714513, -0.027791057, -0.10654785;
 0.013776333, 0.99707347, 0.075198151, -0.026102792;
 0.026828814, -0.075546809, 0.99678129, -0.26482251;
 0, 0, 0, 1]
Ow:
[0.11396386;
 0.0047717486;
 0.26297194]
Keyframe: 73 Frame: 445 Frame from vFrameID : 446
Tcw:
[0.99934274, 0.025287936, 0.025974227, 0.11502831;
 -0.023444528, 0.99734277, -0.068976887, 0.005115578;
 -0.02764949, 0.068322599, 0.99728006, 0.26584262;
 0, 0, 0, 1]
Twc:
[0.99934274, -0.023444528, -0.02764949, -0.10748237;
 0.025287936, 0.99734277, 0.068322599, -0.026173871;
 0.025974227, -0.068976887, 0.99728006, -0.26775447;
 0, 0, 0, 1]
Ow:
[0.11502831;
 0.005115578;
 0.26584262]
Keyframe: 74 Frame: 452 Frame from vFrameID : 453
Tcw:
[0.99665791, 0.017126374, 0.079872854, 0.11514325;
 -0.0087281084, 0.99450421, -0.10433222, 0.0058320183;
 -0.081220724, 0.10328639, 0.99132997, 0.26914826;
 0, 0, 0, 1]
Twc:
[0.99665791, -0.0087281084, -0.081220724, -0.092847124;
 0.017126374, 0.99450421, 0.10328639, -0.035571311;
 0.079872854, -0.10433222, 0.99132997, -0.27540311;
 0, 0, 0, 1]
Ow:
[0.11514325;
 0.0058320183;
 0.26914826]
Keyframe: 75 Frame: 459 Frame from vFrameID : 460
Tcw:
[0.99654603, -0.00030422088, 0.083041839, 0.1162176;
 0.0087188864, 0.99484956, -0.10098665, 0.0059846453;
 -0.08258342, 0.10136188, 0.99141604, 0.27207601;
 0, 0, 0, 1]
Twc:
[0.99654603, 0.0087188864, -0.08258342, -0.093399391;
 -0.00030422088, 0.99484956, 0.10136188, -0.033496603;
 0.083041839, -0.10098665, 0.99141604, -0.27878708;
 0, 0, 0, 1]
Ow:
[0.1162176;
 0.0059846453;
 0.27207601]
Keyframe: 76 Frame: 465 Frame from vFrameID : 466
Tcw:
[0.99834967, 0.012021186, 0.056155812, 0.11769051;
 -0.0064812005, 0.99518371, -0.097813271, 0.0062877629;
 -0.05706118, 0.097287886, 0.9936192, 0.27399927;
 0, 0, 0, 1]
Twc:
[0.99834967, -0.0064812005, -0.05706118, -0.10182081;
 0.012021186, 0.99518371, 0.097287886, -0.034329068;
 0.056155812, -0.097813271, 0.9936192, -0.27824491;
 0, 0, 0, 1]
Ow:
[0.11769051;
 0.0062877629;
 0.27399927]
Keyframe: 77 Frame: 471 Frame from vFrameID : 472
Tcw:
[0.99972123, 0.018946122, 0.014089315, 0.1184149;
 -0.0174817, 0.99506718, -0.097651094, 0.0061201211;
 -0.015869925, 0.097377568, 0.995121, 0.2753717;
 0, 0, 0, 1]
Twc:
[0.99972123, -0.0174817, -0.015869925, -0.11390477;
 0.018946122, 0.99506718, 0.097377568, -0.03514846;
 0.014089315, -0.097651094, 0.995121, -0.27509889;
 0, 0, 0, 1]
Ow:
[0.1184149;
 0.0061201211;
 0.2753717]
Keyframe: 78 Frame: 478 Frame from vFrameID : 479
Tcw:
[0.99971741, 0.016198548, 0.017397461, 0.11895084;
 -0.015032062, 0.99775857, -0.065206401, 0.0064036902;
 -0.018414715, 0.064926453, 0.99772012, 0.27723837;
 0, 0, 0, 1]
Twc:
[0.99971741, -0.015032062, -0.018414715, -0.1137157;
 0.016198548, 0.99775857, 0.064926453, -0.026316274;
 0.017397461, -0.065206401, 0.99772012, -0.2782582;
 0, 0, 0, 1]
Ow:
[0.11895084;
 0.0064036902;
 0.27723837]
Keyframe: 79 Frame: 485 Frame from vFrameID : 486
Tcw:
[0.99927402, -0.0094628679, 0.036903884, 0.11920264;
 0.012546654, 0.99636585, -0.084247686, 0.0067182276;
 -0.035972543, 0.084649548, 0.99576122, 0.27975771;
 0, 0, 0, 1]
Twc:
[0.99927402, 0.012546654, -0.035972543, -0.10913679;
 -0.0094628679, 0.99636585, 0.084649548, -0.029247176;
 0.036903884, -0.084247686, 0.99576122, -0.28240493;
 0, 0, 0, 1]
Ow:
[0.11920264;
 0.0067182276;
 0.27975771]
Keyframe: 80 Frame: 491 Frame from vFrameID : 492
Tcw:
[0.99464822, 0.0029959655, 0.10327588, 0.12040765;
 0.0051966794, 0.99686366, -0.078967489, 0.0071599726;
 -0.10318855, 0.079081565, 0.99151307, 0.28153816;
 0, 0, 0, 1]
Twc:
[0.99464822, 0.0051966794, -0.10318855, -0.090748943;
 0.0029959655, 0.99686366, 0.079081565, -0.029762734;
 0.10327588, -0.078967489, 0.99151307, -0.29101861;
 0, 0, 0, 1]
Ow:
[0.12040765;
 0.0071599726;
 0.28153816]
Keyframe: 81 Frame: 498 Frame from vFrameID : 499
Tcw:
[0.99861062, 0.0038080942, 0.052557908, 0.12098135;
 0.00078798237, 0.99619478, -0.087151319, 0.0072973389;
 -0.052689794, 0.08707165, 0.99480766, 0.28383112;
 0, 0, 0, 1]
Twc:
[0.99861062, 0.00078798237, -0.052689794, -0.10586401;
 0.0038080942, 0.99619478, 0.08707165, -0.032443922;
 0.052557908, -0.087151319, 0.99480766, -0.28807995;
 0, 0, 0, 1]
Ow:
[0.12098135;
 0.0072973389;
 0.28383112]
Keyframe: 82 Frame: 505 Frame from vFrameID : 506
Tcw:
[0.99993759, 0.0051679062, 0.0099020964, 0.12218092;
 -0.0042707501, 0.99606049, -0.088573486, 0.0073876157;
 -0.010320826, 0.088525668, 0.99602044, 0.28615624;
 0, 0, 0, 1]
Twc:
[0.99993759, -0.0042707501, -0.010320826, -0.11918838;
 0.0051679062, 0.99606049, 0.088525668, -0.033322103;
 0.0099020964, -0.088573486, 0.99602044, -0.28557295;
 0, 0, 0, 1]
Ow:
[0.12218092;
 0.0073876157;
 0.28615624]
Keyframe: 83 Frame: 511 Frame from vFrameID : 512
Tcw:
[0.99941242, 0.0023990604, 0.034191512, 0.12318419;
 0.00065415812, 0.99603069, -0.08900781, 0.0076518785;
 -0.034269329, 0.088977881, 0.99544388, 0.2880449;
 0, 0, 0, 1]
Twc:
[0.99941242, 0.00065415812, -0.034269329, -0.11324571;
 0.0023990604, 0.99603069, 0.088977881, -0.033546656;
 0.034191512, -0.08900781, 0.99544388, -0.29026332;
 0, 0, 0, 1]
Ow:
[0.12318419;
 0.0076518785;
 0.2880449]
Keyframe: 84 Frame: 518 Frame from vFrameID : 519
Tcw:
[0.99749225, -0.016113279, 0.068917252, 0.12347882;
 0.022970248, 0.99473315, -0.099891238, 0.0076591503;
 -0.066944703, 0.10122378, 0.99260879, 0.29020715;
 0, 0, 0, 1]
Twc:
[0.99749225, 0.022970248, -0.066944703, -0.10391727;
 -0.016113279, 0.99473315, 0.10122378, -0.035005026;
 0.068917252, -0.099891238, 0.99260879, -0.29580688;
 0, 0, 0, 1]
Ow:
[0.12347882;
 0.0076591503;
 0.29020715]
Keyframe: 85 Frame: 524 Frame from vFrameID : 525
Tcw:
[0.99554312, -0.015863009, 0.092963718, 0.12427641;
 0.024873177, 0.99501443, -0.096579589, 0.0077391863;
 -0.090968199, 0.098461449, 0.99097431, 0.29191986;
 0, 0, 0, 1]
Twc:
[0.99554312, 0.024873177, -0.090968199, -0.097359605;
 -0.015863009, 0.99501443, 0.098461449, -0.034472056;
 0.092963718, -0.096579589, 0.99097431, -0.30009085;
 0, 0, 0, 1]
Ow:
[0.12427641;
 0.0077391863;
 0.29191986]
Keyframe: 86 Frame: 530 Frame from vFrameID : 531
Tcw:
[0.99705231, 0.0041788737, 0.076611124, 0.12513854;
 0.0042931214, 0.99391264, -0.11008718, 0.0077497289;
 -0.076604806, 0.11009157, 0.99096495, 0.29342318;
 0, 0, 0, 1]
Twc:
[0.99705231, 0.0042931214, -0.076604806, -0.10232531;
 0.0041788737, 0.99391264, 0.11009157, -0.040528916;
 0.076611124, -0.11008718, 0.99096495, -0.29950595;
 0, 0, 0, 1]
Ow:
[0.12513854;
 0.0077497289;
 0.29342318]
Keyframe: 87 Frame: 536 Frame from vFrameID : 537
Tcw:
[0.99885726, 0.0043147439, 0.047597703, 0.12601361;
 0.00080388103, 0.99425876, -0.10699958, 0.007788498;
 -0.047786109, 0.10691557, 0.99311912, 0.29477823;
 0, 0, 0, 1]
Twc:
[0.99885726, 0.00080388103, -0.047786109, -0.11178957;
 0.0043147439, 0.99425876, 0.10691557, -0.039803881;
 0.047597703, -0.10699958, 0.99311912, -0.29791448;
 0, 0, 0, 1]
Ow:
[0.12601361;
 0.007788498;
 0.29477823]
Keyframe: 88 Frame: 542 Frame from vFrameID : 543
Tcw:
[0.99854279, 0.019681303, 0.05024948, 0.12681764;
 -0.015058798, 0.99575835, -0.090766475, 0.007969683;
 -0.051822741, 0.089877509, 0.99460363, 0.29667965;
 0, 0, 0, 1]
Twc:
