Keyframe: 0 Frame: 0 Frame from vFrameID : 220
Tcw:
[1, 0, 0, 0;
 0, 1, 0, 0;
 0, 0, 1, 0;
 0, 0, 0, 1]
Twc:
[1, 0, 0, 0;
 0, 1, 0, 0;
 0, 0, 1, 0;
 0, 0, 0, 1]
Ow:
[0;
 0;
 0]
Keyframe: 1 Frame: 219 Frame from vFrameID : 220
Tcw:
[0.99961698, -0.020227365, 0.018886629, 0.0026027318;
 0.020402724, 0.99975008, -0.0091387983, -0.00099334132;
 -0.018697055, 0.0095206369, 0.99977988, 0.034649629;
 0, 0, 0, 1]
Twc:
[0.99961698, 0.020402724, -0.018697055, -0.0019336222;
 -0.020227365, 0.99975008, 0.0095206369, 0.00071585301;
 0.018886629, -0.0091387983, 0.99977988, -0.034700233;
 0, 0, 0, 1]
Ow:
[0.0026027318;
 -0.00099334132;
 0.034649629]
Keyframe: 2 Frame: 221 Frame from vFrameID : 222
Tcw:
[0.99966776, -0.021018242, 0.014917842, 0.0031967254;
 0.021185473, 0.99971348, -0.011141927, -0.00046055185;
 -0.014679383, 0.011454267, 0.99982667, 0.048088741;
 0, 0, 0, 1]
Twc:
[0.99966776, 0.021185473, -0.014679383, -0.0024799933;
 -0.021018242, 0.99971348, 0.011454267, -2.3211842e-05;
 0.014917842, -0.011141927, 0.99982667, -0.048133224;
 0, 0, 0, 1]
Ow:
[0.0031967254;
 -0.00046055185;
 0.048088741]
Keyframe: 3 Frame: 223 Frame from vFrameID : 224
Tcw:
[0.99967521, -0.023694621, 0.0093846256, 0.0054541891;
 0.023833375, 0.99960399, -0.014960283, 0.00048307789;
 -0.0090264305, 0.015179091, 0.99984407, 0.050295092;
 0, 0, 0, 1]
Twc:
[0.99967521, 0.023833375, -0.0090264305, -0.0050099459;
 -0.023694621, 0.99960399, 0.015179091, -0.0011170855;
 0.0093846256, -0.014960283, 0.99984407, -0.050331205;
 0, 0, 0, 1]
Ow:
[0.0054541891;
 0.00048307789;
 0.050295092]
Keyframe: 4 Frame: 225 Frame from vFrameID : 226
Tcw:
[0.99961388, -0.027748769, 0.0014527115, 0.009305655;
 0.027761264, 0.99957007, -0.0094333012, 0.0032741942;
 -0.0011903245, 0.0094699878, 0.99995446, 0.064550675;
 0, 0, 0, 1]
Twc:
[0.99961388, 0.027761264, -0.0011903245, -0.0093161212;
 -0.027748769, 0.99957007, 0.0094699878, -0.00362586;
 0.0014527115, -0.0094333012, 0.99995446, -0.064530365;
 0, 0, 0, 1]
Ow:
[0.009305655;
 0.0032741942;
 0.064550675]
Keyframe: 5 Frame: 227 Frame from vFrameID : 228
Tcw:
[0.99950546, -0.031408705, -0.0015141463, 0.011902968;
 0.031394634, 0.99947041, -0.0085603353, 0.004531553;
 0.0017822136, 0.0085085668, 0.99996221, 0.06900683;
 0, 0, 0, 1]
Twc:
[0.99950546, 0.031394634, 0.0017822136, -0.012162333;
 -0.031408705, 0.99947041, 0.0085085668, -0.0047424454;
 -0.0015141463, -0.0085603353, 0.99996221, -0.068947412;
 0, 0, 0, 1]
Ow:
[0.011902968;
 0.004531553;
 0.06900683]
Keyframe: 6 Frame: 229 Frame from vFrameID : 230
Tcw:
[0.99939805, -0.033761129, -0.0079789907, 0.017018193;
 0.033693146, 0.99939603, -0.0085063018, 0.0020550427;
 0.0082613537, 0.0082323449, 0.99993199, 0.081356749;
 0, 0, 0, 1]
Twc:
[0.99939805, 0.033693146, 0.0082613537, -0.01774931;
 -0.033761129, 0.99939603, 0.0082323449, -0.0021490047;
 -0.0079789907, -0.0085063018, 0.99993199, -0.081197947;
 0, 0, 0, 1]
Ow:
[0.017018193;
 0.0020550427;
 0.081356749]
Keyframe: 7 Frame: 232 Frame from vFrameID : 233
Tcw:
[0.99957502, -0.018728288, -0.022338325, 0.031707246;
 0.017926658, 0.99920666, -0.035561785, -0.003289507;
 0.022986615, 0.035146222, 0.99911779, 0.097365633;
 0, 0, 0, 1]
Twc:
[0.99957502, 0.017926658, 0.022986615, -0.033872906;
 -0.018728288, 0.99920666, 0.035146222, 0.00045868539;
 -0.022338325, -0.035561785, 0.99911779, -0.096688434;
 0, 0, 0, 1]
Ow:
[0.031707246;
 -0.003289507;
 0.097365633]
Keyframe: 8 Frame: 235 Frame from vFrameID : 236
Tcw:
[0.99925017, -0.011847205, -0.036861509, 0.047915809;
 0.010458018, 0.99923611, -0.037653916, -0.0073142238;
 0.037279446, 0.037240185, 0.99861073, 0.10995936;
 0, 0, 0, 1]
Twc:
[0.99925017, 0.010458018, 0.037279446, -0.051902611;
 -0.011847205, 0.99923611, 0.037240185, 0.0037813981;
 -0.036861509, -0.037653916, 0.99861073, -0.10831576;
 0, 0, 0, 1]
Ow:
[0.047915809;
 -0.0073142238;
 0.10995936]
Keyframe: 9 Frame: 238 Frame from vFrameID : 239
Tcw:
[0.99933803, 0.00025578932, -0.036379807, 0.055295534;
 -0.0011391327, 0.99970496, -0.02426249, -0.012878188;
 0.036362868, 0.02428787, 0.99904346, 0.12103302;
 0, 0, 0, 1]
Twc:
[0.99933803, -0.0011391327, 0.036362868, -0.059674703;
 0.00025578932, 0.99970496, 0.02428787, 0.009920611;
 -0.036379807, -0.02426249, 0.99904346, -0.11921807;
 0, 0, 0, 1]
Ow:
[0.055295534;
 -0.012878188;
 0.12103302]
Keyframe: 10 Frame: 241 Frame from vFrameID : 242
Tcw:
[0.99907267, 0.001171862, -0.043040253, 0.058987387;
 -0.0022926019, 0.99965936, -0.02599922, -0.013030892;
 0.042995121, 0.026073784, 0.99873501, 0.13189963;
 0, 0, 0, 1]
Twc:
[0.99907267, -0.0022926019, 0.042995121, -0.0646336;
 0.001171862, 0.99965936, 0.026073784, 0.0095182052;
 -0.043040253, -0.02599922, 0.99873501, -0.12953272;
 0, 0, 0, 1]
Ow:
[0.058987387;
 -0.013030892;
 0.13189963]
Keyframe: 11 Frame: 245 Frame from vFrameID : 246
Tcw:
[0.9987911, 0.0066500446, -0.048704892, 0.063985944;
 -0.00777796, 0.99970508, -0.023005364, -0.011864794;
 0.048537541, 0.023356378, 0.99854827, 0.14860763;
 0, 0, 0, 1]
Twc:
[0.9987911, -0.00777796, 0.048537541, -0.071213923;
 0.0066500446, 0.99970508, 0.023356378, 0.0079648495;
 -0.048704892, -0.023005364, 0.99854827, -0.1455484;
 0, 0, 0, 1]
Ow:
[0.063985944;
 -0.011864794;
 0.14860763]
Keyframe: 12 Frame: 249 Frame from vFrameID : 250
Tcw:
[0.99889058, 0.011886088, -0.045566984, 0.064841464;
 -0.013661932, 0.99915123, -0.038860932, -0.010893354;
 0.045066401, 0.039440352, 0.99820513, 0.16515517;
 0, 0, 0, 1]
Twc:
[0.99889058, -0.013661932, 0.045066401, -0.072361305;
 0.011886088, 0.99915123, 0.039440352, 0.003599619;
 -0.045566984, -0.038860932, 0.99820513, -0.16232744;
 0, 0, 0, 1]
Ow:
[0.064841464;
 -0.010893354;
 0.16515517]
Keyframe: 13 Frame: 253 Frame from vFrameID : 254
Tcw:
[0.99942672, 0.0023805739, -0.033771738, 0.07336729;
 -0.0037887618, 0.99912322, -0.041694723, -0.01028244;
 0.033642869, 0.041798774, 0.99855947, 0.17752615;
 0, 0, 0, 1]
Twc:
[0.99942672, -0.0037887618, 0.033642869, -0.07933668;
 0.0023805739, 0.99912322, 0.041798774, 0.0026783922;
 -0.033771738, -0.041694723, 0.99855947, -0.1752214;
 0, 0, 0, 1]
Ow:
[0.07336729;
 -0.01028244;
 0.17752615]
Keyframe: 14 Frame: 257 Frame from vFrameID : 258
Tcw:
[0.99988383, 0.010519989, -0.011029675, 0.082224675;
 -0.010881651, 0.9993875, -0.033259518, -0.0085179089;
 0.010673029, 0.033375673, 0.99938589, 0.18957995;
 0, 0, 0, 1]
Twc:
[0.99988383, -0.010881651, 0.010673029, -0.0843312;
 0.010519989, 0.9993875, 0.033375673, 0.0013203307;
 -0.011029675, -0.033259518, 0.99938589, -0.18883991;
 0, 0, 0, 1]
Ow:
[0.082224675;
 -0.0085179089;
 0.18957995]
Keyframe: 15 Frame: 261 Frame from vFrameID : 262
Tcw:
[0.99955469, 0.0089384215, -0.028470136, 0.08980792;
 -0.0095852623, 0.99969715, -0.022665111, -0.0054392968;
 0.028258923, 0.022927912, 0.99933767, 0.20590816;
 0, 0, 0, 1]
Twc:
[0.99955469, -0.0095852623, 0.028258923, -0.095638804;
 0.0089384215, 0.99969715, 0.022927912, -8.6135442e-05;
 -0.028470136, -0.022665111, 0.99933767, -0.20333822;
 0, 0, 0, 1]
Ow:
[0.08980792;
 -0.0054392968;
 0.20590816]
Keyframe: 16 Frame: 265 Frame from vFrameID : 266
Tcw:
[0.99815273, 0.013268064, -0.059287652, 0.10711069;
 -0.016211824, 0.99864501, -0.049450293, -0.0089135375;
 0.058551207, 0.050320107, 0.99701536, 0.22278777;
 0, 0, 0, 1]
Twc:
[0.99815273, -0.016211824, 0.058551207, -0.12010183;
 0.013268064, 0.99864501, 0.050320107, -0.003730396;
 -0.059287652, -0.049450293, 0.99701536, -0.21621327;
 0, 0, 0, 1]
Ow:
[0.10711069;
 -0.0089135375;
 0.22278777]
Keyframe: 17 Frame: 270 Frame from vFrameID : 271
Tcw:
[0.99608815, 0.012813934, -0.087431416, 0.11458849;
 -0.017409569, 0.9984951, -0.05200436, -0.003629609;
 0.086633459, 0.053323068, 0.99481219, 0.23918952;
 0, 0, 0, 1]
Twc:
[0.99608815, -0.017409569, 0.086633459, -0.13492525;
 0.012813934, 0.9984951, 0.053323068, -0.010598502;
 -0.087431416, -0.05200436, 0.99481219, -0.22811878;
 0, 0, 0, 1]
Ow:
[0.11458849;
 -0.003629609;
 0.23918952]
Keyframe: 18 Frame: 275 Frame from vFrameID : 276
Tcw:
[0.99675894, 0.019731425, -0.077988729, 0.12451297;
 -0.021139828, 0.99962729, -0.017274836, -0.00081705092;
 0.0776188, 0.018867515, 0.99680454, 0.25988322;
 0, 0, 0, 1]
Twc:
[0.99675894, -0.021139828, 0.0776188, -0.14429854;
 0.019731425, 0.99962729, 0.018867515, -0.006543423;
 -0.077988729, -0.017274836, 0.99680454, -0.24935628;
 0, 0, 0, 1]
Ow:
[0.12451297;
 -0.00081705092;
 0.25988322]
Keyframe: 19 Frame: 280 Frame from vFrameID : 281
Tcw:
[0.99879205, 0.012412801, -0.047543786, 0.13172337;
 -0.013447186, 0.99967843, -0.021498758, 0.0039298697;
 0.04726164, 0.022112118, 0.9986378, 0.28490347;
 0, 0, 0, 1]
Twc:
[0.99879205, -0.013447186, 0.04726164, -0.14497641;
 0.012412801, 0.99967843, 0.022112118, -0.011863481;
 -0.047543786, -0.021498758, 0.9986378, -0.27816826;
 0, 0, 0, 1]
Ow:
[0.13172337;
 0.0039298697;
 0.28490347]
Keyframe: 20 Frame: 285 Frame from vFrameID : 286
Tcw:
[0.99929678, 0.0017074349, -0.037457082, 0.12596592;
 -0.00326608, 0.99912941, -0.04158986, 0.0079321712;
 0.037353463, 0.041682951, 0.9984324, 0.31067261;
 0, 0, 0, 1]
Twc:
[0.99929678, -0.00326608, 0.037353463, -0.13745613;
 0.0017074349, 0.99912941, 0.041682951, -0.021090094;
 -0.037457082, -0.04158986, 0.9984324, -0.30513737;
 0, 0, 0, 1]
Ow:
[0.12596592;
 0.0079321712;
 0.31067261]
Keyframe: 21 Frame: 290 Frame from vFrameID : 291
Tcw:
[0.99957818, -0.0096438238, -0.027393764, 0.13091232;
 0.0092953928, 0.99987465, -0.012818372, 0.011161054;
 0.027513947, 0.012558329, 0.99954253, 0.32703623;
 0, 0, 0, 1]
Twc:
[0.99957818, 0.0092953928, 0.027513947, -0.1399589;
 -0.0096438238, 0.99987465, 0.012558329, -0.014004189;
 -0.027393764, -0.012818372, 0.99954253, -0.32315737;
 0, 0, 0, 1]
Ow:
[0.13091232;
 0.011161054;
 0.32703623]
Keyframe: 22 Frame: 295 Frame from vFrameID : 296
Tcw:
[0.99976671, -0.011749216, -0.018122969, 0.13876349;
 0.011491228, 0.99983209, -0.014274498, 0.012025598;
 0.01828764, 0.014062913, 0.99973387, 0.34895989;
 0, 0, 0, 1]
Twc:
[0.99976671, 0.011491228, 0.01828764, -0.14525096;
 -0.011749216, 0.99983209, 0.014062913, -0.015300608;
 -0.018122969, -0.014274498, 0.99973387, -0.34618056;
 0, 0, 0, 1]
Ow:
[0.13876349;
 0.012025598;
 0.34895989]
Keyframe: 23 Frame: 300 Frame from vFrameID : 301
Tcw:
[0.99939042, -0.0025475579, -0.034818806, 0.15171716;
 0.00051006494, 0.99829304, -0.058401067, 0.017299173;
 0.034908153, 0.058347706, 0.99768579, 0.37420219;
 0, 0, 0, 1]
Twc:
[0.99939042, 0.00051006494, 0.034908153, -0.16469619;
 -0.0025475579, 0.99829304, 0.058347706, -0.038716976;
 -0.034818806, -0.058401067, 0.99768579, -0.36704332;
 0, 0, 0, 1]
Ow:
[0.15171716;
 0.017299173;
 0.37420219]
Keyframe: 24 Frame: 305 Frame from vFrameID : 306
Tcw:
[0.99851239, 0.01124992, -0.053352371, 0.16664219;
 -0.013011207, 0.99937785, -0.032780744, 0.017767806;
 0.052950397, 0.033426158, 0.99803758, 0.39402914;
 0, 0, 0, 1]
Twc:
[0.99851239, -0.013011207, 0.052950397, -0.1870271;
 0.01124992, 0.99937785, 0.033426158, -0.032802343;
 -0.053352371, -0.032780744, 0.99803758, -0.38378266;
 0, 0, 0, 1]
Ow:
[0.16664219;
 0.017767806;
 0.39402914]
Keyframe: 25 Frame: 310 Frame from vFrameID : 311
Tcw:
[0.99900562, 0.01245307, -0.042809416, 0.17582044;
 -0.01307453, 0.99981272, -0.014267698, 0.019948576;
 0.042623721, 0.014813224, 0.99898136, 0.41745281;
 0, 0, 0, 1]
Twc:
[0.99900562, -0.01307453, 0.042623721, -0.19317819;
 0.01245307, 0.99981272, 0.014813224, -0.028318167;
 -0.042809416, -0.014267698, 0.99898136, -0.4092162;
 0, 0, 0, 1]
Ow:
[0.17582044;
 0.019948576;
 0.41745281]
Keyframe: 26 Frame: 315 Frame from vFrameID : 316
Tcw:
[0.99988133, 0.0029542327, -0.01511901, 0.1749983;
 -0.0033227373, 0.99969661, -0.024406798, 0.026525125;
 0.015042319, 0.024454137, 0.99958777, 0.44752228;
 0, 0, 0, 1]
Twc:
[0.99988133, -0.0033227373, 0.015042319, -0.18162116;
 0.0029542327, 0.99969661, 0.024454137, -0.037977833;
 -0.01511901, -0.024406798, 0.99958777, -0.44404462;
 0, 0, 0, 1]
Ow:
[0.1749983;
 0.026525125;
 0.44752228]
Keyframe: 27 Frame: 320 Frame from vFrameID : 321
Tcw:
[0.99965096, -0.019686999, 0.017619295, 0.17295684;
 0.020155633, 0.99943686, -0.026827611, 0.02873821;
 -0.017081218, 0.027173376, 0.99948478, 0.47991729;
 0, 0, 0, 1]
Twc:
[0.99965096, 0.020155633, -0.017081218, -0.16527812;
 -0.019686999, 0.99943686, 0.027173376, -0.038357999;
 0.017619295, -0.026827611, 0.99948478, -0.48194644;
 0, 0, 0, 1]
Ow:
[0.17295684;
 0.02873821;
 0.47991729]
Keyframe: 28 Frame: 325 Frame from vFrameID : 326
Tcw:
[0.99902493, -0.015463372, 0.041352734, 0.18441416;
 0.016397458, 0.99961585, -0.022345275, 0.030431343;
 -0.040991314, 0.023001567, 0.99889469, 0.50107491;
 0, 0, 0, 1]
Twc:
[0.99902493, 0.016397458, -0.040991314, -0.16419362;
 -0.015463372, 0.99961585, 0.023001567, -0.039093494;
 0.041352734, -0.022345275, 0.99889469, -0.50746709;
 0, 0, 0, 1]
Ow:
[0.18441416;
 0.030431343;
 0.50107491]
Keyframe: 29 Frame: 330 Frame from vFrameID : 331
Tcw:
[0.99998593, -0.0035102065, 0.0039838394, 0.19396017;
 0.0035971343, 0.99975091, -0.022026883, 0.035071082;
 -0.0039055282, 0.022040904, 0.99974942, 0.53492635;
 0, 0, 0, 1]
Twc:
[0.99998593, 0.0035971343, -0.0039055282, -0.19199441;
 -0.0035102065, 0.99975091, 0.022040904, -0.046171766;
 0.0039838394, -0.022026883, 0.99974942, -0.53479254;
 0, 0, 0, 1]
Ow:
[0.19396017;
 0.035071082;
 0.53492635]
Keyframe: 30 Frame: 335 Frame from vFrameID : 336
Tcw:
[0.99967462, 0.0018017538, -0.025445022, 0.21564838;
 -0.0029216637, 0.99902529, -0.044044584, 0.035054401;
 0.025340863, 0.044104595, 0.99870545, 0.56224364;
 0, 0, 0, 1]
Twc:
[0.99967462, -0.0029216637, 0.025340863, -0.22972353;
 0.0018017538, 0.99902529, 0.044104595, -0.060206305;
 -0.025445022, -0.044044584, 0.99870545, -0.55448467;
 0, 0, 0, 1]
Ow:
[0.21564838;
 0.035054401;
 0.56224364]
Keyframe: 31 Frame: 340 Frame from vFrameID : 341
Tcw:
[0.99877065, 0.0082889395, -0.048871547, 0.22562616;
 -0.010352254, 0.99905902, -0.042118333, 0.034313776;
 0.048476443, 0.042572487, 0.99791664, 0.58314419;
 0, 0, 0, 1]
Twc:
[0.99877065, -0.010352254, 0.048476443, -0.25326231;
 0.0082889395, 0.99905902, 0.042572487, -0.060977582;
 -0.048871547, -0.042118333, 0.99791664, -0.56945735;
 0, 0, 0, 1]
Ow:
[0.22562616;
 0.034313776;
 0.58314419]
Keyframe: 32 Frame: 345 Frame from vFrameID : 346
Tcw:
[0.99883771, 0.016038174, -0.045453224, 0.23673679;
 -0.017675275, 0.99920094, -0.035847254, 0.034360029;
 0.044841979, 0.03660899, 0.99832308, 0.60672975;
 0, 0, 0, 1]
Twc:
[0.99883771, -0.017675275, 0.044841979, -0.26306126;
 0.016038174, 0.99920094, 0.03660899, -0.060341164;
 -0.045453224, -0.035847254, 0.99832308, -0.59372014;
 0, 0, 0, 1]
Ow:
[0.23673679;
 0.034360029;
 0.60672975]
Keyframe: 33 Frame: 350 Frame from vFrameID : 351
Tcw:
[0.99975181, 0.0059903101, -0.021458847, 0.23914216;
 -0.0067523895, 0.99934262, -0.035618931, 0.041728891;
 0.021231372, 0.03575499, 0.99913502, 0.63517678;
 0, 0, 0, 1]
Twc:
[0.99975181, -0.0067523895, 0.021231372, -0.2522867;
 0.0059903101, 0.99934262, 0.03575499, -0.065844737;
 -0.021458847, -0.035618931, 0.99913502, -0.62800932;
 0, 0, 0, 1]
Ow:
[0.23914216;
 0.041728891;
 0.63517678]
Keyframe: 34 Frame: 355 Frame from vFrameID : 356
Tcw:
[0.99997956, -0.0056093819, 0.0030656825, 0.23926444;
 0.0057381699, 0.99902588, -0.043753739, 0.042249784;
 -0.0028172645, 0.043770436, 0.99903762, 0.66242844;
 0, 0, 0, 1]
Twc:
[0.99997956, 0.0057381699, -0.0028172645, -0.23763576;
 -0.0056093819, 0.99902588, 0.043770436, -0.069861278;
 0.0030656825, -0.043753739, 0.99903762, -0.66067588;
 0, 0, 0, 1]
Ow:
[0.23926444;
 0.042249784;
 0.66242844]
Keyframe: 35 Frame: 360 Frame from vFrameID : 361
Tcw:
[0.99977463, -0.011123958, 0.018081846, 0.24574067;
 0.011780122, 0.99926066, -0.036596566, 0.045970336;
 -0.01766138, 0.036801323, 0.99916655, 0.68435973;
 0, 0, 0, 1]
Twc:
[0.99977463, 0.011780122, -0.01766138, -0.23414008;
 -0.011123958, 0.99926066, 0.036801323, -0.068388082;
 0.018081846, -0.036596566, 0.99916655, -0.68655038;
 0, 0, 0, 1]
Ow:
[0.24574067;
 0.045970336;
 0.68435973]
Keyframe: 36 Frame: 365 Frame from vFrameID : 366
Tcw:
[0.99999624, -0.0027485676, 7.0798451e-05, 0.25211337;
 0.0027489809, 0.99899334, -0.044774931, 0.048055578;
 5.2339739e-05, 0.044774957, 0.99899709, 0.70681918;
 0, 0, 0, 1]
Twc:
[0.99999624, 0.0027489809, 5.2339739e-05, -0.25228152;
 -0.0027485676, 0.99899334, 0.044774957, -0.07896205;
 7.0798451e-05, -0.044774931, 0.99899709, -0.70397645;
 0, 0, 0, 1]
Ow:
[0.25211337;
 0.048055578;
 0.70681918]
Keyframe: 37 Frame: 370 Frame from vFrameID : 371
Tcw:
[0.99902278, 0.0079500377, -0.043477055, 0.27071014;
 -0.010611372, 0.99806124, -0.061328392, 0.04767061;
 0.0429052, 0.061729815, 0.99717027, 0.72753036;
 0, 0, 0, 1]
Twc:
[0.99902278, -0.010611372, 0.0429052, -0.30115461;
 0.0079500377, 0.99806124, 0.061729815, -0.094640657;
 -0.043477055, -0.061328392, 0.99717027, -0.71077842;
 0, 0, 0, 1]
Ow:
[0.27071014;
 0.04767061;
 0.72753036]
Keyframe: 38 Frame: 375 Frame from vFrameID : 376
Tcw:
[0.99805492, 0.0060420888, -0.062046945, 0.27282554;
 -0.0093880268, 0.99850887, -0.053776819, 0.049265794;
 0.0616295, 0.054254718, 0.9966234, 0.74758583;
 0, 0, 0, 1]
Twc:
[0.99805492, -0.0093880268, 0.0616295, -0.31790572;
 0.0060420888, 0.99850887, 0.054254718, -0.091400832;
 -0.062046945, -0.053776819, 0.9966234, -0.72548425;
 0, 0, 0, 1]
Ow:
[0.27282554;
 0.049265794;
 0.74758583]
Keyframe: 39 Frame: 380 Frame from vFrameID : 381
Tcw:
[0.9979912, 0.0015370895, -0.063334301, 0.27892277;
 -0.0042916494, 0.99904948, -0.043379337, 0.052679706;
 0.063207418, 0.043564003, 0.99704915, 0.77473581;
 0, 0, 0, 1]
Twc:
[0.9979912, -0.0042916494, 0.063207418, -0.32710543;
 0.0015370895, 0.99904948, 0.043564003, -0.086808957;
 -0.063334301, -0.043379337, 0.99704915, -0.7524991;
 0, 0, 0, 1]
Ow:
[0.27892277;
 0.052679706;
 0.77473581]
Keyframe: 40 Frame: 386 Frame from vFrameID : 387
Tcw:
[0.99979901, -0.016395729, -0.011538559, 0.28065768;
 0.015603562, 0.99771845, -0.065683782, 0.057712618;
 0.012589167, 0.065490536, 0.99777377, 0.81366885;
 0, 0, 0, 1]
Twc:
[0.99979901, 0.015603562, 0.012589167, -0.29174522;
 -0.016395729, 0.99771845, 0.065490536, -0.10626696;
 -0.011538559, -0.065683782, 0.99777377, -0.80482823;
 0, 0, 0, 1]
Ow:
[0.28065768;
 0.057712618;
 0.81366885]
Keyframe: 41 Frame: 391 Frame from vFrameID : 392
Tcw:
[0.99958163, -0.027630959, 0.0085510826, 0.28455928;
 0.028085239, 0.99788779, -0.058576491, 0.062749021;
 -0.0069144964, 0.05879214, 0.99824631, 0.83163851;
 0, 0, 0, 1]
Twc:
[0.99958163, 0.028085239, -0.0069144964, -0.28045219;
 -0.027630959, 0.99788779, 0.05879214, -0.10364764;
 0.0085510826, -0.058576491, 0.99824631, -0.82893771;
 0, 0, 0, 1]
Ow:
[0.28455928;
 0.062749021;
 0.83163851]
Keyframe: 42 Frame: 396 Frame from vFrameID : 397
Tcw:
[0.99952424, -0.028856086, 0.010893575, 0.28737783;
 0.02949019, 0.99755204, -0.06340526, 0.063557371;
 -0.0090372795, 0.063696347, 0.99792838, 0.85462844;
 0, 0, 0, 1]
Twc:
[0.99952424, 0.02949019, -0.0090372795, -0.28139189;
 -0.028856086, 0.99755204, 0.063696347, -0.1095459;
 0.010893575, -0.06340526, 0.99792838, -0.85195875;
 0, 0, 0, 1]
Ow:
[0.28737783;
 0.063557371;
 0.85462844]
Keyframe: 43 Frame: 401 Frame from vFrameID : 402
Tcw:
[0.99981052, -0.01237605, -0.015024485, 0.3001405;
 0.011436281, 0.99806613, -0.061100442, 0.063368134;
 0.015751611, 0.060917038, 0.99801856, 0.86948144;
 0, 0, 0, 1]
Twc:
[0.99981052, 0.011436281, 0.015751611, -0.31450409;
 -0.01237605, 0.99806613, 0.060917038, -0.11249726;
 -0.015024485, -0.061100442, 0.99801856, -0.85937726;
 0, 0, 0, 1]
Ow:
[0.3001405;
 0.063368134;
 0.86948144]
Keyframe: 44 Frame: 406 Frame from vFrameID : 407
Tcw:
[0.99919981, -0.0072773355, -0.039329339, 0.3104918;
 0.0053229127, 0.99875635, -0.049571946, 0.060002558;
 0.039641179, 0.049322933, 0.99799591, 0.88853532;
 0, 0, 0, 1]
Twc:
[0.99919981, 0.0053229127, 0.039641179, -0.34578529;
 -0.0072773355, 0.99875635, 0.049322933, -0.10149355;
 -0.039329339, -0.049571946, 0.99799591, -0.87156874;
 0, 0, 0, 1]
Ow:
[0.3104918;
 0.060002558;
 0.88853532]
Keyframe: 45 Frame: 411 Frame from vFrameID : 412
Tcw:
[0.99937433, 0.0026895753, -0.035266656, 0.31536227;
 -0.0034555185, 0.99975908, -0.021675693, 0.063675486;
 0.035199862, 0.021783996, 0.99914283, 0.90835255;
 0, 0, 0, 1]
Twc:
[0.99937433, -0.0034555185, 0.035199862, -0.34691882;
 0.0026895753, 0.99975908, 0.021783996, -0.084295884;
 -0.035266656, -0.021675693, 0.99914283, -0.89507198;
 0, 0, 0, 1]
Ow:
[0.31536227;
 0.063675486;
 0.90835255]
Keyframe: 46 Frame: 416 Frame from vFrameID : 417
Tcw:
[0.99964809, -0.0099742888, -0.024580654, 0.31918657;
 0.0092429873, 0.99951649, -0.029687254, 0.067688629;
 0.024864879, 0.029449608, 0.99925697, 0.93050331;
 0, 0, 0, 1]
Twc:
[0.99964809, 0.0092429873, 0.024864879, -0.34283674;
 -0.0099742888, 0.99951649, 0.029449608, -0.091875196;
 -0.024580654, -0.029687254, 0.99925697, -0.91995656;
 0, 0, 0, 1]
Ow:
[0.31918657;
 0.067688629;
 0.93050331]
Keyframe: 47 Frame: 421 Frame from vFrameID : 422
Tcw:
[0.99983096, -0.015926022, -0.0091843847, 0.32223386;
 0.015548372, 0.9990859, -0.039819743, 0.069569848;
 0.009810159, 0.03967021, 0.99916464, 0.94817746;
 0, 0, 0, 1]
Twc:
[0.99983096, 0.015548372, 0.009810159, -0.33256286;
 -0.015926022, 0.9990859, 0.03967021, -0.10198875;
 -0.0091843847, -0.039819743, 0.99916464, -0.94165564;
 0, 0, 0, 1]
Ow:
[0.32223386;
 0.069569848;
 0.94817746]
Keyframe: 48 Frame: 426 Frame from vFrameID : 427
Tcw:
[0.99968165, -0.025218731, 0.00079516898, 0.3243039;
 0.025231194, 0.99925607, -0.029166538, 0.071911432;
 -5.9034377e-05, 0.029177316, 0.99957424, 0.96736223;
 0, 0, 0, 1]
Twc:
[0.99968165, 0.025231194, -5.9034377e-05, -0.32595795;
 -0.025218731, 0.99925607, 0.029177316, -0.091904432;
 0.00079516898, -0.029166538, 0.99957424, -0.96511084;
 0, 0, 0, 1]
Ow:
[0.3243039;
 0.071911432;
 0.96736223]
Keyframe: 49 Frame: 431 Frame from vFrameID : 432
Tcw:
[0.99980319, -0.015922781, -0.011836729, 0.3335661;
 0.015616531, 0.99955207, -0.025529951, 0.072543681;
 0.012237935, 0.025340077, 0.99960399, 0.9820829;
 0, 0, 0, 1]
Twc:
[0.99980319, 0.015616531, 0.012237935, -0.34665197;
 -0.015922781, 0.99955207, 0.025340077, -0.092085943;
 -0.011836729, -0.025529951, 0.99960399, -0.97589362;
 0, 0, 0, 1]
Ow:
[0.3335661;
 0.072543681;
 0.9820829]
Keyframe: 50 Frame: 436 Frame from vFrameID : 437
Tcw:
[0.99957275, -0.0041063554, -0.028938111, 0.34268931;
 0.0033385269, 0.99964237, -0.026532015, 0.072870605;
 0.029036712, 0.026424069, 0.99922901, 1.0001993;
 0, 0, 0, 1]
Twc:
[0.99957275, 0.0033385269, 0.029036712, -0.37182871;
 -0.0041063554, 0.99964237, 0.026424069, -0.097866677;
 -0.028938111, -0.026532015, 0.99922901, -0.98757797;
 0, 0, 0, 1]
Ow:
[0.34268931;
 0.072870605;
 1.0001993]
Keyframe: 51 Frame: 441 Frame from vFrameID : 442
Tcw:
[0.99897915, 0.004074892, -0.044990063, 0.35148558;
 -0.0051930603, 0.9996798, -0.024764836, 0.075279742;
 0.044874746, 0.024973191, 0.99868041, 1.0173531;
 0, 0, 0, 1]
Twc:
[0.99897915, -0.0051930603, 0.044874746, -0.39638928;
 0.004074892, 0.9996798, 0.024973191, -0.10209446;
 -0.044990063, -0.024764836, 0.99868041, -0.99833292;
 0, 0, 0, 1]
Ow:
[0.35148558;
 0.075279742;
 1.0173531]
Keyframe: 52 Frame: 446 Frame from vFrameID : 447
Tcw:
[0.99969321, 0.0015351952, -0.02471965, 0.35503551;
 -0.0023500593, 0.9994536, -0.032969002, 0.077843651;
 0.02465553, 0.03301698, 0.99915063, 1.0338176;
 0, 0, 0, 1]
Twc:
[0.99969321, -0.0023500593, 0.02465553, -0.38023299;
 0.0015351952, 0.9994536, 0.03301698, -0.11247971;
 -0.02471965, -0.032969002, 0.99915063, -1.0215968;
 0, 0, 0, 1]
Ow:
[0.35503551;
 0.077843651;
 1.0338176]
Keyframe: 53 Frame: 451 Frame from vFrameID : 452
Tcw:
[0.99983788, -0.0034799005, 0.017668245, 0.35312083;
 0.0045344112, 0.99818814, -0.059999187, 0.082538746;
 -0.017427443, 0.060069572, 0.99804205, 1.0521927;
 0, 0, 0, 1]
Twc:
[0.99983788, 0.0045344112, -0.017427443, -0.3351008;
 -0.0034799005, 0.99818814, 0.060069572, -0.14436513;
 0.017668245, -0.059999187, 0.99804205, -1.0514193;
 0, 0, 0, 1]
Ow:
[0.35312083;
 0.082538746;
 1.0521927]
Keyframe: 54 Frame: 456 Frame from vFrameID : 457
Tcw:
[0.9995535, -0.019367043, 0.022754285, 0.35364068;
 0.020767242, 0.99779725, -0.063002981, 0.084552713;
 -0.021483982, 0.063447393, 0.99775392, 1.0662504;
 0, 0, 0, 1]
Twc:
[0.9995535, 0.020767242, -0.021483982, -0.33233139;
 -0.019367043, 0.99779725, 0.063447393, -0.14516829;
 0.022754285, -0.063002981, 0.99775392, -1.0665753;
 0, 0, 0, 1]
Ow:
[0.35364068;
 0.084552713;
 1.0662504]
Keyframe: 55 Frame: 461 Frame from vFrameID : 462
Tcw:
[0.99976933, -0.018017791, 0.011689196, 0.36139742;
 0.018702235, 0.99794054, -0.06135897, 0.08633364;
 -0.01055957, 0.061563428, 0.99804729, 1.0821459;
 0, 0, 0, 1]
Twc:
[0.99976933, 0.018702235, -0.01055957, -0.3515017;
 -0.018017791, 0.99794054, 0.061563428, -0.14626487;
 0.011689196, -0.06135897, 0.99804729, -1.0789599;
 0, 0, 0, 1]
Ow:
[0.36139742;
 0.08633364;
 1.0821459]
Keyframe: 56 Frame: 466 Frame from vFrameID : 467
Tcw:
[0.99992341, -0.0014445907, -0.012290895, 0.37023908;
 0.00081107218, 0.99867815, -0.05139342, 0.088969827;
 0.012348891, 0.051379513, 0.99860287, 1.0979129;
 0, 0, 0, 1]
Twc:
[0.99992341, 0.00081107218, 0.012348891, -0.38384089;
 -0.0014445907, 0.99867815, 0.051379513, -0.1447276;
 -0.012290895, -0.05139342, 0.99860287, -1.087256;
 0, 0, 0, 1]
Ow:
[0.37023908;
 0.088969827;
 1.0979129]
Keyframe: 57 Frame: 471 Frame from vFrameID : 472
Tcw:
[0.99894118, -0.001364428, -0.045985729, 0.37548944;
 -0.0012439468, 0.9983936, -0.056645092, 0.087764874;
 0.045989148, 0.056642316, 0.99733478, 1.1104063;
 0, 0, 0, 1]
Twc:
[0.99894118, -0.0012439468, 0.045989148, -0.42604932;
 -0.001364428, 0.9983936, 0.056642316, -0.15000755;
 -0.045985729, -0.056645092, 0.99733478, -1.0852082;
 0, 0, 0, 1]
Ow:
[0.37548944;
 0.087764874;
 1.1104063]
Keyframe: 58 Frame: 476 Frame from vFrameID : 477
Tcw:
[0.99884981, 0.0021729649, -0.047899496, 0.37976;
 -0.0036266607, 0.99953479, -0.03028289, 0.088372186;
 0.047811411, 0.030421773, 0.998393, 1.1240569;
 0, 0, 0, 1]
Twc:
[0.99884981, -0.0036266607, 0.047811411, -0.43274543;
 0.0021729649, 0.99953479, 0.030421773, -0.12335208;
 -0.047899496, -0.03028289, 0.998393, -1.101384;
 0, 0, 0, 1]
Ow:
[0.37976;
 0.088372186;
 1.1240569]
Keyframe: 59 Frame: 481 Frame from vFrameID : 482
Tcw:
[0.99919045, -0.012167305, -0.038345147, 0.3802917;
 0.011407705, 0.99973559, -0.019966463, 0.091484204;
 0.038577944, 0.019512869, 0.99906504, 1.1396964;
 0, 0, 0, 1]
Twc:
[0.99919045, 0.011407705, 0.038577944, -0.42499462;
 -0.012167305, 0.99973559, 0.019512869, -0.10907163;
 -0.038345147, -0.019966463, 0.99906504, -1.1222219;
 0, 0, 0, 1]
Ow:
[0.3802917;
 0.091484204;
 1.1396964]
Keyframe: 60 Frame: 486 Frame from vFrameID : 487
Tcw:
[0.99924535, -0.035702728, -0.015300713, 0.38201857;
 0.034984689, 0.99837989, -0.044873714, 0.093552738;
 0.016878039, 0.044304557, 0.9988755, 1.1526273;
 0, 0, 0, 1]
Twc:
[0.99924535, 0.034984689, 0.016878039, -0.40445727;
 -0.035702728, 0.99837989, 0.044304557, -0.13082871;
 -0.015300713, -0.044873714, 0.9988755, -1.141288;
 0, 0, 0, 1]
Ow:
[0.38201857;
 0.093552738;
 1.1526273]
Keyframe: 61 Frame: 491 Frame from vFrameID : 492
Tcw:
[0.99898428, -0.017707808, 0.041435104, 0.39016369;
 0.019195456, 0.99917513, -0.035785057, 0.098210976;
 -0.040767249, 0.036544073, 0.99850017, 1.163277;
 0, 0, 0, 1]
Twc:
[0.99898428, 0.019195456, -0.040767249, -0.34422898;
 -0.017707808, 0.99917513, 0.036544073, -0.1337319;
 0.041435104, -0.035785057, 0.99850017, -1.1741843;
 0, 0, 0, 1]
Ow:
[0.39016369;
 0.098210976;
 1.163277]
Keyframe: 62 Frame: 497 Frame from vFrameID : 498
Tcw:
[0.99989671, -0.010384, 0.009937075, 0.39137205;
 0.010832557, 0.99887329, -0.046204504, 0.10165657;
 -0.009446091, 0.046307378, 0.99888259, 1.1815145;
 0, 0, 0, 1]
Twc:
[0.99989671, 0.010832557, -0.009446091, -0.38127214;
 -0.010384, 0.99887329, 0.046307378, -0.15219085;
 0.009937075, -0.046204504, 0.99888259, -1.1793864;
 0, 0, 0, 1]
Ow:
[0.39137205;
 0.10165657;
 1.1815145]
Keyframe: 63 Frame: 502 Frame from vFrameID : 503
Tcw:
[0.99915004, -0.0083681745, -0.040362526, 0.40121832;
 0.0061022379, 0.99841553, -0.055939615, 0.10058463;
 0.040766682, 0.055645768, 0.99761796, 1.1943421;
 0, 0, 0, 1]
Twc:
[0.99915004, 0.0061022379, 0.040766682, -0.45018047;
 -0.0083681745, 0.99841553, 0.055645768, -0.16352788;
 -0.040362526, -0.055939615, 0.99761796, -1.1696763;
 0, 0, 0, 1]
Ow:
[0.40121832;
 0.10058463;
 1.1943421]
Keyframe: 64 Frame: 507 Frame from vFrameID : 508
Tcw:
[0.99906921, -0.011180758, -0.041661642, 0.40410224;
 0.0093491366, 0.99899209, -0.043902606, 0.1030608;
 0.042110518, 0.043472242, 0.99816674, 1.2065316;
 0, 0, 0, 1]
Twc:
[0.99906921, 0.0093491366, 0.042110518, -0.45549729;
 -0.011180758, 0.99899209, 0.043472242, -0.15088937;
 -0.041661642, -0.043902606, 0.99816674, -1.1829596;
 0, 0, 0, 1]
Ow:
[0.40410224;
 0.1030608;
 1.2065316]
Keyframe: 65 Frame: 512 Frame from vFrameID : 513
Tcw:
[0.99975008, -0.018417323, -0.012672418, 0.40457562;
 0.017802976, 0.9987365, -0.046993889, 0.10628159;
 0.013521908, 0.046756536, 0.99881476, 1.2203457;
 0, 0, 0, 1]
Twc:
[0.99975008, 0.017802976, 0.013521908, -0.42286801;
 -0.018417323, 0.9987365, 0.046756536, -0.15575525;
 -0.012672418, -0.046993889, 0.99881476, -1.2087778;
 0, 0, 0, 1]
Ow:
[0.40457562;
 0.10628159;
 1.2203457]
Keyframe: 66 Frame: 517 Frame from vFrameID : 518
Tcw:
[0.99941999, -0.033502813, 0.0061008562, 0.40777776;
 0.033780336, 0.9980129, -0.053189814, 0.1069254;
 -0.0043067248, 0.053365052, 0.99856579, 1.2347746;
 0, 0, 0, 1]
Twc:
[0.99941999, 0.033780336, -0.0043067248, -0.40583539;
 -0.033502813, 0.9980129, 0.053365052, -0.15894504;
 0.0061008562, -0.053189814, 0.99856579, -1.2298042;
 0, 0, 0, 1]
Ow:
[0.40777776;
 0.1069254;
 1.2347746]
Keyframe: 67 Frame: 522 Frame from vFrameID : 523
Tcw:
[0.99891609, -0.031017888, 0.034706257, 0.41097099;
 0.032782052, 0.99813616, -0.051473163, 0.10807359;
 -0.033044983, 0.052555114, 0.99807113, 1.2448106;
 0, 0, 0, 1]
Twc:
[0.99891609, 0.032782052, -0.033044983, -0.37293369;
 -0.031017888, 0.99813616, 0.052555114, -0.16054589;
 0.034706257, -0.051473163, 0.99807113, -1.25111;
 0, 0, 0, 1]
Ow:
[0.41097099;
 0.10807359;
 1.2448106]
Keyframe: 68 Frame: 527 Frame from vFrameID : 528
Tcw:
[0.99908602, -0.020223703, 0.037658568, 0.41736746;
 0.022602161, 0.99770397, -0.063842952, 0.10979442;
 -0.036280964, 0.064635769, 0.99724919, 1.2580956;
 0, 0, 0, 1]
Twc:
[0.99908602, 0.022602161, -0.036280964, -0.37382263;
 -0.020223703, 0.99770397, 0.064635769, -0.18241958;
 0.037658568, -0.063842952, 0.99724919, -1.2633426;
 0, 0, 0, 1]
Ow:
[0.41736746;
 0.10979442;
 1.2580956]
Keyframe: 69 Frame: 532 Frame from vFrameID : 533
Tcw:
[0.99993134, -0.010546986, 0.0051060054, 0.42182386;
 0.010869596, 0.99763089, -0.067930005, 0.11100726;
 -0.0043774522, 0.067980841, 0.99767703, 1.2689151;
 0, 0, 0, 1]
Twc:
[0.99993134, 0.010869596, -0.0043774522, -0.41744691;
 -0.010546986, 0.99763089, 0.067980841, -0.1925572;
 0.0051060054, -0.067930005, 0.99767703, -1.2605804;
 0, 0, 0, 1]
Ow:
[0.42182386;
 0.11100726;
 1.2689151]
Keyframe: 70 Frame: 537 Frame from vFrameID : 538
Tcw:
[0.99992937, -0.0075132484, -0.0092115942, 0.42498463;
 0.0069376221, 0.99811345, -0.061003763, 0.11090348;
 0.0096525522, 0.060935546, 0.99809504, 1.2796905;
 0, 0, 0, 1]
Twc:
[0.99992937, 0.0069376221, 0.0096525522, -0.43807629;
 -0.0075132484, 0.99811345, 0.060935546, -0.18547986;
 -0.0092115942, -0.061003763, 0.99809504, -1.2665725;
 0, 0, 0, 1]
Ow:
[0.42498463;
 0.11090348;
 1.2796905]
Keyframe: 71 Frame: 542 Frame from vFrameID : 543
Tcw:
[0.99990696, 0.011947654, -0.0065802531, 0.42912143;
 -0.012255558, 0.99872702, -0.048930019, 0.11258703;
 0.0059872777, 0.049006116, 0.99878055, 1.2905813;
 0, 0, 0, 1]
Twc:
[0.99990696, -0.012255558, 0.0059872777, -0.43542877;
 0.011947654, 0.99872702, 0.049006116, -0.18081708;
 -0.0065802531, -0.048930019, 0.99878055, -1.2806749;
 0, 0, 0, 1]
Ow:
[0.42912143;
 0.11258703;
 1.2905813]
Keyframe: 72 Frame: 547 Frame from vFrameID : 548
Tcw:
[0.99983364, 0.0033074145, 0.017937282, 0.42981055;
 -0.0023735424, 0.99865276, -0.051836792, 0.11286841;
 -0.018084561, 0.051785592, 0.99849445, 1.3031889;
 0, 0, 0, 1]
Twc:
[0.99983364, -0.0023735424, -0.018084561, -0.40590358;
 0.0033074145, 0.99865276, 0.051785592, -0.18162432;
 0.017937282, -0.051836792, 0.99849445, -1.3030858;
 0, 0, 0, 1]
Ow:
[0.42981055;
 0.11286841;
 1.3031889]
Keyframe: 73 Frame: 552 Frame from vFrameID : 553
Tcw:
[0.99964869, 0.00041991987, 0.026501626, 0.4318836;
 0.0011939894, 0.998146, -0.060853299, 0.11521174;
 -0.026478045, 0.060863562, 0.99779487, 1.3134499;
 0, 0, 0, 1]
Twc:
[0.99964869, 0.0011939894, -0.026478045, -0.39709187;
 0.00041991987, 0.998146, 0.060863562, -0.19512074;
 0.026501626, -0.060853299, 0.99779487, -1.3149881;
 0, 0, 0, 1]
Ow:
[0.4318836;
 0.11521174;
 1.3134499]
Keyframe: 74 Frame: 557 Frame from vFrameID : 558
Tcw:
[0.99994558, -0.0047863163, 0.0092712184, 0.43582538;
 0.0053260121, 0.99823844, -0.059090141, 0.1183174;
 -0.0089720618, 0.059136305, 0.9982096, 1.3251809;
 0, 0, 0, 1]
Twc:
[0.99994558, 0.0053260121, -0.0089720618, -0.42454219;
 -0.0047863163, 0.99823844, 0.059136305, -0.19438927;
 0.0092712184, -0.059090141, 0.9982096, -1.3198575;
 0, 0, 0, 1]
Ow:
[0.43582538;
 0.1183174;
 1.3251809]
Keyframe: 75 Frame: 562 Frame from vFrameID : 563
Tcw:
[0.99995983, -0.00093666313, -0.008915171, 0.44074377;
 0.00031175304, 0.99755818, -0.069839984, 0.11770239;
 0.0089588184, 0.069834404, 0.99751836, 1.3354882;
 0, 0, 0, 1]
Twc:
[0.99995983, 0.00031175304, 0.0089588184, -0.45272714;
 -0.00093666313, 0.99755818, 0.069834404, -0.21026516;
 -0.008915171, -0.069839984, 0.99751836, -1.3200244;
 0, 0, 0, 1]
Ow:
[0.44074377;
 0.11770239;
 1.3354882]
Keyframe: 76 Frame: 568 Frame from vFrameID : 569
Tcw:
[0.99940211, 0.012562974, -0.032212634, 0.44641981;
 -0.014630781, 0.99779218, -0.064781867, 0.11649711;
 0.031327661, 0.065214433, 0.99737942, 1.3479511;
 0, 0, 0, 1]
Twc:
[0.99940211, -0.014630781, 0.031327661, -0.4866766;
 0.012562974, 0.99779218, 0.065214433, -0.20975412;
 -0.032212634, -0.064781867, 0.99737942, -1.3224913;
 0, 0, 0, 1]
Ow:
[0.44641981;
 0.11649711;
 1.3479511]
Keyframe: 77 Frame: 573 Frame from vFrameID : 574
Tcw:
[0.99977893, 0.019479183, -0.0079133995, 0.44833574;
 -0.019993594, 0.99726278, -0.07118433, 0.11919216;
 0.0065051266, 0.071326807, 0.99743181, 1.357028;
 0, 0, 0, 1]
Twc:
[0.99977893, -0.019993594, 0.0065051266, -0.45468122;
 0.019479183, 0.99726278, 0.071326807, -0.22439159;
 -0.0079133995, -0.07118433, 0.99743181, -1.3415104;
 0, 0, 0, 1]
Ow:
[0.44833574;
 0.11919216;
 1.357028]
Keyframe: 78 Frame: 578 Frame from vFrameID : 579
Tcw:
[0.99977833, 0.020625019, 0.0042243251, 0.44802156;
 -0.020183085, 0.99605489, -0.086413726, 0.11997268;
 -0.0059899446, 0.086309314, 0.99625039, 1.3675224;
 0, 0, 0, 1]
Twc:
[0.99977833, -0.020183085, -0.0059899446, -0.43730947;
 0.020625019, 0.99605489, 0.086309314, -0.24676974;
 0.0042243251, -0.086413726, 0.99625039, -1.35392;
 0, 0, 0, 1]
Ow:
[0.44802156;
 0.11997268;
 1.3675224]
Keyframe: 79 Frame: 583 Frame from vFrameID : 584
Tcw:
[0.99959159, 0.00859755, 0.027253935, 0.45172107;
 -0.0062959031, 0.99649292, -0.083439916, 0.12136021;
 -0.027875733, 0.083234251, 0.99614006, 1.3761519;
 0, 0, 0, 1]
Twc:
[0.99959159, -0.0062959031, -0.027875733, -0.41241127;
 0.00859755, 0.99649292, 0.083234251, -0.23936126;
 0.027253935, -0.083439916, 0.99614006, -1.3730249;
 0, 0, 0, 1]
Ow:
[0.45172107;
 0.12136021;
 1.3761519]
Keyframe: 80 Frame: 588 Frame from vFrameID : 589
Tcw:
[0.99994999, 0.0062182769, 0.0078330841, 0.45619792;
 -0.0057181064, 0.99803901, -0.062333371, 0.12351312;
 -0.0082053291, 0.062285464, 0.99802464, 1.3841567;
 0, 0, 0, 1]
Twc:
[0.99994999, -0.0057181064, -0.0082053291, -0.44411138;
 0.0062182769, 0.99803901, 0.062285464, -0.21232051;
 0.0078330841, -0.062333371, 0.99802464, -1.377297;
 0, 0, 0, 1]
Ow:
[0.45619792;
 0.12351312;
 1.3841567]
Keyframe: 81 Frame: 593 Frame from vFrameID : 594
Tcw:
[0.99919289, 0.0066925017, -0.039608363, 0.4581975;
 -0.008697113, 0.99867827, -0.050656915, 0.12293285;
 0.039216992, 0.050960507, 0.99793041, 1.3917785;
 0, 0, 0, 1]
Twc:
[0.99919289, -0.008697113, 0.039216992, -0.51133984;
 0.0066925017, 0.99867827, 0.050960507, -0.19676258;
 -0.039608363, -0.050656915, 0.99793041, -1.3645221;
 0, 0, 0, 1]
Ow:
[0.4581975;
 0.12293285;
 1.3917785]
Keyframe: 82 Frame: 598 Frame from vFrameID : 599
Tcw:
[0.99840575, 0.008083106, -0.055862784, 0.45968109;
 -0.011133503, 0.99845105, -0.054511573, 0.12443873;
 0.055335633, 0.055046614, 0.99694926, 1.3981019;
 0, 0, 0, 1]
Twc:
[0.99840575, -0.011133503, 0.055335633, -0.53492767;
 0.008083106, 0.99845105, 0.055046614, -0.20492242;
 -0.055862784, -0.054511573, 0.99694926, -1.3613744;
 0, 0, 0, 1]
Ow:
[0.45968109;
 0.12443873;
 1.3981019]
Keyframe: 83 Frame: 604 Frame from vFrameID : 605
Tcw:
[0.99946356, 0.012061156, -0.030449368, 0.46259922;
 -0.013680423, 0.9984718, -0.053543288, 0.12629463;
 0.029757041, 0.053931125, 0.99810117, 1.4076163;
 0, 0, 0, 1]
Twc:
[0.99946356, -0.013680423, 0.029757041, -0.50250983;
 0.012061156, 0.9984718, 0.053931125, -0.20759544;
 -0.030449368, -0.053543288, 0.99810117, -1.3840954;
 0, 0, 0, 1]
Ow:
[0.46259922;
 0.12629463;
 1.4076163]
Keyframe: 84 Frame: 610 Frame from vFrameID : 611
Tcw:
[0.99982995, 0.0064755273, -0.017267626, 0.46193257;
 -0.0077388668, 0.99721861, -0.074129142, 0.127437;
 0.016739573, 0.074250169, 0.99709916, 1.4165033;
 0, 0, 0, 1]
Twc:
[0.99982995, -0.0077388668, 0.016739573, -0.48457944;
 0.0064755273, 0.99721861, 0.074250169, -0.23524942;
 -0.017267626, -0.074129142, 0.99709916, -1.3949709;
 0, 0, 0, 1]
Ow:
[0.46193257;
 0.127437;
 1.4165033]
Keyframe: 85 Frame: 616 Frame from vFrameID : 617
Tcw:
[0.9999541, 0.0065616453, 0.006979445, 0.4632363;
 -0.0060465531, 0.99742782, -0.07142286, 0.12981799;
 -0.0074301441, 0.071377382, 0.99742168, 1.4280257;
 0, 0, 0, 1]
Twc:
[0.9999541, -0.0060465531, -0.0074301441, -0.45181966;
 0.0065616453, 0.99742782, 0.071377382, -0.2344524;
 0.006979445, -0.07142286, 0.99742168, -1.418305;
 0, 0, 0, 1]
Ow:
[0.4632363;
 0.12981799;
 1.4280257]
Keyframe: 86 Frame: 622 Frame from vFrameID : 623
Tcw:
[0.99926639, 0.016182227, -0.034709796, 0.46711749;
 -0.018806234, 0.99688029, -0.076655477, 0.13054246;
 0.033361051, 0.077252001, 0.99645329, 1.4365867;
 0, 0, 0, 1]
Twc:
[0.99926639, -0.018806234, 0.033361051, -0.51224589;
 0.016182227, 0.99688029, 0.077252001, -0.24867341;
 -0.034709796, -0.076655477, 0.99645329, -1.4052713;
 0, 0, 0, 1]
Ow:
[0.46711749;
 0.13054246;
 1.4365867]
Keyframe: 87 Frame: 627 Frame from vFrameID : 628
Tcw:
[0.9986707, 0.0092900023, -0.050700288, 0.46781802;
 -0.012945309, 0.99730247, -0.072251253, 0.13151076;
 0.04989231, 0.072811536, 0.99609703, 1.4432156;
 0, 0, 0, 1]
Twc:
[0.9986707, -0.012945309, 0.04989231, -0.53749901;
 0.0092900023, 0.99730247, 0.072811536, -0.24058481;
 -0.050700288, -0.072251253, 0.99609703, -1.4043624;
 0, 0, 0, 1]
Ow:
[0.46781802;
 0.13151076;
 1.4432156]
Keyframe: 88 Frame: 632 Frame from vFrameID : 633
Tcw:
[0.99952132, 0.0060453531, -0.030342208, 0.47018677;
 -0.0081006046, 0.99764723, -0.068076707, 0.1333919;
 0.029859271, 0.068289906, 0.99721861, 1.4508265;
 0, 0, 0, 1]
Twc:
[0.99952132, -0.0081006046, 0.029859271, -0.51220173;
 0.0060453531, 0.99764723, 0.068289906, -0.2349973;
 -0.030342208, -0.068076707, 0.99721861, -1.4234438;
 0, 0, 0, 1]
Ow:
[0.47018677;
 0.1333919;
 1.4508265]
Keyframe: 89 Frame: 637 Frame from vFrameID : 638
Tcw:
[0.99987096, -0.014314204, 0.0072947717, 0.47029018;
 0.014880527, 0.99630147, -0.084628373, 0.13478518;
 -0.0060564042, 0.084725998, 0.99638587, 1.4579118;
 0, 0, 0, 1]
Twc:
[0.99987096, 0.014880527, -0.0060564042, -0.46340546;
 -0.014314204, 0.99630147, 0.084725998, -0.25107786;
 0.0072947717, -0.084628373, 0.99638587, -1.4446669;
 0, 0, 0, 1]
Ow:
[0.47029018;
 0.13478518;
 1.4579118]
Keyframe: 90 Frame: 643 Frame from vFrameID : 644
Tcw:
