Keyframe: 0 Frame: 0 Frame from vFrameID : 22
Tcw:
[1, 0, 0, 0;
 0, 1, 0, 0;
 0, 0, 1, 0;
 0, 0, 0, 1]
Twc:
[1, 0, 0, 0;
 0, 1, 0, 0;
 0, 0, 1, 0;
 0, 0, 0, 1]
Ow:
[0;
 0;
 0]
Keyframe: 1 Frame: 21 Frame from vFrameID : 22
Tcw:
[0.9995895, 0.0042269933, -0.028336193, -0.0027710726;
 -0.0040713032, 0.99997634, 0.0055498304, -0.012495147;
 0.028358981, -0.0054321871, 0.99958307, -0.00095486298;
 0, 0, 0, 1]
Twc:
[0.9995895, -0.0040713032, 0.028358981, 0.0027461427;
 0.0042269933, 0.99997634, -0.0054321871, 0.012501378;
 -0.028336193, 0.0055498304, 0.99958307, 0.0009452891;
 0, 0, 0, 1]
Ow:
[-0.0027710726;
 -0.012495147;
 -0.00095486298]
Keyframe: 2 Frame: 23 Frame from vFrameID : 24
Tcw:
[0.99964333, 0.0052192123, -0.026190387, -0.0042347792;
 -0.0050010686, 0.99995232, 0.0083877491, -0.01504613;
 0.026232915, -0.0082537774, 0.99962181, -0.0032200264;
 0, 0, 0, 1]
Twc:
[0.99964333, -0.0050010686, 0.026232915, 0.0042424933;
 0.0052192123, 0.99995232, -0.0082537774, 0.015040938;
 -0.026190387, 0.0083877491, 0.99962181, 0.003234101;
 0, 0, 0, 1]
Ow:
[-0.0042347792;
 -0.01504613;
 -0.0032200264]
Keyframe: 3 Frame: 25 Frame from vFrameID : 26
Tcw:
[0.99964952, 0.0048302016, -0.026029846, -0.0044743973;
 -0.0045203413, 0.9999184, 0.011949766, -0.016560091;
 0.02608544, -0.011827914, 0.99958974, -0.0028641426;
 0, 0, 0, 1]
Twc:
[0.99964952, -0.0045203413, 0.02608544, 0.0044726836;
 0.0048302016, 0.9999184, -0.011827914, 0.016546473;
 -0.026029846, 0.011949766, 0.99958974, 0.0029443889;
 0, 0, 0, 1]
Ow:
[-0.0044743973;
 -0.016560091;
 -0.0028641426]
Keyframe: 4 Frame: 27 Frame from vFrameID : 28
Tcw:
[0.99957281, 0.01036677, -0.027325178, -0.0046674339;
 -0.010016073, 0.99986613, 0.012939992, -0.017472427;
 0.027455665, -0.012660774, 0.99954283, -0.0029715665;
 0, 0, 0, 1]
Twc:
[0.99957281, -0.010016073, 0.027455665, 0.0045720213;
 0.01036677, 0.99986613, -0.012660774, 0.01748085;
 -0.027325178, 0.012939992, 0.99954283, 0.0030687628;
 0, 0, 0, 1]
Ow:
[-0.0046674339;
 -0.017472427;
 -0.0029715665]
Keyframe: 5 Frame: 29 Frame from vFrameID : 30
Tcw:
[0.99946451, 0.010313625, -0.031052703, -0.0050827754;
 -0.010099014, 0.99992406, 0.0070601292, -0.018557981;
 0.031123161, -0.006742747, 0.99949282, -0.0024402027;
 0, 0, 0, 1]
Twc:
[0.99946451, -0.010099014, 0.031123161, 0.0049685836;
 0.010313625, 0.99992406, -0.006742747, 0.01859254;
 -0.031052703, 0.0070601292, 0.99949282, 0.0024121527;
 0, 0, 0, 1]
Ow:
[-0.0050827754;
 -0.018557981;
 -0.0024402027]
Keyframe: 6 Frame: 31 Frame from vFrameID : 32
Tcw:
[0.99942833, 0.0099782888, -0.032302111, -0.0053868927;
 -0.0098775737, 0.99994588, 0.0032759793, -0.019053765;
 0.03233305, -0.00295504, 0.9994728, -0.0028656649;
 0, 0, 0, 1]
Twc:
[0.99942833, -0.0098775737, 0.03233305, 0.0052882642;
 0.0099782888, 0.99994588, -0.00295504, 0.019098017;
 -0.032302111, 0.0032759793, 0.9994728, 0.0027525658;
 0, 0, 0, 1]
Ow:
[-0.0053868927;
 -0.019053765;
 -0.0028656649]
Keyframe: 7 Frame: 33 Frame from vFrameID : 34
Tcw:
[0.99950027, 0.0065320125, -0.030927882, -0.0062236376;
 -0.006608889, 0.99997532, -0.0023841055, -0.018467473;
 0.030911544, 0.0025873131, 0.99951875, -0.0043839463;
 0, 0, 0, 1]
Twc:
[0.99950027, -0.006608889, 0.030911544, 0.006233993;
 0.0065320125, 0.99997532, 0.0025873131, 0.018519012;
 -0.030927882, -0.0023841055, 0.99951875, 0.0041453242;
 0, 0, 0, 1]
Ow:
[-0.0062236376;
 -0.018467473;
 -0.0043839463]
Keyframe: 8 Frame: 35 Frame from vFrameID : 36
Tcw:
[0.99953079, 0.0062162387, -0.029993018, -0.0063577713;
 -0.006206187, 0.99998063, 0.00042821374, -0.018289579;
 0.029995099, -0.00024187053, 0.99955004, -0.0045372779;
 0, 0, 0, 1]
Twc:
[0.99953079, -0.006206187, 0.029995099, 0.0063773757;
 0.0062162387, 0.99998063, -0.00024187053, 0.01832765;
 -0.029993018, 0.00042821374, 0.99955004, 0.0043523791;
 0, 0, 0, 1]
Ow:
[-0.0063577713;
 -0.018289579;
 -0.0045372779]
Keyframe: 9 Frame: 37 Frame from vFrameID : 38
Tcw:
[0.99954224, 0.0059046042, -0.029673059, -0.0063577509;
 -0.005685111, 0.99995589, 0.0074759829, -0.01796036;
 0.029715892, -0.0073038661, 0.99953169, -0.0041842656;
 0, 0, 0, 1]
Twc:
[0.99954224, -0.005685111, 0.029715892, 0.0063770725;
 0.0059046042, 0.99995589, -0.0073038661, 0.017966546;
 -0.029673059, 0.0074759829, 0.99953169, 0.0041279234;
 0, 0, 0, 1]
Ow:
[-0.0063577509;
 -0.01796036;
 -0.0041842656]
Keyframe: 10 Frame: 39 Frame from vFrameID : 40
Tcw:
[0.99961996, 0.0059289178, -0.026922613, -0.006644235;
 -0.0055659967, 0.99989289, 0.013535148, -0.01750035;
 0.02699998, -0.013380151, 0.99954587, -0.0043545822;
 0, 0, 0, 1]
Twc:
[0.99961996, -0.0055659967, 0.02699998, 0.0066618761;
 0.0059289178, 0.99989289, -0.013380151, 0.017479604;
 -0.026922613, 0.013535148, 0.99954587, 0.0044105942;
 0, 0, 0, 1]
Ow:
[-0.006644235;
 -0.01750035;
 -0.0043545822]
Keyframe: 11 Frame: 41 Frame from vFrameID : 42
Tcw:
[0.99965227, 0.0065878192, -0.025532883, -0.0070176856;
 -0.0061451909, 0.99983013, 0.017375493, -0.017634008;
 0.025643013, -0.017212547, 0.99952298, -0.0038627509;
 0, 0, 0, 1]
Twc:
[0.99965227, -0.0061451909, 0.025643013, 0.0070059337;
 0.0065878192, 0.99983013, -0.017212547, 0.017610757;
 -0.025532883, 0.017375493, 0.99952298, 0.0039881258;
 0, 0, 0, 1]
Ow:
[-0.0070176856;
 -0.017634008;
 -0.0038627509]
Keyframe: 12 Frame: 43 Frame from vFrameID : 44
Tcw:
[0.9996857, 0.0030988746, -0.024878547, -0.0083265118;
 -0.0025651415, 0.99976647, 0.021456873, -0.017989248;
 0.02493923, -0.02138631, 0.99946016, -0.0023837017;
 0, 0, 0, 1]
Twc:
[0.9996857, -0.0025651415, 0.02493923, 0.0083371969;
 0.0030988746, 0.99976647, -0.02138631, 0.017959872;
 -0.024878547, 0.021456873, 0.99946016, 0.0025612568;
 0, 0, 0, 1]
Ow:
[-0.0083265118;
 -0.017989248;
 -0.0023837017]
Keyframe: 13 Frame: 46 Frame from vFrameID : 47
Tcw:
[0.9996317, -0.0010468996, -0.027117226, -0.010146545;
 0.001554857, 0.99982363, 0.018717602, -0.0178815;
 0.027092848, -0.018752871, 0.999457, -0.0020864189;
 0, 0, 0, 1]
Twc:
[0.9996317, 0.001554857, 0.027092848, 0.010227138;
 -0.0010468996, 0.99982363, -0.018752871, 0.017828597;
 -0.027117226, 0.018717602, 0.999457, 0.0021448387;
 0, 0, 0, 1]
Ow:
[-0.010146545;
 -0.0178815;
 -0.0020864189]
Keyframe: 14 Frame: 49 Frame from vFrameID : 50
Tcw:
[0.99958861, -0.0032062575, -0.028500827, -0.010266172;
 0.0036459798, 0.99987495, 0.015389853, -0.017309844;
 0.028447919, -0.015487435, 0.9994753, -0.0023034571;
 0, 0, 0, 1]
Twc:
[0.99958861, 0.0036459798, 0.028447919, 0.010390589;
 -0.0032062575, 0.99987495, -0.015487435, 0.017239086;
 -0.028500827, 0.015389853, 0.9994753, 0.0022760499;
 0, 0, 0, 1]
Ow:
[-0.010266172;
 -0.017309844;
 -0.0023034571]
Keyframe: 15 Frame: 52 Frame from vFrameID : 53
Tcw:
[0.99979222, -0.0020671, -0.020278344, -0.010921651;
 0.0024303696, 0.99983674, 0.017905911, -0.017147744;
 0.02023802, -0.017951475, 0.99963403, -0.0014220389;
 0, 0, 0, 1]
Twc:
[0.99979222, 0.0024303696, 0.02023802, 0.010989837;
 -0.0020671, 0.99983674, -0.017951475, 0.017096842;
 -0.020278344, 0.017905911, 0.99963403, 0.0015070915;
 0, 0, 0, 1]
Ow:
[-0.010921651;
 -0.017147744;
 -0.0014220389]
Keyframe: 16 Frame: 55 Frame from vFrameID : 56
Tcw:
[0.9999882, -0.0018699361, -0.0044870777, -0.01218635;
 0.001944636, 0.99985862, 0.016701568, -0.016532877;
 0.0044552125, -0.016710097, 0.99985045, -0.0010259154;
 0, 0, 0, 1]
Twc:
[0.9999882, 0.001944636, 0.0044552125, 0.012222927;
 -0.0018699361, 0.99985862, -0.016710097, 0.01649061;
 -0.0044870777, 0.016701568, 0.99985045, 0.0012472058;
 0, 0, 0, 1]
Ow:
[-0.01218635;
 -0.016532877;
 -0.0010259154]
Keyframe: 17 Frame: 58 Frame from vFrameID : 59
Tcw:
[0.99994981, 0.0034590985, 0.0094000557, -0.012719318;
 -0.0036184734, 0.99984908, 0.016990887, -0.015764391;
 -0.0093398634, -0.01702405, 0.99981147, -0.0017093931;
 0, 0, 0, 1]
Twc:
[0.99994981, -0.0036184734, -0.0093398634, 0.012645672;
 0.0034590985, 0.99984908, -0.01702405, 0.015776908;
 0.0094000557, 0.016990887, 0.99981147, 0.0020964842;
 0, 0, 0, 1]
Ow:
[-0.012719318;
 -0.015764391;
 -0.0017093931]
Keyframe: 18 Frame: 61 Frame from vFrameID : 62
Tcw:
[0.99971688, -0.00053006801, 0.023789186, -0.01417145;
 -1.0964697e-05, 0.99974149, 0.022736909, -0.015482242;
 -0.023795089, -0.022730732, 0.99945843, -0.0023081279;
 0, 0, 0, 1]
Twc:
[0.99971688, -1.0964697e-05, -0.023795089, 0.014112345;
 -0.00053006801, 0.99974149, -0.022730732, 0.015418262;
 0.023789186, 0.022736909, 0.99945843, 0.0029960235;
 0, 0, 0, 1]
Ow:
[-0.01417145;
 -0.015482242;
 -0.0023081279]
Keyframe: 19 Frame: 64 Frame from vFrameID : 65
Tcw:
[0.99978942, -0.0030148074, 0.020299686, -0.014249882;
 0.002405514, 0.99954784, 0.029972715, -0.014681691;
 -0.02038087, -0.029917572, 0.99934459, -0.0061431359;
 0, 0, 0, 1]
Twc:
[0.99978942, 0.002405514, -0.02038087, 0.014156994;
 -0.0030148074, 0.99954784, -0.029917572, 0.014448305;
 0.020299686, 0.029972715, 0.99934459, 0.0068684276;
 0, 0, 0, 1]
Ow:
[-0.014249882;
 -0.014681691;
 -0.0061431359]
Keyframe: 20 Frame: 68 Frame from vFrameID : 69
Tcw:
[0.99991542, -0.0019841983, 0.012853611, -0.013211409;
 0.0014320421, 0.99908155, 0.042824928, -0.015427042;
 -0.01292678, -0.042802896, 0.99899989, -0.0060915593;
 0, 0, 0, 1]
Twc:
[0.99991542, 0.0014320421, -0.01292678, 0.01315364;
 -0.0019841983, 0.99908155, -0.042802896, 0.015125923;
 0.012853611, 0.042824928, 0.99899989, 0.0069159432;
 0, 0, 0, 1]
Ow:
[-0.013211409;
 -0.015427042;
 -0.0060915593]
Keyframe: 21 Frame: 72 Frame from vFrameID : 73
Tcw:
[0.999937, 0.0074265948, -0.0084173307, -0.0099830311;
 -0.0073043513, 0.99986875, 0.014461732, -0.017361525;
 0.0085236272, -0.014399338, 0.99985999, -0.0096774185;
 0, 0, 0, 1]
Twc:
[0.999937, -0.0073043513, 0.0085236272, 0.0099380733;
 0.0074265948, 0.99986875, -0.014399338, 0.017294038;
 -0.0084173307, 0.014461732, 0.99985999, 0.009843111;
 0, 0, 0, 1]
Ow:
[-0.0099830311;
 -0.017361525;
 -0.0096774185]
Keyframe: 22 Frame: 76 Frame from vFrameID : 77
Tcw:
[0.99997044, 0.0041334452, -0.0064818067, -0.0072995094;
 -0.0040845922, 0.99996328, 0.0075321756, -0.019096043;
 0.0065127024, -0.0075054774, 0.99995065, -0.016075552;
 0, 0, 0, 1]
Twc:
[0.99997044, -0.0040845922, 0.0065127024, 0.0073259892;
 0.0041334452, 0.99996328, -0.0075054774, 0.019004859;
 -0.0064818067, 0.0075321756, 0.99995065, 0.016171277;
 0, 0, 0, 1]
Ow:
[-0.0072995094;
 -0.019096043;
 -0.016075552]
Keyframe: 23 Frame: 80 Frame from vFrameID : 81
Tcw:
[0.99999332, 0.0031710553, -0.0018065816, -0.0062969658;
 -0.0031428931, 0.99987674, 0.015383901, -0.020048415;
 0.0018551422, -0.015378121, 0.99988002, -0.018495997;
 0, 0, 0, 1]
Twc:
[0.99999332, -0.0031428931, 0.0018551422, 0.0062682265;
 0.0031710553, 0.99987674, -0.015378121, 0.019781478;
 -0.0018065816, 0.015383901, 0.99988002, 0.018790824;
 0, 0, 0, 1]
Ow:
[-0.0062969658;
 -0.020048415;
 -0.018495997]
Keyframe: 24 Frame: 84 Frame from vFrameID : 85
Tcw:
[0.99964601, 0.025290148, 0.008264224, 0.0016063511;
 -0.025230048, 0.99965501, -0.0072974153, -0.02069916;
 -0.008445926, 0.0070863254, 0.9999392, -0.018436503;
 0, 0, 0, 1]
Twc:
[0.99964601, -0.025230048, -0.008445926, -0.0022837366;
 0.025290148, 0.99965501, 0.0070863254, 0.020782042;
 0.008264224, -0.0072974153, 0.9999392, 0.018271057;
 0, 0, 0, 1]
Ow:
[0.0016063511;
 -0.02069916;
 -0.018436503]
Keyframe: 25 Frame: 88 Frame from vFrameID : 89
Tcw:
[0.99906433, 0.022988509, 0.036633465, 1.1217548e-05;
 -0.023242744, 0.99970853, 0.0065292167, -0.019495865;
 -0.036472689, -0.0073745698, 0.99930745, -0.023410233;
 0, 0, 0, 1]
Twc:
[0.99906433, -0.023242744, -0.036472689, -0.0013181786;
 0.022988509, 0.99970853, -0.0073745698, 0.019317284;
 0.036633465, 0.0065292167, 0.99930745, 0.0235209;
 0, 0, 0, 1]
Ow:
[1.1217548e-05;
 -0.019495865;
 -0.023410233]
Keyframe: 26 Frame: 92 Frame from vFrameID : 93
Tcw:
[0.99879873, 0.01161992, 0.047603771, -0.0040310109;
 -0.011926501, 0.99990988, 0.0061612991, -0.02131252;
 -0.047527887, -0.0067216437, 0.99884731, -0.01765478;
 0, 0, 0, 1]
Twc:
[0.99879873, -0.011926501, -0.047527887, 0.0029328901;
 0.01161992, 0.99990988, -0.0067216437, 0.02123877;
 0.047603771, 0.0061612991, 0.99884731, 0.017957633;
 0, 0, 0, 1]
Ow:
[-0.0040310109;
 -0.02131252;
 -0.01765478]
Keyframe: 27 Frame: 96 Frame from vFrameID : 97
Tcw:
[0.99916768, 0.0013008546, 0.040771227, -0.0053441427;
 -0.00060493196, 0.99985403, -0.017076656, -0.020294307;
 -0.040787488, 0.017037779, 0.99902254, -0.017666696;
 0, 0, 0, 1]
Twc:
[0.99916768, -0.00060493196, -0.040787488, 0.0046068379;
 0.0013008546, 0.99985403, 0.017037779, 0.020599296;
 0.040771227, -0.017076656, 0.99902254, 0.017520756;
 0, 0, 0, 1]
Ow:
[-0.0053441427;
 -0.020294307;
 -0.017666696]
Keyframe: 28 Frame: 100 Frame from vFrameID : 101
Tcw:
[0.99858779, -0.017473849, 0.050171051, -0.014762204;
 0.017504802, 0.99984676, -0.00017759288, -0.020609269;
 -0.050160259, 0.0010555764, 0.99874061, -0.012571006;
 0, 0, 0, 1]
Twc:
[0.99858779, 0.017504802, -0.050160259, 0.014471552;
 -0.017473849, 0.99984676, 0.0010555764, 0.020361427;
 0.050171051, -0.00017759288, 0.99874061, 0.01329215;
 0, 0, 0, 1]
Ow:
[-0.014762204;
 -0.020609269;
 -0.012571006]
Keyframe: 29 Frame: 104 Frame from vFrameID : 105
Tcw:
[0.99764758, -0.034520414, 0.059225541, -0.01628801;
 0.033604436, 0.99930078, 0.016393173, -0.017028123;
 -0.059750024, -0.014364368, 0.99811, -0.012127102;
 0, 0, 0, 1]
Twc:
[0.99764758, 0.033604436, -0.059750024, 0.016097318;
 -0.034520414, 0.99930078, -0.014364368, 0.016279748;
 0.059225541, 0.016393173, 0.99811, 0.013347994;
 0, 0, 0, 1]
Ow:
[-0.01628801;
 -0.017028123;
 -0.012127102]
Keyframe: 30 Frame: 108 Frame from vFrameID : 109
Tcw:
[0.99748737, -0.025754211, 0.065997869, -0.012606567;
 0.024462592, 0.99949449, 0.020304723, -0.018411716;
 -0.066487446, -0.018639224, 0.99761313, -0.0079898387;
 0, 0, 0, 1]
Twc:
[0.99748737, 0.024462592, -0.066487446, 0.012494065;
 -0.025754211, 0.99949449, -0.018639224, 0.017928815;
 0.065997869, 0.020304723, 0.99761313, 0.0091766203;
 0, 0, 0, 1]
Ow:
[-0.012606567;
 -0.018411716;
 -0.0079898387]
Keyframe: 31 Frame: 113 Frame from vFrameID : 114
Tcw:
[0.99687254, 0.0023145205, 0.078992508, -0.012840327;
 -0.0031405569, 0.99994165, 0.010334517, -0.016806724;
 -0.07896398, -0.010550276, 0.99682164, 0.00096962141;
 0, 0, 0, 1]
Twc:
[0.99687254, -0.0031405569, -0.07896398, 0.012823951;
 0.0023145205, 0.99994165, -0.010550276, 0.016845692;
 0.078992508, 0.010334517, 0.99682164, 0.00022143942;
 0, 0, 0, 1]
Ow:
[-0.012840327;
 -0.016806724;
 0.00096962141]
Keyframe: 32 Frame: 117 Frame from vFrameID : 118
Tcw:
[0.99611872, -0.045478683, 0.075360559, -0.02254664;
 0.044317372, 0.99887264, 0.017012211, -0.015454388;
 -0.076049291, -0.013606399, 0.99701124, -0.0043913242;
 0, 0, 0, 1]
Twc:
[0.99611872, 0.044317372, -0.076049291, 0.02281007;
 -0.045478683, 0.99887264, -0.013606399, 0.014351824;
 0.075360559, 0.017012211, 0.99701124, 0.0063402401;
 0, 0, 0, 1]
Ow:
[-0.02254664;
 -0.015454388;
 -0.0043913242]
Keyframe: 33 Frame: 122 Frame from vFrameID : 123
Tcw:
[0.99811995, -0.039630238, 0.046755396, -0.017711278;
 0.038033649, 0.99867874, 0.034557164, -0.013215057;
 -0.048063129, -0.032713916, 0.99830842, -0.00053623773;
 0, 0, 0, 1]
Twc:
[0.99811995, 0.038033649, -0.048063129, 0.01815482;
 -0.039630238, 0.99867874, -0.032713916, 0.012478152;
 0.046755396, 0.034557164, 0.99830842, 0.0018201033;
 0, 0, 0, 1]
Ow:
[-0.017711278;
 -0.013215057;
 -0.00053623773]
Keyframe: 34 Frame: 126 Frame from vFrameID : 127
Tcw:
[0.99877864, -0.042916704, 0.024483196, -0.016372938;
 0.042269826, 0.99875861, 0.02635389, -0.01320286;
 -0.025583824, -0.025286801, 0.99935281, 0.0046632681;
 0, 0, 0, 1]
Twc:
[0.99877864, 0.042269826, -0.025583824, 0.017030327;
 -0.042916704, 0.99875861, -0.025286801, 0.012601716;
 0.024483196, 0.02635389, 0.99935281, -0.0039114417;
 0, 0, 0, 1]
Ow:
[-0.016372938;
 -0.01320286;
 0.0046632681]
Keyframe: 35 Frame: 130 Frame from vFrameID : 131
Tcw:
[0.99865103, -0.051616956, -0.0056420555, -0.013479152;
 0.051766671, 0.99818534, 0.030760169, -0.011437737;
 0.0040440708, -0.031010745, 0.99951088, 0.0081557352;
 0, 0, 0, 1]
Twc:
[0.99865103, 0.051766671, 0.0040440708, 0.01402008;
 -0.051616956, 0.99818534, -0.031010745, 0.010974145;
 -0.0056420555, 0.030760169, 0.99951088, -0.0078759687;
 0, 0, 0, 1]
Ow:
[-0.013479152;
 -0.011437737;
 0.0081557352]
Keyframe: 36 Frame: 135 Frame from vFrameID : 136
Tcw:
[0.99722123, -0.053889628, -0.051436372, -0.0069982754;
 0.055422895, 0.99804574, 0.028862346, -0.0089742299;
 0.049780473, -0.031632897, 0.99825913, 0.016598929;
 0, 0, 0, 1]
Twc:
[0.99722123, 0.055422895, 0.049780473, 0.006649904;
 -0.053889628, 0.99804574, -0.031632897, 0.009104629;
 -0.051436372, 0.028862346, 0.99825913, -0.01667098;
 0, 0, 0, 1]
Ow:
[-0.0069982754;
 -0.0089742299;
 0.016598929]
Keyframe: 37 Frame: 141 Frame from vFrameID : 142
Tcw:
[0.99329406, -0.035938833, -0.10988767, 0.0067990432;
 0.040450983, 0.99841577, 0.039111074, -0.0049687531;
 0.10830797, -0.043293864, 0.9931742, 0.037783969;
 0, 0, 0, 1]
Twc:
[0.99329406, 0.040450983, 0.10830797, -0.010644764;
 -0.035938833, 0.99841577, -0.043293864, 0.0068410449;
 -0.10988767, 0.039111074, 0.9931742, -0.036584601;
 0, 0, 0, 1]
Ow:
[0.0067990432;
 -0.0049687531;
 0.037783969]
Keyframe: 38 Frame: 147 Frame from vFrameID : 148
Tcw:
[0.99191904, -0.042877279, -0.11940747, 0.015010981;
 0.047902893, 0.99806911, 0.039539423, 5.9257727e-05;
 0.11748157, -0.044939872, 0.99205768, 0.051664725;
 0, 0, 0, 1]
Twc:
[0.99191904, 0.047902893, 0.11748157, -0.020962169;
 -0.042877279, 0.99806911, -0.044939872, 0.0029062927;
 -0.11940747, 0.039539423, 0.99205768, -0.049464311;
 0, 0, 0, 1]
Ow:
[0.015010981;
 5.9257727e-05;
 0.051664725]
Keyframe: 39 Frame: 152 Frame from vFrameID : 153
Tcw:
[0.99129528, -0.049089149, -0.12216353, 0.017586019;
 0.053023066, 0.99816746, 0.029160308, 0.0035522834;
 0.1205082, -0.035383962, 0.99208152, 0.069501847;
 0, 0, 0, 1]
Twc:
[0.99129528, 0.053023066, 0.1205082, -0.02599683;
 -0.049089149, 0.99816746, -0.035383962, -0.00022324045;
 -0.12216353, 0.029160308, 0.99208152, -0.066906713;
 0, 0, 0, 1]
Ow:
[0.017586019;
 0.0035522834;
 0.069501847]
Keyframe: 40 Frame: 157 Frame from vFrameID : 158
Tcw:
[0.99398166, -0.04544856, -0.099674076, 0.021458421;
 0.048096005, 0.9985466, 0.024319645, 0.0035417201;
 0.098423921, -0.028967205, 0.9947229, 0.075925738;
 0, 0, 0, 1]
Twc:
[0.99398166, 0.048096005, 0.098423921, -0.028972527;
 -0.04544856, 0.9985466, -0.028967205, -0.00036196175;
 -0.099674076, 0.024319645, 0.9947229, -0.073472351;
 0, 0, 0, 1]
Ow:
[0.021458421;
 0.0035417201;
 0.075925738]
Keyframe: 41 Frame: 162 Frame from vFrameID : 163
Tcw:
[0.99443609, -0.034480818, -0.099538475, 0.025143441;
 0.038466301, 0.99852175, 0.038401574, 0.0060940012;
 0.098067209, -0.042016789, 0.99429244, 0.08530283;
 0, 0, 0, 1]
Twc:
[0.99443609, 0.038466301, 0.098067209, -0.03360337;
 -0.034480818, 0.99852175, -0.042016789, -0.0016338758;
 -0.099538475, 0.038401574, 0.99429244, -0.082547233;
 0, 0, 0, 1]
Ow:
[0.025143441;
 0.0060940012;
 0.08530283]
Keyframe: 42 Frame: 167 Frame from vFrameID : 168
Tcw:
[0.99424309, -0.033354845, -0.10182431, 0.027891524;
 0.037304126, 0.99861389, 0.037130207, 0.0090177907;
 0.1004447, -0.04071492, 0.99410921, 0.094505563;
 0, 0, 0, 1]
Twc:
[0.99424309, 0.037304126, 0.1004447, -0.037559941;
 -0.033354845, 0.99861389, -0.04071492, -0.004227188;
 -0.10182431, 0.037130207, 0.99410921, -0.09144365;
 0, 0, 0, 1]
Ow:
[0.027891524;
 0.0090177907;
 0.094505563]
Keyframe: 43 Frame: 172 Frame from vFrameID : 173
Tcw:
[0.99225879, -0.019087426, -0.12271158, 0.032767322;
 0.02450275, 0.99878424, 0.042773869, 0.011396049;
 0.12174595, -0.045449518, 0.99152017, 0.10254176;
 0, 0, 0, 1]
Twc:
[0.99225879, 0.02450275, 0.12174595, -0.045276944;
 -0.019087426, 0.99878424, -0.045449518, -0.0060962769;
 -0.12271158, 0.042773869, 0.99152017, -0.09813875;
 0, 0, 0, 1]
Ow:
[0.032767322;
 0.011396049;
 0.10254176]
Keyframe: 44 Frame: 177 Frame from vFrameID : 178
Tcw:
[0.99354517, -0.0066344053, -0.11324283, 0.037764672;
 0.012185929, 0.99875361, 0.048401613, 0.013704712;
 0.11278057, -0.049469158, 0.99238771, 0.11021309;
 0, 0, 0, 1]
Twc:
[0.99354517, 0.012185929, 0.11278057, -0.050117806;
 -0.0066344053, 0.99875361, -0.049469158, -0.0079849353;
 -0.11324283, 0.048401613, 0.99238771, -0.10576086;
 0, 0, 0, 1]
Ow:
[0.037764672;
 0.013704712;
 0.11021309]
Keyframe: 45 Frame: 182 Frame from vFrameID : 183
Tcw:
[0.99452406, -0.010271969, -0.10400164, 0.039917823;
 0.015420629, 0.9986884, 0.04882317, 0.016071307;
 0.10336372, -0.050159588, 0.99337804, 0.12011726;
 0, 0, 0, 1]
Twc:
[0.99452406, 0.015420629, 0.10336372, -0.052362833;
 -0.010271969, 0.9986884, -0.050159588, -0.0096151596;
 -0.10400164, 0.04882317, 0.99337804, -0.11595499;
 0, 0, 0, 1]
Ow:
[0.039917823;
 0.016071307;
 0.12011726]
Keyframe: 46 Frame: 188 Frame from vFrameID : 189
Tcw:
[0.99759322, 0.0068537639, -0.068998285, 0.042394217;
 -0.0031116465, 0.99852544, 0.054196998, 0.019552447;
 0.069267996, -0.053851862, 0.99614352, 0.13346906;
 0, 0, 0, 1]
Twc:
[0.99759322, -0.0031116465, 0.069267996, -0.051476479;
 0.0068537639, 0.99852544, -0.053851862, -0.012626617;
 -0.068998285, 0.054196998, 0.99614352, -0.1310889;
 0, 0, 0, 1]
Ow:
[0.042394217;
 0.019552447;
 0.13346906]
Keyframe: 47 Frame: 193 Frame from vFrameID : 194
Tcw:
[0.99996537, 0.003994185, -0.0073044556, 0.04598663;
 -0.0035108621, 0.99787748, 0.065024264, 0.021241749;
 0.0075486712, -0.064996369, 0.99785697, 0.14460103;
 0, 0, 0, 1]
Twc:
[0.99996537, -0.0035108621, 0.0075486712, -0.047002003;
 0.003994185, 0.99787748, -0.064996369, -0.011981801;
 -0.0073044556, 0.065024264, 0.99785697, -0.14533646;
 0, 0, 0, 1]
Ow:
[0.04598663;
 0.021241749;
 0.14460103]
Keyframe: 48 Frame: 200 Frame from vFrameID : 201
Tcw:
[0.99979609, 0.020181699, 0.00069822808, 0.048196591;
 -0.020179693, 0.99721044, 0.071861513, 0.02443656;
 0.00075400708, -0.071860947, 0.99741435, 0.15679698;
 0, 0, 0, 1]
Twc:
[0.99979609, -0.020179693, 0.00075400708, -0.047811866;
 0.020181699, 0.99721044, -0.071860947, -0.014073502;
 0.00069822808, 0.071861513, 0.99741435, -0.15818126;
 0, 0, 0, 1]
Ow:
[0.048196591;
 0.02443656;
 0.15679698]
Keyframe: 49 Frame: 206 Frame from vFrameID : 207
Tcw:
[0.99914575, 0.036509939, -0.019359929, 0.05242946;
 -0.03505072, 0.99686038, 0.070998922, 0.028266884;
 0.021891313, -0.07025969, 0.99728853, 0.16924186;
 0, 0, 0, 1]
Twc:
[0.99914575, -0.03505072, 0.021891313, -0.055098824;
 0.036509939, 0.99686038, -0.07025969, -0.018201454;
 -0.019359929, 0.070998922, 0.99728853, -0.16977485;
 0, 0, 0, 1]
Ow:
[0.05242946;
 0.028266884;
 0.16924186]
Keyframe: 50 Frame: 212 Frame from vFrameID : 213
Tcw:
[0.99761021, 0.028962526, -0.062729783, 0.056046918;
 -0.025052259, 0.99774617, 0.062248942, 0.029939041;
 0.064391285, -0.060528658, 0.99608737, 0.1815879;
 0, 0, 0, 1]
Twc:
[0.99761021, -0.025052259, 0.064391285, -0.066855617;
 0.028962526, 0.99774617, -0.060528658, -0.020503554;
 -0.062729783, 0.062248942, 0.99608737, -0.17922528;
 0, 0, 0, 1]
Ow:
[0.056046918;
 0.029939041;
 0.1815879]
Keyframe: 51 Frame: 218 Frame from vFrameID : 219
Tcw:
[0.99894911, -0.012038487, -0.044224244, 0.062012374;
 0.014948864, 0.99770236, 0.066079758, 0.033964496;
 0.04332713, -0.066671416, 0.9968338, 0.19683462;
 0, 0, 0, 1]
Twc:
[0.99894911, 0.014948864, 0.04332713, -0.070983216;
 -0.012038487, 0.99770236, -0.066671416, -0.02001668;
 -0.044224244, 0.066079758, 0.9968338, -0.19571333;
 0, 0, 0, 1]
Ow:
[0.062012374;
 0.033964496;
 0.19683462]
Keyframe: 52 Frame: 224 Frame from vFrameID : 225
Tcw:
[0.99975121, -0.022062136, -0.003281537, 0.066105142;
 0.022238793, 0.99725801, 0.070582695, 0.037041623;
 0.0017153339, -0.070638113, 0.99750054, 0.21261165;
 0, 0, 0, 1]
Twc:
[0.99975121, 0.022238793, 0.0017153339, -0.067277163;
 -0.022062136, 0.99725801, -0.070638113, -0.02046315;
 -0.003281537, 0.070582695, 0.99750054, -0.21447781;
 0, 0, 0, 1]
Ow:
[0.066105142;
 0.037041623;
 0.21261165]
Keyframe: 53 Frame: 230 Frame from vFrameID : 231
Tcw:
[0.99946439, -0.031101111, 0.0101814, 0.070340194;
 0.03016831, 0.99620694, 0.081618719, 0.039852209;
 -0.012681214, -0.081267849, 0.9966116, 0.22907954;
 0, 0, 0, 1]
Twc:
[0.99946439, 0.03016831, -0.012681214, -0.068599783;
 -0.031101111, 0.99620694, -0.081267849, -0.018896591;
 0.0101814, 0.081618719, 0.9966116, -0.23227219;
 0, 0, 0, 1]
Ow:
[0.070340194;
 0.039852209;
 0.22907954]
Keyframe: 54 Frame: 236 Frame from vFrameID : 237
Tcw:
[0.99960744, -0.021912307, -0.017458349, 0.072390161;
 0.022772929, 0.99845296, 0.050725292, 0.043538097;
 0.016319832, -0.051102959, 0.99856001, 0.24070121;
 0, 0, 0, 1]
Twc:
[0.99960744, 0.022772929, 0.016319832, -0.077281438;
 -0.021912307, 0.99845296, -0.051102959, -0.029583963;
 -0.017458349, 0.050725292, 0.99856001, -0.24129929;
 0, 0, 0, 1]
Ow:
[0.072390161;
 0.043538097;
 0.24070121]
Keyframe: 55 Frame: 242 Frame from vFrameID : 243
Tcw:
[0.99812716, -0.019423947, -0.058007844, 0.080355071;
 0.020877549, 0.99948037, 0.024558658, 0.040803105;
 0.057500675, -0.025723724, 0.99801403, 0.25098658;
 0, 0, 0, 1]
Twc:
[0.99812716, 0.020877549, 0.057500675, -0.09548834;
 -0.019423947, 0.99948037, -0.025723724, -0.032764778;
 -0.058007844, 0.024558658, 0.99801403, -0.24682894;
 0, 0, 0, 1]
Ow:
[0.080355071;
 0.040803105;
 0.25098658]
Keyframe: 56 Frame: 248 Frame from vFrameID : 249
Tcw:
[0.99832153, 0.00071808207, -0.057910684, 0.082182162;
 0.0014705138, 0.99928647, 0.03774114, 0.044194944;
 0.057896465, -0.037762951, 0.99760813, 0.26382488;
 0, 0, 0, 1]
Twc:
[0.99832153, 0.0014705138, 0.057896465, -0.097383738;
 0.00071808207, 0.99928647, -0.037762951, -0.034259617;
 -0.057910684, 0.03774114, 0.99760813, -0.26010257;
 0, 0, 0, 1]
Ow:
[0.082182162;
 0.044194944;
 0.26382488]
Keyframe: 57 Frame: 254 Frame from vFrameID : 255
Tcw:
[0.99775201, 0.0025695425, -0.066965126, 0.085358381;
 -0.00066136196, 0.9995935, 0.028501742, 0.040482901;
 0.067011148, -0.02839338, 0.99734813, 0.27315375;
 0, 0, 0, 1]
Twc:
[0.99775201, -0.00066136196, 0.067011148, -0.10344406;
 0.0025695425, 0.9995935, -0.02839338, -0.03293002;
 -0.066965126, 0.028501742, 0.99734813, -0.26786718;
 0, 0, 0, 1]
Ow:
[0.085358381;
 0.040482901;
 0.27315375]
Keyframe: 58 Frame: 258 Frame from vFrameID : 259
Tcw:
[0.99832594, -0.0028017354, -0.057770483, 0.088548064;
 0.0031058646, 0.99998176, 0.0051753246, 0.041432358;
 0.057754934, -0.0053460882, 0.99831647, 0.2841889;
 0, 0, 0, 1]
Twc:
[0.99832594, 0.0031058646, 0.057754934, -0.10494182;
 -0.0028017354, 0.99998176, -0.0053460882, -0.039664216;
 -0.057770483, 0.0051753246, 0.99831647, -0.27880943;
 0, 0, 0, 1]
Ow:
[0.088548064;
 0.041432358;
 0.2841889]
