Keyframe: 0 Frame: 0 Frame from vFrameID : 61
Tcw:
[1, 0, 0, 0;
 0, 1, 0, 0;
 0, 0, 1, 0;
 0, 0, 0, 1]
Twc:
[1, 0, 0, 0;
 0, 1, 0, 0;
 0, 0, 1, 0;
 0, 0, 0, 1]
Ow:
[0;
 0;
 0]
Keyframe: 1 Frame: 60 Frame from vFrameID : 61
Tcw:
[0.99993962, -0.007962523, -0.0075706267, 0.036998034;
 0.008070033, 0.99986547, 0.014278015, -0.0065413085;
 0.0074559194, -0.014338248, 0.99986941, 0.072166316;
 0, 0, 0, 1]
Twc:
[0.99993962, 0.008070033, 0.0074559194, -0.037481077;
 -0.007962523, 0.99986547, -0.014338248, 0.0078697652;
 -0.0075706267, 0.014278015, 0.99986941, -0.071783394;
 0, 0, 0, 1]
Ow:
[0.036998034;
 -0.0065413085;
 0.072166316]
Keyframe: 2 Frame: 63 Frame from vFrameID : 64
Tcw:
[0.99976289, -0.0081792539, -0.020180132, 0.044713266;
 0.0084295124, 0.99988824, 0.012347499, -0.0091003254;
 0.020076884, -0.012514681, 0.9997201, 0.08978112;
 0, 0, 0, 1]
Twc:
[0.99976289, 0.0084295124, 0.020076884, -0.046428479;
 -0.0081792539, 0.99988824, -0.012514681, 0.010588612;
 -0.020180132, 0.012347499, 0.9997201, -0.08874131;
 0, 0, 0, 1]
Ow:
[0.044713266;
 -0.0091003254;
 0.08978112]
Keyframe: 3 Frame: 65 Frame from vFrameID : 66
Tcw:
[0.99963659, -0.009936085, -0.025058219, 0.048889056;
 0.01019736, 0.99989474, 0.010320574, -0.0071045514;
 0.024953036, -0.010572352, 0.99963272, 0.099346697;
 0, 0, 0, 1]
Twc:
[0.99963659, 0.01019736, 0.024953036, -0.051277846;
 -0.009936085, 0.99989474, -0.010572352, 0.0086398982;
 -0.025058219, 0.010320574, 0.99963272, -0.098011814;
 0, 0, 0, 1]
Ow:
[0.048889056;
 -0.0071045514;
 0.099346697]
Keyframe: 4 Frame: 67 Frame from vFrameID : 68
Tcw:
[0.99961215, -0.010145405, -0.02593421, 0.051747613;
 0.010666856, 0.99974209, 0.020048022, -0.0062541603;
 0.025724128, -0.020316884, 0.9994626, 0.11133886;
 0, 0, 0, 1]
Twc:
[0.99961215, 0.010666856, 0.025724128, -0.054524928;
 -0.010145405, 0.99974209, -0.020316884, 0.0090396069;
 -0.02593421, 0.020048022, 0.9994626, -0.1098116;
 0, 0, 0, 1]
Ow:
[0.051747613;
 -0.0062541603;
 0.11133886]
Keyframe: 5 Frame: 70 Frame from vFrameID : 71
Tcw:
[0.99977314, -0.0085108392, -0.019525344, 0.057944842;
 0.0089137862, 0.99974716, 0.020643769, -0.0099236527;
 0.01934471, -0.02081313, 0.99959624, 0.13695538;
 0, 0, 0, 1]
Twc:
[0.99977314, 0.0089137862, 0.01934471, -0.060492601;
 -0.0085108392, 0.99974716, -0.02081313, 0.013264772;
 -0.019525344, 0.020643769, 0.99959624, -0.13556382;
 0, 0, 0, 1]
Ow:
[0.057944842;
 -0.0099236527;
 0.13695538]
Keyframe: 6 Frame: 73 Frame from vFrameID : 74
Tcw:
[0.99985325, -0.010562158, -0.013488114, 0.059290633;
 0.01060482, 0.99993896, 0.0030953875, -0.0064950022;
 0.013454597, -0.0032379723, 0.99990422, 0.15531458;
 0, 0, 0, 1]
Twc:
[0.99985325, 0.01060482, 0.013454597, -0.061302748;
 -0.010562158, 0.99993896, -0.0032379723, 0.007623747;
 -0.013488114, 0.0030953875, 0.99990422, -0.15447989;
 0, 0, 0, 1]
Ow:
[0.059290633;
 -0.0064950022;
 0.15531458]
Keyframe: 7 Frame: 76 Frame from vFrameID : 77
Tcw:
[0.99983358, -0.017963372, -0.0031727732, 0.06250155;
 0.017992141, 0.99979502, 0.0092846081, -0.010540211;
 0.00300534, -0.0093401484, 0.99995184, 0.18558194;
 0, 0, 0, 1]
Twc:
[0.99983358, 0.017992141, 0.00300534, -0.062859252;
 -0.017963372, 0.99979502, -0.0093401484, 0.013394152;
 -0.0031727732, 0.0092846081, 0.99995184, -0.18527685;
 0, 0, 0, 1]
Ow:
[0.06250155;
 -0.010540211;
 0.18558194]
Keyframe: 8 Frame: 79 Frame from vFrameID : 80
Tcw:
[0.99942422, -0.03387329, 0.0019667291, 0.065748386;
 0.033875275, 0.99942559, -0.00098471402, -0.013530666;
 -0.0019322437, 0.0010507705, 0.99999756, 0.2059934;
 0, 0, 0, 1]
Twc:
[0.99942422, 0.033875275, -0.0019322437, -0.064854138;
 -0.03387329, 0.99942559, 0.0010507705, 0.015533556;
 0.0019667291, -0.00098471402, 0.99999756, -0.20613554;
 0, 0, 0, 1]
Ow:
[0.065748386;
 -0.013530666;
 0.2059934]
Keyframe: 9 Frame: 82 Frame from vFrameID : 83
Tcw:
[0.999268, -0.034974474, 0.015501203, 0.07405784;
 0.034991372, 0.99938726, -0.00082006276, -0.012327985;
 -0.015463023, 0.0013618708, 0.99987954, 0.22663651;
 0, 0, 0, 1]
Twc:
[0.999268, 0.034991372, -0.015463023, -0.070067771;
 -0.034974474, 0.99938726, 0.0013618708, 0.014601916;
 0.015501203, -0.00082006276, 0.99987954, -0.22776729;
 0, 0, 0, 1]
Ow:
[0.07405784;
 -0.012327985;
 0.22663651]
Keyframe: 10 Frame: 85 Frame from vFrameID : 86
Tcw:
[0.99918336, -0.035603955, 0.019104091, 0.084386528;
 0.035491623, 0.99935085, 0.0061873551, -0.012240692;
 -0.019311985, -0.0055042668, 0.99979836, 0.25076023;
 0, 0, 0, 1]
Twc:
[0.99918336, 0.035491623, -0.019311985, -0.07904049;
 -0.035603955, 0.99935085, -0.0055042668, 0.01661749;
 0.019104091, 0.0061873551, 0.99979836, -0.25224605;
 0, 0, 0, 1]
Ow:
[0.084386528;
 -0.012240692;
 0.25076023]
Keyframe: 11 Frame: 88 Frame from vFrameID : 89
Tcw:
[0.99946553, -0.02986302, 0.013299324, 0.095229268;
 0.029796671, 0.99954265, 0.005159515, -0.012278922;
 -0.01344732, -0.0047604819, 0.99989825, 0.27618662;
 0, 0, 0, 1]
Twc:
[0.99946553, 0.029796671, -0.01344732, -0.091098525;
 -0.02986302, 0.99954265, -0.0047604819, 0.016431922;
 0.013299324, 0.005159515, 0.99989825, -0.27736163;
 0, 0, 0, 1]
Ow:
[0.095229268;
 -0.012278922;
 0.27618662]
Keyframe: 12 Frame: 92 Frame from vFrameID : 93
Tcw:
[0.99979234, -0.020146994, 0.0030592512, 0.11460201;
 0.020137884, 0.99979275, 0.0029801498, -0.014915818;
 -0.0031186582, -0.0029179242, 0.99999088, 0.30402809;
 0, 0, 0, 1]
Twc:
[0.99979234, 0.020137884, -0.0031186582, -0.11332968;
 -0.020146994, 0.99979275, -0.0029179242, 0.018108744;
 0.0030592512, 0.0029801498, 0.99999088, -0.30433145;
 0, 0, 0, 1]
Ow:
[0.11460201;
 -0.014915818;
 0.30402809]
Keyframe: 13 Frame: 96 Frame from vFrameID : 97
Tcw:
[0.99985534, -0.016383681, -0.0045742542, 0.13144179;
 0.016330767, 0.99980193, -0.011374909, -0.023668658;
 0.0047597112, 0.011298562, 0.99992484, 0.33942291;
 0, 0, 0, 1]
Twc:
[0.99985534, 0.016330767, 0.0047597112, -0.13265179;
 -0.016383681, 0.99980193, 0.011298562, 0.02198248;
 -0.0045742542, -0.011374909, 0.99992484, -0.33906537;
 0, 0, 0, 1]
Ow:
[0.13144179;
 -0.023668658;
 0.33942291]
Keyframe: 14 Frame: 100 Frame from vFrameID : 101
Tcw:
[0.99971175, -0.018263502, 0.015584718, 0.14238751;
 0.018701011, 0.99942154, -0.028404988, -0.025293373;
 -0.015056929, 0.02868825, 0.999475, 0.37631783;
 0, 0, 0, 1]
Twc:
[0.99971175, 0.018701011, -0.015056929, -0.13620727;
 -0.018263502, 0.99942154, 0.02868825, 0.017083336;
 0.015584718, -0.028404988, 0.999475, -0.37905777;
 0, 0, 0, 1]
Ow:
[0.14238751;
 -0.025293373;
 0.37631783]
Keyframe: 15 Frame: 105 Frame from vFrameID : 106
Tcw:
[0.99840927, -0.037895788, 0.041747142, 0.1499664;
 0.039146919, 0.99879581, -0.029570717, -0.027330341;
 -0.040576264, 0.031157952, 0.99869055, 0.41529801;
 0, 0, 0, 1]
Twc:
[0.99840927, 0.039146919, -0.040576264, -0.13180672;
 -0.037895788, 0.99879581, 0.031157952, 0.020040691;
 0.041747142, -0.029570717, 0.99869055, -0.42182302;
 0, 0, 0, 1]
Ow:
[0.1499664;
 -0.027330341;
 0.41529801]
Keyframe: 16 Frame: 110 Frame from vFrameID : 111
Tcw:
[0.99766719, -0.056786884, 0.037886906, 0.15593886;
 0.057354122, 0.99825495, -0.014055981, -0.023342568;
 -0.037022598, 0.016196162, 0.99918318, 0.44602978;
 0, 0, 0, 1]
Twc:
[0.99766719, 0.057354122, -0.037022598, -0.13772312;
 -0.056786884, 0.99825495, 0.016196162, 0.024933146;
 0.037886906, -0.014055981, 0.99918318, -0.45190161;
 0, 0, 0, 1]
Ow:
[0.15593886;
 -0.023342568;
 0.44602978]
Keyframe: 17 Frame: 115 Frame from vFrameID : 116
Tcw:
[0.99805099, -0.052562147, 0.033636402, 0.16965033;
 0.052787565, 0.99858862, -0.0058483933, -0.020811234;
 -0.033281524, 0.0076125786, 0.99941701, 0.4855839;
 0, 0, 0, 1]
Twc:
[0.99805099, 0.052787565, -0.033281524, -0.15206014;
 -0.052562147, 0.99858862, 0.0076125786, 0.026002504;
 0.033636402, -0.0058483933, 0.99941701, -0.49112895;
 0, 0, 0, 1]
Ow:
[0.16965033;
 -0.020811234;
 0.4855839]
Keyframe: 18 Frame: 120 Frame from vFrameID : 121
Tcw:
[0.99905515, -0.03939832, 0.018346004, 0.19374663;
 0.039574549, 0.99917293, -0.0093437852, -0.01867049;
 -0.017962702, 0.010060991, 0.99978805, 0.5392431;
 0, 0, 0, 1]
Twc:
[0.99905515, 0.039574549, -0.017962702, -0.18313843;
 -0.03939832, 0.99917293, 0.010060991, 0.020863021;
 0.018346004, -0.0093437852, 0.99978805, -0.54285771;
 0, 0, 0, 1]
Ow:
[0.19374663;
 -0.01867049;
 0.5392431]
Keyframe: 19 Frame: 126 Frame from vFrameID : 127
Tcw:
[0.99693501, -0.065620989, -0.042596173, 0.21528254;
 0.063495174, 0.996755, -0.049476068, -0.029448818;
 0.045704614, 0.046619773, 0.99786657, 0.58712953;
 0, 0, 0, 1]
Twc:
[0.99693501, 0.063495174, 0.045704614, -0.23958738;
 -0.065620989, 0.996755, 0.046619773, 0.016108463;
 -0.042596173, -0.049476068, 0.99786657, -0.57816374;
 0, 0, 0, 1]
Ow:
[0.21528254;
 -0.029448818;
 0.58712953]
Keyframe: 20 Frame: 133 Frame from vFrameID : 134
Tcw:
[0.9974317, -0.062638424, -0.034733616, 0.24713978;
 0.062582403, 0.99803615, -0.0026987861, -0.020194525;
 0.034834452, 0.00051814161, 0.99939299, 0.64832854;
 0, 0, 0, 1]
Twc:
[0.9974317, 0.062582403, 0.034834452, -0.26782542;
 -0.062638424, 0.99803615, 0.00051814161, 0.035299391;
 -0.034733616, -0.0026987861, 0.99939299, -0.63940543;
 0, 0, 0, 1]
Ow:
[0.24713978;
 -0.020194525;
 0.64832854]
Keyframe: 21 Frame: 140 Frame from vFrameID : 141
Tcw:
[0.99815142, -0.053093009, -0.029578889, 0.28211242;
 0.052636806, 0.99848562, -0.01599464, -0.028743919;
 0.030383298, 0.014408135, 0.99943447, 0.71652991;
 0, 0, 0, 1]
Twc:
[0.99815142, 0.052636806, 0.030383298, -0.30184844;
 -0.053093009, 0.99848562, 0.014408135, 0.033354726;
 -0.029578889, -0.01599464, 0.99943447, -0.70823985;
 0, 0, 0, 1]
Ow:
[0.28211242;
 -0.028743919;
 0.71652991]
Keyframe: 22 Frame: 147 Frame from vFrameID : 148
Tcw:
[0.99460304, -0.10250962, -0.016017612, 0.29282418;
 0.10237118, 0.99470335, -0.0092381649, -0.036199912;
 0.016879773, 0.0075485655, 0.99982905, 0.7695365;
 0, 0, 0, 1]
Twc:
[0.99460304, 0.10237118, 0.016879773, -0.3005276;
 -0.10250962, 0.99470335, 0.0075485655, 0.060216572;
 -0.016017612, -0.0092381649, 0.99982905, -0.76504898;
 0, 0, 0, 1]
Ow:
[0.29282418;
 -0.036199912;
 0.7695365]
Keyframe: 23 Frame: 154 Frame from vFrameID : 155
Tcw:
[0.99775189, -0.06116591, -0.027385283, 0.33380198;
 0.060663678, 0.99798101, -0.01881006, -0.040712025;
 0.028480526, 0.017106481, 0.99944794, 0.8374306;
 0, 0, 0, 1]
Twc:
[0.99775189, 0.060663678, 0.028480526, -0.35443226;
 -0.06116591, 0.99798101, 0.017106481, 0.046721641;
 -0.027385283, -0.01881006, 0.99944794, -0.82859284;
 0, 0, 0, 1]
Ow:
[0.33380198;
 -0.040712025;
 0.8374306]
Keyframe: 24 Frame: 161 Frame from vFrameID : 162
Tcw:
[0.99735564, -0.063372217, -0.035576325, 0.35308257;
 0.062903002, 0.9979192, -0.014158096, -0.045625769;
 0.036399528, 0.0118828, 0.99926668, 0.88348806;
 0, 0, 0, 1]
Twc:
[0.99735564, 0.062903002, 0.036399528, -0.38143745;
 -0.063372217, 0.9979192, 0.0118828, 0.057408147;
 -0.035576325, -0.014158096, 0.99926668, -0.87092477;
 0, 0, 0, 1]
Ow:
[0.35308257;
 -0.045625769;
 0.88348806]
Keyframe: 25 Frame: 168 Frame from vFrameID : 169
Tcw:
[0.99806803, -0.061972316, 0.0044249771, 0.36954248;
 0.061985068, 0.99807316, -0.0028053825, -0.046672609;
 -0.0042425948, 0.0030742451, 0.99998629, 0.94780588;
 0, 0, 0, 1]
Twc:
[0.99806803, 0.061985068, -0.0042425948, -0.3619144;
 -0.061972316, 0.99807316, 0.0030742451, 0.066570289;
 0.0044249771, -0.0028053825, 0.99998629, -0.94955897;
 0, 0, 0, 1]
Ow:
[0.36954248;
 -0.046672609;
 0.94780588]
Keyframe: 26 Frame: 173 Frame from vFrameID : 174
Tcw:
[0.99734783, -0.063187793, 0.036119293, 0.38422427;
 0.06423974, 0.99752039, -0.028745089, -0.058261022;
 -0.034213394, 0.030989146, 0.99893397, 0.99134201;
 0, 0, 0, 1]
Twc:
[0.99734783, 0.06423974, -0.034213394, -0.34554538;
 -0.063187793, 0.99752039, 0.030989146, 0.051674001;
 0.036119293, -0.028745089, 0.99893397, -1.0058379;
 0, 0, 0, 1]
Ow:
[0.38422427;
 -0.058261022;
 0.99134201]
Keyframe: 27 Frame: 178 Frame from vFrameID : 179
Tcw:
[0.99606752, -0.083962567, 0.028279545, 0.39576176;
 0.084905416, 0.99580961, -0.033975191, -0.062096741;
 -0.025308399, 0.036242671, 0.99902248, 1.0262266;
 0, 0, 0, 1]
Twc:
[0.99606752, 0.084905416, -0.025308399, -0.36296093;
 -0.083962567, 0.99580961, 0.036242671, 0.057872504;
 0.028279545, -0.033975191, 0.99902248, -1.0385252;
 0, 0, 0, 1]
Ow:
[0.39576176;
 -0.062096741;
 1.0262266]
Keyframe: 28 Frame: 183 Frame from vFrameID : 184
Tcw:
[0.99755609, -0.069235846, 0.0093964571, 0.41886526;
 0.069592565, 0.99654579, -0.045313489, -0.060013775;
 -0.0062266821, 0.04585667, 0.99892861, 1.0766364;
 0, 0, 0, 1]
Twc:
[0.99755609, 0.069592565, -0.0062266821, -0.40696117;
 -0.069235846, 0.99654579, 0.04585667, 0.039436005;
 0.0093964571, -0.045313489, 0.99892861, -1.0821383;
 0, 0, 0, 1]
Ow:
[0.41886526;
 -0.060013775;
 1.0766364]
Keyframe: 29 Frame: 188 Frame from vFrameID : 189
Tcw:
[0.99810559, -0.054252841, -0.029014394, 0.43762043;
 0.052770607, 0.9973731, -0.049619753, -0.064313188;
 0.031630188, 0.047994647, 0.99834663, 1.1156441;
 0, 0, 0, 1]
Twc:
[0.99810559, 0.052770607, 0.031630188, -0.4686856;
 -0.054252841, 0.9973731, 0.047994647, 0.034341455;
 -0.029014394, -0.049619753, 0.99834663, -1.1042935;
 0, 0, 0, 1]
Ow:
[0.43762043;
 -0.064313188;
 1.1156441]
Keyframe: 30 Frame: 194 Frame from vFrameID : 195
Tcw:
[0.99770641, -0.053301252, -0.041724306, 0.46021789;
 0.052693207, 0.9984898, -0.015540291, -0.068585113;
 0.042489611, 0.01330606, 0.9990083, 1.1554321;
 0, 0, 0, 1]
Twc:
[0.99770641, 0.052693207, 0.042489611, -0.50464225;
 -0.053301252, 0.9984898, 0.01330606, 0.077637486;
 -0.041724306, -0.015540291, 0.9990083, -1.1361499;
 0, 0, 0, 1]
Ow:
[0.46021789;
 -0.068585113;
 1.1554321]
Keyframe: 31 Frame: 199 Frame from vFrameID : 200
Tcw:
[0.99770409, -0.062691733, -0.025619382, 0.4783031;
 0.062135436, 0.99782604, -0.021962546, -0.068322614;
 0.026940558, 0.02032025, 0.99943048, 1.20355;
 0, 0, 0, 1]
Twc:
[0.99770409, 0.062135436, 0.026940558, -0.50538397;
 -0.062691733, 0.99782604, 0.02032025, 0.073703296;
 -0.025619382, -0.021962546, 0.99943048, -1.1921113;
 0, 0, 0, 1]
Ow:
[0.4783031;
 -0.068322614;
 1.20355]
Keyframe: 32 Frame: 206 Frame from vFrameID : 207
Tcw:
[0.99741143, -0.068458878, -0.021995749, 0.49768788;
 0.067550912, 0.99692708, -0.039664604, -0.071472026;
 0.024643552, 0.038076095, 0.99897093, 1.2746382;
 0, 0, 0, 1]
Twc:
[0.99741143, 0.067550912, 0.024643552, -0.52298325;
 -0.068458878, 0.99692708, 0.038076095, 0.056790311;
 -0.021995749, -0.039664604, 0.99897093, -1.2652143;
 0, 0, 0, 1]
Ow:
[0.49768788;
 -0.071472026;
 1.2746382]
Keyframe: 33 Frame: 211 Frame from vFrameID : 212
Tcw:
[0.99581909, -0.091325432, -0.0019909265, 0.51215601;
 0.091259912, 0.99558413, -0.021996131, -0.069783516;
 0.0039909412, 0.021722475, 0.9997561, 1.3177644;
 0, 0, 0, 1]
Twc:
[0.99581909, 0.091259912, 0.0039909412, -0.50890547;
 -0.091325432, 0.99558413, 0.021722475, 0.087623134;
 -0.0019909265, -0.021996131, 0.9997561, -1.3179582;
 0, 0, 0, 1]
Ow:
[0.51215601;
 -0.069783516;
 1.3177644]
Keyframe: 34 Frame: 217 Frame from vFrameID : 218
Tcw:
[0.99636364, -0.082852371, -0.019873319, 0.54579771;
 0.081599876, 0.9950223, -0.057202537, -0.078981847;
 0.024513761, 0.055372868, 0.99816477, 1.3791242;
 0, 0, 0, 1]
Twc:
[0.99636364, 0.081599876, 0.024513761, -0.57117558;
 -0.082852371, 0.9950223, 0.055372868, 0.047443263;
 -0.019873319, -0.057202537, 0.99816477, -1.3702643;
 0, 0, 0, 1]
Ow:
[0.54579771;
 -0.078981847;
 1.3791242]
Keyframe: 35 Frame: 222 Frame from vFrameID : 223
Tcw:
[0.99721044, -0.069423378, -0.027417053, 0.57093;
 0.068110116, 0.99660593, -0.046235085, -0.085495532;
 0.030533792, 0.044238731, 0.99855429, 1.4123416;
 0, 0, 0, 1]
Twc:
[0.99721044, 0.068110116, 0.030533792, -0.60663837;
 -0.069423378, 0.99660593, 0.044238731, 0.062361028;
 -0.027417053, -0.046235085, 0.99855429, -1.3985994;
 0, 0, 0, 1]
Ow:
[0.57093;
 -0.085495532;
 1.4123416]
Keyframe: 36 Frame: 227 Frame from vFrameID : 228
Tcw:
[0.99696213, -0.069448933, -0.035260711, 0.58471543;
 0.068795629, 0.99744183, -0.019416301, -0.091419064;
 0.03651895, 0.016931534, 0.9991895, 1.455448;
 0, 0, 0, 1]
Twc:
[0.99696213, 0.068795629, 0.03651895, -0.62980133;
 -0.069448933, 0.99744183, 0.016931534, 0.10715009;
 -0.035260711, -0.019416301, 0.9991895, -1.4354259;
 0, 0, 0, 1]
Ow:
[0.58471543;
 -0.091419064;
 1.455448]
Keyframe: 37 Frame: 231 Frame from vFrameID : 232
Tcw:
[0.99696201, -0.074890986, -0.021404304, 0.59043121;
 0.074254818, 0.99681419, -0.029114129, -0.093086898;
 0.0235165, 0.027436307, 0.99934691, 1.4900944;
 0, 0, 0, 1]
Twc:
[0.99696201, 0.074254818, 0.0235165, -0.61676711;
 -0.074890986, 0.99681419, 0.027436307, 0.09612564;
 -0.021404304, -0.029114129, 0.99934691, -1.4791936;
 0, 0, 0, 1]
Ow:
[0.59043121;
 -0.093086898;
 1.4900944]
Keyframe: 38 Frame: 236 Frame from vFrameID : 237
Tcw:
[0.99503613, -0.099478185, -0.0026933535, 0.59574562;
 0.099258922, 0.99405468, -0.044754729, -0.10015702;
 0.0071294596, 0.044265229, 0.99899435, 1.5370913;
 0, 0, 0, 1]
Twc:
[0.99503613, 0.099258922, 0.0071294596, -0.59380555;
 -0.099478185, 0.99405468, 0.044265229, 0.090785541;
 -0.0026933535, -0.044754729, 0.99899435, -1.5384235;
 0, 0, 0, 1]
Ow:
[0.59574562;
 -0.10015702;
 1.5370913]
Keyframe: 39 Frame: 240 Frame from vFrameID : 241
Tcw:
[0.99379295, -0.11107876, 0.0060928506, 0.59954077;
 0.11120356, 0.99343306, -0.026916487, -0.10004882;
 -0.0030629893, 0.02742696, 0.99961913, 1.5657495;
 0, 0, 0, 1]
Twc:
[0.99379295, 0.11120356, -0.0030629893, -0.57989776;
 -0.11107876, 0.99343306, 0.02742696, 0.1230443;
 0.0060928506, -0.026916487, 0.99961913, -1.571499;
 0, 0, 0, 1]
Ow:
[0.59954077;
 -0.10004882;
 1.5657495]
Keyframe: 40 Frame: 244 Frame from vFrameID : 245
Tcw:
[0.99434215, -0.10524325, -0.01440488, 0.61202461;
 0.10514011, 0.99442726, -0.0077413288, -0.099920407;
 0.015139328, 0.0061829989, 0.99986625, 1.6040758;
 0, 0, 0, 1]
Twc:
[0.99434215, 0.10514011, 0.015139328, -0.62234086;
 -0.10524325, 0.99442726, 0.0061829989, 0.15385704;
 -0.01440488, -0.0077413288, 0.99986625, -1.5958188;
 0, 0, 0, 1]
Ow:
[0.61202461;
 -0.099920407;
 1.6040758]
Keyframe: 41 Frame: 249 Frame from vFrameID : 250
Tcw:
[0.99483705, -0.087572262, -0.051286407, 0.63602144;
 0.087451093, 0.99615818, -0.0046061459, -0.096276358;
 0.051492743, 9.731247e-05, 0.99867338, 1.6421412;
 0, 0, 0, 1]
Twc:
[0.99483705, 0.087451093, 0.051492743, -0.70887661;
 -0.087572262, 0.99615818, 9.731247e-05, 0.15144451;
 -0.051286407, -0.0046061459, 0.99867338, -1.6077869;
 0, 0, 0, 1]
Ow:
[0.63602144;
 -0.096276358;
 1.6421412]
Keyframe: 42 Frame: 254 Frame from vFrameID : 255
Tcw:
[0.9951669, -0.077430688, -0.060392778, 0.66632104;
 0.076099291, 0.99681026, -0.024046049, -0.10498686;
 0.062062044, 0.019333985, 0.99788499, 1.6820183;
 0, 0, 0, 1]
Twc:
[0.9951669, 0.076099291, 0.062062044, -0.7595008;
 -0.077430688, 0.99681026, 0.019333985, 0.12372556;
 -0.060392778, -0.024046049, 0.99788499, -1.6407444;
 0, 0, 0, 1]
Ow:
[0.66632104;
 -0.10498686;
 1.6820183]
Keyframe: 43 Frame: 259 Frame from vFrameID : 260
Tcw:
[0.99660021, -0.06722571, -0.047631435, 0.68165356;
 0.066123664, 0.99751431, -0.024348503, -0.10881637;
 0.049149882, 0.021116158, 0.99856818, 1.7231219;
 0, 0, 0, 1]
Twc:
[0.99660021, 0.066123664, 0.049149882, -0.756832;
 -0.06722571, 0.99751431, 0.021116158, 0.11798483;
 -0.047631435, -0.024348503, 0.99856818, -1.6908361;
 0, 0, 0, 1]
Ow:
[0.68165356;
 -0.10881637;
 1.7231219]
Keyframe: 44 Frame: 264 Frame from vFrameID : 265
Tcw:
[0.99668908, -0.075231045, -0.030840119, 0.68840808;
 0.074077778, 0.99656683, -0.036973014, -0.10793626;
 0.033515759, 0.034566034, 0.99884027, 1.7673314;
 0, 0, 0, 1]
Twc:
[0.99668908, 0.074077778, 0.033515759, -0.73736662;
 -0.075231045, 0.99656683, 0.034566034, 0.09826573;
 -0.030840119, -0.036973014, 0.99884027, -1.7480419;
 0, 0, 0, 1]
Ow:
[0.68840808;
 -0.10793626;
 1.7673314]
Keyframe: 45 Frame: 269 Frame from vFrameID : 270
Tcw:
[0.99548453, -0.093509056, -0.016328018, 0.70262611;
 0.093006529, 0.99523669, -0.029218858, -0.10758111;
 0.01898247, 0.027568309, 0.99943966, 1.8158147;
 0, 0, 0, 1]
Twc:
[0.99548453, 0.093006529, 0.01898247, -0.72391629;
 -0.093509056, 0.99523669, 0.027568309, 0.12271164;
 -0.016328018, -0.029218858, 0.99943966, -1.8064681;
 0, 0, 0, 1]
Ow:
[0.70262611;
 -0.10758111;
 1.8158147]
Keyframe: 46 Frame: 274 Frame from vFrameID : 275
Tcw:
[0.99519163, -0.097829103, -0.0047978503, 0.71905714;
 0.097680047, 0.99490303, -0.025032436, -0.11290187;
 0.0072222962, 0.024443418, 0.99967515, 1.8519299;
 0, 0, 0, 1]
Twc:
[0.99519163, 0.097680047, 0.0072222962, -0.71794659;
 -0.097829103, 0.99490303, 0.024443418, 0.13740362;
 -0.0047978503, -0.025032436, 0.99967515, -1.8507044;
 0, 0, 0, 1]
Ow:
[0.71905714;
 -0.11290187;
 1.8519299]
Keyframe: 47 Frame: 280 Frame from vFrameID : 281
Tcw:
[0.99648702, -0.080203831, -0.024103504, 0.74583745;
 0.079012342, 0.99577093, -0.046875905, -0.11558945;
 0.027761195, 0.044806756, 0.99860984, 1.8984264;
 0, 0, 0, 1]
Twc:
[0.99648702, 0.079012342, 0.027761195, -0.78678691;
 -0.080203831, 0.99577093, 0.044806756, 0.089857295;
 -0.024103504, -0.046875905, 0.99860984, -1.8832284;
 0, 0, 0, 1]
Ow:
[0.74583745;
 -0.11558945;
 1.8984264]
Keyframe: 48 Frame: 285 Frame from vFrameID : 286
Tcw:
[0.99563378, -0.079757318, -0.048499368, 0.76656592;
 0.077239215, 0.99566859, -0.051750857, -0.12553456;
 0.052416805, 0.047778845, 0.99748164, 1.936993;
 0, 0, 0, 1]
Twc:
[0.99563378, 0.077239215, 0.052416805, -0.85505366;
 -0.079757318, 0.99566859, 0.047778845, 0.093582772;
 -0.048499368, -0.051750857, 0.99748164, -1.9014336;
 0, 0, 0, 1]
Ow:
[0.76656592;
 -0.12553456;
 1.936993]
Keyframe: 49 Frame: 290 Frame from vFrameID : 291
Tcw:
[0.99666387, -0.068391539, -0.044539303, 0.78806221;
 0.066695765, 0.99702996, -0.038508855, -0.12845445;
 0.047040701, 0.035409801, 0.99826515, 1.9754878;
 0, 0, 0, 1]
Twc:
[0.99666387, 0.066695765, 0.047040701, -0.86979407;
 -0.068391539, 0.99702996, 0.035409801, 0.11201808;
 -0.044539303, -0.038508855, 0.99826515, -1.9419076;
 0, 0, 0, 1]
Ow:
[0.78806221;
 -0.12845445;
 1.9754878]
Keyframe: 50 Frame: 296 Frame from vFrameID : 297
Tcw:
[0.99698877, -0.070945792, -0.031307008, 0.80125916;
 0.068932496, 0.99573749, -0.061279051, -0.1302833;
 0.035521053, 0.058936454, 0.99762958, 2.0318935;
 0, 0, 0, 1]
Twc:
[0.99698877, 0.068932496, 0.035521053, -0.86204058;
 -0.070945792, 0.99573749, 0.058936454, 0.066821337;
 -0.031307008, -0.061279051, 0.99762958, -2.0099757;
 0, 0, 0, 1]
Ow:
[0.80125916;
 -0.1302833;
 2.0318935]
Keyframe: 51 Frame: 302 Frame from vFrameID : 303
Tcw:
[0.99813133, -0.06048537, -0.0086778542, 0.82157362;
 0.059565715, 0.99480283, -0.08257889, -0.12820444;
 0.013627569, 0.081907682, 0.99654675, 2.0782499;
 0, 0, 0, 1]
Twc:
[0.99813133, 0.059565715, 0.013627569, -0.84072334;
 -0.06048537, 0.99480283, 0.081907682, 0.0070066778;
 -0.0086778542, -0.08257889, 0.99654675, -2.0745308;
 0, 0, 0, 1]
Ow:
[0.82157362;
 -0.12820444;
 2.0782499]
Keyframe: 52 Frame: 308 Frame from vFrameID : 309
Tcw:
[0.99679589, -0.077666111, -0.019129427, 0.82950068;
 0.076448798, 0.99539906, -0.057760626, -0.13070014;
 0.023527456, 0.056113135, 0.99814719, 2.1367085;
 0, 0, 0, 1]
Twc:
[0.99679589, 0.076448798, 0.023527456, -0.86712229;
 -0.077666111, 0.99539906, 0.056113135, 0.074625492;
 -0.019129427, -0.057760626, 0.99814719, -2.1244309;
 0, 0, 0, 1]
Ow:
[0.82950068;
 -0.13070014;
 2.1367085]
Keyframe: 53 Frame: 314 Frame from vFrameID : 315
Tcw:
[0.99628901, -0.057304155, -0.064221561, 0.86100668;
 0.054079346, 0.99723971, -0.050875746, -0.1380311;
 0.066959687, 0.047213886, 0.996638, 2.1965687;
 0, 0, 0, 1]
Twc:
[0.99628901, 0.054079346, 0.066959687, -0.99742842;
 -0.057304155, 0.99723971, 0.047213886, 0.083280802;
 -0.064221561, -0.050875746, 0.996638, -2.1409111;
 0, 0, 0, 1]
Ow:
[0.86100668;
 -0.1380311;
 2.1965687]
Keyframe: 54 Frame: 320 Frame from vFrameID : 321
Tcw:
[0.99543244, -0.063101843, -0.071640551, 0.87488019;
 0.060183011, 0.99729502, -0.042197194, -0.14477539;
 0.074109487, 0.037692912, 0.99653751, 2.2357361;
 0, 0, 0, 1]
Twc:
[0.99543244, 0.060183011, 0.074109487, -1.0278604;
 -0.063101843, 0.99729502, 0.037692912, 0.11531892;
 -0.071640551, -0.042197194, 0.99653751, -2.1714272;
 0, 0, 0, 1]
Ow:
[0.87488019;
 -0.14477539;
 2.2357361]
Keyframe: 55 Frame: 327 Frame from vFrameID : 328
Tcw:
[0.99673784, -0.06417343, -0.048943378, 0.89192712;
 0.060963675, 0.9960556, -0.064472497, -0.14595658;
 0.052887749, 0.061278407, 0.99671853, 2.302762;
 0, 0, 0, 1]
Twc:
[0.99673784, 0.060963675, 0.052887749, -1.0019073;
 -0.06417343, 0.9960556, 0.061278407, 0.061509274;
 -0.048943378, -0.064472497, 0.99671853, -2.260962;
 0, 0, 0, 1]
Ow:
[0.89192712;
 -0.14595658;
 2.302762]
Keyframe: 56 Frame: 333 Frame from vFrameID : 334
Tcw:
[0.99615282, -0.069790654, -0.052998569, 0.90082514;
 0.067165092, 0.99649805, -0.049804252, -0.15310995;
 0.056288842, 0.046052992, 0.99735183, 2.3494427;
 0, 0, 0, 1]
Twc:
[0.99615282, 0.067165092, 0.056288842, -1.0193232;
 -0.069790654, 0.99649805, 0.046052992, 0.10724407;
 -0.052998569, -0.049804252, 0.99735183, -2.3031042;
 0, 0, 0, 1]
Ow:
[0.90082514;
 -0.15310995;
 2.3494427]
Keyframe: 57 Frame: 339 Frame from vFrameID : 340
Tcw:
[0.99668014, -0.074272051, -0.033352263, 0.91740495;
 0.073006369, 0.99661916, -0.037686974, -0.1614767;
 0.036038596, 0.035126932, 0.99873286, 2.3902431;
 0, 0, 0, 1]
Twc:
[0.99668014, 0.073006369, 0.036038596, -0.98871142;
 -0.074272051, 0.99661916, 0.035126932, 0.14510641;
 -0.033352263, -0.037686974, 0.99873286, -2.3627021;
 0, 0, 0, 1]
Ow:
[0.91740495;
 -0.1614767;
 2.3902431]
Keyframe: 58 Frame: 345 Frame from vFrameID : 346
Tcw:
[0.99631101, -0.062389735, -0.058922913, 0.94251502;
 0.059620198, 0.99708337, -0.047647085, -0.16587561;
 0.061723746, 0.043958321, 0.99712479, 2.4379466;
 0, 0, 0, 1]
Twc:
[0.99631101, 0.059620198, 0.061723746, -1.0796278;
 -0.062389735, 0.99708337, 0.043958321, 0.11702705;
 -0.058922913, -0.047647085, 0.99712479, -2.3833046;
 0, 0, 0, 1]
Ow:
[0.94251502;
 -0.16587561;
 2.4379466]
Keyframe: 59 Frame: 351 Frame from vFrameID : 352
Tcw:
[0.99723816, -0.044128869, -0.059738696, 0.96493959;
 0.041597944, 0.99821007, -0.042967565, -0.16757208;
 0.061527878, 0.040363889, 0.99728888, 2.4797153;
 0, 0, 0, 1]
Twc:
[0.99723816, 0.041597944, 0.061527878, -1.1078755;
 -0.044128869, 0.99821007, 0.040363889, 0.10976289;
 -0.059738696, -0.042967565, 0.99728888, -2.4225483;
 0, 0, 0, 1]
Ow:
[0.96493959;
 -0.16757208;
 2.4797153]
Keyframe: 60 Frame: 357 Frame from vFrameID : 358
Tcw:
[0.99785674, -0.043245573, -0.049109694, 0.9742229;
 0.041206475, 0.99827588, -0.041801356, -0.17152971;
 0.050832745, 0.039688129, 0.99791825, 2.52315;
 0, 0, 0, 1]
Twc:
[0.99785674, 0.041206475, 0.050832745, -1.0933254;
 -0.043245573, 0.99827588, 0.039688129, 0.1132257;
 -0.049109694, -0.041801356, 0.99791825, -2.4772239;
 0, 0, 0, 1]
Ow:
[0.9742229;
 -0.17152971;
 2.52315]
Keyframe: 61 Frame: 363 Frame from vFrameID : 364
Tcw:
[0.99690789, -0.078150414, -0.0081967907, 0.96951485;
 0.077215694, 0.99361378, -0.082276076, -0.17604108;
 0.014574355, 0.081388749, 0.99657589, 2.5781119;
 0, 0, 0, 1]
Twc:
[0.99690789, 0.077215694, 0.014574355, -0.99049813;
 -0.078150414, 0.99361378, 0.081388749, 0.040855546;
 -0.0081967907, -0.082276076, 0.99657589, -2.5758209;
 0, 0, 0, 1]
Ow:
[0.96951485;
 -0.17604108;
 2.5781119]
Keyframe: 62 Frame: 369 Frame from vFrameID : 370
Tcw:
[0.99609447, -0.081821017, 0.033183787, 0.98042899;
 0.082898922, 0.99602717, -0.032521892, -0.17451796;
 -0.03039098, 0.035145774, 0.99892002, 2.6236894;
 0, 0, 0, 1]
Twc:
[0.99609447, 0.082898922, -0.03039098, -0.88239604;
 -0.081821017, 0.99602717, 0.035145774, 0.16183273;
 0.033183787, -0.032521892, 0.99892002, -2.6590657;
 0, 0, 0, 1]
Ow:
[0.98042899;
 -0.17451796;
 2.6236894]
Keyframe: 63 Frame: 375 Frame from vFrameID : 376
Tcw:
[0.99505037, -0.08723554, 0.047589079, 0.9872489;
 0.089652233, 0.99465317, -0.051259179, -0.17860112;
 -0.042863008, 0.055271931, 0.9975509, 2.6584489;
 0, 0, 0, 1]
Twc:
[0.99505037, 0.089652233, -0.042863008, -0.85240126;
 -0.08723554, 0.99465317, 0.055271931, 0.11683174;
 0.047589079, -0.051259179, 0.9975509, -2.7080753;
 0, 0, 0, 1]
Ow:
[0.9872489;
 -0.17860112;
 2.6584489]
Keyframe: 64 Frame: 381 Frame from vFrameID : 382
Tcw:
[0.9956007, -0.06662599, 0.065880202, 1.0171828;
 0.072376788, 0.9933852, -0.089148261, -0.18221611;
 -0.059504829, 0.09352427, 0.99383718, 2.7152271;
 0, 0, 0, 1]
Twc:
[0.9956007, 0.072376788, -0.059504829, -0.83795059;
 -0.06662599, 0.9933852, 0.09352427, -0.00515803;
 0.065880202, -0.089148261, 0.99383718, -2.7817502;
 0, 0, 0, 1]
Ow:
[1.0171828;
 -0.18221611;
 2.7152271]
Keyframe: 65 Frame: 388 Frame from vFrameID : 389
Tcw:
[0.99465436, -0.066452652, 0.079036742, 1.0436163;
 0.066921093, 0.99775285, -0.0032899904, -0.19017965;
 -0.078640506, 0.0085616279, 0.99686629, 2.7663405;
 0, 0, 0, 1]
Twc:
[0.99465436, 0.066921093, -0.078640506, -0.80776405;
 -0.066452652, 0.99775285, 0.0085616279, 0.23541898;
 0.079036742, -0.0032899904, 0.99686629, -2.8407815;
 0, 0, 0, 1]
Ow:
[1.0436163;
 -0.19017965;
 2.7663405]
Keyframe: 66 Frame: 395 Frame from vFrameID : 396
Tcw:
[0.99692243, -0.048603047, 0.061509252, 1.05556;
 0.049367055, 0.99872053, -0.010961987, -0.19653766;
 -0.060897768, 0.013964782, 0.99804634, 2.8068011;
 0, 0, 0, 1]
Twc:
[0.99692243, 0.049367055, -0.060897768, -0.87168103;
 -0.048603047, 0.99872053, 0.013964782, 0.20839328;
 0.061509252, -0.010961987, 0.99804634, -2.8683984;
 0, 0, 0, 1]
Ow:
[1.05556;
 -0.19653766;
 2.8068011]
Keyframe: 67 Frame: 401 Frame from vFrameID : 402
Tcw:
[0.99830472, -0.057997167, -0.0048986794, 1.0661883;
 0.057823449, 0.99786872, -0.030240281, -0.19443855;
 0.0066420897, 0.029905757, 0.99953067, 2.8531888;
 0, 0, 0, 1]
Twc:
[0.99830472, 0.057823449, 0.0066420897, -1.0720888;
 -0.057997167, 0.99786872, 0.029905757, 0.17053327;
 -0.0048986794, -0.030240281, 0.99953067, -2.8525064;
 0, 0, 0, 1]
Ow:
[1.0661883;
 -0.19443855;
 2.8531888]
Keyframe: 68 Frame: 407 Frame from vFrameID : 408
Tcw:
[0.99657702, -0.078879669, -0.024743058, 1.0814859;
 0.078794017, 0.99688113, -0.0044194181, -0.19550462;
 0.02501449, 0.0024546853, 0.9996841, 2.8885686;
 0, 0, 0, 1]
Twc:
[0.99657702, 0.078794017, 0.02501449, -1.1346356;
 -0.078879669, 0.99688113, 0.0024546853, 0.27311161;
 -0.024743058, -0.0044194181, 0.9996841, -2.8617609;
 0, 0, 0, 1]
Ow:
[1.0814859;
 -0.19550462;
 2.8885686]
Keyframe: 69 Frame: 413 Frame from vFrameID : 414
Tcw:
[0.99653137, -0.076931089, -0.031730317, 1.1011455;
 0.077398971, 0.99690485, 0.013789149, -0.1957379;
 0.030571293, -0.016197214, 0.99940133, 2.930779;
 0, 0, 0, 1]
Twc:
[0.99653137, 0.077398971, 0.030571293, -1.1717738;
 -0.076931089, 0.99690485, -0.016197214, 0.32731482;
 -0.031730317, 0.013789149, 0.99940133, -2.8913856;
 0, 0, 0, 1]
Ow:
[1.1011455;
 -0.1957379;
 2.930779]
Keyframe: 70 Frame: 418 Frame from vFrameID : 419
Tcw:
[0.9962548, -0.043932088, -0.074473694, 1.1336102;
 0.044412095, 0.99900174, 0.0048007718, -0.19981435;
 0.074188448, -0.0080903247, 0.9972114, 2.9746761;
 0, 0, 0, 1]
Twc:
[0.9962548, 0.044412095, 0.074188448, -1.3411771;
 -0.043932088, 0.99900174, -0.0080903247, 0.27348286;
 -0.074473694, 0.0048007718, 0.9972114, -2.8809977;
 0, 0, 0, 1]
Ow:
[1.1336102;
 -0.19981435;
 2.9746761]
Keyframe: 71 Frame: 423 Frame from vFrameID : 424
Tcw:
[0.9957568, -0.053527974, -0.074854441, 1.150087;
 0.053595286, 0.9985621, -0.0011106586, -0.20162556;
 0.074806258, -0.0029058992, 0.99719387, 3.0025601;
 0, 0, 0, 1]
Twc:
[0.9957568, 0.053595286, 0.074806258, -1.3590111;
 -0.053527974, 0.9985621, -0.0029058992, 0.2716226;
 -0.074854441, -0.0011106586, 0.99719387, -2.9082694;
 0, 0, 0, 1]
Ow:
[1.150087;
 -0.20162556;
 3.0025601]
Keyframe: 72 Frame: 428 Frame from vFrameID : 429
Tcw:
[0.99589622, -0.062216766, -0.065724835, 1.1600618;
 0.062234711, 0.99805999, -0.0017763098, -0.20074312;
 0.06570784, -0.0023213457, 0.99783623, 3.0395551;
 0, 0, 0, 1]
Twc:
[0.99589622, 0.062234711, 0.06570784, -1.3425307;
 -0.062216766, 0.99805999, -0.0023213457, 0.27958483;
 -0.065724835, -0.0017763098, 0.99783623, -2.9570897;
 0, 0, 0, 1]
Ow:
[1.1600618;
 -0.20074312;
 3.0395551]
Keyframe: 73 Frame: 433 Frame from vFrameID : 434
Tcw:
[0.99482512, -0.093357578, -0.040092301, 1.1701417;
 0.092207305, 0.99529845, -0.029644372, -0.20344228;
 0.042671334, 0.025794161, 0.99875611, 3.0842197;
 0, 0, 0, 1]
Twc:
[0.99482512, 0.092207305, 0.042671334, -1.2769352;
 -0.093357578, 0.99529845, 0.025794161, 0.23217252;
 -0.040092301, -0.029644372, 0.99875611, -3.0395007;
 0, 0, 0, 1]
Ow:
[1.1701417;
 -0.20344228;
 3.0842197]
Keyframe: 74 Frame: 438 Frame from vFrameID : 439
Tcw:
[0.99594188, -0.089759164, 0.0065660011, 1.1872317;
 0.089763373, 0.99596304, -0.00034933267, -0.20688485;
 -0.0065081385, 0.00093730143, 0.99997836, 3.1180146;
 0, 0, 0, 1]
Twc:
[0.99594188, 0.089763373, -0.0065081385, -1.1435505;
 -0.089759164, 0.99596304, 0.00093730143, 0.30969205;
 0.0065660011, -0.00034933267, 0.99997836, -3.1258149;
 0, 0, 0, 1]
Ow:
[1.1872317;
 -0.20688485;
 3.1180146]
Keyframe: 75 Frame: 443 Frame from vFrameID : 444
Tcw:
[0.99504721, -0.096474044, 0.023954658, 1.2004794;
 0.096783683, 0.99523163, -0.012119323, -0.20869498;
 -0.022671232, 0.014377718, 0.99963957, 3.1497927;
 0, 0, 0, 1]
Twc:
[0.99504721, 0.096783683, -0.022671232, -1.1029257;
 -0.096474044, 0.99523163, 0.014377718, 0.27822813;
 0.023954658, -0.012119323, 0.99963957, -3.1799438;
 0, 0, 0, 1]
Ow:
[1.2004794;
 -0.20869498;
 3.1497927]
Keyframe: 76 Frame: 448 Frame from vFrameID : 449
Tcw:
[0.99620765, -0.086692192, -0.00740021, 1.2214447;
 0.086469889, 0.9959051, -0.026381463, -0.20435458;
 0.0096569741, 0.02564152, 0.99962455, 3.1896963;
 0, 0, 0, 1]
Twc:
[0.99620765, 0.086469889, 0.0096569741, -1.2299448;
 -0.086692192, 0.9959051, 0.02564152, 0.22761884;
 -0.00740021, -0.026381463, 0.99962455, -3.1848509;
 0, 0, 0, 1]
Ow:
[1.2214447;
 -0.20435458;
 3.1896963]
Keyframe: 77 Frame: 454 Frame from vFrameID : 455
Tcw:
[0.99543202, -0.087263294, -0.03873257, 1.2434298;
 0.086536728, 0.99604672, -0.020057747, -0.21063006;
 0.040329754, 0.016614335, 0.99904829, 3.2321897;
 0, 0, 0, 1]
Twc:
[0.99543202, 0.086536728, 0.040329754, -1.3498759;
 -0.087263294, 0.99604672, 0.016614335, 0.26460248;
 -0.03873257, -0.020057747, 0.99904829, -3.1851768;
 0, 0, 0, 1]
Ow:
[1.2434298;
 -0.21063006;
 3.2321897]
Keyframe: 78 Frame: 459 Frame from vFrameID : 460
Tcw:
[0.99600744, -0.083764143, -0.03086577, 1.2576536;
 0.084445231, 0.99619693, 0.021463951, -0.21172309;
 0.028950475, -0.023984723, 0.99929303, 3.2696435;
 0, 0, 0, 1]
Twc:
[0.99600744, 0.084445231, 0.028950475, -1.3294111;
 -0.083764143, 0.99619693, -0.023984723, 0.39468566;
 -0.03086577, 0.021463951, 0.99929303, -3.2239692;
 0, 0, 0, 1]
Ow:
[1.2576536;
 -0.21172309;
 3.2696435]
Keyframe: 79 Frame: 464 Frame from vFrameID : 465
Tcw:
[0.99635726, -0.085012503, -0.0067177219, 1.2694699;
 0.085036628, 0.99637204, 0.0033907969, -0.21555069;
 0.0064050904, -0.0039496976, 0.99997169, 3.3089104;
 0, 0, 0, 1]
Twc:
[0.99635726, 0.085036628, 0.0064050904, -1.2677096;
 -0.085012503, 0.99637204, -0.0039496976, 0.33575869;
 -0.0067177219, 0.0033907969, 0.99997169, -3.2995579;
 0, 0, 0, 1]
Ow:
[1.2694699;
 -0.21555069;
 3.3089104]
Keyframe: 80 Frame: 469 Frame from vFrameID : 470
Tcw:
[0.99508977, -0.097063012, -0.019367019, 1.2784309;
 0.096595906, 0.99504024, -0.023752149, -0.21697097;
 0.021576418, 0.021764746, 0.99953026, 3.3492086;
 0, 0, 0, 1]
Twc:
[0.99508977, 0.096595906, 0.021576418, -1.3234589;
 -0.097063012, 0.99504024, 0.021764746, 0.2670885;
 -0.019367019, -0.023752149, 0.99953026, -3.3280296;
 0, 0, 0, 1]
Ow:
[1.2784309;
 -0.21697097;
 3.3492086]
Keyframe: 81 Frame: 474 Frame from vFrameID : 475
Tcw:
[0.99515146, -0.098018996, -0.008116561, 1.2883935;
 0.098032087, 0.99518251, 0.0012305615, -0.2169809;
 0.007956841, -0.0020202785, 0.99996632, 3.3791316;
 0, 0, 0, 1]
Twc:
[0.99515146, 0.098032087, 0.007956841, -1.2877629;
 -0.098018996, 0.99518251, -0.0020202785, 0.34904942;
 -0.008116561, 0.0012305615, 0.99996632, -3.3682933;
 0, 0, 0, 1]
Ow:
[1.2883935;
 -0.2169809;
 3.3791316]
Keyframe: 82 Frame: 479 Frame from vFrameID : 480
Tcw:
[0.99495262, -0.098755546, -0.01779273, 1.3036617;
 0.09887217, 0.99508327, 0.0057963282, -0.22135757;
 0.017132828, -0.007526278, 0.99982488, 3.4113503;
 0, 0, 0, 1]
Twc:
[0.99495262, 0.09887217, 0.017132828, -1.3336418;
 -0.098755546, 0.99508327, -0.007526278, 0.37468782;
 -0.01779273, 0.0057963282, 0.99982488, -3.3862741;
 0, 0, 0, 1]
Ow:
[1.3036617;
 -0.22135757;
 3.4113503]
Keyframe: 83 Frame: 485 Frame from vFrameID : 486
Tcw:
[0.99590766, -0.078714788, -0.044406589, 1.3359709;
 0.077435538, 0.99655098, -0.029830096, -0.22376437;
 0.046601504, 0.026269373, 0.99856806, 3.4572015;
 0, 0, 0, 1]
Twc:
[0.99590766, 0.077435538, 0.046601504, -1.474287;
 -0.078714788, 0.99655098, 0.026269373, 0.23733474;
 -0.044406589, -0.029830096, 0.99856806, -3.3996003;
 0, 0, 0, 1]
Ow:
[1.3359709;
 -0.22376437;
 3.4572015]
Keyframe: 84 Frame: 491 Frame from vFrameID : 492
Tcw:
[0.99596763, -0.078125626, -0.044100881, 1.3520567;
 0.077822164, 0.99693054, -0.0085589932, -0.22869599;
 0.044634189, 0.0050924537, 0.99899042, 3.4975047;
 0, 0, 0, 1]
Twc:
[0.99596763, 0.077822164, 0.044634189, -1.4849154;
 -0.078125626, 0.99693054, 0.0050924537, 0.31581339;
 -0.044100881, -0.0085589932, 0.99899042, -3.4363041;
 0, 0, 0, 1]
Ow:
[1.3520567;
 -0.22869599;
 3.4975047]
Keyframe: 85 Frame: 497 Frame from vFrameID : 498
Tcw:
[0.99605429, -0.08008793, -0.038233016, 1.3587195;
 0.078999057, 0.99644721, -0.029190606, -0.22920701;
 0.040434998, 0.026055057, 0.99884242, 3.5365913;
 0, 0, 0, 1]
Twc:
[0.99605429, 0.078999057, 0.040434998, -1.4782534;
 -0.08008793, 0.99644721, 0.026055057, 0.24506365;
 -0.038233016, -0.029190606, 0.99884242, -3.4872398;
 0, 0, 0, 1]
Ow:
[1.3587195;
 -0.22920701;
 3.5365913]
Keyframe: 86 Frame: 503 Frame from vFrameID : 504
Tcw:
[0.99543142, -0.089692391, -0.032735389, 1.3660666;
 0.088133626, 0.99503183, -0.046304841, -0.23341605;
 0.036725946, 0.0432082, 0.99839085, 3.5792632;
 0, 0, 0, 1]
Twc:
[0.99543142, 0.088133626, 0.036725946, -1.4707055;
 -0.089692391, 0.99503183, 0.0432082, 0.20012863;
 -0.032735389, -0.046304841, 0.99839085, -3.5395932;
 0, 0, 0, 1]
Ow:
[1.3660666;
 -0.23341605;
 3.5792632]
Keyframe: 87 Frame: 509 Frame from vFrameID : 510
Tcw:
[0.99572915, -0.09222737, 0.004194044, 1.3853911;
 0.092293985, 0.99552453, -0.020314531, -0.23596512;
 -0.0023017183, 0.020614855, 0.99978483, 3.6261976;
 0, 0, 0, 1]
Twc:
[0.99572915, 0.092293985, -0.0023017183, -1.3493496;
 -0.09222737, 0.99552453, 0.020614855, 0.28792652;
 0.004194044, -0.020314531, 0.99978483, -3.6360214;
 0, 0, 0, 1]
Ow:
[1.3853911;
 -0.23596512;
 3.6261976]
Keyframe: 88 Frame: 515 Frame from vFrameID : 516
Tcw:
[0.99628425, -0.079610564, -0.032861367, 1.4076047;
 0.079067498, 0.99671549, -0.017509189, -0.23512545;
 0.034147348, 0.014845862, 0.99930656, 3.6687479;
 0, 0, 0, 1]
Twc:
[0.99628425, 0.079067498, 0.034147348, -1.5090616;
 -0.079610564, 0.99671549, 0.014845862, 0.29194766;
 -0.032861367, -0.017509189, 0.99930656, -3.6240649;
 0, 0, 0, 1]
Ow:
[1.4076047;
 -0.23512545;
 3.6687479]
Keyframe: 89 Frame: 521 Frame from vFrameID : 522
Tcw:
[0.99653572, -0.062673375, -0.054668698, 1.435046;
 0.062081411, 0.99799329, -0.012461641, -0.24352305;
 0.055340007, 0.0090245595, 0.9984268, 3.6983054;
 0, 0, 0, 1]
Twc:
[0.99653572, 0.062081411, 0.055340007, -1.6196204;
 -0.062673375, 0.99799329, 0.0090245595, 0.29959795;
 -0.054668698, -0.012461641, 0.9984268, -3.6170697;
 0, 0, 0, 1]
Ow:
[1.435046;
 -0.24352305;
 3.6983054]
Keyframe: 90 Frame: 528 Frame from vFrameID : 529
Tcw:
[0.99564791, -0.080417857, -0.047098484, 1.4521734;
 0.07941743, 0.99658197, -0.02274367, -0.24660233;
 0.048766494, 0.018904246, 0.9986313, 3.7472415;
 0, 0, 0, 1]
Twc:
[0.99564791, 0.07941743, 0.048766494, -1.6090087;
 -0.080417857, 0.99658197, 0.018904246, 0.29170132;
 -0.047098484, -0.02274367, 0.9986313, -3.6793261;
 0, 0, 0, 1]
Ow:
[1.4521734;
