Keyframe: 0 Frame: 0 Frame from vFrameID : 133
Tcw:
[0.99574667, 0.061996296, 0.068154231, 0.077605568;
 0.0031495653, 0.71639782, -0.69768494, -0.09515854;
 -0.092079423, 0.6949321, 0.71315551, 0.090992123;
 0, 0, 0, 1]
Twc:
[0.99574667, 0.0031495653, -0.092079423, -0.068597279;
 0.061996296, 0.71639782, 0.6949321, 0.00012676418;
 0.068154231, -0.69768494, 0.71315551, -0.13657135;
 0, 0, 0, 1]
Ow:
[0.077605568;
 -0.09515854;
 0.090992123]
Keyframe: 1 Frame: 132 Frame from vFrameID : 133
Tcw:
[0.99832672, 0.040622946, 0.041152339, -0.0050732391;
 -0.00020525696, 0.71415448, -0.69998807, 0.0052194064;
 -0.057824705, 0.69880837, 0.71296787, 0.010216434;
 0, 0, 0, 1]
Twc:
[0.99832672, -0.00020525696, -0.057824705, 0.0056565837;
 0.040622946, 0.71415448, 0.69880837, -0.010660701;
 0.041152339, -0.69998807, 0.71296787, -0.0034216903;
 0, 0, 0, 1]
Ow:
[-0.0050732391;
 0.0052194064;
 0.010216434]
