Keyframe: 0 Frame: 0 Frame from vFrameID : 133
Tcw:
[0.99983007, 9.3661823e-05, -0.018434862, 0.06934116;
 -0.012867113, 0.71966505, -0.69420218, -0.09437491;
 0.013201904, 0.69432139, 0.71954393, 0.096593373;
 0, 0, 0, 1]
Twc:
[0.99983007, -0.012867113, 0.013201904, -0.071818925;
 9.3661823e-05, 0.71966505, 0.69432139, 0.00084498152;
 -0.018434862, -0.69420218, 0.71954393, -0.13374016;
 0, 0, 0, 1]
Ow:
[0.06934116;
 -0.09437491;
 0.096593373]
Keyframe: 1 Frame: 140 Frame from vFrameID : 133
Tcw:
[0.99973506, -0.0013493116, -0.022978026, -nan;
 -0.014983048, 0.71967661, -0.69414777, -inf;
 0.01747337, 0.6943081, 0.71946573, -nan;
 0, 0, 0, 1]
Twc:
[0.99973506, -0.014983048, 0.01747337, -inf;
 -0.0013493116, 0.71967661, 0.6943081, inf;
 -0.022978026, -0.69414777, 0.71946573, -inf;
 0, 0, 0, 1]
Ow:
[-nan;
 -inf;
 -nan]
