Keyframe: 0 Frame: 0 Frame from vFrameID : 80
Tcw:
[0.9995358, 0.030439783, -0.0012458803, -0.21178225;
 -0.03036801, 0.9987765, 0.039029844, -5.3132591;
 0.002432416, -0.03897389, 0.99923724, 2.0918171;
 0, 0, 0, 1]
Twc:
[0.9995358, -0.03036801, 0.002432416, 0.04524269;
 0.030439783, 0.9987765, -0.03897389, 5.3947306;
 -0.0012458803, 0.039029844, 0.99923724, -1.8831098;
 0, 0, 0, 1]
Ow:
[-0.21178225;
 -5.3132591;
 2.0918171]
Keyframe: 1 Frame: 79 Frame from vFrameID : 80
Tcw:
[0.99977666, 0.015943024, 0.013873057, 0.0029350345;
 -0.016251488, 0.99961668, 0.022413574, -0.055861682;
 -0.013510399, -0.022634026, 0.9996525, 0.025638917;
 0, 0, 0, 1]
Twc:
[0.99977666, -0.016251488, -0.013510399, -0.0034958222;
 0.015943024, 0.99961668, -0.022634026, 0.05637379;
 0.013873057, 0.022413574, 0.9996525, -0.024418667;
 0, 0, 0, 1]
Ow:
[0.0029350345;
 -0.055861682;
 0.025638917]
