Keyframe: 0 Frame: 0 Frame from vFrameID : 85
Tcw:
[0.99868, 0.042415045, 0.028969152, 0.084326781;
 -0.010650935, 0.7227484, -0.69102919, -0.086024299;
 -0.050247442, 0.68980849, 0.72224611, 0.059275527;
 0, 0, 0, 1]
Twc:
[0.99868, -0.010650935, -0.050247442, -0.082153261;
 0.042415045, 0.7227484, 0.68980849, 0.017708432;
 0.028969152, -0.69102919, 0.72224611, -0.10469969;
 0, 0, 0, 1]
Ow:
[0.084326781;
 -0.086024299;
 0.059275527]
Keyframe: 1 Frame: 84 Frame from vFrameID : 85
Tcw:
[0.99788529, 0.054974366, 0.034681246, 0.0010017356;
 -0.015638655, 0.72094285, -0.69281805, -0.0028517488;
 -0.063090429, 0.69081056, 0.72027797, -0.0028933801;
 0, 0, 0, 1]
Twc:
[0.99788529, -0.015638655, -0.063090429, -0.0012267592;
 0.054974366, 0.72094285, 0.69081056, 0.0039996556;
 0.034681246, -0.69281805, 0.72027797, 7.3553565e-05;
 0, 0, 0, 1]
Ow:
[0.0010017356;
 -0.0028517488;
 -0.0028933801]
