Keyframe: 0 Frame: 0 Frame from vFrameID : 90
Tcw:
[0.99604493, 0.071458392, 0.052803267, 0.090205692;
 -0.014876111, 0.72002304, -0.69379067, -0.015895873;
 -0.087596737, 0.69026119, 0.71823835, -0.00098060258;
 0, 0, 0, 1]
Twc:
[0.99604493, -0.014876111, -0.087596737, -0.090171292;
 0.071458392, 0.72002304, 0.69026119, 0.0056763142;
 0.052803267, -0.69379067, 0.71823835, -0.015087258;
 0, 0, 0, 1]
Ow:
[0.090205692;
 -0.015895873;
 -0.00098060258]
Keyframe: 1 Frame: 89 Frame from vFrameID : 90
Tcw:
[0.99419886, 0.090364613, 0.058333673, 0.090210304;
 -0.024506763, 0.7184009, -0.69519752, -0.01589445;
 -0.10472821, 0.689735, 0.71644789, -0.00098048244;
 0, 0, 0, 1]
Twc:
[0.99419886, -0.024506763, -0.10472821, -0.09017919;
 0.090364613, 0.7184009, 0.689735, 0.0039430414;
 0.058333673, -0.69519752, 0.71644789, -0.015609616;
 0, 0, 0, 1]
Ow:
[0.090210304;
 -0.01589445;
 -0.00098048244]
Keyframe: 2 Frame: 92 Frame from vFrameID : 93
Tcw:
[0.99269998, 0.099762388, 0.06778051, 0.090238303;
 -0.025917904, 0.72530174, -0.68794304, -0.015944697;
 -0.11779216, 0.68116432, 0.72259265, -0.00092937518;
 0, 0, 0, 1]
Twc:
[0.99269998, -0.025917904, -0.11779216, -0.090102285;
 0.099762388, 0.72530174, 0.68116432, 0.0031953864;
 0.06778051, -0.68794304, 0.72259265, -0.016413882;
 0, 0, 0, 1]
Ow:
[0.090238303;
 -0.015944697;
 -0.00092937518]
Keyframe: 3 Frame: 94 Frame from vFrameID : 95
Tcw:
[0.99217641, 0.10469269, 0.068010285, 0.090207279;
 -0.029981101, 0.72863233, -0.68424851, -0.015888566;
 -0.12119031, 0.67685622, 0.72607064, -0.00098685827;
 0, 0, 0, 1]
Twc:
[0.99217641, -0.029981101, -0.12119031, -0.090097487;
 0.10469269, 0.72863233, 0.67685622, 0.0028008427;
 0.068010285, -0.68424851, 0.72607064, -0.016290221;
 0, 0, 0, 1]
Ow:
[0.090207279;
 -0.015888566;
 -0.00098685827]
Keyframe: 4 Frame: 95 Frame from vFrameID : 96
Tcw:
[0.99212021, 0.10540809, 0.067724541, 0.090280756;
 -0.030841544, 0.72937894, -0.68341434, -0.015909648;
 -0.12143425, 0.67594045, 0.72688252, -0.00093720574;
 0, 0, 0, 1]
Twc:
[0.99212021, -0.030841544, -0.12143425, -0.090173848;
 0.10540809, 0.72937894, 0.67594045, 0.002721336;
 0.067724541, -0.68341434, 0.72688252, -0.016305866;
 0, 0, 0, 1]
Ow:
[0.090280756;
 -0.015909648;
 -0.00093720574]
Keyframe: 5 Frame: 96 Frame from vFrameID : 97
Tcw:
[0.99206239, 0.10727407, 0.065608568, 0.090471283;
 -0.03373966, 0.72970176, -0.68293262, -0.015940417;
 -0.12113565, 0.67529815, 0.72752911, -0.00091467984;
 0, 0, 0, 1]
Twc:
[0.99206239, -0.03373966, -0.12113565, -0.090401784;
 0.10727407, 0.72970176, 0.67529815, 0.0025442091;
 0.065608568, -0.68293262, 0.72752911, -0.016156465;
 0, 0, 0, 1]
Ow:
[0.090471283;
 -0.015940417;
 -0.00091467984]
Keyframe: 6 Frame: 97 Frame from vFrameID : 98
Tcw:
[0.99192435, 0.11054252, 0.062180668, 0.091037132;
 -0.038605407, 0.73015219, -0.6821931, -0.013462193;
 -0.12081269, 0.67428344, 0.72852325, -0.0020557605;
 0, 0, 0, 1]
Twc:
[0.99192435, -0.038605407, -0.12081269, -0.091070019;
 0.11054252, 0.73015219, 0.67428344, 0.0011521416;
 0.062180668, -0.6821931, 0.72852325, -0.013346896;
 0, 0, 0, 1]
Ow:
[0.091037132;
 -0.013462193;
 -0.0020557605]
Keyframe: 7 Frame: 100 Frame from vFrameID : 101
Tcw:
[0.99063969, 0.12306453, 0.05906035, 0.091558322;
 -0.051775657, 0.73909533, -0.67160803, -0.014998074;
 -0.12630236, 0.66226369, 0.73854893, -0.0014141398;
 0, 0, 0, 1]
Twc:
[0.99063969, -0.051775657, -0.12630236, -0.091656454;
 0.12306453, 0.73909533, 0.66226369, 0.00075395679;
 0.05906035, -0.67160803, 0.73854893, -0.014435882;
 0, 0, 0, 1]
Ow:
[0.091558322;
 -0.014998074;
 -0.0014141398]
Keyframe: 8 Frame: 102 Frame from vFrameID : 103
Tcw:
[0.98962373, 0.13486379, 0.049564797, 0.092597567;
 -0.067677543, 0.74181497, -0.6671809, -0.012006301;
 -0.12674646, 0.65690356, 0.74324489, -0.0029534413;
 0, 0, 0, 1]
Twc:
[0.98962373, -0.067677543, -0.12674646, -0.09282364;
 0.13486379, 0.74181497, 0.65690356, -0.0016414801;
 0.049564797, -0.6671809, 0.74324489, -0.010404824;
 0, 0, 0, 1]
Ow:
[0.092597567;
 -0.012006301;
 -0.0029534413]
Keyframe: 9 Frame: 106 Frame from vFrameID : 107
Tcw:
[0.98800087, 0.14789629, 0.044508416, 0.095115937;
 -0.080264024, 0.73787075, -0.67015254, -0.010195983;
 -0.13195454, 0.65853882, 0.7408877, -0.00665073;
 0, 0, 0, 1]
Twc:
[0.98800087, -0.080264024, -0.13195454, -0.095670588;
 0.14789629, 0.73787075, 0.65853882, -0.0021642125;
 0.044508416, -0.67015254, 0.7408877, -0.0061388789;
 0, 0, 0, 1]
Ow:
[0.095115937;
 -0.010195983;
 -0.00665073]
Keyframe: 10 Frame: 111 Frame from vFrameID : 112
Tcw:
[0.9869352, 0.14669423, 0.066631272, 0.098328307;
 -0.061972495, 0.72737199, -0.68343937, -0.031941727;
 -0.14872234, 0.67038107, 0.72696, 0.013787239;
 0, 0, 0, 1]
Twc:
[0.9869352, -0.061972495, -0.14872234, -0.096972704;
 0.14669423, 0.72737199, 0.67038107, -0.00043338214;
 0.066631272, -0.68343937, 0.72696, -0.038404748;
 0, 0, 0, 1]
Ow:
[0.098328307;
 -0.031941727;
 0.013787239]
Keyframe: 11 Frame: 118 Frame from vFrameID : 119
Tcw:
[0.98745662, 0.12420583, 0.097479783, 0.091884531;
 -0.023415742, 0.72576255, -0.68754667, -0.021164816;
 -0.15614448, 0.67663997, 0.71956742, 0.0053131431;
 0, 0, 0, 1]
Twc:
[0.98745662, -0.023415742, -0.15614448, -0.090397961;
 0.12420583, 0.72576255, 0.67663997, 0.00035295068;
 0.097479783, -0.68754667, 0.71956742, -0.02733185;
 0, 0, 0, 1]
Ow:
[0.091884531;
 -0.021164816;
 0.0053131431]
Keyframe: 12 Frame: 125 Frame from vFrameID : 126
Tcw:
[0.98893529, 0.1008053, 0.10883612, 0.09035939;
 0.0023406348, 0.7229619, -0.69088393, -0.020031858;
 -0.14832914, 0.68349427, 0.71472657, 0.0036397986;
 0, 0, 0, 1]
Twc:
[0.98893529, 0.0023406348, -0.14832914, -0.088772811;
 0.1008053, 0.7229619, 0.68349427, 0.0028857824;
 0.10883612, -0.69088393, 0.71472657, -0.026275516;
 0, 0, 0, 1]
Ow:
[0.09035939;
 -0.020031858;
 0.0036397986]
Keyframe: 13 Frame: 131 Frame from vFrameID : 132
Tcw:
[0.99574023, 0.058454409, 0.0713057, 0.086822197;
 0.0074171508, 0.72006607, -0.6938659, -0.016908873;
 -0.091904335, 0.69143903, 0.71656513, 0.0016058227;
 0, 0, 0, 1]
Twc:
[0.99574023, 0.0074171508, -0.091904335, -0.086179361;
 0.058454409, 0.72006607, 0.69143903, 0.0059900363;
 0.0713057, -0.6938659, 0.71656513, -0.019074086;
 0, 0, 0, 1]
Ow:
[0.086822197;
 -0.016908873;
 0.0016058227]
Keyframe: 14 Frame: 138 Frame from vFrameID : 139
Tcw:
[0.9998138, 0.019290365, 0.00055492239, 0.086180538;
 -0.013505026, 0.71992326, -0.69392222, -0.017045606;
 -0.013785516, 0.69378555, 0.72004974, 0.0024175569;
 0, 0, 0, 1]
Twc:
[0.9998138, -0.013505026, -0.013785516, -0.086361356;
 0.019290365, 0.71992326, 0.69378555, 0.0089318082;
 0.00055492239, -0.69392222, 0.72004974, -0.013616909;
 0, 0, 0, 1]
Ow:
[0.086180538;
 -0.017045606;
 0.0024175569]
Keyframe: 15 Frame: 145 Frame from vFrameID : 146
Tcw:
[0.99933261, -0.023289137, -0.028141992, 0.085256778;
 -0.0026872118, 0.72144759, -0.69246382, -0.016461283;
 0.036429856, 0.69207728, 0.72090352, 0.001648244;
 0, 0, 0, 1]
Twc:
[0.99933261, -0.0026872118, 0.036429856, -0.085304156;
 -0.023289137, 0.72144759, 0.69207728, 0.012720797;
 -0.028141992, -0.69246382, 0.72090352, -0.010187772;
 0, 0, 0, 1]
Ow:
[0.085256778;
 -0.016461283;
 0.001648244]
Keyframe: 16 Frame: 153 Frame from vFrameID : 154
Tcw:
[0.99986511, -0.0019056624, -0.016313843, 0.085598804;
 -0.010146668, 0.70938522, -0.70474797, -0.01567308;
 0.012915811, 0.70481843, 0.70927018, 0.0058517717;
 0, 0, 0, 1]
Twc:
[0.99986511, -0.010146668, 0.012915811, -0.085821867;
 -0.0019056624, 0.70938522, 0.70481843, 0.0071569369;
 -0.016313843, -0.70474797, 0.70927018, -0.013799612;
 0, 0, 0, 1]
Ow:
[0.085598804;
 -0.01567308;
 0.0058517717]
Keyframe: 17 Frame: 162 Frame from vFrameID : 163
Tcw:
[0.99721515, 0.048780907, 0.056412093, 0.086739928;
 0.0012076969, 0.74575394, -0.66622037, -0.019552553;
 -0.074568376, 0.66443318, 0.74361825, 0.0077865077;
 0, 0, 0, 1]
Twc:
[0.99721515, 0.0012076969, -0.074568376, -0.08589413;
 0.048780907, 0.74575394, 0.66443318, 0.0051765265;
 0.056412093, -0.66622037, 0.74361825, -0.023709679;
 0, 0, 0, 1]
Ow:
[0.086739928;
 -0.019552553;
 0.0077865077]
Keyframe: 18 Frame: 172 Frame from vFrameID : 173
Tcw:
[0.9918642, 0.094311178, 0.085503347, 0.076095797;
 -0.0081837298, 0.71751565, -0.69649434, -0.013053073;
 -0.12703718, 0.69012803, 0.71244991, 0.037840981;
 0, 0, 0, 1]
Twc:
[0.9918642, -0.0081837298, -0.12703718, -0.070776306;
 0.094311178, 0.71751565, 0.69012803, -0.023926022;
 0.085503347, -0.69649434, 0.71244991, -0.042557638;
 0, 0, 0, 1]
Ow:
[0.076095797;
 -0.013053073;
 0.037840981]
Keyframe: 19 Frame: 183 Frame from vFrameID : 184
Tcw:
[0.99489009, 0.090131424, 0.045497306, 0.076052882;
 -0.033279426, 0.71819603, -0.69504458, -0.019331066;
 -0.095321342, 0.68997884, 0.71752566, 0.054559559;
 0, 0, 0, 1]
Twc:
[0.99489009, -0.033279426, -0.095321342, -0.071106903;
 0.090131424, 0.71819603, 0.68997884, -0.030616201;
 0.045497306, -0.69504458, 0.71752566, -0.056044035;
 0, 0, 0, 1]
Ow:
[0.076052882;
 -0.019331066;
 0.054559559]
Keyframe: 20 Frame: 192 Frame from vFrameID : 193
Tcw:
[0.99709582, 0.075025149, 0.013082143, 0.087632045;
 -0.040698472, 0.67012084, -0.74113542, -0.016692601;
 -0.064370409, 0.73845059, 0.67122811, 0.089055941;
 0, 0, 0, 1]
Twc:
[0.99709582, -0.040698472, -0.064370409, -0.082324341;
 0.075025149, 0.67012084, 0.73845059, -0.061151959;
 0.013082143, -0.74113542, 0.67122811, -0.073294744;
 0, 0, 0, 1]
Ow:
[0.087632045;
 -0.016692601;
 0.089055941]
Keyframe: 21 Frame: 202 Frame from vFrameID : 203
Tcw:
[0.99561024, 0.079601936, 0.049232513, 0.15689205;
 -0.015798749, 0.66138792, -0.74987763, 0.037035838;
 -0.092253499, 0.74580801, 0.65974218, 0.23782271;
 0, 0, 0, 1]
Twc:
[0.99561024, -0.015798749, -0.092253499, -0.13367823;
 0.079601936, 0.66138792, 0.74580801, -0.21435404;
 0.049232513, -0.74987763, 0.65974218, -0.13685352;
 0, 0, 0, 1]
Ow:
[0.15689205;
 0.037035838;
 0.23782271]
Keyframe: 22 Frame: 212 Frame from vFrameID : 213
Tcw:
[0.99148375, 0.1085225, 0.071992353, 0.2025387;
 -0.018113997, 0.66235214, -0.74897367, 0.0063346773;
 -0.12896478, 0.74129111, 0.6586771, 0.37119335;
 0, 0, 0, 1]
Twc:
[0.99148375, -0.018113997, -0.12896478, -0.1528282;
 0.1085225, 0.66235214, 0.74129111, -0.30133814;
 0.071992353, -0.74897367, 0.6586771, -0.25433332;
 0, 0, 0, 1]
Ow:
[0.2025387;
 0.0063346773;
 0.37119335]
Keyframe: 23 Frame: 221 Frame from vFrameID : 222
Tcw:
[0.99780554, 0.06618803, 0.0017931855, 0.24074346;
 -0.043779492, 0.67982316, -0.73206818, 0.00095367432;
 -0.0496732, 0.73038322, 0.681229, 0.43051943;
 0, 0, 0, 1]
Twc:
[0.99780554, -0.043779492, -0.0496732, -0.21878813;
 0.06618803, 0.67982316, 0.73038322, -0.33102682;
 0.0017931855, -0.73206818, 0.681229, -0.29301587;
 0, 0, 0, 1]
Ow:
[0.24074346;
 0.00095367432;
 0.43051943]
Keyframe: 24 Frame: 231 Frame from vFrameID : 232
Tcw:
[0.99781007, 0.060683087, 0.02631864, 0.28330818;
 -0.0207933, 0.66549665, -0.74611115, -0.0075969994;
 -0.062791295, 0.74392992, 0.66530108, 0.53543735;
 0, 0, 0, 1]
Twc:
[0.99781007, -0.0207933, -0.062791295, -0.2492249;
 0.060683087, 0.66549665, 0.74392992, -0.41046411;
 0.02631864, -0.74611115, 0.66530108, -0.36935151;
 0, 0, 0, 1]
Ow:
[0.28330818;
 -0.0075969994;
 0.53543735]
Keyframe: 25 Frame: 240 Frame from vFrameID : 241
Tcw:
[0.99709862, 0.05584855, 0.051723417, 0.27419996;
 0.0011275039, 0.66858113, -0.7436384, -0.018114954;
 -0.076112427, 0.74153912, 0.66657829, 0.63889933;
 0, 0, 0, 1]
Twc:
[0.99709862, 0.0011275039, -0.076112427, -0.22475578;
 0.05584855, 0.66858113, 0.74153912, -0.47697121;
 0.051723417, -0.7436384, 0.66657829, -0.45352998;
 0, 0, 0, 1]
Ow:
[0.27419996;
 -0.018114954;
 0.63889933]
Keyframe: 26 Frame: 249 Frame from vFrameID : 250
Tcw:
[0.99975008, 0.016712874, -0.014847797, 0.31082773;
 -0.022246659, 0.6782397, -0.73450392, -0.01335609;
 -0.0022053055, 0.73465067, 0.678442, 0.70995378;
 0, 0, 0, 1]
Twc:
[0.99975008, -0.022246659, -0.0022053055, -0.3094815;
 0.016712874, 0.6782397, 0.73465067, -0.51770419;
 -0.014847797, -0.73450392, 0.678442, -0.48685744;
 0, 0, 0, 1]
Ow:
[0.31082773;
 -0.01335609;
 0.70995378]
Keyframe: 27 Frame: 251 Frame from vFrameID : 252
Tcw:
[0.99959254, 0.020225385, -0.020142907, 0.30829009;
 -0.028525464, 0.68184495, -0.73094034, -0.029138863;
 -0.0010492117, 0.73121709, 0.68214405, 0.72360933;
 0, 0, 0, 1]
Twc:
[0.99959254, -0.028525464, -0.0010492117, -0.30823645;
 0.020225385, 0.68184495, 0.73121709, -0.5154826;
 -0.020142907, -0.73094034, 0.68214405, -0.50869471;
 0, 0, 0, 1]
Ow:
[0.30829009;
 -0.029138863;
 0.72360933]
Keyframe: 28 Frame: 253 Frame from vFrameID : 254
Tcw:
[0.99915016, 0.022891916, -0.034277003, 0.31845415;
 -0.040719189, 0.6772176, -0.7346552, -0.033970952;
 0.0063953237, 0.7354266, 0.67757422, 0.73672855;
 0, 0, 0, 1]
Twc:
[0.99915016, -0.040719189, 0.0063953237, -0.32427841;
 0.022891916, 0.6772176, 0.7354266, -0.52609408;
 -0.034277003, -0.7346552, 0.67757422, -0.51322955;
 0, 0, 0, 1]
Ow:
[0.31845415;
 -0.033970952;
 0.73672855]
Keyframe: 29 Frame: 256 Frame from vFrameID : 257
Tcw:
[0.99928945, 0.01660639, -0.033835251, 0.32494283;
 -0.036272399, 0.6676662, -0.74357665, -0.036983699;
 0.010242528, 0.74427557, 0.66779411, 0.77048743;
 0, 0, 0, 1]
Twc:
[0.99928945, -0.036272399, 0.010242528, -0.33394516;
 0.01660639, 0.6676662, 0.74427557, -0.55415833;
 -0.033835251, -0.74357665, 0.66779411, -0.53103268;
 0, 0, 0, 1]
Ow:
[0.32494283;
 -0.036983699;
 0.77048743]
Keyframe: 30 Frame: 261 Frame from vFrameID : 262
Tcw:
[0.99915379, 0.039852295, -0.010173621, 0.34467116;
 -0.033809479, 0.65493017, -0.7549327, -0.00091832876;
 -0.023422789, 0.75463784, 0.65572339, 0.84304082;
 0, 0, 0, 1]
Twc:
[0.99915379, -0.033809479, -0.023422789, -0.32466421;
 0.039852295, 0.65493017, 0.75463784, -0.64932501;
 -0.010173621, -0.7549327, 0.65572339, -0.54998827;
 0, 0, 0, 1]
Ow:
[0.34467116;
 -0.00091832876;
 0.84304082]
Keyframe: 31 Frame: 266 Frame from vFrameID : 267
Tcw:
[0.99875373, 0.049897309, -0.0010974206, 0.38145629;
 -0.032273516, 0.62890786, -0.77680969, 0.020635575;
 -0.038070537, 0.77587706, 0.62973446, 0.91865814;
 0, 0, 0, 1]
Twc:
[0.99875373, -0.032273516, -0.038070537, -0.34534109;
 0.049897309, 0.62890786, 0.77587706, -0.7447772;
 -0.0010974206, -0.77680969, 0.62973446, -0.56206208;
 0, 0, 0, 1]
Ow:
[0.38145629;
 0.020635575;
 0.91865814]
Keyframe: 32 Frame: 272 Frame from vFrameID : 273
Tcw:
[0.99847078, 0.052691884, 0.016723689, 0.38708511;
 -0.021136694, 0.64340025, -0.76523811, 0.060899585;
 -0.051081862, 0.76371437, 0.64353013, 0.985246;
 0, 0, 0, 1]
Twc:
[0.99847078, -0.021136694, -0.051081862, -0.33487773;
 0.052691884, 0.64340025, 0.76371437, -0.81202561;
 0.016723689, -0.76523811, 0.64353013, -0.59390622;
 0, 0, 0, 1]
Ow:
[0.38708511;
 0.060899585;
 0.985246]
Keyframe: 33 Frame: 277 Frame from vFrameID : 278
Tcw:
[0.99971074, 0.022354431, -0.0088708494, 0.42032418;
 -0.020901645, 0.62511522, -0.78025258, 0.021495223;
 -0.011896799, 0.78021228, 0.62540168, 1.0978448;
 0, 0, 0, 1]
Twc:
[0.99971074, -0.020901645, -0.011896799, -0.40669248;
 0.022354431, 0.62511522, 0.78021228, -0.87938511;
 -0.0088708494, -0.78025258, 0.62540168, -0.66609365;
 0, 0, 0, 1]
Ow:
[0.42032418;
 0.021495223;
 1.0978448]
Keyframe: 34 Frame: 282 Frame from vFrameID : 283
Tcw:
[0.99884176, 0.0033265769, -0.048000444, 0.44559214;
 -0.038883246, 0.64341253, -0.76453149, 0.014288783;
 0.028340813, 0.76551241, 0.64279664, 1.1348186;
 0, 0, 0, 1]
Twc:
[0.99884176, -0.038883246, 0.028340813, -0.47668216;
 0.0033265769, 0.64341253, 0.76551241, -0.87939358;
 -0.048000444, -0.76453149, 0.64279664, -0.69714475;
 0, 0, 0, 1]
Ow:
[0.44559214;
 0.014288783;
 1.1348186]
Keyframe: 35 Frame: 287 Frame from vFrameID : 288
Tcw:
[0.99851286, 0.00075758575, -0.054511245, 0.47369915;
 -0.042511754, 0.63679361, -0.76986146, -0.012616634;
 0.034129176, 0.77103394, 0.6358788, 1.1966009;
 0, 0, 0, 1]
Twc:
[0.99851286, -0.042511754, 0.034129176, -0.51437008;
 0.00075758575, 0.63679361, 0.77103394, -0.91494465;
 -0.054511245, -0.76986146, 0.6358788, -0.74478436;
 0, 0, 0, 1]
Ow:
[0.47369915;
 -0.012616634;
 1.1966009]
Keyframe: 36 Frame: 294 Frame from vFrameID : 295
Tcw:
[0.99780118, 0.040196553, -0.052697614, 0.49323156;
 -0.066237867, 0.63251847, -0.77170777, -0.018642247;
 0.0023122216, 0.77350152, 0.63379025, 1.2225113;
 0, 0, 0, 1]
Twc:
[0.99780118, -0.066237867, 0.0023122216, -0.49620855;
 0.040196553, 0.63251847, 0.77350152, -0.95364892;
 -0.052697614, -0.77170777, 0.63379025, -0.76320988;
 0, 0, 0, 1]
Ow:
[0.49323156;
 -0.018642247;
 1.2225113]
Keyframe: 37 Frame: 299 Frame from vFrameID : 300
Tcw:
[0.99679011, 0.068276964, -0.041806452, 0.52191472;
 -0.076058358, 0.64458728, -0.76073807, -0.012972891;
 -0.024992976, 0.76147586, 0.64771122, 1.2466813;
 0, 0, 0, 1]
Twc:
[0.99679011, -0.076058358, -0.024992976, -0.49006781;
 0.068276964, 0.64458728, 0.76147586, -0.97659039;
 -0.041806452, -0.76073807, 0.64771122, -0.79553908;
 0, 0, 0, 1]
Ow:
[0.52191472;
 -0.012972891;
 1.2466813]
Keyframe: 38 Frame: 305 Frame from vFrameID : 306
Tcw:
[0.99931645, 0.034720451, -0.012692179, 0.53009129;
 -0.031757593, 0.63055569, -0.77549398, -0.033072293;
 -0.018922376, 0.77536702, 0.63122731, 1.3569844;
 0, 0, 0, 1]
Twc:
[0.99931645, -0.031757593, -0.018922376, -0.50510192;
 0.034720451, 0.63055569, 0.77536702, -1.0497119;
 -0.012692179, -0.77549398, 0.63122731, -0.875485;
 0, 0, 0, 1]
Ow:
[0.53009129;
 -0.033072293;
 1.3569844]
Keyframe: 39 Frame: 312 Frame from vFrameID : 313
Tcw:
[0.99820077, 0.013791784, -0.058352102, 0.55913383;
 -0.053521007, 0.64367998, -0.763421, 0.022343755;
 0.027031142, 0.76517045, 0.64326, 1.4059774;
 0, 0, 0, 1]
Twc:
[0.99820077, -0.053521007, 0.027031142, -0.59493715;
 0.013791784, 0.64367998, 0.76517045, -1.0979061;
 -0.058352102, -0.763421, 0.64326, -0.85472471;
 0, 0, 0, 1]
Ow:
[0.55913383;
 0.022343755;
 1.4059774]
Keyframe: 40 Frame: 318 Frame from vFrameID : 319
Tcw:
[0.9976117, 0.014524383, -0.067527346, 0.58624113;
 -0.061456803, 0.63288587, -0.77180213, 0.005474627;
 0.031527154, 0.77410883, 0.632267, 1.4942949;
 0, 0, 0, 1]
Twc:
[0.9976117, -0.061456803, 0.031527154, -0.6316154;
 0.014524383, 0.63288587, 0.77410883, -1.1687266;
 -0.067527346, -0.77180213, 0.632267, -0.90098071;
 0, 0, 0, 1]
Ow:
[0.58624113;
 0.005474627;
 1.4942949]
Keyframe: 41 Frame: 324 Frame from vFrameID : 325
Tcw:
[0.99904299, 0.027631514, -0.033906072, 0.55538154;
 -0.043737736, 0.63756233, -0.76915622, 0.0063890815;
 0.00036428348, 0.76990312, 0.63816071, 1.5171957;
 0, 0, 0, 1]
Twc:
[0.99904299, -0.043737736, 0.00036428348, -0.55512327;
 0.027631514, 0.63756233, 0.76990312, -1.1875131;
 -0.033906072, -0.76915622, 0.63816071, -0.94446969;
 0, 0, 0, 1]
Ow:
[0.55538154;
 0.0063890815;
 1.5171957]
Keyframe: 42 Frame: 331 Frame from vFrameID : 332
Tcw:
[0.99852771, 0.052330188, -0.014279961, 0.71367884;
 -0.044348411, 0.63599116, -0.77042097, 0.22027868;
 -0.031234346, 0.76991999, 0.63737553, 1.5486213;
 0, 0, 0, 1]
Twc:
[0.99852771, -0.044348411, -0.031234346, -0.65448892;
 0.052330188, 0.63599116, 0.76991999, -1.3697567;
 -0.014279961, -0.77042097, 0.63737553, -0.80715472;
 0, 0, 0, 1]
Ow:
[0.71367884;
 0.22027868;
 1.5486213]
Keyframe: 43 Frame: 339 Frame from vFrameID : 340
Tcw:
[0.99960625, 0.015668433, -0.023277588, 0.65893686;
 -0.027956188, 0.6273033, -0.77827311, 0.13017786;
 0.0024077871, 0.77861744, 0.62749428, 1.6903914;
 0, 0, 0, 1]
Twc:
[0.99960625, -0.027956188, 0.0024077871, -0.65910822;
 0.015668433, 0.6273033, 0.77861744, -1.4081537;
 -0.023277588, -0.77827311, 0.62749428, -0.9440586;
 0, 0, 0, 1]
Ow:
[0.65893686;
 0.13017786;
 1.6903914]
Keyframe: 44 Frame: 347 Frame from vFrameID : 348
Tcw:
[0.9993192, -0.0061468598, -0.036377545, 0.64837033;
 -0.023341784, 0.65824372, -0.7524429, 0.032430768;
 0.028570451, 0.75277978, 0.65765214, 1.7180543;
 0, 0, 0, 1]
Twc:
[0.9993192, -0.023341784, 0.028570451, -0.69625759;
 -0.0061468598, 0.65824372, 0.75277978, -1.3106785;
 -0.036377545, -0.7524429, 0.65765214, -1.0818937;
 0, 0, 0, 1]
Ow:
[0.64837033;
 0.032430768;
 1.7180543]
Keyframe: 45 Frame: 355 Frame from vFrameID : 356
Tcw:
[0.99927658, 0.028893733, -0.024728308, 0.71107686;
 -0.037498992, 0.6402306, -0.76726699, 0.048330069;
 -0.0063373884, 0.76763922, 0.6408509, 1.7512329;
 0, 0, 0, 1]
Twc:
[0.99927658, -0.037498992, -0.0063373884, -0.69765186;
 0.028893733, 0.6402306, 0.76763922, -1.395803;
 -0.024728308, -0.76726699, 0.6408509, -1.0676132;
 0, 0, 0, 1]
Ow:
[0.71107686;
 0.048330069;
 1.7512329]
Keyframe: 46 Frame: 363 Frame from vFrameID : 364
Tcw:
[0.99821621, 0.058104087, 0.013724304, 0.74100822;
 -0.027165506, 0.64673769, -0.76222855, 0.043998659;
 -0.05316462, 0.76049608, 0.6471625, 1.9074591;
 0, 0, 0, 1]
Twc:
[0.99821621, -0.027165506, -0.05316462, -0.6370818;
 0.058104087, 0.64673769, 0.76049608, -1.5221263;
 0.013724304, -0.76222855, 0.6471625, -1.2110687;
 0, 0, 0, 1]
Ow:
[0.74100822;
 0.043998659;
 1.9074591]
Keyframe: 47 Frame: 371 Frame from vFrameID : 372
Tcw:
[0.99994045, -0.0031384856, -0.010451754, 0.77573913;
 -0.0061236997, 0.63137096, -0.77545679, -0.0059097409;
 0.0090326937, 0.77547461, 0.6313141, 2.0576055;
 0, 0, 0, 1]
Twc:
[0.99994045, -0.0061236997, 0.0090326937, -0.79431486;
 -0.0031384856, 0.63137096, 0.77547461, -1.589455;
 -0.010451754, -0.77545679, 0.6313141, -1.2954704;
 0, 0, 0, 1]
Ow:
[0.77573913;
 -0.0059097409;
 2.0576055]
Keyframe: 48 Frame: 380 Frame from vFrameID : 381
Tcw:
[0.99946946, 0.0010595941, -0.032552149, 0.85420948;
 -0.025670165, 0.64076203, -0.76731026, -0.058300138;
 0.020045143, 0.76773882, 0.64044929, 2.1746428;
 0, 0, 0, 1]
Twc:
[0.99946946, -0.025670165, 0.020045143, -0.89884394;
 0.0010595941, 0.64076203, 0.76773882, -1.6331064;
 -0.032552149, -0.76731026, 0.64044929, -1.4096764;
 0, 0, 0, 1]
Ow:
[0.85420948;
 -0.058300138;
 2.1746428]
Keyframe: 49 Frame: 389 Frame from vFrameID : 390
Tcw:
[0.99898297, 0.045087893, -0.00031509556, 0.92584741;
 -0.029308118, 0.64401847, -0.76444829, -0.078882098;
 -0.034264434, 0.7636801, 0.64468497, 2.2470517;
 0, 0, 0, 1]
Twc:
[0.99898297, -0.029308118, -0.034264434, -0.85022372;
 0.045087893, 0.64401847, 0.7636801, -1.7069715;
 -0.00031509556, -0.76444829, 0.64468497, -1.5086501;
 0, 0, 0, 1]
Ow:
[0.92584741;
 -0.078882098;
 2.2470517]
Keyframe: 50 Frame: 397 Frame from vFrameID : 398
Tcw:
[0.9992584, 0.033340499, 0.019263044, 0.89084828;
 -0.00576207, 0.62411344, -0.78131247, 0.017547607;
 -0.038071673, 0.78062207, 0.62384272, 2.348763;
 0, 0, 0, 1]
Twc:
[0.9992584, -0.00576207, -0.038071673, -0.80066514;
 0.033340499, 0.62411344, 0.78062207, -1.8741492;
 0.019263044, -0.78131247, 0.62384272, -1.4687089;
 0, 0, 0, 1]
Ow:
[0.89084828;
 0.017547607;
 2.348763]
Keyframe: 51 Frame: 405 Frame from vFrameID : 406
Tcw:
[0.99919271, 0.00057856669, -0.040170111, 0.95931751;
 -0.031313069, 0.63763922, -0.76969844, -0.047987461;
 0.025168717, 0.7703349, 0.6371426, 2.4350934;
 0, 0, 0, 1]
Twc:
[0.99919271, -0.031313069, 0.025168717, -1.0213338;
 0.00057856669, 0.63763922, 0.7703349, -1.8457938;
 -0.040170111, -0.76969844, 0.6371426, -1.5499017;
 0, 0, 0, 1]
Ow:
[0.95931751;
 -0.047987461;
 2.4350934]
Keyframe: 52 Frame: 413 Frame from vFrameID : 414
Tcw:
[0.9998616, -0.003198321, 0.016327174, 0.94265372;
 0.014649547, 0.63442117, -0.77284878, 0.10858071;
 -0.0078864861, 0.77298099, 0.63438016, 2.4808819;
 0, 0, 0, 1]
Twc:
[0.9998616, 0.014649547, -0.0078864861, -0.92454845;
 -0.003198321, 0.63442117, 0.77298099, -1.9835454;
 0.016327174, -0.77284878, 0.63438016, -1.5052967;
 0, 0, 0, 1]
Ow:
[0.94265372;
 0.10858071;
 2.4808819]
Keyframe: 53 Frame: 421 Frame from vFrameID : 422
Tcw:
[0.99891728, 0.027982345, 0.037165418, 0.97041023;
 0.011123317, 0.63205045, -0.77484739, 0.061425686;
 -0.045172468, 0.77442187, 0.63105488, 2.5376191;
 0, 0, 0, 1]
Twc:
[0.99891728, 0.011123317, -0.045172468, -0.8554123;
 0.027982345, 0.63205045, 0.77442187, -2.0311661;
 0.037165418, -0.77484739, 0.63105488, -1.589847;
 0, 0, 0, 1]
Ow:
[0.97041023;
 0.061425686;
 2.5376191]
Keyframe: 54 Frame: 428 Frame from vFrameID : 429
Tcw:
[0.9995476, 0.022875553, 0.01952716, 1.0189124;
 0.00087055267, 0.6269713, -0.77904183, -0.010942101;
 -0.030063983, 0.77870643, 0.62666774, 2.6209393;
 0, 0, 0, 1]
Twc:
[0.9995476, 0.00087055267, -0.030063983, -0.93964607;
 0.022875553, 0.6269713, 0.77870643, -2.05739;
 0.01952716, -0.77904183, 0.62666774, -1.670879;
 0, 0, 0, 1]
Ow:
[1.0189124;
 -0.010942101;
 2.6209393]
Keyframe: 55 Frame: 436 Frame from vFrameID : 437
Tcw:
[0.99975711, -0.016017092, -0.015138204, 1.0637256;
 -0.0020020837, 0.61804032, -0.78614384, -0.071980596;
 0.021947758, 0.7859832, 0.61785817, 2.7394166;
 0, 0, 0, 1]
Twc:
[0.99975711, -0.0020020837, 0.021947758, -1.1237354;
 -0.016017092, 0.61804032, 0.7859832, -2.0916107;
 -0.015138204, -0.78614384, 0.61785817, -1.733055;
 0, 0, 0, 1]
Ow:
[1.0637256;
 -0.071980596;
 2.7394166]
Keyframe: 56 Frame: 445 Frame from vFrameID : 446
Tcw:
[0.99990785, 0.0027829518, 0.013286172, 1.0967691;
 0.00860848, 0.62677395, -0.77915359, -0.07851553;
 -0.010495774, 0.77919614, 0.62669224, 2.8020792;
 0, 0, 0, 1]
Twc:
[0.99990785, 0.00860848, -0.010495774, -1.0665822;
 0.0027829518, 0.62677395, 0.77919614, -2.1372101;
 0.013286172, -0.77915359, 0.62669224, -1.8317888;
 0, 0, 0, 1]
Ow:
[1.0967691;
 -0.07851553;
 2.8020792]
Keyframe: 57 Frame: 453 Frame from vFrameID : 454
Tcw:
[0.99874079, 0.024717005, 0.043656763, 1.1038518;
 0.018462854, 0.62804717, -0.77795619, -0.073848844;
 -0.046647254, 0.77778262, 0.6268, 2.882345;
 0, 0, 0, 1]
Twc:
[0.99874079, 0.018462854, -0.046647254, -0.96664482;
 0.024717005, 0.62804717, 0.77778262, -2.2227411;
 0.043656763, -0.77795619, 0.6268, -1.9122956;
 0, 0, 0, 1]
Ow:
[1.1038518;
 -0.073848844;
 2.882345]
Keyframe: 58 Frame: 462 Frame from vFrameID : 463
Tcw:
[0.99995744, -0.0049470142, -0.0077867503, 1.1639241;
 -0.0034056271, 0.58649153, -0.80994821, 0.050384521;
 0.0085736886, 0.80994022, 0.58644974, 2.9957712;
 0, 0, 0, 1]
Twc:
[0.99995744, -0.0034056271, 0.0085736886, -1.1893878;
 -0.0049470142, 0.58649153, 0.80994022, -2.4501879;
 -0.0077867503, -0.80994821, 0.58644974, -1.7069972;
 0, 0, 0, 1]
Ow:
[1.1639241;
 0.050384521;
 2.9957712]
Keyframe: 59 Frame: 471 Frame from vFrameID : 472
Tcw:
[0.99997514, 0.0070043397, -0.00078376353, 1.16773;
 -0.0050355834, 0.63221002, -0.77478069, -0.05464828;
 -0.0049313237, 0.77476537, 0.63222963, 3.0734391;
 0, 0, 0, 1]
Twc:
[0.99997514, -0.0050355834, -0.0049313237, -1.15282;
 0.0070043397, 0.63221002, 0.77476537, -2.3548243;
 -0.00078376353, -0.77478069, 0.63222963, -1.9845444;
 0, 0, 0, 1]
Ow:
[1.16773;
 -0.05464828;
 3.0734391]
Keyframe: 60 Frame: 480 Frame from vFrameID : 481
Tcw:
[0.99891871, 0.028810093, 0.036488354, 1.1835246;
 0.010142545, 0.63089526, -0.77580172, -0.061551571;
 -0.045371249, 0.77533293, 0.62992084, 3.099092;
 0, 0, 0, 1]
Twc:
[0.99891871, 0.010142545, -0.045371249, -1.0410109;
 0.028810093, 0.63089526, 0.77533293, -2.398093;
 0.036488354, -0.77580172, 0.62992084, -2.0431194;
 0, 0, 0, 1]
Ow:
[1.1835246;
 -0.061551571;
 3.099092]
Keyframe: 61 Frame: 488 Frame from vFrameID : 489
Tcw:
[0.99942219, 0.011720128, 0.031905547, 1.2222391;
 0.017628534, 0.62383109, -0.78136039, 0.023741961;
 -0.029061314, 0.78147131, 0.62326401, 3.1625099;
 0, 0, 0, 1]
Twc:
[0.99942219, 0.017628534, -0.029061314, -1.1300446;
 0.011720128, 0.62383109, 0.78147131, -2.5005467;
 0.031905547, -0.78136039, 0.62326401, -1.9915239;
 0, 0, 0, 1]
Ow:
[1.2222391;
 0.023741961;
 3.1625099]
Keyframe: 62 Frame: 496 Frame from vFrameID : 497
Tcw:
[0.99978185, -0.013036114, -0.016320264, 1.2218341;
 -0.0038047261, 0.65460831, -0.75595868, 0.0036045313;
 0.020538142, 0.7558558, 0.65441591, 3.1827688;
 0, 0, 0, 1]
Twc:
[0.99978185, -0.0038047261, 0.020538142, -1.286922;
 -0.013036114, 0.65460831, 0.7558558, -2.3921461;
 -0.016320264, -0.75595868, 0.65441591, -2.060189;
 0, 0, 0, 1]
Ow:
[1.2218341;
 0.0036045313;
 3.1827688]
Keyframe: 63 Frame: 504 Frame from vFrameID : 505
Tcw:
[0.99944013, -0.01495658, 0.029927826, 1.231654;
 0.032601286, 0.63638037, -0.77068615, -0.034986138;
 -0.0075186505, 0.7712304, 0.63651168, 3.3765538;
 0, 0, 0, 1]
Twc:
[0.99944013, 0.032601286, -0.0075186505, -1.2044369;
 -0.01495658, 0.63638037, 0.7712304, -2.5634151;
 0.029927826, -0.77068615, 0.63651168, -2.2130401;
 0, 0, 0, 1]
Ow:
[1.231654;
 -0.034986138;
 3.3765538]
Keyframe: 64 Frame: 513 Frame from vFrameID : 514
Tcw:
[0.99963957, 0.026070999, 0.0064034276, 1.2617263;
 -0.012361774, 0.65875292, -0.75225776, -0.038163781;
 -0.023830388, 0.75190747, 0.6588378, 3.4198494;
 0, 0, 0, 1]
Twc:
[0.99963957, -0.012361774, -0.023830388, -1.1802468;
 0.026070999, 0.65875292, 0.75190747, -2.5791643;
 0.0064034276, -0.75225776, 0.6588378, -2.2899144;
 0, 0, 0, 1]
Ow:
[1.2617263;
 -0.038163781;
 3.4198494]
Keyframe: 65 Frame: 522 Frame from vFrameID : 523
Tcw:
[0.99882889, -0.020283325, -0.043924749, 1.3285623;
 -0.02006207, 0.65250975, -0.75751472, -0.11113667;
 0.044026241, 0.75750881, 0.65133864, 3.5462599;
 0, 0, 0, 1]
Twc:
[0.99882889, -0.02006207, 0.044026241, -1.4853646;
 -0.020283325, 0.65250975, 0.75750881, -2.5868578;
 -0.043924749, -0.75751472, 0.65133864, -2.3356471;
 0, 0, 0, 1]
Ow:
[1.3285623;
 -0.11113667;
 3.5462599]
Keyframe: 66 Frame: 531 Frame from vFrameID : 532
Tcw:
[0.99793726, -0.025126373, -0.059075125, 1.3949019;
 -0.026583228, 0.675879, -0.73653305, -0.14889312;
 0.058434039, 0.73658419, 0.67381692, 3.6042957;
 0, 0, 0, 1]
Twc:
[0.99793726, -0.026583228, 0.058434039, -1.6065962;
 -0.025126373, 0.675879, 0.73658419, -2.5191846;
 -0.059075125, -0.73653305, 0.67381692, -2.4558961;
 0, 0, 0, 1]
Ow:
[1.3949019;
 -0.14889312;
 3.6042957]
Keyframe: 67 Frame: 540 Frame from vFrameID : 541
Tcw:
[0.99949419, 0.00010328584, 0.031801477, 1.3759114;
 0.024062058, 0.65138447, -0.75836617, -0.11495149;
 -0.020793319, 0.75874782, 0.65105253, 3.791738;
 0, 0, 0, 1]
Twc:
[0.99949419, 0.024062058, -0.020793319, -1.2936066;
 0.00010328584, 0.65138447, 0.75874782, -2.8022373;
 0.031801477, -0.75836617, 0.65105253, -2.5995519;
 0, 0, 0, 1]
Ow:
[1.3759114;
 -0.11495149;
 3.791738]
Keyframe: 68 Frame: 548 Frame from vFrameID : 549
Tcw:
[0.99955529, -0.013439789, 0.026619988, 1.3536382;
 0.029179702, 0.62485313, -0.78019685, -0.076400399;
 -0.0061479006, 0.78062665, 0.6249674, 3.9326;
 0, 0, 0, 1]
Twc:
[0.99955529, 0.029179702, -0.0061479006, -1.3266296;
 -0.013439789, 0.62485313, 0.78062665, -3.0039606;
 0.026619988, -0.78019685, 0.6249674, -2.5533881;
 0, 0, 0, 1]
Ow:
[1.3536382;
 -0.076400399;
 3.9326]
Keyframe: 69 Frame: 557 Frame from vFrameID : 558
Tcw:
[0.99979448, -0.0098943049, 0.017694537, 1.3844399;
 0.019858953, 0.65348339, -0.75668031, -0.09007144;
 -0.0040762597, 0.75687617, 0.65354556, 3.9752874;
 0, 0, 0, 1]
Twc:
[0.99979448, 0.019858953, -0.0040762597, -1.3661623;
 -0.0098943049, 0.65348339, 0.75687617, -2.9362419;
 0.017694537, -0.75668031, 0.65354556, -2.6906838;
 0, 0, 0, 1]
Ow:
[1.3844399;
 -0.09007144;
 3.9752874]
Keyframe: 70 Frame: 565 Frame from vFrameID : 566
Tcw:
[0.99755412, 0.01254824, 0.068762697, 1.4304502;
 0.043527432, 0.65820974, -0.75157523, -0.14182687;
 -0.054691222, 0.75273007, 0.6560536, 3.9706583;
 0, 0, 0, 1]
Twc:
[0.99755412, 0.043527432, -0.054691222, -1.203618;
 0.01254824, 0.65820974, 0.75273007, -2.9134314;
 0.068762697, -0.75157523, 0.6560536, -2.8099201;
 0, 0, 0, 1]
Ow:
[1.4304502;
 -0.14182687;
 3.9706583]
Keyframe: 71 Frame: 573 Frame from vFrameID : 574
Tcw:
[0.99464059, 0.028515531, 0.099382989, 1.4847763;
 0.055604767, 0.66284549, -0.74668866, -0.16879821;
 -0.087167785, 0.74821299, 0.65770745, 4.0519071;
 0, 0, 0, 1]
Twc:
[0.99464059, 0.055604767, -0.087167785, -1.114237;
 0.028515531, 0.66284549, 0.74821299, -2.9621415;
 0.099382989, -0.74668866, 0.65770745, -2.9385707;
 0, 0, 0, 1]
Ow:
[1.4847763;
 -0.16879821;
 4.0519071]
Keyframe: 72 Frame: 581 Frame from vFrameID : 582
Tcw:
[0.99951953, -0.0018185241, 0.030941734, 1.5186318;
 0.024872357, 0.64273649, -0.76568347, -0.1575129;
 -0.018494967, 0.76608521, 0.64247292, 4.1042452;
 0, 0, 0, 1]
Twc:
[0.99951953, 0.024872357, -0.018494967, -1.4380766;
 -0.0018185241, 0.64273649, 0.76608521, -3.0402005;
 0.030941734, -0.76568347, 0.64247292, -2.8044605;
 0, 0, 0, 1]
Ow:
[1.5186318;
 -0.1575129;
 4.1042452]
Keyframe: 73 Frame: 589 Frame from vFrameID : 590
Tcw:
[0.99971986, 0.015046393, -0.018270452, 1.5398473;
 -0.023666156, 0.64659178, -0.76246899, -0.15496695;
 0.00034111558, 0.7626878, 0.64676678, 4.1727405;
 0, 0, 0, 1]
Twc:
[0.99971986, -0.023666156, 0.00034111558, -1.5445068;
 0.015046393, 0.64659178, 0.7626878, -3.1054668;
 -0.018270452, -0.76246899, 0.64676678, -2.7888136;
 0, 0, 0, 1]
Ow:
[1.5398473;
 -0.15496695;
 4.1727405]
Keyframe: 74 Frame: 598 Frame from vFrameID : 599
Tcw:
[0.99768251, 0.040486377, 0.054685462, 1.5463105;
 0.014626286, 0.65730798, -0.75348014, -0.20149302;
 -0.066450872, 0.75253373, 0.65519249, 4.2703276;
 0, 0, 0, 1]
Twc:
[0.99768251, 0.014626286, -0.066450872, -1.2560129;
 0.040486377, 0.65730798, 0.75253373, -3.1437273;
 0.054685462, -0.75348014, 0.65519249, -3.0342681;
 0, 0, 0, 1]
Ow:
[1.5463105;
 -0.20149302;
 4.2703276]
Keyframe: 75 Frame: 607 Frame from vFrameID : 608
Tcw:
[0.9997344, 0.023044039, -0.00036844722, 1.5941364;
 -0.015138634, 0.64454699, -0.76441479, -0.18753767;
 -0.017377723, 0.76421732, 0.64472467, 4.357419;
 0, 0, 0, 1]
Twc:
[0.9997344, -0.015138634, -0.017377723, -1.5208299;
 0.023044039, 0.64454699, 0.76421732, -3.2458737;
 -0.00036844722, -0.76441479, 0.64472467, -2.9521046;
 0, 0, 0, 1]
Ow:
[1.5941364;
 -0.18753767;
 4.357419]
Keyframe: 76 Frame: 616 Frame from vFrameID : 617
Tcw:
[0.99847686, 0.012743862, -0.053680375, 1.6434827;
 -0.048769709, 0.65880018, -0.75073552, -0.19482493;
 0.025797369, 0.75221002, 0.65841824, 4.3982272;
 0, 0, 0, 1]
Twc:
[0.99847686, -0.048769709, 0.025797369, -1.7639436;
 0.012743862, 0.65880018, 0.75221002, -3.200984;
 -0.053680375, -0.75073552, 0.65841824, -2.9539123;
 0, 0, 0, 1]
Ow:
[1.6434827;
 -0.19482493;
 4.3982272]
Keyframe: 77 Frame: 625 Frame from vFrameID : 626
Tcw:
[0.99795443, 0.051734634, 0.037556492, 1.6235445;
 -0.0050191353, 0.64905983, -0.76072079, -0.16678166;
 -0.063732021, 0.75897622, 0.64799178, 4.4772062;
 0, 0, 0, 1]
Twc:
[0.99795443, -0.0050191353, -0.063732021, -1.3357191;
 0.051734634, 0.64905983, 0.75897622, -3.3738351;
 0.037556492, -0.76072079, 0.64799178, -3.0890419;
 0, 0, 0, 1]
Ow:
[1.6235445;
 -0.16678166;
 4.4772062]
Keyframe: 78 Frame: 634 Frame from vFrameID : 635
Tcw:
[0.99734336, 0.051138911, 0.051875163, 1.662852;
 0.0046813665, 0.6656732, -0.74622869, -0.20338154;
 -0.072693229, 0.74448907, 0.66366535, 4.5587254;
 0, 0, 0, 1]
Twc:
[0.99734336, 0.0046813665, -0.072693229, -1.3260939;
 0.051138911, 0.6656732, 0.74448907, -3.3435724;
 0.051875163, -0.74622869, 0.66366535, -3.2634983;
 0, 0, 0, 1]
Ow:
[1.662852;
 -0.20338154;
 4.5587254]
Keyframe: 79 Frame: 643 Frame from vFrameID : 644
Tcw:
[0.99984998, 0.014566343, 0.0093733361, 1.6896914;
 -0.0027090155, 0.66597533, -0.74596882, -0.15478468;
 -0.01710845, 0.74583149, 0.66591489, 4.6580563;
 0, 0, 0, 1]
Twc:
[0.99984998, -0.0027090155, -0.01710845, -1.610165;
 0.014566343, 0.66597533, 0.74583149, -3.3956552;
 0.0093733361, -0.74596882, 0.66591489, -3.2331719;
 0, 0, 0, 1]
Ow:
[1.6896914;
 -0.15478468;
 4.6580563]
Keyframe: 80 Frame: 652 Frame from vFrameID : 653
Tcw:
[0.99904621, 0.0074724555, 0.04302153, 1.7226621;
 0.027132912, 0.66571808, -0.7457099, -0.16326261;
 -0.034212496, 0.74616593, 0.66488039, 4.7544661;
 0, 0, 0, 1]
Twc:
[0.99904621, 0.027132912, -0.034212496, -1.5539271;
 0.0074724555, 0.66571808, 0.74616593, -3.4518061;
 0.04302153, -0.7457099, 0.66488039, -3.3570094;
 0, 0, 0, 1]
Ow:
[1.7226621;
 -0.16326261;
 4.7544661]
Keyframe: 81 Frame: 661 Frame from vFrameID : 662
Tcw:
[0.99761748, 0.03720792, 0.058094352, 1.7421538;
 0.019753704, 0.65276903, -0.75729942, -0.17435837;
 -0.066099733, 0.7566427, 0.65047878, 4.7972679;
 0, 0, 0, 1]
Twc:
[0.99761748, 0.019753704, -0.066099733, -1.4174607;
 0.03720792, 0.65276903, 0.7566427, -3.5808241;
 0.058094352, -0.75729942, 0.65047878, -3.3537719;
 0, 0, 0, 1]
Ow:
[1.7421538;
 -0.17435837;
 4.7972679]
Keyframe: 82 Frame: 670 Frame from vFrameID : 671
Tcw:
[0.9999823, 0.001995143, -0.0056095058, 1.7776313;
 -0.005591312, 0.63841355, -0.76967323, -0.093949795;
 0.0020455765, 0.76969093, 0.63841343, 4.8304176;
 0, 0, 0, 1]
Twc:
[0.9999823, -0.005591312, 0.0020455765, -1.7880061;
 0.001995143, 0.63841355, 0.76969093, -3.6614964;
 -0.0056095058, -0.76967323, 0.63841343, -3.1461422;
 0, 0, 0, 1]
Ow:
[1.7776313;
 -0.093949795;
 4.8304176]
Keyframe: 83 Frame: 679 Frame from vFrameID : 680
Tcw:
[0.99980879, -0.018766351, -0.0054994128, 1.8087773;
 0.0077833347, 0.63986188, -0.7684505, -0.086777925;
 0.017939877, 0.76826078, 0.6398856, 4.9829721;
 0, 0, 0, 1]
Twc:
[0.99980879, 0.0077833347, 0.017939877, -1.8971499;
 -0.018766351, 0.63986188, 0.76826078, -3.7387514;
 -0.0054994128, -0.7684505, 0.6398856, -3.2452693;
 0, 0, 0, 1]
Ow:
[1.8087773;
 -0.086777925;
 4.9829721]
Keyframe: 84 Frame: 688 Frame from vFrameID : 689
Tcw:
[0.99879396, -0.007448189, 0.048529956, 1.8295705;
 0.041772053, 0.64833874, -0.76020521, -0.053891659;
 -0.0258017, 0.76131558, 0.64786798, 5.0391998;
 0, 0, 0, 1]
Twc:
[0.99879396, 0.041772053, -0.0258017, -1.6950929;
 -0.007448189, 0.64833874, 0.76131558, -3.7878544;
 0.048529956, -0.76020521, 0.64786798, -3.3944936;
 0, 0, 0, 1]
Ow:
[1.8295705;
 -0.053891659;
 5.0391998]
Keyframe: 85 Frame: 696 Frame from vFrameID : 697
Tcw:
[0.99962652, -0.026444428, -0.0068903496, 1.9069754;
 0.011720965, 0.64266759, -0.76605546, -0.11016798;
 0.024686104, 0.7656886, 0.64273757, 5.1125479;
 0, 0, 0, 1]
Twc:
[0.99962652, 0.011720965, 0.024686104, -2.0311809;
 -0.026444428, 0.64266759, 0.7656886, -3.7933896;
 -0.0068903496, -0.76605546, 0.64273757, -3.3572817;
 0, 0, 0, 1]
Ow:
[1.9069754;
 -0.11016798;
 5.1125479]
Keyframe: 86 Frame: 704 Frame from vFrameID : 705
Tcw:
[0.99967021, -0.024514236, -0.0076541384, 1.920855;
 0.010657495, 0.66716498, -0.74483371, -0.11113453;
 0.023365602, 0.74450648, 0.66720623, 5.1418324;
 0, 0, 0, 1]
Twc:
[0.99967021, 0.010657495, 0.023365602, -2.0391791;
 -0.024514236, 0.66716498, 0.74450648, -3.7068942;
 -0.0076541384, -0.74483371, 0.66720623, -3.4987369;
 0, 0, 0, 1]
Ow:
[1.920855;
 -0.11113453;
 5.1418324]
Keyframe: 87 Frame: 712 Frame from vFrameID : 713
Tcw:
[0.99859351, -0.03796022, 0.037013717, 1.941422;
 0.052777685, 0.64521283, -0.76217771, -0.096341133;
 0.0050507104, 0.76305926, 0.64630884, 5.2641678;
 0, 0, 0, 1]
Twc:
[0.99859351, 0.052777685, 0.0050507104, -1.9601945;
 -0.03796022, 0.64521283, 0.76305926, -3.8810143;
 0.037013717, -0.76217771, 0.64630884, -3.5475664;
 0, 0, 0, 1]
Ow:
[1.941422;
 -0.096341133;
 5.2641678]
Keyframe: 88 Frame: 721 Frame from vFrameID : 722
Tcw:
[0.99813467, -0.040582877, 0.045608949, 1.9871445;
 0.061038524, 0.64866704, -0.75862068, -0.14386106;
 0.0012019883, 0.75998956, 0.64993417, 5.3299985;
 0, 0, 0, 1]
Twc:
[0.99813467, 0.061038524, 0.0012019883, -1.9810634;
 -0.040582877, 0.64866704, 0.75998956, -3.8767812;
 0.045608949, -0.75862068, 0.64993417, -3.6639159;
 0, 0, 0, 1]
Ow:
[1.9871445;
 -0.14386106;
 5.3299985]
Keyframe: 89 Frame: 730 Frame from vFrameID : 731
Tcw:
[0.99816406, -0.059941456, 0.0086879795, 1.9642134;
 0.044964589, 0.63725567, -0.76933956, -0.087412596;
 0.040578868, 0.76831776, 0.63878095, 5.5246263;
 0, 0, 0, 1]
Twc:
[0.99816406, 0.044964589, 0.040578868, -2.18086;
 -0.059941456, 0.63725567, 0.76831776, -4.0712266;
 0.0086879795, -0.76933956, 0.63878095, -3.6133413;
 0, 0, 0, 1]
Ow:
[1.9642134;
 -0.087412596;
 5.5246263]
Keyframe: 90 Frame: 739 Frame from vFrameID : 740
Tcw:
[0.99945092, -0.012956575, 0.030495193, 1.998728;
 0.031856518, 0.62881851, -0.77689928, -0.16545987;
 -0.0091099879, 0.77744418, 0.62888598, 5.598331;
 0, 0, 0, 1]
Twc:
[0.99945092, 0.031856518, -0.0091099879, -1.9413589;
 -0.012956575, 0.62881851, 0.77744418, -4.2224488;
 0.030495193, -0.77689928, 0.62888598, -3.7102089;
 0, 0, 0, 1]
Ow:
[1.998728;
