Keyframe: 0 Frame: 0 Frame from vFrameID : 133
Tcw:
[0.99927133, 0.030886197, 0.022422977, 0.067165509;
 -0.0063908286, 0.7145974, -0.69950676, -0.094219163;
 -0.037628505, 0.69885379, 0.71427411, 0.095490903;
 0, 0, 0, 1]
Twc:
[0.99927133, -0.0063908286, -0.037628505, -0.064125523;
 0.030886197, 0.7145974, 0.69885379, -0.0014798976;
 0.022422977, -0.69950676, 0.71427411, -0.13561967;
 0, 0, 0, 1]
Ow:
[0.067165509;
 -0.094219163;
 0.095490903]
Keyframe: 1 Frame: 136 Frame from vFrameID : 133
Tcw:
[0.99993825, 0.0081638815, -0.007536842, 0.0089369249;
 -0.011093285, 0.69532585, -0.71860898, 0.022084378;
 -0.00062607729, 0.71864825, 0.69537354, 0.020471167;
 0, 0, 0, 1]
Twc:
[0.99993825, -0.011093285, -0.00062607729, -0.0086785685;
 0.0081638815, 0.69532585, 0.71864825, -0.030140368;
 -0.007536842, -0.71860898, 0.69537354, 0.0017022836;
 0, 0, 0, 1]
Ow:
[0.0089369249;
 0.022084378;
 0.020471167]
