Keyframe: 0 Frame: 0 Frame from vFrameID : 133
Tcw:
[0.99877566, -0.030731989, -0.038765483, 0.06797047;
 -0.0052391361, 0.71350688, -0.70062864, -0.09488862;
 0.049191151, 0.69997394, 0.71247226, 0.098158166;
 0, 0, 0, 1]
Twc:
[0.99877566, -0.0052391361, 0.049191151, -0.073212892;
 -0.030731989, 0.71350688, 0.69997394, 0.0010843948;
 -0.038765483, -0.70062864, 0.71247226, -0.13378175;
 0, 0, 0, 1]
Ow:
[0.06797047;
 -0.09488862;
 0.098158166]
Keyframe: 1 Frame: 144 Frame from vFrameID : 133
Tcw:
[0.99797529, -0.042522922, -0.047297642, 0.00060770311;
 -0.0029129332, 0.71230704, -0.70186192, -0.0029218916;
 0.063535661, 0.70057863, 0.71074098, -0.0070779892;
 0, 0, 0, 1]
Twc:
[0.99797529, -0.0029129332, 0.063535661, -0.00016527918;
 -0.042522922, 0.71230704, 0.70057863, 0.0070658135;
 -0.047297642, -0.70186192, 0.71074098, 0.0030085957;
 0, 0, 0, 1]
Ow:
[0.00060770311;
 -0.0029218916;
 -0.0070779892]
