Keyframe: 0 Frame: 0 Frame from vFrameID : 80
Tcw:
[0.99871945, 0.041497417, 0.028937945, 0.086734399;
 -0.010034392, 0.72311872, -0.69065088, -0.086988129;
 -0.049585797, 0.68947607, 0.72260916, 0.061154354;
 0, 0, 0, 1]
Twc:
[0.99871945, -0.010034392, -0.049585797, -0.08446382;
 0.041497417, 0.72311872, 0.68947607, 0.017139025;
 0.028937945, -0.69065088, 0.72260916, -0.10677904;
 0, 0, 0, 1]
Ow:
[0.086734399;
 -0.086988129;
 0.061154354]
Keyframe: 1 Frame: 83 Frame from vFrameID : 80
Tcw:
[0.99790382, 0.056054469, 0.032339837, -0.00020350247;
 -0.017370321, 0.7134006, -0.70054108, 0.0058142766;
 -0.062339719, 0.69851089, 0.71287888, 0.0093143433;
 0, 0, 0, 1]
Twc:
[0.99790382, -0.017370321, -0.062339719, 0.0008847253;
 0.056054469, 0.7134006, 0.69851089, -0.010642672;
 0.032339837, -0.70054108, 0.71287888, -0.0025602775;
 0, 0, 0, 1]
Ow:
[-0.00020350247;
 0.0058142766;
 0.0093143433]
Keyframe: 2 Frame: 92 Frame from vFrameID : 93
Tcw:
[0.98899734, 0.14131159, 0.043763883, 0.074199051;
 -0.067745328, 0.69562596, -0.71520287, -0.096408173;
 -0.13150974, 0.70436889, 0.69754541, 0.083227001;
 0, 0, 0, 1]
Twc:
[0.98899734, -0.067745328, -0.13150974, -0.068968713;
 0.14131159, 0.69562596, 0.70436889, -0.002043678;
 0.043763883, -0.71520287, 0.69754541, -0.13025326;
 0, 0, 0, 1]
Ow:
[0.074199051;
 -0.096408173;
 0.083227001]
