Keyframe: 0 Frame: 0 Frame from vFrameID : 95
Tcw:
[0.98810858, 0.11957917, 0.096655227, 0.062454481;
 0.050269935, 0.34283063, -0.93805122, 0.01010127;
 -0.14530776, 0.9317553, 0.33274266, 0.020577073;
 0, 0, 0, 1]
Twc:
[0.98810858, 0.050269935, -0.14530776, -0.05922959;
 0.11957917, 0.34283063, 0.9317553, -0.030104078;
 0.096655227, -0.93805122, 0.33274266, -0.0034079142;
 0, 0, 0, 1]
Ow:
[0.062454481;
 0.01010127;
 0.020577073]
Keyframe: 1 Frame: 146 Frame from vFrameID : 95
Tcw:
[0.98775721, 0.12146056, 0.09789288, 0.063273527;
 0.049034826, 0.35397732, -0.93396771, 0.010028852;
 -0.14809211, 0.92733347, 0.34368786, 0.021488629;
 0, 0, 0, 1]
Twc:
[0.98775721, 0.049034826, -0.14809211, -0.059808344;
 0.12146056, 0.35397732, 0.92733347, -0.031162351;
 0.09789288, -0.93396771, 0.34368786, -0.0042127846;
 0, 0, 0, 1]
Ow:
[0.063273527;
 0.010028852;
 0.021488629]
Keyframe: 2 Frame: 147 Frame from vFrameID : 126
Tcw:
[0.988747, 0.11927461, 0.090293877, 0.06436988;
 0.043213535, 0.35012642, -0.93570513, 0.01057015;
 -0.14322014, 0.92907751, 0.34103218, 0.021998055;
 0, 0, 0, 1]
Twc:
[0.988747, 0.043213535, -0.14322014, -0.060951732;
 0.11927461, 0.35012642, 0.92907751, -0.031816483;
 0.090293877, -0.93570513, 0.34103218, -0.0034237064;
 0, 0, 0, 1]
Ow:
[0.06436988;
 0.01057015;
 0.021998055]
Keyframe: 3 Frame: 150 Frame from vFrameID : 151
Tcw:
[0.99133563, 0.11468925, 0.064032033, 0.064771339;
 0.020187045, 0.34866261, -0.93703085, 0.009756132;
 -0.12979294, 0.93020469, 0.34332642, 0.022210933;
 0, 0, 0, 1]
Twc:
[0.99133563, 0.020187045, -0.12979294, -0.061524253;
 0.11468925, 0.34866261, 0.93020469, -0.031490888;
 0.064032033, -0.93703085, 0.34332642, -0.0026312438;
 0, 0, 0, 1]
Ow:
[0.064771339;
 0.009756132;
 0.022210933]
Keyframe: 4 Frame: 153 Frame from vFrameID : 154
Tcw:
[0.99357188, 0.10560865, 0.04076473, 0.065986678;
 0.0019394874, 0.34416896, -0.93890572, 0.0096090864;
 -0.11318652, 0.93294936, 0.34175178, 0.022937221;
 0, 0, 0, 1]
Twc:
[0.99357188, 0.0019394874, -0.11318652, -0.062984951;
 0.10560865, 0.34416896, 0.93294936, -0.031675179;
 0.04076473, -0.93890572, 0.34175178, -0.0015067385;
 0, 0, 0, 1]
Ow:
[0.065986678;
 0.0096090864;
 0.022937221]
Keyframe: 5 Frame: 156 Frame from vFrameID : 157
Tcw:
[0.9951942, 0.097033903, 0.013148136, 0.066514596;
 -0.020238074, 0.33519673, -0.94193077, 0.0089268349;
 -0.095806427, 0.93713796, 0.33554962, 0.023630822;
 0, 0, 0, 1]
Twc:
[0.9951942, -0.020238074, -0.095806427, -0.063750289;
 0.097033903, 0.33519673, 0.93713796, -0.031591758;
 0.013148136, -0.94193077, 0.33554962, -0.00039539661;
 0, 0, 0, 1]
Ow:
[0.066514596;
 0.0089268349;
 0.023630822]
Keyframe: 6 Frame: 159 Frame from vFrameID : 160
Tcw:
[0.99584895, 0.090732768, 0.0072429744, 0.066582553;
 -0.023849884, 0.33690405, -0.94123685, 0.0089237606;
 -0.087841213, 0.93715698, 0.33766952, 0.023556285;
 0, 0, 0, 1]
Twc:
[0.99584895, -0.023849884, -0.087841213, -0.064024121;
 0.090732768, 0.33690405, 0.93715698, -0.031123606;
 0.0072429744, -0.94123685, 0.33766952, -3.7122303e-05;
 0, 0, 0, 1]
Ow:
[0.066582553;
 0.0089237606;
 0.023556285]
Keyframe: 7 Frame: 162 Frame from vFrameID : 163
Tcw:
[0.99605334, 0.088618636, 0.00494526, 0.066786624;
 -0.026115349, 0.34587005, -0.9379189, 0.00850219;
 -0.084827513, 0.93408811, 0.34681934, 0.024330255;
 0, 0, 0, 1]
Twc:
[0.99605334, -0.026115349, -0.084827513, -0.064237133;
 0.088618636, 0.34587005, 0.93408811, -0.031585794;
 0.00494526, -0.9379189, 0.34681934, -0.0007941142;
 0, 0, 0, 1]
Ow:
[0.066786624;
 0.00850219;
 0.024330255]
Keyframe: 8 Frame: 166 Frame from vFrameID : 167
Tcw:
[0.99548995, 0.094618164, 0.006869487, 0.066815421;
 -0.026708506, 0.34901285, -0.93673724, 0.0085098948;
 -0.091029897, 0.93232906, 0.34996587, 0.02518134;
 0, 0, 0, 1]
Twc:
[0.99548995, -0.026708506, -0.091029897, -0.063994534;
 0.094618164, 0.34901285, 0.93232906, -0.032769307;
 0.006869487, -0.93673724, 0.34996587, -0.0013000621;
 0, 0, 0, 1]
Ow:
[0.066815421;
 0.0085098948;
 0.02518134]
Keyframe: 9 Frame: 170 Frame from vFrameID : 171
Tcw:
[0.9948054, 0.099601954, 0.02101529, 0.066713184;
 -0.015402852, 0.35135442, -0.9361158, 0.0082085282;
 -0.10062278, 0.93092936, 0.35106343, 0.026056595;
 0, 0, 0, 1]
Twc:
[0.9948054, -0.015402852, -0.10062278, -0.063618317;
 0.099601954, 0.35135442, 0.93092936, -0.033785716;
 0.02101529, -0.9361158, 0.35106343, -0.0028653813;
 0, 0, 0, 1]
Ow:
[0.066713184;
 0.0082085282;
 0.026056595]
Keyframe: 10 Frame: 176 Frame from vFrameID : 177
Tcw:
[0.99503422, 0.093720317, 0.033517592, 0.066855505;
 0.00051694905, 0.33187607, -0.94332284, 0.0074807685;
 -0.099532202, 0.93865585, 0.33017957, 0.029779883;
 0, 0, 0, 1]
Twc:
[0.99503422, 0.00051694905, -0.099532202, -0.063563325;
 0.093720317, 0.33187607, 0.93865585, -0.036701467;
 0.033517592, -0.94332284, 0.33017957, -0.0050167651;
 0, 0, 0, 1]
Ow:
[0.066855505;
 0.0074807685;
 0.029779883]
Keyframe: 11 Frame: 181 Frame from vFrameID : 182
Tcw:
[0.99474293, 0.090221345, 0.048441332, 0.068511322;
 0.014565898, 0.3435739, -0.93901271, 0.007213451;
 -0.10136216, 0.93478185, 0.34045357, 0.031383377;
 0, 0, 0, 1]
Twc:
[0.99474293, 0.014565898, -0.10136216, -0.065075144;
 0.090221345, 0.3435739, 0.93478185, -0.037996147;
 0.048441332, -0.93901271, 0.34045357, -0.0072298395;
 0, 0, 0, 1]
Ow:
[0.068511322;
 0.007213451;
 0.031383377]
Keyframe: 12 Frame: 187 Frame from vFrameID : 188
Tcw:
[0.9951157, 0.09025646, 0.039981171, 0.070878141;
 0.0063713714, 0.34544623, -0.9384169, 0.0060439846;
 -0.098509535, 0.93408817, 0.34318393, 0.034491953;
 0, 0, 0, 1]
Twc:
[0.9951157, 0.0063713714, -0.098509535, -0.067172676;
 0.09025646, 0.34544623, 0.93408817, -0.040703606;
 0.039981171, -0.9384169, 0.34318393, -0.0089990962;
 0, 0, 0, 1]
Ow:
[0.070878141;
 0.0060439846;
 0.034491953]
Keyframe: 13 Frame: 193 Frame from vFrameID : 194
Tcw:
[0.99595934, 0.089437693, 0.0081169093, 0.073126726;
 -0.022757255, 0.33878309, -0.94058925, 0.0053908397;
 -0.086874001, 0.9366039, 0.33944955, 0.039576948;
 0, 0, 0, 1]
Twc:
[0.99595934, -0.022757255, -0.086874001, -0.069270357;
 0.089437693, 0.33878309, 0.9366039, -0.045434535;
 0.0081169093, -0.94058925, 0.33944955, -0.008957373;
 0, 0, 0, 1]
Ow:
[0.073126726;
 0.0053908397;
 0.039576948]
Keyframe: 14 Frame: 199 Frame from vFrameID : 200
Tcw:
[0.99629754, 0.085934535, 0.0025545123, 0.075979292;
 -0.027700713, 0.34899822, -0.93671387, 0.0012972746;
 -0.081387594, 0.93317497, 0.35008648, 0.04614586;
 0, 0, 0, 1]
Twc:
[0.99629754, -0.027700713, -0.081387594, -0.071906343;
 0.085934535, 0.34899822, 0.93317497, -0.050044153;
 0.0025545123, -0.93671387, 0.35008648, -0.015133957;
 0, 0, 0, 1]
Ow:
[0.075979292;
 0.0012972746;
 0.04614586]
Keyframe: 15 Frame: 206 Frame from vFrameID : 207
Tcw:
[0.99463135, 0.10115331, 0.021827793, 0.075693689;
 -0.012349843, 0.32545835, -0.9454757, 0.0054441337;
 -0.10274204, 0.94013023, 0.32496029, 0.061151899;
 0, 0, 0, 1]
Twc:
[0.99463135, -0.012349843, -0.10274204, -0.068937212;
 0.10115331, 0.32545835, 0.94013023, -0.066919252;
 0.021827793, -0.9454757, 0.32496029, -0.01637687;
 0, 0, 0, 1]
Ow:
[0.075693689;
 0.0054441337;
 0.061151899]
Keyframe: 16 Frame: 214 Frame from vFrameID : 215
Tcw:
[0.99397159, 0.094313338, 0.055906028, 0.080381908;
 0.022594754, 0.32275814, -0.94621176, 0.0074188281;
 -0.10728452, 0.94177079, 0.31868142, 0.068049774;
 0, 0, 0, 1]
Twc:
[0.99397159, 0.022594754, -0.10728452, -0.072764277;
 0.094313338, 0.32275814, 0.94177079, -0.074062854;
 0.055906028, -0.94621176, 0.31868142, -0.019160248;
 0, 0, 0, 1]
Ow:
[0.080381908;
 0.0074188281;
 0.068049774]
Keyframe: 17 Frame: 222 Frame from vFrameID : 223
Tcw:
[0.99685991, 0.076290734, 0.021214347, 0.090732217;
 -0.0038324955, 0.31407678, -0.94938987, 0.0026247445;
 -0.079092585, 0.94632739, 0.31338292, 0.080676712;
 0, 0, 0, 1]
Twc:
[0.99685991, -0.0038324955, -0.079092585, -0.084056318;
 0.076290734, 0.31407678, 0.94632739, -0.084092982;
 0.021214347, -0.94938987, 0.31338292, -0.024715623;
 0, 0, 0, 1]
Ow:
[0.090732217;
 0.0026247445;
 0.080676712]
Keyframe: 18 Frame: 230 Frame from vFrameID : 231
Tcw:
[0.99740267, 0.068041988, -0.023627356, 0.095673487;
 -0.043374937, 0.30551687, -0.95119822, -0.0016380083;
 -0.057502866, 0.94975245, 0.30767465, 0.089372016;
 0, 0, 0, 1]
Twc:
[0.99740267, -0.043374937, -0.057502866, -0.090356886;
 0.068041988, 0.30551687, 0.94975245, -0.090890668;
 -0.023627356, -0.95119822, 0.30767465, -0.026795065;
 0, 0, 0, 1]
Ow:
[0.095673487;
 -0.0016380083;
 0.089372016]
Keyframe: 19 Frame: 238 Frame from vFrameID : 239
Tcw:
[0.99829519, 0.057999231, -0.0065427655, 0.1048221;
 -0.025435548, 0.33140805, -0.94314462, -0.0040213801;
 -0.052533336, 0.94170314, 0.33231831, 0.10185716;
 0, 0, 0, 1]
Twc:
[0.99829519, -0.025435548, -0.052533336, -0.099394783;
 0.057999231, 0.33140805, 0.94170314, -0.10066609;
 -0.0065427655, -0.94314462, 0.33231831, -0.036955915;
 0, 0, 0, 1]
Ow:
[0.1048221;
 -0.0040213801;
 0.10185716]
Keyframe: 20 Frame: 246 Frame from vFrameID : 247
Tcw:
[0.9980334, 0.061335865, -0.012930145, 0.11604935;
 -0.029697008, 0.2810002, -0.95924813, 0.00087433122;
 -0.055202939, 0.95774567, 0.28226906, 0.11189979;
 0, 0, 0, 1]
Twc:
[0.9980334, -0.029697008, -0.055202939, -0.10961797;
 0.061335865, 0.2810002, 0.95774567, -0.11453522;
 -0.012930145, -0.95924813, 0.28226906, -0.029246615;
 0, 0, 0, 1]
Ow:
[0.11604935;
 0.00087433122;
 0.11189979]
Keyframe: 21 Frame: 255 Frame from vFrameID : 256
Tcw:
[0.99709129, 0.073451012, 0.020344295, 0.11824568;
 0.00071300031, 0.25792703, -0.96616411, 0.0012542829;
 -0.076213077, 0.96336836, 0.25712442, 0.12999116;
 0, 0, 0, 1]
Twc:
[0.99709129, 0.00071300031, -0.076213077, -0.1079956;
 0.073451012, 0.25792703, 0.96336836, -0.13423815;
 0.020344295, -0.96616411, 0.25712442, -0.034617689;
 0, 0, 0, 1]
Ow:
[0.11824568;
 0.0012542829;
 0.12999116]
Keyframe: 22 Frame: 264 Frame from vFrameID : 265
Tcw:
[0.99905449, 0.0011081095, -0.043461449, 0.13320337;
 -0.042283967, 0.25721174, -0.96542954, 0.017707288;
 0.010108994, 0.96635443, 0.25701541, 0.15657371;
 0, 0, 0, 1]
Twc:
[0.99905449, -0.042283967, 0.010108994, -0.13391151;
 0.0011081095, 0.25721174, 0.96635443, -0.15600784;
 -0.043461449, -0.96542954, 0.25701541, -0.017357508;
 0, 0, 0, 1]
Ow:
[0.13320337;
 0.017707288;
 0.15657371]
Keyframe: 23 Frame: 273 Frame from vFrameID : 274
Tcw:
[0.99734163, -0.034197882, -0.064343937, 0.13856597;
 -0.052094962, 0.28277403, -0.95777082, 0.022599228;
 0.05094853, 0.95857674, 0.28024077, 0.15986528;
 0, 0, 0, 1]
Twc:
[0.99734163, -0.052094962, 0.05094853, -0.14516521;
 -0.034197882, 0.28277403, 0.95857674, -0.15489493;
 -0.064343937, -0.95777082, 0.28024077, -0.014240004;
 0, 0, 0, 1]
Ow:
[0.13856597;
 0.022599228;
 0.15986528]
Keyframe: 24 Frame: 281 Frame from vFrameID : 282
Tcw:
[0.9986003, -0.015208554, -0.050656974, 0.14223447;
 -0.043861866, 0.29708812, -0.9538421, 0.016200665;
 0.029556144, 0.95472896, 0.29600522, 0.16193441;
 0, 0, 0, 1]
Twc:
[0.9986003, -0.043861866, 0.029556144, -0.14611094;
 -0.015208554, 0.29708812, 0.95472896, -0.1572533;
 -0.050656974, -0.9538421, 0.29600522, -0.025275381;
 0, 0, 0, 1]
Ow:
[0.14223447;
 0.016200665;
 0.16193441]
Keyframe: 25 Frame: 289 Frame from vFrameID : 290
Tcw:
[0.99878025, 0.0179791, -0.045985993, 0.14529197;
 -0.049137939, 0.27064463, -0.96142441, 0.0095581971;
 -0.0048396843, 0.96251142, 0.27119797, 0.1664319;
 0, 0, 0, 1]
Twc:
[0.99878025, -0.049137939, -0.0048396843, -0.1438396;
 0.0179791, 0.27064463, 0.96251142, -0.1653917;
 -0.045985993, -0.96142441, 0.27119797, -0.029265117;
 0, 0, 0, 1]
Ow:
[0.14529197;
 0.0095581971;
 0.1664319]
Keyframe: 26 Frame: 297 Frame from vFrameID : 298
Tcw:
[0.99927181, 0.025205774, -0.028644446, 0.13973309;
 -0.034540363, 0.27862045, -0.95977998, 0.0047746338;
 -0.016211068, 0.96007049, 0.2792882, 0.17559588;
 0, 0, 0, 1]
Twc:
[0.99927181, -0.034540363, -0.016211068, -0.13661982;
 0.025205774, 0.27862045, 0.96007049, -0.17343681;
 -0.028644446, -0.95977998, 0.2792882, -0.040456679;
 0, 0, 0, 1]
Ow:
[0.13973309;
 0.0047746338;
 0.17559588]
Keyframe: 27 Frame: 306 Frame from vFrameID : 307
Tcw:
[0.99833524, 0.010873825, -0.056643743, 0.14952399;
 -0.057503022, 0.26408386, -0.96278405, 0.001900766;
 0.0044895518, 0.96443844, 0.2642695, 0.19075811;
 0, 0, 0, 1]
Twc:
[0.99833524, -0.057503022, 0.0044895518, -0.15002218;
 0.010873825, 0.26408386, 0.96443844, -0.1861023;
 -0.056643743, -0.96278405, 0.2642695, -0.040111922;
 0, 0, 0, 1]
Ow:
[0.14952399;
 0.001900766;
 0.19075811]
Keyframe: 28 Frame: 315 Frame from vFrameID : 316
Tcw:
[0.99728531, 0.017512958, -0.071521178, 0.14983825;
 -0.073604599, 0.26459694, -0.96154606, -0.0013603233;
 0.0020847677, 0.96420008, 0.26516768, 0.19166718;
 0, 0, 0, 1]
Twc:
[0.99728531, -0.073604599, 0.0020847677, -0.14993119;
 0.017512958, 0.26459694, 0.96420008, -0.18706968;
 -0.071521178, -0.96154606, 0.26516768, -0.041415349;
 0, 0, 0, 1]
Ow:
[0.14983825;
 -0.0013603233;
 0.19166718]
Keyframe: 29 Frame: 323 Frame from vFrameID : 324
Tcw:
[0.9967773, 0.041936304, -0.068383701, 0.16893658;
 -0.076689914, 0.2481261, -0.96568739, -0.00093407929;
 -0.02352958, 0.96781963, 0.25054255, 0.21171573;
 0, 0, 0, 1]
Twc:
[0.9967773, -0.076689914, -0.02352958, -0.1634822;
 0.041936304, 0.2481261, 0.96781963, -0.21175542;
 -0.068383701, -0.96568739, 0.25054255, -0.042393316;
 0, 0, 0, 1]
Ow:
[0.16893658;
 -0.00093407929;
 0.21171573]
Keyframe: 30 Frame: 332 Frame from vFrameID : 333
Tcw:
[0.9973352, 0.068682916, -0.024600329, 0.16343749;
 -0.040698092, 0.24392378, -0.96894008, -0.0030736104;
 -0.060549021, 0.96735919, 0.24606903, 0.21908504;
 0, 0, 0, 1]
Twc:
[0.9973352, -0.040698092, -0.060549021, -0.14986166;
 0.068682916, 0.24392378, 0.96735919, -0.22240958;
 -0.024600329, -0.96894008, 0.24606903, -0.052867576;
 0, 0, 0, 1]
Ow:
[0.16343749;
 -0.0030736104;
 0.21908504]
Keyframe: 31 Frame: 339 Frame from vFrameID : 340
Tcw:
[0.99654305, 0.083069019, -0.0012286048, 0.1579621;
 -0.024044326, 0.27423063, -0.96136332, -0.0097522102;
 -0.079522587, 0.95806944, 0.27527997, 0.22615461;
 0, 0, 0, 1]
Twc:
[0.99654305, -0.024044326, -0.079522587, -0.13966611;
 0.083069019, 0.27423063, 0.95806944, -0.22711924;
 -0.0012286048, -0.96136332, 0.27527997, -0.07143718;
 0, 0, 0, 1]
Ow:
[0.1579621;
 -0.0097522102;
 0.22615461]
Keyframe: 32 Frame: 348 Frame from vFrameID : 349
Tcw:
[0.99800396, 0.050994847, -0.037251059, 0.16968313;
 -0.049680866, 0.26983482, -0.96162415, -0.019074991;
 -0.038986243, 0.96155536, 0.27182969, 0.24136347;
 0, 0, 0, 1]
Twc:
[0.99800396, -0.049680866, -0.038986243, -0.16088223;
 0.050994847, 0.26983482, 0.96155536, -0.2355902;
 -0.037251059, -0.96162415, 0.27182969, -0.077631854;
 0, 0, 0, 1]
Ow:
[0.16968313;
 -0.019074991;
 0.24136347]
Keyframe: 33 Frame: 356 Frame from vFrameID : 357
Tcw:
[0.99692065, 0.055283964, -0.055614173, 0.17640868;
 -0.068586223, 0.27090093, -0.96016073, -0.014343109;
 -0.038015559, 0.96101838, 0.27385846, 0.25240973;
 0, 0, 0, 1]
Twc:
[0.99692065, -0.068586223, -0.038015559, -0.16725369;
 0.055283964, 0.27090093, 0.96101838, -0.2484374;
 -0.055614173, -0.96016073, 0.27385846, -0.073085405;
 0, 0, 0, 1]
Ow:
[0.17640868;
 -0.014343109;
 0.25240973]
Keyframe: 34 Frame: 364 Frame from vFrameID : 365
Tcw:
[0.99552995, 0.070920601, -0.062373418, 0.20741107;
 -0.079059787, 0.26446882, -0.96114814, -0.0018232651;
 -0.051669382, 0.96178299, 0.2688936, 0.26552853;
 0, 0, 0, 1]
Twc:
[0.99552995, -0.079059787, -0.051669382, -0.19290838;
 0.070920601, 0.26446882, 0.96178299, -0.26960835;
 -0.062373418, -0.96114814, 0.2688936, -0.060214415;
 0, 0, 0, 1]
Ow:
[0.20741107;
 -0.0018232651;
 0.26552853]
Keyframe: 35 Frame: 372 Frame from vFrameID : 373
Tcw:
[0.99573267, 0.092182994, 0.0043371031, 0.17991313;
 -0.018854978, 0.24922138, -0.96826297, -0.017512992;
 -0.090338275, 0.96404928, 0.24989597, 0.26693946;
 0, 0, 0, 1]
Twc:
[0.99573267, -0.018854978, -0.090338275, -0.15536074;
 0.092182994, 0.24922138, 0.96404928, -0.26956311;
 0.0043371031, -0.96826297, 0.24989597, -0.084444582;
 0, 0, 0, 1]
Ow:
[0.17991313;
 -0.017512992;
 0.26693946]
Keyframe: 36 Frame: 380 Frame from vFrameID : 381
Tcw:
[0.9946329, 0.09976659, 0.027422816, 0.19259477;
 0.00036056695, 0.26169589, -0.9651503, -0.023515239;
 -0.10346619, 0.95998013, 0.2602554, 0.2697899;
 0, 0, 0, 1]
Twc:
[0.9946329, 0.00036056695, -0.10346619, -0.16363847;
 0.09976659, 0.26169589, 0.95998013, -0.27205366;
 0.027422816, -0.9651503, 0.2602554, -0.098191515;
 0, 0, 0, 1]
Ow:
[0.19259477;
 -0.023515239;
 0.2697899]
Keyframe: 37 Frame: 388 Frame from vFrameID : 389
Tcw:
[0.99370325, 0.11192548, 0.0051547885, 0.19472574;
 -0.02605962, 0.27561939, -0.96091354, -0.021285914;
 -0.10897148, 0.95472854, 0.27680063, 0.2893061;
 0, 0, 0, 1]
Twc:
[0.99370325, -0.02605962, -0.10897148, -0.16252819;
 0.11192548, 0.27561939, 0.95472854, -0.29213676;
 0.0051547885, -0.96091354, 0.27680063, -0.10153779;
 0, 0, 0, 1]
Ow:
[0.19472574;
 -0.021285914;
 0.2893061]
Keyframe: 38 Frame: 396 Frame from vFrameID : 397
Tcw:
[0.99437499, 0.096432254, -0.043808464, 0.19898982;
 -0.068209797, 0.26660275, -0.96138984, -0.030982174;
 -0.081029534, 0.95897019, 0.27168074, 0.29593068;
 0, 0, 0, 1]
Twc:
[0.99437499, -0.068209797, -0.081029534, -0.17600468;
 0.096432254, 0.26660275, 0.95897019, -0.29471779;
 -0.043808464, -0.96138984, 0.27168074, -0.10146717;
 0, 0, 0, 1]
Ow:
[0.19898982;
 -0.030982174;
 0.29593068]
Keyframe: 39 Frame: 403 Frame from vFrameID : 404
Tcw:
[0.9974243, 0.066691071, -0.026400726, 0.20534328;
 -0.044523183, 0.28709251, -0.95686758, -0.033959009;
 -0.056235075, 0.95557845, 0.28932235, 0.2956748;
 0, 0, 0, 1]
Twc:
[0.9974243, -0.044523183, -0.056235075, -0.18969907;
 0.066691071, 0.28709251, 0.95557845, -0.28648564;
 -0.026400726, -0.95686758, 0.28932235, -0.11261839;
 0, 0, 0, 1]
Ow:
[0.20534328;
 -0.033959009;
 0.2956748]
Keyframe: 40 Frame: 411 Frame from vFrameID : 412
Tcw:
[0.9960503, 0.088491298, -0.0072871852, 0.20427054;
 -0.029891521, 0.25690925, -0.96597314, -0.033064902;
 -0.083608076, 0.96237564, 0.25853968, 0.32209972;
 0, 0, 0, 1]
Twc:
[0.9960503, -0.029891521, -0.083608076, -0.17752194;
 0.088491298, 0.25690925, 0.96237564, -0.31956244;
 -0.0072871852, -0.96597314, 0.25853968, -0.11372681;
 0, 0, 0, 1]
Ow:
[0.20427054;
 -0.033064902;
 0.32209972]
Keyframe: 41 Frame: 419 Frame from vFrameID : 420
Tcw:
[0.99640346, 0.082150385, -0.020771841, 0.21582848;
 -0.041786198, 0.26311216, -0.96385992, -0.021674402;
 -0.073716141, 0.96126133, 0.26559862, 0.33358076;
 0, 0, 0, 1]
Twc:
[0.99640346, -0.041786198, -0.073716141, -0.19136763;
 0.082150385, 0.26311216, 0.96126133, -0.33268586;
 -0.020771841, -0.96385992, 0.26559862, -0.10500652;
 0, 0, 0, 1]
Ow:
[0.21582848;
 -0.021674402;
 0.33358076]
Keyframe: 42 Frame: 427 Frame from vFrameID : 428
Tcw:
[0.99718606, 0.062707037, -0.041081913, 0.22746323;
 -0.056877632, 0.27587122, -0.95951027, -0.022758365;
 -0.04883473, 0.95914698, 0.27866158, 0.34501159;
 0, 0, 0, 1]
Twc:
[0.99718606, -0.056877632, -0.04883473, -0.21126907;
 0.062707037, 0.27587122, 0.95914698, -0.338902;
 -0.041081913, -0.95951027, 0.27866158, -0.10863374;
 0, 0, 0, 1]
Ow:
[0.22746323;
 -0.022758365;
 0.34501159]
Keyframe: 43 Frame: 434 Frame from vFrameID : 435
Tcw:
[0.99735332, 0.041591782, -0.059636462, 0.23003232;
 -0.06875439, 0.27273437, -0.95962954, -0.024894044;
 -0.023647787, 0.96118993, 0.27487215, 0.35064289;
 0, 0, 0, 1]
Twc:
[0.99735332, -0.06875439, -0.023647787, -0.22284314;
 0.041591782, 0.27273437, 0.96118993, -0.3398124;
 -0.059636462, -0.95962954, 0.27487215, -0.10655271;
 0, 0, 0, 1]
Ow:
[0.23003232;
 -0.024894044;
 0.35064289]
Keyframe: 44 Frame: 442 Frame from vFrameID : 443
Tcw:
[0.99889249, 0.046432748, -0.0076029347, 0.23561642;
 -0.020310607, 0.27976835, -0.9598527, -0.029338948;
 -0.042441539, 0.95894402, 0.28040159, 0.3608532;
 0, 0, 0, 1]
Twc:
[0.99889249, -0.020310607, -0.042441539, -0.2206362;
 0.046432748, 0.27976835, 0.95894402, -0.3487702;
 -0.0076029347, -0.9598527, 0.28040159, -0.12755348;
 0, 0, 0, 1]
Ow:
[0.23561642;
 -0.029338948;
 0.3608532]
Keyframe: 45 Frame: 449 Frame from vFrameID : 450
Tcw:
[0.99470377, 0.084111139, 0.059074335, 0.23867255;
 0.034245014, 0.27070194, -0.96205389, -0.035268091;
 -0.096910991, 0.95898163, 0.26638785, 0.37183169;
 0, 0, 0, 1]
Twc:
[0.99470377, 0.034245014, -0.096910991, -0.20016615;
 0.084111139, 0.27070194, 0.95898163, -0.36710763;
 0.059074335, -0.96205389, 0.26638785, -0.14708067;
 0, 0, 0, 1]
Ow:
[0.23867255;
 -0.035268091;
 0.37183169]
Keyframe: 46 Frame: 456 Frame from vFrameID : 457
Tcw:
[0.99602658, 0.078346625, 0.042342056, 0.24358638;
 0.019084627, 0.27662861, -0.96078736, -0.055307768;
 -0.086987473, 0.95777786, 0.27403426, 0.36861944;
 0, 0, 0, 1]
Twc:
[0.99602658, 0.019084627, -0.086987473, -0.20949771;
 0.078346625, 0.27662861, 0.95777786, -0.35684001;
 0.042342056, -0.96078736, 0.27403426, -0.1644673;
 0, 0, 0, 1]
Ow:
[0.24358638;
 -0.055307768;
 0.36861944]
Keyframe: 47 Frame: 464 Frame from vFrameID : 465
Tcw:
[0.9986583, 0.045678928, -0.024394047, 0.23665366;
 -0.035818189, 0.2690995, -0.96244609, -0.025541373;
 -0.03739908, 0.9620285, 0.2703746, 0.38758284;
 0, 0, 0, 1]
Twc:
[0.9986583, -0.035818189, -0.03739908, -0.22275573;
 0.045678928, 0.2690995, 0.9620285, -0.37680268;
 -0.024394047, -0.96244609, 0.2703746, -0.12360182;
 0, 0, 0, 1]
Ow:
[0.23665366;
 -0.025541373;
 0.38758284]
Keyframe: 48 Frame: 471 Frame from vFrameID : 472
Tcw:
[0.99947792, 0.01343659, -0.029381864, 0.23903227;
 -0.032056525, 0.29908019, -0.9536894, -0.023774728;
 -0.0040267995, 0.95413339, 0.29935479, 0.40122071;
 0, 0, 0, 1]
Twc:
[0.99947792, -0.032056525, -0.0040267995, -0.23805398;
 0.01343659, 0.29908019, 0.95413339, -0.37891927;
 -0.029381864, -0.9536894, 0.29935479, -0.13575782;
 0, 0, 0, 1]
Ow:
[0.23903227;
 -0.023774728;
 0.40122071]
Keyframe: 49 Frame: 479 Frame from vFrameID : 480
Tcw:
[0.99945039, 0.032801457, 0.0047994065, 0.24625286;
 -0.0051423786, 0.29642549, -0.95504212, -0.036780253;
 -0.032749441, 0.95449251, 0.29643124, 0.40409762;
 0, 0, 0, 1]
Twc:
[0.99945039, -0.0051423786, -0.032749441, -0.23307268;
 0.032801457, 0.29642549, 0.95449251, -0.38288301;
 0.0047994065, -0.95504212, 0.29643124, -0.15609573;
 0, 0, 0, 1]
Ow:
[0.24625286;
 -0.036780253;
 0.40409762]
Keyframe: 50 Frame: 487 Frame from vFrameID : 488
Tcw:
[0.99732178, 0.055819143, 0.047259387, 0.23648573;
 0.031099981, 0.26117712, -0.96478975, -0.040011548;
 -0.066196807, 0.96367562, 0.25874168, 0.42475688;
 0, 0, 0, 1]
Twc:
[0.99732178, 0.031099981, -0.066196807, -0.20649047;
 0.055819143, 0.26117712, 0.96367562, -0.4120782;
 0.047259387, -0.96478975, 0.25874168, -0.15968122;
 0, 0, 0, 1]
Ow:
[0.23648573;
 -0.040011548;
 0.42475688]
Keyframe: 51 Frame: 494 Frame from vFrameID : 495
Tcw:
[0.99833435, 0.0485337, 0.031192485, 0.23849268;
 0.016839195, 0.27199188, -0.96215218, -0.040769123;
 -0.055180911, 0.96107489, 0.27072158, 0.4307223;
 0, 0, 0, 1]
Twc:
[0.99833435, 0.016839195, -0.055180911, -0.21364129;
 0.0485337, 0.27199188, 0.96107489, -0.41444242;
 0.031192485, -0.96215218, 0.27072158, -0.1632711;
 0, 0, 0, 1]
Ow:
[0.23849268;
 -0.040769123;
 0.4307223]
Keyframe: 52 Frame: 502 Frame from vFrameID : 503
Tcw:
[0.99940193, 0.029554199, -0.017953696, 0.24469252;
 -0.025238544, 0.2684859, -0.96295291, -0.03800752;
 -0.02363899, 0.96283013, 0.26907122, 0.44274586;
 0, 0, 0, 1]
Twc:
[0.99940193, -0.025238544, -0.02363899, -0.23503937;
 0.029554199, 0.2684859, 0.96283013, -0.4233163;
 -0.017953696, -0.96295291, 0.26907122, -0.15133651;
 0, 0, 0, 1]
Ow:
[0.24469252;
 -0.03800752;
 0.44274586]
Keyframe: 53 Frame: 509 Frame from vFrameID : 510
Tcw:
[0.9994452, 0.020321822, -0.026386887, 0.25263217;
 -0.03082893, 0.26469696, -0.96383876, -0.041237116;
 -0.012602432, 0.96411753, 0.26517659, 0.46355653;
 0, 0, 0, 1]
Twc:
[0.9994452, -0.03082893, -0.012602432, -0.24792139;
 0.020321822, 0.26469696, 0.96411753, -0.44114155;
 -0.026386887, -0.96383876, 0.26517659, -0.15600409;
 0, 0, 0, 1]
Ow:
[0.25263217;
 -0.041237116;
 0.46355653]
Keyframe: 54 Frame: 517 Frame from vFrameID : 518
Tcw:
[0.99985713, 0.016004711, -0.0054415995, 0.25949082;
 -0.0095537798, 0.26944062, -0.9629696, -0.048172385;
 -0.013945863, 0.96288401, 0.26955503, 0.47006431;
 0, 0, 0, 1]
Twc:
[0.99985713, -0.0095537798, -0.013945863, -0.25335851;
 0.016004711, 0.26944062, 0.96288401, -0.44379088;
 -0.0054415995, -0.9629696, 0.26955503, -0.1716847;
 0, 0, 0, 1]
Ow:
[0.25949082;
 -0.048172385;
 0.47006431]
Keyframe: 55 Frame: 525 Frame from vFrameID : 526
Tcw:
[0.99980587, 0.017866911, 0.0083067026, 0.27337766;
 0.003265697, 0.2654905, -0.96410793, -0.051378436;
 -0.019430982, 0.96394789, 0.26538062, 0.47578648;
 0, 0, 0, 1]
Twc:
[0.99980587, 0.003265697, -0.019430982, -0.26391178;
 0.017866911, 0.2654905, 0.96394789, -0.44987729;
 0.0083067026, -0.96410793, 0.26538062, -0.17806973;
 0, 0, 0, 1]
Ow:
[0.27337766;
 -0.051378436;
 0.47578648]
Keyframe: 56 Frame: 533 Frame from vFrameID : 534
Tcw:
[0.99990714, 0.013086248, 0.0038076912, 0.27876273;
 -0.00019710134, 0.29323804, -0.95603943, -0.051427856;
 -0.013627529, 0.9559499, 0.2932134, 0.47866571;
 0, 0, 0, 1]
Twc:
[0.99990714, -0.00019710134, -0.013627529, -0.27222395;
 0.013086248, 0.29323804, 0.9559499, -0.44614777;
 0.0038076912, -0.95603943, 0.2932134, -0.1905797;
 0, 0, 0, 1]
Ow:
[0.27876273;
 -0.051427856;
 0.47866571]
Keyframe: 57 Frame: 540 Frame from vFrameID : 541
Tcw:
[0.99941999, -0.013001672, -0.031474005, 0.28324431;
 -0.025983928, 0.30624712, -0.95159739, -0.052347079;
 0.022011179, 0.95186329, 0.30573165, 0.48474681;
 0, 0, 0, 1]
Twc:
[0.99941999, -0.025983928, 0.022011179, -0.29511005;
 -0.013001672, 0.30624712, 0.95186329, -0.44169888;
 -0.031474005, -0.95159739, 0.30573165, -0.18910094;
 0, 0, 0, 1]
Ow:
[0.28324431;
 -0.052347079;
 0.48474681]
Keyframe: 58 Frame: 547 Frame from vFrameID : 548
Tcw:
[0.99968404, -0.011727196, -0.022234168, 0.28673476;
 -0.017707149, 0.29928803, -0.95399851, -0.057672173;
 0.017842149, 0.95409071, 0.29898581, 0.49646083;
 0, 0, 0, 1]
Twc:
[0.99968404, -0.017707149, 0.017842149, -0.29652327;
 -0.011727196, 0.29928803, 0.95409071, -0.45304549;
 -0.022234168, -0.95399851, 0.29898581, -0.19707859;
 0, 0, 0, 1]
Ow:
[0.28673476;
 -0.057672173;
 0.49646083]
Keyframe: 59 Frame: 555 Frame from vFrameID : 556
Tcw:
[0.99959505, 0.014627002, 0.024408294, 0.2846218;
 0.019217115, 0.28560701, -0.95815414, -0.060670242;
 -0.020986103, 0.9582352, 0.28521025, 0.50541168;
 0, 0, 0, 1]
Twc:
[0.99959505, 0.019217115, -0.020986103, -0.27273405;
 0.014627002, 0.28560701, 0.9582352, -0.4711386;
 0.024408294, -0.95815414, 0.28521025, -0.20922717;
 0, 0, 0, 1]
Ow:
[0.2846218;
 -0.060670242;
 0.50541168]
Keyframe: 60 Frame: 563 Frame from vFrameID : 564
Tcw:
[0.99843943, 0.022121694, 0.051276553, 0.2866798;
 0.041936126, 0.30934703, -0.95002407, -0.065253273;
 -0.036878392, 0.95069188, 0.30793658, 0.51161331;
 0, 0, 0, 1]
Twc:
[0.99843943, 0.041936126, -0.036878392, -0.2646285;
 0.022121694, 0.30934703, 0.95069188, -0.47254255;
 0.051276553, -0.95002407, 0.30793658, -0.23423658;
 0, 0, 0, 1]
Ow:
[0.2866798;
 -0.065253273;
 0.51161331]
Keyframe: 61 Frame: 571 Frame from vFrameID : 572
Tcw:
[0.9998703, 0.015720708, 0.0035054518, 0.29162797;
 -0.0012525698, 0.29287156, -0.95615095, -0.070746392;
 -0.016058017, 0.95602256, 0.29285327, 0.52414757;
 0, 0, 0, 1]
Twc:
[0.9998703, -0.0012525698, -0.016058017, -0.28326198;
 0.015720708, 0.29287156, 0.95602256, -0.48496187;
 0.0035054518, -0.95615095, 0.29285327, -0.22216484;
 0, 0, 0, 1]
Ow:
[0.29162797;
 -0.070746392;
 0.52414757]
Keyframe: 62 Frame: 579 Frame from vFrameID : 580
Tcw:
[0.99993742, 0.00016114287, 0.01118791, 0.28336152;
 0.010600286, 0.30643904, -0.95183128, -0.070216835;
 -0.0035817935, 0.95189029, 0.30641815, 0.54525423;
 0, 0, 0, 1]
Twc:
[0.99993742, 0.010600286, -0.0035817935, -0.28064647;
 0.00016114287, 0.30643904, 0.95189029, -0.49755067;
 0.01118791, -0.95183128, 0.30641815, -0.23708057;
 0, 0, 0, 1]
Ow:
[0.28336152;
 -0.070216835;
 0.54525423]
Keyframe: 63 Frame: 587 Frame from vFrameID : 588
Tcw:
[0.99933749, 0.015983328, 0.032696426, 0.29952317;
 0.026685836, 0.28906724, -0.95693678, -0.083157629;
 -0.0247465, 0.95717537, 0.2884492, 0.55839896;
 0, 0, 0, 1]
Twc:
[0.99933749, 0.026685836, -0.0247465, -0.2832872;
 0.015983328, 0.28906724, 0.95717537, -0.51523495;
 0.032696426, -0.95693678, 0.2884492, -0.25043967;
 0, 0, 0, 1]
Ow:
[0.29952317;
 -0.083157629;
 0.55839896]
Keyframe: 64 Frame: 595 Frame from vFrameID : 596
Tcw:
[0.99798828, 0.029874265, 0.055918362, 0.30654833;
 0.044010725, 0.30840719, -0.95023578, -0.091037661;
 -0.045633223, 0.95078522, 0.30647197, 0.55987573;
 0, 0, 0, 1]
Twc:
[0.99798828, 0.044010725, -0.045633223, -0.2763761;
 0.029874265, 0.30840719, 0.95078522, -0.51340282;
 0.055918362, -0.95023578, 0.30647197, -0.27523515;
 0, 0, 0, 1]
Ow:
[0.30654833;
 -0.091037661;
 0.55987573]
Keyframe: 65 Frame: 602 Frame from vFrameID : 603
Tcw:
[0.99960798, 0.015704986, 0.023179378, 0.31134421;
 0.017322104, 0.30352664, -0.95266551, -0.092919767;
 -0.021997156, 0.95269352, 0.3031356, 0.56268603;
 0, 0, 0, 1]
Twc:
[0.99960798, 0.017322104, -0.021997156, -0.29723507;
 0.015704986, 0.30352664, 0.95269352, -0.51275337;
 0.023179378, -0.95266551, 0.3031356, -0.2663084;
 0, 0, 0, 1]
Ow:
[0.31134421;
 -0.092919767;
 0.56268603]
Keyframe: 66 Frame: 609 Frame from vFrameID : 610
Tcw:
[0.99991369, 0.012873709, -0.0026140001, 0.31313118;
 -0.00652675, 0.31417561, -0.94934243, -0.09383218;
 -0.011400304, 0.94927758, 0.31423253, 0.56632692;
 0, 0, 0, 1]
Twc:
[0.99991369, -0.00652675, -0.011400304, -0.30726027;
 0.012873709, 0.31417561, 0.94927758, -0.51215285;
 -0.0026140001, -0.94934243, 0.31423253, -0.26621869;
 0, 0, 0, 1]
Ow:
[0.31313118;
 -0.09383218;
 0.56632692]
Keyframe: 67 Frame: 616 Frame from vFrameID : 617
Tcw:
[0.99994487, 0.0042080437, -0.0096233599, 0.31800056;
 -0.010453637, 0.30984974, -0.95072806, -0.095694274;
 -0.0010189096, 0.95077622, 0.30987662, 0.57969946;
 0, 0, 0, 1]
Twc:
[0.99994487, -0.010453637, -0.0010189096, -0.31839269;
 0.0042080437, 0.30984974, 0.95077622, -0.52285182;
 -0.0096233599, -0.95072806, 0.30987662, -0.26755431;
 0, 0, 0, 1]
Ow:
[0.31800056;
 -0.095694274;
 0.57969946]
Keyframe: 68 Frame: 622 Frame from vFrameID : 623
Tcw:
[0.99982649, 0.014502973, -0.011688867, 0.32165146;
 -0.015410478, 0.29153749, -0.95643526, -0.10066997;
 -0.010463412, 0.95644945, 0.29171041, 0.5866009;
 0, 0, 0, 1]
Twc:
[0.99982649, -0.015410478, -0.010463412, -0.31700918;
 0.014502973, 0.29153749, 0.95644945, -0.53636992;
 -0.011688867, -0.95643526, 0.29171041, -0.26364213;
 0, 0, 0, 1]
Ow:
[0.32165146;
 -0.10066997;
 0.5866009]
Keyframe: 69 Frame: 629 Frame from vFrameID : 630
Tcw:
[0.99973261, 0.017005196, 0.015668223, 0.32609808;
 0.0099616433, 0.29475349, -0.9555214, -0.10775721;
 -0.020867093, 0.95542198, 0.2945053, 0.59141839;
 0, 0, 0, 1]
Twc:
[0.99973261, 0.0099616433, -0.020867093, -0.31259629;
 0.017005196, 0.29475349, 0.95542198, -0.53883767;
 0.015668223, -0.9555214, 0.2945053, -0.28224951;
 0, 0, 0, 1]
Ow:
[0.32609808;
 -0.10775721;
 0.59141839]
Keyframe: 70 Frame: 636 Frame from vFrameID : 637
Tcw:
[0.99856597, 0.026412817, 0.046565868, 0.33753034;
 0.036095418, 0.31020007, -0.9499858, -0.10844497;
 -0.039536536, 0.95030433, 0.30880186, 0.60855126;
 0, 0, 0, 1]
Twc:
[0.99856597, 0.036095418, -0.039536536, -0.30907193;
 0.026412817, 0.31020007, 0.95030433, -0.55358434;
 0.046565868, -0.9499858, 0.30880186, -0.30666032;
 0, 0, 0, 1]
Ow:
[0.33753034;
 -0.10844497;
 0.60855126]
Keyframe: 71 Frame: 644 Frame from vFrameID : 645
Tcw:
[0.99966329, 0.013889152, 0.021918304, 0.34020177;
 0.016915442, 0.29172832, -0.95635164, -0.1110445;
 -0.019677103, 0.95640039, 0.29139513, 0.62346679;
 0, 0, 0, 1]
Twc:
[0.99966329, 0.016915442, -0.019677103, -0.32594082;
 0.013889152, 0.29172832, 0.95640039, -0.56861418;
 0.021918304, -0.95635164, 0.29139513, -0.29532942;
 0, 0, 0, 1]
Ow:
[0.34020177;
 -0.1110445;
 0.62346679]
Keyframe: 72 Frame: 651 Frame from vFrameID : 652
Tcw:
[0.99978054, 0.0066467561, -0.019867375, 0.34872267;
 -0.020933934, 0.2801201, -0.9597367, -0.11048213;
 -0.00081388408, 0.95994192, 0.28019777, 0.63177729;
 0, 0, 0, 1]
Twc:
[0.99978054, -0.020933934, -0.00081388408, -0.35044479;
 0.0066467561, 0.2801201, 0.95994192, -0.57783914;
 -0.019867375, -0.9597367, 0.28019777, -0.27612811;
 0, 0, 0, 1]
Ow:
[0.34872267;
 -0.11048213;
 0.63177729]
Keyframe: 73 Frame: 659 Frame from vFrameID : 660
Tcw:
[0.99982995, 0.018340608, -0.0019116541, 0.35212472;
 -0.0073946188, 0.30381346, -0.95270282, -0.11010985;
 -0.016892362, 0.952555, 0.30389741, 0.63701141;
 0, 0, 0, 1]
Twc:
[0.99982995, -0.0073946188, -0.016892362, -0.34211844;
 0.018340608, 0.30381346, 0.952555, -0.57979375;
 -0.0019116541, -0.95270282, 0.30389741, -0.29781497;
 0, 0, 0, 1]
Ow:
[0.35212472;
 -0.11010985;
 0.63701141]
Keyframe: 74 Frame: 666 Frame from vFrameID : 667
Tcw:
[0.99926662, 0.032300889, 0.020563133, 0.35403371;
 0.010776476, 0.27808085, -0.9604972, -0.11287569;
 -0.036743127, 0.9600144, 0.27752885, 0.64309788;
 0, 0, 0, 1]
Twc:
[0.99926662, 0.010776476, -0.036743127, -0.32892823;
 0.032300889, 0.27808085, 0.9600144, -0.59743029;
 0.020563133, -0.9604972, 0.27752885, -0.29417503;
 0, 0, 0, 1]
Ow:
[0.35403371;
 -0.11287569;
 0.64309788]
Keyframe: 75 Frame: 673 Frame from vFrameID : 674
Tcw:
[0.99766362, 0.046118658, 0.050402042, 0.34567729;
 0.034508117, 0.29654044, -0.95439667, -0.094577089;
 -0.058961734, 0.95390612, 0.29425615, 0.65499341;
 0, 0, 0, 1]
Twc:
[0.99766362, 0.034508117, -0.058961734, -0.30298644;
 0.046118658, 0.29654044, 0.95390612, -0.61269838;
 0.050402042, -0.95439667, 0.29425615, -0.3004227;
 0, 0, 0, 1]
Ow:
[0.34567729;
 -0.094577089;
 0.65499341]
Keyframe: 76 Frame: 681 Frame from vFrameID : 682
Tcw:
[0.9983753, 0.030450534, 0.048161618, 0.36463735;
 0.036329921, 0.31097439, -0.94972366, -0.10914394;
 -0.043896623, 0.94993037, 0.30936286, 0.66388142;
 0, 0, 0, 1]
Twc:
[0.9983753, 0.036329921, -0.043896623, -0.33093753;
 0.030450534, 0.31097439, 0.94993037, -0.60780358;
 0.048161618, -0.94972366, 0.30936286, -0.32659841;
 0, 0, 0, 1]
Ow:
[0.36463735;
 -0.10914394;
 0.66388142]
Keyframe: 77 Frame: 689 Frame from vFrameID : 690
Tcw:
[0.99947655, 0.026521286, 0.018525383, 0.36022937;
 0.0092613669, 0.31410366, -0.9493435, -0.08558026;
 -0.030996701, 0.94901818, 0.31369364, 0.67326653;
 0, 0, 0, 1]
Twc:
[0.99947655, 0.0092613669, -0.030996701, -0.3383792;
 0.026521286, 0.31410366, 0.94901818, -0.62161487;
 0.018525383, -0.9493435, 0.31369364, -0.29911789;
 0, 0, 0, 1]
Ow:
[0.36022937;
 -0.08558026;
 0.67326653]
Keyframe: 78 Frame: 697 Frame from vFrameID : 698
Tcw:
[0.99996924, 0.0076607885, 0.0016728755, 0.37176836;
 -0.00076602789, 0.30776003, -0.9514637, -0.09085533;
 -0.0078038066, 0.95143318, 0.30775645, 0.68396294;
 0, 0, 0, 1]
Twc:
[0.99996924, -0.00076602789, -0.0078038066, -0.36648899;
 0.0076607885, 0.30776003, 0.95143318, -0.62563139;
 0.0016728755, -0.9514637, 0.30775645, -0.29756147;
 0, 0, 0, 1]
Ow:
[0.37176836;
 -0.09085533;
 0.68396294]
Keyframe: 79 Frame: 705 Frame from vFrameID : 706
Tcw:
[0.99914819, 0.019472675, 0.036383193, 0.37186229;
 0.028482601, 0.31256208, -0.94947022, -0.084302247;
 -0.029860731, 0.94969773, 0.3117412, 0.70057321;
 0, 0, 0, 1]
Twc:
[0.99914819, 0.028482601, -0.029860731, -0.34822476;
 0.019472675, 0.31256208, 0.94969773, -0.64622426;
 0.036383193, -0.94947022, 0.3117412, -0.31196955;
 0, 0, 0, 1]
Ow:
[0.37186229;
 -0.084302247;
 0.70057321]
Keyframe: 80 Frame: 713 Frame from vFrameID : 714
Tcw:
[0.99804592, 0.017512314, 0.059980158, 0.37613398;
 0.051442154, 0.31459862, -0.94782984, -0.08739081;
 -0.03546837, 0.94906324, 0.31308302, 0.71740073;
 0, 0, 0, 1]
Twc:
[0.99804592, 0.051442154, -0.03546837, -0.34545839;
 0.017512314, 0.31459862, 0.94906324, -0.65995258;
 0.059980158, -0.94782984, 0.31308302, -0.32999817;
 0, 0, 0, 1]
Ow:
[0.37613398;
 -0.08739081;
 0.71740073]
Keyframe: 81 Frame: 721 Frame from vFrameID : 722
Tcw:
[0.99889499, -0.008185003, 0.046279024, 0.38132209;
 0.0465221, 0.31187963, -0.948982, -0.089470595;
 -0.0066660638, 0.95008636, 0.31191579, 0.73337352;
 0, 0, 0, 1]
Twc:
[0.99889499, 0.0465221, -0.0066660638, -0.37184966;
 -0.008185003, 0.31187963, 0.95008636, -0.66574299;
 0.046279024, -0.948982, 0.31191579, -0.33130398;
 0, 0, 0, 1]
Ow:
[0.38132209;
 -0.089470595;
 0.73337352]
Keyframe: 82 Frame: 729 Frame from vFrameID : 730
Tcw:
[0.99994886, -0.010090383, -0.00072082231, 0.38591972;
 0.0024294625, 0.308705, -0.95115471, -0.077053174;
 0.0098200366, 0.95110428, 0.30871373, 0.74071491;
 0, 0, 0, 1]
Twc:
[0.99994886, 0.0024294625, 0.0098200366, -0.3929866;
 -0.010090383, 0.308705, 0.95110428, -0.67681634;
 -0.00072082231, -0.95115471, 0.30871373, -0.30168018;
 0, 0, 0, 1]
Ow:
[0.38591972;
 -0.077053174;
 0.74071491]
Keyframe: 83 Frame: 737 Frame from vFrameID : 738
Tcw:
[0.99964017, -0.0074882442, 0.025757173, 0.37173805;
 0.026800517, 0.31865793, -0.94749081, -0.078523517;
 -0.0011126853, 0.94784021, 0.31874397, 0.74765396;
 0, 0, 0, 1]
Twc:
[0.99964017, 0.026800517, -0.0011126853, -0.3686679;
 -0.0074882442, 0.31865793, 0.94784021, -0.68085068;
 0.025757173, -0.94749081, 0.31874397, -0.32228544;
 0, 0, 0, 1]
Ow:
[0.37173805;
 -0.078523517;
 0.74765396]
Keyframe: 84 Frame: 745 Frame from vFrameID : 746
Tcw:
[0.99897254, 0.01461382, 0.042898763, 0.37527969;
 0.036713418, 0.29401636, -0.95509505, -0.070121244;
 -0.026570525, 0.95568866, 0.29317775, 0.7621969;
 0, 0, 0, 1]
Twc:
[0.99897254, 0.036713418, -0.026570525, -0.35206774;
 0.01461382, 0.29401636, 0.95568866, -0.71329045;
 0.042898763, -0.95509505, 0.29317775, -0.30653065;
 0, 0, 0, 1]
Ow:
[0.37527969;
 -0.070121244;
 0.7621969]
Keyframe: 85 Frame: 753 Frame from vFrameID : 754
Tcw:
[0.99783796, 0.015982922, 0.063749477, 0.38987699;
 0.055513926, 0.31424588, -0.94771713, -0.079945177;
 -0.0351803, 0.94920707, 0.3126792, 0.76979554;
 0, 0, 0, 1]
Twc:
[0.99783796, 0.055513926, -0.0351803, -0.35751432;
 0.015982922, 0.31424588, 0.94920707, -0.71180433;
 0.063749477, -0.94771713, 0.3126792, -0.34131891;
 0, 0, 0, 1]
Ow:
[0.38987699;
 -0.079945177;
 0.76979554]
Keyframe: 86 Frame: 761 Frame from vFrameID : 762
Tcw:
[0.99946779, -0.016230479, 0.028297141, 0.40415037;
 0.031777553, 0.28838673, -0.95698655, -0.10001113;
 0.0073718294, 0.95737642, 0.28874901, 0.78600562;
 0, 0, 0, 1]
Twc:
[0.99946779, 0.031777553, 0.0073718294, -0.40655145;
 -0.016230479, 0.28838673, 0.95737642, -0.71710181;
 0.028297141, -0.95698655, 0.28874901, -0.33410397;
 0, 0, 0, 1]
Ow:
[0.40415037;
 -0.10001113;
 0.78600562]
Keyframe: 87 Frame: 769 Frame from vFrameID : 770
Tcw:
[0.9997527, -0.015526028, 0.015921721, 0.40138167;
 0.019915689, 0.30649358, -0.95166433, -0.099250749;
 0.0098956618, 0.95174611, 0.30672702, 0.79287118;
 0, 0, 0, 1]
Twc:
[0.9997527, 0.019915689, 0.0098956618, -0.40715176;
 -0.015526028, 0.30649358, 0.95174611, -0.71796042;
 0.015921721, -0.95166433, 0.30672702, -0.34403908;
 0, 0, 0, 1]
Ow:
[0.40138167;
 -0.099250749;
 0.79287118]
Keyframe: 88 Frame: 777 Frame from vFrameID : 778
Tcw:
[0.9997924, 0.0046379627, 0.019839652, 0.40158027;
 0.017477171, 0.30527598, -0.9521035, -0.090526089;
 -0.01047239, 0.95225263, 0.30513155, 0.80239946;
 0, 0, 0, 1]
Twc:
[0.9997924, 0.017477171, -0.01047239, -0.39151171;
 0.0046379627, 0.30527598, 0.95225263, -0.73831409;
 0.019839652, -0.9521035, 0.30513155, -0.33899483;
 0, 0, 0, 1]
Ow:
[0.40158027;
 -0.090526089;
 0.80239946]
Keyframe: 89 Frame: 785 Frame from vFrameID : 786
Tcw:
[0.99945194, 0.0042437012, 0.032830998, 0.40351585;
 0.030127984, 0.29437169, -0.95521599, -0.08961606;
 -0.013718168, 0.95568156, 0.29408252, 0.80582774;
 0, 0, 0, 1]
Twc:
[0.99945194, 0.030127984, -0.013718168, -0.38954026;
 0.0042437012, 0.29437169, 0.95568156, -0.74544668;
 0.032830998, -0.95521599, 0.29408252, -0.33583036;
 0, 0, 0, 1]
Ow:
[0.40351585;
 -0.08961606;
 0.80582774]
Keyframe: 90 Frame: 793 Frame from vFrameID : 794
Tcw:
