Keyframe: 0 Frame: 0 Frame from vFrameID : 95
Tcw:
[0.99755371, 0.066175811, 0.022525929, 0.06619525;
 -0.0028151197, 0.36000615, -0.93294567, 0.007525817;
 -0.069847912, 0.93059999, 0.35931176, 0.00071250077;
 0, 0, 0, 1]
Twc:
[0.99755371, -0.0028151197, -0.069847912, -0.065962359;
 0.066175811, 0.36000615, 0.93059999, -0.0077529177;
 0.022525929, -0.93294567, 0.35931176, 0.0052740593;
 0, 0, 0, 1]
Ow:
[0.06619525;
 0.007525817;
 0.00071250077]
Keyframe: 1 Frame: 122 Frame from vFrameID : 95
Tcw:
[0.99736565, 0.070139825, 0.018497087, 0.066199921;
 -0.0085048182, 0.36631235, -0.93045306, 0.0072365543;
 -0.072037525, 0.92784464, 0.36594391, 0.00056143815;
 0, 0, 0, 1]
Twc:
[0.99736565, -0.0085048182, -0.072037525, -0.065923534;
 0.070139825, 0.36631235, 0.92784464, -0.0078150174;
 0.018497087, -0.93045306, 0.36594391, 0.005303314;
 0, 0, 0, 1]
Ow:
[0.066199921;
 0.0072365543;
 0.00056143815]
Keyframe: 2 Frame: 125 Frame from vFrameID : 126
Tcw:
[0.99701655, 0.071376011, 0.02938441, 0.067627013;
 0.0010043625, 0.36865804, -0.92956454, 0.005141207;
 -0.077181406, 0.92682076, 0.36748648, 0.0020759376;
 0, 0, 0, 1]
Twc:
[0.99701655, 0.0010043625, -0.077181406, -0.06727019;
 0.071376011, 0.36865804, 0.92682076, -0.0086463159;
 0.02938441, -0.92956454, 0.36748648, 0.0020290248;
 0, 0, 0, 1]
Ow:
[0.067627013;
 0.005141207;
 0.0020759376]
Keyframe: 3 Frame: 127 Frame from vFrameID : 128
Tcw:
[0.9965356, 0.075207338, 0.035505399, 0.067449048;
 0.0053595593, 0.36795515, -0.92982811, 0.0061043371;
 -0.08299429, 0.92679709, 0.36627734, 0.0020254946;
 0, 0, 0, 1]
Twc:
[0.9965356, 0.0053595593, -0.08299429, -0.067079991;
 0.075207338, 0.36795515, 0.92679709, -0.0091960086;
 0.035505399, -0.92982811, 0.36627734, 0.0025392857;
 0, 0, 0, 1]
Ow:
[0.067449048;
 0.0061043371;
 0.0020254946]
Keyframe: 4 Frame: 129 Frame from vFrameID : 130
Tcw:
[0.99643856, 0.073674582, 0.041015629, 0.067434765;
 0.011159279, 0.36691925, -0.93018585, 0.0053443843;
 -0.083580479, 0.92733073, 0.36479035, 0.0017633591;
 0, 0, 0, 1]
Twc:
[0.99643856, 0.011159279, -0.083580479, -0.067106858;
 0.073674582, 0.36691925, 0.92733073, -0.0085644033;
 0.041015629, -0.93018585, 0.36479035, 0.0015621348;
 0, 0, 0, 1]
Ow:
[0.067434765;
 0.0053443843;
 0.0017633591]
Keyframe: 5 Frame: 131 Frame from vFrameID : 132
Tcw:
[0.99521476, 0.08173842, 0.053538892, 0.067232914;
 0.020405166, 0.36199015, -0.93195856, 0.0060407622;
 -0.095557369, 0.92859137, 0.35859007, 0.0017168;
 0, 0, 0, 1]
Twc:
[0.99521476, 0.020405166, -0.095557369, -0.066870399;
 0.08173842, 0.36199015, 0.92859137, -0.0092764143;
 0.053538892, -0.93195856, 0.35859007, 0.0014145368;
 0, 0, 0, 1]
Ow:
[0.067232914;
 0.0060407622;
 0.0017168]
