Keyframe: 0 Frame: 0 Frame from vFrameID : 95
Tcw:
[0.99650246, 0.069578551, 0.04627775, 0.052789461;
 0.019482596, 0.34509245, -0.93836647, 0.0086566648;
 -0.081260286, 0.9359861, 0.34252989, -0.021333806;
 0, 0, 0, 1]
Twc:
[0.99650246, 0.019482596, -0.081260286, -0.054507077;
 0.069578551, 0.34509245, 0.9359861, 0.013307784;
 0.04627775, -0.93836647, 0.34252989, 0.012987614;
 0, 0, 0, 1]
Ow:
[0.052789461;
 0.0086566648;
 -0.021333806]
Keyframe: 1 Frame: 98 Frame from vFrameID : 95
Tcw:
[0.99627227, 0.065229818, 0.056450881, -0.0015096189;
 0.030227957, 0.34892341, -0.93666363, -0.0018448621;
 -0.08079543, 0.93487835, 0.34565094, 0.00099822762;
 0, 0, 0, 1]
Twc:
[0.99627227, 0.030227957, -0.08079543, 0.00164041;
 0.065229818, 0.34892341, 0.93487835, -0.0001910337;
 0.056450881, -0.93666363, 0.34565094, -0.0019878342;
 0, 0, 0, 1]
Ow:
[-0.0015096189;
 -0.0018448621;
 0.00099822762]
