Keyframe: 0 Frame: 0 Frame from vFrameID : 93
Tcw:
[0.99948525, 0.031249573, 0.0072564958, 0.07284788;
 -0.0021981215, 0.29236877, -0.95630312, -0.0066849589;
 -0.032005638, 0.95579493, 0.29228699, -0.032383975;
 0, 0, 0, 1]
Twc:
[0.99948525, -0.0021981215, -0.032005638, -0.073861554;
 0.031249573, 0.29236877, 0.95579493, 0.030630447;
 0.0072564958, -0.95630312, 0.29228699, 0.0025439467;
 0, 0, 0, 1]
Ow:
[0.07284788;
 -0.0066849589;
 -0.032383975]
Keyframe: 1 Frame: 92 Frame from vFrameID : 93
Tcw:
[0.99887115, 0.045064054, 0.015022825, 0.070694454;
 0.0013697589, 0.28879938, -0.95738864, -0.018876592;
 -0.047482397, 0.95632845, 0.28841162, -0.029688127;
 0, 0, 0, 1]
Twc:
[0.99887115, 0.0013697589, -0.047482397, -0.071998462;
 0.045064054, 0.28879938, 0.95632845, 0.030657372;
 0.015022825, -0.95738864, 0.28841162, -0.010571864;
 0, 0, 0, 1]
Ow:
[0.070694454;
 -0.018876592;
 -0.029688127]
Keyframe: 2 Frame: 96 Frame from vFrameID : 97
Tcw:
[0.99821055, 0.050862808, 0.031443469, 0.060395699;
 0.015812518, 0.28259361, -0.95910937, -0.020431036;
 -0.057668719, 0.95789033, 0.28128365, -0.025397044;
 0, 0, 0, 1]
Twc:
[0.99821055, 0.015812518, -0.057668719, -0.061429173;
 0.050862808, 0.28259361, 0.95789033, 0.027029365;
 0.031443469, -0.95910937, 0.28128365, -0.014350876;
 0, 0, 0, 1]
Ow:
[0.060395699;
 -0.020431036;
 -0.025397044]
Keyframe: 3 Frame: 98 Frame from vFrameID : 99
Tcw:
[0.99795246, 0.050108224, 0.039750453, 0.059933551;
 0.023933891, 0.28377706, -0.95859152, -0.025737375;
 -0.059313588, 0.95758015, 0.28199673, -0.022418234;
 0, 0, 0, 1]
Twc:
[0.99795246, 0.023933891, -0.059313588, -0.060524542;
 0.050108224, 0.28377706, 0.95758015, 0.02576777;
 0.039750453, -0.95859152, 0.28199673, -0.020732148;
 0, 0, 0, 1]
Ow:
[0.059933551;
 -0.025737375;
 -0.022418234]
Keyframe: 4 Frame: 99 Frame from vFrameID : 100
Tcw:
[0.99798054, 0.046036366, 0.043766569, 0.060141314;
 0.028928379, 0.28401795, -0.95838249, -0.025553867;
 -0.056550939, 0.95771313, 0.28211263, -0.019023014;
 0, 0, 0, 1]
Twc:
[0.99798054, 0.028928379, -0.056550939, -0.060356401;
 0.046036366, 0.28401795, 0.95771313, 0.02270766;
 0.043766569, -0.95838249, 0.28211263, -0.021755924;
 0, 0, 0, 1]
Ow:
[0.060141314;
 -0.025553867;
 -0.019023014]
Keyframe: 5 Frame: 101 Frame from vFrameID : 102
Tcw:
[0.99790668, 0.044008441, 0.047386229, 0.056895185;
 0.032880388, 0.2856935, -0.95775682, -0.030162498;
 -0.055687323, 0.95731002, 0.28364843, -0.0076910686;
 0, 0, 0, 1]
Twc:
[0.99790668, 0.032880388, -0.055687323, -0.05621263;
 0.044008441, 0.2856935, 0.95731002, 0.013476099;
 0.047386229, -0.95775682, 0.28364843, -0.029402828;
 0, 0, 0, 1]
Ow:
[0.056895185;
 -0.030162498;
 -0.0076910686]
Keyframe: 6 Frame: 103 Frame from vFrameID : 104
Tcw:
[0.99788654, 0.046942715, 0.044931039, 0.070778809;
 0.02928658, 0.2923421, -0.95586526, -0.025302587;
 -0.058006145, 0.95516098, 0.29034948, -0.015998611;
 0, 0, 0, 1]
Twc:
[0.99788654, 0.02928658, -0.058006145, -0.070816219;
 0.046942715, 0.2923421, 0.95516098, 0.019355712;
 0.044931039, -0.95586526, 0.29034948, -0.022720842;
 0, 0, 0, 1]
Ow:
[0.070778809;
 -0.025302587;
 -0.015998611]
Keyframe: 7 Frame: 105 Frame from vFrameID : 106
Tcw:
[0.99743962, 0.047194201, 0.053730257, 0.068234906;
 0.037073158, 0.30125007, -0.95282423, -0.029072624;
 -0.061154019, 0.95237654, 0.29872909, -0.010785907;
 0, 0, 0, 1]
Twc:
[0.99743962, 0.037073158, -0.061154019, -0.067641988;
 0.047194201, 0.30125007, 0.95237654, 0.015810082;
 0.053730257, -0.95282423, 0.29872909, -0.028145315;
 0, 0, 0, 1]
Ow:
[0.068234906;
 -0.029072624;
 -0.010785907]
Keyframe: 8 Frame: 106 Frame from vFrameID : 107
Tcw:
[0.99744248, 0.047886711, 0.05305979, 0.072992958;
 0.035999238, 0.3047362, -0.95175624, -0.027806001;
 -0.061745714, 0.95123219, 0.30223295, -0.015905451;
 0, 0, 0, 1]
Twc:
[0.99744248, 0.035999238, -0.061745714, -0.072787374;
 0.047886711, 0.3047362, 0.95123219, 0.020107878;
 0.05305979, -0.95175624, 0.30223295, -0.025530374;
 0, 0, 0, 1]
Ow:
[0.072992958;
 -0.027806001;
 -0.015905451]
Keyframe: 9 Frame: 108 Frame from vFrameID : 109
Tcw:
[0.99753982, 0.046380449, 0.052565843, 0.073493674;
 0.036054451, 0.30363151, -0.95210713, -0.026590932;
 -0.060119804, 0.95165998, 0.30121228, -0.010088636;
 0, 0, 0, 1]
Twc:
[0.99753982, 0.036054451, -0.060119804, -0.072960675;
 0.046380449, 0.30363151, 0.95165998, 0.014266126;
 0.052565843, -0.95210713, 0.30121228, -0.026141852;
 0, 0, 0, 1]
Ow:
[0.073493674;
 -0.026590932;
 -0.010088636]
Keyframe: 10 Frame: 110 Frame from vFrameID : 111
Tcw:
[0.99777949, 0.048890658, 0.045230936, 0.078749709;
 0.027896384, 0.30990013, -0.95035976, -0.028612725;
 -0.060480788, 0.94951123, 0.30784813, -0.016613049;
 0, 0, 0, 1]
Twc:
[0.99777949, 0.027896384, -0.060480788, -0.078781419;
 0.048890658, 0.30990013, 0.94951123, 0.02079124;
 0.045230936, -0.95035976, 0.30784813, -0.025640011;
 0, 0, 0, 1]
Ow:
[0.078749709;
 -0.028612725;
 -0.016613049]
Keyframe: 11 Frame: 112 Frame from vFrameID : 113
Tcw:
[0.99816644, 0.044243611, 0.041307259, 0.079258718;
 0.025694449, 0.30818146, -0.95098054, -0.02627049;
 -0.054804944, 0.95029819, 0.30647957, -0.005195057;
 0, 0, 0, 1]
Twc:
[0.99816644, 0.025694449, -0.054804944, -0.078723095;
 0.044243611, 0.30818146, 0.95029819, 0.0095262397;
 0.041307259, -0.95098054, 0.30647957, -0.026664507;
 0, 0, 0, 1]
Ow:
[0.079258718;
 -0.02627049;
 -0.005195057]
Keyframe: 12 Frame: 116 Frame from vFrameID : 117
Tcw:
[0.99886829, 0.038762059, 0.0275623, 0.084078781;
 0.013854379, 0.31724444, -0.9482426, -0.029751327;
 -0.04549982, 0.94755131, 0.31634837, -0.0068033095;
 0, 0, 0, 1]
Twc:
[0.99886829, 0.013854379, -0.04549982, -0.083880991;
 0.038762059, 0.31724444, 0.94755131, 0.012625862;
 0.0275623, -0.9482426, 0.31634837, -0.028376665;
 0, 0, 0, 1]
Ow:
[0.084078781;
 -0.029751327;
 -0.0068033095]
Keyframe: 13 Frame: 118 Frame from vFrameID : 119
Tcw:
[0.99887842, 0.046001963, 0.011211334, 0.09262681;
 -0.0035893773, 0.30967158, -0.95083678, -0.03033725;
 -0.047212191, 0.94973016, 0.30948937, 0.007080412;
 0, 0, 0, 1]
Twc:
[0.99887842, -0.0035893773, -0.047212191, -0.092297532;
 0.046001963, 0.30967158, 0.94973016, -0.0015909113;
 0.011211334, -0.95083678, 0.30948937, -0.032075558;
 0, 0, 0, 1]
Ow:
[0.09262681;
 -0.03033725;
 0.007080412]
Keyframe: 14 Frame: 124 Frame from vFrameID : 125
Tcw:
[0.99867642, 0.049141347, 0.015181531, 0.092207298;
 -0.0012234463, 0.31778491, -0.94816202, -0.033787943;
 -0.051418424, 0.94688851, 0.31742442, 0.0069385325;
 0, 0, 0, 1]
Twc:
[0.99867642, -0.0012234463, -0.051418424, -0.091769829;
 0.049141347, 0.31778491, 0.94688851, -0.00036390949;
 0.015181531, -0.94816202, 0.31742442, -0.035638753;
 0, 0, 0, 1]
Ow:
[0.092207298;
 -0.033787943;
 0.0069385325]
Keyframe: 15 Frame: 130 Frame from vFrameID : 131
Tcw:
[0.99767256, 0.054361492, 0.041162245, 0.095672041;
 0.022666264, 0.30494216, -0.95210111, -0.040676281;
 -0.064309739, 0.95081812, 0.30300024, 0.030952755;
 0, 0, 0, 1]
Twc:
[0.99767256, 0.022666264, -0.064309739, -0.092536829;
 0.054361492, 0.30494216, 0.95081812, -0.022227405;
 0.041162245, -0.95210111, 0.30300024, -0.052044701;
 0, 0, 0, 1]
Ow:
[0.095672041;
 -0.040676281;
 0.030952755]
Keyframe: 16 Frame: 138 Frame from vFrameID : 139
Tcw:
[0.99450767, 0.068661235, 0.078994632, 0.088372141;
 0.056846708, 0.27936918, -0.95849949, -0.050481156;
 -0.087880425, 0.9577257, 0.27393162, 0.03705769;
 0, 0, 0, 1]
Twc:
[0.99450767, 0.056846708, -0.087880425, -0.081760436;
 0.068661235, 0.27936918, 0.9577257, -0.027455963;
 0.078994632, -0.95849949, 0.27393162, -0.065518364;
 0, 0, 0, 1]
Ow:
[0.088372141;
 -0.050481156;
 0.03705769]
Keyframe: 17 Frame: 146 Frame from vFrameID : 147
Tcw:
[0.99261802, 0.07299225, 0.096858509, 0.10127134;
 0.070283435, 0.30466032, -0.94986439, -0.042160802;
 -0.098841682, 0.94966006, 0.29728118, 0.042178228;
 0, 0, 0, 1]
Twc:
[0.99261802, 0.070283435, -0.098841682, -0.09339159;
 0.07299225, 0.30466032, 0.94966006, -0.034602281;
 0.096858509, -0.94986439, 0.29728118, -0.062394828;
 0, 0, 0, 1]
Ow:
[0.10127134;
 -0.042160802;
 0.042178228]
Keyframe: 18 Frame: 152 Frame from vFrameID : 153
Tcw:
[0.99654204, 0.062805377, 0.054400519, 0.10654984;
 0.032769982, 0.30456966, -0.95192617, -0.058363069;
 -0.076354831, 0.95041716, 0.30145833, 0.042595036;
 0, 0, 0, 1]
Twc:
[0.99654204, 0.032769982, -0.076354831, -0.10101651;
 0.062805377, 0.30456966, 0.95041716, -0.029399339;
 0.054400519, -0.95192617, 0.30145833, -0.074194334;
 0, 0, 0, 1]
Ow:
[0.10654984;
 -0.058363069;
 0.042595036]
Keyframe: 19 Frame: 159 Frame from vFrameID : 160
Tcw:
[0.99904394, 0.04289924, 0.0084190741, 0.13154663;
 -0.0041084508, 0.2838563, -0.95885801, -0.058165632;
 -0.043524086, 0.95790672, 0.28376117, 0.070262223;
 0, 0, 0, 1]
Twc:
[0.99904394, -0.0041084508, -0.043524086, -0.12860173;
 0.04289924, 0.2838563, 0.95790672, -0.056437224;
 0.0084190741, -0.95885801, 0.28376117, -0.076817781;
 0, 0, 0, 1]
Ow:
[0.13154663;
 -0.058165632;
 0.070262223]
Keyframe: 20 Frame: 168 Frame from vFrameID : 169
Tcw:
[0.9984926, 0.051577818, 0.018768355, 0.12463785;
 0.0025817738, 0.297434, -0.95473891, -0.065048471;
 -0.054825697, 0.95334816, 0.2968525, 0.08903148;
 0, 0, 0, 1]
Twc:
[0.9984926, 0.0025817738, -0.054825697, -0.11940081;
 0.051577818, 0.297434, 0.95334816, -0.071958922;
 0.018768355, -0.95473891, 0.2968525, -0.090872772;
 0, 0, 0, 1]
Ow:
[0.12463785;
 -0.065048471;
 0.08903148]
Keyframe: 21 Frame: 178 Frame from vFrameID : 179
Tcw:
[0.99768382, 0.051546875, 0.044383112, 0.12331548;
 0.027851542, 0.28571919, -0.95790857, -0.074680999;
 -0.0620583, 0.95692605, 0.28362173, 0.11230772;
 0, 0, 0, 1]
Twc:
[0.99768382, 0.027851542, -0.0620583, -0.11398025;
 0.051546875, 0.28571919, 0.95692605, -0.092488915;
 0.044383112, -0.95790857, 0.28362173, -0.10886361;
 0, 0, 0, 1]
Ow:
[0.12331548;
 -0.074680999;
 0.11230772]
Keyframe: 22 Frame: 187 Frame from vFrameID : 188
Tcw:
[0.99750322, 0.053163711, 0.04648621, 0.13281922;
 0.028174486, 0.30401224, -0.95225143, -0.089236826;
 -0.064757593, 0.95118356, 0.30175531, 0.11392497;
 0, 0, 0, 1]
Twc:
[0.99750322, 0.028174486, -0.064757593, -0.12259588;
 0.053163711, 0.30401224, 0.95118356, -0.088295639;
 0.04648621, -0.95225143, 0.30175531, -0.12552762;
 0, 0, 0, 1]
Ow:
[0.13281922;
 -0.089236826;
 0.11392497]
Keyframe: 23 Frame: 196 Frame from vFrameID : 197
Tcw:
[0.99884689, 0.047944613, -0.0024884287, 0.15579788;
 -0.015419039, 0.2712808, -0.96237671, -0.072359651;
 -0.045465719, 0.96130538, 0.27170724, 0.19905601;
 0, 0, 0, 1]
Twc:
[0.99884689, -0.015419039, -0.045465719, -0.14768371;
 0.047944613, 0.2712808, 0.96130538, -0.17919351;
 -0.0024884287, -0.96237671, 0.27170724, -0.12333452;
 0, 0, 0, 1]
Ow:
[0.15579788;
 -0.072359651;
 0.19905601]
Keyframe: 24 Frame: 205 Frame from vFrameID : 206
Tcw:
[0.99829966, 0.056144875, 0.015670428, 0.18331555;
 -0.00017921043, 0.2717872, -0.96235734, -0.091290601;
 -0.058290455, 0.96071821, 0.27133512, 0.22983773;
 0, 0, 0, 1]
Twc:
[0.99829966, -0.00017921043, -0.058290455, -0.16962285;
 0.056144875, 0.2717872, 0.96071821, -0.2062899;
 0.015670428, -0.96235734, 0.27133512, -0.15308987;
 0, 0, 0, 1]
Ow:
[0.18331555;
 -0.091290601;
 0.22983773]
Keyframe: 25 Frame: 214 Frame from vFrameID : 215
Tcw:
[0.99702954, 0.051413365, 0.057347506, 0.17728612;
 0.041361723, 0.27068412, -0.96177924, -0.089308642;
 -0.064971365, 0.96129429, 0.26775354, 0.24977127;
 0, 0, 0, 1]
Twc:
[0.99702954, 0.041361723, -0.064971365, -0.15683757;
 0.051413365, 0.27068412, 0.96129429, -0.22504415;
 0.057347506, -0.96177924, 0.26775354, -0.16293925;
 0, 0, 0, 1]
Ow:
[0.17728612;
 -0.089308642;
 0.24977127]
Keyframe: 26 Frame: 224 Frame from vFrameID : 225
Tcw:
[0.99951899, 0.028690513, 0.011772197, 0.20018132;
 0.0039133811, 0.25988099, -0.96563274, -0.081815377;
 -0.030763868, 0.96521431, 0.25964373, 0.29090378;
 0, 0, 0, 1]
Twc:
[0.99951899, 0.0039133811, -0.030763868, -0.19081555;
 0.028690513, 0.25988099, 0.96521431, -0.26526555;
 0.011772197, -0.96563274, 0.25964373, -0.15689151;
 0, 0, 0, 1]
Ow:
[0.20018132;
 -0.081815377;
 0.29090378]
Keyframe: 27 Frame: 233 Frame from vFrameID : 234
Tcw:
[0.99963814, 0.017738333, -0.020221235, 0.21613297;
 -0.024182782, 0.26345959, -0.96436727, -0.075411409;
 -0.011778789, 0.96450734, 0.26379323, 0.32035407;
 0, 0, 0, 1]
Twc:
[0.99963814, -0.024182782, -0.011778789, -0.21410504;
 0.017738333, 0.26345959, 0.96450734, -0.29294986;
 -0.020221235, -0.96436727, 0.26379323, -0.15286106;
 0, 0, 0, 1]
Ow:
[0.21613297;
 -0.075411409;
 0.32035407]
Keyframe: 28 Frame: 241 Frame from vFrameID : 242
Tcw:
[0.99949276, 0.031784371, -0.0019807841, 0.23731439;
 -0.010415237, 0.26747265, -0.96350914, -0.1068875;
 -0.030094728, 0.96304107, 0.26766804, 0.33931568;
 0, 0, 0, 1]
Twc:
[0.99949276, -0.010415237, -0.030094728, -0.22809565;
 0.031784371, 0.26747265, 0.96304107, -0.30572838;
 -0.0019807841, -0.96350914, 0.26766804, -0.19334099;
 0, 0, 0, 1]
Ow:
[0.23731439;
 -0.1068875;
 0.33931568]
Keyframe: 29 Frame: 248 Frame from vFrameID : 249
Tcw:
[0.9997133, 0.021956863, 0.0095492257, 0.24118547;
 0.0040614721, 0.23753519, -0.97137046, -0.11591855;
 -0.023596525, 0.97113073, 0.23737793, 0.35755473;
 0, 0, 0, 1]
Twc:
[0.9997133, 0.0040614721, -0.023596525, -0.23220848;
 0.021956863, 0.23753519, 0.97113073, -0.32499331;
 0.0095492257, -0.97137046, 0.23737793, -0.19977859;
 0, 0, 0, 1]
Ow:
[0.24118547;
 -0.11591855;
 0.35755473]
Keyframe: 30 Frame: 257 Frame from vFrameID : 258
Tcw:
[0.99890494, 0.037886079, 0.02745009, 0.25612205;
 0.018090166, 0.22831789, -0.97341853, -0.10555669;
 -0.043146357, 0.97284919, 0.22738251, 0.3749488;
 0, 0, 0, 1]
Twc:
[0.99890494, 0.018090166, -0.043146357, -0.23775437;
 0.037886079, 0.22831789, 0.97284919, -0.35037163;
 0.02745009, -0.97341853, 0.22738251, -0.19503821;
 0, 0, 0, 1]
Ow:
[0.25612205;
 -0.10555669;
 0.3749488]
Keyframe: 31 Frame: 265 Frame from vFrameID : 266
Tcw:
[0.998366, -0.034850959, -0.045285512, 0.28887016;
 -0.036150582, 0.22854559, -0.97286177, -0.030801065;
 0.04425497, 0.97290921, 0.22691226, 0.42634678;
 0, 0, 0, 1]
Twc:
[0.998366, -0.036150582, 0.04425497, -0.30837956;
 -0.034850959, 0.22854559, 0.97290921, -0.39768985;
 -0.045285512, -0.97286177, 0.22691226, -0.11362685;
 0, 0, 0, 1]
Ow:
[0.28887016;
 -0.030801065;
 0.42634678]
Keyframe: 32 Frame: 274 Frame from vFrameID : 275
Tcw:
[0.99711043, -0.050687328, -0.056582153, 0.32118469;
 -0.04107834, 0.26677856, -0.96288204, -0.027413443;
 0.063900821, 0.96242404, 0.26392555, 0.43201238;
 0, 0, 0, 1]
Twc:
[0.99711043, -0.04107834, 0.063900821, -0.34898868;
 -0.050687328, 0.26677856, 0.96242404, -0.39218578;
 -0.056582153, -0.96288204, 0.26392555, -0.12224168;
 0, 0, 0, 1]
Ow:
[0.32118469;
 -0.027413443;
 0.43201238]
Keyframe: 33 Frame: 281 Frame from vFrameID : 282
Tcw:
[0.99824518, -0.040936973, -0.042787116, 0.31976658;
 -0.030165814, 0.27022535, -0.96232444, -0.049009942;
 0.050956812, 0.9619264, 0.26851624, 0.45858949;
 0, 0, 0, 1]
Twc:
[0.99824518, -0.030165814, 0.050956812, -0.34405211;
 -0.040936973, 0.27022535, 0.9619264, -0.41479534;
 -0.042787116, -0.96232444, 0.26851624, -0.15662029;
 0, 0, 0, 1]
Ow:
[0.31976658;
 -0.049009942;
 0.45858949]
Keyframe: 34 Frame: 289 Frame from vFrameID : 290
Tcw:
[0.9996112, -0.0094319675, -0.026239706, 0.28463414;
 -0.023234032, 0.23854263, -0.97085404, -0.090774648;
 0.015416353, 0.9710862, 0.23823075, 0.49334732;
 0, 0, 0, 1]
Twc:
[0.9996112, -0.023234032, 0.015416353, -0.29423818;
 -0.0094319675, 0.23854263, 0.9710862, -0.45474449;
 -0.026239706, -0.97085404, 0.23823075, -0.19819072;
 0, 0, 0, 1]
Ow:
[0.28463414;
 -0.090774648;
 0.49334732]
Keyframe: 35 Frame: 297 Frame from vFrameID : 298
Tcw:
[0.99988914, -0.0022249038, -0.014724087, 0.28350329;
 -0.013690127, 0.25170109, -0.96770817, -0.08904773;
 0.0058591263, 0.96780246, 0.2516427, 0.49639308;
 0, 0, 0, 1]
Twc:
[0.99988914, -0.013690127, 0.0058591263, -0.28759935;
 -0.0022249038, 0.25170109, 0.96780246, -0.45736629;
 -0.014724087, -0.96770817, 0.2516427, -0.20691159;
 0, 0, 0, 1]
Ow:
[0.28350329;
 -0.08904773;
 0.49639308]
Keyframe: 36 Frame: 305 Frame from vFrameID : 306
Tcw:
[0.99896443, -0.017684883, -0.041920036, 0.31820834;
 -0.036465451, 0.23978795, -0.97014022, -0.081804313;
 0.027208736, 0.9706642, 0.23889476, 0.54184312;
 0, 0, 0, 1]
Twc:
[0.99896443, -0.036465451, 0.027208736, -0.33560473;
 -0.017684883, 0.23978795, 0.9706642, -0.50070459;
 -0.041920036, -0.97014022, 0.23889476, -0.19546582;
 0, 0, 0, 1]
Ow:
[0.31820834;
 -0.081804313;
 0.54184312]
Keyframe: 37 Frame: 312 Frame from vFrameID : 313
Tcw:
[0.99824744, -0.0053685931, -0.058933925, 0.3097207;
 -0.056157395, 0.22816314, -0.97200203, -0.098676383;
 0.018664831, 0.97360814, 0.22746179, 0.55191451;
 0, 0, 0, 1]
Twc:
[0.99824744, -0.056157395, 0.018664831, -0.3250207;
 -0.0053685931, 0.22816314, 0.97360814, -0.51317137;
 -0.058933925, -0.97200203, 0.22746179, -0.20320004;
 0, 0, 0, 1]
Ow:
[0.3097207;
 -0.098676383;
 0.55191451]
Keyframe: 38 Frame: 320 Frame from vFrameID : 321
Tcw:
[0.99873203, 0.0049325088, -0.050100382, 0.32037553;
 -0.049827944, 0.23879263, -0.96979135, -0.11680786;
 0.007180097, 0.97105807, 0.23873562, 0.55828577;
 0, 0, 0, 1]
Twc:
[0.99873203, -0.049827944, 0.007180097, -0.32979816;
 0.0049325088, 0.23879263, 0.97105807, -0.51581532;
 -0.050100382, -0.96979135, 0.23873562, -0.23051102;
 0, 0, 0, 1]
Ow:
[0.32037553;
 -0.11680786;
 0.55828577]
Keyframe: 39 Frame: 328 Frame from vFrameID : 329
Tcw:
[0.99916494, 0.037375987, -0.016508019, 0.33263916;
 -0.024706051, 0.23085669, -0.97267407, -0.11994554;
 -0.032543667, 0.97226965, 0.23158732, 0.59476233;
 0, 0, 0, 1]
Twc:
[0.99916494, -0.024706051, -0.032543667, -0.31596899;
 0.037375987, 0.23085669, 0.97226965, -0.56301183;
 -0.016508019, -0.97267407, 0.23158732, -0.2489161;
 0, 0, 0, 1]
Ow:
[0.33263916;
 -0.11994554;
 0.59476233]
Keyframe: 40 Frame: 335 Frame from vFrameID : 336
Tcw:
[0.99902087, 0.04258135, 0.012003452, 0.32319301;
 0.0013715089, 0.24138117, -0.97042942, -0.11600009;
 -0.044219602, 0.96949571, 0.24108644, 0.59209383;
 0, 0, 0, 1]
Twc:
[0.99902087, 0.0013715089, -0.044219602, -0.29653531;
 0.04258135, 0.24138117, 0.96949571, -0.55979419;
 0.012003452, -0.97042942, 0.24108644, -0.25919512;
 0, 0, 0, 1]
Ow:
[0.32319301;
 -0.11600009;
 0.59209383]
Keyframe: 41 Frame: 343 Frame from vFrameID : 344
Tcw:
[0.99954498, 0.030142259, -0.0011296277, 0.34330186;
 -0.0082328962, 0.23659922, -0.97157246, -0.11384539;
 -0.029018119, 0.97113967, 0.23673972, 0.67651916;
 0, 0, 0, 1]
Twc:
[0.99954498, -0.0082328962, -0.029018119, -0.32445163;
 0.030142259, 0.23659922, 0.97113967, -0.64040673;
 -0.0011296277, -0.97157246, 0.23673972, -0.2703802;
 0, 0, 0, 1]
Ow:
[0.34330186;
 -0.11384539;
 0.67651916]
Keyframe: 42 Frame: 351 Frame from vFrameID : 352
Tcw:
[0.9986608, 0.016001549, -0.049199127, 0.38945913;
 -0.051549725, 0.2271634, -0.97249132, -0.11614864;
 -0.0043851258, 0.9737252, 0.22768405, 0.70564079;
 0, 0, 0, 1]
Twc:
[0.9986608, -0.051549725, -0.0043851258, -0.39183068;
 0.016001549, 0.2271634, 0.9737252, -0.66694742;
 -0.049199127, -0.97249132, 0.22768405, -0.25445566;
 0, 0, 0, 1]
Ow:
[0.38945913;
 -0.11614864;
 0.70564079]
Keyframe: 43 Frame: 358 Frame from vFrameID : 359
Tcw:
[0.99874473, 0.016616311, -0.047252934, 0.39654979;
 -0.049846448, 0.23692052, -0.97024947, -0.1306646;
 -0.004926776, 0.97138691, 0.23745139, 0.75334758;
 0, 0, 0, 1]
Twc:
[0.99874473, -0.049846448, -0.004926776, -0.39885363;
 0.016616311, 0.23692052, 0.97138691, -0.7074241;
 -0.047252934, -0.97024947, 0.23745139, -0.28692254;
 0, 0, 0, 1]
Ow:
[0.39654979;
 -0.1306646;
 0.75334758]
Keyframe: 44 Frame: 365 Frame from vFrameID : 366
Tcw:
[0.99928325, 0.02875746, -0.024616947, 0.42290968;
 -0.030740814, 0.23698403, -0.97102708, -0.13531061;
 -0.02209045, 0.97108781, 0.23769821, 0.77331913;
 0, 0, 0, 1]
Twc:
[0.99928325, -0.030740814, -0.02209045, -0.40968317;
 0.02875746, 0.23698403, 0.97108781, -0.73105609;
 -0.024616947, -0.97102708, 0.23769821, -0.30479607;
 0, 0, 0, 1]
Ow:
[0.42290968;
 -0.13531061;
 0.77331913]
Keyframe: 45 Frame: 372 Frame from vFrameID : 373
Tcw:
[0.9985618, 0.049943618, 0.019493904, 0.4118146;
 0.0087727793, 0.20648997, -0.97840941, -0.13244334;
 -0.052890599, 0.97717321, 0.20575485, 0.82730389;
 0, 0, 0, 1]
Twc:
[0.9985618, 0.0087727793, -0.052890599, -0.3663038;
 0.049943618, 0.20648997, 0.97717321, -0.80163848;
 0.019493904, -0.97840941, 0.20575485, -0.30783346;
 0, 0, 0, 1]
Ow:
[0.4118146;
 -0.13244334;
 0.82730389]
Keyframe: 46 Frame: 380 Frame from vFrameID : 381
Tcw:
[0.99701744, 0.058780685, 0.050010581, 0.41129315;
 0.036212854, 0.21592742, -0.97573763, -0.14328784;
 -0.06815318, 0.97463846, 0.21315478, 0.85357666;
 0, 0, 0, 1]
Twc:
[0.99701744, 0.036212854, -0.06815318, -0.34670362;
 0.058780685, 0.21592742, 0.97463846, -0.82516497;
 0.050010581, -0.97573763, 0.21315478, -0.34232432;
 0, 0, 0, 1]
Ow:
[0.41129315;
 -0.14328784;
 0.85357666]
Keyframe: 47 Frame: 387 Frame from vFrameID : 388
Tcw:
[0.9966175, 0.079528913, 0.020704782, 0.4436315;
 0.0018913373, 0.22968102, -0.9732641, -0.12043548;
 -0.082158133, 0.97001123, 0.2287537, 0.88330489;
 0, 0, 0, 1]
Twc:
[0.9966175, 0.0018913373, -0.082158133, -0.36933246;
 0.079528913, 0.22968102, 0.97001123, -0.86443543;
 0.020704782, -0.9732641, 0.2287537, -0.3284601;
 0, 0, 0, 1]
Ow:
[0.4436315;
 -0.12043548;
 0.88330489]
Keyframe: 48 Frame: 395 Frame from vFrameID : 396
Tcw:
[0.9974215, 0.064578302, -0.03130484, 0.4593609;
 -0.045082089, 0.22441147, -0.97345114, -0.11737634;
 -0.055838659, 0.97235239, 0.22674415, 0.90706879;
 0, 0, 0, 1]
Twc:
[0.9974215, -0.045082089, -0.055838659, -0.41281849;
 0.064578302, 0.22441147, 0.97235239, -0.88531458;
 -0.03130484, -0.97345114, 0.22674415, -0.30555245;
 0, 0, 0, 1]
Ow:
[0.4593609;
 -0.11737634;
 0.90706879]
Keyframe: 49 Frame: 402 Frame from vFrameID : 403
Tcw:
[0.99933803, 0.028140029, -0.023057945, 0.44737253;
 -0.029089656, 0.23745497, -0.97096288, -0.16380468;
 -0.021847701, 0.9709909, 0.23811635, 0.92663598;
 0, 0, 0, 1]
Twc:
[0.99933803, -0.029089656, -0.021847701, -0.43159655;
 0.028140029, 0.23745497, 0.9709909, -0.8734479;
 -0.023057945, -0.97096288, 0.23811635, -0.36937997;
 0, 0, 0, 1]
Ow:
[0.44737253;
 -0.16380468;
 0.92663598]
Keyframe: 50 Frame: 410 Frame from vFrameID : 411
Tcw:
[0.998779, 0.048537958, 0.0091990121, 0.43132904;
 -0.0017630634, 0.22110988, -0.97524732, -0.17948899;
 -0.049370505, 0.97404027, 0.22092548, 0.96892101;
 0, 0, 0, 1]
Twc:
[0.998779, -0.0017630634, -0.049370505, -0.38328269;
 0.048537958, 0.22110988, 0.97404027, -0.92501718;
 0.0091990121, -0.97524732, 0.22092548, -0.39307329;
 0, 0, 0, 1]
Ow:
[0.43132904;
 -0.17948899;
 0.96892101]
Keyframe: 51 Frame: 417 Frame from vFrameID : 418
Tcw:
[0.99884641, 0.047199555, 0.0088323569, 0.44178495;
 -0.0022804635, 0.23035462, -0.97310406, -0.1985366;
 -0.047964651, 0.97196138, 0.23019652, 0.973019;
 0, 0, 0, 1]
Twc:
[0.99884641, -0.0022804635, -0.047964651, -0.39505756;
 0.047199555, 0.23035462, 0.97196138, -0.9208551;
 0.0088323569, -0.97310406, 0.23019652, -0.42108437;
 0, 0, 0, 1]
Ow:
[0.44178495;
 -0.1985366;
 0.973019]
Keyframe: 52 Frame: 424 Frame from vFrameID : 425
Tcw:
[0.99928218, 0.022441087, -0.030521419, 0.52080059;
 -0.034683593, 0.21787269, -0.97536075, -0.12060034;
 -0.015238372, 0.97571915, 0.21849464, 1.020787;
 0, 0, 0, 1]
Twc:
[0.99928218, -0.034683593, -0.015238372, -0.50905448;
 0.022441087, 0.21787269, 0.97571915, -0.9814133;
 -0.030521419, -0.97536075, 0.21849464, -0.32476974;
 0, 0, 0, 1]
Ow:
[0.52080059;
 -0.12060034;
 1.020787]
Keyframe: 53 Frame: 431 Frame from vFrameID : 432
Tcw:
[0.99823302, 0.0066262805, -0.059050597, 0.5605607;
 -0.058996849, 0.22907649, -0.97161895, -0.15366407;
 0.0070888842, 0.97338587, 0.22906265, 1.030744;
 0, 0, 0, 1]
Twc:
[0.99823302, -0.058996849, 0.0070888842, -0.57594275;
 0.0066262805, 0.22907649, 0.97338587, -0.97182518;
 -0.059050597, -0.97161895, 0.22906265, -0.3523064;
 0, 0, 0, 1]
Ow:
[0.5605607;
 -0.15366407;
 1.030744]
Keyframe: 54 Frame: 439 Frame from vFrameID : 440
Tcw:
[0.99960071, 0.0039512762, -0.027978616, 0.55450886;
 -0.02812076, 0.23596068, -0.97135562, -0.18148094;
 0.0027637589, 0.97175455, 0.23597758, 1.0585784;
 0, 0, 0, 1]
Twc:
[0.99960071, -0.02812076, 0.0027637589, -0.56231648;
 0.0039512762, 0.23596068, 0.97175455, -0.988047;
 -0.027978616, -0.97135562, 0.23597758, -0.41056892;
 0, 0, 0, 1]
Ow:
[0.55450886;
 -0.18148094;
 1.0585784]
Keyframe: 55 Frame: 446 Frame from vFrameID : 447
Tcw:
[0.99853063, 0.031413566, 0.044156875, 0.57631648;
 0.034904536, 0.25047353, -0.96749401, -0.20290047;
 -0.041452568, 0.96761364, 0.24900901, 1.0712036;
 0, 0, 0, 1]
Twc:
[0.99853063, 0.034904536, -0.041452568, -0.5239833;
 0.031413566, 0.25047353, 0.96761364, -1.0037942;
 0.044156875, -0.96749401, 0.24900901, -0.48849267;
 0, 0, 0, 1]
Ow:
[0.57631648;
 -0.20290047;
 1.0712036]
Keyframe: 56 Frame: 453 Frame from vFrameID : 454
Tcw:
[0.99697894, 0.043440163, 0.064389482, 0.56501573;
 0.051787123, 0.24607839, -0.96786547, -0.21658021;
 -0.057889093, 0.96827596, 0.24308532, 1.0982699;
 0, 0, 0, 1]
Twc:
[0.99697894, 0.051787123, -0.057889093, -0.48851481;
 0.043440163, 0.24607839, 0.96827596, -1.0346771;
 0.064389482, -0.96786547, 0.24308532, -0.51297486;
 0, 0, 0, 1]
Ow:
[0.56501573;
 -0.21658021;
 1.0982699]
Keyframe: 57 Frame: 461 Frame from vFrameID : 462
Tcw:
[0.99954516, 0.028443823, -0.010022283, 0.60680062;
 -0.016210312, 0.22649808, -0.97387671, -0.2079585;
 -0.025430748, 0.97359622, 0.22685614, 1.1323063;
 0, 0, 0, 1]
Twc:
[0.99954516, -0.016210312, -0.025430748, -0.58110023;
 0.028443823, 0.22649808, 0.97359622, -1.0725666;
 -0.010022283, -0.97387671, 0.22685614, -0.45331505;
 0, 0, 0, 1]
Ow:
[0.60680062;
 -0.2079585;
 1.1323063]
Keyframe: 58 Frame: 469 Frame from vFrameID : 470
Tcw:
[0.99859732, -0.014349367, -0.050965626, 0.63436675;
 -0.04574639, 0.25081983, -0.96695226, -0.21451928;
 0.026658341, 0.96792746, 0.24981157, 1.1725849;
 0, 0, 0, 1]
Twc:
[0.99859732, -0.04574639, 0.026658341, -0.67454952;
 -0.014349367, 0.25081983, 0.96792746, -1.0720687;
 -0.050965626, -0.96695226, 0.24981157, -0.46802431;
 0, 0, 0, 1]
Ow:
[0.63436675;
 -0.21451928;
 1.1725849]
Keyframe: 59 Frame: 478 Frame from vFrameID : 479
Tcw:
[0.99997711, -0.00081669638, -0.0067169429, 0.59777009;
 -0.006287565, 0.25464121, -0.96701515, -0.21797538;
 0.0025001683, 0.96703523, 0.25463024, 1.2240266;
 0, 0, 0, 1]
Twc:
[0.99997711, -0.006287565, 0.0025001683, -0.60218716;
 -0.00081669638, 0.25464121, 0.96703523, -1.1276832;
 -0.0067169429, -0.96701515, 0.25463024, -0.51844448;
 0, 0, 0, 1]
Ow:
[0.59777009;
 -0.21797538;
 1.2240266]
Keyframe: 60 Frame: 486 Frame from vFrameID : 487
Tcw:
[0.99918842, 0.030479796, 0.026334912, 0.61892915;
 0.018942181, 0.22144058, -0.97498989, -0.22483844;
 -0.035549112, 0.97469741, 0.22068352, 1.2570177;
 0, 0, 0, 1]
Twc:
[0.99918842, 0.018942181, -0.035549112, -0.56948197;
 0.030479796, 0.22144058, 0.97469741, -1.1942885;
 0.026334912, -0.97498989, 0.22068352, -0.5129177;
 0, 0, 0, 1]
Ow:
[0.61892915;
 -0.22483844;
 1.2570177]
Keyframe: 61 Frame: 493 Frame from vFrameID : 494
Tcw:
[0.99923593, 0.030163927, 0.024854127, 0.64183903;
 0.016791753, 0.24291167, -0.96990305, -0.23940074;
 -0.035293445, 0.96957934, 0.24221957, 1.2732078;
 0, 0, 0, 1]
Twc:
[0.99923593, 0.016791753, -0.035293445, -0.5923928;
 0.030163927, 0.24291167, 0.96957934, -1.1956831;
 0.024854127, -0.96990305, 0.24221957, -0.55654371;
 0, 0, 0, 1]
Ow:
[0.64183903;
 -0.23940074;
 1.2732078]
Keyframe: 62 Frame: 500 Frame from vFrameID : 501
Tcw:
[0.99912477, 0.0025623264, -0.041750487, 0.68151826;
 -0.041263502, 0.22395153, -0.97372639, -0.21092306;
 0.0068550808, 0.97459692, 0.22386125, 1.2990571;
 0, 0, 0, 1]
Twc:
[0.99912477, -0.041263502, 0.0068550808, -0.69853032;
 0.0025623264, 0.22395153, 0.97459692, -1.2205669;
 -0.041750487, -0.97372639, 0.22386125, -0.46773618;
 0, 0, 0, 1]
Ow:
[0.68151826;
 -0.21092306;
 1.2990571]
Keyframe: 63 Frame: 507 Frame from vFrameID : 508
Tcw:
[0.99859303, -0.0052247634, -0.052770011, 0.69279212;
 -0.050244126, 0.22497191, -0.97306895, -0.24087517;
 0.016955825, 0.97435123, 0.22439286, 1.3391391;
 0, 0, 0, 1]
Twc:
[0.99859303, -0.050244126, 0.016955825, -0.72662616;
 -0.0052247634, 0.22497191, 0.97435123, -1.2469821;
 -0.052770011, -0.97306895, 0.22439286, -0.49832276;
 0, 0, 0, 1]
Ow:
[0.69279212;
 -0.24087517;
 1.3391391]
Keyframe: 64 Frame: 514 Frame from vFrameID : 515
Tcw:
[0.9992727, -0.0070268949, -0.037478887, 0.7107085;
 -0.0347392, 0.23752561, -0.97075987, -0.22588885;
 0.015723623, 0.97135586, 0.23710877, 1.3758066;
 0, 0, 0, 1]
Twc:
[0.9992727, -0.0347392, 0.015723623, -0.73967147;
 -0.0070268949, 0.23752561, 0.97135586, -1.2777493;
 -0.037478887, -0.97075987, 0.23710877, -0.51886308;
 0, 0, 0, 1]
Ow:
[0.7107085;
 -0.22588885;
 1.3758066]
Keyframe: 65 Frame: 521 Frame from vFrameID : 522
Tcw:
[0.99977404, -0.012918902, -0.016880495, 0.72422153;
 -0.01330943, 0.23874883, -0.97099012, -0.23122364;
 0.016574325, 0.97099543, 0.23852295, 1.4048967;
 0, 0, 0, 1]
Twc:
[0.99977404, -0.01330943, 0.016574325, -0.75042057;
 -0.012918902, 0.23874883, 0.97099543, -1.2995877;
 -0.016880495, -0.97099012, 0.23852295, -0.54739076;
 0, 0, 0, 1]
Ow:
[0.72422153;
 -0.23122364;
 1.4048967]
Keyframe: 66 Frame: 529 Frame from vFrameID : 530
Tcw:
[0.99996996, -0.0073239845, 0.0025267994, 0.7237494;
 0.0042956453, 0.25269672, -0.96753603, -0.21994627;
 0.0064477045, 0.96751779, 0.25272059, 1.4343493;
 0, 0, 0, 1]
Twc:
[0.99996996, 0.0042956453, 0.0064477045, -0.73203117;
 -0.0073239845, 0.25269672, 0.96751779, -1.3268781;
 0.0025267994, -0.96753603, 0.25272059, -0.5771243;
 0, 0, 0, 1]
Ow:
[0.7237494;
 -0.21994627;
 1.4343493]
Keyframe: 67 Frame: 536 Frame from vFrameID : 537
Tcw:
[0.99909538, -0.0099260667, -0.041350726, 0.7691353;
 -0.037394654, 0.25795743, -0.96543235, -0.25381139;
 0.020249672, 0.96610528, 0.25735292, 1.4611433;
 0, 0, 0, 1]
Twc:
[0.99909538, -0.037394654, 0.020249672, -0.80751842;
 -0.0099260667, 0.25795743, 0.96610528, -1.3385112;
 -0.041350726, -0.96543235, 0.25735292, -0.58926284;
 0, 0, 0, 1]
Ow:
[0.7691353;
 -0.25381139;
 1.4611433]
Keyframe: 68 Frame: 544 Frame from vFrameID : 545
Tcw:
[0.99803466, -0.041937552, -0.046562649, 0.78052461;
 -0.033291098, 0.2746751, -0.96096063, -0.24973887;
 0.053089935, 0.96062213, 0.27273911, 1.4957197;
 0, 0, 0, 1]
Twc:
[0.99803466, -0.033291098, 0.053089935, -0.86671233;
 -0.041937552, 0.2746751, 0.96062213, -1.3354911;
 -0.046562649, -0.96096063, 0.27273911, -0.61158717;
 0, 0, 0, 1]
Ow:
[0.78052461;
 -0.24973887;
 1.4957197]
Keyframe: 69 Frame: 551 Frame from vFrameID : 552
Tcw:
[0.99938077, -0.031739675, -0.015189049, 0.78815794;
 -0.0064778193, 0.25833097, -0.96603477, -0.25087017;
 0.034585431, 0.96553493, 0.25796539, 1.5315517;
 0, 0, 0, 1]
Twc:
[0.99938077, -0.0064778193, 0.034585431, -0.84226429;
 -0.031739675, 0.25833097, 0.96553493, -1.3889433;
 -0.015189049, -0.96603477, 0.25796539, -0.62546527;
 0, 0, 0, 1]
Ow:
[0.78815794;
 -0.25087017;
 1.5315517]
Keyframe: 70 Frame: 559 Frame from vFrameID : 560
Tcw:
[0.99974716, -0.0056634797, 0.021760413, 0.78967935;
 0.022483177, 0.26521134, -0.96392816, -0.2580879;
 -0.00031192088, 0.96417367, 0.26527163, 1.5375783;
 0, 0, 0, 1]
Twc:
[0.99974716, 0.022483177, -0.00031192088, -0.78319746;
 -0.0056634797, 0.26521134, 0.96417367, -1.4095724;
 0.021760413, -0.96392816, 0.26527163, -0.67383784;
 0, 0, 0, 1]
Ow:
[0.78967935;
 -0.2580879;
 1.5375783]
Keyframe: 71 Frame: 567 Frame from vFrameID : 568
Tcw:
[0.99983281, -0.018108519, 0.002530352, 0.81804043;
 0.0071185138, 0.25804049, -0.9661079, -0.29395279;
 0.016841849, 0.96596438, 0.25812626, 1.56889;
 0, 0, 0, 1]
Twc:
[0.99983281, 0.0071185138, 0.016841849, -0.84223413;
 -0.018108519, 0.25804049, 0.96596438, -1.4248265;
 0.002530352, -0.9661079, 0.25812626, -0.69103169;
 0, 0, 0, 1]
Ow:
[0.81804043;
 -0.29395279;
 1.56889]
Keyframe: 72 Frame: 575 Frame from vFrameID : 576
Tcw:
[0.99948525, -0.023659186, -0.021667084, 0.81112605;
 -0.014660123, 0.2639114, -0.96443552, -0.28305736;
 0.028535951, 0.9642567, 0.26342869, 1.6129386;
 0, 0, 0, 1]
Twc:
[0.99948525, -0.014660123, 0.028535951, -0.86088496;
 -0.023659186, 0.2639114, 0.9642567, -1.4613943;
 -0.021667084, -0.96443552, 0.26342869, -0.68031019;
 0, 0, 0, 1]
Ow:
[0.81112605;
 -0.28305736;
 1.6129386]
Keyframe: 73 Frame: 582 Frame from vFrameID : 583
Tcw:
[0.9996525, -0.025027286, -0.0082766851, 0.82183337;
 -0.0013041889, 0.26664069, -0.96379513, -0.29826024;
 0.026328078, 0.963471, 0.2665154, 1.640903;
 0, 0, 0, 1]
Twc:
[0.9996525, -0.0013041889, 0.026328078, -0.86513859;
 -0.025027286, 0.26664069, 0.963471, -1.4808658;
 -0.0082766851, -0.96379513, 0.2665154, -0.71798563;
 0, 0, 0, 1]
Ow:
[0.82183337;
 -0.29826024;
 1.640903]
Keyframe: 74 Frame: 589 Frame from vFrameID : 590
Tcw:
[0.99975795, -0.015155772, 0.015948867, 0.8314144;
 0.019387098, 0.2641246, -0.96429372, -0.30368361;
 0.010402127, 0.96436948, 0.2643545, 1.6526738;
 0, 0, 0, 1]
Twc:
[0.99975795, 0.019387098, 0.010402127, -0.8425169;
 -0.015155772, 0.2641246, 0.96436948, -1.5009773;
 0.015948867, -0.96429372, 0.2643545, -0.7429921;
 0, 0, 0, 1]
Ow:
[0.8314144;
 -0.30368361;
 1.6526738]
Keyframe: 75 Frame: 596 Frame from vFrameID : 597
Tcw:
[0.99943095, 0.00071786996, 0.033722363, 0.83791119;
 0.032176472, 0.27963138, -0.95956814, -0.29609823;
 -0.010118675, 0.96010715, 0.27944916, 1.670252;
 0, 0, 0, 1]
Twc:
[0.99943095, 0.032176472, -0.010118675, -0.81100631;
 0.00071786996, 0.27963138, 0.96010715, -1.5214242;
 0.033722363, -0.95956814, 0.27944916, -0.77913332;
 0, 0, 0, 1]
Ow:
[0.83791119;
 -0.29609823;
 1.670252]
Keyframe: 76 Frame: 603 Frame from vFrameID : 604
Tcw:
[0.99982959, -0.015763212, -0.0096057653, 0.86114234;
 -0.0049739331, 0.27106887, -0.96254712, -0.3170734;
 0.017776659, 0.96243089, 0.2709443, 1.6804028;
 0, 0, 0, 1]
Twc:
[0.99982959, -0.0049739331, 0.017776659, -0.89244467;
 -0.015763212, 0.27106887, 0.96243089, -1.5177482;
 -0.0096057653, -0.96254712, 0.2709443, -0.75222158;
 0, 0, 0, 1]
Ow:
[0.86114234;
 -0.3170734;
 1.6804028]
Keyframe: 77 Frame: 611 Frame from vFrameID : 612
Tcw:
[0.9993996, -0.015745101, -0.03086344, 0.87662554;
 -0.024836291, 0.29554513, -0.95500588, -0.3036764;
 0.024158204, 0.955199, 0.29497662, 1.7044927;
 0, 0, 0, 1]
Twc:
[0.9993996, -0.024836291, 0.024158204, -0.92481893;
 -0.015745101, 0.29554513, 0.955199, -1.5245771;
 -0.03086344, -0.95500588, 0.29497662, -0.7657426;
 0, 0, 0, 1]
Ow:
[0.87662554;
 -0.3036764;
 1.7044927]
Keyframe: 78 Frame: 619 Frame from vFrameID : 620
Tcw:
[0.99896824, -0.021590354, -0.039953582, 0.89654511;
 -0.032537561, 0.27347833, -0.96132767, -0.31836569;
 0.031681843, 0.96163583, 0.27249369, 1.7298727;
 0, 0, 0, 1]
Twc:
[0.99896824, -0.032537561, 0.031681843, -0.96078449;
 -0.021590354, 0.27347833, 0.96163583, -1.5570847;
 -0.039953582, -0.96132767, 0.27249369, -0.74161291;
 0, 0, 0, 1]
Ow:
[0.89654511;
 -0.31836569;
 1.7298727]
Keyframe: 79 Frame: 626 Frame from vFrameID : 627
Tcw:
[0.99967241, -0.015141718, -0.020635465, 0.89265203;
 -0.016098158, 0.25482953, -0.96685201, -0.35710749;
 0.019898327, 0.96686745, 0.2545023, 1.762025;
 0, 0, 0, 1]
Twc:
[0.99967241, -0.016098158, 0.019898327, -0.93316972;
 -0.015141718, 0.25482953, 0.96686745, -1.5991268;
 -0.020635465, -0.96685201, 0.2545023, -0.77528918;
 0, 0, 0, 1]
Ow:
[0.89265203;
 -0.35710749;
 1.762025]
Keyframe: 80 Frame: 634 Frame from vFrameID : 635
Tcw:
[0.9996835, -0.012315935, 0.021937327, 0.8930878;
 0.024506787, 0.27959427, -0.95980543, -0.35132012;
 0.0056873499, 0.96003926, 0.2798076, 1.7902931;
 0, 0, 0, 1]
Twc:
[0.9996835, 0.024506787, 0.0056873499, -0.89437741;
 -0.012315935, 0.27959427, 0.96003926, -1.6095253;
 0.021937327, -0.95980543, 0.2798076, -0.85772854;
 0, 0, 0, 1]
Ow:
[0.8930878;
 -0.35132012;
 1.7902931]
Keyframe: 81 Frame: 641 Frame from vFrameID : 642
Tcw:
[0.9999609, -0.0014508304, 0.0087198317, 0.92390418;
 0.0087824604, 0.27513769, -0.96136469, -0.35834929;
 -0.0010043774, 0.96140373, 0.27513969, 1.8110715;
 0, 0, 0, 1]
Twc:
[0.9999609, 0.0087824604, -0.0010043774, -0.91890192;
 -0.0014508304, 0.27513769, 0.96140373, -1.6412351;
 0.0087198317, -0.96136469, 0.27513969, -0.85085833;
 0, 0, 0, 1]
Ow:
[0.92390418;
 -0.35834929;
 1.8110715]
Keyframe: 82 Frame: 647 Frame from vFrameID : 648
Tcw:
[0.99927515, -0.014662108, -0.035130739, 0.94940799;
 -0.029884124, 0.26952943, -0.96252835, -0.39399484;
 0.023581462, 0.96288055, 0.26889589, 1.8188404;
 0, 0, 0, 1]
Twc:
[0.99927515, -0.029884124, 0.023581462, -1.0033849;
 -0.014662108, 0.26952943, 0.96288055, -1.6312125;
 -0.035130739, -0.96252835, 0.26889589, -0.83495653;
 0, 0, 0, 1]
Ow:
[0.94940799;
 -0.39399484;
 1.8188404]
Keyframe: 83 Frame: 656 Frame from vFrameID : 657
Tcw:
[0.99966693, -0.01308783, -0.022241862, 0.94144237;
 -0.017619692, 0.28357652, -0.95878774, -0.39151582;
 0.018855721, 0.95886028, 0.28325146, 1.8697052;
 0, 0, 0, 1]
Twc:
[0.99966693, -0.017619692, 0.018855721, -0.98328191;
 -0.01308783, 0.28357652, 0.95886028, -1.6694399;
 -0.022241862, -0.95878774, 0.28325146, -0.88403785;
 0, 0, 0, 1]
Ow:
[0.94144237;
 -0.39151582;
 1.8697052]
Keyframe: 84 Frame: 663 Frame from vFrameID : 664
Tcw:
[0.99992287, 0.0071567427, -0.010148612, 0.97041976;
 -0.011638728, 0.25510335, -0.96684372, -0.41023189;
 -0.004330507, 0.9668873, 0.25516698, 1.9084717;
 0, 0, 0, 1]
Twc:
[0.99992287, -0.011638728, -0.004330507, -0.96685487;
 0.0071567427, 0.25510335, 0.9668873, -1.7475706;
 -0.010148612, -0.96684372, 0.25516698, -0.8737607;
 0, 0, 0, 1]
Ow:
[0.97041976;
 -0.41023189;
 1.9084717]
Keyframe: 85 Frame: 670 Frame from vFrameID : 671
Tcw:
[0.99966443, 0.017145611, 0.019419169, 0.98373592;
 0.014300644, 0.25980136, -0.9655562, -0.38502637;
 -0.021600179, 0.96550983, 0.25946897, 1.918746;
 0, 0, 0, 1]
Twc:
[0.99966443, 0.014300644, -0.021600179, -0.93645436;
 0.017145611, 0.25980136, 0.96550983, -1.7694045;
 0.019419169, -0.9655562, 0.25946897, -0.88872296;
 0, 0, 0, 1]
Ow:
[0.98373592;
 -0.38502637;
 1.918746]
Keyframe: 86 Frame: 678 Frame from vFrameID : 679
Tcw:
[0.99897546, 0.018575635, 0.041266866, 0.96185774;
 0.034054279, 0.29199639, -0.95581293, -0.37988424;
 -0.029804608, 0.95623899, 0.29106465, 1.9443409;
 0, 0, 0, 1]
Twc:
[0.99897546, 0.034054279, -0.029804608, -0.88998526;
 0.018575635, 0.29199639, 0.95623899, -1.766197;
 0.041266866, -0.95581293, 0.29106465, -0.96872008;
 0, 0, 0, 1]
Ow:
[0.96185774;
 -0.37988424;
 1.9443409]
Keyframe: 87 Frame: 686 Frame from vFrameID : 687
Tcw:
[0.99984545, 0.013393809, 0.011390304, 0.96865451;
 0.0072486619, 0.27620003, -0.96107286, -0.36782485;
 -0.016018428, 0.96100682, 0.27606025, 1.9744289;
 0, 0, 0, 1]
Twc:
[0.99984545, 0.0072486619, -0.016018428, -0.93421119;
 0.013393809, 0.27620003, 0.96100682, -1.8088204;
 0.011390304, -0.96107286, 0.27606025, -0.90960103;
 0, 0, 0, 1]
Ow:
[0.96865451;
 -0.36782485;
 1.9744289]
Keyframe: 88 Frame: 694 Frame from vFrameID : 695
Tcw:
[0.99977356, -0.0020204084, -0.021183303, 1.0157511;
 -0.019715315, 0.28665674, -0.95783049, -0.35628104;
 0.008007545, 0.95803124, 0.28655201, 2.028141;
 0, 0, 0, 1]
Twc:
[0.99977356, -0.019715315, 0.008007545, -1.0387857;
 -0.0020204084, 0.28665674, 0.95803124, -1.8388398;
 -0.021183303, -0.95783049, 0.28655201, -0.9009077;
 0, 0, 0, 1]
Ow:
[1.0157511;
 -0.35628104;
 2.028141]
Keyframe: 89 Frame: 702 Frame from vFrameID : 703
Tcw:
[0.99992466, -0.0082237842, 0.0091112116, 1.0310673;
 0.011181433, 0.30421859, -0.95253664, -0.35483432;
 0.0050616553, 0.95256674, 0.30428764, 2.0365396;
 0, 0, 0, 1]
Twc:
[0.99992466, 0.011181433, 0.0050616553, -1.0373304;
 -0.0082237842, 0.30421859, 0.95256674, -1.8235135;
 0.0091112116, -0.95253664, 0.30428764, -0.96708071;
 0, 0, 0, 1]
Ow:
[1.0310673;
 -0.35483432;
 2.0365396]
Keyframe: 90 Frame: 709 Frame from vFrameID : 710
Tcw:
[0.99918801, -0.010016224, 0.039026193, 1.0353656;
 0.040262386, 0.28474683, -0.95775688, -0.37609255;
 -0.0015194771, 0.95855045, 0.2849189, 2.0708194;
 0, 0, 0, 1]
Twc:
