Keyframe: 0 Frame: 0 Frame from vFrameID : 68
Tcw:
[0.9976365, 0.012883881, 0.067493647, 0.19534604;
 0.056432292, 0.40677157, -0.91178519, -0.017393112;
 -0.039201833, 0.91343904, 0.40508312, 0.36935508;
 0, 0, 0, 1]
Twc:
[0.9976365, 0.056432292, -0.039201833, -0.17942342;
 0.012883881, 0.40677157, 0.91343904, -0.33282515;
 0.067493647, -0.91178519, 0.40508312, -0.17866293;
 0, 0, 0, 1]
Ow:
[0.19534604;
 -0.017393112;
 0.36935508]
Keyframe: 1 Frame: 110 Frame from vFrameID : 68
Tcw:
[0.99761331, 0.015699927, 0.067239784, inf;
 0.05473306, 0.41386792, -0.90869009, -nan;
 -0.04209476, 0.91020155, 0.41202083, -nan;
 0, 0, 0, 1]
Twc:
[0.99761331, 0.05473306, -0.04209476, -inf;
 0.015699927, 0.41386792, 0.91020155, -inf;
 0.067239784, -0.90869009, 0.41202083, -inf;
 0, 0, 0, 1]
Ow:
[inf;
 -nan;
 -nan]
