Keyframe: 0 Frame: 0 Frame from vFrameID : 68
Tcw:
[0.99613655, -0.077298567, 0.041676033, 0.94465333;
 0.066623665, 0.3560231, -0.93209916, -0.13863653;
 0.057212301, 0.93127465, 0.35979754, 2.2561777;
 0, 0, 0, 1]
Twc:
[0.99613655, 0.066623665, 0.057212301, -1.0608484;
 -0.077298567, 0.3560231, 0.93127465, -1.9787428;
 0.041676033, -0.93209916, 0.35979754, -0.98035955;
 0, 0, 0, 1]
Ow:
[0.94465333;
 -0.13863653;
 2.2561777]
Keyframe: 1 Frame: 333 Frame from vFrameID : 68
Tcw:
[0.99462992, -0.0901388, 0.05085529, 0.0084264716;
 0.080862306, 0.370141, -0.92544961, -0.00090326741;
 0.06459529, 0.92459214, 0.37544215, 0.019961907;
 0, 0, 0, 1]
Twc:
[0.99462992, 0.080862306, 0.06459529, -0.0095976265;
 -0.0901388, 0.370141, 0.92459214, -0.017362734;
 0.05085529, -0.92544961, 0.37544215, -0.0087590003;
 0, 0, 0, 1]
Ow:
[0.0084264716;
 -0.00090326741;
 0.019961907]
