Keyframe: 0 Frame: 0 Frame from vFrameID : 68
Tcw:
[0.998739, 0.01293286, 0.048509419, 0.18623984;
 0.039342608, 0.39860609, -0.916278, -0.017477565;
 -0.031186245, 0.91703105, 0.39759463, 0.31938681;
 0, 0, 0, 1]
Twc:
[0.998739, 0.039342608, -0.031186245, -0.17535689;
 0.01293286, 0.39860609, 0.91703105, -0.28832957;
 0.048509419, -0.916278, 0.39759463, -0.15203518;
 0, 0, 0, 1]
Ow:
[0.18623984;
 -0.017477565;
 0.31938681]
Keyframe: 1 Frame: 105 Frame from vFrameID : 68
Tcw:
[0.99732894, 0.018926073, 0.070546098, 0.0076202806;
 0.057117265, 0.39991477, -0.9147709, -0.0044423435;
 -0.045525447, 0.91635692, 0.39776558, 0.015357165;
 0, 0, 0, 1]
Twc:
[0.99732894, 0.057117265, -0.045525447, -0.0066470504;
 0.018926073, 0.39991477, 0.91635692, -0.012440307;
 0.070546098, -0.9147709, 0.39776558, -0.010709859;
 0, 0, 0, 1]
Ow:
[0.0076202806;
 -0.0044423435;
 0.015357165]
