Keyframe: 0 Frame: 0 Frame from vFrameID : 68
Tcw:
[0.99125534, -0.13181716, -0.0060862144, 1.7669877;
 0.043742549, 0.37175566, -0.9272995, -0.28030086;
 0.12449657, 0.91892433, 0.37427083, 4.2996464;
 0, 0, 0, 1]
Twc:
[0.99125534, 0.043742549, 0.12449657, -2.2745662;
 -0.13181716, 0.37175566, 0.91892433, -3.6139274;
 -0.0060862144, -0.9272995, 0.37427083, -1.8584008;
 0, 0, 0, 1]
Ow:
[1.7669877;
 -0.28030086;
 4.2996464]
Keyframe: 1 Frame: 626 Frame from vFrameID : 68
Tcw:
[0.98648471, -0.16193733, -0.024983585, 0.013457282;
 0.038092416, 0.37495309, -0.92626083, -0.0021510981;
 0.15936388, 0.91279048, 0.37605408, 0.032874975;
 0, 0, 0, 1]
Twc:
[0.98648471, 0.038092416, 0.15936388, -0.018432546;
 -0.16193733, 0.37495309, 0.91279048, -0.027022168;
 -0.024983585, -0.92626083, 0.37605408, -0.014019036;
 0, 0, 0, 1]
Ow:
[0.013457282;
 -0.0021510981;
 0.032874975]
