Keyframe: 0 Frame: 0 Frame from vFrameID : 68
Tcw:
[0.98993361, -0.11786649, 0.078351364, 2.2937322;
 0.12339395, 0.4476074, -0.88567573, -0.3399179;
 0.069320835, 0.8864283, 0.45764562, 5.9867487;
 0, 0, 0, 1]
Twc:
[0.98993361, 0.12339395, 0.069320835, -2.6437051;
 -0.11786649, 0.4476074, 0.8864283, -4.8843193;
 0.078351364, -0.88567573, 0.45764562, -3.2205832;
 0, 0, 0, 1]
Ow:
[2.2937322;
 -0.3399179;
 5.9867487]
Keyframe: 1 Frame: 899 Frame from vFrameID : 68
Tcw:
[0.99102032, -0.11811539, 0.06266924, 0.038840607;
 0.10882423, 0.44016275, -0.89129907, -0.010054946;
 0.077691466, 0.89011544, 0.44906405, 0.092839062;
 0, 0, 0, 1]
Twc:
[0.99102032, 0.10882423, 0.077691466, -0.044610415;
 -0.11811539, 0.44016275, 0.89011544, -0.073624;
 0.06266924, -0.89129907, 0.44906405, -0.053086761;
 0, 0, 0, 1]
Ow:
[0.038840607;
 -0.010054946;
 0.092839062]
