Keyframe: 0 Frame: 0 Frame from vFrameID : 68
Tcw:
[0.99575853, -0.067739226, 0.062260248, 1.3041228;
 0.085358799, 0.42764339, -0.8999083, -0.20646214;
 0.034333911, 0.90140587, 0.43161169, 3.1773219;
 0, 0, 0, 1]
Twc:
[0.99575853, 0.085358799, 0.034333911, -1.3900579;
 -0.067739226, 0.42764339, 0.90140587, -2.6874242;
 0.062260248, -0.8999083, 0.43161169, -1.6383613;
 0, 0, 0, 1]
Ow:
[1.3041228;
 -0.20646214;
 3.1773219]
Keyframe: 1 Frame: 459 Frame from vFrameID : 68
Tcw:
[0.99598974, -0.059691947, 0.066643462, 0.010471862;
 0.086477891, 0.4513481, -0.88814777, -0.003444856;
 0.022935869, 0.89034921, 0.45470011, 0.033744171;
 0, 0, 0, 1]
Twc:
[0.99598974, 0.086477891, 0.022935869, -0.010905915;
 -0.059691947, 0.4513481, 0.89034921, -0.027864182;
 0.066643462, -0.88814777, 0.45470011, -0.019100901;
 0, 0, 0, 1]
Ow:
[0.010471862;
 -0.003444856;
 0.033744171]
