Keyframe: 0 Frame: 0 Frame from vFrameID : 68
Tcw:
[0.99606001, -0.069053568, 0.055641975, 1.3941625;
 0.078634515, 0.39764544, -0.91416341, -0.21970665;
 0.041000463, 0.91493702, 0.40150875, 3.4041584;
 0, 0, 0, 1]
Twc:
[0.99606001, 0.078634515, 0.041000463, -1.5109651;
 -0.069053568, 0.39764544, 0.91493702, -2.930953;
 0.055641975, -0.91416341, 0.40150875, -1.645221;
 0, 0, 0, 1]
Ow:
[1.3941625;
 -0.21970665;
 3.4041584]
Keyframe: 1 Frame: 491 Frame from vFrameID : 68
Tcw:
[0.9956345, -0.074666269, 0.056007985, 0.021598756;
 0.081929848, 0.41165134, -0.90765119, -0.0018213782;
 0.044715162, 0.90827757, 0.41597167, 0.042252041;
 0, 0, 0, 1]
Twc:
[0.9956345, 0.081929848, 0.044715162, -0.02324455;
 -0.074666269, 0.41165134, 0.90827757, -0.03601411;
 0.056007985, -0.90765119, 0.41597167, -0.020438531;
 0, 0, 0, 1]
Ow:
[0.021598756;
 -0.0018213782;
 0.042252041]
