Keyframe: 0 Frame: 0 Frame from vFrameID : 68
Tcw:
[0.98902518, -0.021216575, 0.14621595, 2.1920955;
 0.14236672, 0.40149048, -0.90473038, -0.32894611;
 -0.039509032, 0.91561741, 0.40010473, 5.7200565;
 0, 0, 0, 1]
Twc:
[0.98902518, 0.14236672, -0.039509032, -1.8952127;
 -0.021216575, 0.40149048, 0.91561741, -5.0588059;
 0.14621595, -0.90473038, 0.40010473, -2.9067485;
 0, 0, 0, 1]
Ow:
[2.1920955;
 -0.32894611;
 5.7200565]
Keyframe: 1 Frame: 849 Frame from vFrameID : 68
Tcw:
[0.98719805, -0.0089721903, 0.15924656, 0.017275067;
 0.14949489, 0.40008202, -0.90420443, -0.0017343722;
 -0.055598997, 0.91643542, 0.39630151, 0.046543941;
 0, 0, 0, 1]
Twc:
[0.98719805, 0.14949489, -0.055598997, -0.014206837;
 -0.0089721903, 0.40008202, 0.91643542, -0.041805629;
 0.15924656, -0.90420443, 0.39630151, -0.022764655;
 0, 0, 0, 1]
Ow:
[0.017275067;
 -0.0017343722;
 0.046543941]
