Keyframe: 0 Frame: 0 Frame from vFrameID : 68
Tcw:
[0.99908376, 0.006091889, 0.042361628, 0.11785994;
 0.035798874, 0.42347178, -0.90520167, -0.0090181604;
 -0.023453342, 0.9058888, 0.42286572, 0.15823328;
 0, 0, 0, 1]
Twc:
[0.99908376, 0.035798874, -0.023453342, -0.11371803;
 0.006091889, 0.42347178, 0.9058888, -0.14024082;
 0.042361628, -0.90520167, 0.42286572, -0.080067426;
 0, 0, 0, 1]
Ow:
[0.11785994;
 -0.0090181604;
 0.15823328]
Keyframe: 1 Frame: 85 Frame from vFrameID : 68
Tcw:
[0.99852836, 0.013847261, 0.052433874, 0.0035557018;
 0.041319888, 0.43194801, -0.9009515, -0.0066247373;
 -0.035124417, 0.90179217, 0.43074018, 0.013383595;
 0, 0, 0, 1]
Twc:
[0.99852836, 0.041319888, -0.035124417, -0.0028066449;
 0.013847261, 0.43194801, 0.90179217, -0.0092569161;
 0.052433874, -0.9009515, 0.43074018, -0.011919858;
 0, 0, 0, 1]
Ow:
[0.0035557018;
 -0.0066247373;
 0.013383595]
