Keyframe: 0 Frame: 0 Frame from vFrameID : 68
Tcw:
[0.99156922, -0.085466616, 0.097395733, 1.9855118;
 0.12297035, 0.38370505, -0.91523153, -0.30094469;
 0.040850505, 0.91949219, 0.39097998, 5.0869226;
 0, 0, 0, 1]
Twc:
[0.99156922, 0.12297035, 0.040850505, -2.1395686;
 -0.085466616, 0.38370505, 0.91949219, -4.3922167;
 0.097395733, -0.91523153, 0.39097998, -2.4576993;
 0, 0, 0, 1]
Ow:
[1.9855118;
 -0.30094469;
 5.0869226]
Keyframe: 1 Frame: 735 Frame from vFrameID : 68
Tcw:
[0.98746699, -0.088373311, 0.13076335, 0.0016785502;
 0.15451404, 0.37249154, -0.91508222, -0.023489738;
 0.032160603, 0.92381829, 0.38147801, 0.063844286;
 0, 0, 0, 1]
Twc:
[0.98746699, 0.15451404, 0.032160603, -8.1289269e-05;
 -0.088373311, 0.37249154, 0.92381829, -0.050082453;
 0.13076335, -0.91508222, 0.38147801, -0.046069726;
 0, 0, 0, 1]
Ow:
[0.0016785502;
 -0.023489738;
 0.063844286]
