Keyframe: 0 Frame: 0 Frame from vFrameID : 68
Tcw:
[0.99624074, -0.07952974, 0.034342658, 0.93353182;
 0.062234916, 0.38130271, -0.92235303, -0.13834995;
 0.060259543, 0.92102295, 0.38481882, 2.1872563;
 0, 0, 0, 1]
Twc:
[0.99624074, 0.062234916, 0.060259543, -1.0532153;
 -0.07952974, 0.38130271, 0.92102295, -1.8875165;
 0.034342658, -0.92235303, 0.38481882, -1.0013648;
 0, 0, 0, 1]
Ow:
[0.93353182;
 -0.13834995;
 2.1872563]
Keyframe: 1 Frame: 327 Frame from vFrameID : 68
Tcw:
[0.99680567, -0.065908328, 0.045105379, 0.032749154;
 0.066104829, 0.36395618, -0.92906731, -0.010019209;
 0.044816889, 0.92908126, 0.36715046, 0.076903693;
 0, 0, 0, 1]
Twc:
[0.99680567, 0.066104829, 0.044816889, -0.035428807;
 -0.065908328, 0.36395618, 0.92908126, -0.065644786;
 0.045105379, -0.92906731, 0.36715046, -0.039020907;
 0, 0, 0, 1]
Ow:
[0.032749154;
 -0.010019209;
 0.076903693]
