Keyframe: 0 Frame: 0 Frame from vFrameID : 68
Tcw:
[0.99473298, 0.061101936, 0.082297727, 1.0928055;
 0.047176857, 0.4398807, -0.89681619, -0.19800365;
 -0.090998389, 0.89597517, 0.43468124, 2.7061121;
 0, 0, 0, 1]
Twc:
[0.99473298, 0.047176857, -0.090998389, -0.83145654;
 0.061101936, 0.4398807, 0.89597517, -2.4042838;
 0.082297727, -0.89681619, 0.43468124, -1.4438043;
 0, 0, 0, 1]
Ow:
[1.0928055;
 -0.19800365;
 2.7061121]
Keyframe: 1 Frame: 395 Frame from vFrameID : 68
Tcw:
[0.99761397, 0.033945367, 0.060117725, 0.018068194;
 0.04016757, 0.4228434, -0.90531212, -0.012479953;
 -0.056151535, 0.90556675, 0.42047098, 0.041705221;
 0, 0, 0, 1]
Twc:
[0.99761397, 0.04016757, -0.056151535, -0.015181979;
 0.033945367, 0.4228434, 0.90556675, -0.033103127;
 0.060117725, -0.90531212, 0.42047098, -0.029920306;
 0, 0, 0, 1]
Ow:
[0.018068194;
 -0.012479953;
 0.041705221]
