Keyframe: 0 Frame: 0 Frame from vFrameID : 68
Tcw:
[0.99780405, -0.018460682, 0.063610703, 0.58602887;
 0.065976068, 0.36190185, -0.92987859, -0.065621674;
 -0.0058546383, 0.93203342, 0.36232507, 1.3175861;
 0, 0, 0, 1]
Twc:
[0.99780405, 0.065976068, -0.0058546383, -0.57269847;
 -0.018460682, 0.36190185, 0.93203342, -1.1934671;
 0.063610703, -0.92987859, 0.36232507, -0.57569242;
 0, 0, 0, 1]
Ow:
[0.58602887;
 -0.065621674;
 1.3175861]
Keyframe: 1 Frame: 222 Frame from vFrameID : 68
Tcw:
[0.9983905, -0.01068188, 0.055698674, 0.0071342839;
 0.055738091, 0.36619058, -0.92886907, 0.0048332266;
 -0.010474263, 0.93047857, 0.3661966, 0.028365385;
 0, 0, 0, 1]
Twc:
[0.9983905, 0.055738091, -0.010474263, -0.0070950896;
 -0.01068188, 0.36619058, 0.93047857, -0.028087057;
 0.055698674, -0.92886907, 0.3661966, -0.0062952419;
 0, 0, 0, 1]
Ow:
[0.0071342839;
 0.0048332266;
 0.028365385]
