Keyframe: 0 Frame: 0 Frame from vFrameID : 68
Tcw:
[0.98161173, -0.18145201, 0.059275012, 2.4090378;
 0.13597779, 0.44674274, -0.88426858, -0.34984207;
 0.13397163, 0.87606853, 0.46320137, 6.2541056;
 0, 0, 0, 1]
Twc:
[0.98161173, 0.13597779, 0.13397163, -3.1550419;
 -0.18145201, 0.44674274, 0.87606853, -4.8856111;
 0.059275012, -0.88426858, 0.46320137, -3.3490605;
 0, 0, 0, 1]
Ow:
[2.4090378;
 -0.34984207;
 6.2541056]
Keyframe: 1 Frame: 948 Frame from vFrameID : 68
Tcw:
[0.97917026, -0.19127977, 0.06810008, 0.053600889;
 0.15028371, 0.45723495, -0.87655634, -0.0059499554;
 0.13652976, 0.86853224, 0.47645709, 0.12344392;
 0, 0, 0, 1]
Twc:
[0.97917026, 0.15028371, 0.13652976, -0.068443984;
 -0.19127977, 0.45723495, 0.86853224, -0.094241731;
 0.06810008, -0.87655634, 0.47645709, -0.067681424;
 0, 0, 0, 1]
Ow:
[0.053600889;
 -0.0059499554;
 0.12344392]
