Keyframe: 0 Frame: 0 Frame from vFrameID : 68
Tcw:
[0.99549621, -0.090396628, 0.028560691, 1.2033899;
 0.0640852, 0.4196783, -0.90540779, -0.19745469;
 0.069859512, 0.90316033, 0.42358124, 2.9458716;
 0, 0, 0, 1]
Twc:
[0.99549621, 0.0640852, 0.069859512, -1.3911133;
 -0.090396628, 0.4196783, 0.90316033, -2.4689445;
 0.028560691, -0.90540779, 0.42358124, -1.4609627;
 0, 0, 0, 1]
Ow:
[1.2033899;
 -0.19745469;
 2.9458716]
Keyframe: 1 Frame: 428 Frame from vFrameID : 68
Tcw:
[0.99537826, -0.09076076, 0.031377949, 0.019270023;
 0.066951312, 0.42162433, -0.90429556, -0.0038264934;
 0.06884484, 0.90221691, 0.42575225, 0.043201625;
 0, 0, 0, 1]
Twc:
[0.99537826, 0.066951312, 0.06884484, -0.021898985;
 -0.09076076, 0.42162433, 0.90221691, -0.035614934;
 0.031377949, -0.90429556, 0.42575225, -0.022458123;
 0, 0, 0, 1]
Ow:
[0.019270023;
 -0.0038264934;
 0.043201625]
