Keyframe: 0 Frame: 0 Frame from vFrameID : 68
Tcw:
[0.9928838, -0.038816709, 0.11258359, 2.1695173;
 0.11840815, 0.42261237, -0.89854228, -0.32728767;
 -0.012700763, 0.90547889, 0.42420119, 5.6230512;
 0, 0, 0, 1]
Twc:
[0.9928838, 0.11840815, -0.012700763, -2.0439081;
 -0.038816709, 0.42261237, 0.90547889, -4.8690248;
 0.11258359, -0.89854228, 0.42420119, -2.9236388;
 0, 0, 0, 1]
Ow:
[2.1695173;
 -0.32728767;
 5.6230512]
Keyframe: 1 Frame: 828 Frame from vFrameID : 68
Tcw:
[0.99114698, -0.057432149, 0.11970448, 0.038294204;
 0.1327575, 0.41682267, -0.89924097, -0.0093192086;
 0.0017497942, 0.90717167, 0.42075709, 0.083917677;
 0, 0, 0, 1]
Twc:
[0.99114698, 0.1327575, 0.0017497942, -0.036864828;
 -0.057432149, 0.41682267, 0.90717167, -0.070043959;
 0.11970448, -0.89924097, 0.42075709, -0.048273157;
 0, 0, 0, 1]
Ow:
[0.038294204;
 -0.0093192086;
 0.083917677]
