Keyframe: 0 Frame: 0 Frame from vFrameID : 68
Tcw:
[0.9978115, 0.013600399, 0.064709008, 0.20423186;
 0.053160958, 0.41694856, -0.90737414, -0.017658234;
 -0.039320979, 0.90882832, 0.41531307, 0.40135685;
 0, 0, 0, 1]
Twc:
[0.9978115, 0.053160958, -0.039320979, -0.18706444;
 0.013600399, 0.41694856, 0.90882832, -0.36017954;
 0.064709008, -0.90737414, 0.41531307, -0.19592701;
 0, 0, 0, 1]
Ow:
[0.20423186;
 -0.017658234;
 0.40135685]
Keyframe: 1 Frame: 115 Frame from vFrameID : 68
Tcw:
[0.99847603, 0.0058435416, 0.054876819, 0.0040723304;
 0.04749801, 0.41530159, -0.90844291, -0.0022614077;
 -0.028098956, 0.90966499, 0.41439113, 0.0056912089;
 0, 0, 0, 1]
Twc:
[0.99847603, 0.04749801, -0.028098956, -0.0037987952;
 0.0058435416, 0.41530159, 0.90966499, -0.0042617242;
 0.054876819, -0.90844291, 0.41439113, -0.004636223;
 0, 0, 0, 1]
Ow:
[0.0040723304;
 -0.0022614077;
 0.0056912089]
