Keyframe: 0 Frame: 0 Frame from vFrameID : 68
Tcw:
[0.98667043, -0.14525135, 0.073372267, 2.1217322;
 0.12983915, 0.43087703, -0.89302117, -0.31917953;
 0.098098099, 0.89064419, 0.44399294, 5.4935913;
 0, 0, 0, 1]
Twc:
[0.98667043, 0.12983915, 0.098098099, -2.5909193;
 -0.14525135, 0.43087703, 0.89064419, -4.4471231;
 0.073372267, -0.89302117, 0.44399294, -2.8798258;
 0, 0, 0, 1]
Ow:
[2.1217322;
 -0.31917953;
 5.4935913]
Keyframe: 1 Frame: 797 Frame from vFrameID : 68
Tcw:
[0.98466116, -0.14556654, 0.096191585, 0.01940174;
 0.14986977, 0.42334685, -0.89348561, -0.0064036492;
 0.089339204, 0.89419675, 0.4386692, 0.062073965;
 0, 0, 0, 1]
Twc:
[0.98466116, 0.14986977, 0.089339204, -0.023690065;
 -0.14556654, 0.42334685, 0.89419675, -0.049971126;
 0.096191585, -0.89348561, 0.4386692, -0.034817789;
 0, 0, 0, 1]
Ow:
[0.01940174;
 -0.0064036492;
 0.062073965]
