Keyframe: 0 Frame: 0 Frame from vFrameID : 68
Tcw:
[0.98956972, -0.1087702, 0.094450258, 2.0479352;
 0.13209634, 0.42360562, -0.8961634, -0.30744839;
 0.057466213, 0.89929271, 0.43355542, 5.251276;
 0, 0, 0, 1]
Twc:
[0.98956972, 0.13209634, 0.057466213, -2.2877326;
 -0.1087702, 0.42360562, 0.89929271, -4.3694429;
 0.094450258, -0.8961634, 0.43355542, -2.7456713;
 0, 0, 0, 1]
Ow:
[2.0479352;
 -0.30744839;
 5.251276]
Keyframe: 1 Frame: 758 Frame from vFrameID : 68
Tcw:
[0.98867667, -0.12449694, 0.08377935, 0.031396687;
 0.13007303, 0.43258491, -0.89216101, -0.0061336495;
 0.074829631, 0.8929562, 0.44388032, 0.078934044;
 0, 0, 0, 1]
Twc:
[0.98867667, 0.13007303, 0.074829631, -0.036149956;
 -0.12449694, 0.43258491, 0.8929562, -0.063922524;
 0.08377935, -0.89216101, 0.44388032, -0.04313986;
 0, 0, 0, 1]
Ow:
[0.031396687;
 -0.0061336495;
 0.078934044]
