Keyframe: 0 Frame: 0 Frame from vFrameID : 68
Tcw:
[0.99687064, -0.051635161, 0.059856005, 0.48881415;
 0.075065501, 0.38096026, -0.92153919, -0.050102919;
 0.024781065, 0.92314845, 0.3836441, 1.057343;
 0, 0, 0, 1]
Twc:
[0.99687064, 0.075065501, 0.024781065, -0.50972557;
 -0.051635161, 0.38096026, 0.92314845, -0.93175739;
 0.059856005, -0.92153919, 0.3836441, -0.48107371;
 0, 0, 0, 1]
Ow:
[0.48881415;
 -0.050102919;
 1.057343]
Keyframe: 1 Frame: 194 Frame from vFrameID : 68
Tcw:
[0.99825752, -0.040104263, 0.043285124, 0.011455665;
 0.056061268, 0.41566059, -0.90779042, -0.010596989;
 0.018414345, 0.9086352, 0.41718459, 0.0248443;
 0, 0, 0, 1]
Twc:
[0.99825752, 0.056061268, 0.018414345, -0.011299114;
 -0.040104263, 0.41566059, 0.9086352, -0.017710233;
 0.043285124, -0.90779042, 0.41718459, -0.020480363;
 0, 0, 0, 1]
Ow:
[0.011455665;
 -0.010596989;
 0.0248443]
