Keyframe: 0 Frame: 0 Frame from vFrameID : 68
Tcw:
[0.99352962, -0.088137195, 0.071628824, 1.6142986;
 0.10011608, 0.38187671, -0.91877472, -0.26750338;
 0.053624846, 0.92000109, 0.38822979, 4.0029759;
 0, 0, 0, 1]
Twc:
[0.99352962, 0.10011608, 0.053624846, -1.7917311;
 -0.088137195, 0.38187671, 0.92000109, -3.4383092;
 0.071628824, -0.91877472, 0.38822979, -1.9154801;
 0, 0, 0, 1]
Ow:
[1.6142986;
 -0.26750338;
 4.0029759]
Keyframe: 1 Frame: 578 Frame from vFrameID : 68
Tcw:
[0.99304974, -0.079786398, 0.086523578, 0.077978373;
 0.11118273, 0.39478853, -0.91201997, -0.014351606;
 0.038608268, 0.91530114, 0.40091553, 0.18867368;
 0, 0, 0, 1]
Twc:
[0.99304974, 0.11118273, 0.038608268, -0.083125114;
 -0.079786398, 0.39478853, 0.91530114, -0.16080575;
 0.086523578, -0.91201997, 0.40091553, -0.095478125;
 0, 0, 0, 1]
Ow:
[0.077978373;
 -0.014351606;
 0.18867368]
