Keyframe: 0 Frame: 0 Frame from vFrameID : 68
Tcw:
[0.98684347, -0.030620672, 0.15875243, 1.9979067;
 0.15737918, 0.40686342, -0.89982998, -0.29846954;
 -0.037037157, 0.91297567, 0.40632957, 5.1585932;
 0, 0, 0, 1]
Twc:
[0.98684347, 0.15737918, -0.037037157, -1.7335887;
 -0.030620672, 0.40686342, 0.91297567, -4.5270557;
 0.15875243, -0.89982998, 0.40632957, -2.681833;
 0, 0, 0, 1]
Ow:
[1.9979067;
 -0.29846954;
 5.1585932]
Keyframe: 1 Frame: 747 Frame from vFrameID : 68
Tcw:
[0.9865095, -0.04249097, 0.1580933, 0.17674306;
 0.16066934, 0.43639529, -0.88529348, -0.043629751;
 -0.031374197, 0.89875114, 0.4373351, 0.44506508;
 0, 0, 0, 1]
Twc:
[0.9865095, 0.16066934, -0.031374197, -0.15338521;
 -0.04249097, 0.43639529, 0.89875114, -0.37345296;
 0.1580933, -0.88529348, 0.4373351, -0.26120961;
 0, 0, 0, 1]
Ow:
[0.17674306;
 -0.043629751;
 0.44506508]
