Keyframe: 0 Frame: 0 Frame from vFrameID : 68
Tcw:
[0.99093157, -0.086116508, 0.10314371, 1.9308805;
 0.1292029, 0.39989913, -0.90740693, -0.2961154;
 0.036895636, 0.91250461, 0.40739918, 4.9280148;
 0, 0, 0, 1]
Twc:
[0.99093157, 0.1292029, 0.036895636, -2.0569336;
 -0.086116508, 0.39989913, 0.91250461, -4.2121387;
 0.10314371, -0.90740693, 0.40739918, -2.4755242;
 0, 0, 0, 1]
Ow:
[1.9308805;
 -0.2961154;
 4.9280148]
Keyframe: 1 Frame: 714 Frame from vFrameID : 68
Tcw:
[0.98946542, -0.099345148, 0.10530312, 0.025952952;
 0.13710208, 0.40945807, -0.90196848, 0.0016681068;
 0.046488982, 0.90690386, 0.41876504, 0.075067461;
 0, 0, 0, 1]
Twc:
[0.98946542, 0.13710208, 0.046488982, -0.029398058;
 -0.099345148, 0.40945807, 0.90690386, -0.066183686;
 0.10530312, -0.90196848, 0.41876504, -0.032663971;
 0, 0, 0, 1]
Ow:
[0.025952952;
 0.0016681068;
 0.075067461]
