Keyframe: 0 Frame: 0 Frame from vFrameID : 68
Tcw:
[0.99563485, 0.016089948, 0.091936514, 1.0445862;
 0.080179699, 0.35675722, -0.93074995, -0.17258143;
 -0.047774732, 0.93405855, 0.35390985, 2.6116204;
 0, 0, 0, 1]
Twc:
[0.99563485, 0.080179699, -0.047774732, -0.90141946;
 0.016089948, 0.35675722, 0.93405855, -2.394644;
 0.091936514, -0.93074995, 0.35390985, -1.180944;
 0, 0, 0, 1]
Ow:
[1.0445862;
 -0.17258143;
 2.6116204]
Keyframe: 1 Frame: 381 Frame from vFrameID : 68
Tcw:
[0.99569458, 0.035786156, 0.085508011, 0.010359475;
 0.068496175, 0.3374759, -0.93883878, -0.0019450169;
 -0.062454324, 0.94065368, 0.3335717, 0.026921112;
 0, 0, 0, 1]
Twc:
[0.99569458, 0.068496175, -0.062454324, -0.0085003069;
 0.035786156, 0.3374759, 0.94065368, -0.025037773;
 0.085508011, -0.93883878, 0.3335717, -0.011691997;
 0, 0, 0, 1]
Ow:
[0.010359475;
 -0.0019450169;
 0.026921112]
