Keyframe: 0 Frame: 0 Frame from vFrameID : 68
Tcw:
[0.9896372, -0.019430475, 0.14226954, 2.2024686;
 0.1367432, 0.42984021, -0.89249015, -0.32926583;
 -0.043811657, 0.90269589, 0.42804283, 5.7484126;
 0, 0, 0, 1]
Twc:
[0.9896372, 0.1367432, -0.043811657, -1.8827726;
 -0.019430475, 0.42984021, 0.90269589, -5.0047417;
 0.14226954, -0.89249015, 0.42804283, -3.0677776;
 0, 0, 0, 1]
Ow:
[2.2024686;
 -0.32926583;
 5.7484126]
Keyframe: 1 Frame: 854 Frame from vFrameID : 68
Tcw:
[0.98892617, -0.035048857, 0.1442101, 0.019542063;
 0.14493109, 0.43718621, -0.88761657, -0.00079590641;
 -0.03193672, 0.89868784, 0.43742454, 0.05691085;
 0, 0, 0, 1]
Twc:
[0.98892617, 0.14493109, -0.03193672, -0.017392762;
 -0.035048857, 0.43718621, 0.89868784, -0.050112199;
 0.1442101, -0.88761657, 0.43742454, -0.028418826;
 0, 0, 0, 1]
Ow:
[0.019542063;
 -0.00079590641;
 0.05691085]
