Keyframe: 0 Frame: 0 Frame from vFrameID : 68
Tcw:
[0.99446958, -0.045435417, 0.094688021, 0.75707054;
 0.1048965, 0.38515714, -0.91687006, -0.10077673;
 0.0051886071, 0.92173183, 0.38779309, 1.763027;
 0, 0, 0, 1]
Twc:
[0.99446958, 0.1048965, 0.0051886071, -0.75146013;
 -0.045435417, 0.38515714, 0.92173183, -1.5518255;
 0.094688021, -0.91687006, 0.38779309, -0.84777439;
 0, 0, 0, 1]
Ow:
[0.75707054;
 -0.10077673;
 1.763027]
Keyframe: 1 Frame: 274 Frame from vFrameID : 68
Tcw:
[0.99397856, -0.042565916, 0.10096911, 0.008150626;
 0.10957319, 0.39097631, -0.91385514, -0.0038789362;
 -0.00057744642, 0.91941595, 0.39328617, 0.02405064;
 0, 0, 0, 1]
Twc:
[0.99397856, 0.10957319, -0.00057744642, -0.0076626316;
 -0.042565916, 0.39097631, 0.91941595, -0.020249031;
 0.10096911, -0.91385514, 0.39328617, -0.013826532;
 0, 0, 0, 1]
Ow:
[0.008150626;
 -0.0038789362;
 0.02405064]
