Keyframe: 0 Frame: 0 Frame from vFrameID : 68
Tcw:
[0.99695837, -0.041375969, 0.066045962, 1.3246533;
 0.077095948, 0.39947715, -0.9134956, -0.21179128;
 0.011412914, 0.91580898, 0.401452, 3.2565174;
 0, 0, 0, 1]
Twc:
[0.99695837, 0.077095948, 0.011412914, -1.3414621;
 -0.041375969, 0.39947715, 0.91580898, -2.8429329;
 0.066045962, -0.9134956, 0.401452, -1.5882938;
 0, 0, 0, 1]
Ow:
[1.3246533;
 -0.21179128;
 3.2565174]
Keyframe: 1 Frame: 469 Frame from vFrameID : 68
Tcw:
[0.99604738, -0.054585833, 0.070071712, 0.029618673;
 0.085845053, 0.38900059, -0.91722906, -0.0014358293;
 0.022809776, 0.9196189, 0.39214894, 0.065054871;
 0, 0, 0, 1]
Twc:
[0.99604738, 0.085845053, 0.022809776, -0.030862229;
 -0.054585833, 0.38900059, 0.9196189, -0.057650387;
 0.070071712, -0.91722906, 0.39214894, -0.028903615;
 0, 0, 0, 1]
Ow:
[0.029618673;
 -0.0014358293;
 0.065054871]
