Keyframe: 0 Frame: 0 Frame from vFrameID : 68
Tcw:
[0.99538374, -0.040516995, 0.087003469, 0.62371075;
 0.095910288, 0.38660502, -0.91724467, -0.083033144;
 0.003528018, 0.92135495, 0.38870636, 1.4370525;
 0, 0, 0, 1]
Twc:
[0.99538374, 0.095910288, 0.003528018, -0.61793774;
 -0.040516995, 0.38660502, 0.92135495, -1.2666634;
 0.087003469, -0.91724467, 0.38870636, -0.68901813;
 0, 0, 0, 1]
Ow:
[0.62371075;
 -0.083033144;
 1.4370525]
Keyframe: 1 Frame: 236 Frame from vFrameID : 68
Tcw:
[0.99388051, -0.03827608, 0.10361677, 0.0084396219;
 0.11038994, 0.37766492, -0.91933846, -0.002765608;
 -0.0039437432, 0.92515087, 0.37957913, 0.025281712;
 0, 0, 0, 1]
Twc:
[0.99388051, 0.11038994, -0.0039437432, -0.0079829758;
 -0.03827608, 0.37766492, 0.92515087, -0.02202189;
 0.10361677, -0.91933846, 0.37957913, -0.013013425;
 0, 0, 0, 1]
Ow:
[0.0084396219;
 -0.002765608;
 0.025281712]
