Keyframe: 0 Frame: 0 Frame from vFrameID : 68
Tcw:
[0.99511725, -0.096794233, 0.019302746, 1.199599;
 0.058334917, 0.41903278, -0.90609521, -0.19448972;
 0.079616308, 0.90279698, 0.4226332, 2.9238672;
 0, 0, 0, 1]
Twc:
[0.99511725, 0.058334917, 0.079616308, -1.4151835;
 -0.096794233, 0.41903278, 0.90279698, -2.4420469;
 0.019302746, -0.90609521, 0.4226332, -1.4351052;
 0, 0, 0, 1]
Ow:
[1.199599;
 -0.19448972;
 2.9238672]
Keyframe: 1 Frame: 423 Frame from vFrameID : 68
Tcw:
[0.99554175, -0.089356467, 0.030200567, 0.016234966;
 0.065799922, 0.42853075, -0.90112805, -0.0070831962;
 0.067579746, 0.8990978, 0.43249992, 0.043758936;
 0, 0, 0, 1]
Twc:
[0.99554175, 0.065799922, 0.067579746, -0.01865373;
 -0.089356467, 0.42853075, 0.8990978, -0.034857493;
 0.030200567, -0.90112805, 0.43249992, -0.025798906;
 0, 0, 0, 1]
Ow:
[0.016234966;
 -0.0070831962;
 0.043758936]
