Keyframe: 0 Frame: 0 Frame from vFrameID : 68
Tcw:
[0.98904282, -0.065322854, 0.13239045, 2.1238155;
 0.1476151, 0.42530856, -0.89292914, -0.31975555;
 0.0020218813, 0.90268797, 0.43029103, 5.5320373;
 0, 0, 0, 1]
Twc:
[0.98904282, 0.1476151, 0.0020218813, -2.0645287;
 -0.065322854, 0.42530856, 0.90268797, -4.7189746;
 0.13239045, -0.89292914, 0.43029103, -2.9470778;
 0, 0, 0, 1]
Ow:
[2.1238155;
 -0.31975555;
 5.5320373]
Keyframe: 1 Frame: 808 Frame from vFrameID : 68
Tcw:
[0.40622154, 0.90287238, 0.1407322, 0.47466165;
 0.015104592, 0.14735621, -0.98896813, -0.86033803;
 -0.9136498, 0.40386587, 0.046221744, -0.80274111;
 0, 0, 0, 1]
Twc:
[0.40622154, 0.015104592, -0.9136498, -0.91324693;
 0.90287238, 0.14735621, 0.40386587, 0.022416959;
 0.1407322, -0.98896813, 0.046221744, -0.88054299;
 0, 0, 0, 1]
Ow:
[0.47466165;
 -0.86033803;
 -0.80274111]
