Keyframe: 0 Frame: 0 Frame from vFrameID : 68
Tcw:
[0.99607939, -0.076482981, 0.044454433, 1.1641562;
 0.073041596, 0.42754784, -0.90103704, -0.18922651;
 0.049907602, 0.90075147, 0.43145803, 2.8767025;
 0, 0, 0, 1]
Twc:
[0.99607939, 0.073041596, 0.049907602, -1.2893399;
 -0.076482981, 0.42754784, 0.90075147, -2.4212525;
 0.044454433, -0.90103704, 0.43145803, -1.4634285;
 0, 0, 0, 1]
Ow:
[1.1641562;
 -0.18922651;
 2.8767025]
Keyframe: 1 Frame: 418 Frame from vFrameID : 68
Tcw:
[0.99681604, -0.079062395, 0.010340964, 0.10441621;
 0.043379702, 0.42891303, -0.90230364, -0.012254886;
 0.066902913, 0.89987928, 0.43097708, 0.25126266;
 0, 0, 0, 1]
Twc:
[0.99681604, 0.043379702, 0.066902913, -0.12036234;
 -0.079062395, 0.42891303, 0.89987928, -0.2125944;
 0.010340964, -0.90230364, 0.43097708, -0.12042585;
 0, 0, 0, 1]
Ow:
[0.10441621;
 -0.012254886;
 0.25126266]
