Keyframe: 0 Frame: 0 Frame from vFrameID : 68
Tcw:
[0.98855692, -0.13839808, 0.060009666, 2.2663031;
 0.11291579, 0.41511297, -0.90273541, -0.33936667;
 0.10002606, 0.89918143, 0.42599013, 5.8921294;
 0, 0, 0, 1]
Twc:
[0.98855692, 0.11291579, 0.10002606, -2.7914162;
 -0.13839808, 0.41511297, 0.89918143, -4.8435655;
 0.060009666, -0.90273541, 0.42599013, -2.9523473;
 0, 0, 0, 1]
Ow:
[2.2663031;
 -0.33936667;
 5.8921294]
Keyframe: 1 Frame: 880 Frame from vFrameID : 68
Tcw:
[0.99066377, -0.11504147, 0.073149264, 0.027376043;
 0.11224245, 0.38374367, -0.91659284, -0.0067814514;
 0.077375621, 0.91624576, 0.39307347, 0.075893968;
 0, 0, 0, 1]
Twc:
[0.99066377, 0.11224245, 0.077375621, -0.032231629;
 -0.11504147, 0.38374367, 0.91624576, -0.063785806;
 0.073149264, -0.91659284, 0.39307347, -0.038050272;
 0, 0, 0, 1]
Ow:
[0.027376043;
 -0.0067814514;
 0.075893968]
