Keyframe: 0 Frame: 0 Frame from vFrameID : 68
Tcw:
[0.99686205, -0.05745209, 0.054454632, 0.96110845;
 0.072377428, 0.38295484, -0.92092729, -0.15001476;
 0.032055531, 0.92197877, 0.38591138, 2.3024557;
 0, 0, 0, 1]
Twc:
[0.99686205, 0.072377428, 0.032055531, -1.0210413;
 -0.05745209, 0.38295484, 0.92197877, -2.0101488;
 0.054454632, -0.92092729, 0.38591138, -1.0790334;
 0, 0, 0, 1]
Ow:
[0.96110845;
 -0.15001476;
 2.3024557]
Keyframe: 1 Frame: 339 Frame from vFrameID : 68
Tcw:
[0.99664402, -0.053060781, 0.062331546, 0.018528456;
 0.077989198, 0.38418546, -0.91995609, -0.0054877391;
 0.024866715, 0.92172992, 0.38703433, 0.042084593;
 0, 0, 0, 1]
Twc:
[0.99664402, 0.077989198, 0.024866715, -0.019084796;
 -0.053060781, 0.38418546, 0.92172992, -0.035699189;
 0.062331546, -0.91995609, 0.38703433, -0.022491571;
 0, 0, 0, 1]
Ow:
[0.018528456;
 -0.0054877391;
 0.042084593]
