Keyframe: 0 Frame: 0 Frame from vFrameID : 68
Tcw:
[0.99406397, -0.034609783, 0.10314555, 0.63796234;
 0.10847429, 0.38828048, -0.91513473, -0.089731872;
 -0.0083767911, 0.92089111, 0.38972989, 1.4816687;
 0, 0, 0, 1]
Twc:
[0.99406397, 0.10847429, -0.0083767911, -0.61203015;
 -0.034609783, 0.38828048, 0.92089111, -1.3075347;
 0.10314555, -0.91513473, 0.38972989, -0.72537041;
 0, 0, 0, 1]
Ow:
[0.63796234;
 -0.089731872;
 1.4816687]
Keyframe: 1 Frame: 240 Frame from vFrameID : 68
Tcw:
[0.99238998, -0.035136193, 0.11801529, 0.013363305;
 0.12216394, 0.4010559, -0.90787119, -0.0025390182;
 -0.015431591, 0.91537946, 0.40229625, 0.031043705;
 0, 0, 0, 1]
Twc:
[0.99238998, 0.12216394, -0.015431591, -0.01247238;
 -0.035136193, 0.4010559, 0.91537946, -0.026928946;
 0.11801529, -0.90787119, 0.40229625, -0.016370943;
 0, 0, 0, 1]
Ow:
[0.013363305;
 -0.0025390182;
 0.031043705]
