Keyframe: 0 Frame: 0 Frame from vFrameID : 68
Tcw:
[0.98148, -0.18089864, 0.063029356, 2.4014487;
 0.13837548, 0.44196016, -0.88629758, -0.34652948;
 0.13247356, 0.87860507, 0.45880699, 6.2368917;
 0, 0, 0, 1]
Twc:
[0.98148, 0.13837548, 0.13247356, -3.1352458;
 -0.18089864, 0.44196016, 0.87860507, -4.8921938;
 0.063029356, -0.88629758, 0.45880699, -3.3200197;
 0, 0, 0, 1]
Ow:
[2.4014487;
 -0.34652948;
 6.2368917]
Keyframe: 1 Frame: 944 Frame from vFrameID : 68
Tcw:
[0.98327541, -0.17114072, 0.062291924, -0.0211877;
 0.13416781, 0.44937971, -0.88320827, 0.0034916364;
 0.12316017, 0.87679458, 0.4648256, -0.055698574;
 0, 0, 0, 1]
Twc:
[0.98327541, 0.13416781, 0.12316017, 0.027224725;
 -0.17114072, 0.44937971, 0.87679458, 0.043641057;
 0.062291924, -0.88320827, 0.4648256, 0.030293787;
 0, 0, 0, 1]
Ow:
[-0.0211877;
 0.0034916364;
 -0.055698574]
