Keyframe: 0 Frame: 0 Frame from vFrameID : 68
Tcw:
[0.99053723, -0.097249158, 0.096843399, 2.2754397;
 0.13022304, 0.44316322, -0.88693196, -0.33945084;
 0.043335956, 0.89115036, 0.45163372, 5.9559002;
 0, 0, 0, 1]
Twc:
[0.99053723, 0.13022304, 0.043335956, -2.467808;
 -0.097249158, 0.44316322, 0.89115036, -4.9358859;
 0.096843399, -0.88693196, 0.45163372, -3.2113163;
 0, 0, 0, 1]
Ow:
[2.2754397;
 -0.33945084;
 5.9559002]
Keyframe: 1 Frame: 895 Frame from vFrameID : 68
Tcw:
[0.98951632, -0.1114089, 0.091899335, 0.12283101;
 0.13349031, 0.46271169, -0.87640071, -0.014993399;
 0.055115946, 0.87948048, 0.47273278, 0.31741741;
 0, 0, 0, 1]
Twc:
[0.98951632, 0.13349031, 0.055115946, -0.13703658;
 -0.1114089, 0.46271169, 0.87948048, -0.25854033;
 0.091899335, -0.87640071, 0.47273278, -0.17448193;
 0, 0, 0, 1]
Ow:
[0.12283101;
 -0.014993399;
 0.31741741]
