Keyframe: 0 Frame: 0 Frame from vFrameID : 68
Tcw:
[0.99479347, -0.077523619, 0.066151619, 1.8165588;
 0.091982052, 0.40353325, -0.91032976, -0.2911936;
 0.043877676, 0.91167486, 0.40856302, 4.5364718;
 0, 0, 0, 1]
Twc:
[0.99479347, 0.091982052, 0.043877676, -1.9793662;
 -0.077523619, 0.40353325, 0.91167486, -3.8774548;
 0.066151619, -0.91032976, 0.40856302, -2.2386851;
 0, 0, 0, 1]
Ow:
[1.8165588;
 -0.2911936;
 4.5364718]
Keyframe: 1 Frame: 658 Frame from vFrameID : 68
Tcw:
[0.99456853, -0.070415005, 0.076649331, 0.016398417;
 0.09837158, 0.39532, -0.9132607, -0.006990036;
 0.034006242, 0.91584051, 0.40009966, 0.049073342;
 0, 0, 0, 1]
Twc:
[0.99456853, 0.09837158, 0.034006242, -0.017290529;
 -0.070415005, 0.39532, 0.91584051, -0.041025359;
 0.076649331, -0.9132607, 0.40009966, -0.027274881;
 0, 0, 0, 1]
Ow:
[0.016398417;
 -0.006990036;
 0.049073342]
