Keyframe: 0 Frame: 0 Frame from vFrameID : 68
Tcw:
[0.99538761, 0.0190724, 0.094020121, 1.0236821;
 0.079494879, 0.38464308, -0.91963595, -0.17058766;
 -0.053703852, 0.92286831, 0.38135278, 2.5670836;
 0, 0, 0, 1]
Twc:
[0.99538761, 0.079494879, -0.053703852, -0.86753738;
 0.0190724, 0.38464308, 0.92286831, -2.322989;
 0.094020121, -0.91963595, 0.38135278, -1.2320898;
 0, 0, 0, 1]
Ow:
[1.0236821;
 -0.17058766;
 2.5670836]
Keyframe: 1 Frame: 375 Frame from vFrameID : 68
Tcw:
[0.99411923, 0.015256346, 0.10721086, 0.011794116;
 0.094294824, 0.36486045, -0.92627496, -0.0069303336;
 -0.053248573, 0.93093723, 0.36127618, 0.028811956;
 0, 0, 0, 1]
Twc:
[0.99411923, 0.094294824, -0.053248573, -0.0095370673;
 0.015256346, 0.36486045, 0.93093723, -0.024473453;
 0.10721086, -0.92627496, 0.36127618, -0.018092927;
 0, 0, 0, 1]
Ow:
[0.011794116;
 -0.0069303336;
 0.028811956]
