Keyframe: 0 Frame: 0 Frame from vFrameID : 68
Tcw:
[0.99964237, 0.0096076019, 0.02495688, 0.18420871;
 0.019159809, 0.39374354, -0.91902065, -0.019200832;
 -0.018656196, 0.91917014, 0.39341867, 0.29942879;
 0, 0, 0, 1]
Twc:
[0.99964237, 0.019159809, -0.018656196, -0.17818874;
 0.0096076019, 0.39374354, 0.91917014, -0.26943561;
 0.02495688, -0.91902065, 0.39341867, -0.14004411;
 0, 0, 0, 1]
Ow:
[0.18420871;
 -0.019200832;
 0.29942879]
Keyframe: 1 Frame: 100 Frame from vFrameID : 68
Tcw:
[0.99967134, 0.016531881, 0.019594876, 0.012498224;
 0.011299407, 0.40195903, -0.9155879, -0.009435582;
 -0.023012729, 0.91550839, 0.40164012, -0.0033255094;
 0, 0, 0, 1]
Twc:
[0.99967134, 0.011299407, -0.023012729, -0.012464029;
 0.016531881, 0.40195903, 0.91550839, 0.0066306298;
 0.019594876, -0.9155879, 0.40164012, -0.0075483485;
 0, 0, 0, 1]
Ow:
[0.012498224;
 -0.009435582;
 -0.0033255094]
