Keyframe: 0 Frame: 0 Frame from vFrameID : 68
Tcw:
[0.99867427, 0.0076715518, 0.050900321, 0.22615702;
 0.042993389, 0.41945449, -0.90675771, -0.015294403;
 -0.028306607, 0.90774393, 0.41856858, 0.44482014;
 0, 0, 0, 1]
Twc:
[0.99867427, 0.042993389, -0.028306607, -0.21260828;
 0.0076715518, 0.41945449, 0.90774393, -0.39910248;
 0.050900321, -0.90675771, 0.41856858, -0.21156751;
 0, 0, 0, 1]
Ow:
[0.22615702;
 -0.015294403;
 0.44482014]
Keyframe: 1 Frame: 120 Frame from vFrameID : 68
Tcw:
[0.99927753, 0.0021971248, 0.037942629, 0.0050496757;
 0.033595964, 0.41571537, -0.90887403, -0.0045562456;
 -0.017770244, 0.90949214, 0.4153412, 0.012454662;
 0, 0, 0, 1]
Twc:
[0.99927753, 0.033595964, -0.017770244, -0.0046716337;
 0.0021971248, 0.41571537, 0.90949214, -0.0094444109;
 0.037942629, -0.90887403, 0.4153412, -0.0095055858;
 0, 0, 0, 1]
Ow:
[0.0050496757;
 -0.0045562456;
 0.012454662]
