Keyframe: 0 Frame: 0 Frame from vFrameID : 68
Tcw:
[0.99940944, -0.023160325, 0.025383947, 0.25383574;
 0.032498106, 0.39708334, -0.917207, -0.021822423;
 0.011163269, 0.9174903, 0.39760152, 0.49637872;
 0, 0, 0, 1]
Twc:
[0.99940944, 0.032498106, 0.011163269, -0.25851786;
 -0.023160325, 0.39708334, 0.9174903, -0.44087839;
 0.025383947, -0.917207, 0.39760152, -0.22381994;
 0, 0, 0, 1]
Ow:
[0.25383574;
 -0.021822423;
 0.49637872]
Keyframe: 1 Frame: 126 Frame from vFrameID : 68
Tcw:
[0.99561632, -0.077853538, 0.051835854, 0.0045798533;
 0.076856971, 0.3651509, -0.92777038, -0.001636338;
 0.053302299, 0.92768729, 0.36953378, 0.0099830478;
 0, 0, 0, 1]
Twc:
[0.99561632, 0.076856971, 0.053302299, -0.0049661323;
 -0.077853538, 0.3651509, 0.92768729, -0.0083070779;
 0.051835854, -0.92777038, 0.36953378, -0.0054446198;
 0, 0, 0, 1]
Ow:
[0.0045798533;
 -0.001636338;
 0.0099830478]
