Keyframe: 0 Frame: 0 Frame from vFrameID : 68
Tcw:
[0.99742949, -0.027695807, 0.066085786, 0.46386313;
 0.071652085, 0.37770769, -0.92314833, -0.047032982;
 0.00060622918, 0.92551059, 0.37872124, 1.0211341;
 0, 0, 0, 1]
Twc:
[0.99742949, 0.071652085, 0.00060622918, -0.45991981;
 -0.027695807, 0.37770769, 0.92551059, -0.91445869;
 0.066085786, -0.92314833, 0.37872124, -0.46079838;
 0, 0, 0, 1]
Ow:
[0.46386313;
 -0.047032982;
 1.0211341]
Keyframe: 1 Frame: 188 Frame from vFrameID : 68
Tcw:
[0.99804848, -0.042728834, 0.045535028, 0.023485206;
 0.058377851, 0.37965214, -0.9232856, 0.00066954829;
 0.022163447, 0.92414206, 0.38140565, 0.045167532;
 0, 0, 0, 1]
Twc:
[0.99804848, 0.058377851, 0.022163447, -0.024479529;
 -0.042728834, 0.37965214, 0.92414206, -0.040991914;
 0.045535028, -0.9232856, 0.38140565, -0.017678367;
 0, 0, 0, 1]
Ow:
[0.023485206;
 0.00066954829;
 0.045167532]
