Keyframe: 0 Frame: 0 Frame from vFrameID : 68
Tcw:
[0.99657863, 0.0038715084, 0.082559235, 0.41577473;
 0.074053988, 0.40174901, -0.91275066, -0.041320026;
 -0.036701813, 0.91574162, 0.40008777, 0.8957206;
 0, 0, 0, 1]
Twc:
[0.99657863, 0.074053988, -0.036701813, -0.37841773;
 0.0038715084, 0.40174901, 0.91574162, -0.80525804;
 0.082559235, -0.91275066, 0.40008777, -0.43040779;
 0, 0, 0, 1]
Ow:
[0.41577473;
 -0.041320026;
 0.8957206]
Keyframe: 1 Frame: 173 Frame from vFrameID : 68
Tcw:
[0.57804352, 0.81175667, -0.083167441, 0.14194718;
 -0.024144983, -0.084860727, -0.99610025, 1.4242386;
 -0.81564867, 0.57779735, -0.029453339, -1.1620296;
 0, 0, 0, 1]
Twc:
[0.57804352, -0.024144983, -0.81564867, -0.99547124;
 0.81175667, -0.084860727, 0.57779735, 0.67705292;
 -0.083167441, -0.99610025, -0.029453339, 1.3962641;
 0, 0, 0, 1]
Ow:
[0.14194718;
 1.4242386;
 -1.1620296]
