Keyframe: 0 Frame: 0 Frame from vFrameID : 68
Tcw:
[0.98336488, -0.17429292, 0.051142257, 2.2595553;
 0.12581505, 0.45050129, -0.88386601, -0.33567333;
 0.13101195, 0.87559724, 0.46493584, 5.8599501;
 0, 0, 0, 1]
Twc:
[0.98336488, 0.12581505, 0.13101195, -2.9474578;
 -0.17429292, 0.45050129, 0.87559724, -4.5859103;
 0.051142257, -0.88386601, 0.46493584, -3.1367497;
 0, 0, 0, 1]
Ow:
[2.2595553;
 -0.33567333;
 5.8599501]
Keyframe: 1 Frame: 875 Frame from vFrameID : 68
Tcw:
[0.98795372, -0.14493117, 0.054243453, 0.038450338;
 0.11257693, 0.43260998, -0.89452505, -0.0016157962;
 0.1061783, 0.88985592, 0.44371456, 0.11657778;
 0, 0, 0, 1]
Twc:
[0.98795372, 0.11257693, 0.1061783, -0.050183285;
 -0.14493117, 0.43260998, 0.88985592, -0.097465768;
 0.054243453, -0.89452505, 0.44371456, -0.055258308;
 0, 0, 0, 1]
Ow:
[0.038450338;
 -0.0016157962;
 0.11657778]
