Keyframe: 0 Frame: 0 Frame from vFrameID : 68
Tcw:
[0.98991907, -0.13389614, 0.046174169, 1.7166331;
 0.094959453, 0.38555378, -0.91778588, -0.27828753;
 0.10508537, 0.91291845, 0.39438176, 4.2317677;
 0, 0, 0, 1]
Twc:
[0.98991907, 0.094959453, 0.10508537, -2.1175985;
 -0.13389614, 0.38555378, 0.91291845, -3.5261133;
 0.046174169, -0.91778588, 0.39438176, -2.0036044;
 0, 0, 0, 1]
Ow:
[1.7166331;
 -0.27828753;
 4.2317677]
Keyframe: 1 Frame: 614 Frame from vFrameID : 68
Tcw:
[0.98858333, -0.14690723, 0.033485394, 0.043766029;
 0.089077145, 0.39058149, -0.91624856, -0.0026317462;
 0.12152476, 0.9087708, 0.3992084, 0.098797321;
 0, 0, 0, 1]
Twc:
[0.98858333, 0.089077145, 0.12152476, -0.055038258;
 -0.14690723, 0.39058149, 0.9087708, -0.082326666;
 0.033485394, -0.91624856, 0.3992084, -0.043317579;
 0, 0, 0, 1]
Ow:
[0.043766029;
 -0.0026317462;
 0.098797321]
