Keyframe: 0 Frame: 0 Frame from vFrameID : 68
Tcw:
[0.99379539, -0.078252122, 0.07903976, 1.7979374;
 0.10343341, 0.38894546, -0.91543591, -0.28500283;
 0.040892649, 0.91793138, 0.39462611, 4.4753175;
 0, 0, 0, 1]
Twc:
[0.99379539, 0.10343341, 0.040892649, -1.9403107;
 -0.078252122, 0.38894546, 0.91793138, -3.8564913;
 0.07903976, -0.91543591, 0.39462611, -2.1690876;
 0, 0, 0, 1]
Ow:
[1.7979374;
 -0.28500283;
 4.4753175]
Keyframe: 1 Frame: 652 Frame from vFrameID : 68
Tcw:
[0.99536026, -0.062395833, 0.073244222, 0.058100492;
 0.092160918, 0.39953092, -0.91207534, -0.012840722;
 0.02764637, 0.91459382, 0.40342766, 0.14249624;
 0, 0, 0, 1]
Twc:
[0.99536026, 0.092160918, 0.02764637, -0.060587008;
 -0.062395833, 0.39953092, 0.91459382, -0.12157068;
 0.073244222, -0.91207534, 0.40342766, -0.073454157;
 0, 0, 0, 1]
Ow:
[0.058100492;
 -0.012840722;
 0.14249624]
