Keyframe: 0 Frame: 0 Frame from vFrameID : 68
Tcw:
[0.99932957, 0.0065125204, 0.036028001, 0.13278849;
 0.029873885, 0.42384082, -0.90524387, -0.0078296512;
 -0.021165557, 0.90571326, 0.42336211, 0.19936499;
 0, 0, 0, 1]
Twc:
[0.99932957, 0.029873885, -0.021165557, -0.12824589;
 0.0065125204, 0.42384082, 0.90571326, -0.17811379;
 0.036028001, -0.90524387, 0.42336211, -0.096275434;
 0, 0, 0, 1]
Ow:
[0.13278849;
 -0.0078296512;
 0.19936499]
Keyframe: 1 Frame: 88 Frame from vFrameID : 68
Tcw:
[0.99961519, 0.00039914344, 0.027736126, 0.074422397;
 0.025024975, 0.41838342, -0.90792567, -0.023102913;
 -0.011966728, 0.90827042, 0.41821244, 0.13504435;
 0, 0, 0, 1]
Twc:
[0.99961519, 0.025024975, -0.011966728, -0.072199568;
 0.00039914344, 0.41838342, 0.90827042, -0.11302061;
 0.027736126, -0.90792567, 0.41821244, -0.079517148;
 0, 0, 0, 1]
Ow:
[0.074422397;
 -0.023102913;
 0.13504435]
