Keyframe: 0 Frame: 0 Frame from vFrameID : 68
Tcw:
[0.99446338, -0.067511313, 0.080528177, 1.820822;
 0.10121529, 0.40936783, -0.9067378, -0.29134905;
 0.028249411, 0.90986824, 0.4139345, 4.5742793;
 0, 0, 0, 1]
Twc:
[0.99446338, 0.10121529, 0.028249411, -1.9104726;
 -0.067511313, 0.40936783, 0.90986824, -3.9197965;
 0.080528177, -0.9067378, 0.4139345, -2.3042567;
 0, 0, 0, 1]
Ow:
[1.820822;
 -0.29134905;
 4.5742793]
Keyframe: 1 Frame: 665 Frame from vFrameID : 68
Tcw:
[0.99413806, -0.057260651, 0.091710322, 0.043273315;
 0.10733572, 0.42082295, -0.90077031, -0.0097623356;
 0.012984886, 0.90533382, 0.42450219, 0.11547004;
 0, 0, 0, 1]
Twc:
[0.99413806, 0.10733572, 0.012984886, -0.043471165;
 -0.057260651, 0.42082295, 0.90533382, -0.09795285;
 0.091710322, -0.90077031, 0.42450219, -0.061779514;
 0, 0, 0, 1]
Ow:
[0.043273315;
 -0.0097623356;
 0.11547004]
