Keyframe: 0 Frame: 0 Frame from vFrameID : 68
Tcw:
[0.99618977, -0.076464221, 0.041941665, 0.31070954;
 0.069661282, 0.4083139, -0.91017967, -0.020433292;
 0.052470818, 0.9096334, 0.41208476, 0.61867309;
 0, 0, 0, 1]
Twc:
[0.99618977, 0.069661282, 0.052470818, -0.34056455;
 -0.076464221, 0.4083139, 0.9096334, -0.53066438;
 0.041941665, -0.91017967, 0.41208476, -0.28657541;
 0, 0, 0, 1]
Ow:
[0.31070954;
 -0.020433292;
 0.61867309]
Keyframe: 1 Frame: 140 Frame from vFrameID : 68
Tcw:
[0.99791873, -0.049124405, 0.041772939, 0.0024945426;
 0.058170073, 0.40622109, -0.91192144, -0.00095691299;
 0.027828548, 0.91245341, 0.4082332, 0.0075946031;
 0, 0, 0, 1]
Twc:
[0.99791873, 0.058170073, 0.027828548, -0.0026450339;
 -0.049124405, 0.40622109, 0.91245341, -0.0064184605;
 0.041772939, -0.91192144, 0.4082332, -0.0040772031;
 0, 0, 0, 1]
Ow:
[0.0024945426;
 -0.00095691299;
 0.0075946031]
