Keyframe: 0 Frame: 0 Frame from vFrameID : 68
Tcw:
[0.99981159, -0.0051041292, 0.018726321, 0.16388756;
 0.019133788, 0.42121819, -0.90675747, -0.016522244;
 -0.00325966, 0.90694499, 0.42123652, 0.2435039;
 0, 0, 0, 1]
Twc:
[0.99981159, 0.019133788, -0.00325966, -0.16274682;
 -0.0051041292, 0.42121819, 0.90694499, -0.21304867;
 0.018726321, -0.90675747, 0.42123652, -0.12062341;
 0, 0, 0, 1]
Ow:
[0.16388756;
 -0.016522244;
 0.2435039]
Keyframe: 1 Frame: 96 Frame from vFrameID : 68
Tcw:
[0.99990845, -0.0032473449, 0.01313457, 0.027719021;
 0.013313431, 0.40915999, -0.91236556, -0.013448704;
 -0.0024113748, 0.91245687, 0.40916577, 0.043916114;
 0, 0, 0, 1]
Twc:
[0.99990845, 0.013313431, -0.0024113748, -0.027431538;
 -0.0032473449, 0.40915999, 0.91245687, -0.034478873;
 0.01313457, -0.91236556, 0.40916577, -0.03060318;
 0, 0, 0, 1]
Ow:
[0.027719021;
 -0.013448704;
 0.043916114]
