Keyframe: 0 Frame: 0 Frame from vFrameID : 68
Tcw:
[0.99053299, -0.077792384, 0.11310488, 2.3486211;
 0.13497609, 0.40177664, -0.90573561, -0.33893204;
 0.025016434, 0.91242748, 0.40847313, 6.1416101;
 0, 0, 0, 1]
Twc:
[0.99053299, 0.13497609, 0.025016434, -2.4342802;
 -0.077792384, 0.40177664, 0.91242748, -5.284894;
 0.11310488, -0.90573561, 0.40847313, -3.0813062;
 0, 0, 0, 1]
Ow:
[2.3486211;
 -0.33893204;
 6.1416101]
Keyframe: 1 Frame: 929 Frame from vFrameID : 68
Tcw:
[0.98738909, -0.08280246, 0.13493168, 0.065817147;
 0.15765753, 0.43685794, -0.88560671, -0.010076165;
 0.014384435, 0.89571142, 0.44440317, 0.17570747;
 0, 0, 0, 1]
Twc:
[0.98738909, 0.15765753, 0.014384435, -0.065926;
 -0.08280246, 0.43685794, 0.89571142, -0.14753151;
 0.13493168, -0.88560671, 0.44440317, -0.0958893;
 0, 0, 0, 1]
Ow:
[0.065817147;
 -0.010076165;
 0.17570747]
