Keyframe: 0 Frame: 0 Frame from vFrameID : 68
Tcw:
[0.99460852, -0.055353232, 0.087691925, 0.33010721;
 0.10271493, 0.40952799, -0.90649682, -0.025749415;
 0.01426523, 0.91061676, 0.41300562, 0.67316246;
 0, 0, 0, 1]
Twc:
[0.99460852, 0.10271493, 0.01426523, -0.33528543;
 -0.055353232, 0.40952799, 0.91061676, -0.58417541;
 0.087691925, -0.90649682, 0.41300562, -0.33030939;
 0, 0, 0, 1]
Ow:
[0.33010721;
 -0.025749415;
 0.67316246]
Keyframe: 1 Frame: 147 Frame from vFrameID : 68
Tcw:
[0.99167496, -0.067215525, 0.10983105, 0.017837301;
 0.12802909, 0.42353976, -0.8967846, 0.0027138256;
 0.013760031, 0.90338039, 0.4286193, 0.025914961;
 0, 0, 0, 1]
Twc:
[0.99167496, 0.12802909, 0.013760031, -0.018392844;
 -0.067215525, 0.42353976, 0.90338039, -0.023361538;
 0.10983105, -0.8967846, 0.4286193, -0.010633025;
 0, 0, 0, 1]
Ow:
[0.017837301;
 0.0027138256;
 0.025914961]
