Keyframe: 0 Frame: 0 Frame from vFrameID : 68
Tcw:
[0.99607342, -0.04435778, 0.076617062, 0.77801138;
 0.087808415, 0.38463262, -0.9188838, -0.1042003;
 0.011290228, 0.92200333, 0.38701728, 1.8097117;
 0, 0, 0, 1]
Twc:
[0.99607342, 0.087808415, 0.011290228, -0.78623879;
 -0.04435778, 0.38463262, 0.92200333, -1.5939705;
 0.076617062, -0.9188838, 0.38701728, -0.85574669;
 0, 0, 0, 1]
Ow:
[0.77801138;
 -0.1042003;
 1.8097117]
Keyframe: 1 Frame: 280 Frame from vFrameID : 68
Tcw:
[0.99659073, -0.052438322, 0.063695759, 0.032084201;
 0.078802019, 0.37632585, -0.92313004, 0.00016109459;
 0.024437031, 0.92500222, 0.3791751, 0.065353096;
 0, 0, 0, 1]
Twc:
[0.99659073, 0.078802019, 0.024437031, -0.033584546;
 -0.052438322, 0.37632585, 0.92500222, -0.058829937;
 0.063695759, -0.92313004, 0.3791751, -0.026675181;
 0, 0, 0, 1]
Ow:
[0.032084201;
 0.00016109459;
 0.065353096]
