Keyframe: 0 Frame: 0 Frame from vFrameID : 68
Tcw:
[0.99011481, -0.11104586, 0.08568272, 2.2643218;
 0.12263929, 0.38898051, -0.91304642, -0.33898807;
 0.068061113, 0.91452885, 0.39875394, 5.9124784;
 0, 0, 0, 1]
Twc:
[0.99011481, 0.12263929, 0.068061113, -2.6027751;
 -0.11104586, 0.38898051, 0.91452885, -5.0238285;
 0.08568272, -0.91304642, 0.39875394, -2.8611491;
 0, 0, 0, 1]
Ow:
[2.2643218;
 -0.33898807;
 5.9124784]
Keyframe: 1 Frame: 885 Frame from vFrameID : 68
Tcw:
[0.98780245, -0.10755876, 0.1125939, 0.027831301;
 0.14603296, 0.38895127, -0.90961051, -0.0054780543;
 0.05404304, 0.91495794, 0.39991415, 0.071813889;
 0, 0, 0, 1]
Twc:
[0.98780245, 0.14603296, 0.05404304, -0.030572893;
 -0.10755876, 0.38895127, 0.91495794, -0.060582489;
 0.1125939, -0.90961051, 0.39991415, -0.03683592;
 0, 0, 0, 1]
Ow:
[0.027831301;
 -0.0054780543;
 0.071813889]
