Keyframe: 0 Frame: 0 Frame from vFrameID : 68
Tcw:
[0.98791581, -0.15431251, 0.0144927, 1.7390096;
 0.073977008, 0.38729531, -0.91898298, -0.27808046;
 0.13619761, 0.90894997, 0.39403072, 4.2623043;
 0, 0, 0, 1]
Twc:
[0.98791581, 0.073977008, 0.13619761, -2.2779391;
 -0.15431251, 0.38729531, 0.90894997, -3.4981709;
 0.0144927, -0.91898298, 0.39403072, -1.960233;
 0, 0, 0, 1]
Ow:
[1.7390096;
 -0.27808046;
 4.2623043]
Keyframe: 1 Frame: 620 Frame from vFrameID : 68
Tcw:
[0.99020904, -0.13769352, -0.022947362, 0.025226088;
 0.03087437, 0.3763468, -0.9259643, -0.0090952124;
 0.13613544, 0.91618973, 0.37691322, 0.068468906;
 0, 0, 0, 1]
Twc:
[0.99020904, 0.03087437, 0.13613544, -0.034019336;
 -0.13769352, 0.3763468, 0.91618973, -0.055834085;
 -0.022947362, -0.9259643, 0.37691322, -0.033649802;
 0, 0, 0, 1]
Ow:
[0.025226088;
 -0.0090952124;
 0.068468906]
