Keyframe: 0 Frame: 0 Frame from vFrameID : 68
Tcw:
[0.99520725, -0.068810776, 0.069481023, 1.3685396;
 0.091234729, 0.39763379, -0.91299707, -0.21560681;
 0.035196032, 0.91496032, 0.40200597, 3.3655987;
 0, 0, 0, 1]
Twc:
[0.99520725, 0.091234729, 0.035196032, -1.4607654;
 -0.068810776, 0.39763379, 0.91496032, -2.8994865;
 0.069481023, -0.91299707, 0.40200597, -1.6449267;
 0, 0, 0, 1]
Ow:
[1.3685396;
 -0.21560681;
 3.3655987]
Keyframe: 1 Frame: 485 Frame from vFrameID : 68
Tcw:
[0.99529904, -0.076822653, 0.058975052, 0.0057060057;
 0.084230214, 0.38606825, -0.91861665, 0.0005946802;
 0.047802176, 0.91926581, 0.39072418, 0.024535274;
 0, 0, 0, 1]
Twc:
[0.99529904, 0.084230214, 0.047802176, -0.0069021117;
 -0.076822653, 0.38606825, 0.91926581, -0.022345673;
 0.058975052, -0.91861665, 0.39072418, -0.0093767522;
 0, 0, 0, 1]
Ow:
[0.0057060057;
 0.0005946802;
 0.024535274]
