Keyframe: 0 Frame: 0 Frame from vFrameID : 68
Tcw:
[0.99745202, -0.041940738, 0.05770997, 0.61427122;
 0.069453597, 0.3860693, -0.91985148, -0.076763034;
 0.016299201, 0.92151588, 0.38799852, 1.3568021;
 0, 0, 0, 1]
Twc:
[0.99745202, 0.069453597, 0.016299201, -0.62948936;
 -0.041940738, 0.3860693, 0.92151588, -1.1949158;
 0.05770997, -0.91985148, 0.38799852, -0.63249737;
 0, 0, 0, 1]
Ow:
[0.61427122;
 -0.076763034;
 1.3568021]
Keyframe: 1 Frame: 227 Frame from vFrameID : 68
Tcw:
[0.99707067, -0.047989666, 0.059556905, 0.00095399277;
 0.073742963, 0.39651874, -0.91506004, 0.01409243;
 0.020297999, 0.91677147, 0.3988961, 0.0085189026;
 0, 0, 0, 1]
Twc:
[0.99707067, 0.073742963, 0.020297999, -0.0021633324;
 -0.047989666, 0.39651874, 0.91677147, -0.013352017;
 0.059556905, -0.91506004, 0.3988961, 0.0094404453;
 0, 0, 0, 1]
Ow:
[0.00095399277;
 0.01409243;
 0.0085189026]
