Keyframe: 0 Frame: 0 Frame from vFrameID : 72
Tcw:
[0.99981868, -0.01890976, 0.0022374529, 0.09041214;
 0.0089625018, 0.36365956, -0.93148881, -0.0054802634;
 0.016800558, 0.93133998, 0.36376309, 0.033710543;
 0, 0, 0, 1]
Twc:
[0.99981868, 0.0089625018, 0.016800558, -0.090912983;
 -0.01890976, 0.36365956, 0.93133998, -0.027693354;
 0.0022374529, -0.93148881, 0.36376309, -0.017569749;
 0, 0, 0, 1]
Ow:
[0.09041214;
 -0.0054802634;
 0.033710543]
Keyframe: 1 Frame: 71 Frame from vFrameID : 72
Tcw:
[0.99994397, -0.0096016573, 0.0044550728, 0.089766741;
 0.0075528882, 0.35236207, -0.93583328, -0.0060801599;
 0.0074157515, 0.9358145, 0.35241485, 0.037468784;
 0, 0, 0, 1]
Twc:
[0.99994397, 0.0075528882, 0.0074157515, -0.089993648;
 -0.0096016573, 0.35236207, 0.9358145, -0.032059502;
 0.0044550728, -0.93583328, 0.35241485, -0.019294489;
 0, 0, 0, 1]
Ow:
[0.089766741;
 -0.0060801599;
 0.037468784]
Keyframe: 2 Frame: 74 Frame from vFrameID : 75
Tcw:
[0.99994642, -0.0088723525, 0.0053377929, 0.090084828;
 0.0081392834, 0.35488731, -0.93487364, -0.010019273;
 0.006400214, 0.93486696, 0.3549405, 0.036229163;
 0, 0, 0, 1]
Twc:
[0.99994642, 0.0081392834, 0.006400214, -0.090230323;
 -0.0088723525, 0.35488731, 0.93486696, -0.029514473;
 0.0053377929, -0.93487364, 0.3549405, -0.022706807;
 0, 0, 0, 1]
Ow:
[0.090084828;
 -0.010019273;
 0.036229163]
Keyframe: 3 Frame: 76 Frame from vFrameID : 77
Tcw:
[0.99986345, -0.0066246362, 0.015140034, 0.092223182;
 0.016508717, 0.35858402, -0.93335146, -0.012420029;
 0.00075413968, 0.93347394, 0.3586444, 0.037297819;
 0, 0, 0, 1]
Twc:
[0.99986345, 0.016508717, 0.00075413968, -0.092033677;
 -0.0066246362, 0.35858402, 0.93347394, -0.029751975;
 0.015140034, -0.93335146, 0.3586444, -0.02636517;
 0, 0, 0, 1]
Ow:
[0.092223182;
 -0.012420029;
 0.037297819]
Keyframe: 4 Frame: 78 Frame from vFrameID : 79
Tcw:
[0.99956906, -0.0035096372, 0.029144729, 0.091268614;
 0.028481167, 0.35642391, -0.93389016, -0.014450081;
 -0.0071102623, 0.93431777, 0.35637027, 0.038107626;
 0, 0, 0, 1]
Twc:
[0.99956906, 0.028481167, -0.0071102623, -0.090546772;
 -0.0035096372, 0.35642391, 0.93431777, -0.030133959;
 0.029144729, -0.93389016, 0.35637027, -0.029735211;
 0, 0, 0, 1]
Ow:
[0.091268614;
 -0.014450081;
 0.038107626]
Keyframe: 5 Frame: 81 Frame from vFrameID : 82
Tcw:
[0.99893856, -0.019076789, 0.041926734, 0.1009407;
 0.045898881, 0.33553347, -0.94090945, -0.0024323445;
 0.003881708, 0.94183511, 0.33605292, 0.053891111;
 0, 0, 0, 1]
Twc:
[0.99893856, 0.045898881, 0.003881708, -0.1009311;
 -0.019076789, 0.33553347, 0.94183511, -0.048014782;
 0.041926734, -0.94090945, 0.33605292, -0.024630995;
 0, 0, 0, 1]
Ow:
[0.1009407;
 -0.0024323445;
 0.053891111]
Keyframe: 6 Frame: 84 Frame from vFrameID : 85
Tcw:
[0.99906641, -0.0013253515, 0.043180775, 0.11179451;
 0.041115232, 0.33600229, -0.94096333, 0.0041603856;
 -0.013261733, 0.94186026, 0.3357431, 0.088247359;
 0, 0, 0, 1]
Twc:
[0.99906641, 0.041115232, -0.013261733, -0.11069088;
 -0.0013253515, 0.33600229, 0.94186026, -0.084366404;
 0.043180775, -0.94096333, 0.3357431, -0.030541042;
 0, 0, 0, 1]
Ow:
[0.11179451;
 0.0041603856;
 0.088247359]
Keyframe: 7 Frame: 88 Frame from vFrameID : 89
Tcw:
[0.99948066, -0.006149462, 0.031632576, 0.12223474;
 0.031895887, 0.32867044, -0.94390595, -0.0021886192;
 -0.0045921793, 0.94442463, 0.32869589, 0.12090853;
 0, 0, 0, 1]
Twc:
[0.99948066, 0.031895887, -0.0045921793, -0.12154622;
 -0.006149462, 0.32867044, 0.94442463, -0.11271799;
 0.031632576, -0.94390595, 0.32869589, -0.045674585;
 0, 0, 0, 1]
Ow:
[0.12223474;
 -0.0021886192;
 0.12090853]
Keyframe: 8 Frame: 92 Frame from vFrameID : 93
Tcw:
[0.99990612, -0.0075408849, 0.011438871, 0.14195676;
 0.013268855, 0.32499641, -0.94562215, -0.018703841;
 0.003413236, 0.94568521, 0.32506597, 0.15063705;
 0, 0, 0, 1]
Twc:
[0.99990612, 0.013268855, 0.003413236, -0.14220943;
 -0.0075408849, 0.32499641, 0.94568521, -0.13530606;
 0.011438871, -0.94562215, 0.32506597, -0.068277568;
 0, 0, 0, 1]
Ow:
[0.14195676;
 -0.018703841;
 0.15063705]
Keyframe: 9 Frame: 97 Frame from vFrameID : 98
Tcw:
[0.99996847, -0.007744615, -0.0017665835, 0.16783583;
 0.00071152666, 0.30882546, -0.95111847, -0.035168704;
 0.0079116123, 0.95108718, 0.30882123, 0.18012543;
 0, 0, 0, 1]
Twc:
[0.99996847, 0.00071152666, 0.0079116123, -0.1692306;
 -0.007744615, 0.30882546, 0.95108718, -0.15915418;
 -0.0017665835, -0.95111847, 0.30882123, -0.088779666;
 0, 0, 0, 1]
Ow:
[0.16783583;
 -0.035168704;
 0.18012543]
Keyframe: 10 Frame: 103 Frame from vFrameID : 104
Tcw:
[0.9995603, 0.011027456, 0.027524032, 0.20186634;
 0.023339646, 0.27990493, -0.95974398, -0.039019823;
 -0.018287648, 0.95996439, 0.27952448, 0.27946633;
 0, 0, 0, 1]
Twc:
[0.9995603, 0.023339646, -0.018287648, -0.19575609;
 0.011027456, 0.27990493, 0.95996439, -0.25958195;
 0.027524032, -0.95974398, 0.27952448, -0.1211229;
 0, 0, 0, 1]
Ow:
[0.20186634;
 -0.039019823;
 0.27946633]
Keyframe: 11 Frame: 108 Frame from vFrameID : 109
Tcw:
[0.99822533, 0.013422297, 0.05801785, 0.19429414;
 0.05212228, 0.2742666, -0.96024013, -0.022610731;
 -0.028800987, 0.96156001, 0.27308026, 0.32883662;
 0, 0, 0, 1]
Twc:
[0.99822533, 0.05212228, -0.028800987, -0.18329999;
 0.013422297, 0.2742666, 0.96156001, -0.31260264;
 0.05801785, -0.96024013, 0.27308026, -0.12278304;
 0, 0, 0, 1]
Ow:
[0.19429414;
 -0.022610731;
 0.32883662]
Keyframe: 12 Frame: 113 Frame from vFrameID : 114
Tcw:
[0.99779761, -0.0072102146, 0.06593924, 0.23007037;
 0.065102436, 0.29698256, -0.95266104, -0.026851609;
 -0.012713915, 0.95485568, 0.29679787, 0.410124;
 0, 0, 0, 1]
Twc:
[0.99779761, 0.065102436, -0.012713915, -0.22260125;
 -0.0072102146, 0.29698256, 0.95485568, -0.38197592;
 0.06593924, -0.95266104, 0.29679787, -0.16247508;
 0, 0, 0, 1]
Ow:
[0.23007037;
 -0.026851609;
 0.410124]
Keyframe: 13 Frame: 118 Frame from vFrameID : 119
Tcw:
[0.99884832, -0.0084122643, 0.047236901, 0.24738184;
 0.047641821, 0.29059479, -0.95565939, -0.050817266;
 -0.0056875381, 0.95680922, 0.29066089, 0.44365305;
 0, 0, 0, 1]
Twc:
[0.99884832, 0.047641821, -0.0056875381, -0.24215259;
 -0.0084122643, 0.29059479, 0.95680922, -0.40764305;
 0.047236901, -0.95565939, 0.29066089, -0.18920213;
 0, 0, 0, 1]
Ow:
[0.24738184;
 -0.050817266;
 0.44365305]
Keyframe: 14 Frame: 125 Frame from vFrameID : 126
Tcw:
[0.99894822, -0.045419473, 0.0062911795, 0.28982881;
 0.017543137, 0.25181344, -0.9676168, -0.045379937;
 0.042364441, 0.96670938, 0.25234538, 0.57289445;
 0, 0, 0, 1]
Twc:
[0.99894822, 0.017543137, 0.042364441, -0.31299821;
 -0.045419473, 0.25181344, 0.96670938, -0.52923131;
 0.0062911795, -0.9676168, 0.25234538, -0.19030102;
 0, 0, 0, 1]
Ow:
[0.28982881;
 -0.045379937;
 0.57289445]
Keyframe: 15 Frame: 132 Frame from vFrameID : 133
Tcw:
[0.99792522, -0.061845671, 0.017899735, 0.35305533;
 0.0332928, 0.25772092, -0.96564567, -0.0076819211;
 0.055107865, 0.96423805, 0.25924522, 0.69837362;
 0, 0, 0, 1]
Twc:
[0.99792522, 0.0332928, 0.055107865, -0.39055297;
 -0.061845671, 0.25772092, 0.96423805, -0.6495837;
 0.017899735, -0.96564567, 0.25924522, -0.19478764;
 0, 0, 0, 1]
Ow:
[0.35305533;
 -0.0076819211;
 0.69837362]
Keyframe: 16 Frame: 138 Frame from vFrameID : 139
Tcw:
[0.99732912, -0.070422828, 0.019370286, 0.32633597;
 0.03750784, 0.26625967, -0.9631713, -0.037741959;
 0.062671721, 0.96132535, 0.26818994, 0.74122208;
 0, 0, 0, 1]
Twc:
[0.99732912, 0.03750784, 0.062671721, -0.37050241;
 -0.070422828, 0.26625967, 0.96132535, -0.67952496;
 0.019370286, -0.9631713, 0.26818994, -0.24146152;
 0, 0, 0, 1]
Ow:
[0.32633597;
 -0.037741959;
 0.74122208]
Keyframe: 17 Frame: 145 Frame from vFrameID : 146
Tcw:
[0.99508727, -0.049947254, 0.085478641, 0.3180877;
 0.095515907, 0.25726393, -0.96160907, -0.013943866;
 0.026039163, 0.96504951, 0.26077083, 0.83079547;
 0, 0, 0, 1]
Twc:
[0.99508727, 0.095515907, 0.026039163, -0.33682638;
 -0.049947254, 0.25726393, 0.96504951, -0.78228384;
 0.085478641, -0.96160907, 0.26077083, -0.25724545;
 0, 0, 0, 1]
Ow:
[0.3180877;
 -0.013943866;
 0.83079547]
Keyframe: 18 Frame: 152 Frame from vFrameID : 153
Tcw:
[0.99705076, -0.041144475, 0.064783528, 0.31689677;
 0.073432393, 0.26614124, -0.96113294, -0.030362204;
 0.022303743, 0.96305555, 0.26837766, 0.81892014;
 0, 0, 0, 1]
Twc:
[0.99705076, 0.073432393, 0.022303743, -0.33199757;
 -0.041144475, 0.26614124, 0.96305555, -0.76754636;
 0.064783528, -0.96113294, 0.26837766, -0.26949167;
 0, 0, 0, 1]
Ow:
[0.31689677;
 -0.030362204;
 0.81892014]
Keyframe: 19 Frame: 158 Frame from vFrameID : 159
Tcw:
[0.99779671, -0.050015893, 0.043589864, 0.32694301;
 0.054925859, 0.25422162, -0.96558505, -0.057239652;
 0.037213113, 0.96585184, 0.25640866, 0.82560992;
 0, 0, 0, 1]
Twc:
[0.99779671, 0.054925859, 0.037213113, -0.35380226;
 -0.050015893, 0.25422162, 0.96585184, -0.76651299;
 0.043589864, -0.96558505, 0.25640866, -0.28121468;
 0, 0, 0, 1]
Ow:
[0.32694301;
 -0.057239652;
 0.82560992]
Keyframe: 20 Frame: 167 Frame from vFrameID : 168
Tcw:
[0.99875903, -0.024588656, 0.043310422, 0.33143896;
 0.048738696, 0.30369005, -0.95152348, -0.065287948;
 0.01024374, 0.95245355, 0.30451158, 0.82451946;
 0, 0, 0, 1]
Twc:
[0.99875903, 0.048738696, 0.01024374, -0.33629176;
 -0.024588656, 0.30369005, 0.95245355, -0.75733948;
 0.043310422, -0.95152348, 0.30451158, -0.32755348;
 0, 0, 0, 1]
Ow:
[0.33143896;
 -0.065287948;
 0.82451946]
Keyframe: 21 Frame: 174 Frame from vFrameID : 175
Tcw:
[0.99745792, -0.00037217737, 0.071257368, 0.35202199;
 0.068508424, 0.28012717, -0.95751518, -0.079539552;
 -0.019604759, 0.95996284, 0.27944055, 0.80823749;
 0, 0, 0, 1]
Twc:
[0.99745792, 0.068508424, -0.019604759, -0.32983267;
 -0.00037217737, 0.28012717, 0.95996284, -0.75346571;
 0.071257368, -0.95751518, 0.27944055, -0.32709882;
 0, 0, 0, 1]
Ow:
[0.35202199;
 -0.079539552;
 0.80823749]
Keyframe: 22 Frame: 182 Frame from vFrameID : 183
Tcw:
[0.99678212, -0.03224403, 0.073387116, 0.3879399;
 0.079458952, 0.27679324, -0.95763862, -0.093809247;
 0.01056507, 0.96038836, 0.27846465, 0.86138093;
 0, 0, 0, 1]
Twc:
[0.99678212, 0.079458952, 0.01056507, -0.38833812;
 -0.03224403, 0.27679324, 0.96038836, -0.78878576;
 0.073387116, -0.95763862, 0.27846465, -0.35816929;
 0, 0, 0, 1]
Ow:
[0.3879399;
 -0.093809247;
 0.86138093]
Keyframe: 23 Frame: 190 Frame from vFrameID : 191
Tcw:
[0.99502808, -0.0915654, 0.039178088, 0.41061175;
 0.062094055, 0.26279148, -0.96285254, -0.054823935;
 0.077868305, 0.96049798, 0.26717058, 0.93078768;
 0, 0, 0, 1]
Twc:
[0.99502808, 0.062094055, 0.077868305, -0.47764483;
 -0.0915654, 0.26279148, 0.96049798, -0.84201461;
 0.039178088, -0.96285254, 0.26717058, -0.3175534;
 0, 0, 0, 1]
Ow:
[0.41061175;
 -0.054823935;
 0.93078768]
Keyframe: 24 Frame: 196 Frame from vFrameID : 197
Tcw:
[0.99592012, -0.086480759, 0.025771083, 0.45103994;
 0.049284633, 0.28204408, -0.95813471, -0.06932196;
 0.075591639, 0.95549577, 0.28515556, 0.99271059;
 0, 0, 0, 1]
Twc:
[0.99592012, 0.049284633, 0.075591639, -0.5208239;
 -0.086480759, 0.28204408, 0.95549577, -0.88997263;
 0.025771083, -0.95813471, 0.28515556, -0.36112052;
 0, 0, 0, 1]
Ow:
[0.45103994;
 -0.06932196;
 0.99271059]
Keyframe: 25 Frame: 204 Frame from vFrameID : 205
Tcw:
[0.99724627, -0.07114318, 0.020941297, 0.47983152;
 0.038777556, 0.25952309, -0.96495807, -0.14370301;
 0.063215435, 0.96311289, 0.26156718, 1.0838357;
 0, 0, 0, 1]
Twc:
[0.99724627, 0.038777556, 0.063215435, -0.54145288;
 -0.07114318, 0.25952309, 0.96311289, -0.9724251;
 0.020941297, -0.96495807, 0.26156718, -0.43221152;
 0, 0, 0, 1]
Ow:
[0.47983152;
 -0.14370301;
 1.0838357]
Keyframe: 26 Frame: 212 Frame from vFrameID : 213
Tcw:
[0.99483699, -0.069350302, 0.074093901, 0.5240671;
 0.091048397, 0.28741023, -0.95347029, -0.13767448;
 0.044828102, 0.9552936, 0.29224056, 1.1444421;
 0, 0, 0, 1]
Twc:
[0.99483699, 0.091048397, 0.044828102, -0.56012946;
 -0.069350302, 0.28741023, 0.9552936, -1.017365;
 0.074093901, -0.95347029, 0.29224056, -0.50455111;
 0, 0, 0, 1]
Ow:
[0.5240671;
 -0.13767448;
 1.1444421]
Keyframe: 27 Frame: 219 Frame from vFrameID : 220
Tcw:
[0.99659121, -0.074871466, 0.034644861, 0.58343029;
 0.052732602, 0.25516644, -0.9654581, -0.1998561;
 0.063445061, 0.96399397, 0.25824478, 1.231871;
 0, 0, 0, 1]
Twc:
[0.99659121, 0.052732602, 0.063445061, -0.6490587;
 -0.074871466, 0.25516644, 0.96399397, -1.0928373;
 0.034644861, -0.9654581, 0.25824478, -0.53128982;
 0, 0, 0, 1]
Ow:
[0.58343029;
 -0.1998561;
 1.231871]
Keyframe: 28 Frame: 225 Frame from vFrameID : 226
Tcw:
[0.99590212, -0.084516369, 0.032186799, 0.59621179;
 0.054583583, 0.27795056, -0.95904332, -0.20512375;
 0.072108522, 0.95687014, 0.28142476, 1.2874552;
 0, 0, 0, 1]
Twc:
[0.99590212, 0.054583583, 0.072108522, -0.67540866;
 -0.084516369, 0.27795056, 0.95687014, -1.1245235;
 0.032186799, -0.95904332, 0.28142476, -0.57823443;
 0, 0, 0, 1]
Ow:
[0.59621179;
 -0.20512375;
 1.2874552]
Keyframe: 29 Frame: 232 Frame from vFrameID : 233
Tcw:
[0.99517524, -0.082217567, 0.053539887, 0.6506092;
 0.074123986, 0.27252164, -0.95929015, -0.23926964;
 0.06427972, 0.95863038, 0.2773011, 1.3541306;
 0, 0, 0, 1]
Twc:
[0.99517524, 0.074123986, 0.06427972, -0.71677768;
 -0.082217567, 0.27252164, 0.95863038, -1.1794131;
 0.053539887, -0.95929015, 0.2773011, -0.63986444;
 0, 0, 0, 1]
Ow:
[0.6506092;
 -0.23926964;
 1.3541306]
Keyframe: 30 Frame: 237 Frame from vFrameID : 238
Tcw:
[0.99315792, -0.08404991, 0.081073441, 0.64519066;
 0.10041483, 0.26022625, -0.96031201, -0.20976588;
 0.0596167, 0.96188247, 0.26688561, 1.3994454;
 0, 0, 0, 1]
Twc:
[0.99315792, 0.10041483, 0.0596167, -0.70314294;
 -0.08404991, 0.26022625, 0.96188247, -1.2372872;
 0.081073441, -0.96031201, 0.26688561, -0.62724042;
 0, 0, 0, 1]
Ow:
[0.64519066;
 -0.20976588;
 1.3994454]
Keyframe: 31 Frame: 244 Frame from vFrameID : 245
Tcw:
[0.99109101, -0.097464539, 0.09077049, 0.63593745;
 0.11621094, 0.29987845, -0.94687271, -0.21358052;
 0.065066397, 0.94898558, 0.30853328, 1.4189559;
 0, 0, 0, 1]
Twc:
[0.99109101, 0.11621094, 0.065066397, -0.69777781;
 -0.097464539, 0.29987845, 0.94898558, -1.220539;
 0.09077049, -0.94687271, 0.30853328, -0.69775301;
 0, 0, 0, 1]
Ow:
[0.63593745;
 -0.21358052;
 1.4189559]
Keyframe: 32 Frame: 251 Frame from vFrameID : 252
Tcw:
[0.99363613, -0.11070964, 0.020751718, 0.69220906;
 0.052298076, 0.29027957, -0.95551175, -0.20997816;
 0.09976057, 0.95051622, 0.29422218, 1.5082444;
 0, 0, 0, 1]
Twc:
[0.99363613, 0.052298076, 0.09976057, -0.82728583;
 -0.11070964, 0.29027957, 0.95051622, -1.2960243;
 0.020751718, -0.95551175, 0.29422218, -0.65876007;
 0, 0, 0, 1]
Ow:
[0.69220906;
 -0.20997816;
 1.5082444]
Keyframe: 33 Frame: 258 Frame from vFrameID : 259
Tcw:
[0.99536741, -0.095228218, 0.013239671, 0.70830983;
 0.041627869, 0.30273232, -0.95216608, -0.18976161;
 0.086665004, 0.94830626, 0.30529404, 1.4898602;
 0, 0, 0, 1]
Twc:
[0.99536741, 0.041627869, 0.086665004, -0.82624793;
 -0.095228218, 0.30273232, 0.94830626, -1.2879456;
 0.013239671, -0.95216608, 0.30529404, -0.64490777;
 0, 0, 0, 1]
Ow:
[0.70830983;
 -0.18976161;
 1.4898602]
Keyframe: 34 Frame: 264 Frame from vFrameID : 265
Tcw:
[0.99503458, -0.088288344, 0.045949671, 0.69885194;
 0.069422558, 0.28482994, -0.95606089, -0.2080448;
 0.071321189, 0.9545036, 0.28954485, 1.5377527;
 0, 0, 0, 1]
Twc:
[0.99503458, 0.069422558, 0.071321189, -0.79061317;
 -0.088288344, 0.28482994, 0.9545036, -1.3468326;
 0.045949671, -0.95606089, 0.28954485, -0.67626393;
 0, 0, 0, 1]
Ow:
[0.69885194;
 -0.2080448;
 1.5377527]
Keyframe: 35 Frame: 271 Frame from vFrameID : 272
Tcw:
[0.99309117, -0.08428549, 0.081645146, 0.72589618;
 0.10238906, 0.28248191, -0.95379269, -0.1948007;
 0.057327606, 0.95556265, 0.28916019, 1.649467;
 0, 0, 0, 1]
Twc:
[0.99309117, 0.10238906, 0.057327606, -0.79549563;
 -0.08428549, 0.28248191, 0.95556265, -1.4599588;
 0.081645146, -0.95379269, 0.28916019, -0.72202557;
 0, 0, 0, 1]
Ow:
[0.72589618;
 -0.1948007;
 1.649467]
Keyframe: 36 Frame: 278 Frame from vFrameID : 279
Tcw:
[0.99410725, -0.087310418, 0.064247385, 0.74545318;
 0.086473569, 0.28131965, -0.95570999, -0.23115462;
 0.06536939, 0.95563388, 0.28721192, 1.6827004;
 0, 0, 0, 1]
Twc:
[0.99410725, 0.086473569, 0.06536939, -0.83106869;
 -0.087310418, 0.28131965, 0.95563388, -1.4779315;
 0.064247385, -0.95570999, 0.28721192, -0.75210184;
 0, 0, 0, 1]
Ow:
[0.74545318;
 -0.23115462;
 1.6827004]
Keyframe: 37 Frame: 285 Frame from vFrameID : 286
Tcw:
[0.99356484, -0.10566913, 0.040778507, 0.77963567;
 0.067903817, 0.26755935, -0.9611457, -0.22974977;
 0.090652756, 0.95772964, 0.27301291, 1.7289566;
 0, 0, 0, 1]
Twc:
[0.99356484, 0.067903817, 0.090652756, -0.91575241;
 -0.10566913, 0.26755935, 0.95772964, -1.5120178;
 0.040778507, -0.9611457, 0.27301291, -0.72464287;
 0, 0, 0, 1]
Ow:
[0.77963567;
 -0.22974977;
 1.7289566]
Keyframe: 38 Frame: 293 Frame from vFrameID : 294
Tcw:
[0.9939298, -0.1017869, 0.041748665, 0.80281419;
 0.068240963, 0.27274728, -0.9596625, -0.22487128;
 0.086294234, 0.95668614, 0.27803767, 1.8067361;
 0, 0, 0, 1]
Twc:
[0.9939298, 0.068240963, 0.086294234, -0.93850642;
 -0.1017869, 0.27274728, 0.95668614, -1.5854304;
 0.041748665, -0.9596625, 0.27803767, -0.75165766;
 0, 0, 0, 1]
Ow:
[0.80281419;
 -0.22487128;
 1.8067361]
Keyframe: 39 Frame: 301 Frame from vFrameID : 302
Tcw:
[0.99545437, -0.081955411, 0.048517454, 0.79909033;
 0.066336028, 0.23110498, -0.97066474, -0.22487193;
 0.068338603, 0.96947086, 0.23549107, 1.9274321;
 0, 0, 0, 1]
Twc:
[0.99545437, 0.066336028, 0.068338603, -0.91225886;
 -0.081955411, 0.23110498, 0.96947086, -1.7511305;
 0.048517454, -0.97066474, 0.23549107, -0.7109381;
 0, 0, 0, 1]
Ow:
[0.79909033;
 -0.22487193;
 1.9274321]
Keyframe: 40 Frame: 309 Frame from vFrameID : 310
Tcw:
[0.9925648, -0.10865794, 0.054850388, 0.85856175;
 0.081459023, 0.25815842, -0.96266228, -0.26609373;
 0.09044081, 0.95997274, 0.26509014, 2.0223401;
 0, 0, 0, 1]
Twc:
[0.9925648, 0.081459023, 0.09044081, -1.0134045;
 -0.10865794, 0.25815842, 0.95997274, -1.7794075;
 0.054850388, -0.96266228, 0.26509014, -0.8393532;
 0, 0, 0, 1]
Ow:
[0.85856175;
 -0.26609373;
 2.0223401]
Keyframe: 41 Frame: 318 Frame from vFrameID : 319
Tcw:
[0.99083531, -0.13334346, 0.021562548, 0.88001102;
 0.05839517, 0.27891475, -0.95853877, -0.24827838;
 0.12180075, 0.95101321, 0.28414521, 2.0372124;
 0, 0, 0, 1]
Twc:
[0.99083531, 0.05839517, 0.12180075, -1.1055818;
 -0.13334346, 0.27891475, 0.95101321, -1.7508236;
 0.021562548, -0.95853877, 0.28414521, -0.83582383;
 0, 0, 0, 1]
Ow:
[0.88001102;
 -0.24827838;
 2.0372124]
Keyframe: 42 Frame: 325 Frame from vFrameID : 326
Tcw:
[0.99324203, -0.11342868, 0.024580795, 0.89107651;
 0.055296123, 0.27627483, -0.9594866, -0.2872808;
 0.10204224, 0.95436162, 0.28067994, 2.0832548;
 0, 0, 0, 1]
Twc:
[0.99324203, 0.055296123, 0.10204224, -1.0817491;
 -0.11342868, 0.27627483, 0.95436162, -1.8077365;
 0.024580795, -0.9594866, 0.28067994, -0.88227332;
 0, 0, 0, 1]
Ow:
[0.89107651;
 -0.2872808;
 2.0832548]
Keyframe: 43 Frame: 333 Frame from vFrameID : 334
Tcw:
[0.99242473, -0.11967742, 0.027757458, 0.91619223;
 0.059417535, 0.26981151, -0.96107823, -0.28015405;
 0.10753007, 0.95544708, 0.27487853, 2.1603146;
 0, 0, 0, 1]
Twc:
[0.99242473, 0.059417535, 0.10753007, -1.1249045;
 -0.11967742, 0.26981151, 0.95544708, -1.8788298;
 0.027757458, -0.96107823, 0.27487853, -0.88850522;
 0, 0, 0, 1]
Ow:
[0.91619223;
 -0.28015405;
 2.1603146]
Keyframe: 44 Frame: 340 Frame from vFrameID : 341
Tcw:
[0.99455971, -0.096562989, 0.039071504, 0.93881989;
 0.065214112, 0.28470021, -0.9563958, -0.2709322;
 0.08122877, 0.95374072, 0.28944865, 2.1878185;
 0, 0, 0, 1]
Twc:
[0.99455971, 0.065214112, 0.08122877, -1.0937576;
 -0.096562989, 0.28470021, 0.95374072, -1.9188219;
 0.039071504, -0.9563958, 0.28944865, -0.92906064;
 0, 0, 0, 1]
Ow:
[0.93881989;
 -0.2709322;
 2.1878185]
Keyframe: 45 Frame: 348 Frame from vFrameID : 349
Tcw:
[0.99462026, -0.1035542, -0.00265465, 0.98228687;
 0.025247315, 0.26719099, -0.9633128, -0.27822644;
 0.10046439, 0.95806342, 0.26836804, 2.2974899;
 0, 0, 0, 1]
Twc:
[0.99462026, 0.025247315, 0.10046439, -1.2007939;
 -0.1035542, 0.26719099, 0.95806342, -2.0250814;
 -0.00265465, -0.9633128, 0.26836804, -0.88198429;
 0, 0, 0, 1]
Ow:
[0.98228687;
 -0.27822644;
 2.2974899]
Keyframe: 46 Frame: 357 Frame from vFrameID : 358
Tcw:
[0.99519724, -0.097774625, -0.0047549652, 0.99013555;
 0.024285087, 0.29365805, -0.95560199, -0.29720372;
 0.094829962, 0.95089698, 0.29462215, 2.3016365;
 0, 0, 0, 1]
Twc:
[0.99519724, 0.024285087, 0.094829962, -1.1964266;
 -0.097774625, 0.29365805, 0.95089698, -2.0045328;
 -0.0047549652, -0.95560199, 0.29462215, -0.95741343;
 0, 0, 0, 1]
Ow:
[0.99013555;
 -0.29720372;
 2.3016365]
Keyframe: 47 Frame: 365 Frame from vFrameID : 366
Tcw:
[0.99293935, -0.093697511, 0.072747603, 0.9647826;
 0.094153687, 0.24947603, -0.96379292, -0.29168749;
 0.072156213, 0.96383739, 0.25653654, 2.3594348;
 0, 0, 0, 1]
Twc:
[0.99293935, 0.094153687, 0.072156213, -1.1007551;
 -0.093697511, 0.24947603, 0.96383739, -2.1109447;
 0.072747603, -0.96379292, 0.25653654, -0.95659316;
 0, 0, 0, 1]
Ow:
[0.9647826;
 -0.29168749;
 2.3594348]
Keyframe: 48 Frame: 372 Frame from vFrameID : 373
Tcw:
[0.99309957, -0.058006763, 0.10192379, 0.9136672;
 0.11448986, 0.29128981, -0.94975907, -0.35564691;
 0.02540309, 0.95487458, 0.29592097, 2.3965082;
 0, 0, 0, 1]
Twc:
[0.99309957, 0.11448986, 0.02540309, -0.92752326;
 -0.058006763, 0.29128981, 0.95487458, -2.1317694;
 0.10192379, -0.94975907, 0.29592097, -1.1400803;
 0, 0, 0, 1]
Ow:
[0.9136672;
 -0.35564691;
 2.3965082]
Keyframe: 49 Frame: 380 Frame from vFrameID : 381
Tcw:
[0.99308974, -0.052225761, 0.10509638, 0.9202857;
 0.11506502, 0.25716671, -0.95949221, -0.36704224;
 0.023082918, 0.96495479, 0.26139897, 2.4057808;
 0, 0, 0, 1]
Twc:
[0.99308974, 0.11506502, 0.023082918, -0.92722499;
 -0.052225761, 0.25716671, 0.96495479, -2.1790159;
 0.10509638, -0.95949221, 0.26139897, -1.0777615;
 0, 0, 0, 1]
Ow:
[0.9202857;
 -0.36704224;
 2.4057808]
Keyframe: 50 Frame: 388 Frame from vFrameID : 389
Tcw:
[0.99337643, -0.027340502, 0.11160511, 0.92463094;
 0.11432781, 0.33242297, -0.93617529, -0.37355107;
 -0.011504601, 0.94273406, 0.33334693, 2.4464474;
 0, 0, 0, 1]
Twc:
[0.99337643, 0.11432781, -0.011504601, -0.84765399;
 -0.027340502, 0.33242297, 0.94273406, -2.1568925;
 0.11160511, -0.93617529, 0.33334693, -1.2684186;
 0, 0, 0, 1]
Ow:
[0.92463094;
 -0.37355107;
 2.4464474]
Keyframe: 51 Frame: 395 Frame from vFrameID : 396
Tcw:
[0.99659401, -0.028913273, 0.077229403, 0.91837001;
 0.082447313, 0.33034822, -0.94025129, -0.36097497;
 0.0016731463, 0.94341618, 0.33160686, 2.5087411;
 0, 0, 0, 1]
Twc:
[0.99659401, 0.082447313, 0.0016731463, -0.88967812;
 -0.028913273, 0.33034822, 0.94341618, -2.2209866;
 0.077229403, -0.94025129, 0.33160686, -1.2422482;
 0, 0, 0, 1]
Ow:
[0.91837001;
 -0.36097497;
 2.5087411]
Keyframe: 52 Frame: 402 Frame from vFrameID : 403
Tcw:
[0.99532974, -0.081966758, 0.050991531, 1.0157379;
 0.074444458, 0.31547287, -0.94600999, -0.40853238;
 0.061454929, 0.9453879, 0.3201015, 2.5795441;
 0, 0, 0, 1]
Twc:
[0.99532974, 0.074444458, 0.061454929, -1.1391069;
 -0.081966758, 0.31547287, 0.9453879, -2.2265322;
 0.050991531, -0.94600999, 0.3201015, -1.2639856;
 0, 0, 0, 1]
Ow:
[1.0157379;
 -0.40853238;
 2.5795441]
Keyframe: 53 Frame: 410 Frame from vFrameID : 411
Tcw:
[0.99228764, -0.10394356, 0.067534767, 1.010525;
 0.0999806, 0.34907722, -0.93174511, -0.31870753;
 0.073274061, 0.93131137, 0.35677734, 2.6273999;
 0, 0, 0, 1]
Twc:
[0.99228764, 0.0999806, 0.073274061, -1.1633871;
 -0.10394356, 0.34907722, 0.93131137, -2.2306364;
 0.067534767, -0.93174511, 0.35677734, -1.3025966;
 0, 0, 0, 1]
Ow:
[1.010525;
 -0.31870753;
 2.6273999]
Keyframe: 54 Frame: 419 Frame from vFrameID : 420
Tcw:
[0.99212033, -0.12518781, -0.0050323745, 1.140906;
 0.038329627, 0.34151471, -0.93909454, -0.42748541;
 0.11928182, 0.93150187, 0.34362206, 2.6923077;
 0, 0, 0, 1]
Twc:
[0.99212033, 0.038329627, 0.11928182, -1.4366739;
 -0.12518781, 0.34151471, 0.93150187, -2.2190695;
 -0.0050323745, -0.93909454, 0.34362206, -1.3208441;
 0, 0, 0, 1]
Ow:
[1.140906;
 -0.42748541;
 2.6923077]
Keyframe: 55 Frame: 427 Frame from vFrameID : 428
Tcw:
[0.99053162, -0.13311714, 0.033570215, 1.0564221;
 0.077327304, 0.33894125, -0.93762428, -0.36760271;
 0.11343553, 0.93134242, 0.34602562, 2.7507639;
 0, 0, 0, 1]
Twc:
[0.99053162, 0.077327304, 0.11343553, -1.3300281;
 -0.13311714, 0.33894125, 0.93134242, -2.2966793;
 0.033570215, -0.93762428, 0.34602562, -1.3319724;
 0, 0, 0, 1]
Ow:
[1.0564221;
 -0.36760271;
 2.7507639]
Keyframe: 56 Frame: 435 Frame from vFrameID : 436
Tcw:
[0.99012184, -0.11360336, 0.082176909, 1.1017689;
 0.11372823, 0.30792618, -0.94458848, -0.38942587;
 0.082004003, 0.9446035, 0.31780434, 2.8187366;
 0, 0, 0, 1]
Twc:
[0.99012184, 0.11372823, 0.082004003, -1.2777444;
 -0.11360336, 0.30792618, 0.9446035, -2.4175093;
 0.082176909, -0.94458848, 0.31780434, -1.3541938;
 0, 0, 0, 1]
Ow:
[1.1017689;
 -0.38942587;
 2.8187366]
Keyframe: 57 Frame: 444 Frame from vFrameID : 445
Tcw:
[0.98959035, -0.085250132, 0.11594538, 1.0718403;
 0.13741802, 0.32044837, -0.93724549, -0.39856774;
 0.042745803, 0.94342208, 0.32882753, 2.856683;
 0, 0, 0, 1]
Twc:
[0.98959035, 0.13741802, 0.042745803, -1.1280236;
 -0.085250132, 0.32044837, 0.94342208, -2.4759629;
 0.11594538, -0.93724549, 0.32882753, -1.4371867;
 0, 0, 0, 1]
Ow:
[1.0718403;
 -0.39856774;
 2.856683]
Keyframe: 58 Frame: 452 Frame from vFrameID : 453
Tcw:
[0.99235833, -0.10752289, 0.060529362, 1.1521319;
 0.0927452, 0.32643241, -0.94065946, -0.45239741;
 0.081383675, 0.93908501, 0.33391017, 2.9065421;
 0, 0, 0, 1]
Twc:
[0.99235833, 0.0927452, 0.081383675, -1.3379151;
 -0.10752289, 0.32643241, 0.93908501, -2.4579327;
 0.060529362, -0.94065946, 0.33391017, -1.4658136;
 0, 0, 0, 1]
Ow:
[1.1521319;
 -0.45239741;
 2.9065421]
Keyframe: 59 Frame: 461 Frame from vFrameID : 462
Tcw:
[0.988195, -0.12458411, 0.089159846, 1.1282837;
 0.12837267, 0.35574058, -0.92572623, -0.43678749;
 0.083613008, 0.92624372, 0.36753425, 2.9691813;
 0, 0, 0, 1]
Twc:
[0.988195, 0.12837267, 0.083613008, -1.3071549;
 -0.12458411, 0.35574058, 0.92624372, -2.4542363;
 0.089159846, -0.92572623, 0.36753425, -1.5962191;
 0, 0, 0, 1]
Ow:
[1.1282837;
 -0.43678749;
 2.9691813]
Keyframe: 60 Frame: 469 Frame from vFrameID : 470
Tcw:
[0.9880622, -0.1194936, 0.097233281, 1.1696184;
 0.12980659, 0.3058556, -0.94318748, -0.42879492;
 0.08296553, 0.94454944, 0.31771541, 3.0683513;
 0, 0, 0, 1]
Twc:
[0.9880622, 0.12980659, 0.08296553, -1.3545629;
 -0.1194936, 0.3058556, 0.94454944, -2.6272984;
 0.097233281, -0.94318748, 0.31771541, -1.4930224;
 0, 0, 0, 1]
Ow:
[1.1696184;
 -0.42879492;
 3.0683513]
Keyframe: 61 Frame: 477 Frame from vFrameID : 478
Tcw:
[0.98651296, -0.12335378, 0.10759202, 1.2269596;
 0.14434622, 0.34569106, -0.92717952, -0.47062016;
 0.077177502, 0.93020511, 0.35883436, 3.1156573;
 0, 0, 0, 1]
Twc:
[0.98651296, 0.14434622, 0.077177502, -1.3829379;
 -0.12335378, 0.34569106, 0.93020511, -2.584161;
 0.10759202, -0.92717952, 0.35883436, -1.6863652;
 0, 0, 0, 1]
Ow:
[1.2269596;
 -0.47062016;
 3.1156573]
Keyframe: 62 Frame: 485 Frame from vFrameID : 486
Tcw:
[0.98845398, -0.13385467, 0.071004212, 1.2451143;
 0.10873326, 0.30026194, -0.94763911, -0.40953946;
 0.10552605, 0.94441819, 0.3113496, 3.2267907;
 0, 0, 0, 1]
Twc:
[0.98845398, 0.10873326, 0.10552605, -1.5267183;
 -0.13385467, 0.30026194, 0.94441819, -2.7578063;
 0.071004212, -0.94763911, 0.3113496, -1.4811639;
 0, 0, 0, 1]
Ow:
[1.2451143;
 -0.40953946;
 3.2267907]
Keyframe: 63 Frame: 493 Frame from vFrameID : 494
Tcw:
[0.98864883, -0.13705917, 0.061549351, 1.2546235;
 0.1039911, 0.32855684, -0.93874186, -0.41549003;
 0.10844071, 0.93448657, 0.33908027, 3.2427802;
 0, 0, 0, 1]
Twc:
[0.98864883, 0.1039911, 0.10844071, -1.5488242;
 -0.13705917, 0.32855684, 0.93448657, -2.7218649;
 0.061549351, -0.93874186, 0.33908027, -1.5668219;
 0, 0, 0, 1]
Ow:
[1.2546235;
 -0.41549003;
 3.2427802]
Keyframe: 64 Frame: 501 Frame from vFrameID : 502
Tcw:
[0.98960739, -0.12952685, 0.062450055, 1.2600722;
 0.098860987, 0.29747641, -0.94959694, -0.42036629;
 0.10442088, 0.94590199, 0.30719, 3.3063078;
 0, 0, 0, 1]
Twc:
[0.98960739, 0.098860987, 0.10442088, -1.5506665;
 -0.12952685, 0.29747641, 0.94590199, -2.8391809;
 0.062450055, -0.94959694, 0.30719, -1.4935348;
 0, 0, 0, 1]
Ow:
[1.2600722;
 -0.42036629;
 3.3063078]
Keyframe: 65 Frame: 510 Frame from vFrameID : 511
Tcw:
[0.98841941, -0.11208162, 0.10229737, 1.2648876;
 0.13328464, 0.31897148, -0.93834555, -0.38335836;
 0.072541349, 0.94111365, 0.33021638, 3.3464205;
 0, 0, 0, 1]
Twc:
[0.98841941, 0.13328464, 0.072541349, -1.4418975;
 -0.11208162, 0.31897148, 0.94111365, -2.8853111;
 0.10229737, -0.93834555, 0.33021638, -1.5941602;
 0, 0, 0, 1]
Ow:
[1.2648876;
 -0.38335836;
 3.3464205]
Keyframe: 66 Frame: 518 Frame from vFrameID : 519
Tcw:
[0.98853135, -0.14318494, 0.047998678, 1.3356137;
 0.093292132, 0.32907507, -0.93968409, -0.48324728;
 0.11875345, 0.93338507, 0.33865905, 3.4167049;
 0, 0, 0, 1]
Twc:
[0.98853135, 0.093292132, 0.11875345, -1.6809583;
 -0.14318494, 0.32907507, 0.93338507, -2.8388369;
 0.047998678, -0.93968409, 0.33865905, -1.6753054;
 0, 0, 0, 1]
Ow:
[1.3356137;
 -0.48324728;
 3.4167049]
Keyframe: 67 Frame: 526 Frame from vFrameID : 527
Tcw:
[0.98729092, -0.14853477, 0.056516308, 1.3536679;
 0.10204089, 0.31984416, -0.94195932, -0.42796195;
 0.1218373, 0.93575484, 0.33093584, 3.4764738;
 0, 0, 0, 1]
Twc:
[0.98729092, 0.10204089, 0.1218373, -1.7163587;
 -0.14853477, 0.31984416, 0.93575484, -2.9151795;
 0.056516308, -0.94195932, 0.33093584, -1.6301169;
 0, 0, 0, 1]
Ow:
[1.3536679;
 -0.42796195;
 3.4764738]
Keyframe: 68 Frame: 535 Frame from vFrameID : 536
Tcw:
[0.98970717, -0.12850486, 0.062977575, 1.3749089;
 0.10024198, 0.30844659, -0.94594514, -0.47826719;
 0.10213333, 0.94252175, 0.31815338, 3.5158148;
 0, 0, 0, 1]
Twc:
[0.98970717, 0.10024198, 0.10213333, -1.6718968;
 -0.12850486, 0.30844659, 0.94252175, -2.9895296;
 0.062977575, -0.94594514, 0.31815338, -1.6575716;
 0, 0, 0, 1]
Ow:
[1.3749089;
 -0.47826719;
 3.5158148]
Keyframe: 69 Frame: 544 Frame from vFrameID : 545
Tcw:
[0.98630154, -0.14302556, 0.082176059, 1.3744001;
 0.12289438, 0.30484465, -0.94443989, -0.31850159;
 0.11002811, 0.94160151, 0.3182458, 3.6098471;
 0, 0, 0, 1]
Twc:
[0.98630154, 0.12289438, 0.11002811, -1.7136157;
 -0.14302556, 0.30484465, 0.94160151, -3.1053696;
 0.082176059, -0.94443989, 0.3182458, -1.562567;
 0, 0, 0, 1]
Ow:
[1.3744001;
 -0.31850159;
 3.6098471]
Keyframe: 70 Frame: 553 Frame from vFrameID : 554
Tcw:
[0.98323458, -0.17653078, 0.045679227, 1.3990842;
 0.10042168, 0.31512693, -0.94372159, -0.31701648;
 0.15220115, 0.93248695, 0.32757124, 3.651758;
 0, 0, 0, 1]
Twc:
[0.98323458, 0.10042168, 0.15220115, -1.8995944;
 -0.17653078, 0.31512693, 0.93248695, -3.0583346;
 0.045679227, -0.94372159, 0.32757124, -1.5592952;
 0, 0, 0, 1]
Ow:
[1.3990842;
 -0.31701648;
 3.651758]
Keyframe: 71 Frame: 561 Frame from vFrameID : 562
Tcw:
[0.98516768, -0.16654903, 0.041304257, 1.4081376;
 0.092367679, 0.31185496, -0.94562924, -0.32499778;
 0.1446127, 0.93541861, 0.32261318, 3.6966789;
 0, 0, 0, 1]
Twc:
[0.98516768, 0.092367679, 0.1446127, -1.8918191;
 -0.16654903, 0.31185496, 0.93541861, -3.122066;
 0.041304257, -0.94562924, 0.32261318, -1.558087;
 0, 0, 0, 1]
Ow:
[1.4081376;
 -0.32499778;
 3.6966789]
Keyframe: 72 Frame: 569 Frame from vFrameID : 570
Tcw:
[0.98641181, -0.15643312, 0.050203629, 1.4243946;
 0.096379168, 0.30351311, -0.94794029, -0.3428669;
 0.1330518, 0.93989813, 0.31446582, 3.7561183;
 0, 0, 0, 1]
Twc:
[0.98641181, 0.096379168, 0.1330518, -1.8717529;
 -0.15643312, 0.30351311, 0.93989813, -3.2034812;
 0.050203629, -0.94794029, 0.31446582, -1.577698;
 0, 0, 0, 1]
Ow:
[1.4243946;
 -0.3428669;
 3.7561183]
Keyframe: 73 Frame: 577 Frame from vFrameID : 578
Tcw:
[0.98502779, -0.14987203, 0.085197598, 1.4594351;
 0.12918924, 0.31448552, -0.94043022, -0.36207235;
 0.11415078, 0.93735653, 0.32913882, 3.7753503;
 0, 0, 0, 1]
Twc:
[0.98502779, 0.12918924, 0.11415078, -1.8217676;
 -0.14987203, 0.31448552, 0.93735653, -3.2062542;
 0.085197598, -0.94043022, 0.32913882, -1.7074586;
 0, 0, 0, 1]
Ow:
[1.4594351;
 -0.36207235;
 3.7753503]
Keyframe: 74 Frame: 585 Frame from vFrameID : 586
Tcw:
[0.98479456, -0.16795655, 0.044387266, 1.5021248;
 0.095743582, 0.3115333, -0.94539946, -0.3991909;
 0.14495791, 0.93527406, 0.32287708, 3.8197293;
 0, 0, 0, 1]
Twc:
[0.98479456, 0.095743582, 0.14495791, -1.9947643;
 -0.16795655, 0.3115333, 0.93527406, -3.1958408;
 0.044387266, -0.94539946, 0.32287708, -1.6773732;
 0, 0, 0, 1]
Ow:
[1.5021248;
 -0.3991909;
 3.8197293]
Keyframe: 75 Frame: 594 Frame from vFrameID : 595
Tcw:
[0.97666818, -0.21397938, 0.018224258, 1.476771;
 0.08099483, 0.28842905, -0.95406944, -0.36046255;
 0.19889478, 0.93328536, 0.29903069, 3.9354401;
 0, 0, 0, 1]
Twc:
[0.97666818, 0.08099483, 0.19889478, -2.195858;
 -0.21397938, 0.28842905, 0.93328536, -3.2529218;
 0.018224258, -0.95406944, 0.29903069, -1.5476366;
 0, 0, 0, 1]
Ow:
[1.476771;
 -0.36046255;
 3.9354401]
Keyframe: 76 Frame: 603 Frame from vFrameID : 604
Tcw:
[0.97961998, -0.19929484, 0.025025122, 1.4757034;
 0.081535079, 0.28069559, -0.95632738, -0.37975872;
 0.18356666, 0.93887782, 0.29122454, 3.9914095;
 0, 0, 0, 1]
Twc:
[0.97961998, 0.081535079, 0.18356666, -2.1473546;
 -0.19929484, 0.28069559, 0.93887782, -3.3467491;
 0.025025122, -0.95632738, 0.29122454, -1.5624996;
 0, 0, 0, 1]
Ow:
[1.4757034;
 -0.37975872;
 3.9914095]
Keyframe: 77 Frame: 611 Frame from vFrameID : 612
Tcw:
[0.97707462, -0.20225635, 0.066465057, 1.5003092;
 0.12291157, 0.28098899, -0.95180774, -0.39547002;
 0.17383321, 0.93815649, 0.29940686, 4.0520091;
 0, 0, 0, 1]
Twc:
[0.97707462, 0.12291157, 0.17383321, -2.1216798;
 -0.20225635, 0.28098899, 0.93815649, -3.3868487;
 0.066465057, -0.95180774, 0.29940686, -1.6893288;
 0, 0, 0, 1]
Ow:
[1.5003092;
 -0.39547002;
 4.0520091]
Keyframe: 78 Frame: 619 Frame from vFrameID : 620
Tcw:
[0.9775824, -0.21038511, 0.0084151337, 1.5379572;
 0.067843303, 0.2769042, -0.95849955, -0.40194058;
 0.19932385, 0.93758315, 0.28496987, 4.0972762;
 0, 0, 0, 1]
Twc:
[0.9775824, 0.067843303, 0.19932385, -2.2928956;
 -0.21038511, 0.2769042, 0.93758315, -3.4066749;
 0.0084151337, -0.95849955, 0.28496987, -1.5658022;
 0, 0, 0, 1]
Ow:
[1.5379572;
 -0.40194058;
 4.0972762]
Keyframe: 79 Frame: 628 Frame from vFrameID : 629
Tcw:
[0.98038775, -0.19670193, 0.012173436, 1.5401801;
 0.072319217, 0.30161262, -0.95068383, -0.38865221;
 0.18332969, 0.93291914, 0.30992267, 4.124258;
 0, 0, 0, 1]
Twc:
[0.98038775, 0.072319217, 0.18332969, -2.2379658;
 -0.19670193, 0.30161262, 0.93291914, -3.4274209;
 0.012173436, -0.95068383, 0.30992267, -1.6664358;
 0, 0, 0, 1]
Ow:
[1.5401801;
 -0.38865221;
 4.124258]
Keyframe: 80 Frame: 636 Frame from vFrameID : 637
Tcw:
[0.98595995, -0.15908965, 0.050729331, 1.5482887;
 0.095912464, 0.29087007, -0.95194298, -0.3195709;
 0.13668863, 0.94344324, 0.3020449, 4.2036781;
 0, 0, 0, 1]
Twc:
[0.98595995, 0.095912464, 0.13668863, -2.0704949;
 -0.15908965, 0.29087007, 0.94344324, -3.6266611;
 0.050729331, -0.95194298, 0.3020449, -1.6524564;
 0, 0, 0, 1]
Ow:
[1.5482887;
 -0.3195709;
 4.2036781]
Keyframe: 81 Frame: 645 Frame from vFrameID : 646
Tcw:
[0.98281354, -0.15769963, 0.095960528, 1.5611591;
 0.14110757, 0.3066164, -0.94131559, -0.38663828;
 0.11902205, 0.93867844, 0.32359934, 4.261013;
 0, 0, 0, 1]
Twc:
[0.98281354, 0.14110757, 0.11902205, -1.9869251;
 -0.15769963, 0.3066164, 0.93867844, -3.6349771;
 0.095960528, -0.94131559, 0.32359934, -1.8926193;
 0, 0, 0, 1]
Ow:
[1.5611591;
 -0.38663828;
 4.261013]
Keyframe: 82 Frame: 653 Frame from vFrameID : 654
Tcw:
[0.98721862, -0.13763613, 0.080347188, 1.625127;
 0.12013991, 0.31144392, -0.94263941, -0.37566793;
 0.10471759, 0.94024414, 0.32399884, 4.3338947;
 0, 0, 0, 1]
Twc:
[0.98721862, 0.12013991, 0.10471759, -2.0130579;
 -0.13763613, 0.31144392, 0.94024414, -3.7342434;
 0.080347188, -0.94263941, 0.32399884, -1.8888706;
 0, 0, 0, 1]
Ow:
[1.625127;
 -0.37566793;
 4.3338947]
Keyframe: 83 Frame: 661 Frame from vFrameID : 662
Tcw:
[0.98636365, -0.13219374, 0.098038778, 1.5626369;
 0.13493708, 0.30851462, -0.94160008, -0.26904368;
 0.094227239, 0.94198912, 0.32214546, 4.4776907;
 0, 0, 0, 1]
Twc:
[0.98636365, 0.13493708, 0.094227239, -1.9269446;
 -0.13219374, 0.30851462, 0.94198912, -3.9283614;
 0.098038778, -0.94160008, 0.32214546, -1.8489982;
 0, 0, 0, 1]
Ow:
[1.5626369;
 -0.26904368;
 4.4776907]
Keyframe: 84 Frame: 669 Frame from vFrameID : 670
Tcw:
[0.98148137, -0.14046478, 0.13024592, 1.5817353;
 0.1665213, 0.28955531, -0.94256479, -0.3413626;
 0.094683759, 0.9467985, 0.30758354, 4.5622292;
 0, 0, 0, 1]
Twc:
[0.98148137, 0.1665213, 0.094683759, -1.9275684;
 -0.14046478, 0.28955531, 0.9467985, -3.9984899;
 0.13024592, -0.94256479, 0.30758354, -1.9310374;
 0, 0, 0, 1]
Ow:
[1.5817353;
 -0.3413626;
 4.5622292]
Keyframe: 85 Frame: 677 Frame from vFrameID : 678
Tcw:
[0.98087555, -0.12609972, 0.14826339, 1.5718228;
 0.18046875, 0.30392528, -0.93544668, -0.35053003;
 0.072898567, 0.94431365, 0.32086992, 4.6412187;
 0, 0, 0, 1]
Twc:
[0.98087555, 0.18046875, 0.072898567, -1.8168409;
 -0.12609972, 0.30392528, 0.94431365, -4.0780249;
 0.14826339, -0.93544668, 0.32086992, -2.0501733;
 0, 0, 0, 1]
Ow:
[1.5718228;
 -0.35053003;
 4.6412187]
Keyframe: 86 Frame: 685 Frame from vFrameID : 686
Tcw:
[0.9848749, -0.15433833, 0.078747049, 1.6579897;
 0.12388308, 0.30949441, -0.94279701, -0.28329039;
 0.12113795, 0.93829256, 0.32393318, 4.7018971;
 0, 0, 0, 1]
Twc:
[0.9848749, 0.12388308, 0.12113795, -2.1673958;
 -0.15433833, 0.30949441, 0.93829256, -4.0681868;
 0.078747049, -0.94279701, 0.32393318, -1.9207475;
 0, 0, 0, 1]
Ow:
[1.6579897;
 -0.28329039;
 4.7018971]
Keyframe: 87 Frame: 692 Frame from vFrameID : 693
Tcw:
[0.98802704, -0.14420423, 0.05484242, 1.6459377;
 0.098421656, 0.31538978, -0.9438445, -0.31577241;
 0.11880963, 0.93794161, 0.32580647, 4.7215648;
 0, 0, 0, 1]
Twc:
[0.98802704, 0.098421656, 0.11880963, -2.1561196;
 -0.14420423, 0.31538978, 0.93794161, -4.091609;
 0.05484242, -0.9438445, 0.32580647, -1.9266235;
 0, 0, 0, 1]
Ow:
[1.6459377;
 -0.31577241;
 4.7215648]
Keyframe: 88 Frame: 699 Frame from vFrameID : 700
Tcw:
[0.98876244, -0.13192162, 0.070324637, 1.6829458;
 0.10818589, 0.30677468, -0.94561362, -0.33054471;
 0.10317305, 0.94259536, 0.31759933, 4.7591996;
 0, 0, 0, 1]
Twc:
[0.98876244, 0.10818589, 0.10317305, -2.1192944;
 -0.13192162, 0.30677468, 0.94259536, -4.16258;
 0.070324637, -0.94561362, 0.31759933, -1.9424387;
 0, 0, 0, 1]
Ow:
[1.6829458;
 -0.33054471;
 4.7591996]
Keyframe: 89 Frame: 707 Frame from vFrameID : 708
Tcw:
[0.98355949, -0.13888934, 0.11541425, 1.6680442;
 0.15321629, 0.30355078, -0.94041568, -0.36458504;
 0.095579639, 0.94263816, 0.31984037, 4.7943482;
 0, 0, 0, 1]
Twc:
[0.98355949, 0.15321629, 0.095579639, -2.0430024;
 -0.13888934, 0.30355078, 0.94263816, -4.1769919;
 0.11541425, -0.94041568, 0.31984037, -2.0688038;
 0, 0, 0, 1]
Ow:
[1.6680442;
 -0.36458504;
 4.7943482]
Keyframe: 90 Frame: 715 Frame from vFrameID : 716
Tcw:
[0.97834134, -0.17122681, 0.11631662, 1.6892341;
 0.16533165, 0.30826059, -0.93682486, -0.33468413;
 0.12455371, 0.93576533, 0.32989329, 4.8743358;
 0, 0, 0, 1]
Twc:
[0.97834134, 0.16533165, 0.12455371, -2.2044303;
 -0.17122681, 0.30826059, 0.93576533, -4.1688223;
 0.11631662, -0.93682486, 0.32989329, -2.1180372;
 0, 0, 0, 1]
Ow:
[1.6892341;
 -0.33468413;
 4.8743358]
Keyframe: 91 Frame: 723 Frame from vFrameID : 724
Tcw:
[0.98261708, -0.15399244, 0.10368235, 1.693701;
 0.14620931, 0.29778755, -0.94336921, -0.34410048;
 0.11439642, 0.94212997, 0.31512627, 4.9233527;
 0, 0, 0, 1]
Twc:
[0.98261708, 0.14620931, 0.11439642, -2.1771626;
 -0.15399244, 0.29778755, 0.94212997, -4.2751522;
 0.10368235, -0.94336921, 0.31512627, -2.0516984;
 0, 0, 0, 1]
Ow:
[1.693701;
 -0.34410048;
 4.9233527]
Keyframe: 92 Frame: 731 Frame from vFrameID : 732
Tcw:
[0.98601162, -0.13673861, 0.095308356, 1.720962;
 0.13400729, 0.31033474, -0.94113463, -0.38122773;
 0.099111952, 0.94074166, 0.32431763, 4.9502773;
