Keyframe: 0 Frame: 0 Frame from vFrameID : 68
Tcw:
[0.98882043, -0.043658901, 0.14257668, 2.1264827;
 0.14703505, 0.44450077, -0.88362873, -0.32060122;
 -0.024797184, 0.89471388, 0.44595084, 5.5527477;
 0, 0, 0, 1]
Twc:
[0.98882043, 0.14703505, -0.024797184, -1.9178773;
 -0.043658901, 0.44450077, 0.89471388, -4.7327728;
 0.14257668, -0.88362873, 0.44595084, -3.0627317;
 0, 0, 0, 1]
Ow:
[2.1264827;
 -0.32060122;
 5.5527477]
Keyframe: 1 Frame: 813 Frame from vFrameID : 68
Tcw:
[0.98780757, -0.049215082, 0.14769591, 0.023003325;
 0.15422532, 0.43874109, -0.88528007, -0.0021015108;
 -0.021231135, 0.89726478, 0.44098198, 0.060218044;
 0, 0, 0, 1]
Twc:
[0.98780757, 0.15422532, -0.021231135, -0.021120256;
 -0.049215082, 0.43874109, 0.89726478, -0.0519774;
 0.14769591, -0.88528007, 0.44098198, -0.031812996;
 0, 0, 0, 1]
Ow:
[0.023003325;
 -0.0021015108;
 0.060218044]
