Keyframe: 0 Frame: 0 Frame from vFrameID : 68
Tcw:
[0.98749602, -0.15607612, 0.022177963, 1.6901205;
 0.081379913, 0.3842122, -0.91965115, -0.27424657;
 0.13501455, 0.90995669, 0.39210948, 4.1521215;
 0, 0, 0, 1]
Twc:
[0.98749602, 0.081379913, 0.13501455, -2.2072659;
 -0.15607612, 0.3842122, 0.90995669, -3.4090948;
 0.022177963, -0.91965115, 0.39210948, -1.9177809;
 0, 0, 0, 1]
Ow:
[1.6901205;
 -0.27424657;
 4.1521215]
Keyframe: 1 Frame: 602 Frame from vFrameID : 68
Tcw:
[0.98586941, -0.14728826, 0.079797439, -0.0064143781;
 0.12991185, 0.37150726, -0.91929609, -0.14507535;
 0.10575619, 0.91667253, 0.38539213, 0.17283827;
 0, 0, 0, 1]
Twc:
[0.98586941, 0.12991185, 0.10575619, 0.0068920297;
 -0.14728826, 0.37150726, 0.91667253, -0.10548431;
 0.079797439, -0.91929609, 0.38539213, -0.19946587;
 0, 0, 0, 1]
Ow:
[-0.0064143781;
 -0.14507535;
 0.17283827]
