Keyframe: 0 Frame: 0 Frame from vFrameID : 68
Tcw:
[0.98848242, -0.095796138, 0.11715642, 2.0796971;
 0.1469731, 0.42313373, -0.89406753, -0.31429505;
 0.036075383, 0.90098888, 0.43233973, 5.3756099;
 0, 0, 0, 1]
Twc:
[0.98848242, 0.1469731, 0.036075383, -2.2034781;
 -0.095796138, 0.42313373, 0.90098888, -4.5111489;
 0.11715642, -0.89406753, 0.43233973, -2.8487403;
 0, 0, 0, 1]
Ow:
[2.0796971;
 -0.31429505;
 5.3756099]
Keyframe: 1 Frame: 778 Frame from vFrameID : 68
Tcw:
[0.40949607, -0.90299141, 0.13007507, 0.20678887;
 0.46381831, 0.083283901, -0.882007, 0.17734273;
 0.78561157, 0.42150959, 0.45292836, 0.68230623;
 0, 0, 0, 1]
Twc:
[0.40949607, 0.46381831, 0.78561157, -0.70296174;
 -0.90299141, 0.083283901, 0.42150959, -0.11563987;
 0.13007507, -0.882007, 0.45292836, -0.17951643;
 0, 0, 0, 1]
Ow:
[0.20678887;
 0.17734273;
 0.68230623]
