Keyframe: 0 Frame: 0 Frame from vFrameID : 68
Tcw:
[0.99472892, 0.008695432, 0.10217012, 0.54641539;
 0.091538608, 0.37369308, -0.92302448, -0.054984033;
 -0.046206363, 0.92751163, 0.37092733, 1.2553661;
 0, 0, 0, 1]
Twc:
[0.99472892, 0.091538608, -0.046206363, -0.48049611;
 0.008695432, 0.37369308, 0.92751163, -1.1485709;
 0.10217012, -0.92302448, 0.37092733, -0.57222855;
 0, 0, 0, 1]
Ow:
[0.54641539;
 -0.054984033;
 1.2553661]
Keyframe: 1 Frame: 217 Frame from vFrameID : 68
Tcw:
[0.99695492, -0.0027421236, 0.07793197, 0.0083109383;
 0.073949143, 0.35040429, -0.93367463, 0.00035948725;
 -0.024747446, 0.93659455, 0.34954005, 0.014958865;
 0, 0, 0, 1]
Twc:
[0.99695492, 0.073949143, -0.024747446, -0.00794202;
 -0.0027421236, 0.35040429, 0.93659455, -0.014113567;
 0.07793197, -0.93367463, 0.34954005, -0.0055407658;
 0, 0, 0, 1]
Ow:
[0.0083109383;
 0.00035948725;
 0.014958865]
