Keyframe: 0 Frame: 0 Frame from vFrameID : 68
Tcw:
[0.99365187, -0.090396784, 0.066965342, 1.5412781;
 0.097223617, 0.39054459, -0.91543567, -0.25466263;
 0.05659949, 0.91613501, 0.39685407, 3.8287904;
 0, 0, 0, 1]
Twc:
[0.99365187, 0.097223617, 0.05659949, -1.7234424;
 -0.090396784, 0.39054459, 0.91613501, -3.2689054;
 0.066965342, -0.91543567, 0.39685407, -1.8558105;
 0, 0, 0, 1]
Ow:
[1.5412781;
 -0.25466263;
 3.8287904]
Keyframe: 1 Frame: 553 Frame from vFrameID : 68
Tcw:
[0.99375826, -0.10535604, 0.036669172, 0.020908918;
 0.076003179, 0.39881647, -0.91387576, -0.0084507819;
 0.081658058, 0.91095859, 0.40433455, 0.055153549;
 0, 0, 0, 1]
Twc:
[0.99375826, 0.076003179, 0.081658058, -0.024639854;
 -0.10535604, 0.39881647, 0.91095859, -0.044669405;
 0.036669172, -0.91387576, 0.40433455, -0.030790161;
 0, 0, 0, 1]
Ow:
[0.020908918;
 -0.0084507819;
 0.055153549]
