Keyframe: 0 Frame: 0 Frame from vFrameID : 68
Tcw:
[0.99188519, -0.020377856, 0.12549314, 2.1570978;
 0.12254119, 0.41622713, -0.90096539, -0.31904507;
 -0.033873908, 0.90903229, 0.41534665, 5.6009293;
 0, 0, 0, 1]
Twc:
[0.99188519, 0.12254119, -0.033873908, -1.9107717;
 -0.020377856, 0.41622713, 0.90903229, -4.9146738;
 0.12549314, -0.90096539, 0.41534665, -2.8844771;
 0, 0, 0, 1]
Ow:
[2.1570978;
 -0.31904507;
 5.6009293]
Keyframe: 1 Frame: 823 Frame from vFrameID : 68
Tcw:
[0.99327219, -0.030318942, 0.11176387, 0.029836521;
 0.11383361, 0.43287593, -0.89423728, -0.0011896156;
 -0.021267561, 0.90094352, 0.43341494, 0.063971139;
 0, 0, 0, 1]
Twc:
[0.99327219, 0.11383361, -0.021267561, -0.028139858;
 -0.030318942, 0.43287593, 0.90094352, -0.056214813;
 0.11176387, -0.89423728, 0.43341494, -0.03212449;
 0, 0, 0, 1]
Ow:
[0.029836521;
 -0.0011896156;
 0.063971139]
