Keyframe: 0 Frame: 0 Frame from vFrameID : 68
Tcw:
[0.99099213, -0.037339587, 0.12860943, 2.1448443;
 0.13219281, 0.42649418, -0.89477807, -0.32213473;
 -0.021440534, 0.90371925, 0.4275884, 5.5777988;
 0, 0, 0, 1]
Twc:
[0.99099213, 0.13219281, -0.021440534, -1.963349;
 -0.037339587, 0.42649418, 0.90371925, -4.823288;
 0.12860943, -0.89477807, 0.4275884, -2.9490883;
 0, 0, 0, 1]
Ow:
[2.1448443;
 -0.32213473;
 5.5777988]
Keyframe: 1 Frame: 818 Frame from vFrameID : 68
Tcw:
[0.99258649, -0.018000737, 0.12020018, 0.017558385;
 0.1170026, 0.4092356, -0.9048959, -0.0041718781;
 -0.032901399, 0.91225117, 0.40830785, 0.053457614;
 0, 0, 0, 1]
Twc:
[0.99258649, 0.1170026, -0.032901399, -0.015181265;
 -0.018000737, 0.4092356, 0.91225117, -0.046743423;
 0.12020018, -0.9048959, 0.40830785, -0.027712801;
 0, 0, 0, 1]
Ow:
[0.017558385;
 -0.0041718781;
 0.053457614]
