Keyframe: 0 Frame: 0 Frame from vFrameID : 68
Tcw:
[0.99786747, -0.041365422, 0.050492126, 1.0164984;
 0.062211141, 0.36857775, -0.92751294, -0.16472721;
 0.019756692, 0.92867613, 0.37036511, 2.4810762;
 0, 0, 0, 1]
Twc:
[0.99786747, 0.062211141, 0.019756692, -1.0531007;
 -0.041365422, 0.36857775, 0.92867613, -2.2013535;
 0.050492126, -0.92751294, 0.37036511, -1.1230159;
 0, 0, 0, 1]
Ow:
[1.0164984;
 -0.16472721;
 2.4810762]
Keyframe: 1 Frame: 363 Frame from vFrameID : 68
Tcw:
[0.99619567, -0.037691437, 0.078571938, -0.019275703;
 0.086705253, 0.33826694, -0.9370473, -0.0034390455;
 0.0087403711, 0.9402951, 0.34024808, -0.049329646;
 0, 0, 0, 1]
Twc:
[0.99619567, 0.086705253, 0.0087403711, 0.019931715;
 -0.037691437, 0.33826694, 0.9402951, 0.046821207;
 0.078571938, -0.9370473, 0.34024808, 0.015076299;
 0, 0, 0, 1]
Ow:
[-0.019275703;
 -0.0034390455;
 -0.049329646]
