Keyframe: 0 Frame: 0 Frame from vFrameID : 68
Tcw:
[0.98893565, -0.09874557, 0.11070517, 2.0696106;
 0.1423306, 0.42124733, -0.89570791, -0.31263328;
 0.041812934, 0.90155423, 0.430641, 5.3499689;
 0, 0, 0, 1]
Twc:
[0.98893565, 0.1423306, 0.041812934, -2.2259121;
 -0.09874557, 0.42124733, 0.90155423, -4.487226;
 0.11070517, -0.89570791, 0.430641, -2.8130608;
 0, 0, 0, 1]
Ow:
[2.0696106;
 -0.31263328;
 5.3499689]
Keyframe: 1 Frame: 773 Frame from vFrameID : 68
Tcw:
[0.98746419, -0.093298532, 0.12731791, 0.078796536;
 0.15509307, 0.42359143, -0.89247769, -0.018241219;
 0.029336086, 0.9010359, 0.43275133, 0.20436725;
 0, 0, 0, 1]
Twc:
[0.98746419, 0.15509307, 0.029336086, -0.080975004;
 -0.093298532, 0.42359143, 0.9010359, -0.16906381;
 0.12731791, -0.89247769, 0.43275133, -0.11475229;
 0, 0, 0, 1]
Ow:
[0.078796536;
 -0.018241219;
 0.20436725]
