Keyframe: 0 Frame: 0 Frame from vFrameID : 68
Tcw:
[0.98844242, -0.13864022, 0.061322719, 1.887632;
 0.11068884, 0.38363463, -0.91682738, -0.29280186;
 0.10358363, 0.91301882, 0.39454666, 4.7722692;
 0, 0, 0, 1]
Twc:
[0.98844242, 0.11068884, 0.10358363, -2.3277347;
 -0.13864022, 0.38363463, 0.91301882, -3.9831414;
 0.061322719, -0.91682738, 0.39454666, -2.2670865;
 0, 0, 0, 1]
Ow:
[1.887632;
 -0.29280186;
 4.7722692]
Keyframe: 1 Frame: 689 Frame from vFrameID : 68
Tcw:
[0.98964888, -0.13093589, 0.058744423, 0.016874475;
 0.10528992, 0.38431799, -0.91717702, -0.0015761815;
 0.097514853, 0.91386843, 0.39412609, 0.044775702;
 0, 0, 0, 1]
Twc:
[0.98964888, 0.10528992, 0.097514853, -0.020900145;
 -0.13093589, 0.38431799, 0.91386843, -0.038103871;
 0.058744423, -0.91717702, 0.39412609, -0.020084193;
 0, 0, 0, 1]
Ow:
[0.016874475;
 -0.0015761815;
 0.044775702]
