Keyframe: 0 Frame: 0 Frame from vFrameID : 68
Tcw:
[0.9967292, -0.054067045, 0.060063895, 1.1210845;
 0.076741606, 0.40027487, -0.91317618, -0.18521166;
 0.02533067, 0.91479874, 0.40311486, 2.7943394;
 0, 0, 0, 1]
Twc:
[0.9967292, 0.076741606, 0.02533067, -1.1739867;
 -0.054067045, 0.40027487, 0.91479874, -2.4215088;
 0.060063895, -0.91317618, 0.40311486, -1.3629073;
 0, 0, 0, 1]
Ow:
[1.1210845;
 -0.18521166;
 2.7943394]
Keyframe: 1 Frame: 407 Frame from vFrameID : 68
Tcw:
[0.99573565, -0.064487159, 0.065969527, 0.030791651;
 0.086999774, 0.41855255, -0.9040159, -0.00040289573;
 0.030685706, 0.90590018, 0.42237806, 0.051303498;
 0, 0, 0, 1]
Twc:
[0.99573565, 0.086999774, 0.030685706, -0.032199576;
 -0.064487159, 0.41855255, 0.90590018, -0.044321548;
 0.065969527, -0.9040159, 0.42237806, -0.024065008;
 0, 0, 0, 1]
Ow:
[0.030791651;
 -0.00040289573;
 0.051303498]
