Keyframe: 0 Frame: 0 Frame from vFrameID : 68
Tcw:
[0.99563313, -0.058172043, 0.073011227, 1.3110946;
 0.091130495, 0.43604708, -0.89529783, -0.20787036;
 0.020244967, 0.89804173, 0.43944418, 3.2122998;
 0, 0, 0, 1]
Twc:
[0.99563313, 0.091130495, 0.020244967, -1.351459;
 -0.058172043, 0.43604708, 0.89804173, -2.717869;
 0.073011227, -0.89529783, 0.43944418, -1.6934569;
 0, 0, 0, 1]
Ow:
[1.3110946;
 -0.20787036;
 3.2122998]
Keyframe: 1 Frame: 464 Frame from vFrameID : 68
Tcw:
[0.99588233, -0.038402811, 0.082119435, 0.01402917;
 0.090651788, 0.4139114, -0.90579224, -0.0052807238;
 0.00079479831, 0.9095068, 0.41568834, 0.041700952;
 0, 0, 0, 1]
Twc:
[0.99588233, 0.090651788, 0.00079479831, -0.01352584;
 -0.038402811, 0.4139114, 0.9095068, -0.035202783;
 0.082119435, -0.90579224, 0.41568834, -0.023269903;
 0, 0, 0, 1]
Ow:
[0.01402917;
 -0.0052807238;
 0.041700952]
