Keyframe: 0 Frame: 0 Frame from vFrameID : 68
Tcw:
[0.98850292, -0.14336872, 0.048035633, 2.1208723;
 0.10699297, 0.43876365, -0.89221019, -0.32014251;
 0.10683873, 0.88709182, 0.44905859, 5.4585948;
 0, 0, 0, 1]
Twc:
[0.98850292, 0.10699297, 0.10683873, -2.6454246;
 -0.14336872, 0.43876365, 0.88709182, -4.3977413;
 0.048035633, -0.89221019, 0.44905859, -2.8387406;
 0, 0, 0, 1]
Ow:
[2.1208723;
 -0.32014251;
 5.4585948]
Keyframe: 1 Frame: 793 Frame from vFrameID : 68
Tcw:
[0.98717093, -0.15131225, 0.050972328, 0.044421639;
 0.11268179, 0.43404472, -0.89381653, -0.0062337741;
 0.11312111, 0.88809335, 0.44552645, 0.11603909;
 0, 0, 0, 1]
Twc:
[0.98717093, 0.11268179, 0.11312111, -0.056275789;
 -0.15131225, 0.43404472, 0.88809335, -0.093626268;
 0.050972328, -0.89381653, 0.44552645, -0.059534609;
 0, 0, 0, 1]
Ow:
[0.044421639;
 -0.0062337741;
 0.11603909]
