Keyframe: 0 Frame: 0 Frame from vFrameID : 68
Tcw:
[0.99518901, -0.047229845, 0.085838094, 1.420164;
 0.097561784, 0.39747912, -0.91241002, -0.22798038;
 0.0089741331, 0.91639495, 0.40017468, 3.526058;
 0, 0, 0, 1]
Twc:
[0.99518901, 0.097561784, 0.0089741331, -1.4227327;
 -0.047229845, 0.39747912, 0.91639495, -3.07357;
 0.085838094, -0.91241002, 0.40017468, -1.7409549;
 0, 0, 0, 1]
Ow:
[1.420164;
 -0.22798038;
 3.526058]
Keyframe: 1 Frame: 509 Frame from vFrameID : 68
Tcw:
[0.99515742, -0.024060246, 0.095303796, 0.053898118;
 0.096825972, 0.40689972, -0.90832669, -0.0098559335;
 -0.016924525, 0.91315591, 0.40725893, 0.13503186;
 0, 0, 0, 1]
Twc:
[0.99515742, 0.096825972, -0.016924525, -0.050397452;
 -0.024060246, 0.40689972, 0.91315591, -0.11799797;
 0.095303796, -0.90832669, 0.40725893, -0.069082037;
 0, 0, 0, 1]
Ow:
[0.053898118;
 -0.0098559335;
 0.13503186]
