Keyframe: 0 Frame: 0 Frame from vFrameID : 68
Tcw:
[0.99556804, -0.047462419, 0.081189029, 1.330796;
 0.093445182, 0.40194795, -0.91088194, -0.21161628;
 0.010598896, 0.91443163, 0.40460163, 3.2927599;
 0, 0, 0, 1]
Twc:
[0.99556804, 0.093445182, 0.010598896, -1.3400229;
 -0.047462419, 0.40194795, 0.91443163, -2.8627822;
 0.081189029, -0.91088194, 0.40460163, -1.6330596;
 0, 0, 0, 1]
Ow:
[1.330796;
 -0.21161628;
 3.2927599]
Keyframe: 1 Frame: 474 Frame from vFrameID : 68
Tcw:
[0.99544466, -0.040895123, 0.086124949, 0.0097708916;
 0.09533789, 0.41959912, -0.90268892, -0.00070303399;
 0.00077762303, 0.90678781, 0.42158654, 0.025373746;
 0, 0, 0, 1]
Twc:
[0.99544466, 0.09533789, 0.00077762303, -0.0096790874;
 -0.040895123, 0.41959912, 0.90678781, -0.022314029;
 0.086124949, -0.90268892, 0.42158654, -0.012173369;
 0, 0, 0, 1]
Ow:
[0.0097708916;
 -0.00070303399;
 0.025373746]
