Keyframe: 0 Frame: 0 Frame from vFrameID : 68
Tcw:
[0.99744594, -0.06099885, 0.037157521, 0.72045135;
 0.058411393, 0.39724365, -0.91585237, -0.096927822;
 0.041105356, 0.91568369, 0.3997921, 1.6268651;
 0, 0, 0, 1]
Twc:
[0.99744594, 0.058411393, 0.041105356, -0.77982247;
 -0.06099885, 0.39724365, 0.91568369, -1.4072431;
 0.037157521, -0.91585237, 0.3997921, -0.76594955;
 0, 0, 0, 1]
Ow:
[0.72045135;
 -0.096927822;
 1.6268651]
Keyframe: 1 Frame: 259 Frame from vFrameID : 68
Tcw:
[0.99826008, -0.043463029, 0.039847441, 0.017306235;
 0.05401906, 0.40318051, -0.91352469, -0.0025010929;
 0.023638837, 0.91408777, 0.40482685, 0.046760224;
 0, 0, 0, 1]
Twc:
[0.99826008, 0.05401906, 0.023638837, -0.018246373;
 -0.043463029, 0.40318051, 0.91408777, -0.040982377;
 0.039847441, -0.91352469, 0.40482685, -0.021904215;
 0, 0, 0, 1]
Ow:
[0.017306235;
 -0.0025010929;
 0.046760224]
