Keyframe: 0 Frame: 0 Frame from vFrameID : 68
Tcw:
[0.99748969, -0.069365807, 0.014238486, 1.0239768;
 0.040448457, 0.39309472, -0.91860789, -0.1652891;
 0.058122903, 0.91687781, 0.39491367, 2.4317069;
 0, 0, 0, 1]
Twc:
[0.99748969, 0.040448457, 0.058122903, -1.1560584;
 -0.069365807, 0.39309472, 0.91687781, -2.0935748;
 0.014238486, -0.91860789, 0.39491367, -1.12673;
 0, 0, 0, 1]
Ow:
[1.0239768;
 -0.1652891;
 2.4317069]
Keyframe: 1 Frame: 357 Frame from vFrameID : 68
Tcw:
[0.99794149, -0.05959221, 0.023696804, 0.0073177693;
 0.045156147, 0.39056754, -0.91946608, -0.0034533357;
 0.045537811, 0.91864341, 0.39245453, 0.024634825;
 0, 0, 0, 1]
Twc:
[0.99794149, 0.045156147, 0.045537811, -0.0082685826;
 -0.05959221, 0.39056754, 0.91864341, -0.020845776;
 0.023696804, -0.91946608, 0.39245453, -0.013016681;
 0, 0, 0, 1]
Ow:
[0.0073177693;
 -0.0034533357;
 0.024634825]
