Keyframe: 0 Frame: 0 Frame from vFrameID : 68
Tcw:
[0.99650019, -0.069806114, 0.045982786, 0.89827955;
 0.069210082, 0.38053712, -0.92217213, -0.12441725;
 0.046875097, 0.92212719, 0.38403663, 2.1010656;
 0, 0, 0, 1]
Twc:
[0.99650019, 0.069210082, 0.046875097, -0.98501253;
 -0.069806114, 0.38053712, 0.92212719, -1.827399;
 0.045982786, -0.92217213, 0.38403663, -0.96292567;
 0, 0, 0, 1]
Ow:
[0.89827955;
 -0.12441725;
 2.1010656]
Keyframe: 1 Frame: 314 Frame from vFrameID : 68
Tcw:
[0.996966, -0.076753676, 0.012949614, 0.020620849;
 0.041191041, 0.3790668, -0.92445207, -0.0053650048;
 0.066046327, 0.92218071, 0.38107824, 0.040586699;
 0, 0, 0, 1]
Twc:
[0.996966, 0.041191041, 0.066046327, -0.023017898;
 -0.076753676, 0.3790668, 0.92218071, -0.033811849;
 0.012949614, -0.92445207, 0.38107824, -0.020693431;
 0, 0, 0, 1]
Ow:
[0.020620849;
 -0.0053650048;
 0.040586699]
