Keyframe: 0 Frame: 0 Frame from vFrameID : 68
Tcw:
[0.9957692, -0.029296424, 0.087094516, 1.2567014;
 0.091531426, 0.39986196, -0.91199362, -0.20064616;
 -0.0081076305, 0.91610706, 0.40085176, 3.0972457;
 0, 0, 0, 1]
Twc:
[0.9957692, 0.091531426, -0.0081076305, -1.2079077;
 -0.029296424, 0.39986196, 0.91610706, -2.720361;
 0.087094516, -0.91199362, 0.40085176, -1.5339763;
 0, 0, 0, 1]
Ow:
[1.2567014;
 -0.20064616;
 3.0972457]
Keyframe: 1 Frame: 448 Frame from vFrameID : 68
Tcw:
[0.9959532, -0.048892219, 0.075410455, 0.093490496;
 0.088556051, 0.3907463, -0.91622877, -0.012796409;
 0.0153301, 0.91919905, 0.39349473, 0.2311997;
 0, 0, 0, 1]
Twc:
[0.9959532, 0.088556051, 0.0153301, -0.095523283;
 -0.048892219, 0.3907463, 0.91919905, -0.20294742;
 0.075410455, -0.91622877, 0.39349473, -0.10975046;
 0, 0, 0, 1]
Ow:
[0.093490496;
 -0.012796409;
 0.2311997]
