Keyframe: 0 Frame: 0 Frame from vFrameID : 68
Tcw:
[0.99642467, -0.064024061, 0.055125419, 1.5047832;
 0.07649307, 0.40663305, -0.91038364, -0.24073315;
 0.035870641, 0.91134542, 0.41007659, 3.690249;
 0, 0, 0, 1]
Twc:
[0.99642467, 0.07649307, 0.035870641, -1.6133603;
 -0.064024061, 0.40663305, 0.91134542, -3.168859;
 0.055125419, -0.91038364, 0.41007659, -1.8153961;
 0, 0, 0, 1]
Ow:
[1.5047832;
 -0.24073315;
 3.690249]
Keyframe: 1 Frame: 534 Frame from vFrameID : 68
Tcw:
[0.99721998, -0.04808889, 0.056918707, 0.019642523;
 0.070962012, 0.37988162, -0.92230922, -0.0025711451;
 0.022730457, 0.92378426, 0.38223806, 0.066788897;
 0, 0, 0, 1]
Twc:
[0.99721998, 0.070962012, 0.022730457, -0.020923605;
 -0.04808889, 0.37988162, 0.92378426, -0.059777219;
 0.056918707, -0.92230922, 0.38223806, -0.029018678;
 0, 0, 0, 1]
Ow:
[0.019642523;
 -0.0025711451;
 0.066788897]
