Keyframe: 0 Frame: 0 Frame from vFrameID : 68
Tcw:
[0.99478793, 0.00416472, 0.10188067, 0.42421454;
 0.09275654, 0.37799445, -0.92114949, -0.046030879;
 -0.042346656, 0.92579848, 0.37563798, 0.92857552;
 0, 0, 0, 1]
Twc:
[0.99478793, 0.09275654, -0.042346656, -0.37841177;
 0.00416472, 0.37799445, 0.92579848, -0.84404117;
 0.10188067, -0.92114949, 0.37563798, -0.43442884;
 0, 0, 0, 1]
Ow:
[0.42421454;
 -0.046030879;
 0.92857552]
Keyframe: 1 Frame: 178 Frame from vFrameID : 68
Tcw:
[0.99327028, -0.016721072, 0.11460602, 0.033759449;
 0.11241072, 0.37748018, -0.91916949, -0.0023066718;
 -0.027891999, 0.92586666, 0.37681946, 0.072593972;
 0, 0, 0, 1]
Twc:
[0.99327028, 0.11241072, -0.027891999, -0.031248173;
 -0.016721072, 0.37748018, 0.92586666, -0.065777123;
 0.11460602, -0.91916949, 0.37681946, -0.033344083;
 0, 0, 0, 1]
Ow:
[0.033759449;
 -0.0023066718;
 0.072593972]
