Keyframe: 0 Frame: 0 Frame from vFrameID : 110
Tcw:
[1, 0, 0, 0;
 0, 1, 0, 0;
 0, 0, 1, 0;
 0, 0, 0, 1]
Twc:
[1, 0, 0, 0;
 0, 1, 0, 0;
 0, 0, 1, 0;
 0, 0, 0, 1]
Ow:
[0;
 0;
 0]
Keyframe: 1 Frame: 109 Frame from vFrameID : 110
Tcw:
[0.99850392, 0.028447164, -0.046697371, 0.034292944;
 -0.028757345, 0.99956852, -0.0059839091, -0.0084180674;
 0.046506997, 0.0073178494, 0.99889117, 0.064693153;
 0, 0, 0, 1]
Twc:
[0.99850392, -0.028757345, 0.046506997, -0.037492406;
 0.028447164, 0.99956852, 0.0073178494, 0.0069654831;
 -0.046697371, -0.0059839091, 0.99889117, -0.063070394;
 0, 0, 0, 1]
Ow:
[0.034292944;
 -0.0084180674;
 0.064693153]
Keyframe: 2 Frame: 111 Frame from vFrameID : 112
Tcw:
[0.99883932, 0.018677803, -0.044398293, 0.036511406;
 -0.019307349, 0.99971843, -0.013793235, -0.0083681364;
 0.044128165, 0.014634438, 0.99891871, 0.069255643;
 0, 0, 0, 1]
Twc:
[0.99883932, -0.019307349, 0.044128165, -0.039686713;
 0.018677803, 0.99971843, 0.014634438, 0.0066703102;
 -0.044398293, -0.013793235, 0.99891871, -0.067675136;
 0, 0, 0, 1]
Ow:
[0.036511406;
 -0.0083681364;
 0.069255643]
Keyframe: 3 Frame: 113 Frame from vFrameID : 114
Tcw:
[0.9992184, 0.019281765, -0.034507513, 0.03803223;
 -0.01974884, 0.99971724, -0.01324616, -0.0085518258;
 0.034242347, 0.013917291, 0.99931663, 0.074469469;
 0, 0, 0, 1]
Twc:
[0.9992184, -0.01974884, 0.034242347, -0.040721405;
 0.019281765, 0.99971724, 0.013917291, 0.0067796656;
 -0.034507513, -0.01324616, 0.99931663, -0.073219463;
 0, 0, 0, 1]
Ow:
[0.03803223;
 -0.0085518258;
 0.074469469]
Keyframe: 4 Frame: 115 Frame from vFrameID : 116
Tcw:
[0.9993614, 0.018163152, -0.030771976, 0.038713124;
 -0.018367538, 0.99981099, -0.0063723028, -0.0088452892;
 0.030650418, 0.0069334386, 0.99950612, 0.079479925;
 0, 0, 0, 1]
Twc:
[0.9993614, -0.018367538, 0.030650418, -0.04128696;
 0.018163152, 0.99981099, 0.0069334386, 0.0075893961;
 -0.030771976, -0.0063723028, 0.99950612, -0.078305759;
 0, 0, 0, 1]
Ow:
[0.038713124;
 -0.0088452892;
 0.079479925]
Keyframe: 5 Frame: 117 Frame from vFrameID : 118
Tcw:
[0.99934953, 0.014283794, -0.033113893, 0.042265471;
 -0.014431525, 0.99988693, -0.0042266026, -0.0097563677;
 0.033049777, 0.0047017373, 0.99944264, 0.085136734;
 0, 0, 0, 1]
Twc:
[0.99934953, -0.014431525, 0.033049777, -0.045192529;
 0.014283794, 0.99988693, 0.0047017373, 0.008751262;
 -0.033113893, -0.0042266026, 0.99944264, -0.083730951;
 0, 0, 0, 1]
Ow:
[0.042265471;
 -0.0097563677;
 0.085136734]
Keyframe: 6 Frame: 119 Frame from vFrameID : 120
Tcw:
[0.99934804, 0.01767133, -0.031484257, 0.048290357;
 -0.01779479, 0.99983501, -0.0036454229, -0.0095838718;
 0.031414643, 0.0042033019, 0.99949759, 0.090929918;
 0, 0, 0, 1]
Twc:
[0.99934804, -0.01779479, 0.031414643, -0.051285945;
 0.01767133, 0.99983501, 0.0042033019, 0.0083467299;
 -0.031484257, -0.0036454229, 0.99949759, -0.089398786;
 0, 0, 0, 1]
Ow:
[0.048290357;
 -0.0095838718;
 0.090929918]
Keyframe: 7 Frame: 122 Frame from vFrameID : 123
Tcw:
[0.99860573, 0.025670525, -0.046125773, 0.056722753;
 -0.025921376, 0.99965221, -0.0048484141, -0.0088629313;
 0.04598527, 0.0060372977, 0.9989239, 0.10158495;
 0, 0, 0, 1]
Twc:
[0.99860573, -0.025921376, 0.04598527, -0.061544821;
 0.025670525, 0.99965221, 0.0060372977, 0.006790448;
 -0.046125773, -0.0048484141, 0.9989239, -0.098902218;
 0, 0, 0, 1]
Ow:
[0.056722753;
 -0.0088629313;
 0.10158495]
Keyframe: 8 Frame: 125 Frame from vFrameID : 126
Tcw:
[0.99765176, 0.037865587, -0.057071246, 0.070797406;
 -0.038756728, 0.99914217, -0.014589055, -0.012745035;
 0.056469865, 0.016766692, 0.99826354, 0.11017838;
 0, 0, 0, 1]
Twc:
[0.99765176, -0.038756728, 0.056469865, -0.077346876;
 0.037865587, 0.99914217, 0.016766692, 0.0082059894;
 -0.057071246, -0.014589055, 0.99826354, -0.1061325;
 0, 0, 0, 1]
Ow:
[0.070797406;
 -0.012745035;
 0.11017838]
Keyframe: 9 Frame: 128 Frame from vFrameID : 129
Tcw:
[0.99628752, 0.059781518, -0.061946448, 0.075309001;
 -0.061121434, 0.99793065, -0.019964263, -0.01510787;
 0.060624767, 0.023676401, 0.9978798, 0.1180496;
 0, 0, 0, 1]
Twc:
[0.99628752, -0.061121434, 0.060624767, -0.083109565;
 0.059781518, 0.99793065, 0.023676401, 0.0077795312;
 -0.061946448, -0.019964263, 0.9978798, -0.1134358;
 0, 0, 0, 1]
Ow:
[0.075309001;
 -0.01510787;
 0.1180496]
Keyframe: 10 Frame: 131 Frame from vFrameID : 132
Tcw:
[0.99552518, 0.049289986, -0.080623031, 0.079410426;
 -0.050494064, 0.99864024, -0.012963444, -0.013778569;
 0.079874434, 0.01697642, 0.99666035, 0.12431813;
 0, 0, 0, 1]
Twc:
[0.99552518, -0.050494064, 0.079874434, -0.089680657;
 0.049289986, 0.99864024, 0.01697642, 0.0077352175;
 -0.080623031, -0.012963444, 0.99666035, -0.11767927;
 0, 0, 0, 1]
Ow:
[0.079410426;
 -0.013778569;
 0.12431813]
Keyframe: 11 Frame: 134 Frame from vFrameID : 135
Tcw:
[0.99541104, 0.052423425, -0.080054142, 0.082656384;
 -0.05291589, 0.99859077, -0.0040411414, -0.016330285;
 0.079729483, 0.008258733, 0.9967823, 0.13490641;
 0, 0, 0, 1]
Twc:
[0.99541104, -0.05291589, 0.079729483, -0.093897223;
 0.052423425, 0.99859077, 0.008258733, 0.010859987;
 -0.080054142, -0.0040411414, 0.9967823, -0.12792134;
 0, 0, 0, 1]
Ow:
[0.082656384;
 -0.016330285;
 0.13490641]
Keyframe: 12 Frame: 137 Frame from vFrameID : 138
Tcw:
[0.99663198, 0.046100691, -0.067818783, 0.082119033;
 -0.047329191, 0.99874109, -0.016619772, -0.015374294;
 0.066967227, 0.019773604, 0.99755919, 0.14857742;
 0, 0, 0, 1]
Twc:
[0.99663198, -0.047329191, 0.066967227, -0.092519924;
 0.046100691, 0.99874109, 0.019773604, 0.0086312843;
 -0.067818783, -0.016619772, 0.99755919, -0.14290108;
 0, 0, 0, 1]
Ow:
[0.082119033;
 -0.015374294;
 0.14857742]
Keyframe: 13 Frame: 140 Frame from vFrameID : 141
Tcw:
[0.99766374, 0.039486438, -0.055747937, 0.086203001;
 -0.041154388, 0.99872911, -0.029095024, -0.020416331;
 0.054528229, 0.031321324, 0.99802089, 0.15895866;
 0, 0, 0, 1]
Twc:
[0.99766374, -0.041154388, 0.054528229, -0.095509566;
 0.039486438, 0.99872911, 0.031321324, 0.012007738;
 -0.055747937, -0.029095024, 0.99802089, -0.15443243;
 0, 0, 0, 1]
Ow:
[0.086203001;
 -0.020416331;
 0.15895866]
Keyframe: 14 Frame: 143 Frame from vFrameID : 144
Tcw:
[0.9979713, 0.0412242, -0.048516702, 0.081694894;
 -0.043290686, 0.99816483, -0.042342443, -0.018294187;
 0.046682134, 0.044356864, 0.99792445, 0.16443042;
 0, 0, 0, 1]
Twc:
[0.9979713, -0.043290686, 0.046682134, -0.089997083;
 0.0412242, 0.99816483, 0.044356864, 0.0075991903;
 -0.048516702, -0.042342443, 0.99792445, -0.16090019;
 0, 0, 0, 1]
Ow:
[0.081694894;
 -0.018294187;
 0.16443042]
Keyframe: 15 Frame: 146 Frame from vFrameID : 147
Tcw:
[0.99917072, 0.018183513, -0.036431182, 0.078575894;
 -0.019210169, 0.99942243, -0.028031738, -0.016259562;
 0.035900425, 0.028708342, 0.99894291, 0.17585173;
 0, 0, 0, 1]
Twc:
[0.99917072, -0.019210169, 0.035900425, -0.085136227;
 0.018183513, 0.99942243, 0.028708342, 0.0097729741;
 -0.036431182, -0.028031738, 0.99894291, -0.17325902;
 0, 0, 0, 1]
Ow:
[0.078575894;
 -0.016259562;
 0.17585173]
Keyframe: 16 Frame: 150 Frame from vFrameID : 151
Tcw:
[0.9993788, 0.020701362, -0.028520785, 0.077733718;
 -0.020854548, 0.99976957, -0.0050840713, -0.016525898;
 0.028408967, 0.005675701, 0.99958026, 0.18766594;
 0, 0, 0, 1]
Twc:
[0.9993788, -0.020854548, 0.028408967, -0.083361469;
 0.020701362, 0.99976957, 0.005675701, 0.013847761;
 -0.028520785, -0.0050840713, 0.99958026, -0.18545416;
 0, 0, 0, 1]
Ow:
[0.077733718;
 -0.016525898;
 0.18766594]
Keyframe: 17 Frame: 154 Frame from vFrameID : 155
Tcw:
[0.99918509, 0.02066022, -0.03467387, 0.083512381;
 -0.020875623, 0.99976492, -0.0058617522, -0.017407941;
 0.034544613, 0.0065808143, 0.99938148, 0.20002654;
 0, 0, 0, 1]
Twc:
[0.99918509, -0.020875623, 0.034544613, -0.090717569;
 0.02066022, 0.99976492, 0.0065808143, 0.014362127;
 -0.03467387, -0.0058617522, 0.99938148, -0.19710918;
 0, 0, 0, 1]
Ow:
[0.083512381;
 -0.017407941;
 0.20002654]
Keyframe: 18 Frame: 158 Frame from vFrameID : 159
Tcw:
[0.99883306, 0.030098295, -0.037770167, 0.095273003;
 -0.030756392, 0.99938291, -0.016965246, -0.018214993;
 0.037236232, 0.018107122, 0.99914241, 0.21493311;
 0, 0, 0, 1]
Twc:
[0.99883306, -0.030756392, 0.037236232, -0.10372536;
 0.030098295, 0.99938291, 0.018107122, 0.011444379;
 -0.037770167, -0.016965246, 0.99914241, -0.21145934;
 0, 0, 0, 1]
Ow:
[0.095273003;
 -0.018214993;
 0.21493311]
Keyframe: 19 Frame: 162 Frame from vFrameID : 163
Tcw:
[0.99827182, 0.039160881, -0.043816067, 0.10364934;
 -0.040045775, 0.99900746, -0.019503245, -0.020267235;
 0.043008815, 0.021224188, 0.99884921, 0.22683999;
 0, 0, 0, 1]
Twc:
[0.99827182, -0.040045775, 0.043008815, -0.11403795;
 0.039160881, 0.99900746, 0.021224188, 0.011373626;
 -0.043816067, -0.019503245, 0.99884921, -0.22243272;
 0, 0, 0, 1]
Ow:
[0.10364934;
 -0.020267235;
 0.22683999]
Keyframe: 20 Frame: 166 Frame from vFrameID : 167
Tcw:
[0.9974317, 0.040428143, -0.059123557, 0.10945562;
 -0.041922841, 0.99882621, -0.024262428, -0.021203306;
 0.058073275, 0.026678743, 0.9979558, 0.23792006;
 0, 0, 0, 1]
Twc:
[0.9974317, -0.041922841, 0.058073275, -0.12388019;
 0.040428143, 0.99882621, 0.026678743, 0.010405922;
 -0.059123557, -0.024262428, 0.9979558, -0.23147674;
 0, 0, 0, 1]
Ow:
[0.10945562;
 -0.021203306;
 0.23792006]
Keyframe: 21 Frame: 171 Frame from vFrameID : 172
Tcw:
[0.99774951, 0.038606692, -0.054822225, 0.11361527;
 -0.038648833, 0.9992528, 0.00029170286, -0.020977443;
 0.054792523, 0.0018277686, 0.99849612, 0.25302014;
 0, 0, 0, 1]
Twc:
[0.99774951, -0.038648833, 0.054792523, -0.12803394;
 0.038606692, 0.9992528, 0.0018277686, 0.016112998;
 -0.054822225, 0.00029170286, 0.99849612, -0.24640484;
 0, 0, 0, 1]
Ow:
[0.11361527;
 -0.020977443;
 0.25302014]
Keyframe: 22 Frame: 175 Frame from vFrameID : 176
Tcw:
[0.99796349, 0.034273036, -0.053797599, 0.11632975;
 -0.034603167, 0.9993875, -0.0052168495, -0.024055641;
 0.05358585, 0.007067793, 0.99853826, 0.26872334;
 0, 0, 0, 1]
Twc:
[0.99796349, -0.034603167, 0.05358585, -0.13132502;
 0.034273036, 0.9993875, 0.007067793, 0.018154653;
 -0.053797599, -0.0052168495, 0.99853826, -0.26219773;
 0, 0, 0, 1]
Ow:
[0.11632975;
 -0.024055641;
 0.26872334]
Keyframe: 23 Frame: 179 Frame from vFrameID : 180
Tcw:
[0.99848634, 0.032529183, -0.044350099, 0.11638504;
 -0.033623524, 0.99914259, -0.024156382, -0.024680858;
 0.043526284, 0.025611022, 0.99872398, 0.27951044;
 0, 0, 0, 1]
Twc:
[0.99848634, -0.033623524, 0.043526284, -0.12920478;
 0.032529183, 0.99914259, 0.025611022, 0.013715239;
 -0.044350099, -0.024156382, 0.99872398, -0.27458829;
 0, 0, 0, 1]
Ow:
[0.11638504;
 -0.024680858;
 0.27951044]
Keyframe: 24 Frame: 183 Frame from vFrameID : 184
Tcw:
[0.99934018, 0.019605573, -0.030575864, 0.11910961;
 -0.020440061, 0.9994204, -0.02722289, -0.025265977;
 0.03002442, 0.0278299, 0.99916166, 0.29196155;
 0, 0, 0, 1]
Twc:
[0.99934018, -0.020440061, 0.03002442, -0.12831342;
 0.019605573, 0.9994204, 0.0278299, 0.014790861;
 -0.030575864, -0.02722289, 0.99916166, -0.28876272;
 0, 0, 0, 1]
Ow:
[0.11910961;
 -0.025265977;
 0.29196155]
Keyframe: 25 Frame: 188 Frame from vFrameID : 189
Tcw:
[0.99909663, 0.027571633, -0.032337051, 0.12792775;
 -0.028526075, 0.99915957, -0.0294351, -0.025405593;
 0.031498302, 0.03033096, 0.99904346, 0.3058888;
 0, 0, 0, 1]
Twc:
[0.99909663, -0.028526075, 0.031498302, -0.1381719;
 0.027571633, 0.99915957, 0.03033096, 0.012579164;
 -0.032337051, -0.0294351, 0.99904346, -0.30220723;
 0, 0, 0, 1]
Ow:
[0.12792775;
 -0.025405593;
 0.3058888]
Keyframe: 26 Frame: 192 Frame from vFrameID : 193
Tcw:
[0.99857485, 0.029666075, -0.044364456, 0.13466656;
 -0.031275623, 0.99886096, -0.036037091, -0.027843621;
 0.043244842, 0.03737326, 0.99836522, 0.31497774;
 0, 0, 0, 1]
Twc:
[0.99857485, -0.031275623, 0.043244842, -0.14896663;
 0.029666075, 0.99886096, 0.03737326, 0.012045132;
 -0.044364456, -0.036037091, 0.99836522, -0.30949181;
 0, 0, 0, 1]
Ow:
[0.13466656;
 -0.027843621;
 0.31497774]
Keyframe: 27 Frame: 196 Frame from vFrameID : 197
Tcw:
[0.99775416, 0.042513907, -0.051761486, 0.14716263;
 -0.044038165, 0.9986183, -0.028671805, -0.031160183;
 0.050471015, 0.030886892, 0.9982478, 0.32364738;
 0, 0, 0, 1]
Twc:
[0.99775416, -0.044038165, 0.050471015, -0.16453917;
 0.042513907, 0.9986183, 0.030886892, 0.014864209;
 -0.051761486, -0.028671805, 0.9982478, -0.31635636;
 0, 0, 0, 1]
Ow:
[0.14716263;
 -0.031160183;
 0.32364738]
Keyframe: 28 Frame: 201 Frame from vFrameID : 202
Tcw:
[0.99693543, 0.042232171, -0.065850168, 0.15373085;
 -0.044835243, 0.99824971, -0.038566217, -0.032324243;
 0.064106174, 0.041400436, 0.99708396, 0.33889237;
 0, 0, 0, 1]
Twc:
[0.99693543, -0.044835243, 0.064106174, -0.17643408;
 0.042232171, 0.99824971, 0.041400436, 0.011744988;
 -0.065850168, -0.038566217, 0.99708396, -0.32902756;
 0, 0, 0, 1]
Ow:
[0.15373085;
 -0.032324243;
 0.33889237]
Keyframe: 29 Frame: 205 Frame from vFrameID : 206
Tcw:
[0.99757361, 0.039240044, -0.057507653, 0.15526715;
 -0.041502465, 0.99838907, -0.038689345, -0.03459277;
 0.055896837, 0.040982179, 0.99759513, 0.35344681;
 0, 0, 0, 1]
Twc:
[0.99757361, -0.041502465, 0.055896837, -0.17608266;
 0.039240044, 0.99838907, 0.040982179, 0.013959331;
 -0.057507653, -0.038689345, 0.99759513, -0.34500614;
 0, 0, 0, 1]
Ow:
[0.15526715;
 -0.03459277;
 0.35344681]
Keyframe: 30 Frame: 209 Frame from vFrameID : 210
Tcw:
[0.99847579, 0.03862771, -0.039421, 0.15714577;
 -0.040478393, 0.99806112, -0.047281418, -0.034231804;
 0.037518196, 0.048805051, 0.99810344, 0.366456;
 0, 0, 0, 1]
Twc:
[0.99847579, -0.040478393, 0.037518196, -0.17204066;
 0.03862771, 0.99806112, 0.048805051, 0.010210349;
 -0.039421, -0.047281418, 0.99810344, -0.36118466;
 0, 0, 0, 1]
Ow:
[0.15714577;
 -0.034231804;
 0.366456]
Keyframe: 31 Frame: 213 Frame from vFrameID : 214
Tcw:
[0.99903655, 0.033242956, -0.028651739, 0.15341622;
 -0.034841139, 0.9977538, -0.057214115, -0.035257448;
 0.026685415, 0.05815725, 0.99795073, 0.37789431;
 0, 0, 0, 1]
Twc:
[0.99903655, -0.034841139, 0.026685415, -0.16458108;
 0.033242956, 0.9977538, 0.05815725, 0.0081009502;
 -0.028651739, -0.057214115, 0.99795073, -0.37474146;
 0, 0, 0, 1]
Ow:
[0.15341622;
 -0.035257448;
 0.37789431]
Keyframe: 32 Frame: 218 Frame from vFrameID : 219
Tcw:
[0.99942505, 0.027502114, -0.019828904, 0.15565689;
 -0.028401941, 0.99850863, -0.0466245, -0.036316663;
 0.01851706, 0.047160871, 0.99871564, 0.39491281;
 0, 0, 0, 1]
Twc:
[0.99942505, -0.028401941, 0.01851706, -0.16391148;
 0.027502114, 0.99850863, 0.047160871, 0.013357177;
 -0.019828904, -0.0466245, 0.99871564, -0.39301234;
 0, 0, 0, 1]
Ow:
[0.15565689;
 -0.036316663;
 0.39491281]
Keyframe: 33 Frame: 223 Frame from vFrameID : 224
Tcw:
[0.99928331, 0.030207664, -0.022810629, 0.1606359;
 -0.031279825, 0.9983474, -0.04820846, -0.036720671;
 0.021316666, 0.048887424, 0.99857682, 0.40982556;
 0, 0, 0, 1]
Twc:
[0.99928331, -0.031279825, 0.021316666, -0.17040552;
 0.030207664, 0.9983474, 0.048887424, 0.011772236;
 -0.022810629, -0.04820846, 0.99857682, -0.40734833;
 0, 0, 0, 1]
Ow:
[0.1606359;
 -0.036720671;
 0.40982556]
Keyframe: 34 Frame: 227 Frame from vFrameID : 228
Tcw:
[0.99885988, 0.033508487, -0.034002371, 0.17243358;
 -0.035572805, 0.99743944, -0.06204151, -0.037443373;
 0.03183639, 0.063180335, 0.99749422, 0.4229188;
 0, 0, 0, 1]
Twc:
[0.99885988, -0.035572805, 0.03183639, -0.18703315;
 0.033508487, 0.99743944, 0.063180335, 0.0048493589;
 -0.034002371, -0.06204151, 0.99749422, -0.41831893;
 0, 0, 0, 1]
Ow:
[0.17243358;
 -0.037443373;
 0.4229188]
Keyframe: 35 Frame: 231 Frame from vFrameID : 232
Tcw:
[0.99812478, 0.04842243, -0.037445936, 0.18447275;
 -0.05060216, 0.99693674, -0.059637167, -0.03941042;
 0.034443453, 0.06142018, 0.99751753, 0.43778497;
 0, 0, 0, 1]
Twc:
[0.99812478, -0.05060216, 0.034443453, -0.2011999;
 0.04842243, 0.99693674, 0.06142018, 0.0034682441;
 -0.037445936, -0.059637167, 0.99751753, -0.43214074;
 0, 0, 0, 1]
Ow:
[0.18447275;
 -0.03941042;
 0.43778497]
Keyframe: 36 Frame: 235 Frame from vFrameID : 236
Tcw:
[0.99721235, 0.050897878, -0.054561168, 0.18783057;
 -0.053707153, 0.99723697, -0.051322032, -0.041272704;
 0.051798232, 0.05410929, 0.99719059, 0.45235091;
 0, 0, 0, 1]
Twc:
[0.99721235, -0.053707153, 0.051798232, -0.21295458;
 0.050897878, 0.99723697, 0.05410929, 0.0071221027;
 -0.054561168, -0.051322032, 0.99719059, -0.44295004;
 0, 0, 0, 1]
Ow:
[0.18783057;
 -0.041272704;
 0.45235091]
Keyframe: 37 Frame: 239 Frame from vFrameID : 240
Tcw:
[0.99716139, 0.050424043, -0.055915959, 0.18828183;
 -0.053185984, 0.99737883, -0.049058165, -0.042213842;
 0.053295683, 0.051892854, 0.99722952, 0.46626282;
 0, 0, 0, 1]
Twc:
[0.99716139, -0.053185984, 0.053295683, -0.21484236;
 0.050424043, 0.99737883, 0.051892854, 0.0084135532;
 -0.055915959, -0.049058165, 0.99722952, -0.456514;
 0, 0, 0, 1]
Ow:
[0.18828183;
 -0.042213842;
 0.46626282]
Keyframe: 38 Frame: 244 Frame from vFrameID : 245
Tcw:
[0.99925083, 0.029165095, -0.02544016, 0.18583152;
 -0.030446148, 0.99820811, -0.051513221, -0.041147567;
 0.023892187, 0.052249186, 0.99834824, 0.48452052;
 0, 0, 0, 1]
Twc:
[0.99925083, -0.030446148, 0.023892187, -0.19852133;
 0.029165095, 0.99820811, 0.052249186, 0.010338242;
 -0.02544016, -0.051513221, 0.99834824, -0.48111227;
 0, 0, 0, 1]
Ow:
[0.18583152;
 -0.041147567;
 0.48452052]
Keyframe: 39 Frame: 248 Frame from vFrameID : 249
Tcw:
[0.99975729, 0.020944504, 0.0068292911, 0.18645957;
 -0.020584121, 0.9985795, -0.049145103, -0.042561207;
 -0.0078489101, 0.0489926, 0.99876833, 0.498301;
 0, 0, 0, 1]
Twc:
[0.99975729, -0.020584121, -0.0078489101, -0.18337929;
 0.020944504, 0.9985795, 0.0489926, 0.014182384;
 0.0068292911, -0.049145103, 0.99876833, -0.50105232;
 0, 0, 0, 1]
Ow:
[0.18645957;
 -0.042561207;
 0.498301]
Keyframe: 40 Frame: 253 Frame from vFrameID : 254
Tcw:
[0.99901593, 0.022907823, 0.037979733, 0.19253881;
 -0.020994429, 0.99852681, -0.050034773, -0.041560315;
 -0.039069969, 0.049188171, 0.99802506, 0.51760131;
 0, 0, 0, 1]
Twc:
[0.99901593, -0.020994429, -0.039069969, -0.1729992;
 0.022907823, 0.99852681, 0.049188171, 0.011628577;
 0.037979733, -0.050034773, 0.99802506, -0.52597117;
 0, 0, 0, 1]
Ow:
[0.19253881;
 -0.041560315;
 0.51760131]
Keyframe: 41 Frame: 258 Frame from vFrameID : 259
Tcw:
[0.99911237, 0.039848987, 0.013657791, 0.20344514;
 -0.038898189, 0.99719423, -0.06395752, -0.041855443;
 -0.016168112, 0.063369483, 0.99785918, 0.53444648;
 0, 0, 0, 1]
Twc:
[0.99911237, -0.038898189, -0.016168112, -0.19625166;
 0.039848987, 0.99719423, 0.063369483, -0.00023667565;
 0.013657791, -0.06395752, 0.99785918, -0.53875792;
 0, 0, 0, 1]
Ow:
[0.20344514;
 -0.041855443;
 0.53444648]
Keyframe: 42 Frame: 264 Frame from vFrameID : 265
Tcw:
[0.99804515, 0.054756273, -0.030126316, 0.21988784;
 -0.056693301, 0.99609226, -0.067720652, -0.044006146;
 0.02630046, 0.069296233, 0.99724936, 0.55098784;
 0, 0, 0, 1]
Twc:
[0.99804515, -0.056693301, 0.02630046, -0.2364441;
 0.054756273, 0.99609226, 0.069296233, -0.0063874396;
 -0.030126316, -0.067720652, 0.99724936, -0.54582798;
 0, 0, 0, 1]
Ow:
[0.21988784;
 -0.044006146;
 0.55098784]
Keyframe: 43 Frame: 268 Frame from vFrameID : 269
Tcw:
[0.99814904, 0.04359936, -0.042398501, 0.22527766;
 -0.045839209, 0.99752182, -0.053375669, -0.044768576;
 0.039966285, 0.055220388, 0.99767399, 0.56466019;
 0, 0, 0, 1]
Twc:
[0.99814904, -0.045839209, 0.039966285, -0.24948019;
 0.04359936, 0.99752182, 0.055220388, 0.0036549151;
 -0.042398501, -0.053375669, 0.99767399, -0.55618495;
 0, 0, 0, 1]
Ow:
[0.22527766;
 -0.044768576;
 0.56466019]
Keyframe: 44 Frame: 272 Frame from vFrameID : 273
Tcw:
[0.99806064, 0.043846164, -0.044187076, 0.22827344;
 -0.045711361, 0.99806613, -0.042124093, -0.042955644;
 0.042254645, 0.044062249, 0.99813479, 0.57761824;
 0, 0, 0, 1]
Twc:
[0.99806064, -0.045711361, 0.042254645, -0.25420135;
 0.043846164, 0.99806613, 0.044062249, 0.0074125002;
 -0.044187076, -0.042124093, 0.99813479, -0.56826359;
 0, 0, 0, 1]
Ow:
[0.22827344;
 -0.042955644;
 0.57761824]
Keyframe: 45 Frame: 277 Frame from vFrameID : 278
Tcw:
[0.99888629, 0.03944857, -0.025884569, 0.22993073;
 -0.040883671, 0.99750924, -0.057479326, -0.047671624;
 0.023552619, 0.058473568, 0.99801105, 0.60129565;
 0, 0, 0, 1]
Twc:
[0.99888629, -0.040883671, 0.023552619, -0.24578573;
 0.03944857, 0.99750924, 0.058473568, 0.0033225419;
 -0.025884569, -0.057479326, 0.99801105, -0.59688824;
 0, 0, 0, 1]
Ow:
[0.22993073;
 -0.047671624;
 0.60129565]
Keyframe: 46 Frame: 282 Frame from vFrameID : 283
Tcw:
[0.99953187, 0.028237507, -0.011776763, 0.22657709;
 -0.029065367, 0.99658114, -0.077338129, -0.046976343;
 0.0095526641, 0.077644221, 0.99693537, 0.61374331;
 0, 0, 0, 1]
Twc:
[0.99953187, -0.029065367, 0.0095526641, -0.23369929;
 0.028237507, 0.99658114, 0.077644221, -0.0072358525;
 -0.011776763, -0.077338129, 0.99693537, -0.61282712;
 0, 0, 0, 1]
Ow:
[0.22657709;
 -0.046976343;
 0.61374331]
Keyframe: 47 Frame: 288 Frame from vFrameID : 289
Tcw:
[0.99951696, 0.030894797, -0.003366428, 0.22759339;
 -0.031047061, 0.99746323, -0.064056382, -0.049280986;
 0.0013788791, 0.064129964, 0.9979406, 0.62853909;
 0, 0, 0, 1]
Twc:
[0.99951696, -0.031047061, 0.0013788791, -0.22988017;
 0.030894797, 0.99746323, 0.064129964, 0.0018163321;
 -0.003366428, -0.064056382, 0.9979406, -0.62963527;
 0, 0, 0, 1]
Ow:
[0.22759339;
 -0.049280986;
 0.62853909]
Keyframe: 48 Frame: 294 Frame from vFrameID : 295
Tcw:
[0.9974016, 0.036960933, -0.061838072, 0.22580637;
 -0.040916387, 0.99711257, -0.063971221, -0.0502312;
 0.059295084, 0.066335186, 0.99603403, 0.64343041;
 0, 0, 0, 1]
Twc:
[0.9974016, -0.040916387, 0.059295084, -0.26542717;
 0.036960933, 0.99711257, 0.066335186, -0.00094192469;
 -0.061838072, -0.063971221, 0.99603403, -0.63012844;
 0, 0, 0, 1]
Ow:
[0.22580637;
 -0.0502312;
 0.64343041]
Keyframe: 49 Frame: 300 Frame from vFrameID : 301
Tcw:
[0.99035078, 0.058935069, -0.12542726, 0.24807368;
 -0.070113502, 0.99376792, -0.086657248, -0.056420468;
 0.11953843, 0.094615221, 0.98831093, 0.66738635;
 0, 0, 0, 1]
Twc:
[0.99035078, -0.070113502, 0.11953843, -0.32941413;
 0.058935069, 0.99376792, 0.094615221, -0.021696297;
 -0.12542726, -0.086657248, 0.98831093, -0.63335925;
 0, 0, 0, 1]
Ow:
[0.24807368;
 -0.056420468;
 0.66738635]
Keyframe: 50 Frame: 306 Frame from vFrameID : 307
Tcw:
[0.98877352, 0.069894098, -0.13206704, 0.2617054;
 -0.084517345, 0.99048889, -0.10857502, -0.058022834;
 0.12322219, 0.11851807, 0.98527646, 0.68185836;
 0, 0, 0, 1]
Twc:
[0.98877352, -0.084517345, 0.12322219, -0.34769139;
 0.069894098, 0.99048889, 0.11851807, -0.041633226;
 -0.13206704, -0.10857502, 0.98527646, -0.64355618;
 0, 0, 0, 1]
Ow:
[0.2617054;
 -0.058022834;
 0.68185836]
Keyframe: 51 Frame: 312 Frame from vFrameID : 313
Tcw:
[0.9910695, 0.062061697, -0.11802366, 0.26812214;
 -0.072324224, 0.99377352, -0.084754676, -0.05591961;
 0.11202878, 0.092533745, 0.98938721, 0.70196182;
 0, 0, 0, 1]
Twc:
[0.9910695, -0.072324224, 0.11202878, -0.34841195;
 0.062061697, 0.99377352, 0.092533745, -0.026023839;
 -0.11802366, -0.084754676, 0.98938721, -0.66760671;
 0, 0, 0, 1]
Ow:
[0.26812214;
 -0.05591961;
 0.70196182]
Keyframe: 52 Frame: 317 Frame from vFrameID : 318
Tcw:
[0.99677402, 0.049441092, -0.063223086, 0.26831868;
 -0.055459678, 0.99371016, -0.097284876, -0.055123478;
 0.058015551, 0.10047737, 0.99324644, 0.72564977;
 0, 0, 0, 1]
Twc:
[0.99677402, -0.055459678, 0.058015551, -0.3126092;
 0.049441092, 0.99371016, 0.10047737, -0.031400591;
 -0.063223086, -0.097284876, 0.99324644, -0.70914781;
 0, 0, 0, 1]
Ow:
[0.26831868;
 -0.055123478;
 0.72564977]
Keyframe: 53 Frame: 322 Frame from vFrameID : 323
Tcw:
[0.99736631, 0.060269386, -0.040348556, 0.2732777;
 -0.064093456, 0.99278152, -0.10137467, -0.059199758;
 0.033947513, 0.10369376, 0.99402976, 0.74036199;
 0, 0, 0, 1]
Twc:
[0.99736631, -0.064093456, 0.033947513, -0.30148575;
 0.060269386, 0.99278152, 0.10369376, -0.034468774;
 -0.040348556, -0.10137467, 0.99402976, -0.73091686;
 0, 0, 0, 1]
Ow:
[0.2732777;
 -0.059199758;
 0.74036199]
Keyframe: 54 Frame: 327 Frame from vFrameID : 328
Tcw:
[0.99798644, 0.053404462, -0.034219868, 0.27447256;
 -0.056709204, 0.99293107, -0.1042689, -0.059123337;
 0.028409546, 0.10599954, 0.99396026, 0.75335777;
 0, 0, 0, 1]
Twc:
[0.99798644, -0.056709204, 0.028409546, -0.2986753;
 0.053404462, 0.99293107, 0.10599954, -0.035808239;
 -0.034219868, -0.1042689, 0.99396026, -0.74558002;
 0, 0, 0, 1]
Ow:
[0.27447256;
 -0.059123337;
 0.75335777]
Keyframe: 55 Frame: 332 Frame from vFrameID : 333
Tcw:
[0.99793416, 0.053846359, -0.035041686, 0.28080404;
 -0.057199899, 0.99303144, -0.10303754, -0.061922416;
 0.029249299, 0.10482907, 0.99406004, 0.76810503;
 0, 0, 0, 1]
Twc:
[0.99793416, -0.057199899, 0.029249299, -0.30623245;
 0.053846359, 0.99303144, 0.10482907, -0.03414911;
 -0.035041686, -0.10303754, 0.99406004, -0.76008302;
 0, 0, 0, 1]
Ow:
[0.28080404;
 -0.061922416;
 0.76810503]
Keyframe: 56 Frame: 337 Frame from vFrameID : 338
Tcw:
[0.99667066, 0.059441172, -0.055805977, 0.29713011;
 -0.066013977, 0.99002552, -0.12446552, -0.066335335;
 0.047850966, 0.12773511, 0.99065334, 0.77860063;
 0, 0, 0, 1]
Twc:
[0.99667066, -0.066013977, 0.047850966, -0.33777672;
 0.059441172, 0.99002552, 0.12773511, -0.051442727;
 -0.055805977, -0.12446552, 0.99065334, -0.76299816;
 0, 0, 0, 1]
Ow:
[0.29713011;
 -0.066335335;
 0.77860063]
Keyframe: 57 Frame: 342 Frame from vFrameID : 343
Tcw:
[0.99686831, 0.054489113, -0.057310529, 0.30786055;
 -0.061769966, 0.98904288, -0.13408442, -0.066287257;
 0.049376432, 0.13720457, 0.98931134, 0.78450036;
 0, 0, 0, 1]
Twc:
[0.99686831, -0.061769966, 0.049376432, -0.34972683;
 0.054489113, 0.98904288, 0.13720457, -0.05885116;
 -0.057310529, -0.13408442, 0.98931134, -0.76735955;
 0, 0, 0, 1]
Ow:
[0.30786055;
 -0.066287257;
 0.78450036]
Keyframe: 58 Frame: 347 Frame from vFrameID : 348
Tcw:
[0.99788392, 0.048602201, -0.043192182, 0.30919412;
 -0.053938042, 0.98971927, -0.13246298, -0.066420555;
 0.036310144, 0.13451238, 0.99024642, 0.7953155;
 0, 0, 0, 1]
Twc:
[0.99788392, -0.053938042, 0.036310144, -0.34100041;
 0.048602201, 0.98971927, 0.13451238, -0.056269594;
 -0.043192182, -0.13246298, 0.99024642, -0.78300184;
 0, 0, 0, 1]
Ow:
[0.30919412;
 -0.066420555;
 0.7953155]
Keyframe: 59 Frame: 352 Frame from vFrameID : 353
Tcw:
[0.99707413, 0.030308202, -0.070175506, 0.30174163;
 -0.038002383, 0.99308884, -0.11104239, -0.058568567;
 0.066325016, 0.11338433, 0.99133497, 0.81069577;
 0, 0, 0, 1]
Twc:
[0.99707413, -0.038002383, 0.066325016, -0.3568539;
 0.030308202, 0.99308884, 0.11338433, -0.042901643;
 -0.070175506, -0.11104239, 0.99133497, -0.78899974;
 0, 0, 0, 1]
Ow:
[0.30174163;
 -0.058568567;
 0.81069577]
Keyframe: 60 Frame: 357 Frame from vFrameID : 358
Tcw:
[0.99784184, 0.028562644, -0.059126064, 0.30856326;
 -0.037027732, 0.98837876, -0.14743258, -0.0701067;
 0.054227881, 0.14930369, 0.98730326, 0.82984024;
 0, 0, 0, 1]
Twc:
[0.99784184, -0.037027732, 0.054227881, -0.35549366;
 0.028562644, 0.98837876, 0.14930369, -0.063419618;
 -0.059126064, -0.14743258, 0.98730326, -0.81139588;
 0, 0, 0, 1]
Ow:
[0.30856326;
 -0.0701067;
 0.82984024]
Keyframe: 61 Frame: 362 Frame from vFrameID : 363
Tcw:
[0.99705362, 0.002913068, -0.076652125, 0.29130501;
 -0.01259426, 0.99193472, -0.12612279, -0.060288131;
 0.075666495, 0.12671657, 0.98904878, 0.83766192;
 0, 0, 0, 1]
Twc:
[0.99705362, -0.01259426, 0.075666495, -0.35458896;
 0.002913068, 0.99193472, 0.12671657, -0.047192339;
 -0.076652125, -0.12612279, 0.98904878, -0.81376308;
 0, 0, 0, 1]
Ow:
[0.29130501;
 -0.060288131;
 0.83766192]
Keyframe: 62 Frame: 367 Frame from vFrameID : 368
Tcw:
[0.99852538, -0.016316334, -0.05177642, 0.3101522;
 0.011472194, 0.99564534, -0.092513256, -0.066792667;
 0.053060427, 0.091782846, 0.99436438, 0.85701698;
 0, 0, 0, 1]
Twc:
[0.99852538, 0.011472194, 0.053060427, -0.3544023;
 -0.016316334, 0.99564534, 0.091782846, -0.0070970966;
 -0.05177642, -0.092513256, 0.99436438, -0.84230775;
 0, 0, 0, 1]
Ow:
[0.3101522;
 -0.066792667;
 0.85701698]
Keyframe: 63 Frame: 374 Frame from vFrameID : 375
Tcw:
[0.99618888, 0.0049733492, -0.087080121, 0.32185656;
 -0.015056353, 0.99319106, -0.11551989, -0.071751975;
 0.085912675, 0.11639073, 0.98948079, 0.87516469;
 0, 0, 0, 1]
Twc:
[0.99618888, -0.015056353, 0.085912675, -0.396898;
 0.0049733492, 0.99319106, 0.11639073, -0.032198347;
 -0.087080121, -0.11551989, 0.98948079, -0.84622008;
 0, 0, 0, 1]
Ow:
[0.32185656;
 -0.071751975;
 0.87516469]
Keyframe: 64 Frame: 379 Frame from vFrameID : 380
Tcw:
[0.99389148, 0.032170247, -0.10556873, 0.32736248;
 -0.044011988, 0.9927519, -0.11183297, -0.069513872;
 0.10120586, 0.11579613, 0.98810357, 0.88528663;
 0, 0, 0, 1]
Twc:
[0.99389148, -0.044011988, 0.10120586, -0.4180184;
 0.032170247, 0.9927519, 0.11579613, -0.044034068;
 -0.10556873, -0.11183297, 0.98810357, -0.84796953;
 0, 0, 0, 1]
Ow:
[0.32736248;
 -0.069513872;
 0.88528663]
Keyframe: 65 Frame: 384 Frame from vFrameID : 385
Tcw:
[0.99319661, 0.029515956, -0.11264693, 0.33724144;
 -0.040884037, 0.99414897, -0.099981666, -0.068956822;
 0.10903677, 0.10390691, 0.98859209, 0.90367407;
 0, 0, 0, 1]
Twc:
[0.99319661, -0.040884037, 0.10903677, -0.43629998;
 0.029515956, 0.99414897, 0.10390691, -0.035298631;
 -0.11264693, -0.099981666, 0.98859209, -0.86227024;
 0, 0, 0, 1]
Ow:
[0.33724144;
 -0.068956822;
 0.90367407]
Keyframe: 66 Frame: 389 Frame from vFrameID : 390
Tcw:
[0.9957819, 0.0303654, -0.086581603, 0.33768535;
 -0.0401356, 0.99273425, -0.1134367, -0.072988302;
 0.082507968, 0.11643322, 0.98976552, 0.92159837;
 0, 0, 0, 1]
Twc:
[0.9957819, -0.0401356, 0.082507968, -0.41522959;
 0.0303654, 0.99273425, 0.11643322, -0.045100622;
 -0.086581603, -0.1134367, 0.98976552, -0.89120847;
 0, 0, 0, 1]
Ow:
[0.33768535;
 -0.072988302;
 0.92159837]
Keyframe: 67 Frame: 394 Frame from vFrameID : 395
Tcw:
[0.99737245, 0.019019622, -0.069903381, 0.33657935;
 -0.027355803, 0.99236017, -0.1203033, -0.072238863;
 0.067081206, 0.12189946, 0.990273, 0.93592525;
 0, 0, 0, 1]
Twc:
[0.99737245, -0.027355803, 0.067081206, -0.4004541;
 0.019019622, 0.99236017, 0.12189946, -0.048803423;
 -0.069903381, -0.1203033, 0.990273, -0.91198409;
 0, 0, 0, 1]
Ow:
[0.33657935;
 -0.072238863;
 0.93592525]
Keyframe: 68 Frame: 400 Frame from vFrameID : 401
Tcw:
[0.9993161, 0.022861781, -0.029062517, 0.34162292;
 -0.026159154, 0.99258882, -0.11867233, -0.075202376;
 0.026134068, 0.11935142, 0.99250805, 0.9524762;
 0, 0, 0, 1]
Twc:
[0.9993161, -0.026159154, 0.026134068, -0.36824861;
 0.022861781, 0.99258882, 0.11935142, -0.046844456;
 -0.029062517, -0.11867233, 0.99250805, -0.9443363;
 0, 0, 0, 1]
Ow:
[0.34162292;
 -0.075202376;
 0.9524762]
Keyframe: 69 Frame: 406 Frame from vFrameID : 407
Tcw:
[0.99758995, 0.025906678, -0.064367488, 0.35051617;
 -0.033857789, 0.99149251, -0.1256832, -0.075527586;
 0.060563847, 0.12755965, 0.9899801, 0.96790361;
 0, 0, 0, 1]
Twc:
[0.99758995, -0.033857789, 0.060563847, -0.41084853;
 0.025906678, 0.99149251, 0.12755965, -0.057661101;
 -0.064367488, -0.1256832, 0.9899801, -0.94513595;
 0, 0, 0, 1]
Ow:
[0.35051617;
 -0.075527586;
 0.96790361]
Keyframe: 70 Frame: 413 Frame from vFrameID : 414
Tcw:
[0.9944461, 0.048287116, -0.093516335, 0.3643263;
 -0.059834391, 0.99036336, -0.12490103, -0.076440312;
 0.086584046, 0.12980284, 0.9877522, 0.98136818;
 0, 0, 0, 1]
Twc:
[0.9944461, -0.059834391, 0.086584046, -0.45184743;
 0.048287116, 0.99036336, 0.12980284, -0.069272958;
 -0.093516335, -0.12490103, 0.9877522, -0.94482565;
 0, 0, 0, 1]
Ow:
[0.3643263;
 -0.076440312;
 0.98136818]
Keyframe: 71 Frame: 418 Frame from vFrameID : 419
Tcw:
[0.99398345, 0.044401392, -0.10012704, 0.36895359;
 -0.055831235, 0.99186391, -0.11440647, -0.078512676;
 0.094232596, 0.11930836, 0.98837531, 0.99315369;
 0, 0, 0, 1]
Twc:
[0.99398345, -0.055831235, 0.094232596, -0.46470466;
 0.044401392, 0.99186391, 0.11930836, -0.056999695;
 -0.10012704, -0.11440647, 0.98837531, -0.95364869;
 0, 0, 0, 1]
Ow:
[0.36895359;
 -0.078512676;
 0.99315369]
Keyframe: 72 Frame: 423 Frame from vFrameID : 424
Tcw:
[0.99644369, 0.026728295, -0.079909854, 0.36491984;
 -0.035714682, 0.99292636, -0.11323311, -0.07885544;
 0.07631807, 0.11568438, 0.99034977, 1.0092376;
 0, 0, 0, 1]
Twc:
[0.99644369, -0.035714682, 0.07631807, -0.44346145;
 0.026728295, 0.99292636, 0.11568438, -0.048209064;
 -0.079909854, -0.11323311, 0.99034977, -0.97926658;
 0, 0, 0, 1]
Ow:
[0.36491984;
 -0.07885544;
 1.0092376]
Keyframe: 73 Frame: 428 Frame from vFrameID : 429
Tcw:
[0.99865568, 0.013759314, -0.049975384, 0.3683548;
 -0.020054577, 0.99160504, -0.12773913, -0.080279216;
 0.047798239, 0.12856965, 0.9905479, 1.0279834;
 0, 0, 0, 1]
Twc:
[0.99865568, -0.020054577, 0.047798239, -0.41860536;
 0.013759314, 0.99160504, 0.12856965, -0.057630502;
 -0.049975384, -0.12773913, 0.9905479, -1.010113;
 0, 0, 0, 1]
Ow:
[0.3683548;
 -0.080279216;
 1.0279834]
Keyframe: 74 Frame: 434 Frame from vFrameID : 435
Tcw:
[0.99979067, 0.016832354, -0.011633453, 0.37026146;
 -0.018131489, 0.99230546, -0.12247922, -0.078206733;
 0.0094823251, 0.1226645, 0.99240291, 1.044204;
 0, 0, 0, 1]
Twc:
[0.99979067, -0.018131489, 0.0094823251, -0.38150343;
 0.016832354, 0.99230546, 0.1226645, -0.056714155;
 -0.011633453, -0.12247922, 0.99240291, -1.0415423;
 0, 0, 0, 1]
Ow:
[0.37026146;
 -0.078206733;
 1.044204]
Keyframe: 75 Frame: 439 Frame from vFrameID : 440
Tcw:
[0.99970978, 0.020905435, -0.011971388, 0.37774864;
 -0.022108292, 0.99355191, -0.11120187, -0.077706926;
 0.0095694717, 0.11143427, 0.99372572, 1.0595238;
 0, 0, 0, 1]
Twc:
[0.99970978, -0.022108292, 0.0095694717, -0.38949606;
 0.020905435, 0.99355191, 0.11143427, -0.048758388;
 -0.011971388, -0.11120187, 0.99372572, -1.056995;
 0, 0, 0, 1]
Ow:
[0.37774864;
 -0.077706926;
 1.0595238]
Keyframe: 76 Frame: 444 Frame from vFrameID : 445
Tcw:
[0.99807864, 0.038426545, -0.04860438, 0.39148879;
 -0.043521479, 0.99314028, -0.10852749, -0.08281403;
 0.044100631, 0.11043431, 0.99290454, 1.0749809;
 0, 0, 0, 1]
Twc:
[0.99807864, -0.043521479, 0.044100631, -0.44174814;
 0.038426545, 0.99314028, 0.11043431, -0.051512372;
 -0.04860438, -0.10852749, 0.99290454, -1.0573128;
 0, 0, 0, 1]
Ow:
[0.39148879;
 -0.08281403;
 1.0749809]
Keyframe: 77 Frame: 450 Frame from vFrameID : 451
Tcw:
[0.99709249, 0.044009265, -0.06220733, 0.39766213;
 -0.050587133, 0.99281269, -0.10846138, -0.087355889;
 0.056986921, 0.11129292, 0.99215239, 1.0865831;
 0, 0, 0, 1]
Twc:
[0.99709249, -0.050587133, 0.056986921, -0.46284604;
 0.044009265, 0.99281269, 0.11129292, -0.051701784;
 -0.06220733, -0.10846138, 0.99215239, -1.0627933;
 0, 0, 0, 1]
Ow:
[0.39766213;
 -0.087355889;
 1.0865831]
Keyframe: 78 Frame: 455 Frame from vFrameID : 456
Tcw:
[0.99713719, 0.047937356, -0.058476347, 0.40078378;
 -0.054334193, 0.99208295, -0.11322206, -0.086676739;
 0.052585822, 0.11607519, 0.9918474, 1.0979968;
 0, 0, 0, 1]
Twc:
[0.99713719, -0.054334193, 0.052585822, -0.46208495;
 0.047937356, 0.99208295, 0.11607519, -0.060672179;
 -0.058476347, -0.11322206, 0.9918474, -1.0754226;
 0, 0, 0, 1]
Ow:
[0.40078378;
 -0.086676739;
 1.0979968]
Keyframe: 79 Frame: 460 Frame from vFrameID : 461
Tcw:
[0.99817288, 0.043219279, -0.042225435, 0.3997499;
 -0.047819342, 0.99223477, -0.11481941, -0.087830633;
 0.036935132, 0.11662881, 0.99248856, 1.110631;
 0, 0, 0, 1]
Twc:
[0.99817288, -0.047819342, 0.036935132, -0.44424084;
 0.043219279, 0.99223477, 0.11662881, -0.05965988;
 -0.042225435, -0.11481941, 0.99248856, -1.0954937;
 0, 0, 0, 1]
Ow:
[0.3997499;
 -0.087830633;
 1.110631]
Keyframe: 80 Frame: 465 Frame from vFrameID : 466
Tcw:
[0.99935406, 0.031436991, -0.017410183, 0.39869654;
 -0.033264227, 0.99255586, -0.11715977, -0.090777636;
 0.013597428, 0.11766323, 0.99296045, 1.1191999;
 0, 0, 0, 1]
Twc:
[0.99935406, -0.033264227, 0.013597428, -0.41667691;
 0.031436991, 0.99255586, 0.11766323, -0.054120626;
 -0.017410183, -0.11715977, 0.99296045, -1.1150154;
 0, 0, 0, 1]
Ow:
[0.39869654;
 -0.090777636;
 1.1191999]
Keyframe: 81 Frame: 471 Frame from vFrameID : 472
Tcw:
[0.99882793, 0.03778062, -0.030254992, 0.40484795;
 -0.041166726, 0.99186087, -0.12048774, -0.090572655;
 0.025456641, 0.12159202, 0.99225366, 1.1309893;
 0, 0, 0, 1]
Twc:
[0.99882793, -0.041166726, 0.025456641, -0.43689322;
 0.03778062, 0.99186087, 0.12159202, -0.062979221;
 -0.030254992, -0.12048774, 0.99225366, -1.1208925;
 0, 0, 0, 1]
Ow:
[0.40484795;
 -0.090572655;
 1.1309893]
Keyframe: 82 Frame: 477 Frame from vFrameID : 478
Tcw:
[0.99747425, 0.044508435, -0.055354215, 0.4166767;
 -0.050342772, 0.9927758, -0.10891173, -0.091652319;
 0.050106835, 0.11142334, 0.99250901, 1.1456193;
 0, 0, 0, 1]
Twc:
[0.99747425, -0.050342772, 0.050106835, -0.47764167;
 0.044508435, 0.9927758, 0.11142334, -0.055204146;
 -0.055354215, -0.10891173, 0.99250901, -1.1239547;
 0, 0, 0, 1]
Ow:
[0.4166767;
 -0.091652319;
 1.1456193]
Keyframe: 83 Frame: 483 Frame from vFrameID : 484
Tcw:
[0.99697232, 0.037644226, -0.068037301, 0.42189479;
 -0.04483214, 0.99320328, -0.10741217, -0.09312813;
 0.063531421, 0.11013722, 0.99188381, 1.1573367;
 0, 0, 0, 1]
Twc:
[0.99697232, -0.04483214, 0.063531421, -0.49831983;
 0.037644226, 0.99320328, 0.11013722, -0.050852604;
 -0.068037301, -0.10741217, 0.99188381, -1.1292422;
 0, 0, 0, 1]
Ow:
[0.42189479;
 -0.09312813;
 1.1573367]
Keyframe: 84 Frame: 489 Frame from vFrameID : 490
Tcw:
[0.9987781, 0.030582467, -0.038820479, 0.42392546;
 -0.034041446, 0.9951939, -0.091816649, -0.090258114;
 0.035825923, 0.093025967, 0.99501896, 1.1720877;
 0, 0, 0, 1]
Twc:
[0.9987781, -0.034041446, 0.035825923, -0.46847108;
 0.030582467, 0.9951939, 0.093025967, -0.032174945;
 -0.038820479, -0.091816649, 0.99501896, -1.1580796;
 0, 0, 0, 1]
Ow:
[0.42392546;
 -0.090258114;
 1.1720877]
Keyframe: 85 Frame: 494 Frame from vFrameID : 495
Tcw:
[0.99967784, 0.019583188, -0.016145254, 0.42534682;
 -0.020888083, 0.99615622, -0.085067771, -0.093036287;
 0.014417295, 0.085377611, 0.99624437, 1.1847334;
 0, 0, 0, 1]
Twc:
[0.99967784, -0.020888083, 0.014417295, -0.4442338;
 0.019583188, 0.99615622, 0.085377611, -0.016800666;
 -0.016145254, -0.085067771, 0.99624437, -1.1813309;
 0, 0, 0, 1]
Ow:
[0.42534682;
 -0.093036287;
 1.1847334]
Keyframe: 86 Frame: 500 Frame from vFrameID : 501
Tcw:
[0.99970001, 0.022170823, -0.010411378, 0.43022743;
 -0.023041772, 0.99542433, -0.092733376, -0.094270572;
 0.0083077643, 0.092945457, 0.99563652, 1.1964737;
 0, 0, 0, 1]
Twc:
[0.99970001, -0.023041772, 0.0083077643, -0.44221053;
 0.022170823, 0.99542433, 0.092945457, -0.026906066;
 -0.010411378, -0.092733376, 0.99563652, -1.1955158;
 0, 0, 0, 1]
Ow:
[0.43022743;
 -0.094270572;
 1.1964737]
Keyframe: 87 Frame: 507 Frame from vFrameID : 508
Tcw:
[0.99764496, 0.027744452, -0.062727377, 0.44028106;
 -0.033399742, 0.99529201, -0.09098509, -0.095197424;
 0.059907727, 0.092865892, 0.99387473, 1.2121087;
 0, 0, 0, 1]
Twc:
[0.99764496, -0.033399742, 0.059907727, -0.51503849;
 0.027744452, 0.99529201, 0.092865892, -0.030029699;
 -0.062727377, -0.09098509, 0.99387473, -1.1857282;
 0, 0, 0, 1]
Ow:
[0.44028106;
 -0.095197424;
 1.2121087]
Keyframe: 88 Frame: 513 Frame from vFrameID : 514
Tcw:
[0.99496257, 0.045612402, -0.089269191, 0.44440779;
 -0.054063547, 0.99404007, -0.094664782, -0.096298769;
 0.084419265, 0.099014126, 0.99149865, 1.2213975;
 0, 0, 0, 1]
Twc:
[0.99496257, -0.054063547, 0.084419265, -0.55048484;
 0.045612402, 0.99404007, 0.099014126, -0.045481272;
 -0.089269191, -0.094664782, 0.99149865, -1.1804582;
 0, 0, 0, 1]
Ow:
[0.44440779;
 -0.096298769;
 1.2213975]
Keyframe: 89 Frame: 519 Frame from vFrameID : 520
Tcw:
[0.9957093, 0.048272066, -0.078947976, 0.45119172;
 -0.055015393, 0.99480963, -0.085598409, -0.096512951;
 0.074406192, 0.089574486, 0.9931969, 1.2364433;
 0, 0, 0, 1]
Twc:
[0.9957093, -0.055015393, 0.074406192, -0.54656452;
 0.048272066, 0.99480963, 0.089574486, -0.036521718;
 -0.078947976, -0.085598409, 0.9931969, -1.2006724;
 0, 0, 0, 1]
Ow:
[0.45119172;
 -0.096512951;
 1.2364433]
Keyframe: 90 Frame: 525 Frame from vFrameID : 526
Tcw:
[0.99763036, 0.041669555, -0.054747287, 0.45252928;
 -0.046713088, 0.99444437, -0.094330512, -0.0987131;
 0.050512422, 0.096664399, 0.99403447, 1.2464731;
 0, 0, 0, 1]
