Keyframe: 0 Frame: 0 Frame from vFrameID : 58
Tcw:
[0.99947166, -0.031968396, -0.0058700079, 0.036690816;
 0.0055555124, 0.34596658, -0.9382304, 0.0010634735;
 0.032024547, 0.93770206, 0.34596139, -0.075845748;
 0, 0, 0, 1]
Twc:
[0.99947166, 0.0055555124, 0.032024547, -0.034248412;
 -0.031968396, 0.34596658, 0.93770206, 0.071925737;
 -0.0058700079, -0.9382304, 0.34596139, 0.02745286;
 0, 0, 0, 1]
Ow:
[0.036690816;
 0.0010634735;
 -0.075845748]
Keyframe: 1 Frame: 57 Frame from vFrameID : 58
Tcw:
[0.99937886, -0.032438196, -0.013772973, 0.035652827;
 -0.001937668, 0.33965188, -0.94054919, 0.0024038758;
 0.035187736, 0.93999165, 0.33937806, -0.076177657;
 0, 0, 0, 1]
Twc:
[0.99937886, -0.001937668, 0.035187736, -0.032945503;
 -0.032438196, 0.33965188, 0.93999165, 0.071946405;
 -0.013772973, -0.94054919, 0.33937806, 0.028605038;
 0, 0, 0, 1]
Ow:
[0.035652827;
 0.0024038758;
 -0.076177657]
Keyframe: 2 Frame: 60 Frame from vFrameID : 61
Tcw:
[0.9992252, -0.035524003, -0.016941605, 0.036008686;
 -0.0040421118, 0.335554, -0.94201231, 0.005972106;
 0.039148871, 0.94135094, 0.33515042, -0.077197678;
 0, 0, 0, 1]
Twc:
[0.9992252, -0.0040421118, 0.039148871, -0.03293445;
 -0.035524003, 0.335554, 0.94135094, 0.07194531;
 -0.016941605, -0.94201231, 0.33515042, 0.032108676;
 0, 0, 0, 1]
Ow:
[0.036008686;
 0.005972106;
 -0.077197678]
Keyframe: 3 Frame: 62 Frame from vFrameID : 63
Tcw:
[0.9992007, -0.034992181, -0.019325538, 0.035600819;
 -0.0062371083, 0.3410565, -0.94002211, 0.0077838302;
 0.039484523, 0.93939131, 0.34056562, -0.078051604;
 0, 0, 0, 1]
Twc:
[0.9992007, -0.0062371083, 0.039484523, -0.032441985;
 -0.034992181, 0.3410565, 0.93939131, 0.07191202;
 -0.019325538, -0.94002211, 0.34056562, 0.034586672;
 0, 0, 0, 1]
Ow:
[0.035600819;
 0.0077838302;
 -0.078051604]
Keyframe: 4 Frame: 64 Frame from vFrameID : 65
Tcw:
[0.99827224, -0.049549188, -0.031582762, 0.034302477;
 -0.012800029, 0.34121072, -0.93989968, 0.0096794479;
 0.057347644, 0.93867999, 0.33998695, -0.07955163;
 0, 0, 0, 1]
Twc:
[0.99827224, -0.012800029, 0.057347644, -0.029557215;
 -0.049549188, 0.34121072, 0.93867999, 0.073070452;
 -0.031582762, -0.93989968, 0.33998695, 0.037227593;
 0, 0, 0, 1]
Ow:
[0.034302477;
 0.0096794479;
 -0.07955163]
Keyframe: 5 Frame: 66 Frame from vFrameID : 67
Tcw:
[0.99791664, -0.0540222, -0.03527024, 0.034569357;
 -0.014841191, 0.3398065, -0.94037825, 0.009277368;
 0.062786363, 0.93894255, 0.3382968, -0.079228729;
 0, 0, 0, 1]
Twc:
[0.99791664, -0.014841191, 0.062786363, -0.029385166;
 -0.0540222, 0.3398065, 0.93894255, 0.073106229;
 -0.03527024, -0.94037825, 0.3382968, 0.036746331;
 0, 0, 0, 1]
Ow:
[0.034569357;
 0.009277368;
 -0.079228729]
Keyframe: 6 Frame: 68 Frame from vFrameID : 69
Tcw:
[0.99759728, -0.050183669, -0.047763038, 0.033903345;
 -0.027639914, 0.34388068, -0.9386065, 0.011432851;
 0.063527502, 0.93767142, 0.34166735, -0.081089407;
 0, 0, 0, 1]
Twc:
[0.99759728, -0.027639914, 0.063527502, -0.028354473;
 -0.050183669, 0.34388068, 0.93767142, 0.073805079;
 -0.047763038, -0.9386065, 0.34166735, 0.040055878;
 0, 0, 0, 1]
Ow:
[0.033903345;
 0.011432851;
 -0.081089407]
Keyframe: 7 Frame: 70 Frame from vFrameID : 71
Tcw:
[0.99747974, -0.04923591, -0.051088523, 0.033189945;
 -0.030993441, 0.34535211, -0.93796128, 0.011694906;
 0.063824907, 0.93718076, 0.34295574, -0.082050718;
 0, 0, 0, 1]
Twc:
[0.99747974, -0.030993441, 0.063824907, -0.027506949;
 -0.04923591, 0.34535211, 0.93718076, 0.074491628;
 -0.051088523, -0.93796128, 0.34295574, 0.040804759;
 0, 0, 0, 1]
Ow:
[0.033189945;
 0.011694906;
 -0.082050718]
Keyframe: 8 Frame: 73 Frame from vFrameID : 74
Tcw:
[0.99736595, -0.053647827, -0.048816364, 0.031833053;
 -0.027828557, 0.33849186, -0.94055772, 0.0142578;
 0.066982821, 0.93943876, 0.33610731, -0.082879715;
 0, 0, 0, 1]
Twc:
[0.99736595, -0.027828557, 0.066982821, -0.025800914;
 -0.053647827, 0.33849186, 0.93943876, 0.074742042;
 -0.048816364, -0.94055772, 0.33610731, 0.04282074;
 0, 0, 0, 1]
Ow:
[0.031833053;
 0.0142578;
 -0.082879715]
Keyframe: 9 Frame: 76 Frame from vFrameID : 77
Tcw:
[0.99801368, -0.046681829, -0.042302322, 0.03048321;
 -0.024234431, 0.33532596, -0.9417904, 0.014584973;
 0.058149565, 0.94094491, 0.33352858, -0.084293365;
 0, 0, 0, 1]
Twc:
[0.99801368, -0.024234431, 0.058149565, -0.025167581;
 -0.046681829, 0.33532596, 0.94094491, 0.0758477;
 -0.042302322, -0.9417904, 0.33352858, 0.043139745;
 0, 0, 0, 1]
Ow:
[0.03048321;
 0.014584973;
 -0.084293365]
Keyframe: 10 Frame: 80 Frame from vFrameID : 81
Tcw:
[0.99842417, -0.042626925, -0.036497802, 0.028591769;
 -0.020170674, 0.33431825, -0.94224435, 0.017476749;
 0.05236686, 0.94149578, 0.33293161, -0.087315381;
 0, 0, 0, 1]
Twc:
[0.99842417, -0.020170674, 0.05236686, -0.023621762;
 -0.042626925, 0.33431825, 0.94149578, 0.077583045;
 -0.036497802, -0.94224435, 0.33293161, 0.046580955;
 0, 0, 0, 1]
Ow:
[0.028591769;
 0.017476749;
 -0.087315381]
Keyframe: 11 Frame: 84 Frame from vFrameID : 85
Tcw:
[0.99854594, -0.048960511, -0.022558492, 0.025691429;
 -0.0049263155, 0.33383802, -0.9426176, 0.019769359;
 0.053681917, 0.94135809, 0.33311138, -0.088922456;
 0, 0, 0, 1]
Twc:
[0.99854594, -0.0049263155, 0.053681917, -0.020783152;
 -0.048960511, 0.33383802, 0.94135809, 0.078365974;
 -0.022558492, -0.9426176, 0.33311138, 0.04883559;
 0, 0, 0, 1]
Ow:
[0.025691429;
 0.019769359;
 -0.088922456]
Keyframe: 12 Frame: 88 Frame from vFrameID : 89
Tcw:
[0.9990989, -0.04144061, -0.0091668852, 0.023983104;
 0.0055629588, 0.34198275, -0.93968976, 0.020190543;
 0.042076234, 0.93879205, 0.34190512, -0.090562493;
 0, 0, 0, 1]
Twc:
[0.9990989, 0.0055629588, 0.042076234, -0.020263284;
 -0.04144061, 0.34198275, 0.93879205, 0.079108402;
 -0.0091668852, -0.93968976, 0.34190512, 0.050156478;
 0, 0, 0, 1]
Ow:
[0.023983104;
 0.020190543;
 -0.090562493]
Keyframe: 13 Frame: 93 Frame from vFrameID : 94
Tcw:
[0.99978805, -0.020586539, -0.00022929888, 0.022316782;
 0.006947828, 0.34786457, -0.93751907, 0.02237151;
 0.019380037, 0.93731874, 0.34793386, -0.093674764;
 0, 0, 0, 1]
Twc:
[0.99978805, 0.006947828, 0.019380037, -0.020652065;
 -0.020586539, 0.34786457, 0.93731874, 0.080480278;
 -0.00022929888, -0.93751907, 0.34793386, 0.053571455;
 0, 0, 0, 1]
Ow:
[0.022316782;
 0.02237151;
 -0.093674764]
Keyframe: 14 Frame: 99 Frame from vFrameID : 100
Tcw:
[0.99976319, -0.021730419, -0.0011646749, 0.023955088;
 0.0061856429, 0.33508319, -0.94216824, 0.022542201;
 0.020863974, 0.94193792, 0.33513823, -0.095187008;
 0, 0, 0, 1]
Twc:
[0.99976319, 0.0061856429, 0.020863974, -0.022102876;
 -0.021730419, 0.33508319, 0.94193792, 0.082627289;
 -0.0011646749, -0.94216824, 0.33513823, 0.053167254;
 0, 0, 0, 1]
Ow:
[0.023955088;
 0.022542201;
 -0.095187008]
Keyframe: 15 Frame: 104 Frame from vFrameID : 105
Tcw:
[0.99993175, -0.010707562, 0.0046768859, 0.026434157;
 0.0080296742, 0.33894154, -0.94077319, 0.024395121;
 0.0084881959, 0.94074649, 0.33900437, -0.096659295;
 0, 0, 0, 1]
Twc:
[0.99993175, 0.0080296742, 0.0084881959, -0.025807776;
 -0.010707562, 0.33894154, 0.94074649, 0.08294642;
 0.0046768859, -0.94077319, 0.33900437, 0.055594571;
 0, 0, 0, 1]
Ow:
[0.026434157;
 0.024395121;
 -0.096659295]
Keyframe: 16 Frame: 109 Frame from vFrameID : 110
Tcw:
[0.99993175, -0.010290103, -0.0055288314, 0.029440414;
 -0.0016549145, 0.34374014, -0.93906337, 0.023304375;
 0.01156354, 0.93900841, 0.34369966, -0.098275602;
 0, 0, 0, 1]
Twc:
[0.99993175, -0.0016549145, 0.01156354, -0.028263425;
 -0.010290103, 0.34374014, 0.93900841, 0.084573917;
 -0.0055288314, -0.93906337, 0.34369966, 0.055824347;
 0, 0, 0, 1]
Ow:
[0.029440414;
 0.023304375;
 -0.098275602]
Keyframe: 17 Frame: 115 Frame from vFrameID : 116
Tcw:
[0.9998337, -0.017442986, 0.0053201308, 0.029098511;
 0.010931901, 0.33978215, -0.94044065, 0.017922482;
 0.014596407, 0.94034243, 0.33991632, -0.093460232;
 0, 0, 0, 1]
Twc:
[0.9998337, 0.010931901, 0.014596407, -0.027925415;
 -0.017442986, 0.33978215, 0.94034243, 0.082302444;
 0.0053201308, -0.94044065, 0.33991632, 0.04846888;
 0, 0, 0, 1]
Ow:
[0.029098511;
 0.017922482;
 -0.093460232]
Keyframe: 18 Frame: 120 Frame from vFrameID : 121
Tcw:
[0.99966127, -0.0077175042, 0.024855196, 0.032040291;
 0.026005389, 0.33398798, -0.94221854, 0.013611941;
 -0.0010297614, 0.94254571, 0.33407554, -0.087321721;
 0, 0, 0, 1]
Twc:
[0.99966127, 0.026005389, -0.0010297614, -0.032473341;
 -0.0077175042, 0.33398798, 0.94254571, 0.078005761;
 0.024855196, -0.94221854, 0.33407554, 0.041201107;
 0, 0, 0, 1]
Ow:
[0.032040291;
 0.013611941;
 -0.087321721]
Keyframe: 19 Frame: 126 Frame from vFrameID : 127
Tcw:
[0.99898833, -0.0021455511, 0.044919219, 0.035475612;
 0.043006327, 0.33755437, -0.94032311, 0.0091879629;
 -0.013145167, 0.94130361, 0.33730513, -0.083312057;
 0, 0, 0, 1]
Twc:
[0.99898833, 0.043006327, -0.013145167, -0.036930013;
 -0.0021455511, 0.33755437, 0.94130361, 0.07539662;
 0.044919219, -0.94032311, 0.33730513, 0.035147704;
 0, 0, 0, 1]
Ow:
[0.035475612;
 0.0091879629;
 -0.083312057]
Keyframe: 20 Frame: 132 Frame from vFrameID : 133
Tcw:
[0.99878031, 0.00228681, 0.049321685, 0.039675105;
 0.045326836, 0.35364667, -0.93428022, -0.0010624304;
 -0.019578971, 0.93537629, 0.35311168, -0.075132646;
 0, 0, 0, 1]
Twc:
[0.99878031, 0.045326836, -0.019578971, -0.041049577;
 0.00228681, 0.35364667, 0.93537629, 0.070562288;
 0.049321685, -0.93428022, 0.35311168, 0.023580762;
 0, 0, 0, 1]
Ow:
[0.039675105;
 -0.0010624304;
 -0.075132646]
Keyframe: 21 Frame: 138 Frame from vFrameID : 139
Tcw:
[0.99953723, -0.003261205, 0.030243721, 0.046091471;
 0.029634081, 0.3288013, -0.94393408, -0.0087444028;
 -0.006865812, 0.94439352, 0.32874578, -0.06682083;
 0, 0, 0, 1]
Twc:
[0.99953723, 0.029634081, -0.006865812, -0.046269789;
 -0.003261205, 0.3288013, 0.94439352, 0.066130646;
 0.030243721, -0.94393408, 0.32874578, 0.012318952;
 0, 0, 0, 1]
Ow:
[0.046091471;
 -0.0087444028;
 -0.06682083]
Keyframe: 22 Frame: 145 Frame from vFrameID : 146
Tcw:
[0.9999904, 0.0034445752, 0.0026992653, 0.055537976;
 0.0014264735, 0.3265506, -0.94517863, -0.017325236;
 -0.0041371854, 0.94517344, 0.32654256, -0.059193287;
 0, 0, 0, 1]
Twc:
[0.9999904, 0.0014264735, -0.0041371854, -0.055757627;
 0.0034445752, 0.3265506, 0.94517344, 0.061414186;
 0.0026992653, -0.94517863, 0.32654256, 0.0028037734;
 0, 0, 0, 1]
Ow:
[0.055537976;
 -0.017325236;
 -0.059193287]
Keyframe: 23 Frame: 153 Frame from vFrameID : 154
Tcw:
[0.99971515, 0.017099766, 0.01665074, 0.064912803;
 0.009458974, 0.35665202, -0.93418944, -0.025833569;
 -0.02191294, 0.93408078, 0.35638866, -0.053257354;
 0, 0, 0, 1]
Twc:
[0.99971515, 0.009458974, -0.02191294, -0.065816976;
 0.017099766, 0.35665202, 0.93408078, 0.057850275;
 0.01665074, -0.93418944, 0.35638866, -0.0062339744;
 0, 0, 0, 1]
Ow:
[0.064912803;
 -0.025833569;
 -0.053257354]
Keyframe: 24 Frame: 160 Frame from vFrameID : 161
Tcw:
[0.99849522, 0.028594263, 0.046793904, 0.068642095;
 0.034745079, 0.3303051, -0.9432345, -0.025815021;
 -0.042427361, 0.94344097, 0.32881457, -0.011316539;
 0, 0, 0, 1]
Twc:
[0.99849522, 0.034745079, -0.042427361, -0.068121985;
 0.028594263, 0.3303051, 0.94344097, 0.01724055;
 0.046793904, -0.9432345, 0.32881457, -0.023840606;
 0, 0, 0, 1]
Ow:
[0.068642095;
 -0.025815021;
 -0.011316539]
Keyframe: 25 Frame: 168 Frame from vFrameID : 169
Tcw:
[0.99754095, 0.040895849, 0.056917351, 0.081327178;
 0.040143106, 0.33230358, -0.94231778, -0.033369072;
 -0.057450727, 0.94228542, 0.32984474, 0.010913003;
 0, 0, 0, 1]
Twc:
[0.99754095, 0.040143106, -0.057450727, -0.07916069;
 0.040895849, 0.33230358, 0.94228542, -0.0025204446;
 0.056917351, -0.94231778, 0.32984474, -0.039672796;
 0, 0, 0, 1]
Ow:
[0.081327178;
 -0.033369072;
 0.010913003]
Keyframe: 26 Frame: 176 Frame from vFrameID : 177
Tcw:
[0.9996407, 0.019699309, 0.018178491, 0.10700664;
 0.011189313, 0.30959725, -0.95080197, -0.040925793;
 -0.024358153, 0.95066369, 0.30926558, 0.038810402;
 0, 0, 0, 1]
Twc:
[0.9996407, 0.011189313, -0.024358153, -0.10556491;
 0.019699309, 0.30959725, 0.95066369, -0.026333088;
 0.018178491, -0.95080197, 0.30926558, -0.052860264;
 0, 0, 0, 1]
Ow:
[0.10700664;
 -0.040925793;
 0.038810402]
Keyframe: 27 Frame: 184 Frame from vFrameID : 185
Tcw:
[0.99990445, 0.012346067, -0.0062202374, 0.11925463;
 -0.0098891435, 0.32436171, -0.94588143, -0.053843018;
 -0.0096603092, 0.94585258, 0.32445279, 0.062298715;
 0, 0, 0, 1]
Twc:
[0.99990445, -0.0098891435, -0.0096603092, -0.11917386;
 0.012346067, 0.32436171, 0.94585258, -0.04293311;
 -0.0062202374, -0.94588143, 0.32445279, -0.070400313;
 0, 0, 0, 1]
Ow:
[0.11925463;
 -0.053843018;
 0.062298715]
Keyframe: 28 Frame: 192 Frame from vFrameID : 193
Tcw:
[0.99984312, 0.0011718289, -0.01767331, 0.12628023;
 -0.017191656, 0.30431387, -0.95241666, -0.059400558;
 0.0042621638, 0.95257109, 0.30428627, 0.092055008;
 0, 0, 0, 1]
Twc:
[0.99984312, -0.017191656, 0.0042621638, -0.12767397;
 0.0011718289, 0.30431387, 0.95257109, -0.069760501;
 -0.01767331, -0.95241666, 0.30428627, -0.082353368;
 0, 0, 0, 1]
Ow:
[0.12628023;
 -0.059400558;
 0.092055008]
Keyframe: 29 Frame: 200 Frame from vFrameID : 201
Tcw:
[0.99987149, 0.012992707, 0.0093906531, 0.12726946;
 0.0047482015, 0.3194741, -0.94758314, -0.074257135;
 -0.01531174, 0.94750595, 0.31937134, 0.11304902;
 0, 0, 0, 1]
Twc:
[0.99987149, 0.0047482015, -0.01531174, -0.12516953;
 0.012992707, 0.3194741, 0.94750595, -0.08504495;
 0.0093906531, -0.94758314, 0.31937134, -0.10766456;
 0, 0, 0, 1]
Ow:
[0.12726946;
 -0.074257135;
 0.11304902]
Keyframe: 30 Frame: 208 Frame from vFrameID : 209
Tcw:
[0.99991435, 0.0090320418, 0.0094727837, 0.14223716;
 0.0059810053, 0.32844996, -0.94450241, -0.078844607;
 -0.011642121, 0.94447815, 0.32836783, 0.1310256;
 0, 0, 0, 1]
Twc:
[0.99991435, 0.0059810053, -0.011642121, -0.14022799;
 0.0090320418, 0.32844996, 0.94447815, -0.099138997;
 0.0094727837, -0.94450241, 0.32836783, -0.11884089;
 0, 0, 0, 1]
Ow:
[0.14223716;
 -0.078844607;
 0.1310256]
Keyframe: 31 Frame: 216 Frame from vFrameID : 217
Tcw:
[0.99942613, -0.02304825, -0.024823526, 0.16335869;
 -0.017076079, 0.29008907, -0.95684731, -0.081809893;
 0.02925469, 0.95672208, 0.28952903, 0.15709895;
 0, 0, 0, 1]
Twc:
[0.99942613, -0.017076079, 0.02925469, -0.1692578;
 -0.02304825, 0.29008907, 0.95672208, -0.12280275;
 -0.024823526, -0.95684731, 0.28952903, -0.11970914;
 0, 0, 0, 1]
Ow:
[0.16335869;
 -0.081809893;
 0.15709895]
Keyframe: 32 Frame: 224 Frame from vFrameID : 225
Tcw:
[0.9995001, -0.023579812, -0.021059716, 0.16836278;
 -0.013066441, 0.29847446, -0.95432818, -0.089657336;
 0.028788667, 0.9541263, 0.29801714, 0.19697317;
 0, 0, 0, 1]
Twc:
[0.9995001, -0.013066441, 0.028788667, -0.17512071;
 -0.023579812, 0.29847446, 0.9541263, -0.15720689;
 -0.021059716, -0.95432818, 0.29801714, -0.14071824;
 0, 0, 0, 1]
Ow:
[0.16836278;
 -0.089657336;
 0.19697317]
Keyframe: 33 Frame: 233 Frame from vFrameID : 234
Tcw:
[0.99985886, 0.0092412103, 0.014030074, 0.1885556;
 0.010428691, 0.31333062, -0.94958681, -0.11082332;
 -0.013171384, 0.94959915, 0.31319004, 0.20880935;
 0, 0, 0, 1]
Twc:
[0.99985886, 0.010428691, -0.013171384, -0.18462294;
 0.0092412103, 0.31333062, 0.94959915, -0.1653033;
 0.014030074, -0.94958681, 0.31319004, -0.17327882;
 0, 0, 0, 1]
Ow:
[0.1885556;
 -0.11082332;
 0.20880935]
Keyframe: 34 Frame: 241 Frame from vFrameID : 242
Tcw:
[0.99961299, -0.011020408, 0.025542302, 0.20252535;
 0.027653303, 0.29379421, -0.9554686, -0.10927374;
 0.0030254738, 0.95580518, 0.29398525, 0.2449986;
 0, 0, 0, 1]
Twc:
[0.99961299, 0.027653303, 0.0030254738, -0.20016642;
 -0.011020408, 0.29379421, 0.95580518, -0.19983502;
 0.025542302, -0.9554686, 0.29398525, -0.18160658;
 0, 0, 0, 1]
Ow:
[0.20252535;
 -0.10927374;
 0.2449986]
Keyframe: 35 Frame: 249 Frame from vFrameID : 250
Tcw:
[0.99793476, -0.047855239, -0.042849474, 0.2230814;
 -0.028816339, 0.26266059, -0.96445787, -0.119018;
 0.057409234, 0.96370083, 0.26073912, 0.28857926;
 0, 0, 0, 1]
Twc:
[0.99793476, -0.028816339, 0.057409234, -0.24261746;
 -0.047855239, 0.26266059, 0.96370083, -0.23616712;
 -0.042849474, -0.96445787, 0.26073912, -0.18047284;
 0, 0, 0, 1]
Ow:
[0.2230814;
 -0.119018;
 0.28857926]
Keyframe: 36 Frame: 257 Frame from vFrameID : 258
Tcw:
[0.99655032, -0.056111757, -0.061146602, 0.2451572;
 -0.042906843, 0.28232235, -0.9583596, -0.12267777;
 0.071038291, 0.95767719, 0.27894086, 0.31683746;
 0, 0, 0, 1]
Twc:
[0.99655032, -0.042906843, 0.071038291, -0.27208278;
 -0.056111757, 0.28232235, 0.95767719, -0.25503713;
 -0.061146602, -0.9583596, 0.27894086, -0.1909578;
 0, 0, 0, 1]
Ow:
[0.2451572;
 -0.12267777;
 0.31683746]
Keyframe: 37 Frame: 266 Frame from vFrameID : 267
Tcw:
[0.99677408, -0.049822327, -0.062921844, 0.24986312;
 -0.045519482, 0.29475683, -0.9544875, -0.14163992;
 0.066101432, 0.95427257, 0.29153809, 0.34004635;
 0, 0, 0, 1]
Twc:
[0.99677408, -0.045519482, 0.066101432, -0.27798203;
 -0.049822327, 0.29475683, 0.95427257, -0.27029881;
 -0.062921844, -0.9544875, 0.29153809, -0.21860814;
 0, 0, 0, 1]
Ow:
[0.24986312;
 -0.14163992;
 0.34004635]
Keyframe: 38 Frame: 274 Frame from vFrameID : 275
Tcw:
[0.99710476, -0.05799545, -0.049179882, 0.27831578;
 -0.030457327, 0.28800669, -0.9571439, -0.15134972;
 0.069674127, 0.95587063, 0.28540647, 0.37167928;
 0, 0, 0, 1]
Twc:
[0.99710476, -0.030457327, 0.069674127, -0.30801612;
 -0.05799545, 0.28800669, 0.95587063, -0.29554653;
 -0.049179882, -0.9571439, 0.28540647, -0.2372556;
 0, 0, 0, 1]
Ow:
[0.27831578;
 -0.15134972;
 0.37167928]
Keyframe: 39 Frame: 283 Frame from vFrameID : 284
Tcw:
[0.9896149, -0.083763905, -0.11681601, 0.29869428;
 -0.089294955, 0.27860618, -0.95624524, -0.15502861;
 0.1126445, 0.95674562, 0.26823312, 0.39989775;
 0, 0, 0, 1]
Twc:
[0.9896149, -0.089294955, 0.1126445, -0.35448188;
 -0.083763905, 0.27860618, 0.95674562, -0.31438869;
 -0.11681601, -0.95624524, 0.26823312, -0.22061892;
 0, 0, 0, 1]
Ow:
[0.29869428;
 -0.15502861;
 0.39989775]
Keyframe: 40 Frame: 292 Frame from vFrameID : 293
Tcw:
[0.99648088, -0.050311536, -0.067041643, 0.30341923;
 -0.050536953, 0.27748418, -0.95940012, -0.17602667;
 0.066871889, 0.95941192, 0.27396509, 0.43531293;
 0, 0, 0, 1]
Twc:
[0.99648088, -0.050536953, 0.066871889, -0.34035751;
 -0.050311536, 0.27748418, 0.95941192, -0.35353431;
 -0.067041643, -0.95940012, 0.27396509, -0.26779881;
 0, 0, 0, 1]
Ow:
[0.30341923;
 -0.17602667;
 0.43531293]
Keyframe: 41 Frame: 301 Frame from vFrameID : 302
Tcw:
[0.99941152, -0.032555915, -0.010801688, 0.31763384;
 -0.00087558967, 0.29059187, -0.95684671, -0.1801213;
 0.034289904, 0.95629311, 0.29039237, 0.44889078;
 0, 0, 0, 1]
Twc:
[0.99941152, -0.00087558967, 0.034289904, -0.33299705;
 -0.032555915, 0.29059187, 0.95629311, -0.3665885;
 -0.010801688, -0.95684671, 0.29039237, -0.29927194;
 0, 0, 0, 1]
Ow:
[0.31763384;
 -0.1801213;
 0.44889078]
Keyframe: 42 Frame: 309 Frame from vFrameID : 310
Tcw:
[0.99812376, -0.054436535, -0.028028825, 0.32462883;
 -0.011827393, 0.27773392, -0.96058524, -0.18882006;
 0.060075488, 0.95911443, 0.27656898, 0.48366964;
 0, 0, 0, 1]
Twc:
[0.99812376, -0.011827393, 0.060075488, -0.3553097;
 -0.054436535, 0.27773392, 0.95911443, -0.39378113;
 -0.028028825, -0.96058524, 0.27656898, -0.30604681;
 0, 0, 0, 1]
Ow:
[0.32462883;
 -0.18882006;
 0.48366964]
Keyframe: 43 Frame: 319 Frame from vFrameID : 320
Tcw:
[0.99486208, -0.07302554, -0.070119351, 0.34578022;
 -0.044228978, 0.30951202, -0.94986635, -0.2127386;
 0.091067284, 0.94808733, 0.30469191, 0.51649868;
 0, 0, 0, 1]
Twc:
[0.99486208, -0.044228978, 0.091067284, -0.40044895;
 -0.07302554, 0.30951202, 0.94808733, -0.39858991;
 -0.070119351, -0.94986635, 0.30469191, -0.33520034;
 0, 0, 0, 1]
Ow:
[0.34578022;
 -0.2127386;
 0.51649868]
Keyframe: 44 Frame: 327 Frame from vFrameID : 328
Tcw:
[0.99768227, -0.065900393, -0.016948232, 0.34709859;
 0.0022729668, 0.28121156, -0.95964313, -0.23041521;
 0.068006895, 0.95738035, 0.28070956, 0.54161727;
 0, 0, 0, 1]
Twc:
[0.99768227, 0.0022729668, 0.068006895, -0.38260409;
 -0.065900393, 0.28121156, 0.95738035, -0.43086442;
 -0.016948232, -0.95964313, 0.28070956, -0.3672708;
 0, 0, 0, 1]
Ow:
[0.34709859;
 -0.23041521;
 0.54161727]
Keyframe: 45 Frame: 338 Frame from vFrameID : 339
Tcw:
[0.99781978, -0.065635145, 0.0069034407, 0.36810508;
 0.024955291, 0.27839661, -0.96014196, -0.23606379;
 0.061097164, 0.95822096, 0.27942759, 0.59132946;
 0, 0, 0, 1]
Twc:
[0.99781978, 0.024955291, 0.061097164, -0.39754006;
 -0.065635145, 0.27839661, 0.95822096, -0.47674426;
 0.0069034407, -0.96014196, 0.27942759, -0.39442971;
 0, 0, 0, 1]
Ow:
[0.36810508;
 -0.23606379;
 0.59132946]
Keyframe: 46 Frame: 347 Frame from vFrameID : 348
Tcw:
[0.99428123, -0.079790868, -0.070980936, 0.40216064;
 -0.045679796, 0.28302571, -0.95802391, -0.24623448;
 0.096530989, 0.95578754, 0.27776229, 0.60697168;
 0, 0, 0, 1]
Twc:
[0.99428123, -0.045679796, 0.096530989, -0.46970028;
 -0.079790868, 0.28302571, 0.95578754, -0.47835651;
 -0.070980936, -0.95802391, 0.27776229, -0.37594664;
 0, 0, 0, 1]
Ow:
[0.40216064;
 -0.24623448;
 0.60697168]
Keyframe: 47 Frame: 355 Frame from vFrameID : 356
Tcw:
[0.99520385, -0.085058719, -0.048314773, 0.40648779;
 -0.019793263, 0.30859223, -0.95098847, -0.25747389;
 0.095799424, 0.9473837, 0.30542859, 0.63077974;
 0, 0, 0, 1]
Twc:
[0.99520385, -0.019793263, 0.095799424, -0.47006279;
 -0.085058719, 0.30859223, 0.9473837, -0.48356065;
 -0.048314773, -0.95098847, 0.30542859, -0.4178735;
 0, 0, 0, 1]
Ow:
[0.40648779;
 -0.25747389;
 0.63077974]
Keyframe: 48 Frame: 365 Frame from vFrameID : 366
Tcw:
[0.99451077, -0.10236613, -0.021668628, 0.4388397;
 0.0098597975, 0.29784968, -0.95456189, -0.2725167;
 0.1041688, 0.94910842, 0.29722401, 0.66211808;
 0, 0, 0, 1]
Twc:
[0.99451077, 0.0098597975, 0.1041688, -0.50271589;
 -0.10236613, 0.29784968, 0.94910842, -0.50233048;
 -0.021668628, -0.95456189, 0.29722401, -0.44742236;
 0, 0, 0, 1]
Ow:
[0.4388397;
 -0.2725167;
 0.66211808]
Keyframe: 49 Frame: 373 Frame from vFrameID : 374
Tcw:
[0.99157995, -0.11367626, -0.062023498, 0.44753474;
 -0.026713058, 0.28909975, -0.95692623, -0.26133561;
 0.12671077, 0.95052564, 0.28362885, 0.70158744;
 0, 0, 0, 1]
Twc:
[0.99157995, -0.026713058, 0.12671077, -0.53964621;
 -0.11367626, 0.28909975, 0.95052564, -0.54045075;
 -0.062023498, -0.95692623, 0.28362885, -0.42131165;
 0, 0, 0, 1]
Ow:
[0.44753474;
 -0.26133561;
 0.70158744]
Keyframe: 50 Frame: 381 Frame from vFrameID : 382
Tcw:
[0.98378611, -0.13144439, -0.12201351, 0.46921894;
 -0.080954731, 0.28160927, -0.95610803, -0.25724781;
 0.16003518, 0.95048332, 0.26640221, 0.73329252;
 0, 0, 0, 1]
Twc:
[0.98378611, -0.080954731, 0.16003518, -0.59978908;
 -0.13144439, 0.28160927, 0.95048332, -0.56286281;
 -0.12201351, -0.95610803, 0.26640221, -0.38405642;
 0, 0, 0, 1]
Ow:
[0.46921894;
 -0.25724781;
 0.73329252]
Keyframe: 51 Frame: 391 Frame from vFrameID : 392
Tcw:
[0.9883877, -0.12734298, -0.082906373, 0.4688364;
 -0.041267693, 0.30014482, -0.95300055, -0.26678324;
 0.14624186, 0.94535542, 0.29140431, 0.75975776;
 0, 0, 0, 1]
Twc:
[0.9883877, -0.041267693, 0.14624186, -0.58551008;
 -0.12734298, 0.30014482, 0.94535542, -0.57846445;
 -0.082906373, -0.95300055, 0.29140431, -0.43677172;
 0, 0, 0, 1]
Ow:
[0.4688364;
 -0.26678324;
 0.75975776]
Keyframe: 52 Frame: 399 Frame from vFrameID : 400
Tcw:
[0.99304265, -0.11427553, -0.028414333, 0.47890773;
 0.0073810895, 0.30123192, -0.95352232, -0.29111555;
 0.11752357, 0.94667864, 0.29997963, 0.77606285;
 0, 0, 0, 1]
Twc:
[0.99304265, 0.0073810895, 0.11752357, -0.56463277;
 -0.11427553, 0.30123192, 0.94667864, -0.59226131;
 -0.028414333, -0.95352232, 0.29997963, -0.49678037;
 0, 0, 0, 1]
Ow:
[0.47890773;
 -0.29111555;
 0.77606285]
Keyframe: 53 Frame: 407 Frame from vFrameID : 408
Tcw:
[0.99167717, -0.11926768, -0.048493907, 0.49350291;
 -0.011834302, 0.29061934, -0.95676559, -0.29330388;
 0.12820448, 0.94937646, 0.28678912, 0.80557704;
 0, 0, 0, 1]
Twc:
[0.99167717, -0.011834302, 0.12820448, -0.59614515;
 -0.11926768, 0.29061934, 0.94937646, -0.62069714;
 -0.048493907, -0.95676559, 0.28678912, -0.48772189;
 0, 0, 0, 1]
Ow:
[0.49350291;
 -0.29330388;
 0.80557704]
Keyframe: 54 Frame: 415 Frame from vFrameID : 416
Tcw:
[0.98549742, -0.13834839, -0.09825784, 0.49713197;
 -0.050334491, 0.31465033, -0.94787216, -0.30187863;
 0.16205344, 0.9390713, 0.30312338, 0.82875454;
 0, 0, 0, 1]
Twc:
[0.98549742, -0.050334491, 0.16205344, -0.63941967;
 -0.13834839, 0.31465033, 0.9390713, -0.61449593;
 -0.09825784, -0.94787216, 0.30312338, -0.48851007;
 0, 0, 0, 1]
Ow:
[0.49713197;
 -0.30187863;
 0.82875454]
Keyframe: 55 Frame: 423 Frame from vFrameID : 424
Tcw:
[0.98776954, -0.13550171, -0.07714057, 0.50573319;
 -0.028609544, 0.32883379, -0.94395435, -0.31407312;
 0.15327387, 0.93461627, 0.32093537, 0.8587541;
 0, 0, 0, 1]
Twc:
[0.98776954, -0.028609544, 0.15327387, -0.64015788;
 -0.13550171, 0.32883379, 0.93461627, -0.63079995;
 -0.07714057, -0.94395435, 0.32093537, -0.5330627;
 0, 0, 0, 1]
Ow:
[0.50573319;
 -0.31407312;
 0.8587541]
Keyframe: 56 Frame: 432 Frame from vFrameID : 433
Tcw:
[0.99282563, -0.11739334, -0.022718098, 0.50599545;
 0.016138203, 0.31981573, -0.94734234, -0.33237046;
 0.11847728, 0.94017911, 0.31941575, 0.88485903;
 0, 0, 0, 1]
Twc:
[0.99282563, 0.016138203, 0.11847728, -0.6018371;
 -0.11739334, 0.31981573, 0.94017911, -0.66622812;
 -0.022718098, -0.94734234, 0.31941575, -0.58601123;
 0, 0, 0, 1]
Ow:
[0.50599545;
 -0.33237046;
 0.88485903]
Keyframe: 57 Frame: 440 Frame from vFrameID : 441
Tcw:
[0.99396312, -0.1057543, -0.029212892, 0.51583558;
 0.0073823961, 0.33012486, -0.94390839, -0.34344673;
 0.10946628, 0.93799448, 0.32891265, 0.90812671;
 0, 0, 0, 1]
Twc:
[0.99396312, 0.0073823961, 0.10946628, -0.6095953;
 -0.1057543, 0.33012486, 0.93799448, -0.68388569;
 -0.029212892, -0.94390839, 0.32891265, -0.60780758;
 0, 0, 0, 1]
Ow:
[0.51583558;
 -0.34344673;
 0.90812671]
Keyframe: 58 Frame: 448 Frame from vFrameID : 449
Tcw:
[0.991108, -0.10167465, -0.085832551, 0.53593773;
 -0.050183136, 0.31180549, -0.94881976, -0.34790272;
 0.12323398, 0.94469023, 0.30393055, 0.93973136;
 0, 0, 0, 1]
Twc:
[0.991108, -0.050183136, 0.12323398, -0.66443783;
 -0.10167465, 0.31180549, 0.94469023, -0.72478575;
 -0.085832551, -0.94881976, 0.30393055, -0.56970918;
 0, 0, 0, 1]
Ow:
[0.53593773;
 -0.34790272;
 0.93973136]
Keyframe: 59 Frame: 456 Frame from vFrameID : 457
Tcw:
[0.98712552, -0.11620324, -0.10990936, 0.54267275;
 -0.064738847, 0.33808786, -0.93888521, -0.35788286;
 0.14626053, 0.93391293, 0.32621226, 0.95881677;
 0, 0, 0, 1]
Twc:
[0.98712552, -0.064738847, 0.14626053, -0.69909209;
 -0.11620324, 0.33808786, 0.93391293, -0.71139532;
 -0.10990936, -0.93888521, 0.32621226, -0.58914393;
 0, 0, 0, 1]
Ow:
[0.54267275;
 -0.35788286;
 0.95881677]
Keyframe: 60 Frame: 464 Frame from vFrameID : 465
Tcw:
[0.99364799, -0.097762778, -0.055731978, 0.54841107;
 -0.020153441, 0.33264869, -0.94283545, -0.37050748;
 0.11071339, 0.93796974, 0.32856545, 0.9802559;
 0, 0, 0, 1]
Twc:
[0.99364799, -0.020153441, 0.11071339, -0.66092205;
 -0.097762778, 0.33264869, 0.93796974, -0.74258739;
 -0.055731978, -0.94283545, 0.32856545, -0.64084178;
 0, 0, 0, 1]
Ow:
[0.54841107;
 -0.37050748;
 0.9802559]
Keyframe: 61 Frame: 472 Frame from vFrameID : 473
Tcw:
[0.99543327, -0.094579205, -0.012939498, 0.55351657;
 0.019153014, 0.33067131, -0.9435516, -0.37648243;
 0.093519084, 0.93899482, 0.3309727, 0.9940719;
 0, 0, 0, 1]
Twc:
[0.99543327, 0.019153014, 0.093519084, -0.63674265;
 -0.094579205, 0.33067131, 0.93899482, -0.75658524;
 -0.012939498, -0.9435516, 0.3309727, -0.67707902;
 0, 0, 0, 1]
Ow:
[0.55351657;
 -0.37648243;
 0.9940719]
Keyframe: 62 Frame: 480 Frame from vFrameID : 481
Tcw:
[0.99408764, -0.10542408, -0.025990319, 0.55575812;
 0.0099971462, 0.32721391, -0.94489741, -0.37808549;
 0.10811933, 0.93905103, 0.32633325, 1.017856;
 0, 0, 0, 1]
Twc:
[0.99408764, 0.0099971462, 0.10811933, -0.65874249;
 -0.10542408, 0.32721391, 0.93905103, -0.77351367;
 -0.025990319, -0.94489741, 0.32633325, -0.67496794;
 0, 0, 0, 1]
Ow:
[0.55575812;
 -0.37808549;
 1.017856]
Keyframe: 63 Frame: 489 Frame from vFrameID : 490
Tcw:
[0.9924221, -0.11382978, -0.046272084, 0.55620128;
 -0.0076986975, 0.31823546, -0.94798046, -0.380979;
 0.12263383, 0.94115299, 0.31494758, 1.0435709;
 0, 0, 0, 1]
Twc:
[0.9924221, -0.0076986975, 0.12263383, -0.68289661;
 -0.11382978, 0.31823546, 0.94115299, -0.79760659;
 -0.046272084, -0.94798046, 0.31494758, -0.66409421;
 0, 0, 0, 1]
Ow:
[0.55620128;
 -0.380979;
 1.0435709]
Keyframe: 64 Frame: 497 Frame from vFrameID : 498
Tcw:
[0.99393648, -0.10716791, -0.024603719, 0.55638933;
 0.014732653, 0.35153997, -0.93605697, -0.39434874;
 0.10896446, 0.93001866, 0.35098726, 1.0637212;
 0, 0, 0, 1]
Twc:
[0.99393648, 0.014732653, 0.10896446, -0.66311365;
 -0.10716791, 0.35153997, 0.93001866, -0.79102421;
 -0.024603719, -0.93605697, 0.35098726, -0.72879618;
 0, 0, 0, 1]
Ow:
[0.55638933;
 -0.39434874;
 1.0637212]
Keyframe: 65 Frame: 505 Frame from vFrameID : 506
Tcw:
[0.99565542, -0.091686711, 0.016242204, 0.55776715;
 0.047708865, 0.35252506, -0.93458545, -0.40174717;
 0.079963282, 0.93129998, 0.35536775, 1.0911115;
 0, 0, 0, 1]
Twc:
[0.99565542, 0.047708865, 0.079963282, -0.6234259;
 -0.091686711, 0.35252506, 0.93129998, -0.82338631;
 0.016242204, -0.93458545, 0.35536775, -0.77227229;
 0, 0, 0, 1]
Ow:
[0.55776715;
 -0.40174717;
 1.0911115]
Keyframe: 66 Frame: 513 Frame from vFrameID : 514
Tcw:
[0.99482208, -0.097428143, 0.028926173, 0.54627705;
 0.061157487, 0.34656346, -0.93603075, -0.39829019;
 0.081170984, 0.93295312, 0.35072744, 1.1114366;
 0, 0, 0, 1]
Twc:
[0.99482208, 0.061157487, 0.081170984, -0.60930645;
 -0.097428143, 0.34656346, 0.93295312, -0.84566259;
 0.028926173, -0.93603075, 0.35072744, -0.77842486;
 0, 0, 0, 1]
Ow:
[0.54627705;
 -0.39829019;
 1.1114366]
Keyframe: 67 Frame: 521 Frame from vFrameID : 522
Tcw:
[0.99346602, -0.10762956, -0.037962183, 0.55839539;
 -7.510539e-06, 0.33256584, -0.94308007, -0.38424802;
 0.11412822, 0.93691826, 0.33039206, 1.1403034;
 0, 0, 0, 1]
Twc:
[0.99346602, -7.510539e-06, 0.11412822, -0.68489051;
 -0.10762956, 0.33256584, 0.93691826, -0.88048339;
 -0.037962183, -0.94308007, 0.33039206, -0.71792585;
 0, 0, 0, 1]
Ow:
[0.55839539;
 -0.38424802;
 1.1403034]
Keyframe: 68 Frame: 529 Frame from vFrameID : 530
Tcw:
[0.99027348, -0.13123928, -0.046202209, 0.55949855;
 0.005533176, 0.36895317, -0.9294315, -0.38291278;
 0.13902436, 0.92013574, 0.36609071, 1.1522105;
 0, 0, 0, 1]
Twc:
[0.99027348, 0.005533176, 0.13902436, -0.71212322;
 -0.13123928, 0.36895317, 0.92013574, -0.84548497;
 -0.046202209, -0.9294315, 0.36609071, -0.75185472;
 0, 0, 0, 1]
Ow:
[0.55949855;
 -0.38291278;
 1.1522105]
Keyframe: 69 Frame: 537 Frame from vFrameID : 538
Tcw:
[0.99260598, -0.12006618, -0.017818257, 0.56948668;
 0.023999207, 0.33802781, -0.94083005, -0.36731413;
 0.11898494, 0.93344593, 0.33840993, 1.1734011;
 0, 0, 0, 1]
Twc:
[0.99260598, 0.023999207, 0.11898494, -0.69607764;
 -0.12006618, 0.33802781, 0.93344593, -0.90276802;
 -0.017818257, -0.94083005, 0.33840993, -0.7325235;
 0, 0, 0, 1]
Ow:
[0.56948668;
 -0.36731413;
 1.1734011]
Keyframe: 70 Frame: 545 Frame from vFrameID : 546
Tcw:
[0.99623746, -0.085626312, 0.013380251, 0.5819909;
 0.041704562, 0.33831617, -0.94010794, -0.37476212;
 0.075971216, 0.93712872, 0.34061426, 1.1929957;
 0, 0, 0, 1]
Twc:
[0.99623746, 0.041704562, 0.075971216, -0.65480524;
 -0.085626312, 0.33831617, 0.93712872, -0.94136882;
 0.013380251, -0.94010794, 0.34061426, -0.76645535;
 0, 0, 0, 1]
Ow:
[0.5819909;
 -0.37476212;
 1.1929957]
Keyframe: 71 Frame: 554 Frame from vFrameID : 555
Tcw:
[0.98314291, -0.13680416, -0.12130374, 0.61061192;
 -0.071785875, 0.32135859, -0.9442327, -0.35425168;
 0.16815697, 0.93702364, 0.30612084, 1.2144969;
 0, 0, 0, 1]
Twc:
[0.98314291, -0.071785875, 0.16815697, -0.82997513;
 -0.13680416, 0.32135859, 0.93702364, -0.9406361;
 -0.12130374, -0.9442327, 0.30612084, -0.6322093;
 0, 0, 0, 1]
Ow:
[0.61061192;
 -0.35425168;
 1.2144969]
Keyframe: 72 Frame: 562 Frame from vFrameID : 563
Tcw:
[0.98134172, -0.14377519, -0.12766001, 0.62379915;
 -0.067381851, 0.36468112, -0.92869121, -0.36067438;
 0.18007796, 0.91996539, 0.348189, 1.2270957;
 0, 0, 0, 1]
Twc:
[0.98134172, -0.067381851, 0.18007796, -0.85743594;
 -0.14377519, 0.36468112, 0.91996539, -0.90766764;
 -0.12766001, -0.92869121, 0.348189, -0.68258214;
 0, 0, 0, 1]
Ow:
[0.62379915;
 -0.36067438;
 1.2270957]
Keyframe: 73 Frame: 571 Frame from vFrameID : 572
Tcw:
[0.99334121, -0.097189575, -0.061866, 0.62910962;
 -0.023533963, 0.35449082, -0.93476331, -0.37407511;
 0.11278018, 0.92999488, 0.34984308, 1.2315913;
 0, 0, 0, 1]
Twc:
[0.99334121, -0.023533963, 0.11278018, -0.77262306;
 -0.097189575, 0.35449082, 0.92999488, -0.95162451;
 -0.061866, -0.93476331, 0.34984308, -0.74161488;
 0, 0, 0, 1]
Ow:
[0.62910962;
 -0.37407511;
 1.2315913]
Keyframe: 74 Frame: 579 Frame from vFrameID : 580
Tcw:
[0.99454105, -0.096771494, -0.039031174, 0.63066393;
 -0.0026719086, 0.35031381, -0.93662858, -0.35789055;
 0.10431211, 0.93161982, 0.34814289, 1.2576945;
 0, 0, 0, 1]
Twc:
[0.99454105, -0.0026719086, 0.10431211, -0.75937015;
 -0.096771494, 0.35031381, 0.93161982, -0.9852888;
 -0.039031174, -0.93662858, 0.34814289, -0.74845237;
 0, 0, 0, 1]
Ow:
[0.63066393;
 -0.35789055;
 1.2576945]
Keyframe: 75 Frame: 588 Frame from vFrameID : 589
Tcw:
[0.9911412, -0.09770491, -0.089960352, 0.63465822;
 -0.05114647, 0.34431189, -0.93746114, -0.35018662;
 0.12256898, 0.93375748, 0.33626443, 1.2808417;
 0, 0, 0, 1]
Twc:
[0.9911412, -0.05114647, 0.12256898, -0.80393815;
 -0.09770491, 0.34431189, 0.93375748, -1.013413;
 -0.089960352, -0.93746114, 0.33626443, -0.70189381;
 0, 0, 0, 1]
Ow:
[0.63465822;
 -0.35018662;
 1.2808417]
Keyframe: 76 Frame: 596 Frame from vFrameID : 597
Tcw:
[0.98983932, -0.1043207, -0.096619196, 0.64064908;
 -0.056120474, 0.3377147, -0.939574, -0.35440192;
 0.13064674, 0.9354496, 0.32842878, 1.2955983;
 0, 0, 0, 1]
Twc:
[0.98983932, -0.056120474, 0.13064674, -0.82329458;
 -0.1043207, 0.3377147, 0.9354496, -1.0254472;
 -0.096619196, -0.939574, 0.32842878, -0.6965996;
 0, 0, 0, 1]
Ow:
[0.64064908;
 -0.35440192;
 1.2955983]
Keyframe: 77 Frame: 605 Frame from vFrameID : 606
Tcw:
[0.99520648, -0.0667395, -0.071483463, 0.64161396;
 -0.043922585, 0.34804696, -0.93644762, -0.34845287;
 0.087377645, 0.93509847, 0.34344724, 1.3072983;
 0, 0, 0, 1]
Twc:
[0.99520648, -0.043922585, 0.087377645, -0.76807201;
 -0.0667395, 0.34804696, 0.93509847, -1.0583537;
 -0.071483463, -0.93644762, 0.34344724, -0.72943103;
 0, 0, 0, 1]
Ow:
[0.64161396;
 -0.34845287;
 1.3072983]
Keyframe: 78 Frame: 613 Frame from vFrameID : 614
Tcw:
[0.99734783, -0.059247661, -0.042273469, 0.645468;
 -0.018354585, 0.3573035, -0.93380797, -0.32547769;
 0.070430398, 0.93210727, 0.35526839, 1.3177532;
 0, 0, 0, 1]
Twc:
[0.99734783, -0.018354585, 0.070430398, -0.74254;
 -0.059247661, 0.3573035, 0.93210727, -1.0737505;
 -0.042273469, -0.93380797, 0.35526839, -0.74480355;
 0, 0, 0, 1]
Ow:
[0.645468;
 -0.32547769;
 1.3177532]
Keyframe: 79 Frame: 620 Frame from vFrameID : 621
Tcw:
[0.99324107, -0.085247003, -0.078772299, 0.65359241;
 -0.044610266, 0.34616694, -0.93711174, -0.31566769;
 0.10715433, 0.9342919, 0.34002435, 1.3350689;
 0, 0, 0, 1]
Twc:
[0.99324107, -0.044610266, 0.10715433, -0.8063153;
 -0.085247003, 0.34616694, 0.9342919, -1.0823537;
 -0.078772299, -0.93711174, 0.34002435, -0.69828689;
 0, 0, 0, 1]
Ow:
[0.65359241;
 -0.31566769;
 1.3350689]
Keyframe: 80 Frame: 628 Frame from vFrameID : 629
Tcw:
[0.99206811, -0.067673311, -0.1059301, 0.65791571;
 -0.074253649, 0.36447048, -0.92824978, -0.30329585;
 0.10142613, 0.92875272, 0.35655457, 1.3481969;
 0, 0, 0, 1]
Twc:
[0.99206811, -0.074253649, 0.10142613, -0.81196046;
 -0.067673311, 0.36447048, 0.92875272, -1.0970757;
 -0.1059301, -0.92824978, 0.35655457, -0.6925469;
 0, 0, 0, 1]
Ow:
[0.65791571;
 -0.30329585;
 1.3481969]
Keyframe: 81 Frame: 636 Frame from vFrameID : 637
Tcw:
[0.99304682, -0.065364294, -0.097905435, 0.66573334;
 -0.066554978, 0.37426433, -0.92493063, -0.32327285;
 0.097099945, 0.92501551, 0.36731169, 1.3614999;
 0, 0, 0, 1]
Twc:
[0.99304682, -0.066554978, 0.097099945, -0.81482142;
 -0.065364294, 0.37426433, 0.92501551, -1.0949039;
 -0.097905435, -0.92493063, 0.36731169, -0.73392087;
 0, 0, 0, 1]
Ow:
[0.66573334;
 -0.32327285;
 1.3614999]
Keyframe: 82 Frame: 644 Frame from vFrameID : 645
Tcw:
[0.9970997, -0.046052817, -0.060591627, 0.66502881;
 -0.039087817, 0.37323782, -0.92691189, -0.30899608;
 0.065301992, 0.92659199, 0.37035522, 1.3765862;
 0, 0, 0, 1]
Twc:
[0.9970997, -0.039087817, 0.065301992, -0.76507181;
 -0.046052817, 0.37323782, 0.92659199, -1.1295782;
 -0.060591627, -0.92691189, 0.37035522, -0.75594282;
 0, 0, 0, 1]
Ow:
[0.66502881;
 -0.30899608;
 1.3765862]
Keyframe: 83 Frame: 652 Frame from vFrameID : 653
Tcw:
[0.9947288, -0.065460742, -0.078926891, 0.66220063;
 -0.049031079, 0.37237287, -0.92678714, -0.29522622;
 0.090058409, 0.92577177, 0.3672004, 1.3945037;
 0, 0, 0, 1]
Twc:
[0.9947288, -0.049031079, 0.090058409, -0.7987721;
 -0.065460742, 0.37237287, 0.92577177, -1.1377097;
 -0.078926891, -0.92678714, 0.3672004, -0.73340875;
 0, 0, 0, 1]
Ow:
[0.66220063;
 -0.29522622;
 1.3945037]
Keyframe: 84 Frame: 660 Frame from vFrameID : 661
Tcw:
[0.98934644, -0.07611651, -0.12409629, 0.6571973;
 -0.090682611, 0.34463498, -0.9343465, -0.27924538;
 0.11388712, 0.93564576, 0.33406097, 1.4161384;
 0, 0, 0, 1]
Twc:
[0.98934644, -0.090682611, 0.11388712, -0.83679849;
 -0.07611651, 0.34463498, 0.93564576, -1.1787425;
 -0.12409629, -0.9343465, 0.33406097, -0.65243274;
 0, 0, 0, 1]
Ow:
[0.6571973;
 -0.27924538;
 1.4161384]
Keyframe: 85 Frame: 668 Frame from vFrameID : 669
Tcw:
[0.9925493, -0.063850924, -0.10377354, 0.66012269;
 -0.074922927, 0.35180706, -0.93306935, -0.28485674;
 0.096085601, 0.93389231, 0.34440193, 1.4419615;
 0, 0, 0, 1]
Twc:
[0.9925493, -0.074922927, 0.096085601, -0.81509835;
 -0.063850924, 0.35180706, 0.93389231, -1.2042727;
 -0.10377354, -0.93306935, 0.34440193, -0.69390219;
 0, 0, 0, 1]
Ow:
[0.66012269;
 -0.28485674;
 1.4419615]
Keyframe: 86 Frame: 676 Frame from vFrameID : 677
Tcw:
[0.99554998, -0.070686981, -0.062318318, 0.66527534;
 -0.034677353, 0.34009933, -0.9397499, -0.28141356;
 0.087622508, 0.93772906, 0.33613467, 1.4615778;
 0, 0, 0, 1]
Twc:
[0.99554998, -0.034677353, 0.087622508, -0.80014062;
 -0.070686981, 0.34009933, 0.93772906, -1.2278291;
 -0.062318318, -0.9397499, 0.33613467, -0.71428651;
 0, 0, 0, 1]
Ow:
[0.66527534;
 -0.28141356;
 1.4615778]
Keyframe: 87 Frame: 684 Frame from vFrameID : 685
Tcw:
[0.99780959, -0.055070266, -0.0366503, 0.66483128;
 -0.015501303, 0.3439607, -0.93885607, -0.27751806;
 0.064309314, 0.93736774, 0.34235361, 1.4765929;
 0, 0, 0, 1]
Twc:
[0.99780959, -0.015501303, 0.064309314, -0.76263565;
 -0.055070266, 0.3439607, 0.93736774, -1.2520428;
 -0.0366503, -0.93885607, 0.34235361, -0.74170023;
 0, 0, 0, 1]
Ow:
[0.66483128;
 -0.27751806;
 1.4765929]
Keyframe: 88 Frame: 692 Frame from vFrameID : 693
Tcw:
[0.99766225, -0.042614166, -0.053423721, 0.64558524;
 -0.034952119, 0.35357922, -0.93475133, -0.27842125;
 0.058723167, 0.9344334, 0.3512632, 1.4846547;
 0, 0, 0, 1]
Twc:
[0.99766225, -0.034952119, 0.058723167, -0.74099106;
 -0.042614166, 0.35357922, 0.9344334, -1.2613558;
 -0.053423721, -0.93475133, 0.3512632, -0.74726957;
 0, 0, 0, 1]
Ow:
[0.64558524;
 -0.27842125;
 1.4846547]
Keyframe: 89 Frame: 700 Frame from vFrameID : 701
Tcw:
[0.99571544, -0.064420678, -0.066338509, 0.65447456;
 -0.038684096, 0.36141667, -0.93160158, -0.28394619;
 0.083990254, 0.93017632, 0.35737607, 1.4970436;
 0, 0, 0, 1]
Twc:
[0.99571544, -0.038684096, 0.083990254, -0.78839165;
 -0.064420678, 0.36141667, 0.93017632, -1.24773;
 -0.066338509, -0.93160158, 0.35737607, -0.7561155;
 0, 0, 0, 1]
Ow:
[0.65447456;
 -0.28394619;
 1.4970436]
Keyframe: 90 Frame: 707 Frame from vFrameID : 708
Tcw:
[0.99924922, -0.034719866, -0.0171916, 0.63288993;
 -0.0050764391, 0.32257453, -0.94653046, -0.23543257;
 0.038408983, 0.94590706, 0.3221561, 1.5268877;
 0, 0, 0, 1]
Twc:
[0.99924922, -0.0050764391, 0.038408983, -0.69225609;
