Keyframe: 0 Frame: 0 Frame from vFrameID : 129
Tcw:
[1, 0, 0, 0;
 0, 1, 0, 0;
 0, 0, 1, 0;
 0, 0, 0, 1]
Twc:
[1, 0, 0, 0;
 0, 1, 0, 0;
 0, 0, 1, 0;
 0, 0, 0, 1]
Ow:
[0;
 0;
 0]
Keyframe: 1 Frame: 128 Frame from vFrameID : 129
Tcw:
[0.99988806, -0.014860682, 0.0017548831, -0.014101655;
 0.014874628, 0.99985558, -0.0082210721, -0.0014001301;
 -0.0016324589, 0.0082462551, 0.99996465, -0.0026412581;
 0, 0, 0, 1]
Twc:
[0.99988806, 0.014874628, -0.0016324589, 0.014116591;
 -0.014860682, 0.99985558, 0.0082462551, 0.0012121482;
 0.0017548831, -0.0082210721, 0.99996465, 0.0026544009;
 0, 0, 0, 1]
Ow:
[-0.014101655;
 -0.0014001301;
 -0.0026412581]
Keyframe: 2 Frame: 129 Frame from vFrameID : 130
Tcw:
[0.99988812, -0.014858795, 0.0017372204, -0.014029639;
 0.014872761, 0.99985474, -0.008323173, -0.0013354088;
 -0.0016132958, 0.0083480785, 0.99996388, -0.0026356829;
 0, 0, 0, 1]
Twc:
[0.99988812, 0.014872761, -0.0016132958, 0.014043678;
 -0.014858795, 0.99985474, 0.0083480785, 0.0011487541;
 0.0017372204, -0.008323173, 0.99996388, 0.0026488453;
 0, 0, 0, 1]
Ow:
[-0.014029639;
 -0.0013354088;
 -0.0026356829]
Keyframe: 3 Frame: 130 Frame from vFrameID : 131
Tcw:
[0.99992961, -0.010673211, 0.0051807188, -0.014687765;
 0.010708989, 0.99991864, -0.0069280881, -0.0013191621;
 -0.0051063523, 0.0069830809, 0.99996257, -0.0015473885;
 0, 0, 0, 1]
Twc:
[0.99992961, 0.010708989, -0.0051063523, 0.014692958;
 -0.010673211, 0.99991864, 0.0069830809, 0.0011730947;
 0.0051807188, -0.0069280881, 0.99996257, 0.0016142846;
 0, 0, 0, 1]
Ow:
[-0.014687765;
 -0.0013191621;
 -0.0015473885]
Keyframe: 4 Frame: 131 Frame from vFrameID : 132
Tcw:
[0.99992716, -0.0070572114, 0.009789479, -0.013884806;
 0.0070848344, 0.99997103, -0.0027898906, 0.00027621616;
 -0.0097695068, 0.0028590444, 0.9999482, 0.00055268407;
 0, 0, 0, 1]
Twc:
[0.99992716, 0.0070848344, -0.0097695068, 0.013887238;
 -0.0070572114, 0.99997103, 0.0028590444, -0.00037577632;
 0.009789479, -0.0027898906, 0.9999482, -0.00041595974;
 0, 0, 0, 1]
Ow:
[-0.013884806;
 0.00027621616;
 0.00055268407]
Keyframe: 5 Frame: 132 Frame from vFrameID : 133
Tcw:
[0.99989635, -0.0065634768, 0.012815515, -0.014048214;
 0.0065559014, 0.9999783, 0.0006330079, 0.00062318245;
 -0.012819392, -0.00054892502, 0.99991769, 0.0016036663;
 0, 0, 0, 1]
Twc:
[0.99989635, 0.0065559014, -0.012819392, 0.014063231;
 -0.0065634768, 0.9999783, -0.00054892502, -0.00071449374;
 0.012815515, 0.0006330079, 0.99991769, -0.0014238937;
 0, 0, 0, 1]
Ow:
[-0.014048214;
 0.00062318245;
 0.0016036663]
Keyframe: 6 Frame: 133 Frame from vFrameID : 134
Tcw:
[0.9998607, -0.0065258243, 0.015360709, -0.012971863;
 0.0064332532, 0.9999609, 0.0060682073, -0.00068794854;
 -0.015399708, -0.0059685428, 0.99986362, 0.0028083364;
 0, 0, 0, 1]
Twc:
[0.9998607, 0.0064332532, -0.015399708, 0.013017731;
 -0.0065258243, 0.9999609, -0.0059685428, 0.00062003126;
 0.015360709, 0.0060682073, 0.99986362, -0.0026045218;
 0, 0, 0, 1]
Ow:
[-0.012971863;
 -0.00068794854;
 0.0028083364]
Keyframe: 7 Frame: 134 Frame from vFrameID : 135
Tcw:
[0.99986237, -0.0065491577, 0.015242467, -0.012890358;
 0.0064553153, 0.99995995, 0.0061976961, -0.00075393589;
 -0.015282446, -0.0060984483, 0.99986464, 0.0029547371;
 0, 0, 0, 1]
Twc:
[0.99986237, 0.0064553153, -0.015282446, 0.012938607;
 -0.0065491577, 0.99995995, -0.0060984483, 0.00068750401;
 0.015242467, 0.0061976961, 0.99986464, -0.0027531835;
 0, 0, 0, 1]
Ow:
[-0.012890358;
 -0.00075393589;
 0.0029547371]
Keyframe: 8 Frame: 135 Frame from vFrameID : 136
Tcw:
[0.99982387, -0.0064949221, 0.017608469, -0.012408839;
 0.006377507, 0.99995708, 0.0067160851, -0.0011905817;
 -0.017651336, -0.0066026039, 0.99982238, 0.0042062481;
 0, 0, 0, 1]
Twc:
[0.99982387, 0.006377507, -0.017651336, 0.012488492;
 -0.0064949221, 0.99995708, -0.0066026039, 0.0011377084;
 0.017608469, 0.0067160851, 0.99982238, -0.0039790045;
 0, 0, 0, 1]
Ow:
[-0.012408839;
 -0.0011905817;
 0.0042062481]
Keyframe: 9 Frame: 136 Frame from vFrameID : 137
Tcw:
[0.99969345, -0.007423948, 0.023619654, -0.011649695;
 0.0073076705, 0.99996078, 0.0050054337, -0.0019098835;
 -0.023655888, -0.004831295, 0.99970847, 0.0058566495;
 0, 0, 0, 1]
Twc:
[0.99969345, 0.0073076705, -0.023655888, 0.011798626;
 -0.007423948, 0.99996078, -0.004831295, 0.001851617;
 0.023619654, 0.0050054337, 0.99970847, -0.0055702208;
 0, 0, 0, 1]
Ow:
[-0.011649695;
 -0.0019098835;
 0.0058566495]
Keyframe: 10 Frame: 138 Frame from vFrameID : 139
Tcw:
[0.99940127, -0.0069168033, 0.033900093, -0.010835472;
 0.0067034978, 0.99995703, 0.0064018029, -0.0026850293;
 -0.033942915, -0.0061707208, 0.99940473, 0.0077132327;
 0, 0, 0, 1]
Twc:
[0.99940127, 0.0067034978, -0.033942915, 0.011108793;
 -0.0069168033, 0.99995703, -0.0061707208, 0.0026575634;
 0.033900093, 0.0064018029, 0.99940473, -0.0073241289;
 0, 0, 0, 1]
Ow:
[-0.010835472;
 -0.0026850293;
 0.0077132327]
Keyframe: 11 Frame: 140 Frame from vFrameID : 141
Tcw:
[0.99903667, -0.0032615191, 0.043761488, -0.0095430426;
 0.0027787583, 0.99993467, 0.011087934, -0.0040090885;
 -0.043794792, -0.01095565, 0.99898046, 0.010817682;
 0, 0, 0, 1]
Twc:
[0.99903667, 0.0027787583, -0.043794792, 0.010018748;
 -0.0032615191, 0.99993467, -0.01095565, 0.0040962165;
 0.043761488, 0.011087934, 0.99898046, -0.010344583;
 0, 0, 0, 1]
Ow:
[-0.0095430426;
 -0.0040090885;
 0.010817682]
Keyframe: 12 Frame: 143 Frame from vFrameID : 144
Tcw:
[0.99906051, -0.002145391, 0.043283347, -0.0073851012;
 0.0015537919, 0.99990499, 0.013697069, -0.006080776;
 -0.043308619, -0.013616947, 0.99896896, 0.015564854;
 0, 0, 0, 1]
Twc:
[0.99906051, 0.0015537919, -0.043308619, 0.0080617033;
 -0.002145391, 0.99990499, -0.013616947, 0.0062763002;
 0.043283347, 0.013697069, 0.99896896, -0.015145865;
 0, 0, 0, 1]
Ow:
[-0.0073851012;
 -0.006080776;
 0.015564854]
Keyframe: 13 Frame: 145 Frame from vFrameID : 146
Tcw:
[0.99943507, -0.0031452188, 0.033461969, -0.005298459;
 0.0026281991, 0.99987668, 0.015483749, -0.0080370009;
 -0.033506542, -0.015387057, 0.99932003, 0.020153243;
 0, 0, 0, 1]
Twc:
[0.99943507, 0.0026281991, -0.033506542, 0.0059918538;
 -0.0031452188, 0.99987668, -0.015387057, 0.0083294436;
 0.033461969, 0.015483749, 0.99932003, -0.0198378;
 0, 0, 0, 1]
Ow:
[-0.005298459;
 -0.0080370009;
 0.020153243]
Keyframe: 14 Frame: 148 Frame from vFrameID : 149
Tcw:
[0.99984765, -0.009640242, 0.014553051, 0.012897957;
 0.0095798559, 0.99994522, 0.0042134216, -0.0004930314;
 -0.014592873, -0.0040733637, 0.9998852, 0.028447304;
 0, 0, 0, 1]
Twc:
[0.99984765, 0.0095798559, -0.014592873, -0.012476141;
 -0.009640242, 0.99994522, -0.0040733637, 0.00073322008;
 0.014553051, 0.0042134216, 0.9998852, -0.028629668;
 0, 0, 0, 1]
Ow:
[0.012897957;
 -0.0004930314;
 0.028447304]
Keyframe: 15 Frame: 151 Frame from vFrameID : 152
Tcw:
[0.99991006, -0.0025634179, 0.013165373, 0.030440761;
 0.0025729791, 0.99999642, -0.00070934871, -0.0039001228;
 -0.013163508, 0.00074315915, 0.9999131, 0.038557135;
 0, 0, 0, 1]
Twc:
[0.99991006, 0.0025729791, -0.013163508, -0.029920442;
 -0.0025634179, 0.99999642, 0.00074315915, 0.0039494871;
 0.013165373, -0.00070934871, 0.9999131, -0.038957313;
 0, 0, 0, 1]
Ow:
[0.030440761;
 -0.0039001228;
 0.038557135]
Keyframe: 16 Frame: 154 Frame from vFrameID : 155
Tcw:
[0.99994588, 0.0077292705, 0.0069651701, 0.040307522;
 -0.0076091946, 0.99982476, -0.017104125, -0.0086688614;
 -0.0070961523, 0.017050199, 0.99982947, 0.045153238;
 0, 0, 0, 1]
Twc:
[0.99994588, -0.0076091946, -0.0070961523, -0.040050887;
 0.0077292705, 0.99982476, 0.017050199, 0.0075859223;
 0.0069651701, -0.017104125, 0.99982947, -0.045574557;
 0, 0, 0, 1]
Ow:
[0.040307522;
 -0.0086688614;
 0.045153238]
Keyframe: 17 Frame: 157 Frame from vFrameID : 158
Tcw:
[0.99993211, 0.011635172, -0.00064054213, 0.048066877;
 -0.01164873, 0.99952328, -0.028591281, -0.008780133;
 0.00030757234, 0.028596802, 0.99959099, 0.050643869;
 0, 0, 0, 1]
Twc:
[0.99993211, -0.01164873, 0.00030757234, -0.048181467;
 0.011635172, 0.99952328, 0.028596802, 0.0067684283;
 -0.00064054213, -0.028591281, 0.99959099, -0.050843399;
 0, 0, 0, 1]
Ow:
[0.048066877;
 -0.008780133;
 0.050643869]
Keyframe: 18 Frame: 160 Frame from vFrameID : 161
Tcw:
[0.9997195, 0.021255361, -0.010447179, 0.055421133;
 -0.021524178, 0.99942154, -0.026330095, -0.012732903;
 0.0098814806, 0.026547575, 0.99959868, 0.059689078;
 0, 0, 0, 1]
Twc:
[0.9997195, -0.021524178, 0.0098814806, -0.056269467;
 0.021255361, 0.99942154, 0.026547575, 0.0099629415;
 -0.010447179, -0.026330095, 0.99959868, -0.05942139;
 0, 0, 0, 1]
Ow:
[0.055421133;
 -0.012732903;
 0.059689078]
Keyframe: 19 Frame: 163 Frame from vFrameID : 164
Tcw:
[0.99913436, 0.03545985, -0.021752756, 0.063415669;
 -0.036100801, 0.99890327, -0.029816505, -0.015366586;
 0.02067161, 0.030575985, 0.99931866, 0.073016122;
 0, 0, 0, 1]
Twc:
[0.99913436, -0.036100801, 0.02067161, -0.065424874;
 0.03545985, 0.99890327, 0.030575985, 0.010868483;
 -0.021752756, -0.029816505, 0.99931866, -0.07204508;
 0, 0, 0, 1]
Ow:
[0.063415669;
 -0.015366586;
 0.073016122]
Keyframe: 20 Frame: 166 Frame from vFrameID : 167
Tcw:
[0.99861151, 0.047419053, -0.02294495, 0.06965483;
 -0.048276883, 0.99809557, -0.038400844, -0.014826344;
 0.021080321, 0.039455235, 0.99899894, 0.097175941;
 0, 0, 0, 1]
Twc:
[0.99861151, -0.048276883, 0.021080321, -0.072322391;
 0.047419053, 0.99809557, 0.039455235, 0.0076610423;
 -0.02294495, -0.038400844, 0.99899894, -0.096049778;
 0, 0, 0, 1]
Ow:
[0.06965483;
 -0.014826344;
 0.097175941]
Keyframe: 21 Frame: 169 Frame from vFrameID : 170
Tcw:
[0.99894118, 0.045616213, -0.0059718089, 0.069989614;
 -0.045833424, 0.99800074, -0.043517474, -0.01895898;
 0.0039747674, 0.043745104, 0.99903482, 0.10874958;
 0, 0, 0, 1]
Twc:
[0.99894118, -0.045833424, 0.0039747674, -0.071216717;
 0.045616213, 0.99800074, 0.043745104, 0.010971155;
 -0.0059718089, -0.043517474, 0.99903482, -0.1090517;
 0, 0, 0, 1]
Ow:
[0.069989614;
 -0.01895898;
 0.10874958]
Keyframe: 22 Frame: 172 Frame from vFrameID : 173
Tcw:
[0.99927205, 0.037083242, 0.0089562582, 0.068930328;
 -0.036450561, 0.99736655, -0.062700056, -0.022731353;
 -0.011257795, 0.062327955, 0.99799222, 0.12738693;
 0, 0, 0, 1]
Twc:
[0.99927205, -0.036450561, -0.011257795, -0.068274632;
 0.037083242, 0.99736655, 0.062327955, 0.012175565;
 0.0089562582, -0.062700056, 0.99799222, -0.12917379;
 0, 0, 0, 1]
Ow:
[0.068930328;
 -0.022731353;
 0.12738693]
Keyframe: 23 Frame: 175 Frame from vFrameID : 176
Tcw:
[0.99884635, 0.01714191, 0.044857074, 0.068972081;
 -0.013341396, 0.99640226, -0.083693214, -0.024035422;
 -0.046130352, 0.082998209, 0.99548143, 0.14926644;
 0, 0, 0, 1]
Twc:
[0.99884635, -0.013341396, -0.046130352, -0.062327459;
 0.01714191, 0.99640226, 0.082998209, 0.010377789;
 0.044857074, -0.083693214, 0.99548143, -0.15369746;
 0, 0, 0, 1]
Ow:
[0.068972081;
 -0.024035422;
 0.14926644]
Keyframe: 24 Frame: 179 Frame from vFrameID : 180
Tcw:
[0.99734563, 0.011320141, 0.071927525, 0.068451472;
 -0.0061459648, 0.99740344, -0.07175412, -0.024670389;
 -0.072553024, 0.071121596, 0.99482548, 0.17036603;
 0, 0, 0, 1]
Twc:
[0.99734563, -0.0061459648, -0.072553024, -0.056060825;
 0.011320141, 0.99740344, 0.071121596, 0.011714745;
 0.071927525, -0.07175412, 0.99482548, -0.17617823;
 0, 0, 0, 1]
Ow:
[0.068451472;
 -0.024670389;
 0.17036603]
Keyframe: 25 Frame: 183 Frame from vFrameID : 184
Tcw:
[0.99596387, 0.0084638651, 0.089354813, 0.073519304;
 -0.0037310822, 0.99858749, -0.05300092, -0.025456751;
 -0.089677192, 0.052453611, 0.99458867, 0.19191688;
 0, 0, 0, 1]
Twc:
[0.99596387, -0.0037310822, -0.089677192, -0.056106988;
 0.0084638651, 0.99858749, 0.052453611, 0.014731801;
 0.089354813, -0.05300092, 0.99458867, -0.1987969;
 0, 0, 0, 1]
Ow:
[0.073519304;
 -0.025456751;
 0.19191688]
Keyframe: 26 Frame: 187 Frame from vFrameID : 188
Tcw:
[0.99459827, 0.004640725, 0.10369545, 0.081713989;
 0.0010884703, 0.99847883, -0.05512543, -0.027040273;
 -0.10379354, 0.054940525, 0.99308026, 0.22448476;
 0, 0, 0, 1]
Twc:
[0.99459827, 0.0010884703, -0.10379354, -0.057943087;
 0.004640725, 0.99847883, 0.054940525, 0.014286617;
 0.10369545, -0.05512543, 0.99308026, -0.23289536;
 0, 0, 0, 1]
Ow:
[0.081713989;
 -0.027040273;
 0.22448476]
Keyframe: 27 Frame: 191 Frame from vFrameID : 192
Tcw:
[0.9957242, 0.0058920318, 0.092187814, 0.09489391;
 -0.0010788763, 0.99863744, -0.052173283, -0.03009212;
 -0.092369609, 0.05185074, 0.99437386, 0.25129482;
 0, 0, 0, 1]
Twc:
[0.9957242, -0.0010788763, -0.092369609, -0.071308628;
 0.0058920318, 0.99863744, 0.05185074, 0.016462177;
 0.092187814, -0.052173283, 0.99437386, -0.26019907;
 0, 0, 0, 1]
Ow:
[0.09489391;
 -0.03009212;
 0.25129482]
Keyframe: 28 Frame: 195 Frame from vFrameID : 196
Tcw:
[0.99627751, 0.011697992, 0.085406773, 0.10517971;
 -0.0060740453, 0.9978134, -0.065814197, -0.034636579;
 -0.085989915, 0.065050438, 0.99417007, 0.27812254;
 0, 0, 0, 1]
Twc:
[0.99627751, -0.0060740453, -0.085989915, -0.081082836;
 0.011697992, 0.9978134, 0.065050438, 0.015238461;
 0.085406773, -0.065814197, 0.99417007, -0.28776374;
 0, 0, 0, 1]
Ow:
[0.10517971;
 -0.034636579;
 0.27812254]
Keyframe: 29 Frame: 199 Frame from vFrameID : 200
Tcw:
[0.99567878, 0.014810652, 0.091675662, 0.11419214;
 -0.010058047, 0.99859184, -0.052088112, -0.034183607;
 -0.092318021, 0.050940949, 0.99442565, 0.30848092;
 0, 0, 0, 1]
Twc:
[0.99567878, -0.010058047, -0.092318021, -0.085564159;
 0.014810652, 0.99859184, 0.050940949, 0.016729901;
 0.091675662, -0.052088112, 0.99442565, -0.31901056;
 0, 0, 0, 1]
Ow:
[0.11419214;
 -0.034183607;
 0.30848092]
Keyframe: 30 Frame: 203 Frame from vFrameID : 204
Tcw:
[0.99485511, 0.016061423, 0.10002691, 0.11967173;
 -0.010655616, 0.99846536, -0.054345172, -0.037440605;
 -0.10074627, 0.052999724, 0.99349946, 0.33782759;
 0, 0, 0, 1]
Twc:
[0.99485511, -0.010655616, -0.10074627, -0.085420124;
 0.016061423, 0.99846536, 0.052999724, 0.01755628;
 0.10002691, -0.054345172, 0.99349946, -0.34963664;
 0, 0, 0, 1]
Ow:
[0.11967173;
 -0.037440605;
 0.33782759]
Keyframe: 31 Frame: 207 Frame from vFrameID : 208
Tcw:
[0.99485612, 0.011074796, 0.10069067, 0.12477121;
 -0.0038754274, 0.99743909, -0.071416169, -0.039426301;
 -0.10122373, 0.070658594, 0.99235129, 0.36654502;
 0, 0, 0, 1]
Twc:
[0.99485612, -0.0038754274, -0.10122373, -0.087179147;
 0.011074796, 0.99743909, 0.070658594, 0.012043962;
 0.10069067, -0.071416169, 0.99235129, -0.37912038;
 0, 0, 0, 1]
Ow:
[0.12477121;
 -0.039426301;
 0.36654502]
Keyframe: 32 Frame: 211 Frame from vFrameID : 212
Tcw:
[0.99362385, -0.0078557581, 0.11247214, 0.12437418;
 0.016607143, 0.99688619, -0.077085376, -0.040013324;
 -0.11151636, 0.078461707, 0.99066031, 0.38863733;
 0, 0, 0, 1]
Twc:
[0.99362385, 0.016607143, -0.11151636, -0.079577222;
 -0.0078557581, 0.99688619, 0.078461707, 0.010372634;
 0.11247214, -0.077085376, 0.99066031, -0.40208066;
 0, 0, 0, 1]
Ow:
[0.12437418;
 -0.040013324;
 0.38863733]
Keyframe: 33 Frame: 215 Frame from vFrameID : 216
Tcw:
[0.99181932, -0.006799947, 0.12746835, 0.13736889;
 0.016669424, 0.99692863, -0.07652092, -0.045620032;
 -0.12655652, 0.078019753, 0.98888642, 0.41544068;
 0, 0, 0, 1]
Twc:
[0.99181932, 0.016669424, -0.12655652, -0.082907937;
 -0.006799947, 0.99692863, 0.078019753, 0.014001438;
 0.12746835, -0.07652092, 0.98888642, -0.43182474;
 0, 0, 0, 1]
Ow:
[0.13736889;
 -0.045620032;
 0.41544068]
Keyframe: 34 Frame: 219 Frame from vFrameID : 220
Tcw:
[0.99128383, -0.0087987036, 0.13144961, 0.14594641;
 0.019759143, 0.99641079, -0.082311347, -0.046078544;
 -0.13025358, 0.08419124, 0.98789972, 0.43759501;
 0, 0, 0, 1]
Twc:
[0.99128383, 0.019759143, -0.13025358, -0.086765535;
 -0.0087987036, 0.99641079, 0.08419124, 0.01035563;
 0.13144961, -0.082311347, 0.98789972, -0.45527738;
 0, 0, 0, 1]
Ow:
[0.14594641;
 -0.046078544;
 0.43759501]
Keyframe: 35 Frame: 223 Frame from vFrameID : 224
Tcw:
[0.99289489, -0.013563395, 0.11821926, 0.159977;
 0.023386123, 0.99634945, -0.082102351, -0.046911683;
 -0.11667412, 0.084283695, 0.98958749, 0.46917796;
 0, 0, 0, 1]
Twc:
[0.99289489, 0.023386123, -0.11667412, -0.10300234;
 -0.013563395, 0.99634945, 0.084283695, 0.0093662068;
 0.11821926, -0.082102351, 0.98958749, -0.48705658;
 0, 0, 0, 1]
Ow:
[0.159977;
 -0.046911683;
 0.46917796]
Keyframe: 36 Frame: 228 Frame from vFrameID : 229
Tcw:
[0.99551058, -0.0014090643, 0.094639599, 0.18275265;
 0.0082620671, 0.99736613, -0.072058871, -0.052008729;
 -0.094288796, 0.072517291, 0.99290025, 0.49923158;
 0, 0, 0, 1]
Twc:
[0.99551058, 0.0082620671, -0.094288796, -0.13443056;
 -0.0014090643, 0.99736613, 0.072517291, 0.015926337;
 0.094639599, -0.072058871, 0.99290025, -0.51673049;
 0, 0, 0, 1]
Ow:
[0.18275265;
 -0.052008729;
 0.49923158]
Keyframe: 37 Frame: 232 Frame from vFrameID : 233
Tcw:
[0.99558961, 0.0032962195, 0.093757719, 0.19584592;
 0.0018775259, 0.99848235, -0.055040397, -0.056109346;
 -0.093796857, 0.054973681, 0.99407244, 0.52838898;
 0, 0, 0, 1]
Twc:
[0.99558961, 0.0018775259, -0.093796857, -0.14531559;
 0.0032962195, 0.99848235, 0.054973681, 0.026331156;
 0.093757719, -0.055040397, 0.99407244, -0.54670727;
 0, 0, 0, 1]
Ow:
[0.19584592;
 -0.056109346;
 0.52838898]
Keyframe: 38 Frame: 236 Frame from vFrameID : 237
Tcw:
[0.99596107, 0.0048370226, 0.089655548, 0.20640838;
 -0.00022829713, 0.99868101, -0.051343922, -0.059938766;
 -0.089785643, 0.051116079, 0.99464852, 0.55189914;
 0, 0, 0, 1]
Twc:
[0.99596107, -0.00022829713, -0.089785643, -0.15603578;
 0.0048370226, 0.99868101, 0.051116079, 0.030650383;
 0.089655548, -0.051343922, 0.99464852, -0.57052881;
 0, 0, 0, 1]
Ow:
[0.20640838;
 -0.059938766;
 0.55189914]
Keyframe: 39 Frame: 241 Frame from vFrameID : 242
Tcw:
[0.99526078, -0.0024970032, 0.09720958, 0.22229277;
 0.0071823564, 0.99882734, -0.04787844, -0.074944459;
 -0.096976034, 0.048349727, 0.99411166, 0.57947779;
 0, 0, 0, 1]
Twc:
[0.99526078, 0.0071823564, -0.096976034, -0.16450554;
 -0.0024970032, 0.99882734, 0.048349727, 0.047394052;
 0.09720958, -0.04787844, 0.99411166, -0.60126281;
 0, 0, 0, 1]
Ow:
[0.22229277;
 -0.074944459;
 0.57947779]
Keyframe: 40 Frame: 244 Frame from vFrameID : 245
Tcw:
[0.99417251, -0.014514038, 0.10681909, 0.23050201;
 0.021500891, 0.99768281, -0.064550154, -0.081980616;
 -0.10563469, 0.066470698, 0.99218088, 0.5933162;
 0, 0, 0, 1]
Twc:
[0.99417251, 0.021500891, -0.10563469, -0.16472134;
 -0.014514038, 0.99768281, 0.066470698, 0.045698021;
 0.10681909, -0.064550154, 0.99218088, -0.61859089;
 0, 0, 0, 1]
Ow:
[0.23050201;
 -0.081980616;
 0.5933162]
Keyframe: 41 Frame: 248 Frame from vFrameID : 249
Tcw:
[0.9915815, -0.009759929, 0.12911595, 0.24119198;
 0.017539792, 0.99808872, -0.059255697, -0.081992641;
 -0.12829085, 0.061021518, 0.98985749, 0.61024576;
 0, 0, 0, 1]
Twc:
[0.9915815, 0.017539792, -0.12829085, -0.15943441;
 -0.009759929, 0.99808872, 0.061021518, 0.046951819;
 0.12911595, -0.059255697, 0.98985749, -0.64005661;
 0, 0, 0, 1]
Ow:
[0.24119198;
 -0.081992641;
 0.61024576]
Keyframe: 42 Frame: 251 Frame from vFrameID : 252
Tcw:
[0.99223197, -0.012280303, 0.12379407, 0.25337511;
 0.019531973, 0.99815232, -0.05753614, -0.085051246;
 -0.12285879, 0.059507139, 0.99063849, 0.62638223;
 0, 0, 0, 1]
Twc:
[0.99223197, 0.019531973, -0.12285879, -0.17278911;
 -0.012280303, 0.99815232, 0.059507139, 0.050731409;
 0.12379407, -0.05753614, 0.99063849, -0.65677822;
 0, 0, 0, 1]
Ow:
[0.25337511;
 -0.085051246;
 0.62638223]
Keyframe: 43 Frame: 254 Frame from vFrameID : 255
Tcw:
[0.99444884, -0.0074516172, 0.10495681, 0.26378772;
 0.013685291, 0.99817604, -0.05879844, -0.087603934;
 -0.10432722, 0.059908405, 0.99273705, 0.63768709;
 0, 0, 0, 1]
Twc:
[0.99444884, 0.013685291, -0.10432722, -0.19459638;
 -0.0074516172, 0.99817604, 0.059908405, 0.051206984;
 0.10495681, -0.05879844, 0.99273705, -0.66589284;
 0, 0, 0, 1]
Ow:
[0.26378772;
 -0.087603934;
 0.63768709]
Keyframe: 44 Frame: 257 Frame from vFrameID : 258
Tcw:
[0.99625671, 0.0043867943, 0.08633247, 0.27295095;
 0.0012339921, 0.99788803, -0.064945467, -0.09016116;
 -0.086435042, 0.06480889, 0.99414724, 0.64545548;
 0, 0, 0, 1]
Twc:
[0.99625671, 0.0012339921, -0.086435042, -0.21602799;
 0.0043867943, 0.99788803, 0.06480889, 0.046942119;
 0.08633247, -0.064945467, 0.99414724, -0.67109787;
 0, 0, 0, 1]
Ow:
[0.27295095;
 -0.09016116;
 0.64545548]
Keyframe: 45 Frame: 261 Frame from vFrameID : 262
Tcw:
[0.99961948, 0.0075810491, 0.026521455, 0.28572458;
 -0.0058370414, 0.99785328, -0.06522847, -0.091149673;
 -0.026959023, 0.065048844, 0.99751782, 0.65878785;
 0, 0, 0, 1]
Twc:
[0.99961948, -0.0058370414, -0.026959023, -0.26838765;
 0.0075810491, 0.99785328, 0.065048844, 0.045934517;
 0.026521455, -0.06522847, 0.99751782, -0.67067605;
 0, 0, 0, 1]
Ow:
[0.28572458;
 -0.091149673;
 0.65878785]
Keyframe: 46 Frame: 265 Frame from vFrameID : 266
Tcw:
[0.99995512, 0.0058068144, 0.0074899541, 0.2960279;
 -0.0054427646, 0.99884486, -0.047742147, -0.093139045;
 -0.0077585317, 0.047699239, 0.99883163, 0.67284065;
 0, 0, 0, 1]
Twc:
[0.99995512, -0.0054427646, -0.0077585317, -0.29130128;
 0.0058068144, 0.99884486, 0.047699239, 0.059218492;
 0.0074899541, -0.047742147, 0.99883163, -0.67871839;
 0, 0, 0, 1]
Ow:
[0.2960279;
 -0.093139045;
 0.67284065]
Keyframe: 47 Frame: 269 Frame from vFrameID : 270
Tcw:
[0.9997713, 0.017135045, 0.012797153, 0.31296307;
 -0.017178418, 0.99984705, 0.0032870758, -0.090590909;
 -0.01273887, -0.0035061587, 0.99991274, 0.69846201;
 0, 0, 0, 1]
Twc:
[0.9997713, -0.017178418, -0.01273887, -0.3055501;
 0.017135045, 0.99984705, -0.0035061587, 0.087663338;
 0.012797153, 0.0032870758, 0.99991274, -0.70210826;
 0, 0, 0, 1]
Ow:
[0.31296307;
 -0.090590909;
 0.69846201]
Keyframe: 48 Frame: 273 Frame from vFrameID : 274
Tcw:
[0.99938476, 0.031069942, 0.016272161, 0.32483682;
 -0.031149361, 0.99950391, 0.0046501509, -0.096041381;
 -0.016119609, -0.0051541571, 0.99985677, 0.7248534;
 0, 0, 0, 1]
Twc:
[0.99938476, -0.031149361, -0.016119609, -0.31594422;
 0.031069942, 0.99950391, -0.0051541571, 0.089637086;
 0.016272161, 0.0046501509, 0.99985677, -0.72958881;
 0, 0, 0, 1]
Ow:
[0.32483682;
 -0.096041381;
 0.7248534]
Keyframe: 49 Frame: 277 Frame from vFrameID : 278
Tcw:
[0.99917984, 0.040459771, 0.0016299125, 0.34101754;
 -0.040346786, 0.99818802, -0.044641349, -0.10269118;
 -0.0034331379, 0.044538975, 0.99900174, 0.75354201;
 0, 0, 0, 1]
Twc:
[0.99917984, -0.040346786, -0.0034331379, -0.3422941;
 0.040459771, 0.99818802, 0.044538975, 0.055145621;
 0.0016299125, -0.044641349, 0.99900174, -0.75792992;
 0, 0, 0, 1]
Ow:
[0.34101754;
 -0.10269118;
 0.75354201]
Keyframe: 50 Frame: 281 Frame from vFrameID : 282
Tcw:
[0.99954104, 0.030283751, -0.00077982573, 0.35159919;
 -0.030263783, 0.9970746, -0.070187882, -0.11618462;
 -0.0013480079, 0.070179269, 0.9975335, 0.78214741;
 0, 0, 0, 1]
Twc:
[0.99954104, -0.030263783, -0.0013480079, -0.35389966;
 0.030283751, 0.9970746, 0.070179269, 0.050306462;
 -0.00077982573, -0.070187882, 0.9975335, -0.78809875;
 0, 0, 0, 1]
Ow:
[0.35159919;
 -0.11618462;
 0.78214741]
Keyframe: 51 Frame: 284 Frame from vFrameID : 285
Tcw:
[0.99912995, 0.026380887, 0.032301452, 0.36010757;
 -0.023872487, 0.99684328, -0.07572078, -0.12145796;
 -0.034197066, 0.074883781, 0.99660575, 0.79910302;
 0, 0, 0, 1]
Twc:
[0.99912995, -0.023872487, -0.034197066, -0.33536679;
 0.026380887, 0.99684328, 0.074883781, 0.051734738;
 0.032301452, -0.07572078, 0.99660575, -0.8172195;
 0, 0, 0, 1]
Ow:
[0.36010757;
 -0.12145796;
 0.79910302]
Keyframe: 52 Frame: 288 Frame from vFrameID : 289
Tcw:
[0.99781716, 0.015639845, 0.064158298, 0.36866328;
 -0.011711596, 0.99805969, -0.061152942, -0.1290521;
 -0.064990237, 0.060268059, 0.99606425, 0.82376504;
 0, 0, 0, 1]
Twc:
[0.99781716, -0.011711596, -0.064990237, -0.3158333;
 0.015639845, 0.99805969, 0.060268059, 0.073389135;
 0.064158298, -0.061152942, 0.99606425, -0.85206765;
 0, 0, 0, 1]
Ow:
[0.36866328;
 -0.1290521;
 0.82376504]
Keyframe: 53 Frame: 292 Frame from vFrameID : 293
Tcw:
[0.99670112, 0.0049533909, 0.081008434, 0.38000387;
 0.00094426767, 0.99736047, -0.072603166, -0.13044602;
 -0.081154242, 0.072440147, 0.99406558, 0.83991826;
 0, 0, 0, 1]
Twc:
[0.99670112, 0.00094426767, -0.081154242, -0.31046417;
 0.0049533909, 0.99736047, 0.072440147, 0.067375585;
 0.081008434, -0.072603166, 0.99406558, -0.87518817;
 0, 0, 0, 1]
Ow:
[0.38000387;
 -0.13044602;
 0.83991826]
Keyframe: 54 Frame: 296 Frame from vFrameID : 297
Tcw:
[0.99441117, 0.0036772143, 0.10551278, 0.39339495;
 0.0026040755, 0.99823493, -0.059331629, -0.1304478;
 -0.10554472, 0.059274796, 0.9926464, 0.86238474;
 0, 0, 0, 1]
Twc:
[0.99441117, 0.0026040755, -0.10554472, -0.29983646;
 0.0036772143, 0.99823493, 0.059274796, 0.077653274;
 0.10551278, -0.059331629, 0.9926464, -0.9052909;
 0, 0, 0, 1]
Ow:
[0.39339495;
 -0.1304478;
 0.86238474]
Keyframe: 55 Frame: 300 Frame from vFrameID : 301
Tcw:
[0.99359548, 0.011808896, 0.11237684, 0.41288519;
 -0.0028024653, 0.99679351, -0.07996767, -0.14077027;
 -0.11296084, 0.079140589, 0.99044263, 0.88244933;
 0, 0, 0, 1]
Twc:
[0.99359548, -0.0028024653, -0.11296084, -0.31095317;
 0.011808896, 0.99679351, 0.079140589, 0.065605626;
 0.11237684, -0.07996767, 0.99044263, -0.93167126;
 0, 0, 0, 1]
Ow:
[0.41288519;
 -0.14077027;
 0.88244933]
Keyframe: 56 Frame: 304 Frame from vFrameID : 305
Tcw:
[0.99004573, 0.00051152182, 0.14074524, 0.42028058;
 0.01166106, 0.99625719, -0.085648298, -0.1463531;
 -0.14026226, 0.086436965, 0.9863342, 0.90213907;
 0, 0, 0, 1]
Twc:
[0.99004573, 0.01166106, -0.14026226, -0.28785425;
 0.00051152182, 0.99625719, 0.086436965, 0.067612179;
 0.14074524, -0.085648298, 0.9863342, -0.96149796;
 0, 0, 0, 1]
Ow:
[0.42028058;
 -0.1463531;
 0.90213907]
Keyframe: 57 Frame: 308 Frame from vFrameID : 309
Tcw:
[0.98696297, -0.00031183209, 0.16094707, 0.42845929;
 0.011775598, 0.99745792, -0.070278011, -0.14877415;
 -0.16051602, 0.071257047, 0.98445773, 0.91936636;
 0, 0, 0, 1]
Twc:
[0.98696297, 0.011775598, -0.16051602, -0.27354854;
 -0.00031183209, 0.99745792, 0.071257047, 0.083018243;
 0.16094707, -0.070278011, 0.98445773, -0.98449212;
 0, 0, 0, 1]
Ow:
[0.42845929;
 -0.14877415;
 0.91936636]
Keyframe: 58 Frame: 312 Frame from vFrameID : 313
Tcw:
[0.98400271, -0.0016392083, 0.17814592, 0.43221927;
 0.013762381, 0.99766898, -0.066837534, -0.15131661;
 -0.17762108, 0.068220027, 0.98173153, 0.93984628;
 0, 0, 0, 1]
Twc:
[0.98400271, 0.013762381, -0.17762108, -0.25628594;
 -0.0016392083, 0.99766898, 0.068220027, 0.087556034;
 0.17814592, -0.066837534, 0.98173153, -1.0097884;
 0, 0, 0, 1]
Ow:
[0.43221927;
 -0.15131661;
 0.93984628]
Keyframe: 59 Frame: 316 Frame from vFrameID : 317
Tcw:
[0.98664218, -0.011292284, 0.16251045, 0.43367261;
 0.023099188, 0.99721253, -0.070948213, -0.15577933;
 -0.16125628, 0.073754363, 0.98415279, 0.96278846;
 0, 0, 0, 1]
Twc:
[0.98664218, 0.023099188, -0.16125628, -0.26902562;
 -0.011292284, 0.99721253, 0.073754363, 0.0892324;
 0.16251045, -0.070948213, 0.98415279, -1.0290595;
 0, 0, 0, 1]
Ow:
[0.43367261;
 -0.15577933;
 0.96278846]
Keyframe: 60 Frame: 320 Frame from vFrameID : 321
Tcw:
[0.98657966, -0.020604944, 0.16197543, 0.44216642;
 0.035815191, 0.99515587, -0.091553435, -0.16199532;
 -0.15930435, 0.096125938, 0.98253852, 0.98300725;
 0, 0, 0, 1]
Twc:
[0.98657966, 0.035815191, -0.15930435, -0.27383316;
 -0.020604944, 0.99515587, 0.096125938, 0.075828932;
 0.16197543, -0.091553435, 0.98253852, -1.0522938;
 0, 0, 0, 1]
Ow:
[0.44216642;
 -0.16199532;
 0.98300725]
Keyframe: 61 Frame: 324 Frame from vFrameID : 325
Tcw:
[0.98120219, -0.027062798, 0.19107556, 0.44751298;
 0.041584726, 0.99650806, -0.072404489, -0.16645595;
 -0.18844888, 0.078989267, 0.97890127, 1.0019891;
 0, 0, 0, 1]
Twc:
[0.98120219, 0.041584726, -0.18844888, -0.24335495;
 -0.027062798, 0.99650806, 0.078989267, 0.098839253;
 0.19107556, -0.072404489, 0.97890127, -1.0784094;
 0, 0, 0, 1]
Ow:
[0.44751298;
 -0.16645595;
 1.0019891]
Keyframe: 62 Frame: 328 Frame from vFrameID : 329
Tcw:
[0.98010784, -0.028931562, 0.19634561, 0.4557353;
 0.04729601, 0.99486357, -0.089496449, -0.16923603;
 -0.19274782, 0.097002536, 0.97644192, 1.0264851;
 0, 0, 0, 1]
Twc:
[0.98010784, 0.04729601, -0.19274782, -0.24081279;
 -0.028931562, 0.99486357, 0.097002536, 0.081980236;
 0.19634561, -0.089496449, 0.97644192, -1.1069306;
 0, 0, 0, 1]
Ow:
[0.4557353;
 -0.16923603;
 1.0264851]
Keyframe: 63 Frame: 332 Frame from vFrameID : 333
Tcw:
[0.98332846, -0.035492241, 0.17834073, 0.46205914;
 0.051729787, 0.99484348, -0.087238342, -0.17262661;
 -0.17432483, 0.095009476, 0.9800939, 1.0465108;
 0, 0, 0, 1]
Twc:
[0.98332846, 0.051729787, -0.17432483, -0.26299313;
 -0.035492241, 0.99484348, 0.095009476, 0.088707529;
 0.17834073, -0.087238342, 0.9800939, -1.1231425;
 0, 0, 0, 1]
Ow:
[0.46205914;
 -0.17262661;
 1.0465108]
Keyframe: 64 Frame: 336 Frame from vFrameID : 337
Tcw:
[0.98756814, -0.032010827, 0.15389754, 0.47694099;
 0.045587603, 0.99529332, -0.085515991, -0.17833561;
 -0.15043576, 0.091468692, 0.98437929, 1.0660577;
 0, 0, 0, 1]
Twc:
[0.98756814, 0.045587603, -0.15043576, -0.30250868;
 -0.032010827, 0.99529332, 0.091468692, 0.095252626;
 0.15389754, -0.085515991, 0.98437929, -1.1380557;
 0, 0, 0, 1]
Ow:
[0.47694099;
 -0.17833561;
 1.0660577]
Keyframe: 65 Frame: 340 Frame from vFrameID : 341
Tcw:
[0.98698473, -0.029360607, 0.15811111, 0.4855144;
 0.04298114, 0.99558657, -0.083426781, -0.17967692;
 -0.15496384, 0.089136757, 0.98389065, 1.0818714;
 0, 0, 0, 1]
Twc:
[0.98698473, 0.04298114, -0.15496384, -0.30382162;
 -0.029360607, 0.99558657, 0.089136757, 0.096704431;
 0.15811111, -0.083426781, 0.98389065, -1.1561983;
 0, 0, 0, 1]
Ow:
[0.4855144;
 -0.17967692;
 1.0818714]
Keyframe: 66 Frame: 344 Frame from vFrameID : 345
Tcw:
[0.98617005, -0.023172434, 0.1641086, 0.49643761;
 0.03456771, 0.997159, -0.066925429, -0.18334925;
 -0.16209155, 0.071672715, 0.98416936, 1.1045859;
 0, 0, 0, 1]
Twc:
[0.98617005, 0.03456771, -0.16209155, -0.30418992;
 -0.023172434, 0.997159, 0.071672715, 0.11516334;
 0.1641086, -0.066925429, 0.98416936, -1.18084;
 0, 0, 0, 1]
Ow:
[0.49643761;
 -0.18334925;
 1.1045859]
Keyframe: 67 Frame: 348 Frame from vFrameID : 349
Tcw:
[0.98374754, -0.027092852, 0.17750137, 0.50405914;
 0.04060711, 0.99650854, -0.072950915, -0.18672806;
 -0.17490518, 0.078973107, 0.98141295, 1.1357626;
 0, 0, 0, 1]
Twc:
[0.98374754, 0.04060711, -0.17490518, -0.28963369;
 -0.027092852, 0.99650854, 0.078973107, 0.11003781;
 0.17750137, -0.072950915, 0.98141295, -1.2177453;
 0, 0, 0, 1]
Ow:
[0.50405914;
 -0.18672806;
 1.1357626]
Keyframe: 68 Frame: 352 Frame from vFrameID : 353
Tcw:
[0.98171884, -0.043206837, 0.18536806, 0.50944036;
 0.05550468, 0.99655193, -0.061672624, -0.19563271;
 -0.18206422, 0.070833974, 0.98073196, 1.1557027;
 0, 0, 0, 1]
Twc:
[0.98171884, 0.05550468, -0.18206422, -0.27885655;
 -0.043206837, 0.99655193, 0.070833974, 0.13510644;
 0.18536806, -0.061672624, 0.98073196, -1.2399337;
 0, 0, 0, 1]
Ow:
[0.50944036;
 -0.19563271;
 1.1557027]
Keyframe: 69 Frame: 356 Frame from vFrameID : 357
Tcw:
[0.98048908, -0.040770728, 0.19229898, 0.52231354;
 0.057480052, 0.99496281, -0.082128383, -0.20365979;
 -0.18798189, 0.091579333, 0.97789365, 1.1770884;
 0, 0, 0, 1]
Twc:
[0.98048908, 0.057480052, -0.18798189, -0.27914506;
 -0.040770728, 0.99496281, 0.091579333, 0.11613204;
 0.19229898, -0.082128383, 0.97789365, -1.2682339;
 0, 0, 0, 1]
Ow:
[0.52231354;
 -0.20365979;
 1.1770884]
Keyframe: 70 Frame: 360 Frame from vFrameID : 361
Tcw:
[0.98162109, -0.044923645, 0.18547757, 0.53239709;
 0.061986234, 0.99425679, -0.087241553, -0.20551652;
 -0.18049313, 0.097135209, 0.97876811, 1.1953826;
 0, 0, 0, 1]
Twc:
[0.98162109, 0.061986234, -0.18049313, -0.29411468;
 -0.044923645, 0.99425679, 0.097135209, 0.1121397;
 0.18547757, -0.087241553, 0.97876811, -1.2866796;
 0, 0, 0, 1]
Ow:
[0.53239709;
 -0.20551652;
 1.1953826]
Keyframe: 71 Frame: 364 Frame from vFrameID : 365
Tcw:
[0.98520327, -0.030972175, 0.16856833, 0.55099958;
 0.043937348, 0.99630952, -0.07373476, -0.21091489;
 -0.16566251, 0.08005017, 0.98292822, 1.213479;
 0, 0, 0, 1]
Twc:
[0.98520327, 0.043937348, -0.16566251, -0.33255157;
 -0.030972175, 0.99630952, 0.08005017, 0.13006298;
 0.16856833, -0.07373476, 0.98292822, -1.3011956;
 0, 0, 0, 1]
Ow:
[0.55099958;
 -0.21091489;
 1.213479]
Keyframe: 72 Frame: 368 Frame from vFrameID : 369
Tcw:
[0.98663867, -0.020811856, 0.16158904, 0.56841278;
 0.03696353, 0.99453884, -0.097602218, -0.21825518;
 -0.1586753, 0.10227103, 0.98201972, 1.2271124;
 0, 0, 0, 1]
Twc:
[0.98663867, 0.03696353, -0.1586753, -0.3580381;
 -0.020811856, 0.99453884, 0.10227103, 0.10339494;
 0.16158904, -0.097602218, 0.98201972, -1.3182001;
 0, 0, 0, 1]
Ow:
[0.56841278;
 -0.21825518;
 1.2271124]
Keyframe: 73 Frame: 373 Frame from vFrameID : 374
Tcw:
[0.98809522, -0.017811783, 0.15280908, 0.58302259;
 0.031917483, 0.99539763, -0.090359181, -0.22089958;
 -0.15049635, 0.094160751, 0.98411614, 1.2422602;
 0, 0, 0, 1]
Twc:
[0.98809522, 0.031917483, -0.15049635, -0.38207564;
 -0.017811783, 0.99539763, 0.094160751, 0.11329545;
 0.15280908, -0.090359181, 0.98411614, -1.3315798;
 0, 0, 0, 1]
Ow:
[0.58302259;
 -0.22089958;
 1.2422602]
Keyframe: 74 Frame: 377 Frame from vFrameID : 378
Tcw:
[0.98816365, -0.017111629, 0.15244615, 0.59372699;
 0.028745746, 0.99681091, -0.074442297, -0.22381273;
 -0.15068616, 0.077943347, 0.98550421, 1.2596027;
 0, 0, 0, 1]
Twc:
[0.98816365, 0.028745746, -0.15068616, -0.39046103;
 -0.017111629, 0.99681091, 0.077943347, 0.13508095;
 0.15244615, -0.074442297, 0.98550421, -1.3485162;
 0, 0, 0, 1]
Ow:
[0.59372699;
 -0.22381273;
 1.2596027]
Keyframe: 75 Frame: 381 Frame from vFrameID : 382
Tcw:
[0.98838419, -0.012192256, 0.15148628, 0.60313308;
 0.025649747, 0.99586034, -0.08720275, -0.22694008;
 -0.14979596, 0.090075396, 0.98460531, 1.2804065;
 0, 0, 0, 1]
Twc:
[0.98838419, 0.025649747, -0.14979596, -0.39850652;
 -0.012192256, 0.99586034, 0.090075396, 0.11802104;
 0.15148628, -0.08720275, 0.98460531, -1.3718512;
 0, 0, 0, 1]
Ow:
[0.60313308;
 -0.22694008;
 1.2804065]
Keyframe: 76 Frame: 387 Frame from vFrameID : 388
Tcw:
[0.98968893, -0.020586388, 0.14174645, 0.61694491;
 0.037156489, 0.99263954, -0.11526569, -0.2379064;
 -0.13833022, 0.11934398, 0.98316926, 1.3146038;
 0, 0, 0, 1]
Twc:
[0.98968893, 0.037156489, -0.13833022, -0.41989434;
 -0.020586388, 0.99263954, 0.11934398, 0.091965899;
 0.14174645, -0.11526569, 0.98316926, -1.4073502;
 0, 0, 0, 1]
Ow:
[0.61694491;
 -0.2379064;
 1.3146038]
Keyframe: 77 Frame: 391 Frame from vFrameID : 392
Tcw:
[0.99073875, -0.019151052, 0.13442473, 0.62832093;
 0.036202602, 0.99142325, -0.125576, -0.24337843;
 -0.13086689, 0.12927954, 0.98293471, 1.3300273;
 0, 0, 0, 1]
Twc:
[0.99073875, 0.036202602, -0.13086689, -0.43963438;
 -0.019151052, 0.99142325, 0.12927954, 0.081378706;
 0.13442473, -0.125576, 0.98293471, -1.4223545;
 0, 0, 0, 1]
Ow:
[0.62832093;
 -0.24337843;
 1.3300273]
Keyframe: 78 Frame: 396 Frame from vFrameID : 397
Tcw:
[0.99410415, -0.041515902, 0.10016683, 0.63262838;
 0.054198891, 0.99036676, -0.12742116, -0.24486455;
 -0.093911901, 0.13209882, 0.98677784, 1.3472023;
 0, 0, 0, 1]
Twc:
[0.99410415, 0.054198891, -0.093911901, -0.48910877;
 -0.041515902, 0.99036676, 0.13209882, 0.090806015;
 0.10016683, -0.12742116, 0.98677784, -1.4239585;
 0, 0, 0, 1]
Ow:
[0.63262838;
 -0.24486455;
 1.3472023]
Keyframe: 79 Frame: 400 Frame from vFrameID : 401
Tcw:
[0.9949823, -0.068151683, 0.073249966, 0.64542139;
 0.076058552, 0.99088132, -0.1112176, -0.25218648;
 -0.065002352, 0.11623082, 0.99109286, 1.3640628;
 0, 0, 0, 1]
Twc:
[0.9949823, 0.076058552, -0.065002352, -0.5343346;
 -0.068151683, 0.99088132, 0.11623082, 0.13532725;
 0.073249966, -0.1112176, 0.99109286, -1.4272376;
 0, 0, 0, 1]
Ow:
[0.64542139;
 -0.25218648;
 1.3640628]
Keyframe: 80 Frame: 404 Frame from vFrameID : 405
Tcw:
[0.99141055, -0.051031563, 0.12041973, 0.66054332;
 0.069681883, 0.98527259, -0.15614848, -0.25741178;
 -0.11067776, 0.16319832, 0.98036563, 1.3836067;
 0, 0, 0, 1]
Twc:
[0.99141055, 0.069681883, -0.11067776, -0.48379815;
 -0.051031563, 0.98527259, 0.16319832, 0.061527036;
 0.12041973, -0.15614848, 0.98036563, -1.4761773;
 0, 0, 0, 1]
Ow:
[0.66054332;
 -0.25741178;
 1.3836067]
Keyframe: 81 Frame: 408 Frame from vFrameID : 409
Tcw:
[0.99496979, -0.051016003, 0.086211778, 0.67688376;
 0.063017666, 0.98774534, -0.14278625, -0.26281342;
 -0.077870898, 0.14750087, 0.98599172, 1.3992518;
 0, 0, 0, 1]
Twc:
[0.99496979, 0.063017666, -0.077870898, -0.54795605;
 -0.051016003, 0.98774534, 0.14750087, 0.087733768;
 0.086211778, -0.14278625, 0.98599172, -1.4755322;
 0, 0, 0, 1]
Ow:
[0.67688376;
 -0.26281342;
 1.3992518]
Keyframe: 82 Frame: 412 Frame from vFrameID : 413
Tcw:
[0.99300003, -0.061576679, 0.10079307, 0.68166035;
 0.077247642, 0.98412019, -0.15981314, -0.26365882;
 -0.089351729, 0.16648047, 0.98198807, 1.4182488;
 0, 0, 0, 1]
Twc:
[0.99300003, 0.077247642, -0.089351729, -0.52979881;
 -0.061576679, 0.98412019, 0.16648047, 0.065335646;
 0.10079307, -0.15981314, 0.98198807, -1.503546;
 0, 0, 0, 1]
Ow:
[0.68166035;
 -0.26365882;
 1.4182488]
Keyframe: 83 Frame: 416 Frame from vFrameID : 417
Tcw:
[0.99091625, -0.049890365, 0.12488347, 0.69270152;
 0.071248621, 0.98236078, -0.17288983, -0.27026048;
 -0.11405509, 0.18021712, 0.97699195, 1.4401374;
 0, 0, 0, 1]
Twc:
[0.99091625, 0.071248621, -0.11405509, -0.50289857;
 -0.049890365, 0.98236078, 0.18021712, 0.040515043;
 0.12488347, -0.17288983, 0.97699195, -1.5402348;
 0, 0, 0, 1]
Ow:
[0.69270152;
 -0.27026048;
 1.4401374]
Keyframe: 84 Frame: 421 Frame from vFrameID : 422
Tcw:
[0.98937052, -0.066175304, 0.12948684, 0.69732416;
 0.091581054, 0.97522986, -0.20134446, -0.27531099;
 -0.11295541, 0.21106282, 0.97092408, 1.4607499;
 0, 0, 0, 1]
Twc:
[0.98937052, 0.091581054, -0.11295541, -0.49969909;
 -0.066175304, 0.97522986, 0.21106282, 0.0063271718;
 0.12948684, -0.20134446, 0.97092408, -1.5640039;
 0, 0, 0, 1]
Ow:
[0.69732416;
 -0.27531099;
 1.4607499]
Keyframe: 85 Frame: 425 Frame from vFrameID : 426
Tcw:
[0.98653507, -0.08918789, 0.13709131, 0.70718467;
 0.11709137, 0.97038049, -0.21130851, -0.27322385;
 -0.11418457, 0.22451547, 0.96775758, 1.4763113;
 0, 0, 0, 1]
Twc:
[0.98653507, 0.11709137, -0.11418457, -0.49709839;
 -0.08918789, 0.97038049, 0.22451547, -0.0032513025;
 0.13709131, -0.21130851, 0.96775758, -1.5833948;
 0, 0, 0, 1]
Ow:
[0.70718467;
 -0.27322385;
 1.4763113]
Keyframe: 86 Frame: 429 Frame from vFrameID : 430
Tcw:
[0.98032981, -0.096552148, 0.1721371, 0.71621239;
 0.12935494, 0.97304964, -0.19089708, -0.27945653;
 -0.14906642, 0.20940888, 0.96639907, 1.4953833;
 0, 0, 0, 1]
Twc:
[0.98032981, 0.12935494, -0.14906642, -0.4430638;
 -0.096552148, 0.97304964, 0.20940888, 0.027930401;
 0.1721371, -0.19089708, 0.96639907, -1.6217711;
 0, 0, 0, 1]
Ow:
[0.71621239;
 -0.27945653;
 1.4953833]
Keyframe: 87 Frame: 434 Frame from vFrameID : 435
Tcw:
[0.97091407, -0.099854052, 0.21761219, 0.73351765;
 0.14003876, 0.97404128, -0.17785603, -0.28262922;
 -0.1942036, 0.20315705, 0.95969379, 1.5195674;
 0, 0, 0, 1]
Twc:
[0.97091407, 0.14003876, -0.1942036, -0.37749809;
 -0.099854052, 0.97404128, 0.20315705, 0.039826389;
 0.21761219, -0.17785603, 0.95969379, -1.6682091;
 0, 0, 0, 1]
Ow:
[0.73351765;
 -0.28262922;
 1.5195674]
Keyframe: 88 Frame: 438 Frame from vFrameID : 439
Tcw:
[0.9623993, -0.088141568, 0.25694093, 0.74379462;
 0.13357221, 0.97719163, -0.16509087, -0.28803384;
 -0.23652916, 0.19320352, 0.95222181, 1.5332979;
 0, 0, 0, 1]
Twc:
[0.9623993, 0.13357221, -0.23652916, -0.31468445;
 -0.088141568, 0.97719163, 0.19320352, 0.050784964;
 0.25694093, -0.16509087, 0.95222181, -1.6987027;
 0, 0, 0, 1]
Ow:
[0.74379462;
 -0.28803384;
 1.5332979]
Keyframe: 89 Frame: 443 Frame from vFrameID : 444
Tcw:
[0.95642501, -0.091103911, 0.27740097, 0.74839938;
 0.1393809, 0.97729319, -0.1595962, -0.29251248;
 -0.25656226, 0.19130619, 0.94740582, 1.5490681;
 0, 0, 0, 1]
Twc:
[0.95642501, 0.1393809, -0.25656226, -0.27758479;
 -0.091103911, 0.97729319, 0.19130619, 0.057706248;
 0.27740097, -0.1595962, 0.94740582, -1.7218868;
 0, 0, 0, 1]
Ow:
[0.74839938;
 -0.29251248;
 1.5490681]
Keyframe: 90 Frame: 447 Frame from vFrameID : 448
Tcw:
