Keyframe: 0 Frame: 0 Frame from vFrameID : 71
Tcw:
[1, 0, 0, 0;
 0, 1, 0, 0;
 0, 0, 1, 0;
 0, 0, 0, 1]
Twc:
[1, 0, 0, 0;
 0, 1, 0, 0;
 0, 0, 1, 0;
 0, 0, 0, 1]
Ow:
[0;
 0;
 0]
Keyframe: 1 Frame: 70 Frame from vFrameID : 71
Tcw:
[0.9996801, -0.0015325778, 0.025244774, 0.014062346;
 0.0025774429, 0.99913895, -0.041408978, 0.00031062413;
 -0.025159575, 0.041460801, 0.99882329, 0.015668103;
 0, 0, 0, 1]
Twc:
[0.9996801, 0.0025774429, -0.025159575, -0.013664446;
 -0.0015325778, 0.99913895, 0.041460801, -0.00093841716;
 0.025244774, -0.041408978, 0.99882329, -0.015991805;
 0, 0, 0, 1]
Ow:
[0.014062346;
 0.00031062413;
 0.015668103]
Keyframe: 2 Frame: 72 Frame from vFrameID : 73
Tcw:
[0.99969959, 0.0055120001, 0.02388173, 0.017434103;
 -0.004403322, 0.9989211, -0.046230067, 0.0018341625;
 -0.024110785, 0.046111017, 0.99864531, 0.019442443;
 0, 0, 0, 1]
Twc:
[0.99969959, -0.004403322, -0.024110785, -0.016952017;
 0.0055120001, 0.9989211, 0.046111017, -0.0028247915;
 0.02388173, -0.046230067, 0.99864531, -0.019747667;
 0, 0, 0, 1]
Ow:
[0.017434103;
 0.0018341625;
 0.019442443]
Keyframe: 3 Frame: 73 Frame from vFrameID : 74
Tcw:
[0.99965268, 0.0098757017, 0.024432683, 0.018538957;
 -0.0087153744, 0.99884981, -0.047149763, 0.00095461705;
 -0.024870219, 0.046920449, 0.99858898, 0.020762078;
 0, 0, 0, 1]
Twc:
[0.99965268, -0.0087153744, -0.024870219, -0.018007843;
 0.0098757017, 0.99884981, 0.046920449, -0.0021107702;
 0.024432683, -0.047149763, 0.99858898, -0.02114073;
 0, 0, 0, 1]
Ow:
[0.018538957;
 0.00095461705;
 0.020762078]
Keyframe: 4 Frame: 75 Frame from vFrameID : 76
Tcw:
[0.99958581, 0.016952753, 0.023256296, 0.019139254;
 -0.015712626, 0.99849683, -0.052508481, 0.0014114082;
 -0.024111502, 0.052121315, 0.99834967, 0.022999145;
 0, 0, 0, 1]
Twc:
[0.99958581, -0.015712626, -0.024111502, -0.018554606;
 0.016952753, 0.99849683, 0.052121315, -0.0029324954;
 0.023256296, -0.052508481, 0.99834967, -0.023332186;
 0, 0, 0, 1]
Ow:
[0.019139254;
 0.0014114082;
 0.022999145]
Keyframe: 5 Frame: 77 Frame from vFrameID : 78
Tcw:
[0.99958211, 0.020716814, 0.020159246, 0.019475402;
 -0.019639676, 0.99844158, -0.052236993, 0.0018491986;
 -0.021210015, 0.051819243, 0.99843121, 0.025200816;
 0, 0, 0, 1]
Twc:
[0.99958211, -0.019639676, -0.021210015, -0.018896436;
 0.020716814, 0.99844158, 0.051819243, -0.0035556722;
 0.020159246, -0.052236993, 0.99843121, -0.025457295;
 0, 0, 0, 1]
Ow:
[0.019475402;
 0.0018491986;
 0.025200816]
Keyframe: 6 Frame: 79 Frame from vFrameID : 80
Tcw:
[0.99964482, 0.018362677, 0.019314233, 0.019496726;
 -0.01732056, 0.99845463, -0.052805193, 0.0017752922;
 -0.020254031, 0.052451905, 0.99841803, 0.027169323;
 0, 0, 0, 1]
Twc:
[0.99964482, -0.01732056, -0.020254031, -0.018908765;
 0.018362677, 0.99845463, 0.052451905, -0.0035556436;
 0.019314233, -0.052805193, 0.99841803, -0.027409162;
 0, 0, 0, 1]
Ow:
[0.019496726;
 0.0017752922;
 0.027169323]
Keyframe: 7 Frame: 81 Frame from vFrameID : 82
Tcw:
[0.99963099, 0.016182877, 0.021818325, 0.01953855;
 -0.015028997, 0.99853134, -0.052050687, 0.0015812966;
 -0.022628611, 0.051703572, 0.99840605, 0.030565644;
 0, 0, 0, 1]
Twc:
[0.99963099, -0.015028997, -0.022628611, -0.018815916;
 0.016182877, 0.99853134, 0.051703572, -0.0034755173;
 0.021818325, -0.052050687, 0.99840605, -0.030860916;
 0, 0, 0, 1]
Ow:
[0.01953855;
 0.0015812966;
 0.030565644]
Keyframe: 8 Frame: 84 Frame from vFrameID : 85
Tcw:
[0.99946475, 0.015405762, 0.028860606, 0.019616995;
 -0.013732089, 0.99826151, -0.057318289, 0.0012974693;
 -0.029693464, 0.056891292, 0.99793869, 0.036517147;
 0, 0, 0, 1]
Twc:
[0.99946475, -0.013732089, -0.029693464, -0.018504355;
 0.015405762, 0.99826151, 0.056891292, -0.003674936;
 0.028860606, -0.057318289, 0.99793869, -0.036933664;
 0, 0, 0, 1]
Ow:
[0.019616995;
 0.0012974693;
 0.036517147]
Keyframe: 9 Frame: 87 Frame from vFrameID : 88
Tcw:
[0.99920481, 0.0082055582, 0.039017685, 0.015454146;
 -0.0057161017, 0.99796599, -0.063492015, 0.0016171806;
 -0.039459307, 0.063218497, 0.99721932, 0.040861581;
 0, 0, 0, 1]
Twc:
[0.99920481, -0.0057161017, -0.039459307, -0.013820244;
 0.0082055582, 0.99796599, 0.063218497, -0.0043239091;
 0.039017685, -0.063492015, 0.99721932, -0.041248266;
 0, 0, 0, 1]
Ow:
[0.015454146;
 0.0016171806;
 0.040861581]
Keyframe: 10 Frame: 90 Frame from vFrameID : 91
Tcw:
[0.998447, 0.0039732223, 0.055568051, 0.014606791;
 -0.00029439063, 0.99781585, -0.06605614, 0.0022894114;
 -0.055709139, 0.065937199, 0.99626744, 0.046344839;
 0, 0, 0, 1]
Twc:
[0.998447, -0.00029439063, -0.055709139, -0.012001602;
 0.0039732223, 0.99781585, 0.065937199, -0.0053982954;
 0.055568051, -0.06605614, 0.99626744, -0.046832293;
 0, 0, 0, 1]
Ow:
[0.014606791;
 0.0022894114;
 0.046344839]
Keyframe: 11 Frame: 94 Frame from vFrameID : 95
Tcw:
[0.99738985, -0.0010336667, 0.072196901, 0.013438498;
 0.0066479621, 0.99696499, -0.077566773, 0.0026655658;
 -0.071897604, 0.077844277, 0.99436963, 0.051341437;
 0, 0, 0, 1]
Twc:
[0.99738985, 0.0066479621, -0.071897604, -0.0097298156;
 -0.0010336667, 0.99696499, 0.077844277, -0.0066402219;
 0.072196901, -0.077566773, 0.99436963, -0.051815826;
 0, 0, 0, 1]
Ow:
[0.013438498;
 0.0026655658;
 0.051341437]
Keyframe: 12 Frame: 98 Frame from vFrameID : 99
Tcw:
[0.9963398, -0.011579989, 0.08469326, 0.01236104;
 0.018853547, 0.9961518, -0.085592546, 0.0035342951;
 -0.083376184, 0.086876027, 0.992724, 0.054859351;
 0, 0, 0, 1]
Twc:
[0.9963398, 0.018853547, -0.083376184, -0.0078084669;
 -0.011579989, 0.9961518, 0.086876027, -0.0081435172;
 0.08469326, -0.085592546, 0.992724, -0.055204585;
 0, 0, 0, 1]
Ow:
[0.01236104;
 0.0035342951;
 0.054859351]
Keyframe: 13 Frame: 101 Frame from vFrameID : 102
Tcw:
[0.99577838, -0.020139281, 0.089553408, 0.010711471;
 0.027320445, 0.9964444, -0.079700328, 0.0030537066;
 -0.087629884, 0.081810504, 0.99278802, 0.057754047;
 0, 0, 0, 1]
Twc:
[0.99577838, 0.027320445, -0.087629884, -0.0056886985;
 -0.020139281, 0.9964444, 0.081810504, -0.0075520151;
 0.089553408, -0.079700328, 0.99278802, -0.058053393;
 0, 0, 0, 1]
Ow:
[0.010711471;
 0.0030537066;
 0.057754047]
Keyframe: 14 Frame: 104 Frame from vFrameID : 105
Tcw:
[0.9952842, -0.020111032, 0.09489423, 0.011100839;
 0.027201949, 0.99688476, -0.074032821, 0.0042358693;
 -0.093109734, 0.076265007, 0.99273068, 0.060770642;
 0, 0, 0, 1]
Twc:
[0.9952842, 0.027201949, -0.093109734, -0.0055053751;
 -0.020111032, 0.99688476, 0.076265007, -0.0086340979;
 0.09489423, -0.074032821, 0.99273068, -0.061068695;
 0, 0, 0, 1]
Ow:
[0.011100839;
 0.0042358693;
 0.060770642]
Keyframe: 15 Frame: 107 Frame from vFrameID : 108
Tcw:
[0.99471343, -0.02300136, 0.10008086, 0.011611871;
 0.030214505, 0.99700683, -0.071165055, 0.0055871019;
 -0.098144412, 0.073812731, 0.99243104, 0.067656212;
 0, 0, 0, 1]
Twc:
[0.99471343, 0.030214505, -0.098144412, -0.0050792168;
 -0.02300136, 0.99700683, 0.073812731, -0.010297179;
 0.10008086, -0.071165055, 0.99243104, -0.067908645;
 0, 0, 0, 1]
Ow:
[0.011611871;
 0.0055871019;
 0.067656212]
Keyframe: 16 Frame: 111 Frame from vFrameID : 112
Tcw:
[0.99562329, -0.015544114, 0.092155635, 0.015232809;
 0.022259492, 0.9971348, -0.072296105, 0.0064007207;
 -0.090767808, 0.074031018, 0.99311662, 0.070476942;
 0, 0, 0, 1]
Twc:
[0.99562329, 0.022259492, -0.090767808, -0.008911578;
 -0.015544114, 0.9971348, 0.074031018, -0.011363081;
 0.092155635, -0.072296105, 0.99311662, -0.070932865;
 0, 0, 0, 1]
Ow:
[0.015232809;
 0.0064007207;
 0.070476942]
Keyframe: 17 Frame: 114 Frame from vFrameID : 115
Tcw:
[0.99667692, -0.012716455, 0.080457352, 0.017712381;
 0.018165452, 0.99756336, -0.067360125, 0.0065352302;
 -0.079404727, 0.068597823, 0.99447936, 0.073308825;
 0, 0, 0, 1]
Twc:
[0.99667692, 0.018165452, -0.079404727, -0.011951171;
 -0.012716455, 0.99756336, 0.068597823, -0.011322892;
 0.080457352, -0.067360125, 0.99447936, -0.073888987;
 0, 0, 0, 1]
Ow:
[0.017712381;
 0.0065352302;
 0.073308825]
Keyframe: 18 Frame: 118 Frame from vFrameID : 119
Tcw:
[0.99739778, 0.0088060843, 0.071554869, 0.024410471;
 -0.0038191492, 0.9975723, -0.069533974, 0.0042341338;
 -0.071993478, 0.069079749, 0.99501002, 0.076748073;
 0, 0, 0, 1]
Twc:
[0.99739778, -0.0038191492, -0.071993478, -0.018805418;
 0.0088060843, 0.9975723, 0.069079749, -0.0097405529;
 0.071554869, -0.069533974, 0.99501002, -0.077817373;
 0, 0, 0, 1]
Ow:
[0.024410471;
 0.0042341338;
 0.076748073]
Keyframe: 19 Frame: 122 Frame from vFrameID : 123
Tcw:
[0.99717999, 0.010952799, 0.074243717, 0.025761681;
 -0.0058587343, 0.99763483, -0.068486348, 0.0032561184;
 -0.074818239, 0.067858234, 0.99488568, 0.079838187;
 0, 0, 0, 1]
Twc:
[0.99717999, -0.0058587343, -0.074818239, -0.019696603;
 0.010952799, 0.99763483, 0.067858234, -0.0089482591;
 0.074243717, -0.068486348, 0.99488568, -0.081119508;
 0, 0, 0, 1]
Ow:
[0.025761681;
 0.0032561184;
 0.079838187]
Keyframe: 20 Frame: 126 Frame from vFrameID : 127
Tcw:
[0.99668592, 0.0052708001, 0.081175037, 0.027761431;
 -5.6507477e-05, 0.99794322, -0.064103931, 0.0026442474;
 -0.08134596, 0.063886896, 0.99463624, 0.08276099;
 0, 0, 0, 1]
Twc:
[0.99668592, -5.6507477e-05, -0.08134596, -0.020937007;
 0.0052708001, 0.99794322, 0.063886896, -0.0080724768;
 0.081175037, -0.064103931, 0.99463624, -0.084401108;
 0, 0, 0, 1]
Ow:
[0.027761431;
 0.0026442474;
 0.08276099]
Keyframe: 21 Frame: 130 Frame from vFrameID : 131
Tcw:
[0.99514771, -0.0082885511, 0.098042436, 0.027629297;
 0.015483391, 0.99722248, -0.072853461, 0.0018867808;
 -0.09716627, 0.074017987, 0.99251199, 0.087431937;
 0, 0, 0, 1]
Twc:
[0.99514771, 0.015483391, -0.09716627, -0.01902901;
 -0.0082885511, 0.99722248, 0.074017987, -0.0081240702;
 0.098042436, -0.072853461, 0.99251199, -0.089348637;
 0, 0, 0, 1]
Ow:
[0.027629297;
 0.0018867808;
 0.087431937]
Keyframe: 22 Frame: 134 Frame from vFrameID : 135
Tcw:
[0.99353993, -0.0095557887, 0.11307982, 0.027490843;
 0.019742778, 0.99580789, -0.089313105, 0.0015362576;
 -0.11175232, 0.090968646, 0.98956358, 0.091596864;
 0, 0, 0, 1]
Twc:
[0.99353993, 0.019742778, -0.11175232, -0.017107418;
 -0.0095557887, 0.99580789, 0.090968646, -0.0095995646;
 0.11307982, -0.089313105, 0.98956358, -0.09361238;
 0, 0, 0, 1]
Ow:
[0.027490843;
 0.0015362576;
 0.091596864]
Keyframe: 23 Frame: 138 Frame from vFrameID : 139
Tcw:
[0.9904989, -0.027917335, 0.13465726, 0.026427861;
 0.042021245, 0.99378687, -0.1030625, 0.0015153568;
 -0.13094339, 0.10774175, 0.98551792, 0.095207289;
 0, 0, 0, 1]
Twc:
[0.9904989, 0.042021245, -0.13094339, -0.013773678;
 -0.027917335, 0.99378687, 0.10774175, -0.011025946;
 0.13465726, -0.1030625, 0.98551792, -0.097231016;
 0, 0, 0, 1]
Ow:
[0.026427861;
 0.0015153568;
 0.095207289]
Keyframe: 24 Frame: 142 Frame from vFrameID : 143
Tcw:
[0.98887843, -0.033468448, 0.14491148, 0.02661055;
 0.04818939, 0.99389011, -0.09929847, 0.0020964453;
 -0.14070272, 0.10517731, 0.98444933, 0.098539017;
 0, 0, 0, 1]
Twc:
[0.98887843, 0.04818939, -0.14070272, -0.012550915;
 -0.033468448, 0.99389011, 0.10517731, -0.011557091;
 0.14491148, -0.09929847, 0.98444933, -0.10065467;
 0, 0, 0, 1]
Ow:
[0.02661055;
 0.0020964453;
 0.098539017]
Keyframe: 25 Frame: 146 Frame from vFrameID : 147
Tcw:
[0.98790568, -0.037670869, 0.15041031, 0.028561708;
 0.049901139, 0.9956736, -0.078383788, 0.0015992597;
 -0.14680679, 0.084941432, 0.98551142, 0.10222381;
 0, 0, 0, 1]
Twc:
[0.98790568, 0.049901139, -0.14680679, -0.013288931;
 -0.037670869, 0.9956736, 0.084941432, -0.009199433;
 0.15041031, -0.078383788, 0.98551142, -0.10491335;
 0, 0, 0, 1]
Ow:
[0.028561708;
 0.0015992597;
 0.10222381]
Keyframe: 26 Frame: 151 Frame from vFrameID : 152
Tcw:
[0.99187809, -0.019915525, 0.12562348, 0.032209389;
 0.03109814, 0.99566191, -0.087694079, 0.0016098451;
 -0.12333204, 0.090888493, 0.98819458, 0.10578421;
 0, 0, 0, 1]
Twc:
[0.99187809, 0.03109814, -0.12333204, -0.018951267;
 -0.019915525, 0.99566191, 0.090888493, -0.010575961;
 0.12562348, -0.087694079, 0.98819458, -0.10844045;
 0, 0, 0, 1]
Ow:
[0.032209389;
 0.0016098451;
 0.10578421]
Keyframe: 27 Frame: 156 Frame from vFrameID : 157
Tcw:
[0.996104, -0.0011340312, 0.088179104, 0.036405705;
 0.0099698901, 0.99495476, -0.09982793, 4.5141205e-06;
 -0.087621011, 0.10031814, 0.9910897, 0.10998777;
 0, 0, 0, 1]
Twc:
[0.996104, 0.0099698901, -0.087621011, -0.026626673;
 -0.0011340312, 0.99495476, 0.10031814, -0.010996974;
 0.088179104, -0.09982793, 0.9910897, -0.11221752;
 0, 0, 0, 1]
Ow:
[0.036405705;
 4.5141205e-06;
 0.10998777]
Keyframe: 28 Frame: 161 Frame from vFrameID : 162
Tcw:
[0.99777681, 0.0043976689, 0.06649898, 0.038192276;
 0.0022322717, 0.9950552, -0.099298254, -0.00013739057;
 -0.066606835, 0.099225938, 0.9928332, 0.11354159;
 0, 0, 0, 1]
Twc:
[0.99777681, 0.0022322717, -0.066606835, -0.030544415;
 0.0043976689, 0.9950552, 0.099225938, -0.011297517;
 0.06649898, -0.099298254, 0.9928332, -0.11528125;
 0, 0, 0, 1]
Ow:
[0.038192276;
 -0.00013739057;
 0.11354159]
Keyframe: 29 Frame: 166 Frame from vFrameID : 167
Tcw:
[0.99698663, 0.008457277, 0.077111468, 0.038532708;
 -0.0014106515, 0.99585152, -0.090982467, -0.00070874486;
 -0.077561036, 0.090599522, 0.99286252, 0.11864847;
 0, 0, 0, 1]
Twc:
[0.99698663, -0.0014106515, -0.077561036, -0.029215094;
 0.008457277, 0.99585152, 0.090599522, -0.010369571;
 0.077111468, -0.090982467, 0.99286252, -0.12083741;
 0, 0, 0, 1]
Ow:
[0.038532708;
 -0.00070874486;
 0.11864847]
Keyframe: 30 Frame: 171 Frame from vFrameID : 172
Tcw:
[0.99610883, -0.00090374367, 0.088127367, 0.03896087;
 0.0088937385, 0.99587363, -0.090313792, -0.0011149533;
 -0.087682106, 0.090746142, 0.99200654, 0.12451269;
 0, 0, 0, 1]
Twc:
[0.99610883, 0.0088937385, -0.087682106, -0.027881814;
 -0.00090374367, 0.99587363, 0.090746142, -0.010153484;
 0.088127367, -0.090313792, 0.99200654, -0.12705162;
 0, 0, 0, 1]
Ow:
[0.03896087;
 -0.0011149533;
 0.12451269]
Keyframe: 31 Frame: 176 Frame from vFrameID : 177
Tcw:
[0.99566483, -0.0090825381, 0.092569448, 0.039253701;
 0.019124474, 0.99394757, -0.10817823, -0.0019467287;
 -0.091026641, 0.1094796, 0.98981231, 0.13021436;
 0, 0, 0, 1]
Twc:
[0.99566483, 0.019124474, -0.091026641, -0.027193319;
 -0.0090825381, 0.99394757, 0.1094796, -0.011964346;
 0.092569448, -0.10817823, 0.98981231, -0.13273206;
 0, 0, 0, 1]
Ow:
[0.039253701;
 -0.0019467287;
 0.13021436]
Keyframe: 32 Frame: 181 Frame from vFrameID : 182
Tcw:
[0.99496031, -0.018896453, 0.098472998, 0.039892171;
 0.02853754, 0.99483246, -0.097437002, -0.0021711914;
 -0.096122928, 0.099756122, 0.99035805, 0.13474989;
 0, 0, 0, 1]
Twc:
[0.99496031, 0.02853754, -0.096122928, -0.026676614;
 -0.018896453, 0.99483246, 0.099756122, -0.010528335;
 0.098472998, -0.097437002, 0.99035805, -0.1375905;
 0, 0, 0, 1]
Ow:
[0.039892171;
 -0.0021711914;
 0.13474989]
Keyframe: 33 Frame: 186 Frame from vFrameID : 187
Tcw:
[0.99518895, -0.020076586, 0.095895097, 0.04310267;
 0.029098101, 0.99518216, -0.093625717, -0.0025038011;
 -0.093553402, 0.095965646, 0.99097848, 0.14092547;
 0, 0, 0, 1]
Twc:
[0.99518895, 0.029098101, -0.093553402, -0.029638387;
 -0.020076586, 0.99518216, 0.095965646, -0.01016691;
 0.095895097, -0.093625717, 0.99097848, -0.14402185;
 0, 0, 0, 1]
Ow:
[0.04310267;
 -0.0025038011;
 0.14092547]
Keyframe: 34 Frame: 192 Frame from vFrameID : 193
Tcw:
[0.99624991, -0.0051636514, 0.086368009, 0.048352938;
 0.013525451, 0.99523979, -0.096513256, -0.0029733693;
 -0.085458525, 0.097319491, 0.99157739, 0.14787634;
 0, 0, 0, 1]
Twc:
[0.99624991, 0.013525451, -0.085458525, -0.0354941;
 -0.0051636514, 0.99523979, 0.097319491, -0.011182358;
 0.086368009, -0.096513256, 0.99157739, -0.15109396;
 0, 0, 0, 1]
Ow:
[0.048352938;
 -0.0029733693;
 0.14787634]
Keyframe: 35 Frame: 198 Frame from vFrameID : 199
Tcw:
[0.99744678, 0.010172371, 0.070685968, 0.051914524;
 -0.0031707627, 0.99513531, -0.098466769, -0.0042407578;
 -0.071343742, 0.097991228, 0.99262673, 0.15476035;
 0, 0, 0, 1]
Twc:
[0.99744678, -0.0031707627, -0.071343742, -0.040754236;
 0.010172371, 0.99513531, 0.097991228, -0.011473122;
 0.070685968, -0.098466769, 0.99262673, -0.15770645;
 0, 0, 0, 1]
Ow:
[0.051914524;
 -0.0042407578;
 0.15476035]
Keyframe: 36 Frame: 204 Frame from vFrameID : 205
Tcw:
[0.99643451, 0.00028835784, 0.084369436, 0.053551264;
 0.0082070986, 0.99492043, -0.10032934, -0.0048509678;
 -0.083969802, 0.10066404, 0.99137068, 0.16337712;
 0, 0, 0, 1]
Twc:
[0.99643451, 0.0082070986, -0.083969802, -0.039601766;
 0.00028835784, 0.99492043, 0.10066404, -0.011635317;
 0.084369436, -0.10032934, 0.99137068, -0.16697207;
 0, 0, 0, 1]
Ow:
[0.053551264;
 -0.0048509678;
 0.16337712]
Keyframe: 37 Frame: 209 Frame from vFrameID : 210
Tcw:
[0.99438828, -0.013796866, 0.10488869, 0.052523255;
 0.02445283, 0.99458617, -0.10099693, -0.0044360394;
 -0.10292739, 0.10299498, 0.98934221, 0.17066555;
 0, 0, 0, 1]
Twc:
[0.99438828, 0.02445283, -0.10292739, -0.034553874;
 -0.013796866, 0.99458617, 0.10299498, -0.012441015;
 0.10488869, -0.10099693, 0.98934221, -0.17480375;
 0, 0, 0, 1]
Ow:
[0.052523255;
 -0.0044360394;
 0.17066555]
Keyframe: 38 Frame: 215 Frame from vFrameID : 216
Tcw:
[0.99373633, -0.025576448, 0.10878405, 0.053975195;
 0.036603808, 0.99425209, -0.10061307, -0.0044627273;
 -0.10558544, 0.10396478, 0.98896056, 0.1774248;
 0, 0, 0, 1]
Twc:
[0.99373633, 0.036603808, -0.10558544, -0.034740284;
 -0.025576448, 0.99425209, 0.10396478, -0.012628359;
 0.10878405, -0.10061307, 0.98896056, -0.18178679;
 0, 0, 0, 1]
Ow:
[0.053975195;
 -0.0044627273;
 0.1774248]
Keyframe: 39 Frame: 221 Frame from vFrameID : 222
Tcw:
[0.99599546, -0.013983673, 0.088303573, 0.057741672;
 0.022568054, 0.99503064, -0.096977919, -0.0057608495;
 -0.086508654, 0.098582409, 0.99136156, 0.18371436;
 0, 0, 0, 1]
Twc:
[0.99599546, 0.022568054, -0.086508654, -0.041487549;
 -0.013983673, 0.99503064, 0.098582409, -0.011571342;
 0.088303573, -0.096977919, 0.99136156, -0.18778484;
 0, 0, 0, 1]
Ow:
[0.057741672;
 -0.0057608495;
 0.18371436]
Keyframe: 40 Frame: 227 Frame from vFrameID : 228
Tcw:
[0.99854195, 0.0029390568, 0.053901315, 0.065293603;
 0.0032422026, 0.99344873, -0.11423243, -0.0059858989;
 -0.053883929, 0.11424062, 0.99199075, 0.19000252;
 0, 0, 0, 1]
Twc:
[0.99854195, 0.0032422026, -0.053883929, -0.054940909;
 0.0029390568, 0.99344873, 0.11424062, -0.015951224;
 0.053901315, -0.11423243, 0.99199075, -0.19268392;
 0, 0, 0, 1]
Ow:
[0.065293603;
 -0.0059858989;
 0.19000252]
Keyframe: 41 Frame: 233 Frame from vFrameID : 234
Tcw:
[0.99954993, 0.001490319, 0.029961254, 0.071255758;
 0.0014575592, 0.99517274, -0.098127671, -0.0064651882;
 -0.029962866, 0.098127179, 0.99472272, 0.19639792;
 0, 0, 0, 1]
Twc:
[0.99954993, 0.0014575592, -0.029962866, -0.065329619;
 0.001490319, 0.99517274, 0.098127179, -0.012944188;
 0.029961254, -0.098127671, 0.99472272, -0.19813079;
 0, 0, 0, 1]
Ow:
[0.071255758;
 -0.0064651882;
 0.19639792]
Keyframe: 42 Frame: 239 Frame from vFrameID : 240
Tcw:
[0.99892193, -0.0060369316, 0.046027869, 0.075015083;
 0.0096263802, 0.99689388, -0.078166164, -0.0078507531;
 -0.045413017, 0.078524977, 0.99587727, 0.20448855;
 0, 0, 0, 1]
Twc:
[0.99892193, 0.0096263802, -0.045413017, -0.065572187;
 -0.0060369316, 0.99689388, 0.078524977, -0.0077782283;
 0.046027869, -0.078166164, 0.99587727, -0.20771194;
 0, 0, 0, 1]
Ow:
[0.075015083;
 -0.0078507531;
 0.20448855]
Keyframe: 43 Frame: 245 Frame from vFrameID : 246
Tcw:
[0.99855381, -0.0064701145, 0.053370334, 0.077260695;
 0.012868816, 0.99263763, -0.12043631, -0.0082497708;
 -0.052198168, 0.12094895, 0.99128538, 0.21165179;
 0, 0, 0, 1]
Twc:
[0.99855381, 0.012868816, -0.052198168, -0.065994963;
 -0.0064701145, 0.99263763, 0.12094895, -0.016910143;
 0.053370334, -0.12043631, 0.99128538, -0.21492432;
 0, 0, 0, 1]
Ow:
[0.077260695;
 -0.0082497708;
 0.21165179]
Keyframe: 44 Frame: 251 Frame from vFrameID : 252
Tcw:
[0.997989, -0.027407289, 0.057156134, 0.080731645;
 0.035130385, 0.98969305, -0.13882908, -0.0088895578;
 -0.052762102, 0.14055781, 0.98866558, 0.21792938;
 0, 0, 0, 1]
Twc:
[0.997989, 0.035130385, -0.052762102, -0.068758592;
 -0.027407289, 0.98969305, 0.14055781, -0.019621106;
 0.057156134, -0.13882908, 0.98866558, -0.22130771;
 0, 0, 0, 1]
Ow:
[0.080731645;
 -0.0088895578;
 0.21792938]
Keyframe: 45 Frame: 256 Frame from vFrameID : 257
Tcw:
[0.99649435, -0.021972641, 0.080722973, 0.084289044;
 0.033066209, 0.98977166, -0.13877578, -0.0081587471;
 -0.076848038, 0.14095849, 0.98702842, 0.22209637;
 0, 0, 0, 1]
Twc:
[0.99649435, 0.033066209, -0.076848038, -0.066656105;
 -0.021972641, 0.98977166, 0.14095849, -0.021379018;
 0.080722973, -0.13877578, 0.98702842, -0.22715172;
 0, 0, 0, 1]
Ow:
[0.084289044;
 -0.0081587471;
 0.22209637]
Keyframe: 46 Frame: 262 Frame from vFrameID : 263
Tcw:
[0.99964851, -0.018591678, 0.018900283, 0.088541143;
 0.020599123, 0.99346566, -0.11225697, -0.0083646663;
 -0.016689736, 0.11260684, 0.99349946, 0.22810537;
 0, 0, 0, 1]
Twc:
[0.99964851, 0.020599123, -0.016689736, -0.084530696;
 -0.018591678, 0.99346566, 0.11260684, -0.015730087;
 0.018900283, -0.11225697, 0.99349946, -0.22923499;
 0, 0, 0, 1]
Ow:
[0.088541143;
 -0.0083646663;
 0.22810537]
Keyframe: 47 Frame: 268 Frame from vFrameID : 269
Tcw:
[0.9988181, -0.0036414347, -0.048468489, 0.094020151;
 -0.0019026598, 0.99349606, -0.11385051, -0.010313434;
 0.048567832, 0.11380816, 0.99231488, 0.2316813;
 0, 0, 0, 1]
Twc:
[0.9988181, -0.0019026598, 0.048567832, -0.1051809;
 -0.0036414347, 0.99349606, 0.11380816, -0.015778501;
 -0.048468489, -0.11385051, 0.99231488, -0.22651799;
 0, 0, 0, 1]
Ow:
[0.094020151;
 -0.010313434;
 0.2316813]
Keyframe: 48 Frame: 274 Frame from vFrameID : 275
Tcw:
[0.99892533, -0.0097215949, -0.04531813, 0.096779004;
 0.0058488366, 0.9963792, -0.084819131, -0.010828002;
 0.045978617, 0.084462918, 0.99536526, 0.2362546;
 0, 0, 0, 1]
Twc:
[0.99892533, 0.0058488366, 0.045978617, -0.10747432;
 -0.0097215949, 0.9963792, 0.084462918, -0.0082251122;
 -0.04531813, -0.084819131, 0.99536526, -0.23169221;
 0, 0, 0, 1]
Ow:
[0.096779004;
 -0.010828002;
 0.2362546]
Keyframe: 49 Frame: 280 Frame from vFrameID : 281
Tcw:
[0.99952888, -0.010414728, -0.028872009, 0.097284883;
 0.0081657479, 0.99700177, -0.076946557, -0.011457277;
 0.029586822, 0.076674543, 0.99661708, 0.24260704;
 0, 0, 0, 1]
Twc:
[0.99952888, 0.0081657479, 0.029586822, -0.10432347;
 -0.010414728, 0.99700177, 0.076674543, -0.0061656623;
 -0.028872009, -0.076946557, 0.99661708, -0.23985912;
 0, 0, 0, 1]
Ow:
[0.097284883;
 -0.011457277;
 0.24260704]
Keyframe: 50 Frame: 286 Frame from vFrameID : 287
Tcw:
[0.99992943, -0.010944857, -0.0046192165, 0.098009109;
 0.010523004, 0.99648148, -0.083149739, -0.012860917;
 0.0055130259, 0.083095267, 0.99652636, 0.24967235;
 0, 0, 0, 1]
Twc:
[0.99992943, 0.010523004, 0.0055130259, -0.099243313;
 -0.010944857, 0.99648148, 0.083095267, -0.0068582292;
 -0.0046192165, -0.083149739, 0.99652636, -0.24942173;
 0, 0, 0, 1]
Ow:
[0.098009109;
 -0.012860917;
 0.24967235]
Keyframe: 51 Frame: 292 Frame from vFrameID : 293
Tcw:
[0.99985778, 6.8460417e-05, 0.016863696, 0.097917728;
 0.0019593756, 0.99274743, -0.12020264, -0.013506783;
 -0.01674962, 0.12021858, 0.99260616, 0.25532204;
 0, 0, 0, 1]
Twc:
[0.99985778, 0.0019593756, -0.01674962, -0.093600795;
 6.8460417e-05, 0.99274743, 0.12021858, -0.017292332;
 0.016863696, -0.12020264, 0.99260616, -0.25670901;
 0, 0, 0, 1]
Ow:
[0.097917728;
 -0.013506783;
 0.25532204]
Keyframe: 52 Frame: 298 Frame from vFrameID : 299
Tcw:
[0.99964285, -0.0057071587, 0.026106428, 0.098994978;
 0.0082107233, 0.99526799, -0.096820541, -0.014674862;
 -0.025430324, 0.097000316, 0.99495941, 0.26071787;
 0, 0, 0, 1]
Twc:
[0.99964285, 0.0082107233, -0.025430324, -0.092208989;
 -0.0057071587, 0.99526799, 0.097000316, -0.010119315;
 0.026106428, -0.096820541, 0.99495941, -0.26340893;
 0, 0, 0, 1]
Ow:
[0.098994978;
 -0.014674862;
 0.26071787]
Keyframe: 53 Frame: 304 Frame from vFrameID : 305
Tcw:
[0.99999678, -0.0024701157, 0.00056999904, 0.10210234;
 0.0025168541, 0.99428082, -0.10676751, -0.014777672;
 -0.00030301101, 0.1067686, 0.99428385, 0.26834995;
 0, 0, 0, 1]
Twc:
[0.99999678, 0.0025168541, -0.00030301101, -0.1019835;
 -0.0024701157, 0.99428082, 0.1067686, -0.013705987;
 0.00056999904, -0.10676751, 0.99428385, -0.26845199;
 0, 0, 0, 1]
Ow:
[0.10210234;
 -0.014777672;
 0.26834995]
Keyframe: 54 Frame: 310 Frame from vFrameID : 311
Tcw:
[0.99988592, 0.015067031, 0.0010388376, 0.10792542;
 -0.014848057, 0.99327254, -0.11484426, -0.016775761;
 -0.002762211, 0.11481573, 0.99338299, 0.27486977;
 0, 0, 0, 1]
Twc:
[0.99988592, -0.014848057, -0.002762211, -0.10740296;
 0.015067031, 0.99327254, 0.11481573, -0.016522584;
 0.0010388376, -0.11484426, 0.99338299, -0.27508965;
 0, 0, 0, 1]
Ow:
[0.10792542;
 -0.016775761;
 0.27486977]
Keyframe: 55 Frame: 316 Frame from vFrameID : 317
Tcw:
[0.99985695, 0.01686696, -0.0012413174, 0.11034271;
 -0.016898775, 0.99338233, -0.11360461, -0.017604055;
 -0.00068306149, 0.11360933, 0.99352527, 0.28038293;
 0, 0, 0, 1]
Twc:
[0.99985695, -0.016898775, -0.00068306149, -0.1104329;
 0.01686696, 0.99338233, 0.11360933, -0.016227705;
 -0.0012413174, -0.11360461, 0.99352527, -0.28043047;
 0, 0, 0, 1]
Ow:
[0.11034271;
 -0.017604055;
 0.28038293]
Keyframe: 56 Frame: 321 Frame from vFrameID : 322
Tcw:
[0.99962497, 0.019003917, 0.019716306, 0.11238152;
 -0.016561352, 0.99294639, -0.11740179, -0.018729495;
 -0.021808328, 0.11703124, 0.99288875, 0.28688154;
 0, 0, 0, 1]
Twc:
[0.99962497, -0.016561352, -0.021808328, -0.10639315;
 0.019003917, 0.99294639, 0.11703124, -0.017112408;
 0.019716306, -0.11740179, 0.99288875, -0.2892561;
 0, 0, 0, 1]
Ow:
[0.11238152;
 -0.018729495;
 0.28688154]
Keyframe: 57 Frame: 329 Frame from vFrameID : 330
Tcw:
[0.99797821, 0.0077292742, 0.063085109, 0.11338642;
 -0.00012987104, 0.99282366, -0.11958762, -0.019839352;
 -0.063556708, 0.11933764, 0.99081737, 0.29673719;
 0, 0, 0, 1]
Twc:
[0.99797821, -0.00012987104, -0.063556708, -0.094300114;
 0.0077292742, 0.99282366, 0.11933764, -0.016591338;
 0.063085109, -0.11958762, 0.99081737, -0.30353794;
 0, 0, 0, 1]
Ow:
[0.11338642;
 -0.019839352;
 0.29673719]
Keyframe: 58 Frame: 334 Frame from vFrameID : 335
Tcw:
[0.99734175, -0.0037478148, 0.072769672, 0.11315706;
 0.013016311, 0.99177682, -0.1273156, -0.019584453;
 -0.071694121, 0.12792435, 0.98918921, 0.30228719;
 0, 0, 0, 1]
Twc:
[0.99734175, 0.013016311, -0.071694121, -0.090929121;
 -0.0037478148, 0.99177682, 0.12792435, -0.018822394;
 0.072769672, -0.1273156, 0.98918921, -0.30974704;
 0, 0, 0, 1]
Ow:
[0.11315706;
 -0.019584453;
 0.30228719]
Keyframe: 59 Frame: 339 Frame from vFrameID : 340
Tcw:
[0.99588621, -0.0028312986, 0.090568334, 0.1151988;
 0.012255169, 0.99453658, -0.10366675, -0.019838989;
 -0.08978001, 0.10435021, 0.99048001, 0.30815417;
 0, 0, 0, 1]
Twc:
[0.99588621, 0.012255169, -0.08978001, -0.086815685;
 -0.0028312986, 0.99453658, 0.10435021, -0.012099188;
 0.090568334, -0.10366675, 0.99048001, -0.31771052;
 0, 0, 0, 1]
Ow:
[0.1151988;
 -0.019838989;
 0.30815417]
Keyframe: 60 Frame: 345 Frame from vFrameID : 346
Tcw:
[0.99851775, 0.0043330784, 0.054254293, 0.11964095;
 0.0017241911, 0.99380726, -0.11110421, -0.019666754;
 -0.054399736, 0.11103307, 0.99232674, 0.31538847;
 0, 0, 0, 1]
Twc:
[0.99851775, 0.0017241911, -0.054399736, -0.10227266;
 0.0043330784, 0.99380726, 0.11103307, -0.015991997;
 0.054254293, -0.11110421, 0.99232674, -0.32164448;
 0, 0, 0, 1]
Ow:
[0.11964095;
 -0.019666754;
 0.31538847]
Keyframe: 61 Frame: 351 Frame from vFrameID : 352
Tcw:
[0.99932003, 0.022174271, 0.029457625, 0.12606134;
 -0.018506108, 0.99266982, -0.11943275, -0.022275994;
 -0.031890027, 0.1188064, 0.99240518, 0.3225894;
 0, 0, 0, 1]
Twc:
[0.99932003, -0.018506108, -0.031890027, -0.11610048;
 0.022174271, 0.99266982, 0.1188064, -0.019008296;
 0.029457625, -0.11943275, 0.99240518, -0.32651335;
 0, 0, 0, 1]
Ow:
[0.12606134;
 -0.022275994;
 0.3225894]
Keyframe: 62 Frame: 356 Frame from vFrameID : 357
Tcw:
[0.99934268, 0.019160951, 0.030774191, 0.12884656;
 -0.015990511, 0.99484348, -0.10015368, -0.023834966;
 -0.032534543, 0.099595748, 0.99449593, 0.32797298;
 0, 0, 0, 1]
Twc:
[0.99934268, -0.015990511, -0.032534543, -0.11847255;
 0.019160951, 0.99484348, 0.099595748, -0.011421476;
 0.030774191, -0.10015368, 0.99449593, -0.33252013;
 0, 0, 0, 1]
Ow:
[0.12884656;
 -0.023834966;
 0.32797298]
Keyframe: 63 Frame: 362 Frame from vFrameID : 363
Tcw:
[0.9988789, 0.020919621, 0.042465571, 0.13134113;
 -0.016322047, 0.99424678, -0.10586268, -0.024284467;
 -0.044435862, 0.10505087, 0.99347359, 0.3358793;
 0, 0, 0, 1]
Twc:
[0.9988789, -0.016322047, -0.044435862, -0.11666518;
 0.020919621, 0.99424678, 0.10505087, -0.013887267;
 0.042465571, -0.10586268, 0.99347359, -0.34183553;
 0, 0, 0, 1]
Ow:
[0.13134113;
 -0.024284467;
 0.3358793]
Keyframe: 64 Frame: 369 Frame from vFrameID : 370
Tcw:
[0.99603379, 0.0059214812, 0.088778287, 0.13313209;
 0.0046604243, 0.99294126, -0.11851573, -0.025530832;
 -0.088853411, 0.11845942, 0.98897547, 0.34569812;
 0, 0, 0, 1]
Twc:
[0.99603379, 0.0046604243, -0.088853411, -0.10176862;
 0.0059214812, 0.99294126, 0.11845942, -0.016388917;
 0.088778287, -0.11851573, 0.98897547, -0.35673198;
 0, 0, 0, 1]
Ow:
[0.13313209;
 -0.025530832;
 0.34569812]
Keyframe: 65 Frame: 375 Frame from vFrameID : 376
Tcw:
[0.9948386, -0.0052675386, 0.10133343, 0.13527212;
 0.017957885, 0.99202776, -0.12473329, -0.026159354;
 -0.099868543, 0.12590922, 0.98700207, 0.35125738;
 0, 0, 0, 1]
Twc:
[0.9948386, 0.017957885, -0.099868543, -0.099024579;
 -0.0052675386, 0.99202776, 0.12590922, -0.017563188;
 0.10133343, -0.12473329, 0.98700207, -0.3636623;
 0, 0, 0, 1]
Ow:
[0.13527212;
 -0.026159354;
 0.35125738]
Keyframe: 66 Frame: 381 Frame from vFrameID : 382
Tcw:
[0.99275696, -0.014591689, 0.11925042, 0.13905212;
 0.029305166, 0.99202603, -0.12257878, -0.026024463;
 -0.1165109, 0.12518559, 0.98526835, 0.35880461;
 0, 0, 0, 1]
Twc:
[0.99275696, 0.029305166, -0.1165109, -0.09547767;
 -0.014591689, 0.99202603, 0.12518559, -0.017071221;
 0.11925042, -0.12257878, 0.98526835, -0.37329093;
 0, 0, 0, 1]
Ow:
[0.13905212;
 -0.026024463;
 0.35880461]
Keyframe: 67 Frame: 387 Frame from vFrameID : 388
Tcw:
[0.99385148, -0.00028273364, 0.11072107, 0.14655621;
 0.013117273, 0.99325496, -0.11520657, -0.024722785;
 -0.10994168, 0.11595058, 0.98715162, 0.36483395;
 0, 0, 0, 1]
Twc:
[0.99385148, 0.013117273, -0.10994168, -0.10522036;
 -0.00028273364, 0.99325496, 0.11595058, -0.017705241;
 0.11072107, -0.11520657, 0.98715162, -0.3792215;
 0, 0, 0, 1]
Ow:
[0.14655621;
 -0.024722785;
 0.36483395]
Keyframe: 68 Frame: 393 Frame from vFrameID : 394
Tcw:
[0.995848, 0.028148336, 0.086570427, 0.15307799;
 -0.017954282, 0.99304545, -0.11635429, -0.029054323;
 -0.089243554, 0.11431688, 0.98942775, 0.37184423;
 0, 0, 0, 1]
Twc:
[0.995848, -0.017954282, -0.089243554, -0.11977936;
 0.028148336, 0.99304545, 0.11431688, -0.0179647;
 0.086570427, -0.11635429, 0.98942775, -0.38454562;
 0, 0, 0, 1]
Ow:
[0.15307799;
 -0.029054323;
 0.37184423]
Keyframe: 69 Frame: 398 Frame from vFrameID : 399
Tcw:
[0.99737418, 0.029550014, 0.066117741, 0.15426488;
 -0.02218595, 0.99374324, -0.10946281, -0.029300403;
 -0.068938687, 0.10770849, 0.99178946, 0.37628427;
 0, 0, 0, 1]
Twc:
[0.99737418, -0.02218595, -0.068938687, -0.12856932;
 0.029550014, 0.99374324, 0.10770849, -0.015970465;
 0.066117741, -0.10946281, 0.99178946, -0.38660175;
 0, 0, 0, 1]
Ow:
[0.15426488;
 -0.029300403;
 0.37628427]
Keyframe: 70 Frame: 404 Frame from vFrameID : 405
Tcw:
[0.99848062, 0.0082387952, 0.054484725, 0.15477221;
 -0.0026591253, 0.99481183, -0.10169759, -0.029865446;
 -0.055039912, 0.10139819, 0.99332219, 0.38525897;
 0, 0, 0, 1]
Twc:
[0.99848062, -0.0026591253, -0.055039912, -0.13341184;
 0.0082387952, 0.99481183, 0.10139819, -0.010629201;
 0.054484725, -0.10169759, 0.99332219, -0.39415628;
 0, 0, 0, 1]
Ow:
[0.15477221;
 -0.029865446;
 0.38525897]
Keyframe: 71 Frame: 410 Frame from vFrameID : 411
Tcw:
[0.99627674, 0.0073480741, 0.085899033, 0.15575385;
 0.0027198016, 0.99318635, -0.11650518, -0.032061629;
 -0.086169839, 0.11630503, 0.98946851, 0.39272726;
 0, 0, 0, 1]
Twc:
[0.99627674, 0.0027198016, -0.086169839, -0.1212455;
 0.0073480741, 0.99318635, 0.11630503, -0.01497747;
 0.085899033, -0.11650518, 0.98946851, -0.40570566;
 0, 0, 0, 1]
Ow:
[0.15575385;
 -0.032061629;
 0.39272726]
Keyframe: 72 Frame: 415 Frame from vFrameID : 416
Tcw:
[0.9957394, 0.013135727, 0.091271333, 0.15892586;
 -0.0022129351, 0.9929207, -0.11875831, -0.032705996;
 -0.092185177, 0.11805035, 0.9887194, 0.39792934;
 0, 0, 0, 1]
Twc:
[0.9957394, -0.0022129351, -0.092185177, -0.12163794;
 0.013135727, 0.9929207, 0.11805035, -0.016588844;
 0.091271333, -0.11875831, 0.9887194, -0.41182992;
 0, 0, 0, 1]
Ow:
[0.15892586;
 -0.032705996;
 0.39792934]
Keyframe: 73 Frame: 421 Frame from vFrameID : 422
Tcw:
[0.99867934, 0.0042414796, 0.051201031, 0.16183421;
 0.002066147, 0.99246442, -0.12251581, -0.033992805;
 -0.05133485, 0.1224598, 0.99114496, 0.40585363;
 0, 0, 0, 1]
Twc:
[0.99867934, 0.002066147, -0.05133485, -0.14071582;
 0.0042414796, 0.99246442, 0.1224598, -0.016650522;
 0.051201031, -0.12251581, 0.99114496, -0.41471052;
 0, 0, 0, 1]
Ow:
[0.16183421;
 -0.033992805;
 0.40585363]
Keyframe: 74 Frame: 427 Frame from vFrameID : 428
Tcw:
[0.99886239, 0.016359515, 0.044791356, 0.16739836;
 -0.011573328, 0.99439412, -0.10510164, -0.034189023;
 -0.046259671, 0.1044637, 0.99345225, 0.41028497;
 0, 0, 0, 1]
Twc:
[0.99886239, -0.011573328, -0.046259671, -0.14862397;
 0.016359515, 0.99439412, 0.1044637, -0.011601078;
 0.044791356, -0.10510164, 0.99345225, -0.41868985;
 0, 0, 0, 1]
Ow:
[0.16739836;
 -0.034189023;
 0.41028497]
Keyframe: 75 Frame: 432 Frame from vFrameID : 433
Tcw:
[0.99957037, 0.02559761, 0.014277725, 0.17008111;
 -0.023736533, 0.9927271, -0.11802335, -0.036439173;
 -0.017194999, 0.11763374, 0.99290818, 0.41466442;
 0, 0, 0, 1]
Twc:
[0.99957037, -0.023736533, -0.017194999, -0.16374283;
 0.02559761, 0.9927271, 0.11763374, -0.016958045;
 0.014277725, -0.11802335, 0.99290818, -0.41845274;
 0, 0, 0, 1]
Ow:
[0.17008111;
 -0.036439173;
 0.41466442]
Keyframe: 76 Frame: 438 Frame from vFrameID : 439
Tcw:
[0.99970645, 0.014454635, 0.019444218, 0.1719708;
 -0.012242121, 0.99391687, -0.10945044, -0.037324224;
 -0.020908002, 0.10918027, 0.99380207, 0.42214811;
 0, 0, 0, 1]
Twc:
[0.99970645, -0.012242121, -0.020908002, -0.16355097;
 0.014454635, 0.99391687, 0.10918027, -0.011478844;
 0.019444218, -0.10945044, 0.99380207, -0.42696065;
 0, 0, 0, 1]
Ow:
[0.1719708;
 -0.037324224;
 0.42214811]
Keyframe: 77 Frame: 443 Frame from vFrameID : 444
Tcw:
[0.99843085, -0.015311028, 0.053864799, 0.17209056;
 0.020427315, 0.99519533, -0.095754497, -0.037397742;
 -0.052139901, 0.096704558, 0.99394649, 0.42874002;
 0, 0, 0, 1]
Twc:
[0.99843085, 0.020427315, -0.052139901, -0.14870211;
 -0.015311028, 0.99519533, 0.096704558, -0.0016081722;
 0.053864799, -0.095754497, 0.99394649, -0.4389953;
 0, 0, 0, 1]
Ow:
[0.17209056;
 -0.037397742;
 0.42874002]
Keyframe: 78 Frame: 448 Frame from vFrameID : 449
Tcw:
[0.99284083, -0.032682464, 0.11488686, 0.17196013;
 0.044209603, 0.99407852, -0.099264316, -0.038106311;
 -0.11096235, 0.10363277, 0.9884066, 0.43677041;
 0, 0, 0, 1]
Twc:
[0.99284083, 0.044209603, -0.11096235, -0.12057929;
 -0.032682464, 0.99407852, 0.10363277, -0.00176298;
 0.11488686, -0.099264316, 0.9884066, -0.45524532;
 0, 0, 0, 1]
Ow:
[0.17196013;
 -0.038106311;
 0.43677041]
Keyframe: 79 Frame: 453 Frame from vFrameID : 454
Tcw:
[0.99225342, -0.034336179, 0.11939088, 0.17430976;
 0.046469435, 0.99386382, -0.10037591, -0.037978329;
 -0.11521175, 0.10514636, 0.98776037, 0.44240612;
 0, 0, 0, 1]
Twc:
[0.99225342, 0.046469435, -0.11521175, -0.12022425;
 -0.034336179, 0.99386382, 0.10514636, -0.0027869761;
 0.11939088, -0.10037591, 0.98776037, -0.46161431;
 0, 0, 0, 1]
Ow:
[0.17430976;
 -0.037978329;
 0.44240612]
Keyframe: 80 Frame: 458 Frame from vFrameID : 459
Tcw:
[0.9959476, -0.0089080716, 0.089493476, 0.18025565;
 0.020788601, 0.99093634, -0.13271385, -0.038216114;
 -0.087500118, 0.13403648, 0.98710585, 0.44860616;
 0, 0, 0, 1]
Twc:
[0.9959476, 0.020788601, -0.087500118, -0.13947761;
 -0.0089080716, 0.99093634, 0.13403648, -0.020654125;
 0.089493476, -0.13271385, 0.98710585, -0.46402526;
 0, 0, 0, 1]
Ow:
[0.18025565;
 -0.038216114;
 0.44860616]
Keyframe: 81 Frame: 464 Frame from vFrameID : 465
Tcw:
[0.99895388, 0.01549004, 0.043025468, 0.18537787;
 -0.010251757, 0.99279296, -0.119403, -0.039529115;
 -0.04456494, 0.11883701, 0.99191314, 0.45700318;
 0, 0, 0, 1]
Twc:
[0.99895388, -0.010251757, -0.04456494, -0.16522285;
 0.01549004, 0.99279296, 0.11883701, -0.017936178;
 0.043025468, -0.119403, 0.99191314, -0.46600336;
 0, 0, 0, 1]
Ow:
[0.18537787;
 -0.039529115;
 0.45700318]
Keyframe: 82 Frame: 469 Frame from vFrameID : 470
Tcw:
[0.99989545, 0.014128019, 0.0030773794, 0.18912326;
 -0.013762409, 0.99517661, -0.09712933, -0.040463049;
 -0.0044347811, 0.097076826, 0.99526703, 0.46224278;
 0, 0, 0, 1]
Twc:
[0.99989545, -0.013762409, -0.0044347811, -0.1876104;
 0.014128019, 0.99517661, 0.097076826, -0.0072771148;
 0.0030773794, -0.09712933, 0.99526703, -0.46456712;
 0, 0, 0, 1]
Ow:
[0.18912326;
 -0.040463049;
 0.46224278]
Keyframe: 83 Frame: 475 Frame from vFrameID : 476
Tcw:
[0.99983495, 0.0042984765, 0.017652683, 0.19165969;
 -0.0028600588, 0.99673307, -0.080715597, -0.040918607;
 -0.017941967, 0.080651782, 0.99658084, 0.47091478;
 0, 0, 0, 1]
Twc:
[0.99983495, -0.0028600588, -0.017941967, -0.18329594;
 0.0042984765, 0.99673307, 0.080651782, 0.0019809704;
 0.017652683, -0.080715597, 0.99658084, -0.47599071;
 0, 0, 0, 1]
Ow:
[0.19165969;
 -0.040918607;
 0.47091478]
Keyframe: 84 Frame: 480 Frame from vFrameID : 481
Tcw:
[0.99883187, -0.0058470471, 0.047966346, 0.19392797;
 0.010701261, 0.99477011, -0.1015773, -0.041581981;
 -0.047121558, 0.10197194, 0.99367058, 0.47952193;
 0, 0, 0, 1]
Twc:
[0.99883187, 0.010701261, -0.047121558, -0.17066061;
 -0.0058470471, 0.99477011, 0.10197194, -0.0063993647;
 0.047966346, -0.1015773, 0.99367058, -0.49001268;
 0, 0, 0, 1]
Ow:
[0.19392797;
 -0.041581981;
 0.47952193]
Keyframe: 85 Frame: 486 Frame from vFrameID : 487
Tcw:
[0.9963581, -0.015234731, 0.083895221, 0.19606645;
 0.025927275, 0.99145097, -0.12787811, -0.041425005;
 -0.081229806, 0.12958758, 0.98823518, 0.48858893;
 0, 0, 0, 1]
Twc:
[0.9963581, 0.025927275, -0.081229806, -0.15459038;
 -0.015234731, 0.99145097, 0.12958758, -0.019257173;
 0.083895221, -0.12787811, 0.98823518, -0.50458717;
 0, 0, 0, 1]
Ow:
[0.19606645;
 -0.041425005;
 0.48858893]
Keyframe: 86 Frame: 492 Frame from vFrameID : 493
Tcw:
[0.99633598, -0.011404268, 0.084761687, 0.19899662;
 0.020760035, 0.99367809, -0.11033049, -0.042575877;
 -0.082967594, 0.11168589, 0.99027401, 0.49790308;
 0, 0, 0, 1]
Twc:
[0.99633598, 0.020760035, -0.082967594, -0.15607381;
 -0.011404268, 0.99367809, 0.11168589, -0.011032624;
 0.084761687, -0.11033049, 0.99027401, -0.51462519;
 0, 0, 0, 1]
Ow:
[0.19899662;
 -0.042575877;
 0.49790308]
Keyframe: 87 Frame: 498 Frame from vFrameID : 499
Tcw:
[0.99962902, 0.0099649951, 0.02534708, 0.20649548;
 -0.0060934103, 0.98889852, -0.14846754, -0.043901045;
 -0.026545169, 0.14825802, 0.98859239, 0.50584495;
 0, 0, 0, 1]
Twc:
[0.99962902, -0.0060934103, -0.026545169, -0.19325864;
 0.0099649951, 0.98889852, 0.14825802, -0.033639614;
 0.02534708, -0.14846754, 0.98859239, -0.5118264;
 0, 0, 0, 1]
Ow:
[0.20649548;
 -0.043901045;
 0.50584495]
Keyframe: 88 Frame: 504 Frame from vFrameID : 505
Tcw:
[0.99969697, 0.021722656, 0.011577717, 0.21184279;
 -0.02011879, 0.99205863, -0.12415697, -0.04514442;
 -0.014182793, 0.12388642, 0.99219507, 0.51346833;
 0, 0, 0, 1]
Twc:
[0.99969697, -0.02011879, -0.014182793, -0.20540445;
 0.021722656, 0.99205863, 0.12388642, -0.023427624;
 0.011577717, -0.12415697, 0.99219507, -0.51751834;
 0, 0, 0, 1]
Ow:
[0.21184279;
 -0.04514442;
 0.51346833]
Keyframe: 89 Frame: 510 Frame from vFrameID : 511
Tcw:
[0.99975747, 0.019124197, 0.010920889, 0.2149823;
 -0.01773788, 0.99316466, -0.11536597, -0.045861028;
 -0.013052523, 0.11514428, 0.99326301, 0.5201692;
 0, 0, 0, 1]
Twc:
[0.99975747, -0.01773788, -0.013052523, -0.20895413;
