Keyframe: 0 Frame: 0 Frame from vFrameID : 42
Tcw:
[1, 0, 0, 0;
 0, 1, 0, 0;
 0, 0, 1, 0;
 0, 0, 0, 1]
Twc:
[1, 0, 0, 0;
 0, 1, 0, 0;
 0, 0, 1, 0;
 0, 0, 0, 1]
Ow:
[0;
 0;
 0]
Keyframe: 1 Frame: 41 Frame from vFrameID : 42
Tcw:
[0.9998557, -0.015333257, 0.0073102503, -0.010698088;
 0.015287716, 0.99986362, 0.0062454273, -0.00060272281;
 -0.0074050161, -0.0061327694, 0.99995375, 0.0068100709;
 0, 0, 0, 1]
Twc:
[0.9998557, 0.015287716, -0.0074050161, 0.010756189;
 -0.015333257, 0.99986362, -0.0061327694, 0.00048036865;
 0.0073102503, 0.0062454273, 0.99995375, -0.0067277863;
 0, 0, 0, 1]
Ow:
[-0.010698088;
 -0.00060272281;
 0.0068100709]
Keyframe: 2 Frame: 42 Frame from vFrameID : 43
Tcw:
[0.99986148, -0.015335955, 0.0064638266, -0.010498473;
 0.015309472, 0.99987429, 0.0041268812, -0.00035367286;
 -0.0065263035, -0.0040273522, 0.99997061, 0.0068024318;
 0, 0, 0, 1]
Twc:
[0.99986148, 0.015309472, -0.0065263035, 0.01054683;
 -0.015335955, 0.99987429, -0.0040273522, 0.00022002007;
 0.0064638266, 0.0041268812, 0.99997061, -0.0067329118;
 0, 0, 0, 1]
Ow:
[-0.010498473;
 -0.00035367286;
 0.0068024318]
Keyframe: 3 Frame: 43 Frame from vFrameID : 44
Tcw:
[0.99985623, -0.015502472, 0.0068728188, -0.010418015;
 0.015475872, 0.99987262, 0.0039068684, -0.00045546726;
 -0.0069325096, -0.0037999437, 0.99996877, 0.0068068341;
 0, 0, 0, 1]
Twc:
[0.99985623, 0.015475872, -0.0069325096, 0.010470754;
 -0.015502472, 0.99987262, -0.0037999437, 0.00031976981;
 0.0068728188, 0.0039068684, 0.99996877, -0.006733241;
 0, 0, 0, 1]
Ow:
[-0.010418015;
 -0.00045546726;
 0.0068068341]
Keyframe: 4 Frame: 44 Frame from vFrameID : 45
Tcw:
[0.99980855, -0.017675884, 0.0083939582, -0.011039302;
 0.017640624, 0.99983531, 0.0042562149, -8.0430946e-05;
 -0.0084678084, -0.0041073253, 0.99995571, 0.0066423323;
 0, 0, 0, 1]
Twc:
[0.99980855, 0.017640624, -0.0084678084, 0.011094853;
 -0.017675884, 0.99983531, -0.0041073253, -8.7429493e-05;
 0.0083939582, 0.0042562149, 0.99995571, -0.0065490324;
 0, 0, 0, 1]
Ow:
[-0.011039302;
 -8.0430946e-05;
 0.0066423323]
Keyframe: 5 Frame: 45 Frame from vFrameID : 46
Tcw:
[0.99981213, -0.017243829, 0.0088518849, -0.011472576;
 0.017187376, 0.99983174, 0.0064144274, 0.00036590308;
 -0.0089610051, -0.0062610814, 0.99994028, 0.0063697807;
 0, 0, 0, 1]
Twc:
[0.99981213, 0.017187376, -0.0089610051, 0.011521212;
 -0.017243829, 0.99983174, -0.0062610814, -0.00052379089;
 0.0088518849, 0.0064144274, 0.99994028, -0.006270193;
 0, 0, 0, 1]
Ow:
[-0.011472576;
 0.00036590308;
 0.0063697807]
Keyframe: 6 Frame: 46 Frame from vFrameID : 47
Tcw:
[0.99981266, -0.017251754, 0.0087744612, -0.011426446;
 0.017195858, 0.99983162, 0.0064063058, 0.00037752651;
 -0.0088835033, -0.0062542213, 0.99994099, 0.0063645374;
 0, 0, 0, 1]
Twc:
[0.99981266, 0.017195858, -0.0088835033, 0.011474353;
 -0.017251754, 0.99983162, -0.0062542213, -0.00053478393;
 0.0087744612, 0.0064063058, 0.99994099, -0.0062663192;
 0, 0, 0, 1]
Ow:
[-0.011426446;
 0.00037752651;
 0.0063645374]
Keyframe: 7 Frame: 48 Frame from vFrameID : 49
Tcw:
[0.99984944, -0.017344106, 0.00048479452, -0.011415168;
 0.017339919, 0.99982071, 0.007607026, 0.0012246971;
 -0.00061664468, -0.0075974748, 0.99997097, 0.0046201958;
 0, 0, 0, 1]
Twc:
[0.99984944, 0.017339919, -0.00061664468, 0.011395062;
 -0.017344106, 0.99982071, -0.0075974748, -0.0013873617;
 0.00048479452, 0.007607026, 0.99997097, -0.0046238438;
 0, 0, 0, 1]
Ow:
[-0.011415168;
 0.0012246971;
 0.0046201958]
Keyframe: 8 Frame: 50 Frame from vFrameID : 51
Tcw:
[0.9998582, -0.015879458, -0.0056011076, -0.011781311;
 0.015943414, 0.99980599, 0.011564729, 0.0013672617;
 0.0054163793, -0.01165239, 0.99991745, 0.0031407129;
 0, 0, 0, 1]
Twc:
[0.9998582, 0.015943414, 0.0054163793, 0.011740831;
 -0.015879458, 0.99980599, -0.01165239, -0.0015174806;
 -0.0056011076, 0.011564729, 0.99991745, -0.0032222539;
 0, 0, 0, 1]
Ow:
[-0.011781311;
 0.0013672617;
 0.0031407129]
Keyframe: 9 Frame: 52 Frame from vFrameID : 53
Tcw:
[0.99975228, -0.014224022, -0.01711778, -0.011746906;
 0.014418088, 0.99983257, 0.011267632, 0.0012949482;
 0.016954644, -0.011511647, 0.99979001, 0.0013960918;
 0, 0, 0, 1]
Twc:
[0.99975228, 0.014418088, 0.016954644, 0.011701655;
 -0.014224022, 0.99983257, -0.011511647, -0.0014457483;
 -0.01711778, 0.011267632, 0.99979001, -0.0016114705;
 0, 0, 0, 1]
Ow:
[-0.011746906;
 0.0012949482;
 0.0013960918]
Keyframe: 10 Frame: 54 Frame from vFrameID : 55
Tcw:
[0.99956638, -0.0086794179, -0.028137268, -0.010408884;
 0.0088725286, 0.99993789, 0.0067455983, 0.0012148193;
 0.028076973, -0.0069923219, 0.99958134, -0.0018698495;
 0, 0, 0, 1]
Twc:
[0.99956638, 0.0088725286, 0.028076973, 0.010446091;
 -0.0086794179, 0.99993789, -0.0069923219, -0.0013181614;
 -0.028137268, 0.0067455983, 0.99958134, 0.0015679944;
 0, 0, 0, 1]
Ow:
[-0.010408884;
 0.0012148193;
 -0.0018698495]
Keyframe: 11 Frame: 57 Frame from vFrameID : 58
Tcw:
[0.99933243, -0.00067026593, -0.036527243, -0.0081075411;
 0.00056750904, 0.99999583, -0.0028234529, 0.0021486781;
 0.036528982, 0.0028008386, 0.99932867, -0.0057717813;
 0, 0, 0, 1]
Twc:
[0.99933243, 0.00056750904, 0.036528982, 0.0083117466;
 -0.00067026593, 0.99999583, 0.0028008386, -0.0021379374;
 -0.036527243, -0.0028234529, 0.99932867, 0.005477827;
 0, 0, 0, 1]
Ow:
[-0.0081075411;
 0.0021486781;
 -0.0057717813]
Keyframe: 12 Frame: 60 Frame from vFrameID : 61
Tcw:
[0.99921167, -0.0020204468, -0.039647318, -0.0064624352;
 0.0019601574, 0.99999684, -0.0015594553, 0.0031922823;
 0.039650347, 0.0014805109, 0.9992125, -0.010322959;
 0, 0, 0, 1]
Twc:
[0.99921167, 0.0019601574, 0.039650347, 0.0068603926;
 -0.0020204468, 0.99999684, 0.0014805109, -0.0031900459;
 -0.039647318, -0.0015594553, 0.9992125, 0.01006359;
 0, 0, 0, 1]
Ow:
[-0.0064624352;
 0.0031922823;
 -0.010322959]
Keyframe: 13 Frame: 63 Frame from vFrameID : 64
Tcw:
[0.99882978, 0.0028708503, -0.048278369, -0.0072469921;
 -0.0026096273, 0.99998164, 0.0054729232, 0.0041448642;
 0.048293196, -0.0053405301, 0.99881893, -0.013654589;
 0, 0, 0, 1]
Twc:
[0.99882978, -0.0026096273, 0.048293196, 0.0079087513;
 0.0028708503, 0.99998164, -0.0053405301, -0.0041969051;
 -0.048278369, 0.0054729232, 0.99881893, 0.013265904;
 0, 0, 0, 1]
Ow:
[-0.0072469921;
 0.0041448642;
 -0.013654589]
Keyframe: 14 Frame: 66 Frame from vFrameID : 67
Tcw:
[0.99752265, 0.005549626, -0.070126504, -0.00609239;
 -0.0053182277, 0.99997979, 0.0034859967, 0.004829837;
 0.07014443, -0.003104412, 0.99753201, -0.017686313;
 0, 0, 0, 1]
Twc:
[0.99752265, -0.0053182277, 0.07014443, 0.00734358;
 0.005549626, 0.99997979, -0.003104412, -0.0048508341;
 -0.070126504, 0.0034859967, 0.99753201, 0.017198589;
 0, 0, 0, 1]
Ow:
[-0.00609239;
 0.004829837;
 -0.017686313]
Keyframe: 15 Frame: 69 Frame from vFrameID : 70
Tcw:
[0.99715579, 0.016721295, -0.073489979, -0.0077091507;
 -0.016053449, 0.9998244, 0.0096689109, 0.0044816402;
 0.073638752, -0.008461643, 0.99724907, -0.021888291;
 0, 0, 0, 1]
Twc:
[0.99715579, -0.016053449, 0.073638752, 0.0093709966;
 0.016721295, 0.9998244, -0.008461643, -0.0045371568;
 -0.073489979, 0.0096689109, 0.99724907, 0.021218201;
 0, 0, 0, 1]
Ow:
[-0.0077091507;
 0.0044816402;
 -0.021888291]
Keyframe: 16 Frame: 72 Frame from vFrameID : 73
Tcw:
[0.99695575, 0.013874648, -0.076724626, -0.0090550836;
 -0.013442516, 0.99989074, 0.0061458545, 0.0044434173;
 0.076801516, -0.0050957729, 0.99703336, -0.023341462;
 0, 0, 0, 1]
Twc:
[0.99695575, -0.013442516, 0.076801516, 0.010879909;
 0.013874648, 0.99989074, -0.0050957729, -0.0044362387;
 -0.076724626, 0.0061458545, 0.99703336, 0.022550162;
 0, 0, 0, 1]
Ow:
[-0.0090550836;
 0.0044434173;
 -0.023341462]
Keyframe: 17 Frame: 75 Frame from vFrameID : 76
Tcw:
[0.99763793, 0.011960679, -0.067642421, -0.011863633;
 -0.011772093, 0.99992561, 0.0031859013, 0.004547576;
 0.067675501, -0.0023820831, 0.99770457, -0.025807107;
 0, 0, 0, 1]
Twc:
[0.99763793, -0.011772093, 0.067675501, 0.013635654;
 0.011960679, 0.99992561, -0.0023820831, -0.0044668159;
 -0.067642421, 0.0031859013, 0.99770457, 0.024930894;
 0, 0, 0, 1]
Ow:
[-0.011863633;
 0.004547576;
 -0.025807107]
Keyframe: 18 Frame: 78 Frame from vFrameID : 79
Tcw:
[0.99844545, 0.0072344574, -0.055265706, -0.017560566;
 -0.0073508765, 0.99997115, -0.0019035393, 0.0051398217;
 0.055250343, 0.0023068315, 0.99846989, -0.028823651;
 0, 0, 0, 1]
Twc:
[0.99844545, -0.0073508765, 0.055250343, 0.019163568;
 0.0072344574, 0.99997115, 0.0023068315, -0.004946141;
 -0.055265706, -0.0019035393, 0.99846989, 0.027818833;
 0, 0, 0, 1]
Ow:
[-0.017560566;
 0.0051398217;
 -0.028823651]
Keyframe: 19 Frame: 81 Frame from vFrameID : 82
Tcw:
[0.99859244, 0.0065331673, -0.052635636, -0.021237202;
 -0.0065878984, 0.99997795, -0.00086637348, 0.0055601569;
 0.052628815, 0.0012119123, 0.99861342, -0.030085515;
 0, 0, 0, 1]
Twc:
[0.99859244, -0.0065878984, 0.052628815, 0.022827303;
 0.0065331673, 0.99997795, 0.0012119123, -0.005384827;
 -0.052635636, -0.00086637348, 0.99861342, 0.028930783;
 0, 0, 0, 1]
Ow:
[-0.021237202;
 0.0055601569;
 -0.030085515]
Keyframe: 20 Frame: 84 Frame from vFrameID : 85
Tcw:
[0.9987433, -0.0060161673, -0.049756262, -0.026084779;
 0.0059867408, 0.99998182, -0.0007404249, 0.0072194724;
 0.049759813, 0.00044161652, 0.99876112, -0.033839971;
 0, 0, 0, 1]
Twc:
[0.9987433, 0.0059867408, 0.049759813, 0.027692648;
 -0.0060161673, 0.99998182, 0.00044161652, -0.0073613273;
 -0.049756262, -0.0007404249, 0.99876112, 0.032505512;
 0, 0, 0, 1]
Ow:
[-0.026084779;
 0.0072194724;
 -0.033839971]
Keyframe: 21 Frame: 87 Frame from vFrameID : 88
Tcw:
[0.99922138, -0.008740617, -0.038473971, -0.028098993;
 0.0090085594, 0.99993634, 0.0067964047, 0.008417259;
 0.038412116, -0.0071377079, 0.99923646, -0.034891225;
 0, 0, 0, 1]
Twc:
[0.99922138, 0.0090085594, 0.038412116, 0.029341532;
 -0.008740617, 0.99993634, -0.0071377079, -0.0089113694;
 -0.038473971, 0.0067964047, 0.99923646, 0.033726301;
 0, 0, 0, 1]
Ow:
[-0.028098993;
 0.008417259;
 -0.034891225]
Keyframe: 22 Frame: 90 Frame from vFrameID : 91
Tcw:
[0.99951762, -0.0088113016, -0.029781416, -0.028218955;
 0.0090420879, 0.99993008, 0.0076235775, 0.0088439984;
 0.029712159, -0.007889186, 0.99952734, -0.036497712;
 0, 0, 0, 1]
Twc:
[0.99951762, 0.0090420879, 0.029712159, 0.0292098;
 -0.0088113016, 0.99993008, -0.007889186, -0.0093799625;
 -0.029781416, 0.0076235775, 0.99952734, 0.035572637;
 0, 0, 0, 1]
Ow:
[-0.028218955;
 0.0088439984;
 -0.036497712]
Keyframe: 23 Frame: 93 Frame from vFrameID : 94
Tcw:
[0.99990958, -0.0046905917, -0.012600807, -0.026434569;
 0.004847493, 0.99991077, 0.012450147, 0.0094374316;
 0.012541284, -0.012510104, 0.99984312, -0.039184432;
 0, 0, 0, 1]
Twc:
[0.99990958, 0.004847493, 0.012541284, 0.026877856;
 -0.0046905917, 0.99991077, -0.012510104, -0.010050784;
 -0.012600807, 0.012450147, 0.99984312, 0.03872769;
 0, 0, 0, 1]
Ow:
[-0.026434569;
 0.0094374316;
 -0.039184432]
Keyframe: 24 Frame: 96 Frame from vFrameID : 97
Tcw:
[0.99993086, -0.0016497988, -0.01164311, -0.0253256;
 0.0017198886, 0.99998045, 0.0060124048, 0.0091921557;
 0.011632963, -0.0060320138, 0.99991417, -0.040882159;
 0, 0, 0, 1]
Twc:
[0.99993086, 0.0017198886, 0.011632963, 0.025783621;
 -0.0016497988, 0.99998045, -0.0060320138, -0.00948036;
 -0.01164311, 0.0060124048, 0.99991417, 0.040528513;
 0, 0, 0, 1]
Ow:
[-0.0253256;
 0.0091921557;
 -0.040882159]
Keyframe: 25 Frame: 99 Frame from vFrameID : 100
Tcw:
[0.99989247, -0.0052215559, -0.013704909, -0.021864766;
 0.0052146786, 0.99998623, -0.00053750526, 0.0083687995;
 0.013707527, 0.00046598076, 0.99990594, -0.043228846;
 0, 0, 0, 1]
Twc:
[0.99989247, 0.0052146786, 0.013707527, 0.022411333;
 -0.0052215559, 0.99998623, 0.00046598076, -0.0084627094;
 -0.013704909, -0.00053750526, 0.99990594, 0.042929623;
 0, 0, 0, 1]
Ow:
[-0.021864766;
 0.0083687995;
 -0.043228846]
Keyframe: 26 Frame: 102 Frame from vFrameID : 103
Tcw:
[0.9999736, -0.0024161341, -0.0068514706, -0.016529908;
 0.0024192771, 0.99999696, 0.00045049627, 0.009025028;
 0.0068503614, -0.00046705999, 0.99997646, -0.045295555;
 0, 0, 0, 1]
Twc:
[0.9999736, 0.0024192771, 0.0068503614, 0.016817929;
 -0.0024161341, 0.99999696, -0.00046705999, -0.0090860957;
 -0.0068514706, 0.00045049627, 0.99997646, 0.045177169;
 0, 0, 0, 1]
Ow:
[-0.016529908;
 0.009025028;
 -0.045295555]
Keyframe: 27 Frame: 105 Frame from vFrameID : 106
Tcw:
[0.99999708, -3.4618988e-05, 0.0024182615, -0.014141538;
 1.5465013e-05, 0.99996865, 0.0079201255, 0.0087243486;
 -0.0024184599, -0.007920065, 0.99996573, -0.045812692;
 0, 0, 0, 1]
Twc:
[0.99999708, 1.5465013e-05, -0.0024184599, 0.014030566;
 -3.4618988e-05, 0.99996865, -0.007920065, -0.0090874042;
 0.0024182615, 0.0079201255, 0.99996573, 0.045776222;
 0, 0, 0, 1]
Ow:
[-0.014141538;
 0.0087243486;
 -0.045812692]
Keyframe: 28 Frame: 108 Frame from vFrameID : 109
Tcw:
[0.99996066, 0.0069185789, -0.0055495063, -0.010593441;
 -0.0068784887, 0.99995035, 0.0072109341, 0.0075243604;
 0.0055991202, -0.0071724779, 0.99995857, -0.045153659;
 0, 0, 0, 1]
Twc:
[0.99996066, -0.0068784887, 0.0055991202, 0.010897601;
 0.0069185789, 0.99995035, -0.0071724779, -0.0077745588;
 -0.0055495063, 0.0072109341, 0.99995857, 0.045038745;
 0, 0, 0, 1]
Ow:
[-0.010593441;
 0.0075243604;
 -0.045153659]
Keyframe: 29 Frame: 111 Frame from vFrameID : 112
Tcw:
[0.99992096, 0.0067579667, -0.01060138, -0.010203728;
 -0.0066999877, 0.99996245, 0.0054950183, 0.0073777162;
 0.010638117, -0.0054235552, 0.99992871, -0.043050051;
 0, 0, 0, 1]
Twc:
[0.99992096, -0.0066999877, 0.010638117, 0.010710324;
 0.0067579667, 0.99996245, -0.0054235552, -0.0075419671;
 -0.01060138, 0.0054950183, 0.99992871, 0.042898268;
 0, 0, 0, 1]
Ow:
[-0.010203728;
 0.0073777162;
 -0.043050051]
Keyframe: 30 Frame: 114 Frame from vFrameID : 115
Tcw:
[0.99988413, -0.00043683534, -0.015216771, -0.0086173732;
 0.00046842499, 0.99999774, 0.0020724735, 0.0067000412;
 0.015215831, -0.0020793614, 0.99988204, -0.039242648;
 0, 0, 0, 1]
Twc:
[0.99988413, 0.00046842499, 0.015215831, 0.0092103453;
 -0.00043683534, 0.99999774, -0.0020793614, -0.00678539;
 -0.015216771, 0.0020724735, 0.99988204, 0.039093006;
 0, 0, 0, 1]
Ow:
[-0.0086173732;
 0.0067000412;
 -0.039242648]
Keyframe: 31 Frame: 117 Frame from vFrameID : 118
Tcw:
[0.99997926, -0.0063077533, 0.0013123364, -0.0073135537;
 0.0063042762, 0.99997663, 0.0026370224, 0.0061279722;
 -0.0013289395, -0.0026286943, 0.99999565, -0.030858045;
 0, 0, 0, 1]
Twc:
[0.99997926, 0.0063042762, -0.0013289395, 0.0072337608;
 -0.0063077533, 0.99997663, -0.0026286943, -0.0062550777;
 0.0013123364, 0.0026370224, 0.99999565, 0.030851349;
 0, 0, 0, 1]
Ow:
[-0.0073135537;
 0.0061279722;
 -0.030858045]
Keyframe: 32 Frame: 121 Frame from vFrameID : 122
Tcw:
[0.99977988, -0.014091729, 0.015545873, -0.0063484279;
 0.014201353, 0.99987489, -0.0069639366, 0.0052870936;
 -0.015445795, 0.007183176, 0.99985492, -0.021503525;
 0, 0, 0, 1]
Twc:
[0.99977988, 0.014201353, -0.015445795, 0.0059398073;
 -0.014091729, 0.99987489, 0.007183176, -0.0052214288;
 0.015545873, -0.0069639366, 0.99985492, 0.021635914;
 0, 0, 0, 1]
Ow:
[-0.0063484279;
 0.0052870936;
 -0.021503525]
Keyframe: 33 Frame: 125 Frame from vFrameID : 126
Tcw:
[0.99932355, -0.025784893, 0.026221575, -0.0064582918;
 0.025917552, 0.99965286, -0.0047319327, 0.0046977708;
 -0.026090462, 0.0054083308, 0.99964494, -0.011714957;
 0, 0, 0, 1]
Twc:
[0.99932355, 0.025917552, -0.026090462, 0.0060265204;
 -0.025784893, 0.99965286, 0.0054083308, -0.0047993083;
 0.026221575, -0.0047319327, 0.99964494, 0.011902374;
 0, 0, 0, 1]
Ow:
[-0.0064582918;
 0.0046977708;
 -0.011714957]
Keyframe: 34 Frame: 129 Frame from vFrameID : 130
Tcw:
[0.99917436, -0.027762812, 0.029661521, -0.0038012851;
 0.027662318, 0.99961013, 0.0037930831, 0.0049662017;
 -0.029755265, -0.002969445, 0.99955279, -0.0042357272;
 0, 0, 0, 1]
Twc:
[0.99917436, 0.027662318, -0.029755265, 0.0035347347;
 -0.027762812, 0.99961013, -0.002969445, -0.0050823777;
 0.029661521, 0.0037930831, 0.99955279, 0.0043277475;
 0, 0, 0, 1]
Ow:
[-0.0038012851;
 0.0049662017;
 -0.0042357272]
Keyframe: 35 Frame: 133 Frame from vFrameID : 134
Tcw:
[0.99923998, -0.025295632, 0.029658394, 0.0028411814;
 0.025094239, 0.9996596, 0.0071431119, 0.0027698867;
 -0.029828988, -0.006393428, 0.99953455, 0.0086941374;
 0, 0, 0, 1]
Twc:
[0.99923998, 0.025094239, -0.029828988, -0.0026491929;
 -0.025295632, 0.9996596, -0.006393428, -0.002641489;
 0.029658394, 0.0071431119, 0.99953455, -0.0087941419;
 0, 0, 0, 1]
Ow:
[0.0028411814;
 0.0027698867;
 0.0086941374]
Keyframe: 36 Frame: 137 Frame from vFrameID : 138
Tcw:
[0.99972332, -0.019100454, 0.013729037, 0.010820022;
 0.019282179, 0.99972659, -0.013228282, 3.3249991e-05;
 -0.013472617, 0.013489348, 0.99981827, 0.018100269;
 0, 0, 0, 1]
Twc:
[0.99972332, 0.019282179, -0.013472617, -0.010573811;
 -0.019100454, 0.99972659, 0.013489348, -7.0734401e-05;
 0.013729037, -0.013228282, 0.99981827, -0.018245088;
 0, 0, 0, 1]
Ow:
[0.010820022;
 3.3249991e-05;
 0.018100269]
Keyframe: 37 Frame: 142 Frame from vFrameID : 143
Tcw:
[0.9999885, -0.0018028789, 0.0044383123, 0.024070594;
 0.0019214253, 0.99963754, -0.026852045, -0.0031502224;
 -0.0043882928, 0.026860265, 0.99962956, 0.031513657;
 0, 0, 0, 1]
Twc:
[0.9999885, 0.0019214253, -0.0043882928, -0.023925975;
 -0.0018028789, 0.99963754, 0.026860265, 0.0023460118;
 0.0044383123, -0.026852045, 0.99962956, -0.031693406;
 0, 0, 0, 1]
Ow:
[0.024070594;
 -0.0031502224;
 0.031513657]
Keyframe: 38 Frame: 146 Frame from vFrameID : 147
Tcw:
[0.99999273, 0.0032080254, 0.0020653903, 0.029437626;
 -0.0031516664, 0.99963754, -0.02673552, -0.0038489187;
 -0.0021504101, 0.026728814, 0.99964041, 0.039552722;
 0, 0, 0, 1]
Twc:
[0.99999273, -0.0031516664, -0.0021504101, -0.029364487;
 0.0032080254, 0.99963754, 0.026728814, 0.0026958899;
 0.0020653903, -0.02673552, 0.99964041, -0.039702199;
 0, 0, 0, 1]
Ow:
[0.029437626;
 -0.0038489187;
 0.039552722]
Keyframe: 39 Frame: 150 Frame from vFrameID : 151
Tcw:
[0.99994224, 0.0019590866, 0.010566494, 0.035970684;
 -0.0018011226, 0.99988681, -0.014938369, -0.0050420412;
 -0.010594564, 0.014918475, 0.99983257, 0.055526249;
 0, 0, 0, 1]
Twc:
[0.99994224, -0.0018011226, -0.010594564, -0.035389416;
 0.0019590866, 0.99988681, 0.014918475, 0.0041426336;
 0.010566494, -0.014938369, 0.99983257, -0.05597236;
 0, 0, 0, 1]
Ow:
[0.035970684;
 -0.0050420412;
 0.055526249]
Keyframe: 40 Frame: 154 Frame from vFrameID : 155
Tcw:
[0.99969763, -0.0010421639, 0.02456685, 0.038447317;
 0.0011934353, 0.99998039, -0.0061436836, -0.0043003573;
 -0.024559967, 0.006171145, 0.99967933, 0.066550247;
 0, 0, 0, 1]
Twc:
[0.99969763, 0.0011934353, -0.024559967, -0.036796093;
 -0.0010421639, 0.99998039, 0.006171145, 0.0039296499;
 0.02456685, -0.0061436836, 0.99967933, -0.067499854;
 0, 0, 0, 1]
Ow:
[0.038447317;
 -0.0043003573;
 0.066550247]
Keyframe: 41 Frame: 158 Frame from vFrameID : 159
Tcw:
[0.99940872, -0.0028910716, 0.03426123, 0.040693942;
 0.0036517393, 0.99974775, -0.022160266, -0.0063119479;
 -0.03418852, 0.022272276, 0.9991672, 0.08183898;
 0, 0, 0, 1]
Twc:
[0.99940872, 0.0036517393, -0.03418852, -0.037848879;
 -0.0028910716, 0.99974775, 0.022272276, 0.0046052649;
 0.03426123, -0.022160266, 0.9991672, -0.083304919;
 0, 0, 0, 1]
Ow:
[0.040693942;
 -0.0063119479;
 0.08183898]
Keyframe: 42 Frame: 162 Frame from vFrameID : 163
Tcw:
[0.99880809, -0.024186308, 0.04239681, 0.043648452;
 0.025153989, 0.99943167, -0.022441413, -0.010647332;
 -0.04182994, 0.023481114, 0.9988488, 0.10048863;
 0, 0, 0, 1]
Twc:
[0.99880809, 0.025153989, -0.04182994, -0.039125167;
 -0.024186308, 0.99943167, 0.023481114, 0.0093373908;
 0.04239681, -0.022441413, 0.9988488, -0.10246245;
 0, 0, 0, 1]
Ow:
[0.043648452;
 -0.010647332;
 0.10048863]
Keyframe: 43 Frame: 166 Frame from vFrameID : 167
Tcw:
[0.99825078, -0.026327636, 0.052935842, 0.04872141;
 0.026913742, 0.99958378, -0.010389682, -0.012202167;
 -0.052640274, 0.01179621, 0.99854386, 0.1127969;
 0, 0, 0, 1]
Twc:
[0.99825078, 0.026913742, -0.052640274, -0.042370122;
 -0.026327636, 0.99958378, 0.01179621, 0.012149232;
 0.052935842, -0.010389682, 0.99854386, -0.11533853;
 0, 0, 0, 1]
Ow:
[0.04872141;
 -0.012202167;
 0.1127969]
Keyframe: 44 Frame: 170 Frame from vFrameID : 171
Tcw:
[0.99852711, -0.013899941, 0.052444655, 0.053923111;
 0.014725241, 0.99977326, -0.015383131, -0.014864811;
 -0.052218936, 0.016132733, 0.99850535, 0.12688518;
 0, 0, 0, 1]
Twc:
[0.99852711, 0.014725241, -0.052218936, -0.046998989;
 -0.013899941, 0.99977326, 0.016132733, 0.013563963;
 0.052444655, -0.015383131, 0.99850535, -0.12975217;
 0, 0, 0, 1]
Ow:
[0.053923111;
 -0.014864811;
 0.12688518]
Keyframe: 45 Frame: 175 Frame from vFrameID : 176
Tcw:
[0.99972665, -0.013534593, 0.019062474, 0.065505303;
 0.014127079, 0.99941027, -0.031297438, -0.018813293;
 -0.018627634, 0.031558182, 0.99932832, 0.14371681;
 0, 0, 0, 1]
Twc:
[0.99972665, 0.014127079, -0.018627634, -0.062544525;
 -0.013534593, 0.99941027, 0.031558182, 0.015153345;
 0.019062474, -0.031297438, 0.99932832, -0.14545779;
 0, 0, 0, 1]
Ow:
[0.065505303;
 -0.018813293;
 0.14371681]
Keyframe: 46 Frame: 179 Frame from vFrameID : 180
Tcw:
[0.99990994, -0.0077787866, 0.010935203, 0.070616968;
 0.0079108533, 0.99989569, -0.012086271, -0.023099873;
 -0.010840046, 0.012171689, 0.99986714, 0.154379;
 0, 0, 0, 1]
Twc:
[0.99990994, 0.0079108533, -0.010840046, -0.06875439;
 -0.0077787866, 0.99989569, 0.012171689, 0.021767722;
 0.010935203, -0.012086271, 0.99986714, -0.1554099;
 0, 0, 0, 1]
Ow:
[0.070616968;
 -0.023099873;
 0.154379]
Keyframe: 47 Frame: 185 Frame from vFrameID : 186
Tcw:
[0.99995315, 0.0057011028, -0.0078195976, 0.079817504;
 -0.0057766521, 0.99993652, -0.0096732071, -0.028022597;
 0.0077639539, 0.0097179255, 0.99992263, 0.17173234;
 0, 0, 0, 1]
Twc:
[0.99995315, -0.0057766521, 0.0077639539, -0.081308961;
 0.0057011028, 0.99993652, 0.0097179255, 0.025896888;
 -0.0078195976, -0.0096732071, 0.99992263, -0.17136598;
 0, 0, 0, 1]
Ow:
[0.079817504;
 -0.028022597;
 0.17173234]
Keyframe: 48 Frame: 191 Frame from vFrameID : 192
Tcw:
[0.99987233, 0.0067638941, -0.014476957, 0.083681069;
 -0.0070635919, 0.99975973, -0.020751677, -0.032196514;
 0.014333116, 0.020851288, 0.99967986, 0.19173695;
 0, 0, 0, 1]
Twc:
[0.99987233, -0.0070635919, 0.014333116, -0.086645998;
 0.0067638941, 0.99975973, 0.020851288, 0.027624803;
 -0.014476957, -0.020751677, 0.99967986, -0.19113225;
 0, 0, 0, 1]
Ow:
[0.083681069;
 -0.032196514;
 0.19173695]
Keyframe: 49 Frame: 195 Frame from vFrameID : 196
Tcw:
[0.99984837, -0.0011337338, -0.01737798, 0.087031394;
 0.00052546989, 0.99938834, -0.034966674, -0.037250921;
 0.017406993, 0.034952238, 0.99923736, 0.20620415;
 0, 0, 0, 1]
Twc:
[0.99984837, 0.00052546989, 0.017406993, -0.090588018;
 -0.0011337338, 0.99938834, 0.034952238, 0.030119512;
 -0.01737798, -0.034966674, 0.99923736, -0.20583701;
 0, 0, 0, 1]
Ow:
[0.087031394;
 -0.037250921;
 0.20620415]
Keyframe: 50 Frame: 201 Frame from vFrameID : 202
Tcw:
[0.99993318, -0.0016990229, 0.011436276, 0.088926166;
 0.0017172238, 0.99999726, -0.0015818712, -0.039021224;
 -0.011433557, 0.0016014042, 0.99993336, 0.2183101;
 0, 0, 0, 1]
Twc:
[0.99993318, 0.0017172238, -0.011433557, -0.086357147;
 -0.0016990229, 0.99999726, 0.0016014042, 0.038822606;
 0.011436276, -0.0015818712, 0.99993336, -0.21937425;
 0, 0, 0, 1]
Ow:
[0.088926166;
 -0.039021224;
 0.2183101]
Keyframe: 51 Frame: 205 Frame from vFrameID : 206
Tcw:
[0.99994993, -0.0045289937, 0.0089254985, 0.091106452;
 0.0045696143, 0.99997926, -0.0045359335, -0.040898032;
 -0.00890477, 0.0045764926, 0.99994987, 0.22628063;
 0, 0, 0, 1]
Twc:
[0.99994993, 0.0045696143, -0.00890477, -0.088900015;
 -0.0045289937, 0.99997926, 0.0045764926, 0.040274233;
 0.0089254985, -0.0045359335, 0.99994987, -0.22726798;
 0, 0, 0, 1]
Ow:
[0.091106452;
 -0.040898032;
 0.22628063]
Keyframe: 52 Frame: 209 Frame from vFrameID : 210
Tcw:
[0.99998742, -0.0043532848, -0.0024814764, 0.096472554;
 0.0043602516, 0.99998653, 0.0028090966, -0.040759265;
 0.0024692141, -0.0028198813, 0.99999297, 0.2378566;
 0, 0, 0, 1]
Twc:
[0.99998742, 0.0043602516, 0.0024692141, -0.09688095;
 -0.0043532848, 0.99998653, -0.0028198813, 0.041849416;
 -0.0024814764, 0.0028090966, 0.99999297, -0.23750104;
 0, 0, 0, 1]
Ow:
[0.096472554;
 -0.040759265;
 0.2378566]
Keyframe: 53 Frame: 213 Frame from vFrameID : 214
Tcw:
[0.99931937, 0.0009148246, -0.036877736, 0.10423388;
 -0.0014984068, 0.99987406, -0.015800253, -0.044988964;
 0.036858637, 0.015844757, 0.99919486, 0.25056183;
 0, 0, 0, 1]
Twc:
[0.99931937, -0.0014984068, 0.036858637, -0.1134657;
 0.0009148246, 0.99987406, 0.015844757, 0.040917847;
 -0.036877736, -0.015800253, 0.99919486, -0.24722703;
 0, 0, 0, 1]
Ow:
[0.10423388;
 -0.044988964;
 0.25056183]
Keyframe: 54 Frame: 218 Frame from vFrameID : 219
Tcw:
[0.99923873, 0.017372265, -0.034930281, 0.11982907;
 -0.018368259, 0.99942791, -0.02839797, -0.047616675;
 0.034416962, 0.029017961, 0.99898618, 0.26526779;
 0, 0, 0, 1]
Twc:
[0.99923873, -0.018368259, 0.034416962, -0.12974219;
 0.017372265, 0.99942791, 0.029017961, 0.037810199;
 -0.034930281, -0.02839797, 0.99898618, -0.2621654;
 0, 0, 0, 1]
Ow:
[0.11982907;
 -0.047616675;
 0.26526779]
Keyframe: 55 Frame: 222 Frame from vFrameID : 223
Tcw:
[0.99929023, 0.0090756472, -0.036560107, 0.12332424;
 -0.0098253619, 0.99974406, -0.020379156, -0.049205013;
 0.036365796, 0.020723909, 0.99912363, 0.27747798;
 0, 0, 0, 1]
Twc:
[0.99929023, -0.0098253619, 0.036365796, -0.13381088;
 0.0090756472, 0.99974406, 0.020723909, 0.042322744;
 -0.036560107, -0.020379156, 0.99912363, -0.27372882;
 0, 0, 0, 1]
Ow:
[0.12332424;
 -0.049205013;
 0.27747798]
Keyframe: 56 Frame: 226 Frame from vFrameID : 227
Tcw:
[0.99949634, 0.010355721, -0.029996907, 0.12833101;
 -0.010314232, 0.99994564, 0.0015375433, -0.049718395;
 0.030011199, -0.0012273738, 0.99954879, 0.2899743;
 0, 0, 0, 1]
Twc:
[0.99949634, -0.010314232, 0.030011199, -0.13748166;
 0.010355721, 0.99994564, -0.0012273738, 0.048742637;
 -0.029996907, 0.0015375433, 0.99954879, -0.28591749;
 0, 0, 0, 1]
Ow:
[0.12833101;
 -0.049718395;
 0.2899743]
Keyframe: 57 Frame: 232 Frame from vFrameID : 233
Tcw:
[0.99995303, -0.0054180613, 0.0080380142, 0.13557921;
 0.0055664461, 0.99981236, -0.018554356, -0.051122721;
 -0.0079359766, 0.018598229, 0.99979556, 0.314116;
 0, 0, 0, 1]
Twc:
[0.99995303, 0.0055664461, -0.0079359766, -0.13279545;
 -0.0054180613, 0.99981236, 0.018598229, 0.046005704;
 0.0080380142, -0.018554356, 0.99979556, -0.31609011;
 0, 0, 0, 1]
Ow:
[0.13557921;
 -0.051122721;
 0.314116]
Keyframe: 58 Frame: 236 Frame from vFrameID : 237
Tcw:
[0.99976927, -0.015729513, 0.014627864, 0.13652641;
 0.016060904, 0.99961054, -0.02282026, -0.055036098;
 -0.014263215, 0.023049932, 0.99963254, 0.32753551;
 0, 0, 0, 1]
Twc:
[0.99976927, 0.016060904, -0.014263215, -0.13093926;
 -0.015729513, 0.99961054, 0.023049932, 0.049612489;
 0.014627864, -0.02282026, 0.99963254, -0.33066818;
 0, 0, 0, 1]
Ow:
[0.13652641;
 -0.055036098;
 0.32753551]
Keyframe: 59 Frame: 241 Frame from vFrameID : 242
Tcw:
[0.99975896, -0.020789381, 0.0070568649, 0.14272501;
 0.020960493, 0.99946499, -0.025107875, -0.056807864;
 -0.0065311124, 0.02524974, 0.99965984, 0.34335941;
 0, 0, 0, 1]
Twc:
[0.99975896, 0.020960493, -0.0065311124, -0.13925737;
 -0.020789381, 0.99946499, 0.02524974, 0.0510749;
 0.0070568649, -0.025107875, 0.99965984, -0.34567615;
 0, 0, 0, 1]
Ow:
[0.14272501;
 -0.056807864;
 0.34335941]
Keyframe: 60 Frame: 247 Frame from vFrameID : 248
Tcw:
[0.99913919, 0.00095383986, -0.041472953, 0.15671185;
 -0.0032228543, 0.9984988, -0.05467834, -0.059407536;
 0.041358538, 0.05476493, 0.99764234, 0.36087945;
 0, 0, 0, 1]
Twc:
[0.99913919, -0.0032228543, 0.041358538, -0.17169385;
 0.00095383986, 0.9984988, 0.05476493, 0.039405338;
 -0.041472953, -0.05467834, 0.99764234, -0.35677764;
 0, 0, 0, 1]
Ow:
[0.15671185;
 -0.059407536;
 0.36087945]
Keyframe: 61 Frame: 253 Frame from vFrameID : 254
Tcw:
[0.99650782, 0.019636843, -0.081157625, 0.17075664;
 -0.023962041, 0.99832451, -0.052668113, -0.062898621;
 0.079987414, 0.05442889, 0.99530876, 0.38179988;
 0, 0, 0, 1]
Twc:
[0.99650782, -0.023962041, 0.079987414, -0.20220667;
 0.019636843, 0.99832451, 0.05442889, 0.03865917;
 -0.081157625, -0.052668113, 0.99530876, -0.36946329;
 0, 0, 0, 1]
Ow:
[0.17075664;
 -0.062898621;
 0.38179988]
Keyframe: 62 Frame: 260 Frame from vFrameID : 261
Tcw:
[0.99742013, 0.01938308, -0.069118276, 0.18000548;
 -0.022253472, 0.99891114, -0.041003436, -0.065130599;
 0.068248242, 0.042435776, 0.99676543, 0.41155836;
 0, 0, 0, 1]
Twc:
[0.99742013, -0.022253472, 0.068248242, -0.20907861;
 0.01938308, 0.99891114, 0.042435776, 0.044105828;
 -0.069118276, -0.041003436, 0.99676543, -0.40045607;
 0, 0, 0, 1]
Ow:
[0.18000548;
 -0.065130599;
 0.41155836]
Keyframe: 63 Frame: 265 Frame from vFrameID : 266
Tcw:
[0.99698532, 0.030047011, -0.071536236, 0.18365431;
 -0.032398708, 0.99896443, -0.031943843, -0.067947693;
 0.070502341, 0.034165226, 0.99692637, 0.43123457;
 0, 0, 0, 1]
Twc:
[0.99698532, -0.032398708, 0.070502341, -0.21570513;
 0.030047011, 0.99896443, 0.034165226, 0.047625836;
 -0.071536236, -0.031943843, 0.99692637, -0.41894168;
 0, 0, 0, 1]
Ow:
[0.18365431;
 -0.067947693;
 0.43123457]
Keyframe: 64 Frame: 270 Frame from vFrameID : 271
Tcw:
[0.99796081, 0.0086260848, -0.063244261, 0.18665466;
 -0.011046899, 0.9992156, -0.038028017, -0.071188703;
 0.062866621, 0.038649123, 0.99727333, 0.44885358;
 0, 0, 0, 1]
Twc:
[0.99796081, -0.011046899, 0.062866621, -0.21527834;
 0.0086260848, 0.9992156, 0.038649123, 0.052174967;
 -0.063244261, -0.038028017, 0.99727333, -0.43853199;
 0, 0, 0, 1]
Ow:
[0.18665466;
 -0.071188703;
 0.44885358]
Keyframe: 65 Frame: 274 Frame from vFrameID : 275
Tcw:
[0.9974162, 0.012605932, -0.070724875, 0.19516942;
 -0.015647607, 0.99896884, -0.042619277, -0.074647255;
 0.070114695, 0.043615833, 0.99658495, 0.46641222;
 0, 0, 0, 1]
Twc:
[0.9974162, -0.015647607, 0.070114695, -0.22853553;
 0.012605932, 0.99896884, 0.043615833, 0.051767036;
 -0.070724875, -0.042619277, 0.99658495, -0.45419747;
 0, 0, 0, 1]
Ow:
[0.19516942;
 -0.074647255;
 0.46641222]
Keyframe: 66 Frame: 279 Frame from vFrameID : 280
Tcw:
[0.99240726, 0.046760116, -0.11375981, 0.20768672;
 -0.05248503, 0.99747419, -0.047859732, -0.076253891;
 0.11123455, 0.053467035, 0.99235487, 0.48273808;
 0, 0, 0, 1]
Twc:
[0.99240726, -0.05248503, 0.11123455, -0.26380914;
 0.046760116, 0.99747419, 0.053467035, 0.040539257;
 -0.11375981, -0.047859732, 0.99235487, -0.45907053;
 0, 0, 0, 1]
Ow:
[0.20768672;
 -0.076253891;
 0.48273808]
Keyframe: 67 Frame: 284 Frame from vFrameID : 285
Tcw:
[0.99128741, 0.045993052, -0.12342566, 0.21405718;
 -0.052176982, 0.9975149, -0.047345348, -0.077225409;
 0.12094138, 0.053372823, 0.99122375, 0.49639821;
 0, 0, 0, 1]
Twc:
[0.99128741, -0.052176982, 0.12094138, -0.27625668;
 0.045993052, 0.9975149, 0.053372823, 0.040694181;
 -0.12342566, -0.047345348, 0.99122375, -0.46927783;
 0, 0, 0, 1]
Ow:
[0.21405718;
 -0.077225409;
 0.49639821]
Keyframe: 68 Frame: 289 Frame from vFrameID : 290
Tcw:
[0.99405462, 0.045691933, -0.098831587, 0.22048756;
 -0.049713969, 0.99801648, -0.038622268, -0.07973209;
 0.096870825, 0.043305956, 0.99435437, 0.51428527;
 0, 0, 0, 1]
Twc:
[0.99405462, -0.049713969, 0.096870825, -0.27295971;
 0.045691933, 0.99801648, 0.043305956, 0.047227819;
 -0.098831587, -0.038622268, 0.99435437, -0.49267009;
 0, 0, 0, 1]
Ow:
[0.22048756;
 -0.07973209;
 0.51428527]
Keyframe: 69 Frame: 294 Frame from vFrameID : 295
Tcw:
[0.99808288, 0.035233121, -0.050884455, 0.22292948;
 -0.038591571, 0.99703306, -0.066601858, -0.079768099;
 0.048386894, 0.068437882, 0.9964813, 0.5403949;
 0, 0, 0, 1]
Twc:
[0.99808288, -0.038591571, 0.048386894, -0.2517285;
 0.035233121, 0.99703306, 0.068437882, 0.034693446;
 -0.050884455, -0.066601858, 0.9964813, -0.53246242;
 0, 0, 0, 1]
Ow:
[0.22292948;
 -0.079768099;
 0.5403949]
Keyframe: 70 Frame: 298 Frame from vFrameID : 299
Tcw:
[0.99940705, 0.0068758526, -0.033738852, 0.221184;
 -0.0090629393, 0.99783725, -0.065105475, -0.079839885;
 0.033218224, 0.065372646, 0.99730784, 0.55763978;
 0, 0, 0, 1]
Twc:
[0.99940705, -0.0090629393, 0.033218224, -0.24030022;
 0.0068758526, 0.99783725, 0.065372646, 0.041691989;
 -0.033738852, -0.065105475, 0.99730784, -0.55387408;
 0, 0, 0, 1]
Ow:
[0.221184;
 -0.079839885;
 0.55763978]
Keyframe: 71 Frame: 303 Frame from vFrameID : 304
Tcw:
[0.99994016, -0.0057180994, -0.00932437, 0.22652926;
 0.0051806062, 0.99837881, -0.056682978, -0.082490869;
 0.0096333716, 0.056631282, 0.99834871, 0.57796896;
 0, 0, 0, 1]
Twc:
[0.99994016, 0.0051806062, 0.0096333716, -0.23165615;
 -0.0057180994, 0.99837881, 0.056631282, 0.050921325;
 -0.00932437, -0.056682978, 0.99834871, -0.57957816;
 0, 0, 0, 1]
Ow:
[0.22652926;
 -0.082490869;
 0.57796896]
Keyframe: 72 Frame: 307 Frame from vFrameID : 308
Tcw:
[0.99962193, 0.0039322414, -0.027212678, 0.23200789;
 -0.0057592834, 0.99771005, -0.067390248, -0.082834795;
 0.026885368, 0.067521498, 0.99735552, 0.5923633;
 0, 0, 0, 1]
Twc:
[0.99962193, -0.0057592834, 0.026885368, -0.24832316;
 0.0039322414, 0.99771005, 0.067521498, 0.041735549;
 -0.027212678, -0.067390248, 0.99735552, -0.59006548;
 0, 0, 0, 1]
Ow:
[0.23200789;
 -0.082834795;
 0.5923633]
Keyframe: 73 Frame: 312 Frame from vFrameID : 313
Tcw:
[0.99842036, 0.017455706, -0.053405341, 0.24138309;
 -0.020128231, 0.99855036, -0.049920727, -0.086953029;
 0.05245652, 0.050916824, 0.99732429, 0.61244571;
 0, 0, 0, 1]
Twc:
[0.99842036, -0.020128231, 0.05245652, -0.27487877;
 0.017455706, 0.99855036, 0.050916824, 0.051429667;
 -0.053405341, -0.049920727, 0.99732429, -0.60225666;
 0, 0, 0, 1]
Ow:
[0.24138309;
 -0.086953029;
 0.61244571]
Keyframe: 74 Frame: 317 Frame from vFrameID : 318
Tcw:
[0.99617928, 0.020653792, -0.084854275, 0.24696212;
 -0.024735829, 0.99857253, -0.047340125, -0.089341328;
 0.083755396, 0.049258191, 0.99526817, 0.62938845;
 0, 0, 0, 1]
Twc:
[0.99617928, -0.024735829, 0.083755396, -0.30094317;
 0.020653792, 0.99857253, 0.049258191, 0.053110551;
 -0.084854275, -0.047340125, 0.99526817, -0.60968387;
 0, 0, 0, 1]
Ow:
[0.24696212;
 -0.089341328;
 0.62938845]
Keyframe: 75 Frame: 322 Frame from vFrameID : 323
Tcw:
[0.99774402, 0.015803741, -0.065246597, 0.24936479;
 -0.01920104, 0.99847418, -0.051774282, -0.091648161;
 0.064328812, 0.052910283, 0.99652511, 0.64757568;
 0, 0, 0, 1]
Twc:
[0.99774402, -0.01920104, 0.064328812, -0.29221973;
 0.015803741, 0.99847418, 0.052910283, 0.053304013;
 -0.065246597, -0.051774282, 0.99652511, -0.63380027;
 0, 0, 0, 1]
Ow:
[0.24936479;
 -0.091648161;
 0.64757568]
Keyframe: 76 Frame: 328 Frame from vFrameID : 329
Tcw:
[0.99922937, -0.01215123, -0.037323013, 0.24743222;
 0.00930811, 0.99710792, -0.075426668, -0.093054667;
 0.038131598, 0.075021133, 0.99645263, 0.66724455;
 0, 0, 0, 1]
Twc:
[0.99922937, 0.00930811, 0.038131598, -0.27181849;
 -0.01215123, 0.99710792, 0.075021133, 0.045734715;
 -0.037323013, -0.075426668, 0.99645263, -0.66266143;
 0, 0, 0, 1]
Ow:
[0.24743222;
 -0.093054667;
 0.66724455]
Keyframe: 77 Frame: 332 Frame from vFrameID : 333
Tcw:
[0.99958539, -0.022167556, -0.018375486, 0.25193274;
 0.020955207, 0.99774706, -0.063731343, -0.097006924;
 0.019746857, 0.063319854, 0.99779791, 0.6804229;
 0, 0, 0, 1]
Twc:
[0.99958539, 0.020955207, 0.019746857, -0.26323169;
 -0.022167556, 0.99774706, 0.063319854, 0.05928883;
 -0.018375486, -0.063731343, 0.99779791, -0.6804775;
 0, 0, 0, 1]
Ow:
[0.25193274;
 -0.097006924;
 0.6804229]
Keyframe: 78 Frame: 337 Frame from vFrameID : 338
Tcw:
[0.99957305, -0.022081262, -0.019135125, 0.25902504;
 0.02067256, 0.99726731, -0.070926443, -0.096950978;
 0.020648981, 0.07050059, 0.997298, 0.70020586;
 0, 0, 0, 1]
Twc:
[0.99957305, 0.02067256, 0.020648981, -0.27136877;
 -0.022081262, 0.99726731, 0.07050059, 0.053040721;
 -0.019135125, -0.070926443, 0.997298, -0.70023382;
 0, 0, 0, 1]
Ow:
[0.25902504;
 -0.096950978;
 0.70020586]
Keyframe: 79 Frame: 343 Frame from vFrameID : 344
Tcw:
[0.99861491, 0.010811957, -0.051491052, 0.27376977;
 -0.013944006, 0.99804878, -0.060861666, -0.10184428;
 0.050732549, 0.06149536, 0.99681717, 0.71729934;
 0, 0, 0, 1]
Twc:
[0.99861491, -0.013944006, 0.050732549, -0.3112011;
 0.010811957, 0.99804878, 0.06149536, 0.054574996;
 -0.051491052, -0.060861666, 0.99681717, -0.70711803;
 0, 0, 0, 1]
Ow:
[0.27376977;
 -0.10184428;
 0.71729934]
Keyframe: 80 Frame: 349 Frame from vFrameID : 350
Tcw:
[0.99682897, 0.017936865, -0.077525675, 0.28466418;
 -0.022715846, 0.99786651, -0.061208338, -0.10273795;
 0.076262392, 0.062775306, 0.99510968, 0.73625344;
 0, 0, 0, 1]
Twc:
[0.99682897, -0.022715846, 0.076262392, -0.34224373;
 0.017936865, 0.99786651, 0.062775306, 0.051194232;
 -0.077525675, -0.061208338, 0.99510968, -0.71687263;
 0, 0, 0, 1]
Ow:
[0.28466418;
 -0.10273795;
 0.73625344]
Keyframe: 81 Frame: 354 Frame from vFrameID : 355
Tcw:
[0.9978475, 0.002526535, -0.065528624, 0.28823408;
 -0.0059088995, 0.99865687, -0.051474288, -0.10388843;
 0.065310553, 0.05175069, 0.99652213, 0.75410557;
 0, 0, 0, 1]
Twc:
[0.9978475, -0.0059088995, 0.065310553, -0.33747858;
 0.002526535, 0.99865687, 0.05175069, 0.063995175;
 -0.065528624, -0.051474288, 0.99652213, -0.73794293;
 0, 0, 0, 1]
Ow:
[0.28823408;
 -0.10388843;
 0.75410557]
Keyframe: 82 Frame: 359 Frame from vFrameID : 360
Tcw:
[0.99844092, -0.0049189548, -0.055601764, 0.28896978;
 0.002425492, 0.99899197, -0.044823863, -0.10522167;
 0.055766203, 0.044619117, 0.99744636, 0.77034795;
 0, 0, 0, 1]
Twc:
[0.99844092, 0.002425492, 0.055766203, -0.33122343;
 -0.0049189548, 0.99899197, 0.044619117, 0.072164796;
 -0.055601764, -0.044823863, 0.99744636, -0.75702995;
 0, 0, 0, 1]
Ow:
[0.28896978;
 -0.10522167;
 0.77034795]
Keyframe: 83 Frame: 363 Frame from vFrameID : 364
Tcw:
[0.99788362, -0.026142647, -0.059538696, 0.29182023;
 0.022584604, 0.99796271, -0.059668437, -0.11101037;
 0.060977291, 0.058197498, 0.99644107, 0.78100926;
 0, 0, 0, 1]
Twc:
[0.99788362, 0.022584604, 0.060977291, -0.3363193;
 -0.026142647, 0.99796271, 0.058197498, 0.072960377;
 -0.059538696, -0.059668437, 0.99644107, -0.76747888;
 0, 0, 0, 1]
Ow:
[0.29182023;
 -0.11101037;
 0.78100926]
Keyframe: 84 Frame: 368 Frame from vFrameID : 369
Tcw:
[0.99811709, -0.019696889, -0.058089267, 0.29809183;
 0.016182182, 0.99804509, -0.060366955, -0.11182429;
 0.059164748, 0.059313275, 0.99648458, 0.79448181;
 0, 0, 0, 1]
Twc:
[0.99811709, 0.016182182, 0.059164748, -0.34272626;
 -0.019696889, 0.99804509, 0.059313275, 0.070353843;
 -0.058089267, -0.060366955, 0.99648458, -0.7811234;
 0, 0, 0, 1]
Ow:
[0.29809183;
 -0.11182429;
 0.79448181]
Keyframe: 85 Frame: 372 Frame from vFrameID : 373
Tcw:
[0.99636734, 0.00013959288, -0.085159428, 0.30775106;
 -0.005442976, 0.99805838, -0.062046934, -0.11270098;
 0.084985428, 0.062285058, 0.99443352, 0.8061831;
 0, 0, 0, 1]
Twc:
[0.99636734, -0.005442976, 0.084985428, -0.37576032;
 0.00013959288, 0.99805838, 0.062285058, 0.062226038;
 -0.085159428, -0.062046934, 0.99443352, -0.78248036;
 0, 0, 0, 1]
Ow:
[0.30775106;
 -0.11270098;
 0.8061831]
Keyframe: 86 Frame: 376 Frame from vFrameID : 377
Tcw:
[0.99340999, 0.020243099, -0.11281339, 0.3170203;
 -0.028840585, 0.99675834, -0.07510674, -0.11416196;
 0.1109273, 0.077865392, 0.9907735, 0.81676483;
 0, 0, 0, 1]
Twc:
[0.99340999, -0.028840585, 0.1109273, -0.40882513;
 0.020243099, 0.99675834, 0.077865392, 0.043776698;
 -0.11281339, -0.07510674, 0.9907735, -0.78203917;
 0, 0, 0, 1]
Ow:
[0.3170203;
 -0.11416196;
 0.81676483]
Keyframe: 87 Frame: 380 Frame from vFrameID : 381
Tcw:
[0.99109334, 0.032389171, -0.12917002, 0.32049227;
 -0.041043889, 0.99704647, -0.064913027, -0.1181163;
 0.12668604, 0.069636509, 0.98949552, 0.82378548;
 0, 0, 0, 1]
Twc:
[0.99109334, -0.041043889, 0.12668604, -0.42684785;
 0.032389171, 0.99704647, 0.069636509, 0.050021432;
 -0.12917002, -0.064913027, 0.98949552, -0.78140134;
 0, 0, 0, 1]
Ow:
[0.32049227;
 -0.1181163;
 0.82378548]
Keyframe: 88 Frame: 384 Frame from vFrameID : 385
Tcw:
[0.98894817, 0.035633508, -0.14391567, 0.32742393;
 -0.044502918, 0.99727219, -0.058887087, -0.12015485;
