Keyframe: 0 Frame: 0 Frame from vFrameID : 217
Tcw:
[0.99962652, 0.010920519, 0.025050551, 0.045647375;
 0.010314611, 0.69809908, -0.71592689, -0.065846495;
 -0.025306059, 0.71591789, 0.69772571, 0.039715096;
 0, 0, 0, 1]
Twc:
[0.99962652, 0.010314611, -0.025306059, -0.043946117;
 0.010920519, 0.69809908, 0.71591789, 0.017036136;
 0.025050551, -0.71592689, 0.69772571, -0.075995013;
 0, 0, 0, 1]
Ow:
[0.045647375;
 -0.065846495;
 0.039715096]
Keyframe: 1 Frame: 216 Frame from vFrameID : 217
Tcw:
[0.99881184, 0.019410836, 0.044699751, 0.046695467;
 0.018013919, 0.70521927, -0.70876038, -0.068196915;
 -0.045280758, 0.70872349, 0.70403171, 0.040072184;
 0, 0, 0, 1]
Twc:
[0.99881184, 0.018013919, -0.045280758, -0.043596994;
 0.019410836, 0.70521927, 0.70872349, 0.01878728;
 0.044699751, -0.70876038, 0.70403171, -0.078634635;
 0, 0, 0, 1]
Ow:
[0.046695467;
 -0.068196915;
 0.040072184]
Keyframe: 2 Frame: 219 Frame from vFrameID : 220
Tcw:
[0.99793136, 0.033197656, 0.055053666, 0.045247216;
 0.014797531, 0.71474856, -0.69922495, -0.06684085;
 -0.06256216, 0.69859314, 0.71277875, 0.041518711;
 0, 0, 0, 1]
Twc:
[0.99793136, 0.014797531, -0.06256216, -0.041567035;
 0.033197656, 0.71474856, 0.69859314, 0.017267609;
 0.055053666, -0.69922495, 0.71277875, -0.078821473;
 0, 0, 0, 1]
Ow:
[0.045247216;
 -0.06684085;
 0.041518711]
Keyframe: 3 Frame: 221 Frame from vFrameID : 222
Tcw:
[0.99809891, 0.037650637, 0.048795819, 0.046595678;
 0.0070582135, 0.71668357, -0.69736278, -0.067847803;
 -0.061227318, 0.69638145, 0.71505535, 0.044650439;
 0, 0, 0, 1]
Twc:
[0.99809891, 0.0070582135, -0.061227318, -0.043294385;
 0.037650637, 0.71668357, 0.69638145, 0.01577731;
 0.048795819, -0.69736278, 0.71505535, -0.081515737;
 0, 0, 0, 1]
Ow:
[0.046595678;
 -0.067847803;
 0.044650439]
Keyframe: 4 Frame: 223 Frame from vFrameID : 224
Tcw:
[0.99882388, 0.034739159, 0.033824462, 0.048633542;
 -0.0009332429, 0.71125633, -0.70293212, -0.068132855;
 -0.048477136, 0.70207381, 0.7104522, 0.046694569;
 0, 0, 0, 1]
Twc:
[0.99882388, -0.0009332429, -0.048477136, -0.04637631;
 0.034739159, 0.71125633, 0.70207381, 0.013987403;
 0.033824462, -0.70293212, 0.7104522, -0.082712039;
 0, 0, 0, 1]
Ow:
[0.048633542;
 -0.068132855;
 0.046694569]
Keyframe: 5 Frame: 226 Frame from vFrameID : 227
Tcw:
[0.99923259, 0.035603359, 0.016329963, 0.049574159;
 -0.013689586, 0.70804149, -0.70603812, -0.069407552;
 -0.036699619, 0.70527273, 0.70798552, 0.047355726;
 0, 0, 0, 1]
Twc:
[0.99923259, -0.013689586, -0.036699619, -0.048748337;
 0.035603359, 0.70804149, 0.70527273, 0.013979717;
 0.016329963, -0.70603812, 0.70798552, -0.083341092;
 0, 0, 0, 1]
Ow:
[0.049574159;
 -0.069407552;
 0.047355726]
Keyframe: 6 Frame: 230 Frame from vFrameID : 231
Tcw:
[0.99958789, 0.02870298, 0.00035763995, 0.050723683;
 -0.020028273, 0.70630628, -0.707623, -0.070097342;
 -0.020563493, 0.70732427, 0.70659006, 0.049765613;
 0, 0, 0, 1]
Twc:
[0.99958789, -0.020028273, -0.020563493, -0.051083356;
 0.02870298, 0.70630628, 0.70732427, 0.012853846;
 0.00035763995, -0.707623, 0.70659006, -0.084784523;
 0, 0, 0, 1]
Ow:
[0.050723683;
 -0.070097342;
 0.049765613]
Keyframe: 7 Frame: 233 Frame from vFrameID : 234
Tcw:
[0.9994576, 0.031757187, -0.0087176645, 0.050876543;
 -0.02867835, 0.70918548, -0.70443845, -0.069673225;
 -0.016188543, 0.70430636, 0.70971155, 0.052507795;
 0, 0, 0, 1]
Twc:
[0.9994576, -0.02867835, -0.016188543, -0.051997036;
 0.031757187, 0.70918548, 0.70430636, 0.010813969;
 -0.0087176645, -0.70443845, 0.70971155, -0.085902363;
 0, 0, 0, 1]
Ow:
[0.050876543;
 -0.069673225;
 0.052507795]
Keyframe: 8 Frame: 236 Frame from vFrameID : 237
Tcw:
[0.9995743, 0.029109074, -0.0019668674, 0.053510878;
 -0.022117747, 0.7120834, -0.7017464, -0.069906652;
 -0.019026615, 0.70149118, 0.7124241, 0.052865647;
 0, 0, 0, 1]
Twc:
[0.9995743, -0.022117747, -0.019026615, -0.054028422;
 0.029109074, 0.7120834, 0.70149118, 0.01113693;
 -0.0019668674, -0.7017464, 0.7124241, -0.086614251;
 0, 0, 0, 1]
Ow:
[0.053510878;
 -0.069906652;
 0.052865647]
Keyframe: 9 Frame: 240 Frame from vFrameID : 241
Tcw:
[0.9994415, 0.032988261, 0.0053374632, 0.055023037;
 -0.019906957, 0.71602106, -0.69779474, -0.072386168;
 -0.026840772, 0.69729877, 0.7162779, 0.057559818;
 0, 0, 0, 1]
Twc:
[0.9994415, -0.019906957, -0.026840772, -0.054888342;
 0.032988261, 0.71602106, 0.69729877, 0.0098785236;
 0.0053374632, -0.69779474, 0.7162779, -0.092033193;
 0, 0, 0, 1]
Ow:
[0.055023037;
 -0.072386168;
 0.057559818]
Keyframe: 10 Frame: 244 Frame from vFrameID : 245
Tcw:
[0.99855852, 0.045211002, 0.028928317, 0.054471672;
 -0.012064583, 0.71423507, -0.69980192, -0.073277086;
 -0.052300364, 0.69844419, 0.71375096, 0.061297838;
 0, 0, 0, 1]
Twc:
[0.99855852, -0.012064583, -0.052300364, -0.052071311;
 0.045211002, 0.71423507, 0.69844419, 0.0070612282;
 0.028928317, -0.69980192, 0.71375096, -0.096606605;
 0, 0, 0, 1]
Ow:
[0.054471672;
 -0.073277086;
 0.061297838]
Keyframe: 11 Frame: 249 Frame from vFrameID : 250
Tcw:
[0.99766815, 0.044936273, 0.051371083, 0.056586981;
 0.0039723879, 0.71316761, -0.70098233, -0.071516186;
 -0.068135723, 0.69955176, 0.71132612, 0.065713748;
 0, 0, 0, 1]
Twc:
[0.99766815, 0.0039723879, -0.068135723, -0.051693488;
 0.044936273, 0.71316761, 0.69955176, 0.0024900474;
 0.051371083, -0.70098233, 0.71132612, -0.099782415;
 0, 0, 0, 1]
Ow:
[0.056586981;
 -0.071516186;
 0.065713748]
Keyframe: 12 Frame: 255 Frame from vFrameID : 256
Tcw:
[0.99554759, 0.060209829, 0.07252413, 0.056843314;
 0.0069426787, 0.72047603, -0.69344509, -0.074721441;
 -0.09400411, 0.69086111, 0.71685016, 0.069844685;
 0, 0, 0, 1]
Twc:
[0.99554759, 0.0069426787, -0.09400411, -0.049505774;
 0.060209829, 0.72047603, 0.69086111, 0.0021595052;
 0.07252413, -0.69344509, 0.71685016, -0.1060059;
 0, 0, 0, 1]
Ow:
[0.056843314;
 -0.074721441;
 0.069844685]
Keyframe: 13 Frame: 260 Frame from vFrameID : 261
Tcw:
[0.99779373, 0.043742038, 0.04994335, 0.060651716;
 0.0032125646, 0.71957368, -0.69440871, -0.071925052;
 -0.066312768, 0.69303709, 0.71784556, 0.074942142;
 0, 0, 0, 1]
Twc:
[0.99779373, 0.0032125646, -0.066312768, -0.055317216;
 0.043742038, 0.71957368, 0.69303709, -0.0028353422;
 0.04994335, -0.69440871, 0.71784556, -0.10677141;
 0, 0, 0, 1]
Ow:
[0.060651716;
 -0.071925052;
 0.074942142]
Keyframe: 14 Frame: 266 Frame from vFrameID : 267
Tcw:
[0.99931973, 0.03614255, 0.0073351907, 0.066135034;
 -0.02079685, 0.71652806, -0.69724822, -0.070691206;
 -0.030456198, 0.69662136, 0.71679223, 0.078860834;
 0, 0, 0, 1]
Twc:
[0.99931973, -0.02079685, -0.030456198, -0.065158397;
 0.03614255, 0.71652806, 0.69662136, -0.0066741989;
 0.0073351907, -0.69724822, 0.71679223, -0.10630127;
 0, 0, 0, 1]
Ow:
[0.066135034;
 -0.070691206;
 0.078860834]
Keyframe: 15 Frame: 273 Frame from vFrameID : 274
Tcw:
[0.99976033, 0.021266118, 0.0051975832, 0.069392197;
 -0.011481316, 0.71148127, -0.70261127, -0.067060076;
 -0.018639797, 0.70238316, 0.71155494, 0.09072189;
 0, 0, 0, 1]
Twc:
[0.99976033, -0.011481316, -0.018639797, -0.068454467;
 0.021266118, 0.71148127, 0.70238316, -0.017485244;
 0.0051975832, -0.70261127, 0.71155494, -0.11203144;
 0, 0, 0, 1]
Ow:
[0.069392197;
 -0.067060076;
 0.09072189]
Keyframe: 16 Frame: 280 Frame from vFrameID : 281
Tcw:
[0.9977861, 0.040063333, 0.053082973, 0.068819627;
 0.010221597, 0.69631553, -0.71766305, -0.069297537;
 -0.065714471, 0.71661681, 0.69436443, 0.098812811;
 0, 0, 0, 1]
Twc:
[0.9977861, 0.010221597, -0.065714471, -0.061465509;
 0.040063333, 0.69631553, 0.71661681, -0.025315115;
 0.053082973, -0.71766305, 0.69436443, -0.12199754;
 0, 0, 0, 1]
Ow:
[0.068819627;
 -0.069297537;
 0.098812811]
Keyframe: 17 Frame: 287 Frame from vFrameID : 288
Tcw:
[0.99691939, 0.039563257, 0.067723863, 0.073748559;
 0.020485831, 0.70214373, -0.71174049, -0.066009156;
 -0.075710662, 0.71093524, 0.69917017, 0.10454711;
 0, 0, 0, 1]
Twc:
[0.99691939, 0.020485831, -0.075710662, -0.064253777;
 0.039563257, 0.70214373, 0.71093524, -0.03089604;
 0.067723863, -0.71174049, 0.69917017, -0.12507215;
 0, 0, 0, 1]
Ow:
[0.073748559;
 -0.066009156;
 0.10454711]
Keyframe: 18 Frame: 295 Frame from vFrameID : 296
Tcw:
[0.99983621, 0.017442184, 0.0048282249, 0.081866153;
 -0.0085821934, 0.69182026, -0.72201872, -0.061095357;
 -0.015933847, 0.72185904, 0.69185668, 0.11368608;
 0, 0, 0, 1]
Twc:
[0.99983621, -0.0085821934, -0.015933847, -0.080565616;
 0.017442184, 0.69182026, 0.72185904, -0.041226245;
 0.0048282249, -0.72201872, 0.69185668, -0.12316174;
 0, 0, 0, 1]
Ow:
[0.081866153;
 -0.061095357;
 0.11368608]
Keyframe: 19 Frame: 303 Frame from vFrameID : 304
Tcw:
[0.99948782, 0.025690921, -0.019081118, 0.08399462;
 -0.031584412, 0.69594097, -0.71740407, -0.065613322;
 -0.005151439, 0.71763927, 0.69639593, 0.11768697;
 0, 0, 0, 1]
Twc:
[0.99948782, -0.031584412, -0.005151439, -0.085417695;
 0.025690921, 0.69594097, 0.71763927, -0.040951703;
 -0.019081118, -0.71740407, 0.69639593, -0.12742528;
 0, 0, 0, 1]
Ow:
[0.08399462;
 -0.065613322;
 0.11768697]
Keyframe: 20 Frame: 312 Frame from vFrameID : 313
Tcw:
[0.99980485, -0.016749121, -0.010473982, 0.095299274;
 0.0046015834, 0.71308696, -0.70106047, -0.054385465;
 0.019211007, 0.70087546, 0.71302491, 0.133377;
 0, 0, 0, 1]
Twc:
[0.99980485, 0.0046015834, 0.019211007, -0.097592726;
 -0.016749121, 0.71308696, 0.70087546, -0.053102925;
 -0.010473982, -0.70106047, 0.71302491, -0.13223046;
 0, 0, 0, 1]
Ow:
[0.095299274;
 -0.054385465;
 0.133377]
Keyframe: 21 Frame: 320 Frame from vFrameID : 321
Tcw:
[0.99988174, 0.01386857, 0.0066448189, 0.095765375;
 -0.0042829923, 0.66613388, -0.74581993, -0.060485978;
 -0.014769794, 0.74570328, 0.66611451, 0.14305292;
 0, 0, 0, 1]
Twc:
[0.99988174, -0.0042829923, -0.014769794, -0.093900241;
 0.01386857, 0.66613388, 0.74570328, -0.067711398;
 0.0066448189, -0.74581993, 0.66611451, -0.14103761;
 0, 0, 0, 1]
Ow:
[0.095765375;
 -0.060485978;
 0.14305292]
Keyframe: 22 Frame: 328 Frame from vFrameID : 329
Tcw:
[0.99963683, 0.0103667, -0.024873778, 0.10709258;
 -0.025221609, 0.68496138, -0.72814268, -0.050527174;
 0.0094891414, 0.72850561, 0.68497413, 0.16032147;
 0, 0, 0, 1]
Twc:
[0.99963683, -0.025221609, 0.0094891414, -0.10984938;
 0.0103667, 0.68496138, 0.72850561, -0.08329612;
 -0.024873778, -0.72814268, 0.68497413, -0.14394325;
 0, 0, 0, 1]
Ow:
[0.10709258;
 -0.050527174;
 0.16032147]
Keyframe: 23 Frame: 337 Frame from vFrameID : 338
Tcw:
[0.996656, 0.0075124083, -0.081365459, 0.10780711;
 -0.064411417, 0.68494338, -0.72574353, -0.050706707;
 0.050278649, 0.72855753, 0.68313688, 0.16518462;
 0, 0, 0, 1]
Twc:
[0.996656, -0.064411417, 0.050278649, -0.11901796;
 0.0075124083, 0.68494338, 0.72855753, -0.08642517;
 -0.081365459, -0.72574353, 0.68313688, -0.140872;
 0, 0, 0, 1]
Ow:
[0.10780711;
 -0.050706707;
 0.16518462]
Keyframe: 24 Frame: 345 Frame from vFrameID : 346
Tcw:
[0.99824512, 0.057399374, 0.014561647, 0.1146147;
 -0.029789999, 0.69927728, -0.71422952, -0.053928465;
 -0.051178958, 0.71254236, 0.69976008, 0.17762706;
 0, 0, 0, 1]
Twc:
[0.99824512, -0.029789999, -0.051178958, -0.10692932;
 0.057399374, 0.69927728, 0.71254236, -0.095434658;
 0.014561647, -0.71422952, 0.69976008, -0.16448261;
 0, 0, 0, 1]
Ow:
[0.1146147;
 -0.053928465;
 0.17762706]
Keyframe: 25 Frame: 354 Frame from vFrameID : 355
Tcw:
[0.99620295, 0.083435632, 0.024862498, 0.11299131;
 -0.040022988, 0.69250441, -0.72030258, -0.057719052;
 -0.077316292, 0.71657252, 0.6932143, 0.18166517;
 0, 0, 0, 1]
Twc:
[0.99620295, -0.040022988, -0.077316292, -0.1008267;
 0.083435632, 0.69250441, 0.71657252, -0.099633068;
 0.024862498, -0.72030258, 0.6932143, -0.17031732;
 0, 0, 0, 1]
Ow:
[0.11299131;
 -0.057719052;
 0.18166517]
Keyframe: 26 Frame: 363 Frame from vFrameID : 364
Tcw:
[0.99583805, 0.085700534, 0.031015813, 0.11445043;
 -0.039184473, 0.70984238, -0.70326978, -0.057509437;
 -0.082286939, 0.69912744, 0.71024621, 0.19592801;
 0, 0, 0, 1]
Twc:
[0.99583805, -0.039184473, -0.082286939, -0.10010526;
 0.085700534, 0.70984238, 0.69912744, -0.10596449;
 0.031015813, -0.70326978, 0.71024621, -0.18315154;
 0, 0, 0, 1]
Ow:
[0.11445043;
 -0.057509437;
 0.19592801]
Keyframe: 27 Frame: 371 Frame from vFrameID : 372
Tcw:
[0.99726301, 0.073933497, 0.00053763279, 0.11611251;
 -0.053355597, 0.72469068, -0.68700552, -0.045376241;
 -0.051182341, 0.6850965, 0.72665203, 0.20499142;
 0, 0, 0, 1]
Twc:
[0.99726301, -0.053355597, -0.051182341, -0.10772385;
 0.073933497, 0.72469068, 0.6850965, -0.11613977;
 0.00053763279, -0.68700552, 0.72665203, -0.18019357;
 0, 0, 0, 1]
Ow:
[0.11611251;
 -0.045376241;
 0.20499142]
Keyframe: 28 Frame: 379 Frame from vFrameID : 380
Tcw:
[0.99788392, 0.0649563, -0.0028846245, 0.12879142;
 -0.049429618, 0.72903991, -0.68268406, -0.053901851;
 -0.042241625, 0.68138206, 0.73070794, 0.2122663;
 0, 0, 0, 1]
Twc:
[0.99788392, -0.049429618, -0.042241625, -0.12221677;
 0.0649563, 0.72903991, 0.68138206, -0.11370367;
 -0.0028846245, -0.68268406, 0.73070794, -0.19153111;
 0, 0, 0, 1]
Ow:
[0.12879142;
 -0.053901851;
 0.2122663]
Keyframe: 29 Frame: 388 Frame from vFrameID : 389
Tcw:
[0.99836659, 0.054062318, 0.018478088, 0.13697949;
 -0.02375453, 0.68692982, -0.72633541, -0.052036554;
 -0.051960528, 0.72471005, 0.68709201, 0.22573197;
 0, 0, 0, 1]
Twc:
[0.99836659, -0.02375453, -0.051960528, -0.12626269;
 0.054062318, 0.68692982, 0.72471005, -0.13525021;
 0.018478088, -0.72633541, 0.68709201, -0.19542575;
 0, 0, 0, 1]
Ow:
[0.13697949;
 -0.052036554;
 0.22573197]
Keyframe: 30 Frame: 396 Frame from vFrameID : 397
Tcw:
[0.99737138, 0.062462989, 0.03672535, 0.1329252;
 -0.017141234, 0.69584453, -0.7179879, -0.053003937;
 -0.070402801, 0.71547103, 0.69508606, 0.22950342;
 0, 0, 0, 1]
Twc:
[0.99737138, -0.017141234, -0.070402801, -0.11732666;
 0.062462989, 0.69584453, 0.71547103, -0.13562346;
 0.03672535, -0.7179879, 0.69508606, -0.20246254;
 0, 0, 0, 1]
Ow:
[0.1329252;
 -0.053003937;
 0.22950342]
Keyframe: 31 Frame: 405 Frame from vFrameID : 406
Tcw:
[0.99759912, 0.069251321, -0.00048414129, 0.14369544;
 -0.047979727, 0.68609643, -0.72592676, -0.053193845;
 -0.049939219, 0.7242071, 0.68777186, 0.2347641;
 0, 0, 0, 1]
Twc:
[0.99759912, -0.047979727, -0.049939219, -0.13417874;
 0.069251321, 0.68609643, 0.7242071, -0.14347282;
 -0.00048414129, -0.72592676, 0.68777186, -0.20000941;
 0, 0, 0, 1]
Ow:
[0.14369544;
 -0.053193845;
 0.2347641]
Keyframe: 32 Frame: 414 Frame from vFrameID : 415
Tcw:
[0.99755561, 0.062918924, 0.030397547, 0.14636454;
 -0.023753647, 0.71444631, -0.699287, -0.052455693;
 -0.065715797, 0.6968556, 0.71419448, 0.24016228;
 0, 0, 0, 1]
Twc:
[0.99755561, -0.023753647, -0.065715797, -0.13147032;
 0.062918924, 0.71444631, 0.6968556, -0.13909075;
 0.030397547, -0.699287, 0.71419448, -0.21265326;
 0, 0, 0, 1]
Ow:
[0.14636454;
 -0.052455693;
 0.24016228]
Keyframe: 33 Frame: 421 Frame from vFrameID : 422
Tcw:
[0.99787641, 0.058683384, 0.02826483, 0.14823663;
 -0.020118713, 0.69040745, -0.72314095, -0.052829586;
 -0.061950605, 0.72103661, 0.69012195, 0.2498208;
 0, 0, 0, 1]
Twc:
[0.99787641, -0.020118713, -0.061950605, -0.13350816;
 0.058683384, 0.69040745, 0.72103661, -0.15235503;
 0.02826483, -0.72314095, 0.69012195, -0.21479994;
 0, 0, 0, 1]
Ow:
[0.14823663;
 -0.052829586;
 0.2498208]
Keyframe: 34 Frame: 429 Frame from vFrameID : 430
Tcw:
[0.99673849, 0.070905365, 0.038533084, 0.15341237;
 -0.021676019, 0.69517714, -0.71851158, -0.051394612;
 -0.077733643, 0.71533293, 0.69444674, 0.25240952;
 0, 0, 0, 1]
Twc:
[0.99673849, -0.021676019, -0.077733643, -0.13440534;
 0.070905365, 0.69517714, 0.71533293, -0.15570624;
 0.038533084, -0.71851158, 0.69444674, -0.21812406;
 0, 0, 0, 1]
Ow:
[0.15341237;
 -0.051394612;
 0.25240952]
Keyframe: 35 Frame: 437 Frame from vFrameID : 438
Tcw:
[0.99764448, 0.066748813, 0.015815074, 0.1562019;
 -0.035018619, 0.69382238, -0.71929419, -0.052785881;
 -0.058984887, 0.71704608, 0.69452554, 0.25886491;
 0, 0, 0, 1]
Twc:
[0.99764448, -0.035018619, -0.058984887, -0.14241333;
 0.066748813, 0.69382238, 0.71704608, -0.15942033;
 0.015815074, -0.71929419, 0.69452554, -0.22022721;
 0, 0, 0, 1]
Ow:
[0.1562019;
 -0.052785881;
 0.25886491]
Keyframe: 36 Frame: 445 Frame from vFrameID : 446
Tcw:
[0.99671876, 0.060006984, 0.054322269, 0.15762335;
 -0.0053764698, 0.71871769, -0.69528121, -0.051312871;
 -0.080764107, 0.69270772, 0.71668202, 0.25946566;
 0, 0, 0, 1]
Twc:
[0.99671876, -0.0053764698, -0.080764107, -0.13642652;
 0.060006984, 0.71871769, 0.69270772, -0.15231292;
 0.054322269, -0.69528121, 0.71668202, -0.23019372;
 0, 0, 0, 1]
Ow:
[0.15762335;
 -0.051312871;
 0.25946566]
Keyframe: 37 Frame: 454 Frame from vFrameID : 455
Tcw:
[0.99270874, 0.073643364, 0.095425293, 0.1615269;
 0.014395553, 0.71356434, -0.70044184, -0.055348918;
 -0.11967497, 0.69670844, 0.70730138, 0.27119613;
 0, 0, 0, 1]
Twc:
[0.99270874, 0.014395553, -0.11967497, -0.12709701;
 0.073643364, 0.71356434, 0.69670844, -0.16134499;
 0.095425293, -0.70044184, 0.70730138, -0.24599984;
 0, 0, 0, 1]
Ow:
[0.1615269;
 -0.055348918;
 0.27119613]
Keyframe: 38 Frame: 462 Frame from vFrameID : 463
Tcw:
[0.99268192, 0.06684041, 0.10057338, 0.16562141;
 0.02168937, 0.72061568, -0.69299543, -0.054903559;
 -0.11879486, 0.69010538, 0.7138924, 0.27513999;
 0, 0, 0, 1]
Twc:
[0.99268192, 0.02168937, -0.11879486, -0.13053334;
 0.06684041, 0.72061568, 0.69010538, -0.16138142;
 0.10057338, -0.69299543, 0.7138924, -0.25112537;
 0, 0, 0, 1]
Ow:
[0.16562141;
 -0.054903559;
 0.27513999]
Keyframe: 39 Frame: 470 Frame from vFrameID : 471
Tcw:
[0.99365401, 0.064577363, 0.092094764, 0.1710071;
 0.018105173, 0.71626455, -0.69759393, -0.053145617;
 -0.111013, 0.69483441, 0.71054995, 0.27990699;
 0, 0, 0, 1]
Twc:
[0.99365401, 0.018105173, -0.111013, -0.13788638;
 0.064577363, 0.71626455, 0.69483441, -0.16746588;
 0.092094764, -0.69759393, 0.71054995, -0.25171083;
 0, 0, 0, 1]
Ow:
[0.1710071;
 -0.053145617;
 0.27990699]
Keyframe: 40 Frame: 479 Frame from vFrameID : 480
Tcw:
[0.99247116, 0.082321085, 0.090687849, 0.17296176;
 0.0016160891, 0.73157108, -0.68176329, -0.056785077;
 -0.1224681, 0.67677695, 0.72593009, 0.28294852;
 0, 0, 0, 1]
Twc:
[0.99247116, 0.0016160891, -0.1224681, -0.13691561;
 0.082321085, 0.73157108, 0.67677695, -0.16418912;
 0.090687849, -0.68176329, 0.72593009, -0.25980037;
 0, 0, 0, 1]
Ow:
[0.17296176;
 -0.056785077;
 0.28294852]
Keyframe: 41 Frame: 487 Frame from vFrameID : 488
Tcw:
[0.99333781, 0.079802699, 0.08313524, 0.17603023;
 -0.0064820927, 0.75896913, -0.65109432, -0.05863823;
 -0.11505616, 0.6462177, 0.75443006, 0.2863529;
 0, 0, 0, 1]
Twc:
[0.99333781, -0.0064820927, -0.11505616, -0.14229092;
 0.079802699, 0.75896913, 0.6462177, -0.15458941;
 0.08313524, -0.65109432, 0.75443006, -0.26884657;
 0, 0, 0, 1]
Ow:
[0.17603023;
 -0.05863823;
 0.2863529]
Keyframe: 42 Frame: 495 Frame from vFrameID : 496
Tcw:
[0.99647212, 0.063691795, 0.054650165, 0.17680247;
 -0.0099734189, 0.73644018, -0.67642915, -0.056532189;
 -0.083329566, 0.67349774, 0.73447734, 0.29403591;
 0, 0, 0, 1]
Twc:
[0.99647212, -0.0099734189, -0.083329566, -0.15224066;
 0.063691795, 0.73644018, 0.67349774, -0.16766082;
 0.054650165, -0.67642915, 0.73447734, -0.26386502;
 0, 0, 0, 1]
Ow:
[0.17680247;
 -0.056532189;
 0.29403591]
Keyframe: 43 Frame: 504 Frame from vFrameID : 505
Tcw:
[0.99590486, 0.044469737, 0.078714162, 0.18216495;
 0.01916156, 0.74705523, -0.66448575, -0.05707027;
 -0.088353336, 0.66327286, 0.74314386, 0.30025607;
 0, 0, 0, 1]
Twc:
[0.99590486, 0.01916156, -0.088353336, -0.15379679;
 0.044469737, 0.74705523, 0.66327286, -0.1646179;
 0.078714162, -0.66448575, 0.74314386, -0.2753948;
 0, 0, 0, 1]
Ow:
[0.18216495;
 -0.05707027;
 0.30025607]
Keyframe: 44 Frame: 512 Frame from vFrameID : 513
Tcw:
[0.99813843, 0.020555979, 0.057420298, 0.19005536;
 0.023462206, 0.7396158, -0.67262024, -0.047107443;
 -0.056295328, 0.67271531, 0.73775667, 0.30054834;
 0, 0, 0, 1]
Twc:
[0.99813843, 0.023462206, -0.056295328, -0.17167684;
 0.020555979, 0.7396158, 0.67271531, -0.17124885;
 0.057420298, -0.67262024, 0.73775667, -0.26433;
 0, 0, 0, 1]
Ow:
[0.19005536;
 -0.047107443;
 0.30054834]
Keyframe: 45 Frame: 520 Frame from vFrameID : 521
Tcw:
[0.99942207, 0.016452493, 0.029746177, 0.19076698;
 0.0080140661, 0.73636329, -0.67653894, -0.047811493;
 -0.033034746, 0.6763863, 0.73580587, 0.30925182;
 0, 0, 0, 1]
Twc:
[0.99942207, 0.0080140661, -0.033034746, -0.1800575;
 0.016452493, 0.73636329, 0.6763863, -0.17710567;
 0.029746177, -0.67653894, 0.73580587, -0.26557022;
 0, 0, 0, 1]
Ow:
[0.19076698;
 -0.047811493;
 0.30925182]
Keyframe: 46 Frame: 528 Frame from vFrameID : 529
Tcw:
[0.99992007, -0.012017733, 0.0039297398, 0.1949088;
 0.011361817, 0.71765751, -0.69630349, -0.042289734;
 0.0055477824, 0.69629252, 0.71773672, 0.31557995;
 0, 0, 0, 1]
Twc:
[0.99992007, 0.011361817, 0.0055477824, -0.19616349;
 -0.012017733, 0.71765751, 0.69629252, -0.18704404;
 0.0039297398, -0.69630349, 0.71773672, -0.25671574;
 0, 0, 0, 1]
Ow:
[0.1949088;
 -0.042289734;
 0.31557995]
Keyframe: 47 Frame: 535 Frame from vFrameID : 536
Tcw:
[0.99991357, -0.0090744318, 0.0095139276, 0.19629879;
 0.013128256, 0.72838598, -0.68504125, -0.041956007;
 -0.00071345113, 0.68510693, 0.72844219, 0.31652543;
 0, 0, 0, 1]
Twc:
[0.99991357, 0.013128256, -0.00071345113, -0.19550519;
 -0.0090744318, 0.72838598, 0.68510693, -0.18451232;
 0.0095139276, -0.68504125, 0.72844219, -0.26117963;
 0, 0, 0, 1]
Ow:
[0.19629879;
 -0.041956007;
 0.31652543]
Keyframe: 48 Frame: 543 Frame from vFrameID : 544
Tcw:
[0.99944675, -0.026178738, -0.020515705, 0.20181596;
 0.0051861969, 0.73194879, -0.68133992, -0.039271489;
 0.032853063, 0.68085653, 0.73167962, 0.32478398;
 0, 0, 0, 1]
Twc:
[0.99944675, 0.0051861969, 0.032853063, -0.21217078;
 -0.026178738, 0.73194879, 0.68085653, -0.18710329;
 -0.020515705, -0.68133992, 0.73167962, -0.26025465;
 0, 0, 0, 1]
Ow:
[0.20181596;
 -0.039271489;
 0.32478398]
Keyframe: 49 Frame: 552 Frame from vFrameID : 553
Tcw:
[0.99607718, -0.081420042, -0.034655858, 0.20987849;
 0.032319352, 0.69932765, -0.71407026, -0.032814473;
 0.08237543, 0.71014899, 0.69921577, 0.32945687;
 0, 0, 0, 1]
Twc:
[0.99607718, 0.032319352, 0.08237543, -0.23513378;
 -0.081420042, 0.69932765, 0.71014899, -0.19392709;
 -0.034655858, -0.71407026, 0.69921577, -0.24651974;
 0, 0, 0, 1]
Ow:
[0.20987849;
 -0.032814473;
 0.32945687]
Keyframe: 50 Frame: 560 Frame from vFrameID : 561
Tcw:
[0.9996112, -0.0034680525, 0.027667241, 0.20435756;
 0.021717276, 0.71917152, -0.69449306, -0.042624071;
 -0.017488955, 0.69482392, 0.71896726, 0.33594829;
 0, 0, 0, 1]
Twc:
[0.9996112, 0.021717276, -0.017488955, -0.19747704;
 -0.0034680525, 0.71917152, 0.69482392, -0.20206216;
 0.027667241, -0.69449306, 0.71896726, -0.27679193;
 0, 0, 0, 1]
Ow:
[0.20435756;
 -0.042624071;
 0.33594829]
Keyframe: 51 Frame: 567 Frame from vFrameID : 568
Tcw:
[0.99855673, 0.015645634, 0.051377114, 0.20171654;
 0.024176568, 0.72326726, -0.6901449, -0.047170892;
 -0.047957137, 0.69039094, 0.72184515, 0.34085074;
 0, 0, 0, 1]
Twc:
[0.99855673, 0.024176568, -0.047957137, -0.18393877;
 0.015645634, 0.72326726, 0.69039094, -0.2043591;
 0.051377114, -0.6901449, 0.72184515, -0.28895983;
 0, 0, 0, 1]
Ow:
[0.20171654;
 -0.047170892;
 0.34085074]
Keyframe: 52 Frame: 575 Frame from vFrameID : 576
Tcw:
[0.99754059, 0.020295853, 0.067088522, 0.20550463;
 0.031484496, 0.72540957, -0.68759704, -0.048553258;
 -0.062622026, 0.6880182, 0.72298646, 0.34646839;
 0, 0, 0, 1]
Twc:
[0.99754059, 0.031484496, -0.062622026, -0.18177398;
 0.020295853, 0.72540957, 0.6880182, -0.20732646;
 0.067088522, -0.68759704, 0.72298646, -0.29766405;
 0, 0, 0, 1]
Ow:
[0.20550463;
 -0.048553258;
 0.34646839]
Keyframe: 53 Frame: 584 Frame from vFrameID : 585
Tcw:
[0.99964476, 0.016926395, 0.020586684, 0.20794512;
 0.0010429116, 0.74699867, -0.66482466, -0.047202066;
 -0.026631311, 0.66460997, 0.74671566, 0.35015494;
 0, 0, 0, 1]
Twc:
[0.99964476, 0.0010429116, -0.026631311, -0.19849695;
 0.016926395, 0.74699867, 0.66460997, -0.20097634;
 0.020586684, -0.66482466, 0.74671566, -0.2971282;
 0, 0, 0, 1]
Ow:
[0.20794512;
 -0.047202066;
 0.35015494]
Keyframe: 54 Frame: 593 Frame from vFrameID : 594
Tcw:
[0.99919534, -0.016079249, 0.036744874, 0.20870149;
 0.036607847, 0.7399376, -0.67167866, -0.044136286;
 -0.016388826, 0.67248333, 0.73993081, 0.35753098;
 0, 0, 0, 1]
Twc:
[0.99919534, 0.036607847, -0.016388826, -0.2010583;
 -0.016079249, 0.7399376, 0.67248333, -0.20441976;
 0.036744874, -0.67167866, 0.73993081, -0.3018623;
 0, 0, 0, 1]
Ow:
[0.20870149;
 -0.044136286;
 0.35753098]
Keyframe: 55 Frame: 601 Frame from vFrameID : 602
Tcw:
[0.99699003, 0.0063418415, 0.077269763, 0.20763445;
 0.047064807, 0.7424888, -0.66820306, -0.044766471;
 -0.06160957, 0.66982847, 0.73995543, 0.36156982;
 0, 0, 0, 1]
Twc:
[0.99699003, 0.047064807, -0.06160957, -0.1826264;
 0.0063418415, 0.7424888, 0.66982847, -0.21026796;
 0.077269763, -0.66820306, 0.73995543, -0.31350255;
 0, 0, 0, 1]
Ow:
[0.20763445;
 -0.044766471;
 0.36156982]
Keyframe: 56 Frame: 609 Frame from vFrameID : 610
Tcw:
[0.99730951, -0.014468934, 0.07186342, 0.21202661;
 0.060296755, 0.71943384, -0.69193876, -0.045730025;
 -0.041689362, 0.69441026, 0.71837068, 0.36951786;
 0, 0, 0, 1]
Twc:
[0.99730951, 0.060296755, -0.041689362, -0.19329382;
 -0.014468934, 0.71943384, 0.69441026, -0.22062945;
 0.07186342, -0.69193876, 0.71837068, -0.31233013;
 0, 0, 0, 1]
Ow:
[0.21202661;
 -0.045730025;
 0.36951786]
Keyframe: 57 Frame: 618 Frame from vFrameID : 619
Tcw:
[0.99794835, -0.01424245, 0.062419999, 0.21436912;
 0.05411496, 0.70865643, -0.70347536, -0.048050657;
 -0.034215122, 0.70540994, 0.70797324, 0.37365139;
 0, 0, 0, 1]
Twc:
[0.99794835, 0.05411496, -0.034215122, -0.19854452;
 -0.01424245, 0.70865643, 0.70540994, -0.22647287;
 0.062419999, -0.70347536, 0.70797324, -0.31171858;
 0, 0, 0, 1]
Ow:
[0.21436912;
 -0.048050657;
 0.37365139]
Keyframe: 58 Frame: 627 Frame from vFrameID : 628
Tcw:
[0.99592042, 0.0018130563, 0.09021765, 0.21272646;
 0.062435493, 0.70798832, -0.70345885, -0.050106972;
 -0.065148458, 0.70622176, 0.70498687, 0.37943196;
 0, 0, 0, 1]
Twc:
[0.99592042, 0.062435493, -0.065148458, -0.18401077;
 0.0018130563, 0.70798832, 0.70622176, -0.23287366;
 0.09021765, -0.70345885, 0.70498687, -0.3219344;
 0, 0, 0, 1]
Ow:
[0.21272646;
 -0.050106972;
 0.37943196]
Keyframe: 59 Frame: 636 Frame from vFrameID : 637
Tcw:
[0.99302197, 0.04212239, 0.11015039, 0.21483713;
 0.05095695, 0.68907809, -0.72289336, -0.050585538;
 -0.10635222, 0.72346193, 0.68212324, 0.38579366;
 0, 0, 0, 1]
Twc:
[0.99302197, 0.05095695, -0.10635222, -0.16973031;
 0.04212239, 0.68907809, 0.72346193, -0.25329906;
 0.11015039, -0.72289336, 0.68212324, -0.32339114;
 0, 0, 0, 1]
Ow:
[0.21483713;
 -0.050585538;
 0.38579366]
Keyframe: 60 Frame: 644 Frame from vFrameID : 645
Tcw:
[0.99095643, 0.045121461, 0.12636994, 0.20740086;
 0.057531882, 0.70794082, -0.7039246, -0.050907791;
 -0.12122455, 0.70482898, 0.6989426, 0.39099309;
 0, 0, 0, 1]
Twc:
[0.99095643, 0.057531882, -0.12122455, -0.15519845;
 0.045121461, 0.70794082, 0.70482898, -0.24890177;
 0.12636994, -0.7039246, 0.6989426, -0.33532622;
 0, 0, 0, 1]
Ow:
[0.20740086;
 -0.050907791;
 0.39099309]
Keyframe: 61 Frame: 652 Frame from vFrameID : 653
Tcw:
[0.99885803, 0.010879782, 0.046521056, 0.21989;
 0.026083995, 0.69161224, -0.72179782, -0.050638422;
 -0.040027536, 0.72218704, 0.6905387, 0.39026871;
 0, 0, 0, 1]
Twc:
[0.99885803, 0.026083995, -0.040027536, -0.20269656;
 0.010879782, 0.69161224, 0.72218704, -0.2492172;
 0.046521056, -0.72179782, 0.6905387, -0.31627586;
 0, 0, 0, 1]
Ow:
[0.21989;
 -0.050638422;
 0.39026871]
Keyframe: 62 Frame: 660 Frame from vFrameID : 661
Tcw:
[0.99937236, 0.015600096, 0.031803824, 0.21964192;
 0.011297263, 0.71056992, -0.70353585, -0.049116358;
 -0.033574071, 0.7034536, 0.70994771, 0.39746368;
 0, 0, 0, 1]
Twc:
[0.99937236, 0.011297263, -0.033574071, -0.20560473;
 0.015600096, 0.71056992, 0.7034536, -0.24812311;
 0.031803824, -0.70353585, 0.70994771, -0.32371902;
 0, 0, 0, 1]
Ow:
[0.21964192;
 -0.049116358;
 0.39746368]
Keyframe: 63 Frame: 668 Frame from vFrameID : 669
Tcw:
[0.99927527, 0.0057200021, 0.037632246, 0.22511958;
 0.022584755, 0.70672387, -0.70712888, -0.049782023;
 -0.030640386, 0.70746636, 0.70608252, 0.40171862;
 0, 0, 0, 1]
Twc:
[0.99927527, 0.022584755, -0.030640386, -0.21152331;
 0.0057200021, 0.70672387, 0.70746636, -0.25030795;
 0.037632246, -0.70712888, 0.70608252, -0.32732058;
 0, 0, 0, 1]
Ow:
[0.22511958;
 -0.049782023;
 0.40171862]
Keyframe: 64 Frame: 677 Frame from vFrameID : 678
Tcw:
[0.99983752, 0.0095016062, 0.015316742, 0.21807827;
 0.0040321392, 0.71033162, -0.70385563, -0.044324547;
 -0.017567724, 0.70380306, 0.7101779, 0.40513057;
 0, 0, 0, 1]
Twc:
[0.99983752, 0.0040321392, -0.017567724, -0.21074691;
 0.0095016062, 0.71033162, 0.70380306, -0.2557191;
 0.015316742, -0.70385563, 0.7101779, -0.32225311;
 0, 0, 0, 1]
Ow:
[0.21807827;
 -0.044324547;
 0.40513057]
Keyframe: 65 Frame: 686 Frame from vFrameID : 687
Tcw:
[0.9989323, -0.010482506, -0.044992976, 0.21647811;
 -0.022923475, 0.73309237, -0.67974269, -0.044399366;
 0.040109415, 0.68004829, 0.73206937, 0.40819615;
 0, 0, 0, 1]
Twc:
[0.9989323, -0.022923475, 0.040109415, -0.23363729;
 -0.010482506, 0.73309237, 0.68004829, -0.24277505;
 -0.044992976, -0.67974269, 0.73206937, -0.31926805;
 0, 0, 0, 1]
Ow:
[0.21647811;
 -0.044399366;
 0.40819615]
Keyframe: 66 Frame: 695 Frame from vFrameID : 696
Tcw:
[0.99856246, -0.046742931, -0.026232075, 0.2182622;
 0.016640669, 0.73556429, -0.6772505, -0.042011991;
 0.050952051, 0.67584038, 0.73528475, 0.40878206;
 0, 0, 0, 1]
Twc:
[0.99856246, 0.016640669, 0.050952051, -0.23807761;
 -0.046742931, 0.73556429, 0.67584038, -0.23516671;
 -0.026232075, -0.6772505, 0.73528475, -0.32329839;
 0, 0, 0, 1]
Ow:
[0.2182622;
 -0.042011991;
 0.40878206]
Keyframe: 67 Frame: 703 Frame from vFrameID : 704
Tcw:
[0.99906158, -0.043151852, 0.0037176379, 0.2169309;
 0.033435304, 0.71383709, -0.6995132, -0.039221585;
 0.027531503, 0.69898111, 0.71460998, 0.40817797;
 0, 0, 0, 1]
Twc:
[0.99906158, 0.033435304, 0.027531503, -0.22665371;
 -0.043151852, 0.71383709, 0.69898111, -0.24794987;
 0.0037176379, -0.6995132, 0.71460998, -0.31993055;
 0, 0, 0, 1]
Ow:
[0.2169309;
 -0.039221585;
 0.40817797]
Keyframe: 68 Frame: 711 Frame from vFrameID : 712
Tcw:
[0.99848741, -0.051121809, -0.020235701, 0.22089902;
 0.023872657, 0.73465335, -0.6780225, -0.041172192;
 0.049527962, 0.67651385, 0.73476255, 0.4132601;
 0, 0, 0, 1]
Twc:
[0.99848741, 0.023872657, 0.049527962, -0.24004993;
 -0.051121809, 0.73465335, 0.67651385, -0.23803613;
 -0.020235701, -0.6780225, 0.73476255, -0.32709366;
 0, 0, 0, 1]
Ow:
[0.22089902;
 -0.041172192;
 0.4132601]
Keyframe: 69 Frame: 720 Frame from vFrameID : 721
Tcw:
[0.9993546, -0.0065737194, -0.035315577, 0.2156111;
 -0.018225325, 0.75439918, -0.65616286, -0.040297747;
 0.030955473, 0.65638304, 0.75379246, 0.41635567;
 0, 0, 0, 1]
Twc:
[0.9993546, -0.018225325, 0.030955473, -0.22909488;
 -0.0065737194, 0.75439918, 0.65638304, -0.24147083;
 -0.035315577, -0.65616286, 0.75379246, -0.33267322;
 0, 0, 0, 1]
Ow:
[0.2156111;
 -0.040297747;
 0.41635567]
Keyframe: 70 Frame: 727 Frame from vFrameID : 728
Tcw:
[0.9986999, -0.041127447, -0.030117158, 0.21405011;
 0.010585949, 0.74526471, -0.66668469, -0.03473717;
 0.049864296, 0.66549915, 0.74473113, 0.41591555;
 0, 0, 0, 1]
Twc:
[0.9986999, 0.010585949, 0.049864296, -0.23414344;
 -0.041127447, 0.74526471, 0.66549915, -0.24209969;
 -0.030117158, -0.66668469, 0.74473113, -0.32645741;
 0, 0, 0, 1]
Ow:
[0.21405011;
 -0.03473717;
 0.41591555]
Keyframe: 71 Frame: 737 Frame from vFrameID : 738
Tcw:
[0.99480087, -0.047123089, 0.090280846, 0.20562822;
 0.096249491, 0.72470987, -0.68229878, -0.026833132;
 -0.033275392, 0.68744093, 0.72547758, 0.41554207;
 0, 0, 0, 1]
Twc:
[0.99480087, 0.096249491, -0.033275392, -0.18814912;
 -0.047123089, 0.72470987, 0.68744093, -0.25652453;
 0.090280846, -0.68229878, 0.72547758, -0.33833894;
 0, 0, 0, 1]
Ow:
[0.20562822;
 -0.026833132;
 0.41554207]
Keyframe: 72 Frame: 747 Frame from vFrameID : 748
Tcw:
[0.99584115, -0.029827356, 0.086085886, 0.20719348;
 0.079401895, 0.74746811, -0.65953523, -0.026856318;
 -0.044674266, 0.66362768, 0.74672788, 0.41699493;
 0, 0, 0, 1]
Twc:
[0.99584115, 0.079401895, -0.044674266, -0.1855704;
 -0.029827356, 0.74746811, 0.66362768, -0.25047511;
 0.086085886, -0.65953523, 0.74672788, -0.34693083;
 0, 0, 0, 1]
Ow:
[0.20719348;
 -0.026856318;
 0.41699493]
Keyframe: 73 Frame: 756 Frame from vFrameID : 757
Tcw:
[0.99638051, -0.07053715, 0.047438476, 0.2083924;
 0.084290721, 0.7476362, -0.65873754, -0.025984228;
 0.010998747, 0.66035187, 0.75087577, 0.41766933;
 0, 0, 0, 1]
Twc:
[0.99638051, 0.084290721, 0.010998747, -0.21004173;
 -0.07053715, 0.7476362, 0.66035187, -0.24168257;
 0.047438476, -0.65873754, 0.75087577, -0.3406204;
 0, 0, 0, 1]
Ow:
[0.2083924;
 -0.025984228;
 0.41766933]
Keyframe: 74 Frame: 763 Frame from vFrameID : 764
Tcw:
[0.99776495, -0.056540161, 0.035613518, 0.20917889;
 0.06602098, 0.7518819, -0.65598387, -0.02626659;
 0.010312273, 0.65686893, 0.7539342, 0.41901985;
 0, 0, 0, 1]
Twc:
[0.99776495, 0.06602098, 0.010312273, -0.21129826;
 -0.056540161, 0.7518819, 0.65686893, -0.24366477;
 0.035613518, -0.65598387, 0.7539342, -0.34059349;
 0, 0, 0, 1]
Ow:
[0.20917889;
 -0.02626659;
 0.41901985]
Keyframe: 75 Frame: 771 Frame from vFrameID : 772
Tcw:
[0.99594295, -0.073973343, 0.051239908, 0.2097861;
 0.089122385, 0.7321254, -0.67531449, -0.025385544;
 0.012441233, 0.67714131, 0.73574781, 0.42057067;
 0, 0, 0, 1]
Twc:
[0.99594295, 0.089122385, 0.012441233, -0.21190499;
 -0.073973343, 0.7321254, 0.67714131, -0.25068182;
 0.051239908, -0.67531449, 0.73574781, -0.33732662;
 0, 0, 0, 1]
Ow:
[0.2097861;
 -0.025385544;
 0.42057067]
Keyframe: 76 Frame: 778 Frame from vFrameID : 779
Tcw:
[0.99413061, -0.063888162, 0.087307401, 0.2094859;
 0.10597508, 0.73740149, -0.66708946, -0.025286585;
 -0.02176149, 0.67242646, 0.73984396, 0.42139834;
 0, 0, 0, 1]
Twc:
[0.99413061, 0.10597508, -0.02176149, -0.19640635;
 -0.063888162, 0.73740149, 0.67242646, -0.25132936;
 0.087307401, -0.66708946, 0.73984396, -0.34692711;
 0, 0, 0, 1]
Ow:
[0.2094859;
 -0.025286585;
 0.42139834]
Keyframe: 77 Frame: 787 Frame from vFrameID : 788
Tcw:
[0.99621439, -0.061928559, 0.061005812, 0.21073341;
 0.086785026, 0.74905002, -0.65680474, -0.024616838;
 -0.0050214324, 0.65961272, 0.75158888, 0.42286569;
 0, 0, 0, 1]
Twc:
[0.99621439, 0.086785026, -0.0050214324, -0.20567591;
 -0.061928559, 0.74905002, 0.65961272, -0.24743792;
 0.061005812, -0.65680474, 0.75158888, -0.34684557;
 0, 0, 0, 1]
Ow:
[0.21073341;
 -0.024616838;
 0.42286569]
Keyframe: 78 Frame: 795 Frame from vFrameID : 796
Tcw:
[0.99567205, -0.072679326, 0.057921261, 0.21168524;
 0.092699461, 0.73219866, -0.67475325, -0.024349242;
 0.0066307411, 0.67720222, 0.73576707, 0.423814;
 0, 0, 0, 1]
Twc:
[0.99567205, 0.092699461, 0.0066307411, -0.21132213;
 -0.072679326, 0.73219866, 0.67720222, -0.25379416;
 0.057921261, -0.67475325, 0.73576707, -0.34051919;
 0, 0, 0, 1]
Ow:
[0.21168524;
 -0.024349242;
 0.423814]
Keyframe: 79 Frame: 805 Frame from vFrameID : 806
Tcw:
[0.99415219, -0.070030183, 0.082202449, 0.21214956;
 0.10722804, 0.73033327, -0.67462248, -0.024176031;
 -0.012791252, 0.67949176, 0.73357159, 0.42622337;
 0, 0, 0, 1]
Twc:
[0.99415219, 0.10722804, -0.012791252, -0.20286466;
 -0.070030183, 0.73033327, 0.67949176, -0.25710186;
 0.082202449, -0.67462248, 0.73357159, -0.34641427;
 0, 0, 0, 1]
Ow:
[0.21214956;
 -0.024176031;
 0.42622337]
Keyframe: 80 Frame: 813 Frame from vFrameID : 814
Tcw:
[0.99166602, -0.021627385, 0.12700701, 0.21048206;
 0.10243938, 0.73021036, -0.67549908, -0.019455209;
 -0.078132555, 0.68287998, 0.72634029, 0.42465723;
 0, 0, 0, 1]
Twc:
[0.99166602, 0.10243938, -0.078132555, -0.17355537;
 -0.021627385, 0.73021036, 0.68287998, -0.27123135;
 0.12700701, -0.67549908, 0.72634029, -0.34832031;
 0, 0, 0, 1]
Ow:
[0.21048206;
 -0.019455209;
 0.42465723]
Keyframe: 81 Frame: 821 Frame from vFrameID : 822
Tcw:
[0.99025309, -0.02536208, 0.13695103, 0.21312414;
 0.10986193, 0.74662429, -0.65611172, -0.020291641;
 -0.085610606, 0.66476232, 0.74213332, 0.42583022;
 0, 0, 0, 1]
Twc:
[0.99025309, 0.10986193, -0.085610606, -0.17236198;
 -0.02536208, 0.74662429, 0.66476232, -0.26252037;
 0.13695103, -0.65611172, 0.74213332, -0.35852394;
 0, 0, 0, 1]
Ow:
[0.21312414;
 -0.020291641;
 0.42583022]
Keyframe: 82 Frame: 830 Frame from vFrameID : 831
Tcw:
[0.99500948, -0.028030029, 0.095762357, 0.21417786;
 0.085165605, 0.73863566, -0.66870338, -0.020171538;
 -0.051989716, 0.67352182, 0.7373367, 0.42692122;
 0, 0, 0, 1]
Twc:
[0.99500948, 0.085165605, -0.051989716, -0.18919557;
 -0.028030029, 0.73863566, 0.67352182, -0.26663795;
 0.095762357, -0.66870338, 0.7373367, -0.34878364;
 0, 0, 0, 1]
Ow:
[0.21417786;
 -0.020171538;
 0.42692122]
Keyframe: 83 Frame: 838 Frame from vFrameID : 839
Tcw:
[0.9896915, -0.022794791, 0.14139022, 0.21350934;
 0.11261401, 0.73380345, -0.66996312, -0.017551348;
 -0.088480957, 0.67897928, 0.72880602, 0.42787409;
 0, 0, 0, 1]
Twc:
[0.9896915, 0.11261401, -0.088480957, -0.17147313;
 -0.022794791, 0.73380345, 0.67897928, -0.27277151;
 0.14139022, -0.66996312, 0.72880602, -0.35378408;
 0, 0, 0, 1]
Ow:
[0.21350934;
 -0.017551348;
 0.42787409]
Keyframe: 84 Frame: 846 Frame from vFrameID : 847
Tcw:
[0.9822709, -0.018526249, 0.18654925, 0.21440023;
 0.14100613, 0.72876292, -0.67009097, -0.018194273;
 -0.1235359, 0.68451548, 0.7184549, 0.42941517;
 0, 0, 0, 1]
Twc:
[0.9822709, 0.14100613, -0.1235359, -0.15498544;
 -0.018526249, 0.72876292, 0.68451548, -0.27670997;
 0.18654925, -0.67009097, 0.7184549, -0.36070347;
 0, 0, 0, 1]
Ow:
[0.21440023;
 -0.018194273;
 0.42941517]
Keyframe: 85 Frame: 854 Frame from vFrameID : 855
Tcw:
[0.96732593, 0.0040667104, 0.25350353, 0.21457407;
 0.16278297, 0.75660187, -0.63328928, -0.016933545;
 -0.19437665, 0.65386319, 0.73121864, 0.42927089;
 0, 0, 0, 1]
Twc:
[0.96732593, 0.16278297, -0.19437665, -0.12136633;
 0.0040667104, 0.75660187, 0.65386319, -0.26874506;
 0.25350353, -0.63328928, 0.73121864, -0.37900996;
 0, 0, 0, 1]
Ow:
[0.21457407;
 -0.016933545;
 0.42927089]
Keyframe: 86 Frame: 861 Frame from vFrameID : 862
Tcw:
[0.97593361, -0.0072949217, 0.21794575, 0.21480551;
 0.15272398, 0.73626393, -0.65923506, -0.016598254;
 -0.15565653, 0.67665517, 0.71965879, 0.43143934;
 0, 0, 0, 1]
Twc:
[0.97593361, 0.15272398, -0.15565653, -0.13994461;
 -0.0072949217, 0.73626393, 0.67665517, -0.278148;
 0.21794575, -0.65923506, 0.71965879, -0.36824724;
 0, 0, 0, 1]
Ow:
[0.21480551;
 -0.016598254;
 0.43143934]
Keyframe: 87 Frame: 869 Frame from vFrameID : 870
Tcw:
[0.98661983, -0.036154062, 0.15897857, 0.21609156;
 0.13653888, 0.71610636, -0.68450624, -0.0170151;
 -0.08909788, 0.69705421, 0.71146119, 0.43183738;
 0, 0, 0, 1]
Twc:
[0.98661983, 0.13653888, -0.08909788, -0.17240119;
 -0.036154062, 0.71610636, 0.69705421, -0.28101686;
 0.15897857, -0.68450624, 0.71146119, -0.35323641;
 0, 0, 0, 1]
Ow:
[0.21609156;
 -0.0170151;
 0.43183738]
Keyframe: 88 Frame: 877 Frame from vFrameID : 878
Tcw:
[0.98317295, -0.037503727, 0.17878582, 0.21682906;
 0.15101461, 0.71755463, -0.67993373, -0.015273765;
 -0.10278855, 0.69549173, 0.71114397, 0.43327445;
 0, 0, 0, 1]
Twc:
[0.98317295, 0.15101461, -0.10278855, -0.16633826;
 -0.037503727, 0.71755463, 0.69549173, -0.28224716;
 0.17878582, -0.67993373, 0.71114397, -0.35727161;
 0, 0, 0, 1]
Ow:
[0.21682906;
 -0.015273765;
 0.43327445]
Keyframe: 89 Frame: 885 Frame from vFrameID : 886
Tcw:
[0.97447169, -0.058068085, 0.21687104, 0.2182046;
 0.18848446, 0.73641491, -0.64974356, -0.014018193;
 -0.12197771, 0.67403352, 0.72856045, 0.43240732;
 0, 0, 0, 1]
Twc:
[0.97447169, 0.18848446, -0.12197771, -0.15724793;
 -0.058068085, 0.73641491, 0.67403352, -0.26846308;
 0.21687104, -0.64974356, 0.72856045, -0.37146533;
 0, 0, 0, 1]
Ow:
[0.2182046;
 -0.014018193;
 0.43240732]
Keyframe: 90 Frame: 894 Frame from vFrameID : 895
Tcw:
[0.98355019, -0.032114282, 0.17775731, 0.21850061;
 0.14604364, 0.72049433, -0.67790794, -0.01463744;
 -0.1063026, 0.69271684, 0.71333241, 0.43483785;
