Keyframe: 0 Frame: 0 Frame from vFrameID : 60
Tcw:
[0.99985307, 0.00096037268, -0.017114345, 0.037181206;
 -0.012591871, 0.71859229, -0.69531757, -0.074918844;
 0.011630473, 0.69543093, 0.71849883, 0.016810341;
 0, 0, 0, 1]
Twc:
[0.99985307, -0.012591871, 0.011630473, -0.038314626;
 0.00096037268, 0.71859229, 0.69543093, 0.042109966;
 -0.017114345, -0.69531757, 0.71849883, -0.063534267;
 0, 0, 0, 1]
Ow:
[0.037181206;
 -0.074918844;
 0.016810341]
Keyframe: 1 Frame: 59 Frame from vFrameID : 60
Tcw:
[0.99981213, 0.010428027, -0.016338844, 0.037154958;
 -0.018858528, 0.71810937, -0.69567472, -0.074992076;
 0.0044785626, 0.6958521, 0.71817112, 0.016994117;
 0, 0, 0, 1]
Twc:
[0.99981213, -0.018858528, 0.0044785626, -0.038638327;
 0.010428027, 0.71810937, 0.6958521, 0.041639667;
 -0.016338844, -0.69567472, 0.71817112, -0.063767701;
 0, 0, 0, 1]
Ow:
[0.037154958;
 -0.074992076;
 0.016994117]
Keyframe: 2 Frame: 62 Frame from vFrameID : 63
Tcw:
[0.99954736, 0.024156069, -0.017931467, 0.037219185;
 -0.029847279, 0.72162831, -0.69163698, -0.075101107;
 -0.0037673768, 0.69185913, 0.72202265, 0.016845262;
 0, 0, 0, 1]
Twc:
[0.99954736, -0.029847279, -0.0037673768, -0.039380442;
 0.024156069, 0.72162831, 0.69185913, 0.041641466;
 -0.017931467, -0.69163698, 0.72202265, -0.063437968;
 0, 0, 0, 1]
Ow:
[0.037219185;
 -0.075101107;
 0.016845262]
Keyframe: 3 Frame: 64 Frame from vFrameID : 65
Tcw:
[0.99941009, 0.028604502, -0.019005679, 0.037151571;
 -0.033815648, 0.72304016, -0.68997782, -0.075002506;
 -0.0059946026, 0.6902135, 0.72358096, 0.016998939;
 0, 0, 0, 1]
Twc:
[0.99941009, -0.033815648, -0.0059946026, -0.039564013;
 0.028604502, 0.72304016, 0.6902135, 0.041434225;
 -0.019005679, -0.68997782, 0.72358096, -0.063344084;
 0, 0, 0, 1]
Ow:
[0.037151571;
 -0.075002506;
 0.016998939]
Keyframe: 4 Frame: 65 Frame from vFrameID : 66
Tcw:
[0.99940515, 0.028540269, -0.01936011, 0.037235267;
 -0.034015771, 0.72327298, -0.68972391, -0.074980229;
 -0.0056822612, 0.68997216, 0.72381359, 0.016863633;
 0, 0, 0, 1]
Twc:
[0.99940515, -0.034015771, -0.0056822612, -0.039667804;
 0.028540269, 0.72327298, 0.68997216, 0.041533038;
 -0.01936011, -0.68972391, 0.72381359, -0.063200906;
 0, 0, 0, 1]
Ow:
[0.037235267;
 -0.074980229;
 0.016863633]
Keyframe: 5 Frame: 67 Frame from vFrameID : 68
Tcw:
[0.99958968, 0.022900766, -0.017206363, 0.037696145;
 -0.028461497, 0.72627097, -0.68681908, -0.074770942;
 -0.0032322011, 0.68702698, 0.72662473, 0.016459575;
 0, 0, 0, 1]
Twc:
[0.99958968, -0.028461497, -0.0032322011, -0.039755572;
 0.022900766, 0.72627097, 0.68702698, 0.042132523;
 -0.017206363, -0.68681908, 0.72662473, -0.062665433;
 0, 0, 0, 1]
Ow:
[0.037696145;
 -0.074770942;
 0.016459575]
Keyframe: 6 Frame: 69 Frame from vFrameID : 70
Tcw:
[0.99997175, 0.0036397125, -0.0065774261, 0.037864272;
 -0.007154745, 0.72926712, -0.6841917, -0.074901268;
 0.0023064394, 0.68421942, 0.72927254, 0.016799705;
 0, 0, 0, 1]
Twc:
[0.99997175, -0.007154745, 0.0023064394, -0.038437851;
 0.0036397125, 0.72926712, 0.68421942, 0.042990532;
 -0.0065774261, -0.6841917, 0.72927254, -0.063249342;
 0, 0, 0, 1]
Ow:
[0.037864272;
 -0.074901268;
 0.016799705]
Keyframe: 7 Frame: 71 Frame from vFrameID : 72
Tcw:
[0.9999842, 0.0012196674, -0.0054909787, 0.038075827;
 -0.0046485793, 0.72882605, -0.68468308, -0.074505478;
 0.0031668828, 0.68469781, 0.7288202, 0.016445441;
 0, 0, 0, 1]
Twc:
[0.9999842, -0.0046485793, 0.0031668828, -0.038473651;
 0.0012196674, 0.72882605, 0.68469781, 0.042994939;
 -0.0054909787, -0.68468308, 0.7288202, -0.062789343;
 0, 0, 0, 1]
Ow:
[0.038075827;
 -0.074505478;
 0.016445441]
Keyframe: 8 Frame: 73 Frame from vFrameID : 74
Tcw:
[0.99999666, -0.0016846021, -0.0019597874, 0.03809049;
 -0.00012447654, 0.72606343, -0.68762773, -0.075028032;
 0.0025813091, 0.68762565, 0.72606081, 0.016678803;
 0, 0, 0, 1]
Twc:
[0.99999666, -0.00012447654, 0.0025813091, -0.038142752;
 -0.0016846021, 0.72606343, 0.68762565, 0.043070506;
 -0.0019597874, -0.68762773, 0.72606081, -0.063626528;
 0, 0, 0, 1]
Ow:
[0.03809049;
 -0.075028032;
 0.016678803]
Keyframe: 9 Frame: 77 Frame from vFrameID : 78
Tcw:
[0.99999845, -0.00065681915, 0.0016179496, 0.037876438;
 0.0016004689, 0.71530479, -0.69881076, -0.075190067;
 -0.00069833483, 0.69881231, 0.71530473, 0.016888313;
 0, 0, 0, 1]
Twc:
[0.99999845, 0.0016004689, -0.00069833483, -0.03774425;
 -0.00065681915, 0.71530479, 0.69881231, 0.042006932;
 0.0016179496, -0.69881076, 0.71530473, -0.064685203;
 0, 0, 0, 1]
Ow:
[0.037876438;
 -0.075190067;
 0.016888313]
Keyframe: 10 Frame: 81 Frame from vFrameID : 82
Tcw:
[0.99999815, 0.0019058132, -0.00030990882, 0.037940945;
 -0.0015745541, 0.71200067, -0.70217705, -0.074936062;
 -0.001117563, 0.70217621, 0.71200234, 0.016740395;
 0, 0, 0, 1]
Twc:
[0.99999815, -0.0015745541, -0.001117563, -0.038040157;
 0.0019058132, 0.71200067, 0.70217621, 0.041527506;
 -0.00030990882, -0.70217705, 0.71200234, -0.06452582;
 0, 0, 0, 1]
Ow:
[0.037940945;
 -0.074936062;
 0.016740395]
Keyframe: 11 Frame: 84 Frame from vFrameID : 85
Tcw:
[0.99991238, -0.0058768778, -0.01186133, 0.037424091;
 -0.0041447971, 0.71199256, -0.70217478, -0.074963793;
 0.012571774, 0.70216244, 0.71190578, 0.016867658;
 0, 0, 0, 1]
Twc:
[0.99991238, -0.0041447971, 0.012571774, -0.037943576;
 -0.0058768778, 0.71199256, 0.70216244, 0.041749761;
 -0.01186133, -0.70217478, 0.71190578, -0.064201973;
 0, 0, 0, 1]
Ow:
[0.037424091;
 -0.074963793;
 0.016867658]
Keyframe: 12 Frame: 86 Frame from vFrameID : 87
Tcw:
[0.99984908, -0.010971916, -0.013469604, 0.037471671;
 -0.0016393143, 0.71228343, -0.70189005, -0.074735373;
 0.017295254, 0.70180619, 0.71215796, 0.017115412;
 0, 0, 0, 1]
Twc:
[0.99984908, -0.0016393143, 0.017295254, -0.037884548;
 -0.010971916, 0.71228343, 0.70180619, 0.041632202;
 -0.013469604, -0.70189005, 0.71215796, -0.064140163;
 0, 0, 0, 1]
Ow:
[0.037471671;
 -0.074735373;
 0.017115412]
Keyframe: 13 Frame: 88 Frame from vFrameID : 89
Tcw:
[0.9996863, -0.022746457, -0.010486031, 0.036058977;
 0.0088477153, 0.712358, -0.70176047, -0.075473681;
 0.023432372, 0.70144755, 0.71233577, 0.018264661;
 0, 0, 0, 1]
Twc:
[0.9996863, 0.0088477153, 0.023432372, -0.035807878;
 -0.022746457, 0.712358, 0.70144755, 0.041772794;
 -0.010486031, -0.70176047, 0.71233577, -0.065596901;
 0, 0, 0, 1]
Ow:
[0.036058977;
 -0.075473681;
 0.018264661]
Keyframe: 14 Frame: 93 Frame from vFrameID : 94
Tcw:
[0.99972999, -0.023150889, -0.002002609, 0.033993796;
 0.01518909, 0.71626353, -0.69766456, -0.076580316;
 0.01758595, 0.69744575, 0.71642178, 0.02341347;
 0, 0, 0, 1]
Twc:
[0.99972999, 0.01518909, 0.01758595, -0.033233181;
 -0.023150889, 0.71626353, 0.69744575, 0.039309051;
 -0.002002609, -0.69766456, 0.71642178, -0.070133217;
 0, 0, 0, 1]
Ow:
[0.033993796;
 -0.076580316;
 0.02341347]
Keyframe: 15 Frame: 99 Frame from vFrameID : 100
Tcw:
[0.99994797, -0.0097953677, 0.0028583682, 0.034815524;
 0.0090400241, 0.72050148, -0.69339448, -0.077735327;
 0.0047325953, 0.69338423, 0.7205525, 0.022758219;
 0, 0, 0, 1]
Twc:
[0.99994797, 0.0090400241, 0.0047325953, -0.034218688;
 -0.0097953677, 0.72050148, 0.69338423, 0.040569257;
 0.0028583682, -0.69339448, 0.7205525, -0.070399255;
 0, 0, 0, 1]
Ow:
[0.034815524;
 -0.077735327;
 0.022758219]
Keyframe: 16 Frame: 105 Frame from vFrameID : 106
Tcw:
[0.99996823, -0.0069812965, 0.0038470516, 0.036256891;
 0.0077005192, 0.72139227, -0.69248384, -0.077442363;
 0.0020592015, 0.69249147, 0.72142309, 0.025285948;
 0, 0, 0, 1]
Twc:
[0.99996823, 0.0077005192, 0.0020592015, -0.03571146;
 -0.0069812965, 0.72139227, 0.69249147, 0.038609136;
 0.0038470516, -0.69248384, 0.72142309, -0.072008938;
 0, 0, 0, 1]
Ow:
[0.036256891;
 -0.077442363;
 0.025285948]
Keyframe: 17 Frame: 112 Frame from vFrameID : 113
Tcw:
[0.99994034, -0.009157842, -0.0059580682, 0.039796982;
 0.0022912284, 0.70898938, -0.70521539, -0.078781813;
 0.010682459, 0.70515966, 0.70896804, 0.028130222;
 0, 0, 0, 1]
Twc:
[0.99994034, 0.0022912284, 0.010682459, -0.039914601;
 -0.009157842, 0.70898938, 0.70515966, 0.036383629;
 -0.0059580682, -0.70521539, 0.70896804, -0.075264469;
 0, 0, 0, 1]
Ow:
[0.039796982;
 -0.078781813;
 0.028130222]
Keyframe: 18 Frame: 119 Frame from vFrameID : 120
Tcw:
[0.99833053, 0.035790239, -0.045334317, 0.058517855;
 -0.057658628, 0.66386133, -0.74562967, -0.070803136;
 0.0034094348, 0.74699879, 0.66481662, 0.058230367;
 0, 0, 0, 1]
Twc:
[0.99833053, -0.057658628, 0.0034094348, -0.062701106;
 0.035790239, 0.66386133, 0.74699879, 0.0014110829;
 -0.045334317, -0.74562967, 0.66481662, -0.088852577;
 0, 0, 0, 1]
Ow:
[0.058517855;
 -0.070803136;
 0.058230367]
Keyframe: 19 Frame: 127 Frame from vFrameID : 128
Tcw:
[0.99876851, 0.034274291, -0.035871413, 0.072040133;
 -0.049592182, 0.66855907, -0.74200362, -0.063543394;
 -0.001449489, 0.74286878, 0.6694355, 0.084727146;
 0, 0, 0, 1]
Twc:
[0.99876851, -0.049592182, -0.001449489, -0.074979857;
 0.034274291, 0.66855907, 0.74286878, -0.022927757;
 -0.035871413, -0.74200362, 0.6694355, -0.1012846;
 0, 0, 0, 1]
Ow:
[0.072040133;
 -0.063543394;
 0.084727146]
Keyframe: 20 Frame: 134 Frame from vFrameID : 135
Tcw:
[0.99929374, 0.026919628, -0.026217958, 0.077289656;
 -0.037427101, 0.65071189, -0.75840175, -0.058037139;
 -0.0033555545, 0.75884736, 0.65125984, 0.1044964;
 0, 0, 0, 1]
Twc:
[0.99929374, -0.037427101, -0.0033555545, -0.079056583;
 0.026919628, 0.65071189, 0.75884736, -0.043611974;
 -0.026217958, -0.75840175, 0.65125984, -0.11004341;
 0, 0, 0, 1]
Ow:
[0.077289656;
 -0.058037139;
 0.1044964]
Keyframe: 21 Frame: 142 Frame from vFrameID : 143
Tcw:
[0.99960303, 0.027946288, -0.0035785825, 0.096619084;
 -0.020811951, 0.64679223, -0.76238221, -0.055404205;
 -0.018991154, 0.76215404, 0.64711708, 0.13350084;
 0, 0, 0, 1]
Twc:
[0.99960303, -0.020811951, -0.018991154, -0.09519846;
 0.027946288, 0.64679223, 0.76215404, -0.06861335;
 -0.0035785825, -0.76238221, 0.64711708, -0.12828411;
 0, 0, 0, 1]
Ow:
[0.096619084;
 -0.055404205;
 0.13350084]
Keyframe: 22 Frame: 149 Frame from vFrameID : 150
Tcw:
[0.99994099, 0.0076020472, -0.007760521, 0.10785813;
 -0.010840418, 0.65164649, -0.75844538, -0.040253848;
 -0.00070862105, 0.75848472, 0.65169042, 0.1580838;
 0, 0, 0, 1]
Twc:
[0.99994099, -0.010840418, -0.00070862105, -0.10817611;
 0.0076020472, 0.65164649, 0.75848472, -0.094492808;
 -0.007760521, -0.75844538, 0.65169042, -0.132715;
 0, 0, 0, 1]
Ow:
[0.10785813;
 -0.040253848;
 0.1580838]
Keyframe: 23 Frame: 157 Frame from vFrameID : 158
Tcw:
[0.99889737, 0.023546811, -0.04061459, 0.12688766;
 -0.046315752, 0.63564098, -0.77059418, -0.046230257;
 0.0076712603, 0.77162564, 0.63603067, 0.19135943;
 0, 0, 0, 1]
Twc:
[0.99889737, -0.046315752, 0.0076712603, -0.13035691;
 0.023546811, 0.63564098, 0.77162564, -0.12125979;
 -0.04061459, -0.77059418, 0.63603067, -0.15218174;
 0, 0, 0, 1]
Ow:
[0.12688766;
 -0.046230257;
 0.19135943]
Keyframe: 24 Frame: 164 Frame from vFrameID : 165
Tcw:
[0.99946523, 0.016047509, -0.028490242, 0.14439569;
 -0.031999629, 0.65923738, -0.75125366, -0.057409756;
 0.0067260819, 0.75176364, 0.65939838, 0.22350478;
 0, 0, 0, 1]
Twc:
[0.99946523, -0.031999629, 0.0067260819, -0.14765888;
 0.016047509, 0.65923738, 0.75176364, -0.13249329;
 -0.028490242, -0.75125366, 0.65939838, -0.18639411;
 0, 0, 0, 1]
Ow:
[0.14439569;
 -0.057409756;
 0.22350478]
Keyframe: 25 Frame: 172 Frame from vFrameID : 173
Tcw:
[0.99975944, 0.020938642, 0.0065321391, 0.16812372;
 -0.0087730139, 0.65468544, -0.75585055, -0.070974529;
 -0.02010298, 0.75561136, 0.6547116, 0.27988517;
 0, 0, 0, 1]
Twc:
[0.99975944, -0.0087730139, -0.02010298, -0.16307941;
 0.020938642, 0.65468544, 0.75561136, -0.16853873;
 0.0065321391, -0.75585055, 0.6547116, -0.23798843;
 0, 0, 0, 1]
Ow:
[0.16812372;
 -0.070974529;
 0.27988517]
Keyframe: 26 Frame: 181 Frame from vFrameID : 182
Tcw:
[0.99938625, 0.029389776, 0.01906213, 0.18380587;
 -0.0043087252, 0.64315999, -0.76571971, -0.04516308;
 -0.034764331, 0.76516759, 0.64289188, 0.31952813;
 0, 0, 0, 1]
Twc:
[0.99938625, -0.0043087252, -0.034764331, -0.17277946;
 0.029389776, 0.64315999, 0.76516759, -0.22084752;
 0.01906213, -0.76571971, 0.64289188, -0.24350803;
 0, 0, 0, 1]
Ow:
[0.18380587;
 -0.04516308;
 0.31952813]
Keyframe: 27 Frame: 189 Frame from vFrameID : 190
Tcw:
[0.99931353, 0.0091266101, -0.035904653, 0.19855794;
 -0.033573084, 0.63283253, -0.77356052, -0.047258243;
 0.015661646, 0.77423495, 0.6327045, 0.34024465;
 0, 0, 0, 1]
Twc:
[0.99931353, -0.033573084, 0.015661646, -0.20533703;
 0.0091266101, 0.63283253, 0.77423495, -0.23533492;
 -0.035904653, -0.77356052, 0.6327045, -0.24470229;
 0, 0, 0, 1]
Ow:
[0.19855794;
 -0.047258243;
 0.34024465]
Keyframe: 28 Frame: 198 Frame from vFrameID : 199
Tcw:
[0.99985123, 0.00094803324, -0.01722325, 0.21174592;
 -0.013731827, 0.64802426, -0.76149589, -0.057808846;
 0.01043916, 0.76161915, 0.64794081, 0.38491964;
 0, 0, 0, 1]
Twc:
[0.99985123, -0.013731827, 0.01043916, -0.21652648;
 0.00094803324, 0.64802426, 0.76161915, -0.25590137;
 -0.01722325, -0.76149589, 0.64794081, -0.28977942;
 0, 0, 0, 1]
Ow:
[0.21174592;
 -0.057808846;
 0.38491964]
Keyframe: 29 Frame: 206 Frame from vFrameID : 207
Tcw:
[0.9996683, -0.011833487, -0.022875521, 0.23655744;
 -0.010458262, 0.62516159, -0.78042525, -0.035392597;
 0.023536049, 0.78040564, 0.62483048, 0.39646858;
 0, 0, 0, 1]
Twc:
[0.9996683, -0.010458262, 0.023536049, -0.24618042;
 -0.011833487, 0.62516159, 0.78040564, -0.2844809;
 -0.022875521, -0.78042525, 0.62483048, -0.26993555;
 0, 0, 0, 1]
Ow:
[0.23655744;
 -0.035392597;
 0.39646858]
Keyframe: 30 Frame: 214 Frame from vFrameID : 215
Tcw:
[0.99999398, 0.0031403836, -0.0014795286, 0.25508723;
 -0.0031516259, 0.64259392, -0.76620048, -0.054822892;
 -0.0014554273, 0.76620048, 0.64259994, 0.43772078;
 0, 0, 0, 1]
Twc:
[0.99999398, -0.0031516259, -0.0014554273, -0.25462139;
 0.0031403836, 0.64259392, 0.76620048, -0.3009541;
 -0.0014795286, -0.76620048, 0.64259994, -0.32290727;
 0, 0, 0, 1]
Ow:
[0.25508723;
 -0.054822892;
 0.43772078]
Keyframe: 31 Frame: 223 Frame from vFrameID : 224
Tcw:
[0.99834865, -0.021810237, -0.053143524, 0.27366537;
 -0.026341276, 0.64831644, -0.76091516, -0.076882005;
 0.05104956, 0.76105851, 0.64667135, 0.49216247;
 0, 0, 0, 1]
Twc:
[0.99834865, -0.026341276, 0.05104956, -0.3003633;
 -0.021810237, 0.64831644, 0.76105851, -0.31875187;
 -0.053143524, -0.76091516, 0.64667135, -0.36222452;
 0, 0, 0, 1]
Ow:
[0.27366537;
 -0.076882005;
 0.49216247]
Keyframe: 32 Frame: 233 Frame from vFrameID : 234
Tcw:
[0.99796987, -0.020230737, -0.060388997, 0.28666234;
 -0.033548344, 0.63899636, -0.7684778, -0.074890792;
 0.054135222, 0.76894367, 0.63702041, 0.53815579;
 0, 0, 0, 1]
Twc:
[0.99796987, -0.033548344, 0.054135222, -0.31772602;
 -0.020230737, 0.63899636, 0.76894367, -0.36015719;
 -0.060388997, -0.7684778, 0.63702041, -0.38305691;
 0, 0, 0, 1]
Ow:
[0.28666234;
 -0.074890792;
 0.53815579]
Keyframe: 33 Frame: 242 Frame from vFrameID : 243
Tcw:
[0.99954295, -0.0073903697, -0.029312391, 0.32328004;
 -0.018562645, 0.6152634, -0.78810304, -0.069392383;
 0.023859214, 0.78828698, 0.61484498, 0.590523;
 0, 0, 0, 1]
Twc:
[0.99954295, -0.018562645, 0.023859214, -0.3385098;
 -0.0073903697, 0.6152634, 0.78828698, -0.42041788;
 -0.029312391, -0.78810304, 0.61484498, -0.40829241;
 0, 0, 0, 1]
Ow:
[0.32328004;
 -0.069392383;
 0.590523]
Keyframe: 34 Frame: 251 Frame from vFrameID : 252
Tcw:
[0.99998367, 0.002462615, -0.0051525459, 0.33186787;
 -0.0055296002, 0.64300472, -0.76584226, -0.093510062;
 0.0014271366, 0.76585823, 0.64300787, 0.60673678;
 0, 0, 0, 1]
Twc:
[0.99998367, -0.0055296002, 0.0014271366, -0.33324546;
 0.002462615, 0.64300472, 0.76585823, -0.40536425;
 -0.0051525459, -0.76584226, 0.64300787, -0.46004051;
 0, 0, 0, 1]
Ow:
[0.33186787;
 -0.093510062;
 0.60673678]
Keyframe: 35 Frame: 259 Frame from vFrameID : 260
Tcw:
[0.99330229, -0.06296774, -0.096879624, 0.35325691;
 -0.035118129, 0.63426989, -0.77231371, -0.083279014;
 0.11007868, 0.77054316, 0.62781042, 0.64224744;
 0, 0, 0, 1]
Twc:
[0.99330229, -0.035118129, 0.11007868, -0.42451322;
 -0.06296774, 0.63426989, 0.77054316, -0.41981423;
 -0.096879624, -0.77231371, 0.62781042, -0.43330374;
 0, 0, 0, 1]
Ow:
[0.35325691;
 -0.083279014;
 0.64224744]
Keyframe: 36 Frame: 268 Frame from vFrameID : 269
Tcw:
[0.99283665, -0.057707112, -0.1046198, 0.37206221;
 -0.041575272, 0.65404582, -0.75531161, -0.092553169;
 0.11201299, 0.75425059, 0.64696145, 0.66762269;
 0, 0, 0, 1]
Twc:
[0.99283665, -0.041575272, 0.11201299, -0.44802734;
 -0.057707112, 0.65404582, 0.75425059, -0.42155021;
 -0.1046198, -0.75531161, 0.64696145, -0.46290755;
 0, 0, 0, 1]
Ow:
[0.37206221;
 -0.092553169;
 0.66762269]
Keyframe: 37 Frame: 276 Frame from vFrameID : 277
Tcw:
[0.99723458, -0.039039828, -0.063238412, 0.38274261;
 -0.022364408, 0.65382922, -0.7563116, -0.09079051;
 0.070873395, 0.75563431, 0.65114802, 0.69013083;
 0, 0, 0, 1]
Twc:
[0.99723458, -0.022364408, 0.070873395, -0.43262655;
 -0.039039828, 0.65382922, 0.75563431, -0.44718292;
 -0.063238412, -0.7563116, 0.65114802, -0.4938392;
 0, 0, 0, 1]
Ow:
[0.38274261;
 -0.09079051;
 0.69013083]
Keyframe: 38 Frame: 285 Frame from vFrameID : 286
Tcw:
[0.99988806, -0.012105624, 0.0087907333, 0.39094934;
 0.014421408, 0.62356031, -0.78164226, -0.079482079;
 0.0039807148, 0.78168154, 0.62366509, 0.7359972;
 0, 0, 0, 1]
Twc:
[0.99988806, 0.014421408, 0.0039807148, -0.39268914;
 -0.012105624, 0.62356031, 0.78168154, -0.52102089;
 0.0087907333, -0.78164226, 0.62366509, -0.52457905;
 0, 0, 0, 1]
Ow:
[0.39094934;
 -0.079482079;
 0.7359972]
Keyframe: 39 Frame: 294 Frame from vFrameID : 295
Tcw:
[0.99938184, -0.019453242, 0.029282946, 0.40066886;
 0.034869839, 0.65450454, -0.75525349, -0.11470568;
 -0.0044736927, 0.75580776, 0.6547783, 0.753317;
 0, 0, 0, 1]
Twc:
[0.99938184, 0.034869839, -0.0044736927, -0.39305133;
 -0.019453242, 0.65450454, 0.75580776, -0.48649311;
 0.029282946, -0.75525349, 0.6547783, -0.59162027;
 0, 0, 0, 1]
Ow:
[0.40066886;
 -0.11470568;
 0.753317]
Keyframe: 40 Frame: 303 Frame from vFrameID : 304
Tcw:
[0.99963045, -0.025740683, -0.0087370183, 0.42395025;
 0.010050181, 0.64861453, -0.7610507, -0.14193359;
 0.025256922, 0.76068169, 0.64863354, 0.80166376;
 0, 0, 0, 1]
Twc:
[0.99963045, 0.010050181, 0.025256922, -0.4426147;
 -0.025740683, 0.64861453, 0.76068169, -0.50683796;
 -0.0087370183, -0.7610507, 0.64863354, -0.6243006;
 0, 0, 0, 1]
Ow:
[0.42395025;
 -0.14193359;
 0.80166376]
Keyframe: 41 Frame: 310 Frame from vFrameID : 311
Tcw:
[0.99995983, -0.007421074, -0.0050310488, 0.42524382;
 0.00086584489, 0.63845313, -0.76966017, -0.15999505;
 0.0089237941, 0.76962489, 0.63843393, 0.82678491;
 0, 0, 0, 1]
Twc:
[0.99995983, 0.00086584489, 0.0089237941, -0.43246627;
 -0.007421074, 0.63845313, 0.76962489, -0.53100914;
 -0.0050310488, -0.76966017, 0.63843393, -0.6488499;
 0, 0, 0, 1]
Ow:
[0.42524382;
 -0.15999505;
 0.82678491]
Keyframe: 42 Frame: 318 Frame from vFrameID : 319
Tcw:
[0.99907756, -0.0052693291, 0.042618051, 0.43666509;
 0.035800938, 0.65025949, -0.75886816, -0.18556398;
 -0.023714067, 0.75969386, 0.64984834, 0.85438704;
 0, 0, 0, 1]
Twc:
[0.99907756, 0.035800938, -0.023714067, -0.40935791;
 -0.0052693291, 0.65025949, 0.75969386, -0.52610695;
 0.042618051, -0.75886816, 0.64984834, -0.71465039;
 0, 0, 0, 1]
Ow:
[0.43666509;
 -0.18556398;
 0.85438704]
Keyframe: 43 Frame: 327 Frame from vFrameID : 328
Tcw:
[0.99924749, -0.0030125289, 0.038669471, 0.44608012;
 0.031235812, 0.65354592, -0.7562421, -0.17233789;
 -0.022994073, 0.75688088, 0.65314823, 0.88373041;
 0, 0, 0, 1]
Twc:
[0.99924749, 0.031235812, -0.022994073, -0.42004079;
 -0.0030125289, 0.65354592, 0.75688088, -0.5549041;
 0.038669471, -0.7562421, 0.65314823, -0.7247858;
 0, 0, 0, 1]
Ow:
[0.44608012;
 -0.17233789;
 0.88373041]
Keyframe: 44 Frame: 335 Frame from vFrameID : 336
Tcw:
[0.99995792, -0.009135304, -0.00082300056, 0.4719533;
 0.0054092025, 0.65979213, -0.75142872, -0.1671637;
 0.0074075391, 0.75139266, 0.65981376, 0.90979779;
 0, 0, 0, 1]
Twc:
[0.99995792, 0.0054092025, 0.0074075391, -0.4777686;
 -0.009135304, 0.65979213, 0.75139266, -0.56901067;
 -0.00082300056, -0.75142872, 0.65981376, -0.72552031;
 0, 0, 0, 1]
Ow:
[0.4719533;
 -0.1671637;
 0.90979779]
Keyframe: 45 Frame: 345 Frame from vFrameID : 346
Tcw:
[0.99991477, -0.0059727528, 0.011609554, 0.49110112;
 0.012656579, 0.66167897, -0.7496804, -0.19020343;
 -0.0032041422, 0.74976343, 0.66169816, 0.95382571;
 0, 0, 0, 1]
Twc:
[0.99991477, 0.012656579, -0.0032041422, -0.48559573;
 -0.0059727528, 0.66167897, 0.74976343, -0.58635688;
 0.011609554, -0.7496804, 0.66169816, -0.77943802;
 0, 0, 0, 1]
Ow:
[0.49110112;
 -0.19020343;
 0.95382571]
Keyframe: 46 Frame: 353 Frame from vFrameID : 354
Tcw:
[0.99890983, 0.0027381785, 0.046600569, 0.49635163;
 0.033702865, 0.64841568, -0.76054007, -0.18888068;
 -0.032299034, 0.76128155, 0.64761651, 0.99109232;
 0, 0, 0, 1]
Twc:
[0.99890983, 0.033702865, -0.032299034, -0.4574334;
 0.0027381785, 0.64841568, 0.76128155, -0.63338619;
 0.046600569, -0.76054007, 0.64761651, -0.80862939;
 0, 0, 0, 1]
Ow:
[0.49635163;
 -0.18888068;
 0.99109232]
Keyframe: 47 Frame: 361 Frame from vFrameID : 362
Tcw:
[0.99962735, -0.0099080205, 0.025436223, 0.52778774;
 0.02577791, 0.64920938, -0.76017278, -0.18974859;
 -0.0089816265, 0.76054519, 0.64922285, 1.0154699;
 0, 0, 0, 1]
Twc:
[0.99962735, 0.02577791, -0.0089816265, -0.51357919;
 -0.0099080205, 0.64920938, 0.76054519, -0.64389491;
 0.025436223, -0.76017278, 0.64922285, -0.81693292;
 0, 0, 0, 1]
Ow:
[0.52778774;
 -0.18974859;
 1.0154699]
Keyframe: 48 Frame: 368 Frame from vFrameID : 369
Tcw:
[0.99992198, -0.011480898, -0.0049274759, 0.53178662;
 0.0038449871, 0.65804344, -0.75297016, -0.18704313;
 0.011887266, 0.75289243, 0.65803623, 1.0404304;
 0, 0, 0, 1]
Twc:
[0.99992198, 0.0038449871, 0.011887266, -0.54339379;
 -0.011480898, 0.65804344, 0.75289243, -0.65414429;
 -0.0049274759, -0.75297016, 0.65803623, -0.82285845;
 0, 0, 0, 1]
Ow:
[0.53178662;
 -0.18704313;
 1.0404304]
Keyframe: 49 Frame: 376 Frame from vFrameID : 377
Tcw:
[0.99951524, -0.030949501, -0.0033871161, 0.56349653;
 0.017924372, 0.66096997, -0.75019825, -0.19384849;
 0.025457043, 0.74977386, 0.66120428, 1.0734254;
 0, 0, 0, 1]
Twc:
[0.99951524, 0.017924372, 0.025457043, -0.587075;
 -0.030949501, 0.66096997, 0.74977386, -0.65925831;
 -0.0033871161, -0.75019825, 0.66120428, -0.8532697;
 0, 0, 0, 1]
Ow:
[0.56349653;
 -0.19384849;
 1.0734254]
Keyframe: 50 Frame: 384 Frame from vFrameID : 385
Tcw:
[0.99875021, -0.048551518, -0.011864477, 0.5865109;
 0.023080064, 0.65858179, -0.75215513, -0.19630888;
 0.044332001, 0.75094128, 0.65887928, 1.1091106;
 0, 0, 0, 1]
Twc:
[0.99875021, 0.023080064, 0.044332001, -0.63041621;
 -0.048551518, 0.65858179, 0.75094128, -0.67511547;
 -0.011864477, -0.75215513, 0.65887928, -0.8714661;
 0, 0, 0, 1]
Ow:
[0.5865109;
 -0.19630888;
 1.1091106]
Keyframe: 51 Frame: 392 Frame from vFrameID : 393
Tcw:
[0.99702793, -0.07649263, 0.0091743525, 0.60582852;
 0.057785638, 0.66375619, -0.74571341, -0.13547084;
 0.050952047, 0.74402726, 0.66620368, 1.1118165;
 0, 0, 0, 1]
Twc:
[0.99702793, 0.057785638, 0.050952047, -0.65284902;
 -0.07649263, 0.66375619, 0.74402726, -0.69096076;
 0.0091743525, -0.74571341, 0.66620368, -0.84727675;
 0, 0, 0, 1]
Ow:
[0.60582852;
 -0.13547084;
 1.1118165]
Keyframe: 52 Frame: 400 Frame from vFrameID : 401
Tcw:
[0.9883638, -0.14362808, 0.050080057, 0.60339457;
 0.13236491, 0.64990664, -0.7483989, -0.14975947;
 0.074943736, 0.74631923, 0.6613555, 1.181819;
 0, 0, 0, 1]
Twc:
[0.9883638, 0.13236491, 0.074943736, -0.66512036;
 -0.14362808, 0.64990664, 0.74631923, -0.69802016;
 0.050080057, -0.7483989, 0.6613555, -0.92390037;
 0, 0, 0, 1]
Ow:
[0.60339457;
 -0.14975947;
 1.181819]
Keyframe: 53 Frame: 408 Frame from vFrameID : 409
Tcw:
[0.9886291, -0.15018284, 0.007592109, 0.60045534;
 0.10120452, 0.62717235, -0.77227747, -0.08298111;
 0.11122126, 0.76426435, 0.63524002, 1.214344;
 0, 0, 0, 1]
Twc:
[0.9886291, 0.10120452, 0.11122126, -0.72029042;
 -0.15018284, 0.62717235, 0.76426435, -0.78585827;
 0.007592109, -0.77227747, 0.63524002, -0.84004307;
 0, 0, 0, 1]
Ow:
[0.60045534;
 -0.08298111;
 1.214344]
Keyframe: 54 Frame: 415 Frame from vFrameID : 416
Tcw:
[0.99053323, -0.13651295, -0.014426284, 0.63304722;
 0.079679891, 0.65734524, -0.74936533, -0.12270892;
 0.11178112, 0.74112177, 0.66199964, 1.2398795;
 0, 0, 0, 1]
Twc:
[0.99053323, 0.079679891, 0.11178112, -0.75587201;
 -0.13651295, 0.65734524, 0.74112177, -0.75182045;
 -0.014426284, -0.74936533, 0.66199964, -0.90362108;
 0, 0, 0, 1]
Ow:
[0.63304722;
 -0.12270892;
 1.2398795]
Keyframe: 55 Frame: 423 Frame from vFrameID : 424
Tcw:
[0.9890545, -0.12957945, -0.070571877, 0.63808125;
 0.037945364, 0.6855762, -0.72701132, -0.15195864;
 0.14258812, 0.71637595, 0.68298912, 1.2648394;
 0, 0, 0, 1]
Twc:
[0.9890545, 0.037945364, 0.14258812, -0.80568206;
 -0.12957945, 0.6855762, 0.71637595, -0.71923912;
 -0.070571877, -0.72701132, 0.68298912, -0.9293167;
 0, 0, 0, 1]
Ow:
[0.63808125;
 -0.15195864;
 1.2648394]
Keyframe: 56 Frame: 431 Frame from vFrameID : 432
Tcw:
[0.99328929, -0.10946073, -0.037346218, 0.64690787;
 0.049577869, 0.69471395, -0.71757549, -0.16528237;
 0.10449128, 0.71090847, 0.69547874, 1.2901974;
 0, 0, 0, 1]
Twc:
[0.99328929, 0.049577869, 0.10449128, -0.76918668;
 -0.10946073, 0.69471395, 0.71090847, -0.7315774;
 -0.037346218, -0.71757549, 0.69547874, -0.99174792;
 0, 0, 0, 1]
Ow:
[0.64690787;
 -0.16528237;
 1.2901974]
Keyframe: 57 Frame: 439 Frame from vFrameID : 440
Tcw:
[0.99207246, -0.12510827, 0.011837823, 0.64168024;
 0.095678672, 0.69089997, -0.71659112, -0.12734026;
 0.081472725, 0.71204299, 0.697393, 1.326201;
 0, 0, 0, 1]
Twc:
[0.99207246, 0.095678672, 0.081472725, -0.73245871;
 -0.12510827, 0.69089997, 0.71204299, -0.77605319;
 0.011837823, -0.71659112, 0.697393, -1.0237304;
 0, 0, 0, 1]
Ow:
[0.64168024;
 -0.12734026;
 1.326201]
Keyframe: 58 Frame: 446 Frame from vFrameID : 447
Tcw:
[0.98703301, -0.15488301, -0.042155731, 0.69063145;
 0.078526579, 0.69496781, -0.71474004, -0.15487486;
 0.13999797, 0.70216161, 0.69811863, 1.3527006;
 0, 0, 0, 1]
Twc:
[0.98703301, 0.078526579, 0.13999797, -0.85888958;
 -0.15488301, 0.69496781, 0.70216161, -0.73521435;
 -0.042155731, -0.71474004, 0.69811863, -1.0259266;
 0, 0, 0, 1]
Ow:
[0.69063145;
 -0.15487486;
 1.3527006]
Keyframe: 59 Frame: 454 Frame from vFrameID : 455
Tcw:
[0.98212558, -0.18075784, -0.052496899, 0.72025031;
 0.089193471, 0.69252598, -0.71585774, -0.17077959;
 0.16575237, 0.69837981, 0.69626987, 1.3917427;
 0, 0, 0, 1]
Twc:
[0.98212558, 0.089193471, 0.16575237, -0.92282856;
 -0.18075784, 0.69252598, 0.69837981, -0.7235049;
 -0.052496899, -0.71585774, 0.69626987, -1.0534716;
 0, 0, 0, 1]
Ow:
[0.72025031;
 -0.17077959;
 1.3917427]
Keyframe: 60 Frame: 463 Frame from vFrameID : 464
Tcw:
[0.988787, -0.14796969, -0.020130742, 0.72051001;
 0.087241694, 0.68179417, -0.72632331, -0.17459172;
 0.12119887, 0.7164228, 0.68705833, 1.4179201;
 0, 0, 0, 1]
Twc:
[0.988787, 0.087241694, 0.12119887, -0.86904955;
 -0.14796969, 0.68179417, 0.7164228, -0.7901811;
 -0.020130742, -0.72632331, 0.68705833, -1.0864996;
 0, 0, 0, 1]
Ow:
[0.72051001;
 -0.17459172;
 1.4179201]
Keyframe: 61 Frame: 472 Frame from vFrameID : 473
Tcw:
[0.98328191, -0.17902061, -0.033290599, 0.7465719;
 0.1053713, 0.70851773, -0.69778186, -0.17310345;
 0.14850432, 0.68260843, 0.7155363, 1.4449248;
 0, 0, 0, 1]
Twc:
[0.98328191, 0.1053713, 0.14850432, -0.93042809;
 -0.17902061, 0.70851773, 0.68260843, -0.73001921;
 -0.033290599, -0.69778186, 0.7155363, -1.1298308;
 0, 0, 0, 1]
Ow:
[0.7465719;
 -0.17310345;
 1.4449248]
Keyframe: 62 Frame: 480 Frame from vFrameID : 481
Tcw:
[0.97375125, -0.19815637, -0.11199341, 0.75752854;
 0.063252613, 0.70822793, -0.70314461, -0.17591459;
 0.21864945, 0.67760408, 0.70217174, 1.462137;
 0, 0, 0, 1]
Twc:
[0.97375125, 0.063252613, 0.21864945, -1.0462128;
 -0.19815637, 0.70822793, 0.67760408, -0.71605325;
 -0.11199341, -0.70314461, 0.70217174, -1.0655265;
 0, 0, 0, 1]
Ow:
[0.75752854;
 -0.17591459;
 1.462137]
Keyframe: 63 Frame: 488 Frame from vFrameID : 489
Tcw:
[0.96938008, -0.21599819, -0.11682054, 0.76558834;
 0.076820157, 0.71858287, -0.69118547, -0.16819084;
 0.23324004, 0.66104728, 0.71317291, 1.4866288;
 0, 0, 0, 1]
Twc:
[0.96938008, 0.076820157, 0.23324004, -1.075967;
 -0.21599819, 0.71858287, 0.66104728, -0.69650716;
 -0.11682054, -0.69118547, 0.71317291, -1.087038;
 0, 0, 0, 1]
Ow:
[0.76558834;
 -0.16819084;
 1.4866288]
Keyframe: 64 Frame: 496 Frame from vFrameID : 497
Tcw:
[0.97137707, -0.22737764, -0.068745494, 0.78275013;
 0.11474938, 0.7025575, -0.70231438, -0.17831588;
 0.20798825, 0.67432362, 0.70853972, 1.5115416;
 0, 0, 0, 1]
Twc:
[0.97137707, 0.11474938, 0.20798825, -1.0542668;
 -0.22737764, 0.7025575, 0.67432362, -0.71601117;
 -0.068745494, -0.70231438, 0.70853972, -1.1424105;
 0, 0, 0, 1]
Ow:
[0.78275013;
 -0.17831588;
 1.5115416]
Keyframe: 65 Frame: 503 Frame from vFrameID : 504
Tcw:
[0.98244476, -0.18471153, 0.026151638, 0.75964582;
 0.15149501, 0.70813334, -0.68963498, -0.15310067;
 0.10886469, 0.68149012, 0.72368479, 1.5487782;
 0, 0, 0, 1]
Twc:
[0.98244476, 0.15149501, 0.10886469, -0.89172333;
 -0.18471153, 0.70813334, 0.68149012, -0.80674607;
 0.026151638, -0.68963498, 0.72368479, -1.2462767;
 0, 0, 0, 1]
Ow:
[0.75964582;
 -0.15310067;
 1.5487782]
Keyframe: 66 Frame: 511 Frame from vFrameID : 512
Tcw:
[0.98625439, -0.15428506, 0.059146844, 0.73612249;
 0.15350291, 0.72305274, -0.67352182, -0.14379805;
 0.061148066, 0.67334306, 0.73679715, 1.5426565;
 0, 0, 0, 1]
Twc:
[0.98625439, 0.15350291, 0.061148066, -0.79826111;
 -0.15428506, 0.72305274, 0.67334306, -0.82119077;
 0.059146844, -0.67352182, 0.73679715, -1.2770153;
 0, 0, 0, 1]
Ow:
[0.73612249;
 -0.14379805;
 1.5426565]
Keyframe: 67 Frame: 518 Frame from vFrameID : 519
Tcw:
[0.98516989, -0.17019515, 0.021768833, 0.74017686;
 0.1388102, 0.71599001, -0.68417108, -0.16315502;
 0.10085633, 0.67704648, 0.72899657, 1.5989577;
 0, 0, 0, 1]
Twc:
[0.98516989, 0.1388102, 0.10085633, -0.8678174;
 -0.17019515, 0.71599001, 0.67704648, -0.83977681;
 0.021768833, -0.68417108, 0.72899657, -1.2933735;
 0, 0, 0, 1]
Ow:
[0.74017686;
 -0.16315502;
 1.5989577]
Keyframe: 68 Frame: 526 Frame from vFrameID : 527
Tcw:
[0.99242246, -0.12201555, 0.014486161, 0.75326973;
 0.098016329, 0.71504569, -0.69217229, -0.17949528;
 0.074097514, 0.68834722, 0.72158688, 1.605139;
 0, 0, 0, 1]
Twc:
[0.99242246, 0.098016329, 0.074097514, -0.84890515;
 -0.12201555, 0.71504569, 0.68834722, -0.88463515;
 0.014486161, -0.69217229, 0.72158688, -1.293401;
 0, 0, 0, 1]
Ow:
[0.75326973;
 -0.17949528;
 1.605139]
Keyframe: 69 Frame: 535 Frame from vFrameID : 536
Tcw:
[0.98944384, -0.12020464, 0.080942459, 0.70760638;
 0.14077508, 0.66468495, -0.73374128, -0.19601727;
 0.034397878, 0.73739052, 0.67459029, 1.6413341;
 0, 0, 0, 1]
Twc:
[0.98944384, 0.14077508, 0.034397878, -0.72900087;
 -0.12020464, 0.66468495, 0.73739052, -0.99495679;
 0.080942459, -0.73374128, 0.67459029, -1.3083293;
 0, 0, 0, 1]
Ow:
[0.70760638;
 -0.19601727;
 1.6413341]
Keyframe: 70 Frame: 543 Frame from vFrameID : 544
Tcw:
[0.97922707, -0.11834568, 0.16464698, 0.7510047;
 0.2008296, 0.67804205, -0.70705479, -0.19353282;
 -0.027960693, 0.72543317, 0.68772441, 1.6651496;
 0, 0, 0, 1]
Twc:
[0.97922707, 0.2008296, -0.027960693, -0.64997828;
 -0.11834568, 0.67804205, 0.72543317, -0.98785323;
 0.16464698, -0.70705479, 0.68772441, -1.405653;
 0, 0, 0, 1]
Ow:
[0.7510047;
 -0.19353282;
 1.6651496]
Keyframe: 71 Frame: 551 Frame from vFrameID : 552
Tcw:
[0.98506194, -0.10903729, 0.1332809, 0.76990497;
 0.17215933, 0.64046949, -0.74843836, -0.18062264;
 -0.0037546512, 0.76020372, 0.64967394, 1.6901698;
 0, 0, 0, 1]
Twc:
[0.98506194, 0.17215933, -0.0037546512, -0.72096223;
 -0.10903729, 0.64046949, 0.76020372, -1.0852417;
 0.1332809, -0.74843836, 0.64967394, -1.3358577;
 0, 0, 0, 1]
Ow:
[0.76990497;
 -0.18062264;
 1.6901698]
Keyframe: 72 Frame: 558 Frame from vFrameID : 559
Tcw:
[0.98872513, -0.084206559, 0.12382198, 0.76545;
 0.1486482, 0.65170133, -0.74376684, -0.19137287;
 -0.018064896, 0.75378686, 0.6568706, 1.7054412;
 0, 0, 0, 1]
Twc:
[0.98872513, 0.1486482, -0.018064896, -0.69756383;
 -0.084206559, 0.65170133, 0.75378686, -1.0963655;
 0.12382198, -0.74376684, 0.6568706, -1.3573706;
 0, 0, 0, 1]
Ow:
[0.76545;
 -0.19137287;
 1.7054412]
Keyframe: 73 Frame: 566 Frame from vFrameID : 567
Tcw:
[0.99126261, -0.067546904, 0.11329514, 0.75794268;
 0.12926555, 0.66837323, -0.73250777, -0.19838876;
 -0.02624481, 0.74075276, 0.67126495, 1.7247522;
 0, 0, 0, 1]
Twc:
[0.99126261, 0.12926555, -0.02624481, -0.68040967;
 -0.067546904, 0.66837323, 0.74075276, -1.0938205;
 0.11329514, -0.73250777, 0.67126495, -1.388958;
 0, 0, 0, 1]
Ow:
[0.75794268;
 -0.19838876;
 1.7247522]
Keyframe: 74 Frame: 573 Frame from vFrameID : 574
Tcw:
[0.99211204, -0.03767607, 0.11955844, 0.76131952;
 0.11447056, 0.66101724, -0.74158794, -0.19817317;
 -0.051090073, 0.74942422, 0.66011596, 1.7394376;
 0, 0, 0, 1]
Twc:
[0.99211204, 0.11447056, -0.051090073, -0.64376128;
 -0.03767607, 0.66101724, 0.74942422, -1.1438973;
 0.11955844, -0.74158794, 0.66011596, -1.3862156;
 0, 0, 0, 1]
Ow:
[0.76131952;
 -0.19817317;
 1.7394376]
Keyframe: 75 Frame: 580 Frame from vFrameID : 581
Tcw:
[0.98794186, -0.012009245, 0.1543587, 0.7744087;
 0.12056277, 0.68517584, -0.7183305, -0.21114957;
 -0.097136237, 0.7282787, 0.67836177, 1.7602785;
 0, 0, 0, 1]
Twc:
[0.98794186, 0.12056277, -0.097136237, -0.56862718;
 -0.012009245, 0.68517584, 0.7282787, -1.1279986;
 0.1543587, -0.7183305, 0.67836177, -1.4653175;
 0, 0, 0, 1]
Ow:
[0.7744087;
 -0.21114957;
 1.7602785]
Keyframe: 76 Frame: 588 Frame from vFrameID : 589
Tcw:
[0.99253017, -0.019886257, 0.12036765, 0.76222384;
 0.10336657, 0.66113198, -0.74311495, -0.16153598;
 -0.064801127, 0.75000602, 0.65824902, 1.7806461;
 0, 0, 0, 1]
Twc:
[0.99253017, 0.10336657, -0.064801127, -0.6244449;
 -0.019886257, 0.66113198, 0.75000602, -1.2135409;
 0.12036765, -0.74311495, 0.65824902, -1.3838954;
 0, 0, 0, 1]
Ow:
[0.76222384;
 -0.16153598;
 1.7806461]
Keyframe: 77 Frame: 596 Frame from vFrameID : 597
Tcw:
[0.99575394, -0.025330195, 0.088501506, 0.77723318;
 0.082242534, 0.67669713, -0.73165369, -0.16207814;
 -0.041355785, 0.73582566, 0.67590702, 1.7946191;
 0, 0, 0, 1]
Twc:
[0.99575394, 0.082242534, -0.041355785, -0.68638539;
 -0.025330195, 0.67669713, 0.73582566, -1.1911614;
 0.088501506, -0.73165369, 0.67590702, -1.400367;
 0, 0, 0, 1]
Ow:
[0.77723318;
 -0.16207814;
 1.7946191]
Keyframe: 78 Frame: 605 Frame from vFrameID : 606
Tcw:
[0.9952262, -0.018229326, 0.095877796, 0.78614789;
 0.08289662, 0.67637217, -0.73188037, -0.15706503;
 -0.051507391, 0.73633444, 0.67465442, 1.8053993;
 0, 0, 0, 1]
Twc:
[0.9952262, 0.08289662, -0.051507391, -0.67638338;
 -0.018229326, 0.67637217, 0.73633444, -1.2088122;
 0.095877796, -0.73188037, 0.67465442, -1.4083476;
 0, 0, 0, 1]
Ow:
[0.78614789;
 -0.15706503;
 1.8053993]
Keyframe: 79 Frame: 612 Frame from vFrameID : 613
Tcw:
[0.99105525, -0.0034935335, 0.13340659, 0.79167616;
 0.10074986, 0.67514384, -0.73077375, -0.12480813;
 -0.08751566, 0.73767781, 0.66945684, 1.8154371;
 0, 0, 0, 1]
Twc:
[0.99105525, 0.10074986, -0.08751566, -0.61314124;
 -0.0034935335, 0.67514384, 0.73767781, -1.2521785;
 0.13340659, -0.73077375, 0.66945684, -1.412178;
 0, 0, 0, 1]
Ow:
[0.79167616;
 -0.12480813;
 1.8154371]
Keyframe: 80 Frame: 620 Frame from vFrameID : 621
Tcw:
[0.99180633, -0.0069078803, 0.12756343, 0.80107641;
 0.09974964, 0.66572118, -0.73950344, -0.13567436;
 -0.079813279, 0.74616861, 0.66095555, 1.8393112;
 0, 0, 0, 1]
Twc:
[0.99180633, 0.09974964, -0.079813279, -0.6341778;
 -0.0069078803, 0.66572118, 0.74616861, -1.2765813;
 0.12756343, -0.73950344, 0.66095555, -1.4182227;
 0, 0, 0, 1]
Ow:
[0.80107641;
 -0.13567436;
 1.8393112]
Keyframe: 81 Frame: 628 Frame from vFrameID : 629
Tcw:
[0.99637139, 0.00095728593, 0.085106395, 0.81651545;
 0.062355496, 0.67237312, -0.73758131, -0.12749439;
 -0.05792933, 0.74021178, 0.66987365, 1.8514271;
 0, 0, 0, 1]
Twc:
[0.99637139, 0.062355496, -0.05792933, -0.69835073;
 0.00095728593, 0.67237312, 0.74021178, -1.285506;
 0.085106395, -0.73758131, 0.66987365, -1.4037504;
 0, 0, 0, 1]
Ow:
[0.81651545;
 -0.12749439;
 1.8514271]
Keyframe: 82 Frame: 636 Frame from vFrameID : 637
Tcw:
[0.99549973, -0.018402435, 0.092960626, 0.82409084;
 0.079923213, 0.69011956, -0.71926856, -0.14595801;
 -0.050917659, 0.72346133, 0.68848461, 1.8806243;
 0, 0, 0, 1]
Twc:
[0.99549973, 0.079923213, -0.050917659, -0.71295977;
 -0.018402435, 0.69011956, 0.72346133, -1.2446653;
 0.092960626, -0.71926856, 0.68848461, -1.4763719;
 0, 0, 0, 1]
Ow:
[0.82409084;
 -0.14595801;
 1.8806243]
Keyframe: 83 Frame: 644 Frame from vFrameID : 645
Tcw:
[0.99029702, -0.010765568, 0.13854922, 0.83194244;
 0.10710073, 0.6944173, -0.71155745, -0.12030125;
 -0.088550657, 0.71949196, 0.6888324, 1.8885956;
 0, 0, 0, 1]
Twc:
[0.99029702, 0.10710073, -0.088550657, -0.64374936;
 -0.010765568, 0.6944173, 0.71949196, -1.2663338;
 0.13854922, -0.71155745, 0.6888324, -1.5017921;
 0, 0, 0, 1]
Ow:
[0.83194244;
 -0.12030125;
 1.8885956]
Keyframe: 84 Frame: 652 Frame from vFrameID : 653
Tcw:
[0.98935461, -0.025627872, 0.14325041, 0.82143396;
 0.12155695, 0.68673682, -0.71667039, -0.066707909;
 -0.080008589, 0.72645426, 0.68254149, 1.8813214;
 0, 0, 0, 1]
Twc:
[0.98935461, 0.12155695, -0.080008589, -0.65405875;
 -0.025627872, 0.68673682, 0.72645426, -1.2998315;
 0.14325041, -0.71667039, 0.68254149, -1.4495583;
 0, 0, 0, 1]
Ow:
[0.82143396;
 -0.066707909;
 1.8813214]
Keyframe: 85 Frame: 660 Frame from vFrameID : 661
Tcw:
[0.99359065, -0.03870935, 0.10620349, 0.84317142;
 0.10349723, 0.6893186, -0.71702731, -0.082419455;
 -0.045452382, 0.72342342, 0.68890685, 1.8992243;
 0, 0, 0, 1]
Twc:
[0.99359065, 0.10349723, -0.045452382, -0.74291283;
 -0.03870935, 0.6893186, 0.72342342, -1.2844914;
 0.10620349, -0.71702731, 0.68890685, -1.4570333;
 0, 0, 0, 1]
Ow:
[0.84317142;
 -0.082419455;
 1.8992243]
Keyframe: 86 Frame: 668 Frame from vFrameID : 669
Tcw:
[0.99410921, -0.027990486, 0.10470654, 0.81972396;
 0.09556888, 0.68206155, -0.72502315, -0.048255861;
 -0.051122554, 0.73075891, 0.68071872, 1.9211171;
 0, 0, 0, 1]
Twc:
[0.99410921, 0.09556888, -0.051122554, -0.71207094;
 -0.027990486, 0.68206155, 0.73075891, -1.3480154;
 0.10470654, -0.72502315, 0.68071872, -1.4285573;
 0, 0, 0, 1]
Ow:
[0.81972396;
 -0.048255861;
 1.9211171]
Keyframe: 87 Frame: 677 Frame from vFrameID : 678
Tcw:
[0.99212778, -0.029270783, 0.12176071, 0.85246819;
 0.10621083, 0.71179318, -0.69431239, -0.072203517;
 -0.066345379, 0.70177889, 0.70929873, 1.9368554;
 0, 0, 0, 1]
Twc:
[0.99212778, 0.10621083, -0.066345379, -0.70958716;
 -0.029270783, 0.71179318, 0.70177889, -1.2828979;
 0.12176071, -0.69431239, 0.70929873, -1.5277379;
 0, 0, 0, 1]
Ow:
[0.85246819;
 -0.072203517;
 1.9368554]
Keyframe: 88 Frame: 685 Frame from vFrameID : 686
Tcw:
[0.98797071, -0.03884463, 0.14968304, 0.84595132;
 0.13507906, 0.68799269, -0.71303552, -0.061944962;
 -0.075283237, 0.72467726, 0.68496376, 1.9588683;
 0, 0, 0, 1]
Twc:
[0.98797071, 0.13507906, -0.075283237, -0.67993772;
 -0.03884463, 0.68799269, 0.72467726, -1.3440689;
 0.14968304, -0.71303552, 0.68496376, -1.5125473;
 0, 0, 0, 1]
Ow:
[0.84595132;
 -0.061944962;
 1.9588683]
Keyframe: 89 Frame: 692 Frame from vFrameID : 693
Tcw:
[0.99038643, -0.033842627, 0.13412438, 0.85875911;
 0.11957047, 0.69697499, -0.7070564, -0.063274384;
 -0.069552697, 0.71629643, 0.69432116, 1.9751427;
 0, 0, 0, 1]
Twc:
[0.99038643, 0.11957047, -0.069552697, -0.7055611;
 -0.033842627, 0.69697499, 0.71629643, -1.3416244;
 0.13412438, -0.7070564, 0.69432116, -1.5313026;
 0, 0, 0, 1]
Ow:
[0.85875911;
 -0.063274384;
 1.9751427]
Keyframe: 90 Frame: 701 Frame from vFrameID : 702
Tcw:
[0.99612671, -0.053029329, 0.070138603, 0.87863886;
 0.087375812, 0.68632197, -0.72203022, -0.072948813;
 -0.0098488852, 0.725362, 0.68829715, 2.0032935;
 0, 0, 0, 1]
Twc:
[0.99612671, 0.087375812, -0.0098488852, -0.84913146;
 -0.053029329, 0.68632197, 0.725362, -1.3564529;
