Keyframe: 0 Frame: 0 Frame from vFrameID : 114
Tcw:
[1, 0, 0, 0;
 0, 1, 0, 0;
 0, 0, 1, 0;
 0, 0, 0, 1]
Twc:
[1, 0, 0, 0;
 0, 1, 0, 0;
 0, 0, 1, 0;
 0, 0, 0, 1]
Ow:
[0;
 0;
 0]
Keyframe: 1 Frame: 113 Frame from vFrameID : 114
Tcw:
[0.99969369, 0.02306591, 0.0089689931, 0.047237977;
 -0.022967102, 0.99967605, -0.010967742, -0.0095344773;
 -0.009219069, 0.010758391, 0.99989963, 0.027240857;
 0, 0, 0, 1]
Twc:
[0.99969369, -0.022967102, -0.009219069, -0.047191355;
 0.02306591, 0.99967605, 0.010758391, 0.0081487335;
 0.0089689931, -0.010967742, 0.99989963, -0.027766371;
 0, 0, 0, 1]
Ow:
[0.047237977;
 -0.0095344773;
 0.027240857]
Keyframe: 2 Frame: 114 Frame from vFrameID : 115
Tcw:
[0.99966079, 0.024811944, 0.0079177478, 0.051968154;
 -0.024708254, 0.99961102, -0.012935429, -0.0099400841;
 -0.0082356213, 0.012735407, 0.99988496, 0.029019099;
 0, 0, 0, 1]
Twc:
[0.99966079, -0.024708254, -0.0082356213, -0.051957138;
 0.024811944, 0.99961102, 0.012735407, 0.008277216;
 0.0079177478, -0.012935429, 0.99988496, -0.029555811;
 0, 0, 0, 1]
Ow:
[0.051968154;
 -0.0099400841;
 0.029019099]
Keyframe: 3 Frame: 115 Frame from vFrameID : 116
Tcw:
[0.99964082, 0.025667181, 0.0077106124, 0.055380251;
 -0.02555768, 0.99957561, -0.013979215, -0.010323553;
 -0.0080661476, 0.013777128, 0.99987257, 0.031009881;
 0, 0, 0, 1]
Twc:
[0.99964082, -0.02555768, -0.0080661476, -0.055374075;
 0.025667181, 0.99957561, 0.013777128, 0.0084704896;
 0.0077106124, -0.013979215, 0.99987257, -0.031577259;
 0, 0, 0, 1]
Ow:
[0.055380251;
 -0.010323553;
 0.031009881]
Keyframe: 4 Frame: 116 Frame from vFrameID : 117
Tcw:
[0.99961537, 0.026644643, 0.0076919557, 0.058931645;
 -0.026528353, 0.99953783, -0.014844026, -0.0096752876;
 -0.0080839144, 0.014634262, 0.99986023, 0.033207558;
 0, 0, 0, 1]
Twc:
[0.99961537, -0.026528353, -0.0080839144, -0.058897201;
 0.026644643, 0.99953783, 0.014634262, 0.0076146359;
 0.0076919557, -0.014844026, 0.99986023, -0.033799835;
 0, 0, 0, 1]
Ow:
[0.058931645;
 -0.0096752876;
 0.033207558]
Keyframe: 5 Frame: 117 Frame from vFrameID : 118
Tcw:
[0.99964708, 0.025286891, 0.0081434948, 0.061013725;
 -0.025177473, 0.99959493, -0.013269502, -0.0099040577;
 -0.0084757404, 0.013059786, 0.99987882, 0.035416622;
 0, 0, 0, 1]
Twc:
[0.99964708, -0.025177473, -0.0084757404, -0.060941365;
 0.025286891, 0.99959493, 0.013059786, 0.0078946659;
 0.0081434948, -0.013269502, 0.99987882, -0.036040615;
 0, 0, 0, 1]
Ow:
[0.061013725;
 -0.0099040577;
 0.035416622]
Keyframe: 6 Frame: 119 Frame from vFrameID : 120
Tcw:
[0.99973726, 0.020003697, 0.011191917, 0.06510438;
 -0.019921251, 0.99977392, -0.0074301744, -0.011058028;
 -0.011338017, 0.0072052651, 0.99990976, 0.0419688;
 0, 0, 0, 1]
Twc:
[0.99973726, -0.019921251, -0.011338017, -0.064831719;
 0.020003697, 0.99977392, 0.0072052651, 0.0094508035;
 0.011191917, -0.0074301744, 0.99990976, -0.042775817;
 0, 0, 0, 1]
Ow:
[0.06510438;
 -0.011058028;
 0.0419688]
Keyframe: 7 Frame: 121 Frame from vFrameID : 122
Tcw:
[0.99977434, 0.016675426, 0.013161627, 0.069843568;
 -0.016622055, 0.99985319, -0.0041539506, -0.012090869;
 -0.013228963, 0.00393424, 0.99990475, 0.048484229;
 0, 0, 0, 1]
Twc:
[0.99977434, -0.016622055, -0.013228963, -0.069387384;
 0.016675426, 0.99985319, 0.00393424, 0.010733675;
 0.013161627, -0.0041539506, 0.99990475, -0.04944909;
 0, 0, 0, 1]
Ow:
[0.069843568;
 -0.012090869;
 0.048484229]
Keyframe: 8 Frame: 123 Frame from vFrameID : 124
Tcw:
[0.99973863, 0.016281648, 0.016048003, 0.07288751;
 -0.016259151, 0.99986666, -0.0015313562, -0.011681896;
 -0.016070796, 0.0012700291, 0.99987006, 0.054308336;
 0, 0, 0, 1]
Twc:
[0.99973863, -0.016259151, -0.016070796, -0.072185621;
 0.016281648, 0.99986666, 0.0012700291, 0.010424635;
 0.016048003, -0.0015313562, 0.99987006, -0.055488866;
 0, 0, 0, 1]
Ow:
[0.07288751;
 -0.011681896;
 0.054308336]
Keyframe: 9 Frame: 125 Frame from vFrameID : 126
Tcw:
[0.99964666, 0.014975026, 0.021962259, 0.075040467;
 -0.015023855, 0.99988502, 0.0020599661, -0.011818976;
 -0.021928886, -0.0023891958, 0.99975669, 0.062284224;
 0, 0, 0, 1]
Twc:
[0.99964666, -0.015023855, -0.021928886, -0.073825695;
 0.014975026, 0.99988502, -0.0023891958, 0.010842694;
 0.021962259, 0.0020599661, 0.99975669, -0.063892774;
 0, 0, 0, 1]
Ow:
[0.075040467;
 -0.011818976;
 0.062284224]
Keyframe: 10 Frame: 127 Frame from vFrameID : 128
Tcw:
[0.99950653, 0.013267904, 0.028471604, 0.076157384;
 -0.013345639, 0.99990773, 0.0025420191, -0.014049525;
 -0.028435249, -0.0029207366, 0.99959135, 0.072769053;
 0, 0, 0, 1]
Twc:
[0.99950653, -0.013345639, -0.028435249, -0.074238099;
 0.013267904, 0.99990773, -0.0029207366, 0.013250319;
 0.028471604, 0.0025420191, 0.99959135, -0.074871927;
 0, 0, 0, 1]
Ow:
[0.076157384;
 -0.014049525;
 0.072769053]
Keyframe: 11 Frame: 130 Frame from vFrameID : 131
Tcw:
[0.99930269, 0.017568925, 0.032947075, 0.081340916;
 -0.01722485, 0.99979442, -0.010698197, -0.014284705;
 -0.033128258, 0.010123229, 0.99939984, 0.086440668;
 0, 0, 0, 1]
Twc:
[0.99930269, -0.01722485, -0.033128258, -0.07866662;
 0.017568925, 0.99979442, 0.010123229, 0.011977637;
 0.032947075, -0.010698197, 0.99939984, -0.089221552;
 0, 0, 0, 1]
Ow:
[0.081340916;
 -0.014284705;
 0.086440668]
Keyframe: 12 Frame: 133 Frame from vFrameID : 134
Tcw:
[0.99918598, 0.012803272, 0.038255282, 0.081384346;
 -0.012053944, 0.9997322, -0.019754445, -0.020068252;
 -0.038497958, 0.019277237, 0.99907273, 0.1088215;
 0, 0, 0, 1]
Twc:
[0.99918598, -0.012053944, -0.038497958, -0.077370591;
 0.012803272, 0.9997322, 0.019277237, 0.016923115;
 0.038255282, -0.019754445, 0.99907273, -0.11223041;
 0, 0, 0, 1]
Ow:
[0.081384346;
 -0.020068252;
 0.1088215]
Keyframe: 13 Frame: 136 Frame from vFrameID : 137
Tcw:
[0.99879009, 0.014778354, 0.046903413, 0.085497588;
 -0.012925847, 0.99913371, -0.039556693, -0.020335749;
 -0.047447365, 0.038902566, 0.9981159, 0.12207139;
 0, 0, 0, 1]
Twc:
[0.99879009, -0.012925847, -0.047447365, -0.079865038;
 0.014778354, 0.99913371, 0.038902566, 0.014305729;
 0.046903413, -0.039556693, 0.9981159, -0.12665594;
 0, 0, 0, 1]
Ow:
[0.085497588;
 -0.020335749;
 0.12207139]
Keyframe: 14 Frame: 139 Frame from vFrameID : 140
Tcw:
[0.99870098, 0.0083649457, 0.050262906, 0.083408415;
 -0.0064634429, 0.99926156, -0.037875291, -0.020137286;
 -0.050542615, 0.03750122, 0.99801761, 0.12948361;
 0, 0, 0, 1]
Twc:
[0.99870098, -0.0064634429, -0.050542615, -0.076885782;
 0.0083649457, 0.99926156, 0.03750122, 0.014568917;
 0.050262906, -0.037875291, 0.99801761, -0.13418198;
 0, 0, 0, 1]
Ow:
[0.083408415;
 -0.020137286;
 0.12948361]
Keyframe: 15 Frame: 142 Frame from vFrameID : 143
Tcw:
[0.99854773, -0.001850251, 0.053842332, 0.088786706;
 0.003079589, 0.99973625, -0.022758182, -0.024990182;
 -0.053786024, 0.022890942, 0.99829006, 0.14751481;
 0, 0, 0, 1]
Twc:
[0.99854773, 0.003079589, -0.053786024, -0.080646567;
 -0.001850251, 0.99973625, 0.022890942, 0.021771116;
 0.053842332, -0.022758182, 0.99829006, -0.15261179;
 0, 0, 0, 1]
Ow:
[0.088786706;
 -0.024990182;
 0.14751481]
Keyframe: 16 Frame: 145 Frame from vFrameID : 146
Tcw:
[0.99872649, 0.00072366337, 0.050447155, 0.090409994;
 0.00097784796, 0.99943167, -0.03369575, -0.024104107;
 -0.050442867, 0.033702169, 0.99815816, 0.15766442;
 0, 0, 0, 1]
Twc:
[0.99872649, 0.00097784796, -0.050442867, -0.082318231;
 0.00072366337, 0.99943167, 0.033702169, 0.018711347;
 0.050447155, -0.03369575, 0.99815816, -0.16274714;
 0, 0, 0, 1]
Ow:
[0.090409994;
 -0.024104107;
 0.15766442]
Keyframe: 17 Frame: 148 Frame from vFrameID : 149
Tcw:
[0.99896765, 0.0015401707, 0.045401018, 0.098841786;
 -5.0352821e-05, 0.99946201, -0.03279753, -0.025477;
 -0.045427106, 0.032761388, 0.99843031, 0.1695054;
 0, 0, 0, 1]
Twc:
[0.99896765, -5.0352821e-05, -0.045427106, -0.091040894;
 0.0015401707, 0.99946201, 0.032761388, 0.01975783;
 0.045401018, -0.03279753, 0.99843031, -0.17456242;
 0, 0, 0, 1]
Ow:
[0.098841786;
 -0.025477;
 0.1695054]
Keyframe: 18 Frame: 151 Frame from vFrameID : 152
Tcw:
[0.99937415, -0.00013145874, 0.035373159, 0.10677478;
 0.0010512351, 0.9996618, -0.025984757, -0.025907967;
 -0.035357781, 0.02600568, 0.99903631, 0.18404669;
 0, 0, 0, 1]
Twc:
[0.99937415, 0.0010512351, -0.035357781, -0.10017324;
 -0.00013145874, 0.9996618, 0.02600568, 0.021126982;
 0.035373159, -0.025984757, 0.99903631, -0.18831949;
 0, 0, 0, 1]
Ow:
[0.10677478;
 -0.025907967;
 0.18404669]
Keyframe: 19 Frame: 155 Frame from vFrameID : 156
Tcw:
[0.99983174, -0.00024917096, 0.018341595, 0.12213238;
 0.0009228742, 0.99932474, -0.036731604, -0.032753285;
 -0.018320058, 0.036742352, 0.99915683, 0.20696351;
 0, 0, 0, 1]
Twc:
[0.99983174, 0.0009228742, -0.018320058, -0.11829002;
 -0.00024917096, 0.99932474, 0.036742352, 0.025157271;
 0.018341595, -0.036731604, 0.99915683, -0.2102322;
 0, 0, 0, 1]
Ow:
[0.12213238;
 -0.032753285;
 0.20696351]
Keyframe: 20 Frame: 159 Frame from vFrameID : 160
Tcw:
[0.99969852, 0.017849343, 0.016860237, 0.14281036;
 -0.016805856, 0.99804932, -0.060125832, -0.036002047;
 -0.017900556, 0.059824355, 0.99804842, 0.2214624;
 0, 0, 0, 1]
Twc:
[0.99969852, -0.016805856, -0.017900556, -0.13940805;
 0.017849343, 0.99804932, 0.059824355, 0.020133901;
 0.016860237, -0.060125832, 0.99804842, -0.22560266;
 0, 0, 0, 1]
Ow:
[0.14281036;
 -0.036002047;
 0.2214624]
Keyframe: 21 Frame: 162 Frame from vFrameID : 163
Tcw:
[0.99923718, 0.034425385, 0.018439345, 0.16096848;
 -0.033229467, 0.99754465, -0.06164768, -0.043184146;
 -0.020516315, 0.060987923, 0.99792761, 0.23756926;
 0, 0, 0, 1]
Twc:
[0.99923718, -0.033229467, -0.020516315, -0.15740661;
 0.034425385, 0.99754465, 0.060987923, 0.023047859;
 0.018439345, -0.06164768, 0.99792761, -0.2427073;
 0, 0, 0, 1]
Ow:
[0.16096848;
 -0.043184146;
 0.23756926]
Keyframe: 22 Frame: 166 Frame from vFrameID : 167
Tcw:
[0.9995569, 0.026457258, 0.013638563, 0.16315126;
 -0.025814284, 0.99863803, -0.045340426, -0.044891112;
 -0.01481957, 0.044968266, 0.99887848, 0.25536579;
 0, 0, 0, 1]
Twc:
[0.9995569, -0.025814284, -0.01481957, -0.16045338;
 0.026457258, 0.99863803, 0.044968266, 0.029030081;
 0.013638563, -0.045340426, 0.99887848, -0.2593399;
 0, 0, 0, 1]
Ow:
[0.16315126;
 -0.044891112;
 0.25536579]
Keyframe: 23 Frame: 170 Frame from vFrameID : 171
Tcw:
[0.99960709, 0.024828011, 0.013009668, 0.17180669;
 -0.024237942, 0.99875051, -0.043703586, -0.048680309;
 -0.014078486, 0.043371085, 0.99895984, 0.27757794;
 0, 0, 0, 1]
Twc:
[0.99960709, -0.024237942, -0.014078486, -0.16901122;
 0.024828011, 0.99875051, 0.043371085, 0.032315005;
 0.013009668, -0.043703586, 0.99895984, -0.28165185;
 0, 0, 0, 1]
Ow:
[0.17180669;
 -0.048680309;
 0.27757794]
Keyframe: 24 Frame: 173 Frame from vFrameID : 174
Tcw:
[0.99950731, 0.024678214, 0.019392792, 0.17414606;
 -0.023754474, 0.99863577, -0.046500564, -0.048875827;
 -0.020513888, 0.046016991, 0.99873, 0.29417717;
 0, 0, 0, 1]
Twc:
[0.99950731, -0.023754474, -0.020513888, -0.16918658;
 0.024678214, 0.99863577, 0.046016991, 0.03097439;
 0.019392792, -0.046500564, 0.99873, -0.2994535;
 0, 0, 0, 1]
Ow:
[0.17414606;
 -0.048875827;
 0.29417717]
Keyframe: 25 Frame: 177 Frame from vFrameID : 178
Tcw:
[0.99947852, 0.01718135, 0.027340824, 0.17577791;
 -0.015960855, 0.99889302, -0.044248778, -0.05237741;
 -0.028070813, 0.04378932, 0.99864632, 0.31848115;
 0, 0, 0, 1]
Twc:
[0.99947852, -0.015960855, -0.028070813, -0.16758221;
 0.01718135, 0.99889302, 0.04378932, 0.035353255;
 0.027340824, -0.044248778, 0.99864632, -0.32517359;
 0, 0, 0, 1]
Ow:
[0.17577791;
 -0.05237741;
 0.31848115]
Keyframe: 26 Frame: 181 Frame from vFrameID : 182
Tcw:
[0.99941301, -0.00060860877, 0.034252413, 0.17558621;
 0.0021788022, 0.9989472, -0.045823202, -0.054501094;
 -0.034188464, 0.045870934, 0.99836218, 0.34643409;
 0, 0, 0, 1]
Twc:
[0.99941301, 0.0021788022, -0.034188464, -0.16352035;
 -0.00060860877, 0.9989472, 0.045870934, 0.038659319;
 0.034252413, -0.045823202, 0.99836218, -0.35437834;
 0, 0, 0, 1]
Ow:
[0.17558621;
 -0.054501094;
 0.34643409]
Keyframe: 27 Frame: 185 Frame from vFrameID : 186
Tcw:
[0.99895191, -0.0081782117, 0.045035709, 0.18079148;
 0.009293993, 0.99965364, -0.024622088, -0.057142861;
 -0.044818748, 0.025014844, 0.9986819, 0.3676914;
 0, 0, 0, 1]
Twc:
[0.99895191, 0.009293993, -0.044818748, -0.16359144;
 -0.0081782117, 0.99965364, 0.025014844, 0.049403876;
 0.045035709, -0.024622088, 0.9986819, -0.37675577;
 0, 0, 0, 1]
Ow:
[0.18079148;
 -0.057142861;
 0.3676914]
Keyframe: 28 Frame: 188 Frame from vFrameID : 189
Tcw:
[0.99884653, -0.0064002299, 0.047588404, 0.18517101;
 0.007817925, 0.99952936, -0.029664572, -0.059447963;
 -0.047376145, 0.030002398, 0.99842644, 0.38063017;
 0, 0, 0, 1]
Twc:
[0.99884653, 0.007817925, -0.047376145, -0.16645986;
 -0.0064002299, 0.99952936, 0.030002398, 0.049185302;
 0.047588404, -0.029664572, 0.99842644, -0.3906067;
 0, 0, 0, 1]
Ow:
[0.18517101;
 -0.059447963;
 0.38063017]
Keyframe: 29 Frame: 192 Frame from vFrameID : 193
Tcw:
[0.99892968, -0.0031934588, 0.046144478, 0.19441633;
 0.0046200533, 0.99951357, -0.030842325, -0.060227383;
 -0.04602354, 0.031022504, 0.9984585, 0.39810306;
 0, 0, 0, 1]
Twc:
[0.99892968, 0.0046200533, -0.04602354, -0.17560789;
 -0.0031934588, 0.99951357, 0.031022504, 0.048468795;
 0.046144478, -0.030842325, 0.9984585, -0.40831819;
 0, 0, 0, 1]
Ow:
[0.19441633;
 -0.060227383;
 0.39810306]
Keyframe: 30 Frame: 196 Frame from vFrameID : 197
Tcw:
[0.99937862, -0.0083402293, 0.034246136, 0.20777528;
 0.0095901806, 0.99928766, -0.036498517, -0.063911952;
 -0.033917338, 0.036804263, 0.99874675, 0.42013076;
 0, 0, 0, 1]
Twc:
[0.99937862, 0.0095901806, -0.033917338, -0.19278352;
 -0.0083402293, 0.99928766, 0.036804263, 0.050136719;
 0.034246136, -0.036498517, 0.99874675, -0.42905244;
 0, 0, 0, 1]
Ow:
[0.20777528;
 -0.063911952;
 0.42013076]
Keyframe: 31 Frame: 200 Frame from vFrameID : 201
Tcw:
[0.99982923, 0.0067441552, 0.01720405, 0.22990109;
 -0.0058909552, 0.99877304, -0.049170449, -0.069644898;
 -0.017514555, 0.049060706, 0.99864221, 0.44595051;
 0, 0, 0, 1]
Twc:
[0.99982923, -0.0058909552, -0.017514555, -0.22246148;
 0.0067441552, 0.99877304, 0.049060706, 0.046130303;
 0.01720405, -0.049170449, 0.99864221, -0.4527247;
 0, 0, 0, 1]
Ow:
[0.22990109;
 -0.069644898;
 0.44595051]
Keyframe: 32 Frame: 204 Frame from vFrameID : 205
Tcw:
[0.99984616, 0.012960731, 0.011820034, 0.24343255;
 -0.012439417, 0.99899077, -0.043159578, -0.074126467;
 -0.012367484, 0.043005902, 0.99899828, 0.46391135;
 0, 0, 0, 1]
Twc:
[0.99984616, -0.012439417, -0.012367484, -0.23857976;
 0.012960731, 0.99899077, 0.043005902, 0.050945666;
 0.011820034, -0.043159578, 0.99899828, -0.46952328;
 0, 0, 0, 1]
Ow:
[0.24343255;
 -0.074126467;
 0.46391135]
Keyframe: 33 Frame: 208 Frame from vFrameID : 209
Tcw:
[0.99965787, 0.016296526, 0.020457473, 0.25483665;
 -0.015575498, 0.99926865, -0.03492301, -0.076855071;
 -0.021011636, 0.034592427, 0.99918061, 0.48362827;
 0, 0, 0, 1]
Twc:
[0.99965787, -0.015575498, -0.021011636, -0.24578471;
 0.016296526, 0.99926865, 0.034592427, 0.05591603;
 0.020457473, -0.03492301, 0.99918061, -0.49112931;
 0, 0, 0, 1]
Ow:
[0.25483665;
 -0.076855071;
 0.48362827]
Keyframe: 34 Frame: 212 Frame from vFrameID : 213
Tcw:
[0.99957997, 0.0180983, 0.022633849, 0.26469937;
 -0.017390897, 0.99936593, -0.031069867, -0.077672541;
 -0.023181809, 0.030663194, 0.9992609, 0.50580025;
 0, 0, 0, 1]
Twc:
[0.99957997, -0.017390897, -0.023181809, -0.25421363;
 0.0180983, 0.99936593, 0.030663194, 0.057323225;
 0.022633849, -0.031069867, 0.9992609, -0.5138309;
 0, 0, 0, 1]
Ow:
[0.26469937;
 -0.077672541;
 0.50580025]
Keyframe: 35 Frame: 216 Frame from vFrameID : 217
Tcw:
[0.99937838, 0.014653019, 0.032064255, 0.272295;
 -0.013859962, 0.99959594, -0.024817366, -0.078299768;
 -0.032414947, 0.024357529, 0.99917763, 0.53390229;
 0, 0, 0, 1]
Twc:
[0.99937838, -0.013859962, -0.032414947, -0.25590459;
 0.014653019, 0.99959594, 0.024357529, 0.061273638;
 0.032064255, -0.024817366, 0.99917763, -0.54413736;
 0, 0, 0, 1]
Ow:
[0.272295;
 -0.078299768;
 0.53390229]
Keyframe: 36 Frame: 220 Frame from vFrameID : 221
Tcw:
[0.99936563, 0.005810421, 0.035136566, 0.27927741;
 -0.0045879134, 0.99938464, -0.03477411, -0.0817068;
 -0.035316996, 0.034590844, 0.99877733, 0.56330222;
 0, 0, 0, 1]
Twc:
[0.99936563, -0.0045879134, -0.035316996, -0.25958097;
 0.005810421, 0.99938464, 0.034590844, 0.060548708;
 0.035136566, -0.03477411, 0.99877733, -0.57526761;
 0, 0, 0, 1]
Ow:
[0.27927741;
 -0.0817068;
 0.56330222]
Keyframe: 37 Frame: 224 Frame from vFrameID : 225
Tcw:
[0.99836093, 0.0070514749, 0.056795731, 0.28796029;
 -0.0041022347, 0.99864507, -0.051877305, -0.088973001;
 -0.057084586, 0.051559284, 0.99703711, 0.59527153;
 0, 0, 0, 1]
Twc:
[0.99836093, -0.0041022347, -0.057084586, -0.25387245;
 0.0070514749, 0.99864507, 0.051559284, 0.056130126;
 0.056795731, -0.051877305, 0.99703711, -0.61447841;
 0, 0, 0, 1]
Ow:
[0.28796029;
 -0.088973001;
 0.59527153]
Keyframe: 38 Frame: 228 Frame from vFrameID : 229
Tcw:
[0.99851036, -0.0061218641, 0.054217651, 0.29895806;
 0.0086652134, 0.99886668, -0.046799872, -0.092623062;
 -0.053869702, 0.047199965, 0.99743181, 0.6193105;
 0, 0, 0, 1]
Twc:
[0.99851036, 0.0086652134, -0.053869702, -0.26434806;
 -0.0061218641, 0.99886668, 0.047199965, 0.065116838;
 0.054217651, -0.046799872, 0.99743181, -0.63826352;
 0, 0, 0, 1]
Ow:
[0.29895806;
 -0.092623062;
 0.6193105]
Keyframe: 39 Frame: 232 Frame from vFrameID : 233
Tcw:
[0.99866182, 7.0779395e-05, 0.05171638, 0.31504184;
 0.0022956757, 0.99895269, -0.045697492, -0.095122233;
 -0.051665451, 0.045755066, 0.99761575, 0.65269518;
 0, 0, 0, 1]
Twc:
[0.99866182, 0.0022956757, -0.051665451, -0.28068009;
 7.0779395e-05, 0.99895269, 0.045755066, 0.065136202;
 0.05171638, -0.045697492, 0.99761575, -0.67177862;
 0, 0, 0, 1]
Ow:
[0.31504184;
 -0.095122233;
 0.65269518]
Keyframe: 40 Frame: 236 Frame from vFrameID : 237
Tcw:
[0.9990142, 0.010671318, 0.043090619, 0.33121422;
 -0.0089130057, 0.99912786, -0.040792901, -0.097559825;
 -0.043488353, 0.04036862, 0.99823803, 0.68077523;
 0, 0, 0, 1]
Twc:
[0.9990142, -0.0089130057, -0.043488353, -0.30215147;
 0.010671318, 0.99912786, 0.04036862, 0.066458285;
 0.043090619, -0.040792901, 0.99823803, -0.69782764;
 0, 0, 0, 1]
Ow:
[0.33121422;
 -0.097559825;
 0.68077523]
Keyframe: 41 Frame: 240 Frame from vFrameID : 241
Tcw:
[0.99924886, 0.032852665, 0.020553406, 0.34550321;
 -0.032019887, 0.99870193, -0.03961312, -0.1048333;
 -0.021828122, 0.038925245, 0.99900371, 0.70652002;
 0, 0, 0, 1]
Twc:
[0.99924886, -0.032019887, -0.021828122, -0.3331784;
 0.032852665, 0.99870193, 0.038925245, 0.065845057;
 0.020553406, -0.03961312, 0.99900371, -0.71707016;
 0, 0, 0, 1]
Ow:
[0.34550321;
 -0.1048333;
 0.70652002]
Keyframe: 42 Frame: 244 Frame from vFrameID : 245
Tcw:
[0.99937439, 0.031780213, -0.015518592, 0.36130378;
 -0.032609306, 0.99787164, -0.056469627, -0.11152849;
 0.013690946, 0.056940347, 0.99828368, 0.7234531;
 0, 0, 0, 1]
Twc:
[0.99937439, -0.032609306, 0.013690946, -0.37461936;
 0.031780213, 0.99787164, 0.056940347, 0.058615129;
 -0.015518592, -0.056469627, 0.99828368, -0.72290254;
 0, 0, 0, 1]
Ow:
[0.36130378;
 -0.11152849;
 0.7234531]
Keyframe: 43 Frame: 248 Frame from vFrameID : 249
Tcw:
[0.99929947, 0.032283682, -0.018929888, 0.37841755;
 -0.032975957, 0.99875325, -0.037476402, -0.11528708;
 0.01769641, 0.038074378, 0.99911821, 0.74365973;
 0, 0, 0, 1]
Twc:
[0.99929947, -0.032975957, 0.01769641, -0.3951143;
 0.032283682, 0.99875325, 0.038074378, 0.07461226;
 -0.018929888, -0.037476402, 0.99911821, -0.74016112;
 0, 0, 0, 1]
Ow:
[0.37841755;
 -0.11528708;
 0.74365973]
Keyframe: 44 Frame: 251 Frame from vFrameID : 252
Tcw:
[0.99944675, 0.032464191, -0.0072260578, 0.38684931;
 -0.032701489, 0.99883145, -0.035585493, -0.12041792;
 0.0060623595, 0.035802111, 0.99934053, 0.77188188;
 0, 0, 0, 1]
Twc:
[0.99944675, -0.032701489, 0.0060623595, -0.39525256;
 0.032464191, 0.99883145, 0.035802111, 0.08008346;
 -0.0072260578, -0.035585493, 0.99934053, -0.77286255;
 0, 0, 0, 1]
Ow:
[0.38684931;
 -0.12041792;
 0.77188188]
Keyframe: 45 Frame: 255 Frame from vFrameID : 256
Tcw:
[0.99968809, 0.023955984, -0.0070573208, 0.39012694;
 -0.024199853, 0.99903041, -0.036777113, -0.12536632;
 0.0061694463, 0.036936428, 0.99929857, 0.80197859;
 0, 0, 0, 1]
Twc:
[0.99968809, -0.024199853, 0.0061694463, -0.39798689;
 0.023955984, 0.99903041, 0.036936428, 0.086276673;
 -0.0070573208, -0.036777113, 0.99929857, -0.80327344;
 0, 0, 0, 1]
Ow:
[0.39012694;
 -0.12536632;
 0.80197859]
Keyframe: 46 Frame: 259 Frame from vFrameID : 260
Tcw:
[0.99945539, 0.032862678, 0.0029992091, 0.39708993;
 -0.03263925, 0.99784893, -0.056852464, -0.13191929;
 -0.0048610815, 0.05672361, 0.9983781, 0.82570523;
 0, 0, 0, 1]
Twc:
[0.99945539, -0.03263925, -0.0048610815, -0.3971656;
 0.032862678, 0.99784893, 0.05672361, 0.071749099;
 0.0029992091, -0.056852464, 0.9983781, -0.83305687;
 0, 0, 0, 1]
Ow:
[0.39708993;
 -0.13191929;
 0.82570523]
Keyframe: 47 Frame: 262 Frame from vFrameID : 263
Tcw:
[0.99964315, 0.025039071, 0.0093083344, 0.3997952;
 -0.024615951, 0.99876809, -0.043085869, -0.13709995;
 -0.010375697, 0.04284136, 0.99902803, 0.84354681;
 0, 0, 0, 1]
Twc:
[0.99964315, -0.024615951, -0.010375697, -0.39427498;
 0.025039071, 0.99876809, 0.04284136, 0.09078186;
 0.0093083344, -0.043085869, 0.99902803, -0.85235536;
 0, 0, 0, 1]
Ow:
[0.3997952;
 -0.13709995;
 0.84354681]
Keyframe: 48 Frame: 266 Frame from vFrameID : 267
Tcw:
[0.99964309, 0.020780269, 0.016788004, 0.40912482;
 -0.020190906, 0.99919921, -0.034544285, -0.13991377;
 -0.0174924, 0.034192994, 0.99926215, 0.86719626;
 0, 0, 0, 1]
Twc:
[0.99964309, -0.020190906, -0.0174924, -0.39663446;
 0.020780269, 0.99919921, 0.034192994, 0.10164797;
 0.016788004, -0.034544285, 0.99926215, -0.87825805;
 0, 0, 0, 1]
Ow:
[0.40912482;
 -0.13991377;
 0.86719626]
Keyframe: 49 Frame: 270 Frame from vFrameID : 271
Tcw:
[0.99974823, 0.021621937, 0.006001587, 0.4201394;
 -0.02144786, 0.99938631, -0.02769419, -0.14603986;
 -0.0065967059, 0.027558496, 0.99959844, 0.89116335;
 0, 0, 0, 1]
Twc:
[0.99974823, -0.02144786, -0.0065967059, -0.41728708;
 0.021621937, 0.99938631, 0.027558496, 0.11230689;
 0.006001587, -0.02769419, 0.99959844, -0.89737147;
 0, 0, 0, 1]
Ow:
[0.4201394;
 -0.14603986;
 0.89116335]
Keyframe: 50 Frame: 274 Frame from vFrameID : 275
Tcw:
[0.99935222, 0.026130579, -0.024746025, 0.43540162;
 -0.027055817, 0.99891812, -0.037823431, -0.15176669;
 0.023730904, 0.038468454, 0.99897796, 0.9150576;
 0, 0, 0, 1]
Twc:
[0.99935222, -0.027055817, 0.023730904, -0.46094087;
 0.026130579, 0.99891812, 0.038468454, 0.10502435;
 -0.024746025, -0.037823431, 0.99897796, -0.90908831;
 0, 0, 0, 1]
Ow:
[0.43540162;
 -0.15176669;
 0.9150576]
Keyframe: 51 Frame: 278 Frame from vFrameID : 279
Tcw:
[0.99937689, 0.030670719, -0.017467888, 0.45366025;
 -0.03149711, 0.99829304, -0.04918268, -0.15921551;
 0.015929602, 0.049702223, 0.99863702, 0.93556851;
 0, 0, 0, 1]
Twc:
[0.99937689, -0.03149711, 0.015929602, -0.47329566;
 0.030670719, 0.99829304, 0.049702223, 0.098529823;
 -0.017467888, -0.04918268, 0.99863702, -0.93419951;
 0, 0, 0, 1]
Ow:
[0.45366025;
 -0.15921551;
 0.93556851]
Keyframe: 52 Frame: 282 Frame from vFrameID : 283
Tcw:
[0.99858391, 0.040888585, -0.034034256, 0.46458274;
 -0.04250161, 0.99793774, -0.0481034, -0.16595832;
 0.031997185, 0.049481791, 0.99826235, 0.95202053;
 0, 0, 0, 1]
Twc:
[0.99858391, -0.04250161, 0.031997185, -0.50144029;
 0.040888585, 0.99793774, 0.049481791, 0.099512249;
 -0.034034256, -0.0481034, 0.99826235, -0.94253772;
 0, 0, 0, 1]
Ow:
[0.46458274;
 -0.16595832;
 0.95202053]
Keyframe: 53 Frame: 288 Frame from vFrameID : 289
Tcw:
[0.99797475, 0.050685272, -0.038436741, 0.47862658;
 -0.052327819, 0.99770355, -0.043004885, -0.17542338;
 0.036168758, 0.044929102, 0.99833524, 0.99176639;
 0, 0, 0, 1]
Twc:
[0.99797475, -0.052327819, 0.036168758, -0.52270776;
 0.050685272, 0.99770355, 0.044929102, 0.10620203;
 -0.038436741, -0.043004885, 0.99833524, -0.97926253;
 0, 0, 0, 1]
Ow:
[0.47862658;
 -0.17542338;
 0.99176639]
Keyframe: 54 Frame: 292 Frame from vFrameID : 293
Tcw:
[0.99906874, 0.041328885, -0.01239336, 0.47770399;
 -0.041906741, 0.99783438, -0.050699074, -0.17395671;
 0.010271185, 0.051171225, 0.99863708, 1.0213631;
 0, 0, 0, 1]
Twc:
[0.99906874, -0.041906741, 0.010271185, -0.4950397;
 0.041328885, 0.99783438, 0.051171225, 0.10157261;
 -0.01239336, -0.050699074, 0.99863708, -1.0228701;
 0, 0, 0, 1]
Ow:
[0.47770399;
 -0.17395671;
 1.0213631]
Keyframe: 55 Frame: 296 Frame from vFrameID : 297
Tcw:
[0.99942929, 0.033490878, -0.0044154124, 0.48008615;
 -0.03365108, 0.99849218, -0.043369468, -0.18069419;
 0.0029562733, 0.043493301, 0.99904937, 1.0514697;
 0, 0, 0, 1]
Twc:
[0.99942929, -0.03365108, 0.0029562733, -0.48900113;
 0.033490878, 0.99849218, 0.043493301, 0.11861137;
 -0.0044154124, -0.043369468, 0.99904937, -1.0561869;
 0, 0, 0, 1]
Ow:
[0.48008615;
 -0.18069419;
 1.0514697]
Keyframe: 56 Frame: 300 Frame from vFrameID : 301
Tcw:
[0.99975628, 0.021306941, 0.0057795616, 0.48370299;
 -0.020994749, 0.99855053, -0.049558457, -0.18717849;
 -0.0068271235, 0.049425036, 0.9987545, 1.0765767;
 0, 0, 0, 1]
Twc:
[0.99975628, -0.020994749, -0.0068271235, -0.48016497;
 0.021306941, 0.99855053, 0.049425036, 0.12339111;
 0.0057795616, -0.049558457, 0.9987545, -1.0873077;
 0, 0, 0, 1]
Ow:
[0.48370299;
 -0.18717849;
 1.0765767]
Keyframe: 57 Frame: 304 Frame from vFrameID : 305
Tcw:
[0.99973214, 0.018122796, 0.014393589, 0.49487805;
 -0.017576417, 0.99915254, -0.03721986, -0.19116902;
 -0.015055918, 0.036956903, 0.99920344, 1.1057689;
 0, 0, 0, 1]
Twc:
[0.99973214, -0.017576417, -0.015055918, -0.4814572;
 0.018122796, 0.99915254, 0.036956903, 0.14117263;
 0.014393589, -0.03721986, 0.99920344, -1.1191264;
 0, 0, 0, 1]
Ow:
[0.49487805;
 -0.19116902;
 1.1057689]
Keyframe: 58 Frame: 308 Frame from vFrameID : 309
Tcw:
[0.99969363, 0.024529343, -0.0033118089, 0.50662565;
 -0.024649682, 0.99876088, -0.043233454, -0.19364637;
 0.0022472169, 0.043301843, 0.9990595, 1.1315347;
 0, 0, 0, 1]
Twc:
[0.99969363, -0.024649682, 0.0022472169, -0.51378655;
 0.024529343, 0.99876088, 0.043301843, 0.13198167;
 -0.0033118089, -0.043233454, 0.9990595, -1.1371647;
 0, 0, 0, 1]
Ow:
[0.50662565;
 -0.19364637;
 1.1315347]
Keyframe: 59 Frame: 312 Frame from vFrameID : 313
Tcw:
[0.9991498, 0.031716604, -0.026339464, 0.52171391;
 -0.033204757, 0.99775678, -0.058128335, -0.19624792;
 0.024436744, 0.058953509, 0.99796158, 1.1558845;
 0, 0, 0, 1]
Twc:
[0.9991498, -0.033204757, 0.024436744, -0.55603272;
 0.031716604, 0.99775678, 0.058953509, 0.11111724;
 -0.026339464, -0.058128335, 0.99796158, -1.1511942;
 0, 0, 0, 1]
Ow:
[0.52171391;
 -0.19624792;
 1.1558845]
Keyframe: 60 Frame: 316 Frame from vFrameID : 317
Tcw:
[0.99821144, 0.041079391, -0.043432213, 0.53310513;
 -0.043764997, 0.9970656, -0.06280759, -0.2007412;
 0.040724669, 0.064596064, 0.99708015, 1.1775179;
 0, 0, 0, 1]
Twc:
[0.99821144, -0.043764997, 0.040724669, -0.58889115;
 0.041079391, 0.9970656, 0.064596064, 0.10218949;
 -0.043432213, -0.06280759, 0.99708015, -1.1635339;
 0, 0, 0, 1]
Ow:
[0.53310513;
 -0.2007412;
 1.1775179]
Keyframe: 61 Frame: 320 Frame from vFrameID : 321
Tcw:
[0.99840963, 0.038729638, -0.04096666, 0.54086971;
 -0.040196892, 0.99855667, -0.035619825, -0.20381436;
 0.03952799, 0.037209906, 0.99852538, 1.2010394;
 0, 0, 0, 1]
Twc:
[0.99840963, -0.040196892, 0.03952799, -0.5956769;
 0.038729638, 0.99855667, 0.037209906, 0.13788192;
 -0.04096666, -0.035619825, 0.99852538, -1.1843706;
 0, 0, 0, 1]
Ow:
[0.54086971;
 -0.20381436;
 1.2010394]
Keyframe: 62 Frame: 324 Frame from vFrameID : 325
Tcw:
[0.99883652, 0.040886268, -0.025570868, 0.54877782;
 -0.041917562, 0.99827176, -0.041187, -0.20613399;
 0.023842692, 0.042210948, 0.99882418, 1.2282032;
 0, 0, 0, 1]
Twc:
[0.99883652, -0.041917562, 0.023842692, -0.58606368;
 0.040886268, 0.99827176, 0.042210948, 0.13149665;
 -0.025570868, -0.041187, 0.99882418, -1.2212163;
 0, 0, 0, 1]
Ow:
[0.54877782;
 -0.20613399;
 1.2282032]
Keyframe: 63 Frame: 327 Frame from vFrameID : 328
Tcw:
[0.99947923, 0.032241564, -0.0013020159, 0.55394584;
 -0.032264467, 0.99797678, -0.054784384, -0.20951353;
 -0.00046695268, 0.054797862, 0.99849737, 1.2564737;
 0, 0, 0, 1]
Twc:
[0.99947923, -0.032264467, -0.00046695268, -0.55983049;
 0.032241564, 0.99797678, 0.054797862, 0.12237749;
 -0.0013020159, -0.054784384, 0.99849737, -1.2653425;
 0, 0, 0, 1]
Ow:
[0.55394584;
 -0.20951353;
 1.2564737]
Keyframe: 64 Frame: 331 Frame from vFrameID : 332
Tcw:
[0.99953574, 0.030465497, 0.00040371454, 0.55609703;
 -0.030370716, 0.9973101, -0.066709265, -0.21586932;
 -0.0024349594, 0.066666029, 0.9977724, 1.2773534;
 0, 0, 0, 1]
Twc:
[0.99953574, -0.030370716, -0.0024349594, -0.55928463;
 0.030465497, 0.9973101, 0.066666029, 0.11319081;
 0.00040371454, -0.066709265, 0.9977724, -1.2891328;
 0, 0, 0, 1]
Ow:
[0.55609703;
 -0.21586932;
 1.2773534]
Keyframe: 65 Frame: 335 Frame from vFrameID : 336
Tcw:
[0.9996596, 0.015622378, 0.020896548, 0.5572862;
 -0.014230952, 0.99777377, -0.065153912, -0.22120744;
 -0.021867886, 0.064834356, 0.9976564, 1.2996989;
 0, 0, 0, 1]
Twc:
[0.9996596, -0.014230952, -0.021867886, -0.5318228;
 0.015622378, 0.99777377, 0.064834356, 0.12774369;
 0.020896548, -0.065153912, 0.9976564, -1.3227109;
 0, 0, 0, 1]
Ow:
[0.5572862;
 -0.22120744;
 1.2996989]
Keyframe: 66 Frame: 339 Frame from vFrameID : 340
Tcw:
[0.99957037, 0.019092631, 0.022239013, 0.5624854;
 -0.017303521, 0.9968003, -0.078036435, -0.22463807;
 -0.023657776, 0.077618092, 0.99670243, 1.3184061;
 0, 0, 0, 1]
Twc:
[0.99957037, -0.017303521, -0.023657776, -0.53494018;
 0.019092631, 0.9968003, 0.077618092, 0.11084782;
 0.022239013, -0.078036435, 0.99670243, -1.3440976;
 0, 0, 0, 1]
Ow:
[0.5624854;
 -0.22463807;
 1.3184061]
Keyframe: 67 Frame: 343 Frame from vFrameID : 344
Tcw:
[0.99951553, 0.014282572, 0.027653161, 0.57227075;
 -0.012592804, 0.99809819, -0.060344163, -0.22558209;
 -0.02846244, 0.059966698, 0.99779451, 1.347995;
 0, 0, 0, 1]
Twc:
[0.99951553, -0.012592804, -0.02846244, -0.53646696;
 0.014282572, 0.99809819, 0.059966698, 0.13614477;
 0.027653161, -0.060344163, 0.99779451, -1.3744597;
 0, 0, 0, 1]
Ow:
[0.57227075;
 -0.22558209;
 1.347995]
Keyframe: 68 Frame: 347 Frame from vFrameID : 348
Tcw:
[0.99978697, 0.015558464, 0.013560489, 0.58493954;
 -0.014772767, 0.99830848, -0.056231443, -0.22723912;
 -0.014412425, 0.056019139, 0.99832565, 1.3711662;
 0, 0, 0, 1]
Twc:
[0.99978697, -0.014772767, -0.014412425, -0.56841004;
 0.015558464, 0.99830848, 0.056019139, 0.14094242;
 0.013560489, -0.056231443, 0.99832565, -1.3895805;
 0, 0, 0, 1]
Ow:
[0.58493954;
 -0.22723912;
 1.3711662]
Keyframe: 69 Frame: 351 Frame from vFrameID : 352
Tcw:
[0.99972886, 0.022767609, 0.0048846509, 0.60477638;
 -0.022458354, 0.9981752, -0.056052919, -0.2310352;
 -0.0061519286, 0.055928022, 0.99841583, 1.3937327;
 0, 0, 0, 1]
Twc:
[0.99972886, -0.022458354, -0.0061519286, -0.60122693;
 0.022767609, 0.9981752, 0.055928022, 0.13889559;
 0.0048846509, -0.056052919, 0.99841583, -1.4074291;
 0, 0, 0, 1]
Ow:
[0.60477638;
 -0.2310352;
 1.3937327]
Keyframe: 70 Frame: 355 Frame from vFrameID : 356
Tcw:
[0.99975961, 0.021914309, 0.00064926187, 0.61675394;
 -0.021862349, 0.99873245, -0.045338321, -0.23593178;
 -0.0016419968, 0.045313228, 0.99897146, 1.4129816;
 0, 0, 0, 1]
Twc:
[0.99975961, -0.021862349, -0.0016419968, -0.61944366;
 0.021914309, 0.99873245, 0.045313228, 0.15809023;
 0.00064926187, -0.045338321, 0.99897146, -1.4226255;
 0, 0, 0, 1]
Ow:
[0.61675394;
 -0.23593178;
 1.4129816]
Keyframe: 71 Frame: 359 Frame from vFrameID : 360
Tcw:
[0.99971545, 0.023748569, -0.0022532006, 0.62636083;
 -0.02382284, 0.9988147, -0.042446502, -0.23853856;
 0.0012424861, 0.042488102, 0.99909621, 1.4334594;
 0, 0, 0, 1]
Twc:
[0.99971545, -0.02382284, 0.0012424861, -0.63364631;
 0.023748569, 0.9988147, 0.042488102, 0.16247568;
 -0.0022532006, -0.042446502, 0.99909621, -1.4408777;
 0, 0, 0, 1]
Ow:
[0.62636083;
 -0.23853856;
 1.4334594]
Keyframe: 72 Frame: 363 Frame from vFrameID : 364
Tcw:
[0.99969274, 0.023579393, 0.0076428968, 0.63634753;
 -0.02323385, 0.99882537, -0.042521182, -0.24144039;
 -0.0086365426, 0.042330544, 0.99906635, 1.4607058;
 0, 0, 0, 1]
Twc:
[0.99969274, -0.02323385, -0.0086365426, -0.62914616;
 0.023579393, 0.99882537, 0.042330544, 0.16431962;
 0.0076428968, -0.042521182, 0.99906635, -1.4744718;
 0, 0, 0, 1]
Ow:
[0.63634753;
 -0.24144039;
 1.4607058]
Keyframe: 73 Frame: 366 Frame from vFrameID : 367
Tcw:
[0.9994604, 0.022674471, 0.023764426, 0.64401263;
 -0.02162824, 0.99882388, -0.04339397, -0.23956878;
 -0.024720412, 0.04285657, 0.99877536, 1.4888418;
 0, 0, 0, 1]
Twc:
[0.9994604, -0.02162824, -0.024720412, -0.61204183;
 0.022674471, 0.99882388, 0.04285657, 0.16087773;
 0.023764426, -0.04339397, 0.99877536, -1.5127189;
 0, 0, 0, 1]
Ow:
[0.64401263;
 -0.23956878;
 1.4888418]
Keyframe: 74 Frame: 370 Frame from vFrameID : 371
Tcw:
[0.99956739, 0.011955338, 0.026871415, 0.64988631;
 -0.011105014, 0.99943972, -0.03157369, -0.24637543;
 -0.027233833, 0.031261627, 0.99914014, 1.5169054;
 0, 0, 0, 1]
Twc:
[0.99956739, -0.011105014, -0.027233833, -0.61103004;
 0.011955338, 0.99943972, 0.031261627, 0.19104685;
 0.026871415, -0.03157369, 0.99914014, -1.5408435;
 0, 0, 0, 1]
Ow:
[0.64988631;
 -0.24637543;
 1.5169054]
Keyframe: 75 Frame: 374 Frame from vFrameID : 375
Tcw:
[0.99958634, 0.0061570113, 0.028092405, 0.65499675;
 -0.0052697426, 0.99948829, -0.031549383, -0.25440115;
 -0.02827228, 0.031388294, 0.9991073, 1.5368285;
 0, 0, 0, 1]
Twc:
[0.99958634, -0.0052697426, -0.02827228, -0.61261684;
 0.0061570113, 0.99948829, 0.031388294, 0.20199971;
 0.028092405, -0.031549383, 0.9991073, -1.5618833;
 0, 0, 0, 1]
Ow:
[0.65499675;
 -0.25440115;
 1.5368285]
Keyframe: 76 Frame: 378 Frame from vFrameID : 379
Tcw:
[0.99946105, 0.0075664818, 0.031943019, 0.6616025;
 -0.0064089624, 0.99932456, -0.036185149, -0.25890315;
 -0.03219524, 0.035960928, 0.99883443, 1.5523224;
 0, 0, 0, 1]
Twc:
[0.99946105, -0.0064089624, -0.03219524, -0.61292779;
 0.0075664818, 0.99932456, 0.035960928, 0.19789931;
 0.031943019, -0.036185149, 0.99883443, -1.5810151;
 0, 0, 0, 1]
Ow:
[0.6616025;
 -0.25890315;
 1.5523224]
Keyframe: 77 Frame: 381 Frame from vFrameID : 382
Tcw:
[0.99977565, 0.013398497, 0.016403565, 0.67321885;
 -0.012753533, 0.99916518, -0.038811073, -0.26106447;
 -0.016909882, 0.038593162, 0.99911189, 1.5699071;
 0, 0, 0, 1]
Twc:
[0.99977565, -0.012753533, -0.016909882, -0.64985037;
 0.013398497, 0.99916518, 0.038593162, 0.19123872;
 0.016403565, -0.038811073, 0.99911189, -1.5896883;
 0, 0, 0, 1]
Ow:
[0.67321885;
 -0.26106447;
 1.5699071]
Keyframe: 78 Frame: 385 Frame from vFrameID : 386
Tcw:
[0.99955177, 0.029225841, -0.0064922739, 0.68808448;
 -0.029486444, 0.99857283, -0.044529367, -0.26132107;
 0.0051815999, 0.044700842, 0.99898696, 1.5862219;
 0, 0, 0, 1]
Twc:
[0.99955177, -0.029486444, 0.0051815999, -0.70370066;
 0.029225841, 0.99857283, 0.044700842, 0.1699328;
 -0.0064922739, -0.044529367, 0.99898696, -1.5917844;
 0, 0, 0, 1]
Ow:
[0.68808448;
 -0.26132107;
 1.5862219]
Keyframe: 79 Frame: 389 Frame from vFrameID : 390
Tcw:
[0.99892062, 0.043685883, -0.015784517, 0.70859641;
 -0.044261836, 0.99828953, -0.038195752, -0.26336631;
 0.014088903, 0.038853176, 0.99914563, 1.6030458;
 0, 0, 0, 1]
Twc:
[0.99892062, -0.044261836, 0.014088903, -0.74207377;
 0.043685883, 0.99828953, 0.038853176, 0.16967675;
 -0.015784517, -0.038195752, 0.99914563, -1.6005508;
 0, 0, 0, 1]
Ow:
[0.70859641;
 -0.26336631;
 1.6030458]
Keyframe: 80 Frame: 393 Frame from vFrameID : 394
Tcw:
[0.99854779, 0.03882936, -0.037343912, 0.71564698;
 -0.040386103, 0.99830621, -0.041877281, -0.26840955;
 0.035654593, 0.043324642, 0.99842465, 1.6160334;
 0, 0, 0, 1]
Twc:
[0.99854779, -0.040386103, 0.035654593, -0.78306681;
 0.03882936, 0.99830621, 0.043324642, 0.17015274;
 -0.037343912, -0.041877281, 0.99842465, -1.5980028;
 0, 0, 0, 1]
Ow:
[0.71564698;
 -0.26840955;
 1.6160334]
Keyframe: 81 Frame: 397 Frame from vFrameID : 398
Tcw:
[0.99868542, 0.031857781, -0.040156145, 0.72161925;
 -0.032857064, 0.99916035, -0.024475437, -0.26694098;
 0.039342694, 0.025762675, 0.99889362, 1.6299062;
 0, 0, 0, 1]
Twc:
[0.99868542, -0.032857064, 0.039342694, -0.79356641;
 0.031857781, 0.99916035, 0.025762675, 0.20173691;
 -0.040156145, -0.024475437, 0.99889362, -1.6056589;
 0, 0, 0, 1]
Ow:
[0.72161925;
 -0.26694098;
 1.6299062]
Keyframe: 82 Frame: 400 Frame from vFrameID : 401
Tcw:
[0.99899322, 0.032657102, -0.030757207, 0.72725141;
 -0.033480283, 0.99908429, -0.026640216, -0.2693561;
 0.029859049, 0.027643157, 0.99917179, 1.6457505;
 0, 0, 0, 1]
Twc:
[0.99899322, -0.033480283, 0.029859049, -0.78467798;
 0.032657102, 0.99908429, 0.027643157, 0.19986576;
 -0.030757207, -0.026640216, 0.99917179, -1.6291951;
 0, 0, 0, 1]
Ow:
[0.72725141;
 -0.2693561;
 1.6457505]
Keyframe: 83 Frame: 404 Frame from vFrameID : 405
Tcw:
[0.99952269, 0.025659908, -0.017203212, 0.73268938;
 -0.026500937, 0.99836802, -0.050586887, -0.2737537;
 0.015877081, 0.051018644, 0.99857152, 1.6734333;
 0, 0, 0, 1]
Twc:
[0.99952269, -0.026500937, 0.015877081, -0.76616365;
 0.025659908, 0.99836802, 0.051018644, 0.16912991;
 -0.017203212, -0.050586887, 0.99857152, -1.6722865;
 0, 0, 0, 1]
Ow:
[0.73268938;
 -0.2737537;
 1.6734333]
Keyframe: 84 Frame: 407 Frame from vFrameID : 408
Tcw:
[0.9995721, 0.021681415, -0.019635821, 0.73349988;
 -0.022700779, 0.99832201, -0.053271636, -0.27776137;
 0.018447869, 0.053694591, 0.99838698, 1.6852876;
 0, 0, 0, 1]
Twc:
[0.9995721, -0.022700779, 0.018447869, -0.77058136;
 0.021681415, 0.99832201, 0.053694591, 0.17090115;
 -0.019635821, -0.053271636, 0.99838698, -1.6829631;
 0, 0, 0, 1]
Ow:
[0.73349988;
 -0.27776137;
 1.6852876]
Keyframe: 85 Frame: 411 Frame from vFrameID : 412
Tcw:
[0.99990791, 0.0073805451, -0.011387438, 0.73501152;
 -0.008013404, 0.99836653, -0.056569103, -0.2824294;
 0.010951325, 0.056655146, 0.99833375, 1.702897;
 0, 0, 0, 1]
Twc:
[0.99990791, -0.008013404, 0.010951325, -0.7558561;
 0.0073805451, 0.99836653, 0.056655146, 0.18006541;
 -0.011387438, -0.056569103, 0.99833375, -1.7076664;
 0, 0, 0, 1]
Ow:
[0.73501152;
 -0.2824294;
 1.702897]
Keyframe: 86 Frame: 414 Frame from vFrameID : 415
Tcw:
[0.99997479, 0.0055342009, -0.0044513415, 0.74274528;
 -0.0057673389, 0.998514, -0.054189585, -0.28352848;
 0.0041448311, 0.054213889, 0.99852073, 1.7195933;
 0, 0, 0, 1]
Twc:
[0.99997479, -0.0057673389, 0.0041448311, -0.75148922;
 0.0055342009, 0.998514, 0.054213889, 0.18577081;
 -0.0044513415, -0.054189585, 0.99852073, -1.7291076;
 0, 0, 0, 1]
Ow:
[0.74274528;
 -0.28352848;
 1.7195933]
Keyframe: 87 Frame: 418 Frame from vFrameID : 419
Tcw:
[0.9999814, 0.0057292655, -0.0020999785, 0.75072849;
 -0.0058147889, 0.99904621, -0.043276418, -0.28751317;
 0.0018500335, 0.043287821, 0.99906093, 1.7402738;
 0, 0, 0, 1]
Twc:
[0.9999814, -0.0058147889, 0.0018500335, -0.75560588;
 0.0057292655, 0.99904621, 0.043287821, 0.20760515;
 -0.0020999785, -0.043276418, 0.99906093, -1.7495056;
 0, 0, 0, 1]
Ow:
[0.75072849;
 -0.28751317;
 1.7402738]
Keyframe: 88 Frame: 422 Frame from vFrameID : 423
Tcw:
[0.99982101, 0.014089139, -0.012627347, 0.76591837;
 -0.01484791, 0.99795574, -0.062159892, -0.29119408;
 0.011725754, 0.062336255, 0.99798632, 1.7613575;
 0, 0, 0, 1]
Twc:
[0.99982101, -0.01484791, 0.011725754, -0.79075819;
 0.014089139, 0.99795574, 0.062336255, 0.17001127;
 -0.012627347, -0.062159892, 0.99798632, -1.7662398;
 0, 0, 0, 1]
Ow:
[0.76591837;
 -0.29119408;
 1.7613575]
Keyframe: 89 Frame: 426 Frame from vFrameID : 427
Tcw:
[0.99927247, 0.030757306, -0.022551673, 0.78653485;
 -0.032072678, 0.99765319, -0.060493007, -0.29594857;
 0.020638147, 0.061172288, 0.99791384, 1.780704;
 0, 0, 0, 1]
Twc:
[0.99927247, -0.032072678, 0.020638147, -0.83220488;
 0.030757306, 0.99765319, 0.061172288, 0.16213261;
 -0.022551673, -0.060493007, 0.99791384, -1.7771543;
 0, 0, 0, 1]
Ow:
[0.78653485;
 -0.29594857;
 1.780704]
Keyframe: 90 Frame: 431 Frame from vFrameID : 432
Tcw:
[0.99916679, 0.027738998, -0.029938757, 0.79935837;
 -0.029342609, 0.99808121, -0.054524131, -0.29889098;
