Keyframe: 0 Frame: 0 Frame from vFrameID : 7
Tcw:
[1, 0, 0, 0;
 0, 1, 0, 0;
 0, 0, 1, 0;
 0, 0, 0, 1]
Twc:
[1, 0, 0, 0;
 0, 1, 0, 0;
 0, 0, 1, 0;
 0, 0, 0, 1]
Ow:
[0;
 0;
 0]
Keyframe: 1 Frame: 6 Frame from vFrameID : 7
Tcw:
[0.99939817, 0.00079017197, -0.034679376, -0.0053987275;
 -0.0009399362, 0.99999028, -0.0043024486, 0.0098939445;
 0.034675639, 0.0043324558, 0.99938923, -0.11662476;
 0, 0, 0, 1]
Twc:
[0.99939817, -0.0009399362, 0.034675639, 0.0094488161;
 0.00079017197, 0.99999028, 0.0043324558, -0.0093843117;
 -0.034679376, -0.0043024486, 0.99938923, 0.11640887;
 0, 0, 0, 1]
Ow:
[-0.0053987275;
 0.0098939445;
 -0.11662476]
Keyframe: 2 Frame: 8 Frame from vFrameID : 9
Tcw:
[0.99944532, -0.0011773477, -0.033281073, -0.0075561525;
 0.00099087856, 0.99998373, -0.0056188004, 0.010065427;
 0.033287145, 0.0055827065, 0.99943024, -0.11854089;
 0, 0, 0, 1]
Twc:
[0.99944532, 0.00099087856, 0.033287145, 0.011487876;
 -0.0011773477, 0.99998373, 0.0055827065, -0.0094123809;
 -0.033281073, -0.0056188004, 0.99943024, 0.11827843;
 0, 0, 0, 1]
Ow:
[-0.0075561525;
 0.010065427;
 -0.11854089]
Keyframe: 3 Frame: 10 Frame from vFrameID : 11
Tcw:
[0.99953586, -0.0023293321, -0.030374654, -0.0069818469;
 0.0020530296, 0.99995625, -0.0091244923, 0.011496173;
 0.030394578, 0.0090578971, 0.99949694, -0.11941251;
 0, 0, 0, 1]
Twc:
[0.99953586, 0.0020530296, 0.030394578, 0.010584498;
 -0.0023293321, 0.99995625, 0.0090578971, -0.010430308;
 -0.030374654, -0.0091244923, 0.99949694, 0.11924526;
 0, 0, 0, 1]
Ow:
[-0.0069818469;
 0.011496173;
 -0.11941251]
Keyframe: 4 Frame: 12 Frame from vFrameID : 13
Tcw:
[0.99966991, -0.00082388992, -0.025678098, -0.0075136796;
 0.0007158143, 0.99999082, -0.0042177709, 0.011954911;
 0.025681339, 0.004197998, 0.99966139, -0.11998414;
 0, 0, 0, 1]
Twc:
[0.99966991, 0.0007158143, 0.025681339, 0.010583995;
 -0.00082388992, 0.99999082, 0.004197998, -0.0114573;
 -0.025678098, -0.0042177709, 0.99966139, 0.119801;
 0, 0, 0, 1]
Ow:
[-0.0075136796;
 0.011954911;
 -0.11998414]
Keyframe: 5 Frame: 14 Frame from vFrameID : 15
Tcw:
[0.99976575, -0.00098534685, -0.021620076, -0.0095047262;
 0.00097602926, 0.9999994, -0.00044151652, 0.010714464;
 0.021620499, 0.00042031126, 0.99976617, -0.11858122;
 0, 0, 0, 1]
Twc:
[0.99976575, 0.00097602926, 0.021620499, 0.012055827;
 -0.00098534685, 0.9999994, 0.00042031126, -0.010673983;
 -0.021620076, -0.00044151652, 0.99976617, 0.11835273;
 0, 0, 0, 1]
Ow:
[-0.0095047262;
 0.010714464;
 -0.11858122]
Keyframe: 6 Frame: 16 Frame from vFrameID : 17
Tcw:
[0.99975002, 2.0830139e-05, -0.022358881, -0.0096054785;
 -7.2966359e-05, 0.99999726, -0.0023309768, 0.0091822296;
 0.022358773, 0.0023320254, 0.99974728, -0.11818182;
 0, 0, 0, 1]
Twc:
[0.99975002, -7.2966359e-05, 0.022358773, 0.012246148;
 2.0830139e-05, 0.99999726, 0.0023320254, -0.0089064017;
 -0.022358881, -0.0023309768, 0.99974728, 0.1179586;
 0, 0, 0, 1]
Ow:
[-0.0096054785;
 0.0091822296;
 -0.11818182]
Keyframe: 7 Frame: 18 Frame from vFrameID : 19
Tcw:
[0.99970376, 0.0021983308, -0.024239033, -0.0076477877;
 -0.0023668248, 0.99997324, -0.0069248532, 0.010346939;
 0.024223162, 0.0069801714, 0.99968219, -0.11929742;
 0, 0, 0, 1]
Twc:
[0.99970376, -0.0023668248, 0.024223162, 0.010559772;
 0.0021983308, 0.99997324, 0.0069801714, -0.0094971331;
 -0.024239033, -0.0069248532, 0.99968219, 0.11914579;
 0, 0, 0, 1]
Ow:
[-0.0076477877;
 0.010346939;
 -0.11929742]
Keyframe: 8 Frame: 20 Frame from vFrameID : 21
Tcw:
[0.9997012, 0.00072775793, -0.024433844, -0.009418387;
 -0.00086951349, 0.99998283, -0.0057914844, 0.010548923;
 0.02442921, 0.0058109993, 0.99968469, -0.11975457;
 0, 0, 0, 1]
Twc:
[0.9997012, -0.00086951349, 0.02442921, 0.012350254;
 0.00072775793, 0.99998283, 0.0058109993, -0.0098459935;
 -0.024433844, -0.0057914844, 0.99968469, 0.11954777;
 0, 0, 0, 1]
Ow:
[-0.009418387;
 0.010548923;
 -0.11975457]
Keyframe: 9 Frame: 22 Frame from vFrameID : 23
Tcw:
[0.99959469, -0.00078894588, -0.028457081, -0.0096321367;
 0.00072487851, 0.9999972, -0.0022616144, 0.0090147126;
 0.028458785, 0.0022400699, 0.99959248, -0.11835302;
 0, 0, 0, 1]
Twc:
[0.99959469, 0.00072487851, 0.028458785, 0.012989881;
 -0.00078894588, 0.9999972, 0.0022400699, -0.0087571666;
 -0.028457081, -0.0022616144, 0.99959248, 0.11805107;
 0, 0, 0, 1]
Ow:
[-0.0096321367;
 0.0090147126;
 -0.11835302]
Keyframe: 10 Frame: 24 Frame from vFrameID : 25
Tcw:
[0.99962646, -0.00062654197, -0.027322594, -0.0097547527;
 0.00051786564, 0.99999195, -0.0039844201, 0.0087494049;
 0.02732487, 0.0039687823, 0.99961871, -0.11801728;
 0, 0, 0, 1]
Twc:
[0.99962646, 0.00051786564, 0.02732487, 0.012971385;
 -0.00062654197, 0.99999195, 0.0039687823, -0.0082870619;
 -0.027322594, -0.0039844201, 0.99961871, 0.11774062;
 0, 0, 0, 1]
Ow:
[-0.0097547527;
 0.0087494049;
 -0.11801728]
Keyframe: 11 Frame: 26 Frame from vFrameID : 27
Tcw:
[0.99968839, -0.0023952543, -0.024848152, -0.009403754;
 0.0022444103, 0.9999789, -0.0060967417, 0.01023716;
 0.02486223, 0.0060390723, 0.99967265, -0.11884522;
 0, 0, 0, 1]
Twc:
[0.99968839, 0.0022444103, 0.02486223, 0.012332604;
 -0.0023952543, 0.9999789, 0.0060390723, -0.0095417537;
 -0.024848152, -0.0060967417, 0.99967265, 0.11863506;
 0, 0, 0, 1]
Ow:
[-0.009403754;
 0.01023716;
 -0.11884522]
Keyframe: 12 Frame: 28 Frame from vFrameID : 29
Tcw:
[0.99968088, -0.0024083811, -0.025147032, -0.0086263772;
 0.0022752455, 0.99998325, -0.0053215567, 0.009033191;
 0.025159428, 0.0052626431, 0.99966961, -0.11803603;
 0, 0, 0, 1]
Twc:
[0.99968088, 0.0022752455, 0.025159428, 0.011572789;
 -0.0024083811, 0.99998325, 0.0052626431, -0.0084326342;
 -0.025147032, -0.0053215567, 0.99966961, 0.11782818;
 0, 0, 0, 1]
Ow:
[-0.0086263772;
 0.009033191;
 -0.11803603]
Keyframe: 13 Frame: 30 Frame from vFrameID : 31
Tcw:
[0.99975991, -0.00088943623, -0.021893514, -0.0087615168;
 0.00066342123, 0.99994642, -0.010328475, 0.0096724425;
 0.021901529, 0.010311471, 0.99970698, -0.11805689;
 0, 0, 0, 1]
Twc:
[0.99975991, 0.00066342123, 0.021901529, 0.011338622;
 -0.00088943623, 0.99994642, 0.010311471, -0.0084623769;
 -0.021893514, -0.010328475, 0.99970698, 0.11793037;
 0, 0, 0, 1]
Ow:
[-0.0087615168;
 0.0096724425;
 -0.11805689]
Keyframe: 14 Frame: 32 Frame from vFrameID : 33
Tcw:
[0.99966961, -0.0034259732, -0.025474945, -0.011548322;
 0.0031657633, 0.99994248, -0.010247672, 0.0090517374;
 0.025508588, 0.010163638, 0.99962294, -0.11711232;
 0, 0, 0, 1]
Twc:
[0.99966961, 0.0031657633, 0.025508588, 0.01450322;
 -0.0034259732, 0.99994248, 0.010163638, -0.0079004942;
 -0.025474945, -0.010247672, 0.99962294, 0.11686672;
 0, 0, 0, 1]
Ow:
[-0.011548322;
 0.0090517374;
 -0.11711232]
Keyframe: 15 Frame: 34 Frame from vFrameID : 35
Tcw:
[0.9995541, -0.0035947892, -0.029642373, -0.011215072;
 0.0032846739, 0.99993944, -0.010503958, 0.0082394537;
 0.029678337, 0.010401908, 0.9995054, -0.11694679;
 0, 0, 0, 1]
Twc:
[0.9995541, 0.0032846739, 0.029678337, 0.014653794;
 -0.0035947892, 0.99993944, 0.010401908, -0.0070628007;
 -0.029642373, -0.010503958, 0.9995054, 0.11664304;
 0, 0, 0, 1]
Ow:
[-0.011215072;
 0.0082394537;
 -0.11694679]
Keyframe: 16 Frame: 36 Frame from vFrameID : 37
Tcw:
[0.99954158, -0.0011937063, -0.030251943, -0.0078130774;
 0.00080940308, 0.99991888, -0.012712485, 0.0092272395;
 0.030264663, 0.012682172, 0.99946147, -0.11822925;
 0, 0, 0, 1]
Twc:
[0.99954158, 0.00080940308, 0.030264663, 0.011380197;
 -0.0011937063, 0.99991888, 0.012682172, -0.0077364142;
 -0.030251943, -0.012712485, 0.99946147, 0.11804651;
 0, 0, 0, 1]
Ow:
[-0.0078130774;
 0.0092272395;
 -0.11822925]
Keyframe: 17 Frame: 38 Frame from vFrameID : 39
Tcw:
[0.99960583, 0.0017539444, -0.028019655, -0.0082368525;
 -0.0021540017, 0.99989611, -0.014253942, 0.0091572441;
 0.027991744, 0.014308678, 0.99950576, -0.11846329;
 0, 0, 0, 1]
Twc:
[0.99960583, -0.0021540017, 0.027991744, 0.011569325;
 0.0017539444, 0.99989611, 0.014308678, -0.007446792;
 -0.028019655, -0.014253942, 0.99950576, 0.11830448;
 0, 0, 0, 1]
Ow:
[-0.0082368525;
 0.0091572441;
 -0.11846329]
Keyframe: 18 Frame: 40 Frame from vFrameID : 41
Tcw:
[0.9995988, 0.0025501582, -0.028209021, -0.0088589666;
 -0.0029433288, 0.99989897, -0.013905034, 0.0094655231;
 0.028170712, 0.013982484, 0.99950534, -0.11802863;
 0, 0, 0, 1]
Twc:
[0.9995988, -0.0029433288, 0.028170712, 0.012208222;
 0.0025501582, 0.99989897, 0.013982484, -0.0077916416;
 -0.028209021, -0.013905034, 0.99950534, 0.11785195;
 0, 0, 0, 1]
Ow:
[-0.0088589666;
 0.0094655231;
 -0.11802863]
Keyframe: 19 Frame: 42 Frame from vFrameID : 43
Tcw:
[0.99962699, 0.0033278146, -0.027107781, -0.0078674229;
 -0.0037013143, 0.99989873, -0.013739815, 0.0096285343;
 0.027059313, 0.013835024, 0.99953806, -0.11799876;
 0, 0, 0, 1]
Twc:
[0.99962699, -0.0037013143, 0.027059313, 0.011093091;
 0.0033278146, 0.99989873, 0.013835024, -0.0079688625;
 -0.027107781, -0.013739815, 0.99953806, 0.11786329;
 0, 0, 0, 1]
Ow:
[-0.0078674229;
 0.0096285343;
 -0.11799876]
Keyframe: 20 Frame: 44 Frame from vFrameID : 45
Tcw:
[0.99975532, 0.0022702976, -0.022003686, -0.0091514364;
 -0.0025352438, 0.99992454, -0.01202059, 0.010127918;
 0.021974735, 0.012073433, 0.99968565, -0.11653116;
 0, 0, 0, 1]
Twc:
[0.99975532, -0.0025352438, 0.021974735, 0.011735615;
 0.0022702976, 0.99992454, 0.012073433, -0.008699446;
 -0.022003686, -0.01202059, 0.99968565, 0.1164149;
 0, 0, 0, 1]
Ow:
[-0.0091514364;
 0.010127918;
 -0.11653116]
Keyframe: 21 Frame: 47 Frame from vFrameID : 48
Tcw:
[0.99986595, 0.0015245385, -0.01630054, -0.013302878;
 -0.0017027791, 0.99993885, -0.01092636, 0.0098549211;
 0.016282886, 0.010952652, 0.99980742, -0.11509422;
 0, 0, 0, 1]
Twc:
[0.99986595, -0.0017027791, 0.016282886, 0.015191942;
 0.0015245385, 0.99993885, 0.010952652, -0.0085734511;
 -0.01630054, -0.01092636, 0.99980742, 0.1149629;
 0, 0, 0, 1]
Ow:
[-0.013302878;
 0.0098549211;
 -0.11509422]
Keyframe: 22 Frame: 50 Frame from vFrameID : 51
Tcw:
[0.99995095, 0.00078585994, -0.009870653, -0.018106222;
 -0.00095289818, 0.99985623, -0.016929427, 0.011101296;
 0.0098559298, 0.016938003, 0.99980795, -0.11271385;
 0, 0, 0, 1]
Twc:
[0.99995095, -0.00095289818, 0.0098559298, 0.019226814;
 0.00078585994, 0.99985623, 0.016938003, -0.0091763241;
 -0.009870653, -0.016929427, 0.99980795, 0.11270142;
 0, 0, 0, 1]
Ow:
[-0.018106222;
 0.011101296;
 -0.11271385]
Keyframe: 23 Frame: 54 Frame from vFrameID : 55
Tcw:
[0.999897, -0.0095257042, -0.010737262, -0.02389057;
 0.0093311649, 0.99979401, -0.018024921, 0.012000608;
 0.01090675, 0.017922873, 0.99977988, -0.11184687;
 0, 0, 0, 1]
Twc:
[0.999897, 0.0093311649, 0.01090675, 0.024996014;
 -0.0095257042, 0.99979401, 0.017922873, -0.010221094;
 -0.010737262, -0.018024921, 0.99977988, 0.11178204;
 0, 0, 0, 1]
Ow:
[-0.02389057;
 0.012000608;
 -0.11184687]
Keyframe: 24 Frame: 58 Frame from vFrameID : 59
Tcw:
[0.99983895, -0.0094909528, -0.015233366, -0.022732111;
 0.0094103944, 0.99994141, -0.0053512501, 0.016450712;
 0.015283261, 0.0052070362, 0.99986964, -0.11425262;
 0, 0, 0, 1]
Twc:
[0.99983895, 0.0094103944, 0.015283261, 0.024319794;
 -0.0094909528, 0.99994141, 0.0052070362, -0.016070582;
 -0.015233366, -0.0053512501, 0.99986964, 0.11397947;
 0, 0, 0, 1]
Ow:
[-0.022732111;
 0.016450712;
 -0.11425262]
Keyframe: 25 Frame: 62 Frame from vFrameID : 63
Tcw:
[0.99967402, -0.0032005678, -0.025329525, -0.017500732;
 0.0031323177, 0.99999136, -0.0027337014, 0.014570477;
 0.025338056, 0.00265347, 0.99967539, -0.11601278;
 0, 0, 0, 1]
Twc:
[0.99967402, 0.0031323177, 0.025338056, 0.020388927;
 -0.0032005678, 0.99999136, 0.00265347, -0.014318528;
 -0.025329525, -0.0027337014, 0.99967539, 0.11557167;
 0, 0, 0, 1]
Ow:
[-0.017500732;
 0.014570477;
 -0.11601278]
Keyframe: 26 Frame: 65 Frame from vFrameID : 66
Tcw:
[0.99952304, -0.0030011719, -0.030735549, -0.011065381;
 0.0029155605, 0.99999177, -0.0028298544, 0.020105956;
 0.030743787, 0.0027388935, 0.99952352, -0.12277338;
 0, 0, 0, 1]
Twc:
[0.99952304, 0.0029155605, 0.030743787, 0.014776002;
 -0.0030011719, 0.99999177, 0.0027388935, -0.019802736;
 -0.030735549, -0.0028298544, 0.99952352, 0.12243169;
 0, 0, 0, 1]
Ow:
[-0.011065381;
 0.020105956;
 -0.12277338]
Keyframe: 27 Frame: 69 Frame from vFrameID : 70
Tcw:
[0.99934119, -0.0026769009, -0.036194738, -0.009707056;
 0.0028899258, 0.99997878, 0.005834484, 0.023860846;
 0.036178354, -0.0059352401, 0.99932772, -0.12844652;
 0, 0, 0, 1]
Twc:
[0.99934119, 0.0028899258, 0.036178354, 0.014278688;
 -0.0026769009, 0.99997878, -0.0059352401, -0.024648687;
 -0.036194738, 0.005834484, 0.99932772, 0.12786961;
 0, 0, 0, 1]
Ow:
[-0.009707056;
 0.023860846;
 -0.12844652]
Keyframe: 28 Frame: 73 Frame from vFrameID : 74
Tcw:
[0.99890745, -0.0087595275, -0.045903467, -0.013394125;
 0.0094969971, 0.99982893, 0.015872275, 0.027640129;
 0.045756578, -0.016290879, 0.99881977, -0.13391033;
 0, 0, 0, 1]
Twc:
[0.99890745, 0.0094969971, 0.045756578, 0.019244272;
 -0.0087595275, 0.99982893, -0.016290879, -0.029934242;
 -0.045903467, 0.015872275, 0.99881977, 0.13269873;
 0, 0, 0, 1]
Ow:
[-0.013394125;
 0.027640129;
 -0.13391033]
Keyframe: 29 Frame: 77 Frame from vFrameID : 78
Tcw:
[0.99892855, -0.015845167, -0.043482367, -0.018686064;
 0.016486568, 0.99975991, 0.014432059, 0.030007312;
 0.043243248, -0.01513347, 0.99894994, -0.13942088;
 0, 0, 0, 1]
Twc:
[0.99892855, 0.016486568, 0.043243248, 0.024200337;
 -0.015845167, 0.99975991, -0.01513347, -0.032406118;
 -0.043482367, 0.014432059, 0.99894994, 0.1380289;
 0, 0, 0, 1]
Ow:
[-0.018686064;
 0.030007312;
 -0.13942088]
Keyframe: 30 Frame: 81 Frame from vFrameID : 82
Tcw:
[0.9991371, -0.01576799, -0.038423952, -0.026877312;
 0.016018813, 0.9998523, 0.0062286812, 0.029100418;
 0.038320061, -0.0068388125, 0.99924213, -0.1436518;
 0, 0, 0, 1]
Twc:
[0.9991371, 0.016018813, 0.038320061, 0.031892709;
 -0.01576799, 0.9998523, -0.0068388125, -0.030502329;
 -0.038423952, 0.0062286812, 0.99924213, 0.14232893;
 0, 0, 0, 1]
Ow:
[-0.026877312;
 0.029100418;
 -0.1436518]
Keyframe: 31 Frame: 85 Frame from vFrameID : 86
Tcw:
[0.999071, -0.016203124, -0.039932661, -0.041149918;
 0.015821753, 0.99982631, -0.009847966, 0.03126378;
 0.040085293, 0.0092070131, 0.99915385, -0.15027159;
 0, 0, 0, 1]
Twc:
[0.999071, 0.015821753, 0.040085293, 0.046640724;
 -0.016203124, 0.99982631, 0.0092070131, -0.030541554;
 -0.039932661, -0.009847966, 0.99915385, 0.14880911;
 0, 0, 0, 1]
Ow:
[-0.041149918;
 0.03126378;
 -0.15027159]
Keyframe: 32 Frame: 89 Frame from vFrameID : 90
Tcw:
[0.99824953, -0.028977931, -0.051557325, -0.052999102;
 0.028310513, 0.99950624, -0.013628813, 0.032732114;
 0.051926803, 0.012145341, 0.99857706, -0.15435761;
 0, 0, 0, 1]
Twc:
[0.99824953, 0.028310513, 0.051926803, 0.059994962;
 -0.028977931, 0.99950624, 0.012145341, -0.032377031;
 -0.051557325, -0.013628813, 0.99857706, 0.15185158;
 0, 0, 0, 1]
Ow:
[-0.052999102;
 0.032732114;
 -0.15435761]
Keyframe: 33 Frame: 93 Frame from vFrameID : 94
Tcw:
[0.9985382, -0.028104061, -0.04616943, -0.057165727;
 0.027423065, 0.99950653, -0.015317831, 0.031576831;
 0.046577141, 0.014029332, 0.99881619, -0.15551016;
 0, 0, 0, 1]
Twc:
[0.9985382, 0.027423065, 0.046577141, 0.063459449;
 -0.028104061, 0.99950653, 0.014029332, -0.030986136;
 -0.04616943, -0.015317831, 0.99881619, 0.15317044;
 0, 0, 0, 1]
Ow:
[-0.057165727;
 0.031576831;
 -0.15551016]
Keyframe: 34 Frame: 97 Frame from vFrameID : 98
Tcw:
[0.99935764, -0.019173296, -0.030276213, -0.05216999;
 0.018462958, 0.99955171, -0.023569737, 0.031688046;
 0.030714549, 0.022995608, 0.99926364, -0.15884869;
 0, 0, 0, 1]
Twc:
[0.99935764, 0.018462958, 0.030714549, 0.056430388;
 -0.019173296, 0.99955171, 0.022995608, -0.029021287;
 -0.030276213, -0.023569737, 0.99926364, 0.1578991;
 0, 0, 0, 1]
Ow:
[-0.05216999;
 0.031688046;
 -0.15884869]
Keyframe: 35 Frame: 101 Frame from vFrameID : 102
Tcw:
[0.99947339, -0.015854064, -0.028313315, -0.048899315;
 0.015464685, 0.99978352, -0.013918967, 0.030700197;
 0.028527858, 0.013473781, 0.99950218, -0.15503679;
 0, 0, 0, 1]
Twc:
[0.99947339, 0.015464685, 0.028527858, 0.052821659;
 -0.015854064, 0.99978352, 0.013473781, -0.029379874;
 -0.028313315, -0.013918967, 0.99950218, 0.15400243;
 0, 0, 0, 1]
Ow:
[-0.048899315;
 0.030700197;
 -0.15503679]
Keyframe: 36 Frame: 105 Frame from vFrameID : 106
Tcw:
[0.99943954, -0.015793959, -0.029516356, -0.040039908;
 0.015413967, 0.99979591, -0.013057426, 0.028308785;
 0.029716561, 0.012595142, 0.999479, -0.14716744;
 0, 0, 0, 1]
Twc:
[0.99943954, 0.015413967, 0.029716561, 0.043954425;
 -0.015793959, 0.99979591, 0.012595142, -0.027081801;
 -0.029516356, -0.013057426, 0.999479, 0.14627858;
 0, 0, 0, 1]
Ow:
[-0.040039908;
 0.028308785;
 -0.14716744]
Keyframe: 37 Frame: 109 Frame from vFrameID : 110
Tcw:
[0.99944675, -0.0099648153, -0.031731207, -0.020681782;
 0.0096158171, 0.99989182, -0.011132242, 0.025130589;
 0.031838704, 0.010820962, 0.99943447, -0.13516435;
 0, 0, 0, 1]
Twc:
[0.99944675, 0.0096158171, 0.031838704, 0.024732148;
 -0.0099648153, 0.99989182, 0.010820962, -0.023871351;
 -0.031731207, -0.011132242, 0.99943447, 0.13471141;
 0, 0, 0, 1]
Ow:
[-0.020681782;
 0.025130589;
 -0.13516435]
Keyframe: 38 Frame: 113 Frame from vFrameID : 114
Tcw:
[0.99906039, -0.0068443096, -0.042796407, -0.0056743487;
 0.005866678, 0.99971992, -0.022927791, 0.019628046;
 0.042941343, 0.022655174, 0.99882072, -0.1254465;
 0, 0, 0, 1]
Twc:
[0.99906039, 0.005866678, 0.042941343, 0.010940706;
 -0.0068443096, 0.99971992, 0.022655174, -0.016819373;
 -0.042796407, -0.022927791, 0.99882072, 0.12550575;
 0, 0, 0, 1]
Ow:
[-0.0056743487;
 0.019628046;
 -0.1254465]
Keyframe: 39 Frame: 117 Frame from vFrameID : 118
Tcw:
[0.99906135, -0.0048800879, -0.043041375, 0.0082838656;
 0.0037994757, 0.99967641, -0.025152523, 0.019583898;
 0.043150194, 0.024965379, 0.99875665, -0.1158142;
 0, 0, 0, 1]
Twc:
[0.99906135, 0.0037994757, 0.043150194, -0.0033530942;
 -0.0048800879, 0.99967641, 0.024965379, -0.016645789;
 -0.043041375, -0.025152523, 0.99875665, 0.11651933;
 0, 0, 0, 1]
Ow:
[0.0082838656;
 0.019583898;
 -0.1158142]
Keyframe: 40 Frame: 121 Frame from vFrameID : 122
Tcw:
[0.99923021, -0.012134043, -0.037306182, 0.015607429;
 0.011487109, 0.99978077, -0.017506924, 0.018510742;
 0.037510436, 0.017064907, 0.99915051, -0.10232331;
 0, 0, 0, 1]
Twc:
[0.99923021, 0.011487109, 0.037510436, -0.011969858;
 -0.012134043, 0.99978077, 0.017064907, -0.016571164;
 -0.037306182, -0.017506924, 0.99915051, 0.10314271;
 0, 0, 0, 1]
Ow:
[0.015607429;
 0.018510742;
 -0.10232331]
Keyframe: 41 Frame: 126 Frame from vFrameID : 127
Tcw:
[0.99955809, -0.014047537, -0.026196932, 0.022860924;
 0.013800497, 0.9998588, -0.0095871929, 0.017485302;
 0.02632791, 0.0092214262, 0.99961084, -0.081907064;
 0, 0, 0, 1]
Twc:
[0.99955809, 0.013800497, 0.02632791, -0.020935684;
 -0.014047537, 0.9998588, 0.0092214262, -0.016406395;
 -0.026196932, -0.0095871929, 0.99961084, 0.082641713;
 0, 0, 0, 1]
Ow:
[0.022860924;
 0.017485302;
 -0.081907064]
Keyframe: 42 Frame: 130 Frame from vFrameID : 131
Tcw:
[0.99973232, -0.011665769, -0.019979266, 0.028751941;
 0.011223258, 0.99969232, -0.022119254, 0.01417726;
 0.020231158, 0.0218891, 0.99955571, -0.061494503;
 0, 0, 0, 1]
Twc:
[0.99973232, 0.011223258, 0.020231158, -0.027659256;
 -0.011665769, 0.99969232, 0.0218891, -0.012491426;
 -0.019979266, -0.022119254, 0.99955571, 0.062355213;
 0, 0, 0, 1]
Ow:
[0.028751941;
 0.01417726;
 -0.061494503]
Keyframe: 43 Frame: 134 Frame from vFrameID : 135
Tcw:
[0.99977016, -0.015701527, -0.014598662, 0.026889782;
 0.015227492, 0.99937075, -0.032034144, 0.008392103;
 0.015092461, 0.03180448, 0.99938017, -0.036853928;
 0, 0, 0, 1]
Twc:
[0.99977016, 0.015227492, 0.015092461, -0.026455175;
 -0.015701527, 0.99937075, 0.03180448, -0.0067924922;
 -0.014598662, -0.032034144, 0.99938017, 0.037492473;
 0, 0, 0, 1]
Ow:
[0.026889782;
 0.008392103;
 -0.036853928]
Keyframe: 44 Frame: 138 Frame from vFrameID : 139
Tcw:
[0.99976248, -0.021628944, -0.002675792, 0.028782869;
 0.021465363, 0.99848038, -0.050755933, 0.0094403485;
 0.003769523, 0.050686441, 0.99870747, -0.013296243;
 0, 0, 0, 1]
Twc:
[0.99976248, 0.021465363, 0.003769523, -0.028928554;
 -0.021628944, 0.99848038, 0.050686441, -0.0081295203;
 -0.002675792, -0.050755933, 0.99870747, 0.013835228;
 0, 0, 0, 1]
Ow:
[0.028782869;
 0.0094403485;
 -0.013296243]
Keyframe: 45 Frame: 142 Frame from vFrameID : 143
Tcw:
[0.99955803, -0.029654965, 0.0020798123, 0.030470397;
 0.029711941, 0.99886209, -0.037305925, 0.0053493185;
 -0.00097113976, 0.037351232, 0.99930173, 0.006366645;
 0, 0, 0, 1]
Twc:
[0.99955803, 0.029711941, -0.00097113976, -0.030609686;
 -0.029654965, 0.99886209, 0.037351232, -0.0046774349;
 0.0020798123, -0.037305925, 0.99930173, -0.0062260106;
 0, 0, 0, 1]
Ow:
[0.030470397;
 0.0053493185;
 0.006366645]
Keyframe: 46 Frame: 147 Frame from vFrameID : 148
Tcw:
[0.99958318, -0.027896613, -0.0074322806, 0.04251565;
 0.027517602, 0.9985171, -0.046972446, 0.0038166172;
 0.0087316316, 0.046748348, 0.99886853, 0.027175808;
 0, 0, 0, 1]
Twc:
[0.99958318, 0.027517602, 0.0087316316, -0.042840242;
 -0.027896613, 0.9985171, 0.046748348, -0.0038953391;
 -0.0074322806, -0.046972446, 0.99886853, -0.026649797;
 0, 0, 0, 1]
Ow:
[0.04251565;
 0.0038166172;
 0.027175808]
Keyframe: 47 Frame: 153 Frame from vFrameID : 154
Tcw:
[0.9991833, -0.028656073, -0.028487321, 0.057440497;
 0.027496329, 0.99880916, -0.040301263, -0.00078142155;
 0.029608274, 0.039485056, 0.99878138, 0.059039433;
 0, 0, 0, 1]
Twc:
[0.9991833, 0.027496329, 0.029608274, -0.05912016;
 -0.028656073, 0.99880916, 0.039485056, 9.5335075e-05;
 -0.028487321, -0.040301263, 0.99878138, -0.057362653;
 0, 0, 0, 1]
Ow:
[0.057440497;
 -0.00078142155;
 0.059039433]
Keyframe: 48 Frame: 158 Frame from vFrameID : 159
Tcw:
[0.99902171, -0.017139526, -0.040766004, 0.089427084;
 0.014200404, 0.99735206, -0.071324863, -0.010215113;
 0.041880533, 0.070676193, 0.99661976, 0.085196801;
 0, 0, 0, 1]
Twc:
[0.99902171, 0.014200404, 0.041880533, -0.092762627;
 -0.017139526, 0.99735206, 0.070676193, 0.0056994157;
 -0.040766004, -0.071324863, 0.99661976, -0.081991822;
 0, 0, 0, 1]
Ow:
[0.089427084;
 -0.010215113;
 0.085196801]
Keyframe: 49 Frame: 163 Frame from vFrameID : 164
Tcw:
[0.99940354, 0.006088126, -0.033993039, 0.10816805;
 -0.0085974876, 0.99720865, -0.074168928, -0.019214436;
 0.033446603, 0.074416943, 0.99666619, 0.10456713;
 0, 0, 0, 1]
Twc:
[0.99940354, -0.0085974876, 0.033446603, -0.11176614;
 0.006088126, 0.99720865, 0.074416943, 0.010720694;
 -0.033993039, -0.074168928, 0.99666619, -0.10196668;
 0, 0, 0, 1]
Ow:
[0.10816805;
 -0.019214436;
 0.10456713]
Keyframe: 50 Frame: 168 Frame from vFrameID : 169
Tcw:
[0.99900448, -0.0028640521, -0.044518452, 0.11720508;
 0.00040504223, 0.99847817, -0.055146895, -0.022660706;
 0.044608649, 0.055073962, 0.99748528, 0.12963071;
 0, 0, 0, 1]
Twc:
[0.99900448, 0.00040504223, 0.044608649, -0.12286187;
 -0.0028640521, 0.99847817, 0.055073962, 0.015822623;
 -0.044518452, -0.055146895, 0.99748528, -0.12533662;
 0, 0, 0, 1]
Ow:
[0.11720508;
 -0.022660706;
 0.12963071]
Keyframe: 51 Frame: 173 Frame from vFrameID : 174
Tcw:
[0.99926424, -0.0019479709, -0.038303077, 0.12355626;
 -0.00030935564, 0.99826741, -0.058839239, -0.026019597;
 0.038351331, 0.058807798, 0.99753237, 0.16629478;
 0, 0, 0, 1]
Twc:
[0.99926424, -0.00030935564, 0.038351331, -0.12985104;
 -0.0019479709, 0.99826741, 0.058807798, 0.01643577;
 -0.038303077, -0.058839239, 0.99753237, -0.16268282;
 0, 0, 0, 1]
Ow:
[0.12355626;
 -0.026019597;
 0.16629478]
Keyframe: 52 Frame: 179 Frame from vFrameID : 180
Tcw:
[0.99960488, -0.011099162, -0.025824202, 0.1199427;
 0.0095551088, 0.9982025, -0.059164539, -0.035343207;
 0.026434461, 0.058894407, 0.99791414, 0.20674974;
 0, 0, 0, 1]
Twc:
[0.99960488, 0.0095551088, 0.026434461, -0.12502292;
 -0.011099162, 0.9982025, 0.058894407, 0.024434539;
 -0.025824202, -0.059164539, 0.99791414, -0.20531215;
 0, 0, 0, 1]
Ow:
[0.1199427;
 -0.035343207;
 0.20674974]
Keyframe: 53 Frame: 185 Frame from vFrameID : 186
Tcw:
[0.99933016, -0.03323039, -0.01532827, 0.12595567;
 0.032600407, 0.99868107, -0.039664812, -0.033881418;
 0.016626131, 0.039138537, 0.99909544, 0.24451467;
 0, 0, 0, 1]
Twc:
[0.99933016, 0.032600407, 0.016626131, -0.12883209;
 -0.03323039, 0.99868107, 0.039138537, 0.028452342;
 -0.01532827, -0.039664812, 0.99909544, -0.24370673;
 0, 0, 0, 1]
Ow:
[0.12595567;
 -0.033881418;
 0.24451467]
Keyframe: 54 Frame: 191 Frame from vFrameID : 192
Tcw:
[0.99954396, -0.027042413, -0.013435826, 0.13658142;
 0.026399566, 0.99859637, -0.04591674, -0.037969001;
 0.014658666, 0.0455411, 0.99885494, 0.27351838;
 0, 0, 0, 1]
Twc:
[0.99954396, 0.026399566, 0.014658666, -0.13952619;
 -0.027042413, 0.99859637, 0.0455411, 0.029152868;
 -0.013435826, -0.04591674, 0.99885494, -0.27311352;
 0, 0, 0, 1]
Ow:
[0.13658142;
 -0.037969001;
 0.27351838]
Keyframe: 55 Frame: 197 Frame from vFrameID : 198
Tcw:
[0.99912512, -0.027270416, -0.031707093, 0.15458147;
 0.025523294, 0.99820065, -0.054258611, -0.041622162;
 0.033129696, 0.053401873, 0.99802339, 0.30881009;
 0, 0, 0, 1]
Twc:
[0.99912512, 0.025523294, 0.033129696, -0.16361468;
 -0.027270416, 0.99820065, 0.053401873, 0.029271737;
 -0.031707093, -0.054258611, 0.99802339, -0.30555671;
 0, 0, 0, 1]
Ow:
[0.15458147;
 -0.041622162;
 0.30881009]
Keyframe: 56 Frame: 204 Frame from vFrameID : 205
Tcw:
[0.99866521, -0.0080786915, -0.051014971, 0.18661931;
 0.0050128815, 0.99818933, -0.059940711, -0.052119374;
 0.051406845, 0.059604969, 0.99689746, 0.34529153;
 0, 0, 0, 1]
Twc:
[0.99866521, 0.0050128815, 0.051406845, -0.2038593;
 -0.0080786915, 0.99818933, 0.059604969, 0.032951552;
 -0.051014971, -0.059940711, 0.99689746, -0.33782396;
 0, 0, 0, 1]
Ow:
[0.18661931;
 -0.052119374;
 0.34529153]
Keyframe: 57 Frame: 211 Frame from vFrameID : 212
Tcw:
[0.99904901, -0.0048163747, -0.043335132, 0.20668659;
 0.0026130211, 0.99870753, -0.050758213, -0.055734798;
 0.043523595, 0.050596707, 0.99777037, 0.38256997;
 0, 0, 0, 1]
Twc:
[0.99904901, 0.0026130211, 0.043523595, -0.22299521;
 -0.0048163747, 0.99870753, 0.050596707, 0.037301466;
 -0.043335132, -0.050758213, 0.99777037, -0.37558916;
 0, 0, 0, 1]
Ow:
[0.20668659;
 -0.055734798;
 0.38256997]
Keyframe: 58 Frame: 218 Frame from vFrameID : 219
Tcw:
[0.99936759, -0.011267564, -0.033726986, 0.21821383;
 0.0096544856, 0.99881917, -0.047614079, -0.061132759;
 0.034223653, 0.047258351, 0.99829626, 0.44262034;
 0, 0, 0, 1]
Twc:
[0.99936759, 0.0096544856, 0.034223653, -0.2326337;
 -0.011267564, 0.99881917, 0.047258351, 0.042601801;
 -0.033726986, -0.047614079, 0.99829626, -0.4374173;
 0, 0, 0, 1]
Ow:
[0.21821383;
 -0.061132759;
 0.44262034]
Keyframe: 59 Frame: 225 Frame from vFrameID : 226
Tcw:
[0.99975818, -0.017059313, -0.013875333, 0.23057052;
 0.016087104, 0.9975968, -0.067393161, -0.070727482;
 0.014991668, 0.067153655, 0.99763, 0.48679262;
 0, 0, 0, 1]
Twc:
[0.99975818, 0.016087104, 0.014991668, -0.23667482;
 -0.017059313, 0.9975968, 0.067153655, 0.041800983;
 -0.013875333, -0.067393161, 0.99763, -0.48720625;
 0, 0, 0, 1]
Ow:
[0.23057052;
 -0.070727482;
 0.48679262]
Keyframe: 60 Frame: 231 Frame from vFrameID : 232
Tcw:
[0.99971688, -0.021244798, -0.010713569, 0.24492559;
 0.020527313, 0.99779373, -0.063137151, -0.075795114;
 0.012031268, 0.062899359, 0.99794734, 0.52807319;
 0, 0, 0, 1]
Twc:
[0.99971688, 0.020527313, 0.012031268, -0.24965376;
 -0.021244798, 0.99779373, 0.062899359, 0.047615815;
 -0.010713569, -0.063137151, 0.99794734, -0.52915072;
 0, 0, 0, 1]
Ow:
[0.24492559;
 -0.075795114;
 0.52807319]
Keyframe: 61 Frame: 237 Frame from vFrameID : 238
Tcw:
[0.99955368, -0.0028628195, -0.029735561, 0.26965141;
 0.0011690437, 0.99838358, -0.056823205, -0.080871776;
 0.02985017, 0.056763083, 0.99794132, 0.57851803;
 0, 0, 0, 1]
Twc:
[0.99955368, 0.0011690437, 0.02985017, -0.2867054;
 -0.0028628195, 0.99838358, 0.056763083, 0.04867455;
 -0.029735561, -0.056823205, 0.99794132, -0.57390422;
 0, 0, 0, 1]
Ow:
[0.26965141;
 -0.080871776;
 0.57851803]
Keyframe: 62 Frame: 244 Frame from vFrameID : 245
Tcw:
[0.99680829, 0.019382935, -0.0774436, 0.28730184;
 -0.025010563, 0.99706411, -0.072371498, -0.094708934;
 0.075813457, 0.07407742, 0.99436659, 0.6216349;
 0, 0, 0, 1]
Twc:
[0.99680829, -0.025010563, 0.075813457, -0.33588189;
 0.019382935, 0.99706411, 0.07407742, 0.042813014;
 -0.0774436, -0.072371498, 0.99436659, -0.60273749;
 0, 0, 0, 1]
Ow:
[0.28730184;
 -0.094708934;
 0.6216349]
Keyframe: 63 Frame: 250 Frame from vFrameID : 251
Tcw:
[0.99707925, 0.024482993, -0.072343394, 0.30741093;
 -0.028701628, 0.99791193, -0.057861887, -0.095945597;
 0.070775703, 0.059769258, 0.9957, 0.66331112;
 0, 0, 0, 1]
Twc:
[0.99707925, -0.028701628, 0.070775703, -0.35621315;
 0.024482993, 0.99791193, 0.059769258, 0.048573304;
 -0.072343394, -0.057861887, 0.9957, -0.64377129;
 0, 0, 0, 1]
Ow:
[0.30741093;
 -0.095945597;
 0.66331112]
Keyframe: 64 Frame: 256 Frame from vFrameID : 257
Tcw:
[0.99743938, 0.01781393, -0.069263212, 0.31442499;
 -0.022439754, 0.9975279, -0.066592373, -0.10623686;
 0.067905717, 0.067976102, 0.99537331, 0.70766872;
 0, 0, 0, 1]
Twc:
[0.99743938, -0.022439754, 0.067905717, -0.36405855;
 0.01781393, 0.9975279, 0.067976102, 0.05226852;
 -0.069263212, -0.066592373, 0.99537331, -0.68969107;
 0, 0, 0, 1]
Ow:
[0.31442499;
 -0.10623686;
 0.70766872]
Keyframe: 65 Frame: 262 Frame from vFrameID : 263
Tcw:
[0.99831641, 0.018356042, -0.055021562, 0.31876719;
 -0.022051519, 0.99748719, -0.06732773, -0.11612582;
 0.053647432, 0.068427689, 0.9962126, 0.7419458;
 0, 0, 0, 1]
Twc:
[0.99831641, -0.022051519, 0.053647432, -0.36059478;
 0.018356042, 0.99748719, 0.068427689, 0.059213083;
 -0.055021562, -0.06732773, 0.9962126, -0.72941518;
 0, 0, 0, 1]
Ow:
[0.31876719;
 -0.11612582;
 0.7419458]
Keyframe: 66 Frame: 268 Frame from vFrameID : 269
Tcw:
[0.99877048, 0.015995624, -0.04692176, 0.32688531;
 -0.018529119, 0.99836546, -0.054065727, -0.12105812;
 0.045980249, 0.054868672, 0.99743432, 0.77349132;
 0, 0, 0, 1]
Twc:
[0.99877048, -0.018529119, 0.045980249, -0.36429182;
 0.015995624, 0.99836546, 0.054868672, 0.073191062;
 -0.04692176, -0.054065727, 0.99743432, -0.76271385;
 0, 0, 0, 1]
Ow:
[0.32688531;
 -0.12105812;
 0.77349132]
Keyframe: 67 Frame: 275 Frame from vFrameID : 276
Tcw:
[0.99554771, 0.022509767, -0.091531761, 0.35608372;
 -0.028952954, 0.99714875, -0.06968578, -0.13205612;
 0.089702167, 0.072025634, 0.99336088, 0.82021987;
 0, 0, 0, 1]
Twc:
[0.99554771, -0.028952954, 0.089702167, -0.43189725;
 0.022509767, 0.99714875, 0.072025634, 0.06458737;
 -0.091531761, -0.06968578, 0.99336088, -0.7913838;
 0, 0, 0, 1]
Ow:
[0.35608372;
 -0.13205612;
 0.82021987]
Keyframe: 68 Frame: 281 Frame from vFrameID : 282
Tcw:
[0.99501234, 0.033044517, -0.094119586, 0.37419409;
 -0.040363416, 0.99621755, -0.076950721, -0.14470239;
 0.091220789, 0.080365904, 0.99258256, 0.84707922;
 0, 0, 0, 1]
Twc:
[0.99501234, -0.040363416, 0.091220789, -0.45543963;
 0.033044517, 0.99621755, 0.080365904, 0.063713714;
 -0.094119586, -0.076950721, 0.99258256, -0.81671196;
 0, 0, 0, 1]
Ow:
[0.37419409;
 -0.14470239;
 0.84707922]
Keyframe: 69 Frame: 287 Frame from vFrameID : 288
Tcw:
[0.99345803, 0.046642751, -0.10423842, 0.38808706;
 -0.053854443, 0.99626642, -0.067475304, -0.15776116;
 0.100702, 0.072647579, 0.99226075, 0.88481796;
 0, 0, 0, 1]
Twc:
[0.99345803, -0.053854443, 0.100702, -0.48314729;
 0.046642751, 0.99626642, 0.072647579, 0.07479082;
 -0.10423842, -0.067475304, 0.99226075, -0.84816158;
 0, 0, 0, 1]
Ow:
[0.38808706;
 -0.15776116;
 0.88481796]
Keyframe: 70 Frame: 294 Frame from vFrameID : 295
Tcw:
[0.99686211, 0.035468809, -0.070766427, 0.38802642;
 -0.040723294, 0.99640816, -0.074245602, -0.16068751;
 0.067878842, 0.07689447, 0.99472594, 0.93777966;
 0, 0, 0, 1]
Twc:
[0.99686211, -0.040723294, 0.067878842, -0.45700794;
 0.035468809, 0.99640816, 0.07689447, 0.074237436;
 -0.070766427, -0.074245602, 0.99472594, -0.91730487;
 0, 0, 0, 1]
Ow:
[0.38802642;
 -0.16068751;
 0.93777966]
Keyframe: 71 Frame: 300 Frame from vFrameID : 301
Tcw:
[0.9980725, 0.017398404, -0.059569482, 0.38926068;
 -0.021987487, 0.9967677, -0.077270083, -0.1720347;
 0.058032561, 0.078430928, 0.99522901, 0.97750384;
 0, 0, 0, 1]
Twc:
[0.9980725, -0.021987487, 0.058032561, -0.44902006;
 0.017398404, 0.9967677, 0.078430928, 0.088039577;
 -0.059569482, -0.077270083, 0.99522901, -0.96294528;
 0, 0, 0, 1]
Ow:
[0.38926068;
 -0.1720347;
 0.97750384]
Keyframe: 72 Frame: 306 Frame from vFrameID : 307
Tcw:
[0.99851763, 0.015257549, -0.052246705, 0.40042931;
 -0.018681124, 0.99766594, -0.065678671, -0.17715012;
 0.051122662, 0.066557333, 0.99647206, 1.0139179;
 0, 0, 0, 1]
Twc:
[0.99851763, -0.018681124, 0.051122662, -0.4549793;
 0.015257549, 0.99766594, 0.066557333, 0.10314339;
 -0.052246705, -0.065678671, 0.99647206, -1.0010548;
 0, 0, 0, 1]
Ow:
[0.40042931;
 -0.17715012;
 1.0139179]
Keyframe: 73 Frame: 312 Frame from vFrameID : 313
Tcw:
[0.9951849, 0.027230373, -0.094157107, 0.42580685;
 -0.035407431, 0.99564022, -0.086294994, -0.18383166;
 0.091396756, 0.089213334, 0.99181026, 1.0580217;
 0, 0, 0, 1]
Twc:
[0.9951849, -0.035407431, 0.091396756, -0.52696526;
 0.027230373, 0.99564022, 0.089213334, 0.077045679;
 -0.094157107, -0.086294994, 0.99181026, -1.0251278;
 0, 0, 0, 1]
Ow:
[0.42580685;
 -0.18383166;
 1.0580217]
Keyframe: 74 Frame: 319 Frame from vFrameID : 320
Tcw:
[0.99284577, 0.036436338, -0.11370843, 0.44297272;
 -0.044728305, 0.99645549, -0.071244664, -0.19053568;
 0.1107095, 0.075820945, 0.99095643, 1.0979526;
 0, 0, 0, 1]
Twc:
[0.99284577, -0.044728305, 0.1107095, -0.56987977;
 0.036436338, 0.99645549, 0.075820945, 0.090472214;
 -0.11370843, -0.071244664, 0.99095643, -1.051228;
 0, 0, 0, 1]
Ow:
[0.44297272;
 -0.19053568;
 1.0979526]
Keyframe: 75 Frame: 326 Frame from vFrameID : 327
Tcw:
[0.9959569, 0.035666991, -0.082447976, 0.45223641;
 -0.042016543, 0.99617571, -0.076606832, -0.19811495;
 0.079400331, 0.079761282, 0.99364668, 1.1451719;
 0, 0, 0, 1]
Twc:
[0.9959569, -0.042016543, 0.079400331, -0.54965913;
 0.035666991, 0.99617571, 0.079761282, 0.089887008;
 -0.082447976, -0.076606832, 0.99364668, -1.1157871;
 0, 0, 0, 1]
Ow:
[0.45223641;
 -0.19811495;
 1.1451719]
Keyframe: 76 Frame: 332 Frame from vFrameID : 333
Tcw:
[0.99801654, 0.018174145, -0.060271535, 0.45464689;
 -0.023804072, 0.99528301, -0.094048388, -0.20931581;
 0.058277987, 0.095296554, 0.99374151, 1.1908289;
 0, 0, 0, 1]
Twc:
[0.99801654, -0.023804072, 0.058277987, -0.52812678;
 0.018174145, 0.99528301, 0.095296554, 0.086583748;
 -0.060271535, -0.094048388, 0.99374151, -1.1756598;
 0, 0, 0, 1]
Ow:
[0.45464689;
 -0.20931581;
 1.1908289]
Keyframe: 77 Frame: 338 Frame from vFrameID : 339
Tcw:
[0.99873853, 0.014015842, -0.048217371, 0.45714757;
 -0.019127164, 0.99404967, -0.10723504, -0.21650994;
 0.046427473, 0.10802203, 0.99306381, 1.2229035;
 0, 0, 0, 1]
Twc:
[0.99873853, -0.019127164, 0.046427473, -0.51748842;
 0.014015842, 0.99404967, 0.10802203, 0.076713823;
 -0.048217371, -0.10723504, 0.99306381, -1.2155962;
 0, 0, 0, 1]
Ow:
[0.45714757;
 -0.21650994;
 1.2229035]
Keyframe: 78 Frame: 343 Frame from vFrameID : 344
Tcw:
[0.9990238, 0.010802959, -0.042833421, 0.46460533;
 -0.014675328, 0.99572921, -0.091147982, -0.21676821;
 0.041665822, 0.091687597, 0.99491572, 1.2525756;
 0, 0, 0, 1]
Twc:
[0.9990238, -0.014675328, 0.041665822, -0.51952255;
 0.010802959, 0.99572921, 0.091687597, 0.095977664;
 -0.042833421, -0.091147982, 0.99491572, -1.2460647;
 0, 0, 0, 1]
Ow:
[0.46460533;
 -0.21676821;
 1.2525756]
Keyframe: 79 Frame: 348 Frame from vFrameID : 349
Tcw:
[0.99795187, 0.013966604, -0.062426064, 0.48164135;
 -0.019340137, 0.99607962, -0.086320914, -0.2184937;
 0.060975723, 0.087351441, 0.99430966, 1.28326;
 0, 0, 0, 1]
Twc:
[0.99795187, -0.019340137, 0.060975723, -0.56312829;
 0.013966604, 0.99607962, 0.087351441, 0.098815612;
 -0.062426064, -0.086320914, 0.99430966, -1.2647514;
 0, 0, 0, 1]
Ow:
[0.48164135;
 -0.2184937;
 1.28326]
Keyframe: 80 Frame: 353 Frame from vFrameID : 354
Tcw:
[0.99743176, 0.023766227, -0.067565173, 0.50102055;
 -0.029320968, 0.99616396, -0.082447886, -0.22673075;
 0.065346517, 0.084217213, 0.99430239, 1.3107235;
 0, 0, 0, 1]
Twc:
[0.99743176, -0.029320968, 0.065346517, -0.59203303;
 0.023766227, 0.99616396, 0.084217213, 0.10356814;
 -0.067565173, -0.082447886, 0.99430239, -1.2880976;
 0, 0, 0, 1]
Ow:
[0.50102055;
 -0.22673075;
 1.3107235]
Keyframe: 81 Frame: 358 Frame from vFrameID : 359
Tcw:
[0.99712825, 0.020348299, -0.072946489, 0.51137102;
 -0.025771277, 0.99691117, -0.074188925, -0.23260278;
 0.071211547, 0.075855799, 0.9945727, 1.3364033;
 0, 0, 0, 1]
Twc:
[0.99712825, -0.025771277, 0.071211547, -0.61106426;
 0.020348299, 0.99691117, 0.075855799, 0.12010483;
 -0.072946489, -0.074188925, 0.9945727, -1.309104;
 0, 0, 0, 1]
Ow:
[0.51137102;
 -0.23260278;
 1.3364033]
Keyframe: 82 Frame: 363 Frame from vFrameID : 364
Tcw:
[0.99769521, 0.021378038, -0.064399213, 0.52241188;
 -0.026172645, 0.99687356, -0.074552499, -0.23533067;
 0.062604092, 0.076066166, 0.99513549, 1.3689656;
 0, 0, 0, 1]
Twc:
[0.99769521, -0.026172645, 0.062604092, -0.61306989;
 0.021378038, 0.99687356, 0.076066166, 0.11929483;
 -0.064399213, -0.074552499, 0.99513549, -1.3462079;
 0, 0, 0, 1]
Ow:
[0.52241188;
 -0.23533067;
 1.3689656]
Keyframe: 83 Frame: 368 Frame from vFrameID : 369
Tcw:
[0.99866813, 0.016767729, -0.048793696, 0.52408642;
 -0.020123832, 0.99740511, -0.069123909, -0.23896962;
 0.047508027, 0.070013762, 0.99641412, 1.4071443;
 0, 0, 0, 1]
Twc:
[0.99866813, -0.020123832, 0.047508027, -0.59504801;
 0.016767729, 0.99740511, 0.070013762, 0.13104233;
 -0.048793696, -0.069123909, 0.99641412, -1.3930447;
 0, 0, 0, 1]
Ow:
[0.52408642;
 -0.23896962;
 1.4071443]
Keyframe: 84 Frame: 373 Frame from vFrameID : 374
Tcw:
[0.99907058, 0.0043779621, -0.04288191, 0.53007507;
 -0.0069615059, 0.99815691, -0.060285147, -0.24865672;
 0.042538948, 0.060527638, 0.99725968, 1.4411846;
 0, 0, 0, 1]
Twc:
[0.99907058, -0.0069615059, 0.042538948, -0.59261996;
 0.0043779621, 0.99815691, 0.060527638, 0.15864629;
 -0.04288191, -0.060285147, 0.99725968, -1.429495;
 0, 0, 0, 1]
Ow:
[0.53007507;
 -0.24865672;
 1.4411846]
Keyframe: 85 Frame: 378 Frame from vFrameID : 379
Tcw:
[0.99920803, 0.006957809, -0.039177537, 0.53936845;
 -0.0096451798, 0.99758184, -0.068829171, -0.25542375;
 0.038603898, 0.069152534, 0.99685889, 1.4626943;
 0, 0, 0, 1]
Twc:
[0.99920803, -0.0096451798, 0.038603898, -0.59787065;
 0.006957809, 0.99758184, 0.069152534, 0.14990424;
 -0.039177537, -0.068829171, 0.99685889, -1.4545493;
 0, 0, 0, 1]
Ow:
[0.53936845;
 -0.25542375;
 1.4626943]
Keyframe: 86 Frame: 383 Frame from vFrameID : 384
Tcw:
[0.99801773, 0.015869714, -0.060899664, 0.5531683;
 -0.020457111, 0.99693906, -0.075458907, -0.25822049;
 0.059515741, 0.076555155, 0.99528748, 1.4846811;
 0, 0, 0, 1]
Twc:
[0.99801773, -0.020457111, 0.059515741, -0.64571613;
 0.015869714, 0.99693906, 0.076555155, 0.13499145;
 -0.060899664, -0.075458907, 0.99528748, -1.4634819;
 0, 0, 0, 1]
Ow:
[0.5531683;
 -0.25822049;
 1.4846811]
Keyframe: 87 Frame: 388 Frame from vFrameID : 389
Tcw:
[0.99592, 0.036401048, -0.082572721, 0.57497823;
 -0.042602621, 0.99630082, -0.074630089, -0.26047701;
 0.079550661, 0.07784342, 0.99378675, 1.5071357;
 0, 0, 0, 1]
Twc:
[0.99592, -0.042602621, 0.079550661, -0.703623;
 0.036401048, 0.99630082, 0.07784342, 0.12126306;
 -0.082572721, -0.074630089, 0.99378675, -1.4697334;
 0, 0, 0, 1]
Ow:
[0.57497823;
 -0.26047701;
 1.5071357]
Keyframe: 88 Frame: 393 Frame from vFrameID : 394
Tcw:
[0.99339306, 0.038552467, -0.10809214, 0.5892787;
 -0.04669451, 0.99617672, -0.073834524, -0.26845571;
 0.10483237, 0.078394018, 0.99139524, 1.5274951;
 0, 0, 0, 1]
Twc:
[0.99339306, -0.04669451, 0.10483237, -0.75805175;
 0.038552467, 0.99617672, 0.078394018, 0.1249647;
 -0.10809214, -0.073834524, 0.99139524, -1.4704764;
 0, 0, 0, 1]
Ow:
[0.5892787;
 -0.26845571;
 1.5274951]
Keyframe: 89 Frame: 398 Frame from vFrameID : 399
Tcw:
[0.99353582, 0.034257263, -0.10822693, 0.59559131;
 -0.040171545, 0.99778897, -0.052947544, -0.26807615;
 0.10617379, 0.056952924, 0.99271524, 1.5475636;
 0, 0, 0, 1]
Twc:
