Keyframe: 0 Frame: 0 Frame from vFrameID : 17
Tcw:
[0.95489544, -0.25798285, -0.14703573, 0.094235159;
 -0.026914259, 0.4179337, -0.90807879, -0.010570373;
 0.29571995, 0.87107766, 0.39213958, -0.081938192;
 0, 0, 0, 1]
Twc:
[0.95489544, -0.026914259, 0.29571995, -0.066038467;
 -0.25798285, 0.4179337, 0.87107766, 0.1001033;
 -0.14703573, -0.90807879, 0.39213958, 0.036388416;
 0, 0, 0, 1]
Ow:
[0.094235159;
 -0.010570373;
 -0.081938192]
Keyframe: 1 Frame: 76 Frame from vFrameID : 17
Tcw:
[0.95521671, -0.255409, -0.14942333, 0.00093195663;
 -0.032728046, 0.41067874, -0.91119254, -0.00083527877;
 0.29409176, 0.87527663, 0.38392815, -0.00026886052;
 0, 0, 0, 1]
Twc:
[0.95521671, -0.032728046, 0.29409176, -0.00083848782;
 -0.255409, 0.41067874, 0.87527663, 0.0008163887;
 -0.14942333, -0.91119254, 0.38392815, -0.0005186206;
 0, 0, 0, 1]
Ow:
[0.00093195663;
 -0.00083527877;
 -0.00026886052]
