Keyframe: 0 Frame: 0 Frame from vFrameID : 17
Tcw:
[0.96470678, -0.22786035, -0.13198681, 0.092997;
 -0.026463062, 0.41480032, -0.9095276, -0.010168675;
 0.26199344, 0.88092017, 0.3941308, -0.075681888;
 0, 0, 0, 1]
Twc:
[0.96470678, -0.026463062, 0.26199344, -0.07015577;
 -0.22786035, 0.41480032, 0.88092017, 0.092078;
 -0.13198681, -0.9095276, 0.3941308, 0.032854244;
 0, 0, 0, 1]
Ow:
[0.092997;
 -0.010168675;
 -0.075681888]
Keyframe: 1 Frame: 64 Frame from vFrameID : 17
Tcw:
[0.96286416, -0.22690348, -0.14631264, 0.018057585;
 -0.039130405, 0.41892061, -0.90717936, -0.0063389563;
 0.26713553, 0.87921578, 0.39448482, 0.0037450544;
 0, 0, 0, 1]
Twc:
[0.96286416, -0.039130405, 0.26713553, -0.018635483;
 -0.22690348, 0.41892061, 0.87921578, 0.0034601374;
 -0.14631264, -0.90717936, 0.39448482, -0.004585884;
 0, 0, 0, 1]
Ow:
[0.018057585;
 -0.0063389563;
 0.0037450544]
