Keyframe: 0 Frame: 0 Frame from vFrameID : 17
Tcw:
[0.97026944, -0.20833805, -0.12317672, 0.088666618;
 -0.028164772, 0.40828568, -0.91241962, -0.0095874704;
 0.24038301, 0.88876212, 0.39027932, -0.076320089;
 0, 0, 0, 1]
Twc:
[0.97026944, -0.028164772, 0.24038301, -0.067954481;
 -0.20833805, 0.40828568, 0.88876212, 0.090217456;
 -0.12317672, -0.91241962, 0.39027932, 0.031960022;
 0, 0, 0, 1]
Ow:
[0.088666618;
 -0.0095874704;
 -0.076320089]
Keyframe: 1 Frame: 61 Frame from vFrameID : 17
Tcw:
[0.97851694, -0.17903993, -0.10222161, 0.00080751628;
 -0.031314012, 0.36099961, -0.9320401, -8.4971703e-05;
 0.20377435, 0.915218, 0.34763777, -0.00069048739;
 0, 0, 0, 1]
Twc:
[0.97851694, -0.031314012, 0.20377435, -0.00065212557;
 -0.17903993, 0.36099961, 0.915218, 0.00080719893;
 -0.10222161, -0.9320401, 0.34763777, 0.0002433881;
 0, 0, 0, 1]
Ow:
[0.00080751628;
 -8.4971703e-05;
 -0.00069048739]
