Keyframe: 0 Frame: 0 Frame from vFrameID : 17
Tcw:
[0.98525798, -0.14097363, -0.096918181, 0.077742621;
 -0.030338788, 0.41356093, -0.90997082, -0.0083119199;
 0.16836345, 0.89949644, 0.40318725, -0.076404855;
 0, 0, 0, 1]
Twc:
[0.98525798, -0.030338788, 0.16836345, -0.063984931;
 -0.14097363, 0.41356093, 0.89949644, 0.083123043;
 -0.096918181, -0.90997082, 0.40318725, 0.030776534;
 0, 0, 0, 1]
Ow:
[0.077742621;
 -0.0083119199;
 -0.076404855]
Keyframe: 1 Frame: 21 Frame from vFrameID : 17
Tcw:
[0.98318535, -0.1393517, -0.11801578, 0.023429586;
 -0.050485842, 0.41365373, -0.90903342, -0.027028436;
 0.17549302, 0.89970642, 0.39966297, 0.020022986;
 0, 0, 0, 1]
Twc:
[0.98318535, -0.050485842, 0.17549302, -0.027914073;
 -0.1393517, 0.41365373, 0.89970642, -0.0035694444;
 -0.11801578, -0.90903342, 0.39966297, -0.029807139;
 0, 0, 0, 1]
Ow:
[0.023429586;
 -0.027028436;
 0.020022986]
