Keyframe: 0 Frame: 0 Frame from vFrameID : 17
Tcw:
[0.97016203, -0.20810659, -0.12440789, 0.086527079;
 -0.032683931, 0.39617687, -0.91759229, -0.0072125215;
 0.24024454, 0.89427936, 0.377554, -0.076915093;
 0, 0, 0, 1]
Twc:
[0.97016203, -0.032683931, 0.24024454, -0.065702587;
 -0.20810659, 0.39617687, 0.89427936, 0.089647867;
 -0.12440789, -0.91759229, 0.377554, 0.033186097;
 0, 0, 0, 1]
Ow:
[0.086527079;
 -0.0072125215;
 -0.076915093]
Keyframe: 1 Frame: 49 Frame from vFrameID : 17
Tcw:
[0.97023946, -0.20827886, -0.12351251, inf;
 -0.031557478, 0.3969619, -0.91729242, -nan;
 0.24008238, 0.89389104, 0.37857535, -nan;
 0, 0, 0, 1]
Twc:
[0.97023946, -0.031557478, 0.24008238, -inf;
 -0.20827886, 0.3969619, 0.89389104, inf;
 -0.12351251, -0.91729242, 0.37857535, inf;
 0, 0, 0, 1]
Ow:
[inf;
 -nan;
 -nan]
