Keyframe: 0 Frame: 0 Frame from vFrameID : 17
Tcw:
[0.97038198, -0.20304231, -0.13089179, 0.086011417;
 -0.043230791, 0.38712475, -0.9210133, -0.0068657324;
 0.23767613, 0.89939326, 0.36688119, -0.079892233;
 0, 0, 0, 1]
Twc:
[0.97038198, -0.043230791, 0.23767613, -0.064772263;
 -0.20304231, 0.38712475, 0.89939326, 0.091976389;
 -0.13089179, -0.9210133, 0.36688119, 0.034245715;
 0, 0, 0, 1]
Ow:
[0.086011417;
 -0.0068657324;
 -0.079892233]
Keyframe: 1 Frame: 41 Frame from vFrameID : 17
Tcw:
[0.97059643, -0.20221534, -0.13058153, inf;
 -0.043657824, 0.38559929, -0.92163289, -nan;
 0.23672046, 0.90023446, 0.36543301, -nan;
 0, 0, 0, 1]
Twc:
[0.97059643, -0.043657824, 0.23672046, -inf;
 -0.20221534, 0.38559929, 0.90023446, inf;
 -0.13058153, -0.92163289, 0.36543301, inf;
 0, 0, 0, 1]
Ow:
[inf;
 -nan;
 -nan]
