Keyframe: 0 Frame: 0 Frame from vFrameID : 17
Tcw:
[0.96317869, -0.2358215, -0.12913166, 0.087799229;
 -0.024281472, 0.40203026, -0.91530436, -0.0091866031;
 0.26776329, 0.88473719, 0.3815009, -0.089510538;
 0, 0, 0, 1]
Twc:
[0.96317869, -0.024281472, 0.26776329, -0.060821775;
 -0.2358215, 0.40203026, 0.88473719, 0.10359153;
 -0.12913166, -0.91530436, 0.3815009, 0.037077472;
 0, 0, 0, 1]
Ow:
[0.087799229;
 -0.0091866031;
 -0.089510538]
Keyframe: 1 Frame: 83 Frame from vFrameID : 17
Tcw:
[0.9663673, -0.23543003, -0.10347418, 0.084925443;
 -0.0013804795, 0.39760894, -0.91755396, -0.0073424913;
 0.257162, 0.88683701, 0.38391128, -0.091591671;
 0, 0, 0, 1]
Twc:
[0.9663673, -0.0013804795, 0.257162, -0.058525413;
 -0.23543003, 0.39760894, 0.88683701, 0.10414032;
 -0.10347418, -0.91755396, 0.38391128, 0.037213534;
 0, 0, 0, 1]
Ow:
[0.084925443;
 -0.0073424913;
 -0.091591671]
Keyframe: 2 Frame: 85 Frame from vFrameID : 86
Tcw:
[0.96525747, -0.2432251, -0.095496617, 0.083207265;
 0.0095633892, 0.39810535, -0.91728985, -0.0059313104;
 0.26112562, 0.8845076, 0.3866002, -0.092420608;
 0, 0, 0, 1]
Twc:
[0.96525747, 0.0095633892, 0.26112562, -0.056126319;
 -0.2432251, 0.39810535, 0.8845076, 0.10434612;
 -0.095496617, -0.91728985, 0.3866002, 0.038235113;
 0, 0, 0, 1]
Ow:
[0.083207265;
 -0.0059313104;
 -0.092420608]
Keyframe: 3 Frame: 87 Frame from vFrameID : 88
Tcw:
[0.96467906, -0.24816845, -0.088355601, 0.082339883;
 0.019008048, 0.40010852, -0.91627061, -0.0053542554;
 0.2627413, 0.88222766, 0.39069349, -0.093072608;
 0, 0, 0, 1]
Twc:
[0.96467906, 0.019008048, 0.2627413, -0.054875772;
 -0.24816845, 0.40010852, 0.88222766, 0.10468767;
 -0.088355601, -0.91627061, 0.39069349, 0.038732104;
 0, 0, 0, 1]
Ow:
[0.082339883;
 -0.0053542554;
 -0.093072608]
Keyframe: 4 Frame: 89 Frame from vFrameID : 90
Tcw:
[0.96486777, -0.25238568, -0.073017985, 0.080983542;
 0.037028838, 0.40576729, -0.91322601, -0.0033485033;
 0.26011348, 0.87843859, 0.40085733, -0.094431564;
 0, 0, 0, 1]
Twc:
[0.96486777, 0.037028838, 0.26011348, -0.053451497;
 -0.25238568, 0.40576729, 0.87843859, 0.10475013;
 -0.073017985, -0.91322601, 0.40085733, 0.040708899;
 0, 0, 0, 1]
Ow:
[0.080983542;
 -0.0033485033;
 -0.094431564]
Keyframe: 5 Frame: 91 Frame from vFrameID : 92
Tcw:
[0.96837568, -0.23893704, -0.071816631, 0.080613561;
 0.034697663, 0.41402191, -0.90960538, -0.0029761456;
 0.24707207, 0.87834787, 0.40921932, -0.094704568;
 0, 0, 0, 1]
Twc:
[0.96837568, 0.034697663, 0.24707207, -0.054562092;
 -0.23893704, 0.41402191, 0.87834787, 0.1036773;
 -0.071816631, -0.90960538, 0.40921932, 0.041837212;
 0, 0, 0, 1]
Ow:
[0.080613561;
 -0.0029761456;
 -0.094704568]
Keyframe: 6 Frame: 93 Frame from vFrameID : 94
Tcw:
[0.96882117, -0.23757486, -0.070311472, 0.080150597;
 0.035980102, 0.41568801, -0.9087953, -0.0024767742;
 0.24513456, 0.87793034, 0.41127533, -0.094917856;
 0, 0, 0, 1]
Twc:
[0.96882117, 0.035980102, 0.24513456, -0.05429484;
 -0.23757486, 0.41568801, 0.87793034, 0.10340259;
 -0.070311472, -0.9087953, 0.41127533, 0.042421997;
 0, 0, 0, 1]
Ow:
[0.080150597;
 -0.0024767742;
 -0.094917856]
Keyframe: 7 Frame: 96 Frame from vFrameID : 97
Tcw:
[0.96845019, -0.23477495, -0.083575964, 0.079356246;
 0.0228329, 0.41754961, -0.90836722, -0.0023913458;
 0.24815898, 0.87780011, 0.4097366, -0.096554682;
 0, 0, 0, 1]
Twc:
[0.96845019, 0.0228329, 0.24815898, -0.052837059;
 -0.23477495, 0.41754961, 0.87780011, 0.10438508;
 -0.083575964, -0.90836722, 0.4097366, 0.044022042;
 0, 0, 0, 1]
Ow:
[0.079356246;
 -0.0023913458;
 -0.096554682]
Keyframe: 8 Frame: 98 Frame from vFrameID : 99
Tcw:
[0.96742731, -0.23552255, -0.092808932, 0.079882227;
 0.013881674, 0.41542238, -0.90952271, -0.0014869459;
 0.25276801, 0.87860876, 0.40516043, -0.097808614;
 0, 0, 0, 1]
Twc:
[0.96742731, 0.013881674, 0.25276801, -0.052536711;
 -0.23552255, 0.41542238, 0.87860876, 0.10536728;
 -0.092808932, -0.90952271, 0.40516043, 0.045689549;
 0, 0, 0, 1]
Ow:
[0.079882227;
 -0.0014869459;
 -0.097808614]
Keyframe: 9 Frame: 100 Frame from vFrameID : 101
Tcw:
[0.96629554, -0.23758475, -0.099128447, 0.080286063;
 0.0087456163, 0.41513506, -0.90971774, -0.00051245838;
 0.25728676, 0.87818927, 0.40322095, -0.098971531;
 0, 0, 0, 1]
Twc:
[0.96629554, 0.0087456163, 0.25728676, -0.052111521;
 -0.23758475, 0.41513506, 0.87818927, 0.10620321;
 -0.099128447, -0.90971774, 0.40322095, 0.047399834;
 0, 0, 0, 1]
Ow:
[0.080286063;
 -0.00051245838;
 -0.098971531]
Keyframe: 10 Frame: 103 Frame from vFrameID : 104
Tcw:
[0.96565175, -0.23788169, -0.10454185, 0.081363894;
 0.0026796444, 0.41142753, -0.91143852, -0.00033681095;
 0.25982594, 0.87985212, 0.39793316, -0.099714547;
 0, 0, 0, 1]
Twc:
[0.96565175, 0.0026796444, 0.25982594, -0.052659862;
 -0.23788169, 0.41142753, 0.87985212, 0.1072276;
 -0.10454185, -0.91143852, 0.39793316, 0.047878668;
 0, 0, 0, 1]
Ow:
[0.081363894;
 -0.00033681095;
 -0.099714547]
Keyframe: 11 Frame: 106 Frame from vFrameID : 107
Tcw:
[0.96754581, -0.22622722, -0.11258958, 0.084499292;
 -0.008819649, 0.41505, -0.90975583, 0.001652386;
 0.25254184, 0.88122344, 0.39958465, -0.10119988;
 0, 0, 0, 1]
Twc:
[0.96754581, -0.008819649, 0.25254184, -0.056185152;
 -0.22622722, 0.41505, 0.88122344, 0.10760992;
 -0.11258958, -0.90975583, 0.39958465, 0.051454924;
 0, 0, 0, 1]
Ow:
[0.084499292;
 0.001652386;
 -0.10119988]
Keyframe: 12 Frame: 110 Frame from vFrameID : 111
Tcw:
[0.96339732, -0.23372547, -0.13129355, 0.0840756;
 -0.022649376, 0.41704297, -0.9086045, 0.0018348955;
 0.26711908, 0.87832087, 0.39648435, -0.10263579;
 0, 0, 0, 1]
Twc:
[0.96339732, -0.022649376, 0.26711908, -0.053540666;
 -0.23372547, 0.41704297, 0.87832087, 0.10903254;
 -0.13129355, -0.9086045, 0.39648435, 0.053399269;
 0, 0, 0, 1]
Ow:
[0.0840756;
 0.0018348955;
 -0.10263579]
Keyframe: 13 Frame: 113 Frame from vFrameID : 114
Tcw:
[0.95870447, -0.25031444, -0.13501282, 0.082572587;
 -0.019997282, 0.41421723, -0.90995836, 0.002562549;
 0.28370035, 0.875081, 0.39210629, -0.10380951;
 0, 0, 0, 1]
Twc:
[0.95870447, -0.019997282, 0.28370035, -0.049660668;
 -0.25031444, 0.41421723, 0.875081, 0.11044938;
 -0.13501282, -0.90995836, 0.39210629, 0.054184526;
 0, 0, 0, 1]
Ow:
[0.082572587;
 0.002562549;
 -0.10380951]
Keyframe: 14 Frame: 117 Frame from vFrameID : 118
Tcw:
[0.95396996, -0.26391393, -0.14244574, 0.082037814;
 -0.022774413, 0.40985173, -0.9118678, 0.0010325871;
 0.29903626, 0.87313861, 0.38497576, -0.10210177;
 0, 0, 0, 1]
Twc:
[0.95396996, -0.022774413, 0.29903626, -0.047705956;
 -0.26391393, 0.40985173, 0.87313861, 0.11037672;
 -0.14244574, -0.9118678, 0.38497576, 0.051934227;
 0, 0, 0, 1]
Ow:
[0.082037814;
 0.0010325871;
 -0.10210177]
Keyframe: 15 Frame: 121 Frame from vFrameID : 122
Tcw:
[0.95474565, -0.2640686, -0.13685219, 0.081555866;
 -0.016219923, 0.41321319, -0.91048986, -0.00085010007;
 0.29698092, 0.87150598, 0.39023033, -0.099562578;
 0, 0, 0, 1]
Twc:
[0.95474565, -0.016219923, 0.29698092, -0.048310708;
 -0.2640686, 0.41321319, 0.87150598, 0.10865699;
 -0.13685219, -0.91048986, 0.39023033, 0.049239427;
 0, 0, 0, 1]
Ow:
[0.081555866;
 -0.00085010007;
 -0.099562578]
Keyframe: 16 Frame: 125 Frame from vFrameID : 126
Tcw:
[0.95733172, -0.25666869, -0.13280496, 0.081108823;
 -0.020666892, 0.39756471, -0.91734135, -0.0066716;
 0.28825137, 0.88094467, 0.37529677, -0.094527677;
 0, 0, 0, 1]
Twc:
[0.95733172, -0.020666892, 0.28825137, -0.050538197;
 -0.25666869, 0.39756471, 0.88094467, 0.10674413;
 -0.13280496, -0.91734135, 0.37529677, 0.040127445;
 0, 0, 0, 1]
Ow:
[0.081108823;
 -0.0066716;
 -0.094527677]
Keyframe: 17 Frame: 130 Frame from vFrameID : 131
Tcw:
[0.96353728, -0.24143802, -0.11534128, 0.081555337;
 -0.017002031, 0.37494758, -0.92689008, -0.01113054;
 0.26703343, 0.89505416, 0.35717106, -0.087286294;
 0, 0, 0, 1]
Twc:
[0.96353728, -0.017002031, 0.26703343, -0.055462487;
 -0.24143802, 0.37494758, 0.89505416, 0.10198989;
 -0.11534128, -0.92689008, 0.35717106, 0.030266045;
 0, 0, 0, 1]
Ow:
[0.081555337;
 -0.01113054;
 -0.087286294]
Keyframe: 18 Frame: 135 Frame from vFrameID : 136
Tcw:
[0.96568835, -0.24202739, -0.094173893, 0.080946088;
 0.010331796, 0.39813668, -0.91726792, -0.013914764;
 0.25949803, 0.88482195, 0.38697654, -0.081610486;
 0, 0, 0, 1]
Twc:
[0.96568835, 0.010331796, 0.25949803, -0.056847174;
 -0.24202739, 0.39813668, 0.88482195, 0.097341903;
 -0.094173893, -0.91726792, 0.38697654, 0.026440784;
 0, 0, 0, 1]
Ow:
[0.080946088;
 -0.013914764;
 -0.081610486]
Keyframe: 19 Frame: 141 Frame from vFrameID : 142
Tcw:
[0.97002614, -0.22899473, -0.081306256, 0.084672853;
 0.020101514, 0.40906367, -0.91228443, -0.018177064;
 0.24216776, 0.88330537, 0.4014056, -0.073819354;
 0, 0, 0, 1]
Twc:
[0.97002614, 0.020101514, 0.24216776, -0.063892826;
 -0.22899473, 0.40906367, 0.88330537, 0.09203025;
 -0.081306256, -0.91228443, 0.4014056, 0.019933283;
 0, 0, 0, 1]
Ow:
[0.084672853;
 -0.018177064;
 -0.073819354]
Keyframe: 20 Frame: 148 Frame from vFrameID : 149
Tcw:
[0.97009808, -0.23013386, -0.077123955, 0.090948954;
 0.021786425, 0.39903972, -0.91667479, -0.024157468;
 0.24173342, 0.88758421, 0.39212146, -0.064280443;
 0, 0, 0, 1]
Twc:
[0.97009808, 0.021786425, 0.24173342, -0.072164372;
 -0.23013386, 0.39903972, 0.88758421, 0.087624528;
 -0.077123955, -0.91667479, 0.39212146, 0.010075545;
 0, 0, 0, 1]
Ow:
[0.090948954;
 -0.024157468;
 -0.064280443]
Keyframe: 21 Frame: 155 Frame from vFrameID : 156
Tcw:
[0.96847355, -0.22659671, -0.10350317, 0.092933081;
 -0.0050823768, 0.3974224, -0.91762173, -0.0262287;
 0.24906453, 0.88921839, 0.38374144, -0.053471766;
 0, 0, 0, 1]
Twc:
[0.96847355, -0.0050823768, 0.24906453, -0.076818608;
 -0.22659671, 0.3974224, 0.88921839, 0.079030283;
 -0.10350317, -0.91762173, 0.38374144, 0.0060701766;
 0, 0, 0, 1]
Ow:
[0.092933081;
 -0.0262287;
 -0.053471766]
Keyframe: 22 Frame: 162 Frame from vFrameID : 163
Tcw:
[0.96846819, -0.22777554, -0.1009342, 0.094478734;
 0.0012286406, 0.40949643, -0.9123109, -0.031321354;
 0.2491343, 0.88342005, 0.39686412, -0.040978082;
 0, 0, 0, 1]
Twc:
[0.96846819, 0.0012286406, 0.2491343, -0.081252113;
 -0.22777554, 0.40949643, 0.88342005, 0.070546784;
 -0.1009342, -0.9123109, 0.39686412, -0.0027759471;
 0, 0, 0, 1]
Ow:
[0.094478734;
 -0.031321354;
 -0.040978082]
Keyframe: 23 Frame: 169 Frame from vFrameID : 170
Tcw:
[0.97663784, -0.20447728, -0.066088051, 0.096244372;
 0.017365249, 0.38163131, -0.92415148, -0.031759284;
 0.21418925, 0.90141368, 0.37626636, -0.029572211;
 0, 0, 0, 1]
Twc:
[0.97663784, 0.017365249, 0.21418925, -0.087110341;
 -0.20447728, 0.38163131, 0.90141368, 0.05845692;
 -0.066088051, -0.92415148, 0.37626636, -0.011862758;
 0, 0, 0, 1]
Ow:
[0.096244372;
 -0.031759284;
 -0.029572211]
Keyframe: 24 Frame: 176 Frame from vFrameID : 177
Tcw:
[0.98047721, -0.19050811, -0.048694078, 0.095533997;
 0.030597579, 0.39244074, -0.91926819, -0.028254688;
 0.19423759, 0.89983159, 0.39060831, -0.021965101;
 0, 0, 0, 1]
Twc:
[0.98047721, 0.030597579, 0.19423759, -0.088537924;
 -0.19050811, 0.39244074, 0.89983159, 0.049053185;
 -0.048694078, -0.91926819, 0.39060831, -0.012741947;
 0, 0, 0, 1]
Ow:
[0.095533997;
 -0.028254688;
 -0.021965101]
Keyframe: 25 Frame: 183 Frame from vFrameID : 184
Tcw:
[0.97737694, -0.20342417, -0.057904378, 0.1018468;
 0.022402931, 0.37180319, -0.92804122, -0.029401977;
 0.21031505, 0.90574884, 0.36794916, 0.0026937472;
 0, 0, 0, 1]
Twc:
[0.97737694, 0.022402931, 0.21031505, -0.099450558;
 -0.20342417, 0.37180319, 0.90574884, 0.029209992;
 -0.057904378, -0.92804122, 0.36794916, -0.022380032;
 0, 0, 0, 1]
Ow:
[0.1018468;
 -0.029401977;
 0.0026937472]
Keyframe: 26 Frame: 190 Frame from vFrameID : 191
Tcw:
[0.97026175, -0.22197689, -0.096531831, 0.10649173;
 -0.016576618, 0.33692673, -0.94138491, -0.038437605;
 0.24148986, 0.91498995, 0.32322749, 0.023092728;
 0, 0, 0, 1]
Twc:
[0.97026175, -0.016576618, 0.24148986, -0.10953867;
 -0.22197689, 0.33692673, 0.91498995, 0.015459742;
 -0.096531831, -0.94138491, 0.32322749, -0.033368945;
 0, 0, 0, 1]
Ow:
[0.10649173;
 -0.038437605;
 0.023092728]
Keyframe: 27 Frame: 197 Frame from vFrameID : 198
Tcw:
[0.96620387, -0.23365945, -0.10887328, 0.10550373;
 -0.030163122, 0.31697109, -0.94795543, -0.051943693;
 0.25600842, 0.91920215, 0.29921079, 0.03026147;
 0, 0, 0, 1]
Twc:
[0.96620387, -0.030163122, 0.25600842, -0.11125208;
 -0.23365945, 0.31697109, 0.91920215, 0.013300183;
 -0.10887328, -0.94795543, 0.29921079, -0.046808328;
 0, 0, 0, 1]
Ow:
[0.10550373;
 -0.051943693;
 0.03026147]
Keyframe: 28 Frame: 204 Frame from vFrameID : 205
Tcw:
[0.97360682, -0.20629556, -0.097631186, 0.10266024;
 -0.026481032, 0.32277584, -0.94610494, -0.053827059;
 0.22669025, 0.92371958, 0.30879384, 0.036553267;
 0, 0, 0, 1]
Twc:
[0.97360682, -0.026481032, 0.22669025, -0.10966237;
 -0.20629556, 0.32277584, 0.92371958, 0.0047874544;
 -0.097631186, -0.94610494, 0.30879384, -0.052190628;
 0, 0, 0, 1]
Ow:
[0.10266024;
 -0.053827059;
 0.036553267]
Keyframe: 29 Frame: 211 Frame from vFrameID : 212
Tcw:
[0.97076058, -0.21363786, -0.10946601, 0.099477679;
 -0.039077491, 0.30928913, -0.95016479, -0.057756919;
 0.23684783, 0.92666018, 0.29189724, 0.043141767;
 0, 0, 0, 1]
Twc:
[0.97076058, -0.039077491, 0.23684783, -0.10904403;
 -0.21363786, 0.30928913, 0.92666018, -0.00086197304;
 -0.10946601, -0.95016479, 0.29189724, -0.05658213;
 0, 0, 0, 1]
Ow:
[0.099477679;
 -0.057756919;
 0.043141767]
Keyframe: 30 Frame: 219 Frame from vFrameID : 220
Tcw:
[0.96657985, -0.23093601, -0.11131923, 0.10198721;
 -0.031250082, 0.3248468, -0.94525021, -0.063472241;
 0.25445402, 0.91713858, 0.3067736, 0.056787007;
 0, 0, 0, 1]
Twc:
[0.96657985, -0.031250082, 0.25445402, -0.11501198;
 -0.23093601, 0.3248468, 0.91713858, -0.007910274;
 -0.11131923, -0.94525021, 0.3067736, -0.066064768;
 0, 0, 0, 1]
Ow:
[0.10198721;
 -0.063472241;
 0.056787007]
Keyframe: 31 Frame: 226 Frame from vFrameID : 227
Tcw:
[0.9693343, -0.19376095, -0.15115459, 0.11048435;
 -0.096680306, 0.2648043, -0.95944339, -0.066945754;
 0.22592904, 0.94463503, 0.23795103, 0.059700303;
 0, 0, 0, 1]
Twc:
[0.9693343, -0.096680306, 0.22592904, -0.12705664;
 -0.19376095, 0.2648043, 0.94463503, -0.01725992;
 -0.15115459, -0.95944339, 0.23795103, -0.061736185;
 0, 0, 0, 1]
Ow:
[0.11048435;
 -0.066945754;
 0.059700303]
Keyframe: 32 Frame: 234 Frame from vFrameID : 235
Tcw:
[0.95842421, -0.26027796, -0.11695495, 0.11244978;
 -0.026653104, 0.32641953, -0.94484913, -0.056127995;
 0.28409979, 0.90868348, 0.30591115, 0.086625159;
 0, 0, 0, 1]
Twc:
[0.95842421, -0.026653104, 0.28409979, -0.13388076;
 -0.26027796, 0.32641953, 0.90868348, -0.031125385;
 -0.11695495, -0.94484913, 0.30591115, -0.066380538;
 0, 0, 0, 1]
Ow:
[0.11244978;
 -0.056127995;
 0.086625159]
Keyframe: 33 Frame: 242 Frame from vFrameID : 243
Tcw:
[0.98225886, -0.16335669, -0.092098698, 0.12123892;
 -0.040040001, 0.29709914, -0.95400673, -0.061799705;
 0.18320583, 0.9407692, 0.28528747, 0.083042406;
 0, 0, 0, 1]
Twc:
[0.98225886, -0.040040001, 0.18320583, -0.13677631;
 -0.16335669, 0.29709914, 0.9407692, -0.039957907;
 -0.092098698, -0.95400673, 0.28528747, -0.071482353;
 0, 0, 0, 1]
Ow:
[0.12123892;
 -0.061799705;
 0.083042406]
Keyframe: 34 Frame: 249 Frame from vFrameID : 250
Tcw:
[0.97824067, -0.19097026, -0.081089489, 0.10831563;
 -0.019424628, 0.30482396, -0.95221061, -0.054869544;
 0.20656192, 0.93306631, 0.29448166, 0.11080694;
 0, 0, 0, 1]
Twc:
[0.97824067, -0.019424628, 0.20656192, -0.12991308;
 -0.19097026, 0.30482396, 0.93306631, -0.0659796;
 -0.081089489, -0.95221061, 0.29448166, -0.076094717;
 0, 0, 0, 1]
Ow:
[0.10831563;
 -0.054869544;
 0.11080694]
Keyframe: 35 Frame: 256 Frame from vFrameID : 257
Tcw:
[0.97393513, -0.21542996, -0.070994653, 0.10339072;
 -0.013362138, 0.25795639, -0.96606416, -0.04972475;
 0.2264327, 0.94183248, 0.24835418, 0.11616513;
 0, 0, 0, 1]
Twc:
[0.97393513, -0.013362138, 0.2264327, -0.12766387;
 -0.21542996, 0.25795639, 0.94183248, -0.074307822;
 -0.070994653, -0.96606416, 0.24835418, -0.069547206;
 0, 0, 0, 1]
Ow:
[0.10339072;
 -0.04972475;
 0.11616513]
Keyframe: 36 Frame: 263 Frame from vFrameID : 264
Tcw:
[0.96604347, -0.22011535, -0.13531165, 0.11056181;
 -0.079127468, 0.24649794, -0.96590763, -0.072568461;
 0.24596515, 0.94381565, 0.22071056, 0.1246864;
 0, 0, 0, 1]
Twc:
[0.96604347, -0.079127468, 0.24596515, -0.14321817;
 -0.22011535, 0.24649794, 0.94381565, -0.075456649;
 -0.13531165, -0.96590763, 0.22071056, -0.082653739;
 0, 0, 0, 1]
Ow:
[0.11056181;
 -0.072568461;
 0.1246864]
Keyframe: 37 Frame: 270 Frame from vFrameID : 271
Tcw:
[0.95774221, -0.23367628, -0.1677057, 0.12420025;
 -0.10513392, 0.25830907, -0.96032459, -0.076101258;
 0.26772499, 0.93737495, 0.22282621, 0.13237672;
 0, 0, 0, 1]
Twc:
[0.95774221, -0.10513392, 0.26772499, -0.1623932;
 -0.23367628, 0.25830907, 0.93737495, -0.075406328;
 -0.1677057, -0.96032459, 0.22282621, -0.081749827;
 0, 0, 0, 1]
Ow:
[0.12420025;
 -0.076101258;
 0.13237672]
Keyframe: 38 Frame: 277 Frame from vFrameID : 278
Tcw:
[0.96411544, -0.23246148, -0.12823065, 0.12210462;
 -0.067514114, 0.25244454, -0.96525311, -0.077019192;
 0.25675529, 0.93927282, 0.22769125, 0.14057773;
 0, 0, 0, 1]
Twc:
[0.96411544, -0.067514114, 0.25675529, -0.15901691;
 -0.23246148, 0.25244454, 0.93927282, -0.084213153;
 -0.12823065, -0.96525311, 0.22769125, -0.090693787;
 0, 0, 0, 1]
Ow:
[0.12210462;
 -0.077019192;
 0.14057773]
Keyframe: 39 Frame: 285 Frame from vFrameID : 286
Tcw:
[0.97872704, -0.19671044, -0.058295973, 0.12792179;
 -0.0065046102, 0.25424594, -0.96711773, -0.076686382;
 0.20506366, 0.94692343, 0.24755785, 0.1457984;
 0, 0, 0, 1]
Twc:
[0.97872704, -0.0065046102, 0.20506366, -0.15559728;
 -0.19671044, 0.25424594, 0.94692343, -0.093399167;
 -0.058295973, -0.96711773, 0.24755785, -0.10280097;
 0, 0, 0, 1]
Ow:
[0.12792179;
 -0.076686382;
 0.1457984]
Keyframe: 40 Frame: 292 Frame from vFrameID : 293
Tcw:
[0.97818303, -0.19196366, -0.079422526, 0.13018671;
 -0.02264053, 0.28152418, -0.95928699, -0.072190158;
 0.20650761, 0.9401564, 0.271036, 0.15363109;
 0, 0, 0, 1]
Twc:
[0.97818303, -0.02264053, 0.20650761, -0.16070685;
 -0.19196366, 0.28152418, 0.9401564, -0.099122867;
 -0.079422526, -0.95928699, 0.271036, -0.10055088;
 0, 0, 0, 1]
Ow:
[0.13018671;
 -0.072190158;
 0.15363109]
Keyframe: 41 Frame: 300 Frame from vFrameID : 301
Tcw:
[0.96759272, -0.20656264, -0.14524552, 0.13891123;
 -0.086105466, 0.27082372, -0.95877022, -0.081904687;
 0.23738204, 0.94020551, 0.24426088, 0.16101949;
 0, 0, 0, 1]
Twc:
[0.96759272, -0.086105466, 0.23738204, -0.17968507;
 -0.20656264, 0.27082372, 0.94020551, -0.10051581;
 -0.14524552, -0.95877022, 0.24426088, -0.097682305;
 0, 0, 0, 1]
Ow:
[0.13891123;
 -0.081904687;
 0.16101949]
Keyframe: 42 Frame: 307 Frame from vFrameID : 308
Tcw:
[0.96175587, -0.20428191, -0.18246797, 0.13692105;
 -0.12005652, 0.28437364, -0.95116669, -0.088305674;
 0.24619523, 0.93669659, 0.24897262, 0.16510354;
 0, 0, 0, 1]
Twc:
[0.96175587, -0.12005652, 0.24619523, -0.182934;
 -0.20428191, 0.28437364, 0.93669659, -0.10156962;
 -0.18246797, -0.95116669, 0.24897262, -0.10011597;
 0, 0, 0, 1]
Ow:
[0.13692105;
 -0.088305674;
 0.16510354]
Keyframe: 43 Frame: 315 Frame from vFrameID : 316
Tcw:
[0.96373034, -0.22315323, -0.14637779, 0.13983609;
 -0.082672313, 0.27187401, -0.95877516, -0.085958235;
 0.25375009, 0.93610209, 0.24356465, 0.17618494;
 0, 0, 0, 1]
Twc:
[0.96373034, -0.082672313, 0.25375009, -0.18657759;
 -0.22315323, 0.27187401, 0.93610209, -0.11035241;
 -0.14637779, -0.95877516, 0.24356465, -0.10485815;
 0, 0, 0, 1]
Ow:
[0.13983609;
 -0.085958235;
 0.17618494]
Keyframe: 44 Frame: 324 Frame from vFrameID : 325
Tcw:
[0.96261632, -0.24288903, -0.11989473, 0.14198312;
 -0.06331531, 0.22860026, -0.97145927, -0.090701118;
 0.26336476, 0.94273371, 0.20467575, 0.18047974;
 0, 0, 0, 1]
Twc:
[0.96261632, -0.06331531, 0.26336476, -0.18995003;
 -0.24288903, 0.22860026, 0.94273371, -0.11492389;
 -0.11989473, -0.97145927, 0.20467575, -0.10802924;
 0, 0, 0, 1]
Ow:
[0.14198312;
 -0.090701118;
 0.18047974]
Keyframe: 45 Frame: 332 Frame from vFrameID : 333
Tcw:
[0.95139241, -0.28636163, -0.1133556, 0.15470494;
 -0.02853019, 0.28453088, -0.95824224, -0.088552795;
 0.30665699, 0.91489846, 0.26253057, 0.19356251;
 0, 0, 0, 1]
Twc:
[0.95139241, -0.02853019, 0.30665699, -0.20906883;
 -0.28636163, 0.28453088, 0.91489846, -0.10759247;
 -0.1133556, -0.95824224, 0.26253057, -0.11813443;
 0, 0, 0, 1]
Ow:
[0.15470494;
 -0.088552795;
 0.19356251]
Keyframe: 46 Frame: 339 Frame from vFrameID : 340
Tcw:
[0.96929842, -0.21164356, -0.12517014, 0.1482241;
 -0.06995932, 0.25064051, -0.96554905, -0.0908283;
 0.23572496, 0.94466203, 0.22813901, 0.19551079;
 0, 0, 0, 1]
Twc:
[0.96929842, -0.06995932, 0.23572496, -0.19611445;
 -0.21164356, 0.25064051, 0.94466203, -0.13055569;
 -0.12517014, -0.96554905, 0.22813901, -0.11374959;
 0, 0, 0, 1]
Ow:
[0.1482241;
 -0.0908283;
 0.19551079]
Keyframe: 47 Frame: 348 Frame from vFrameID : 349
Tcw:
[0.96530318, -0.20943014, -0.15597698, 0.14844379;
 -0.1022069, 0.24664363, -0.96370155, -0.092249326;
 0.24029888, 0.94620609, 0.21668068, 0.2074676;
 0, 0, 0, 1]
Twc:
[0.96530318, -0.1022069, 0.24029888, -0.202576;
 -0.20943014, 0.24664363, 0.94620609, -0.14246579;
 -0.15597698, -0.96370155, 0.21668068, -0.11070123;
 0, 0, 0, 1]
Ow:
[0.14844379;
 -0.092249326;
 0.2074676]
Keyframe: 48 Frame: 357 Frame from vFrameID : 358
Tcw:
[0.97533697, -0.17716192, -0.13164891, 0.15025353;
 -0.083014302, 0.25822049, -0.96251273, -0.10091127;
 0.20451505, 0.94970304, 0.23714502, 0.21658441;
 0, 0, 0, 1]
Twc:
[0.97533697, -0.083014302, 0.20451505, -0.19921969;
 -0.17716192, 0.25822049, 0.94970304, -0.1530143;
 -0.13164891, -0.96251273, 0.23714502, -0.12870958;
 0, 0, 0, 1]
Ow:
[0.15025353;
 -0.10091127;
 0.21658441]
Keyframe: 49 Frame: 366 Frame from vFrameID : 367
Tcw:
[0.98277938, -0.16161294, -0.089587629, 0.14637701;
 -0.04884037, 0.24039547, -0.96944553, -0.10565308;
 0.17821141, 0.95712656, 0.22836249, 0.2219438;
 0, 0, 0, 1]
Twc:
[0.98277938, -0.04884037, 0.17821141, -0.18856935;
 -0.16161294, 0.24039547, 0.95712656, -0.16337335;
 -0.089587629, -0.96944553, 0.22836249, -0.13999496;
 0, 0, 0, 1]
Ow:
[0.14637701;
 -0.10565308;
 0.2219438]
Keyframe: 50 Frame: 374 Frame from vFrameID : 375
Tcw:
[0.97971469, -0.16119012, -0.1190667, 0.15254164;
 -0.078247987, 0.23928834, -0.96779042, -0.10842287;
 0.18448953, 0.95747524, 0.22182152, 0.22978576;
 0, 0, 0, 1]
Twc:
[0.97971469, -0.078247987, 0.18448953, -0.20032421;
 -0.16119012, 0.23928834, 0.95747524, -0.16948164;
 -0.1190667, -0.96779042, 0.22182152, -0.13773941;
 0, 0, 0, 1]
Ow:
[0.15254164;
 -0.10842287;
 0.22978576]
Keyframe: 51 Frame: 382 Frame from vFrameID : 383
Tcw:
[0.97164357, -0.1715685, -0.16270517, 0.15639493;
 -0.11817712, 0.24363689, -0.96263975, -0.10731184;
 0.20479964, 0.95457077, 0.21645276, 0.23901881;
 0, 0, 0, 1]
Twc:
[0.97164357, -0.11817712, 0.20479964, -0.2135929;
 -0.1715685, 0.24363689, 0.95457077, -0.17518279;
 -0.16270517, -0.96263975, 0.21645276, -0.12959264;
 0, 0, 0, 1]
Ow:
[0.15639493;
 -0.10731184;
 0.23901881]
Keyframe: 52 Frame: 390 Frame from vFrameID : 391
Tcw:
[0.97112918, -0.18573582, -0.14970072, 0.15679194;
 -0.099948592, 0.25300571, -0.96228808, -0.11194532;
 0.2166065, 0.94946843, 0.22713719, 0.24962521;
 0, 0, 0, 1]
Twc:
[0.97112918, -0.099948592, 0.2166065, -0.21752445;
 -0.18573582, 0.25300571, 0.94946843, -0.17956656;
 -0.14970072, -0.96228808, 0.22713719, -0.14095095;
 0, 0, 0, 1]
Ow:
[0.15679194;
 -0.11194532;
 0.24962521]
Keyframe: 53 Frame: 398 Frame from vFrameID : 399
Tcw:
[0.97577792, -0.17613222, -0.12974939, 0.15481028;
 -0.086862877, 0.23240291, -0.96873307, -0.1146698;
 0.20077924, 0.95653874, 0.21147427, 0.25414008;
 0, 0, 0, 1]
Twc:
[0.97577792, -0.086862877, 0.20077924, -0.21204706;
 -0.17613222, 0.23240291, 0.95653874, -0.18917815;
 -0.12974939, -0.96873307, 0.21147427, -0.14474197;
 0, 0, 0, 1]
Ow:
[0.15481028;
 -0.1146698;
 0.25414008]
Keyframe: 54 Frame: 406 Frame from vFrameID : 407
Tcw:
[0.9834224, -0.1607053, -0.083989337, 0.16056578;
 -0.043404374, 0.24109577, -0.96953022, -0.12098428;
 0.17605811, 0.95710325, 0.23012367, 0.26501933;
 0, 0, 0, 1]
Twc:
[0.9834224, -0.043404374, 0.17605811, -0.20981404;
 -0.1607053, 0.24109577, 0.95710325, -0.19867828;
 -0.083989337, -0.96953022, 0.23012367, -0.16479932;
 0, 0, 0, 1]
Ow:
[0.16056578;
 -0.12098428;
 0.26501933]
Keyframe: 55 Frame: 413 Frame from vFrameID : 414
Tcw:
[0.97111237, -0.18202376, -0.1542988, 0.16385844;
 -0.10561983, 0.251948, -0.96195978, -0.11898351;
 0.21397482, 0.95046806, 0.2254445, 0.2757858;
 0, 0, 0, 1]
Twc:
[0.97111237, -0.10561983, 0.21397482, -0.2307032;
 -0.18202376, 0.251948, 0.95046806, -0.20232183;
 -0.1542988, -0.96195978, 0.2254445, -0.15134859;
 0, 0, 0, 1]
Ow:
[0.16385844;
 -0.11898351;
 0.2757858]
Keyframe: 56 Frame: 422 Frame from vFrameID : 423
Tcw:
[0.964329, -0.18440852, -0.18990281, 0.1619298;
 -0.13791212, 0.26234004, -0.9550696, -0.11990289;
 0.22594208, 0.94719124, 0.22754994, 0.28646711;
 0, 0, 0, 1]
Twc:
[0.964329, -0.13791212, 0.22594208, -0.23741464;
 -0.18440852, 0.26234004, 0.94719124, -0.21002255;
 -0.18990281, -0.9550696, 0.22754994, -0.14895025;
 0, 0, 0, 1]
Ow:
[0.1619298;
 -0.11990289;
 0.28646711]
Keyframe: 57 Frame: 430 Frame from vFrameID : 431
Tcw:
[0.97209704, -0.18891144, -0.13906771, 0.16274986;
 -0.080855288, 0.28667513, -0.95460975, -0.12636742;
 0.22020395, 0.93921769, 0.26340154, 0.29523245;
 0, 0, 0, 1]
Twc:
[0.97209704, -0.080855288, 0.22020395, -0.23343748;
 -0.18891144, 0.28667513, 0.93921769, -0.21031584;
 -0.13906771, -0.95460975, 0.26340154, -0.17576303;
 0, 0, 0, 1]
Ow:
[0.16274986;
 -0.12636742;
 0.29523245]
Keyframe: 58 Frame: 439 Frame from vFrameID : 440
Tcw:
[0.98317713, -0.15810621, -0.091461502, 0.16616093;
 -0.045444317, 0.27325103, -0.96086872, -0.12715296;
 0.17691125, 0.94886053, 0.26146913, 0.3006888;
 0, 0, 0, 1]
Twc:
[0.98317713, -0.045444317, 0.17691125, -0.22233923;
 -0.15810621, 0.27325103, 0.94886053, -0.22429599;
 -0.091461502, -0.96086872, 0.26146913, -0.18560082;
 0, 0, 0, 1]
Ow:
[0.16616093;
 -0.12715296;
 0.3006888]
Keyframe: 59 Frame: 446 Frame from vFrameID : 447
Tcw:
[0.97996944, -0.1678499, -0.10717415, 0.16713798;
 -0.05960932, 0.26626274, -0.96205556, -0.13016823;
 0.19001742, 0.94917363, 0.25092393, 0.30574843;
 0, 0, 0, 1]
Twc:
[0.97996944, -0.05960932, 0.19001742, -0.22964688;
 -0.1678499, 0.26626274, 0.94917363, -0.22749528;
 -0.10717415, -0.96205556, 0.25092393, -0.18403579;
 0, 0, 0, 1]
Ow:
[0.16713798;
 -0.13016823;
 0.30574843]
Keyframe: 60 Frame: 454 Frame from vFrameID : 455
Tcw:
[0.96994925, -0.18625338, -0.15655068, 0.16902839;
 -0.10987832, 0.23876192, -0.96484172, -0.12872264;
 0.21708336, 0.953049, 0.21112174, 0.3153787;
 0, 0, 0, 1]
Twc:
[0.96994925, -0.10987832, 0.21708336, -0.24655625;
 -0.18625338, 0.23876192, 0.953049, -0.23835516;
 -0.15655068, -0.96484172, 0.21112174, -0.16431876;
 0, 0, 0, 1]
Ow:
[0.16902839;
 -0.12872264;
 0.3153787]
Keyframe: 61 Frame: 461 Frame from vFrameID : 462
Tcw:
[0.96954703, -0.16957898, -0.17669621, 0.16485673;
 -0.12703608, 0.26859957, -0.95483828, -0.13212301;
 0.20938103, 0.94820738, 0.23887727, 0.32217494;
 0, 0, 0, 1]
Twc:
[0.96954703, -0.12703608, 0.20938103, -0.24407807;
 -0.16957898, 0.26859957, 0.94820738, -0.24204424;
 -0.17669621, -0.95483828, 0.23887727, -0.17398681;
 0, 0, 0, 1]
Ow:
[0.16485673;
 -0.13212301;
 0.32217494]
Keyframe: 62 Frame: 468 Frame from vFrameID : 469
Tcw:
[0.97905892, -0.15832879, -0.12796728, 0.16542408;
 -0.08186201, 0.2693412, -0.95955926, -0.13648802;
 0.18639271, 0.94994068, 0.25073978, 0.32973722;
 0, 0, 0, 1]
Twc:
[0.97905892, -0.08186201, 0.18639271, -0.23459372;
 -0.15832879, 0.2693412, 0.94994068, -0.25027758;
 -0.12796728, -0.95955926, 0.25073978, -0.1924777;
 0, 0, 0, 1]
Ow:
[0.16542408;
 -0.13648802;
 0.32973722]
Keyframe: 63 Frame: 477 Frame from vFrameID : 478
Tcw:
[0.98411363, -0.14963357, -0.095551848, 0.17182423;
 -0.0494042, 0.28613633, -0.95691442, -0.13648024;
 0.17052738, 0.94643319, 0.27419811, 0.33976063;
 0, 0, 0, 1]
Twc:
[0.98411363, -0.0494042, 0.17052738, -0.23377576;
 -0.14963357, 0.28613633, 0.94643319, -0.25679812;
 -0.095551848, -0.95691442, 0.27419811, -0.20734352;
 0, 0, 0, 1]
Ow:
[0.17182423;
 -0.13648024;
 0.33976063]
Keyframe: 64 Frame: 486 Frame from vFrameID : 487
Tcw:
[0.97665215, -0.17169595, -0.12911655, 0.17605118;
 -0.074856758, 0.29136732, -0.95367789, -0.13742301;
 0.20136298, 0.94107682, 0.27171192, 0.3483879;
 0, 0, 0, 1]
Twc:
[0.97665215, -0.074856758, 0.20136298, -0.25238022;
 -0.17169595, 0.29136732, 0.94107682, -0.2575919;
 -0.12911655, -0.95367789, 0.27171192, -0.20298731;
 0, 0, 0, 1]
Ow:
[0.17605118;
 -0.13742301;
 0.3483879]
Keyframe: 65 Frame: 493 Frame from vFrameID : 494
Tcw:
[0.97752303, -0.15903547, -0.13840678, 0.17605624;
 -0.084885366, 0.30403748, -0.94887072, -0.14067125;
 0.19298495, 0.93929172, 0.28370386, 0.35465857;
 0, 0, 0, 1]
Twc:
[0.97752303, -0.084885366, 0.19298495, -0.25248373;
 -0.15903547, 0.30403748, 0.93929172, -0.26235935;
 -0.13840678, -0.94887072, 0.28370386, -0.20972948;
 0, 0, 0, 1]
Ow:
[0.17605624;
 -0.14067125;
 0.35465857]
Keyframe: 66 Frame: 499 Frame from vFrameID : 500
Tcw:
[0.98457581, -0.14191188, -0.10233038, 0.17412552;
 -0.056070302, 0.29809904, -0.9528867, -0.14453045;
 0.16573052, 0.94392687, 0.28554404, 0.35993537;
 0, 0, 0, 1]
Twc:
[0.98457581, -0.056070302, 0.16573052, -0.23919591;
 -0.14191188, 0.29809904, 0.94392687, -0.27195781;
 -0.10233038, -0.9528867, 0.28554404, -0.22268021;
 0, 0, 0, 1]
Ow:
[0.17412552;
 -0.14453045;
 0.35993537]
Keyframe: 67 Frame: 506 Frame from vFrameID : 507
Tcw:
[0.98898679, -0.13441551, -0.061948203, 0.17316048;
 -0.018184496, 0.30503115, -0.95216876, -0.14779787;
 0.14688237, 0.94280881, 0.29922751, 0.36625129;
 0, 0, 0, 1]
Twc:
[0.98898679, -0.018184496, 0.14688237, -0.22773692;
 -0.13441551, 0.30503115, 0.94280881, -0.27694651;
 -0.061948203, -0.95216876, 0.29922751, -0.23959398;
 0, 0, 0, 1]
Ow:
[0.17316048;
 -0.14779787;
 0.36625129]
Keyframe: 68 Frame: 514 Frame from vFrameID : 515
Tcw:
[0.9845224, -0.15283135, -0.085780315, 0.17836906;
 -0.035576344, 0.30498224, -0.9516933, -0.14629529;
 0.17161004, 0.94001514, 0.29482466, 0.37297362;
 0, 0, 0, 1]
Twc:
[0.9845224, -0.035576344, 0.17161004, -0.244819;
 -0.15283135, 0.30498224, 0.94001514, -0.27872297;
 -0.085780315, -0.9516933, 0.29482466, -0.23388952;
 0, 0, 0, 1]
Ow:
[0.17836906;
 -0.14629529;
 0.37297362]
Keyframe: 69 Frame: 523 Frame from vFrameID : 524
Tcw:
[0.98143309, -0.15540305, -0.11242309, 0.17918721;
 -0.059132572, 0.31243485, -0.94809693, -0.14836267;
 0.18246205, 0.9371416, 0.29744452, 0.38281336;
 0, 0, 0, 1]
Twc:
[0.98143309, -0.059132572, 0.18246205, -0.25448224;
 -0.15540305, 0.31243485, 0.9371416, -0.28455043;
 -0.11242309, -0.94809693, 0.29744452, -0.23438315;
 0, 0, 0, 1]
Ow:
[0.17918721;
 -0.14836267;
 0.38281336]
Keyframe: 70 Frame: 531 Frame from vFrameID : 532
Tcw:
[0.98752517, -0.13977008, -0.072514303, 0.17655569;
 -0.027576605, 0.29988751, -0.95357591, -0.14755388;
 0.15502751, 0.94367993, 0.29229209, 0.38826787;
 0, 0, 0, 1]
Twc:
[0.98752517, -0.027576605, 0.15502751, -0.23861443;
 -0.13977008, 0.29988751, 0.94367993, -0.29747385;
 -0.072514303, -0.95357591, 0.29229209, -0.24138865;
 0, 0, 0, 1]
Ow:
[0.17655569;
 -0.14755388;
 0.38826787]
Keyframe: 71 Frame: 538 Frame from vFrameID : 539
Tcw:
[0.98996276, -0.1240123, -0.067784265, 0.17763679;
 -0.027162693, 0.30372623, -0.95237207, -0.14482939;
 0.13869371, 0.94465405, 0.29730916, 0.39170331;
 0, 0, 0, 1]
Twc:
[0.98996276, -0.027162693, 0.13869371, -0.23411454;
 -0.1240123, 0.30372623, 0.94465405, -0.30400649;
 -0.067784265, -0.95237207, 0.29730916, -0.24234745;
 0, 0, 0, 1]
Ow:
[0.17763679;
 -0.14482939;
 0.39170331]
Keyframe: 72 Frame: 546 Frame from vFrameID : 547
Tcw:
[0.98522615, -0.130007, -0.11147932, 0.17807993;
 -0.064513028, 0.32125217, -0.9447937, -0.14160849;
 0.15864277, 0.93802732, 0.30811891, 0.39900467;
 0, 0, 0, 1]
Twc:
[0.98522615, -0.064513028, 0.15864277, -0.24788378;
 -0.130007, 0.32125217, 0.93802732, -0.30563357;
 -0.11147932, -0.9447937, 0.30811891, -0.23687945;
 0, 0, 0, 1]
Ow:
[0.17807993;
 -0.14160849;
 0.39900467]
Keyframe: 73 Frame: 554 Frame from vFrameID : 555
Tcw:
[0.98023498, -0.14045416, -0.13932697, 0.18120736;
 -0.087529883, 0.32367563, -0.94211072, -0.13351123;
 0.17742011, 0.93568516, 0.30498424, 0.40572828;
 0, 0, 0, 1]
Twc:
[0.98023498, -0.087529883, 0.17742011, -0.26129636;
 -0.14045416, 0.32367563, 0.93568516, -0.31096825;
 -0.13932697, -0.94211072, 0.30498424, -0.22427601;
 0, 0, 0, 1]
Ow:
[0.18120736;
 -0.13351123;
 0.40572828]
Keyframe: 74 Frame: 562 Frame from vFrameID : 563
Tcw:
[0.9853847, -0.13301258, -0.10641706, 0.17632975;
 -0.058936968, 0.31992018, -0.94560957, -0.13094577;
 0.15982294, 0.93806118, 0.30740511, 0.41310257;
 0, 0, 0, 1]
Twc:
[0.9853847, -0.058936968, 0.15982294, -0.24749346;
 -0.13301258, 0.31992018, 0.93806118, -0.32216918;
 -0.10641706, -0.94560957, 0.30740511, -0.23204891;
 0, 0, 0, 1]
Ow:
[0.17632975;
 -0.13094577;
 0.41310257]
Keyframe: 75 Frame: 570 Frame from vFrameID : 571
Tcw:
[0.98822063, -0.12328478, -0.090668805, 0.16979799;
 -0.043663435, 0.34070045, -0.93915743, -0.11455761;
 0.14667472, 0.93205369, 0.33130416, 0.4198696;
 0, 0, 0, 1]
Twc:
[0.98822063, -0.043663435, 0.14667472, -0.23438412;
 -0.12328478, 0.34070045, 0.93205369, -0.33137769;
 -0.090668805, -0.93915743, 0.33130416, -0.23129681;
 0, 0, 0, 1]
Ow:
[0.16979799;
 -0.11455761;
 0.4198696]
Keyframe: 76 Frame: 578 Frame from vFrameID : 579
Tcw:
[0.97863334, -0.1455676, -0.14521314, 0.16659814;
 -0.094509088, 0.30875638, -0.94643414, -0.1038758;
 0.18260562, 0.93993592, 0.28840184, 0.42711693;
 0, 0, 0, 1]
Twc:
[0.97863334, -0.094509088, 0.18260562, -0.25084966;
 -0.1455676, 0.30875638, 0.93993592, -0.34513897;
 -0.14521314, -0.94643414, 0.28840184, -0.19730066;
 0, 0, 0, 1]
Ow:
[0.16659814;
 -0.1038758;
 0.42711693]
Keyframe: 77 Frame: 586 Frame from vFrameID : 587
Tcw:
[0.97835231, -0.13880236, -0.15349476, 0.16732487;
 -0.10012158, 0.33165801, -0.93807179, -0.10186014;
 0.18111435, 0.93313283, 0.31058127, 0.43199345;
 0, 0, 0, 1]
Twc:
[0.97835231, -0.10012158, 0.18111435, -0.2521413;
 -0.13880236, 0.33165801, 0.93313283, -0.34609947;
 -0.15349476, -0.93807179, 0.31058127, -0.20403771;
 0, 0, 0, 1]
Ow:
[0.16732487;
 -0.10186014;
 0.43199345]
Keyframe: 78 Frame: 594 Frame from vFrameID : 595
Tcw:
[0.98486066, -0.14293489, -0.098077118, 0.15145792;
 -0.050859794, 0.30262268, -0.95175248, -0.094271161;
 0.165719, 0.94233173, 0.29077151, 0.4387849;
 0, 0, 0, 1]
Twc:
[0.98486066, -0.050859794, 0.165719, -0.22667456;
 -0.14293489, 0.30262268, 0.94233173, -0.36330375;
 -0.098077118, -0.95175248, 0.29077151, -0.20245442;
 0, 0, 0, 1]
Ow:
[0.15145792;
 -0.094271161;
 0.4387849]
Keyframe: 79 Frame: 601 Frame from vFrameID : 602
Tcw:
[0.98484623, -0.1459502, -0.093682811, 0.15824947;
 -0.041408762, 0.32666659, -0.94423211, -0.099114917;
 0.16841391, 0.93380272, 0.31567273, 0.44233936;
 0, 0, 0, 1]
Twc:
[0.98484623, -0.041408762, 0.16841391, -0.2344517;
 -0.1459502, 0.32666659, 0.93380272, -0.35758361;
 -0.093682811, -0.94423211, 0.31567273, -0.21839671;
 0, 0, 0, 1]
Ow:
[0.15824947;
 -0.099114917;
 0.44233936]
Keyframe: 80 Frame: 610 Frame from vFrameID : 611
Tcw:
[0.97952849, -0.15268591, -0.13119042, 0.16184209;
 -0.072139584, 0.34217182, -0.93686408, -0.10043126;
 0.18793561, 0.92714912, 0.32415235, 0.44951782;
 0, 0, 0, 1]
Twc:
[0.97952849, -0.072139584, 0.18793561, -0.25025442;
 -0.15268591, 0.34217182, 0.92714912, -0.35769427;
 -0.13119042, -0.93686408, 0.32415235, -0.21857056;
 0, 0, 0, 1]
Ow:
[0.16184209;
 -0.10043126;
 0.44951782]
Keyframe: 81 Frame: 619 Frame from vFrameID : 620
Tcw:
[0.98001367, -0.160575, -0.11742626, 0.15877555;
 -0.057855919, 0.33470431, -0.94054544, -0.10319709;
 0.19033116, 0.92854118, 0.31872457, 0.45465761;
 0, 0, 0, 1]
Twc:
[0.98001367, -0.057855919, 0.19033116, -0.24810828;
 -0.160575, 0.33470431, 0.92854118, -0.36213243;
 -0.11742626, -0.94054544, 0.31872457, -0.22332768;
 0, 0, 0, 1]
Ow:
[0.15877555;
 -0.10319709;
 0.45465761]
Keyframe: 82 Frame: 626 Frame from vFrameID : 627
Tcw:
[0.98914999, -0.1212509, -0.082948782, 0.15988235;
 -0.038958065, 0.32791698, -0.94390291, -0.10083849;
 0.1416494, 0.93689311, 0.31963539, 0.45992202;
 0, 0, 0, 1]
Twc:
[0.98914999, -0.038958065, 0.1416494, -0.22722377;
 -0.1212509, 0.32791698, 0.93689311, -0.37844521;
 -0.082948782, -0.94390291, 0.31963539, -0.22892705;
 0, 0, 0, 1]
Ow:
[0.15988235;
 -0.10083849;
 0.45992202]
Keyframe: 83 Frame: 633 Frame from vFrameID : 634
Tcw:
[0.99084896, -0.11374218, -0.072670519, 0.16529834;
 -0.030694304, 0.33441311, -0.9419266, -0.099712156;
 0.13143876, 0.93553758, 0.32786167, 0.46674001;
 0, 0, 0, 1]
Twc:
[0.99084896, -0.030694304, 0.13143876, -0.22819403;
 -0.11374218, 0.33441311, 0.93553758, -0.38450637;
 -0.072670519, -0.9419266, 0.32786167, -0.23493537;
 0, 0, 0, 1]
Ow:
[0.16529834;
 -0.099712156;
 0.46674001]
Keyframe: 84 Frame: 642 Frame from vFrameID : 643
Tcw:
[0.98517698, -0.12865192, -0.11346808, 0.16513854;
 -0.065718308, 0.3279351, -0.9424116, -0.1004473;
 0.15845323, 0.9358992, 0.3146193, 0.47321367;
 0, 0, 0, 1]
Twc:
[0.98517698, -0.065718308, 0.15845323, -0.24427415;
 -0.12865192, 0.3279351, 0.9358992, -0.38869467;
 -0.11346808, -0.9424116, 0.3146193, -0.22480693;
 0, 0, 0, 1]
Ow:
[0.16513854;
 -0.1004473;
 0.47321367]
Keyframe: 85 Frame: 650 Frame from vFrameID : 651
Tcw:
[0.98938704, -0.11144605, -0.093236566, 0.16691253;
 -0.047438782, 0.35875747, -0.93222457, -0.10472597;
 0.13734207, 0.92675394, 0.34966311, 0.47670415;
 0, 0, 0, 1]
Twc:
[0.98938704, -0.047438782, 0.13734207, -0.2355807;
 -0.11144605, 0.35875747, 0.92675394, -0.38561448;
 -0.093236566, -0.93222457, 0.34966311, -0.24875164;
 0, 0, 0, 1]
Ow:
[0.16691253;
 -0.10472597;
 0.47670415]
Keyframe: 86 Frame: 657 Frame from vFrameID : 658
Tcw:
[0.99489462, -0.085541628, -0.053547859, 0.16619557;
 -0.021320406, 0.34046811, -0.9400143, -0.10590905;
 0.098641694, 0.93635684, 0.33690611, 0.48127386;
 0, 0, 0, 1]
Twc:
[0.99489462, -0.021320406, 0.098641694, -0.21507876;
 -0.085541628, 0.34046811, 0.93635684, -0.40036875;
 -0.053547859, -0.9400143, 0.33690611, -0.2528007;
 0, 0, 0, 1]
Ow:
[0.16619557;
 -0.10590905;
 0.48127386]
Keyframe: 87 Frame: 664 Frame from vFrameID : 665
Tcw:
[0.99499613, -0.081174336, -0.058252688, 0.16678151;
 -0.025054626, 0.3616907, -0.93196142, -0.10771713;
 0.096720807, 0.92875755, 0.35784706, 0.48962671;
 0, 0, 0, 1]
Twc:
[0.99499613, -0.025054626, 0.096720807, -0.21600288;
 -0.081174336, 0.3616907, 0.92875755, -0.40224585;
 -0.058252688, -0.93196142, 0.35784706, -0.26588422;
 0, 0, 0, 1]
Ow:
[0.16678151;
 -0.10771713;
 0.48962671]
Keyframe: 88 Frame: 672 Frame from vFrameID : 673
Tcw:
[0.99185282, -0.096371606, -0.083309457, 0.16595362;
 -0.046790473, 0.33265772, -0.94188613, -0.10883345;
 0.11848462, 0.93811053, 0.32543823, 0.49487829;
 0, 0, 0, 1]
Twc:
[0.99185282, -0.046790473, 0.11848462, -0.22832941;
 -0.096371606, 0.33265772, 0.93811053, -0.41205299;
 -0.083309457, -0.94188613, 0.32543823, -0.2497355;
 0, 0, 0, 1]
Ow:
[0.16595362;
 -0.10883345;
 0.49487829]
Keyframe: 89 Frame: 679 Frame from vFrameID : 680
Tcw:
[0.98681748, -0.11511816, -0.11375009, 0.16951172;
 -0.066084504, 0.35496727, -0.93254012, -0.11197391;
 0.14772986, 0.927764, 0.34268036, 0.50080711;
 0, 0, 0, 1]
Twc:
[0.98681748, -0.066084504, 0.14772986, -0.24866103;
 -0.11511816, 0.35496727, 0.927764, -0.40536985;
 -0.11375009, -0.93254012, 0.34268036, -0.25675496;
 0, 0, 0, 1]
Ow:
[0.16951172;
 -0.11197391;
 0.50080711]
Keyframe: 90 Frame: 686 Frame from vFrameID : 687
Tcw:
[0.98617506, -0.12310042, -0.11092786, 0.16874242;
 -0.062097497, 0.34609988, -0.93614036, -0.11430605;
 0.15363139, 0.93008661, 0.33367085, 0.50616419;
 0, 0, 0, 1]
Twc:
[0.98617506, -0.062097497, 0.15363139, -0.25127041;
 -0.12310042, 0.34609988, 0.93008661, -0.41044301;
 -0.11092786, -0.93614036, 0.33367085, -0.25718051;
 0, 0, 0, 1]
Ow:
[0.16874242;
 -0.11430605;
 0.50616419]
