Keyframe: 0 Frame: 0 Frame from vFrameID : 17
Tcw:
[0.97326678, -0.20028062, -0.11242541, 0.087372184;
 -0.026363725, 0.38883862, -0.9209286, -0.0054494049;
 0.22815949, 0.89927316, 0.37316355, -0.075544283;
 0, 0, 0, 1]
Twc:
[0.97326678, -0.026363725, 0.22815949, -0.067943968;
 -0.20028062, 0.38883862, 0.89927316, 0.087552838;
 -0.11242541, -0.9209286, 0.37316355, 0.032994714;
 0, 0, 0, 1]
Ow:
[0.087372184;
 -0.0054494049;
 -0.075544283]
Keyframe: 1 Frame: 29 Frame from vFrameID : 17
Tcw:
[0.97327662, -0.20020172, -0.11248078, inf;
 -0.026423289, 0.38893247, -0.92088729, -nan;
 0.22811064, 0.89925015, 0.37324888, -nan;
 0, 0, 0, 1]
Twc:
[0.97327662, -0.026423289, 0.22811064, -inf;
 -0.20020172, 0.38893247, 0.89925015, inf;
 -0.11248078, -0.92088729, 0.37324888, inf;
 0, 0, 0, 1]
Ow:
[inf;
 -nan;
 -nan]
