Keyframe: 0 Frame: 0 Frame from vFrameID : 17
Tcw:
[0.97241348, -0.20101646, -0.11834027, 0.08612974;
 -0.032481492, 0.38569373, -0.92205495, -0.0058330502;
 0.23099132, 0.90046251, 0.36852446, -0.076609515;
 0, 0, 0, 1]
Twc:
[0.97241348, -0.032481492, 0.23099132, -0.066247046;
 -0.20101646, 0.38569373, 0.90046251, 0.088547267;
 -0.11834027, -0.92205495, 0.36852446, 0.033046704;
 0, 0, 0, 1]
Ow:
[0.08612974;
 -0.0058330502;
 -0.076609515]
Keyframe: 1 Frame: 32 Frame from vFrameID : 17
Tcw:
[0.97204858, -0.20224427, -0.11924269, inf;
 -0.033735748, 0.38230231, -0.92342126, -nan;
 0.23234341, 0.90163308, 0.36479354, -nan;
 0, 0, 0, 1]
Twc:
[0.97204858, -0.033735748, 0.23234341, -inf;
 -0.20224427, 0.38230231, 0.90163308, inf;
 -0.11924269, -0.92342126, 0.36479354, inf;
 0, 0, 0, 1]
Ow:
[inf;
 -nan;
 -nan]
