Keyframe: 0 Frame: 0 Frame from vFrameID : 17
Tcw:
[0.97353894, -0.19723818, -0.11540799, 0.087229162;
 -0.025614688, 0.40765375, -0.91277725, -0.0092102624;
 0.22708103, 0.89158034, 0.39181462, -0.077054314;
 0, 0, 0, 1]
Twc:
[0.97353894, -0.025614688, 0.22708103, -0.067659333;
 -0.19723818, 0.40765375, 0.89158034, 0.089659639;
 -0.11540799, -0.91277725, 0.39181462, 0.031851031;
 0, 0, 0, 1]
Ow:
[0.087229162;
 -0.0092102624;
 -0.077054314]
Keyframe: 1 Frame: 58 Frame from vFrameID : 17
Tcw:
[0.97447503, -0.19447693, -0.11214804, 0.0019873963;
 -0.023094591, 0.41006193, -0.91176528, -0.00020543596;
 0.22330494, 0.89108247, 0.39510372, -0.0017533068;
 0, 0, 0, 1]
Twc:
[0.97447503, -0.023094591, 0.22330494, -0.0015498905;
 -0.19447693, 0.41006193, 0.89108247, 0.0020330851;
 -0.11214804, -0.91176528, 0.39510372, 0.00072831131;
 0, 0, 0, 1]
Ow:
[0.0019873963;
 -0.00020543596;
 -0.0017533068]
