Keyframe: 0 Frame: 0 Frame from vFrameID : 17
Tcw:
[0.97063178, -0.20712262, -0.12236891, 0.087721042;
 -0.034415923, 0.38387784, -0.92274231, -0.0058967639;
 0.23809552, 0.89985442, 0.36547571, -0.077916279;
 0, 0, 0, 1]
Twc:
[0.97063178, -0.034415923, 0.23809552, -0.066796258;
 -0.20712262, 0.38387784, 0.89985442, 0.090545967;
 -0.12236891, -0.92274231, 0.36547571, 0.033769645;
 0, 0, 0, 1]
Ow:
[0.087721042;
 -0.0058967639;
 -0.077916279]
Keyframe: 1 Frame: 35 Frame from vFrameID : 17
Tcw:
[0.97001231, -0.20746008, -0.12663487, 0.0073950961;
 -0.036972389, 0.38900459, -0.9204936, 0.0036995052;
 0.24022721, 0.89757216, 0.36966893, -0.0042386483;
 0, 0, 0, 1]
Twc:
[0.97001231, -0.036972389, 0.24022721, -0.0060183164;
 -0.20746008, 0.38900459, 0.89757216, 0.0038995552;
 -0.12663487, -0.9204936, 0.36966893, 0.0059087444;
 0, 0, 0, 1]
Ow:
[0.0073950961;
 0.0036995052;
 -0.0042386483]
