Keyframe: 0 Frame: 0 Frame from vFrameID : 17
Tcw:
[0.95558292, -0.25592336, -0.14616613, 0.094956517;
 -0.027709091, 0.41573399, -0.90906405, -0.0098934807;
 0.29341695, 0.87273622, 0.39017689, -0.078536615;
 0, 0, 0, 1]
Twc:
[0.95558292, -0.027709091, 0.29341695, -0.067968987;
 -0.25592336, 0.41573399, 0.87273622, 0.096956387;
 -0.14616613, -0.90906405, 0.39017689, 0.035528786;
 0, 0, 0, 1]
Ow:
[0.094956517;
 -0.0098934807;
 -0.078536615]
Keyframe: 1 Frame: 70 Frame from vFrameID : 17
Tcw:
[0.95511371, -0.26043758, -0.14117375, 0.00064670306;
 -0.019792149, 0.41938773, -0.9075914, -0.0004788012;
 0.29557744, 0.86964715, 0.39540836, -0.0043325331;
 0, 0, 0, 1]
Twc:
[0.95511371, -0.019792149, 0.29557744, 0.00065344764;
 -0.26043758, 0.41938773, 0.86964715, 0.0041370043;
 -0.14117375, -0.9075914, 0.39540836, 0.0013698614;
 0, 0, 0, 1]
Ow:
[0.00064670306;
 -0.0004788012;
 -0.0043325331]
