Keyframe: 0 Frame: 0 Frame from vFrameID : 17
Tcw:
[0.97021878, -0.21019667, -0.1203864, 0.086438775;
 -0.027667794, 0.39757472, -0.91715258, -0.0067023076;
 0.24064501, 0.89316946, 0.37991878, -0.076022319;
 0, 0, 0, 1]
Twc:
[0.97021878, -0.027667794, 0.24064501, -0.065755568;
 -0.21019667, 0.39757472, 0.89316946, 0.088734627;
 -0.1203864, -0.91715258, 0.37991878, 0.033141322;
 0, 0, 0, 1]
Ow:
[0.086438775;
 -0.0067023076;
 -0.076022319]
Keyframe: 1 Frame: 52 Frame from vFrameID : 17
Tcw:
[0.96991992, -0.21311593, -0.11763071, 0.00018000648;
 -0.024442339, 0.39552686, -0.91812915, -0.0011338892;
 0.24219406, 0.8933869, 0.37842029, 5.2695628e-05;
 0, 0, 0, 1]
Twc:
[0.96991992, -0.024442339, 0.24219406, -0.00021506935;
 -0.21311593, 0.39552686, 0.8933869, 0.00043976825;
 -0.11763071, -0.91812915, 0.37842029, -0.0010398235;
 0, 0, 0, 1]
Ow:
[0.00018000648;
 -0.0011338892;
 5.2695628e-05]
