Keyframe: 0 Frame: 0 Frame from vFrameID : 17
Tcw:
[0.9617731, -0.23285401, -0.14412324, 0.094188966;
 -0.035733346, 0.41507852, -0.9090836, -0.010511165;
 0.27150622, 0.87948215, 0.39089072, -0.077255957;
 0, 0, 0, 1]
Twc:
[0.9617731, -0.035733346, 0.27150622, -0.069988541;
 -0.23285401, 0.41507852, 0.87948215, 0.094240472;
 -0.14412324, -0.9090836, 0.39089072, 0.034217924;
 0, 0, 0, 1]
Ow:
[0.094188966;
 -0.010511165;
 -0.077255957]
Keyframe: 1 Frame: 67 Frame from vFrameID : 17
Tcw:
[0.9600758, -0.23798509, -0.14702924, inf;
 -0.036415923, 0.41479447, -0.90918612, -nan;
 0.27735966, 0.87824178, 0.3895677, -nan;
 0, 0, 0, 1]
Twc:
[0.9600758, -0.036415923, 0.27735966, -inf;
 -0.23798509, 0.41479447, 0.87824178, inf;
 -0.14702924, -0.90918612, 0.3895677, inf;
 0, 0, 0, 1]
Ow:
[inf;
 -nan;
 -nan]
