Keyframe: 0 Frame: 0 Frame from vFrameID : 17
Tcw:
[0.97076595, -0.21136871, -0.11373996, 0.086296313;
 -0.020743556, 0.39821023, -0.9170596, -0.0065590907;
 0.23913012, 0.8926096, 0.38218439, -0.076336615;
 0, 0, 0, 1]
Twc:
[0.97076595, -0.020743556, 0.23913012, -0.065655194;
 -0.21136871, 0.39821023, 0.8926096, 0.088991031;
 -0.11373996, -0.9170596, 0.38218439, 0.032974921;
 0, 0, 0, 1]
Ow:
[0.086296313;
 -0.0065590907;
 -0.076336615]
Keyframe: 1 Frame: 55 Frame from vFrameID : 17
Tcw:
[0.9715991, -0.20805626, -0.11272877, inf;
 -0.02082685, 0.39935112, -0.91656148, -nan;
 0.23571472, 0.89287806, 0.38367605, -nan;
 0, 0, 0, 1]
Twc:
[0.9715991, -0.02082685, 0.23571472, -inf;
 -0.20805626, 0.39935112, 0.89287806, inf;
 -0.11272877, -0.91656148, 0.38367605, inf;
 0, 0, 0, 1]
Ow:
[inf;
 -nan;
 -nan]
