Keyframe: 0 Frame: 0 Frame from vFrameID : 17
Tcw:
[0.98173094, -0.15961201, -0.10357761, 0.083284579;
 -0.031240683, 0.40175903, -0.91521239, -0.0061173905;
 0.18769212, 0.90172815, 0.38943288, -0.075357862;
 0, 0, 0, 1]
Twc:
[0.98173094, -0.031240683, 0.18769212, -0.067810081;
 -0.15961201, 0.40175903, 0.90172815, 0.083703242;
 -0.10357761, -0.91521239, 0.38943288, 0.032374538;
 0, 0, 0, 1]
Ow:
[0.083284579;
 -0.0061173905;
 -0.075357862]
Keyframe: 1 Frame: 25 Frame from vFrameID : 17
Tcw:
[0.97854048, -0.16959207, -0.11703444, 0.0038197718;
 -0.041115493, 0.39585245, -0.91739321, -0.0014434247;
 0.20191099, 0.90251833, 0.3803848, -0.0049426206;
 0, 0, 0, 1]
Twc:
[0.97854048, -0.041115493, 0.20191099, -0.0027991792;
 -0.16959207, 0.39585245, 0.90251833, 0.005679992;
 -0.11703444, -0.91739321, 0.3803848, 0.0010029546;
 0, 0, 0, 1]
Ow:
[0.0038197718;
 -0.0014434247;
 -0.0049426206]
