Keyframe: 0 Frame: 0 Frame from vFrameID : 243
Tcw:
[0.99997896, 0.0064817714, 0.00026273407, 0.091954447;
 -0.0025075055, 0.42356536, -0.90586209, -0.030465215;
 -0.0059828758, 0.90584236, 0.42357269, 0.029136259;
 0, 0, 0, 1]
Twc:
[0.99997896, -0.0025075055, -0.0059828758, -0.091854587;
 0.0064817714, 0.42356536, 0.90584236, -0.014084876;
 0.00026273407, -0.90586209, 0.42357269, -0.039962765;
 0, 0, 0, 1]
Ow:
[0.091954447;
 -0.030465215;
 0.029136259]
Keyframe: 1 Frame: 242 Frame from vFrameID : 243
Tcw:
[0.99813229, 0.058554247, 0.017418113, 0.093780152;
 -0.0074047539, 0.39898205, -0.91692883, -0.0082725454;
 -0.060639594, 0.91508728, 0.39867043, 0.01616266;
 0, 0, 0, 1]
Twc:
[0.99813229, -0.0074047539, -0.060639594, -0.092686154;
 0.058554247, 0.39898205, 0.91508728, -0.016980873;
 0.017418113, -0.91692883, 0.39867043, -0.015662383;
 0, 0, 0, 1]
Ow:
[0.093780152;
 -0.0082725454;
 0.01616266]
Keyframe: 2 Frame: 244 Frame from vFrameID : 245
Tcw:
[0.997998, 0.058458872, 0.024135513, 0.092588156;
 -0.0015285276, 0.40380076, -0.91484565, -0.0086991023;
 -0.063226782, 0.91297728, 0.40308172, 0.016809817;
 0, 0, 0, 1]
Twc:
[0.997998, -0.0015285276, -0.063226782, -0.09135326;
 0.058458872, 0.40380076, 0.91297728, -0.017246876;
 0.024135513, -0.91484565, 0.40308172, -0.016968729;
 0, 0, 0, 1]
Ow:
[0.092588156;
 -0.0086991023;
 0.016809817]
Keyframe: 3 Frame: 245 Frame from vFrameID : 246
Tcw:
[0.99872845, 0.047178134, 0.017767925, 0.093533106;
 -0.0033991721, 0.41466445, -0.90996808, -0.014256205;
 -0.050298322, 0.90875059, 0.41429755, 0.026388898;
 0, 0, 0, 1]
Twc:
[0.99872845, -0.0033991721, -0.050298322, -0.092135318;
 0.047178134, 0.41466445, 0.90875059, -0.022482103;
 0.017767925, -0.90996808, 0.41429755, -0.025567435;
 0, 0, 0, 1]
Ow:
[0.093533106;
 -0.014256205;
 0.026388898]
Keyframe: 4 Frame: 246 Frame from vFrameID : 247
Tcw:
[0.99910337, 0.039748166, 0.014578105, 0.088441841;
 -0.0034509706, 0.41964582, -0.90768141, -0.01707531;
 -0.042196311, 0.9068172, 0.41940671, 0.033182077;
 0, 0, 0, 1]
Twc:
[0.99910337, -0.0034509706, -0.042196311, -0.087021306;
 0.039748166, 0.41964582, 0.9068172, -0.026439898;
 0.014578105, -0.90768141, 0.41940671, -0.03070504;
 0, 0, 0, 1]
Ow:
[0.088441841;
 -0.01707531;
 0.033182077]
Keyframe: 5 Frame: 247 Frame from vFrameID : 248
Tcw:
[0.99912715, 0.039961342, 0.012167118, 0.089178137;
 -0.0060123242, 0.42580685, -0.9047941, -0.0189417;
 -0.041337632, 0.9039312, 0.42567545, 0.033077244;
 0, 0, 0, 1]
Twc:
[0.99912715, -0.0060123242, -0.041337632, -0.087846845;
 0.039961342, 0.42580685, 0.9039312, -0.025397725;
 0.012167118, -0.9047941, 0.42567545, -0.032303549;
 0, 0, 0, 1]
Ow:
[0.089178137;
 -0.0189417;
 0.033077244]
Keyframe: 6 Frame: 248 Frame from vFrameID : 249
Tcw:
[0.99915826, 0.039378304, 0.01149534, 0.091308035;
 -0.006488299, 0.42839932, -0.90356624, -0.017955523;
 -0.040505499, 0.90273106, 0.42829421, 0.037346996;
 0, 0, 0, 1]
Twc:
[0.99915826, -0.006488299, -0.040505499, -0.089834914;
 0.039378304, 0.42839932, 0.90273106, -0.029617716;
 0.01149534, -0.90356624, 0.42829421, -0.033269122;
 0, 0, 0, 1]
Ow:
[0.091308035;
 -0.017955523;
 0.037346996]
Keyframe: 7 Frame: 249 Frame from vFrameID : 250
Tcw:
[0.99915212, 0.037815385, 0.016280307, 0.090982579;
 -0.0014707673, 0.4279629, -0.90379512, -0.022074468;
 -0.041144725, 0.90300483, 0.42765564, 0.042186394;
 0, 0, 0, 1]
Twc:
[0.99915212, -0.0014707673, -0.041144725, -0.089202151;
 0.037815385, 0.4279629, 0.90300483, -0.032088008;
 0.016280307, -0.90379512, 0.42765564, -0.039473269;
 0, 0, 0, 1]
Ow:
[0.090982579;
 -0.022074468;
 0.042186394]
Keyframe: 8 Frame: 251 Frame from vFrameID : 252
Tcw:
[0.99941933, 0.025748862, 0.022316743, 0.091209717;
 0.0099816928, 0.40497667, -0.91427255, -0.036566719;
 -0.032579239, 0.91396439, 0.40448451, 0.053614505;
 0, 0, 0, 1]
Twc:
[0.99941933, 0.0099816928, -0.032579239, -0.089045033;
 0.025748862, 0.40497667, 0.91396439, -0.036541626;
 0.022316743, -0.91427255, 0.40448451, -0.057153687;
 0, 0, 0, 1]
Ow:
[0.091209717;
 -0.036566719;
 0.053614505]
Keyframe: 9 Frame: 255 Frame from vFrameID : 256
Tcw:
[0.99980104, -0.013672791, 0.014524496, 0.098181225;
 0.018543301, 0.36868954, -0.9293676, -0.039377607;
 0.0073520201, 0.92945206, 0.36886972, 0.062257215;
 0, 0, 0, 1]
Twc:
[0.99980104, 0.018543301, 0.0073520201, -0.097889215;
 -0.013672791, 0.36868954, 0.92945206, -0.042004567;
 0.014524496, -0.9293676, 0.36886972, -0.060987104;
 0, 0, 0, 1]
Ow:
[0.098181225;
 -0.039377607;
 0.062257215]
Keyframe: 10 Frame: 259 Frame from vFrameID : 260
Tcw:
[0.99972135, 0.022824287, -0.006021216, 0.099884294;
 -0.014040215, 0.36990476, -0.9289636, -0.037901126;
 -0.018975655, 0.92878926, 0.37012213, 0.073804379;
 0, 0, 0, 1]
Twc:
[0.99972135, -0.014040215, -0.018975655, -0.098988116;
 0.022824287, 0.36990476, 0.92878926, -0.056808699;
 -0.006021216, -0.9289636, 0.37012213, -0.061923973;
 0, 0, 0, 1]
Ow:
[0.099884294;
 -0.037901126;
 0.073804379]
Keyframe: 11 Frame: 263 Frame from vFrameID : 264
Tcw:
[0.9983415, 0.0010517137, -0.057559598, 0.10447703;
 -0.054194577, 0.35445729, -0.93350041, -0.049447224;
 0.019420644, 0.93507159, 0.35392642, 0.089432836;
 0, 0, 0, 1]
Twc:
[0.9983415, -0.054194577, 0.019420644, -0.10872038;
 0.0010517137, 0.35445729, 0.93507159, -0.066209063;
 -0.057559598, -0.93350041, 0.35392642, -0.071797997;
 0, 0, 0, 1]
Ow:
[0.10447703;
 -0.049447224;
 0.089432836]
Keyframe: 12 Frame: 267 Frame from vFrameID : 268
Tcw:
[0.99682599, -0.010112301, -0.078966029, 0.11171266;
 -0.070438072, 0.3502059, -0.93402052, -0.053899948;
 0.037099466, 0.93661815, 0.34838206, 0.096759424;
 0, 0, 0, 1]
Twc:
[0.99682599, -0.070438072, 0.037099466, -0.11874442;
 -0.010112301, 0.3502059, 0.93661815, -0.070620887;
 -0.078966029, -0.93402052, 0.34838206, -0.075231396;
 0, 0, 0, 1]
Ow:
[0.11171266;
 -0.053899948;
 0.096759424]
Keyframe: 13 Frame: 272 Frame from vFrameID : 273
Tcw:
[0.99704856, -0.027520463, -0.071671255, 0.11562144;
 -0.057120256, 0.35784855, -0.93203098, -0.053629011;
 0.051297378, 0.93337399, 0.35522041, 0.11117493;
 0, 0, 0, 1]
Twc:
[0.99704856, -0.057120256, 0.051297378, -0.12404648;
 -0.027520463, 0.35784855, 0.93337399, -0.081394769;
 -0.071671255, -0.93203098, 0.35522041, -0.081188768;
 0, 0, 0, 1]
Ow:
[0.11562144;
 -0.053629011;
 0.11117493]
Keyframe: 14 Frame: 277 Frame from vFrameID : 278
Tcw:
[0.99903613, -0.024804335, -0.036215059, 0.11353021;
 -0.025250351, 0.35011962, -0.93636459, -0.050750777;
 0.035905503, 0.93637651, 0.34915584, 0.12981135;
 0, 0, 0, 1]
Twc:
[0.99903613, -0.025250351, 0.035905503, -0.1193632;
 -0.024804335, 0.35011962, 0.93637651, -0.10096741;
 -0.036215059, -0.93636459, 0.34915584, -0.088734113;
 0, 0, 0, 1]
Ow:
[0.11353021;
 -0.050750777;
 0.12981135]
Keyframe: 15 Frame: 283 Frame from vFrameID : 284
Tcw:
[0.9993667, 0.0036042565, 0.035400845, 0.1177177;
 0.032125618, 0.33643109, -0.94115996, -0.054688983;
 -0.015302126, 0.94170117, 0.33610225, 0.142433;
 0, 0, 0, 1]
Twc:
[0.9993667, 0.032125618, -0.015302126, -0.1137067;
 0.0036042565, 0.33643109, 0.94170117, -0.11615454;
 0.035400845, -0.94115996, 0.33610225, -0.10351044;
 0, 0, 0, 1]
Ow:
[0.1177177;
 -0.054688983;
 0.142433]
Keyframe: 16 Frame: 289 Frame from vFrameID : 290
Tcw:
[0.99936336, 0.0048630196, 0.035343934, 0.12821865;
 0.03090479, 0.37696448, -0.92571199, -0.052184857;
 -0.017825162, 0.92621493, 0.37657419, 0.16009368;
 0, 0, 0, 1]
Twc:
[0.99936336, 0.03090479, -0.017825162, -0.12367056;
 0.0048630196, 0.37696448, 0.92621493, -0.12923285;
 0.035343934, -0.92571199, 0.37657419, -0.11312705;
 0, 0, 0, 1]
Ow:
[0.12821865;
 -0.052184857;
 0.16009368]
Keyframe: 17 Frame: 295 Frame from vFrameID : 296
Tcw:
[0.99966288, -0.025963284, -0.00026005739, 0.14861225;
 0.0091721602, 0.36248985, -0.93194258, -0.053236727;
 0.024290558, 0.93162602, 0.36260578, 0.18627201;
 0, 0, 0, 1]
Twc:
[0.99966288, 0.0091721602, 0.024290558, -0.15259849;
 -0.025963284, 0.36248985, 0.93162602, -0.15037961;
 -0.00026005739, -0.93194258, 0.36260578, -0.11711823;
 0, 0, 0, 1]
Ow:
[0.14861225;
 -0.053236727;
 0.18627201]
Keyframe: 18 Frame: 302 Frame from vFrameID : 303
Tcw:
[0.99839282, -0.003646604, -0.056554575, 0.15613654;
 -0.051410139, 0.36165321, -0.93089414, -0.061116692;
 0.023847746, 0.93230557, 0.36088452, 0.19352451;
 0, 0, 0, 1]
Twc:
[0.99839282, -0.051410139, 0.023847746, -0.16364276;
 -0.003646604, 0.36165321, 0.93230557, -0.15775156;
 -0.056554575, -0.93089414, 0.36088452, -0.11790293;
 0, 0, 0, 1]
Ow:
[0.15613654;
 -0.061116692;
 0.19352451]
Keyframe: 19 Frame: 308 Frame from vFrameID : 309
Tcw:
[0.99650919, -0.020825461, -0.080843523, 0.16538787;
 -0.06761995, 0.36655551, -0.92793566, -0.065083176;
 0.048958328, 0.93016309, 0.36386773, 0.20924667;
 0, 0, 0, 1]
Twc:
[0.99650919, -0.06761995, 0.048958328, -0.17945583;
 -0.020825461, 0.36655551, 0.93016309, -0.16733265;
 -0.080843523, -0.92793566, 0.36386773, -0.12316056;
 0, 0, 0, 1]
Ow:
[0.16538787;
 -0.065083176;
 0.20924667]
Keyframe: 20 Frame: 314 Frame from vFrameID : 315
Tcw:
[0.99837643, -0.032530982, -0.046756905, 0.1806943;
 -0.03191657, 0.36040562, -0.93224949, -0.067585401;
 0.04717844, 0.93222827, 0.3587822, 0.22617993;
 0, 0, 0, 1]
Twc:
[0.99837643, -0.03191657, 0.04717844, -0.19322884;
 -0.032530982, 0.36040562, 0.93222827, -0.18061499;
 -0.046756905, -0.93224949, 0.3587822, -0.13570708;
 0, 0, 0, 1]
Ow:
[0.1806943;
 -0.067585401;
 0.22617993]
Keyframe: 21 Frame: 321 Frame from vFrameID : 322
Tcw:
[0.99866998, -0.017233554, -0.048592903, 0.18606468;
 -0.040563669, 0.31914067, -0.94683886, -0.0699846;
 0.031825371, 0.94755065, 0.31801715, 0.24197713;
 0, 0, 0, 1]
Twc:
[0.99866998, -0.040563669, 0.031825371, -0.19635706;
 -0.017233554, 0.31914067, 0.94755065, -0.2037441;
 -0.048592903, -0.94683886, 0.31801715, -0.1341756;
 0, 0, 0, 1]
Ow:
[0.18606468;
 -0.0699846;
 0.24197713]
Keyframe: 22 Frame: 328 Frame from vFrameID : 329
Tcw:
[0.99137729, -0.12978303, -0.018093552, 0.1982661;
 0.027887324, 0.34387758, -0.9386003, -0.039508075;
 0.12803635, 0.93000245, 0.34453174, 0.32048163;
 0, 0, 0, 1]
Twc:
[0.99137729, 0.027887324, 0.12803635, -0.23648804;
 -0.12978303, 0.34387758, 0.93000245, -0.25873119;
 -0.018093552, -0.9386003, 0.34453174, -0.14391103;
 0, 0, 0, 1]
Ow:
[0.1982661;
 -0.039508075;
 0.32048163]
Keyframe: 23 Frame: 335 Frame from vFrameID : 336
Tcw:
[0.99807101, -0.062044732, -0.0021778659, 0.21045181;
 0.018354693, 0.32840776, -0.94435769, -0.081883721;
 0.05930765, 0.94249606, 0.32891306, 0.32615969;
 0, 0, 0, 1]
Twc:
[0.99807101, 0.018354693, 0.05930765, -0.22788666;
 -0.062044732, 0.32840776, 0.94249606, -0.26745555;
 -0.0021778659, -0.94435769, 0.32891306, -0.18414737;
 0, 0, 0, 1]
Ow:
[0.21045181;
 -0.081883721;
 0.32615969]
Keyframe: 24 Frame: 342 Frame from vFrameID : 343
Tcw:
[0.99791092, -0.044719458, -0.046626039, 0.22235732;
 -0.030556126, 0.30917966, -0.95051265, -0.090108439;
 0.056922231, 0.94995165, 0.30716732, 0.34603462;
 0, 0, 0, 1]
Twc:
[0.99791092, -0.030556126, 0.056922231, -0.24434322;
 -0.044719458, 0.30917966, 0.94995165, -0.29091275;
 -0.046626039, -0.95051265, 0.30716732, -0.18157208;
 0, 0, 0, 1]
Ow:
[0.22235732;
 -0.090108439;
 0.34603462]
Keyframe: 25 Frame: 349 Frame from vFrameID : 350
Tcw:
[0.99829602, -0.026680661, -0.051896185, 0.22796686;
 -0.040615603, 0.3208575, -0.94625622, -0.11141505;
 0.04189802, 0.94675159, 0.3192271, 0.37948629;
 0, 0, 0, 1]
Twc:
[0.99829602, -0.040615603, 0.04189802, -0.24800333;
 -0.026680661, 0.3208575, 0.94675159, -0.31744862;
 -0.051896185, -0.94625622, 0.3192271, -0.21473889;
 0, 0, 0, 1]
Ow:
[0.22796686;
 -0.11141505;
 0.37948629]
Keyframe: 26 Frame: 356 Frame from vFrameID : 357
Tcw:
[0.99964631, 0.0031845316, -0.026404176, 0.23252943;
 -0.02596508, 0.33174556, -0.94301152, -0.11536619;
 0.0057564182, 0.94336355, 0.3317109, 0.40970182;
 0, 0, 0, 1]
Twc:
[0.99964631, -0.02596508, 0.0057564182, -0.23780107;
 0.0031845316, 0.33174556, 0.94336355, -0.34896603;
 -0.026404176, -0.94301152, 0.3317109, -0.23855445;
 0, 0, 0, 1]
Ow:
[0.23252943;
 -0.11536619;
 0.40970182]
Keyframe: 27 Frame: 363 Frame from vFrameID : 364
Tcw:
[0.99990761, 0.013516112, 0.0014477071, 0.24762893;
 -0.0028607242, 0.31334835, -0.94963396, -0.14830875;
 -0.013288995, 0.94954205, 0.31335807, 0.44566974;
 0, 0, 0, 1]
Twc:
[0.99990761, -0.0028607242, -0.013288995, -0.24210781;
 0.013516112, 0.31334835, 0.94954205, -0.38005686;
 0.0014477071, -0.94963396, 0.31335807, -0.28085175;
 0, 0, 0, 1]
Ow:
[0.24762893;
 -0.14830875;
 0.44566974]
Keyframe: 28 Frame: 370 Frame from vFrameID : 371
Tcw:
[0.99942696, 0.03329888, 0.0060749184, 0.26007354;
 -0.0046333289, 0.31236905, -0.9499495, -0.147992;
 -0.03352987, 0.94937706, 0.31234434, 0.45950037;
 0, 0, 0, 1]
Twc:
[0.99942696, -0.0046333289, -0.03352987, -0.24520323;
 0.03329888, 0.31236905, 0.94937706, -0.39867112;
 0.0060749184, -0.9499495, 0.31234434, -0.28568721;
 0, 0, 0, 1]
Ow:
[0.26007354;
 -0.147992;
 0.45950037]
Keyframe: 29 Frame: 378 Frame from vFrameID : 379
Tcw:
[0.9989326, 0.025615733, -0.038438067, 0.27748927;
 -0.044558432, 0.31506932, -0.94802207, -0.15656763;
 -0.012173626, 0.9487229, 0.3158744, 0.48594505;
 0, 0, 0, 1]
Twc:
[0.9989326, -0.044558432, -0.012173626, -0.27825379;
 0.025615733, 0.31506932, 0.9487229, -0.41880566;
 -0.038438067, -0.94802207, 0.3158744, -0.29126102;
 0, 0, 0, 1]
Ow:
[0.27748927;
 -0.15656763;
 0.48594505]
Keyframe: 30 Frame: 385 Frame from vFrameID : 386
Tcw:
[0.99760115, 0.0059295176, -0.068969332, 0.30607778;
 -0.067113504, 0.32697597, -0.94264656, -0.16420393;
 0.016961874, 0.94501406, 0.32658955, 0.52235281;
 0, 0, 0, 1]
Twc:
[0.99760115, -0.067113504, 0.016961874, -0.32522395;
 0.0059295176, 0.32697597, 0.94501406, -0.44175488;
 -0.068969332, -0.94264656, 0.32658955, -0.30427122;
 0, 0, 0, 1]
Ow:
[0.30607778;
 -0.16420393;
 0.52235281]
Keyframe: 31 Frame: 393 Frame from vFrameID : 394
Tcw:
[0.99884051, 0.0056552668, -0.047808491, 0.32062474;
 -0.047101073, 0.32017291, -0.9461875, -0.17885795;
 0.0099560414, 0.94734222, 0.32006806, 0.56139827;
 0, 0, 0, 1]
Twc:
[0.99884051, -0.047101073, 0.0099560414, -0.33426669;
 0.0056552668, 0.32017291, 0.94734222, -0.47638404;
 -0.047808491, -0.9461875, 0.32006806, -0.33359021;
 0, 0, 0, 1]
Ow:
[0.32062474;
 -0.17885795;
 0.56139827]
Keyframe: 32 Frame: 401 Frame from vFrameID : 402
Tcw:
[0.99982798, 0.017693607, -0.0055579091, 0.33917528;
 -0.010747758, 0.30855978, -0.95114422, -0.18542814;
 -0.015114225, 0.95104039, 0.30869687, 0.58803892;
 0, 0, 0, 1]
Twc:
[0.99982798, -0.010747758, -0.015114225, -0.33222216;
 0.017693607, 0.30855978, 0.95104039, -0.50803435;
 -0.0055579091, -0.95114422, 0.30869687, -0.35600957;
 0, 0, 0, 1]
Ow:
[0.33917528;
 -0.18542814;
 0.58803892]
Keyframe: 33 Frame: 408 Frame from vFrameID : 409
Tcw:
[0.99913192, 0.041569266, 0.0027247083, 0.33942059;
 -0.010547201, 0.31569606, -0.94880176, -0.20120144;
 -0.04030117, 0.94794935, 0.31586045, 0.61204916;
 0, 0, 0, 1]
Twc:
[0.99913192, -0.010547201, -0.04030117, -0.31658176;
 0.041569266, 0.31569606, 0.94794935, -0.53078258;
 0.0027247083, -0.94880176, 0.31586045, -0.38514721;
 0, 0, 0, 1]
Ow:
[0.33942059;
 -0.20120144;
 0.61204916]
Keyframe: 34 Frame: 416 Frame from vFrameID : 417
Tcw:
[0.99644345, 0.0078509692, -0.083897673, 0.36785328;
 -0.082244538, 0.30729622, -0.94805318, -0.20835614;
 0.018338298, 0.95158154, 0.306849, 0.66385877;
 0, 0, 0, 1]
Twc:
[0.99644345, -0.082244538, 0.018338298, -0.39585519;
 0.0078509692, 0.30729622, 0.95158154, -0.57057667;
 -0.083897673, -0.94805318, 0.306849, -0.37037507;
 0, 0, 0, 1]
Ow:
[0.36785328;
 -0.20835614;
 0.66385877]
Keyframe: 35 Frame: 424 Frame from vFrameID : 425
Tcw:
[0.99617428, -0.016501026, -0.085816726, 0.38745382;
 -0.075237565, 0.33758888, -0.93828195, -0.21662714;
 0.04445339, 0.941149, 0.33505589, 0.69345593;
 0, 0, 0, 1]
Twc:
[0.99617428, -0.075237565, 0.04445339, -0.4330965;
 -0.016501026, 0.33758888, 0.941149, -0.57312107;
 -0.085816726, -0.93828195, 0.33505589, -0.40235379;
 0, 0, 0, 1]
Ow:
[0.38745382;
 -0.21662714;
 0.69345593]
Keyframe: 36 Frame: 432 Frame from vFrameID : 433
Tcw:
[0.9999696, 0.0057243048, 0.0052921074, 0.36982039;
 0.0029712871, 0.34774533, -0.93758434, -0.2339634;
 -0.0072073243, 0.93757153, 0.34771776, 0.73130757;
 0, 0, 0, 1]
Twc:
[0.9999696, 0.0029712871, -0.0072073243, -0.3638432;
 0.0057243048, 0.34774533, 0.93757153, -0.60641044;
 0.0052921074, -0.93758434, 0.34771776, -0.47560614;
 0, 0, 0, 1]
Ow:
[0.36982039;
 -0.2339634;
 0.73130757]
Keyframe: 37 Frame: 440 Frame from vFrameID : 441
Tcw:
[0.99949092, 0.02622406, 0.0181708, 0.37855548;
 0.0082788877, 0.33684874, -0.94152236, -0.242531;
 -0.030811351, 0.94119352, 0.33646014, 0.75604832;
 0, 0, 0, 1]
Twc:
[0.99949092, 0.0082788877, -0.030811351, -0.35306001;
 0.02622406, 0.33684874, 0.94119352, -0.63981879;
 0.0181708, -0.94152236, 0.33646014, -0.48960716;
 0, 0, 0, 1]
Ow:
[0.37855548;
 -0.242531;
 0.75604832]
Keyframe: 38 Frame: 448 Frame from vFrameID : 449
Tcw:
[0.99936384, 0.016147258, -0.031799186, 0.41201282;
 -0.035266005, 0.31458619, -0.94857359, -0.24062479;
 -0.0053132772, 0.94909155, 0.3149555, 0.79176617;
 0, 0, 0, 1]
Twc:
[0.99936384, -0.035266005, -0.0053132772, -0.41602972;
 0.016147258, 0.31458619, 0.94909155, -0.68241423;
 -0.031799186, -0.94857359, 0.3149555, -0.46451977;
 0, 0, 0, 1]
Ow:
[0.41201282;
 -0.24062479;
 0.79176617]
Keyframe: 39 Frame: 456 Frame from vFrameID : 457
Tcw:
[0.99729109, 0.010981153, -0.072732076, 0.42804971;
 -0.072508991, 0.31303424, -0.94696993, -0.24584652;
 0.012368809, 0.94967836, 0.31298247, 0.80935884;
 0, 0, 0, 1]
Twc:
[0.99729109, -0.072508991, 0.012368809, -0.45472702;
 0.010981153, 0.31303424, 0.94967836, -0.69637263;
 -0.072732076, -0.94696993, 0.31298247, -0.45499143;
 0, 0, 0, 1]
Ow:
[0.42804971;
 -0.24584652;
 0.80935884]
Keyframe: 40 Frame: 464 Frame from vFrameID : 465
Tcw:
[0.99695444, 0.028312914, -0.072665058, 0.43311709;
 -0.077945992, 0.33187816, -0.94009644, -0.25292593;
 -0.0025009236, 0.94289726, 0.33307427, 0.84615028;
 0, 0, 0, 1]
Twc:
[0.99695444, -0.077945992, -0.0025009236, -0.4493964;
 0.028312914, 0.33187816, 0.94289726, -0.72615504;
 -0.072665058, -0.94009644, 0.33307427, -0.48813319;
 0, 0, 0, 1]
Ow:
[0.43311709;
 -0.25292593;
 0.84615028]
Keyframe: 41 Frame: 472 Frame from vFrameID : 473
Tcw:
[0.99960256, 0.028079921, 0.0024933366, 0.44277662;
 -0.007417928, 0.34733057, -0.93771344, -0.25515163;
 -0.027196931, 0.93732226, 0.34740081, 0.88064569;
 0, 0, 0, 1]
Twc:
[0.99960256, -0.007417928, -0.027196931, -0.42054248;
 0.028079921, 0.34733057, 0.93732226, -0.74925995;
 0.0024933366, -0.93771344, 0.34740081, -0.54630011;
 0, 0, 0, 1]
Ow:
[0.44277662;
 -0.25515163;
 0.88064569]
Keyframe: 42 Frame: 480 Frame from vFrameID : 481
Tcw:
[0.99968487, 0.023045443, -0.0099523729, 0.46701488;
 -0.017416183, 0.35121736, -0.93613195, -0.25195664;
 -0.01807813, 0.9360103, 0.35150805, 0.91469854;
 0, 0, 0, 1]
Twc:
[0.99968487, -0.017416183, -0.01807813, -0.45471981;
 0.023045443, 0.35121736, 0.9360103, -0.77843827;
 -0.0099523729, -0.93613195, 0.35150805, -0.55274063;
 0, 0, 0, 1]
Ow:
[0.46701488;
 -0.25195664;
 0.91469854]
Keyframe: 43 Frame: 487 Frame from vFrameID : 488
Tcw:
[0.99915695, 0.0067113261, -0.04050098, 0.49521953;
 -0.040271297, 0.35186547, -0.93518388, -0.26354569;
 0.0079745715, 0.93602651, 0.3518391, 0.94489789;
 0, 0, 0, 1]
Twc:
[0.99915695, -0.040271297, 0.0079745715, -0.51295054;
 0.0067113261, 0.35186547, 0.93602651, -0.79504049;
 -0.04050098, -0.93518388, 0.3518391, -0.55885887;
 0, 0, 0, 1]
Ow:
[0.49521953;
 -0.26354569;
 0.94489789]
Keyframe: 44 Frame: 495 Frame from vFrameID : 496
Tcw:
[0.99949723, 0.022103494, -0.022730242, 0.488693;
 -0.02926882, 0.36764359, -0.92950606, -0.29661891;
 -0.012188705, 0.92970407, 0.36810571, 0.97697139;
 0, 0, 0, 1]
Twc:
[0.99949723, -0.02926882, -0.012188705, -0.485221;
 0.022103494, 0.36764359, 0.92970407, -0.81004602;
 -0.022730242, -0.92950606, 0.36810571, -0.62422973;
 0, 0, 0, 1]
Ow:
[0.488693;
 -0.29661891;
 0.97697139]
Keyframe: 45 Frame: 503 Frame from vFrameID : 504
Tcw:
[0.99965435, 0.024298919, 0.01003657, 0.49349874;
 0.00081289804, 0.35301104, -0.93561882, -0.30413631;
 -0.026277546, 0.93530357, 0.35286927, 1.0017254;
 0, 0, 0, 1]
Twc:
[0.99965435, 0.00081289804, -0.026277546, -0.46675801;
 0.024298919, 0.35301104, 0.93530357, -0.84154534;
 0.01003657, -0.93561882, 0.35286927, -0.64298677;
 0, 0, 0, 1]
Ow:
[0.49349874;
 -0.30413631;
 1.0017254]
Keyframe: 46 Frame: 511 Frame from vFrameID : 512
Tcw:
[0.99898303, 0.028539481, 0.034906279, 0.50936353;
 0.02215152, 0.36364704, -0.9312734, -0.31246752;
 -0.039271623, 0.93109953, 0.36264503, 1.0338684;
 0, 0, 0, 1]
Twc:
[0.99898303, 0.02215152, -0.039271623, -0.46132219;
 0.028539481, 0.36364704, 0.93109953, -0.86354351;
 0.034906279, -0.9312734, 0.36264503, -0.68369991;
 0, 0, 0, 1]
Ow:
[0.50936353;
 -0.31246752;
 1.0338684]
Keyframe: 47 Frame: 519 Frame from vFrameID : 520
Tcw:
[0.99985236, 0.017141422, 0.0011963842, 0.53085178;
 -0.0052004815, 0.36823174, -0.92971951, -0.3192867;
 -0.016377261, 0.92957598, 0.36826652, 1.0601296;
 0, 0, 0, 1]
Twc:
[0.99985236, -0.0052004815, -0.016377261, -0.51507187;
 0.017141422, 0.36823174, 0.92957598, -0.87699914;
 0.0011963842, -0.92971951, 0.36826652, -0.68789238;
 0, 0, 0, 1]
Ow:
[0.53085178;
 -0.3192867;
 1.0601296]
Keyframe: 48 Frame: 527 Frame from vFrameID : 528
Tcw:
[0.99945009, 0.024019377, 0.02286098, 0.51212823;
 0.012614873, 0.36217028, -0.93202657, -0.33120227;
 -0.030666266, 0.93180239, 0.36166811, 1.0940504;
 0, 0, 0, 1]
Twc:
[0.99945009, 0.012614873, -0.030666266, -0.47411808;
 0.024019377, 0.36217028, 0.93180239, -0.91178817;
 0.02286098, -0.93202657, 0.36166811, -0.71608019;
 0, 0, 0, 1]
Ow:
[0.51212823;
 -0.33120227;
 1.0940504]
Keyframe: 49 Frame: 535 Frame from vFrameID : 536
Tcw:
[0.99844098, 0.041222826, 0.03763289, 0.52761394;
 0.020590587, 0.35465044, -0.93477219, -0.33743528;
 -0.051880471, 0.93408978, 0.35324875, 1.1055821;
 0, 0, 0, 1]
Twc:
[0.99844098, 0.020590587, -0.051880471, -0.46248525;
 0.041222826, 0.35465044, 0.93408978, -0.93479115;
 0.03763289, -0.93477219, 0.35324875, -0.72582632;
 0, 0, 0, 1]
Ow:
[0.52761394;
 -0.33743528;
 1.1055821]
Keyframe: 50 Frame: 543 Frame from vFrameID : 544
Tcw:
[0.9991889, 0.039645609, 0.0070527797, 0.55189329;
 -0.0090998998, 0.39292452, -0.91952568, -0.32979125;
 -0.039226364, 0.91871572, 0.3929666, 1.1251893;
 0, 0, 0, 1]
Twc:
[0.9991889, -0.0090998998, -0.039226364, -0.51030964;
 0.039645609, 0.39292452, 0.91871572, -0.92602617;
 0.0070527797, -0.91952568, 0.3929666, -0.74930573;
 0, 0, 0, 1]
Ow:
[0.55189329;
 -0.32979125;
 1.1251893]
Keyframe: 51 Frame: 551 Frame from vFrameID : 552
Tcw:
[0.9993726, 0.021115085, -0.028434714, 0.55916315;
 -0.034328293, 0.37993786, -0.92437482, -0.34967947;
 -0.0087148286, 0.92477101, 0.38042435, 1.1588248;
 0, 0, 0, 1]
Twc:
[0.9993726, -0.034328293, -0.0087148286, -0.56071723;
 0.021115085, 0.37993786, 0.92477101, -0.95059788;
 -0.028434714, -0.92437482, 0.38042435, -0.74818039;
 0, 0, 0, 1]
Ow:
[0.55916315;
 -0.34967947;
 1.1588248]
Keyframe: 52 Frame: 559 Frame from vFrameID : 560
Tcw:
[0.99954665, 0.026308307, -0.014640632, 0.57465613;
 -0.023973409, 0.40127853, -0.91564232, -0.34628144;
 -0.018214028, 0.91557819, 0.40172729, 1.1722181;
 0, 0, 0, 1]
Twc:
[0.99954665, -0.023973409, -0.018214028, -0.56134641;
 0.026308307, 0.40127853, 0.91557819, -0.94942033;
 -0.014640632, -0.91564232, 0.40172729, -0.77956861;
 0, 0, 0, 1]
Ow:
[0.57465613;
 -0.34628144;
 1.1722181]
Keyframe: 53 Frame: 566 Frame from vFrameID : 567
Tcw:
[0.99926502, 0.037435431, 0.0082474519, 0.58407521;
 -0.0072085098, 0.39482337, -0.91872877, -0.34799987;
 -0.037649292, 0.91799408, 0.39480305, 1.1930976;
 0, 0, 0, 1]
Twc:
[0.99926502, -0.0072085098, -0.037649292, -0.54123521;
 0.037435431, 0.39482337, 0.91799408, -0.97972304;
 0.0082474519, -0.91872877, 0.39480305, -0.79557312;
 0, 0, 0, 1]
Ow:
[0.58407521;
 -0.34799987;
 1.1930976]
Keyframe: 54 Frame: 573 Frame from vFrameID : 574
Tcw:
[0.9991225, 0.041752037, -0.0033130583, 0.59537774;
 -0.020183941, 0.4106667, -0.91156209, -0.34363112;
 -0.036699012, 0.91082907, 0.41114908, 1.2238523;
 0, 0, 0, 1]
Twc:
[0.9991225, -0.020183941, -0.036699012, -0.55687696;
 0.041752037, 0.4106667, 0.91082907, -0.99846065;
 -0.0033130583, -0.91156209, 0.41114908, -0.81445432;
 0, 0, 0, 1]
Ow:
[0.59537774;
 -0.34363112;
 1.2238523]
Keyframe: 55 Frame: 581 Frame from vFrameID : 582
Tcw:
[0.99874669, 0.0022915539, -0.049998332, 0.61700565;
 -0.04697654, 0.38762692, -0.92061859, -0.3540698;
 0.017271053, 0.92181349, 0.38724875, 1.2462037;
 0, 0, 0, 1]
Twc:
[0.99874669, -0.04697654, 0.017271053, -0.65438855;
 0.0022915539, 0.38762692, 0.92181349, -1.0129342;
 -0.049998332, -0.92061859, 0.38724875, -0.77770472;
 0, 0, 0, 1]
Ow:
[0.61700565;
 -0.3540698;
 1.2462037]
Keyframe: 56 Frame: 589 Frame from vFrameID : 590
Tcw:
[0.99973106, 0.0049976325, -0.022646012, 0.5901832;
 -0.022718119, 0.4072223, -0.91304648, -0.32739469;
 0.0046588904, 0.91331542, 0.40722632, 1.2721199;
 0, 0, 0, 1]
Twc:
[0.99973106, -0.022718119, 0.0046588904, -0.60338891;
 0.0049976325, 0.4072223, 0.91331542, -1.0314738;
 -0.022646012, -0.91304648, 0.40722632, -0.80360198;
 0, 0, 0, 1]
Ow:
[0.5901832;
 -0.32739469;
 1.2721199]
Keyframe: 57 Frame: 597 Frame from vFrameID : 598
Tcw:
[0.99991632, 0.012611234, -0.0028922176, 0.60311937;
 -0.0073839547, 0.3726455, -0.92794442, -0.29821634;
 -0.010624752, 0.9278881, 0.37270743, 1.2856245;
 0, 0, 0, 1]
Twc:
[0.99991632, -0.0073839547, -0.010624752, -0.5916115;
 0.012611234, 0.3726455, 0.9278881, -1.0893927;
 -0.0028922176, -0.92794442, 0.37270743, -0.75414562;
 0, 0, 0, 1]
Ow:
[0.60311937;
 -0.29821634;
 1.2856245]
Keyframe: 58 Frame: 605 Frame from vFrameID : 606
Tcw:
[0.99918503, 0.034074821, -0.021637131, 0.61028546;
 -0.034326773, 0.43532544, -0.89961851, -0.29366747;
 -0.021235147, 0.8996281, 0.43614033, 1.3047277;
 0, 0, 0, 1]
Twc:
[0.99918503, -0.034326773, -0.021235147, -0.59216267;
 0.034074821, 0.43532544, 0.8996281, -1.0667241;
 -0.021637131, -0.89961851, 0.43614033, -0.82002825;
 0, 0, 0, 1]
Ow:
[0.61028546;
 -0.29366747;
 1.3047277]
Keyframe: 59 Frame: 613 Frame from vFrameID : 614
Tcw:
[0.99918413, 0.0051719653, -0.040054396, 0.62256497;
 -0.038513161, 0.42060238, -0.90642726, -0.327124;
 0.012158964, 0.90723032, 0.42045841, 1.3267459;
 0, 0, 0, 1]
Twc:
[0.99918413, -0.038513161, 0.012158964, -0.65078747;
 0.0051719653, 0.42060238, 0.90723032, -1.0692949;
 -0.040054396, -0.90642726, 0.42045841, -0.82941914;
 0, 0, 0, 1]
Ow:
[0.62256497;
 -0.327124;
 1.3267459]
Keyframe: 60 Frame: 621 Frame from vFrameID : 622
Tcw:
[0.99992144, 0.010578236, -0.0067218142, 0.63896245;
 -0.010576872, 0.42448348, -0.90537393, -0.34579673;
 -0.0067239595, 0.90537387, 0.42456204, 1.3389611;
 0, 0, 0, 1]
Twc:
[0.99992144, -0.010576872, -0.0067239595, -0.63356662;
 0.010578236, 0.42448348, 0.90537387, -1.0722345;
 -0.0067218142, -0.90537393, 0.42456204, -0.8772524;
 0, 0, 0, 1]
Ow:
[0.63896245;
 -0.34579673;
 1.3389611]
Keyframe: 61 Frame: 629 Frame from vFrameID : 630
Tcw:
[0.99945289, 0.022343932, 0.024386441, 0.63901997;
 0.01264782, 0.42308131, -0.90600342, -0.34004506;
 -0.030561127, 0.9058162, 0.42256722, 1.3511927;
 0, 0, 0, 1]
Twc:
[0.99945289, 0.01264782, -0.030561127, -0.59307557;
 0.022343932, 0.42308131, 0.9058162, -1.0943437;
 0.024386441, -0.90600342, 0.42256722, -0.8946352;
 0, 0, 0, 1]
Ow:
[0.63901997;
 -0.34004506;
 1.3511927]
Keyframe: 62 Frame: 637 Frame from vFrameID : 638
Tcw:
[0.99964094, 0.023961594, 0.011992182, 0.64928496;
 0.00039241364, 0.43441373, -0.90071332, -0.33923763;
 -0.026792096, 0.90039468, 0.43424836, 1.3628749;
 0, 0, 0, 1]
Twc:
[0.99964094, 0.00039241364, -0.026792096, -0.61240441;
 0.023961594, 0.43441373, 0.90039468, -1.0953137;
 0.011992182, -0.90071332, 0.43424836, -0.90516841;
 0, 0, 0, 1]
Ow:
[0.64928496;
 -0.33923763;
 1.3628749]
Keyframe: 63 Frame: 645 Frame from vFrameID : 646
Tcw:
[0.99977958, 0.019523047, -0.0077187205, 0.6563229;
 -0.015645836, 0.44776526, -0.89401424, -0.33899224;
 -0.013997707, 0.893938, 0.44797203, 1.3723933;
 0, 0, 0, 1]
Twc:
[0.99977958, -0.015645836, -0.013997707, -0.6422717;
 0.019523047, 0.44776526, 0.893938, -1.0878589;
 -0.0077187205, -0.89401424, 0.44797203, -0.91279173;
 0, 0, 0, 1]
Ow:
[0.6563229;
 -0.33899224;
 1.3723933]
Keyframe: 64 Frame: 652 Frame from vFrameID : 653
Tcw:
[0.99883658, 0.046526063, 0.012679167, 0.65995526;
 -0.010544658, 0.46729249, -0.88403988, -0.35296682;
 -0.047055773, 0.88287771, 0.46723944, 1.378153;
 0, 0, 0, 1]
Twc:
[0.99883658, -0.010544658, -0.047055773, -0.59805936;
 0.046526063, 0.46729249, 0.88287771, -1.0825069;
 0.012679167, -0.88403988, 0.46723944, -0.96433187;
 0, 0, 0, 1]
Ow:
[0.65995526;
 -0.35296682;
 1.378153]
Keyframe: 65 Frame: 660 Frame from vFrameID : 661
Tcw:
[0.99678612, 0.065664239, 0.045887709, 0.65675467;
 0.0093329297, 0.47372571, -0.88062298, -0.34584725;
 -0.079563625, 0.87822104, 0.47159034, 1.3833916;
 0, 0, 0, 1]
Twc:
[0.99678612, 0.0093329297, -0.079563625, -0.54134852;
 0.065664239, 0.47372571, 0.87822104, -1.0942122;
 0.045887709, -0.88062298, 0.47159034, -0.9870922;
 0, 0, 0, 1]
Ow:
[0.65675467;
 -0.34584725;
 1.3833916]
Keyframe: 66 Frame: 667 Frame from vFrameID : 668
Tcw:
[0.99751192, 0.066522181, 0.023340158, 0.66444159;
 -0.010807273, 0.47145599, -0.88182336, -0.34285992;
 -0.069664672, 0.87937707, 0.47100189, 1.4050077;
 0, 0, 0, 1]
Twc:
[0.99751192, -0.010807273, -0.069664672, -0.56861442;
 0.066522181, 0.47145599, 0.87937707, -1.1180884;
 0.023340158, -0.88182336, 0.47100189, -0.9796114;
 0, 0, 0, 1]
Ow:
[0.66444159;
 -0.34285992;
 1.4050077]
Keyframe: 67 Frame: 675 Frame from vFrameID : 676
Tcw:
[0.99893135, 0.046127483, -0.0029069593, 0.67707986;
 -0.024009777, 0.46415302, -0.88542956, -0.34324825;
 -0.039493363, 0.88455313, 0.46476451, 1.4195442;
 0, 0, 0, 1]
Twc:
[0.99893135, -0.024009777, -0.039493363, -0.62853497;
 0.046127483, 0.46415302, 0.88455313, -1.1275746;
 -0.0029069593, -0.88542956, 0.46476451, -0.96170765;
 0, 0, 0, 1]
Ow:
[0.67707986;
 -0.34324825;
 1.4195442]
Keyframe: 68 Frame: 683 Frame from vFrameID : 684
Tcw:
[0.99913043, 0.028306566, -0.030612571, 0.6761741;
 -0.040178068, 0.4574748, -0.88831443, -0.32619691;
 -0.011140652, 0.88877195, 0.45821428, 1.4434732;
 0, 0, 0, 1]
Twc:
[0.99913043, -0.040178068, -0.011140652, -0.67261088;
 0.028306566, 0.4574748, 0.88877195, -1.1528318;
 -0.030612571, -0.88831443, 0.45821428, -0.93048608;
 0, 0, 0, 1]
Ow:
[0.6761741;
 -0.32619691;
 1.4434732]
Keyframe: 69 Frame: 691 Frame from vFrameID : 692
Tcw:
[0.99976075, 0.016450725, -0.014417388, 0.68993068;
 -0.020296106, 0.45181227, -0.89188212, -0.33826655;
 -0.0081581548, 0.89196134, 0.45203805, 1.4593902;
 0, 0, 0, 1]
Twc:
[0.99976075, -0.020296106, -0.0081581548, -0.68472511;
 0.016450725, 0.45181227, 0.89196134, -1.1602365;
 -0.014417388, -0.89188212, 0.45203805, -0.95144677;
 0, 0, 0, 1]
Ow:
[0.68993068;
 -0.33826655;
 1.4593902]
Keyframe: 70 Frame: 699 Frame from vFrameID : 700
Tcw:
[0.99962217, 0.024698544, 0.012062517, 0.68845421;
 -0.00086703995, 0.46696317, -0.88427633, -0.32911444;
 -0.02747309, 0.88393176, 0.46680817, 1.4874705;
 0, 0, 0, 1]
Twc:
[0.99962217, -0.00086703995, -0.02747309, -0.647614;
 0.024698544, 0.46696317, 0.88393176, -1.178142;
 0.012062517, -0.88427633, 0.46680817, -0.99369597;
 0, 0, 0, 1]
Ow:
[0.68845421;
 -0.32911444;
 1.4874705]
Keyframe: 71 Frame: 707 Frame from vFrameID : 708
Tcw:
[0.99817663, -0.016917864, -0.057941243, 0.7200163;
 -0.04426505, 0.44744179, -0.89321691, -0.32931718;
 0.041036654, 0.89415306, 0.44587705, 1.5064015;
 0, 0, 0, 1]
Twc:
[0.99817663, -0.04426505, 0.041036654, -0.79509842;
 -0.016917864, 0.44744179, 0.89415306, -1.187422;
 -0.057941243, -0.89321691, 0.44587705, -0.9241029;
 0, 0, 0, 1]
Ow:
[0.7200163;
 -0.32931718;
 1.5064015]
Keyframe: 72 Frame: 715 Frame from vFrameID : 716
Tcw:
[0.99683297, -0.032921985, -0.0723892, 0.71639228;
 -0.049067557, 0.46171817, -0.88566852, -0.32210189;
 0.062581375, 0.88641554, 0.45864049, 1.534616;
 0, 0, 0, 1]
Twc:
[0.99683297, -0.049067557, 0.062581375, -0.82596654;
 -0.032921985, 0.46171817, 0.88641554, -1.1880021;
 -0.0723892, -0.88566852, 0.45864049, -0.93725348;
 0, 0, 0, 1]
Ow:
[0.71639228;
 -0.32210189;
 1.534616]
Keyframe: 73 Frame: 722 Frame from vFrameID : 723
Tcw:
[0.99875641, -0.01721029, -0.046791833, 0.71419948;
 -0.034416463, 0.44104257, -0.89682603, -0.33016485;
 0.036071826, 0.89732116, 0.43990177, 1.555479;
 0, 0, 0, 1]
Twc:
[0.99875641, -0.034416463, 0.036071826, -0.7807833;
 -0.01721029, 0.44104257, 0.89732116, -1.237856;
 -0.046791833, -0.89682603, 0.43990177, -0.94693977;
 0, 0, 0, 1]
Ow:
[0.71419948;
 -0.33016485;
 1.555479]
Keyframe: 74 Frame: 730 Frame from vFrameID : 731
Tcw:
[0.99990994, -0.010942515, -0.0077668959, 0.7149545;
 -0.0020386647, 0.4482103, -0.89392585, -0.33055264;
 0.013262999, 0.89386117, 0.44814762, 1.5769948;
 0, 0, 0, 1]
Twc:
[0.99990994, -0.0020386647, 0.013262999, -0.7364797;
 -0.010942515, 0.4482103, 0.89386117, -1.253634;
 -0.0077668959, -0.89392585, 0.44814762, -0.99666309;
 0, 0, 0, 1]
Ow:
[0.7149545;
 -0.33055264;
 1.5769948]
Keyframe: 75 Frame: 738 Frame from vFrameID : 739
Tcw:
[0.99772805, -0.027963616, -0.061292984, 0.72569466;
 -0.042920519, 0.43742862, -0.89822829, -0.32421249;
 0.051929016, 0.89881825, 0.43523458, 1.6042734;
 0, 0, 0, 1]
Twc:
[0.99772805, -0.042920519, 0.051929016, -0.82126957;
 -0.027963616, 0.43742862, 0.89881825, -1.2798374;
 -0.061292984, -0.89822829, 0.43523458, -0.94497216;
 0, 0, 0, 1]
Ow:
[0.72569466;
 -0.32421249;
 1.6042734]
Keyframe: 76 Frame: 745 Frame from vFrameID : 746
Tcw:
[0.99486578, -0.03827782, -0.093685396, 0.73769695;
 -0.066899642, 0.44586933, -0.89259452, -0.33102834;
 0.075938016, 0.89427924, 0.44101936, 1.624233;
 0, 0, 0, 1]
Twc:
[0.99486578, -0.066899642, 0.075938016, -0.87939608;
 -0.03827782, 0.44586933, 0.89427924, -1.276685;
 -0.093685396, -0.89259452, 0.44101936, -0.94268084;
 0, 0, 0, 1]
Ow:
[0.73769695;
 -0.33102834;
 1.624233]
Keyframe: 77 Frame: 753 Frame from vFrameID : 754
Tcw:
[0.99567932, -0.049144544, -0.078787573, 0.73912913;
 -0.049904197, 0.43232825, -0.9003343, -0.3369655;
 0.078308612, 0.90037608, 0.42800778, 1.6451256;
 0, 0, 0, 1]
Twc:
[0.99567932, -0.049904197, 0.078308612, -0.88157916;
 -0.049144544, 0.43232825, 0.90037608, -1.299228;
 -0.078787573, -0.9003343, 0.42800778, -0.949274;
 0, 0, 0, 1]
Ow:
[0.73912913;
 -0.3369655;
 1.6451256]
Keyframe: 78 Frame: 761 Frame from vFrameID : 762
Tcw:
[0.99742275, -0.047821902, -0.053487476, 0.74224454;
 -0.027835801, 0.42917576, -0.90279198, -0.33385742;
 0.066128761, 0.90195411, 0.42673853, 1.6678805;
 0, 0, 0, 1]
Twc:
[0.99742275, -0.027835801, 0.066128761, -0.85991961;
 -0.047821902, 0.42917576, 0.90195411, -1.3255726;
 -0.053487476, -0.90279198, 0.42673853, -0.97345179;
 0, 0, 0, 1]
Ow:
[0.74224454;
 -0.33385742;
 1.6678805]
Keyframe: 79 Frame: 769 Frame from vFrameID : 770
Tcw:
[0.99620265, -0.054973491, -0.067514591, 0.74628204;
 -0.038514361, 0.41720092, -0.90799785, -0.33492607;
 0.078082956, 0.90715009, 0.41349939, 1.7000222;
 0, 0, 0, 1]
Twc:
[0.99620265, -0.038514361, 0.078082956, -0.88909036;
 -0.054973491, 0.41720092, 0.90715009, -1.3614181;
 -0.067514591, -0.90799785, 0.41349939, -0.9566853;
 0, 0, 0, 1]
Ow:
[0.74628204;
 -0.33492607;
 1.7000222]
Keyframe: 80 Frame: 777 Frame from vFrameID : 778
Tcw:
[0.99043059, -0.080046192, -0.11242682, 0.7555511;
 -0.06878268, 0.41994485, -0.90493935, -0.33794099;
 0.11965001, 0.90401268, 0.41042045, 1.7178724;
 0, 0, 0, 1]
Twc:
[0.99043059, -0.06878268, 0.11965001, -0.9771089;
 -0.080046192, 0.41994485, 0.90401268, -1.3505828;
 -0.11242682, -0.90493935, 0.41042045, -0.92592186;
 0, 0, 0, 1]
Ow:
[0.7555511;
 -0.33794099;
 1.7178724]
Keyframe: 81 Frame: 784 Frame from vFrameID : 785
Tcw:
[0.99187732, -0.083492897, -0.09595973, 0.76012957;
 -0.04993039, 0.43828788, -0.89744675, -0.35259044;
 0.11698841, 0.89494842, 0.43055901, 1.7393631;
 0, 0, 0, 1]
Twc:
[0.99187732, -0.04993039, 0.11698841, -0.97504562;
 -0.083492897, 0.43828788, 0.89494842, -1.3386387;
 -0.09595973, -0.89744675, 0.43055901, -0.99238771;
 0, 0, 0, 1]
Ow:
[0.76012957;
 -0.35259044;
 1.7393631]
Keyframe: 82 Frame: 792 Frame from vFrameID : 793
Tcw:
[0.99047118, -0.096202552, -0.098549001, 0.76517308;
 -0.048307031, 0.42742446, -0.90275955, -0.35550433;
 0.12897003, 0.89891791, 0.41870436, 1.7662339;
 0, 0, 0, 1]
Twc:
[0.99047118, -0.048307031, 0.12897003, -1.0028465;
 -0.096202552, 0.42742446, 0.89891791, -1.3621364;
 -0.098549001, -0.90275955, 0.41870436, -0.98505771;
 0, 0, 0, 1]
Ow:
[0.76517308;
 -0.35550433;
 1.7662339]
Keyframe: 83 Frame: 800 Frame from vFrameID : 801
Tcw:
[0.99313581, -0.083717383, -0.081686281, 0.77019721;
 -0.03736094, 0.43473968, -0.89978087, -0.355739;
 0.11083957, 0.89665645, 0.42862779, 1.783185;
 0, 0, 0, 1]
Twc:
[0.99313581, -0.03736094, 0.11083957, -0.97584867;
 -0.083717383, 0.43473968, 0.89665645, -1.3797716;
 -0.081686281, -0.89978087, 0.42862779, -1.0214952;
 0, 0, 0, 1]
Ow:
[0.77019721;
 -0.355739;
 1.783185]
Keyframe: 84 Frame: 808 Frame from vFrameID : 809
Tcw:
[0.9932611, -0.080849543, -0.083040833, 0.7651639;
 -0.040593866, 0.42842323, -0.90266585, -0.3627966;
 0.10855675, 0.89995384, 0.42225412, 1.8044165;
 0, 0, 0, 1]
Twc:
[0.9932611, -0.040593866, 0.10855675, -0.9706164;
 -0.080849543, 0.42842323, 0.89995384, -1.406598;
 -0.083040833, -0.90266585, 0.42225412, -1.0258666;
 0, 0, 0, 1]
Ow:
[0.7651639;
 -0.3627966;
 1.8044165]
Keyframe: 85 Frame: 815 Frame from vFrameID : 816
Tcw:
[0.99380344, -0.070575617, -0.085871115, 0.77276909;
 -0.046492592, 0.43778712, -0.89787573, -0.36434209;
 0.1009614, 0.89630437, 0.43179309, 1.8261812;
 0, 0, 0, 1]
Twc:
[0.99380344, -0.046492592, 0.1009614, -0.96929359;
 -0.070575617, 0.43778712, 0.89630437, -1.4227712;
 -0.085871115, -0.89787573, 0.43179309, -1.0493078;
 0, 0, 0, 1]
Ow:
[0.77276909;
 -0.36434209;
 1.8261812]
Keyframe: 86 Frame: 823 Frame from vFrameID : 824
Tcw:
[0.99855119, -0.038538091, -0.037555166, 0.76655149;
 -0.017935792, 0.41963798, -0.90751433, -0.3588379;
 0.050733443, 0.90687311, 0.41833878, 1.8557249;
 0, 0, 0, 1]
Twc:
[0.99855119, -0.017935792, 0.050733443, -0.8660242;
 -0.038538091, 0.41963798, 0.90687311, -1.5027835;
 -0.037555166, -0.90751433, 0.41833878, -1.0731843;
 0, 0, 0, 1]
Ow:
[0.76655149;
 -0.3588379;
 1.8557249]
Keyframe: 87 Frame: 831 Frame from vFrameID : 832
Tcw:
[0.99959171, -0.025614824, -0.012659624, 0.77441013;
 -0.00050891394, 0.4270395, -0.90423286, -0.35322052;
 0.028567925, 0.90387011, 0.42685211, 1.8780864;
 0, 0, 0, 1]
Twc:
[0.99959171, -0.00050891394, 0.028567925, -0.82792675;
 -0.025614824, 0.4270395, 0.90387011, -1.5268706;
 -0.012659624, -0.90423286, 0.42685211, -1.1112549;
 0, 0, 0, 1]
Ow:
[0.77441013;
 -0.35322052;
 1.8780864]
Keyframe: 88 Frame: 839 Frame from vFrameID : 840
Tcw:
[0.99966866, -0.013709514, -0.021785744, 0.77685535;
 -0.013936369, 0.42331392, -0.90587586, -0.36056328;
 0.021641327, 0.90587932, 0.4229826, 1.8871945;
 0, 0, 0, 1]
Twc:
[0.99966866, -0.013936369, 0.021641327, -0.82246429;
 -0.013709514, 0.42331392, 0.90587932, -1.5462887;
 -0.021785744, -0.90587586, 0.4229826, -1.1079516;
 0, 0, 0, 1]
Ow:
[0.77685535;
 -0.36056328;
 1.8871945]
Keyframe: 89 Frame: 847 Frame from vFrameID : 848
Tcw:
[0.99862957, -0.018658677, -0.048896186, 0.77107936;
 -0.036618333, 0.4183889, -0.90752953, -0.35279948;
 0.037390921, 0.90807629, 0.41713226, 1.9042678;
 0, 0, 0, 1]
Twc:
[0.99862957, -0.036618333, 0.037390921, -0.85414386;
 -0.018658677, 0.4183889, 0.90807629, -1.5672258;
 -0.048896186, -0.90752953, 0.41713226, -1.0768046;
 0, 0, 0, 1]
Ow:
[0.77107936;
 -0.35279948;
 1.9042678]
Keyframe: 90 Frame: 856 Frame from vFrameID : 857
Tcw:
[0.99954212, -0.0042896592, -0.029953305, 0.76588315;
 -0.025349839, 0.42180565, -0.90633184, -0.3520031;
 0.016522329, 0.90667611, 0.42150378, 1.9270856;
 0, 0, 0, 1]
Twc:
[0.99954212, -0.025349839, 0.016522329, -0.80629557;
