Keyframe: 0 Frame: 0 Frame from vFrameID : 17
Tcw:
[0.97919542, -0.19041453, -0.070133112, 0.092839204;
 0.00066216837, 0.34861684, -0.9372651, -0.0022074841;
 0.20291848, 0.91771924, 0.34149009, -0.073576987;
 0, 0, 0, 1]
Twc:
[0.97919542, 0.00066216837, 0.20291848, -0.075976133;
 -0.19041453, 0.34861684, 0.91771924, 0.085970521;
 -0.070133112, -0.9372651, 0.34149009, 0.02956792;
 0, 0, 0, 1]
Ow:
[0.092839204;
 -0.0022074841;
 -0.073576987]
Keyframe: 1 Frame: 16 Frame from vFrameID : 17
Tcw:
[0.98011106, -0.15949062, -0.11808913, 0.0041780956;
 -0.046460308, 0.39410767, -0.91788918, 0.0080403071;
 0.19293456, 0.90511984, 0.37885931, -0.010011374;
 0, 0, 0, 1]
Twc:
[0.98011106, -0.046460308, 0.19293456, -0.0017899025;
 -0.15949062, 0.39410767, 0.90511984, 0.006559113;
 -0.11808913, -0.91788918, 0.37885931, 0.011666401;
 0, 0, 0, 1]
Ow:
[0.0041780956;
 0.0080403071;
 -0.010011374]
