Keyframe: 0 Frame: 0 Frame from vFrameID : 17
Tcw:
[0.97015303, -0.20463382, -0.13010819, 0.087301329;
 -0.042375203, 0.38522363, -0.92184985, -0.0066735633;
 0.23876239, 0.89984876, 0.36505446, -0.07884223;
 0, 0, 0, 1]
Twc:
[0.97015303, -0.042375203, 0.23876239, -0.066153876;
 -0.20463382, 0.38522363, 0.89984876, 0.091381699;
 -0.13010819, -0.92184985, 0.36505446, 0.033988301;
 0, 0, 0, 1]
Ow:
[0.087301329;
 -0.0066735633;
 -0.07884223]
Keyframe: 1 Frame: 46 Frame from vFrameID : 17
Tcw:
[0.96986192, -0.20779166, -0.12724176, inf;
 -0.037932977, 0.38708654, -0.9212628, -nan;
 0.24068429, 0.89832437, 0.36753833, -nan;
 0, 0, 0, 1]
Twc:
[0.96986192, -0.037932977, 0.24068429, -inf;
 -0.20779166, 0.38708654, 0.89832437, inf;
 -0.12724176, -0.9212628, 0.36753833, inf;
 0, 0, 0, 1]
Ow:
[inf;
 -nan;
 -nan]
