Keyframe: 0 Frame: 0 Frame from vFrameID : 54
Tcw:
[0.99997181, 0.00013874366, -0.0075093559, 0.0160417;
 -0.0068511525, 0.42654088, -0.90444231, 0.035032302;
 0.0030775617, 0.9044683, 0.42652979, -0.19859198;
 0, 0, 0, 1]
Twc:
[0.99997181, -0.0068511525, 0.0030775617, -0.015190056;
 0.00013874366, 0.42654088, 0.9044683, 0.16467521;
 -0.0075093559, -0.90444231, 0.42652979, 0.11651056;
 0, 0, 0, 1]
Ow:
[0.0160417;
 0.035032302;
 -0.19859198]
Keyframe: 1 Frame: 131 Frame from vFrameID : 54
Tcw:
[0.99993187, -0.0082432888, -0.0082654655, 0.015732309;
 -0.0039470298, 0.42760441, -0.90395737, 0.037964858;
 0.010985931, 0.9039284, 0.42754275, -0.20112742;
 0, 0, 0, 1]
Twc:
[0.99993187, -0.0039470298, 0.010985931, -0.013371815;
 -0.0082432888, 0.42760441, 0.9039284, 0.16570053;
 -0.0082654655, -0.90395737, 0.42754275, 0.12043922;
 0, 0, 0, 1]
Ow:
[0.015732309;
 0.037964858;
 -0.20112742]
Keyframe: 2 Frame: 135 Frame from vFrameID : 136
Tcw:
[0.999677, -0.017844168, -0.018096948, 0.017195826;
 -0.0086199129, 0.43179652, -0.90192986, 0.041050248;
 0.023908388, 0.90179449, 0.43150324, -0.2034677;
 0, 0, 0, 1]
Twc:
[0.999677, -0.0086199129, 0.023908388, -0.011971838;
 -0.017844168, 0.43179652, 0.90179449, 0.16606756;
 -0.018096948, -0.90192986, 0.43150324, 0.12513261;
 0, 0, 0, 1]
Ow:
[0.017195826;
 0.041050248;
 -0.2034677]
Keyframe: 3 Frame: 138 Frame from vFrameID : 139
Tcw:
[0.99938279, -0.022474527, -0.026998112, 0.016956162;
 -0.014624939, 0.43258655, -0.90147382, 0.040214837;
 0.03193922, 0.90131223, 0.43199086, -0.20257284;
 0, 0, 0, 1]
Twc:
[0.99938279, -0.014624939, 0.03193922, -0.0098875389;
 -0.022474527, 0.43258655, 0.90131223, 0.16556607;
 -0.026998112, -0.90147382, 0.43199086, 0.12422003;
 0, 0, 0, 1]
Ow:
[0.016956162;
 0.040214837;
 -0.20257284]
Keyframe: 4 Frame: 139 Frame from vFrameID : 140
Tcw:
[0.99924195, -0.025353553, -0.029541081, 0.016919876;
 -0.015726473, 0.43126523, -0.90208811, 0.041042298;
 0.035611179, 0.90186888, 0.43053961, -0.2039374;
 0, 0, 0, 1]
Twc:
[0.99924195, -0.015726473, 0.035611179, -0.0089991484;
 -0.025353553, 0.43126523, 0.90186888, 0.16665365;
 -0.029541081, -0.90208811, 0.43053961, 0.12532672;
 0, 0, 0, 1]
Ow:
[0.016919876;
 0.041042298;
 -0.2039374]
Keyframe: 5 Frame: 141 Frame from vFrameID : 142
Tcw:
[0.99899548, -0.02469874, -0.037390158, 0.017333657;
 -0.023144512, 0.43009648, -0.90248621, 0.038994879;
 0.038371645, 0.90244502, 0.42909279, -0.20203972;
 0, 0, 0, 1]
Twc:
[0.99899548, -0.023144512, 0.038371645, -0.0086611295;
 -0.02469874, 0.43009648, 0.90244502, 0.1659863;
 -0.037390158, -0.90248621, 0.42909279, 0.12253424;
 0, 0, 0, 1]
Ow:
[0.017333657;
 0.038994879;
 -0.20203972]
Keyframe: 6 Frame: 143 Frame from vFrameID : 144
Tcw:
[0.99899691, -0.022771811, -0.038556598, 0.017405061;
 -0.025036408, 0.42984077, -0.90255755, 0.037599348;
 0.037126068, 0.90261751, 0.42883947, -0.20084134;
 0, 0, 0, 1]
Twc:
[0.99899691, -0.025036408, 0.037126068, -0.0089897998;
 -0.022771811, 0.42984077, 0.90261751, 0.16551752;
 -0.038556598, -0.90255755, 0.42883947, 0.12073535;
 0, 0, 0, 1]
Ow:
[0.017405061;
 0.037599348;
 -0.20084134]
Keyframe: 7 Frame: 145 Frame from vFrameID : 146
Tcw:
[0.99895334, -0.02272727, -0.039694905, 0.018087644;
 -0.026121726, 0.42893279, -0.90295863, 0.03361164;
 0.037548233, 0.90305048, 0.42789018, -0.19710897;
 0, 0, 0, 1]
Twc:
[0.99895334, -0.026121726, 0.037548233, -0.0097896252;
 -0.02272727, 0.42893279, 0.90305048, 0.1639933;
 -0.039694905, -0.90295863, 0.42789018, 0.1154089;
 0, 0, 0, 1]
Ow:
[0.018087644;
 0.03361164;
 -0.19710897]
Keyframe: 8 Frame: 147 Frame from vFrameID : 148
Tcw:
[0.99907261, -0.018800806, -0.038736373, 0.017605782;
 -0.026997197, 0.4273155, -0.9036994, 0.031777509;
 0.033542931, 0.90390706, 0.42641166, -0.19419396;
 0, 0, 0, 1]
Twc:
[0.99907261, -0.026997197, 0.033542931, -0.010217717;
 -0.018800806, 0.4273155, 0.90390706, 0.16228527;
 -0.038736373, -0.9036994, 0.42641166, 0.11220586;
 0, 0, 0, 1]
Ow:
[0.017605782;
 0.031777509;
 -0.19419396]
Keyframe: 9 Frame: 149 Frame from vFrameID : 150
Tcw:
[0.9992094, -0.01699394, -0.035940912, 0.017267723;
 -0.025292687, 0.42575696, -0.90448397, 0.02858559;
 0.030672839, 0.90467799, 0.42499053, -0.1906303;
 0, 0, 0, 1]
Twc:
[0.9992094, -0.025292687, 0.030672839, -0.010683892;
 -0.01699394, 0.42575696, 0.90467799, 0.16058196;
 -0.035940912, -0.90448397, 0.42499053, 0.1074919;
 0, 0, 0, 1]
Ow:
[0.017267723;
 0.02858559;
 -0.1906303]
Keyframe: 10 Frame: 151 Frame from vFrameID : 152
Tcw:
[0.99937838, -0.014604667, -0.032087039, 0.016832143;
 -0.022966806, 0.4208124, -0.90685689, 0.024254784;
 0.026746966, 0.90703011, 0.42021537, -0.18611126;
 0, 0, 0, 1]
Twc:
[0.99937838, -0.022966806, 0.026746966, -0.011286712;
 -0.014604667, 0.4208124, 0.90703011, 0.15884763;
 -0.032087039, -0.90685689, 0.42021537, 0.10074253;
 0, 0, 0, 1]
Ow:
[0.016832143;
 0.024254784;
 -0.18611126]
Keyframe: 11 Frame: 153 Frame from vFrameID : 154
Tcw:
[0.99954242, -0.010789031, -0.028259736, 0.017530264;
 -0.021296296, 0.41247281, -0.91072094, 0.01882939;
 0.02148217, 0.91090602, 0.4120543, -0.18287054;
 0, 0, 0, 1]
Twc:
[0.99954242, -0.021296296, 0.02148217, -0.01319279;
 -0.010789031, 0.41247281, 0.91090602, 0.1590004;
 -0.028259736, -0.91072094, 0.4120543, 0.092996307;
 0, 0, 0, 1]
Ow:
[0.017530264;
 0.01882939;
 -0.18287054]
Keyframe: 12 Frame: 155 Frame from vFrameID : 156
Tcw:
[0.99971884, -0.0099207666, -0.021535208, 0.016611081;
 -0.015641266, 0.40665978, -0.91344577, 0.016979069;
 0.017819585, 0.91352582, 0.40639028, -0.17937361;
 0, 0, 0, 1]
Twc:
[0.99971884, -0.015641266, 0.017819585, -0.013144474;
 -0.0099207666, 0.40665978, 0.91352582, 0.15712251;
 -0.021535208, -0.91344577, 0.40639028, 0.088762872;
 0, 0, 0, 1]
Ow:
[0.016611081;
 0.016979069;
 -0.17937361]
Keyframe: 13 Frame: 162 Frame from vFrameID : 163
Tcw:
[0.99999547, -0.002860043, 0.0009333858, 0.019976821;
 0.0020159124, 0.40670827, -0.91355586, 0.0078249015;
 0.0022331933, 0.9135536, 0.4067122, -0.16789243;
 0, 0, 0, 1]
Twc:
[0.99999547, 0.0020159124, 0.0022331933, -0.019617569;
 -0.002860043, 0.40670827, 0.9135536, 0.15025342;
 0.0009333858, -0.91355586, 0.4067122, 0.075413734;
 0, 0, 0, 1]
Ow:
[0.019976821;
 0.0078249015;
 -0.16789243]
Keyframe: 14 Frame: 170 Frame from vFrameID : 171
Tcw:
[0.9999724, -0.0032280881, -0.0066881715, 0.029458478;
 -0.0047944253, 0.40715382, -0.91334701, -0.0097180605;
 0.0056714793, 0.91335392, 0.40712711, -0.14721507;
 0, 0, 0, 1]
Twc:
[0.9999724, -0.0047944253, 0.0056714793, -0.028669333;
 -0.0032280881, 0.40715382, 0.91335392, 0.1385113;
 -0.0066881715, -0.91334701, 0.40712711, 0.051256306;
 0, 0, 0, 1]
Ow:
[0.029458478;
 -0.0097180605;
 -0.14721507]
Keyframe: 15 Frame: 179 Frame from vFrameID : 180
Tcw:
[0.99970746, 0.012205429, -0.020880727, 0.041663561;
 -0.024040464, 0.40678784, -0.91320628, -0.029304294;
 -0.0026520491, 0.91344112, 0.40696228, -0.12811612;
 0, 0, 0, 1]
Twc:
[0.99970746, -0.024040464, -0.0026520491, -0.04269563;
 0.012205429, 0.40678784, 0.91344112, 0.12843864;
 -0.020880727, -0.91320628, 0.40696228, 0.026247522;
 0, 0, 0, 1]
Ow:
[0.041663561;
 -0.029304294;
 -0.12811612]
Keyframe: 16 Frame: 187 Frame from vFrameID : 188
Tcw:
[0.99952066, 0.03079672, 0.0031704048, 0.051950838;
 -0.0094491215, 0.40097794, -0.91603899, -0.047258835;
 -0.029482258, 0.9155699, 0.40107673, -0.10445829;
 0, 0, 0, 1]
Twc:
[0.99952066, -0.0094491215, -0.029482258, -0.055452153;
 0.03079672, 0.40097794, 0.9155699, 0.1129887;
 0.0031704048, -0.91603899, 0.40107673, -0.0015598489;
 0, 0, 0, 1]
Ow:
[0.051950838;
 -0.047258835;
 -0.10445829]
Keyframe: 17 Frame: 196 Frame from vFrameID : 197
Tcw:
[0.99834019, 0.036148041, 0.044835456, 0.061369922;
 0.02617293, 0.40869817, -0.91229427, -0.05951193;
 -0.051301818, 0.91195345, 0.40707371, -0.064073369;
 0, 0, 0, 1]
Twc:
[0.99834019, 0.02617293, -0.051301818, -0.062997535;
 0.036148041, 0.40869817, 0.91195345, 0.080535941;
 0.044835456, -0.91229427, 0.40707371, -0.030961353;
 0, 0, 0, 1]
Ow:
[0.061369922;
 -0.05951193;
 -0.064073369]
Keyframe: 18 Frame: 205 Frame from vFrameID : 206
Tcw:
[0.99918234, 0.038179405, 0.013303708, 0.083908677;
 -0.0026208258, 0.3895188, -0.92101479, -0.07859575;
 -0.04034584, 0.92022687, 0.38930035, -0.0044963285;
 0, 0, 0, 1]
Twc:
[0.99918234, -0.0026208258, -0.04034584, -0.084227458;
 0.038179405, 0.3895188, 0.92022687, 0.031548578;
 0.013303708, -0.92101479, 0.38930035, -0.071753725;
 0, 0, 0, 1]
Ow:
[0.083908677;
 -0.07859575;
 -0.0044963285]
Keyframe: 19 Frame: 215 Frame from vFrameID : 216
Tcw:
[0.99779612, 0.05923792, 0.029895857, 0.093540758;
 0.0042237435, 0.39293283, -0.91955745, -0.11005964;
 -0.066219732, 0.91765714, 0.39181665, 0.027139492;
 0, 0, 0, 1]
Twc:
[0.99779612, 0.0042237435, -0.066219732, -0.091072567;
 0.05923792, 0.39293283, 0.91765714, 0.01280014;
 0.029895857, -0.91955745, 0.39181665, -0.11463635;
 0, 0, 0, 1]
Ow:
[0.093540758;
 -0.11005964;
 0.027139492]
Keyframe: 20 Frame: 225 Frame from vFrameID : 226
Tcw:
[0.99463296, 0.074003711, 0.072309665, 0.079327509;
 0.037634447, 0.39223632, -0.91909426, -0.15139364;
 -0.096378863, 0.91688281, 0.38734609, 0.069655739;
 0, 0, 0, 1]
Twc:
[0.99463296, 0.037634447, -0.096378863, -0.066490807;
 0.074003711, 0.39223632, 0.91688281, -0.010354596;
 0.072309665, -0.91909426, 0.38734609, -0.17186207;
 0, 0, 0, 1]
Ow:
[0.079327509;
 -0.15139364;
 0.069655739]
Keyframe: 21 Frame: 236 Frame from vFrameID : 237
Tcw:
[0.99909657, 0.037274957, 0.020411516, 0.15054791;
 0.0050986749, 0.37169194, -0.9283421, -0.14752607;
 -0.042190708, 0.92760748, 0.37116608, 0.13221109;
 0, 0, 0, 1]
Twc:
[0.99909657, 0.0050986749, -0.042190708, -0.14408162;
 0.037274957, 0.37169194, 0.92760748, -0.073417418;
 0.020411516, -0.9283421, 0.37116608, -0.18909985;
 0, 0, 0, 1]
Ow:
[0.15054791;
 -0.14752607;
 0.13221109]
Keyframe: 22 Frame: 247 Frame from vFrameID : 248
Tcw:
[0.99936903, 0.035508767, -0.00080237479, 0.1833096;
 -0.013586322, 0.36130959, -0.93234694, -0.14213069;
 -0.032816585, 0.93176955, 0.36156404, 0.20419136;
 0, 0, 0, 1]
Twc:
[0.99936903, -0.013586322, -0.032816585, -0.17842411;
 0.035508767, 0.36130959, 0.93176955, -0.14541522;
 -0.00080237479, -0.93234694, 0.36156404, -0.20619628;
 0, 0, 0, 1]
Ow:
[0.1833096;
 -0.14213069;
 0.20419136]
Keyframe: 23 Frame: 258 Frame from vFrameID : 259
Tcw:
[0.99776196, 0.060311593, 0.028872395, 0.21786164;
 0.0054859845, 0.35650125, -0.93427873, -0.15578488;
 -0.066640884, 0.93234617, 0.35537252, 0.2543216;
 0, 0, 0, 1]
Twc:
[0.99776196, 0.0054859845, -0.066640884, -0.19957121;
 0.060311593, 0.35650125, 0.93234617, -0.19471784;
 0.028872395, -0.93427873, 0.35537252, -0.24221559;
 0, 0, 0, 1]
Ow:
[0.21786164;
 -0.15578488;
 0.2543216]
Keyframe: 24 Frame: 270 Frame from vFrameID : 271
Tcw:
[0.99883425, 0.032562617, -0.035633862, 0.26197818;
 -0.04464801, 0.3426249, -0.93841076, -0.1497736;
 -0.018348059, 0.9389078, 0.34367937, 0.32249212;
 0, 0, 0, 1]
Twc:
[0.99883425, -0.04464801, -0.018348059, -0.26244277;
 0.032562617, 0.3426249, 0.9389078, -0.26000488;
 -0.035633862, -0.93841076, 0.34367937, -0.24204773;
 0, 0, 0, 1]
Ow:
[0.26197818;
 -0.1497736;
 0.32249212]
Keyframe: 25 Frame: 282 Frame from vFrameID : 283
Tcw:
[0.99776047, 0.057664402, 0.033894032, 0.27999628;
 0.012059131, 0.34334588, -0.93913162, -0.2031384;
 -0.065791838, 0.93743718, 0.34188157, 0.35901567;
 0, 0, 0, 1]
Twc:
[0.99776047, 0.012059131, -0.065791838, -0.25329924;
 0.057664402, 0.34334588, 0.93743718, -0.28295371;
 0.033894032, -0.93913162, 0.34188157, -0.32300472;
 0, 0, 0, 1]
Ow:
[0.27999628;
 -0.2031384;
 0.35901567]
Keyframe: 26 Frame: 294 Frame from vFrameID : 295
Tcw:
[0.99908084, 0.031294446, -0.029294884, 0.33648202;
 -0.03773658, 0.31790969, -0.94736969, -0.19133286;
 -0.020334283, 0.94760442, 0.31879842, 0.43504184;
 0, 0, 0, 1]
Twc:
[0.99908084, -0.03773658, -0.020334283, -0.33454669;
 0.031294446, 0.31790969, 0.94760442, -0.36195099;
 -0.029294884, -0.94736969, 0.31879842, -0.31009641;
 0, 0, 0, 1]
Ow:
[0.33648202;
 -0.19133286;
 0.43504184]
Keyframe: 27 Frame: 305 Frame from vFrameID : 306
Tcw:
[0.99855393, 0.041140005, -0.034606304, 0.34637991;
 -0.046531737, 0.33902419, -0.93962622, -0.24547458;
 -0.026923852, 0.93987769, 0.34044823, 0.49993041;
 0, 0, 0, 1]
Twc:
[0.99855393, -0.046531737, -0.026923852, -0.34384128;
 0.041140005, 0.33902419, 0.93987769, -0.40090171;
 -0.034606304, -0.93962622, 0.34044823, -0.38886786;
 0, 0, 0, 1]
Ow:
[0.34637991;
 -0.24547458;
 0.49993041]
Keyframe: 28 Frame: 316 Frame from vFrameID : 317
Tcw:
[0.99854475, 0.051085636, 0.01728202, 0.38265452;
 -0.0010226722, 0.33833396, -0.94102556, -0.25490338;
 -0.053919982, 0.93963844, 0.33789384, 0.55343872;
 0, 0, 0, 1]
Twc:
[0.99854475, -0.0010226722, -0.053919982, -0.35251692;
 0.051085636, 0.33833396, 0.93963844, -0.453338;
 0.01728202, -0.94102556, 0.33789384, -0.43348718;
 0, 0, 0, 1]
Ow:
[0.38265452;
 -0.25490338;
 0.55343872]
Keyframe: 29 Frame: 328 Frame from vFrameID : 329
Tcw:
[0.99788696, 0.041274887, -0.05017947, 0.42021656;
 -0.060847912, 0.32283437, -0.94449747, -0.28418776;
 -0.022784365, 0.94555503, 0.32466373, 0.64171261;
 0, 0, 0, 1]
Twc:
[0.99788696, -0.060847912, -0.022784365, -0.42199987;
 0.041274887, 0.32283437, 0.94555503, -0.53237337;
 -0.05017947, -0.94449747, 0.32466373, -0.45566916;
 0, 0, 0, 1]
Ow:
[0.42021656;
 -0.28418776;
 0.64171261]
Keyframe: 30 Frame: 340 Frame from vFrameID : 341
Tcw:
[0.99819571, 0.059686698, 0.0065414626, 0.45080435;
 -0.012128649, 0.30712971, -0.95159036, -0.30814028;
 -0.058806363, 0.94979411, 0.30729949, 0.70731807;
 0, 0, 0, 1]
Twc:
[0.99819571, -0.012128649, -0.058806363, -0.41213351;
 0.059686698, 0.30712971, 0.94979411, -0.60407448;
 0.0065414626, -0.95159036, 0.30729949, -0.51353073;
 0, 0, 0, 1]
Ow:
[0.45080435;
 -0.30814028;
 0.70731807]
Keyframe: 31 Frame: 352 Frame from vFrameID : 353
Tcw:
[0.99888825, 0.044051282, -0.016784607, 0.50538313;
 -0.029870383, 0.31600815, -0.94828612, -0.33664343;
 -0.03646915, 0.94773328, 0.31697264, 0.79138041;
 0, 0, 0, 1]
Twc:
[0.99888825, -0.029870383, -0.03646915, -0.48601595;
 0.044051282, 0.31600815, 0.94773328, -0.66589826;
 -0.016784607, -0.94828612, 0.31697264, -0.56159765;
 0, 0, 0, 1]
Ow:
[0.50538313;
 -0.33664343;
 0.79138041]
Keyframe: 32 Frame: 364 Frame from vFrameID : 365
Tcw:
[0.99782383, 0.046905629, -0.046341017, 0.54517722;
 -0.05914025, 0.32589403, -0.9435547, -0.35794443;
 -0.029155767, 0.944242, 0.32795882, 0.84316146;
 0, 0, 0, 1]
Twc:
[0.99782383, -0.05914025, -0.029155767, -0.54057664;
 0.046905629, 0.32589403, 0.944242, -0.70506835;
 -0.046341017, -0.9435547, 0.32795882, -0.58899838;
 0, 0, 0, 1]
Ow:
[0.54517722;
 -0.35794443;
 0.84316146]
Keyframe: 33 Frame: 373 Frame from vFrameID : 374
Tcw:
[0.9991461, 0.025143158, -0.032784667, 0.56785601;
 -0.038608335, 0.28565466, -0.95755458, -0.3755694;
 -0.014710854, 0.95800275, 0.28638148, 0.89210176;
 0, 0, 0, 1]
Twc:
[0.9991461, -0.038608335, -0.014710854, -0.5687477;
 0.025143158, 0.28565466, 0.95800275, -0.76163048;
 -0.032784667, -0.95755458, 0.28638148, -0.59649271;
 0, 0, 0, 1]
Ow:
[0.56785601;
 -0.3755694;
 0.89210176]
Keyframe: 34 Frame: 382 Frame from vFrameID : 383
Tcw:
[0.99871069, 0.032887496, -0.038669497, 0.6032505;
 -0.047083829, 0.31539223, -0.94779265, -0.38542077;
 -0.018974466, 0.94839138, 0.31653407, 0.94362301;
 0, 0, 0, 1]
Twc:
[0.99871069, -0.047083829, -0.018974466, -0.60271508;
 0.032887496, 0.31539223, 0.94839138, -0.79320455;
 -0.038669497, -0.94779265, 0.31653407, -0.64066041;
 0, 0, 0, 1]
Ow:
[0.6032505;
 -0.38542077;
 0.94362301]
Keyframe: 35 Frame: 390 Frame from vFrameID : 391
Tcw:
[0.99586695, 0.015505398, -0.089490779, 0.64251572;
 -0.089618139, 0.32778969, -0.94049054, -0.3897213;
 0.014751473, 0.94462347, 0.32782447, 0.98633587;
 0, 0, 0, 1]
Twc:
[0.99586695, -0.089618139, 0.014751473, -0.68933618;
 0.015505398, 0.32778969, 0.94462347, -0.81393188;
 -0.089490779, -0.94049054, 0.32782447, -0.63237506;
 0, 0, 0, 1]
Ow:
[0.64251572;
 -0.3897213;
 0.98633587]
Keyframe: 36 Frame: 401 Frame from vFrameID : 402
Tcw:
[0.99760824, 0.030262891, -0.062144574, 0.64824772;
 -0.068601757, 0.32343653, -0.9437598, -0.42897254;
 -0.0084610758, 0.94576579, 0.32473904, 1.0342557;
 0, 0, 0, 1]
Twc:
[0.99760824, -0.068601757, -0.0084610758, -0.66737461;
 0.030262891, 0.32343653, 0.94576579, -0.85903621;
 -0.062144574, -0.9437598, 0.32473904, -0.70042521;
 0, 0, 0, 1]
Ow:
[0.64824772;
 -0.42897254;
 1.0342557]
Keyframe: 37 Frame: 412 Frame from vFrameID : 413
Tcw:
[0.9970836, 0.049797904, -0.057831164, 0.68199748;
 -0.070281953, 0.30382165, -0.95013309, -0.40978104;
 -0.029744273, 0.95142657, 0.3064355, 1.1065823;
 0, 0, 0, 1]
Twc:
[0.9970836, -0.070281953, -0.029744273, -0.6758942;
 0.049797904, 0.30382165, 0.95142657, -0.96229351;
 -0.057831164, -0.95013309, 0.3064355, -0.68900186;
 0, 0, 0, 1]
Ow:
[0.68199748;
 -0.40978104;
 1.1065823]
Keyframe: 38 Frame: 423 Frame from vFrameID : 424
Tcw:
[0.99468642, 0.051761132, -0.088992819, 0.71330732;
 -0.10142729, 0.34452242, -0.93328279, -0.43249869;
 -0.017647751, 0.93735003, 0.34794176, 1.1610993;
 0, 0, 0, 1]
Twc:
[0.99468642, -0.10142729, -0.017647751, -0.73289341;
 0.051761132, 0.34452242, 0.93735003, -0.97627252;
 -0.088992819, -0.93328279, 0.34794176, -0.74415928;
 0, 0, 0, 1]
Ow:
[0.71330732;
 -0.43249869;
 1.1610993]
Keyframe: 39 Frame: 433 Frame from vFrameID : 434
Tcw:
[0.99476749, 0.073331654, -0.071134195, 0.7297408;
 -0.091573559, 0.33129072, -0.9390744, -0.4550879;
 -0.045297783, 0.94067472, 0.33627248, 1.1828117;
 0, 0, 0, 1]
Twc:
[0.99476749, -0.091573559, -0.045297783, -0.71401769;
 0.073331654, 0.33129072, 0.94067472, -1.0153878;
 -0.071134195, -0.9390744, 0.33627248, -0.77319896;
 0, 0, 0, 1]
Ow:
[0.7297408;
 -0.4550879;
 1.1828117]
Keyframe: 40 Frame: 444 Frame from vFrameID : 445
Tcw:
[0.99608189, 0.066591904, -0.05819273, 0.80186087;
 -0.077377215, 0.33763912, -0.93808985, -0.45783651;
 -0.04282105, 0.9389171, 0.34146893, 1.2527298;
 0, 0, 0, 1]
Twc:
[0.99608189, -0.077377215, -0.04282105, -0.78050196;
 0.066591904, 0.33763912, 0.9389171, -1.0750234;
 -0.05819273, -0.93808985, 0.34146893, -0.81059766;
 0, 0, 0, 1]
Ow:
[0.80186087;
 -0.45783651;
 1.2527298]
Keyframe: 41 Frame: 454 Frame from vFrameID : 455
Tcw:
[0.99233687, 0.069999546, -0.10182151, 0.8315472;
 -0.12026849, 0.35819742, -0.9258672, -0.46708;
 -0.028338084, 0.93101811, 0.36387125, 1.3027718;
 0, 0, 0, 1]
Twc:
[0.99233687, -0.12026849, -0.028338084, -0.84443188;
 0.069999546, 0.35819742, 0.93101811, -1.1038052;
 -0.10182151, -0.9258672, 0.36387125, -0.82182586;
 0, 0, 0, 1]
Ow:
[0.8315472;
 -0.46708;
 1.3027718]
Keyframe: 42 Frame: 464 Frame from vFrameID : 465
Tcw:
[0.99408263, 0.085966654, -0.066403471, 0.84188628;
 -0.093544729, 0.3667427, -0.92560744, -0.46397746;
 -0.055218384, 0.92634201, 0.37261429, 1.3265797;
 0, 0, 0, 1]
Twc:
[0.99408263, -0.093544729, -0.055218384, -0.80705559;
 0.085966654, 0.3667427, 0.92634201, -1.1310803;
 -0.066403471, -0.92560744, 0.37261429, -0.86785936;
 0, 0, 0, 1]
Ow:
[0.84188628;
 -0.46397746;
 1.3265797]
Keyframe: 43 Frame: 474 Frame from vFrameID : 475
Tcw:
[0.99453193, 0.039698087, -0.096593767, 0.84778041;
 -0.1043937, 0.35247064, -0.92998195, -0.44843024;
 -0.0028720372, 0.93498051, 0.35468751, 1.3969309;
 0, 0, 0, 1]
Twc:
[0.99453193, -0.1043937, -0.0028720372, -0.88594592;
 0.039698087, 0.35247064, 0.93498051, -1.1817;
 -0.096593767, -0.92998195, 0.35468751, -0.8306157;
 0, 0, 0, 1]
Ow:
[0.84778041;
 -0.44843024;
 1.3969309]
Keyframe: 44 Frame: 485 Frame from vFrameID : 486
Tcw:
[0.98619795, 0.025046827, -0.163665, 0.90227664;
 -0.16067412, 0.3833909, -0.90950274, -0.44088271;
 0.039967511, 0.9232465, 0.38212371, 1.4236068;
 0, 0, 0, 1]
Twc:
[0.98619795, -0.16067412, 0.039967511, -1.0175599;
 0.025046827, 0.3833909, 0.9232465, -1.1679087;
 -0.163665, -0.90950274, 0.38212371, -0.79730684;
 0, 0, 0, 1]
Ow:
[0.90227664;
 -0.44088271;
 1.4236068]
Keyframe: 45 Frame: 495 Frame from vFrameID : 496
Tcw:
[0.99268365, 0.030766698, -0.11675841, 0.92234939;
 -0.12004393, 0.35545817, -0.92695141, -0.47241694;
 0.012983493, 0.93418568, 0.35655087, 1.4599041;
 0, 0, 0, 1]
Twc:
[0.99268365, -0.12004393, 0.012983493, -0.99126661;
 0.030766698, 0.35545817, 0.93418568, -1.2242746;
 -0.11675841, -0.92695141, 0.35655087, -0.85074562;
 0, 0, 0, 1]
Ow:
[0.92234939;
 -0.47241694;
 1.4599041]
Keyframe: 46 Frame: 505 Frame from vFrameID : 506
Tcw:
[0.99384552, 0.022886477, -0.10838513, 0.95251155;
 -0.10884435, 0.38363338, -0.91704869, -0.48196653;
 0.020592136, 0.92320186, 0.38376334, 1.4888361;
 0, 0, 0, 1]
Twc:
[0.99384552, -0.10884435, 0.020592136, -1.0297669;
 0.022886477, 0.38363338, 0.92320186, -1.2113974;
 -0.10838513, -0.91704869, 0.38376334, -0.91010946;
 0, 0, 0, 1]
Ow:
[0.95251155;
 -0.48196653;
 1.4888361]
Keyframe: 47 Frame: 515 Frame from vFrameID : 516
Tcw:
[0.99249274, 0.012996629, -0.1216111, 0.98069245;
 -0.11659566, 0.40076694, -0.90873063, -0.4976263;
 0.036927279, 0.91608787, 0.39927363, 1.5101739;
 0, 0, 0, 1]
Twc:
[0.99249274, -0.11659566, 0.036927279, -1.0871178;
 0.012996629, 0.40076694, 0.91608787, -1.1967654;
 -0.1216111, -0.90873063, 0.39927363, -0.93591768;
 0, 0, 0, 1]
Ow:
[0.98069245;
 -0.4976263;
 1.5101739]
Keyframe: 48 Frame: 525 Frame from vFrameID : 526
Tcw:
[0.9922092, 0.02541576, -0.12196273, 0.98661065;
 -0.12137157, 0.41803744, -0.9002853, -0.52017903;
 0.028103551, 0.9080742, 0.41786537, 1.5737522;
 0, 0, 0, 1]
Twc:
[0.9922092, -0.12137157, 0.028103551, -1.0862871;
 0.02541576, 0.41803744, 0.9080742, -1.2367048;
 -0.12196273, -0.9002853, 0.41786537, -1.0055963;
 0, 0, 0, 1]
Ow:
[0.98661065;
 -0.52017903;
 1.5737522]
Keyframe: 49 Frame: 535 Frame from vFrameID : 536
Tcw:
[0.99455619, 0.020039244, -0.10225686, 1.0178289;
 -0.10169385, 0.40067056, -0.91056108, -0.53620744;
 0.022724357, 0.91600305, 0.40052724, 1.6165006;
 0, 0, 0, 1]
Twc:
[0.99455619, -0.10169385, 0.022724357, -1.103551;
 0.020039244, 0.40067056, 0.91600305, -1.2862735;
 -0.10225686, -0.91056108, 0.40052724, -1.0316222;
 0, 0, 0, 1]
Ow:
[1.0178289;
 -0.53620744;
 1.6165006]
Keyframe: 50 Frame: 545 Frame from vFrameID : 546
Tcw:
[0.98982179, -0.0075887819, -0.14210993, 1.039636;
 -0.12822115, 0.38568005, -0.91367948, -0.5243625;
 0.061742682, 0.9226014, 0.38078147, 1.7047863;
 0, 0, 0, 1]
Twc:
[0.98982179, -0.12822115, 0.061742682, -1.2015468;
 -0.0075887819, 0.38568005, 0.9226014, -1.3627124;
 -0.14210993, -0.91367948, 0.38078147, -0.98050773;
 0, 0, 0, 1]
Ow:
[1.039636;
 -0.5243625;
 1.7047863]
Keyframe: 51 Frame: 553 Frame from vFrameID : 554
Tcw:
[0.98705745, -0.013935531, -0.15976034, 1.0345595;
 -0.1424875, 0.38091341, -0.9135657, -0.51730072;
 0.073585883, 0.92450571, 0.37399778, 1.7739327;
 0, 0, 0, 1]
Twc:
[0.98705745, -0.1424875, 0.073585883, -1.225415;
 -0.013935531, 0.38091341, 0.92450571, -1.4285469;
 -0.15976034, -0.9135657, 0.37399778, -0.97075349;
 0, 0, 0, 1]
Ow:
[1.0345595;
 -0.51730072;
 1.7739327]
Keyframe: 52 Frame: 561 Frame from vFrameID : 562
Tcw:
[0.99474937, 0.0038969363, -0.102267, 1.0456359;
 -0.096360423, 0.37226471, -0.92311084, -0.53993219;
 0.034473091, 0.92811841, 0.37068561, 1.8281523;
 0, 0, 0, 1]
Twc:
[0.99474937, -0.096360423, 0.034473091, -1.1551957;
 0.0038969363, 0.37226471, 0.92811841, -1.4998188;
 -0.102267, -0.92311084, 0.37068561, -1.069153;
 0, 0, 0, 1]
Ow:
[1.0456359;
 -0.53993219;
 1.8281523]
Keyframe: 53 Frame: 569 Frame from vFrameID : 570
Tcw:
[0.99472612, -0.0024599307, -0.10253713, 1.0475981;
 -0.094684072, 0.36231312, -0.92723465, -0.54499125;
 0.039431479, 0.93205321, 0.36016941, 1.8895723;
 0, 0, 0, 1]
Twc:
[0.99472612, -0.094684072, 0.039431479, -1.1681839;
 -0.0024599307, 0.36231312, 0.93205321, -1.5611473;
 -0.10253713, -0.92723465, 0.36016941, -1.0784832;
 0, 0, 0, 1]
Ow:
[1.0475981;
 -0.54499125;
 1.8895723]
Keyframe: 54 Frame: 576 Frame from vFrameID : 577
Tcw:
[0.98829061, -0.014767377, -0.15186708, 1.0828034;
 -0.13750885, 0.34515971, -0.92841589, -0.55502832;
 0.066128664, 0.93842781, 0.33908746, 1.9434034;
 0, 0, 0, 1]
Twc:
[0.98829061, -0.13750885, 0.066128664, -1.2749604;
 -0.014767377, 0.34515971, 0.93842781, -1.6161801;
 -0.15186708, -0.92841589, 0.33908746, -1.0098386;
 0, 0, 0, 1]
Ow:
[1.0828034;
 -0.55502832;
 1.9434034]
Keyframe: 55 Frame: 582 Frame from vFrameID : 583
Tcw:
[0.98889029, -0.021664631, -0.14705998, 1.0859627;
 -0.12917739, 0.36424538, -0.92230064, -0.55757701;
 0.073547222, 0.93105102, 0.35740015, 1.9591819;
 0, 0, 0, 1]
Twc:
[0.98889029, -0.12917739, 0.073547222, -1.2900167;
 -0.021664631, 0.36424538, 0.93105102, -1.5974764;
 -0.14705998, -0.92230064, 0.35740015, -1.0547639;
 0, 0, 0, 1]
Ow:
[1.0859627;
 -0.55757701;
 1.9591819]
Keyframe: 56 Frame: 588 Frame from vFrameID : 589
Tcw:
[0.99009007, -0.023101399, -0.13852075, 1.0933194;
 -0.12092552, 0.36128926, -0.92457944, -0.56308711;
 0.071405135, 0.93216759, 0.35491535, 1.9997702;
 0, 0, 0, 1]
Twc:
[0.99009007, -0.12092552, 0.071405135, -1.2933702;
 -0.023101399, 0.36128926, 0.93216759, -1.6354265;
 -0.13852075, -0.92457944, 0.35491535, -1.0789205;
 0, 0, 0, 1]
Ow:
[1.0933194;
 -0.56308711;
 1.9997702]
Keyframe: 57 Frame: 596 Frame from vFrameID : 597
Tcw:
[0.99435514, -0.019350788, -0.1043233, 1.1001745;
 -0.090122364, 0.36488369, -0.9266811, -0.57315356;
 0.055997878, 0.930852, 0.36108005, 2.0338483;
 0, 0, 0, 1]
Twc:
[0.99435514, -0.090122364, 0.055997878, -1.2595094;
 -0.019350788, 0.36488369, 0.930852, -1.662788;
 -0.1043233, -0.9266811, 0.36108005, -1.1507387;
 0, 0, 0, 1]
Ow:
[1.1001745;
 -0.57315356;
 2.0338483]
Keyframe: 58 Frame: 603 Frame from vFrameID : 604
Tcw:
[0.99362028, -0.019886261, -0.1110104, 1.1049938;
 -0.095338374, 0.37770206, -0.92100585, -0.57591885;
 0.060244221, 0.9257136, 0.37339649, 2.0637283;
 0, 0, 0, 1]
Twc:
[0.99362028, -0.095338374, 0.060244221, -1.2771791;
 -0.019886261, 0.37770206, 0.9257136, -1.6709214;
 -0.1110104, -0.92100585, 0.37339649, -1.1783477;
 0, 0, 0, 1]
Ow:
[1.1049938;
 -0.57591885;
 2.0637283]
Keyframe: 59 Frame: 610 Frame from vFrameID : 611
Tcw:
[0.99017417, -0.029306922, -0.1367341, 1.1250366;
 -0.11688241, 0.36334518, -0.9242937, -0.58961242;
 0.076769881, 0.93119353, 0.35634956, 2.1095495;
 0, 0, 0, 1]
Twc:
[0.99017417, -0.11688241, 0.076769881, -1.3448474;
 -0.029306922, 0.36334518, 0.93119353, -1.7171948;
 -0.1367341, -0.9242937, 0.35634956, -1.1428812;
 0, 0, 0, 1]
Ow:
[1.1250366;
 -0.58961242;
 2.1095495]
Keyframe: 60 Frame: 619 Frame from vFrameID : 620
Tcw:
[0.99057913, -0.029837867, -0.1336512, 1.120852;
 -0.11215075, 0.38328823, -0.9167946, -0.60188657;
 0.078582123, 0.92314672, 0.37633097, 2.1399682;
 0, 0, 0, 1]
Twc:
[0.99057913, -0.11215075, 0.078582123, -1.3459579;
 -0.029837867, 0.38328823, 0.92314672, -1.7113647;
 -0.1336512, -0.9167946, 0.37633097, -1.2073395;
 0, 0, 0, 1]
Ow:
[1.120852;
 -0.60188657;
 2.1399682]
Keyframe: 61 Frame: 626 Frame from vFrameID : 627
Tcw:
[0.99208307, -0.04348997, -0.11781252, 1.1185429;
 -0.092594646, 0.38043225, -0.92016166, -0.60026962;
 0.084837489, 0.92378563, 0.37339348, 2.1674099;
 0, 0, 0, 1]
Twc:
[0.99208307, -0.092594646, 0.084837489, -1.3491468;
 -0.04348997, 0.38043225, 0.92378563, -1.7252148;
 -0.11781252, -0.92016166, 0.37339348, -1.2298634;
 0, 0, 0, 1]
Ow:
[1.1185429;
 -0.60026962;
 2.1674099]
Keyframe: 62 Frame: 633 Frame from vFrameID : 634
Tcw:
[0.9883424, -0.045387961, -0.14532466, 1.1365881;
 -0.11693686, 0.38493973, -0.9155038, -0.59323704;
 0.097494088, 0.92182499, 0.37514472, 2.1960244;
 0, 0, 0, 1]
Twc:
[0.9883424, -0.11693686, 0.097494088, -1.4068089;
 -0.045387961, 0.38493973, 0.92182499, -1.7444023;
 -0.14532466, -0.9155038, 0.37514472, -1.2017635;
 0, 0, 0, 1]
Ow:
[1.1365881;
 -0.59323704;
 2.1960244]
Keyframe: 63 Frame: 642 Frame from vFrameID : 643
Tcw:
[0.98950869, -0.040099636, -0.13879709, 1.0797879;
 -0.11468835, 0.3662146, -0.92343569, -0.53995204;
 0.087858953, 0.92966598, 0.35777354, 2.236316;
 0, 0, 0, 1]
Twc:
[0.98950869, -0.11468835, 0.087858953, -1.3268659;
 -0.040099636, 0.3662146, 0.92966598, -1.8379896;
 -0.13879709, -0.92343569, 0.35777354, -1.1488343;
 0, 0, 0, 1]
Ow:
[1.0797879;
 -0.53995204;
 2.236316]
Keyframe: 64 Frame: 650 Frame from vFrameID : 651
Tcw:
[0.99665892, -0.032136053, -0.075088248, 1.0643693;
 -0.060139082, 0.33332554, -0.9408918, -0.51890343;
 0.055265378, 0.94226396, 0.33027923, 2.2953811;
 0, 0, 0, 1]
Twc:
[0.99665892, -0.060139082, 0.055265378, -1.2188747;
 -0.032136053, 0.33332554, 0.94226396, -1.9556865;
 -0.075088248, -0.9408918, 0.33027923, -1.166427;
 0, 0, 0, 1]
Ow:
[1.0643693;
 -0.51890343;
 2.2953811]
Keyframe: 65 Frame: 659 Frame from vFrameID : 660
Tcw:
[0.99960637, 0.027787438, -0.0038704143, 1.034801;
 -0.013213623, 0.34459546, -0.9386583, -0.48382908;
 -0.024749182, 0.93833995, 0.344827, 2.325325;
 0, 0, 0, 1]
Twc:
[0.99960637, -0.013213623, -0.024749182, -0.98323691;
 0.027787438, 0.34459546, 0.93833995, -2.0439744;
 -0.0038704143, -0.9386583, 0.344827, -1.2519798;
 0, 0, 0, 1]
Ow:
[1.034801;
 -0.48382908;
 2.325325]
Keyframe: 66 Frame: 667 Frame from vFrameID : 668
Tcw:
[0.99870473, 0.0033026387, -0.050773926, 1.0457969;
 -0.048845056, 0.34170178, -0.93853825, -0.48081154;
 0.014249887, 0.93980265, 0.3414205, 2.3537192;
 0, 0, 0, 1]
Twc:
[0.99870473, -0.048845056, 0.014249887, -1.1014677;
 0.0033026387, 0.34170178, 0.93980265, -2.0511911;
 -0.050773926, -0.93853825, 0.3414205, -1.2017688;
 0, 0, 0, 1]
Ow:
[1.0457969;
 -0.48081154;
 2.3537192]
Keyframe: 67 Frame: 676 Frame from vFrameID : 677
Tcw:
[0.99874598, -0.00010240036, -0.050064303, 1.0055763;
 -0.046393495, 0.37396684, -0.92628098, -0.4889167;
 0.018817242, 0.92744207, 0.37349313, 2.3651352;
 0, 0, 0, 1]
Twc:
[0.99874598, -0.046393495, 0.018817242, -1.0715032;
 -0.00010240036, 0.37396684, 0.92744207, -2.0105844;
 -0.050064303, -0.92628098, 0.37349313, -1.2858926;
 0, 0, 0, 1]
Ow:
[1.0055763;
 -0.4889167;
 2.3651352]
Keyframe: 68 Frame: 684 Frame from vFrameID : 685
Tcw:
[0.99991298, -0.011981471, -0.0055174739, 0.97460645;
 -0.00065953506, 0.37234616, -0.92809367, -0.44076896;
 0.013174338, 0.9280166, 0.37230587, 2.3877227;
 0, 0, 0, 1]
Twc:
[0.99991298, -0.00065953506, 0.013174338, -1.0062691;
 -0.011981471, 0.37234616, 0.9280166, -2.0400505;
 -0.0055174739, -0.92809367, 0.37230587, -1.2926607;
 0, 0, 0, 1]
Ow:
[0.97460645;
 -0.44076896;
 2.3877227]
Keyframe: 69 Frame: 692 Frame from vFrameID : 693
Tcw:
[0.99807936, -4.475988e-05, 0.061948728, 0.83419168;
 0.057079036, 0.3893005, -0.91934061, -0.38261271;
 -0.024075521, 0.92111081, 0.38855535, 2.3889554;
 0, 0, 0, 1]
Twc:
[0.99807936, 0.057079036, -0.024075521, -0.75323492;
 -4.475988e-05, 0.3893005, 0.92111081, -2.0515039;
 0.061948728, -0.91934061, 0.38855535, -1.3316697;
 0, 0, 0, 1]
Ow:
[0.83419168;
 -0.38261271;
 2.3889554]
Keyframe: 70 Frame: 701 Frame from vFrameID : 702
Tcw:
[0.99998146, -0.005079756, -0.0033504819, 0.85824758;
 -0.0011411232, 0.3842904, -0.92321157, -0.3772074;
 0.0059772474, 0.92319828, 0.38427749, 2.4302197;
 0, 0, 0, 1]
Twc:
[0.99998146, -0.0011411232, 0.0059772474, -0.8731882;
 -0.005079756, 0.3842904, 0.92319828, -2.0942578;
 -0.0033504819, -0.92321157, 0.38427749, -1.2792454;
 0, 0, 0, 1]
Ow:
[0.85824758;
 -0.3772074;
 2.4302197]
Keyframe: 71 Frame: 709 Frame from vFrameID : 710
Tcw:
[0.99901497, 0.02783474, 0.034558412, 0.85250747;
 0.021564998, 0.37610063, -0.92632782, -0.3646996;
 -0.038781535, 0.92616063, 0.37512991, 2.4346504;
 0, 0, 0, 1]
Twc:
[0.99901497, 0.021564998, -0.038781535, -0.74938351;
 0.02783474, 0.37610063, 0.92616063, -2.141443;
 0.034558412, -0.92632782, 0.37512991, -1.2806029;
 0, 0, 0, 1]
Ow:
[0.85250747;
 -0.3646996;
 2.4346504]
Keyframe: 72 Frame: 717 Frame from vFrameID : 718
Tcw:
[0.99771023, 0.037823986, 0.05606873, 0.8587358;
 0.038954314, 0.35632831, -0.93354845, -0.37134409;
 -0.055289399, 0.93359494, 0.35403898, 2.4638796;
 0, 0, 0, 1]
Twc:
[0.99771023, 0.038954314, -0.055289399, -0.70607758;
 0.037823986, 0.35632831, 0.93359494, -2.2004259;
 0.05606873, -0.93354845, 0.35403898, -1.2671252;
 0, 0, 0, 1]
Ow:
[0.8587358;
 -0.37134409;
 2.4638796]
Keyframe: 73 Frame: 726 Frame from vFrameID : 727
Tcw:
[0.99939972, 0.01008562, 0.033143733, 0.88800347;
 0.027391963, 0.35569367, -0.93420112, -0.35554886;
 -0.021211013, 0.9345482, 0.35520387, 2.4969168;
 0, 0, 0, 1]
Twc:
[0.99939972, 0.027391963, -0.021211013, -0.82476902;
 0.01008562, 0.35569367, 0.9345482, -2.2159786;
 0.033143733, -0.93420112, 0.35520387, -1.2485005;
 0, 0, 0, 1]
Ow:
[0.88800347;
 -0.35554886;
 2.4969168]
Keyframe: 74 Frame: 733 Frame from vFrameID : 734
Tcw:
[0.9991951, 0.017510336, 0.036090869, 0.89027828;
 0.027928459, 0.34216619, -0.9392243, -0.39109051;
 -0.028795209, 0.93947631, 0.34140173, 2.5272932;
 0, 0, 0, 1]
Twc:
[0.9991951, 0.027928459, -0.028795209, -0.80586517;
 0.017510336, 0.34216619, 0.93947631, -2.256103;
 0.036090869, -0.9392243, 0.34140173, -1.2622749;
 0, 0, 0, 1]
Ow:
[0.89027828;
 -0.39109051;
 2.5272932]
Keyframe: 75 Frame: 743 Frame from vFrameID : 744
Tcw:
[0.99875849, 0.037857711, 0.032376043, 0.904688;
 0.017537883, 0.3410936, -0.93986571, -0.40173972;
 -0.04662443, 0.93926668, 0.3400062, 2.5667906;
 0, 0, 0, 1]
Twc:
[0.99875849, 0.017537883, -0.04662443, -0.77684408;
 0.037857711, 0.3410936, 0.93926668, -2.3081193;
 0.032376043, -0.93986571, 0.3400062, -1.2795962;
 0, 0, 0, 1]
Ow:
[0.904688;
 -0.40173972;
 2.5667906]
Keyframe: 76 Frame: 751 Frame from vFrameID : 752
Tcw:
[0.99727708, 0.038811278, 0.06270647, 0.91622835;
 0.045408562, 0.34681955, -0.93683201, -0.42741978;
 -0.058107477, 0.93712854, 0.34411284, 2.5942287;
 0, 0, 0, 1]
Twc:
[0.99727708, 0.045408562, -0.058107477, -0.74358094;
 0.038811278, 0.34681955, 0.93712854, -2.3184481;
 0.06270647, -0.93683201, 0.34411284, -1.3505814;
 0, 0, 0, 1]
Ow:
[0.91622835;
 -0.42741978;
 2.5942287]
Keyframe: 77 Frame: 760 Frame from vFrameID : 761
Tcw:
[0.99945843, 0.022312459, 0.024185969, 0.93091857;
 0.014704687, 0.35468891, -0.93486875, -0.45240825;
 -0.029437715, 0.93471807, 0.35416874, 2.6191273;
 0, 0, 0, 1]
Twc:
[0.99945843, 0.014704687, -0.029437715, -0.84666085;
 0.022312459, 0.35468891, 0.93471807, -2.3084528;
 0.024185969, -0.93486875, 0.35416874, -1.3730706;
 0, 0, 0, 1]
Ow:
[0.93091857;
 -0.45240825;
 2.6191273]
Keyframe: 78 Frame: 769 Frame from vFrameID : 770
Tcw:
[0.99962187, 0.00099346065, -0.027480084, 0.96235102;
 -0.025858795, 0.37384617, -0.92713016, -0.44353241;
 0.0093522575, 0.92749017, 0.37373048, 2.6429386;
 0, 0, 0, 1]
Twc:
[0.99962187, -0.025858795, 0.0093522575, -0.99817377;
 0.00099346065, 0.37384617, 0.92749017, -2.2864428;
 -0.027480084, -0.92713016, 0.37373048, -1.3725135;
 0, 0, 0, 1]
Ow:
[0.96235102;
 -0.44353241;
 2.6429386]
Keyframe: 79 Frame: 778 Frame from vFrameID : 779
Tcw:
[0.99983692, 0.01627454, 0.0078268675, 0.9710654;
 0.0013316126, 0.36578891, -0.9306969, -0.45863438;
 -0.018009644, 0.93055552, 0.36570758, 2.6725719;
 0, 0, 0, 1]
Twc:
[0.99983692, 0.0013316126, -0.018009644, -0.92216426;
 0.01627454, 0.36578891, 0.93055552, -2.3350167;
 0.0078268675, -0.9306969, 0.36570758, -1.4118297;
 0, 0, 0, 1]
Ow:
[0.9710654;
 -0.45863438;
 2.6725719]
Keyframe: 80 Frame: 787 Frame from vFrameID : 788
Tcw:
[0.99887925, 0.035545934, 0.031253103, 0.98701954;
 0.015579361, 0.37659028, -0.92624891, -0.4580611;
 -0.044693999, 0.92569768, 0.37561443, 2.7075198;
 0, 0, 0, 1]
Twc:
[0.99887925, 0.015579361, -0.044693999, -0.85776716;
 0.035545934, 0.37659028, 0.92569768, -2.368928;
 0.031253103, -0.92624891, 0.37561443, -1.4721094;
 0, 0, 0, 1]
Ow:
[0.98701954;
 -0.4580611;
 2.7075198]
Keyframe: 81 Frame: 795 Frame from vFrameID : 796
Tcw:
[0.9997021, 0.018026728, -0.016452964, 1.0000554;
 -0.02185151, 0.36083636, -0.93237311, -0.47541696;
 -0.010870809, 0.93245488, 0.36112279, 2.7387812;
 0, 0, 0, 1]
Twc:
[0.9997021, -0.02185151, -0.010870809, -0.98037338;
 0.018026728, 0.36083636, 0.93245488, -2.4002702;
 -0.016452964, -0.93237311, 0.36112279, -1.4158485;
 0, 0, 0, 1]
Ow:
[1.0000554;
 -0.47541696;
 2.7387812]
Keyframe: 82 Frame: 801 Frame from vFrameID : 802
Tcw:
[0.99966532, 0.0035041859, -0.025630932, 1.016205;
 -0.025052808, 0.37810475, -0.9254238, -0.47903484;
 0.0064483196, 0.92575622, 0.378066, 2.7526951;
 0, 0, 0, 1]
Twc:
[0.99966532, -0.025052808, 0.0064483196, -1.0456164;
 0.0035041859, 0.37810475, 0.92575622, -2.37076;
 -0.025630932, -0.9254238, 0.378066, -1.4579643;
 0, 0, 0, 1]
Ow:
[1.016205;
 -0.47903484;
 2.7526951]
Keyframe: 83 Frame: 808 Frame from vFrameID : 809
Tcw:
[0.99965954, 0.024021251, 0.010189001, 1.0179919;
 0.0010932478, 0.35158864, -0.93615395, -0.49463999;
 -0.026069926, 0.93584639, 0.35144266, 2.7845752;
 0, 0, 0, 1]
Twc:
[0.99965954, 0.0010932478, -0.026069926, -0.94451082;
 0.024021251, 0.35158864, 0.93584639, -2.4564784;
 0.010189001, -0.93615395, 0.35144266, -1.4520501;
 0, 0, 0, 1]
Ow:
[1.0179919;
 -0.49463999;
 2.7845752]
Keyframe: 84 Frame: 815 Frame from vFrameID : 816
Tcw:
[0.99661994, 0.05235349, 0.063307397, 1.0189764;
 0.039335325, 0.37242872, -0.92722684, -0.50864547;
 -0.072121054, 0.92658293, 0.36911055, 2.7963884;
 0, 0, 0, 1]
Twc:
[0.99661994, 0.039335325, -0.072121054, -0.79384601;
 0.05235349, 0.37242872, 0.92658293, -2.4549987;
 0.063307397, -0.92722684, 0.36911055, -1.5683149;
 0, 0, 0, 1]
Ow:
[1.0189764;
 -0.50864547;
 2.7963884]
Keyframe: 85 Frame: 822 Frame from vFrameID : 823
Tcw:
[0.99772751, 0.04415112, 0.050896768, 1.0326517;
 0.030728027, 0.37410033, -0.92687905, -0.50777048;
 -0.059963249, 0.92633665, 0.37189353, 2.8239396;
 0, 0, 0, 1]
Twc:
[0.99772751, 0.030728027, -0.059963249, -0.8453697;
 0.04415112, 0.37410033, 0.92633665, -2.4715543;
 0.050896768, -0.92687905, 0.37189353, -1.5734051;
 0, 0, 0, 1]
Ow:
[1.0326517;
 -0.50777048;
 2.8239396]
Keyframe: 86 Frame: 830 Frame from vFrameID : 831
Tcw:
[0.99978578, 0.018541185, -0.0091996966, 1.0585672;
 -0.015382927, 0.36823702, -0.92960465, -0.50979477;
 -0.013848303, 0.92954707, 0.36844337, 2.8498244;
 0, 0, 0, 1]
Twc:
[0.99978578, -0.015382927, -0.013848303, -1.0267172;
 0.018541185, 0.36823702, 0.92954707, -2.4809477;
 -0.0091996966, -0.92960465, 0.36844337, -1.514168;
 0, 0, 0, 1]
Ow:
[1.0585672;
 -0.50979477;
 2.8498244]
Keyframe: 87 Frame: 838 Frame from vFrameID : 839
Tcw:
[0.99976122, 0.015319513, -0.015583688, 1.0694904;
 -0.020193055, 0.37504202, -0.92678785, -0.51616865;
 -0.008353401, 0.92688119, 0.37526181, 2.8780632;
 0, 0, 0, 1]
Twc:
[0.99976122, -0.020193055, -0.008353401, -1.0556164;
 0.015319513, 0.37504202, 0.92688119, -2.490422;
 -0.015583688, -0.92678785, 0.37526181, -1.5417395;
 0, 0, 0, 1]
Ow:
[1.0694904;
 -0.51616865;
 2.8780632]
Keyframe: 88 Frame: 846 Frame from vFrameID : 847
Tcw:
[0.99829644, 0.021408144, 0.05427577, 1.0812615;
 0.042716596, 0.36547121, -0.929842, -0.52222419;
 -0.039742421, 0.93057644, 0.36393413, 2.903214;
 0, 0, 0, 1]
Twc:
[0.99829644, 0.042716596, -0.039742421, -0.94173121;
 0.021408144, 0.36547121, 0.93057644, -2.5339525;
 0.05427577, -0.929842, 0.36393413, -1.6008509;
 0, 0, 0, 1]
Ow:
[1.0812615;
 -0.52222419;
 2.903214]
Keyframe: 89 Frame: 854 Frame from vFrameID : 855
Tcw:
[0.99842912, 0.022785118, 0.051187035, 1.0971811;
 0.038931426, 0.37488735, -0.92625254, -0.52458394;
 -0.040294148, 0.92679036, 0.37341139, 2.9337189;
 0, 0, 0, 1]
Twc:
[0.99842912, 0.038931426, -0.040294148, -0.95682305;
 0.022785118, 0.37488735, 0.92679036, -2.5472817;
 0.051187035, -0.92625254, 0.37341139, -1.6375427;
 0, 0, 0, 1]
Ow:
[1.0971811;
 -0.52458394;
 2.9337189]
Keyframe: 90 Frame: 862 Frame from vFrameID : 863
Tcw:
[0.99991226, -0.0067750281, -0.011384914, 1.1183369;
 -0.0081434445, 0.3635233, -0.93154949, -0.52907765;
 0.010449955, 0.93156046, 0.36343622, 2.9609747;
 0, 0, 0, 1]
Twc:
[0.99991226, -0.0081434445, 0.010449955, -1.1534894;
 -0.0067750281, 0.3635233, 0.93156046, -2.558418;
 -0.011384914, -0.93154949, 0.36343622, -1.5562553;
 0, 0, 0, 1]
Ow:
[1.1183369;
 -0.52907765;
 2.9609747]
Keyframe: 91 Frame: 870 Frame from vFrameID : 871
Tcw:
[0.99921173, -0.0097298669, -0.038486477, 1.1284508;
 -0.032025024, 0.37532163, -0.92634124, -0.53910667;
