Keyframe: 0 Frame: 0 Frame from vFrameID : 54
Tcw:
[0.99971962, -0.021477044, -0.0099684251, 0.021256149;
 0.00020884682, 0.428987, -0.90331066, 0.024164714;
 0.023676766, 0.90305531, 0.42887121, -0.15669353;
 0, 0, 0, 1]
Twc:
[0.99971962, 0.00020884682, 0.023676766, -0.01754524;
 -0.021477044, 0.428987, 0.90305531, 0.13159311;
 -0.0099684251, -0.90331066, 0.42887121, 0.089241475;
 0, 0, 0, 1]
Ow:
[0.021256149;
 0.024164714;
 -0.15669353]
Keyframe: 1 Frame: 99 Frame from vFrameID : 54
Tcw:
[0.99978632, -0.019350659, -0.0072741089, 0.001947395;
 0.0015952492, 0.42303762, -0.9061107, 0.00084595144;
 0.020611061, 0.90590549, 0.42297807, -0.0014829729;
 0, 0, 0, 1]
Twc:
[0.99978632, 0.0015952492, 0.020611061, -0.0019177627;
 -0.019350659, 0.42303762, 0.90590549, 0.0010232473;
 -0.0072741089, -0.9061107, 0.42297807, 0.0014079562;
 0, 0, 0, 1]
Ow:
[0.001947395;
 0.00084595144;
 -0.0014829729]
