Keyframe: 0 Frame: 0 Frame from vFrameID : 54
Tcw:
[0.99939477, -0.026481805, -0.022556897, 0.031011466;
 -0.008552162, 0.44149488, -0.897223, 0.022970222;
 0.033718839, 0.89687288, 0.44100121, -0.1545091;
 0, 0, 0, 1]
Twc:
[0.99939477, -0.008552162, 0.033718839, -0.025586385;
 -0.026481805, 0.44149488, 0.89687288, 0.12925503;
 -0.022556897, -0.897223, 0.44100121, 0.089447632;
 0, 0, 0, 1]
Ow:
[0.031011466;
 0.022970222;
 -0.1545091]
Keyframe: 1 Frame: 96 Frame from vFrameID : 54
Tcw:
[0.99955803, -0.023487762, -0.01822222, inf;
 -0.0061833141, 0.43530029, -0.90026408, -nan;
 0.029077325, 0.89997888, 0.43496269, -nan;
 0, 0, 0, 1]
Twc:
[0.99955803, -0.0061833141, 0.029077325, -inf;
 -0.023487762, 0.43530029, 0.89997888, inf;
 -0.01822222, -0.90026408, 0.43496269, inf;
 0, 0, 0, 1]
Ow:
[inf;
 -nan;
 -nan]
