Keyframe: 0 Frame: 0 Frame from vFrameID : 54
Tcw:
[0.99993235, -0.011453206, 0.0020276264, 0.0021600598;
 0.0068174237, 0.43587217, -0.89998275, 0.028353531;
 0.0094239023, 0.89993572, 0.43592075, -0.16040832;
 0, 0, 0, 1]
Twc:
[0.99993235, 0.0068174237, 0.0094239023, -0.00084153935;
 -0.011453206, 0.43587217, 0.89993572, 0.13202339;
 0.0020276264, -0.89998275, 0.43592075, 0.095438629;
 0, 0, 0, 1]
Ow:
[0.0021600598;
 0.028353531;
 -0.16040832]
Keyframe: 1 Frame: 110 Frame from vFrameID : 54
Tcw:
[0.99997431, -0.0042061843, 0.0058025634, -0.004590218;
 0.0070501217, 0.43189502, -0.9018963, 0.0041955593;
 0.0012874438, 0.90191406, 0.43191358, 0.014170926;
 0, 0, 0, 1]
Twc:
[0.99997431, 0.0070501217, 0.0012874438, 0.0045422767;
 -0.0042061843, 0.43189502, 0.90191406, -0.014612306;
 0.0058025634, -0.9018963, 0.43191358, -0.0023100208;
 0, 0, 0, 1]
Ow:
[-0.004590218;
 0.0041955593;
 0.014170926]
