Keyframe: 0 Frame: 0 Frame from vFrameID : 54
Tcw:
[0.99942291, -0.029687915, -0.016506553, 0.023237953;
 -0.002893416, 0.40977147, -0.91218364, 0.014632944;
 0.033844743, 0.91170496, 0.4094491, -0.12037799;
 0, 0, 0, 1]
Twc:
[0.99942291, -0.002893416, 0.033844743, -0.01910804;
 -0.029687915, 0.40977147, 0.91170496, 0.10444294;
 -0.016506553, -0.91218364, 0.4094491, 0.06302017;
 0, 0, 0, 1]
Ow:
[0.023237953;
 0.014632944;
 -0.12037799]
Keyframe: 1 Frame: 66 Frame from vFrameID : 54
Tcw:
[0.99950123, -0.031274527, -0.0043766228, 0.009238366;
 0.0090278247, 0.41578567, -0.90941781, -0.0009031574;
 0.030261351, 0.90892476, 0.41586065, -0.00017326389;
 0, 0, 0, 1]
Twc:
[0.99950123, 0.0090278247, 0.030261351, -0.0092203617;
 -0.031274527, 0.41578567, 0.90892476, 0.00082192925;
 -0.0043766228, -0.90941781, 0.41586065, -0.00070886093;
 0, 0, 0, 1]
Ow:
[0.009238366;
 -0.0009031574;
 -0.00017326389]
