Keyframe: 0 Frame: 0 Frame from vFrameID : 54
Tcw:
[0.99978554, 0.019938739, -0.0055976342, 0.011064148;
 -0.013564228, 0.42621246, -0.90452141, 0.031483255;
 -0.015649235, 0.90440333, 0.42639151, -0.18571296;
 0, 0, 0, 1]
Twc:
[0.99978554, -0.013564228, -0.015649235, -0.013540994;
 0.019938739, 0.42621246, 0.90440333, 0.15432027;
 -0.0055976342, -0.90452141, 0.42639151, 0.10772564;
 0, 0, 0, 1]
Ow:
[0.011064148;
 0.031483255;
 -0.18571296]
Keyframe: 1 Frame: 123 Frame from vFrameID : 54
Tcw:
[0.99978745, 0.01983067, -0.0056350166, -nan;
 -0.013554359, 0.42635256, -0.90445554, -nan;
 -0.015533455, 0.90433967, 0.42653072, -inf;
 0, 0, 0, 1]
Twc:
[0.99978745, -0.013554359, -0.015533455, -inf;
 0.01983067, 0.42635256, 0.90433967, inf;
 -0.0056350166, -0.90445554, 0.42653072, inf;
 0, 0, 0, 1]
Ow:
[-nan;
 -nan;
 -inf]
