Keyframe: 0 Frame: 0 Frame from vFrameID : 54
Tcw:
[0.99991888, 0.011308029, 0.0058660447, 0.0058976235;
 0.00043567416, 0.42985407, -0.90289825, 0.029800724;
 -0.012731544, 0.90282756, 0.42981428, -0.17321756;
 0, 0, 0, 1]
Twc:
[0.99991888, 0.00043567416, -0.012731544, -0.0081154555;
 0.011308029, 0.42985407, 0.90282756, 0.14350894;
 0.0058660447, -0.90289825, 0.42981428, 0.10132381;
 0, 0, 0, 1]
Ow:
[0.0058976235;
 0.029800724;
 -0.17321756]
Keyframe: 1 Frame: 117 Frame from vFrameID : 54
Tcw:
[0.99925429, 0.038602047, 0.00090024591, 4.2536209e-05;
 -0.015395887, 0.4197033, -0.90753078, 0.00019217702;
 -0.035410382, 0.90684015, 0.41998461, -0.0011243076;
 0, 0, 0, 1]
Twc:
[0.99925429, -0.015395887, -0.035410382, -7.9357909e-05;
 0.038602047, 0.4197033, 0.90684015, 0.00093726796;
 0.00090024591, -0.90753078, 0.41998461, 0.00064656016;
 0, 0, 0, 1]
Ow:
[4.2536209e-05;
 0.00019217702;
 -0.0011243076]
