Keyframe: 0 Frame: 0 Frame from vFrameID : 54
Tcw:
[0.99997139, 0.00039375687, -0.0075527159, 0.02938804;
 -0.0070387851, 0.413766, -0.91035604, 0.018637344;
 0.002766598, 0.91038316, 0.41375694, -0.13290295;
 0, 0, 0, 1]
Twc:
[0.99997139, -0.0070387851, 0.002766598, -0.028888328;
 0.00039375687, 0.413766, 0.91038316, 0.11326954;
 -0.0075527159, -0.91035604, 0.41375694, 0.072178096;
 0, 0, 0, 1]
Ow:
[0.02938804;
 0.018637344;
 -0.13290295]
Keyframe: 1 Frame: 78 Frame from vFrameID : 54
Tcw:
[0.99995863, -0.0020607468, -0.0088571124, 0.0005463041;
 -0.0072800759, 0.40224734, -0.91550207, -0.00074785796;
 0.0054493677, 0.91552871, 0.40221569, 0.0036265955;
 0, 0, 0, 1]
Twc:
[0.99995863, -0.0072800759, 0.0054493677, -0.00057148864;
 -0.0020607468, 0.40224734, 0.91552871, -0.0030183024;
 -0.0088571124, -0.91550207, 0.40221569, -0.0021385006;
 0, 0, 0, 1]
Ow:
[0.0005463041;
 -0.00074785796;
 0.0036265955]
