Keyframe: 0 Frame: 0 Frame from vFrameID : 54
Tcw:
[0.9999584, 0.002681057, 0.0087174848, 0.0023924424;
 0.0066611702, 0.43820053, -0.89885259, 0.029656902;
 -0.0062298817, 0.89887327, 0.43816444, -0.16544132;
 0, 0, 0, 1]
Twc:
[0.9999584, 0.0066611702, -0.0062298817, -0.0036205724;
 0.002681057, 0.43820053, 0.89887327, 0.13570869;
 0.0087174848, -0.89885259, 0.43816444, 0.099126831;
 0, 0, 0, 1]
Ow:
[0.0023924424;
 0.029656902;
 -0.16544132]
Keyframe: 1 Frame: 114 Frame from vFrameID : 54
Tcw:
[0.99994892, 0.0065272953, 0.0077176946, -nan;
 0.0040883073, 0.43711397, -0.89939684, -nan;
 -0.0092441412, 0.89938241, 0.43706498, -inf;
 0, 0, 0, 1]
Twc:
[0.99994892, 0.0040883073, -0.0092441412, -inf;
 0.0065272953, 0.43711397, 0.89938241, inf;
 0.0077176946, -0.89939684, 0.43706498, inf;
 0, 0, 0, 1]
Ow:
[-nan;
 -nan;
 -inf]
