Keyframe: 0 Frame: 0 Frame from vFrameID : 54
Tcw:
[0.99932814, -0.027988832, -0.02366221, 0.035487965;
 -0.0088742543, 0.44162068, -0.89715797, 0.023745921;
 0.035560124, 0.89676517, 0.44107559, -0.15510148;
 0, 0, 0, 1]
Twc:
[0.99932814, -0.0088742543, 0.035560124, -0.029737968;
 -0.027988832, 0.44162068, 0.89676517, 0.12959617;
 -0.02366221, -0.89715797, 0.44107559, 0.090555042;
 0, 0, 0, 1]
Ow:
[0.035487965;
 0.023745921;
 -0.15510148]
Keyframe: 1 Frame: 93 Frame from vFrameID : 54
Tcw:
[0.99936676, -0.027081607, -0.023078773, inf;
 -0.008659075, 0.44401059, -0.8959797, -nan;
 0.03451179, 0.89561218, 0.44349492, -nan;
 0, 0, 0, 1]
Twc:
[0.99936676, -0.008659075, 0.03451179, -inf;
 -0.027081607, 0.44401059, 0.89561218, inf;
 -0.023078773, -0.8959797, 0.44349492, inf;
 0, 0, 0, 1]
Ow:
[inf;
 -nan;
 -nan]
