Keyframe: 0 Frame: 0 Frame from vFrameID : 54
Tcw:
[0.99947017, -0.021291872, -0.024617447, 0.038777921;
 -0.012892407, 0.43549663, -0.90009803, 0.022712987;
 0.029885588, 0.89993852, 0.43499136, -0.15199441;
 0, 0, 0, 1]
Twc:
[0.99947017, -0.012892407, 0.029885588, -0.03392211;
 -0.021291872, 0.43549663, 0.89993852, 0.12771985;
 -0.024617447, -0.90009803, 0.43499136, 0.087514788;
 0, 0, 0, 1]
Ow:
[0.038777921;
 0.022712987;
 -0.15199441]
Keyframe: 1 Frame: 90 Frame from vFrameID : 54
Tcw:
[0.99937648, -0.024672175, -0.025257329, inf;
 -0.011969731, 0.43624115, -0.89975017, -nan;
 0.03321708, 0.89949149, 0.43567383, -nan;
 0, 0, 0, 1]
Twc:
[0.99937648, -0.011969731, 0.03321708, -inf;
 -0.024672175, 0.43624115, 0.89949149, inf;
 -0.025257329, -0.89975017, 0.43567383, inf;
 0, 0, 0, 1]
Ow:
[inf;
 -nan;
 -nan]
