Keyframe: 0 Frame: 0 Frame from vFrameID : 54
Tcw:
[0.99969637, -0.0076471684, -0.023422668, 0.038215265;
 -0.017828397, 0.43166047, -0.90185994, 0.022193417;
 0.017007314, 0.90200377, 0.43139309, -0.14980231;
 0, 0, 0, 1]
Twc:
[0.99969637, -0.017828397, 0.017007314, -0.035260256;
 -0.0076471684, 0.43166047, 0.90200377, 0.12583447;
 -0.023422668, -0.90185994, 0.43139309, 0.08553414;
 0, 0, 0, 1]
Ow:
[0.038215265;
 0.022193417;
 -0.14980231]
Keyframe: 1 Frame: 87 Frame from vFrameID : 54
Tcw:
[0.99943835, -0.020669535, -0.026378319, 0.011633061;
 -0.014650133, 0.43845147, -0.89863545, 0.0091595147;
 0.030139988, 0.89851713, 0.43790239, -0.01111641;
 0, 0, 0, 1]
Twc:
[0.99943835, -0.014650133, 0.030139988, -0.01115729;
 -0.020669535, 0.43845147, 0.89851713, 0.0062127323;
 -0.026378319, -0.89863545, 0.43790239, 0.013405828;
 0, 0, 0, 1]
Ow:
[0.011633061;
 0.0091595147;
 -0.01111641]
