Keyframe: 0 Frame: 0 Frame from vFrameID : 54
Tcw:
[0.99986327, 0.01515524, -0.0066159931, 0.014355192;
 -0.012480739, 0.42914551, -0.90314913, 0.03154581;
 -0.010848218, 0.90310824, 0.42927599, -0.19134609;
 0, 0, 0, 1]
Twc:
[0.99986327, -0.012480739, -0.010848218, -0.016035277;
 0.01515524, 0.42914551, 0.90310824, 0.15905093;
 -0.0066159931, -0.90314913, 0.42927599, 0.11072582;
 0, 0, 0, 1]
Ow:
[0.014355192;
 0.03154581;
 -0.19134609]
Keyframe: 1 Frame: 127 Frame from vFrameID : 54
Tcw:
[-0.01525975, 0.91347772, -0.40660256, -0.011850398;
 -0.49937719, -0.35926428, -0.78838545, 0.067731962;
 -0.86625028, 0.19101748, 0.46165219, 0.1237288;
 0, 0, 0, 1]
Twc:
[-0.01525975, -0.49937719, -0.86625028, 0.14082307;
 0.91347772, -0.35926428, 0.19101748, 0.011524384;
 -0.40660256, -0.78838545, 0.46165219, -0.0085391849;
 0, 0, 0, 1]
Ow:
[-0.011850398;
 0.067731962;
 0.1237288]
