Keyframe: 0 Frame: 0 Frame from vFrameID : 54
Tcw:
[0.99995589, -0.0090948828, 0.0023454251, 0.019528972;
 0.0059675188, 0.42236343, -0.90640694, 0.021101333;
 0.0072530429, 0.90638095, 0.42239907, -0.12023491;
 0, 0, 0, 1]
Twc:
[0.99995589, 0.0059675188, 0.0072530429, -0.018781966;
 -0.0090948828, 0.42236343, 0.90638095, 0.10024381;
 0.0023454251, -0.90640694, 0.42239907, 0.0698677;
 0, 0, 0, 1]
Ow:
[0.019528972;
 0.021101333;
 -0.12023491]
Keyframe: 1 Frame: 72 Frame from vFrameID : 54
Tcw:
[0.99998528, -0.0042858729, 0.0033255867, -nan;
 0.0048543625, 0.43333042, -0.90122205, -nan;
 0.0024214454, 0.90122491, 0.43334484, -nan;
 0, 0, 0, 1]
Twc:
[0.99998528, 0.0048543625, 0.0024214454, -inf;
 -0.0042858729, 0.43333042, 0.90122491, inf;
 0.0033255867, -0.90122205, 0.43334484, inf;
 0, 0, 0, 1]
Ow:
[-nan;
 -nan;
 -nan]
