Keyframe: 0 Frame: 0 Frame from vFrameID : 126
Tcw:
[0.99937552, 0.017711956, -0.030574717, 0.016248394;
 -0.030142261, -0.024188982, -0.99925292, -0.0745437;
 -0.018438295, 0.99955046, -0.023639999, -0.050994039;
 0, 0, 0, 1]
Twc:
[0.99937552, -0.030142261, -0.018438295, -0.019425407;
 0.017711956, -0.024188982, 0.99955046, 0.04888019;
 -0.030574717, -0.99925292, -0.023639999, -0.075196713;
 0, 0, 0, 1]
Ow:
[0.016248394;
 -0.0745437;
 -0.050994039]
Keyframe: 1 Frame: 125 Frame from vFrameID : 126
Tcw:
[0.99934512, 0.0024467451, -0.036102075, 0.013875717;
 -0.036043994, -0.020649878, -0.99913681, -0.076161958;
 -0.0031901367, 0.99978375, -0.020548165, -0.050392561;
 0, 0, 0, 1]
Twc:
[0.99934512, -0.036043994, -0.0031901367, -0.01677257;
 0.0024467451, -0.020649878, 0.99978375, 0.04877498;
 -0.036102075, -0.99913681, -0.020548165, -0.076630749;
 0, 0, 0, 1]
Ow:
[0.013875717;
 -0.076161958;
 -0.050392561]
Keyframe: 2 Frame: 128 Frame from vFrameID : 129
Tcw:
[0.99903655, -0.022157939, -0.037882067, 0.011655052;
 -0.038350128, -0.021094678, -0.99904168, -0.078146674;
 0.021337595, 0.99953192, -0.021924114, -0.050125077;
 0, 0, 0, 1]
Twc:
[0.99903655, -0.038350128, 0.021337595, -0.013571208;
 -0.022157939, -0.021094678, 0.99953192, 0.048711386;
 -0.037882067, -0.99904168, -0.021924114, -0.078729212;
 0, 0, 0, 1]
Ow:
[0.011655052;
 -0.078146674;
 -0.050125077]
Keyframe: 3 Frame: 130 Frame from vFrameID : 131
Tcw:
[0.99884528, -0.038151536, -0.029198464, 0.0095493374;
 -0.030072052, -0.02252811, -0.9992938, -0.079222582;
 0.037466809, 0.99901801, -0.023649391, -0.050182436;
 0, 0, 0, 1]
Twc:
[0.99884528, -0.030072052, 0.037466809, -0.010040521;
 -0.038151536, -0.02252811, 0.99901801, 0.048712745;
 -0.029198464, -0.9992938, -0.023649391, -0.080074601;
 0, 0, 0, 1]
Ow:
[0.0095493374;
 -0.079222582;
 -0.050182436]
Keyframe: 4 Frame: 131 Frame from vFrameID : 132
Tcw:
[0.9988299, -0.038386766, -0.029415125, 0.0095647024;
 -0.030290602, -0.022427896, -0.99928945, -0.07923802;
 0.03769977, 0.99901122, -0.023564411, -0.050208241;
 0, 0, 0, 1]
Twc:
[0.9988299, -0.030290602, 0.03769977, -0.010060838;
 -0.038386766, -0.022427896, 0.99901122, 0.048748612;
 -0.029415125, -0.99928945, -0.023564411, -0.080083497;
 0, 0, 0, 1]
Ow:
[0.0095647024;
 -0.07923802;
 -0.050208241]
Keyframe: 5 Frame: 134 Frame from vFrameID : 135
Tcw:
[0.99866956, -0.044811636, -0.025514897, 0.0097106034;
 -0.026178669, -0.014288554, -0.99955517, -0.077797353;
 0.04442713, 0.99889326, -0.015442653, -0.049208798;
 0, 0, 0, 1]
Twc:
[0.99866956, -0.026178669, 0.04442713, -0.00954811;
 -0.044811636, -0.014288554, 0.99889326, 0.048477873;
 -0.025514897, -0.99955517, -0.015442653, -0.078274891;
 0, 0, 0, 1]
Ow:
[0.0097106034;
 -0.077797353;
 -0.049208798]
Keyframe: 6 Frame: 138 Frame from vFrameID : 139
Tcw:
[0.9994545, -0.027374621, -0.018474072, 0.012374043;
 -0.018631741, -0.005515872, -0.99981117, -0.077130482;
 0.027267553, 0.99961001, -0.0060229003, -0.049945552;
 0, 0, 0, 1]
Twc:
[0.9994545, -0.018631741, 0.027267553, -0.012442477;
 -0.027374621, -0.005515872, 0.99961001, 0.04983937;
 -0.018474072, -0.99981117, -0.0060229003, -0.077188134;
 0, 0, 0, 1]
Ow:
[0.012374043;
 -0.077130482;
 -0.049945552]
Keyframe: 7 Frame: 141 Frame from vFrameID : 142
Tcw:
[0.9998759, 0.0017344573, -0.015658671, 0.015901949;
 -0.015647052, -0.0065210592, -0.99985629, -0.075202115;
 -0.0018363192, 0.99997723, -0.0064931107, -0.050443653;
 0, 0, 0, 1]
Twc:
[0.9998759, -0.015647052, -0.0018363192, -0.017169299;
 0.0017344573, -0.0065210592, 0.99997723, 0.049924526;
 -0.015658671, -0.99985629, -0.0064931107, -0.075269848;
 0, 0, 0, 1]
Ow:
[0.015901949;
 -0.075202115;
 -0.050443653]
Keyframe: 8 Frame: 144 Frame from vFrameID : 145
Tcw:
[0.99946129, 0.031632625, -0.0087469416, 0.021017604;
 -0.0085485391, -0.0064018928, -0.99994296, -0.073067285;
 -0.031686816, 0.99947906, -0.0061280313, -0.051189523;
 0, 0, 0, 1]
Twc:
[0.99946129, -0.0085485391, -0.031686816, -0.023252932;
 0.031632625, -0.0064018928, 0.99947906, 0.050030246;
 -0.0087469416, -0.99994296, -0.0061280313, -0.073192969;
 0, 0, 0, 1]
Ow:
[0.021017604;
 -0.073067285;
 -0.051189523]
Keyframe: 9 Frame: 149 Frame from vFrameID : 150
Tcw:
[0.99832362, 0.057231896, 0.0086260382, 0.026377494;
 0.009061791, -0.0073586497, -0.99993187, -0.072596423;
 -0.05716452, 0.99833381, -0.0078649372, -0.051348925;
 0, 0, 0, 1]
Twc:
[0.99832362, 0.009061791, -0.05716452, -0.02861076;
 0.057231896, -0.0073586497, 0.99833381, 0.049219519;
 0.0086260382, -0.99993187, -0.0078649372, -0.073222868;
 0, 0, 0, 1]
Ow:
[0.026377494;
 -0.072596423;
 -0.051348925]
Keyframe: 10 Frame: 155 Frame from vFrameID : 156
Tcw:
[0.99721414, 0.063100986, 0.039776579, 0.024909357;
 0.040039629, -0.0029091751, -0.99919385, -0.071365677;
 -0.062934399, 0.99800289, -0.0054276106, -0.051205799;
 0, 0, 0, 1]
Twc:
[0.99721414, 0.040039629, -0.062934399, -0.025205115;
 0.063100986, -0.0029091751, 0.99800289, 0.049324114;
 0.039776579, -0.99919385, -0.0054276106, -0.07257688;
 0, 0, 0, 1]
Ow:
[0.024909357;
 -0.071365677;
 -0.051205799]
Keyframe: 11 Frame: 160 Frame from vFrameID : 161
Tcw:
[0.99812812, 0.043205138, 0.043284658, 0.022530951;
 0.043230325, 0.0021915748, -0.99906272, -0.071008869;
 -0.043259501, 0.99906379, 0.00031970046, -0.050629426;
 0, 0, 0, 1]
Twc:
[0.99812812, 0.043230325, -0.043259501, -0.021609241;
 0.043205138, 0.0021915748, 0.99906379, 0.049764194;
 0.043284658, -0.99906272, 0.00031970046, -0.071901374;
 0, 0, 0, 1]
Ow:
[0.022530951;
 -0.071008869;
 -0.050629426]
Keyframe: 12 Frame: 166 Frame from vFrameID : 167
Tcw:
[0.99962997, 0.0074128276, 0.02617291, 0.015917826;
 0.026110174, 0.0084371548, -0.99962348, -0.072631262;
 -0.0076308609, 0.99993694, 0.0082404828, -0.050107285;
 0, 0, 0, 1]
Twc:
[0.99962997, 0.026110174, -0.0076308609, -0.014397881;
 0.0074128276, 0.0084371548, 0.99993694, 0.050598931;
 0.02617291, -0.99962348, 0.0082404828, -0.072607622;
 0, 0, 0, 1]
Ow:
[0.015917826;
 -0.072631262;
 -0.050107285]
Keyframe: 13 Frame: 171 Frame from vFrameID : 172
Tcw:
[0.99995357, -0.0096289935, 0.00030040994, 0.013168986;
 0.00040761841, 0.011133895, -0.99993795, -0.074105054;
 0.0096250512, 0.99989164, 0.011137303, -0.05011097;
 0, 0, 0, 1]
Twc:
[0.99995357, 0.00040761841, 0.0096250512, -0.012655849;
 -0.0096289935, 0.011133895, 0.99989164, 0.051057421;
 0.00030040994, -0.99993795, 0.011137303, -0.073546305;
 0, 0, 0, 1]
Ow:
[0.013168986;
 -0.074105054;
 -0.05011097]
Keyframe: 14 Frame: 176 Frame from vFrameID : 177
Tcw:
[0.99900931, -0.021833489, -0.038777042, 0.012534574;
 -0.038896788, -0.0050866669, -0.99923027, -0.076415211;
 0.021619437, 0.99974871, -0.0059308801, -0.050362468;
 0, 0, 0, 1]
Twc:
[0.99900931, -0.038896788, 0.021619437, -0.014405654;
 -0.021833489, -0.0050866669, 0.99974871, 0.050234783;
 -0.038777042, -0.99923027, -0.0059308801, -0.076169036;
 0, 0, 0, 1]
Ow:
[0.012534574;
 -0.076415211;
 -0.050362468]
Keyframe: 15 Frame: 181 Frame from vFrameID : 182
Tcw:
[0.99788958, -0.020172356, -0.061720695, 0.01340357;
 -0.061962262, -0.011577319, -0.99801135, -0.078014553;
 0.019417679, 0.99972945, -0.012802811, -0.050358832;
 0, 0, 0, 1]
Twc:
[0.99788958, -0.061962262, 0.019417679, -0.01723139;
 -0.020172356, -0.011577319, 0.99972945, 0.049712393;
 -0.061720695, -0.99801135, -0.012802811, -0.077676862;
 0, 0, 0, 1]
Ow:
[0.01340357;
 -0.078014553;
 -0.050358832]
Keyframe: 16 Frame: 187 Frame from vFrameID : 188
Tcw:
[0.99911386, -0.0031279067, -0.041972313, 0.017956492;
 -0.04194906, 0.007161106, -0.99909407, -0.081199758;
 0.0034256412, 0.99996948, 0.0070235478, -0.051308699;
 0, 0, 0, 1]
Twc:
[0.99911386, -0.04194906, 0.0034256412, -0.021171069;
 -0.0031279067, 0.007161106, 0.99996948, 0.051944777;
 -0.041972313, -0.99909407, 0.0070235478, -0.080012158;
 0, 0, 0, 1]
Ow:
[0.017956492;
 -0.081199758;
 -0.051308699]
Keyframe: 17 Frame: 195 Frame from vFrameID : 196
Tcw:
[0.99722278, 0.041143991, -0.062079333, 0.03117713;
 -0.06157849, -0.013331742, -0.9980132, -0.085893109;
 -0.041889872, 0.99906427, -0.010761132, -0.047426295;
 0, 0, 0, 1]
Twc:
[0.99722278, -0.06157849, -0.041889872, -0.038366392;
 0.041143991, -0.013331742, 0.99906427, 0.044954062;
 -0.062079333, -0.9980132, -0.010761132, -0.084297359;
 0, 0, 0, 1]
Ow:
[0.03117713;
 -0.085893109;
 -0.047426295]
Keyframe: 18 Frame: 203 Frame from vFrameID : 204
Tcw:
[0.99016607, 0.027688483, -0.13712946, 0.092039488;
 -0.1352184, -0.061956532, -0.98887682, -0.15015247;
 -0.035876565, 0.99769473, -0.057603266, -0.00016793702;
 0, 0, 0, 1]
Twc:
[0.99016607, -0.1352184, -0.035876565, -0.11144378;
 0.027688483, -0.061956532, 0.99769473, -0.011683811;
 -0.13712946, -0.98887682, -0.057603266, -0.13587067;
 0, 0, 0, 1]
Ow:
[0.092039488;
 -0.15015247;
 -0.00016793702]
Keyframe: 19 Frame: 211 Frame from vFrameID : 212
Tcw:
[0.9895817, 0.013473767, -0.14334066, 0.1090761;
 -0.14187852, -0.077923864, -0.98681223, -0.20627573;
 -0.024465736, 0.99686825, -0.075200394, 0.02186856;
 0, 0, 0, 1]
Twc:
[0.9895817, -0.14187852, -0.024465736, -0.13667077;
 0.013473767, -0.077923864, 0.99686825, -0.03934354;
 -0.14334066, -0.98681223, -0.075200394, -0.18627584;
 0, 0, 0, 1]
Ow:
[0.1090761;
 -0.20627573;
 0.02186856]
Keyframe: 20 Frame: 221 Frame from vFrameID : 222
Tcw:
[0.99511611, 0.044332754, -0.088195838, 0.11648542;
 -0.081711672, -0.13132301, -0.98796636, -0.25016493;
 -0.05538141, 0.99034786, -0.12705913, 0.10048902;
 0, 0, 0, 1]
Twc:
[0.99511611, -0.081711672, -0.05538141, -0.13079271;
 0.044332754, -0.13132301, 0.99034786, -0.13753562;
 -0.088195838, -0.98796636, -0.12705913, -0.22411296;
 0, 0, 0, 1]
Ow:
[0.11648542;
 -0.25016493;
 0.10048902]
Keyframe: 21 Frame: 230 Frame from vFrameID : 231
Tcw:
[0.99605417, 0.068031073, -0.056989953, 0.11284814;
 -0.053575717, -0.050999075, -0.99726063, -0.31760406;
 -0.070751145, 0.9963789, -0.04715303, 0.085119069;
 0, 0, 0, 1]
Twc:
[0.99605417, -0.053575717, -0.070751145, -0.12339645;
 0.068031073, -0.050999075, 0.9963789, -0.10868554;
 -0.056989953, -0.99726063, -0.04715303, -0.30628917;
 0, 0, 0, 1]
Ow:
[0.11284814;
 -0.31760406;
 0.085119069]
Keyframe: 22 Frame: 241 Frame from vFrameID : 242
Tcw:
[0.99493003, 0.045453068, -0.08971221, 0.1653343;
 -0.088561833, -0.026724396, -0.9957121, -0.3765066;
 -0.047655676, 0.99860895, -0.022563497, 0.15515719;
 0, 0, 0, 1]
Twc:
[0.99493003, -0.088561833, -0.047655676, -0.19044605;
 0.045453068, -0.026724396, 0.99860895, -0.17251822;
 -0.08971221, -0.9957121, -0.022563497, -0.3565588;
 0, 0, 0, 1]
Ow:
[0.1653343;
 -0.3765066;
 0.15515719]
Keyframe: 23 Frame: 249 Frame from vFrameID : 250
Tcw:
[0.98516369, -0.0096934261, -0.17134345, 0.26214042;
 -0.17150089, -0.092393138, -0.98084193, -0.41513142;
 -0.0063232393, 0.99567544, -0.09268479, 0.25968069;
 0, 0, 0, 1]
Twc:
[0.98516369, -0.17150089, -0.0063232393, -0.32780463;
 -0.0096934261, -0.092393138, 0.99567544, -0.29437193;
 -0.17134345, -0.98084193, -0.09268479, -0.33819383;
 0, 0, 0, 1]
Ow:
[0.26214042;
 -0.41513142;
 0.25968069]
Keyframe: 24 Frame: 257 Frame from vFrameID : 258
Tcw:
[0.98521888, -0.0077943467, -0.17112283, 0.29088336;
 -0.17127416, -0.062259194, -0.98325425, -0.45707536;
 -0.0029901448, 0.99802959, -0.062673904, 0.2970424;
 0, 0, 0, 1]
Twc:
[0.98521888, -0.17127416, -0.0029901448, -0.36398074;
 -0.0077943467, -0.062259194, 0.99802959, -0.32264698;
 -0.17112283, -0.98325425, -0.062673904, -0.3810277;
 0, 0, 0, 1]
Ow:
[0.29088336;
 -0.45707536;
 0.2970424]
Keyframe: 25 Frame: 263 Frame from vFrameID : 264
Tcw:
[0.9893443, -0.018903634, -0.14436254, 0.33875823;
 -0.14493573, -0.033623781, -0.98886961, -0.52180195;
 0.013839215, 0.99925578, -0.036005307, 0.37090939;
 0, 0, 0, 1]
Twc:
[0.9893443, -0.14493573, 0.013839215, -0.41590935;
 -0.018903634, -0.033623781, 0.99925578, -0.38177454;
 -0.14436254, -0.98886961, -0.036005307, -0.45373535;
 0, 0, 0, 1]
Ow:
[0.33875823;
 -0.52180195;
 0.37090939]
Keyframe: 26 Frame: 269 Frame from vFrameID : 270
Tcw:
[0.99142516, -0.014508737, -0.1298677, 0.38589019;
 -0.13045008, -0.051519535, -0.9901154, -0.59367907;
 0.0076746005, 0.99856657, -0.052970432, 0.44965038;
 0, 0, 0, 1]
Twc:
[0.99142516, -0.13045008, 0.0076746005, -0.46347764;
 -0.014508737, -0.051519535, 0.99856657, -0.47399315;
 -0.1298677, -0.9901154, -0.052970432, -0.51387793;
 0, 0, 0, 1]
Ow:
[0.38589019;
 -0.59367907;
 0.44965038]
Keyframe: 27 Frame: 277 Frame from vFrameID : 278
Tcw:
[0.99361783, 0.022439763, -0.11054444, 0.41149169;
 -0.10948817, -0.043831583, -0.99302119, -0.79204571;
 -0.027128499, 0.99878687, -0.041094955, 0.47955069;
 0, 0, 0, 1]
Twc:
[0.99361783, -0.10948817, -0.027128499, -0.48257563;
 0.022439763, -0.043831583, 0.99878687, -0.52291936;
 -0.11054444, -0.99302119, -0.041094955, -0.72132295;
 0, 0, 0, 1]
Ow:
[0.41149169;
 -0.79204571;
 0.47955069]
Keyframe: 28 Frame: 284 Frame from vFrameID : 285
Tcw:
[0.99478155, -0.0002101818, -0.10202724, 0.48816937;
 -0.10193953, -0.043553505, -0.9938367, -0.7569856;
 -0.0042347573, 0.99905109, -0.043347649, 0.57507455;
 0, 0, 0, 1]
Twc:
[0.99478155, -0.10193953, -0.0042347573, -0.5603534;
 -0.0002101818, -0.043553505, 0.99905109, -0.60739565;
 -0.10202724, -0.9938367, -0.043347649, -0.67758536;
 0, 0, 0, 1]
Ow:
[0.48816937;
 -0.7569856;
 0.57507455]
Keyframe: 29 Frame: 293 Frame from vFrameID : 294
Tcw:
[0.98804879, -0.035043016, -0.1501053, 0.58434528;
 -0.15153265, -0.042416733, -0.98754174, -0.87416422;
 0.028239466, 0.99848527, -0.047219962, 0.65784079;
 0, 0, 0, 1]
Twc:
[0.98804879, -0.15153265, 0.028239466, -0.72840315;
 -0.035043016, -0.042416733, 0.99848527, -0.67344624;
 -0.1501053, -0.98754174, -0.047219962, -0.74449712;
 0, 0, 0, 1]
Ow:
[0.58434528;
 -0.87416422;
 0.65784079]
Keyframe: 30 Frame: 301 Frame from vFrameID : 302
Tcw:
[0.99348515, -0.026193118, -0.11091047, 0.60048389;
 -0.11145647, -0.020392325, -0.99356008, -0.98312408;
 0.023762712, 0.9994489, -0.023178864, 0.72742069;
 0, 0, 0, 1]
Twc:
[0.99348515, -0.11145647, 0.023762712, -0.7234329;
 -0.026193118, -0.020392325, 0.9994489, -0.7313394;
 -0.11091047, -0.99356008, -0.023178864, -0.89333206;
 0, 0, 0, 1]
Ow:
[0.60048389;
 -0.98312408;
 0.72742069]
Keyframe: 31 Frame: 310 Frame from vFrameID : 311
Tcw:
[0.99715239, 0.0067590387, -0.075109184, 0.63442034;
 -0.074987598, -0.016732771, -0.99704409, -1.1845051;
 -0.0079958439, 0.99983716, -0.016178278, 0.80386943;
 0, 0, 0, 1]
Twc:
[0.99715239, -0.074987598, -0.0079958439, -0.71500939;
 0.0067590387, -0.016732771, 0.99983716, -0.82784665;
 -0.075109184, -0.99704409, -0.016178278, -1.1203477;
 0, 0, 0, 1]
Ow:
[0.63442034;
 -1.1845051;
 0.80386943]
Keyframe: 32 Frame: 318 Frame from vFrameID : 319
Tcw:
[0.99457294, -0.0064923195, -0.1038392, 0.67898566;
 -0.10397214, -0.025460983, -0.99425423, -1.2154124;
 0.0038111683, 0.99965471, -0.025997825, 0.93639183;
 0, 0, 0, 1]
Twc:
[0.99457294, -0.10397214, 0.0038111683, -0.80523849;
 -0.0064923195, -0.025460983, 0.99965471, -0.96260589;
 -0.1038392, -0.99425423, -0.025997825, -1.1135794;
 0, 0, 0, 1]
Ow:
[0.67898566;
 -1.2154124;
 0.93639183]
Keyframe: 33 Frame: 328 Frame from vFrameID : 329
Tcw:
[0.99275005, -0.018763818, -0.11872362, 0.73385936;
 -0.11904422, -0.017005019, -0.99274331, -1.3185328;
 0.016608756, 0.99967933, -0.019115457, 1.0381728;
 0, 0, 0, 1]
Twc:
[0.99275005, -0.11904422, 0.016608756, -0.90274537;
 -0.018763818, -0.017005019, 0.99967933, -1.0464916;
 -0.11872362, -0.99274331, -0.019115457, -1.2019931;
 0, 0, 0, 1]
Ow:
[0.73385936;
 -1.3185328;
 1.0381728]
Keyframe: 34 Frame: 336 Frame from vFrameID : 337
Tcw:
[0.99349397, -0.011090284, -0.11334317, 0.7384367;
 -0.11346623, -0.011176441, -0.99347901, -1.4029472;
 0.0097511914, 0.99987602, -0.012362099, 1.0984505;
 0, 0, 0, 1]
Twc:
[0.99349397, -0.11346623, 0.0097511914, -0.90353078;
 -0.011090284, -0.011176441, 0.99987602, -1.1058048;
 -0.11334317, -0.99347901, -0.012362099, -1.2965225;
 0, 0, 0, 1]
Ow:
[0.7384367;
 -1.4029472;
 1.0984505]
Keyframe: 35 Frame: 346 Frame from vFrameID : 347
Tcw:
[0.99408203, -0.003906528, -0.10856166, 0.83029324;
 -0.1084947, 0.014511888, -0.99399108, -1.4991323;
 0.0054584891, 0.99988705, 0.014002169, 1.1946936;
 0, 0, 0, 1]
Twc:
[0.99408203, -0.1084947, 0.0054584891, -0.9945488;
 -0.003906528, 0.014511888, 0.99988705, -1.1695598;
 -0.10856166, -0.99399108, 0.014002169, -1.4167145;
 0, 0, 0, 1]
Ow:
[0.83029324;
 -1.4991323;
 1.1946936]
Keyframe: 36 Frame: 354 Frame from vFrameID : 355
Tcw:
[0.98993051, -0.034017589, -0.13740608, 0.92120856;
 -0.13737389, 0.0032927296, -0.9905138, -1.5466833;
 0.034147333, 0.99941581, -0.0014135555, 1.2944322;
 0, 0, 0, 1]
Twc:
[0.98993051, -0.13737389, 0.034147333, -1.1686077;
 -0.034017589, 0.0032927296, 0.99941581, -1.2572459;
 -0.13740608, -0.9905138, -0.0014135555, -1.4036018;
 0, 0, 0, 1]
Ow:
[0.92120856;
 -1.5466833;
 1.2944322]
Keyframe: 37 Frame: 363 Frame from vFrameID : 364
Tcw:
[0.98812997, -0.042316973, -0.14767672, 0.96797943;
 -0.14723091, 0.013482044, -0.98901027, -1.5929782;
 0.043842904, 0.99901325, 0.0070916452, 1.3763629;
 0, 0, 0, 1]
Twc:
[0.98812997, -0.14723091, 0.043842904, -1.2513689;
 -0.042316973, 0.013482044, 0.99901325, -1.3125663;
 -0.14767672, -0.98901027, 0.0070916452, -1.4422845;
 0, 0, 0, 1]
Ow:
[0.96797943;
 -1.5929782;
 1.3763629]
Keyframe: 38 Frame: 372 Frame from vFrameID : 373
Tcw:
[0.99093789, -0.058690306, -0.12082049, 1.0214125;
 -0.11960125, 0.023873739, -0.99253494, -1.694162;
 0.061136615, 0.99799073, 0.016637959, 1.501065;
 0, 0, 0, 1]
Twc:
[0.99093789, -0.11960125, 0.061136615, -1.3065503;
 -0.058690306, 0.023873739, 0.99799073, -1.3976558;
 -0.12082049, -0.99253494, 0.016637959, -1.5830821;
 0, 0, 0, 1]
Ow:
[1.0214125;
 -1.694162;
 1.501065]
Keyframe: 39 Frame: 381 Frame from vFrameID : 382
Tcw:
[0.9958322, -0.067642093, -0.061178479, 0.87318254;
 -0.058401145, 0.042302977, -0.99739647, -1.6413838;
 0.070054017, 0.9968124, 0.038176291, 1.8489928;
 0, 0, 0, 1]
Twc:
[0.9958322, -0.058401145, 0.070054017, -1.0949314;
 -0.067642093, 0.042302977, 0.9968124, -1.7145997;
 -0.061178479, -0.99739647, 0.038176291, -1.6542782;
 0, 0, 0, 1]
Ow:
[0.87318254;
 -1.6413838;
 1.8489928]
Keyframe: 40 Frame: 390 Frame from vFrameID : 391
Tcw:
[0.98858386, -0.11451551, -0.097919352, 0.99608624;
 -0.092636198, 0.050593201, -0.99441385, -1.6988231;
 0.11882986, 0.99213231, 0.039407339, 2.0893266;
 0, 0, 0, 1]
Twc:
[0.98858386, -0.092636198, 0.11882986, -1.3903617;
 -0.11451551, 0.050593201, 0.99213231, -1.8728724;
 -0.097919352, -0.99441385, 0.039407339, -1.6741319;
 0, 0, 0, 1]
Ow:
[0.99608624;
 -1.6988231;
 2.0893266]
Keyframe: 41 Frame: 398 Frame from vFrameID : 399
Tcw:
[0.98976427, -0.084435552, -0.11505339, 1.0961652;
 -0.11129403, 0.047971226, -0.99262905, -1.7312683;
 0.089332432, 0.99527353, 0.038083035, 2.1500618;
 0, 0, 0, 1]
Twc:
[0.98976427, -0.11129403, 0.089332432, -1.4696952;
 -0.084435552, 0.047971226, 0.99527353, -1.9642932;
 -0.11505339, -0.99262905, 0.038083035, -1.6742704;
 0, 0, 0, 1]
Ow:
[1.0961652;
 -1.7312683;
 2.1500618]
Keyframe: 42 Frame: 407 Frame from vFrameID : 408
Tcw:
[0.99305785, -0.056621794, -0.1031023, 1.1386094;
 -0.099163242, 0.068457872, -0.99271351, -1.7681019;
 0.063267387, 0.99604595, 0.062367827, 2.2194688;
 0, 0, 0, 1]
Twc:
[0.99305785, -0.099163242, 0.063267387, -1.4464557;
 -0.056621794, 0.068457872, 0.99604595, -2.0251825;
 -0.1031023, -0.99271351, 0.062367827, -1.7762491;
 0, 0, 0, 1]
Ow:
[1.1386094;
 -1.7681019;
 2.2194688]
Keyframe: 43 Frame: 416 Frame from vFrameID : 417
Tcw:
[0.98938978, -0.043586936, -0.13859329, 1.2292879;
 -0.13543697, 0.068538889, -0.9884125, -1.9321016;
 0.0525809, 0.99669582, 0.06190839, 2.2627289;
 0, 0, 0, 1]
Twc:
[0.98938978, -0.13543697, 0.0525809, -1.5968992;
 -0.043586936, 0.068538889, 0.99669582, -2.0692475;
 -0.13859329, -0.9884125, 0.06190839, -1.8794242;
 0, 0, 0, 1]
Ow:
[1.2292879;
 -1.9321016;
 2.2627289]
Keyframe: 44 Frame: 425 Frame from vFrameID : 426
Tcw:
[0.98503596, -0.066229165, -0.1591157, 1.2679844;
 -0.15395126, 0.076917417, -0.98508006, -1.9305017;
 0.077479802, 0.99483538, 0.065570362, 2.4114952;
 0, 0, 0, 1]
Twc:
[0.98503596, -0.15395126, 0.077479802, -1.7330557;
 -0.066229165, 0.076917417, 0.99483538, -2.1665738;
 -0.1591157, -0.98508006, 0.065570362, -1.8580651;
 0, 0, 0, 1]
Ow:
[1.2679844;
 -1.9305017;
 2.4114952]
Keyframe: 45 Frame: 434 Frame from vFrameID : 435
Tcw:
[0.98945063, -0.048030142, -0.13667682, 1.3046474;
 -0.13211179, 0.087985523, -0.98732215, -2.0358577;
 0.059446804, 0.99496317, 0.080711983, 2.4534903;
 0, 0, 0, 1]
Twc:
[0.98945063, -0.13211179, 0.059446804, -1.7056973;
 -0.048030142, 0.087985523, 0.99496317, -2.1993439;
 -0.13667682, -0.98732215, 0.080711983, -2.0297585;
 0, 0, 0, 1]
Ow:
[1.3046474;
 -2.0358577;
 2.4534903]
Keyframe: 46 Frame: 443 Frame from vFrameID : 444
Tcw:
[0.9933269, -0.0546243, -0.10157693, 1.3084056;
 -0.0946372, 0.11735262, -0.98857075, -2.1262865;
 0.065920308, 0.99158686, 0.11140002, 2.501406;
 0, 0, 0, 1]
Twc:
[0.9933269, -0.0946372, 0.065920308, -1.6657937;
 -0.0546243, 0.11735262, 0.99158686, -2.1593654;
 -0.10157693, -0.98857075, 0.11140002, -2.2477374;
 0, 0, 0, 1]
Ow:
[1.3084056;
 -2.1262865;
 2.501406]
Keyframe: 47 Frame: 452 Frame from vFrameID : 453
Tcw:
[0.9874388, -0.049146771, -0.15016386, 1.1163677;
 -0.14703171, 0.062134009, -0.98717833, -1.8365752;
 0.057846911, 0.99685705, 0.054127399, 2.9711523;
 0, 0, 0, 1]
Twc:
[0.9874388, -0.14703171, 0.057846911, -1.5442516;
 -0.049146771, 0.062134009, 0.99685705, -2.7928345;
 -0.15016386, -0.98717833, 0.054127399, -1.8062099;
 0, 0, 0, 1]
Ow:
[1.1163677;
 -1.8365752;
 2.9711523]
Keyframe: 48 Frame: 461 Frame from vFrameID : 462
Tcw:
[0.9883908, -0.052016869, -0.14275105, 1.1748915;
 -0.1376175, 0.09163516, -0.98623753, -1.9942631;
 0.064382002, 0.9944331, 0.083412923, 3.0798607;
 0, 0, 0, 1]
Twc:
[0.9883908, -0.1376175, 0.064382002, -1.633985;
 -0.052016869, 0.09163516, 0.9944331, -2.8188567;
 -0.14275105, -0.98623753, 0.083412923, -2.0560002;
 0, 0, 0, 1]
Ow:
[1.1748915;
 -1.9942631;
 3.0798607]
Keyframe: 49 Frame: 469 Frame from vFrameID : 470
Tcw:
[0.99126887, -0.048603136, -0.12257148, 1.2963073;
 -0.11712344, 0.10242066, -0.98782188, -2.1143472;
 0.060565095, 0.9935531, 0.095833845, 3.1291316;
 0, 0, 0, 1]
Twc:
[0.99126887, -0.11712344, 0.060565095, -1.7221448;
 -0.048603136, 0.10242066, 0.9935531, -2.8294008;
 -0.12257148, -0.98782188, 0.095833845, -2.2295849;
 0, 0, 0, 1]
Ow:
[1.2963073;
 -2.1143472;
 3.1291316]
Keyframe: 50 Frame: 477 Frame from vFrameID : 478
Tcw:
[0.98924798, -0.078593418, -0.1233351, 1.3485508;
 -0.1146417, 0.10689765, -0.98763871, -2.1483469;
 0.090806134, 0.9911589, 0.096738204, 3.2131503;
 0, 0, 0, 1]
Twc:
[0.98924798, -0.1146417, 0.090806134, -1.8721149;
 -0.078593418, 0.10689765, 0.9911589, -2.849102;
 -0.1233351, -0.98763871, 0.096738204, -2.2663012;
 0, 0, 0, 1]
Ow:
[1.3485508;
 -2.1483469;
 3.2131503]
Keyframe: 51 Frame: 485 Frame from vFrameID : 486
Tcw:
[0.9815855, -0.098614343, -0.16360037, 1.3883491;
 -0.15105549, 0.1235275, -0.98077685, -2.2559505;
 0.11692781, 0.98742908, 0.10635658, 3.3019445;
 0, 0, 0, 1]
Twc:
[0.9815855, -0.15105549, 0.11692781, -2.0896461;
 -0.098614343, 0.1235275, 0.98742908, -2.8448527;
 -0.16360037, -0.98077685, 0.10635658, -2.3366327;
 0, 0, 0, 1]
Ow:
[1.3883491;
 -2.2559505;
 3.3019445]
Keyframe: 52 Frame: 493 Frame from vFrameID : 494
Tcw:
[0.98298603, -0.11079631, -0.1465013, 1.4384725;
 -0.13250633, 0.12460376, -0.98331887, -2.2852755;
 0.12720272, 0.98600107, 0.10780255, 3.3912785;
 0, 0, 0, 1]
Twc:
[0.98298603, -0.13250633, 0.12720272, -2.1481917;
 -0.11079631, 0.12460376, 0.98600107, -2.8996727;
 -0.1465013, -0.98331887, 0.10780255, -2.4020047;
 0, 0, 0, 1]
Ow:
[1.4384725;
 -2.2852755;
 3.3912785]
Keyframe: 53 Frame: 500 Frame from vFrameID : 501
Tcw:
[0.98723567, -0.10343991, -0.12110293, 1.44731;
 -0.10966843, 0.10988108, -0.987876, -2.3912702;
 0.11549272, 0.98854756, 0.097134426, 3.4500957;
 0, 0, 0, 1]
Twc:
[0.98723567, -0.10966843, 0.11549272, -2.0895438;
 -0.10343991, 0.10988108, 0.98854756, -2.9981191;
 -0.12110293, -0.987876, 0.097134426, -2.5221281;
 0, 0, 0, 1]
Ow:
[1.44731;
 -2.3912702;
 3.4500957]
Keyframe: 54 Frame: 507 Frame from vFrameID : 508
Tcw:
[0.98701853, -0.098445065, -0.1268976, 1.4868249;
 -0.11348909, 0.13156243, -0.98479009, -2.4180903;
 0.11364269, 0.98640758, 0.1186821, 3.5546632;
 0, 0, 0, 1]
Twc:
[0.98701853, -0.11348909, 0.11364269, -2.1459119;
 -0.098445065, 0.13156243, 0.98640758, -3.0418463;
 -0.1268976, -0.98479009, 0.1186821, -2.614512;
 0, 0, 0, 1]
Ow:
[1.4868249;
 -2.4180903;
 3.5546632]
Keyframe: 55 Frame: 515 Frame from vFrameID : 516
Tcw:
[0.97867525, -0.12179267, -0.16541246, 1.5361776;
 -0.14875527, 0.13510735, -0.97960085, -2.4539747;
 0.14165665, 0.98331714, 0.11410892, 3.6400464;
 0, 0, 0, 1]
Twc:
[0.97867525, -0.14875527, 0.14165665, -2.3840976;
 -0.12179267, 0.13510735, 0.98331714, -3.0606747;
 -0.16541246, -0.97960085, 0.11410892, -2.5651746;
 0, 0, 0, 1]
Ow:
[1.5361776;
 -2.4539747;
 3.6400464]
Keyframe: 56 Frame: 523 Frame from vFrameID : 524
Tcw:
[0.97808897, -0.11722712, -0.17204568, 1.5541996;
 -0.15605849, 0.13413613, -0.97859758, -2.5299375;
 0.13779572, 0.98400474, 0.11290278, 3.732749;
 0, 0, 0, 1]
Twc:
[0.97808897, -0.15605849, 0.13779572, -2.4293206;
 -0.11722712, 0.13413613, 0.98400474, -3.1514921;
 -0.17204568, -0.97859758, 0.11290278, -2.6298354;
 0, 0, 0, 1]
Ow:
[1.5541996;
 -2.5299375;
 3.732749]
Keyframe: 57 Frame: 531 Frame from vFrameID : 532
Tcw:
[0.98835641, -0.082770325, -0.12767388, 1.5888462;
 -0.11753459, 0.11756873, -0.98608482, -2.5693328;
 0.096629016, 0.98960936, 0.10647144, 3.7424023;
 0, 0, 0, 1]
Twc:
[0.98835641, -0.11753459, 0.096629016, -2.2339566;
 -0.082770325, 0.11756873, 0.98960936, -3.2699337;
 -0.12767388, -0.98608482, 0.10647144, -2.7291849;
 0, 0, 0, 1]
Ow:
[1.5888462;
 -2.5693328;
 3.7424023]
Keyframe: 58 Frame: 539 Frame from vFrameID : 540
Tcw:
[0.98749793, -0.076970436, -0.13756232, 1.6191396;
 -0.12614414, 0.13745572, -0.98244268, -2.6277652;
 0.094527766, 0.98751277, 0.12602787, 3.8539214;
 0, 0, 0, 1]
Twc:
[0.98749793, -0.12614414, 0.094527766, -2.2946765;
 -0.076970436, 0.13745572, 0.98751277, -3.3199694;
 -0.13756232, -0.98244268, 0.12602787, -2.8445973;
 0, 0, 0, 1]
Ow:
[1.6191396;
 -2.6277652;
 3.8539214]
Keyframe: 59 Frame: 548 Frame from vFrameID : 549
Tcw:
[0.97960705, -0.093640119, -0.17776814, 1.6537392;
 -0.16488041, 0.13097328, -0.97757888, -2.6917491;
 0.11482348, 0.98695368, 0.11286293, 3.9299612;
 0, 0, 0, 1]
Twc:
[0.97960705, -0.16488041, 0.11482348, -2.5150833;
 -0.093640119, 0.13097328, 0.98695368, -3.3712859;
 -0.17776814, -0.97757888, 0.11286293, -2.7809618;
 0, 0, 0, 1]
Ow:
[1.6537392;
 -2.6917491;
 3.9299612]
Keyframe: 60 Frame: 556 Frame from vFrameID : 557
Tcw:
[0.97831094, -0.099962063, -0.18142582, 1.6569201;
 -0.16345568, 0.16546237, -0.9725762, -2.6938879;
 0.12723987, 0.98113698, 0.14553428, 4.0516124;
 0, 0, 0, 1]
Twc:
[0.97831094, -0.16345568, 0.12723987, -2.5768406;
 -0.099962063, 0.16546237, 0.98113698, -3.3638208;
 -0.18142582, -0.9725762, 0.14553428, -2.9090517;
 0, 0, 0, 1]
Ow:
[1.6569201;
 -2.6938879;
 4.0516124]
Keyframe: 61 Frame: 564 Frame from vFrameID : 565
Tcw:
[0.98122311, -0.097478591, -0.16643074, 1.6710322;
 -0.14843322, 0.16936375, -0.97431183, -2.7451484;
 0.12316187, 0.98072106, 0.15171456, 4.1403141;
 0, 0, 0, 1]
Twc:
[0.98122311, -0.14843322, 0.12316187, -2.5570552;
 -0.097478591, 0.16936375, 0.98072106, -3.4326749;
 -0.16643074, -0.97431183, 0.15171456, -3.0246654;
 0, 0, 0, 1]
Ow:
[1.6710322;
 -2.7451484;
 4.1403141]
Keyframe: 62 Frame: 573 Frame from vFrameID : 574
Tcw:
[0.98205954, -0.095537178, -0.16257821, 1.7789004;
 -0.14159507, 0.19579738, -0.97036809, -2.8107891;
 0.12453862, 0.97597951, 0.1787571, 4.2499104;
 0, 0, 0, 1]
Twc:
[0.98205954, -0.14159507, 0.12453862, -2.674258;
 -0.095537178, 0.19579738, 0.97597951, -3.4275293;
 -0.16257821, -0.97036809, 0.1787571, -3.1979911;
 0, 0, 0, 1]
Ow:
[1.7789004;
 -2.8107891;
 4.2499104]
Keyframe: 63 Frame: 581 Frame from vFrameID : 582
Tcw:
[0.96622872, -0.13331814, -0.22051825, 1.8159842;
 -0.19593668, 0.17570482, -0.96474695, -2.8114147;
 0.16736439, 0.9753738, 0.14364915, 4.3545585;
 0, 0, 0, 1]
Twc:
[0.96622872, -0.19593668, 0.16736439, -3.0343134;
 -0.13331814, 0.17570482, 0.9753738, -3.5112393;
 -0.22051825, -0.96474695, 0.14364915, -2.9373746;
 0, 0, 0, 1]
Ow:
[1.8159842;
 -2.8114147;
 4.3545585]
Keyframe: 64 Frame: 590 Frame from vFrameID : 591
Tcw:
[0.965168, -0.13617285, -0.22340031, 1.8362651;
 -0.1940551, 0.20011137, -0.96036351, -2.8946967;
 0.17548037, 0.97026408, 0.16671607, 4.4428759;
 0, 0, 0, 1]
Twc:
[0.965168, -0.1940551, 0.17548037, -3.1136725;
 -0.13617285, 0.20011137, 0.97026408, -3.4814517;
 -0.22340031, -0.96036351, 0.16671607, -3.1104379;
 0, 0, 0, 1]
Ow:
[1.8362651;
 -2.8946967;
 4.4428759]
Keyframe: 65 Frame: 599 Frame from vFrameID : 600
Tcw:
[0.97409683, -0.12994173, -0.18506888, 1.8857744;
 -0.15640956, 0.20390262, -0.96641594, -2.9287558;
 0.16331379, 0.97032928, 0.17829676, 4.5462193;
 0, 0, 0, 1]
Twc:
[0.97409683, -0.15640956, 0.16331379, -3.0374727;
 -0.12994173, 0.20390262, 0.97032928, -3.5691078;
 -0.18506888, -0.96641594, 0.17829676, -3.2919741;
 0, 0, 0, 1]
Ow:
[1.8857744;
 -2.9287558;
 4.5462193]
Keyframe: 66 Frame: 607 Frame from vFrameID : 608
Tcw:
[0.97655022, -0.11521365, -0.18186668, 1.9132996;
 -0.15556104, 0.20636152, -0.9660309, -2.9146049;
 0.14883022, 0.97166902, 0.18359964, 4.6775446;
 0, 0, 0, 1]
Twc:
[0.97655022, -0.15556104, 0.14883022, -3.017992;
 -0.11521365, 0.20636152, 0.97166902, -3.723125;
 -0.18186668, -0.9660309, 0.18359964, -3.3264284;
 0, 0, 0, 1]
Ow:
[1.9132996;
 -2.9146049;
 4.6775446]
Keyframe: 67 Frame: 616 Frame from vFrameID : 617
Tcw:
[0.96406424, -0.14467552, -0.22282091, 1.988946;
 -0.19383173, 0.1905385, -0.96235353, -2.9585593;
 0.18168496, 0.97096038, 0.15564865, 4.8782487;
 0, 0, 0, 1]
Twc:
[0.96406424, -0.19383173, 0.18168496, -3.3772388;
 -0.14467552, 0.1905385, 0.97096038, -3.8851151;
 -0.22282091, -0.96235353, 0.15564865, -3.1632943;
 0, 0, 0, 1]
Ow:
[1.988946;
 -2.9585593;
 4.8782487]
Keyframe: 68 Frame: 625 Frame from vFrameID : 626
Tcw:
[0.96996915, -0.13153698, -0.20459202, 1.9703207;
 -0.17740016, 0.19287145, -0.96505427, -2.9836097;
 0.16640028, 0.97236753, 0.16374467, 5.0127449;
 0, 0, 0, 1]
Twc:
[0.96996915, -0.17740016, 0.16640028, -3.2745652;
 -0.13153698, 0.19287145, 0.97236753, -4.039607;
 -0.20459202, -0.96505427, 0.16374467, -3.2970438;
 0, 0, 0, 1]
Ow:
[1.9703207;
 -2.9836097;
 5.0127449]
Keyframe: 69 Frame: 633 Frame from vFrameID : 634
Tcw:
[0.97531384, -0.081153691, -0.20537038, 1.9723762;
 -0.18461294, 0.21064258, -0.9599728, -2.8922455;
 0.12116509, 0.9741888, 0.19046059, 5.0767031;
 0, 0, 0, 1]
Twc:
[0.97531384, -0.18461294, 0.12116509, -3.0727508;
 -0.081153691, 0.21064258, 0.9741888, -4.1763716;
 -0.20537038, -0.9599728, 0.19046059, -3.3383212;
 0, 0, 0, 1]
Ow:
[1.9723762;
 -2.8922455;
 5.0767031]
Keyframe: 70 Frame: 642 Frame from vFrameID : 643
Tcw:
[0.97376579, -0.092367172, -0.20796278, 1.8388247;
 -0.18726841, 0.19389072, -0.96298337, -2.8081112;
 0.12927011, 0.97666508, 0.1715067, 5.2640328;
 0, 0, 0, 1]
Twc:
[0.97376579, -0.18726841, 0.12927011, -2.996937;
 -0.092367172, 0.19389072, 0.97666508, -4.4268832;
 -0.20796278, -0.96298337, 0.1715067, -3.2245739;
 0, 0, 0, 1]
Ow:
[1.8388247;
 -2.8081112;
 5.2640328]
Keyframe: 71 Frame: 650 Frame from vFrameID : 651
Tcw:
[0.95981866, -0.11813148, -0.25454482, 1.9253306;
 -0.22784196, 0.20146601, -0.95262766, -2.9214649;
 0.16381745, 0.97234583, 0.16645552, 5.3831601;
 0, 0, 0, 1]
Twc:
[0.95981866, -0.22784196, 0.16381745, -3.3954563;
 -0.11813148, 0.20146601, 0.97234583, -4.4182754;
 -0.25454482, -0.95262766, 0.16645552, -3.1890423;
 0, 0, 0, 1]
Ow:
[1.9253306;
 -2.9214649;
 5.3831601]
Keyframe: 72 Frame: 658 Frame from vFrameID : 659
Tcw:
[0.97634846, -0.098583244, -0.1924189, 1.8496444;
 -0.17289227, 0.17837097, -0.96865475, -2.9363818;
 0.12981507, 0.97901231, 0.15710793, 5.553987;
 0, 0, 0, 1]
Twc:
[0.97634846, -0.17289227, 0.12981507, -3.0345664;
 -0.098583244, 0.17837097, 0.97901231, -4.7313128;
 -0.1924189, -0.96865475, 0.15710793, -3.3610091;
 0, 0, 0, 1]
Ow:
[1.8496444;
 -2.9363818;
 5.553987]
Keyframe: 73 Frame: 666 Frame from vFrameID : 667
Tcw:
[0.98556775, -0.071694613, -0.1533495, 1.9187741;
 -0.13704783, 0.19382596, -0.97141618, -3.0367723;
 0.099368416, 0.97841269, 0.18120302, 5.588099;
 0, 0, 0, 1]
Twc:
[0.98556775, -0.13704783, 0.099368416, -2.8625455;
 -0.071694613, 0.19382596, 0.97841269, -4.7412958;
 -0.1533495, -0.97141618, 0.18120302, -3.6683071;
 0, 0, 0, 1]
Ow:
[1.9187741;
 -3.0367723;
 5.588099]
Keyframe: 74 Frame: 673 Frame from vFrameID : 674
Tcw:
[0.98503393, -0.080547936, -0.15238176, 1.8024089;
 -0.13948061, 0.14687055, -0.97927231, -3.0308211;
 0.10125875, 0.98587072, 0.1334376, 5.8058906;
 0, 0, 0, 1]
Twc:
[0.98503393, -0.13948061, 0.10125875, -2.786072;
 -0.080547936, 0.14687055, 0.98587072, -5.1335387;
 -0.15238176, -0.97927231, 0.1334376, -3.4680688;
 0, 0, 0, 1]
Ow:
[1.8024089;
 -3.0308211;
 5.8058906]
Keyframe: 75 Frame: 681 Frame from vFrameID : 682
Tcw:
[0.97699058, -0.094172664, -0.19136578, 1.8730283;
 -0.17340478, 0.17166971, -0.96977329, -3.0966721;
 0.12417785, 0.98064315, 0.1513897, 5.8549676;
 0, 0, 0, 1]
Twc:
[0.97699058, -0.17340478, 0.12417785, -3.0939662;
 -0.094172664, 0.17166971, 0.98064315, -5.0336413;
 -0.19136578, -0.96977329, 0.1513897, -3.5310185;
 0, 0, 0, 1]
Ow:
[1.8730283;
 -3.0966721;
 5.8549676]
Keyframe: 76 Frame: 689 Frame from vFrameID : 690
Tcw:
[0.98038846, -0.072375901, -0.18330355, 1.9250954;
 -0.16823521, 0.17707342, -0.96971232, -3.2287829;
 0.10264198, 0.98153287, 0.16142456, 5.9546714;
 0, 0, 0, 1]
Twc:
[0.98038846, -0.16823521, 0.10264198, -3.0417354;
 -0.072375901, 0.17707342, 0.98153287, -5.1336436;
 -0.18330355, -0.96971232, 0.16142456, -3.7393436;
 0, 0, 0, 1]
Ow:
[1.9250954;
 -3.2287829;
 5.9546714]
Keyframe: 77 Frame: 698 Frame from vFrameID : 699
Tcw:
[0.99219078, -0.032650173, -0.12038051, 1.906673;
 -0.11197115, 0.19206724, -0.97497314, -3.2854824;
 0.054954197, 0.98083848, 0.18691146, 6.0469918;
 0, 0, 0, 1]
Twc:
[0.99219078, -0.11197115, 0.054954197, -2.59197;
 -0.032650173, 0.19206724, 0.98083848, -5.2378354;
 -0.12038051, -0.97497314, 0.18691146, -4.1039829;
 0, 0, 0, 1]
Ow:
[1.906673;
 -3.2854824;
 6.0469918]
Keyframe: 78 Frame: 707 Frame from vFrameID : 708
Tcw:
[0.986386, -0.0619567, -0.15232867, 1.9444175;
 -0.13990723, 0.1706284, -0.97535223, -3.3108897;
 0.086421199, 0.98338562, 0.15963727, 6.1144948;
 0, 0, 0, 1]
Twc:
[0.986386, -0.13990723, 0.086421199, -2.9095855;
 -0.0619567, 0.1706284, 0.98338562, -5.3275051;
 -0.15232867, -0.97535223, 0.15963727, -3.9091942;
 0, 0, 0, 1]
Ow:
[1.9444175;
 -3.3108897;
 6.1144948]
Keyframe: 79 Frame: 716 Frame from vFrameID : 717
Tcw:
[0.98211879, -0.076535143, -0.17200324, 1.9725242;
 -0.15367498, 0.20185445, -0.9672842, -3.3291812;
 0.10875086, 0.97642058, 0.1864835, 6.2175388;
 0, 0, 0, 1]
Twc:
[0.98211879, -0.15367498, 0.10875086, -3.1250274;
 -0.076535143, 0.20185445, 0.97642058, -5.2479553;
 -0.17200324, -0.9672842, 0.1864835, -4.0404525;
 0, 0, 0, 1]
Ow:
[1.9725242;
 -3.3291812;
 6.2175388]
Keyframe: 80 Frame: 725 Frame from vFrameID : 726
Tcw:
[0.98836678, -0.057810634, -0.14067343, 1.9780724;
 -0.12699802, 0.19520611, -0.97250503, -3.3801022;
 0.083681449, 0.97905695, 0.1855934, 6.3047385;
 0, 0, 0, 1]
Twc:
[0.98836678, -0.12699802, 0.083681449, -2.911917;
 -0.057810634, 0.19520611, 0.97905695, -5.3985276;
 -0.14067343, -0.97250503, 0.1855934, -4.1790218;
 0, 0, 0, 1]
Ow:
[1.9780724;
 -3.3801022;
 6.3047385]
Keyframe: 81 Frame: 733 Frame from vFrameID : 734
Tcw:
[0.99128956, -0.052407555, -0.12082388, 2.0318911;
 -0.10742979, 0.20891333, -0.97201544, -3.4503107;
 0.076182671, 0.97652888, 0.20146346, 6.4007702;
 0, 0, 0, 1]
Twc:
[0.99128956, -0.10742979, 0.076182671, -2.8724866;
 -0.052407555, 0.20891333, 0.97652888, -5.4232345;
 -0.12082388, -0.97201544, 0.20146346, -4.3977757;
 0, 0, 0, 1]
Ow:
[2.0318911;
 -3.4503107;
 6.4007702]
Keyframe: 82 Frame: 743 Frame from vFrameID : 744
Tcw:
[0.97837818, -0.099660262, -0.18122913, 2.1074855;
 -0.16280071, 0.16934705, -0.97201723, -3.5309243;
 0.12756211, 0.98050469, 0.14946069, 6.512104;
 0, 0, 0, 1]
Twc:
[0.97837818, -0.16280071, 0.12756211, -3.4674525;
 -0.099660262, 0.16934705, 0.98050469, -5.5771642;
 -0.18122913, -0.97201723, 0.14946069, -4.0234852;
 0, 0, 0, 1]
Ow:
[2.1074855;
 -3.5309243;
 6.512104]
Keyframe: 83 Frame: 752 Frame from vFrameID : 753
Tcw:
[0.97908175, -0.088719025, -0.18310623, 2.1202643;
 -0.16290046, 0.19741298, -0.96669102, -3.5973039;
 0.12191144, 0.97629762, 0.17883109, 6.6287746;
 0, 0, 0, 1]
Twc:
[0.97908175, -0.16290046, 0.12191144, -3.4700377;
 -0.088719025, 0.19741298, 0.97629762, -5.5733948;
 -0.18310623, -0.96669102, 0.17883109, -4.2746787;
 0, 0, 0, 1]
Ow:
[2.1202643;
 -3.5973039;
 6.6287746]
Keyframe: 84 Frame: 759 Frame from vFrameID : 760
Tcw:
[0.98795545, -0.061697621, -0.14190648, 2.1345212;
 -0.126481, 0.20633477, -0.97027242, -3.6487923;
 0.089143746, 0.97653437, 0.19604598, 6.6510701;
 0, 0, 0, 1]
Twc:
[0.98795545, -0.126481, 0.089143746, -3.1632159;
 -0.061697621, 0.20633477, 0.97653437, -5.6104307;
 -0.14190648, -0.97027242, 0.19604598, -4.5413356;
 0, 0, 0, 1]
Ow:
[2.1345212;
 -3.6487923;
 6.6510701]
Keyframe: 85 Frame: 767 Frame from vFrameID : 768
Tcw:
[0.99317324, -0.03715466, -0.11057348, 2.1477277;
 -0.099516079, 0.22465488, -0.96934348, -3.728471;
 0.060856499, 0.97372979, 0.21942373, 6.7720666;
 0, 0, 0, 1]
Twc:
[0.99317324, -0.099516079, 0.060856499, -2.9162326;
 -0.03715466, 0.22465488, 0.97372979, -5.6767459;
 -0.11057348, -0.96934348, 0.21942373, -4.8626394;
 0, 0, 0, 1]
Ow:
[2.1477277;
 -3.728471;
 6.7720666]
Keyframe: 86 Frame: 774 Frame from vFrameID : 775
Tcw:
[0.98376977, -0.044283275, -0.17388514, 2.2130518;
 -0.16130643, 0.20621109, -0.96512032, -3.7453778;
 0.078595735, 0.97750497, 0.19572105, 6.8628101;
 0, 0, 0, 1]
Twc:
[0.98376977, -0.16130643, 0.078595735, -3.3206744;
 -0.044283275, 0.20621109, 0.97750497, -5.8380914;
 -0.17388514, -0.96512032, 0.19572105, -4.5731201;
 0, 0, 0, 1]
Ow:
[2.2130518;
 -3.7453778;
 6.8628101]
Keyframe: 87 Frame: 782 Frame from vFrameID : 783
Tcw:
[0.9767555, -0.082435168, -0.19787146, 2.2244277;
 -0.17659937, 0.21373911, -0.96079564, -3.7739093;
 0.12149622, 0.97340643, 0.19421287, 6.9837785;
 0, 0, 0, 1]
Twc:
[0.9767555, -0.17659937, 0.12149622, -3.6876948;
 -0.082435168, 0.21373911, 0.97340643, -5.8080511;
 -0.19787146, -0.96079564, 0.19421287, -4.5421443;
 0, 0, 0, 1]
Ow:
[2.2244277;
 -3.7739093;
 6.9837785]
Keyframe: 88 Frame: 790 Frame from vFrameID : 791
Tcw:
[0.98324209, -0.076618634, -0.16542226, 2.2020612;
 -0.14773493, 0.1967787, -0.9692536, -3.7316546;
 0.10681446, 0.9774496, 0.18216187, 7.1031418;
 0, 0, 0, 1]
Twc:
[0.98324209, -0.14773493, 0.10681446, -3.4751732;
 -0.076618634, 0.1967787, 0.9774496, -6.0399342;
 -0.16542226, -0.9692536, 0.18216187, -4.5465713;
 0, 0, 0, 1]
Ow:
[2.2020612;
 -3.7316546;
 7.1031418]
Keyframe: 89 Frame: 798 Frame from vFrameID : 799
Tcw:
[0.98793966, -0.071866833, -0.13715111, 2.2642481;
 -0.11742646, 0.22961101, -0.96617275, -3.7650962;
 0.10092718, 0.97062552, 0.21840276, 7.1763978;
 0, 0, 0, 1]
Twc:
[0.98793966, -0.11742646, 0.10092718, -3.4033561;
 -0.071866833, 0.22961101, 0.97062552, -5.9383636;
 -0.13715111, -0.96617275, 0.21840276, -4.8945346;
 0, 0, 0, 1]
Ow:
[2.2642481;
 -3.7650962;
 7.1763978]
Keyframe: 90 Frame: 806 Frame from vFrameID : 807
Tcw:
[0.97902787, -0.095108539, -0.18016335, 2.2905068;
 -0.15826598, 0.20178561, -0.96655804, -3.7076929;
 0.12828229, 0.97480094, 0.18250129, 7.3067045;
 0, 0, 0, 1]
Twc:
[0.97902787, -0.15826598, 0.12828229, -3.7665925;
 -0.095108539, 0.20178561, 0.97480094, -6.1565771;
 -0.18016335, -0.96655804, 0.18250129, -4.504518;
 0, 0, 0, 1]
Ow:
[2.2905068;
 -3.7076929;
 7.3067045]
Keyframe: 91 Frame: 813 Frame from vFrameID : 814
Tcw:
[0.97457248, -0.10858329, -0.19600542, 2.2956414;
