Keyframe: 0 Frame: 0 Frame from vFrameID : 122
Tcw:
[1, 0, 0, 0;
 0, 1, 0, 0;
 0, 0, 1, 0;
 0, 0, 0, 1]
Twc:
[1, 0, 0, 0;
 0, 1, 0, 0;
 0, 0, 1, 0;
 0, 0, 0, 1]
Ow:
[0;
 0;
 0]
Keyframe: 1 Frame: 121 Frame from vFrameID : 122
Tcw:
[0.99993473, 0.0062163454, 0.0095833577, 0.029507052;
 -0.006135324, 0.9999454, -0.0084607368, -0.0066318484;
 -0.0096354289, 0.0084013874, 0.99991828, 0.058491893;
 0, 0, 0, 1]
Twc:
[0.99993473, -0.006135324, -0.0096354289, -0.028982224;
 0.0062163454, 0.9999454, 0.0084013874, 0.0059566465;
 0.0095833577, -0.0084607368, 0.99991828, -0.058825999;
 0, 0, 0, 1]
Ow:
[0.029507052;
 -0.0066318484;
 0.058491893]
Keyframe: 2 Frame: 122 Frame from vFrameID : 123
Tcw:
[0.99998915, 0.0035467064, 0.0030216665, 0.032203045;
 -0.0035107767, 0.99992406, -0.01181414, -0.0039822035;
 -0.0030633383, 0.011803403, 0.99992567, 0.061703868;
 0, 0, 0, 1]
Twc:
[0.99998915, -0.0035107767, -0.0030633383, -0.032027654;
 0.0035467064, 0.99992406, 0.011803403, 0.0031393708;
 0.0030216665, -0.01181414, 0.99992567, -0.061843634;
 0, 0, 0, 1]
Ow:
[0.032203045;
 -0.0039822035;
 0.061703868]
Keyframe: 3 Frame: 123 Frame from vFrameID : 124
Tcw:
[0.99997544, 0.0066250809, -0.0022849052, 0.03767281;
 -0.0066472865, 0.99992937, -0.0098516615, -0.0077524497;
 0.0022194756, 0.0098666083, 0.99994886, 0.064267941;
 0, 0, 0, 1]
Twc:
[0.99997544, -0.0066472865, 0.0022194756, -0.03786606;
 0.0066250809, 0.99992937, 0.0098666083, 0.0068682102;
 -0.0022849052, -0.0098516615, 0.99994886, -0.064254947;
 0, 0, 0, 1]
Ow:
[0.03767281;
 -0.0077524497;
 0.064267941]
Keyframe: 4 Frame: 124 Frame from vFrameID : 125
Tcw:
[0.9999755, 0.0066133984, -0.0023055312, 0.037692666;
 -0.0066356836, 0.99993002, -0.0097961258, -0.0077630482;
 0.0022405842, 0.0098111844, 0.99994934, 0.0642929;
 0, 0, 0, 1]
Twc:
[0.9999755, -0.0066356836, 0.0022405842, -0.037887305;
 0.0066133984, 0.99993002, 0.0098111844, 0.0068824384;
 -0.0023055312, -0.0097961258, 0.99994934, -0.064278789;
 0, 0, 0, 1]
Ow:
[0.037692666;
 -0.0077630482;
 0.0642929]
Keyframe: 5 Frame: 125 Frame from vFrameID : 126
Tcw:
[0.99983084, 0.016314993, -0.0084901834, 0.049940042;
 -0.016477162, 0.99967611, -0.019394912, -0.010325483;
 0.0081710061, 0.019531526, 0.99977583, 0.070522398;
 0, 0, 0, 1]
Twc:
[0.99983084, -0.016477162, 0.0081710061, -0.050677966;
 0.016314993, 0.99967611, 0.019531526, 0.0081299571;
 -0.0084901834, -0.019394912, 0.99977583, -0.070282854;
 0, 0, 0, 1]
Ow:
[0.049940042;
 -0.010325483;
 0.070522398]
Keyframe: 6 Frame: 126 Frame from vFrameID : 127
Tcw:
[0.99962008, 0.025693612, -0.0099781258, 0.057037737;
 -0.025911309, 0.99941462, -0.022338036, -0.010212746;
 0.0093983402, 0.022588097, 0.99970067, 0.072823696;
 0, 0, 0, 1]
Twc:
[0.99962008, -0.025911309, 0.0093983402, -0.057965115;
 0.025693612, 0.99941462, 0.022588097, 0.0070963148;
 -0.0099781258, -0.022338036, 0.99970067, -0.072460897;
 0, 0, 0, 1]
Ow:
[0.057037737;
 -0.010212746;
 0.072823696]
Keyframe: 7 Frame: 128 Frame from vFrameID : 129
Tcw:
[0.99919456, 0.037942991, -0.013059645, 0.055812892;
 -0.038264833, 0.99894613, -0.025345884, -0.01263448;
 0.012084183, 0.025825195, 0.99959344, 0.07882607;
 0, 0, 0, 1]
Twc:
[0.99919456, -0.038264833, 0.012084183, -0.057203941;
 0.037942991, 0.99894613, 0.025825195, 0.008467759;
 -0.013059645, -0.025345884, 0.99959344, -0.078385353;
 0, 0, 0, 1]
Ow:
[0.055812892;
 -0.01263448;
 0.07882607]
Keyframe: 8 Frame: 130 Frame from vFrameID : 131
Tcw:
[0.99917895, 0.029689629, -0.027566591, 0.058242388;
 -0.030312996, 0.99928766, -0.022477536, -0.012721613;
 0.026879607, 0.023294706, 0.99936724, 0.082112558;
 0, 0, 0, 1]
Twc:
[0.99917895, -0.030312996, 0.026879607, -0.060787354;
 0.029689629, 0.99928766, 0.023294706, 0.0090705687;
 -0.027566591, -0.022477536, 0.99936724, -0.080741003;
 0, 0, 0, 1]
Ow:
[0.058242388;
 -0.012721613;
 0.082112558]
Keyframe: 9 Frame: 132 Frame from vFrameID : 133
Tcw:
[0.99907535, 0.028666586, -0.032042127, 0.060874127;
 -0.029107258, 0.99948686, -0.013372049, -0.012705351;
 0.031642355, 0.014292343, 0.99939704, 0.08901269;
 0, 0, 0, 1]
Twc:
[0.99907535, -0.029107258, 0.031642355, -0.06400422;
 0.028666586, 0.99948686, 0.014292343, 0.0096815787;
 -0.032042127, -0.013372049, 0.99939704, -0.087178379;
 0, 0, 0, 1]
Ow:
[0.060874127;
 -0.012705351;
 0.08901269]
Keyframe: 10 Frame: 134 Frame from vFrameID : 135
Tcw:
[0.99902189, 0.030874494, -0.031655259, 0.065387756;
 -0.031160751, 0.99947745, -0.0085897017, -0.015565828;
 0.031373516, 0.0095677022, 0.99946195, 0.097167388;
 0, 0, 0, 1]
Twc:
[0.99902189, -0.031160751, 0.031373516, -0.06885732;
 0.030874494, 0.99947745, 0.0095677022, 0.012609213;
 -0.031655259, -0.0085897017, 0.99946195, -0.095178939;
 0, 0, 0, 1]
Ow:
[0.065387756;
 -0.015565828;
 0.097167388]
Keyframe: 11 Frame: 136 Frame from vFrameID : 137
Tcw:
[0.99906743, 0.029869078, -0.03117862, 0.069925465;
 -0.030295104, 0.99945277, -0.01328221, -0.018767709;
 0.030764829, 0.014214383, 0.99942559, 0.10471077;
 0, 0, 0, 1]
Twc:
[0.99906743, -0.030295104, 0.030764829, -0.073650241;
 0.029869078, 0.99945277, 0.014214383, 0.01518043;
 -0.03117862, -0.01328221, 0.99942559, -0.10271971;
 0, 0, 0, 1]
Ow:
[0.069925465;
 -0.018767709;
 0.10471077]
Keyframe: 12 Frame: 138 Frame from vFrameID : 139
Tcw:
[0.99950302, 0.024182728, -0.020222137, 0.066682339;
 -0.024604764, 0.999479, -0.020888312, -0.014650755;
 0.019706465, 0.021375492, 0.99957728, 0.11345033;
 0, 0, 0, 1]
Twc:
[0.99950302, -0.024604764, 0.019706465, -0.069245383;
 0.024182728, 0.999479, 0.021375492, 0.010605504;
 -0.020222137, -0.020888312, 0.99957728, -0.11235995;
 0, 0, 0, 1]
Ow:
[0.066682339;
 -0.014650755;
 0.11345033]
Keyframe: 13 Frame: 140 Frame from vFrameID : 141
Tcw:
[0.99980104, 0.019055113, -0.0058990573, 0.069546014;
 -0.019249305, 0.99920791, -0.034828544, -0.018239794;
 0.0052307229, 0.034935169, 0.99937588, 0.12670697;
 0, 0, 0, 1]
Twc:
[0.99980104, -0.019249305, 0.0052307229, -0.070546053;
 0.019055113, 0.99920791, 0.034935169, 0.01247361;
 -0.0058990573, -0.034828544, 0.99937588, -0.1268529;
 0, 0, 0, 1]
Ow:
[0.069546014;
 -0.018239794;
 0.12670697]
Keyframe: 14 Frame: 143 Frame from vFrameID : 144
Tcw:
[0.9997856, 0.020704139, -0.000362088, 0.067323655;
 -0.020698691, 0.9987126, -0.04631111, -0.017565127;
 -0.00059720979, 0.046308674, 0.998927, 0.13242297;
 0, 0, 0, 1]
Twc:
[0.9997856, -0.020698691, -0.00059720979, -0.067593709;
 0.020704139, 0.9987126, 0.046308674, 0.010016304;
 -0.000362088, -0.04631111, 0.998927, -0.13306996;
 0, 0, 0, 1]
Ow:
[0.067323655;
 -0.017565127;
 0.13242297]
Keyframe: 15 Frame: 145 Frame from vFrameID : 146
Tcw:
[0.99996835, -0.00092383759, 0.0079059806, 0.061966948;
 0.0012100729, 0.99934101, -0.036277056, -0.015614361;
 -0.0078672571, 0.036285471, 0.99931049, 0.14196526;
 0, 0, 0, 1]
Twc:
[0.99996835, 0.0012100729, -0.0078672571, -0.060829215;
 -0.00092383759, 0.99934101, 0.036285471, 0.010510043;
 0.0079059806, -0.036277056, 0.99931049, -0.14292371;
 0, 0, 0, 1]
Ow:
[0.061966948;
 -0.015614361;
 0.14196526]
Keyframe: 16 Frame: 147 Frame from vFrameID : 148
Tcw:
[0.99985802, -0.0030612145, 0.016569862, 0.064262845;
 0.0035261652, 0.9995988, -0.028103929, -0.014647643;
 -0.016477183, 0.028158367, 0.99946767, 0.1490424;
 0, 0, 0, 1]
Twc:
[0.99985802, 0.0035261652, -0.016477183, -0.061746269;
 -0.0030612145, 0.9995988, 0.028158367, 0.010641698;
 0.016569862, -0.028103929, 0.99946767, -0.15043953;
 0, 0, 0, 1]
Ow:
[0.064262845;
 -0.014647643;
 0.1490424]
Keyframe: 17 Frame: 150 Frame from vFrameID : 151
Tcw:
[0.99982899, -0.0023797462, 0.018339856, 0.064663768;
 0.0025452997, 0.99995619, -0.0090089319, -0.015551007;
 -0.018317614, 0.0090540713, 0.9997912, 0.15956075;
 0, 0, 0, 1]
Twc:
[0.99982899, 0.0025452997, -0.018317614, -0.061690357;
 -0.0023797462, 0.99995619, 0.0090540713, 0.014259534;
 0.018339856, -0.0090089319, 0.9997912, -0.16085348;
 0, 0, 0, 1]
Ow:
[0.064663768;
 -0.015551007;
 0.15956075]
Keyframe: 18 Frame: 153 Frame from vFrameID : 154
Tcw:
[0.99991655, -0.0023289958, 0.012705083, 0.068562545;
 0.0024346507, 0.99996251, -0.0083068172, -0.016370289;
 -0.012685261, 0.0083370572, 0.99988478, 0.17072368;
 0, 0, 0, 1]
Twc:
[0.99991655, 0.0024346507, -0.012685261, -0.066351295;
 -0.0023289958, 0.99996251, 0.0083370572, 0.015106025;
 0.012705083, -0.0083068172, 0.99988478, -0.17171109;
 0, 0, 0, 1]
Ow:
[0.068562545;
 -0.016370289;
 0.17072368]
Keyframe: 19 Frame: 156 Frame from vFrameID : 157
Tcw:
[0.99992007, 0.0028768545, 0.012310244, 0.078180611;
 -0.0026751154, 0.99986237, -0.0163731, -0.016818497;
 -0.012355654, 0.016338861, 0.99979019, 0.18383603;
 0, 0, 0, 1]
Twc:
[0.99992007, -0.0026751154, -0.012355654, -0.075947948;
 0.0028768545, 0.99986237, 0.016338861, 0.013587598;
 0.012310244, -0.0163731, 0.99979019, -0.18503524;
 0, 0, 0, 1]
Ow:
[0.078180611;
 -0.016818497;
 0.18383603]
Keyframe: 20 Frame: 159 Frame from vFrameID : 160
Tcw:
[0.99984491, 0.014858601, 0.0094532268, 0.088025987;
 -0.014649211, 0.999654, -0.021846533, -0.018869646;
 -0.0097745648, 0.021704663, 0.99971664, 0.19489531;
 0, 0, 0, 1]
Twc:
[0.99984491, -0.014649211, -0.0097745648, -0.086383745;
 0.014858601, 0.999654, 0.021704663, 0.013325037;
 0.0094532268, -0.021846533, 0.99971664, -0.19608445;
 0, 0, 0, 1]
Ow:
[0.088025987;
 -0.018869646;
 0.19489531]
Keyframe: 21 Frame: 162 Frame from vFrameID : 163
Tcw:
[0.99983811, 0.017630501, 0.003590486, 0.096226737;
 -0.017541461, 0.99957043, -0.023479953, -0.019673649;
 -0.0040029068, 0.02341317, 0.99971783, 0.20346792;
 0, 0, 0, 1]
Twc:
[0.99983811, -0.017541461, -0.0040029068, -0.095741801;
 0.017630501, 0.99957043, 0.02341317, 0.013204844;
 0.003590486, -0.023479953, 0.99971783, -0.20421796;
 0, 0, 0, 1]
Ow:
[0.096226737;
 -0.019673649;
 0.20346792]
Keyframe: 22 Frame: 166 Frame from vFrameID : 167
Tcw:
[0.99975002, 0.019060137, -0.01168853, 0.10376423;
 -0.019381825, 0.99941844, -0.02805551, -0.020651983;
 0.011146991, 0.028275041, 0.999538, 0.21677795;
 0, 0, 0, 1]
Twc:
[0.99975002, -0.019381825, 0.011146991, -0.10655499;
 0.019060137, 0.99941844, 0.028275041, 0.012532807;
 -0.01168853, -0.02805551, 0.999538, -0.21604435;
 0, 0, 0, 1]
Ow:
[0.10376423;
 -0.020651983;
 0.21677795]
Keyframe: 23 Frame: 169 Frame from vFrameID : 170
Tcw:
[0.99981242, 0.017763022, -0.0077210655, 0.10846674;
 -0.017816667, 0.99981719, -0.0069353697, -0.020176113;
 0.0075964611, 0.0070716324, 0.99994612, 0.22954696;
 0, 0, 0, 1]
Twc:
[0.99981242, -0.017816667, 0.0075964611, -0.11054961;
 0.017763022, 0.99981719, 0.0070716324, 0.016622456;
 -0.0077210655, -0.0069353697, 0.99994612, -0.22883704;
 0, 0, 0, 1]
Ow:
[0.10846674;
 -0.020176113;
 0.22954696]
Keyframe: 24 Frame: 173 Frame from vFrameID : 174
Tcw:
[0.99987745, 0.013716155, -0.0075468579, 0.11134315;
 -0.013732238, 0.99990356, -0.0020833833, -0.021725807;
 0.0075175539, 0.0021867631, 0.99996936, 0.24576543;
 0, 0, 0, 1]
Twc:
[0.99987745, -0.013732238, 0.0075175539, -0.1134754;
 0.013716155, 0.99990356, 0.0021867631, 0.019659081;
 -0.0075468579, -0.0020833833, 0.99996936, -0.24496287;
 0, 0, 0, 1]
Ow:
[0.11134315;
 -0.021725807;
 0.24576543]
Keyframe: 25 Frame: 177 Frame from vFrameID : 178
Tcw:
[0.99993217, 0.011642387, -0.00027649189, 0.11553487;
 -0.01164548, 0.99976951, -0.01803498, -0.024647726;
 6.6457949e-05, 0.018036976, 0.99983734, 0.25828007;
 0, 0, 0, 1]
Twc:
[0.99993217, -0.01164548, 6.6457949e-05, -0.11583125;
 0.011642387, 0.99976951, 0.018036976, 0.018638352;
 -0.00027649189, -0.01803498, 0.99983734, -0.25865063;
 0, 0, 0, 1]
Ow:
[0.11553487;
 -0.024647726;
 0.25828007]
Keyframe: 26 Frame: 180 Frame from vFrameID : 181
Tcw:
[0.9999783, 0.0062200045, 0.0021690307, 0.11543287;
 -0.0061499123, 0.99950206, -0.030948667, -0.025627472;
 -0.0023604515, 0.030934656, 0.99951863, 0.2671001;
 0, 0, 0, 1]
Twc:
[0.9999783, -0.0061499123, -0.0023604515, -0.1149575;
 0.0062200045, 0.99950206, 0.030934656, 0.016634069;
 0.0021690307, -0.030948667, 0.99951863, -0.26801503;
 0, 0, 0, 1]
Ow:
[0.11543287;
 -0.025627472;
 0.2671001]
Keyframe: 27 Frame: 184 Frame from vFrameID : 185
Tcw:
[0.9998191, 0.00013016234, 0.019019093, 0.1202006;
 0.00045001361, 0.99953473, -0.030497456, -0.025606807;
 -0.019014215, 0.0305005, 0.99935389, 0.28261337;
 0, 0, 0, 1]
Twc:
[0.9998191, 0.00045001361, -0.019014215, -0.11479367;
 0.00013016234, 0.99953473, 0.0305005, 0.016959399;
 0.019019093, -0.030497456, 0.99935389, -0.28549781;
 0, 0, 0, 1]
Ow:
[0.1202006;
 -0.025606807;
 0.28261337]
Keyframe: 28 Frame: 187 Frame from vFrameID : 188
Tcw:
[0.99986875, 0.0043005934, 0.015620614, 0.125891;
 -0.003791837, 0.999466, -0.032454386, -0.025922343;
 -0.015751846, 0.032390896, 0.99935114, 0.29185316;
 0, 0, 0, 1]
Twc:
[0.99986875, -0.003791837, -0.015751846, -0.12137554;
 0.0043005934, 0.999466, 0.032390896, 0.01591371;
 0.015620614, -0.032454386, 0.99935114, -0.29447156;
 0, 0, 0, 1]
Ow:
[0.125891;
 -0.025922343;
 0.29185316]
Keyframe: 29 Frame: 191 Frame from vFrameID : 192
Tcw:
[0.99993271, 0.0093614385, 0.0068547353, 0.13461065;
 -0.0091109909, 0.99932104, -0.035698641, -0.028081337;
 -0.0071842722, 0.035633788, 0.9993391, 0.3031545;
 0, 0, 0, 1]
Twc:
[0.99993271, -0.0091109909, -0.0071842722, -0.13267949;
 0.0093614385, 0.99932104, 0.035633788, 0.01599958;
 0.0068547353, -0.035698641, 0.9993391, -0.30487934;
 0, 0, 0, 1]
Ow:
[0.13461065;
 -0.028081337;
 0.3031545]
Keyframe: 30 Frame: 194 Frame from vFrameID : 195
Tcw:
[0.99995041, 0.0098194387, -0.0016718088, 0.14547391;
 -0.00987936, 0.99912244, -0.040703733, -0.028286863;
 0.0012706538, 0.040718231, 0.99916989, 0.30839252;
 0, 0, 0, 1]
Twc:
[0.99995041, -0.00987936, 0.0012706538, -0.14613801;
 0.0098194387, 0.99912244, 0.040718231, 0.01427637;
 -0.0016718088, -0.040703733, 0.99916989, -0.30904469;
 0, 0, 0, 1]
Ow:
[0.14547391;
 -0.028286863;
 0.30839252]
Keyframe: 31 Frame: 198 Frame from vFrameID : 199
Tcw:
[0.99952686, 0.024911141, -0.018040989, 0.15694159;
 -0.025712175, 0.99862784, -0.045621131, -0.036065564;
 0.01687976, 0.046063419, 0.99879587, 0.32178476;
 0, 0, 0, 1]
Twc:
[0.99952686, -0.025712175, 0.01687976, -0.16322632;
 0.024911141, 0.99862784, 0.046063419, 0.017283976;
 -0.018040989, -0.045621131, 0.99879587, -0.32021129;
 0, 0, 0, 1]
Ow:
[0.15694159;
 -0.036065564;
 0.32178476]
Keyframe: 32 Frame: 202 Frame from vFrameID : 203
Tcw:
[0.99963832, 0.020324297, -0.017612116, 0.1625907;
 -0.021001611, 0.99901199, -0.039166063, -0.03431293;
 0.016798692, 0.03952178, 0.9990775, 0.33471265;
 0, 0, 0, 1]
Twc:
[0.99963832, -0.021001611, 0.016798692, -0.16887526;
 0.020324297, 0.99901199, 0.03952178, 0.017746044;
 -0.017612116, -0.039166063, 0.9990775, -0.33288422;
 0, 0, 0, 1]
Ow:
[0.1625907;
 -0.03431293;
 0.33471265]
Keyframe: 33 Frame: 206 Frame from vFrameID : 207
Tcw:
[0.99981916, 0.017673045, -0.0070205508, 0.16456674;
 -0.017967496, 0.99885386, -0.044363789, -0.035362162;
 0.0062284609, 0.044481911, 0.99899077, 0.35112709;
 0, 0, 0, 1]
Twc:
[0.99981916, -0.017967496, 0.0062284609, -0.16735932;
 0.017673045, 0.99885386, 0.044481911, 0.01679443;
 -0.0070205508, -0.044363789, 0.99899077, -0.35118619;
 0, 0, 0, 1]
Ow:
[0.16456674;
 -0.035362162;
 0.35112709]
Keyframe: 34 Frame: 210 Frame from vFrameID : 211
Tcw:
[0.99971962, 0.016906077, 0.0165786, 0.16374528;
 -0.015945444, 0.99827766, -0.056457464, -0.035919845;
 -0.017504521, 0.056177281, 0.99826735, 0.36945316;
 0, 0, 0, 1]
Twc:
[0.99971962, -0.015945444, -0.017504521, -0.15780503;
 0.016906077, 0.99827766, 0.056177281, 0.012334814;
 0.0165786, -0.056457464, 0.99826735, -0.37355566;
 0, 0, 0, 1]
Ow:
[0.16374528;
 -0.035919845;
 0.36945316]
Keyframe: 35 Frame: 213 Frame from vFrameID : 214
Tcw:
[0.99974048, 0.013266793, 0.018520407, 0.16290246;
 -0.012107823, 0.99804312, -0.061345894, -0.035434164;
 -0.019298028, 0.061105732, 0.99794471, 0.37565362;
 0, 0, 0, 1]
Twc:
[0.99974048, -0.012107823, -0.019298028, -0.15603983;
 0.013266793, 0.99804312, 0.061105732, 0.010249045;
 0.018520407, -0.061345894, 0.99794471, -0.3800723;
 0, 0, 0, 1]
Ow:
[0.16290246;
 -0.035434164;
 0.37565362]
Keyframe: 36 Frame: 217 Frame from vFrameID : 218
Tcw:
[0.99961746, 0.0071495329, 0.026716948, 0.16561891;
 -0.0058623399, 0.99883252, -0.047950398, -0.036050163;
 -0.027028579, 0.047775432, 0.99849236, 0.39143175;
 0, 0, 0, 1]
Twc:
[0.99961746, -0.0058623399, -0.027028579, -0.15518706;
 0.0071495329, 0.99883252, 0.047775432, 0.016123157;
 0.026716948, -0.047950398, 0.99849236, -0.39699504;
 0, 0, 0, 1]
Ow:
[0.16561891;
 -0.036050163;
 0.39143175]
Keyframe: 37 Frame: 221 Frame from vFrameID : 222
Tcw:
[0.99959993, 0.010426954, 0.026292525, 0.17247657;
 -0.0091598416, 0.99881202, -0.047861136, -0.037280872;
 -0.026760336, 0.047601152, 0.99850792, 0.40913254;
 0, 0, 0, 1]
Twc:
[0.99959993, -0.0091598416, -0.026760336, -0.16180053;
 0.010426954, 0.99881202, 0.047601152, 0.015962997;
 0.026292525, -0.047861136, 0.99850792, -0.4148412;
 0, 0, 0, 1]
Ow:
[0.17247657;
 -0.037280872;
 0.40913254]
Keyframe: 38 Frame: 224 Frame from vFrameID : 225
Tcw:
[0.99980462, 0.010306269, 0.016865972, 0.1788945;
 -0.0092612654, 0.99810052, -0.060905866, -0.036199719;
 -0.017461648, 0.060737766, 0.99800104, 0.41885865;
 0, 0, 0, 1]
Twc:
[0.99980462, -0.0092612654, -0.017461648, -0.17188086;
 0.010306269, 0.99810052, 0.060737766, 0.0088466834;
 0.016865972, -0.060905866, 0.99800104, -0.42324334;
 0, 0, 0, 1]
Ow:
[0.1788945;
 -0.036199719;
 0.41885865]
Keyframe: 39 Frame: 227 Frame from vFrameID : 228
Tcw:
[0.9998101, 0.014146697, 0.013403309, 0.1866478;
 -0.013239128, 0.99776226, -0.065538064, -0.038073119;
 -0.014300463, 0.065348171, 0.99776006, 0.4264015;
 0, 0, 0, 1]
Twc:
[0.9998101, -0.013239128, -0.014300463, -0.18101868;
 0.014146697, 0.99776226, 0.065348171, 0.0074829115;
 0.013403309, -0.065538064, 0.99776006, -0.43044332;
 0, 0, 0, 1]
Ow:
[0.1866478;
 -0.038073119;
 0.4264015]
Keyframe: 40 Frame: 231 Frame from vFrameID : 232
Tcw:
[0.9995414, 0.028544899, 0.010109041, 0.20143606;
 -0.027842479, 0.99756891, -0.063882872, -0.039804883;
 -0.011907996, 0.063572109, 0.99790621, 0.44224748;
 0, 0, 0, 1]
Twc:
[0.9995414, -0.027842479, -0.011907996, -0.19718567;
 0.028544899, 0.99756891, 0.063572109, 0.0058435355;
 0.010109041, -0.063882872, 0.99790621, -0.44590068;
 0, 0, 0, 1]
Ow:
[0.20143606;
 -0.039804883;
 0.44224748]
Keyframe: 41 Frame: 234 Frame from vFrameID : 235
Tcw:
[0.99950415, 0.031431399, -0.0018735409, 0.20378868;
 -0.03148682, 0.99800879, -0.054653276, -0.043255009;
 0.00015198144, 0.054685168, 0.99850363, 0.45220366;
 0, 0, 0, 1]
Twc:
[0.99950415, -0.03148682, 0.00015198144, -0.20511833;
 0.031431399, 0.99800879, 0.054685168, 0.012034684;
 -0.0018735409, -0.054653276, 0.99850363, -0.45350924;
 0, 0, 0, 1]
Ow:
[0.20378868;
 -0.043255009;
 0.45220366]
Keyframe: 42 Frame: 239 Frame from vFrameID : 240
Tcw:
[0.99948257, 0.031087535, -0.0082545336, 0.20629403;
 -0.031472731, 0.99817324, -0.051571917, -0.04434552;
 0.0066362107, 0.051805027, 0.99863517, 0.47587869;
 0, 0, 0, 1]
Twc:
[0.99948257, -0.031472731, 0.0066362107, -0.210741;
 0.031087535, 0.99817324, 0.051805027, 0.013198432;
 -0.0082545336, -0.051571917, 0.99863517, -0.4758133;
 0, 0, 0, 1]
Ow:
[0.20629403;
 -0.04434552;
 0.47587869]
Keyframe: 43 Frame: 243 Frame from vFrameID : 244
Tcw:
[0.99985909, 0.010460987, 0.013127298, 0.20645508;
 -0.0097655663, 0.99860114, -0.051965218, -0.042303339;
 -0.013652543, 0.051829703, 0.99856263, 0.49275747;
 0, 0, 0, 1]
Twc:
[0.99985909, -0.0097655663, -0.013652543, -0.20011172;
 0.010460987, 0.99860114, 0.051829703, 0.014544968;
 0.013127298, -0.051965218, 0.99856263, -0.49695766;
 0, 0, 0, 1]
Ow:
[0.20645508;
 -0.042303339;
 0.49275747]
Keyframe: 44 Frame: 247 Frame from vFrameID : 248
Tcw:
[0.99902147, 0.0018332216, 0.04418942, 0.20764163;
 0.00034066537, 0.99879199, -0.049137082, -0.043199912;
 -0.044226117, 0.049104054, 0.99781406, 0.50880533;
 0, 0, 0, 1]
Twc:
[0.99902147, 0.00034066537, -0.044226117, -0.18492125;
 0.0018332216, 0.99879199, 0.049104054, 0.01778267;
 0.04418942, -0.049137082, 0.99781406, -0.51899135;
 0, 0, 0, 1]
Ow:
[0.20764163;
 -0.043199912;
 0.50880533]
Keyframe: 45 Frame: 251 Frame from vFrameID : 252
Tcw:
[0.99737549, -0.0027051489, 0.07235229, 0.21297002;
 0.0065137129, 0.99860203, -0.052455153, -0.043313026;
 -0.072109245, 0.052788764, 0.9959988, 0.52242613;
 0, 0, 0, 1]
Twc:
[0.99737549, 0.0065137129, -0.072109245, -0.17445719;
 -0.0027051489, 0.99860203, 0.052788764, 0.016250363;
 0.07235229, -0.052455153, 0.9959988, -0.53801668;
 0, 0, 0, 1]
Ow:
[0.21297002;
 -0.043313026;
 0.52242613]
Keyframe: 46 Frame: 255 Frame from vFrameID : 256
Tcw:
[0.99670225, 0.0015778025, 0.081130534, 0.21824954;
 0.0023901314, 0.9988063, -0.048787653, -0.043953635;
 -0.081110671, 0.048820674, 0.99550873, 0.53787106;
 0, 0, 0, 1]
Twc:
[0.99670225, 0.0023901314, -0.081110671, -0.17379768;
 0.0015778025, 0.9988063, 0.048820674, 0.017297586;
 0.081130534, -0.048787653, 0.99550873, -0.55530643;
 0, 0, 0, 1]
Ow:
[0.21824954;
 -0.043953635;
 0.53787106]
Keyframe: 47 Frame: 259 Frame from vFrameID : 260
Tcw:
[0.99873984, 0.021486944, 0.045354463, 0.23250784;
 -0.018556967, 0.99777335, -0.064062446, -0.044900283;
 -0.04662998, 0.063140079, 0.99691474, 0.55594397;
 0, 0, 0, 1]
Twc:
[0.99873984, -0.018556967, -0.04662998, -0.2071244;
 0.021486944, 0.99777335, 0.063140079, 0.0047020763;
 0.045354463, -0.064062446, 0.99691474, -0.56765044;
 0, 0, 0, 1]
Ow:
[0.23250784;
 -0.044900283;
 0.55594397]
Keyframe: 48 Frame: 263 Frame from vFrameID : 264
Tcw:
[0.99930316, 0.034517519, 0.014205021, 0.25046599;
 -0.033467632, 0.99709082, -0.068482243, -0.046633802;
 -0.016527534, 0.067959115, 0.9975512, 0.57165247;
 0, 0, 0, 1]
Twc:
[0.99930316, -0.033467632, -0.016527534, -0.24240415;
 0.034517519, 0.99709082, 0.067959115, -0.00099632307;
 0.014205021, -0.068482243, 0.9975512, -0.57700408;
 0, 0, 0, 1]
Ow:
[0.25046599;
 -0.046633802;
 0.57165247]
Keyframe: 49 Frame: 267 Frame from vFrameID : 268
Tcw:
[0.99969715, 0.024430396, 0.0029622065, 0.25526878;
 -0.024232842, 0.99822021, -0.054490119, -0.046480767;
 -0.0042881495, 0.054401834, 0.99850994, 0.58363992;
 0, 0, 0, 1]
Twc:
[0.99969715, -0.024232842, -0.0042881495, -0.25381511;
 0.024430396, 0.99822021, 0.054401834, 0.0084106438;
 0.0029622065, -0.054490119, 0.99850994, -0.58605915;
 0, 0, 0, 1]
Ow:
[0.25526878;
 -0.046480767;
 0.58363992]
Keyframe: 50 Frame: 271 Frame from vFrameID : 272
Tcw:
[0.99974763, 0.022416893, -0.0014802001, 0.26074049;
 -0.022463221, 0.99844527, -0.051014651, -0.042422295;
 0.00033430877, 0.051035024, 0.9986968, 0.59679139;
 0, 0, 0, 1]
Twc:
[0.99974763, -0.022463221, 0.00033430877, -0.26182714;
 0.022416893, 0.99844527, 0.051035024, 0.006054081;
 -0.0014802001, -0.051014651, 0.9986968, -0.59779185;
 0, 0, 0, 1]
Ow:
[0.26074049;
 -0.042422295;
 0.59679139]
Keyframe: 51 Frame: 275 Frame from vFrameID : 276
Tcw:
[0.9998194, 0.015776422, 0.010593995, 0.26316181;
 -0.015257001, 0.9987576, -0.047439575, -0.045351796;
 -0.01132926, 0.047269374, 0.99881792, 0.61603695;
 0, 0, 0, 1]
Twc:
[0.9998194, -0.015257001, -0.01132926, -0.25682697;
 0.015776422, 0.9987576, 0.047269374, 0.012024013;
 0.010593995, -0.047439575, 0.99881792, -0.6202482;
 0, 0, 0, 1]
Ow:
[0.26316181;
 -0.045351796;
 0.61603695]
Keyframe: 52 Frame: 279 Frame from vFrameID : 280
Tcw:
[0.99962711, 0.020370906, 0.018182468, 0.26387754;
 -0.019081756, 0.99747145, -0.068459034, -0.051602311;
 -0.019531064, 0.068086557, 0.9974882, 0.63300353;
 0, 0, 0, 1]
Twc:
[0.99962711, -0.019081756, -0.019531064, -0.25240061;
 0.020370906, 0.99747145, 0.068086557, 0.002997377;
 0.018182468, -0.068459034, 0.9974882, -0.63974416;
 0, 0, 0, 1]
Ow:
[0.26387754;
 -0.051602311;
 0.63300353]
Keyframe: 53 Frame: 283 Frame from vFrameID : 284
Tcw:
[0.99948764, 0.0079798419, 0.030996775, 0.26272219;
 -0.0055782176, 0.99703032, -0.076807506, -0.050565232;
 -0.031517636, 0.076595247, 0.99656397, 0.64313757;
 0, 0, 0, 1]
Twc:
[0.99948764, -0.0055782176, -0.031517636, -0.24259946;
 0.0079798419, 0.99703032, 0.076595247, -0.000942696;
 0.030996775, -0.076807506, 0.99656397, -0.65295511;
 0, 0, 0, 1]
Ow:
[0.26272219;
 -0.050565232;
 0.64313757]
Keyframe: 54 Frame: 287 Frame from vFrameID : 288
Tcw:
[0.99906969, 0.0099049378, 0.041972335, 0.26323342;
 -0.0071036997, 0.99776971, -0.066371232, -0.051720552;
 -0.042536128, 0.066011332, 0.99691182, 0.65627646;
 0, 0, 0, 1]
Twc:
[0.99906969, -0.0071036997, -0.042536128, -0.23544048;
 0.0099049378, 0.99776971, 0.066011332, 0.0056762081;
 0.041972335, -0.066371232, 0.99691182, -0.66873109;
 0, 0, 0, 1]
Ow:
[0.26323342;
 -0.051720552;
 0.65627646]
Keyframe: 55 Frame: 291 Frame from vFrameID : 292
Tcw:
[0.99974316, 0.021371871, 0.0075438041, 0.26280606;
 -0.020856762, 0.99780911, -0.062785514, -0.052434526;
 -0.0088691199, 0.062612042, 0.99799854, 0.67103696;
 0, 0, 0, 1]
Twc:
[0.99974316, -0.020856762, -0.0088691199, -0.25788066;
 0.021371871, 0.99780911, 0.062612042, 0.004687991;
 0.0075438041, -0.062785514, 0.99799854, -0.6749686;
 0, 0, 0, 1]
Ow:
[0.26280606;
 -0.052434526;
 0.67103696]
Keyframe: 56 Frame: 295 Frame from vFrameID : 296
Tcw:
[0.99897707, 0.019271746, -0.040907819, 0.26798332;
 -0.022039142, 0.99742043, -0.068313643, -0.054191053;
 0.039485771, 0.069145337, 0.99682486, 0.6840502;
 0, 0, 0, 1]
Twc:
[0.99897707, -0.022039142, 0.039485771, -0.29591376;
 0.019271746, 0.99742043, 0.069145337, 0.0015878732;
 -0.040907819, -0.068313643, 0.99682486, -0.67461765;
 0, 0, 0, 1]
Ow:
[0.26798332;
 -0.054191053;
 0.6840502]
Keyframe: 57 Frame: 300 Frame from vFrameID : 301
Tcw:
[0.99587649, 0.040934436, -0.080959491, 0.28820068;
 -0.048100725, 0.99490118, -0.088645086, -0.061039273;
 0.076918058, 0.092173763, 0.99276763, 0.70334518;
 0, 0, 0, 1]
Twc:
[0.99587649, -0.048100725, 0.076918058, -0.34404823;
 0.040934436, 0.99490118, 0.092173763, -0.015899261;
 -0.080959491, -0.088645086, 0.99276763, -0.68033659;
 0, 0, 0, 1]
Ow:
[0.28820068;
 -0.061039273;
 0.70334518]
Keyframe: 58 Frame: 304 Frame from vFrameID : 305
Tcw:
[0.9944998, 0.055602744, -0.088760689, 0.30412602;
 -0.065515704, 0.99143398, -0.11298815, -0.062830172;
 0.081717916, 0.11818191, 0.98962379, 0.71574646;
 0, 0, 0, 1]
Twc:
[0.9944998, -0.065515704, 0.081717916, -0.36505896;
 0.055602744, 0.99143398, 0.11818191, -0.039206564;
 -0.088760689, -0.11298815, 0.98962379, -0.68842435;
 0, 0, 0, 1]
Ow:
[0.30412602;
 -0.062830172;
 0.71574646]
Keyframe: 59 Frame: 308 Frame from vFrameID : 309
Tcw:
[0.99511832, 0.046259027, -0.087175816, 0.30667946;
 -0.055582307, 0.99262303, -0.10775001, -0.060108099;
 0.081548311, 0.11206945, 0.99034858, 0.72697949;
 0, 0, 0, 1]
Twc:
[0.99511832, -0.055582307, 0.081548311, -0.36780727;
 0.046259027, 0.99262303, 0.11206945, -0.035994198;
 -0.087175816, -0.10775001, 0.99034858, -0.69970471;
 0, 0, 0, 1]
Ow:
[0.30667946;
 -0.060108099;
 0.72697949]
Keyframe: 60 Frame: 312 Frame from vFrameID : 313
Tcw:
[0.99618638, 0.043928463, -0.075385876, 0.31365609;
 -0.05058733, 0.99476194, -0.088823631, -0.057964578;
 0.071089119, 0.092298463, 0.99319047, 0.7420786;
 0, 0, 0, 1]
Twc:
[0.99618638, -0.05058733, 0.071089119, -0.36814588;
 0.043928463, 0.99476194, 0.092298463, -0.024610188;
 -0.075385876, -0.088823631, 0.99319047, -0.71852881;
 0, 0, 0, 1]
Ow:
[0.31365609;
 -0.057964578;
 0.7420786]
Keyframe: 61 Frame: 316 Frame from vFrameID : 317
Tcw:
[0.9984619, 0.039040681, -0.039365463, 0.31705469;
 -0.042392388, 0.99519575, -0.088251688, -0.06134031;
 0.035730936, 0.089784741, 0.99532002, 0.76017046;
 0, 0, 0, 1]
Twc:
[0.9984619, -0.042392388, 0.035730936, -0.346329;
 0.039040681, 0.99519575, 0.089784741, -0.01958413;
 -0.039365463, -0.088251688, 0.99532002, -0.74954528;
 0, 0, 0, 1]
Ow:
[0.31705469;
 -0.06134031;
 0.76017046]
Keyframe: 62 Frame: 321 Frame from vFrameID : 322
Tcw:
[0.99912667, 0.041643765, -0.0034125468, 0.32277015;
 -0.041770056, 0.9934113, -0.10672013, -0.059897177;
 -0.0010541658, 0.10676948, 0.99428326, 0.78421062;
 0, 0, 0, 1]
Twc:
[0.99912667, -0.041770056, -0.0010541658, -0.32416347;
 0.041643765, 0.9934113, 0.10676948, -0.037668593;
 -0.0034125468, -0.10672013, 0.99428326, -0.78501827;
 0, 0, 0, 1]
Ow:
[0.32277015;
 -0.059897177;
 0.78421062]
Keyframe: 63 Frame: 324 Frame from vFrameID : 325
Tcw:
[0.99929976, 0.036982264, 0.0056877388, 0.32161885;
 -0.036189422, 0.99389946, -0.10418367, -0.062029507;
 -0.0095059881, 0.10390487, 0.99454182, 0.79230815;
 0, 0, 0, 1]
Twc:
[0.99929976, -0.036189422, -0.0095059881, -0.31610677;
 0.036982264, 0.99389946, 0.10390487, -0.03256778;
 0.0056877388, -0.10418367, 0.99454182, -0.79627532;
 0, 0, 0, 1]
Ow:
[0.32161885;
 -0.062029507;
 0.79230815]
Keyframe: 64 Frame: 328 Frame from vFrameID : 329
Tcw:
[0.99931723, 0.034874257, 0.012202328, 0.32740819;
 -0.033489697, 0.99447018, -0.099536501, -0.061926827;
 -0.015606113, 0.099059887, 0.99495912, 0.80393904;
 0, 0, 0, 1]
Twc:
[0.99931723, -0.033489697, -0.015606113, -0.31671217;
 0.034874257, 0.99447018, 0.099059887, -0.029471839;
 0.012202328, -0.099536501, 0.99495912, -0.81004554;
 0, 0, 0, 1]
Ow:
[0.32740819;
 -0.061926827;
 0.80393904]
Keyframe: 65 Frame: 331 Frame from vFrameID : 332
Tcw:
[0.99933666, 0.033842817, 0.013451456, 0.332151;
 -0.032390881, 0.99480826, -0.096474484, -0.062834889;
 -0.016646588, 0.095974788, 0.99524456, 0.81028688;
 0, 0, 0, 1]
Twc:
[0.99933666, -0.032390881, -0.016646588, -0.32047743;
 0.033842817, 0.99480826, 0.095974788, -0.02649937;
 0.013451456, -0.096474484, 0.99524456, -0.81696349;
 0, 0, 0, 1]
Ow:
[0.332151;
 -0.062834889;
 0.81028688]
Keyframe: 66 Frame: 335 Frame from vFrameID : 336
Tcw:
[0.99934638, 0.035327777, -0.0076629906, 0.34032285;
 -0.035961512, 0.99314111, -0.11125419, -0.063197725;
 0.0036800676, 0.11145705, 0.99376243, 0.81957376;
 0, 0, 0, 1]
Twc:
[0.99934638, -0.035961512, 0.0036800676, -0.34538922;
 0.035327777, 0.99314111, 0.11145705, -0.040605862;
 -0.0076629906, -0.11125419, 0.99376243, -0.81888473;
 0, 0, 0, 1]
Ow:
[0.34032285;
 -0.063197725;
 0.81957376]
Keyframe: 67 Frame: 339 Frame from vFrameID : 340
Tcw:
[0.99917662, 0.033843976, -0.022375759, 0.35852331;
 -0.036617342, 0.98973858, -0.13811837, -0.064289987;
 0.017471677, 0.13882399, 0.99016291, 0.82880151;
 0, 0, 0, 1]
Twc:
[0.99917662, -0.036617342, 0.017471677, -0.37506279;
 0.033843976, 0.98973858, 0.13882399, -0.063561104;
 -0.022375759, -0.13811837, 0.99016291, -0.82150596;
 0, 0, 0, 1]
Ow:
[0.35852331;
 -0.064289987;
 0.82880151]
Keyframe: 68 Frame: 344 Frame from vFrameID : 345
Tcw:
[0.99980944, 0.017738642, -0.0081462068, 0.36249027;
 -0.018687166, 0.99041134, -0.13687991, -0.069452479;
 0.0056400318, 0.13700606, 0.99055415, 0.84039038;
 0, 0, 0, 1]
Twc:
[0.99980944, -0.018687166, 0.0056400318, -0.36845893;
 0.017738642, 0.99041134, 0.13700606, -0.052782129;
 -0.0081462068, -0.13687991, 0.99055415, -0.83900589;
 0, 0, 0, 1]
Ow:
[0.36249027;
 -0.069452479;
 0.84039038]
Keyframe: 69 Frame: 349 Frame from vFrameID : 350
Tcw:
[0.99973631, 0.021591144, -0.0078213587, 0.36197716;
 -0.022425011, 0.99126369, -0.12997483, -0.070717081;
 0.0049467236, 0.13011594, 0.99148643, 0.85717982;
 0, 0, 0, 1]
Twc:
[0.99973631, -0.022425011, 0.0049467236, -0.36770773;
 0.021591144, 0.99126369, 0.13011594, -0.049248997;
 -0.0078213587, -0.12997483, 0.99148643, -0.85624248;
 0, 0, 0, 1]
Ow:
[0.36197716;
 -0.070717081;
 0.85717982]
Keyframe: 70 Frame: 355 Frame from vFrameID : 356
Tcw:
[0.99937385, -0.0035520929, -0.03520276, 0.36351073;
 -0.00026576541, 0.99416608, -0.10785999, -0.071865462;
 0.035380516, 0.10780181, 0.99354267, 0.87981707;
 0, 0, 0, 1]
Twc:
[0.99937385, -0.00026576541, 0.035380516, -0.39443061;
 -0.0035520929, 0.99416608, 0.10780181, -0.022108447;
 -0.03520276, -0.10785999, 0.99354267, -0.86909062;
 0, 0, 0, 1]
Ow:
[0.36351073;
 -0.071865462;
 0.87981707]
Keyframe: 71 Frame: 359 Frame from vFrameID : 360
Tcw:
[0.99999183, 0.0038414956, -0.0012582239, 0.36145681;
 -0.0039973357, 0.98604274, -0.16644445, -0.072925068;
 0.00060126686, 0.16644813, 0.98605001, 0.898004;
 0, 0, 0, 1]
Twc:
[0.99999183, -0.0039973357, 0.00060126686, -0.36228529;
 0.0038414956, 0.98604274, 0.16644813, -0.078952372;
 -0.0012582239, -0.16644445, 0.98605001, -0.89716005;
 0, 0, 0, 1]
Ow:
[0.36145681;
 -0.072925068;
 0.898004]
Keyframe: 72 Frame: 365 Frame from vFrameID : 366
Tcw:
[0.99728149, -0.049598422, -0.054494254, 0.36550894;
 0.0454637, 0.99617225, -0.074658625, -0.070829697;
 0.057988614, 0.071978152, 0.99571908, 0.91459596;
 0, 0, 0, 1]
Twc:
[0.99728149, 0.0454637, 0.057988614, -0.41433126;
 -0.049598422, 0.99617225, 0.071978152, 0.022856317;
 -0.054494254, -0.074658625, 0.99571908, -0.89605051;
 0, 0, 0, 1]
Ow:
[0.36550894;
 -0.070829697;
 0.91459596]
Keyframe: 73 Frame: 370 Frame from vFrameID : 371
Tcw:
[0.99971521, -0.020367138, -0.012437243, 0.3758201;
 0.019213066, 0.99604446, -0.086754106, -0.068942919;
 0.01415498, 0.086490437, 0.9961521, 0.93109089;
 0, 0, 0, 1]
Twc:
[0.99971521, 0.019213066, 0.01415498, -0.38756803;
 -0.020367138, 0.99604446, 0.086490437, -0.0042058765;
 -0.012437243, -0.086754106, 0.9961521, -0.92881513;
 0, 0, 0, 1]
Ow:
[0.3758201;
 -0.068942919;
 0.93109089]
Keyframe: 74 Frame: 375 Frame from vFrameID : 376
Tcw:
[0.99882251, -0.0074793771, -0.047933821, 0.39078826;
 0.0010948009, 0.99126774, -0.13185999, -0.077644013;
 0.048501484, 0.13165225, 0.99010873, 0.9501369;
 0, 0, 0, 1]
Twc:
[0.99882251, 0.0010948009, 0.048501484, -0.43632612;
 -0.0074793771, 0.99126774, 0.13165225, -0.045198802;
 -0.047933821, -0.13185999, 0.99010873, -0.93224502;
 0, 0, 0, 1]
Ow:
[0.39078826;
 -0.077644013;
 0.9501369]
Keyframe: 75 Frame: 378 Frame from vFrameID : 379
Tcw:
[0.99801576, 0.0023182039, -0.062922224, 0.39908677;
 -0.010449528, 0.99156225, -0.1292095, -0.069576629;
 0.062091772, 0.12961063, 0.98961896, 0.95316386;
 0, 0, 0, 1]
Twc:
[0.99801576, -0.010449528, 0.062091772, -0.45820555;
 0.0023182039, 0.99156225, 0.12961063, -0.055475768;
 -0.062922224, -0.1292095, 0.98961896, -0.92714757;
 0, 0, 0, 1]
Ow:
[0.39908677;
 -0.069576629;
 0.95316386]
Keyframe: 76 Frame: 382 Frame from vFrameID : 383
Tcw:
[0.99628794, 0.0041080685, -0.08598531, 0.40788409;
 -0.013714446, 0.9936775, -0.11143115, -0.075855255;
 0.0849839, 0.11219675, 0.99004525, 0.97320074;
 0, 0, 0, 1]
Twc:
[0.99628794, -0.013714446, 0.0849839, -0.49011672;
 0.0041080685, 0.9936775, 0.11219675, -0.035489917;
 -0.08598531, -0.11143115, 0.99004525, -0.93689334;
 0, 0, 0, 1]
Ow:
[0.40788409;
 -0.075855255;
 0.97320074]
Keyframe: 77 Frame: 385 Frame from vFrameID : 386
Tcw:
[0.99767923, 0.014246397, -0.066582277, 0.41292578;
 -0.020873571, 0.99477613, -0.099923782, -0.07811901;
 0.064810909, 0.10108169, 0.99276483, 0.987387;
 0, 0, 0, 1]
Twc:
[0.99767923, -0.020873571, 0.064810909, -0.47759151;
 0.014246397, 0.99477613, 0.10108169, -0.027978526;
 -0.066582277, -0.099923782, 0.99276483, -0.96055555;
 0, 0, 0, 1]
Ow:
[0.41292578;
 -0.07811901;
 0.987387]
Keyframe: 78 Frame: 390 Frame from vFrameID : 391
Tcw:
[0.99883407, 0.014744032, -0.045969076, 0.41735715;
 -0.020195616, 0.99251002, -0.12048253, -0.078080148;
 0.043848369, 0.12127043, 0.99165052, 1.0093155;
 0, 0, 0, 1]
Twc:
[0.99883407, -0.020195616, 0.043848369, -0.46270424;
 0.014744032, 0.99251002, 0.12127043, -0.051058326;
 -0.045969076, -0.12048253, 0.99165052, -0.99111003;
 0, 0, 0, 1]
Ow:
[0.41735715;
 -0.078080148;
 1.0093155]
Keyframe: 79 Frame: 395 Frame from vFrameID : 396
Tcw:
[0.99963605, -0.0031294643, -0.02679527, 0.41492313;
 -0.00018806254, 0.99241632, -0.1229219, -0.079770699;
 0.026976744, 0.1228822, 0.99205452, 1.025924;
 0, 0, 0, 1]
Twc:
[0.99963605, -0.00018806254, 0.026976744, -0.44246319;
 -0.0031294643, 0.99241632, 0.1228822, -0.045603573;
 -0.02679527, -0.1229219, 0.99205452, -1.0164602;
 0, 0, 0, 1]
Ow:
[0.41492313;
 -0.079770699;
 1.025924]
Keyframe: 80 Frame: 399 Frame from vFrameID : 400
Tcw:
[0.99996263, 0.0015495097, 0.0085039353, 0.4223921;
 -0.00051894359, 0.99278879, -0.1198753, -0.081248805;
 -0.0086283591, 0.11986641, 0.99275255, 1.0427289;
 0, 0, 0, 1]
Twc:
[0.99996263, -0.00051894359, -0.0086283591, -0.41342142;
 0.0015495097, 0.99278879, 0.11986641, -0.044979762;
 0.0085039353, -0.1198753, 0.99275255, -1.0485035;
 0, 0, 0, 1]
Ow:
[0.4223921;
 -0.081248805;
 1.0427289]
Keyframe: 81 Frame: 403 Frame from vFrameID : 404
Tcw:
[0.99994326, 0.0053239013, -0.0092269033, 0.43029201;
 -0.0064280774, 0.99224859, -0.12410217, -0.082342461;
 0.0084946742, 0.12415443, 0.99222654, 1.0567971;
 0, 0, 0, 1]
Twc:
[0.99994326, -0.0064280774, 0.0084946742, -0.43977404;
 0.0053239013, 0.99224859, 0.12415443, -0.051792696;
 -0.0092269033, -0.12410217, 0.99222654, -1.0548308;
 0, 0, 0, 1]
Ow:
[0.43029201;
 -0.082342461;
 1.0567971]
Keyframe: 82 Frame: 407 Frame from vFrameID : 408
Tcw:
[0.99946105, 0.0052809478, -0.03239907, 0.43885678;
 -0.0094976285, 0.99128246, -0.13141115, -0.082436889;
 0.031422656, 0.13164805, 0.99079835, 1.0669417;
 0, 0, 0, 1]
Twc:
[0.99946105, -0.0094976285, 0.031422656, -0.47292933;
 0.0052809478, 0.99128246, 0.13164805, -0.061060131;
 -0.03239907, -0.13141115, 0.99079835, -1.0537387;
 0, 0, 0, 1]
Ow:
[0.43885678;
 -0.082436889;
 1.0669417]
Keyframe: 83 Frame: 411 Frame from vFrameID : 412
Tcw:
[0.9988237, 0.022735152, -0.042828418, 0.45202467;
 -0.027985876, 0.99159849, -0.12629031, -0.083903722;
 0.039597362, 0.12734035, 0.99106836, 1.0773051;
 0, 0, 0, 1]
Twc:
[0.9988237, -0.027985876, 0.039597362, -0.49649954;
 0.022735152, 0.99159849, 0.12734035, -0.064262442;
 -0.042828418, -0.12629031, 0.99106836, -1.0589197;
 0, 0, 0, 1]
Ow:
[0.45202467;
 -0.083903722;
 1.0773051]
Keyframe: 84 Frame: 415 Frame from vFrameID : 416
Tcw:
[0.9975298, 0.019426385, -0.067505047, 0.46162421;
 -0.027774287, 0.9917658, -0.12501663, -0.086193666;
 0.064520575, 0.12658271, 0.98985553, 1.0919176;
 0, 0, 0, 1]
Twc:
[0.9975298, -0.027774287, 0.064520575, -0.53332901;
 0.019426385, 0.9917658, 0.12658271, -0.061701652;
 -0.067505047, -0.12501663, 0.98985553, -1.0604544;
 0, 0, 0, 1]
Ow:
[0.46162421;
 -0.086193666;
 1.0919176]
Keyframe: 85 Frame: 418 Frame from vFrameID : 419
Tcw:
[0.99769425, 0.020248732, -0.064777605, 0.46246919;
 -0.027687872, 0.99285275, -0.11608984, -0.08656472;
 0.061963949, 0.11761573, 0.99112409, 1.1001244;
 0, 0, 0, 1]
Twc:
[0.99769425, -0.027687872, 0.061963949, -0.5319677;
 0.020248732, 0.99285275, 0.11761573, -0.052810311;
 -0.064777605, -0.11608984, 0.99112409, -1.0704514;
 0, 0, 0, 1]
Ow:
[0.46246919;
 -0.08656472;
 1.1001244]
Keyframe: 86 Frame: 424 Frame from vFrameID : 425
Tcw:
[0.99927604, 0.0040583345, -0.037827794, 0.45985615;
 -0.0086623747, 0.99244863, -0.12235487, -0.086524218;
 0.037045587, 0.12259396, 0.99176526, 1.1309897;
 0, 0, 0, 1]
Twc:
[0.99927604, -0.0086623747, 0.037045587, -0.50217086;
 0.0040583345, 0.99244863, 0.12259396, -0.054647915;
 -0.037827794, -0.12235487, 0.99176526, -1.1148676;
 0, 0, 0, 1]
Ow:
[0.45985615;
 -0.086524218;
 1.1309897]
Keyframe: 87 Frame: 427 Frame from vFrameID : 428
Tcw:
[0.99959147, -0.002094029, -0.028504448, 0.45906362;
 -0.0014465465, 0.99232769, -0.12362696, -0.087401815;
 0.028544633, 0.12361769, 0.99191928, 1.1386539;
 0, 0, 0, 1]
Twc:
[0.99959147, -0.0014465465, 0.028544633, -0.491505;
 -0.002094029, 0.99232769, 0.12361769, -0.053065244;
 -0.028504448, -0.12362696, 0.99191928, -1.1271727;
 0, 0, 0, 1]
Ow:
[0.45906362;
 -0.087401815;
 1.1386539]
Keyframe: 88 Frame: 431 Frame from vFrameID : 432
Tcw:
[0.9999938, -0.0017635053, 0.0030476341, 0.46839595;
 0.0021501344, 0.99125856, -0.1319159, -0.088579684;
 -0.0027883591, 0.13192163, 0.99125624, 1.1537482;
 0, 0, 0, 1]
Twc:
[0.9999938, 0.0021501344, -0.0027883591, -0.46498555;
 -0.0017635053, 0.99125856, 0.13192163, -0.063572951;
 0.0030476341, -0.1319159, 0.99125624, -1.1567726;
 0, 0, 0, 1]
Ow:
[0.46839595;
 -0.088579684;
 1.1537482]
Keyframe: 89 Frame: 435 Frame from vFrameID : 436
Tcw:
[0.99970138, -0.0072262031, 0.023343511, 0.47044155;
 0.0099361921, 0.99294627, -0.11814819, -0.087565377;
 -0.022325089, 0.11834486, 0.99272156, 1.1750246;
 0, 0, 0, 1]
Twc:
[0.99970138, 0.0099361921, -0.022325089, -0.44319847;
