Keyframe: 0 Frame: 0 Frame from vFrameID : 76
Tcw:
[1, 0, 0, 0;
 0, 1, 0, 0;
 0, 0, 1, 0;
 0, 0, 0, 1]
Twc:
[1, 0, 0, 0;
 0, 1, 0, 0;
 0, 0, 1, 0;
 0, 0, 0, 1]
Ow:
[0;
 0;
 0]
Keyframe: 1 Frame: 75 Frame from vFrameID : 76
Tcw:
[0.99971527, 0.02121605, -0.010923091, -0.0083169946;
 -0.021209722, 0.99977481, 0.00069478806, -0.017688593;
 0.010935373, -0.0004629145, 0.9999401, -0.0013191433;
 0, 0, 0, 1]
Twc:
[0.99971527, -0.021209722, 0.010935373, 0.0079538813;
 0.02121605, 0.99977481, -0.0004629145, 0.017860452;
 -0.010923091, 0.00069478806, 0.9999401, 0.0012405068;
 0, 0, 0, 1]
Ow:
[-0.0083169946;
 -0.017688593;
 -0.0013191433]
Keyframe: 2 Frame: 76 Frame from vFrameID : 77
Tcw:
[0.99978137, 0.017817385, -0.010944554, -0.0089227688;
 -0.017937431, 0.99977893, -0.010970129, -0.020253032;
 0.010746675, 0.011164047, 0.99987996, -0.0023715568;
 0, 0, 0, 1]
Twc:
[0.99978137, -0.017937431, 0.010746675, 0.0085830167;
 0.017817385, 0.99977893, 0.011164047, 0.020434011;
 -0.010944554, -0.010970129, 0.99987996, 0.002051438;
 0, 0, 0, 1]
Ow:
[-0.0089227688;
 -0.020253032;
 -0.0023715568]
Keyframe: 3 Frame: 77 Frame from vFrameID : 78
Tcw:
[0.99983126, 0.013475975, -0.012482491, -0.0092777051;
 -0.013914904, 0.99926311, -0.035770983, -0.020555999;
 0.011991245, 0.035938639, 0.99928206, -0.0076384954;
 0, 0, 0, 1]
Twc:
[0.99983126, -0.013914904, 0.011991245, 0.0090816999;
 0.013475975, 0.99926311, 0.035938639, 0.020940395;
 -0.012482491, -0.035770983, 0.99928206, 0.0067818942;
 0, 0, 0, 1]
Ow:
[-0.0092777051;
 -0.020555999;
 -0.0076384954]
Keyframe: 4 Frame: 78 Frame from vFrameID : 79
Tcw:
[0.99983126, 0.013472813, -0.012486277, -0.0092650196;
 -0.013911839, 0.99926329, -0.03576757, -0.020560075;
 0.011995189, 0.035935242, 0.99928212, -0.0076522771;
 0, 0, 0, 1]
Twc:
[0.99983126, -0.013911839, 0.011995189, 0.0090692183;
 0.013472813, 0.99926329, 0.035935242, 0.020944741;
 -0.012486277, -0.03576757, 0.99928212, 0.0067957141;
 0, 0, 0, 1]
Ow:
[-0.0092650196;
 -0.020560075;
 -0.0076522771]
Keyframe: 5 Frame: 80 Frame from vFrameID : 81
Tcw:
[0.9998275, 0.013290821, -0.012971461, -0.011458494;
 -0.013751661, 0.99925321, -0.036109634, -0.0210474;
 0.012481847, 0.036281783, 0.99926364, -0.0098793786;
 0, 0, 0, 1]
Twc:
[0.9998275, -0.013751661, 0.012481847, 0.011290394;
 0.013290821, 0.99925321, 0.036281783, 0.021542415;
 -0.012971461, -0.036109634, 0.99926364, 0.0089634564;
 0, 0, 0, 1]
Ow:
[-0.011458494;
 -0.0210474;
 -0.0098793786]
Keyframe: 6 Frame: 82 Frame from vFrameID : 83
Tcw:
[0.99981916, 0.011668401, -0.015017471, -0.01245381;
 -0.012163875, 0.99937016, -0.033336025, -0.022886366;
 0.014619035, 0.033512667, 0.99933136, -0.011074256;
 0, 0, 0, 1]
Twc:
[0.99981916, -0.012163875, 0.014619035, 0.012335066;
 0.011668401, 0.99937016, 0.033512667, 0.023388395;
 -0.015017471, -0.033336025, 0.99933136, 0.010116886;
 0, 0, 0, 1]
Ow:
[-0.01245381;
 -0.022886366;
 -0.011074256]
Keyframe: 7 Frame: 84 Frame from vFrameID : 85
Tcw:
[0.99977404, 0.007790518, -0.019777369, -0.014937682;
 -0.0083536031, 0.99955744, -0.028550066, -0.022262972;
 0.019546198, 0.028708827, 0.99939668, -0.012614291;
 0, 0, 0, 1]
Twc:
[0.99977404, -0.0083536031, 0.019546198, 0.014994893;
 0.007790518, 0.99955744, 0.028708827, 0.022731634;
 -0.019777369, -0.028550066, 0.99939668, 0.011675644;
 0, 0, 0, 1]
Ow:
[-0.014937682;
 -0.022262972;
 -0.012614291]
Keyframe: 8 Frame: 86 Frame from vFrameID : 87
Tcw:
[0.99978393, 0.0047870167, -0.020229073, -0.014244453;
 -0.0051082037, 0.99986124, -0.01585575, -0.023282407;
 0.020150365, 0.015955657, 0.99966961, -0.012544695;
 0, 0, 0, 1]
Twc:
[0.99978393, -0.0051082037, 0.020150365, 0.014375223;
 0.0047870167, 0.99986124, 0.015955657, 0.023547523;
 -0.020229073, -0.01585575, 0.99966961, 0.011883239;
 0, 0, 0, 1]
Ow:
[-0.014244453;
 -0.023282407;
 -0.012544695]
Keyframe: 9 Frame: 88 Frame from vFrameID : 89
Tcw:
[0.99986845, 0.0087963613, -0.013626896, -0.014377753;
 -0.0089419018, 0.99990326, -0.010656578, -0.027225126;
 0.013531838, 0.010777027, 0.99985033, -0.013412184;
 0, 0, 0, 1]
Twc:
[0.99986845, -0.0089419018, 0.013531838, 0.014313909;
 0.0087963613, 0.99990326, 0.010777027, 0.027493507;
 -0.013626896, -0.010656578, 0.99985033, 0.012924126;
 0, 0, 0, 1]
Ow:
[-0.014377753;
 -0.027225126;
 -0.013412184]
Keyframe: 10 Frame: 90 Frame from vFrameID : 91
Tcw:
[0.99986809, 0.012273807, -0.010637915, -0.015727704;
 -0.012383116, 0.9998706, -0.010271198, -0.028432071;
 0.010510472, 0.010401574, 0.99989069, -0.014335524;
 0, 0, 0, 1]
Twc:
[0.99986809, -0.012383116, 0.010510472, 0.015524226;
 0.012273807, 0.9998706, 0.010401574, 0.028770542;
 -0.010637915, -0.010271198, 0.99989069, 0.013874616;
 0, 0, 0, 1]
Ow:
[-0.015727704;
 -0.028432071;
 -0.014335524]
Keyframe: 11 Frame: 93 Frame from vFrameID : 94
Tcw:
[0.99986327, 0.0073033436, -0.014837575, -0.018433781;
 -0.0073088817, 0.99997324, -0.00031905528, -0.028087929;
 0.014834847, 0.00042745771, 0.99988985, -0.017279522;
 0, 0, 0, 1]
Twc:
[0.99986327, -0.0073088817, 0.014834847, 0.018482309;
 0.0073033436, 0.99997324, 0.00042745771, 0.028229192;
 -0.014837575, -0.00031905528, 0.99988985, 0.016995145;
 0, 0, 0, 1]
Ow:
[-0.018433781;
 -0.028087929;
 -0.017279522]
Keyframe: 12 Frame: 95 Frame from vFrameID : 96
Tcw:
[0.99986893, 0.0082655819, -0.013921889, -0.019530689;
 -0.0082093822, 0.99995792, 0.0040891436, -0.030002492;
 0.013955102, -0.0039743176, 0.99989474, -0.017114691;
 0, 0, 0, 1]
Twc:
[0.99986893, -0.0082093822, 0.013955102, 0.019520665;
 0.0082655819, 0.99995792, -0.0039743176, 0.030094644;
 -0.013921889, 0.0040891436, 0.99989474, 0.01696367;
 0, 0, 0, 1]
Ow:
[-0.019530689;
 -0.030002492;
 -0.017114691]
Keyframe: 13 Frame: 97 Frame from vFrameID : 98
Tcw:
[0.99986237, 0.0107679, -0.012622031, -0.020803848;
 -0.010732038, 0.99993819, 0.0029055583, -0.032322351;
 0.012652538, -0.0027696982, 0.99991614, -0.017942727;
 0, 0, 0, 1]
Twc:
[0.99986237, -0.010732038, 0.012652538, 0.02068112;
 0.0107679, 0.99993819, -0.0027696982, 0.032494668;
 -0.012622031, 0.0029055583, 0.99991614, 0.017772548;
 0, 0, 0, 1]
Ow:
[-0.020803848;
 -0.032322351;
 -0.017942727]
Keyframe: 14 Frame: 99 Frame from vFrameID : 100
Tcw:
[0.99981385, 0.013600106, -0.0136849, -0.021293074;
 -0.013614482, 0.99990684, -0.0009578793, -0.031873725;
 0.013670597, 0.0011440138, 0.99990588, -0.018893061;
 0, 0, 0, 1]
Twc:
[0.99981385, -0.013614482, 0.013670597, 0.021113446;
 0.013600106, 0.99990684, 0.0011440138, 0.03218196;
 -0.0136849, -0.0009578793, 0.99990588, 0.018569358;
 0, 0, 0, 1]
Ow:
[-0.021293074;
 -0.031873725;
 -0.018893061]
Keyframe: 15 Frame: 101 Frame from vFrameID : 102
Tcw:
[0.99970496, 0.020076338, -0.013673516, -0.021510249;
 -0.020062465, 0.99979806, 0.0011509762, -0.032875944;
 0.013693863, -0.00087631209, 0.99990582, -0.018111186;
 0, 0, 0, 1]
Twc:
[0.99970496, -0.020062465, 0.013693863, 0.021092342;
 0.020076338, 0.99979806, -0.00087631209, 0.033285279;
 -0.013673516, 0.0011509762, 0.99990582, 0.0178532;
 0, 0, 0, 1]
Ow:
[-0.021510249;
 -0.032875944;
 -0.018111186]
Keyframe: 16 Frame: 104 Frame from vFrameID : 105
Tcw:
[0.99952942, 0.020499125, -0.022818474, -0.022939498;
 -0.02070201, 0.99974793, -0.0086907614, -0.032714184;
 0.022634568, 0.0091590602, 0.99970186, -0.017571202;
 0, 0, 0, 1]
Twc:
[0.99952942, -0.02070201, 0.022634568, 0.022649171;
 0.020499125, 0.99974793, 0.0091590602, 0.033337113;
 -0.022818474, -0.0086907614, 0.99970186, 0.016758207;
 0, 0, 0, 1]
Ow:
[-0.022939498;
 -0.032714184;
 -0.017571202]
Keyframe: 17 Frame: 107 Frame from vFrameID : 108
Tcw:
[0.999376, 0.021611497, -0.027937397, -0.022364153;
 -0.021862427, 0.99972308, -0.0087077701, -0.033565782;
 0.027741471, 0.0093131159, 0.99957174, -0.014921529;
 0, 0, 0, 1]
Twc:
[0.999376, -0.021862427, 0.027741471, 0.022030314;
 0.021611497, 0.99972308, 0.0093131159, 0.034178775;
 -0.027937397, -0.0087077701, 0.99957174, 0.01399806;
 0, 0, 0, 1]
Ow:
[-0.022364153;
 -0.033565782;
 -0.014921529]
Keyframe: 18 Frame: 110 Frame from vFrameID : 111
Tcw:
[0.99961263, 0.014559239, -0.023719104, -0.020892324;
 -0.01500578, 0.99971145, -0.018758286, -0.038040433;
 0.023439152, 0.019106943, 0.99954265, -0.01037238;
 0, 0, 0, 1]
Twc:
[0.99961263, -0.01500578, 0.023439152, 0.020556524;
 0.014559239, 0.99971145, 0.019106943, 0.038531817;
 -0.023719104, -0.018758286, 0.99954265, 0.0091585154;
 0, 0, 0, 1]
Ow:
[-0.020892324;
 -0.038040433;
 -0.01037238]
Keyframe: 19 Frame: 113 Frame from vFrameID : 114
Tcw:
[0.99990964, 0.012806633, 0.0040831054, -0.012707015;
 -0.01263344, 0.99912208, -0.03994279, -0.037644751;
 -0.0045910534, 0.039887596, 0.99919361, -0.0070996755;
 0, 0, 0, 1]
Twc:
[0.99990964, -0.01263344, -0.0045910534, 0.012197688;
 0.012806633, 0.99912208, 0.039887596, 0.038057629;
 0.0040831054, -0.03994279, 0.99919361, 0.0056421985;
 0, 0, 0, 1]
Ow:
[-0.012707015;
 -0.037644751;
 -0.0070996755]
Keyframe: 20 Frame: 116 Frame from vFrameID : 117
Tcw:
[0.99969643, 0.0096693076, 0.022661354, -0.012510156;
 -0.0087913917, 0.99921894, -0.038525186, -0.035279036;
 -0.023016166, 0.038314268, 0.99900061, -0.0029164073;
 0, 0, 0, 1]
Twc:
[0.99969643, -0.0087913917, -0.023016166, 0.012129081;
 0.0096693076, 0.99921894, 0.038314268, 0.035484187;
 0.022661354, -0.038525186, 0.99900061, 0.0018378582;
 0, 0, 0, 1]
Ow:
[-0.012510156;
 -0.035279036;
 -0.0029164073]
Keyframe: 21 Frame: 119 Frame from vFrameID : 120
Tcw:
[0.99945533, 0.014282924, 0.029749705, -0.010831632;
 -0.01343203, 0.99950045, -0.02860787, -0.03924761;
 -0.030143447, 0.02819269, 0.99914789, 0.0063664066;
 0, 0, 0, 1]
Twc:
[0.99945533, -0.01343203, -0.030143447, 0.010490463;
 0.014282924, 0.99950045, 0.02819269, 0.039203227;
 0.029749705, -0.02860787, 0.99914789, -0.0071615349;
 0, 0, 0, 1]
Ow:
[-0.010831632;
 -0.03924761;
 0.0063664066]
Keyframe: 22 Frame: 122 Frame from vFrameID : 123
Tcw:
[0.99923933, 0.026625324, 0.028493386, -0.011793138;
 -0.025499118, 0.99890661, -0.039184198, -0.042181842;
 -0.029505523, 0.038427833, 0.99882567, 0.010578713;
 0, 0, 0, 1]
Twc:
[0.99923933, -0.025499118, -0.029505523, 0.011020698;
 0.026625324, 0.99890661, 0.038427833, 0.042043198;
 0.028493386, -0.039184198, 0.99882567, -0.011883126;
 0, 0, 0, 1]
Ow:
[-0.011793138;
 -0.042181842;
 0.010578713]
Keyframe: 23 Frame: 125 Frame from vFrameID : 126
Tcw:
[0.99940175, 0.034313664, 0.0043244716, -0.017825998;
 -0.034137011, 0.99877417, -0.03584487, -0.043126374;
 -0.0055491393, 0.035675801, 0.99934798, 0.014462337;
 0, 0, 0, 1]
Twc:
[0.99940175, -0.034137011, -0.0055491393, 0.016423382;
 0.034313664, 0.99877417, 0.035675801, 0.043169226;
 0.0043244716, -0.03584487, 0.99934798, -0.015921678;
 0, 0, 0, 1]
Ow:
[-0.017825998;
 -0.043126374;
 0.014462337]
Keyframe: 24 Frame: 128 Frame from vFrameID : 129
Tcw:
[0.99896121, 0.036905348, -0.026729457, -0.025265576;
 -0.037876908, 0.99860448, -0.03680281, -0.043488383;
 0.025333935, 0.037777007, 0.99896502, 0.01772549;
 0, 0, 0, 1]
Twc:
[0.99896121, -0.037876908, 0.025333935, 0.02314307;
 0.036905348, 0.99860448, 0.037777007, 0.043690514;
 -0.026729457, -0.03680281, 0.99896502, -0.019982973;
 0, 0, 0, 1]
Ow:
[-0.025265576;
 -0.043488383;
 0.01772549]
Keyframe: 25 Frame: 131 Frame from vFrameID : 132
Tcw:
[0.99806547, 0.033305995, -0.052498098, -0.027624514;
 -0.035321575, 0.99865538, -0.037944835, -0.04152013;
 0.051163718, 0.039725743, 0.99789989, 0.01852232;
 0, 0, 0, 1]
Twc:
[0.99806547, -0.035321575, 0.051163718, 0.025156846;
 0.033305995, 0.99865538, 0.039725743, 0.041648552;
 -0.052498098, -0.037944835, 0.99789989, -0.02150913;
 0, 0, 0, 1]
Ow:
[-0.027624514;
 -0.04152013;
 0.01852232]
Keyframe: 26 Frame: 135 Frame from vFrameID : 136
Tcw:
[0.99793494, 0.029767467, -0.056919243, -0.023956424;
 -0.031521253, 0.99904776, -0.03016624, -0.037464734;
 0.05596707, 0.031898111, 0.99792296, 0.019754888;
 0, 0, 0, 1]
Twc:
[0.99793494, -0.031521253, 0.05596707, 0.021620393;
 0.029767467, 0.99904776, 0.031898111, 0.037512038;
 -0.056919243, -0.03016624, 0.99792296, -0.022207608;
 0, 0, 0, 1]
Ow:
[-0.023956424;
 -0.037464734;
 0.019754888]
Keyframe: 27 Frame: 138 Frame from vFrameID : 139
Tcw:
[0.99907911, 0.023428326, -0.035945065, -0.01405685;
 -0.024176877, 0.99949682, -0.020533394, -0.036491357;
 0.035445914, 0.021383524, 0.99914283, 0.02055862;
 0, 0, 0, 1]
Twc:
[0.99907911, -0.024176877, 0.035445914, 0.01243294;
 0.023428326, 0.99949682, 0.021383524, 0.036362708;
 -0.035945065, -0.020533394, 0.99914283, -0.021795562;
 0, 0, 0, 1]
Ow:
[-0.01405685;
 -0.036491357;
 0.02055862]
Keyframe: 28 Frame: 142 Frame from vFrameID : 143
Tcw:
[0.99977362, 0.014987472, 0.015104301, 0.0024344174;
 -0.014682493, 0.99969006, -0.020104095, -0.035401531;
 -0.015400929, 0.019877775, 0.9996838, 0.016742982;
 0, 0, 0, 1]
Twc:
[0.99977362, -0.014682493, -0.015400929, -0.0026957914;
 0.014987472, 0.99969006, 0.019877775, 0.03502126;
 0.015104301, -0.020104095, 0.9996838, -0.017486172;
 0, 0, 0, 1]
Ow:
[0.0024344174;
 -0.035401531;
 0.016742982]
Keyframe: 29 Frame: 145 Frame from vFrameID : 146
Tcw:
[0.99909174, 0.0073747449, 0.041967183, 0.0098214382;
 -0.0065433737, 0.9997803, -0.019913033, -0.033949595;
 -0.042104818, 0.01962034, 0.99892056, 0.015032738;
 0, 0, 0, 1]
Twc:
[0.99909174, -0.0065433737, -0.042104818, -0.0094017126;
 0.0073747449, 0.9997803, 0.01962034, 0.033574756;
 0.041967183, -0.019913033, 0.99892056, -0.016104728;
 0, 0, 0, 1]
Ow:
[0.0098214382;
 -0.033949595;
 0.015032738]
Keyframe: 30 Frame: 149 Frame from vFrameID : 150
Tcw:
[0.99657321, -0.011202954, 0.081953198, 0.020461993;
 0.012990512, 0.99968851, -0.021311343, -0.028831448;
 -0.081688918, 0.022302927, 0.99640828, 0.012914704;
 0, 0, 0, 1]
Twc:
[0.99657321, 0.012990512, -0.081688918, -0.018962352;
 -0.011202954, 0.99968851, 0.022302927, 0.028763665;
 0.081953198, -0.021311343, 0.99640828, -0.015159681;
 0, 0, 0, 1]
Ow:
[0.020461993;
 -0.028831448;
 0.012914704]
Keyframe: 31 Frame: 152 Frame from vFrameID : 153
Tcw:
[0.99480528, -0.023319574, 0.099089354, 0.021637933;
 0.025068713, 0.99955046, -0.016443692, -0.02645213;
 -0.098661356, 0.018842313, 0.99494267, 0.012675026;
 0, 0, 0, 1]
Twc:
[0.99480528, 0.025068713, -0.098661356, -0.019611873;
 -0.023319574, 0.99955046, 0.018842313, 0.026706001;
 0.099089354, -0.016443692, 0.99494267, -0.015189984;
 0, 0, 0, 1]
Ow:
[0.021637933;
 -0.02645213;
 0.012675026]
Keyframe: 32 Frame: 156 Frame from vFrameID : 157
Tcw:
[0.99458641, -0.033031635, 0.098522939, 0.020050703;
 0.034697577, 0.99928159, -0.015243505, -0.02297497;
 -0.097948641, 0.01857949, 0.99501801, 0.014397213;
 0, 0, 0, 1]
Twc:
[0.99458641, 0.034697577, -0.097948641, -0.017734792;
 -0.033031635, 0.99928159, 0.01857949, 0.023353279;
 0.098522939, -0.015243505, 0.99501801, -0.016651161;
 0, 0, 0, 1]
Ow:
[0.020050703;
 -0.02297497;
 0.014397213]
Keyframe: 33 Frame: 160 Frame from vFrameID : 161
Tcw:
[0.99575955, -0.034220498, 0.085392803, 0.014852379;
 0.03538315, 0.99930012, -0.012138731, -0.020805404;
 -0.084917642, 0.015108723, 0.9962734, 0.017319925;
 0, 0, 0, 1]
Twc:
[0.99575955, 0.03538315, -0.084917642, -0.012582471;
 -0.034220498, 0.99930012, 0.015108723, 0.021037417;
 0.085392803, -0.012138731, 0.9962734, -0.018776219;
 0, 0, 0, 1]
Ow:
[0.014852379;
 -0.020805404;
 0.017319925]
Keyframe: 34 Frame: 163 Frame from vFrameID : 164
Tcw:
[0.99823749, -0.026981194, 0.052857168, 0.0069268467;
 0.027443452, 0.99959105, -0.0080390768, -0.019972492;
 -0.052618645, 0.009475491, 0.99856973, 0.019592637;
 0, 0, 0, 1]
Twc:
[0.99823749, 0.027443452, -0.052618645, -0.0053355861;
 -0.026981194, 0.99959105, 0.009475491, 0.019965567;
 0.052857168, -0.0080390768, 0.99856973, -0.020091308;
 0, 0, 0, 1]
Ow:
[0.0069268467;
 -0.019972492;
 0.019592637]
Keyframe: 35 Frame: 167 Frame from vFrameID : 168
Tcw:
[0.99956429, -0.013127751, 0.026437489, 0.0010666082;
 0.013302691, 0.99989069, -0.0064521856, -0.021155747;
 -0.026349897, 0.0068010637, 0.99962962, 0.022210285;
 0, 0, 0, 1]
Twc:
[0.99956429, 0.013302691, -0.026349897, -0.00019947632;
 -0.013127751, 0.99989069, 0.0068010637, 0.021016384;
 0.026437489, -0.0064521856, 0.99962962, -0.02236676;
 0, 0, 0, 1]
Ow:
[0.0010666082;
 -0.021155747;
 0.022210285]
Keyframe: 36 Frame: 170 Frame from vFrameID : 171
Tcw:
[0.99999094, 0.0038865323, 0.0017463112, -0.0043538469;
 -0.0038793245, 0.99998403, -0.0041120132, -0.025197241;
 -0.0017622648, 0.004105201, 0.99999005, 0.022025639;
 0, 0, 0, 1]
Twc:
[0.99999094, -0.0038793245, -0.0017622648, 0.0042948741;
 0.0038865323, 0.99998403, 0.004105201, 0.025123339;
 0.0017463112, -0.0041120132, 0.99999005, -0.022121426;
 0, 0, 0, 1]
Ow:
[-0.0043538469;
 -0.025197241;
 0.022025639]
Keyframe: 37 Frame: 174 Frame from vFrameID : 175
Tcw:
[0.99926448, 0.033254344, -0.019096376, -0.008318048;
 -0.033479556, 0.99937212, -0.011597318, -0.037135884;
 0.018698726, 0.012228126, 0.99975038, 0.020502053;
 0, 0, 0, 1]
Twc:
[0.99926448, -0.033479556, 0.018698726, 0.0066852751;
 0.033254344, 0.99937212, 0.012228126, 0.037138473;
 -0.019096376, -0.011597318, 0.99975038, -0.021086456;
 0, 0, 0, 1]
Ow:
[-0.008318048;
 -0.037135884;
 0.020502053]
Keyframe: 38 Frame: 178 Frame from vFrameID : 179
Tcw:
[0.99832582, 0.048546162, -0.031444974, -0.0062578777;
 -0.049370002, 0.99844271, -0.025975063, -0.04735202;
 0.030135017, 0.027484016, 0.99916792, 0.019666998;
 0, 0, 0, 1]
Twc:
[0.99832582, -0.049370002, 0.030135017, 0.0033169668;
 0.048546162, 0.99844271, 0.027484016, 0.04704155;
 -0.031444974, -0.025975063, 0.99916792, -0.021077383;
 0, 0, 0, 1]
Ow:
[-0.0062578777;
 -0.04735202;
 0.019666998]
Keyframe: 39 Frame: 182 Frame from vFrameID : 183
Tcw:
[0.99780017, 0.05693141, -0.033964995, -0.0035029571;
 -0.057978667, 0.99784601, -0.030688783, -0.050735317;
 0.032144681, 0.03259052, 0.99895173, 0.021317469;
 0, 0, 0, 1]
Twc:
[0.99780017, -0.057978667, 0.032144681, -0.00013155797;
 0.05693141, 0.99784601, 0.03259052, 0.050130714;
 -0.033964995, -0.030688783, 0.99895173, -0.022971107;
 0, 0, 0, 1]
Ow:
[-0.0035029571;
 -0.050735317;
 0.021317469]
Keyframe: 40 Frame: 186 Frame from vFrameID : 187
Tcw:
[0.99876463, 0.045772843, -0.019341012, 0.00032111071;
 -0.045979559, 0.99888843, -0.010381734, -0.060060974;
 0.018844312, 0.0112582, 0.99975902, 0.026737435;
 0, 0, 0, 1]
Twc:
[0.99876463, -0.045979559, 0.018844312, -0.0035861398;
 0.045772843, 0.99888843, 0.0112582, 0.059678499;
 -0.019341012, -0.010381734, 0.99975902, -0.027348319;
 0, 0, 0, 1]
Ow:
[0.00032111071;
 -0.060060974;
 0.026737435]
Keyframe: 41 Frame: 190 Frame from vFrameID : 191
Tcw:
[0.99897003, 0.041050058, 0.019332619, 0.010558872;
 -0.040681612, 0.99898994, -0.019080868, -0.070468709;
 -0.020096363, 0.018274734, 0.99963099, 0.031927057;
 0, 0, 0, 1]
Twc:
[0.99897003, -0.040681612, -0.020096363, -0.01277316;
 0.041050058, 0.99898994, 0.018274734, 0.069380634;
 0.019332619, -0.019080868, 0.99963099, -0.033464011;
 0, 0, 0, 1]
Ow:
[0.010558872;
 -0.070468709;
 0.031927057]
Keyframe: 42 Frame: 194 Frame from vFrameID : 195
Tcw:
[0.99799997, 0.047387142, 0.041839819, 0.025845276;
 -0.046341132, 0.99859691, -0.025626428, -0.082079075;
 -0.042995475, 0.023636268, 0.99879563, 0.043204065;
 0, 0, 0, 1]
Twc:
[0.99799997, -0.046341132, -0.042995475, -0.027739642;
 0.047387142, 0.99859691, 0.023636268, 0.079717994;
 0.041839819, -0.025626428, 0.99879563, -0.046336785;
 0, 0, 0, 1]
Ow:
[0.025845276;
 -0.082079075;
 0.043204065]
Keyframe: 43 Frame: 198 Frame from vFrameID : 199
Tcw:
[0.99702215, 0.068661973, 0.035105161, 0.045035552;
 -0.06715519, 0.99683964, -0.04243714, -0.096459851;
 -0.037908036, 0.039953273, 0.99848223, 0.052654769;
 0, 0, 0, 1]
Twc:
[0.99702215, -0.06715519, -0.037908036, -0.049383182;
 0.068661973, 0.99683964, 0.039953273, 0.09095905;
 0.035105161, -0.04243714, 0.99848223, -0.05824931;
 0, 0, 0, 1]
Ow:
[0.045035552;
 -0.096459851;
 0.052654769]
Keyframe: 44 Frame: 202 Frame from vFrameID : 203
Tcw:
[0.99553466, 0.092598803, 0.018335789, 0.053491484;
 -0.091592282, 0.99455541, -0.049703315, -0.11307736;
 -0.022838427, 0.047801957, 0.99859571, 0.061373264;
 0, 0, 0, 1]
Twc:
[0.99553466, -0.091592282, -0.022838427, -0.062207971;
 0.092598803, 0.99455541, 0.047801957, 0.10457468;
 0.018335789, -0.049703315, 0.99859571, -0.067888208;
 0, 0, 0, 1]
Ow:
[0.053491484;
 -0.11307736;
 0.061373264]
Keyframe: 45 Frame: 207 Frame from vFrameID : 208
Tcw:
[0.99314702, 0.11640462, -0.010440385, 0.071391419;
 -0.1168155, 0.99147367, -0.05774191, -0.14094216;
 0.0036299413, 0.058565803, 0.99827695, 0.07663767;
 0, 0, 0, 1]
Twc:
[0.99314702, -0.1168155, 0.0036299413, -0.087644592;
 0.11640462, 0.99147367, 0.058565803, 0.1269418;
 -0.010440385, -0.05774191, 0.99827695, -0.083898537;
 0, 0, 0, 1]
Ow:
[0.071391419;
 -0.14094216;
 0.07663767]
Keyframe: 46 Frame: 214 Frame from vFrameID : 215
Tcw:
[0.99420911, 0.10739443, 0.0038367514, 0.086912684;
 -0.10676558, 0.99118841, -0.078400567, -0.17951879;
 -0.012222728, 0.077536918, 0.99691457, 0.1346027;
 0, 0, 0, 1]
Twc:
[0.99420911, -0.10676558, -0.012222728, -0.10393059;
 0.10739443, 0.99118841, 0.077536918, 0.15816632;
 0.0038367514, -0.078400567, 0.99691457, -0.14859521;
 0, 0, 0, 1]
Ow:
[0.086912684;
 -0.17951879;
 0.1346027]
Keyframe: 47 Frame: 218 Frame from vFrameID : 219
Tcw:
[0.9957068, 0.091211289, 0.015764335, 0.087429561;
 -0.089111753, 0.99064684, -0.10333437, -0.20118029;
 -0.02504215, 0.10148595, 0.99452174, 0.15348634;
 0, 0, 0, 1]
Twc:
[0.9957068, -0.089111753, -0.02504215, -0.1011381;
 0.091211289, 0.99064684, 0.10148595, 0.17574733;
 0.015764335, -0.10333437, 0.99452174, -0.17481261;
 0, 0, 0, 1]
Ow:
[0.087429561;
 -0.20118029;
 0.15348634]
Keyframe: 48 Frame: 222 Frame from vFrameID : 223
Tcw:
[0.99719936, 0.056891613, 0.048546508, 0.086003311;
 -0.050317544, 0.99058825, -0.12729114, -0.20932758;
 -0.055331402, 0.12449191, 0.99067664, 0.16214572;
 0, 0, 0, 1]
Twc:
[0.99719936, -0.050317544, -0.055331402, -0.087323554;
 0.056891613, 0.99058825, 0.12449191, 0.18227874;
 0.048546508, -0.12729114, 0.99067664, -0.19145468;
 0, 0, 0, 1]
Ow:
[0.086003311;
 -0.20932758;
 0.16214572]
Keyframe: 49 Frame: 226 Frame from vFrameID : 227
Tcw:
[0.99557227, 0.055768091, 0.075669155, 0.087390095;
 -0.048829366, 0.99468601, -0.09063901, -0.2176502;
 -0.080321811, 0.086542808, 0.99300492, 0.17227203;
 0, 0, 0, 1]
Twc:
[0.99557227, -0.048829366, -0.080321811, -0.083793677;
 0.055768091, 0.99468601, 0.086542808, 0.19671112;
 0.075669155, -0.09063901, 0.99300492, -0.19740729;
 0, 0, 0, 1]
Ow:
[0.087390095;
 -0.2176502;
 0.17227203]
Keyframe: 50 Frame: 231 Frame from vFrameID : 232
Tcw:
[0.99595654, 0.054280985, 0.071582817, 0.084152482;
 -0.050015133, 0.99693871, -0.060097046, -0.23181905;
 -0.074625812, 0.056273822, 0.99562252, 0.18555227;
 0, 0, 0, 1]
Twc:
[0.99595654, -0.050015133, -0.074625812, -0.081559695;
 0.054280985, 0.99693871, 0.056273822, 0.21609978;
 0.071582817, -0.060097046, 0.99562252, -0.20469554;
 0, 0, 0, 1]
Ow:
[0.084152482;
 -0.23181905;
 0.18555227]
Keyframe: 51 Frame: 236 Frame from vFrameID : 237
Tcw:
[0.99504745, 0.068787098, 0.071755953, 0.097219199;
 -0.067091018, 0.99741352, -0.025787923, -0.2501142;
 -0.073344238, 0.020846028, 0.99708879, 0.20411578;
 0, 0, 0, 1]
Twc:
[0.99504745, -0.067091018, -0.073344238, -0.098547406;
 0.068787098, 0.99741352, 0.020846028, 0.23852485;
 0.071755953, -0.025787923, 0.99708879, -0.21694754;
 0, 0, 0, 1]
Ow:
[0.097219199;
 -0.2501142;
 0.20411578]
Keyframe: 52 Frame: 241 Frame from vFrameID : 242
Tcw:
[0.99573576, 0.082065828, 0.04213668, 0.11476038;
 -0.081111148, 0.99641871, -0.023890264, -0.26939198;
 -0.043946352, 0.020370636, 0.99882621, 0.23238818;
 0, 0, 0, 1]
Twc:
[0.99573576, -0.081111148, -0.043946352, -0.12590909;
 0.082065828, 0.99641871, 0.020370636, 0.25427541;
 0.04213668, -0.023890264, 0.99882621, -0.24338686;
 0, 0, 0, 1]
Ow:
[0.11476038;
 -0.26939198;
 0.23238818]
Keyframe: 53 Frame: 246 Frame from vFrameID : 247
Tcw:
[0.99353832, 0.11335445, -0.0056895292, 0.1496724;
 -0.11349337, 0.99184716, -0.05795183, -0.30129689;
 -0.00092595455, 0.058223091, 0.99830317, 0.26820162;
 0, 0, 0, 1]
Twc:
[0.99353832, -0.11349337, -0.00092595455, -0.18265213;
 0.11335445, 0.99184716, 0.058223091, 0.26625893;
 -0.0056895292, -0.05795183, 0.99830317, -0.28435567;
 0, 0, 0, 1]
Ow:
[0.1496724;
 -0.30129689;
 0.26820162]
Keyframe: 54 Frame: 251 Frame from vFrameID : 252
Tcw:
[0.98952073, 0.14077738, -0.032100644, 0.17945427;
 -0.14300014, 0.98624665, -0.082876533, -0.32335448;
 0.019992011, 0.086598441, 0.99604267, 0.29233587;
 0, 0, 0, 1]
Twc:
[0.98952073, -0.14300014, 0.019992011, -0.22965783;
 0.14077738, 0.98624665, 0.086598441, 0.26832837;
 -0.032100644, -0.082876533, 0.99604267, -0.31221691;
 0, 0, 0, 1]
Ow:
[0.17945427;
 -0.32335448;
 0.29233587]
Keyframe: 55 Frame: 256 Frame from vFrameID : 257
Tcw:
[0.98878026, 0.14778639, -0.021743115, 0.2081411;
 -0.14896701, 0.98634356, -0.070251234, -0.34661978;
 0.011064004, 0.072702043, 0.99729234, 0.32015467;
 0, 0, 0, 1]
Twc:
[0.98878026, -0.14896701, 0.011064004, -0.26098293;
 0.14778639, 0.98634356, 0.072702043, 0.28784987;
 -0.021743115, -0.070251234, 0.99729234, -0.33911264;
 0, 0, 0, 1]
Ow:
[0.2081411;
 -0.34661978;
 0.32015467]
Keyframe: 56 Frame: 261 Frame from vFrameID : 262
Tcw:
[0.99231118, 0.12241072, -0.018279012, 0.22062188;
 -0.12313842, 0.99131447, -0.046179049, -0.36036915;
 0.012467438, 0.048074834, 0.99876595, 0.36278516;
 0, 0, 0, 1]
Twc:
[0.99231118, -0.12313842, 0.012467438, -0.26782385;
 0.12241072, 0.99131447, 0.048074834, 0.31279182;
 -0.018279012, -0.046179049, 0.99876595, -0.37494621;
 0, 0, 0, 1]
Ow:
[0.22062188;
 -0.36036915;
 0.36278516]
Keyframe: 57 Frame: 266 Frame from vFrameID : 267
Tcw:
[0.99175537, 0.12559827, -0.025422862, 0.23686591;
 -0.12622117, 0.99169743, -0.02458551, -0.38483644;
 0.022123888, 0.027591715, 0.99937445, 0.40619922;
 0, 0, 0, 1]
Twc:
[0.99175537, -0.12622117, 0.022123888, -0.29247424;
 0.12559827, 0.99169743, 0.027591715, 0.34068361;
 -0.025422862, -0.02458551, 0.99937445, -0.4093847;
 0, 0, 0, 1]
Ow:
[0.23686591;
 -0.38483644;
 0.40619922]
Keyframe: 58 Frame: 271 Frame from vFrameID : 272
Tcw:
[0.99375814, 0.11148122, -0.004091009, 0.25813887;
 -0.1115313, 0.99209201, -0.057569601, -0.42888597;
 -0.0023592715, 0.057666533, 0.9983331, 0.46054319;
 0, 0, 0, 1]
Twc:
[0.99375814, -0.1115313, -0.0023592715, -0.30327526;
 0.11148122, 0.99209201, 0.057666533, 0.37015876;
 -0.004091009, -0.057569601, 0.9983331, -0.48341027;
 0, 0, 0, 1]
Ow:
[0.25813887;
 -0.42888597;
 0.46054319]
Keyframe: 59 Frame: 277 Frame from vFrameID : 278
Tcw:
[0.99460763, 0.10128384, 0.022299035, 0.27854005;
 -0.099902242, 0.99340981, -0.056182966, -0.45428851;
 -0.027842505, 0.053652283, 0.99817145, 0.51878303;
 0, 0, 0, 1]
Twc:
[0.99460763, -0.099902242, -0.027842505, -0.30797827;
 0.10128384, 0.99340981, 0.053652283, 0.39524916;
 0.022299035, -0.056182966, 0.99817145, -0.54956889;
 0, 0, 0, 1]
Ow:
[0.27854005;
 -0.45428851;
 0.51878303]
Keyframe: 60 Frame: 281 Frame from vFrameID : 282
Tcw:
[0.99624223, 0.082097404, 0.027594769, 0.28951213;
 -0.080775611, 0.99566954, -0.046016216, -0.47561455;
 -0.031253085, 0.043614313, 0.99855947, 0.56527591;
 0, 0, 0, 1]
Twc:
[0.99624223, -0.080775611, -0.031253085, -0.30917564;
 0.082097404, 0.99566954, 0.043614313, 0.4251326;
 0.027594769, -0.046016216, 0.99855947, -0.59433663;
 0, 0, 0, 1]
Ow:
[0.28951213;
 -0.47561455;
 0.56527591]
Keyframe: 61 Frame: 288 Frame from vFrameID : 289
Tcw:
[0.99293411, 0.11718896, -0.018671516, 0.33338213;
 -0.11800449, 0.99169505, -0.051146004, -0.52185786;
 0.012522703, 0.052987937, 0.99851662, 0.64536518;
 0, 0, 0, 1]
Twc:
[0.99293411, -0.11800449, 0.012522703, -0.40068975;
 0.11718896, 0.99169505, 0.052987937, 0.44425857;
 -0.018671516, -0.051146004, 0.99851662, -0.66487408;
 0, 0, 0, 1]
Ow:
[0.33338213;
 -0.52185786;
 0.64536518]
Keyframe: 62 Frame: 292 Frame from vFrameID : 293
Tcw:
[0.99163336, 0.12618479, -0.027215183, 0.34345514;
 -0.12760475, 0.99006921, -0.058991354, -0.54048276;
 0.019501103, 0.06197058, 0.99788743, 0.66987908;
 0, 0, 0, 1]
Twc:
[0.99163336, -0.12760475, 0.019501103, -0.42261314;
 0.12618479, 0.99006921, 0.06197058, 0.45026374;
 -0.027215183, -0.058991354, 0.99788743, -0.69100052;
 0, 0, 0, 1]
Ow:
[0.34345514;
 -0.54048276;
 0.66987908]
Keyframe: 63 Frame: 297 Frame from vFrameID : 298
Tcw:
[0.99108231, 0.13049211, -0.026975103, 0.36599946;
 -0.1317489, 0.98993188, -0.05174059, -0.57014507;
 0.019951776, 0.054833125, 0.9982962, 0.71812749;
 0, 0, 0, 1]
Twc:
[0.99108231, -0.1317489, 0.019951776, -0.45217949;
 0.13049211, 0.98993188, 0.054833125, 0.47726759;
 -0.026975103, -0.05174059, 0.9982962, -0.73653072;
 0, 0, 0, 1]
Ow:
[0.36599946;
 -0.57014507;
 0.71812749]
Keyframe: 64 Frame: 301 Frame from vFrameID : 302
Tcw:
[0.99477512, 0.099955954, -0.02076707, 0.37029007;
 -0.10083471, 0.99380314, -0.046772439, -0.58750916;
 0.015963197, 0.048622102, 0.99868965, 0.77162021;
 0, 0, 0, 1]
Twc:
[0.99477512, -0.10083471, 0.015963197, -0.4399142;
 0.099955954, 0.99380314, 0.048622102, 0.50933796;
 -0.02076707, -0.046772439, 0.99868965, -0.79039854;
 0, 0, 0, 1]
Ow:
[0.37029007;
 -0.58750916;
 0.77162021]
Keyframe: 65 Frame: 305 Frame from vFrameID : 306
Tcw:
[0.99593449, 0.090080462, -0.00017340158, 0.37939715;
 -0.090044171, 0.99547482, -0.030362524, -0.61840647;
 -0.0025624533, 0.030254697, 0.99953896, 0.82262522;
 0, 0, 0, 1]
Twc:
[0.99593449, -0.090044171, -0.0025624533, -0.43143067;
 0.090080462, 0.99547482, 0.030254697, 0.55654359;
 -0.00017340158, -0.030362524, 0.99953896, -0.84095651;
 0, 0, 0, 1]
Ow:
[0.37939715;
 -0.61840647;
 0.82262522]
Keyframe: 66 Frame: 309 Frame from vFrameID : 310
Tcw:
[0.99725348, 0.07203532, 0.01721824, 0.39313424;
 -0.071094908, 0.9962104, -0.050103489, -0.64513874;
 -0.020762211, 0.04874175, 0.9985956, 0.85845155;
 0, 0, 0, 1]
Twc:
[0.99725348, -0.071094908, -0.020762211, -0.42009717;
 0.07203532, 0.9962104, 0.04874175, 0.57253194;
 0.01721824, -0.050103489, 0.9985956, -0.89633876;
 0, 0, 0, 1]
Ow:
[0.39313424;
 -0.64513874;
 0.85845155]
Keyframe: 67 Frame: 312 Frame from vFrameID : 313
Tcw:
[0.9969461, 0.074050136, 0.02480147, 0.39768603;
 -0.072978809, 0.99646443, -0.041626096, -0.65638232;
 -0.027796201, 0.03968899, 0.99882537, 0.87886363;
 0, 0, 0, 1]
Twc:
[0.9969461, -0.072978809, -0.027796201, -0.41994447;
 0.074050136, 0.99646443, 0.03968899, 0.58973175;
 0.02480147, -0.041626096, 0.99882537, -0.91501713;
 0, 0, 0, 1]
Ow:
[0.39768603;
 -0.65638232;
 0.87886363]
Keyframe: 68 Frame: 316 Frame from vFrameID : 317
Tcw:
[0.99646324, 0.081321217, 0.021162381, 0.41424546;
 -0.080431022, 0.99595827, -0.039975408, -0.68900573;
 -0.024327695, 0.038131911, 0.99897653, 0.92506343;
 0, 0, 0, 1]
Twc:
[0.99646324, -0.080431022, -0.024327695, -0.44569314;
 0.081321217, 0.99595827, 0.038131911, 0.61725956;
 0.021162381, -0.039975408, 0.99897653, -0.96042633;
 0, 0, 0, 1]
Ow:
[0.41424546;
 -0.68900573;
 0.92506343]
Keyframe: 69 Frame: 320 Frame from vFrameID : 321
Tcw:
[0.99430794, 0.10537851, -0.015717728, 0.43913549;
 -0.10612564, 0.99262935, -0.058517609, -0.72894633;
 0.0094353799, 0.059852578, 0.99816263, 0.9793328;
 0, 0, 0, 1]
Twc:
[0.99430794, -0.10612564, 0.0094353799, -0.52323616;
 0.10537851, 0.99262935, 0.059852578, 0.6186825;
 -0.015717728, -0.058517609, 0.99816263, -1.0132874;
 0, 0, 0, 1]
Ow:
[0.43913549;
 -0.72894633;
 0.9793328]
Keyframe: 70 Frame: 323 Frame from vFrameID : 324
Tcw:
[0.99392396, 0.10708375, -0.02546118, 0.44836849;
 -0.10855128, 0.99191493, -0.065737069, -0.73635465;
 0.018215954, 0.068101488, 0.9975121, 0.99653155;
 0, 0, 0, 1]
Twc:
[0.99392396, -0.10855128, 0.018215954, -0.54372919;
 0.10708375, 0.99191493, 0.068101488, 0.61452293;
 -0.02546118, -0.065737069, 0.9975121, -1.0310421;
 0, 0, 0, 1]
Ow:
[0.44836849;
 -0.73635465;
 0.99653155]
Keyframe: 71 Frame: 326 Frame from vFrameID : 327
Tcw:
[0.99383348, 0.10826404, -0.023955241, 0.4602626;
 -0.10926189, 0.99298286, -0.045241959, -0.75852048;
 0.018889066, 0.047580369, 0.99868882, 1.0250413;
 0, 0, 0, 1]
Twc:
[0.99383348, -0.10926189, 0.018889066, -0.55966383;
 0.10826404, 0.99298286, 0.047580369, 0.65459615;
 -0.023955241, -0.045241959, 0.99868882, -1.0469886;
 0, 0, 0, 1]
Ow:
[0.4602626;
 -0.75852048;
 1.0250413]
Keyframe: 72 Frame: 329 Frame from vFrameID : 330
Tcw:
[0.99267775, 0.12049355, -0.0084950086, 0.4714179;
 -0.120756, 0.99165148, -0.045225497, -0.78069592;
 0.0029747069, 0.045920167, 0.99894071, 1.0550122;
 0, 0, 0, 1]
Twc:
[0.99267775, -0.120756, 0.0029747069, -0.56537813;
 0.12049355, 0.99165148, 0.045920167, 0.6689291;
 -0.0084950086, -0.045225497, 0.99894071, -1.0851972;
 0, 0, 0, 1]
Ow:
[0.4714179;
 -0.78069592;
 1.0550122]
Keyframe: 73 Frame: 333 Frame from vFrameID : 334
Tcw:
[0.99180084, 0.12776357, -0.0027551935, 0.48010117;
 -0.12776087, 0.9908334, -0.043890461, -0.79509056;
 -0.0028776645, 0.043882601, 0.99903256, 1.0895253;
 0, 0, 0, 1]
Twc:
[0.99180084, -0.12776087, -0.0028776645, -0.57461089;
 0.12776357, 0.9908334, 0.043882601, 0.67865163;
 -0.0027551935, -0.043890461, 0.99903256, -1.1220454;
 0, 0, 0, 1]
Ow:
[0.48010117;
 -0.79509056;
 1.0895253]
Keyframe: 74 Frame: 337 Frame from vFrameID : 338
Tcw:
[0.99395752, 0.10970383, -0.003679096, 0.48556253;
 -0.10974875, 0.99266183, -0.050771106, -0.82203293;
 -0.0019176865, 0.050868098, 0.99870354, 1.1388048;
 0, 0, 0, 1]
Twc:
[0.99395752, -0.10974875, -0.0019176865, -0.57066172;
 0.10970383, 0.99266183, 0.050868098, 0.70480382;
 -0.003679096, -0.050771106, 0.99870354, -1.1772774;
 0, 0, 0, 1]
Ow:
[0.48556253;
 -0.82203293;
 1.1388048]
Keyframe: 75 Frame: 341 Frame from vFrameID : 342
Tcw:
[0.99455023, 0.10425868, -5.2613144e-05, 0.49399242;
 -0.10410782, 0.99308378, -0.054279227, -0.84955752;
 -0.0056068311, 0.053988893, 0.9985258, 1.1868823;
 0, 0, 0, 1]
Twc:
[0.99455023, -0.10410782, -0.0056068311, -0.57309121;
 0.10425868, 0.99308378, 0.053988893, 0.72810024;
 -5.2613144e-05, -0.054279227, 0.9985258, -1.2312199;
 0, 0, 0, 1]
Ow:
[0.49399242;
 -0.84955752;
 1.1868823]
Keyframe: 76 Frame: 344 Frame from vFrameID : 345
Tcw:
[0.99414825, 0.10775401, 0.0076387287, 0.49958748;
 -0.10735366, 0.99337, -0.041125406, -0.86056924;
 -0.01201951, 0.040064704, 0.99912477, 1.2074001;
 0, 0, 0, 1]
Twc:
[0.99414825, -0.10735366, -0.01201951, -0.57453692;
 0.10775401, 0.99337, 0.040064704, 0.75265688;
 0.0076387287, -0.041125406, 0.99912477, -1.2455509;
 0, 0, 0, 1]
Ow:
[0.49958748;
 -0.86056924;
 1.2074001]
Keyframe: 77 Frame: 348 Frame from vFrameID : 349
Tcw:
[0.9943558, 0.10606472, 0.0026223545, 0.51176643;
 -0.10594024, 0.99392569, -0.029806804, -0.88585562;
 -0.0057678758, 0.029360754, 0.99955225, 1.2532822;
 0, 0, 0, 1]
Twc:
[0.9943558, -0.10594024, -0.0057678758, -0.59549689;
 0.10606472, 0.99392569, 0.029360754, 0.78939688;
 0.0026223545, -0.029806804, 0.99955225, -1.2804675;
 0, 0, 0, 1]
Ow:
[0.51176643;
 -0.88585562;
 1.2532822]
Keyframe: 78 Frame: 352 Frame from vFrameID : 353
Tcw:
[0.99200147, 0.12470247, -0.019553367, 0.53779638;
 -0.12534013, 0.9914698, -0.035741713, -0.90921253;
 0.014929493, 0.037906654, 0.99916977, 1.3024179;
 0, 0, 0, 1]
Twc:
[0.99200147, -0.12534013, 0.014929493, -0.6669001;
 0.12470247, 0.9914698, 0.037906654, 0.7850219;
 -0.019553367, -0.035741713, 0.99916977, -1.3233175;
 0, 0, 0, 1]
Ow:
[0.53779638;
 -0.90921253;
 1.3024179]
Keyframe: 79 Frame: 356 Frame from vFrameID : 357
Tcw:
[0.98960596, 0.14157939, -0.025205497, 0.56258726;
 -0.14258535, 0.98880404, -0.043999679, -0.93648905;
 0.018693849, 0.047136281, 0.99871355, 1.3397577;
 0, 0, 0, 1]
Twc:
[0.98960596, -0.14258535, 0.018693849, -0.71531457;
 0.14157939, 0.98880404, 0.047136281, 0.78320217;
 -0.025205497, -0.043999679, 0.99871355, -1.365059;
 0, 0, 0, 1]
Ow:
[0.56258726;
 -0.93648905;
 1.3397577]
Keyframe: 80 Frame: 359 Frame from vFrameID : 360
Tcw:
[0.99005175, 0.13690457, -0.032475047, 0.56883508;
 -0.13811813, 0.98966163, -0.038641885, -0.9513641;
 0.026849059, 0.04274286, 0.9987253, 1.3562254;
 0, 0, 0, 1]
Twc:
[0.99005175, -0.13811813, 0.026849059, -0.73099017;
 0.13690457, 0.98966163, 0.04274286, 0.80568349;
 -0.032475047, -0.038641885, 0.9987253, -1.372786;
 0, 0, 0, 1]
Ow:
[0.56883508;
 -0.9513641;
 1.3562254]
Keyframe: 81 Frame: 363 Frame from vFrameID : 364
Tcw:
[0.98974764, 0.13841714, -0.035218429, 0.59031606;
 -0.13965045, 0.98956931, -0.035360694, -0.97190887;
 0.029956549, 0.03991643, 0.99875385, 1.3939484;
 0, 0, 0, 1]
Twc:
[0.98974764, -0.13965045, 0.029956549, -0.76174927;
 0.13841714, 0.98956931, 0.03991643, 0.82441986;
 -0.035218429, -0.035360694, 0.99875385, -1.4057888;
 0, 0, 0, 1]
Ow:
[0.59031606;
 -0.97190887;
 1.3939484]
Keyframe: 82 Frame: 366 Frame from vFrameID : 367
Tcw:
[0.99021709, 0.13677345, -0.027623933, 0.59741455;
 -0.13752206, 0.99012232, -0.027303971, -0.98670799;
 0.023616614, 0.030835759, 0.99924541, 1.4306611;
 0, 0, 0, 1]
Twc:
[0.99021709, -0.13752206, 0.023616614, -0.7610516;
 0.13677345, 0.99012232, 0.030835759, 0.85113555;
 -0.027623933, -0.027303971, 0.99924541, -1.4400196;
 0, 0, 0, 1]
Ow:
[0.59741455;
 -0.98670799;
 1.4306611]
Keyframe: 83 Frame: 369 Frame from vFrameID : 370
Tcw:
[0.99137419, 0.12808281, -0.027783843, 0.60347247;
 -0.12887652, 0.991238, -0.028949115, -1.0009332;
 0.023832517, 0.032280091, 0.99919468, 1.469901;
 0, 0, 0, 1]
Twc:
[0.99137419, -0.12887652, 0.023832517, -0.76229525;
 0.12808281, 0.991238, 0.032280091, 0.86741996;
 -0.027783843, -0.028949115, 0.99919468, -1.4809265;
 0, 0, 0, 1]
Ow:
[0.60347247;
 -1.0009332;
 1.469901]
Keyframe: 84 Frame: 373 Frame from vFrameID : 374
Tcw:
[0.9928596, 0.11430984, -0.034103081, 0.61316037;
 -0.11526837, 0.99295086, -0.027600456, -1.0223871;
 0.03070768, 0.031334385, 0.99903715, 1.5167986;
 0, 0, 0, 1]
Twc:
[0.9928596, -0.11526837, 0.03070768, -0.77320844;
 0.11430984, 0.99295086, 0.031334385, 0.89756197;
 -0.034103081, -0.027600456, 0.99903715, -1.5226457;
 0, 0, 0, 1]
Ow:
[0.61316037;
 -1.0223871;
 1.5167986]
Keyframe: 85 Frame: 377 Frame from vFrameID : 378
Tcw:
[0.99546045, 0.089510173, -0.032348849, 0.6257031;
 -0.089200377, 0.99595404, 0.01089916, -1.0362339;
 0.033193555, -0.0079641528, 0.99941719, 1.5632166;
 0, 0, 0, 1]
Twc:
[0.99546045, -0.089200377, 0.033193555, -0.76718378;
 0.089510173, 0.99595404, -0.0079641528, 0.98848438;
 -0.032348849, 0.01089916, 0.99941719, -1.5307708;
 0, 0, 0, 1]
Ow:
[0.6257031;
 -1.0362339;
 1.5632166]
Keyframe: 86 Frame: 381 Frame from vFrameID : 382
Tcw:
[0.99562639, 0.086793222, -0.034569092, 0.64234471;
 -0.086195789, 0.996108, 0.018415898, -1.0622499;
 0.036032926, -0.015355645, 0.99923265, 1.6126425;
 0, 0, 0, 1]
Twc:
[0.99562639, -0.086195789, 0.036032926, -0.78920507;
 0.086793222, 0.996108, -0.015355645, 1.0271275;
 -0.034569092, 0.018415898, 0.99923265, -1.5696374;
 0, 0, 0, 1]
Ow:
[0.64234471;
 -1.0622499;
 1.6126425]
Keyframe: 87 Frame: 385 Frame from vFrameID : 386
Tcw:
[0.99353182, 0.10061301, -0.052645788, 0.66168505;
 -0.10010963, 0.99490261, 0.012119454, -1.0719651;
 0.053596806, -0.0067707128, 0.99853969, 1.6494216;
 0, 0, 0, 1]
Twc:
[0.99353182, -0.10010963, 0.053596806, -0.85312289;
 0.10061301, 0.99490261, -0.0067707128, 1.0110945;
 -0.052645788, 0.012119454, 0.99853969, -1.5991864;
 0, 0, 0, 1]
Ow:
[0.66168505;
 -1.0719651;
 1.6494216]
Keyframe: 88 Frame: 389 Frame from vFrameID : 390
Tcw:
[0.99060309, 0.10978459, -0.081565022, 0.68098736;
 -0.10777242, 0.99376154, 0.028688936, -1.0958095;
 0.084205791, -0.019628888, 0.99625504, 1.6937239;
 0, 0, 0, 1]
Twc:
[0.99060309, -0.10777242, 0.084205791, -0.93530762;
 0.10978459, 0.99376154, -0.019628888, 1.0474573;
 -0.081565022, 0.028688936, 0.99625504, -1.6003987;
 0, 0, 0, 1]
Ow:
[0.68098736;
 -1.0958095;
 1.6937239]
Keyframe: 89 Frame: 392 Frame from vFrameID : 393
Tcw:
[0.98884159, 0.11547739, -0.094112866, 0.69443023;
 -0.11300177, 0.9931035, 0.03124064, -1.1231501;
 0.097071402, -0.020257125, 0.99507123, 1.7249458;
 0, 0, 0, 1]
Twc:
[0.98884159, -0.11300177, 0.097071402, -0.98104239;
 0.11547739, 0.9931035, -0.020257125, 1.0701559;
 -0.094112866, 0.03124064, 0.99507123, -1.6160012;
 0, 0, 0, 1]
Ow:
[0.69443023;
 -1.1231501;
 1.7249458]
