Keyframe: 0 Frame: 0 Frame from vFrameID : 27
Tcw:
[1, 0, 0, 0;
 0, 1, 0, 0;
 0, 0, 1, 0;
 0, 0, 0, 1]
Twc:
[1, 0, 0, 0;
 0, 1, 0, 0;
 0, 0, 1, 0;
 0, 0, 0, 1]
Ow:
[0;
 0;
 0]
Keyframe: 1 Frame: 26 Frame from vFrameID : 27
Tcw:
[0.99990946, 0.0084395148, 0.010481535, 0.012696878;
 -0.0084479023, 0.99996406, 0.000756227, -0.0049138931;
 -0.010474776, -0.0008447055, 0.99994481, 0.0059396964;
 0, 0, 0, 1]
Twc:
[0.99990946, -0.0084479023, -0.010474776, -0.012675024;
 0.0084395148, 0.99996406, -0.0008447055, 0.004811578;
 0.010481535, 0.000756227, 0.99994481, -0.0060687349;
 0, 0, 0, 1]
Ow:
[0.012696878;
 -0.0049138931;
 0.0059396964]
Keyframe: 2 Frame: 28 Frame from vFrameID : 29
Tcw:
[0.99990016, 0.0084591098, 0.011318969, 0.010725869;
 -0.0085267639, 0.999946, 0.0059421356, -0.0040309844;
 -0.011268092, -0.0060380562, 0.99991828, 0.0060404874;
 0, 0, 0, 1]
Twc:
[0.99990016, -0.0085267639, -0.011268092, -0.010691104;
 0.0084591098, 0.999946, -0.0060380562, 0.003976508;
 0.011318969, 0.0059421356, 0.99991828, -0.006137447;
 0, 0, 0, 1]
Ow:
[0.010725869;
 -0.0040309844;
 0.0060404874]
Keyframe: 3 Frame: 30 Frame from vFrameID : 31
Tcw:
[0.99977976, 0.012819633, 0.016615335, 0.012561111;
 -0.012870055, 0.99991286, 0.0029312661, -0.010018525;
 -0.016576311, -0.0031444607, 0.99985766, 0.007087524;
 0, 0, 0, 1]
Twc:
[0.99977976, -0.012870055, -0.016576311, -0.012569799;
 0.012819633, 0.99991286, -0.0031444607, 0.0098789092;
 0.016615335, 0.0029312661, 0.99985766, -0.0072658556;
 0, 0, 0, 1]
Ow:
[0.012561111;
 -0.010018525;
 0.007087524]
Keyframe: 4 Frame: 32 Frame from vFrameID : 33
Tcw:
[0.99970329, 0.015075456, 0.019132154, 0.012943035;
 -0.014777655, 0.99976891, -0.015612552, -0.0087778103;
 -0.0193631, 0.015325191, 0.99969506, 0.003733017;
 0, 0, 0, 1]
Twc:
[0.99970329, -0.014777655, -0.0193631, -0.012996628;
 0.015075456, 0.99976891, 0.015325191, 0.0085234502;
 0.019132154, -0.015612552, 0.99969506, -0.004116551;
 0, 0, 0, 1]
Ow:
[0.012943035;
 -0.0087778103;
 0.003733017]
Keyframe: 5 Frame: 34 Frame from vFrameID : 35
Tcw:
[0.99968284, 0.017184908, 0.018408546, 0.013145013;
 -0.016877813, 0.99971795, -0.016709581, -0.0074725924;
 -0.018690506, 0.016393587, 0.99969089, 0.0035764952;
 0, 0, 0, 1]
Twc:
[0.99968284, -0.016877813, -0.018690506, -0.013200118;
 0.017184908, 0.99971795, 0.016393587, 0.0071859574;
 0.018408546, -0.016709581, 0.99969089, -0.0039422344;
 0, 0, 0, 1]
Ow:
[0.013145013;
 -0.0074725924;
 0.0035764952]
Keyframe: 6 Frame: 36 Frame from vFrameID : 37
Tcw:
[0.99967062, 0.018061433, 0.018232327, 0.012223242;
 -0.017812213, 0.99974692, -0.013740158, -0.0077526448;
 -0.018475879, 0.013410874, 0.99973935, 0.0043951189;
 0, 0, 0, 1]
Twc:
[0.99967062, -0.017812213, -0.018475879, -0.012276105;
 0.018061433, 0.99974692, 0.013410874, 0.007470971;
 0.018232327, -0.013740158, 0.99973935, -0.0047233542;
 0, 0, 0, 1]
Ow:
[0.012223242;
 -0.0077526448;
 0.0043951189]
Keyframe: 7 Frame: 38 Frame from vFrameID : 39
Tcw:
[0.99974525, 0.018124279, 0.013449588, 0.011879498;
 -0.017965173, 0.99976832, -0.011857891, -0.0081918351;
 -0.013661387, 0.011613247, 0.99983925, 0.0053630504;
 0, 0, 0, 1]
Twc:
[0.99974525, -0.017965173, -0.013661387, -0.011950374;
 0.018124279, 0.99976832, 0.011613247, 0.0079123471;
 0.013449588, -0.011857891, 0.99983925, -0.0056191003;
 0, 0, 0, 1]
Ow:
[0.011879498;
 -0.0081918351;
 0.0053630504]
Keyframe: 8 Frame: 40 Frame from vFrameID : 41
Tcw:
[0.99977243, 0.0177198, 0.011878238, 0.012119986;
 -0.01760021, 0.99979413, -0.010097953, -0.007671867;
 -0.012054726, 0.0098865954, 0.99987847, 0.0065320116;
 0, 0, 0, 1]
Twc:
[0.99977243, -0.01760021, -0.012054726, -0.012173514;
 0.0177198, 0.99979413, 0.0098865954, 0.0073909443;
 0.011878238, -0.010097953, 0.99987847, -0.0067526517;
 0, 0, 0, 1]
Ow:
[0.012119986;
 -0.007671867;
 0.0065320116]
Keyframe: 9 Frame: 42 Frame from vFrameID : 43
Tcw:
[0.99982446, 0.016272109, 0.0092844609, 0.011057447;
 -0.016192462, 0.99983197, -0.0085900854, -0.0083380882;
 -0.0094226794, 0.0084382398, 0.99992001, 0.0069525577;
 0, 0, 0, 1]
Twc:
[0.99982446, -0.016192462, -0.0094226794, -0.011125009;
 0.016272109, 0.99983197, 0.0084382398, 0.0080980919;
 0.0092844609, -0.0085900854, 0.99992001, -0.0071262885;
 0, 0, 0, 1]
Ow:
[0.011057447;
 -0.0083380882;
 0.0069525577]
Keyframe: 10 Frame: 44 Frame from vFrameID : 45
Tcw:
[0.99991107, 0.012901755, 0.0033817098, 0.012578284;
 -0.012874051, 0.99988443, -0.0080898795, -0.0091505526;
 -0.0034856924, 0.008045624, 0.99996156, 0.0071412129;
 0, 0, 0, 1]
Twc:
[0.99991107, -0.012874051, -0.0034856924, -0.012670077;
 0.012901755, 0.99988443, 0.008045624, 0.0089297565;
 0.0033817098, -0.0080898795, 0.99996156, -0.0072575011;
 0, 0, 0, 1]
Ow:
[0.012578284;
 -0.0091505526;
 0.0071412129]
Keyframe: 11 Frame: 46 Frame from vFrameID : 47
Tcw:
[0.99990869, 0.012928485, 0.0039275321, 0.012754953;
 -0.012897036, 0.99988538, -0.0079298979, -0.009371765;
 -0.0040296037, 0.0078785205, 0.99996084, 0.0071523869;
 0, 0, 0, 1]
Twc:
[0.99990869, -0.012897036, -0.0040296037, -0.012845836;
 0.012928485, 0.99988538, 0.0078785205, 0.0091494387;
 0.0039275321, -0.0079298979, 0.99996084, -0.0072765197;
 0, 0, 0, 1]
Ow:
[0.012754953;
 -0.009371765;
 0.0071523869]
Keyframe: 12 Frame: 48 Frame from vFrameID : 49
Tcw:
[0.99994707, 0.010244302, -0.00097479479, 0.013018874;
 -0.010253231, 0.99990094, -0.0096433088, -0.0092849322;
 0.00087590929, 0.0096527925, 0.99995303, 0.0067101046;
 0, 0, 0, 1]
Twc:
[0.99994707, -0.010253231, 0.00087590929, -0.013119263;
 0.010244302, 0.99990094, 0.0096527925, 0.0090858713;
 -0.00097479479, -0.0096433088, 0.99995303, -0.0067866365;
 0, 0, 0, 1]
Ow:
[0.013018874;
 -0.0092849322;
 0.0067101046]
Keyframe: 13 Frame: 50 Frame from vFrameID : 51
Tcw:
[0.99994558, 0.010248421, -0.0019488204, 0.013555392;
 -0.010266123, 0.99990404, -0.0093014659, -0.0095620696;
 0.0018533081, 0.0093209669, 0.99995482, 0.0063171834;
 0, 0, 0, 1]
Twc:
[0.99994558, -0.010266123, 0.0018533081, -0.013664527;
 0.010248421, 0.99990404, 0.0093209669, 0.0093633486;
 -0.0019488204, -0.0093014659, 0.99995482, -0.0063794227;
 0, 0, 0, 1]
Ow:
[0.013555392;
 -0.0095620696;
 0.0063171834]
Keyframe: 14 Frame: 52 Frame from vFrameID : 53
Tcw:
[0.99994802, 0.0098650344, -0.0025633911, 0.014308622;
 -0.0098942071, 0.99988341, -0.011628487, -0.010938575;
 0.0024483767, 0.011653246, 0.99992913, 0.0068261703;
 0, 0, 0, 1]
Twc:
[0.99994802, -0.0098942071, 0.0024483767, -0.01443282;
 0.0098650344, 0.99988341, 0.011653246, 0.010716598;
 -0.0025633911, -0.011628487, 0.99992913, -0.0069162068;
 0, 0, 0, 1]
Ow:
[0.014308622;
 -0.010938575;
 0.0068261703]
Keyframe: 15 Frame: 54 Frame from vFrameID : 55
Tcw:
[0.99994111, 0.010782644, -0.0012439332, 0.014575593;
 -0.010799096, 0.99984258, -0.014078904, -0.0098636262;
 0.0010919296, 0.014091508, 0.9999001, 0.0062867249;
 0, 0, 0, 1]
Twc:
[0.99994111, -0.010799096, 0.0010919296, -0.014688117;
 0.010782644, 0.99984258, 0.014091508, 0.00961632;
 -0.0012439332, -0.014078904, 0.9999001, -0.0064068348;
 0, 0, 0, 1]
Ow:
[0.014575593;
 -0.0098636262;
 0.0062867249]
Keyframe: 16 Frame: 56 Frame from vFrameID : 57
Tcw:
[0.99991661, 0.012888077, -0.00079374091, 0.014632815;
 -0.012895567, 0.99986386, -0.010293126, -0.01097768;
 0.00066097424, 0.010302504, 0.99994671, 0.0069183055;
 0, 0, 0, 1]
Twc:
[0.99991661, -0.012895567, 0.00066097424, -0.014777731;
 0.012888077, 0.99986386, 0.010302504, 0.01071632;
 -0.00079374091, -0.010293126, 0.99994671, -0.0070193168;
 0, 0, 0, 1]
Ow:
[0.014632815;
 -0.01097768;
 0.0069183055]
Keyframe: 17 Frame: 58 Frame from vFrameID : 59
Tcw:
[0.99991554, 0.012961668, -0.00095322175, 0.015427733;
 -0.012972775, 0.99983454, -0.012753176, -0.011967546;
 0.00078776159, 0.012764465, 0.99991822, 0.0071282582;
 0, 0, 0, 1]
Twc:
[0.99991554, -0.012972775, 0.00078776159, -0.015587297;
 0.012961668, 0.99983454, 0.012764465, 0.011674608;
 -0.00095322175, -0.012753176, 0.99991822, -0.0072655934;
 0, 0, 0, 1]
Ow:
[0.015427733;
 -0.011967546;
 0.0071282582]
Keyframe: 18 Frame: 60 Frame from vFrameID : 61
Tcw:
[0.99991119, 0.013326376, -0.00014607342, 0.015103853;
 -0.013327002, 0.99978197, -0.016076414, -0.011285439;
 -6.8198751e-05, 0.016076932, 0.99987078, 0.0063767438;
 0, 0, 0, 1]
Twc:
[0.99991119, -0.013327002, -6.8198751e-05, -0.015252477;
 0.013326376, 0.99978197, 0.016076932, 0.01097918;
 -0.00014607342, -0.016076414, 0.99987078, -0.0065551423;
 0, 0, 0, 1]
Ow:
[0.015103853;
 -0.011285439;
 0.0063767438]
Keyframe: 19 Frame: 62 Frame from vFrameID : 63
Tcw:
[0.99989676, 0.014356876, 0.00057743152, 0.014574947;
 -0.01434606, 0.99977416, -0.015679853, -0.011118646;
 -0.00080241478, 0.015669951, 0.99987692, 0.0063649043;
 0, 0, 0, 1]
Twc:
[0.99989676, -0.01434606, -0.00080241478, -0.014727844;
 0.014356876, 0.99977416, 0.015669951, 0.010807146;
 0.00057743152, -0.015679853, 0.99987692, -0.0065468755;
 0, 0, 0, 1]
Ow:
[0.014574947;
 -0.011118646;
 0.0063649043]
Keyframe: 20 Frame: 64 Frame from vFrameID : 65
Tcw:
[0.99986947, 0.016155552, -0.00021558677, 0.015550107;
 -0.016156984, 0.99976778, -0.014259207, -0.011003586;
 -1.4828661e-05, 0.014260829, 0.99989831, 0.0068736309;
 0, 0, 0, 1]
Twc:
[0.99986947, -0.016156984, -1.4828661e-05, -0.01572576;
 0.016155552, 0.99976778, 0.014260829, 0.010651788;
 -0.00021558677, -0.014259207, 0.99989831, -0.0070264819;
 0, 0, 0, 1]
Ow:
[0.015550107;
 -0.011003586;
 0.0068736309]
Keyframe: 21 Frame: 66 Frame from vFrameID : 67
Tcw:
[0.99985927, 0.016679678, 0.0018029324, 0.014134702;
 -0.016654275, 0.99977297, -0.01328907, -0.011426594;
 -0.0020241805, 0.013257173, 0.99991006, 0.0072100335;
 0, 0, 0, 1]
Twc:
[0.99985927, -0.016654275, -0.0020241805, -0.01430842;
 0.016679678, 0.99977297, 0.013257173, 0.011092653;
 0.0018029324, -0.01328907, 0.99991006, -0.0073867179;
 0, 0, 0, 1]
Ow:
[0.014134702;
 -0.011426594;
 0.0072100335]
Keyframe: 22 Frame: 68 Frame from vFrameID : 69
Tcw:
[0.9998613, 0.016498797, 0.0022841999, 0.013812039;
 -0.016464153, 0.99976027, -0.014435023, -0.01129227;
 -0.0025218129, 0.014395413, 0.99989319, 0.0067762206;
 0, 0, 0, 1]
Twc:
[0.9998613, -0.016464153, -0.0025218129, -0.013978953;
 0.016498797, 0.99976027, 0.014395413, 0.010964135;
 0.0022841999, -0.014435023, 0.99989319, -0.0069700507;
 0, 0, 0, 1]
Ow:
[0.013812039;
 -0.01129227;
 0.0067762206]
Keyframe: 23 Frame: 70 Frame from vFrameID : 71
Tcw:
[0.99982393, 0.01828585, 0.0042075869, 0.013577233;
 -0.018207207, 0.99967176, -0.018025924, -0.011355143;
 -0.004535825, 0.017946141, 0.9998287, 0.0055961306;
 0, 0, 0, 1]
Twc:
[0.99982393, -0.018207207, -0.004535825, -0.013756205;
 0.01828585, 0.99967176, 0.017946141, 0.011002715;
 0.0042075869, -0.018025924, 0.9998287, -0.0058569862;
 0, 0, 0, 1]
Ow:
[0.013577233;
 -0.011355143;
 0.0055961306]
Keyframe: 24 Frame: 73 Frame from vFrameID : 74
Tcw:
[0.99981463, 0.018961599, 0.0033403761, 0.012353254;
 -0.018891744, 0.99962485, -0.019831311, -0.0098068705;
 -0.0037151561, 0.01976453, 0.99979776, 0.0042939391;
 0, 0, 0, 1]
Twc:
[0.99981463, -0.018891744, -0.0037151561, -0.012520281;
 0.018961599, 0.99962485, 0.01976453, 0.0094840862;
 0.0033403761, -0.019831311, 0.99979776, -0.0045288182;
 0, 0, 0, 1]
Ow:
[0.012353254;
 -0.0098068705;
 0.0042939391]
Keyframe: 25 Frame: 75 Frame from vFrameID : 76
Tcw:
[0.99984837, 0.017177304, 0.0028644132, 0.011567308;
 -0.017120322, 0.99967563, -0.018854601, -0.0088703111;
 -0.0031873554, 0.018802702, 0.99981815, 0.0046981317;
 0, 0, 0, 1]
Twc:
[0.99984837, -0.017120322, -0.0031873554, -0.011702442;
 0.017177304, 0.99967563, 0.018802702, 0.0085804006;
 0.0028644132, -0.018854601, 0.99981815, -0.0048976569;
 0, 0, 0, 1]
Ow:
[0.011567308;
 -0.0088703111;
 0.0046981317]
Keyframe: 26 Frame: 77 Frame from vFrameID : 78
Tcw:
[0.99985164, 0.016988792, 0.0028492021, 0.010616561;
 -0.016939202, 0.99971855, -0.016608842, -0.0083371252;
 -0.0031305642, 0.016558114, 0.99985802, 0.0048665907;
 0, 0, 0, 1]
Twc:
[0.99985164, -0.016939202, -0.0031305642, -0.010740975;
 0.016988792, 0.99971855, 0.016558114, 0.0080738356;
 0.0028492021, -0.016608842, 0.99985802, -0.0050346185;
 0, 0, 0, 1]
Ow:
[0.010616561;
 -0.0083371252;
 0.0048665907]
Keyframe: 27 Frame: 81 Frame from vFrameID : 82
Tcw:
[0.99984467, 0.017618004, -0.0004396665, 0.0078828577;
 -0.017622853, 0.99970943, -0.016445326, -0.0080589289;
 0.00014980494, 0.016450521, 0.9998647, 0.0037869189;
 0, 0, 0, 1]
Twc:
[0.99984467, -0.017622853, 0.00014980494, -0.0080242213;
 0.017618004, 0.99970943, 0.016450521, 0.0078554107;
 -0.0004396665, -0.016445326, 0.9998647, -0.0039154724;
 0, 0, 0, 1]
Ow:
[0.0078828577;
 -0.0080589289;
 0.0037869189]
Keyframe: 28 Frame: 84 Frame from vFrameID : 85
Tcw:
[0.99982059, 0.018628018, -0.0034300513, 0.0059497333;
 -0.018672736, 0.99973446, -0.01350261, -0.0072599859;
 0.0031776135, 0.013564236, 0.99990296, 0.0043889019;
 0, 0, 0, 1]
Twc:
[0.99982059, -0.018672736, 0.0031776135, -0.0060981764;
 0.018628018, 0.99973446, 0.013564236, 0.0070876945;
 -0.0034300513, -0.01350261, 0.99990296, -0.0044660969;
 0, 0, 0, 1]
Ow:
[0.0059497333;
 -0.0072599859;
 0.0043889019]
Keyframe: 29 Frame: 87 Frame from vFrameID : 88
Tcw:
[0.99969339, 0.020101316, -0.014459602, -0.00076255557;
 -0.020272404, 0.99972504, -0.011784508, -0.007140927;
 0.014218742, 0.012074025, 0.99982601, 0.0067585362;
 0, 0, 0, 1]
Twc:
[0.99969339, -0.020272404, 0.014218742, 0.00052146014;
 0.020101316, 0.99972504, 0.012074025, 0.0070726895;
 -0.014459602, -0.011784508, 0.99982601, -0.0068525388;
 0, 0, 0, 1]
Ow:
[-0.00076255557;
 -0.007140927;
 0.0067585362]
Keyframe: 30 Frame: 90 Frame from vFrameID : 91
Tcw:
[0.99949473, 0.020402951, -0.024372946, -0.00582213;
 -0.02067689, 0.99972522, -0.011040793, -0.006390695;
 0.024140984, 0.011539171, 0.99964195, 0.0083633726;
 0, 0, 0, 1]
Twc:
[0.99949473, -0.02067689, 0.024140984, 0.0054851482;
 0.020402951, 0.99972522, 0.011539171, 0.0064112218;
 -0.024372946, -0.011040793, 0.99964195, -0.0085728392;
 0, 0, 0, 1]
Ow:
[-0.00582213;
 -0.006390695;
 0.0083633726]
Keyframe: 31 Frame: 94 Frame from vFrameID : 95
Tcw:
[0.99838388, 0.028711623, -0.049044028, -0.016166097;
 -0.029260365, 0.99951661, -0.010507539, -0.011054872;
 0.048718631, 0.011925603, 0.99874133, 0.012631712;
 0, 0, 0, 1]
Twc:
[0.99838388, -0.029260365, 0.048718631, 0.015201099;
 0.028711623, 0.99951661, 0.011925603, 0.011363042;
 -0.049044028, -0.010507539, 0.99874133, -0.013524824;
 0, 0, 0, 1]
Ow:
[-0.016166097;
 -0.011054872;
 0.012631712]
Keyframe: 32 Frame: 97 Frame from vFrameID : 98
Tcw:
[0.99690235, 0.037609465, -0.069074579, -0.024078067;
 -0.039213005, 0.99898851, -0.022006817, -0.013350543;
 0.068177044, 0.024647269, 0.99736875, 0.014012037;
 0, 0, 0, 1]
Twc:
[0.99690235, -0.039213005, 0.068177044, 0.022524666;
 0.037609465, 0.99898851, 0.024647269, 0.013897244;
 -0.069074579, -0.022006817, 0.99736875, -0.015932152;
 0, 0, 0, 1]
Ow:
[-0.024078067;
 -0.013350543;
 0.014012037]
Keyframe: 33 Frame: 100 Frame from vFrameID : 101
Tcw:
[0.99509329, 0.044778638, -0.088228457, -0.030263118;
 -0.04753131, 0.99843848, -0.02934848, -0.019262096;
 0.086776502, 0.033398088, 0.99566782, 0.014258008;
 0, 0, 0, 1]
Twc:
[0.99509329, -0.04753131, 0.086776502, 0.027961811;
 0.044778638, 0.99843848, 0.033398088, 0.020110969;
 -0.088228457, -0.02934848, 0.99566782, -0.017431622;
 0, 0, 0, 1]
Ow:
[-0.030263118;
 -0.019262096;
 0.014258008]
Keyframe: 34 Frame: 103 Frame from vFrameID : 104
Tcw:
[0.99385434, 0.051089622, -0.098200656, -0.032972537;
 -0.055201009, 0.99768907, -0.03961483, -0.021401549;
 0.095949821, 0.044792145, 0.99437785, 0.013153454;
 0, 0, 0, 1]
Twc:
[0.99385434, -0.055201009, 0.095949821, 0.030326443;
 0.051089622, 0.99768907, 0.044792145, 0.022447476;
 -0.098200656, -0.03961483, 0.99437785, -0.017165247;
 0, 0, 0, 1]
Ow:
[-0.032972537;
 -0.021401549;
 0.013153454]
Keyframe: 35 Frame: 106 Frame from vFrameID : 107
Tcw:
[0.99351531, 0.057948966, -0.097822502, -0.035887375;
 -0.061149627, 0.99767643, -0.030041901, -0.025630614;
 0.095854305, 0.0358289, 0.99475032, 0.014920165;
 0, 0, 0, 1]
Twc:
[0.99351531, -0.061149627, 0.095854305, 0.032657195;
 0.057948966, 0.99767643, 0.0358289, 0.027116122;
 -0.097822502, -0.030041901, 0.99475032, -0.019122425;
 0, 0, 0, 1]
Ow:
[-0.035887375;
 -0.025630614;
 0.014920165]
Keyframe: 36 Frame: 109 Frame from vFrameID : 110
Tcw:
[0.99422008, 0.055370841, -0.091981314, -0.035234004;
 -0.058753237, 0.99767691, -0.03447913, -0.029251566;
 0.089858495, 0.039684042, 0.99516362, 0.014538487;
 0, 0, 0, 1]
Twc:
[0.99422008, -0.058753237, 0.089858495, 0.032005321;
 0.055370841, 0.99767691, 0.039684042, 0.030557603;
 -0.091981314, -0.03447913, 0.99516362, -0.018717613;
 0, 0, 0, 1]
Ow:
[-0.035234004;
 -0.029251566;
 0.014538487]
Keyframe: 37 Frame: 112 Frame from vFrameID : 113
Tcw:
[0.99542284, 0.048765693, -0.08219029, -0.032629754;
 -0.052151214, 0.99785537, -0.039559457, -0.030041538;
 0.080084875, 0.043664709, 0.99583119, 0.013534632;
 0, 0, 0, 1]
Twc:
[0.99542284, -0.052151214, 0.080084875, 0.029829783;
 0.048765693, 0.99785537, 0.043664709, 0.030977335;
 -0.08219029, -0.039559457, 0.99583119, -0.017348485;
 0, 0, 0, 1]
Ow:
[-0.032629754;
 -0.030041538;
 0.013534632]
Keyframe: 38 Frame: 116 Frame from vFrameID : 117
Tcw:
[0.99660665, 0.041843876, -0.070882045, -0.023708064;
 -0.044915941, 0.99809414, -0.042315312, -0.030398021;
 0.06897632, 0.045355454, 0.99658674, 0.011038014;
 0, 0, 0, 1]
Twc:
[0.99660665, -0.044915941, 0.06897632, 0.021500897;
 0.041843876, 0.99809414, 0.045355454, 0.030831492;
 -0.070882045, -0.042315312, 0.99658674, -0.013967116;
 0, 0, 0, 1]
Ow:
[-0.023708064;
 -0.030398021;
 0.011038014]
Keyframe: 39 Frame: 120 Frame from vFrameID : 121
Tcw:
[0.99664164, 0.050922845, -0.064127453, -0.0073952591;
 -0.05382875, 0.99756116, -0.044432163, -0.025950365;
 0.061708447, 0.047734845, 0.99695206, 0.0088853873;
 0, 0, 0, 1]
Twc:
[0.99664164, -0.05382875, 0.061708447, 0.0054252436;
 0.050922845, 0.99756116, 0.047734845, 0.025839522;
 -0.064127453, -0.044432163, 0.99695206, -0.010485576;
 0, 0, 0, 1]
Ow:
[-0.0073952591;
 -0.025950365;
 0.0088853873]
Keyframe: 40 Frame: 123 Frame from vFrameID : 124
Tcw:
[0.99661684, 0.058094762, -0.058137108, 0.0067271278;
 -0.059835441, 0.99779671, -0.028660648, -0.023969077;
 0.05634398, 0.032042343, 0.99789709, 0.0094543062;
 0, 0, 0, 1]
Twc:
[0.99661684, -0.059835441, 0.05634398, -0.0086712623;
 0.058094762, 0.99779671, 0.032042343, 0.023222515;
 -0.058137108, -0.028660648, 0.99789709, -0.009730299;
 0, 0, 0, 1]
Ow:
[0.0067271278;
 -0.023969077;
 0.0094543062]
Keyframe: 41 Frame: 126 Frame from vFrameID : 127
Tcw:
[0.9965629, 0.06173633, -0.055235978, 0.015741806;
 -0.063253179, 0.99765497, -0.0261463, -0.022285668;
 0.05349227, 0.029550284, 0.99813092, 0.0086834459;
 0, 0, 0, 1]
Twc:
[0.9965629, -0.063253179, 0.05349227, -0.017561838;
 0.06173633, 0.99765497, 0.029550284, 0.021004967;
 -0.055235978, -0.0261463, 0.99813092, -0.0083803898;
 0, 0, 0, 1]
Ow:
[0.015741806;
 -0.022285668;
 0.0086834459]
Keyframe: 42 Frame: 129 Frame from vFrameID : 130
Tcw:
[0.99664086, 0.071578659, -0.039792445, 0.036544446;
 -0.072058767, 0.99734229, -0.010763119, -0.016625848;
 0.038916279, 0.013594359, 0.99914998, 0.0066278041;
 0, 0, 0, 1]
Twc:
[0.99664086, -0.072058767, 0.038916279, -0.037877657;
 0.071578659, 0.99734229, 0.013594359, 0.013875758;
 -0.039792445, -0.010763119, 0.99914998, -0.0053469236;
 0, 0, 0, 1]
Ow:
[0.036544446;
 -0.016625848;
 0.0066278041]
Keyframe: 43 Frame: 132 Frame from vFrameID : 133
Tcw:
[0.99686462, 0.073037833, -0.030436184, 0.04114509;
 -0.073293753, 0.9972831, -0.007377902, -0.015867446;
 0.029814627, 0.0095855519, 0.99950945, 0.0063616969;
 0, 0, 0, 1]
Twc:
[0.99686462, -0.073293753, 0.029814627, -0.042368747;
 0.073037833, 0.9972831, 0.0095855519, 0.012758207;
 -0.030436184, -0.007377902, 0.99950945, -0.005223345;
 0, 0, 0, 1]
Ow:
[0.04114509;
 -0.015867446;
 0.0063616969]
Keyframe: 44 Frame: 135 Frame from vFrameID : 136
Tcw:
[0.99711061, 0.070332371, -0.028701197, 0.047783252;
 -0.070620231, 0.99746138, -0.0091410596, -0.013498723;
 0.027985424, 0.011141533, 0.99954623, 0.0050351103;
 0, 0, 0, 1]
Twc:
[0.99711061, -0.070620231, 0.027985424, -0.048739385;
 0.070332371, 0.99746138, 0.011141533, 0.010047646;
 -0.028701197, -0.0091410596, 0.99954623, -0.0037847816;
 0, 0, 0, 1]
Ow:
[0.047783252;
 -0.013498723;
 0.0050351103]
Keyframe: 45 Frame: 138 Frame from vFrameID : 139
Tcw:
[0.99751872, 0.066598766, -0.022826696, 0.045684259;
 -0.066798523, 0.99773359, -0.0081024505, -0.012178057;
 0.022235347, 0.0096071353, 0.99970663, 0.0045494144;
 0, 0, 0, 1]
Twc:
[0.99751872, -0.066798523, 0.022235347, -0.046485536;
 0.066598766, 0.99773359, 0.0096071353, 0.0090642339;
 -0.022826696, -0.0081024505, 0.99970663, -0.0036039311;
 0, 0, 0, 1]
Ow:
[0.045684259;
 -0.012178057;
 0.0045494144]
Keyframe: 46 Frame: 141 Frame from vFrameID : 142
Tcw:
[0.99812227, 0.058645874, -0.017681183, 0.035470858;
 -0.058732923, 0.99826384, -0.0044443705, -0.0141062;
 0.017389841, 0.0054744929, 0.99983382, 0.0043989751;
 0, 0, 0, 1]
Twc:
[0.99812227, -0.058732923, 0.017389841, -0.03630925;
 0.058645874, 0.99826384, 0.0054744929, 0.011977407;
 -0.017681183, -0.0044443705, 0.99983382, -0.0038337701;
 0, 0, 0, 1]
Ow:
[0.035470858;
 -0.0141062;
 0.0043989751]
Keyframe: 47 Frame: 144 Frame from vFrameID : 145
Tcw:
[0.99861902, 0.048068818, -0.021199143, 0.017077621;
 -0.048442543, 0.99867296, -0.017482551, -0.017394017;
 0.020330645, 0.018485347, 0.9996224, 0.0036312065;
 0, 0, 0, 1]
Twc:
[0.99861902, -0.048442543, 0.020330645, -0.017970471;
 0.048068818, 0.99867296, 0.018485347, 0.01648291;
 -0.021199143, -0.017482551, 0.9996224, -0.0035718963;
 0, 0, 0, 1]
Ow:
[0.017077621;
 -0.017394017;
 0.0036312065]
Keyframe: 48 Frame: 147 Frame from vFrameID : 148
Tcw:
[0.99910051, 0.034628347, -0.024476521, 0.0021364472;
 -0.034980644, 0.99928832, -0.014114582, -0.019934481;
 0.023970338, 0.01495809, 0.99960077, 0.0034660217;
 0, 0, 0, 1]
Twc:
[0.99910051, -0.034980644, 0.023970338, -0.0029149281;
 0.034628347, 0.99928832, 0.01495809, 0.019794466;
 -0.024476521, -0.014114582, 0.99960077, -0.0036937122;
 0, 0, 0, 1]
Ow:
[0.0021364472;
 -0.019934481;
 0.0034660217]
Keyframe: 49 Frame: 151 Frame from vFrameID : 152
Tcw:
[0.99877089, 0.030329866, -0.039202284, -0.013374854;
 -0.031562626, 0.99901408, -0.031219328, -0.020367552;
 0.038216759, 0.032418281, 0.99874347, 0.008231773;
 0, 0, 0, 1]
Twc:
[0.99877089, -0.031562626, 0.038216759, 0.012400969;
 0.030329866, 0.99901408, 0.032418281, 0.020486269;
 -0.039202284, -0.031219328, 0.99874347, -0.0093816165;
 0, 0, 0, 1]
Ow:
[-0.013374854;
 -0.020367552;
 0.008231773]
Keyframe: 50 Frame: 155 Frame from vFrameID : 156
Tcw:
[0.99826819, 0.028798738, -0.051295843, -0.027349319;
 -0.029985059, 0.99929684, -0.022509469, -0.016572688;
 0.050611529, 0.024008596, 0.99842978, 0.011818357;
 0, 0, 0, 1]
Twc:
[0.99826819, -0.029985059, 0.050611529, 0.026206877;
 0.028798738, 0.99929684, 0.024008596, 0.017064918;
 -0.051295843, -0.022509469, 0.99842978, -0.013575749;
 0, 0, 0, 1]
Ow:
[-0.027349319;
 -0.016572688;
 0.011818357]
Keyframe: 51 Frame: 158 Frame from vFrameID : 159
Tcw:
[0.99721694, 0.031872161, -0.067398749, -0.031482626;
 -0.033532798, 0.99915767, -0.02365266, -0.014079172;
 0.066588119, 0.0258469, 0.9974457, 0.012601691;
 0, 0, 0, 1]
Twc:
[0.99721694, -0.033532798, 0.066588119, 0.030083768;
 0.031872161, 0.99915767, 0.0258469, 0.014745018;
 -0.067398749, -0.02365266, 0.9974457, -0.015024403;
 0, 0, 0, 1]
Ow:
[-0.031482626;
 -0.014079172;
 0.012601691]
Keyframe: 52 Frame: 163 Frame from vFrameID : 164
Tcw:
[0.99478221, 0.043771815, -0.092153884, -0.025832798;
 -0.045863774, 0.9987331, -0.020705655, -0.0086120497;
 0.091130808, 0.024824142, 0.99552947, 0.011097165;
 0, 0, 0, 1]
Twc:
[0.99478221, -0.045863774, 0.091130808, 0.024291735;
 0.043771815, 0.9987331, 0.024824142, 0.0094564101;
 -0.092153884, -0.020705655, 0.99552947, -0.013606465;
 0, 0, 0, 1]
Ow:
[-0.025832798;
 -0.0086120497;
 0.011097165]
Keyframe: 53 Frame: 166 Frame from vFrameID : 167
Tcw:
[0.99393857, 0.047511429, -0.099140413, -0.020181593;
 -0.049594671, 0.99859524, -0.01865405, -0.0061743837;
 0.098114863, 0.023457816, 0.99489862, 0.0090020411;
 0, 0, 0, 1]
Twc:
[0.99393857, -0.049594671, 0.098114863, 0.01886981;
 0.047511429, 0.99859524, 0.023457816, 0.0069133979;
 -0.099140413, -0.01865405, 0.99489862, -0.011072106;
 0, 0, 0, 1]
Ow:
[-0.020181593;
 -0.0061743837;
 0.0090020411]
Keyframe: 54 Frame: 170 Frame from vFrameID : 171
Tcw:
[0.992998, 0.064482585, -0.098979622, 0.0034389501;
 -0.066341408, 0.997675, -0.01560139, 0.00028312841;
 0.097743474, 0.022058597, 0.99496716, 0.0019501291;
 0, 0, 0, 1]
Twc:
[0.992998, -0.066341408, 0.097743474, -0.0035867;
 0.064482585, 0.997675, 0.022058597, -0.00054723962;
 -0.098979622, -0.01560139, 0.99496716, -0.0015955112;
 0, 0, 0, 1]
Ow:
[0.0034389501;
 0.00028312841;
 0.0019501291]
Keyframe: 55 Frame: 173 Frame from vFrameID : 174
Tcw:
[0.99321556, 0.06109114, -0.098948181, 0.0093547627;
 -0.06195654, 0.99806261, -0.005694068, 0.0029593951;
 0.098408617, 0.011785924, 0.9950763, 0.0019925754;
 0, 0, 0, 1]
Twc:
[0.99321556, -0.06195654, 0.098408617, -0.009304028;
 0.06109114, 0.99806261, 0.011785924, -0.0035486389;
 -0.098948181, -0.005694068, 0.9950763, -0.0010402767;
 0, 0, 0, 1]
Ow:
[0.0093547627;
 0.0029593951;
 0.0019925754]
Keyframe: 56 Frame: 178 Frame from vFrameID : 179
Tcw:
[0.99462754, 0.057893164, -0.08581645, 0.019998841;
 -0.05750506, 0.99832076, 0.0069896984, 0.001881775;
 0.086076997, -0.0020172663, 0.99628645, 0.0084568001;
 0, 0, 0, 1]
Twc:
[0.99462754, -0.05750506, 0.086076997, -0.020511122;
 0.057893164, 0.99832076, -0.0020172663, -0.0030193515;
 -0.08581645, 0.0069896984, 0.99628645, -0.0067223189;
 0, 0, 0, 1]
Ow:
[0.019998841;
 0.001881775;
 0.0084568001]
Keyframe: 57 Frame: 182 Frame from vFrameID : 183
Tcw:
[0.99545127, 0.056470823, -0.076732047, 0.025233254;
 -0.056319471, 0.9984042, 0.0041366955, -0.010387903;
 0.076843202, 0.00020362959, 0.99704319, 0.026159596;
 0, 0, 0, 1]
Twc:
[0.99545127, -0.056319471, 0.076843202, -0.027713703;
 0.056470823, 0.9984042, 0.00020362959, 0.0089410571;
 -0.076732047, 0.0041366955, 0.99704319, -0.024103075;
 0, 0, 0, 1]
Ow:
[0.025233254;
 -0.010387903;
 0.026159596]
Keyframe: 58 Frame: 187 Frame from vFrameID : 188
Tcw:
[0.99770272, 0.046543468, -0.049224373, 0.032524779;
 -0.046986166, 0.99886453, -0.0078743128, -0.034826513;
 0.048801981, 0.010169088, 0.99875671, 0.058749586;
 0, 0, 0, 1]
Twc:
[0.99770272, -0.046986166, 0.048801981, -0.03695352;
 0.046543468, 0.99886453, 0.010169088, 0.032675721;
 -0.049224373, -0.0078743128, 0.99875671, -0.057349764;
 0, 0, 0, 1]
Ow:
[0.032524779;
 -0.034826513;
 0.058749586]
Keyframe: 59 Frame: 191 Frame from vFrameID : 192
Tcw:
[0.99921781, 0.035693761, -0.017021237, 0.038579557;
 -0.035950918, 0.99924022, -0.015049131, -0.05677668;
 0.016471146, 0.015649289, 0.99974185, 0.081372648;
 0, 0, 0, 1]
Twc:
[0.99921781, -0.035950918, 0.016471146, -0.041930854;
 0.035693761, 0.99924022, 0.015649289, 0.054083068;
 -0.017021237, -0.015049131, 0.99974185, -0.081549414;
 0, 0, 0, 1]
Ow:
[0.038579557;
 -0.05677668;
 0.081372648]
Keyframe: 60 Frame: 195 Frame from vFrameID : 196
Tcw:
[0.99987835, 0.014573201, -0.0055562365, 0.046892069;
 -0.014622801, 0.99985266, -0.0089934114, -0.082662992;
 0.0054243552, 0.0090735648, 0.99994415, 0.10399502;
 0, 0, 0, 1]
Twc:
[0.99987835, -0.014622801, 0.0054243552, -0.048659235;
 0.014573201, 0.99985266, 0.0090735648, 0.081023827;
 -0.0055562365, -0.0089934114, 0.99994415, -0.10447208;
 0, 0, 0, 1]
Ow:
[0.046892069;
 -0.082662992;
 0.10399502]
Keyframe: 61 Frame: 200 Frame from vFrameID : 201
Tcw:
[0.99963212, 0.021683699, 0.016294101, 0.05989103;
 -0.021551104, 0.99973357, -0.0082696183, -0.11494616;
 -0.016469076, 0.0079154195, 0.99983305, 0.13721877;
 0, 0, 0, 1]
Twc:
[0.99963212, -0.021551104, -0.016469076, -0.060086347;
 0.021683699, 0.99973357, 0.0079154195, 0.11253072;
 0.016294101, -0.0082696183, 0.99983305, -0.13912229;
 0, 0, 0, 1]
Ow:
[0.05989103;
 -0.11494616;
 0.13721877]
Keyframe: 62 Frame: 206 Frame from vFrameID : 207
Tcw:
[0.99859983, 0.046991881, -0.02429381, 0.094966717;
 -0.047224261, 0.99884301, -0.0090815043, -0.15522562;
 0.023838947, 0.010216045, 0.99966359, 0.19724299;
 0, 0, 0, 1]
Twc:
[0.99859983, -0.047224261, 0.023838947, -0.10686623;
 0.046991881, 0.99884301, 0.010216045, 0.14856832;
 -0.02429381, -0.0090815043, 0.99966359, -0.19627921;
 0, 0, 0, 1]
Ow:
[0.094966717;
 -0.15522562;
 0.19724299]
Keyframe: 63 Frame: 212 Frame from vFrameID : 213
Tcw:
[0.997006, 0.064451955, -0.042719409, 0.12409861;
 -0.063532896, 0.99772531, 0.022534629, -0.1982311;
 0.044074636, -0.019753072, 0.99883294, 0.2389894;
 0, 0, 0, 1]
Twc:
[0.997006, -0.063532896, 0.044074636, -0.14685462;
 0.064451955, 0.99772531, -0.019753072, 0.19450256;
 -0.042719409, 0.022534629, 0.99883294, -0.22894201;
 0, 0, 0, 1]
Ow:
[0.12409861;
 -0.1982311;
 0.2389894]
Keyframe: 64 Frame: 218 Frame from vFrameID : 219
Tcw:
[0.99592102, 0.081687808, -0.038320344, 0.15664344;
 -0.081016906, 0.99653637, 0.018748086, -0.244882;
 0.039719108, -0.015567017, 0.9990896, 0.29304257;
 0, 0, 0, 1]
Twc:
[0.99592102, -0.081016906, 0.039719108, -0.18748346;
 0.081687808, 0.99653637, -0.015567017, 0.23579976;
 -0.038320344, 0.018748086, 0.9990896, -0.2821821;
 0, 0, 0, 1]
Ow:
[0.15664344;
 -0.244882;
 0.29304257]
Keyframe: 65 Frame: 224 Frame from vFrameID : 225
Tcw:
[0.99621409, 0.080050424, -0.033903677, 0.18431108;
 -0.080094062, 0.99678731, 7.1199254e-05, -0.30242243;
 0.033800453, 0.0026445533, 0.99942511, 0.37143281;
 0, 0, 0, 1]
Twc:
[0.99621409, -0.080094062, 0.033800453, -0.22039011;
 0.080050424, 0.99678731, 0.0026445533, 0.28571439;
 -0.033903677, 7.1199254e-05, 0.99942511, -0.36494893;
 0, 0, 0, 1]
Ow:
[0.18431108;
 -0.30242243;
 0.37143281]
Keyframe: 66 Frame: 231 Frame from vFrameID : 232
Tcw:
[0.99892777, 0.044821959, -0.011586702, 0.21101864;
 -0.044604968, 0.9988361, 0.01835271, -0.36306205;
 0.012395822, -0.017816206, 0.99976444, 0.44245514;
 0, 0, 0, 1]
Twc:
[0.99892777, -0.044604968, 0.012395822, -0.23247136;
 0.044821959, 0.9988361, -0.017816206, 0.36106408;
 -0.011586702, 0.01835271, 0.99976444, -0.43324271;
 0, 0, 0, 1]
Ow:
[0.21101864;
 -0.36306205;
 0.44245514]
Keyframe: 67 Frame: 238 Frame from vFrameID : 239
Tcw:
[0.99882621, 0.045426417, 0.016813856, 0.24648076;
 -0.045788482, 0.99871296, 0.021814456, -0.42207497;
 -0.015801264, -0.022558732, 0.99962062, 0.51186419;
 0, 0, 0, 1]
Twc:
[0.99882621, -0.045788482, -0.015801264, -0.25742951;
 0.045426417, 0.99871296, -0.022558732, 0.421882;
 0.016813856, 0.021814456, 0.99962062, -0.506607;
 0, 0, 0, 1]
Ow:
[0.24648076;
 -0.42207497;
 0.51186419]
Keyframe: 68 Frame: 246 Frame from vFrameID : 247
Tcw:
[0.99403328, 0.098907895, -0.045989692, 0.31566703;
 -0.09894219, 0.99509197, 0.0015357338, -0.49550483;
 0.045915872, 0.0030237504, 0.99894071, 0.63325298;
 0, 0, 0, 1]
Twc:
[0.99403328, -0.09894219, 0.045915872, -0.39188623;
 0.098907895, 0.99509197, 0.0030237504, 0.45993614;
 -0.045989692, 0.0015357338, 0.99894071, -0.61730385;
 0, 0, 0, 1]
Ow:
[0.31566703;
 -0.49550483;
 0.63325298]
Keyframe: 69 Frame: 254 Frame from vFrameID : 255
Tcw:
[0.99148339, 0.1146547, -0.061765432, 0.35098246;
 -0.11312826, 0.99319476, 0.027679846, -0.5505479;
 0.064518727, -0.020456692, 0.99770677, 0.72521007;
 0, 0, 0, 1]
Twc:
[0.99148339, -0.11312826, 0.064518727, -0.45706543;
 0.1146547, 0.99319476, -0.020456692, 0.52139485;
 -0.061765432, 0.027679846, 0.99770677, -0.68662935;
 0, 0, 0, 1]
Ow:
[0.35098246;
 -0.5505479;
 0.72521007]
Keyframe: 70 Frame: 260 Frame from vFrameID : 261
Tcw:
[0.99308801, 0.10147281, -0.058987409, 0.38883835;
 -0.10042028, 0.99473286, 0.020549644, -0.60761064;
 0.060761943, -0.014484072, 0.99804717, 0.82822639;
 0, 0, 0, 1]
Twc:
[0.99308801, -0.10042028, 0.060761943, -0.49749175;
 0.10147281, 0.99473286, -0.014484072, 0.57694983;
 -0.058987409, 0.020549644, 0.99804717, -0.79118633;
 0, 0, 0, 1]
Ow:
[0.38883835;
 -0.60761064;
 0.82822639]
Keyframe: 71 Frame: 267 Frame from vFrameID : 268
Tcw:
[0.99577934, 0.091601968, -0.0057074702, 0.4224349;
 -0.091331519, 0.99513733, 0.036881585, -0.67070013;
 0.0090581421, -0.036204651, 0.99930334, 0.94414097;
 0, 0, 0, 1]
Twc:
[0.99577934, -0.091331519, 0.0090581421, -0.49046016;
 0.091601968, 0.99513733, -0.036204651, 0.66292512;
 -0.0057074702, 0.036881585, 0.99930334, -0.9163357;
 0, 0, 0, 1]
Ow:
[0.4224349;
 -0.67070013;
 0.94414097]
Keyframe: 72 Frame: 272 Frame from vFrameID : 273
Tcw:
[0.9968372, 0.076841369, -0.020273713, 0.44910175;
 -0.076124631, 0.99651748, 0.034029391, -0.72081339;
 0.022817973, -0.032378431, 0.99921519, 1.0274011;
 0, 0, 0, 1]
Twc:
[0.9968372, -0.076124631, 0.022817973, -0.52599621;
 0.076841369, 0.99651748, -0.032378431, 0.7170592;
 -0.020273713, 0.034029391, 0.99921519, -0.99296099;
 0, 0, 0, 1]
Ow:
[0.44910175;
 -0.72081339;
 1.0274011]
Keyframe: 73 Frame: 275 Frame from vFrameID : 276
Tcw:
[0.9944337, 0.098484367, -0.037448455, 0.47295892;
 -0.0979366, 0.99506086, 0.01619521, -0.75525594;
 0.038858466, -0.012437488, 0.99916732, 1.0765088;
 0, 0, 0, 1]
Twc:
[0.9944337, -0.0979366, 0.038858466, -0.58612496;
 0.098484367, 0.99506086, -0.012437488, 0.71833563;
 -0.037448455, 0.01619521, 0.99916732, -1.0456693;
 0, 0, 0, 1]
Ow:
[0.47295892;
 -0.75525594;
 1.0765088]
Keyframe: 74 Frame: 279 Frame from vFrameID : 280
Tcw:
[0.99078399, 0.11677835, -0.068628594, 0.49584636;
 -0.11705546, 0.99312538, -1.6471691e-05, -0.79170907;
 0.068154871, 0.0080496715, 0.99764228, 1.1304353;
 0, 0, 0, 1]
Twc:
[0.99078399, -0.11705546, 0.068154871, -0.66099519;
 0.11677835, 0.99312538, 0.0080496715, 0.71926266;
 -0.068628594, -1.6471691e-05, 0.99764228, -1.0937538;
 0, 0, 0, 1]
Ow:
[0.49584636;
 -0.79170907;
 1.1304353]
Keyframe: 75 Frame: 282 Frame from vFrameID : 283
Tcw:
[0.98794502, 0.13438195, -0.076851621, 0.51127476;
 -0.1332871, 0.99089098, 0.019225828, -0.82321423;
 0.07873518, -0.0087507311, 0.99685717, 1.1700616;
 0, 0, 0, 1]
Twc:
[0.98794502, -0.1332871, 0.07873518, -0.70696014;
 0.13438195, 0.99089098, -0.0087507311, 0.75724834;
 -0.076851621, 0.019225828, 0.99685717, -1.1112649;
 0, 0, 0, 1]
Ow:
[0.51127476;
 -0.82321423;
 1.1700616]
Keyframe: 76 Frame: 285 Frame from vFrameID : 286
Tcw:
[0.98707145, 0.14409544, -0.070188843, 0.52219915;
 -0.14157262, 0.98913121, 0.039707057, -0.83956242;
 0.075147577, -0.029256884, 0.99674314, 1.2121687;
 0, 0, 0, 1]
Twc:
[0.98707145, -0.14157262, 0.075147577, -0.72539848;
 0.14409544, 0.98913121, -0.029256884, 0.79065514;
 -0.070188843, 0.039707057, 0.99674314, -1.1382318;
 0, 0, 0, 1]
Ow:
[0.52219915;
 -0.83956242;
 1.2121687]
Keyframe: 77 Frame: 288 Frame from vFrameID : 289
Tcw:
[0.98682821, 0.14681363, -0.067939602, 0.53169966;
 -0.14313394, 0.98810589, 0.056208782, -0.86874199;
 0.075383738, -0.045743953, 0.99610478, 1.2676917;
 0, 0, 0, 1]
Twc:
[0.98682821, -0.14313394, 0.075383738, -0.74460608;
 0.14681363, 0.98810589, -0.045743953, 0.83833754;
 -0.067939602, 0.056208782, 0.99610478, -1.1777995;
 0, 0, 0, 1]
Ow:
[0.53169966;
 -0.86874199;
 1.2676917]
Keyframe: 78 Frame: 291 Frame from vFrameID : 292
Tcw:
[0.99080503, 0.12461433, -0.052694153, 0.5391174;
 -0.1225435, 0.99162132, 0.040868133, -0.89151835;
 0.057345401, -0.034035023, 0.99777406, 1.3285035;
 0, 0, 0, 1]
Twc:
[0.99080503, -0.1225435, 0.057345401, -0.71959358;
 0.12461433, 0.99162132, -0.034035023, 0.8620826;
 -0.052694153, 0.040868133, 0.99777406, -1.2607033;
 0, 0, 0, 1]
Ow:
[0.5391174;
 -0.89151835;
 1.3285035]
Keyframe: 79 Frame: 294 Frame from vFrameID : 295
Tcw:
[0.99289721, 0.11322296, -0.036546834, 0.54712898;
 -0.11161976, 0.9928081, 0.043279421, -0.9131704;
 0.041184217, -0.038892668, 0.99839431, 1.3669593;
 0, 0, 0, 1]
Twc:
[0.99289721, -0.11161976, 0.041184217, -0.70146787;
 0.11322296, 0.9928081, -0.038892668, 0.89782012;
 -0.036546834, 0.043279421, 0.99839431, -1.3052472;
 0, 0, 0, 1]
Ow:
[0.54712898;
 -0.9131704;
 1.3669593]
Keyframe: 80 Frame: 297 Frame from vFrameID : 298
Tcw:
[0.99343252, 0.11423133, -0.0065583433, 0.56131572;
 -0.11356936, 0.99140465, 0.064952224, -0.95169216;
 0.01392155, -0.063780822, 0.99786681, 1.4301647;
 0, 0, 0, 1]
Twc:
[0.99343252, -0.11356936, 0.01392155, -0.68562251;
 0.11423133, 0.99140465, -0.063780822, 0.97060937;
 -0.0065583433, 0.064952224, 0.99786681, -1.361618;
 0, 0, 0, 1]
Ow:
[0.56131572;
 -0.95169216;
 1.4301647]
Keyframe: 81 Frame: 300 Frame from vFrameID : 301
Tcw:
[0.99440873, 0.10559954, -2.1414009e-05, 0.56693792;
 -0.10527743, 0.9913913, 0.07784576, -0.97530138;
 0.0082417056, -0.077408247, 0.99696541, 1.4596335;
 0, 0, 0, 1]
Twc:
[0.99440873, -0.10527743, 0.0082417056, -0.67847514;
 0.10559954, 0.9913913, -0.077408247, 1.0200247;
 -2.1414009e-05, 0.07784576, 0.99696541, -1.3792689;
 0, 0, 0, 1]
Ow:
[0.56693792;
 -0.97530138;
 1.4596335]
Keyframe: 82 Frame: 303 Frame from vFrameID : 304
Tcw:
[0.99665785, 0.081551783, 0.0047317711, 0.57450616;
 -0.081679024, 0.99396122, 0.073278122, -1.0047939;
 0.0012727649, -0.073419705, 0.99730033, 1.5061313;
 0, 0, 0, 1]
Twc:
[0.99665785, -0.081679024, 0.0012727649, -0.65657359;
 0.081551783, 0.99396122, -0.073419705, 1.0624539;
 0.0047317711, 0.073278122, 0.99730033, -1.4311543;
 0, 0, 0, 1]
Ow:
[0.57450616;
 -1.0047939;
 1.5061313]
Keyframe: 83 Frame: 307 Frame from vFrameID : 308
Tcw:
[0.99708217, 0.075204208, -0.013094131, 0.59865588;
 -0.074196376, 0.99509966, 0.065357335, -1.0368916;
 0.017945113, -0.064195096, 0.99777603, 1.5762799;
 0, 0, 0, 1]
Twc:
[0.99708217, -0.074196376, 0.017945113, -0.70212919;
 0.075204208, 0.99509966, -0.064195096, 1.0879785;
 -0.013094131, 0.065357335, 0.99777603, -1.4971669;
 0, 0, 0, 1]
Ow:
[0.59865588;
 -1.0368916;
 1.5762799]
Keyframe: 84 Frame: 311 Frame from vFrameID : 312
Tcw:
[0.99385983, 0.10434826, -0.036798578, 0.62140608;
 -0.10227779, 0.99327487, 0.054260999, -1.0788338;
 0.042213142, -0.050164148, 0.99784851, 1.6415089;
 0, 0, 0, 1]
Twc:
[0.99385983, -0.10227779, 0.042213142, -0.79722452;
 0.10434826, 0.99327487, -0.050164148, 1.0890808;
 -0.036798578, 0.054260999, 0.99784851, -1.5565717;
 0, 0, 0, 1]
Ow:
[0.62140608;
 -1.0788338;
 1.6415089]
Keyframe: 85 Frame: 314 Frame from vFrameID : 315
Tcw:
[0.99296379, 0.10318293, -0.058105126, 0.63926792;
 -0.099689849, 0.99320096, 0.060114846, -1.1075625;
 0.063912891, -0.053899374, 0.99649888, 1.6789327;
 0, 0, 0, 1]
Twc:
[0.99296379, -0.099689849, 0.063912891, -0.8524881;
 0.10318293, 0.99320096, -0.053899374, 1.1245641;
 -0.058105126, 0.060114846, 0.99649888, -1.5693288;
 0, 0, 0, 1]
Ow:
[0.63926792;
 -1.1075625;
 1.6789327]
Keyframe: 86 Frame: 317 Frame from vFrameID : 318
Tcw:
[0.9924255, 0.10766282, -0.059163321, 0.65579039;
 -0.1035032, 0.99220663, 0.069376551, -1.1344687;
 0.066171512, -0.062727466, 0.99583465, 1.7189425;
 0, 0, 0, 1]
Twc:
[0.9924255, -0.1035032, 0.066171512, -0.8819893;
 0.10766282, 0.99220663, -0.062727466, 1.162848;
 -0.059163321, 0.069376551, 0.99583465, -1.5942781;
 0, 0, 0, 1]
Ow:
[0.65579039;
 -1.1344687;
 1.7189425]
Keyframe: 87 Frame: 320 Frame from vFrameID : 321
Tcw:
[0.99271899, 0.10956711, -0.050040506, 0.66240472;
 -0.10498662, 0.99070764, 0.086465001, -1.1478773;
 0.05904923, -0.080581866, 0.99499738, 1.7510955;
 0, 0, 0, 1]
Twc:
[0.99271899, -0.10498662, 0.05904923, -0.88149434;
 0.10956711, 0.99070764, -0.080581866, 1.2057395;
 -0.050040506, 0.086465001, 0.99499738, -1.6099371;
 0, 0, 0, 1]
Ow:
[0.66240472;
 -1.1478773;
 1.7510955]
Keyframe: 88 Frame: 323 Frame from vFrameID : 324
Tcw:
[0.99338049, 0.10790458, -0.039392523, 0.67398983;
 -0.10386016, 0.99020654, 0.093295842, -1.1733422;
 0.049073782, -0.088586964, 0.99485886, 1.8050933;
 0, 0, 0, 1]
Twc:
[0.99338049, -0.10386016, 0.049073782, -0.8799746;
 0.10790458, 0.99020654, -0.088586964, 1.2490323;
 -0.039392523, 0.093295842, 0.99485886, -1.6597949;
 0, 0, 0, 1]
Ow:
[0.67398983;
 -1.1733422;
 1.8050933]
Keyframe: 89 Frame: 326 Frame from vFrameID : 327
Tcw:
