Keyframe: 0 Frame: 0 Frame from vFrameID : 76
Tcw:
[1, 0, 0, 0;
 0, 1, 0, 0;
 0, 0, 1, 0;
 0, 0, 0, 1]
Twc:
[1, 0, 0, 0;
 0, 1, 0, 0;
 0, 0, 1, 0;
 0, 0, 0, 1]
Ow:
[0;
 0;
 0]
Keyframe: 1 Frame: 75 Frame from vFrameID : 76
Tcw:
[0.99972641, 0.020319739, -0.011585684, -0.006841802;
 -0.020318238, 0.99979353, 0.00024738425, -0.015595148;
 0.011588318, -1.1915893e-05, 0.99993283, -0.0015697365;
 0, 0, 0, 1]
Twc:
[0.99972641, -0.020318238, 0.011588318, 0.0065412545;
 0.020319739, 0.99979353, -1.1915893e-05, 0.015730934;
 -0.011585684, 0.00024738425, 0.99993283, 0.0014942222;
 0, 0, 0, 1]
Ow:
[-0.006841802;
 -0.015595148;
 -0.0015697365]
Keyframe: 2 Frame: 77 Frame from vFrameID : 78
Tcw:
[0.99982888, 0.012370652, -0.013754623, -0.0074082329;
 -0.012861589, 0.99926192, -0.036196385, -0.018175911;
 0.013296698, 0.036367096, 0.99925005, -0.0070900759;
 0, 0, 0, 1]
Twc:
[0.99982888, -0.012861589, 0.013296698, 0.0072674691;
 0.012370652, 0.99926192, 0.036367096, 0.018511986;
 -0.013754623, -0.036196385, 0.99925005, 0.0063249585;
 0, 0, 0, 1]
Ow:
[-0.0074082329;
 -0.018175911;
 -0.0070900759]
Keyframe: 3 Frame: 79 Frame from vFrameID : 80
Tcw:
[0.99984372, 0.012097707, -0.012891609, -0.0084237037;
 -0.012598614, 0.99913973, -0.039509833, -0.017485596;
 0.012402541, 0.039666075, 0.99913603, -0.008394951;
 0, 0, 0, 1]
Twc:
[0.99984372, -0.012598614, 0.012402541, 0.0083062118;
 0.012097707, 0.99913973, 0.039666075, 0.017905459;
 -0.012891609, -0.039509833, 0.99913603, 0.0075882492;
 0, 0, 0, 1]
Ow:
[-0.0084237037;
 -0.017485596;
 -0.008394951]
Keyframe: 4 Frame: 81 Frame from vFrameID : 82
Tcw:
[0.9998132, 0.010762291, -0.016053399, -0.0099076387;
 -0.011314651, 0.9993329, -0.034723222, -0.019769125;
 0.015668988, 0.034898378, 0.99926805, -0.0096134478;
 0, 0, 0, 1]
Twc:
[0.9998132, -0.011314651, 0.015668988, 0.0098327408;
 0.010762291, 0.9993329, 0.034898378, 0.02019806;
 -0.016053399, -0.034723222, 0.99926805, 0.0087609114;
 0, 0, 0, 1]
Ow:
[-0.0099076387;
 -0.019769125;
 -0.0096134478]
Keyframe: 5 Frame: 83 Frame from vFrameID : 84
Tcw:
[0.99981695, 0.010073454, -0.016265474, -0.01206921;
 -0.01060045, 0.99941081, -0.032645315, -0.020258082;
 0.015927039, 0.032811761, 0.99933463, -0.011054366;
 0, 0, 0, 1]
Twc:
[0.99981695, -0.01060045, 0.015927039, 0.012028321;
 0.010073454, 0.99941081, 0.032811761, 0.020730436;
 -0.016265474, -0.032645315, 0.99933463, 0.010189368;
 0, 0, 0, 1]
Ow:
[-0.01206921;
 -0.020258082;
 -0.011054366]
Keyframe: 6 Frame: 85 Frame from vFrameID : 86
Tcw:
[0.99975902, 0.0041991845, -0.021546878, -0.013325508;
 -0.0047018542, 0.9997167, -0.023331754, -0.019965397;
 0.021442799, 0.023427442, 0.99949557, -0.011737564;
 0, 0, 0, 1]
Twc:
[0.99975902, -0.0047018542, 0.021442799, 0.013480109;
 0.0041991845, 0.9997167, 0.023427442, 0.02029068;
 -0.021546878, -0.023331754, 0.99949557, 0.010978691;
 0, 0, 0, 1]
Ow:
[-0.013325508;
 -0.019965397;
 -0.011737564]
Keyframe: 7 Frame: 87 Frame from vFrameID : 88
Tcw:
[0.99985367, 0.0057342947, -0.016118137, -0.012636825;
 -0.005915028, 0.99991989, -0.011187828, -0.022929309;
 0.016052693, 0.01128153, 0.99980748, -0.011964643;
 0, 0, 0, 1]
Twc:
[0.99985367, -0.005915028, 0.016052693, 0.012691413;
 0.0057342947, 0.99991989, 0.01128153, 0.023134917;
 -0.016118137, -0.011187828, 0.99980748, 0.011502129;
 0, 0, 0, 1]
Ow:
[-0.012636825;
 -0.022929309;
 -0.011964643]
Keyframe: 8 Frame: 89 Frame from vFrameID : 90
Tcw:
[0.99986649, 0.0074369409, -0.0145503, -0.012156772;
 -0.0076058158, 0.99990398, -0.011585557, -0.02396054;
 0.014462742, 0.011694677, 0.99982703, -0.012585776;
 0, 0, 0, 1]
Twc:
[0.99986649, -0.0076058158, 0.014462742, 0.012154935;
 0.0074369409, 0.99990398, 0.011694677, 0.024195833;
 -0.0145503, -0.011585557, 0.99982703, 0.012129118;
 0, 0, 0, 1]
Ow:
[-0.012156772;
 -0.02396054;
 -0.012585776]
Keyframe: 9 Frame: 91 Frame from vFrameID : 92
Tcw:
[0.99984676, 0.0089028319, -0.015072881, -0.014110837;
 -0.0091156038, 0.99985892, -0.014106832, -0.024269333;
 0.014945164, 0.014242068, 0.99978685, -0.014816908;
 0, 0, 0, 1]
Twc:
[0.99984676, -0.0091156038, 0.014945164, 0.014108887;
 0.0089028319, 0.99985892, 0.014242068, 0.02460256;
 -0.015072881, -0.014106832, 0.99978685, 0.014258696;
 0, 0, 0, 1]
Ow:
[-0.014110837;
 -0.024269333;
 -0.014816908]
Keyframe: 10 Frame: 93 Frame from vFrameID : 94
Tcw:
[0.99985451, 0.0059375353, -0.015990434, -0.015485639;
 -0.0059568863, 0.99998158, -0.0011627912, -0.024787307;
 0.015983235, 0.0012578752, 0.99987149, -0.016005585;
 0, 0, 0, 1]
Twc:
[0.99985451, -0.0059568863, 0.015983235, 0.015591552;
 0.0059375353, 0.99998158, 0.0012578752, 0.02489893;
 -0.015990434, -0.0011627912, 0.99987149, 0.015727082;
 0, 0, 0, 1]
Ow:
[-0.015485639;
 -0.024787307;
 -0.016005585]
Keyframe: 11 Frame: 96 Frame from vFrameID : 97
Tcw:
[0.99985272, 0.0075641195, -0.015406741, -0.015900396;
 -0.0075023556, 0.99996358, 0.0040627383, -0.027610915;
 0.015436911, -0.003946553, 0.99987304, -0.016291277;
 0, 0, 0, 1]
Twc:
[0.99985272, -0.0075023556, 0.015436911, 0.015942395;
 0.0075641195, 0.99996358, -0.003946553, 0.027665889;
 -0.015406741, 0.0040627383, 0.99987304, 0.016156413;
 0, 0, 0, 1]
Ow:
[-0.015900396;
 -0.027610915;
 -0.016291277]
Keyframe: 12 Frame: 98 Frame from vFrameID : 99
Tcw:
[0.99982876, 0.0095849046, -0.015829498, -0.01698775;
 -0.009609079, 0.99995279, -0.0014518064, -0.02821717;
 0.015814835, 0.0016036647, 0.99987364, -0.017254733;
 0, 0, 0, 1]
Twc:
[0.99982876, -0.009609079, 0.015814835, 0.016986582;
 0.0095849046, 0.99995279, 0.0016036647, 0.028406335;
 -0.015829498, -0.0014518064, 0.99987364, 0.016942678;
 0, 0, 0, 1]
Ow:
[-0.01698775;
 -0.02821717;
 -0.017254733]
Keyframe: 13 Frame: 100 Frame from vFrameID : 101
Tcw:
[0.9998123, 0.012215602, -0.015037082, -0.018024921;
 -0.012243342, 0.99992353, -0.0017540328, -0.028225899;
 0.015014505, 0.0019378077, 0.99988538, -0.017490294;
 0, 0, 0, 1]
Twc:
[0.9998123, -0.012243342, 0.015014505, 0.017938569;
 0.012215602, 0.99992353, 0.0019378077, 0.028477818;
 -0.015037082, -0.0017540328, 0.99988538, 0.017167738;
 0, 0, 0, 1]
Ow:
[-0.018024921;
 -0.028225899;
 -0.017490294]
Keyframe: 14 Frame: 102 Frame from vFrameID : 103
Tcw:
[0.99964225, 0.019012269, -0.018811153, -0.018256275;
 -0.019070458, 0.99981385, -0.0029188099, -0.02941273;
 0.01875216, 0.0032765032, 0.9998188, -0.017216008;
 0, 0, 0, 1]
Twc:
[0.99964225, -0.019070458, 0.01875216, 0.018011667;
 0.019012269, 0.99981385, 0.0032765032, 0.029810756;
 -0.018811153, -0.0029188099, 0.9998188, 0.016783617;
 0, 0, 0, 1]
Ow:
[-0.018256275;
 -0.02941273;
 -0.017216008]
Keyframe: 15 Frame: 105 Frame from vFrameID : 106
Tcw:
[0.99953008, 0.018867051, -0.024159962, -0.01947581;
 -0.019108133, 0.99976951, -0.0097868843, -0.028854227;
 0.023969745, 0.010243936, 0.99966019, -0.016259348;
 0, 0, 0, 1]
Twc:
[0.99953008, -0.019108133, 0.023969745, 0.019305039;
 0.018867051, 0.99976951, 0.010243936, 0.029381588;
 -0.024159962, -0.0097868843, 0.99966019, 0.015500896;
 0, 0, 0, 1]
Ow:
[-0.01947581;
 -0.028854227;
 -0.016259348]
Keyframe: 16 Frame: 108 Frame from vFrameID : 109
Tcw:
[0.99946487, 0.019582113, -0.026201058, -0.019373147;
 -0.019860346, 0.99974865, -0.010401342, -0.030583255;
 0.025990793, 0.010916138, 0.99960256, -0.012612619;
 0, 0, 0, 1]
Twc:
[0.99946487, -0.019860346, 0.025990793, 0.019083198;
 0.019582113, 0.99974865, 0.010916138, 0.031092618;
 -0.026201058, -0.010401342, 0.99960256, 0.011781902;
 0, 0, 0, 1]
Ow:
[-0.019373147;
 -0.030583255;
 -0.012612619]
Keyframe: 17 Frame: 111 Frame from vFrameID : 112
Tcw:
[0.99973017, 0.010523948, -0.020709179, -0.014589617;
 -0.011122719, 0.99951714, -0.029013814, -0.034248825;
 0.020393839, 0.029236328, 0.99936444, -0.0093380129;
 0, 0, 0, 1]
Twc:
[0.99973017, -0.011122719, 0.020393839, 0.014395178;
 0.010523948, 0.99951714, 0.029236328, 0.034658834;
 -0.020709179, -0.029013814, 0.99936444, 0.0080362502;
 0, 0, 0, 1]
Ow:
[-0.014589617;
 -0.034248825;
 -0.0093380129]
Keyframe: 18 Frame: 114 Frame from vFrameID : 115
Tcw:
[0.99986315, 0.0098157637, 0.013314855, -0.0095030209;
 -0.0092647187, 0.99912298, -0.040834337, -0.032299306;
 -0.013703998, 0.04070539, 0.9990772, -0.0051569697;
 0, 0, 0, 1]
Twc:
[0.99986315, -0.0092647187, -0.013703998, 0.009131806;
 0.0098157637, 0.99912298, 0.04070539, 0.032574177;
 0.013314855, -0.040834337, 0.9990772, 0.0039598215;
 0, 0, 0, 1]
Ow:
[-0.0095030209;
 -0.032299306;
 -0.0051569697]
Keyframe: 19 Frame: 117 Frame from vFrameID : 118
Tcw:
[0.99966931, 0.0063859974, 0.024908358, -0.01014243;
 -0.0055466653, 0.99941927, -0.033621542, -0.031658437;
 -0.025108598, 0.033472266, 0.99912423, 0.00036611647;
 0, 0, 0, 1]
Twc:
[0.99966931, -0.0055466653, -0.025108598, 0.0099726701;
 0.0063859974, 0.99941927, 0.033472266, 0.031692564;
 0.024908358, -0.033621542, 0.99912423, -0.00117757;
 0, 0, 0, 1]
Ow:
[-0.01014243;
 -0.031658437;
 0.00036611647]
Keyframe: 20 Frame: 120 Frame from vFrameID : 121
Tcw:
[0.99933493, 0.021819489, 0.029215951, -0.0090607433;
 -0.020721145, 0.99908614, -0.037383135, -0.036628038;
 -0.030004932, 0.036752887, 0.99887383, 0.0080328137;
 0, 0, 0, 1]
Twc:
[0.99933493, -0.020721145, -0.030004932, 0.0085367663;
 0.021819489, 0.99908614, 0.036752887, 0.036497038;
 0.029215951, -0.037383135, 0.99887383, -0.00912832;
 0, 0, 0, 1]
Ow:
[-0.0090607433;
 -0.036628038;
 0.0080328137]
Keyframe: 21 Frame: 123 Frame from vFrameID : 124
Tcw:
[0.99939907, 0.025400242, 0.023586789, -0.012033893;
 -0.02440591, 0.9988392, -0.041528076, -0.036622062;
 -0.024614234, 0.040927462, 0.99885887, 0.010309357;
 0, 0, 0, 1]
Twc:
[0.99939907, -0.02440591, -0.024614234, 0.011386624;
 0.025400242, 0.9988392, 0.040927462, 0.036463279;
 0.023586789, -0.041528076, 0.99885887, -0.011534596;
 0, 0, 0, 1]
Ow:
[-0.012033893;
 -0.036622062;
 0.010309357]
Keyframe: 22 Frame: 126 Frame from vFrameID : 127
Tcw:
[0.99933094, 0.036024712, -0.0063177412, -0.017602552;
 -0.036232796, 0.99866986, -0.036683779, -0.039149079;
 0.0049878149, 0.036888145, 0.99930698, 0.013423624;
 0, 0, 0, 1]
Twc:
[0.99933094, -0.036232796, 0.0049878149, 0.016105339;
 0.036024712, 0.99866986, 0.036888145, 0.039235957;
 -0.0063177412, -0.036683779, 0.99930698, -0.014961664;
 0, 0, 0, 1]
Ow:
[-0.017602552;
 -0.039149079;
 0.013423624]
Keyframe: 23 Frame: 129 Frame from vFrameID : 130
Tcw:
[0.99877143, 0.032284591, -0.037594106, -0.02331917;
 -0.033753056, 0.99866492, -0.039104529, -0.038171187;
 0.03628144, 0.040325403, 0.99852765, 0.014708471;
 0, 0, 0, 1]
Twc:
[0.99877143, -0.033753056, 0.03628144, 0.021468483;
 0.032284591, 0.99866492, 0.040325403, 0.038279951;
 -0.037594106, -0.039104529, 0.99852765, -0.017056145;
 0, 0, 0, 1]
Ow:
[-0.02331917;
 -0.038171187;
 0.014708471]
Keyframe: 24 Frame: 133 Frame from vFrameID : 134
Tcw:
[0.99787438, 0.031264462, -0.057177197, -0.023230938;
 -0.033483155, 0.99870646, -0.038266383, -0.035133306;
 0.055906858, 0.040099517, 0.99763042, 0.015989721;
 0, 0, 0, 1]
Twc:
[0.99787438, -0.033483155, 0.055906858, 0.02111125;
 0.031264462, 0.99870646, 0.040099517, 0.03517298;
 -0.057177197, -0.038266383, 0.99763042, -0.018624535;
 0, 0, 0, 1]
Ow:
[-0.023230938;
 -0.035133306;
 0.015989721]
Keyframe: 25 Frame: 137 Frame from vFrameID : 138
Tcw:
[0.99868709, 0.023299923, -0.045620371, -0.015653921;
 -0.024359522, 0.99944299, -0.022809885, -0.032328207;
 0.045063492, 0.023891229, 0.99869841, 0.01803053;
 0, 0, 0, 1]
Twc:
[0.99868709, -0.024359522, 0.045063492, 0.014033351;
 0.023299923, 0.99944299, 0.023891229, 0.032244164;
 -0.045620371, -0.022809885, 0.99869841, -0.019458601;
 0, 0, 0, 1]
Ow:
[-0.015653921;
 -0.032328207;
 0.01803053]
Keyframe: 26 Frame: 141 Frame from vFrameID : 142
Tcw:
[0.99987024, 0.016099149, 0.00059610559, -0.00049444678;
 -0.016081959, 0.99962437, -0.022192558, -0.030962761;
 -0.00095316296, 0.022180092, 0.99975353, 0.015263028;
 0, 0, 0, 1]
Twc:
[0.99987024, -0.016081959, -0.00095316296, 1.09889e-05;
 0.016099149, 0.99962437, 0.022180092, 0.030620554;
 0.00059610559, -0.022192558, 0.99975353, -0.015946114;
 0, 0, 0, 1]
Ow:
[-0.00049444678;
 -0.030962761;
 0.015263028]
Keyframe: 27 Frame: 145 Frame from vFrameID : 146
Tcw:
[0.99912041, 0.0056749303, 0.041547954, 0.0093362145;
 -0.0048055947, 0.99976808, -0.020993732, -0.029742643;
 -0.041657455, 0.020775603, 0.99891591, 0.013514187;
 0, 0, 0, 1]
Twc:
[0.99912041, -0.0048055947, -0.041657455, -0.0089079663;
 0.0056749303, 0.99976808, 0.020775603, 0.029401997;
 0.041547954, -0.020993732, 0.99891591, -0.014511846;
 0, 0, 0, 1]
Ow:
[0.0093362145;
 -0.029742643;
 0.013514187]
Keyframe: 28 Frame: 149 Frame from vFrameID : 150
Tcw:
[0.99652684, -0.01287376, 0.082271054, 0.018386956;
 0.01476032, 0.99964094, -0.022364097, -0.025055632;
 -0.0819536, 0.02350077, 0.99635905, 0.01213143;
 0, 0, 0, 1]
Twc:
[0.99652684, 0.01476032, -0.0819536, -0.016959053;
 -0.01287376, 0.99964094, 0.02350077, 0.024998246;
 0.082271054, -0.022364097, 0.99635905, -0.014160321;
 0, 0, 0, 1]
Ow:
[0.018386956;
 -0.025055632;
 0.01213143]
Keyframe: 29 Frame: 153 Frame from vFrameID : 154
Tcw:
[0.9944731, -0.028933553, 0.10092612, 0.019890124;
 0.030841855, 0.99937284, -0.01739875, -0.022018448;
 -0.10035942, 0.02041534, 0.9947418, 0.012111505;
 0, 0, 0, 1]
Twc:
[0.9944731, 0.030841855, -0.10035942, -0.017885601;
 -0.028933553, 0.99937284, 0.02041534, 0.022332869;
 0.10092612, -0.01739875, 0.9947418, -0.014438346;
 0, 0, 0, 1]
Ow:
[0.019890124;
 -0.022018448;
 0.012111505]
Keyframe: 30 Frame: 157 Frame from vFrameID : 158
Tcw:
[0.99470222, -0.03509593, 0.096621983, 0.016164634;
 0.036761984, 0.99920356, -0.015516629, -0.019260809;
 -0.096000463, 0.018986441, 0.99520022, 0.014444026;
 0, 0, 0, 1]
Twc:
[0.99470222, 0.036761984, -0.096000463, -0.013984299;
 -0.03509593, 0.99920356, 0.018986441, 0.01953854;
 0.096621983, -0.015516629, 0.99520022, -0.016235419;
 0, 0, 0, 1]
Ow:
[0.016164634;
 -0.019260809;
 0.014444026]
Keyframe: 31 Frame: 161 Frame from vFrameID : 162
Tcw:
[0.99632341, -0.034495175, 0.078420207, 0.011850359;
 0.035547413, 0.99929518, -0.012061398, -0.017656818;
 -0.077948883, 0.014804689, 0.99684745, 0.015867999;
 0, 0, 0, 1]
Twc:
[0.99632341, 0.035547413, -0.077948883, -0.0099422429;
 -0.034495175, 0.99929518, 0.014804689, 0.017818231;
 0.078420207, -0.012061398, 0.99684745, -0.016960246;
 0, 0, 0, 1]
Ow:
[0.011850359;
 -0.017656818;
 0.015867999]
Keyframe: 32 Frame: 165 Frame from vFrameID : 166
Tcw:
[0.99867648, -0.023407862, 0.045796357, 0.0035671089;
 0.023743957, 0.99969488, -0.0068086726, -0.018139673;
 -0.045623008, 0.0078870477, 0.99892759, 0.018091355;
 0, 0, 0, 1]
Twc:
[0.99867648, 0.023743957, -0.045623008, -0.0023062984;
 -0.023407862, 0.99969488, 0.0078870477, 0.01807495;
 0.045796357, -0.0068086726, 0.99892759, -0.018358821;
 0, 0, 0, 1]
Ow:
[0.0035671089;
 -0.018139673;
 0.018091355]
Keyframe: 33 Frame: 169 Frame from vFrameID : 170
Tcw:
[0.99993712, -0.0028090749, 0.010858986, -0.0029905201;
 0.0028644628, 0.99998295, -0.0050884699, -0.020654172;
 -0.010844506, 0.0051192553, 0.99992812, 0.0200087;
 0, 0, 0, 1]
Twc:
[0.99993712, 0.0028644628, -0.010844506, 0.0032664796;
 -0.0028090749, 0.99998295, 0.0051192553, 0.02054299;
 0.010858986, -0.0050884699, 0.99992812, -0.020079885;
 0, 0, 0, 1]
Ow:
[-0.0029905201;
 -0.020654172;
 0.0200087]
Keyframe: 34 Frame: 173 Frame from vFrameID : 174
Tcw:
[0.99958879, 0.024290135, -0.015240482, -0.0060514444;
 -0.024423739, 0.99966437, -0.0086423084, -0.029918414;
 0.015025443, 0.0090109846, 0.99984652, 0.018373864;
 0, 0, 0, 1]
Twc:
[0.99958879, -0.024423739, 0.015025443, 0.0050421613;
 0.024290135, 0.99966437, 0.0090109846, 0.029889794;
 -0.015240482, -0.0086423084, 0.99984652, -0.018721836;
 0, 0, 0, 1]
Ow:
[-0.0060514444;
 -0.029918414;
 0.018373864]
Keyframe: 35 Frame: 177 Frame from vFrameID : 178
Tcw:
[0.99859035, 0.041645654, -0.032908298, -0.005575411;
 -0.042429682, 0.99882311, -0.023496447, -0.039654147;
 0.031891044, 0.024859615, 0.99918216, 0.017011633;
 0, 0, 0, 1]
Twc:
[0.99859035, -0.042429682, 0.031891044, 0.0033425202;
 0.041645654, 0.99882311, 0.024859615, 0.039416771;
 -0.032908298, -0.023496447, 0.99918216, -0.01811293;
 0, 0, 0, 1]
Ow:
[-0.005575411;
 -0.039654147;
 0.017011633]
Keyframe: 36 Frame: 182 Frame from vFrameID : 183
Tcw:
[0.99788499, 0.055095512, -0.034497682, -0.0025223733;
 -0.056202475, 0.99790692, -0.031985108, -0.04478465;
 0.032663241, 0.033856314, 0.99889284, 0.018408483;
 0, 0, 0, 1]
Twc:
[0.99788499, -0.056202475, 0.032663241, -0.0006012505;
 0.055095512, 0.99790692, 0.033856314, 0.044206642;
 -0.034497682, -0.031985108, 0.99889284, -0.019907558;
 0, 0, 0, 1]
Ow:
[-0.0025223733;
 -0.04478465;
 0.018408483]
Keyframe: 37 Frame: 187 Frame from vFrameID : 188
Tcw:
[0.99919158, 0.039026536, -0.0096510109, 0.0023951863;
 -0.039149147, 0.99915063, -0.012859568, -0.055787232;
 0.0091409488, 0.013227001, 0.99987072, 0.024975309;
 0, 0, 0, 1]
Twc:
[0.99919158, -0.039149147, 0.0091409488, -0.0048055705;
 0.039026536, 0.99915063, 0.013227001, 0.055316024;
 -0.0096510109, -0.012859568, 0.99987072, -0.025666364;
 0, 0, 0, 1]
Ow:
[0.0023951863;
 -0.055787232;
 0.024975309]
Keyframe: 38 Frame: 191 Frame from vFrameID : 192
Tcw:
[0.99910659, 0.037913237, 0.018672779, 0.010573371;
 -0.037525978, 0.99908185, -0.020670459, -0.062216975;
 -0.019439319, 0.019951276, 0.99961197, 0.027813951;
 0, 0, 0, 1]
Twc:
[0.99910659, -0.037525978, -0.019439319, -0.012357993;
 0.037913237, 0.99908185, 0.019951276, 0.061204057;
 0.018672779, -0.020670459, 0.99961197, -0.029286645;
 0, 0, 0, 1]
Ow:
[0.010573371;
 -0.062216975;
 0.027813951]
Keyframe: 39 Frame: 195 Frame from vFrameID : 196
Tcw:
[0.99795866, 0.046681393, 0.043582249, 0.027920544;
 -0.045233376, 0.99840987, -0.033640441, -0.075537317;
 -0.045083329, 0.031600393, 0.9984833, 0.040418565;
 0, 0, 0, 1]
Twc:
[0.99795866, -0.045233376, -0.045083329, -0.02945815;
 0.046681393, 0.99840987, 0.031600393, 0.072836585;
 0.043582249, -0.033640441, 0.9984833, -0.044115212;
 0, 0, 0, 1]
Ow:
[0.027920544;
 -0.075537317;
 0.040418565]
Keyframe: 40 Frame: 199 Frame from vFrameID : 200
Tcw:
[0.99681169, 0.071902461, 0.034591116, 0.043667458;
 -0.070308574, 0.99649721, -0.045277469, -0.088754348;
 -0.037725512, 0.042701058, 0.99837536, 0.052380934;
 0, 0, 0, 1]
Twc:
[0.99681169, -0.070308574, -0.037725512, -0.047792323;
 0.071902461, 0.99649721, 0.042701058, 0.08306694;
 0.034591116, -0.045277469, 0.99837536, -0.057824913;
 0, 0, 0, 1]
Ow:
[0.043667458;
 -0.088754348;
 0.052380934]
Keyframe: 41 Frame: 205 Frame from vFrameID : 206
Tcw:
[0.99486381, 0.1011939, -0.0024104773, 0.058724951;
 -0.10114672, 0.99291408, -0.062377717, -0.11171278;
 -0.0039188475, 0.062301144, 0.99804968, 0.064884387;
 0, 0, 0, 1]
Twc:
[0.99486381, -0.10114672, -0.0039188475, -0.069468431;
 0.1011939, 0.99291408, 0.062301144, 0.10093622;
 -0.0024104773, -0.062377717, 0.99804968, -0.071584679;
 0, 0, 0, 1]
Ow:
[0.058724951;
 -0.11171278;
 0.064884387]
Keyframe: 42 Frame: 210 Frame from vFrameID : 211
Tcw:
[0.99431825, 0.10595069, -0.010279137, 0.06960842;
 -0.1064291, 0.99132121, -0.077169105, -0.13835584;
 0.0020138067, 0.077824652, 0.99696505, 0.0923298;
 0, 0, 0, 1]
Twc:
[0.99431825, -0.1064291, 0.0020138067, -0.084123947;
 0.10595069, 0.99132121, 0.077824652, 0.12259449;
 -0.010279137, -0.077169105, 0.99696505, -0.10201087;
 0, 0, 0, 1]
Ow:
[0.06960842;
 -0.13835584;
 0.0923298]
Keyframe: 43 Frame: 215 Frame from vFrameID : 216
Tcw:
[0.99566865, 0.092581034, 0.008523982, 0.079751514;
 -0.091479123, 0.99191564, -0.087948635, -0.16244599;
 -0.016597446, 0.086787939, 0.99608856, 0.12913536;
 0, 0, 0, 1]
Twc:
[0.99566865, -0.091479123, -0.016597446, -0.092123181;
 0.092581034, 0.99191564, 0.086787939, 0.14254186;
 0.008523982, -0.087948635, 0.99608856, -0.14359695;
 0, 0, 0, 1]
Ow:
[0.079751514;
 -0.16244599;
 0.12913536]
Keyframe: 44 Frame: 220 Frame from vFrameID : 221
Tcw:
[0.99695122, 0.060695939, 0.049033314, 0.076744244;
 -0.053487808, 0.98914129, -0.13688906, -0.18435684;
 -0.056809485, 0.13384902, 0.98937207, 0.14872247;
 0, 0, 0, 1]
Twc:
[0.99695122, -0.053487808, -0.056809485, -0.077922262;
 0.060695939, 0.98914129, 0.13384902, 0.15779053;
 0.049033314, -0.13688906, 0.98937207, -0.17614132;
 0, 0, 0, 1]
Ow:
[0.076744244;
 -0.18435684;
 0.14872247]
Keyframe: 45 Frame: 224 Frame from vFrameID : 225
Tcw:
[0.99670166, 0.039820068, 0.070711665, 0.077978976;
 -0.032113418, 0.99374437, -0.10696209, -0.18866646;
 -0.074528553, 0.1043385, 0.99174541, 0.15458931;
 0, 0, 0, 1]
Twc:
[0.99670166, -0.032113418, -0.074528553, -0.072259188;
 0.039820068, 0.99374437, 0.1043385, 0.16825148;
 0.070711665, -0.10696209, 0.99174541, -0.17900743;
 0, 0, 0, 1]
Ow:
[0.077978976;
 -0.18866646;
 0.15458931]
Keyframe: 46 Frame: 229 Frame from vFrameID : 230
Tcw:
[0.99572301, 0.049845275, 0.077788845, 0.077245012;
 -0.044383671, 0.99652904, -0.070426837, -0.20160511;
 -0.081029288, 0.06667307, 0.99447924, 0.16502936;
 0, 0, 0, 1]
Twc:
[0.99572301, -0.044383671, -0.081029288, -0.072490402;
 0.049845275, 0.99652904, 0.06667307, 0.18605204;
 0.077788845, -0.070426837, 0.99447924, -0.18432549;
 0, 0, 0, 1]
Ow:
[0.077245012;
 -0.20160511;
 0.16502936]
Keyframe: 47 Frame: 234 Frame from vFrameID : 235
Tcw:
[0.9965173, 0.047588099, 0.068473332, 0.08324375;
 -0.044895034, 0.99817663, -0.040346354, -0.21157338;
 -0.070268489, 0.037131727, 0.99683678, 0.17971843;
 0, 0, 0, 1]
Twc:
[0.9965173, -0.044895034, -0.070268489, -0.079823896;
 0.047588099, 0.99817663, 0.037131727, 0.20055293;
 0.068473332, -0.040346354, 0.99683678, -0.19338614;
 0, 0, 0, 1]
Ow:
[0.08324375;
 -0.21157338;
 0.17971843]
Keyframe: 48 Frame: 239 Frame from vFrameID : 240
Tcw:
[0.99568099, 0.065029331, 0.066260874, 0.092594281;
 -0.062959157, 0.99747473, -0.032868177, -0.22443554;
 -0.068230942, 0.02855449, 0.99726081, 0.19613768;
 0, 0, 0, 1]
Twc:
[0.99568099, -0.062959157, -0.068230942, -0.092941977;
 0.065029331, 0.99747473, 0.02855449, 0.21224682;
 0.066260874, -0.032868177, 0.99726081, -0.2091126;
 0, 0, 0, 1]
Ow:
[0.092594281;
 -0.22443554;
 0.19613768]
Keyframe: 49 Frame: 244 Frame from vFrameID : 245
Tcw:
[0.99629372, 0.08252044, 0.024272099, 0.1159787;
 -0.081553034, 0.99592662, -0.038461003, -0.24845088;
 -0.027347049, 0.036338992, 0.99896526, 0.22486411;
 0, 0, 0, 1]
Twc:
[0.99629372, -0.081553034, -0.027347049, -0.12966141;
 0.08252044, 0.99592662, 0.036338992, 0.2296969;
 0.024272099, -0.038461003, 0.99896526, -0.23700215;
 0, 0, 0, 1]
Ow:
[0.1159787;
 -0.24845088;
 0.22486411]
Keyframe: 50 Frame: 250 Frame from vFrameID : 251
Tcw:
[0.9916628, 0.12671964, -0.023387345, 0.15611821;
 -0.12835948, 0.9873845, -0.092712983, -0.2795777;
 0.011343746, 0.094942003, 0.99541819, 0.26144922;
 0, 0, 0, 1]
Twc:
[0.9916628, -0.12835948, 0.011343746, -0.1936689;
 0.12671964, 0.9873845, 0.094942003, 0.23144494;
 -0.023387345, -0.092712983, 0.99541819, -0.28252059;
 0, 0, 0, 1]
Ow:
[0.15611821;
 -0.2795777;
 0.26144922]
Keyframe: 51 Frame: 256 Frame from vFrameID : 257
Tcw:
[0.99008942, 0.13878562, -0.021482052, 0.18792722;
 -0.14001386, 0.98736447, -0.074212998, -0.30545804;
 0.010910918, 0.076485291, 0.99701101, 0.29189163;
 0, 0, 0, 1]
Twc:
[0.99008942, -0.14001386, 0.010910918, -0.2320179;
 0.13878562, 0.98736447, 0.076485291, 0.25319138;
 -0.021482052, -0.074212998, 0.99701101, -0.30965108;
 0, 0, 0, 1]
Ow:
[0.18792722;
 -0.30545804;
 0.29189163]
Keyframe: 52 Frame: 262 Frame from vFrameID : 263
Tcw:
[0.99319714, 0.11422145, -0.022646194, 0.20254692;
 -0.11509222, 0.99247324, -0.041840296, -0.32318267;
 0.017696682, 0.044162061, 0.99886763, 0.33622247;
 0, 0, 0, 1]
Twc:
[0.99319714, -0.11509222, 0.017696682, -0.24431486;
 0.11422145, 0.99247324, 0.044162061, 0.28276667;
 -0.022646194, -0.041840296, 0.99886763, -0.34477687;
 0, 0, 0, 1]
Ow:
[0.20254692;
 -0.32318267;
 0.33622247]
Keyframe: 53 Frame: 267 Frame from vFrameID : 268
Tcw:
[0.9936648, 0.11065773, -0.019625148, 0.2171222;
 -0.11138689, 0.99292797, -0.041073576, -0.35274953;
 0.014941249, 0.042999353, 0.99896336, 0.38894761;
 0, 0, 0, 1]
Twc:
[0.9936648, -0.11138689, 0.014941249, -0.26084971;
 0.11065773, 0.99292797, 0.042999353, 0.30950412;
 -0.019625148, -0.041073576, 0.99896336, -0.39877206;
 0, 0, 0, 1]
Ow:
[0.2171222;
 -0.35274953;
 0.38894761]
Keyframe: 54 Frame: 272 Frame from vFrameID : 273
Tcw:
[0.99435079, 0.10572788, 0.0093873823, 0.23485596;
 -0.10475124, 0.99173892, -0.074034125, -0.38349819;
 -0.017137304, 0.072632551, 0.99721152, 0.42391494;
 0, 0, 0, 1]
Twc:
[0.99435079, -0.10475124, -0.017137304, -0.26643637;
 0.10572788, 0.99173892, 0.072632551, 0.32470924;
 0.0093873823, -0.074034125, 0.99721152, -0.4533295;
 0, 0, 0, 1]
Ow:
[0.23485596;
 -0.38349819;
 0.42391494]
Keyframe: 55 Frame: 279 Frame from vFrameID : 280
Tcw:
[0.99617034, 0.082536787, 0.0288496, 0.25688329;
 -0.081067629, 0.99551111, -0.048843622, -0.41107386;
 -0.032751493, 0.046317801, 0.99838972, 0.48552653;
 0, 0, 0, 1]
Twc:
[0.99617034, -0.081067629, -0.032751493, -0.27332258;
 0.082536787, 0.99551111, 0.046317801, 0.36553773;
 0.0288496, -0.048843622, 0.99838972, -0.51223403;
 0, 0, 0, 1]
Ow:
[0.25688329;
 -0.41107386;
 0.48552653]
Keyframe: 56 Frame: 284 Frame from vFrameID : 285
Tcw:
[0.99647647, 0.083572552, 0.0070861853, 0.2793791;
 -0.08304061, 0.99493575, -0.056631651, -0.4348866;
 -0.01178315, 0.05584367, 0.99836999, 0.53732729;
 0, 0, 0, 1]
Twc:
[0.99647647, -0.08304061, -0.01178315, -0.30817658;
 0.083572552, 0.99493575, 0.05584367, 0.37932947;
 0.0070861853, -0.056631651, 0.99836999, -0.56305951;
 0, 0, 0, 1]
Ow:
[0.2793791;
 -0.4348866;
 0.53732729]
Keyframe: 57 Frame: 290 Frame from vFrameID : 291
Tcw:
[0.99243951, 0.1208232, -0.02157741, 0.30728486;
 -0.12199046, 0.99038976, -0.065164633, -0.46726334;
 0.013496647, 0.067304194, 0.99764121, 0.58408374;
 0, 0, 0, 1]
Twc:
[0.99243951, -0.12199046, 0.013496647, -0.36984649;
 0.1208232, 0.99038976, 0.067304194, 0.38633442;
 -0.02157741, -0.065164633, 0.99764121, -0.60652465;
 0, 0, 0, 1]
Ow:
[0.30728486;
 -0.46726334;
 0.58408374]
Keyframe: 58 Frame: 294 Frame from vFrameID : 295
Tcw:
[0.9921599, 0.11903097, -0.03808384, 0.32350925;
 -0.12123507, 0.99068338, -0.062036023, -0.49219245;
 0.030344818, 0.066166751, 0.99734706, 0.62228078;
 0, 0, 0, 1]
Twc:
[0.9921599, -0.12123507, 0.030344818, -0.39952689;
 0.11903097, 0.99068338, 0.066166751, 0.40792498;
 -0.03808384, -0.062036023, 0.99734706, -0.63884306;
 0, 0, 0, 1]
Ow:
[0.32350925;
 -0.49219245;
 0.62228078]
Keyframe: 59 Frame: 298 Frame from vFrameID : 299
Tcw:
[0.9929052, 0.11701412, -0.021141915, 0.3305541;
 -0.11802804, 0.99144775, -0.055683978, -0.50607878;
 0.014445293, 0.057784248, 0.99822456, 0.65330023;
 0, 0, 0, 1]
Twc:
[0.9929052, -0.11802804, 0.014445293, -0.39737746;
 0.11701412, 0.99144775, 0.057784248, 0.42532074;
 -0.021141915, -0.055683978, 0.99822456, -0.67333233;
 0, 0, 0, 1]
Ow:
[0.3305541;
 -0.50607878;
 0.65330023]
Keyframe: 60 Frame: 301 Frame from vFrameID : 302
Tcw:
[0.99570292, 0.090326972, -0.020413211, 0.33289513;
 -0.091264322, 0.99452275, -0.050943866, -0.51706535;
 0.015699798, 0.052587956, 0.9984929, 0.68905008;
 0, 0, 0, 1]
Twc:
[0.99570292, -0.091264322, 0.015699798, -0.38947222;
 0.090326972, 0.99452275, 0.052587956, 0.4479281;
 -0.020413211, -0.050943866, 0.9984929, -0.70755744;
 0, 0, 0, 1]
Ow:
[0.33289513;
 -0.51706535;
 0.68905008]
Keyframe: 61 Frame: 305 Frame from vFrameID : 306
Tcw:
[0.99678087, 0.080174193, -1.9146131e-05, 0.34122804;
 -0.080127172, 0.9961881, -0.034480561, -0.54391593;
 -0.0027453781, 0.0343711, 0.99940538, 0.73280001;
 0, 0, 0, 1]
Twc:
[0.99678087, -0.080127172, -0.0027453781, -0.38170025;
 0.080174193, 0.9961881, 0.0343711, 0.48929778;
 -1.9146131e-05, -0.034480561, 0.99940538, -0.75111222;
 0, 0, 0, 1]
Ow:
[0.34122804;
 -0.54391593;
 0.73280001]
Keyframe: 62 Frame: 308 Frame from vFrameID : 309
Tcw:
[0.99763805, 0.06669984, 0.016415911, 0.3480573;
 -0.06586919, 0.99673051, -0.046793234, -0.56485426;
 -0.019483341, 0.045601405, 0.9987697, 0.75744343;
 0, 0, 0, 1]
Twc:
[0.99763805, -0.06586919, -0.019483341, -0.36968416;
 0.06669984, 0.99673051, 0.045601405, 0.50525159;
 0.016415911, -0.046793234, 0.9987697, -0.78865659;
 0, 0, 0, 1]
Ow:
[0.3480573;
 -0.56485426;
 0.75744343]
Keyframe: 63 Frame: 312 Frame from vFrameID : 313
Tcw:
[0.99766475, 0.06355767, 0.025009802, 0.35772374;
 -0.062399648, 0.99705249, -0.044638589, -0.57755369;
 -0.027773211, 0.042973742, 0.99869007, 0.78043252;
 0, 0, 0, 1]
Twc:
[0.99766475, -0.062399648, -0.027773211, -0.37125242;
 0.06355767, 0.99705249, 0.042973742, 0.51957721;
 0.025009802, -0.044638589, 0.99869007, -0.814138;
 0, 0, 0, 1]
Ow:
[0.35772374;
 -0.57755369;
 0.78043252]
Keyframe: 64 Frame: 316 Frame from vFrameID : 317
Tcw:
[0.99727941, 0.070579126, 0.021269029, 0.37249351;
 -0.069609545, 0.99663335, -0.043318771, -0.60543847;
 -0.024254825, 0.04172039, 0.99883485, 0.82134622;
 0, 0, 0, 1]
Twc:
[0.99727941, -0.069609545, -0.024254825, -0.39370278;
 0.070579126, 0.99663335, 0.04172039, 0.54284292;
 0.021269029, -0.043318771, 0.99883485, -0.85453874;
 0, 0, 0, 1]
Ow:
[0.37249351;
 -0.60543847;
 0.82134622]
Keyframe: 65 Frame: 320 Frame from vFrameID : 321
Tcw:
[0.99542385, 0.09444467, -0.014543897, 0.39385051;
 -0.095179863, 0.99346, -0.063071571, -0.63927734;
 0.008492006, 0.064167231, 0.99790305, 0.86856902;
 0, 0, 0, 1]
Twc:
[0.99542385, -0.095179863, 0.008492006, -0.46027043;
 0.09444467, 0.99346, 0.064167231, 0.5421657;
 -0.014543897, -0.063071571, 0.99790305, -0.90133971;
 0, 0, 0, 1]
Ow:
[0.39385051;
 -0.63927734;
 0.86856902]
Keyframe: 66 Frame: 324 Frame from vFrameID : 325
Tcw:
[0.99517703, 0.094698057, -0.0255915, 0.40507096;
 -0.096105926, 0.99350393, -0.060938954, -0.6524964;
 0.019654457, 0.063104548, 0.99781334, 0.89224631;
 0, 0, 0, 1]
Twc:
[0.99517703, -0.096105926, 0.019654457, -0.48336273;
 0.094698057, 0.99350393, 0.063104548, 0.55359352;
 -0.0255915, -0.060938954, 0.99781334, -0.91969138;
 0, 0, 0, 1]
Ow:
[0.40507096;
 -0.6524964;
 0.89224631]
Keyframe: 67 Frame: 328 Frame from vFrameID : 329
Tcw:
[0.99439609, 0.10509893, -0.01142887, 0.41985679;
 -0.10551697, 0.99335581, -0.045939576, -0.67908245;
 0.0065247347, 0.046888072, 0.99887884, 0.92595619;
 0, 0, 0, 1]
Twc:
[0.99439609, -0.10551697, 0.0065247347, -0.49520028;
 0.10509893, 0.99335581, 0.046888072, 0.58702767;
 -0.01142887, -0.045939576, 0.99887884, -0.9513163;
 0, 0, 0, 1]
Ow:
[0.41985679;
 -0.67908245;
 0.92595619]
Keyframe: 68 Frame: 332 Frame from vFrameID : 333
Tcw:
[0.99357796, 0.11291122, -0.0073451255, 0.42914227;
 -0.11314133, 0.99220544, -0.052224647, -0.69031882;
 0.0013911248, 0.052720293, 0.99860835, 0.95337558;
 0, 0, 0, 1]
Twc:
[0.99357796, -0.11314133, 0.0013911248, -0.50581616;
 0.11291122, 0.99220544, 0.052720293, 0.58622092;
 -0.0073451255, -0.052224647, 0.99860835, -0.9849484;
 0, 0, 0, 1]
Ow:
[0.42914227;
 -0.69031882;
 0.95337558]
Keyframe: 69 Frame: 336 Frame from vFrameID : 337
Tcw:
[0.99521542, 0.097687475, -0.0018683501, 0.43388417;
 -0.097638875, 0.99365127, -0.055890538, -0.71874934;
 -0.0036033171, 0.055805545, 0.99843514, 1.006505;
 0, 0, 0, 1]
Twc:
[0.99521542, -0.097638875, -0.0036033171, -0.49835932;
 0.097687475, 0.99365127, 0.055805545, 0.61563259;
 -0.0018683501, -0.055890538, 0.99843514, -1.0442905;
 0, 0, 0, 1]
Ow:
[0.43388417;
 -0.71874934;
 1.006505]
Keyframe: 70 Frame: 340 Frame from vFrameID : 341
Tcw:
[0.9953959, 0.095703177, 0.005287041, 0.43752462;
 -0.095167063, 0.99337685, -0.064387158, -0.73810351;
 -0.011414079, 0.063587561, 0.99791098, 1.0402631;
 0, 0, 0, 1]
Twc:
[0.9953959, -0.095167063, -0.011414079, -0.49387968;
 0.095703177, 0.99337685, 0.063587561, 0.62519461;
 0.005287041, -0.064387158, 0.99791098, -1.0879276;
 0, 0, 0, 1]
Ow:
[0.43752462;
 -0.73810351;
 1.0402631]
Keyframe: 71 Frame: 344 Frame from vFrameID : 345
Tcw:
[0.99529248, 0.096479803, 0.0091950726, 0.44668588;
 -0.095966525, 0.99434078, -0.045572702, -0.75239229;
 -0.013539881, 0.044475749, 0.99891871, 1.0653019;
 0, 0, 0, 1]
Twc:
[0.99529248, -0.095966525, -0.013539881, -0.5023635;
 0.096479803, 0.99434078, 0.044475749, 0.65765804;
 0.0091950726, -0.045572702, 0.99891871, -1.1025459;
 0, 0, 0, 1]
Ow:
[0.44668588;
 -0.75239229;
 1.0653019]
Keyframe: 72 Frame: 348 Frame from vFrameID : 349
Tcw:
[0.99550498, 0.094659477, 0.0030770721, 0.45818615;
 -0.094505295, 0.99496657, -0.03332036, -0.774993;
 -0.006215672, 0.032879785, 0.99944001, 1.1041707;
 0, 0, 0, 1]
Twc:
[0.99550498, -0.094505295, -0.006215672, -0.52250433;
 0.094659477, 0.99496657, 0.032879785, 0.69141561;
 0.0030770721, -0.03332036, 0.99944001, -1.1307852;
 0, 0, 0, 1]
Ow:
[0.45818615;
 -0.774993;
 1.1041707]
Keyframe: 73 Frame: 352 Frame from vFrameID : 353
Tcw:
[0.99341553, 0.11298565, -0.018967802, 0.48093614;
 -0.11366212, 0.99273449, -0.039486662, -0.79509956;
 0.014368565, 0.041382585, 0.99904007, 1.1459004;
 0, 0, 0, 1]
Twc:
[0.99341553, -0.11366212, 0.014368565, -0.58460712;
 0.11298565, 0.99273449, 0.041382585, 0.68756354;
 -0.018967802, -0.039486662, 0.99904007, -1.1670738;
 0, 0, 0, 1]
Ow:
[0.48093614;
 -0.79509956;
 1.1459004]
Keyframe: 74 Frame: 356 Frame from vFrameID : 357
Tcw:
[0.99118775, 0.13021594, -0.024302289, 0.50192511;
 -0.13126214, 0.99018216, -0.048057865, -0.81815642;
 0.017805792, 0.050824337, 0.99854887, 1.1785182;
 0, 0, 0, 1]
Twc:
[0.99118775, -0.13126214, 0.017805792, -0.62587947;
 0.13021594, 0.99018216, 0.050824337, 0.68486786;
 -0.024302289, -0.048057865, 0.99854887, -1.2039288;
 0, 0, 0, 1]
Ow:
[0.50192511;
 -0.81815642;
 1.1785182]
Keyframe: 75 Frame: 360 Frame from vFrameID : 361
Tcw:
[0.99144322, 0.12517831, -0.03702357, 0.5159868;
 -0.12682845, 0.99084818, -0.046200391, -0.84015161;
 0.030901451, 0.050500706, 0.99824584, 1.2075872;
 0, 0, 0, 1]
Twc:
[0.99144322, -0.12682845, 0.030901451, -0.65544295;
 0.12517831, 0.99084818, 0.050500706, 0.70688826;
 -0.03702357, -0.046200391, 0.99824584, -1.2251806;
 0, 0, 0, 1]
Ow:
[0.5159868;
 -0.84015161;
 1.2075872]
Keyframe: 76 Frame: 364 Frame from vFrameID : 365
Tcw:
[0.99100733, 0.13095658, -0.027474698, 0.52721947;
 -0.13185884, 0.99068195, -0.034095224, -0.8540346;
 0.022753693, 0.037411399, 0.99904084, 1.2359356;
 0, 0, 0, 1]
Twc:
[0.99100733, -0.13185884, 0.022753693, -0.66321248;
 0.13095658, 0.99068195, 0.037411399, 0.73079574;
 -0.027474698, -0.034095224, 0.99904084, -1.2493836;
 0, 0, 0, 1]
Ow:
[0.52721947;
 -0.8540346;
 1.2359356]
Keyframe: 77 Frame: 368 Frame from vFrameID : 369
Tcw:
[0.99228275, 0.12119243, -0.026218181, 0.53735495;
 -0.12197368, 0.99206185, -0.030588645, -0.87103641;
 0.022302946, 0.033550512, 0.99918813, 1.2793554;
 0, 0, 0, 1]
Twc:
[0.99228275, -0.12197368, 0.022302946, -0.6679849;
 0.12119243, 0.99206185, 0.033550512, 0.75607562;
 -0.026218181, -0.030588645, 0.99918813, -1.2908721;
 0, 0, 0, 1]
Ow:
[0.53735495;
 -0.87103641;
 1.2793554]
Keyframe: 78 Frame: 372 Frame from vFrameID : 373
Tcw:
[0.99329472, 0.11038837, -0.034351796, 0.54423213;
 -0.11130143, 0.99344897, -0.02590557, -0.89096963;
 0.03126708, 0.029555269, 0.99907398, 1.3200915;
 0, 0, 0, 1]
Twc:
[0.99329472, -0.11130143, 0.03126708, -0.68102449;
 0.11038837, 0.99344897, 0.029555269, 0.78604037;
 -0.034351796, -0.02590557, 0.99907398, -1.3232548;
 0, 0, 0, 1]
Ow:
[0.54423213;
 -0.89096963;
 1.3200915]
Keyframe: 79 Frame: 376 Frame from vFrameID : 377
Tcw:
[0.99622458, 0.081046112, -0.031114848, 0.55371654;
 -0.081349261, 0.99664855, -0.0086017074, -0.89779055;
 0.030313434, 0.011100402, 0.99947882, 1.3595694;
 0, 0, 0, 1]
Twc:
[0.99622458, -0.081349261, 0.030313434, -0.66587383;
 0.081046112, 0.99664855, 0.011100402, 0.8348133;
 -0.031114848, -0.0086017074, 0.99947882, -1.3493545;
 0, 0, 0, 1]
Ow:
[0.55371654;
 -0.89779055;
 1.3595694]
Keyframe: 80 Frame: 380 Frame from vFrameID : 381
Tcw:
[0.99667209, 0.075635716, -0.030396199, 0.56773376;
 -0.075094618, 0.99700356, 0.01856675, -0.92105186;
 0.031709429, -0.016222371, 0.99936545, 1.402022;
 0, 0, 0, 1]
Twc:
[0.99667209, -0.075094618, 0.031709429, -0.6794678;
 0.075635716, 0.99700356, -0.016222371, 0.89809513;
 -0.030396199, 0.01856675, 0.99936545, -1.3667744;
 0, 0, 0, 1]
Ow:
[0.56773376;
 -0.92105186;
 1.402022]
Keyframe: 81 Frame: 384 Frame from vFrameID : 385
Tcw:
[0.99546498, 0.083360188, -0.045831304, 0.58306837;
 -0.083042324, 0.99650717, 0.0087995455, -0.93360025;
 0.046404757, -0.0049537015, 0.99891043, 1.433827;
 0, 0, 0, 1]
Twc:
[0.99546498, -0.083042324, 0.046404757, -0.72448891;
 0.083360188, 0.99650717, -0.0049537015, 0.8888374;
 -0.045831304, 0.0087995455, 0.99891043, -1.3973268;
 0, 0, 0, 1]
Ow:
[0.58306837;
 -0.93360025;
 1.433827]
Keyframe: 82 Frame: 388 Frame from vFrameID : 389
Tcw:
[0.99183553, 0.098130375, -0.081441209, 0.60541713;
 -0.096505694, 0.99505115, 0.023660889, -0.95459956;
 0.083360016, -0.015608171, 0.99639726, 1.4824376;
 0, 0, 0, 1]
Twc:
[0.99183553, -0.096505694, 0.083360016, -0.81617457;
 0.098130375, 0.99505115, -0.015608171, 0.91360372;
 -0.081441209, 0.023660889, 0.99639726, -1.4052042;
 0, 0, 0, 1]
Ow:
[0.60541713;
 -0.95459956;
 1.4824376]
Keyframe: 83 Frame: 391 Frame from vFrameID : 392
Tcw:
[0.99066436, 0.10336246, -0.088884085, 0.61099893;
 -0.10057928, 0.9943043, 0.035253026, -0.97162384;
 0.092021666, -0.025984019, 0.99541795, 1.500828;
 0, 0, 0, 1]
Twc:
[0.99066436, -0.10057928, 0.092021666, -0.84112877;
 0.10336246, 0.9943043, -0.025984019, 0.94193298;
 -0.088884085, 0.035253026, 0.99541795, -1.4053903;
 0, 0, 0, 1]
Ow:
[0.61099893;
 -0.97162384;
 1.500828]
Keyframe: 84 Frame: 395 Frame from vFrameID : 396
Tcw:
[0.99101162, 0.10874148, -0.077918202, 0.63106972;
 -0.10781573, 0.9940421, 0.016003607, -0.99094683;
 0.079194225, -0.0074589532, 0.9968313, 1.5326688;
 0, 0, 0, 1]
Twc:
[0.99101162, -0.10781573, 0.079194225, -0.85361558;
 0.10874148, 0.9940421, -0.0074589532, 0.9278515;
 -0.077918202, 0.016003607, 0.9968313, -1.4627817;
 0, 0, 0, 1]
Ow:
[0.63106972;
 -0.99094683;
 1.5326688]
Keyframe: 85 Frame: 399 Frame from vFrameID : 400
Tcw:
[0.99205422, 0.11124647, -0.058758825, 0.64333838;
 -0.11031196, 0.99371684, 0.018925399, -1.0111666;
 0.060495015, -0.01229322, 0.99809277, 1.5761189;
 0, 0, 0, 1]
Twc:
[0.99205422, -0.11031196, 0.060495015, -0.84511769;
 0.11124647, 0.99371684, -0.01229322, 0.95261955;
 -0.058758825, 0.018925399, 0.99809277, -1.5161744;
 0, 0, 0, 1]
Ow:
[0.64333838;
 -1.0111666;
 1.5761189]
Keyframe: 86 Frame: 403 Frame from vFrameID : 404
Tcw:
[0.99153906, 0.11497977, -0.06024877, 0.6577794;
 -0.11453713, 0.9933607, 0.010760973, -1.0335764;
 0.061086055, -0.0037692038, 0.99812537, 1.619449;
 0, 0, 0, 1]
Twc:
[0.99153906, -0.11453713, 0.061086055, -0.86952263;
 0.11497977, 0.9933607, -0.0037692038, 0.95718682;
 -0.06024877, 0.010760973, 0.99812537, -1.5656605;
 0, 0, 0, 1]
Ow:
[0.6577794;
 -1.0335764;
 1.619449]
Keyframe: 87 Frame: 407 Frame from vFrameID : 408
Tcw:
[0.99447763, 0.098269016, -0.036843874, 0.66617441;
 -0.097524405, 0.99500102, 0.021494171, -1.052869;
 0.038771901, -0.017782295, 0.99908984, 1.6605619;
 0, 0, 0, 1]
Twc:
[0.99447763, -0.097524405, 0.038771901, -0.82955915;
 0.098269016, 0.99500102, -0.017782295, 1.01167;
 -0.036843874, 0.021494171, 0.99908984, -1.6118757;
 0, 0, 0, 1]
Ow:
[0.66617441;
 -1.052869;
 1.6605619]
Keyframe: 88 Frame: 411 Frame from vFrameID : 412
Tcw:
[0.99442273, 0.10256422, -0.024577474, 0.68166918;
 -0.10194048, 0.99446577, 0.02541651, -1.0766861;
 0.02704828, -0.022769315, 0.99937481, 1.6901971;
 0, 0, 0, 1]
Twc:
[0.99442273, -0.10194048, 0.02704828, -0.83334219;
 0.10256422, 0.99446577, -0.022769315, 1.0392972;
 -0.024577474, 0.02541651, 0.99937481, -1.645021;
 0, 0, 0, 1]
Ow:
[0.68166918;
 -1.0766861;
 1.6901971]
Keyframe: 89 Frame: 415 Frame from vFrameID : 416
Tcw:
[0.99314553, 0.11548386, -0.018038632, 0.69990563;
 -0.11520793, 0.993218, 0.015655877, -1.0962646;
 0.019724295, -0.013470371, 0.99971473, 1.7317879;
 0, 0, 0, 1]
Twc:
[0.99314553, -0.11520793, 0.019724295, -0.85556483;
 0.11548386, 0.993218, -0.013470371, 1.0313298;
 -0.018038632, 0.015655877, 0.99971473, -1.7015055;
 0, 0, 0, 1]
Ow:
[0.69990563;
 -1.0962646;
 1.7317879]
Keyframe: 90 Frame: 419 Frame from vFrameID : 420
Tcw:
