Keyframe: 0 Frame: 0 Frame from vFrameID : 72
Tcw:
[1, 0, 0, 0;
 0, 1, 0, 0;
 0, 0, 1, 0;
 0, 0, 0, 1]
Twc:
[1, 0, 0, 0;
 0, 1, 0, 0;
 0, 0, 1, 0;
 0, 0, 0, 1]
Ow:
[0;
 0;
 0]
Keyframe: 1 Frame: 71 Frame from vFrameID : 72
Tcw:
[0.9998256, -0.011804188, -0.014473503, -0.019030806;
 0.012020179, 0.9998163, 0.014928117, 0.0057324246;
 0.014294631, -0.015099488, 0.99978381, -0.00072912383;
 0, 0, 0, 1]
Twc:
[0.9998256, 0.012020179, 0.014294631, 0.018969003;
 -0.011804188, 0.9998163, -0.015099488, -0.0059670247;
 -0.014473503, 0.014928117, 0.99978381, 0.00036794943;
 0, 0, 0, 1]
Ow:
[-0.019030806;
 0.0057324246;
 -0.00072912383]
Keyframe: 2 Frame: 74 Frame from vFrameID : 75
Tcw:
[0.99979872, -0.010928936, -0.016824357, -0.018436715;
 0.011471355, 0.99940628, 0.032488551, 0.0055818274;
 0.016459303, -0.032675009, 0.99933052, -0.0025403863;
 0, 0, 0, 1]
Twc:
[0.99979872, 0.011471355, 0.016459303, 0.018410787;
 -0.010928936, 0.99940628, -0.032675009, -0.0058630137;
 -0.016824357, 0.032488551, 0.99933052, 0.0020471539;
 0, 0, 0, 1]
Ow:
[-0.018436715;
 0.0055818274;
 -0.0025403863]
Keyframe: 3 Frame: 76 Frame from vFrameID : 77
Tcw:
[0.99988383, -0.0046401899, -0.014517322, -0.018698378;
 0.005154978, 0.99935192, 0.035626195, 0.0059111891;
 0.0143426, -0.035696894, 0.99925971, -0.0023039323;
 0, 0, 0, 1]
Twc:
[0.99988383, 0.005154978, 0.0143426, 0.018698778;
 -0.0046401899, 0.99935192, -0.035696894, -0.0060763652;
 -0.014517322, 0.035626195, 0.99925971, 0.0018201832;
 0, 0, 0, 1]
Ow:
[-0.018698378;
 0.0059111891;
 -0.0023039323]
Keyframe: 4 Frame: 78 Frame from vFrameID : 79
Tcw:
[0.9998998, -2.8513743e-05, -0.014155858, -0.018884113;
 0.00048183199, 0.9994871, 0.03202099, 0.0060954248;
 0.014147684, -0.032024603, 0.99938697, -0.0020385436;
 0, 0, 0, 1]
Twc:
[0.9998998, 0.00048183199, 0.014147684, 0.018908124;
 -2.8513743e-05, 0.9994871, -0.032024603, -0.0061581205;
 -0.014155858, 0.03202099, 0.99938697, 0.0015747914;
 0, 0, 0, 1]
Ow:
[-0.018884113;
 0.0060954248;
 -0.0020385436]
Keyframe: 5 Frame: 80 Frame from vFrameID : 81
Tcw:
[0.99980676, 0.0052421978, -0.018945197, -0.018888148;
 -0.0050294227, 0.99992394, 0.01126134, 0.0058432743;
 0.01900279, -0.011163881, 0.99975711, -0.0030095968;
 0, 0, 0, 1]
Twc:
[0.99980676, -0.0050294227, 0.01900279, 0.018971078;
 0.0052421978, 0.99992394, -0.011163881, -0.0057774135;
 -0.018945197, 0.01126134, 0.99975711, 0.0025852229;
 0, 0, 0, 1]
Ow:
[-0.018888148;
 0.0058432743;
 -0.0030095968]
Keyframe: 6 Frame: 82 Frame from vFrameID : 83
Tcw:
[0.99981797, 0.0066772215, -0.017873555, -0.018193342;
 -0.0065709939, 0.99996042, 0.0059954338, 0.0055471198;
 0.01791288, -0.005876895, 0.99982226, -0.0052400609;
 0, 0, 0, 1]
Twc:
[0.99981797, -0.0065709939, 0.01791288, 0.018320343;
 0.0066772215, 0.99996042, -0.005876895, -0.0054562148;
 -0.017873555, 0.0059954338, 0.99982226, 0.0048806928;
 0, 0, 0, 1]
Ow:
[-0.018193342;
 0.0055471198;
 -0.0052400609]
Keyframe: 7 Frame: 84 Frame from vFrameID : 85
Tcw:
[0.99989063, 0.0099107279, -0.010980004, -0.014598781;
 -0.0098816119, 0.99994755, 0.002702778, 0.0047348714;
 0.011006214, -0.0025939823, 0.99993604, -0.0090840487;
 0, 0, 0, 1]
Twc:
[0.99989063, -0.0098816119, 0.011006214, 0.014743954;
 0.0099107279, 0.99994755, -0.0025939823, -0.004613502;
 -0.010980004, 0.002702778, 0.99993604, 0.0089103766;
 0, 0, 0, 1]
Ow:
[-0.014598781;
 0.0047348714;
 -0.0090840487]
Keyframe: 8 Frame: 87 Frame from vFrameID : 88
Tcw:
[0.999744, 0.020231744, 0.010132826, -0.0088300155;
 -0.020381575, 0.99968112, 0.014908555, 0.0018646233;
 -0.0098279687, -0.015111261, 0.99983752, -0.010957486;
 0, 0, 0, 1]
Twc:
[0.999744, -0.020381575, -0.0098279687, 0.0087580681;
 0.020231744, 0.99968112, -0.015111261, -0.0018509636;
 0.010132826, 0.014908555, 0.99983752, 0.011017379;
 0, 0, 0, 1]
Ow:
[-0.0088300155;
 0.0018646233;
 -0.010957486]
Keyframe: 9 Frame: 91 Frame from vFrameID : 92
Tcw:
[0.999273, 0.029532829, 0.024110401, -0.0049994076;
 -0.030080082, 0.99929059, 0.022659637, 0.0041789846;
 -0.023424095, -0.023368405, 0.99945247, -0.014455634;
 0, 0, 0, 1]
Twc:
[0.999273, -0.030080082, -0.023424095, 0.0047828672;
 0.029532829, 0.99929059, -0.023368405, -0.004366179;
 0.024110401, 0.022659637, 0.99945247, 0.014473562;
 0, 0, 0, 1]
Ow:
[-0.0049994076;
 0.0041789846;
 -0.014455634]
Keyframe: 10 Frame: 94 Frame from vFrameID : 95
Tcw:
[0.99963111, 0.022203151, 0.015640417, 0.00044116436;
 -0.022599917, 0.9994151, 0.025665298, 0.0043254998;
 -0.015061419, -0.026009304, 0.99954826, -0.013951479;
 0, 0, 0, 1]
Twc:
[0.99963111, -0.022599917, -0.015061419, -0.00055337476;
 0.022203151, 0.9994151, -0.026009304, -0.0046956334;
 0.015640417, 0.025665298, 0.99954826, 0.013827261;
 0, 0, 0, 1]
Ow:
[0.00044116436;
 0.0043254998;
 -0.013951479]
Keyframe: 11 Frame: 97 Frame from vFrameID : 98
Tcw:
[0.99983227, 0.017896283, 0.0038866983, 0.0026055404;
 -0.018016055, 0.99928147, 0.033347007, 0.0042115846;
 -0.0032871179, -0.033411436, 0.99943626, -0.0133462;
 0, 0, 0, 1]
Twc:
[0.99983227, -0.018016055, -0.0032871179, -0.0025730981;
 0.017896283, 0.99928147, -0.033411436, -0.0047011035;
 0.0038866983, 0.033347007, 0.99943626, 0.013188106;
 0, 0, 0, 1]
Ow:
[0.0026055404;
 0.0042115846;
 -0.0133462]
Keyframe: 12 Frame: 100 Frame from vFrameID : 101
Tcw:
[0.99989432, 0.012795341, -0.0068991547, 0.004022724;
 -0.012492657, 0.99902844, 0.042262234, 0.0038836645;
 0.0074332114, -0.042171579, 0.99908274, -0.01197136;
 0, 0, 0, 1]
Twc:
[0.99989432, -0.012492657, 0.0074332114, -0.0038847963;
 0.012795341, 0.99902844, -0.042171579, -0.0044362145;
 -0.0068991547, 0.042262234, 0.99908274, 0.011824;
 0, 0, 0, 1]
Ow:
[0.004022724;
 0.0038836645;
 -0.01197136]
Keyframe: 13 Frame: 103 Frame from vFrameID : 104
Tcw:
[0.99964756, 0.0038163208, -0.026270617, 0.0043460345;
 -0.0026360482, 0.99899179, 0.044816371, 0.0049035107;
 0.026415164, -0.044731326, 0.99864978, -0.0068315081;
 0, 0, 0, 1]
Twc:
[0.99964756, -0.0026360482, 0.026415164, -0.0041511222;
 0.0038163208, 0.99899179, -0.044731326, -0.005220735;
 -0.026270617, 0.044816371, 0.99864978, 0.0067166993;
 0, 0, 0, 1]
Ow:
[0.0043460345;
 0.0049035107;
 -0.0068315081]
Keyframe: 14 Frame: 107 Frame from vFrameID : 108
Tcw:
[0.99935538, -0.00052592991, -0.035897102, 0.0026407086;
 0.0018535568, 0.99931496, 0.036960986, 0.0054737548;
 0.035853073, -0.037003696, 0.99867177, -0.0028618339;
 0, 0, 0, 1]
Twc:
[0.99935538, 0.0018535568, 0.035853073, -0.0025465465;
 -0.00052592991, 0.99931496, -0.037003696, -0.0055745156;
 -0.035897102, 0.036960986, 0.99867177, 0.002750511;
 0, 0, 0, 1]
Ow:
[0.0026407086;
 0.0054737548;
 -0.0028618339]
Keyframe: 15 Frame: 110 Frame from vFrameID : 111
Tcw:
[0.99925846, -0.0046051368, -0.038227495, 0.0018473254;
 0.0058181672, 0.99948108, 0.03168153, 0.0062025185;
 0.03806176, -0.03188045, 0.99876672, 0.00025042929;
 0, 0, 0, 1]
Twc:
[0.99925846, 0.0058181672, 0.03806176, -0.0018915745;
 -0.0046051368, 0.99948108, -0.03188045, -0.0061828089;
 -0.038227495, 0.03168153, 0.99876672, -0.00037600708;
 0, 0, 0, 1]
Ow:
[0.0018473254;
 0.0062025185;
 0.00025042929]
Keyframe: 16 Frame: 113 Frame from vFrameID : 114
Tcw:
[0.9993903, -0.0073855268, -0.034124468, 0.00040810721;
 0.0082221134, 0.99966747, 0.024440795, 0.0056286305;
 0.033932611, -0.024706468, 0.99911869, 0.0030706513;
 0, 0, 0, 1]
Twc:
[0.9993903, 0.0082221134, 0.033932611, -0.00055833283;
 -0.0073855268, 0.99966747, -0.024706468, -0.0055478802;
 -0.034124468, 0.024440795, 0.99911869, -0.003191587;
 0, 0, 0, 1]
Ow:
[0.00040810721;
 0.0056286305;
 0.0030706513]
Keyframe: 17 Frame: 116 Frame from vFrameID : 117
Tcw:
[0.99915278, -0.010597305, -0.039766703, 0.00035550003;
 0.0115695, 0.99963784, 0.024297478, 0.0047124391;
 0.039494812, -0.024736974, 0.99891353, 0.0054478473;
 0, 0, 0, 1]
Twc:
[0.99915278, 0.0115695, 0.039494812, -0.00062488113;
 -0.010597305, 0.99963784, -0.024736974, -0.004572202;
 -0.039766703, 0.024297478, 0.99891353, -0.0055422918;
 0, 0, 0, 1]
Ow:
[0.00035550003;
 0.0047124391;
 0.0054478473]
Keyframe: 18 Frame: 120 Frame from vFrameID : 121
Tcw:
[0.99950856, 0.0010847512, -0.031329133, -0.0023440872;
 -0.00041548637, 0.99977171, 0.021360995, 0.0063802614;
 0.031345155, -0.021337479, 0.99928081, 0.0043625776;
 0, 0, 0, 1]
Twc:
[0.99950856, -0.00041548637, 0.031345155, 0.0022088403;
 0.0010847512, 0.99977171, -0.021337479, -0.0062831757;
 -0.031329133, 0.021360995, 0.99928081, -0.0045691673;
 0, 0, 0, 1]
Ow:
[-0.0023440872;
 0.0063802614;
 0.0043625776]
Keyframe: 19 Frame: 123 Frame from vFrameID : 124
Tcw:
[0.99972492, -0.0083338618, -0.021924311, -0.0013433381;
 0.0084542474, 0.99994963, 0.0054040141, 0.0065872236;
 0.021878172, -0.005587881, 0.99974501, 0.0085280845;
 0, 0, 0, 1]
Twc:
[0.99972492, 0.0084542474, 0.021878172, 0.0011006995;
 -0.0083338618, 0.99994963, -0.005587881, -0.0065504336;
 -0.021924311, 0.0054040141, 0.99974501, -0.008590959;
 0, 0, 0, 1]
Ow:
[-0.0013433381;
 0.0065872236;
 0.0085280845]
Keyframe: 20 Frame: 127 Frame from vFrameID : 128
Tcw:
[0.998703, -0.0043754173, -0.050726447, 0.0039400598;
 0.0072848396, 0.9983297, 0.057312954, 0.0044799778;
 0.050390951, -0.057608154, 0.99706674, 0.0061258059;
 0, 0, 0, 1]
Twc:
[0.998703, 0.0072848396, 0.050390951, -0.0042762705;
 -0.0043754173, 0.9983297, -0.057608154, -0.0041023591;
 -0.050726447, 0.057312954, 0.99706674, -0.0061647324;
 0, 0, 0, 1]
Ow:
[0.0039400598;
 0.0044799778;
 0.0061258059]
Keyframe: 21 Frame: 130 Frame from vFrameID : 131
Tcw:
[0.99799812, -0.0070366967, -0.062851399, 0.0044799931;
 0.0099740047, 0.9988665, 0.04654339, 0.008117401;
 0.062452644, -0.047077093, 0.99693704, 0.0077928845;
 0, 0, 0, 1]
Twc:
[0.99799812, 0.0099740047, 0.062452644, -0.0050386735;
 -0.0070366967, 0.9988665, -0.047077093, -0.0077098091;
 -0.062851399, 0.04654339, 0.99693704, -0.007865252;
 0, 0, 0, 1]
Ow:
[0.0044799931;
 0.008117401;
 0.0077928845]
Keyframe: 22 Frame: 134 Frame from vFrameID : 135
Tcw:
[0.99929678, 0.011886477, -0.035562024, 0.0087889312;
 -0.010665623, 0.99935383, 0.03432519, 0.0065985406;
 0.035947051, -0.033921763, 0.99877781, 0.0051751537;
 0, 0, 0, 1]
Twc:
[0.99929678, -0.010665623, 0.035947051, -0.0088984044;
 0.011886477, 0.99935383, -0.033921763, -0.0065231957;
 -0.035562024, 0.03432519, 0.99877781, -0.0050827726;
 0, 0, 0, 1]
Ow:
[0.0087889312;
 0.0065985406;
 0.0051751537]
Keyframe: 23 Frame: 138 Frame from vFrameID : 139
Tcw:
[0.99768716, -0.018395446, -0.065436527, 0.016808501;
 0.021442439, 0.99870342, 0.046170726, 0.0073003345;
 0.064502351, -0.04746706, 0.99678802, 0.0045227986;
 0, 0, 0, 1]
Twc:
[0.99768716, 0.021442439, 0.064502351, -0.017217893;
 -0.018395446, 0.99870342, -0.04746706, -0.0067669852;
 -0.065436527, 0.046170726, 0.99678802, -0.0037454434;
 0, 0, 0, 1]
Ow:
[0.016808501;
 0.0073003345;
 0.0045227986]
Keyframe: 24 Frame: 142 Frame from vFrameID : 143
Tcw:
[0.9985463, -0.0176279, -0.050936401, 0.018657085;
 0.018245442, 0.99976528, 0.011684278, 0.0095329015;
 0.050718475, -0.01259665, 0.99863356, 0.00098756282;
 0, 0, 0, 1]
Twc:
[0.9985463, 0.018245442, 0.050718475, -0.018853983;
 -0.0176279, 0.99976528, -0.01259665, -0.0091893384;
 -0.050936401, 0.011684278, 0.99863356, -0.00014727366;
 0, 0, 0, 1]
Ow:
[0.018657085;
 0.0095329015;
 0.00098756282]
Keyframe: 25 Frame: 147 Frame from vFrameID : 148
Tcw:
[0.99935013, -0.0034169857, -0.035884127, 0.015934533;
 0.0023199043, 0.99952996, -0.030570146, 0.0062225964;
 0.035971716, 0.030467032, 0.99888825, 0.0010180981;
 0, 0, 0, 1]
Twc:
[0.99935013, 0.0023199043, 0.035971716, -0.015975237;
 -0.0034169857, 0.99952996, 0.030467032, -0.0061962418;
 -0.035884127, -0.030570146, 0.99888825, -0.00025494373;
 0, 0, 0, 1]
Ow:
[0.015934533;
 0.0062225964;
 0.0010180981]
Keyframe: 26 Frame: 153 Frame from vFrameID : 154
Tcw:
[0.99981761, 0.001521055, -0.019036258, 0.013370756;
 -0.0017773249, 0.99990791, -0.013452532, 0.0034016778;
 0.019014042, 0.013483912, 0.99972826, -0.0020542541;
 0, 0, 0, 1]
Twc:
[0.99981761, -0.0017773249, 0.019014042, -0.013323212;
 0.001521055, 0.99990791, 0.013483912, -0.0033940028;
 -0.019036258, -0.013452532, 0.99972826, 0.0023539863;
 0, 0, 0, 1]
Ow:
[0.013370756;
 0.0034016778;
 -0.0020542541]
Keyframe: 27 Frame: 159 Frame from vFrameID : 160
Tcw:
[0.99989253, -0.0030002466, -0.014349842, 0.014140021;
 0.0027452779, 0.99983859, -0.017754856, 0.0052625649;
 0.014400794, 0.017713554, 0.99973941, -0.00090925739;
 0, 0, 0, 1]
Twc:
[0.99989253, 0.0027452779, 0.014400794, -0.014139855;
 -0.0030002466, 0.99983859, 0.017713554, -0.0052031861;
 -0.014349842, -0.017754856, 0.99973941, 0.0012053635;
 0, 0, 0, 1]
Ow:
[0.014140021;
 0.0052625649;
 -0.00090925739]
Keyframe: 28 Frame: 164 Frame from vFrameID : 165
Tcw:
[0.99992293, 0.0068309787, -0.010363874, 0.012741439;
 -0.0067483271, 0.99994534, 0.0079890881, 0.0038474018;
 0.01041788, -0.0079185339, 0.99991441, -0.00038244165;
 0, 0, 0, 1]
Twc:
[0.99992293, -0.0067483271, 0.01041788, -0.01271051;
 0.0068309787, 0.99994534, -0.0079185339, -0.0039372561;
 -0.010363874, 0.0079890881, 0.99991441, 0.00048372234;
 0, 0, 0, 1]
Ow:
[0.012741439;
 0.0038474018;
 -0.00038244165]
Keyframe: 29 Frame: 169 Frame from vFrameID : 170
Tcw:
[0.99989223, 0.0088110948, -0.011742556, 0.011349114;
 -0.0086566368, 0.9998762, 0.013140229, 0.0059851944;
 0.011856882, -0.013037162, 0.99984473, 0.00082097575;
 0, 0, 0, 1]
Twc:
[0.99989223, -0.0086566368, 0.011856882, -0.011305813;
 0.0088110948, 0.9998762, -0.013037162, -0.0060737482;
 -0.011742556, 0.013140229, 0.99984473, -0.00076622749;
 0, 0, 0, 1]
Ow:
[0.011349114;
 0.0059851944;
 0.00082097575]
Keyframe: 30 Frame: 174 Frame from vFrameID : 175
Tcw:
[0.99999726, 0.0011717826, -0.0020411958, 0.010354104;
 -0.0011565983, 0.99997175, 0.0074242782, 0.0073085302;
 0.0020498377, -0.0074218968, 0.99997038, 0.0026323043;
 0, 0, 0, 1]
Twc:
[0.99999726, -0.0011565983, 0.0020498377, -0.010351017;
 0.0011717826, 0.99997175, -0.0074218968, -0.0073009203;
 -0.0020411958, 0.0074242782, 0.99997038, -0.0026653521;
 0, 0, 0, 1]
Ow:
[0.010354104;
 0.0073085302;
 0.0026323043]
Keyframe: 31 Frame: 180 Frame from vFrameID : 181
Tcw:
[0.99976903, 0.003189248, 0.021252843, 0.009227288;
 -0.0033925956, 0.99994874, 0.0095388386, 0.007140399;
 -0.021221332, -0.0096087381, 0.99972862, 0.0035347273;
 0, 0, 0, 1]
Twc:
[0.99976903, -0.0033925956, -0.021221332, -0.0091259209;
 0.003189248, 0.99994874, -0.0096087381, -0.0071354965;
 0.021252843, 0.0095388386, 0.99972862, -0.0037979854;
 0, 0, 0, 1]
Ow:
[0.009227288;
 0.007140399;
 0.0035347273]
Keyframe: 32 Frame: 186 Frame from vFrameID : 187
Tcw:
[0.99864882, -0.0018768946, 0.051933039, 0.0093619432;
 0.0016189871, 0.99998617, 0.0050077788, 0.0072047301;
 -0.051941719, -0.0049169334, 0.99863803, 0.0053467611;
 0, 0, 0, 1]
Twc:
[0.99864882, 0.0016189871, -0.051941719, -0.0090832375;
 -0.0018768946, 0.99998617, -0.0049169334, -0.0071607693;
 0.051933039, 0.0050077788, 0.99863803, -0.0058617522;
 0, 0, 0, 1]
Ow:
[0.0093619432;
 0.0072047301;
 0.0053467611]
Keyframe: 33 Frame: 192 Frame from vFrameID : 193
Tcw:
[0.99781328, 0.012665109, 0.064871348, 0.010541019;
 -0.013262833, 0.9998734, 0.0087916292, 0.0078907693;
 -0.064751782, -0.0096327821, 0.99785489, 0.0079565123;
 0, 0, 0, 1]
Twc:
[0.99781328, -0.013262833, -0.064751782, -0.0098981149;
 0.012665109, 0.9998734, -0.0096327821, -0.00794663;
 0.064871348, 0.0087916292, 0.99785489, -0.0086926278;
 0, 0, 0, 1]
Ow:
[0.010541019;
 0.0078907693;
 0.0079565123]
Keyframe: 34 Frame: 199 Frame from vFrameID : 200
Tcw:
[0.99860615, 0.023464063, 0.047278106, 0.012568112;
 -0.024024973, 0.99964714, 0.011330874, 0.0080326879;
 -0.046995558, -0.012450935, 0.9988175, 0.010724463;
 0, 0, 0, 1]
Twc:
[0.99860615, -0.024024973, -0.046995558, -0.011853607;
 0.023464063, 0.99964714, -0.012450935, -0.0081912223;
 0.047278106, 0.011330874, 0.9988175, -0.011396995;
 0, 0, 0, 1]
Ow:
[0.012568112;
 0.0080326879;
 0.010724463]
Keyframe: 35 Frame: 206 Frame from vFrameID : 207
Tcw:
[0.99873513, 0.046629168, 0.018812768, 0.014151554;
 -0.04681297, 0.99885899, 0.0094508538, 0.0081180269;
 -0.018350618, -0.010319581, 0.99977833, 0.013296716;
 0, 0, 0, 1]
Twc:
[0.99873513, -0.04681297, -0.018350618, -0.013509621;
 0.046629168, 0.99885899, -0.010319581, -0.0086314231;
 0.018812768, 0.0094508538, 0.99977833, -0.013636721;
 0, 0, 0, 1]
Ow:
[0.014151554;
 0.0081180269;
 0.013296716]
Keyframe: 36 Frame: 213 Frame from vFrameID : 214
Tcw:
[0.99915397, 0.037774738, 0.016262371, 0.014975417;
 -0.03789106, 0.99925804, 0.0069049397, 0.0086840559;
 -0.015989471, -0.0075152959, 0.9998439, 0.0160469;
 0, 0, 0, 1]
Twc:
[0.99915397, -0.03789106, -0.015989471, -0.014377117;
 0.037774738, 0.99925804, -0.0075152959, -0.0091227079;
 0.016262371, 0.0069049397, 0.9998439, -0.016347894;
 0, 0, 0, 1]
Ow:
[0.014975417;
 0.0086840559;
 0.0160469]
Keyframe: 37 Frame: 220 Frame from vFrameID : 221
Tcw:
[0.99898601, 0.023424016, 0.038448472, 0.015693022;
 -0.023716144, 0.9996931, 0.0071594105, 0.0091325697;
 -0.038268968, -0.0080639999, 0.99923491, 0.019442337;
 0, 0, 0, 1]
Twc:
[0.99898601, -0.023716144, -0.038268968, -0.014716483;
 0.023424016, 0.9996931, -0.0080639999, -0.0093405768;
 0.038448472, 0.0071594105, 0.99923491, -0.02009622;
 0, 0, 0, 1]
Ow:
[0.015693022;
 0.0091325697;
 0.019442337]
Keyframe: 38 Frame: 227 Frame from vFrameID : 228
Tcw:
[0.99875492, 0.020239055, 0.045596391, 0.016574143;
 -0.020762632, 0.99972349, 0.011038603, 0.0096894335;
 -0.045360375, -0.01197156, 0.99889892, 0.022172485;
 0, 0, 0, 1]
Twc:
[0.99875492, -0.020762632, -0.045360375, -0.015346576;
 0.020239055, 0.99972349, -0.01197156, -0.0097567607;
 0.045596391, 0.011038603, 0.99889892, -0.023010751;
 0, 0, 0, 1]
Ow:
[0.016574143;
 0.0096894335;
 0.022172485]
Keyframe: 39 Frame: 234 Frame from vFrameID : 235
Tcw:
[0.99899185, 0.02368053, 0.038137466, 0.017779656;
 -0.024164528, 0.9996326, 0.012280246, 0.010374852;
 -0.037832651, -0.01318944, 0.99919707, 0.025151184;
 0, 0, 0, 1]
Twc:
[0.99899185, -0.024164528, -0.037832651, -0.016559495;
 0.02368053, 0.9996326, -0.01318944, -0.010460341;
 0.038137466, 0.012280246, 0.99919707, -0.025936464;
 0, 0, 0, 1]
Ow:
[0.017779656;
 0.010374852;
 0.025151184]
Keyframe: 40 Frame: 242 Frame from vFrameID : 243
Tcw:
[0.99828172, 0.046795957, 0.035266388, 0.020001395;
 -0.04654799, 0.99888545, -0.0078201983, 0.011077887;
 -0.035593033, 0.0061651813, 0.99934733, 0.029008523;
 0, 0, 0, 1]
Twc:
[0.99828172, -0.04654799, -0.035593033, -0.018418873;
 0.046795957, 0.99888545, 0.0061651813, -0.012180367;
 0.035266388, -0.0078201983, 0.99934733, -0.029608337;
 0, 0, 0, 1]
Ow:
[0.020001395;
 0.011077887;
 0.029008523]
Keyframe: 41 Frame: 250 Frame from vFrameID : 251
Tcw:
[0.99772966, 0.053694576, 0.040650036, 0.021813329;
 -0.052874353, 0.99838054, -0.020991629, 0.011403367;
 -0.041711342, 0.018794626, 0.99895293, 0.031765226;
 0, 0, 0, 1]
Twc:
[0.99772966, -0.052874353, -0.041711342, -0.019835891;
 0.053694576, 0.99838054, 0.018794626, -0.013153172;
 0.040650036, -0.020991629, 0.99895293, -0.032379303;
 0, 0, 0, 1]
Ow:
[0.021813329;
 0.011403367;
 0.031765226]
Keyframe: 42 Frame: 257 Frame from vFrameID : 258
Tcw:
[0.99756801, 0.034807801, 0.060386095, 0.022185419;
 -0.03214851, 0.99849355, -0.04446454, 0.01173658;
 -0.06184284, 0.042415079, 0.99718428, 0.034499925;
 0, 0, 0, 1]
Twc:
[0.99756801, -0.03214851, -0.06184284, -0.019620577;
 0.034807801, 0.99849355, 0.042415079, -0.013954443;
 0.060386095, -0.04446454, 0.99718428, -0.035220608;
 0, 0, 0, 1]
Ow:
[0.022185419;
 0.01173658;
 0.034499925]
Keyframe: 43 Frame: 265 Frame from vFrameID : 266
Tcw:
[0.99796277, 0.012864011, 0.062488638, 0.023497496;
 -0.011015201, 0.99949396, -0.029841285, 0.012086789;
 -0.062840894, 0.029092167, 0.99759942, 0.037315369;
 0, 0, 0, 1]
Twc:
[0.99796277, -0.011015201, -0.062840894, -0.020971555;
 0.012864011, 0.99949396, 0.029092167, -0.01346853;
 0.062488638, -0.029841285, 0.99759942, -0.038333435;
 0, 0, 0, 1]
Ow:
[0.023497496;
 0.012086789;
 0.037315369]
Keyframe: 44 Frame: 273 Frame from vFrameID : 274
Tcw:
[0.9987632, 0.027486341, 0.041430965, 0.024557158;
 -0.026167175, 0.9991436, -0.032053068, 0.012334651;
 -0.042276505, 0.030929293, 0.99862707, 0.040102061;
 0, 0, 0, 1]
Twc:
[0.9987632, -0.026167175, -0.042276505, -0.022508651;
 0.027486341, 0.9991436, 0.030929293, -0.014239402;
 0.041430965, -0.032053068, 0.99862707, -0.040669069;
 0, 0, 0, 1]
Ow:
[0.024557158;
 0.012334651;
 0.040102061]
Keyframe: 45 Frame: 280 Frame from vFrameID : 281
Tcw:
[0.99902374, 0.031458836, 0.031015161, 0.025384426;
 -0.031175306, 0.99946797, -0.0095833633, 0.012632279;
 -0.031300142, 0.0086071007, 0.99947298, 0.042025112;
 0, 0, 0, 1]
Twc:
[0.99902374, -0.031175306, -0.031300142, -0.023650436;
 0.031458836, 0.99946797, 0.0086071007, -0.013785837;
 0.031015161, -0.0095833633, 0.99947298, -0.042669203;
 0, 0, 0, 1]
Ow:
[0.025384426;
 0.012632279;
 0.042025112]
Keyframe: 46 Frame: 287 Frame from vFrameID : 288
Tcw:
[0.99948502, 0.019529421, 0.025462585, 0.026043626;
 -0.019230215, 0.99974376, -0.01194318, 0.013241369;
 -0.025689302, 0.011447378, 0.9996044, 0.044316102;
 0, 0, 0, 1]
Twc:
[0.99948502, -0.019230215, -0.025689302, -0.024637129;
 0.019529421, 0.99974376, 0.011447378, -0.014253896;
 0.025462585, -0.01194318, 0.9996044, -0.044803567;
 0, 0, 0, 1]
Ow:
[0.026043626;
 0.013241369;
 0.044316102]
Keyframe: 47 Frame: 295 Frame from vFrameID : 296
Tcw:
[0.99774879, 0.019143576, 0.064272009, 0.027019147;
 -0.016954921, 0.99926335, -0.034427449, 0.013362117;
 -0.064883731, 0.033260219, 0.99733841, 0.047481738;
 0, 0, 0, 1]
Twc:
[0.99774879, -0.016954921, -0.064883731, -0.023650974;
 0.019143576, 0.99926335, 0.033260219, -0.015448771;
 0.064272009, -0.034427449, 0.99733841, -0.04863191;
 0, 0, 0, 1]
Ow:
[0.027019147;
 0.013362117;
 0.047481738]
Keyframe: 48 Frame: 302 Frame from vFrameID : 303
Tcw:
[0.99660546, 0.015492884, 0.080854714, 0.027863454;
 -0.013632828, 0.99963075, -0.023506498, 0.013806622;
 -0.081189036, 0.022324426, 0.9964487, 0.049458154;
 0, 0, 0, 1]
Twc:
[0.99660546, -0.013632828, -0.081189036, -0.023565188;
 0.015492884, 0.99963075, 0.022324426, -0.015337334;
 0.080854714, -0.023506498, 0.9964487, -0.051210858;
 0, 0, 0, 1]
Ow:
[0.027863454;
 0.013806622;
 0.049458154]
Keyframe: 49 Frame: 310 Frame from vFrameID : 311
Tcw:
[0.9980132, 0.036477894, 0.051371496, 0.029056838;
 -0.034482807, 0.99863613, -0.03920161, 0.014065964;
 -0.052731425, 0.03735229, 0.9979099, 0.052241407;
 0, 0, 0, 1]
Twc:
[0.9980132, -0.034482807, -0.052731425, -0.02575931;
 0.036477894, 0.99863613, 0.03735229, -0.017058048;
 0.051371496, -0.03920161, 0.9979099, -0.053073503;
 0, 0, 0, 1]
Ow:
[0.029056838;
 0.014065964;
 0.052241407]
Keyframe: 50 Frame: 318 Frame from vFrameID : 319
Tcw:
[0.99847913, 0.028033758, 0.047471289, 0.030148292;
 -0.027119815, 0.99943632, -0.019788487, 0.014258945;
 -0.047999278, 0.018470978, 0.9986766, 0.054196727;
 0, 0, 0, 1]
Twc:
[0.99847913, -0.027119815, -0.047999278, -0.027114337;
 0.028033758, 0.99943632, 0.018470978, -0.016097143;
 0.047471289, -0.019788487, 0.9986766, -0.055274013;
 0, 0, 0, 1]
Ow:
[0.030148292;
 0.014258945;
 0.054196727]
Keyframe: 51 Frame: 326 Frame from vFrameID : 327
Tcw:
[0.99699706, 0.023564346, 0.073767178, 0.030601647;
 -0.022095699, 0.9995423, -0.02066249, 0.014029535;
 -0.074220315, 0.018970504, 0.99706143, 0.056898147;
 0, 0, 0, 1]
Twc:
[0.99699706, -0.022095699, -0.074220315, -0.02597676;
 0.023564346, 0.9995423, 0.018970504, -0.015823608;
 0.073767178, -0.02066249, 0.99706143, -0.058698457;
 0, 0, 0, 1]
Ow:
[0.030601647;
 0.014029535;
 0.056898147]
Keyframe: 52 Frame: 334 Frame from vFrameID : 335
Tcw:
[0.99629909, 0.016407037, 0.084374085, 0.031051975;
 -0.013780018, 0.99940485, -0.031624079, 0.013870938;
 -0.084842727, 0.030344363, 0.99593222, 0.057474203;
 0, 0, 0, 1]
Twc:
[0.99629909, -0.013780018, -0.084842727, -0.025869643;
 0.016407037, 0.99940485, 0.030344363, -0.01611617;
 0.084374085, -0.031624079, 0.99593222, -0.059421737;
 0, 0, 0, 1]
Ow:
[0.031051975;
 0.013870938;
 0.057474203]
Keyframe: 53 Frame: 343 Frame from vFrameID : 344
Tcw:
[0.99732846, 0.0047973939, 0.072889507, 0.031469259;
 -0.0016241896, 0.99905074, -0.043531496, 0.013771235;
 -0.073029153, 0.043296818, 0.99638957, 0.059185598;
 0, 0, 0, 1]
Twc:
[0.99732846, -0.0016241896, -0.073029153, -0.027040549;
 0.0047973939, 0.99905074, 0.043296818, -0.01647168;
 0.072889507, -0.043531496, 0.99638957, -0.060666207;
 0, 0, 0, 1]
Ow:
[0.031469259;
 0.013771235;
 0.059185598]
Keyframe: 54 Frame: 353 Frame from vFrameID : 354
Tcw:
[0.99894518, 0.0077810814, 0.045255244, 0.032119352;
 -0.0067830812, 0.9997313, -0.022164604, 0.013207985;
 -0.045415547, 0.021834254, 0.99872953, 0.060182638;
 0, 0, 0, 1]
Twc:
[0.99894518, -0.0067830812, -0.045415547, -0.029262654;
 0.0077810814, 0.9997313, 0.021834254, -0.014768403;
 0.045255244, -0.022164604, 0.99872953, -0.061266996;
 0, 0, 0, 1]
Ow:
[0.032119352;
 0.013207985;
 0.060182638]
