Keyframe: 0 Frame: 0 Frame from vFrameID : 1109
Tcw:
[0.99994892, 0.0066457209, -0.0076160422, 0.079009764;
 -0.010079232, 0.71229005, -0.70181286, 0.003812517;
 0.00076077873, 0.70185375, 0.71232069, -0.0060128332;
 0, 0, 0, 1]
Twc:
[0.99994892, -0.010079232, 0.00076077873, -0.078962728;
 0.0066457209, 0.71229005, 0.70185375, 0.0009794347;
 -0.0076160422, -0.70181286, 0.71232069, 0.0075604804;
 0, 0, 0, 1]
Ow:
[0.079009764;
 0.003812517;
 -0.0060128332]
Keyframe: 1 Frame: 1108 Frame from vFrameID : 1109
Tcw:
[0.99999475, -0.0032223666, 0.0003760198, 0.0029090629;
 0.0025487561, 0.70861822, -0.70558751, 0.002362425;
 0.0020072071, 0.7055847, 0.70862275, 0.00054575957;
 0, 0, 0, 1]
Twc:
[0.99999475, 0.0025487561, 0.0020072071, -0.0029161645;
 -0.0032223666, 0.70861822, 0.7055847, -0.002049763;
 0.0003760198, -0.70558751, 0.70862275, 0.001279066;
 0, 0, 0, 1]
Ow:
[0.0029090629;
 0.002362425;
 0.00054575957]
