Keyframe: 0 Frame: 0 Frame from vFrameID : 18
Tcw:
[0.93158913, 0.11032171, 0.34636799, 0.013643941;
 0.25409991, 0.48375326, -0.83750582, -0.057383947;
 -0.25995171, 0.86822343, 0.42262655, -0.0081988424;
 0, 0, 0, 1]
Twc:
[0.93158913, 0.25409991, -0.25995171, -0.00026059337;
 0.11032171, 0.48375326, 0.86822343, 0.033372875;
 0.34636799, -0.83750582, 0.42262655, -0.049320169;
 0, 0, 0, 1]
Ow:
[0.013643941;
 -0.057383947;
 -0.0081988424]
Keyframe: 1 Frame: 17 Frame from vFrameID : 18
Tcw:
[0.93499023, 0.12544318, 0.3317489, 0.010732303;
 0.23815687, 0.47106984, -0.8493377, -0.045891698;
 -0.26282054, 0.87313068, 0.41057053, -0.0084416457;
 0, 0, 0, 1]
Twc:
[0.93499023, 0.23815687, -0.26282054, -0.0013238137;
 0.12544318, 0.47106984, 0.87313068, 0.027642561;
 0.3317489, -0.8493377, 0.41057053, -0.039072085;
 0, 0, 0, 1]
Ow:
[0.010732303;
 -0.045891698;
 -0.0084416457]
Keyframe: 2 Frame: 20 Frame from vFrameID : 21
Tcw:
[0.93633896, 0.12227584, 0.329117, 0.010926941;
 0.2356555, 0.4759964, -0.84728622, -0.045928959;
 -0.26026115, 0.87090528, 0.41687903, -0.0085504055;
 0, 0, 0, 1]
Twc:
[0.93633896, 0.2356555, -0.26026115, -0.0016332474;
 0.12227584, 0.4759964, 0.87090528, 0.027972512;
 0.329117, -0.84728622, 0.41687903, -0.038946729;
 0, 0, 0, 1]
Ow:
[0.010926941;
 -0.045928959;
 -0.0085504055]
Keyframe: 3 Frame: 23 Frame from vFrameID : 24
Tcw:
[0.93310922, 0.11095891, 0.34204572, 0.010572242;
 0.25649223, 0.46129888, -0.8493616, -0.046244867;
 -0.25202954, 0.88027918, 0.40198216, -0.0081489049;
 0, 0, 0, 1]
Twc:
[0.93310922, 0.25649223, -0.25202954, -5.7372621e-05;
 0.11095891, 0.46129888, 0.88027918, 0.027332934;
 0.34204572, -0.8493616, 0.40198216, -0.039619088;
 0, 0, 0, 1]
Ow:
[0.010572242;
 -0.046244867;
 -0.0081489049]
Keyframe: 4 Frame: 24 Frame from vFrameID : 25
Tcw:
[0.93320012, 0.11107957, 0.34175846, 0.010768548;
 0.25617504, 0.46131822, -0.84944677, -0.045888547;
 -0.25201559, 0.88025385, 0.40204641, -0.0082972553;
 0, 0, 0, 1]
Twc:
[0.93320012, 0.25617504, -0.25201559, -0.0003847467;
 0.11107957, 0.46131822, 0.88025385, 0.027276749;
 0.34175846, -0.84944677, 0.40204641, -0.039324239;
 0, 0, 0, 1]
Ow:
[0.010768548;
 -0.045888547;
 -0.0082972553]
Keyframe: 5 Frame: 25 Frame from vFrameID : 26
Tcw:
[0.93257964, 0.10681724, 0.34479743, 0.010702937;
 0.26182586, 0.45737225, -0.84985757, -0.045889381;
 -0.24848022, 0.88283676, 0.39856854, -0.0080488119;
 0, 0, 0, 1]
Twc:
[0.93257964, 0.26182586, -0.24848022, 3.3714452e-05;
 0.10681724, 0.45737225, 0.88283676, 0.026951058;
 0.34479743, -0.84985757, 0.39856854, -0.039481778;
 0, 0, 0, 1]
Ow:
[0.010702937;
 -0.045889381;
 -0.0080488119]
Keyframe: 6 Frame: 27 Frame from vFrameID : 28
Tcw:
[0.93203712, 0.11680971, 0.34301946, 0.011173587;
 0.25362778, 0.46579671, -0.84776551, -0.046249781;
 -0.25880459, 0.87714815, 0.4045136, -0.0083590075;
 0, 0, 0, 1]
Twc:
[0.93203712, 0.25362778, -0.25880459, -0.00084731879;
 0.11680971, 0.46579671, 0.87714815, 0.027569901;
 0.34301946, -0.84776551, 0.4045136, -0.039660394;
 0, 0, 0, 1]
Ow:
[0.011173587;
 -0.046249781;
 -0.0083590075]
Keyframe: 7 Frame: 30 Frame from vFrameID : 31
Tcw:
[0.93586135, 0.1164182, 0.33258125, 0.01105617;
 0.2448485, 0.46390668, -0.85137522, -0.046352994;
 -0.25340223, 0.87820125, 0.40564752, -0.0079969298;
 0, 0, 0, 1]
Twc:
[0.93586135, 0.2448485, -0.25340223, -0.0010240207;
 0.1164182, 0.46390668, 0.87820125, 0.027239237;
 0.33258125, -0.85137522, 0.40564752, -0.039896931;
 0, 0, 0, 1]
Ow:
[0.01105617;
 -0.046352994;
 -0.0079969298]
Keyframe: 8 Frame: 32 Frame from vFrameID : 33
Tcw:
[0.93925756, 0.11417287, 0.3236661, 0.011510121;
 0.24070889, 0.45309457, -0.85834992, -0.046440128;
 -0.24465162, 0.88412094, 0.39809006, -0.0078809317;
 0, 0, 0, 1]
Twc:
[0.93925756, 0.24070889, -0.24465162, -0.0015604979;
 0.11417287, 0.45309457, 0.88412094, 0.026695322;
 0.3236661, -0.85834992, 0.39809006, -0.040449996;
 0, 0, 0, 1]
Ow:
[0.011510121;
 -0.046440128;
 -0.0078809317]
Keyframe: 9 Frame: 34 Frame from vFrameID : 35
Tcw:
[0.94014305, 0.11139044, 0.32206097, 0.010359135;
 0.23883608, 0.45875156, -0.85586464, -0.046230651;
 -0.24308112, 0.88155496, 0.40468803, -0.0082055014;
 0, 0, 0, 1]
Twc:
[0.94014305, 0.23883608, -0.24308112, -0.00069212448;
 0.11139044, 0.45875156, 0.88155496, 0.027288077;
 0.32206097, -0.85586464, 0.40468803, -0.039582785;
 0, 0, 0, 1]
Ow:
[0.010359135;
 -0.046230651;
 -0.0082055014]
Keyframe: 10 Frame: 36 Frame from vFrameID : 37
Tcw:
[0.94320178, 0.10641076, 0.31471765, 0.011397282;
 0.23049599, 0.47261772, -0.85059047, -0.045924354;
 -0.2392531, 0.87481958, 0.42124659, -0.0080789346;
 0, 0, 0, 1]
Twc:
[0.94320178, 0.23049599, -0.2392531, -0.0020974679;
 0.10641076, 0.47261772, 0.87481958, 0.027559478;
 0.31471765, -0.85059047, 0.42124659, -0.039246518;
 0, 0, 0, 1]
Ow:
[0.011397282;
 -0.045924354;
 -0.0080789346]
Keyframe: 11 Frame: 38 Frame from vFrameID : 39
Tcw:
[0.94564247, 0.10722857, 0.30702171, 0.011077618;
 0.22262168, 0.47475591, -0.85149658, -0.046819553;
 -0.23706512, 0.87356102, 0.42507794, -0.0073658358;
 0, 0, 0, 1]
Twc:
[0.94564247, 0.22262168, -0.23706512, -0.0017986021;
 0.10722857, 0.47475591, 0.87356102, 0.027474528;
 0.30702171, -0.85149658, 0.42507794, -0.040136702;
 0, 0, 0, 1]
Ow:
[0.011077618;
 -0.046819553;
 -0.0073658358]
Keyframe: 12 Frame: 41 Frame from vFrameID : 42
Tcw:
[0.94605917, 0.10600892, 0.30616033, 0.011334141;
 0.22481926, 0.46564361, -0.85593945, -0.047187928;
 -0.23329882, 0.87860012, 0.41669354, -0.007298585;
 0, 0, 0, 1]
Twc:
[0.94605917, 0.22481926, -0.23329882, -0.001816764;
 0.10600892, 0.46564361, 0.87860012, 0.027183773;
 0.30616033, -0.85593945, 0.41669354, -0.040818799;
 0, 0, 0, 1]
Ow:
[0.011334141;
 -0.047187928;
 -0.007298585]
Keyframe: 13 Frame: 43 Frame from vFrameID : 44
Tcw:
[0.94394404, 0.10154784, 0.3140983, 0.011269863;
 0.23413514, 0.46479264, -0.85390192, -0.046712942;
 -0.23270248, 0.8795771, 0.41496232, -0.0073291641;
 0, 0, 0, 1]
Twc:
[0.94394404, 0.23413514, -0.23270248, -0.0014064923;
 0.10154784, 0.46479264, 0.8795771, 0.027013967;
 0.3140983, -0.85390192, 0.41496232, -0.040386792;
 0, 0, 0, 1]
Ow:
[0.011269863;
 -0.046712942;
 -0.0073291641]
Keyframe: 14 Frame: 46 Frame from vFrameID : 47
Tcw:
[0.94510418, 0.097330831, 0.31193724, 0.011347543;
 0.23348975, 0.46669203, -0.85304224, -0.047130335;
 -0.22860594, 0.87904793, 0.41834682, -0.0071093291;
 0, 0, 0, 1]
Twc:
[0.94510418, 0.23348975, -0.22860594, -0.0013453955;
 0.097330831, 0.46669203, 0.87904793, 0.027140327;
 0.31193724, -0.85304224, 0.41834682, -0.040769722;
 0, 0, 0, 1]
Ow:
[0.011347543;
 -0.047130335;
 -0.0071093291]
Keyframe: 15 Frame: 49 Frame from vFrameID : 50
Tcw:
[0.94899905, 0.090132564, 0.3021208, 0.012085623;
 0.22725621, 0.46864802, -0.85365313, -0.047452211;
 -0.21853025, 0.87877482, 0.42426333, -0.0071126483;
 0, 0, 0, 1]
Twc:
[0.94899905, 0.22725621, -0.21853025, -0.0022397626;
 0.090132564, 0.46864802, 0.87877482, 0.027399493;
 0.3021208, -0.85365313, 0.42426333, -0.041141413;
 0, 0, 0, 1]
Ow:
[0.012085623;
 -0.047452211;
 -0.0071126483]
Keyframe: 16 Frame: 52 Frame from vFrameID : 53
Tcw:
[0.95654362, 0.072036192, 0.28255102, 0.012582513;
 0.21571119, 0.47717792, -0.85192132, -0.048260611;
 -0.19619629, 0.87584931, 0.44090247, -0.0068484992;
 0, 0, 0, 1]
Twc:
[0.95654362, 0.21571119, -0.19619629, -0.0029690186;
 0.072036192, 0.47717792, 0.87584931, 0.028120754;
 0.28255102, -0.85192132, 0.44090247, -0.041649923;
 0, 0, 0, 1]
Ow:
[0.012582513;
 -0.048260611;
 -0.0068484992]
Keyframe: 17 Frame: 55 Frame from vFrameID : 56
Tcw:
[0.96086138, 0.061257318, 0.27017206, 0.012823877;
 0.2099064, 0.4754568, -0.85433024, -0.051639378;
 -0.18078913, 0.87760377, 0.44398978, -0.005493246;
 0, 0, 0, 1]
Twc:
[0.96086138, 0.2099064, -0.18078913, -0.0024756521;
 0.061257318, 0.4754568, 0.87760377, 0.02858763;
 0.27017206, -0.85433024, 0.44398978, -0.045142788;
 0, 0, 0, 1]
Ow:
[0.012823877;
 -0.051639378;
 -0.005493246]
Keyframe: 18 Frame: 62 Frame from vFrameID : 63
Tcw:
[0.95852047, 0.076958202, 0.27443752, 0.012921947;
 0.20714495, 0.47328401, -0.85620862, -0.049354143;
 -0.19577916, 0.87754184, 0.43771088, -0.0061876085;
 0, 0, 0, 1]
Twc:
[0.95852047, 0.20714495, -0.19577916, -0.0033738932;
 0.076958202, 0.47328401, 0.87754184, 0.027793961;
 0.27443752, -0.85620862, 0.43771088, -0.043095328;
 0, 0, 0, 1]
Ow:
[0.012921947;
 -0.049354143;
 -0.0061876085]
Keyframe: 19 Frame: 65 Frame from vFrameID : 66
Tcw:
[0.95442462, 0.099677458, 0.28131494, 0.012335383;
 0.20207347, 0.4778372, -0.85489058, -0.04985261;
 -0.21963607, 0.8727749, 0.43591741, -0.0065249112;
 0, 0, 0, 1]
Twc:
[0.95442462, 0.20207347, -0.21963607, -0.0031324094;
 0.099677458, 0.4778372, 0.8727749, 0.028286651;
 0.28131494, -0.85489058, 0.43591741, -0.043244332;
 0, 0, 0, 1]
Ow:
[0.012335383;
 -0.04985261;
 -0.0065249112]
Keyframe: 20 Frame: 69 Frame from vFrameID : 70
Tcw:
[0.94748807, 0.12445734, 0.29457897, 0.011695025;
 0.19885957, 0.49209812, -0.84752244, -0.048039097;
 -0.25044215, 0.86159724, 0.44150755, -0.0074718632;
 0, 0, 0, 1]
Twc:
[0.94748807, 0.19885957, -0.25044215, -0.0033991314;
 0.12445734, 0.49209812, 0.86159724, 0.028622156;
 0.29457897, -0.84752244, 0.44150755, -0.040860441;
 0, 0, 0, 1]
Ow:
[0.011695025;
 -0.048039097;
 -0.0074718632]
Keyframe: 21 Frame: 73 Frame from vFrameID : 74
Tcw:
[0.94338524, 0.13028683, 0.30504045, 0.012267442;
 0.20284809, 0.50101566, -0.84132987, -0.046822447;
 -0.26244426, 0.85557503, 0.44622236, -0.0078322776;
 0, 0, 0, 1]
Twc:
[0.94338524, 0.20284809, -0.26244426, -0.0041306163;
 0.13028683, 0.50101566, 0.85557503, 0.028561598;
 0.30504045, -0.84132987, 0.44622236, -0.039640252;
 0, 0, 0, 1]
Ow:
[0.012267442;
 -0.046822447;
 -0.0078322776]
Keyframe: 22 Frame: 77 Frame from vFrameID : 78
Tcw:
[0.93647927, 0.13751428, 0.32263973, 0.011268074;
 0.21284299, 0.50832832, -0.83444601, -0.046096306;
 -0.27875516, 0.85011303, 0.44676998, -0.0081089847;
 0, 0, 0, 1]
Twc:
[0.93647927, 0.21284299, -0.27875516, -0.0030014629;
 0.13751428, 0.50832832, 0.85011303, 0.028776089;
 0.32263973, -0.83444601, 0.44676998, -0.038477559;
 0, 0, 0, 1]
Ow:
[0.011268074;
 -0.046096306;
 -0.0081089847]
Keyframe: 23 Frame: 82 Frame from vFrameID : 83
Tcw:
[0.93486077, 0.13255815, 0.32933825, 0.011761622;
 0.22254473, 0.5039652, -0.83456153, -0.046476744;
 -0.27660295, 0.85349131, 0.44163716, -0.007798668;
 0, 0, 0, 1]
Twc:
[0.93486077, 0.22254473, -0.27660295, -0.0028094591;
 0.13255815, 0.5039652, 0.85349131, 0.028519655;
 0.32933825, -0.83456153, 0.44163716, -0.03921707;
 0, 0, 0, 1]
Ow:
[0.011761622;
 -0.046476744;
 -0.007798668]
Keyframe: 24 Frame: 87 Frame from vFrameID : 88
Tcw:
[0.94109136, 0.1093256, 0.3199921, 0.012552665;
 0.22558194, 0.50198823, -0.83493745, -0.046643361;
 -0.2519123, 0.85793692, 0.44775495, -0.0078861006;
 0, 0, 0, 1]
Twc:
[0.94109136, 0.22558194, -0.2519123, -0.0032779102;
 0.1093256, 0.50198823, 0.85793692, 0.028807869;
 0.3199921, -0.83493745, 0.44775495, -0.039430004;
 0, 0, 0, 1]
Ow:
[0.012552665;
 -0.046643361;
 -0.0078861006]
Keyframe: 25 Frame: 92 Frame from vFrameID : 93
Tcw:
[0.94793975, 0.083120793, 0.30741036, 0.011869968;
 0.22758284, 0.4983986, -0.83654344, -0.04761418;
 -0.22274704, 0.86295408, 0.45353499, -0.0068218317;
 0, 0, 0, 1]
Twc:
[0.94793975, 0.22758284, -0.22274704, -0.0019353871;
 0.083120793, 0.4983986, 0.86295408, 0.028631127;
 0.30741036, -0.83654344, 0.45353499, -0.040386338;
 0, 0, 0, 1]
Ow:
[0.011869968;
 -0.04761418;
 -0.0068218317]
Keyframe: 26 Frame: 96 Frame from vFrameID : 97
Tcw:
[0.95574653, 0.06800209, 0.28622416, 0.012054464;
 0.21820265, 0.4887068, -0.84472084, -0.047739618;
 -0.19732247, 0.86979389, 0.4522416, -0.0067257918;
 0, 0, 0, 1]
Twc:
[0.95574653, 0.21820265, -0.19732247, -0.0024312518;
 0.06800209, 0.4887068, 0.86979389, 0.028360996;
 0.28622416, -0.84472084, 0.4522416, -0.040735245;
 0, 0, 0, 1]
Ow:
[0.012054464;
 -0.047739618;
 -0.0067257918]
Keyframe: 27 Frame: 101 Frame from vFrameID : 102
Tcw:
[0.95988572, 0.067923926, 0.27203995, 0.012170997;
 0.20739271, 0.48095101, -0.85186523, -0.04777379;
 -0.18869992, 0.87411237, 0.4475711, -0.0065499377;
 0, 0, 0, 1]
Twc:
[0.95988572, 0.20739271, -0.18869992, -0.0030108034;
 0.067923926, 0.48095101, 0.87411237, 0.027875533;
 0.27203995, -0.85186523, 0.4475711, -0.041076265;
 0, 0, 0, 1]
Ow:
[0.012170997;
 -0.04777379;
 -0.0065499377]
Keyframe: 28 Frame: 105 Frame from vFrameID : 106
Tcw:
[0.95540231, 0.078816622, 0.28459498, 0.011867421;
 0.21375494, 0.48036554, -0.850622, -0.048146561;
 -0.20375277, 0.87351984, 0.44209492, -0.0064124092;
 0, 0, 0, 1]
Twc:
[0.95540231, 0.21375494, -0.20375277, -0.0023531427;
 0.078816622, 0.48036554, 0.87351984, 0.027793966;
 0.28459498, -0.850622, 0.44209492, -0.041497041;
 0, 0, 0, 1]
Ow:
[0.011867421;
 -0.048146561;
 -0.0064124092]
Keyframe: 29 Frame: 110 Frame from vFrameID : 111
Tcw:
[0.94571543, 0.097650565, 0.30997854, 0.011697445;
 0.22640806, 0.48630488, -0.84394723, -0.04979936;
 -0.23315601, 0.86831558, 0.43779716, -0.0059992559;
 0, 0, 0, 1]
Twc:
[0.94571543, 0.22640806, -0.23315601, -0.0011862395;
 0.097650565, 0.48630488, 0.86831558, 0.02828466;
 0.30997854, -0.84394723, 0.43779716, -0.043027535;
 0, 0, 0, 1]
Ow:
[0.011697445;
 -0.04979936;
 -0.0059992559]
Keyframe: 30 Frame: 114 Frame from vFrameID : 115
Tcw:
[0.93701625, 0.1143584, 0.33003446, 0.01381216;
 0.23351696, 0.49757141, -0.83539963, -0.051565599;
 -0.25975066, 0.85985166, 0.43952787, -0.0037261583;
 0, 0, 0, 1]
Twc:
[0.93701625, 0.23351696, -0.25975066, -0.001868648;
 0.1143584, 0.49757141, 0.85985166, 0.027281972;
 0.33003446, -0.83539963, 0.43952787, -0.045998618;
 0, 0, 0, 1]
Ow:
[0.01381216;
 -0.051565599;
 -0.0037261583]
Keyframe: 31 Frame: 125 Frame from vFrameID : 126
Tcw:
[0.9407841, 0.1550446, 0.30147386, 0.029809017;
 0.1989771, 0.46745002, -0.86133534, -0.068760999;
 -0.27446938, 0.87031698, 0.40891922, 0.0089299902;
 0, 0, 0, 1]
Twc:
[0.9407841, 0.1989771, -0.27446938, -0.011910976;
 0.1550446, 0.46745002, 0.87031698, 0.019748684;
 0.30147386, -0.86133534, 0.40891922, -0.071864568;
 0, 0, 0, 1]
Ow:
[0.029809017;
 -0.068760999;
 0.0089299902]
Keyframe: 32 Frame: 136 Frame from vFrameID : 137
Tcw:
[0.9531725, 0.15828599, 0.25769684, 0.060391549;
 0.16568771, 0.43952313, -0.88281763, -0.07647486;
 -0.25300139, 0.88417476, 0.39271533, 0.036278062;
 0, 0, 0, 1]
Twc:
[0.9531725, 0.16568771, -0.25300139, -0.035714224;
 0.15828599, 0.43952313, 0.88417476, -0.0080228113;
 0.25769684, -0.88281763, 0.39271533, -0.097323023;
 0, 0, 0, 1]
Ow:
[0.060391549;
 -0.07647486;
 0.036278062]
Keyframe: 33 Frame: 147 Frame from vFrameID : 148
Tcw:
[0.93484026, 0.17424573, 0.30937377, 0.06709215;
 0.2032501, 0.45182779, -0.86864322, -0.094594568;
 -0.29114103, 0.87492287, 0.38697135, 0.066451967;
 0, 0, 0, 1]
Twc:
[0.93484026, 0.2032501, -0.29114103, -0.024147192;
 0.17424573, 0.45182779, 0.87492287, -0.027090412;
 0.30937377, -0.86864322, 0.38697135, -0.12864049;
 0, 0, 0, 1]
Ow:
[0.06709215;
 -0.094594568;
 0.066451967]
Keyframe: 34 Frame: 158 Frame from vFrameID : 159
Tcw:
[0.91982239, 0.18231837, 0.34739995, 0.083720863;
 0.22778159, 0.47278693, -0.8512274, -0.10310077;
 -0.31944054, 0.86210936, 0.39335126, 0.083154067;
 0, 0, 0, 1]
Twc:
[0.91982239, 0.22778159, -0.31944054, -0.026961094;
 0.18231837, 0.47278693, 0.86210936, -0.03820705;
 0.34739995, -0.8512274, 0.39335126, -0.14955558;
 0, 0, 0, 1]
Ow:
[0.083720863;
 -0.10310077;
 0.083154067]
Keyframe: 35 Frame: 170 Frame from vFrameID : 171
Tcw:
[0.95568109, 0.14492431, 0.25626266, 0.095707282;
 0.17108575, 0.43499172, -0.88403159, -0.099005319;
 -0.23958981, 0.88869518, 0.39091888, 0.1350171;
 0, 0, 0, 1]
Twc:
[0.95568109, 0.17108575, -0.23958981, -0.042178519;
 0.14492431, 0.43499172, 0.88869518, -0.090792865;
 0.25626266, -0.88403159, 0.39091888, -0.16483077;
 0, 0, 0, 1]
Ow:
[0.095707282;
 -0.099005319;
 0.1350171]
Keyframe: 36 Frame: 180 Frame from vFrameID : 181
Tcw:
[0.93795902, 0.16653508, 0.30413643, 0.10661457;
 0.20711106, 0.43439049, -0.87658995, -0.12014654;
 -0.27809694, 0.88519543, 0.37294921, 0.17217168;
 0, 0, 0, 1]
Twc:
[0.93795902, 0.20711106, -0.27809694, -0.027236002;
 0.16653508, 0.43439049, 0.88519543, -0.11797014;
 0.30413643, -0.87658995, 0.37294921, -0.2019559;
 0, 0, 0, 1]
Ow:
[0.10661457;
 -0.12014654;
 0.17217168]
Keyframe: 37 Frame: 190 Frame from vFrameID : 191
Tcw:
[0.90076286, 0.203539, 0.38366413, 0.12063394;
 0.25181711, 0.47498056, -0.84319729, -0.16991669;
 -0.35385653, 0.85613394, 0.37659025, 0.2092182;
 0, 0, 0, 1]
Twc:
[0.90076286, 0.25181711, -0.35385653, 0.008158572;
 0.203539, 0.47498056, 0.85613394, -0.12296539;
 0.38366413, -0.84319729, 0.37659025, -0.26834574;
 0, 0, 0, 1]
Ow:
[0.12063394;
 -0.16991669;
 0.2092182]
Keyframe: 38 Frame: 200 Frame from vFrameID : 201
Tcw:
[0.93908125, 0.17204152, 0.29753682, 0.1433093;
 0.20823601, 0.40391308, -0.8907817, -0.14267534;
 -0.27343044, 0.89847422, 0.34348196, 0.29746062;
 0, 0, 0, 1]
Twc:
[0.93908125, 0.20823601, -0.27343044, -0.02353414;
 0.17204152, 0.40391308, 0.89847422, -0.23428741;
 0.29753682, -0.8907817, 0.34348196, -0.27190471;
 0, 0, 0, 1]
Ow:
[0.1433093;
 -0.14267534;
 0.29746062]
Keyframe: 39 Frame: 211 Frame from vFrameID : 212
Tcw:
[0.94429839, 0.12181158, 0.30571637, 0.17749718;
 0.23016587, 0.41950563, -0.87808812, -0.14506431;
 -0.23521104, 0.89954263, 0.36810163, 0.35609397;
 0, 0, 0, 1]
Twc:
[0.94429839, 0.23016587, -0.23521104, -0.050464217;
 0.12181158, 0.41950563, 0.89954263, -0.28108764;
 0.30571637, -0.87808812, 0.36810163, -0.31272179;
 0, 0, 0, 1]
Ow:
[0.17749718;
 -0.14506431;
 0.35609397]
Keyframe: 40 Frame: 221 Frame from vFrameID : 222
Tcw:
[0.89512974, 0.14657241, 0.42102167, 0.10132793;
 0.32340249, 0.43653098, -0.83955437, -0.24058725;
 -0.3068445, 0.88766956, 0.34334999, 0.50692999;
 0, 0, 0, 1]
Twc:
[0.89512974, 0.32340249, -0.3068445, 0.14265355;
 0.14657241, 0.43653098, 0.88766956, -0.35981441;
 0.42102167, -0.83955437, 0.34334999, -0.41870174;
 0, 0, 0, 1]
Ow:
[0.10132793;
 -0.24058725;
 0.50692999]
Keyframe: 41 Frame: 232 Frame from vFrameID : 233
Tcw:
[0.90347546, 0.14533478, 0.40324911, 0.032256186;
 0.32144371, 0.39262334, -0.86169648, -0.28622767;
 -0.2835595, 0.90814358, 0.30800861, 0.63308537;
 0, 0, 0, 1]
Twc:
[0.90347546, 0.32144371, -0.2835595, 0.24238078;
 0.14533478, 0.39262334, 0.90814358, -0.46724066;
 0.40324911, -0.86169648, 0.30800861, -0.45464441;
 0, 0, 0, 1]
Ow:
[0.032256186;
 -0.28622767;
 0.63308537]
Keyframe: 42 Frame: 242 Frame from vFrameID : 243
Tcw:
[0.9195866, 0.11825919, 0.37466684, 0.094369203;
 0.30369633, 0.39104214, -0.86882365, -0.29672074;
 -0.24925691, 0.91274357, 0.32368225, 0.64669883;
 0, 0, 0, 1]
Twc:
[0.9195866, 0.30369633, -0.24925691, 0.16452649;
 0.11825919, 0.39104214, 0.91274357, -0.48539987;
 0.37466684, -0.86882365, 0.32368225, -0.50247991;
 0, 0, 0, 1]
Ow:
[0.094369203;
 -0.29672074;
 0.64669883]
Keyframe: 43 Frame: 252 Frame from vFrameID : 253
Tcw:
[0.91887754, 0.11052272, 0.37874633, 0.10473621;
 0.31975427, 0.35375249, -0.878986, -0.28070259;
 -0.23113039, 0.92878622, 0.28971511, 0.70998693;
 0, 0, 0, 1]
Twc:
[0.91887754, 0.31975427, -0.23113039, 0.15761565;
 0.11052272, 0.35375249, 0.92878622, -0.57170254;
 0.37874633, -0.878986, 0.28971511, -0.49209604;
 0, 0, 0, 1]
Ow:
[0.10473621;
 -0.28070259;
 0.70998693]
Keyframe: 44 Frame: 263 Frame from vFrameID : 264
Tcw:
[0.90615809, 0.13045555, 0.40231681, -0.089962482;
 0.32899249, 0.38036248, -0.86434269, -0.15962102;
 -0.26578453, 0.91559041, 0.30174965, 0.80629843;
 0, 0, 0, 1]
Twc:
[0.90615809, 0.32899249, -0.26578453, 0.34833601;
 0.13045555, 0.38036248, 0.91559041, -0.66578913;
 0.40231681, -0.86434269, 0.30174965, -0.34507412;
 0, 0, 0, 1]
Ow:
[-0.089962482;
 -0.15962102;
 0.80629843]
Keyframe: 45 Frame: 271 Frame from vFrameID : 272
Tcw:
[0.91606307, 0.13620821, 0.37719464, 0.0078369379;
 0.29898623, 0.3948831, -0.86872005, -0.25793207;
 -0.26727459, 0.9085784, 0.32101345, 0.80879259;
 0, 0, 0, 1]
Twc:
[0.91606307, 0.29898623, -0.26727459, 0.28610873;
 0.13620821, 0.3948831, 0.9085784, -0.63406587;
 0.37719464, -0.86872005, 0.32101345, -0.48666009;
 0, 0, 0, 1]
Ow:
[0.0078369379;
 -0.25793207;
 0.80879259]
Keyframe: 46 Frame: 280 Frame from vFrameID : 281
Tcw:
[0.91233933, 0.15293285, 0.37980056, -0.019115284;
 0.28891557, 0.41681215, -0.8618558, -0.25270391;
 -0.29011154, 0.89603525, 0.33608943, 0.88266021;
 0, 0, 0, 1]
Twc:
[0.91233933, 0.28891557, -0.29011154, 0.34651965;
 0.15293285, 0.41681215, 0.89603525, -0.68264127;
 0.37980056, -0.8618558, 0.33608943, -0.50718713;
 0, 0, 0, 1]
Ow:
[-0.019115284;
 -0.25270391;
 0.88266021]
Keyframe: 47 Frame: 288 Frame from vFrameID : 289
Tcw:
[0.89165622, 0.18069471, 0.41508865, 0.028862253;
 0.29839879, 0.45494372, -0.83903778, -0.28233284;
 -0.34045166, 0.87199521, 0.35173431, 0.86585611;
 0, 0, 0, 1]
Twc:
[0.89165622, 0.29839879, -0.34045166, 0.35329473;
 0.18069471, 0.45494372, 0.87199521, -0.63179207;
 0.41508865, -0.83903778, 0.35173431, -0.55341959;
 0, 0, 0, 1]
Ow:
[0.028862253;
 -0.28233284;
 0.86585611]
Keyframe: 48 Frame: 295 Frame from vFrameID : 296
Tcw:
[0.90319282, 0.1799131, 0.38971013, 0.046840757;
 0.26409742, 0.48279774, -0.8349604, -0.32032275;
 -0.33837149, 0.85705167, 0.38854489, 0.89619851;
 0, 0, 0, 1]
Twc:
[0.90319282, 0.26409742, -0.33837149, 0.3455382;
 0.1799131, 0.48279774, 0.85705167, -0.62186462;
 0.38971013, -0.8349604, 0.38854489, -0.63392448;
 0, 0, 0, 1]
Ow:
[0.046840757;
 -0.32032275;
 0.89619851]
Keyframe: 49 Frame: 301 Frame from vFrameID : 302
Tcw:
[0.92174393, 0.15045252, 0.35742435, 0.057521403;
 0.25028726, 0.47321287, -0.84464538, -0.34645557;
 -0.29621685, 0.86800551, 0.39852473, 0.94583011;
 0, 0, 0, 1]
Twc:
[0.92174393, 0.25028726, -0.29621685, 0.31386423;
 0.15045252, 0.47321287, 0.86800551, -0.66569281;
 0.35742435, -0.84464538, 0.39852473, -0.69012839;
 0, 0, 0, 1]
Ow:
[0.057521403;
 -0.34645557;
 0.94583011]
Keyframe: 50 Frame: 307 Frame from vFrameID : 308
Tcw:
[0.92629081, 0.1137271, 0.3592374, 0.029905289;
 0.27054033, 0.46288288, -0.84412521, -0.33828631;
 -0.26228476, 0.87909365, 0.39799637, 1.0095406;
 0, 0, 0, 1]
Twc:
[0.92629081, 0.27054033, -0.26228476, 0.32860619;
 0.1137271, 0.46288288, 0.87909365, -0.73429477;
 0.3592374, -0.84412521, 0.39799637, -0.69809258;
 0, 0, 0, 1]
Ow:
[0.029905289;
 -0.33828631;
 1.0095406]
Keyframe: 51 Frame: 314 Frame from vFrameID : 315
Tcw:
[0.91788536, 0.14590429, 0.36905068, 0.046099588;
 0.26554024, 0.46528769, -0.84439075, -0.35908404;
 -0.29491496, 0.8730517, 0.38833728, 1.0277045;
 0, 0, 0, 1]
Twc:
[0.91788536, 0.26554024, -0.29491496, 0.35612258;
 0.14590429, 0.46528769, 0.8730517, -0.73688793;
 0.36905068, -0.84439075, 0.38833728, -0.7193163;
 0, 0, 0, 1]
Ow:
[0.046099588;
 -0.35908404;
 1.0277045]
Keyframe: 52 Frame: 322 Frame from vFrameID : 323
Tcw:
[0.90597188, 0.16656145, 0.38919437, -0.058993936;
 0.27002349, 0.48068812, -0.83428186, -0.2483741;
 -0.3260403, 0.86092752, 0.3905144, 1.096504;
 0, 0, 0, 1]
Twc:
[0.90597188, 0.27002349, -0.3260403, 0.47801819;
 0.16656145, 0.48068812, 0.86092752, -0.81479383;
 0.38919437, -0.83428186, 0.3905144, -0.61245453;
 0, 0, 0, 1]
Ow:
[-0.058993936;
 -0.2483741;
 1.096504]
Keyframe: 53 Frame: 330 Frame from vFrameID : 331
Tcw:
[0.91450644, 0.14956909, 0.37590837, -0.16076155;
 0.26204988, 0.48891029, -0.83204365, -0.28005105;
 -0.30823347, 0.85941595, 0.40791705, 1.1736534;
 0, 0, 0, 1]
Twc:
[0.91450644, 0.26204988, -0.30823347, 0.58216411;
 0.14956909, 0.48891029, 0.85941595, -0.84769171;
 0.37590837, -0.83204365, 0.40791705, -0.65133625;
 0, 0, 0, 1]
Ow:
[-0.16076155;
 -0.28005105;
 1.1736534]
Keyframe: 54 Frame: 337 Frame from vFrameID : 338
Tcw:
[0.9295463, 0.11889855, 0.34900832, -0.067995965;
 0.26546943, 0.44107065, -0.85731131, -0.27885914;
 -0.2558704, 0.88956159, 0.37843165, 1.2273133;
 0, 0, 0, 1]
Twc:
[0.9295463, 0.26546943, -0.2558704, 0.45126709;
 0.11889855, 0.44107065, 0.88956159, -0.96068954;
 0.34900832, -0.85731131, 0.37843165, -0.67979211;
 0, 0, 0, 1]
Ow:
[-0.067995965;
 -0.27885914;
 1.2273133]
Keyframe: 55 Frame: 343 Frame from vFrameID : 344
Tcw:
[0.91265976, 0.13329521, 0.38637355, -0.054916382;
 0.28995442, 0.45509672, -0.84191054, -0.32681227;
 -0.28805998, 0.88040864, 0.37669894, 1.2237897;
 0, 0, 0, 1]
Twc:
[0.91265976, 0.28995442, -0.28805998, 0.4974055;
 0.13329521, 0.45509672, 0.88040864, -0.9213838;
 0.38637355, -0.84191054, 0.37669894, -0.71492875;
 0, 0, 0, 1]
Ow:
[-0.054916382;
 -0.32681227;
 1.2237897]
Keyframe: 56 Frame: 349 Frame from vFrameID : 350
Tcw:
[0.91617644, 0.14025812, 0.37543091, -0.023435503;
 0.27620441, 0.45780107, -0.84506172, -0.3253063;
 -0.29039943, 0.87792128, 0.38068667, 1.2530376;
 0, 0, 0, 1]
Twc:
[0.91617644, 0.27620441, -0.29039943, 0.47520354;
 0.14025812, 0.45780107, 0.87792128, -0.94785589;
 0.37543091, -0.84506172, 0.38068667, -0.74312019;
 0, 0, 0, 1]
Ow:
[-0.023435503;
 -0.3253063;
 1.2530376]
Keyframe: 57 Frame: 357 Frame from vFrameID : 358
Tcw:
[0.94299787, 0.10392038, 0.31615752, 0.026068866;
 0.24229722, 0.4368498, -0.86628765, -0.3209396;
 -0.22813828, 0.89351153, 0.38676882, 1.2867506;
 0, 0, 0, 1]
Twc:
[0.94299787, 0.24229722, -0.22813828, 0.34673697;
 0.10392038, 0.4368498, 0.89351153, -1.012233;
 0.31615752, -0.86628765, 0.38676882, -0.78394288;
 0, 0, 0, 1]
Ow:
[0.026068866;
 -0.3209396;
 1.2867506]
Keyframe: 58 Frame: 363 Frame from vFrameID : 364
Tcw:
[0.92787915, 0.099947847, 0.35923636, -0.037223816;
 0.28596681, 0.42753026, -0.85757846, -0.30919302;
 -0.23929754, 0.89845884, 0.36811465, 1.3624079;
 0, 0, 0, 1]
Twc:
[0.92787915, 0.28596681, -0.23929754, 0.44897902;
 0.099947847, 0.42753026, 0.89845884, -1.0881577;
 0.35923636, -0.85757846, 0.36811465, -0.75330746;
 0, 0, 0, 1]
Ow:
[-0.037223816;
 -0.30919302;
 1.3624079]
Keyframe: 59 Frame: 370 Frame from vFrameID : 371
Tcw:
[0.94208193, 0.10228737, 0.31940398, -0.061852694;
 0.2465442, 0.43443048, -0.86630601, -0.16935259;
 -0.22737098, 0.89487845, 0.38405076, 1.344947;
 0, 0, 0, 1]
Twc:
[0.94208193, 0.2465442, -0.22737098, 0.40582517;
 0.10228737, 0.43443048, 0.89487845, -1.1236655;
 0.31940398, -0.86630601, 0.38405076, -0.6434831;
 0, 0, 0, 1]
Ow:
[-0.061852694;
 -0.16935259;
 1.344947]
Keyframe: 60 Frame: 376 Frame from vFrameID : 377
Tcw:
[0.92364019, 0.14575648, 0.35446268, -0.089147508;
 0.2628288, 0.43224218, -0.86260515, -0.22012377;
 -0.27894402, 0.88989985, 0.36092728, 1.464498;
 0, 0, 0, 1]
Twc:
[0.92364019, 0.2628288, -0.27894402, 0.54870808;
 0.14575648, 0.43224218, 0.88989985, -1.1951159;
 0.35446268, -0.86260515, 0.36092728, -0.6868577;
 0, 0, 0, 1]
Ow:
[-0.089147508;
 -0.22012377;
 1.464498]
Keyframe: 61 Frame: 383 Frame from vFrameID : 384
Tcw:
[0.93494189, 0.11684012, 0.3350105, -0.083820552;
 0.25731504, 0.42680314, -0.86696488, -0.24179703;
 -0.24427982, 0.89676499, 0.36897141, 1.4702284;
 0, 0, 0, 1]
Twc:
[0.93494189, 0.25731504, -0.24427982, 0.49973249;
 0.11684012, 0.42680314, 0.89676499, -1.2054561;
 0.3350105, -0.86696488, 0.36897141, -0.72402102;
 0, 0, 0, 1]
Ow:
[-0.083820552;
 -0.24179703;
 1.4702284]
Keyframe: 62 Frame: 389 Frame from vFrameID : 390
Tcw:
[0.9526509, 0.090947933, 0.29014614, -0.043670207;
 0.22906883, 0.41284972, -0.88152289, -0.27176434;
 -0.19995944, 0.90624696, 0.37246829, 1.4895716;
 0, 0, 0, 1]
Twc:
[0.9526509, 0.22906883, -0.19995944, 0.40170908;
 0.090947933, 0.41284972, 0.90624696, -1.2337502;
 0.29014614, -0.88152289, 0.37246829, -0.78171396;
 0, 0, 0, 1]
Ow:
[-0.043670207;
 -0.27176434;
 1.4895716]
Keyframe: 63 Frame: 394 Frame from vFrameID : 395
Tcw:
[0.95477408, 0.093850434, 0.28213209, -0.024000332;
 0.21890387, 0.4202652, -0.88060105, -0.28437489;
 -0.20121509, 0.9025349, 0.38071412, 1.5027611;
 0, 0, 0, 1]
Twc:
[0.95477408, 0.21890387, -0.20121509, 0.38754389;
 0.093850434, 0.4202652, 0.9025349, -1.2345291;
 0.28213209, -0.88060105, 0.38071412, -0.815772;
 0, 0, 0, 1]
Ow:
[-0.024000332;
 -0.28437489;
 1.5027611]
Keyframe: 64 Frame: 400 Frame from vFrameID : 401
Tcw:
[0.94820958, 0.095090434, 0.3030782, -0.0070622861;
 0.23543295, 0.43012929, -0.87152743, -0.29970631;
 -0.21323673, 0.89774531, 0.38546529, 1.5209868;
 0, 0, 0, 1]
Twc:
[0.94820958, 0.23543295, -0.21323673, 0.40158755;
 0.095090434, 0.43012929, 0.89774531, -1.2358748;
 0.3030782, -0.87152743, 0.38546529, -0.84534949;
 0, 0, 0, 1]
Ow:
[-0.0070622861;
 -0.29970631;
 1.5209868]
Keyframe: 65 Frame: 405 Frame from vFrameID : 406
Tcw:
[0.9418782, 0.13249481, 0.30872416, 0.0027499199;
 0.22369473, 0.43827754, -0.87055928, -0.31275314;
 -0.25065145, 0.88902074, 0.38316569, 1.5478234;
 0, 0, 0, 1]
Twc:
[0.9418782, 0.22369473, -0.25065145, 0.45533535;
 0.13249481, 0.43827754, 0.88902074, -1.2393389;
 0.30872416, -0.87055928, 0.38316569, -0.86619192;
 0, 0, 0, 1]
Ow:
[0.0027499199;
 -0.31275314;
 1.5478234]
Keyframe: 66 Frame: 412 Frame from vFrameID : 413
Tcw:
[0.92812687, 0.12139178, 0.35191551, 0.011552364;
 0.26162454, 0.45980579, -0.84860545, -0.34589434;
 -0.26482651, 0.87968326, 0.39499906, 1.5656134;
 0, 0, 0, 1]
Twc:
[0.92812687, 0.26162454, -0.26482651, 0.49438834;
 0.12139178, 0.45980579, 0.87968326, -1.2196021;
 0.35191551, -0.84860545, 0.39499906, -0.91600913;
 0, 0, 0, 1]
Ow:
[0.011552364;
 -0.34589434;
 1.5656134]
Keyframe: 67 Frame: 415 Frame from vFrameID : 416
Tcw:
[0.92954934, 0.12433514, 0.3471005, 0.026122361;
 0.25779235, 0.45387331, -0.85296077, -0.34520218;
 -0.26359266, 0.88234901, 0.38984501, 1.5759456;
 0, 0, 0, 1]
Twc:
[0.92954934, 0.25779235, -0.26359266, 0.48011613;
 0.12433514, 0.45387331, 0.88234901, -1.2371038;
 0.3471005, -0.85296077, 0.38984501, -0.91788548;
 0, 0, 0, 1]
Ow:
[0.026122361;
 -0.34520218;
 1.5759456]
Keyframe: 68 Frame: 421 Frame from vFrameID : 422
Tcw:
[0.93751281, 0.11447652, 0.32858002, 0.029580384;
 0.24597634, 0.449862, -0.85855681, -0.34855381;
 -0.24610026, 0.88573092, 0.39359289, 1.6118873;
 0, 0, 0, 1]
Twc:
[0.93751281, 0.24597634, -0.24610026, 0.45468992;
 0.11447652, 0.449862, 0.88573092, -1.2742838;
 0.32858002, -0.85855681, 0.39359289, -0.9434002;
 0, 0, 0, 1]
Ow:
[0.029580384;
 -0.34855381;
 1.6118873]
Keyframe: 69 Frame: 427 Frame from vFrameID : 428
Tcw:
[0.93809909, 0.10017294, 0.33156517, 0.05918619;
 0.24880309, 0.47109318, -0.84626722, -0.36585748;
 -0.24097118, 0.87637699, 0.41700873, 1.6337208;
 0, 0, 0, 1]
Twc:
[0.93809909, 0.24880309, -0.24097118, 0.42918357;
 0.10017294, 0.47109318, 0.87637699, -1.2653311;
 0.33156517, -0.84626722, 0.41700873, -1.0105132;
 0, 0, 0, 1]
Ow:
[0.05918619;
 -0.36585748;
 1.6337208]
Keyframe: 70 Frame: 432 Frame from vFrameID : 433
Tcw:
[0.94234681, 0.092129387, 0.32170579, 0.073633283;
 0.24265376, 0.47388238, -0.84649551, -0.37320274;
 -0.23043782, 0.87575549, 0.42420602, 1.6561888;
 0, 0, 0, 1]
Twc:
[0.94234681, 0.24265376, -0.23043782, 0.40281951;
 0.092129387, 0.47388238, 0.87575549, -1.280346;
 0.32170579, -0.84649551, 0.42420602, -1.042168;
 0, 0, 0, 1]
Ow:
[0.073633283;
 -0.37320274;
 1.6561888]
Keyframe: 71 Frame: 438 Frame from vFrameID : 439
Tcw:
[0.94056243, 0.11033314, 0.32119921, 0.097005516;
 0.23773085, 0.46152669, -0.85467958, -0.38541323;
 -0.24254149, 0.88023841, 0.40786508, 1.6747659;
 0, 0, 0, 1]
Twc:
[0.94056243, 0.23773085, -0.24254149, 0.40658513;
 0.11033314, 0.46152669, 0.88023841, -1.3070178;
 0.32119921, -0.85467958, 0.40786508, -1.0436414;
 0, 0, 0, 1]
Ow:
[0.097005516;
 -0.38541323;
 1.6747659]
Keyframe: 72 Frame: 444 Frame from vFrameID : 445
Tcw:
[0.90809411, 0.13778839, 0.39544845, -0.037170231;
 0.29198489, 0.46857899, -0.83377367, -0.35789764;
 -0.30018318, 0.87260991, 0.38528168, 1.785549;
 0, 0, 0, 1]
Twc:
[0.90809411, 0.29198489, -0.30018318, 0.67424655;
 0.13778839, 0.46857899, 0.87260991, -1.3852628;
 0.39544845, -0.83377367, 0.38528168, -0.97164607;
 0, 0, 0, 1]
Ow:
[-0.037170231;
 -0.35789764;
 1.785549]
Keyframe: 73 Frame: 450 Frame from vFrameID : 451
Tcw:
[0.90691334, 0.1523222, 0.39281824, -0.010894746;
 0.28324196, 0.46979505, -0.83610201, -0.38418868;
 -0.31190097, 0.86953467, 0.38291934, 1.8364639;
 0, 0, 0, 1]
Twc:
[0.90691334, 0.28324196, -0.31190097, 0.69149381;
 0.1523222, 0.46979505, 0.86953467, -1.4147196;
 0.39281824, -0.83610201, 0.38291934, -1.0201589;
 0, 0, 0, 1]
Ow:
[-0.010894746;
 -0.38418868;
 1.8364639]
Keyframe: 74 Frame: 456 Frame from vFrameID : 457
Tcw:
[0.92904931, 0.13608521, 0.34401777, 0.0060112774;
 0.25092065, 0.45153031, -0.85624719, -0.38429612;
 -0.27185705, 0.88181698, 0.38534734, 1.8447256;
 0, 0, 0, 1]
Twc:
[0.92904931, 0.25092065, -0.27185705, 0.59234464;
 0.13608521, 0.45153031, 0.88181698, -1.4540071;
 0.34401777, -0.85624719, 0.38534734, -1.0419805;
 0, 0, 0, 1]
Ow:
[0.0060112774;
 -0.38429612;
 1.8447256]
Keyframe: 75 Frame: 463 Frame from vFrameID : 464
Tcw:
[0.93399483, 0.11600233, 0.33793068, -0.032619953;
 0.25267708, 0.45424196, -0.85429418, -0.40210557;
 -0.25260243, 0.88329369, 0.39494851, 1.8929875;
 0, 0, 0, 1]
Twc:
[0.93399483, 0.25267708, -0.25260243, 0.61024296;
 0.11600233, 0.45424196, 0.88329369, -1.4856267;
 0.33793068, -0.85429418, 0.39494851, -1.0801258;
 0, 0, 0, 1]
Ow:
[-0.032619953;
 -0.40210557;
 1.8929875]
Keyframe: 76 Frame: 470 Frame from vFrameID : 471
Tcw:
[0.92698169, 0.12308142, 0.35433877, -0.10395116;
 0.26416406, 0.45645323, -0.84962803, -0.42227808;
 -0.26631251, 0.88119316, 0.39061007, 1.9532051;
 0, 0, 0, 1]
Twc:
[0.92698169, 0.26416406, -0.26631251, 0.72807443;
 0.12308142, 0.45645323, 0.88119316, -1.5156064;
 0.35433877, -0.84962803, 0.39061007, -1.084887;
 0, 0, 0, 1]
Ow:
[-0.10395116;
 -0.42227808;
 1.9532051]
Keyframe: 77 Frame: 477 Frame from vFrameID : 478
Tcw:
[0.90898502, 0.12234778, 0.39846861, -0.099704474;
 0.29683942, 0.48111466, -0.82487273, -0.41978991;
 -0.29263043, 0.86807817, 0.40100837, 1.9641391;
 0, 0, 0, 1]
Twc:
[0.90898502, 0.29683942, -0.29263043, 0.79000694;
 0.12234778, 0.48111466, 0.86807817, -1.4908606;
 0.39846861, -0.82487273, 0.40100837, -1.0941805;
 0, 0, 0, 1]
Ow:
[-0.099704474;
 -0.41978991;
 1.9641391]
Keyframe: 78 Frame: 484 Frame from vFrameID : 485
Tcw:
[0.91520721, 0.13516571, 0.3796393, -0.082398117;
 0.27283823, 0.48547509, -0.83058608, -0.41984081;
 -0.29657218, 0.86373848, 0.40743193, 1.975843;
 0, 0, 0, 1]
Twc:
[0.91520721, 0.27283823, -0.29657218, 0.77594;
 0.13516571, 0.48547509, 0.86373848, -1.491652;
 0.3796393, -0.83058608, 0.40743193, -1.1224539;
 0, 0, 0, 1]
Ow:
[-0.082398117;
 -0.41984081;
 1.975843]
Keyframe: 79 Frame: 491 Frame from vFrameID : 492
Tcw:
[0.92835557, 0.13158116, 0.34762388, -0.072817981;
 0.24802658, 0.47727016, -0.84302789, -0.42201596;
 -0.27683708, 0.86884958, 0.4104408, 1.9839226;
 0, 0, 0, 1]
Twc:
[0.92835557, 0.24802658, -0.27683708, 0.72149551;
 0.13158116, 0.47727016, 0.86884958, -1.5127332;
 0.34762388, -0.84302789, 0.4104408, -1.1447407;
 0, 0, 0, 1]
Ow:
[-0.072817981;
 -0.42201596;
 1.9839226]
Keyframe: 80 Frame: 500 Frame from vFrameID : 501
Tcw:
[0.94382119, 0.076663546, 0.32144099, -0.037134469;
 0.25230053, 0.46102592, -0.8507641, -0.41467083;
 -0.21341522, 0.88406891, 0.41578376, 2.0393851;
 0, 0, 0, 1]
Twc:
[0.94382119, 0.25230053, -0.21341522, 0.57490575;
 0.076663546, 0.46102592, 0.88406891, -1.6089361;
 0.32144099, -0.8507641, 0.41578376, -1.1887938;
 0, 0, 0, 1]
Ow:
[-0.037134469;
 -0.41467083;
 2.0393851]
Keyframe: 81 Frame: 507 Frame from vFrameID : 508
Tcw:
[0.92516869, 0.096341267, 0.3671256, -0.037835926;
 0.29684326, 0.41911143, -0.85803825, -0.4170177;
 -0.23653103, 0.9028089, 0.35915053, 2.1230307;
 0, 0, 0, 1]
Twc:
[0.92516869, 0.29684326, -0.23653103, 0.6609562;
 0.096341267, 0.41911143, 0.9028089, -1.738269;
 0.3671256, -0.85803825, 0.35915053, -1.1064142;
 0, 0, 0, 1]
Ow:
[-0.037835926;
 -0.4170177;
 2.1230307]
Keyframe: 82 Frame: 513 Frame from vFrameID : 514
Tcw:
[0.90213406, 0.12109882, 0.41411257, -0.13808659;
 0.33064586, 0.42255604, -0.84387183, -0.37484607;
 -0.27717763, 0.89821017, 0.34116137, 2.1999617;
 0, 0, 0, 1]
Twc:
[0.90213406, 0.33064586, -0.27717763, 0.85829407;
 0.12109882, 0.42255604, 0.89821017, -1.8009123;
 0.41411257, -0.84387183, 0.34116137, -1.0096806;
 0, 0, 0, 1]
Ow:
[-0.13808659;
 -0.37484607;
 2.1999617]
Keyframe: 83 Frame: 519 Frame from vFrameID : 520
Tcw:
[0.93053269, 0.13989498, 0.33843514, -0.096431822;
 0.24970609, 0.43361464, -0.86580902, -0.4070698;
 -0.26787275, 0.8901729, 0.36855996, 2.2006309;
 0, 0, 0, 1]
Twc:
[0.93053269, 0.24970609, -0.26787275, 0.78086984;
 0.13989498, 0.43361464, 0.8901729, -1.7689401;
 0.33843514, -0.86580902, 0.36855996, -1.1308732;
 0, 0, 0, 1]
Ow:
[-0.096431822;
 -0.4070698;
 2.2006309]
Keyframe: 84 Frame: 526 Frame from vFrameID : 527
Tcw:
[0.9350509, 0.10189008, 0.33955592, -0.06979093;
 0.26220196, 0.44587445, -0.85583067, -0.40309924;
 -0.23859996, 0.88927746, 0.39019951, 2.2250745;
 0, 0, 0, 1]
Twc:
[0.9350509, 0.26220196, -0.23859996, 0.70185417;
 0.10189008, 0.44587445, 0.88927746, -1.7918661;
 0.33955592, -0.85583067, 0.39019951, -1.1895097;
 0, 0, 0, 1]
Ow:
[-0.06979093;
 -0.40309924;
 2.2250745]
Keyframe: 85 Frame: 532 Frame from vFrameID : 533
Tcw:
[0.9224332, 0.078153536, 0.37816539, -0.055676937;
 0.30527702, 0.4521338, -0.83808172, -0.40822327;
 -0.2364804, 0.88851959, 0.39320472, 2.2337916;
 0, 0, 0, 1]
Twc:
[0.9224332, 0.30527702, -0.2364804, 0.70422739;
 0.078153536, 0.4521338, 0.88851959, -1.7958448;
 0.37816539, -0.83808172, 0.39320472, -1.1994069;
 0, 0, 0, 1]
Ow:
[-0.055676937;
 -0.40822327;
 2.2337916]
Keyframe: 86 Frame: 538 Frame from vFrameID : 539
Tcw:
[0.90137291, 0.11400463, 0.41776764, -0.047570199;
 0.32503128, 0.4593665, -0.82664204, -0.42112255;
 -0.28614947, 0.88090032, 0.37700543, 2.2475786;
 0, 0, 0, 1]
Twc:
[0.90137291, 0.32503128, -0.28614947, 0.8229;
 0.11400463, 0.4593665, 0.88090032, -1.7810198;
 0.41776764, -0.82664204, 0.37700543, -1.1755937;
 0, 0, 0, 1]
Ow:
[-0.047570199;
 -0.42112255;
 2.2475786]
Keyframe: 87 Frame: 546 Frame from vFrameID : 547
Tcw:
[0.88719827, 0.14855252, 0.43681955, -0.095531225;
 0.31596071, 0.49430826, -0.80983216, -0.40263021;
 -0.33622614, 0.85649955, 0.39161271, 2.3202271;
 0, 0, 0, 1]
Twc:
[0.88719827, 0.31596071, -0.33622614, 0.99209148;
 0.14855252, 0.49430826, 0.85649955, -1.7740587;
 0.43681955, -0.80983216, 0.39161271, -1.1929634;
 0, 0, 0, 1]
Ow:
[-0.095531225;
 -0.40263021;
 2.3202271]
Keyframe: 88 Frame: 553 Frame from vFrameID : 554
Tcw:
[0.93617481, 0.18855277, 0.29668942, -0.046160042;
 0.18288064, 0.4595525, -0.86911803, -0.36461163;
 -0.30021897, 0.86790514, 0.39573881, 2.3377261;
 0, 0, 0, 1]
Twc:
[0.93617481, 0.18288064, -0.30021897, 0.81172401;
 0.18855277, 0.4595525, 0.86790514, -1.8526628;
 0.29668942, -0.86911803, 0.39573881, -1.2283244;
 0, 0, 0, 1]
Ow:
[-0.046160042;
 -0.36461163;
 2.3377261]
Keyframe: 89 Frame: 562 Frame from vFrameID : 563
Tcw:
[0.95176643, 0.13752361, 0.27427697, -0.033739328;
 0.17622793, 0.48674527, -0.85558331, -0.38320339;
 -0.25116593, 0.86265075, 0.43903232, 2.3537655;
 0, 0, 0, 1]
Twc:
[0.95176643, 0.17622793, -0.25116593, 0.6908288;
 0.13752361, 0.48674527, 0.86265075, -1.8393152;
 0.27427697, -0.85558331, 0.43903232, -1.3519876;
 0, 0, 0, 1]
Ow:
[-0.033739328;
 -0.38320339;
 2.3537655]
Keyframe: 90 Frame: 571 Frame from vFrameID : 572
Tcw:
[0.94019389, 0.16091928, 0.30023396, -0.015720218;
 0.19818391, 0.45845079, -0.86634058, -0.38752347;
 -0.27705339, 0.87402964, 0.39914104, 2.3877492;
 0, 0, 0, 1]
Twc:
[0.94019389, 0.19818391, -0.27705339, 0.753115;
 0.16091928, 0.45845079, 0.87402964, -1.9067734;
 0.30023396, -0.86634058, 0.39914104, -1.2840562;
 0, 0, 0, 1]
Ow:
[-0.015720218;
 -0.38752347;
 2.3877492]
Keyframe: 91 Frame: 579 Frame from vFrameID : 580
Tcw:
[0.93286616, 0.16681249, 0.31927156, 0.011585265;
 0.20528151, 0.48213392, -0.85170794, -0.3933686;
 -0.29600716, 0.86007005, 0.4155229, 2.404037;
 0, 0, 0, 1]
Twc:
[0.93286616, 0.20528151, -0.29600716, 0.78155595;
 0.16681249, 0.48213392, 0.86007005, -1.8799164;
 0.31927156, -0.85170794, 0.4155229, -1.3376664;
 0, 0, 0, 1]
Ow:
[0.011585265;
 -0.3933686;
 2.404037]
Keyframe: 92 Frame: 588 Frame from vFrameID : 589
Tcw:
[0.95619899, 0.10986338, 0.27131817, -0.0099434555;
