Keyframe: 0 Frame: 0 Frame from vFrameID : 74
Tcw:
[0.99908364, -0.042731743, 0.0024222187, -0.0030785406;
 0.019557793, 0.40546441, -0.91390157, 0.029134877;
 0.038070485, 0.91311151, 0.40592861, -0.23473875;
 0, 0, 0, 1]
Twc:
[0.99908364, 0.019557793, 0.038070485, 0.011442523;
 -0.042731743, 0.40546441, 0.91311151, 0.20239794;
 0.0024222187, -0.91390157, 0.40592861, 0.12192105;
 0, 0, 0, 1]
Ow:
[-0.0030785406;
 0.029134877;
 -0.23473875]
Keyframe: 1 Frame: 97 Frame from vFrameID : 74
Tcw:
[0.99951506, -0.029969083, -0.0084540294, 0.0017175362;
 0.0047606765, 0.4153769, -0.90963691, -0.00026087277;
 0.030772595, 0.90915561, 0.41531816, -0.013062644;
 0, 0, 0, 1]
Twc:
[0.99951506, 0.0047606765, 0.030772595, -0.0013134901;
 -0.029969083, 0.4153769, 0.90915561, 0.012035809;
 -0.0084540294, -0.90963691, 0.41531816, 0.0052023735;
 0, 0, 0, 1]
Ow:
[0.0017175362;
 -0.00026087277;
 -0.013062644]
