Keyframe: 0 Frame: 0 Frame from vFrameID : 74
Tcw:
[0.99883765, -0.035397671, -0.032716516, 0.51378411;
 -0.019007871, 0.33448586, -0.94220906, -0.21577242;
 0.044295222, 0.94173574, 0.33342424, 1.1640959;
 0, 0, 0, 1]
Twc:
[0.99883765, -0.019007871, 0.044295222, -0.56885219;
 -0.035397671, 0.33448586, 0.94173574, -1.0059111;
 -0.032716516, -0.94220906, 0.33342424, -0.57463127;
 0, 0, 0, 1]
Ow:
[0.51378411;
 -0.21577242;
 1.1640959]
Keyframe: 1 Frame: 343 Frame from vFrameID : 74
Tcw:
[0.99888593, -0.037548751, -0.028583851, -0.0044143018;
 -0.014042549, 0.34176365, -0.93968099, 0.0037112357;
 0.045052767, 0.93903553, 0.3408556, -0.010371497;
 0, 0, 0, 1]
Twc:
[0.99888593, -0.014042549, 0.045052767, 0.0049287635;
 -0.037548751, 0.34176365, 0.93903553, 0.0083050868;
 -0.028583851, -0.93968099, 0.3408556, 0.0068963831;
 0, 0, 0, 1]
Ow:
[-0.0044143018;
 0.0037112357;
 -0.010371497]
