Keyframe: 0 Frame: 0 Frame from vFrameID : 74
Tcw:
[0.99919927, -0.039454363, -0.0066491459, 0.06202567;
 0.0098733241, 0.40418556, -0.91462374, 0.021760508;
 0.038773388, 0.91382569, 0.40425146, -0.17851284;
 0, 0, 0, 1]
Twc:
[0.99919927, 0.0098733241, 0.038773388, -0.055269305;
 -0.039454363, 0.40418556, 0.91382569, 0.15678152;
 -0.0066491459, -0.91462374, 0.40425146, 0.092479169;
 0, 0, 0, 1]
Ow:
[0.06202567;
 0.021760508;
 -0.17851284]
Keyframe: 1 Frame: 121 Frame from vFrameID : 74
Tcw:
[0.99704796, -0.076705493, 0.0034148796, 0.00067112054;
 0.03326321, 0.39142787, -0.9196074, 0.00022141211;
 0.069202259, 0.91700625, 0.39282382, -0.001828444;
 0, 0, 0, 1]
Twc:
[0.99704796, 0.03326321, 0.069202259, -0.00054997177;
 -0.076705493, 0.39142787, 0.91700625, 0.0016415064;
 0.0034148796, -0.9196074, 0.39282382, 0.00091957679;
 0, 0, 0, 1]
Ow:
[0.00067112054;
 0.00022141211;
 -0.001828444]
