Keyframe: 0 Frame: 0 Frame from vFrameID : 74
Tcw:
[0.99711901, -0.054141521, -0.053126294, 0.57514602;
 -0.030538322, 0.35458142, -0.93452632, -0.23602766;
 0.069434278, 0.9334563, 0.35190648, 1.2883259;
 0, 0, 0, 1]
Twc:
[0.99711901, -0.030538322, 0.069434278, -0.67015088;
 -0.054141521, 0.35458142, 0.9334563, -1.0877657;
 -0.053126294, -0.93452632, 0.35190648, -0.64338893;
 0, 0, 0, 1]
Ow:
[0.57514602;
 -0.23602766;
 1.2883259]
Keyframe: 1 Frame: 363 Frame from vFrameID : 74
Tcw:
[0.99797493, -0.043661453, -0.046257082, 0.01176001;
 -0.027825993, 0.35427418, -0.93472749, -0.0075898929;
 0.057199251, 0.93412179, 0.35234183, 0.027333608;
 0, 0, 0, 1]
Twc:
[0.99797493, -0.027825993, 0.057199251, -0.013510854;
 -0.043661453, 0.35427418, 0.93412179, -0.022330554;
 -0.046257082, -0.93472749, 0.35234183, -0.016181272;
 0, 0, 0, 1]
Ow:
[0.01176001;
 -0.0075898929;
 0.027333608]
