Keyframe: 0 Frame: 0 Frame from vFrameID : 74
Tcw:
[0.99944079, -0.033324584, -0.0027507287, 0.022296598;
 0.011271751, 0.41321337, -0.91056448, 0.026795842;
 0.031480819, 0.91002429, 0.41335791, -0.21029215;
 0, 0, 0, 1]
Twc:
[0.99944079, 0.011271751, 0.031480819, -0.015965996;
 -0.033324584, 0.41321337, 0.91002429, 0.18104157;
 -0.0027507287, -0.91056448, 0.41335791, 0.1113866;
 0, 0, 0, 1]
Ow:
[0.022296598;
 0.026795842;
 -0.21029215]
Keyframe: 1 Frame: 109 Frame from vFrameID : 74
Tcw:
[0.99942893, -0.031919066, -0.011088019, 0.007041459;
 0.0031646541, 0.41512144, -0.90976048, 0.0048624957;
 0.03364158, 0.90920591, 0.41498539, -0.00036451966;
 0, 0, 0, 1]
Twc:
[0.99942893, 0.0031646541, 0.03364158, -0.007040563;
 -0.031919066, 0.41512144, 0.90920591, -0.0014623459;
 -0.011088019, -0.90976048, 0.41498539, 0.0046530529;
 0, 0, 0, 1]
Ow:
[0.007041459;
 0.0048624957;
 -0.00036451966]
