Keyframe: 0 Frame: 0 Frame from vFrameID : 74
Tcw:
[0.99896646, -0.045395974, -0.0022978124, 0.011227795;
 0.017058291, 0.42127639, -0.9067719, 0.025874659;
 0.042131804, 0.90579545, 0.42161533, -0.22728373;
 0, 0, 0, 1]
Twc:
[0.99896646, 0.017058291, 0.042131804, -0.0020816922;
 -0.045395974, 0.42127639, 0.90579545, 0.1954819;
 -0.0022978124, -0.9067719, 0.42161533, 0.11931452;
 0, 0, 0, 1]
Ow:
[0.011227795;
 0.025874659;
 -0.22728373]
Keyframe: 1 Frame: 85 Frame from vFrameID : 74
Tcw:
[0.99302053, -0.11698376, -0.015001219, 0.012987633;
 0.036247183, 0.42374381, -0.90505654, -0.001013611;
 0.11223359, 0.89819598, 0.42502663, -0.00852447;
 0, 0, 0, 1]
Twc:
[0.99302053, 0.036247183, 0.11223359, -0.011903514;
 -0.11698376, 0.42374381, 0.89819598, 0.0096054981;
 -0.015001219, -0.90505654, 0.42502663, 0.0029005818;
 0, 0, 0, 1]
Ow:
[0.012987633;
 -0.001013611;
 -0.00852447]
