Keyframe: 0 Frame: 0 Frame from vFrameID : 74
Tcw:
[0.99965185, -0.025691941, 0.0060052015, 0.30233276;
 0.015000848, 0.36619595, -0.93041682, -0.071679175;
 0.021705134, 0.93018299, 0.36645386, 0.47551894;
 0, 0, 0, 1]
Twc:
[0.99965185, 0.015000848, 0.021705134, -0.31147349;
 -0.025691941, 0.36619595, 0.93018299, -0.4083035;
 0.0060052015, -0.93041682, 0.36645386, -0.24276283;
 0, 0, 0, 1]
Ow:
[0.30233276;
 -0.071679175;
 0.47551894]
Keyframe: 1 Frame: 237 Frame from vFrameID : 74
Tcw:
[0.99961501, -0.02576394, -0.010297299, 0.0052812737;
 -1.4945246e-05, 0.37063345, -0.92877924, -0.0054046223;
 0.027745536, 0.9284218, 0.37049037, 0.011379465;
 0, 0, 0, 1]
Twc:
[0.99961501, -1.4945246e-05, 0.027745536, -0.0055950512;
 -0.02576394, 0.37063345, 0.9284218, -0.0084257433;
 -0.010297299, -0.92877924, 0.37049037, -0.0091813002;
 0, 0, 0, 1]
Ow:
[0.0052812737;
 -0.0054046223;
 0.011379465]
