Keyframe: 0 Frame: 0 Frame from vFrameID : 74
Tcw:
[0.98920816, -0.12610738, -0.074593261, 0.79234862;
 -0.028769305, 0.33202013, -0.94283348, -0.34640345;
 0.14366473, 0.93480456, 0.32480901, 1.8833299;
 0, 0, 0, 1]
Twc:
[0.98920816, -0.028769305, 0.14366473, -1.0643315;
 -0.12610738, 0.33202013, 0.93480456, -1.5456114;
 -0.074593261, -0.94283348, 0.32480901, -0.87921941;
 0, 0, 0, 1]
Ow:
[0.79234862;
 -0.34640345;
 1.8833299]
Keyframe: 1 Frame: 473 Frame from vFrameID : 74
Tcw:
[0.98878068, -0.13768624, -0.057924241, 0.013234884;
 -0.0069255261, 0.34510562, -0.93853831, -0.0039901435;
 0.14921379, 0.92840976, 0.34028021, 0.02696456;
 0, 0, 0, 1]
Twc:
[0.98878068, -0.0069255261, 0.14921379, -0.017137516;
 -0.13768624, 0.34510562, 0.92840976, -0.021834875;
 -0.057924241, -0.93853831, 0.34028021, -0.012153788;
 0, 0, 0, 1]
Ow:
[0.013234884;
 -0.0039901435;
 0.02696456]
