Keyframe: 0 Frame: 0 Frame from vFrameID : 74
Tcw:
[0.9983983, -0.035412982, -0.044121761, 0.57969379;
 -0.028846987, 0.35223451, -0.93546712, -0.23403192;
 0.048668884, 0.93524158, 0.35064876, 1.3251373;
 0, 0, 0, 1]
Twc:
[0.9983983, -0.028846987, 0.048668884, -0.65000933;
 -0.035412982, 0.35223451, 0.93524158, -1.1363606;
 -0.044121761, -0.93546712, 0.35064876, -0.65800977;
 0, 0, 0, 1]
Ow:
[0.57969379;
 -0.23403192;
 1.3251373]
Keyframe: 1 Frame: 368 Frame from vFrameID : 74
Tcw:
[0.99841464, -0.044027027, -0.035068918, 0.30835479;
 -0.017123431, 0.35593036, -0.93435562, -0.13629667;
 0.053618994, 0.93347478, 0.35461217, 0.71810007;
 0, 0, 0, 1]
Twc:
[0.99841464, -0.017123431, 0.053618994, -0.34870359;
 -0.044027027, 0.35593036, 0.93347478, -0.60824025;
 -0.035068918, -0.93435562, 0.35461217, -0.37118292;
 0, 0, 0, 1]
Ow:
[0.30835479;
 -0.13629667;
 0.71810007]
