Keyframe: 0 Frame: 0 Frame from vFrameID : 74
Tcw:
[0.99960709, -0.021903649, 0.017489227, 0.28659976;
 0.024286836, 0.36535907, -0.9305498, -0.068986267;
 0.013992588, 0.93060893, 0.36574748, 0.43999442;
 0, 0, 0, 1]
Twc:
[0.99960709, 0.024286836, 0.013992588, -0.29096836;
 -0.021903649, 0.36535907, 0.93060893, -0.37798038;
 0.017489227, -0.9305498, 0.36574748, -0.2301344;
 0, 0, 0, 1]
Ow:
[0.28659976;
 -0.068986267;
 0.43999442]
Keyframe: 1 Frame: 231 Frame from vFrameID : 74
Tcw:
[0.5508182, 0.66633856, 0.50258553, -0.56046903;
 0.033419993, 0.58407748, -0.81100959, 0.98702055;
 -0.83395588, 0.46351525, 0.2994515, 0.96955901;
 0, 0, 0, 1]
Twc:
[0.5508182, 0.033419993, -0.83395588, 1.0842998;
 0.66633856, 0.58407748, 0.46351525, -0.65243977;
 0.50258553, -0.81100959, 0.2994515, 0.79183096;
 0, 0, 0, 1]
Ow:
[-0.56046903;
 0.98702055;
 0.96955901]
