Keyframe: 0 Frame: 0 Frame from vFrameID : 74
Tcw:
[0.99943161, -0.033684678, 0.0013614125, -0.0025400177;
 0.015036327, 0.40925941, -0.91229415, 0.031651251;
 0.030173166, 0.91179609, 0.40953326, -0.23112826;
 0, 0, 0, 1]
Twc:
[0.99943161, 0.015036327, 0.030173166, 0.0090365261;
 -0.033684678, 0.40925941, 0.91179609, 0.19770271;
 0.0013614125, -0.91229415, 0.40953326, 0.12353343;
 0, 0, 0, 1]
Ow:
[-0.0025400177;
 0.031651251;
 -0.23112826]
Keyframe: 1 Frame: 101 Frame from vFrameID : 74
Tcw:
[0.99998289, -0.0042369035, 0.004035953, 1.8390139e-05;
 0.0054143048, 0.40835696, -0.91280627, 0.00018068322;
 0.0022193624, 0.91281247, 0.40837291, -0.001324282;
 0, 0, 0, 1]
Twc:
[0.99998289, 0.0054143048, 0.0022193624, -1.6429038e-05;
 -0.0042369035, 0.40835696, 0.91281247, 0.0011351159;
 0.004035953, -0.91280627, 0.40837291, 0.00070565549;
 0, 0, 0, 1]
Ow:
[1.8390139e-05;
 0.00018068322;
 -0.001324282]
