Keyframe: 0 Frame: 0 Frame from vFrameID : 74
Tcw:
[0.99699062, -0.055420298, -0.054205708, 0.73322123;
 -0.032972932, 0.32967097, -0.94351989, -0.31891331;
 0.070160203, 0.94246787, 0.32685152, 1.7582672;
 0, 0, 0, 1]
Twc:
[0.99699062, -0.032972932, 0.070160203, -0.86489058;
 -0.055420298, 0.32967097, 0.94246787, -1.5113385;
 -0.054205708, -0.94351989, 0.32685152, -0.83584857;
 0, 0, 0, 1]
Ow:
[0.73322123;
 -0.31891331;
 1.7582672]
Keyframe: 1 Frame: 450 Frame from vFrameID : 74
Tcw:
[0.9139356, -0.39634714, 0.08735349, 0.16412416;
 0.15387668, 0.13922486, -0.97823226, 0.087750018;
 0.37555778, 0.90748298, 0.18823114, 1.3315202;
 0, 0, 0, 1]
Twc:
[0.9139356, 0.15387668, 0.37555778, -0.66356438;
 -0.39634714, 0.13922486, 0.90748298, -1.1554987;
 0.08735349, -0.97823226, 0.18823114, -0.17913048;
 0, 0, 0, 1]
Ow:
[0.16412416;
 0.087750018;
 1.3315202]
