Keyframe: 0 Frame: 0 Frame from vFrameID : 74
Tcw:
[0.99658257, -0.072096109, -0.04031571, 0.65819132;
 -0.013737669, 0.33661023, -0.94154388, -0.28182286;
 0.081452332, 0.93888003, 0.33446944, 1.5557791;
 0, 0, 0, 1]
Twc:
[0.99658257, -0.013737669, 0.081452332, -0.78653544;
 -0.072096109, 0.33661023, 0.93888003, -1.3183725;
 -0.04031571, -0.94154388, 0.33446944, -0.75917369;
 0, 0, 0, 1]
Ow:
[0.65819132;
 -0.28182286;
 1.5557791]
Keyframe: 1 Frame: 413 Frame from vFrameID : 74
Tcw:
[0.99675769, -0.068255566, -0.042605907, 0.0069254413;
 -0.017075447, 0.33801579, -0.9409855, 0.0014807212;
 0.078628965, 0.93866211, 0.33575433, 0.016879119;
 0, 0, 0, 1]
Twc:
[0.99675769, -0.017075447, 0.078628965, -0.0082048913;
 -0.068255566, 0.33801579, 0.93866211, -0.015871596;
 -0.042605907, -0.9409855, 0.33575433, -0.0039788359;
 0, 0, 0, 1]
Ow:
[0.0069254413;
 0.0014807212;
 0.016879119]
