Keyframe: 0 Frame: 0 Frame from vFrameID : 74
Tcw:
[0.99885267, -0.047400568, -0.0068176659, 0.02905122;
 0.014805892, 0.44106555, -0.89735276, 0.024602547;
 0.045542065, 0.89622229, 0.44126132, -0.21785305;
 0, 0, 0, 1]
Twc:
[0.99885267, 0.014805892, 0.045542065, -0.019460674;
 -0.047400568, 0.44106555, 0.89622229, 0.18577045;
 -0.0068176659, -0.89735276, 0.44126132, 0.11840534;
 0, 0, 0, 1]
Ow:
[0.02905122;
 0.024602547;
 -0.21785305]
Keyframe: 1 Frame: 77 Frame from vFrameID : 74
Tcw:
[0.99888366, -0.046718784, -0.0069803521, 0.00053405116;
 0.014465364, 0.44319966, -0.89630622, 0.0002675908;
 0.044968024, 0.89520466, 0.44338071, -0.0022191526;
 0, 0, 0, 1]
Twc:
[0.99888366, 0.014465364, 0.044968024, -0.00043753488;
 -0.046718784, 0.44319966, 0.89520466, 0.00189295;
 -0.0069803521, -0.89630622, 0.44338071, 0.0012275007;
 0, 0, 0, 1]
Ow:
[0.00053405116;
 0.0002675908;
 -0.0022191526]
