Keyframe: 0 Frame: 0 Frame from vFrameID : 74
Tcw:
[0.99906874, -0.040405236, -0.015135591, 0.053562917;
 0.0022377477, 0.39884096, -0.9170174, 0.021092169;
 0.043088999, 0.91612953, 0.39855996, -0.19032094;
 0, 0, 0, 1]
Twc:
[0.99906874, 0.0022377477, 0.043088999, -0.045359496;
 -0.040405236, 0.39884096, 0.91612953, 0.16811045;
 -0.015135591, -0.9170174, 0.39855996, 0.0960069;
 0, 0, 0, 1]
Ow:
[0.053562917;
 0.021092169;
 -0.19032094]
Keyframe: 1 Frame: 117 Frame from vFrameID : 74
Tcw:
[0.99931937, -0.036497179, -0.0053559346, -0.00063863327;
 0.0098455995, 0.40382358, -0.9147839, -0.00042531308;
 0.035549887, 0.91410857, 0.40390807, 0.0015532079;
 0, 0, 0, 1]
Twc:
[0.99931937, 0.0098455995, 0.035549887, 0.00058716978;
 -0.036497179, 0.40382358, 0.91410857, -0.0012713575;
 -0.0053559346, -0.9147839, 0.40390807, -0.0010198433;
 0, 0, 0, 1]
Ow:
[-0.00063863327;
 -0.00042531308;
 0.0015532079]
