Keyframe: 0 Frame: 0 Frame from vFrameID : 74
Tcw:
[0.99732375, -0.052992355, -0.050369915, 0.54931951;
 -0.029197592, 0.34293768, -0.93890429, -0.22328374;
 0.067028493, 0.93786222, 0.34047264, 1.231154;
 0, 0, 0, 1]
Twc:
[0.99732375, -0.029197592, 0.067028493, -0.63689113;
 -0.052992355, 0.34293768, 0.93786222, -1.0489707;
 -0.050369915, -0.93890429, 0.34047264, -0.60114712;
 0, 0, 0, 1]
Ow:
[0.54931951;
 -0.22328374;
 1.231154]
Keyframe: 1 Frame: 353 Frame from vFrameID : 74
Tcw:
[0.99710703, -0.047657933, -0.059214301, 0.0053691231;
 -0.038770355, 0.35118803, -0.93550193, -0.0058973231;
 0.065379441, 0.93509126, 0.34832433, 0.01538131;
 0, 0, 0, 1]
Twc:
[0.99710703, -0.038770355, 0.065379441, -0.0065878532;
 -0.047657933, 0.35118803, 0.93509126, -0.012055979;
 -0.059214301, -0.93550193, 0.34832433, -0.010556713;
 0, 0, 0, 1]
Ow:
[0.0053691231;
 -0.0058973231;
 0.01538131]
