Keyframe: 0 Frame: 0 Frame from vFrameID : 74
Tcw:
[0.99838698, -0.042810675, -0.037291277, 0.5263083;
 -0.020690264, 0.33730873, -0.9411667, -0.21342281;
 0.052870654, 0.94042015, 0.33587891, 1.1998386;
 0, 0, 0, 1]
Twc:
[0.99838698, -0.020690264, 0.052870654, -0.59331137;
 -0.042810675, 0.33730873, 0.94042015, -1.0338314;
 -0.037291277, -0.9411667, 0.33587891, -0.5842402;
 0, 0, 0, 1]
Ow:
[0.5263083;
 -0.21342281;
 1.1998386]
Keyframe: 1 Frame: 348 Frame from vFrameID : 74
Tcw:
[0.99772108, -0.050657853, -0.044568855, 0.0082977461;
 -0.024515321, 0.34323522, -0.9389295, -0.0022697076;
 0.062861755, 0.93788236, 0.34121114, 0.016718065;
 0, 0, 0, 1]
Twc:
[0.99772108, -0.024515321, 0.062861755, -0.009385406;
 -0.050657853, 0.34323522, 0.93788236, -0.014480188;
 -0.044568855, -0.9389295, 0.34121114, -0.0074656643;
 0, 0, 0, 1]
Ow:
[0.0082977461;
 -0.0022697076;
 0.016718065]
