Keyframe: 0 Frame: 0 Frame from vFrameID : 74
Tcw:
[0.99372303, -0.077113278, -0.081043631, 0.5004881;
 -0.047583859, 0.36428457, -0.93007123, -0.19287053;
 0.10124379, 0.92808962, 0.35832861, 1.047593;
 0, 0, 0, 1]
Twc:
[0.99372303, -0.047583859, 0.10124379, -0.61258632;
 -0.077113278, 0.36428457, 0.92808962, -0.86340606;
 -0.081043631, -0.93007123, 0.35832861, -0.5142045;
 0, 0, 0, 1]
Ow:
[0.5004881;
 -0.19287053;
 1.047593]
Keyframe: 1 Frame: 326 Frame from vFrameID : 74
Tcw:
[-0.2569446, -0.96485484, -0.055087287, 0.50975376;
 0.74111873, -0.16013783, -0.65199608, -0.64994961;
 0.62026, -0.20835309, 0.75621855, 0.67967743;
 0, 0, 0, 1]
Twc:
[-0.2569446, 0.74111873, 0.62026, 0.19109157;
 -0.96485484, -0.16013783, -0.20835309, 0.52936983;
 -0.055087287, -0.65199608, 0.75621855, -0.90966833;
 0, 0, 0, 1]
Ow:
[0.50975376;
 -0.64994961;
 0.67967743]
