Keyframe: 0 Frame: 0 Frame from vFrameID : 74
Tcw:
[0.99828422, -0.044148333, -0.038465146, 0.60203201;
 -0.020309348, 0.3550702, -0.93461901, -0.25750941;
 0.054919697, 0.93379658, 0.35356435, 1.4097667;
 0, 0, 0, 1]
Twc:
[0.99828422, -0.020309348, 0.054919697, -0.68365288;
 -0.044148333, 0.3550702, 0.93379658, -1.1984227;
 -0.038465146, -0.93461901, 0.35356435, -0.71595919;
 0, 0, 0, 1]
Ow:
[0.60203201;
 -0.25750941;
 1.4097667]
Keyframe: 1 Frame: 383 Frame from vFrameID : 74
Tcw:
[0.99704289, -0.052342154, -0.056265209, 0.029014541;
 -0.034225233, 0.35309514, -0.9349612, -0.010580206;
 0.068804853, 0.93412209, 0.35025957, 0.063672885;
 0, 0, 0, 1]
Twc:
[0.99704289, -0.034225233, 0.068804853, -0.033671852;
 -0.052342154, 0.35309514, 0.93412209, -0.05422375;
 -0.056265209, -0.9349612, 0.35025957, -0.030561611;
 0, 0, 0, 1]
Ow:
[0.029014541;
 -0.010580206;
 0.063672885]
