Keyframe: 0 Frame: 0 Frame from vFrameID : 74
Tcw:
[0.99742323, -0.046633586, -0.054518383, 0.43895727;
 -0.034498747, 0.35452345, -0.93441051, -0.162415;
 0.062902957, 0.93388355, 0.35200113, 0.88688165;
 0, 0, 0, 1]
Twc:
[0.99742323, -0.034498747, 0.062902957, -0.49921674;
 -0.046633586, 0.35452345, 0.93388355, -0.75019407;
 -0.054518383, -0.93441051, 0.35200113, -0.44001433;
 0, 0, 0, 1]
Ow:
[0.43895727;
 -0.162415;
 0.88688165]
Keyframe: 1 Frame: 300 Frame from vFrameID : 74
Tcw:
[0.92561239, -0.080191799, 0.36987963, -0.4131076;
 0.37450936, 0.33513254, -0.86453968, 0.57289684;
 -0.05462971, 0.93875206, 0.34023541, 1.466522;
 0, 0, 0, 1]
Twc:
[0.92561239, 0.37450936, -0.05462971, 0.24793793;
 -0.080191799, 0.33513254, 0.93875206, -1.6018249;
 0.36987963, -0.86453968, 0.34023541, 0.14912947;
 0, 0, 0, 1]
Ow:
[-0.4131076;
 0.57289684;
 1.466522]
