Keyframe: 0 Frame: 0 Frame from vFrameID : 74
Tcw:
[0.99930984, -0.035451718, -0.011089301, 0.26050708;
 0.0034449629, 0.38570109, -0.92261738, -0.053611472;
 0.036985528, 0.92194241, 0.38555703, 0.3382923;
 0, 0, 0, 1]
Twc:
[0.99930984, 0.0034449629, 0.036985528, -0.27265453;
 -0.035451718, 0.38570109, 0.92194241, -0.28197259;
 -0.011089301, -0.92261738, 0.38555703, -0.17700501;
 0, 0, 0, 1]
Ow:
[0.26050708;
 -0.053611472;
 0.3382923]
Keyframe: 1 Frame: 218 Frame from vFrameID : 74
Tcw:
[0.99956244, -0.029505776, 0.0020908427, 0.011191015;
 0.013158915, 0.3802498, -0.9247902, -0.0041267662;
 0.02649161, 0.92441303, 0.38047168, 0.017359979;
 0, 0, 0, 1]
Twc:
[0.99956244, 0.013158915, 0.02649161, -0.011591707;
 -0.029505776, 0.3802498, 0.92441303, -0.014148391;
 0.0020908427, -0.9247902, 0.38047168, -0.010444772;
 0, 0, 0, 1]
Ow:
[0.011191015;
 -0.0041267662;
 0.017359979]
