Keyframe: 0 Frame: 0 Frame from vFrameID : 74
Tcw:
[0.99836051, -0.057099011, 0.0040027364, -0.0060512065;
 0.027269702, 0.41298771, -0.91032827, 0.029593676;
 0.050325762, 0.9089449, 0.41386768, -0.23179409;
 0, 0, 0, 1]
Twc:
[0.99836051, 0.027269702, 0.050325762, 0.016899489;
 -0.057099011, 0.41298771, 0.9089449, 0.19812071;
 0.0040027364, -0.91032827, 0.41386768, 0.12289625;
 0, 0, 0, 1]
Ow:
[-0.0060512065;
 0.029593676;
 -0.23179409]
Keyframe: 1 Frame: 93 Frame from vFrameID : 74
Tcw:
[0.99887329, -0.047360856, 0.0030104371, -nan;
 0.022055345, 0.4071219, -0.91310751, -nan;
 0.042019941, 0.91214514, 0.40770775, -inf;
 0, 0, 0, 1]
Twc:
[0.99887329, 0.022055345, 0.042019941, inf;
 -0.047360856, 0.4071219, 0.91214514, inf;
 0.0030104371, -0.91310751, 0.40770775, inf;
 0, 0, 0, 1]
Ow:
[-nan;
 -nan;
 -inf]
