Keyframe: 0 Frame: 0 Frame from vFrameID : 74
Tcw:
[0.99690914, -0.050412837, -0.060255244, 0.50656754;
 -0.039565798, 0.34043634, -0.93943477, -0.19864079;
 0.067872651, 0.93891513, 0.3373895, 1.0939718;
 0, 0, 0, 1]
Twc:
[0.99690914, -0.039565798, 0.067872651, -0.58711195;
 -0.050412837, 0.34043634, 0.93891513, -0.93398464;
 -0.060255244, -0.93943477, 0.3373895, -0.52518129;
 0, 0, 0, 1]
Ow:
[0.50656754;
 -0.19864079;
 1.0939718]
Keyframe: 1 Frame: 332 Frame from vFrameID : 74
Tcw:
[0.99682218, -0.065694287, -0.045053981, -0.0019651914;
 -0.019489611, 0.34726515, -0.93756443, -0.0065961219;
 0.077238299, 0.93546307, 0.34488124, -0.023670951;
 0, 0, 0, 1]
Twc:
[0.99682218, -0.019489611, 0.077238299, 0.0036586944;
 -0.065694287, 0.34726515, 0.93546307, 0.024304803;
 -0.045053981, -0.93756443, 0.34488124, 0.0018908384;
 0, 0, 0, 1]
Ow:
[-0.0019651914;
 -0.0065961219;
 -0.023670951]
