Keyframe: 0 Frame: 0 Frame from vFrameID : 74
Tcw:
[0.99939603, -0.034731489, 0.0011362236, 0.0082028685;
 0.015351418, 0.4119302, -0.91108608, 0.02876462;
 0.03117533, 0.91055328, 0.41221461, -0.22051673;
 0, 0, 0, 1]
Twc:
[0.99939603, 0.015351418, 0.03117533, -0.0017648116;
 -0.034731489, 0.4119302, 0.91055328, 0.18922809;
 0.0011362236, -0.91108608, 0.41221461, 0.11709793;
 0, 0, 0, 1]
Ow:
[0.0082028685;
 0.02876462;
 -0.22051673]
Keyframe: 1 Frame: 105 Frame from vFrameID : 74
Tcw:
[0.99939674, -0.034725174, 0.00052381557, -nan;
 0.014714793, 0.40973595, -0.91208547, -nan;
 0.0314577, 0.91154301, 0.40999976, -nan;
 0, 0, 0, 1]
Twc:
[0.99939674, 0.014714793, 0.0314577, -inf;
 -0.034725174, 0.40973595, 0.91154301, inf;
 0.00052381557, -0.91208547, 0.40999976, inf;
 0, 0, 0, 1]
Ow:
[-nan;
 -nan;
 -nan]
