Keyframe: 0 Frame: 0 Frame from vFrameID : 74
Tcw:
[0.99655408, -0.05083897, -0.065539055, 0.72828162;
 -0.045004431, 0.3323158, -0.94209385, -0.31299496;
 0.069674745, 0.94179702, 0.32888269, 1.7240299;
 0, 0, 0, 1]
Twc:
[0.99655408, -0.045004431, 0.069674745, -0.85997951;
 -0.05083897, 0.3323158, 0.94179702, -1.4826479;
 -0.065539055, -0.94209385, 0.32888269, -0.81414324;
 0, 0, 0, 1]
Ow:
[0.72828162;
 -0.31299496;
 1.7240299]
Keyframe: 1 Frame: 444 Frame from vFrameID : 74
Tcw:
[0.99826103, -0.033107083, -0.048773039, 0.012075008;
 -0.035772067, 0.31740212, -0.9476161, -0.0052341935;
 0.046853472, 0.94771296, 0.31566587, 0.028769985;
 0, 0, 0, 1]
Twc:
[0.99826103, -0.035772067, 0.046853472, -0.013589222;
 -0.033107083, 0.31740212, 0.94771296, -0.025204573;
 -0.048773039, -0.9476161, 0.31566587, -0.013452772;
 0, 0, 0, 1]
Ow:
[0.012075008;
 -0.0052341935;
 0.028769985]
