Keyframe: 0 Frame: 0 Frame from vFrameID : 74
Tcw:
[0.99827826, -0.058650699, -0.00080874073, -0.0019000759;
 0.023663929, 0.41531691, -0.90936893, 0.028665893;
 0.05367101, 0.9077841, 0.41598976, -0.2304377;
 0, 0, 0, 1]
Twc:
[0.99827826, 0.023663929, 0.05367101, 0.013586279;
 -0.058650699, 0.41531691, 0.9077841, 0.19717079;
 -0.00080874073, -0.90936893, 0.41598976, 0.12192605;
 0, 0, 0, 1]
Ow:
[-0.0019000759;
 0.028665893;
 -0.2304377]
Keyframe: 1 Frame: 89 Frame from vFrameID : 74
Tcw:
[0.99824786, -0.058026947, 0.011578928, -0.0017145633;
 0.035288248, 0.4267455, -0.90368301, -0.0012269779;
 0.047496714, 0.90250826, 0.42804545, -0.015478558;
 0, 0, 0, 1]
Twc:
[0.99824786, 0.035288248, 0.047496714, 0.0024900376;
 -0.058026947, 0.4267455, 0.90250826, 0.014393643;
 0.011578928, -0.90368301, 0.42804545, 0.00553658;
 0, 0, 0, 1]
Ow:
[-0.0017145633;
 -0.0012269779;
 -0.015478558]
