Keyframe: 0 Frame: 0 Frame from vFrameID : 74
Tcw:
[0.99309713, -0.0844355, -0.081417397, 0.48976219;
 -0.048390269, 0.33737442, -0.940126, -0.18532169;
 0.10684815, 0.93757623, 0.33095971, 1.0100291;
 0, 0, 0, 1]
Twc:
[0.99309713, -0.048390269, 0.10684815, -0.60326892;
 -0.0844355, 0.33737442, 0.93757623, -0.84310311;
 -0.081417397, -0.940126, 0.33095971, -0.46862945;
 0, 0, 0, 1]
Ow:
[0.48976219;
 -0.18532169;
 1.0100291]
Keyframe: 1 Frame: 319 Frame from vFrameID : 74
Tcw:
[0.99301624, -0.09042865, -0.075772375, 0.004780849;
 -0.038841147, 0.35587043, -0.9337278, -0.000934646;
 0.11140089, 0.93014991, 0.34987277, 0.01211845;
 0, 0, 0, 1]
Twc:
[0.99301624, -0.038841147, 0.11140089, -0.0061337692;
 -0.09042865, 0.35587043, 0.93014991, -0.010507037;
 -0.075772375, -0.9337278, 0.34987277, -0.0047503645;
 0, 0, 0, 1]
Ow:
[0.004780849;
 -0.000934646;
 0.01211845]
