Keyframe: 0 Frame: 0 Frame from vFrameID : 74
Tcw:
[0.99276894, -0.11008942, -0.047855061, 0.80263305;
 -0.011530915, 0.30935511, -0.95087665, -0.35308617;
 0.11948567, 0.94455266, 0.30584872, 1.9620378;
 0, 0, 0, 1]
Twc:
[0.99276894, -0.011530915, 0.11948567, -1.035336;
 -0.11008942, 0.30935511, 0.94455266, -1.6556576;
 -0.047855061, -0.95087665, 0.30584872, -0.89741814;
 0, 0, 0, 1]
Ow:
[0.80263305;
 -0.35308617;
 1.9620378]
Keyframe: 1 Frame: 485 Frame from vFrameID : 74
Tcw:
[0.17292604, -0.98007196, 0.097752601, 0.19344126;
 0.17188992, -0.06769482, -0.98278749, 0.78153688;
 0.96981978, 0.18675223, 0.15675828, 0.11690275;
 0, 0, 0, 1]
Twc:
[0.17292604, 0.17188992, 0.96981978, -0.28116393;
 -0.98007196, -0.06769482, 0.18675223, 0.22066051;
 0.097752601, -0.98278749, 0.15675828, 0.7308498;
 0, 0, 0, 1]
Ow:
[0.19344126;
 0.78153688;
 0.11690275]
