Keyframe: 0 Frame: 0 Frame from vFrameID : 74
Tcw:
[0.99666893, -0.060754891, -0.054405175, 0.46456933;
 -0.029610645, 0.35200033, -0.93553138, -0.17897677;
 0.075988747, 0.934026, 0.34902877, 0.97059304;
 0, 0, 0, 1]
Twc:
[0.99666893, -0.029610645, 0.075988747, -0.54207551;
 -0.060754891, 0.35200033, 0.934026, -0.81533444;
 -0.054405175, -0.93553138, 0.34902877, -0.48092833;
 0, 0, 0, 1]
Ow:
[0.46456933;
 -0.17897677;
 0.97059304]
Keyframe: 1 Frame: 312 Frame from vFrameID : 74
Tcw:
[0.99460512, -0.070866235, -0.075753585, 0.010798844;
 -0.047132846, 0.34180921, -0.93858665, -0.00077515468;
 0.092407376, 0.93709362, 0.33662507, 0.014489126;
 0, 0, 0, 1]
Twc:
[0.99460512, -0.047132846, 0.092407376, -0.012116023;
 -0.070866235, 0.34180921, 0.93709362, -0.012547439;
 -0.075753585, -0.93858665, 0.33662507, -0.0047869021;
 0, 0, 0, 1]
Ow:
[0.010798844;
 -0.00077515468;
 0.014489126]
