Keyframe: 0 Frame: 0 Frame from vFrameID : 74
Tcw:
[0.99904788, -0.041332085, -0.013962803, 0.24293967;
 0.0025457875, 0.37473705, -0.92712766, -0.050393753;
 0.043552499, 0.92620939, 0.37448549, 0.28867263;
 0, 0, 0, 1]
Twc:
[0.99904788, 0.0025457875, 0.043552499, -0.25515249;
 -0.041332085, 0.37473705, 0.92620939, -0.23844567;
 -0.013962803, -0.92712766, 0.37448549, -0.15143302;
 0, 0, 0, 1]
Ow:
[0.24293967;
 -0.050393753;
 0.28867263]
Keyframe: 1 Frame: 211 Frame from vFrameID : 74
Tcw:
[0.99945271, -0.033004843, -0.0022250614, 0.11056115;
 0.010420694, 0.37797064, -0.92575896, -0.038929332;
 0.031395536, 0.92522907, 0.3781077, 0.16015197;
 0, 0, 0, 1]
Twc:
[0.99945271, 0.010420694, 0.031395536, -0.11512303;
 -0.033004843, 0.37797064, 0.92522907, -0.12981407;
 -0.0022250614, -0.92575896, 0.3781077, -0.096347868;
 0, 0, 0, 1]
Ow:
[0.11056115;
 -0.038929332;
 0.16015197]
