Keyframe: 0 Frame: 0 Frame from vFrameID : 74
Tcw:
[0.99902171, -0.044190027, -0.0016947245, 0.1373999;
 0.014200403, 0.3568559, -0.93405151, -0.0043026274;
 0.041880533, 0.93311369, 0.35713431, 0.013329906;
 0, 0, 0, 1]
Twc:
[0.99902171, 0.014200403, 0.041880533, -0.13776264;
 -0.044190027, 0.3568559, 0.93311369, -0.0048311949;
 -0.0016947245, -0.93405151, 0.35713431, -0.0085465871;
 0, 0, 0, 1]
Ow:
[0.1373999;
 -0.0043026274;
 0.013329906]
Keyframe: 1 Frame: 158 Frame from vFrameID : 74
Tcw:
[0.99654156, -0.082524687, -0.0097238645, 0.0010013091;
 0.019858517, 0.35015061, -0.93648291, -2.3193275e-05;
 0.080687776, 0.93305105, 0.35057846, 0.00010604386;
 0, 0, 0, 1]
Twc:
[0.99654156, 0.019858517, 0.080687776, -0.001005942;
 -0.082524687, 0.35015061, 0.93305105, -8.1904727e-06;
 -0.0097238645, -0.93648291, 0.35057846, -4.9160204e-05;
 0, 0, 0, 1]
Ow:
[0.0010013091;
 -2.3193275e-05;
 0.00010604386]
