Keyframe: 0 Frame: 0 Frame from vFrameID : 74
Tcw:
[0.9996646, -0.025791828, 0.0023260843, 0.073299654;
 0.012590935, 0.40558347, -0.9139713, 0.017123066;
 0.022629568, 0.91369408, 0.40577218, -0.13875574;
 0, 0, 0, 1]
Twc:
[0.9996646, 0.012590935, 0.022629568, -0.070350692;
 -0.025791828, 0.40558347, 0.91369408, 0.121726;
 0.0023260843, -0.9139713, 0.40577218, 0.071782708;
 0, 0, 0, 1]
Ow:
[0.073299654;
 0.017123066;
 -0.13875574]
Keyframe: 1 Frame: 130 Frame from vFrameID : 74
Tcw:
[0.99987066, -0.014761155, 0.0063874493, -0.0059441254;
 0.011651956, 0.3910298, -0.92030424, 0.0026606622;
 0.01108707, 0.92025965, 0.39115122, 0.0094458731;
 0, 0, 0, 1]
Twc:
[0.99987066, 0.011651956, 0.01108707, 0.0058076275;
 -0.014761155, 0.3910298, 0.92025965, -0.0098207965;
 0.0063874493, -0.92030424, 0.39115122, -0.0012081786;
 0, 0, 0, 1]
Ow:
[-0.0059441254;
 0.0026606622;
 0.0094458731]
