Keyframe: 0 Frame: 0 Frame from vFrameID : 74
Tcw:
[0.99957234, -0.016612338, 0.024065964, 0.082452685;
 0.028576812, 0.38027373, -0.9244324, 0.0087074563;
 0.0062053292, 0.92472476, 0.38058582, -0.055093497;
 0, 0, 0, 1]
Twc:
[0.99957234, 0.028576812, 0.0062053292, -0.082324378;
 -0.016612338, 0.38027373, 0.92472476, 0.049004838;
 0.024065964, -0.9244324, 0.38058582, 0.027032956;
 0, 0, 0, 1]
Ow:
[0.082452685;
 0.0087074563;
 -0.055093497]
Keyframe: 1 Frame: 147 Frame from vFrameID : 74
Tcw:
[0.99952966, 0.012758173, 0.027887883, -0.041888651;
 0.020532249, 0.3970817, -0.91755354, 0.019319436;
 -0.022780076, 0.91769457, 0.39663297, -0.016741263;
 0, 0, 0, 1]
Twc:
[0.99952966, 0.020532249, -0.022780076, 0.041090909;
 0.012758173, 0.3970817, 0.91769457, 0.0082263947;
 0.027887883, -0.91755354, 0.39663297, 0.025534941;
 0, 0, 0, 1]
Ow:
[-0.041888651;
 0.019319436;
 -0.016741263]
