Keyframe: 0 Frame: 0 Frame from vFrameID : 74
Tcw:
[0.9990139, -0.04085122, -0.017391212, 0.16435321;
 -0.0010175873, 0.37053248, -0.92881894, -0.018406544;
 0.044387396, 0.9279207, 0.37012553, 0.052682366;
 0, 0, 0, 1]
Twc:
[0.9990139, -0.0010175873, 0.044387396, -0.16654828;
 -0.04085122, 0.37053248, 0.9279207, -0.035350807;
 -0.017391212, -0.92881894, 0.37012553, -0.033737134;
 0, 0, 0, 1]
Ow:
[0.16435321;
 -0.018406544;
 0.052682366]
Keyframe: 1 Frame: 168 Frame from vFrameID : 74
Tcw:
[0.99891531, -0.044806685, -0.012671522, 0.0038119557;
 0.0050704251, 0.37518138, -0.92693752, 3.4630066e-06;
 0.046287119, 0.92586786, 0.37500161, 0.0045129233;
 0, 0, 0, 1]
Twc:
[0.99891531, 0.0050704251, 0.046287119, -0.0040167286;
 -0.044806685, 0.37518138, 0.92586786, -0.0040088687;
 -0.012671522, -0.92693752, 0.37500161, -0.0016408403;
 0, 0, 0, 1]
Ow:
[0.0038119557;
 3.4630066e-06;
 0.0045129233]
