Keyframe: 0 Frame: 0 Frame from vFrameID : 74
Tcw:
[0.98725474, -0.15072513, -0.0510884, 0.83424443;
 -0.0046674376, 0.29345229, -0.9559623, -0.36859834;
 0.15907955, 0.94401675, 0.28900868, 2.0345578;
 0, 0, 0, 1]
Twc:
[0.98725474, -0.0046674376, 0.15907955, -1.1489887;
 -0.15072513, 0.29345229, 0.94401675, -1.6867492;
 -0.0510884, -0.9559623, 0.28900868, -0.89775079;
 0, 0, 0, 1]
Ow:
[0.83424443;
 -0.36859834;
 2.0345578]
Keyframe: 1 Frame: 497 Frame from vFrameID : 74
Tcw:
[0.98550761, -0.15821519, -0.061177317, 0.020304525;
 -0.0091531239, 0.31052548, -0.95052099, -0.0077911466;
 0.16938397, 0.93730563, 0.30457708, 0.037606753;
 0, 0, 0, 1]
Twc:
[0.98550761, -0.0091531239, 0.16938397, -0.02645156;
 -0.15821519, 0.31052548, 0.93730563, -0.029617185;
 -0.061177317, -0.95052099, 0.30457708, -0.017617626;
 0, 0, 0, 1]
Ow:
[0.020304525;
 -0.0077911466;
 0.037606753]
