Keyframe: 0 Frame: 0 Frame from vFrameID : 74
Tcw:
[0.99895358, -0.033736683, -0.030879792, 0.57909274;
 -0.016410021, 0.36583108, -0.93053657, -0.24511474;
 0.042690005, 0.93006963, 0.36489463, 1.3591677;
 0, 0, 0, 1]
Twc:
[0.99895358, -0.016410021, 0.042690005, -0.64053202;
 -0.033736683, 0.36583108, 0.93006963, -1.1549132;
 -0.030879792, -0.93053657, 0.36489463, -0.706159;
 0, 0, 0, 1]
Ow:
[0.57909274;
 -0.24511474;
 1.3591677]
Keyframe: 1 Frame: 373 Frame from vFrameID : 74
Tcw:
[0.98527116, -0.1214644, -0.12036275, -0.10970936;
 -0.097086854, 0.18207516, -0.9784798, 0.44650778;
 0.14076553, 0.97575355, 0.1676008, -0.33774367;
 0, 0, 0, 1]
Twc:
[0.98527116, -0.097086854, 0.14076553, 0.19898617;
 -0.1214644, 0.18207516, 0.97575355, 0.23493084;
 -0.12036275, -0.9784798, 0.1676008, 0.48030007;
 0, 0, 0, 1]
Ow:
[-0.10970936;
 0.44650778;
 -0.33774367]
