Keyframe: 0 Frame: 0 Frame from vFrameID : 74
Tcw:
[0.99783474, -0.044670627, -0.048274044, 0.3685551;
 -0.029559916, 0.35107642, -0.93588012, -0.10709271;
 0.058754228, 0.93528062, 0.3489958, 0.65710056;
 0, 0, 0, 1]
Twc:
[0.99783474, -0.029559916, 0.058754228, -0.40953016;
 -0.044670627, 0.35107642, 0.93528062, -0.56051213;
 -0.048274044, -0.93588012, 0.3489958, -0.31175962;
 0, 0, 0, 1]
Ow:
[0.3685551;
 -0.10709271;
 0.65710056]
Keyframe: 1 Frame: 262 Frame from vFrameID : 74
Tcw:
[0.99855405, -0.042105556, -0.033419855, 0.010032449;
 -0.015925169, 0.36207908, -0.93201131, -0.0042460766;
 0.051343486, 0.93119591, 0.36088499, 0.017059444;
 0, 0, 0, 1]
Twc:
[0.99855405, -0.015925169, 0.051343486, -0.010961452;
 -0.042105556, 0.36207908, 0.93119591, -0.013925848;
 -0.033419855, -0.93201131, 0.36088499, -0.0097786067;
 0, 0, 0, 1]
Ow:
[0.010032449;
 -0.0042460766;
 0.017059444]
