Keyframe: 0 Frame: 0 Frame from vFrameID : 74
Tcw:
[0.98724085, -0.1522098, -0.046772934, 0.84580654;
 0.0085901953, 0.34421816, -0.9388504, -0.38076359;
 0.15900233, 0.92646968, 0.34113374, 2.0695603;
 0, 0, 0, 1]
Twc:
[0.98724085, 0.0085901953, 0.15900233, -1.1608088;
 -0.1522098, 0.34421816, 0.92646968, -1.6575789;
 -0.046772934, -0.9388504, 0.34113374, -1.023916;
 0, 0, 0, 1]
Ow:
[0.84580654;
 -0.38076359;
 2.0695603]
Keyframe: 1 Frame: 503 Frame from vFrameID : 74
Tcw:
[0.98945761, -0.13718975, -0.046396215, 0.0071295425;
 0.0045828368, 0.34986562, -0.93678868, -0.0027817893;
 0.14475024, 0.92670006, 0.3468059, 0.025334563;
 0, 0, 0, 1]
Twc:
[0.98945761, 0.0045828368, 0.14475024, -0.010708816;
 -0.13718975, 0.34986562, 0.92670006, -0.02152619;
 -0.046396215, -0.93678868, 0.3468059, -0.011061342;
 0, 0, 0, 1]
Ow:
[0.0071295425;
 -0.0027817893;
 0.025334563]
