Keyframe: 0 Frame: 0 Frame from vFrameID : 122
Tcw:
[0.93195927, 0.26989034, 0.24209739, 0.04112605;
 0.1425311, 0.34125078, -0.9291032, -0.087996796;
 -0.33337191, 0.90039277, 0.27956405, 0.10448378;
 0, 0, 0, 1]
Twc:
[0.93195927, 0.1425311, -0.33337191, 0.0090464354;
 0.26989034, 0.34125078, 0.90039277, -0.075146988;
 0.24209739, -0.9291032, 0.27956405, -0.12092452;
 0, 0, 0, 1]
Ow:
[0.04112605;
 -0.087996796;
 0.10448378]
Keyframe: 1 Frame: 121 Frame from vFrameID : 122
Tcw:
[0.93525922, 0.26840359, 0.23075889, 0.046983838;
 0.13622616, 0.32877591, -0.93453133, -0.09189491;
 -0.32669953, 0.90546447, 0.27092713, 0.10525835;
 0, 0, 0, 1]
Twc:
[0.93525922, 0.13622616, -0.32669953, 0.0029642775;
 0.26840359, 0.32877591, 0.90546447, -0.077705495;
 0.23075889, -0.93453133, 0.27092713, -0.12523796;
 0, 0, 0, 1]
Ow:
[0.046983838;
 -0.09189491;
 0.10525835]
Keyframe: 2 Frame: 125 Frame from vFrameID : 126
Tcw:
[0.93742448, 0.2729252, 0.21621092, 0.048281126;
 0.12271564, 0.32214418, -0.93870336, -0.094582006;
 -0.32584691, 0.90649599, 0.26849365, 0.10695983;
 0, 0, 0, 1]
Twc:
[0.93742448, 0.12271564, -0.32584691, 0.0011993109;
 0.2729252, 0.32214418, 0.90649599, -0.079666749;
 0.21621092, -0.93870336, 0.26849365, -0.12794138;
 0, 0, 0, 1]
Ow:
[0.048281126;
 -0.094582006;
 0.10695983]
Keyframe: 3 Frame: 129 Frame from vFrameID : 130
Tcw:
[0.93967617, 0.25857547, 0.2239363, 0.056927443;
 0.12919734, 0.33788028, -0.93227947, -0.099396884;
 -0.31672826, 0.90497273, 0.28409076, 0.11122078;
 0, 0, 0, 1]
Twc:
[0.93967617, 0.12919734, -0.31672826, -0.0054247794;
 0.25857547, 0.33788028, 0.90497273, -0.081787571;
 0.2239363, -0.93227947, 0.28409076, -0.13701059;
 0, 0, 0, 1]
Ow:
[0.056927443;
 -0.099396884;
 0.11122078]
Keyframe: 4 Frame: 133 Frame from vFrameID : 134
Tcw:
[0.93632197, 0.26585877, 0.2293912, 0.061576359;
 0.13025968, 0.34368148, -0.93000829, -0.10262988;
 -0.32608837, 0.90066761, 0.28716585, 0.11615041;
 0, 0, 0, 1]
Twc:
[0.93632197, 0.13025968, -0.32608837, -0.0064114649;
 0.26585877, 0.34368148, 0.90066761, -0.085711539;
 0.2293912, -0.93000829, 0.28716585, -0.14292614;
 0, 0, 0, 1]
Ow:
[0.061576359;
 -0.10262988;
 0.11615041]
Keyframe: 5 Frame: 137 Frame from vFrameID : 138
Tcw:
[0.93363863, 0.27131048, 0.2339008, 0.06658949;
 0.1363714, 0.33459026, -0.93244421, -0.10937826;
 -0.3312428, 0.90246332, 0.27538738, 0.12274816;
 0, 0, 0, 1]
Twc:
[0.93363863, 0.1363714, -0.3312428, -0.0065950067;
 0.27131048, 0.33459026, 0.90246332, -0.092245229;
 0.2339008, -0.93244421, 0.27538738, -0.15136775;
 0, 0, 0, 1]
Ow:
[0.06658949;
 -0.10937826;
 0.12274816]
Keyframe: 6 Frame: 141 Frame from vFrameID : 142
Tcw:
[0.93009645, 0.26912358, 0.24998628, 0.075463437;
 0.15577808, 0.3273344, -0.9319793, -0.10549064;
 -0.3326467, 0.90577298, 0.26252902, 0.15197363;
 0, 0, 0, 1]
Twc:
[0.93009645, 0.15577808, -0.3326467, -0.0032016148;
 0.26912358, 0.3273344, 0.90577298, -0.12343188;
 0.24998628, -0.9319793, 0.26252902, -0.1570774;
 0, 0, 0, 1]
Ow:
[0.075463437;
 -0.10549064;
 0.15197363]
Keyframe: 7 Frame: 146 Frame from vFrameID : 147
Tcw:
[0.92157173, 0.28089112, 0.26796591, 0.098180339;
 0.16689569, 0.33654794, -0.92675847, -0.11038899;
 -0.3505016, 0.8987968, 0.26327357, 0.16668047;
 0, 0, 0, 1]
Twc:
[0.92157173, 0.16689569, -0.3505016, -0.01363501;
 0.28089112, 0.33654794, 0.8987968, -0.14023866;
 0.26796591, -0.92675847, 0.26327357, -0.17249548;
 0, 0, 0, 1]
Ow:
[0.098180339;
 -0.11038899;
 0.16668047]
Keyframe: 8 Frame: 152 Frame from vFrameID : 153
Tcw:
[0.91808122, 0.27455851, 0.28590995, 0.078290895;
 0.1841664, 0.3432616, -0.92100716, -0.12211286;
 -0.35101226, 0.8982144, 0.2645776, 0.19952276;
 0, 0, 0, 1]
Twc:
[0.91808122, 0.1841664, -0.35101226, 0.020646622;
 0.27455851, 0.3432616, 0.8982144, -0.15879299;
 0.28590995, -0.92100716, 0.2645776, -0.18764021;
 0, 0, 0, 1]
Ow:
[0.078290895;
 -0.12211286;
 0.19952276]
Keyframe: 9 Frame: 160 Frame from vFrameID : 161
Tcw:
[0.93297172, 0.25329617, 0.25574359, 0.073847935;
 0.17705764, 0.29565349, -0.93874365, -0.13276152;
 -0.31339166, 0.92110264, 0.23098834, 0.36626488;
 0, 0, 0, 1]
Twc:
[0.93297172, 0.17705764, -0.31339166, 0.069392756;
 0.25329617, 0.29565349, 0.92110264, -0.31682152;
 0.25574359, -0.93874365, 0.23098834, -0.22811808;
 0, 0, 0, 1]
Ow:
[0.073847935;
 -0.13276152;
 0.36626488]
Keyframe: 10 Frame: 167 Frame from vFrameID : 168
Tcw:
[0.92911339, 0.26905298, 0.2536903, 0.039213158;
 0.17058505, 0.29684165, -0.93956679, -0.16275121;
 -0.3280991, 0.91623986, 0.22990315, 0.45281443;
 0, 0, 0, 1]
Twc:
[0.92911339, 0.17058505, -0.3280991, 0.13989747;
 0.26905298, 0.29684165, 0.91623986, -0.37712574;
 0.2536903, -0.93956679, 0.22990315, -0.26696709;
 0, 0, 0, 1]
Ow:
[0.039213158;
 -0.16275121;
 0.45281443]
Keyframe: 11 Frame: 175 Frame from vFrameID : 176
Tcw:
[0.91984802, 0.28163281, 0.27306145, 0.0734317;
 0.19326311, 0.28039175, -0.94022864, -0.18305814;
 -0.3413634, 0.91764015, 0.20348856, 0.47979099;
 0, 0, 0, 1]
Twc:
[0.91984802, 0.19326311, -0.3413634, 0.13161546;
 0.28163281, 0.28039175, 0.91764015, -0.40962824;
 0.27306145, -0.94022864, 0.20348856, -0.28979984;
 0, 0, 0, 1]
Ow:
[0.0734317;
 -0.18305814;
 0.47979099]
Keyframe: 12 Frame: 184 Frame from vFrameID : 185
Tcw:
[0.90493268, 0.28969309, 0.31172872, 0.025002822;
 0.22796679, 0.28855103, -0.92992979, -0.17161253;
 -0.35934389, 0.91258764, 0.19507883, 0.58936906;
 0, 0, 0, 1]
Twc:
[0.90493268, 0.22796679, -0.35934389, 0.22828226;
 0.28969309, 0.28855103, 0.91258764, -0.49557513;
 0.31172872, -0.92992979, 0.19507883, -0.28235516;
 0, 0, 0, 1]
Ow:
[0.025002822;
 -0.17161253;
 0.58936906]
Keyframe: 13 Frame: 193 Frame from vFrameID : 194
Tcw:
[0.90905797, 0.28697467, 0.3020913, -0.0066984668;
 0.2284417, 0.26307395, -0.93734014, -0.12557989;
 -0.34846523, 0.92110676, 0.17359248, 0.86123776;
 0, 0, 0, 1]
Twc:
[0.90905797, 0.2284417, -0.34846523, 0.33488837;
 0.28697467, 0.26307395, 0.92110676, -0.75833279;
 0.3020913, -0.93734014, 0.17359248, -0.26519191;
 0, 0, 0, 1]
Ow:
[-0.0066984668;
 -0.12557989;
 0.86123776]
Keyframe: 14 Frame: 202 Frame from vFrameID : 203
Tcw:
[0.90749729, 0.28816202, 0.30563274, 0.078937113;
 0.22846514, 0.27197027, -0.93479186, -0.24547043;
 -0.35249454, 0.9181475, 0.18097728, 0.93307507;
 0, 0, 0, 1]
Twc:
[0.90749729, 0.22846514, -0.35249454, 0.31335008;
 0.28816202, 0.27197027, 0.9181475, -0.81268656;
 0.30563274, -0.93479186, 0.18097728, -0.42245495;
 0, 0, 0, 1]
Ow:
[0.078937113;
 -0.24547043;
 0.93307507]
Keyframe: 15 Frame: 212 Frame from vFrameID : 213
Tcw:
[0.8882435, 0.30592489, 0.34268555, 0.014389023;
 0.27177429, 0.25146115, -0.92892736, -0.3372646;
 -0.37035412, 0.91824681, 0.1402162, 1.1118184;
 0, 0, 0, 1]
Twc:
[0.8882435, 0.27177429, -0.37035412, 0.49064544;
 0.30592489, 0.25146115, 0.91824681, -0.94051683;
 0.34268555, -0.92892736, 0.1402162, -0.4741202;
 0, 0, 0, 1]
Ow:
[0.014389023;
 -0.3372646;
 1.1118184]
Keyframe: 16 Frame: 220 Frame from vFrameID : 221
Tcw:
[0.88543367, 0.30397245, 0.35157931, 0.030399397;
 0.27628374, 0.26404154, -0.92409378, -0.38369507;
 -0.3737306, 0.91535938, 0.14980862, 1.1409543;
 0, 0, 0, 1]
Twc:
[0.88543367, 0.27628374, -0.3737306, 0.50550157;
 0.30397245, 0.26404154, 0.91535938, -0.95231235;
 0.35157931, -0.92409378, 0.14980862, -0.53618282;
 0, 0, 0, 1]
Ow:
[0.030399397;
 -0.38369507;
 1.1409543]
Keyframe: 17 Frame: 226 Frame from vFrameID : 227
Tcw:
[0.89812988, 0.28605598, 0.33396813, 0.067640036;
 0.26493955, 0.25413847, -0.93017238, -0.41342434;
 -0.35095555, 0.92389697, 0.1524618, 1.1472991;
 0, 0, 0, 1]
Twc:
[0.89812988, 0.26493955, -0.35095555, 0.45143384;
 0.28605598, 0.25413847, 0.92389697, -0.97426796;
 0.33396813, -0.93017238, 0.1524618, -0.58206481;
 0, 0, 0, 1]
Ow:
[0.067640036;
 -0.41342434;
 1.1472991]
Keyframe: 18 Frame: 234 Frame from vFrameID : 235
Tcw:
[0.90782416, 0.28407529, 0.30847442, 0.065514237;
 0.23181766, 0.27302602, -0.93365806, -0.41243479;
 -0.34945074, 0.9191072, 0.18200596, 1.151342;
 0, 0, 0, 1]
Twc:
[0.90782416, 0.23181766, -0.34945074, 0.43847153;
 0.28407529, 0.27302602, 0.9191072, -0.96421218;
 0.30847442, -0.93365806, 0.18200596, -0.61483359;
 0, 0, 0, 1]
Ow:
[0.065514237;
 -0.41243479;
 1.151342]
Keyframe: 19 Frame: 241 Frame from vFrameID : 242
Tcw:
[0.90073055, 0.28715137, 0.3259272, 0.092361808;
 0.25413045, 0.26016051, -0.93152255, -0.32557487;
 -0.35228136, 0.92187881, 0.16136059, 1.1762654;
 0, 0, 0, 1]
Twc:
[0.90073055, 0.25413045, -0.35228136, 0.4139218;
 0.28715137, 0.26016051, 0.92187881, -1.0261943;
 0.3259272, -0.93152255, 0.16136059, -0.52318645;
 0, 0, 0, 1]
Ow:
[0.092361808;
 -0.32557487;
 1.1762654]
Keyframe: 20 Frame: 251 Frame from vFrameID : 252
Tcw:
[0.89355594, 0.28630272, 0.34581575, 0.11805305;
 0.27122387, 0.26957059, -0.92399639, -0.42903018;
 -0.35776442, 0.91943592, 0.16322428, 1.2238948;
 0, 0, 0, 1]
Twc:
[0.89355594, 0.27122387, -0.35776442, 0.44874233;
 0.28630272, 0.26957059, 0.91943592, -1.043438;
 0.34581575, -0.92399639, 0.16322428, -0.6370163;
 0, 0, 0, 1]
Ow:
[0.11805305;
 -0.42903018;
 1.2238948]
Keyframe: 21 Frame: 258 Frame from vFrameID : 259
Tcw:
[0.89385486, 0.26398078, 0.3624053, 0.13739654;
 0.29032299, 0.27517688, -0.91650981, -0.47462198;
 -0.34166655, 0.92444134, 0.16932851, 1.2283982;
 0, 0, 0, 1]
Twc:
[0.89385486, 0.29032299, -0.34166655, 0.43468365;
 0.26398078, 0.27517688, 0.92444134, -1.0412471;
 0.3624053, -0.91650981, 0.16932851, -0.69279176;
 0, 0, 0, 1]
Ow:
[0.13739654;
 -0.47462198;
 1.2283982]
Keyframe: 22 Frame: 265 Frame from vFrameID : 266
Tcw:
[0.89640427, 0.27305436, 0.34914279, 0.050567895;
 0.28441313, 0.2498095, -0.92558324, -0.32456279;
 -0.33995375, 0.92899758, 0.14627005, 1.3519323;
 0, 0, 0, 1]
Twc:
[0.89640427, 0.28441313, -0.33995375, 0.50657505;
 0.27305436, 0.2498095, 0.92899758, -1.1886708;
 0.34914279, -0.92558324, 0.14627005, -0.51581252;
 0, 0, 0, 1]
Ow:
[0.050567895;
 -0.32456279;
 1.3519323]
Keyframe: 23 Frame: 273 Frame from vFrameID : 274
Tcw:
[0.93479669, 0.18534885, 0.30298677, 0.087591082;
 0.24259819, 0.28987253, -0.92580777, -0.42673773;
 -0.25942495, 0.93894607, 0.22600658, 1.3541461;
 0, 0, 0, 1]
Twc:
[0.93479669, 0.24259819, -0.25942495, 0.37294522;
 0.18534885, 0.28987253, 0.93894607, -1.1640055;
 0.30298677, -0.92580777, 0.22600658, -0.72766197;
 0, 0, 0, 1]
Ow:
[0.087591082;
 -0.42673773;
 1.3541461]
Keyframe: 24 Frame: 282 Frame from vFrameID : 283
Tcw:
[0.95358896, 0.16573302, 0.25139743, 0.11994296;
 0.20732315, 0.24409822, -0.94732952, -0.2912935;
 -0.21836945, 0.95548344, 0.19840907, 1.4095591;
 0, 0, 0, 1]
Twc:
[0.95358896, 0.20732315, -0.21836945, 0.25382027;
 0.16573302, 0.24409822, 0.95548344, -1.2955848;
 0.25139743, -0.94732952, 0.19840907, -0.58577359;
 0, 0, 0, 1]
Ow:
[0.11994296;
 -0.2912935;
 1.4095591]
Keyframe: 25 Frame: 287 Frame from vFrameID : 288
Tcw:
[0.94713336, 0.12865008, 0.2939176, 0.071696341;
 0.25934607, 0.23233309, -0.93742251, -0.29843885;
 -0.18888627, 0.96409053, 0.18668553, 1.419245;
 0, 0, 0, 1]
Twc:
[0.94713336, 0.25934607, -0.18888627, 0.27756882;
 0.12865008, 0.23233309, 0.96409053, -1.3081671;
 0.2939176, -0.93742251, 0.18668553, -0.56578863;
 0, 0, 0, 1]
Ow:
[0.071696341;
 -0.29843885;
 1.419245]
Keyframe: 26 Frame: 294 Frame from vFrameID : 295
Tcw:
[0.93803889, 0.1578811, 0.30847472, -0.055262372;
 0.26132646, 0.26231712, -0.92892313, -0.15775493;
 -0.2275776, 0.95197862, 0.20480514, 1.5685713;
 0, 0, 0, 1]
Twc:
[0.93803889, 0.26132646, -0.2275776, 0.45003551;
 0.1578811, 0.26231712, 0.95197862, -1.4431398;
 0.30847472, -0.92892313, 0.20480514, -0.45074669;
 0, 0, 0, 1]
Ow:
[-0.055262372;
 -0.15775493;
 1.5685713]
Keyframe: 27 Frame: 300 Frame from vFrameID : 301
Tcw:
[0.93516451, 0.11178231, 0.33611318, -0.2565006;
 0.29241744, 0.29187438, -0.91065985, -0.36787659;
 -0.1998985, 0.94990212, 0.24026346, 1.517635;
 0, 0, 0, 1]
Twc:
[0.93516451, 0.29241744, -0.1998985, 0.65081674;
 0.11178231, 0.29187438, 0.94990212, -1.3055588;
 0.33611318, -0.91065985, 0.24026346, -0.61342943;
 0, 0, 0, 1]
Ow:
[-0.2565006;
 -0.36787659;
 1.517635]
Keyframe: 28 Frame: 307 Frame from vFrameID : 308
Tcw:
[0.92421472, 0.29896733, 0.23758294, -0.30068004;
 0.15895523, 0.26450607, -0.95119387, 0.79653716;
 -0.34721804, 0.91687244, 0.19693799, 2.2410698;
 0, 0, 0, 1]
Twc:
[0.92421472, 0.15895523, -0.34721804, 0.92941898;
 0.29896733, 0.26450607, 0.91687244, -2.1755705;
 0.23758294, -0.95119387, 0.19693799, 0.38774598;
 0, 0, 0, 1]
Ow:
[-0.30068004;
 0.79653716;
 2.2410698]
Keyframe: 29 Frame: 311 Frame from vFrameID : 312
Tcw:
[0.96911407, 0.20814091, 0.1322697, 0.70930791;
 0.065889768, 0.29831374, -0.95219088, -0.41156802;
 -0.23764774, 0.9314968, 0.27538568, 1.2532239;
 0, 0, 0, 1]
Twc:
[0.96911407, 0.065889768, -0.23764774, -0.36245629;
 0.20814091, 0.29831374, 0.9314968, -1.1922337;
 0.1322697, -0.95219088, 0.27538568, -0.83083117;
 0, 0, 0, 1]
Ow:
[0.70930791;
 -0.41156802;
 1.2532239]
Keyframe: 30 Frame: 316 Frame from vFrameID : 317
Tcw:
[0.96702874, 0.16284956, 0.19579437, 0.39233682;
 0.14776683, 0.26736477, -0.95219803, -0.65357316;
 -0.20741355, 0.94973475, 0.23448566, 1.6466246;
 0, 0, 0, 1]
Twc:
[0.96702874, 0.14776683, -0.20741355, 0.058707707;
 0.16284956, 0.26736477, 0.94973475, -1.453006;
 0.19579437, -0.95219803, 0.23448566, -1.0852582;
 0, 0, 0, 1]
Ow:
[0.39233682;
 -0.65357316;
 1.6466246]
Keyframe: 31 Frame: 320 Frame from vFrameID : 321
Tcw:
[0.95406842, 0.20024699, 0.2228331, 0.28594917;
 0.16398607, 0.27341512, -0.9478147, -0.59712052;
 -0.25072297, 0.94082165, 0.22801901, 1.656441;
 0, 0, 0, 1]
Twc:
[0.95406842, 0.16398607, -0.25072297, 0.24041218;
 0.20024699, 0.27341512, 0.94082165, -1.452414;
 0.2228331, -0.9478147, 0.22801901, -1.0073786;
 0, 0, 0, 1]
Ow:
[0.28594917;
 -0.59712052;
 1.656441]
Keyframe: 32 Frame: 325 Frame from vFrameID : 326
Tcw:
[0.94084001, 0.22758666, 0.25104663, 0.022110119;
 0.20269942, 0.21569596, -0.95519012, -0.40197209;
 -0.27153826, 0.94956809, 0.1568037, 1.9783255;
 0, 0, 0, 1]
Twc:
[0.94084001, 0.20269942, -0.27153826, 0.5978685;
 0.22758666, 0.21569596, 0.94956809, -1.796883;
 0.25104663, -0.95519012, 0.1568037, -0.69971919;
 0, 0, 0, 1]
Ow:
[0.022110119;
 -0.40197209;
 1.9783255]
Keyframe: 33 Frame: 329 Frame from vFrameID : 330
Tcw:
[0.93832332, 0.18513252, 0.29201943, -0.2877427;
 0.24666516, 0.23341736, -0.94057035, -0.10518253;
 -0.24229257, 0.95459014, 0.17335521, 2.2639713;
 0, 0, 0, 1]
Twc:
[0.93832332, 0.24666516, -0.24229257, 0.84448391;
 0.18513252, 0.23341736, 0.95459014, -2.0833426;
 0.29201943, -0.94057035, 0.17335521, -0.40737629;
 0, 0, 0, 1]
Ow:
[-0.2877427;
 -0.10518253;
 2.2639713]
Keyframe: 34 Frame: 334 Frame from vFrameID : 335
Tcw:
[0.91833925, 0.25758141, 0.30050769, -0.018962473;
 0.22048403, 0.29760197, -0.92888099, -0.2788738;
 -0.32869413, 0.919285, 0.21650697, 2.0645974;
 0, 0, 0, 1]
Twc:
[0.91833925, 0.22048403, -0.32869413, 0.75752228;
 0.25758141, 0.29760197, 0.919285, -1.8100756;
 0.30050769, -0.92888099, 0.21650697, -0.70034188;
 0, 0, 0, 1]
Ow:
[-0.018962473;
 -0.2788738;
 2.0645974]
Keyframe: 35 Frame: 337 Frame from vFrameID : 338
Tcw:
[0.91184592, 0.30948722, 0.26973069, 0.38798645;
 0.1708788, 0.31127933, -0.93482918, -0.56766051;
 -0.37327927, 0.89851147, 0.23095399, 1.9377282;
 0, 0, 0, 1]
Twc:
[0.91184592, 0.1708788, -0.37327927, 0.46653101;
 0.30948722, 0.31127933, 0.89851147, -1.6844467;
 0.26973069, -0.93482918, 0.23095399, -1.0828434;
 0, 0, 0, 1]
Ow:
[0.38798645;
 -0.56766051;
 1.9377282]
Keyframe: 36 Frame: 341 Frame from vFrameID : 342
Tcw:
[0.93896371, 0.18009894, 0.29310665, -0.10707733;
 0.22634798, 0.31818476, -0.92061126, -0.60287386;
 -0.25906318, 0.93076468, 0.25799891, 1.7378845;
 0, 0, 0, 1]
Twc:
[0.93896371, 0.22634798, -0.25906318, 0.68722284;
 0.18009894, 0.31818476, 0.93076468, -1.4064516;
 0.29310665, -0.92061126, 0.25799891, -0.97199965;
 0, 0, 0, 1]
Ow:
[-0.10707733;
 -0.60287386;
 1.7378845]
Keyframe: 37 Frame: 343 Frame from vFrameID : 344
Tcw:
[0.9653846, 0.1974358, 0.17044567, 0.55145568;
 0.12082047, 0.24064477, -0.96306413, -0.76094437;
 -0.23116019, 0.9503206, 0.20846047, 1.8005742;
 0, 0, 0, 1]
Twc:
[0.9653846, 0.12082047, -0.23116019, -0.024208101;
 0.1974358, 0.24064477, 0.9503206, -1.6368824;
 0.17044567, -0.96306413, 0.20846047, -1.2021799;
 0, 0, 0, 1]
Ow:
[0.55145568;
 -0.76094437;
 1.8005742]
Keyframe: 38 Frame: 347 Frame from vFrameID : 348
Tcw:
[0.92912084, 0.17754813, 0.32436267, -0.84606934;
 0.28214157, 0.2266151, -0.93222409, -0.17022869;
 -0.23902011, 0.95766503, 0.1604591, 2.4300442;
 0, 0, 0, 1]
Twc:
[0.92912084, 0.28214157, -0.23902011, 1.4149587;
 0.17754813, 0.2266151, 0.95766503, -2.1383739;
 0.32436267, -0.93222409, 0.1604591, -0.27418068;
 0, 0, 0, 1]
Ow:
[-0.84606934;
 -0.17022869;
 2.4300442]
Keyframe: 39 Frame: 351 Frame from vFrameID : 352
Tcw:
[0.9273265, 0.24437837, 0.28345147, -0.079194635;
 0.2103975, 0.28595182, -0.93486065, -0.42927113;
 -0.30951318, 0.92655855, 0.2137541, 2.1787753;
 0, 0, 0, 1]
Twc:
[0.9273265, 0.2103975, -0.30951318, 0.83811659;
 0.24437837, 0.28595182, 0.92655855, -1.8766587;
 0.28345147, -0.93486065, 0.2137541, -0.84458303;
 0, 0, 0, 1]
Ow:
[-0.079194635;
 -0.42927113;
 2.1787753]
Keyframe: 40 Frame: 354 Frame from vFrameID : 355
Tcw:
[0.90687555, 0.29323694, 0.30263647, -0.27117503;
 0.21015961, 0.30776116, -0.92796338, -0.23593089;
 -0.36525288, 0.90514922, 0.21747452, 2.3310773;
 0, 0, 0, 1]
Twc:
[0.90687555, 0.21015961, -0.36525288, 1.1469378;
 0.29323694, 0.30776116, 0.90514922, -1.957844;
 0.30263647, -0.92796338, 0.21747452, -0.64381766;
 0, 0, 0, 1]
Ow:
[-0.27117503;
 -0.23593089;
 2.3310773]
Keyframe: 41 Frame: 356 Frame from vFrameID : 357
Tcw:
[0.91388321, 0.2960878, 0.27775794, -0.22982132;
 0.19213027, 0.28727379, -0.93838143, -0.33143511;
 -0.35763586, 0.91093677, 0.20564727, 2.2840521;
 0, 0, 0, 1]
Twc:
[0.91388321, 0.19213027, -0.35763586, 1.0905676;
 0.2960878, 0.28727379, 0.91093677, -1.9173672;
 0.27775794, -0.93838143, 0.20564727, -0.716887;
 0, 0, 0, 1]
Ow:
[-0.22982132;
 -0.33143511;
 2.2840521]
Keyframe: 42 Frame: 358 Frame from vFrameID : 359
Tcw:
[0.90431339, 0.30988613, 0.2935777, -0.26522049;
 0.21557893, 0.26205626, -0.94066584, -0.34788743;
 -0.36843318, 0.91394591, 0.17017607, 2.4545751;
 0, 0, 0, 1]
Twc:
[0.90431339, 0.21557893, -0.36843318, 1.2191865;
 0.30988613, 0.26205626, 0.91394591, -2.0699944;
 0.2935777, -0.94066584, 0.17017607, -0.66709292;
 0, 0, 0, 1]
Ow:
[-0.26522049;
 -0.34788743;
 2.4545751]
Keyframe: 43 Frame: 361 Frame from vFrameID : 362
Tcw:
[0.9071601, 0.30329132, 0.29167601, -0.24206772;
 0.21549951, 0.26050282, -0.94111544, -0.33394295;
 -0.36141455, 0.91659844, 0.17095865, 2.3893247;
 0, 0, 0, 1]
Twc:
[0.9071601, 0.21549951, -0.36141455, 1.1550956;
 0.30329132, 0.26050282, 0.91659844, -2.0296412;
 0.29167601, -0.94111544, 0.17095865, -0.6521492;
 0, 0, 0, 1]
Ow:
[-0.24206772;
 -0.33394295;
 2.3893247]
Keyframe: 44 Frame: 363 Frame from vFrameID : 364
Tcw:
[0.89736444, 0.31760058, 0.30637717, -0.268242;
 0.22690973, 0.26337239, -0.93762839, -0.30416086;
 -0.37848261, 0.9109143, 0.16427435, 2.4452066;
 0, 0, 0, 1]
Twc:
[0.89736444, 0.22690973, -0.37848261, 1.235196;
 0.31760058, 0.26337239, 0.9109143, -2.0620723;
 0.30637717, -0.93762839, 0.16427435, -0.60469133;
 0, 0, 0, 1]
Ow:
[-0.268242;
 -0.30416086;
 2.4452066]
Keyframe: 45 Frame: 365 Frame from vFrameID : 366
Tcw:
[0.89609468, 0.30361053, 0.32378235, -0.24385449;
 0.24173532, 0.27797049, -0.92967546, -0.34872192;
 -0.3722612, 0.91134685, 0.17569448, 2.3732536;
 0, 0, 0, 1]
Twc:
[0.89609468, 0.24173532, -0.3722612, 1.1862853;
 0.30361053, 0.27797049, 0.91134685, -1.9918859;
 0.32378235, -0.92967546, 0.17569448, -0.66220993;
 0, 0, 0, 1]
Ow:
[-0.24385449;
 -0.34872192;
 2.3732536]
Keyframe: 46 Frame: 369 Frame from vFrameID : 370
Tcw:
[0.8754822, 0.33004177, 0.35299197, -0.15585759;
 0.29235551, 0.21988946, -0.93068624, -0.68838489;
 -0.38478455, 0.91799837, 0.09601979, 2.7228446;
 0, 0, 0, 1]
Twc:
[0.8754822, 0.29235551, -0.38478455, 1.3854122;
 0.33004177, 0.21988946, 0.91799837, -2.2967589;
 0.35299197, -0.93068624, 0.09601979, -0.84710085;
 0, 0, 0, 1]
Ow:
[-0.15585759;
 -0.68838489;
 2.7228446]
Keyframe: 47 Frame: 372 Frame from vFrameID : 373
Tcw:
[0.86820883, 0.30422169, 0.39199823, -0.56375635;
 0.32662901, 0.24431011, -0.91303122, -0.89857721;
 -0.37353304, 0.92073977, 0.11274455, 2.8214965;
 0, 0, 0, 1]
Twc:
[0.86820883, 0.32662901, -0.37353304, 1.8368816;
 0.30422169, 0.24431011, 0.92073977, -2.2068255;
 0.39199823, -0.91303122, 0.11274455, -0.91754597;
 0, 0, 0, 1]
Ow:
[-0.56375635;
 -0.89857721;
 2.8214965]
Keyframe: 48 Frame: 374 Frame from vFrameID : 375
Tcw:
[0.91064298, 0.27741101, 0.30622301, -0.11770269;
 0.21551457, 0.31342795, -0.92483318, -0.50353944;
 -0.35253775, 0.90818834, 0.22563486, 2.2429838;
 0, 0, 0, 1]
Twc:
[0.91064298, 0.21551457, -0.35253775, 1.0064416;
 0.27741101, 0.31342795, 0.90818834, -1.8465762;
 0.30622301, -0.92483318, 0.22563486, -0.93574202;
 0, 0, 0, 1]
Ow:
[-0.11770269;
 -0.50353944;
 2.2429838]
Keyframe: 49 Frame: 376 Frame from vFrameID : 377
Tcw:
[0.91381174, 0.27328345, 0.30044013, -0.12003887;
 0.210759, 0.31326094, -0.92598504, -0.50829864;
 -0.34717253, 0.90949643, 0.22866458, 2.2451937;
 0, 0, 0, 1]
Twc:
[0.91381174, 0.210759, -0.34717253, 0.99629104;
 0.27328345, 0.31326094, 0.90949643, -1.849961;
 0.30044013, -0.92598504, 0.22866458, -0.94800866;
 0, 0, 0, 1]
Ow:
[-0.12003887;
 -0.50829864;
 2.2451937]
Keyframe: 50 Frame: 378 Frame from vFrameID : 379
Tcw:
[0.92118031, 0.26299942, 0.28680673, -0.10989493;
 0.19993423, 0.31243619, -0.92866027, -0.53915846;
 -0.33384591, 0.91280609, 0.23522748, 2.2558591;
 0, 0, 0, 1]
Twc:
[0.92118031, 0.19993423, -0.33384591, 0.96213865;
 0.26299942, 0.31243619, 0.91280609, -1.861807;
 0.28680673, -0.92866027, 0.23522748, -0.99981654;
 0, 0, 0, 1]
Ow:
[-0.10989493;
 -0.53915846;
 2.2558591]
Keyframe: 51 Frame: 380 Frame from vFrameID : 381
Tcw:
[0.92703193, 0.27088645, 0.25929195, -0.050189167;
 0.17788914, 0.29102227, -0.94003272, -0.58663154;
 -0.33010185, 0.91756558, 0.22159918, 2.3140244;
 0, 0, 0, 1]
Twc:
[0.92703193, 0.17788914, -0.33010185, 0.91474611;
 0.27088645, 0.29102227, 0.91756558, -1.9389508;
 0.25929195, -0.94003272, 0.22159918, -1.0512252;
 0, 0, 0, 1]
Ow:
[-0.050189167;
 -0.58663154;
 2.3140244]
Keyframe: 52 Frame: 385 Frame from vFrameID : 386
Tcw:
[0.92919213, 0.2444635, 0.27719951, -0.071479559;
 0.19381119, 0.31632888, -0.92864054, -0.58395851;
 -0.31470492, 0.91660988, 0.24655055, 2.2751157;
 0, 0, 0, 1]
Twc:
[0.92919213, 0.19381119, -0.31470492, 0.89558607;
 0.2444635, 0.31632888, 0.91660988, -1.8831964;
 0.27719951, -0.92864054, 0.24655055, -1.0834044;
 0, 0, 0, 1]
Ow:
[-0.071479559;
 -0.58395851;
 2.2751157]
Keyframe: 53 Frame: 389 Frame from vFrameID : 390
Tcw:
[0.92702287, 0.23608445, 0.29136351, -0.083583027;
 0.20639309, 0.3274945, -0.9220354, -0.61321574;
 -0.31309816, 0.91488332, 0.25486869, 2.2885394;
 0, 0, 0, 1]
Twc:
[0.92702287, 0.20639309, -0.31309816, 0.92058432;
 0.23608445, 0.3274945, 0.91488332, -1.8731891;
 0.29136351, -0.9220354, 0.25486869, -1.1243305;
 0, 0, 0, 1]
Ow:
[-0.083583027;
 -0.61321574;
 2.2885394]
Keyframe: 54 Frame: 393 Frame from vFrameID : 394
Tcw:
[0.92365557, 0.25542018, 0.28569382, -0.063150167;
 0.19863461, 0.31844887, -0.92689514, -0.63695562;
 -0.3277266, 0.91288054, 0.24340178, 2.3271651;
 0, 0, 0, 1]
Twc:
[0.92365557, 0.19863461, -0.3277266, 0.94752437;
 0.25542018, 0.31844887, 0.91288054, -1.9054562;
 0.28569382, -0.92689514, 0.24340178, -1.1387856;
 0, 0, 0, 1]
Ow:
[-0.063150167;
 -0.63695562;
 2.3271651]
Keyframe: 55 Frame: 397 Frame from vFrameID : 398
Tcw:
[0.91992623, 0.24909101, 0.30280259, -0.020475447;
 0.22184624, 0.30610761, -0.92578745, -0.65552551;
 -0.3232955, 0.91883177, 0.22633651, 2.3213325;
 0, 0, 0, 1]
Twc:
[0.91992623, 0.22184624, -0.3232955, 0.91473812;
 0.24909101, 0.30610761, 0.91883177, -1.9271524;
 0.30280259, -0.92578745, 0.22633651, -1.1260794;
 0, 0, 0, 1]
Ow:
[-0.020475447;
 -0.65552551;
 2.3213325]
Keyframe: 56 Frame: 403 Frame from vFrameID : 404
Tcw:
[0.90495795, 0.25944117, 0.33725572, -0.0056351721;
 0.25036207, 0.31621885, -0.91505438, -0.66005546;
 -0.34404939, 0.91252172, 0.22121052, 2.3492117;
 0, 0, 0, 1]
Twc:
[0.90495795, 0.25036207, -0.34404939, 0.97859722;
 0.25944117, 0.31621885, 0.91252172, -1.9335228;
 0.33725572, -0.91505438, 0.22121052, -1.1217564;
 0, 0, 0, 1]
Ow:
[-0.0056351721;
 -0.66005546;
 2.3492117]
Keyframe: 57 Frame: 408 Frame from vFrameID : 409
Tcw:
[0.89916331, 0.27345613, 0.3416535, 0.033637315;
 0.24764454, 0.3257232, -0.91245633, -0.65478349;
 -0.36080125, 0.90505588, 0.22515842, 2.3862374;
 0, 0, 0, 1]
Twc:
[0.89916331, 0.24764454, -0.36080125, 0.99286556;
 0.27345613, 0.3257232, 0.90505588, -1.9555984;
 0.3416535, -0.91245633, 0.22515842, -1.1462351;
 0, 0, 0, 1]
Ow:
[0.033637315;
 -0.65478349;
 2.3862374]
Keyframe: 58 Frame: 414 Frame from vFrameID : 415
Tcw:
[0.91390508, 0.26921386, 0.30381152, 0.11963463;
 0.21796578, 0.30593532, -0.92676562, -0.66159737;
 -0.34244481, 0.91319633, 0.22091645, 2.4413817;
 0, 0, 0, 1]
Twc:
[0.91390508, 0.21796578, -0.34244481, 0.87090933;
 0.26921386, 0.30593532, 0.91319633, -2.059262;
 0.30381152, -0.92676562, 0.22091645, -1.1888334;
 0, 0, 0, 1]
Ow:
[0.11963463;
 -0.66159737;
 2.4413817]
Keyframe: 59 Frame: 421 Frame from vFrameID : 422
Tcw:
[0.93271369, 0.23531963, 0.27325776, 0.11610603;
 0.19107644, 0.32014391, -0.9278996, -0.68983936;
 -0.3058348, 0.91767782, 0.25363857, 2.4742064;
 0, 0, 0, 1]
Twc:
[0.93271369, 0.19107644, -0.3058348, 0.78021681;
 0.23531963, 0.32014391, 0.91767782, -2.0769985;
 0.27325776, -0.9278996, 0.25363857, -1.2993827;
 0, 0, 0, 1]
Ow:
[0.11610603;
 -0.68983936;
 2.4742064]
Keyframe: 60 Frame: 428 Frame from vFrameID : 429
Tcw:
[0.93258339, 0.2314319, 0.27699736, 0.12029964;
 0.19269167, 0.32970044, -0.92421186, -0.703089;
 -0.30521825, 0.91527969, 0.26287815, 2.4744382;
 0, 0, 0, 1]
Twc:
[0.93258339, 0.19269167, -0.30521825, 0.77853364;
 0.2314319, 0.32970044, 0.91527969, -2.0608354;
 0.27699736, -0.92421186, 0.26287815, -1.3336016;
 0, 0, 0, 1]
Ow:
[0.12029964;
 -0.703089;
 2.4744382]
Keyframe: 61 Frame: 435 Frame from vFrameID : 436
Tcw:
[0.92059743, 0.25801292, 0.29313758, 0.20321611;
 0.2022768, 0.3270447, -0.92310661, -0.67247903;
 -0.33404252, 0.90910459, 0.2488865, 2.5679443;
 0, 0, 0, 1]
Twc:
[0.92059743, 0.2022768, -0.33404252, 0.80674928;
 0.25801292, 0.3270447, 0.90910459, -2.1670315;
 0.29313758, -0.92310661, 0.2488865, -1.3194668;
 0, 0, 0, 1]
Ow:
[0.20321611;
 -0.67247903;
 2.5679443]
Keyframe: 62 Frame: 443 Frame from vFrameID : 444
Tcw:
[0.90657747, 0.27281874, 0.32200503, 0.24865413;
 0.22708346, 0.32778946, -0.91705352, -0.73040563;
 -0.35573924, 0.90450209, 0.23521392, 2.6812124;
 0, 0, 0, 1]
Twc:
[0.90657747, 0.22708346, -0.35573924, 0.89425141;
 0.27281874, 0.32778946, 0.90450209, -2.2535806;
 0.32200503, -0.91705352, 0.23521392, -1.3805475;
 0, 0, 0, 1]
Ow:
[0.24865413;
 -0.73040563;
 2.6812124]
Keyframe: 63 Frame: 451 Frame from vFrameID : 452
Tcw:
[0.92737347, 0.22844593, 0.29629526, 0.19466227;
 0.21678302, 0.31735903, -0.92319465, -0.82869917;
 -0.30493206, 0.92037803, 0.24478716, 2.8261552;
 0, 0, 0, 1]
Twc:
[0.92737347, 0.21678302, -0.30493206, 0.86090857;
 0.22844593, 0.31735903, 0.92037803, -2.3826058;
 0.29629526, -0.92319465, 0.24478716, -1.5145346;
 0, 0, 0, 1]
Ow:
[0.19466227;
 -0.82869917;
 2.8261552]
Keyframe: 64 Frame: 460 Frame from vFrameID : 461
Tcw:
[0.93556535, 0.22415851, 0.2728928, 0.17136598;
 0.19917396, 0.30319402, -0.93188149, -0.73922229;
 -0.29162863, 0.92618912, 0.23901127, 2.8965333;
 0, 0, 0, 1]
Twc:
[0.93556535, 0.19917396, -0.29162863, 0.83162183;
 0.22415851, 0.30319402, 0.92618912, -2.4970233;
 0.2728928, -0.93188149, 0.23901127, -1.4279363;
 0, 0, 0, 1]
Ow:
[0.17136598;
 -0.73922229;
 2.8965333]
Keyframe: 65 Frame: 469 Frame from vFrameID : 470
Tcw:
[0.91963124, 0.25107545, 0.30205879, 0.19980964;
 0.22086598, 0.30537117, -0.92626488, -0.79684818;
 -0.32480243, 0.91853666, 0.22537483, 2.9088457;
 0, 0, 0, 1]
Twc:
[0.91963124, 0.22086598, -0.32480243, 0.93704557;
 0.25107545, 0.30537117, 0.91853666, -2.4787142;
 0.30205879, -0.92626488, 0.22537483, -1.4540274;
 0, 0, 0, 1]
Ow:
[0.19980964;
 -0.79684818;
 2.9088457]
Keyframe: 66 Frame: 478 Frame from vFrameID : 479
Tcw:
[0.91653627, 0.24833186, 0.31351641, 0.034464508;
 0.22787111, 0.31998089, -0.91961241, -0.46189034;
 -0.32868832, 0.91429949, 0.23668644, 3.076216;
 0, 0, 0, 1]
Twc:
[0.91653627, 0.22787111, -0.32868832, 1.0847797;
 0.24833186, 0.31998089, 0.91429949, -2.6733451;
 0.31351641, -0.91961241, 0.23668644, -1.1636639;
 0, 0, 0, 1]
Ow:
[0.034464508;
 -0.46189034;
 3.076216]
Keyframe: 67 Frame: 487 Frame from vFrameID : 488
Tcw:
[0.94552296, 0.20686077, 0.25138605, -0.077268153;
 0.18100257, 0.30779907, -0.93407589, -0.29581165;
 -0.27060005, 0.92869174, 0.25358877, 3.1629388;
 0, 0, 0, 1]
Twc:
[0.94552296, 0.18100257, -0.27060005, 0.98249286;
 0.20686077, 0.30779907, 0.92869174, -2.8303607;
 0.25138605, -0.93407589, 0.25358877, -1.0589721;
 0, 0, 0, 1]
Ow:
[-0.077268153;
 -0.29581165;
 3.1629388]
Keyframe: 68 Frame: 495 Frame from vFrameID : 496
Tcw:
[0.95500553, 0.18338697, 0.23309591, -0.021870941;
 0.17229323, 0.29668075, -0.9393059, -0.47377473;
 -0.24141154, 0.93720317, 0.25173542, 3.2091718;
 0, 0, 0, 1]
Twc:
[0.95500553, 0.17229323, -0.24141154, 0.87724608;
 0.18338697, 0.29668075, 0.93720317, -2.8630753;
 0.23309591, -0.9393059, 0.25173542, -1.2477835;
 0, 0, 0, 1]
Ow:
[-0.021870941;
 -0.47377473;
 3.2091718]
Keyframe: 69 Frame: 504 Frame from vFrameID : 505
Tcw:
[0.94367528, 0.20179492, 0.26221332, 0.030317664;
 0.1914517, 0.31332964, -0.93014556, -0.53984547;
 -0.26985785, 0.92795652, 0.25704744, 3.3302915;
 0, 0, 0, 1]
Twc:
[0.94367528, 0.1914517, -0.26985785, 0.97344965;
 0.20179492, 0.31332964, 0.92795652, -2.9273343;
 0.26221332, -0.93014556, 0.25704744, -1.3661275;
 0, 0, 0, 1]
Ow:
[0.030317664;
 -0.53984547;
 3.3302915]
Keyframe: 70 Frame: 509 Frame from vFrameID : 510
Tcw:
[0.93750447, 0.20573801, 0.28063715, 0.055902123;
 0.21060544, 0.30652514, -0.92827135, -0.55217826;
 -0.27700305, 0.92936224, 0.24403916, 3.3321157;
 0, 0, 0, 1]
Twc:
[0.93750447, 0.21060544, -0.27700305, 0.98688948;
 0.20573801, 0.30652514, 0.92936224, -2.9389873;
 0.28063715, -0.92827135, 0.24403916, -1.3414261;
 0, 0, 0, 1]
Ow:
[0.055902123;
 -0.55217826;
 3.3321157]
Keyframe: 71 Frame: 517 Frame from vFrameID : 518
Tcw:
[0.92370504, 0.23140191, 0.30532309, 0.076400995;
 0.22479986, 0.31795421, -0.9210701, -0.55814868;
 -0.31021616, 0.91943365, 0.24167679, 3.3390822;
 0, 0, 0, 1]
Twc:
[0.92370504, 0.22479986, -0.31021616, 1.090737;
 0.23140191, 0.31795421, 0.91943365, -2.9102783;
 0.30532309, -0.9210701, 0.24167679, -1.3443997;
 0, 0, 0, 1]
Ow:
[0.076400995;
 -0.55814868;
 3.3390822]
Keyframe: 72 Frame: 524 Frame from vFrameID : 525
Tcw:
[0.92420501, 0.23037037, 0.30458921, 0.10514116;
 0.22204593, 0.3247503, -0.91936547, -0.56535172;
 -0.31070998, 0.91731495, 0.24898304, 3.3472641;
 0, 0, 0, 1]
Twc:
[0.92420501, 0.22204593, -0.31070998, 1.0683905;
 0.23037037, 0.3247503, 0.91731495, -2.9111187;
 0.30458921, -0.91936547, 0.24898304, -1.3852017;
 0, 0, 0, 1]
Ow:
[0.10514116;
 -0.56535172;
 3.3472641]
Keyframe: 73 Frame: 531 Frame from vFrameID : 532
Tcw:
[0.93066943, 0.24967156, 0.26742947, 0.13445467;
 0.18142775, 0.31980741, -0.92995012, -0.56934428;
 -0.31770802, 0.91399527, 0.2523376, 3.3541758;
 0, 0, 0, 1]
Twc:
[0.93066943, 0.18142775, -0.31770802, 1.0438106;
 0.24967156, 0.31980741, 0.91399527, -2.9171898;
 0.26742947, -0.92995012, 0.2523376, -1.4118037;
 0, 0, 0, 1]
Ow:
[0.13445467;
 -0.56934428;
 3.3541758]
Keyframe: 74 Frame: 538 Frame from vFrameID : 539
Tcw:
[0.93754357, 0.2417631, 0.25012538, 0.12804285;
 0.15734035, 0.34656465, -0.92473614, -0.5837065;
 -0.31025168, 0.90633523, 0.28688034, 3.4008849;
 0, 0, 0, 1]
Twc:
[0.93754357, 0.15734035, -0.31025168, 1.0269251;
 0.2417631, 0.34656465, 0.90633523, -2.9110057;
 0.25012538, -0.92473614, 0.28688034, -1.5474483;
 0, 0, 0, 1]
Ow:
[0.12804285;
 -0.5837065;
 3.4008849]
Keyframe: 75 Frame: 546 Frame from vFrameID : 547
Tcw:
[0.93494856, 0.23162848, 0.26873669, 0.076674581;
 0.18804564, 0.3187848, -0.92898607, -0.62070227;
 -0.30084881, 0.91908896, 0.25449067, 3.5556202;
 0, 0, 0, 1]
Twc:
[0.93494856, 0.18804564, -0.30084881, 1.1147376;
 0.23162848, 0.3187848, 0.91908896, -3.0878208;
 0.26873669, -0.92898607, 0.25449067, -1.5021012;
 0, 0, 0, 1]
Ow:
[0.076674581;
 -0.62070227;
 3.5556202]
Keyframe: 76 Frame: 553 Frame from vFrameID : 554
Tcw:
[0.92911905, 0.23798782, 0.28301871, 0.087195873;
 0.2102963, 0.28947693, -0.9337979, -0.62478769;
 -0.30415994, 0.92712724, 0.21891059, 3.6164629;
 0, 0, 0, 1]
Twc:
[0.92911905, 0.2102963, -0.30415994, 1.1503582;
 0.23798782, 0.28947693, 0.92712724, -3.192811;
 0.28301871, -0.9337979, 0.21891059, -1.3997855;
 0, 0, 0, 1]
Ow:
[0.087195873;
 -0.62478769;
 3.6164629]
Keyframe: 77 Frame: 561 Frame from vFrameID : 562
Tcw:
[0.92440021, 0.23271914, 0.30220202, 0.10165417;
 0.22492057, 0.30729952, -0.92465007, -0.67638052;
 -0.3080503, 0.92271817, 0.23172443, 3.7016165;
 0, 0, 0, 1]
Twc:
[0.92440021, 0.22492057, -0.3080503, 1.1984468;
 0.23271914, 0.30729952, 0.92271817, -3.2313542;
 0.30220202, -0.92465007, 0.23172443, -1.5138903;
 0, 0, 0, 1]
Ow:
[0.10165417;
 -0.67638052;
 3.7016165]
Keyframe: 78 Frame: 570 Frame from vFrameID : 571
Tcw:
[0.93972027, 0.2079456, 0.27144876, 0.11088187;
 0.19242357, 0.33463261, -0.92249346, -0.70134628;
 -0.28266406, 0.91911894, 0.27444738, 3.7801738;
 0, 0, 0, 1]
Twc:
[0.93972027, 0.19242357, -0.28266406, 1.0992769;
 0.2079456, 0.33463261, 0.91911894, -3.2627933;
 0.27144876, -0.92249346, 0.27444738, -1.714545;
 0, 0, 0, 1]
Ow:
[0.11088187;
 -0.70134628;
 3.7801738]
Keyframe: 79 Frame: 577 Frame from vFrameID : 578
Tcw:
[0.93374789, 0.2008339, 0.29627803, -0.095024705;
 0.20653431, 0.37373319, -0.90424943, -0.72429073;
 -0.29233289, 0.9055326, 0.30749348, 3.7851202;
 0, 0, 0, 1]
Twc:
[0.93374789, 0.20653431, -0.29233289, 1.344835;
 0.2008339, 0.37373319, 0.9055326, -3.1377738;
 0.29627803, -0.90424943, 0.30749348, -1.7906855;
 0, 0, 0, 1]
Ow:
[-0.095024705;
 -0.72429073;
 3.7851202]
Keyframe: 80 Frame: 582 Frame from vFrameID : 583
Tcw:
[0.92585605, 0.22097802, 0.30652776, 0.11202562;
 0.20955671, 0.37476242, -0.90312743, -0.80765921;
 -0.31444639, 0.90040094, 0.30066863, 3.843956;
 0, 0, 0, 1]
Twc:
[0.92585605, 0.20955671, -0.31444639, 1.274249;
 0.22097802, 0.37476242, 0.90040094, -3.1831765;
 0.30652776, -0.90312743, 0.30066863, -1.919515;
 0, 0, 0, 1]
Ow:
[0.11202562;
 -0.80765921;
 3.843956]
Keyframe: 81 Frame: 587 Frame from vFrameID : 588
Tcw:
[0.90825838, 0.26176095, 0.32641685, 0.091567874;
 0.22180806, 0.36027196, -0.90609342, -0.72405124;
 -0.35477871, 0.89536881, 0.26915935, 3.8750613;
 0, 0, 0, 1]
Twc:
[0.90825838, 0.22180806, -0.35477871, 1.4522223;
 0.26176095, 0.36027196, 0.89536881, -3.2327225;
 0.32641685, -0.90609342, 0.26915935, -1.7289562;
 0, 0, 0, 1]
Ow:
[0.091567874;
 -0.72405124;
 3.8750613]
Keyframe: 82 Frame: 594 Frame from vFrameID : 595
Tcw:
[0.88520557, 0.266267, 0.38146156, -0.029863119;
 0.28585351, 0.33559069, -0.89758939, -0.71477556;
 -0.36701339, 0.90359324, 0.22095339, 4.0062966;
 0, 0, 0, 1]
Twc:
[0.88520557, 0.28585351, -0.36701339, 1.7011206;
 0.266267, 0.33559069, 0.90359324, -3.3722391;
 0.38146156, -0.89758939, 0.22095339, -1.5153883;
 0, 0, 0, 1]
Ow:
[-0.029863119;
 -0.71477556;
 4.0062966]
Keyframe: 83 Frame: 602 Frame from vFrameID : 603
Tcw:
[0.9137907, 0.24420647, 0.32457626, 0.090755165;
 0.21058106, 0.39848727, -0.89267212, -0.73380941;
 -0.34733582, 0.88406509, 0.31270871, 3.924505;
 0, 0, 0, 1]
Twc:
[0.9137907, 0.21058106, -0.34733582, 1.4347162;
 0.24420647, 0.39848727, 0.88406509, -3.1992671;
 0.32457626, -0.89267212, 0.31270871, -1.9117349;
 0, 0, 0, 1]
Ow:
[0.090755165;
 -0.73380941;
 3.924505]
Keyframe: 84 Frame: 607 Frame from vFrameID : 608
Tcw:
[0.92331445, 0.27227727, 0.27084222, 0.067025602;
 0.17345074, 0.33356413, -0.9266336, -0.6073879;
 -0.34264451, 0.90255195, 0.26075789, 4.0579123;
 0, 0, 0, 1]
Twc:
[0.92331445, 0.17345074, -0.34264451, 1.4338876;
 0.27227727, 0.33356413, 0.90255195, -3.4781237;
 0.27084222, -0.9266336, 0.26075789, -1.6391122;
 0, 0, 0, 1]
Ow:
[0.067025602;
 -0.6073879;
 4.0579123]
Keyframe: 85 Frame: 614 Frame from vFrameID : 615
Tcw:
[0.93136436, 0.27096477, 0.24318413, 0.080917567;
 0.14114545, 0.34698248, -0.92718989, -0.6091001;
 -0.33561644, 0.89787596, 0.28492168, 4.0646701;
 0, 0, 0, 1]
Twc:
[0.93136436, 0.14114545, -0.33561644, 1.374778;
 0.27096477, 0.34698248, 0.89787596, -3.4601481;
 0.24318413, -0.92718989, 0.28492168, -1.7425419;
 0, 0, 0, 1]
Ow:
[0.080917567;
 -0.6091001;
 4.0646701]
Keyframe: 86 Frame: 620 Frame from vFrameID : 621
Tcw:
[0.93347603, 0.26164934, 0.24527976, 0.11234549;
 0.14550634, 0.34879461, -0.92583489, -0.64948499;
 -0.32779634, 0.89993441, 0.28751978, 4.1108303;
 0, 0, 0, 1]
Twc:
[0.93347603, 0.14550634, -0.32779634, 1.3371475;
 0.26164934, 0.34879461, 0.89993441, -3.502336;
 0.24527976, -0.92583489, 0.28751978, -1.8108169;
 0, 0, 0, 1]
Ow:
[0.11234549;
 -0.64948499;
 4.1108303]
Keyframe: 87 Frame: 624 Frame from vFrameID : 625
Tcw:
[0.93323141, 0.26774898, 0.2395612, 0.12670574;
 0.14062354, 0.34137127, -0.9293496, -0.66611981;
 -0.33061171, 0.90098619, 0.28092659, 4.1161294;
 0, 0, 0, 1]
Twc:
[0.93323141, 0.14062354, -0.33061171, 1.336267;
 0.26774898, 0.34137127, 0.90098619, -3.5151072;
 0.2395612, -0.9293496, 0.28092659, -1.8057421;
 0, 0, 0, 1]
Ow:
[0.12670574;
 -0.66611981;
 4.1161294]
Keyframe: 88 Frame: 630 Frame from vFrameID : 631
Tcw:
[0.93116444, 0.27859339, 0.23519883, 0.17226562;
 0.12815417, 0.35383457, -0.92648667, -0.68777204;
 -0.34133452, 0.8928532, 0.29377526, 4.1205535;
 0, 0, 0, 1]
Twc:
[0.93116444, 0.12815417, -0.34133452, 1.3342205;
 0.27859339, 0.35383457, 0.8928532, -3.4836838;
 0.23519883, -0.92648667, 0.29377526, -1.8882451;
 0, 0, 0, 1]
Ow:
[0.17226562;
 -0.68777204;
 4.1205535]
Keyframe: 89 Frame: 636 Frame from vFrameID : 637
Tcw:
[0.92874539, 0.26609114, 0.2581231, 0.18187869;
 0.14905058, 0.36949867, -0.91719937, -0.71984446;
 -0.33943477, 0.89031804, 0.30350915, 4.1144161;
 0, 0, 0, 1]
Twc:
[0.92874539, 0.14905058, -0.33943477, 1.3349501;
 0.26609114, 0.36949867, 0.89031804, -3.4455538;
 0.2581231, -0.91719937, 0.30350915, -1.9559509;
 0, 0, 0, 1]
Ow:
[0.18187869;
 -0.71984446;
 4.1144161]
Keyframe: 90 Frame: 643 Frame from vFrameID : 644
Tcw:
[0.94037521, 0.23807909, 0.2429256, 0.16825294;
 0.14513965, 0.36504716, -0.91960591, -0.75485373;
 -0.30761823, 0.90003276, 0.30872658, 4.1997528;
 0, 0, 0, 1]
Twc:
[0.94037521, 0.14513965, -0.30761823, 1.2432587;
 0.23807909, 0.36504716, 0.90003276, -3.544415;
 0.2429256, -0.91960591, 0.30872658, -2.0316162;
 0, 0, 0, 1]
Ow:
[0.16825294;
 -0.75485373;
 4.1997528]
Keyframe: 91 Frame: 649 Frame from vFrameID : 650
Tcw:
[0.9523654, 0.2205895, 0.21057153, 0.218218;
 0.12641217, 0.34281623, -0.93085819, -0.7006371;
 -0.27752489, 0.91313595, 0.29860115, 4.2562838;
 0, 0, 0, 1]
Twc:
[0.9523654, 0.12641217, -0.27752489, 1.0619705;
 0.2205895, 0.34281623, 0.91313595, -3.6945124;
 0.21057153, -0.93085819, 0.29860115, -1.9690754;
 0, 0, 0, 1]
Ow:
[0.218218;
 -0.7006371;
 4.2562838]
Keyframe: 92 Frame: 657 Frame from vFrameID : 658
Tcw:
[0.95546347, 0.20084639, 0.2162181, 0.25014722;
 0.13459453, 0.35545266, -0.92495281, -0.71980989;
 -0.26262873, 0.91286039, 0.31258923, 4.2797194;
 0, 0, 0, 1]
Twc:
[0.95546347, 0.13459453, -0.26262873, 0.98185319;
 0.20084639, 0.35545266, 0.91286039, -3.701169;
 0.2162181, -0.92495281, 0.31258923, -2.0576706;
 0, 0, 0, 1]
Ow:
[0.25014722;
 -0.71980989;
 4.2797194]
Keyframe: 93 Frame: 665 Frame from vFrameID : 666
Tcw:
[0.94480383, 0.24222317, 0.22062106, 0.26320183;
 0.1378669, 0.31693119, -0.93837482, -0.77955055;
 -0.29721782, 0.91699648, 0.26604325, 4.3270698;
 0, 0, 0, 1]
Twc:
[0.94480383, 0.1378669, -0.29721782, 1.1448823;
