Keyframe: 0 Frame: 0 Frame from vFrameID : 66
Tcw:
[1, 0, 0, 0;
 0, 1, 0, 0;
 0, 0, 1, 0;
 0, 0, 0, 1]
Twc:
[1, 0, 0, 0;
 0, 1, 0, 0;
 0, 0, 1, 0;
 0, 0, 0, 1]
Ow:
[0;
 0;
 0]
Keyframe: 1 Frame: 65 Frame from vFrameID : 66
Tcw:
[0.99902618, 0.043401569, -0.0079375664, -0.0051646312;
 -0.043295655, 0.99897695, 0.013060951, -0.010959694;
 0.0084963115, -0.01270457, 0.99988317, 0.0076546967;
 0, 0, 0, 1]
Twc:
[0.99902618, -0.043295655, 0.0084963115, 0.004620058;
 0.043401569, 0.99897695, -0.01270457, 0.011269884;
 -0.0079375664, 0.013060951, 0.99988317, -0.0075516538;
 0, 0, 0, 1]
Ow:
[-0.0051646312;
 -0.010959694;
 0.0076546967]
Keyframe: 2 Frame: 67 Frame from vFrameID : 68
Tcw:
[0.99912697, 0.035208602, -0.022485904, -0.0091842329;
 -0.03480858, 0.99923295, 0.017940359, -0.012334733;
 0.023100313, -0.017141994, 0.99958616, 0.0066915895;
 0, 0, 0, 1]
Twc:
[0.99912697, -0.03480858, 0.023100313, 0.0085922815;
 0.035208602, 0.99923295, -0.017141994, 0.012763343;
 -0.022485904, 0.017940359, 0.99958616, -0.0066740466;
 0, 0, 0, 1]
Ow:
[-0.0091842329;
 -0.012334733;
 0.0066915895]
Keyframe: 3 Frame: 69 Frame from vFrameID : 70
Tcw:
[0.99869275, 0.032810677, -0.039194617, -0.013363086;
 -0.032180339, 0.99934411, 0.016606495, -0.015424757;
 0.039713781, -0.01532349, 0.99909359, 0.0059966194;
 0, 0, 0, 1]
Twc:
[0.99869275, -0.032180339, 0.039713781, 0.012611095;
 0.032810677, 0.99934411, -0.01532349, 0.015944982;
 -0.039194617, 0.016606495, 0.99909359, -0.0062587941;
 0, 0, 0, 1]
Ow:
[-0.013363086;
 -0.015424757;
 0.0059966194]
Keyframe: 4 Frame: 71 Frame from vFrameID : 72
Tcw:
[0.99813086, 0.021813991, -0.057086911, -0.014302119;
 -0.021055095, 0.99968225, 0.013861648, -0.019258088;
 0.057371147, -0.012633769, 0.99827296, 0.0053354665;
 0, 0, 0, 1]
Twc:
[0.99813086, -0.021055095, 0.057371147, 0.013563803;
 0.021813991, 0.99968225, -0.012633769, 0.01963136;
 -0.057086911, 0.013861648, 0.99827296, -0.0058757672;
 0, 0, 0, 1]
Ow:
[-0.014302119;
 -0.019258088;
 0.0053354665]
Keyframe: 5 Frame: 73 Frame from vFrameID : 74
Tcw:
[0.9981668, 0.027828408, -0.05374638, -0.013614031;
 -0.027782215, 0.99961269, 0.0016065643, -0.02398131;
 0.05377027, -0.00011042564, 0.99855334, 0.0042605405;
 0, 0, 0, 1]
Twc:
[0.9981668, -0.027782215, 0.05377027, 0.012693728;
 0.027828408, 0.99961269, -0.00011042564, 0.024351351;
 -0.05374638, 0.0016065643, 0.99855334, -0.0049475543;
 0, 0, 0, 1]
Ow:
[-0.013614031;
 -0.02398131;
 0.0042605405]
Keyframe: 6 Frame: 76 Frame from vFrameID : 77
Tcw:
[0.99828726, 0.026384015, -0.052215278, -0.011329941;
 -0.02680747, 0.99961305, -0.0074260156, -0.024429413;
 0.051999144, 0.0088130562, 0.99860823, 0.0020468137;
 0, 0, 0, 1]
Twc:
[0.99828726, -0.02680747, 0.051999144, 0.010549212;
 0.026384015, 0.99961305, 0.0088130562, 0.024700848;
 -0.052215278, -0.0074260156, 0.99860823, -0.0028169744;
 0, 0, 0, 1]
Ow:
[-0.011329941;
 -0.024429413;
 0.0020468137]
Keyframe: 7 Frame: 79 Frame from vFrameID : 80
Tcw:
[0.99842036, 0.040113941, -0.039339922, -0.0032441348;
 -0.040309228, 0.99917847, -0.0041831643, -0.028868532;
 0.039139803, 0.0057623181, 0.99921715, -0.00040921103;
 0, 0, 0, 1]
Twc:
[0.99842036, -0.040309228, 0.039139803, 0.0020913584;
 0.040113941, 0.99917847, 0.0057623181, 0.02897731;
 -0.039339922, -0.0041831643, 0.99921715, 0.00016050483;
 0, 0, 0, 1]
Ow:
[-0.0032441348;
 -0.028868532;
 -0.00040921103]
Keyframe: 8 Frame: 82 Frame from vFrameID : 83
Tcw:
[0.99874139, 0.046077512, -0.019812113, 0.0029069227;
 -0.046390601, 0.99880087, -0.015644792, -0.028786292;
 0.019067481, 0.016544197, 0.99968129, -0.0030473478;
 0, 0, 0, 1]
Twc:
[0.99874139, -0.046390601, 0.019067481, -0.004180572;
 0.046077512, 0.99880087, 0.016544197, 0.028668245;
 -0.019812113, -0.015644792, 0.99968129, 0.0026536132;
 0, 0, 0, 1]
Ow:
[0.0029069227;
 -0.028786292;
 -0.0030473478]
Keyframe: 9 Frame: 85 Frame from vFrameID : 86
Tcw:
[0.99879533, 0.048110224, -0.0096589476, 0.0076746191;
 -0.048270956, 0.99868685, -0.017160907, -0.027968992;
 0.0088206483, 0.01760648, 0.99980611, -0.0052173035;
 0, 0, 0, 1]
Twc:
[0.99879533, -0.048270956, 0.0088206483, -0.0089694439;
 0.048110224, 0.99868685, 0.01760648, 0.027654894;
 -0.0096589476, -0.017160907, 0.99980611, 0.0048104473;
 0, 0, 0, 1]
Ow:
[0.0076746191;
 -0.027968992;
 -0.0052173035]
Keyframe: 10 Frame: 88 Frame from vFrameID : 89
Tcw:
[0.99853367, 0.052696835, 0.012391354, 0.014003659;
 -0.052577816, 0.99856931, -0.0097423401, -0.024917807;
 -0.012887016, 0.0090765441, 0.99987578, -0.0058134627;
 0, 0, 0, 1]
Twc:
[0.99853367, -0.052577816, -0.012887016, -0.015368168;
 0.052696835, 0.99856931, 0.0090765441, 0.024196977;
 0.012391354, -0.0097423401, 0.99987578, 0.0053964583;
 0, 0, 0, 1]
Ow:
[0.014003659;
 -0.024917807;
 -0.0058134627]
Keyframe: 11 Frame: 91 Frame from vFrameID : 92
Tcw:
[0.99859178, 0.050401516, 0.016558094, 0.016574673;
 -0.050289605, 0.99870938, -0.0071073584, -0.023066998;
 -0.016894946, 0.0062646498, 0.99983764, -0.0061659459;
 0, 0, 0, 1]
Twc:
[0.99859178, -0.050289605, -0.016894946, -0.017815536;
 0.050401516, 0.99870938, 0.0062646498, 0.022240466;
 0.016558094, -0.0071073584, 0.99983764, 0.0057265544;
 0, 0, 0, 1]
Ow:
[0.016574673;
 -0.023066998;
 -0.0061659459]
Keyframe: 12 Frame: 94 Frame from vFrameID : 95
Tcw:
[0.9985922, 0.050134867, 0.017325491, 0.018951647;
 -0.050023671, 0.99872494, -0.006793085, -0.021257851;
 -0.01764397, 0.0059168371, 0.99982685, -0.0059365258;
 0, 0, 0, 1]
Twc:
[0.9985922, -0.050023671, -0.01764397, -0.020093106;
 0.050134867, 0.99872494, 0.0059168371, 0.020315733;
 0.017325491, -0.006793085, 0.99982685, 0.0054627443;
 0, 0, 0, 1]
Ow:
[0.018951647;
 -0.021257851;
 -0.0059365258]
Keyframe: 13 Frame: 97 Frame from vFrameID : 98
Tcw:
[0.99883425, 0.046433996, 0.013192563, 0.015110648;
 -0.046299912, 0.99887455, -0.010293683, -0.018940661;
 -0.013655692, 0.0096708685, 0.99985999, -0.0043650321;
 0, 0, 0, 1]
Twc:
[0.99883425, -0.046299912, -0.013655692, -0.016029591;
 0.046433996, 0.99887455, 0.0096708685, 0.018259909;
 0.013192563, -0.010293683, 0.99985999, 0.0039701038;
 0, 0, 0, 1]
Ow:
[0.015110648;
 -0.018940661;
 -0.0043650321]
Keyframe: 14 Frame: 100 Frame from vFrameID : 101
Tcw:
[0.99918276, 0.039901763, -0.0064531993, 0.011514823;
 -0.039973307, 0.99913609, -0.01136587, -0.020346249;
 0.0059941062, 0.011614538, 0.99991459, -0.0033365041;
 0, 0, 0, 1]
Twc:
[0.99918276, -0.039973307, 0.0059941062, -0.012298721;
 0.039901763, 0.99913609, 0.011614538, 0.019907961;
 -0.0064531993, -0.01136587, 0.99991459, 0.0031792736;
 0, 0, 0, 1]
Ow:
[0.011514823;
 -0.020346249;
 -0.0033365041]
Keyframe: 15 Frame: 103 Frame from vFrameID : 104
Tcw:
[0.99910158, 0.03689507, -0.020850597, 0.0077608661;
 -0.037290733, 0.99912542, -0.018917017, -0.021496411;
 0.020134417, 0.019677557, 0.99960363, -0.0030988136;
 0, 0, 0, 1]
Twc:
[0.99910158, -0.037290733, 0.020134417, -0.008493118;
 0.03689507, 0.99912542, 0.019677557, 0.02125225;
 -0.020850597, -0.018917017, 0.99960363, 0.0028527561;
 0, 0, 0, 1]
Ow:
[0.0077608661;
 -0.021496411;
 -0.0030988136]
Keyframe: 16 Frame: 106 Frame from vFrameID : 107
Tcw:
[0.99827206, 0.038370844, -0.044502988, 0.0017631998;
 -0.039742719, 0.99874854, -0.030362556, -0.023632528;
 0.043282259, 0.032078762, 0.99854773, -0.0028400554;
 0, 0, 0, 1]
Twc:
[0.99827206, -0.039742719, 0.043282259, -0.0025764501;
 0.038370844, 0.99874854, 0.032078762, 0.023626402;
 -0.044502988, -0.030362556, 0.99854773, 0.0021968547;
 0, 0, 0, 1]
Ow:
[0.0017631998;
 -0.023632528;
 -0.0028400554]
Keyframe: 17 Frame: 109 Frame from vFrameID : 110
Tcw:
[0.9970414, 0.038982864, -0.066248059, -0.0052410206;
 -0.041412093, 0.99850416, -0.035699405, -0.023979142;
 0.064757302, 0.038337257, 0.99716437, -0.0019961577;
 0, 0, 0, 1]
Twc:
[0.9970414, -0.041412093, 0.064757302, 0.0043617538;
 0.038982864, 0.99850416, 0.038337257, 0.024224112;
 -0.066248059, -0.035699405, 0.99716437, 0.00078724849;
 0, 0, 0, 1]
Ow:
[-0.0052410206;
 -0.023979142;
 -0.0019961577]
Keyframe: 18 Frame: 112 Frame from vFrameID : 113
Tcw:
[0.99615556, 0.038839258, -0.078521475, -0.0079821888;
 -0.041541763, 0.99858898, -0.033081442, -0.025770454;
 0.077125818, 0.036216181, 0.9963634, -0.00061584124;
 0, 0, 0, 1]
Twc:
[0.99615556, -0.041541763, 0.077125818, 0.0069284486;
 0.038839258, 0.99858898, 0.036216181, 0.026066415;
 -0.078521475, -0.033081442, 0.9963634, -0.00086569512;
 0, 0, 0, 1]
Ow:
[-0.0079821888;
 -0.025770454;
 -0.00061584124]
Keyframe: 19 Frame: 116 Frame from vFrameID : 117
Tcw:
[0.99530429, 0.047540125, -0.084316649, -0.010191408;
 -0.050648037, 0.99809921, -0.035111073, -0.029840775;
 0.082487188, 0.039216675, 0.99582022, 0.00084736361;
 0, 0, 0, 1]
Twc:
[0.99530429, -0.050648037, 0.082487188, 0.0085622789;
 0.047540125, 0.99809921, 0.039216675, 0.030235324;
 -0.084316649, -0.035111073, 0.99582022, -0.0027508689;
 0, 0, 0, 1]
Ow:
[-0.010191408;
 -0.029840775;
 0.00084736361]
Keyframe: 20 Frame: 120 Frame from vFrameID : 121
Tcw:
[0.99621916, 0.048398159, -0.072145537, -0.010904446;
 -0.051312219, 0.99791694, -0.039099749, -0.029874932;
 0.0701029, 0.042653866, 0.99662745, 0.0028229782;
 0, 0, 0, 1]
Twc:
[0.99621916, -0.051312219, 0.0701029, 0.0091323704;
 0.048398159, 0.99791694, 0.042653866, 0.030220047;
 -0.072145537, -0.039099749, 0.99662745, -0.0047682668;
 0, 0, 0, 1]
Ow:
[-0.010904446;
 -0.029874932;
 0.0028229782]
Keyframe: 21 Frame: 124 Frame from vFrameID : 125
Tcw:
[0.99718213, 0.054124054, -0.051945712, -0.0066686743;
 -0.055656735, 0.9980424, -0.028526019, -0.032262687;
 0.05030008, 0.031336766, 0.99824244, 0.0070496919;
 0, 0, 0, 1]
Twc:
[0.99718213, -0.055656735, 0.05030008, 0.0044996468;
 0.054124054, 0.9980424, 0.031336766, 0.032339551;
 -0.051945712, -0.028526019, 0.99824244, -0.0083040362;
 0, 0, 0, 1]
Ow:
[-0.0066686743;
 -0.032262687;
 0.0070496919]
Keyframe: 22 Frame: 128 Frame from vFrameID : 129
Tcw:
[0.99831879, 0.052196175, -0.025203077, 0.00055626803;
 -0.05316731, 0.99780262, -0.039536588, -0.034421369;
 0.023084037, 0.040810097, 0.99890023, 0.015894867;
 0, 0, 0, 1]
Twc:
[0.99831879, -0.05316731, 0.023084037, -0.002752342;
 0.052196175, 0.99780262, 0.040810097, 0.033668026;
 -0.025203077, -0.039536588, 0.99890023, -0.017224271;
 0, 0, 0, 1]
Ow:
[0.00055626803;
 -0.034421369;
 0.015894867]
Keyframe: 23 Frame: 132 Frame from vFrameID : 133
Tcw:
[0.99822539, 0.059364807, -0.0046842685, 0.01481807;
 -0.059496041, 0.99756879, -0.036286317, -0.03481463;
 0.0025187498, 0.036500618, 0.99933046, 0.027739955;
 0, 0, 0, 1]
Twc:
[0.99822539, -0.059496041, 0.0025187498, -0.016932976;
 0.059364807, 0.99756879, 0.036500618, 0.032837793;
 -0.0046842685, -0.036286317, 0.99933046, -0.028915266;
 0, 0, 0, 1]
Ow:
[0.01481807;
 -0.03481463;
 0.027739955]
Keyframe: 24 Frame: 136 Frame from vFrameID : 137
Tcw:
[0.99806607, 0.060120128, -0.015801787, 0.030923992;
 -0.060731322, 0.99728847, -0.041562434, -0.036238465;
 0.013260202, 0.042441718, 0.99901092, 0.042494487;
 0, 0, 0, 1]
Twc:
[0.99806607, -0.060731322, 0.013260202, -0.033628482;
 0.060120128, 0.99728847, 0.042441718, 0.032477509;
 -0.015801787, -0.041562434, 0.99901092, -0.043469962;
 0, 0, 0, 1]
Ow:
[0.030923992;
 -0.036238465;
 0.042494487]
Keyframe: 25 Frame: 140 Frame from vFrameID : 141
Tcw:
[0.99640006, 0.075096533, -0.039336968, 0.045895394;
 -0.076716863, 0.99619132, -0.041441146, -0.042338122;
 0.036075059, 0.044309769, 0.9983663, 0.051249195;
 0, 0, 0, 1]
Twc:
[0.99640006, -0.076716863, 0.036075059, -0.050827041;
 0.075096533, 0.99619132, 0.044309769, 0.036459446;
 -0.039336968, -0.041441146, 0.9983663, -0.051114623;
 0, 0, 0, 1]
Ow:
[0.045895394;
 -0.042338122;
 0.051249195]
Keyframe: 26 Frame: 145 Frame from vFrameID : 146
Tcw:
[0.99177593, 0.098176062, -0.082109474, 0.055839378;
 -0.10188078, 0.99390084, -0.04220758, -0.05287547;
 0.077464901, 0.050225839, 0.99572915, 0.068843894;
 0, 0, 0, 1]
Twc:
[0.99177593, -0.10188078, 0.077464901, -0.066100128;
 0.098176062, 0.99390084, 0.050225839, 0.04361314;
 -0.082109474, -0.04220758, 0.99572915, -0.06619668;
 0, 0, 0, 1]
Ow:
[0.055839378;
 -0.05287547;
 0.068843894]
Keyframe: 27 Frame: 150 Frame from vFrameID : 151
Tcw:
[0.99118572, 0.091052204, -0.096230492, 0.063574627;
 -0.096175522, 0.99410748, -0.050006267, -0.060769305;
 0.091110274, 0.05882052, 0.99410212, 0.091204882;
 0, 0, 0, 1]
Twc:
[0.99118572, -0.096175522, 0.091110274, -0.077168487;
 0.091052204, 0.99410748, 0.05882052, 0.049257889;
 -0.096230492, -0.050006267, 0.99410212, -0.087587997;
 0, 0, 0, 1]
Ow:
[0.063574627;
 -0.060769305;
 0.091204882]
Keyframe: 28 Frame: 155 Frame from vFrameID : 156
Tcw:
[0.9960652, 0.079166763, -0.039834186, 0.075612806;
 -0.082109317, 0.99351531, -0.078647196, -0.067680791;
 0.033349629, 0.081608489, 0.99610633, 0.12712024;
 0, 0, 0, 1]
Twc:
[0.9960652, -0.082109317, 0.033349629, -0.085111924;
 0.079166763, 0.99351531, 0.081608489, 0.050881792;
 -0.039834186, -0.078647196, 0.99610633, -0.12893622;
 0, 0, 0, 1]
Ow:
[0.075612806;
 -0.067680791;
 0.12712024]
Keyframe: 29 Frame: 162 Frame from vFrameID : 163
Tcw:
[0.99621964, 0.050967813, 0.070347019, 0.077615306;
 -0.044575769, 0.99497789, -0.089621283, -0.076470122;
 -0.074561529, 0.086146705, 0.99348849, 0.17648506;
 0, 0, 0, 1]
Twc:
[0.99621964, -0.044575769, -0.074561529, -0.06757161;
 0.050967813, 0.99497789, 0.086146705, 0.056926593;
 0.070347019, -0.089621283, 0.99348849, -0.18764922;
 0, 0, 0, 1]
Ow:
[0.077615306;
 -0.076470122;
 0.17648506]
Keyframe: 30 Frame: 167 Frame from vFrameID : 168
Tcw:
[0.99333739, 0.036928702, 0.10916528, 0.086365446;
 -0.030402459, 0.99768353, -0.06085502, -0.085486449;
 -0.1111597, 0.057130676, 0.99215907, 0.19473928;
 0, 0, 0, 1]
Twc:
[0.99333739, -0.030402459, -0.1111597, -0.066741869;
 0.036928702, 0.99768353, 0.057130676, 0.070973471;
 0.10916528, -0.06085502, 0.99215907, -0.20784274;
 0, 0, 0, 1]
Ow:
[0.086365446;
 -0.085486449;
 0.19473928]
Keyframe: 31 Frame: 174 Frame from vFrameID : 175
Tcw:
[0.9893136, 0.02344404, 0.14390612, 0.10414204;
 -0.017627399, 0.9989804, -0.04156258, -0.092733808;
 -0.14473379, 0.038581736, 0.98871815, 0.22828051;
 0, 0, 0, 1]
Twc:
[0.9893136, -0.017627399, -0.14473379, -0.071623884;
 0.02344404, 0.9989804, 0.038581736, 0.081390284;
 0.14390612, -0.04156258, 0.98871815, -0.24454603;
 0, 0, 0, 1]
Ow:
[0.10414204;
 -0.092733808;
 0.22828051]
Keyframe: 32 Frame: 179 Frame from vFrameID : 180
Tcw:
[0.99232739, 0.031520668, 0.11955234, 0.12544103;
 -0.023904545, 0.99762404, -0.064613059, -0.10012306;
 -0.12130493, 0.061259467, 0.99072319, 0.25808936;
 0, 0, 0, 1]
Twc:
[0.99232739, -0.023904545, -0.12130493, -0.095564455;
 0.031520668, 0.99762404, 0.061259467, 0.080120772;
 0.11955234, -0.064613059, 0.99072319, -0.27716112;
 0, 0, 0, 1]
Ow:
[0.12544103;
 -0.10012306;
 0.25808936]
Keyframe: 33 Frame: 185 Frame from vFrameID : 186
Tcw:
[0.99430585, 0.036139663, 0.10024876, 0.15348993;
 -0.027348125, 0.9957692, -0.087725401, -0.10243662;
 -0.102995, 0.084484264, 0.9910875, 0.28331703;
 0, 0, 0, 1]
Twc:
[0.99430585, -0.027348125, -0.102995, -0.12623715;
 0.036139663, 0.9957692, 0.084484264, 0.072520338;
 0.10024876, -0.087725401, 0.9910875, -0.30516544;
 0, 0, 0, 1]
Ow:
[0.15348993;
 -0.10243662;
 0.28331703]
Keyframe: 34 Frame: 191 Frame from vFrameID : 192
Tcw:
[0.99508834, 0.039771166, 0.090649977, 0.16911732;
 -0.033876229, 0.99726647, -0.065665893, -0.11115228;
 -0.093013793, 0.062272485, 0.99371552, 0.30972335;
 0, 0, 0, 1]
Twc:
[0.99508834, -0.033876229, -0.093013793, -0.14324355;
 0.039771166, 0.99726647, 0.062272485, 0.084835209;
 0.090649977, -0.065665893, 0.99371552, -0.33040628;
 0, 0, 0, 1]
Ow:
[0.16911732;
 -0.11115228;
 0.30972335]
Keyframe: 35 Frame: 197 Frame from vFrameID : 198
Tcw:
[0.99636036, 0.041515291, 0.074448012, 0.17851289;
 -0.037717093, 0.99794918, -0.051718444, -0.11441498;
 -0.076442443, 0.048722245, 0.99588287, 0.34302372;
 0, 0, 0, 1]
Twc:
[0.99636036, -0.037717093, -0.076442443, -0.155957;
 0.041515291, 0.99794918, 0.048722245, 0.090056442;
 0.074448012, -0.051718444, 0.99588287, -0.36081874;
 0, 0, 0, 1]
Ow:
[0.17851289;
 -0.11441498;
 0.34302372]
Keyframe: 36 Frame: 203 Frame from vFrameID : 204
Tcw:
[0.99493754, 0.044967633, 0.089872979, 0.19000137;
 -0.03964214, 0.99739957, -0.06018763, -0.12141962;
 -0.092345767, 0.056320176, 0.99413294, 0.39366266;
 0, 0, 0, 1]
Twc:
[0.99493754, -0.03964214, -0.092345767, -0.15749976;
 0.044967633, 0.99739957, 0.056320176, 0.090388827;
 0.089872979, -0.06018763, 0.99413294, -0.41573694;
 0, 0, 0, 1]
Ow:
[0.19000137;
 -0.12141962;
 0.39366266]
Keyframe: 37 Frame: 209 Frame from vFrameID : 210
Tcw:
[0.99224532, 0.024014115, 0.12195291, 0.19921896;
 -0.017808678, 0.99850273, -0.051721465, -0.13258824;
 -0.12301236, 0.04914856, 0.99118733, 0.43887731;
 0, 0, 0, 1]
Twc:
[0.99224532, -0.017808678, -0.12301236, -0.14604796;
 0.024014115, 0.99850273, 0.04914856, 0.10603546;
 0.12195291, -0.051721465, 0.99118733, -0.46616265;
 0, 0, 0, 1]
Ow:
[0.19921896;
 -0.13258824;
 0.43887731]
Keyframe: 38 Frame: 215 Frame from vFrameID : 216
Tcw:
[0.9911685, -0.00089391065, 0.13260548, 0.20883021;
 0.0063148364, 0.99916101, -0.040465191, -0.13466758;
 -0.13245805, 0.040945206, 0.99034256, 0.47887364;
 0, 0, 0, 1]
Twc:
[0.9911685, 0.0063148364, -0.13245805, -0.14270484;
 -0.00089391065, 0.99916101, 0.040945206, 0.11513368;
 0.13260548, -0.040465191, 0.99034256, -0.50739032;
 0, 0, 0, 1]
Ow:
[0.20883021;
 -0.13466758;
 0.47887364]
Keyframe: 39 Frame: 221 Frame from vFrameID : 222
Tcw:
[0.99497539, 0.02549101, 0.096820466, 0.23579495;
 -0.020609971, 0.99848169, -0.051083155, -0.14308336;
 -0.097975627, 0.048831012, 0.99399012, 0.52764821;
 0, 0, 0, 1]
Twc:
[0.99497539, -0.020609971, -0.097975627, -0.18586244;
 0.02549101, 0.99848169, 0.048831012, 0.11108988;
 0.096820466, -0.051083155, 0.99399012, -0.55461597;
 0, 0, 0, 1]
Ow:
[0.23579495;
 -0.14308336;
 0.52764821]
Keyframe: 40 Frame: 227 Frame from vFrameID : 228
Tcw:
[0.9972418, 0.050916761, 0.054003123, 0.26390895;
 -0.047064293, 0.99641091, -0.07035771, -0.14949816;
 -0.057391688, 0.067622028, 0.99605894, 0.57515711;
 0, 0, 0, 1]
Twc:
[0.9972418, -0.047064293, -0.057391688, -0.23720782;
 0.050916761, 0.99641091, 0.067622028, 0.096630938;
 0.054003123, -0.07035771, 0.99605894, -0.59766066;
 0, 0, 0, 1]
Ow:
[0.26390895;
 -0.14949816;
 0.57515711]
Keyframe: 41 Frame: 233 Frame from vFrameID : 234
Tcw:
[0.99894893, 0.041910592, 0.018562905, 0.27616927;
 -0.040865984, 0.99773294, -0.053469311, -0.15444064;
 -0.020761753, 0.052654516, 0.99839693, 0.60982305;
 0, 0, 0, 1]
Twc:
[0.99894893, -0.040865984, -0.020761753, -0.26952937;
 0.041910592, 0.99773294, 0.052654516, 0.11040616;
 0.018562905, -0.053469311, 0.99839693, -0.62222981;
 0, 0, 0, 1]
Ow:
[0.27616927;
 -0.15444064;
 0.60982305]
Keyframe: 42 Frame: 239 Frame from vFrameID : 240
Tcw:
[0.99913073, 0.038997684, -0.014731679, 0.28702125;
 -0.039655119, 0.9980914, -0.047339834, -0.15943791;
 0.012857418, 0.047882866, 0.99877018, 0.66358465;
 0, 0, 0, 1]
Twc:
[0.99913073, -0.039655119, 0.012857418, -0.30162627;
 0.038997684, 0.9980914, 0.047882866, 0.1161661;
 -0.014731679, -0.047339834, 0.99877018, -0.66608804;
 0, 0, 0, 1]
Ow:
[0.28702125;
 -0.15943791;
 0.66358465]
Keyframe: 43 Frame: 245 Frame from vFrameID : 246
Tcw:
[0.99931031, 0.037126698, -0.00073305902, 0.296471;
 -0.037110861, 0.99779892, -0.054955028, -0.16574551;
 -0.0013088533, 0.054944329, 0.99848855, 0.71387112;
 0, 0, 0, 1]
Twc:
[0.99931031, -0.037110861, -0.0013088533, -0.30148315;
 0.037126698, 0.99779892, 0.054944329, 0.11515054;
 -0.00073305902, -0.054955028, 0.99848855, -0.72168332;
 0, 0, 0, 1]
Ow:
[0.296471;
 -0.16574551;
 0.71387112]
Keyframe: 44 Frame: 251 Frame from vFrameID : 252
Tcw:
[0.99951839, 0.029443011, 0.0098053813, 0.30836245;
 -0.029102515, 0.99902409, -0.033224501, -0.17609546;
 -0.010774042, 0.032923136, 0.99939984, 0.76061606;
 0, 0, 0, 1]
Twc:
[0.99951839, -0.029102515, -0.010774042, -0.30514383;
 0.029443011, 0.99902409, 0.032923136, 0.14180262;
 0.0098053813, -0.033224501, 0.99939984, -0.76903379;
 0, 0, 0, 1]
Ow:
[0.30836245;
 -0.17609546;
 0.76061606]
Keyframe: 45 Frame: 256 Frame from vFrameID : 257
Tcw:
[0.99934626, 0.035992429, -0.0033980319, 0.32206455;
 -0.036086697, 0.9987793, -0.033729598, -0.18132311;
 0.0021798739, 0.033830173, 0.99942523, 0.80382413;
 0, 0, 0, 1]
Twc:
[0.99934626, -0.036086697, 0.0021798739, -0.33014959;
 0.035992429, 0.9987793, 0.033830173, 0.14231637;
 -0.0033980319, -0.033729598, 0.99942523, -0.80838364;
 0, 0, 0, 1]
Ow:
[0.32206455;
 -0.18132311;
 0.80382413]
Keyframe: 46 Frame: 261 Frame from vFrameID : 262
Tcw:
[0.99732906, 0.063430041, -0.036213428, 0.34090945;
 -0.065152094, 0.99669415, -0.048538022, -0.18610966;
 0.033014946, 0.050767761, 0.99816465, 0.84534782;
 0, 0, 0, 1]
Twc:
[0.99732906, -0.065152094, 0.033014946, -0.38003343;
 0.063430041, 0.99669415, 0.050767761, 0.1209541;
 -0.036213428, -0.048538022, 0.99816465, -0.8404842;
 0, 0, 0, 1]
Ow:
[0.34090945;
 -0.18610966;
 0.84534782]
Keyframe: 47 Frame: 267 Frame from vFrameID : 268
Tcw:
[0.99651444, 0.06864956, -0.047393985, 0.35338783;
 -0.069923498, 0.99721956, -0.025764609, -0.19778936;
 0.045493484, 0.028988758, 0.99854392, 0.89575052;
 0, 0, 0, 1]
Twc:
[0.99651444, -0.069923498, 0.045493484, -0.40673703;
 0.06864956, 0.99721956, 0.028988758, 0.1470128;
 -0.047393985, -0.025764609, 0.99854392, -0.88279378;
 0, 0, 0, 1]
Ow:
[0.35338783;
 -0.19778936;
 0.89575052]
Keyframe: 48 Frame: 272 Frame from vFrameID : 273
Tcw:
[0.99823999, 0.056529664, -0.017925203, 0.35788903;
 -0.057130929, 0.99775225, -0.035022266, -0.20293942;
 0.015905116, 0.03598471, 0.99922574, 0.94310588;
 0, 0, 0, 1]
Twc:
[0.99823999, -0.057130929, 0.015905116, -0.38385347;
 0.056529664, 0.99775225, 0.03598471, 0.14831452;
 -0.017925203, -0.035022266, 0.99922574, -0.94306785;
 0, 0, 0, 1]
Ow:
[0.35788903;
 -0.20293942;
 0.94310588]
Keyframe: 49 Frame: 276 Frame from vFrameID : 277
Tcw:
[0.99885869, 0.04603558, 0.012730794, 0.36087212;
 -0.045402173, 0.9978987, -0.046225939, -0.20917165;
 -0.014832081, 0.045595177, 0.99884987, 0.97679108;
 0, 0, 0, 1]
Twc:
[0.99885869, -0.045402173, -0.014832081, -0.35546926;
 0.04603558, 0.9978987, 0.045595177, 0.14758219;
 0.012730794, -0.046225939, 0.99884987, -0.98993105;
 0, 0, 0, 1]
Ow:
[0.36087212;
 -0.20917165;
 0.97679108]
Keyframe: 50 Frame: 280 Frame from vFrameID : 281
Tcw:
[0.9991731, 0.029792452, 0.027668046, 0.364371;
 -0.028689459, 0.99880993, -0.039441206, -0.21622697;
 -0.02881017, 0.03861481, 0.99883878, 0.99848956;
 0, 0, 0, 1]
Twc:
[0.9991731, -0.028689459, -0.02881017, -0.34150645;
 0.029792452, 0.99880993, 0.03861481, 0.16655765;
 0.027668046, -0.039441206, 0.99883878, -1.0159397;
 0, 0, 0, 1]
Ow:
[0.364371;
 -0.21622697;
 0.99848956]
Keyframe: 51 Frame: 285 Frame from vFrameID : 286
Tcw:
[0.9991501, 0.026430517, 0.031631026, 0.3743701;
 -0.024971917, 0.99864525, -0.045651898, -0.22465669;
 -0.032794777, 0.044823211, 0.99845648, 1.0354644;
 0, 0, 0, 1]
Twc:
[0.9991501, -0.024971917, -0.032794777, -0.3457042;
 0.026430517, 0.99864525, 0.044823211, 0.16804469;
 0.031631026, -0.045651898, 0.99845648, -1.055964;
 0, 0, 0, 1]
Ow:
[0.3743701;
 -0.22465669;
 1.0354644]
Keyframe: 52 Frame: 289 Frame from vFrameID : 290
Tcw:
[0.9990899, 0.042553548, 0.0029294309, 0.3912929;
 -0.042291604, 0.99719316, -0.061783746, -0.22997938;
 -0.0055503258, 0.061603624, 0.99808526, 1.0663904;
 0, 0, 0, 1]
Twc:
[0.9990899, -0.042291604, -0.0055503258, -0.39474416;
 0.042553548, 0.99719316, 0.061603624, 0.14698945;
 0.0029294309, -0.061783746, 0.99808526, -1.0797038;
 0, 0, 0, 1]
Ow:
[0.3912929;
 -0.22997938;
 1.0663904]
Keyframe: 53 Frame: 294 Frame from vFrameID : 295
Tcw:
[0.99708277, 0.062274393, -0.044134211, 0.40814063;
 -0.065668002, 0.99461758, -0.08014708, -0.24302185;
 0.03890555, 0.082811482, 0.9958055, 1.102892;
 0, 0, 0, 1]
Twc:
[0.99708277, -0.065668002, 0.03890555, -0.46581739;
 0.062274393, 0.99461758, 0.082811482, 0.12496497;
 -0.044134211, -0.08014708, 0.9958055, -1.0997305;
 0, 0, 0, 1]
Ow:
[0.40814063;
 -0.24302185;
 1.102892]
Keyframe: 54 Frame: 298 Frame from vFrameID : 299
Tcw:
[0.9960494, 0.071116023, -0.053180009, 0.41829431;
 -0.074432641, 0.99521947, -0.063229226, -0.24995595;
 0.048429169, 0.066937767, 0.99658114, 1.1336483;
 0, 0, 0, 1]
Twc:
[0.9960494, -0.074432641, 0.048429169, -0.49014831;
 0.071116023, 0.99521947, 0.066937767, 0.14312974;
 -0.053180009, -0.063229226, 0.99658114, -1.1233321;
 0, 0, 0, 1]
Ow:
[0.41829431;
 -0.24995595;
 1.1336483]
Keyframe: 55 Frame: 302 Frame from vFrameID : 303
Tcw:
[0.99638039, 0.069588274, -0.048821546, 0.42449191;
 -0.072584122, 0.99539959, -0.062539145, -0.2545363;
 0.044244956, 0.065856449, 0.99684769, 1.1600496;
 0, 0, 0, 1]
Twc:
[0.99638039, -0.072584122, 0.044244956, -0.49275708;
 0.069588274, 0.99539959, 0.065856449, 0.14742894;
 -0.048821546, -0.062539145, 0.99684769, -1.1515869;
 0, 0, 0, 1]
Ow:
[0.42449191;
 -0.2545363;
 1.1600496]
Keyframe: 56 Frame: 307 Frame from vFrameID : 308
Tcw:
[0.99923134, 0.039103597, -0.0027676891, 0.42369327;
 -0.039200805, 0.99632668, -0.076134555, -0.25873733;
 -0.00021961222, 0.076184526, 0.99709374, 1.2051696;
 0, 0, 0, 1]
Twc:
[0.99923134, -0.039200805, -0.00021961222, -0.4332456;
 0.039103597, 0.99632668, 0.076184526, 0.14940372;
 -0.0027676891, -0.076134555, 0.99709374, -1.2201931;
 0, 0, 0, 1]
Ow:
[0.42369327;
 -0.25873733;
 1.2051696]
Keyframe: 57 Frame: 312 Frame from vFrameID : 313
Tcw:
[0.99941486, 0.0059104618, 0.033690616, 0.42876217;
 -0.0037768348, 0.99800354, -0.063045353, -0.26124063;
 -0.033995982, 0.062881216, 0.99744183, 1.2400064;
 0, 0, 0, 1]
Twc:
[0.99941486, -0.0037768348, -0.033995982, -0.38734269;
 0.0059104618, 0.99800354, 0.062881216, 0.18021177;
 0.033690616, -0.063045353, 0.99744183, -1.2677495;
 0, 0, 0, 1]
Ow:
[0.42876217;
 -0.26124063;
 1.2400064]
Keyframe: 58 Frame: 316 Frame from vFrameID : 317
Tcw:
[0.99865866, 0.0088384142, 0.051017024, 0.43740001;
 -0.0059032249, 0.99833381, -0.057400074, -0.26665151;
 -0.051439345, 0.057021916, 0.99704689, 1.2601823;
 0, 0, 0, 1]
Twc:
[0.99865866, -0.0059032249, -0.051439345, -0.37356445;
 0.0088384142, 0.99833381, 0.057021916, 0.19048327;
 0.051017024, -0.057400074, 0.99704689, -1.2940814;
 0, 0, 0, 1]
Ow:
[0.43740001;
 -0.26665151;
 1.2601823]
Keyframe: 59 Frame: 321 Frame from vFrameID : 322
Tcw:
[0.99903482, 0.012111017, 0.042222358, 0.44922507;
 -0.0090768412, 0.99741167, -0.071326882, -0.27513248;
 -0.042976912, 0.070874795, 0.99655896, 1.3004127;
 0, 0, 0, 1]
Twc:
[0.99903482, -0.0090768412, -0.042976912, -0.39540109;
 0.012111017, 0.99741167, 0.070874795, 0.1768133;
 0.042222358, -0.071326882, 0.99655896, -1.3345295;
 0, 0, 0, 1]
Ow:
[0.44922507;
 -0.27513248;
 1.3004127]
Keyframe: 60 Frame: 326 Frame from vFrameID : 327
Tcw:
[0.99914902, 0.040711202, 0.0066157416, 0.46701065;
 -0.039977893, 0.99536514, -0.08746399, -0.28431213;
 -0.010145843, 0.087125078, 0.99614573, 1.3342607;
 0, 0, 0, 1]
Twc:
[0.99914902, -0.039977893, -0.010145843, -0.46444225;
 0.040711202, 0.99536514, 0.087125078, 0.14773425;
 0.0066157416, -0.08746399, 0.99614573, -1.3570747;
 0, 0, 0, 1]
Ow:
[0.46701065;
 -0.28431213;
 1.3342607]
Keyframe: 61 Frame: 331 Frame from vFrameID : 332
Tcw:
[0.99819654, 0.058168944, -0.014831682, 0.48065227;
 -0.059059635, 0.99585921, -0.069111943, -0.29436561;
 0.010750097, 0.06986326, 0.99749863, 1.3676492;
 0, 0, 0, 1]
Twc:
[0.99819654, -0.059059635, 0.010750097, -0.51187295;
 0.058168944, 0.99585921, 0.06986326, 0.16963923;
 -0.014831682, -0.069111943, 0.99749863, -1.3774436;
 0, 0, 0, 1]
Ow:
[0.48065227;
 -0.29436561;
 1.3676492]
Keyframe: 62 Frame: 336 Frame from vFrameID : 337
Tcw:
[0.99864358, 0.051865388, -0.0045760507, 0.48322472;
 -0.052066751, 0.99496454, -0.08564207, -0.30457252;
 0.00011114903, 0.085764162, 0.99631548, 1.4084491;
 0, 0, 0, 1]
Twc:
[0.99864358, -0.052066751, 0.00011114903, -0.49858397;
 0.051865388, 0.99496454, 0.085764162, 0.1571818;
 -0.0045760507, -0.08564207, 0.99631548, -1.4271325;
 0, 0, 0, 1]
Ow:
[0.48322472;
 -0.30457252;
 1.4084491]
Keyframe: 63 Frame: 341 Frame from vFrameID : 342
Tcw:
[0.99912298, 0.031490754, 0.027597561, 0.48534131;
 -0.028341722, 0.99375933, -0.10788503, -0.30606884;
 -0.030822715, 0.10700824, 0.99378026, 1.4454405;
 0, 0, 0, 1]
Twc:
[0.99912298, -0.028341722, -0.030822715, -0.44903776;
 0.031490754, 0.99375933, 0.10700824, 0.13420096;
 0.027597561, -0.10788503, 0.99378026, -1.4828647;
 0, 0, 0, 1]
Ow:
[0.48534131;
 -0.30606884;
 1.4454405]
Keyframe: 64 Frame: 346 Frame from vFrameID : 347
Tcw:
[0.99856406, 0.0083217127, 0.052920774, 0.49892455;
 -0.0042500575, 0.99705356, -0.076590702, -0.31563929;
 -0.053402212, 0.076255798, 0.99565721, 1.4819543;
 0, 0, 0, 1]
Twc:
[0.99856406, -0.0042500575, -0.053402212, -0.42040995;
 0.0083217127, 0.99705356, 0.076255798, 0.19754975;
 0.052920774, -0.076590702, 0.99565721, -1.5260971;
 0, 0, 0, 1]
Ow:
[0.49892455;
 -0.31563929;
 1.4819543]
Keyframe: 65 Frame: 350 Frame from vFrameID : 351
Tcw:
[0.99854028, 0.0069023543, 0.053569276, 0.50247103;
 -0.0029544393, 0.99729604, -0.07342948, -0.31835642;
 -0.053931262, 0.073164023, 0.99586064, 1.5069389;
 0, 0, 0, 1]
Twc:
[0.99854028, -0.0029544393, -0.053931262, -0.42140701;
 0.0069023543, 0.99729604, 0.073164023, 0.20377365;
 0.053569276, -0.07342948, 0.99586064, -1.550995;
 0, 0, 0, 1]
Ow:
[0.50247103;
 -0.31835642;
 1.5069389]
Keyframe: 66 Frame: 354 Frame from vFrameID : 355
Tcw:
[0.99939305, 0.025100917, 0.024154836, 0.51706856;
 -0.022932028, 0.99601191, -0.086222999, -0.32387835;
 -0.02622278, 0.085616753, 0.995983, 1.5367392;
 0, 0, 0, 1]
Twc:
[0.99939305, -0.022932028, -0.02622278, -0.48388433;
 0.025100917, 0.99601191, 0.085616753, 0.17803718;
 0.024154836, -0.086222999, 0.995983, -1.5709816;
 0, 0, 0, 1]
Ow:
[0.51706856;
 -0.32387835;
 1.5367392]
Keyframe: 67 Frame: 359 Frame from vFrameID : 360
Tcw:
[0.99829352, 0.05798177, -0.0069423649, 0.53571784;
 -0.058386102, 0.99322599, -0.10046491, -0.33279473;
 0.0010702037, 0.10069881, 0.99491638, 1.5617558;
 0, 0, 0, 1]
Twc:
[0.99829352, -0.058386102, 0.0010702037, -0.5559057;
 0.05798177, 0.99322599, 0.10069881, 0.14221156;
 -0.0069423649, -0.10046491, 0.99491638, -1.5835315;
 0, 0, 0, 1]
Ow:
[0.53571784;
 -0.33279473;
 1.5617558]
Keyframe: 68 Frame: 364 Frame from vFrameID : 365
Tcw:
[0.99791127, 0.060011525, -0.023909353, 0.54820335;
 -0.061684873, 0.99513602, -0.076806858, -0.34562463;
 0.019183762, 0.078121275, 0.9967593, 1.5960158;
 0, 0, 0, 1]
Twc:
[0.99791127, -0.061684873, 0.019183762, -0.59899575;
 0.060011525, 0.99513602, 0.078121275, 0.18636221;
 -0.023909353, -0.076806858, 0.9967593, -1.6042826;
 0, 0, 0, 1]
Ow:
[0.54820335;
 -0.34562463;
 1.5960158]
Keyframe: 69 Frame: 369 Frame from vFrameID : 370
Tcw:
[0.99918765, 0.040296864, 0.00047033856, 0.5525142;
 -0.040032335, 0.99383515, -0.1033879, -0.35404801;
 -0.0046336469, 0.10328508, 0.99464101, 1.6347498;
 0, 0, 0, 1]
Twc:
[0.99918765, -0.040032335, -0.0046336469, -0.55866385;
 0.040296864, 0.99383515, 0.10328508, 0.16075553;
 0.00047033856, -0.1033879, 0.99464101, -1.6628534;
 0, 0, 0, 1]
Ow:
[0.5525142;
 -0.35404801;
 1.6347498]
Keyframe: 70 Frame: 374 Frame from vFrameID : 375
Tcw:
[0.99897796, 0.019290868, 0.040876523, 0.56031185;
 -0.014934666, 0.99443209, -0.10431555, -0.35701293;
 -0.042661265, 0.10359846, 0.99370384, 1.6693459;
 0, 0, 0, 1]
Twc:
[0.99897796, -0.014934666, -0.042661265, -0.49385464;
 0.019290868, 0.99443209, 0.10359846, 0.17127457;
 0.040876523, -0.10431555, 0.99370384, -1.7189811;
 0, 0, 0, 1]
Ow:
[0.56031185;
 -0.35701293;
 1.6693459]
Keyframe: 71 Frame: 379 Frame from vFrameID : 380
Tcw:
[0.9974122, 0.022834757, 0.068172671, 0.56632477;
 -0.015965039, 0.99489295, -0.099664822, -0.35840446;
 -0.07010033, 0.098318525, 0.99268293, 1.6993151;
 0, 0, 0, 1]
Twc:
[0.9974122, -0.015965039, -0.07010033, -0.45145863;
 0.022834757, 0.99489295, 0.098318525, 0.17656802;
 0.068172671, -0.099664822, 0.99268293, -1.7612092;
 0, 0, 0, 1]
Ow:
[0.56632477;
 -0.35840446;
 1.6993151]
Keyframe: 72 Frame: 384 Frame from vFrameID : 385
Tcw:
[0.9985171, 0.02679166, 0.047389444, 0.58047867;
 -0.021487396, 0.99379897, -0.10909582, -0.36774907;
 -0.050018441, 0.10791577, 0.99290097, 1.7386283;
 0, 0, 0, 1]
Twc:
[0.9985171, -0.021487396, -0.050018441, -0.50055641;
 0.02679166, 0.99379897, 0.10791577, 0.16229126;
 0.047389444, -0.10909582, 0.99290097, -1.7939141;
 0, 0, 0, 1]
Ow:
[0.58047867;
 -0.36774907;
 1.7386283]
Keyframe: 73 Frame: 389 Frame from vFrameID : 390
Tcw:
[0.99908662, 0.041612465, 0.0097145056, 0.59582257;
 -0.04023809, 0.99267763, -0.11389466, -0.37125096;
 -0.01438281, 0.11339974, 0.99344534, 1.7725731;
 0, 0, 0, 1]
Twc:
[0.99908662, -0.04023809, -0.01438281, -0.58472216;
 0.041612465, 0.99267763, 0.11339974, 0.14272957;
 0.0097145056, -0.11389466, 0.99344534, -1.8090261;
 0, 0, 0, 1]
Ow:
[0.59582257;
 -0.37125096;
 1.7725731]
Keyframe: 74 Frame: 394 Frame from vFrameID : 395
Tcw:
[0.99866289, 0.051252738, 0.0067562368, 0.60676318;
 -0.050282028, 0.99337286, -0.10335424, -0.38159311;
 -0.012008649, 0.10287632, 0.99462169, 1.8086985;
 0, 0, 0, 1]
Twc:
[0.99866289, -0.050282028, -0.012008649, -0.60341913;
 0.051252738, 0.99337286, 0.10287632, 0.16189374;
 0.0067562368, -0.10335424, 0.99462169, -1.8425094;
 0, 0, 0, 1]
Ow:
[0.60676318;
 -0.38159311;
 1.8086985]
Keyframe: 75 Frame: 399 Frame from vFrameID : 400
Tcw:
[0.9989382, 0.027112093, 0.0372486, 0.60916454;
 -0.022737872, 0.99331063, -0.11321232, -0.38636807;
 -0.04006885, 0.11224515, 0.99287236, 1.8521538;
 0, 0, 0, 1]
Twc:
[0.9989382, -0.022737872, -0.04006885, -0.54308921;
 0.027112093, 0.99331063, 0.11224515, 0.15937249;
 0.0372486, -0.11321232, 0.99287236, -1.9053844;
 0, 0, 0, 1]
Ow:
[0.60916454;
 -0.38636807;
 1.8521538]
Keyframe: 76 Frame: 404 Frame from vFrameID : 405
Tcw:
[0.99677664, 0.012550805, 0.079238571, 0.61243236;
 -0.0030862554, 0.99295485, -0.11845336, -0.38601172;
 -0.08016701, 0.11782699, 0.98979294, 1.8825468;
 0, 0, 0, 1]
Twc:
[0.99677664, -0.0030862554, -0.08016701, -0.46073154;
 0.012550805, 0.99295485, 0.11782699, 0.15379083;
 0.079238571, -0.11845336, 0.98979294, -1.9575841;
 0, 0, 0, 1]
Ow:
[0.61243236;
 -0.38601172;
 1.8825468]
Keyframe: 77 Frame: 409 Frame from vFrameID : 410
Tcw:
[0.99381423, -0.0010714759, 0.11105035, 0.62273866;
 0.011767654, 0.99533993, -0.095707752, -0.39602554;
 -0.11043029, 0.096422523, 0.98919559, 1.919434;
 0, 0, 0, 1]
Twc:
[0.99381423, 0.011767654, -0.11043029, -0.4022626;
 -0.0010714759, 0.99533993, 0.096422523, 0.20977062;
 0.11105035, -0.095707752, 0.98919559, -2.0057535;
 0, 0, 0, 1]
Ow:
[0.62273866;
 -0.39602554;
 1.919434]
Keyframe: 78 Frame: 414 Frame from vFrameID : 415
Tcw:
[0.99715197, 0.011680959, 0.07450828, 0.63973105;
 -0.0036373774, 0.99423188, -0.10719028, -0.40305677;
 -0.075330593, 0.10661399, 0.99144274, 1.9580629;
 0, 0, 0, 1]
Twc:
[0.99715197, -0.0036373774, -0.075330593, -0.49187312;
 0.011680959, 0.99423188, 0.10661399, 0.18450233;
 0.07450828, -0.10719028, 0.99144274, -2.0321763;
 0, 0, 0, 1]
Ow:
[0.63973105;
 -0.40305677;
 1.9580629]
Keyframe: 79 Frame: 419 Frame from vFrameID : 420
Tcw:
[0.99905014, 0.042869698, 0.0078132376, 0.66289496;
 -0.041539114, 0.99109674, -0.12649797, -0.40975943;
 -0.013166605, 0.12605326, 0.99193609, 1.992348;
 0, 0, 0, 1]
Twc:
[0.99905014, -0.041539114, -0.013166605, -0.65305388;
 0.042869698, 0.99109674, 0.12605326, 0.12655118;
 0.0078132376, -0.12649797, 0.99193609, -2.0332949;
 0, 0, 0, 1]
Ow:
[0.66289496;
 -0.40975943;
 1.992348]
Keyframe: 80 Frame: 423 Frame from vFrameID : 424
Tcw:
[0.99951977, 0.030631837, -0.0046839388, 0.66558909;
 -0.030947648, 0.99445254, -0.10053028, -0.41599065;
 0.0015785276, 0.10062696, 0.994923, 2.0134397;
 0, 0, 0, 1]
Twc:
[0.99951977, -0.030947648, 0.0015785276, -0.68132162;
 0.030631837, 0.99445254, 0.10062696, 0.19068845;
 -0.0046839388, -0.10053028, 0.994923, -2.0419195;
 0, 0, 0, 1]
Ow:
[0.66558909;
 -0.41599065;
 2.0134397]
Keyframe: 81 Frame: 428 Frame from vFrameID : 429
Tcw:
[0.9987554, 0.047764868, -0.014360917, 0.6779356;
 -0.048883874, 0.99458736, -0.091686279, -0.42026085;
 0.0099038025, 0.092274182, 0.99568439, 2.0511951;
 0, 0, 0, 1]
Twc:
[0.9987554, -0.048883874, 0.0099038025, -0.7179504;
 0.047764868, 0.99458736, 0.092274182, 0.19633228;
 -0.014360917, -0.091686279, 0.99568439, -2.0711393;
 0, 0, 0, 1]
Ow:
[0.6779356;
 -0.42026085;
 2.0511951]
Keyframe: 82 Frame: 432 Frame from vFrameID : 433
Tcw:
[0.9993633, 0.035655122, -0.0012843861, 0.68251109;
 -0.035625432, 0.99527919, -0.090278424, -0.42432618;
 -0.0019405654, 0.090266705, 0.99591571, 2.0848925;
 0, 0, 0, 1]
Twc:
[0.9993633, -0.035625432, -0.0019405654, -0.69314748;
 0.035655122, 0.99527919, 0.090266705, 0.2097916;
 -0.0012843861, -0.090278424, 0.99591571, -2.1138082;
 0, 0, 0, 1]
Ow:
[0.68251109;
 -0.42432618;
 2.0848925]
Keyframe: 83 Frame: 437 Frame from vFrameID : 438
Tcw:
[0.99929172, 0.022438882, 0.03020913, 0.69177288;
 -0.018845733, 0.99325866, -0.11437697, -0.43150061;
 -0.032571971, 0.11372664, 0.99297798, 2.1146271;
 0, 0, 0, 1]
Twc:
[0.99929172, -0.018845733, -0.032571971, -0.63053727;
 0.022438882, 0.99325866, 0.11372664, 0.17257968;
 0.03020913, -0.11437697, 0.99297798, -2.1700299;
 0, 0, 0, 1]
Ow:
[0.69177288;
 -0.43150061;
 2.1146271]
Keyframe: 84 Frame: 443 Frame from vFrameID : 444
Tcw:
[0.99892181, 0.003069703, 0.046322867, 0.70280993;
 0.00085134024, 0.99643248, -0.084389724, -0.43698692;
 -0.046416659, 0.084338173, 0.99535549, 2.1584964;
 0, 0, 0, 1]
Twc:
[0.99892181, 0.00085134024, -0.046416659, -0.6014899;
 0.003069703, 0.99643248, 0.084338173, 0.2512269;
 0.046322867, -0.084389724, 0.99535549, -2.2179046;
 0, 0, 0, 1]
Ow:
[0.70280993;
 -0.43698692;
 2.1584964]
Keyframe: 85 Frame: 447 Frame from vFrameID : 448
Tcw:
[0.99927294, 0.011203761, 0.036443293, 0.71802723;
 -0.0077215042, 0.99551135, -0.094326854, -0.44432241;
 -0.037336528, 0.093976878, 0.994874, 2.186882;
 0, 0, 0, 1]
Twc:
[0.99927294, -0.0077215042, -0.037336528, -0.63928539;
 0.011203761, 0.99551135, 0.093976878, 0.22876705;
 0.036443293, -0.094326854, 0.994874, -2.243751;
 0, 0, 0, 1]
Ow:
[0.71802723;
 -0.44432241;
 2.186882]
Keyframe: 86 Frame: 452 Frame from vFrameID : 453
Tcw:
[0.99877828, 0.044959053, -0.020508235, 0.73878056;
 -0.047133736, 0.99139982, -0.12208536, -0.45921129;
 0.014843019, 0.12290284, 0.99230772, 2.2174225;
 0, 0, 0, 1]
Twc:
[0.99877828, -0.047133736, 0.014843019, -0.79243565;
 0.044959053, 0.99139982, 0.12290284, 0.14951959;
 -0.020508235, -0.12208536, 0.99230772, -2.2412772;
 0, 0, 0, 1]
Ow:
[0.73878056;
 -0.45921129;
 2.2174225]
Keyframe: 87 Frame: 456 Frame from vFrameID : 457
Tcw:
[0.99730825, 0.055360019, -0.048078667, 0.74884868;
 -0.061068345, 0.99005109, -0.12676546, -0.46115986;
 0.040582597, 0.12936032, 0.99076688, 2.2393336;
 0, 0, 0, 1]
Twc:
[0.99730825, -0.061068345, 0.040582597, -0.86587316;
 0.055360019, 0.99005109, 0.12936032, 0.12543465;
 -0.048078667, -0.12676546, 0.99076688, -2.2411129;
 0, 0, 0, 1]
Ow:
[0.74884868;
 -0.46115986;
 2.2393336]
Keyframe: 88 Frame: 461 Frame from vFrameID : 462
Tcw:
[0.99666804, 0.05046365, -0.064079523, 0.75663805;
 -0.057659131, 0.99158359, -0.11591978, -0.47021091;
 0.057690468, 0.11922831, 0.99118942, 2.2651584;
 0, 0, 0, 1]
Twc:
[0.99666804, -0.057659131, 0.057690468, -0.91190702;
 0.05046365, 0.99158359, 0.11922831, 0.15799971;
 -0.064079523, -0.11591978, 0.99118942, -2.2512226;
 0, 0, 0, 1]
Ow:
[0.75663805;
 -0.47021091;
 2.2651584]
Keyframe: 89 Frame: 466 Frame from vFrameID : 467
Tcw:
[0.99814522, 0.038804904, -0.046906929, 0.76288426;
 -0.044554975, 0.99070668, -0.12851104, -0.47390816;
 0.041484151, 0.13036263, 0.99059814, 2.30125;
 0, 0, 0, 1]
Twc:
[0.99814522, -0.044554975, 0.041484151, -0.87804961;
 0.038804904, 0.99070668, 0.13036263, 0.13990338;
 -0.046906929, -0.12851104, 0.99059814, -2.3047316;
 0, 0, 0, 1]
Ow:
[0.76288426;
 -0.47390816;
 2.30125]
Keyframe: 90 Frame: 471 Frame from vFrameID : 472
Tcw:
[0.99937034, 0.035466723, 0.0010457431, 0.77005672;
 -0.035014082, 0.99053025, -0.1327548, -0.47862175;
