Keyframe: 0 Frame: 0 Frame from vFrameID : 70
Tcw:
[1, 0, 0, 0;
 0, 1, 0, 0;
 0, 0, 1, 0;
 0, 0, 0, 1]
Twc:
[1, 0, 0, 0;
 0, 1, 0, 0;
 0, 0, 1, 0;
 0, 0, 0, 1]
Ow:
[0;
 0;
 0]
Keyframe: 1 Frame: 69 Frame from vFrameID : 70
Tcw:
[0.99875557, 0.031628702, -0.038561378, -0.012112221;
 -0.030942261, 0.99935418, 0.018270101, -0.014487579;
 0.039114334, -0.017054189, 0.99908918, 0.0054539698;
 0, 0, 0, 1]
Twc:
[0.99875557, -0.030942261, 0.039114334, 0.01143554;
 0.031628702, 0.99935418, -0.017054189, 0.014954329;
 -0.038561378, 0.018270101, 0.99908918, -0.0056513767;
 0, 0, 0, 1]
Ow:
[-0.012112221;
 -0.014487579;
 0.0054539698]
Keyframe: 2 Frame: 71 Frame from vFrameID : 72
Tcw:
[0.99821562, 0.020790495, -0.05597591, -0.013165401;
 -0.019937046, 0.999677, 0.01576229, -0.017943135;
 0.056285538, -0.01461817, 0.9983077, 0.0051175081;
 0, 0, 0, 1]
Twc:
[0.99821562, -0.019937046, 0.056285538, 0.012496134;
 0.020790495, 0.999677, -0.01461817, 0.018285863;
 -0.05597591, 0.01576229, 0.9983077, -0.0055629681;
 0, 0, 0, 1]
Ow:
[-0.013165401;
 -0.017943135;
 0.0051175081]
Keyframe: 3 Frame: 73 Frame from vFrameID : 74
Tcw:
[0.99822843, 0.026711764, -0.053165168, -0.012228748;
 -0.026485421, 0.99963689, 0.0049574678, -0.023003859;
 0.05327829, -0.0035405834, 0.99857342, 0.0039801607;
 0, 0, 0, 1]
Twc:
[0.99822843, -0.026485421, 0.05327829, 0.011385759;
 0.026711764, 0.99963689, -0.0035405834, 0.02333625;
 -0.053165168, 0.0049574678, 0.99857342, -0.0045105848;
 0, 0, 0, 1]
Ow:
[-0.012228748;
 -0.023003859;
 0.0039801607]
Keyframe: 4 Frame: 75 Frame from vFrameID : 76
Tcw:
[0.99830574, 0.025980076, -0.05206437, -0.0112842;
 -0.026106685, 0.99965763, -0.0017530598, -0.023157574;
 0.052000999, 0.0031093177, 0.99864221, 0.0029317902;
 0, 0, 0, 1]
Twc:
[0.99830574, -0.026106685, 0.052000999, 0.010508058;
 0.025980076, 0.99965763, 0.0031093177, 0.023433693;
 -0.05206437, -0.0017530598, 0.99864221, -0.0035559107;
 0, 0, 0, 1]
Ow:
[-0.0112842;
 -0.023157574;
 0.0029317902]
Keyframe: 5 Frame: 77 Frame from vFrameID : 78
Tcw:
[0.99837965, 0.027265852, -0.049946386, -0.0078401417;
 -0.0274566, 0.99961805, -0.0031367941, -0.024135951;
 0.049841784, 0.0045030694, 0.99874699, 0.0012346406;
 0, 0, 0, 1]
Twc:
[0.99837965, -0.0274566, 0.049841784, 0.0071032098;
 0.027265852, 0.99961805, 0.0045030694, 0.024334941;
 -0.049946386, -0.0031367941, 0.99874699, -0.0017003898;
 0, 0, 0, 1]
Ow:
[-0.0078401417;
 -0.024135951;
 0.0012346406]
Keyframe: 6 Frame: 79 Frame from vFrameID : 80
Tcw:
[0.998447, 0.03850976, -0.040256828, -0.0023134002;
 -0.03858953, 0.99925441, -0.0012060674, -0.027001876;
 0.04018037, 0.0027576864, 0.99918866, -9.457444e-05;
 0, 0, 0, 1]
Twc:
[0.998447, -0.03858953, 0.04018037, 0.0012716179;
 0.03850976, 0.99925441, 0.0027576864, 0.027071094;
 -0.040256828, -0.0012060674, 0.99918866, -3.1198542e-05;
 0, 0, 0, 1]
Ow:
[-0.0023134002;
 -0.027001876;
 -9.457444e-05]
Keyframe: 7 Frame: 82 Frame from vFrameID : 83
Tcw:
[0.99876666, 0.044687342, -0.021636689, 0.0036761926;
 -0.04495459, 0.99891663, -0.012026716, -0.027253771;
 0.021075806, 0.012984552, 0.99969357, -0.0024306122;
 0, 0, 0, 1]
Twc:
[0.99876666, -0.04495459, 0.021075806, -0.0048456136;
 0.044687342, 0.99891663, 0.012984552, 0.027091525;
 -0.021636689, -0.012026716, 0.99969357, 0.0021816345;
 0, 0, 0, 1]
Ow:
[0.0036761926;
 -0.027253771;
 -0.0024306122]
Keyframe: 8 Frame: 85 Frame from vFrameID : 86
Tcw:
[0.99885017, 0.046563189, -0.011413132, 0.0078884531;
 -0.046721224, 0.99880993, -0.013994577, -0.026244292;
 0.010747917, 0.014511721, 0.99983692, -0.0040369513;
 0, 0, 0, 1]
Twc:
[0.99885017, -0.046721224, 0.010747917, -0.0090621589;
 0.046563189, 0.99880993, 0.014511721, 0.025904331;
 -0.011413132, -0.013994577, 0.99983692, 0.0037590472;
 0, 0, 0, 1]
Ow:
[0.0078884531;
 -0.026244292;
 -0.0040369513]
Keyframe: 9 Frame: 88 Frame from vFrameID : 89
Tcw:
[0.99864882, 0.051048018, 0.0097256992, 0.013948553;
 -0.050983526, 0.99867654, -0.006767726, -0.023471482;
 -0.010058307, 0.0062627313, 0.99992979, -0.0048965421;
 0, 0, 0, 1]
Twc:
[0.99864882, -0.050983526, -0.010058307, -0.015175616;
 0.051048018, 0.99867654, 0.0062627313, 0.022759041;
 0.0097256992, -0.006767726, 0.99992979, 0.0046016905;
 0, 0, 0, 1]
Ow:
[0.013948553;
 -0.023471482;
 -0.0048965421]
Keyframe: 10 Frame: 91 Frame from vFrameID : 92
Tcw:
[0.99872303, 0.048595112, 0.013813242, 0.016311174;
 -0.048537623, 0.99881136, -0.0044673397, -0.021664524;
 -0.014013914, 0.0037911732, 0.99989462, -0.0051785954;
 0, 0, 0, 1]
Twc:
[0.99872303, -0.048537623, -0.014013914, -0.017414462;
 0.048595112, 0.99881136, 0.0037911732, 0.020865761;
 0.013813242, -0.0044673397, 0.99989462, 0.0048559569;
 0, 0, 0, 1]
Ow:
[0.016311174;
 -0.021664524;
 -0.0051785954]
Keyframe: 11 Frame: 94 Frame from vFrameID : 95
Tcw:
[0.99873316, 0.048255164, 0.014264046, 0.018720778;
 -0.048201025, 0.99882919, -0.004115514, -0.020089535;
 -0.01444594, 0.0034227588, 0.99988979, -0.0050413767;
 0, 0, 0, 1]
Twc:
[0.99873316, -0.048201025, -0.01444594, -0.019738227;
 0.048255164, 0.99882919, 0.0034227588, 0.019179896;
 0.014264046, -0.004115514, 0.99988979, 0.0046911081;
 0, 0, 0, 1]
Ow:
[0.018720778;
 -0.020089535;
 -0.0050413767]
Keyframe: 12 Frame: 97 Frame from vFrameID : 98
Tcw:
[0.99894172, 0.04473678, 0.010682497, 0.014935923;
 -0.044651445, 0.99896979, -0.0080976747, -0.01771464;
 -0.011033756, 0.0076121162, 0.99991018, -0.003400468;
 0, 0, 0, 1]
Twc:
[0.99894172, -0.044651445, -0.011033756, -0.01574862;
 0.04473678, 0.99896979, 0.0076121162, 0.01705409;
 0.010682497, -0.0080976747, 0.99991018, 0.0030971621;
 0, 0, 0, 1]
Ow:
[0.014935923;
 -0.01771464;
 -0.003400468]
Keyframe: 13 Frame: 100 Frame from vFrameID : 101
Tcw:
[0.99923271, 0.038343873, -0.0079865167, 0.011223364;
 -0.038413927, 0.99922305, -0.0088111339, -0.01915003;
 0.0076424587, 0.0091111669, 0.99992931, -0.0024396223;
 0, 0, 0, 1]
Twc:
[0.99923271, -0.038413927, 0.0076424587, -0.011931734;
 0.038343873, 0.99922305, 0.0091111669, 0.018727032;
 -0.0079865167, -0.0088111339, 0.99992931, 0.0023603518;
 0, 0, 0, 1]
Ow:
[0.011223364;
 -0.01915003;
 -0.0024396223]
Keyframe: 14 Frame: 103 Frame from vFrameID : 104
Tcw:
[0.99912626, 0.035140738, -0.022624461, 0.0080397166;
 -0.03549993, 0.99924672, -0.015675252, -0.020607077;
 0.02205658, 0.016464723, 0.99962115, -0.0023036727;
 0, 0, 0, 1]
Twc:
[0.99912626, -0.03549993, 0.02205658, -0.0087134307;
 0.035140738, 0.99924672, 0.016464723, 0.020346964;
 -0.022624461, -0.015675252, 0.99962115, 0.002161673;
 0, 0, 0, 1]
Ow:
[0.0080397166;
 -0.020607077;
 -0.0023036727]
Keyframe: 15 Frame: 106 Frame from vFrameID : 107
Tcw:
[0.99829477, 0.037048824, -0.045109767, 0.0019682008;
 -0.038320672, 0.99888247, -0.027663754, -0.022169322;
 0.044034448, 0.029345218, 0.99859893, -0.0022195578;
 0, 0, 0, 1]
Twc:
[0.99829477, -0.038320672, 0.044034448, -0.002716651;
 0.037048824, 0.99888247, 0.029345218, 0.022136763;
 -0.045109767, -0.027663754, 0.99859893, 0.0016919463;
 0, 0, 0, 1]
Ow:
[0.0019682008;
 -0.022169322;
 -0.0022195578]
Keyframe: 16 Frame: 109 Frame from vFrameID : 110
Tcw:
[0.99705607, 0.037522011, -0.066867374, -0.0041171424;
 -0.039776061, 0.99867332, -0.032702528, -0.022745444;
 0.065551601, 0.035265975, 0.99722582, -0.0015368706;
 0, 0, 0, 1]
Twc:
[0.99705607, -0.039776061, 0.065551601, 0.0033010424;
 0.037522011, 0.99867332, 0.035265975, 0.02292395;
 -0.066867374, -0.032702528, 0.99722582, 0.00051347091;
 0, 0, 0, 1]
Ow:
[-0.0041171424;
 -0.022745444;
 -0.0015368706]
Keyframe: 17 Frame: 112 Frame from vFrameID : 113
Tcw:
[0.9962014, 0.037647039, -0.078520812, -0.007025118;
 -0.040115654, 0.99874151, -0.030101692, -0.024361983;
 0.077288762, 0.033137262, 0.99645793, -0.00033394626;
 0, 0, 0, 1]
Twc:
[0.9962014, -0.040115654, 0.077288762, 0.0060469452;
 0.037647039, 0.99874151, 0.033137262, 0.024606867;
 -0.078520812, -0.030101692, 0.99645793, -0.00095219153;
 0, 0, 0, 1]
Ow:
[-0.007025118;
 -0.024361983;
 -0.00033394626]
Keyframe: 18 Frame: 116 Frame from vFrameID : 117
Tcw:
[0.99539232, 0.046348214, -0.083940245, -0.0092557836;
 -0.049106009, 0.99830949, -0.031092145, -0.028350908;
 0.08235728, 0.035070851, 0.99598563, 0.0014813613;
 0, 0, 0, 1]
Twc:
[0.99539232, -0.049106009, 0.08235728, 0.0076989355;
 0.046348214, 0.99830949, 0.035070851, 0.028680021;
 -0.083940245, -0.031092145, 0.99598563, -0.0031338378;
 0, 0, 0, 1]
Ow:
[-0.0092557836;
 -0.028350908;
 0.0014813613]
Keyframe: 19 Frame: 120 Frame from vFrameID : 121
Tcw:
[0.9961645, 0.046269048, -0.074265979, -0.0078353342;
 -0.048957884, 0.99819434, -0.034801997, -0.028800018;
 0.072521627, 0.038304418, 0.99663103, 0.0026400825;
 0, 0, 0, 1]
Twc:
[0.9961645, -0.048957884, 0.072521627, 0.0062038307;
 0.046269048, 0.99819434, 0.038304418, 0.029009422;
 -0.074265979, -0.034801997, 0.99663103, -0.0042153853;
 0, 0, 0, 1]
Ow:
[-0.0078353342;
 -0.028800018;
 0.0026400825]
Keyframe: 20 Frame: 123 Frame from vFrameID : 124
Tcw:
[0.99693561, 0.049518671, -0.060558621, -0.0067058848;
 -0.051397372, 0.99823153, -0.029868107, -0.029119218;
 0.058972497, 0.032889131, 0.99771768, 0.003631643;
 0, 0, 0, 1]
Twc:
[0.99693561, -0.051397372, 0.058972497, 0.0049745166;
 0.049518671, 0.99823153, 0.032889131, 0.029280348;
 -0.060558621, -0.029868107, 0.99771768, -0.0048991893;
 0, 0, 0, 1]
Ow:
[-0.0067058848;
 -0.029119218;
 0.003631643]
Keyframe: 21 Frame: 127 Frame from vFrameID : 128
Tcw:
[0.99836791, 0.050310459, -0.027024915, 0.0018928463;
 -0.051233053, 0.99808699, -0.034605917, -0.033007462;
 0.025232177, 0.035934005, 0.9990356, 0.013973451;
 0, 0, 0, 1]
Twc:
[0.99836791, -0.051233053, 0.025232177, -0.0039334106;
 0.050310459, 0.99808699, 0.035934005, 0.032346968;
 -0.027024915, -0.034605917, 0.9990356, -0.015051074;
 0, 0, 0, 1]
Ow:
[0.0018928463;
 -0.033007462;
 0.013973451]
Keyframe: 22 Frame: 131 Frame from vFrameID : 132
Tcw:
[0.99840623, 0.055257965, -0.011470628, 0.012385224;
 -0.055599283, 0.99794203, -0.031944782, -0.032607563;
 0.0096818181, 0.032531627, 0.9994238, 0.021330399;
 0, 0, 0, 1]
Twc:
[0.99840623, -0.055599283, 0.0096818181, -0.014384959;
 0.055257965, 0.99794203, 0.032531627, 0.031162161;
 -0.011470628, -0.031944782, 0.9994238, -0.022217685;
 0, 0, 0, 1]
Ow:
[0.012385224;
 -0.032607563;
 0.021330399]
Keyframe: 23 Frame: 135 Frame from vFrameID : 136
Tcw:
[0.99840194, 0.0552506, -0.011871428, 0.024802787;
 -0.055661667, 0.99773937, -0.037654586, -0.033478148;
 0.0097641535, 0.038255192, 0.99922031, 0.034960214;
 0, 0, 0, 1]
Twc:
[0.99840194, -0.055661667, 0.0097641535, -0.026967956;
 0.0552506, 0.99773937, 0.038255192, 0.03069469;
 -0.011871428, -0.037654586, 0.99922031, -0.035899118;
 0, 0, 0, 1]
Ow:
[0.024802787;
 -0.033478148;
 0.034960214]
Keyframe: 24 Frame: 139 Frame from vFrameID : 140
Tcw:
[0.9974305, 0.063287951, -0.033570405, 0.037622668;
 -0.06448634, 0.99727249, -0.035904024, -0.037107069;
 0.03120655, 0.037976604, 0.99879122, 0.043499745;
 0, 0, 0, 1]
Twc:
[0.9974305, -0.06448634, 0.03120655, -0.041276373;
 0.063287951, 0.99727249, 0.037976604, 0.032972824;
 -0.033570405, -0.035904024, 0.99879122, -0.04351645;
 0, 0, 0, 1]
Ow:
[0.037622668;
 -0.037107069;
 0.043499745]
Keyframe: 25 Frame: 143 Frame from vFrameID : 144
Tcw:
[0.9935109, 0.090656348, -0.068683803, 0.049658835;
 -0.093336344, 0.99495196, -0.036864173, -0.04558482;
 0.064995117, 0.043035652, 0.99695718, 0.053173348;
 0, 0, 0, 1]
Twc:
[0.9935109, -0.093336344, 0.064995117, -0.057047326;
 0.090656348, 0.99495196, 0.043035652, 0.03856447;
 -0.068683803, -0.036864173, 0.99695718, -0.05128124;
 0, 0, 0, 1]
Ow:
[0.049658835;
 -0.04558482;
 0.053173348]
Keyframe: 26 Frame: 147 Frame from vFrameID : 148
Tcw:
[0.9911201, 0.087724574, -0.099926457, 0.054786194;
 -0.092119925, 0.9949342, -0.0402469, -0.051497966;
 0.095889606, 0.049094733, 0.9941805, 0.068938889;
 0, 0, 0, 1]
Twc:
[0.9911201, -0.092119925, 0.095889606, -0.065654211;
 0.087724574, 0.9949342, 0.049094733, 0.043046456;
 -0.099926457, -0.0402469, 0.9941805, -0.06513574;
 0, 0, 0, 1]
Ow:
[0.054786194;
 -0.051497966;
 0.068938889]
Keyframe: 27 Frame: 153 Frame from vFrameID : 154
Tcw:
[0.99426931, 0.081469893, -0.069218382, 0.062500328;
 -0.085894585, 0.99427539, -0.063550167, -0.060196646;
 0.063644707, 0.069131464, 0.99557531, 0.097656749;
 0, 0, 0, 1]
Twc:
[0.99426931, -0.085894585, 0.063644707, -0.073528059;
 0.081469893, 0.99427539, 0.069131464, 0.04800899;
 -0.069218382, -0.063550167, 0.99557531, -0.096723989;
 0, 0, 0, 1]
Ow:
[0.062500328;
 -0.060196646;
 0.097656749]
Keyframe: 28 Frame: 158 Frame from vFrameID : 159
Tcw:
[0.9968735, 0.077251107, 0.016597111, 0.072696775;
 -0.075708546, 0.99398071, -0.079186596, -0.069935739;
 -0.02261446, 0.077682473, 0.99672163, 0.12880655;
 0, 0, 0, 1]
Twc:
[0.9968735, -0.075708546, -0.02261446, -0.074851334;
 0.077251107, 0.99398071, 0.077682473, 0.053892862;
 0.016597111, -0.079186596, 0.99672163, -0.1351288;
 0, 0, 0, 1]
Ow:
[0.072696775;
 -0.069935739;
 0.12880655]
Keyframe: 29 Frame: 163 Frame from vFrameID : 164
Tcw:
[0.99655461, 0.036389105, 0.074530408, 0.071365215;
 -0.03128114, 0.9971543, -0.06859196, -0.073662803;
 -0.076814316, 0.066024236, 0.99485695, 0.15482457;
 0, 0, 0, 1]
Twc:
[0.99655461, -0.03128114, -0.076814316, -0.061530843;
 0.036389105, 0.9971543, 0.066024236, 0.060634088;
 0.074530408, -0.06859196, 0.99485695, -0.16439986;
 0, 0, 0, 1]
Ow:
[0.071365215;
 -0.073662803;
 0.15482457]
Keyframe: 30 Frame: 168 Frame from vFrameID : 169
Tcw:
[0.99236888, 0.02981039, 0.11964672, 0.083185092;
 -0.025010072, 0.99882859, -0.041424051, -0.082110658;
 -0.12074143, 0.038115568, 0.99195194, 0.17361668;
 0, 0, 0, 1]
Twc:
[0.99236888, -0.025010072, -0.12074143, -0.063641161;
 0.02981039, 0.99882859, 0.038115568, 0.072917193;
 0.11964672, -0.041424051, 0.99195194, -0.18557359;
 0, 0, 0, 1]
Ow:
[0.083185092;
 -0.082110658;
 0.17361668]
Keyframe: 31 Frame: 173 Frame from vFrameID : 174
Tcw:
[0.99012816, 0.01825746, 0.13897078, 0.090815827;
 -0.013173769, 0.99921304, -0.037413418, -0.080213539;
 -0.13954449, 0.03521331, 0.98958951, 0.1905587;
 0, 0, 0, 1]
Twc:
[0.99012816, -0.013173769, -0.13954449, -0.064384609;
 0.01825746, 0.99921304, 0.03521331, 0.071782142;
 0.13897078, -0.037413418, 0.98958951, -0.20419669;
 0, 0, 0, 1]
Ow:
[0.090815827;
 -0.080213539;
 0.1905587]
Keyframe: 32 Frame: 178 Frame from vFrameID : 179
Tcw:
[0.99219817, 0.028627494, 0.12133937, 0.10843974;
 -0.022870323, 0.99855757, -0.048577052, -0.087785006;
 -0.12255499, 0.04542299, 0.9914217, 0.21588275;
 0, 0, 0, 1]
Twc:
[0.99219817, -0.022870323, -0.12255499, -0.083143882;
 0.028627494, 0.99855757, 0.04542299, 0.07474798;
 0.12133937, -0.048577052, 0.9914217, -0.2314532;
 0, 0, 0, 1]
Ow:
[0.10843974;
 -0.087785006;
 0.21588275]
Keyframe: 33 Frame: 183 Frame from vFrameID : 184
Tcw:
[0.99522179, 0.029583169, 0.09305039, 0.13291991;
 -0.02186984, 0.99632221, -0.082847871, -0.092795037;
 -0.095159076, 0.080417015, 0.9922086, 0.24058515;
 0, 0, 0, 1]
Twc:
[0.99522179, -0.02186984, -0.095159076, -0.11142034;
 0.029583169, 0.99632221, 0.080417015, 0.069174424;
 0.09305039, -0.082847871, 0.9922086, -0.25876677;
 0, 0, 0, 1]
Ow:
[0.13291991;
 -0.092795037;
 0.24058515]
Keyframe: 34 Frame: 190 Frame from vFrameID : 191
Tcw:
[0.99571973, 0.034233447, 0.085850529, 0.15153733;
 -0.029219659, 0.99783063, -0.058993138, -0.09780056;
 -0.087683827, 0.05623211, 0.99455994, 0.26507315;
 0, 0, 0, 1]
Twc:
[0.99571973, -0.029219659, -0.087683827, -0.13050377;
 0.034233447, 0.99783063, 0.05623211, 0.077495135;
 0.085850529, -0.058993138, 0.99455994, -0.28241026;
 0, 0, 0, 1]
Ow:
[0.15153733;
 -0.09780056;
 0.26507315]
Keyframe: 35 Frame: 197 Frame from vFrameID : 198
Tcw:
[0.99716353, 0.034777023, 0.066749446, 0.15811174;
 -0.032032829, 0.99861443, -0.041751176, -0.099960156;
 -0.068108939, 0.039494578, 0.99689585, 0.29551139;
 0, 0, 0, 1]
Twc:
[0.99716353, -0.032032829, -0.068108939, -0.14073829;
 0.034777023, 0.99861443, 0.039494578, 0.082651898;
 0.066749446, -0.041751176, 0.99689585, -0.3093214;
 0, 0, 0, 1]
Ow:
[0.15811174;
 -0.099960156;
 0.29551139]
Keyframe: 36 Frame: 203 Frame from vFrameID : 204
Tcw:
[0.99598944, 0.037811019, 0.081088766, 0.16821247;
 -0.033791579, 0.99815828, -0.050380882, -0.10539588;
 -0.082844377, 0.047438707, 0.99543273, 0.33650893;
 0, 0, 0, 1]
Twc:
[0.99598944, -0.033791579, -0.082844377, -0.14322147;
 0.037811019, 0.99815828, 0.047438707, 0.082877934;
 0.081088766, -0.050380882, 0.99543273, -0.3539221;
 0, 0, 0, 1]
Ow:
[0.16821247;
 -0.10539588;
 0.33650893]
Keyframe: 37 Frame: 209 Frame from vFrameID : 210
Tcw:
[0.9935565, 0.017529165, 0.11197402, 0.17596595;
 -0.012826513, 0.99901068, -0.042580936, -0.11321148;
 -0.11260965, 0.040870328, 0.99279839, 0.37548649;
 0, 0, 0, 1]
Twc:
[0.9935565, -0.012826513, -0.11260965, -0.13400082;
 0.017529165, 0.99901068, 0.040870328, 0.094668686;
 0.11197402, -0.042580936, 0.99279839, -0.39730668;
 0, 0, 0, 1]
Ow:
[0.17596595;
 -0.11321148;
 0.37548649]
Keyframe: 38 Frame: 215 Frame from vFrameID : 216
Tcw:
[0.99217927, -0.0085549168, 0.12452749, 0.18239333;
 0.012473649, 0.99945009, -0.030723209, -0.11506565;
 -0.12419618, 0.032036245, 0.99174041, 0.40827006;
 0, 0, 0, 1]
Twc:
[0.99217927, 0.012473649, -0.12419618, -0.12882601;
 -0.0085549168, 0.99945009, 0.032036245, 0.1034833;
 0.12452749, -0.030723209, 0.99174041, -0.43114606;
 0, 0, 0, 1]
Ow:
[0.18239333;
 -0.11506565;
 0.40827006]
Keyframe: 39 Frame: 221 Frame from vFrameID : 222
Tcw:
[0.99567431, 0.018047612, 0.091142662, 0.20292135;
 -0.014294754, 0.99902952, -0.041661907, -0.12086284;
 -0.091806106, 0.040178828, 0.99496597, 0.45072505;
 0, 0, 0, 1]
Twc:
[0.99567431, -0.014294754, -0.091806106, -0.16239195;
 0.018047612, 0.99902952, 0.040178828, 0.098973691;
 0.091142662, -0.041661907, 0.99496597, -0.47198626;
 0, 0, 0, 1]
Ow:
[0.20292135;
 -0.12086284;
 0.45072505]
Keyframe: 40 Frame: 227 Frame from vFrameID : 228
Tcw:
[0.99782234, 0.043594114, 0.049498543, 0.22577985;
 -0.040406276, 0.99715251, -0.063672535, -0.12460682;
 -0.052133344, 0.061533827, 0.99674255, 0.49069995;
 0, 0, 0, 1]
Twc:
[0.99782234, -0.040406276, -0.052133344, -0.20474124;
 0.043594114, 0.99715251, 0.061533827, 0.08421468;
 0.049498543, -0.063672535, 0.99674255, -0.50821131;
 0, 0, 0, 1]
Ow:
[0.22577985;
 -0.12460682;
 0.49069995]
Keyframe: 41 Frame: 233 Frame from vFrameID : 234
Tcw:
[0.99927372, 0.035034072, 0.014986401, 0.23477057;
 -0.034286402, 0.99828106, -0.047532842, -0.12786791;
 -0.016625909, 0.04698449, 0.99875724, 0.52003723;
 0, 0, 0, 1]
Twc:
[0.99927372, -0.034286402, -0.016625909, -0.23033811;
 0.035034072, 0.99828106, 0.04698449, 0.094989449;
 0.014986401, -0.047532842, 0.99875724, -0.52898723;
 0, 0, 0, 1]
Ow:
[0.23477057;
 -0.12786791;
 0.52003723]
Keyframe: 42 Frame: 239 Frame from vFrameID : 240
Tcw:
[0.99931759, 0.03193276, -0.018563855, 0.24409258;
 -0.032695882, 0.99856681, -0.042371348, -0.13133051;
 0.017184215, 0.042949397, 0.99892944, 0.56601572;
 0, 0, 0, 1]
Twc:
[0.99931759, -0.032695882, 0.017184215, -0.25794649;
 0.03193276, 0.99856681, 0.042949397, 0.099037692;
 -0.018563855, -0.042371348, 0.99892944, -0.56644315;
 0, 0, 0, 1]
Ow:
[0.24409258;
 -0.13133051;
 0.56601572]
Keyframe: 43 Frame: 244 Frame from vFrameID : 245
Tcw:
[0.99955583, 0.027223274, -0.012126805, 0.25141361;
 -0.027872745, 0.99798113, -0.057067852, -0.13515621;
 0.010548749, 0.057380512, 0.99829668, 0.60262758;
 0, 0, 0, 1]
Twc:
[0.99955583, -0.027872745, 0.010548749, -0.26142606;
 0.027223274, 0.99798113, 0.057380512, 0.093459986;
 -0.012126805, -0.057067852, 0.99829668, -0.60626531;
 0, 0, 0, 1]
Ow:
[0.25141361;
 -0.13515621;
 0.60262758]
Keyframe: 44 Frame: 250 Frame from vFrameID : 251
Tcw:
[0.99967128, 0.025551863, 0.0021068391, 0.26142967;
 -0.025486844, 0.9993211, -0.026604246, -0.14551671;
 -0.0027851968, 0.026541803, 0.9996438, 0.64184856;
 0, 0, 0, 1]
Twc:
[0.99967128, -0.025486844, -0.0027851968, -0.26326483;
 0.025551863, 0.9993211, 0.026541803, 0.12170208;
 0.0021068391, -0.026604246, 0.9996438, -0.64604211;
 0, 0, 0, 1]
Ow:
[0.26142967;
 -0.14551671;
 0.64184856]
Keyframe: 45 Frame: 256 Frame from vFrameID : 257
Tcw:
[0.99951249, 0.028592508, -0.01253733, 0.27722353;
 -0.028922208, 0.99921811, -0.026955951, -0.15122975;
 0.01175679, 0.027305419, 0.99955797, 0.68534005;
 0, 0, 0, 1]
Twc:
[0.99951249, -0.028922208, 0.01175679, -0.2895197;
 0.028592508, 0.99921811, 0.027305419, 0.1244715;
 -0.01253733, -0.026955951, 0.99955797, -0.68563807;
 0, 0, 0, 1]
Ow:
[0.27722353;
 -0.15122975;
 0.68534005]
Keyframe: 46 Frame: 262 Frame from vFrameID : 263
Tcw:
[0.99662668, 0.060674999, -0.055261027, 0.29866952;
 -0.062554196, 0.99749804, -0.032934386, -0.15774545;
 0.053124472, 0.036280096, 0.99792862, 0.72802544;
 0, 0, 0, 1]
Twc:
[0.99662668, -0.062554196, 0.053124472, -0.34620562;
 0.060674999, 0.99749804, 0.036280096, 0.11281616;
 -0.055261027, -0.032934386, 0.99792862, -0.71520787;
 0, 0, 0, 1]
Ow:
[0.29866952;
 -0.15774545;
 0.72802544]
Keyframe: 47 Frame: 268 Frame from vFrameID : 269
Tcw:
[0.99621773, 0.059778687, -0.063061021, 0.30787039;
 -0.061277486, 0.99787593, -0.022105662, -0.16509224;
 0.061605625, 0.025886273, 0.99776483, 0.77148622;
 0, 0, 0, 1]
Twc:
[0.99621773, -0.061277486, 0.061605625, -0.36435026;
 0.059778687, 0.99787593, 0.025886273, 0.1263666;
 -0.063061021, -0.022105662, 0.99776483, -0.75399667;
 0, 0, 0, 1]
Ow:
[0.30787039;
 -0.16509224;
 0.77148622]
Keyframe: 48 Frame: 273 Frame from vFrameID : 274
Tcw:
[0.99869347, 0.041756276, -0.029458163, 0.31426206;
 -0.042760149, 0.99849594, -0.034313403, -0.16952226;
 0.027981056, 0.035528205, 0.99897689, 0.81374818;
 0, 0, 0, 1]
Twc:
[0.99869347, -0.042760149, 0.027981056, -0.34386978;
 0.041756276, 0.99849594, 0.035528205, 0.12723385;
 -0.029458163, -0.034313403, 0.99897689, -0.80947495;
 0, 0, 0, 1]
Ow:
[0.31426206;
 -0.16952226;
 0.81374818]
Keyframe: 49 Frame: 278 Frame from vFrameID : 279
Tcw:
[0.9995693, 0.029204447, 0.0028843232, 0.31630158;
 -0.029092679, 0.99902463, -0.033218287, -0.17882429;
 -0.0038516317, 0.033120066, 0.99944395, 0.84996927;
 0, 0, 0, 1]
Twc:
[0.9995693, -0.029092679, -0.0038516317, -0.31809407;
 0.029204447, 0.99902463, 0.033120066, 0.14126141;
 0.0028843232, -0.033218287, 0.99944395, -0.85634923;
 0, 0, 0, 1]
Ow:
[0.31630158;
 -0.17882429;
 0.84996927]
Keyframe: 50 Frame: 283 Frame from vFrameID : 284
Tcw:
[0.999605, 0.024079602, 0.014492273, 0.32368234;
 -0.02346603, 0.99887884, -0.041114513, -0.18813875;
 -0.015466047, 0.040758196, 0.99904931, 0.88258332;
 0, 0, 0, 1]
Twc:
[0.999605, -0.02346603, -0.015466047, -0.31431928;
 0.024079602, 0.99887884, 0.040758196, 0.14416118;
 0.014492273, -0.041114513, 0.99904931, -0.8941704;
 0, 0, 0, 1]
Ow:
[0.32368234;
 -0.18813875;
 0.88258332]
Keyframe: 51 Frame: 290 Frame from vFrameID : 291
Tcw:
[0.99841386, 0.050750758, -0.024374474, 0.34538162;
 -0.052023795, 0.99714142, -0.054794818, -0.19975972;
 0.021523919, 0.055975959, 0.99820006, 0.92538458;
 0, 0, 0, 1]
Twc:
[0.99841386, -0.052023795, 0.021523919, -0.37514398;
 0.050750758, 0.99714142, 0.055975959, 0.12986104;
 -0.024374474, -0.054794818, 0.99820006, -0.92624629;
 0, 0, 0, 1]
Ow:
[0.34538162;
 -0.19975972;
 0.92538458]
Keyframe: 52 Frame: 296 Frame from vFrameID : 297
Tcw:
[0.99596524, 0.055474855, -0.070538901, 0.35946906;
 -0.060571838, 0.99554199, -0.072299041, -0.20697249;
 0.06621366, 0.076280005, 0.9948855, 0.95573092;
 0, 0, 0, 1]
Twc:
[0.99596524, -0.060571838, 0.06621366, -0.43383786;
 0.055474855, 0.99554199, 0.076280005, 0.11320516;
 -0.070538901, -0.072299041, 0.9948855, -0.94045013;
 0, 0, 0, 1]
Ow:
[0.35946906;
 -0.20697249;
 0.95573092]
Keyframe: 53 Frame: 301 Frame from vFrameID : 302
Tcw:
[0.99505937, 0.062352445, -0.077259183, 0.37055528;
 -0.066598952, 0.99633574, -0.053662803, -0.21544577;
 0.073630072, 0.058543056, 0.99556583, 0.99250931;
 0, 0, 0, 1]
Twc:
[0.99505937, -0.066598952, 0.073630072, -0.45615152;
 0.062352445, 0.99633574, 0.058543056, 0.13344677;
 -0.077259183, -0.053662803, 0.99556583, -0.97104102;
 0, 0, 0, 1]
Ow:
[0.37055528;
 -0.21544577;
 0.99250931]
Keyframe: 54 Frame: 306 Frame from vFrameID : 307
Tcw:
[0.99871582, 0.030605979, -0.040372923, 0.3717128;
 -0.03330918, 0.9971239, -0.068076558, -0.21799877;
 0.038173258, 0.069333926, 0.99686289, 1.0339985;
 0, 0, 0, 1]
Twc:
[0.99871582, -0.03330918, 0.038173258, -0.41796792;
 0.030605979, 0.9971239, 0.069333926, 0.13430397;
 -0.040372923, -0.068076558, 0.99686289, -1.0305882;
 0, 0, 0, 1]
Ow:
[0.3717128;
 -0.21799877;
 1.0339985]
Keyframe: 55 Frame: 311 Frame from vFrameID : 312
Tcw:
[0.99997777, 0.005041922, -0.0043672076, 0.37061739;
 -0.0053690639, 0.99690306, -0.078456774, -0.21990481;
 0.0039581098, 0.078478478, 0.99690795, 1.0645454;
 0, 0, 0, 1]
Twc:
[0.99997777, -0.0053690639, 0.0039581098, -0.37600338;
 0.005041922, 0.99690306, 0.078478478, 0.13381127;
 -0.0043672076, -0.078456774, 0.99690795, -1.0768882;
 0, 0, 0, 1]
Ow:
[0.37061739;
 -0.21990481;
 1.0645454]
Keyframe: 56 Frame: 317 Frame from vFrameID : 318
Tcw:
[0.99952936, 0.0050884476, 0.030251456, 0.38354838;
 -0.0037451237, 0.9990114, -0.044297233, -0.22995751;
 -0.030446954, 0.044163089, 0.99856025, 1.1034722;
 0, 0, 0, 1]
Twc:
[0.99952936, -0.0037451237, -0.030446954, -0.35063171;
 0.0050884476, 0.9990114, 0.044163089, 0.17904575;
 0.030251456, -0.044297233, 0.99856025, -1.123673;
 0, 0, 0, 1]
Ow:
[0.38354838;
 -0.22995751;
 1.1034722]
Keyframe: 57 Frame: 324 Frame from vFrameID : 325
Tcw:
[0.99950027, 0.03158626, -0.0012289189, 0.40473974;
 -0.031594038, 0.99699396, -0.070745245, -0.24225998;
 -0.0010093529, 0.070748717, 0.99749368, 1.1519393;
 0, 0, 0, 1]
Twc:
[0.99950027, -0.031594038, -0.0010093529, -0.41102871;
 0.03158626, 0.99699396, 0.070748717, 0.14724931;
 -0.0012289189, -0.070745245, 0.99749368, -1.1656934;
 0, 0, 0, 1]
Ow:
[0.40473974;
 -0.24225998;
 1.1519393]
Keyframe: 58 Frame: 330 Frame from vFrameID : 331
Tcw:
[0.99764949, 0.054874383, -0.041040801, 0.41961014;
 -0.057147332, 0.99676979, -0.056428671, -0.25468096;
 0.037811741, 0.058641404, 0.99756277, 1.1880859;
 0, 0, 0, 1]
Twc:
[0.99764949, -0.057147332, 0.037811741, -0.47810176;
 0.054874383, 0.99676979, 0.058641404, 0.16116142;
 -0.041040801, -0.056428671, 0.99756277, -1.1823404;
 0, 0, 0, 1]
Ow:
[0.41961014;
 -0.25468096;
 1.1880859]
Keyframe: 59 Frame: 335 Frame from vFrameID : 336
Tcw:
[0.99781525, 0.058122963, -0.031408567, 0.42437598;
 -0.060146753, 0.99587911, -0.067876488, -0.26147273;
 0.027333952, 0.069617316, 0.99719924, 1.2241831;
 0, 0, 0, 1]
Twc:
[0.99781525, -0.060146753, 0.027333952, -0.4726373;
 0.058122963, 0.99587911, 0.069617316, 0.15050489;
 -0.031408567, -0.067876488, 0.99719924, -1.2251732;
 0, 0, 0, 1]
Ow:
[0.42437598;
 -0.26147273;
 1.2241831]
Keyframe: 60 Frame: 340 Frame from vFrameID : 341
Tcw:
[0.99927849, 0.037751108, -0.0041633793, 0.42682236;
 -0.037978359, 0.99423057, -0.10031538, -0.26674482;
 0.00035234244, 0.10040112, 0.99494696, 1.2591704;
 0, 0, 0, 1]
Twc:
[0.99927849, -0.037978359, 0.00035234244, -0.43708861;
 0.037751108, 0.99423057, 0.10040112, 0.12267072;
 -0.0041633793, -0.10031538, 0.99494696, -1.2777895;
 0, 0, 0, 1]
Ow:
[0.42682236;
 -0.26674482;
 1.2591704]
Keyframe: 61 Frame: 346 Frame from vFrameID : 347
Tcw:
[0.9994989, 0.0055394191, 0.031165101, 0.43392274;
 -0.0035259246, 0.99792469, -0.064295165, -0.27358112;
 -0.031456582, 0.06415306, 0.99744415, 1.3034991;
 0, 0, 0, 1]
Twc:
[0.9994989, -0.0035259246, -0.031456582, -0.3936663;
 0.0055394191, 0.99792469, 0.06415306, 0.18698621;
 0.031165101, -0.064295165, 0.99744415, -1.3312808;
 0, 0, 0, 1]
Ow:
[0.43392274;
 -0.27358112;
 1.3034991]
Keyframe: 62 Frame: 350 Frame from vFrameID : 351
Tcw:
[0.9995324, 0.0044807615, 0.030246517, 0.43744415;
 -0.0026524577, 0.9981817, -0.060218398, -0.27649903;
 -0.030461343, 0.060110014, 0.99772686, 1.3264408;
 0, 0, 0, 1]
Twc:
[0.9995324, -0.0026524577, -0.030461343, -0.39756784;
 0.0044807615, 0.9981817, 0.060110014, 0.19430381;
 0.030246517, -0.060218398, 0.99772686, -1.3533071;
 0, 0, 0, 1]
Ow:
[0.43744415;
 -0.27649903;
 1.3264408]
Keyframe: 63 Frame: 355 Frame from vFrameID : 356
Tcw:
[0.99960339, 0.027295234, -0.0069318754, 0.45695987;
 -0.027742948, 0.9967317, -0.075869918, -0.28338391;
 0.004838333, 0.076032139, 0.99709362, 1.360188;
 0, 0, 0, 1]
Twc:
[0.99960339, -0.027742948, 0.004838333, -0.4712216;
 0.027295234, 0.9967317, 0.076032139, 0.16656688;
 -0.0069318754, -0.075869918, 0.99709362, -1.3745676;
 0, 0, 0, 1]
Ow:
[0.45695987;
 -0.28338391;
 1.360188]
Keyframe: 64 Frame: 360 Frame from vFrameID : 361
Tcw:
[0.99789989, 0.054722205, -0.034659844, 0.46802223;
 -0.057359263, 0.99511766, -0.080316871, -0.28843927;
 0.030095505, 0.082136266, 0.99616659, 1.3841361;
 0, 0, 0, 1]
Twc:
[0.99789989, -0.057359263, 0.030095505, -0.52524024;
 0.054722205, 0.99511766, 0.082136266, 0.14773205;
 -0.034659844, -0.080316871, 0.99616659, -1.3857751;
 0, 0, 0, 1]
Ow:
[0.46802223;
 -0.28843927;
 1.3841361]
Keyframe: 65 Frame: 365 Frame from vFrameID : 366
Tcw:
[0.99736977, 0.059223749, -0.041786052, 0.47789693;
 -0.061960608, 0.99578905, -0.067565121, -0.30227116;
 0.037608635, 0.069976501, 0.99683946, 1.4188755;
 0, 0, 0, 1]
Twc:
[0.99736977, -0.061960608, 0.037608635, -0.54873079;
 0.059223749, 0.99578905, 0.069976501, 0.17340754;
 -0.041786052, -0.067565121, 0.99683946, -1.4148445;
 0, 0, 0, 1]
Ow:
[0.47789693;
 -0.30227116;
 1.4188755]
Keyframe: 66 Frame: 370 Frame from vFrameID : 371
Tcw:
[0.99927115, 0.03437024, -0.016607946, 0.48187897;
 -0.03586293, 0.99433893, -0.10001974, -0.30852446;
 0.013076224, 0.10054246, 0.99484682, 1.4542681;
 0, 0, 0, 1]
Twc:
[0.99927115, -0.03586293, 0.013076224, -0.51160872;
 0.03437024, 0.99433893, 0.10054246, 0.14399992;
 -0.016607946, -0.10001974, 0.99484682, -1.4696295;
 0, 0, 0, 1]
Ow:
[0.48187897;
 -0.30852446;
 1.4542681]
Keyframe: 67 Frame: 375 Frame from vFrameID : 376
Tcw:
[0.99946779, 0.017339347, 0.027630253, 0.48898903;
 -0.014795764, 0.99585515, -0.089741744, -0.31127429;
 -0.029071795, 0.089285173, 0.99558175, 1.4871026;
 0, 0, 0, 1]
Twc:
[0.99946779, -0.014795764, -0.029071795, -0.45010161;
 0.017339347, 0.99585515, 0.089285173, 0.16872913;
 0.027630253, -0.089741744, 0.99558175, -1.5219774;
 0, 0, 0, 1]
Ow:
[0.48898903;
 -0.31127429;
 1.4871026]
Keyframe: 68 Frame: 380 Frame from vFrameID : 381
Tcw:
[0.99887925, 0.017358396, 0.04403387, 0.49561808;
 -0.013778665, 0.99667275, -0.080334045, -0.31368718;
 -0.045281827, 0.079637282, 0.99579489, 1.5154873;
 0, 0, 0, 1]
Twc:
[0.99887925, -0.013778665, -0.045281827, -0.43076074;
 0.017358396, 0.99667275, 0.079637282, 0.18335104;
 0.04403387, -0.080334045, 0.99579489, -1.5561383;
 0, 0, 0, 1]
Ow:
[0.49561808;
 -0.31368718;
 1.5154873]
Keyframe: 69 Frame: 385 Frame from vFrameID : 386
Tcw:
[0.99964863, 0.021777725, 0.015110156, 0.50474048;
 -0.020105273, 0.99446076, -0.10316793, -0.32190099;
 -0.017273219, 0.10282788, 0.99454916, 1.5540611;
 0, 0, 0, 1]
Twc:
[0.99964863, -0.020105273, -0.017273219, -0.48419142;
 0.021777725, 0.99446076, 0.10282788, 0.14932498;
 0.015110156, -0.10316793, 0.99454916, -1.5864267;
 0, 0, 0, 1]
Ow:
[0.50474048;
 -0.32190099;
 1.5540611]
Keyframe: 70 Frame: 390 Frame from vFrameID : 391
Tcw:
[0.99913687, 0.037055355, -0.018773647, 0.52031225;
 -0.038592312, 0.99523985, -0.089489102, -0.32514918;
 0.015368232, 0.090136379, 0.99581087, 1.58351;
 0, 0, 0, 1]
Twc:
[0.99913687, -0.038592312, 0.015368232, -0.55674714;
 0.037055355, 0.99523985, 0.090136379, 0.16158921;
 -0.018773647, -0.089489102, 0.99581087, -1.5962056;
 0, 0, 0, 1]
Ow:
[0.52031225;
 -0.32514918;
 1.58351]
Keyframe: 71 Frame: 394 Frame from vFrameID : 395
Tcw:
[0.99865335, 0.049277522, -0.016223159, 0.52825522;
 -0.050508238, 0.99491781, -0.087106042, -0.33373266;
 0.011848341, 0.08780814, 0.99606693, 1.6111727;
 0, 0, 0, 1]
Twc:
[0.99865335, -0.050508238, 0.011848341, -0.56348985;
 0.049277522, 0.99491781, 0.08780814, 0.16453137;
 -0.016223159, -0.087106042, 0.99606693, -1.6253361;
 0, 0, 0, 1]
Ow:
[0.52825522;
 -0.33373266;
 1.6111727]
Keyframe: 72 Frame: 399 Frame from vFrameID : 400
Tcw:
[0.99959242, 0.025297344, 0.013232118, 0.52987862;
 -0.023904145, 0.99504149, -0.096545637, -0.33796939;
 -0.015608856, 0.096189983, 0.99524063, 1.6512688;
 0, 0, 0, 1]
Twc:
[0.99959242, -0.023904145, -0.015608856, -0.51196706;
 0.025297344, 0.99504149, 0.096189983, 0.16405353;
 0.013232118, -0.096545637, 0.99524063, -1.6830506;
 0, 0, 0, 1]
Ow:
[0.52987862;
 -0.33796939;
 1.6512688]
Keyframe: 73 Frame: 404 Frame from vFrameID : 405
Tcw:
[0.99840093, 0.010161788, 0.055608571, 0.53231728;
 -0.0044848681, 0.99484837, -0.10127471, -0.33776739;
 -0.05635123, 0.10086337, 0.99330312, 1.6780354;
 0, 0, 0, 1]
Twc:
[0.99840093, -0.0044848681, -0.05635123, -0.43842152;
 0.010161788, 0.99484837, 0.10086337, 0.16136573;
 0.055608571, -0.10127471, 0.99330312, -1.7306066;
 0, 0, 0, 1]
Ow:
[0.53231728;
 -0.33776739;
 1.6780354]
Keyframe: 74 Frame: 409 Frame from vFrameID : 410
Tcw:
[0.99616009, -0.0032672901, 0.08748918, 0.54133916;
 0.010238061, 0.99679452, -0.079346165, -0.34617877;
 -0.086949497, 0.079937205, 0.99300039, 1.7136151;
 0, 0, 0, 1]
Twc:
[0.99616009, 0.010238061, -0.086949497, -0.3867183;
 -0.0032672901, 0.99679452, 0.079937205, 0.20985623;
 0.08748918, -0.079346165, 0.99300039, -1.7764498;
 0, 0, 0, 1]
Ow:
[0.54133916;
 -0.34617877;
 1.7136151]
Keyframe: 75 Frame: 414 Frame from vFrameID : 415
Tcw:
[0.99847311, 0.0090776924, 0.054488555, 0.55461627;
 -0.0040962244, 0.99585646, -0.090846762, -0.35192299;
 -0.055087458, 0.09048485, 0.99437308, 1.7512069;
 0, 0, 0, 1]
Twc:
[0.99847311, -0.0040962244, -0.055087458, -0.45874146;
 0.0090776924, 0.99585646, 0.09048485, 0.18697242;
 0.054488555, -0.090846762, 0.99437308, -1.8035444;
 0, 0, 0, 1]
Ow:
[0.55461627;
 -0.35192299;
 1.7512069]
Keyframe: 76 Frame: 419 Frame from vFrameID : 420
Tcw:
[0.9991045, 0.040039025, -0.013676728, 0.57577091;
 -0.041317597, 0.99289668, -0.11157504, -0.35661143;
 0.0091122221, 0.11204021, 0.99366188, 1.7852019;
 0, 0, 0, 1]
Twc:
[0.9991045, -0.041317597, 0.0091122221, -0.60625684;
 0.040039025, 0.99289668, 0.11204021, 0.13101062;
 -0.013676728, -0.11157504, 0.99366188, -1.8058014;
 0, 0, 0, 1]
Ow:
[0.57577091;
 -0.35661143;
 1.7852019]
Keyframe: 77 Frame: 424 Frame from vFrameID : 425
Tcw:
[0.99890953, 0.03197005, -0.034024093, 0.58500832;
 -0.034570307, 0.99629074, -0.078801379, -0.36566201;
 0.031378604, 0.079891667, 0.99630952, 1.8179756;
 0, 0, 0, 1]
Twc:
[0.99890953, -0.034570307, 0.031378604, -0.65405703;
 0.03197005, 0.99629074, 0.079891667, 0.20036182;
 -0.034024093, -0.078801379, 0.99630952, -1.8201768;
 0, 0, 0, 1]
Ow:
[0.58500832;
 -0.36566201;
 1.8179756]
Keyframe: 78 Frame: 430 Frame from vFrameID : 431
Tcw:
[0.998716, 0.032515142, -0.03884805, 0.59034467;
 -0.035487846, 0.99628562, -0.078457139, -0.3667115;
 0.036152709, 0.079735033, 0.99616027, 1.855829;
 0, 0, 0, 1]
Twc:
[0.998716, -0.035487846, 0.036152709, -0.66969371;
 0.032515142, 0.99628562, 0.079735033, 0.19817969;
 -0.03884805, -0.078457139, 0.99616027, -1.8545406;
 0, 0, 0, 1]
Ow:
[0.59034467;
 -0.3667115;
 1.855829]
Keyframe: 79 Frame: 435 Frame from vFrameID : 436
Tcw:
[0.9997223, 0.023535689, 0.0011838417, 0.59923542;
 -0.023320144, 0.99529624, -0.094029538, -0.3737382;
 -0.0033913234, 0.09397582, 0.99556869, 1.8938111;
 0, 0, 0, 1]
Twc:
[0.9997223, -0.023320144, -0.0033913234, -0.60136217;
 0.023535689, 0.99529624, 0.09397582, 0.17990436;
 0.0011838417, -0.094029538, 0.99556869, -1.9212708;
 0, 0, 0, 1]
Ow:
[0.59923542;
 -0.3737382;
 1.8938111]
Keyframe: 80 Frame: 440 Frame from vFrameID : 441
Tcw:
[0.99973452, 0.0069428692, 0.021970626, 0.60768008;
 -0.0052064992, 0.99693006, -0.07812421, -0.37584823;
 -0.022445584, 0.077989079, 0.99670154, 1.9273266;
 0, 0, 0, 1]
Twc:
[0.99973452, -0.0052064992, -0.022445584, -0.56621563;
 0.0069428692, 0.99693006, 0.077989079, 0.22016492;
 0.021970626, -0.07812421, 0.99670154, -1.9636831;
 0, 0, 0, 1]
Ow:
[0.60768008;
 -0.37584823;
 1.9273266]
Keyframe: 81 Frame: 445 Frame from vFrameID : 446
Tcw:
[0.99969465, -0.0033218018, 0.024487071, 0.61515093;
 0.0051117972, 0.99728924, -0.073403604, -0.38011828;
 -0.024176858, 0.073506363, 0.99700165, 1.9554033;
 0, 0, 0, 1]
Twc:
[0.99969465, 0.0051117972, -0.024176858, -0.56574446;
 -0.0033218018, 0.99728924, 0.073506363, 0.23739669;
 0.024487071, -0.073403604, 0.99700165, -1.9925056;
 0, 0, 0, 1]
Ow:
[0.61515093;
 -0.38011828;
 1.9554033]
Keyframe: 82 Frame: 450 Frame from vFrameID : 451
Tcw:
[0.99954891, 0.027957203, -0.010972246, 0.63202953;
 -0.028889013, 0.99488825, -0.096761301, -0.39061898;
 0.0082109831, 0.097034626, 0.99524713, 1.9875678;
 0, 0, 0, 1]
Twc:
[0.99954891, -0.028889013, 0.0082109831, -0.65934891;
 0.027957203, 0.99488825, 0.097034626, 0.17808957;
 -0.010972246, -0.096761301, 0.99524713, -2.0089831;
 0, 0, 0, 1]
Ow:
[0.63202953;
 -0.39061898;
 1.9875678]
Keyframe: 83 Frame: 455 Frame from vFrameID : 456
Tcw:
[0.99648577, 0.053881954, -0.064131856, 0.65111029;
 -0.061297067, 0.99088967, -0.11991826, -0.39990351;
 0.057086162, 0.12342793, 0.9907102, 2.0147564;
 0, 0, 0, 1]
Twc:
[0.99648577, -0.061297067, 0.057086162, -0.78834975;
 0.053881954, 0.99088967, 0.12342793, 0.11249992;
 -0.064131856, -0.11991826, 0.9907102, -2.0022385;
 0, 0, 0, 1]
Ow:
[0.65111029;
 -0.39990351;
 2.0147564]
Keyframe: 84 Frame: 460 Frame from vFrameID : 461
Tcw:
[0.99549568, 0.046014901, -0.082891516, 0.65617037;
 -0.054135237, 0.99365938, -0.098541543, -0.40634018;
 0.077831551, 0.10258503, 0.9916746, 2.0380659;
 0, 0, 0, 1]
Twc:
[0.99549568, -0.054135237, 0.077831551, -0.83383793;
 0.046014901, 0.99365938, 0.10258503, 0.16449507;
 -0.082891516, -0.098541543, 0.9916746, -2.0067487;
 0, 0, 0, 1]
Ow:
[0.65617037;
 -0.40634018;
 2.0380659]
Keyframe: 85 Frame: 465 Frame from vFrameID : 466
Tcw:
[0.99634719, 0.035165355, -0.077818453, 0.66452789;
 -0.043904297, 0.9925558, -0.11360216, -0.40960383;
 0.073244296, 0.11660375, 0.99047405, 2.0701346;
 0, 0, 0, 1]
Twc:
[0.99634719, -0.043904297, 0.073244296, -0.83170933;
 0.035165355, 0.9925558, 0.11660375, 0.14180084;
 -0.077818453, -0.11360216, 0.99047405, -2.045234;
 0, 0, 0, 1]
Ow:
[0.66452789;
 -0.40960383;
 2.0701346]
Keyframe: 86 Frame: 470 Frame from vFrameID : 471
Tcw:
[0.99846858, 0.028092178, -0.047658071, 0.67085737;
 -0.033018567, 0.99382317, -0.10594942, -0.41394541;
 0.044387348, 0.10736077, 0.99322879, 2.0981476;
 0, 0, 0, 1]
Twc:
[0.99846858, -0.033018567, 0.044387348, -0.77662909;
 0.028092178, 0.99382317, 0.10736077, 0.16728395;
 -0.047658071, -0.10594942, 0.99322879, -2.0958261;
 0, 0, 0, 1]
Ow:
[0.67085737;
 -0.41394541;
 2.0981476]
Keyframe: 87 Frame: 475 Frame from vFrameID : 476
Tcw:
[0.99996996, 0.002449342, -0.0073522083, 0.67498404;
 -0.0030921884, 0.99605012, -0.088739075, -0.41614866;
 0.0071058152, 0.088759147, 0.99602777, 2.1283967;
 0, 0, 0, 1]
Twc:
[0.99996996, -0.0030921884, 0.0071058152, -0.69137454;
 0.002449342, 0.99605012, 0.088759147, 0.223937;
 -0.0073522083, -0.088739075, 0.99602777, -2.1519082;
 0, 0, 0, 1]
Ow:
[0.67498404;
 -0.41614866;
 2.1283967]
Keyframe: 88 Frame: 480 Frame from vFrameID : 481
Tcw:
[0.99996746, 0.002215506, 0.007757694, 0.68195498;
 -0.001565361, 0.99656236, -0.082831316, -0.42282057;
 -0.0079145394, 0.082816474, 0.99653339, 2.159481;
 0, 0, 0, 1]
Twc:
[0.99996746, -0.001565361, -0.0079145394, -0.66550338;
 0.002215506, 0.99656236, 0.082816474, 0.24101555;
 0.007757694, -0.082831316, 0.99653339, -2.1923082;
 0, 0, 0, 1]
Ow:
[0.68195498;
 -0.42282057;
 2.159481]
Keyframe: 89 Frame: 486 Frame from vFrameID : 487
Tcw:
[0.99976569, 0.016204813, -0.014353387, 0.69324166;
 -0.017562691, 0.99481529, -0.10017008, -0.42804122;
 0.012655732, 0.1003987, 0.99486679, 2.1923037;
 0, 0, 0, 1]
Twc:
[0.99976569, -0.017562691, 0.012655732, -0.72834194;
 0.016204813, 0.99481529, 0.1003987, 0.1944837;
 -0.014353387, -0.10017008, 0.99486679, -2.2139766;
 0, 0, 0, 1]
Ow:
[0.69324166;
 -0.42804122;
 2.1923037]
Keyframe: 90 Frame: 492 Frame from vFrameID : 493
Tcw:
[0.99713135, 0.043343529, -0.062051829, 0.70833361;
