Keyframe: 0 Frame: 0 Frame from vFrameID : 68
Tcw:
[1, 0, 0, 0;
 0, 1, 0, 0;
 0, 0, 1, 0;
 0, 0, 0, 1]
Twc:
[1, 0, 0, 0;
 0, 1, 0, 0;
 0, 0, 1, 0;
 0, 0, 0, 1]
Ow:
[0;
 0;
 0]
Keyframe: 1 Frame: 67 Frame from vFrameID : 68
Tcw:
[0.99914134, 0.034690216, -0.02265431, -0.0077362931;
 -0.034301098, 0.99926102, 0.017344922, -0.010598952;
 0.023239268, -0.016552961, 0.9995929, 0.0044148401;
 0, 0, 0, 1]
Twc:
[0.99914134, -0.034301098, 0.023239268, 0.007263497;
 0.034690216, 0.99926102, -0.016552961, 0.010932572;
 -0.02265431, 0.017344922, 0.9995929, -0.0044044652;
 0, 0, 0, 1]
Ow:
[-0.0077362931;
 -0.010598952;
 0.0044148401]
Keyframe: 2 Frame: 69 Frame from vFrameID : 70
Tcw:
[0.99872816, 0.031906538, -0.039039411, -0.011670214;
 -0.031305201, 0.99938309, 0.015918963, -0.013150058;
 0.039523248, -0.014676579, 0.99911088, 0.0039301743;
 0, 0, 0, 1]
Twc:
[0.99872816, -0.031305201, 0.039523248, 0.011088373;
 0.031906538, 0.99938309, -0.014676579, 0.013571983;
 -0.039039411, 0.015918963, 0.99911088, -0.0041729431;
 0, 0, 0, 1]
Ow:
[-0.011670214;
 -0.013150058;
 0.0039301743]
Keyframe: 3 Frame: 71 Frame from vFrameID : 72
Tcw:
[0.99812627, 0.020911012, -0.05750379, -0.011986624;
 -0.020172022, 0.99970669, 0.013401764, -0.016735289;
 0.057767168, -0.012216685, 0.99825531, 0.0030720066;
 0, 0, 0, 1]
Twc:
[0.99812627, -0.020172022, 0.057767168, 0.01144912;
 0.020911012, 0.99970669, -0.012216685, 0.017018562;
 -0.05750379, 0.013401764, 0.99825531, -0.0035316411;
 0, 0, 0, 1]
Ow:
[-0.011986624;
 -0.016735289;
 0.0030720066]
Keyframe: 4 Frame: 73 Frame from vFrameID : 74
Tcw:
[0.99819481, 0.02712903, -0.053582791, -0.011741061;
 -0.027114607, 0.99963182, 0.00099622482, -0.020732621;
 0.053590089, 0.00045844991, 0.99856293, 0.0021142657;
 0, 0, 0, 1]
Twc:
[0.99819481, -0.027114607, 0.053590089, 0.011044405;
 0.02712903, 0.99963182, 0.00045844991, 0.021042543;
 -0.053582791, 0.00099622482, 0.99856293, -0.0027196917;
 0, 0, 0, 1]
Ow:
[-0.011741061;
 -0.020732621;
 0.0021142657]
Keyframe: 5 Frame: 75 Frame from vFrameID : 76
Tcw:
[0.99827677, 0.026147272, -0.05253366, -0.010739074;
 -0.026484421, 0.99963278, -0.0057317805, -0.020906417;
 0.052364498, 0.0071132272, 0.99860269, 0.0012503264;
 0, 0, 0, 1]
Twc:
[0.99827677, -0.026484421, 0.052364498, 0.010101401;
 0.026147272, 0.99963278, 0.0071132272, 0.021170644;
 -0.05253366, -0.0057317805, 0.99860269, -0.0019325732;
 0, 0, 0, 1]
Ow:
[-0.010739074;
 -0.020906417;
 0.0012503264]
Keyframe: 6 Frame: 77 Frame from vFrameID : 78
Tcw:
[0.99837601, 0.027361576, -0.049967319, -0.0077045327;
 -0.0277493, 0.9995898, -0.0070822728, -0.021947658;
 0.04975304, 0.0084573291, 0.99872577, -0.00056318188;
 0, 0, 0, 1]
Twc:
[0.99837601, -0.0277493, 0.04975304, 0.0071110083;
 0.027361576, 0.9995898, 0.0084573291, 0.022154227;
 -0.049967319, -0.0070822728, 0.99872577, 2.2050064e-05;
 0, 0, 0, 1]
Ow:
[-0.0077045327;
 -0.021947658;
 -0.00056318188]
Keyframe: 7 Frame: 79 Frame from vFrameID : 80
Tcw:
[0.99847734, 0.038689803, -0.039319918, -0.0026308238;
 -0.038942132, 0.99922538, -0.0056715077, -0.024477534;
 0.039070029, 0.0071940734, 0.9992106, -0.0017224571;
 0, 0, 0, 1]
Twc:
[0.99847734, -0.038942132, 0.039070029, 0.0017409071;
 0.038689803, 0.99922538, 0.0071940734, 0.024572751;
 -0.039319918, -0.0056715077, 0.9992106, 0.0014788291;
 0, 0, 0, 1]
Ow:
[-0.0026308238;
 -0.024477534;
 -0.0017224571]
Keyframe: 8 Frame: 81 Frame from vFrameID : 82
Tcw:
[0.99872601, 0.0433072, -0.025899751, 0.0016825418;
 -0.043645885, 0.99896687, -0.012657339, -0.024973566;
 0.025324838, 0.013771631, 0.99958444, -0.0031948194;
 0, 0, 0, 1]
Twc:
[0.99872601, -0.043645885, 0.025324838, -0.0026894833;
 0.0433072, 0.99896687, 0.013771631, 0.024918895;
 -0.025899751, -0.012657339, 0.99958444, 0.0029209701;
 0, 0, 0, 1]
Ow:
[0.0016825418;
 -0.024973566;
 -0.0031948194]
Keyframe: 9 Frame: 83 Frame from vFrameID : 84
Tcw:
[0.99875826, 0.047864087, -0.013817257, 0.0055932119;
 -0.048116893, 0.99866885, -0.018583516, -0.024246072;
 0.012909381, 0.019225284, 0.99973184, -0.0048162676;
 0, 0, 0, 1]
Twc:
[0.99875826, -0.048116893, 0.012909381, -0.0066907378;
 0.047864087, 0.99866885, 0.019225284, 0.024038674;
 -0.013817257, -0.018583516, 0.99973184, 0.0044416818;
 0, 0, 0, 1]
Ow:
[0.0055932119;
 -0.024246072;
 -0.0048162676]
Keyframe: 10 Frame: 85 Frame from vFrameID : 86
Tcw:
[0.99884695, 0.047055405, -0.0095195808, 0.0068512149;
 -0.047226526, 0.99871045, -0.018629331, -0.023725808;
 0.0086306939, 0.019057427, 0.99978113, -0.0059746732;
 0, 0, 0, 1]
Twc:
[0.99884695, -0.047226526, 0.0086306939, -0.0079122363;
 0.047055405, 0.99871045, 0.019057427, 0.023486689;
 -0.0095195808, -0.018629331, 0.99978113, 0.0055965902;
 0, 0, 0, 1]
Ow:
[0.0068512149;
 -0.023725808;
 -0.0059746732]
Keyframe: 11 Frame: 87 Frame from vFrameID : 88
Tcw:
[0.99876422, 0.049695902, 0.00056241377, 0.010628873;
 -0.04968195, 0.99865311, -0.014955383, -0.022346111;
 -0.0013048775, 0.014908959, 0.999888, -0.0064039449;
 0, 0, 0, 1]
Twc:
[0.99876422, -0.04968195, -0.0013048775, -0.011734292;
 0.049695902, 0.99865311, 0.014908959, 0.021883279;
 0.00056241377, -0.014955383, 0.999888, 0.0060630552;
 0, 0, 0, 1]
Ow:
[0.010628873;
 -0.022346111;
 -0.0064039449]
Keyframe: 12 Frame: 90 Frame from vFrameID : 91
Tcw:
[0.99862808, 0.050386511, 0.01425153, 0.014291711;
 -0.050255291, 0.99869198, -0.0094206808, -0.020578451;
 -0.014707564, 0.0086915419, 0.99985409, -0.0065760179;
 0, 0, 0, 1]
Twc:
[0.99862808, -0.050255291, -0.014707564, -0.015402998;
 0.050386511, 0.99869198, 0.0086915419, 0.019888582;
 0.01425153, -0.0094206808, 0.99985409, 0.0061775167;
 0, 0, 0, 1]
Ow:
[0.014291711;
 -0.020578451;
 -0.0065760179]
Keyframe: 13 Frame: 93 Frame from vFrameID : 94
Tcw:
[0.99859428, 0.049894098, 0.017888635, 0.015676454;
 -0.049777865, 0.99873656, -0.0068852105, -0.018868063;
 -0.018209565, 0.0059850737, 0.9998163, -0.0061116931;
 0, 0, 0, 1]
Twc:
[0.99859428, -0.049777865, -0.018209565, -0.016704921;
 0.049894098, 0.99873656, 0.0059850737, 0.018098641;
 0.017888635, -0.0068852105, 0.9998163, 0.0057002292;
 0, 0, 0, 1]
Ow:
[0.015676454;
 -0.018868063;
 -0.0061116931]
Keyframe: 14 Frame: 96 Frame from vFrameID : 97
Tcw:
[0.99872404, 0.047418911, 0.017371228, 0.015130417;
 -0.047241069, 0.99882823, -0.010509041, -0.017345151;
 -0.017849201, 0.0096749961, 0.99979389, -0.0055418033;
 0, 0, 0, 1]
Twc:
[0.99872404, -0.047241069, -0.017849201, -0.016029432;
 0.047418911, 0.99882823, 0.0096749961, 0.016660975;
 0.017371228, -0.010509041, 0.99979389, 0.0050955461;
 0, 0, 0, 1]
Ow:
[0.015130417;
 -0.017345151;
 -0.0055418033]
Keyframe: 15 Frame: 99 Frame from vFrameID : 100
Tcw:
[0.99912584, 0.041790441, 0.0010413746, 0.011255622;
 -0.041777395, 0.99907291, -0.010390759, -0.016922215;
 -0.0014746436, 0.01033817, 0.99994546, -0.0043859547;
 0, 0, 0, 1]
Twc:
[0.99912584, -0.041777395, -0.0014746436, -0.011959217;
 0.041790441, 0.99907291, 0.01033817, 0.016481491;
 0.0010413746, -0.010390759, 0.99994546, 0.0041981596;
 0, 0, 0, 1]
Ow:
[0.011255622;
 -0.016922215;
 -0.0043859547]
Keyframe: 16 Frame: 102 Frame from vFrameID : 103
Tcw:
[0.99927342, 0.035522245, -0.013812595, 0.0081165629;
 -0.035730779, 0.99924654, -0.015155558, -0.017675184;
 0.013263828, 0.015638081, 0.99978971, -0.0038375175;
 0, 0, 0, 1]
Twc:
[0.99927342, -0.035730779, 0.013263828, -0.0086913137;
 0.035522245, 0.99924654, 0.015638081, 0.017433558;
 -0.013812595, -0.015155558, 0.99978971, 0.0036809444;
 0, 0, 0, 1]
Ow:
[0.0081165629;
 -0.017675184;
 -0.0038375175]
Keyframe: 17 Frame: 105 Frame from vFrameID : 106
Tcw:
[0.99866652, 0.038389456, -0.034516513, 0.0030737249;
 -0.039347995, 0.99884617, -0.027533742, -0.019513424;
 0.03341968, 0.028855182, 0.99902475, -0.0037368215;
 0, 0, 0, 1]
Twc:
[0.99866652, -0.039347995, 0.03341968, -0.003712557;
 0.038389456, 0.99884617, 0.028855182, 0.019480735;
 -0.034516513, -0.027533742, 0.99902475, 0.0033019942;
 0, 0, 0, 1]
Ow:
[0.0030737249;
 -0.019513424;
 -0.0037368215]
Keyframe: 18 Frame: 108 Frame from vFrameID : 109
Tcw:
[0.99748033, 0.037123226, -0.060455807, -0.002073274;
 -0.039351776, 0.99857312, -0.036098547, -0.020392286;
 0.059029453, 0.038386635, 0.99751794, -0.0033439631;
 0, 0, 0, 1]
Twc:
[0.99748033, -0.039351776, 0.059029453, 0.0014629697;
 0.037123226, 0.99857312, 0.038386635, 0.020568518;
 -0.060455807, -0.036098547, 0.99751794, 0.0024741897;
 0, 0, 0, 1]
Ow:
[-0.002073274;
 -0.020392286;
 -0.0033439631]
Keyframe: 19 Frame: 111 Frame from vFrameID : 112
Tcw:
[0.99618357, 0.037906829, -0.078621298, -0.0067077568;
 -0.040689308, 0.99858993, -0.034095645, -0.022169713;
 0.077217981, 0.037164569, 0.99632132, -0.0020446202;
 0, 0, 0, 1]
Twc:
[0.99618357, -0.040689308, 0.077217981, 0.0059379688;
 0.037906829, 0.99858993, 0.037164569, 0.022468708;
 -0.078621298, -0.034095645, 0.99632132, 0.00075383554;
 0, 0, 0, 1]
Ow:
[-0.0067077568;
 -0.022169713;
 -0.0020446202]
Keyframe: 20 Frame: 114 Frame from vFrameID : 115
Tcw:
[0.99564123, 0.042473875, -0.083033197, -0.0073574092;
 -0.045587752, 0.99831247, -0.035971735, -0.024244418;
 0.08136522, 0.039600238, 0.99589735, -0.0016187275;
 0, 0, 0, 1]
Twc:
[0.99564123, -0.045587752, 0.08136522, 0.0063517997;
 0.042473875, 0.99831247, 0.039600238, 0.024580104;
 -0.083033197, -0.035971735, 0.99589735, 0.00012906345;
 0, 0, 0, 1]
Ow:
[-0.0073574092;
 -0.024244418;
 -0.0016187275]
Keyframe: 21 Frame: 117 Frame from vFrameID : 118
Tcw:
[0.99535757, 0.046241183, -0.084409736, -0.0085152835;
 -0.049421906, 0.99812943, -0.035988607, -0.025723487;
 0.082587682, 0.039993223, 0.995781, -0.00063303532;
 0, 0, 0, 1]
Twc:
[0.99535757, -0.049421906, 0.082587682, 0.0072567291;
 0.046241183, 0.99812943, 0.039993223, 0.026094442;
 -0.084409736, -0.035988607, 0.995781, -0.0010141607;
 0, 0, 0, 1]
Ow:
[-0.0085152835;
 -0.025723487;
 -0.00063303532]
Keyframe: 22 Frame: 120 Frame from vFrameID : 121
Tcw:
[0.99614257, 0.046824597, -0.074212015, -0.007691964;
 -0.049841281, 0.99798238, -0.039331891, -0.026152616;
 0.072220586, 0.042878993, 0.99646652, 0.0011309895;
 0, 0, 0, 1]
Twc:
[0.99614257, -0.049841281, 0.072220586, 0.0062771318;
 0.046824597, 0.99798238, 0.042878993, 0.02641153;
 -0.074212015, -0.039331891, 0.99646652, -0.0027264613;
 0, 0, 0, 1]
Ow:
[-0.007691964;
 -0.026152616;
 0.0011309895]
Keyframe: 23 Frame: 123 Frame from vFrameID : 124
Tcw:
[0.99701083, 0.049493045, -0.059328742, -0.0072414391;
 -0.051642057, 0.99804324, -0.035252552, -0.02551778;
 0.057467896, 0.038211033, 0.99761581, 0.0035150219;
 0, 0, 0, 1]
Twc:
[0.99701083, -0.051642057, 0.057467896, 0.0057000006;
 0.049493045, 0.99804324, 0.038211033, 0.025691938;
 -0.059328742, -0.035252552, 0.99761581, -0.0048358338;
 0, 0, 0, 1]
Ow:
[-0.0072414391;
 -0.02551778;
 0.0035150219]
Keyframe: 24 Frame: 126 Frame from vFrameID : 127
Tcw:
[0.99818921, 0.053197537, -0.02807796, -0.0027743569;
 -0.054215007, 0.99785042, -0.03681355, -0.028787544;
 0.026059216, 0.038269136, 0.99892759, 0.011074313;
 0, 0, 0, 1]
Twc:
[0.99818921, -0.054215007, 0.026059216, 0.00092002796;
 0.053197537, 0.99785042, 0.038269136, 0.02844945;
 -0.02807796, -0.03681355, 0.99892759, -0.012200107;
 0, 0, 0, 1]
Ow:
[-0.0027743569;
 -0.028787544;
 0.011074313]
Keyframe: 25 Frame: 130 Frame from vFrameID : 131
Tcw:
[0.99849045, 0.053009175, -0.014381471, 0.0073577012;
 -0.053572044, 0.99767709, -0.042077575, -0.028696906;
 0.012117567, 0.042784501, 0.99901086, 0.016314808;
 0, 0, 0, 1]
Twc:
[0.99849045, -0.053572044, 0.012117567, -0.0090816421;
 0.053009175, 0.99767709, 0.042784501, 0.027542196;
 -0.014381471, -0.042077575, 0.99901086, -0.01740035;
 0, 0, 0, 1]
Ow:
[0.0073577012;
 -0.028696906;
 0.016314808]
Keyframe: 26 Frame: 134 Frame from vFrameID : 135
Tcw:
[0.99834508, 0.057409231, -0.0033584659, 0.016321672;
 -0.057495363, 0.99762684, -0.03788105, -0.030458925;
 0.0011757737, 0.038011454, 0.99927664, 0.026473489;
 0, 0, 0, 1]
Twc:
[0.99834508, -0.057495363, 0.0011757737, -0.018077035;
 0.057409231, 0.99762684, 0.038011454, 0.028443331;
 -0.0033584659, -0.03788105, 0.99927664, -0.027553337;
 0, 0, 0, 1]
Ow:
[0.016321672;
 -0.030458925;
 0.026473489]
Keyframe: 27 Frame: 138 Frame from vFrameID : 139
Tcw:
[0.9974981, 0.064363927, -0.029237831, 0.034522019;
 -0.065551199, 0.99697971, -0.04164695, -0.033862159;
 0.026468964, 0.04345933, 0.99870449, 0.041425008;
 0, 0, 0, 1]
Twc:
[0.9974981, -0.065551199, 0.026468964, -0.037751827;
 0.064363927, 0.99697971, 0.04345933, 0.02973761;
 -0.029237831, -0.04164695, 0.99870449, -0.04177225;
 0, 0, 0, 1]
Ow:
[0.034522019;
 -0.033862159;
 0.041425008]
Keyframe: 28 Frame: 142 Frame from vFrameID : 143
Tcw:
[0.99449414, 0.089153558, -0.055073518, 0.044331953;
 -0.091600046, 0.99484015, -0.043617405, -0.040434491;
 0.050900701, 0.04842199, 0.99752915, 0.049228795;
 0, 0, 0, 1]
Twc:
[0.99449414, -0.091600046, 0.050900701, -0.050297447;
 0.089153558, 0.99484015, 0.04842199, 0.033889748;
 -0.055073518, -0.043617405, 0.99752915, -0.048429288;
 0, 0, 0, 1]
Ow:
[0.044331953;
 -0.040434491;
 0.049228795]
Keyframe: 29 Frame: 147 Frame from vFrameID : 148
Tcw:
[0.99159968, 0.089173317, -0.093691871, 0.050988;
 -0.094013475, 0.99438518, -0.048575263, -0.046891976;
 0.088834196, 0.056975514, 0.99441552, 0.067968145;
 0, 0, 0, 1]
Twc:
[0.99159968, -0.094013475, 0.088834196, -0.061006058;
 0.089173317, 0.99438518, 0.056975514, 0.038209401;
 -0.093691871, -0.048575263, 0.99441552, -0.065089211;
 0, 0, 0, 1]
Ow:
[0.050988;
 -0.046891976;
 0.067968145]
Keyframe: 30 Frame: 151 Frame from vFrameID : 152
Tcw:
[0.99237329, 0.086416312, -0.087905847, 0.056845125;
 -0.091860577, 0.99396914, -0.05989182, -0.051292021;
 0.082200065, 0.067510128, 0.99432665, 0.083902895;
 0, 0, 0, 1]
Twc:
[0.99237329, -0.091860577, 0.082200065, -0.068020128;
 0.086416312, 0.99396914, 0.067510128, 0.040406041;
 -0.087905847, -0.05989182, 0.99432665, -0.081501842;
 0, 0, 0, 1]
Ow:
[0.056845125;
 -0.051292021;
 0.083902895]
Keyframe: 31 Frame: 157 Frame from vFrameID : 158
Tcw:
[0.99676591, 0.080227762, 0.0046119578, 0.0669965;
 -0.079546034, 0.99318963, -0.085128285, -0.060404122;
 -0.0114102, 0.084486105, 0.99635935, 0.12362499;
 0, 0, 0, 1]
Twc:
[0.99676591, -0.079546034, -0.0114102, -0.07017415;
 0.080227762, 0.99318963, 0.084486105, 0.044173174;
 0.0046119578, -0.085128285, 0.99635935, -0.12862599;
 0, 0, 0, 1]
Ow:
[0.0669965;
 -0.060404122;
 0.12362499]
Keyframe: 32 Frame: 162 Frame from vFrameID : 163
Tcw:
[0.99614823, 0.047624294, 0.073625304, 0.065739281;
 -0.04084282, 0.99501139, -0.091017798, -0.066124372;
 -0.077592671, 0.087660149, 0.99312389, 0.14936568;
 0, 0, 0, 1]
Twc:
[0.99614823, -0.04084282, -0.077592671, -0.056597091;
 0.047624294, 0.99501139, 0.087660149, 0.0495703;
 0.073625304, -0.091017798, 0.99312389, -0.1591972;
 0, 0, 0, 1]
Ow:
[0.065739281;
 -0.066124372;
 0.14936568]
Keyframe: 33 Frame: 167 Frame from vFrameID : 168
Tcw:
[0.99341685, 0.032280758, 0.10991338, 0.075666919;
 -0.025488444, 0.99770999, -0.062651016, -0.073525764;
 -0.11168409, 0.059437055, 0.99196464, 0.16418895;
 0, 0, 0, 1]
Twc:
[0.99341685, -0.025488444, -0.11168409, -0.058705557;
 0.032280758, 0.99770999, 0.059437055, 0.061155893;
 0.10991338, -0.062651016, 0.99196464, -0.1757929;
 0, 0, 0, 1]
Ow:
[0.075666919;
 -0.073525764;
 0.16418895]
Keyframe: 34 Frame: 172 Frame from vFrameID : 173
Tcw:
[0.98931265, 0.022315951, 0.14409195, 0.083259143;
 -0.014459852, 0.99836284, -0.055340368, -0.075445995;
 -0.14509103, 0.052665379, 0.98801565, 0.18522413;
 0, 0, 0, 1]
Twc:
[0.98931265, -0.014459852, -0.14509103, -0.0565859;
 0.022315951, 0.99836284, 0.052665379, 0.063709572;
 0.14409195, -0.055340368, 0.98801565, -0.19917654;
 0, 0, 0, 1]
Ow:
[0.083259143;
 -0.075445995;
 0.18522413]
Keyframe: 35 Frame: 177 Frame from vFrameID : 178
Tcw:
[0.99064636, 0.02511077, 0.13412392, 0.1025309;
 -0.01721804, 0.99806869, -0.059685729, -0.079558201;
 -0.13536365, 0.056818098, 0.98916548, 0.21261594;
 0, 0, 0, 1]
Twc:
[0.99064636, -0.01721804, -0.13536365, -0.074161232;
 0.02511077, 0.99806869, 0.056818098, 0.064749487;
 0.13412392, -0.059685729, 0.98916548, -0.22881269;
 0, 0, 0, 1]
Ow:
[0.1025309;
 -0.079558201;
 0.21261594]
Keyframe: 36 Frame: 182 Frame from vFrameID : 183
Tcw:
[0.99324733, 0.031871013, 0.1115524, 0.12229099;
 -0.021473756, 0.99541622, -0.093195423, -0.086751878;
 -0.1140113, 0.090170659, 0.98937893, 0.23538466;
 0, 0, 0, 1]
Twc:
[0.99324733, -0.021473756, -0.1140113, -0.096491583;
 0.031871013, 0.99541622, 0.090170659, 0.061231904;
 0.1115524, -0.093195423, 0.98937893, -0.25461134;
 0, 0, 0, 1]
Ow:
[0.12229099;
 -0.086751878;
 0.23538466]
Keyframe: 37 Frame: 188 Frame from vFrameID : 189
Tcw:
[0.99427593, 0.039104644, 0.099429309, 0.14752513;
 -0.032301396, 0.9970842, -0.069135785, -0.094242282;
 -0.10184292, 0.065528341, 0.99263996, 0.25861618;
 0, 0, 0, 1]
Twc:
[0.99427593, -0.032301396, -0.10184292, -0.12338662;
 0.039104644, 0.9970842, 0.065528341, 0.071251884;
 0.099429309, -0.069135785, 0.99263996, -0.27789658;
 0, 0, 0, 1]
Ow:
[0.14752513;
 -0.094242282;
 0.25861618]
Keyframe: 38 Frame: 193 Frame from vFrameID : 194
Tcw:
[0.99550992, 0.034842867, 0.088011406, 0.15392068;
 -0.029070541, 0.99739361, -0.066037372, -0.094380178;
 -0.090082943, 0.063182324, 0.99392807, 0.27420011;
 0, 0, 0, 1]
Twc:
[0.99550992, -0.029070541, -0.090082943, -0.13127249;
 0.034842867, 0.99739361, 0.063182324, 0.071446545;
 0.088011406, -0.066037372, 0.99392807, -0.29231459;
 0, 0, 0, 1]
Ow:
[0.15392068;
 -0.094380178;
 0.27420011]
Keyframe: 39 Frame: 199 Frame from vFrameID : 200
Tcw:
[0.99670571, 0.032836668, 0.074158512, 0.16035847;
 -0.028078042, 0.99753398, -0.064323656, -0.099620976;
 -0.07608781, 0.062029526, 0.99516982, 0.31450063;
 0, 0, 0, 1]
Twc:
[0.99670571, -0.028078042, -0.07608781, -0.13869771;
 0.032836668, 0.99753398, 0.062029526, 0.074601352;
 0.074158512, -0.064323656, 0.99516982, -0.33128148;
 0, 0, 0, 1]
Ow:
[0.16035847;
 -0.099620976;
 0.31450063]
Keyframe: 40 Frame: 204 Frame from vFrameID : 205
Tcw:
[0.99479723, 0.034687255, 0.095787689, 0.1740658;
 -0.027910836, 0.9970715, -0.071199678, -0.1072166;
 -0.097976893, 0.068155721, 0.99285209, 0.35124671;
 0, 0, 0, 1]
Twc:
[0.99479723, -0.027910836, -0.097976893, -0.14173861;
 0.034687255, 0.9970715, 0.068155721, 0.076925278;
 0.095787689, -0.071199678, 0.99285209, -0.37304321;
 0, 0, 0, 1]
Ow:
[0.1740658;
 -0.1072166;
 0.35124671]
Keyframe: 41 Frame: 210 Frame from vFrameID : 211
Tcw:
[0.99171388, 0.019332262, 0.12700336, 0.18030834;
 -0.012021899, 0.99823976, -0.058076788, -0.11697805;
 -0.12790255, 0.056068733, 0.99020058, 0.38825724;
 0, 0, 0, 1]
Twc:
[0.99171388, -0.012021899, -0.12790255, -0.13056149;
 0.019332262, 0.99823976, 0.056068733, 0.091517277;
 0.12700336, -0.058076788, 0.99020058, -0.41414604;
 0, 0, 0, 1]
Ow:
[0.18030834;
 -0.11697805;
 0.38825724]
Keyframe: 42 Frame: 215 Frame from vFrameID : 216
Tcw:
[0.99127424, -0.0076284371, 0.13159482, 0.18727764;
 0.013786228, 0.9988488, -0.045946166, -0.11671068;
 -0.13109283, 0.047359448, 0.99023825, 0.4151369;
 0, 0, 0, 1]
Twc:
[0.99127424, 0.013786228, -0.13109283, -0.12961303;
 -0.0076284371, 0.9988488, 0.047359448, 0.098344289;
 0.13159482, -0.045946166, 0.99023825, -0.44109163;
 0, 0, 0, 1]
Ow:
[0.18727764;
 -0.11671068;
 0.4151369]
Keyframe: 43 Frame: 220 Frame from vFrameID : 221
Tcw:
[0.99436772, 0.010523374, 0.10546118, 0.20747474;
 -0.0052705575, 0.99873716, -0.049963526, -0.12146066;
 -0.10585378, 0.049126279, 0.99316746, 0.45142725;
 0, 0, 0, 1]
Twc:
[0.99436772, -0.0052705575, -0.10585378, -0.15916108;
 0.010523374, 0.99873716, 0.049126279, 0.096946992;
 0.10546118, -0.049963526, 0.99316746, -0.47629198;
 0, 0, 0, 1]
Ow:
[0.20747474;
 -0.12146066;
 0.45142725]
Keyframe: 44 Frame: 226 Frame from vFrameID : 227
Tcw:
[0.99708474, 0.04255911, 0.063330084, 0.23540875;
 -0.03717177, 0.99577719, -0.083940901, -0.12436426;
 -0.066635102, 0.081342101, 0.99445623, 0.49429569;
 0, 0, 0, 1]
Twc:
[0.99708474, -0.03717177, -0.066635102, -0.20640789;
 0.04255911, 0.99577719, 0.081342101, 0.073613249;
 0.063330084, -0.083940901, 0.99445623, -0.51690316;
 0, 0, 0, 1]
Ow:
[0.23540875;
 -0.12436426;
 0.49429569]
Keyframe: 45 Frame: 231 Frame from vFrameID : 232
Tcw:
[0.99901026, 0.036209296, 0.025834044, 0.2465979;
 -0.034515925, 0.99740201, -0.06322895, -0.13260944;
 -0.028056402, 0.06227468, 0.99766463, 0.52691513;
 0, 0, 0, 1]
Twc:
[0.99901026, -0.034515925, -0.028056402, -0.23614763;
 0.036209296, 0.99740201, 0.06227468, 0.090522312;
 0.025834044, -0.06322895, 0.99766463, -0.54043996;
 0, 0, 0, 1]
Ow:
[0.2465979;
 -0.13260944;
 0.52691513]
Keyframe: 46 Frame: 236 Frame from vFrameID : 237
Tcw:
[0.99929255, 0.036012392, -0.01083899, 0.2548148;
 -0.036489531, 0.99819863, -0.047624111, -0.13764779;
 0.0091044065, 0.04798593, 0.99880654, 0.56479627;
 0, 0, 0, 1]
Twc:
[0.99929255, -0.036489531, 0.0091044065, -0.26479939;
 0.036012392, 0.99819863, 0.04798593, 0.10112107;
 -0.01083899, -0.047624111, 0.99880654, -0.56791556;
 0, 0, 0, 1]
Ow:
[0.2548148;
 -0.13764779;
 0.56479627]
Keyframe: 47 Frame: 242 Frame from vFrameID : 243
Tcw:
[0.99949032, 0.031030059, -0.0074962876, 0.26081741;
 -0.031479385, 0.99704915, -0.070014507, -0.14394471;
 0.0053016129, 0.070214801, 0.99751782, 0.61438364;
 0, 0, 0, 1]
Twc:
[0.99949032, -0.031479385, 0.0053016129, -0.268473;
 0.031030059, 0.99704915, 0.070214801, 0.092287943;
 -0.0074962876, -0.070014507, 0.99751782, -0.62098163;
 0, 0, 0, 1]
Ow:
[0.26081741;
 -0.14394471;
 0.61438364]
Keyframe: 48 Frame: 248 Frame from vFrameID : 249
Tcw:
[0.99968094, 0.025011735, 0.0035301156, 0.27056921;
 -0.024869533, 0.9990496, -0.035796359, -0.1515083;
 -0.0044220896, 0.035697144, 0.99935287, 0.64733309;
 0, 0, 0, 1]
Twc:
[0.99968094, -0.024869533, -0.0044220896, -0.27138823;
 0.025011735, 0.9990496, 0.035697144, 0.12148897;
 0.0035301156, -0.035796359, 0.99935287, -0.65329278;
 0, 0, 0, 1]
Ow:
[0.27056921;
 -0.1515083;
 0.64733309]
Keyframe: 49 Frame: 254 Frame from vFrameID : 255
Tcw:
[0.99975193, 0.021083312, 0.0071802526, 0.2841059;
 -0.020843459, 0.99927104, -0.031984117, -0.15954302;
 -0.0078493496, 0.031826522, 0.9994626, 0.69095618;
 0, 0, 0, 1]
Twc:
[0.99975193, -0.020843459, -0.0078493496, -0.2819373;
 0.021083312, 0.99927104, 0.031826522, 0.13144609;
 0.0071802526, -0.031984117, 0.9994626, -0.69772762;
 0, 0, 0, 1]
Ow:
[0.2841059;
 -0.15954302;
 0.69095618]
Keyframe: 50 Frame: 260 Frame from vFrameID : 261
Tcw:
[0.99744672, 0.063705452, -0.03227431, 0.30858797;
 -0.065444864, 0.99628019, -0.056059677, -0.16753787;
 0.028582951, 0.058028731, 0.99790567, 0.73641998;
 0, 0, 0, 1]
Twc:
[0.99744672, -0.065444864, 0.028582951, -0.33981359;
 0.063705452, 0.99628019, 0.058028731, 0.10452241;
 -0.03227431, -0.056059677, 0.99790567, -0.73431027;
 0, 0, 0, 1]
Ow:
[0.30858797;
 -0.16753787;
 0.73641998]
Keyframe: 51 Frame: 266 Frame from vFrameID : 267
Tcw:
[0.99640435, 0.061804906, -0.057952978, 0.32206222;
 -0.063639924, 0.99751073, -0.030370146, -0.17707269;
 0.055931691, 0.03394907, 0.99785727, 0.78029144;
 0, 0, 0, 1]
Twc:
[0.99640435, -0.063639924, 0.055931691, -0.37581611;
 0.061804906, 0.99751073, 0.03394907, 0.1302367;
 -0.057952978, -0.030370146, 0.99785727, -0.7653327;
 0, 0, 0, 1]
Ow:
[0.32206222;
 -0.17707269;
 0.78029144]
Keyframe: 52 Frame: 271 Frame from vFrameID : 272
Tcw:
[0.99771476, 0.057411861, -0.035624169, 0.32804561;
 -0.05877912, 0.9975245, -0.038599074, -0.18142277;
 0.033319935, 0.040604826, 0.99861956, 0.82393664;
 0, 0, 0, 1]
Twc:
[0.99771476, -0.05877912, 0.033319935, -0.36541337;
 0.057411861, 0.9975245, 0.040604826, 0.12868413;
 -0.035624169, -0.038599074, 0.99861956, -0.81811565;
 0, 0, 0, 1]
Ow:
[0.32804561;
 -0.18142277;
 0.82393664]
Keyframe: 53 Frame: 276 Frame from vFrameID : 277
Tcw:
[0.99919593, 0.039949387, 0.0033928533, 0.33018237;
 -0.039737556, 0.99802673, -0.048616871, -0.18942769;
 -0.0053283726, 0.048442956, 0.99881172, 0.86461991;
 0, 0, 0, 1]
Twc:
[0.99919593, -0.039737556, -0.0053283726, -0.33283725;
 0.039949387, 0.99802673, 0.048442956, 0.13397856;
 0.0033928533, -0.048616871, 0.99881172, -0.87392223;
 0, 0, 0, 1]
Ow:
[0.33018237;
 -0.18942769;
 0.86461991]
Keyframe: 54 Frame: 281 Frame from vFrameID : 282
Tcw:
[0.99945378, 0.024508514, 0.022170302, 0.33603105;
 -0.02357875, 0.99886984, -0.041268881, -0.19926378;
 -0.023156684, 0.040723592, 0.99890208, 0.89226454;
 0, 0, 0, 1]
Twc:
[0.99945378, -0.02357875, -0.023156684, -0.319884;
 0.024508514, 0.99886984, 0.040723592, 0.15446673;
 0.022170302, -0.041268881, 0.99890208, -0.90695822;
 0, 0, 0, 1]
Ow:
[0.33603105;
 -0.19926378;
 0.89226454]
Keyframe: 55 Frame: 286 Frame from vFrameID : 287
Tcw:
[0.99958307, 0.023746587, 0.01642671, 0.34625196;
 -0.022901585, 0.99849433, -0.049845446, -0.20802353;
 -0.017585637, 0.049448464, 0.99862182, 0.92823946;
 0, 0, 0, 1]
Twc:
[0.99958307, -0.022901585, -0.017585637, -0.33454794;
 0.023746587, 0.99849433, 0.049448464, 0.15358801;
 0.01642671, -0.049845446, 0.99862182, -0.94301701;
 0, 0, 0, 1]
Ow:
[0.34625196;
 -0.20802353;
 0.92823946]
Keyframe: 56 Frame: 292 Frame from vFrameID : 293
Tcw:
[0.99809974, 0.049376141, -0.036863331, 0.3674916;
 -0.0520932, 0.99568462, -0.076801173, -0.21816555;
 0.032912105, 0.078575559, 0.99636471, 0.96943635;
 0, 0, 0, 1]
Twc:
[0.99809974, -0.0520932, 0.032912105, -0.4100644;
 0.049376141, 0.99568462, 0.078575559, 0.12290475;
 -0.036863331, -0.076801173, 0.99636471, -0.96912062;
 0, 0, 0, 1]
Ow:
[0.3674916;
 -0.21816555;
 0.96943635]
Keyframe: 57 Frame: 297 Frame from vFrameID : 298
Tcw:
[0.99622232, 0.058760986, -0.063939698, 0.38233012;
 -0.06326212, 0.99548161, -0.070811279, -0.22739482;
 0.059489854, 0.074588738, 0.99543834, 1.0036428;
 0, 0, 0, 1]
Twc:
[0.99622232, -0.06326212, 0.059489854, -0.45497781;
 0.058760986, 0.99548161, 0.074588738, 0.12904082;
 -0.063939698, -0.070811279, 0.99543834, -0.99072057;
 0, 0, 0, 1]
Ow:
[0.38233012;
 -0.22739482;
 1.0036428]
Keyframe: 58 Frame: 303 Frame from vFrameID : 304
Tcw:
[0.99709266, 0.059473056, -0.047635853, 0.38949722;
 -0.06277059, 0.99549836, -0.071012892, -0.2329185;
 0.04319806, 0.073796563, 0.99633729, 1.0455343;
 0, 0, 0, 1]
Twc:
[0.99709266, -0.06277059, 0.04319806, -0.44815031;
 0.059473056, 0.99549836, 0.073796563, 0.13154857;
 -0.047635853, -0.071012892, 0.99633729, -1.039691;
 0, 0, 0, 1]
Ow:
[0.38949722;
 -0.2329185;
 1.0455343]
Keyframe: 59 Frame: 308 Frame from vFrameID : 309
Tcw:
[0.99960506, 0.02734223, -0.0064933267, 0.3906728;
 -0.027820824, 0.99544418, -0.091197141, -0.23809713;
 0.0039702109, 0.091341771, 0.9958117, 1.0866185;
 0, 0, 0, 1]
Twc:
[0.99960506, -0.027820824, 0.0039702109, -0.40145665;
 0.02734223, 0.99544418, 0.091341771, 0.12707686;
 -0.0064933267, -0.091197141, 0.9958117, -1.1012444;
 0, 0, 0, 1]
Ow:
[0.3906728;
 -0.23809713;
 1.0866185]
Keyframe: 60 Frame: 313 Frame from vFrameID : 314
Tcw:
[0.99952418, 0.00038548562, 0.030843051, 0.39549983;
 0.0013870716, 0.99834865, -0.057428192, -0.24461426;
 -0.030814257, 0.057443645, 0.99787307, 1.1206783;
 0, 0, 0, 1]
Twc:
[0.99952418, 0.0013870716, -0.030814257, -0.36043948;
 0.00038548562, 0.99834865, 0.057443645, 0.179682;
 0.030843051, -0.057428192, 0.99787307, -1.1445409;
 0, 0, 0, 1]
Ow:
[0.39549983;
 -0.24461426;
 1.1206783]
Keyframe: 61 Frame: 319 Frame from vFrameID : 320
Tcw:
[0.99909723, 0.0044747517, 0.042245995, 0.41017324;
 -0.0017356323, 0.99790633, -0.064652696, -0.25394198;
 -0.042446852, 0.064521, 0.99701321, 1.1653595;
 0, 0, 0, 1]
Twc:
[0.99909723, -0.0017356323, -0.042446852, -0.36077785;
 0.0044747517, 0.99790633, 0.064521, 0.17638473;
 0.042245995, -0.064652696, 0.99701321, -1.1956249;
 0, 0, 0, 1]
Ow:
[0.41017324;
 -0.25394198;
 1.1653595]
Keyframe: 62 Frame: 324 Frame from vFrameID : 325
Tcw:
[0.99954146, 0.027976371, 0.01158185, 0.42610669;
 -0.026958086, 0.99640566, -0.08030583, -0.26132399;
 -0.013786887, 0.079956785, 0.99670297, 1.1928724;
 0, 0, 0, 1]
Twc:
[0.99954146, -0.026958086, -0.013786887, -0.41651011;
 0.027976371, 0.99640566, 0.079956785, 0.15308554;
 0.01158185, -0.08030583, 0.99670297, -1.2148604;
 0, 0, 0, 1]
Ow:
[0.42610669;
 -0.26132399;
 1.1928724]
Keyframe: 63 Frame: 329 Frame from vFrameID : 330
Tcw:
[0.99864328, 0.044843473, -0.026470292, 0.43998572;
 -0.046681434, 0.99620408, -0.073472865, -0.26972803;
 0.023075035, 0.074608855, 0.99694586, 1.2220074;
 0, 0, 0, 1]
Twc:
[0.99864328, -0.046681434, 0.023075035, -0.48017794;
 0.044843473, 0.99620408, 0.074608855, 0.15780111;
 -0.026470292, -0.073472865, 0.99694586, -1.2264464;
 0, 0, 0, 1]
Ow:
[0.43998572;
 -0.26972803;
 1.2220074]
Keyframe: 64 Frame: 335 Frame from vFrameID : 336
Tcw:
[0.99836689, 0.054288045, -0.017784888, 0.44681737;
 -0.055499353, 0.99550605, -0.076730475, -0.28257245;
 0.013539415, 0.077592224, 0.99689323, 1.2658092;
 0, 0, 0, 1]
Twc:
[0.99836689, -0.055499353, 0.013539415, -0.47890857;
 0.054288045, 0.99550605, 0.077592224, 0.15882879;
 -0.017784888, -0.076730475, 0.99689323, -1.2756119;
 0, 0, 0, 1]
Ow:
[0.44681737;
 -0.28257245;
 1.2658092]
Keyframe: 65 Frame: 341 Frame from vFrameID : 342
Tcw:
[0.99955046, 0.023650309, 0.018427614, 0.44616905;
 -0.021615459, 0.99437094, -0.10372683, -0.28701347;
 -0.020777056, 0.10328189, 0.99443507, 1.3106462;
 0, 0, 0, 1]
Twc:
[0.99955046, -0.021615459, -0.020777056, -0.424941;
 0.023650309, 0.99437094, 0.10328189, 0.1394798;
 0.018427614, -0.10372683, 0.99443507, -1.3413454;
 0, 0, 0, 1]
Ow:
[0.44616905;
 -0.28701347;
 1.3106462]
Keyframe: 66 Frame: 346 Frame from vFrameID : 347
Tcw:
[0.99899596, 0.0019427743, 0.04475759, 0.45757759;
 0.0012352288, 0.99748492, -0.070867911, -0.29698026;
 -0.044782702, 0.070852041, 0.99648106, 1.3459487;
 0, 0, 0, 1]
Twc:
[0.99899596, 0.0012352288, -0.044782702, -0.39647612;
 0.0019427743, 0.99748492, 0.070852041, 0.19998118;
 0.04475759, -0.070867911, 0.99648106, -1.3827388;
 0, 0, 0, 1]
Ow:
[0.45757759;
 -0.29698026;
 1.3459487]
Keyframe: 67 Frame: 351 Frame from vFrameID : 352
Tcw:
[0.99924004, 0.0038731333, 0.038786344, 0.46551362;
 -0.0010045872, 0.99727952, -0.073705651, -0.30095741;
 -0.038966302, 0.073610671, 0.99652553, 1.3765509;
 0, 0, 0, 1]
Twc:
[0.99924004, -0.0010045872, -0.038966302, -0.41182306;
 0.0038731333, 0.99727952, 0.073610671, 0.19700684;
 0.038786344, -0.073705651, 0.99652553, -1.4120059;
 0, 0, 0, 1]
Ow:
[0.46551362;
 -0.30095741;
 1.3765509]
Keyframe: 68 Frame: 356 Frame from vFrameID : 357
Tcw:
[0.99921978, 0.039494615, -5.1811283e-05, 0.48678964;
 -0.039344769, 0.99531281, -0.088342443, -0.31272617;
 -0.0034374823, 0.088275552, 0.99609017, 1.4095972;
 0, 0, 0, 1]
Twc:
[0.99921978, -0.039344769, -0.0034374823, -0.4938685;
 0.039494615, 0.99531281, 0.088275552, 0.16760182;
 -5.1811283e-05, -0.088342443, 0.99609017, -1.4316876;
 0, 0, 0, 1]
Ow:
[0.48678964;
 -0.31272617;
 1.4095972]
Keyframe: 69 Frame: 361 Frame from vFrameID : 362
Tcw:
[0.9981972, 0.050107025, -0.033040237, 0.49939921;
 -0.052340139, 0.99613059, -0.070600025, -0.31995788;
 0.029374834, 0.072202079, 0.99695736, 1.4396645;
 0, 0, 0, 1]
Twc:
[0.9981972, -0.052340139, 0.029374834, -0.55753541;
 0.050107025, 0.99613059, 0.072202079, 0.18974966;
 -0.033040237, -0.070600025, 0.99695736, -1.4413729;
 0, 0, 0, 1]
Ow:
[0.49939921;
 -0.31995788;
 1.4396645]
Keyframe: 70 Frame: 366 Frame from vFrameID : 367
Tcw:
[0.99805415, 0.056169096, -0.027072757, 0.5087474;
 -0.058182854, 0.99505883, -0.080452986, -0.3303546;
 0.022420015, 0.081871606, 0.9963907, 1.4669812;
 0, 0, 0, 1]
Twc:
[0.99805415, -0.058182854, 0.022420015, -0.55986816;
 0.056169096, 0.99505883, 0.081871606, 0.18004228;
 -0.027072757, -0.080452986, 0.9963907, -1.4744911;
 0, 0, 0, 1]
Ow:
[0.5087474;
 -0.3303546;
 1.4669812]
Keyframe: 71 Frame: 372 Frame from vFrameID : 373
Tcw:
[0.99965703, 0.023582939, 0.011387901, 0.51052159;
 -0.022188887, 0.99368358, -0.11000293, -0.33218485;
 -0.013910162, 0.10971251, 0.99386603, 1.5086333;
 0, 0, 0, 1]
Twc:
[0.99965703, -0.022188887, -0.013910162, -0.49673194;
 0.023582939, 0.99368358, 0.10971251, 0.15253109;
 0.011387901, -0.11000293, 0.99386603, -1.5417345;
 0, 0, 0, 1]
Ow:
[0.51052159;
 -0.33218485;
 1.5086333]
Keyframe: 72 Frame: 378 Frame from vFrameID : 379
Tcw:
[0.99836022, 0.016519874, 0.05480811, 0.52193898;
 -0.011664558, 0.99607396, -0.087753184, -0.3395066;
 -0.056042604, 0.086969979, 0.99463332, 1.5495642;
 0, 0, 0, 1]
Twc:
[0.99836022, -0.011664558, -0.056042604, -0.43820173;
 0.016519874, 0.99607396, 0.086969979, 0.19478574;
 0.05480811, -0.087753184, 0.99463332, -1.5996475;
 0, 0, 0, 1]
Ow:
[0.52193898;
 -0.3395066;
 1.5495642]
Keyframe: 73 Frame: 383 Frame from vFrameID : 384
Tcw:
[0.99922705, 0.021090625, 0.033173785, 0.53473794;
 -0.017760124, 0.99506044, -0.097669013, -0.34765959;
 -0.03506982, 0.097004347, 0.99466592, 1.5863819;
 0, 0, 0, 1]
Twc:
[0.99922705, -0.017760124, -0.03506982, -0.48486495;
 0.021090625, 0.99506044, 0.097004347, 0.1807784;
 0.033173785, -0.097669013, 0.99466592, -1.6296148;
 0, 0, 0, 1]
Ow:
[0.53473794;
 -0.34765959;
 1.5863819]
Keyframe: 74 Frame: 389 Frame from vFrameID : 390
Tcw:
[0.99934834, 0.036022015, -0.0022902789, 0.54760331;
 -0.036070604, 0.9943468, -0.099866763, -0.35254544;
 -0.0013200707, 0.099884294, 0.99499816, 1.6164205;
 0, 0, 0, 1]
Twc:
[0.99934834, -0.036070604, -0.0013200707, -0.55782926;
 0.036022015, 0.9943468, 0.099884294, 0.1693716;
 -0.0022902789, -0.099866763, 0.99499816, -1.6422889;
 0, 0, 0, 1]
Ow:
[0.54760331;
 -0.35254544;
 1.6164205]
Keyframe: 75 Frame: 394 Frame from vFrameID : 395
Tcw:
[0.99895394, 0.045412976, -0.0053591407, 0.55757391;
 -0.045709524, 0.99500686, -0.08872398, -0.36205178;
 0.0013031618, 0.088876136, 0.99604183, 1.6504538;
 0, 0, 0, 1]
Twc:
[0.99895394, -0.045709524, 0.0013031618, -0.57569063;
 0.045412976, 0.99500686, 0.088876136, 0.18823697;
 -0.0053591407, -0.08872398, 0.99604183, -1.6730555;
 0, 0, 0, 1]
Ow:
[0.55757391;
 -0.36205178;
 1.6504538]
Keyframe: 76 Frame: 398 Frame from vFrameID : 399
Tcw:
[0.99939668, 0.030989572, 0.015679967, 0.55922437;
 -0.029341782, 0.99492973, -0.096197017, -0.36414394;
 -0.018581569, 0.095678903, 0.99523878, 1.6828798;
 0, 0, 0, 1]
Twc:
[0.99939668, -0.029341782, -0.018581569, -0.53830111;
 0.030989572, 0.99492973, 0.095678903, 0.18395142;
 0.015679967, -0.096197017, 0.99523878, -1.7186655;
 0, 0, 0, 1]
Ow:
[0.55922437;
 -0.36414394;
 1.6828798]
Keyframe: 77 Frame: 403 Frame from vFrameID : 404
Tcw:
[0.99804002, 0.017702544, 0.060022667, 0.5630511;
 -0.011198711, 0.99419487, -0.10700985, -0.36709738;
 -0.061568577, 0.10612793, 0.99244452, 1.7121831;
 0, 0, 0, 1]
Twc:
[0.99804002, -0.011198711, -0.061568577, -0.46064186;
 0.017702544, 0.99419487, 0.10612793, 0.17328845;
 0.060022667, -0.10700985, 0.99244452, -1.7723258;
 0, 0, 0, 1]
Ow:
[0.5630511;
 -0.36709738;
 1.7121831]
Keyframe: 78 Frame: 409 Frame from vFrameID : 410
Tcw:
[0.99562049, -0.0062381933, 0.093278974, 0.57386768;
 0.013644831, 0.99678302, -0.078977585, -0.3754676;
 -0.092486218, 0.079904474, 0.99250269, 1.7532408;
 0, 0, 0, 1]
Twc:
[0.99562049, 0.013644831, -0.092486218, -0.4040806;
 -0.0062381933, 0.99678302, 0.079904474, 0.23774785;
 0.093278974, -0.078977585, 0.99250269, -1.8232795;
 0, 0, 0, 1]
Ow:
[0.57386768;
 -0.3754676;
 1.7532408]
Keyframe: 79 Frame: 415 Frame from vFrameID : 416
Tcw:
[0.99901026, 0.010977095, 0.043104272, 0.59009993;
 -0.0068900594, 0.99556291, -0.093845651, -0.38159716;
 -0.04394317, 0.093455777, 0.99465322, 1.7961328;
 0, 0, 0, 1]
Twc:
[0.99901026, -0.0068900594, -0.04394317, -0.51321733;
 0.010977095, 0.99556291, 0.093455777, 0.2055674;
 0.043104272, -0.093845651, 0.99465322, -1.8477763;
 0, 0, 0, 1]
Ow:
[0.59009993;
 -0.38159716;
 1.7961328]
Keyframe: 80 Frame: 419 Frame from vFrameID : 420
Tcw:
[0.99924415, 0.03764933, -0.0096768523, 0.60984904;
 -0.038477082, 0.99337029, -0.10832789, -0.3880533;
 0.0055342256, 0.10861835, 0.99406815, 1.8214347;
 0, 0, 0, 1]
Twc:
[0.99924415, -0.038477082, 0.0055342256, -0.63439953;
 0.03764933, 0.99337029, 0.10861835, 0.16467899;
 -0.0096768523, -0.10832789, 0.99406815, -1.8467658;
 0, 0, 0, 1]
Ow:
[0.60984904;
 -0.3880533;
 1.8214347]
Keyframe: 81 Frame: 425 Frame from vFrameID : 426
Tcw:
[0.99881458, 0.036051672, -0.032706201, 0.62260449;
 -0.038508993, 0.99621654, -0.077907972, -0.39585489;
 0.029773748, 0.079075098, 0.99642396, 1.8604403;
 0, 0, 0, 1]
Twc:
[0.99881458, -0.038508993, 0.029773748, -0.69250268;
 0.036051672, 0.99621654, 0.079075098, 0.22479677;
 -0.032706201, -0.077907972, 0.99642396, -1.8642644;
 0, 0, 0, 1]
Ow:
[0.62260449;
 -0.39585489;
 1.8604403]
Keyframe: 82 Frame: 429 Frame from vFrameID : 430
Tcw:
[0.99862939, 0.038364444, -0.035602145, 0.62419379;
 -0.040855572, 0.99655992, -0.072105415, -0.39796656;
 0.032713387, 0.07346113, 0.99676138, 1.8839101;
 0, 0, 0, 1]
Twc:
[0.99862939, -0.040855572, 0.032713387, -0.70122653;
 0.038364444, 0.99655992, 0.07346113, 0.23425651;
 -0.035602145, -0.072105415, 0.99676138, -1.8842818;
 0, 0, 0, 1]
Ow:
[0.62419379;
 -0.39796656;
 1.8839101]
Keyframe: 83 Frame: 434 Frame from vFrameID : 435
Tcw:
[0.99967253, 0.025013691, -0.0053976253, 0.63287693;
 -0.025362585, 0.99654204, -0.079124518, -0.40482584;
 0.0033997642, 0.079235509, 0.99685013, 1.9220141;
 0, 0, 0, 1]
Twc:
[0.99967253, -0.025362585, 0.0033997642, -0.64947152;
 0.025013691, 0.99654204, 0.079235509, 0.23530363;
 -0.0053976253, -0.079124518, 0.99685013, -1.9445757;
 0, 0, 0, 1]
Ow:
[0.63287693;
 -0.40482584;
 1.9220141]
Keyframe: 84 Frame: 438 Frame from vFrameID : 439
Tcw:
[0.99975008, 0.014157559, 0.017303325, 0.63637418;
 -0.012426992, 0.99527234, -0.096324928, -0.40580934;
 -0.018585248, 0.096085824, 0.9951995, 1.9422112;
 0, 0, 0, 1]
Twc:
[0.99975008, -0.012426992, -0.018585248, -0.60516155;
 0.014157559, 0.99527234, 0.096085824, 0.20826238;
 0.017303325, -0.096324928, 0.9951995, -1.9829886;
 0, 0, 0, 1]
Ow:
[0.63637418;
 -0.40580934;
 1.9422112]
Keyframe: 85 Frame: 443 Frame from vFrameID : 444
Tcw:
[0.9996379, -0.0018542573, 0.026843484, 0.64543396;
 0.0036305222, 0.99779481, -0.066274531, -0.41006365;
 -0.0266614, 0.066347994, 0.99744028, 1.9760965;
 0, 0, 0, 1]
Twc:
[0.9996379, 0.0036305222, -0.0266614, -0.59102601;
 -0.0018542573, 0.99779481, 0.066347994, 0.27924618;
 0.026843484, -0.066274531, 0.99744028, -2.0155406;
 0, 0, 0, 1]
Ow:
[0.64543396;
 -0.41006365;
 1.9760965]
Keyframe: 86 Frame: 448 Frame from vFrameID : 449
Tcw:
[0.99985486, 0.012931041, 0.011091454, 0.66019624;
 -0.011993302, 0.99665767, -0.080806345, -0.41915295;
 -0.012099293, 0.080661595, 0.9966681, 2.0093293;
 0, 0, 0, 1]
Twc:
[0.99985486, -0.011993302, -0.012099293, -0.64081597;
 0.012931041, 0.99665767, 0.080661595, 0.24713926;
 0.011091454, -0.080806345, 0.9966681, -2.0438271;
 0, 0, 0, 1]
Ow:
[0.66019624;
 -0.41915295;
 2.0093293]
Keyframe: 87 Frame: 453 Frame from vFrameID : 454
Tcw:
[0.99837446, 0.038467087, -0.042056605, 0.67843944;
 -0.042687628, 0.99360251, -0.10455534, -0.4292013;
 0.037765607, 0.10618067, 0.9936294, 2.0331898;
 0, 0, 0, 1]
Twc:
[0.99837446, -0.042687628, 0.037765607, -0.77244282;
 0.038467087, 0.99360251, 0.10618067, 0.18447243;
 -0.042056605, -0.10455534, 0.9936294, -2.0365796;
 0, 0, 0, 1]
Ow:
[0.67843944;
 -0.4292013;
 2.0331898]
Keyframe: 88 Frame: 458 Frame from vFrameID : 459
Tcw:
[0.99594182, 0.048574764, -0.075765185, 0.6897403;
 -0.055768173, 0.99382609, -0.095914572, -0.4342702;
 0.070638396, 0.099750623, 0.99250191, 2.0589592;
 0, 0, 0, 1]
Twc:
[0.99594182, -0.055768173, 0.070638396, -0.8566013;
 0.048574764, 0.99382609, 0.099750623, 0.19270261;
 -0.075765185, -0.095914572, 0.99250191, -2.0329156;
 0, 0, 0, 1]
Ow:
[0.6897403;
 -0.4342702;
 2.0589592]
Keyframe: 89 Frame: 462 Frame from vFrameID : 463
Tcw:
[0.99532288, 0.041563332, -0.08720544, 0.69605178;
 -0.050311189, 0.9936499, -0.10064141, -0.44057226;
 0.082468688, 0.10455811, 0.99109358, 2.0832329;
 0, 0, 0, 1]
Twc:
[0.99532288, -0.050311189, 0.082468688, -0.88676345;
 0.041563332, 0.9936499, 0.10455811, 0.19102544;
 -0.08720544, -0.10064141, 0.99109358, -2.0483193;
 0, 0, 0, 1]
Ow:
[0.69605178;
 -0.44057226;
 2.0832329]
Keyframe: 90 Frame: 467 Frame from vFrameID : 468
Tcw:
