Keyframe: 0 Frame: 0 Frame from vFrameID : 497
Tcw:
[0.99904078, 0.013647799, 0.041608661, -2.6773837;
 -0.015481416, 0.99890852, 0.04406926, -3.2203982;
 -0.040961798, -0.044671152, 0.99816161, 5.051322;
 0, 0, 0, 1]
Twc:
[0.99904078, -0.015481416, -0.040961798, 2.8318701;
 0.013647799, 0.99890852, -0.044671152, 3.4790719;
 0.041608661, 0.04406926, 0.99816161, -4.7887125;
 0, 0, 0, 1]
Ow:
[-2.6773837;
 -3.2203982;
 5.051322]
Keyframe: 1 Frame: 496 Frame from vFrameID : 497
Tcw:
[0.99904627, -0.0014062804, 0.043642141, -0.042874906;
 -4.7231602e-05, 0.99944586, 0.033286355, -0.043543018;
 -0.043664768, -0.033256669, 0.99849254, 0.089974463;
 0, 0, 0, 1]
Twc:
[0.99904627, -4.7231602e-05, -0.043664768, 0.046760667;
 -0.0014062804, 0.99944586, -0.033256669, 0.04645085;
 0.043642141, 0.033286355, 0.99849254, -0.086518288;
 0, 0, 0, 1]
Ow:
[-0.042874906;
 -0.043543018;
 0.089974463]
