Keyframe: 0 Frame: 0 Frame from vFrameID : 497
Tcw:
[0.99977666, -0.01696983, 0.012595607, 0.07288444;
 0.020872062, 0.69941658, -0.71440941, 0.0092303939;
 0.003313829, 0.71451277, 0.69961458, 0.0096969884;
 0, 0, 0, 1]
Twc:
[0.99977666, 0.020872062, 0.003313829, -0.073092952;
 -0.01696983, 0.69941658, 0.71451277, -0.012147676;
 0.012595607, -0.71440941, 0.69961458, -0.0011078976;
 0, 0, 0, 1]
Ow:
[0.07288444;
 0.0092303939;
 0.0096969884]
Keyframe: 1 Frame: 501 Frame from vFrameID : 497
Tcw:
[0.99968529, -0.024944708, -0.0026563602, 0.027972909;
 0.015471602, 0.69644147, -0.7174468, -0.013582708;
 0.019746499, 0.71717989, 0.69660825, 0.022883255;
 0, 0, 0, 1]
Twc:
[0.99968529, 0.015471602, 0.019746499, -0.028205825;
 -0.024944708, 0.69644147, 0.71717989, -0.0062540742;
 -0.0026563602, -0.7174468, 0.69660825, -0.025611229;
 0, 0, 0, 1]
Ow:
[0.027972909;
 -0.013582708;
 0.022883255]
