Keyframe: 0 Frame: 0 Frame from vFrameID : 13
Tcw:
[1, 0, 0, 0;
 0, 1, 0, 0;
 0, 0, 1, 0;
 0, 0, 0, 1]
Twc:
[1, 0, 0, 0;
 0, 1, 0, 0;
 0, 0, 1, 0;
 0, 0, 0, 1]
Ow:
[0;
 0;
 0]
Keyframe: 1 Frame: 12 Frame from vFrameID : 13
Tcw:
[0.99780154, -0.061152343, 0.025544321, -0.0032939152;
 0.060449872, 0.99779445, 0.027422817, 0.017966468;
 -0.027164951, -0.025818378, 0.9992975, 0.0085650161;
 0, 0, 0, 1]
Twc:
[0.99780154, 0.060449872, -0.027164951, 0.0024332711;
 -0.061152343, 0.99779445, -0.025818378, -0.017907139;
 0.025544321, 0.027422817, 0.9992975, -0.0089675495;
 0, 0, 0, 1]
Ow:
[-0.0032939152;
 0.017966468;
 0.0085650161]
Keyframe: 2 Frame: 14 Frame from vFrameID : 15
Tcw:
[0.99803871, -0.057853069, 0.023912016, -0.0051068054;
 0.05728779, 0.99807668, 0.02368558, 0.017199287;
 -0.02523631, -0.02226926, 0.99943346, 0.0065657203;
 0, 0, 0, 1]
Twc:
[0.99803871, 0.05728779, -0.02523631, 0.0042771748;
 -0.057853069, 0.99807668, -0.02226926, -0.01731544;
 0.023912016, 0.02368558, 0.99943346, -0.0068472615;
 0, 0, 0, 1]
Ow:
[-0.0051068054;
 0.017199287;
 0.0065657203]
Keyframe: 3 Frame: 16 Frame from vFrameID : 17
Tcw:
[0.99924898, -0.037862692, 0.0082384851, -0.0024670893;
 0.037749812, 0.99919671, 0.013450938, 0.018139178;
 -0.0087411562, -0.013129835, 0.99987561, 0.0047948374;
 0, 0, 0, 1]
Twc:
[0.99924898, 0.037749812, -0.0087411562, 0.0018223986;
 -0.037862692, 0.99919671, -0.013129835, -0.018155063;
 0.0082384851, 0.013450938, 0.99987561, -0.0050179046;
 0, 0, 0, 1]
Ow:
[-0.0024670893;
 0.018139178;
 0.0047948374]
Keyframe: 4 Frame: 18 Frame from vFrameID : 19
Tcw:
[0.99965179, -0.026331959, 0.0017170776, -0.002846062;
 0.026308546, 0.99957609, 0.01247014, 0.01879956;
 -0.0020447129, -0.012420624, 0.99992079, 0.0050674803;
 0, 0, 0, 1]
Twc:
[0.99965179, 0.026308546, -0.0020447129, 0.0023608436;
 -0.026331959, 0.99957609, -0.012420624, -0.018803591;
 0.0017170776, 0.01247014, 0.99992079, -0.0052966247;
 0, 0, 0, 1]
Ow:
[-0.002846062;
 0.01879956;
 0.0050674803]
Keyframe: 5 Frame: 20 Frame from vFrameID : 21
Tcw:
[0.99975127, -0.020926777, -0.0077083884, -0.0032976656;
 0.021007197, 0.99972415, 0.010503635, 0.019200658;
 0.0074864547, -0.010662954, 0.99991512, 0.0046334872;
 0, 0, 0, 1]
Twc:
[0.99975127, 0.021007197, 0.0074864547, 0.002858805;
 -0.020926777, 0.99972415, -0.010662954, -0.019214965;
 -0.0077083884, 0.010503635, 0.99991512, -0.0048601902;
 0, 0, 0, 1]
Ow:
[-0.0032976656;
 0.019200658;
 0.0046334872]
Keyframe: 6 Frame: 22 Frame from vFrameID : 23
Tcw:
[0.99978697, -0.015577709, -0.01354197, -0.0037727249;
 0.015704898, 0.99983305, 0.0093371887, 0.021050302;
 0.013394258, -0.0095478753, 0.9998647, 0.0039596111;
 0, 0, 0, 1]
Twc:
[0.99978697, 0.015704898, 0.013394258, 0.0033882922;
 -0.015577709, 0.99983305, -0.0095478753, -0.021067752;
 -0.01354197, 0.0093371887, 0.9998647, -0.0042067161;
 0, 0, 0, 1]
Ow:
[-0.0037727249;
 0.021050302;
 0.0039596111]
Keyframe: 7 Frame: 24 Frame from vFrameID : 25
Tcw:
[0.99976873, -0.013223451, -0.016959609, -0.0030641488;
 0.013416544, 0.99984586, 0.011322705, 0.021784512;
 0.016807271, -0.011547626, 0.99979204, 0.0041126413;
 0, 0, 0, 1]
Twc:
[0.99976873, 0.013416544, 0.016807271, 0.002702045;
 -0.013223451, 0.99984586, -0.011547626, -0.021774184;
 -0.016959609, 0.011322705, 0.99979204, -0.0044104126;
 0, 0, 0, 1]
Ow:
[-0.0030641488;
 0.021784512;
 0.0041126413]
Keyframe: 8 Frame: 26 Frame from vFrameID : 27
Tcw:
[0.99974883, -0.0098490203, -0.020131474, -0.0047284486;
 0.010129058, 0.99985272, 0.013856101, 0.021854615;
 0.01999204, -0.014056534, 0.99970132, 0.0045722388;
 0, 0, 0, 1]
Twc:
[0.99974883, 0.010129058, 0.01999204, 0.0044144858;
 -0.0098490203, 0.99985272, -0.014056534, -0.021833695;
 -0.020131474, 0.013856101, 0.99970132, -0.0049688835;
 0, 0, 0, 1]
Ow:
[-0.0047284486;
 0.021854615;
 0.0045722388]
Keyframe: 9 Frame: 28 Frame from vFrameID : 29
Tcw:
[0.9996922, -0.010692255, -0.022386177, -0.0051311636;
 0.010959903, 0.99986953, 0.011867605, 0.023386296;
 0.022256363, -0.012109303, 0.99967897, 0.0042202226;
 0, 0, 0, 1]
Twc:
[0.9996922, 0.010959903, 0.022256363, 0.0047793463;
 -0.010692255, 0.99986953, -0.012109303, -0.023387004;
 -0.022386177, 0.011867605, 0.99967897, -0.0046112742;
 0, 0, 0, 1]
Ow:
[-0.0051311636;
 0.023386296;
 0.0042202226]
Keyframe: 10 Frame: 30 Frame from vFrameID : 31
Tcw:
[0.9996137, -0.008388673, -0.026497345, -0.0048795561;
 0.0087815337, 0.99985272, 0.014745001, 0.02477782;
 0.026369752, -0.014971992, 0.99954015, 0.00431001;
 0, 0, 0, 1]
Twc:
[0.9996137, 0.0087815337, 0.026369752, 0.00454643;
 -0.008388673, 0.99985272, -0.014971992, -0.024750574;
 -0.026497345, 0.014745001, 0.99954015, -0.0048026722;
 0, 0, 0, 1]
Ow:
[-0.0048795561;
 0.02477782;
 0.00431001]
Keyframe: 11 Frame: 32 Frame from vFrameID : 33
Tcw:
[0.9995057, -0.0055710184, -0.030941572, -0.0055363802;
 0.0061208303, 0.99982452, 0.017703153, 0.025499623;
 0.030837519, -0.017883789, 0.99936444, 0.0045925593;
 0, 0, 0, 1]
Twc:
[0.9995057, 0.0061208303, 0.030837519, 0.0052359411;
 -0.0055710184, 0.99982452, -0.017883789, -0.025443861;
 -0.030941572, 0.017703153, 0.99936444, -0.005212368;
 0, 0, 0, 1]
Ow:
[-0.0055363802;
 0.025499623;
 0.0045925593]
Keyframe: 12 Frame: 34 Frame from vFrameID : 35
Tcw:
[0.99936467, -0.0055303993, -0.035208534, -0.0056364494;
 0.0061957892, 0.99980372, 0.018817579, 0.026980335;
 0.035097554, -0.01902377, 0.99920279, 0.0051956745;
 0, 0, 0, 1]
Twc:
[0.99936467, 0.0061957892, 0.035097554, 0.0052833483;
 -0.0055303993, 0.99980372, -0.01902377, -0.026907369;
 -0.035208534, 0.018817579, 0.99920279, -0.0058976887;
 0, 0, 0, 1]
Ow:
[-0.0056364494;
 0.026980335;
 0.0051956745]
Keyframe: 13 Frame: 36 Frame from vFrameID : 37
Tcw:
[0.9992938, -0.0054237903, -0.037181981, -0.0055755614;
 0.0062610325, 0.99972862, 0.022438079, 0.028645825;
 0.037050191, -0.022655031, 0.99905658, 0.006303445;
 0, 0, 0, 1]
Twc:
[0.9992938, 0.0062610325, 0.037050191, 0.0051587271;
 -0.0054237903, 0.99972862, -0.022655031, -0.028525487;
 -0.037181981, 0.022438079, 0.99905658, -0.0071475659;
 0, 0, 0, 1]
Ow:
[-0.0055755614;
 0.028645825;
 0.006303445]
Keyframe: 14 Frame: 39 Frame from vFrameID : 40
Tcw:
[0.99923289, -0.003730353, -0.038983822, -0.005821771;
 0.004810703, 0.99960595, 0.027655827, 0.030840663;
 0.038865291, -0.02782215, 0.99885708, 0.0086448919;
 0, 0, 0, 1]
Twc:
[0.99923289, 0.004810703, 0.038865291, 0.0053329533;
 -0.003730353, 0.99960595, -0.02782215, -0.030609708;
 -0.038983822, 0.027655827, 0.99885708, -0.0097148903;
 0, 0, 0, 1]
Ow:
[-0.005821771;
 0.030840663;
 0.0086448919]
Keyframe: 15 Frame: 42 Frame from vFrameID : 43
Tcw:
[0.99892211, 0.0076573794, -0.045781951, -0.0090421485;
 -0.0059623914, 0.99929577, 0.037045658, 0.025988512;
 0.046033382, -0.036732759, 0.99826431, 0.013175385;
 0, 0, 0, 1]
Twc:
[0.99892211, -0.0059623914, 0.046033382, 0.0085808476;
 0.0076573794, 0.99929577, -0.036732759, -0.025417004;
 -0.045781951, 0.037045658, 0.99826431, -0.014529246;
 0, 0, 0, 1]
Ow:
[-0.0090421485;
 0.025988512;
 0.013175385]
Keyframe: 16 Frame: 45 Frame from vFrameID : 46
Tcw:
[0.99820077, 0.018508086, -0.057031944, -0.013065757;
 -0.017019516, 0.99950451, 0.026476756, 0.014946437;
 0.057493724, -0.025458461, 0.99802119, 0.013341758;
 0, 0, 0, 1]
Twc:
[0.99820077, -0.017019516, 0.057493724, 0.012529563;
 0.018508086, 0.99950451, -0.025458461, -0.014357549;
 -0.057031944, 0.026476756, 0.99802119, -0.014456257;
 0, 0, 0, 1]
Ow:
[-0.013065757;
 0.014946437;
 0.013341758]
Keyframe: 17 Frame: 48 Frame from vFrameID : 49
Tcw:
[0.99667001, 0.036544789, -0.072892539, -0.013273687;
 -0.036883339, 0.99931413, -0.0033034317, -0.0060834815;
 0.072721824, 0.0059809517, 0.9973343, 0.008001972;
 0, 0, 0, 1]
Twc:
[0.99667001, -0.036883339, 0.072721824, 0.012423189;
 0.036544789, 0.99931413, 0.0059809517, 0.0065165334;
 -0.072892539, -0.0033034317, 0.9973343, -0.0089682909;
 0, 0, 0, 1]
Ow:
[-0.013273687;
 -0.0060834815;
 0.008001972]
Keyframe: 18 Frame: 51 Frame from vFrameID : 52
Tcw:
[0.99651259, 0.031291921, -0.077353008, -0.01702491;
 -0.033470083, 0.99907428, -0.02702423, -0.03012233;
 0.07643576, 0.029518997, 0.99663746, 0.0019601909;
 0, 0, 0, 1]
Twc:
[0.99651259, -0.033470083, 0.07643576, 0.015807511;
 0.031291921, 0.99907428, 0.029518997, 0.030569326;
 -0.077353008, -0.02702423, 0.99663746, -0.0040845606;
 0, 0, 0, 1]
Ow:
[-0.01702491;
 -0.03012233;
 0.0019601909]
Keyframe: 19 Frame: 54 Frame from vFrameID : 55
Tcw:
[0.99827087, 0.020479644, -0.055098187, -0.025640793;
 -0.023869289, 0.99781656, -0.061582595, -0.044328488;
 0.053716693, 0.062791266, 0.99658006, -0.0024875924;
 0, 0, 0, 1]
Twc:
[0.99827087, -0.023869289, 0.053716693, 0.024671994;
 0.020479644, 0.99781656, 0.062791266, 0.044913009;
 -0.055098187, -0.061582595, 0.99658006, -0.0016635394;
 0, 0, 0, 1]
Ow:
[-0.025640793;
 -0.044328488;
 -0.0024875924]
Keyframe: 20 Frame: 58 Frame from vFrameID : 59
Tcw:
[0.99940342, 0.0062009161, -0.03397667, -0.032173175;
 -0.007957967, 0.9986245, -0.051824745, -0.050628297;
 0.033608574, 0.05206421, 0.99807805, 0.0032808878;
 0, 0, 0, 1]
Twc:
[0.99940342, -0.007957967, 0.033608574, 0.031640816;
 0.0062009161, 0.9986245, 0.05206421, 0.050587341;
 -0.03397667, -0.051824745, 0.99807805, -0.0069915182;
 0, 0, 0, 1]
Ow:
[-0.032173175;
 -0.050628297;
 0.0032808878]
Keyframe: 21 Frame: 61 Frame from vFrameID : 62
Tcw:
[0.99920261, -0.026510978, -0.029854035, -0.038049202;
 0.025425151, 0.99902177, -0.036181539, -0.057403114;
 0.030784039, 0.035393648, 0.99889922, 0.019981006;
 0, 0, 0, 1]
Twc:
[0.99920261, 0.025425151, 0.030784039, 0.038863249;
 -0.026510978, 0.99902177, 0.035393648, 0.055631034;
 -0.029854035, -0.036181539, 0.99889922, -0.023171866;
 0, 0, 0, 1]
Ow:
[-0.038049202;
 -0.057403114;
 0.019981006]
Keyframe: 22 Frame: 65 Frame from vFrameID : 66
Tcw:
[0.99981785, -0.019020472, 0.0015944316, -0.026352379;
 0.019052049, 0.99955553, -0.022930838, -0.063837148;
 -0.0011575675, 0.022957038, 0.99973577, 0.035175096;
 0, 0, 0, 1]
Twc:
[0.99981785, 0.019052049, -0.0011575675, 0.027604524;
 -0.019020472, 0.99955553, 0.022957038, 0.062500015;
 0.0015944316, -0.022930838, 0.99973577, -0.036587626;
 0, 0, 0, 1]
Ow:
[-0.026352379;
 -0.063837148;
 0.035175096]
Keyframe: 23 Frame: 69 Frame from vFrameID : 70
Tcw:
[0.99951148, -0.028036926, 0.013811248, -0.018643206;
 0.028287025, 0.9994331, -0.018258708, -0.070242032;
 -0.013291501, 0.018640466, 0.99973792, 0.057055932;
 0, 0, 0, 1]
Twc:
[0.99951148, 0.028287025, -0.013291501, 0.021379394;
 -0.028036926, 0.9994331, 0.018640466, 0.068615966;
 0.013811248, -0.018258708, 0.99973792, -0.058066018;
 0, 0, 0, 1]
Ow:
[-0.018643206;
 -0.070242032;
 0.057055932]
Keyframe: 24 Frame: 73 Frame from vFrameID : 74
Tcw:
[0.99929285, -0.023095345, 0.029671146, -0.0034162386;
 0.023797315, 0.9994399, -0.023527171, -0.094237894;
 -0.029111158, 0.024216628, 0.99928278, 0.09496548;
 0, 0, 0, 1]
Twc:
[0.99929285, 0.023797315, -0.029111158, 0.0084209871;
 -0.023095345, 0.9994399, 0.024216628, 0.091806471;
 0.029671146, -0.023527171, 0.99928278, -0.097013161;
 0, 0, 0, 1]
Ow:
[-0.0034162386;
 -0.094237894;
 0.09496548]
Keyframe: 25 Frame: 77 Frame from vFrameID : 78
Tcw:
[0.99966031, 0.0064087198, 0.025261233, 0.0086587481;
 -0.0047094333, 0.99775773, -0.066763021, -0.14177081;
 -0.025632456, 0.066621378, 0.99744904, 0.14197187;
 0, 0, 0, 1]
Twc:
[0.99966031, -0.0047094333, -0.025632456, -0.0056843804;
 0.0064087198, 0.99775773, 0.066621378, 0.13193907;
 0.025261233, -0.066763021, 0.99744904, -0.15129347;
 0, 0, 0, 1]
Ow:
[0.0086587481;
 -0.14177081;
 0.14197187]
Keyframe: 26 Frame: 81 Frame from vFrameID : 82
Tcw:
[0.99937785, 0.035249196, -0.0011757407, 0.017146297;
 -0.035216868, 0.99554324, -0.087483607, -0.18380323;
 -0.0019132261, 0.087470591, 0.99616528, 0.16422184;
 0, 0, 0, 1]
Twc:
[0.99937785, -0.035216868, -0.0019132261, -0.023294412;
 0.035249196, 0.99554324, 0.087470591, 0.16801509;
 -0.0011757407, -0.087483607, 0.99616528, -0.17965169;
 0, 0, 0, 1]
Ow:
[0.017146297;
 -0.18380323;
 0.16422184]
Keyframe: 27 Frame: 86 Frame from vFrameID : 87
Tcw:
[0.99778193, 0.063933142, -0.018539608, 0.010615342;
 -0.065222986, 0.99463773, -0.080260582, -0.22822969;
 0.013308883, 0.081291765, 0.99660146, 0.17994666;
 0, 0, 0, 1]
Twc:
[0.99778193, -0.065222986, 0.013308883, -0.027872507;
 0.063933142, 0.99463773, 0.081291765, 0.21169899;
 -0.018539608, -0.080260582, 0.99660146, -0.19745615;
 0, 0, 0, 1]
Ow:
[0.010615342;
 -0.22822969;
 0.17994666]
Keyframe: 28 Frame: 91 Frame from vFrameID : 92
Tcw:
[0.9967159, 0.069783844, -0.041080244, -0.0069901859;
 -0.072710901, 0.99455214, -0.074693806, -0.25793231;
 0.035644025, 0.077435486, 0.99636, 0.19910447;
 0, 0, 0, 1]
Twc:
[0.9967159, -0.072710901, 0.035644025, -0.018884145;
 0.069783844, 0.99455214, 0.077435486, 0.24159718;
 -0.041080244, -0.074693806, 0.99636, -0.21793284;
 0, 0, 0, 1]
Ow:
[-0.0069901859;
 -0.25793231;
 0.19910447]
Keyframe: 29 Frame: 96 Frame from vFrameID : 97
Tcw:
[0.99640387, 0.078047045, -0.032984871, -0.023670943;
 -0.079912856, 0.99501568, -0.059646957, -0.29037988;
 0.028165197, 0.062068373, 0.99767441, 0.23731485;
 0, 0, 0, 1]
Twc:
[0.99640387, -0.079912856, 0.028165197, -0.0063032843;
 0.078047045, 0.99501568, 0.062068373, 0.27605021;
 -0.032984871, -0.059646957, 0.99767441, -0.25486401;
 0, 0, 0, 1]
Ow:
[-0.023670943;
 -0.29037988;
 0.23731485]
Keyframe: 30 Frame: 101 Frame from vFrameID : 102
Tcw:
[0.9973405, 0.07051903, -0.018412843, -0.045563441;
 -0.071681261, 0.99476647, -0.072811119, -0.30725175;
 0.013181909, 0.073937334, 0.99717575, 0.27520496;
 0, 0, 0, 1]
Twc:
[0.9973405, -0.071681261, 0.013181909, 0.019790342;
 0.07051903, 0.99476647, 0.073937334, 0.28850889;
 -0.018412843, -0.072811119, 0.99717575, -0.29763803;
 0, 0, 0, 1]
Ow:
[-0.045563441;
 -0.30725175;
 0.27520496]
Keyframe: 31 Frame: 106 Frame from vFrameID : 107
Tcw:
[0.99874991, 0.04687766, 0.01735389, -0.061094739;
 -0.046296664, 0.9983992, -0.032490335, -0.32359362;
 -0.018849181, 0.031646293, 0.9993214, 0.31295326;
 0, 0, 0, 1]
Twc:
[0.99874991, -0.046296664, -0.018849181, 0.051935967;
 0.04687766, 0.9983992, 0.031646293, 0.31603578;
 0.01735389, -0.032490335, 0.9993214, -0.32219431;
 0, 0, 0, 1]
Ow:
[-0.061094739;
 -0.32359362;
 0.31295326]
Keyframe: 32 Frame: 111 Frame from vFrameID : 112
Tcw:
[0.99814737, 0.05192348, 0.031713691, -0.067171462;
 -0.051411495, 0.99853706, -0.016752046, -0.34562016;
 -0.032537121, 0.015090563, 0.99935663, 0.33880854;
 0, 0, 0, 1]
Twc:
[0.99814737, -0.051411495, -0.032537121, 0.060302027;
 0.05192348, 0.99853706, 0.015090563, 0.34348947;
 0.031713691, -0.016752046, 0.99935663, -0.34225011;
 0, 0, 0, 1]
Ow:
[-0.067171462;
 -0.34562016;
 0.33880854]
Keyframe: 33 Frame: 116 Frame from vFrameID : 117
Tcw:
[0.99841642, 0.054483507, 0.014008096, -0.071890444;
 -0.05435539, 0.9984777, -0.0093696928, -0.36939421;
 -0.014497265, 0.0085934391, 0.99985796, 0.37449411;
 0, 0, 0, 1]
Twc:
[0.99841642, -0.05435539, -0.014497265, 0.05712717;
 0.054483507, 0.9984777, 0.0085934391, 0.36953053;
 0.014008096, -0.0093696928, 0.99985796, -0.37689498;
 0, 0, 0, 1]
Ow:
[-0.071890444;
 -0.36939421;
 0.37449411]
Keyframe: 34 Frame: 121 Frame from vFrameID : 122
Tcw:
[0.99674046, 0.076043218, -0.026941303, -0.06601125;
 -0.076632589, 0.99682623, -0.021562951, -0.40139237;
 0.025216082, 0.023557248, 0.99940443, 0.4225381;
 0, 0, 0, 1]
Twc:
[0.99674046, -0.076632589, 0.025216082, 0.024381595;
 0.076043218, 0.99682623, 0.023557248, 0.39518431;
 -0.026941303, -0.021562951, 0.99940443, -0.43272007;
 0, 0, 0, 1]
Ow:
[-0.06601125;
 -0.40139237;
 0.4225381]
Keyframe: 35 Frame: 125 Frame from vFrameID : 126
Tcw:
[0.99431944, 0.10121416, -0.032932036, -0.052506808;
 -0.10308772, 0.99278194, -0.061294198, -0.42821029;
 0.026490489, 0.064340904, 0.9975763, 0.45917034;
 0, 0, 0, 1]
Twc:
[0.99431944, -0.10308772, 0.026490489, -0.0040983306;
 0.10121416, 0.99278194, 0.064340904, 0.40089044;
 -0.032932036, -0.061294198, 0.9975763, -0.48603344;
 0, 0, 0, 1]
Ow:
[-0.052506808;
 -0.42821029;
 0.45917034]
Keyframe: 36 Frame: 130 Frame from vFrameID : 131
Tcw:
[0.98818421, 0.13610142, -0.070486739, -0.046440843;
 -0.13934344, 0.98929685, -0.043302726, -0.44778869;
 0.06383875, 0.052612934, 0.99657238, 0.49530536;
 0, 0, 0, 1]
Twc:
[0.98818421, -0.13934344, 0.06383875, -0.048123978;
 0.13610142, 0.98929685, 0.052612934, 0.42325714;
 -0.070486739, -0.043302726, 0.99657238, -0.51627159;
 0, 0, 0, 1]
Ow:
[-0.046440843;
 -0.44778869;
 0.49530536]
Keyframe: 37 Frame: 134 Frame from vFrameID : 135
Tcw:
[0.98583359, 0.14599772, -0.08256375, -0.044715136;
 -0.14869308, 0.98850191, -0.027465079, -0.46639085;
 0.077604584, 0.039352655, 0.99620724, 0.51793206;
 0, 0, 0, 1]
Twc:
[0.98583359, -0.14869308, 0.077604584, -0.065461315;
 0.14599772, 0.98850191, 0.039352655, 0.44717455;
 -0.08256375, -0.027465079, 0.99620724, -0.53246897;
 0, 0, 0, 1]
Ow:
[-0.044715136;
 -0.46639085;
 0.51793206]
Keyframe: 38 Frame: 138 Frame from vFrameID : 139
Tcw:
[0.98657656, 0.14693329, -0.071255393, -0.042788021;
 -0.14933422, 0.98834366, -0.029598549, -0.48158625;
 0.066075802, 0.039842103, 0.99701887, 0.54553938;
 0, 0, 0, 1]
Twc:
[0.98657656, -0.14933422, 0.066075802, -0.065750599;
 0.14693329, 0.98834366, 0.039842103, 0.46052426;
 -0.071255393, -0.029598549, 0.99701887, -0.56121618;
 0, 0, 0, 1]
Ow:
[-0.042788021;
 -0.48158625;
 0.54553938]
Keyframe: 39 Frame: 142 Frame from vFrameID : 143
Tcw:
[0.98926061, 0.1409885, -0.038544927, -0.050066158;
 -0.14222507, 0.98933405, -0.031467929, -0.49823037;
 0.033697192, 0.036612038, 0.99876124, 0.58558202;
 0, 0, 0, 1]
Twc:
[0.98926061, -0.14222507, 0.033697192, -0.041064829;
 0.1409885, 0.98933405, 0.036612038, 0.47853562;
 -0.038544927, -0.031467929, 0.99876124, -0.60246474;
 0, 0, 0, 1]
Ow:
[-0.050066158;
 -0.49823037;
 0.58558202]
Keyframe: 40 Frame: 146 Frame from vFrameID : 147
Tcw:
[0.99360776, 0.11195745, -0.014462382, -0.066760339;
 -0.11256484, 0.992284, -0.051977064, -0.51534545;
 0.0085315704, 0.053272773, 0.99854356, 0.63008636;
 0, 0, 0, 1]
Twc:
[0.99360776, -0.11256484, 0.0085315704, 0.0029481815;
 0.11195745, 0.992284, 0.053272773, 0.48527694;
 -0.014462382, -0.051977064, 0.99854356, -0.65692031;
 0, 0, 0, 1]
Ow:
[-0.066760339;
 -0.51534545;
 0.63008636]
Keyframe: 41 Frame: 150 Frame from vFrameID : 151
Tcw:
[0.99633259, 0.083355494, 0.019320697, -0.086299501;
 -0.082184307, 0.99509519, -0.055057433, -0.52520651;
 -0.023815271, 0.053267658, 0.99829626, 0.67150903;
 0, 0, 0, 1]
Twc:
[0.99633259, -0.082184307, -0.023815271, 0.058811445;
 0.083355494, 0.99509519, 0.053267658, 0.49405426;
 0.019320697, -0.055057433, 0.99829626, -0.69761413;
 0, 0, 0, 1]
Ow:
[-0.086299501;
 -0.52520651;
 0.67150903]
Keyframe: 42 Frame: 156 Frame from vFrameID : 157
Tcw:
[0.99759972, 0.060524635, 0.033638228, -0.10522835;
 -0.060057588, 0.99808627, -0.014726431, -0.55823088;
 -0.034465168, 0.012670853, 0.99932557, 0.72313106;
 0, 0, 0, 1]
Twc:
[0.99759972, -0.060057588, -0.034465168, 0.096372604;
 0.060524635, 0.99808627, 0.012670853, 0.55436879;
 0.033638228, -0.014726431, 0.99932557, -0.72732443;
 0, 0, 0, 1]
Ow:
[-0.10522835;
 -0.55823088;
 0.72313106]
Keyframe: 43 Frame: 160 Frame from vFrameID : 161
Tcw:
[0.99785101, 0.057228997, 0.031910088, -0.10844367;
 -0.057044066, 0.99834931, -0.0066766785, -0.57120699;
 -0.032239515, 0.004842049, 0.99946845, 0.74703884;
 0, 0, 0, 1]
Twc:
[0.99785101, -0.057044066, -0.032239515, 0.099710822;
 0.057228997, 0.99834931, 0.004842049, 0.57285309;
 0.031910088, -0.0066766785, 0.99946845, -0.74699509;
 0, 0, 0, 1]
Ow:
[-0.10844367;
 -0.57120699;
 0.74703884]
Keyframe: 44 Frame: 166 Frame from vFrameID : 167
Tcw:
[0.99528539, 0.090454824, -0.034998853, -0.096483454;
 -0.091352202, 0.99550605, -0.02494901, -0.61672205;
 0.032584812, 0.028028609, 0.99907589, 0.82051909;
 0, 0, 0, 1]
Twc:
[0.99528539, -0.091352202, 0.032584812, 0.012953191;
 0.090454824, 0.99550605, 0.028028609, 0.59967995;
 -0.034998853, -0.02494901, 0.99907589, -0.83852422;
 0, 0, 0, 1]
Ow:
[-0.096483454;
 -0.61672205;
 0.82051909]
Keyframe: 45 Frame: 170 Frame from vFrameID : 171
Tcw:
[0.98970413, 0.1226861, -0.07371445, -0.083204731;
 -0.12673928, 0.99051547, -0.053068582, -0.64069009;
 0.066504523, 0.061864711, 0.99586642, 0.86372113;
 0, 0, 0, 1]
Twc:
[0.98970413, -0.12673928, 0.066504523, -0.056293905;
 0.1226861, 0.99051547, 0.061864711, 0.59138763;
 -0.07371445, -0.053068582, 0.99586642, -0.90028477;
 0, 0, 0, 1]
Ow:
[-0.083204731;
 -0.64069009;
 0.86372113]
Keyframe: 46 Frame: 175 Frame from vFrameID : 176
Tcw:
[0.98807007, 0.13044442, -0.081864744, -0.074904159;
 -0.13323271, 0.9906441, -0.029551966, -0.66717052;
 0.077243939, 0.040106475, 0.99620521, 0.90101218;
 0, 0, 0, 1]
Twc:
[0.98807007, -0.13323271, 0.077243939, -0.084476121;
 0.13044442, 0.9906441, 0.040106475, 0.63456297;
 -0.081864744, -0.029551966, 0.99620521, -0.92344129;
 0, 0, 0, 1]
Ow:
[-0.074904159;
 -0.66717052;
 0.90101218]
Keyframe: 47 Frame: 179 Frame from vFrameID : 180
Tcw:
[0.98894274, 0.12553017, -0.078958347, -0.075625196;
 -0.1268959, 0.9918372, -0.012503991, -0.68563533;
 0.076744199, 0.022385223, 0.99679947, 0.93222684;
 0, 0, 0, 1]
Twc:
[0.98894274, -0.1268959, 0.076744199, -0.083758339;
 0.12553017, 0.9918372, 0.022385223, 0.6686638;
 -0.078958347, -0.012503991, 0.99679947, -0.94378769;
 0, 0, 0, 1]
Ow:
[-0.075625196;
 -0.68563533;
 0.93222684]
Keyframe: 48 Frame: 183 Frame from vFrameID : 184
Tcw:
[0.99132037, 0.11643934, -0.061039042, -0.082315311;
 -0.1172254, 0.99306041, -0.0094469888, -0.70960784;
 0.059515454, 0.01652032, 0.99809068, 0.97077042;
 0, 0, 0, 1]
Twc:
[0.99132037, -0.1172254, 0.059515454, -0.059359059;
 0.11643934, 0.99306041, 0.01652032, 0.69823074;
 -0.061039042, -0.0094469888, 0.99809068, -0.980645;
 0, 0, 0, 1]
Ow:
[-0.082315311;
 -0.70960784;
 0.97077042]
Keyframe: 49 Frame: 187 Frame from vFrameID : 188
Tcw:
[0.9943797, 0.100961, -0.031873282, -0.088931262;
 -0.10131858, 0.99480569, -0.0098064663, -0.73665053;
 0.030717654, 0.012980707, 0.99944383, 1.0108492;
 0, 0, 0, 1]
Twc:
[0.9943797, -0.10131858, 0.030717654, -0.017255859;
 0.100961, 0.99480569, 0.012980707, 0.72868121;
 -0.031873282, -0.0098064663, 0.99944383, -1.0203454;
 0, 0, 0, 1]
Ow:
[-0.088931262;
 -0.73665053;
 1.0108492]
Keyframe: 50 Frame: 191 Frame from vFrameID : 192
Tcw:
[0.99667478, 0.081482127, 6.9662281e-05, -0.098920546;
 -0.081481785, 0.99667251, -0.002158792, -0.76081401;
 -0.00024533342, 0.0021459372, 0.99999768, 1.0444962;
 0, 0, 0, 1]
Twc:
[0.99667478, -0.081481785, -0.00024533342, 0.03685537;
 0.081482127, 0.99667251, 0.0021459372, 0.76410127;
 6.9662281e-05, -0.002158792, 0.99999768, -1.0461292;
 0, 0, 0, 1]
Ow:
[-0.098920546;
 -0.76081401;
 1.0444962]
Keyframe: 51 Frame: 195 Frame from vFrameID : 196
Tcw:
[0.99811798, 0.058986869, 0.016762672, -0.10526537;
 -0.059056688, 0.99824774, 0.0037006668, -0.79664087;
 -0.016515009, -0.0046836501, 0.99985266, 1.086766;
 0, 0, 0, 1]
Twc:
[0.99811798, -0.059056688, -0.016515009, 0.075968243;
 0.058986869, 0.99824774, -0.0046836501, 0.8065443;
 0.016762672, 0.0037006668, 0.99985266, -1.0818932;
 0, 0, 0, 1]
Ow:
[-0.10526537;
 -0.79664087;
 1.086766]
Keyframe: 52 Frame: 199 Frame from vFrameID : 200
Tcw:
[0.99784559, 0.059857484, 0.026856087, -0.1090823;
 -0.059995648, 0.99818909, 0.0043680179, -0.82647085;
 -0.026545994, -0.0059698559, 0.9996298, 1.1318625;
 0, 0, 0, 1]
Twc:
[0.99784559, -0.059995648, -0.026545994, 0.089309037;
 0.059857484, 0.99818909, -0.0059698559, 0.83826065;
 0.026856087, 0.0043680179, 0.9996298, -1.1249038;
 0, 0, 0, 1]
Ow:
[-0.1090823;
 -0.82647085;
 1.1318625]
Keyframe: 53 Frame: 203 Frame from vFrameID : 204
Tcw:
[0.99694884, 0.077731028, 0.0071331975, -0.10233775;
 -0.077575192, 0.99678582, -0.020002808, -0.85678411;
 -0.0086651091, 0.019388419, 0.99977446, 1.1772604;
 0, 0, 0, 1]
Twc:
[0.99694884, -0.077575192, -0.0086651091, 0.045761392;
 0.077731028, 0.99678582, 0.019388419, 0.83915985;
 0.0071331975, -0.020002808, 0.99977446, -1.193403;
 0, 0, 0, 1]
Ow:
[-0.10233775;
 -0.85678411;
 1.1772604]
Keyframe: 54 Frame: 208 Frame from vFrameID : 209
Tcw:
[0.99325854, 0.11361414, -0.023007156, -0.10085785;
 -0.11361022, 0.99352431, 0.0014815427, -0.88386267;
 0.023026492, 0.0011422931, 0.99973422, 1.2230557;
 0, 0, 0, 1]
Twc:
[0.99325854, -0.11361022, 0.023026492, -0.028400609;
 0.11361414, 0.99352431, 0.0011422931, 0.88820088;
 -0.023007156, 0.0014815427, 0.99973422, -1.2237415;
 0, 0, 0, 1]
Ow:
[-0.10085785;
 -0.88386267;
 1.2230557]
Keyframe: 55 Frame: 212 Frame from vFrameID : 213
Tcw:
[0.99273777, 0.11700168, -0.027969323, -0.10777401;
 -0.1172746, 0.9930647, -0.0083194301, -0.90919858;
 0.026801961, 0.011539103, 0.99957418, 1.2536359;
 0, 0, 0, 1]
Twc:
[0.99273777, -0.1172746, 0.026801961, -0.033234458;
 0.11700168, 0.9930647, 0.011539103, 0.90103686;
 -0.027969323, -0.0083194301, 0.99957418, -1.2636805;
 0, 0, 0, 1]
Ow:
[-0.10777401;
 -0.90919858;
 1.2536359]
Keyframe: 56 Frame: 216 Frame from vFrameID : 217
Tcw:
[0.99460357, 0.10129083, -0.022448627, -0.12099056;
 -0.10108773, 0.99482721, 0.010007185, -0.93417913;
 0.023346141, -0.0076839007, 0.99969792, 1.2965062;
 0, 0, 0, 1]
Twc:
[0.99460357, -0.10108773, 0.023346141, -0.0043648328;
 0.10129083, 0.99482721, -0.0076839007, 0.95156425;
 -0.022448627, 0.010007185, 0.99969792, -1.2894821;
 0, 0, 0, 1]
Ow:
[-0.12099056;
 -0.93417913;
 1.2965062]
Keyframe: 57 Frame: 220 Frame from vFrameID : 221
Tcw:
[0.99816221, 0.060209807, 0.0068566399, -0.1340252;
 -0.060169049, 0.99817014, -0.0060029593, -0.95927447;
 -0.0072055301, 0.0055793696, 0.99995846, 1.3382187;
 0, 0, 0, 1]
Twc:
[0.99816221, -0.060169049, -0.0072055301, 0.085702837;
 0.060209807, 0.99817014, 0.0055793696, 0.95812231;
 0.0068566399, -0.0060029593, 0.99995846, -1.3430027;
 0, 0, 0, 1]
Ow:
[-0.1340252;
 -0.95927447;
 1.3382187]
Keyframe: 58 Frame: 226 Frame from vFrameID : 227
Tcw:
[0.99816811, 0.031903602, 0.051405735, -0.14688793;
 -0.032759171, 0.99933702, 0.015887527, -0.99519646;
 -0.050864782, -0.017542431, 0.99855149, 1.3916569;
 0, 0, 0, 1]
Twc:
[0.99816811, -0.032759171, -0.050864782, 0.18480337;
 0.031903602, 0.99933702, -0.017542431, 1.023636;
 0.051405735, 0.015887527, 0.99855149, -1.3662789;
 0, 0, 0, 1]
Ow:
[-0.14688793;
 -0.99519646;
 1.3916569]
Keyframe: 59 Frame: 231 Frame from vFrameID : 232
Tcw:
[0.99831504, 0.037899636, 0.043940321, -0.15472999;
 -0.038778495, 0.99906099, 0.019324169, -1.0270259;
 -0.043166682, -0.020995546, 0.99884725, 1.4427359;
 0, 0, 0, 1]
Twc:
[0.99831504, -0.038778495, -0.043166682, 0.17692088;
 0.037899636, 0.99906099, -0.020995546, 1.0622168;
 0.043940321, 0.019324169, 0.99884725, -1.4144275;
 0, 0, 0, 1]
Ow:
[-0.15472999;
 -1.0270259;
 1.4427359]
Keyframe: 60 Frame: 236 Frame from vFrameID : 237
Tcw:
[0.99495435, 0.092690438, -0.038397748, -0.14618678;
 -0.0929038, 0.99566782, -0.0038061664, -1.0622541;
 0.037878606, 0.0073542586, 0.9992553, 1.5065327;
 0, 0, 0, 1]
Twc:
[0.99495435, -0.0929038, 0.037878606, -0.010303618;
 0.092690438, 0.99566782, 0.0073542586, 1.0601228;
 -0.038397748, -0.0038061664, 0.9992553, -1.5150671;
 0, 0, 0, 1]
Ow:
[-0.14618678;
 -1.0622541;
 1.5065327]
Keyframe: 61 Frame: 240 Frame from vFrameID : 241
Tcw:
[0.99211568, 0.10963698, -0.060714506, -0.14524522;
 -0.10941018, 0.99397165, 0.0070575317, -1.0904425;
 0.061122261, -0.00035910268, 0.9981302, 1.5419006;
 0, 0, 0, 1]
Twc:
[0.99211568, -0.10941018, 0.061122261, -0.069449924;
 0.10963698, 0.99397165, -0.00035910268, 1.1003469;
 -0.060714506, 0.0070575317, 0.9981302, -1.5401403;
 0, 0, 0, 1]
Ow:
[-0.14524522;
 -1.0904425;
 1.5419006]
Keyframe: 62 Frame: 244 Frame from vFrameID : 245
Tcw:
[0.99186158, 0.11541551, -0.053757079, -0.14446725;
 -0.11495306, 0.99330288, 0.011626764, -1.1172824;
 0.054738972, -0.0053526, 0.99848634, 1.5796791;
 0, 0, 0, 1]
Twc:
[0.99186158, -0.11495306, 0.054738972, -0.071613535;
 0.11541551, 0.99330288, -0.0053526, 1.1349289;
 -0.053757079, 0.011626764, 0.99848634, -1.5720638;
 0, 0, 0, 1]
Ow:
[-0.14446725;
 -1.1172824;
 1.5796791]
Keyframe: 63 Frame: 248 Frame from vFrameID : 249
Tcw:
[0.9938066, 0.10193485, -0.044246528, -0.15539648;
 -0.1018203, 0.99479103, 0.0048408513, -1.1457086;
 0.0445095, -0.00030567503, 0.99900889, 1.6403577;
 0, 0, 0, 1]
Twc:
[0.9938066, -0.1018203, 0.0445095, -0.035233855;
 0.10193485, 0.99479103, -0.00030567503, 1.1560824;
 -0.044246528, 0.0048408513, 0.99900889, -1.6400615;
 0, 0, 0, 1]
Ow:
[-0.15539648;
 -1.1457086;
 1.6403577]
Keyframe: 64 Frame: 252 Frame from vFrameID : 253
Tcw:
[0.99577326, 0.090491049, -0.015714519, -0.16009048;
 -0.090689532, 0.99580187, -0.012412557, -1.1715136;
 0.014525322, 0.013785235, 0.99979949, 1.6847245;
 0, 0, 0, 1]
Twc:
[0.99577326, -0.090689532, 0.014525322, 0.028698625;
 0.090491049, 0.99580187, 0.013785235, 1.1578579;
 -0.015714519, -0.012412557, 0.99979949, -1.7014438;
 0, 0, 0, 1]
Ow:
[-0.16009048;
 -1.1715136;
 1.6847245]
Keyframe: 65 Frame: 257 Frame from vFrameID : 258
Tcw:
[0.9964996, 0.083178893, 0.0083558448, -0.16797164;
 -0.083327703, 0.9963333, 0.01940278, -1.195998;
 -0.0067113051, -0.020031136, 0.99977684, 1.7372705;
 0, 0, 0, 1]
Twc:
[0.9964996, -0.083327703, -0.0067113051, 0.079383262;
 0.083178893, 0.9963333, -0.020031136, 1.2403837;
 0.0083558448, 0.01940278, 0.99977684, -1.7122735;
 0, 0, 0, 1]
Ow:
[-0.16797164;
 -1.195998;
 1.7372705]
Keyframe: 66 Frame: 261 Frame from vFrameID : 262
Tcw:
[0.99766612, 0.067634255, 0.0093744881, -0.17414196;
 -0.067802474, 0.99751842, 0.018967975, -1.2212067;
 -0.0080683399, -0.01955932, 0.99977612, 1.7811912;
 0, 0, 0, 1]
Twc:
[0.99766612, -0.067802474, -0.0080683399, 0.10530597;
 0.067634255, 0.99751842, -0.01955932, 1.264793;
 0.0093744881, 0.018967975, 0.99977612, -1.7559962;
 0, 0, 0, 1]
Ow:
[-0.17414196;
 -1.2212067;
 1.7811912]
Keyframe: 67 Frame: 265 Frame from vFrameID : 266
Tcw:
[0.99572998, 0.08926069, -0.023544218, -0.17231555;
 -0.089258313, 0.99600786, 0.0011541212, -1.2521946;
 0.023553245, 0.00095232407, 0.99972212, 1.8268712;
 0, 0, 0, 1]
Twc:
[0.99572998, -0.089258313, 0.023553245, 0.016782245;
 0.08926069, 0.99600786, 0.00095232407, 1.260837;
 -0.023544218, 0.0011541212, 0.99972212, -1.8289753;
 0, 0, 0, 1]
Ow:
[-0.17231555;
 -1.2521946;
 1.8268712]
Keyframe: 68 Frame: 268 Frame from vFrameID : 269
Tcw:
[0.99222505, 0.11002127, -0.058179207, -0.16733831;
 -0.11119816, 0.9936462, -0.017383927, -1.2743324;
 0.055896945, 0.023718188, 0.99815476, 1.8569453;
 0, 0, 0, 1]
Twc:
[0.99222505, -0.11119816, 0.055896945, -0.07946372;
 0.11002127, 0.9936462, 0.023718188, 1.240603;
 -0.058179207, -0.017383927, 0.99815476, -1.8854073;
 0, 0, 0, 1]
Ow:
[-0.16733831;
 -1.2743324;
 1.8569453]
Keyframe: 69 Frame: 272 Frame from vFrameID : 273
Tcw:
[0.98754746, 0.13834155, -0.07491079, -0.16534887;
 -0.13860694, 0.99034607, 0.0016695479, -1.2957128;
 0.074418575, 0.0087343976, 0.99718887, 1.8928571;
 0, 0, 0, 1]
Twc:
[0.98754746, -0.13860694, 0.074418575, -0.15716866;
 0.13834155, 0.99034607, 0.0087343976, 1.2895457;
 -0.07491079, 0.0016695479, 0.99718887, -1.8977591;
 0, 0, 0, 1]
Ow:
[-0.16534887;
 -1.2957128;
 1.8928571]
Keyframe: 70 Frame: 276 Frame from vFrameID : 277
Tcw:
[0.98703623, 0.13472398, -0.087229013, -0.16950925;
 -0.13441682, 0.99088019, 0.0094125802, -1.3215363;
 0.087701604, 0.0024344884, 0.99614382, 1.9286019;
 0, 0, 0, 1]
Twc:
[0.98703623, -0.13441682, 0.087701604, -0.17946641;
 0.13472398, 0.99088019, 0.0024344884, 1.327626;
 -0.087229013, 0.0094125802, 0.99614382, -1.9235119;
 0, 0, 0, 1]
Ow:
[-0.16950925;
 -1.3215363;
 1.9286019]
Keyframe: 71 Frame: 280 Frame from vFrameID : 281
Tcw:
[0.98679596, 0.13975887, -0.081860706, -0.17474659;
 -0.13895294, 0.99017787, 0.015489036, -1.3392805;
 0.083221391, -0.0039097336, 0.99652344, 1.9741478;
 0, 0, 0, 1]
Twc:
[0.98679596, -0.13895294, 0.083221391, -0.17794904;
 0.13975887, 0.99017787, -0.0039097336, 1.3582666;
 -0.081860706, 0.015489036, 0.99652344, -1.9608451;
 0, 0, 0, 1]
Ow:
[-0.17474659;
 -1.3392805;
 1.9741478]
Keyframe: 72 Frame: 284 Frame from vFrameID : 285
Tcw:
[0.99061966, 0.12135147, -0.062821448, -0.18807237;
 -0.12080655, 0.99259841, 0.012415085, -1.3659275;
 0.063863061, -0.0047093849, 0.99794757, 2.0222354;
 0, 0, 0, 1]
Twc:
[0.99061966, -0.12080655, 0.063863061, -0.10785092;
 0.12135147, 0.99259841, -0.0047093849, 1.3881638;
 -0.062821448, 0.012415085, 0.99794757, -2.0129416;
 0, 0, 0, 1]
Ow:
[-0.18807237;
 -1.3659275;
 2.0222354]
Keyframe: 73 Frame: 288 Frame from vFrameID : 289
Tcw:
[0.99521697, 0.08775948, -0.042912491, -0.19757026;
 -0.087829471, 0.99613547, 0.00025522889, -1.3866428;
 0.042769052, 0.0035149732, 0.99907881, 2.0621617;
 0, 0, 0, 1]
Twc:
[0.99521697, -0.087829471, 0.042769052, -0.013359531;
 0.08775948, 0.99613547, 0.0035149732, 1.3913743;
 -0.042912491, 0.00025522889, 0.99907881, -2.0683863;
 0, 0, 0, 1]
Ow:
[-0.19757026;
 -1.3866428;
 2.0621617]
Keyframe: 74 Frame: 292 Frame from vFrameID : 293
Tcw:
[0.99754453, 0.069919109, 0.0040221424, -0.20072111;
 -0.070005551, 0.99714041, 0.028463978, -1.4206028;
 -0.0020204645, -0.028675659, 0.9995867, 2.118361;
 0, 0, 0, 1]
Twc:
[0.99754453, -0.070005551, -0.0020204645, 0.10505825;
 0.069919109, 0.99714041, -0.028675659, 1.4913201;
 0.0040221424, 0.028463978, 0.9995867, -2.0762422;
 0, 0, 0, 1]
Ow:
[-0.20072111;
 -1.4206028;
 2.118361]
Keyframe: 75 Frame: 296 Frame from vFrameID : 297
Tcw:
[0.99710238, 0.076069042, 0.00057844509, -0.20621258;
 -0.07606604, 0.99691635, 0.01928018, -1.4448476;
 0.00088996353, -0.019268313, 0.99981397, 2.1627674;
 0, 0, 0, 1]
Twc:
[0.99710238, -0.07606604, 0.00088996353, 0.093786433;
 0.076069042, 0.99691635, -0.019268313, 1.4977515;
 0.00057844509, 0.01928018, 0.99981397, -2.1343887;
 0, 0, 0, 1]
Ow:
[-0.20621258;
 -1.4448476;
 2.1627674]
Keyframe: 76 Frame: 300 Frame from vFrameID : 301
Tcw:
[0.99498129, 0.094245531, -0.033616465, -0.20214415;
 -0.094112016, 0.99554622, 0.0055358247, -1.4678684;
 0.033988468, -0.0023443289, 0.99941945, 2.2060313;
 0, 0, 0, 1]
Twc:
[0.99498129, -0.094112016, 0.033988468, -0.011994043;
 0.094245531, 0.99554622, -0.0023443289, 1.4855537;
 -0.033616465, 0.0055358247, 0.99941945, -2.2034202;
 0, 0, 0, 1]
Ow:
[-0.20214415;
 -1.4678684;
 2.2060313]
Keyframe: 77 Frame: 304 Frame from vFrameID : 305
Tcw:
[0.99158913, 0.119528, -0.049638841, -0.19768198;
 -0.11801551, 0.99248409, 0.032368418, -1.4929211;
 0.053134691, -0.026238019, 0.99824262, 2.2460351;
 0, 0, 0, 1]
Twc:
[0.99158913, -0.11801551, 0.053134691, -0.099510908;
 0.119528, 0.99248409, -0.026238019, 1.5642604;
 -0.049638841, 0.032368418, 0.99824262, -2.203577;
 0, 0, 0, 1]
Ow:
[-0.19768198;
 -1.4929211;
 2.2460351]
Keyframe: 78 Frame: 308 Frame from vFrameID : 309
Tcw:
[0.99061698, 0.12528655, -0.05460095, -0.20252536;
 -0.12405975, 0.99195164, 0.02531996, -1.5179976;
 0.057333753, -0.018308602, 0.99818718, 2.2837257;
 0, 0, 0, 1]
Twc:
[0.99061698, -0.12405975, 0.057333753, -0.11863192;
 0.12528655, 0.99195164, -0.018308602, 1.5729657;
 -0.05460095, 0.02531996, 0.99818718, -2.2522082;
 0, 0, 0, 1]
Ow:
[-0.20252536;
 -1.5179976;
 2.2837257]
Keyframe: 79 Frame: 313 Frame from vFrameID : 314
Tcw:
[0.99298871, 0.11076152, -0.04129542, -0.22138244;
 -0.10992551, 0.99369633, 0.022000637, -1.5510664;
 0.043471932, -0.017306963, 0.99890471, 2.355952;
 0, 0, 0, 1]
Twc:
[0.99298871, -0.10992551, 0.043471932, -0.053089283;
 0.11076152, 0.99369633, -0.017306963, 1.606584;
 -0.04129542, 0.022000637, 0.99890471, -2.3283894;
 0, 0, 0, 1]
Ow:
[-0.22138244;
 -1.5510664;
 2.355952]
Keyframe: 80 Frame: 317 Frame from vFrameID : 318
Tcw:
[0.99652159, 0.073350228, -0.039553247, -0.2322208;
 -0.072527908, 0.99712723, 0.021841014, -1.5668191;
 0.041041661, -0.018896326, 0.99897873, 2.3876836;
 0, 0, 0, 1]
Twc:
[0.99652159, -0.072527908, 0.041041661, 0.019780427;
 0.073350228, 0.99712723, -0.018896326, 1.6244698;
 -0.039553247, 0.021841014, 0.99897873, -2.3602095;
 0, 0, 0, 1]
Ow:
[-0.2322208;
 -1.5668191;
 2.3876836]
Keyframe: 81 Frame: 321 Frame from vFrameID : 322
Tcw:
[0.99777126, 0.066318512, 0.0073751877, -0.24101131;
 -0.066604778, 0.99653256, 0.049866106, -1.5924487;
 -0.0040425686, -0.050246187, 0.99872869, 2.443537;
 0, 0, 0, 1]
Twc:
[0.99777126, -0.066604778, -0.0040425686, 0.14428762;
 0.066318512, 0.99653256, -0.050246187, 1.7256891;
 0.0073751877, 0.049866106, 0.99872869, -2.3592436;
 0, 0, 0, 1]
Ow:
[-0.24101131;
 -1.5924487;
 2.443537]
Keyframe: 82 Frame: 325 Frame from vFrameID : 326
Tcw:
[0.99822521, 0.059281413, 0.0056680152, -0.24776971;
 -0.059508733, 0.996593, 0.05710607, -1.6172725;
 -0.0022633758, -0.057342015, 0.99835205, 2.489382;
 0, 0, 0, 1]
Twc:
[0.99822521, -0.059508733, -0.0022633758, 0.15672255;
 0.059281413, 0.996593, -0.057342015, 1.7691967;
 0.0056680152, 0.05710607, 0.99835205, -2.3915191;
 0, 0, 0, 1]
Ow:
[-0.24776971;
 -1.6172725;
 2.489382]
Keyframe: 83 Frame: 329 Frame from vFrameID : 330
Tcw:
[0.99607867, 0.080939971, -0.035721239, -0.24745582;
 -0.079358935, 0.9958896, 0.043658286, -1.6431865;
 0.039108112, -0.040652286, 0.99840772, 2.5324936;
 0, 0, 0, 1]
Twc:
[0.99607867, -0.079358935, 0.039108112, 0.017042883;
 0.080939971, 0.9958896, -0.040652286, 1.759413;
 -0.035721239, 0.043658286, 0.99840772, -2.4655619;
 0, 0, 0, 1]
Ow:
[-0.24745582;
 -1.6431865;
 2.5324936]
Keyframe: 84 Frame: 333 Frame from vFrameID : 334
Tcw:
[0.98992914, 0.11335097, -0.084805049, -0.2384443;
 -0.10937045, 0.99273205, 0.050211046, -1.6677455;
 0.089880161, -0.040430211, 0.99513161, 2.5708747;
 0, 0, 0, 1]
Twc:
[0.98992914, -0.10937045, 0.089880161, -0.17742972;
 0.11335097, 0.99273205, -0.040430211, 1.7865933;
 -0.084805049, 0.050211046, 0.99513161, -2.4948406;
 0, 0, 0, 1]
Ow:
[-0.2384443;
 -1.6677455;
 2.5708747]
Keyframe: 85 Frame: 338 Frame from vFrameID : 339
Tcw:
[0.98675865, 0.13844918, -0.084493898, -0.23233294;
 -0.13494453, 0.98978966, 0.045895528, -1.7036318;
 0.089985386, -0.033885818, 0.99536645, 2.6229613;
 0, 0, 0, 1]
Twc:
[0.98675865, -0.13494453, 0.089985386, -0.23666739;
 0.13844918, 0.98978966, -0.033885818, 1.8072846;
 -0.084493898, 0.045895528, 0.99536645, -2.5522494;
 0, 0, 0, 1]
Ow:
[-0.23233294;
 -1.7036318;
 2.6229613]
Keyframe: 86 Frame: 342 Frame from vFrameID : 343
Tcw:
[0.98822129, 0.13407473, -0.073774166, -0.23750049;
 -0.13068287, 0.99021018, 0.049049266, -1.7142258;
 0.079628199, -0.038830508, 0.99606806, 2.6544771;
 0, 0, 0, 1]
Twc:
[0.98822129, -0.13068287, 0.079628199, -0.20068811;
 0.13407473, 0.99021018, -0.038830508, 1.8323612;
 -0.073774166, 0.049049266, 0.99606806, -2.5774796;
 0, 0, 0, 1]
Ow:
[-0.23750049;
 -1.7142258;
 2.6544771]
Keyframe: 87 Frame: 346 Frame from vFrameID : 347
Tcw:
[0.99261248, 0.11277281, -0.044752602, -0.25218707;
 -0.11092203, 0.99294585, 0.041890465, -1.743793;
 0.049161017, -0.036616948, 0.99811941, 2.7143121;
 0, 0, 0, 1]
Twc:
[0.99261248, -0.11092203, 0.049161017, -0.07653936;
 0.11277281, 0.99294585, -0.036616948, 1.8593217;
 -0.044752602, 0.041890465, 0.99811941, -2.6474452;
 0, 0, 0, 1]
Ow:
[-0.25218707;
 -1.743793;
 2.7143121]
Keyframe: 88 Frame: 350 Frame from vFrameID : 351
Tcw:
[0.99728012, 0.06730444, -0.030040283, -0.26553959;
 -0.066311881, 0.99725646, 0.032898083, -1.7647362;
 0.032172054, -0.030816577, 0.99900717, 2.752804;
 0, 0, 0, 1]
Twc:
[0.99728012, -0.066311881, 0.032172054, 0.059231039;
 0.06730444, 0.99725646, -0.030816577, 1.8625985;
 -0.030040283, 0.032898083, 0.99900717, -2.6999912;
 0, 0, 0, 1]
Ow:
[-0.26553959;
 -1.7647362;
 2.752804]
Keyframe: 89 Frame: 354 Frame from vFrameID : 355
Tcw:
[0.99585241, 0.090969637, 0.0015961747, -0.26759109;
 -0.09093716, 0.9946298, 0.049416564, -1.7892895;
 0.002907804, -0.049356755, 0.99877697, 2.7928653;
 0, 0, 0, 1]
Twc:
[0.99585241, -0.09093716, 0.002907804, 0.095647238;
 0.090969637, 0.9946298, -0.049356755, 1.94187;
 0.0015961747, 0.049416564, 0.99877697, -2.7006018;
 0, 0, 0, 1]
Ow:
[-0.26759109;
 -1.7892895;
 2.7928653]
Keyframe: 90 Frame: 358 Frame from vFrameID : 359
Tcw:
[0.99585086, 0.090128787, -0.01256216, -0.27315527;
 -0.089636885, 0.99534613, 0.035373777, -1.8182656;
