Keyframe: 0 Frame: 0 Frame from vFrameID : 54
Tcw:
[0.99944568, -0.028472468, -0.017253531, 0.040812615;
 -0.0023958138, 0.45539171, -0.89028794, 0.014526151;
 0.033205811, 0.88983577, 0.45507103, -0.12117818;
 0, 0, 0, 1]
Twc:
[0.99944568, -0.0023958138, 0.033205811, -0.03673137;
 -0.028472468, 0.45539171, 0.88983577, 0.10237563;
 -0.017253531, -0.89028794, 0.45507103, 0.068781301;
 0, 0, 0, 1]
Ow:
[0.040812615;
 0.014526151;
 -0.12117818]
Keyframe: 1 Frame: 53 Frame from vFrameID : 54
Tcw:
[0.99903393, -0.036027983, -0.025162226, -0.0010400778;
 -0.0058205766, 0.45905623, -0.88838816, -9.451482e-05;
 0.043557707, 0.88767636, 0.45840308, 0.00032769435;
 0, 0, 0, 1]
Twc:
[0.99903393, -0.0058205766, 0.043557707, 0.0010242494;
 -0.036027983, 0.45905623, 0.88767636, -0.00028497085;
 -0.025162226, -0.88838816, 0.45840308, -0.00026035262;
 0, 0, 0, 1]
Ow:
[-0.0010400778;
 -9.451482e-05;
 0.00032769435]
