Keyframe: 0 Frame: 0 Frame from vFrameID : 54
Tcw:
[0.99882394, -0.041374605, -0.025277125, 0.034777515;
 -0.004334976, 0.44304448, -0.89648914, 0.012128074;
 0.048290774, 0.89554441, 0.44234407, -0.12103293;
 0, 0, 0, 1]
Twc:
[0.99882394, -0.004334976, 0.048290774, -0.028839264;
 -0.041374605, 0.44304448, 0.89554441, 0.10445599;
 -0.025277125, -0.89648914, 0.44234407, 0.065289959;
 0, 0, 0, 1]
Ow:
[0.034777515;
 0.012128074;
 -0.12103293]
Keyframe: 1 Frame: 57 Frame from vFrameID : 54
Tcw:
[0.99878532, -0.042493377, -0.02494389, inf;
 -0.0038098299, 0.43811765, -0.89890957, -nan;
 0.049126063, 0.89791268, 0.43742359, -nan;
 0, 0, 0, 1]
Twc:
[0.99878532, -0.0038098299, 0.049126063, -inf;
 -0.042493377, 0.43811765, 0.89791268, inf;
 -0.02494389, -0.89890957, 0.43742359, inf;
 0, 0, 0, 1]
Ow:
[inf;
 -nan;
 -nan]
