Keyframe: 0 Frame: 0 Frame from vFrameID : 54
Tcw:
[0.99981534, 0.019037759, 0.0026089072, 0.0076579181;
 -0.0057924436, 0.42805132, -0.90373588, 0.029978544;
 -0.018321851, 0.9035539, 0.42808256, -0.17719474;
 0, 0, 0, 1]
Twc:
[0.99981534, -0.0057924436, -0.018321851, -0.010729391;
 0.019037759, 0.42805132, 0.9035539, 0.14712685;
 0.0026089072, -0.90373588, 0.42808256, 0.10292669;
 0, 0, 0, 1]
Ow:
[0.0076579181;
 0.029978544;
 -0.17719474]
Keyframe: 1 Frame: 120 Frame from vFrameID : 54
Tcw:
[0.99978405, 0.020610169, -0.002667757, -nan;
 -0.011186793, 0.4255375, -0.90487164, -nan;
 -0.017514328, 0.90470606, 0.42567614, -inf;
 0, 0, 0, 1]
Twc:
[0.99978405, -0.011186793, -0.017514328, -inf;
 0.020610169, 0.4255375, 0.90470606, inf;
 -0.002667757, -0.90487164, 0.42567614, inf;
 0, 0, 0, 1]
Ow:
[-nan;
 -nan;
 -inf]
