Keyframe: 0 Frame: 0 Frame from vFrameID : 54
Tcw:
[0.99965811, -0.024849104, -0.0081380056, 0.01211692;
 0.0031652737, 0.42394453, -0.90568262, 0.026410565;
 0.025955465, 0.90534717, 0.42387825, -0.15787113;
 0, 0, 0, 1]
Twc:
[0.99965811, 0.0031652737, 0.025955465, -0.008098755;
 -0.024849104, 0.42394453, 0.90534717, 0.13203266;
 -0.0081380056, -0.90568262, 0.42387825, 0.090936333;
 0, 0, 0, 1]
Ow:
[0.01211692;
 0.026410565;
 -0.15787113]
Keyframe: 1 Frame: 103 Frame from vFrameID : 54
Tcw:
[0.99828273, -0.054019101, -0.022660075, 5.4052343e-05;
 0.0019353258, 0.41702917, -0.90889102, 0.00015042239;
 0.058547389, 0.90728641, 0.41641757, -0.00087840343;
 0, 0, 0, 1]
Twc:
[0.99828273, 0.0019353258, 0.058547389, -2.8224072e-06;
 -0.054019101, 0.41702917, 0.90728641, 0.00073715288;
 -0.022660075, -0.90889102, 0.41641757, 0.00050372502;
 0, 0, 0, 1]
Ow:
[5.4052343e-05;
 0.00015042239;
 -0.00087840343]
