Keyframe: 0 Frame: 0 Frame from vFrameID : 54
Tcw:
[0.99914432, -0.035708807, -0.020868698, 0.030300837;
 -0.0039901766, 0.41899019, -0.90798199, 0.012180772;
 0.041166734, 0.90728831, 0.41848919, -0.12106661;
 0, 0, 0, 1]
Twc:
[0.99914432, -0.0039901766, 0.041166734, -0.025242388;
 -0.035708807, 0.41899019, 0.90728831, 0.1058207;
 -0.020868698, -0.90798199, 0.41848919, 0.062357325;
 0, 0, 0, 1]
Ow:
[0.030300837;
 0.012180772;
 -0.12106661]
Keyframe: 1 Frame: 61 Frame from vFrameID : 54
Tcw:
[0.99928623, -0.03253042, -0.019205341, inf;
 -0.0040028496, 0.4143495, -0.91010904, -nan;
 0.03756395, 0.9095363, 0.41392353, -nan;
 0, 0, 0, 1]
Twc:
[0.99928623, -0.0040028496, 0.03756395, -inf;
 -0.03253042, 0.4143495, 0.9095363, inf;
 -0.019205341, -0.91010904, 0.41392353, inf;
 0, 0, 0, 1]
Ow:
[inf;
 -nan;
 -nan]
