Keyframe: 0 Frame: 0 Frame from vFrameID : 54
Tcw:
[0.99992085, 0.0062963958, -0.01089121, 0.032720216;
 -0.012522674, 0.41542327, -0.90954202, 0.019338071;
 -0.0012023745, 0.90960646, 0.41546926, -0.13762216;
 0, 0, 0, 1]
Twc:
[0.99992085, -0.012522674, -0.0012023745, -0.032640938;
 0.0062963958, 0.41542327, 0.90960646, 0.1169425;
 -0.01089121, -0.90954202, 0.41546926, 0.075122923;
 0, 0, 0, 1]
Ow:
[0.032720216;
 0.019338071;
 -0.13762216]
Keyframe: 1 Frame: 81 Frame from vFrameID : 54
Tcw:
[0.99984699, 0.010744601, -0.013804311, 0.00087359652;
 -0.017018052, 0.41481507, -0.90974659, 0.00042135792;
 -0.0040486283, 0.90984231, 0.41493446, -0.0016505239;
 0, 0, 0, 1]
Twc:
[0.99984699, -0.017018052, -0.0040486283, -0.00087297458;
 0.010744601, 0.41481507, 0.90984231, 0.0013175443;
 -0.013804311, -0.90974659, 0.41493446, 0.0010802476;
 0, 0, 0, 1]
Ow:
[0.00087359652;
 0.00042135792;
 -0.0016505239]
