Keyframe: 0 Frame: 0 Frame from vFrameID : 54
Tcw:
[0.99980223, -0.019719576, 0.0025780818, 0.0065331366;
 0.010760722, 0.42739263, -0.90400207, 0.027761891;
 0.016724685, 0.90385103, 0.4275203, -0.15830535;
 0, 0, 0, 1]
Twc:
[0.99980223, 0.010760722, 0.016724685, -0.0041829757;
 -0.019719576, 0.42739263, 0.90385103, 0.13134806;
 0.0025780818, -0.90400207, 0.4275203, 0.092758715;
 0, 0, 0, 1]
Ow:
[0.0065331366;
 0.027761891;
 -0.15830535]
Keyframe: 1 Frame: 107 Frame from vFrameID : 54
Tcw:
[0.99989164, -0.0088965539, 0.011726333, -0.0045492756;
 0.014455139, 0.44327602, -0.89626861, -0.0028028535;
 0.0027757003, 0.89634103, 0.4433566, -0.018401245;
 0, 0, 0, 1]
Twc:
[0.99989164, 0.014455139, 0.0027757003, 0.0046403748;
 -0.0088965539, 0.44327602, 0.89634103, 0.017695755;
 0.011726333, -0.89626861, 0.4433566, 0.0056995498;
 0, 0, 0, 1]
Ow:
[-0.0045492756;
 -0.0028028535;
 -0.018401245]
