Keyframe: 0 Frame: 0 Frame from vFrameID : 54
Tcw:
[0.99999738, 0.00082441681, -0.0021473332, 0.023387998;
 -0.0022940249, 0.42556271, -0.904926, 0.016803361;
 0.00016778875, 0.90492857, 0.42556348, -0.12482031;
 0, 0, 0, 1]
Twc:
[0.99999738, -0.0022940249, 0.00016778875, -0.023328446;
 0.00082441681, 0.42556271, 0.90492857, 0.1057833;
 -0.0021473332, -0.904926, 0.42556348, 0.068374991;
 0, 0, 0, 1]
Ow:
[0.023387998;
 0.016803361;
 -0.12482031]
Keyframe: 1 Frame: 75 Frame from vFrameID : 54
Tcw:
[0.99999726, 0.00083397597, -0.0022004962, -nan;
 -0.0023462069, 0.42553505, -0.90493888, -nan;
 0.00018169092, 0.90494156, 0.42553583, -nan;
 0, 0, 0, 1]
Twc:
[0.99999726, -0.0023462069, 0.00018169092, -inf;
 0.00083397597, 0.42553505, 0.90494156, inf;
 -0.0022004962, -0.90493888, 0.42553583, inf;
 0, 0, 0, 1]
Ow:
[-nan;
 -nan;
 -nan]
