Keyframe: 0 Frame: 0 Frame from vFrameID : 122
Tcw:
[1, 0, 0, 0;
 0, 1, 0, 0;
 0, 0, 1, 0;
 0, 0, 0, 1]
Twc:
[1, 0, 0, 0;
 0, 1, 0, 0;
 0, 0, 1, 0;
 0, 0, 0, 1]
Ow:
[0;
 0;
 0]
Keyframe: 1 Frame: 121 Frame from vFrameID : 122
Tcw:
[0.99968374, 0.013948536, -0.020925794, 0.034980476;
 -0.014057092, 0.99988842, -0.0050495355, -0.0073793349;
 0.020853026, 0.0053420942, 0.99976826, 0.037063852;
 0, 0, 0, 1]
Twc:
[0.99968374, -0.014057092, 0.020853026, -0.035846036;
 0.013948536, 0.99988842, 0.0053420942, 0.0066925869;
 -0.020925794, -0.0050495355, 0.99976826, -0.036360532;
 0, 0, 0, 1]
Ow:
[0.034980476;
 -0.0073793349;
 0.037063852]
Keyframe: 2 Frame: 123 Frame from vFrameID : 124
Tcw:
[0.99971646, 0.014959888, -0.018525578, 0.037157856;
 -0.014962679, 0.99988806, -1.2073937e-05, -0.0078183068;
 0.018523324, 0.0002892628, 0.9998284, 0.041195873;
 0, 0, 0, 1]
Twc:
[0.99971646, -0.014962679, 0.018523324, -0.038027387;
 0.014959888, 0.99988806, 0.0002892628, 0.0072496375;
 -0.018525578, -1.2073937e-05, 0.9998284, -0.040500529;
 0, 0, 0, 1]
Ow:
[0.037157856;
 -0.0078183068;
 0.041195873]
Keyframe: 3 Frame: 124 Frame from vFrameID : 125
Tcw:
[0.9997732, 0.014253351, -0.015821999, 0.03690033;
 -0.014213751, 0.99989557, 0.0026124595, -0.0078312689;
 0.015857583, -0.002386977, 0.99987143, 0.044162586;
 0, 0, 0, 1]
Twc:
[0.9997732, -0.014213751, 0.015857583, -0.037703585;
 0.014253351, 0.99989557, -0.002386977, 0.007409913;
 -0.015821999, 0.0026124595, 0.99987143, -0.043552611;
 0, 0, 0, 1]
Ow:
[0.03690033;
 -0.0078312689;
 0.044162586]
Keyframe: 4 Frame: 126 Frame from vFrameID : 127
Tcw:
[0.99984509, 0.01311177, -0.011740809, 0.038111549;
 -0.013040309, 0.99989611, 0.0061426293, -0.0078551536;
 0.01182013, -0.0059885741, 0.9999122, 0.049912434;
 0, 0, 0, 1]
Twc:
[0.99984509, -0.013040309, 0.01182013, -0.038798049;
 0.01311177, 0.99989611, -0.0059885741, 0.0076535325;
 -0.011740809, 0.0061426293, 0.9999122, -0.049412344;
 0, 0, 0, 1]
Ow:
[0.038111549;
 -0.0078551536;
 0.049912434]
Keyframe: 5 Frame: 128 Frame from vFrameID : 129
Tcw:
[0.99990892, 0.012639208, -0.0047287997, 0.038842484;
 -0.012607992, 0.99989891, 0.006573834, -0.0087139625;
 0.0048114099, -0.0065136147, 0.99996722, 0.056099448;
 0, 0, 0, 1]
Twc:
[0.99990892, -0.012607992, 0.0048114099, -0.039218731;
 0.012639208, 0.99989891, -0.0065136147, 0.0085875532;
 -0.0047287997, 0.006573834, 0.99996722, -0.055856649;
 0, 0, 0, 1]
Ow:
[0.038842484;
 -0.0087139625;
 0.056099448]
Keyframe: 6 Frame: 131 Frame from vFrameID : 132
Tcw:
[0.99995381, 0.009601404, -0.00037447468, 0.039640184;
 -0.0096032051, 0.99994063, -0.0051478888, -0.0091968141;
 0.0003250255, 0.0051512471, 0.99998671, 0.066827416;
 0, 0, 0, 1]
Twc:
[0.99995381, -0.0096032051, 0.0003250255, -0.039748397;
 0.009601404, 0.99994063, 0.0051512471, 0.0084714228;
 -0.00037447468, -0.0051478888, 0.99998671, -0.066859022;
 0, 0, 0, 1]
Ow:
[0.039640184;
 -0.0091968141;
 0.066827416]
Keyframe: 7 Frame: 134 Frame from vFrameID : 135
Tcw:
[0.99986285, 0.013334169, 0.0098221051, 0.039542932;
 -0.013218373, 0.99984348, -0.01176135, -0.010623457;
 -0.0099773956, 0.011629905, 0.99988258, 0.079952568;
 0, 0, 0, 1]
Twc:
[0.99986285, -0.013218373, -0.0099773956, -0.038880214;
 0.013334169, 0.99984348, 0.011629905, 0.0091646798;
 0.0098221051, -0.01176135, 0.99988258, -0.080456525;
 0, 0, 0, 1]
Ow:
[0.039542932;
 -0.010623457;
 0.079952568]
Keyframe: 8 Frame: 137 Frame from vFrameID : 138
Tcw:
[0.99989969, 0.0013166082, 0.01410186, 0.038095929;
 -0.001089791, 0.99987012, -0.016079826, -0.010080036;
 -0.0141212, 0.016062846, 0.99977124, 0.087653458;
 0, 0, 0, 1]
Twc:
[0.99989969, -0.001089791, -0.0141212, -0.036865324;
 0.0013166082, 0.99987012, 0.016062846, 0.0086206049;
 0.01410186, -0.016079826, 0.99977124, -0.08833272;
 0, 0, 0, 1]
Ow:
[0.038095929;
 -0.010080036;
 0.087653458]
Keyframe: 9 Frame: 140 Frame from vFrameID : 141
Tcw:
[0.9998129, 0.0048430166, 0.018727681, 0.038425267;
 -0.0047614039, 0.99997896, -0.0043999972, -0.010644046;
 -0.018748596, 0.0043100039, 0.99981493, 0.096183121;
 0, 0, 0, 1]
Twc:
[0.9998129, -0.0047614039, -0.018748596, -0.036665458;
 0.0048430166, 0.99997896, 0.0043100039, 0.010043179;
 0.018727681, -0.0043999972, 0.99981493, -0.096931778;
 0, 0, 0, 1]
Ow:
[0.038425267;
 -0.010644046;
 0.096183121]
Keyframe: 10 Frame: 143 Frame from vFrameID : 144
Tcw:
[0.99986148, 0.0029666056, 0.016379252, 0.038592864;
 -0.0029974631, 0.9999938, 0.0018597136, -0.010896754;
 -0.016373632, -0.0019085521, 0.9998641, 0.10446037;
 0, 0, 0, 1]
Twc:
[0.99986148, -0.0029974631, -0.016373632, -0.036909781;
 0.0029666056, 0.9999938, -0.0019085521, 0.010981563;
 0.016379252, 0.0018597136, 0.9998641, -0.10505804;
 0, 0, 0, 1]
Ow:
[0.038592864;
 -0.010896754;
 0.10446037]
Keyframe: 11 Frame: 146 Frame from vFrameID : 147
Tcw:
[0.9999159, 0.0055733137, 0.011709064, 0.041649234;
 -0.0056466721, 0.99996459, 0.0062414128, -0.010775536;
 -0.011673864, -0.0063070054, 0.99991196, 0.11243767;
 0, 0, 0, 1]
Twc:
[0.9999159, -0.0056466721, -0.011673864, -0.040393997;
 0.0055733137, 0.99996459, -0.0063070054, 0.011252175;
 0.011709064, 0.0062414128, 0.99991196, -0.11284819;
 0, 0, 0, 1]
Ow:
[0.041649234;
 -0.010775536;
 0.11243767]
Keyframe: 12 Frame: 149 Frame from vFrameID : 150
Tcw:
[0.99995852, 0.0078776544, 0.0045716609, 0.045096487;
 -0.0079299835, 0.99990195, 0.011543357, -0.011526885;
 -0.0044802781, -0.011579131, 0.99992293, 0.12164695;
 0, 0, 0, 1]
Twc:
[0.99995852, -0.0079299835, -0.0044802781, -0.04464101;
 0.0078776544, 0.99990195, -0.011579131, 0.012579066;
 0.0045716609, 0.011543357, 0.99992293, -0.12171068;
 0, 0, 0, 1]
Ow:
[0.045096487;
 -0.011526885;
 0.12164695]
Keyframe: 13 Frame: 152 Frame from vFrameID : 153
Tcw:
[0.99991, 0.0095530059, -0.0094211129, 0.052626912;
 -0.0095137097, 0.99994588, 0.004207172, -0.014580668;
 0.0094607938, -0.0041171634, 0.99994677, 0.13388331;
 0, 0, 0, 1]
Twc:
[0.99991, -0.0095137097, 0.0094607938, -0.054027531;
 0.0095530059, 0.99994588, -0.0041171634, 0.014628354;
 -0.0094211129, 0.004207172, 0.99994677, -0.13331904;
 0, 0, 0, 1]
Ow:
[0.052626912;
 -0.014580668;
 0.13388331]
Keyframe: 14 Frame: 155 Frame from vFrameID : 156
Tcw:
[0.99981636, 0.013131659, -0.013956689, 0.057286076;
 -0.01313589, 0.99991369, -0.0002114473, -0.01560664;
 0.013952709, 0.000394742, 0.99990261, 0.13903143;
 0, 0, 0, 1]
Twc:
[0.99981636, -0.01313589, 0.013952709, -0.059420429;
 0.013131659, 0.99991369, 0.000394742, 0.014798149;
 -0.013956689, -0.0002114473, 0.99990261, -0.13822165;
 0, 0, 0, 1]
Ow:
[0.057286076;
 -0.01560664;
 0.13903143]
Keyframe: 15 Frame: 158 Frame from vFrameID : 159
Tcw:
[0.99958593, 0.019728329, -0.020946875, 0.066473;
 -0.019731151, 0.99980533, 7.1971743e-05, -0.017709881;
 0.020944217, 0.00034136401, 0.9997806, 0.15083474;
 0, 0, 0, 1]
Twc:
[0.99958593, -0.019731151, 0.020944217, -0.06995403;
 0.019728329, 0.99980533, 0.00034136401, 0.016343541;
 -0.020946875, 7.1971743e-05, 0.9997806, -0.14940797;
 0, 0, 0, 1]
Ow:
[0.066473;
 -0.017709881;
 0.15083474]
Keyframe: 16 Frame: 161 Frame from vFrameID : 162
Tcw:
[0.99959511, 0.014976629, -0.02419351, 0.070716225;
 -0.014958808, 0.9998877, 0.00091745052, -0.018122233;
 0.024204534, -0.00055517297, 0.99970686, 0.15722665;
 0, 0, 0, 1]
Twc:
[0.99959511, -0.014958808, 0.024204534, -0.074764274;
 0.014976629, 0.9998877, -0.00055517297, 0.017148396;
 -0.02419351, 0.00091745052, 0.99970686, -0.15545307;
 0, 0, 0, 1]
Ow:
[0.070716225;
 -0.018122233;
 0.15722665]
Keyframe: 17 Frame: 165 Frame from vFrameID : 166
Tcw:
[0.99975502, 0.014624327, -0.016612032, 0.075588644;
 -0.014490583, 0.99986184, 0.0081431037, -0.019773006;
 0.016728826, -0.0079003917, 0.99982888, 0.168906;
 0, 0, 0, 1]
Twc:
[0.99975502, -0.014490583, 0.016728826, -0.078682251;
 0.014624327, 0.99986184, -0.0079003917, 0.019999266;
 -0.016612032, 0.0081431037, 0.99982888, -0.1674604;
 0, 0, 0, 1]
Ow:
[0.075588644;
 -0.019773006;
 0.168906]
Keyframe: 18 Frame: 169 Frame from vFrameID : 170
Tcw:
[0.99993569, 0.0098023135, -0.0057015168, 0.079168878;
 -0.0097727086, 0.99993873, 0.0051973574, -0.019877024;
 0.0057521136, -0.0051413039, 0.99997026, 0.18403137;
 0, 0, 0, 1]
Twc:
[0.99993569, -0.0097727086, 0.0057521136, -0.080416605;
 0.0098023135, 0.99993873, -0.0051413039, 0.020045929;
 -0.0057015168, 0.0051973574, 0.99997026, -0.18347119;
 0, 0, 0, 1]
Ow:
[0.079168878;
 -0.019877024;
 0.18403137]
Keyframe: 19 Frame: 173 Frame from vFrameID : 174
Tcw:
[0.99996632, -0.00052273617, 0.0081897508, 0.079176009;
 0.0005428138, 0.99999684, -0.0024495225, -0.019374115;
 -0.0081884451, 0.0024538855, 0.99996346, 0.20124079;
 0, 0, 0, 1]
Twc:
[0.99996632, 0.0005428138, -0.0081884451, -0.077514969;
 -0.00052273617, 0.99999684, 0.0024538855, 0.018921619;
 0.0081897508, -0.0024495225, 0.99996346, -0.20192933;
 0, 0, 0, 1]
Ow:
[0.079176009;
 -0.019374115;
 0.20124079]
Keyframe: 20 Frame: 177 Frame from vFrameID : 178
Tcw:
[0.99977815, -0.0066787205, 0.019976128, 0.078761049;
 0.0067098127, 0.9999764, -0.0014898465, -0.021379463;
 -0.019965706, 0.0016235521, 0.99979937, 0.22289088;
 0, 0, 0, 1]
Twc:
[0.99977815, 0.0067098127, -0.019965706, -0.074149951;
 -0.0066787205, 0.9999764, 0.0016235521, 0.021543106;
 0.019976128, -0.0014898465, 0.99979937, -0.22445135;
 0, 0, 0, 1]
Ow:
[0.078761049;
 -0.021379463;
 0.22289088]
Keyframe: 21 Frame: 181 Frame from vFrameID : 182
Tcw:
[0.9990775, -0.024387365, 0.035347302, 0.078691743;
 0.023602588, 0.99946928, 0.022451682, -0.025594682;
 -0.03587608, -0.021596681, 0.99912286, 0.23991676;
 0, 0, 0, 1]
Twc:
[0.9990775, 0.023602588, -0.03587608, -0.069407776;
 -0.024387365, 0.99946928, -0.021596681, 0.032681588;
 0.035347302, 0.022451682, 0.99912286, -0.24191321;
 0, 0, 0, 1]
Ow:
[0.078691743;
 -0.025594682;
 0.23991676]
Keyframe: 22 Frame: 185 Frame from vFrameID : 186
Tcw:
[0.99929887, -0.018283084, 0.032673232, 0.082580045;
 0.018053329, 0.99981028, 0.0073131518, -0.026225306;
 -0.032800741, -0.0067181638, 0.99943936, 0.2519086;
 0, 0, 0, 1]
Twc:
[0.99929887, 0.018053329, -0.032800741, -0.073785909;
 -0.018283084, 0.99981028, -0.0067181638, 0.029422512;
 0.032673232, 0.0073131518, 0.99943936, -0.25427371;
 0, 0, 0, 1]
Ow:
[0.082580045;
 -0.026225306;
 0.2519086]
Keyframe: 23 Frame: 189 Frame from vFrameID : 190
Tcw:
[0.99940497, -0.0048459256, 0.034149833, 0.08728186;
 0.004263286, 0.99984449, 0.017113477, -0.025960954;
 -0.034227453, -0.016957704, 0.9992702, 0.26499847;
 0, 0, 0, 1]
Twc:
[0.99940497, 0.004263286, -0.034227453, -0.078049019;
 -0.0048459256, 0.99984449, -0.016957704, 0.030873643;
 0.034149833, 0.017113477, 0.9992702, -0.26734146;
 0, 0, 0, 1]
Ow:
[0.08728186;
 -0.025960954;
 0.26499847]
Keyframe: 24 Frame: 193 Frame from vFrameID : 194
Tcw:
[0.99985933, -0.0014090205, 0.016714104, 0.094397843;
 0.0010181636, 0.99972636, 0.023370355, -0.026136369;
 -0.016742459, -0.023350051, 0.99958712, 0.2795206;
 0, 0, 0, 1]
Twc:
[0.99985933, 0.0010181636, -0.016742459, -0.089678086;
 -0.0014090205, 0.99972636, -0.023350051, 0.032789048;
 0.016714104, 0.023370355, 0.99958712, -0.28037217;
 0, 0, 0, 1]
Ow:
[0.094397843;
 -0.026136369;
 0.2795206]
Keyframe: 25 Frame: 198 Frame from vFrameID : 199
Tcw:
[0.99988914, 0.010144092, -0.010902924, 0.10844453;
 -0.0099800313, 0.9998377, 0.014997931, -0.03292571;
 0.011053296, -0.014887457, 0.9998281, 0.29811725;
 0, 0, 0, 1]
Twc:
[0.99988914, -0.0099800313, 0.011053296, -0.11205629;
 0.010144092, 0.9998377, -0.014887457, 0.036258504;
 -0.010902924, 0.014997931, 0.9998281, -0.29638982;
 0, 0, 0, 1]
Ow:
[0.10844453;
 -0.03292571;
 0.29811725]
Keyframe: 26 Frame: 202 Frame from vFrameID : 203
Tcw:
[0.99959224, 0.0125362, -0.025655694, 0.11239646;
 -0.011819419, 0.99954081, 0.027901977, -0.033999264;
 0.025993697, -0.027587365, 0.99928135, 0.31050029;
 0, 0, 0, 1]
Twc:
[0.99959224, -0.011819419, 0.025993697, -0.12082352;
 0.0125362, 0.99954081, -0.027587365, 0.041140512;
 -0.025655694, 0.027901977, 0.99928135, -0.30644491;
 0, 0, 0, 1]
Ow:
[0.11239646;
 -0.033999264;
 0.31050029]
Keyframe: 27 Frame: 207 Frame from vFrameID : 208
Tcw:
[0.99905074, 0.0017944674, -0.043524981, 0.11651202;
 -0.00071363786, 0.99969131, 0.024835235, -0.0363735;
 0.043556109, -0.024780598, 0.99874359, 0.32811034;
 0, 0, 0, 1]
Twc:
[0.99905074, -0.00071363786, 0.043556109, -0.13071857;
 0.0017944674, 0.99969131, -0.024780598, 0.044283967;
 -0.043524981, 0.024835235, 0.99874359, -0.32172358;
 0, 0, 0, 1]
Ow:
[0.11651202;
 -0.0363735;
 0.32811034]
Keyframe: 28 Frame: 212 Frame from vFrameID : 213
Tcw:
[0.99985611, -0.0045521706, -0.016342681, 0.12030161;
 0.0050852085, 0.99945146, 0.032724302, -0.03676483;
 0.016184749, -0.032802697, 0.99933082, 0.34724891;
 0, 0, 0, 1]
Twc:
[0.99985611, 0.0050852085, 0.016184749, -0.12571748;
 -0.0045521706, 0.99945146, -0.032802697, 0.048682999;
 -0.016342681, 0.032724302, 0.99933082, -0.34384736;
 0, 0, 0, 1]
Ow:
[0.12030161;
 -0.03676483;
 0.34724891]
Keyframe: 29 Frame: 217 Frame from vFrameID : 218
Tcw:
[0.9998045, -0.00077283557, 0.019758936, 0.12320326;
 0.00042147515, 0.99984181, 0.017780339, -0.041015681;
 -0.019769551, -0.017768534, 0.99964666, 0.36713529;
 0, 0, 0, 1]
Twc:
[0.9998045, 0.00042147515, -0.019769551, -0.11590379;
 -0.00077283557, 0.99984181, -0.017768534, 0.047627863;
 0.019758936, 0.017780339, 0.99964666, -0.36871064;
 0, 0, 0, 1]
Ow:
[0.12320326;
 -0.041015681;
 0.36713529]
Keyframe: 30 Frame: 222 Frame from vFrameID : 223
Tcw:
[0.99974388, -0.0059820409, 0.021826599, 0.12685257;
 0.0055498448, 0.9997884, 0.019808477, -0.043908078;
 -0.021940475, -0.019682268, 0.99956554, 0.38200983;
 0, 0, 0, 1]
Twc:
[0.99974388, 0.0055498448, -0.021940475, -0.11819492;
 -0.0059820409, 0.9997884, -0.019682268, 0.052176446;
 0.021826599, 0.019808477, 0.99956554, -0.38374284;
 0, 0, 0, 1]
Ow:
[0.12685257;
 -0.043908078;
 0.38200983]
Keyframe: 31 Frame: 227 Frame from vFrameID : 228
Tcw:
[0.99978966, -0.012230248, 0.016464427, 0.13351956;
 0.011853031, 0.99966937, 0.022816917, -0.043680355;
 -0.01673804, -0.022616964, 0.99960411, 0.39591828;
 0, 0, 0, 1]
Twc:
[0.99978966, 0.011853031, -0.01673804, -0.12634684;
 -0.012230248, 0.99966937, -0.022616964, 0.054253362;
 0.016464427, 0.022816917, 0.99960411, -0.39696318;
 0, 0, 0, 1]
Ow:
[0.13351956;
 -0.043680355;
 0.39591828]
Keyframe: 32 Frame: 232 Frame from vFrameID : 233
Tcw:
[0.99999046, 0.00071731512, -0.0043040067, 0.14808604;
 -0.00062518596, 0.99977148, 0.021368742, -0.046279926;
 0.0043183509, -0.021365847, 0.99976242, 0.41227371;
 0, 0, 0, 1]
Twc:
[0.99999046, -0.00062518596, 0.0043183509, -0.14989391;
 0.00071731512, 0.99977148, -0.021365847, 0.054971699;
 -0.0043040067, 0.021368742, 0.99976242, -0.41054943;
 0, 0, 0, 1]
Ow:
[0.14808604;
 -0.046279926;
 0.41227371]
Keyframe: 33 Frame: 238 Frame from vFrameID : 239
Tcw:
[0.99963248, 0.012223569, -0.024197249, 0.16297972;
 -0.011783647, 0.9997642, 0.018240504, -0.049277365;
 0.024414508, -0.017948668, 0.99954081, 0.42559674;
 0, 0, 0, 1]
Twc:
[0.99963248, -0.011783647, 0.024414508, -0.17389122;
 0.012223569, 0.9997642, -0.017948668, 0.054912444;
 -0.024197249, 0.018240504, 0.99954081, -0.42055878;
 0, 0, 0, 1]
Ow:
[0.16297972;
 -0.049277365;
 0.42559674]
Keyframe: 34 Frame: 243 Frame from vFrameID : 244
Tcw:
[0.99947041, 0.015533808, -0.028593535, 0.1691075;
 -0.01497236, 0.99969292, 0.01974595, -0.052500695;
 0.028891483, -0.019307381, 0.99939609, 0.4401761;
 0, 0, 0, 1]
Twc:
[0.99947041, -0.01497236, 0.028891483, -0.18252134;
 0.015533808, 0.99969292, -0.019307381, 0.058356334;
 -0.028593535, 0.01974595, 0.99939609, -0.43403819;
 0, 0, 0, 1]
Ow:
[0.1691075;
 -0.052500695;
 0.4401761]
Keyframe: 35 Frame: 248 Frame from vFrameID : 249
Tcw:
[0.99977762, 0.015376098, -0.014430735, 0.17604935;
 -0.015450869, 0.99986768, -0.0050842483, -0.055992186;
 0.01435065, 0.0053060851, 0.99988294, 0.46032625;
 0, 0, 0, 1]
Twc:
[0.99977762, -0.015450869, 0.01435065, -0.18348132;
 0.015376098, 0.99986768, 0.0053060851, 0.050835297;
 -0.014430735, -0.0050842483, 0.99988294, -0.45801651;
 0, 0, 0, 1]
Ow:
[0.17604935;
 -0.055992186;
 0.46032625]
Keyframe: 36 Frame: 253 Frame from vFrameID : 254
Tcw:
[0.99984998, 0.017309766, 0.00067562319, 0.17553297;
 -0.017304445, 0.99982423, -0.0072156964, -0.056785099;
 -0.0008004065, 0.0072029224, 0.99997371, 0.47964615;
 0, 0, 0, 1]
Twc:
[0.99984998, -0.017304445, -0.0008004065, -0.17610534;
 0.017309766, 0.99982423, 0.0072029224, 0.050281826;
 0.00067562319, -0.0072156964, 0.99997371, -0.48016191;
 0, 0, 0, 1]
Ow:
[0.17553297;
 -0.056785099;
 0.47964615]
Keyframe: 37 Frame: 258 Frame from vFrameID : 259
Tcw:
[0.99990344, -0.00161911, 0.013801443, 0.18125646;
 0.0018433769, 0.99986625, -0.016252322, -0.059469156;
 -0.013773282, 0.016276194, 0.99977267, 0.4956407;
 0, 0, 0, 1]
Twc:
[0.99990344, 0.0018433769, -0.013773282, -0.17430273;
 -0.00161911, 0.99986625, 0.016276194, 0.051687531;
 0.013801443, -0.016252322, 0.99977267, -0.49899611;
 0, 0, 0, 1]
Ow:
[0.18125646;
 -0.059469156;
 0.4956407]
Keyframe: 38 Frame: 263 Frame from vFrameID : 264
Tcw:
[0.99966717, 0.001018797, 0.025777997, 0.19192186;
 -0.0013847435, 0.99989849, 0.014182214, -0.056768335;
 -0.025760932, -0.014213189, 0.99956709, 0.51902431;
 0, 0, 0, 1]
Twc:
[0.99966717, -0.0013847435, -0.025760932, -0.17856604;
 0.001018797, 0.99989849, -0.014213189, 0.063944027;
 0.025777997, 0.014182214, 0.99956709, -0.52294189;
 0, 0, 0, 1]
Ow:
[0.19192186;
 -0.056768335;
 0.51902431]
Keyframe: 39 Frame: 269 Frame from vFrameID : 270
Tcw:
[0.99951005, 0.023891991, -0.020219933, 0.20597731;
 -0.023943337, 0.99971068, -0.0023010322, -0.057494394;
 0.020159107, 0.0027840375, 0.99979293, 0.53428149;
 0, 0, 0, 1]
Twc:
[0.99951005, -0.023943337, 0.020159107, -0.21802363;
 0.023891991, 0.99971068, 0.0027840375, 0.051069092;
 -0.020219933, -0.0023010322, 0.99979293, -0.53013831;
 0, 0, 0, 1]
Ow:
[0.20597731;
 -0.057494394;
 0.53428149]
Keyframe: 40 Frame: 274 Frame from vFrameID : 275
Tcw:
[0.99775779, 0.031799849, -0.0588913, 0.21634234;
 -0.031493414, 0.99948519, 0.0061244844, -0.059384473;
 0.059055742, -0.0042560636, 0.9982456, 0.54957044;
 0, 0, 0, 1]
Twc:
[0.99775779, -0.031493414, 0.059055742, -0.25018275;
 0.031799849, 0.99948519, -0.0042560636, 0.054813251;
 -0.0588913, 0.0061244844, 0.9982456, -0.5355019;
 0, 0, 0, 1]
Ow:
[0.21634234;
 -0.059384473;
 0.54957044]
Keyframe: 41 Frame: 279 Frame from vFrameID : 280
Tcw:
[0.99834168, 0.018357752, -0.054560781, 0.22069743;
 -0.017156493, 0.99960178, 0.022404348, -0.058801867;
 0.054950345, -0.021431122, 0.99825907, 0.56682509;
 0, 0, 0, 1]
Twc:
[0.99834168, -0.017156493, 0.054950345, -0.25248751;
 0.018357752, 0.99960178, -0.021431122, 0.066874638;
 -0.054560781, 0.022404348, 0.99825907, -0.55247945;
 0, 0, 0, 1]
Ow:
[0.22069743;
 -0.058801867;
 0.56682509]
Keyframe: 42 Frame: 284 Frame from vFrameID : 285
Tcw:
[0.99964291, 0.010811103, -0.024436638, 0.21893324;
 -0.010430506, 0.99982315, 0.015648982, -0.061240967;
 0.024601499, -0.015388506, 0.99957889, 0.58681703;
 0, 0, 0, 1]
Twc:
[0.99964291, -0.010430506, 0.024601499, -0.23393042;
 0.010811103, 0.99982315, -0.015388506, 0.067893468;
 -0.024436638, 0.015648982, 0.99957889, -0.58026159;
 0, 0, 0, 1]
Ow:
[0.21893324;
 -0.061240967;
 0.58681703]
Keyframe: 43 Frame: 289 Frame from vFrameID : 290
Tcw:
[0.9999795, -0.00074140582, -0.0063624205, 0.2185443;
 0.00076476723, 0.99999297, 0.0036701311, -0.06600637;
 0.0063596549, -0.0036749216, 0.999973, 0.60552776;
 0, 0, 0, 1]
Twc:
[0.9999795, 0.00076476723, 0.0063596549, -0.22234029;
 -0.00074140582, 0.99999297, -0.0036749216, 0.068393208;
 -0.0063624205, 0.0036701311, 0.999973, -0.60387874;
 0, 0, 0, 1]
Ow:
[0.2185443;
 -0.06600637;
 0.60552776]
Keyframe: 44 Frame: 294 Frame from vFrameID : 295
Tcw:
[0.99992275, 0.0024604017, 0.012183852, 0.22190841;
 -0.0025233992, 0.99998349, 0.0051579084, -0.066314049;
 -0.012170961, -0.0051882546, 0.9999125, 0.61722785;
 0, 0, 0, 1]
Twc:
[0.99992275, -0.0025233992, -0.012170961, -0.21454634;
 0.0024604017, 0.99998349, -0.0051882546, 0.068969309;
 0.012183852, 0.0051579084, 0.9999125, -0.61953545;
 0, 0, 0, 1]
Ow:
[0.22190841;
 -0.066314049;
 0.61722785]
Keyframe: 45 Frame: 299 Frame from vFrameID : 300
Tcw:
[0.99996316, 0.0081509557, 0.0026867448, 0.22507705;
 -0.0081630088, 0.99995655, 0.0045060352, -0.068613373;
 -0.0026498996, -0.0045278012, 0.99998623, 0.63194048;
 0, 0, 0, 1]
Twc:
[0.99996316, -0.0081630088, -0.0026498996, -0.22395429;
 0.0081509557, 0.99995655, -0.0045278012, 0.069637097;
 0.0026867448, 0.0045060352, 0.99998623, -0.63222736;
 0, 0, 0, 1]
Ow:
[0.22507705;
 -0.068613373;
 0.63194048]
Keyframe: 46 Frame: 304 Frame from vFrameID : 305
Tcw:
[0.99909693, 0.023253728, -0.035561148, 0.23726507;
 -0.023767075, 0.99961835, -0.014081635, -0.06892395;
 0.035220124, 0.014914102, 0.99926829, 0.64302927;
 0, 0, 0, 1]
Twc:
[0.99909693, -0.023767075, 0.035220124, -0.26133651;
 0.023253728, 0.99961835, 0.014914102, 0.053790145;
 -0.035561148, -0.014081635, 0.99926829, -0.6350919;
 0, 0, 0, 1]
Ow:
[0.23726507;
 -0.06892395;
 0.64302927]
Keyframe: 47 Frame: 309 Frame from vFrameID : 310
Tcw:
[0.99729609, 0.039693754, -0.061845481, 0.24600109;
 -0.038967129, 0.99915707, 0.012911693, -0.068669163;
 0.062305864, -0.01046684, 0.99800223, 0.65918297;
 0, 0, 0, 1]
Twc:
[0.99729609, -0.038967129, 0.062305864, -0.28908274;
 0.039693754, 0.99915707, -0.01046684, 0.065746129;
 -0.061845481, 0.012911693, 0.99800223, -0.64176536;
 0, 0, 0, 1]
Ow:
[0.24600109;
 -0.068669163;
 0.65918297]
Keyframe: 48 Frame: 314 Frame from vFrameID : 315
Tcw:
[0.99757433, 0.034800608, -0.060286142, 0.24718733;
 -0.032848891, 0.99891311, 0.033068579, -0.067692988;
 0.061371423, -0.031008031, 0.99763322, 0.67752057;
 0, 0, 0, 1]
Twc:
[0.99757433, -0.032848891, 0.061371423, -0.29039177;
 0.034800608, 0.99891311, -0.031008031, 0.080025725;
 -0.060286142, 0.033068579, 0.99763322, -0.65877658;
 0, 0, 0, 1]
Ow:
[0.24718733;
 -0.067692988;
 0.67752057]
Keyframe: 49 Frame: 319 Frame from vFrameID : 320
Tcw:
[0.99961519, 0.023363294, -0.01495557, 0.24906161;
 -0.022805739, 0.99907613, 0.03642441, -0.067821592;
 0.015792748, -0.036069319, 0.99922448, 0.6995405;
 0, 0, 0, 1]
Twc:
[0.99961519, -0.022805739, 0.015792748, -0.26156014;
 0.023363294, 0.99907613, -0.036069319, 0.087171987;
 -0.01495557, 0.03642441, 0.99922448, -0.69280279;
 0, 0, 0, 1]
Ow:
[0.24906161;
 -0.067821592;
 0.6995405]
Keyframe: 50 Frame: 324 Frame from vFrameID : 325
Tcw:
[0.99999011, 0.0010735194, 0.0043200809, 0.24628301;
 -0.0012502962, 0.99915314, 0.041127384, -0.070838176;
 -0.0042722714, -0.041132376, 0.99914455, 0.72203642;
 0, 0, 0, 1]
Twc:
[0.99999011, -0.0012502962, -0.0042722714, -0.24328442;
 0.0010735194, 0.99915314, -0.041132376, 0.10021287;
 0.0043200809, 0.041127384, 0.99914455, -0.71956933;
 0, 0, 0, 1]
Ow:
[0.24628301;
 -0.070838176;
 0.72203642]
Keyframe: 51 Frame: 330 Frame from vFrameID : 331
Tcw:
[0.99980623, 0.0063140672, 0.018644407, 0.25292185;
 -0.0067443396, 0.99971026, 0.023105852, -0.073091805;
 -0.018493114, -0.02322712, 0.99955916, 0.73706174;
 0, 0, 0, 1]
Twc:
[0.99980623, -0.0067443396, -0.018493114, -0.23973526;
 0.0063140672, 0.99971026, -0.02322712, 0.088593483;
 0.018644407, 0.023105852, 0.99955916, -0.7397635;
 0, 0, 0, 1]
Ow:
[0.25292185;
 -0.073091805;
 0.73706174]
Keyframe: 52 Frame: 335 Frame from vFrameID : 336
Tcw:
[0.99987078, 0.01587286, 0.0025501214, 0.25900665;
 -0.015920602, 0.99967438, 0.019940946, -0.075168028;
 -0.0022327711, -0.019978968, 0.99979788, 0.74757475;
 0, 0, 0, 1]
Twc:
[0.99987078, -0.015920602, -0.0022327711, -0.25850073;
 0.01587286, 0.99967438, -0.019978968, 0.085968152;
 0.0025501214, 0.019940946, 0.99979788, -0.74658531;
 0, 0, 0, 1]
Ow:
[0.25900665;
 -0.075168028;
 0.74757475]
Keyframe: 53 Frame: 340 Frame from vFrameID : 341
Tcw:
[0.99921405, 0.033175953, -0.021694899, 0.27204958;
 -0.0331432, 0.9994489, 0.0018675722, -0.076927334;
 0.021744899, -0.001147066, 0.99976289, 0.75439477;
 0, 0, 0, 1]
Twc:
[0.99921405, -0.0331432, 0.021744899, -0.2907896;
 0.033175953, 0.9994489, -0.001147066, 0.068724766;
 -0.021694899, 0.0018675722, 0.99976289, -0.74817014;
 0, 0, 0, 1]
Ow:
[0.27204958;
 -0.076927334;
 0.75439477]
Keyframe: 54 Frame: 345 Frame from vFrameID : 346
Tcw:
[0.99818987, 0.040087976, -0.044832181, 0.27905804;
 -0.039641015, 0.99915546, 0.010815044, -0.079384208;
 0.04522787, -0.009018274, 0.998936, 0.76082337;
 0, 0, 0, 1]
Twc:
[0.99818987, -0.039641015, 0.04522787, -0.31611019;
 0.040087976, 0.99915546, -0.009018274, 0.074991599;
 -0.044832181, 0.010815044, 0.998936, -0.7466445;
 0, 0, 0, 1]
Ow:
[0.27905804;
 -0.079384208;
 0.76082337]
Keyframe: 55 Frame: 349 Frame from vFrameID : 350
Tcw:
[0.99758995, 0.044797055, -0.052986417, 0.28380269;
 -0.044729665, 0.99899608, 0.0024576385, -0.085785761;
 0.053043317, -8.1650804e-05, 0.9985922, 0.76995647;
 0, 0, 0, 1]
Twc:
[0.99758995, -0.044729665, 0.053043317, -0.32779691;
 0.044797055, 0.99899608, -8.1650804e-05, 0.073048986;
 -0.052986417, 0.0024576385, 0.9985922, -0.75362402;
 0, 0, 0, 1]
Ow:
[0.28380269;
 -0.085785761;
 0.76995647]
Keyframe: 56 Frame: 353 Frame from vFrameID : 354
Tcw:
[0.99742371, 0.038641173, -0.060438089, 0.28405115;
 -0.0396902, 0.99907982, -0.016253471, -0.082807735;
 0.059754424, 0.018610397, 0.9980396, 0.77734387;
 0, 0, 0, 1]
Twc:
[0.99742371, -0.0396902, 0.059754424, -0.33305576;
 0.038641173, 0.99907982, 0.018610397, 0.057288792;
 -0.060438089, -0.016253471, 0.9980396, -0.75999838;
 0, 0, 0, 1]
Ow:
[0.28405115;
 -0.082807735;
 0.77734387]
Keyframe: 57 Frame: 357 Frame from vFrameID : 358
Tcw:
[0.99841362, 0.037782807, -0.041745652, 0.2851229;
 -0.03829848, 0.99919873, -0.011622568, -0.084483877;
 0.041273069, 0.013202924, 0.99906069, 0.79407501;
 0, 0, 0, 1]
Twc:
[0.99841362, -0.03829848, 0.041273069, -0.32068011;
 0.037782807, 0.99919873, 0.013202924, 0.063159332;
 -0.041745652, -0.011622568, 0.99906069, -0.78240836;
 0, 0, 0, 1]
Ow:
[0.2851229;
 -0.084483877;
 0.79407501]
Keyframe: 58 Frame: 361 Frame from vFrameID : 362
Tcw:
[0.99859166, 0.040821228, -0.03388628, 0.28341162;
 -0.041512262, 0.99893886, -0.01994572, -0.085389301;
 0.033036113, 0.021324327, 0.99922663, 0.81054938;
 0, 0, 0, 1]
Twc:
[0.99859166, -0.041512262, 0.033036113, -0.31333461;
 0.040821228, 0.99893886, 0.021324327, 0.056445062;
 -0.03388628, -0.01994572, 0.99922663, -0.80202192;
 0, 0, 0, 1]
Ow:
[0.28341162;
 -0.085389301;
 0.81054938]
Keyframe: 59 Frame: 367 Frame from vFrameID : 368
Tcw:
[0.99994111, 0.010167772, -0.0037975386, 0.2805438;
 -0.010186162, 0.99993634, -0.0048550074, -0.085349098;
 0.0037479321, 0.0048934035, 0.99998099, 0.83212966;
 0, 0, 0, 1]
Twc:
[0.99994111, -0.010186162, 0.0037479321, -0.28451544;
 0.010167772, 0.99993634, 0.0048934035, 0.078419209;
 -0.0037975386, -0.0048550074, 0.99998099, -0.83146286;
 0, 0, 0, 1]
Ow:
[0.2805438;
 -0.085349098;
 0.83212966]
Keyframe: 60 Frame: 371 Frame from vFrameID : 372
Tcw:
[0.99974215, 0.0092690522, 0.02073079, 0.28246439;
 -0.0096699242, 0.99976659, 0.019321136, -0.085829459;
 -0.020546863, -0.019516619, 0.99959838, 0.84273756;
 0, 0, 0, 1]
Twc:
[0.99974215, -0.0096699242, -0.020546863, -0.26590589;
 0.0092690522, 0.99976659, -0.019516619, 0.099638626;
 0.02073079, 0.019321136, 0.99959838, -0.84659648;
 0, 0, 0, 1]
Ow:
[0.28246439;
 -0.085829459;
 0.84273756]
Keyframe: 61 Frame: 375 Frame from vFrameID : 376
Tcw:
[0.99985301, 0.0035891184, 0.016763411, 0.28192386;
 -0.0040214481, 0.99965829, 0.025827976, -0.085474342;
 -0.016664984, -0.025891593, 0.99952585, 0.85365897;
 0, 0, 0, 1]
Twc:
[0.99985301, -0.0040214481, -0.016664984, -0.26799995;
 0.0035891184, 0.99965829, -0.025891593, 0.10653587;
 0.016763411, 0.025827976, 0.99952585, -0.85577261;
 0, 0, 0, 1]
Ow:
[0.28192386;
 -0.085474342;
 0.85365897]
Keyframe: 62 Frame: 379 Frame from vFrameID : 380
Tcw:
[0.99995816, 0.0089305369, 0.0019808139, 0.29120648;
 -0.0089596165, 0.99984443, 0.015192748, -0.088220716;
 -0.0018448263, -0.01520986, 0.99988264, 0.86294919;
 0, 0, 0, 1]
Twc:
[0.99995816, -0.0089596165, -0.0018448263, -0.29039273;
 0.0089305369, 0.99984443, -0.01520986, 0.098731697;
 0.0019808139, 0.015192748, 0.99988264, -0.86208439;
 0, 0, 0, 1]
Ow:
[0.29120648;
 -0.088220716;
 0.86294919]
Keyframe: 63 Frame: 383 Frame from vFrameID : 384
Tcw:
[0.99944419, 0.031912904, 0.009639726, 0.30451357;
 -0.031813905, 0.99944121, -0.010254499, -0.08946389;
 -0.0099615902, 0.0099421209, 0.99990094, 0.87025023;
 0, 0, 0, 1]
Twc:
[0.99944419, -0.031813905, -0.0099615902, -0.2985214;
 0.031912904, 0.99944121, 0.0099421209, 0.071043856;
 0.009639726, -0.010254499, 0.99990094, -0.87401688;
 0, 0, 0, 1]
Ow:
[0.30451357;
 -0.08946389;
 0.87025023]
Keyframe: 64 Frame: 389 Frame from vFrameID : 390
Tcw:
[0.9989956, 0.041531991, -0.016818503, 0.31159851;
 -0.041834358, 0.99896163, -0.018044157, -0.095066801;
 0.016051628, 0.018729625, 0.99969572, 0.88111722;
 0, 0, 0, 1]
Twc:
[0.9989956, -0.041834358, 0.016051628, -0.32940599;
 0.041531991, 0.99896163, 0.018729625, 0.065523781;
 -0.016818503, -0.018044157, 0.99969572, -0.87732393;
 0, 0, 0, 1]
Ow:
[0.31159851;
 -0.095066801;
 0.88111722]
Keyframe: 65 Frame: 393 Frame from vFrameID : 394
Tcw:
[0.99915838, 0.034588538, -0.022050379, 0.31422427;
 -0.035284974, 0.99886423, -0.032018609, -0.095507413;
 0.020917857, 0.032769706, 0.99924403, 0.88894278;
 0, 0, 0, 1]
Twc:
[0.99915838, -0.035284974, 0.020917857, -0.33592457;
 0.034588538, 0.99886423, 0.032769706, 0.055399988;
 -0.022050379, -0.032018609, 0.99924403, -0.88440001;
 0, 0, 0, 1]
Ow:
[0.31422427;
 -0.095507413;
 0.88894278]
Keyframe: 66 Frame: 397 Frame from vFrameID : 398
Tcw:
[0.99955058, 0.025227364, -0.016192269, 0.31688067;
 -0.025750889, 0.99912417, -0.032981597, -0.095736749;
 0.015346047, 0.033383742, 0.9993248, 0.8987028;
 0, 0, 0, 1]
Twc:
[0.99955058, -0.025750889, 0.015346047, -0.33299512;
 0.025227364, 0.99912417, 0.033383742, 0.057656776;
 -0.016192269, -0.032981597, 0.9993248, -0.89612252;
 0, 0, 0, 1]
Ow:
[0.31688067;
 -0.095736749;
 0.8987028]
Keyframe: 67 Frame: 401 Frame from vFrameID : 402
Tcw:
[0.9994849, 0.030101988, 0.011126701, 0.31741515;
 -0.029727638, 0.99903268, -0.032403592, -0.097082362;
 -0.01209135, 0.03205613, 0.99941295, 0.9156962;
 0, 0, 0, 1]
Twc:
[0.9994849, -0.029727638, -0.01209135, -0.30906567;
 0.030101988, 0.99903268, 0.03205613, 0.058079951;
 0.011126701, -0.032403592, 0.99941295, -0.9218362;
 0, 0, 0, 1]
Ow:
[0.31741515;
 -0.097082362;
 0.9156962]
Keyframe: 68 Frame: 406 Frame from vFrameID : 407
Tcw:
[0.99976593, 0.0087629287, 0.019779608, 0.31845188;
 -0.0078730443, 0.99897265, -0.044628002, -0.098053463;
 -0.02015036, 0.044461831, 0.99880785, 0.92760646;
 0, 0, 0, 1]
Twc:
[0.99976593, -0.0078730443, -0.02015036, -0.30045775;
 0.0087629287, 0.99897265, 0.044461831, 0.053919073;
 0.019779608, -0.044628002, 0.99880785, -0.93717539;
 0, 0, 0, 1]
Ow:
[0.31845188;
 -0.098053463;
 0.92760646]
Keyframe: 69 Frame: 412 Frame from vFrameID : 413
Tcw:
[0.99987233, 0.0030668362, 0.015680641, 0.32151046;
 -0.0025360924, 0.9994269, -0.033755627, -0.098027006;
 -0.015775178, 0.033711549, 0.9993071, 0.94288802;
 0, 0, 0, 1]
Twc:
[0.99987233, -0.0025360924, -0.015775178, -0.30684382;
 0.0030668362, 0.9994269, 0.033711549, 0.065198585;
 0.015680641, -0.033755627, 0.9993071, -0.95058519;
 0, 0, 0, 1]
Ow:
[0.32151046;
 -0.098027006;
 0.94288802]
Keyframe: 70 Frame: 418 Frame from vFrameID : 419
Tcw:
[0.99986476, 0.0063146339, -0.015185625, 0.332311;
 -0.0066835629, 0.9996807, -0.024367841, -0.098728545;
 0.015026903, 0.02446604, 0.99958771, 0.96213818;
 0, 0, 0, 1]
Twc:
[0.99986476, -0.0066835629, 0.015026903, -0.34738386;
 0.0063146339, 0.9996807, 0.02446604, 0.073058888;
 -0.015185625, -0.024367841, 0.99958771, -0.95910096;
 0, 0, 0, 1]
Ow:
[0.332311;
 -0.098728545;
 0.96213818]
Keyframe: 71 Frame: 422 Frame from vFrameID : 423
Tcw:
[0.99910724, 0.021204023, -0.036538426, 0.34397376;
 -0.02233791, 0.99927258, -0.030909149, -0.10053442;
 0.035856448, 0.031697746, 0.9988541, 0.97215343;
 0, 0, 0, 1]
Twc:
[0.99910724, -0.02233791, 0.035856448, -0.38077039;
 0.021204023, 0.99927258, 0.031697746, 0.062352579;
 -0.036538426, -0.030909149, 0.9988541, -0.96157867;
 0, 0, 0, 1]
Ow:
[0.34397376;
 -0.10053442;
 0.97215343]
Keyframe: 72 Frame: 427 Frame from vFrameID : 428
Tcw:
[0.9983716, 0.01950421, -0.053607583, 0.34889442;
 -0.0203517, 0.99967569, -0.015308952, -0.10295309;
 0.053291608, 0.016375028, 0.99844474, 0.98380041;
 0, 0, 0, 1]
Twc:
[0.9983716, -0.0203517, 0.053291608, -0.40284985;
 0.01950421, 0.99967569, 0.016375028, 0.080005027;
 -0.053607583, -0.015308952, 0.99844474, -0.96514302;
 0, 0, 0, 1]
Ow:
[0.34889442;
 -0.10295309;
 0.98380041]
Keyframe: 73 Frame: 432 Frame from vFrameID : 433
Tcw:
[0.99840391, 0.018735657, -0.053278405, 0.35336733;
 -0.019735301, 0.99963778, -0.018298788, -0.10289345;
 0.052916266, 0.019321047, 0.99841201, 0.99984634;
 0, 0, 0, 1]
Twc:
[0.99840391, -0.019735301, 0.052916266, -0.40774208;
 0.018735657, 0.99963778, 0.019321047, 0.076917529;
 -0.053278405, -0.018298788, 0.99841201, -0.9813146;
 0, 0, 0, 1]
Ow:
[0.35336733;
 -0.10289345;
 0.99984634]
Keyframe: 74 Frame: 437 Frame from vFrameID : 438
Tcw:
[0.99928111, 0.020054063, -0.032172453, 0.35594568;
 -0.021347348, 0.99895668, -0.040371906, -0.10442212;
 0.031329263, 0.041029681, 0.99866664, 1.0210203;
 0, 0, 0, 1]
Twc:
[0.99928111, -0.021347348, 0.031329263, -0.38990673;
 0.020054063, 0.99895668, 0.041029681, 0.05528288;
 -0.032172453, -0.040371906, 0.99866664, -1.0124229;
 0, 0, 0, 1]
Ow:
[0.35594568;
 -0.10442212;
 1.0210203]
Keyframe: 75 Frame: 442 Frame from vFrameID : 443
Tcw:
[0.99983436, 0.0046694903, -0.017591698, 0.35399693;
 -0.0054697264, 0.99893934, -0.045719445, -0.10621867;
 0.017359553, 0.045808092, 0.99879938, 1.0359703;
 0, 0, 0, 1]
Twc:
[0.99983436, -0.0054697264, 0.017359553, -0.37250322;
 0.0046694903, 0.99893934, 0.045808092, 0.056997202;
 -0.017591698, -0.045719445, 0.99879938, -1.0333554;
 0, 0, 0, 1]
Ow:
[0.35399693;
 -0.10621867;
 1.0359703]
Keyframe: 76 Frame: 447 Frame from vFrameID : 448
Tcw:
[0.99996638, 0.008006244, -0.0017616645, 0.35409617;
 -0.0080789942, 0.99890286, -0.04612875, -0.10671958;
 0.0013904137, 0.046141431, 0.99893397, 1.0487756;
 0, 0, 0, 1]
Twc:
[0.99996638, -0.0080789942, 0.0013904137, -0.35640469;
 0.008006244, 0.99890286, 0.046141431, 0.055375502;
 -0.0017616645, -0.04612875, 0.99893397, -1.0519565;
 0, 0, 0, 1]
Ow:
[0.35409617;
 -0.10671958;
 1.0487756]
Keyframe: 77 Frame: 452 Frame from vFrameID : 453
Tcw:
[0.99997807, 0.0064060814, -0.0016686461, 0.3587386;
 -0.0064739916, 0.99898863, -0.044495579, -0.10690825;
 0.0013819162, 0.044505406, 0.99900818, 1.0648905;
 0, 0, 0, 1]
Twc:
[0.99997807, -0.0064739916, 0.0013819162, -0.36089447;
 0.0064060814, 0.99898863, 0.044505406, 0.057108618;
 -0.0016686461, -0.044495579, 0.99900818, -1.0679927;
 0, 0, 0, 1]
Ow:
[0.3587386;
 -0.10690825;
 1.0648905]
Keyframe: 78 Frame: 457 Frame from vFrameID : 458
Tcw:
[0.99992096, 0.011066308, -0.0059674666, 0.36937177;
 -0.011365225, 0.9985494, -0.052630622, -0.10844128;
 0.0053763832, 0.052694283, 0.99859619, 1.0804776;
 0, 0, 0, 1]
Twc:
[0.99992096, -0.011365225, 0.0053763832, -0.37638408;
 0.011066308, 0.9985494, 0.052694283, 0.047261395;
 -0.0059674666, -0.052630622, 0.99859619, -1.082464;
 0, 0, 0, 1]
Ow:
[0.36937177;
 -0.10844128;
 1.0804776]
Keyframe: 79 Frame: 463 Frame from vFrameID : 464
Tcw:
[0.99924856, 0.025066381, -0.029562892, 0.38637602;
 -0.02685765, 0.99772477, -0.061838314, -0.11361973;
 0.027945567, 0.062585838, 0.99764824, 1.0949612;
 0, 0, 0, 1]
Twc:
[0.99924856, -0.02685765, 0.027945567, -0.41973656;
 0.025066381, 0.99772477, 0.062585838, 0.035147104;
 -0.029562892, -0.061838314, 0.99764824, -1.0879898;
 0, 0, 0, 1]
Ow:
[0.38637602;
 -0.11361973;
 1.0949612]
Keyframe: 80 Frame: 468 Frame from vFrameID : 469
Tcw:
[0.99910104, 0.02743954, -0.032313198, 0.39337921;
 -0.029466333, 0.99751383, -0.06401483, -0.11429887;
 0.030476324, 0.064909436, 0.99742568, 1.1070747;
 0, 0, 0, 1]
Twc:
[0.99910104, -0.029466333, 0.030476324, -0.43013316;
 0.02743954, 0.99751383, 0.064909436, 0.031360954;
 -0.032313198, -0.06401483, 0.99742568, -1.0988302;
 0, 0, 0, 1]
Ow:
[0.39337921;
 -0.11429887;
 1.1070747]
Keyframe: 81 Frame: 474 Frame from vFrameID : 475
Tcw:
[0.99935204, 0.030625181, -0.018910922, 0.40054789;
 -0.031603716, 0.99805045, -0.053818766, -0.11858843;
 0.017225845, 0.054381546, 0.99837166, 1.1279209;
 0, 0, 0, 1]
Twc:
[0.99935204, -0.031603716, 0.017225845, -0.42346558;
 0.030625181, 0.99805045, 0.054381546, 0.044752304;
 -0.018910922, -0.053818766, 0.99837166, -1.1248916;
 0, 0, 0, 1]
Ow:
[0.40054789;
 -0.11858843;
 1.1279209]
Keyframe: 82 Frame: 480 Frame from vFrameID : 481
Tcw:
[0.99973249, 0.021463079, -0.0086154891, 0.40298456;
 -0.022048183, 0.99695343, -0.074818023, -0.11913949;
 0.0069834162, 0.074987963, 0.99715996, 1.1491307;
 0, 0, 0, 1]
Twc:
[0.99973249, -0.022048183, 0.0069834162, -0.41352844;
 0.021463079, 0.99695343, 0.074987963, 0.023956249;
 -0.0086154891, -0.074818023, 0.99715996, -1.1513091;
 0, 0, 0, 1]
Ow:
[0.40298456;
 -0.11913949;
 1.1491307]
Keyframe: 83 Frame: 486 Frame from vFrameID : 487
Tcw:
[0.99991363, 0.0072689005, 0.010946953, 0.40556794;
 -0.00658172, 0.99808216, -0.061552159, -0.12005856;
 -0.011373376, 0.061474793, 0.99804384, 1.1706671;
 0, 0, 0, 1]
Twc:
[0.99991363, -0.00658172, -0.011373376, -0.39300871;
 0.0072689005, 0.99808216, 0.061474793, 0.04491375;
 0.010946953, -0.061552159, 0.99804384, -1.1802067;
 0, 0, 0, 1]
Ow:
[0.40556794;
 -0.12005856;
 1.1706671]
Keyframe: 84 Frame: 491 Frame from vFrameID : 492
Tcw:
[0.99991143, 0.0099575426, 0.008833766, 0.41114798;
 -0.0094166091, 0.99819607, -0.059295788, -0.12065983;
 -0.0094082709, 0.05920735, 0.99820137, 1.1855642;
 0, 0, 0, 1]
Twc:
[0.99991143, -0.0094166091, -0.0094082709, -0.40109363;
 0.0099575426, 0.99819607, 0.05920735, 0.04615403;
 0.008833766, -0.059295788, 0.99820137, -1.1942183;
 0, 0, 0, 1]
Ow:
[0.41114798;
 -0.12065983;
 1.1855642]
Keyframe: 85 Frame: 496 Frame from vFrameID : 497
Tcw:
[0.99992007, 0.011967533, -0.004073374, 0.41890281;
 -0.012207157, 0.99780899, -0.065024503, -0.12233902;
 0.0032862662, 0.065069035, 0.99787533, 1.2011977;
 0, 0, 0, 1]
Twc:
[0.99992007, -0.012207157, 0.0032862662, -0.42431024;
 0.011967533, 0.99780899, 0.065069035, 0.038896967;
 -0.004073374, -0.065024503, 0.99787533, -1.2048943;
 0, 0, 0, 1]
Ow:
[0.41890281;
 -0.12233902;
 1.2011977]
Keyframe: 86 Frame: 501 Frame from vFrameID : 502
Tcw:
[0.9994601, 0.024244294, -0.022175334, 0.42842162;
 -0.025920331, 0.99656045, -0.078710534, -0.12526159;
 0.020190779, 0.079242826, 0.99665087, 1.2133322;
 0, 0, 0, 1]
Twc:
[0.9994601, -0.025920331, 0.020190779, -0.45593527;
 0.024244294, 0.99656045, 0.079242826, 0.018296098;
 -0.022175334, -0.078710534, 0.99665087, -1.2096275;
 0, 0, 0, 1]
Ow:
[0.42842162;
 -0.12526159;
 1.2133322]
Keyframe: 87 Frame: 506 Frame from vFrameID : 507
Tcw:
[0.99923044, 0.028134352, -0.027331106, 0.43304303;
 -0.030161388, 0.99658799, -0.076828964, -0.12546648;
 0.025076319, 0.077594183, 0.99666959, 1.2286272;
 0, 0, 0, 1]
Twc:
[0.99923044, -0.030161388, 0.025076319, -0.46730348;
 0.028134352, 0.99658799, 0.077594183, 0.01752067;
 -0.027331106, -0.076828964, 0.99666959, -1.2223394;
 0, 0, 0, 1]
Ow:
[0.43304303;
 -0.12546648;
 1.2286272]
Keyframe: 88 Frame: 511 Frame from vFrameID : 512
Tcw:
[0.99935782, 0.027741713, -0.022678992, 0.43330866;
 -0.029599657, 0.99584031, -0.086173691, -0.12833409;
 0.020194048, 0.086789645, 0.99602199, 1.2469761;
 0, 0, 0, 1]
Twc:
[0.99935782, -0.029599657, 0.020194048, -0.46201053;
 0.027741713, 0.99584031, 0.086789645, 0.0075549232;
 -0.022678992, -0.086173691, 0.99602199, -1.2432476;
 0, 0, 0, 1]
Ow:
[0.43330866;
 -0.12833409;
 1.2469761]
Keyframe: 89 Frame: 516 Frame from vFrameID : 517
Tcw:
[0.9998976, 0.01165882, -0.008294981, 0.42953834;
 -0.012450385, 0.99462056, -0.10283424, -0.12761161;
 0.0070514334, 0.10292698, 0.99466389, 1.2625986;
 0, 0, 0, 1]
Twc:
