Keyframe: 0 Frame: 0 Frame from vFrameID : 52
Tcw:
[1, 0, 0, 0;
 0, 1, 0, 0;
 0, 0, 1, 0;
 0, 0, 0, 1]
Twc:
[1, 0, 0, 0;
 0, 1, 0, 0;
 0, 0, 1, 0;
 0, 0, 0, 1]
Ow:
[0;
 0;
 0]
Keyframe: 1 Frame: 51 Frame from vFrameID : 52
Tcw:
[0.99965096, -0.00013982244, 0.026417879, -0.020262601;
 0.00024033866, 0.99999273, -0.0038017191, 0.0033467025;
 -0.026417157, 0.0038067414, 0.99964374, -0.00047591201;
 0, 0, 0, 1]
Twc:
[0.99965096, 0.00024033866, -0.026417157, 0.020242153;
 -0.00013982244, 0.99999273, 0.0038067414, -0.0033477;
 0.026417879, -0.0038017191, 0.99964374, 0.0010237606;
 0, 0, 0, 1]
Ow:
[-0.020262601;
 0.0033467025;
 -0.00047591201]
Keyframe: 2 Frame: 52 Frame from vFrameID : 53
Tcw:
[0.99976081, -0.0020641205, 0.021772174, -0.020341707;
 0.0021148715, 0.99999511, -0.002308235, 0.0035256895;
 -0.021767303, 0.0023537283, 0.99976027, -0.0010888781;
 0, 0, 0, 1]
Twc:
[0.99976081, 0.0021148715, -0.021767303, 0.020305684;
 -0.0020641205, 0.99999511, 0.0023537283, -0.003565097;
 0.021772174, -0.002308235, 0.99976027, 0.0015396385;
 0, 0, 0, 1]
Ow:
[-0.020341707;
 0.0035256895;
 -0.0010888781]
Keyframe: 3 Frame: 53 Frame from vFrameID : 54
Tcw:
[0.99981093, -0.0020610609, 0.01933459, -0.020577032;
 0.0020805083, 0.99999738, -0.00098577898, 0.0040878947;
 -0.019332508, 0.0010258184, 0.9998126, -0.0017232416;
 0, 0, 0, 1]
Twc:
[0.99981093, 0.0020805083, -0.019332508, 0.020531323;
 -0.0020610609, 0.99999738, 0.0010258184, -0.0041285264;
 0.01933459, -0.00098577898, 0.9998126, 0.0021247969;
 0, 0, 0, 1]
Ow:
[-0.020577032;
 0.0040878947;
 -0.0017232416]
Keyframe: 4 Frame: 54 Frame from vFrameID : 55
Tcw:
[0.9998526, -0.0029555934, 0.016913116, -0.020336336;
 0.0029324419, 0.99999475, 0.0013934799, 0.0045670536;
 -0.016917145, -0.0013436778, 0.999856, -0.0024679243;
 0, 0, 0, 1]
Twc:
[0.9998526, 0.0029324419, -0.016917145, 0.020278197;
 -0.0029555934, 0.99999475, -0.0013436778, -0.0046304511;
 0.016913116, 0.0013934799, 0.999856, 0.0028051555;
 0, 0, 0, 1]
Ow:
[-0.020336336;
 0.0045670536;
 -0.0024679243]
Keyframe: 5 Frame: 55 Frame from vFrameID : 56
Tcw:
[0.9998576, -0.0023300338, 0.016713383, -0.020747885;
 0.0022574766, 0.99998796, 0.0043588122, 0.0044136299;
 -0.016723339, -0.0043204618, 0.99985081, -0.0034764742;
 0, 0, 0, 1]
Twc:
[0.9998576, 0.0022574766, -0.016723339, 0.020676831;
 -0.0023300338, 0.99998796, -0.0043204618, -0.0044769398;
 0.016713383, 0.0043588122, 0.99985081, 0.0038034848;
 0, 0, 0, 1]
Ow:
[-0.020747885;
 0.0044136299;
 -0.0034764742]
Keyframe: 6 Frame: 56 Frame from vFrameID : 57
Tcw:
[0.99985546, -0.0027648937, 0.016775269, -0.02056599;
 0.0026565513, 0.9999755, 0.0064773047, 0.0046731685;
 -0.016792767, -0.0064318045, 0.99983829, -0.0041352175;
 0, 0, 0, 1]
Twc:
[0.99985546, 0.0026565513, -0.016792767, 0.02048116;
 -0.0027648937, 0.9999755, -0.0064318045, -0.0047565135;
 0.016775269, 0.0064773047, 0.99983829, 0.0044492795;
 0, 0, 0, 1]
Ow:
[-0.02056599;
 0.0046731685;
 -0.0041352175]
Keyframe: 7 Frame: 58 Frame from vFrameID : 59
Tcw:
[0.99983448, 0.00042888842, 0.018188143, -0.022076203;
 -0.00046087865, 0.99999833, 0.0017546955, 0.006022112;
 -0.018187361, -0.0017627877, 0.99983305, -0.0061476249;
 0, 0, 0, 1]
Twc:
[0.99983448, -0.00046087865, -0.018187361, 0.021963516;
 0.00042888842, 0.99999833, -0.0017627877, -0.0060234712;
 0.018188143, 0.0017546955, 0.99983305, 0.0065375566;
 0, 0, 0, 1]
Ow:
[-0.022076203;
 0.006022112;
 -0.0061476249]
Keyframe: 8 Frame: 59 Frame from vFrameID : 60
Tcw:
[0.99984181, 0.0021175768, 0.017661393, -0.022170838;
 -0.0021311704, 0.99999744, 0.00075088762, 0.0055502253;
 -0.017659757, -0.00078840827, 0.99984372, -0.006685134;
 0, 0, 0, 1]
Twc:
[0.99984181, -0.0021311704, -0.017659757, 0.0220611;
 0.0021175768, 0.99999744, -0.00078840827, -0.0055085332;
 0.017661393, 0.00075088762, 0.99984372, 0.0070714899;
 0, 0, 0, 1]
Ow:
[-0.022170838;
 0.0055502253;
 -0.006685134]
Keyframe: 9 Frame: 60 Frame from vFrameID : 61
Tcw:
[0.99984115, 0.0021049301, 0.017698195, -0.022190301;
 -0.0021178655, 0.9999975, 0.00071217952, 0.0055558439;
 -0.017696651, -0.00074954878, 0.99984312, -0.0067200861;
 0, 0, 0, 1]
Twc:
[0.99984115, -0.0021178655, -0.017696651, 0.022079619;
 0.0021049301, 0.9999975, -0.00074954878, -0.0055141584;
 0.017698195, 0.00071217952, 0.99984312, 0.0071078036;
 0, 0, 0, 1]
Ow:
[-0.022190301;
 0.0055558439;
 -0.0067200861]
Keyframe: 10 Frame: 61 Frame from vFrameID : 62
Tcw:
[0.99984038, 0.0034806605, 0.017522773, -0.021809917;
 -0.0034583241, 0.99999315, -0.0013048452, 0.005647006;
 -0.017527195, 0.0012440375, 0.99984562, -0.0071988706;
 0, 0, 0, 1]
Twc:
[0.99984038, -0.0034583241, -0.017527195, 0.021699792;
 0.0034806605, 0.99999315, 0.0012440375, -0.0055620987;
 0.017522773, -0.0013048452, 0.99984562, 0.0075872978;
 0, 0, 0, 1]
Ow:
[-0.021809917;
 0.005647006;
 -0.0071988706]
Keyframe: 11 Frame: 62 Frame from vFrameID : 63
Tcw:
[0.99979407, 0.0065803207, 0.019196045, -0.020422338;
 -0.0065352409, 0.99997574, -0.0024101755, 0.0056208936;
 -0.019211438, 0.0022842286, 0.99981284, -0.0088968715;
 0, 0, 0, 1]
Twc:
[0.99979407, -0.0065352409, -0.019211438, 0.020283945;
 0.0065803207, 0.99997574, 0.0022842286, -0.0054660495;
 0.019196045, -0.0024101755, 0.99981284, 0.0093007814;
 0, 0, 0, 1]
Ow:
[-0.020422338;
 0.0056208936;
 -0.0088968715]
Keyframe: 12 Frame: 64 Frame from vFrameID : 65
Tcw:
[0.99973583, 0.007740411, 0.021641158, -0.020311868;
 -0.0076585347, 0.99996322, -0.0038636827, 0.005685207;
 -0.021670269, 0.0036969224, 0.99975836, -0.010311222;
 0, 0, 0, 1]
Twc:
[0.99973583, -0.0076585347, -0.021670269, 0.020126596;
 0.007740411, 0.99996322, 0.0036969224, -0.0054896558;
 0.021641158, -0.0038636827, 0.99975836, 0.010770268;
 0, 0, 0, 1]
Ow:
[-0.020311868;
 0.005685207;
 -0.010311222]
Keyframe: 13 Frame: 66 Frame from vFrameID : 67
Tcw:
[0.99964428, 0.008119463, 0.025403604, -0.02007393;
 -0.0079980278, 0.99995613, -0.0048781997, 0.0058163912;
 -0.025442097, 0.0046732859, 0.99966538, -0.010776351;
 0, 0, 0, 1]
Twc:
[0.99964428, -0.0079980278, -0.025442097, 0.019839136;
 0.008119463, 0.99995613, 0.0046732859, -0.0056027854;
 0.025403604, -0.0048781997, 0.99966538, 0.011311069;
 0, 0, 0, 1]
Ow:
[-0.02007393;
 0.0058163912;
 -0.010776351]
Keyframe: 14 Frame: 68 Frame from vFrameID : 69
Tcw:
[0.99958593, 0.0068638125, 0.027944533, -0.012860527;
 -0.0067246859, 0.99996454, -0.0050695972, 0.0045074881;
 -0.027978338, 0.0048795799, 0.9995966, -0.015341041;
 0, 0, 0, 1]
Twc:
[0.99958593, -0.0067246859, -0.027978338, 0.012456296;
 0.0068638125, 0.99996454, 0.0048795799, -0.0043441984;
 0.027944533, -0.0050695972, 0.9995966, 0.015717085;
 0, 0, 0, 1]
Ow:
[-0.012860527;
 0.0045074881;
 -0.015341041]
Keyframe: 15 Frame: 71 Frame from vFrameID : 72
Tcw:
[0.99932331, 0.0098744128, 0.035432544, -0.012925387;
 -0.0097481348, 0.99994552, -0.003734878, 0.0043832366;
 -0.035467491, 0.0033869494, 0.99936509, -0.015364641;
 0, 0, 0, 1]
Twc:
[0.99932331, -0.0097481348, -0.035467491, 0.012414423;
 0.0098744128, 0.99994552, 0.0033869494, -0.0042033279;
 0.035432544, -0.003734878, 0.99936509, 0.015829237;
 0, 0, 0, 1]
Ow:
[-0.012925387;
 0.0043832366;
 -0.015364641]
Keyframe: 16 Frame: 73 Frame from vFrameID : 74
Tcw:
[0.99924988, 0.010960253, 0.037143026, -0.0057793884;
 -0.010785531, 0.99992985, -0.0049011321, 0.0046171048;
 -0.037194137, 0.0044968482, 0.99929792, -0.01981489;
 0, 0, 0, 1]
Twc:
[0.99924988, -0.010785531, -0.037194137, 0.0050878534;
 0.010960253, 0.99992985, 0.0044968482, -0.0044643325;
 0.037143026, -0.0049011321, 0.99929792, 0.020038271;
 0, 0, 0, 1]
Ow:
[-0.0057793884;
 0.0046171048;
 -0.01981489]
Keyframe: 17 Frame: 76 Frame from vFrameID : 77
Tcw:
[0.99895388, 0.011355075, 0.04429704, -0.0046320027;
 -0.011432122, 0.99993354, 0.001486378, 0.0046427706;
 -0.044277217, -0.0019912322, 0.9990173, -0.020964053;
 0, 0, 0, 1]
Twc:
[0.99895388, -0.011432122, -0.044277217, 0.0037520037;
 0.011355075, 0.99993354, -0.0019912322, -0.0046316097;
 0.04429704, 0.001486378, 0.9990173, 0.021141734;
 0, 0, 0, 1]
Ow:
[-0.0046320027;
 0.0046427706;
 -0.020964053]
Keyframe: 18 Frame: 79 Frame from vFrameID : 80
Tcw:
[0.99892211, 0.011947601, 0.044854194, -0.0020979294;
 -0.012260785, 0.99990231, 0.0067136488, 0.0053741755;
 -0.0447696, -0.0072563598, 0.99897099, -0.022311397;
 0, 0, 0, 1]
Twc:
[0.99892211, -0.012260785, -0.0447696, 0.0011626872;
 0.011947601, 0.99990231, -0.0072563598, -0.0055104848;
 0.044854194, 0.0067136488, 0.99897099, 0.022346457;
 0, 0, 0, 1]
Ow:
[-0.0020979294;
 0.0053741755;
 -0.022311397]
Keyframe: 19 Frame: 82 Frame from vFrameID : 83
Tcw:
[0.99878824, 0.016630994, 0.046319176, -0.0019900464;
 -0.017113619, 0.99980313, 0.010042512, 0.004947619;
 -0.04614304, -0.010823031, 0.99887621, -0.021743651;
 0, 0, 0, 1]
Twc:
[0.99878824, -0.017113619, -0.04614304, 0.0010689886;
 0.016630994, 0.99980313, -0.010823031, -0.0051488806;
 0.046319176, 0.010042512, 0.99887621, 0.021761706;
 0, 0, 0, 1]
Ow:
[-0.0019900464;
 0.004947619;
 -0.021743651]
Keyframe: 20 Frame: 85 Frame from vFrameID : 86
Tcw:
[0.9989115, 0.017663972, 0.043172184, -0.0016356695;
 -0.018187582, 0.99976534, 0.011765859, 0.0051810057;
 -0.042954221, -0.01253825, 0.99899834, -0.019325184;
 0, 0, 0, 1]
Twc:
[0.9989115, -0.018187582, -0.042954221, 0.00089802075;
 0.017663972, 0.99976534, -0.01253825, -0.005393202;
 0.043172184, 0.011765859, 0.99899834, 0.019315483;
 0, 0, 0, 1]
Ow:
[-0.0016356695;
 0.0051810057;
 -0.019325184]
Keyframe: 21 Frame: 88 Frame from vFrameID : 89
Tcw:
[0.99910724, 0.015126459, 0.039445635, -0.00097955414;
 -0.015724132, 0.99976557, 0.014885826, 0.0045563704;
 -0.039211217, -0.015492785, 0.99911082, -0.016539251;
 0, 0, 0, 1]
Twc:
[0.99910724, -0.015724132, -0.039211217, 0.00040180047;
 0.015126459, 0.99976557, -0.015492785, -0.0047967238;
 0.039445635, 0.014885826, 0.99911082, 0.016495358;
 0, 0, 0, 1]
Ow:
[-0.00097955414;
 0.0045563704;
 -0.016539251]
Keyframe: 22 Frame: 91 Frame from vFrameID : 92
Tcw:
[0.99919599, 0.0098341359, 0.038866762, 0.0002019706;
 -0.01003034, 0.99993789, 0.0048563448, 0.0016091623;
 -0.03881659, -0.0052422872, 0.99923259, -0.0079390975;
 0, 0, 0, 1]
Twc:
[0.99919599, -0.01003034, -0.03881659, -0.00049383647;
 0.0098341359, 0.99993789, -0.0052422872, -0.0016526676;
 0.038866762, 0.0048563448, 0.99923259, 0.0079173408;
 0, 0, 0, 1]
Ow:
[0.0002019706;
 0.0016091623;
 -0.0079390975]
Keyframe: 23 Frame: 94 Frame from vFrameID : 95
Tcw:
[0.9990952, 0.010090605, 0.041315753, 0.0012887541;
 -0.0097226258, 0.99991137, -0.0090978006, -6.0448358e-05;
 -0.041403893, 0.0086878715, 0.99910474, -0.00202738;
 0, 0, 0, 1]
Twc:
[0.9990952, -0.0097226258, -0.041403893, -0.0013721171;
 0.010090605, 0.99991137, 0.0086878715, 6.50523e-05;
 0.041315753, -0.0090978006, 0.99910474, 0.0019717691;
 0, 0, 0, 1]
Ow:
[0.0012887541;
 -6.0448358e-05;
 -0.00202738]
Keyframe: 24 Frame: 97 Frame from vFrameID : 98
Tcw:
[0.99863672, 0.0094521185, 0.051335197, -0.0005595223;
 -0.00823793, 0.99968249, -0.02381246, 0.0026158569;
 -0.051543973, 0.023357103, 0.99839753, 0.0054360148;
 0, 0, 0, 1]
Twc:
[0.99863672, -0.00823793, -0.051543973, 0.00086050265;
 0.0094521185, 0.99968249, 0.023357103, -0.0027367072;
 0.051335197, -0.02381246, 0.99839753, -0.0053362912;
 0, 0, 0, 1]
Ow:
[-0.0005595223;
 0.0026158569;
 0.0054360148]
Keyframe: 25 Frame: 100 Frame from vFrameID : 101
Tcw:
[0.99766409, -0.0024006718, 0.068268433, -0.00043730822;
 0.0046457457, 0.99945289, -0.032746255, 0.0044024787;
 -0.068152465, 0.03298692, 0.99712944, 0.015513108;
 0, 0, 0, 1]
Twc:
[0.99766409, 0.0046457457, -0.068152465, 0.0014730905;
 -0.0024006718, 0.99945289, 0.03298692, -0.00491285;
 0.068268433, -0.032746255, 0.99712944, -0.015294557;
 0, 0, 0, 1]
Ow:
[-0.00043730822;
 0.0044024787;
 0.015513108]
Keyframe: 26 Frame: 103 Frame from vFrameID : 104
Tcw:
[0.99750441, -0.0025359478, 0.070558414, 0.00081960182;
 0.0044709742, 0.99961782, -0.027280061, 0.0064030951;
 -0.070462272, 0.027527446, 0.99713457, 0.022774938;
 0, 0, 0, 1]
Twc:
[0.99750441, 0.0044709742, -0.070462272, 0.00075858925;
 -0.0025359478, 0.99961782, 0.027527446, -0.0070255054;
 0.070558414, -0.027280061, 0.99713457, -0.02259283;
 0, 0, 0, 1]
Ow:
[0.00081960182;
 0.0064030951;
 0.022774938]
Keyframe: 27 Frame: 106 Frame from vFrameID : 107
Tcw:
[0.99687189, 0.0015515635, 0.079019167, 0.0063113188;
 -0.00022622199, 0.99985921, -0.016778598, 0.004831579;
 -0.079034075, 0.016708236, 0.99673188, 0.030367065;
 0, 0, 0, 1]
Twc:
[0.99687189, -0.00022622199, -0.079034075, -0.0038904501;
 0.0015515635, 0.99985921, 0.016708236, -0.0053480715;
 0.079019167, -0.016778598, 0.99673188, -0.030685471;
 0, 0, 0, 1]
Ow:
[0.0063113188;
 0.004831579;
 0.030367065]
Keyframe: 28 Frame: 109 Frame from vFrameID : 110
Tcw:
[0.99616361, 0.0020088449, 0.087487064, 0.0090555325;
 -0.00029106572, 0.999807, -0.019642996, 0.0051869932;
 -0.08750964, 0.019542174, 0.99597198, 0.038840126;
 0, 0, 0, 1]
Twc:
[0.99616361, -0.00029106572, -0.08750964, -0.0056203967;
 0.0020088449, 0.999807, 0.019542174, -0.005963204;
 0.087487064, -0.019642996, 0.99597198, -0.039374031;
 0, 0, 0, 1]
Ow:
[0.0090555325;
 0.0051869932;
 0.038840126]
Keyframe: 29 Frame: 113 Frame from vFrameID : 114
Tcw:
[0.99679601, 0.0075104935, 0.079632439, 0.022851873;
 -0.0053449715, 0.99961102, -0.027372334, 0.0033728015;
 -0.079807043, 0.026859, 0.9964484, 0.0486935;
 0, 0, 0, 1]
Twc:
[0.99679601, -0.0053449715, -0.079807043, -0.018874545;
 0.0075104935, 0.99961102, 0.026859, -0.0048509771;
 0.079632439, -0.027372334, 0.9964484, -0.05024799;
 0, 0, 0, 1]
Ow:
[0.022851873;
 0.0033728015;
 0.0486935]
Keyframe: 30 Frame: 117 Frame from vFrameID : 118
Tcw:
[0.99777991, 0.014370821, 0.065028496, 0.029945174;
 -0.012643911, 0.99955845, -0.026890291, 0.00026304449;
 -0.065386221, 0.026008377, 0.99752104, 0.055954009;
 0, 0, 0, 1]
Twc:
[0.99777991, -0.012643911, -0.065386221, -0.026216747;
 0.014370821, 0.99955845, 0.026008377, -0.0021485381;
 0.065028496, -0.026890291, 0.99752104, -0.057755519;
 0, 0, 0, 1]
Ow:
[0.029945174;
 0.00026304449;
 0.055954009]
Keyframe: 31 Frame: 120 Frame from vFrameID : 121
Tcw:
[0.99832344, 0.013580468, 0.056265999, 0.035372611;
 -0.011870469, 0.99946076, -0.030614896, -0.0008354712;
 -0.056651421, 0.029895665, 0.99794632, 0.061561145;
 0, 0, 0, 1]
Twc:
[0.99832344, -0.011870469, -0.056651421, -0.031835701;
 0.013580468, 0.99946076, 0.029895665, -0.0014857674;
 0.056265999, -0.030614896, 0.99794632, -0.063450575;
 0, 0, 0, 1]
Ow:
[0.035372611;
 -0.0008354712;
 0.061561145]
Keyframe: 32 Frame: 124 Frame from vFrameID : 125
Tcw:
[0.99797529, 0.012911445, 0.062278625, 0.038898695;
 -0.011472163, 0.99966007, -0.023412848, -0.00065712503;
 -0.062559746, 0.022650974, 0.99778414, 0.069942683;
 0, 0, 0, 1]
Twc:
[0.99797529, -0.011472163, -0.062559746, -0.03445188;
 0.012911445, 0.99966007, 0.022650974, -0.0014296063;
 0.062278625, -0.023412848, 0.99778414, -0.072225638;
 0, 0, 0, 1]
Ow:
[0.038898695;
 -0.00065712503;
 0.069942683]
Keyframe: 33 Frame: 127 Frame from vFrameID : 128
Tcw:
[0.99750823, 0.011537536, 0.069600619, 0.042312793;
 -0.010243881, 0.99976861, -0.018915204, -0.0013351609;
 -0.069802754, 0.018155091, 0.99739558, 0.078669794;
 0, 0, 0, 1]
Twc:
[0.99750823, -0.010243881, -0.069802754, -0.036729671;
 0.011537536, 0.99976861, 0.018155091, -0.00058159081;
 0.069600619, -0.018915204, 0.99739558, -0.081435159;
 0, 0, 0, 1]
Ow:
[0.042312793;
 -0.0013351609;
 0.078669794]
Keyframe: 34 Frame: 131 Frame from vFrameID : 132
Tcw:
[0.99679101, 0.0093758069, 0.079497404, 0.042382091;
 -0.0067594922, 0.99942863, -0.033116162, -0.001392895;
 -0.079762474, 0.032472529, 0.99628484, 0.093707584;
 0, 0, 0, 1]
Twc:
[0.99679101, -0.0067594922, -0.079762474, -0.034781154;
 0.0093758069, 0.99942863, 0.032472529, -0.0020481893;
 0.079497404, -0.033116162, 0.99628484, -0.096774839;
 0, 0, 0, 1]
Ow:
[0.042382091;
 -0.001392895;
 0.093707584]
Keyframe: 35 Frame: 135 Frame from vFrameID : 136
Tcw:
[0.99582386, 0.013366859, 0.090311535, 0.04280116;
 -0.0097323405, 0.99912947, -0.040565435, -0.0024609112;
 -0.090775147, 0.039517086, 0.99508709, 0.10742009;
 0, 0, 0, 1]
Twc:
[0.99582386, -0.0097323405, -0.090775147, -0.032895289;
 0.013366859, 0.99912947, 0.039517086, -0.0023582769;
 0.090311535, -0.040565435, 0.99508709, -0.11085761;
 0, 0, 0, 1]
Ow:
[0.04280116;
 -0.0024609112;
 0.10742009]
Keyframe: 36 Frame: 138 Frame from vFrameID : 139
Tcw:
[0.99529761, 0.0014176844, 0.096854068, 0.043383475;
 0.0026751708, 0.99910921, -0.042115036, -0.0017751949;
 -0.096827492, 0.042176094, 0.99440718, 0.11737239;
 0, 0, 0, 1]
Twc:
[0.99529761, 0.0026751708, -0.096827492, -0.031809844;
 0.0014176844, 0.99910921, 0.042176094, -0.0032381995;
 0.096854068, -0.042115036, 0.99440718, -0.12099257;
 0, 0, 0, 1]
Ow:
[0.043383475;
 -0.0017751949;
 0.11737239]
Keyframe: 37 Frame: 142 Frame from vFrameID : 143
Tcw:
[0.99515939, 0.0018520921, 0.098256543, 0.043575339;
 0.0010880806, 0.99955344, -0.029861405, -0.0022800849;
 -0.09826798, 0.029823771, 0.99471301, 0.13003597;
 0, 0, 0, 1]
Twc:
[0.99515939, 0.0010880806, -0.09826798, -0.030583557;
 0.0018520921, 0.99955344, 0.029823771, -0.0016798015;
 0.098256543, -0.029861405, 0.99471301, -0.13369812;
 0, 0, 0, 1]
Ow:
[0.043575339;
 -0.0022800849;
 0.13003597]
Keyframe: 38 Frame: 146 Frame from vFrameID : 147
Tcw:
[0.9954837, 0.0046826401, 0.094817303, 0.045772158;
 -0.0024066677, 0.99970657, -0.02410391, -0.0028616195;
 -0.094902344, 0.023766855, 0.99520284, 0.14006449;
 0, 0, 0, 1]
Twc:
[0.9954837, -0.0024066677, -0.094902344, -0.032279871;
 0.0046826401, 0.99970657, 0.023766855, -0.00068244699;
 0.094817303, -0.02410391, 0.99520284, -0.14380154;
 0, 0, 0, 1]
Ow:
[0.045772158;
 -0.0028616195;
 0.14006449]
Keyframe: 39 Frame: 150 Frame from vFrameID : 151
Tcw:
[0.99633765, 0.0063479901, 0.085269764, 0.051041134;
 -0.0047054663, 0.99979979, -0.019449867, -0.0046412647;
 -0.085376158, 0.018977402, 0.99616802, 0.15296073;
 0, 0, 0, 1]
Twc:
[0.99633765, -0.0047054663, -0.085376158, -0.037816849;
 0.0063479901, 0.99979979, 0.018977402, 0.0014135293;
 0.085269764, -0.019449867, 0.99616802, -0.15681714;
 0, 0, 0, 1]
Ow:
[0.051041134;
 -0.0046412647;
 0.15296073]
Keyframe: 40 Frame: 154 Frame from vFrameID : 155
Tcw:
[0.99733305, 0.010746844, 0.072189145, 0.061801791;
 -0.0086279409, 0.99952459, -0.029600073, -0.0081912987;
 -0.07247293, 0.028898288, 0.99695164, 0.16454275;
 0, 0, 0, 1]
Twc:
[0.99733305, -0.0086279409, -0.07247293, -0.049782749;
 0.010746844, 0.99952459, 0.028898288, 0.0027682264;
 0.072189145, -0.029600073, 0.99695164, -0.16874506;
 0, 0, 0, 1]
Ow:
[0.061801791;
 -0.0081912987;
 0.16454275]
Keyframe: 41 Frame: 157 Frame from vFrameID : 158
Tcw:
[0.99780184, 0.016327653, 0.064225435, 0.073143892;
 -0.014395895, 0.99943334, -0.030426417, -0.0096873362;
 -0.064685829, 0.029434951, 0.99747145, 0.17657851;
 0, 0, 0, 1]
Twc:
[0.99780184, -0.014395895, -0.064685829, -0.061700441;
 0.016327653, 0.99943334, 0.029434951, 0.0032899983;
 0.064225435, -0.030426417, 0.99747145, -0.18112448;
 0, 0, 0, 1]
Ow:
[0.073143892;
 -0.0096873362;
 0.17657851]
Keyframe: 42 Frame: 161 Frame from vFrameID : 162
Tcw:
[0.9981178, 0.012852471, 0.059963677, 0.079302989;
 -0.011108169, 0.99950796, -0.02933252, -0.010945454;
 -0.060311168, 0.028611224, 0.99776947, 0.18659157;
 0, 0, 0, 1]
Twc:
[0.9981178, -0.011108169, -0.060311168, -0.068021752;
 0.012852471, 0.99950796, 0.028611224, 0.004582217;
 0.059963677, -0.02933252, 0.99776947, -0.19125172;
 0, 0, 0, 1]
Ow:
[0.079302989;
 -0.010945454;
 0.18659157]
Keyframe: 43 Frame: 165 Frame from vFrameID : 166
Tcw:
[0.99755794, 0.012146378, 0.068779498, 0.084029451;
 -0.010614596, 0.99968839, -0.022592762, -0.012317684;
 -0.06903249, 0.021807523, 0.99737602, 0.19887108;
 0, 0, 0, 1]
Twc:
[0.99755794, -0.010614596, -0.06903249, -0.070226431;
 0.012146378, 0.99968839, 0.021807523, 0.0069563077;
 0.068779498, -0.022592762, 0.99737602, -0.20440704;
 0, 0, 0, 1]
Ow:
[0.084029451;
 -0.012317684;
 0.19887108]
Keyframe: 44 Frame: 169 Frame from vFrameID : 170
Tcw:
[0.99680382, 0.0071101249, 0.079571135, 0.089650653;
 -0.0050675352, 0.99965316, -0.025842546, -0.012750652;
 -0.079727277, 0.025356717, 0.99649417, 0.21320991;
 0, 0, 0, 1]
Twc:
[0.99680382, -0.0050675352, -0.079727277, -0.072430082;
 0.0071101249, 0.99965316, 0.025356717, 0.006702499;
 0.079571135, -0.025842546, 0.99649417, -0.21992554;
 0, 0, 0, 1]
Ow:
[0.089650653;
 -0.012750652;
 0.21320991]
Keyframe: 45 Frame: 173 Frame from vFrameID : 174
Tcw:
[0.99555236, -0.0022142683, 0.094184138, 0.090444669;
 0.0055426839, 0.99936867, -0.035092548, -0.011853814;
 -0.09404698, 0.035458501, 0.99493611, 0.22947253;
 0, 0, 0, 1]
Twc:
[0.99555236, 0.0055426839, -0.09404698, -0.068395503;
 -0.0022142683, 0.99936867, 0.035458501, 0.0039098482;
 0.094184138, -0.035092548, 0.99493611, -0.23724493;
 0, 0, 0, 1]
Ow:
[0.090444669;
 -0.011853814;
 0.22947253]
Keyframe: 46 Frame: 178 Frame from vFrameID : 179
Tcw:
[0.99423105, -0.0099259196, 0.10679942, 0.091455176;
 0.013614056, 0.99933386, -0.033859819, -0.015424049;
 -0.1063922, 0.035118457, 0.9937039, 0.24915297;
 0, 0, 0, 1]
Twc:
[0.99423105, 0.013614056, -0.1063922, -0.064209662;
 -0.0099259196, 0.99933386, 0.035118457, 0.0075716828;
 0.10679942, -0.033859819, 0.9937039, -0.25787389;
 0, 0, 0, 1]
Ow:
[0.091455176;
 -0.015424049;
 0.24915297]
Keyframe: 47 Frame: 182 Frame from vFrameID : 183
Tcw:
[0.99232697, -0.025918217, 0.12089439, 0.093065314;
 0.027769979, 0.99952102, -0.013657338, -0.02069295;
 -0.1204825, 0.01690978, 0.99257141, 0.26973811;
 0, 0, 0, 1]
Twc:
[0.99232697, 0.027769979, -0.1204825, -0.059277851;
 -0.025918217, 0.99952102, 0.01690978, 0.018533913;
 0.12089439, -0.013657338, 0.99257141, -0.27926803;
 0, 0, 0, 1]
Ow:
[0.093065314;
 -0.02069295;
 0.26973811]
Keyframe: 48 Frame: 186 Frame from vFrameID : 187
Tcw:
[0.99215877, -0.018878609, 0.12354977, 0.098317385;
 0.021940034, 0.99948388, -0.023465306, -0.020111419;
 -0.12304301, 0.025991997, 0.9920609, 0.27947208;
 0, 0, 0, 1]
Twc:
[0.99215877, 0.021940034, -0.12304301, -0.062718116;
 -0.018878609, 0.99948388, 0.025991997, 0.014693097;
 0.12354977, -0.023465306, 0.9920609, -0.28987235;
 0, 0, 0, 1]
Ow:
[0.098317385;
 -0.020111419;
 0.27947208]
Keyframe: 49 Frame: 190 Frame from vFrameID : 191
Tcw:
[0.99270934, -0.007682723, 0.12028762, 0.10087137;
 0.0096918074, 0.99982297, -0.016126225, -0.019789811;
 -0.12014244, 0.01717446, 0.99260807, 0.29141742;
 0, 0, 0, 1]
Twc:
[0.99270934, 0.0096918074, -0.12014244, -0.064932555;
 -0.007682723, 0.99982297, 0.01717446, 0.01555634;
 0.12028762, -0.016126225, 0.99260807, -0.301716;
 0, 0, 0, 1]
Ow:
[0.10087137;
 -0.019789811;
 0.29141742]
Keyframe: 50 Frame: 194 Frame from vFrameID : 195
Tcw:
[0.99467796, -0.0018947542, 0.10301526, 0.11090785;
 0.0028094342, 0.99995792, -0.0087347049, -0.019791622;
 -0.10299437, 0.008977633, 0.99464142, 0.30460739;
 0, 0, 0, 1]
Twc:
[0.99467796, 0.0028094342, -0.10299437, -0.078889139;
 -0.0018947542, 0.99995792, 0.008977633, 0.017266277;
 0.10301526, -0.0087347049, 0.99464142, -0.31457323;
 0, 0, 0, 1]
Ow:
[0.11090785;
 -0.019791622;
 0.30460739]
Keyframe: 51 Frame: 198 Frame from vFrameID : 199
Tcw:
[0.9967925, 0.007848843, 0.07964351, 0.12255455;
 -0.0059370818, 0.99968922, -0.024212455, -0.02337331;
 -0.079808794, 0.023661945, 0.99652934, 0.31721476;
 0, 0, 0, 1]
Twc:
[0.9967925, -0.0059370818, -0.079808794, -0.096983701;
 0.007848843, 0.99968922, 0.023661945, 0.014898215;
 0.07964351, -0.024212455, 0.99652934, -0.32644039;
 0, 0, 0, 1]
Ow:
[0.12255455;
 -0.02337331;
 0.31721476]
Keyframe: 52 Frame: 203 Frame from vFrameID : 204
Tcw:
[0.99805456, 0.0064742682, 0.06200983, 0.12696643;
 -0.0059041963, 0.99993867, -0.0093720779, -0.025731726;
 -0.062066704, 0.0089877266, 0.99803156, 0.33191046;
 0, 0, 0, 1]
Twc:
[0.99805456, -0.0059041963, -0.062066704, -0.10627077;
 0.0064742682, 0.99993867, 0.0089877266, 0.021925012;
 0.06200983, -0.0093720779, 0.99803156, -0.33937141;
 0, 0, 0, 1]
Ow:
[0.12696643;
 -0.025731726;
 0.33191046]
Keyframe: 53 Frame: 207 Frame from vFrameID : 208
Tcw:
[0.99881291, -0.00070039486, 0.048705444, 0.13156393;
 0.0014955744, 0.99986619, -0.016291771, -0.026665954;
 -0.048687514, 0.016345274, 0.99868029, 0.34350461;
 0, 0, 0, 1]
Twc:
[0.99881291, 0.0014955744, -0.048687514, -0.1146435;
 -0.00070039486, 0.99986619, 0.016345274, 0.021139855;
 0.048705444, -0.016291771, 0.99868029, -0.3498936;
 0, 0, 0, 1]
Ow:
[0.13156393;
 -0.026665954;
 0.34350461]
Keyframe: 54 Frame: 212 Frame from vFrameID : 213
Tcw:
[0.9970001, -0.0072828359, 0.077056557, 0.13589962;
 0.008096775, 0.99991465, -0.01025573, -0.026463933;
 -0.076975293, 0.010848874, 0.99697399, 0.36069685;
 0, 0, 0, 1]
Twc:
[0.9970001, 0.008096775, -0.076975293, -0.10751292;
 -0.0072828359, 0.99991465, 0.010848874, 0.023538254;
 0.077056557, -0.01025573, 0.99697399, -0.37034875;
 0, 0, 0, 1]
Ow:
[0.13589962;
 -0.026463933;
 0.36069685]
Keyframe: 55 Frame: 216 Frame from vFrameID : 217
Tcw:
[0.9941923, -0.00064365839, 0.10761635, 0.14074525;
 0.0029234393, 0.99977463, -0.021027915, -0.031143643;
 -0.10757856, 0.021220401, 0.9939701, 0.37602401;
 0, 0, 0, 1]
Twc:
[0.9941923, 0.0029234393, -0.10757856, -0.09938468;
 -0.00064365839, 0.99977463, 0.021220401, 0.023247836;
 0.10761635, -0.021027915, 0.9939701, -0.38955799;
 0, 0, 0, 1]
Ow:
[0.14074525;
 -0.031143643;
 0.37602401]
Keyframe: 56 Frame: 221 Frame from vFrameID : 222
Tcw:
[0.99332142, -0.0089998245, 0.11502876, 0.14490843;
 0.011599103, 0.99969184, -0.021947434, -0.034143001;
 -0.1147958, 0.023135087, 0.99311966, 0.38837948;
 0, 0, 0, 1]
Twc:
[0.99332142, 0.011599103, -0.1147958, -0.098960273;
 -0.0089998245, 0.99969184, 0.023135087, 0.026451437;
 0.11502876, -0.021947434, 0.99311966, -0.40312532;
 0, 0, 0, 1]
Ow:
[0.14490843;
 -0.034143001;
 0.38837948]
Keyframe: 57 Frame: 225 Frame from vFrameID : 226
Tcw:
[0.99370283, -0.0148873, 0.11105449, 0.15156356;
 0.017680742, 0.99955052, -0.024211491, -0.034827311;
 -0.11064413, 0.026022552, 0.99351937, 0.40033901;
 0, 0, 0, 1]
Twc:
[0.99370283, 0.017680742, -0.11064413, -0.10569818;
 -0.0148873, 0.99955052, 0.026022552, 0.026650185;
 0.11105449, -0.024211491, 0.99351937, -0.41541958;
 0, 0, 0, 1]
Ow:
[0.15156356;
 -0.034827311;
 0.40033901]
Keyframe: 58 Frame: 229 Frame from vFrameID : 230
Tcw:
[0.99508947, -0.0107551, 0.098393403, 0.16152659;
 0.012713271, 0.99973297, -0.019296151, -0.0365959;
 -0.098159596, 0.020452298, 0.99496049, 0.41000319;
 0, 0, 0, 1]
Twc:
[0.99508947, 0.012713271, -0.098159596, -0.12002241;
 -0.0107551, 0.99973297, 0.020452298, 0.029937856;
 0.098393403, -0.019296151, 0.99496049, -0.42453629;
 0, 0, 0, 1]
Ow:
[0.16152659;
 -0.0365959;
 0.41000319]
Keyframe: 59 Frame: 233 Frame from vFrameID : 234
Tcw:
[0.99658412, -0.0012106856, 0.082574725, 0.17151991;
 0.0031116202, 0.99973303, -0.022895975, -0.037078831;
 -0.082524963, 0.023074707, 0.99632186, 0.41819283;
 0, 0, 0, 1]
Twc:
[0.99658412, 0.0031116202, -0.082524963, -0.1363073;
 -0.0012106856, 0.99973303, 0.023074707, 0.027626913;
 0.082574725, -0.022895975, 0.99632186, -0.43166679;
 0, 0, 0, 1]
Ow:
[0.17151991;
 -0.037078831;
 0.41819283]
Keyframe: 60 Frame: 237 Frame from vFrameID : 238
Tcw:
[0.99733347, 0.011897086, 0.072002888, 0.17915925;
 -0.010108066, 0.99963236, -0.025160097, -0.040811315;
 -0.07227575, 0.024365196, 0.99708706, 0.42572021;
 0, 0, 0, 1]
Twc:
[0.99733347, -0.010108066, -0.07227575, -0.14832479;
 0.011897086, 0.99963236, 0.024365196, 0.028292079;
 0.072002888, -0.025160097, 0.99708706, -0.43840691;
 0, 0, 0, 1]
Ow:
[0.17915925;
 -0.040811315;
 0.42572021]
Keyframe: 61 Frame: 242 Frame from vFrameID : 243
Tcw:
[0.99791348, 0.011714185, 0.063493706, 0.18818453;
 -0.010259919, 0.99967861, -0.02318196, -0.043987233;
 -0.063744858, 0.022482151, 0.99771297, 0.43557072;
 0, 0, 0, 1]
Twc:
[0.99791348, -0.010259919, -0.063744858, -0.16047779;
 0.011714185, 0.99967861, 0.022482151, 0.031976104;
 0.063493706, -0.02318196, 0.99771297, -0.44754279;
 0, 0, 0, 1]
Ow:
[0.18818453;
 -0.043987233;
 0.43557072]
Keyframe: 62 Frame: 248 Frame from vFrameID : 249
Tcw:
[0.99689776, 0.014452861, 0.07736925, 0.19753306;
 -0.010673784, 0.9987399, -0.049037278, -0.047394209;
 -0.077980489, 0.048059329, 0.99579585, 0.45814943;
 0, 0, 0, 1]
Twc:
[0.99689776, -0.010673784, -0.077980489, -0.16169941;
 0.014452861, 0.9987399, 0.048059329, 0.022461219;
 0.07736925, -0.049037278, 0.99579585, -0.47383034;
 0, 0, 0, 1]
Ow:
[0.19753306;
 -0.047394209;
 0.45814943]
Keyframe: 63 Frame: 252 Frame from vFrameID : 253
Tcw:
[0.99566722, 0.019131111, 0.090998709, 0.2000522;
 -0.014566831, 0.99861479, -0.050559986, -0.048732489;
 -0.091839924, 0.049015358, 0.99456668, 0.46948484;
 0, 0, 0, 1]
Twc:
[0.99566722, -0.014566831, -0.091839924, -0.15677784;
 0.019131111, 0.99861479, 0.049015358, 0.021825794;
 0.090998709, -0.050559986, 0.99456668, -0.48760241;
 0, 0, 0, 1]
Ow:
[0.2000522;
 -0.048732489;
 0.46948484]
Keyframe: 64 Frame: 255 Frame from vFrameID : 256
Tcw:
[0.99587524, 0.0070101656, 0.090461694, 0.20128354;
 -0.0022773861, 0.99862802, -0.052315574, -0.051300287;
 -0.090704322, 0.051893767, 0.9945249, 0.47765875;
 0, 0, 0, 1]
Twc:
[0.99587524, -0.0022773861, -0.090704322, -0.15724443;
 0.0070101656, 0.99862802, 0.051893767, 0.025031362;
 0.090461694, -0.052315574, 0.9945249, -0.49593577;
 0, 0, 0, 1]
Ow:
[0.20128354;
 -0.051300287;
 0.47765875]
Keyframe: 65 Frame: 258 Frame from vFrameID : 259
Tcw:
[0.99455237, -0.0014238466, 0.10422836, 0.20578313;
 0.0078649744, 0.99808145, -0.061413363, -0.051356956;
 -0.10394095, 0.061898559, 0.99265546, 0.4876765;
 0, 0, 0, 1]
Twc:
[0.99455237, 0.0078649744, -0.10394095, -0.15356863;
 -0.0014238466, 0.99808145, 0.061898559, 0.021364955;
 0.10422836, -0.061413363, 0.99265546, -0.50869715;
 0, 0, 0, 1]
Ow:
[0.20578313;
 -0.051356956;
 0.4876765]
Keyframe: 66 Frame: 262 Frame from vFrameID : 263
Tcw:
[0.99325663, -0.0019954527, 0.11591922, 0.21516159;
 0.0062794373, 0.99931014, -0.036603224, -0.049979344;
 -0.11576621, 0.0370843, 0.99258399, 0.50297058;
 0, 0, 0, 1]
Twc:
[0.99325663, 0.0062794373, -0.11576621, -0.15516984;
 -0.0019954527, 0.99931014, 0.0370843, 0.031721897;
 0.11591922, -0.036603224, 0.99258399, -0.52601129;
 0, 0, 0, 1]
Ow:
[0.21516159;
 -0.049979344;
 0.50297058]
Keyframe: 67 Frame: 266 Frame from vFrameID : 267
Tcw:
[0.99600506, 0.0061522941, 0.089084461, 0.22697791;
 -0.0031306653, 0.99941629, -0.034018777, -0.052550703;
 -0.089241751, 0.033603981, 0.99544299, 0.5156967;
 0, 0, 0, 1]
Twc:
[0.99600506, -0.0031306653, -0.089241751, -0.180214;
 0.0061522941, 0.99941629, 0.033603981, 0.033794127;
 0.089084461, -0.034018777, 0.99544299, -0.53535455;
 0, 0, 0, 1]
Ow:
[0.22697791;
 -0.052550703;
 0.5156967]
Keyframe: 68 Frame: 270 Frame from vFrameID : 271
Tcw:
[0.99801415, 0.031810854, 0.054367516, 0.23869294;
 -0.02942686, 0.99859357, -0.044101536, -0.053853743;
 -0.055693958, 0.042414092, 0.99754661, 0.52039862;
 0, 0, 0, 1]
Twc:
[0.99801415, -0.02942686, -0.055693958, -0.21082063;
 0.031810854, 0.99859357, 0.042414092, 0.024112744;
 0.054367516, -0.044101536, 0.99754661, -0.53447402;
 0, 0, 0, 1]
Ow:
[0.23869294;
 -0.053853743;
 0.52039862]
Keyframe: 69 Frame: 275 Frame from vFrameID : 276
Tcw:
[0.99936575, 0.02551906, 0.024837682, 0.24387927;
 -0.024613701, 0.99904507, -0.036098458, -0.055236667;
 -0.025735162, 0.035464216, 0.99903953, 0.53432095;
 0, 0, 0, 1]
Twc:
[0.99936575, -0.024613701, -0.025735162, -0.23133333;
 0.02551906, 0.99904507, 0.035464216, 0.030011078;
 0.024837682, -0.036098458, 0.99903953, -0.54185915;
 0, 0, 0, 1]
Ow:
[0.24387927;
 -0.055236667;
 0.53432095]
Keyframe: 70 Frame: 278 Frame from vFrameID : 279
Tcw:
[0.99938637, 0.019157603, 0.029323848, 0.2466366;
 -0.018466242, 0.99954927, -0.023668783, -0.056183606;
 -0.029764069, 0.023112757, 0.99928969, 0.54333085;
 0, 0, 0, 1]
Twc:
[0.99938637, -0.018466242, -0.029764069, -0.23135102;
 0.019157603, 0.99954927, 0.023112757, 0.038875442;
 0.029323848, -0.023668783, 0.99928969, -0.55150706;
 0, 0, 0, 1]
Ow:
[0.2466366;
 -0.056183606;
 0.54333085]
Keyframe: 71 Frame: 282 Frame from vFrameID : 283
Tcw:
[0.99806887, 0.0089102676, 0.06147423, 0.24783428;
 -0.0073656156, 0.99965256, -0.02530784, -0.05862166;
 -0.061678372, 0.024806172, 0.99778777, 0.56206691;
 0, 0, 0, 1]
Twc:
[0.99806887, -0.0073656156, -0.061678372, -0.2131201;
 0.0089102676, 0.99965256, 0.024806172, 0.042450298;
 0.06147423, -0.02530784, 0.99778777, -0.57754248;
 0, 0, 0, 1]
Ow:
[0.24783428;
 -0.05862166;
 0.56206691]
Keyframe: 72 Frame: 286 Frame from vFrameID : 287
Tcw:
[0.99707448, 0.0059503871, 0.076204106, 0.2477774;
 -0.0043283715, 0.99976093, -0.021432646, -0.061201595;
 -0.076313414, 0.021040104, 0.99686188, 0.57442909;
 0, 0, 0, 1]
Twc:
[0.99707448, -0.0043283715, -0.076313414, -0.20348078;
 0.0059503871, 0.99976093, 0.021040104, 0.04762654;
 0.076204106, -0.021432646, 0.99686188, -0.59281981;
 0, 0, 0, 1]
Ow:
[0.2477774;
 -0.061201595;
 0.57442909]
Keyframe: 73 Frame: 290 Frame from vFrameID : 291
Tcw:
[0.99628055, 0.00068039604, 0.086166434, 0.24797729;
 0.0028859922, 0.99914438, -0.041258197, -0.064841978;
 -0.086120777, 0.041353416, 0.99542612, 0.58458894;
 0, 0, 0, 1]
Twc:
[0.99628055, 0.0028859922, -0.086120777, -0.19652256;
 0.00068039604, 0.99914438, 0.041353416, 0.040443029;
 0.086166434, -0.041258197, 0.99542612, -0.60595763;
 0, 0, 0, 1]
Ow:
[0.24797729;
 -0.064841978;
 0.58458894]
Keyframe: 74 Frame: 294 Frame from vFrameID : 295
Tcw:
[0.99483168, 0.0022356561, 0.10151314, 0.25297165;
 0.0015197764, 0.99931771, -0.036902145, -0.065158539;
 -0.10152638, 0.0368657, 0.99414957, 0.59326279;
 0, 0, 0, 1]
Twc:
[0.99483168, 0.0015197764, -0.10152638, -0.19133337;
 0.0022356561, 0.99931771, 0.0368657, 0.042677477;
 0.10151314, -0.036902145, 0.99414957, -0.61787635;
 0, 0, 0, 1]
Ow:
[0.25297165;
 -0.065158539;
 0.59326279]
Keyframe: 75 Frame: 297 Frame from vFrameID : 298
Tcw:
[0.99466145, 0.0068603852, 0.10296364, 0.25497478;
 -0.0037329474, 0.99952668, -0.030536208, -0.066339314;
 -0.1031244, 0.029988831, 0.99421626, 0.60121018;
 0, 0, 0, 1]
Twc:
[0.99466145, -0.0037329474, -0.1031244, -0.19186181;
 0.0068603852, 0.99952668, 0.029988831, 0.046529103;
 0.10296364, -0.030536208, 0.99421626, -0.62601185;
 0, 0, 0, 1]
Ow:
[0.25497478;
 -0.066339314;
 0.60121018]
Keyframe: 76 Frame: 301 Frame from vFrameID : 302
Tcw:
[0.99746305, 0.019282266, 0.06852521, 0.26553309;
 -0.015893715, 0.99863994, -0.049655426, -0.068505622;
 -0.069389477, 0.04844033, 0.99641287, 0.61251426;
 0, 0, 0, 1]
Twc:
[0.99746305, -0.015893715, -0.069389477, -0.22344619;
 0.019282266, 0.99863994, 0.04844033, 0.033621978;
 0.06852521, -0.049655426, 0.99641287, -0.6319145;
 0, 0, 0, 1]
Ow:
[0.26553309;
 -0.068505622;
 0.61251426]
Keyframe: 77 Frame: 305 Frame from vFrameID : 306
Tcw:
[0.99839604, 0.035082422, 0.044435833, 0.27574739;
 -0.032929346, 0.9982903, -0.048292436, -0.068655223;
 -0.046054076, 0.046751734, 0.99784434, 0.62068766;
 0, 0, 0, 1]
Twc:
[0.99839604, -0.032929346, -0.046054076, -0.24898069;
 0.035082422, 0.9982903, 0.046751734, 0.029845728;
 0.044435833, -0.048292436, 0.99784434, -0.63491821;
 0, 0, 0, 1]
Ow:
[0.27574739;
 -0.068655223;
 0.62068766]
Keyframe: 78 Frame: 309 Frame from vFrameID : 310
Tcw:
[0.99884284, 0.03908078, 0.028029485, 0.27860636;
 -0.038239371, 0.99881965, -0.029951626, -0.068221353;
 -0.029166933, 0.028845139, 0.99915826, 0.6312117;
 0, 0, 0, 1]
Twc:
[0.99884284, -0.038239371, -0.029166933, -0.2624822;
 0.03908078, 0.99881965, 0.028845139, 0.039045282;
 0.028029485, -0.029951626, 0.99915826, -0.64053297;
 0, 0, 0, 1]
Ow:
[0.27860636;
 -0.068221353;
 0.6312117]
Keyframe: 79 Frame: 313 Frame from vFrameID : 314
Tcw:
[0.99917847, 0.032838788, 0.023748474, 0.28205714;
 -0.032578446, 0.99940568, -0.01126775, -0.069119081;
 -0.024104379, 0.010484804, 0.99965447, 0.64499354;
 0, 0, 0, 1]
Twc:
[0.99917847, -0.032578446, -0.024104379, -0.26853001;
 0.032838788, 0.99940568, 0.010484804, 0.053052954;
 0.023748474, -0.01126775, 0.99965447, -0.65224791;
 0, 0, 0, 1]
Ow:
[0.28205714;
 -0.069119081;
 0.64499354]
Keyframe: 80 Frame: 316 Frame from vFrameID : 317
Tcw:
[0.99873132, 0.026909098, 0.042563427, 0.28637224;
 -0.02679898, 0.99963588, -0.0031557349, -0.068668909;
 -0.042632844, 0.0020110749, 0.99908876, 0.65615958;
 0, 0, 0, 1]
Twc:
[0.99873132, -0.02679898, -0.042632844, -0.25987527;
 0.026909098, 0.99963588, 0.0020110749, 0.059618302;
 0.042563427, -0.0031557349, 0.99908876, -0.66796738;
 0, 0, 0, 1]
Ow:
[0.28637224;
 -0.068668909;
 0.65615958]
Keyframe: 81 Frame: 319 Frame from vFrameID : 320
Tcw:
[0.99719501, 0.019321799, 0.072310425, 0.28690812;
 -0.018924087, 0.99980181, -0.0061811903, -0.069018997;
 -0.072415523, 0.0047954433, 0.99736303, 0.66879725;
 0, 0, 0, 1]
Twc:
[0.99719501, -0.018924087, -0.072415523, -0.23897815;
 0.019321799, 0.99980181, 0.0047954433, 0.060254559;
 0.072310425, -0.0061811903, 0.99736303, -0.68820673;
 0, 0, 0, 1]
Ow:
[0.28690812;
 -0.069018997;
 0.66879725]
Keyframe: 82 Frame: 322 Frame from vFrameID : 323
Tcw:
[0.99663699, 0.011141285, 0.081182286, 0.28607336;
 -0.010243321, 0.99988174, -0.011469198, -0.069619015;
 -0.081300467, 0.010599051, 0.99663329, 0.67975718;
 0, 0, 0, 1]
Twc:
[0.99663699, -0.010243321, -0.081300467, -0.23055986;
 0.011141285, 0.99988174, 0.010599051, 0.059218775;
 0.081182286, -0.011469198, 0.99663329, -0.70149118;
 0, 0, 0, 1]
Ow:
[0.28607336;
 -0.069619015;
 0.67975718]
Keyframe: 83 Frame: 326 Frame from vFrameID : 327
Tcw:
[0.99560803, -0.0053487965, 0.093466856, 0.28830111;
 0.0057032956, 0.99997753, -0.0035260695, -0.072877645;
 -0.093445897, 0.0040436522, 0.99561614, 0.6929704;
 0, 0, 0, 1]
Twc:
[0.99560803, 0.0057032956, -0.093445897, -0.221864;
 -0.0053487965, 0.99997753, 0.0040436522, 0.071615934;
 0.093466856, -0.0035260695, 0.99561614, -0.71713609;
 0, 0, 0, 1]
Ow:
[0.28830111;
 -0.072877645;
 0.6929704]
Keyframe: 84 Frame: 330 Frame from vFrameID : 331
Tcw:
[0.99450117, 0.0030634804, 0.10468054, 0.29430163;
 -0.0011730229, 0.99983519, -0.018116098, -0.076499254;
 -0.10471879, 0.017893689, 0.9943409, 0.70330769;
 0, 0, 0, 1]
Twc:
[0.99450117, -0.0011730229, -0.10471879, -0.21912354;
 0.0030634804, 0.99983519, 0.017893689, 0.063000292;
 0.10468054, -0.018116098, 0.9943409, -0.73152113;
 0, 0, 0, 1]
Ow:
[0.29430163;
 -0.076499254;
 0.70330769]
Keyframe: 85 Frame: 334 Frame from vFrameID : 335
Tcw:
[0.99513251, 0.01205542, 0.09780591, 0.29795924;
 -0.010467213, 0.99980515, -0.016735263, -0.077972673;
 -0.097988605, 0.01563005, 0.9950648, 0.71246797;
 0, 0, 0, 1]
Twc:
[0.99513251, -0.010467213, -0.097988605, -0.22751132;
 0.01205542, 0.99980515, 0.01563005, 0.063229553;
 0.09780591, -0.016735263, 0.9950648, -0.73939884;
 0, 0, 0, 1]
Ow:
[0.29795924;
 -0.077972673;
 0.71246797]
Keyframe: 86 Frame: 337 Frame from vFrameID : 338
Tcw:
[0.99681169, 0.022798538, 0.076463401, 0.30552292;
 -0.020399226, 0.9992792, -0.032014232, -0.080879107;
 -0.077138163, 0.030352365, 0.99655831, 0.71609569;
 0, 0, 0, 1]
Twc:
[0.99681169, -0.020399226, -0.077138163, -0.25096038;
 0.022798538, 0.9992792, 0.030352365, 0.052120142;
 0.076463401, -0.032014232, 0.99655831, -0.7395817;
 0, 0, 0, 1]
Ow:
[0.30552292;
 -0.080879107;
 0.71609569]
Keyframe: 87 Frame: 341 Frame from vFrameID : 342
Tcw:
[0.99745601, 0.035997428, 0.061527655, 0.31514016;
 -0.033879492, 0.99880844, -0.035126209, -0.08203353;
 -0.062718794, 0.032952324, 0.99748707, 0.71993095;
 0, 0, 0, 1]
Twc:
[0.99745601, -0.033879492, -0.062718794, -0.27196449;
 0.035997428, 0.99880844, 0.032952324, 0.046868149;
 0.061527655, -0.035126209, 0.99748707, -0.74039322;
 0, 0, 0, 1]
Ow:
[0.31514016;
 -0.08203353;
 0.71993095]
Keyframe: 88 Frame: 345 Frame from vFrameID : 346
Tcw:
[0.99833399, 0.038431644, 0.043038025, 0.32016391;
 -0.037164178, 0.99886256, -0.029872902, -0.083429322;
 -0.044137139, 0.02822366, 0.99862671, 0.72363275;
 0, 0, 0, 1]
Twc:
[0.99833399, -0.037164178, -0.044137139, -0.29079202;
 0.038431644, 0.99886256, 0.02822366, 0.050606437;
 0.043038025, -0.029872902, 0.99862671, -0.7389105;
 0, 0, 0, 1]
