Keyframe: 0 Frame: 0 Frame from vFrameID : 77
Tcw:
[1, 0, 0, 0;
 0, 1, 0, 0;
 0, 0, 1, 0;
 0, 0, 0, 1]
Twc:
[1, 0, 0, 0;
 0, 1, 0, 0;
 0, 0, 1, 0;
 0, 0, 0, 1]
Ow:
[0;
 0;
 0]
Keyframe: 1 Frame: 76 Frame from vFrameID : 77
Tcw:
[0.9987275, 0.023749704, 0.044489641, 0.0096819988;
 -0.022121266, 0.99907982, -0.036744162, 0.00039398868;
 -0.045321364, 0.035713241, 0.99833387, 0.033686511;
 0, 0, 0, 1]
Twc:
[0.9987275, -0.022121266, -0.045321364, -0.008134244;
 0.023749704, 0.99907982, 0.035713241, -0.0018266252;
 0.044489641, -0.036744162, 0.99833387, -0.034046657;
 0, 0, 0, 1]
Ow:
[0.0096819988;
 0.00039398868;
 0.033686511]
Keyframe: 2 Frame: 78 Frame from vFrameID : 79
Tcw:
[0.99883431, 0.025170384, 0.041188765, 0.011127724;
 -0.023668559, 0.99905139, -0.036552168, 0.00038364111;
 -0.042069726, 0.03553468, 0.99848258, 0.03552461;
 0, 0, 0, 1]
Twc:
[0.99883431, -0.023668559, -0.042069726, -0.0096111614;
 0.025170384, 0.99905139, 0.03553468, -0.001925722;
 0.041188765, -0.036552168, 0.99848258, -0.035915017;
 0, 0, 0, 1]
Ow:
[0.011127724;
 0.00038364111;
 0.03552461]
Keyframe: 3 Frame: 79 Frame from vFrameID : 80
Tcw:
[0.99881101, 0.029961508, 0.038455691, 0.012072719;
 -0.028554168, 0.99892056, -0.036638241, 0.00012608676;
 -0.039511919, 0.035496607, 0.99858838, 0.036715832;
 0, 0, 0, 1]
Twc:
[0.99881101, -0.028554168, -0.039511919, -0.010604051;
 0.029961508, 0.99892056, 0.035496607, -0.0017909551;
 0.038455691, -0.036638241, 0.99858838, -0.03712365;
 0, 0, 0, 1]
Ow:
[0.012072719;
 0.00012608676;
 0.036715832]
Keyframe: 4 Frame: 81 Frame from vFrameID : 82
Tcw:
[0.99913371, 0.032555997, 0.025922384, 0.013883148;
 -0.031366155, 0.998492, -0.045054525, 0.00014929753;
 -0.027350089, 0.04420241, 0.99864817, 0.040140707;
 0, 0, 0, 1]
Twc:
[0.99913371, -0.031366155, -0.027350089, -0.012768586;
 0.032555997, 0.998492, 0.04420241, -0.0023753683;
 0.025922384, -0.045054525, 0.99864817, -0.040439602;
 0, 0, 0, 1]
Ow:
[0.013883148;
 0.00014929753;
 0.040140707]
Keyframe: 5 Frame: 83 Frame from vFrameID : 84
Tcw:
[0.9991641, 0.038264435, 0.014386172, 0.016041748;
 -0.037418146, 0.99777973, -0.055095214, -0.00078332261;
 -0.016462419, 0.054510854, 0.99837744, 0.042363703;
 0, 0, 0, 1]
Twc:
[0.9991641, -0.037418146, -0.016462419, -0.01536024;
 0.038264435, 0.99777973, 0.054510854, -0.0021415269;
 0.014386172, -0.055095214, 0.99837744, -0.042568903;
 0, 0, 0, 1]
Ow:
[0.016041748;
 -0.00078332261;
 0.042363703]
Keyframe: 6 Frame: 85 Frame from vFrameID : 86
Tcw:
[0.99865097, 0.048711523, 0.017984768, 0.018066404;
 -0.047573414, 0.99712068, -0.059051711, -0.0012586114;
 -0.020809485, 0.058116451, 0.99809289, 0.043115411;
 0, 0, 0, 1]
Twc:
[0.99865097, -0.047573414, -0.020809485, -0.0172047;
 0.048711523, 0.99712068, 0.058116451, -0.0021307692;
 0.017984768, -0.059051711, 0.99809289, -0.043432429;
 0, 0, 0, 1]
Ow:
[0.018066404;
 -0.0012586114;
 0.043115411]
Keyframe: 7 Frame: 87 Frame from vFrameID : 88
Tcw:
[0.99816823, 0.054115962, 0.027048618, 0.019723054;
 -0.052525688, 0.99702567, -0.056399561, -0.0014277244;
 -0.030020282, 0.054875504, 0.99804181, 0.045670509;
 0, 0, 0, 1]
Twc:
[0.99816823, -0.052525688, -0.030020282, -0.018390877;
 0.054115962, 0.99702567, 0.054875504, -0.0021500464;
 0.027048618, -0.056399561, 0.99804181, -0.046195082;
 0, 0, 0, 1]
Ow:
[0.019723054;
 -0.0014277244;
 0.045670509]
Keyframe: 8 Frame: 90 Frame from vFrameID : 91
Tcw:
[0.99809635, 0.057112757, 0.023277892, 0.022399561;
 -0.05583505, 0.99707091, -0.052268915, -0.0011855828;
 -0.026194932, 0.050869688, 0.99836171, 0.051338598;
 0, 0, 0, 1]
Twc:
[0.99809635, -0.05583505, -0.026194932, -0.021078305;
 0.057112757, 0.99707091, 0.050869688, -0.0027087689;
 0.023277892, -0.052268915, 0.99836171, -0.051837873;
 0, 0, 0, 1]
Ow:
[0.022399561;
 -0.0011855828;
 0.051338598]
Keyframe: 9 Frame: 93 Frame from vFrameID : 94
Tcw:
[0.99854106, 0.053345028, 0.0083725424, 0.022779679;
 -0.052925274, 0.99762011, -0.044193547, 3.6333222e-06;
 -0.010710122, 0.04368595, 0.99898791, 0.055512302;
 0, 0, 0, 1]
Twc:
[0.99854106, -0.052925274, -0.010710122, -0.022151709;
 0.053345028, 0.99762011, 0.04368595, -0.0036439151;
 0.0083725424, -0.044193547, 0.99898791, -0.05564668;
 0, 0, 0, 1]
Ow:
[0.022779679;
 3.6333222e-06;
 0.055512302]
Keyframe: 10 Frame: 96 Frame from vFrameID : 97
Tcw:
[0.99916476, 0.040668048, 0.0039863707, 0.023321481;
 -0.040450893, 0.99819058, -0.044489801, 0.0013894096;
 -0.0057884711, 0.044291388, 0.99900186, 0.063608117;
 0, 0, 0, 1]
Twc:
[0.99916476, -0.040450893, -0.0057884711, -0.022877606;
 0.040668048, 0.99819058, 0.044291388, -0.0051526264;
 0.0039863707, -0.044489801, 0.99900186, -0.063575782;
 0, 0, 0, 1]
Ow:
[0.023321481;
 0.0013894096;
 0.063608117]
Keyframe: 11 Frame: 99 Frame from vFrameID : 100
Tcw:
[0.99884254, 0.04161378, 0.024122346, 0.025221342;
 -0.040284842, 0.99777198, -0.053181008, 0.0009170163;
 -0.026281664, 0.052147686, 0.99829352, 0.071162887;
 0, 0, 0, 1]
Twc:
[0.99884254, -0.040284842, -0.026281664, -0.023284927;
 0.04161378, 0.99777198, 0.052147686, -0.0056755082;
 0.024122346, -0.053181008, 0.99829352, -0.071601078;
 0, 0, 0, 1]
Ow:
[0.025221342;
 0.0009170163;
 0.071162887]
Keyframe: 12 Frame: 102 Frame from vFrameID : 103
Tcw:
[0.99887359, 0.029139731, 0.03744882, 0.02793492;
 -0.02709057, 0.99816751, -0.054107938, 0.0016009444;
 -0.038956888, 0.05303248, 0.9978326, 0.076221213;
 0, 0, 0, 1]
Twc:
[0.99887359, -0.02709057, -0.038956888, -0.024890741;
 0.029139731, 0.99816751, 0.05303248, -0.006454227;
 0.03744882, -0.054107938, 0.9978326, -0.077015519;
 0, 0, 0, 1]
Ow:
[0.02793492;
 0.0016009444;
 0.076221213]
Keyframe: 13 Frame: 105 Frame from vFrameID : 106
Tcw:
[0.99852246, 0.032543261, 0.043518387, 0.031184265;
 -0.030561108, 0.9984985, -0.045462228, 0.0023215194;
 -0.044932533, 0.044065084, 0.99801773, 0.082097903;
 0, 0, 0, 1]
Twc:
[0.99852246, -0.030561108, -0.044932533, -0.027378375;
 0.032543261, 0.9984985, 0.044065084, -0.0069505218;
 0.043518387, -0.045462228, 0.99801773, -0.083186701;
 0, 0, 0, 1]
Ow:
[0.031184265;
 0.0023215194;
 0.082097903]
Keyframe: 14 Frame: 108 Frame from vFrameID : 109
Tcw:
[0.99826646, 0.039338943, 0.043778695, 0.035927907;
 -0.037196953, 0.99812001, -0.0487113, 0.0025812075;
 -0.045612644, 0.046998423, 0.99785304, 0.086121045;
 0, 0, 0, 1]
Twc:
[0.99826646, -0.037196953, -0.045612644, -0.031841401;
 0.039338943, 0.99812001, 0.046998423, -0.0080372738;
 0.043778695, -0.0487113, 0.99785304, -0.087383285;
 0, 0, 0, 1]
Ow:
[0.035927907;
 0.0025812075;
 0.086121045]
Keyframe: 15 Frame: 112 Frame from vFrameID : 113
Tcw:
[0.99815714, 0.058710989, 0.015338896, 0.041502122;
 -0.057882085, 0.99707979, -0.049815759, -0.00016611861;
 -0.018218836, 0.048836112, 0.99864066, 0.092749916;
 0, 0, 0, 1]
Twc:
[0.99815714, -0.057882085, -0.018218836, -0.039745465;
 0.058710989, 0.99707979, 0.048836112, -0.0068005426;
 0.015338896, -0.049815759, 0.99864066, -0.093268707;
 0, 0, 0, 1]
Ow:
[0.041502122;
 -0.00016611861;
 0.092749916]
Keyframe: 16 Frame: 116 Frame from vFrameID : 117
Tcw:
[0.99701661, 0.073926039, -0.022198925, 0.044499323;
 -0.075008728, 0.99578846, -0.052716814, -0.0014385134;
 0.018208288, 0.054224651, 0.99836272, 0.096793033;
 0, 0, 0, 1]
Twc:
[0.99701661, -0.075008728, 0.018208288, -0.046236902;
 0.073926039, 0.99578846, 0.054224651, -0.0071057724;
 -0.022198925, -0.052716814, 0.99836272, -0.095722556;
 0, 0, 0, 1]
Ow:
[0.044499323;
 -0.0014385134;
 0.096793033]
Keyframe: 17 Frame: 120 Frame from vFrameID : 121
Tcw:
[0.99570107, 0.072300173, -0.057897188, 0.046882533;
 -0.075482443, 0.99563992, -0.054804146, -0.0018416247;
 0.053682406, 0.058938768, 0.99681717, 0.10249041;
 0, 0, 0, 1]
Twc:
[0.99570107, -0.075482443, 0.053682406, -0.052321929;
 0.072300173, 0.99563992, 0.058938768, -0.0075966786;
 -0.057897188, -0.054804146, 0.99681717, -0.099550754;
 0, 0, 0, 1]
Ow:
[0.046882533;
 -0.0018416247;
 0.10249041]
Keyframe: 18 Frame: 124 Frame from vFrameID : 125
Tcw:
[0.99679971, 0.067769744, -0.04239836, 0.050404102;
 -0.070082158, 0.99598694, -0.055664714, -0.0018223785;
 0.038455829, 0.058457941, 0.99754888, 0.10918752;
 0, 0, 0, 1]
Twc:
[0.99679971, -0.070082158, 0.038455829, -0.054569405;
 0.067769744, 0.99598694, 0.058457941, -0.0079836855;
 -0.04239836, -0.055664714, 0.99754888, -0.10688429;
 0, 0, 0, 1]
Ow:
[0.050404102;
 -0.0018223785;
 0.10918752]
Keyframe: 19 Frame: 128 Frame from vFrameID : 129
Tcw:
[0.99897408, 0.045043439, 0.0046775793, 0.047440436;
 -0.044733632, 0.99759716, -0.052904185, 0.0026511857;
 -0.0070493259, 0.052640665, 0.99858862, 0.11840141;
 0, 0, 0, 1]
Twc:
[0.99897408, -0.044733632, -0.0070493259, -0.046438519;
 0.045043439, 0.99759716, 0.052640665, -0.011014424;
 0.0046775793, -0.052904185, 0.99858862, -0.11831595;
 0, 0, 0, 1]
Ow:
[0.047440436;
 0.0026511857;
 0.11840141]
Keyframe: 20 Frame: 132 Frame from vFrameID : 133
Tcw:
[0.99912232, 0.036065858, 0.021304475, 0.045587197;
 -0.034893554, 0.99798214, -0.053047732, 0.001994329;
 -0.023174699, 0.052257784, 0.99836469, 0.13032906;
 0, 0, 0, 1]
Twc:
[0.99912232, -0.034893554, -0.023174699, -0.04245726;
 0.036065858, 0.99798214, 0.052257784, -0.010445153;
 0.021304475, -0.053047732, 0.99836469, -0.13098134;
 0, 0, 0, 1]
Ow:
[0.045587197;
 0.001994329;
 0.13032906]
Keyframe: 21 Frame: 136 Frame from vFrameID : 137
Tcw:
[0.99960113, 0.027649915, 0.0057457252, 0.047053102;
 -0.027230335, 0.99761444, -0.063434631, 0.0024240222;
 -0.0074859806, 0.063252874, 0.99796945, 0.1329904;
 0, 0, 0, 1]
Twc:
[0.99960113, -0.027230335, -0.0074859806, -0.045972764;
 0.027649915, 0.99761444, 0.063252874, -0.012131278;
 0.0057457252, -0.063434631, 0.99796945, -0.13283694;
 0, 0, 0, 1]
Ow:
[0.047053102;
 0.0024240222;
 0.1329904]
Keyframe: 22 Frame: 140 Frame from vFrameID : 141
Tcw:
[0.9992066, 0.038202874, 0.011258295, 0.056125257;
 -0.037358373, 0.99701792, -0.067525178, 0.0016711354;
 -0.013804377, 0.067051008, 0.99765402, 0.14323761;
 0, 0, 0, 1]
Twc:
[0.9992066, -0.037358373, -0.013804377, -0.054040987;
 0.038202874, 0.99701792, 0.067051008, -0.013414525;
 0.011258295, -0.067525178, 0.99765402, -0.14342062;
 0, 0, 0, 1]
Ow:
[0.056125257;
 0.0016711354;
 0.14323761]
Keyframe: 23 Frame: 145 Frame from vFrameID : 146
Tcw:
[0.99869293, 0.046385519, 0.021467956, 0.062180571;
 -0.044606298, 0.99603128, -0.077018864, 0.00022392627;
 -0.024955316, 0.075960591, 0.99679852, 0.15421778;
 0, 0, 0, 1]
Twc:
[0.99869293, -0.044606298, -0.024955316, -0.058240753;
 0.046385519, 0.99603128, 0.075960591, -0.014821787;
 0.021467956, -0.077018864, 0.99679852, -0.15504168;
 0, 0, 0, 1]
Ow:
[0.062180571;
 0.00022392627;
 0.15421778]
Keyframe: 24 Frame: 149 Frame from vFrameID : 150
Tcw:
[0.99833429, 0.056433041, 0.011996212, 0.070098147;
 -0.055572368, 0.99647325, -0.062870778, -0.0027150917;
 -0.015501894, 0.062099401, 0.9979496, 0.15964314;
 0, 0, 0, 1]
Twc:
[0.99833429, -0.055572368, -0.015501894, -0.067657501;
 0.056433041, 0.99647325, 0.062099401, -0.011164078;
 0.011996212, -0.062870778, 0.9979496, -0.16032742;
 0, 0, 0, 1]
Ow:
[0.070098147;
 -0.0027150917;
 0.15964314]
Keyframe: 25 Frame: 153 Frame from vFrameID : 154
Tcw:
[0.99878031, 0.049170773, -0.004485731, 0.070397049;
 -0.049360171, 0.99657553, -0.066338487, -0.0029306673;
 0.001208455, 0.06647899, 0.99778712, 0.16576916;
 0, 0, 0, 1]
Twc:
[0.99878031, -0.049360171, 0.001208455, -0.070656173;
 0.049170773, 0.99657553, 0.06647899, -0.011561013;
 -0.004485731, -0.066338487, 0.99778712, -0.16528095;
 0, 0, 0, 1]
Ow:
[0.070397049;
 -0.0029306673;
 0.16576916]
Keyframe: 26 Frame: 157 Frame from vFrameID : 158
Tcw:
[0.9984563, 0.055537947, 0.00076249242, 0.076203264;
 -0.055326715, 0.99568212, -0.074538797, -0.0039987201;
 -0.0048989318, 0.074381545, 0.99721783, 0.17395113;
 0, 0, 0, 1]
Twc:
[0.9984563, -0.055326715, -0.0048989318, -0.07545469;
 0.055537947, 0.99568212, 0.074381545, -0.013189472;
 0.00076249242, -0.074538797, 0.99721783, -0.17382333;
 0, 0, 0, 1]
Ow:
[0.076203264;
 -0.0039987201;
 0.17395113]
Keyframe: 27 Frame: 161 Frame from vFrameID : 162
Tcw:
[0.99855793, 0.049301669, 0.021245975, 0.077427961;
 -0.047550011, 0.99595195, -0.076280318, -0.0043419041;
 -0.024920717, 0.075160071, 0.99686003, 0.18358453;
 0, 0, 0, 1]
Twc:
[0.99855793, -0.047550011, -0.024920717, -0.072947703;
 0.049301669, 0.99595195, 0.075160071, -0.013291226;
 0.021245975, -0.076280318, 0.99686003, -0.18498431;
 0, 0, 0, 1]
Ow:
[0.077427961;
 -0.0043419041;
 0.18358453]
Keyframe: 28 Frame: 165 Frame from vFrameID : 166
Tcw:
[0.99743515, 0.054894093, 0.045931537, 0.079883464;
 -0.050743453, 0.99490541, -0.087110661, -0.00421103;
 -0.050479397, 0.084556513, 0.99513918, 0.18964525;
 0, 0, 0, 1]
Twc:
[0.99743515, -0.050743453, -0.050479397, -0.070319086;
 0.054894093, 0.99490541, 0.084556513, -0.016231297;
 0.045931537, -0.087110661, 0.99513918, -0.19275942;
 0, 0, 0, 1]
Ow:
[0.079883464;
 -0.00421103;
 0.18964525]
Keyframe: 29 Frame: 169 Frame from vFrameID : 170
Tcw:
[0.99684197, 0.062486306, 0.049005534, 0.080138817;
 -0.057989638, 0.99439967, -0.088354401, -0.0056699356;
 -0.054252028, 0.085233562, 0.99488288, 0.19729032;
 0, 0, 0, 1]
Twc:
[0.99684197, -0.057989638, -0.054252028, -0.06951113;
 0.062486306, 0.99439967, 0.085233562, -0.016185153;
 0.049005534, -0.088354401, 0.99488288, -0.20070897;
 0, 0, 0, 1]
Ow:
[0.080138817;
 -0.0056699356;
 0.19729032]
Keyframe: 30 Frame: 174 Frame from vFrameID : 175
Tcw:
[0.99723303, 0.062893681, 0.039631102, 0.085802257;
 -0.059210923, 0.99435073, -0.088094629, -0.0064532086;
 -0.04494781, 0.085504286, 0.99532342, 0.20391051;
 0, 0, 0, 1]
Twc:
[0.99723303, -0.059210923, -0.04494781, -0.076781623;
 0.062893681, 0.99435073, 0.085504286, -0.01641489;
 0.039631102, -0.088094629, 0.99532342, -0.20692585;
 0, 0, 0, 1]
Ow:
[0.085802257;
 -0.0064532086;
 0.20391051]
Keyframe: 31 Frame: 178 Frame from vFrameID : 179
Tcw:
[0.99833161, 0.051042117, 0.026994862, 0.087823533;
 -0.048589379, 0.99521178, -0.084809005, -0.0062124282;
 -0.031194435, 0.083355844, 0.99603146, 0.20658748;
 0, 0, 0, 1]
Twc:
[0.99833161, -0.048589379, -0.031194435, -0.081534483;
 0.051042117, 0.99521178, 0.083355844, -0.015520291;
 0.026994862, -0.084809005, 0.99603146, -0.2086653;
 0, 0, 0, 1]
Ow:
[0.087823533;
 -0.0062124282;
 0.20658748]
Keyframe: 32 Frame: 182 Frame from vFrameID : 183
Tcw:
[0.99789208, 0.057386141, 0.030303171, 0.097654775;
 -0.054947093, 0.9955951, -0.07596869, -0.011423867;
 -0.034529239, 0.074143484, 0.99664962, 0.21179141;
 0, 0, 0, 1]
Twc:
[0.99789208, -0.054947093, -0.034529239, -0.090763628;
 0.057386141, 0.9955951, 0.074143484, -0.0099334354;
 0.030303171, -0.07596869, 0.99664962, -0.21490893;
 0, 0, 0, 1]
Ow:
[0.097654775;
 -0.011423867;
 0.21179141]
Keyframe: 33 Frame: 186 Frame from vFrameID : 187
Tcw:
[0.99816442, 0.054772556, 0.025842084, 0.094946019;
 -0.052916482, 0.99629885, -0.0677379, -0.011484396;
 -0.029456617, 0.066246085, 0.9973684, 0.21674596;
 0, 0, 0, 1]
Twc:
[0.99816442, -0.052916482, -0.029456617, -0.088994838;
 0.054772556, 0.99629885, 0.066246085, -0.0081171179;
 0.025842084, -0.0677379, 0.9973684, -0.21940711;
 0, 0, 0, 1]
Ow:
[0.094946019;
 -0.011484396;
 0.21674596]
Keyframe: 34 Frame: 191 Frame from vFrameID : 192
Tcw:
[0.99813735, 0.059233654, 0.014601884, 0.10040817;
 -0.058265604, 0.99651974, -0.059611049, -0.013403669;
 -0.018082047, 0.058649227, 0.99811488, 0.22452305;
 0, 0, 0, 1]
Twc:
[0.99813735, -0.058265604, -0.018082047, -0.096942283;
 0.059233654, 0.99651974, 0.058649227, -0.0057586264;
 0.014601884, -0.059611049, 0.99811488, -0.22636496;
 0, 0, 0, 1]
Ow:
[0.10040817;
 -0.013403669;
 0.22452305]
Keyframe: 35 Frame: 196 Frame from vFrameID : 197
Tcw:
[0.99757087, 0.049066391, 0.04944526, 0.10108599;
 -0.045116212, 0.99592692, -0.078064524, -0.010764003;
 -0.053074211, 0.075644113, 0.9957214, 0.23383091;
 0, 0, 0, 1]
Twc:
[0.99757087, -0.045116212, -0.053074211, -0.088915676;
 0.049066391, 0.99592692, 0.075644113, -0.011927695;
 0.04944526, -0.078064524, 0.9957214, -0.23866895;
 0, 0, 0, 1]
Ow:
[0.10108599;
 -0.010764003;
 0.23383091]
Keyframe: 36 Frame: 200 Frame from vFrameID : 201
Tcw:
[0.99716419, 0.04372903, 0.06124825, 0.099409148;
 -0.038323592, 0.99548769, -0.086807318, -0.0083866827;
 -0.064767882, 0.084213898, 0.99434054, 0.23830736;
 0, 0, 0, 1]
Twc:
[0.99716419, -0.038323592, -0.064767882, -0.084013984;
 0.04372903, 0.99548769, 0.084213898, -0.016067019;
 0.06124825, -0.086807318, 0.99434054, -0.24377534;
 0, 0, 0, 1]
Ow:
[0.099409148;
 -0.0083866827;
 0.23830736]
Keyframe: 37 Frame: 204 Frame from vFrameID : 205
Tcw:
[0.99662244, 0.040749595, 0.071296029, 0.09983699;
 -0.034798101, 0.99595731, -0.082813703, -0.0068356432;
 -0.074382424, 0.080053031, 0.99401146, 0.24634741;
 0, 0, 0, 1]
Twc:
[0.99662244, -0.034798101, -0.074382424, -0.081413746;
 0.040749595, 0.99595731, 0.080053031, -0.016981166;
 0.071296029, -0.082813703, 0.99401146, -0.2525562;
 0, 0, 0, 1]
Ow:
[0.09983699;
 -0.0068356432;
 0.24634741]
Keyframe: 38 Frame: 209 Frame from vFrameID : 210
Tcw:
[0.99789417, 0.039862994, 0.051168531, 0.10356674;
 -0.035149917, 0.99532884, -0.089916453, -0.0064658094;
 -0.054513857, 0.087928534, 0.99463403, 0.25364318;
 0, 0, 0, 1]
Twc:
[0.99789417, -0.035149917, -0.054513857, -0.089748837;
 0.039862994, 0.99532884, 0.087928534, -0.019995345;
 0.051168531, -0.089916453, 0.99463403, -0.25816289;
 0, 0, 0, 1]
Ow:
[0.10356674;
 -0.0064658094;
 0.25364318]
Keyframe: 39 Frame: 214 Frame from vFrameID : 215
Tcw:
[0.99761033, 0.055110391, 0.041671656, 0.11614514;
 -0.050849762, 0.99396694, -0.09718027, -0.0028804;
 -0.046775892, 0.094829038, 0.994394, 0.26413444;
 0, 0, 0, 1]
Twc:
[0.99761033, -0.050849762, -0.046775892, -0.10365893;
 0.055110391, 0.99396694, 0.094829038, -0.0285854;
 0.041671656, -0.09718027, 0.994394, -0.2677736;
 0, 0, 0, 1]
Ow:
[0.11614514;
 -0.0028804;
 0.26413444]
Keyframe: 40 Frame: 219 Frame from vFrameID : 220
Tcw:
[0.99756354, 0.06250377, 0.030987719, 0.11496188;
 -0.059741519, 0.99473846, -0.083224684, -0.0012839809;
 -0.036026534, 0.081170656, 0.99604893, 0.272865;
 0, 0, 0, 1]
Twc:
[0.99756354, -0.059741519, -0.036026534, -0.10492811;
 0.06250377, 0.99473846, 0.081170656, -0.028056955;
 0.030987719, -0.083224684, 0.99604893, -0.27545613;
 0, 0, 0, 1]
Ow:
[0.11496188;
 -0.0012839809;
 0.272865]
Keyframe: 41 Frame: 225 Frame from vFrameID : 226
Tcw:
[0.99578673, 0.068427742, 0.061044302, 0.1286816;
 -0.063596845, 0.99493468, -0.077849023, -0.003313005;
 -0.066062123, 0.073638797, 0.99509454, 0.29247254;
 0, 0, 0, 1]
Twc:
[0.99578673, -0.063596845, -0.066062123, -0.10902876;
 0.068427742, 0.99493468, 0.073638797, -0.027046492;
 0.061044302, -0.077849023, 0.99509454, -0.299151;
 0, 0, 0, 1]
Ow:
[0.1286816;
 -0.003313005;
 0.29247254]
Keyframe: 42 Frame: 230 Frame from vFrameID : 231
Tcw:
[0.99516273, 0.065355197, 0.073347449, 0.12420727;
 -0.056723736, 0.99184263, -0.1141515, -0.00063012168;
 -0.080209523, 0.10943878, 0.99075204, 0.30390587;
 0, 0, 0, 1]
Twc:
[0.99516273, -0.056723736, -0.080209523, -0.099266037;
 0.065355197, 0.99184263, 0.10943878, -0.040751696;
 0.073347449, -0.1141515, 0.99075204, -0.31027758;
 0, 0, 0, 1]
Ow:
[0.12420727;
 -0.00063012168;
 0.30390587]
Keyframe: 43 Frame: 235 Frame from vFrameID : 236
Tcw:
[0.99590373, 0.054531664, 0.072125137, 0.12588295;
 -0.046527233, 0.99302369, -0.10834762, 0.0018585026;
 -0.077530347, 0.10454801, 0.99149323, 0.31166026;
 0, 0, 0, 1]
Twc:
[0.99590373, -0.046527233, -0.077530347, -0.1011177;
 0.054531664, 0.99302369, 0.10454801, -0.041293606;
 0.072125137, -0.10834762, 0.99149323, -0.31788698;
 0, 0, 0, 1]
Ow:
[0.12588295;
 0.0018585026;
 0.31166026]
Keyframe: 44 Frame: 241 Frame from vFrameID : 242
Tcw:
[0.99806458, 0.04505378, 0.042862866, 0.13337325;
 -0.041080423, 0.99514377, -0.08944983, 0.0045358818;
 -0.046684768, 0.087515883, 0.99506861, 0.32279846;
 0, 0, 0, 1]
Twc:
[0.99806458, -0.041080423, -0.046684768, -0.11785901;
 0.04505378, 0.99514377, 0.087515883, -0.038772818;
 0.042862866, -0.08944983, 0.99506861, -0.32651764;
 0, 0, 0, 1]
Ow:
[0.13337325;
 0.0045358818;
 0.32279846]
Keyframe: 45 Frame: 246 Frame from vFrameID : 247
Tcw:
[0.99883962, 0.04765686, 0.0069434936, 0.13954723;
 -0.046864372, 0.99503022, -0.087855436, 0.0038490705;
 -0.0110959, 0.087428086, 0.99610901, 0.3344484;
 0, 0, 0, 1]
Twc:
[0.99883962, -0.046864372, -0.0110959, -0.13549392;
 0.04765686, 0.99503022, 0.087428086, -0.039720513;
 0.0069434936, -0.087855436, 0.99610901, -0.33377787;
 0, 0, 0, 1]
Ow:
[0.13954723;
 0.0038490705;
 0.3344484]
Keyframe: 46 Frame: 252 Frame from vFrameID : 253
Tcw:
[0.99824703, 0.058491126, -0.0090362867, 0.14415018;
 -0.059015546, 0.99526441, -0.077239409, 0.0043191351;
 0.0044756741, 0.077637292, 0.99697161, 0.34645426;
 0, 0, 0, 1]
Twc:
[0.99824703, -0.059015546, 0.0044756741, -0.14519322;
 0.058491126, 0.99526441, 0.077637292, -0.039627958;
 -0.0090362867, -0.077239409, 0.99697161, -0.34376886;
 0, 0, 0, 1]
Ow:
[0.14415018;
 0.0043191351;
 0.34645426]
Keyframe: 47 Frame: 257 Frame from vFrameID : 258
Tcw:
[0.99841207, 0.055789545, 0.0077984193, 0.14873956;
 -0.055094935, 0.99593747, -0.0712258, 0.004455952;
 -0.011740393, 0.070683047, 0.99742973, 0.36398029;
 0, 0, 0, 1]
Twc:
[0.99841207, -0.055094935, -0.011740393, -0.14398462;
 0.055789545, 0.99593747, 0.070683047, -0.038463198;
 0.0077984193, -0.0712258, 0.99742973, -0.36388731;
 0, 0, 0, 1]
Ow:
[0.14873956;
 0.004455952;
 0.36398029]
Keyframe: 48 Frame: 262 Frame from vFrameID : 263
Tcw:
[0.99907565, 0.042248901, 0.0079292795, 0.14612016;
 -0.041353017, 0.99498445, -0.09108153, 0.0060814694;
 -0.011737605, 0.090669438, 0.99581188, 0.37508011;
 0, 0, 0, 1]
Twc:
[0.99907565, -0.041353017, -0.011737605, -0.14133108;
 0.042248901, 0.99498445, 0.090669438, -0.046232685;
 0.0079292795, -0.09108153, 0.99581188, -0.37411395;
 0, 0, 0, 1]
Ow:
[0.14612016;
 0.0060814694;
 0.37508011]
Keyframe: 49 Frame: 267 Frame from vFrameID : 268
Tcw:
[0.99886739, 0.044184856, 0.017652359, 0.15106712;
 -0.042277217, 0.99440742, -0.096781015, 0.008841306;
 -0.021829892, 0.095925108, 0.99514914, 0.38551763;
 0, 0, 0, 1]
Twc:
[0.99886739, -0.042277217, -0.021829892, -0.14210643;
 0.044184856, 0.99440742, 0.095925108, -0.052447561;
 0.017652359, -0.096781015, 0.99514914, -0.38545856;
 0, 0, 0, 1]
Ow:
[0.15106712;
 0.008841306;
 0.38551763]
Keyframe: 50 Frame: 272 Frame from vFrameID : 273
Tcw:
[0.99846691, 0.04765356, -0.02815957, 0.15384796;
 -0.049646188, 0.99595398, -0.074906096, 0.0072585922;
 0.024476094, 0.076189272, 0.99679291, 0.39701551;
 0, 0, 0, 1]
Twc:
[0.99846691, -0.049646188, 0.024476094, -0.16296913;
 0.04765356, 0.99595398, 0.076189272, -0.044808954;
 -0.02815957, -0.074906096, 0.99679291, -0.39086625;
 0, 0, 0, 1]
Ow:
[0.15384796;
 0.0072585922;
 0.39701551]
Keyframe: 51 Frame: 277 Frame from vFrameID : 278
Tcw:
[0.99750489, 0.062274057, -0.033254992, 0.14638738;
 -0.064984545, 0.99401236, -0.08784309, 0.0085475482;
 0.027585529, 0.089784972, 0.99557906, 0.40911618;
 0, 0, 0, 1]
Twc:
[0.99750489, -0.064984545, 0.027585529, -0.15675236;
 0.062274057, 0.99401236, 0.089784972, -0.054344989;
 -0.033254992, -0.08784309, 0.99557906, -0.40168855;
 0, 0, 0, 1]
Ow:
[0.14638738;
 0.0085475482;
 0.40911618]
Keyframe: 52 Frame: 282 Frame from vFrameID : 283
Tcw:
[0.99490708, 0.073601767, -0.068866976, 0.16829406;
 -0.079705477, 0.99269813, -0.09053982, 0.0064322092;
 0.061700229, 0.095567785, 0.99350888, 0.42039481;
 0, 0, 0, 1]
Twc:
[0.99490708, -0.079705477, 0.061700229, -0.19286272;
 0.073601767, 0.99269813, 0.095567785, -0.058948182;
 -0.068866976, -0.09053982, 0.99350888, -0.40549371;
 0, 0, 0, 1]
Ow:
[0.16829406;
 0.0064322092;
 0.42039481]
Keyframe: 53 Frame: 287 Frame from vFrameID : 288
Tcw:
[0.99532211, 0.092108145, -0.029154355, 0.17815469;
 -0.093564376, 0.99418509, -0.053307649, 0.0089044776;
 0.024074756, 0.055786092, 0.99815243, 0.43434146;
 0, 0, 0, 1]
Twc:
[0.99532211, -0.093564376, 0.024074756, -0.18694483;
 0.092108145, 0.99418509, 0.055786092, -0.049492411;
 -0.029154355, -0.053307649, 0.99815243, -0.42787033;
 0, 0, 0, 1]
Ow:
[0.17815469;
 0.0089044776;
 0.43434146]
Keyframe: 54 Frame: 292 Frame from vFrameID : 293
Tcw:
[0.99676818, 0.076867491, -0.023335386, 0.166253;
 -0.077633418, 0.99640501, -0.033912882, 0.0089504672;
 0.020644698, 0.035614889, 0.9991523, 0.45115131;
 0, 0, 0, 1]
Twc:
[0.99676818, -0.077633418, 0.020644698, -0.17433472;
 0.076867491, 0.99640501, 0.035614889, -0.037765447;
 -0.023335386, -0.033912882, 0.9991523, -0.4465858;
 0, 0, 0, 1]
Ow:
[0.166253;
 0.0089504672;
 0.45115131]
Keyframe: 55 Frame: 297 Frame from vFrameID : 298
Tcw:
[0.99813724, 0.050648138, -0.034011681, 0.17021823;
 -0.052190486, 0.9975723, -0.046104442, 0.0099343751;
 0.031594004, 0.047793645, 0.99835742, 0.4619514;
 0, 0, 0, 1]
Twc:
[0.99813724, -0.052190486, 0.031594004, -0.18397759;
 0.050648138, 0.9975723, 0.047793645, -0.04060984;
 -0.034011681, -0.046104442, 0.99835742, -0.45494521;
 0, 0, 0, 1]
Ow:
[0.17021823;
 0.0099343751;
 0.4619514]
Keyframe: 56 Frame: 302 Frame from vFrameID : 303
Tcw:
[0.99771971, 0.059247788, -0.032327835, 0.17892189;
 -0.061020866, 0.99651128, -0.056936491, 0.012730949;
 0.028841689, 0.058779333, 0.99785429, 0.47380558;
 0, 0, 0, 1]
Twc:
[0.99771971, -0.061020866, 0.028841689, -0.19140241;
 0.059247788, 0.99651128, 0.058779333, -0.051137235;
 -0.032327835, -0.056936491, 0.99785429, -0.46627989;
 0, 0, 0, 1]
Ow:
[0.17892189;
 0.012730949;
 0.47380558]
Keyframe: 57 Frame: 307 Frame from vFrameID : 308
Tcw:
[0.99354315, 0.078340828, -0.082065575, 0.18512771;
 -0.083711036, 0.9944213, -0.064177193, 0.012049168;
 0.076580063, 0.070632607, 0.99455845, 0.48677868;
 0, 0, 0, 1]
Twc:
[0.99354315, -0.083711036, 0.076580063, -0.22020125;
 0.078340828, 0.9944213, 0.070632607, -0.060867451;
 -0.082065575, -0.064177193, 0.99455845, -0.46816397;
 0, 0, 0, 1]
Ow:
[0.18512771;
 0.012049168;
 0.48677868]
Keyframe: 58 Frame: 313 Frame from vFrameID : 314
Tcw:
[0.99266422, 0.07810422, -0.092290193, 0.19211882;
 -0.082520746, 0.9955709, -0.045043819, 0.013763674;
 0.08836332, 0.052329242, 0.99471283, 0.49933603;
 0, 0, 0, 1]
Twc:
[0.99266422, -0.082520746, 0.08836332, -0.23369668;
 0.07810422, 0.9955709, 0.052329242, -0.054837875;
 -0.092290193, -0.045043819, 0.99471283, -0.47834527;
 0, 0, 0, 1]
Ow:
[0.19211882;
 0.013763674;
 0.49933603]
Keyframe: 59 Frame: 318 Frame from vFrameID : 319
Tcw:
[0.99590367, 0.06957496, -0.057751428, 0.19272336;
 -0.072384953, 0.99621725, -0.048079684, 0.017729478;
 0.054187827, 0.052063067, 0.99717253, 0.5122335;
 0, 0, 0, 1]
Twc:
[0.99590367, -0.072384953, 0.054187827, -0.21840736;
 0.06957496, 0.99621725, 0.052063067, -0.057739574;
 -0.057751428, -0.048079684, 0.99717253, -0.49880272;
 0, 0, 0, 1]
Ow:
[0.19272336;
 0.017729478;
 0.5122335]
Keyframe: 60 Frame: 323 Frame from vFrameID : 324
Tcw:
[0.99736482, 0.06574063, -0.030686079, 0.19351053;
 -0.067582242, 0.99569517, -0.063433267, 0.019778792;
 0.026383836, 0.065339945, 0.99751419, 0.52796417;
 0, 0, 0, 1]
Twc:
[0.99736482, -0.067582242, 0.026383836, -0.20559362;
 0.06574063, 0.99569517, 0.065339945, -0.066912301;
 -0.030686079, -0.063433267, 0.99751419, -0.51945907;
 0, 0, 0, 1]
Ow:
[0.19351053;
 0.019778792;
 0.52796417]
Keyframe: 61 Frame: 328 Frame from vFrameID : 329
Tcw:
[0.99708885, 0.051918212, -0.055842143, 0.19315635;
 -0.055239439, 0.99668831, -0.059674487, 0.021689249;
 0.052559018, 0.062585451, 0.99665469, 0.53746331;
 0, 0, 0, 1]
Twc:
[0.99708885, -0.055239439, 0.052559018, -0.21964447;
 0.051918212, 0.99668831, 0.062585451, -0.065283142;
 -0.055842143, -0.059674487, 0.99665469, -0.52358478;
 0, 0, 0, 1]
Ow:
[0.19315635;
 0.021689249;
 0.53746331]
Keyframe: 62 Frame: 334 Frame from vFrameID : 335
Tcw:
[0.99065834, 0.075733945, -0.11340358, 0.2088944;
 -0.082526252, 0.99498922, -0.056443203, 0.023205182;
 0.10856067, 0.065274701, 0.99194443, 0.55306786;
 0, 0, 0, 1]
Twc:
[0.99065834, -0.082526252, 0.10856067, -0.26506937;
 0.075733945, 0.99498922, 0.065274701, -0.075010642;
 -0.11340358, -0.056443203, 0.99194443, -0.52361345;
 0, 0, 0, 1]
Ow:
[0.2088944;
 0.023205182;
 0.55306786]
Keyframe: 63 Frame: 340 Frame from vFrameID : 341
Tcw:
[0.98538554, 0.082080267, -0.14925872, 0.21128578;
 -0.090484217, 0.99462163, -0.050402611, 0.016438184;
 0.14431888, 0.063171566, 0.98751277, 0.56951946;
 0, 0, 0, 1]
Twc:
[0.98538554, -0.090484217, 0.14431888, -0.28890297;
 0.082080267, 0.99462163, 0.063171566, -0.069669604;
 -0.14925872, -0.050402611, 0.98751277, -0.53004295;
 0, 0, 0, 1]
Ow:
[0.21128578;
 0.016438184;
 0.56951946]
Keyframe: 64 Frame: 346 Frame from vFrameID : 347
Tcw:
[0.99220687, 0.052358951, -0.11306668, 0.22700626;
 -0.059076689, 0.99663037, -0.056902487, 0.019973289;
 0.10970633, 0.063138641, 0.99195665, 0.58248574;
 0, 0, 0, 1]
Twc:
[0.99220687, -0.059076689, 0.10970633, -0.28795961;
 0.052358951, 0.99663037, 0.063138641, -0.068569154;
 -0.11306668, -0.056902487, 0.99195665, -0.5509972;
 0, 0, 0, 1]
Ow:
[0.22700626;
 0.019973289;
 0.58248574]
Keyframe: 65 Frame: 351 Frame from vFrameID : 352
Tcw:
[0.99497992, 0.047735851, -0.087955996, 0.22360277;
 -0.05185511, 0.9976331, -0.045158092, 0.021749631;
 0.085592158, 0.049492363, 0.99510026, 0.59639287;
 0, 0, 0, 1]
Twc:
[0.99497992, -0.05185511, 0.085592158, -0.27239898;
 0.047735851, 0.9976331, 0.049492363, -0.061888911;
 -0.087955996, -0.045158092, 0.99510026, -0.57282126;
 0, 0, 0, 1]
Ow:
[0.22360277;
 0.021749631;
 0.59639287]
Keyframe: 66 Frame: 356 Frame from vFrameID : 357
Tcw:
[0.99560839, 0.033455927, -0.087433457, 0.22355223;
 -0.038466785, 0.99767441, -0.056268319, 0.02200146;
 0.085347615, 0.059384495, 0.99457997, 0.60900104;
 0, 0, 0, 1]
Twc:
[0.99560839, -0.038466785, 0.085347615, -0.27370095;
 0.033455927, 0.99767441, 0.059384495, -0.065594658;
 -0.087433457, -0.056268319, 0.99457997, -0.58491629;
 0, 0, 0, 1]
Ow:
[0.22355223;
 0.02200146;
 0.60900104]
Keyframe: 67 Frame: 361 Frame from vFrameID : 362
Tcw:
[0.99603736, 0.034004405, -0.082178444, 0.23030576;
 -0.038665183, 0.9976927, -0.055805646, 0.024508677;
 0.080091201, 0.058761951, 0.99505401, 0.62059098;
 0, 0, 0, 1]
Twc:
[0.99603736, -0.038665183, 0.080091201, -0.2781494;
 0.034004405, 0.9976927, 0.058761951, -0.068750679;
 -0.082178444, -0.055805646, 0.99505401, -0.59722763;
 0, 0, 0, 1]
Ow:
[0.23030576;
 0.024508677;
 0.62059098]
Keyframe: 68 Frame: 367 Frame from vFrameID : 368
Tcw:
[0.99196339, 0.05412944, -0.11436207, 0.24152943;
 -0.062953301, 0.99519378, -0.075008154, 0.024831094;
 0.10975227, 0.081604809, 0.99060339, 0.63435668;
 0, 0, 0, 1]
Twc:
[0.99196339, -0.062953301, 0.10975227, -0.30764723;
 0.05412944, 0.99519378, 0.081604809, -0.089552164;
 -0.11436207, -0.075008154, 0.99060339, -0.59891158;
 0, 0, 0, 1]
Ow:
[0.24152943;
 0.024831094;
 0.63435668]
Keyframe: 69 Frame: 373 Frame from vFrameID : 374
Tcw:
[0.98950839, 0.060023345, -0.13141669, 0.2435894;
 -0.068401448, 0.99584049, -0.060191218, 0.024837531;
 0.12725718, 0.068548806, 0.9894982, 0.64352494;
 0, 0, 0, 1]
Twc:
[0.98950839, -0.068401448, 0.12725718, -0.321228;
 0.060023345, 0.99584049, 0.068548806, -0.083468139;
 -0.13141669, -0.060191218, 0.9894982, -0.60326004;
 0, 0, 0, 1]
Ow:
[0.2435894;
 0.024837531;
 0.64352494]
Keyframe: 70 Frame: 379 Frame from vFrameID : 380
Tcw:
[0.99326217, 0.053973854, -0.10255294, 0.24712977;
 -0.062754981, 0.99445194, -0.084422216, 0.023652773;
 0.097427376, 0.090289101, 0.99113864, 0.65852278;
 0, 0, 0, 1]
Twc:
[0.99326217, -0.062754981, 0.097427376, -0.30813846;
 0.053973854, 0.99445194, 0.090289101, -0.096317522;
 -0.10255294, -0.084422216, 0.99113864, -0.62534666;
 0, 0, 0, 1]
Ow:
[0.24712977;
 0.023652773;
 0.65852278]
Keyframe: 71 Frame: 385 Frame from vFrameID : 386
Tcw:
[0.99636346, 0.048964012, -0.069731064, 0.25024927;
 -0.055365283, 0.99412191, -0.093039572, 0.022966355;
 0.06476558, 0.096561909, 0.99321759, 0.66960025;
 0, 0, 0, 1]
Twc:
[0.99636346, -0.055365283, 0.06476558, -0.29143471;
 0.048964012, 0.99412191, 0.096561909, -0.099742435;
 -0.069731064, -0.093039572, 0.99321759, -0.64547181;
 0, 0, 0, 1]
Ow:
[0.25024927;
 0.022966355;
 0.66960025]
Keyframe: 72 Frame: 391 Frame from vFrameID : 392
Tcw:
[0.99910802, 0.041561067, -0.0074717179, 0.25174129;
 -0.042064264, 0.9950816, -0.08968357, 0.024180856;
 0.0037076247, 0.089917861, 0.99594229, 0.67731977;
 0, 0, 0, 1]
Twc:
[0.99910802, -0.042064264, 0.0037076247, -0.25301087;
 0.041561067, 0.9950816, 0.089917861, -0.095427707;
 -0.0074717179, -0.08968357, 0.99594229, -0.6705218;
 0, 0, 0, 1]
Ow:
[0.25174129;
 0.024180856;
 0.67731977]
Keyframe: 73 Frame: 397 Frame from vFrameID : 398
Tcw:
[0.99799353, 0.028743524, -0.056415334, 0.25567466;
 -0.034957595, 0.99304223, -0.11245029, 0.024858586;
 0.052790593, 0.11419681, 0.99205458, 0.68198651;
 0, 0, 0, 1]
Twc:
[0.99799353, -0.034957595, 0.052790593, -0.29029512;
 0.028743524, 0.99304223, 0.11419681, -0.10991529;
 -0.056415334, -0.11245029, 0.99205458, -0.65934843;
 0, 0, 0, 1]
Ow:
[0.25567466;
 0.024858586;
 0.68198651]
Keyframe: 74 Frame: 402 Frame from vFrameID : 403
Tcw:
[0.99659204, 0.041243777, -0.071436808, 0.25769588;
 -0.047481295, 0.99499345, -0.087940529, 0.025934771;
 0.067452163, 0.091032743, 0.99356091, 0.68524462;
 0, 0, 0, 1]
Twc:
[0.99659204, -0.047481295, 0.067452163, -0.30180749;
 0.041243777, 0.99499345, 0.091032743, -0.098812975;
 -0.071436808, -0.087940529, 0.99356091, -0.66014254;
 0, 0, 0, 1]
Ow:
[0.25769588;
 0.025934771;
 0.68524462]
Keyframe: 75 Frame: 407 Frame from vFrameID : 408
Tcw:
[0.99529779, 0.044731684, -0.085914887, 0.26077735;
 -0.051324122, 0.99577671, -0.076122075, 0.025008556;
 0.082146972, 0.080173634, 0.9933902, 0.69130093;
 0, 0, 0, 1]
Twc:
[0.99529779, -0.051324122, 0.082146972, -0.31505588;
 0.044731684, 0.99577671, 0.080173634, -0.091992058;
 -0.085914887, -0.076122075, 0.9933902, -0.66242319;
 0, 0, 0, 1]
Ow:
[0.26077735;
 0.025008556;
 0.69130093]
Keyframe: 76 Frame: 413 Frame from vFrameID : 414
Tcw:
[0.9970566, 0.036762036, -0.067280993, 0.26072371;
 -0.041461766, 0.99669594, -0.069843687, 0.025744576;
 0.064491101, 0.072427697, 0.99528646, 0.700921;
 0, 0, 0, 1]
Twc:
[0.9970566, -0.041461766, 0.064491101, -0.30409202;
 0.036762036, 0.99669594, 0.072427697, -0.086010337;
 -0.067280993, -0.069843687, 0.99528646, -0.67827731;
 0, 0, 0, 1]
Ow:
[0.26072371;
 0.025744576;
 0.700921]
Keyframe: 77 Frame: 419 Frame from vFrameID : 420
Tcw:
[0.99899542, 0.018139757, -0.040976871, 0.26374373;
 -0.021088447, 0.99712992, -0.072713427, 0.026376486;
 0.039540257, 0.073504522, 0.99651074, 0.70658171;
 0, 0, 0, 1]
Twc:
[0.99899542, -0.021088447, 0.039540257, -0.29086095;
 0.018139757, 0.99712992, 0.073504522, -0.083021969;
 -0.040976871, -0.072713427, 0.99651074, -0.69139093;
 0, 0, 0, 1]
Ow:
[0.26374373;
 0.026376486;
 0.70658171]
Keyframe: 78 Frame: 425 Frame from vFrameID : 426
Tcw:
[0.9974733, 0.042924359, -0.056607958, 0.26774877;
 -0.046997312, 0.99624598, -0.072699055, 0.02609643;
 0.053274892, 0.075175792, 0.99574614, 0.71370155;
 0, 0, 0, 1]
Twc:
[0.9974733, -0.046997312, 0.053274892, -0.30386817;
 0.042924359, 0.99624598, 0.075175792, -0.091144495;
 -0.056607958, -0.072699055, 0.99574614, -0.69361168;
 0, 0, 0, 1]
Ow:
[0.26774877;
 0.02609643;
 0.71370155]
Keyframe: 79 Frame: 431 Frame from vFrameID : 432
Tcw:
[0.99739951, 0.044647921, -0.056575019, 0.26991534;
 -0.049044546, 0.99567777, -0.078869909, 0.027237583;
 0.052809112, 0.081439503, 0.99527824, 0.71910131;
 0, 0, 0, 1]
Twc:
[0.99739951, -0.049044546, 0.052809112, -0.30585268;
 0.044647921, 0.99567777, 0.081439503, -0.097734272;
 -0.056575019, -0.078869909, 0.99527824, -0.69828725;
 0, 0, 0, 1]
Ow:
[0.26991534;
 0.027237583;
 0.71910131]
Keyframe: 80 Frame: 437 Frame from vFrameID : 438
Tcw:
[0.99775243, 0.047082614, -0.047679257, 0.27255785;
 -0.05037383, 0.99624914, -0.070357569, 0.027883407;
 0.044187799, 0.072601222, 0.9963817, 0.7259106;
 0, 0, 0, 1]
Twc:
[0.99775243, -0.05037383, 0.044187799, -0.30261704;
 0.047082614, 0.99624914, 0.072601222, -0.093313545;
 -0.047679257, -0.070357569, 0.9963817, -0.70832688;
 0, 0, 0, 1]
Ow:
[0.27255785;
 0.027883407;
 0.7259106]
Keyframe: 81 Frame: 443 Frame from vFrameID : 444
Tcw:
[0.99926418, 0.038259041, -0.0027023591, 0.26987052;
 -0.038345192, 0.99500185, -0.092200384, 0.028396234;
 -0.00083864591, 0.092236161, 0.99573678, 0.73447675;
 0, 0, 0, 1]
Twc:
[0.99926418, -0.038345192, -0.00083864591, -0.26796713;
 0.038259041, 0.99500185, 0.092236161, -0.10632462;
 -0.0027023591, -0.092200384, 0.99573678, -0.72799814;
 0, 0, 0, 1]
Ow:
[0.26987052;
 0.028396234;
 0.73447675]
Keyframe: 82 Frame: 449 Frame from vFrameID : 450
Tcw:
[0.99862772, 0.048852663, 0.018871192, 0.2728141;
 -0.046942286, 0.99474096, -0.091031805, 0.028879307;
 -0.023219094, 0.090021022, 0.99566919, 0.74087113;
 0, 0, 0, 1]
Twc:
[0.99862772, -0.046942286, -0.023219094, -0.25388169;
 0.048852663, 0.99474096, 0.090021022, -0.1087491;
 0.018871192, -0.091031805, 0.99566919, -0.74018192;
 0, 0, 0, 1]
Ow:
[0.2728141;
 0.028879307;
 0.74087113]
Keyframe: 83 Frame: 455 Frame from vFrameID : 456
Tcw:
[0.99890846, 0.044995148, -0.012545234, 0.27560994;
 -0.046015374, 0.99406034, -0.098623641, 0.027620226;
 0.008033134, 0.099093258, 0.99504572, 0.74611962;
 0, 0, 0, 1]
Twc:
[0.99890846, -0.046015374, 0.008033134, -0.2800318;
 0.044995148, 0.99406034, 0.099093258, -0.11379271;
 -0.012545234, -0.098623641, 0.99504572, -0.73624158;
 0, 0, 0, 1]
Ow:
[0.27560994;
 0.027620226;
 0.74611962]
Keyframe: 84 Frame: 460 Frame from vFrameID : 461
Tcw:
[0.99799299, 0.055234056, -0.030970665, 0.27765828;
 -0.057950225, 0.99378645, -0.095027357, 0.028121643;
 0.025529481, 0.096631393, 0.99499279, 0.75134206;
 0, 0, 0, 1]
Twc:
[0.99799299, -0.057950225, 0.025529481, -0.29465273;
 0.055234056, 0.99378645, 0.096631393, -0.11588634;
 -0.030970665, -0.095027357, 0.99499279, -0.73630834;
 0, 0, 0, 1]
Ow:
[0.27765828;
 0.028121643;
 0.75134206]
Keyframe: 85 Frame: 466 Frame from vFrameID : 467
Tcw:
[0.99723309, 0.055349749, -0.04962448, 0.27948239;
 -0.059919424, 0.99358606, -0.095898114, 0.028447412;
 0.043998256, 0.098606244, 0.99415338, 0.75753152;
 0, 0, 0, 1]
Twc:
[0.99723309, -0.059919424, 0.043998256, -0.31033459;
 0.055349749, 0.99358606, 0.098606244, -0.11843156;
 -0.04962448, -0.095898114, 0.99415338, -0.73650533;
 0, 0, 0, 1]
Ow:
[0.27948239;
 0.028447412;
 0.75753152]
Keyframe: 86 Frame: 471 Frame from vFrameID : 472
Tcw:
[0.99878985, 0.045588095, -0.018455191, 0.27914757;
 -0.047231536, 0.99371624, -0.10147547, 0.028787673;
 0.013713148, 0.10222434, 0.99466687, 0.7644912;
 0, 0, 0, 1]
Twc:
[0.99878985, -0.047231536, 0.013713148, -0.28793365;
 0.045588095, 0.99371624, 0.10222434, -0.11948218;
 -0.018455191, -0.10147547, 0.99466687, -0.75234109;
 0, 0, 0, 1]
Ow:
[0.27914757;
 0.028787673;
 0.7644912]
Keyframe: 87 Frame: 477 Frame from vFrameID : 478
Tcw:
[0.99854952, 0.042401694, -0.033180717, 0.2803193;
 -0.045877818, 0.99262851, -0.11217788, 0.02929911;
 0.028179595, 0.11353742, 0.99313402, 0.76957506;
 0, 0, 0, 1]
Twc:
[0.99854952, -0.045877818, 0.028179595, -0.30025482;
 0.042401694, 0.99262851, 0.11353742, -0.12834471;
 -0.033180717, -0.11217788, 0.99313402, -0.75170326;
 0, 0, 0, 1]
Ow:
[0.2803193;
 0.02929911;
 0.76957506]
Keyframe: 88 Frame: 483 Frame from vFrameID : 484
Tcw:
[0.99829847, 0.050953612, -0.028353335, 0.28219715;
 -0.053503975, 0.99375004, -0.097970121, 0.029858202;
 0.023184197, 0.099320434, 0.99478537, 0.77551973;
 0, 0, 0, 1]
Twc:
[0.99829847, -0.053503975, 0.023184197, -0.29809925;
 0.050953612, 0.99375004, 0.099320434, -0.12107552;
 -0.028353335, -0.097970121, 0.99478537, -0.76054925;
 0, 0, 0, 1]
Ow:
[0.28219715;
 0.029858202;
 0.77551973]
Keyframe: 89 Frame: 488 Frame from vFrameID : 489
Tcw:
[0.99552089, 0.058158755, -0.07453692, 0.28533351;
 -0.06521862, 0.99323511, -0.096075617, 0.029590346;
 0.068445049, 0.10050648, 0.99257934, 0.77992499;
 0, 0, 0, 1]
Twc:
[0.99552089, -0.06521862, 0.068445049, -0.33550763;
 0.058158755, 0.99323511, 0.10050648, -0.12437233;
 -0.07453692, -0.096075617, 0.99257934, -0.75002664;
 0, 0, 0, 1]
Ow:
