Keyframe: 0 Frame: 0 Frame from vFrameID : 46
Tcw:
[1, 0, 0, 0;
 0, 1, 0, 0;
 0, 0, 1, 0;
 0, 0, 0, 1]
Twc:
[1, 0, 0, 0;
 0, 1, 0, 0;
 0, 0, 1, 0;
 0, 0, 0, 1]
Ow:
[0;
 0;
 0]
Keyframe: 1 Frame: 45 Frame from vFrameID : 46
Tcw:
[0.99799305, -0.032128185, 0.054567426, 0.0017175558;
 0.029593956, 0.99847364, 0.046631932, -0.0065871598;
 -0.055982336, -0.044923481, 0.99742061, 0.060380612;
 0, 0, 0, 1]
Twc:
[0.99799305, 0.029593956, -0.055982336, 0.001861079;
 -0.032128185, 0.99847364, -0.044923481, 0.0093447948;
 0.054567426, 0.046631932, 0.99742061, -0.060011417;
 0, 0, 0, 1]
Ow:
[0.0017175558;
 -0.0065871598;
 0.060380612]
Keyframe: 2 Frame: 46 Frame from vFrameID : 47
Tcw:
[0.99796581, -0.032182209, 0.055032518, 0.0016064965;
 0.029577345, 0.99843276, 0.047509957, -0.0069686901;
 -0.056475244, -0.045785598, 0.99735361, 0.060666662;
 0, 0, 0, 1]
Twc:
[0.99796581, 0.029577345, -0.056475244, 0.0020290511;
 -0.032182209, 0.99843276, -0.045785598, 0.0097871292;
 0.055032518, 0.047509957, 0.99735361, -0.06026344;
 0, 0, 0, 1]
Ow:
[0.0016064965;
 -0.0069686901;
 0.060666662]
Keyframe: 3 Frame: 47 Frame from vFrameID : 48
Tcw:
[0.99791402, -0.032415431, 0.055828646, 0.00030082907;
 0.02976197, 0.9984172, 0.047721669, -0.0074224509;
 -0.057287198, -0.045960553, 0.99729925, 0.061351903;
 0, 0, 0, 1]
Twc:
[0.99791402, 0.02976197, -0.057287198, 0.0034353836;
 -0.032415431, 0.9984172, -0.045960553, 0.010240221;
 0.055828646, 0.047721669, 0.99729925, -0.060848791;
 0, 0, 0, 1]
Ow:
[0.00030082907;
 -0.0074224509;
 0.061351903]
Keyframe: 4 Frame: 48 Frame from vFrameID : 49
Tcw:
[0.99794805, -0.033850785, 0.054349329, -0.0010397362;
 0.031253226, 0.99836057, 0.047952574, -0.0087295696;
 -0.05588346, -0.046155583, 0.99736989, 0.061395846;
 0, 0, 0, 1]
Twc:
[0.99794805, 0.031253226, -0.05588346, 0.0047414419;
 -0.033850785, 0.99836057, -0.046155583, 0.011513823;
 0.054349329, 0.047952574, 0.99736989, -0.060759254;
 0, 0, 0, 1]
Ow:
[-0.0010397362;
 -0.0087295696;
 0.061395846]
Keyframe: 5 Frame: 50 Frame from vFrameID : 51
Tcw:
[0.99819368, -0.032348014, 0.050626237, -0.0024580022;
 0.030063162, 0.99852276, 0.045260586, -0.011944119;
 -0.052015539, -0.043656845, 0.99769157, 0.062213514;
 0, 0, 0, 1]
Twc:
[0.99819368, 0.030063162, -0.052015539, 0.0060487092;
 -0.032348014, 0.99852276, -0.043656845, 0.014563007;
 0.050626237, 0.045260586, 0.99769157, -0.061404858;
 0, 0, 0, 1]
Ow:
[-0.0024580022;
 -0.011944119;
 0.062213514]
Keyframe: 6 Frame: 52 Frame from vFrameID : 53
Tcw:
[0.99851233, -0.024721133, 0.048600242, -0.003726823;
 0.022694234, 0.99886721, 0.041824013, -0.018767737;
 -0.049579125, -0.040658846, 0.99794227, 0.061607145;
 0, 0, 0, 1]
Twc:
[0.99851233, 0.022694234, -0.049579125, 0.0072016264;
 -0.024721133, 0.99886721, -0.040658846, 0.02115922;
 0.048600242, 0.041824013, 0.99794227, -0.060514305;
 0, 0, 0, 1]
Ow:
[-0.003726823;
 -0.018767737;
 0.061607145]
Keyframe: 7 Frame: 54 Frame from vFrameID : 55
Tcw:
[0.99863344, -0.01762509, 0.049199972, -0.0071903835;
 0.016031211, 0.99933976, 0.032604668, -0.031913333;
 -0.049742147, -0.031771377, 0.99825662, 0.058377348;
 0, 0, 0, 1]
Twc:
[0.99863344, 0.016031211, -0.049742147, 0.010595982;
 -0.01762509, 0.99933976, -0.031771377, 0.033620261;
 0.049199972, 0.032604668, 0.99825662, -0.056881286;
 0, 0, 0, 1]
Ow:
[-0.0071903835;
 -0.031913333;
 0.058377348]
Keyframe: 8 Frame: 56 Frame from vFrameID : 57
Tcw:
[0.9988156, -0.0091867978, 0.047780517, -0.0090015009;
 0.008524484, 0.999865, 0.014046941, -0.039307903;
 -0.047903117, -0.013622999, 0.99875909, 0.049447894;
 0, 0, 0, 1]
Twc:
[0.9988156, 0.008524484, -0.047903117, 0.011694628;
 -0.0091867978, 0.999865, -0.013622999, 0.03989353;
 0.047780517, 0.014046941, 0.99875909, -0.048404284;
 0, 0, 0, 1]
Ow:
[-0.0090015009;
 -0.039307903;
 0.049447894]
Keyframe: 9 Frame: 59 Frame from vFrameID : 60
Tcw:
[0.99899787, 0.0061270264, 0.044335853, -0.010876426;
 -0.0068528894, 0.99984467, 0.01623849, -0.056649085;
 -0.044229474, -0.016526047, 0.99888468, 0.041995212;
 0, 0, 0, 1]
Twc:
[0.99899787, -0.0068528894, -0.044229474, 0.012334744;
 0.0061270264, 0.99984467, -0.016526047, 0.057400938;
 0.044335853, 0.01623849, 0.99888468, -0.040546264;
 0, 0, 0, 1]
Ow:
[-0.010876426;
 -0.056649085;
 0.041995212]
Keyframe: 10 Frame: 61 Frame from vFrameID : 62
Tcw:
[0.99885172, 0.010317694, 0.046784244, -0.010163843;
 -0.011156164, 0.99978119, 0.017696504, -0.069031797;
 -0.04659142, -0.018198116, 0.99874824, 0.039608601;
 0, 0, 0, 1]
Twc:
[0.99885172, -0.011156164, -0.04659142, 0.011227463;
 0.010317694, 0.99978119, -0.018198116, 0.069842353;
 0.046784244, 0.017696504, 0.99874824, -0.037861891;
 0, 0, 0, 1]
Ow:
[-0.010163843;
 -0.069031797;
 0.039608601]
Keyframe: 11 Frame: 63 Frame from vFrameID : 64
Tcw:
[0.99803722, 0.0048869802, 0.06243293, -0.029241951;
 -0.0058774152, 0.99985963, 0.015690193, -0.086722054;
 -0.062347487, -0.01602634, 0.99792582, 0.035122242;
 0, 0, 0, 1]
Twc:
[0.99803722, -0.0058774152, -0.062347487, 0.030864635;
 0.0048869802, 0.99985963, -0.01602634, 0.087415665;
 0.06243293, 0.015690193, 0.99792582, -0.031863045;
 0, 0, 0, 1]
Ow:
[-0.029241951;
 -0.086722054;
 0.035122242]
Keyframe: 12 Frame: 66 Frame from vFrameID : 67
Tcw:
[0.9984901, 0.005305944, 0.054674715, -0.036914352;
 -0.0061981315, 0.99985021, 0.016161473, -0.10944363;
 -0.05458077, -0.016475951, 0.99837339, 0.03423154;
 0, 0, 0, 1]
Twc:
[0.9984901, -0.0061981315, -0.05458077, 0.038048655;
 0.005305944, 0.99985021, -0.016475951, 0.11018709;
 0.054674715, 0.016161473, 0.99837339, -0.03038881;
 0, 0, 0, 1]
Ow:
[-0.036914352;
 -0.10944363;
 0.03423154]
Keyframe: 13 Frame: 69 Frame from vFrameID : 70
Tcw:
[0.99810326, 0.0080108382, 0.061038289, -0.032521285;
 -0.0070624161, 0.99985123, -0.015738091, -0.12306776;
 -0.061155282, 0.015277162, 0.99801135, 0.02464924;
 0, 0, 0, 1]
Twc:
[0.99810326, -0.0070624161, -0.061155282, 0.033097878;
 0.0080108382, 0.99985123, 0.015277162, 0.1229334;
 0.061038289, -0.015738091, 0.99801135, -0.024552029;
 0, 0, 0, 1]
Ow:
[-0.032521285;
 -0.12306776;
 0.02464924]
Keyframe: 14 Frame: 72 Frame from vFrameID : 73
Tcw:
[0.99744558, 0.013798242, 0.070085369, -0.025178282;
 -0.014688308, 0.99981767, 0.012200292, -0.12632403;
 -0.069904245, -0.013198563, 0.99746639, 0.027243339;
 0, 0, 0, 1]
Twc:
[0.99744558, -0.014688308, -0.069904245, 0.025162904;
 0.013798242, 0.99981767, -0.013198563, 0.12700798;
 0.070085369, 0.012200292, 0.99746639, -0.023868497;
 0, 0, 0, 1]
Ow:
[-0.025178282;
 -0.12632403;
 0.027243339]
Keyframe: 15 Frame: 75 Frame from vFrameID : 76
Tcw:
[0.99693418, 0.014142529, 0.076956227, -0.025379777;
 -0.016140206, 0.99954706, 0.025398847, -0.13130458;
 -0.076562174, -0.026563067, 0.9967109, 0.028382147;
 0, 0, 0, 1]
Twc:
[0.99693418, -0.016140206, -0.076562174, 0.025355682;
 0.014142529, 0.99954706, -0.026563067, 0.13235795;
 0.076956227, 0.025398847, 0.9967109, -0.023000678;
 0, 0, 0, 1]
Ow:
[-0.025379777;
 -0.13130458;
 0.028382147]
Keyframe: 16 Frame: 78 Frame from vFrameID : 79
Tcw:
[0.99627531, 0.0068021044, 0.085960634, -0.027263081;
 -0.0087808995, 0.9997046, 0.022662682, -0.13360299;
 -0.08578109, -0.023333082, 0.99604076, 0.028466625;
 0, 0, 0, 1]
Twc:
[0.99627531, -0.0087808995, -0.08578109, 0.028430277;
 0.0068021044, 0.9997046, -0.023333082, 0.13441318;
 0.085960634, 0.022662682, 0.99604076, -0.022982566;
 0, 0, 0, 1]
Ow:
[-0.027263081;
 -0.13360299;
 0.028466625]
Keyframe: 17 Frame: 81 Frame from vFrameID : 82
Tcw:
[0.99647731, 0.0068567968, 0.08358179, -0.035634141;
 -0.0090503329, 0.99962372, 0.025893616, -0.12580575;
 -0.083372794, -0.026558844, 0.99616444, 0.029577959;
 0, 0, 0, 1]
Twc:
[0.99647731, -0.0090503329, -0.083372794, 0.036836028;
 0.0068567968, 0.99962372, -0.026558844, 0.12678832;
 0.08358179, 0.025893616, 0.99616444, -0.02322858;
 0, 0, 0, 1]
Ow:
[-0.035634141;
 -0.12580575;
 0.029577959]
Keyframe: 18 Frame: 84 Frame from vFrameID : 85
Tcw:
[0.99848855, 0.01962151, 0.051338077, -0.061598253;
 -0.021537159, 0.99908203, 0.037031192, -0.12485214;
 -0.050564341, -0.038080897, 0.99799454, 0.031976547;
 0, 0, 0, 1]
Twc:
[0.99848855, -0.021537159, -0.050564341, 0.060433064;
 0.01962151, 0.99908203, -0.038080897, 0.12716387;
 0.051338077, 0.037031192, 0.99799454, -0.02412666;
 0, 0, 0, 1]
Ow:
[-0.061598253;
 -0.12485214;
 0.031976547]
Keyframe: 19 Frame: 87 Frame from vFrameID : 88
Tcw:
[0.999421, 0.025540311, 0.022481386, -0.073857605;
 -0.026323959, 0.99903071, 0.035280876, -0.124143;
 -0.02155851, -0.035852246, 0.99912453, 0.027115501;
 0, 0, 0, 1]
Twc:
[0.999421, -0.026323959, -0.02155851, 0.071131475;
 0.025540311, 0.99903071, -0.035852246, 0.12688115;
 0.022481386, 0.035280876, 0.99912453, -0.021051468;
 0, 0, 0, 1]
Ow:
[-0.073857605;
 -0.124143;
 0.027115501]
Keyframe: 20 Frame: 90 Frame from vFrameID : 91
Tcw:
[0.99915487, 0.039393149, -0.011738211, -0.091707073;
 -0.038918428, 0.99851024, 0.03824506, -0.12468871;
 0.013227317, -0.037755903, 0.99919945, 0.023504388;
 0, 0, 0, 1]
Twc:
[0.99915487, -0.038918428, 0.013227317, 0.086465977;
 0.039393149, 0.99851024, -0.037755903, 0.129003;
 -0.011738211, 0.03824506, 0.99919945, -0.019793322;
 0, 0, 0, 1]
Ow:
[-0.091707073;
 -0.12468871;
 0.023504388]
Keyframe: 21 Frame: 93 Frame from vFrameID : 94
Tcw:
[0.99772394, 0.052390147, -0.042452123, -0.1012575;
 -0.050795674, 0.99799323, 0.03780615, -0.13252448;
 0.044347603, -0.035563715, 0.99838293, 0.017473787;
 0, 0, 0, 1]
Twc:
[0.99772394, -0.050795674, 0.044347603, 0.093520433;
 0.052390147, 0.99799323, -0.035563715, 0.13818486;
 -0.042452123, 0.03780615, 0.99838293, -0.016733889;
 0, 0, 0, 1]
Ow:
[-0.1012575;
 -0.13252448;
 0.017473787]
Keyframe: 22 Frame: 96 Frame from vFrameID : 97
Tcw:
[0.99645132, 0.061034616, -0.057961646, -0.10656576;
 -0.059142642, 0.99767661, 0.03381623, -0.14449477;
 0.059890941, -0.030268222, 0.99774593, 0.013019806;
 0, 0, 0, 1]
Twc:
[0.99645132, -0.059142642, 0.059890941, 0.096862018;
 0.061034616, 0.99767661, -0.030268222, 0.15105735;
 -0.057961646, 0.03381623, 0.99774593, -0.014280916;
 0, 0, 0, 1]
Ow:
[-0.10656576;
 -0.14449477;
 0.013019806]
Keyframe: 23 Frame: 99 Frame from vFrameID : 100
Tcw:
[0.99678165, 0.061601833, -0.051298704, -0.098234266;
 -0.060550064, 0.99792683, 0.021812005, -0.16461504;
 0.052536011, -0.018635666, 0.99844515, 0.0067146719;
 0, 0, 0, 1]
Twc:
[0.99678165, -0.060550064, 0.052536011, 0.087597899;
 0.061601833, 0.99792683, -0.018635666, 0.17045029;
 -0.051298704, 0.021812005, 0.99844515, -0.0081529375;
 0, 0, 0, 1]
Ow:
[-0.098234266;
 -0.16461504;
 0.0067146719]
Keyframe: 24 Frame: 102 Frame from vFrameID : 103
Tcw:
[0.99748117, 0.060061026, -0.037736528, -0.091888584;
 -0.059756238, 0.99817103, 0.0091543579, -0.16564903;
 0.038217328, -0.0068763066, 0.99924576, 0.003414562;
 0, 0, 0, 1]
Twc:
[0.99748117, -0.059756238, 0.038217328, 0.081628069;
 0.060061026, 0.99817103, -0.0068763066, 0.17088847;
 -0.037736528, 0.0091543579, 0.99924576, -0.0053631323;
 0, 0, 0, 1]
Ow:
[-0.091888584;
 -0.16564903;
 0.003414562]
Keyframe: 25 Frame: 105 Frame from vFrameID : 106
Tcw:
[0.99858433, 0.050891344, -0.015472986, -0.076367036;
 -0.050759338, 0.99867207, 0.0088076992, -0.15759815;
 0.015900675, -0.0080098314, 0.99984151, 0.0058832197;
 0, 0, 0, 1]
Twc:
[0.99858433, -0.050759338, 0.015900675, 0.068165801;
 0.050891344, 0.99867207, -0.0080098314, 0.16132241;
 -0.015472986, 0.0088076992, 0.99984151, -0.0056758365;
 0, 0, 0, 1]
Ow:
[-0.076367036;
 -0.15759815;
 0.0058832197]
Keyframe: 26 Frame: 108 Frame from vFrameID : 109
Tcw:
[0.99916035, 0.037605852, 0.016261591, -0.066820197;
 -0.037873901, 0.99914628, 0.016502202, -0.1481325;
 -0.015627129, -0.017104235, 0.9997316, 0.013943988;
 0, 0, 0, 1]
Twc:
[0.99916035, -0.037873901, -0.015627129, 0.061371639;
 0.037605852, 0.99914628, -0.017104235, 0.15075737;
 0.016261591, 0.016502202, 0.9997316, -0.01040913;
 0, 0, 0, 1]
Ow:
[-0.066820197;
 -0.1481325;
 0.013943988]
Keyframe: 27 Frame: 112 Frame from vFrameID : 113
Tcw:
[0.99824595, 0.020785185, 0.055434063, -0.050861422;
 -0.02212497, 0.99947506, 0.023665743, -0.13686252;
 -0.054913066, -0.024850709, 0.99818182, 0.024858052;
 0, 0, 0, 1]
Twc:
[0.99824595, -0.02212497, -0.054913066, 0.049109165;
 0.020785185, 0.99947506, -0.024850709, 0.13846557;
 0.055434063, 0.023665743, 0.99818182, -0.018754449;
 0, 0, 0, 1]
Ow:
[-0.050861422;
 -0.13686252;
 0.024858052]
Keyframe: 28 Frame: 116 Frame from vFrameID : 117
Tcw:
[0.99689621, 0.0086275442, 0.078253046, -0.040130191;
 -0.010861306, 0.99954426, 0.028164804, -0.12693521;
 -0.077974394, -0.028927317, 0.9965356, 0.034721322;
 0, 0, 0, 1]
Twc:
[0.99689621, -0.010861306, -0.077974394, 0.041334324;
 0.0086275442, 0.99954426, -0.028927317, 0.12822799;
 0.078253046, 0.028164804, 0.9965356, -0.027885616;
 0, 0, 0, 1]
Ow:
[-0.040130191;
 -0.12693521;
 0.034721322]
Keyframe: 29 Frame: 120 Frame from vFrameID : 121
Tcw:
[0.99581552, -0.014633801, 0.090207122, -0.043649644;
 0.012567263, 0.99964637, 0.023434404, -0.13602579;
 -0.090518154, -0.022202687, 0.99564725, 0.054758888;
 0, 0, 0, 1]
Twc:
[0.99581552, 0.012567263, -0.090518154, 0.050133139;
 -0.014633801, 0.99964637, -0.022202687, 0.13655473;
 0.090207122, 0.023434404, 0.99564725, -0.047395345;
 0, 0, 0, 1]
Ow:
[-0.043649644;
 -0.13602579;
 0.054758888]
Keyframe: 30 Frame: 124 Frame from vFrameID : 125
Tcw:
[0.99398321, -0.016082872, 0.10834536, -0.026852749;
 0.014951173, 0.99982494, 0.011249586, -0.1420012;
 -0.10850731, -0.0095620099, 0.99404967, 0.063012443;
 0, 0, 0, 1]
Twc:
[0.99398321, 0.014951173, -0.10850731, 0.035651579;
 -0.016082872, 0.99982494, -0.0095620099, 0.142147;
 0.10834536, 0.011249586, 0.99404967, -0.058130674;
 0, 0, 0, 1]
Ow:
[-0.026852749;
 -0.1420012;
 0.063012443]
Keyframe: 31 Frame: 127 Frame from vFrameID : 128
Tcw:
[0.99266559, -0.014734006, 0.11999118, -0.018148832;
 0.01294958, 0.99979389, 0.015637532, -0.14608589;
 -0.12019686, -0.013969005, 0.99265182, 0.072438613;
 0, 0, 0, 1]
Twc:
[0.99266559, 0.01294958, -0.12019686, 0.028614365;
 -0.014734006, 0.99979389, -0.013969005, 0.14680026;
 0.11999118, 0.015637532, 0.99265182, -0.06744419;
 0, 0, 0, 1]
Ow:
[-0.018148832;
 -0.14608589;
 0.072438613]
Keyframe: 32 Frame: 131 Frame from vFrameID : 132
Tcw:
[0.99075902, -0.02130249, 0.1339505, -0.0084678521;
 0.017469915, 0.9994055, 0.029722542, -0.17378812;
 -0.13450404, -0.027107771, 0.99054217, 0.1032902;
 0, 0, 0, 1]
Twc:
[0.99075902, 0.017469915, -0.13450404, 0.025318613;
 -0.02130249, 0.9994055, -0.027107771, 0.17630439;
 0.1339505, 0.029722542, 0.99054217, -0.096013606;
 0, 0, 0, 1]
Ow:
[-0.0084678521;
 -0.17378812;
 0.1032902]
Keyframe: 33 Frame: 135 Frame from vFrameID : 136
Tcw:
[0.99226815, -0.022873076, 0.12198664, 0.0076834336;
 0.021690544, 0.99970406, 0.01101326, -0.22598469;
 -0.12220246, -0.0082821501, 0.99247062, 0.15153666;
 0, 0, 0, 1]
Twc:
[0.99226815, 0.021690544, -0.12220246, 0.015795857;
 -0.022873076, 0.99970406, -0.0082821501, 0.22734861;
 0.12198664, 0.01101326, 0.99247062, -0.14884414;
 0, 0, 0, 1]
Ow:
[0.0076834336;
 -0.22598469;
 0.15153666]
Keyframe: 34 Frame: 140 Frame from vFrameID : 141
Tcw:
[0.99438775, -0.019343792, 0.10401352, 0.040103953;
 0.022466863, 0.99932867, -0.028938241, -0.28755772;
 -0.10338391, 0.03111269, 0.99415481, 0.19943617;
 0, 0, 0, 1]
Twc:
[0.99438775, 0.022466863, -0.10338391, -0.012799866;
 -0.019343792, 0.99932867, 0.03111269, 0.28193545;
 0.10401352, -0.028938241, 0.99415481, -0.2107632;
 0, 0, 0, 1]
Ow:
[0.040103953;
 -0.28755772;
 0.19943617]
Keyframe: 35 Frame: 144 Frame from vFrameID : 145
Tcw:
[0.99667311, 0.0077459379, 0.081134178, 0.070521489;
 -0.003449922, 0.99859089, -0.052956454, -0.29252464;
 -0.081430048, 0.052500367, 0.99529535, 0.22804558;
 0, 0, 0, 1]
Twc:
[0.99667311, -0.003449922, -0.081430048, -0.052726299;
 0.0077459379, 0.99859089, 0.052500367, 0.27959368;
 0.081134178, -0.052956454, 0.99529535, -0.24818549;
 0, 0, 0, 1]
Ow:
[0.070521489;
 -0.29252464;
 0.22804558]
Keyframe: 36 Frame: 147 Frame from vFrameID : 148
Tcw:
[0.9960115, 0.023259973, 0.086140178, 0.076469749;
 -0.020239938, 0.9991551, -0.035768569, -0.29633826;
 -0.08689937, 0.033882435, 0.99564075, 0.24651276;
 0, 0, 0, 1]
Twc:
[0.9960115, -0.020239938, -0.08689937, -0.06074081;
 0.023259973, 0.9991551, 0.033882435, 0.28595677;
 0.086140178, -0.035768569, 0.99564075, -0.26262486;
 0, 0, 0, 1]
Ow:
[0.076469749;
 -0.29633826;
 0.24651276]
Keyframe: 37 Frame: 151 Frame from vFrameID : 152
Tcw:
[0.99787772, 0.017186204, 0.062806696, 0.073842265;
 -0.017100794, 0.99985194, -0.0018972071, -0.31718677;
 -0.062830009, 0.00081913627, 0.99802393, 0.2880235;
 0, 0, 0, 1]
Twc:
[0.99787772, -0.017100794, -0.062830009, -0.061013177;
 0.017186204, 0.99985194, 0.00081913627, 0.31563482;
 0.062806696, -0.0018972071, 0.99802393, -0.29269388;
 0, 0, 0, 1]
Ow:
[0.073842265;
 -0.31718677;
 0.2880235]
Keyframe: 38 Frame: 156 Frame from vFrameID : 157
Tcw:
[0.99823964, 0.023949049, 0.054259442, 0.068631627;
 -0.025897585, 0.99903417, 0.035497572, -0.35904205;
 -0.053356901, -0.036840271, 0.99789572, 0.35032952;
 0, 0, 0, 1]
Twc:
[0.99823964, -0.025897585, -0.053356901, -0.059116635;
 0.023949049, 0.99903417, -0.036840271, 0.36995786;
 0.054259442, 0.035497572, 0.99789572, -0.34057111;
 0, 0, 0, 1]
Ow:
[0.068631627;
 -0.35904205;
 0.35032952]
Keyframe: 39 Frame: 161 Frame from vFrameID : 162
Tcw:
[0.99686348, 0.030944962, 0.072839715, 0.056765974;
 -0.035302181, 0.99761504, 0.059312336, -0.41122109;
 -0.070830576, -0.061697703, 0.99557841, 0.42674917;
 0, 0, 0, 1]
Twc:
[0.99686348, -0.035302181, -0.070830576, -0.040878035;
 0.030944962, 0.99761504, -0.061697703, 0.43481317;
 0.072839715, 0.059312336, 0.99557841, -0.40460661;
 0, 0, 0, 1]
Ow:
[0.056765974;
 -0.41122109;
 0.42674917]
Keyframe: 40 Frame: 167 Frame from vFrameID : 168
Tcw:
[0.99471807, 0.020306854, 0.1006158, 0.04405633;
 -0.027588451, 0.99705786, 0.071515843, -0.46610719;
 -0.098867506, -0.073913939, 0.99235171, 0.50237578;
 0, 0, 0, 1]
Twc:
[0.99471807, -0.027588451, -0.098867506, -0.0070141582;
 0.020306854, 0.99705786, -0.073913939, 0.50097376;
 0.1006158, 0.071515843, 0.99235171, -0.46963221;
 0, 0, 0, 1]
Ow:
[0.04405633;
 -0.46610719;
 0.50237578]
Keyframe: 41 Frame: 171 Frame from vFrameID : 172
Tcw:
[0.9936533, 0.022377847, 0.1102377, 0.054771401;
 -0.032597713, 0.99524409, 0.091796234, -0.50199956;
 -0.10765921, -0.094807126, 0.98965704, 0.54611778;
 0, 0, 0, 1]
Twc:
[0.9936533, -0.032597713, -0.10765921, -0.01199321;
 0.022377847, 0.99524409, -0.094807126, 0.55016232;
 0.1102377, 0.091796234, 0.98965704, -0.50042552;
 0, 0, 0, 1]
Ow:
[0.054771401;
 -0.50199956;
 0.54611778]
Keyframe: 42 Frame: 175 Frame from vFrameID : 176
Tcw:
[0.99448764, 0.028586524, 0.10088158, 0.053841036;
 -0.037426859, 0.99551761, 0.086855933, -0.53862089;
 -0.09794648, -0.090152837, 0.99109989, 0.60558367;
 0, 0, 0, 1]
Twc:
[0.99448764, -0.037426859, -0.09794648, -0.014388351;
 0.028586524, 0.99551761, -0.090152837, 0.58926249;
 0.10088158, 0.086855933, 0.99109989, -0.55884302;
 0, 0, 0, 1]
Ow:
[0.053841036;
 -0.53862089;
 0.60558367]
Keyframe: 43 Frame: 180 Frame from vFrameID : 181
Tcw:
[0.99731714, 0.071409672, 0.016099699, 0.094665721;
 -0.072146453, 0.99608356, 0.051112365, -0.58412981;
 -0.012386727, -0.052136771, 0.99856311, 0.66648173;
 0, 0, 0, 1]
Twc:
[0.99731714, -0.072146453, -0.012386727, -0.1282991;
 0.071409672, 0.99608356, -0.052136771, 0.60983026;
 0.016099699, 0.051112365, 0.99856311, -0.63719195;
 0, 0, 0, 1]
Ow:
[0.094665721;
 -0.58412981;
 0.66648173]
Keyframe: 44 Frame: 187 Frame from vFrameID : 188
Tcw:
[0.99421144, 0.10545135, -0.020581732, 0.10664383;
 -0.10387895, 0.9923647, 0.066493906, -0.63607466;
 0.027436458, -0.063970998, 0.99757451, 0.74600196;
 0, 0, 0, 1]
Twc:
[0.99421144, -0.10387895, 0.027436458, -0.19256894;
 0.10545135, 0.9923647, -0.063970998, 0.66769481;
 -0.020581732, 0.066493906, 0.99757451, -0.69970256;
 0, 0, 0, 1]
Ow:
[0.10664383;
 -0.63607466;
 0.74600196]
Keyframe: 45 Frame: 192 Frame from vFrameID : 193
Tcw:
[0.99513328, 0.098537236, -0.00046423849, 0.1074799;
 -0.098234572, 0.99242425, 0.073784046, -0.66719109;
 0.0077311974, -0.073379353, 0.99727416, 0.82944107;
 0, 0, 0, 1]
Twc:
[0.99513328, -0.098234572, 0.0077311974, -0.17891061;
 0.098537236, 0.99242425, -0.073379353, 0.71240968;
 -0.00046423849, 0.073784046, 0.99727416, -0.77790213;
 0, 0, 0, 1]
Ow:
[0.1074799;
 -0.66719109;
 0.82944107]
Keyframe: 46 Frame: 196 Frame from vFrameID : 197
Tcw:
[0.9974463, 0.060256686, 0.038341437, 0.089373551;
 -0.063095108, 0.99497646, 0.077722579, -0.70455778;
 -0.03346552, -0.079943255, 0.99623752, 0.92360663;
 0, 0, 0, 1]
Twc:
[0.9974463, -0.063095108, -0.03346552, -0.10269048;
 0.060256686, 0.99497646, -0.079943255, 0.7694692;
 0.038341437, 0.077722579, 0.99623752, -0.8687982;
 0, 0, 0, 1]
Ow:
[0.089373551;
 -0.70455778;
 0.92360663]
Keyframe: 47 Frame: 199 Frame from vFrameID : 200
Tcw:
[0.99816436, 0.038933828, 0.046390716, 0.093353793;
 -0.04215337, 0.99661553, 0.070572957, -0.72072297;
 -0.043486033, -0.072398931, 0.9964273, 0.95237005;
 0, 0, 0, 1]
Twc:
[0.99816436, -0.04215337, -0.043486033, -0.08214853;
 0.038933828, 0.99661553, -0.072398931, 0.78359967;
 0.046390716, 0.070572957, 0.9964273, -0.90243471;
 0, 0, 0, 1]
Ow:
[0.093353793;
 -0.72072297;
 0.95237005]
Keyframe: 48 Frame: 203 Frame from vFrameID : 204
Tcw:
[0.995125, 0.03691389, 0.091452733, 0.10056782;
 -0.044620972, 0.99549013, 0.083715707, -0.74676239;
 -0.087950021, -0.087388307, 0.9922843, 1.0036936;
 0, 0, 0, 1]
Twc:
[0.995125, -0.044620972, -0.087950021, -0.045123935;
 0.03691389, 0.99549013, -0.087388307, 0.82739335;
 0.091452733, 0.083715707, 0.9922843, -0.94263083;
 0, 0, 0, 1]
Ow:
[0.10056782;
 -0.74676239;
 1.0036936]
Keyframe: 49 Frame: 207 Frame from vFrameID : 208
Tcw:
[0.99245977, 0.022355443, 0.12051477, 0.10174126;
 -0.034221217, 0.99466586, 0.097307459, -0.77564132;
 -0.11769658, -0.1006979, 0.98793089, 1.0680261;
 0, 0, 0, 1]
Twc:
[0.99245977, -0.034221217, -0.11769658, -0.0018144954;
 0.022355443, 0.99466586, -0.1006979, 0.87677747;
 0.12051477, 0.097307459, 0.98793089, -0.9919216;
 0, 0, 0, 1]
Ow:
[0.10174126;
 -0.77564132;
 1.0680261]
Keyframe: 50 Frame: 210 Frame from vFrameID : 211
Tcw:
[0.99359351, 0.012967638, 0.11226632, 0.10474634;
 -0.023296306, 0.99556148, 0.091184773, -0.79340655;
 -0.11058556, -0.093215995, 0.9894855, 1.1171472;
 0, 0, 0, 1]
Twc:
[0.99359351, -0.023296306, -0.11058556, 0.00098164368;
 0.012967638, 0.99556148, -0.093215995, 0.89266264;
 0.11226632, 0.091184773, 0.9894855, -1.044814;
 0, 0, 0, 1]
Ow:
[0.10474634;
 -0.79340655;
 1.1171472]
Keyframe: 51 Frame: 213 Frame from vFrameID : 214
Tcw:
[0.99608821, 0.024232551, 0.08497677, 0.11843918;
 -0.031493999, 0.99586767, 0.085180774, -0.81987232;
 -0.082561463, -0.087523825, 0.99273521, 1.1686749;
 0, 0, 0, 1]
Twc:
[0.99608821, -0.031493999, -0.082561463, -0.047309414;
 0.024232551, 0.99586767, -0.087523825, 0.91590118;
 0.08497677, 0.085180774, 0.99273521, -1.100412;
 0, 0, 0, 1]
Ow:
[0.11843918;
 -0.81987232;
 1.1686749]
Keyframe: 52 Frame: 216 Frame from vFrameID : 217
Tcw:
[0.99732941, 0.052221734, 0.051058002, 0.13848622;
 -0.055849671, 0.99580926, 0.07242021, -0.84465927;
 -0.047062125, -0.075078376, 0.99606645, 1.2156023;
 0, 0, 0, 1]
Twc:
[0.99732941, -0.055849671, -0.047062125, -0.1280815;
 0.052221734, 0.99580926, -0.075078376, 0.92515302;
 0.051058002, 0.07242021, 0.99606645, -1.1567211;
 0, 0, 0, 1]
Ow:
[0.13848622;
 -0.84465927;
 1.2156023]
Keyframe: 53 Frame: 219 Frame from vFrameID : 220
Tcw:
[0.99778914, 0.062698193, 0.022040203, 0.14958642;
 -0.063955188, 0.99603069, 0.061907891, -0.87106913;
 -0.018071206, -0.063180611, 0.9978385, 1.2500825;
 0, 0, 0, 1]
Twc:
[0.99778914, -0.063955188, -0.018071206, -0.18237461;
 0.062698193, 0.99603069, -0.063180611, 0.93721378;
 0.022040203, 0.061907891, 0.9978385, -1.1967512;
 0, 0, 0, 1]
Ow:
[0.14958642;
 -0.87106913;
 1.2500825]
Keyframe: 54 Frame: 222 Frame from vFrameID : 223
Tcw:
[0.99801928, 0.060360767, 0.017723313, 0.16159874;
 -0.061439414, 0.99576259, 0.068425424, -0.88664836;
 -0.013518001, -0.069378801, 0.99749881, 1.2812973;
 0, 0, 0, 1]
Twc:
[0.99801928, -0.061439414, -0.013518001, -0.19843325;
 0.060360767, 0.99576259, -0.069378801, 0.96203196;
 0.017723313, 0.068425424, 0.99749881, -1.2202872;
 0, 0, 0, 1]
Ow:
[0.16159874;
 -0.88664836;
 1.2812973]
Keyframe: 55 Frame: 225 Frame from vFrameID : 226
Tcw:
[0.9974224, 0.069144711, 0.019172935, 0.16558629;
 -0.070577197, 0.99358511, 0.088359848, -0.90266085;
 -0.012940327, -0.089485258, 0.99590409, 1.3170191;
 0, 0, 0, 1]
Twc:
[0.9974224, -0.070577197, -0.012940327, -0.21182409;
 0.069144711, 0.99358511, -0.089485258, 1.0032748;
 0.019172935, 0.088359848, 0.99590409, -1.2350405;
 0, 0, 0, 1]
Ow:
[0.16558629;
 -0.90266085;
 1.3170191]
Keyframe: 56 Frame: 228 Frame from vFrameID : 229
Tcw:
[0.99682289, 0.074609973, 0.027883593, 0.16308856;
 -0.076995574, 0.99225104, 0.097517192, -0.90849;
 -0.02039177, -0.099354282, 0.99484313, 1.3574421;
 0, 0, 0, 1]
Twc:
[0.99682289, -0.076995574, -0.02039177, -0.20483947;
 0.074609973, 0.99225104, -0.099354282, 1.0241498;
 0.027883593, 0.097517192, 0.99484313, -1.2663962;
 0, 0, 0, 1]
Ow:
[0.16308856;
 -0.90849;
 1.3574421]
Keyframe: 57 Frame: 232 Frame from vFrameID : 233
Tcw:
[0.99631238, 0.069520995, 0.050284151, 0.15570924;
 -0.074696705, 0.99115646, 0.10967804, -0.92692029;
 -0.042214535, -0.11302966, 0.99269444, 1.4264681;
 0, 0, 0, 1]
Twc:
[0.99631238, -0.074696705, -0.042214535, -0.16415524;
 0.069520995, 0.99115646, -0.11302966, 1.0691313;
 0.050284151, 0.10967804, 0.99269444, -1.3222139;
 0, 0, 0, 1]
Ow:
[0.15570924;
 -0.92692029;
 1.4264681]
Keyframe: 58 Frame: 236 Frame from vFrameID : 237
Tcw:
[0.9952386, 0.036709722, 0.090291373, 0.13966697;
 -0.04562366, 0.99406785, 0.098730072, -0.96863079;
 -0.086131394, -0.1023794, 0.99100953, 1.4988694;
 0, 0, 0, 1]
Twc:
[0.9952386, -0.04562366, -0.086131394, -0.054094743;
 0.036709722, 0.99406785, -0.1023794, 1.1112109;
 0.090291373, 0.098730072, 0.99100953, -1.4023715;
 0, 0, 0, 1]
Ow:
[0.13966697;
 -0.96863079;
 1.4988694]
Keyframe: 59 Frame: 239 Frame from vFrameID : 240
Tcw:
[0.9932338, 0.0084360195, 0.11582516, 0.13605258;
 -0.01641638, 0.99754208, 0.068120092, -0.99399483;
 -0.11496581, -0.069560602, 0.99093097, 1.5367837;
 0, 0, 0, 1]
Twc:
[0.9932338, -0.01641638, -0.11496581, 0.025227753;
 0.0084360195, 0.99754208, -0.069560602, 1.0973035;
 0.11582516, 0.068120092, 0.99093097, -1.4708937;
 0, 0, 0, 1]
Ow:
[0.13605258;
 -0.99399483;
 1.5367837]
Keyframe: 60 Frame: 243 Frame from vFrameID : 244
Tcw:
[0.98781514, -0.0053907605, 0.1555384, 0.13198042;
 -0.0061888467, 0.99724877, 0.073868357, -1.0055988;
 -0.15550868, -0.073930889, 0.98506409, 1.5803444;
 0, 0, 0, 1]
Twc:
[0.98781514, -0.0061888467, -0.15550868, 0.10916153;
 -0.0053907605, 0.99724877, -0.073930889, 1.1203799;
 0.1555384, 0.073868357, 0.98506409, -1.5029867;
 0, 0, 0, 1]
Ow:
[0.13198042;
 -1.0055988;
 1.5803444]
Keyframe: 61 Frame: 247 Frame from vFrameID : 248
Tcw:
[0.98416376, -0.011316465, 0.17690018, 0.13189302;
 -0.0082588848, 0.99394906, 0.10953118, -1.0173646;
 -0.17706926, -0.10925761, 0.97811514, 1.6340778;
 0, 0, 0, 1]
Twc:
[0.98416376, -0.0082588848, -0.17706926, 0.15113835;
 -0.011316465, 0.99394906, -0.10925761, 1.1912366;
 0.17690018, 0.10953118, 0.97811514, -1.510215;
 0, 0, 0, 1]
Ow:
[0.13189302;
 -1.0173646;
 1.6340778]
Keyframe: 62 Frame: 251 Frame from vFrameID : 252
Tcw:
[0.98539704, -0.0098139131, 0.16998918, 0.13723168;
 -0.013061242, 0.99103951, 0.13292895, -1.0323735;
 -0.16977055, -0.13320807, 0.97643924, 1.6928164;
 0, 0, 0, 1]
Twc:
[0.98539704, -0.013061242, -0.16977055, 0.1386786;
 -0.0098139131, 0.99103951, -0.13320807, 1.2499665;
 0.16998918, 0.13292895, 0.97643924, -1.5390279;
 0, 0, 0, 1]
Ow:
[0.13723168;
 -1.0323735;
 1.6928164]
Keyframe: 63 Frame: 255 Frame from vFrameID : 256
Tcw:
[0.98938185, 0.0090030292, 0.14506032, 0.14759791;
 -0.028841434, 0.99039233, 0.13524485, -1.054589;
 -0.14244902, -0.13799255, 0.98013586, 1.74052;
 0, 0, 0, 1]
Twc:
[0.98938185, -0.028841434, -0.14244902, 0.071488813;
 0.0090030292, 0.99039233, -0.13799255, 1.2833068;
 0.14506032, 0.13524485, 0.98013586, -1.584729;
 0, 0, 0, 1]
Ow:
[0.14759791;
 -1.054589;
 1.74052]
Keyframe: 64 Frame: 259 Frame from vFrameID : 260
Tcw:
[0.99614972, 0.032126307, 0.081569642, 0.16090497;
 -0.042232908, 0.99121082, 0.12536965, -1.089134;
 -0.076825045, -0.12833187, 0.98875117, 1.7932394;
 0, 0, 0, 1]
Twc:
[0.99614972, -0.042232908, -0.076825045, -0.068517052;
 0.032126307, 0.99121082, -0.12833187, 1.3045218;
 0.081569642, 0.12536965, 0.98875117, -1.6496481;
 0, 0, 0, 1]
Ow:
[0.16090497;
 -1.089134;
 1.7932394]
Keyframe: 65 Frame: 263 Frame from vFrameID : 264
Tcw:
[0.99715644, 0.056798987, 0.049526908, 0.16951558;
 -0.062983163, 0.98899555, 0.1338691, -1.127213;
 -0.041378263, -0.13660778, 0.98976064, 1.8407307;
 0, 0, 0, 1]
Twc:
[0.99715644, -0.062983163, -0.041378263, -0.16386276;
 0.056798987, 0.98899555, -0.13660778, 1.3566386;
 0.049526908, 0.1338691, 0.98976064, -1.6793795;
 0, 0, 0, 1]
Ow:
[0.16951558;
 -1.127213;
 1.8407307]
Keyframe: 66 Frame: 266 Frame from vFrameID : 267
Tcw:
[0.99711561, 0.068837412, 0.031966101, 0.17420112;
 -0.072603665, 0.987845, 0.13744427, -1.1473151;
 -0.022116246, -0.1393687, 0.98999357, 1.8778012;
 0, 0, 0, 1]
Twc:
[0.99711561, -0.072603665, -0.022116246, -0.21546805;
 0.068837412, 0.987845, -0.1393687, 1.3830848;
 0.031966101, 0.13744427, 0.98999357, -1.7068876;
 0, 0, 0, 1]
Ow:
[0.17420112;
 -1.1473151;
 1.8778012]
Keyframe: 67 Frame: 270 Frame from vFrameID : 271
Tcw:
[0.99663144, 0.078310184, 0.024357529, 0.16426469;
 -0.081104755, 0.98517257, 0.15118524, -1.1723969;
 -0.012157026, -0.15265147, 0.98820531, 1.9368309;
 0, 0, 0, 1]
Twc:
[0.99663144, -0.081104755, -0.012157026, -0.23525222;
 0.078310184, 0.98517257, -0.15265147, 1.4378098;
 0.024357529, 0.15118524, 0.98820531, -1.7407385;
 0, 0, 0, 1]
Ow:
[0.16426469;
 -1.1723969;
 1.9368309]
Keyframe: 68 Frame: 274 Frame from vFrameID : 275
Tcw:
[0.99718922, 0.0660097, 0.035445582, 0.15606473;
 -0.070760861, 0.98522913, 0.1559373, -1.1915765;
 -0.024628647, -0.15800716, 0.98713076, 2.0006194;
 0, 0, 0, 1]
Twc:
[0.99718922, -0.070760861, -0.024628647, -0.19067051;
 0.0660097, 0.98522913, -0.15800716, 1.4797863;
 0.035445582, 0.1559373, 0.98713076, -1.7945935;
 0, 0, 0, 1]
Ow:
[0.15606473;
 -1.1915765;
 2.0006194]
Keyframe: 69 Frame: 278 Frame from vFrameID : 279
Tcw:
[0.99735928, 0.033823073, 0.064268984, 0.13544916;
 -0.042570081, 0.98923355, 0.14001693, -1.2263393;
 -0.058841232, -0.14238311, 0.98806113, 2.0640173;
 0, 0, 0, 1]
Twc:
[0.99735928, -0.042570081, -0.058841232, -0.065847509;
 0.033823073, 0.98923355, -0.14238311, 1.5024359;
 0.064268984, 0.14001693, 0.98806113, -1.8763721;
 0, 0, 0, 1]
Ow:
[0.13544916;
 -1.2263393;
 2.0640173]
Keyframe: 70 Frame: 282 Frame from vFrameID : 283
Tcw:
[0.99598294, 0.031310044, 0.083891064, 0.14172108;
 -0.044279572, 0.98652434, 0.15750873, -1.2478119;
 -0.077828974, -0.16059066, 0.98394781, 2.1140046;
 0, 0, 0, 1]
Twc:
[0.99598294, -0.044279572, -0.077828974, -0.03187355;
 0.031310044, 0.98652434, -0.16059066, 1.566049;
 0.083891064, 0.15750873, 0.98394781, -1.895418;
 0, 0, 0, 1]
Ow:
[0.14172108;
 -1.2478119;
 2.1140046]
Keyframe: 71 Frame: 286 Frame from vFrameID : 287
Tcw:
[0.99506152, 0.025532195, 0.095920466, 0.13987514;
 -0.041191604, 0.98543113, 0.16501127, -1.2733631;
 -0.09030991, -0.16814749, 0.98161632, 2.1664248;
 0, 0, 0, 1]
Twc:
[0.99506152, -0.041191604, -0.09030991, 0.0040133977;
 0.025532195, 0.98543113, -0.16814749, 1.6155193;
 0.095920466, 0.16501127, 0.98161632, -1.9298954;
 0, 0, 0, 1]
Ow:
[0.13987514;
 -1.2733631;
 2.1664248]
Keyframe: 72 Frame: 290 Frame from vFrameID : 291
Tcw:
[0.99643523, 0.038261715, 0.075186044, 0.15724389;
 -0.048921268, 0.98814994, 0.14548661, -1.2986221;
 -0.068728521, -0.14864616, 0.98649919, 2.2255876;
 0, 0, 0, 1]
Twc:
[0.99643523, -0.048921268, -0.068728521, -0.067252249;
 0.038261715, 0.98814994, -0.14864616, 1.6080421;
 0.075186044, 0.14548661, 0.98649919, -2.0184309;
 0, 0, 0, 1]
Ow:
[0.15724389;
 -1.2986221;
 2.2255876]
Keyframe: 73 Frame: 294 Frame from vFrameID : 295
Tcw:
[0.99697673, 0.05499598, 0.054889273, 0.17129433;
 -0.06231242, 0.98790634, 0.14197962, -1.3196337;
 -0.046417151, -0.14497066, 0.98834658, 2.2668707;
 0, 0, 0, 1]
Twc:
[0.99697673, -0.06231242, -0.046417151, -0.14778435;
 0.05499598, 0.98790634, -0.14497066, 1.6228838;
 0.054889273, 0.14197962, 0.98834658, -2.0624952;
 0, 0, 0, 1]
Ow:
[0.17129433;
 -1.3196337;
 2.2668707]
Keyframe: 74 Frame: 298 Frame from vFrameID : 299
Tcw:
[0.99677205, 0.066823944, 0.044497591, 0.18752053;
 -0.07258904, 0.98692125, 0.14393489, -1.3564527;
 -0.034297321, -0.14670031, 0.98858625, 2.3256612;
 0, 0, 0, 1]
Twc:
[0.99677205, -0.07258904, -0.034297321, -0.20561489;
 0.066823944, 0.98692125, -0.14670031, 1.6673565;
 0.044497591, 0.14393489, 0.98858625, -2.1122198;
 0, 0, 0, 1]
Ow:
[0.18752053;
 -1.3564527;
 2.3256612]
Keyframe: 75 Frame: 302 Frame from vFrameID : 303
Tcw:
[0.99646401, 0.071064629, 0.044825435, 0.19590867;
 -0.077442519, 0.98376054, 0.1619194, -1.3752301;
 -0.032590751, -0.16481824, 0.98578537, 2.3823533;
 0, 0, 0, 1]
Twc:
[0.99646401, -0.077442519, -0.032590751, -0.22407451;
 0.071064629, 0.98376054, -0.16481824, 1.7316302;
 0.044825435, 0.1619194, 0.98578537, -2.1345944;
 0, 0, 0, 1]
Ow:
[0.19590867;
 -1.3752301;
 2.3823533]
Keyframe: 76 Frame: 306 Frame from vFrameID : 307
Tcw:
[0.99628603, 0.066254742, 0.054995485, 0.18782078;
 -0.074180558, 0.9847278, 0.1575069, -1.3917415;
 -0.043720003, -0.1610015, 0.98598534, 2.4305725;
 0, 0, 0, 1]
Twc:
[0.99628603, -0.074180558, -0.043720003, -0.18409874;
 0.066254742, 0.9847278, -0.1610015, 1.7493684;
 0.054995485, 0.1575069, 0.98598534, -2.1876292;
 0, 0, 0, 1]
Ow:
[0.18782078;
 -1.3917415;
 2.4305725]
Keyframe: 77 Frame: 310 Frame from vFrameID : 311
Tcw:
[0.99670804, 0.035972711, 0.072657011, 0.17859697;
 -0.046583805, 0.98757511, 0.15008464, -1.413377;
 -0.066355303, -0.1529752, 0.98599976, 2.4936738;
 0, 0, 0, 1]
Twc:
[0.99670804, -0.046583805, -0.066355303, -0.078381047;
 0.035972711, 0.98757511, -0.1529752, 1.7708615;
 0.072657011, 0.15008464, 0.98599976, -2.2596118;
 0, 0, 0, 1]
Ow:
[0.17859697;
 -1.413377;
 2.4936738]
Keyframe: 78 Frame: 314 Frame from vFrameID : 315
Tcw:
[0.99396497, 0.019056665, 0.10803021, 0.17893057;
 -0.035885919, 0.98709637, 0.1560543, -1.4327867;
 -0.10366236, -0.15898928, 0.98182309, 2.5516853;
 0, 0, 0, 1]
Twc:
[0.99396497, -0.035885919, -0.10366236, 0.035246123;
 0.019056665, 0.98709637, -0.15898928, 1.8165792;
 0.10803021, 0.1560543, 0.98182309, -2.3010406;
 0, 0, 0, 1]
Ow:
[0.17893057;
 -1.4327867;
 2.5516853]
Keyframe: 79 Frame: 318 Frame from vFrameID : 319
Tcw:
[0.98992366, 0.0043032803, 0.14153685, 0.18501127;
 -0.029967282, 0.98326504, 0.17969918, -1.4525113;
 -0.13839495, -0.18212993, 0.97348624, 2.6231713;
 0, 0, 0, 1]
Twc:
[0.98992366, -0.029967282, -0.13839495, 0.1363588;
 0.0043032803, 0.98326504, -0.18212993, 1.9051654;
 0.14153685, 0.17969918, 0.97348624, -2.3187921;
 0, 0, 0, 1]
Ow:
[0.18501127;
 -1.4525113;
 2.6231713]
Keyframe: 80 Frame: 322 Frame from vFrameID : 323
Tcw:
[0.99011564, 0.004710577, 0.14017409, 0.19053531;
 -0.031312954, 0.98163331, 0.18819018, -1.4729645;
 -0.13671307, -0.19071931, 0.97207803, 2.6697273;
 0, 0, 0, 1]
Twc:
[0.99011564, -0.031312954, -0.13671307, 0.13021177;
 0.004710577, 0.98163331, -0.19071931, 1.954182;
 0.14017409, 0.18819018, 0.97207803, -2.3446939;
 0, 0, 0, 1]
Ow:
[0.19053531;
 -1.4729645;
 2.6697273]
Keyframe: 81 Frame: 326 Frame from vFrameID : 327
Tcw:
[0.99370277, 0.032042135, 0.10736889, 0.19783992;
 -0.050927982, 0.98269844, 0.1780732, -1.4996221;
 -0.099805392, -0.18241991, 0.97814202, 2.7318211;
 0, 0, 0, 1]
Twc:
[0.99370277, -0.050927982, -0.099805392, -0.00031629213;
 0.032042135, 0.98269844, -0.18241991, 1.9656757;
 0.10736889, 0.1780732, 0.97814202, -2.4263086;
 0, 0, 0, 1]
Ow:
[0.19783992;
 -1.4996221;
 2.7318211]
Keyframe: 82 Frame: 330 Frame from vFrameID : 331
Tcw:
[0.99677145, 0.055989075, 0.057549048, 0.21474102;
 -0.064681634, 0.98460323, 0.16239682, -1.5221516;
 -0.047570534, -0.16559488, 0.98504585, 2.783968;
 0, 0, 0, 1]
Twc:
[0.99677145, -0.064681634, -0.047570534, -0.18006812;
 0.055989075, 0.98460323, -0.16559488, 1.9477031;
 0.057549048, 0.16239682, 0.98504585, -2.5075018;
 0, 0, 0, 1]
Ow:
[0.21474102;
 -1.5221516;
 2.783968]
Keyframe: 83 Frame: 334 Frame from vFrameID : 335
Tcw:
[0.99536121, 0.07522022, 0.059982754, 0.21770637;
 -0.084939711, 0.97985864, 0.18072723, -1.5493479;
 -0.045180276, -0.18498379, 0.98170245, 2.8354986;
 0, 0, 0, 1]
Twc:
[0.99536121, -0.084939711, -0.045180276, -0.22018902;
 0.07522022, 0.97985864, -0.18498379, 2.0262871;
 0.059982754, 0.18072723, 0.98170245, -2.5166655;
 0, 0, 0, 1]
Ow:
[0.21770637;
 -1.5493479;
 2.8354986]
Keyframe: 84 Frame: 338 Frame from vFrameID : 339
Tcw:
[0.99503946, 0.080184944, 0.058880277, 0.21368651;
 -0.089820765, 0.97857606, 0.18525963, -1.5675848;
 -0.042763796, -0.1896293, 0.98092407, 2.892863;
 0, 0, 0, 1]
Twc:
[0.99503946, -0.089820765, -0.042763796, -0.22971836;
 0.080184944, 0.97857606, -0.1896293, 2.065438;
 0.058880277, 0.18525963, 0.98092407, -2.5598505;
 0, 0, 0, 1]
Ow:
[0.21368651;
 -1.5675848;
 2.892863]
Keyframe: 85 Frame: 342 Frame from vFrameID : 343
Tcw:
[0.99532604, 0.058203738, 0.077061154, 0.1985292;
 -0.071854867, 0.97948223, 0.18828541, -1.5868688;
 -0.064521119, -0.19294257, 0.9790864, 2.9569311;
 0, 0, 0, 1]
Twc:
[0.99532604, -0.071854867, -0.064521119, -0.120841;
 0.058203738, 0.97948223, -0.19294257, 2.1132727;
 0.077061154, 0.18828541, 0.9790864, -2.6116059;
 0, 0, 0, 1]
Ow:
[0.1985292;
 -1.5868688;
 2.9569311]
Keyframe: 86 Frame: 346 Frame from vFrameID : 347
Tcw:
[0.99636471, 0.030828791, 0.079416424, 0.18400037;
 -0.044114657, 0.98421288, 0.17140278, -1.6017613;
 -0.072878525, -0.17428312, 0.98199499, 2.9956691;
 0, 0, 0, 1]
Twc:
[0.99636471, -0.044114657, -0.072878525, -0.035672676;
 0.030828791, 0.98421288, -0.17428312, 2.092896;
 0.079416424, 0.17140278, 0.98199499, -2.6817982;
 0, 0, 0, 1]
Ow:
[0.18400037;
 -1.6017613;
 2.9956691]
Keyframe: 87 Frame: 350 Frame from vFrameID : 351
Tcw:
[0.99462396, 0.011023595, 0.10296427, 0.18571466;
 -0.032498468, 0.97731161, 0.20929851, -1.6287044;
 -0.098320946, -0.21151949, 0.9724158, 3.0500731;
 0, 0, 0, 1]
Twc:
[0.99462396, -0.032498468, -0.098320946, 0.062239468;
 0.011023595, 0.97731161, -0.21151949, 2.2348545;
 0.10296427, 0.20929851, 0.9724158, -2.644176;
 0, 0, 0, 1]
Ow:
[0.18571466;
 -1.6287044;
 3.0500731]
Keyframe: 88 Frame: 353 Frame from vFrameID : 354
Tcw:
[0.99244851, 0.0066048098, 0.12248413, 0.19010176;
 -0.03182641, 0.97821718, 0.20512971, -1.6493084;
 -0.11846124, -0.2074789, 0.97104037, 3.1021967;
 0, 0, 0, 1]
Twc:
[0.99244851, -0.03182641, -0.11846124, 0.12633231;
 0.0066048098, 0.97821718, -0.2074789, 2.2557666;
 0.12248413, 0.20512971, 0.97104037, -2.6973207;
 0, 0, 0, 1]
Ow:
[0.19010176;
 -1.6493084;
 3.1021967]
Keyframe: 89 Frame: 357 Frame from vFrameID : 358
Tcw:
[0.99365431, 0.026011938, 0.10942789, 0.20780416;
 -0.049023543, 0.97577673, 0.21320534, -1.6717818;
 -0.10123131, -0.21721695, 0.97085994, 3.1619873;
 0, 0, 0, 1]
Twc:
[0.99365431, -0.049023543, -0.10123131, 0.031649921;
 0.026011938, 0.97577673, -0.21721695, 2.3127177;
 0.10942789, 0.21320534, 0.97085994, -2.7361536;
 0, 0, 0, 1]
Ow:
[0.20780416;
 -1.6717818;
 3.1619873]
Keyframe: 90 Frame: 361 Frame from vFrameID : 362
Tcw:
[0.99529213, 0.04830654, 0.084024169, 0.21722403;
 -0.064517133, 0.97716719, 0.20243971, -1.6921734;
 -0.072326496, -0.20690764, 0.97568339, 3.2037511;
 0, 0, 0, 1]
Twc:
[0.99529213, -0.064517133, -0.072326496, -0.093659438;
 0.04830654, 0.97716719, -0.20690764, 2.3059235;
 0.084024169, 0.20243971, 0.97568339, -2.8015358;
 0, 0, 0, 1]
Ow:
[0.21722403;
 -1.6921734;
 3.2037511]
Keyframe: 91 Frame: 365 Frame from vFrameID : 366
Tcw:
[0.99498576, 0.08243151, 0.056642406, 0.23877063;
