Keyframe: 0 Frame: 0 Frame from vFrameID : 74
Tcw:
[0.94830322, 0.23624873, 0.21191394, 0.065763265;
 0.11607701, 0.36327064, -0.92442447, -0.074770562;
 -0.29537621, 0.90123302, 0.31706768, -9.262003e-05;
 0, 0, 0, 1]
Twc:
[0.94830322, 0.11607701, -0.29537621, -0.053711731;
 0.23624873, 0.36327064, 0.90123302, 0.011708934;
 0.21191394, -0.92442447, 0.31706768, -0.083026521;
 0, 0, 0, 1]
Ow:
[0.065763265;
 -0.074770562;
 -9.262003e-05]
Keyframe: 1 Frame: 73 Frame from vFrameID : 74
Tcw:
[0.95059454, 0.22609729, 0.2127205, 0.065958336;
 0.11909141, 0.36720392, -0.92248499, -0.073885493;
 -0.28668314, 0.90224236, 0.32213581, -0.00072066486;
 0, 0, 0, 1]
Twc:
[0.95059454, 0.11909141, -0.28668314, -0.054107111;
 0.22609729, 0.36720392, 0.90224236, 0.012868254;
 0.2127205, -0.92248499, 0.32213581, -0.081956789;
 0, 0, 0, 1]
Ow:
[0.065958336;
 -0.073885493;
 -0.00072066486]
Keyframe: 2 Frame: 76 Frame from vFrameID : 77
Tcw:
[0.95188344, 0.21944548, 0.21391957, 0.066898942;
 0.12013562, 0.37496513, -0.9192217, -0.073523924;
 -0.28193143, 0.90069133, 0.33055988, -0.00092314743;
 0, 0, 0, 1]
Twc:
[0.95188344, 0.12013562, -0.28193143, -0.055107415;
 0.21944548, 0.37496513, 0.90069133, 0.013719712;
 0.21391957, -0.9192217, 0.33055988, -0.08159063;
 0, 0, 0, 1]
Ow:
[0.066898942;
 -0.073523924;
 -0.00092314743]
Keyframe: 3 Frame: 77 Frame from vFrameID : 78
Tcw:
[0.95248401, 0.21695212, 0.2137896, 0.06742873;
 0.11995845, 0.377976, -0.91801095, -0.074398965;
 -0.27997175, 0.90003663, 0.33399087, -0.0013693627;
 0, 0, 0, 1]
Twc:
[0.95248401, 0.11995845, -0.27997175, -0.055683386;
 0.21695212, 0.377976, 0.90003663, 0.014724696;
 0.2137896, -0.91801095, 0.33399087, -0.082257271;
 0, 0, 0, 1]
Ow:
[0.06742873;
 -0.074398965;
 -0.0013693627]
Keyframe: 4 Frame: 78 Frame from vFrameID : 79
Tcw:
[0.95385325, 0.21393566, 0.2107023, 0.06817171;
 0.11829403, 0.37722683, -0.91853493, -0.073814794;
 -0.27598995, 0.90107238, 0.33451173, -0.0017452594;
 0, 0, 0, 1]
Twc:
[0.95385325, 0.11829403, -0.27598995, -0.056775637;
 0.21393566, 0.37722683, 0.90107238, 0.014833164;
 0.2107023, -0.91853493, 0.33451173, -0.0815816;
 0, 0, 0, 1]
Ow:
[0.06817171;
 -0.073814794;
 -0.0017452594]
Keyframe: 5 Frame: 79 Frame from vFrameID : 80
Tcw:
[0.95442891, 0.2134355, 0.20859227, 0.068217233;
 0.1163572, 0.37750301, -0.91866887, -0.073546872;
 -0.27482074, 0.90107536, 0.33546504, -0.0017194748;
 0, 0, 0, 1]
Twc:
[0.95442891, 0.1163572, -0.27482074, -0.057023343;
 0.2134355, 0.37750301, 0.90107536, 0.014753562;
 0.20859227, -0.91866887, 0.33546504, -0.081217982;
 0, 0, 0, 1]
Ow:
[0.068217233;
 -0.073546872;
 -0.0017194748]
Keyframe: 6 Frame: 80 Frame from vFrameID : 81
Tcw:
[0.95476764, 0.21163967, 0.20887162, 0.068149701;
 0.11735027, 0.3772361, -0.91865218, -0.074358106;
 -0.27321717, 0.90161055, 0.33533686, -0.0015836656;
 0, 0, 0, 1]
Twc:
[0.95476764, 0.11735027, -0.27321717, -0.056773875;
 0.21163967, 0.3772361, 0.90161055, 0.015055231;
 0.20887162, -0.91865218, 0.33533686, -0.082012713;
 0, 0, 0, 1]
Ow:
[0.068149701;
 -0.074358106;
 -0.0015836656]
Keyframe: 7 Frame: 81 Frame from vFrameID : 82
Tcw:
[0.9547736, 0.21165295, 0.20883106, 0.0681265;
 0.11730115, 0.37725374, -0.91865122, -0.074334443;
 -0.27321753, 0.90160006, 0.33536479, -0.00159337;
 0, 0, 0, 1]
Twc:
[0.9547736, 0.11730115, -0.27321753, -0.056761201;
 0.21165295, 0.37725374, 0.90160006, 0.015060353;
 0.20883106, -0.91865122, 0.33536479, -0.08197999;
 0, 0, 0, 1]
Ow:
[0.0681265;
 -0.074334443;
 -0.00159337]
Keyframe: 8 Frame: 82 Frame from vFrameID : 83
Tcw:
[0.95519292, 0.21134837, 0.20721561, 0.067949064;
 0.11657824, 0.37486029, -0.91972238, -0.074586332;
 -0.27205873, 0.90266919, 0.33342528, -0.0012424421;
 0, 0, 0, 1]
Twc:
[0.95519292, 0.11657824, -0.27205873, -0.056547344;
 0.21134837, 0.37486029, 0.90266919, 0.014720043;
 0.20721561, -0.91972238, 0.33342528, -0.082264565;
 0, 0, 0, 1]
Ow:
[0.067949064;
 -0.074586332;
 -0.0012424421]
Keyframe: 9 Frame: 85 Frame from vFrameID : 86
Tcw:
[0.95660526, 0.21612439, 0.1954395, 0.068816498;
 0.10919177, 0.35596809, -0.92809689, -0.074486434;
 -0.2701546, 0.90916276, 0.31692195, -0.0011465158;
 0, 0, 0, 1]
Twc:
[0.95660526, 0.10919177, -0.2701546, -0.058006655;
 0.21612439, 0.35596809, 0.90916276, 0.012684242;
 0.1954395, -0.92809689, 0.31692195, -0.08221674;
 0, 0, 0, 1]
Ow:
[0.068816498;
 -0.074486434;
 -0.0011465158]
Keyframe: 10 Frame: 87 Frame from vFrameID : 88
Tcw:
[0.95618719, 0.21764284, 0.19580007, 0.067402057;
 0.11021078, 0.35200536, -0.92948687, -0.075159043;
 -0.27121884, 0.91034269, 0.31259644, -0.00044564903;
 0, 0, 0, 1]
Twc:
[0.95618719, 0.11021078, -0.27121884, -0.056286514;
 0.21764284, 0.35200536, 0.91034269, 0.012192504;
 0.19580007, -0.92948687, 0.31259644, -0.082917355;
 0, 0, 0, 1]
Ow:
[0.067402057;
 -0.075159043;
 -0.00044564903]
Keyframe: 11 Frame: 91 Frame from vFrameID : 92
Tcw:
[0.95358849, 0.22696529, 0.19787827, 0.067469493;
 0.11272568, 0.34028742, -0.93354023, -0.075584598;
 -0.27921671, 0.91251916, 0.29890934, 0.00024407357;
 0, 0, 0, 1]
Twc:
[0.95358849, 0.11272568, -0.27921671, -0.055749655;
 0.22696529, 0.34028742, 0.91251916, 0.010184534;
 0.19787827, -0.93354023, 0.29890934, -0.083984971;
 0, 0, 0, 1]
Ow:
[0.067469493;
 -0.075584598;
 0.00024407357]
Keyframe: 12 Frame: 94 Frame from vFrameID : 95
Tcw:
[0.94771582, 0.23766959, 0.21295059, 0.06643787;
 0.12618431, 0.33382857, -0.93414986, -0.075902551;
 -0.29310799, 0.91217965, 0.2863844, 0.0020869225;
 0, 0, 0, 1]
Twc:
[0.94771582, 0.12618431, -0.29310799, -0.052774809;
 0.23766959, 0.33382857, 0.91217965, 0.0076445309;
 0.21295059, -0.93414986, 0.2863844, -0.085650012;
 0, 0, 0, 1]
Ow:
[0.06643787;
 -0.075902551;
 0.0020869225]
Keyframe: 13 Frame: 96 Frame from vFrameID : 97
Tcw:
[0.94617063, 0.23816267, 0.21917956, 0.066737875;
 0.13450919, 0.32659748, -0.93554336, -0.076845326;
 -0.294395, 0.91466534, 0.27698186, 0.0027174186;
 0, 0, 0, 1]
Twc:
[0.94617063, 0.13450919, -0.294395, -0.052009016;
 0.23816267, 0.32659748, 0.91466534, 0.0067174891;
 0.21917956, -0.93554336, 0.27698186, -0.087272383;
 0, 0, 0, 1]
Ow:
[0.066737875;
 -0.076845326;
 0.0027174186]
Keyframe: 14 Frame: 98 Frame from vFrameID : 99
Tcw:
[0.94348997, 0.23912273, 0.22944921, 0.066677481;
 0.14409707, 0.32747659, -0.93380678, -0.076361738;
 -0.29843369, 0.91410035, 0.27451399, 0.0036802385;
 0, 0, 0, 1]
Twc:
[0.94348997, 0.14409707, -0.29843369, -0.050807729;
 0.23912273, 0.32747659, 0.91410035, 0.0056984695;
 0.22944921, -0.93380678, 0.27451399, -0.087616481;
 0, 0, 0, 1]
Ow:
[0.066677481;
 -0.076361738;
 0.0036802385]
Keyframe: 15 Frame: 100 Frame from vFrameID : 101
Tcw:
[0.94009513, 0.24346849, 0.23862985, 0.066374838;
 0.15010089, 0.33286968, -0.93094981, -0.077064656;
 -0.30608958, 0.91099995, 0.27638432, 0.0045581777;
 0, 0, 0, 1]
Twc:
[0.94009513, 0.15010089, -0.30608958, -0.049435981;
 0.24346849, 0.33286968, 0.91099995, 0.005339806;
 0.23862985, -0.93094981, 0.27638432, -0.088842154;
 0, 0, 0, 1]
Ow:
[0.066374838;
 -0.077064656;
 0.0045581777]
Keyframe: 16 Frame: 103 Frame from vFrameID : 104
Tcw:
[0.93718457, 0.24976605, 0.24352004, 0.067115277;
 0.14978155, 0.34234512, -0.92755878, -0.078804374;
 -0.31504059, 0.90576857, 0.28343022, 0.0052726958;
 0, 0, 0, 1]
Twc:
[0.93718457, 0.14978155, -0.31504059, -0.049434844;
 0.24976605, 0.34234512, 0.90576857, 0.0054393336;
 0.24352004, -0.92755878, 0.28343022, -0.090934046;
 0, 0, 0, 1]
Ow:
[0.067115277;
 -0.078804374;
 0.0052726958]
Keyframe: 17 Frame: 108 Frame from vFrameID : 109
Tcw:
[0.93276721, 0.26582181, 0.24348316, 0.070420116;
 0.14073165, 0.35331148, -0.92485976, -0.082358651;
 -0.3318733, 0.8969447, 0.29214785, 0.0079469215;
 0, 0, 0, 1]
Twc:
[0.93276721, 0.14073165, -0.3318733, -0.051457737;
 0.26582181, 0.35331148, 0.8969447, 0.0032511086;
 0.24348316, -0.92485976, 0.29214785, -0.095637992;
 0, 0, 0, 1]
Ow:
[0.070420116;
 -0.082358651;
 0.0079469215]
Keyframe: 18 Frame: 116 Frame from vFrameID : 117
Tcw:
[0.93277746, 0.2927613, 0.21027847, 0.077354021;
 0.10737284, 0.33121124, -0.9374274, -0.085675098;
 -0.34408906, 0.89698941, 0.27751178, 0.014800522;
 0, 0, 0, 1]
Twc:
[0.93277746, 0.10737284, -0.34408906, -0.057862215;
 0.2927613, 0.33121124, 0.89698941, -0.0075456183;
 0.21027847, -0.9374274, 0.27751178, -0.10068739;
 0, 0, 0, 1]
Ow:
[0.077354021;
 -0.085675098;
 0.014800522]
Keyframe: 19 Frame: 123 Frame from vFrameID : 124
Tcw:
[0.93335932, 0.29637957, 0.20248334, 0.079950288;
 0.099824287, 0.32752627, -0.93955398, -0.08775048;
 -0.34478322, 0.89715421, 0.27611381, 0.02156733;
 0, 0, 0, 1]
Twc:
[0.93335932, 0.099824287, -0.34478322, -0.058426667;
 0.29637957, 0.32752627, 0.89715421, -0.014304267;
 0.20248334, -0.93955398, 0.27611381, -0.10458995;
 0, 0, 0, 1]
Ow:
[0.079950288;
 -0.08775048;
 0.02156733]
Keyframe: 20 Frame: 130 Frame from vFrameID : 131
Tcw:
[0.92116052, 0.29979721, 0.24816307, 0.085240975;
 0.13209832, 0.35894284, -0.92396432, -0.090165198;
 -0.36607829, 0.88390142, 0.29104125, 0.032920226;
 0, 0, 0, 1]
Twc:
[0.92116052, 0.13209832, -0.36607829, -0.054558568;
 0.29979721, 0.35894284, 0.88390142, -0.022289088;
 0.24816307, -0.92396432, 0.29104125, -0.11404423;
 0, 0, 0, 1]
Ow:
[0.085240975;
 -0.090165198;
 0.032920226]
Keyframe: 21 Frame: 137 Frame from vFrameID : 138
Tcw:
[0.89474571, 0.33565575, 0.2945596, 0.087351322;
 0.17182146, 0.3500697, -0.92083037, -0.090779081;
 -0.41219839, 0.87452066, 0.2555505, 0.04853984;
 0, 0, 0, 1]
Twc:
[0.89474571, 0.17182146, -0.41219839, -0.042551383;
 0.33565575, 0.3500697, 0.87452066, -0.03999006;
 0.2945596, -0.92083037, 0.2555505, -0.12172668;
 0, 0, 0, 1]
Ow:
[0.087351322;
 -0.090779081;
 0.04853984]
Keyframe: 22 Frame: 144 Frame from vFrameID : 145
Tcw:
[0.87909585, 0.36805424, 0.30286399, 0.072149158;
 0.17993151, 0.33214411, -0.92590761, -0.089096405;
 -0.44137871, 0.8684563, 0.22576195, 0.098156855;
 0, 0, 0, 1]
Twc:
[0.87909585, 0.17993151, -0.44137871, -0.0040704315;
 0.36805424, 0.33214411, 0.8684563, -0.082206905;
 0.30286399, -0.92590761, 0.22576195, -0.12650651;
 0, 0, 0, 1]
Ow:
[0.072149158;
 -0.089096405;
 0.098156855]
Keyframe: 23 Frame: 152 Frame from vFrameID : 153
Tcw:
[0.88387126, 0.36275885, 0.29525852, 0.087493151;
 0.17320219, 0.332537, -0.92704916, -0.11968093;
 -0.43447965, 0.87053156, 0.23108928, 0.12318966;
 0, 0, 0, 1]
Twc:
[0.88387126, 0.17320219, -0.43447965, -0.0030802868;
 0.36275885, 0.332537, 0.87053156, -0.099181056;
 0.29525852, -0.92704916, 0.23108928, -0.16525102;
 0, 0, 0, 1]
Ow:
[0.087493151;
 -0.11968093;
 0.12318966]
Keyframe: 24 Frame: 160 Frame from vFrameID : 161
Tcw:
[0.86340332, 0.38019949, 0.33163685, 0.09246546;
 0.18877396, 0.36613396, -0.91121364, -0.14177856;
 -0.46786648, 0.84934932, 0.24434952, 0.14502192;
 0, 0, 0, 1]
Twc:
[0.86340332, 0.18877396, -0.46786648, 0.014780001;
 0.38019949, 0.36613396, 0.84934932, -0.10641965;
 0.33163685, -0.91121364, 0.24434952, -0.19529155;
 0, 0, 0, 1]
Ow:
[0.09246546;
 -0.14177856;
 0.14502192]
Keyframe: 25 Frame: 167 Frame from vFrameID : 168
Tcw:
[0.83681625, 0.38343021, 0.39079386, 0.085035279;
 0.25391835, 0.36057538, -0.89750254, -0.17972611;
 -0.48504025, 0.85027444, 0.20437537, 0.20161819;
 0, 0, 0, 1]
Twc:
[0.83681625, 0.25391835, -0.48504025, 0.072269797;
 0.38343021, 0.36057538, 0.85027444, -0.13923109;
 0.39079386, -0.89750254, 0.20437537, -0.2357417;
 0, 0, 0, 1]
Ow:
[0.085035279;
 -0.17972611;
 0.20161819]
Keyframe: 26 Frame: 175 Frame from vFrameID : 176
Tcw:
[0.8208707, 0.41923407, 0.38783258, 0.08087907;
 0.24085017, 0.36162397, -0.90067714, -0.15975621;
 -0.51784408, 0.83274901, 0.19587392, 0.23571227;
 0, 0, 0, 1]
Twc:
[0.8208707, 0.24085017, -0.51784408, 0.094148263;
 0.41923407, 0.36162397, 0.83274901, -0.17242475;
 0.38783258, -0.90067714, 0.19587392, -0.22142619;
 0, 0, 0, 1]
Ow:
[0.08087907;
 -0.15975621;
 0.23571227]
Keyframe: 27 Frame: 182 Frame from vFrameID : 183
Tcw:
[0.85213, 0.36793318, 0.3721554, 0.031571142;
 0.25098208, 0.33669204, -0.90754968, -0.15913501;
 -0.45921943, 0.86675465, 0.19456075, 0.25629485;
 0, 0, 0, 1]
Twc:
[0.85213, 0.25098208, -0.45921943, 0.13073289;
 0.36793318, 0.33669204, 0.86675465, -0.18018134;
 0.3721554, -0.90754968, 0.19456075, -0.20603724;
 0, 0, 0, 1]
Ow:
[0.031571142;
 -0.15913501;
 0.25629485]
Keyframe: 28 Frame: 190 Frame from vFrameID : 191
Tcw:
[0.86010128, 0.35975927, 0.36166158, 0.032580324;
 0.23346032, 0.35276246, -0.90612084, -0.18265101;
 -0.45356598, 0.86378926, 0.21942194, 0.27645642;
 0, 0, 0, 1]
Twc:
[0.86010128, 0.23346032, -0.45356598, 0.14001063;
 0.35975927, 0.35276246, 0.86378926, -0.18608876;
 0.36166158, -0.90612084, 0.21942194, -0.23794754;
 0, 0, 0, 1]
Ow:
[0.032580324;
 -0.18265101;
 0.27645642]
Keyframe: 29 Frame: 198 Frame from vFrameID : 199
Tcw:
[0.86387908, 0.34616342, 0.36590138, 0.052741326;
 0.23305382, 0.36930233, -0.89961195, -0.19077867;
 -0.44654101, 0.86243069, 0.23835786, 0.27342981;
 0, 0, 0, 1]
Twc:
[0.86387908, 0.23305382, -0.44654101, 0.12099718;
 0.34616342, 0.36930233, 0.86243069, -0.18361636;
 0.36590138, -0.89961195, 0.23835786, -0.25609905;
 0, 0, 0, 1]
Ow:
[0.052741326;
 -0.19077867;
 0.27342981]
Keyframe: 30 Frame: 206 Frame from vFrameID : 207
Tcw:
[0.88558173, 0.32135731, 0.33537218, 0.065990835;
 0.23425178, 0.31448367, -0.91990548, -0.15490946;
 -0.40108743, 0.89321303, 0.20322247, 0.30043364;
 0, 0, 0, 1]
Twc:
[0.88558173, 0.23425178, -0.40108743, 0.098347686;
 0.32135731, 0.31448367, 0.89321303, -0.24084136;
 0.33537218, -0.91990548, 0.20322247, -0.22568843;
 0, 0, 0, 1]
Ow:
[0.065990835;
 -0.15490946;
 0.30043364]
Keyframe: 31 Frame: 214 Frame from vFrameID : 215
Tcw:
[0.89276218, 0.32513264, 0.31187257, 0.048451137;
 0.22209306, 0.28467715, -0.93254149, -0.11675102;
 -0.39198264, 0.90180248, 0.1819393, 0.35592368;
 0, 0, 0, 1]
Twc:
[0.89276218, 0.22209306, -0.39198264, 0.12219016;
 0.32513264, 0.28467715, 0.90180248, -0.30348957;
 0.31187257, -0.93254149, 0.1819393, -0.18874225;
 0, 0, 0, 1]
Ow:
[0.048451137;
 -0.11675102;
 0.35592368]
Keyframe: 32 Frame: 222 Frame from vFrameID : 223
Tcw:
[0.8875342, 0.32687739, 0.32470629, 0.056144364;
 0.22627392, 0.30466858, -0.92519033, -0.17628294;
 -0.4013516, 0.89461064, 0.19643995, 0.37170663;
 0, 0, 0, 1]
Twc:
[0.8875342, 0.22627392, -0.4013516, 0.13924326;
 0.32687739, 0.30466858, 0.89461064, -0.2971772;
 0.32470629, -0.92519033, 0.19643995, -0.25434375;
 0, 0, 0, 1]
Ow:
[0.056144364;
 -0.17628294;
 0.37170663]
Keyframe: 33 Frame: 229 Frame from vFrameID : 230
Tcw:
[0.88972372, 0.33978784, 0.30485401, 0.071335301;
 0.20704012, 0.29481852, -0.93285394, -0.16286981;
 -0.40684903, 0.89309925, 0.19195732, 0.40727249;
 0, 0, 0, 1]
Twc:
[0.88972372, 0.20704012, -0.40684903, 0.13595028;
 0.33978784, 0.29481852, 0.89309925, -0.33995658;
 0.30485401, -0.93285394, 0.19195732, -0.25185952;
 0, 0, 0, 1]
Ow:
[0.071335301;
 -0.16286981;
 0.40727249]
Keyframe: 34 Frame: 236 Frame from vFrameID : 237
Tcw:
[0.88458115, 0.3186712, 0.34053615, 0.077619798;
 0.23540662, 0.32524711, -0.91585916, -0.20640104;
 -0.40261632, 0.89031625, 0.21269014, 0.4045386;
 0, 0, 0, 1]
Twc:
[0.88458115, 0.23540662, -0.40261632, 0.14280102;
 0.3186712, 0.32524711, 0.89031625, -0.31777114;
 0.34053615, -0.91585916, 0.21269014, -0.30150801;
 0, 0, 0, 1]
Ow:
[0.077619798;
 -0.20640104;
 0.4045386]
Keyframe: 35 Frame: 244 Frame from vFrameID : 245
Tcw:
[0.85396409, 0.34630936, 0.38834932, 0.083702594;
 0.26451075, 0.35379329, -0.89714235, -0.24508618;
 -0.44808418, 0.86884987, 0.21052422, 0.43632001;
 0, 0, 0, 1]
Twc:
[0.85396409, 0.26451075, -0.44808418, 0.188857;
 0.34630936, 0.35379329, 0.86884987, -0.32137373;
 0.38834932, -0.89714235, 0.21052422, -0.34423894;
 0, 0, 0, 1]
Ow:
[0.083702594;
 -0.24508618;
 0.43632001]
Keyframe: 36 Frame: 250 Frame from vFrameID : 251
Tcw:
[0.8678028, 0.35752973, 0.34509534, 0.13197342;
 0.22667882, 0.33318028, -0.91520905, -0.23082635;
 -0.44219342, 0.87244678, 0.20809036, 0.45525527;
 0, 0, 0, 1]
Twc:
[0.8678028, 0.22667882, -0.44219342, 0.13910742;
 0.35752973, 0.33318028, 0.87244678, -0.36746365;
 0.34509534, -0.91520905, 0.20809036, -0.35153201;
 0, 0, 0, 1]
Ow:
[0.13197342;
 -0.23082635;
 0.45525527]
Keyframe: 37 Frame: 255 Frame from vFrameID : 256
Tcw:
[0.87611395, 0.36050612, 0.32009324, 0.14996627;
 0.20624387, 0.31985992, -0.9247449, -0.24517146;
 -0.43576118, 0.87619919, 0.20588155, 0.46106225;
 0, 0, 0, 1]
Twc:
[0.87611395, 0.20624387, -0.43576118, 0.12009059;
 0.36050612, 0.31985992, 0.87619919, -0.37962559;
 0.32009324, -0.9247449, 0.20588155, -0.36964846;
 0, 0, 0, 1]
Ow:
[0.14996627;
 -0.24517146;
 0.46106225]
Keyframe: 38 Frame: 262 Frame from vFrameID : 263
Tcw:
[0.88525003, 0.34518176, 0.3117401, 0.15192854;
 0.19996652, 0.32268178, -0.92514318, -0.24297041;
 -0.41993541, 0.8813206, 0.21662927, 0.47839883;
 0, 0, 0, 1]
Twc:
[0.88525003, 0.19996652, -0.41993541, 0.1149878;
 0.34518176, 0.32268178, 0.8813206, -0.39566362;
 0.3117401, -0.92514318, 0.21662927, -0.37577981;
 0, 0, 0, 1]
Ow:
[0.15192854;
 -0.24297041;
 0.47839883]
Keyframe: 39 Frame: 270 Frame from vFrameID : 271
Tcw:
[0.87547892, 0.35896227, 0.32354718, 0.053300321;
 0.21524633, 0.30978388, -0.92612255, -0.15713498;
 -0.43267274, 0.8804431, 0.19394393, 0.57094902;
 0, 0, 0, 1]
Twc:
[0.87547892, 0.21524633, -0.43267274, 0.23419352;
 0.35896227, 0.30978388, 0.8804431, -0.47314307;
 0.32354718, -0.92612255, 0.19394393, -0.27350351;
 0, 0, 0, 1]
Ow:
[0.053300321;
 -0.15713498;
 0.57094902]
Keyframe: 40 Frame: 276 Frame from vFrameID : 277
Tcw:
[0.86895823, 0.37354156, 0.32462016, 0.077343278;
 0.21065366, 0.31436926, -0.92563331, -0.17075124;
 -0.44781309, 0.87271911, 0.19448586, 0.58005887;
 0, 0, 0, 1]
Twc:
[0.86895823, 0.21065366, -0.44781309, 0.22851928;
 0.37354156, 0.31436926, 0.87271911, -0.48144048;
 0.32462016, -0.92563331, 0.19448586, -0.29597348;
 0, 0, 0, 1]
Ow:
[0.077343278;
 -0.17075124;
 0.58005887]
Keyframe: 41 Frame: 283 Frame from vFrameID : 284
Tcw:
[0.87337929, 0.35819227, 0.33001053, 0.090022236;
 0.21773227, 0.31895196, -0.92242199, -0.17622484;
 -0.43566194, 0.87747818, 0.20057601, 0.58036357;
 0, 0, 0, 1]
Twc:
[0.87337929, 0.21773227, -0.43566194, 0.21258858;
 0.35819227, 0.31895196, 0.87747818, -0.48529437;
 0.33001053, -0.92242199, 0.20057601, -0.30866897;
 0, 0, 0, 1]
Ow:
[0.090022236;
 -0.17622484;
 0.58036357]
Keyframe: 42 Frame: 290 Frame from vFrameID : 291
Tcw:
[0.89362139, 0.34068263, 0.29219195, 0.096650779;
 0.18721642, 0.30873436, -0.93254119, -0.17753291;
 -0.40791026, 0.88804191, 0.21211025, 0.58756745;
 0, 0, 0, 1]
Twc:
[0.89362139, 0.18721642, -0.40791026, 0.18654267;
 0.34068263, 0.30873436, 0.88804191, -0.49990124;
 0.29219195, -0.93254119, 0.21211025, -0.31842643;
 0, 0, 0, 1]
Ow:
[0.096650779;
 -0.17753291;
 0.58756745]
Keyframe: 43 Frame: 295 Frame from vFrameID : 296
Tcw:
[0.88481951, 0.34939608, 0.30824801, 0.092903323;
 0.1948282, 0.32351285, -0.92594892, -0.19006321;
 -0.42324513, 0.87935305, 0.21817827, 0.60993165;
 0, 0, 0, 1]
Twc:
[0.88481951, 0.1948282, -0.42324513, 0.21297759;
 0.34939608, 0.32351285, 0.87935305, -0.50731742;
 0.30824801, -0.92594892, 0.21817827, -0.33769992;
 0, 0, 0, 1]
Ow:
[0.092903323;
 -0.19006321;
 0.60993165]
Keyframe: 44 Frame: 301 Frame from vFrameID : 302
Tcw:
[0.88294667, 0.35345122, 0.30899426, 0.10990871;
 0.18588461, 0.34118333, -0.9214341, -0.20263407;
 -0.4311057, 0.87101442, 0.23554555, 0.61097044;
 0, 0, 0, 1]
Twc:
[0.88294667, 0.18588461, -0.4311057, 0.20401588;
 0.35345122, 0.34118333, 0.87101442, -0.50187612;
 0.30899426, -0.9214341, 0.23554555, -0.36458647;
 0, 0, 0, 1]
Ow:
[0.10990871;
 -0.20263407;
 0.61097044]
Keyframe: 45 Frame: 307 Frame from vFrameID : 308
Tcw:
[0.86271363, 0.3787635, 0.33505735, 0.099446476;
 0.23062903, 0.29495582, -0.9272601, -0.19997755;
 -0.45003939, 0.87723386, 0.16710854, 0.65835506;
 0, 0, 0, 1]
Twc:
[0.86271363, 0.23062903, -0.45003939, 0.25661251;
 0.3787635, 0.29495582, 0.87723386, -0.5562135;
 0.33505735, -0.9272601, 0.16710854, -0.32876822;
 0, 0, 0, 1]
Ow:
[0.099446476;
 -0.19997755;
 0.65835506]
Keyframe: 46 Frame: 313 Frame from vFrameID : 314
Tcw:
[0.84951442, 0.38121358, 0.36469358, 0.10095036;
 0.24822161, 0.32116175, -0.91391528, -0.20796534;
 -0.46552256, 0.86690909, 0.17820609, 0.65669405;
 0, 0, 0, 1]
Twc:
[0.84951442, 0.24822161, -0.46552256, 0.2715686;
 0.38121358, 0.32116175, 0.86690909, -0.54098719;
 0.36469358, -0.91391528, 0.17820609, -0.34390554;
 0, 0, 0, 1]
Ow:
[0.10095036;
 -0.20796534;
 0.65669405]
Keyframe: 47 Frame: 319 Frame from vFrameID : 320
Tcw:
[0.85768139, 0.38054618, 0.34578487, 0.086150594;
 0.22838669, 0.32056636, -0.91928053, -0.18518665;
 -0.46067572, 0.86742252, 0.18803212, 0.68150413;
 0, 0, 0, 1]
Twc:
[0.85768139, 0.22838669, -0.46067572, 0.2823568;
 0.38054618, 0.32056636, 0.86742252, -0.56457168;
 0.34578487, -0.91928053, 0.18803212, -0.32817271;
 0, 0, 0, 1]
Ow:
[0.086150594;
 -0.18518665;
 0.68150413]
Keyframe: 48 Frame: 325 Frame from vFrameID : 326
Tcw:
[0.8749823, 0.36355343, 0.31974182, 0.093438171;
 0.22097078, 0.28774586, -0.93186599, -0.17954417;
 -0.43078747, 0.88601989, 0.17143784, 0.69563335;
 0, 0, 0, 1]
Twc:
[0.8749823, 0.22097078, -0.43078747, 0.2575874;
 0.36355343, 0.28774586, 0.88601989, -0.59865165;
 0.31974182, -0.93186599, 0.17143784, -0.31644508;
 0, 0, 0, 1]
Ow:
[0.093438171;
 -0.17954417;
 0.69563335]
Keyframe: 49 Frame: 332 Frame from vFrameID : 333
Tcw:
[0.87993544, 0.36212313, 0.30753937, 0.10024848;
 0.19689646, 0.31115219, -0.92973977, -0.18987283;
 -0.43237182, 0.87866443, 0.20249307, 0.69943178;
 0, 0, 0, 1]
Twc:
[0.87993544, 0.19689646, -0.43237182, 0.25158769;
 0.36212313, 0.31115219, 0.87866443, -0.59178871;
 0.30753937, -0.92973977, 0.20249307, -0.34899276;
 0, 0, 0, 1]
Ow:
[0.10024848;
 -0.18987283;
 0.69943178]
Keyframe: 50 Frame: 339 Frame from vFrameID : 340
Tcw:
[0.87667501, 0.35456759, 0.32515031, 0.10378916;
 0.21350454, 0.31891519, -0.9234224, -0.19256712;
 -0.43111104, 0.8789624, 0.20388319, 0.7085222;
 0, 0, 0, 1]
Twc:
[0.87667501, 0.21350454, -0.43111104, 0.25557634;
 0.35456759, 0.31891519, 0.8789624, -0.5981521;
 0.32515031, -0.9234224, 0.20388319, -0.35602364;
 0, 0, 0, 1]
Ow:
[0.10378916;
 -0.19256712;
 0.7085222]
Keyframe: 51 Frame: 346 Frame from vFrameID : 347
Tcw:
[0.87094128, 0.35160351, 0.34327289, 0.065939337;
 0.23236765, 0.32084337, -0.91818559, -0.14799505;
 -0.4329741, 0.87945127, 0.19773446, 0.73321766;
 0, 0, 0, 1]
Twc:
[0.87094128, 0.23236765, -0.4329741, 0.29442424;
 0.35160351, 0.32084337, 0.87945127, -0.62053043;
 0.34327289, -0.91818559, 0.19773446, -0.30350453;
 0, 0, 0, 1]
Ow:
[0.065939337;
 -0.14799505;
 0.73321766]
Keyframe: 52 Frame: 353 Frame from vFrameID : 354
Tcw:
[0.86604118, 0.37883115, 0.32628158, 0.066353127;
 0.19949763, 0.33656022, -0.92028683, -0.13712984;
 -0.45844671, 0.86209869, 0.21589909, 0.76715791;
 0, 0, 0, 1]
Twc:
[0.86604118, 0.19949763, -0.45844671, 0.32159358;
 0.37883115, 0.33656022, 0.86209869, -0.64035004;
 0.32628158, -0.92028683, 0.21589909, -0.31347731;
 0, 0, 0, 1]
Ow:
[0.066353127;
 -0.13712984;
 0.76715791]
Keyframe: 53 Frame: 360 Frame from vFrameID : 361
Tcw:
[0.90101081, 0.268969, 0.34034571, 0.10770454;
 0.25609609, 0.30345228, -0.91778618, -0.28078938;
 -0.3501347, 0.91409647, 0.20453188, 0.77459574;
 0, 0, 0, 1]
Twc:
[0.90101081, 0.25609609, -0.3501347, 0.24607897;
 0.268969, 0.30345228, 0.91409647, -0.65181828;
 0.34034571, -0.91778618, 0.20453188, -0.45279092;
 0, 0, 0, 1]
Ow:
[0.10770454;
 -0.28078938;
 0.77459574]
Keyframe: 54 Frame: 364 Frame from vFrameID : 365
Tcw:
[0.89010024, 0.30298477, 0.34047297, 0.14181879;
 0.22736049, 0.3522616, -0.90786505, -0.26971471;
 -0.39500484, 0.88550097, 0.24466136, 0.76844049;
 0, 0, 0, 1]
Twc:
[0.89010024, 0.22736049, -0.39500484, 0.23862724;
 0.30298477, 0.3522616, 0.88550097, -0.62841362;
 0.34047297, -0.90786505, 0.24466136, -0.48115775;
 0, 0, 0, 1]
Ow:
[0.14181879;
 -0.26971471;
 0.76844049]
Keyframe: 55 Frame: 370 Frame from vFrameID : 371
Tcw:
[0.88801038, 0.34559721, 0.30331531, 0.028614163;
 0.17750919, 0.35085338, -0.91945219, -0.14922813;
 -0.42417932, 0.87032437, 0.25021479, 0.81177819;
 0, 0, 0, 1]
Twc:
[0.88801038, 0.17750919, -0.42417932, 0.3454192;
 0.34559721, 0.35085338, 0.87032437, -0.66404212;
 0.30331531, -0.91945219, 0.25021479, -0.34900615;
 0, 0, 0, 1]
Ow:
[0.028614163;
 -0.14922813;
 0.81177819]
Keyframe: 56 Frame: 374 Frame from vFrameID : 375
Tcw:
[0.88865173, 0.3086794, 0.33913887, 0.096021518;
 0.21991873, 0.36209226, -0.9058283, -0.23039089;
 -0.40241012, 0.87954885, 0.25388953, 0.78707623;
 0, 0, 0, 1]
Twc:
[0.88865173, 0.21991873, -0.40241012, 0.282065;
 0.3086794, 0.36209226, 0.87954885, -0.63848913;
 0.33913887, -0.9058283, 0.25388953, -0.44108963;
 0, 0, 0, 1]
Ow:
[0.096021518;
 -0.23039089;
 0.78707623]
Keyframe: 57 Frame: 380 Frame from vFrameID : 381
Tcw:
[0.88461155, 0.35004094, 0.30811316, 0.068495184;
 0.18613519, 0.34076294, -0.92153913, -0.17781964;
 -0.42756996, 0.87255484, 0.23628789, 0.81482017;
 0, 0, 0, 1]
Twc:
[0.88461155, 0.18613519, -0.42756996, 0.32089949;
 0.35004094, 0.34076294, 0.87255484, -0.67435706;
 0.30811316, -0.92153913, 0.23628789, -0.37750414;
 0, 0, 0, 1]
Ow:
[0.068495184;
 -0.17781964;
 0.81482017]
Keyframe: 58 Frame: 388 Frame from vFrameID : 389
Tcw:
[0.87805957, 0.3492673, 0.32714477, 0.085103571;
 0.1948708, 0.36341044, -0.91102046, -0.18278381;
 -0.43707749, 0.8636812, 0.25103402, 0.81987935;
 0, 0, 0, 1]
Twc:
[0.87805957, 0.1948708, -0.43707749, 0.31924403;
 0.3492673, 0.36341044, 0.8636812, -0.67141277;
 0.32714477, -0.91102046, 0.25103402, -0.40017858;
 0, 0, 0, 1]
Ow:
[0.085103571;
 -0.18278381;
 0.81987935]
Keyframe: 59 Frame: 395 Frame from vFrameID : 396
Tcw:
[0.8898555, 0.346829, 0.29642335, 0.10904934;
 0.16508871, 0.36090922, -0.91787267, -0.19814137;
 -0.42532679, 0.8657102, 0.26389951, 0.82251722;
 0, 0, 0, 1]
Twc:
[0.8898555, 0.16508871, -0.42532679, 0.28551134;
 0.346829, 0.36090922, 0.8657102, -0.67837197;
 0.29642335, -0.91787267, 0.26389951, -0.43125522;
 0, 0, 0, 1]
Ow:
[0.10904934;
 -0.19814137;
 0.82251722]
Keyframe: 60 Frame: 402 Frame from vFrameID : 403
Tcw:
[0.89652181, 0.3333644, 0.29174781, 0.11244823;
 0.16663811, 0.35643044, -0.91934168, -0.21005256;
 -0.41046357, 0.87282616, 0.26399645, 0.83507401;
 0, 0, 0, 1]
Twc:
[0.89652181, 0.16663811, -0.41046357, 0.27695793;
 0.3333644, 0.35643044, 0.87282616, -0.69149154;
 0.29174781, -0.91934168, 0.26399645, -0.44637316;
 0, 0, 0, 1]
Ow:
[0.11244823;
 -0.21005256;
 0.83507401]
Keyframe: 61 Frame: 408 Frame from vFrameID : 409
Tcw:
[0.89617074, 0.33073059, 0.29579598, 0.11166038;
 0.16470428, 0.37105921, -0.91388595, -0.2158429;
 -0.41200787, 0.86771673, 0.27805966, 0.84410036;
 0, 0, 0, 1]
Twc:
[0.89617074, 0.16470428, -0.41200787, 0.28325948;
 0.33073059, 0.37105921, 0.86771673, -0.68927902;
 0.29579598, -0.91388595, 0.27805966, -0.46499476;
 0, 0, 0, 1]
Ow:
[0.11166038;
 -0.2158429;
 0.84410036]
Keyframe: 62 Frame: 414 Frame from vFrameID : 415
Tcw:
[0.88250631, 0.34329265, 0.32145405, 0.12055199;
 0.19237804, 0.36020413, -0.91282183, -0.21823546;
 -0.42915413, 0.86741173, 0.25184044, 0.85282773;
 0, 0, 0, 1]
Twc:
[0.88250631, 0.19237804, -0.42915413, 0.30159035;
 0.34329265, 0.36020413, 0.86741173, -0.70252812;
 0.32145405, -0.91282183, 0.25184044, -0.45273852;
 0, 0, 0, 1]
Ow:
[0.12055199;
 -0.21823546;
 0.85282773]
Keyframe: 63 Frame: 420 Frame from vFrameID : 421
Tcw:
[0.86662799, 0.35828239, 0.34726015, 0.13130337;
 0.2005741, 0.38711014, -0.89995319, -0.23176533;
 -0.45686531, 0.84957606, 0.26361832, 0.8528204;
 0, 0, 0, 1]
Twc:
[0.86662799, 0.2005741, -0.45686531, 0.322319;
 0.35828239, 0.38711014, 0.84957606, -0.68186074;
 0.34726015, -0.89995319, 0.26361832, -0.47899348;
 0, 0, 0, 1]
Ow:
[0.13130337;
 -0.23176533;
 0.8528204]
Keyframe: 64 Frame: 426 Frame from vFrameID : 427
Tcw:
[0.88351631, 0.35397622, 0.30675682, 0.064875916;
 0.20105059, 0.30491689, -0.93091589, -0.17343584;
 -0.42305741, 0.88415301, 0.19823191, 0.93372548;
 0, 0, 0, 1]
Twc:
[0.88351631, 0.20105059, -0.42305741, 0.37256995;
 0.35397622, 0.30491689, 0.88415301, -0.79563725;
 0.30675682, -0.93091589, 0.19823191, -0.36644951;
 0, 0, 0, 1]
Ow:
[0.064875916;
 -0.17343584;
 0.93372548]
Keyframe: 65 Frame: 432 Frame from vFrameID : 433
Tcw:
[0.90529037, 0.33391219, 0.26258704, 0.0739825;
 0.15866651, 0.3076162, -0.93818825, -0.18467396;
 -0.39404854, 0.89099658, 0.2255013, 0.93425959;
 0, 0, 0, 1]
Twc:
[0.90529037, 0.15866651, -0.39404854, 0.33046952;
 0.33391219, 0.3076162, 0.89099658, -0.80031705;
 0.26258704, -0.93818825, 0.2255013, -0.40336254;
 0, 0, 0, 1]
Ow:
[0.0739825;
 -0.18467396;
 0.93425959]
Keyframe: 66 Frame: 439 Frame from vFrameID : 440
Tcw:
[0.90928578, 0.32281628, 0.26265767, 0.081277348;
 0.14702927, 0.34124839, -0.9284029, -0.18705682;
 -0.3893351, 0.88280189, 0.26282886, 0.93695128;
 0, 0, 0, 1]
Twc:
[0.90928578, 0.14702927, -0.3893351, 0.3183865;
 0.32281628, 0.34124839, 0.88280189, -0.7895472;
 0.26265767, -0.9284029, 0.26282886, -0.44127005;
 0, 0, 0, 1]
Ow:
[0.081277348;
 -0.18705682;
 0.93695128]
Keyframe: 67 Frame: 445 Frame from vFrameID : 446
Tcw:
[0.90523678, 0.3231993, 0.2758415, 0.08700119;
 0.15781391, 0.34700984, -0.92448848, -0.1878089;
 -0.39451376, 0.88041264, 0.26312074, 0.9379555;
 0, 0, 0, 1]
Twc:
[0.90523678, 0.15781391, -0.39451376, 0.3209185;
 0.3231993, 0.34700984, 0.88041264, -0.78873503;
 0.2758415, -0.92448848, 0.26312074, -0.4444212;
 0, 0, 0, 1]
Ow:
[0.08700119;
 -0.1878089;
 0.9379555]
Keyframe: 68 Frame: 452 Frame from vFrameID : 453
Tcw:
[0.90153933, 0.31601501, 0.2955696, 0.081716299;
 0.18893832, 0.32702103, -0.92593712, -0.19878753;
 -0.3892675, 0.89061314, 0.23511498, 0.95763898;
 0, 0, 0, 1]
Twc:
[0.90153933, 0.18893832, -0.3892675, 0.33666584;
 0.31601501, 0.32702103, 0.89061314, -0.81370169;
 0.2955696, -0.92593712, 0.23511498, -0.43337286;
 0, 0, 0, 1]
Ow:
[0.081716299;
 -0.19878753;
 0.95763898]
Keyframe: 69 Frame: 460 Frame from vFrameID : 461
Tcw:
[0.89700466, 0.31188384, 0.31322694, 0.066488132;
 0.20708363, 0.32953113, -0.9211545, -0.18720797;
 -0.39051124, 0.89114404, 0.23100492, 0.99575043;
 0, 0, 0, 1]
Twc:
[0.89700466, 0.20708363, -0.39051124, 0.36797926;
 0.31188384, 0.32953113, 0.89114404, -0.84640276;
 0.31322694, -0.9211545, 0.23100492, -0.42329657;
 0, 0, 0, 1]
Ow:
[0.066488132;
 -0.18720797;
 0.99575043]
Keyframe: 70 Frame: 467 Frame from vFrameID : 468
Tcw:
[0.9140771, 0.29799107, 0.27507153, 0.08209908;
 0.17581944, 0.32002819, -0.93095088, -0.19635367;
 -0.36544567, 0.89932382, 0.24013782, 1.0056802;
 0, 0, 0, 1]
Twc:
[0.9140771, 0.17581944, -0.36544567, 0.32699937;
 0.29799107, 0.32002819, 0.89932382, -0.86605817;
 0.27507153, -0.93095088, 0.24013782, -0.44688055;
 0, 0, 0, 1]
Ow:
[0.08209908;
 -0.19635367;
 1.0056802]
Keyframe: 71 Frame: 474 Frame from vFrameID : 475
Tcw:
[0.91410232, 0.29463562, 0.27858001, 0.092889473;
 0.17864741, 0.32412016, -0.92899472, -0.20502272;
 -0.36400834, 0.89896381, 0.24364309, 1.0256003;
 0, 0, 0, 1]
Twc:
[0.91410232, 0.17864741, -0.36400834, 0.32504332;
 0.29463562, 0.32412016, 0.89896381, -0.8828941;
 0.27858001, -0.92899472, 0.24364309, -0.46622261;
 0, 0, 0, 1]
Ow:
[0.092889473;
 -0.20502272;
 1.0256003]
Keyframe: 72 Frame: 479 Frame from vFrameID : 480
Tcw:
[0.90484607, 0.29657757, 0.30544281, 0.096830741;
 0.19338645, 0.35283446, -0.91548324, -0.21500871;
 -0.37928253, 0.88743991, 0.2619068, 1.0235275;
 0, 0, 0, 1]
Twc:
[0.90484607, 0.19338645, -0.37928253, 0.34216899;
 0.29657757, 0.35283446, 0.88743991, -0.86117458;
 0.30544281, -0.91548324, 0.2619068, -0.49448195;
 0, 0, 0, 1]
Ow:
[0.096830741;
 -0.21500871;
 1.0235275]
Keyframe: 73 Frame: 485 Frame from vFrameID : 486
Tcw:
[0.90562475, 0.29398423, 0.30564216, 0.095168859;
 0.1993397, 0.34103283, -0.9186731, -0.20308247;
 -0.37430942, 0.89289969, 0.25024503, 1.03405;
 0, 0, 0, 1]
Twc:
[0.90562475, 0.1993397, -0.37430942, 0.34134978;
 0.29398423, 0.34103283, 0.89289969, -0.88202333;
 0.30564216, -0.9186731, 0.25024503, -0.47441992;
 0, 0, 0, 1]
Ow:
[0.095168859;
 -0.20308247;
 1.03405]
Keyframe: 74 Frame: 492 Frame from vFrameID : 493
Tcw:
[0.89841449, 0.30443886, 0.31649387, 0.096539527;
 0.20492941, 0.34677383, -0.91528785, -0.20691529;
 -0.38840097, 0.8871668, 0.24915816, 1.0401989;
 0, 0, 0, 1]
Twc:
[0.89841449, 0.20492941, -0.38840097, 0.35968482;
 0.30443886, 0.34677383, 0.8871668, -0.88046753;
 0.31649387, -0.91528785, 0.24915816, -0.47911528;
 0, 0, 0, 1]
Ow:
[0.096539527;
 -0.20691529;
 1.0401989]
Keyframe: 75 Frame: 499 Frame from vFrameID : 500
Tcw:
[0.90786701, 0.30348629, 0.2892639, 0.063943684;
 0.17603624, 0.35024804, -0.91996604, -0.20676161;
 -0.38051119, 0.88612777, 0.26455405, 1.0603238;
 0, 0, 0, 1]
Twc:
[0.90786701, 0.17603624, -0.38051119, 0.38181028;
 0.30348629, 0.35024804, 0.88612777, -0.88657057;
 0.2892639, -0.91996604, 0.26455405, -0.48922324;
 0, 0, 0, 1]
Ow:
[0.063943684;
 -0.20676161;
 1.0603238]
Keyframe: 76 Frame: 506 Frame from vFrameID : 507
Tcw:
[0.92027754, 0.28552634, 0.26751435, 0.071561426;
 0.15740071, 0.35578659, -0.92121708, -0.19785035;
 -0.35820976, 0.88988239, 0.28248036, 1.0667138;
 0, 0, 0, 1]
Twc:
[0.92027754, 0.15740071, -0.35820976, 0.34739274;
 0.28552634, 0.35578659, 0.88988239, -0.89929003;
 0.26751435, -0.92121708, 0.28248036, -0.50273252;
 0, 0, 0, 1]
Ow:
[0.071561426;
 -0.19785035;
 1.0667138]
Keyframe: 77 Frame: 513 Frame from vFrameID : 514
Tcw:
[0.91667992, 0.28084469, 0.28429598, 0.079395056;
 0.16705288, 0.37696967, -0.91103631, -0.19268432;
 -0.36303067, 0.88262117, 0.2986446, 1.0720888;
 0, 0, 0, 1]
Twc:
[0.91667992, 0.16705288, -0.36303067, 0.34860975;
 0.28084469, 0.37696967, 0.88262117, -0.89590985;
 0.28429598, -0.91103631, 0.2986446, -0.51828766;
 0, 0, 0, 1]
Ow:
[0.079395056;
 -0.19268432;
 1.0720888]
Keyframe: 78 Frame: 518 Frame from vFrameID : 519
Tcw:
[0.91151363, 0.29044878, 0.29117417, 0.082543492;
 0.16344285, 0.39385283, -0.90452552, -0.20159814;
 -0.37739807, 0.87207764, 0.31153044, 1.07637;
 0, 0, 0, 1]
Twc:
[0.91151363, 0.16344285, -0.37739807, 0.36393026;
 0.29044878, 0.39385283, 0.87207764, -0.88325292;
 0.29117417, -0.90452552, 0.31153044, -0.54170722;
 0, 0, 0, 1]
Ow:
[0.082543492;
 -0.20159814;
 1.07637]
Keyframe: 79 Frame: 524 Frame from vFrameID : 525
Tcw:
[0.90703654, 0.3102192, 0.28469056, 0.070382491;
 0.1512567, 0.39093739, -0.90790385, -0.18212831;
 -0.39294538, 0.86656332, 0.30767179, 1.1083423;
 0, 0, 0, 1]
Twc:
[0.90703654, 0.1512567, -0.39294538, 0.39922661;
 0.3102192, 0.39093739, 0.86656332, -0.91108203;
 0.28469056, -0.90790385, 0.30767179, -0.52639782;
 0, 0, 0, 1]
Ow:
[0.070382491;
 -0.18212831;
 1.1083423]
Keyframe: 80 Frame: 532 Frame from vFrameID : 533
Tcw:
[0.9134171, 0.30046284, 0.27457476, 0.05865109;
 0.15962768, 0.35610732, -0.92070985, -0.16748601;
 -0.37441716, 0.88482183, 0.27731234, 1.1442099;
 0, 0, 0, 1]
Twc:
[0.9134171, 0.15962768, -0.37441716, 0.40157431;
 0.30046284, 0.35610732, 0.88482183, -0.97040129;
 0.27457476, -0.92070985, 0.27731234, -0.48761362;
 0, 0, 0, 1]
Ow:
[0.05865109;
 -0.16748601;
 1.1442099]
Keyframe: 81 Frame: 538 Frame from vFrameID : 539
Tcw:
[0.90879524, 0.31943116, 0.26843056, 0.065194592;
 0.14500117, 0.36145601, -0.92104518, -0.18475384;
 -0.39123636, 0.87596422, 0.28217161, 1.1508603;
 0, 0, 0, 1]
Twc:
[0.90879524, 0.14500117, -0.39123636, 0.41779935;
 0.31943116, 0.36145601, 0.87596422, -0.96215719;
 0.26843056, -0.92104518, 0.28217161, -0.51240695;
 0, 0, 0, 1]
Ow:
[0.065194592;
 -0.18475384;
 1.1508603]
Keyframe: 82 Frame: 545 Frame from vFrameID : 546
Tcw:
[0.91159153, 0.31747463, 0.26117185, 0.07266742;
 0.13429824, 0.37046754, -0.91908526, -0.18909523;
 -0.38854197, 0.87290531, 0.29507878, 1.1577585;
 0, 0, 0, 1]
Twc:
[0.91159153, 0.13429824, -0.38854197, 0.40898988;
 0.31747463, 0.37046754, 0.87290531, -0.96362984;
 0.26117185, -0.91908526, 0.29507878, -0.53440332;
 0, 0, 0, 1]
Ow:
[0.07266742;
 -0.18909523;
 1.1577585]
Keyframe: 83 Frame: 550 Frame from vFrameID : 551
Tcw:
[0.9077549, 0.3124204, 0.27995446, 0.081018344;
 0.15346959, 0.37376636, -0.91473812, -0.1914244;
 -0.39042041, 0.87332249, 0.29134122, 1.1613683;
 0, 0, 0, 1]
Twc:
[0.9077549, 0.15346959, -0.39042041, 0.40925488;
 0.3124204, 0.37376636, 0.87332249, -0.96801281;
 0.27995446, -0.91473812, 0.29134122, -0.53613907;
 0, 0, 0, 1]
Ow:
[0.081018344;
 -0.1914244;
 1.1613683]
Keyframe: 84 Frame: 556 Frame from vFrameID : 557
Tcw:
[0.90198058, 0.33306476, 0.27477059, 0.097084329;
 0.14616036, 0.36327752, -0.92014486, -0.18800938;
 -0.40628582, 0.87011337, 0.27898842, 1.1695399;
 0, 0, 0, 1]
Twc:
[0.90198058, 0.14616036, -0.40628582, 0.41507879;
 0.33306476, 0.36327752, 0.87011337, -0.98166806;
 0.27477059, -0.92014486, 0.27898842, -0.52595985;
 0, 0, 0, 1]
Ow:
[0.097084329;
 -0.18800938;
 1.1695399]
Keyframe: 85 Frame: 561 Frame from vFrameID : 562
Tcw:
[0.8998636, 0.33371395, 0.28085673, 0.09725602;
 0.14689924, 0.37441927, -0.91554946, -0.19522244;
 -0.4106898, 0.86512727, 0.28790396, 1.1716638;
 0, 0, 0, 1]
Twc:
[0.8998636, 0.14689924, -0.4106898, 0.42235127;
 0.33371395, 0.37441927, 0.86512727, -0.97299898;
 0.28085673, -0.91554946, 0.28790396, -0.54337746;
 0, 0, 0, 1]
Ow:
[0.09725602;
 -0.19522244;
 1.1716638]
Keyframe: 86 Frame: 568 Frame from vFrameID : 569
Tcw:
[0.91381985, 0.31727621, 0.25351343, 0.082307234;
 0.14044876, 0.33882362, -0.93030787, -0.21342224;
 -0.38106087, 0.88573945, 0.26506269, 1.1981313;
 0, 0, 0, 1]
Twc:
[0.91381985, 0.14044876, -0.38106087, 0.41132191;
 0.31727621, 0.33882362, 0.88573945, -1.0150338;
 0.25351343, -0.93030787, 0.26506269, -0.53699428;
 0, 0, 0, 1]
Ow:
[0.082307234;
 -0.21342224;
 1.1981313]
Keyframe: 87 Frame: 576 Frame from vFrameID : 577
Tcw:
[0.91755241, 0.32166603, 0.23372757, 0.084479645;
 0.12106527, 0.33390218, -0.9348008, -0.21061206;
 -0.37873581, 0.88602501, 0.26743016, 1.2112724;
 0, 0, 0, 1]
Twc:
[0.91755241, 0.12106527, -0.37873581, 0.40673548;
 0.32166603, 0.33390218, 0.88602501, -1.0300679;
 0.23372757, -0.9348008, 0.26743016, -0.54055625;
 0, 0, 0, 1]
Ow:
[0.084479645;
 -0.21061206;
 1.2112724]
Keyframe: 88 Frame: 583 Frame from vFrameID : 584
Tcw:
[0.90686393, 0.32011619, 0.27408662, 0.067714706;
 0.1614753, 0.33679727, -0.9276278, -0.22017246;
 -0.38926032, 0.88549036, 0.25373843, 1.2252258;
 0, 0, 0, 1]
Twc:
[0.90686393, 0.1614753, -0.38926032, 0.45107618;
 0.32011619, 0.33679727, 0.88549036, -1.0324488;
 0.27408662, -0.9276278, 0.25373843, -0.53368467;
 0, 0, 0, 1]
Ow:
[0.067714706;
 -0.22017246;
 1.2252258]
Keyframe: 89 Frame: 589 Frame from vFrameID : 590
Tcw:
[0.89943773, 0.31631616, 0.30158892, 0.07997565;
 0.18601824, 0.3473644, -0.91909474, -0.21767759;
 -0.39548579, 0.88276953, 0.25359204, 1.2276696;
 0, 0, 0, 1]
Twc:
[0.89943773, 0.18601824, -0.39548579, 0.45408478;
 0.31631616, 0.3473644, 0.88276953, -1.0334336;
 0.30158892, -0.91909474, 0.25359204, -0.5355134;
 0, 0, 0, 1]
Ow:
[0.07997565;
 -0.21767759;
 1.2276696]
Keyframe: 90 Frame: 596 Frame from vFrameID : 597
Tcw:
[0.91361815, 0.30508935, 0.2687422, 0.087759569;
 0.16184375, 0.33346206, -0.9287678, -0.20820189;
 -0.37297252, 0.8920334, 0.2552802, 1.2423611;
 0, 0, 0, 1]
Twc:
[0.91361815, 0.16184375, -0.37297252, 0.41688398;
 0.30508935, 0.33346206, 0.8920334, -1.0655746;
 0.2687422, -0.9287678, 0.2552802, -0.53410608;
 0, 0, 0, 1]
Ow:
[0.087759569;
 -0.20820189;
 1.2423611]
Keyframe: 91 Frame: 603 Frame from vFrameID : 604
Tcw:
[0.92461938, 0.31452355, 0.21483468, 0.076063581;
 0.11490127, 0.30743176, -0.94460756, -0.19825909;
 -0.3631483, 0.8980872, 0.24811821, 1.2713116;
 0, 0, 0, 1]
Twc:
[0.92461938, 0.11490127, -0.3631483, 0.41412506;
 0.31452355, 0.30743176, 0.8980872, -1.1047214;
 0.21483468, -0.94460756, 0.24811821, -0.5190537;
 0, 0, 0, 1]
Ow:
[0.076063581;
 -0.19825909;
 1.2713116]
Keyframe: 92 Frame: 610 Frame from vFrameID : 611
Tcw:
[0.92666739, 0.2997953, 0.22673841, 0.081671908;
 0.12448131, 0.32441258, -0.93768913, -0.22059935;
 -0.3546716, 0.89715064, 0.26330364, 1.2812748;
 0, 0, 0, 1]
Twc:
[0.92666739, 0.12448131, -0.3546716, 0.40620956;
 0.2997953, 0.32441258, 0.89715064, -1.1024162;
