Keyframe: 0 Frame: 0 Frame from vFrameID : 138
Tcw:
[0.97087908, 0.15781273, 0.18024698, 0.0040174071;
 0.13060193, 0.2820943, -0.95045567, -0.13418815;
 -0.20084065, 0.94631809, 0.25326881, -0.0019218996;
 0, 0, 0, 1]
Twc:
[0.97087908, 0.13060193, -0.20084065, 0.013238821;
 0.15781273, 0.2820943, 0.94631809, 0.039038442;
 0.18024698, -0.95045567, 0.25326881, -0.12777725;
 0, 0, 0, 1]
Ow:
[0.0040174071;
 -0.13418815;
 -0.0019218996]
Keyframe: 1 Frame: 149 Frame from vFrameID : 138
Tcw:
[0.97277915, 0.14983156, 0.17678012, 0.0056458209;
 0.12851997, 0.28596079, -0.94958359, -0.13233975;
 -0.19282979, 0.94645494, 0.25892037, -0.0017539449;
 0, 0, 0, 1]
Twc:
[0.97277915, 0.12851997, -0.19282979, 0.011177952;
 0.14983156, 0.28596079, 0.94645494, 0.03865809;
 0.17678012, -0.94958359, 0.25892037, -0.1262116;
 0, 0, 0, 1]
Ow:
[0.0056458209;
 -0.13233975;
 -0.0017539449]
Keyframe: 2 Frame: 154 Frame from vFrameID : 155
Tcw:
[0.97806329, 0.13004555, 0.16272798, 0.0068017151;
 0.12225159, 0.27416125, -0.95388162, -0.1299179;
 -0.16866177, 0.95285034, 0.25224879, -0.0027221143;
 0, 0, 0, 1]
Twc:
[0.97806329, 0.12225159, -0.16866177, 0.0087710451;
 0.13004555, 0.27416125, 0.95285034, 0.037327688;
 0.16272798, -0.95388162, 0.25224879, -0.12434648;
 0, 0, 0, 1]
Ow:
[0.0068017151;
 -0.1299179;
 -0.0027221143]
Keyframe: 3 Frame: 158 Frame from vFrameID : 159
Tcw:
[0.97956663, 0.12286973, 0.15922371, 0.0077950135;
 0.1202439, 0.27681533, -0.95337015, -0.12714781;
 -0.1612159, 0.9530353, 0.25638473, -0.0038653892;
 0, 0, 0, 1]
Twc:
[0.97956663, 0.1202439, -0.1612159, 0.0070298486;
 0.12286973, 0.27681533, 0.9530353, 0.037922543;
 0.15922371, -0.95337015, 0.25638473, -0.12146905;
 0, 0, 0, 1]
Ow:
[0.0077950135;
 -0.12714781;
 -0.0038653892]
Keyframe: 4 Frame: 160 Frame from vFrameID : 161
Tcw:
[0.97984016, 0.11499995, 0.16336541, 0.010790391;
 0.12506947, 0.28456357, -0.95046365, -0.12681937;
 -0.15579112, 0.95173454, 0.26444384, -0.0048977397;
 0, 0, 0, 1]
Twc:
[0.97984016, 0.12506947, -0.15579112, 0.0045253495;
 0.11499995, 0.28456357, 0.95173454, 0.039508626;
 0.16336541, -0.95046365, 0.26444384, -0.1210048;
 0, 0, 0, 1]
Ow:
[0.010790391;
 -0.12681937;
 -0.0048977397]
Keyframe: 5 Frame: 165 Frame from vFrameID : 166
Tcw:
[0.97958249, 0.10997047, 0.16829938, 0.0098200673;
 0.12934691, 0.29612032, -0.94635201, -0.12395528;
 -0.15390764, 0.94879884, 0.27584994, -0.0069084316;
 0, 0, 0, 1]
Twc:
[0.97958249, 0.12934691, -0.15390764, 0.0053504063;
 0.10997047, 0.29612032, 0.94879884, 0.042180471;
 0.16829938, -0.94635201, 0.27584994, -0.11705235;
 0, 0, 0, 1]
Ow:
[0.0098200673;
 -0.12395528;
 -0.0069084316]
Keyframe: 6 Frame: 170 Frame from vFrameID : 171
Tcw:
[0.97796589, 0.11416131, 0.17478545, 0.010897158;
 0.13288765, 0.30529341, -0.94294053, -0.12179147;
 -0.16100816, 0.94539046, 0.28339592, -0.0073454715;
 0, 0, 0, 1]
Twc:
[0.97796589, 0.13288765, -0.16100816, 0.0043448522;
 0.11416131, 0.30529341, 0.94539046, 0.042882439;
 0.17478545, -0.94294053, 0.28339592, -0.11466509;
 0, 0, 0, 1]
Ow:
[0.010897158;
 -0.12179147;
 -0.0073454715]
Keyframe: 7 Frame: 175 Frame from vFrameID : 176
Tcw:
[0.97169727, 0.13206835, 0.19586308, 0.014541302;
 0.14580429, 0.31705043, -0.93713403, -0.12349385;
 -0.18586423, 0.93916821, 0.28882092, -0.0063933693;
 0, 0, 0, 1]
Twc:
[0.97169727, 0.14580429, -0.18586423, 0.0026878901;
 0.13206835, 0.31705043, 0.93916821, 0.043237783;
 0.19586308, -0.93713403, 0.28882092, -0.11673185;
 0, 0, 0, 1]
Ow:
[0.014541302;
 -0.12349385;
 -0.0063933693]
Keyframe: 8 Frame: 180 Frame from vFrameID : 181
Tcw:
[0.96585244, 0.15672454, 0.20631658, 0.015117206;
 0.14851718, 0.31759363, -0.93652385, -0.12470651;
 -0.21230111, 0.93518537, 0.28347227, -0.0061161146;
 0, 0, 0, 1]
Twc:
[0.96585244, 0.14851718, -0.21230111, 0.0026216106;
 0.15672454, 0.31759363, 0.93518537, 0.042956457;
 0.20631658, -0.93652385, 0.28347227, -0.1181758;
 0, 0, 0, 1]
Ow:
[0.015117206;
 -0.12470651;
 -0.0061161146]
Keyframe: 9 Frame: 186 Frame from vFrameID : 187
Tcw:
[0.96132076, 0.1717277, 0.21534164, 0.018232346;
 0.15254144, 0.31903195, -0.93538749, -0.12673438;
 -0.2293328, 0.93205589, 0.28049642, -0.0048764162;
 0, 0, 0, 1]
Twc:
[0.96132076, 0.15254144, -0.2293328, 0.00068678835;
 0.1717277, 0.31903195, 0.93205589, 0.041846402;
 0.21534164, -0.93538749, 0.28049642, -0.12110411;
 0, 0, 0, 1]
Ow:
[0.018232346;
 -0.12673438;
 -0.0048764162]
Keyframe: 10 Frame: 194 Frame from vFrameID : 196
Tcw:
[0.95722038, 0.18706955, 0.2207582, 0.018485215;
 0.15830341, 0.30006945, -0.94069034, -0.1281738;
 -0.24221732, 0.9353947, 0.25761884, 0.0067811403;
 0, 0, 0, 1]
Twc:
[0.95722038, 0.15830341, -0.24221732, 0.0042384379;
 0.18706955, 0.30006945, 0.9353947, 0.028659981;
 0.2207582, -0.94069034, 0.25761884, -0.12639958;
 0, 0, 0, 1]
Ow:
[0.018485215;
 -0.1281738;
 0.0067811403]
Keyframe: 11 Frame: 203 Frame from vFrameID : 204
Tcw:
[0.94136435, 0.21051794, 0.2636576, -0.00047106668;
 0.20008118, 0.28089404, -0.9386512, -0.10756048;
 -0.27166277, 0.93636572, 0.22230297, 0.074452229;
 0, 0, 0, 1]
Twc:
[0.94136435, 0.20008118, -0.27166277, 0.042190172;
 0.21051794, 0.28089404, 0.93636572, -0.039402246;
 0.2636576, -0.9386512, 0.22230297, -0.11738852;
 0, 0, 0, 1]
Ow:
[-0.00047106668;
 -0.10756048;
 0.074452229]
Keyframe: 12 Frame: 212 Frame from vFrameID : 213
Tcw:
[0.93612593, 0.2176225, 0.27624026, -0.022539161;
 0.21578343, 0.26479176, -0.93985254, -0.10046837;
 -0.2776792, 0.93942845, 0.20091909, 0.19868523;
 0, 0, 0, 1]
Twc:
[0.93612593, 0.21578343, -0.2776792, 0.097949661;
 0.2176225, 0.26479176, 0.93942845, -0.15514232;
 0.27624026, -0.93985254, 0.20091909, -0.12811889;
 0, 0, 0, 1]
Ow:
[-0.022539161;
 -0.10046837;
 0.19868523]
Keyframe: 13 Frame: 222 Frame from vFrameID : 223
Tcw:
[0.96067363, 0.1586564, 0.22789113, -0.043838467;
 0.19324711, 0.20735228, -0.95898938, -0.1602979;
 -0.19940355, 0.96531504, 0.16853797, 0.45873028;
 0, 0, 0, 1]
Twc:
[0.96067363, 0.19324711, -0.19940355, 0.16456401;
 0.1586564, 0.20735228, 0.96531504, -0.40262589;
 0.22789113, -0.95898938, 0.16853797, -0.22104704;
 0, 0, 0, 1]
Ow:
[-0.043838467;
 -0.1602979;
 0.45873028]
Keyframe: 14 Frame: 232 Frame from vFrameID : 233
Tcw:
[0.9600898, 0.17121939, 0.22115937, -0.027541351;
 0.18756911, 0.19240074, -0.96322364, -0.16826165;
 -0.2074738, 0.96626389, 0.15260652, 0.5401364;
 0, 0, 0, 1]
Twc:
[0.9600898, 0.18756911, -0.2074738, 0.17006701;
 0.17121939, 0.19240074, 0.96626389, -0.48482504;
 0.22115937, -0.96322364, 0.15260652, -0.23841092;
 0, 0, 0, 1]
Ow:
[-0.027541351;
 -0.16826165;
 0.5401364]
Keyframe: 15 Frame: 242 Frame from vFrameID : 243
Tcw:
[0.94023389, 0.2236941, 0.25675121, -0.044676214;
 0.20829098, 0.21869071, -0.95330441, -0.16922781;
 -0.26939768, 0.94980806, 0.15902695, 0.62654591;
 0, 0, 0, 1]
Twc:
[0.94023389, 0.20829098, -0.26939768, 0.24604471;
 0.2236941, 0.21869071, 0.94980806, -0.54809594;
 0.25675121, -0.95330441, 0.15902695, -0.2494926;
 0, 0, 0, 1]
Ow:
[-0.044676214;
 -0.16922781;
 0.62654591]
Keyframe: 16 Frame: 253 Frame from vFrameID : 254
Tcw:
[0.96404207, 0.15124376, 0.21851371, -0.19793779;
 0.19432151, 0.15970491, -0.96784991, -0.19464934;
 -0.18127897, 0.97550994, 0.12457233, 0.9365027;
 0, 0, 0, 1]
Twc:
[0.96404207, 0.19432151, -0.18127897, 0.39841315;
 0.15124376, 0.15970491, 0.97550994, -0.85254443;
 0.21851371, -0.96784991, 0.12457233, -0.26180157;
 0, 0, 0, 1]
Ow:
[-0.19793779;
 -0.19464934;
 0.9365027]
Keyframe: 17 Frame: 262 Frame from vFrameID : 263
Tcw:
[0.95342231, 0.16341195, 0.25353974, -0.11584778;
 0.22736028, 0.16304803, -0.96006387, -0.27765626;
 -0.19822505, 0.97299123, 0.11830024, 0.89964312;
 0, 0, 0, 1]
Twc:
[0.95342231, 0.22736028, -0.19822505, 0.35191169;
 0.16341195, 0.16304803, 0.97299123, -0.81114262;
 0.25353974, -0.96006387, 0.11830024, -0.34362376;
 0, 0, 0, 1]
Ow:
[-0.11584778;
 -0.27765626;
 0.89964312]
Keyframe: 18 Frame: 269 Frame from vFrameID : 270
Tcw:
[0.92269856, 0.11691269, 0.36736745, -0.83683878;
 0.36559919, 0.03701219, -0.93003619, -0.36159414;
 -0.12233011, 0.99245226, -0.0085920896, 1.6310894;
 0, 0, 0, 1]
Twc:
[0.92269856, 0.36559919, -0.12233011, 1.1038798;
 0.11691269, 0.03701219, 0.99245226, -1.507558;
 0.36736745, -0.93003619, -0.0085920896, -0.014853839;
 0, 0, 0, 1]
Ow:
[-0.83683878;
 -0.36159414;
 1.6310894]
Keyframe: 19 Frame: 271 Frame from vFrameID : 272
Tcw:
[0.95206267, 0.15990701, 0.26078036, -0.57366949;
 0.23276374, 0.17446245, -0.95675695, -0.098909438;
 -0.19848853, 0.97159284, 0.12887864, 1.403635;
 0, 0, 0, 1]
Twc:
[0.95206267, 0.23276374, -0.19848853, 0.84779727;
 0.15990701, 0.17446245, 0.97159284, -1.2547718;
 0.26078036, -0.95675695, 0.12887864, -0.1259291;
 0, 0, 0, 1]
Ow:
[-0.57366949;
 -0.098909438;
 1.403635]
Keyframe: 20 Frame: 274 Frame from vFrameID : 275
Tcw:
[0.96656072, 0.13606174, 0.21736506, -0.27122301;
 0.19534895, 0.158456, -0.96784836, -0.10624699;
 -0.16612993, 0.97794628, 0.12657782, 1.3499764;
 0, 0, 0, 1]
Twc:
[0.96656072, 0.19534895, -0.16612993, 0.50718021;
 0.13606174, 0.158456, 0.97794628, -1.2664658;
 0.21736506, -0.96784836, 0.12657782, -0.21475364;
 0, 0, 0, 1]
Ow:
[-0.27122301;
 -0.10624699;
 1.3499764]
Keyframe: 21 Frame: 277 Frame from vFrameID : 278
Tcw:
[0.96802998, 0.1253079, 0.21729228, -0.27060291;
 0.19380359, 0.17631578, -0.96506625, -0.259482;
 -0.1592425, 0.97632509, 0.14639384, 1.3291936;
 0, 0, 0, 1]
Twc:
[0.96802998, 0.19380359, -0.1592425, 0.52390438;
 0.1253079, 0.17631578, 0.97632509, -1.2180656;
 0.21729228, -0.96506625, 0.14639384, -0.38620314;
 0, 0, 0, 1]
Ow:
[-0.27060291;
 -0.259482;
 1.3291936]
Keyframe: 22 Frame: 280 Frame from vFrameID : 281
Tcw:
[0.96798992, 0.11523923, 0.22296947, -0.34961283;
 0.20095165, 0.17642108, -0.96358395, -0.10811933;
 -0.1503792, 0.97754568, 0.14761631, 1.4043441;
 0, 0, 0, 1]
Twc:
[0.96798992, 0.20095165, -0.1503792, 0.57133257;
 0.11523923, 0.17642108, 0.97754568, -1.3134468;
 0.22296947, -0.96358395, 0.14761631, -0.23353316;
 0, 0, 0, 1]
Ow:
[-0.34961283;
 -0.10811933;
 1.4043441]
Keyframe: 23 Frame: 283 Frame from vFrameID : 284
Tcw:
[0.96763498, 0.09979102, 0.23178507, -0.27992222;
 0.20953813, 0.19412354, -0.95833701, -0.38910598;
 -0.14062837, 0.97588819, 0.16693069, 1.376438;
 0, 0, 0, 1]
Twc:
[0.96763498, 0.20953813, -0.14062837, 0.54596126;
 0.09979102, 0.19412354, 0.97588819, -1.2397813;
 0.23178507, -0.95833701, 0.16693069, -0.53778261;
 0, 0, 0, 1]
Ow:
[-0.27992222;
 -0.38910598;
 1.376438]
Keyframe: 24 Frame: 285 Frame from vFrameID : 286
Tcw:
[0.96785825, 0.10276099, 0.2295443, -0.25849694;
 0.20677994, 0.19436657, -0.95888668, -0.39757931;
 -0.14315188, 0.97553158, 0.16687037, 1.3771259;
 0, 0, 0, 1]
Twc:
[0.96785825, 0.20677994, -0.14315188, 0.52953798;
 0.10276099, 0.19436657, 0.97553158, -1.2395902;
 0.2295443, -0.95888668, 0.16687037, -0.55169851;
 0, 0, 0, 1]
Ow:
[-0.25849694;
 -0.39757931;
 1.3771259]
Keyframe: 25 Frame: 290 Frame from vFrameID : 291
Tcw:
[0.95572412, 0.11345944, 0.27151123, -0.32787961;
 0.25593883, 0.13481577, -0.95724607, -0.50246769;
 -0.14521259, 0.98435342, 0.099808007, 1.5774298;
 0, 0, 0, 1]
Twc:
[0.95572412, 0.25593883, -0.14521259, 0.67102617;
 0.11345944, 0.13481577, 0.98435342, -1.4478068;
 0.27151123, -0.95724607, 0.099808007, -0.54940236;
 0, 0, 0, 1]
Ow:
[-0.32787961;
 -0.50246769;
 1.5774298]
Keyframe: 26 Frame: 296 Frame from vFrameID : 297
Tcw:
[0.93829519, 0.17160802, 0.30025464, -0.41609108;
 0.27072436, 0.17577158, -0.94647384, -0.14718588;
 -0.21519873, 0.96935803, 0.11846715, 1.7577918;
 0, 0, 0, 1]
Twc:
[0.93829519, 0.27072436, -0.21519873, 0.8085376;
 0.17160802, 0.17577158, 0.96935803, -1.606654;
 0.30025464, -0.94647384, 0.11846715, -0.22261491;
 0, 0, 0, 1]
Ow:
[-0.41609108;
 -0.14718588;
 1.7577918]
Keyframe: 27 Frame: 301 Frame from vFrameID : 302
Tcw:
[0.96142536, 0.15946437, 0.22412576, -0.26702729;
 0.18156956, 0.24415289, -0.95258695, -0.30986676;
 -0.20662463, 0.9565357, 0.20578091, 1.624938;
 0, 0, 0, 1]
Twc:
[0.96142536, 0.18156956, -0.20662463, 0.64874136;
 0.15946437, 0.24415289, 0.9565357, -1.4360749;
 0.22412576, -0.95258695, 0.20578091, -0.56970853;
 0, 0, 0, 1]
Ow:
[-0.26702729;
 -0.30986676;
 1.624938]
Keyframe: 28 Frame: 304 Frame from vFrameID : 305
Tcw:
[0.91945815, 0.17697804, 0.35110611, -0.5863291;
 0.30265674, 0.25145668, -0.91933042, -0.95572853;
 -0.25098926, 0.95155048, 0.17764027, 1.6561134;
 0, 0, 0, 1]
Twc:
[0.91945815, 0.30265674, -0.25098926, 1.2440295;
 0.17697804, 0.25145668, 0.95155048, -1.231784;
 0.35110611, -0.91933042, 0.17764027, -0.96695906;
 0, 0, 0, 1]
Ow:
[-0.5863291;
 -0.95572853;
 1.6561134]
Keyframe: 29 Frame: 309 Frame from vFrameID : 310
Tcw:
[0.94305265, 0.14478412, 0.29948157, -0.56994903;
 0.28430867, 0.11655349, -0.95162171, -0.3084071;
 -0.17268534, 0.98257458, 0.068752691, 2.0857387;
 0, 0, 0, 1]
Twc:
[0.94305265, 0.28430867, -0.17268534, 0.98535126;
 0.14478412, 0.11655349, 0.98257458, -1.9309285;
 0.29948157, -0.95162171, 0.068752691, -0.26619783;
 0, 0, 0, 1]
Ow:
[-0.56994903;
 -0.3084071;
 2.0857387]
Keyframe: 30 Frame: 315 Frame from vFrameID : 316
Tcw:
[0.93301094, 0.13411915, 0.33392009, -0.6661284;
 0.31117624, 0.16531949, -0.9358626, -0.56535953;
 -0.1807206, 0.97707808, 0.1125102, 2.0582292;
 0, 0, 0, 1]
Twc:
[0.93301094, 0.31117624, -0.1807206, 1.1693959;
 0.13411915, 0.16531949, 0.97707808, -1.8282449;
 0.33392009, -0.9358626, 0.1125102, -0.53823692;
 0, 0, 0, 1]
Ow:
[-0.6661284;
 -0.56535953;
 2.0582292]
Keyframe: 31 Frame: 321 Frame from vFrameID : 322
Tcw:
[0.93208557, 0.20685785, 0.29736564, -0.51476741;
 0.24762695, 0.23528372, -0.93985236, -0.35098746;
 -0.26438114, 0.94965857, 0.16808099, 1.9633768;
 0, 0, 0, 1]
Twc:
[0.93208557, 0.24762695, -0.26438114, 1.085801;
 0.20685785, 0.23528372, 0.94965857, -1.6754723;
 0.29736564, -0.93985236, 0.16808099, -0.50680858;
 0, 0, 0, 1]
Ow:
[-0.51476741;
 -0.35098746;
 1.9633768]
Keyframe: 32 Frame: 325 Frame from vFrameID : 326
Tcw:
[0.92063135, 0.24745947, 0.30199623, -0.48326629;
 0.24364692, 0.24026683, -0.93963188, -0.42032757;
 -0.30508047, 0.93863499, 0.16090444, 2.059103;
 0, 0, 0, 1]
Twc:
[0.92063135, 0.24364692, -0.30508047, 1.1755137;
 0.24745947, 0.24026683, 0.93863499, -1.7121665;
 0.30199623, -0.93963188, 0.16090444, -0.58032739;
 0, 0, 0, 1]
Ow:
[-0.48326629;
 -0.42032757;
 2.059103]
Keyframe: 33 Frame: 332 Frame from vFrameID : 333
Tcw:
[0.93815637, 0.25081965, 0.23864645, -0.16150278;
 0.16579185, 0.27965796, -0.94567674, -0.42353538;
 -0.30393368, 0.92675829, 0.22077903, 1.969901;
 0, 0, 0, 1]
Twc:
[0.93815637, 0.16579185, -0.30393368, 0.82045281;
 0.25081965, 0.27965796, 0.92675829, -1.6666689;
 0.23864645, -0.94567674, 0.22077903, -0.79689837;
 0, 0, 0, 1]
Ow:
[-0.16150278;
 -0.42353538;
 1.969901]
Keyframe: 34 Frame: 338 Frame from vFrameID : 339
Tcw:
[0.96355051, 0.1827682, 0.19536173, -0.11957403;
 0.16750358, 0.15723738, -0.97325176, -0.44908765;
 -0.20859763, 0.97050101, 0.12089184, 2.309181;
 0, 0, 0, 1]
Twc:
[0.96355051, 0.16750358, -0.20859763, 0.67212909;
 0.1827682, 0.15723738, 0.97050101, -2.1485949;
 0.19536173, -0.97325176, 0.12089184, -0.69287628;
 0, 0, 0, 1]
Ow:
[-0.11957403;
 -0.44908765;
 2.309181]
Keyframe: 35 Frame: 344 Frame from vFrameID : 345
Tcw:
[0.95625925, 0.16718513, 0.2400362, -0.14709802;
 0.21535458, 0.15297543, -0.96447963, -0.59585607;
 -0.19796629, 0.97398543, 0.11028008, 2.4018631;
 0, 0, 0, 1]
Twc:
[0.95625925, 0.21535458, -0.19796629, 0.74447209;
 0.16718513, 0.15297543, 0.97398543, -2.2236359;
 0.2400362, -0.96447963, 0.11028008, -0.80425984;
 0, 0, 0, 1]
Ow:
[-0.14709802;
 -0.59585607;
 2.4018631]
Keyframe: 36 Frame: 349 Frame from vFrameID : 350
Tcw:
[0.9774937, 0.13686778, 0.16054048, -0.22555098;
 0.12818731, 0.21905369, -0.96725565, -0.45837593;
 -0.16755313, 0.96606559, 0.19657889, 2.4222879;
 0, 0, 0, 1]
Twc:
[0.9774937, 0.12818731, -0.16755313, 0.68509454;
 0.13686778, 0.21905369, 0.96606559, -2.2088094;
 0.16054048, -0.96725565, 0.19657889, -0.88332731;
 0, 0, 0, 1]
Ow:
[-0.22555098;
 -0.45837593;
 2.4222879]
Keyframe: 37 Frame: 351 Frame from vFrameID : 352
Tcw:
[0.96812642, 0.14819242, 0.20191652, -0.38233739;
 0.17054789, 0.20034948, -0.96476603, -0.57202017;
 -0.18342489, 0.96845192, 0.16868971, 2.5266824;
 0, 0, 0, 1]
Twc:
[0.96812642, 0.17054789, -0.18342489, 0.93116415;
 0.14819242, 0.20034948, 0.96845192, -2.2757068;
 0.20191652, -0.96476603, 0.16868971, -0.90089077;
 0, 0, 0, 1]
Ow:
[-0.38233739;
 -0.57202017;
 2.5266824]
Keyframe: 38 Frame: 354 Frame from vFrameID : 355
Tcw:
[0.96053118, 0.16997506, 0.22020058, -0.42304623;
 0.1855329, 0.19834429, -0.96241212, -0.28636605;
 -0.20726159, 0.96528131, 0.15897991, 2.5731866;
 0, 0, 0, 1]
Twc:
[0.96053118, 0.1855329, -0.20726159, 0.9928022;
 0.16997506, 0.19834429, 0.96528131, -2.3551426;
 0.22020058, -0.96241212, 0.15897991, -0.59153211;
 0, 0, 0, 1]
Ow:
[-0.42304623;
 -0.28636605;
 2.5731866]
Keyframe: 39 Frame: 358 Frame from vFrameID : 359
Tcw:
[0.95301467, 0.1997183, 0.22776224, -0.50533861;
 0.18347511, 0.21771292, -0.9586125, -0.52016473;
 -0.24103925, 0.95536047, 0.17084028, 2.5848553;
 0, 0, 0, 1]
Twc:
[0.95301467, 0.18347511, -0.24103925, 1.200084;
 0.1997183, 0.21771292, 0.95536047, -2.2552967;
 0.22776224, -0.9586125, 0.17084028, -0.82513678;
 0, 0, 0, 1]
Ow:
[-0.50533861;
 -0.52016473;
 2.5848553]
Keyframe: 40 Frame: 361 Frame from vFrameID : 362
Tcw:
[0.94006699, 0.22576502, 0.25554678, -0.4180904;
 0.19735828, 0.25090787, -0.94767874, -0.81196225;
 -0.2780714, 0.94131577, 0.19131361, 2.6790764;
 0, 0, 0, 1]
Twc:
[0.94006699, 0.19735828, -0.2780714, 1.2982551;
 0.22576502, 0.25090787, 0.94131577, -2.2237389;
 0.25554678, -0.94767874, 0.19131361, -1.1751814;
 0, 0, 0, 1]
Ow:
[-0.4180904;
 -0.81196225;
 2.6790764]
Keyframe: 41 Frame: 364 Frame from vFrameID : 365
Tcw:
[0.94791412, 0.22045572, 0.2299089, -0.39415246;
 0.17654599, 0.2371487, -0.95529681, -0.546929;
 -0.26512325, 0.94612885, 0.18587604, 2.703012;
 0, 0, 0, 1]
Twc:
[0.94791412, 0.17654599, -0.26512325, 1.186812;
 0.22045572, 0.2371487, 0.94612885, -2.340801;
 0.2299089, -0.95529681, 0.18587604, -0.93428552;
 0, 0, 0, 1]
Ow:
[-0.39415246;
 -0.546929;
 2.703012]
Keyframe: 42 Frame: 366 Frame from vFrameID : 367
Tcw:
[0.95076299, 0.18700953, 0.24713793, -0.54402661;
 0.20742986, 0.20849776, -0.95577276, -0.33702555;
 -0.23026632, 0.95997715, 0.15944059, 2.8605721;
 0, 0, 0, 1]
Twc:
[0.95076299, 0.20742986, -0.23026632, 1.2458429;
 0.18700953, 0.20849776, 0.95997715, -2.5740764;
 0.24713793, -0.95577276, 0.15944059, -0.64376146;
 0, 0, 0, 1]
Ow:
[-0.54402661;
 -0.33702555;
 2.8605721]
Keyframe: 43 Frame: 368 Frame from vFrameID : 369
Tcw:
[0.95100212, 0.2074061, 0.2292981, -0.38607603;
 0.18660489, 0.20629337, -0.96053195, -0.69390088;
 -0.24652287, 0.95625609, 0.15748245, 2.8072169;
 0, 0, 0, 1]
Twc:
[0.95100212, 0.18660489, -0.24652287, 1.1886877;
 0.2074061, 0.20629337, 0.95625609, -2.4611969;
 0.2292981, -0.96053195, 0.15748245, -1.020075;
 0, 0, 0, 1]
Ow:
[-0.38607603;
 -0.69390088;
 2.8072169]
Keyframe: 44 Frame: 371 Frame from vFrameID : 372
Tcw:
[0.95960546, 0.23525625, 0.15431097, -0.05540444;
 0.11347544, 0.17825221, -0.97741979, -0.2818155;
 -0.2574504, 0.95544785, 0.14435598, 2.7964628;
 0, 0, 0, 1]
Twc:
[0.95960546, 0.11347544, -0.2574504, 0.80509603;
 0.23525625, 0.17825221, 0.95544785, -2.6086061;
 0.15431097, -0.97741979, 0.14435598, -0.67058867;
 0, 0, 0, 1]
Ow:
[-0.05540444;
 -0.2818155;
 2.7964628]
Keyframe: 45 Frame: 375 Frame from vFrameID : 376
Tcw:
[0.96343261, 0.16862139, 0.20824131, -0.29222286;
 0.1784876, 0.17578088, -0.96811324, -0.73204827;
 -0.19984944, 0.96988034, 0.13925619, 2.9106143;
 0, 0, 0, 1]
Twc:
[0.96343261, 0.1784876, -0.19984944, 0.99388325;
 0.16862139, 0.17578088, 0.96988034, -2.6449926;
 0.20824131, -0.96811324, 0.13925619, -1.0531739;
 0, 0, 0, 1]
Ow:
[-0.29222286;
 -0.73204827;
 2.9106143]
Keyframe: 46 Frame: 378 Frame from vFrameID : 379
Tcw:
[0.96058232, 0.20515603, 0.1875969, -0.26459968;
 0.14150676, 0.22000763, -0.96518004, -0.58519691;
 -0.23928526, 0.95368111, 0.18230447, 2.865948;
 0, 0, 0, 1]
Twc:
[0.96058232, 0.14150676, -0.23928526, 1.0227581;
 0.20515603, 0.22000763, 0.95368111, -2.5501683;
 0.1875969, -0.96518004, 0.18230447, -1.0376574;
 0, 0, 0, 1]
Ow:
[-0.26459968;
 -0.58519691;
 2.865948]
Keyframe: 47 Frame: 381 Frame from vFrameID : 382
Tcw:
[0.96292245, 0.18248618, 0.19869362, -0.19573644;
 0.15861849, 0.21278721, -0.96413785, -0.61110973;
 -0.21822129, 0.95990646, 0.1759519, 2.9309895;
 0, 0, 0, 1]
Twc:
[0.96292245, 0.15861849, -0.21822129, 0.92501664;
 0.18248618, 0.21278721, 0.95990646, -2.6477203;
 0.19869362, -0.96413785, 0.1759519, -1.0660156;
 0, 0, 0, 1]
Ow:
[-0.19573644;
 -0.61110973;
 2.9309895]
Keyframe: 48 Frame: 385 Frame from vFrameID : 386
Tcw:
[0.95556986, 0.20929727, 0.20755936, -0.28263652;
 0.16597895, 0.19985195, -0.9656657, -0.58495939;
 -0.24359234, 0.95721149, 0.15623355, 2.9417787;
 0, 0, 0, 1]
Twc:
[0.95556986, 0.16597895, -0.24359234, 1.0837647;
 0.20929727, 0.19985195, 0.95721149, -2.6398442;
 0.20755936, -0.9656657, 0.15623355, -0.9658159;
 0, 0, 0, 1]
Ow:
[-0.28263652;
 -0.58495939;
 2.9417787]
Keyframe: 49 Frame: 390 Frame from vFrameID : 391
Tcw:
[0.94802982, 0.23037463, 0.2194697, -0.18262516;
 0.16827704, 0.22238195, -0.96032763, -0.68469185;
 -0.27004123, 0.94735092, 0.17205797, 2.926013;
 0, 0, 0, 1]
Twc:
[0.94802982, 0.16827704, -0.27004123, 1.0784962;
 0.23037463, 0.22238195, 0.94735092, -2.5776258;
 0.2194697, -0.96032763, 0.17205797, -1.1208916;
 0, 0, 0, 1]
Ow:
[-0.18262516;
 -0.68469185;
 2.926013]
Keyframe: 50 Frame: 393 Frame from vFrameID : 394
Tcw:
[0.94167459, 0.22354959, 0.25154436, -0.1749804;
 0.19761266, 0.23770116, -0.95102441, -0.71394014;
 -0.27239349, 0.94526386, 0.17966092, 2.9436655;
 0, 0, 0, 1]
Twc:
[0.94167459, 0.19761266, -0.27239349, 1.1076936;
 0.22354959, 0.23770116, 0.94526386, -2.5737195;
 0.25154436, -0.95102441, 0.17966092, -1.1638209;
 0, 0, 0, 1]
Ow:
[-0.1749804;
 -0.71394014;
 2.9436655]
Keyframe: 51 Frame: 397 Frame from vFrameID : 398
Tcw:
[0.94699836, 0.21473196, 0.2389231, -0.099372864;
 0.1970409, 0.19912814, -0.95995981, -0.85290253;
 -0.25371039, 0.95615804, 0.14626305, 3.1242685;
 0, 0, 0, 1]
Twc:
[0.94699836, 0.1970409, -0.25371039, 1.054822;
 0.21473196, 0.19912814, 0.95615804, -2.796119;
 0.2389231, -0.95995981, 0.14626305, -1.2519747;
 0, 0, 0, 1]
Ow:
[-0.099372864;
 -0.85290253;
 3.1242685]
Keyframe: 52 Frame: 404 Frame from vFrameID : 405
Tcw:
[0.95762736, 0.1954824, 0.21150987, -0.068446189;
 0.16843937, 0.2155648, -0.96185237, -1.1168187;
 -0.23361929, 0.95672274, 0.17350383, 3.3408806;
 0, 0, 0, 1]
Twc:
[0.95762736, 0.16843937, -0.23361929, 1.0341564;
 0.1954824, 0.2155648, 0.95672274, -2.9421699;
 0.21150987, -0.96185237, 0.17350383, -1.6393932;
 0, 0, 0, 1]
Ow:
[-0.068446189;
 -1.1168187;
 3.3408806]
Keyframe: 53 Frame: 410 Frame from vFrameID : 411
Tcw:
[0.95437348, 0.18002148, 0.23825099, -0.23708689;
 0.19582437, 0.22504598, -0.95446694, -0.97348511;
 -0.22544198, 0.95757329, 0.17952532, 3.3905656;
 0, 0, 0, 1]
Twc:
[0.95437348, 0.19582437, -0.22544198, 1.1812774;
 0.18002148, 0.22504598, 0.95757329, -2.9849553;
 0.23825099, -0.95446694, 0.17952532, -1.4813656;
 0, 0, 0, 1]
Ow:
[-0.23708689;
 -0.97348511;
 3.3905656]
Keyframe: 54 Frame: 417 Frame from vFrameID : 418
Tcw:
[0.9410516, 0.22525036, 0.25235724, -0.23882771;
 0.2047243, 0.214627, -0.95499909, -0.89724779;
 -0.26927656, 0.95036703, 0.15586086, 3.5310459;
 0, 0, 0, 1]
Twc:
[0.9410516, 0.2047243, -0.26927656, 1.3592656;
 0.22525036, 0.214627, 0.95036703, -3.1094203;
 0.25235724, -0.95499909, 0.15586086, -1.3469528;
 0, 0, 0, 1]
Ow:
[-0.23882771;
 -0.89724779;
 3.5310459]
Keyframe: 55 Frame: 424 Frame from vFrameID : 425
Tcw:
[0.95930302, 0.14412926, 0.24282606, -0.30549458;
 0.20171648, 0.25199956, -0.94647062, -1.1819522;
 -0.19760618, 0.95693415, 0.21267068, 3.6029184;
 0, 0, 0, 1]
Twc:
[0.95930302, 0.20171648, -0.19760618, 1.24344;
 0.14412926, 0.25199956, 0.95693415, -3.1058736;
 0.24282606, -0.94647062, 0.21267068, -1.8107363;
 0, 0, 0, 1]
Ow:
[-0.30549458;
 -1.1819522;
 3.6029184]
Keyframe: 56 Frame: 430 Frame from vFrameID : 431
Tcw:
[0.96109742, 0.19672218, 0.19388698, -0.30671465;
 0.13811341, 0.26562113, -0.95413315, -0.8266905;
 -0.23919964, 0.9437933, 0.22811779, 3.8011918;
 0, 0, 0, 1]
Twc:
[0.96109742, 0.13811341, -0.23919964, 1.3182034;
 0.19672218, 0.26562113, 0.9437933, -3.3076153;
 0.19388698, -0.95413315, 0.22811779, -1.5964245;
 0, 0, 0, 1]
Ow:
[-0.30671465;
 -0.8266905;
 3.8011918]
Keyframe: 57 Frame: 434 Frame from vFrameID : 435
Tcw:
[0.93852019, 0.27475125, 0.20902531, -0.32007846;
 0.1230111, 0.29958618, -0.9461059, -0.77817714;
 -0.32256487, 0.91365194, 0.24737023, 3.7691612;
 0, 0, 0, 1]
Twc:
[0.93852019, 0.1230111, -0.32256487, 1.6119235;
 0.27475125, 0.29958618, 0.91365194, -3.1226282;
 0.20902531, -0.9461059, 0.24737023, -1.6017118;
 0, 0, 0, 1]
Ow:
[-0.32007846;
 -0.77817714;
 3.7691612]
Keyframe: 58 Frame: 438 Frame from vFrameID : 439
Tcw:
[0.93793875, 0.22073661, 0.26748133, -0.34681708;
 0.21187587, 0.24587539, -0.94586146, -1.0661383;
 -0.27455333, 0.94383293, 0.18384729, 3.906486;
 0, 0, 0, 1]
Twc:
[0.93793875, 0.21187587, -0.27455333, 1.6237209;
 0.22073661, 0.24587539, 0.94383293, -3.3483779;
 0.26748133, -0.94586146, 0.18384729, -1.633849;
 0, 0, 0, 1]
Ow:
[-0.34681708;
 -1.0661383;
 3.906486]
Keyframe: 59 Frame: 443 Frame from vFrameID : 444
Tcw:
[0.93612641, 0.22083075, 0.27368075, -0.23194799;
 0.22793853, 0.21160167, -0.95040452, -1.1033965;
 -0.26778984, 0.95208114, 0.14775008, 4.0592208;
 0, 0, 0, 1]
Twc:
[0.93612641, 0.22793853, -0.26778984, 1.5556573;
 0.22083075, 0.21160167, 0.95208114, -3.5800059;
 0.27368075, -0.95040452, 0.14775008, -1.5849435;
 0, 0, 0, 1]
Ow:
[-0.23194799;
 -1.1033965;
 4.0592208]
Keyframe: 60 Frame: 448 Frame from vFrameID : 449
Tcw:
[0.92468357, 0.25877926, 0.2792733, -0.17590117;
 0.22366402, 0.22439182, -0.94848442, -1.029273;
 -0.30811474, 0.93951136, 0.14961182, 4.0082288;
 0, 0, 0, 1]
Twc:
[0.92468357, 0.22366402, -0.30811474, 1.6278586;
 0.25877926, 0.22439182, 0.93951136, -3.4892964;
 0.2792733, -0.94848442, 0.14961182, -1.5268034;
 0, 0, 0, 1]
Ow:
[-0.17590117;
 -1.029273;
 4.0082288]
Keyframe: 61 Frame: 454 Frame from vFrameID : 455
Tcw:
[0.93231958, 0.25793877, 0.25347149, -0.41705105;
 0.17370678, 0.29533562, -0.93946946, -0.9180162;
 -0.31718475, 0.9199155, 0.23054145, 4.1041694;
 0, 0, 0, 1]
Twc:
[0.93231958, 0.17370678, -0.31718475, 1.8500704;
 0.25793877, 0.29533562, 0.9199155, -3.3967924;
 0.25347149, -0.93946946, 0.23054145, -1.7029188;
 0, 0, 0, 1]
Ow:
[-0.41705105;
 -0.9180162;
 4.1041694]
Keyframe: 62 Frame: 460 Frame from vFrameID : 461
Tcw:
[0.96648932, 0.17495276, 0.18785609, -0.39398205;
 0.14818388, 0.21733011, -0.9647845, -0.87241882;
 -0.20961851, 0.96029121, 0.18412206, 4.1483579;
 0, 0, 0, 1]
Twc:
[0.96648932, 0.14818388, -0.20961851, 1.3796303;
 0.17495276, 0.21733011, 0.96029121, -3.7251;
 0.18785609, -0.9647845, 0.18412206, -1.5314883;
 0, 0, 0, 1]
Ow:
[-0.39398205;
 -0.87241882;
 4.1483579]
Keyframe: 63 Frame: 462 Frame from vFrameID : 463
Tcw:
[0.9712612, 0.071280718, 0.22709186, -0.30053297;
 0.21272793, 0.16800101, -0.96256036, -1.1850228;
 -0.10676365, 0.98320633, 0.14800948, 4.2085018;
 0, 0, 0, 1]
Twc:
[0.9712612, 0.21272793, -0.10676365, 0.99329859;
 0.071280718, 0.16800101, 0.98320633, -3.9173186;
 0.22709186, -0.96256036, 0.14800948, -1.6953057;
 0, 0, 0, 1]
Ow:
[-0.30053297;
 -1.1850228;
 4.2085018]
Keyframe: 64 Frame: 464 Frame from vFrameID : 465
Tcw:
[0.97095126, 0.11571869, 0.20943455, -0.32635853;
 0.18319719, 0.20353942, -0.96177465, -1.0227244;
 -0.15392348, 0.97220415, 0.17642751, 4.2011786;
 0, 0, 0, 1]
Twc:
[0.97095126, 0.18319719, -0.15392348, 1.1508985;
 0.11571869, 0.20353942, 0.97220415, -3.8384726;
 0.20943455, -0.96177465, 0.17642751, -1.6564832;
 0, 0, 0, 1]
Ow:
[-0.32635853;
 -1.0227244;
 4.2011786]
Keyframe: 65 Frame: 466 Frame from vFrameID : 467
Tcw:
[0.97616082, 0.1421307, 0.16403928, -0.20300162;
 0.12767515, 0.23517422, -0.96353108, -1.070376;
 -0.17552516, 0.96150506, 0.21142131, 4.1177902;
 0, 0, 0, 1]
Twc:
[0.97616082, 0.12767515, -0.17552516, 1.0575985;
 0.1421307, 0.23517422, 0.96150506, -3.6786983;
 0.16403928, -0.96353108, 0.21142131, -1.868629;
 0, 0, 0, 1]
Ow:
[-0.20300162;
 -1.070376;
 4.1177902]
Keyframe: 66 Frame: 469 Frame from vFrameID : 470
Tcw:
[0.97328812, 0.10572138, 0.20379706, -0.41719294;
 0.17364897, 0.24169402, -0.95468843, -1.1774999;
 -0.15018751, 0.96457607, 0.21687952, 4.2042265;
 0, 0, 0, 1]
Twc:
[0.97328812, 0.17364897, -0.15018751, 1.2419429;
 0.10572138, 0.24169402, 0.96457607, -3.7265954;
 0.20379706, -0.95468843, 0.21687952, -1.9509335;
 0, 0, 0, 1]
Ow:
[-0.41719294;
 -1.1774999;
 4.2042265]
Keyframe: 67 Frame: 471 Frame from vFrameID : 472
Tcw:
[0.97126049, 0.13108045, 0.19867295, -0.4643271;
 0.16216952, 0.24654123, -0.95546764, -1.101429;
 -0.1742242, 0.96022671, 0.21819851, 4.2781124;
 0, 0, 0, 1]
Twc:
[0.97126049, 0.16216952, -0.1742242, 1.3749515;
 0.13108045, 0.24654123, 0.96022671, -3.7755458;
 0.19867295, -0.95546764, 0.21819851, -1.8936085;
 0, 0, 0, 1]
Ow:
[-0.4643271;
 -1.101429;
 4.2781124]
Keyframe: 68 Frame: 473 Frame from vFrameID : 474
Tcw:
[0.97129959, 0.11041388, 0.21067958, -0.28412381;
 0.17666881, 0.25817823, -0.94980639, -1.1668464;
 -0.15926468, 0.95976704, 0.23126173, 4.2896705;
 0, 0, 0, 1]
Twc:
[0.97129959, 0.17666881, -0.15926468, 1.1653076;
 0.11041388, 0.25817823, 0.95976704, -3.7844586;
 0.21067958, -0.94980639, 0.23126173, -2.0404556;
 0, 0, 0, 1]
Ow:
[-0.28412381;
 -1.1668464;
 4.2896705]
Keyframe: 69 Frame: 476 Frame from vFrameID : 477
Tcw:
[0.96096194, 0.10520734, 0.25589755, -0.9983362;
 0.22402225, 0.24693073, -0.9427827, -1.4084816;
 -0.16237663, 0.96330506, 0.21372226, 4.4133515;
 0, 0, 0, 1]
Twc:
[0.96096194, 0.22402225, -0.16237663, 1.9915196;
 0.10520734, 0.24693073, 0.96330506, -3.7985744;
 0.25589755, -0.9427827, 0.21372226, -2.0156517;
 0, 0, 0, 1]
Ow:
[-0.9983362;
 -1.4084816;
 4.4133515]
Keyframe: 70 Frame: 478 Frame from vFrameID : 479
Tcw:
[0.97129405, 0.12813634, 0.20042196, -0.43624175;
 0.1592425, 0.2756671, -0.94797122, -1.0771048;
 -0.17671929, 0.95267451, 0.24734905, 4.2733002;
 0, 0, 0, 1]
Twc:
[0.97129405, 0.1592425, -0.17671929, 1.3504145;
 0.12813634, 0.2756671, 0.95267451, -3.7182434;
 0.20042196, -0.94797122, 0.24734905, -1.9906287;
 0, 0, 0, 1]
Ow:
[-0.43624175;
 -1.0771048;
 4.2733002]
Keyframe: 71 Frame: 480 Frame from vFrameID : 481
Tcw:
[0.96058542, 0.11776518, 0.25180757, -0.63210893;
 0.20956828, 0.28835288, -0.93430924, -1.029151;
 -0.18263854, 0.95025468, 0.25230771, 4.3100977;
 0, 0, 0, 1]
Twc:
[0.96058542, 0.20956828, -0.18263854, 1.6100619;
 0.11776518, 0.28835288, 0.95025468, -3.7244918;
 0.25180757, -0.93430924, 0.25230771, -1.8898466;
 0, 0, 0, 1]
Ow:
[-0.63210893;
 -1.029151;
 4.3100977]
Keyframe: 72 Frame: 482 Frame from vFrameID : 483
Tcw:
[0.95873868, 0.097654879, 0.26699007, -0.55964482;
 0.23188496, 0.27469409, -0.9331519, -1.0770142;
 -0.16446744, 0.95655984, 0.24071516, 4.3845334;
 0, 0, 0, 1]
Twc:
[0.95873868, 0.23188496, -0.16446744, 1.5074095;
 0.097654879, 0.27469409, 0.95655984, -3.8435669;
 0.26699007, -0.9331519, 0.24071516, -1.9110218;
 0, 0, 0, 1]
Ow:
[-0.55964482;
 -1.0770142;
 4.3845334]
Keyframe: 73 Frame: 485 Frame from vFrameID : 486
Tcw:
[0.95666325, 0.18164106, 0.22760049, -0.75590825;
 0.17285897, 0.27475896, -0.94584739, -0.83079422;
 -0.23434, 0.94420022, 0.23145352, 4.6501675;
 0, 0, 0, 1]
Twc:
[0.95666325, 0.17285897, -0.23434, 1.95648;
 0.18164106, 0.27475896, 0.94420022, -4.0251169;
 0.22760049, -0.94584739, 0.23145352, -1.6900572;
 0, 0, 0, 1]
Ow:
[-0.75590825;
 -0.83079422;
 4.6501675]
Keyframe: 74 Frame: 487 Frame from vFrameID : 488
Tcw:
[0.96399963, 0.10372928, 0.24483661, -0.65002763;
 0.20538831, 0.29432467, -0.93337488, -1.2350106;
 -0.16887975, 0.95005959, 0.26242408, 4.1637306;
 0, 0, 0, 1]
Twc:
[0.96399963, 0.20538831, -0.16887975, 1.5834529;
 0.10372928, 0.29432467, 0.95005959, -3.5248713;
 0.24483661, -0.93337488, 0.26242408, -2.0862405;
 0, 0, 0, 1]
Ow:
[-0.65002763;
 -1.2350106;
 4.1637306]
Keyframe: 75 Frame: 489 Frame from vFrameID : 490
Tcw:
[0.95925343, 0.1124143, 0.25922173, -0.65522885;
 0.22348656, 0.25946954, -0.93953675, -1.3385437;
 -0.17287751, 0.95918643, 0.22377396, 4.5761018;
 0, 0, 0, 1]
Twc:
[0.95925343, 0.22348656, -0.17287751, 1.7187821;
 0.1124143, 0.25946954, 0.95918643, -3.9683661;
 0.25922173, -0.93953675, 0.22377396, -2.1117737;
 0, 0, 0, 1]
Ow:
[-0.65522885;
 -1.3385437;
 4.5761018]
Keyframe: 76 Frame: 491 Frame from vFrameID : 492
Tcw:
[0.97539639, 0.12541758, 0.18130717, -0.52809119;
 0.14275652, 0.26737842, -0.95295823, -0.71691227;
 -0.16799533, 0.9553948, 0.24289577, 4.632226;
 0, 0, 0, 1]
Twc:
[0.97539639, 0.14275652, -0.16799533, 1.3956345;
 0.12541758, 0.26737842, 0.9553948, -4.167686;
 0.18130717, -0.95295823, 0.24289577, -1.7125888;
 0, 0, 0, 1]
Ow:
[-0.52809119;
 -0.71691227;
 4.632226]
Keyframe: 77 Frame: 493 Frame from vFrameID : 494
Tcw:
[0.97061211, 0.072747976, 0.22939008, -0.57267225;
 0.20327866, 0.2623339, -0.94332325, -1.346905;
 -0.12880166, 0.9622311, 0.23983635, 4.5720611;
 0, 0, 0, 1]
Twc:
[0.97061211, 0.20327866, -0.12880166, 1.4185288;
 0.072747976, 0.2623339, 0.9622311, -4.0043797;
 0.22939008, -0.94332325, 0.23983635, -2.2357478;
 0, 0, 0, 1]
Ow:
[-0.57267225;
 -1.346905;
 4.5720611]
Keyframe: 78 Frame: 495 Frame from vFrameID : 496
Tcw:
[0.97423625, 0.087079138, 0.20804077, -0.74400723;
 0.17873846, 0.26442835, -0.94769734, -1.2141399;
 -0.13753654, 0.96046597, 0.2420513, 4.6437397;
 0, 0, 0, 1]
Twc:
[0.97423625, 0.17873846, -0.13753654, 1.5805362;
 0.087079138, 0.26442835, 0.96046597, -4.0743136;
 0.20804077, -0.94769734, 0.2420513, -2.1198764;
 0, 0, 0, 1]
Ow:
[-0.74400723;
 -1.2141399;
 4.6437397]
Keyframe: 79 Frame: 499 Frame from vFrameID : 500
Tcw:
[0.96891147, 0.085476011, 0.23217334, -0.71718735;
 0.20045677, 0.27880338, -0.9391942, -1.2459276;
 -0.14500928, 0.95653671, 0.25300154, 4.674696;
 0, 0, 0, 1]
Twc:
[0.96891147, 0.20045677, -0.14500928, 1.6225199;
 0.085476011, 0.27880338, 0.95653671, -4.0628471;
 0.23217334, -0.9391942, 0.25300154, -2.1863613;
 0, 0, 0, 1]
Ow:
[-0.71718735;
 -1.2459276;
 4.674696]
Keyframe: 80 Frame: 502 Frame from vFrameID : 503
Tcw:
[0.96488094, 0.096706457, 0.24423887, -0.72579682;
 0.20808797, 0.28608033, -0.93533814, -1.2236724;
 -0.16032517, 0.95331311, 0.25591001, 4.6638699;
 0, 0, 0, 1]
Twc:
[0.96488094, 0.20808797, -0.16032517, 1.7026747;
 0.096706457, 0.28608033, 0.95331311, -4.0258703;
 0.24423887, -0.93533814, 0.25591001, -2.1608107;
 0, 0, 0, 1]
Ow:
[-0.72579682;
 -1.2236724;
 4.6638699]
Keyframe: 81 Frame: 504 Frame from vFrameID : 505
Tcw:
[0.96174324, 0.10773274, 0.25188023, -0.72817898;
 0.21021818, 0.29934266, -0.93069988, -1.1725558;
 -0.17566535, 0.94804412, 0.26524341, 4.692174;
 0, 0, 0, 1]
Twc:
[0.96174324, 0.21021818, -0.17566535, 1.771066;
 0.10773274, 0.29934266, 0.94804412, -4.0189428;
 0.25188023, -0.93069988, 0.26524341, -2.1524518;
 0, 0, 0, 1]
Ow:
[-0.72817898;
 -1.1725558;
 4.692174]
Keyframe: 82 Frame: 507 Frame from vFrameID : 508
Tcw:
[0.95534283, 0.13696262, 0.2618421, -0.70866108;
 0.21036939, 0.30704936, -0.92815161, -1.1395099;
 -0.20752053, 0.94178659, 0.26452467, 4.7652855;
 0, 0, 0, 1]
Twc:
[0.95534283, 0.21036939, -0.20752053, 1.905627;
 0.13696262, 0.30704936, 0.94178659, -4.040936;
 0.2618421, -0.92815161, 0.26452467, -2.1326163;
 0, 0, 0, 1]
Ow:
[-0.70866108;
 -1.1395099;
 4.7652855]
Keyframe: 83 Frame: 512 Frame from vFrameID : 513
Tcw:
[0.94560665, 0.15706471, 0.28488368, -0.65903789;
 0.2250977, 0.31632316, -0.92155886, -1.1964719;
 -0.23485968, 0.93555886, 0.26376238, 4.7624063;
 0, 0, 0, 1]
Twc:
[0.94560665, 0.2250977, -0.23485968, 2.0110109;
 0.15706471, 0.31632316, 0.93555886, -3.9735279;
 0.28488368, -0.92155886, 0.26376238, -2.1710136;
 0, 0, 0, 1]
Ow:
[-0.65903789;
 -1.1964719;
 4.7624063]
Keyframe: 84 Frame: 516 Frame from vFrameID : 517
Tcw:
[0.96238226, 0.13244218, 0.23723286, -0.60312688;
 0.18819377, 0.30483294, -0.93362731, -1.2041956;
 -0.19596803, 0.94315213, 0.26844102, 4.7841272;
 0, 0, 0, 1]
Twc:
[0.96238226, 0.18819377, -0.19596803, 1.7445968;
 0.13244218, 0.30483294, 0.94315213, -4.0652022;
 0.23723286, -0.93362731, 0.26844102, -2.2654445;
 0, 0, 0, 1]
Ow:
[-0.60312688;
 -1.2041956;
 4.7841272]
Keyframe: 85 Frame: 520 Frame from vFrameID : 521
Tcw:
[0.9725489, 0.12035184, 0.19915846, -0.57392824;
 0.15891123, 0.28171101, -0.94624847, -1.2343426;
 -0.16998787, 0.9519214, 0.25485247, 4.8315616;
 0, 0, 0, 1]
Twc:
[0.9725489, 0.15891123, -0.16998787, 1.575631;
 0.12035184, 0.28171101, 0.9519214, -4.1824656;
 0.19915846, -0.94624847, 0.25485247, -2.2850275;
 0, 0, 0, 1]
Ow:
[-0.57392824;
 -1.2343426;
 4.8315616]
Keyframe: 86 Frame: 525 Frame from vFrameID : 526
Tcw:
[0.97762698, 0.10418151, 0.18273389, -0.49382398;
 0.1376866, 0.33981252, -0.93036008, -1.3052859;
 -0.15902159, 0.93470514, 0.31786549, 4.8164902;
 0, 0, 0, 1]
Twc:
[0.97762698, 0.1376866, -0.15902159, 1.4284219;
 0.10418151, 0.33981252, 0.93470514, -4.0069981;
 0.18273389, -0.93036008, 0.31786549, -2.6551435;
 0, 0, 0, 1]
Ow:
[-0.49382398;
 -1.3052859;
 4.8164902]
Keyframe: 87 Frame: 531 Frame from vFrameID : 532
Tcw:
[0.9676733, 0.11398147, 0.22498131, -0.44372201;
 0.18199469, 0.30198905, -0.93577802, -1.2998235;
 -0.17460324, 0.94647282, 0.27148271, 5.0183678;
 0, 0, 0, 1]
Twc:
[0.9676733, 0.18199469, -0.17460324, 1.5421622;
 0.11398147, 0.30198905, 0.94647282, -4.3066401;
 0.22498131, -0.93577802, 0.27148271, -2.4789174;
 0, 0, 0, 1]
Ow:
[-0.44372201;
 -1.2998235;
 5.0183678]
Keyframe: 88 Frame: 537 Frame from vFrameID : 538
Tcw:
[0.94176477, 0.14354257, 0.30409643, -0.55350614;
 0.25548708, 0.28255838, -0.92460108, -1.444891;
 -0.21864462, 0.94844943, 0.22943027, 5.2822084;
 0, 0, 0, 1]
Twc:
[0.94176477, 0.25548708, -0.21864462, 2.0453498;
 0.14354257, 0.28255838, 0.94844943, -4.5221896;
 0.30409643, -0.92460108, 0.22943027, -2.3795269;
 0, 0, 0, 1]
Ow:
[-0.55350614;
 -1.444891;
 5.2822084]
Keyframe: 89 Frame: 543 Frame from vFrameID : 544
Tcw:
[0.93425143, 0.22579795, 0.27602461, -0.3935529;
 0.18912296, 0.34249207, -0.92028892, -1.5228375;
 -0.30233559, 0.91198379, 0.27727011, 5.3715296;
 0, 0, 0, 1]
Twc:
[0.93425143, 0.18912296, -0.30233559, 2.2796855;
 0.22579795, 0.34249207, 0.91198379, -4.2883248;
 0.27602461, -0.92028892, 0.27727011, -2.7821848;
 0, 0, 0, 1]
Ow:
[-0.3935529;
 -1.5228375;
 5.3715296]
Keyframe: 90 Frame: 549 Frame from vFrameID : 550
Tcw:
[0.96349132, 0.14756839, 0.22340098, -1.1420418;
 0.17780171, 0.27118608, -0.94596231, -0.90346336;
 -0.20017737, 0.95114756, 0.23504753, 5.8207111;
 0, 0, 0, 1]
Twc:
[0.96349132, 0.17780171, -0.20017737, 2.4261594;
 0.14756839, 0.27118608, 0.95114756, -5.1228194;
 0.22340098, -0.94596231, 0.23504753, -1.9676528;
 0, 0, 0, 1]
Ow:
[-1.1420418;
 -0.90346336;
 5.8207111]
Keyframe: 91 Frame: 555 Frame from vFrameID : 556
Tcw:
[0.95188403, 0.20788211, 0.2251706, -0.23534954;
 0.14884126, 0.32866815, -0.93264329, -1.7015495;
 -0.26788625, 0.92128295, 0.28191254, 5.4646673;
 0, 0, 0, 1]
Twc:
[0.95188403, 0.14884126, -0.26788625, 1.9411956;
 0.20788211, 0.32866815, 0.92128295, -4.4263349;
 0.2251706, -0.93264329, 0.28191254, -3.0745032;
 0, 0, 0, 1]
Ow:
[-0.23534954;
 -1.7015495;
 5.4646673]
Keyframe: 92 Frame: 562 Frame from vFrameID : 563
Tcw:
[0.93316579, 0.21625154, 0.28711829, -0.43673068;
 0.21125375, 0.31630924, -0.92483526, -1.6228297;
 -0.29081523, 0.92367947, 0.24948502, 5.5618787;
 0, 0, 0, 1]
Twc:
[0.93316579, 0.21125375, -0.29081523, 2.3678501;
 0.21625154, 0.31630924, 0.92367947, -4.5296335;
 0.28711829, -0.92483526, 0.24948502, -2.7630622;
 0, 0, 0, 1]
Ow:
[-0.43673068;
 -1.6228297;
 5.5618787]
Keyframe: 93 Frame: 569 Frame from vFrameID : 570
Tcw:
[0.89886415, 0.28691047, 0.33124861, -0.34241676;
 0.23012933, 0.33423078, -0.91396403, -1.8695817;
 -0.37293935, 0.8977595, 0.23440155, 5.68959;
 0, 0, 0, 1]
Twc:
