Keyframe: 0 Frame: 0 Frame from vFrameID : 138
Tcw:
[0.96663308, 0.17264444, 0.18924685, -0.0071028545;
 0.13560438, 0.28190389, -0.9498114, -0.14170754;
 -0.21732907, 0.94378179, 0.24908628, -0.0016039051;
 0, 0, 0, 1]
Twc:
[0.96663308, 0.13560438, -0.21732907, 0.025733441;
 0.17264444, 0.28190389, 0.94378179, 0.042687915;
 0.18924685, -0.9498114, 0.24908628, -0.13285173;
 0, 0, 0, 1]
Ow:
[-0.0071028545;
 -0.14170754;
 -0.0016039051]
Keyframe: 1 Frame: 146 Frame from vFrameID : 138
Tcw:
[0.96751034, 0.16937311, 0.18771376, -nan;
 0.13503926, 0.2814993, -0.95001185, -inf;
 -0.21374775, 0.94449502, 0.24948147, -nan;
 0, 0, 0, 1]
Twc:
[0.96751034, 0.13503926, -0.21374775, inf;
 0.16937311, 0.2814993, 0.94449502, inf;
 0.18771376, -0.95001185, 0.24948147, -inf;
 0, 0, 0, 1]
Ow:
[-nan;
 -inf;
 -nan]
