Keyframe: 0 Frame: 0 Frame from vFrameID : 141
Tcw:
[0.95616996, 0.051005341, 0.28833568, -0.071013033;
 0.25089565, 0.36497304, -0.89657462, -0.068073831;
 -0.15096484, 0.92961991, 0.33617923, -0.0099032559;
 0, 0, 0, 1]
Twc:
[0.95616996, 0.25089565, -0.15096484, 0.083484918;
 0.051005341, 0.36497304, 0.92961991, 0.037673417;
 0.28833568, -0.89657462, 0.33617923, -0.037228409;
 0, 0, 0, 1]
Ow:
[-0.071013033;
 -0.068073831;
 -0.0099032559]
Keyframe: 1 Frame: 140 Frame from vFrameID : 141
Tcw:
[0.95831621, 0.05617968, 0.28013191, -0.069963075;
 0.24096268, 0.36789981, -0.89810175, -0.063047044;
 -0.15351555, 0.92816681, 0.33902717, -0.011374268;
 0, 0, 0, 1]
Twc:
[0.95831621, 0.24096268, -0.15351555, 0.080492608;
 0.05617968, 0.36789981, 0.92816681, 0.037682716;
 0.28013191, -0.89810175, 0.33902717, -0.033167582;
 0, 0, 0, 1]
Ow:
[-0.069963075;
 -0.063047044;
 -0.011374268]
Keyframe: 2 Frame: 145 Frame from vFrameID : 146
Tcw:
[0.96337616, 0.054812703, 0.2624917, -0.070616953;
 0.22343214, 0.37717992, -0.8987844, -0.065580502;
 -0.14827141, 0.92451656, 0.35111922, -0.010780006;
 0, 0, 0, 1]
Twc:
[0.96337616, 0.22343214, -0.14827141, 0.081085108;
 0.054812703, 0.37717992, 0.92451656, 0.038572647;
 0.2624917, -0.8987844, 0.35111922, -0.036621295;
 0, 0, 0, 1]
Ow:
[-0.070616953;
 -0.065580502;
 -0.010780006]
Keyframe: 3 Frame: 148 Frame from vFrameID : 149
Tcw:
[0.96543354, 0.048448004, 0.25610727, -0.059909631;
 0.21998991, 0.3755298, -0.90032315, -0.064195268;
 -0.13979477, 0.92554319, 0.35189098, -0.011803079;
 0, 0, 0, 1]
Twc:
[0.96543354, 0.21998991, -0.13979477, 0.070311062;
 0.048448004, 0.3755298, 0.92554319, 0.037933998;
 0.25610727, -0.90032315, 0.35189098, -0.038299803;
 0, 0, 0, 1]
Ow:
[-0.059909631;
 -0.064195268;
 -0.011803079]
Keyframe: 4 Frame: 152 Frame from vFrameID : 153
Tcw:
[0.96938527, 0.033610251, 0.24323356, -0.064483859;
 0.21270126, 0.3799797, -0.90020752, -0.058644146;
 -0.12268002, 0.924384, 0.36119777, -0.014083222;
 0, 0, 0, 1]
Twc:
[0.96938527, 0.21270126, -0.12268002, 0.073255651;
 0.033610251, 0.3799797, 0.924384, 0.037469208;
 0.24323356, -0.90020752, 0.36119777, -0.032020435;
 0, 0, 0, 1]
Ow:
[-0.064483859;
 -0.058644146;
 -0.014083222]
Keyframe: 5 Frame: 157 Frame from vFrameID : 158
Tcw:
[0.97206783, 0.017650738, 0.23403539, -0.058150325;
 0.21150006, 0.36640018, -0.90610075, -0.054769427;
 -0.10174396, 0.93028992, 0.3524327, -0.015782798;
 0, 0, 0, 1]
Twc:
[0.97206783, 0.21150006, -0.10174396, 0.066503994;
 0.017650738, 0.36640018, 0.93028992, 0.0357765;
 0.23403539, -0.90610075, 0.3524327, -0.030455012;
 0, 0, 0, 1]
Ow:
[-0.058150325;
 -0.054769427;
 -0.015782798]
Keyframe: 6 Frame: 164 Frame from vFrameID : 165
Tcw:
[0.97097522, 0.0025788406, 0.23916622, -0.053607285;
 0.21999426, 0.38277081, -0.89726752, -0.046979696;
 -0.093859762, 0.92383975, 0.37109366, -0.020982854;
 0, 0, 0, 1]
Twc:
[0.97097522, 0.21999426, -0.093859762, 0.060417164;
 0.0025788406, 0.38277081, 0.92383975, 0.037505496;
 0.23916622, -0.89726752, 0.37109366, -0.021545699;
 0, 0, 0, 1]
Ow:
[-0.053607285;
 -0.046979696;
 -0.020982854]
Keyframe: 7 Frame: 169 Frame from vFrameID : 170
Tcw:
[0.97010785, 0.0054082135, 0.24261402, -0.05035843;
 0.22111061, 0.39229274, -0.89286983, -0.045793954;
 -0.10000455, 0.91982454, 0.37937045, -0.021878436;
 0, 0, 0, 1]
Twc:
[0.97010785, 0.22111061, -0.10000455, 0.056790691;
 0.0054082135, 0.39229274, 0.91982454, 0.038361307;
 0.24261402, -0.89286983, 0.37937045, -0.020370346;
 0, 0, 0, 1]
Ow:
[-0.05035843;
 -0.045793954;
 -0.021878436]
Keyframe: 8 Frame: 174 Frame from vFrameID : 175
Tcw:
[0.96463507, 0.014317747, 0.26319996, -0.05064179;
 0.23468691, 0.40794972, -0.88232595, -0.045212653;
 -0.12000526, 0.9128921, 0.39016241, -0.023910392;
 0, 0, 0, 1]
Twc:
[0.96463507, 0.23468691, -0.12000526, 0.056592289;
 0.014317747, 0.40794972, 0.9128921, 0.040997174;
 0.26319996, -0.88232595, 0.39016241, -0.017234443;
 0, 0, 0, 1]
Ow:
[-0.05064179;
 -0.045212653;
 -0.023910392]
Keyframe: 9 Frame: 180 Frame from vFrameID : 181
Tcw:
[0.95973736, 0.042678803, 0.27763772, -0.050782274;
 0.23603144, 0.41334307, -0.87945247, -0.043846883;
 -0.15229361, 0.90957463, 0.38662726, -0.025257416;
 0, 0, 0, 1]
Twc:
[0.95973736, 0.23603144, -0.15229361, 0.055240348;
 0.042678803, 0.41334307, 0.90957463, 0.043264639;
 0.27763772, -0.87945247, 0.38662726, -0.014696967;
 0, 0, 0, 1]
Ow:
[-0.050782274;
 -0.043846883;
 -0.025257416]
Keyframe: 10 Frame: 186 Frame from vFrameID : 187
Tcw:
[0.9556368, 0.058267407, 0.28872684, -0.049736407;
 0.23962557, 0.41622603, -0.87711769, -0.050139796;
 -0.17128301, 0.90739232, 0.38379854, -0.021856975;
 0, 0, 0, 1]
Twc:
[0.9556368, 0.23962557, -0.17128301, 0.055800989;
 0.058267407, 0.41622603, 0.90739232, 0.043600351;
 0.28872684, -0.87711769, 0.38379854, -0.021229593;
 0, 0, 0, 1]
Ow:
[-0.049736407;
 -0.050139796;
 -0.021856975]
Keyframe: 11 Frame: 192 Frame from vFrameID : 193
Tcw:
[0.95392287, 0.065641172, 0.29278383, -0.055050042;
 0.2418454, 0.4093585, -0.87973654, -0.051773936;
 -0.17760049, 0.91000926, 0.37462142, -0.017829068;
 0, 0, 0, 1]
Twc:
[0.95392287, 0.2418454, -0.17760049, 0.061868332;
 0.065641172, 0.4093585, 0.91000926, 0.041032266;
 0.29278383, -0.87973654, 0.37462142, -0.022750512;
 0, 0, 0, 1]
Ow:
[-0.055050042;
 -0.051773936;
 -0.017829068]
Keyframe: 12 Frame: 198 Frame from vFrameID : 199
Tcw:
[0.94977373, 0.078331806, 0.30297521, -0.053928975;
 0.24684958, 0.40753275, -0.87919414, -0.05503194;
 -0.19234119, 0.90982479, 0.36772773, -0.0042459853;
 0, 0, 0, 1]
Twc:
[0.94977373, 0.24684958, -0.19234119, 0.063988253;
 0.078331806, 0.40753275, 0.90982479, 0.030514775;
 0.30297521, -0.87919414, 0.36772773, -0.03048325;
 0, 0, 0, 1]
Ow:
[-0.053928975;
 -0.05503194;
 -0.0042459853]
Keyframe: 13 Frame: 207 Frame from vFrameID : 208
Tcw:
[0.93473625, 0.093261398, 0.34288549, -0.035685636;
 0.28036603, 0.39928871, -0.87290514, -0.074454725;
 -0.21831866, 0.91206956, 0.34708229, 0.023433972;
 0, 0, 0, 1]
Twc:
[0.93473625, 0.28036603, -0.21831866, 0.059347313;
 0.093261398, 0.39928871, 0.91206956, 0.011683614;
 0.34288549, -0.87290514, 0.34708229, -0.060889348;
 0, 0, 0, 1]
Ow:
[-0.035685636;
 -0.074454725;
 0.023433972]
Keyframe: 14 Frame: 217 Frame from vFrameID : 218
Tcw:
[0.94695228, 0.10339896, 0.30428612, -0.053681467;
 0.24055693, 0.39979172, -0.88447666, -0.06525591;
 -0.21310504, 0.91075534, 0.35371035, 0.094435066;
 0, 0, 0, 1]
Twc:
[0.94695228, 0.24055693, -0.21310504, 0.086656138;
 0.10339896, 0.39979172, 0.91075534, -0.054367855;
 0.30428612, -0.88447666, 0.35371035, -0.074785464;
 0, 0, 0, 1]
Ow:
[-0.053681467;
 -0.06525591;
 0.094435066]
Keyframe: 15 Frame: 223 Frame from vFrameID : 224
Tcw:
[0.95270741, 0.031940047, 0.30220589, -0.07503175;
 0.27353293, 0.34312305, -0.89858013, 0.0094775707;
 -0.13239451, 0.93874723, 0.31815922, 0.29311651;
 0, 0, 0, 1]
Twc:
[0.95270741, 0.27353293, -0.13239451, 0.10769789;
 0.031940047, 0.34312305, 0.93874723, -0.27601776;
 0.30220589, -0.89858013, 0.31815922, -0.062066324;
 0, 0, 0, 1]
Ow:
[-0.07503175;
 0.0094775707;
 0.29311651]
Keyframe: 16 Frame: 232 Frame from vFrameID : 233
Tcw:
[0.95461547, 0.059025452, 0.29193369, -0.035182871;
 0.25737369, 0.32980579, -0.90828788, -0.078788444;
 -0.14989352, 0.94220173, 0.29964611, 0.33006585;
 0, 0, 0, 1]
Twc:
[0.95461547, 0.25737369, -0.14989352, 0.10333892;
 0.059025452, 0.32980579, 0.94220173, -0.28292704;
 0.29193369, -0.90828788, 0.29964611, -0.16019447;
 0, 0, 0, 1]
Ow:
[-0.035182871;
 -0.078788444;
 0.33006585]
Keyframe: 17 Frame: 241 Frame from vFrameID : 242
Tcw:
[0.93626636, 0.098445296, 0.33721486, -0.13524392;
 0.28373224, 0.35407081, -0.89113969, -0.1076664;
 -0.20712644, 0.93002278, 0.30357248, 0.47669461;
 0, 0, 0, 1]
Twc:
[0.93626636, 0.28373224, -0.20712644, 0.25590882;
 0.098445296, 0.35407081, 0.93002278, -0.3919012;
 0.33721486, -0.89113969, 0.30357248, -0.1950509;
 0, 0, 0, 1]
Ow:
[-0.13524392;
 -0.1076664;
 0.47669461]
Keyframe: 18 Frame: 250 Frame from vFrameID : 251
Tcw:
[0.9527877, 0.049028981, 0.29965281, -0.14839143;
 0.27214023, 0.29980475, -0.91436142, -0.092508458;
 -0.13466755, 0.95273989, 0.27230749, 0.64854461;
 0, 0, 0, 1]
Twc:
[0.9527877, 0.27214023, -0.13466755, 0.25389871;
 0.049028981, 0.29980475, 0.95273989, -0.58288437;
 0.29965281, -0.91436142, 0.27230749, -0.21672383;
 0, 0, 0, 1]
Ow:
[-0.14839143;
 -0.092508458;
 0.64854461]
Keyframe: 19 Frame: 260 Frame from vFrameID : 261
Tcw:
[0.94287771, 0.026406754, 0.33209077, -0.22560273;
 0.3144201, 0.25890785, -0.91329443, -0.17346594;
 -0.11009804, 0.96554101, 0.23581563, 0.90573412;
 0, 0, 0, 1]
Twc:
[0.94287771, 0.3144201, -0.11009804, 0.36697653;
 0.026406754, 0.25890785, 0.96554101, -0.82365429;
 0.33209077, -0.91329443, 0.23581563, -0.29709116;
 0, 0, 0, 1]
Ow:
[-0.22560273;
 -0.17346594;
 0.90573412]
Keyframe: 20 Frame: 270 Frame from vFrameID : 271
Tcw:
[0.92734402, 0.050296806, 0.37081438, -0.39016953;
 0.34713346, 0.25445396, -0.90263587, -0.26970315;
 -0.13975489, 0.96577609, 0.21850665, 1.1421289;
 0, 0, 0, 1]
Twc:
[0.92734402, 0.34713346, -0.13975489, 0.61506248;
 0.050296806, 0.25445396, 0.96577609, -1.0147895;
 0.37081438, -0.90263587, 0.21850665, -0.34832606;
 0, 0, 0, 1]
Ow:
[-0.39016953;
 -0.26970315;
 1.1421289]
Keyframe: 21 Frame: 280 Frame from vFrameID : 281
Tcw:
[0.95314699, 0.072360538, 0.29372558, -0.12718876;
 0.26384526, 0.27610302, -0.92420387, 0.16323817;
 -0.1479744, 0.95840025, 0.24407478, 1.1734896;
 0, 0, 0, 1]
Twc:
[0.95314699, 0.26384526, -0.1479744, 0.25180641;
 0.072360538, 0.27610302, 0.95840025, -1.1605399;
 0.29372558, -0.92420387, 0.24407478, -0.098195285;
 0, 0, 0, 1]
Ow:
[-0.12718876;
 0.16323817;
 1.1734896]
Keyframe: 22 Frame: 288 Frame from vFrameID : 289
Tcw:
[0.96889722, 0.0542726, 0.24143873, -0.25762731;
 0.21978696, 0.25961936, -0.94036776, 0.10687813;
 -0.11371837, 0.96418476, 0.23961607, 1.3908571;
 0, 0, 0, 1]
Twc:
[0.96889722, 0.21978696, -0.11371837, 0.38428998;
 0.0542726, 0.25961936, 0.96418476, -1.3548088;
 0.24143873, -0.94036776, 0.23961607, -0.17056574;
 0, 0, 0, 1]
Ow:
[-0.25762731;
 0.10687813;
 1.3908571]
Keyframe: 23 Frame: 290 Frame from vFrameID : 291
Tcw:
[0.92098796, 0.050107472, 0.38635528, -0.39140099;
 0.3667787, 0.22284751, -0.90322334, -0.33451691;
 -0.13135654, 0.97356468, 0.18686152, 1.3869934;
 0, 0, 0, 1]
Twc:
[0.92098796, 0.3667787, -0.13135654, 0.66535997;
 0.050107472, 0.22284751, 0.97356468, -1.2561696;
 0.38635528, -0.90322334, 0.18686152, -0.41009936;
 0, 0, 0, 1]
Ow:
[-0.39140099;
 -0.33451691;
 1.3869934]
Keyframe: 24 Frame: 296 Frame from vFrameID : 297
Tcw:
[0.96281391, 0.0053634485, 0.27011219, -0.14553003;
 0.25519568, 0.31013179, -0.91580206, -0.35202521;
 -0.088682234, 0.95067847, 0.29723045, 1.3468683;
 0, 0, 0, 1]
Twc:
[0.96281391, 0.25519568, -0.088682234, 0.34939691;
 0.0053634485, 0.31013179, 0.95067847, -1.1704838;
 0.27011219, -0.91580206, 0.29723045, -0.68340623;
 0, 0, 0, 1]
Ow:
[-0.14553003;
 -0.35202521;
 1.3468683]
Keyframe: 25 Frame: 299 Frame from vFrameID : 300
Tcw:
[0.89189011, 0.068188138, 0.4470821, -0.69112247;
 0.41278401, 0.28115442, -0.86634958, -0.039518569;
 -0.18477388, 0.95723695, 0.22261189, 1.3447247;
 0, 0, 0, 1]
Twc:
[0.89189011, 0.41278401, -0.18477388, 0.88118792;
 0.068188138, 0.28115442, 0.95723695, -1.228983;
 0.4470821, -0.86634958, 0.22261189, -0.024600117;
 0, 0, 0, 1]
Ow:
[-0.69112247;
 -0.039518569;
 1.3447247]
Keyframe: 26 Frame: 305 Frame from vFrameID : 306
Tcw:
[0.89218575, 0.064064458, 0.44710219, -0.32752112;
 0.42334616, 0.22640526, -0.87722212, -0.43417966;
 -0.15742505, 0.97192407, 0.1748741, 1.7269235;
 0, 0, 0, 1]
Twc:
[0.89218575, 0.42334616, -0.15742505, 0.74787897;
 0.064064458, 0.22640526, 0.97192407, -1.5591555;
 0.44710219, -0.87722212, 0.1748741, -0.53643084;
 0, 0, 0, 1]
Ow:
[-0.32752112;
 -0.43417966;
 1.7269235]
Keyframe: 27 Frame: 311 Frame from vFrameID : 312
Tcw:
[0.96910405, 0.029019527, 0.24493915, -0.14631683;
 0.22396807, 0.31245917, -0.9231509, -0.17239568;
 -0.10332289, 0.94948781, 0.29630601, 1.7830391;
 0, 0, 0, 1]
Twc:
[0.96910405, 0.22396807, -0.10332289, 0.36463612;
 0.029019527, 0.31245917, 0.94948781, -1.6348614;
 0.24493915, -0.9231509, 0.29630601, -0.65163368;
 0, 0, 0, 1]
Ow:
[-0.14631683;
 -0.17239568;
 1.7830391]
Keyframe: 28 Frame: 313 Frame from vFrameID : 314
Tcw:
[0.96840572, 0.029969938, 0.24757262, -0.14159124;
 0.22561729, 0.31764328, -0.92097753, -0.17626727;
 -0.10624141, 0.94773656, 0.30084583, 1.7971836;
 0, 0, 0, 1]
Twc:
[0.96840572, 0.22561729, -0.10624141, 0.36782202;
 0.029969938, 0.31764328, 0.94773656, -1.643023;
 0.24757262, -0.92097753, 0.30084583, -0.66795927;
 0, 0, 0, 1]
Ow:
[-0.14159124;
 -0.17626727;
 1.7971836]
Keyframe: 29 Frame: 314 Frame from vFrameID : 315
Tcw:
[0.96698701, 0.023416413, 0.25374755, -0.14181088;
 0.23313622, 0.32071137, -0.91803688, -0.19869164;
 -0.10287686, 0.94688749, 0.30466452, 1.796231;
 0, 0, 0, 1]
Twc:
[0.96698701, 0.23313622, -0.10287686, 0.36824211;
 0.023416413, 0.32071137, 0.94688749, -1.6337852;
 0.25374755, -0.91803688, 0.30466452, -0.69366997;
 0, 0, 0, 1]
Ow:
[-0.14181088;
 -0.19869164;
 1.796231]
Keyframe: 30 Frame: 317 Frame from vFrameID : 318
Tcw:
[0.9675777, 0.024841664, 0.25134903, -0.12364644;
 0.22932194, 0.33066168, -0.91546398, -0.21946046;
 -0.10585315, 0.94342238, 0.31424415, 1.7984598;
 0, 0, 0, 1]
Twc:
[0.9675777, 0.22932194, -0.10585315, 0.36033723;
 0.024841664, 0.33066168, 0.94342238, -1.6210684;
 0.25134903, -0.91546398, 0.31424415, -0.73498511;
 0, 0, 0, 1]
Ow:
[-0.12364644;
 -0.21946046;
 1.7984598]
Keyframe: 31 Frame: 320 Frame from vFrameID : 321
Tcw:
[0.96285707, 0.036490258, 0.26753443, -0.099164292;
 0.24290605, 0.31561944, -0.91726822, -0.24356341;
 -0.11791043, 0.94818395, 0.29503274, 1.80072;
 0, 0, 0, 1]
Twc:
[0.96285707, 0.24290605, -0.11791043, 0.36696774;
 0.036490258, 0.31561944, 0.94818395, -1.6269219;
 0.26753443, -0.91726822, 0.29503274, -0.72815442;
 0, 0, 0, 1]
Ow:
[-0.099164292;
 -0.24356341;
 1.80072]
Keyframe: 32 Frame: 323 Frame from vFrameID : 324
Tcw:
[0.96507812, 0.060383815, 0.25490788, -0.096670464;
 0.22408991, 0.31367913, -0.9227075, -0.23437384;
 -0.13567588, 0.9476071, 0.28919345, 1.8057435;
 0, 0, 0, 1]
Twc:
[0.96507812, 0.22408991, -0.13567588, 0.39081118;
 0.060383815, 0.31367913, 0.9476071, -1.6317798;
 0.25490788, -0.9227075, 0.28919345, -0.71382558;
 0, 0, 0, 1]
Ow:
[-0.096670464;
 -0.23437384;
 1.8057435]
Keyframe: 33 Frame: 326 Frame from vFrameID : 327
Tcw:
[0.9596411, 0.089770362, 0.26651508, -0.098922238;
 0.21977121, 0.35191521, -0.90986609, -0.25408411;
 -0.17546971, 0.93171722, 0.31798336, 1.8221251;
 0, 0, 0, 1]
Twc:
[0.9596411, 0.21977121, -0.17546971, 0.47049797;
 0.089770362, 0.35191521, 0.93171722, -1.5994089;
 0.26651508, -0.90986609, 0.31798336, -0.78422368;
 0, 0, 0, 1]
Ow:
[-0.098922238;
 -0.25408411;
 1.8221251]
Keyframe: 34 Frame: 329 Frame from vFrameID : 330
Tcw:
[0.95285374, 0.099601418, 0.2866171, -0.084275842;
 0.22982375, 0.37984794, -0.89604497, -0.28056961;
 -0.19811827, 0.91967118, 0.33904877, 1.8352793;
 0, 0, 0, 1]
Twc:
[0.95285374, 0.22982375, -0.19811827, 0.50838643;
 0.099601418, 0.37984794, 0.91967118, -1.5728858;
 0.2866171, -0.89604497, 0.33904877, -0.84949726;
 0, 0, 0, 1]
Ow:
[-0.084275842;
 -0.28056961;
 1.8352793]
Keyframe: 35 Frame: 332 Frame from vFrameID : 333
Tcw:
[0.95062131, 0.099801131, 0.29386872, -0.050090551;
 0.23816238, 0.37253556, -0.89693695, -0.32571352;
 -0.19899186, 0.92263591, 0.33037138, 1.8705735;
 0, 0, 0, 1]
Twc:
[0.95062131, 0.23816238, -0.19899186, 0.49741879;
 0.099801131, 0.37253556, 0.92263591, -1.5995193;
 0.29386872, -0.89693695, 0.33037138, -0.89540833;
 0, 0, 0, 1]
Ow:
[-0.050090551;
 -0.32571352;
 1.8705735]
Keyframe: 36 Frame: 337 Frame from vFrameID : 338
Tcw:
[0.95375901, 0.071799569, 0.29187086, -0.0003644228;
 0.24983823, 0.35049206, -0.90262735, -0.4502669;
 -0.16710667, 0.93380946, 0.31634668, 1.9181101;
 0, 0, 0, 1]
Twc:
[0.95375901, 0.24983823, -0.16710667, 0.43337044;
 0.071799569, 0.35049206, 0.93380946, -1.6333084;
 0.29187086, -0.90262735, 0.31634668, -1.0131047;
 0, 0, 0, 1]
Ow:
[-0.0003644228;
 -0.4502669;
 1.9181101]
Keyframe: 37 Frame: 342 Frame from vFrameID : 343
Tcw:
[0.95433736, 0.062257424, 0.29217154, -0.044091254;
 0.25598696, 0.33370835, -0.9072538, -0.43633145;
 -0.15398335, 0.94061828, 0.30253327, 2.062706;
 0, 0, 0, 1]
Twc:
[0.95433736, 0.25598696, -0.15398335, 0.47139549;
 0.062257424, 0.33370835, 0.94061828, -1.7918665;
 0.29217154, -0.9072538, 0.30253327, -1.0070183;
 0, 0, 0, 1]
Ow:
[-0.044091254;
 -0.43633145;
 2.062706]
Keyframe: 38 Frame: 348 Frame from vFrameID : 349
Tcw:
[0.957973, 0.05890831, 0.28074452, 0.039655864;
 0.24229771, 0.35772762, -0.90184408, -0.50430447;
 -0.15355618, 0.93196607, 0.32842007, 2.0973105;
 0, 0, 0, 1]
Twc:
[0.957973, 0.24229771, -0.15355618, 0.40625757;
 0.05890831, 0.35772762, 0.93196607, -1.7765546;
 0.28074452, -0.90184408, 0.32842007, -1.154736;
 0, 0, 0, 1]
Ow:
[0.039655864;
 -0.50430447;
 2.0973105]
Keyframe: 39 Frame: 354 Frame from vFrameID : 355
Tcw:
[0.94560486, 0.073447272, 0.31691781, -0.051815569;
 0.2749415, 0.34029913, -0.89922392, -0.56332898;
 -0.17389241, 0.93744439, 0.30159482, 2.2842498;
 0, 0, 0, 1]
Twc:
[0.94560486, 0.2749415, -0.17389241, 0.60109323;
 0.073447272, 0.34029913, 0.93744439, -1.945851;
 0.31691781, -0.89922392, 0.30159482, -1.1790555;
 0, 0, 0, 1]
Ow:
[-0.051815569;
 -0.56332898;
 2.2842498]
Keyframe: 40 Frame: 360 Frame from vFrameID : 361
Tcw:
[0.94081539, 0.089565374, 0.32687074, 0.00098076463;
 0.27645448, 0.35511541, -0.89300948, -0.62788981;
 -0.19605957, 0.93052197, 0.30933729, 2.2861512;
 0, 0, 0, 1]
Twc:
[0.94081539, 0.27645448, -0.19605957, 0.62088209;
 0.089565374, 0.35511541, 0.93052197, -1.9044284;
 0.32687074, -0.89300948, 0.30933729, -1.268224;
 0, 0, 0, 1]
Ow:
[0.00098076463;
 -0.62788981;
 2.2861512]
Keyframe: 41 Frame: 367 Frame from vFrameID : 368
Tcw:
[0.94179684, 0.076890029, 0.32727155, 0.14673296;
 0.28771928, 0.3191756, -0.90296429, -0.67911494;
 -0.17388605, 0.94457126, 0.27847585, 2.4481828;
 0, 0, 0, 1]
Twc:
[0.94179684, 0.28771928, -0.17388605, 0.48290667;
 0.076890029, 0.3191756, 0.94457126, -2.1070085;
 0.32727155, -0.90296429, 0.27847585, -1.3429978;
 0, 0, 0, 1]
Ow:
[0.14673296;
 -0.67911494;
 2.4481828]
Keyframe: 42 Frame: 374 Frame from vFrameID : 375
Tcw:
[0.92493868, 0.093129113, 0.36853141, -0.17688352;
 0.32912108, 0.28885749, -0.89902204, -0.78794789;
 -0.19017819, 0.95283175, 0.23652472, 2.7700415;
 0, 0, 0, 1]
Twc:
[0.92493868, 0.32912108, -0.19017819, 0.94973814;
 0.093129113, 0.28885749, 0.95283175, -2.3953056;
 0.36853141, -0.89902204, 0.23652472, -1.2983787;
 0, 0, 0, 1]
Ow:
[-0.17688352;
 -0.78794789;
 2.7700415]
Keyframe: 43 Frame: 382 Frame from vFrameID : 383
Tcw:
[0.92247784, 0.082845472, 0.37705606, -0.27917168;
 0.33978757, 0.28937122, -0.89487916, -0.76842815;
 -0.18324585, 0.95362514, 0.23878868, 2.998127;
 0, 0, 0, 1]
Twc:
[0.92247784, 0.33978757, -0.18324585, 1.0680264;
 0.082845472, 0.28937122, 0.95362514, -2.6136003;
 0.37705606, -0.89487916, 0.23878868, -1.2983057;
 0, 0, 0, 1]
Ow:
[-0.27917168;
 -0.76842815;
 2.998127]
Keyframe: 44 Frame: 390 Frame from vFrameID : 391
Tcw:
[0.91026533, 0.12856607, 0.39355782, -0.31075174;
 0.33930182, 0.31307524, -0.88705027, -0.80486166;
 -0.23725778, 0.94098598, 0.24135886, 2.9834645;
 0, 0, 0, 1]
Twc:
[0.91026533, 0.33930182, -0.23725778, 1.2638078;
 0.12856607, 0.31307524, 0.94098598, -2.5154641;
 0.39355782, -0.88705027, 0.24135886, -1.3117394;
 0, 0, 0, 1]
Ow:
[-0.31075174;
 -0.80486166;
 2.9834645]
Keyframe: 45 Frame: 398 Frame from vFrameID : 399
Tcw:
[0.92942631, 0.098676488, 0.35556945, -0.21234602;
 0.30912879, 0.31798998, -0.8962822, -0.84000576;
 -0.20150951, 0.942945, 0.26504451, 2.9841542;
 0, 0, 0, 1]
Twc:
[0.92942631, 0.30912879, -0.20150951, 1.0583653;
 0.098676488, 0.31798998, 0.942945, -2.5258265;
 0.35556945, -0.8962822, 0.26504451, -1.4683121;
 0, 0, 0, 1]
Ow:
[-0.21234602;
 -0.84000576;
 2.9841542]
Keyframe: 46 Frame: 405 Frame from vFrameID : 406
Tcw:
[0.96042025, 0.044746775, 0.2749376, -0.17686784;
 0.23874281, 0.37626967, -0.89522231, -0.83269376;
 -0.143509, 0.92542899, 0.35069403, 2.9671493;
 0, 0, 0, 1]
Twc:
[0.96042025, 0.23874281, -0.143509, 0.79447973;
 0.044746775, 0.37626967, 0.92542899, -2.4246545;
 0.2749376, -0.89522231, 0.35069403, -1.73738;
 0, 0, 0, 1]
Ow:
[-0.17686784;
 -0.83269376;
 2.9671493]
Keyframe: 47 Frame: 409 Frame from vFrameID : 410
Tcw:
[0.95829934, 0.035529122, 0.28354907, -0.23607168;
 0.25488269, 0.34240282, -0.90432024, -0.72739702;
 -0.12921771, 0.93888122, 0.31906864, 3.0625803;
 0, 0, 0, 1]
Twc:
[0.95829934, 0.25488269, -0.12921771, 0.80736786;
 0.035529122, 0.34240282, 0.93888122, -2.617949;
 0.28354907, -0.90432024, 0.31906864, -1.5680354;
 0, 0, 0, 1]
Ow:
[-0.23607168;
 -0.72739702;
 3.0625803]
Keyframe: 48 Frame: 417 Frame from vFrameID : 418
Tcw:
[0.94295126, 0.090417892, 0.3204177, -0.30198845;
 0.2744197, 0.33385643, -0.90179473, -0.72300923;
 -0.18851188, 0.93827742, 0.28999791, 3.1776879;
 0, 0, 0, 1]
Twc:
[0.94295126, 0.2744197, -0.18851188, 1.0822003;
 0.090417892, 0.33385643, 0.93827742, -2.7128663;
 0.3204177, -0.90179473, 0.28999791, -1.4767662;
 0, 0, 0, 1]
Ow:
[-0.30198845;
 -0.72300923;
 3.1776879]
Keyframe: 49 Frame: 425 Frame from vFrameID : 426
Tcw:
[0.93200582, 0.080180168, 0.35346335, -0.26578951;
 0.30920973, 0.33288252, -0.89083028, -0.73076391;
 -0.18908869, 0.93955326, 0.28545594, 3.2614484;
 0, 0, 0, 1]
Twc:
[0.93200582, 0.30920973, -0.18908869, 1.0903797;
 0.080180168, 0.33288252, 0.93955326, -2.7997351;
 0.35346335, -0.89083028, 0.28545594, -1.4880396;
 0, 0, 0, 1]
Ow:
[-0.26578951;
 -0.73076391;
 3.2614484]
Keyframe: 50 Frame: 432 Frame from vFrameID : 433
Tcw:
[0.95652026, 0.035974272, 0.28943878, -0.064974844;
 0.26383433, 0.31633413, -0.91122127, -0.98693836;
 -0.12433989, 0.9479655, 0.29308876, 3.3276792;
 0, 0, 0, 1]
Twc:
[0.95652026, 0.26383433, -0.12433989, 0.73630124;
 0.035974272, 0.31633413, 0.9479655, -2.8399851;
 0.28943878, -0.91122127, 0.29308876, -1.8558183;
 0, 0, 0, 1]
Ow:
[-0.064974844;
 -0.98693836;
 3.3276792]
Keyframe: 51 Frame: 436 Frame from vFrameID : 437
Tcw:
[0.95761257, 0.030567866, 0.28643286, 0.030121982;
 0.26051983, 0.33238041, -0.90645057, -0.96714234;
 -0.12291294, 0.9426499, 0.31032813, 3.4197443;
 0, 0, 0, 1]
Twc:
[0.95761257, 0.26051983, -0.12291294, 0.64344537;
 0.030567866, 0.33238041, 0.9426499, -2.9030831;
 0.28643286, -0.90645057, 0.31032813, -1.9465375;
 0, 0, 0, 1]
Ow:
[0.030121982;
 -0.96714234;
 3.4197443]
Keyframe: 52 Frame: 439 Frame from vFrameID : 440
Tcw:
[0.95259917, 0.041221153, 0.30142272, 0.03252399;
 0.27128467, 0.33333018, -0.90293723, -1.0156064;
 -0.13769341, 0.9419086, 0.30634737, 3.4605193;
 0, 0, 0, 1]
Twc:
[0.95259917, 0.27128467, -0.13769341, 0.72102678;
 0.041221153, 0.33333018, 0.9419086, -2.9223015;
 0.30142272, -0.90293723, 0.30634737, -1.9869534;
 0, 0, 0, 1]
Ow:
[0.03252399;
 -1.0156064;
 3.4605193]
Keyframe: 53 Frame: 443 Frame from vFrameID : 444
Tcw:
[0.94335568, 0.067273371, 0.32489127, 0.11185253;
 0.28547034, 0.33443508, -0.89814246, -1.049094;
 -0.1690761, 0.9400146, 0.29628667, 3.5124803;
 0, 0, 0, 1]
Twc:
[0.94335568, 0.28547034, -0.1690761, 0.78784502;
 0.067273371, 0.33443508, 0.9400146, -2.9584537;
 0.32489127, -0.89814246, 0.29628667, -2.0192769;
 0, 0, 0, 1]
Ow:
[0.11185253;
 -1.049094;
 3.5124803]
Keyframe: 54 Frame: 447 Frame from vFrameID : 448
Tcw:
[0.93006313, 0.097487189, 0.35422993, 0.090006411;
 0.30702764, 0.32329968, -0.89510411, -1.0786209;
 -0.20178361, 0.94126171, 0.27075785, 3.5568776;
 0, 0, 0, 1]
Twc:
[0.93006313, 0.30702764, -0.20178361, 0.96517432;
 0.097487189, 0.32329968, 0.94126171, -3.0080092;
 0.35422993, -0.89510411, 0.27075785, -1.9604135;
 0, 0, 0, 1]
Ow:
[0.090006411;
 -1.0786209;
 3.5568776]
Keyframe: 55 Frame: 453 Frame from vFrameID : 454
Tcw:
[0.90823615, 0.11180249, 0.40324596, -0.47049659;
 0.34750831, 0.33532488, -0.87566841, -1.034117;
 -0.23312031, 0.93544507, 0.26570189, 3.9209151;
 0, 0, 0, 1]
Twc:
[0.90823615, 0.34750831, -0.23312031, 1.7007313;
 0.11180249, 0.33532488, 0.93544507, -3.2684326;
 0.40324596, -0.87566841, 0.26570189, -1.7576123;
 0, 0, 0, 1]
Ow:
[-0.47049659;
 -1.034117;
 3.9209151]
Keyframe: 56 Frame: 458 Frame from vFrameID : 459
Tcw:
[0.92597252, 0.074011274, 0.37026641, -0.50562388;
 0.33345124, 0.29979786, -0.8938297, -1.0485044;
 -0.17715855, 0.95112753, 0.25292543, 3.9803951;
 0, 0, 0, 1]
Twc:
[0.92597252, 0.33345124, -0.17715855, 1.52298;
 0.074011274, 0.29979786, 0.95112753, -3.4341021;
 0.37026641, -0.8938297, 0.25292543, -1.7567118;
 0, 0, 0, 1]
Ow:
[-0.50562388;
 -1.0485044;
 3.9803951]
Keyframe: 57 Frame: 463 Frame from vFrameID : 464
Tcw:
[0.93714076, 0.085999139, 0.33818835, -0.37363029;
 0.30048686, 0.29384992, -0.90739179, -0.89491028;
 -0.17741153, 0.95197499, 0.24953713, 4.0338764;
 0, 0, 0, 1]
Twc:
[0.93714076, 0.30048686, -0.17741153, 1.334709;
 0.085999139, 0.29384992, 0.95197499, -3.545048;
 0.33818835, -0.90739179, 0.24953713, -1.6922786;
 0, 0, 0, 1]
Ow:
[-0.37363029;
 -0.89491028;
 4.0338764]
Keyframe: 58 Frame: 468 Frame from vFrameID : 469
Tcw:
[0.94308621, 0.057532057, 0.32753396, -0.37952745;
 0.29316175, 0.32111844, -0.90052158, -0.96226859;
 -0.15698606, 0.94528991, 0.28597617, 4.0540957;
 0, 0, 0, 1]
Twc:
[0.94308621, 0.29316175, -0.15698606, 1.2764639;
 0.057532057, 0.32111844, 0.94528991, -3.5014586;
 0.32753396, -0.90052158, 0.28597617, -1.9016104;
 0, 0, 0, 1]
Ow:
[-0.37952745;
 -0.96226859;
 4.0540957]
Keyframe: 59 Frame: 473 Frame from vFrameID : 474
Tcw:
[0.93458349, 0.078370072, 0.34700412, -0.38712007;
 0.3004975, 0.34817383, -0.88796186, -0.9315058;
 -0.1904074, 0.93414831, 0.30184749, 4.0587492;
 0, 0, 0, 1]
Twc:
[0.93458349, 0.3004975, -0.1904074, 1.4145271;
 0.078370072, 0.34817383, 0.93414831, -3.4368095;
 0.34700412, -0.88796186, 0.30184749, -1.9179326;
 0, 0, 0, 1]
Ow:
[-0.38712007;
 -0.9315058;
 4.0587492]
Keyframe: 60 Frame: 479 Frame from vFrameID : 480
Tcw:
[0.93106836, 0.080977194, 0.3557449, -0.39160645;
 0.30672008, 0.35428759, -0.88340425, -0.93449187;
 -0.19757161, 0.93162388, 0.30502865, 4.0845466;
 0, 0, 0, 1]
Twc:
[0.93106836, 0.30672008, -0.19757161, 1.4582301;
 0.080977194, 0.35428759, 0.93162388, -3.4424708;
 0.3557449, -0.88340425, 0.30502865, -1.9321257;
 0, 0, 0, 1]
Ow:
[-0.39160645;
 -0.93449187;
 4.0845466]
Keyframe: 61 Frame: 484 Frame from vFrameID : 485
Tcw:
[0.93699718, 0.036834933, 0.34738955, -0.44854301;
 0.31764627, 0.32402113, -0.89112914, -0.86601138;
 -0.14538623, 0.94533247, 0.29190639, 4.201087;
 0, 0, 0, 1]
Twc:
[0.93699718, 0.31764627, -0.14538623, 1.3061491;
 0.036834933, 0.32402113, 0.94533247, -3.6742961;
 0.34738955, -0.89112914, 0.29190639, -1.8422331;
 0, 0, 0, 1]
Ow:
[-0.44854301;
 -0.86601138;
 4.201087]
Keyframe: 62 Frame: 487 Frame from vFrameID : 488
Tcw:
[0.93139321, 0.039800242, 0.36183235, -0.56065691;
 0.33678079, 0.28302538, -0.8980397, -0.98168123;
 -0.13814993, 0.95828629, 0.25020397, 4.3702927;
 0, 0, 0, 1]
Twc:
[0.93139321, 0.33678079, -0.13814993, 1.4565591;
 0.039800242, 0.28302538, 0.95828629, -3.8878362;
 0.36183235, -0.8980397, 0.25020397, -1.7721895;
 0, 0, 0, 1]
Ow:
[-0.56065691;
 -0.98168123;
 4.3702927]
Keyframe: 63 Frame: 493 Frame from vFrameID : 494
Tcw:
[0.93901908, 0.038714487, 0.34167865, -0.44861519;
 0.31092858, 0.32876322, -0.89176124, -1.1335723;
 -0.14685544, 0.94361854, 0.2966775, 4.3675942;
 0, 0, 0, 1]
Twc:
[0.93901908, 0.31092858, -0.14685544, 1.4151233;
 0.038714487, 0.32876322, 0.94361854, -3.731298;
 0.34167865, -0.89176124, 0.2966775, -2.1533606;
 0, 0, 0, 1]
Ow:
[-0.44861519;
 -1.1335723;
 4.3675942]
Keyframe: 64 Frame: 501 Frame from vFrameID : 502
Tcw:
[0.94837689, 0.044551991, 0.31400058, -0.4610216;
 0.27823272, 0.35829774, -0.89118421, -1.030925;
 -0.15220973, 0.93254375, 0.32740548, 4.3528099;
 0, 0, 0, 1]
Twc:
[0.94837689, 0.27823272, -0.15220973, 1.3865992;
 0.044551991, 0.35829774, 0.93254375, -3.6692679;
 0.31400058, -0.89118421, 0.32740548, -2.1991167;
 0, 0, 0, 1]
Ow:
[-0.4610216;
 -1.030925;
 4.3528099]
Keyframe: 65 Frame: 505 Frame from vFrameID : 506
Tcw:
[0.96111631, 0.079468168, 0.26446211, -0.45894539;
 0.21633027, 0.37855077, -0.89994472, -0.94037771;
 -0.17162929, 0.92216277, 0.34663993, 4.5241013;
 0, 0, 0, 1]
Twc:
[0.96111631, 0.21633027, -0.17162929, 1.4210004;
 0.079468168, 0.37855077, 0.92216277, -3.779505;
 0.26446211, -0.89994472, 0.34663993, -2.2931485;
 0, 0, 0, 1]
Ow:
[-0.45894539;
 -0.94037771;
 4.5241013]
Keyframe: 66 Frame: 510 Frame from vFrameID : 511
Tcw:
[0.95161235, 0.11975724, 0.28300548, -0.34169781;
 0.209135, 0.42238653, -0.88195926, -0.96940589;
 -0.22515871, 0.89846969, 0.37690282, 4.3164759;
 0, 0, 0, 1]
Twc:
[0.95161235, 0.209135, -0.22515871, 1.4997927;
 0.11975724, 0.42238653, 0.89846969, -3.4278378;
 0.28300548, -0.88195926, 0.37690282, -2.3851662;
 0, 0, 0, 1]
Ow:
[-0.34169781;
 -0.96940589;
 4.3164759]
Keyframe: 67 Frame: 514 Frame from vFrameID : 515
Tcw:
[0.95502889, 0.10417693, 0.27760935, -0.28814924;
 0.21716431, 0.3917248, -0.8940869, -0.9874711;
 -0.20188969, 0.91416568, 0.35148498, 4.5317111;
 0, 0, 0, 1]
Twc:
[0.95502889, 0.21716431, -0.20188969, 1.4045402;
 0.10417693, 0.3917248, 0.91416568, -3.7258995;
 0.27760935, -0.8940869, 0.35148498, -2.3957205;
 0, 0, 0, 1]
Ow:
[-0.28814924;
 -0.9874711;
 4.5317111]
Keyframe: 68 Frame: 519 Frame from vFrameID : 520
Tcw:
[0.97033852, 0.067508116, 0.23213309, -0.27158082;
 0.19387083, 0.35633069, -0.91402549, -1.0656679;
 -0.14442028, 0.93191797, 0.33267355, 4.6407223;
 0, 0, 0, 1]
Twc:
[0.97033852, 0.19387083, -0.14442028, 1.1403416;
 0.067508116, 0.35633069, 0.93191797, -3.9267085;
 0.23213309, -0.91402549, 0.33267355, -2.4548502;
 0, 0, 0, 1]
Ow:
[-0.27158082;
 -1.0656679;
 4.6407223]
Keyframe: 69 Frame: 525 Frame from vFrameID : 526
Tcw:
[0.97806495, 0.057373565, 0.20024295, -0.21037018;
 0.15805641, 0.42172468, -0.89284182, -1.0746562;
 -0.13567291, 0.90490693, 0.40340585, 4.5973516;
 0, 0, 0, 1]
Twc:
[0.97806495, 0.15805641, -0.13567291, 0.99934804;
 0.057373565, 0.42172468, 0.90490693, -3.6948967;
 0.20024295, -0.89284182, 0.40340585, -2.7719715;
 0, 0, 0, 1]
Ow:
[-0.21037018;
 -1.0746562;
 4.5973516]
Keyframe: 70 Frame: 530 Frame from vFrameID : 531
Tcw:
[0.96821719, 0.056195207, 0.24371614, -0.25856137;
 0.20107371, 0.40461853, -0.89210606, -1.1610024;
 -0.14874415, 0.91275734, 0.38045925, 4.7199383;
 0, 0, 0, 1]
Twc:
[0.96821719, 0.20107371, -0.14874415, 1.1858538;
 0.056195207, 0.40461853, 0.91275734, -3.8238654;
 0.24371614, -0.89210606, 0.38045925, -2.7684658;
 0, 0, 0, 1]
Ow:
[-0.25856137;
 -1.1610024;
 4.7199383]
Keyframe: 71 Frame: 535 Frame from vFrameID : 536
Tcw:
[0.954687, 0.056770835, 0.29214692, -0.22144234;
 0.24764498, 0.39289448, -0.88561046, -1.2612309;
 -0.16505976, 0.91782951, 0.36103222, 4.8001614;
 0, 0, 0, 1]
Twc:
[0.954687, 0.24764498, -0.16505976, 1.3160591;
 0.056770835, 0.39289448, 0.91782951, -3.8976278;
 0.29214692, -0.88561046, 0.36103222, -2.7852786;
 0, 0, 0, 1]
Ow:
[-0.22144234;
 -1.2612309;
 4.8001614]
Keyframe: 72 Frame: 541 Frame from vFrameID : 542
Tcw:
[0.94059408, 0.053157732, 0.33534619, -0.32910448;
 0.29115245, 0.38184935, -0.87716663, -1.3221331;
 -0.17467991, 0.92269462, 0.34368822, 4.9422708;
 0, 0, 0, 1]
Twc:
[0.94059408, 0.29115245, -0.17467991, 1.5578115;
 0.053157732, 0.38184935, 0.92269462, -4.0378566;
 0.33534619, -0.87716663, 0.34368822, -2.7479675;
 0, 0, 0, 1]
Ow:
[-0.32910448;
 -1.3221331;
 4.9422708]
Keyframe: 73 Frame: 547 Frame from vFrameID : 548
Tcw:
[0.95204639, 0.048157617, 0.30213982, -0.22182965;
 0.26305977, 0.37541655, -0.88874179, -1.3114265;
 -0.15622798, 0.92560428, 0.34474564, 4.9767299;
 0, 0, 0, 1]
Twc:
[0.95204639, 0.26305977, -0.15622798, 1.3336802;
 0.048157617, 0.37541655, 0.92560428, -4.1034684;
 0.30213982, -0.88874179, 0.34474564, -2.8142018;
 0, 0, 0, 1]
Ow:
[-0.22182965;
 -1.3114265;
 4.9767299]
Keyframe: 74 Frame: 553 Frame from vFrameID : 554
Tcw:
[0.95544136, 0.021727229, 0.29438037, -0.3239246;
 0.26577759, 0.37058571, -0.88995981, -1.354493;
 -0.12842952, 0.9285441, 0.34829828, 5.1134586;
 0, 0, 0, 1]
Twc:
[0.95544136, 0.26577759, -0.12842952, 1.3262039;
 0.021727229, 0.37058571, 0.9285441, -4.2390785;
 0.29438037, -0.88995981, 0.34829828, -2.8910964;
 0, 0, 0, 1]
Ow:
[-0.3239246;
 -1.354493;
 5.1134586]
Keyframe: 75 Frame: 559 Frame from vFrameID : 560
Tcw:
[0.95400864, 0.03061155, 0.29821202, -0.33387911;
 0.26699978, 0.36553714, -0.8916803, -1.3711797;
 -0.13630328, 0.93029326, 0.3405523, 5.1585031;
 0, 0, 0, 1]
Twc:
[0.95400864, 0.26699978, -0.13630328, 1.3877491;
 0.03061155, 0.36553714, 0.93029326, -4.2874827;
 0.29821202, -0.8916803, 0.3405523, -2.8798273;
 0, 0, 0, 1]
Ow:
[-0.33387911;
 -1.3711797;
 5.1585031]
Keyframe: 76 Frame: 566 Frame from vFrameID : 567
Tcw:
[0.926166, 0.086941645, 0.36695737, -0.35003877;
 0.31231552, 0.36854997, -0.87557405, -1.4149065;
 -0.21136598, 0.92553341, 0.31418523, 5.3220863;
 0, 0, 0, 1]
Twc:
[0.926166, 0.31231552, -0.21136598, 1.8909993;
 0.086941645, 0.36854997, 0.92553341, -4.3738718;
 0.36695737, -0.87557405, 0.31418523, -2.782527;
 0, 0, 0, 1]
Ow:
[-0.35003877;
 -1.4149065;
 5.3220863]
Keyframe: 77 Frame: 575 Frame from vFrameID : 576
Tcw:
[0.92400223, 0.091845535, 0.37119305, -0.25481045;
 0.31508502, 0.36713642, -0.8751756, -1.5900359;
 -0.21665946, 0.92562157, 0.31029573, 5.3330603;
 0, 0, 0, 1]
Twc:
[0.92400223, 0.31508502, -0.21665946, 1.8918998;
 0.091845535, 0.36713642, 0.92562157, -4.3292322;
 0.37119305, -0.8751756, 0.31029573, -2.9518025;
 0, 0, 0, 1]
Ow:
[-0.25481045;
 -1.5900359;
 5.3330603]
Keyframe: 78 Frame: 584 Frame from vFrameID : 585
Tcw:
[0.93672895, 0.051031735, 0.34631583, -0.26394677;
 0.30374464, 0.37327871, -0.87658554, -1.6073172;
 -0.174006, 0.92631459, 0.33416036, 5.3813124;
 0, 0, 0, 1]
Twc:
[0.93672895, 0.30374464, -0.174006, 1.6718413;
 0.051031735, 0.37327871, 0.92631459, -4.3713417;
 0.34631583, -0.87658554, 0.33416036, -3.1157634;
 0, 0, 0, 1]
Ow:
[-0.26394677;
 -1.6073172;
 5.3813124]
Keyframe: 79 Frame: 591 Frame from vFrameID : 592
Tcw:
[0.92170107, 0.065662712, 0.38230291, -0.59837902;
 0.33706978, 0.3521657, -0.8731342, -1.6395109;
 -0.19196633, 0.93363148, 0.30245858, 5.7551346;
 0, 0, 0, 1]
Twc:
[0.92170107, 0.33706978, -0.19196633, 2.2089484;
 0.065662712, 0.3521657, 0.93363148, -4.7565041;
 0.38230291, -0.8731342, 0.30245858, -2.9434407;
 0, 0, 0, 1]
Ow:
[-0.59837902;
 -1.6395109;
 5.7551346]
Keyframe: 80 Frame: 599 Frame from vFrameID : 600
Tcw:
[0.91242915, 0.083632462, 0.4005979, -0.51437521;
 0.34456214, 0.37114343, -0.86228156, -1.874871;
 -0.22079401, 0.92480171, 0.30982551, 5.6595364;
 0, 0, 0, 1]
Twc:
[0.91242915, 0.34456214, -0.22079401, 2.3649323;
 0.083632462, 0.37114343, 0.92480171, -4.4950843;
 0.4005979, -0.86228156, 0.30982551, -3.1640778;
 0, 0, 0, 1]
Ow:
[-0.51437521;
 -1.874871;
 5.6595364]
Keyframe: 81 Frame: 608 Frame from vFrameID : 609
Tcw:
[0.93177271, 0.1144885, 0.34451705, -0.43796158;
 0.27829555, 0.38414863, -0.88033026, -1.6492577;
 -0.23313344, 0.91614532, 0.32607758, 5.8236051;
 0, 0, 0, 1]
Twc:
[0.93177271, 0.27829555, -0.23313344, 2.2247388;
 0.1144885, 0.38414863, 0.91614532, -4.6515665;
 0.34451705, -0.88033026, 0.32607758, -3.1999533;
 0, 0, 0, 1]
Ow:
[-0.43796158;
 -1.6492577;
 5.8236051]
Keyframe: 82 Frame: 615 Frame from vFrameID : 616
Tcw:
[0.93959236, 0.08358863, 0.3319324, -0.416628;
 0.28332835, 0.35421619, -0.89121038, -1.6338162;
 -0.19207087, 0.93142033, 0.30913579, 5.8459415;
 0, 0, 0, 1]
Twc:
[0.93959236, 0.28332835, -0.19207087, 1.9772022;
 0.08358863, 0.35421619, 0.93142033, -4.8314791;
 0.3319324, -0.89121038, 0.30913579, -3.1249714;
 0, 0, 0, 1]
Ow:
[-0.416628;
 -1.6338162;
 5.8459415]
Keyframe: 83 Frame: 623 Frame from vFrameID : 624
Tcw:
[0.95802706, 0.063757129, 0.27949804, -0.57888287;
 0.23374912, 0.39071018, -0.89034092, -1.1167808;
 -0.16596831, 0.91830313, 0.35940775, 5.8805051;
 0, 0, 0, 1]
Twc:
[0.95802706, 0.23374912, -0.16596831, 1.7916095;
 0.063757129, 0.39071018, 0.91830313, -4.9268403;
 0.27949804, -0.89034092, 0.35940775, -2.946018;
 0, 0, 0, 1]
Ow:
[-0.57888287;
 -1.1167808;
 5.8805051]
Keyframe: 84 Frame: 630 Frame from vFrameID : 631
Tcw:
[0.94834453, 0.10853267, 0.29809958, -0.71900827;
 0.241376, 0.36291024, -0.90001875, -0.60718548;
 -0.20586482, 0.92548192, 0.31796673, 6.0999327;
 0, 0, 0, 1]
Twc:
[0.94834453, 0.241376, -0.20586482, 2.0841892;
 0.10853267, 0.36291024, 0.92548192, -5.3469882;
 0.29809958, -0.90001875, 0.31796673, -2.2717183;
 0, 0, 0, 1]
Ow:
[-0.71900827;
 -0.60718548;
 6.0999327]
Keyframe: 85 Frame: 637 Frame from vFrameID : 638
Tcw:
[0.94040883, 0.1161826, 0.31958228, -0.60825014;
 0.24599472, 0.41642523, -0.87525803, -1.2647942;
 -0.23477188, 0.90171593, 0.36302966, 5.9697022;
 0, 0, 0, 1]
Twc:
[0.94040883, 0.24599472, -0.23477188, 2.2846549;
 0.1161826, 0.41642523, 0.90171593, -4.7856154;
 0.31958228, -0.87525803, 0.36302966, -3.0798144;
 0, 0, 0, 1]
Ow:
[-0.60825014;
 -1.2647942;
 5.9697022]
Keyframe: 86 Frame: 641 Frame from vFrameID : 642
Tcw:
[0.94919586, 0.054375816, 0.30995232, -0.71908528;
 0.27437994, 0.3392804, -0.89978021, -1.3188329;
 -0.15408702, 0.93911237, 0.30712393, 6.2868524;
 0, 0, 0, 1]
Twc:
[0.94919586, 0.27437994, -0.15408702, 2.0131366;
 0.054375816, 0.3392804, 0.93911237, -5.4175062;
 0.30995232, -0.89978021, 0.30712393, -2.8946204;
 0, 0, 0, 1]
Ow:
[-0.71908528;
 -1.3188329;
 6.2868524]
Keyframe: 87 Frame: 647 Frame from vFrameID : 648
Tcw:
[0.96094835, 0.039684851, 0.27386746, -0.71318805;
 0.2450164, 0.33799905, -0.90869337, -1.2757201;
 -0.1286283, 0.94030941, 0.31507617, 6.2486358;
 0, 0, 0, 1]
Twc:
[0.96094835, 0.2450164, -0.1286283, 1.8016605;
 0.039684851, 0.33799905, 0.94030941, -5.4161558;
 0.27386746, -0.90869337, 0.31507617, -2.9327154;
 0, 0, 0, 1]
Ow:
[-0.71318805;
 -1.2757201;
 6.2486358]
Keyframe: 88 Frame: 652 Frame from vFrameID : 653
Tcw:
[0.96660918, 0.030475089, 0.25443649, -0.69307333;
 0.22712001, 0.35793251, -0.90570462, -1.2868886;
 -0.11867253, 0.93325001, 0.33905935, 6.2602353;
 0, 0, 0, 1]
Twc:
[0.96660918, 0.22712001, -0.11867253, 1.7051271;
 0.030475089, 0.35793251, 0.93325001, -5.3606238;
 0.25443649, -0.90570462, 0.33905935, -3.1117892;
 0, 0, 0, 1]
Ow:
[-0.69307333;
 -1.2868886;
 6.2602353]
Keyframe: 89 Frame: 659 Frame from vFrameID : 660
Tcw:
[0.96466631, 0.068943828, 0.2542944, -0.65760893;
 0.21489008, 0.35257605, -0.91077572, -1.3123069;
 -0.15245049, 0.93324, 0.3253029, 6.2824602;
 0, 0, 0, 1]
Twc:
[0.96466631, 0.21489008, -0.15245049, 1.874139;
 0.068943828, 0.35257605, 0.93324, -5.3550172;
 0.2542944, -0.91077572, 0.3253029, -3.0716934;
 0, 0, 0, 1]
Ow:
[-0.65760893;
 -1.3123069;
 6.2824602]
Keyframe: 90 Frame: 665 Frame from vFrameID : 666
Tcw:
[0.95501208, 0.036593128, 0.29430073, -0.6663422;
 0.26586309, 0.33408231, -0.90427089, -1.3329847;
 -0.13141076, 0.94183332, 0.30932385, 6.3818393;
 0, 0, 0, 1]
Twc:
[0.95501208, 0.26586309, -0.13141076, 1.8293985;
 0.036593128, 0.33408231, 0.94183332, -5.5409184;
 0.29430073, -0.90427089, 0.30932385, -2.9833293;
 0, 0, 0, 1]
Ow:
[-0.6663422;
 -1.3329847;
 6.3818393]
Keyframe: 91 Frame: 672 Frame from vFrameID : 673
Tcw:
[0.95677078, 0.022389131, 0.28998002, -0.64586109;
 0.26589587, 0.33667085, -0.9033007, -1.3708634;
 -0.11785194, 0.94135618, 0.31616363, 6.4545164;
 0, 0, 0, 1]
Twc:
[0.95677078, 0.26589587, -0.11785194, 1.7431252;
 0.022389131, 0.33667085, 0.94135618, -5.600009;
 0.28998002, -0.9033007, 0.31616363, -3.0916984;
 0, 0, 0, 1]
Ow:
[-0.64586109;
 -1.3708634;
 6.4545164]
Keyframe: 92 Frame: 679 Frame from vFrameID : 680
Tcw:
[0.95861179, 0.043025747, 0.28144664, -0.68487668;
 0.25481546, 0.31133339, -0.91550022, -1.3594373;
 -0.12701382, 0.94932622, 0.28748423, 6.5079389;
 0, 0, 0, 1]
Twc:
[0.95861179, 0.25481546, -0.12701382, 1.8295346;
 0.043025747, 0.31133339, 0.94932622, -5.7254515;
 0.28144664, -0.91550022, 0.28748423, -2.9227388;
 0, 0, 0, 1]
Ow:
[-0.68487668;
 -1.3594373;
 6.5079389]
