Keyframe: 0 Frame: 0 Frame from vFrameID : 138
Tcw:
[0.96167749, 0.1647245, 0.21918532, -0.034830008;
 0.16339794, 0.29763588, -0.94059235, -0.14108987;
 -0.22017601, 0.94036096, 0.25931409, -0.0099127404;
 0, 0, 0, 1]
Twc:
[0.96167749, 0.16339794, -0.22017601, 0.054366484;
 0.1647245, 0.29763588, 0.94036096, 0.057052318;
 0.21918532, -0.94059235, 0.25931409, -0.12250331;
 0, 0, 0, 1]
Ow:
[-0.034830008;
 -0.14108987;
 -0.0099127404]
Keyframe: 1 Frame: 137 Frame from vFrameID : 138
Tcw:
[0.9630537, 0.17176791, 0.20742072, -0.0033814709;
 0.15343247, 0.28302246, -0.94676119, -0.004715139;
 -0.22132792, 0.94360697, 0.24621107, 0.0048592743;
 0, 0, 0, 1]
Twc:
[0.9630537, 0.15343247, -0.22132792, 0.0050554867;
 0.17176791, 0.28302246, 0.94360697, -0.0026699265;
 0.20742072, -0.94676119, 0.24621107, -0.0049591307;
 0, 0, 0, 1]
Ow:
[-0.0033814709;
 -0.004715139;
 0.0048592743]
