Keyframe: 0 Frame: 0 Frame from vFrameID : 138
Tcw:
[0.96212649, 0.17681235, 0.20748492, -0.025484301;
 0.15258943, 0.28140804, -0.94737846, -0.142076;
 -0.22589613, 0.94315797, 0.24377044, -0.0049384367;
 0, 0, 0, 1]
Twc:
[0.96212649, 0.15258943, -0.22589613, 0.045082845;
 0.17681235, 0.28140804, 0.94315797, 0.049144991;
 0.20748492, -0.94737846, 0.24377044, -0.12810829;
 0, 0, 0, 1]
Ow:
[-0.025484301;
 -0.142076;
 -0.0049384367]
Keyframe: 1 Frame: 143 Frame from vFrameID : 138
Tcw:
[0.9550854, 0.22284293, 0.19532767, -0.00013845821;
 0.1316268, 0.27152783, -0.95338714, -0.0014932842;
 -0.26549247, 0.9362765, 0.23000015, -3.4143246e-05;
 0, 0, 0, 1]
Twc:
[0.9550854, 0.1316268, -0.26549247, 0.00031973087;
 0.22284293, 0.27152783, 0.9362765, 0.00046829018;
 0.19532767, -0.95338714, 0.23000015, -0.0013887803;
 0, 0, 0, 1]
Ow:
[-0.00013845821;
 -0.0014932842;
 -3.4143246e-05]
