Keyframe: 0 Frame: 0 Frame from vFrameID : 192
Tcw:
[0.9998486, 0.0049369098, 0.016686603, 0.03556532;
 0.0079768468, 0.72220081, -0.69163746, -0.0067730285;
 -0.015465629, 0.69166583, 0.7220521, -0.026655629;
 0, 0, 0, 1]
Twc:
[0.9998486, 0.0079768468, -0.015465629, -0.035918154;
 0.0049369098, 0.72220081, 0.69166583, 0.023152692;
 0.016686603, -0.69163746, 0.7220521, 0.013968807;
 0, 0, 0, 1]
Ow:
[0.03556532;
 -0.0067730285;
 -0.026655629]
Keyframe: 1 Frame: 191 Frame from vFrameID : 192
Tcw:
[0.99997914, 0.0020782955, 0.0061186757, 0.03668474;
 0.002753851, 0.71952534, -0.69446069, -0.0085921027;
 -0.0058458368, 0.69446307, 0.71950459, -0.024072735;
 0, 0, 0, 1]
Twc:
[0.99997914, 0.002753851, -0.0058458368, -0.036801036;
 0.0020782955, 0.71952534, 0.69446307, 0.022823619;
 0.0061186757, -0.69446069, 0.71950459, 0.011129103;
 0, 0, 0, 1]
Ow:
[0.03668474;
 -0.0085921027;
 -0.024072735]
Keyframe: 2 Frame: 194 Frame from vFrameID : 195
Tcw:
[0.9998244, 0.00037252432, -0.018736025, 0.038059253;
 -0.013431357, 0.71145654, -0.70260173, -0.010891631;
 0.013068132, 0.70273, 0.71133661, -0.021540402;
 0, 0, 0, 1]
Twc:
[0.9998244, -0.013431357, 0.013068132, -0.037917364;
 0.00037252432, 0.71145654, 0.70273, 0.022871831;
 -0.018736025, -0.70260173, 0.71133661, 0.0083830748;
 0, 0, 0, 1]
Ow:
[0.038059253;
 -0.010891631;
 -0.021540402]
Keyframe: 3 Frame: 196 Frame from vFrameID : 197
Tcw:
[0.99980205, -0.004498879, -0.019381769, 0.038254227;
 -0.01045524, 0.70999151, -0.70413262, -0.010951084;
 0.016928699, 0.70419586, 0.70980394, -0.021382984;
 0, 0, 0, 1]
Twc:
[0.99980205, -0.01045524, 0.016928699, -0.037999164;
 -0.004498879, 0.70999151, 0.70419586, 0.023005085;
 -0.019381769, -0.70413262, 0.70980394, 0.0082081454;
 0, 0, 0, 1]
Ow:
[0.038254227;
 -0.010951084;
 -0.021382984]
Keyframe: 4 Frame: 197 Frame from vFrameID : 198
Tcw:
[0.99987471, -0.0062046074, -0.014564336, 0.037633859;
 -0.0057949037, 0.71269429, -0.70145082, -0.0105609;
 0.014732147, 0.70144737, 0.712569, -0.021118106;
 0, 0, 0, 1]
Twc:
[0.99987471, -0.0057949037, 0.014732147, -0.037379224;
 -0.0062046074, 0.71269429, 0.70144737, 0.022573436;
 -0.014564336, -0.70145082, 0.712569, 0.0081882682;
 0, 0, 0, 1]
Ow:
[0.037633859;
 -0.0105609;
 -0.021118106]
Keyframe: 5 Frame: 198 Frame from vFrameID : 199
Tcw:
[0.99986911, -0.006155076, -0.014963472, 0.037706673;
 -0.0061050286, 0.71293694, -0.70120162, -0.010510376;
 0.01498396, 0.70120114, 0.71280599, -0.021256804;
 0, 0, 0, 1]
Twc:
[0.99986911, -0.0061050286, 0.01498396, -0.037447393;
 -0.006155076, 0.71293694, 0.70120114, 0.022630619;
 -0.014963472, -0.70120162, 0.71280599, 0.0083463099;
 0, 0, 0, 1]
Ow:
[0.037706673;
 -0.010510376;
 -0.021256804]
Keyframe: 6 Frame: 199 Frame from vFrameID : 200
Tcw:
[0.99987191, -0.0084460005, -0.013594454, 0.038878951;
 -0.0034089955, 0.71752918, -0.69652009, -0.010943331;
 0.015637226, 0.69647723, 0.71740848, -0.020997366;
 0, 0, 0, 1]
Twc:
[0.99987191, -0.0034089955, 0.015637226, -0.03858294;
 -0.0084460005, 0.71752918, 0.69647723, 0.022804718;
 -0.013594454, -0.69652009, 0.71740848, 0.0079699764;
 0, 0, 0, 1]
Ow:
[0.038878951;
 -0.010943331;
 -0.020997366]
Keyframe: 7 Frame: 200 Frame from vFrameID : 201
Tcw:
[0.99979973, -0.011321112, -0.016504051, 0.041180044;
 -0.0032550746, 0.72167224, -0.69222724, -0.013368987;
 0.019747298, 0.69214237, 0.72149086, -0.018500682;
 0, 0, 0, 1]
Twc:
[0.99979973, -0.0032550746, 0.019747298, -0.040849973;
 -0.011321112, 0.72167224, 0.69214237, 0.022919336;
 -0.016504051, -0.69222724, 0.72149086, 0.0047733327;
 0, 0, 0, 1]
Ow:
[0.041180044;
 -0.013368987;
 -0.018500682]
Keyframe: 8 Frame: 201 Frame from vFrameID : 202
Tcw:
[0.9997716, -0.0092683481, -0.019257477, 0.04154468;
 -0.006646825, 0.72153819, -0.69234276, -0.014208471;
 0.020311877, 0.6923126, 0.72131175, -0.01739574;
 0, 0, 0, 1]
Twc:
[0.9997716, -0.006646825, 0.020311877, -0.041276291;
 -0.0092683481, 0.72153819, 0.6923126, 0.022680296;
 -0.019257477, -0.69234276, 0.72131175, 0.0035106663;
 0, 0, 0, 1]
Ow:
[0.04154468;
 -0.014208471;
 -0.01739574]
Keyframe: 9 Frame: 202 Frame from vFrameID : 203
Tcw:
[0.9997673, -0.0058190553, -0.020770887, 0.041639186;
 -0.010155154, 0.72256464, -0.69122881, -0.014399154;
 0.019030606, 0.69127887, 0.72233742, -0.016825195;
 0, 0, 0, 1]
Twc:
[0.9997673, -0.010155154, 0.019030606, -0.04145553;
 -0.0058190553, 0.72256464, 0.69127887, 0.022277523;
 -0.020770887, -0.69122881, 0.72233742, 0.0030652406;
 0, 0, 0, 1]
Ow:
[0.041639186;
 -0.014399154;
 -0.016825195]
Keyframe: 10 Frame: 203 Frame from vFrameID : 204
Tcw:
[0.99977523, -0.0050602746, -0.020589171, 0.041707464;
 -0.010584853, 0.7222954, -0.69150364, -0.014160564;
 0.018370662, 0.69156617, 0.72207952, -0.016626904;
 0, 0, 0, 1]
Twc:
[0.99977523, -0.010584853, 0.018370662, -0.04154253;
 -0.0050602746, 0.7222954, 0.69156617, 0.021937765;
 -0.020589171, -0.69150364, 0.72207952, 0.0030725859;
 0, 0, 0, 1]
Ow:
[0.041707464;
 -0.014160564;
 -0.016626904]
Keyframe: 11 Frame: 204 Frame from vFrameID : 205
Tcw:
[0.99978882, -0.0019144024, -0.020461323, 0.042007364;
 -0.012769158, 0.72225678, -0.69150716, -0.014657889;
 0.016102152, 0.69162238, 0.72207975, -0.015584121;
 0, 0, 0, 1]
Twc:
[0.99978882, -0.012769158, 0.016102152, -0.041934721;
 -0.0019144024, 0.72225678, 0.69162238, 0.021445505;
 -0.020461323, -0.69150716, 0.72207975, 0.0019764702;
 0, 0, 0, 1]
Ow:
[0.042007364;
 -0.014657889;
 -0.015584121]
Keyframe: 12 Frame: 205 Frame from vFrameID : 206
Tcw:
[0.99986869, 0.0026029823, -0.015995611, 0.041975096;
 -0.012965257, 0.72065622, -0.69317132, -0.01439034;
 0.0097230235, 0.69328773, 0.7205953, -0.014227931;
 0, 0, 0, 1]
Twc:
[0.99986869, -0.012965257, 0.0097230235, -0.042017817;
 0.0026029823, 0.72065622, 0.69328773, 0.020125277;
 -0.015995611, -0.69317132, 0.7205953, 0.00094902626;
 0, 0, 0, 1]
Ow:
[0.041975096;
 -0.01439034;
 -0.014227931]
Keyframe: 13 Frame: 207 Frame from vFrameID : 208
Tcw:
[0.99987566, 0.013055678, -0.0088443616, 0.042238507;
 -0.015510259, 0.71295124, -0.70104206, -0.016224306;
 -0.0028469805, 0.70109206, 0.71306509, -0.011764724;
 0, 0, 0, 1]
Twc:
[0.99987566, -0.015510259, -0.0028469805, -0.042518392;
 0.013055678, 0.71295124, 0.70109206, 0.019263841;
 -0.0088443616, -0.70104206, 0.71306509, -0.0026113333;
 0, 0, 0, 1]
Ow:
[0.042238507;
 -0.016224306;
 -0.011764724]
Keyframe: 14 Frame: 209 Frame from vFrameID : 210
Tcw:
[0.99988633, 0.015018029, -0.0013322702, 0.041932836;
 -0.011574341, 0.70796502, -0.70615268, -0.015239322;
 -0.0096618207, 0.70608783, 0.70805836, -0.012107964;
 0, 0, 0, 1]
Twc:
[0.99988633, -0.011574341, -0.0096618207, -0.042221442;
 0.015018029, 0.70796502, 0.70608783, 0.018708443;
 -0.0013322702, -0.70615268, 0.70805836, -0.0021322765;
 0, 0, 0, 1]
Ow:
[0.041932836;
 -0.015239322;
 -0.012107964]
Keyframe: 15 Frame: 213 Frame from vFrameID : 214
Tcw:
[0.99999744, 0.0020289368, -0.0010326819, 0.043883134;
 -0.0021671641, 0.70939374, -0.70480907, -0.01729566;
 -0.00069743488, 0.70480949, 0.7093963, -0.0092242062;
 0, 0, 0, 1]
Twc:
[0.99999744, -0.0021671641, -0.00069743488, -0.043926936;
 0.0020289368, 0.70939374, 0.70480949, 0.018681705;
 -0.0010326819, -0.70480907, 0.7093963, -0.0056012031;
 0, 0, 0, 1]
Ow:
[0.043883134;
 -0.01729566;
 -0.0092242062]
Keyframe: 16 Frame: 218 Frame from vFrameID : 219
Tcw:
[0.99909282, 0.022707356, 0.036027398, 0.043336522;
 0.0084479619, 0.72349435, -0.69027859, -0.016139559;
 -0.041740023, 0.68995672, 0.72264618, -0.0062189582;
 0, 0, 0, 1]
Twc:
[0.99909282, 0.0084479619, -0.041740023, -0.043420438;
 0.022707356, 0.72349435, 0.68995672, 0.014983635;
 0.036027398, -0.69027859, 0.72264618, -0.008207988;
 0, 0, 0, 1]
Ow:
[0.043336522;
 -0.016139559;
 -0.0062189582]
Keyframe: 17 Frame: 224 Frame from vFrameID : 225
Tcw:
[0.99954116, 0.026810711, 0.014095585, 0.046929963;
 -0.009512228, 0.71964282, -0.69427931, -0.017857978;
 -0.028757907, 0.69382668, 0.7195676, 0.0005466463;
 0, 0, 0, 1]
Twc:
[0.99954116, -0.009512228, -0.028757907, -0.04706258;
 0.026810711, 0.71964282, 0.69382668, 0.011213861;
 0.014095585, -0.69427931, 0.7195676, -0.01345328;
 0, 0, 0, 1]
Ow:
[0.046929963;
 -0.017857978;
 0.0005466463]
Keyframe: 18 Frame: 231 Frame from vFrameID : 232
Tcw:
[0.99956805, 0.018377006, -0.02293474, 0.049842872;
 -0.029187461, 0.71199179, -0.70158094, -0.016263068;
 0.0034363898, 0.70194727, 0.71222061, 0.0040427265;
 0, 0, 0, 1]
Twc:
[0.99956805, -0.029187461, 0.0034363898, -0.050309915;
 0.018377006, 0.71199179, 0.70194727, 0.0078254258;
 -0.02293474, -0.70158094, 0.71222061, -0.013146037;
 0, 0, 0, 1]
Ow:
[0.049842872;
 -0.016263068;
 0.0040427265]
Keyframe: 19 Frame: 238 Frame from vFrameID : 239
Tcw:
[0.99962533, 0.021151809, -0.017373268, 0.051086023;
 -0.02729355, 0.72220987, -0.69113529, -0.017539956;
 -0.002071616, 0.69135052, 0.7225166, 0.0086116325;
 0, 0, 0, 1]
Twc:
[0.99962533, -0.02729355, -0.002071616, -0.051527765;
 0.021151809, 0.72220987, 0.69135052, 0.0056333113;
 -0.017373268, -0.69113529, 0.7225166, -0.017456999;
 0, 0, 0, 1]
Ow:
[0.051086023;
 -0.017539956;
 0.0086116325]
Keyframe: 20 Frame: 245 Frame from vFrameID : 246
Tcw:
[0.99919617, 0.039629687, 0.0060462621, 0.054625768;
 -0.024102651, 0.71440244, -0.69931984, -0.015994947;
 -0.032033291, 0.69861192, 0.71478337, 0.016810641;
 0, 0, 0, 1]
Twc:
[0.99919617, -0.024102651, -0.032033291, -0.054428875;
 0.039629687, 0.71440244, 0.69861192, -0.002482088;
 0.0060462621, -0.69931984, 0.71478337, -0.02353183;
 0, 0, 0, 1]
Ow:
[0.054625768;
 -0.015994947;
 0.016810641]
Keyframe: 21 Frame: 252 Frame from vFrameID : 253
Tcw:
[0.99778301, 0.056359567, 0.035393722, 0.063943662;
 -0.01481399, 0.70656788, -0.70749021, -0.0083232429;
 -0.064881906, 0.70539737, 0.7058363, 0.02973187;
 0, 0, 0, 1]
Twc:
[0.99778301, -0.01481399, -0.064881906, -0.06199614;
 0.056359567, 0.70656788, 0.70539737, -0.018695682;
 0.035393722, -0.70749021, 0.7058363, -0.029137651;
 0, 0, 0, 1]
Ow:
[0.063943662;
 -0.0083232429;
 0.02973187]
Keyframe: 22 Frame: 259 Frame from vFrameID : 260
Tcw:
[0.99896991, 0.040405631, 0.020652674, 0.063792668;
 -0.014284326, 0.71199489, -0.70203936, -0.0068866545;
 -0.043070938, 0.70102119, 0.7118386, 0.034425393;
 0, 0, 0, 1]
Twc:
[0.99896991, -0.014284326, -0.043070938, -0.062342592;
 0.040405631, 0.71199489, 0.70102119, -0.02180725;
 0.020652674, -0.70203936, 0.7118386, -0.030657517;
 0, 0, 0, 1]
Ow:
[0.063792668;
 -0.0068866545;
 0.034425393]
Keyframe: 23 Frame: 266 Frame from vFrameID : 267
Tcw:
[0.99936771, 0.029652569, -0.019618874, 0.06714946;
 -0.034867097, 0.70929331, -0.70405066, -0.0052251359;
 -0.006961375, 0.70428956, 0.70987868, 0.037031852;
 0, 0, 0, 1]
Twc:
[0.99936771, -0.034867097, -0.006961375, -0.067031398;
 0.029652569, 0.70929331, 0.70428956, -0.024366144;
 -0.019618874, -0.70405066, 0.70987868, -0.028649485;
 0, 0, 0, 1]
Ow:
[0.06714946;
 -0.0052251359;
 0.037031852]
Keyframe: 24 Frame: 272 Frame from vFrameID : 273
Tcw:
[0.99960625, 0.011430176, -0.025626386, 0.06987001;
 -0.026086867, 0.71496874, -0.69866955, -0.0069206003;
 0.010336149, 0.699063, 0.71498537, 0.043595478;
 0, 0, 0, 1]
Twc:
[0.99960625, -0.026086867, 0.010336149, -0.070473641;
 0.011430176, 0.71496874, 0.699063, -0.026326599;
 -0.025626386, -0.69866955, 0.71498537, -0.034214828;
 0, 0, 0, 1]
Ow:
[0.06987001;
 -0.0069206003;
 0.043595478]
Keyframe: 25 Frame: 280 Frame from vFrameID : 281
Tcw:
[0.99923074, 0.029800581, 0.025493113, 0.069310479;
 -0.0022419475, 0.69239718, -0.72151309, -0.0038917344;
 -0.039152868, 0.72090089, 0.69193131, 0.05854366;
 0, 0, 0, 1]
Twc:
[0.99923074, -0.0022419475, -0.039152868, -0.066973738;
 0.029800581, 0.69239718, 0.72090089, -0.041575041;
 0.025493113, -0.72151309, 0.69193131, -0.045083068;
 0, 0, 0, 1]
Ow:
[0.069310479;
 -0.0038917344;
 0.05854366]
Keyframe: 26 Frame: 286 Frame from vFrameID : 287
Tcw:
[0.9987421, 0.025960185, 0.042899065, 0.073161863;
 0.012451207, 0.70034879, -0.71369219, -0.001512602;
 -0.048571888, 0.7133286, 0.69914454, 0.064233012;
 0, 0, 0, 1]
Twc:
[0.9987421, 0.012451207, -0.048571888, -0.069931082;
 0.025960185, 0.70034879, 0.7133286, -0.046659186;
 0.042899065, -0.71369219, 0.69914454, -0.049126271;
 0, 0, 0, 1]
Ow:
[0.073161863;
 -0.001512602;
 0.064233012]
Keyframe: 27 Frame: 293 Frame from vFrameID : 294
Tcw:
[0.99973208, 0.023119275, -0.0011524891, 0.080292888;
 -0.016817292, 0.69120491, -0.72246313, 0.0044745021;
 -0.015906217, 0.72228891, 0.69140851, 0.071856596;
 0, 0, 0, 1]
Twc:
[0.99973208, -0.016817292, -0.015906217, -0.079053156;
 0.023119275, 0.69120491, 0.72228891, -0.056850336;
 -0.0011524891, -0.72246313, 0.69140851, -0.046357062;
 0, 0, 0, 1]
Ow:
[0.080292888;
 0.0044745021;
 0.071856596]
Keyframe: 28 Frame: 299 Frame from vFrameID : 300
Tcw:
[0.99918783, -0.0013926001, -0.040271286, 0.090261474;
 -0.028272254, 0.68789178, -0.72526246, 0.0072887056;
 0.028712286, 0.72581196, 0.68729371, 0.084611937;
 0, 0, 0, 1]
Twc:
[0.99918783, -0.028272254, 0.028712286, -0.092411496;
 -0.0013926001, 0.68789178, 0.72581196, -0.066300496;
 -0.040271286, -0.72526246, 0.68729371, -0.049232084;
 0, 0, 0, 1]
Ow:
[0.090261474;
 0.0072887056;
 0.084611937]
Keyframe: 29 Frame: 307 Frame from vFrameID : 308
Tcw:
[0.99877155, -0.016434969, -0.046747427, 0.096286826;
 -0.021422032, 0.70747459, -0.70641404, 0.0087163039;
 0.04468251, 0.70654768, 0.70625341, 0.094544344;
 0, 0, 0, 1]
Twc:
[0.99877155, -0.021422032, 0.04468251, -0.1002063;
 -0.016434969, 0.70747459, 0.70654768, -0.071384177;
 -0.046747427, -0.70641404, 0.70625341, -0.05611378;
 0, 0, 0, 1]
Ow:
[0.096286826;
 0.0087163039;
 0.094544344]
Keyframe: 30 Frame: 314 Frame from vFrameID : 315
Tcw:
[0.99965608, -0.024165817, -0.010182337, 0.10934954;
 0.0096856868, 0.70109063, -0.71300638, 0.015445691;
 0.024369122, 0.71266258, 0.7010836, 0.11100361;
 0, 0, 0, 1]
Twc:
[0.99965608, 0.0096856868, 0.024369122, -0.11216661;
 -0.024165817, 0.70109063, 0.71266258, -0.087294422;
 -0.010182337, -0.71300638, 0.7010836, -0.065696493;
 0, 0, 0, 1]
Ow:
[0.10934954;
 0.015445691;
 0.11100361]
Keyframe: 31 Frame: 321 Frame from vFrameID : 322
Tcw:
[0.99986273, -0.0045286613, -0.015939571, 0.10954338;
 -0.0088179046, 0.66900432, -0.7432062, 0.01440274;
 0.014029371, 0.74324471, 0.66887254, 0.11890005;
 0, 0, 0, 1]
Twc:
[0.99986273, -0.0088179046, 0.014029371, -0.11106942;
 -0.0045286613, 0.66900432, 0.74324471, -0.097511247;
 -0.015939571, -0.7432062, 0.66887254, -0.067078695;
 0, 0, 0, 1]
Ow:
[0.10954338;
 0.01440274;
 0.11890005]
Keyframe: 32 Frame: 329 Frame from vFrameID : 330
Tcw:
[0.99803293, -0.01201347, -0.061529718, 0.12255096;
 -0.036538098, 0.68607372, -0.72661394, 0.023277309;
 0.050943077, 0.72743285, 0.68428522, 0.14022237;
 0, 0, 0, 1]
Twc:
[0.99803293, -0.036538098, 0.050943077, -0.12860276;
 -0.01201347, 0.68607372, 0.72743285, -0.11650004;
 -0.061529718, -0.72661394, 0.68428522, -0.071497947;
 0, 0, 0, 1]
Ow:
[0.12255096;
 0.023277309;
 0.14022237]
Keyframe: 33 Frame: 337 Frame from vFrameID : 338
Tcw:
[0.99388635, -0.014076645, -0.10950667, 0.12585995;
 -0.070239872, 0.684623, -0.72550511, 0.024246898;
 0.085183464, 0.72876137, 0.67944878, 0.14805424;
 0, 0, 0, 1]
Twc:
[0.99388635, -0.070239872, 0.085183464, -0.13599917;
 -0.014076645, 0.684623, 0.72876137, -0.12272452;
 -0.10950667, -0.72550511, 0.67944878, -0.069221519;
 0, 0, 0, 1]
Ow:
[0.12585995;
 0.024246898;
 0.14805424]
Keyframe: 34 Frame: 345 Frame from vFrameID : 346
Tcw:
[0.99941587, 0.031251531, -0.013831241, 0.13107848;
 -0.031835176, 0.70413846, -0.70934868, 0.013147779;
 -0.012429123, 0.70937461, 0.70472205, 0.15783069;
 0, 0, 0, 1]
Twc:
[0.99941587, -0.031835176, -0.012429123, -0.12862165;
 0.031251531, 0.70413846, 0.70937461, -0.12531534;
 -0.013831241, -0.70934868, 0.70472205, -0.10008743;
 0, 0, 0, 1]
Ow:
[0.13107848;
 0.013147779;
 0.15783069]
Keyframe: 35 Frame: 353 Frame from vFrameID : 354
Tcw:
[0.99835169, 0.056644022, -0.0092385998, 0.13488752;
 -0.045875911, 0.69088638, -0.72150636, 0.013404533;
 -0.034486201, 0.72074091, 0.69234616, 0.16601029;
 0, 0, 0, 1]
Twc:
[0.99835169, -0.045875911, -0.034486201, -0.12832518;
 0.056644022, 0.69088638, 0.72074091, -0.13655199;
 -0.0092385998, -0.72150636, 0.69234616, -0.10401897;
 0, 0, 0, 1]
Ow:
[0.13488752;
 0.013404533;
 0.16601029]
Keyframe: 36 Frame: 361 Frame from vFrameID : 362
Tcw:
[0.9981429, 0.060899012, 0.0014239009, 0.14217585;
 -0.042336494, 0.7103284, -0.70259601, 0.010813944;
 -0.043798842, 0.70123094, 0.71158755, 0.17951417;
 0, 0, 0, 1]
Twc:
[0.9981429, -0.042336494, -0.043798842, -0.13359147;
 0.060899012, 0.7103284, 0.70123094, -0.14222072;
 0.0014239009, -0.70259601, 0.71158755, -0.12034465;
 0, 0, 0, 1]
Ow:
[0.14217585;
 0.010813944;
 0.17951417]
Keyframe: 37 Frame: 368 Frame from vFrameID : 369
Tcw:
[0.99788511, 0.053963754, -0.036238268, 0.14730316;
 -0.064135224, 0.72662234, -0.68403703, 0.013042912;
 -0.010581669, 0.68491447, 0.72854662, 0.18543756;
 0, 0, 0, 1]
Twc:
[0.99788511, -0.064135224, -0.010581669, -0.14419289;
 0.053963754, 0.72662234, 0.68491447, -0.1444352;
 -0.036238268, -0.68403703, 0.72854662, -0.12084007;
 0, 0, 0, 1]
Ow:
[0.14730316;
 0.013042912;
 0.18543756]
Keyframe: 38 Frame: 376 Frame from vFrameID : 377
Tcw:
[0.99826384, 0.037512656, -0.045410465, 0.14940429;
 -0.058231838, 0.74442023, -0.66516733, 0.010101579;
 0.0088522732, 0.66665685, 0.74531221, 0.19622028;
 0, 0, 0, 1]
Twc:
[0.99826384, -0.058231838, 0.0088522732, -0.15029366;
 0.037512656, 0.74442023, 0.66665685, -0.14393596;
 -0.045410465, -0.66516733, 0.74531221, -0.13274162;
 0, 0, 0, 1]
Ow:
[0.14940429;
 0.010101579;
 0.19622028]
Keyframe: 39 Frame: 384 Frame from vFrameID : 385
Tcw:
[0.99899364, 0.031438816, -0.031989332, 0.15784822;
 -0.04483876, 0.71746349, -0.69515151, 0.018272474;
 0.0010964386, 0.69588625, 0.71815115, 0.20995314;
 0, 0, 0, 1]
Twc:
[0.99899364, -0.04483876, 0.0010964386, -0.15710026;
 0.031438816, 0.71746349, 0.69588625, -0.16417591;
 -0.031989332, -0.69515151, 0.71815115, -0.1330265;
 0, 0, 0, 1]
Ow:
[0.15784822;
 0.018272474;
 0.20995314]
Keyframe: 40 Frame: 392 Frame from vFrameID : 393
Tcw:
[0.99990559, 0.013660153, -0.0014989872, 0.16501692;
 -0.010643423, 0.70081532, -0.71326333, 0.01849965;
 -0.0086927731, 0.71321195, 0.70089453, 0.22444835;
 0, 0, 0, 1]
Twc:
[0.99990559, -0.010643423, -0.0086927731, -0.16285336;
 0.013660153, 0.70081532, 0.71321195, -0.17529824;
 -0.0014989872, -0.71326333, 0.70089453, -0.14387214;
 0, 0, 0, 1]
Ow:
[0.16501692;
 0.01849965;
 0.22444835]
Keyframe: 41 Frame: 400 Frame from vFrameID : 401
Tcw:
[0.99945831, 0.026107883, -0.0200378, 0.16696642;
 -0.032562051, 0.69602251, -0.71728122, 0.019983523;
 -0.0047799353, 0.71754515, 0.69649559, 0.22847044;
 0, 0, 0, 1]
Twc:
[0.99945831, -0.032562051, -0.0047799353, -0.16513319;
 0.026107883, 0.69602251, 0.71754515, -0.18220598;
 -0.0200378, -0.71728122, 0.69649559, -0.14144921;
 0, 0, 0, 1]
Ow:
[0.16696642;
 0.019983523;
 0.22847044]
Keyframe: 42 Frame: 408 Frame from vFrameID : 409
Tcw:
[0.99932724, 0.027484553, -0.024282681, 0.17056578;
 -0.036591247, 0.70249957, -0.71074289, 0.018858455;
 -0.0024758775, 0.71115327, 0.70303267, 0.23283386;
 0, 0, 0, 1]
Twc:
[0.99932724, -0.036591247, -0.0024758775, -0.16918452;
 0.027484553, 0.70249957, 0.71115327, -0.18351655;
 -0.024282681, -0.71074289, 0.70303267, -0.14614451;
 0, 0, 0, 1]
Ow:
[0.17056578;
 0.018858455;
 0.23283386]
Keyframe: 43 Frame: 415 Frame from vFrameID : 416
Tcw:
[0.99961841, 0.027615413, -0.00063937495, 0.17252094;
 -0.020252084, 0.71694821, -0.69683224, 0.023325674;
 -0.01878491, 0.69657928, 0.7172339, 0.24251428;
 0, 0, 0, 1]
Twc:
[0.99961841, -0.020252084, -0.01878491, -0.16742709;
 0.027615413, 0.71694821, 0.69657928, -0.19041795;
 -0.00063937495, -0.69683224, 0.7172339, -0.15757507;
 0, 0, 0, 1]
Ow:
[0.17252094;
 0.023325674;
 0.24251428]
Keyframe: 44 Frame: 422 Frame from vFrameID : 423
Tcw:
[0.99958384, 0.028780423, -0.0019628736, 0.1754697;
 -0.021370918, 0.69310051, -0.72052407, 0.023624927;
 -0.019376518, 0.72026616, 0.69342715, 0.25282452;
 0, 0, 0, 1]
Twc:
[0.99958384, -0.021370918, -0.019376518, -0.16999294;
 0.028780423, 0.69310051, 0.72026616, -0.20352548;
 -0.0019628736, -0.72052407, 0.69342715, -0.15794863;
 0, 0, 0, 1]
Ow:
[0.1754697;
 0.023624927;
 0.25282452]
Keyframe: 45 Frame: 430 Frame from vFrameID : 431
Tcw:
[0.9993028, 0.034530614, 0.014196745, 0.18005866;
 -0.01421526, 0.70351237, -0.71054083, 0.020585723;
 -0.034522999, 0.70984364, 0.70351279, 0.25960031;
 0, 0, 0, 1]
Twc:
[0.9993028, -0.01421526, -0.034522999, -0.17067832;
 0.034530614, 0.70351237, 0.70984364, -0.20497546;
 0.014196745, -0.71054083, 0.70351279, -0.17056136;
 0, 0, 0, 1]
Ow:
[0.18005866;
 0.020585723;
 0.25960031]
Keyframe: 46 Frame: 437 Frame from vFrameID : 438
Tcw:
[0.99946755, 0.029185748, -0.014585904, 0.18553019;
 -0.030851709, 0.69990361, -0.71357071, 0.023282647;
 -0.010617368, 0.71364075, 0.70043141, 0.26610845;
 0, 0, 0, 1]
Twc:
[0.99946755, -0.030851709, -0.010617368, -0.18188773;
 0.029185748, 0.69990361, 0.71364075, -0.21161629;
 -0.014585904, -0.71357071, 0.70043141, -0.16707076;
 0, 0, 0, 1]
Ow:
[0.18553019;
 0.023282647;
 0.26610845]
Keyframe: 47 Frame: 444 Frame from vFrameID : 445
Tcw:
[0.99967986, 0.020403588, 0.014962298, 0.18893224;
 -0.004329673, 0.72058284, -0.69335532, 0.023419566;
 -0.024928512, 0.69306856, 0.72044051, 0.26794177;
 0, 0, 0, 1]
Twc:
[0.99967986, -0.004329673, -0.024928512, -0.18209097;
 0.020403588, 0.72058284, 0.69306856, -0.20643266;
 0.014962298, -0.69335532, 0.72044051, -0.17962489;
 0, 0, 0, 1]
Ow:
[0.18893224;
 0.023419566;
 0.26794177]
Keyframe: 48 Frame: 453 Frame from vFrameID : 454
Tcw:
[0.9977386, 0.032962028, 0.058576673, 0.19174914;
 0.015311927, 0.73711431, -0.67559457, 0.020223603;
 -0.065446675, 0.67496371, 0.73494267, 0.27550155;
 0, 0, 0, 1]
Twc:
[0.9977386, 0.015311927, -0.065446675, -0.17359452;
 0.032962028, 0.73711431, 0.67496371, -0.2071811;
 0.058576673, -0.67559457, 0.73494267, -0.20004691;
 0, 0, 0, 1]
Ow:
[0.19174914;
 0.020223603;
 0.27550155]
Keyframe: 49 Frame: 460 Frame from vFrameID : 461
Tcw:
[0.997159, 0.014888864, 0.07383918, 0.19261484;
 0.040668927, 0.71869969, -0.69413024, 0.019491076;
 -0.06340301, 0.69516116, 0.71605235, 0.28740996;
 0, 0, 0, 1]
Twc:
[0.997159, 0.040668927, -0.06340301, -0.17463765;
 0.014888864, 0.71869969, 0.69516116, -0.2166723;
 0.07383918, -0.69413024, 0.71605235, -0.20649377;
 0, 0, 0, 1]
Ow:
[0.19261484;
 0.019491076;
 0.28740996]
Keyframe: 50 Frame: 467 Frame from vFrameID : 468
Tcw:
[0.996436, 0.019411532, 0.082088113, 0.19662896;
 0.042700406, 0.7231822, -0.68933606, 0.017850667;
 -0.072745733, 0.69038445, 0.71977592, 0.298711;
 0, 0, 0, 1]
Twc:
[0.996436, 0.042700406, -0.072745733, -0.17496045;
 0.019411532, 0.7231822, 0.69038445, -0.22295159;
 0.082088113, -0.68933606, 0.71977592, -0.21884076;
 0, 0, 0, 1]
Ow:
[0.19662896;
 0.017850667;
 0.298711]
Keyframe: 51 Frame: 475 Frame from vFrameID : 476
Tcw:
[0.99734282, 0.03745383, 0.062486429, 0.19976479;
 0.015375038, 0.73019075, -0.6830703, 0.012641236;
 -0.071210615, 0.68221599, 0.72767466, 0.3038148;
 0, 0, 0, 1]
Twc:
[0.99734282, 0.015375038, -0.071210615, -0.17779349;
 0.03745383, 0.73019075, 0.68221599, -0.22397977;
 0.062486429, -0.6830703, 0.72767466, -0.22492607;
 0, 0, 0, 1]
Ow:
[0.19976479;
 0.012641236;
 0.3038148]
Keyframe: 52 Frame: 484 Frame from vFrameID : 485
Tcw:
[0.99733055, 0.025780465, 0.068316132, 0.20164119;
 0.025620272, 0.75256485, -0.65801954, 0.010469243;
 -0.06837637, 0.65801328, 0.74989545, 0.30892271;
 0, 0, 0, 1]
Twc:
[0.99733055, 0.025620272, -0.06837637, -0.18024813;
 0.025780465, 0.75256485, 0.65801328, -0.21635243;
 0.068316132, -0.65801954, 0.74989545, -0.2385461;
 0, 0, 0, 1]
Ow:
[0.20164119;
 0.010469243;
 0.30892271]
Keyframe: 53 Frame: 492 Frame from vFrameID : 493
Tcw:
[0.99890524, 0.035526399, 0.030433029, 0.20849939;
 -0.0072389035, 0.76012397, -0.64973778, 0.0042339414;
 -0.046215717, 0.64880615, 0.75954896, 0.31340736;
 0, 0, 0, 1]
Twc:
[0.99890524, -0.0072389035, -0.046215717, -0.19375613;
 0.035526399, 0.76012397, 0.64880615, -0.21396621;
 0.030433029, -0.64973778, 0.75954896, -0.24164258;
 0, 0, 0, 1]
Ow:
[0.20849939;
 0.0042339414;
 0.31340736]
Keyframe: 54 Frame: 501 Frame from vFrameID : 502
Tcw:
[0.99867636, 0.00758518, 0.050872356, 0.20175037;
 0.027437093, 0.75803018, -0.65164214, 0.0052834302;
 -0.043505605, 0.65217537, 0.75681871, 0.32076201;
 0, 0, 0, 1]
Twc:
[0.99867636, 0.027437093, -0.043505605, -0.18767335;
 0.00758518, 0.75803018, 0.65217537, -0.21472839;
 0.050872356, -0.65164214, 0.75681871, -0.2495793;
 0, 0, 0, 1]
Ow:
[0.20175037;
 0.0052834302;
 0.32076201]
Keyframe: 55 Frame: 509 Frame from vFrameID : 510
Tcw:
[0.99846232, -0.013518721, 0.053760879, 0.21478176;
 0.045291897, 0.7581237, -0.65053606, -0.00065353513;
 -0.03196298, 0.65197068, 0.75757021, 0.32752389;
 0, 0, 0, 1]
Twc:
[0.99846232, 0.045291897, -0.03196298, -0.20395325;
 -0.013518721, 0.7581237, 0.65197068, -0.21013694;
 0.053760879, -0.65053606, 0.75757021, -0.26009434;
 0, 0, 0, 1]
Ow:
[0.21478176;
 -0.00065353513;
 0.32752389]
Keyframe: 56 Frame: 517 Frame from vFrameID : 518
Tcw:
[0.99966651, -0.00033457991, 0.025821047, 0.21405052;
 0.016885933, 0.76498258, -0.64382952, 0.0010489672;
 -0.01953724, 0.64405084, 0.76473314, 0.33042765;
 0, 0, 0, 1]
Twc:
[0.99966651, 0.016885933, -0.01953724, -0.20754121;
 -0.00033457991, 0.76498258, 0.64405084, -0.21354304;
 0.025821047, -0.64382952, 0.76473314, -0.25754064;
 0, 0, 0, 1]
Ow:
[0.21405052;
 0.0010489672;
 0.33042765]
Keyframe: 57 Frame: 525 Frame from vFrameID : 526
Tcw:
[0.99920344, -0.038220257, 0.011474505, 0.21523121;
 0.036365937, 0.75372618, -0.65618163, 0.0083770752;
 0.016430797, 0.65607625, 0.75451571, 0.33279663;
 0, 0, 0, 1]
Twc:
[0.99920344, 0.036365937, 0.016430797, -0.22083254;
 -0.038220257, 0.75372618, 0.65607625, -0.2164278;
 0.011474505, -0.65618163, 0.75451571, -0.2480731;
 0, 0, 0, 1]
Ow:
[0.21523121;
 0.0083770752;
 0.33279663]
Keyframe: 58 Frame: 533 Frame from vFrameID : 534
Tcw:
[0.99903107, -0.043955535, -0.0021941515, 0.2178237;
 0.031642701, 0.75204557, -0.65835112, 0.0061954707;
 0.030588279, 0.6576438, 0.75270778, 0.33639586;
 0, 0, 0, 1]
Twc:
[0.99903107, 0.031642701, 0.030588279, -0.22809845;
 -0.043955535, 0.75204557, 0.6576438, -0.21631338;
 -0.0021941515, -0.65835112, 0.75270778, -0.24865104;
 0, 0, 0, 1]
Ow:
[0.2178237;
 0.0061954707;
 0.33639586]
Keyframe: 59 Frame: 543 Frame from vFrameID : 544
Tcw:
[0.99818194, -0.053236827, -0.028261498, 0.22015424;
 0.022673683, 0.76610798, -0.64231187, 0.014511153;
 0.055846002, 0.64050329, 0.76592219, 0.33807197;
 0, 0, 0, 1]
Twc:
[0.99818194, 0.022673683, 0.055846002, -0.23896296;
 -0.053236827, 0.76610798, 0.64050329, -0.21593301;
 -0.028261498, -0.64231187, 0.76592219, -0.24339424;
 0, 0, 0, 1]
Ow:
[0.22015424;
 0.014511153;
 0.33807197]
Keyframe: 60 Frame: 551 Frame from vFrameID : 552
Tcw:
[0.99418253, -0.10502091, -0.023910893, 0.22123623;
 0.062516704, 0.74342424, -0.66589195, 0.014808193;
 0.087708518, 0.6605233, 0.74566489, 0.33992469;
 0, 0, 0, 1]
Twc:
[0.99418253, 0.062516704, 0.087708518, -0.25068924;
 -0.10502091, 0.74342424, 0.6605233, -0.21230252;
 -0.023910893, -0.66589195, 0.74566489, -0.23831931;
 0, 0, 0, 1]
Ow:
[0.22123623;
 0.014808193;
 0.33992469]
Keyframe: 61 Frame: 559 Frame from vFrameID : 560
Tcw:
[0.99917674, -0.040451158, 0.0030904682, 0.2257304;
 0.032661475, 0.75689763, -0.65271682, 0.010336757;
 0.024063984, 0.65228039, 0.75759572, 0.34645212;
 0, 0, 0, 1]
Twc:
[0.99917674, 0.032661475, 0.024063984, -0.23421919;
 -0.040451158, 0.75689763, 0.65228039, -0.22467673;
 0.0030904682, -0.65271682, 0.75759572, -0.25642127;
 0, 0, 0, 1]
Ow:
[0.2257304;
 0.010336757;
 0.34645212]
Keyframe: 62 Frame: 567 Frame from vFrameID : 568
Tcw:
[0.99953908, -0.0047801659, 0.029979222, 0.22571827;
 0.023021061, 0.76309937, -0.64587098, 0.0089023709;
 -0.019789755, 0.64626348, 0.76285774, 0.34986782;
 0, 0, 0, 1]
Twc:
[0.99953908, 0.023021061, -0.019789755, -0.21889539;
 -0.0047801659, 0.76309937, 0.64626348, -0.23182121;
 0.029979222, -0.64587098, 0.76285774, -0.26791644;
 0, 0, 0, 1]
Ow:
[0.22571827;
 0.0089023709;
 0.34986782]
Keyframe: 63 Frame: 576 Frame from vFrameID : 577
Tcw:
[0.99901241, 0.0047865435, 0.044173792, 0.22645891;
 0.025024438, 0.76089793, -0.64838886, 0.012852937;
 -0.036715288, 0.64885396, 0.76002663, 0.35669082;
 0, 0, 0, 1]
Twc:
[0.99901241, 0.025024438, -0.036715288, -0.21346088;
 0.0047865435, 0.76089793, 0.64885396, -0.242304;
 0.044173792, -0.64838886, 0.76002663, -0.27276441;
 0, 0, 0, 1]
Ow:
[0.22645891;
 0.012852937;
 0.35669082]
Keyframe: 64 Frame: 586 Frame from vFrameID : 587
Tcw:
[0.999807, -0.0086116511, -0.017659564, 0.22810508;
 -0.0042948946, 0.78129047, -0.62415284, 0.017243475;
 0.019172234, 0.6241082, 0.78110266, 0.35919422;
 0, 0, 0, 1]
Twc:
[0.999807, -0.0042948946, 0.019172234, -0.23487355;
 -0.0086116511, 0.78129047, 0.6241082, -0.23568386;
 -0.017659564, -0.62415284, 0.78110266, -0.26577675;
 0, 0, 0, 1]
Ow:
[0.22810508;
 0.017243475;
 0.35919422]
Keyframe: 65 Frame: 595 Frame from vFrameID : 596
Tcw:
[0.99926442, -0.018000549, 0.033862192, 0.22886315;
 0.035269924, 0.7780543, -0.62720615, 0.020904884;
 -0.015056569, 0.62793911, 0.77811682, 0.36454052;
 0, 0, 0, 1]
Twc:
[0.99926442, 0.035269924, -0.015056569, -0.22394338;
 -0.018000549, 0.7780543, 0.62793911, -0.24105471;
 0.033862192, -0.62720615, 0.77811682, -0.27829325;
 0, 0, 0, 1]
Ow:
[0.22886315;
 0.020904884;
 0.36454052]
Keyframe: 66 Frame: 602 Frame from vFrameID : 603
Tcw:
[0.99845195, -0.0079647321, 0.055047426, 0.23152277;
 0.040821344, 0.77716458, -0.62797201, 0.021509439;
 -0.037779279, 0.62924701, 0.7762866, 0.36945522;
 0, 0, 0, 1]
Twc:
[0.99845195, 0.040821344, -0.037779279, -0.21808465;
 -0.0079647321, 0.77716458, 0.62924701, -0.24735093;
 0.055047426, -0.62797201, 0.7762866, -0.28604054;
 0, 0, 0, 1]
Ow:
[0.23152277;
 0.021509439;
 0.36945522]
Keyframe: 67 Frame: 611 Frame from vFrameID : 612
Tcw:
[0.99871904, -0.030651789, 0.040259056, 0.23576716;
 0.049641903, 0.74761289, -0.66227686, 0.02259554;
 -0.0097982194, 0.66342705, 0.74817681, 0.37313372;
 0, 0, 0, 1]
Twc:
[0.99871904, 0.049641903, -0.0097982194, -0.23293078;
 -0.030651789, 0.74761289, 0.66342705, -0.25721303;
 0.040259056, -0.66227686, 0.74817681, -0.27369726;
 0, 0, 0, 1]
Ow:
[0.23576716;
 0.02259554;
 0.37313372]
Keyframe: 68 Frame: 619 Frame from vFrameID : 620
Tcw:
[0.99931359, -0.021509042, 0.030161232, 0.23743379;
 0.036152653, 0.74387538, -0.6673398, 0.024547249;
 -0.0080823572, 0.66797215, 0.74414235, 0.37533092;
 0, 0, 0, 1]
Twc:
[0.99931359, 0.036152653, -0.0080823572, -0.23512471;
 -0.021509042, 0.74387538, 0.66797215, -0.26386371;
 0.030161232, -0.6673398, 0.74414235, -0.27007958;
 0, 0, 0, 1]
Ow:
[0.23743379;
 0.024547249;
 0.37533092]
Keyframe: 69 Frame: 627 Frame from vFrameID : 628
Tcw:
[0.99846196, 0.0031745806, 0.055349644, 0.23626058;
 0.034912702, 0.73953468, -0.67221242, 0.025973648;
 -0.043066975, 0.67311096, 0.73828644, 0.37951237;
 0, 0, 0, 1]
Twc:
[0.99846196, 0.034912702, -0.043066975, -0.22045957;
 0.0031745806, 0.73953468, 0.67311096, -0.27541238;
 0.055349644, -0.67221242, 0.73828644, -0.27580595;
 0, 0, 0, 1]
Ow:
[0.23626058;
 0.025973648;
 0.37951237]
Keyframe: 70 Frame: 635 Frame from vFrameID : 636
Tcw:
[0.9950453, 0.034961931, 0.093072675, 0.23257971;
 0.038679589, 0.72625458, -0.68633682, 0.02753219;
 -0.091590114, 0.68653619, 0.72130388, 0.38770151;
 0, 0, 0, 1]
Twc:
[0.9950453, 0.038679589, -0.091590114, -0.19698267;
 0.034961931, 0.72625458, 0.68653619, -0.29429793;
 0.093072675, -0.68633682, 0.72130388, -0.28240106;
 0, 0, 0, 1]
Ow:
[0.23257971;
 0.02753219;
 0.38770151]
Keyframe: 71 Frame: 644 Frame from vFrameID : 645
Tcw:
[0.99505138, 0.049776834, 0.085994497, 0.2340087;
 0.021900047, 0.73431426, -0.67845631, 0.02889432;
 -0.096918389, 0.67698216, 0.72959024, 0.3894043;
 0, 0, 0, 1]
Twc:
[0.99505138, 0.021900047, -0.096918389, -0.19574301;
 0.049776834, 0.73431426, 0.67698216, -0.29648548;
 0.085994497, -0.67845631, 0.72959024, -0.28462553;
 0, 0, 0, 1]
Ow:
[0.2340087;
 0.02889432;
 0.3894043]
Keyframe: 72 Frame: 652 Frame from vFrameID : 653
Tcw:
[0.99978387, 0.015257948, 0.014119477, 0.23951882;
 -0.00098703324, 0.71326882, -0.70088989, 0.032599285;
 -0.020765124, 0.70072448, 0.7131297, 0.39085796;
 0, 0, 0, 1]
Twc:
[0.99978387, -0.00098703324, -0.020765124, -0.23131868;
 0.015257948, 0.71326882, 0.70072448, -0.30079037;
 0.014119477, -0.70088989, 0.7131297, -0.25926581;
 0, 0, 0, 1]
Ow:
[0.23951882;
 0.032599285;
 0.39085796]
Keyframe: 73 Frame: 660 Frame from vFrameID : 661
Tcw:
[0.99983847, 0.017972553, 0.00015741383, 0.2397213;
 -0.013083177, 0.73378485, -0.6792559, 0.031220853;
 -0.012323471, 0.67914414, 0.7339015, 0.39763123;
 0, 0, 0, 1]
Twc:
[0.99983847, -0.013083177, -0.012323471, -0.23437391;
 0.017972553, 0.73378485, 0.67914414, -0.29726672;
 0.00015741383, -0.6792559, 0.7339015, -0.27065292;
 0, 0, 0, 1]
Ow:
[0.2397213;
 0.031220853;
 0.39763123]
Keyframe: 74 Frame: 669 Frame from vFrameID : 670
Tcw:
[0.99987161, 0.015215185, 0.0050289966, 0.24296175;
 -0.0075945775, 0.72627193, -0.68736553, 0.034268111;
 -0.014110813, 0.68723911, 0.72629422, 0.40004921;
 0, 0, 0, 1]
Twc:
[0.99987161, -0.0075945775, -0.014110813, -0.23702528;
 0.015215185, 0.72627193, 0.68723911, -0.30351412;
 0.0050289966, -0.68736553, 0.72629422, -0.26822057;
 0, 0, 0, 1]
Ow:
[0.24296175;
 0.034268111;
 0.40004921]
Keyframe: 75 Frame: 678 Frame from vFrameID : 679
Tcw:
[0.99870414, 0.0049650413, -0.050649252, 0.24417457;
 -0.037489828, 0.74481857, -0.66621304, 0.037780643;
 0.034416728, 0.66724855, 0.74403954, 0.40151015;
 0, 0, 0, 1]
Twc:
[0.99870414, -0.037489828, 0.034416728, -0.25626045;
 0.0049650413, 0.74481857, 0.66724855, -0.29725915;
 -0.050649252, -0.66621304, 0.74403954, -0.26120222;
 0, 0, 0, 1]
Ow:
[0.24417457;
 0.037780643;
 0.40151015]
Keyframe: 76 Frame: 686 Frame from vFrameID : 687
Tcw:
[0.99598068, -0.0066560982, -0.089320622, 0.24473856;
 -0.053948678, 0.751468, -0.65756017, 0.040053576;
 0.071498372, 0.65973598, 0.74808854, 0.40567201;
 0, 0, 0, 1]
Twc:
[0.99598068, -0.053948678, 0.071498372, -0.27059895;
 -0.0066560982, 0.751468, 0.65973598, -0.2961064;
 -0.089320622, -0.65756017, 0.74808854, -0.25528073;
 0, 0, 0, 1]
Ow:
[0.24473856;
 0.040053576;
 0.40567201]
Keyframe: 77 Frame: 694 Frame from vFrameID : 695
Tcw:
[0.99703902, -0.035666782, -0.068125315, 0.2459415;
 -0.017690541, 0.75577581, -0.65459144, 0.042607531;
 0.074834637, 0.65385842, 0.75290698, 0.40907556;
 0, 0, 0, 1]
Twc:
[0.99703902, -0.017690541, 0.074834637, -0.27507257;
 -0.035666782, 0.75577581, 0.65385842, -0.29090729;
 -0.068125315, -0.65459144, 0.75290698, -0.26335049;
 0, 0, 0, 1]
Ow:
[0.2459415;
 0.042607531;
 0.40907556]
Keyframe: 78 Frame: 702 Frame from vFrameID : 703
Tcw:
[0.99796158, -0.031496465, -0.055504188, 0.2463837;
 -0.015354914, 0.72567111, -0.68787038, 0.042721882;
 0.061943274, 0.68732047, 0.72370821, 0.41131049;
 0, 0, 0, 1]
Twc:
[0.99796158, -0.015354914, 0.061943274, -0.27070341;
 -0.031496465, 0.72567111, 0.68732047, -0.30594394;
 -0.055504188, -0.68787038, 0.72370821, -0.25460634;
 0, 0, 0, 1]
Ow:
[0.2463837;
 0.042721882;
 0.41131049]
Keyframe: 79 Frame: 711 Frame from vFrameID : 712
Tcw:
[0.9969461, -0.048286222, -0.061374784, 0.25014076;
 -0.0044939849, 0.74914879, -0.66238648, 0.043620512;
 0.077962987, 0.66063946, 0.74664402, 0.41610992;
 0, 0, 0, 1]
Twc:
[0.9969461, -0.0044939849, 0.077962987, -0.28162202;
 -0.048286222, 0.74914879, 0.66063946, -0.29549855;
 -0.061374784, -0.66238648, 0.74664402, -0.26644003;
 0, 0, 0, 1]
Ow:
[0.25014076;
 0.043620512;
 0.41610992]
Keyframe: 80 Frame: 719 Frame from vFrameID : 720
Tcw:
[0.99752015, 0.0036843584, -0.070284575, 0.24507737;
 -0.047813844, 0.76827747, -0.63832879, 0.042209864;
 0.051646221, 0.64010638, 0.7665484, 0.4204196;
 0, 0, 0, 1]
Twc:
[0.99752015, -0.047813844, 0.051646221, -0.26416451;
 0.0036843584, 0.76827747, 0.64010638, -0.30244511;
 -0.070284575, -0.63832879, 0.7665484, -0.27810305;
 0, 0, 0, 1]
Ow:
[0.24507737;
 0.042209864;
 0.4204196]
Keyframe: 81 Frame: 727 Frame from vFrameID : 728
Tcw:
[0.99651271, -0.039280638, -0.073616929, 0.25021666;
 -0.017874094, 0.76129168, -0.6481632, 0.045163333;
 0.081504218, 0.6472187, 0.75793469, 0.42389417;
 0, 0, 0, 1]
Twc:
[0.99651271, -0.017874094, 0.081504218, -0.283086;
 -0.039280638, 0.76129168, 0.6472187, -0.29890603;
 -0.073616929, -0.6481632, 0.75793469, -0.27359071;
 0, 0, 0, 1]
Ow:
[0.25021666;
 0.045163333;
 0.42389417]
Keyframe: 82 Frame: 735 Frame from vFrameID : 736
Tcw:
[0.99791181, -0.051466882, 0.039027516, 0.24247025;
 0.064342678, 0.73916966, -0.67043889, 0.053367302;
 0.0056574428, 0.67154998, 0.74093765, 0.42256469;
 0, 0, 0, 1]
Twc:
[0.99791181, 0.064342678, 0.0056574428, -0.24778837;
 -0.051466882, 0.73916966, 0.67154998, -0.31074163;
 0.039027516, -0.67043889, 0.74093765, -0.28677759;
 0, 0, 0, 1]
Ow:
[0.24247025;
 0.053367302;
 0.42256469]
Keyframe: 83 Frame: 743 Frame from vFrameID : 744
Tcw:
[0.99723411, -0.03883642, 0.063370645, 0.2462438;
 0.070919164, 0.75232726, -0.65496117, 0.050598517;
 -0.022239119, 0.6576438, 0.75300068, 0.42633319;
 0, 0, 0, 1]
Twc:
[0.99723411, 0.070919164, -0.022239119, -0.23966987;
 -0.03883642, 0.75232726, 0.6576438, -0.30887881;
 0.063370645, -0.65496117, 0.75300068, -0.30349374;
 0, 0, 0, 1]
Ow:
[0.2462438;
 0.050598517;
 0.42633319]
Keyframe: 84 Frame: 751 Frame from vFrameID : 752
Tcw:
[0.99823225, -0.058405656, -0.011008572, 0.24834172;
 0.037545569, 0.76327425, -0.64498276, 0.054148436;
 0.046073202, 0.64342928, 0.76411784, 0.42515138;
 0, 0, 0, 1]
Twc:
[0.99823225, 0.037545569, 0.046073202, -0.26952383;
 -0.058405656, 0.76327425, 0.64342928, -0.30038038;
 -0.011008572, -0.64498276, 0.76411784, -0.28720704;
 0, 0, 0, 1]
Ow:
[0.24834172;
 0.054148436;
 0.42515138]
Keyframe: 85 Frame: 760 Frame from vFrameID : 761
Tcw:
[0.99780613, -0.06583114, -0.0070146611, 0.25042206;
 0.045944113, 0.76484686, -0.64257175, 0.055507094;
 0.047666371, 0.6408397, 0.76619345, 0.42614409;
 0, 0, 0, 1]
Twc:
[0.99780613, 0.045944113, 0.047666371, -0.27273563;
 -0.06583114, 0.76484686, 0.6408397, -0.29905891;
 -0.0070146611, -0.64257175, 0.76619345, -0.28908488;
 0, 0, 0, 1]
Ow:
[0.25042206;
 0.055507094;
 0.42614409]
Keyframe: 86 Frame: 768 Frame from vFrameID : 769
Tcw:
[0.99779469, -0.064487562, -0.015718788, 0.25125694;
 0.038677879, 0.75734299, -0.65187085, 0.056021124;
 0.053942077, 0.64982533, 0.75816709, 0.42952543;
 0, 0, 0, 1]
Twc:
[0.99779469, 0.038677879, 0.053942077, -0.27603912;
 -0.064487562, 0.75734299, 0.64982533, -0.30534077;
 -0.015718788, -0.65187085, 0.75816709, -0.28518406;
 0, 0, 0, 1]
Ow:
[0.25125694;
 0.056021124;
 0.42952543]
Keyframe: 87 Frame: 777 Frame from vFrameID : 778
Tcw:
[0.99748111, -0.058680136, 0.039850421, 0.24906647;
 0.070436046, 0.75305867, -0.6541723, 0.054784611;
 0.0083772158, 0.65533143, 0.75529498, 0.43288594;
 0, 0, 0, 1]
Twc:
[0.99748111, 0.070436046, 0.0083772158, -0.25592431;
 -0.058680136, 0.75305867, 0.65533143, -0.31032452;
 0.039850421, -0.6541723, 0.75529498, -0.30104342;
 0, 0, 0, 1]
Ow:
[0.24906647;
 0.054784611;
 0.43288594]
Keyframe: 88 Frame: 785 Frame from vFrameID : 786
Tcw:
[0.99755722, -0.067863002, 0.016559271, 0.25408718;
 0.062382899, 0.7588042, -0.64832443, 0.056645781;
 0.031431995, 0.64777368, 0.7611841, 0.43378213;
 0, 0, 0, 1]
Twc:
[0.99755722, 0.062382899, 0.031431995, -0.27063486;
 -0.067863002, 0.7588042, 0.64777368, -0.30673262;
 0.016559271, -0.64832443, 0.7611841, -0.29767072;
 0, 0, 0, 1]
Ow:
[0.25408718;
 0.056645781;
 0.43378213]
Keyframe: 89 Frame: 794 Frame from vFrameID : 795
Tcw:
[0.99709946, -0.075754762, 0.0073430957, 0.24901375;
 0.06139997, 0.74362373, -0.66577303, 0.059973702;
 0.044974979, 0.66429281, 0.74611819, 0.4350214;
 0, 0, 0, 1]
Twc:
[0.99709946, 0.06139997, 0.044974979, -0.27153894;
 -0.075754762, 0.74362373, 0.66429281, -0.31471547;
 0.0073430957, -0.66577303, 0.74611819, -0.28647703;
 0, 0, 0, 1]
Ow:
