Keyframe: 0 Frame: 0 Frame from vFrameID : 112
Tcw:
[0.99981886, 0.017347824, 0.0078263516, 0.079193391;
 -0.0072449609, 0.72720861, -0.6863783, -0.071253598;
 -0.01759856, 0.68619728, 0.72720259, 0.032369956;
 0, 0, 0, 1]
Twc:
[0.99981886, -0.0072449609, -0.01759856, -0.07912562;
 0.017347824, 0.72720861, 0.68619728, 0.028230224;
 0.0078263516, -0.6863783, 0.72720259, -0.073066235;
 0, 0, 0, 1]
Ow:
[0.079193391;
 -0.071253598;
 0.032369956]
Keyframe: 1 Frame: 116 Frame from vFrameID : 112
Tcw:
[0.9996596, 0.025696535, 0.0045120311, 0.079951942;
 -0.015391464, 0.72049969, -0.69328445, -0.072658941;
 -0.021065924, 0.69297898, 0.72064996, 0.033473462;
 0, 0, 0, 1]
Twc:
[0.9996596, -0.015391464, -0.021065924, -0.080337904;
 0.025696535, 0.72049969, 0.69297898, 0.027099853;
 0.0045120311, -0.69328445, 0.72064996, -0.074856706;
 0, 0, 0, 1]
Ow:
[0.079951942;
 -0.072658941;
 0.033473462]
Keyframe: 2 Frame: 118 Frame from vFrameID : 119
Tcw:
[0.99925524, 0.037770711, -0.0078932559, 0.080767334;
 -0.032094095, 0.69998258, -0.71343839, -0.074079648;
 -0.021421934, 0.7131604, 0.70067352, 0.034562901;
 0, 0, 0, 1]
Twc:
[0.99925524, -0.032094095, -0.021421934, -0.082344294;
 0.037770711, 0.69998258, 0.7131604, 0.024154931;
 -0.0078932559, -0.71343839, 0.70067352, -0.076431051;
 0, 0, 0, 1]
Ow:
[0.080767334;
 -0.074079648;
 0.034562901]
Keyframe: 3 Frame: 119 Frame from vFrameID : 120
Tcw:
[0.99925041, 0.037912391, -0.0078269914, 0.08077129;
 -0.032146513, 0.69999397, -0.71342486, -0.074088827;
 -0.021568794, 0.71314168, 0.70068806, 0.034565259;
 0, 0, 0, 1]
Twc:
[0.99925041, -0.032146513, -0.021568794, -0.082346909;
 0.037912391, 0.69999397, 0.71314168, 0.024149574;
 -0.0078269914, -0.71342486, 0.70068806, -0.076444075;
 0, 0, 0, 1]
Ow:
[0.08077129;
 -0.074088827;
 0.034565259]
Keyframe: 4 Frame: 120 Frame from vFrameID : 121
Tcw:
[0.9990626, 0.042450015, -0.0084780315, 0.081137747;
 -0.035669826, 0.69632477, -0.71683991, -0.074113935;
 -0.024526402, 0.71647036, 0.69718623, 0.034321364;
 0, 0, 0, 1]
Twc:
[0.9990626, -0.035669826, -0.024526402, -0.082863547;
 0.042450015, 0.69632477, 0.71647036, 0.023572832;
 -0.0084780315, -0.71683991, 0.69718623, -0.076368324;
 0, 0, 0, 1]
Ow:
[0.081137747;
 -0.074113935;
 0.034321364]
Keyframe: 5 Frame: 121 Frame from vFrameID : 122
Tcw:
[0.99891055, 0.046478298, -0.0041822451, 0.081331082;
 -0.035284873, 0.69359946, -0.71949619, -0.0741276;
 -0.030540155, 0.71885991, 0.69448376, 0.034264904;
 0, 0, 0, 1]
Twc:
[0.99891055, -0.035284873, -0.030540155, -0.082811601;
 0.046478298, 0.69359946, 0.71885991, 0.023003064;
 -0.0041822451, -0.71949619, 0.69448376, -0.076790802;
 0, 0, 0, 1]
Ow:
[0.081331082;
 -0.0741276;
 0.034264904]
Keyframe: 6 Frame: 123 Frame from vFrameID : 124
Tcw:
[0.99854398, 0.050340887, 0.019382212, 0.081671074;
 -0.020898685, 0.69226789, -0.72133791, -0.074923687;
 -0.049730472, 0.71988255, 0.69231206, 0.035660803;
 0, 0, 0, 1]
Twc:
[0.99854398, -0.020898685, -0.049730472, -0.081344545;
 0.050340887, 0.69226789, 0.71988255, 0.022084283;
 0.019382212, -0.72133791, 0.69231206, -0.080316663;
 0, 0, 0, 1]
Ow:
[0.081671074;
 -0.074923687;
 0.035660803]
Keyframe: 7 Frame: 125 Frame from vFrameID : 126
Tcw:
[0.99842495, 0.048970737, 0.027376162, 0.081690043;
 -0.014281011, 0.69372267, -0.72010064, -0.074952245;
 -0.054255322, 0.71857548, 0.69332933, 0.037007615;
 0, 0, 0, 1]
Twc:
[0.99842495, -0.014281011, -0.054255322, -0.080623917;
 0.048970737, 0.69372267, 0.71857548, 0.021402884;
 0.027376162, -0.72010064, 0.69332933, -0.081867985;
 0, 0, 0, 1]
Ow:
[0.081690043;
 -0.074952245;
 0.037007615]
Keyframe: 8 Frame: 128 Frame from vFrameID : 129
Tcw:
[0.99801201, 0.035794046, 0.051873486, 0.081824467;
 0.010739796, 0.71444327, -0.69961095, -0.069297396;
 -0.062102571, 0.6987772, 0.71263856, 0.038061514;
 0, 0, 0, 1]
Twc:
[0.99801201, 0.010739796, -0.062102571, -0.078553841;
 0.035794046, 0.71444327, 0.6987772, 0.019983714;
 0.051873486, -0.69961095, 0.71263856, -0.079849839;
 0, 0, 0, 1]
Ow:
[0.081824467;
 -0.069297396;
 0.038061514]
Keyframe: 9 Frame: 133 Frame from vFrameID : 134
Tcw:
[0.9976005, 0.023766832, 0.065026164, 0.086282842;
 0.028243661, 0.71781582, -0.69565994, -0.070118576;
 -0.063210443, 0.69582731, 0.71542215, 0.061455887;
 0, 0, 0, 1]
Twc:
[0.9976005, 0.028243661, -0.063210443, -0.080210745;
 0.023766832, 0.71781582, 0.69582731, 0.0055188723;
 0.065026164, -0.69565994, 0.71542215, -0.098356232;
 0, 0, 0, 1]
Ow:
[0.086282842;
 -0.070118576;
 0.061455887]
Keyframe: 10 Frame: 138 Frame from vFrameID : 139
Tcw:
[0.99882895, 0.016293185, 0.045555718, 0.10166463;
 0.021163497, 0.69959074, -0.7142303, -0.061757959;
 -0.043507446, 0.71435797, 0.69842666, 0.079000846;
 0, 0, 0, 1]
Twc:
[0.99882895, 0.021163497, -0.043507446, -0.09680143;
 0.016293185, 0.69959074, 0.71435797, -0.014886031;
 0.045555718, -0.7142303, 0.69842666, -0.10391711;
 0, 0, 0, 1]
Ow:
[0.10166463;
 -0.061757959;
 0.079000846]
Keyframe: 11 Frame: 143 Frame from vFrameID : 144
Tcw:
[0.9991625, 0.031832892, 0.025709264, 0.11296388;
 -0.0043315054, 0.70706296, -0.70713735, -0.0647429;
 -0.040688295, 0.70643377, 0.70660865, 0.098643757;
 0, 0, 0, 1]
Twc:
[0.9991625, -0.0043315054, -0.040688295, -0.10913606;
 0.031832892, 0.70706296, 0.70643377, -0.027503939;
 0.025709264, -0.70713735, 0.70660865, -0.11838888;
 0, 0, 0, 1]
Ow:
[0.11296388;
 -0.0647429;
 0.098643757]
Keyframe: 12 Frame: 149 Frame from vFrameID : 150
Tcw:
[0.99925941, 0.032465249, 0.020654932, 0.1268114;
 -0.0084439535, 0.7087149, -0.70544446, -0.065489657;
 -0.037540887, 0.70474756, 0.70846421, 0.12560023;
 0, 0, 0, 1]
Twc:
[0.99925941, -0.0084439535, -0.037540887, -0.12255533;
 0.032465249, 0.7087149, 0.70474756, -0.046219926;
 0.020654932, -0.70544446, 0.70846421, -0.13780186;
 0, 0, 0, 1]
Ow:
[0.1268114;
 -0.065489657;
 0.12560023]
Keyframe: 13 Frame: 154 Frame from vFrameID : 155
Tcw:
[0.99888939, 0.035735399, 0.030708734, 0.13906536;
 -0.0030967686, 0.70013314, -0.71400559, -0.061771624;
 -0.047015477, 0.71311748, 0.69946623, 0.15116663;
 0, 0, 0, 1]
Twc:
[0.99888939, -0.0030967686, -0.047015477, -0.13199502;
 0.035735399, 0.70013314, 0.71311748, -0.069520764;
 0.030708734, -0.71400559, 0.69946623, -0.15411176;
 0, 0, 0, 1]
Ow:
[0.13906536;
 -0.061771624;
 0.15116663]
Keyframe: 14 Frame: 160 Frame from vFrameID : 161
Tcw:
[0.9974789, 0.029401531, 0.064586103, 0.15281746;
 0.026187643, 0.69338161, -0.72009456, -0.060392544;
 -0.0659547, 0.71997046, 0.69086355, 0.18511426;
 0, 0, 0, 1]
Twc:
[0.9974789, 0.026187643, -0.0659547, -0.13864149;
 0.029401531, 0.69338161, 0.71997046, -0.095894799;
 0.064586103, -0.72009456, 0.69086355, -0.18124694;
 0, 0, 0, 1]
Ow:
[0.15281746;
 -0.060392544;
 0.18511426]
Keyframe: 15 Frame: 166 Frame from vFrameID : 167
Tcw:
[0.99614328, 0.034521811, 0.080664426, 0.17044137;
 0.034953106, 0.68711513, -0.72570729, -0.059986874;
 -0.080478474, 0.72572792, 0.68325853, 0.21951582;
 0, 0, 0, 1]
Twc:
[0.99614328, 0.034953106, -0.080478474, -0.150021;
 0.034521811, 0.68711513, 0.72572792, -0.1239748;
 0.080664426, -0.72570729, 0.68325853, -0.20726751;
 0, 0, 0, 1]
Ow:
[0.17044137;
 -0.059986874;
 0.21951582]
Keyframe: 16 Frame: 172 Frame from vFrameID : 173
Tcw:
[0.99826819, 0.035114951, 0.047196515, 0.18753818;
 0.011935399, 0.6647113, -0.74700499, -0.055504754;
 -0.057603102, 0.74627465, 0.66314101, 0.25001287;
 0, 0, 0, 1]
Twc:
[0.99826819, 0.011935399, -0.057603102, -0.1721494;
 0.035114951, 0.6647113, 0.74627465, -0.15626904;
 0.047196515, -0.74700499, 0.66314101, -0.21610729;
 0, 0, 0, 1]
Ow:
[0.18753818;
 -0.055504754;
 0.25001287]
Keyframe: 17 Frame: 178 Frame from vFrameID : 179
Tcw:
[0.99845731, 0.054780427, 0.0090625305, 0.20577949;
 -0.028817939, 0.65077025, -0.75872761, -0.038040422;
 -0.047461048, 0.75729597, 0.65134495, 0.27620241;
 0, 0, 0, 1]
Twc:
[0.99845731, -0.028817939, -0.047461048, -0.19344942;
 0.054780427, 0.65077025, 0.75729597, -0.19568409;
 0.0090625305, -0.75872761, 0.65134495, -0.21063025;
 0, 0, 0, 1]
Ow:
[0.20577949;
 -0.038040422;
 0.27620241]
Keyframe: 18 Frame: 185 Frame from vFrameID : 186
Tcw:
[0.99852687, 0.053055994, 0.011365675, 0.22074439;
 -0.02687175, 0.66551924, -0.74589682, -0.052122042;
 -0.047138374, 0.74449259, 0.66596454, 0.30994654;
 0, 0, 0, 1]
Twc:
[0.99852687, -0.02687175, -0.047138374, -0.20720944;
 0.053055994, 0.66551924, 0.74449259, -0.20777649;
 0.011365675, -0.74589682, 0.66596454, -0.24779995;
 0, 0, 0, 1]
Ow:
[0.22074439;
 -0.052122042;
 0.30994654]
Keyframe: 19 Frame: 192 Frame from vFrameID : 193
Tcw:
[0.99712157, 0.072144143, 0.023319852, 0.25697854;
 -0.029732093, 0.65499574, -0.75504744, -0.040402502;
 -0.069746651, 0.7521807, 0.65525538, 0.36191517;
 0, 0, 0, 1]
Twc:
[0.99712157, -0.029732093, -0.069746651, -0.23219772;
 0.072144143, 0.65499574, 0.7521807, -0.26430166;
 0.023319852, -0.75504744, 0.65525538, -0.27364537;
 0, 0, 0, 1]
Ow:
[0.25697854;
 -0.040402502;
 0.36191517]
Keyframe: 20 Frame: 200 Frame from vFrameID : 201
Tcw:
[0.99615699, 0.072835572, 0.048643377, 0.26418096;
 -0.010599935, 0.65155631, -0.75852621, -0.042354688;
 -0.086941585, 0.7550956, 0.64982444, 0.40815601;
 0, 0, 0, 1]
Twc:
[0.99615699, -0.010599935, -0.086941585, -0.22812892;
 0.072835572, 0.65155631, 0.7550956, -0.29984209;
 0.048643377, -0.75852621, 0.64982444, -0.31020755;
 0, 0, 0, 1]
Ow:
[0.26418096;
 -0.042354688;
 0.40815601]
Keyframe: 21 Frame: 208 Frame from vFrameID : 209
Tcw:
[0.99934715, 0.036103416, -0.0013319928, 0.26864538;
 -0.024892017, 0.66135645, -0.74965864, -0.043017387;
 -0.026184317, 0.74920237, 0.66182333, 0.42195931;
 0, 0, 0, 1]
Twc:
[0.99934715, -0.024892017, -0.026184317, -0.25849211;
 0.036103416, 0.66135645, 0.74920237, -0.29738212;
 -0.0013319928, -0.74965864, 0.66182333, -0.31115305;
 0, 0, 0, 1]
Ow:
[0.26864538;
 -0.043017387;
 0.42195931]
Keyframe: 22 Frame: 215 Frame from vFrameID : 216
Tcw:
[0.99947584, 0.032315709, -0.0019214725, 0.29120502;
 -0.023407387, 0.68040305, -0.73246413, -0.041558251;
 -0.022362724, 0.73212522, 0.68080288, 0.46799371;
 0, 0, 0, 1]
Twc:
[0.99947584, -0.023407387, -0.022362724, -0.28155956;
 0.032315709, 0.68040305, 0.73212522, -0.32376415;
 -0.0019214725, -0.73246413, 0.68080288, -0.34849185;
 0, 0, 0, 1]
Ow:
[0.29120502;
 -0.041558251;
 0.46799371]
Keyframe: 23 Frame: 223 Frame from vFrameID : 224
Tcw:
[0.99958056, 0.015068394, 0.024731655, 0.32623228;
 0.0080961827, 0.67453301, -0.73820031, -0.06098932;
 -0.027805811, 0.73809093, 0.67412806, 0.52889538;
 0, 0, 0, 1]
Twc:
[0.99958056, 0.0080961827, -0.027805811, -0.31089532;
 0.015068394, 0.67453301, 0.73809093, -0.35414937;
 0.024731655, -0.73820031, 0.67412806, -0.40963385;
 0, 0, 0, 1]
Ow:
[0.32623228;
 -0.06098932;
 0.52889538]
Keyframe: 24 Frame: 231 Frame from vFrameID : 232
Tcw:
[0.99957192, 0.0087824119, 0.027908659, 0.35520625;
 0.014316538, 0.68506771, -0.72833872, -0.065089196;
 -0.02551589, 0.72842646, 0.68464869, 0.5759933;
 0, 0, 0, 1]
Twc:
[0.99957192, 0.014316538, -0.02551589, -0.33942536;
 0.0087824119, 0.68506771, 0.72842646, -0.37809786;
 0.027908659, -0.72833872, 0.68464869, -0.45167336;
 0, 0, 0, 1]
Ow:
[0.35520625;
 -0.065089196;
 0.5759933]
Keyframe: 25 Frame: 239 Frame from vFrameID : 240
Tcw:
[0.99997336, -0.0025765612, -0.0068262839, 0.38264561;
 -0.0032748831, 0.67754751, -0.73547173, -0.040181577;
 0.0065201195, 0.73547447, 0.67752105, 0.62045139;
 0, 0, 0, 1]
Twc:
[0.99997336, -0.0032748831, 0.0065201195, -0.38681245;
 -0.0025765612, 0.67754751, 0.73547447, -0.42811534;
 -0.0068262839, -0.73547173, 0.67752105, -0.44730923;
 0, 0, 0, 1]
Ow:
[0.38264561;
 -0.040181577;
 0.62045139]
Keyframe: 26 Frame: 247 Frame from vFrameID : 248
Tcw:
[0.99976867, 0.011024383, -0.018466499, 0.40835476;
 -0.021013875, 0.68353093, -0.72961897, -0.058198303;
 0.0045788242, 0.72983825, 0.68360454, 0.67339945;
 0, 0, 0, 1]
Twc:
[0.99976867, -0.021013875, 0.0045788242, -0.41256666;
 0.011024383, 0.68353093, 0.72983825, -0.45619422;
 -0.018466499, -0.72961897, 0.68360454, -0.49526063;
 0, 0, 0, 1]
Ow:
[0.40835476;
 -0.058198303;
 0.67339945]
Keyframe: 27 Frame: 255 Frame from vFrameID : 256
Tcw:
[0.99968493, 0.024844019, 0.0035744708, 0.44115287;
 -0.014373618, 0.68338943, -0.72991252, -0.073617727;
 -0.020576715, 0.72963119, 0.68353122, 0.69987077;
 0, 0, 0, 1]
Twc:
[0.99968493, -0.014373618, -0.020576715, -0.42767099;
 0.024844019, 0.68338943, 0.72963119, -0.47129795;
 0.0035744708, -0.72991252, 0.68353122, -0.53369492;
 0, 0, 0, 1]
Ow:
[0.44115287;
 -0.073617727;
 0.69987077]
Keyframe: 28 Frame: 264 Frame from vFrameID : 265
Tcw:
[0.99924475, 0.013979026, 0.036255591, 0.45702329;
 0.016414464, 0.69385332, -0.71992928, -0.078669339;
 -0.035219971, 0.71998066, 0.69309986, 0.75455278;
 0, 0, 0, 1]
Twc:
[0.99924475, 0.016414464, -0.035219971, -0.42881152;
 0.013979026, 0.69385332, 0.71998066, -0.49506715;
 0.036255591, -0.71992928, 0.69309986, -0.5961864;
 0, 0, 0, 1]
Ow:
[0.45702329;
 -0.078669339;
 0.75455278]
Keyframe: 29 Frame: 273 Frame from vFrameID : 274
Tcw:
[0.9999128, 0.01320599, 8.5261618e-06, 0.48127946;
 -0.009070049, 0.68722236, -0.72639054, -0.084607393;
 -0.0095985653, 0.72632706, 0.6872822, 0.81496322;
 0, 0, 0, 1]
Twc:
[0.9999128, -0.009070049, -0.0095985653, -0.4741824;
 0.01320599, 0.68722236, 0.72632706, -0.54014158;
 8.5261618e-06, -0.72639054, 0.6872822, -0.62157184;
 0, 0, 0, 1]
Ow:
[0.48127946;
 -0.084607393;
 0.81496322]
Keyframe: 30 Frame: 281 Frame from vFrameID : 282
Tcw:
[0.99954706, 0.014488278, 0.026378019, 0.49528888;
 0.0092571937, 0.68597907, -0.72756237, -0.094076812;
 -0.028635895, 0.72747701, 0.68553424, 0.82176733;
 0, 0, 0, 1]
Twc:
[0.99954706, 0.0092571937, -0.028635895, -0.47066161;
 0.014488278, 0.68597907, 0.72747701, -0.54045796;
 0.026378019, -0.72756237, 0.68553424, -0.6448611;
 0, 0, 0, 1]
Ow:
[0.49528888;
 -0.094076812;
 0.82176733]
Keyframe: 31 Frame: 290 Frame from vFrameID : 291
Tcw:
[0.99590081, -0.00019511329, 0.090451866, 0.47797462;
 0.065537021, 0.69077748, -0.72009122, -0.090415955;
 -0.062341616, 0.72306734, 0.68795866, 0.87315208;
 0, 0, 0, 1]
Twc:
[0.99590081, 0.065537021, -0.062341616, -0.41565603;
 -0.00019511329, 0.69077748, 0.72306734, -0.56879723;
 0.090451866, -0.72009122, 0.68795866, -0.70903397;
 0, 0, 0, 1]
Ow:
[0.47797462;
 -0.090415955;
 0.87315208]
Keyframe: 32 Frame: 298 Frame from vFrameID : 299
Tcw:
[0.99799955, 0.010821041, 0.06228843, 0.51260263;
 0.038265817, 0.68088478, -0.73139018, -0.076070428;
 -0.050325651, 0.73231059, 0.67910862, 0.9257046;
 0, 0, 0, 1]
Twc:
[0.99799955, 0.038265817, -0.050325651, -0.46207961;
 0.010821041, 0.68088478, 0.73231059, -0.63165498;
 0.06228843, -0.73139018, 0.67910862, -0.71622038;
 0, 0, 0, 1]
Ow:
[0.51260263;
 -0.076070428;
 0.9257046]
Keyframe: 33 Frame: 306 Frame from vFrameID : 307
Tcw:
[0.99853724, 0.0096341092, 0.053202603, 0.54286808;
 0.031457908, 0.69677931, -0.71659541, -0.084401131;
 -0.043974232, 0.71722084, 0.69545704, 0.95776165;
 0, 0, 0, 1]
Twc:
[0.99853724, 0.031457908, -0.043974232, -0.49730214;
 0.0096341092, 0.69677931, 0.71722084, -0.63334775;
 0.053202603, -0.71659541, 0.69545704, -0.75544554;
 0, 0, 0, 1]
Ow:
[0.54286808;
 -0.084401131;
 0.95776165]
Keyframe: 34 Frame: 313 Frame from vFrameID : 314
Tcw:
[0.99831414, 0.015563302, 0.055916745, 0.55735135;
 0.030049628, 0.68563408, -0.72732592, -0.077628613;
 -0.049658019, 0.72777998, 0.68401051, 0.99967539;
 0, 0, 0, 1]
Twc:
[0.99831414, 0.030049628, -0.049658019, -0.50443715;
 0.015563302, 0.68563408, 0.72777998, -0.68299317;
 0.055916745, -0.72732592, 0.68401051, -0.771415;
 0, 0, 0, 1]
Ow:
[0.55735135;
 -0.077628613;
 0.99967539]
Keyframe: 35 Frame: 323 Frame from vFrameID : 324
Tcw:
[0.99433893, 0.042621985, 0.097331412, 0.58241516;
 0.040117413, 0.69762856, -0.71533555, -0.099598646;
 -0.098390192, 0.71519071, 0.69196939, 1.0521019;
 0, 0, 0, 1]
Twc:
[0.99433893, 0.040117413, -0.098390192, -0.47160596;
 0.042621985, 0.69762856, 0.71519071, -0.70779431;
 0.097331412, -0.71533555, 0.69196939, -0.85595596;
 0, 0, 0, 1]
Ow:
[0.58241516;
 -0.099598646;
 1.0521019]
Keyframe: 36 Frame: 331 Frame from vFrameID : 332
Tcw:
[0.9983719, 0.015807785, 0.05480551, 0.60165024;
 0.029140359, 0.68462843, -0.72830951, -0.057350755;
 -0.049034368, 0.72872084, 0.68305314, 1.0983001;
 0, 0, 0, 1]
Twc:
[0.9983719, 0.029140359, -0.049034368, -0.54514503;
 0.015807785, 0.68462843, 0.72872084, -0.77060091;
 0.05480551, -0.72830951, 0.68305314, -0.8249402;
 0, 0, 0, 1]
Ow:
[0.60165024;
 -0.057350755;
 1.0983001]
Keyframe: 37 Frame: 339 Frame from vFrameID : 340
Tcw:
[0.99989122, -0.014049966, -0.0044850055, 0.63320327;
 0.0063760406, 0.68601322, -0.72756112, -0.060987532;
 0.013298982, 0.72745341, 0.68602824, 1.1453805;
 0, 0, 0, 1]
Twc:
[0.99989122, 0.0063760406, 0.013298982, -0.64797801;
 -0.014049966, 0.68601322, 0.72745341, -0.78247619;
 -0.0044850055, -0.72756112, 0.68602824, -0.82729554;
 0, 0, 0, 1]
Ow:
[0.63320327;
 -0.060987532;
 1.1453805]
Keyframe: 38 Frame: 347 Frame from vFrameID : 348
Tcw:
[0.99968433, 0.0070764106, 0.024106504, 0.64456975;
 0.012812507, 0.68176526, -0.73145878, -0.087933898;
 -0.02161108, 0.73153675, 0.68145943, 1.1758052;
 0, 0, 0, 1]
Twc:
[0.99968433, 0.012812507, -0.02161108, -0.6178292;
 0.0070764106, 0.68176526, 0.73153675, -0.80475575;
 0.024106504, -0.73145878, 0.68145943, -0.88112181;
 0, 0, 0, 1]
Ow:
[0.64456975;
 -0.087933898;
 1.1758052]
Keyframe: 39 Frame: 355 Frame from vFrameID : 356
Tcw:
[0.99806428, 0.018720411, 0.05930597, 0.66958886;
 0.030483279, 0.68394375, -0.72889763, -0.083230853;
 -0.054207209, 0.72929454, 0.68204916, 1.2177408;
 0, 0, 0, 1]
Twc:
[0.99806428, 0.030483279, -0.054207209, -0.59974521;
 0.018720411, 0.68394375, 0.72929454, -0.84370148;
 0.05930597, -0.72889763, 0.68204916, -0.93093652;
 0, 0, 0, 1]
Ow:
[0.66958886;
 -0.083230853;
 1.2177408]
Keyframe: 40 Frame: 363 Frame from vFrameID : 364
Tcw:
[0.99997097, -0.0045882994, 0.0060853329, 0.68512136;
 0.0075863022, 0.67565989, -0.73717445, -0.046162546;
 -0.00072923844, 0.73719919, 0.67567509, 1.2673569;
 0, 0, 0, 1]
Twc:
[0.99997097, 0.0075863022, -0.00072923844, -0.68382704;
 -0.0045882994, 0.67565989, 0.73719919, -0.8999607;
 0.0060853329, -0.73717445, 0.67567509, -0.8945204;
 0, 0, 0, 1]
Ow:
[0.68512136;
 -0.046162546;
 1.2673569]
Keyframe: 41 Frame: 370 Frame from vFrameID : 371
Tcw:
[0.99985522, 0.0015630791, 0.016944043, 0.68613809;
 0.011402649, 0.67757261, -0.73536748, -0.032493055;
 -0.012630258, 0.7354542, 0.67745674, 1.3030561;
 0, 0, 0, 1]
Twc:
[0.99985522, 0.011402649, -0.012630258, -0.66921037;
 0.0015630791, 0.67757261, 0.7354542, -0.9373942;
 0.016944043, -0.73536748, 0.67745674, -0.91828436;
 0, 0, 0, 1]
Ow:
[0.68613809;
 -0.032493055;
 1.3030561]
Keyframe: 42 Frame: 378 Frame from vFrameID : 379
Tcw:
[0.99933076, 0.012137065, 0.034506775, 0.73470134;
 0.017047456, 0.68010634, -0.73291522, -0.057114124;
 -0.032363717, 0.73301297, 0.67944431, 1.3487659;
 0, 0, 0, 1]
Twc:
[0.99933076, 0.017047456, -0.032363717, -0.68958491;
 0.012137065, 0.68010634, 0.73301297, -0.95873624;
 0.034506775, -0.73291522, 0.67944431, -0.98362321;
 0, 0, 0, 1]
Ow:
[0.73470134;
 -0.057114124;
 1.3487659]
Keyframe: 43 Frame: 386 Frame from vFrameID : 387
Tcw:
[0.99913353, 0.014109156, 0.039155077, 0.79637986;
 0.01978391, 0.66669351, -0.74506938, -0.063312769;
 -0.036616735, 0.74519843, 0.66583669, 1.3790469;
 0, 0, 0, 1]
Twc:
[0.99913353, 0.01978391, -0.036616735, -0.74394107;
 0.014109156, 0.66669351, 0.74519843, -0.99668962;
 0.039155077, -0.74506938, 0.66583669, -0.99657476;
 0, 0, 0, 1]
Ow:
[0.79637986;
 -0.063312769;
 1.3790469]
Keyframe: 44 Frame: 394 Frame from vFrameID : 395
Tcw:
[0.99993694, -0.0095184306, 0.0059554358, 0.79932737;
 0.010780224, 0.66558748, -0.74624199, -0.036528468;
 0.0031391885, 0.74625915, 0.66564816, 1.4088701;
 0, 0, 0, 1]
Twc:
[0.99993694, 0.010780224, 0.0031391885, -0.80330598;
 -0.0095184306, 0.66558748, 0.74625915, -1.0194609;
 0.0059554358, -0.74624199, 0.66564816, -0.96983111;
 0, 0, 0, 1]
Ow:
[0.79932737;
 -0.036528468;
 1.4088701]
Keyframe: 45 Frame: 400 Frame from vFrameID : 401
Tcw:
[0.99982733, -0.016174491, -0.0091473144, 0.79869336;
 0.0039584497, 0.66636616, -0.74561417, -0.040413678;
 0.01815539, 0.74544924, 0.66631508, 1.4526179;
 0, 0, 0, 1]
Twc:
[0.99982733, 0.0039584497, 0.01815539, -0.82476836;
 -0.016174491, 0.66636616, 0.74544924, -1.0430042;
 -0.0091473144, -0.74561417, 0.66631508, -0.99072844;
 0, 0, 0, 1]
Ow:
[0.79869336;
 -0.040413678;
 1.4526179]
Keyframe: 46 Frame: 408 Frame from vFrameID : 409
Tcw:
[0.99907488, -0.02239348, 0.036714207, 0.81118166;
 0.042255808, 0.66980785, -0.74133116, -0.051258802;
 -0.0079904813, 0.74219668, 0.67013448, 1.4848616;
 0, 0, 0, 1]
Twc:
[0.99907488, 0.042255808, -0.0079904813, -0.79640049;
 -0.02239348, 0.66980785, 0.74219668, -1.0495607;
 0.036714207, -0.74133116, 0.67013448, -1.0628386;
 0, 0, 0, 1]
Ow:
[0.81118166;
 -0.051258802;
 1.4848616]
Keyframe: 47 Frame: 415 Frame from vFrameID : 416
Tcw:
[0.99784076, -0.0075554042, 0.065243892, 0.81568903;
 0.052929677, 0.68065995, -0.73068494, -0.051779449;
 -0.038888283, 0.73256052, 0.67959017, 1.515292;
 0, 0, 0, 1]
Twc:
[0.99784076, 0.052929677, -0.038888283, -0.75225997;
 -0.0075554042, 0.68065995, 0.73256052, -1.0686361;
 0.065243892, -0.73068494, 0.67959017, -1.1208307;
 0, 0, 0, 1]
Ow:
[0.81568903;
 -0.051779449;
 1.515292]
Keyframe: 48 Frame: 423 Frame from vFrameID : 424
Tcw:
[0.99987322, -0.010958926, -0.011552706, 0.85312468;
 -0.0015254387, 0.65624815, -0.7545436, -0.045093417;
 0.01585043, 0.75446552, 0.65614825, 1.5569484;
 0, 0, 0, 1]
Twc:
[0.99987322, -0.0015254387, 0.01585043, -0.87776357;
 -0.010958926, 0.65624815, 0.75446552, -1.1357222;
 -0.011552706, -0.7545436, 0.65614825, -1.045758;
 0, 0, 0, 1]
Ow:
[0.85312468;
 -0.045093417;
 1.5569484]
Keyframe: 49 Frame: 430 Frame from vFrameID : 431
Tcw:
[0.99978518, -0.018096931, -0.010105726, 0.86542755;
 0.005006603, 0.68396366, -0.72949892, -0.04843694;
 0.020113641, 0.72929156, 0.68390733, 1.5921514;
 0, 0, 0, 1]
Twc:
[0.99978518, 0.005006603, 0.020113641, -0.89702308;
 -0.018096931, 0.68396366, 0.72929156, -1.1123519;
 -0.010105726, -0.72949892, 0.68390733, -1.1154729;
 0, 0, 0, 1]
Ow:
[0.86542755;
 -0.04843694;
 1.5921514]
Keyframe: 50 Frame: 437 Frame from vFrameID : 438
Tcw:
[0.99793851, -0.02857893, 0.057462405, 0.84265757;
 0.061231703, 0.69213551, -0.71916556, -0.057230949;
 -0.019218788, 0.72120154, 0.69245863, 1.6421986;
 0, 0, 0, 1]
Twc:
[0.99793851, 0.061231703, -0.019218788, -0.80585504;
 -0.02857893, 0.69213551, 0.72120154, -1.1206623;
 0.057462405, -0.71916556, 0.69245863, -1.2267343;
 0, 0, 0, 1]
Ow:
[0.84265757;
 -0.057230949;
 1.6421986]
Keyframe: 51 Frame: 446 Frame from vFrameID : 447
Tcw:
[0.99540001, -0.0045406544, 0.095698349, 0.85159039;
 0.072887234, 0.68417203, -0.72566938, -0.061842859;
 -0.062179122, 0.72930652, 0.68135583, 1.693671;
 0, 0, 0, 1]
Twc:
[0.99540001, 0.072887234, -0.062179122, -0.7378546;
 -0.0045406544, 0.68417203, 0.72930652, -1.1890273;
 0.095698349, -0.72566938, 0.68135583, -1.2803658;
 0, 0, 0, 1]
Ow:
[0.85159039;
 -0.061842859;
 1.693671]
Keyframe: 52 Frame: 454 Frame from vFrameID : 455
Tcw:
[0.99782413, -0.02976132, 0.058832664, 0.89985782;
 0.063498698, 0.67396992, -0.73602474, -0.039170742;
 -0.01774638, 0.73815906, 0.6743933, 1.7384325;
 0, 0, 0, 1]
Twc:
[0.99782413, 0.063498698, -0.01774638, -0.86456168;
 -0.02976132, 0.67396992, 0.73815906, -1.2300588;
 0.058832664, -0.73602474, 0.6743933, -1.2541589;
 0, 0, 0, 1]
Ow:
[0.89985782;
 -0.039170742;
 1.7384325]
Keyframe: 53 Frame: 462 Frame from vFrameID : 463
Tcw:
[0.99947685, -0.02869623, 0.014917787, 0.9196074;
 0.030401712, 0.67623836, -0.73605531, -0.056978345;
 0.011034032, 0.7361238, 0.67675698, 1.7721931;
 0, 0, 0, 1]
Twc:
[0.99947685, 0.030401712, 0.011034032, -0.9369486;
 -0.02869623, 0.67623836, 0.7361238, -1.2396333;
 0.014917787, -0.73605531, 0.67675698, -1.2550018;
 0, 0, 0, 1]
Ow:
[0.9196074;
 -0.056978345;
 1.7721931]
Keyframe: 54 Frame: 470 Frame from vFrameID : 471
Tcw:
[0.99805993, -0.018723831, 0.05937827, 0.92695975;
 0.056703981, 0.66719508, -0.74272162, -0.049081981;
 -0.025710296, 0.74464768, 0.66696239, 1.8260818;
 0, 0, 0, 1]
Twc:
[0.99805993, 0.056703981, -0.025710296, -0.87542915;
 -0.018723831, 0.66719508, 0.74464768, -1.309684;
 0.05937827, -0.74272162, 0.66696239, -1.3094233;
 0, 0, 0, 1]
Ow:
[0.92695975;
 -0.049081981;
 1.8260818]
Keyframe: 55 Frame: 478 Frame from vFrameID : 479
Tcw:
[0.99601305, -0.011886072, 0.08841224, 0.93864548;
 0.07188537, 0.69381958, -0.71655208, -0.067999959;
 -0.052825153, 0.72005075, 0.69190782, 1.8640547;
 0, 0, 0, 1]
Twc:
[0.99601305, 0.07188537, -0.052825153, -0.83154601;
 -0.011886072, 0.69381958, 0.72005075, -1.2838775;
 0.08841224, -0.71655208, 0.69190782, -1.4214672;
 0, 0, 0, 1]
Ow:
[0.93864548;
 -0.067999959;
 1.8640547]
Keyframe: 56 Frame: 486 Frame from vFrameID : 487
Tcw:
[0.99915558, -0.015546163, 0.038031623, 0.95408016;
 0.03850159, 0.67740887, -0.73459846, -0.021166503;
 -0.014342772, 0.7354424, 0.6774354, 1.8924067;
 0, 0, 0, 1]
Twc:
[0.99915558, 0.03850159, -0.014342772, -0.92531723;
 -0.015546163, 0.67740887, 0.7354424, -1.3625855;
 0.038031623, -0.73459846, 0.6774354, -1.3338174;
 0, 0, 0, 1]
Ow:
[0.95408016;
 -0.021166503;
 1.8924067]
Keyframe: 57 Frame: 494 Frame from vFrameID : 495
Tcw:
[0.99983996, -0.017857725, 0.0010715807, 0.99288625;
 0.013344141, 0.70455164, -0.70952725, -0.044909954;
 0.011915559, 0.70942801, 0.70467716, 1.9316859;
 0, 0, 0, 1]
Twc:
[0.99983996, 0.013344141, 0.011915559, -1.0151452;
 -0.017857725, 0.70455164, 0.70942801, -1.32102;
 0.0010715807, -0.70952725, 0.70467716, -1.3941438;
 0, 0, 0, 1]
Ow:
[0.99288625;
 -0.044909954;
 1.9316859]
Keyframe: 58 Frame: 502 Frame from vFrameID : 503
Tcw:
[0.9998973, -0.0085277418, 0.011517816, 0.97394216;
 0.014236955, 0.68308061, -0.73020422, -0.00025069714;
 -0.0016406042, 0.73029321, 0.68313187, 1.9956126;
 0, 0, 0, 1]
Twc:
[0.9998973, 0.014236955, -0.0016406042, -0.97056454;
 -0.0085277418, 0.68308061, 0.73029321, -1.4489055;
 0.011517816, -0.73020422, 0.68313187, -1.3746672;
 0, 0, 0, 1]
Ow:
[0.97394216;
 -0.00025069714;
 1.9956126]
Keyframe: 59 Frame: 509 Frame from vFrameID : 510
Tcw:
[0.9988811, -0.012128011, 0.045710351, 0.9482103;
 0.041673675, 0.68266338, -0.72954375, 0.0067414045;
 -0.022356868, 0.73063236, 0.68240494, 2.0117972;
 0, 0, 0, 1]
Twc:
[0.9988811, 0.041673675, -0.022356868, -0.90245283;
 -0.012128011, 0.68266338, 0.73063236, -1.4629864;
 0.045710351, -0.72954375, 0.68240494, -1.4112852;
 0, 0, 0, 1]
Ow:
[0.9482103;
 0.0067414045;
 2.0117972]
Keyframe: 60 Frame: 518 Frame from vFrameID : 519
Tcw:
[0.99976456, -0.013864392, 0.016692003, 0.99269855;
 0.021673357, 0.67538887, -0.73714322, 0.041158915;
 -0.0010535502, 0.73733145, 0.67553037, 2.0502334;
 0, 0, 0, 1]
Twc:
[0.99976456, 0.021673357, -0.0010535502, -0.99119681;
 -0.013864392, 0.67538887, 0.73733145, -1.5257366;
 0.016692003, -0.73714322, 0.67553037, -1.371225;
 0, 0, 0, 1]
Ow:
[0.99269855;
 0.041158915;
 2.0502334]
Keyframe: 61 Frame: 525 Frame from vFrameID : 526
Tcw:
[0.99991524, -0.010306594, 0.0079575535, 0.98347896;
 0.012833574, 0.67672831, -0.73612094, 0.056335449;
 0.0022017979, 0.7361607, 0.67680323, 2.0876672;
 0, 0, 0, 1]
Twc:
[0.99991524, 0.012833574, 0.0022017979, -0.98871517;
 -0.010306594, 0.67672831, 0.7361607, -1.5648459;
 0.0079575535, -0.73612094, 0.67680323, -1.3792963;
 0, 0, 0, 1]
Ow:
[0.98347896;
 0.056335449;
 2.0876672]
Keyframe: 62 Frame: 531 Frame from vFrameID : 532
Tcw:
[0.99921709, -0.023366923, 0.031925555, 0.98707139;
 0.039297927, 0.67950606, -0.73261666, 0.0497787;
 -0.0045746127, 0.73329765, 0.67989236, 2.1173623;
 0, 0, 0, 1]
Twc:
[0.99921709, 0.039297927, -0.0045746127, -0.97856861;
 -0.023366923, 0.67950606, 0.73329765, -1.563417;
 0.031925555, -0.73261666, 0.67989236, -1.4346225;
 0, 0, 0, 1]
Ow:
[0.98707139;
 0.0497787;
 2.1173623]
Keyframe: 63 Frame: 539 Frame from vFrameID : 540
Tcw:
[0.99757987, -0.014041151, 0.068096906, 0.99455518;
 0.0595228, 0.67865694, -0.73203945, 0.047483206;
 -0.03593576, 0.73432118, 0.67785031, 2.1378927;
 0, 0, 0, 1]
Twc:
[0.99757987, 0.0595228, -0.03593576, -0.9181478;
 -0.014041151, 0.67865694, 0.73432118, -1.5881599;
 0.068096906, -0.73203945, 0.67785031, -1.4821378;
 0, 0, 0, 1]
Ow:
[0.99455518;
 0.047483206;
 2.1378927]
Keyframe: 64 Frame: 547 Frame from vFrameID : 548
Tcw:
[0.99730581, -0.032393627, 0.065815791, 1.0128192;
 0.069853432, 0.69330031, -0.71725529, 0.0562464;
 -0.022395611, 0.71992034, 0.69369525, 2.1586804;
 0, 0, 0, 1]
Twc:
[0.99730581, 0.069853432, -0.022395611, -0.96567458;
 -0.032393627, 0.69330031, 0.71992034, -1.5602647;
 0.065815791, -0.71725529, 0.69369525, -1.5237828;
 0, 0, 0, 1]
Ow:
[1.0128192;
 0.0562464;
 2.1586804]
Keyframe: 65 Frame: 555 Frame from vFrameID : 556
Tcw:
[0.99841446, -0.022575712, 0.05156472, 0.98179477;
 0.052619193, 0.699705, -0.71249151, 0.11507714;
 -0.01999509, 0.71407509, 0.6997835, 2.1765776;
 0, 0, 0, 1]
Twc:
[0.99841446, 0.052619193, -0.01999509, -0.94277251;
 -0.022575712, 0.699705, 0.71407509, -1.6125952;
 0.05156472, -0.71249151, 0.6997835, -1.4917675;
 0, 0, 0, 1]
Ow:
[0.98179477;
 0.11507714;
 2.1765776]
Keyframe: 66 Frame: 563 Frame from vFrameID : 564
Tcw:
[0.99770504, -0.041578192, 0.053440638, 1.0314932;
 0.067221425, 0.70287764, -0.70812732, 0.020671725;
 -0.0081195757, 0.71009457, 0.70405948, 2.2521329;
 0, 0, 0, 1]
Twc:
[0.99770504, 0.067221425, -0.0081195757, -1.0122292;
 -0.041578192, 0.70287764, 0.71009457, -1.5708694;
 0.053440638, -0.70812732, 0.70405948, -1.6261209;
 0, 0, 0, 1]
Ow:
[1.0314932;
 0.020671725;
 2.2521329]
Keyframe: 67 Frame: 571 Frame from vFrameID : 572
Tcw:
[0.99566853, -0.029782329, 0.088075049, 1.0454755;
 0.083781362, 0.69811994, -0.71106201, 0.012018204;
 -0.040309869, 0.71536112, 0.69759125, 2.2752328;
 0, 0, 0, 1]
Twc:
[0.99566853, 0.083781362, -0.040309869, -0.9502396;
 -0.029782329, 0.69811994, 0.71536112, -1.6048665;
 0.088075049, -0.71106201, 0.69759125, -1.6707171;
 0, 0, 0, 1]
Ow:
[1.0454755;
 0.012018204;
 2.2752328]
Keyframe: 68 Frame: 579 Frame from vFrameID : 580
Tcw:
[0.99656373, -0.0326818, 0.076108947, 1.0659605;
 0.077795096, 0.68476766, -0.72459722, 0.016171098;
 -0.028435806, 0.72802824, 0.68495715, 2.324317;
 0, 0, 0, 1]
Twc:
[0.99656373, 0.077795096, -0.028435806, -0.99746192;
 -0.0326818, 0.68476766, 0.72802824, -1.6684042;
 0.076108947, -0.72459722, 0.68495715, -1.661469;
 0, 0, 0, 1]
Ow:
[1.0659605;
 0.016171098;
 2.324317]
Keyframe: 69 Frame: 588 Frame from vFrameID : 589
Tcw:
[0.99767607, -0.02939277, 0.061469793, 1.0712239;
 0.064625435, 0.69404656, -0.71702367, 0.039862514;
 -0.021587584, 0.71932989, 0.69433314, 2.3632259;
 0, 0, 0, 1]
Twc:
[0.99767607, 0.064625435, -0.021587584, -1.0202942;
 -0.02939277, 0.69404656, 0.71932989, -1.6961193;
 0.061469793, -0.71702367, 0.69433314, -1.6781317;
 0, 0, 0, 1]
Ow:
[1.0712239;
 0.039862514;
 2.3632259]
Keyframe: 70 Frame: 596 Frame from vFrameID : 597
Tcw:
[0.99751639, -0.026882432, 0.065102607, 1.0776548;
 0.065643325, 0.68989474, -0.7209273, 0.10183585;
 -0.025533665, 0.72341037, 0.689946, 2.3922594;
 0, 0, 0, 1]
Twc:
[0.99751639, 0.065643325, -0.025533665, -1.0205802;
 -0.026882432, 0.68989474, 0.72341037, -1.7718712;
 0.065102607, -0.7209273, 0.689946, -1.6472716;
 0, 0, 0, 1]
Ow:
[1.0776548;
 0.10183585;
 2.3922594]
Keyframe: 71 Frame: 603 Frame from vFrameID : 604
Tcw:
[0.99445033, -0.016550515, 0.10389725, 1.1053751;
 0.085578986, 0.70167047, -0.70734346, 0.081214905;
 -0.061194737, 0.71230936, 0.69919282, 2.434917;
 0, 0, 0, 1]
Twc:
[0.99445033, 0.085578986, -0.061194737, -0.95718676;
 -0.016550515, 0.70167047, 0.71230936, -1.7731056;
 0.10389725, -0.70734346, 0.69919282, -1.7598749;
 0, 0, 0, 1]
Ow:
[1.1053751;
 0.081214905;
 2.434917]
Keyframe: 72 Frame: 612 Frame from vFrameID : 613
Tcw:
[0.99795711, -0.020199144, 0.060609803, 1.1496845;
 0.057641242, 0.69379652, -0.71786064, 0.082386613;
 -0.027550701, 0.71988773, 0.69354349, 2.4736409;
 0, 0, 0, 1]
Twc:
[0.99795711, 0.057641242, -0.027550701, -1.0839342;
 -0.020199144, 0.69379652, 0.71988773, -1.8146807;
 0.060609803, -0.71786064, 0.69354349, -1.7261175;
 0, 0, 0, 1]
Ow:
[1.1496845;
 0.082386613;
 2.4736409]
Keyframe: 73 Frame: 621 Frame from vFrameID : 622
Tcw:
[0.99974954, -0.015752524, 0.015897822, 1.1700572;
 0.022373796, 0.6861977, -0.72707093, 0.066815257;
 0.00054415298, 0.7272445, 0.6863783, 2.5158324;
 0, 0, 0, 1]
Twc:
[0.99974954, 0.022373796, 0.00054415298, -1.172628;
 -0.015752524, 0.6861977, 0.7272445, -1.8570424;
 0.015897822, -0.72707093, 0.6863783, -1.6968347;
 0, 0, 0, 1]
Ow:
[1.1700572;
 0.066815257;
 2.5158324]
Keyframe: 74 Frame: 627 Frame from vFrameID : 628
Tcw:
[0.99864072, -0.027554583, 0.044242829, 1.128554;
 0.051275671, 0.67169642, -0.73904985, 0.09256959;
 -0.0093535408, 0.74031389, 0.67219633, 2.5507348;
 0, 0, 0, 1]
Twc:
[0.99864072, 0.051275671, -0.0093535408, -1.1079081;
 -0.027554583, 0.67169642, 0.74031389, -1.9194262;
 0.044242829, -0.73904985, 0.67219633, -1.6961113;
 0, 0, 0, 1]
Ow:
[1.128554;
 0.09256959;
 2.5507348]
Keyframe: 75 Frame: 634 Frame from vFrameID : 635
Tcw:
[0.99775457, -0.018692713, 0.064314477, 1.1801864;
 0.05996953, 0.67692775, -0.7336024, 0.099695683;
 -0.029823236, 0.73581207, 0.67652875, 2.5765424;
 0, 0, 0, 1]
Twc:
[0.99775457, 0.05996953, -0.029823236, -1.1066743;
 -0.018692713, 0.67692775, 0.73581207, -1.941277;
 0.064314477, -0.7336024, 0.67652875, -1.7458713;
 0, 0, 0, 1]
Ow:
[1.1801864;
 0.099695683;
 2.5765424]
Keyframe: 76 Frame: 644 Frame from vFrameID : 645
Tcw:
[0.99840635, -0.041078787, 0.038694791, 1.2078485;
 0.056305632, 0.6789518, -0.73202056, 0.085994124;
 0.0037986175, 0.7330327, 0.68018275, 2.6340551;
 0, 0, 0, 1]
Twc:
[0.99840635, 0.056305632, 0.0037986175, -1.2207713;
 -0.041078787, 0.6789518, 0.7330327, -1.9396175;
 0.038694791, -0.73202056, 0.68018275, -1.775427;
 0, 0, 0, 1]
Ow:
[1.2078485;
 0.085994124;
 2.6340551]
Keyframe: 77 Frame: 651 Frame from vFrameID : 652
Tcw:
[0.99913758, -0.034904309, 0.022488346, 1.2346553;
 0.040379532, 0.69065678, -0.72205448, 0.08498919;
 0.0096710827, 0.72233987, 0.69147062, 2.6694181;
 0, 0, 0, 1]
Twc:
[0.99913758, 0.040379532, 0.0096710827, -1.2628386;
 -0.034904309, 0.69065678, 0.72233987, -1.9438306;
 0.022488346, -0.72205448, 0.69147062, -1.8122226;
 0, 0, 0, 1]
Ow:
[1.2346553;
 0.08498919;
 2.6694181]
Keyframe: 78 Frame: 659 Frame from vFrameID : 660
Tcw:
[0.99768454, -0.037880622, 0.056486081, 1.2393271;
 0.067127697, 0.68194377, -0.72831762, 0.071216106;
 -0.010931207, 0.73042297, 0.68290758, 2.7209468;
 0, 0, 0, 1]
Twc:
[0.99768454, 0.067127697, -0.010931207, -1.2114947;
 -0.037880622, 0.68194377, 0.73042297, -1.989061;
 0.056486081, -0.72831762, 0.68290758, -1.876292;
 0, 0, 0, 1]
Ow:
[1.2393271;
 0.071216106;
 2.7209468]
Keyframe: 79 Frame: 667 Frame from vFrameID : 668
Tcw:
[0.99626577, -0.021556538, 0.083605327, 1.2651052;
 0.074974328, 0.69621629, -0.71390599, 0.090146899;
 -0.042818051, 0.71750832, 0.69523263, 2.7531636;
 0, 0, 0, 1]
Twc:
[0.99626577, 0.074974328, -0.042818051, -1.1492546;
 -0.021556538, 0.69621629, 0.71750832, -2.0109084;
 0.083605327, -0.71390599, 0.69523263, -1.9555024;
 0, 0, 0, 1]
Ow:
[1.2651052;
 0.090146899;
 2.7531636]
Keyframe: 80 Frame: 675 Frame from vFrameID : 676
Tcw:
[0.99897915, -0.037753016, 0.024806002, 1.2826947;
 0.044044342, 0.69201899, -0.72053438, 0.11269414;
 0.010036123, 0.72089142, 0.69297534, 2.7691622;
 0, 0, 0, 1]
Twc:
[0.99897915, 0.044044342, 0.010036123, -1.3141406;
 -0.037753016, 0.69201899, 0.72089142, -2.0258262;
 0.024806002, -0.72053438, 0.69297534, -1.8695797;
 0, 0, 0, 1]
Ow:
[1.2826947;
 0.11269414;
 2.7691622]
Keyframe: 81 Frame: 683 Frame from vFrameID : 684
Tcw:
[0.99859399, -0.048988689, 0.020251138, 1.293511;
 0.048837114, 0.70165318, -0.71084297, 0.10445368;
 0.020613987, 0.71083254, 0.70305914, 2.808228;
 0, 0, 0, 1]
Twc:
[0.99859399, 0.048837114, 0.020613987, -1.3546824;
 -0.048988689, 0.70165318, 0.71083254, -2.0061028;
 0.020251138, -0.71084297, 0.70305914, -1.9262953;
 0, 0, 0, 1]
Ow:
[1.293511;
 0.10445368;
 2.808228]
Keyframe: 82 Frame: 692 Frame from vFrameID : 693
Tcw:
[0.99586391, -0.054277811, 0.072862759, 1.2703768;
 0.090325497, 0.67808843, -0.72940892, 0.10339487;
 -0.0098166764, 0.7329734, 0.68018651, 2.8591022;
 0, 0, 0, 1]
Twc:
[0.99586391, 0.090325497, -0.0098166764, -1.2463948;
 -0.054277811, 0.67808843, 0.7329734, -2.0968032;
 0.072862759, -0.72940892, 0.68018651, -1.9618685;
 0, 0, 0, 1]
Ow:
[1.2703768;
 0.10339487;
 2.8591022]
Keyframe: 83 Frame: 700 Frame from vFrameID : 701
Tcw:
[0.99291641, -0.06126098, 0.10180423, 1.2728274;
 0.11561538, 0.69566691, -0.70899975, 0.11961937;
 -0.027387816, 0.71574759, 0.6978218, 2.8714552;
 0, 0, 0, 1]
Twc:
[0.99291641, 0.11561538, -0.027387816, -1.1989981;
 -0.06126098, 0.69566691, 0.71574759, -2.0604777;
 0.10180423, -0.70899975, 0.6978218, -2.0485332;
 0, 0, 0, 1]
Ow:
[1.2728274;
 0.11961937;
 2.8714552]
Keyframe: 84 Frame: 709 Frame from vFrameID : 710
Tcw:
[0.99677974, -0.070241727, 0.03868081, 1.2908578;
 0.076572381, 0.69056094, -0.71920949, 0.11152506;
 0.023807062, 0.71985537, 0.69371575, 2.8944824;
 0, 0, 0, 1]
Twc:
[0.99677974, 0.076572381, 0.023807062, -1.3641497;
 -0.070241727, 0.69056094, 0.71985537, -2.0699513;
 0.03868081, -0.71920949, 0.69371575, -1.9776694;
 0, 0, 0, 1]
Ow:
[1.2908578;
 0.11152506;
 2.8944824]
Keyframe: 85 Frame: 716 Frame from vFrameID : 717
Tcw:
[0.9980346, -0.060679194, 0.015651921, 1.2904885;
 0.053801727, 0.70164847, -0.71048915, 0.14055991;
 0.032129761, 0.70993483, 0.70353407, 2.9155655;
 0, 0, 0, 1]
Twc:
[0.9980346, 0.053801727, 0.032129761, -1.389191;
 -0.060679194, 0.70164847, 0.70993483, -2.0901794;
 0.015651921, -0.71048915, 0.70353407, -1.9715321;
 0, 0, 0, 1]
Ow:
[1.2904885;
 0.14055991;
 2.9155655]
Keyframe: 86 Frame: 723 Frame from vFrameID : 724
Tcw:
[0.99557602, -0.058663577, 0.073396064, 1.3015089;
 0.093644477, 0.68342024, -0.72399414, 0.10194087;
 -0.007688269, 0.72766435, 0.68589032, 2.9581623;
 0, 0, 0, 1]
Twc:
[0.99557602, 0.093644477, -0.007688269, -1.282554;
 -0.058663577, 0.68342024, 0.72766435, -2.1458666;
 0.073396064, -0.72399414, 0.68589032, -2.0506959;
 0, 0, 0, 1]
Ow:
[1.3015089;
 0.10194087;
 2.9581623]
Keyframe: 87 Frame: 731 Frame from vFrameID : 732
Tcw:
[0.99421328, -0.044306386, 0.097861469, 1.3201714;
 0.10114841, 0.69290936, -0.71389472, 0.10588729;
 -0.036179028, 0.71966213, 0.69338119, 2.9816349;
 0, 0, 0, 1]
Twc:
[0.99421328, 0.10114841, -0.036179028, -1.2153696;
 -0.044306386, 0.69290936, 0.71966213, -2.1606481;
 0.097861469, -0.71389472, 0.69338119, -2.121011;
 0, 0, 0, 1]
Ow:
[1.3201714;
 0.10588729;
 2.9816349]
Keyframe: 88 Frame: 738 Frame from vFrameID : 739
Tcw:
[0.99833411, -0.038871836, 0.042637553, 1.3354319;
 0.057693549, 0.68100214, -0.73000515, 0.12387598;
 -0.00065962499, 0.73124897, 0.68211037, 3.0182981;
 0, 0, 0, 1]
Twc:
[0.99833411, 0.057693549, -0.00065962499, -1.3383632;
 -0.038871836, 0.68100214, 0.73124897, -2.2395766;
 0.042637553, -0.73000515, 0.68211037, -2.025322;
 0, 0, 0, 1]
Ow:
[1.3354319;
 0.12387598;
 3.0182981]
Keyframe: 89 Frame: 746 Frame from vFrameID : 747
Tcw:
[0.99926817, -0.03678279, 0.010494584, 1.3403552;
 0.032417621, 0.66875863, -0.74277252, 0.14220452;
 0.020302903, 0.74256915, 0.66946161, 3.083847;
 0, 0, 0, 1]
Twc:
[0.99926817, 0.032417621, 0.020302903, -1.4065952;
 -0.03678279, 0.66875863, 0.74256915, -2.3357682;
 0.010494584, -0.74277252, 0.66946161, -1.9729581;
 0, 0, 0, 1]
Ow:
[1.3403552;
 0.14220452;
 3.083847]
Keyframe: 90 Frame: 753 Frame from vFrameID : 754
Tcw:
[0.99796253, -0.031470768, 0.05550117, 1.3748528;
 0.062419377, 0.66173351, -0.74713624, 0.15024364;
 -0.013214033, 0.74907833, 0.66234964, 3.1128025;
 0, 0, 0, 1]
Twc:
[0.99796253, 0.062419377, -0.013214033, -1.340297;
 -0.031470768, 0.66173351, 0.74907833, -2.3878863;
 0.05550117, -0.74713624, 0.66234964, -2.0258169;
 0, 0, 0, 1]
Ow:
[1.3748528;
 0.15024364;
 3.1128025]
Keyframe: 91 Frame: 761 Frame from vFrameID : 762
Tcw:
