Keyframe: 0 Frame: 0 Frame from vFrameID : 112
Tcw:
[0.99719214, 0.036351174, 0.065470688, -4.7583456;
 -0.033500832, 0.99846435, -0.044120256, 5.4277306;
 -0.066973969, 0.041803051, 0.99687862, 6.1813259;
 0, 0, 0, 1]
Twc:
[0.99719214, -0.033500832, -0.066973969, 5.340806;
 0.036351174, 0.99846435, 0.041803051, -5.5048227;
 0.065470688, -0.044120256, 0.99687862, -5.6110268;
 0, 0, 0, 1]
Ow:
[-4.7583456;
 5.4277306;
 6.1813259]
Keyframe: 1 Frame: 111 Frame from vFrameID : 112
Tcw:
[0.99643713, 0.023982292, 0.080856942, -0.063359559;
 -0.021830495, 0.99938637, -0.027392304, 0.059480365;
 -0.081464253, 0.025529562, 0.99634922, 0.083883166;
 0, 0, 0, 1]
Twc:
[0.99643713, -0.021830495, -0.081464253, 0.071265787;
 0.023982292, 0.99938637, 0.025529562, -0.060065858;
 0.080856942, -0.027392304, 0.99634922, -0.076824568;
 0, 0, 0, 1]
Ow:
[-0.063359559;
 0.059480365;
 0.083883166]
