Keyframe: 0 Frame: 0 Frame from vFrameID : 60
Tcw:
[1, 0, 0, 0;
 0, 1, 0, 0;
 0, 0, 1, 0;
 0, 0, 0, 1]
Twc:
[1, 0, 0, 0;
 0, 1, 0, 0;
 0, 0, 1, 0;
 0, 0, 0, 1]
Ow:
[0;
 0;
 0]
Keyframe: 1 Frame: 59 Frame from vFrameID : 60
Tcw:
[0.99962336, -0.026488094, 0.0071753724, -0.023429019;
 0.026603725, 0.99950939, -0.016529694, 0.00064261729;
 -0.0067340117, 0.016714361, 0.99983764, 0.0044975146;
 0, 0, 0, 1]
Twc:
[0.99962336, 0.026603725, -0.0067340117, 0.023433385;
 -0.026488094, 0.99950939, 0.016714361, -0.0013380651;
 0.0071753724, -0.016529694, 0.99983764, -0.0043180501;
 0, 0, 0, 1]
Ow:
[-0.023429019;
 0.00064261729;
 0.0044975146]
Keyframe: 2 Frame: 60 Frame from vFrameID : 61
Tcw:
[0.99959874, -0.026645618, 0.0096120881, -0.023971016;
 0.026793791, 0.99951875, -0.015630817, 0.00056933321;
 -0.0091909701, 0.01588209, 0.99983162, 0.0051040975;
 0, 0, 0, 1]
Twc:
[0.99959874, 0.026793791, -0.0091909701, 0.023993054;
 -0.026645618, 0.99951875, 0.01588209, -0.0012888456;
 0.0096120881, -0.015630817, 0.99983162, -0.0048639276;
 0, 0, 0, 1]
Ow:
[-0.023971016;
 0.00056933321;
 0.0051040975]
Keyframe: 3 Frame: 61 Frame from vFrameID : 62
Tcw:
[0.99958068, -0.026614681, 0.01140877, -0.023982408;
 0.026780372, 0.99953437, -0.014625105, 0.00060269632;
 -0.011014215, 0.014924503, 0.99982798, 0.0060426909;
 0, 0, 0, 1]
Twc:
[0.99958068, 0.026780372, -0.011014215, 0.024022764;
 -0.026614681, 0.99953437, 0.014924503, -0.0013308838;
 0.01140877, -0.014625105, 0.99982798, -0.0057592271;
 0, 0, 0, 1]
Ow:
[-0.023982408;
 0.00060269632;
 0.0060426909]
Keyframe: 4 Frame: 62 Frame from vFrameID : 63
Tcw:
[0.99958062, -0.026606355, 0.011432407, -0.024038512;
 0.026771599, 0.99953562, -0.014552651, 0.00059888174;
 -0.011039905, 0.014852612, 0.99982876, 0.0060915356;
 0, 0, 0, 1]
Twc:
[0.99958062, 0.026771599, -0.011039905, 0.024079649;
 -0.026606355, 0.99953562, 0.014852612, -0.0013286561;
 0.011432407, -0.014552651, 0.99982876, -0.0058069588;
 0, 0, 0, 1]
Ow:
[-0.024038512;
 0.00059888174;
 0.0060915356]
Keyframe: 5 Frame: 63 Frame from vFrameID : 64
Tcw:
[0.99949336, -0.027660731, 0.015746236, -0.024993753;
 0.027860532, 0.99953222, -0.012613988, 0.0011969624;
 -0.015389958, 0.013046295, 0.99979645, 0.0073916162;
 0, 0, 0, 1]
Twc:
[0.99949336, 0.027860532, -0.015389958, 0.025061497;
 -0.027660731, 0.99953222, 0.013046295, -0.0019841811;
 0.015746236, -0.012613988, 0.99979645, -0.0069814557;
 0, 0, 0, 1]
Ow:
[-0.024993753;
 0.0011969624;
 0.0073916162]
Keyframe: 6 Frame: 64 Frame from vFrameID : 65
Tcw:
[0.99937099, -0.029460967, 0.019739162, -0.024452303;
 0.02967043, 0.99950558, -0.010404037, 0.0014699437;
 -0.019422889, 0.010983163, 0.99975103, 0.0071656345;
 0, 0, 0, 1]
Twc:
[0.99937099, 0.02967043, -0.019422889, 0.024532488;
 -0.029460967, 0.99950558, 0.010983163, -0.0022683069;
 0.019739162, -0.010404037, 0.99975103, -0.0066658892;
 0, 0, 0, 1]
Ow:
[-0.024452303;
 0.0014699437;
 0.0071656345]
Keyframe: 7 Frame: 65 Frame from vFrameID : 66
Tcw:
[0.99930131, -0.027605329, 0.025196737, -0.024574457;
 0.027834943, 0.99957371, -0.0088080261, 0.0013004279;
 -0.024942847, 0.0095032211, 0.99964368, 0.0076597179;
 0, 0, 0, 1]
Twc:
[0.99930131, 0.027834943, -0.024942847, 0.024712143;
 -0.027605329, 0.99957371, 0.0095032211, -0.0020510515;
 0.025196737, -0.0088080261, 0.99964368, -0.0070263385;
 0, 0, 0, 1]
Ow:
[-0.024574457;
 0.0013004279;
 0.0076597179]
Keyframe: 8 Frame: 66 Frame from vFrameID : 67
Tcw:
[0.99935311, -0.023148118, 0.027522106, -0.02227506;
 0.023466241, 0.99966085, -0.01129253, 0.00089875469;
 -0.02725137, 0.011931066, 0.99955744, 0.0092445752;
 0, 0, 0, 1]
Twc:
[0.99935311, 0.023466241, -0.02725137, 0.022491489;
 -0.023148118, 0.99966085, 0.011931066, -0.0015243732;
 0.027522106, -0.01129253, 0.99955744, -0.0086172773;
 0, 0, 0, 1]
Ow:
[-0.02227506;
 0.00089875469;
 0.0092445752]
Keyframe: 9 Frame: 68 Frame from vFrameID : 69
Tcw:
[0.99939787, -0.020029768, 0.02833195, -0.025688328;
 0.02041541, 0.99970192, -0.013388424, 0.00032803891;
 -0.028055338, 0.013958771, 0.99950892, 0.0091069583;
 0, 0, 0, 1]
Twc:
[0.99939787, 0.02041541, -0.028055338, 0.025921663;
 -0.020029768, 0.99970192, 0.013958771, -0.00096959434;
 0.02833195, -0.013388424, 0.99950892, -0.0083702933;
 0, 0, 0, 1]
Ow:
[-0.025688328;
 0.00032803891;
 0.0091069583]
Keyframe: 10 Frame: 70 Frame from vFrameID : 71
Tcw:
[0.99960959, -0.020048212, 0.019461656, -0.023264658;
 0.020376807, 0.9996506, -0.016835386, -0.00015399535;
 -0.019117337, 0.017225379, 0.99966884, 0.0089673959;
 0, 0, 0, 1]
Twc:
[0.99960959, 0.020376807, -0.019117337, 0.023430144;
 -0.020048212, 0.9996506, 0.017225379, -0.00046694005;
 0.019461656, -0.016835386, 0.99966884, -0.0085142506;
 0, 0, 0, 1]
Ow:
[-0.023264658;
 -0.00015399535;
 0.0089673959]
Keyframe: 11 Frame: 71 Frame from vFrameID : 72
Tcw:
[0.99970925, -0.018993495, 0.014853916, -0.018225821;
 0.019257922, 0.99965489, -0.017866069, -9.5749812e-05;
 -0.014509451, 0.01814693, 0.99973005, 0.010044211;
 0, 0, 0, 1]
Twc:
[0.99970925, 0.019257922, -0.014509451, 0.018368101;
 -0.018993495, 0.99965489, 0.01814693, -0.00043272687;
 0.014853916, -0.017866069, 0.99973005, -0.0097724851;
 0, 0, 0, 1]
Ow:
[-0.018225821;
 -9.5749812e-05;
 0.010044211]
Keyframe: 12 Frame: 72 Frame from vFrameID : 73
Tcw:
[0.99977642, -0.01789994, 0.011255112, -0.012180294;
 0.018115608, 0.99964845, -0.019361001, 0.00050688977;
 -0.010904594, 0.019560566, 0.99974918, 0.010262414;
 0, 0, 0, 1]
Twc:
[0.99977642, 0.018115608, -0.010904594, 0.012280296;
 -0.01789994, 0.99964845, 0.019560566, -0.00092547672;
 0.011255112, -0.019361001, 0.99974918, -0.010112937;
 0, 0, 0, 1]
Ow:
[-0.012180294;
 0.00050688977;
 0.010262414]
Keyframe: 13 Frame: 74 Frame from vFrameID : 75
Tcw:
[0.99983138, -0.0089997677, 0.016007744, -0.011652226;
 0.0093305362, 0.99974197, -0.020709835, 0.00042987586;
 -0.015817231, 0.020855702, 0.99965739, 0.0094846776;
 0, 0, 0, 1]
Twc:
[0.99983138, 0.0093305362, -0.015817231, 0.01179627;
 -0.0089997677, 0.99974197, 0.020855702, -0.0007324419;
 0.016007744, -0.020709835, 0.99965739, -0.0092859995;
 0, 0, 0, 1]
Ow:
[-0.011652226;
 0.00042987586;
 0.0094846776]
Keyframe: 14 Frame: 76 Frame from vFrameID : 77
Tcw:
[0.99979782, -0.0053182757, 0.019391812, -0.0091863116;
 0.0057205376, 0.99976838, -0.020747794, 0.0005662418;
 -0.019276978, 0.020854531, 0.99959666, 0.0097474335;
 0, 0, 0, 1]
Twc:
[0.99979782, 0.0057205376, -0.019276978, 0.0093691153;
 -0.0053182757, 0.99976838, 0.020854531, -0.00081824418;
 0.019391812, -0.020747794, 0.99959666, -0.009553615;
 0, 0, 0, 1]
Ow:
[-0.0091863116;
 0.0005662418;
 0.0097474335]
Keyframe: 15 Frame: 78 Frame from vFrameID : 79
Tcw:
[0.99973321, -0.0036542106, 0.022806291, -0.0092666876;
 0.0041064164, 0.99979526, -0.019812882, 0.00050380907;
 -0.02272922, 0.01990125, 0.99954355, 0.0098993042;
 0, 0, 0, 1]
Twc:
[0.99973321, 0.0041064164, -0.02272922, 0.0094871502;
 -0.0036542106, 0.99979526, 0.01990125, -0.0007345769;
 0.022806291, -0.019812882, 0.99954355, -0.009673465;
 0, 0, 0, 1]
Ow:
[-0.0092666876;
 0.00050380907;
 0.0098993042]
Keyframe: 16 Frame: 81 Frame from vFrameID : 82
Tcw:
[0.99959701, -0.0012352302, 0.028359281, -0.0093290489;
 0.0019203019, 0.99970669, -0.024142368, 0.0005673113;
 -0.028321141, 0.024187097, 0.9993062, 0.0098136384;
 0, 0, 0, 1]
Twc:
[0.99959701, 0.0019203019, -0.028321141, 0.0096021341;
 -0.0012352302, 0.99970669, 0.024187097, -0.00081603188;
 0.028359281, -0.024142368, 0.9993062, -0.009528568;
 0, 0, 0, 1]
Ow:
[-0.0093290489;
 0.0005673113;
 0.0098136384]
Keyframe: 17 Frame: 83 Frame from vFrameID : 84
Tcw:
[0.9995324, -0.0022761177, 0.030493183, -0.0091753369;
 0.0031606546, 0.99957466, -0.028990971, 0.00064790953;
 -0.030414226, 0.029073792, 0.99911445, 0.0096028354;
 0, 0, 0, 1]
Twc:
[0.9995324, 0.0031606546, -0.030414226, 0.0094610611;
 -0.0022761177, 0.99957466, 0.029073792, -0.00094770896;
 0.030493183, -0.028990971, 0.99911445, -0.0092957634;
 0, 0, 0, 1]
Ow:
[-0.0091753369;
 0.00064790953;
 0.0096028354]
Keyframe: 18 Frame: 85 Frame from vFrameID : 86
Tcw:
[0.99935663, -0.0034700818, 0.035697956, -0.010670605;
 0.0044630915, 0.99960423, -0.027775021, -0.0038415121;
 -0.035587445, 0.027916474, 0.99897659, 0.009084261;
 0, 0, 0, 1]
Twc:
[0.99935663, 0.0044630915, -0.035587445, 0.01100417;
 -0.0034700818, 0.99960423, 0.027916474, 0.0035493635;
 0.035697956, -0.027775021, 0.99897659, -0.0088007431;
 0, 0, 0, 1]
Ow:
[-0.010670605;
 -0.0038415121;
 0.009084261]
Keyframe: 19 Frame: 87 Frame from vFrameID : 88
Tcw:
[0.99921906, -0.01003509, 0.038218018, -0.007669291;
 0.011188839, 0.99948442, -0.03009535, 0.00036003135;
 -0.037896305, 0.030499462, 0.99881613, 0.010610593;
 0, 0, 0, 1]
Twc:
[0.99921906, 0.011188839, -0.037896305, 0.0080613755;
 -0.01003509, 0.99948442, 0.030499462, -0.00076042517;
 0.038218018, -0.03009535, 0.99881613, -0.010294092;
 0, 0, 0, 1]
Ow:
[-0.007669291;
 0.00036003135;
 0.010610593]
Keyframe: 20 Frame: 90 Frame from vFrameID : 91
Tcw:
[0.99910229, -0.014299703, 0.039875813, -0.0065047117;
 0.015258124, 0.99959946, -0.0238353, 5.0590461e-05;
 -0.039519001, 0.024422333, 0.99892032, 0.01256738;
 0, 0, 0, 1]
Twc:
[0.99910229, 0.015258124, -0.039519001, 0.0069947517;
 -0.014299703, 0.99959946, 0.024422333, -0.00045051039;
 0.039875813, -0.0238353, 0.99892032, -0.012293224;
 0, 0, 0, 1]
Ow:
[-0.0065047117;
 5.0590461e-05;
 0.01256738]
Keyframe: 21 Frame: 93 Frame from vFrameID : 94
Tcw:
[0.99943024, -0.0077866754, 0.032841951, -0.0062806336;
 0.0085718315, 0.99967915, -0.023834454, 0.0005537133;
 -0.032645825, 0.02410239, 0.99917632, 0.015222153;
 0, 0, 0, 1]
Twc:
[0.99943024, 0.0085718315, -0.032645825, 0.0067692488;
 -0.0077866754, 0.99967915, 0.02410239, -0.00096933113;
 0.032841951, -0.023834454, 0.99917632, -0.014990149;
 0, 0, 0, 1]
Ow:
[-0.0062806336;
 0.0005537133;
 0.015222153]
Keyframe: 22 Frame: 96 Frame from vFrameID : 97
Tcw:
[0.99982792, -0.001841918, 0.018460223, -0.00074479089;
 0.0023298447, 0.99964756, -0.026444694, 0.00037270057;
 -0.018405009, 0.026483154, 0.99947983, 0.018327231;
 0, 0, 0, 1]
Twc:
[0.99982792, 0.0023298447, -0.018405009, 0.0010811072;
 -0.001841918, 0.99964756, 0.026483154, -0.00085930392;
 0.018460223, -0.026444694, 0.99947983, -0.018294092;
 0, 0, 0, 1]
Ow:
[-0.00074479089;
 0.00037270057;
 0.018327231]
Keyframe: 23 Frame: 99 Frame from vFrameID : 100
Tcw:
[0.99995428, 0.0069681816, 0.0065482645, 0.0016528676;
 -0.0067893481, 0.99961382, -0.026946545, 0.00083443074;
 -0.0067335041, 0.026900854, 0.99961543, 0.021929901;
 0, 0, 0, 1]
Twc:
[0.99995428, -0.0067893481, -0.0067335041, -0.0014994618;
 0.0069681816, 0.99961382, 0.026900854, -0.0014355591;
 0.0065482645, -0.026946545, 0.99961543, -0.021909807;
 0, 0, 0, 1]
Ow:
[0.0016528676;
 0.00083443074;
 0.021929901]
Keyframe: 24 Frame: 102 Frame from vFrameID : 103
Tcw:
[0.99990398, 0.013775252, -0.0015012586, 0.0023912003;
 -0.013800972, 0.99972922, -0.018734558, 0.00050066342;
 0.001242779, 0.018753476, 0.99982339, 0.027503282;
 0, 0, 0, 1]
Twc:
[0.99990398, -0.013800972, 0.001242779, -0.0024182415;
 0.013775252, 0.99972922, 0.018753476, -0.0010492494;
 -0.0015012586, -0.018734558, 0.99982339, -0.027485453;
 0, 0, 0, 1]
Ow:
[0.0023912003;
 0.00050066342;
 0.027503282]
Keyframe: 25 Frame: 105 Frame from vFrameID : 106
Tcw:
[0.99984032, 0.016969826, -0.0055981977, 0.0013205316;
 -0.017075913, 0.99966443, -0.019480202, 0.00052169437;
 0.0052657435, 0.019572686, 0.99979454, 0.036119364;
 0, 0, 0, 1]
Twc:
[0.99984032, -0.017075913, 0.0052657435, -0.0015016077;
 0.016969826, 0.99966443, 0.019572686, -0.0012508815;
 -0.0055981977, -0.019480202, 0.99979454, -0.03609439;
 0, 0, 0, 1]
Ow:
[0.0013205316;
 0.00052169437;
 0.036119364]
Keyframe: 26 Frame: 109 Frame from vFrameID : 110
Tcw:
[0.99984145, 0.009719749, 0.014918315, -0.0012940476;
 -0.009227952, 0.99942303, -0.032688137, 0.0021302912;
 -0.015227429, 0.032545291, 0.99935424, 0.047777873;
 0, 0, 0, 1]
Twc:
[0.99984145, -0.009227952, -0.015227429, 0.0020410346;
 0.009719749, 0.99942303, 0.032545291, -0.0036714287;
 0.014918315, -0.032688137, 0.99935424, -0.047658078;
 0, 0, 0, 1]
Ow:
[-0.0012940476;
 0.0021302912;
 0.047777873]
Keyframe: 27 Frame: 112 Frame from vFrameID : 113
Tcw:
[0.99965894, 0.012239498, 0.023069823, -0.0040124347;
 -0.011205609, 0.99894989, -0.044424187, 0.0017193586;
 -0.023589328, 0.044150528, 0.99874634, 0.057708852;
 0, 0, 0, 1]
Twc:
[0.99965894, -0.011205609, -0.023589328, 0.0053916457;
 0.012239498, 0.99894989, 0.044150528, -0.004216319;
 0.023069823, -0.044424187, 0.99874634, -0.057467557;
 0, 0, 0, 1]
Ow:
[-0.0040124347;
 0.0017193586;
 0.057708852]
Keyframe: 28 Frame: 116 Frame from vFrameID : 117
Tcw:
[0.99958414, -0.0038312804, 0.028581694, -0.0035750701;
 0.0050782273, 0.9990325, -0.043683264, 0.0029804346;
 -0.028386679, 0.043810241, 0.99863648, 0.065335974;
 0, 0, 0, 1]
Twc:
[0.99958414, 0.0050782273, -0.028386679, 0.0054131192;
 -0.0038312804, 0.9990325, 0.043810241, -0.0058536329;
 0.028581694, -0.043683264, 0.99863648, -0.065014511;
 0, 0, 0, 1]
Ow:
[-0.0035750701;
 0.0029804346;
 0.065335974]
Keyframe: 29 Frame: 119 Frame from vFrameID : 120
Tcw:
[0.99948478, -0.0099137425, 0.030526938, -0.0030103084;
 0.010947193, 0.9993661, -0.033874821, 0.002073135;
 -0.030171761, 0.034191553, 0.99895978, 0.074509136;
 0, 0, 0, 1]
Twc:
[0.99948478, 0.010947193, -0.030171761, 0.0052341339;
 -0.0099137425, 0.9993661, 0.034191553, -0.0046492475;
 0.030526938, -0.033874821, 0.99895978, -0.074269503;
 0, 0, 0, 1]
Ow:
[-0.0030103084;
 0.002073135;
 0.074509136]
Keyframe: 30 Frame: 123 Frame from vFrameID : 124
Tcw:
[0.99912155, -0.0044871178, 0.041665774, 0.0061000548;
 0.0055437242, 0.99966508, -0.025278285, 0.0043155337;
 -0.041538395, 0.025487062, 0.99881178, 0.088454045;
 0, 0, 0, 1]
Twc:
[0.99912155, 0.0055437242, -0.041538395, -0.0024443809;
 -0.0044871178, 0.99966508, 0.025487062, -0.0065411511;
 0.041665774, -0.025278285, 0.99881178, -0.088494018;
 0, 0, 0, 1]
Ow:
[0.0061000548;
 0.0043155337;
 0.088454045]
Keyframe: 31 Frame: 127 Frame from vFrameID : 128
Tcw:
[0.99919027, -0.0037879986, 0.040054929, 0.014142461;
 0.0050519332, 0.99949098, -0.031501051, 0.0052730669;
 -0.039915211, 0.031677902, 0.9987008, 0.097616732;
 0, 0, 0, 1]
Twc:
[0.99919027, 0.0050519332, -0.039915211, -0.010261257;
 -0.0037879986, 0.99949098, 0.031677902, -0.0083091035;
 0.040054929, -0.031501051, 0.9987008, -0.09789028;
 0, 0, 0, 1]
Ow:
[0.014142461;
 0.0052730669;
 0.097616732]
Keyframe: 32 Frame: 131 Frame from vFrameID : 132
Tcw:
[0.99976355, -0.00012358087, 0.021744231, 0.025500288;
 0.00097831828, 0.99922687, -0.039302453, 0.0046310071;
 -0.021722563, 0.039314434, 0.99899071, 0.11125845;
 0, 0, 0, 1]
Twc:
[0.99976355, 0.00097831828, -0.021722563, -0.023081971;
 -0.00012358087, 0.99922687, 0.039314434, -0.0089983381;
 0.021744231, -0.039302453, 0.99899071, -0.11151864;
 0, 0, 0, 1]
Ow:
[0.025500288;
 0.0046310071;
 0.11125845]
Keyframe: 33 Frame: 134 Frame from vFrameID : 135
Tcw:
[0.99986953, 0.0072267605, 0.014445984, 0.036546316;
 -0.0066057132, 0.99907094, -0.042585891, 0.0056709126;
 -0.014740321, 0.042484906, 0.99898839, 0.11929091;
 0, 0, 0, 1]
Twc:
[0.99986953, -0.0066057132, -0.014740321, -0.034745701;
 0.0072267605, 0.99907094, 0.042484906, -0.010997819;
 0.014445984, -0.042585891, 0.99898839, -0.11945667;
 0, 0, 0, 1]
Ow:
[0.036546316;
 0.0056709126;
 0.11929091]
Keyframe: 34 Frame: 138 Frame from vFrameID : 139
Tcw:
[0.99987489, 0.014701116, 0.0058374577, 0.042563211;
 -0.014490668, 0.99929655, -0.034590159, 0.0027033533;
 -0.0063418648, 0.034501243, 0.99938452, 0.13016887;
 0, 0, 0, 1]
Twc:
[0.99987489, -0.014490668, -0.0063418648, -0.041693199;
 0.014701116, 0.99929655, 0.034501243, -0.0078181662;
 0.0058374577, -0.034590159, 0.99938452, -0.13024372;
 0, 0, 0, 1]
Ow:
[0.042563211;
 0.0027033533;
 0.13016887]
Keyframe: 35 Frame: 142 Frame from vFrameID : 143
Tcw:
[0.99986959, 0.014193527, 0.007702677, 0.048130322;
 -0.013987041, 0.99955809, -0.026229573, 0.004350285;
 -0.0080715632, 0.026118416, 0.99962628, 0.14692578;
 0, 0, 0, 1]
Twc:
[0.99986959, -0.013987041, -0.0080715632, -0.04687728;
 0.014193527, 0.99955809, 0.026118416, -0.00886897;
 0.007702677, -0.026229573, 0.99962628, -0.14712749;
 0, 0, 0, 1]
Ow:
[0.048130322;
 0.004350285;
 0.14692578]
Keyframe: 36 Frame: 146 Frame from vFrameID : 147
Tcw:
[0.99956834, 0.0091622993, 0.027914342, 0.052215826;
 -0.00830111, 0.99949074, -0.030812336, 0.0061720102;
 -0.028182438, 0.030567314, 0.99913532, 0.16771953;
 0, 0, 0, 1]
Twc:
[0.99956834, -0.00830111, -0.028182438, -0.047415305;
 0.0091622993, 0.99949074, 0.030567314, -0.011774019;
 0.027914342, -0.030812336, 0.99913532, -0.16884191;
 0, 0, 0, 1]
Ow:
[0.052215826;
 0.0061720102;
 0.16771953]
Keyframe: 37 Frame: 150 Frame from vFrameID : 151
Tcw:
[0.99865347, 0.013413678, 0.050113257, 0.056473039;
 -0.011558726, 0.99924386, -0.037123378, 0.0067130937;
 -0.050573323, 0.036494147, 0.99805337, 0.1867118;
 0, 0, 0, 1]
Twc:
[0.99865347, -0.011558726, -0.050573323, -0.046876766;
 0.013413678, 0.99924386, 0.036494147, -0.014279417;
 0.050113257, -0.037123378, 0.99805337, -0.18892917;
 0, 0, 0, 1]
Ow:
[0.056473039;
 0.0067130937;
 0.1867118]
Keyframe: 38 Frame: 154 Frame from vFrameID : 155
Tcw:
[0.99773347, 0.0053653964, 0.0670757, 0.058642931;
 -0.0028440291, 0.99928772, -0.037629005, 0.0056714434;
 -0.067229815, 0.037352953, 0.99703807, 0.20189971;
 0, 0, 0, 1]
Twc:
[0.99773347, -0.0028440291, -0.067229815, -0.044920202;
 0.0053653964, 0.99928772, 0.037352953, -0.013523596;
 0.0670757, -0.037629005, 0.99703807, -0.2050218;
 0, 0, 0, 1]
Ow:
[0.058642931;
 0.0056714434;
 0.20189971]
Keyframe: 39 Frame: 158 Frame from vFrameID : 159
Tcw:
[0.99653971, -0.001393224, 0.083106279, 0.064900666;
 0.005266523, 0.99890882, -0.046405587, 0.0033880929;
 -0.082950942, 0.046682689, 0.99545962, 0.21998142;
 0, 0, 0, 1]
Twc:
[0.99653971, 0.005266523, -0.082950942, -0.046446268;
 -0.001393224, 0.99890882, 0.046682689, -0.0135633;
 0.083106279, -0.046405587, 0.99545962, -0.22421905;
 0, 0, 0, 1]
Ow:
[0.064900666;
 0.0033880929;
 0.21998142]
Keyframe: 40 Frame: 162 Frame from vFrameID : 163
Tcw:
[0.99706602, 0.00022005779, 0.076545931, 0.075327978;
 0.0033535038, 0.99891019, -0.046553522, 0.0046470528;
 -0.076472752, 0.046673633, 0.99597865, 0.23736079;
 0, 0, 0, 1]
Twc:
[0.99706602, 0.0033535038, -0.076472752, -0.05697092;
 0.00022005779, 0.99891019, 0.046673633, -0.015737057;
 0.076545931, -0.046553522, 0.99597865, -0.241956;
 0, 0, 0, 1]
Ow:
[0.075327978;
 0.0046470528;
 0.23736079]
Keyframe: 41 Frame: 166 Frame from vFrameID : 167
Tcw:
[0.99855435, -8.3009079e-05, 0.053751457, 0.08540529;
 0.0017003794, 0.99954712, -0.030044762, 0.0081341406;
 -0.05372462, 0.030092726, 0.99810225, 0.25439656;
 0, 0, 0, 1]
Twc:
[0.99855435, 0.0017003794, -0.05372462, -0.071628295;
 -8.3009079e-05, 0.99954712, 0.030092726, -0.015778853;
 0.053751457, -0.030044762, 0.99810225, -0.25826004;
 0, 0, 0, 1]
Ow:
[0.08540529;
 0.0081341406;
 0.25439656]
Keyframe: 42 Frame: 170 Frame from vFrameID : 171
Tcw:
[0.99954665, 0.0043550278, 0.029791608, 0.093291804;
 -0.003403384, 0.99948466, -0.031919807, 0.0078387307;
 -0.029915266, 0.031803943, 0.99904633, 0.27164376;
 0, 0, 0, 1]
Twc:
[0.99954665, -0.003403384, -0.029915266, -0.085096538;
 0.0043550278, 0.99948466, 0.031803943, -0.016880322;
 0.029791608, -0.031919807, 0.99904633, -0.2739138;
 0, 0, 0, 1]
Ow:
[0.093291804;
 0.0078387307;
 0.27164376]
Keyframe: 43 Frame: 174 Frame from vFrameID : 175
Tcw:
[0.99922097, 0.013896082, 0.036937885, 0.097783782;
 -0.012570698, 0.99927723, -0.035874657, 0.0065820776;
 -0.037409704, 0.035382375, 0.99867344, 0.28242263;
 0, 0, 0, 1]
Twc:
[0.99922097, -0.012570698, -0.037409704, -0.087059513;
 0.013896082, 0.99927723, 0.035382375, -0.017928915;
 0.036937885, -0.035874657, 0.99867344, -0.28542379;
 0, 0, 0, 1]
Ow:
[0.097783782;
 0.0065820776;
 0.28242263]
Keyframe: 44 Frame: 179 Frame from vFrameID : 180
Tcw:
[0.99858338, 0.02168748, 0.048589431, 0.10609104;
 -0.019672446, 0.99894184, -0.041571867, 0.0075182524;
 -0.049439605, 0.040557101, 0.99795336, 0.30121118;
 0, 0, 0, 1]
Twc:
[0.99858338, -0.019672446, -0.049439605, -0.090901084;
 0.02168748, 0.99894184, 0.040557101, -0.022027398;
 0.048589431, -0.041571867, 0.99795336, -0.30543706;
 0, 0, 0, 1]
Ow:
[0.10609104;
 0.0075182524;
 0.30121118]
Keyframe: 45 Frame: 183 Frame from vFrameID : 184
Tcw:
[0.99834466, 0.012237045, 0.056197438, 0.1107021;
 -0.0087800557, 0.99807739, -0.061355028, 0.0094584562;
 -0.056840196, 0.060760051, 0.99653268, 0.3273589;
 0, 0, 0, 1]
Twc:
[0.99834466, -0.0087800557, -0.056840196, -0.091828667;
 0.012237045, 0.99807739, 0.060760051, -0.03068528;
 0.056197438, -0.061355028, 0.99653268, -0.33186468;
 0, 0, 0, 1]
Ow:
[0.1107021;
 0.0094584562;
 0.3273589]
Keyframe: 46 Frame: 186 Frame from vFrameID : 187
Tcw:
[0.99816757, 0.0071865213, 0.06008165, 0.11356608;
 -0.0030466744, 0.99763179, -0.068713337, 0.0095028765;
 -0.060433172, 0.068404377, 0.99582565, 0.33536783;
 0, 0, 0, 1]
Twc:
[0.99816757, -0.0030466744, -0.060433172, -0.093061693;
 0.0071865213, 0.99763179, 0.068404377, -0.033237141;
 0.06008165, -0.068713337, 0.99582565, -0.34013811;
 0, 0, 0, 1]
Ow:
[0.11356608;
 0.0095028765;
 0.33536783]
Keyframe: 47 Frame: 190 Frame from vFrameID : 191
Tcw:
[0.99766546, 0.0041607297, 0.06816373, 0.12034382;
 0.00026524669, 0.99789864, -0.064794198, 0.010980992;
 -0.068290085, 0.064661011, 0.99556786, 0.3512668;
 0, 0, 0, 1]
Twc:
[0.99766546, 0.00026524669, -0.068290085, -0.096077755;
 0.0041607297, 0.99789864, 0.064661011, -0.034171902;
 0.06816373, -0.064794198, 0.99556786, -0.35720152;
 0, 0, 0, 1]
Ow:
[0.12034382;
 0.010980992;
 0.3512668]
Keyframe: 48 Frame: 195 Frame from vFrameID : 196
Tcw:
[0.99754173, -0.003003852, 0.070010267, 0.12786937;
 0.0070898989, 0.99828047, -0.058188371, 0.011891276;
 -0.069715098, 0.058541697, 0.9958477, 0.36646721;
 0, 0, 0, 1]
Twc:
[0.99754173, 0.0070898989, -0.069715098, -0.10209104;
 -0.003003852, 0.99828047, 0.058541697, -0.032940339;
 0.070010267, -0.058188371, 0.9958477, -0.37320578;
 0, 0, 0, 1]
Ow:
[0.12786937;
 0.011891276;
 0.36646721]
Keyframe: 49 Frame: 200 Frame from vFrameID : 201
Tcw:
[0.99727613, 0.001376241, 0.073745489, 0.14100979;
 0.0033857392, 0.99791783, -0.064409263, 0.012747549;
 -0.07368058, 0.064483501, 0.99519497, 0.38602176;
 0, 0, 0, 1]
Twc:
[0.99727613, 0.0033857392, -0.07368058, -0.11222655;
 0.001376241, 0.99791783, 0.064483501, -0.037807103;
 0.073745489, -0.064409263, 0.99519497, -0.39374468;
 0, 0, 0, 1]
Ow:
[0.14100979;
 0.012747549;
 0.38602176]
Keyframe: 50 Frame: 204 Frame from vFrameID : 205
Tcw:
[0.99944776, 0.018802408, 0.027398635, 0.14786783;
 -0.016526708, 0.99657375, -0.081040747, 0.011915084;
 -0.028828522, 0.080543183, 0.99633414, 0.40338531;
 0, 0, 0, 1]
Twc:
[0.99944776, -0.016526708, -0.028828522, -0.13596025;
 0.018802408, 0.99657375, 0.080543183, -0.047144469;
 0.027398635, -0.081040747, 0.99633414, -0.40499231;
 0, 0, 0, 1]
Ow:
[0.14786783;
 0.011915084;
 0.40338531]
Keyframe: 51 Frame: 207 Frame from vFrameID : 208
Tcw:
[0.99946052, 0.026035339, 0.020021537, 0.15253547;
 -0.024494447, 0.99698001, -0.073694609, 0.011429157;
 -0.021879736, 0.073164433, 0.99707985, 0.41273949;
 0, 0, 0, 1]
Twc:
[0.99946052, -0.024494447, -0.021879736, -0.1431426;
 0.026035339, 0.99698001, 0.073164433, -0.045563802;
 0.020021537, -0.073694609, 0.99707985, -0.41374594;
 0, 0, 0, 1]
Ow:
[0.15253547;
 0.011429157;
 0.41273949]
Keyframe: 52 Frame: 210 Frame from vFrameID : 211
Tcw:
[0.99949688, 0.02899359, 0.012860822, 0.15425149;
 -0.028075708, 0.99738628, -0.066576354, 0.012152603;
 -0.014757495, 0.066181786, 0.99769843, 0.42120349;
 0, 0, 0, 1]
Twc:
[0.99949688, -0.028075708, -0.014757495, -0.14761676;
 0.02899359, 0.99738628, 0.066181786, -0.04446914;
 0.012860822, -0.066576354, 0.99769843, -0.42140883;
 0, 0, 0, 1]
Ow:
[0.15425149;
 0.012152603;
 0.42120349]
Keyframe: 53 Frame: 214 Frame from vFrameID : 215
Tcw:
[0.99977481, 0.019540142, 0.0082732979, 0.15806115;
 -0.018904665, 0.99730074, -0.070949674, 0.014663976;
 -0.0096373325, 0.070777297, 0.99744558, 0.44444966;
 0, 0, 0, 1]
Twc:
[0.99977481, -0.018904665, -0.0096373325, -0.15346503;
 0.019540142, 0.99730074, 0.070777297, -0.049169872;
 0.0082732979, -0.070949674, 0.99744558, -0.44358164;
 0, 0, 0, 1]
Ow:
[0.15806115;
 0.014663976;
 0.44444966]
Keyframe: 54 Frame: 218 Frame from vFrameID : 219
Tcw:
[0.99987638, 0.0042996602, 0.015124449, 0.16130337;
 -0.0034265534, 0.99835181, -0.057287645, 0.017266044;
 -0.015345839, 0.057228737, 0.99824315, 0.45861921;
 0, 0, 0, 1]
Twc:
[0.99987638, -0.0034265534, -0.015345839, -0.15418637;
 0.0042996602, 0.99835181, 0.057228737, -0.044177335;
 0.015124449, -0.057287645, 0.99824315, -0.45926398;
 0, 0, 0, 1]
Ow:
[0.16130337;
 0.017266044;
 0.45861921]
Keyframe: 55 Frame: 222 Frame from vFrameID : 223
Tcw:
[0.9995451, -0.0035440975, 0.029951284, 0.16446501;
 0.005293957, 0.99827057, -0.058547754, 0.018792933;
 -0.029691987, 0.058679678, 0.99783522, 0.47885683;
 0, 0, 0, 1]
Twc:
[0.9995451, 0.005293957, -0.029691987, -0.15027145;
 -0.0035440975, 0.99827057, 0.058679678, -0.046276718;
 0.029951284, -0.058547754, 0.99783522, -0.48164585;
 0, 0, 0, 1]
Ow:
[0.16446501;
 0.018792933;
 0.47885683]
Keyframe: 56 Frame: 227 Frame from vFrameID : 228
Tcw:
[0.99788469, -0.0099125514, 0.06424877, 0.17369187;
 0.012728222, 0.99896955, -0.043564431, 0.019556232;
 -0.063750729, 0.044290051, 0.99698257, 0.50116283;
 0, 0, 0, 1]
Twc:
[0.99788469, 0.012728222, -0.063750729, -0.14162387;
 -0.0099125514, 0.99896955, 0.044290051, -0.040010877;
 0.06424877, -0.043564431, 0.99698257, -0.50995815;
 0, 0, 0, 1]
Ow:
[0.17369187;
 0.019556232;
 0.50116283]
Keyframe: 57 Frame: 231 Frame from vFrameID : 232
Tcw:
[0.9980998, 4.4833974e-05, 0.061618038, 0.17998305;
 0.0037315954, 0.99812031, -0.061171282, 0.019443266;
 -0.061504956, 0.061284978, 0.99622351, 0.51768035;
 0, 0, 0, 1]
Twc:
[0.9980998, 0.0037315954, -0.061504956, -0.1478737;
 4.4833974e-05, 0.99812031, 0.061284978, -0.051140815;
 0.061618038, -0.061171282, 0.99622351, -0.52562618;
 0, 0, 0, 1]
Ow:
[0.17998305;
 0.019443266;
 0.51768035]
Keyframe: 58 Frame: 234 Frame from vFrameID : 235
Tcw:
[0.99868602, 0.005318142, 0.050970465, 0.18645632;
 -0.0017802741, 0.99760079, -0.069205724, 0.019026268;
 -0.051216226, 0.069024049, 0.99629945, 0.53031588;
 0, 0, 0, 1]
Twc:
[0.99868602, -0.0017802741, -0.051216226, -0.15901667;
 0.005318142, 0.99760079, 0.069024049, -0.05657677;
 0.050970465, -0.069205724, 0.99629945, -0.53654045;
 0, 0, 0, 1]
Ow:
[0.18645632;
 0.019026268;
 0.53031588]
Keyframe: 59 Frame: 237 Frame from vFrameID : 238
Tcw:
[0.99924701, 0.018642951, 0.034027256, 0.19327164;
 -0.015961222, 0.99686855, -0.077448726, 0.016543902;
 -0.035364576, 0.076847292, 0.9964155, 0.54264015;
 0, 0, 0, 1]
Twc:
[0.99924701, -0.015961222, -0.035364576, -0.17367181;
 0.018642951, 0.99686855, 0.076847292, -0.061795678;
 0.034027256, -0.077448726, 0.9964155, -0.54599029;
 0, 0, 0, 1]
Ow:
[0.19327164;
 0.016543902;
 0.54264015]
Keyframe: 60 Frame: 242 Frame from vFrameID : 243
Tcw:
[0.99959064, 0.028605178, -0.00052774796, 0.20492589;
 -0.028511921, 0.99446636, -0.10111265, 0.011608422;
 -0.0023675177, 0.1010863, 0.99487484, 0.5628525;
 0, 0, 0, 1]
Twc:
[0.99959064, -0.028511921, -0.0023675177, -0.20317848;
 0.028605178, 0.99446636, 0.1010863, -0.074302815;
 -0.00052774796, -0.10111265, 0.99487484, -0.5586859;
 0, 0, 0, 1]
Ow:
[0.20492589;
 0.011608422;
 0.5628525]
Keyframe: 61 Frame: 245 Frame from vFrameID : 246
Tcw:
[0.99973798, 0.022186216, -0.0056351642, 0.21531765;
 -0.022565536, 0.99655247, -0.079837315, 0.012466628;
 0.0038444488, 0.07994356, 0.99679196, 0.57401007;
 0, 0, 0, 1]
Twc:
[0.99973798, -0.022565536, 0.0038444488, -0.21718666;
 0.022186216, 0.99655247, 0.07994356, -0.06308914;
 -0.0056351642, -0.079837315, 0.99679196, -0.56996;
 0, 0, 0, 1]
Ow:
[0.21531765;
 0.012466628;
 0.57401007]
Keyframe: 62 Frame: 248 Frame from vFrameID : 249
Tcw:
[0.99970394, 0.023672024, 0.0056234146, 0.22232012;
 -0.023145922, 0.99651706, -0.080112457, 0.013031337;
 -0.0075002527, 0.07995858, 0.99676996, 0.59095836;
 0, 0, 0, 1]
Twc:
[0.99970394, -0.023145922, -0.0075002527, -0.21752036;
 0.023672024, 0.99651706, 0.07995858, -0.065500908;
 0.0056234146, -0.080112457, 0.99676996, -0.58925575;
 0, 0, 0, 1]
Ow:
[0.22232012;
 0.013031337;
 0.59095836]
Keyframe: 63 Frame: 252 Frame from vFrameID : 253
Tcw:
[0.99946475, 0.020231841, 0.025708208, 0.22538385;
 -0.018123114, 0.99664891, -0.079765566, 0.012160171;
 -0.02723586, 0.079256959, 0.99648207, 0.60805386;
 0, 0, 0, 1]
Twc:
[0.99946475, -0.018123114, -0.02723586, -0.20848195;
 0.020231841, 0.99664891, 0.079256959, -0.064871848;
 0.025708208, -0.079765566, 0.99648207, -0.61073899;
 0, 0, 0, 1]
Ow:
[0.22538385;
 0.012160171;
 0.60805386]
Keyframe: 64 Frame: 256 Frame from vFrameID : 257
Tcw:
[0.99893349, 0.0065987981, 0.045697726, 0.22797368;
 -0.0024569198, 0.99592918, -0.090105921, 0.011452705;
 -0.04610629, 0.089897551, 0.99488324, 0.62518191;
 0, 0, 0, 1]
Twc:
[0.99893349, -0.0024569198, -0.04610629, -0.1988776;
 0.0065987981, 0.99592918, 0.089897551, -0.069112755;
 0.045697726, -0.090105921, 0.99488324, -0.63136894;
 0, 0, 0, 1]
Ow:
[0.22797368;
 0.011452705;
 0.62518191]
Keyframe: 65 Frame: 260 Frame from vFrameID : 261
Tcw:
[0.99839884, -0.0051748571, 0.05632966, 0.23065042;
 0.0097535988, 0.99664062, -0.081316106, 0.0088405423;
 -0.055719629, 0.08173532, 0.99509531, 0.64668953;
 0, 0, 0, 1]
Twc:
[0.99839884, 0.0097535988, -0.055719629, -0.19433405;
 -0.0051748571, 0.99664062, 0.08173532, -0.060474638;
 0.05632966, -0.081316106, 0.99509531, -0.65579128;
 0, 0, 0, 1]
Ow:
[0.23065042;
 0.0088405423;
 0.64668953]
Keyframe: 66 Frame: 263 Frame from vFrameID : 264
Tcw:
[0.99819469, -0.003860852, 0.059936658, 0.23444027;
 0.0086744204, 0.99673623, -0.080259889, 0.0093548;
 -0.059431165, 0.080634914, 0.99497032, 0.65207529;
 0, 0, 0, 1]
Twc:
[0.99819469, 0.0086744204, -0.059431165, -0.19534458;
 -0.003860852, 0.99673623, 0.080634914, -0.060999162;
 0.059936658, -0.080259889, 0.99497032, -0.66209632;
 0, 0, 0, 1]
Ow:
[0.23444027;
 0.0093548;
 0.65207529]
Keyframe: 67 Frame: 266 Frame from vFrameID : 267
Tcw:
[0.99828434, 0.00024038352, 0.058551509, 0.23910156;
 0.0046124835, 0.99656111, -0.082732745, 0.0086841024;
 -0.058370043, 0.082860872, 0.99485022, 0.66473567;
 0, 0, 0, 1]
Twc:
[0.99828434, 0.0046124835, -0.058370043, -0.19993076;
 0.00024038352, 0.99656111, 0.082860872, -0.063792288;
 0.058551509, -0.082732745, 0.99485022, -0.67459375;
 0, 0, 0, 1]
Ow:
[0.23910156;
 0.0086841024;
 0.66473567]
Keyframe: 68 Frame: 270 Frame from vFrameID : 271
Tcw:
[0.99936318, 0.0069383327, 0.035001714, 0.25106874;
 -0.0039417027, 0.99637598, -0.084967136, 0.010507457;
 -0.035464399, 0.08477506, 0.99576879, 0.6851275;
 0, 0, 0, 1]
Twc:
[0.99936318, -0.0039417027, -0.035464399, -0.2265698;
 0.0069383327, 0.99637598, 0.08477506, -0.070293099;
 0.035001714, -0.084967136, 0.99576879, -0.69012362;
 0, 0, 0, 1]
Ow:
[0.25106874;
 0.010507457;
 0.6851275]
Keyframe: 69 Frame: 273 Frame from vFrameID : 274
Tcw:
[0.99978399, 0.0062303916, 0.019829137, 0.26176381;
 -0.004488179, 0.99622232, -0.086723179, 0.0089865066;
 -0.020294549, 0.086615443, 0.9960351, 0.70164376;
 0, 0, 0, 1]
Twc:
[0.99978399, -0.004488179, -0.020294549, -0.24742737;
 0.0062303916, 0.99622232, 0.086615443, -0.071356647;
 0.019829137, -0.086723179, 0.9960351, -0.70327306;
 0, 0, 0, 1]
Ow:
[0.26176381;
 0.0089865066;
 0.70164376]
Keyframe: 70 Frame: 277 Frame from vFrameID : 278
Tcw:
[0.99995947, 0.0083032288, -0.0034778651, 0.26809829;
 -0.0085745296, 0.99616605, -0.087061077, 0.0080658533;
 0.0027416432, 0.08708737, 0.99619693, 0.71690649;
 0, 0, 0, 1]
Twc:
[0.99995947, -0.0085745296, 0.0027416432, -0.26998377;
 0.0083032288, 0.99616605, 0.08708737, -0.07269451;
 -0.0034778651, -0.087061077, 0.99619693, -0.71254539;
 0, 0, 0, 1]
Ow:
[0.26809829;
 0.0080658533;
 0.71690649]
Keyframe: 71 Frame: 281 Frame from vFrameID : 282
Tcw:
[0.99952185, 0.015068845, -0.026998987, 0.27334169;
 -0.017145338, 0.99677402, -0.078406923, 0.0054442137;
 0.025730386, 0.078832336, 0.99655575, 0.73041397;
 0, 0, 0, 1]
Twc:
[0.99952185, -0.017145338, 0.025730386, -0.29191148;
 0.015068845, 0.99677402, 0.078832336, -0.067125835;
 -0.026998987, -0.078406923, 0.99655575, -0.72009146;
 0, 0, 0, 1]
Ow:
[0.27334169;
 0.0054442137;
 0.73041397]
Keyframe: 72 Frame: 284 Frame from vFrameID : 285
Tcw:
[0.99884963, 0.021267733, -0.042978298, 0.27859238;
 -0.02397432, 0.99769545, -0.063474335, 0.0087108053;
 0.041529294, 0.064431697, 0.99705762, 0.74807817;
 0, 0, 0, 1]
Twc:
[0.99884963, -0.02397432, 0.041529294, -0.30913019;
 0.021267733, 0.99769545, 0.064431697, -0.062815703;
 -0.042978298, -0.063474335, 0.99705762, -0.73335069;
 0, 0, 0, 1]
Ow:
[0.27859238;
 0.0087108053;
 0.74807817]
Keyframe: 73 Frame: 288 Frame from vFrameID : 289
Tcw:
[0.99930376, 0.014394144, -0.034421194, 0.27987069;
 -0.016406797, 0.99812776, -0.058922406, 0.009980917;
 0.033508614, 0.059446126, 0.99766892, 0.77371746;
 0, 0, 0, 1]
Twc:
[0.99930376, -0.016406797, 0.033508614, -0.30543828;
 0.014394144, 0.99812776, 0.059446126, -0.059985232;
 -0.034421194, -0.058922406, 0.99766892, -0.76169235;
 0, 0, 0, 1]
Ow:
[0.27987069;
 0.009980917;
 0.77371746]
Keyframe: 74 Frame: 291 Frame from vFrameID : 292
Tcw:
[0.99959338, 0.019378541, -0.020918824, 0.28448147;
 -0.020948209, 0.99676228, -0.077628225, 0.0092509426;
 0.019346774, 0.07803487, 0.99676287, 0.78767693;
 0, 0, 0, 1]
Twc:
[0.99959338, -0.020948209, 0.019346774, -0.299411;
 0.019378541, 0.99676228, 0.07803487, -0.076200098;
 -0.020918824, -0.077628225, 0.99676287, -0.778458;
 0, 0, 0, 1]
Ow:
[0.28448147;
 0.0092509426;
 0.78767693]
Keyframe: 75 Frame: 294 Frame from vFrameID : 295
Tcw:
[0.99986547, 0.012426743, -0.0107081, 0.28757036;
 -0.013191834, 0.99712473, -0.074620716, 0.0085620247;
 0.0097500188, 0.074751936, 0.99715447, 0.80228376;
 0, 0, 0, 1]
Twc:
[0.99986547, -0.013191834, 0.0097500188, -0.295241;
 0.012426743, 0.99712473, 0.074751936, -0.072083235;
 -0.0107081, -0.074620716, 0.99715447, -0.79628265;
 0, 0, 0, 1]
Ow:
[0.28757036;
 0.0085620247;
 0.80228376]
Keyframe: 76 Frame: 298 Frame from vFrameID : 299
Tcw:
[0.99986303, 0.0026050231, 0.016344482, 0.29334989;
 -0.0014236399, 0.99741226, -0.071879745, 0.0072101951;
 -0.016489435, 0.071846627, 0.99727941, 0.82076949;
 0, 0, 0, 1]
Twc:
[0.99986303, -0.0014236399, -0.016489435, -0.27976543;
 0.0026050231, 0.99741226, 0.071846627, -0.066925235;
 0.016344482, -0.071879745, 0.99727941, -0.8228128;
 0, 0, 0, 1]
Ow:
[0.29334989;
 0.0072101951;
 0.82076949]
Keyframe: 77 Frame: 302 Frame from vFrameID : 303
Tcw:
[0.99972916, -0.0013850023, 0.023230763, 0.29988796;
 0.0030122336, 0.99753129, -0.070158467, 0.0095706359;
 -0.023076244, 0.070209444, 0.99726534, 0.84047061;
 0, 0, 0, 1]
Twc:
[0.99972916, 0.0030122336, -0.023076244, -0.28044069;
 -0.0013850023, 0.99753129, 0.070209444, -0.068140633;
 0.023230763, -0.070158467, 0.99726534, -0.84446734;
 0, 0, 0, 1]
Ow:
[0.29988796;
 0.0095706359;
 0.84047061]
Keyframe: 78 Frame: 306 Frame from vFrameID : 307
Tcw:
[0.99986875, 0.0063189361, 0.014918537, 0.30863997;
 -0.0053514387, 0.99793398, -0.064024054, 0.010997873;
 -0.015292279, 0.063935816, 0.99783683, 0.86149949;
 0, 0, 0, 1]
Twc:
[0.99986875, -0.0053514387, -0.015292279, -0.29536632;
 0.0063189361, 0.99793398, 0.063935816, -0.068006098;
 0.014918537, -0.064024054, 0.99783683, -0.86353624;
 0, 0, 0, 1]
Ow:
[0.30863997;
 0.010997873;
 0.86149949]
Keyframe: 79 Frame: 310 Frame from vFrameID : 311
Tcw:
[0.99981982, 0.016863873, -0.0087136598, 0.31914112;
 -0.01752203, 0.99647975, -0.08198218, 0.011257969;
 0.0073004486, 0.082120091, 0.99659568, 0.88078964;
 0, 0, 0, 1]
Twc:
[0.99981982, -0.01752203, 0.0073004486, -0.32531652;
 0.016863873, 0.99647975, 0.082120091, -0.088930823;
 -0.0087136598, -0.08198218, 0.99659568, -0.87408739;
 0, 0, 0, 1]
Ow:
[0.31914112;
 0.011257969;
 0.88078964]
Keyframe: 80 Frame: 314 Frame from vFrameID : 315
Tcw:
[0.9997772, 0.011275892, -0.017842447, 0.32759348;
 -0.012622101, 0.9969334, -0.077230245, 0.010073356;
 0.016916892, 0.07743825, 0.99685359, 0.89774221;
 0, 0, 0, 1]
Twc:
[0.9997772, -0.012622101, 0.016916892, -0.34258038;
 0.011275892, 0.9969334, 0.07743825, -0.083255954;
 -0.017842447, -0.077230245, 0.99685359, -0.88829452;
 0, 0, 0, 1]
Ow:
[0.32759348;
 0.010073356;
 0.89774221]
Keyframe: 81 Frame: 318 Frame from vFrameID : 319
Tcw:
[0.99962103, 0.014740453, -0.023248635, 0.33215404;
 -0.016589515, 0.9965387, -0.081458367, 0.0088503361;
 0.021967432, 0.081813179, 0.99640554, 0.91772085;
 0, 0, 0, 1]
Twc:
[0.99962103, -0.016589515, 0.021967432, -0.35204133;
 0.014740453, 0.9965387, 0.081813179, -0.088797465;
 -0.023248635, -0.081458367, 0.99640554, -0.9059791;
 0, 0, 0, 1]
Ow:
[0.33215404;
 0.0088503361;
 0.91772085]
Keyframe: 82 Frame: 322 Frame from vFrameID : 323
Tcw:
[0.9998855, 0.0098799122, -0.011459822, 0.33580622;
 -0.010840569, 0.99614555, -0.08704295, 0.01145494;
 0.010555674, 0.08715722, 0.99613863, 0.94088507;
 0, 0, 0, 1]
Twc:
[0.9998855, -0.010840569, 0.010555674, -0.34557527;
 0.0098799122, 0.99614555, 0.08715722, -0.096733451;
 -0.011459822, -0.08704295, 0.99613863, -0.9324066;
 0, 0, 0, 1]
Ow:
[0.33580622;
 0.01145494;
 0.94088507]
Keyframe: 83 Frame: 326 Frame from vFrameID : 327
Tcw:
[0.99984533, 0.011596634, 0.01322436, 0.3399612;
 -0.010408431, 0.99618644, -0.086627141, 0.012397297;
 -0.014178511, 0.086476095, 0.99615306, 0.96460587;
 0, 0, 0, 1]
Twc:
[0.99984533, -0.010408431, -0.014178511, -0.32610288;
 0.011596634, 0.99618644, 0.086476095, -0.099707767;
 0.01322436, -0.086627141, 0.99615306, -0.96431684;
 0, 0, 0, 1]
Ow:
[0.3399612;
 0.012397297;
 0.96460587]
Keyframe: 84 Frame: 330 Frame from vFrameID : 331
Tcw:
[0.99960488, -0.0066882237, 0.027301939, 0.34110236;
 0.0086182682, 0.9974249, -0.07119868, 0.012640968;
 -0.026755441, 0.071405843, 0.99708843, 0.98921651;
 0, 0, 0, 1]
Twc:
[0.99960488, 0.0086182682, -0.026755441, -0.31460959;
 -0.0066882237, 0.9974249, 0.071405843, -0.080962889;
 0.027301939, -0.07119868, 0.99708843, -0.99474913;
 0, 0, 0, 1]
Ow:
[0.34110236;
 0.012640968;
 0.98921651]
Keyframe: 85 Frame: 333 Frame from vFrameID : 334
Tcw:
[0.99931723, -0.014827394, 0.033841543, 0.33962139;
 0.01717587, 0.99738538, -0.070195295, 0.012920976;
 -0.032712247, 0.070728622, 0.99695909, 1.0063158;
 0, 0, 0, 1]
Twc:
[0.99931723, 0.01717587, -0.032712247, -0.30669257;
 -0.014827394, 0.99738538, 0.070728622, -0.079026833;
 0.033841543, -0.070195295, 0.99695909, -1.013842;
 0, 0, 0, 1]
Ow:
[0.33962139;
 0.012920976;
 1.0063158]
Keyframe: 86 Frame: 337 Frame from vFrameID : 338
Tcw:
[0.99918604, -0.021861121, 0.033901691, 0.34091055;
 0.024277125, 0.99706757, -0.072573043, 0.013637394;
 -0.032215748, 0.073337011, 0.99678677, 1.0211549;
 0, 0, 0, 1]
Twc:
[0.99918604, 0.024277125, -0.032215748, -0.30806687;
 -0.021861121, 0.99706757, 0.073337011, -0.081033155;
 0.033901691, -0.072573043, 0.99678677, -1.0284413;
 0, 0, 0, 1]
Ow:
[0.34091055;
 0.013637394;
 1.0211549]
Keyframe: 87 Frame: 341 Frame from vFrameID : 342
Tcw:
[0.99988365, -0.015001692, 0.0027610254, 0.35060486;
 0.015167558, 0.9970215, -0.07561817, 0.014034405;
 -0.0016184013, 0.075651251, 0.99713302, 1.0374727;
 0, 0, 0, 1]
Twc:
[0.99988365, 0.015167558, -0.0016184013, -0.34909791;
 -0.015001692, 0.9970215, 0.075651251, -0.087219037;
 0.0027610254, -0.07561817, 0.99713302, -1.034405;
 0, 0, 0, 1]
Ow:
[0.35060486;
 0.014034405;
 1.0374727]
Keyframe: 88 Frame: 345 Frame from vFrameID : 346
Tcw:
[0.99814236, -0.0077918414, -0.060424645, 0.36382747;
 0.0016302957, 0.99484885, -0.10135661, 0.0130229;
 0.060903143, 0.10106982, 0.99301344, 1.0555681;
 0, 0, 0, 1]
Twc:
[0.99814236, 0.0016302957, 0.060903143, -0.42746022;
 -0.0077918414, 0.99484885, 0.10106982, -0.116807;
 -0.060424645, -0.10135661, 0.99301344, -1.0248892;
 0, 0, 0, 1]
Ow:
[0.36382747;
 0.0130229;
 1.0555681]
