Keyframe: 0 Frame: 0 Frame from vFrameID : 35
Tcw:
[1, 0, 0, 0;
 0, 1, 0, 0;
 0, 0, 1, 0;
 0, 0, 0, 1]
Twc:
[1, 0, 0, 0;
 0, 1, 0, 0;
 0, 0, 1, 0;
 0, 0, 0, 1]
Ow:
[0;
 0;
 0]
Keyframe: 1 Frame: 34 Frame from vFrameID : 35
Tcw:
[0.99960357, 0.017402466, -0.022132024, 0.0076213893;
 -0.016941668, 0.99963927, 0.02084022, 0.0058354978;
 0.022486713, -0.020457005, 0.99953783, -0.023615135;
 0, 0, 0, 1]
Twc:
[0.99960357, -0.016941668, 0.022486713, -0.0069884784;
 0.017402466, 0.99963927, -0.020457005, -0.0064491187;
 -0.022132024, 0.02084022, 0.99953783, 0.023651285;
 0, 0, 0, 1]
Ow:
[0.0076213893;
 0.0058354978;
 -0.023615135]
Keyframe: 2 Frame: 35 Frame from vFrameID : 36
Tcw:
[0.99965429, 0.015432201, -0.021288211, 0.0061516287;
 -0.014997867, 0.99967915, 0.020413551, 0.0059110322;
 0.021596406, -0.020087216, 0.99956495, -0.024702035;
 0, 0, 0, 1]
Twc:
[0.99965429, -0.014997867, 0.021596406, -0.0055273743;
 0.015432201, 0.99967915, -0.020087216, -0.0065002637;
 -0.021288211, 0.020413551, 0.99956495, 0.02470158;
 0, 0, 0, 1]
Ow:
[0.0061516287;
 0.0059110322;
 -0.024702035]
Keyframe: 3 Frame: 36 Frame from vFrameID : 37
Tcw:
[0.99968392, 0.0129041, -0.021576598, 0.0067701754;
 -0.012462651, 0.99971277, 0.020470422, 0.0071580689;
 0.021834554, -0.02019505, 0.99955761, -0.025547722;
 0, 0, 0, 1]
Twc:
[0.99968392, -0.012462651, 0.021834554, -0.006121004;
 0.0129041, 0.99971277, -0.02019505, -0.007759314;
 -0.021576598, 0.020470422, 0.99955761, 0.025535969;
 0, 0, 0, 1]
Ow:
[0.0067701754;
 0.0071580689;
 -0.025547722]
Keyframe: 4 Frame: 37 Frame from vFrameID : 38
Tcw:
[0.99968398, 0.012882764, -0.021587528, 0.006777714;
 -0.012438726, 0.99971086, 0.020578781, 0.0070832311;
 0.021846399, -0.020303756, 0.99955517, -0.025573861;
 0, 0, 0, 1]
Twc:
[0.99968398, -0.012438726, 0.021846399, -0.0061287689;
 0.012882764, 0.99971086, -0.020303756, -0.0076877442;
 -0.021587528, 0.020578781, 0.99955517, 0.025563033;
 0, 0, 0, 1]
Ow:
[0.006777714;
 0.0070832311;
 -0.025573861]
Keyframe: 5 Frame: 38 Frame from vFrameID : 39
Tcw:
[0.99970531, 0.0094537986, -0.022359027, 0.0059011872;
 -0.0090178186, 0.99976879, 0.01952016, 0.0062110205;
 0.022538396, -0.019312778, 0.9995594, -0.02633211;
 0, 0, 0, 1]
Twc:
[0.99970531, -0.0090178186, 0.022538396, -0.0052499548;
 0.0094537986, 0.99976879, -0.019312778, -0.0067739193;
 -0.022359027, 0.01952016, 0.9995594, 0.026331212;
 0, 0, 0, 1]
Ow:
[0.0059011872;
 0.0062110205;
 -0.02633211]
Keyframe: 6 Frame: 39 Frame from vFrameID : 40
Tcw:
[0.99967897, 0.0098837037, -0.023328556, 0.0061335638;
 -0.0095547317, 0.99985391, 0.01417125, 0.0071144686;
 0.023465212, -0.013943803, 0.99962741, -0.027331682;
 0, 0, 0, 1]
Twc:
[0.99967897, -0.0095547317, 0.023465212, -0.0054222741;
 0.0098837037, 0.99985391, -0.013943803, -0.0075551597;
 -0.023328556, 0.01417125, 0.99962741, 0.027363766;
 0, 0, 0, 1]
Ow:
[0.0061335638;
 0.0071144686;
 -0.027331682]
Keyframe: 7 Frame: 40 Frame from vFrameID : 41
Tcw:
[0.99967247, 0.011282115, -0.022970602, 0.00609172;
 -0.01100729, 0.99986672, 0.01205571, 0.0078967763;
 0.023103554, -0.011798917, 0.99966347, -0.028567802;
 0, 0, 0, 1]
Twc:
[0.99967247, -0.01100729, 0.023103554, -0.0053427848;
 0.011282115, 0.99986672, -0.011798917, -0.0083015207;
 -0.022970602, 0.01205571, 0.99966347, 0.028602917;
 0, 0, 0, 1]
Ow:
[0.00609172;
 0.0078967763;
 -0.028567802]
Keyframe: 8 Frame: 42 Frame from vFrameID : 43
Tcw:
[0.99971229, 0.0089576328, -0.022250984, 0.0054867943;
 -0.0087486887, 0.99991691, 0.0094699934, 0.0094967112;
 0.022333963, -0.0092726024, 0.99970758, -0.030546715;
 0, 0, 0, 1]
Twc:
[0.99971229, -0.0087486887, 0.022333963, -0.0047199028;
 0.0089576328, 0.99991691, -0.0092726024, -0.0098283179;
 -0.022250984, 0.0094699934, 0.99970758, 0.030569935;
 0, 0, 0, 1]
Ow:
[0.0054867943;
 0.0094967112;
 -0.030546715]
Keyframe: 9 Frame: 44 Frame from vFrameID : 45
Tcw:
[0.99982268, 0.0069658333, -0.017495973, 0.0060859499;
 -0.0066872141, 0.99985069, 0.015933113, 0.01202822;
 0.017604347, -0.015813289, 0.99971998, -0.035097402;
 0, 0, 0, 1]
Twc:
[0.99982268, -0.0066872141, 0.017604347, -0.0053865686;
 0.0069658333, 0.99985069, -0.015813289, -0.012623823;
 -0.017495973, 0.015933113, 0.99971998, 0.035002407;
 0, 0, 0, 1]
Ow:
[0.0060859499;
 0.01202822;
 -0.035097402]
Keyframe: 10 Frame: 46 Frame from vFrameID : 47
Tcw:
[0.9997893, 0.0078859571, -0.018952154, 0.0030536421;
 -0.0074870866, 0.99975091, 0.021025768, 0.013596877;
 0.019113241, -0.020879442, 0.99959928, -0.038205631;
 0, 0, 0, 1]
Twc:
[0.9997893, -0.0074870866, 0.019113241, -0.0022209641;
 0.0078859571, 0.99975091, -0.020879442, -0.014415284;
 -0.018952154, 0.021025768, 0.99959928, 0.037962314;
 0, 0, 0, 1]
Ow:
[0.0030536421;
 0.013596877;
 -0.038205631]
Keyframe: 11 Frame: 48 Frame from vFrameID : 49
Tcw:
[0.99959874, 0.0029635269, -0.028169692, 0.00093194569;
 -0.0023063736, 0.9997251, 0.023332311, 0.014444182;
 0.028231094, -0.02325798, 0.99933082, -0.040757354;
 0, 0, 0, 1]
Twc:
[0.99959874, -0.0023063736, 0.028231094, 0.00025236662;
 0.0029635269, 0.9997251, -0.02325798, -0.015390906;
 -0.028169692, 0.023332311, 0.99933082, 0.040419318;
 0, 0, 0, 1]
Ow:
[0.00093194569;
 0.014444182;
 -0.040757354]
Keyframe: 12 Frame: 50 Frame from vFrameID : 51
Tcw:
[0.99958378, 0.0019868466, -0.028780002, -0.00054668973;
 -0.0011713642, 0.99959809, 0.028324228, 0.016658163;
 0.028824711, -0.028278727, 0.99918437, -0.043258887;
 0, 0, 0, 1]
Twc:
[0.99958378, -0.0011713642, 0.028824711, 0.0018129;
 0.0019868466, 0.99959809, -0.028278727, -0.01787369;
 -0.028780002, 0.028324228, 0.99918437, 0.042736042;
 0, 0, 0, 1]
Ow:
[-0.00054668973;
 0.016658163;
 -0.043258887]
Keyframe: 13 Frame: 52 Frame from vFrameID : 53
Tcw:
[0.99945289, 0.0017159444, -0.033030156, -0.0056399452;
 -0.00052723259, 0.99935293, 0.0359638, 0.016637303;
 0.033070497, -0.035926711, 0.99880707, -0.043882564;
 0, 0, 0, 1]
Twc:
[0.99945289, -0.00052723259, 0.033070497, 0.0070968494;
 0.0017159444, 0.99935293, -0.035926711, -0.018193416;
 -0.033030156, 0.0359638, 0.99880707, 0.043045588;
 0, 0, 0, 1]
Ow:
[-0.0056399452;
 0.016637303;
 -0.043882564]
Keyframe: 14 Frame: 55 Frame from vFrameID : 56
Tcw:
[0.99894178, 0.0010870011, -0.045979369, -0.0097332131;
 0.00044425012, 0.99944597, 0.033279683, 0.014163304;
 0.045990068, -0.033264894, 0.99838787, -0.044217721;
 0, 0, 0, 1]
Twc:
[0.99894178, 0.00044425012, 0.045990068, 0.011750198;
 0.0010870011, 0.99944597, -0.033264894, -0.015615776;
 -0.045979369, 0.033279683, 0.99838787, 0.043227561;
 0, 0, 0, 1]
Ow:
[-0.0097332131;
 0.014163304;
 -0.044217721]
Keyframe: 15 Frame: 57 Frame from vFrameID : 58
Tcw:
[0.99888277, 0.0045973225, -0.047032092, -0.013289731;
 -0.0034953903, 0.99971807, 0.023484841, 0.012274673;
 0.0471268, -0.023294209, 0.99861729, -0.044723768;
 0, 0, 0, 1]
Twc:
[0.99888277, -0.0034953903, 0.0471268, 0.015425477;
 0.0045973225, 0.99971807, -0.023294209, -0.013251921;
 -0.047032092, 0.023484841, 0.99861729, 0.043748613;
 0, 0, 0, 1]
Ow:
[-0.013289731;
 0.012274673;
 -0.044723768]
Keyframe: 16 Frame: 59 Frame from vFrameID : 60
Tcw:
[0.9988938, 0.0028022248, -0.046940144, -0.015121757;
 -0.002357926, 0.9999519, 0.0095179202, 0.011323758;
 0.046964556, -0.0093967095, 0.99885237, -0.044532459;
 0, 0, 0, 1]
Twc:
[0.9988938, -0.002357926, 0.046964556, 0.017223177;
 0.0028022248, 0.9999519, -0.0093967095, -0.011699297;
 -0.046940144, 0.0095179202, 0.99885237, 0.043663755;
 0, 0, 0, 1]
Ow:
[-0.015121757;
 0.011323758;
 -0.044532459]
Keyframe: 17 Frame: 62 Frame from vFrameID : 63
Tcw:
[0.99931926, 0.0030863467, -0.036762685, -0.018843845;
 -0.0033890032, 0.99996084, -0.0081732376, 0.011412411;
 0.036736019, 0.0082922624, 0.99929059, -0.044479024;
 0, 0, 0, 1]
Twc:
[0.99931926, -0.0033890032, 0.036736019, 0.020503677;
 0.0030863467, 0.99996084, 0.0082922624, -0.010984974;
 -0.036762685, -0.0081732376, 0.99929059, 0.043847997;
 0, 0, 0, 1]
Ow:
[-0.018843845;
 0.011412411;
 -0.044479024]
Keyframe: 18 Frame: 65 Frame from vFrameID : 66
Tcw:
[0.99939662, -0.00069361459, -0.034726143, -0.023803994;
 0.00029859249, 0.99993521, -0.011379247, 0.013760863;
 0.034731787, 0.011362012, 0.99933207, -0.043945692;
 0, 0, 0, 1]
Twc:
[0.99939662, 0.00029859249, 0.034731787, 0.025311835;
 -0.00069361459, 0.99993521, 0.011362012, -0.01327717;
 -0.034726143, -0.011379247, 0.99933207, 0.04324631;
 0, 0, 0, 1]
Ow:
[-0.023803994;
 0.013760863;
 -0.043945692]
Keyframe: 19 Frame: 68 Frame from vFrameID : 69
Tcw:
[0.99964666, -0.0005197195, -0.026575278, -0.023631115;
 0.00022679403, 0.9999392, -0.011024307, 0.01531297;
 0.026579391, 0.011014384, 0.99958605, -0.043502208;
 0, 0, 0, 1]
Twc:
[0.99964666, 0.00022679403, 0.026579391, 0.024775555;
 -0.0005197195, 0.9999392, 0.011014384, -0.01484517;
 -0.026575278, -0.011024307, 0.99958605, 0.043025009;
 0, 0, 0, 1]
Ow:
[-0.023631115;
 0.01531297;
 -0.043502208]
Keyframe: 20 Frame: 71 Frame from vFrameID : 72
Tcw:
[0.99994963, -0.0024117769, -0.0097413026, -0.02503271;
 0.0023709873, 0.99998838, -0.0041966583, 0.018414596;
 0.0097513115, 0.0041733505, 0.99994373, -0.042896342;
 0, 0, 0, 1]
Twc:
[0.99994963, 0.0023709873, 0.0097513115, 0.025406083;
 -0.0024117769, 0.99998838, 0.0041733505, -0.018295735;
 -0.0097413026, -0.0041966583, 0.99994373, 0.042727355;
 0, 0, 0, 1]
Ow:
[-0.02503271;
 0.018414596;
 -0.042896342]
Keyframe: 21 Frame: 74 Frame from vFrameID : 75
Tcw:
[0.99999803, -0.0011278536, -0.0016409843, -0.020923359;
 0.0011437529, 0.99995208, 0.0097204167, 0.017606691;
 0.0016299424, -0.0097222747, 0.99995142, -0.047388017;
 0, 0, 0, 1]
Twc:
[0.99999803, 0.0011437529, 0.0016299424, 0.02098042;
 -0.0011278536, 0.99995208, -0.0097222747, -0.018090164;
 -0.0016409843, 0.0097204167, 0.99995142, 0.047180235;
 0, 0, 0, 1]
Ow:
[-0.020923359;
 0.017606691;
 -0.047388017]
Keyframe: 22 Frame: 77 Frame from vFrameID : 78
Tcw:
[0.99998945, 0.0036815889, -0.0027452586, -0.018587912;
 -0.0036909184, 0.99998742, -0.0034011784, 0.018000247;
 0.0027327023, 0.0034112751, 0.99999046, -0.051894978;
 0, 0, 0, 1]
Twc:
[0.99998945, -0.0036909184, 0.0027327023, 0.018795967;
 0.0036815889, 0.99998742, 0.0034112751, -0.017754558;
 -0.0027452586, -0.0034011784, 0.99999046, 0.051904675;
 0, 0, 0, 1]
Ow:
[-0.018587912;
 0.018000247;
 -0.051894978]
Keyframe: 23 Frame: 80 Frame from vFrameID : 81
Tcw:
[0.99993312, 0.011559888, 0.00035465378, -0.011010715;
 -0.011556338, 0.99989486, -0.0087624826, 0.020029293;
 -0.00045590979, 0.008757798, 0.99996156, -0.062797576;
 0, 0, 0, 1]
Twc:
[0.99993312, -0.011556338, -0.00045590979, 0.011212814;
 0.011559888, 0.99989486, 0.008757798, -0.019349935;
 0.00035465378, -0.0087624826, 0.99996156, 0.062974572;
 0, 0, 0, 1]
Ow:
[-0.011010715;
 0.020029293;
 -0.062797576]
Keyframe: 24 Frame: 83 Frame from vFrameID : 84
Tcw:
[0.99981689, 0.019130699, 0.00048328566, -0.0070097884;
 -0.01913105, 0.99981672, 0.00073107536, 0.022551645;
 -0.00046921111, -0.00074018724, 0.99999964, -0.069857635;
 0, 0, 0, 1]
Twc:
[0.99981689, -0.01913105, -0.00046921111, 0.0074071633;
 0.019130699, 0.99981672, -0.00074018724, -0.022465117;
 0.00048328566, 0.00073107536, 0.99999964, 0.069844507;
 0, 0, 0, 1]
Ow:
[-0.0070097884;
 0.022551645;
 -0.069857635]
Keyframe: 25 Frame: 86 Frame from vFrameID : 87
Tcw:
[0.99973094, 0.020590892, -0.010679763, -0.0066472348;
 -0.020539876, 0.9997772, 0.0048647886, 0.024607817;
 0.010777554, -0.0046441187, 0.99993116, -0.074976526;
 0, 0, 0, 1]
Twc:
[0.99973094, -0.020539876, 0.010777554, 0.0079589514;
 0.020590892, 0.9997772, -0.0046441187, -0.024813661;
 -0.010679763, 0.0048647886, 0.99993116, 0.074780658;
 0, 0, 0, 1]
Ow:
[-0.0066472348;
 0.024607817;
 -0.074976526]
Keyframe: 26 Frame: 89 Frame from vFrameID : 90
Tcw:
[0.99951452, 0.012007101, -0.028749799, -0.008623274;
 -0.011643816, 0.99985063, 0.012770359, 0.02601156;
 0.028898841, -0.012429402, 0.99950504, -0.079442263;
 0, 0, 0, 1]
Twc:
[0.99951452, -0.011643816, 0.028898841, 0.011217752;
 0.012007101, 0.99985063, -0.012429402, -0.026891554;
 -0.028749799, 0.012770359, 0.99950504, 0.078822851;
 0, 0, 0, 1]
Ow:
[-0.008623274;
 0.02601156;
 -0.079442263]
Keyframe: 27 Frame: 92 Frame from vFrameID : 93
Tcw:
[0.99930155, 0.008829426, -0.036311153, -0.0093687624;
 -0.0083212228, 0.99986565, 0.014123179, 0.02685139;
 0.036430974, -0.013811161, 0.99924076, -0.081938379;
 0, 0, 0, 1]
Twc:
[0.99930155, -0.0083212228, 0.036430974, 0.01257075;
 0.008829426, 0.99986565, -0.013811161, -0.027896725;
 -0.036311153, 0.014123179, 0.99924076, 0.081156746;
 0, 0, 0, 1]
Ow:
[-0.0093687624;
 0.02685139;
 -0.081938379]
Keyframe: 28 Frame: 95 Frame from vFrameID : 96
Tcw:
[0.99942237, 0.0079059331, -0.033052608, -0.014754442;
 -0.0071432809, 0.99970698, 0.023128623, 0.02586665;
 0.033225778, -0.022879159, 0.99918598, -0.082712702;
 0, 0, 0, 1]
Twc:
[0.99942237, -0.0071432809, 0.033225778, 0.017678885;
 0.0079059331, 0.99970698, -0.022879159, -0.02763482;
 -0.033052608, 0.023128623, 0.99918598, 0.081559442;
 0, 0, 0, 1]
Ow:
[-0.014754442;
 0.02586665;
 -0.082712702]
Keyframe: 29 Frame: 98 Frame from vFrameID : 99
Tcw:
[0.99967045, 8.0620957e-05, -0.025671858, -0.023845503;
 0.00013514116, 0.99996471, 0.0084027704, 0.025998812;
 0.025671629, -0.0084034707, 0.9996351, -0.084045939;
 0, 0, 0, 1]
Twc:
[0.99967045, 0.00013514116, 0.025671629, 0.025991727;
 8.0620957e-05, 0.99996471, -0.0084034707, -0.026702249;
 -0.025671858, 0.0084027704, 0.9996351, 0.083184652;
 0, 0, 0, 1]
Ow:
[-0.023845503;
 0.025998812;
 -0.084045939]
Keyframe: 30 Frame: 101 Frame from vFrameID : 102
Tcw:
[0.99971014, -0.0035055827, -0.023818554, -0.031360682;
 0.003515949, 0.99999374, 0.00039335701, 0.027374608;
 0.023817027, -0.0004769878, 0.99971622, -0.084282652;
 0, 0, 0, 1]
Twc:
[0.99971014, 0.003515949, 0.023817027, 0.033262707;
 -0.0035055827, 0.99999374, -0.0004769878, -0.027524576;
 -0.023818554, 0.00039335701, 0.99971622, 0.083500996;
 0, 0, 0, 1]
Ow:
[-0.031360682;
 0.027374608;
 -0.084282652]
Keyframe: 31 Frame: 104 Frame from vFrameID : 105
Tcw:
[0.99970847, -0.0072250301, -0.023038665, -0.038156789;
 0.0072295466, 0.99997383, 0.00011274874, 0.028933855;
 0.023037249, -0.00027927497, 0.99973458, -0.084990725;
 0, 0, 0, 1]
Twc:
[0.99970847, 0.0072295466, 0.023037249, 0.039894439;
 -0.0072250301, 0.99997383, -0.00027927497, -0.029232521;
 -0.023038665, 0.00011274874, 0.99973458, 0.084085815;
 0, 0, 0, 1]
Ow:
[-0.038156789;
 0.028933855;
 -0.084990725]
Keyframe: 32 Frame: 107 Frame from vFrameID : 108
Tcw:
[0.99986863, -0.01185747, -0.011053314, -0.042802133;
 0.011919846, 0.99991333, 0.0055944654, 0.03057361;
 0.010986019, -0.0057254839, 0.99992329, -0.08667279;
 0, 0, 0, 1]
Twc:
[0.99986863, 0.011919846, 0.010986019, 0.043384265;
 -0.01185747, 0.99991333, -0.0057254839, -0.03157473;
 -0.011053314, 0.0055944654, 0.99992329, 0.08602199;
 0, 0, 0, 1]
Ow:
[-0.042802133;
 0.03057361;
 -0.08667279]
Keyframe: 33 Frame: 110 Frame from vFrameID : 111
Tcw:
[0.99993598, -0.0079827039, -0.0080209998, -0.045491848;
 0.008085872, 0.99988395, 0.012913262, 0.031242955;
 0.007916986, -0.012977292, 0.99988443, -0.08774326;
 0, 0, 0, 1]
Twc:
[0.99993598, 0.008085872, 0.007916986, 0.04593097;
 -0.0079827039, 0.99988395, -0.012977292, -0.032741148;
 -0.0080209998, 0.012913262, 0.99988443, 0.086964786;
 0, 0, 0, 1]
Ow:
[-0.045491848;
 0.031242955;
 -0.08774326]
Keyframe: 34 Frame: 114 Frame from vFrameID : 115
Tcw:
[0.99994159, -0.0081716366, 0.0070775491, -0.04374722;
 0.0080646798, 0.9998548, 0.015010949, 0.033128556;
 -0.0071991854, -0.014952994, 0.99986225, -0.092533365;
 0, 0, 0, 1]
Twc:
[0.99994159, 0.0080646798, -0.0071991854, 0.042811327;
 -0.0081716366, 0.9998548, -0.014952994, -0.034864884;
 0.0070775491, 0.015010949, 0.99986225, 0.092332952;
 0, 0, 0, 1]
Ow:
[-0.04374722;
 0.033128556;
 -0.092533365]
Keyframe: 35 Frame: 117 Frame from vFrameID : 118
Tcw:
[0.99989331, -0.0016010425, 0.014521177, -0.040189862;
 0.0015287726, 0.99998641, 0.0049865954, 0.0336565;
 -0.014528963, -0.0049638636, 0.9998821, -0.10002057;
 0, 0, 0, 1]
Twc:
[0.99989331, 0.0015287726, -0.014528963, 0.038680922;
 -0.0016010425, 0.99998641, -0.0049638636, -0.034216877;
 0.014521177, 0.0049865954, 0.9998821, 0.10042456;
 0, 0, 0, 1]
Ow:
[-0.040189862;
 0.0336565;
 -0.10002057]
Keyframe: 36 Frame: 121 Frame from vFrameID : 122
Tcw:
[0.99975997, 0.009826215, 0.019582503, -0.036162663;
 -0.0098401699, 0.99995142, 0.00061641121, 0.034703325;
 -0.019575493, -0.00080895843, 0.99980807, -0.10871603;
 0, 0, 0, 1]
Twc:
[0.99975997, -0.0098401699, -0.019575493, 0.034367297;
 0.009826215, 0.99995142, -0.00080895843, -0.03443424;
 0.019582503, 0.00061641121, 0.99980807, 0.10938192;
 0, 0, 0, 1]
Ow:
[-0.036162663;
 0.034703325;
 -0.10871603]
Keyframe: 37 Frame: 125 Frame from vFrameID : 126
Tcw:
[0.99980688, 0.012578751, 0.015097959, -0.032725886;
 -0.01260778, 0.99991882, 0.0018291152, 0.035794571;
 -0.015073726, -0.0020191136, 0.99988437, -0.11569118;
 0, 0, 0, 1]
Twc:
[0.99980688, -0.01260778, -0.015073726, 0.031426959;
 0.012578751, 0.99991882, -0.0020191136, -0.035613608;
 0.015097959, 0.0018291152, 0.99988437, 0.11610641;
 0, 0, 0, 1]
Ow:
[-0.032725886;
 0.035794571;
 -0.11569118]
Keyframe: 38 Frame: 129 Frame from vFrameID : 130
Tcw:
[0.99994355, 0.0077909362, 0.0072203809, -0.031347498;
 -0.0077992654, 0.99996895, 0.001126173, 0.03756208;
 -0.007211383, -0.0011824231, 0.9999733, -0.122823;
 0, 0, 0, 1]
Twc:
[0.99994355, -0.0077992654, -0.007211383, 0.030752964;
 0.0077909362, 0.99996895, -0.0011824231, -0.037461918;
 0.0072203809, 0.001126173, 0.9999733, 0.12300376;
 0, 0, 0, 1]
Ow:
[-0.031347498;
 0.03756208;
 -0.122823]
Keyframe: 39 Frame: 133 Frame from vFrameID : 134
Tcw:
[0.99989665, 0.0053486219, -0.01334594, -0.029685434;
 -0.0052863974, 0.99997503, 0.0046933549, 0.039868928;
 0.013370709, -0.0046223179, 0.99989992, -0.1312636;
 0, 0, 0, 1]
Twc:
[0.99989665, -0.0052863974, 0.013370709, 0.031648215;
 0.0053486219, 0.99997503, -0.0046223179, -0.040315896;
 -0.01334594, 0.0046933549, 0.99989992, 0.13066716;
 0, 0, 0, 1]
Ow:
[-0.029685434;
 0.039868928;
 -0.1312636]
Keyframe: 40 Frame: 137 Frame from vFrameID : 138
Tcw:
[0.99959797, 0.012359702, -0.025517369, -0.029028555;
 -0.01206968, 0.99986118, 0.011488587, 0.038482483;
 0.025655823, -0.011175982, 0.99960834, -0.13313252;
 0, 0, 0, 1]
Twc:
[0.99959797, -0.01206968, 0.025655823, 0.032896981;
 0.012359702, 0.99986118, -0.011175982, -0.039606243;
 -0.025517369, 0.011488587, 0.99960834, 0.13189754;
 0, 0, 0, 1]
Ow:
[-0.029028555;
 0.038482483;
 -0.13313252]
Keyframe: 41 Frame: 142 Frame from vFrameID : 143
Tcw:
[0.99918664, 0.019458786, -0.035319231, -0.027365249;
 -0.019297991, 0.99980181, 0.0048878491, 0.03622362;
 0.035407346, -0.0042022835, 0.99936414, -0.12850845;
 0, 0, 0, 1]
Twc:
[0.99918664, -0.019297991, 0.035407346, 0.032592174;
 0.019458786, 0.99980181, -0.0042022835, -0.036223978;
 -0.035319231, 0.0048878491, 0.99936414, 0.12728316;
 0, 0, 0, 1]
Ow:
[-0.027365249;
 0.03622362;
 -0.12850845]
Keyframe: 42 Frame: 146 Frame from vFrameID : 147
Tcw:
[0.99919081, 0.020725515, -0.034470223, -0.027301811;
 -0.020670921, 0.99978447, 0.0019394779, 0.033109374;
 0.034502991, -0.0012253772, 0.99940383, -0.11948985;
 0, 0, 0, 1]
Twc:
[0.99919081, -0.020670921, 0.034502991, 0.032086879;
 0.020725515, 0.99978447, -0.0012253772, -0.032682814;
 -0.034470223, 0.0019394779, 0.99940383, 0.1184133;
 0, 0, 0, 1]
Ow:
[-0.027301811;
 0.033109374;
 -0.11948985]
Keyframe: 43 Frame: 150 Frame from vFrameID : 151
Tcw:
[0.99937093, 0.018086456, -0.030506417, -0.028646985;
 -0.018132264, 0.99983484, -0.0012255866, 0.030454865;
 0.030479211, 0.001777966, 0.99953383, -0.10904288;
 0, 0, 0, 1]
Twc:
[0.99937093, -0.018132264, 0.030479211, 0.032504722;
 0.018086456, 0.99983484, 0.001777966, -0.029737839;
 -0.030506417, -0.0012255866, 0.99953383, 0.10815545;
 0, 0, 0, 1]
Ow:
[-0.028646985;
 0.030454865;
 -0.10904288]
Keyframe: 44 Frame: 154 Frame from vFrameID : 155
Tcw:
[0.99967068, 0.015045924, -0.020788219, -0.029947801;
 -0.01543752, 0.99970394, -0.018807119, 0.026017839;
 0.020499093, 0.019121842, 0.99960697, -0.094945006;
 0, 0, 0, 1]
Twc:
[0.99967068, -0.01543752, 0.020499093, 0.032285877;
 0.015045924, 0.99970394, 0.019121842, -0.023744021;
 -0.020788219, -0.018807119, 0.99960697, 0.094774455;
 0, 0, 0, 1]
Ow:
[-0.029947801;
 0.026017839;
 -0.094945006]
Keyframe: 45 Frame: 157 Frame from vFrameID : 158
Tcw:
[0.99993157, 0.0032504136, -0.011235927, -0.029666917;
 -0.0034966739, 0.99975258, -0.021967508, 0.022947295;
 0.011161744, 0.022005294, 0.99969554, -0.082586043;
 0, 0, 0, 1]
Twc:
[0.99993157, -0.0034966739, 0.011161744, 0.030666932;
 0.0032504136, 0.99975258, 0.022005294, -0.021027856;
 -0.011235927, -0.021967508, 0.99969554, 0.082731664;
 0, 0, 0, 1]
Ow:
[-0.029666917;
 0.022947295;
 -0.082586043]
Keyframe: 46 Frame: 161 Frame from vFrameID : 162
Tcw:
[0.99999499, 5.0087878e-05, -0.0031573172, -0.026030002;
 -0.00013858457, 0.99960691, -0.028035095, 0.022393506;
 0.003154672, 0.028035393, 0.99960196, -0.071035199;
 0, 0, 0, 1]
Twc:
[0.99999499, -0.00013858457, 0.003154672, 0.02625707;
 5.0087878e-05, 0.99960691, 0.028035393, -0.0203919;
 -0.0031573172, -0.028035095, 0.99960196, 0.071552545;
 0, 0, 0, 1]
Ow:
[-0.026030002;
 0.022393506;
 -0.071035199]
Keyframe: 47 Frame: 165 Frame from vFrameID : 166
Tcw:
[0.99999493, 0.0022349844, 0.0022659313, -0.019207254;
 -0.0021861459, 0.99977005, -0.021331504, 0.020780224;
 -0.0023130861, 0.021326443, 0.99976987, -0.056124747;
 0, 0, 0, 1]
Twc:
[0.99999493, -0.0021861459, -0.0023130861, 0.019122764;
 0.0022349844, 0.99977005, 0.021326443, -0.019535579;
 0.0022659313, -0.021331504, 0.99976987, 0.056598626;
 0, 0, 0, 1]
Ow:
[-0.019207254;
 0.020780224;
 -0.056124747]
Keyframe: 48 Frame: 169 Frame from vFrameID : 170
Tcw:
[0.99990565, 0.0042385226, -0.013064919, -0.0087989792;
 -0.0045580952, 0.99968874, -0.02452841, 0.016481113;
 0.012956888, 0.024585648, 0.99961376, -0.044055022;
 0, 0, 0, 1]
Twc:
[0.99990565, -0.0045580952, 0.012956888, 0.0094440877;
 0.0042385226, 0.99968874, 0.024585648, -0.015355567;
 -0.013064919, -0.02452841, 0.99961376, 0.044327304;
 0, 0, 0, 1]
Ow:
[-0.0087989792;
 0.016481113;
 -0.044055022]
Keyframe: 49 Frame: 173 Frame from vFrameID : 174
Tcw:
[0.99972582, 0.01604346, -0.017054342, 0.0032094528;
 -0.016569089, 0.99937767, -0.03113989, 0.0093716634;
 0.016544137, 0.031413928, 0.9993695, -0.033711854;
 0, 0, 0, 1]
Twc:
[0.99972582, -0.016569089, 0.016544137, -0.0024955596;
 0.01604346, 0.99937767, 0.031413928, -0.0083582997;
 -0.017054342, -0.03113989, 0.9993695, 0.034037169;
 0, 0, 0, 1]
Ow:
[0.0032094528;
 0.0093716634;
 -0.033711854]
Keyframe: 50 Frame: 177 Frame from vFrameID : 178
Tcw:
[0.99956727, 0.023770249, -0.017329326, 0.01235915;
 -0.024384867, 0.99904835, -0.036163338, 0.0057931705;
 0.016453223, 0.036570262, 0.99919564, -0.022062875;
 0, 0, 0, 1]
Twc:
[0.99956727, -0.024384867, 0.016453223, -0.01184953;
 0.023770249, 0.99904835, 0.036570262, -0.0052745924;
 -0.017329326, -0.036163338, 0.99919564, 0.022468805;
 0, 0, 0, 1]
Ow:
[0.01235915;
 0.0057931705;
 -0.022062875]
Keyframe: 51 Frame: 181 Frame from vFrameID : 182
Tcw:
[0.99966705, 0.02416835, -0.0090353163, 0.018039826;
 -0.024409352, 0.99932128, -0.02758937, 0.0020569391;
 0.0083623938, 0.027800731, 0.99957854, -0.0014085239;
 0, 0, 0, 1]
Twc:
[0.99966705, -0.024409352, 0.0083623938, -0.017971834;
 0.02416835, 0.99932128, 0.027800731, -0.0024523779;
 -0.0090353163, -0.02758937, 0.99957854, 0.0016276754;
 0, 0, 0, 1]
Ow:
[0.018039826;
 0.0020569391;
 -0.0014085239]
Keyframe: 52 Frame: 185 Frame from vFrameID : 186
Tcw:
[0.99986446, 0.015164057, 0.0064105676, 0.02149947;
 -0.014929272, 0.99926841, -0.035209652, -0.00068192708;
 -0.0069397991, 0.035109177, 0.99935937, 0.017094009;
 0, 0, 0, 1]
Twc:
[0.99986446, -0.014929272, -0.0069397991, -0.021388106;
 0.015164057, 0.99926841, 0.035109177, -0.0002447475;
 0.0064105676, -0.035209652, 0.99935937, -0.017244892;
 0, 0, 0, 1]
Ow:
[0.02149947;
 -0.00068192708;
 0.017094009]
Keyframe: 53 Frame: 189 Frame from vFrameID : 190
Tcw:
[0.99968505, 0.0051876567, 0.024554975, 0.02072639;
 -0.0038881062, 0.99860394, -0.052679047, -0.0023806891;
 -0.024793975, 0.052566983, 0.99830955, 0.034197003;
 0, 0, 0, 1]
Twc:
[0.99968505, -0.0038881062, -0.024793975, -0.019881239;
 0.0051876567, 0.99860394, 0.052566983, 0.0004722109;
 0.024554975, -0.052679047, 0.99830955, -0.034773543;
 0, 0, 0, 1]
Ow:
[0.02072639;
 -0.0023806891;
 0.034197003]
Keyframe: 54 Frame: 193 Frame from vFrameID : 194
Tcw:
[0.99941796, -0.0082860235, 0.033091631, 0.026046265;
 0.0094896816, 0.99929285, -0.036383662, -0.0039642802;
 -0.032766752, 0.036676515, 0.99878985, 0.051922765;
 0, 0, 0, 1]
Twc:
[0.99941796, 0.0094896816, -0.032766752, -0.024292147;
 -0.0082860235, 0.99929285, 0.036676515, 0.0022729507;
 0.033091631, -0.036383662, 0.99878985, -0.052866079;
 0, 0, 0, 1]
Ow:
[0.026046265;
 -0.0039642802;
 0.051922765]
Keyframe: 55 Frame: 197 Frame from vFrameID : 198
Tcw:
[0.99899805, -0.0094450591, 0.043745674, 0.032532312;
 0.010818253, 0.99945271, -0.03126077, -0.0083344579;
 -0.043426473, 0.031702701, 0.99855351, 0.073295347;
 0, 0, 0, 1]
Twc:
[0.99899805, 0.010818253, -0.043426473, -0.029226596;
 -0.0094450591, 0.99945271, 0.031702701, 0.0063135056;
 0.043745674, -0.03126077, 0.99855351, -0.074873015;
 0, 0, 0, 1]
Ow:
[0.032532312;
 -0.0083344579;
 0.073295347]
Keyframe: 56 Frame: 201 Frame from vFrameID : 202
Tcw:
[0.99935204, -0.0016795237, 0.035953589, 0.041339871;
 0.0030458511, 0.99927378, -0.037981562, -0.011265678;
 -0.03586369, 0.038066462, 0.99863142, 0.094389178;
 0, 0, 0, 1]
Twc:
[0.99935204, 0.0030458511, -0.03586369, -0.037893627;
 -0.0016795237, 0.99927378, 0.038066462, 0.007733867;
 0.035953589, -0.037981562, 0.99863142, -0.096174203;
 0, 0, 0, 1]
Ow:
[0.041339871;
 -0.011265678;
 0.094389178]
Keyframe: 57 Frame: 205 Frame from vFrameID : 206
Tcw:
[0.99965966, 0.014786609, 0.021492291, 0.052883789;
 -0.013888733, 0.99904853, -0.041342016, -0.016868178;
 -0.02208315, 0.041029446, 0.99891388, 0.11723269;
 0, 0, 0, 1]
Twc:
[0.99965966, -0.013888733, -0.02208315, -0.0505112;
 0.014786609, 0.99904853, 0.041029446, 0.011260164;
 0.021492291, -0.041342016, 0.99891388, -0.11893931;
 0, 0, 0, 1]
Ow:
[0.052883789;
 -0.016868178;
 0.11723269]
Keyframe: 58 Frame: 209 Frame from vFrameID : 210
Tcw:
[0.99955779, 0.023252092, 0.018536272, 0.057998456;
 -0.02293646, 0.99959129, -0.017062344, -0.024510764;
 -0.018925432, 0.016629642, 0.99968261, 0.13612798;
 0, 0, 0, 1]
Twc:
[0.99955779, -0.02293646, -0.018925432, -0.055958718;
 0.023252092, 0.99959129, 0.016629642, 0.020888401;
 0.018536272, -0.017062344, 0.99968261, -0.13757806;
 0, 0, 0, 1]
Ow:
[0.057998456;
 -0.024510764;
 0.13612798]
Keyframe: 59 Frame: 214 Frame from vFrameID : 215
Tcw:
[0.99859339, 0.011504779, 0.051757686, 0.061920106;
 -0.0088570211, 0.99865437, -0.051098384, -0.034271121;
 -0.052275911, 0.050568093, 0.99735153, 0.15974864;
 0, 0, 0, 1]
Twc:
[0.99859339, -0.0088570211, -0.052275911, -0.053785548;
 0.011504779, 0.99865437, 0.050568093, 0.025434446;
 0.051757686, -0.051098384, 0.99735153, -0.16428161;
 0, 0, 0, 1]
Ow:
[0.061920106;
 -0.034271121;
 0.15974864]
Keyframe: 60 Frame: 218 Frame from vFrameID : 219
Tcw:
[0.99788976, -0.0066147442, 0.064593211, 0.055564605;
 0.0092856782, 0.99911034, -0.041137815, -0.040657375;
 -0.064263627, 0.041650794, 0.9970634, 0.17700759;
 0, 0, 0, 1]
Twc:
[0.99788976, 0.0092856782, -0.064263627, -0.043694668;
 -0.0066147442, 0.99911034, 0.041650794, 0.033616245;
 0.064593211, -0.041137815, 0.9970634, -0.18174943;
 0, 0, 0, 1]
Ow:
[0.055564605;
 -0.040657375;
 0.17700759]
Keyframe: 61 Frame: 223 Frame from vFrameID : 224
Tcw:
[0.99709696, -0.0043376195, 0.076018617, 0.069565609;
 0.0070436327, 0.99934965, -0.035364836, -0.052568931;
 -0.075815775, 0.035797618, 0.99647903, 0.20265849;
 0, 0, 0, 1]
Twc:
[0.99709696, 0.0070436327, -0.075815775, -0.053628672;
 -0.0043376195, 0.99934965, 0.035797618, 0.045581799;
 0.076018617, -0.035364836, 0.99647903, -0.20909232;
 0, 0, 0, 1]
Ow:
[0.069565609;
 -0.052568931;
 0.20265849]
Keyframe: 62 Frame: 230 Frame from vFrameID : 231
Tcw:
[0.99829561, -0.0014632207, 0.058341864, 0.08046367;
 0.0039597801, 0.99908012, -0.042699292, -0.055659451;
 -0.058225717, 0.042857535, 0.99738306, 0.22286929;
 0, 0, 0, 1]
Twc:
[0.99829561, 0.0039597801, -0.058225717, -0.067129403;
 -0.0014632207, 0.99908012, 0.042857535, 0.046174359;
 0.058341864, -0.042699292, 0.99738306, -0.22935709;
 0, 0, 0, 1]
Ow:
[0.08046367;
 -0.055659451;
 0.22286929]
Keyframe: 63 Frame: 235 Frame from vFrameID : 236
Tcw:
[0.99940896, 0.0057424917, 0.033893649, 0.093740277;
 -0.0038224934, 0.99839848, -0.056443051, -0.060279101;
 -0.03416349, 0.056280132, 0.99783033, 0.23838466;
 0, 0, 0, 1]
Twc:
[0.99940896, -0.0038224934, -0.03416349, -0.085771233;
 0.0057424917, 0.99839848, 0.056280132, 0.046227943;
 0.033893649, -0.056443051, 0.99783033, -0.24444698;
 0, 0, 0, 1]
Ow:
[0.093740277;
 -0.060279101;
 0.23838466]
Keyframe: 64 Frame: 240 Frame from vFrameID : 241
Tcw:
[0.9996478, 0.018333979, 0.019186873, 0.10791966;
 -0.017466236, 0.99885863, -0.044455882, -0.067456931;
 -0.019980026, 0.044105101, 0.9988271, 0.25628659;
 0, 0, 0, 1]
Twc:
[0.9996478, -0.017466236, -0.019980026, -0.10393926;
 0.018333979, 0.99885863, 0.044105101, 0.054097801;
 0.019186873, -0.044455882, 0.9988271, -0.26105547;
 0, 0, 0, 1]
Ow:
[0.10791966;
 -0.067456931;
 0.25628659]
Keyframe: 65 Frame: 245 Frame from vFrameID : 246
Tcw:
[0.99956536, 0.025561228, 0.01468547, 0.11491538;
 -0.024958268, 0.99889308, -0.039870385, -0.071482852;
 -0.01568835, 0.039486535, 0.99909693, 0.28105947;
 0, 0, 0, 1]
Twc:
[0.99956536, -0.024958268, -0.01568835, -0.11224017;
 0.025561228, 0.99889308, 0.039486535, 0.057368286;
 0.01468547, -0.039870385, 0.99909693, -0.28534329;
 0, 0, 0, 1]
Ow:
[0.11491538;
 -0.071482852;
 0.28105947]
Keyframe: 66 Frame: 249 Frame from vFrameID : 250
Tcw:
[0.99950367, 0.018188812, 0.025720268, 0.1200109;
 -0.016809529, 0.99846035, -0.052861914, -0.071798317;
 -0.026642164, 0.052403335, 0.99827057, 0.30165765;
 0, 0, 0, 1]
Twc:
[0.99950367, -0.016809529, -0.026642164, -0.11312144;
 0.018188812, 0.99846035, 0.052403335, 0.05369705;
 0.025720268, -0.052861914, 0.99827057, -0.30801803;
 0, 0, 0, 1]
Ow:
[0.1200109;
 -0.071798317;
 0.30165765]
Keyframe: 67 Frame: 253 Frame from vFrameID : 254
Tcw:
[0.99879497, -0.0023782167, 0.049019545, 0.12604128;
 0.0047892095, 0.99878114, -0.049125724, -0.075986601;
 -0.048842967, 0.049301289, 0.99758899, 0.3173511;
 0, 0, 0, 1]
Twc:
[0.99879497, 0.0047892095, -0.048842967, -0.11002511;
 -0.0023782167, 0.99878114, 0.049301289, 0.060547914;
 0.049019545, -0.049125724, 0.99758899, -0.32649735;
 0, 0, 0, 1]
Ow:
[0.12604128;
 -0.075986601;
 0.3173511]
Keyframe: 68 Frame: 257 Frame from vFrameID : 258
Tcw:
[0.99845105, 0.005773556, 0.055337027, 0.13637754;
 -0.0028643021, 0.99861634, -0.052509181, -0.078002751;
 -0.055563625, 0.052269343, 0.99708605, 0.33882743;
 0, 0, 0, 1]
Twc:
[0.99845105, -0.0028643021, -0.055563625, -0.11756324;
 0.005773556, 0.99861634, 0.052269343, 0.059397154;
 0.055337027, -0.052509181, 0.99708605, -0.34948269;
 0, 0, 0, 1]
Ow:
[0.13637754;
 -0.078002751;
 0.33882743]
Keyframe: 69 Frame: 262 Frame from vFrameID : 263
Tcw:
[0.99972349, 0.014718331, 0.018340098, 0.15290216;
 -0.013459157, 0.99766326, -0.066984504, -0.085501038;
 -0.019283142, 0.066719145, 0.99758542, 0.36599106;
 0, 0, 0, 1]
Twc:
[0.99972349, -0.013459157, -0.019283142, -0.1469532;
 0.014718331, 0.99766326, 0.066719145, 0.058632169;
 0.018340098, -0.066984504, 0.99758542, -0.37363884;
 0, 0, 0, 1]
Ow:
[0.15290216;
 -0.085501038;
 0.36599106]
Keyframe: 70 Frame: 267 Frame from vFrameID : 268
Tcw:
[0.99929303, 0.034957662, 0.013834404, 0.16368985;
 -0.033952504, 0.99716055, -0.067216635, -0.085402869;
 -0.016144859, 0.066699408, 0.99764252, 0.38468254;
 0, 0, 0, 1]
Twc:
[0.99929303, -0.033952504, -0.016144859, -0.16026312;
 0.034957662, 0.99716055, 0.066699408, 0.053780064;
 0.013834404, -0.067216635, 0.99764252, -0.39178067;
 0, 0, 0, 1]
Ow:
[0.16368985;
 -0.085402869;
 0.38468254]
Keyframe: 71 Frame: 271 Frame from vFrameID : 272
Tcw:
[0.99942201, 0.033954423, -0.0016564885, 0.16983563;
 -0.03399431, 0.99795753, -0.054084565, -0.091481641;
 -0.00018330489, 0.054109614, 0.99853498, 0.40770882;
 0, 0, 0, 1]
Twc:
[0.99942201, -0.03399431, -0.00018330489, -0.17277259;
 0.033954423, 0.99795753, 0.054109614, 0.06346716;
 -0.0016564885, -0.054084565, 0.99853498, -0.41177794;
 0, 0, 0, 1]
Ow:
[0.16983563;
 -0.091481641;
 0.40770882]
Keyframe: 72 Frame: 276 Frame from vFrameID : 277
Tcw:
[0.99944121, 0.020673841, 0.026264453, 0.17473927;
 -0.019175064, 0.99824166, -0.056088731, -0.092114426;
 -0.027377842, 0.055553768, 0.99808025, 0.4337455;
 0, 0, 0, 1]
Twc:
[0.99944121, -0.019175064, -0.027377842, -0.16453293;
 0.020673841, 0.99824166, 0.055553768, 0.064243734;
 0.026264453, -0.056088731, 0.99808025, -0.44266886;
 0, 0, 0, 1]
Ow:
[0.17473927;
 -0.092114426;
 0.4337455]
Keyframe: 73 Frame: 280 Frame from vFrameID : 281
Tcw:
[0.99868947, 0.0070535075, 0.050691001, 0.17698306;
 -0.0036289429, 0.99772382, -0.067334741, -0.092147082;
 -0.051050566, 0.067062542, 0.9964419, 0.45635024;
 0, 0, 0, 1]
Twc:
[0.99868947, -0.0036289429, -0.051050566, -0.15378857;
 0.0070535075, 0.99772382, 0.067062542, 0.060084976;
 0.050691001, -0.067334741, 0.9964419, -0.46990266;
 0, 0, 0, 1]
Ow:
[0.17698306;
 -0.092147082;
 0.45635024]
Keyframe: 74 Frame: 286 Frame from vFrameID : 287
Tcw:
[0.99800813, 0.0032035692, 0.063004069, 0.18597028;
 5.6861332e-05, 0.99866372, -0.051679779, -0.093943432;
 -0.063085437, 0.051580422, 0.9966743, 0.48836023;
 0, 0, 0, 1]
Twc:
[0.99800813, 5.6861332e-05, -0.063085437, -0.1547861;
 0.0032035692, 0.99866372, 0.051580422, 0.068032295;
 0.063004069, -0.051679779, 0.9966743, -0.503308;
 0, 0, 0, 1]
Ow:
[0.18597028;
 -0.093943432;
 0.48836023]
Keyframe: 75 Frame: 293 Frame from vFrameID : 294
Tcw:
[0.99957669, 0.027136987, 0.010491617, 0.21092592;
 -0.026030602, 0.99521881, -0.094137803, -0.10082351;
 -0.012996071, 0.093824849, 0.9955039, 0.52988189;
 0, 0, 0, 1]
Twc:
[0.99957669, -0.026030602, -0.012996071, -0.20657474;
 0.027136987, 0.99521881, 0.093824849, 0.044901472;
 0.010491617, -0.094137803, 0.9955039, -0.5392037;
 0, 0, 0, 1]
Ow:
[0.21092592;
 -0.10082351;
 0.52988189]
Keyframe: 76 Frame: 298 Frame from vFrameID : 299
Tcw:
[0.99901658, 0.044314783, 0.001440551, 0.21969716;
 -0.044094384, 0.99640113, -0.072390869, -0.1103171;
 -0.0046433522, 0.072256155, 0.99737531, 0.55544907;
 0, 0, 0, 1]
Twc:
[0.99901658, -0.044094384, -0.0046433522, -0.22176632;
 0.044314783, 0.99640113, 0.072256155, 0.060049638;
 0.001440551, -0.072390869, 0.99737531, -0.56229365;
 0, 0, 0, 1]
Ow:
[0.21969716;
 -0.1103171;
 0.55544907]
Keyframe: 77 Frame: 303 Frame from vFrameID : 304
Tcw:
[0.99889296, 0.047026742, -0.0011680365, 0.22951138;
 -0.04700157, 0.99672323, -0.06583029, -0.11414687;
 -0.001931575, 0.065812312, 0.99783015, 0.58742142;
 0, 0, 0, 1]
Twc:
[0.99889296, -0.04700157, -0.001931575, -0.23348773;
 0.047026742, 0.99672323, 0.065812312, 0.06432011;
 -0.0011680365, -0.06583029, 0.99783015, -0.59339303;
 0, 0, 0, 1]
Ow:
[0.22951138;
 -0.11414687;
 0.58742142]
Keyframe: 78 Frame: 308 Frame from vFrameID : 309
Tcw:
[0.99905336, 0.040447161, 0.016011696, 0.22911848;
 -0.038868651, 0.99527717, -0.088952579, -0.11490031;
 -0.019533955, 0.088246018, 0.99590713, 0.61488354;
 0, 0, 0, 1]
Twc:
[0.99905336, -0.038868651, -0.019533955, -0.22135651;
 0.040447161, 0.99527717, 0.088246018, 0.050829437;
 0.016011696, -0.088952579, 0.99590713, -0.62625617;
 0, 0, 0, 1]
Ow:
[0.22911848;
 -0.11490031;
 0.61488354]
Keyframe: 79 Frame: 313 Frame from vFrameID : 314
Tcw:
[0.99943238, 0.0031519679, 0.033540044, 0.23343247;
 -0.00059227156, 0.99710339, -0.076055422, -0.11836424;
 -0.033682618, 0.075992391, 0.99653935, 0.64043802;
 0, 0, 0, 1]
Twc:
[0.99943238, -0.00059227156, -0.033682618, -0.21179846;
 0.0031519679, 0.99710339, 0.075992391, 0.06861721;
 0.033540044, -0.076055422, 0.99653935, -0.6550532;
 0, 0, 0, 1]
Ow:
[0.23343247;
 -0.11836424;
 0.64043802]
Keyframe: 80 Frame: 319 Frame from vFrameID : 320
Tcw:
[0.99900389, 0.023832286, 0.037726332, 0.24996096;
 -0.020660931, 0.99639112, -0.082327828, -0.12473232;
 -0.039552242, 0.081466354, 0.99589097, 0.67364258;
 0, 0, 0, 1]
Twc:
[0.99900389, -0.020660931, -0.039552242, -0.22564498;
 0.023832286, 0.99639112, 0.081466354, 0.063445829;
 0.037726332, -0.082327828, 0.99589097, -0.69057363;
 0, 0, 0, 1]
Ow:
[0.24996096;
 -0.12473232;
 0.67364258]
Keyframe: 81 Frame: 324 Frame from vFrameID : 325
Tcw:
[0.99915522, 0.041080721, 0.0010772955, 0.26427963;
 -0.040856861, 0.9958449, -0.081386156, -0.13414325;
 -0.0044162213, 0.081273392, 0.99668205, 0.69572687;
 0, 0, 0, 1]
Twc:
[0.99915522, -0.040856861, -0.0044162213, -0.26646456;
 0.041080721, 0.9958449, 0.081273392, 0.06618499;
 0.0010772955, -0.081386156, 0.99668205, -0.7046206;
 0, 0, 0, 1]
Ow:
[0.26427963;
 -0.13414325;
 0.69572687]
Keyframe: 82 Frame: 329 Frame from vFrameID : 330
Tcw:
[0.99875367, 0.049814906, 0.003100435, 0.27621502;
 -0.049431205, 0.99583161, -0.076655023, -0.14109899;
 -0.006906074, 0.076406226, 0.99705285, 0.72090214;
 0, 0, 0, 1]
Twc:
[0.99875367, -0.049431205, -0.006906074, -0.27786684;
 0.049814906, 0.99583161, 0.076406226, 0.071669787;
 0.003100435, -0.076655023, 0.99705285, -0.73044986;
 0, 0, 0, 1]
Ow:
[0.27621502;
 -0.14109899;
 0.72090214]
Keyframe: 83 Frame: 335 Frame from vFrameID : 336
Tcw:
[0.99895501, 0.036783908, 0.027126703, 0.27918446;
 -0.034410901, 0.99593127, -0.083287157, -0.1438029;
 -0.030079961, 0.082266666, 0.99615633, 0.75688523;
 0, 0, 0, 1]
Twc:
[0.99895501, -0.034410901, -0.030079961, -0.26107401;
 0.036783908, 0.99593127, 0.082266666, 0.070681885;
 0.027126703, -0.083287157, 0.99615633, -0.77352631;
 0, 0, 0, 1]
Ow:
[0.27918446;
 -0.1438029;
 0.75688523]
Keyframe: 84 Frame: 340 Frame from vFrameID : 341
Tcw:
[0.99839741, 0.018506341, 0.053479709, 0.28189346;
 -0.013009168, 0.99476397, -0.10136781, -0.14677535;
 -0.055075634, 0.10050964, 0.99341053, 0.78383499;
 0, 0, 0, 1]
Twc:
[0.99839741, -0.013009168, -0.055075634, -0.24018094;
 0.018506341, 0.99476397, 0.10050964, 0.06200704;
 0.053479709, -0.10136781, 0.99341053, -0.80862385;
 0, 0, 0, 1]
Ow:
[0.28189346;
 -0.14677535;
 0.78383499]
Keyframe: 85 Frame: 345 Frame from vFrameID : 346
Tcw:
[0.99794483, 0.0033054429, 0.06399329, 0.28682685;
 0.001432071, 0.99726874, -0.073844351, -0.15200202;
 -0.064062595, 0.073784232, 0.99521446, 0.81091237;
 0, 0, 0, 1]
Twc:
[0.99794483, 0.001432071, -0.064062595, -0.23407055;
 0.0033054429, 0.99726874, 0.073784232, 0.090806231;
 0.06399329, -0.073844351, 0.99521446, -0.83661127;
 0, 0, 0, 1]
Ow:
[0.28682685;
 -0.15200202;
 0.81091237]
Keyframe: 86 Frame: 350 Frame from vFrameID : 351
Tcw:
[0.99925005, 0.014845679, 0.035762727, 0.29927757;
 -0.012135806, 0.99712217, -0.074833542, -0.15474327;
 -0.036770765, 0.074343413, 0.99655455, 0.84616756;
 0, 0, 0, 1]
Twc:
[0.99925005, -0.012135806, -0.036770765, -0.26981685;
 0.014845679, 0.99712217, 0.074343413, 0.086947985;
 0.035762727, -0.074833542, 0.99655455, -0.86553508;
 0, 0, 0, 1]
Ow:
[0.29927757;
 -0.15474327;
 0.84616756]
Keyframe: 87 Frame: 355 Frame from vFrameID : 356
Tcw:
[0.99897128, 0.031546816, 0.032575972, 0.3142969;
 -0.028616987, 0.99581558, -0.086789764, -0.16330115;
 -0.0351776, 0.08576826, 0.99569392, 0.87275821;
 0, 0, 0, 1]
Twc:
[0.99897128, -0.028616987, -0.0351776, -0.28794521;
 0.031546816, 0.99581558, 0.08576826, 0.077847809;
 0.032575972, -0.086789764, 0.99569392, -0.8934114;
 0, 0, 0, 1]
Ow:
[0.3142969;
 -0.16330115;
 0.87275821]
Keyframe: 88 Frame: 360 Frame from vFrameID : 361
Tcw:
[0.99937469, 0.029556258, 0.019407667, 0.3221705;
 -0.027878316, 0.99626911, -0.081674106, -0.16407356;
 -0.021749241, 0.081081986, 0.99647009, 0.89667088;
 0, 0, 0, 1]
Twc:
[0.99937469, -0.027878316, -0.021749241, -0.30704123;
 0.029556258, 0.99626911, 0.081081986, 0.081235416;
