Keyframe: 0 Frame: 0 Frame from vFrameID : 47
Tcw:
[1, 0, 0, 0;
 0, 1, 0, 0;
 0, 0, 1, 0;
 0, 0, 0, 1]
Twc:
[1, 0, 0, 0;
 0, 1, 0, 0;
 0, 0, 1, 0;
 0, 0, 0, 1]
Ow:
[0;
 0;
 0]
Keyframe: 1 Frame: 46 Frame from vFrameID : 47
Tcw:
[0.99977839, 0.0087491889, -0.01914626, 0.0025637348;
 -0.0083622793, 0.99976104, 0.020195702, 0.013836066;
 0.019318381, -0.020031121, 0.99961269, -0.035893302;
 0, 0, 0, 1]
Twc:
[0.99977839, -0.0083622793, 0.019318381, -0.0017540653;
 0.0087491889, 0.99976104, -0.020031121, -0.014574175;
 -0.01914626, 0.020195702, 0.99961269, 0.035649057;
 0, 0, 0, 1]
Ow:
[0.0025637348;
 0.013836066;
 -0.035893302]
Keyframe: 2 Frame: 49 Frame from vFrameID : 50
Tcw:
[0.99957764, 0.0025220949, -0.028950904, -0.00065248495;
 -0.0018164914, 0.99970126, 0.024372894, 0.01579692;
 0.029003726, -0.024310011, 0.99928367, -0.040002391;
 0, 0, 0, 1]
Twc:
[0.99957764, -0.0018164914, 0.029003726, 0.0018411229;
 0.0025220949, 0.99970126, -0.024310011, -0.016763015;
 -0.028950904, 0.024372894, 0.99928367, 0.039569829;
 0, 0, 0, 1]
Ow:
[-0.00065248495;
 0.01579692;
 -0.040002391]
Keyframe: 3 Frame: 51 Frame from vFrameID : 52
Tcw:
[0.99957842, 0.0038010192, -0.02878519, -0.0038166149;
 -0.0028641981, 0.99946707, 0.03251683, 0.016583031;
 0.028893447, -0.032420672, 0.99905658, -0.041403826;
 0, 0, 0, 1]
Twc:
[0.99957842, -0.0028641981, 0.028893447, 0.0050588022;
 0.0038010192, 0.99946707, -0.032420672, -0.017902026;
 -0.02878519, 0.03251683, 0.99905658, 0.040715676;
 0, 0, 0, 1]
Ow:
[-0.0038166149;
 0.016583031;
 -0.041403826]
Keyframe: 4 Frame: 53 Frame from vFrameID : 54
Tcw:
[0.99927557, 0.002019007, -0.038003195, -0.0080274548;
 -0.00056454475, 0.99926829, 0.03824399, 0.015256319;
 0.038052604, -0.038194831, 0.99854553, -0.041721266;
 0, 0, 0, 1]
Twc:
[0.99927557, -0.00056454475, 0.038052604, 0.0096178548;
 0.002019007, 0.99926829, -0.038194831, -0.016822483;
 -0.038003195, 0.03824399, 0.99854553, 0.040772051;
 0, 0, 0, 1]
Ow:
[-0.0080274548;
 0.015256319;
 -0.041721266]
Keyframe: 5 Frame: 55 Frame from vFrameID : 56
Tcw:
[0.99893367, 0.0021013506, -0.04612112, -0.0097640222;
 -0.00054089341, 0.9994278, 0.033820331, 0.01312094;
 0.046165798, -0.033759318, 0.9983632, -0.042448886;
 0, 0, 0, 1]
Twc:
[0.99893367, -0.00054089341, 0.046165798, 0.011720393;
 0.0021013506, 0.9994278, -0.033759318, -0.01452596;
 -0.04612112, 0.033820331, 0.9983632, 0.041485321;
 0, 0, 0, 1]
Ow:
[-0.0097640222;
 0.01312094;
 -0.042448886]
Keyframe: 6 Frame: 57 Frame from vFrameID : 58
Tcw:
[0.99885929, 0.0051815142, -0.047468282, -0.012872704;
 -0.0040728468, 0.99971735, 0.023422983, 0.01184933;
 0.04757623, -0.023202933, 0.9985981, -0.042890247;
 0, 0, 0, 1]
Twc:
[0.99885929, -0.0040728468, 0.04757623, 0.014946837;
 0.0051815142, 0.99971735, -0.023202933, -0.01277446;
 -0.047468282, 0.023422983, 0.9985981, 0.041941524;
 0, 0, 0, 1]
Ow:
[-0.012872704;
 0.01184933;
 -0.042890247]
Keyframe: 7 Frame: 59 Frame from vFrameID : 60
Tcw:
[0.99888098, 0.0034292338, -0.047170449, -0.014659963;
 -0.0029686911, 0.99994725, 0.0098299682, 0.010767555;
 0.047201671, -0.0096789338, 0.99883848, -0.042684957;
 0, 0, 0, 1]
Twc:
[0.99888098, -0.0029686911, 0.047201671, 0.016690325;
 0.0034292338, 0.99994725, -0.0096789338, -0.01112986;
 -0.047170449, 0.0098299682, 0.99883848, 0.041838016;
 0, 0, 0, 1]
Ow:
[-0.014659963;
 0.010767555;
 -0.042684957]
Keyframe: 8 Frame: 61 Frame from vFrameID : 62
Tcw:
[0.99916613, 0.0037065323, -0.040660933, -0.016517298;
 -0.0038367081, 0.99998778, -0.0031239311, 0.01032002;
 0.040648855, 0.0032773304, 0.9991681, -0.042644739;
 0, 0, 0, 1]
Twc:
[0.99916613, -0.0038367081, 0.040648855, 0.01827658;
 0.0037065323, 0.99998778, 0.0032773304, -0.010118911;
 -0.040660933, -0.0031239311, 0.9991681, 0.041969895;
 0, 0, 0, 1]
Ow:
[-0.016517298;
 0.01032002;
 -0.042644739]
Keyframe: 9 Frame: 63 Frame from vFrameID : 64
Tcw:
[0.99939519, 0.0035350847, -0.034594871, -0.019769138;
 -0.0039363946, 0.99992567, -0.011539047, 0.010788895;
 0.034551509, 0.011668247, 0.99933481, -0.042832147;
 0, 0, 0, 1]
Twc:
[0.99939519, -0.0039363946, 0.034551509, 0.021279564;
 0.0035350847, 0.99992567, 0.011668247, -0.010218432;
 -0.034594871, -0.011539047, 0.99933481, 0.042244237;
 0, 0, 0, 1]
Ow:
[-0.019769138;
 0.010788895;
 -0.042832147]
Keyframe: 10 Frame: 66 Frame from vFrameID : 67
Tcw:
[0.99938834, 0.00019481956, -0.034969963, -0.023145031;
 -0.00056879607, 0.99994278, -0.010684591, 0.01264421;
 0.03496588, 0.010697946, 0.99933124, -0.042231165;
 0, 0, 0, 1]
Twc:
[0.99938834, -0.00056879607, 0.03496588, 0.024614716;
 0.00019481956, 0.99994278, 0.010697946, -0.01218719;
 -0.034969963, -0.010684591, 0.99933124, 0.041528638;
 0, 0, 0, 1]
Ow:
[-0.023145031;
 0.01264421;
 -0.042231165]
Keyframe: 11 Frame: 69 Frame from vFrameID : 70
Tcw:
[0.99989766, -0.00083881809, -0.014281526, -0.022772631;
 0.00070643134, 0.99995679, -0.0092723137, 0.016648674;
 0.014288686, 0.0092612756, 0.99985504, -0.041928463;
 0, 0, 0, 1]
Twc:
[0.99989766, 0.00070643134, 0.014288686, 0.023357641;
 -0.00083881809, 0.99995679, 0.0092612756, -0.016278746;
 -0.014281526, -0.0092723137, 0.99985504, 0.04175153;
 0, 0, 0, 1]
Ow:
[-0.022772631;
 0.016648674;
 -0.041928463]
Keyframe: 12 Frame: 72 Frame from vFrameID : 73
Tcw:
[0.99994808, -0.0048389076, -0.0089647081, -0.023371123;
 0.00484232, 0.9999882, 0.0003589656, 0.018725246;
 0.008962865, -0.00040235696, 0.99995977, -0.043453947;
 0, 0, 0, 1]
Twc:
[0.99994808, 0.00484232, 0.008962865, 0.02366871;
 -0.0048389076, 0.9999882, -0.00040235696, -0.0188556;
 -0.0089647081, 0.0003589656, 0.99995977, 0.043235961;
 0, 0, 0, 1]
Ow:
[-0.023371123;
 0.018725246;
 -0.043453947]
Keyframe: 13 Frame: 75 Frame from vFrameID : 76
Tcw:
[0.99999601, 0.0025079609, -0.0013243826, -0.01983922;
 -0.0025036759, 0.99999166, 0.0032273121, 0.016348787;
 0.0013324656, -0.0032239833, 0.99999392, -0.047814857;
 0, 0, 0, 1]
Twc:
[0.99999601, -0.0025036759, 0.0013324656, 0.019943783;
 0.0025079609, 0.99999166, -0.0032239833, -0.01645305;
 -0.0013243826, 0.0032273121, 0.99999392, 0.047735531;
 0, 0, 0, 1]
Ow:
[-0.01983922;
 0.016348787;
 -0.047814857]
Keyframe: 14 Frame: 78 Frame from vFrameID : 79
Tcw:
[0.99996209, 0.0074947728, -0.0044255601, -0.014087243;
 -0.0075388588, 0.99992126, -0.010030514, 0.017533157;
 0.004350035, 0.010063497, 0.99993992, -0.055906497;
 0, 0, 0, 1]
Twc:
[0.99996209, -0.0075388588, 0.004350035, 0.014462085;
 0.0074947728, 0.99992126, 0.010063497, -0.016863581;
 -0.0044255601, -0.010030514, 0.99993992, 0.056016658;
 0, 0, 0, 1]
Ow:
[-0.014087243;
 0.017533157;
 -0.055906497]
Keyframe: 15 Frame: 81 Frame from vFrameID : 82
Tcw:
[0.99991906, 0.012703038, -0.00075016258, -0.010356984;
 -0.012708796, 0.9998852, -0.0082473122, 0.01861967;
 0.00064531056, 0.0082561783, 0.99996573, -0.060590193;
 0, 0, 0, 1]
Twc:
[0.99991906, -0.012708796, 0.00064531056, 0.010631878;
 0.012703038, 0.9998852, 0.0082561783, -0.017985724;
 -0.00075016258, -0.0082473122, 0.99996573, 0.060733907;
 0, 0, 0, 1]
Ow:
[-0.010356984;
 0.01861967;
 -0.060590193]
Keyframe: 16 Frame: 84 Frame from vFrameID : 85
Tcw:
[0.9997437, 0.022453878, -0.0028948823, -0.0047647869;
 -0.022441981, 0.99973983, 0.0040782909, 0.022046726;
 0.0029857026, -0.0040122787, 0.99998748, -0.069438539;
 0, 0, 0, 1]
Twc:
[0.9997437, -0.022441981, 0.0029857026, 0.0054656602;
 0.022453878, 0.99973983, -0.0040122787, -0.02221261;
 -0.0028948823, 0.0040782909, 0.99998748, 0.069333963;
 0, 0, 0, 1]
Ow:
[-0.0047647869;
 0.022046726;
 -0.069438539]
Keyframe: 17 Frame: 87 Frame from vFrameID : 88
Tcw:
[0.99968594, 0.018162647, -0.017265523, -0.0073942877;
 -0.018005358, 0.99979538, 0.0092223017, 0.023518948;
 0.01742949, -0.0089085335, 0.99980843, -0.073583983;
 0, 0, 0, 1]
Twc:
[0.99968594, -0.018005358, 0.01742949, 0.0090979636;
 0.018162647, 0.99979538, -0.0089085335, -0.024035359;
 -0.017265523, 0.0092223017, 0.99980843, 0.073225319;
 0, 0, 0, 1]
Ow:
[-0.0073942877;
 0.023518948;
 -0.073583983]
Keyframe: 18 Frame: 90 Frame from vFrameID : 91
Tcw:
[0.99946022, 0.013194657, -0.030086068, -0.0077058086;
 -0.012802157, 0.9998309, 0.013201419, 0.02445584;
 0.030255169, -0.012809127, 0.9994601, -0.076759391;
 0, 0, 0, 1]
Twc:
[0.99946022, -0.012802157, 0.030255169, 0.010337105;
 0.013194657, 0.9998309, -0.012809127, -0.02533325;
 -0.030086068, 0.013201419, 0.9994601, 0.076163262;
 0, 0, 0, 1]
Ow:
[-0.0077058086;
 0.02445584;
 -0.076759391]
Keyframe: 19 Frame: 93 Frame from vFrameID : 94
Tcw:
[0.99931526, 0.009403429, -0.035784975, -0.011243154;
 -0.0086751645, 0.99975318, 0.020452261, 0.025472997;
 0.035968464, -0.020127816, 0.99915022, -0.080156356;
 0, 0, 0, 1]
Twc:
[0.99931526, -0.0086751645, 0.035968464, 0.014339539;
 0.009403429, 0.99975318, -0.020127816, -0.026974358;
 -0.035784975, 0.020452261, 0.99915022, 0.079164922;
 0, 0, 0, 1]
Ow:
[-0.011243154;
 0.025472997;
 -0.080156356]
Keyframe: 20 Frame: 96 Frame from vFrameID : 97
Tcw:
[0.99938595, 0.0089971479, -0.033863235, -0.015564498;
 -0.008282328, 0.99974114, 0.021190431, 0.024008034;
 0.034045123, -0.020896953, 0.99920183, -0.079809025;
 0, 0, 0, 1]
Twc:
[0.99938595, -0.008282328, 0.034045123, 0.018470893;
 0.0089971479, 0.99974114, -0.020896953, -0.025529549;
 -0.033863235, 0.021190431, 0.99920183, 0.078709513;
 0, 0, 0, 1]
Ow:
[-0.015564498;
 0.024008034;
 -0.079809025]
Keyframe: 21 Frame: 99 Frame from vFrameID : 100
Tcw:
[0.99971873, -0.00026689435, -0.023714921, -0.024817027;
 0.00042539948, 0.99997759, 0.0066789798, 0.024376858;
 0.023712607, -0.0066871895, 0.99969643, -0.081391484;
 0, 0, 0, 1]
Twc:
[0.99971873, 0.00042539948, 0.023712607, 0.026729681;
 -0.00026689435, 0.99997759, -0.0066871895, -0.024927218;
 -0.023714921, 0.0066789798, 0.99969643, 0.080615439;
 0, 0, 0, 1]
Ow:
[-0.024817027;
 0.024376858;
 -0.081391484]
Keyframe: 22 Frame: 103 Frame from vFrameID : 104
Tcw:
[0.99965823, -0.0030219171, -0.025966894, -0.034290314;
 0.003047751, 0.99999487, 0.00095536222, 0.026205454;
 0.025963875, -0.0010341763, 0.99966234, -0.082652949;
 0, 0, 0, 1]
Twc:
[0.99965823, 0.003047751, 0.025963875, 0.036344714;
 -0.0030219171, 0.99999487, -0.0010341763, -0.026394421;
 -0.025966894, 0.00095536222, 0.99966234, 0.081709594;
 0, 0, 0, 1]
Ow:
[-0.034290314;
 0.026205454;
 -0.082652949]
Keyframe: 23 Frame: 107 Frame from vFrameID : 108
Tcw:
[0.99987435, -0.010305595, -0.012045352, -0.040969338;
 0.01038344, 0.99992549, 0.006418182, 0.028644241;
 0.011978311, -0.006542448, 0.99990684, -0.083585829;
 0, 0, 0, 1]
Twc:
[0.99987435, 0.01038344, 0.011978311, 0.041667979;
 -0.010305595, 0.99992549, -0.006542448, -0.029611176;
 -0.012045352, 0.006418182, 0.99990684, 0.08290071;
 0, 0, 0, 1]
Ow:
[-0.040969338;
 0.028644241;
 -0.083585829]
Keyframe: 24 Frame: 110 Frame from vFrameID : 111
Tcw:
[0.99994034, -0.0064688055, -0.0088017797, -0.043637998;
 0.0065918472, 0.99987996, 0.014022768, 0.028911145;
 0.0087100118, -0.014079952, 0.99986291, -0.084996715;
 0, 0, 0, 1]
Twc:
[0.99994034, 0.0065918472, 0.0087100118, 0.044185143;
 -0.0064688055, 0.99987996, -0.014079952, -0.030386709;
 -0.0088017797, 0.014022768, 0.99986291, 0.084195562;
 0, 0, 0, 1]
Ow:
[-0.043637998;
 0.028911145;
 -0.084996715]
Keyframe: 25 Frame: 114 Frame from vFrameID : 115
Tcw:
[0.9999612, -0.006313832, 0.0061441413, -0.041787896;
 0.0062121106, 0.99984562, 0.016436409, 0.030526662;
 -0.0062469696, -0.016397603, 0.99984604, -0.089488216;
 0, 0, 0, 1]
Twc:
[0.9999612, 0.0062121106, -0.0062469696, 0.041037604;
 -0.006313832, 0.99984562, -0.016397603, -0.032253183;
 0.0061441413, 0.016436409, 0.99984604, 0.089229442;
 0, 0, 0, 1]
Ow:
[-0.041787896;
 0.030526662;
 -0.089488216]
Keyframe: 26 Frame: 117 Frame from vFrameID : 118
Tcw:
[0.99991566, -7.1878014e-05, 0.012988374, -0.037907645;
 -1.849621e-05, 0.9999758, 0.0069578323, 0.030479789;
 -0.012988559, -0.0069574858, 0.99989146, -0.096934065;
 0, 0, 0, 1]
Twc:
[0.99991566, -1.849621e-05, -0.012988559, 0.036645979;
 -7.1878014e-05, 0.9999758, -0.0069574858, -0.031156193;
 0.012988374, 0.0069578323, 0.99989146, 0.097203828;
 0, 0, 0, 1]
Ow:
[-0.037907645;
 0.030479789;
 -0.096934065]
Keyframe: 27 Frame: 120 Frame from vFrameID : 121
Tcw:
[0.99982113, 0.0059745028, 0.017944716, -0.035043135;
 -0.0060594496, 0.99997067, 0.0046831616, 0.031023348;
 -0.01791621, -0.0047910591, 0.99982804, -0.1008238;
 0, 0, 0, 1]
Twc:
[0.99982113, -0.0060594496, -0.01791621, 0.033418473;
 0.0059745028, 0.99997067, -0.0047910591, -0.031296123;
 0.017944716, 0.0046831616, 0.99982804, 0.10129001;
 0, 0, 0, 1]
Ow:
[-0.035043135;
 0.031023348;
 -0.1008238]
Keyframe: 28 Frame: 123 Frame from vFrameID : 124
Tcw:
[0.99980068, 0.013435991, 0.01476746, -0.031323239;
 -0.013473076, 0.9999063, 0.0024145788, 0.032845277;
 -0.014733634, -0.0026130606, 0.99988806, -0.10916086;
 0, 0, 0, 1]
Twc:
[0.99980068, -0.013473076, -0.014733634, 0.030151187;
 0.013435991, 0.9999063, -0.0026130606, -0.032706589;
 0.01476746, 0.0024145788, 0.99988806, 0.10953189;
 0, 0, 0, 1]
Ow:
[-0.031323239;
 0.032845277;
 -0.10916086]
Keyframe: 29 Frame: 127 Frame from vFrameID : 128
Tcw:
[0.99990255, 0.011152616, 0.0083978763, -0.029091787;
 -0.011194245, 0.9999252, 0.0049265362, 0.033506975;
 -0.0083423043, -0.0050200638, 0.99995261, -0.11652227;
 0, 0, 0, 1]
Twc:
[0.99990255, -0.011194245, -0.0083423043, 0.028491972;
 0.011152616, 0.9999252, -0.0050200638, -0.03376497;
 0.0083978763, 0.0049265362, 0.99995261, 0.11659598;
 0, 0, 0, 1]
Ow:
[-0.029091787;
 0.033506975;
 -0.11652227]
Keyframe: 30 Frame: 131 Frame from vFrameID : 132
Tcw:
[0.99995422, 0.0060201813, -0.0074331407, -0.028195525;
 -0.0059854575, 0.99997109, 0.0046849623, 0.036812883;
 0.0074611302, -0.0046402575, 0.99996138, -0.12404252;
 0, 0, 0, 1]
Twc:
[0.99995422, -0.0059854575, 0.0074611302, 0.029340075;
 0.0060201813, 0.99997109, -0.0046402575, -0.037217669;
 -0.0074331407, 0.0046849623, 0.99996138, 0.12365568;
 0, 0, 0, 1]
Ow:
[-0.028195525;
 0.036812883;
 -0.12404252]
Keyframe: 31 Frame: 136 Frame from vFrameID : 137
Tcw:
[0.99962056, 0.012211102, -0.024691382, -0.026151134;
 -0.011920899, 0.99985856, 0.011866449, 0.036586747;
 0.024832791, -0.011567603, 0.99962467, -0.12912607;
 0, 0, 0, 1]
Twc:
[0.99962056, -0.011920899, 0.024832791, 0.029783918;
 0.012211102, 0.99985856, -0.011567603, -0.037755918;
 -0.024691382, 0.011866449, 0.99962467, 0.12799776;
 0, 0, 0, 1]
Ow:
[-0.026151134;
 0.036586747;
 -0.12912607]
Keyframe: 32 Frame: 141 Frame from vFrameID : 142
Tcw:
[0.9990474, 0.017963476, -0.039770156, -0.024206407;
 -0.017717561, 0.99982172, 0.0065272837, 0.034544624;
 0.039880317, -0.0058164354, 0.99918753, -0.127358;
 0, 0, 0, 1]
Twc:
[0.9990474, -0.017717561, 0.039880317, 0.029874472;
 0.017963476, 0.99982172, -0.0058164354, -0.034844406;
 -0.039770156, 0.0065272837, 0.99918753, 0.12606636;
 0, 0, 0, 1]
Ow:
[-0.024206407;
 0.034544624;
 -0.127358]
Keyframe: 33 Frame: 146 Frame from vFrameID : 147
Tcw:
[0.9991011, 0.0219128, -0.036288418, -0.024889095;
 -0.021824628, 0.99975783, 0.0028241428, 0.031030765;
 0.036341514, -0.0020296229, 0.99933738, -0.11401775;
 0, 0, 0, 1]
Twc:
[0.9991011, -0.021824628, 0.036341514, 0.029687535;
 0.0219128, 0.99975783, -0.0020296229, -0.030709274;
 -0.036288418, 0.0028241428, 0.99933738, 0.11295138;
 0, 0, 0, 1]
Ow:
[-0.024889095;
 0.031030765;
 -0.11401775]
Keyframe: 34 Frame: 150 Frame from vFrameID : 151
Tcw:
[0.99929076, 0.019451972, -0.032243304, -0.026477672;
 -0.01946982, 0.9998104, -0.00023962997, 0.028361551;
 0.03223253, 0.00086723134, 0.99948001, -0.1047086;
 0, 0, 0, 1]
Twc:
[0.99929076, -0.01946982, 0.03223253, 0.030386109;
 0.019451972, 0.9998104, 0.00086723134, -0.027750326;
 -0.032243304, -0.00023962997, 0.99948001, 0.10380723;
 0, 0, 0, 1]
Ow:
[-0.026477672;
 0.028361551;
 -0.1047086]
Keyframe: 35 Frame: 155 Frame from vFrameID : 156
Tcw:
[0.99979246, 0.010649245, -0.017367873, -0.028555691;
 -0.011032913, 0.99969387, -0.022146504, 0.023221919;
 0.017126713, 0.022333525, 0.99960387, -0.086589552;
 0, 0, 0, 1]
Twc:
[0.99979246, -0.011032913, 0.017126713, 0.030288965;
 0.010649245, 0.99969387, 0.022333525, -0.020976864;
 -0.017367873, -0.022146504, 0.99960387, 0.086573586;
 0, 0, 0, 1]
Ow:
[-0.028555691;
 0.023221919;
 -0.086589552]
Keyframe: 36 Frame: 159 Frame from vFrameID : 160
Tcw:
[0.9999519, 0.0034602219, -0.0091788759, -0.027147528;
 -0.0037096937, 0.99962032, -0.027302586, 0.020440444;
 0.0090809176, 0.027335323, 0.99958509, -0.074141085;
 0, 0, 0, 1]
Twc:
[0.9999519, -0.0037096937, 0.0090809176, 0.027895316;
 0.0034602219, 0.99962032, 0.027335323, -0.018312078;
 -0.0091788759, -0.027302586, 0.99958509, 0.074419215;
 0, 0, 0, 1]
Ow:
[-0.027147528;
 0.020440444;
 -0.074141085]
Keyframe: 37 Frame: 163 Frame from vFrameID : 164
Tcw:
[0.99999774, 0.0014457045, 0.0015591384, -0.022251749;
 -0.0014133403, 0.99978757, -0.020562809, 0.019891717;
 -0.001588535, 0.020560559, 0.99978733, -0.061764389;
 0, 0, 0, 1]
Twc:
[0.99999774, -0.0014133403, -0.001588535, 0.022181697;
 0.0014457045, 0.99978757, 0.020560559, -0.018585412;
 0.0015591384, -0.020562809, 0.99978733, 0.062194981;
 0, 0, 0, 1]
Ow:
[-0.022251749;
 0.019891717;
 -0.061764389]
Keyframe: 38 Frame: 168 Frame from vFrameID : 169
Tcw:
[0.99994731, 0.0036645182, -0.0095911948, -0.01224748;
 -0.0038712386, 0.99975866, -0.021624075, 0.016162623;
 0.0095096389, 0.021660065, 0.99972016, -0.045127373;
 0, 0, 0, 1]
Twc:
[0.99994731, -0.0038712386, 0.0095096389, 0.012738548;
 0.0036645182, 0.99975866, 0.021660065, -0.01513638;
 -0.0095911948, -0.021624075, 0.99972016, 0.045346778;
 0, 0, 0, 1]
Ow:
[-0.01224748;
 0.016162623;
 -0.045127373]
Keyframe: 39 Frame: 172 Frame from vFrameID : 173
Tcw:
[0.99977887, 0.011593521, -0.017546054, 7.0488604e-05;
 -0.012129674, 0.99945301, -0.03076542, 0.011087636;
 0.017179778, 0.030971445, 0.9993726, -0.035080317;
 0, 0, 0, 1]
Twc:
[0.99977887, -0.012129674, 0.017179778, 0.00066668843;
 0.011593521, 0.99945301, 0.030971445, -0.0099959001;
 -0.017546054, -0.03076542, 0.9993726, 0.035400663;
 0, 0, 0, 1]
Ow:
[7.0488604e-05;
 0.011087636;
 -0.035080317]
Keyframe: 40 Frame: 177 Frame from vFrameID : 178
Tcw:
[0.99956763, 0.023588916, -0.017552204, 0.01220757;
 -0.024214223, 0.99904722, -0.036309533, 0.0057778158;
 0.016678978, 0.036718849, 0.99918646, -0.020273337;
 0, 0, 0, 1]
Twc:
[0.99956763, -0.024214223, 0.016678978, -0.011724249;
 0.023588916, 0.99904722, 0.036718849, -0.0053158607;
 -0.017552204, -0.036309533, 0.99918646, 0.020680903;
 0, 0, 0, 1]
Ow:
[0.01220757;
 0.0057778158;
 -0.020273337]
Keyframe: 41 Frame: 181 Frame from vFrameID : 182
Tcw:
[0.9996798, 0.024026221, -0.0079399757, 0.016697733;
 -0.024242423, 0.99930382, -0.028358754, 0.0027296348;
 0.0072530946, 0.028542157, 0.99956626, -0.00064033724;
 0, 0, 0, 1]
Twc:
[0.9996798, -0.024242423, 0.0072530946, -0.016621567;
 0.024026221, 0.99930382, 0.028542157, -0.0031106411;
 -0.0079399757, -0.028358754, 0.99956626, 0.00085004815;
 0, 0, 0, 1]
Ow:
[0.016697733;
 0.0027296348;
 -0.00064033724]
Keyframe: 42 Frame: 185 Frame from vFrameID : 186
Tcw:
[0.99985147, 0.015101798, 0.0083061131, 0.019162323;
 -0.014788655, 0.99922234, -0.036550973, 0.00064826838;
 -0.008851639, 0.036422707, 0.99929726, 0.017198259;
 0, 0, 0, 1]
Twc:
[0.99985147, -0.014788655, -0.008851639, -0.018997656;
 0.015101798, 0.99922234, 0.036422707, -0.001563557;
 0.0083061131, -0.036550973, 0.99929726, -0.017321642;
 0, 0, 0, 1]
Ow:
[0.019162323;
 0.00064826838;
 0.017198259]
Keyframe: 43 Frame: 191 Frame from vFrameID : 192
Tcw:
[0.99952447, -0.0057252748, 0.030298386, 0.020865131;
 0.0072002448, 0.99878269, -0.048798498, -0.0010294759;
 -0.029982118, 0.04899345, 0.99834901, 0.042302687;
 0, 0, 0, 1]
Twc:
[0.99952447, 0.0072002448, -0.029982118, -0.019579476;
 -0.0057252748, 0.99878269, 0.04899345, -0.00092487299;
 0.030298386, -0.048798498, 0.99834901, -0.042915259;
 0, 0, 0, 1]
Ow:
[0.020865131;
 -0.0010294759;
 0.042302687]
Keyframe: 44 Frame: 197 Frame from vFrameID : 198
Tcw:
[0.99891776, -0.0099572623, 0.045433506, 0.029829042;
 0.011438927, 0.99940729, -0.032469116, -0.0070067905;
 -0.045083273, 0.032953687, 0.99843955, 0.069015443;
 0, 0, 0, 1]
Twc:
[0.99891776, 0.011438927, -0.045083273, -0.026605166;
 -0.0099572623, 0.99940729, 0.032953687, 0.0050253388;
 0.045433506, -0.032469116, 0.99843955, -0.070490494;
 0, 0, 0, 1]
Ow:
[0.029829042;
 -0.0070067905;
 0.069015443]
Keyframe: 45 Frame: 203 Frame from vFrameID : 204
Tcw:
[0.99945295, 0.0080664568, 0.03207453, 0.047124241;
 -0.0064341868, 0.99869466, -0.050671376, -0.012823779;
 -0.0324414, 0.050437283, 0.99820018, 0.10233194;
 0, 0, 0, 1]
Twc:
[0.99945295, -0.0064341868, -0.0324414, -0.043861177;
 0.0080664568, 0.99869466, 0.050437283, 0.0072655687;
 0.03207453, -0.050671376, 0.99820018, -0.10430905;
 0, 0, 0, 1]
Ow:
[0.047124241;
 -0.012823779;
 0.10233194]
Keyframe: 46 Frame: 208 Frame from vFrameID : 209
Tcw:
[0.99962574, 0.018747693, 0.019922184, 0.054093886;
 -0.018238287, 0.99950969, -0.025451025, -0.017479682;
 -0.020389564, 0.025078153, 0.99947757, 0.12566683;
 0, 0, 0, 1]
Twc:
[0.99962574, -0.018238287, -0.020389564, -0.051830146;
 0.018747693, 0.99950969, 0.025078153, 0.013305484;
 0.019922184, -0.025451025, 0.99947757, -0.12712371;
 0, 0, 0, 1]
Ow:
[0.054093886;
 -0.017479682;
 0.12566683]
Keyframe: 47 Frame: 213 Frame from vFrameID : 214
Tcw:
[0.99926698, 0.0054639899, 0.03788935, 0.052997172;
 -0.003832578, 0.99906784, -0.042996988, -0.026559968;
 -0.038088966, 0.042820256, 0.99835646, 0.14924657;
 0, 0, 0, 1]
Twc:
[0.99926698, -0.003832578, -0.038088966, -0.04737547;
 0.0054639899, 0.99906784, 0.042820256, 0.019854857;
 0.03788935, -0.042996988, 0.99835646, -0.15215132;
 0, 0, 0, 1]
Ow:
[0.052997172;
 -0.026559968;
 0.14924657]
Keyframe: 48 Frame: 220 Frame from vFrameID : 221
Tcw:
[0.99728489, -0.01533198, 0.072026163, 0.051674843;
 0.018005649, 0.99916708, -0.036619373, -0.039990891;
 -0.071404725, 0.037816826, 0.99673027, 0.17414692;
 0, 0, 0, 1]
Twc:
[0.99728489, 0.018005649, -0.071404725, -0.038379565;
 -0.01533198, 0.99916708, 0.037816826, 0.034164175;
 0.072026163, -0.036619373, 0.99673027, -0.1787639;
 0, 0, 0, 1]
Ow:
[0.051674843;
 -0.039990891;
 0.17414692]
Keyframe: 49 Frame: 225 Frame from vFrameID : 226
Tcw:
[0.99642318, -0.0039148415, 0.084412664, 0.061238311;
 0.0080789877, 0.99876386, -0.04904582, -0.045356292;
 -0.08411631, 0.049552362, 0.9952231, 0.19517946;
 0, 0, 0, 1]
Twc:
[0.99642318, 0.0080789877, -0.08411631, -0.044235066;
 -0.0039148415, 0.99876386, 0.049552362, 0.035868362;
 0.084412664, -0.04904582, 0.9952231, -0.20164093;
 0, 0, 0, 1]
Ow:
[0.061238311;
 -0.045356292;
 0.19517946]
Keyframe: 50 Frame: 231 Frame from vFrameID : 232
Tcw:
[0.99811578, -0.00026045073, 0.061357871, 0.077049792;
 0.0032852844, 0.99878341, -0.049202494, -0.05035834;
 -0.061270412, 0.049311366, 0.99690235, 0.2153797;
 0, 0, 0, 1]
Twc:
[0.99811578, 0.0032852844, -0.061270412, -0.063542768;
 -0.00026045073, 0.99878341, 0.049311366, 0.039696477;
 0.061357871, -0.049202494, 0.99690235, -0.2219179;
 0, 0, 0, 1]
Ow:
[0.077049792;
 -0.05035834;
 0.2153797]
Keyframe: 51 Frame: 237 Frame from vFrameID : 238
Tcw:
[0.99954498, 0.01226352, 0.027559048, 0.095613375;
 -0.010790632, 0.99853766, -0.052972261, -0.060783144;
 -0.028168375, 0.052650776, 0.99821562, 0.23570299;
 0, 0, 0, 1]
Twc:
[0.99954498, -0.010790632, -0.028168375, -0.089586377;
 0.01226352, 0.99853766, 0.052650776, 0.047111757;
 0.027559048, -0.052972261, 0.99821562, -0.24113725;
 0, 0, 0, 1]
Ow:
[0.095613375;
 -0.060783144;
 0.23570299]
Keyframe: 52 Frame: 243 Frame from vFrameID : 244
Tcw:
[0.99946129, 0.020829469, 0.025362074, 0.10438482;
 -0.01976495, 0.99894202, -0.041523721, -0.061642759;
 -0.026200159, 0.041000072, 0.9988156, 0.26027671;
 0, 0, 0, 1]
Twc:
[0.99946129, -0.01976495, -0.026200159, -0.098727658;
 0.020829469, 0.99894202, 0.041000072, 0.048731897;
 0.025362074, -0.041523721, 0.9988156, -0.26517549;
 0, 0, 0, 1]
Ow:
[0.10438482;
 -0.061642759;
 0.26027671]
Keyframe: 53 Frame: 250 Frame from vFrameID : 251
Tcw:
[0.99934906, 0.0098904213, 0.034693126, 0.11230721;
 -0.007997212, 0.99849313, -0.054290604, -0.064875528;
 -0.035177805, 0.053977817, 0.9979223, 0.2902329;
 0, 0, 0, 1]
Twc:
[0.99934906, -0.007997212, -0.035177805, -0.10254318;
 0.0098904213, 0.99849313, 0.053977817, 0.048000872;
 0.034693126, -0.054290604, 0.9979223, -0.2970483;
 0, 0, 0, 1]
Ow:
[0.11230721;
 -0.064875528;
 0.2902329]
Keyframe: 54 Frame: 257 Frame from vFrameID : 258
Tcw:
[0.99802732, 0.0030026173, 0.06270954, 0.12683254;
 0.00053256395, 0.99841481, -0.056281239, -0.069731347;
 -0.062779129, 0.056203611, 0.99644363, 0.32395285;
 0, 0, 0, 1]
Twc:
[0.99802732, 0.00053256395, -0.062779129, -0.10620771;
 0.0030026173, 0.99841481, 0.056203611, 0.051032655;
 0.06270954, -0.056281239, 0.99644363, -0.33467895;
 0, 0, 0, 1]
Ow:
[0.12683254;
 -0.069731347;
 0.32395285]
Keyframe: 55 Frame: 264 Frame from vFrameID : 265
Tcw:
[0.99951088, 0.021836331, 0.022387234, 0.14945331;
 -0.019779589, 0.99589735, -0.088301703, -0.0743981;
 -0.024223574, 0.087815702, 0.99584216, 0.35607961;
 0, 0, 0, 1]
Twc:
[0.99951088, -0.019779589, -0.024223574, -0.14222625;
 0.021836331, 0.99589735, 0.087815702, 0.039559986;
 0.022387234, -0.088301703, 0.99584216, -0.36451441;
 0, 0, 0, 1]
Ow:
[0.14945331;
 -0.0743981;
 0.35607961]
Keyframe: 56 Frame: 270 Frame from vFrameID : 271
Tcw:
[0.99948359, 0.03195858, 0.0033487005, 0.16028965;
 -0.031706151, 0.99776042, -0.058897391, -0.082908057;
 -0.0052234777, 0.058760799, 0.99825841, 0.38834709;
 0, 0, 0, 1]
Twc:
[0.99948359, -0.031706151, -0.0052234777, -0.16080704;
 0.03195858, 0.99776042, 0.058760799, 0.054780159;
 0.0033487005, -0.058897391, 0.99825841, -0.39309058;
 0, 0, 0, 1]
Ow:
[0.16028965;
 -0.082908057;
 0.38834709]
Keyframe: 57 Frame: 276 Frame from vFrameID : 277
Tcw:
[0.99933881, 0.016578447, 0.032358736, 0.16659088;
 -0.014671786, 0.99819154, -0.05829588, -0.084519267;
 -0.033266671, 0.057782575, 0.99777478, 0.42146206;
 0, 0, 0, 1]
Twc:
[0.99933881, -0.014671786, -0.033266671, -0.15370016;
 0.016578447, 0.99819154, 0.057782575, 0.057251431;
 0.032358736, -0.05829588, 0.99777478, -0.43084201;
 0, 0, 0, 1]
Ow:
[0.16659088;
 -0.084519267;
 0.42146206]
Keyframe: 58 Frame: 282 Frame from vFrameID : 283
Tcw:
[0.99778396, -0.0043057101, 0.066397764, 0.16703573;
 0.0092947371, 0.99713916, -0.075013779, -0.085961483;
 -0.065884821, 0.075464696, 0.99496949, 0.45185614;
 0, 0, 0, 1]
Twc:
[0.99778396, 0.0092947371, -0.065884821, -0.13609612;
 -0.0043057101, 0.99713916, 0.075464696, 0.052335586;
 0.066397764, -0.075013779, 0.99496949, -0.46712214;
 0, 0, 0, 1]
Ow:
[0.16703573;
 -0.085961483;
 0.45185614]
Keyframe: 59 Frame: 288 Frame from vFrameID : 289
Tcw:
[0.99841201, 0.0015942297, 0.056311008, 0.18392771;
 0.0016738655, 0.99831855, -0.057941716, -0.090259917;
 -0.056308698, 0.057943963, 0.99673057, 0.49143332;
 0, 0, 0, 1]
Twc:
[0.99841201, 0.0016738655, -0.056308698, -0.15581259;
 0.0015942297, 0.99831855, 0.057943963, 0.06133933;
 0.056311008, -0.057941716, 0.99673057, -0.50541359;
 0, 0, 0, 1]
Ow:
[0.18392771;
 -0.090259917;
 0.49143332]
Keyframe: 60 Frame: 294 Frame from vFrameID : 295
Tcw:
[0.99954557, 0.025487594, 0.016094353, 0.20275965;
 -0.023955896, 0.99573523, -0.089092389, -0.091905937;
 -0.018296465, 0.08866635, 0.9958933, 0.52421159;
 0, 0, 0, 1]
Twc:
[0.99954557, -0.023955896, -0.018296465, -0.19527799;
 0.025487594, 0.99573523, 0.08866635, 0.039866198;
 0.016094353, -0.089092389, 0.9958933, -0.53351021;
 0, 0, 0, 1]
Ow:
[0.20275965;
 -0.091905937;
 0.52421159]
Keyframe: 61 Frame: 300 Frame from vFrameID : 301
Tcw:
[0.99954253, 0.030014036, 0.0037268235, 0.21481508;
 -0.029634655, 0.99654394, -0.077601559, -0.099390559;
 -0.0060430793, 0.077455617, 0.99697751, 0.5532288;
 0, 0, 0, 1]
Twc:
[0.99954253, -0.029634655, -0.0060430793, -0.21431902;
 0.030014036, 0.99654394, 0.077455617, 0.049748909;
 0.0037268235, -0.077601559, 0.99697751, -0.5600701;
 0, 0, 0, 1]
Ow:
[0.21481508;
 -0.099390559;
 0.5532288]
Keyframe: 62 Frame: 306 Frame from vFrameID : 307
Tcw:
[0.99892426, 0.039343677, 0.02454336, 0.22272652;
 -0.037074465, 0.99552602, -0.08691036, -0.10615139;
 -0.027852926, 0.085906938, 0.99591374, 0.59503764;
 0, 0, 0, 1]
Twc:
[0.99892426, -0.037074465, -0.027852926, -0.2098489;
 0.039343677, 0.99552602, 0.085906938, 0.045795724;
 0.02454336, -0.08691036, 0.99591374, -0.60729831;
 0, 0, 0, 1]
Ow:
[0.22272652;
 -0.10615139;
 0.59503764]
Keyframe: 63 Frame: 312 Frame from vFrameID : 313
Tcw:
[0.99927789, -0.0043411781, 0.037747759, 0.22399291;
 0.0075352755, 0.99636173, -0.084891148, -0.10763302;
 -0.037241895, 0.085114285, 0.99567497, 0.62669581;
 0, 0, 0, 1]
Twc:
[0.99927789, 0.0075352755, -0.037241895, -0.19968079;
 -0.0043411781, 0.99636173, 0.085114285, 0.054873053;
 0.037747759, -0.084891148, 0.99567497, -0.6415776;
 0, 0, 0, 1]
Ow:
[0.22399291;
 -0.10763302;
 0.62669581]
Keyframe: 64 Frame: 319 Frame from vFrameID : 320
Tcw:
[0.99843973, 0.016631471, 0.053305928, 0.24187058;
 -0.011830286, 0.9959479, -0.089150533, -0.11512454;
 -0.054572631, 0.088380806, 0.9945907, 0.66447002;
 0, 0, 0, 1]
Twc:
[0.99843973, -0.011830286, -0.054572631, -0.20659328;
 0.016631471, 0.9959479, 0.088380806, 0.051908985;
 0.053305928, -0.089150533, 0.9945907, -0.68403226;
 0, 0, 0, 1]
Ow:
[0.24187058;
 -0.11512454;
 0.66447002]
Keyframe: 65 Frame: 326 Frame from vFrameID : 327
Tcw:
[0.99916518, 0.040198073, 0.0072838501, 0.26696345;
 -0.039382629, 0.99517661, -0.089846991, -0.12546964;
 -0.010860393, 0.089485124, 0.99592894, 0.69275635;
 0, 0, 0, 1]
Twc:
[0.99916518, -0.039382629, -0.010860393, -0.26415831;
 0.040198073, 0.99517661, 0.089485124, 0.052141644;
 0.0072838501, -0.089846991, 0.99592894, -0.70315367;
 0, 0, 0, 1]
Ow:
[0.26696345;
 -0.12546964;
 0.69275635]
Keyframe: 66 Frame: 332 Frame from vFrameID : 333
Tcw:
[0.99839383, 0.049547534, 0.027474167, 0.27919441;
 -0.046891894, 0.99483019, -0.090077683, -0.13807422;
 -0.03179526, 0.088644691, 0.9955557, 0.73343778;
 0, 0, 0, 1]
Twc:
[0.99839383, -0.046891894, -0.03179526, -0.26190069;
 0.049547534, 0.99483019, 0.088644691, 0.058511656;
 0.027474167, -0.090077683, 0.9955557, -0.75028622;
 0, 0, 0, 1]
Ow:
[0.27919441;
 -0.13807422;
 0.73343778]
Keyframe: 67 Frame: 338 Frame from vFrameID : 339
Tcw:
[0.99783832, 0.025444143, 0.060591154, 0.27943498;
 -0.01851411, 0.99350125, -0.11230519, -0.13929576;
 -0.063054897, 0.11094063, 0.99182469, 0.76938176;
 0, 0, 0, 1]
Twc:
[0.99783832, -0.01851411, -0.063054897, -0.23289657;
 0.025444143, 0.99350125, 0.11094063, 0.045924835;
 0.060591154, -0.11230519, 0.99182469, -0.79566681;
 0, 0, 0, 1]
Ow:
[0.27943498;
 -0.13929576;
 0.76938176]
Keyframe: 68 Frame: 344 Frame from vFrameID : 345
Tcw:
[0.99750364, -0.0028688216, 0.070556834, 0.28545016;
 0.008485564, 0.99680388, -0.079435654, -0.14599031;
 -0.070103437, 0.079836071, 0.99433982, 0.79746872;
 0, 0, 0, 1]
Twc:
[0.99750364, 0.008485564, -0.070103437, -0.22759347;
 -0.0028688216, 0.99680388, 0.079836071, 0.082675844;
 0.070556834, -0.079435654, 0.99433982, -0.82469219;
 0, 0, 0, 1]
Ow:
[0.28545016;
 -0.14599031;
 0.79746872]
Keyframe: 69 Frame: 350 Frame from vFrameID : 351
Tcw:
[0.9988839, 0.0089706676, 0.046373215, 0.29867259;
 -0.0054577957, 0.99714363, -0.075330995, -0.15088189;
 -0.046916526, 0.074993819, 0.99607968, 0.83889556;
 0, 0, 0, 1]
Twc:
[0.9988839, -0.0054577957, -0.046916526, -0.25980467;
 0.0089706676, 0.99714363, 0.074993819, 0.084859632;
 0.046373215, -0.075330995, 0.99607968, -0.86082333;
 0, 0, 0, 1]
Ow:
[0.29867259;
 -0.15088189;
 0.83889556]
Keyframe: 70 Frame: 356 Frame from vFrameID : 357
Tcw:
[0.99888217, 0.028462932, 0.037739642, 0.31585976;
 -0.024715792, 0.99504685, -0.096285664, -0.15778121;
 -0.040293284, 0.095245264, 0.99463803, 0.86796319;
 0, 0, 0, 1]
Twc:
[0.99888217, -0.024715792, -0.040293284, -0.28443328;
 0.028462932, 0.99504685, 0.095245264, 0.06534002;
 0.037739642, -0.096285664, 0.99463803, -0.89042169;
 0, 0, 0, 1]
Ow:
[0.31585976;
 -0.15778121;
 0.86796319]
Keyframe: 71 Frame: 363 Frame from vFrameID : 364
Tcw:
[0.99894351, 0.033102453, 0.031877119, 0.32776478;
 -0.030596139, 0.99662787, -0.076136537, -0.16326009;
 -0.03428993, 0.075080782, 0.99658769, 0.90452415;
 0, 0, 0, 1]
Twc:
[0.99894351, -0.030596139, -0.03428993, -0.30139753;
 0.033102453, 0.99662787, 0.075080782, 0.083947361;
 0.031877119, -0.076136537, 0.99658769, -0.92431593;
 0, 0, 0, 1]
Ow:
[0.32776478;
 -0.16326009;
 0.90452415]
Keyframe: 72 Frame: 369 Frame from vFrameID : 370
Tcw:
[0.99907559, 0.033659495, 0.026738564, 0.33470407;
 -0.030661477, 0.99394059, -0.1055556, -0.16534603;
 -0.030129492, 0.10463819, 0.99405384, 0.94015688;
 0, 0, 0, 1]
Twc:
[0.99907559, -0.030661477, -0.030129492, -0.311138;
 0.033659495, 0.99394059, 0.10463819, 0.054701839;
 0.026738564, -0.1055556, 0.99405384, -0.96096927;
 0, 0, 0, 1]
Ow:
[0.33470407;
 -0.16534603;
 0.94015688]
Keyframe: 73 Frame: 375 Frame from vFrameID : 376
Tcw:
[0.99945098, 0.0027782654, 0.033016276, 0.34408656;
 0.00079755724, 0.99417216, -0.10780118, -0.16884856;
 -0.033123359, 0.10776833, 0.99362409, 0.97873002;
 0, 0, 0, 1]
Twc:
[0.99945098, 0.00079755724, -0.033123359, -0.31134415;
 0.0027782654, 0.99417216, 0.10776833, 0.061432473;
 0.033016276, -0.10780118, 0.99362409, -1.0020523;
 0, 0, 0, 1]
Ow:
[0.34408656;
 -0.16884856;
 0.97873002]
Keyframe: 74 Frame: 381 Frame from vFrameID : 382
Tcw:
[0.99927002, 0.016534161, 0.034438562, 0.35797325;
 -0.013236779, 0.99549693, -0.093865372, -0.17284647;
 -0.035835467, 0.093341, 0.9949891, 1.0142323;
 0, 0, 0, 1]
Twc:
[0.99927002, -0.013236779, -0.035835467, -0.32365441;
 0.016534161, 0.99549693, 0.093341, 0.071479887;
 0.034438562, -0.093865372, 0.9949891, -1.0377023;
 0, 0, 0, 1]
Ow:
[0.35797325;
 -0.17284647;
 1.0142323]
Keyframe: 75 Frame: 387 Frame from vFrameID : 388
Tcw:
[0.99955755, 0.026205055, -0.014072369, 0.37163398;
 -0.027548254, 0.99401301, -0.10573194, -0.1791559;
 0.011217406, 0.10607283, 0.99429506, 1.044493;
 0, 0, 0, 1]
Twc:
[0.99955755, -0.027548254, 0.011217406, -0.38812146;
 0.026205055, 0.99401301, 0.10607283, 0.057552271;
 -0.014072369, -0.10573194, 0.99429506, -1.052247;
 0, 0, 0, 1]
Ow:
[0.37163398;
 -0.1791559;
 1.044493]
Keyframe: 76 Frame: 393 Frame from vFrameID : 394
Tcw:
[0.99889278, 0.045897078, -0.010327524, 0.38767123;
 -0.046541989, 0.99611908, -0.074703224, -0.18622367;
 0.0068587838, 0.075101174, 0.99715233, 1.0761403;
 0, 0, 0, 1]
Twc:
[0.99889278, -0.046541989, 0.0068587838, -0.40329024;
 0.045897078, 0.99611908, 0.075101174, 0.086888582;
 -0.010327524, -0.074703224, 0.99715233, -1.0829836;
 0, 0, 0, 1]
Ow:
[0.38767123;
 -0.18622367;
 1.0761403]
Keyframe: 77 Frame: 399 Frame from vFrameID : 400
Tcw:
[0.99935615, 0.035867952, 0.00089023705, 0.39260483;
 -0.035626423, 0.99495453, -0.093788534, -0.19112788;
 -0.0042497478, 0.09369643, 0.99559176, 1.1121666;
 0, 0, 0, 1]
Twc:
[0.99935615, -0.035626423, -0.0042497478, -0.39443481;
 0.035867952, 0.99495453, 0.09369643, 0.07187558;
 0.00089023705, -0.093788534, 0.99559176, -1.1255389;
 0, 0, 0, 1]
Ow:
[0.39260483;
 -0.19112788;
 1.1121666]
Keyframe: 78 Frame: 405 Frame from vFrameID : 406
Tcw:
[0.99921864, 0.01988874, 0.034154765, 0.40104696;
 -0.016316274, 0.99466461, -0.10186283, -0.19525567;
 -0.03599846, 0.10122596, 0.99421197, 1.150931;
 0, 0, 0, 1]
Twc:
[0.99921864, -0.016316274, -0.03599846, -0.3624877;
 0.01988874, 0.99466461, 0.10122596, 0.069733493;
 0.034154765, -0.10186283, 0.99421197, -1.1778563;
 0, 0, 0, 1]
Ow:
[0.40104696;
 -0.19525567;
 1.150931]
Keyframe: 79 Frame: 412 Frame from vFrameID : 413
Tcw:
[0.99905866, 0.02478282, 0.035604145, 0.4136323;
 -0.020409031, 0.99276257, -0.1183468, -0.19791833;
 -0.038279429, 0.11750875, 0.99233383, 1.1834508;
 0, 0, 0, 1]
Twc:
[0.99905866, -0.020409031, -0.038279429, -0.37198043;
 0.02478282, 0.99276257, 0.11750875, 0.047169115;
 0.035604145, -0.1183468, 0.99233383, -1.2125282;
 0, 0, 0, 1]
Ow:
[0.4136323;
 -0.19791833;
 1.1834508]
Keyframe: 80 Frame: 419 Frame from vFrameID : 420
Tcw:
[0.99914831, 0.037929054, 0.01624958, 0.4312709;
 -0.036250055, 0.99496228, -0.093466759, -0.20293418;
 -0.019712824, 0.092798106, 0.99548978, 1.2226968;
 0, 0, 0, 1]
Twc:
[0.99914831, -0.036250055, -0.019712824, -0.41415715;
 0.037929054, 0.99496228, 0.092798106, 0.072090209;
 0.01624958, -0.093466759, 0.99548978, -1.2431577;
 0, 0, 0, 1]
Ow:
[0.4312709;
 -0.20293418;
 1.2226968]
Keyframe: 81 Frame: 426 Frame from vFrameID : 427
Tcw:
[0.99865544, 0.043272849, 0.028543539, 0.4411568;
 -0.040559959, 0.99515128, -0.089603685, -0.21129322;
 -0.032282546, 0.088325486, 0.99556839, 1.2605431;
 0, 0, 0, 1]
Twc:
[0.99865544, -0.040559959, -0.032282546, -0.40844014;
 0.043272849, 0.99515128, 0.088325486, 0.079840519;
 0.028543539, -0.089603685, 0.99556839, -1.2864817;
 0, 0, 0, 1]
Ow:
[0.4411568;
 -0.21129322;
 1.2605431]
Keyframe: 82 Frame: 433 Frame from vFrameID : 434
Tcw:
[0.9981457, 0.03182007, 0.05189104, 0.44595468;
 -0.025821818, 0.99332494, -0.1124227, -0.21279733;
 -0.055121958, 0.11087432, 0.99230462, 1.2980511;
 0, 0, 0, 1]
Twc:
[0.9981457, -0.025821818, -0.055121958, -0.37907141;
 0.03182007, 0.99332494, 0.11087432, 0.053266048;
 0.05189104, -0.1124227, 0.99230462, -1.3351264;
 0, 0, 0, 1]
Ow:
[0.44595468;
 -0.21279733;
 1.2980511]
Keyframe: 83 Frame: 439 Frame from vFrameID : 440
Tcw:
[0.99761039, 0.011006769, 0.068208531, 0.4547745;
 -0.0050466391, 0.99620038, -0.086944662, -0.21775925;
 -0.068906344, 0.086392671, 0.99387538, 1.3298714;
 0, 0, 0, 1]
Twc:
[0.99761039, -0.0050466391, -0.068906344, -0.36315012;
 0.011006769, 0.99620038, 0.086392671, 0.09703511;
 0.068208531, -0.086944662, 0.99387538, -1.3716789;
 0, 0, 0, 1]
Ow:
[0.4547745;
 -0.21775925;
 1.3298714]
Keyframe: 84 Frame: 445 Frame from vFrameID : 446
Tcw:
[0.998671, 0.01866615, 0.048039161, 0.46767274;
 -0.0130486, 0.99331445, -0.11470012, -0.22344598;
 -0.049859002, 0.11392084, 0.99223793, 1.3615712;
 0, 0, 0, 1]
Twc:
[0.998671, -0.0130486, -0.049859002, -0.4020803;
 0.01866615, 0.99331445, 0.11392084, 0.058111146;
 0.048039161, -0.11470012, 0.99223793, -1.3990985;
 0, 0, 0, 1]
Ow:
[0.46767274;
 -0.22344598;
 1.3615712]
Keyframe: 85 Frame: 450 Frame from vFrameID : 451
Tcw:
[0.99814409, 0.04103072, 0.044998087, 0.47901103;
 -0.036536455, 0.99466068, -0.096515119, -0.22801369;
 -0.048717912, 0.094691932, 0.99431384, 1.3864723;
 0, 0, 0, 1]
Twc:
[0.99814409, -0.036536455, -0.048717912, -0.41890681;
 0.04103072, 0.99466068, 0.094691932, 0.075854354;
 0.044998087, -0.096515119, 0.99431384, -1.42215;
 0, 0, 0, 1]
Ow:
[0.47901103;
 -0.22801369;
 1.3864723]
Keyframe: 86 Frame: 456 Frame from vFrameID : 457
Tcw:
[0.99799395, 0.048634313, 0.040531676, 0.48633304;
 -0.044613667, 0.99449599, -0.094801448, -0.2354309;
 -0.044919193, 0.092803001, 0.99467075, 1.4197491;
 0, 0, 0, 1]
Twc:
[0.99799395, -0.044613667, -0.044919193, -0.43208688;
 0.048634313, 0.99449599, 0.092803001, 0.078725621;
 0.040531676, -0.094801448, 0.99467075, -1.454214;
 0, 0, 0, 1]
Ow:
[0.48633304;
 -0.2354309;
 1.4197491]
Keyframe: 87 Frame: 462 Frame from vFrameID : 463
Tcw:
[0.99718207, 0.031950917, 0.067875586, 0.48661935;
 -0.023812003, 0.99278706, -0.11750253, -0.23444362;
 -0.071140319, 0.11555516, 0.99075025, 1.4547778;
 0, 0, 0, 1]
Twc:
[0.99718207, -0.023812003, -0.071140319, -0.38733727;
 0.031950917, 0.99278706, 0.11555516, 0.049097568;
 0.067875586, -0.11750253, 0.99075025, -1.5018988;
 0, 0, 0, 1]
Ow:
[0.48661935;
 -0.23444362;
 1.4547778]
Keyframe: 88 Frame: 468 Frame from vFrameID : 469
Tcw:
[0.99772018, 0.019922372, 0.064478658, 0.49421373;
 -0.013771365, 0.99543232, -0.094471626, -0.24120393;
 -0.066066235, 0.093368292, 0.99343729, 1.4855138;
 0, 0, 0, 1]
Twc:
[0.99772018, -0.013771365, -0.066066235, -0.39826643;
 0.019922372, 0.99543232, 0.093368292, 0.091556408;
 0.064478658, -0.094471626, 0.99343729, -1.5304179;
 0, 0, 0, 1]
Ow:
[0.49421373;
 -0.24120393;
 1.4855138]
Keyframe: 89 Frame: 473 Frame from vFrameID : 474
Tcw:
[0.99883431, 0.025742708, 0.04083313, 0.50305849;
 -0.021269491, 0.99409252, -0.10643163, -0.24234873;
