Keyframe: 0 Frame: 0 Frame from vFrameID : 90
Tcw:
[0.99795938, -0.057367187, -0.028038276, 0.026499273;
 -0.030292483, -0.038809489, -0.99878734, -0.03414486;
 0.056209467, 0.99759853, -0.040468089, -0.057035092;
 0, 0, 0, 1]
Twc:
[0.99795938, -0.030292483, 0.056209467, -0.024273617;
 -0.057367187, -0.038809489, 0.99759853, 0.05709317;
 -0.028038276, -0.99878734, -0.040468089, -0.035668563;
 0, 0, 0, 1]
Ow:
[0.026499273;
 -0.03414486;
 -0.057035092]
Keyframe: 1 Frame: 133 Frame from vFrameID : 90
Tcw:
[0.99792075, -0.058217764, -0.027656758, -nan;
 -0.02975063, -0.035412043, -0.99892986, -nan;
 0.05717608, 0.99767566, -0.037070427, -nan;
 0, 0, 0, 1]
Twc:
[0.99792075, -0.02975063, 0.05717608, -inf;
 -0.058217764, -0.035412043, 0.99767566, inf;
 -0.027656758, -0.99892986, -0.037070427, -inf;
 0, 0, 0, 1]
Ow:
[-nan;
 -nan;
 -nan]
