Keyframe: 0 Frame: 0 Frame from vFrameID : 90
Tcw:
[0.99987423, -0.012000354, -0.010367566, 0.026828956;
 -0.010416662, -0.004035979, -0.99993759, -0.038062099;
 0.011957762, 0.99991983, -0.004160475, -0.088886842;
 0, 0, 0, 1]
Twc:
[0.99987423, -0.010416662, 0.011957762, -0.026159173;
 -0.012000354, -0.004035979, 0.99991983, 0.089048058;
 -0.010367566, -0.99993759, -0.004160475, -0.038151383;
 0, 0, 0, 1]
Ow:
[0.026828956;
 -0.038062099;
 -0.088886842]
Keyframe: 1 Frame: 89 Frame from vFrameID : 90
Tcw:
[0.99986768, -0.0059328228, -0.015147761, -0.0044467072;
 -0.015197904, -0.0085000815, -0.99984837, 0.00078395632;
 0.005803166, 0.9999463, -0.0085891234, 0.0037392748;
 0, 0, 0, 1]
Twc:
[0.99986768, -0.015197904, 0.005803166, 0.0044363341;
 -0.0059328228, -0.0085000815, 0.9999463, -0.0037587916;
 -0.015147761, -0.99984837, -0.0085891234, 0.00074859685;
 0, 0, 0, 1]
Ow:
[-0.0044467072;
 0.00078395632;
 0.0037392748]
