Keyframe: 0 Frame: 0 Frame from vFrameID : 90
Tcw:
[0.99946529, -0.0059043202, -0.032160297, 0.028224055;
 -0.032361839, -0.037990794, -0.99875391, -0.03780669;
 0.0046751676, 0.99926066, -0.038161553, -0.061914269;
 0, 0, 0, 1]
Twc:
[0.99946529, -0.032361839, 0.0046751676, -0.029142996;
 -0.0059043202, -0.037990794, 0.99926066, 0.060598832;
 -0.032160297, -0.99875391, -0.038161553, -0.03921463;
 0, 0, 0, 1]
Ow:
[0.028224055;
 -0.03780669;
 -0.061914269]
Keyframe: 1 Frame: 126 Frame from vFrameID : 90
Tcw:
[0.99858284, -0.035270665, -0.039853185, -0.0012553846;
 -0.041450743, -0.045785792, -0.99809092, -0.0071218112;
 0.033378623, 0.99832845, -0.047182899, 0.02462855;
 0, 0, 0, 1]
Twc:
[0.99858284, -0.041450743, 0.033378623, 0.00013633416;
 -0.035270665, -0.045785792, 0.99832845, -0.024957737;
 -0.039853185, -0.99809092, -0.047182899, -0.0059961998;
 0, 0, 0, 1]
Ow:
[-0.0012553846;
 -0.0071218112;
 0.02462855]
