Keyframe: 0 Frame: 0 Frame from vFrameID : 90
Tcw:
[0.99970162, 0.024214821, -0.0032149046, 0.033869363;
 -0.0023728108, -0.034724765, -0.99939412, -0.02910991;
 -0.024311787, 0.99910349, -0.034656946, -0.076563947;
 0, 0, 0, 1]
Twc:
[0.99970162, -0.0023728108, -0.024311787, -0.035789736;
 0.024214821, -0.034724765, 0.99910349, 0.074664332;
 -0.0032149046, -0.99939412, -0.034656946, -0.031636856;
 0, 0, 0, 1]
Ow:
[0.033869363;
 -0.02910991;
 -0.076563947]
Keyframe: 1 Frame: 117 Frame from vFrameID : 90
Tcw:
[0.9907558, 0.13333902, 0.024972143, 0.00030061012;
 0.040276635, -0.11334637, -0.99273884, -0.00025409285;
 -0.12954032, 0.98456758, -0.11766902, -0.00061615114;
 0, 0, 0, 1]
Twc:
[0.9907558, 0.040276635, -0.12954032, -0.00036741365;
 0.13333902, -0.11334637, 0.98456758, 0.00053775887;
 0.024972143, -0.99273884, -0.11766902, -0.00033225663;
 0, 0, 0, 1]
Ow:
[0.00030061012;
 -0.00025409285;
 -0.00061615114]
