Keyframe: 0 Frame: 0 Frame from vFrameID : 90
Tcw:
[0.99982238, -0.016041173, -0.0098939054, 0.028535735;
 -0.0099432291, -0.0029979893, -0.99994606, -0.028877567;
 0.016010646, 0.99986684, -0.0031569577, -0.092498422;
 0, 0, 0, 1]
Twc:
[0.99982238, -0.0099432291, 0.016010646, -0.027336843;
 -0.016041173, -0.0029979893, 0.99986684, 0.092857279;
 -0.0098939054, -0.99994606, -0.0031569577, -0.028885696;
 0, 0, 0, 1]
Ow:
[0.028535735;
 -0.028877567;
 -0.092498422]
Keyframe: 1 Frame: 100 Frame from vFrameID : 90
Tcw:
[0.9997344, -0.016338548, -0.016252656, -nan;
 -0.016268544, -0.00084009691, -0.99986732, -nan;
 0.016322726, 0.99986619, -0.0011056783, -nan;
 0, 0, 0, 1]
Twc:
[0.9997344, -0.016268544, 0.016322726, -inf;
 -0.016338548, -0.00084009691, 0.99986619, inf;
 -0.016252656, -0.99986732, -0.0011056783, -inf;
 0, 0, 0, 1]
Ow:
[-nan;
 -nan;
 -nan]
