Keyframe: 0 Frame: 0 Frame from vFrameID : 90
Tcw:
[0.99989533, 0.012924371, -0.0065018912, 0.035215143;
 -0.0059496388, -0.04231815, -0.9990865, -0.029266994;
 -0.013187713, 0.99902058, -0.042236827, -0.081466086;
 0, 0, 0, 1]
Twc:
[0.99989533, -0.0059496388, -0.013187713, -0.036459934;
 0.012924371, -0.04231815, 0.99902058, 0.079692639;
 -0.0065018912, -0.9990865, -0.042236827, -0.032452162;
 0, 0, 0, 1]
Ow:
[0.035215143;
 -0.029266994;
 -0.081466086]
Keyframe: 1 Frame: 114 Frame from vFrameID : 90
Tcw:
[0.99966139, 0.023315022, -0.011553537, -0.00089990551;
 -0.010644769, -0.038732454, -0.99919289, 0.0016669114;
 -0.023743702, 0.9989776, -0.038471159, -0.004798058;
 0, 0, 0, 1]
Twc:
[0.99966139, -0.010644769, -0.023743702, 0.00080342102;
 0.023315022, -0.038732454, 0.9989776, 0.0048786975;
 -0.011553537, -0.99919289, -0.038471159, 0.0014705822;
 0, 0, 0, 1]
Ow:
[-0.00089990551;
 0.0016669114;
 -0.004798058]
