Keyframe: 0 Frame: 0 Frame from vFrameID : 90
Tcw:
[0.99949777, 0.022937434, -0.021865344, 0.032110434;
 -0.020868396, -0.042837881, -0.99886405, -0.034278594;
 -0.023848044, 0.9988187, -0.042337697, -0.066893995;
 0, 0, 0, 1]
Twc:
[0.99949777, -0.020868396, -0.023848044, -0.034404933;
 0.022937434, -0.042837881, 0.9988187, 0.064610019;
 -0.021865344, -0.99886405, -0.042337697, -0.036369689;
 0, 0, 0, 1]
Ow:
[0.032110434;
 -0.034278594;
 -0.066893995]
Keyframe: 1 Frame: 123 Frame from vFrameID : 90
Tcw:
[0.99923795, 0.024447951, -0.030426225, 0.0055963993;
 -0.029321672, -0.044334374, -0.99858636, 0.0025764366;
 -0.025762318, 0.99871755, -0.04358374, -0.0013156511;
 0, 0, 0, 1]
Twc:
[0.99923795, -0.029321672, -0.025762318, -0.0055504837;
 0.024447951, -0.044334374, 0.99871755, 0.0012913682;
 -0.030426225, -0.99858636, -0.04358374, 0.0026857308;
 0, 0, 0, 1]
Ow:
[0.0055963993;
 0.0025764366;
 -0.0013156511]
