Keyframe: 0 Frame: 0 Frame from vFrameID : 90
Tcw:
[0.99887836, -0.037737299, -0.028599277, 0.025199475;
 -0.03010693, -0.040006988, -0.99874574, -0.036950178;
 0.036545794, 0.99848652, -0.041098271, -0.059826039;
 0, 0, 0, 1]
Twc:
[0.99887836, -0.03010693, 0.036545794, -0.024097277;
 -0.037737299, -0.040006988, 0.99848652, 0.059208192;
 -0.028599277, -0.99874574, -0.041098271, -0.038641892;
 0, 0, 0, 1]
Ow:
[0.025199475;
 -0.036950178;
 -0.059826039]
Keyframe: 1 Frame: 129 Frame from vFrameID : 90
Tcw:
[0.99865353, -0.045682289, -0.024581075, -0.0073681902;
 -0.026679642, -0.04591107, -0.99858922, -0.0016393056;
 0.044489298, 0.99790043, -0.047068041, 0.0056473082;
 0, 0, 0, 1]
Twc:
[0.99865353, -0.026679642, 0.044489298, 0.0070632887;
 -0.045682289, -0.04591107, 0.99790043, -0.0060473094;
 -0.024581075, -0.99858922, -0.047068041, -0.0015523032;
 0, 0, 0, 1]
Ow:
[-0.0073681902;
 -0.0016393056;
 0.0056473082]
