Keyframe: 0 Frame: 0 Frame from vFrameID : 90
Tcw:
[0.99949867, -0.027316315, -0.016007118, 0.028497016;
 -0.016330032, -0.011639423, -0.99979889, -0.030705141;
 0.027124507, 0.99955904, -0.012079665, -0.087428287;
 0, 0, 0, 1]
Twc:
[0.99949867, -0.016330032, 0.027124507, -0.026612695;
 -0.027316315, -0.011639423, 0.99955904, 0.087810785;
 -0.016007118, -0.99979889, -0.012079665, -0.031298917;
 0, 0, 0, 1]
Ow:
[0.028497016;
 -0.030705141;
 -0.087428287]
Keyframe: 1 Frame: 108 Frame from vFrameID : 90
Tcw:
[0.99935561, -0.034186315, -0.010936117, 0.0037930205;
 -0.011607445, -0.019500928, -0.99974245, -0.0033008854;
 0.033964247, 0.9992252, -0.019885179, 0.0046328655;
 0, 0, 0, 1]
Twc:
[0.99935561, -0.011607445, 0.033964247, -0.0039862432;
 -0.034186315, -0.019500928, 0.9992252, -0.004563977;
 -0.010936117, -0.99974245, -0.019885179, -0.0031664292;
 0, 0, 0, 1]
Ow:
[0.0037930205;
 -0.0033008854;
 0.0046328655]
