Keyframe: 0 Frame: 0 Frame from vFrameID : 90
Tcw:
[0.99961025, -0.022149753, -0.016994148, 0.028358277;
 -0.017164532, -0.0075249886, -0.99982435, -0.030356755;
 0.022017982, 0.99972636, -0.007902246, -0.091279931;
 0, 0, 0, 1]
Twc:
[0.99961025, -0.017164532, 0.022017982, -0.026858481;
 -0.022149753, -0.0075249886, 0.99972636, 0.091654643;
 -0.016994148, -0.99982435, -0.007902246, -0.030590815;
 0, 0, 0, 1]
Ow:
[0.028358277;
 -0.030356755;
 -0.091279931]
Keyframe: 1 Frame: 105 Frame from vFrameID : 90
Tcw:
[0.99939179, -0.030727848, -0.016486486, -0.005723652;
 -0.017068962, -0.018791003, -0.99967772, 0.0064554475;
 0.030408148, 0.99935114, -0.019304067, -0.00036786738;
 0, 0, 0, 1]
Twc:
[0.99939179, -0.017068962, 0.030408148, 0.0058415453;
 -0.030727848, -0.018791003, 0.99935114, 0.00031305748;
 -0.016486486, -0.99967772, -0.019304067, 0.0063519026;
 0, 0, 0, 1]
Ow:
[-0.005723652;
 0.0064554475;
 -0.00036786738]
