Keyframe: 0 Frame: 0 Frame from vFrameID : 33
Tcw:
[0.99967581, 0.019653818, -0.016187597, 0.057751197;
 -0.016071659, -0.0060426947, -0.9998526, -0.013812201;
 -0.019748736, 0.99978858, -0.0057248659, -0.070555806;
 0, 0, 0, 1]
Twc:
[0.99967581, -0.016071659, -0.019748736, -0.059347849;
 0.019653818, -0.0060426947, 0.99978858, 0.0693224;
 -0.016187597, -0.9998526, -0.0057248659, -0.013279234;
 0, 0, 0, 1]
Ow:
[0.057751197;
 -0.013812201;
 -0.070555806]
Keyframe: 1 Frame: 32 Frame from vFrameID : 33
Tcw:
[0.9994933, 0.021733122, -0.02325521, 0.057909492;
 -0.022745494, -0.023413487, -0.99946707, -0.01255253;
 -0.022266025, 0.99948961, -0.022907292, -0.06995175;
 0, 0, 0, 1]
Twc:
[0.9994933, -0.022745494, -0.022266025, -0.05972321;
 0.021733122, -0.023413487, 0.99948961, 0.068363592;
 -0.02325521, -0.99946707, -0.022907292, -0.012801548;
 0, 0, 0, 1]
Ow:
[0.057909492;
 -0.01255253;
 -0.06995175]
Keyframe: 2 Frame: 35 Frame from vFrameID : 36
Tcw:
[0.99929887, 0.024098173, -0.028654646, 0.057848636;
 -0.028154079, -0.020860929, -0.99938589, -0.012238243;
 -0.024681136, 0.99949193, -0.020167841, -0.070041008;
 0, 0, 0, 1]
Twc:
[0.99929887, -0.028154079, -0.024681136, -0.059881322;
 0.024098173, -0.020860929, 0.99949193, 0.068356067;
 -0.028654646, -0.99938589, -0.020167841, -0.011985671;
 0, 0, 0, 1]
Ow:
[0.057848636;
 -0.012238243;
 -0.070041008]
Keyframe: 3 Frame: 37 Frame from vFrameID : 38
Tcw:
[0.99942178, 0.019612165, -0.027776232, 0.057850957;
 -0.027407005, -0.018850679, -0.99944663, -0.012235543;
 -0.020124912, 0.99962991, -0.018302267, -0.070039958;
 0, 0, 0, 1]
Twc:
[0.99942178, -0.027407005, -0.020124912, -0.059562393;
 0.019612165, -0.018850679, 0.99962991, 0.068648815;
 -0.027776232, -0.99944663, -0.018302267, -0.01190378;
 0, 0, 0, 1]
Ow:
[0.057850957;
 -0.012235543;
 -0.070039958]
Keyframe: 4 Frame: 38 Frame from vFrameID : 39
Tcw:
[0.99946076, 0.018195949, -0.027332921, 0.057848997;
 -0.026989531, -0.018857114, -0.99945784, -0.012237635;
 -0.018701505, 0.99965662, -0.018355846, -0.07004068;
 0, 0, 0, 1]
Twc:
[0.99946076, -0.026989531, -0.018701505, -0.059457958;
 0.018195949, -0.018857114, 0.99965662, 0.068733245;
 -0.027332921, -0.99945784, -0.018355846, -0.011935474;
 0, 0, 0, 1]
Ow:
[0.057848997;
 -0.012237635;
 -0.07004068]
Keyframe: 5 Frame: 39 Frame from vFrameID : 40
Tcw:
[0.99945933, 0.019364728, -0.026572328, 0.057850823;
 -0.02621391, -0.018533396, -0.99948454, -0.012235576;
 -0.019847222, 0.9996407, -0.01801575, -0.07004001;
 0, 0, 0, 1]
Twc:
[0.99945933, -0.02621391, -0.019847222, -0.059530385;
 0.019364728, -0.018533396, 0.9996407, 0.068667807;
 -0.026572328, -0.99948454, -0.01801575, -0.011953861;
 0, 0, 0, 1]
Ow:
[0.057850823;
 -0.012235576;
 -0.07004001]
Keyframe: 6 Frame: 40 Frame from vFrameID : 41
Tcw:
[0.99945933, 0.019364728, -0.026572328, 0.057850823;
 -0.02621391, -0.018533396, -0.99948454, -0.012235576;
 -0.019847222, 0.9996407, -0.01801575, -0.07004001;
 0, 0, 0, 1]
Twc:
[0.99945933, -0.02621391, -0.019847222, -0.059530385;
 0.019364728, -0.018533396, 0.9996407, 0.068667807;
 -0.026572328, -0.99948454, -0.01801575, -0.011953861;
 0, 0, 0, 1]
Ow:
[0.057850823;
 -0.012235576;
 -0.07004001]
Keyframe: 7 Frame: 41 Frame from vFrameID : 42
Tcw:
[0.99960601, 0.01397086, -0.024345085, 0.05776893;
 -0.024119375, -0.016102994, -0.99957937, -0.012336181;
 -0.014357013, 0.99977273, -0.01575968, -0.070104837;
 0, 0, 0, 1]
Twc:
[0.99960601, -0.024119375, -0.014357013, -0.059050202;
 0.01397086, -0.016102994, 0.99977273, 0.069083169;
 -0.024345085, -0.99957937, -0.01575968, -0.012029433;
 0, 0, 0, 1]
Ow:
[0.05776893;
 -0.012336181;
 -0.070104837]
Keyframe: 8 Frame: 42 Frame from vFrameID : 43
Tcw:
[0.99971288, 0.012492931, -0.020445544, 0.057852123;
 -0.020241989, -0.016208537, -0.99966371, -0.0122344;
 -0.012820123, 0.99979061, -0.015951002, -0.070039399;
 0, 0, 0, 1]
Twc:
[0.99971288, -0.020241989, -0.012820123, -0.058981076;
 0.012492931, -0.016208537, 0.99979061, 0.069103688;
 -0.020445544, -0.99966371, -0.015951002, -0.012164666;
 0, 0, 0, 1]
Ow:
[0.057852123;
 -0.0122344;
 -0.070039399]
Keyframe: 9 Frame: 43 Frame from vFrameID : 44
Tcw:
[0.99975395, 0.010541031, -0.019518144, 0.057846002;
 -0.01935323, -0.015526689, -0.99969214, -0.012241017;
 -0.010840839, 0.99982387, -0.015318865, -0.070041783;
 0, 0, 0, 1]
Twc:
[0.99975395, -0.01935323, -0.010840839, -0.058827981;
 0.010541031, -0.015526689, 0.99982387, 0.069229633;
 -0.019518144, -0.99969214, -0.015318865, -0.012181163;
 0, 0, 0, 1]
Ow:
[0.057846002;
 -0.012241017;
 -0.070041783]
Keyframe: 10 Frame: 44 Frame from vFrameID : 45
Tcw:
[0.9998166, 0.0089147305, -0.016951215, 0.057658132;
 -0.016810408, -0.015639307, -0.99973637, -0.01244322;
 -0.0091774864, 0.99983793, -0.015486578, -0.070068978;
 0, 0, 0, 1]
Twc:
[0.9998166, -0.016810408, -0.0091774864, -0.058499787;
 0.0089147305, -0.015639307, 0.99983793, 0.069349013;
 -0.016951215, -0.99973637, -0.015486578, -0.012547693;
 0, 0, 0, 1]
Ow:
[0.057658132;
 -0.01244322;
 -0.070068978]
Keyframe: 11 Frame: 45 Frame from vFrameID : 46
Tcw:
[0.99981511, 0.0089166267, -0.017038047, 0.057656441;
 -0.016897956, -0.015557468, -0.99973619, -0.012461588;
 -0.0091793435, 0.99983925, -0.015403919, -0.07007046;
 0, 0, 0, 1]
Twc:
[0.99981511, -0.016897956, -0.0091793435, -0.058499552;
 0.0089166267, -0.015557468, 0.99983925, 0.069351219;
 -0.017038047, -0.99973619, -0.015403919, -0.012555306;
 0, 0, 0, 1]
Ow:
[0.057656441;
 -0.012461588;
 -0.07007046]
Keyframe: 12 Frame: 46 Frame from vFrameID : 47
Tcw:
[0.99980605, 0.010355946, -0.016752107, 0.057835829;
 -0.016583836, -0.016126512, -0.99973243, -0.012251922;
 -0.010623327, 0.9998163, -0.015951641, -0.07004568;
 0, 0, 0, 1]
Twc:
[0.99980605, -0.016583836, -0.010623327, -0.058771912;
 0.010355946, -0.016126512, 0.9998163, 0.069236293;
 -0.016752107, -0.99973243, -0.015951641, -0.012397115;
 0, 0, 0, 1]
Ow:
[0.057835829;
 -0.012251922;
 -0.07004568]
Keyframe: 13 Frame: 47 Frame from vFrameID : 48
Tcw:
[0.9998312, 0.009432707, -0.015767701, 0.057769943;
 -0.015609863, -0.016579026, -0.99974072, -0.012362237;
 -0.0096916743, 0.99981809, -0.016428985, -0.070054166;
 0, 0, 0, 1]
Twc:
[0.9998312, -0.015609863, -0.0096916743, -0.058632106;
 0.009432707, -0.016579026, 0.99981809, 0.069291539;
 -0.015767701, -0.99974072, -0.016428985, -0.012599051;
 0, 0, 0, 1]
Ow:
[0.057769943;
 -0.012362237;
 -0.070054166]
Keyframe: 14 Frame: 48 Frame from vFrameID : 49
Tcw:
[0.99991101, 0.0056707761, -0.012076709, 0.057814188;
 -0.011979993, -0.016790064, -0.99978727, -0.012254177;
 -0.0058723381, 0.99984294, -0.016720634, -0.070039526;
 0, 0, 0, 1]
Twc:
[0.99991101, -0.011979993, -0.0058723381, -0.058367141;
 0.0056707761, -0.016790064, 0.99984294, 0.069494933;
 -0.012076709, -0.99978727, -0.016720634, -0.012724469;
 0, 0, 0, 1]
Ow:
[0.057814188;
 -0.012254177;
 -0.070039526]
Keyframe: 15 Frame: 49 Frame from vFrameID : 50
Tcw:
[0.99992222, 0.0057325498, -0.011074636, 0.057839934;
 -0.010977186, -0.016760578, -0.99979925, -0.012248503;
 -0.0059170164, 0.99984312, -0.016696349, -0.07004416;
 0, 0, 0, 1]
Twc:
[0.99992222, -0.010977186, -0.0059170164, -0.058384344;
 0.0057325498, -0.016760578, 0.99984312, 0.069496304;
 -0.011074636, -0.99979925, -0.016696349, -0.01277497;
 0, 0, 0, 1]
Ow:
[0.057839934;
 -0.012248503;
 -0.07004416]
Keyframe: 16 Frame: 50 Frame from vFrameID : 51
Tcw:
[0.99991983, 0.0057018129, -0.011307713, 0.05782504;
 -0.011211524, -0.016628692, -0.99979889, -0.012263962;
 -0.0058886986, 0.9998455, -0.016563432, -0.070047893;
 0, 0, 0, 1]
Twc:
[0.99991983, -0.011211524, -0.0058886986, -0.058370389;
 0.0057018129, -0.016628692, 0.9998455, 0.069503427;
 -0.011307713, -0.99979889, -0.016563432, -0.01276786;
 0, 0, 0, 1]
Ow:
[0.05782504;
 -0.012263962;
 -0.070047893]
Keyframe: 17 Frame: 51 Frame from vFrameID : 52
Tcw:
[0.99992937, 0.0041298065, -0.011144944, 0.057728432;
 -0.01107612, -0.016329186, -0.99980533, -0.012318939;
 -0.0043109902, 0.99985814, -0.01628229, -0.070061862;
 0, 0, 0, 1]
Twc:
[0.99992937, -0.01107612, -0.0043109902, -0.058162834;
 0.0041298065, -0.016329186, 0.99985814, 0.069612354;
 -0.011144944, -0.99980533, -0.01628229, -0.012813928;
 0, 0, 0, 1]
Ow:
[0.057728432;
 -0.012318939;
 -0.070061862]
Keyframe: 18 Frame: 52 Frame from vFrameID : 53
Tcw:
[0.9999333, 0.004788816, -0.010512619, 0.057749387;
 -0.010421458, -0.018679231, -0.99977124, -0.01230879;
 -0.0049840878, 0.99981403, -0.018628079, -0.070073754;
 0, 0, 0, 1]
Twc:
[0.9999333, -0.010421458, -0.0049840878, -0.058223058;
 0.004788816, -0.018679231, 0.99981403, 0.069554262;
 -0.010512619, -0.99977124, -0.018628079, -0.013004216;
 0, 0, 0, 1]
Ow:
[0.057749387;
 -0.01230879;
 -0.070073754]
Keyframe: 19 Frame: 53 Frame from vFrameID : 54
Tcw:
[0.99992537, 0.0051061888, -0.011096749, 0.05768802;
 -0.010993403, -0.019840987, -0.99974269, -0.012402324;
 -0.0053250454, 0.99979013, -0.019783372, -0.070088468;
 0, 0, 0, 1]
Twc:
[0.99992537, -0.010993403, -0.0053250454, -0.058193289;
 0.0051061888, -0.019840987, 0.99979013, 0.069533117;
 -0.011096749, -0.99974269, -0.019783372, -0.01314557;
 0, 0, 0, 1]
Ow:
[0.05768802;
 -0.012402324;
 -0.070088468]
Keyframe: 20 Frame: 54 Frame from vFrameID : 55
Tcw:
[0.99991059, 0.0056087673, -0.012136565, 0.057603605;
 -0.012022962, -0.019862793, -0.99973041, -0.01240891;
 -0.0058483211, 0.99978697, -0.019793583, -0.070011944;
 0, 0, 0, 1]
Twc:
[0.99991059, -0.012022962, -0.0058483211, -0.058157101;
 0.0056087673, -0.019862793, 0.99978697, 0.069427468;
 -0.012136565, -0.99973041, -0.019793583, -0.013092243;
 0, 0, 0, 1]
Ow:
[0.057603605;
 -0.01240891;
 -0.070011944]
Keyframe: 21 Frame: 55 Frame from vFrameID : 56
Tcw:
[0.99988937, 0.0062971506, -0.013477214, 0.05784506;
 -0.013360485, -0.018225022, -0.99974465, -0.012216695;
 -0.0065411655, 0.99981409, -0.018138872, -0.069997065;
 0, 0, 0, 1]
Twc:
[0.99988937, -0.013360485, -0.0065411655, -0.05845974;
 0.0062971506, -0.018225022, 0.99981409, 0.069397144;
 -0.013477214, -0.99974465, -0.018138872, -0.012703652;
 0, 0, 0, 1]
Ow:
[0.05784506;
 -0.012216695;
 -0.069997065]
Keyframe: 22 Frame: 56 Frame from vFrameID : 57
Tcw:
[0.99987787, 0.0062570777, -0.014319588, 0.057797812;
 -0.01421345, -0.016690247, -0.99975967, -0.012256094;
 -0.0064945715, 0.99984115, -0.016599273, -0.0700498;
 0, 0, 0, 1]
Twc:
[0.99987787, -0.01421345, -0.0064945715, -0.058419898;
 0.0062570777, -0.016690247, 0.99984115, 0.069472462;
 -0.014319588, -0.99975967, -0.016599273, -0.012588283;
 0, 0, 0, 1]
Ow:
[0.057797812;
 -0.012256094;
 -0.0700498]
Keyframe: 23 Frame: 57 Frame from vFrameID : 58
Tcw:
[0.99988204, 0.0064798915, -0.013926189, 0.057356719;
 -0.013814875, -0.016917367, -0.99976146, -0.012045676;
 -0.0067139398, 0.99983591, -0.016825853, -0.070032217;
 0, 0, 0, 1]
Twc:
[0.99988204, -0.013814875, -0.0067139398, -0.05798655;
 0.0064798915, -0.016917367, 0.99983591, 0.069445275;
 -0.013926189, -0.99976146, -0.016825853, -0.012422394;
 0, 0, 0, 1]
Ow:
[0.057356719;
 -0.012045676;
 -0.070032217]
Keyframe: 24 Frame: 58 Frame from vFrameID : 59
Tcw:
[0.99987787, 0.0065371199, -0.014193603, 0.057767864;
 -0.014064894, -0.019331018, -0.9997142, -0.012215976;
 -0.0068096286, 0.99979174, -0.019236712, -0.070028745;
 0, 0, 0, 1]
Twc:
[0.99987787, -0.014064894, -0.0068096286, -0.058409497;
 0.0065371199, -0.019331018, 0.99979174, 0.069400378;
 -0.014193603, -0.9997142, -0.019236712, -0.012739673;
 0, 0, 0, 1]
Ow:
[0.057767864;
 -0.012215976;
 -0.070028745]
Keyframe: 25 Frame: 59 Frame from vFrameID : 60
Tcw:
[0.99983257, 0.0083728237, -0.016270874, 0.057890885;
 -0.016090007, -0.021233732, -0.99964505, -0.012140298;
 -0.0087153437, 0.99973947, -0.021095457, -0.070053704;
 0, 0, 0, 1]
Twc:
[0.99983257, -0.016090007, -0.0087153437, -0.058687072;
 0.0083728237, -0.021233732, 0.99973947, 0.069292963;
 -0.016270874, -0.99964505, -0.021095457, -0.012671869;
 0, 0, 0, 1]
Ow:
[0.057890885;
 -0.012140298;
 -0.070053704]
Keyframe: 26 Frame: 60 Frame from vFrameID : 61
Tcw:
[0.99985272, 0.0078856293, -0.015243483, 0.057766136;
 -0.015059023, -0.022944968, -0.9996233, -0.012288836;
 -0.0082324203, 0.99970561, -0.022822838, -0.069826543;
 0, 0, 0, 1]
Twc:
[0.99985272, -0.015059023, -0.0082324203, -0.058517527;
 0.0078856293, -0.022944968, 0.99970561, 0.069068499;
 -0.015243483, -0.9996233, -0.022822838, -0.012997289;
 0, 0, 0, 1]
Ow:
[0.057766136;
 -0.012288836;
 -0.069826543]
Keyframe: 27 Frame: 61 Frame from vFrameID : 62
Tcw:
[0.99985194, 0.0078721624, -0.015302072, 0.057780813;
 -0.015117848, -0.022952082, -0.99962223, -0.012292444;
 -0.0082204025, 0.99970555, -0.022829672, -0.069838487;
 0, 0, 0, 1]
Twc:
[0.99985194, -0.015117848, -0.0082204025, -0.058532193;
 0.0078721624, -0.022952082, 0.99970555, 0.069080926;
 -0.015302072, -0.99962223, -0.022829672, -0.012998024;
 0, 0, 0, 1]
Ow:
[0.057780813;
 -0.012292444;
 -0.069838487]
Keyframe: 28 Frame: 62 Frame from vFrameID : 63
Tcw:
[0.99980909, 0.0083718421, -0.01765462, 0.057854198;
 -0.017472623, -0.021335647, -0.99961966, -0.011967868;
 -0.0087453313, 0.99973732, -0.021185296, -0.069987185;
 0, 0, 0, 1]
Twc:
[0.99980909, -0.017472623, -0.0087453313, -0.058664326;
 0.0083718421, -0.021335647, 0.99973732, 0.069229111;
 -0.01765462, -0.99961966, -0.021185296, -0.012424621;
 0, 0, 0, 1]
Ow:
[0.057854198;
 -0.011967868;
 -0.069987185]
Keyframe: 29 Frame: 63 Frame from vFrameID : 64
Tcw:
[0.99975652, 0.0091583868, -0.020076092, 0.057882316;
 -0.01988212, -0.020800585, -0.99958593, -0.011937894;
 -0.0095721893, 0.99974167, -0.020613432, -0.069973484;
 0, 0, 0, 1]
Twc:
[0.99975652, -0.01988212, -0.0095721893, -0.058775373;
 0.0091583868, -0.020800585, 0.99974167, 0.069176994;
 -0.020076092, -0.99958593, -0.020613432, -0.012213293;
 0, 0, 0, 1]
Ow:
[0.057882316;
 -0.011937894;
 -0.069973484]
Keyframe: 30 Frame: 64 Frame from vFrameID : 65
Tcw:
[0.99971199, 0.011461831, -0.021085709, 0.057876971;
 -0.020849427, -0.020357305, -0.99957538, -0.01196471;
 -0.011886211, 0.99972707, -0.02011247, -0.069973178;
 0, 0, 0, 1]
Twc:
[0.99971199, -0.020849427, -0.011886211, -0.058941476;
 0.011461831, -0.020357305, 0.99972707, 0.069047131;
 -0.021085709, -0.99957538, -0.02011247, -0.012146586;
 0, 0, 0, 1]
Ow:
[0.057876971;
 -0.01196471;
 -0.069973178]
Keyframe: 31 Frame: 66 Frame from vFrameID : 67
Tcw:
[0.99972689, 0.0098837605, -0.021177873, 0.057915591;
 -0.02097558, -0.020140734, -0.99957711, -0.012122146;
 -0.010306118, 0.99974829, -0.019927915, -0.070023537;
 0, 0, 0, 1]
Twc:
[0.99972689, -0.02097558, -0.010306118, -0.05887571;
 0.0098837605, -0.020140734, 0.99974829, 0.069189332;
 -0.021177873, -0.99957711, -0.019927915, -0.012285913;
 0, 0, 0, 1]
Ow:
[0.057915591;
 -0.012122146;
 -0.070023537]
Keyframe: 32 Frame: 68 Frame from vFrameID : 69
Tcw:
[0.99972516, 0.010457992, -0.020982267, 0.057820059;
 -0.02076338, -0.020616729, -0.9995718, -0.011777548;
 -0.010886099, 0.99973273, -0.020393919, -0.069973081;
 0, 0, 0, 1]
Twc:
[0.99972516, -0.02076338, -0.010886099, -0.058810443;
 0.010457992, -0.020616729, 0.99973273, 0.069106892;
 -0.020982267, -0.9995718, -0.020393919, -0.011986335;
 0, 0, 0, 1]
Ow:
[0.057820059;
 -0.011777548;
 -0.069973081]
Keyframe: 33 Frame: 70 Frame from vFrameID : 71
Tcw:
[0.99960506, 0.01321785, -0.024800001, 0.057791803;
 -0.02444396, -0.026449494, -0.99935126, -0.011913251;
 -0.013865222, 0.99956274, -0.026115952, -0.069875553;
 0, 0, 0, 1]
Twc:
[0.99960506, -0.02444396, -0.013865222, -0.059029024;
 0.01321785, -0.026449494, 0.99956274, 0.06876602;
 -0.024800001, -0.99935126, -0.026115952, -0.012297153;
 0, 0, 0, 1]
Ow:
[0.057791803;
 -0.011913251;
 -0.069875553]
Keyframe: 34 Frame: 71 Frame from vFrameID : 72
Tcw:
[0.99960506, 0.013216063, -0.024800541, 0.057791837;
 -0.024444547, -0.026449509, -0.99935126, -0.011913309;
 -0.013863452, 0.9995628, -0.026116, -0.069875561;
 0, 0, 0, 1]
Twc:
[0.99960506, -0.024444547, -0.013863452, -0.059028946;
 0.013216063, -0.026449509, 0.9995628, 0.068766132;
 -0.024800541, -0.99935126, -0.026116, -0.012297181;
 0, 0, 0, 1]
Ow:
[0.057791837;
 -0.011913309;
 -0.069875561]
Keyframe: 35 Frame: 73 Frame from vFrameID : 74
Tcw:
[0.99962044, 0.012121835, -0.024739847, 0.05747341;
 -0.024429346, -0.025126327, -0.99938577, -0.010733842;
 -0.01273601, 0.99961078, -0.024820661, -0.070241317;
 0, 0, 0, 1]
Twc:
[0.99962044, -0.024429346, -0.01273601, -0.058608409;
 0.012121835, -0.025126327, 0.99961078, 0.069247589;
 -0.024739847, -0.99938577, -0.024820661, -0.011048801;
 0, 0, 0, 1]
Ow:
[0.05747341;
 -0.010733842;
 -0.070241317]
Keyframe: 36 Frame: 75 Frame from vFrameID : 76
Tcw:
[0.99962944, 0.013404383, -0.023692459, 0.057582892;
 -0.023359563, -0.024468986, -0.99942762, -0.011282433;
 -0.013976442, 0.99961072, -0.024146797, -0.070165314;
 0, 0, 0, 1]
Twc:
[0.99962944, -0.023359563, -0.013976442, -0.058805771;
 0.013404383, -0.024468986, 0.99961072, 0.069090068;
 -0.023692459, -0.99942762, -0.024146797, -0.011605963;
 0, 0, 0, 1]
Ow:
[0.057582892;
 -0.011282433;
 -0.070165314]
Keyframe: 37 Frame: 77 Frame from vFrameID : 78
Tcw:
[0.99967033, 0.012592337, -0.022374876, 0.057378225;
 -0.022088077, -0.022471666, -0.99950343, -0.010643412;
 -0.013088885, 0.99966818, -0.022186117, -0.07005173;
 0, 0, 0, 1]
Twc:
[0.99967033, -0.022088077, -0.013088885, -0.058511306;
 0.012592337, -0.022471666, 0.99966818, 0.069066785;
 -0.022374876, -0.99950343, -0.022186117, -0.010908472;
 0, 0, 0, 1]
Ow:
[0.057378225;
 -0.010643412;
 -0.07005173]
Keyframe: 38 Frame: 79 Frame from vFrameID : 80
Tcw:
[0.99963737, 0.013675918, -0.023197776, 0.057411414;
 -0.022889683, -0.022269852, -0.9994899, -0.010626897;
 -0.014185553, 0.99965847, -0.021948738, -0.070136316;
 0, 0, 0, 1]
Twc:
[0.99963737, -0.022889683, -0.014185553, -0.05862876;
 0.013675918, -0.022269852, 0.99965847, 0.069090553;
 -0.023197776, -0.9994899, -0.021948738, -0.010829064;
 0, 0, 0, 1]
Ow:
[0.057411414;
 -0.010626897;
 -0.070136316]
Keyframe: 39 Frame: 81 Frame from vFrameID : 82
Tcw:
[0.99964797, 0.012658984, -0.023316419, 0.05765212;
 -0.023004711, -0.02423466, -0.99944156, -0.012105438;
 -0.013216981, 0.99962616, -0.023934912, -0.070062578;
 0, 0, 0, 1]
Twc:
[0.99964797, -0.023004711, -0.013216981, -0.058836322;
 0.012658984, -0.02423466, 0.99962616, 0.069013193;
 -0.023316419, -0.99944156, -0.023934912, -0.012431378;
 0, 0, 0, 1]
Ow:
[0.05765212;
 -0.012105438;
 -0.070062578]
Keyframe: 40 Frame: 83 Frame from vFrameID : 84
Tcw:
[0.99964589, 0.0094589833, -0.024872262, 0.057263054;
 -0.024684064, -0.019518025, -0.99950475, -0.01122885;
 -0.0099397562, 0.99976474, -0.019277627, -0.070384167;
 0, 0, 0, 1]
Twc:
[0.99964589, -0.024684064, -0.0099397562, -0.058219548;
 0.0094589833, -0.019518025, 0.99976474, 0.069606796;
 -0.024872262, -0.99950475, -0.019277627, -0.011155867;
 0, 0, 0, 1]
Ow:
[0.057263054;
 -0.01122885;
 -0.070384167]
Keyframe: 41 Frame: 85 Frame from vFrameID : 86
Tcw:
[0.99964184, 0.0075897202, -0.025663495, 0.057412177;
 -0.025525123, -0.017798603, -0.99951571, -0.011753611;
 -0.0080428189, 0.99981278, -0.017598499, -0.069756709;
 0, 0, 0, 1]
Twc:
[0.99964184, -0.025525123, -0.0080428189, -0.058252666;
 0.0075897202, -0.017798603, 0.99981278, 0.069098711;
 -0.025663495, -0.99951571, -0.017598499, -0.011502136;
 0, 0, 0, 1]
Ow:
[0.057412177;
 -0.011753611;
 -0.069756709]
Keyframe: 42 Frame: 87 Frame from vFrameID : 88
Tcw:
[0.9996894, 0.009288229, -0.023127586, 0.0570109;
 -0.022974208, -0.01629374, -0.99960327, -0.011039269;
 -0.0096613793, 0.99982411, -0.016075289, -0.069878072;
 0, 0, 0, 1]
Twc:
[0.9996894, -0.022974208, -0.0096613793, -0.057921927;
 0.009288229, -0.01629374, 0.99982411, 0.069156379;
 -0.023127586, -0.99960327, -0.016075289, -0.010839676;
 0, 0, 0, 1]
Ow:
[0.0570109;
 -0.011039269;
 -0.069878072]
Keyframe: 43 Frame: 89 Frame from vFrameID : 90
Tcw:
[0.99986619, -0.010506667, -0.012537957, 0.047611073;
 -0.012856033, -0.030773785, -0.99944371, -0.016608356;
 0.010114982, 0.99947113, -0.030904742, -0.063700803;
 0, 0, 0, 1]
Twc:
[0.99986619, -0.012856033, 0.010114982, -0.047173884;
 -0.010506667, -0.030773785, 0.99947113, 0.063656256;
 -0.012537957, -0.99944371, -0.030904742, -0.017970826;
 0, 0, 0, 1]
Ow:
[0.047611073;
 -0.016608356;
 -0.063700803]
Keyframe: 44 Frame: 100 Frame from vFrameID : 101
Tcw:
[0.9976905, -0.061662965, -0.028484086, 0.039546061;
 -0.031279549, -0.044854216, -0.99850374, -0.0196421;
 0.060293067, 0.99708867, -0.046679415, -0.063773789;
 0, 0, 0, 1]
Twc:
[0.9976905, -0.031279549, 0.060293067, -0.036224008;
 -0.061662965, -0.044854216, 0.99708867, 0.065145619;
 -0.028484086, -0.99850374, -0.046679415, -0.021463199;
 0, 0, 0, 1]
Ow:
[0.039546061;
 -0.0196421;
 -0.063773789]
Keyframe: 45 Frame: 108 Frame from vFrameID : 109
Tcw:
[0.99699843, -0.062323213, -0.04593442, 0.040089443;
 -0.048523866, -0.040691026, -0.99799281, -0.019997068;
 0.060328998, 0.99722618, -0.043593053, -0.064950928;
 0, 0, 0, 1]
Twc:
[0.99699843, -0.048523866, 0.060328998, -0.037021022;
 -0.062323213, -0.040691026, 0.99722618, 0.066455565;
 -0.04593442, -0.99799281, -0.043593053, -0.020946853;
 0, 0, 0, 1]
Ow:
[0.040089443;
 -0.019997068;
 -0.064950928]
Keyframe: 46 Frame: 116 Frame from vFrameID : 118
Tcw:
[0.99857664, -0.044512797, -0.029381871, 0.041849568;
 -0.031666841, -0.051528662, -0.9981693, -0.020365072;
 0.0429173, 0.997679, -0.052864898, -0.064776681;
 0, 0, 0, 1]
Twc:
[0.99857664, -0.031666841, 0.0429173, -0.039654858;
 -0.044512797, -0.051528662, 0.997679, 0.06543979;
 -0.029381871, -0.9981693, -0.052864898, -0.022522585;
 0, 0, 0, 1]
Ow:
[0.041849568;
 -0.020365072;
 -0.064776681]
Keyframe: 47 Frame: 123 Frame from vFrameID : 125
Tcw:
[0.997913, -0.031820312, -0.05618817, 0.046350412;
 -0.057415608, -0.039071843, -0.99758548, -0.019588772;
 0.029548109, 0.99872965, -0.040817283, -0.064137124;
 0, 0, 0, 1]
Twc:
[0.997913, -0.057415608, 0.029548109, -0.04548325;
 -0.031820312, -0.039071843, 0.99872965, 0.064765163;
 -0.05618817, -0.99758548, -0.040817283, -0.019555034;
 0, 0, 0, 1]
Ow:
[0.046350412;
 -0.019588772;
 -0.064137124]
Keyframe: 48 Frame: 131 Frame from vFrameID : 132
Tcw:
[0.99689794, -0.0061992058, -0.078460373, 0.053286519;
 -0.078555949, -0.017071709, -0.99676353, -0.018536456;
 0.0048396895, 0.99983507, -0.017505737, -0.066230565;
 0, 0, 0, 1]
Twc:
[0.99689794, -0.078555949, 0.0048396895, -0.054256838;
 -0.0061992058, -0.017071709, 0.99983507, 0.066233523;
 -0.078460373, -0.99676353, -0.017505737, -0.015454998;
 0, 0, 0, 1]
Ow:
[0.053286519;
 -0.018536456;
 -0.066230565]
Keyframe: 49 Frame: 141 Frame from vFrameID : 142
Tcw:
[0.99824393, -0.00013510605, -0.059236828, 0.054077324;
 -0.059229478, -0.018192884, -0.99807858, -0.019183949;
 -0.00094284234, 0.99983448, -0.018168939, -0.065844074;
 0, 0, 0, 1]
Twc:
[0.99824393, -0.059229478, -0.00094284234, -0.055180699;
 -0.00013510605, -0.018192884, 0.99983448, 0.065491468;
 -0.059236828, -0.99807858, -0.018168939, -0.017140036;
 0, 0, 0, 1]
Ow:
[0.054077324;
 -0.019183949;
 -0.065844074]
Keyframe: 50 Frame: 150 Frame from vFrameID : 152
Tcw:
[0.99957317, -0.021556422, -0.019716868, 0.04684728;
 -0.020545004, -0.038895689, -0.99903202, -0.018715883;
 0.020768655, 0.99901074, -0.039321963, -0.065772668;
 0, 0, 0, 1]
Twc:
[0.99957317, -0.020545004, 0.020768655, -0.045845795;
 -0.021556422, -0.038895689, 0.99901074, 0.065989494;
 -0.019716868, -0.99903202, -0.039321963, -0.020360395;
 0, 0, 0, 1]
Ow:
[0.04684728;
 -0.018715883;
 -0.065772668]
Keyframe: 51 Frame: 159 Frame from vFrameID : 161
Tcw:
[0.99874568, -0.047782559, -0.014964186, 0.039346408;
 -0.016635105, -0.034765206, -0.99925703, -0.01845568;
 0.047226824, 0.99825257, -0.035516467, -0.064260535;
 0, 0, 0, 1]
Twc:
[0.99874568, -0.016635105, 0.047226824, -0.036569245;
 -0.047782559, -0.034765206, 0.99825257, 0.065386705;
 -0.014964186, -0.99925703, -0.035516467, -0.02013549;
 0, 0, 0, 1]
Ow:
[0.039346408;
 -0.01845568;
 -0.064260535]
Keyframe: 52 Frame: 167 Frame from vFrameID : 169
Tcw:
[0.99709278, -0.065216646, -0.039404891, 0.039796971;
 -0.041602828, -0.032693937, -0.99859917, -0.017240293;
 0.063836984, 0.99733537, -0.035312086, -0.063710384;
 0, 0, 0, 1]
Twc:
[0.99709278, -0.041602828, 0.063836984, -0.036331438;
 -0.065216646, -0.032693937, 0.99733537, 0.065572396;
 -0.039404891, -0.99859917, -0.035312086, -0.017897693;
 0, 0, 0, 1]
Ow:
[0.039796971;
 -0.017240293;
 -0.063710384]
Keyframe: 53 Frame: 174 Frame from vFrameID : 176
Tcw:
[0.99725121, -0.057363328, -0.046898834, 0.044747975;
 -0.048065621, -0.019131813, -0.99866092, -0.014179779;
 0.056389254, 0.99817002, -0.021836428, -0.065167464;
 0, 0, 0, 1]
Twc:
[0.99725121, -0.048065621, 0.056389254, -0.041631784;
 -0.057363328, -0.019131813, 0.99817002, 0.067343824;
 -0.046898834, -0.99866092, -0.021836428, -0.013485189;
 0, 0, 0, 1]
Ow:
[0.044747975;
 -0.014179779;
 -0.065167464]
Keyframe: 54 Frame: 184 Frame from vFrameID : 185
Tcw:
[0.99421167, -0.06095361, -0.088475093, 0.079620227;
 -0.09260802, -0.06869112, -0.99333042, -0.023352087;
 0.054469619, 0.99577415, -0.073938303, -0.019458123;
 0, 0, 0, 1]
Twc:
[0.99421167, -0.09260802, 0.054469619, -0.080262065;
 -0.06095361, -0.06869112, 0.99577415, 0.022624955;
 -0.088475093, -0.99333042, -0.073938303, -0.017590631;
 0, 0, 0, 1]
Ow:
[0.079620227;
 -0.023352087;
 -0.019458123]
Keyframe: 55 Frame: 194 Frame from vFrameID : 195
Tcw:
[0.99994791, -0.0095845526, 0.0035147069, 0.08509668;
 0.0031098034, -0.041937914, -0.99911541, -0.077143274;
 0.0097234733, 0.99907422, -0.041905921, 0.029128674;
 0, 0, 0, 1]
Twc:
[0.99994791, 0.0031098034, 0.0097234733, -0.085135579;
 -0.0095845526, -0.041937914, 0.99907422, -0.031521324;
 0.0035147069, -0.99911541, -0.041905921, -0.076153457;
 0, 0, 0, 1]
Ow:
[0.08509668;
 -0.077143274;
 0.029128674]
Keyframe: 56 Frame: 204 Frame from vFrameID : 205
Tcw:
[0.99991786, -0.0032672572, -0.012393977, 0.11937255;
 -0.012554223, -0.054711286, -0.99842328, -0.13685817;
 0.0025840153, 0.99849689, -0.054747812, 0.12176881;
 0, 0, 0, 1]
Twc:
[0.99991786, -0.012554223, 0.0025840153, -0.12139554;
 -0.0032672572, -0.054711286, 0.99849689, -0.12868345;
 -0.012393977, -0.99842328, -0.054747812, -0.1284963;
 0, 0, 0, 1]
Ow:
[0.11937255;
 -0.13685817;
 0.12176881]
Keyframe: 57 Frame: 214 Frame from vFrameID : 215
Tcw:
[0.99789816, -0.029751057, -0.057568267, 0.16739698;
 -0.058850121, -0.044174295, -0.997289, -0.22712639;
 0.027127363, 0.99858075, -0.045832302, 0.22349317;
 0, 0, 0, 1]
Twc:
[0.99789816, -0.058850121, 0.027127363, -0.18647435;
 -0.029751057, -0.044174295, 0.99858075, -0.22822888;
 -0.057568267, -0.997289, -0.045832302, -0.20663068;
 0, 0, 0, 1]
Ow:
[0.16739698;
 -0.22712639;
 0.22349317]
Keyframe: 58 Frame: 224 Frame from vFrameID : 225
Tcw:
[0.99809134, -0.032772843, -0.052340958, 0.21783951;
 -0.054816652, -0.07985834, -0.99529785, -0.27183393;
 0.028438875, 0.99626732, -0.081502415, 0.33992729;
 0, 0, 0, 1]
Twc:
[0.99809134, -0.054816652, 0.028438875, -0.24199191;
 -0.032772843, -0.07985834, 0.99626732, -0.35322744;
 -0.052340958, -0.99529785, -0.081502415, -0.23144889;
 0, 0, 0, 1]
Ow:
[0.21783951;
 -0.27183393;
 0.33992729]
Keyframe: 59 Frame: 233 Frame from vFrameID : 234
Tcw:
[0.9999972, 0.0013620936, 0.0019348538, 0.24871993;
 0.0019914235, -0.042833816, -0.99908024, -0.34505913;
 -0.0012779636, 0.99908125, -0.042836409, 0.41267014;
 0, 0, 0, 1]
Twc:
[0.9999972, 0.0019914235, -0.0012779636, -0.24750471;
 0.0013620936, -0.042833816, 0.99908125, -0.42740998;
 0.0019348538, -0.99908024, -0.042836409, -0.32754567;
 0, 0, 0, 1]
Ow:
[0.24871993;
 -0.34505913;
 0.41267014]
Keyframe: 60 Frame: 242 Frame from vFrameID : 243
Tcw:
[0.99912441, -0.022540594, -0.035247508, 0.3118301;
 -0.037254661, -0.095896289, -0.99469393, -0.46988988;
 0.019040886, 0.99513608, -0.096652061, 0.54699135;
 0, 0, 0, 1]
Twc:
[0.99912441, -0.037254661, 0.019040886, -0.33947784;
 -0.022540594, -0.095896289, 0.99513608, -0.58236271;
 -0.035247508, -0.99469393, -0.096652061, -0.40353754;
 0, 0, 0, 1]
Ow:
[0.3118301;
 -0.46988988;
 0.54699135]
Keyframe: 61 Frame: 251 Frame from vFrameID : 252
Tcw:
[0.99509269, -0.078768328, -0.059883639, 0.2635656;
 -0.064299762, -0.054775804, -0.99642617, -0.51074213;
 0.075206652, 0.99538696, -0.059571788, 0.77596807;
 0, 0, 0, 1]
Twc:
[0.99509269, -0.064299762, 0.075206652, -0.35347074;
 -0.078768328, -0.054775804, 0.99538696, -0.77960414;
 -0.059883639, -0.99642617, -0.059571788, -0.44690779;
 0, 0, 0, 1]
Ow:
[0.2635656;
 -0.51074213;
 0.77596807]
Keyframe: 62 Frame: 258 Frame from vFrameID : 259
Tcw:
[0.99547958, -0.076037429, -0.05690955, 0.34144372;
 -0.061047185, -0.053246189, -0.99671364, -0.57769108;
 0.072757326, 0.99568224, -0.057647362, 0.84748709;
 0, 0, 0, 1]
Twc:
[0.99547958, -0.061047185, 0.072757326, -0.43682757;
 -0.076037429, -0.053246189, 0.99568224, -0.84862518;
 -0.05690955, -0.99671364, -0.057647362, -0.50750577;
 0, 0, 0, 1]
Ow:
[0.34144372;
 -0.57769108;
 0.84748709]
Keyframe: 63 Frame: 265 Frame from vFrameID : 266
Tcw:
[0.99838197, -0.03104909, -0.047638144, 0.40338716;
 -0.048609912, -0.031332519, -0.9983263, -0.71683246;
 0.029504498, 0.99902666, -0.032791115, 0.87954247;
 0, 0, 0, 1]
Twc:
[0.99838197, -0.048609912, 0.029504498, -0.46353009;
 -0.03104909, -0.031332519, 0.99902666, -0.88862169;
 -0.047638144, -0.9983263, -0.032791115, -0.66757488;
 0, 0, 0, 1]
Ow:
[0.40338716;
 -0.71683246;
 0.87954247]
Keyframe: 64 Frame: 273 Frame from vFrameID : 274
Tcw:
[0.99802011, -0.059933536, -0.019074634, 0.45867205;
 -0.022242377, -0.052639592, -0.99836582, -0.76906788;
 0.058831513, 0.99681342, -0.053868435, 1.0830013;
 0, 0, 0, 1]
Twc:
[0.99802011, -0.022242377, 0.058831513, -0.53858441;
 -0.059933536, -0.052639592, 0.99681342, -1.0925438;
 -0.019074634, -0.99836582, -0.053868435, -0.70072252;
 0, 0, 0, 1]
Ow:
[0.45867205;
 -0.76906788;
 1.0830013]
Keyframe: 65 Frame: 279 Frame from vFrameID : 280
Tcw:
[0.99372256, -0.089474171, -0.067155048, 0.53702927;
 -0.074496247, -0.081405155, -0.99389309, -0.87503302;
 0.083460994, 0.99265683, -0.087559626, 1.1983075;
 0, 0, 0, 1]
Twc:
[0.99372256, -0.074496247, 0.083460994, -0.69885671;
 -0.089474171, -0.081405155, 0.99265683, -1.21269;
 -0.067155048, -0.99389309, -0.087559626, -0.72870177;
 0, 0, 0, 1]
Ow:
[0.53702927;
 -0.87503302;
 1.1983075]
Keyframe: 66 Frame: 285 Frame from vFrameID : 286
Tcw:
[0.99127108, -0.087015018, -0.099045426, 0.58958912;
 -0.10287768, -0.040709309, -0.9938606, -0.95465344;
 0.082448728, 0.99537486, -0.049305864, 1.2710292;
 0, 0, 0, 1]
Twc:
[0.99127108, -0.10287768, 0.082448728, -0.78745002;
 -0.087015018, -0.040709309, 0.99537486, -1.2527107;
 -0.099045426, -0.9938606, -0.049305864, -0.8277272;
 0, 0, 0, 1]
Ow:
[0.58958912;
 -0.95465344;
 1.2710292]
Keyframe: 67 Frame: 294 Frame from vFrameID : 295
Tcw:
[0.99595904, -0.067967601, -0.058702886, 0.56294447;
 -0.062261172, -0.051473815, -0.99673164, -0.98583841;
 0.064723797, 0.99635881, -0.055497549, 1.5325685;
 0, 0, 0, 1]
Twc:
[0.99595904, -0.062261172, 0.064723797, -0.72124273;
 -0.067967601, -0.051473815, 0.99635881, -1.5394709;
 -0.058702886, -0.99673164, -0.055497549, -0.86451614;
 0, 0, 0, 1]
Ow:
[0.56294447;
 -0.98583841;
 1.5325685]
Keyframe: 68 Frame: 301 Frame from vFrameID : 302
Tcw:
[0.99948901, -0.024557112, -0.020460192, 0.5712359;
 -0.020411557, 0.0022295956, -0.99978918, -1.0619873;
 0.024597552, 0.99969596, 0.0017272076, 1.5165626;
 0, 0, 0, 1]
Twc:
[0.99948901, -0.020411557, 0.024597552, -0.62992454;
 -0.024557112, 0.0022295956, 0.99969596, -1.4997058;
 -0.020460192, -0.99978918, 0.0017272076, -1.0526953;
 0, 0, 0, 1]
Ow:
[0.5712359;
 -1.0619873;
 1.5165626]
Keyframe: 69 Frame: 307 Frame from vFrameID : 308
Tcw:
[0.99858761, -0.052871358, -0.0052369102, 0.62609798;
 -0.0070120892, -0.033445973, -0.99941593, -1.1119378;
 0.052665323, 0.99804109, -0.033769473, 1.7469018;
 0, 0, 0, 1]
Twc:
[0.99858761, -0.0070120892, 0.052665323, -0.72501177;
 -0.052871358, -0.033445973, 0.99804109, -1.7475668;
 -0.0052369102, -0.99941593, -0.033769473, -1.0490175;
 0, 0, 0, 1]
Ow:
[0.62609798;
 -1.1119378;
 1.7469018]
Keyframe: 70 Frame: 312 Frame from vFrameID : 313
Tcw:
[0.99598122, -0.08154545, -0.037036702, 0.65153885;
 -0.042426791, -0.065390162, -0.99695742, -1.1935961;
 0.078875504, 0.99452221, -0.068587087, 1.9184048;
 0, 0, 0, 1]
Twc:
[0.99598122, -0.042426791, 0.078875504, -0.85087603;
 -0.08154545, -0.065390162, 0.99452221, -1.9328157;
 -0.037036702, -0.99695742, -0.068587087, -1.0342559;
 0, 0, 0, 1]
Ow:
[0.65153885;
 -1.1935961;
 1.9184048]
Keyframe: 71 Frame: 318 Frame from vFrameID : 319
Tcw:
[0.99625945, -0.076899923, -0.039414261, 0.64370382;
 -0.042701166, -0.041576672, -0.99822241, -1.2855754;
 0.07512451, 0.99617153, -0.044704869, 2.0439065;
 0, 0, 0, 1]
Twc:
[0.99625945, -0.042701166, 0.07512451, -0.84973902;
 -0.076899923, -0.041576672, 0.99617153, -2.0400305;
 -0.039414261, -0.99822241, -0.044704869, -1.1665465;
 0, 0, 0, 1]
Ow:
[0.64370382;
 -1.2855754;
 2.0439065]
Keyframe: 72 Frame: 322 Frame from vFrameID : 323
Tcw:
[0.99705881, -0.068268329, -0.034830011, 0.74271858;
 -0.035869703, -0.014062922, -0.9992575, -1.4643098;
 0.067727827, 0.99756789, -0.016470324, 1.9734713;
 0, 0, 0, 1]
Twc:
[0.99705881, -0.035869703, 0.067727827, -0.9267174;
 -0.068268329, -0.014062922, 0.99756789, -1.9385598;
 -0.034830011, -0.9992575, -0.016470324, -1.40485;
 0, 0, 0, 1]
Ow:
[0.74271858;
 -1.4643098;
 1.9734713]
Keyframe: 73 Frame: 327 Frame from vFrameID : 328
Tcw:
[0.99880576, -0.04610341, -0.016173163, 0.75814003;
 -0.016891308, -0.015229986, -0.99974132, -1.4917712;
 0.045845166, 0.99882054, -0.015990544, 1.9908811;
 0, 0, 0, 1]
Twc:
[0.99880576, -0.016891308, 0.045845166, -0.87370485;
 -0.04610341, -0.015229986, 0.99882054, -1.9762999;
 -0.016173163, -0.99974132, -0.015990544, -1.4472886;
 0, 0, 0, 1]
Ow:
[0.75814003;
 -1.4917712;
 1.9908811]
Keyframe: 74 Frame: 332 Frame from vFrameID : 333
Tcw:
[0.99964327, -0.024539717, 0.010542349, 0.75112301;
 0.011362681, 0.033532906, -0.99937302, -1.4967463;
 0.024170816, 0.99913633, 0.033799782, 2.0451677;
 0, 0, 0, 1]
Twc:
[0.99964327, 0.011362681, 0.024170816, -0.78328139;
 -0.024539717, 0.033532906, 0.99913633, -1.9747785;
 0.010542349, -0.99937302, 0.033799782, -1.5728526;
 0, 0, 0, 1]
Ow:
[0.75112301;
 -1.4967463;
 2.0451677]
Keyframe: 75 Frame: 337 Frame from vFrameID : 338
Tcw:
[0.99905616, -0.036467232, 0.023599355, 0.75312883;
 0.024475368, 0.023765123, -0.9994179, -1.5105867;
 0.035885166, 0.99905223, 0.02463524, 2.0725827;
 0, 0, 0, 1]
Twc:
[0.99905616, 0.024475368, 0.035885166, -0.78982085;
 -0.036467232, 0.023765123, 0.99905223, -2.0072544;
 0.023599355, -0.9994179, 0.02463524, -1.5785394;
 0, 0, 0, 1]
Ow:
[0.75312883;
 -1.5105867;
 2.0725827]
Keyframe: 76 Frame: 342 Frame from vFrameID : 343
Tcw:
[0.99851555, -0.048498858, -0.024790967, 0.8374294;
 -0.023817919, 0.020539442, -0.99950528, -1.6314614;
 0.048984054, 0.99861205, 0.019353809, 2.1122768;
 0, 0, 0, 1]
Twc:
[0.99851555, -0.023817919, 0.048984054, -0.97851217;
 -0.048498858, 0.020539442, 0.99861205, -2.0352213;
 -0.024790967, -0.99950528, 0.019353809, -1.6507742;
 0, 0, 0, 1]
Ow:
[0.8374294;
 -1.6314614;
 2.1122768]
Keyframe: 77 Frame: 348 Frame from vFrameID : 349
Tcw:
[0.99519658, -0.082326107, -0.052973226, 0.8968119;
 -0.051443264, 0.020597015, -0.99846351, -1.7703555;
 0.083290704, 0.99639261, 0.016262954, 2.1521199;
 0, 0, 0, 1]
Twc:
[0.99519658, -0.051443264, 0.083290704, -1.1628286;
 -0.082326107, 0.020597015, 0.99639261, -2.0340612;
 -0.052973226, -0.99846351, 0.016262954, -1.7551281;
 0, 0, 0, 1]
Ow:
[0.8968119;
 -1.7703555;
 2.1521199]
Keyframe: 78 Frame: 354 Frame from vFrameID : 355
Tcw:
[0.99255586, -0.094887733, -0.076348849, 0.76334268;
 -0.072768375, 0.040642846, -0.9965204, -1.5866771;
 0.097660594, 0.99465799, 0.033435468, 2.2927716;
 0, 0, 0, 1]
Twc:
[0.99255586, -0.072768375, 0.097660594, -1.0970336;
 -0.094887733, 0.040642846, 0.99465799, -2.1436045;
 -0.076348849, -0.9965204, 0.033435468, -1.5995357;
 0, 0, 0, 1]
Ow:
[0.76334268;
 -1.5866771;
 2.2927716]
Keyframe: 79 Frame: 361 Frame from vFrameID : 362
Tcw:
[0.99519408, -0.06557253, -0.072725855, 0.97979385;
 -0.071760528, 0.016961601, -0.99727768, -1.5712795;
 0.066627562, 0.99770361, 0.012174565, 2.6725249;
 0, 0, 0, 1]
Twc:
[0.99519408, -0.071760528, 0.066627562, -1.2659047;
 -0.06557253, 0.016961601, 0.99770361, -2.5754888;
 -0.072725855, -0.99727768, 0.012174565, -1.5282825;
 0, 0, 0, 1]
Ow:
[0.97979385;
 -1.5712795;
 2.6725249]
Keyframe: 80 Frame: 368 Frame from vFrameID : 369
Tcw:
[0.99848646, -0.054260854, -0.0089782281, 0.97242922;
 -0.0054228981, 0.065318406, -0.99784976, -1.7728612;
 0.05473062, 0.99638814, 0.064925291, 2.673619;
 0, 0, 0, 1]
Twc:
[0.99848646, -0.0054228981, 0.05473062, -1.1269002;
 -0.054260854, 0.065318406, 0.99638814, -2.4953966;
 -0.0089782281, -0.99784976, 0.064925291, -1.9339038;
 0, 0, 0, 1]
Ow:
[0.97242922;
 -1.7728612;
 2.673619]
Keyframe: 81 Frame: 375 Frame from vFrameID : 376
Tcw:
[0.99810922, -0.060917847, -0.0081819342, 0.92458034;
 -0.0036585978, 0.07399749, -0.99725169, -1.6196642;
 0.06135587, 0.99539608, 0.073634706, 2.6742089;
 0, 0, 0, 1]
Twc:
[0.99810922, -0.0036585978, 0.06135587, -1.0928363;
 -0.060917847, 0.07399749, 0.99539608, -2.4857225;
 -0.0081819342, -0.99725169, 0.073634706, -1.8045626;
 0, 0, 0, 1]
Ow:
[0.92458034;
 -1.6196642;
 2.6742089]
Keyframe: 82 Frame: 381 Frame from vFrameID : 382
Tcw:
[0.99670881, -0.079065345, -0.017896041, 0.90078199;
 -0.01018058, 0.096929535, -0.9952392, -1.8156055;
 0.080423586, 0.99214584, 0.095805585, 2.7183471;
 0, 0, 0, 1]
Twc:
[0.99670881, -0.01018058, 0.080423586, -1.1349204;
 -0.079065345, 0.096929535, 0.99214584, -2.4497905;
 -0.017896041, -0.9952392, 0.095805585, -2.0512741;
 0, 0, 0, 1]
Ow:
[0.90078199;
 -1.8156055;
 2.7183471]
Keyframe: 83 Frame: 387 Frame from vFrameID : 388
Tcw:
[0.99629807, -0.0609015, -0.060672875, 1.007427;
 -0.054720022, 0.095060848, -0.9939664, -1.7365109;
 0.066301659, 0.99360681, 0.091376401, 2.8360643;
 0, 0, 0, 1]
Twc:
[0.99629807, -0.054720022, 0.066301659, -1.2867552;
 -0.0609015, 0.095060848, 0.99360681, -2.5915046;
 -0.060672875, -0.9939664, 0.091376401, -1.9240592;
 0, 0, 0, 1]
Ow:
[1.007427;
 -1.7365109;
 2.8360643]
Keyframe: 84 Frame: 394 Frame from vFrameID : 395
Tcw:
[0.99711698, -0.066418596, -0.036692433, 1.0723488;
 -0.030065522, 0.098161042, -0.99471629, -1.9474851;
 0.069669425, 0.99295163, 0.095881127, 2.8805501;
 0, 0, 0, 1]
Twc:
[0.99711698, -0.030065522, 0.069669425, -1.3284956;
 -0.066418596, 0.098161042, 0.99295163, -2.5978558;
 -0.036692433, -0.99471629, 0.095881127, -2.1740384;
 0, 0, 0, 1]
Ow:
[1.0723488;
 -1.9474851;
 2.8805501]
Keyframe: 85 Frame: 400 Frame from vFrameID : 401
Tcw:
[0.99734378, -0.070576251, -0.018009063, 1.1035221;
 -0.010030851, 0.11180849, -0.99367917, -1.9924242;
 0.072143711, 0.99122041, 0.11080357, 3.0211821;
 0, 0, 0, 1]
Twc:
[0.99734378, -0.010030851, 0.072143711, -1.3385359;
 -0.070576251, 0.11180849, 0.99122041, -2.694005;
 -0.018009063, -0.99367917, 0.11080357, -2.2947147;
 0, 0, 0, 1]
Ow:
[1.1035221;
 -1.9924242;
 3.0211821]
Keyframe: 86 Frame: 407 Frame from vFrameID : 408
Tcw:
[0.99885195, -0.046032216, -0.01325793, 1.0578192;
 -0.008397595, 0.10421637, -0.99451917, -2.1076527;
 0.047161616, 0.99348879, 0.10371017, 3.09497;
 0, 0, 0, 1]
Twc:
[0.99885195, -0.008397595, 0.047161616, -1.2202679;
 -0.046032216, 0.10421637, 0.99348879, -2.8064725;
 -0.01325793, -0.99451917, 0.10371017, -2.4030564;
 0, 0, 0, 1]
Ow:
[1.0578192;
 -2.1076527;
 3.09497]
Keyframe: 87 Frame: 414 Frame from vFrameID : 415
Tcw:
[0.9977724, -0.035550725, -0.05644865, 1.2871472;
 -0.052678254, 0.099295042, -0.99366266, -2.0339539;
 0.040930498, 0.99442279, 0.097201101, 3.2862864;
 0, 0, 0, 1]
Twc:
[0.9977724, -0.052678254, 0.040930498, -1.5259342;
 -0.035550725, 0.099295042, 0.99442279, -3.0202372;
 -0.05644865, -0.99366266, 0.097201101, -2.267837;
 0, 0, 0, 1]
Ow:
[1.2871472;
 -2.0339539;
 3.2862864]
Keyframe: 88 Frame: 421 Frame from vFrameID : 422
Tcw:
[0.99073619, -0.135589, -0.0075767105, 0.89023393;
