Keyframe: 0 Frame: 0 Frame from vFrameID : 90
Tcw:
[0.9993934, 0.029767804, -0.01807403, 0.033948183;
 -0.016912246, -0.038828064, -0.99910277, -0.034334417;
 -0.030442875, 0.99880242, -0.038301069, -0.069270782;
 0, 0, 0, 1]
Twc:
[0.9993934, -0.016912246, -0.030442875, -0.036617067;
 0.029767804, -0.038828064, 0.99880242, 0.066844121;
 -0.01807403, -0.99910277, -0.038301069, -0.036343176;
 0, 0, 0, 1]
Ow:
[0.033948183;
 -0.034334417;
 -0.069270782]
Keyframe: 1 Frame: 120 Frame from vFrameID : 90
Tcw:
[0.99938273, 0.030025495, -0.018238449, -nan;
 -0.017068395, -0.038774218, -0.99910223, -nan;
 -0.03070572, 0.99879682, -0.038237799, -inf;
 0, 0, 0, 1]
Twc:
[0.99938273, -0.017068395, -0.03070572, -inf;
 0.030025495, -0.038774218, 0.99879682, inf;
 -0.018238449, -0.99910223, -0.038237799, -inf;
 0, 0, 0, 1]
Ow:
[-nan;
 -nan;
 -inf]
