Keyframe: 0 Frame: 0 Frame from vFrameID : 90
Tcw:
[0.99988252, -0.012892071, -0.0082883984, 0.022306083;
 -0.0082183434, 0.0054775011, -0.99995124, -0.038586453;
 0.012936842, 0.99990189, 0.0053709061, -0.092892639;
 0, 0, 0, 1]
Twc:
[0.99988252, -0.0082183434, 0.012936842, -0.021418843;
 -0.012892071, 0.0054775011, 0.99990189, 0.093382463;
 -0.0082883984, -0.99995124, 0.0053709061, -0.037900772;
 0, 0, 0, 1]
Ow:
[0.022306083;
 -0.038586453;
 -0.092892639]
Keyframe: 1 Frame: 93 Frame from vFrameID : 90
Tcw:
[0.99987894, -0.013261185, -0.0081358254, -nan;
 -0.0080654528, 0.0053515634, -0.99995315, -inf;
 0.013304103, 0.99989772, 0.0052439584, -nan;
 0, 0, 0, 1]
Twc:
[0.99987894, -0.0080654528, 0.013304103, -inf;
 -0.013261185, 0.0053515634, 0.99989772, inf;
 -0.0081358254, -0.99995315, 0.0052439584, -inf;
 0, 0, 0, 1]
Ow:
[-nan;
 -inf;
 -nan]
