Keyframe: 0 Frame: 0 Frame from vFrameID : 90
Tcw:
[0.99979609, -0.012848888, -0.015579727, 0.041678693;
 -0.015864605, -0.022375857, -0.99962378, -0.030979667;
 0.012495443, 0.99966705, -0.022575136, -0.0573304;
 0, 0, 0, 1]
Twc:
[0.99979609, -0.015864605, 0.012495443, -0.041445307;
 -0.012848888, -0.022375857, 0.99966705, 0.057153642;
 -0.015579727, -0.99962378, -0.022575136, -0.03161291;
 0, 0, 0, 1]
Ow:
[0.041678693;
 -0.030979667;
 -0.0573304]
Keyframe: 1 Frame: 141 Frame from vFrameID : 90
Tcw:
[0.999933, 0.0069558807, -0.0092537152, 0.041995671;
 -0.0090917731, -0.022963082, -0.99969494, -0.028141495;
 -0.0071662529, 0.99971211, -0.022898301, -0.058336079;
 0, 0, 0, 1]
Twc:
[0.999933, -0.0090917731, -0.0071662529, -0.042666763;
 0.0069558807, -0.022963082, 0.99971211, 0.057380952;
 -0.0092537152, -0.99969494, -0.022898301, -0.029080093;
 0, 0, 0, 1]
Ow:
[0.041995671;
 -0.028141495;
 -0.058336079]
Keyframe: 2 Frame: 145 Frame from vFrameID : 146
Tcw:
[0.99892408, 0.045095947, 0.010819425, 0.045206867;
 0.011928997, -0.024408631, -0.99963087, -0.025731612;
 -0.044815212, 0.99868441, -0.024920318, -0.059159353;
 0, 0, 0, 1]
Twc:
[0.99892408, 0.011928997, -0.044815212, -0.047502514;
 0.045095947, -0.024408631, 0.99868441, 0.056414805;
 0.010819425, -0.99963087, -0.024920318, -0.027685497;
 0, 0, 0, 1]
Ow:
[0.045206867;
 -0.025731612;
 -0.059159353]
Keyframe: 3 Frame: 147 Frame from vFrameID : 148
Tcw:
[0.99843568, 0.053286374, 0.016933076, 0.045570176;
 0.018268116, -0.024667498, -0.99952877, -0.024029639;
 -0.052843571, 0.99827456, -0.025602352, -0.059597764;
 0, 0, 0, 1]
Twc:
[0.99843568, 0.018268116, -0.052843571, -0.048209272;
 0.053286374, -0.024667498, 0.99827456, 0.056473911;
 0.016933076, -0.99952877, -0.025602352, -0.026315803;
 0, 0, 0, 1]
Ow:
[0.045570176;
 -0.024029639;
 -0.059597764]
Keyframe: 4 Frame: 148 Frame from vFrameID : 149
Tcw:
[0.99809933, 0.059727959, 0.015174116, 0.068294905;
 0.01646157, -0.021122584, -0.99964136, -0.018399768;
 -0.059386022, 0.9979912, -0.022065654, -0.067865528;
 0, 0, 0, 1]
Twc:
[0.99809933, 0.01646157, -0.059386022, -0.071892478;
 0.059727959, -0.021122584, 0.9979912, 0.063261434;
 0.015174116, -0.99964136, -0.022065654, -0.02092698;
 0, 0, 0, 1]
Ow:
[0.068294905;
 -0.018399768;
 -0.067865528]
Keyframe: 5 Frame: 149 Frame from vFrameID : 150
Tcw:
[0.99759984, 0.064620696, 0.024874648, 0.052646033;
 0.02633011, -0.021769911, -0.99941623, -0.020662455;
 -0.064041451, 0.99767244, -0.023419131, -0.06322372;
 0, 0, 0, 1]
Twc:
[0.99759984, 0.02633011, -0.064041451, -0.05602457;
 0.064620696, -0.021769911, 0.99767244, 0.059224717;
 0.024874648, -0.99941623, -0.023419131, -0.023440588;
 0, 0, 0, 1]
Ow:
[0.052646033;
 -0.020662455;
 -0.06322372]
Keyframe: 6 Frame: 150 Frame from vFrameID : 151
Tcw:
[0.99716598, 0.069418535, 0.029002311, 0.052813817;
 0.030519534, -0.020896085, -0.99931574, -0.020790946;
 -0.068765, 0.99736875, -0.022955485, -0.063206218;
 0, 0, 0, 1]
Twc:
[0.99716598, 0.030519534, -0.068765, -0.056375984;
 0.069418535, -0.020896085, 0.99736875, 0.058939204;
 0.029002311, -0.99931574, -0.022955485, -0.023759371;
 0, 0, 0, 1]
Ow:
[0.052813817;
 -0.020790946;
 -0.063206218]
Keyframe: 7 Frame: 155 Frame from vFrameID : 156
Tcw:
[0.99609077, 0.071415462, 0.051990144, 0.052720632;
 0.053338062, -0.017097523, -0.99843013, -0.020790029;
 -0.070414446, 0.99730009, -0.020839848, -0.063282222;
 0, 0, 0, 1]
Twc:
[0.99609077, 0.053338062, -0.070414446, -0.055861622;
 0.071415462, -0.017097523, 0.99730009, 0.058990847;
 0.051990144, -0.99843013, -0.020839848, -0.024817137;
 0, 0, 0, 1]
Ow:
[0.052720632;
 -0.020790029;
 -0.063282222]
Keyframe: 8 Frame: 159 Frame from vFrameID : 160
Tcw:
[0.99652243, 0.061197367, 0.056550547, 0.049960412;
 0.057724971, -0.01759463, -0.99817747, -0.018422846;
 -0.060090847, 0.99797058, -0.021066058, -0.059005983;
 0, 0, 0, 1]
Twc:
[0.99652243, 0.057724971, -0.060090847, -0.05226893;
 0.061197367, -0.01759463, 0.99797058, 0.055504646;
 0.056550547, -0.99817747, -0.021066058, -0.022457581;
 0, 0, 0, 1]
Ow:
[0.049960412;
 -0.018422846;
 -0.059005983]
Keyframe: 9 Frame: 163 Frame from vFrameID : 164
Tcw:
[0.9978227, 0.03829677, 0.053695142, 0.044008605;
 0.054142188, -0.010732506, -0.99847555, -0.018044271;
 -0.037662107, 0.99920875, -0.01278261, -0.059746385;
 0, 0, 0, 1]
Twc:
[0.9978227, 0.054142188, -0.037662107, -0.045186006;
 0.03829677, -0.010732506, 0.99920875, 0.057820063;
 0.053695142, -0.99847555, -0.01278261, -0.021143528;
 0, 0, 0, 1]
Ow:
[0.044008605;
 -0.018044271;
 -0.059746385]
Keyframe: 10 Frame: 166 Frame from vFrameID : 167
Tcw:
[0.99933243, 0.01339052, 0.033991601, 0.039622974;
 0.034089472, -0.0071498598, -0.99939322, -0.021125205;
 -0.01313936, 0.99988478, -0.0076015624, -0.058732353;
 0, 0, 0, 1]
Twc:
[0.99933243, 0.034089472, -0.01313936, -0.039648078;
 0.01339052, -0.0071498598, 0.99988478, 0.058043968;
 0.033991601, -0.99939322, -0.0076015624, -0.022905692;
 0, 0, 0, 1]
Ow:
[0.039622974;
 -0.021125205;
 -0.058732353]
Keyframe: 11 Frame: 169 Frame from vFrameID : 170
Tcw:
[0.99978554, 0.003712015, 0.02037321, 0.036856718;
 0.020395482, -0.0060643167, -0.99977362, -0.02433016;
 -0.003587625, 0.99997473, -0.0061387247, -0.057403021;
 0, 0, 0, 1]
Twc:
[0.99978554, 0.020395482, -0.003587625, -0.036558531;
 0.003712015, -0.0060643167, 0.99997473, 0.057117209;
 0.02037321, -0.99977362, -0.0061387247, -0.025427921;
 0, 0, 0, 1]
Ow:
[0.036856718;
 -0.02433016;
 -0.057403021]
Keyframe: 12 Frame: 172 Frame from vFrameID : 173
Tcw:
[0.99996388, -0.0068859598, -0.0049796854, 0.035678938;
 -0.0050325105, -0.0076754969, -0.99995786, -0.029069308;
 0.0068474482, 0.99994683, -0.0077098734, -0.057730101;
 0, 0, 0, 1]
Twc:
[0.99996388, -0.0050325105, 0.0068474482, -0.03542864;
 -0.0068859598, -0.0076754969, 0.99994683, 0.057749592;
 -0.0049796854, -0.99995786, -0.0077098734, -0.029335506;
 0, 0, 0, 1]
Ow:
[0.035678938;
 -0.029069308;
 -0.057730101]
Keyframe: 13 Frame: 176 Frame from vFrameID : 177
Tcw:
[0.99924082, -0.017033486, -0.035037078, 0.03610095;
 -0.035411775, -0.022217443, -0.99912584, -0.031032199;
 0.016240161, 0.99960804, -0.022803763, -0.058110565;
 0, 0, 0, 1]
Twc:
[0.99924082, -0.035411775, 0.016240161, -0.036228728;
 -0.017033486, -0.022217443, 0.99960804, 0.05801326;
 -0.035037078, -0.99912584, -0.022803763, -0.031065337;
 0, 0, 0, 1]
Ow:
[0.03610095;
 -0.031032199;
 -0.058110565]
Keyframe: 14 Frame: 180 Frame from vFrameID : 181
Tcw:
[0.99839103, -0.012871807, -0.055224113, 0.03723814;
 -0.055608936, -0.031750623, -0.99794769, -0.033420775;
 0.011091989, 0.99941295, -0.032415323, -0.057546183;
 0, 0, 0, 1]
Twc:
[0.99839103, -0.055608936, 0.011091989, -0.038398415;
 -0.012871807, -0.031750623, 0.99941295, 0.05693059;
 -0.055224113, -0.99794769, -0.032415323, -0.033161119;
 0, 0, 0, 1]
Ow:
[0.03723814;
 -0.033420775;
 -0.057546183]
Keyframe: 15 Frame: 185 Frame from vFrameID : 186
Tcw:
[0.99897408, -0.0098419711, -0.044203289, 0.038883451;
 -0.044321489, -0.012134105, -0.99894363, -0.035669457;
 0.0092952074, 0.99987793, -0.012557867, -0.057637174;
 0, 0, 0, 1]
Twc:
[0.99897408, -0.044321489, 0.0092952074, -0.039888732;
 -0.0098419711, -0.012134105, 0.99987793, 0.057580013;
 -0.044203289, -0.99894363, -0.012557867, -0.034636799;
 0, 0, 0, 1]
Ow:
[0.038883451;
 -0.035669457;
 -0.057637174]
Keyframe: 16 Frame: 190 Frame from vFrameID : 191
Tcw:
[0.99923134, 0.024241447, -0.030807767, 0.044247884;
 -0.030364538, -0.018444518, -0.99936873, -0.042384613;
 -0.024794377, 0.99953598, -0.017694259, -0.058685802;
 0, 0, 0, 1]
Twc:
[0.99923134, -0.030364538, -0.024794377, -0.046955939;
 0.024241447, -0.018444518, 0.99953598, 0.056804176;
 -0.030807767, -0.99936873, -0.017694259, -0.04203308;
 0, 0, 0, 1]
Ow:
[0.044247884;
 -0.042384613;
 -0.058685802]
Keyframe: 17 Frame: 196 Frame from vFrameID : 197
Tcw:
[0.99796587, 0.04581948, -0.044324908, 0.048988659;
 -0.042796023, -0.03382707, -0.99851102, -0.054296035;
 -0.047250636, 0.99837685, -0.031797372, -0.058095802;
 0, 0, 0, 1]
Twc:
[0.99796587, -0.042796023, -0.047250636, -0.053957727;
 0.04581948, -0.03382707, 0.99837685, 0.053920195;
 -0.044324908, -0.99851102, -0.031797372, -0.053891063;
 0, 0, 0, 1]
Ow:
[0.048988659;
 -0.054296035;
 -0.058095802]
Keyframe: 18 Frame: 205 Frame from vFrameID : 206
Tcw:
[0.99451309, 0.017802868, -0.10308619, 0.051375821;
 -0.10211127, -0.048980251, -0.99356639, -0.085067533;
 -0.02273752, 0.99864107, -0.046893626, -0.057812743;
 0, 0, 0, 1]
Twc:
[0.99451309, -0.10211127, -0.02273752, -0.061094794;
 0.017802868, -0.048980251, 0.99864107, 0.052652914;
 -0.10308619, -0.99356639, -0.046893626, -0.081935152;
 0, 0, 0, 1]
Ow:
[0.051375821;
 -0.085067533;
 -0.057812743]
Keyframe: 19 Frame: 215 Frame from vFrameID : 216
Tcw:
[0.99565506, 0.030653145, -0.087928452, 0.065270707;
 -0.085555062, -0.071639426, -0.99375457, -0.13859001;
 -0.036760848, 0.99695945, -0.068705626, -0.028379668;
 0, 0, 0, 1]
Twc:
[0.99565506, -0.085555062, -0.036760848, -0.077887438;
 0.030653145, -0.071639426, 0.99695945, 0.016364118;
 -0.087928452, -0.99375457, -0.068705626, -0.13393514;
 0, 0, 0, 1]
Ow:
[0.065270707;
 -0.13859001;
 -0.028379668]
Keyframe: 20 Frame: 224 Frame from vFrameID : 225
Tcw:
[0.99640775, 0.081129774, -0.024279892, 0.092871748;
 -0.017332038, -0.085271068, -0.99620706, -0.16134745;
 -0.082892425, 0.99304926, -0.083558612, -0.0049121268;
 0, 0, 0, 1]
Twc:
[0.99640775, -0.017332038, -0.082892425, -0.095741794;
 0.081129774, -0.085271068, 0.99304926, -0.01641495;
 -0.024279892, -0.99620706, -0.083558612, -0.15889099;
 0, 0, 0, 1]
Ow:
[0.092871748;
 -0.16134745;
 -0.0049121268]
Keyframe: 21 Frame: 235 Frame from vFrameID : 236
Tcw:
[0.99500686, 0.088888742, -0.045388985, 0.13296396;
 -0.03976851, -0.064012386, -0.99715638, -0.18686035;
 -0.091541439, 0.99398249, -0.060157787, 0.093639977;
 0, 0, 0, 1]
Twc:
[0.99500686, -0.03976851, -0.091541439, -0.13115926;
 0.088888742, -0.064012386, 0.99398249, -0.11685687;
 -0.045388985, -0.99715638, -0.060157787, -0.17466073;
 0, 0, 0, 1]
Ow:
[0.13296396;
 -0.18686035;
 0.093639977]
Keyframe: 22 Frame: 245 Frame from vFrameID : 246
Tcw:
[0.9941541, 0.025185481, -0.10499175, 0.18207648;
 -0.10223298, -0.093189083, -0.99038589, -0.25312281;
 -0.034727432, 0.99532986, -0.090069525, 0.13986206;
 0, 0, 0, 1]
Twc:
[0.9941541, -0.10223298, -0.034727432, -0.20203255;
 0.025185481, -0.093189083, 0.99532986, -0.16738285;
 -0.10499175, -0.99038589, -0.090069525, -0.21897542;
 0, 0, 0, 1]
Ow:
[0.18207648;
 -0.25312281;
 0.13986206]
Keyframe: 23 Frame: 256 Frame from vFrameID : 257
Tcw:
[0.98843914, 0.0035198233, -0.15157741, 0.2269896;
 -0.15035714, -0.10592031, -0.98294133, -0.29943395;
 -0.019514907, 0.99436837, -0.10416655, 0.18746433;
 0, 0, 0, 1]
Twc:
[0.98843914, -0.15035714, -0.019514907, -0.26572907;
 0.0035198233, -0.10592031, 0.99436837, -0.2189237;
 -0.15157741, -0.98294133, -0.10416655, -0.24039197;
 0, 0, 0, 1]
Ow:
[0.2269896;
 -0.29943395;
 0.18746433]
Keyframe: 24 Frame: 267 Frame from vFrameID : 268
Tcw:
[0.99346513, -0.0076314653, -0.11388075, 0.23893502;
 -0.11412436, -0.080770545, -0.99017763, -0.34346956;
 -0.0016417034, 0.99670351, -0.081113659, 0.25711191;
 0, 0, 0, 1]
Twc:
[0.99346513, -0.11412436, -0.0016417034, -0.27614972;
 -0.0076314653, -0.080770545, 0.99670351, -0.28218314;
 -0.11388075, -0.99017763, -0.081113659, -0.29203051;
 0, 0, 0, 1]
Ow:
[0.23893502;
 -0.34346956;
 0.25711191]
Keyframe: 25 Frame: 276 Frame from vFrameID : 277
Tcw:
[0.99481541, 0.024323395, -0.09874545, 0.27159014;
 -0.095918313, -0.098232061, -0.99053025, -0.39092267;
 -0.033793028, 0.99486625, -0.095389709, 0.31547719;
 0, 0, 0, 1]
Twc:
[0.99481541, -0.095918313, -0.033793028, -0.29701778;
 0.024323395, -0.098232061, 0.99486625, -0.35886472;
 -0.09874545, -0.99053025, -0.095389709, -0.33030915;
 0, 0, 0, 1]
Ow:
[0.27159014;
 -0.39092267;
 0.31547719]
Keyframe: 26 Frame: 288 Frame from vFrameID : 289
Tcw:
[0.99260682, -0.016521344, -0.12024441, 0.36559308;
 -0.12133058, -0.10853679, -0.98666036, -0.46233508;
 0.0032500126, 0.99395514, -0.10973891, 0.45926028;
 0, 0, 0, 1]
Twc:
[0.99260682, -0.12133058, 0.0032500126, -0.42047817;
 -0.016521344, -0.10853679, 0.99395514, -0.50062442;
 -0.12024441, -0.98666036, -0.10973891, -0.36180845;
 0, 0, 0, 1]
Ow:
[0.36559308;
 -0.46233508;
 0.45926028]
Keyframe: 27 Frame: 298 Frame from vFrameID : 299
Tcw:
[0.99262607, -0.015313374, -0.12024555, 0.38691747;
 -0.12116159, -0.095432997, -0.98803461, -0.50024605;
 0.0036547508, 0.99531806, -0.096584678, 0.53289831;
 0, 0, 0, 1]
Twc:
[0.99262607, -0.12116159, 0.0036547508, -0.44662261;
 -0.015313374, -0.095432997, 0.99531806, -0.5722183;
 -0.12024555, -0.98803461, -0.096584678, -0.39626551;
 0, 0, 0, 1]
Ow:
[0.38691747;
 -0.50024605;
 0.53289831]
Keyframe: 28 Frame: 309 Frame from vFrameID : 310
Tcw:
[0.99831539, 0.0040212641, -0.057881135, 0.43342495;
 -0.057244074, -0.094407409, -0.99388647, -0.62597919;
 -0.0094610881, 0.99552554, -0.094018169, 0.61655307;
 0, 0, 0, 1]
Twc:
[0.99831539, -0.057244074, -0.0094610881, -0.46269512;
 0.0040212641, -0.094407409, 0.99552554, -0.67463428;
 -0.057881135, -0.99388647, -0.094018169, -0.53909791;
 0, 0, 0, 1]
Ow:
[0.43342495;
 -0.62597919;
 0.61655307]
Keyframe: 29 Frame: 320 Frame from vFrameID : 321
Tcw:
[0.99499995, -0.013505795, -0.098957792, 0.50516266;
 -0.099844173, -0.10982198, -0.98892379, -0.70189232;
 0.0024884611, 0.99385953, -0.11062135, 0.74438763;
 0, 0, 0, 1]
Twc:
[0.99499995, -0.099844173, 0.0024884611, -0.57456911;
 -0.013505795, -0.10982198, 0.99385953, -0.81007725;
 -0.098957792, -0.98892379, -0.11062135, -0.56178308;
 0, 0, 0, 1]
Ow:
[0.50516266;
 -0.70189232;
 0.74438763]
Keyframe: 30 Frame: 330 Frame from vFrameID : 331
Tcw:
[0.99282426, -0.01364691, -0.11880147, 0.55303711;
 -0.11956722, -0.097288676, -0.9880479, -0.82697332;
 0.0019257631, 0.99516267, -0.098222278, 0.79732239;
 0, 0, 0, 1]
Twc:
[0.99282426, -0.11956722, 0.0019257631, -0.64948297;
 -0.01364691, -0.097288676, 0.99516267, -0.8663733;
 -0.11880147, -0.9880479, -0.098222278, -0.67307276;
 0, 0, 0, 1]
Ow:
[0.55303711;
 -0.82697332;
 0.79732239]
Keyframe: 31 Frame: 341 Frame from vFrameID : 342
Tcw:
[0.99501127, -0.0005149272, -0.099761382, 0.57067555;
 -0.09934736, -0.096269004, -0.99038494, -0.87965721;
 -0.0090939533, 0.99535525, -0.095839903, 0.86013925;
 0, 0, 0, 1]
Twc:
[0.99501127, -0.09934736, -0.0090939533, -0.64739811;
 -0.0005149272, -0.096269004, 0.99535525, -0.94053394;
 -0.099761382, -0.99038494, -0.095839903, -0.73183227;
 0, 0, 0, 1]
Ow:
[0.57067555;
 -0.87965721;
 0.86013925]
Keyframe: 32 Frame: 351 Frame from vFrameID : 352
Tcw:
[0.99325597, -0.013220287, -0.11518608, 0.66937554;
 -0.11584111, -0.071666956, -0.99067891, -0.94274247;
 0.0048420238, 0.99734098, -0.072715081, 0.94438702;
 0, 0, 0, 1]
Twc:
[0.99325597, -0.11584111, 0.0048420238, -0.77864224;
 -0.013220287, -0.071666956, 0.99734098, -1.0005901;
 -0.11518608, -0.99067891, -0.072715081, -0.78818113;
 0, 0, 0, 1]
Ow:
[0.66937554;
 -0.94274247;
 0.94438702]
Keyframe: 33 Frame: 359 Frame from vFrameID : 360
Tcw:
[0.99125159, -0.032908469, -0.12781774, 0.66353452;
 -0.12993653, -0.0733108, -0.98880839, -0.98398775;
 0.02316975, 0.99676603, -0.076945461, 0.99980593;
 0, 0, 0, 1]
Twc:
[0.99125159, -0.12993653, 0.02316975, -0.80875087;
 -0.032908469, -0.0733108, 0.99676603, -1.0468737;
 -0.12781774, -0.98880839, -0.076945461, -0.81123328;
 0, 0, 0, 1]
Ow:
[0.66353452;
 -0.98398775;
 0.99980593]
Keyframe: 34 Frame: 366 Frame from vFrameID : 367
Tcw:
[0.99158305, -0.031941105, -0.12547047, 0.70882463;
 -0.12712306, -0.056416623, -0.99028122, -1.0150455;
 0.024552055, 0.99789625, -0.060002219, 1.06346;
 0, 0, 0, 1]
Twc:
[0.99158305, -0.12712306, 0.024552055, -0.85800427;
 -0.031941105, -0.056416623, 0.99789625, -1.0958476;
 -0.12547047, -0.99028122, -0.060002219, -0.85243398;
 0, 0, 0, 1]
Ow:
[0.70882463;
 -1.0150455;
 1.06346]
Keyframe: 35 Frame: 374 Frame from vFrameID : 375
Tcw:
[0.99509531, -0.042864569, -0.08915136, 0.7316196;
 -0.091125578, -0.046547383, -0.99475098, -1.0591359;
 0.038489807, 0.99799597, -0.050225142, 1.1121781;
 0, 0, 0, 1]
Twc:
[0.99509531, -0.091125578, 0.038489807, -0.86735308;
 -0.042864569, -0.046547383, 0.99799597, -1.1278888;
 -0.08915136, -0.99475098, -0.050225142, -0.9324922;
 0, 0, 0, 1]
Ow:
[0.7316196;
 -1.0591359;
 1.1121781]
Keyframe: 36 Frame: 382 Frame from vFrameID : 383
Tcw:
[0.99637175, -0.060017172, -0.060343228, 0.76665366;
 -0.061142709, -0.01157318, -0.99806195, -1.0863227;
 0.059202492, 0.99813026, -0.015200801, 1.1916295;
 0, 0, 0, 1]
Twc:
[0.99637175, -0.061142709, 0.059202492, -0.90084016;
 -0.060017172, -0.01157318, 0.99813026, -1.1559614;
 -0.060343228, -0.99806195, -0.015200801, -1.0198412;
 0, 0, 0, 1]
Ow:
[0.76665366;
 -1.0863227;
 1.1916295]
Keyframe: 37 Frame: 389 Frame from vFrameID : 390
Tcw:
[0.99140358, -0.090907283, -0.094100013, 0.85169864;
 -0.093220562, 0.013881695, -0.99554873, -1.1176064;
 0.091808893, 0.99576259, 0.0052879341, 1.2383721;
 0, 0, 0, 1]
Twc:
[0.99140358, -0.093220562, 0.091808893, -1.0622545;
 -0.090907283, 0.013881695, 0.99576259, -1.1401848;
 -0.094100013, -0.99554873, 0.0052879341, -1.0390352;
 0, 0, 0, 1]
Ow:
[0.85169864;
 -1.1176064;
 1.2383721]
Keyframe: 38 Frame: 398 Frame from vFrameID : 399
Tcw:
[0.99162263, -0.078778438, -0.10236473, 0.85304201;
 -0.10207377, 0.0077221426, -0.99474686, -1.1587325;
 0.07915508, 0.99686223, -0.00038376142, 1.3263395;
 0, 0, 0, 1]
Twc:
[0.99162263, -0.10207377, 0.07915508, -1.0691586;
 -0.078778438, 0.0077221426, 0.99686223, -1.2460285;
 -0.10236473, -0.99474686, -0.00038376142, -1.0648152;
 0, 0, 0, 1]
Ow:
[0.85304201;
 -1.1587325;
 1.3263395]
Keyframe: 39 Frame: 405 Frame from vFrameID : 406
Tcw:
[0.99289733, -0.057025004, -0.10441778, 0.89769065;
 -0.10401417, 0.010008804, -0.99452543, -1.1992378;
 0.057757914, 0.99832261, 0.0040063062, 1.3626734;
 0, 0, 0, 1]
Twc:
[0.99289733, -0.10401417, 0.057757914, -1.0947574;
 -0.057025004, 0.010008804, 0.99832261, -1.2971939;
 -0.10441778, -0.99452543, 0.0040063062, -1.1043969;
 0, 0, 0, 1]
Ow:
[0.89769065;
 -1.1992378;
 1.3626734]
Keyframe: 40 Frame: 413 Frame from vFrameID : 414
Tcw:
[0.99366224, -0.032382421, -0.10764169, 0.95604318;
 -0.10667159, 0.030330958, -0.99383157, -1.2703534;
 0.035447549, 0.99901521, 0.026684443, 1.3929282;
 0, 0, 0, 1]
Twc:
[0.99366224, -0.10667159, 0.035447549, -1.1348705;
 -0.032382421, 0.030330958, 0.99901521, -1.3220665;
 -0.10764169, -0.99383157, 0.026684443, -1.1967769;
 0, 0, 0, 1]
Ow:
[0.95604318;
 -1.2703534;
 1.3929282]
Keyframe: 41 Frame: 421 Frame from vFrameID : 422
Tcw:
[0.98728633, -0.065002717, -0.14505294, 0.93830347;
 -0.14302646, 0.034838527, -0.98910552, -1.308601;
 0.069347978, 0.99727678, 0.025098495, 1.5125394;
 0, 0, 0, 1]
Twc:
[0.98728633, -0.14302646, 0.069347978, -1.2184304;
 -0.065002717, 0.034838527, 0.99727678, -1.4018384;
 -0.14505294, -0.98910552, 0.025098495, -1.1962032;
 0, 0, 0, 1]
Ow:
[0.93830347;
 -1.308601;
 1.5125394]
Keyframe: 42 Frame: 429 Frame from vFrameID : 430
Tcw:
[0.98822242, -0.058148898, -0.1415454, 0.98781514;
 -0.1394843, 0.038114551, -0.98949051, -1.3441044;
 0.062932722, 0.99758005, 0.029554795, 1.5534652;
 0, 0, 0, 1]
Twc:
[0.98822242, -0.1394843, 0.062932722, -1.2614263;
 -0.058148898, 0.038114551, 0.99758005, -1.4410356;
 -0.1415454, -0.98949051, 0.029554795, -1.2360702;
 0, 0, 0, 1]
Ow:
[0.98781514;
 -1.3441044;
 1.5534652]
Keyframe: 43 Frame: 438 Frame from vFrameID : 439
Tcw:
[0.99608678, -0.041507848, -0.078027494, 1.0051678;
 -0.075187296, 0.066073552, -0.99497795, -1.4365579;
 0.046454947, 0.99695104, 0.062694125, 1.5767382;
 0, 0, 0, 1]
Twc:
[0.99608678, -0.075187296, 0.046454947, -1.1824925;
 -0.041507848, 0.066073552, 0.99695104, -1.4352901;
 -0.078027494, -0.99497795, 0.062694125, -1.449765;
 0, 0, 0, 1]
Ow:
[1.0051678;
 -1.4365579;
 1.5767382]
Keyframe: 44 Frame: 446 Frame from vFrameID : 447
Tcw:
[0.99379969, -0.060755149, -0.093117945, 1.0346673;
 -0.088809021, 0.070140168, -0.99357605, -1.4450856;
 0.06689617, 0.99568528, 0.064309672, 1.6404116;
 0, 0, 0, 1]
Twc:
[0.99379969, -0.088809021, 0.06689617, -1.2663258;
 -0.060755149, 0.070140168, 0.99568528, -1.4691138;
 -0.093117945, -0.99357605, 0.064309672, -1.4449506;
 0, 0, 0, 1]
Ow:
[1.0346673;
 -1.4450856;
 1.6404116]
Keyframe: 45 Frame: 455 Frame from vFrameID : 456
Tcw:
[0.98774391, -0.082495272, -0.13250111, 1.0605744;
 -0.12718634, 0.066673681, -0.98963541, -1.4999071;
 0.090474576, 0.99435866, 0.055364251, 1.7020451;
 0, 0, 0, 1]
Twc:
[0.98774391, -0.12718634, 0.090474576, -1.3923354;
 -0.082495272, 0.066673681, 0.99435866, -1.5049466;
 -0.13250111, -0.98963541, 0.055364251, -1.4380664;
 0, 0, 0, 1]
Ow:
[1.0605744;
 -1.4999071;
 1.7020451]
Keyframe: 46 Frame: 464 Frame from vFrameID : 465
Tcw:
[0.99123847, -0.054651406, -0.12024761, 1.1087978;
 -0.11482343, 0.093419343, -0.98898351, -1.5044566;
 0.065282792, 0.99412578, 0.086325586, 1.8103015;
 0, 0, 0, 1]
Twc:
[0.99123847, -0.11482343, 0.065282792, -1.3900114;
 -0.054651406, 0.093419343, 0.99412578, -1.5985248;
 -0.12024761, -0.98898351, 0.086325586, -1.5108279;
 0, 0, 0, 1]
Ow:
[1.1087978;
 -1.5044566;
 1.8103015]
Keyframe: 47 Frame: 473 Frame from vFrameID : 474
Tcw:
[0.9920885, -0.063503794, -0.10829458, 1.1567577;
 -0.10000697, 0.12167989, -0.98751843, -1.5465536;
 0.07588844, 0.99053586, 0.1143664, 1.8670449;
 0, 0, 0, 1]
Twc:
[0.9920885, -0.10000697, 0.07588844, -1.4439592;
 -0.063503794, 0.12167989, 0.99053586, -1.587732;
 -0.10829458, -0.98751843, 0.1143664, -1.6155066;
 0, 0, 0, 1]
Ow:
[1.1567577;
 -1.5465536;
 1.8670449]
Keyframe: 48 Frame: 482 Frame from vFrameID : 483
Tcw:
[0.98248357, -0.10377924, -0.15477704, 1.2307434;
 -0.14736407, 0.075694352, -0.98618162, -1.6201504;
 0.11406093, 0.99171579, 0.059075128, 1.9728146;
 0, 0, 0, 1]
Twc:
[0.98248357, -0.14736407, 0.11406093, -1.6729583;
 -0.10377924, 0.075694352, 0.99171579, -1.7061096;
 -0.15477704, -0.98618162, 0.059075128, -1.523816;
 0, 0, 0, 1]
Ow:
[1.2307434;
 -1.6201504;
 1.9728146]
Keyframe: 49 Frame: 491 Frame from vFrameID : 492
Tcw:
[0.9825874, -0.11552925, -0.14551613, 1.22922;
 -0.13252383, 0.11316032, -0.98469901, -1.6556865;
 0.13022819, 0.98683721, 0.095879532, 2.0449407;
 0, 0, 0, 1]
Twc:
[0.9825874, -0.13252383, 0.13022819, -1.6935431;
 -0.11552925, 0.11316032, 0.98683721, -1.6886548;
 -0.14551613, -0.98469901, 0.095879532, -1.6475496;
 0, 0, 0, 1]
Ow:
[1.22922;
 -1.6556865;
 2.0449407]
Keyframe: 50 Frame: 498 Frame from vFrameID : 499
Tcw:
[0.98699701, -0.11860926, -0.10848411, 1.2302291;
 -0.098362796, 0.088106923, -0.99124265, -1.6937408;
 0.12712875, 0.98902428, 0.075294524, 2.0990992;
 0, 0, 0, 1]
Twc:
[0.98699701, -0.098362796, 0.12712875, -1.6476893;
 -0.11860926, 0.088106923, 0.98902428, -1.7809131;
 -0.10848411, -0.99124265, 0.075294524, -1.7034984;
 0, 0, 0, 1]
Ow:
[1.2302291;
 -1.6937408;
 2.0990992]
Keyframe: 51 Frame: 507 Frame from vFrameID : 508
Tcw:
[0.98865396, -0.10674959, -0.10567815, 1.2440311;
 -0.092435114, 0.12219278, -0.98819262, -1.7454715;
 0.11840227, 0.98674893, 0.11093897, 2.2002108;
 0, 0, 0, 1]
Twc:
[0.98865396, -0.092435114, 0.11840227, -1.651769;
 -0.10674959, 0.12219278, 0.98674893, -1.8249718;
 -0.10567815, -0.98819262, 0.11093897, -1.8374842;
 0, 0, 0, 1]
Ow:
[1.2440311;
 -1.7454715;
 2.2002108]
Keyframe: 52 Frame: 515 Frame from vFrameID : 516
Tcw:
[0.98078775, -0.12814879, -0.14708254, 1.3146889;
 -0.13108306, 0.12545232, -0.98340172, -1.8037702;
 0.1444736, 0.98378837, 0.10624397, 2.2836678;
 0, 0, 0, 1]
Twc:
[0.98078775, -0.13108306, 0.1444736, -1.8558042;
 -0.12814879, 0.12545232, 0.98378837, -1.8518829;
 -0.14708254, -0.98340172, 0.10624397, -1.8230889;
 0, 0, 0, 1]
Ow:
[1.3146889;
 -1.8037702;
 2.2836678]
Keyframe: 53 Frame: 524 Frame from vFrameID : 525
Tcw:
[0.98201245, -0.11981432, -0.14593194, 1.3294415;
 -0.13224804, 0.11518614, -0.98450118, -1.9055558;
 0.13476668, 0.98609161, 0.097269014, 2.3831797;
 0, 0, 0, 1]
Twc:
[0.98201245, -0.13224804, 0.13476668, -1.8787074;
 -0.11981432, 0.11518614, 0.98609161, -1.9712538;
 -0.14593194, -0.98450118, 0.097269014, -1.9138236;
 0, 0, 0, 1]
Ow:
[1.3294415;
 -1.9055558;
 2.3831797]
Keyframe: 54 Frame: 530 Frame from vFrameID : 531
Tcw:
[0.9902783, -0.097954325, -0.09876167, 1.346078;
 -0.091116093, 0.079682223, -0.99264729, -1.9556612;
 0.10510365, 0.99199581, 0.069982357, 2.4271238;
 0, 0, 0, 1]
Twc:
[0.9902783, -0.091116093, 0.10510365, -1.7662835;
 -0.097954325, 0.079682223, 0.99199581, -2.1200111;
 -0.09876167, -0.99264729, 0.069982357, -1.9781966;
 0, 0, 0, 1]
Ow:
[1.346078;
 -1.9556612;
 2.4271238]
Keyframe: 55 Frame: 537 Frame from vFrameID : 538
Tcw:
[0.99039871, -0.090482302, -0.10451477, 1.3697205;
 -0.09354914, 0.11795297, -0.98860288, -1.9832324;
 0.10177889, 0.98888826, 0.10835593, 2.4858568;
 0, 0, 0, 1]
Twc:
[0.99039871, -0.09354914, 0.10177889, -1.7951069;
 -0.090482302, 0.11795297, 0.98888826, -2.1003711;
 -0.10451477, -0.98860288, 0.10835593, -2.0868306;
 0, 0, 0, 1]
Ow:
[1.3697205;
 -1.9832324;
 2.4858568]
Keyframe: 56 Frame: 544 Frame from vFrameID : 545
Tcw:
[0.98431563, -0.09508571, -0.14859839, 1.4032068;
 -0.13867506, 0.10363853, -0.98490012, -2.0011227;
 0.10905045, 0.99005949, 0.088827007, 2.5694194;
 0, 0, 0, 1]
Twc:
[0.98431563, -0.13867506, 0.10905045, -1.9389005;
 -0.09508571, 0.10363853, 0.99005949, -2.2030597;
 -0.14859839, -0.98490012, 0.088827007, -1.9906257;
 0, 0, 0, 1]
Ow:
[1.4032068;
 -2.0011227;
 2.5694194]
Keyframe: 57 Frame: 551 Frame from vFrameID : 552
Tcw:
[0.9813658, -0.12022523, -0.1498903, 1.377786;
 -0.13591781, 0.11706321, -0.98377973, -1.9878711;
 0.13582177, 0.98582053, 0.098541074, 2.6315808;
 0, 0, 0, 1]
Twc:
[0.9813658, -0.13591781, 0.13582177, -1.9797251;
 -0.12022523, 0.11706321, 0.98582053, -2.1959152;
 -0.1498903, -0.98377973, 0.098541074, -2.0084293;
 0, 0, 0, 1]
Ow:
[1.377786;
 -1.9878711;
 2.6315808]
Keyframe: 58 Frame: 558 Frame from vFrameID : 559
Tcw:
[0.97942108, -0.11998763, -0.16228791, 1.4143353;
 -0.14578016, 0.13551874, -0.97999126, -2.0148523;
 0.13957988, 0.98348242, 0.11523809, 2.7314436;
 0, 0, 0, 1]
Twc:
[0.97942108, -0.14578016, 0.13957988, -2.0602095;
 -0.11998763, 0.13551874, 0.98348242, -2.2435737;
 -0.16228791, -0.97999126, 0.11523809, -2.0597744;
 0, 0, 0, 1]
Ow:
[1.4143353;
 -2.0148523;
 2.7314436]
Keyframe: 59 Frame: 566 Frame from vFrameID : 567
Tcw:
[0.98358411, -0.11324616, -0.14049049, 1.4294283;
 -0.12242177, 0.15320845, -0.98058152, -2.0689719;
 0.13257141, 0.98168349, 0.1368296, 2.794127;
 0, 0, 0, 1]
Twc:
[0.98358411, -0.12242177, 0.13257141, -2.0296717;
 -0.11324616, 0.15320845, 0.98168349, -2.2640872;
 -0.14049049, -0.98058152, 0.1368296, -2.2102938;
 0, 0, 0, 1]
Ow:
[1.4294283;
 -2.0689719;
 2.794127]
Keyframe: 60 Frame: 574 Frame from vFrameID : 575
Tcw:
[0.98114771, -0.12812178, -0.14468597, 1.4674747;
 -0.12359555, 0.15955883, -0.97942078, -2.1135323;
 0.14857107, 0.97883898, 0.14071549, 2.8593545;
 0, 0, 0, 1]
Twc:
[0.98114771, -0.12359555, 0.14857107, -2.12585;
 -0.12812178, 0.15955883, 0.97883898, -2.2735996;
 -0.14468597, -0.97942078, 0.14071549, -2.2600701;
 0, 0, 0, 1]
Ow:
[1.4674747;
 -2.1135323;
 2.8593545]
Keyframe: 61 Frame: 581 Frame from vFrameID : 582
Tcw:
[0.96833754, -0.15276501, -0.19744679, 1.4988513;
 -0.17339471, 0.15743573, -0.97218734, -2.1666491;
 0.17960139, 0.97564179, 0.12596229, 2.8995829;
 0, 0, 0, 1]
Twc:
[0.96833754, -0.17339471, 0.17960139, -2.3478487;
 -0.15276501, 0.15743573, 0.97564179, -2.2588742;
 -0.19744679, -0.97218734, 0.12596229, -2.1756837;
 0, 0, 0, 1]
Ow:
[1.4988513;
 -2.1666491;
 2.8995829]
Keyframe: 62 Frame: 589 Frame from vFrameID : 590
Tcw:
[0.96752518, -0.14804417, -0.20488511, 1.5120134;
 -0.17744915, 0.17945051, -0.96763074, -2.2131639;
 0.18001883, 0.97256386, 0.14735258, 2.9755278;
 0, 0, 0, 1]
Twc:
[0.96752518, -0.17744915, 0.18001883, -2.3912861;
 -0.14804417, 0.17945051, 0.97256386, -2.2728927;
 -0.20488511, -0.96763074, 0.14735258, -2.2701881;
 0, 0, 0, 1]
Ow:
[1.5120134;
 -2.2131639;
 2.9755278]
Keyframe: 63 Frame: 597 Frame from vFrameID : 598
Tcw:
[0.97036159, -0.14571796, -0.19278143, 1.5239767;
 -0.17033575, 0.15344401, -0.97336566, -2.2306325;
 0.17141801, 0.97735417, 0.12407519, 3.0472085;
 0, 0, 0, 1]
Twc:
[0.97036159, -0.17033575, 0.17141801, -2.3811114;
 -0.14571796, 0.15344401, 0.97735417, -2.4138539;
 -0.19278143, -0.97336566, 0.12407519, -2.2555096;
 0, 0, 0, 1]
Ow:
[1.5239767;
 -2.2306325;
 3.0472085]
Keyframe: 64 Frame: 606 Frame from vFrameID : 607
Tcw:
[0.98086917, -0.11097198, -0.15994041, 1.5439694;
 -0.13615647, 0.19611716, -0.97108161, -2.2069793;
 0.13912991, 0.97428089, 0.17725573, 3.1285479;
 0, 0, 0, 1]
Twc:
[0.98086917, -0.13615647, 0.13912991, -2.250201;
 -0.11097198, 0.19611716, 0.97428089, -2.4439206;
 -0.15994041, -0.97108161, 0.17725573, -2.450767;
 0, 0, 0, 1]
Ow:
[1.5439694;
 -2.2069793;
 3.1285479]
Keyframe: 65 Frame: 613 Frame from vFrameID : 614
Tcw:
[0.96998525, -0.11779834, -0.21272554, 1.4901493;
 -0.19348584, 0.1559706, -0.96862602, -2.1470485;
 0.14728147, 0.98071235, 0.12849687, 3.3183932;
 0, 0, 0, 1]
Twc:
[0.96998525, -0.19348584, 0.14728147, -2.3495841;
 -0.11779834, 0.1559706, 0.98071235, -2.7439756;
 -0.21272554, -0.96862602, 0.12849687, -2.1890976;
 0, 0, 0, 1]
Ow:
[1.4901493;
 -2.1470485;
 3.3183932]
Keyframe: 66 Frame: 620 Frame from vFrameID : 621
Tcw:
[0.97265613, -0.14131323, -0.18431132, 1.4963169;
 -0.16067679, 0.16358866, -0.97335589, -2.1721616;
 0.16769931, 0.97635514, 0.13640976, 3.4049578;
 0, 0, 0, 1]
Twc:
[0.97265613, -0.16067679, 0.16769931, -2.3754268;
 -0.14131323, 0.16358866, 0.97635514, -2.7576575;
 -0.18431132, -0.97335589, 0.13640976, -2.3029678;
 0, 0, 0, 1]
Ow:
[1.4963169;
 -2.1721616;
 3.4049578]
Keyframe: 67 Frame: 628 Frame from vFrameID : 629
Tcw:
[0.97716665, -0.10070896, -0.18709092, 1.5383918;
 -0.16993809, 0.1581115, -0.9726879, -2.1969604;
 0.12753962, 0.98227209, 0.13738699, 3.4546454;
 0, 0, 0, 1]
Twc:
[0.97716665, -0.16993809, 0.12753962, -2.3172166;
 -0.10070896, 0.1581115, 0.98227209, -2.8911071;
 -0.18709092, -0.9726879, 0.13738699, -2.3237612;
 0, 0, 0, 1]
Ow:
[1.5383918;
 -2.1969604;
 3.4546454]
Keyframe: 68 Frame: 637 Frame from vFrameID : 638
Tcw:
[0.98483688, -0.075302437, -0.15628786, 1.5303918;
 -0.14065181, 0.18078579, -0.97341335, -2.1921501;
 0.10155502, 0.98063552, 0.16745308, 3.5439167;
 0, 0, 0, 1]
Twc:
[0.98483688, -0.14065181, 0.10155502, -2.1754186;
 -0.075302437, 0.18078579, 0.98063552, -2.9637389;
 -0.15628786, -0.97341335, 0.16745308, -2.4881263;
 0, 0, 0, 1]
Ow:
[1.5303918;
 -2.1921501;
 3.5439167]
Keyframe: 69 Frame: 646 Frame from vFrameID : 647
Tcw:
[0.97116387, -0.11049417, -0.21126246, 1.5762987;
 -0.19635598, 0.13189258, -0.97162169, -2.2191517;
 0.13522248, 0.9850865, 0.10639311, 3.6541481;
 0, 0, 0, 1]
Twc:
[0.97116387, -0.19635598, 0.13522248, -2.460711;
 -0.11049417, 0.13189258, 0.9850865, -3.1327906;
 -0.21126246, -0.97162169, 0.10639311, -2.2119393;
 0, 0, 0, 1]
Ow:
[1.5762987;
 -2.2191517;
 3.6541481]
Keyframe: 70 Frame: 654 Frame from vFrameID : 655
Tcw:
[0.96466744, -0.12175038, -0.23365268, 1.5830039;
 -0.21472503, 0.15059695, -0.96499413, -2.2441375;
 0.15267579, 0.98106951, 0.11913312, 3.733911;
 0, 0, 0, 1]
Twc:
[0.96466744, -0.21472503, 0.15267579, -2.5790226;
 -0.12175038, 0.15059695, 0.98106951, -3.1325347;
 -0.23365268, -0.96499413, 0.11913312, -2.2405391;
 0, 0, 0, 1]
Ow:
[1.5830039;
 -2.2441375;
 3.733911]
Keyframe: 71 Frame: 663 Frame from vFrameID : 664
Tcw:
[0.98893881, -0.072766274, -0.12924844, 1.5680336;
 -0.11916015, 0.12912114, -0.98444331, -2.3361437;
 0.088322975, 0.98895538, 0.11902206, 3.8107572;
 0, 0, 0, 1]
Twc:
[0.98893881, -0.11916015, 0.088322975, -2.1656418;
 -0.072766274, 0.12912114, 0.98895538, -3.3529234;
 -0.12924844, -0.98444331, 0.11902206, -2.5506992;
 0, 0, 0, 1]
Ow:
[1.5680336;
 -2.3361437;
 3.8107572]
Keyframe: 72 Frame: 672 Frame from vFrameID : 673
Tcw:
[0.98838401, -0.056313757, -0.14115864, 1.4714833;
 -0.13245745, 0.13618508, -0.98178852, -2.197758;
 0.074511901, 0.98908156, 0.12714399, 3.862057;
 0, 0, 0, 1]
Twc:
[0.98838401, -0.13245745, 0.074511901, -2.0332694;
 -0.056313757, 0.13618508, 0.98908156, -3.4377227;
 -0.14115864, -0.98178852, 0.12714399, -2.4410582;
 0, 0, 0, 1]
Ow:
[1.4714833;
 -2.197758;
 3.862057]
Keyframe: 73 Frame: 680 Frame from vFrameID : 681
Tcw:
[0.97898817, -0.11331761, -0.16953258, 1.571768;
 -0.15623555, 0.11745547, -0.98071128, -2.3260355;
 0.13104439, 0.98659176, 0.097283274, 3.9639206;
 0, 0, 0, 1]
Twc:
[0.97898817, -0.15623555, 0.13104439, -2.4216013;
 -0.11331761, 0.11745547, 0.98659176, -3.4594569;
 -0.16953258, -0.98071128, 0.097283274, -2.4003267;
 0, 0, 0, 1]
Ow:
[1.571768;
 -2.3260355;
 3.9639206]
Keyframe: 74 Frame: 688 Frame from vFrameID : 689
Tcw:
[0.98321098, -0.092492148, -0.15729403, 1.5605441;
 -0.14354855, 0.14010511, -0.97967565, -2.4583461;
 0.11265001, 0.98580718, 0.12447578, 4.0484209;
 0, 0, 0, 1]
Twc:
[0.98321098, -0.14354855, 0.11265001, -2.3432906;
 -0.092492148, 0.14010511, 0.98580718, -3.5021973;
 -0.15729403, -0.97967565, 0.12447578, -2.6668477;
 0, 0, 0, 1]
Ow:
[1.5605441;
 -2.4583461;
 4.0484209]
Keyframe: 75 Frame: 696 Frame from vFrameID : 697
Tcw:
[0.99314642, -0.046177763, -0.1073676, 1.5058867;
 -0.10033085, 0.13435411, -0.9858411, -2.4577649;
 0.059949216, 0.98985684, 0.12880026, 4.1158509;
 0, 0, 0, 1]
Twc:
[0.99314642, -0.10033085, 0.059949216, -1.9888977;
 -0.046177763, 0.13435411, 0.98985684, -3.6743538;
 -0.1073676, -0.9858411, 0.12880026, -2.7914047;
 0, 0, 0, 1]
Ow:
[1.5058867;
 -2.4577649;
 4.1158509]
Keyframe: 76 Frame: 705 Frame from vFrameID : 706
Tcw:
[0.99325162, -0.03386521, -0.11092528, 1.4193624;
 -0.10666541, 0.10880062, -0.98832428, -2.2805941;
 0.045538548, 0.99348658, 0.10445414, 4.2869463;
 0, 0, 0, 1]
Twc:
[0.99325162, -0.10666541, 0.045538548, -1.8482656;
 -0.03386521, 0.10880062, 0.99348658, -3.9628263;
 -0.11092528, -0.98832428, 0.10445414, -2.5443127;
 0, 0, 0, 1]
Ow:
[1.4193624;
 -2.2805941;
 4.2869463]
Keyframe: 77 Frame: 713 Frame from vFrameID : 714
Tcw:
[0.98732436, -0.060214844, -0.14684956, 1.4553273;
 -0.13707475, 0.14289796, -0.98019928, -2.3545861;
 0.080007046, 0.98790401, 0.13283271, 4.3519487;
 0, 0, 0, 1]
Twc:
[0.98732436, -0.13707475, 0.080007046, -2.107821;
 -0.060214844, 0.14289796, 0.98790401, -3.8752096;
 -0.14684956, -0.98019928, 0.13283271, -2.6723309;
 0, 0, 0, 1]
Ow:
[1.4553273;
 -2.3545861;
 4.3519487]
Keyframe: 78 Frame: 722 Frame from vFrameID : 723
Tcw:
[0.99238235, -0.055682894, -0.10989404, 1.4583604;
 -0.10107981, 0.14193031, -0.98470235, -2.3830402;
 0.070428371, 0.98830926, 0.13522072, 4.4216337;
 0, 0, 0, 1]
Twc:
[0.99238235, -0.10107981, 0.070428371, -1.9995369;
 -0.055682894, 0.14193031, 0.98830926, -3.95051;
 -0.10989404, -0.98470235, 0.13522072, -2.7842166;
 0, 0, 0, 1]
Ow:
[1.4583604;
 -2.3830402;
 4.4216337]
Keyframe: 79 Frame: 730 Frame from vFrameID : 731
Tcw:
[0.99502808, -0.043920096, -0.0893877, 1.5061466;
 -0.082180098, 0.14495632, -0.98601931, -2.4002779;
 0.056263376, 0.98846281, 0.14062625, 4.474998;
 0, 0, 0, 1]
Twc:
[0.99502808, -0.082180098, 0.056263376, -1.9476916;
 -0.043920096, 0.14495632, 0.98846281, -4.0092835;
 -0.0893877, -0.98601931, 0.14062625, -2.8613915;
 0, 0, 0, 1]
Ow:
[1.5061466;
 -2.4002779;
 4.474998]
Keyframe: 80 Frame: 739 Frame from vFrameID : 740
Tcw:
[0.99009043, -0.066651732, -0.12360635, 1.5479504;
 -0.11369476, 0.13619235, -0.98413676, -2.4601707;
 0.082428657, 0.98843777, 0.12726478, 4.5611033;
 0, 0, 0, 1]
Twc:
[0.99009043, -0.11369476, 0.082428657, -2.1882849;
 -0.066651732, 0.13619235, 0.98843777, -4.0701365;
 -0.12360635, -0.98413676, 0.12726478, -2.8102756;
 0, 0, 0, 1]
Ow:
[1.5479504;
 -2.4601707;
 4.5611033]
Keyframe: 81 Frame: 747 Frame from vFrameID : 748
Tcw:
[0.98368204, -0.09512759, -0.15271024, 1.5743601;
 -0.13935509, 0.13400897, -0.98113286, -2.4732268;
 0.11379735, 0.98640376, 0.11856571, 4.5928049;
 0, 0, 0, 1]
Twc:
[0.98368204, -0.13935509, 0.11379735, -2.4159753;
 -0.09512759, 0.13400897, 0.98640376, -4.04916;
 -0.15271024, -0.98113286, 0.11856571, -2.7306924;
 0, 0, 0, 1]
Ow:
[1.5743601;
 -2.4732268;
 4.5928049]
Keyframe: 82 Frame: 755 Frame from vFrameID : 756
Tcw:
[0.9890871, -0.083642066, -0.12128755, 1.5926976;
 -0.1101259, 0.12715141, -0.98575085, -2.552388;
 0.097872123, 0.98835039, 0.11655267, 4.6773868;
 0, 0, 0, 1]
Twc:
[0.9890871, -0.1101259, 0.097872123, -2.3141866;
 -0.083642066, 0.12715141, 0.98835039, -4.1651411;
 -0.12128755, -0.98575085, 0.11655267, -2.8680062;
 0, 0, 0, 1]
Ow:
[1.5926976;
 -2.552388;
 4.6773868]
Keyframe: 83 Frame: 764 Frame from vFrameID : 765
Tcw:
[0.99670899, -0.025677342, -0.076888576, 1.5806955;
 -0.071328275, 0.17286411, -0.98235953, -2.6239157;
 0.038515657, 0.98461092, 0.1704637, 4.7148671;
 0, 0, 0, 1]
Twc:
[0.99670899, -0.071328275, 0.038515657, -1.944249;
 -0.025677342, 0.17286411, 0.98461092, -4.1481409;
 -0.076888576, -0.98235953, 0.1704637, -3.2598047;
 0, 0, 0, 1]
Ow:
[1.5806955;
 -2.6239157;
 4.7148671]
Keyframe: 84 Frame: 771 Frame from vFrameID : 772
Tcw:
[0.99366248, -0.049774501, -0.10078394, 1.6107924;
 -0.091124997, 0.16824614, -0.98152405, -2.6484988;
 0.065811381, 0.98448753, 0.16264416, 4.7638817;
 0, 0, 0, 1]
Twc:
[0.99366248, -0.091124997, 0.065811381, -2.1554461;
 -0.049774501, 0.16824614, 0.98448753, -4.1642065;
 -0.10078394, -0.98152405, 0.16264416, -3.2120409;
 0, 0, 0, 1]
Ow:
[1.6107924;
 -2.6484988;
 4.7638817]
Keyframe: 85 Frame: 779 Frame from vFrameID : 780
Tcw:
[0.98436165, -0.061772529, -0.16497366, 1.6254431;
 -0.15182571, 0.17743747, -0.97235018, -2.6727872;
 0.089337043, 0.9821915, 0.16528398, 4.8153481;
 0, 0, 0, 1]
Twc:
[0.98436165, -0.15182571, 0.089337043, -2.4360106;
 -0.061772529, 0.17743747, 0.9821915, -4.1549335;
 -0.16497366, -0.97235018, 0.16528398, -3.1266298;
 0, 0, 0, 1]
Ow:
[1.6254431;
 -2.6727872;
 4.8153481]
Keyframe: 86 Frame: 787 Frame from vFrameID : 788
Tcw:
[0.98635459, -0.08965344, -0.1380828, 1.6547241;
 -0.12102365, 0.17376977, -0.97732151, -2.7053516;
 0.11161485, 0.98069686, 0.16054843, 4.87955;
 0, 0, 0, 1]
Twc:
[0.98635459, -0.12102365, 0.11161485, -2.5041866;
 -0.08965344, 0.17376977, 0.98069686, -4.1668997;
 -0.1380828, -0.97732151, 0.16054843, -3.1989136;
 0, 0, 0, 1]
Ow:
[1.6547241;
 -2.7053516;
 4.87955]
Keyframe: 87 Frame: 795 Frame from vFrameID : 796
Tcw:
[0.99365479, -0.070643619, -0.087519377, 1.6321433;
 -0.072731584, 0.18996187, -0.97909379, -2.7000313;
 0.085792072, 0.97924662, 0.18361849, 4.9530053;
 0, 0, 0, 1]
Twc:
[0.99365479, -0.072731584, 0.085792072, -2.243093;
 -0.070643619, 0.18996187, 0.97924662, -4.2220106;
 -0.087519377, -0.97909379, 0.18361849, -3.410203;
 0, 0, 0, 1]
Ow:
[1.6321433;
 -2.7000313;
 4.9530053]
Keyframe: 88 Frame: 804 Frame from vFrameID : 805
Tcw:
[0.98948121, -0.087904438, -0.11488994, 1.6820432;
 -0.096880876, 0.18711954, -0.97754812, -2.7305591;
 0.10742897, 0.97839618, 0.17663503, 5.02215;
 0, 0, 0, 1]
Twc:
[0.98948121, -0.096880876, 0.10742897, -2.4684136;
 -0.087904438, 0.18711954, 0.97839618, -4.2548523;
 -0.11488994, -0.97754812, 0.17663503, -3.3630908;
 0, 0, 0, 1]
Ow:
[1.6820432;
 -2.7305591;
 5.02215]
Keyframe: 89 Frame: 813 Frame from vFrameID : 814
Tcw:
[0.98115772, -0.12639758, -0.14612737, 1.714143;
 -0.12058983, 0.1902972, -0.9742921, -2.7514179;
 0.1509558, 0.97355568, 0.1714693, 5.1298599;
 0, 0, 0, 1]
Twc:
[0.98115772, -0.12058983, 0.1509558, -2.7880197;
 -0.12639758, 0.1902972, 0.97355568, -4.2539535;
 -0.14612737, -0.9742921, 0.1714693, -3.3098149;
 0, 0, 0, 1]
Ow:
[1.714143;
 -2.7514179;
 5.1298599]
Keyframe: 90 Frame: 821 Frame from vFrameID : 822
Tcw:
[0.98563749, -0.11164204, -0.12670772, 1.7289398;
 -0.10443605, 0.18666172, -0.97685748, -2.8083444;
 0.13270985, 0.97606015, 0.17232133, 5.1663675;
 0, 0, 0, 1]
Twc:
[0.98563749, -0.10443605, 0.13270985, -2.683028;
 -0.11164204, 0.18666172, 0.97606015, -4.3254528;
 -0.12670772, -0.97685748, 0.17232133, -3.4145575;
 0, 0, 0, 1]
Ow:
[1.7289398;
 -2.8083444;
 5.1663675]
Keyframe: 91 Frame: 830 Frame from vFrameID : 831
