Keyframe: 0 Frame: 0 Frame from vFrameID : 90
Tcw:
[0.99985248, -0.016291898, -0.0054354961, 0.03048523;
 -0.005385071, 0.0031373645, -0.99998057, -0.028644117;
 0.016308634, 0.99986237, 0.0030491687, -0.091286168;
 0, 0, 0, 1]
Twc:
[0.99985248, -0.005385071, 0.016308634, -0.029146232;
 -0.016291898, 0.0031373645, 0.99986237, 0.09186013;
 -0.0054354961, -0.99998057, 0.0030491687, -0.028199511;
 0, 0, 0, 1]
Ow:
[0.03048523;
 -0.028644117;
 -0.091286168]
Keyframe: 1 Frame: 96 Frame from vFrameID : 90
Tcw:
[0.9523229, 0.30375162, -0.028566863, -0.00016181145;
 -0.068964407, 0.12311168, -0.98999363, 0.0001829813;
 -0.29719526, 0.94476372, 0.13819012, 0.00052920164;
 0, 0, 0, 1]
Twc:
[0.9523229, -0.068964407, -0.29719526, 0.00032399216;
 0.30375162, 0.12311168, 0.94476372, -0.0004733472;
 -0.028566863, -0.98999363, 0.13819012, 0.00010339743;
 0, 0, 0, 1]
Ow:
[-0.00016181145;
 0.0001829813;
 0.00052920164]
