Keyframe: 0 Frame: 0 Frame from vFrameID : 90
Tcw:
[0.99835598, -0.052528564, -0.022937546, 0.031163557;
 -0.024370247, -0.026798537, -0.99934375, -0.031985074;
 0.051879399, 0.99825978, -0.028034614, -0.055706907;
 0, 0, 0, 1]
Twc:
[0.99835598, -0.024370247, 0.051879399, -0.029001765;
 -0.052528564, -0.026798537, 0.99825978, 0.056389786;
 -0.022937546, -0.99934375, -0.028034614, -0.03281099;
 0, 0, 0, 1]
Ow:
[0.031163557;
 -0.031985074;
 -0.055706907]
Keyframe: 1 Frame: 137 Frame from vFrameID : 90
Tcw:
[0.9991532, -0.036419004, -0.019145738, -nan;
 -0.019944729, -0.021703521, -0.99956548, -nan;
 0.035987649, 0.99910092, -0.022411508, -nan;
 0, 0, 0, 1]
Twc:
[0.9991532, -0.019944729, 0.035987649, -inf;
 -0.036419004, -0.021703521, 0.99910092, inf;
 -0.019145738, -0.99956548, -0.022411508, -inf;
 0, 0, 0, 1]
Ow:
[-nan;
 -nan;
 -nan]
