Keyframe: 0 Frame: 0 Frame from vFrameID : 90
Tcw:
[0.99974126, -0.021648293, -0.0069859177, 0.032915469;
 -0.0076458496, -0.030552944, -0.99950391, -0.032301731;
 0.021424115, 0.99929869, -0.030710557, -0.084110692;
 0, 0, 0, 1]
Twc:
[0.99974126, -0.0076458496, 0.021424115, -0.031351931;
 -0.021648293, -0.030552944, 0.99929869, 0.083777353;
 -0.0069859177, -0.99950391, -0.030710557, -0.034638848;
 0, 0, 0, 1]
Ow:
[0.032915469;
 -0.032301731;
 -0.084110692]
Keyframe: 1 Frame: 111 Frame from vFrameID : 90
Tcw:
[0.99971443, -0.022937762, -0.0067051887, 0.0040775645;
 -0.0075975377, -0.03903975, -0.99920875, -0.0030771452;
 0.022657843, 0.99897432, -0.039202869, 0.0022979465;
 0, 0, 0, 1]
Twc:
[0.99971443, -0.0075975377, 0.022657843, -0.0041518454;
 -0.022937762, -0.03903975, 0.99897432, -0.0023221904;
 -0.0067051887, -0.99920875, -0.039202869, -0.0029572835;
 0, 0, 0, 1]
Ow:
[0.0040775645;
 -0.0030771452;
 0.0022979465]
