Keyframe: 0 Frame: 0 Frame from vFrameID : 277
Tcw:
[1, 0, 0, 0;
 0, 1, 0, 0;
 0, 0, 1, 0;
 0, 0, 0, 1]
Twc:
[1, 0, 0, 0;
 0, 1, 0, 0;
 0, 0, 1, 0;
 0, 0, 0, 1]
Ow:
[0;
 0;
 0]
Keyframe: 1 Frame: 276 Frame from vFrameID : 277
Tcw:
[0.99971801, -0.002395398, -0.023626311, 0.0093496051;
 0.002405883, 0.99999702, 0.00041536844, 0.0030643933;
 0.023625245, -0.00047209344, 0.99972075, 0.031674515;
 0, 0, 0, 1]
Twc:
[0.99971801, 0.002405883, 0.023625245, -0.010102659;
 -0.002395398, 0.99999702, -0.00047209344, -0.0030270347;
 -0.023626311, 0.00041536844, 0.99972075, -0.031446047;
 0, 0, 0, 1]
Ow:
[0.0093496051;
 0.0030643933;
 0.031674515]
Keyframe: 2 Frame: 277 Frame from vFrameID : 278
Tcw:
[0.99953443, 0.0025634144, -0.030403325, 0.011515228;
 -0.0028087553, 0.99996382, -0.0080295829, 0.0042249011;
 0.030381642, 0.0081112403, 0.99950546, 0.035139892;
 0, 0, 0, 1]
Twc:
[0.99953443, -0.0028087553, 0.030381642, -0.012565608;
 0.0025634144, 0.99996382, 0.0081112403, -0.0045392951;
 -0.030403325, -0.0080295829, 0.99950546, -0.034738488;
 0, 0, 0, 1]
Ow:
[0.011515228;
 0.0042249011;
 0.035139892]
Keyframe: 3 Frame: 278 Frame from vFrameID : 279
Tcw:
[0.99921793, 0.0083195837, -0.038655873, 0.014849508;
 -0.008752455, 0.9999007, -0.011042372, 0.0054505896;
 0.038560167, 0.011372071, 0.99919158, 0.037847858;
 0, 0, 0, 1]
Twc:
[0.99921793, -0.008752455, 0.038560167, -0.01624961;
 0.0083195837, 0.9999007, 0.011372071, -0.0060039987;
 -0.038655873, -0.011042372, 0.99919158, -0.03718305;
 0, 0, 0, 1]
Ow:
[0.014849508;
 0.0054505896;
 0.037847858]
Keyframe: 4 Frame: 279 Frame from vFrameID : 280
Tcw:
[0.99886495, 0.013873324, -0.045566313, 0.016999889;
 -0.014288144, 0.99985927, -0.008790602, 0.0051586377;
 0.045437943, 0.0094316825, 0.99892265, 0.041397028;
 0, 0, 0, 1]
Twc:
[0.99886495, -0.014288144, 0.045437943, -0.018787883;
 0.013873324, 0.99985927, 0.0094316825, -0.0057842005;
 -0.045566313, -0.008790602, 0.99892265, -0.040532459;
 0, 0, 0, 1]
Ow:
[0.016999889;
 0.0051586377;
 0.041397028]
Keyframe: 5 Frame: 281 Frame from vFrameID : 282
Tcw:
[0.99845839, 0.011311572, -0.054340523, 0.018751349;
 -0.011947981, 0.99986362, -0.01140094, 0.005506462;
 0.054204147, 0.012032623, 0.99845737, 0.052961573;
 0, 0, 0, 1]
Twc:
[0.99845839, -0.011947981, 0.054204147, -0.021527387;
 0.011311572, 0.99986362, 0.012032623, -0.0063550849;
 -0.054340523, -0.01140094, 0.99845737, -0.051798135;
 0, 0, 0, 1]
Ow:
[0.018751349;
 0.005506462;
 0.052961573]
Keyframe: 6 Frame: 282 Frame from vFrameID : 283
Tcw:
[0.99825323, 0.012052411, -0.05783812, 0.018443361;
 -0.012656802, 0.99986893, -0.010094771, 0.0063842647;
 0.057708871, 0.010809184, 0.99827492, 0.056084927;
 0, 0, 0, 1]
Twc:
[0.99825323, -0.012656802, 0.057708871, -0.021566937;
 0.012052411, 0.99986893, 0.010809184, -0.0072119473;
 -0.05783812, -0.010094771, 0.99827492, -0.054857001;
 0, 0, 0, 1]
Ow:
[0.018443361;
 0.0063842647;
 0.056084927]
Keyframe: 7 Frame: 284 Frame from vFrameID : 285
Tcw:
[0.99783075, 0.013335872, -0.064466506, 0.020263053;
 -0.013701093, 0.99989247, -0.0052264957, 0.0072381007;
 0.064389877, 0.0060984199, 0.99790621, 0.058632892;
 0, 0, 0, 1]
Twc:
[0.99783075, -0.013701093, 0.064389877, -0.023895293;
 0.013335872, 0.99989247, 0.0060984199, -0.007865116;
 -0.064466506, -0.0052264957, 0.99790621, -0.057166006;
 0, 0, 0, 1]
Ow:
[0.020263053;
 0.0072381007;
 0.058632892]
Keyframe: 8 Frame: 286 Frame from vFrameID : 287
Tcw:
[0.99795598, 0.015645854, -0.061960433, 0.025125669;
 -0.014867241, 0.99980485, 0.013007487, 0.0079340246;
 0.062151857, -0.012059718, 0.99799383, 0.07211636;
 0, 0, 0, 1]
Twc:
[0.99795598, -0.014867241, 0.062151857, -0.02943852;
 0.015645854, 0.99980485, -0.012059718, -0.0074558863;
 -0.061960433, 0.013007487, 0.99799383, -0.070518091;
 0, 0, 0, 1]
Ow:
[0.025125669;
 0.0079340246;
 0.07211636]
Keyframe: 9 Frame: 288 Frame from vFrameID : 289
Tcw:
[0.99835455, 0.015379158, -0.05524151, 0.02572437;
 -0.014713406, 0.99981439, 0.012438244, 0.0085307797;
 0.055422544, -0.011604987, 0.99839556, 0.076231599;
 0, 0, 0, 1]
Twc:
[0.99835455, -0.014713406, 0.055422544, -0.029781478;
 0.015379158, 0.99981439, -0.011604987, -0.0080401478;
 -0.05524151, 0.012438244, 0.99839556, -0.074794345;
 0, 0, 0, 1]
Ow:
[0.02572437;
 0.0085307797;
 0.076231599]
Keyframe: 10 Frame: 291 Frame from vFrameID : 292
Tcw:
[0.9995383, 0.0020629067, -0.030312954, 0.027302749;
 -0.001927004, 0.99998796, 0.004511856, 0.012842505;
 0.030321896, -0.0044513596, 0.99953026, 0.093066216;
 0, 0, 0, 1]
Twc:
[0.9995383, -0.001927004, 0.030321896, -0.030087342;
 0.0020629067, 0.99998796, -0.0044513596, -0.012484402;
 -0.030312954, 0.004511856, 0.99953026, -0.092252813;
 0, 0, 0, 1]
Ow:
[0.027302749;
 0.012842505;
 0.093066216]
Keyframe: 11 Frame: 294 Frame from vFrameID : 295
Tcw:
[0.9999221, 0.0058124983, -0.011048425, 0.028101042;
 -0.0058198771, 0.99998283, -0.0006358173, 0.012996201;
 0.01104454, 0.00070006825, 0.99993879, 0.10537735;
 0, 0, 0, 1]
Twc:
[0.9999221, -0.0058198771, 0.01104454, -0.029187059;
 0.0058124983, 0.99998283, 0.00070006825, -0.013233087;
 -0.011048425, -0.0006358173, 0.99993879, -0.10505215;
 0, 0, 0, 1]
Ow:
[0.028101042;
 0.012996201;
 0.10537735]
Keyframe: 12 Frame: 297 Frame from vFrameID : 298
Tcw:
[0.99999869, 0.00037327522, -0.0015672811, 0.029010126;
 -0.00036527947, 0.99998695, 0.005098871, 0.014049614;
 0.0015691639, -0.0050982917, 0.99998575, 0.11641367;
 0, 0, 0, 1]
Twc:
[0.99999869, -0.00036527947, 0.0015691639, -0.029187629;
 0.00037327522, 0.99998695, -0.0050982917, -0.013466748;
 -0.0015672811, 0.005098871, 0.99998575, -0.11643819;
 0, 0, 0, 1]
Ow:
[0.029010126;
 0.014049614;
 0.11641367]
Keyframe: 13 Frame: 300 Frame from vFrameID : 301
Tcw:
[0.99995995, -0.0071848463, 0.0053347186, 0.032356568;
 0.0071190423, 0.99989957, 0.012253276, 0.015874205;
 -0.0054222206, -0.012214807, 0.99991071, 0.1307959;
 0, 0, 0, 1]
Twc:
[0.99995995, 0.0071190423, -0.0054222206, -0.031759076;
 -0.0071848463, 0.99989957, -0.012214807, -0.014042486;
 0.0053347186, 0.012253276, 0.99991071, -0.13115133;
 0, 0, 0, 1]
Ow:
[0.032356568;
 0.015874205;
 0.1307959]
Keyframe: 14 Frame: 303 Frame from vFrameID : 304
Tcw:
[0.99983793, -0.017077701, 0.0056979796, 0.032763507;
 0.017043985, 0.99983722, 0.0059141912, 0.017995704;
 -0.005798053, -0.0058161165, 0.99996626, 0.14239421;
 0, 0, 0, 1]
Twc:
[0.99983793, 0.017043985, -0.005798053, -0.032239307;
 -0.017077701, 0.99983722, -0.0058161165, -0.016605068;
 0.0056979796, 0.0059141912, 0.99996626, -0.14268254;
 0, 0, 0, 1]
Ow:
[0.032763507;
 0.017995704;
 0.14239421]
Keyframe: 15 Frame: 306 Frame from vFrameID : 307
Tcw:
[0.99983585, -0.01497601, -0.010199409, 0.037256569;
 0.015011478, 0.99988151, 0.0034098609, 0.020883275;
 0.010147135, -0.0035624092, 0.99994218, 0.15193038;
 0, 0, 0, 1]
Twc:
[0.99983585, 0.015011478, 0.010147135, -0.039105598;
 -0.01497601, 0.99988151, -0.0035624092, -0.019781606;
 -0.010199409, 0.0034098609, 0.99994218, -0.1516128;
 0, 0, 0, 1]
Ow:
[0.037256569;
 0.020883275;
 0.15193038]
Keyframe: 16 Frame: 309 Frame from vFrameID : 310
Tcw:
[0.99899918, 0.0071710804, -0.044149727, 0.050177164;
 -0.007144928, 0.99997419, 0.00075013319, 0.021935873;
 0.044153966, -0.00043393581, 0.99902463, 0.16819499;
 0, 0, 0, 1]
Twc:
[0.99899918, -0.007144928, 0.044153966, -0.057396695;
 0.0071710804, 0.99997419, -0.00043393581, -0.022222145;
 -0.044149727, 0.00075013319, 0.99902463, -0.1658321;
 0, 0, 0, 1]
Ow:
[0.050177164;
 0.021935873;
 0.16819499]
Keyframe: 17 Frame: 313 Frame from vFrameID : 314
Tcw:
[0.99819654, 0.011294967, -0.05895789, 0.053186547;
 -0.011206386, 0.99993551, 0.0018328961, 0.024415927;
 0.058974791, -0.0011688857, 0.99825877, 0.18145446;
 0, 0, 0, 1]
Twc:
[0.99819654, -0.011206386, 0.058974791, -0.063518256;
 0.011294967, 0.99993551, -0.0011688857, -0.024802994;
 -0.05895789, 0.0018328961, 0.99825877, -0.17804749;
 0, 0, 0, 1]
Ow:
[0.053186547;
 0.024415927;
 0.18145446]
Keyframe: 18 Frame: 317 Frame from vFrameID : 318
Tcw:
[0.99743193, 0.01966721, -0.068867519, 0.061196081;
 -0.018260032, 0.99961263, 0.021003416, 0.026202476;
 0.069253922, -0.019691953, 0.99740469, 0.19775842;
 0, 0, 0, 1]
Twc:
[0.99743193, -0.018260032, 0.069253922, -0.074256018;
 0.01966721, 0.99961263, -0.019691953, -0.023501635;
 -0.068867519, 0.021003416, 0.99740469, -0.1935811;
 0, 0, 0, 1]
Ow:
[0.061196081;
 0.026202476;
 0.19775842]
Keyframe: 19 Frame: 320 Frame from vFrameID : 321
Tcw:
[0.99838018, 0.016726887, -0.054379873, 0.060329281;
 -0.01599025, 0.99977481, 0.013953154, 0.02667108;
 0.054601017, -0.013061006, 0.9984228, 0.21111776;
 0, 0, 0, 1]
Twc:
[0.99838018, -0.01599025, 0.054601017, -0.071332328;
 0.016726887, 0.99977481, -0.013061006, -0.024916783;
 -0.054379873, 0.013953154, 0.9984228, -0.20787624;
 0, 0, 0, 1]
Ow:
[0.060329281;
 0.02667108;
 0.21111776]
Keyframe: 20 Frame: 324 Frame from vFrameID : 325
Tcw:
[0.99926114, 0.01342226, -0.036014743, 0.066206537;
 -0.013622459, 0.99989307, -0.0053191809, 0.030029926;
 0.035939496, 0.0058058598, 0.99933708, 0.23099358;
 0, 0, 0, 1]
Twc:
[0.99926114, -0.013622459, 0.035939496, -0.07405033;
 0.01342226, 0.99989307, 0.0058058598, -0.032256473;
 -0.036014743, -0.0053191809, 0.99933708, -0.22829631;
 0, 0, 0, 1]
Ow:
[0.066206537;
 0.030029926;
 0.23099358]
Keyframe: 21 Frame: 328 Frame from vFrameID : 329
Tcw:
[0.99984956, -0.0031193758, -0.017063491, 0.066603906;
 0.0031023894, 0.9999947, -0.0010218633, 0.03392734;
 0.017066589, 0.00096877199, 0.99985391, 0.24254258;
 0, 0, 0, 1]
Twc:
[0.99984956, 0.0031023894, 0.017066589, -0.070838511;
 -0.0031193758, 0.9999947, 0.00096877199, -0.033954363;
 -0.017063491, -0.0010218633, 0.99985391, -0.24133597;
 0, 0, 0, 1]
Ow:
[0.066603906;
 0.03392734;
 0.24254258]
Keyframe: 22 Frame: 332 Frame from vFrameID : 333
Tcw:
[0.99988335, -0.011299302, -0.010279083, 0.07019271;
 0.011462582, 0.99980682, 0.015966974, 0.035837699;
 0.010096681, -0.016082937, 0.9998197, 0.25840011;
 0, 0, 0, 1]
Twc:
[0.99988335, 0.011462582, 0.010096681, -0.073204294;
 -0.011299302, 0.99980682, -0.016082937, -0.030881815;
 -0.010279083, 0.015966974, 0.9998197, -0.25820422;
 0, 0, 0, 1]
Ow:
[0.07019271;
 0.035837699;
 0.25840011]
Keyframe: 23 Frame: 336 Frame from vFrameID : 337
Tcw:
[0.99932462, -0.01322729, -0.034282766, 0.076053157;
 0.013753071, 0.99979067, 0.015146442, 0.038473807;
 0.034075245, -0.015607706, 0.99929738, 0.27136236;
 0, 0, 0, 1]
Twc:
[0.99932462, 0.013753071, 0.034075245, -0.08577767;
 -0.01322729, 0.99979067, -0.015607706, -0.033224434;
 -0.034282766, 0.015146442, 0.99929738, -0.26914713;
 0, 0, 0, 1]
Ow:
[0.076053157;
 0.038473807;
 0.27136236]
Keyframe: 24 Frame: 341 Frame from vFrameID : 342
Tcw:
[0.99824953, 0.0032497528, -0.059053104, 0.086741835;
 -0.0026147498, 0.99993795, 0.010827173, 0.039194722;
 0.059084628, -0.010653812, 0.99819613, 0.29304788;
 0, 0, 0, 1]
Twc:
[0.99824953, -0.0026147498, 0.059084628, -0.10380214;
 0.0032497528, 0.99993795, -0.010653812, -0.036352102;
 -0.059053104, 0.010827173, 0.99819613, -0.28782123;
 0, 0, 0, 1]
Ow:
[0.086741835;
 0.039194722;
 0.29304788]
Keyframe: 25 Frame: 345 Frame from vFrameID : 346
Tcw:
[0.99790382, -0.00072925288, -0.064710654, 0.093425348;
 0.0014381905, 0.99993944, 0.010909594, 0.039704803;
 0.064698786, -0.010979791, 0.99784446, 0.3067759;
 0, 0, 0, 1]
Twc:
[0.99790382, 0.0014381905, 0.064698786, -0.11313464;
 -0.00072925288, 0.99993944, -0.010979791, -0.036265936;
 -0.064710654, 0.010909594, 0.99784446, -0.30050218;
 0, 0, 0, 1]
Ow:
[0.093425348;
 0.039704803;
 0.3067759]
Keyframe: 26 Frame: 350 Frame from vFrameID : 351
Tcw:
[0.99937832, -0.00085380574, -0.035244625, 0.094581291;
 0.00074234285, 0.9999947, -0.0031755157, 0.043965831;
 0.035247151, 0.0031473779, 0.99937367, 0.32597518;
 0, 0, 0, 1]
Twc:
[0.99937832, 0.00074234285, 0.035247151, -0.10604483;
 -0.00085380574, 0.9999947, 0.0031473779, -0.044910807;
 -0.035244625, -0.0031755157, 0.99937367, -0.3222979;
 0, 0, 0, 1]
Ow:
[0.094581291;
 0.043965831;
 0.32597518]
Keyframe: 27 Frame: 355 Frame from vFrameID : 356
Tcw:
[0.99951047, -0.030760145, 0.0057137795, 0.095666349;
 0.030773979, 0.99952358, -0.0023490095, 0.048521679;
 -0.005638802, 0.0025236954, 0.99998093, 0.34241173;
 0, 0, 0, 1]
Twc:
[0.99951047, 0.030773979, -0.005638802, -0.095181935;
 -0.030760145, 0.99952358, 0.0025236954, -0.046419997;
 0.0057137795, -0.0023490095, 0.99998093, -0.34283781;
 0, 0, 0, 1]
Ow:
[0.095666349;
 0.048521679;
 0.34241173]
Keyframe: 28 Frame: 359 Frame from vFrameID : 360
Tcw:
[0.99862677, -0.02744538, 0.04462409, 0.098612942;
 0.026451992, 0.99939227, 0.022701498, 0.050151713;
 -0.045220021, -0.021489928, 0.99874586, 0.35511976;
 0, 0, 0, 1]
Twc:
[0.99862677, 0.026451992, -0.045220021, -0.083745614;
 -0.02744538, 0.99939227, -0.021489928, -0.039783265;
 0.04462409, 0.022701498, 0.99874586, -0.36021346;
 0, 0, 0, 1]
Ow:
[0.098612942;
 0.050151713;
 0.35511976]
Keyframe: 29 Frame: 363 Frame from vFrameID : 364
Tcw:
[0.99873549, -0.026068224, 0.04298744, 0.099893332;
 0.024750194, 0.9992156, 0.030913195, 0.052235581;
 -0.043759573, -0.029810157, 0.99859726, 0.36794654;
 0, 0, 0, 1]
Twc:
[0.99873549, 0.024750194, -0.043759573, -0.084958665;
 -0.026068224, 0.9992156, -0.029810157, -0.038622022;
 0.04298744, 0.030913195, 0.99859726, -0.3733393;
 0, 0, 0, 1]
Ow:
[0.099893332;
 0.052235581;
 0.36794654]
Keyframe: 30 Frame: 367 Frame from vFrameID : 368
Tcw:
[0.99973643, -0.022955302, 0.00040174386, 0.1075022;
 0.022931485, 0.99924695, 0.031300195, 0.055021979;
 -0.0011199467, -0.031282734, 0.99950993, 0.3873221;
 0, 0, 0, 1]
Twc:
[0.99973643, 0.022931485, -0.0011199467, -0.10830181;
 -0.022955302, 0.99924695, -0.031282734, -0.040396307;
 0.00040174386, 0.031300195, 0.99950993, -0.38889769;
 0, 0, 0, 1]
Ow:
[0.1075022;
 0.055021979;
 0.3873221]
Keyframe: 31 Frame: 371 Frame from vFrameID : 372
Tcw:
[0.99946165, -0.0017034096, -0.032764204, 0.11614482;
 0.0018790718, 0.99998403, 0.0053313598, 0.05617366;
 0.0327546, -0.0053900559, 0.9994489, 0.39878449;
 0, 0, 0, 1]
Twc:
[0.99946165, 0.0018790718, 0.0327546, -0.12924989;
 -0.0017034096, 0.99998403, -0.0053900559, -0.053825449;
 -0.032764204, 0.0053313598, 0.9994489, -0.39505878;
 0, 0, 0, 1]
Ow:
[0.11614482;
 0.05617366;
 0.39878449]
Keyframe: 32 Frame: 375 Frame from vFrameID : 376
Tcw:
[0.99868757, -0.0093852673, -0.050349608, 0.11797848;
 0.010453783, 0.99972481, 0.021000721, 0.056944624;
 0.050138656, -0.021499502, 0.99851084, 0.40977833;
 0, 0, 0, 1]
Twc:
[0.99868757, 0.010453783, 0.050138656, -0.13896465;
 -0.0093852673, 0.99972481, -0.021499502, -0.047011662;
 -0.050349608, 0.021000721, 0.99851084, -0.4044238;
 0, 0, 0, 1]
Ow:
[0.11797848;
 0.056944624;
 0.40977833]
Keyframe: 33 Frame: 379 Frame from vFrameID : 380
Tcw:
[0.99837756, -0.0037291523, -0.056818869, 0.12329027;
 0.006015229, 0.99917692, 0.04011672, 0.057989813;
 0.056622501, -0.040393408, 0.9975782, 0.422373;
 0, 0, 0, 1]
Twc:
[0.99837756, 0.006015229, 0.056622501, -0.14735487;
 -0.0037291523, 0.99917692, -0.040393408, -0.040421229;
 -0.056818869, 0.04011672, 0.9975782, -0.41667125;
 0, 0, 0, 1]
Ow:
[0.12329027;
 0.057989813;
 0.422373]
Keyframe: 34 Frame: 383 Frame from vFrameID : 384
Tcw:
[0.99938327, -0.0033561678, -0.03495501, 0.12381861;
 0.0043398263, 0.99959564, 0.028102959, 0.061741348;
 0.034846555, -0.028237324, 0.99899369, 0.43754104;
 0, 0, 0, 1]
Twc:
[0.99938327, 0.0043398263, 0.034846555, -0.139257;
 -0.0033561678, 0.99959564, -0.028237324, -0.048945837;
 -0.03495501, 0.028102959, 0.99899369, -0.43450776;
 0, 0, 0, 1]
Ow:
[0.12381861;
 0.061741348;
 0.43754104]
Keyframe: 35 Frame: 387 Frame from vFrameID : 388
Tcw:
[0.9996652, -0.025607033, -0.0037087274, 0.12467682;
 0.025682976, 0.99942523, 0.022127146, 0.063735031;
 0.0031399853, -0.022214988, 0.99974829, 0.45217392;
 0, 0, 0, 1]
Twc:
[0.9996652, 0.025682976, 0.0031399853, -0.12769181;
 -0.025607033, 0.99942523, -0.022214988, -0.050460752;
 -0.0037087274, 0.022127146, 0.99974829, -0.45300797;
 0, 0, 0, 1]
Ow:
[0.12467682;
 0.063735031;
 0.45217392]
Keyframe: 36 Frame: 391 Frame from vFrameID : 392
Tcw:
[0.99899501, -0.034070957, 0.029122651, 0.12819228;
 0.033418238, 0.99918562, 0.022613194, 0.066890508;
 -0.029869385, -0.021617239, 0.99932003, 0.46661171;
 0, 0, 0, 1]
Twc:
[0.99899501, 0.033418238, -0.029869385, -0.11636141;
 -0.034070957, 0.99918562, -0.021617239, -0.052381542;
 0.029122651, 0.022613194, 0.99932003, -0.47154033;
 0, 0, 0, 1]
Ow:
[0.12819228;
 0.066890508;
 0.46661171]
Keyframe: 37 Frame: 395 Frame from vFrameID : 396
Tcw:
[0.99908274, -0.018400898, 0.038665734, 0.13300061;
 0.016914967, 0.9991188, 0.038412109, 0.069168955;
 -0.039338481, -0.037722845, 0.99851364, 0.47861326;
 0, 0, 0, 1]
Twc:
[0.99908274, 0.016914967, -0.039338481, -0.1152207;
 -0.018400898, 0.9991188, -0.037722845, -0.048606023;
 0.038665734, 0.038412109, 0.99851364, -0.48570135;
 0, 0, 0, 1]
Ow:
[0.13300061;
 0.069168955;
 0.47861326]
Keyframe: 38 Frame: 399 Frame from vFrameID : 400
Tcw:
[0.9996978, -0.018316839, -0.016396381, 0.13417757;
 0.018925624, 0.99910694, 0.037778027, 0.071034253;
 0.015689764, -0.038076922, 0.99915165, 0.49080169;
 0, 0, 0, 1]
Twc:
[0.9996978, 0.018925624, 0.015689764, -0.14318195;
 -0.018316839, 0.99910694, -0.038076922, -0.049824882;
 -0.016396381, 0.037778027, 0.99915165, -0.49086881;
 0, 0, 0, 1]
Ow:
[0.13417757;
 0.071034253;
 0.49080169]
Keyframe: 39 Frame: 403 Frame from vFrameID : 404
Tcw:
[0.99705911, -0.01568247, -0.075014658, 0.13910696;
 0.017253647, 0.99964416, 0.020342894, 0.072108626;
 0.074668936, -0.021577343, 0.99697489, 0.50333899;
 0, 0, 0, 1]
Twc:
[0.99705911, 0.017253647, 0.074668936, -0.17752577;
 -0.01568247, 0.99964416, -0.021577343, -0.059040707;
 -0.075014658, 0.020342894, 0.99697489, -0.49284822;
 0, 0, 0, 1]
Ow:
[0.13910696;
 0.072108626;
 0.50333899]
Keyframe: 40 Frame: 407 Frame from vFrameID : 408
Tcw:
[0.99494398, -0.014471094, -0.099383175, 0.14400175;
 0.018399132, 0.9990806, 0.038722016, 0.07444194;
 0.098731451, -0.040354803, 0.99429554, 0.51419878;
 0, 0, 0, 1]
Twc:
[0.99494398, 0.018399132, 0.098731451, -0.19541095;
 -0.014471094, 0.9990806, -0.040354803, -0.05153925;
 -0.099383175, 0.038722016, 0.99429554, -0.49983674;
 0, 0, 0, 1]
Ow:
[0.14400175;
 0.07444194;
 0.51419878]
Keyframe: 41 Frame: 411 Frame from vFrameID : 412
Tcw:
[0.99657309, -0.018279001, -0.080671556, 0.14646906;
 0.021691939, 0.99889737, 0.041634969, 0.075854532;
 0.079821557, -0.043242216, 0.99587077, 0.52977759;
 0, 0, 0, 1]
Twc:
[0.99657309, 0.021691939, 0.079821557, -0.18990023;
 -0.018279001, 0.99889737, -0.043242216, -0.050184835;
 -0.080671556, 0.041634969, 0.99587077, -0.51893234;
 0, 0, 0, 1]
Ow:
[0.14646906;
 0.075854532;
 0.52977759]
Keyframe: 42 Frame: 416 Frame from vFrameID : 417
Tcw:
[0.99922889, -0.01619078, -0.035769269, 0.15129408;
 0.01687137, 0.99968076, 0.018808031, 0.077807717;
 0.035453334, -0.019397005, 0.99918306, 0.54696023;
 0, 0, 0, 1]
Twc:
[0.99922889, 0.01687137, 0.035453334, -0.17188171;
 -0.01619078, 0.99968076, -0.019397005, -0.064723916;
 -0.035769269, 0.018808031, 0.99918306, -0.54256511;
 0, 0, 0, 1]
Ow:
[0.15129408;
 0.077807717;
 0.54696023]
Keyframe: 43 Frame: 420 Frame from vFrameID : 421
Tcw:
[0.99979907, -0.019967252, -0.0017631155, 0.15462327;
 0.019985279, 0.99974108, 0.010879165, 0.07917773;
 0.001545432, -0.010912216, 0.99993926, 0.56097269;
 0, 0, 0, 1]
Twc:
[0.99979907, 0.019985279, 0.001545432, -0.15704153;
 -0.019967252, 0.99974108, -0.010912216, -0.069948375;
 -0.0017631155, 0.010879165, 0.99993926, -0.56152737;
 0, 0, 0, 1]
Ow:
[0.15462327;
 0.07917773;
 0.56097269]
Keyframe: 44 Frame: 424 Frame from vFrameID : 425
Tcw:
[0.99991423, -0.012488657, -0.0039466158, 0.15922752;
 0.012524199, 0.99988002, 0.0091131506, 0.080481812;
 0.0038323314, -0.0091617974, 0.99995071, 0.57349193;
 0, 0, 0, 1]
Twc:
[0.99991423, 0.012524199, 0.0038323314, -0.16241965;
 -0.012488657, 0.99988002, -0.0091617974, -0.07322941;
 -0.0039466158, 0.0091131506, 0.99995071, -0.57356864;
 0, 0, 0, 1]
Ow:
[0.15922752;
 0.080481812;
 0.57349193]
Keyframe: 45 Frame: 428 Frame from vFrameID : 429
Tcw:
[0.99940848, -0.012932529, -0.031866144, 0.16456583;
 0.01261953, 0.9998703, -0.010003921, 0.082372352;
 0.031991389, 0.0095958672, 0.9994421, 0.58517736;
 0, 0, 0, 1]
Twc:
[0.99940848, 0.01261953, 0.031991389, -0.18422861;
 -0.012932529, 0.9998703, 0.0095958672, -0.085848704;
 -0.031866144, -0.010003921, 0.9994421, -0.57878274;
 0, 0, 0, 1]
Ow:
[0.16456583;
 0.082372352;
 0.58517736]
Keyframe: 46 Frame: 432 Frame from vFrameID : 433
Tcw:
[0.9976601, 0.0027622245, -0.06831295, 0.16967861;
 -0.003289955, 0.99996561, -0.0076138922, 0.082686216;
 0.068289571, 0.0078208232, 0.99763489, 0.59651285;
 0, 0, 0, 1]
Twc:
[0.9976601, -0.003289955, 0.068289571, -0.20974515;
 0.0027622245, 0.99996561, 0.0078208232, -0.087817281;
 -0.06831295, -0.0076138922, 0.99763489, -0.58288121;
 0, 0, 0, 1]
Ow:
[0.16967861;
 0.082686216;
 0.59651285]
Keyframe: 47 Frame: 436 Frame from vFrameID : 437
Tcw:
[0.99588776, -0.0045403279, -0.090481587, 0.17369768;
 0.0053678593, 0.99994594, 0.0089046089, 0.086187623;
 0.090436272, -0.0093536843, 0.99585831, 0.606296;
 0, 0, 0, 1]
Twc:
[0.99588776, 0.0053678593, 0.090436272, -0.22827718;
 -0.0045403279, 0.99994594, -0.0093536843, -0.079723217;
 -0.090481587, 0.0089046089, 0.99585831, -0.58883595;
 0, 0, 0, 1]
Ow:
[0.17369768;
 0.086187623;
 0.606296]
Keyframe: 48 Frame: 440 Frame from vFrameID : 441
Tcw:
[0.99740082, -0.0067518973, -0.071735881, 0.17763597;
 0.0086827641, 0.99960744, 0.026638681, 0.087737598;
 0.071527861, -0.027192308, 0.99706787, 0.62056082;
 0, 0, 0, 1]
Twc:
[0.99740082, 0.0086827641, 0.071527861, -0.22232345;
 -0.0067518973, 0.99960744, -0.027192308, -0.069629297;
 -0.071735881, 0.026638681, 0.99706787, -0.60833561;
 0, 0, 0, 1]
Ow:
[0.17763597;
 0.087737598;
 0.62056082]
Keyframe: 49 Frame: 445 Frame from vFrameID : 446
Tcw:
[0.99883521, -0.018625868, -0.044511303, 0.18195628;
 0.019592386, 0.99957949, 0.021377236, 0.091935992;
 0.044094417, -0.022224419, 0.99878013, 0.63723737;
 0, 0, 0, 1]
Twc:
[0.99883521, 0.019592386, 0.044094417, -0.2116442;
 -0.018625868, 0.99957949, -0.022224419, -0.074346013;
 -0.044511303, 0.021377236, 0.99878013, -0.63032621;
 0, 0, 0, 1]
Ow:
[0.18195628;
 0.091935992;
 0.63723737]
Keyframe: 50 Frame: 449 Frame from vFrameID : 450
Tcw:
[0.99976683, -0.019164292, 0.0099492259, 0.18517283;
 0.019059788, 0.99976325, 0.010494314, 0.095657744;
 -0.010147987, -0.010302237, 0.99989545, 0.65300995;
 0, 0, 0, 1]
Twc:
[0.99976683, 0.019059788, -0.010147987, -0.18032615;
 -0.019164292, 0.99976325, -0.010302237, -0.085358933;
 0.0099492259, 0.010494314, 0.99989545, -0.65578783;
 0, 0, 0, 1]
Ow:
[0.18517283;
 0.095657744;
 0.65300995]
Keyframe: 51 Frame: 453 Frame from vFrameID : 454
Tcw:
[0.99943751, -0.011378181, 0.031547192, 0.18831564;
 0.01080905, 0.99977678, 0.018152855, 0.098153271;
 -0.031746697, -0.01780165, 0.99933738, 0.66666347;
 0, 0, 0, 1]
Twc:
[0.99943751, 0.01080905, -0.031746697, -0.1681063;
 -0.011378181, 0.99977678, -0.01780165, -0.084120959;
 0.031547192, 0.018152855, 0.99933738, -0.67394435;
 0, 0, 0, 1]
Ow:
[0.18831564;
 0.098153271;
 0.66666347]
Keyframe: 52 Frame: 457 Frame from vFrameID : 458
Tcw:
[0.99999291, -0.0037692254, 0.00017763447, 0.19190648;
 0.0037638943, 0.99970645, 0.023933845, 0.10158999;
 -0.00026779438, -0.023933006, 0.99971354, 0.67802906;
 0, 0, 0, 1]
Twc:
[0.99999291, 0.0037638943, -0.00026779438, -0.1921059;
 -0.0037692254, 0.99970645, -0.023933006, -0.084609561;
 0.00017763447, 0.023933845, 0.99971354, -0.68030035;
 0, 0, 0, 1]
Ow:
[0.19190648;
 0.10158999;
 0.67802906]
Keyframe: 53 Frame: 461 Frame from vFrameID : 462
Tcw:
[0.99792391, -0.0063372767, -0.064091466, 0.19372232;
 0.007321103, 0.9998588, 0.015127162, 0.10091701;
 0.063986547, -0.015564977, 0.99782938, 0.69231522;
 0, 0, 0, 1]
Twc:
[0.99792391, 0.007321103, 0.063986547, -0.23835783;
 -0.0063372767, 0.9998588, -0.015564977, -0.08889921;
 -0.064091466, 0.015127162, 0.99782938, -0.67992312;
 0, 0, 0, 1]
Ow:
[0.19372232;
 0.10091701;
 0.69231522]
Keyframe: 54 Frame: 465 Frame from vFrameID : 466
Tcw:
[0.99653089, -0.0036199808, -0.083145224, 0.20026024;
 0.0047056424, 0.99990618, 0.012865161, 0.10248062;
 0.083090849, -0.013211781, 0.99645442, 0.70394945;
 0, 0, 0, 1]
Twc:
[0.99653089, 0.0047056424, 0.083090849, -0.2585395;
 -0.0036199808, 0.99990618, -0.013211781, -0.092445634;
 -0.083145224, 0.012865161, 0.99645442, -0.68612128;
 0, 0, 0, 1]
Ow:
[0.20026024;
 0.10248062;
 0.70394945]
Keyframe: 55 Frame: 471 Frame from vFrameID : 472
Tcw:
[0.99852914, 0.0092927972, -0.053415745, 0.20494491;
 -0.0083808694, 0.9998157, 0.017270999, 0.10664816;
 0.053566396, -0.016797924, 0.99842298, 0.726017;
 0, 0, 0, 1]
Twc:
[0.99852914, -0.0083808694, 0.053566396, -0.24263977;
 0.0092927972, 0.9998157, -0.016797924, -0.096337445;
 -0.053415745, 0.017270999, 0.99842298, -0.71576673;
 0, 0, 0, 1]
Ow:
[0.20494491;
 0.10664816;
 0.726017]
Keyframe: 56 Frame: 476 Frame from vFrameID : 477
Tcw:
[0.99899852, 0.00194973, -0.044701099, 0.2055192;
 -0.0013902338, 0.99992037, 0.012544059, 0.10743672;
 0.044721995, -0.012469351, 0.99892163, 0.73521829;
 0, 0, 0, 1]
Twc:
[0.99899852, -0.0013902338, 0.044721995, -0.23804444;
 0.00194973, 0.99992037, -0.012469351, -0.098661177;
 -0.044701099, 0.012544059, 0.99892163, -0.72658622;
 0, 0, 0, 1]
Ow:
[0.2055192;
 0.10743672;
 0.73521829]
Keyframe: 57 Frame: 481 Frame from vFrameID : 482
Tcw:
[0.99937308, -0.026697967, -0.023252334, 0.20773835;
 0.027694635, 0.99866289, 0.043651644, 0.10990666;
 0.022055833, -0.044268243, 0.9987762, 0.74729115;
 0, 0, 0, 1]
Twc:
[0.99937308, 0.027694635, 0.022055833, -0.22713408;
 -0.026697967, 0.99866289, -0.044268243, -0.071132243;
 -0.023252334, 0.043651644, 0.9987762, -0.74634379;
 0, 0, 0, 1]
Ow:
[0.20773835;
 0.10990666;
 0.74729115]
Keyframe: 58 Frame: 487 Frame from vFrameID : 488
Tcw:
[0.9990021, -0.03696043, -0.02507565, 0.21089913;
 0.038191356, 0.99799216, 0.050528042, 0.11219747;
 0.023157762, -0.051435292, 0.99840778, 0.75954574;
 0, 0, 0, 1]
Twc:
[0.9990021, 0.038191356, 0.023157762, -0.23256302;
 -0.03696043, 0.99799216, -0.051435292, -0.065109819;
 -0.02507565, 0.050528042, 0.99840778, -0.75871712;
 0, 0, 0, 1]
Ow:
[0.21089913;
 0.11219747;
 0.75954574]
Keyframe: 59 Frame: 492 Frame from vFrameID : 493
Tcw:
[0.99769306, -0.02657276, -0.062469762, 0.21657448;
 0.02963477, 0.99837804, 0.048611417, 0.11320341;
 0.061076701, -0.050350551, 0.99686229, 0.76914024;
 0, 0, 0, 1]
Twc:
[0.99769306, 0.02963477, 0.061076701, -0.26640615;
 -0.02657276, 0.99837804, -0.050350551, -0.068538174;
 -0.062469762, 0.048611417, 0.99686229, -0.75870055;
 0, 0, 0, 1]
Ow:
[0.21657448;
 0.11320341;
 0.76914024]
Keyframe: 60 Frame: 497 Frame from vFrameID : 498
Tcw:
[0.9975608, -0.020297805, -0.066786431, 0.22013681;
 0.024016356, 0.99817789, 0.055354901, 0.11437479;
 0.065541148, -0.056823846, 0.9962306, 0.77848613;
 0, 0, 0, 1]
Twc:
[0.9975608, 0.024016356, 0.065541148, -0.27336961;
 -0.020297805, 0.99817789, -0.056823846, -0.065461509;
 -0.066786431, 0.055354901, 0.9962306, -0.7671808;
 0, 0, 0, 1]
Ow:
[0.22013681;
 0.11437479;
 0.77848613]
Keyframe: 61 Frame: 502 Frame from vFrameID : 503
Tcw:
[0.99877834, -0.02128033, -0.044598043, 0.22160985;
 0.023481494, 0.99850166, 0.049427342, 0.11651246;
 0.04347939, -0.050414186, 0.99778152, 0.78823084;
 0, 0, 0, 1]
Twc:
[0.99877834, 0.023481494, 0.04347939, -0.2583468;
 -0.02128033, 0.99850166, -0.050414186, -0.071883932;
 -0.044598043, 0.049427342, 0.99778152, -0.78235769;
 0, 0, 0, 1]
Ow:
[0.22160985;
 0.11651246;
 0.78823084]
Keyframe: 62 Frame: 507 Frame from vFrameID : 508
Tcw:
[0.99927557, -0.026601277, -0.027216902, 0.22294845;
 0.027150434, 0.99943107, 0.020010397, 0.11666912;
 0.026669115, -0.02073485, 0.99942923, 0.79845935;
 0, 0, 0, 1]
Twc:
[0.99927557, 0.027150434, 0.026669115, -0.24724874;
 -0.026601277, 0.99943107, -0.02073485, -0.094116084;
 -0.027216902, 0.020010397, 0.99942923, -0.79427028;
 0, 0, 0, 1]
Ow:
[0.22294845;
 0.11666912;
 0.79845935]
Keyframe: 63 Frame: 513 Frame from vFrameID : 514
Tcw:
[0.99941576, -0.034177713, 0.00028610605, 0.22537071;
 0.034152232, 0.99893129, 0.031144219, 0.1177044;
 -0.0013502385, -0.031116251, 0.99951488, 0.80814189;
 0, 0, 0, 1]
Twc:
[0.99941576, 0.034152232, -0.0013502385, -0.2281677;
 -0.034177713, 0.99893129, -0.031116251, -0.084729604;
 0.00028610605, 0.031144219, 0.99951488, -0.8114801;
 0, 0, 0, 1]
Ow:
[0.22537071;
 0.1177044;
 0.80814189]
Keyframe: 64 Frame: 517 Frame from vFrameID : 518
Tcw:
[0.99930876, -0.036019791, 0.0091969557, 0.22694801;
 0.035786442, 0.99906182, 0.024387712, 0.11936863;
 -0.010066767, -0.024041727, 0.99966025, 0.81495929;
 0, 0, 0, 1]
Twc:
[0.99930876, 0.035786442, -0.010066767, -0.22285891;
 -0.036019791, 0.99906182, -0.024041727, -0.091488995;
 0.0091969557, 0.024387712, 0.99966025, -0.81968081;
 0, 0, 0, 1]
Ow:
[0.22694801;
 0.11936863;
 0.81495929]
Keyframe: 65 Frame: 522 Frame from vFrameID : 523
Tcw:
[0.99924397, -0.022213103, -0.031906936, 0.23129758;
 0.022566183, 0.99968755, 0.010748744, 0.12023237;
 0.031658202, -0.011460636, 0.99943304, 0.82320321;
 0, 0, 0, 1]
Twc:
[0.99924397, 0.022566183, 0.031658202, -0.25989705;
 -0.022213103, 0.99968755, -0.011460636, -0.10562254;
 -0.031906936, 0.010748744, 0.99943304, -0.81664884;
 0, 0, 0, 1]
Ow:
[0.23129758;
 0.12023237;
 0.82320321]
Keyframe: 66 Frame: 527 Frame from vFrameID : 528
Tcw:
[0.99906552, -0.0075688753, -0.042553257, 0.23402369;
 0.0087703271, 0.99956614, 0.028118642, 0.12100463;
 0.042321969, -0.028465571, 0.99869841, 0.83092594;
 0, 0, 0, 1]
Twc:
[0.99906552, 0.0087703271, 0.042321969, -0.27003267;
 -0.0075688753, 0.99956614, -0.028465571, -0.095528059;
 -0.042553257, 0.028118642, 0.99869841, -0.82328844;
 0, 0, 0, 1]
Ow:
[0.23402369;
 0.12100463;
 0.83092594]
Keyframe: 67 Frame: 531 Frame from vFrameID : 532
Tcw:
[0.99876589, -0.0042084684, -0.049486969, 0.23624933;
 0.0059595373, 0.99935931, 0.035290316, 0.12255503;
 0.049306747, -0.035541683, 0.99815112, 0.83943456;
 0, 0, 0, 1]
Twc:
[0.99876589, 0.0059595373, 0.049306747, -0.27807793;
 -0.0042084684, 0.99935931, -0.035541683, -0.091647349;
 -0.049486969, 0.035290316, 0.99815112, -0.83051628;
 0, 0, 0, 1]
Ow:
[0.23624933;
 0.12255503;
 0.83943456]
Keyframe: 68 Frame: 535 Frame from vFrameID : 536
Tcw:
[0.99948722, -0.011905678, -0.029725444, 0.23705158;
 0.013139573, 0.99904519, 0.041665468, 0.12441191;
 0.029201007, -0.042034682, 0.99868935, 0.8471359;
 0, 0, 0, 1]
Twc:
[0.99948722, 0.013139573, 0.029201007, -0.26330194;
 -0.011905678, 0.99904519, -0.042034682, -0.08586178;
 -0.029725444, 0.041665468, 0.99868935, -0.84416276;
 0, 0, 0, 1]
Ow:
[0.23705158;
 0.12441191;
 0.8471359]
Keyframe: 69 Frame: 539 Frame from vFrameID : 540
Tcw:
[0.99984586, -0.015992371, -0.0072417427, 0.23820436;
 0.016154086, 0.99960834, 0.022852054, 0.12545258;
 0.0068734479, -0.022965517, 0.99971265, 0.8550958;
 0, 0, 0, 1]
Twc:
[0.99984586, 0.016154086, 0.0068734479, -0.24607168;
 -0.015992371, 0.99960834, -0.022965517, -0.10195627;
 -0.0072417427, 0.022852054, 0.99971265, -0.8559919;
 0, 0, 0, 1]
Ow:
[0.23820436;
 0.12545258;
 0.8550958]
Keyframe: 70 Frame: 545 Frame from vFrameID : 546
Tcw:
[0.99924487, -0.031276695, 0.023054633, 0.24053998;
 0.030315967, 0.998703, 0.040905375, 0.12625293;
 -0.024304116, -0.040175561, 0.99889702, 0.86541742;
 0, 0, 0, 1]
Twc:
[0.99924487, 0.030315967, -0.024304116, -0.22315261;
 -0.031276695, 0.998703, -0.040175561, -0.083797254;
 0.023054633, 0.040905375, 0.99889702, -0.87517285;
 0, 0, 0, 1]
Ow:
[0.24053998;
 0.12625293;
 0.86541742]
Keyframe: 71 Frame: 551 Frame from vFrameID : 552
Tcw:
[0.99945307, -0.029289832, 0.015351689, 0.24406639;
 0.028847152, 0.999183, 0.028304957, 0.12873548;
 -0.016168194, -0.027846623, 0.99948144, 0.87692159;
 0, 0, 0, 1]
Twc:
[0.99945307, 0.028847152, -0.016168194, -0.23346831;
 -0.029289832, 0.999183, -0.027846623, -0.097062342;
 0.015351689, 0.028304957, 0.99948144, -0.88385755;
 0, 0, 0, 1]
Ow:
[0.24406639;
 0.12873548;
 0.87692159]
Keyframe: 72 Frame: 555 Frame from vFrameID : 556
Tcw:
[0.99986458, -0.01277925, -0.01036834, 0.24774873;
 0.012861006, 0.99988639, 0.0078571709, 0.12908509;
 0.010266753, -0.0079894541, 0.99991536, 0.8849802;
 0, 0, 0, 1]
Twc:
[0.99986458, 0.012861006, 0.010266753, -0.25846121;
 -0.01277925, 0.99988639, -0.0079894541, -0.11883388;
 -0.01036834, 0.0078571709, 0.99991536, -0.88335079;
 0, 0, 0, 1]
Ow:
[0.24774873;
 0.12908509;
 0.8849802]
Keyframe: 73 Frame: 559 Frame from vFrameID : 560
Tcw:
[0.99988264, -0.0037491289, -0.014855897, 0.2500298;
 0.0039915075, 0.99985886, 0.016319392, 0.12973064;
 0.014792617, -0.016376775, 0.99975646, 0.89130133;
 0, 0, 0, 1]
Twc:
[0.99988264, 0.0039915075, 0.014792617, -0.26370296;
 -0.0037491289, 0.99985886, -0.016376775, -0.1141783;
 -0.014855897, 0.016319392, 0.99975646, -0.88948697;
 0, 0, 0, 1]
Ow:
[0.2500298;
 0.12973064;
 0.89130133]
Keyframe: 74 Frame: 563 Frame from vFrameID : 564
Tcw:
[0.99976653, 0.00084973499, -0.021589965, 0.25226414;
 -0.00059039367, 0.99992764, 0.012015658, 0.13028923;
 0.021598613, -0.012000106, 0.99969471, 0.89735508;
 0, 0, 0, 1]
Twc:
[0.99976653, -0.00059039367, 0.021598613, -0.27150995;
 0.00084973499, 0.99992764, -0.012000106, -0.1197258;
 -0.021589965, 0.012015658, 0.99969471, -0.89320028;
 0, 0, 0, 1]
Ow:
[0.25226414;
 0.13028923;
 0.89735508]
Keyframe: 75 Frame: 569 Frame from vFrameID : 570
Tcw:
[0.99967724, -0.012098448, -0.022338059, 0.2544764;
 0.012159459, 0.99992269, 0.0025974326, 0.13350117;
 0.022304907, -0.002868213, 0.9997471, 0.907561;
 0, 0, 0, 1]
Twc:
[0.99967724, 0.012159459, 0.022304907, -0.27626064;
 -0.012098448, 0.99992269, -0.002868213, -0.127809;
 -0.022338059, 0.0025974326, 0.9997471, -0.90199375;
 0, 0, 0, 1]
Ow:
[0.2544764;
 0.13350117;
 0.907561]
Keyframe: 76 Frame: 574 Frame from vFrameID : 575
Tcw:
[0.99980807, -0.018480418, -0.0065051578, 0.25683263;
 0.018499766, 0.99982458, 0.0029266854, 0.13452008;
 0.0064499304, -0.0030464674, 0.99997455, 0.91644377;
 0, 0, 0, 1]
Twc:
[0.99980807, 0.018499766, 0.0064499304, -0.26518294;
 -0.018480418, 0.99982458, -0.0030464674, -0.12695821;
 -0.0065051578, 0.0029266854, 0.99997455, -0.91514343;
 0, 0, 0, 1]
Ow:
[0.25683263;
 0.13452008;
 0.91644377]
Keyframe: 77 Frame: 580 Frame from vFrameID : 581
Tcw:
[0.99945056, -0.031985827, -0.0086902799, 0.25999045;
 0.032005027, 0.99948555, 0.0020793094, 0.13641416;
 0.008619301, -0.0023562997, 0.99996006, 0.92606592;
 0, 0, 0, 1]
Twc:
[0.99945056, 0.032005027, 0.008619301, -0.27219558;
 -0.031985827, 0.99948555, -0.0023562997, -0.12584589;
 -0.0086902799, 0.0020793094, 0.99996006, -0.92405319;
 0, 0, 0, 1]
Ow:
[0.25999045;
 0.13641416;
 0.92606592]
Keyframe: 78 Frame: 586 Frame from vFrameID : 587
Tcw:
[0.99910164, -0.027338469, -0.03238098, 0.26596481;
 0.028067529, 0.99935776, 0.022278637, 0.13994619;
 0.031751119, -0.023167476, 0.99922729, 0.93604785;
 0, 0, 0, 1]
Twc:
[0.99910164, 0.028067529, 0.031751119, -0.29937437;
 -0.027338469, 0.99935776, -0.023167476, -0.11089937;
 -0.03238098, 0.022278637, 0.99922729, -0.92983013;
 0, 0, 0, 1]
Ow:
[0.26596481;
 0.13994619;
 0.93604785]
Keyframe: 79 Frame: 590 Frame from vFrameID : 591
Tcw:
[0.99837202, -0.016501529, -0.054599017, 0.26898724;
 0.017682079, 0.99961865, 0.021210207, 0.139828;
 0.054228194, -0.022141101, 0.99828309, 0.94319445;
 0, 0, 0, 1]
Twc:
[0.99837202, 0.017682079, 0.054228194, -0.32216948;
 -0.016501529, 0.99961865, -0.022141101, -0.11445261;
 -0.054599017, 0.021210207, 0.99828309, -0.92985433;
 0, 0, 0, 1]
Ow:
[0.26898724;
 0.139828;
 0.94319445]
Keyframe: 80 Frame: 596 Frame from vFrameID : 597
Tcw:
[0.99745077, -0.0028244692, -0.071301952, 0.27313051;
 0.0041688229, 0.99981624, 0.01871261, 0.14152659;
 0.071235992, -0.018962152, 0.99727923, 0.95492721;
 0, 0, 0, 1]
Twc:
[0.99745077, 0.0041688229, 0.071235992, -0.34104943;
 -0.0028244692, 0.99981624, -0.018962152, -0.12262166;
 -0.071301952, 0.01871261, 0.99727923, -0.93550265;
 0, 0, 0, 1]
Ow:
[0.27313051;
 0.14152659;
 0.95492721]
Keyframe: 81 Frame: 600 Frame from vFrameID : 601
Tcw:
[0.99727666, -0.018339202, -0.071434662, 0.27386284;
 0.018993689, 0.99978352, 0.0084935017, 0.14350575;
 0.07126344, -0.0098271789, 0.99740911, 0.96211094;
 0, 0, 0, 1]
Twc:
[0.99727666, 0.018993689, 0.07126344, -0.34440607;
 -0.018339202, 0.99978352, -0.0098271789, -0.12899743;
 -0.071434662, 0.0084935017, 0.99740911, -0.94127381;
 0, 0, 0, 1]
Ow:
[0.27386284;
 0.14350575;
 0.96211094]
Keyframe: 82 Frame: 604 Frame from vFrameID : 605
Tcw:
[0.99680078, -0.032864459, -0.072856933, 0.27518928;
 0.03184709, 0.99937898, -0.015082238, 0.14525487;
 0.073307358, 0.012713706, 0.99722838, 0.96867484;
 0, 0, 0, 1]
Twc:
[0.99680078, 0.03184709, 0.073307358, -0.34994584;
 -0.032864459, 0.99937898, 0.012713706, -0.14843614;
 -0.072856933, -0.015082238, 0.99722838, -0.94374973;
 0, 0, 0, 1]
Ow:
[0.27518928;
 0.14525487;
 0.96867484]
Keyframe: 83 Frame: 608 Frame from vFrameID : 609
Tcw:
[0.99819475, -0.035215579, -0.048652623, 0.27712584;
 0.036288984, 0.99911308, 0.021358179, 0.14576586;
 0.047857333, -0.023085177, 0.99858737, 0.97659808;
 0, 0, 0, 1]
Twc:
[0.99819475, 0.036288984, 0.047857333, -0.32865265;
 -0.035215579, 0.99911308, -0.023085177, -0.11333249;
 -0.048652623, 0.021358179, 0.99858737, -0.96484894;
 0, 0, 0, 1]
Ow:
[0.27712584;
 0.14576586;
 0.97659808]
Keyframe: 84 Frame: 612 Frame from vFrameID : 613
Tcw:
[0.99879187, -0.028624147, -0.03994365, 0.27929968;
 0.029022628, 0.99953425, 0.0094320085, 0.14757453;
 0.039655063, -0.010579883, 0.99915743, 0.98400921;
 0, 0, 0, 1]
Twc:
[0.99879187, 0.029022628, 0.039655063, -0.32226619;
 -0.028624147, 0.99953425, -0.010579883, -0.12910038;
 -0.03994365, 0.0094320085, 0.99915743, -0.97341573;
 0, 0, 0, 1]
Ow:
[0.27929968;
 0.14757453;
 0.98400921]
Keyframe: 85 Frame: 617 Frame from vFrameID : 618
Tcw:
[0.99675143, -0.013082361, -0.079470113, 0.28258604;
 0.01396483, 0.99984676, 0.010558788, 0.14927216;
 0.079319797, -0.011634273, 0.99678135, 0.9925943;
 0, 0, 0, 1]
Twc:
[0.99675143, 0.01396483, 0.079319797, -0.36248493;
 -0.013082361, 0.99984676, -0.011634273, -0.13400427;
 -0.079470113, 0.010558788, 0.99678135, -0.96851844;
 0, 0, 0, 1]
Ow:
[0.28258604;
 0.14927216;
 0.9925943]
Keyframe: 86 Frame: 621 Frame from vFrameID : 622
Tcw:
[0.99370533, -0.014674949, -0.1110599, 0.28446513;
 0.013883326, 0.99987245, -0.00789792, 0.14985983;
 0.11116163, 0.0063063246, 0.99378234, 0.99866784;
 0, 0, 0, 1]
Twc:
[0.99370533, 0.013883326, 0.11116163, -0.39576867;
 -0.014674949, 0.99987245, 0.0063063246, -0.15196413;
 -0.1110599, -0.00789792, 0.99378234, -0.95968217;
 0, 0, 0, 1]
Ow:
[0.28446513;
 0.14985983;
 0.99866784]
Keyframe: 87 Frame: 627 Frame from vFrameID : 628
Tcw:
[0.99466932, -0.012232682, -0.10238798, 0.28851852;
 0.012634927, 0.99991477, 0.0032810059, 0.15131745;
 0.10233913, -0.0045571807, 0.99473912, 1.0102046;
 0, 0, 0, 1]
Twc:
[0.99466932, 0.012634927, 0.10233913, -0.39227587;
 -0.012232682, 0.99991477, -0.0045571807, -0.14317152;
 -0.10238798, 0.0032810059, 0.99473912, -0.97584569;
 0, 0, 0, 1]
Ow:
[0.28851852;
 0.15131745;
 1.0102046]
Keyframe: 88 Frame: 631 Frame from vFrameID : 632
Tcw:
[0.99642265, -0.0094441306, -0.083980508, 0.28871107;
 0.0099629564, 0.99993378, 0.0057609892, 0.15236138;
 0.083920538, -0.0065770741, 0.99645072, 1.015139;
 0, 0, 0, 1]
Twc:
[0.99642265, 0.0099629564, 0.083920538, -0.37438723;
 -0.0094441306, 0.99993378, -0.0065770741, -0.14294802;
 -0.083980508, 0.0057609892, 0.99645072, -0.98816758;
 0, 0, 0, 1]
Ow:
[0.28871107;
 0.15236138;
 1.015139]
Keyframe: 89 Frame: 635 Frame from vFrameID : 636
Tcw:
[0.99627298, -0.022998793, -0.083133638, 0.28925627;
 0.02394102, 0.99965972, 0.010354702, 0.15250325;
 0.082867205, -0.012306415, 0.99648464, 1.0222073;
 0, 0, 0, 1]
Twc:
[0.99627298, 0.02394102, 0.082867205, -0.37653676;
 -0.022998793, 0.99965972, -0.012306415, -0.13321912;
 -0.083133638, 0.010354702, 0.99648464, -0.99614596;
 0, 0, 0, 1]
Ow:
