Keyframe: 0 Frame: 0 Frame from vFrameID : 96
Tcw:
[1, 0, 0, 0;
 0, 1, 0, 0;
 0, 0, 1, 0;
 0, 0, 0, 1]
Twc:
[1, 0, 0, 0;
 0, 1, 0, 0;
 0, 0, 1, 0;
 0, 0, 0, 1]
Ow:
[0;
 0;
 0]
Keyframe: 1 Frame: 95 Frame from vFrameID : 96
Tcw:
[0.9996298, 0.027135031, 0.0019989666, 0.0095180292;
 -0.027143043, 0.99962318, 0.0040959138, 0.00090790226;
 -0.0018870705, -0.0041486556, 0.99998963, -0.020125505;
 0, 0, 0, 1]
Twc:
[0.9996298, -0.027143043, -0.0018870705, -0.0095278407;
 0.027135031, 0.99962318, -0.0041486556, -0.0012493259;
 0.0019989666, 0.0040959138, 0.99998963, 0.020102551;
 0, 0, 0, 1]
Ow:
[0.0095180292;
 0.00090790226;
 -0.020125505]
Keyframe: 2 Frame: 98 Frame from vFrameID : 99
Tcw:
[0.99993181, 0.0099749826, -0.0060769464, 0.0084090075;
 -0.0099424953, 0.99993622, 0.0053529809, 0.0019024719;
 0.0061299549, -0.0052921958, 0.99996722, -0.019939635;
 0, 0, 0, 1]
Twc:
[0.99993181, -0.0099424953, 0.0061299549, -0.008267289;
 0.0099749826, 0.99993622, -0.0052921958, -0.0020917549;
 -0.0060769464, 0.0053529809, 0.99996722, 0.019979898;
 0, 0, 0, 1]
Ow:
[0.0084090075;
 0.0019024719;
 -0.019939635]
Keyframe: 3 Frame: 100 Frame from vFrameID : 101
Tcw:
[0.99994653, 0.0044039926, -0.0093584629, 0.007859638;
 -0.0043500462, 0.99997383, 0.0057770531, 0.0021035327;
 0.0093836607, -0.0057360344, 0.9999395, -0.019986745;
 0, 0, 0, 1]
Twc:
[0.99994653, -0.0043500462, 0.0093836607, -0.0076625179;
 0.0044039926, 0.99997383, -0.0057360344, -0.0022527361;
 -0.0093584629, 0.0057770531, 0.9999395, 0.020046938;
 0, 0, 0, 1]
Ow:
[0.007859638;
 0.0021035327;
 -0.019986745]
Keyframe: 4 Frame: 102 Frame from vFrameID : 103
Tcw:
[0.99980938, -0.0029683257, -0.019297488, 0.0075565474;
 0.0031264408, 0.99996173, 0.0081685474, 0.0020576764;
 0.019272503, -0.0082273223, 0.99978042, -0.020972814;
 0, 0, 0, 1]
Twc:
[0.99980938, 0.0031264408, 0.019272503, -0.0071573416;
 -0.0029683257, 0.99996173, -0.0082273223, -0.0022077176;
 -0.019297488, 0.0081685474, 0.99978042, 0.021097222;
 0, 0, 0, 1]
Ow:
[0.0075565474;
 0.0020576764;
 -0.020972814]
Keyframe: 5 Frame: 104 Frame from vFrameID : 105
Tcw:
[0.99950695, -0.0080879377, -0.030339682, 0.0067890268;
 0.0083318586, 0.9999339, 0.0079218848, 0.0020709962;
 0.030273605, -0.008170764, 0.99950826, -0.021738337;
 0, 0, 0, 1]
Twc:
[0.99950695, 0.0083318586, 0.030273605, -0.0061448361;
 -0.0080879377, 0.9999339, -0.008170764, -0.0021935692;
 -0.030339682, 0.0079218848, 0.99950826, 0.021917218;
 0, 0, 0, 1]
Ow:
[0.0067890268;
 0.0020709962;
 -0.021738337]
Keyframe: 6 Frame: 106 Frame from vFrameID : 107
Tcw:
[0.99892837, -0.011476667, -0.04483752, 0.0050267298;
 0.012057888, 0.99984646, 0.01271395, 0.0015368125;
 0.044684723, -0.013240972, 0.99891341, -0.022243021;
 0, 0, 0, 1]
Twc:
[0.99892837, 0.012057888, 0.044684723, -0.0040459502;
 -0.011476667, 0.99984646, -0.013240972, -0.0017734057;
 -0.04483752, 0.01271395, 0.99891341, 0.022424698;
 0, 0, 0, 1]
Ow:
[0.0050267298;
 0.0015368125;
 -0.022243021]
Keyframe: 7 Frame: 109 Frame from vFrameID : 110
Tcw:
[0.99829483, -0.0058913101, -0.058075666, 0.0056631365;
 0.0065935208, 0.99990737, 0.011907104, 0.00070563419;
 0.05800014, -0.012269723, 0.99824119, -0.0201545;
 0, 0, 0, 1]
Twc:
[0.99829483, 0.0065935208, 0.05800014, -0.0044891685;
 -0.0058913101, 0.99990737, -0.012269723, -0.00091949565;
 -0.058075666, 0.011907104, 0.99824119, 0.020439539;
 0, 0, 0, 1]
Ow:
[0.0056631365;
 0.00070563419;
 -0.0201545]
Keyframe: 8 Frame: 111 Frame from vFrameID : 112
Tcw:
[0.99820656, -0.0048931772, -0.05966327, 0.0049659568;
 0.0054690032, 0.99993998, 0.009491791, 0.00034688192;
 0.059613246, -0.0098010665, 0.99817342, -0.019187488;
 0, 0, 0, 1]
Twc:
[0.99820656, 0.0054690032, 0.059613246, -0.0038151192;
 -0.0048931772, 0.99993998, -0.0098010665, -0.00051061972;
 -0.05966327, 0.009491791, 0.99817342, 0.019445434;
 0, 0, 0, 1]
Ow:
[0.0049659568;
 0.00034688192;
 -0.019187488]
Keyframe: 9 Frame: 114 Frame from vFrameID : 115
Tcw:
[0.99858707, -0.0073234253, -0.052632481, 0.0048062238;
 0.0077126329, 0.99994439, 0.0071955151, 0.00018988948;
 0.052576859, -0.0075912834, 0.99858803, -0.016899941;
 0, 0, 0, 1]
Twc:
[0.99858707, 0.0077126329, 0.052576859, -0.003912352;
 -0.0073234253, 0.99994439, -0.0075912834, -0.00028297317;
 -0.052632481, 0.0071955151, 0.99858803, 0.017127678;
 0, 0, 0, 1]
Ow:
[0.0048062238;
 0.00018988948;
 -0.016899941]
Keyframe: 10 Frame: 117 Frame from vFrameID : 118
Tcw:
[0.99928951, -0.0098401951, -0.036381226, 0.0047091763;
 0.0099526811, 0.99994624, 0.0029120403, 0.00018790993;
 0.036350615, -0.0032720622, 0.99933374, -0.01263308;
 0, 0, 0, 1]
Twc:
[0.99928951, 0.0099526811, 0.036350615, -0.0042484808;
 -0.0098401951, 0.99994624, -0.0032720622, -0.00018289682;
 -0.036381226, 0.0029120403, 0.99933374, 0.012795442;
 0, 0, 0, 1]
Ow:
[0.0047091763;
 0.00018790993;
 -0.01263308]
Keyframe: 11 Frame: 121 Frame from vFrameID : 122
Tcw:
[0.99979872, 0.0014478213, -0.02001098, 0.005190176;
 -0.0016768731, 0.99993324, -0.011434274, -0.00030651543;
 0.019993089, 0.011465528, 0.9997344, -0.0080560204;
 0, 0, 0, 1]
Twc:
[0.99979872, -0.0016768731, 0.019993089, -0.0050285808;
 0.0014478213, 0.99993324, 0.011465528, 0.00039134704;
 -0.02001098, -0.011434274, 0.9997344, 0.0081542358;
 0, 0, 0, 1]
Ow:
[0.005190176;
 -0.00030651543;
 -0.0080560204]
Keyframe: 12 Frame: 125 Frame from vFrameID : 126
Tcw:
[0.99999654, -0.0025938579, -0.00036094859, 0.0053838729;
 0.002587449, 0.99985641, -0.016748359, 8.4783824e-05;
 0.00040433963, 0.016747368, 0.99985969, -0.0055171777;
 0, 0, 0, 1]
Twc:
[0.99999654, 0.002587449, 0.00040433963, -0.0053818431;
 -0.0025938579, 0.99985641, 0.016747368, 2.1591553e-05;
 -0.00036094859, -0.016748359, 0.99985969, 0.0055197668;
 0, 0, 0, 1]
Ow:
[0.0053838729;
 8.4783824e-05;
 -0.0055171777]
Keyframe: 13 Frame: 129 Frame from vFrameID : 130
Tcw:
[0.99971318, -0.0069879149, 0.022906281, 0.0048808497;
 0.0071987961, 0.99993235, -0.0091367727, 0.0010515797;
 -0.022840885, 0.0092990501, 0.99969584, -0.0017617411;
 0, 0, 0, 1]
Twc:
[0.99971318, 0.0071987961, -0.022840885, -0.0049272599;
 -0.0069879149, 0.99993235, 0.0092990501, -0.0010010191;
 0.022906281, -0.0091367727, 0.99969584, 0.0016590114;
 0, 0, 0, 1]
Ow:
[0.0048808497;
 0.0010515797;
 -0.0017617411]
Keyframe: 14 Frame: 134 Frame from vFrameID : 135
Tcw:
[0.99920839, -0.0049552042, 0.039471816, 0.0050271014;
 0.0051584374, 0.99997395, -0.0050486294, 0.0029824746;
 -0.039445769, 0.0052482458, 0.99920791, 0.0030345193;
 0, 0, 0, 1]
Twc:
[0.99920839, 0.0051584374, -0.039445769, -0.0049188081;
 -0.0049552042, 0.99997395, 0.0052482458, -0.0029734126;
 0.039471816, -0.0050486294, 0.99920791, -0.0032154871;
 0, 0, 0, 1]
Ow:
[0.0050271014;
 0.0029824746;
 0.0030345193]
Keyframe: 15 Frame: 139 Frame from vFrameID : 140
Tcw:
[0.9995802, -0.012935463, 0.02592581, 0.00520558;
 0.013068939, 0.99990219, -0.0049855239, 0.0044159852;
 -0.025858782, 0.0053222533, 0.99965143, 0.0075560352;
 0, 0, 0, 1]
Twc:
[0.9995802, 0.013068939, -0.025858782, -0.0050657168;
 -0.012935463, 0.99990219, 0.0053222533, -0.0043884316;
 0.02592581, -0.0049855239, 0.99965143, -0.0076663448;
 0, 0, 0, 1]
Ow:
[0.00520558;
 0.0044159852;
 0.0075560352]
Keyframe: 16 Frame: 143 Frame from vFrameID : 144
Tcw:
[0.9993785, -0.0068915095, 0.034571037, 0.0074649239;
 0.0067449142, 0.99996775, 0.0043552299, 0.005386292;
 -0.034599937, -0.0041193445, 0.99939275, 0.012903283;
 0, 0, 0, 1]
Twc:
[0.9993785, 0.0067449142, -0.034599937, -0.0070501617;
 -0.0068915095, 0.99996775, -0.0041193445, -0.005281521;
 0.034571037, 0.0043552299, 0.99939275, -0.013176977;
 0, 0, 0, 1]
Ow:
[0.0074649239;
 0.005386292;
 0.012903283]
Keyframe: 17 Frame: 147 Frame from vFrameID : 148
Tcw:
[0.99987137, -0.0019066065, 0.015923291, 0.01150094;
 0.0017941706, 0.99997336, 0.0070724012, 0.0065081329;
 -0.015936352, -0.0070429225, 0.99984819, 0.01923856;
 0, 0, 0, 1]
Twc:
[0.99987137, 0.0017941706, -0.015936352, -0.011204544;
 -0.0019066065, 0.99997336, -0.0070429225, -0.0063505359;
 0.015923291, 0.0070724012, 0.99984819, -0.0194648;
 0, 0, 0, 1]
Ow:
[0.01150094;
 0.0065081329;
 0.01923856]
Keyframe: 18 Frame: 151 Frame from vFrameID : 152
Tcw:
[0.99996114, 0.0085609481, -0.0021064957, 0.017035041;
 -0.0085770665, 0.99993306, -0.0077657155, 0.0052230707;
 0.0020398728, 0.0077834814, 0.99996763, 0.028081575;
 0, 0, 0, 1]
Twc:
[0.99996114, -0.0085770665, 0.0020398728, -0.017046863;
 0.0085609481, 0.99993306, 0.0077834814, -0.0055871294;
 -0.0021064957, -0.0077657155, 0.99996763, -0.028004222;
 0, 0, 0, 1]
Ow:
[0.017035041;
 0.0052230707;
 0.028081575]
Keyframe: 19 Frame: 155 Frame from vFrameID : 156
Tcw:
[0.99975687, 0.014194459, -0.016875027, 0.019564178;
 -0.014268105, 0.99988919, -0.0042518442, 0.0046782796;
 0.016812803, 0.0044915848, 0.99984854, 0.032227717;
 0, 0, 0, 1]
Twc:
[0.99975687, -0.014268105, 0.016812803, -0.020034507;
 0.014194459, 0.99988919, 0.0044915848, -0.0051002176;
 -0.016875027, -0.0042518442, 0.99984854, -0.031872801;
 0, 0, 0, 1]
Ow:
[0.019564178;
 0.0046782796;
 0.032227717]
Keyframe: 20 Frame: 159 Frame from vFrameID : 160
Tcw:
[0.99969703, 0.020670984, -0.013362622, 0.021746133;
 -0.02051791, 0.99972343, 0.01149266, 0.0033906461;
 0.01359649, -0.011215005, 0.99984467, 0.036456712;
 0, 0, 0, 1]
Twc:
[0.99969703, -0.02051791, 0.01359649, -0.022165658;
 0.020670984, 0.99972343, -0.011215005, -0.00343036;
 -0.013362622, 0.01149266, 0.99984467, -0.036199428;
 0, 0, 0, 1]
Ow:
[0.021746133;
 0.0033906461;
 0.036456712]
Keyframe: 21 Frame: 164 Frame from vFrameID : 165
Tcw:
[0.99991322, 0.0091822091, 0.0094442973, 0.024501694;
 -0.0094165066, 0.99964136, 0.025070516, 0.0007204318;
 -0.0092107067, -0.025157273, 0.99964106, 0.044185691;
 0, 0, 0, 1]
Twc:
[0.99991322, -0.0094165066, -0.0092107067, -0.024085803;
 0.0091822091, 0.99964136, -0.025157273, 0.00016643843;
 0.0094442973, 0.025070516, 0.99964106, -0.044419296;
 0, 0, 0, 1]
Ow:
[0.024501694;
 0.0007204318;
 0.044185691]
Keyframe: 22 Frame: 169 Frame from vFrameID : 170
Tcw:
[0.99957448, 0.0036724887, 0.028937705, 0.026430422;
 -0.0040927907, 0.99988681, 0.01447855, -0.00084699853;
 -0.028881257, -0.014590825, 0.99947637, 0.056131642;
 0, 0, 0, 1]
Twc:
[0.99957448, -0.0040927907, -0.028881257, -0.024801489;
 0.0036724887, 0.99988681, -0.014590825, 0.0015688442;
 0.028937705, 0.01447855, 0.99947637, -0.056854822;
 0, 0, 0, 1]
Ow:
[0.026430422;
 -0.00084699853;
 0.056131642]
Keyframe: 23 Frame: 174 Frame from vFrameID : 175
Tcw:
[0.99747807, -0.010633292, 0.070174567, 0.031380255;
 0.0096456204, 0.9998498, 0.014398372, -0.0030634634;
 -0.070317127, -0.013685183, 0.9974308, 0.064266108;
 0, 0, 0, 1]
Twc:
[0.99747807, 0.0096456204, -0.070317127, -0.026752558;
 -0.010633292, 0.9998498, -0.013685183, 0.0042761718;
 0.070174567, 0.014398372, 0.9974308, -0.066258982;
 0, 0, 0, 1]
Ow:
[0.031380255;
 -0.0030634634;
 0.064266108]
Keyframe: 24 Frame: 179 Frame from vFrameID : 180
Tcw:
[0.99614882, 0.00027757126, 0.087677889, 0.03521819;
 -0.002648955, 0.99963379, 0.026931349, -0.003494133;
 -0.087638304, -0.027059887, 0.99578476, 0.073663853;
 0, 0, 0, 1]
Twc:
[0.99614882, -0.002648955, -0.087638304, -0.02863604;
 0.00027757126, 0.99963379, -0.027059887, 0.0054764133;
 0.087677889, 0.026931349, 0.99578476, -0.076347098;
 0, 0, 0, 1]
Ow:
[0.03521819;
 -0.003494133;
 0.073663853]
Keyframe: 25 Frame: 185 Frame from vFrameID : 186
Tcw:
[0.99961108, 0.023115352, 0.015598545, 0.04188104;
 -0.023059171, 0.99972701, -0.0037719691, -0.0060524726;
 -0.015681477, 0.0034108127, 0.99987119, 0.082307555;
 0, 0, 0, 1]
Twc:
[0.99961108, -0.023059171, -0.015681477, -0.040713616;
 0.023115352, 0.99972701, 0.0034108127, 0.0048019895;
 0.015598545, -0.0037719691, 0.99987119, -0.08297307;
 0, 0, 0, 1]
Ow:
[0.04188104;
 -0.0060524726;
 0.082307555]
Keyframe: 26 Frame: 191 Frame from vFrameID : 192
Tcw:
[0.99977237, 0.020710928, 0.005125524, 0.045160491;
 -0.02077117, 0.99971235, 0.011993109, -0.0081448974;
 -0.0048756613, -0.012096843, 0.99991494, 0.089539744;
 0, 0, 0, 1]
Twc:
[0.99977237, -0.02077117, -0.0048756613, -0.044882827;
 0.020710928, 0.99971235, -0.012096843, 0.0082903868;
 0.005125524, 0.011993109, 0.99991494, -0.08966592;
 0, 0, 0, 1]
Ow:
[0.045160491;
 -0.0081448974;
 0.089539744]
Keyframe: 27 Frame: 196 Frame from vFrameID : 197
Tcw:
[0.99970764, 0.019893516, 0.013743457, 0.047253586;
 -0.019898042, 0.99980199, 0.00019275246, -0.0074778828;
 -0.013736902, -0.000466164, 0.99990553, 0.097216442;
 0, 0, 0, 1]
Twc:
[0.99970764, -0.019898042, -0.013736902, -0.046053112;
 0.019893516, 0.99980199, -0.000466164, 0.0065816808;
 0.013743457, 0.00019275246, 0.99990553, -0.097855248;
 0, 0, 0, 1]
Ow:
[0.047253586;
 -0.0074778828;
 0.097216442]
Keyframe: 28 Frame: 202 Frame from vFrameID : 203
Tcw:
[0.99875349, 0.012075724, 0.048431441, 0.04950336;
 -0.011628545, 0.99988723, -0.0095044198, -0.0073397402;
 -0.048540752, 0.0089293849, 0.99878126, 0.10414686;
 0, 0, 0, 1]
Twc:
[0.99875349, -0.011628545, -0.048540752, -0.04447164;
 0.012075724, 0.99988723, 0.0089293849, 0.0058111558;
 0.048431441, -0.0095044198, 0.99878126, -0.10648722;
 0, 0, 0, 1]
Ow:
[0.04950336;
 -0.0073397402;
 0.10414686]
Keyframe: 29 Frame: 208 Frame from vFrameID : 209
Tcw:
[0.99855614, 0.0049405098, 0.053490896, 0.052355498;
 -0.0054267244, 0.99994522, 0.008948246, -0.0063805366;
 -0.053443756, -0.009225606, 0.99852824, 0.11004552;
 0, 0, 0, 1]
Twc:
[0.99855614, -0.0054267244, -0.053443756, -0.046433281;
 0.0049405098, 0.99994522, -0.009225606, 0.0071367612;
 0.053490896, 0.008948246, 0.99852824, -0.11262701;
 0, 0, 0, 1]
Ow:
[0.052355498;
 -0.0063805366;
 0.11004552]
Keyframe: 30 Frame: 214 Frame from vFrameID : 215
Tcw:
[0.99952286, 0.0051586237, 0.03045447, 0.056472883;
 -0.0060148509, 0.9995873, 0.028090663, -0.0052903257;
 -0.030296991, -0.028260438, 0.99914134, 0.11723162;
 0, 0, 0, 1]
Twc:
[0.99952286, -0.0060148509, -0.030296991, -0.052925989;
 0.0051586237, 0.9995873, -0.028260438, 0.0083098365;
 0.03045447, 0.028090663, 0.99914134, -0.1187022;
 0, 0, 0, 1]
Ow:
[0.056472883;
 -0.0052903257;
 0.11723162]
Keyframe: 31 Frame: 220 Frame from vFrameID : 221
Tcw:
[0.99991304, 0.013166293, -0.00074545876, 0.064749375;
 -0.013163731, 0.99990779, 0.0033419379, -0.0029835468;
 0.00078939094, -0.0033318342, 0.99999416, 0.12890872;
 0, 0, 0, 1]
Twc:
[0.99991304, -0.013163731, 0.00078939094, -0.064884774;
 0.013166293, 0.99990779, -0.0033318342, 0.0025602649;
 -0.00074545876, 0.0033419379, 0.99999416, -0.12884973;
 0, 0, 0, 1]
Ow:
[0.064749375;
 -0.0029835468;
 0.12890872]
Keyframe: 32 Frame: 226 Frame from vFrameID : 227
Tcw:
[0.99951655, 0.029774802, -0.0089487666, 0.069136828;
 -0.029611463, 0.99940187, 0.01786219, -0.003057447;
 0.0094752572, -0.017588569, 0.99980038, 0.13668361;
 0, 0, 0, 1]
Twc:
[0.99951655, -0.029611463, 0.0094752572, -0.070489056;
 0.029774802, 0.99940187, -0.017588569, 0.0034011516;
 -0.0089487666, 0.01786219, 0.99980038, -0.13598303;
 0, 0, 0, 1]
Ow:
[0.069136828;
 -0.003057447;
 0.13668361]
Keyframe: 33 Frame: 232 Frame from vFrameID : 233
Tcw:
[0.99998927, 0.00061172695, 0.0045884987, 0.07150007;
 -0.00060638285, 0.99999917, -0.0011659791, -0.0026562568;
 -0.0045892079, 0.0011631842, 0.99998879, 0.14574255;
 0, 0, 0, 1]
Twc:
[0.99998927, -0.00060638285, -0.0045892079, -0.070832074;
 0.00061172695, 0.99999917, 0.0011631842, 0.0024429904;
 0.0045884987, -0.0011659791, 0.99998879, -0.14607209;
 0, 0, 0, 1]
Ow:
[0.07150007;
 -0.0026562568;
 0.14574255]
Keyframe: 34 Frame: 238 Frame from vFrameID : 239
Tcw:
[0.99927604, 0.00405293, 0.037828621, 0.075417042;
 -0.0041578603, 0.99998772, 0.0026955709, -0.003932334;
 -0.037817229, -0.0028509055, 0.99928063, 0.15312018;
 0, 0, 0, 1]
Twc:
[0.99927604, -0.0041578603, -0.037817229, -0.069588207;
 0.00405293, 0.99998772, -0.0028509055, 0.0040631569;
 0.037828621, 0.0026955709, 0.99928063, -0.15585235;
 0, 0, 0, 1]
Ow:
[0.075417042;
 -0.003932334;
 0.15312018]
Keyframe: 35 Frame: 244 Frame from vFrameID : 245
Tcw:
[0.99999112, -0.00086971297, 0.0041178982, 0.078288347;
 0.00078053441, 0.99976623, 0.021608617, -0.0054035867;
 -0.0041357288, -0.021605212, 0.99975801, 0.15960342;
 0, 0, 0, 1]
Twc:
[0.99999112, 0.00078053441, -0.0041357288, -0.077623367;
 -0.00086971297, 0.99976623, -0.021605212, 0.0089186784;
 0.0041178982, 0.021608617, 0.99975801, -0.15977043;
 0, 0, 0, 1]
Ow:
[0.078288347;
 -0.0054035867;
 0.15960342]
Keyframe: 36 Frame: 250 Frame from vFrameID : 251
Tcw:
[0.99892354, 0.01504056, -0.043880343, 0.081477165;
 -0.014739556, 0.99986565, 0.007175161, -0.004192654;
 0.043982364, -0.0065206606, 0.99901104, 0.16350885;
 0, 0, 0, 1]
Twc:
[0.99892354, -0.014739556, 0.043982364, -0.088642769;
 0.01504056, 0.99986565, -0.0065206606, 0.0040328139;
 -0.043880343, 0.007175161, 0.99901104, -0.15974182;
 0, 0, 0, 1]
Ow:
[0.081477165;
 -0.004192654;
 0.16350885]
Keyframe: 37 Frame: 256 Frame from vFrameID : 257
Tcw:
[0.99887156, 0.024371507, -0.040762529, 0.083546281;
 -0.022926452, 0.99910486, 0.035550036, -0.0032348367;
 0.041592449, -0.03457538, 0.99853623, 0.16920176;
 0, 0, 0, 1]
Twc:
[0.99887156, -0.022926452, 0.041592449, -0.090563685;
 0.024371507, 0.99910486, -0.03457538, 0.0070460089;
 -0.040762529, 0.035550036, 0.99853623, -0.16543354;
 0, 0, 0, 1]
Ow:
[0.083546281;
 -0.0032348367;
 0.16920176]
Keyframe: 38 Frame: 262 Frame from vFrameID : 263
Tcw:
[0.99974167, 0.018298067, -0.013483209, 0.083836935;
 -0.017986163, 0.99957591, 0.022901937, -0.0039438726;
 0.013896552, -0.022653511, 0.99964678, 0.17217143;
 0, 0, 0, 1]
Twc:
[0.99974167, -0.017986163, 0.013896552, -0.086278796;
 0.018298067, 0.99957591, -0.022653511, 0.0063084336;
 -0.013483209, 0.022901937, 0.99964678, -0.17088991;
 0, 0, 0, 1]
Ow:
[0.083836935;
 -0.0039438726;
 0.17217143]
Keyframe: 39 Frame: 268 Frame from vFrameID : 269
Tcw:
[0.99995363, -0.0011795637, 0.009558375, 0.084447555;
 0.000729953, 0.99889904, 0.046906076, -0.0036722207;
 -0.00960318, -0.046896923, 0.99885356, 0.17644972;
 0, 0, 0, 1]
Twc:
[0.99995363, 0.000729953, -0.00960318, -0.082746476;
 -0.0011795637, 0.99889904, -0.046896923, 0.012042738;
 0.009558375, 0.046906076, 0.99885356, -0.17688237;
 0, 0, 0, 1]
Ow:
[0.084447555;
 -0.0036722207;
 0.17644972]
Keyframe: 40 Frame: 274 Frame from vFrameID : 275
Tcw:
[0.99998373, -0.0049418746, -0.0028575268, 0.085467026;
 0.0050684819, 0.99892205, 0.046141863, -0.002514937;
 0.0026264191, -0.046155594, 0.99893081, 0.17988902;
 0, 0, 0, 1]
Twc:
[0.99998373, 0.0050684819, 0.0026264191, -0.085925348;
 -0.0049418746, 0.99892205, -0.046155594, 0.011237478;
 -0.0028575268, 0.046141863, 0.99893081, -0.17933643;
 0, 0, 0, 1]
Ow:
[0.085467026;
 -0.002514937;
 0.17988902]
Keyframe: 41 Frame: 280 Frame from vFrameID : 281
Tcw:
[0.99914086, 0.01379241, -0.03908021, 0.087815925;
 -0.012376006, 0.99926591, 0.036256485, -0.0020494387;
 0.039551582, -0.035741679, 0.99857807, 0.18551676;
 0, 0, 0, 1]
Twc:
[0.99914086, -0.012376006, 0.039551582, -0.095103338;
 0.01379241, 0.99926591, -0.035741679, 0.0074674212;
 -0.03908021, 0.036256485, 0.99857807, -0.18174681;
 0, 0, 0, 1]
Ow:
[0.087815925;
 -0.0020494387;
 0.18551676]
Keyframe: 42 Frame: 286 Frame from vFrameID : 287
Tcw:
[0.99850279, 0.013229345, -0.053077146, 0.089667067;
 -0.010259029, 0.9983865, 0.055849463, -0.0011061355;
 0.053730357, -0.055221323, 0.9970274, 0.19037271;
 0, 0, 0, 1]
Twc:
[0.99850279, -0.010259029, 0.053730357, -0.09977296;
 0.013229345, 0.9983865, -0.055221323, 0.010430747;
 -0.053077146, 0.055849463, 0.9970274, -0.18498576;
 0, 0, 0, 1]
Ow:
[0.089667067;
 -0.0011061355;
 0.19037271]
Keyframe: 43 Frame: 292 Frame from vFrameID : 293
Tcw:
[0.99981701, 0.0040484904, -0.018695161, 0.091009803;
 -0.0031297589, 0.99879813, 0.048913106, -0.00018980261;
 0.018870715, -0.048845645, 0.99862808, 0.19505307;
 0, 0, 0, 1]
Twc:
[0.99981701, -0.0031297589, 0.018870715, -0.094674535;
 0.0040484904, 0.99879813, -0.048845645, 0.0093486141;
 -0.018695161, 0.048913106, 0.99862808, -0.19307473;
 0, 0, 0, 1]
Ow:
[0.091009803;
 -0.00018980261;
 0.19505307]
Keyframe: 44 Frame: 298 Frame from vFrameID : 299
Tcw:
[0.99995786, -0.0067015323, 0.0062732319, 0.090737559;
 0.0063841888, 0.9987632, 0.049308583, 0.00038154516;
 -0.0065959161, -0.049266458, 0.99876392, 0.19911186;
 0, 0, 0, 1]
Twc:
[0.99995786, 0.0063841888, -0.0065959161, -0.089422844;
 -0.0067015323, 0.9987632, -0.049266458, 0.010036544;
 0.0062732319, 0.049308583, 0.99876392, -0.19945377;
 0, 0, 0, 1]
Ow:
[0.090737559;
 0.00038154516;
 0.19911186]
Keyframe: 45 Frame: 304 Frame from vFrameID : 305
Tcw:
[0.99973708, -0.022001166, 0.0064606857, 0.091837533;
 0.021656571, 0.99855012, 0.049281184, 0.0011720173;
 -0.0075355624, -0.049128309, 0.99876404, 0.20398961;
 0, 0, 0, 1]
Twc:
[0.99973708, 0.021656571, -0.0075355624, -0.090301596;
 -0.022001166, 0.99855012, -0.049128309, 0.01087188;
 0.0064606857, 0.049281184, 0.99876404, -0.20438859;
 0, 0, 0, 1]
Ow:
[0.091837533;
 0.0011720173;
 0.20398961]
Keyframe: 46 Frame: 310 Frame from vFrameID : 311
Tcw:
[0.99901283, 0.007918884, -0.043711308, 0.094608948;
 -0.0057903347, 0.99880111, 0.048609197, 0.0011083633;
 0.044043832, -0.048308108, 0.99786097, 0.20740426;
 0, 0, 0, 1]
Twc:
[0.99901283, -0.0057903347, 0.044043832, -0.10364401;
 0.007918884, 0.99880111, -0.048308108, 0.008163075;
 -0.043711308, 0.048609197, 0.99786097, -0.202879;
 0, 0, 0, 1]
Ow:
[0.094608948;
 0.0011083633;
 0.20740426]
Keyframe: 47 Frame: 316 Frame from vFrameID : 317
Tcw:
[0.99780971, 0.011897154, -0.065070853, 0.095761254;
 -0.0072801309, 0.99746853, 0.070735991, 0.0015323972;
 0.065747686, -0.070107333, 0.99537039, 0.21047539;
 0, 0, 0, 1]
Twc:
[0.99780971, -0.0072801309, 0.065747686, -0.10937862;
 0.011897154, 0.99746853, -0.070107333, 0.012088063;
 -0.065070853, 0.070735991, 0.99537039, -0.2033781;
 0, 0, 0, 1]
Ow:
[0.095761254;
 0.0015323972;
 0.21047539]
Keyframe: 48 Frame: 322 Frame from vFrameID : 323
Tcw:
[0.99880236, -0.0024899647, -0.048862994, 0.096482202;
 0.004955587, 0.99871665, 0.050403848, 0.0024269801;
 0.048674781, -0.050585628, 0.9975329, 0.21430442;
 0, 0, 0, 1]
Twc:
[0.99880236, 0.004955587, 0.048674781, -0.10680991;
 -0.0024899647, 0.99871665, -0.050585628, 0.008657095;
 -0.048862994, 0.050403848, 0.9975329, -0.20918362;
 0, 0, 0, 1]
Ow:
[0.096482202;
 0.0024269801;
 0.21430442]
Keyframe: 49 Frame: 328 Frame from vFrameID : 329
Tcw:
[0.99984604, -0.0096265022, -0.014669143, 0.09715341;
 0.010399002, 0.99851215, 0.053528786, 0.002589317;
 0.014132022, -0.053673089, 0.99845856, 0.21714398;
 0, 0, 0, 1]
Twc:
[0.99984604, 0.010399002, 0.014132022, -0.10023407;
 -0.0096265022, 0.99851215, -0.053673089, 0.010004573;
 -0.014669143, 0.053528786, 0.99845856, -0.21552272;
 0, 0, 0, 1]
Ow:
[0.09715341;
 0.002589317;
 0.21714398]
Keyframe: 50 Frame: 334 Frame from vFrameID : 335
Tcw:
[0.999659, -0.023214102, -0.011957677, 0.097796395;
 0.023922032, 0.99773157, 0.062924646, 0.0036233841;
 0.010469812, -0.063189238, 0.99794662, 0.22069041;
 0, 0, 0, 1]
Twc:
[0.999659, 0.023922032, 0.010469812, -0.10016032;
 -0.023214102, 0.99773157, -0.063189238, 0.012600351;
 -0.011957677, 0.062924646, 0.99794662, -0.21929584;
 0, 0, 0, 1]
Ow:
[0.097796395;
 0.0036233841;
 0.22069041]
Keyframe: 51 Frame: 340 Frame from vFrameID : 341
Tcw:
[0.99879301, -0.0012772836, -0.049100671, 0.099826887;
 0.0043150107, 0.99807853, 0.061811239, 0.0037253071;
 0.048927374, -0.061948504, 0.9968794, 0.22341874;
 0, 0, 0, 1]
Twc:
[0.99879301, 0.0043150107, 0.048927374, -0.11065377;
 -0.0012772836, 0.99807853, -0.061948504, 0.010249815;
 -0.049100671, 0.061811239, 0.9968794, -0.21805023;
 0, 0, 0, 1]
Ow:
[0.099826887;
 0.0037253071;
 0.22341874]
Keyframe: 52 Frame: 346 Frame from vFrameID : 347
Tcw:
[0.99820513, -0.0025524243, -0.059832994, 0.10102215;
 0.0063113617, 0.99801123, 0.062719338, 0.0038549909;
 0.059553914, -0.062984392, 0.99623609, 0.2266022;
 0, 0, 0, 1]
Twc:
[0.99820513, 0.0063113617, 0.059553914, -0.11436021;
 -0.0025524243, 0.99801123, -0.062984392, 0.010682929;
 -0.059832994, 0.062719338, 0.99623609, -0.21994661;
 0, 0, 0, 1]
Ow:
[0.10102215;
 0.0038549909;
 0.2266022]
Keyframe: 53 Frame: 352 Frame from vFrameID : 353
Tcw:
[0.99966753, -0.017336154, -0.019085675, 0.10108459;
 0.018298522, 0.99850738, 0.051460594, 0.0046033943;
 0.018165059, -0.051792726, 0.99849266, 0.22921944;
 0, 0, 0, 1]
Twc:
[0.99966753, 0.018298522, 0.018165059, -0.105299;
 -0.017336154, 0.99850738, -0.051792726, 0.009027794;
 -0.019085675, 0.051460594, 0.99849266, -0.22718154;
 0, 0, 0, 1]
Ow:
[0.10108459;
 0.0046033943;
 0.22921944]
Keyframe: 54 Frame: 358 Frame from vFrameID : 359
Tcw:
[0.99860847, -0.031068649, 0.042613186, 0.10127574;
 0.027898876, 0.99693704, 0.073062696, 0.005119401;
 -0.044752624, -0.071772166, 0.99641657, 0.23151766;
 0, 0, 0, 1]
Twc:
[0.99860847, 0.027898876, -0.044752624, -0.090916611;
 -0.031068649, 0.99693704, -0.071772166, 0.014659304;
 0.042613186, 0.073062696, 0.99641657, -0.23537774;
 0, 0, 0, 1]
Ow:
[0.10127574;
 0.005119401;
 0.23151766]
Keyframe: 55 Frame: 364 Frame from vFrameID : 365
Tcw:
[0.99849826, -0.030868202, 0.045258347, 0.10141507;
 0.026754113, 0.99568588, 0.08884763, 0.0056270082;
 -0.047805663, -0.087503359, 0.99501646, 0.2337696;
 0, 0, 0, 1]
Twc:
[0.99849826, 0.026754113, -0.047805663, -0.090237811;
 -0.030868202, 0.99568588, -0.087503359, 0.017983394;
 0.045258347, 0.08884763, 0.99501646, -0.23769443;
 0, 0, 0, 1]
Ow:
[0.10141507;
 0.0056270082;
 0.2337696]
Keyframe: 56 Frame: 370 Frame from vFrameID : 371
Tcw:
[0.99973607, -0.011713129, -0.019764693, 0.10352522;
 0.012849319, 0.9982121, 0.058373839, 0.0062679793;
 0.019045616, -0.058612395, 0.99809915, 0.23701957;
 0, 0, 0, 1]
Twc:
[0.99973607, 0.012849319, 0.019045616, -0.10809261;
 -0.011713129, 0.9982121, -0.058612395, 0.0088481139;
 -0.019764693, 0.058373839, 0.99809915, -0.23488875;
 0, 0, 0, 1]
Ow:
[0.10352522;
 0.0062679793;
 0.23701957]
Keyframe: 57 Frame: 377 Frame from vFrameID : 378
Tcw:
[0.99869597, -0.011626598, -0.049711101, 0.10395294;
 0.015832432, 0.99624938, 0.085067384, 0.0066207033;
 0.048535608, -0.085743502, 0.99513435, 0.23900405;
 0, 0, 0, 1]
Twc:
[0.99869597, 0.015832432, 0.048535608, -0.11552241;
 -0.011626598, 0.99624938, -0.085743502, 0.01510579;
 -0.049711101, 0.085067384, 0.99513435, -0.23323672;
 0, 0, 0, 1]
Ow:
[0.10395294;
 0.0066207033;
 0.23900405]
Keyframe: 58 Frame: 383 Frame from vFrameID : 384
Tcw:
[0.99958533, -0.0097007602, -0.027111158, 0.10445093;
 0.011831136, 0.99676007, 0.079557687, 0.0072779991;
 0.026251549, -0.079845451, 0.99646151, 0.24138881;
 0, 0, 0, 1]
Twc:
[0.99958533, 0.011831136, 0.026251549, -0.11083055;
 -0.0097007602, 0.99676007, -0.079845451, 0.013032634;
 -0.027111158, 0.079557687, 0.99646151, -0.23828189;
 0, 0, 0, 1]
Ow:
[0.10445093;
 0.0072779991;
 0.24138881]
Keyframe: 59 Frame: 390 Frame from vFrameID : 391
Tcw:
[0.99891275, -0.034667026, 0.031168843, 0.10483289;
 0.032341987, 0.99686319, 0.072234273, 0.007806588;
 -0.033575218, -0.07114768, 0.99690056, 0.24398264;
 0, 0, 0, 1]
Twc:
[0.99891275, 0.032341987, -0.033575218, -0.096779615;
 -0.034667026, 0.99686319, -0.07114768, 0.013210941;
 0.031168843, 0.072234273, 0.99690056, -0.24705786;
 0, 0, 0, 1]
Ow:
[0.10483289;
 0.007806588;
 0.24398264]
Keyframe: 60 Frame: 396 Frame from vFrameID : 397
Tcw:
[0.99883938, -0.026135394, 0.04045726, 0.10541087;
 0.022506827, 0.99589419, 0.087682195, 0.0083225509;
 -0.042582758, -0.08666987, 0.99532658, 0.24581783;
 0, 0, 0, 1]
Twc:
[0.99883938, 0.022506827, -0.042582758, -0.095008247;
 -0.026135394, 0.99589419, -0.08666987, 0.015771573;
 0.04045726, 0.087682195, 0.99532658, -0.2496634;
 0, 0, 0, 1]
Ow:
[0.10541087;
 0.0083225509;
 0.24581783]
Keyframe: 61 Frame: 403 Frame from vFrameID : 404
Tcw:
[0.9976579, -0.022044448, -0.064751253, 0.10610615;
 0.026333049, 0.99746257, 0.066143304, 0.0088333972;
 0.063128859, -0.067693487, 0.99570698, 0.24806041;
 0, 0, 0, 1]
Twc:
[0.9976579, 0.026333049, 0.063128859, -0.12175003;
 -0.022044448, 0.99746257, -0.067693487, 0.010320143;
 -0.064751253, 0.066143304, 0.99570698, -0.24070923;
 0, 0, 0, 1]
Ow:
[0.10610615;
 0.0088333972;
 0.24806041]
Keyframe: 62 Frame: 409 Frame from vFrameID : 410
Tcw:
[0.99577034, -0.018743837, -0.089945078, 0.10696492;
 0.027327254, 0.99508601, 0.095168509, 0.009080017;
 0.087719269, -0.09722393, 0.99138933, 0.24993721;
 0, 0, 0, 1]
Twc:
[0.99577034, 0.027327254, 0.087719269, -0.12868492;
 -0.018743837, 0.99508601, -0.09722393, 0.017269412;
 -0.089945078, 0.095168509, 0.99138933, -0.23902825;
 0, 0, 0, 1]
Ow:
[0.10696492;
 0.009080017;
 0.24993721]
Keyframe: 63 Frame: 415 Frame from vFrameID : 416
Tcw:
[0.99919999, -0.022466699, -0.033085521, 0.10765125;
 0.024598001, 0.99755019, 0.065486677, 0.0095161293;
 0.0315332, -0.066248126, 0.9973048, 0.25245303;
 0, 0, 0, 1]
Twc:
[0.99919999, 0.024598001, 0.0315332, -0.11575986;
 -0.022466699, 0.99755019, -0.066248126, 0.0096502928;
 -0.033085521, 0.065486677, 0.9973048, -0.2488341;
 0, 0, 0, 1]
Ow:
[0.10765125;
 0.0095161293;
 0.25245303]
Keyframe: 64 Frame: 422 Frame from vFrameID : 423
Tcw:
[0.99975109, -0.021859052, 0.0044645406, 0.10822953;
 0.02155878, 0.99803478, 0.058836933, 0.0098145436;
 -0.0057418863, -0.058726039, 0.99825764, 0.25439316;
 0, 0, 0, 1]
Twc:
[0.99975109, 0.02155878, -0.0057418863, -0.10695347;
 -0.021859052, 0.99803478, -0.058726039, 0.0075100414;
 0.0044645406, 0.058836933, 0.99825764, -0.25501058;
 0, 0, 0, 1]
Ow:
[0.10822953;
 0.0098145436;
 0.25439316]
Keyframe: 65 Frame: 428 Frame from vFrameID : 429
Tcw:
[0.99949551, -0.017155712, -0.026728367, 0.1087996;
 0.018153615, 0.99912983, 0.037550893, 0.010110133;
 0.026060896, -0.038017165, 0.99893719, 0.25606036;
 0, 0, 0, 1]
Twc:
[0.99949551, 0.018153615, 0.026060896, -0.11560141;
 -0.017155712, 0.99912983, -0.038017165, 0.0014998886;
 -0.026728367, 0.037550893, 0.99893719, -0.25325984;
 0, 0, 0, 1]
Ow:
[0.1087996;
 0.010110133;
 0.25606036]
Keyframe: 66 Frame: 435 Frame from vFrameID : 436
Tcw:
[0.99618739, -0.011064072, -0.086534902, 0.1098276;
 0.015134742, 0.99880236, 0.046527091, 0.01040089;
 0.085916482, -0.047659386, 0.99516177, 0.2577112;
 0, 0, 0, 1]
Twc:
[0.99618739, 0.015134742, 0.085916482, -0.13170794;
 -0.011064072, 0.99880236, -0.047659386, 0.0031090637;
 -0.086534902, 0.046527091, 0.99516177, -0.24744433;
 0, 0, 0, 1]
Ow:
[0.1098276;
 0.01040089;
 0.2577112]
Keyframe: 67 Frame: 442 Frame from vFrameID : 443
Tcw:
[0.99818218, -0.020473108, -0.056684572, 0.11029246;
 0.02447311, 0.99719054, 0.070795871, 0.011094963;
 0.055075906, -0.072054423, 0.99587893, 0.26009557;
 0, 0, 0, 1]
Twc:
[0.99818218, 0.02447311, 0.055075906, -0.12468851;
 -0.020473108, 0.99719054, -0.072054423, 0.0099352757;
 -0.056684572, 0.070795871, 0.99587893, -0.25355729;
 0, 0, 0, 1]
Ow:
[0.11029246;
 0.011094963;
 0.26009557]
Keyframe: 68 Frame: 449 Frame from vFrameID : 450
Tcw:
[0.99963307, -0.025163934, 0.010021747, 0.110977;
 0.024541205, 0.99801224, 0.0580451, 0.011464881;
 -0.01146247, -0.057777859, 0.99826366, 0.26197451;
 0, 0, 0, 1]
Twc:
[0.99963307, 0.024541205, -0.01146247, -0.10821477;
 -0.025163934, 0.99801224, -0.057777859, 0.0064868522;
 0.010021747, 0.0580451, 0.99826366, -0.26329729;
 0, 0, 0, 1]
Ow:
[0.110977;
 0.011464881;
 0.26197451]
Keyframe: 69 Frame: 455 Frame from vFrameID : 456
Tcw:
[0.99949712, -0.022475746, 0.022369703, 0.11126266;
 0.020962238, 0.99761689, 0.065735593, 0.011706654;
 -0.02379385, -0.065233618, 0.99758631, 0.26364005;
 0, 0, 0, 1]
Twc:
[0.99949712, 0.020962238, -0.02379385, -0.10517909;
 -0.022475746, 0.99761689, -0.065233618, 0.0080201495;
 0.022369703, 0.065735593, 0.99758631, -0.26626217;
 0, 0, 0, 1]
Ow:
[0.11126266;
 0.011706654;
 0.26364005]
Keyframe: 70 Frame: 461 Frame from vFrameID : 462
Tcw:
[0.99767601, -0.015300468, -0.066396683, 0.11185005;
 0.019553319, 0.99776584, 0.063882597, 0.011919516;
 0.065270908, -0.065032408, 0.9957462, 0.26532263;
 0, 0, 0, 1]
Twc:
[0.99767601, 0.019553319, 0.065270908, -0.12914102;
 -0.015300468, 0.99776584, -0.065032408, 0.0070730411;
 -0.066396683, 0.063882597, 0.9957462, -0.25752896;
 0, 0, 0, 1]
Ow:
[0.11185005;
 0.011919516;
 0.26532263]
Keyframe: 71 Frame: 468 Frame from vFrameID : 469
Tcw:
[0.99650043, 0.0014547212, -0.083574645, 0.11276814;
 0.0044189249, 0.99753356, 0.070052274, 0.012297759;
 0.083470419, -0.07017643, 0.9940362, 0.26708233;
 0, 0, 0, 1]
Twc:
[0.99650043, 0.0044189249, 0.083470419, -0.13472132;
 0.0014547212, 0.99753356, -0.07017643, 0.0063114124;
 -0.083574645, 0.070052274, 0.9940362, -0.25692645;
 0, 0, 0, 1]
Ow:
[0.11276814;
 0.012297759;
 0.26708233]
Keyframe: 72 Frame: 474 Frame from vFrameID : 475
Tcw:
[0.99836767, 0.0041060499, -0.056966059, 0.11302291;
 -0.00045234349, 0.9979496, 0.064003475, 0.012546754;
 0.057112053, -0.063873231, 0.99632245, 0.26838908;
 0, 0, 0, 1]
Twc:
[0.99836767, -0.00045234349, 0.057112053, -0.128161;
 0.0041060499, 0.9979496, -0.063873231, 0.0041577714;
 -0.056966059, 0.064003475, 0.99632245, -0.26176661;
 0, 0, 0, 1]
Ow:
[0.11302291;
 0.012546754;
 0.26838908]
Keyframe: 73 Frame: 480 Frame from vFrameID : 481
Tcw:
[0.99901271, -0.0286637, -0.033941679, 0.11299919;
 0.031651337, 0.9953447, 0.091033332, 0.012784634;
 0.031174319, -0.092017755, 0.99526924, 0.26948112;
 0, 0, 0, 1]
Twc:
[0.99901271, 0.031651337, 0.031174319, -0.12169316;
 -0.0286637, 0.9953447, -0.092017755, 0.015310905;
 -0.033941679, 0.091033332, 0.99526924, -0.26553473;
 0, 0, 0, 1]
Ow:
[0.11299919;
 0.012784634;
 0.26948112]
Keyframe: 74 Frame: 488 Frame from vFrameID : 489
Tcw:
[0.9984262, -0.041687816, -0.037514057, 0.11346343;
 0.045349613, 0.9936741, 0.10273844, 0.013118582;
 0.032993805, -0.10427799, 0.99400073, 0.27122617;
 0, 0, 0, 1]
Twc:
[0.9984262, 0.045349613, 0.032993805, -0.12282856;
 -0.041687816, 0.9936741, -0.10427799, 0.019977367;
 -0.037514057, 0.10273844, 0.99400073, -0.26669031;
 0, 0, 0, 1]
Ow:
[0.11346343;
 0.013118582;
 0.27122617]
Keyframe: 75 Frame: 496 Frame from vFrameID : 497
Tcw:
[0.99706429, -0.03222771, -0.06945654, 0.11423847;
 0.039489403, 0.99359751, 0.10585178, 0.013401481;
 0.065600485, -0.10828383, 0.99195319, 0.27269998;
 0, 0, 0, 1]
Twc:
[0.99706429, 0.039489403, 0.065600485, -0.13232157;
 -0.03222771, 0.99359751, -0.10828383, 0.019894965;
 -0.06945654, 0.10585178, 0.99195319, -0.2639896;
 0, 0, 0, 1]
Ow:
[0.11423847;
 0.013401481;
 0.27269998]
Keyframe: 76 Frame: 503 Frame from vFrameID : 504
Tcw:
[0.99856722, -0.029553264, -0.044610847, 0.11439352;
 0.033890981, 0.99442631, 0.099838458, 0.013754759;
 0.041411646, -0.10120732, 0.99400312, 0.27385935;
 0, 0, 0, 1]
Twc:
[0.99856722, 0.033890981, 0.041411646, -0.12603675;
 -0.029553264, 0.99442631, -0.10120732, 0.01741918;
 -0.044610847, 0.099838458, 0.99400312, -0.26848713;
 0, 0, 0, 1]
Ow:
[0.11439352;
 0.013754759;
 0.27385935]
Keyframe: 77 Frame: 510 Frame from vFrameID : 511
Tcw:
[0.99872857, -0.048810821, -0.012600356, 0.11460197;
 0.04959302, 0.99618036, 0.071869925, 0.013844071;
 0.0090441965, -0.072403438, 0.99733442, 0.27526391;
 0, 0, 0, 1]
Twc:
[0.99872857, 0.04959302, 0.0090441965, -0.11763237;
 -0.048810821, 0.99618036, -0.072403438, 0.011732678;
 -0.012600356, 0.071869925, 0.99733442, -0.27408111;
 0, 0, 0, 1]
Ow:
[0.11460197;
 0.013844071;
 0.27526391]
Keyframe: 78 Frame: 517 Frame from vFrameID : 518
Tcw:
[0.99895251, -0.044352405, 0.011257745, 0.11490977;
 0.043404512, 0.99632972, 0.073777735, 0.014203021;
 -0.014488647, -0.073211819, 0.99721116, 0.27645317;
 0, 0, 0, 1]
Twc:
[0.99895251, 0.043404512, -0.014488647, -0.11140044;
 -0.044352405, 0.99632972, -0.073211819, 0.011185273;
 0.011257745, 0.073777735, 0.99721116, -0.27802369;
 0, 0, 0, 1]
Ow:
[0.11490977;
 0.014203021;
 0.27645317]
Keyframe: 79 Frame: 524 Frame from vFrameID : 525
Tcw:
[0.99904478, -0.020913688, -0.038369413, 0.11551427;
 0.02343525, 0.9975118, 0.066490792, 0.014343177;
 0.036883377, -0.067326471, 0.99704903, 0.27742308;
 0, 0, 0, 1]
Twc:
[0.99904478, 0.02343525, 0.036883377, -0.12597236;
 -0.020913688, 0.9975118, -0.067326471, 0.0067862584;
 -0.038369413, 0.066490792, 0.99704903, -0.27312589;
 0, 0, 0, 1]
Ow:
[0.11551427;
 0.014343177;
 0.27742308]
Keyframe: 80 Frame: 532 Frame from vFrameID : 533
Tcw:
[0.99876839, -0.011700632, -0.048215993, 0.11576103;
 0.015714554, 0.99636459, 0.083729573, 0.014610631;
 0.047061019, -0.084384143, 0.99532133, 0.2785905;
 0, 0, 0, 1]
Twc:
[0.99876839, 0.015714554, 0.047061019, -0.12895882;
 -0.011700632, 0.99636459, -0.084384143, 0.010305583;
 -0.048215993, 0.083729573, 0.99532133, -0.27292889;
 0, 0, 0, 1]
Ow:
[0.11576103;
 0.014610631;
 0.2785905]
Keyframe: 81 Frame: 540 Frame from vFrameID : 541
Tcw:
[0.99944502, -0.031312823, -0.011364575, 0.11615419;
 0.032025751, 0.99708945, 0.069187753, 0.015085259;
 0.0091650337, -0.069513313, 0.99753892, 0.28018972;
 0, 0, 0, 1]
Twc:
[0.99944502, 0.032025751, 0.0091650337, -0.1191408;
 -0.031312823, 0.99708945, -0.069513313, 0.0080726799;
 -0.011364575, 0.069187753, 0.99753892, -0.27922383;
 0, 0, 0, 1]
Ow:
[0.11615419;
 0.015085259;
 0.28018972]
Keyframe: 82 Frame: 548 Frame from vFrameID : 549
Tcw:
[0.99915224, -0.038219146, 0.015300874, 0.11639307;
 0.03696885, 0.99649709, 0.075012617, 0.015345082;
 -0.018114194, -0.074383371, 0.99706519, 0.28142065;
 0, 0, 0, 1]
Twc:
[0.99915224, 0.03696885, -0.018114194, -0.11176398;
 -0.038219146, 0.99649709, -0.074383371, 0.010090131;
 0.015300874, 0.075012617, 0.99706519, -0.28352675;
 0, 0, 0, 1]
Ow:
[0.11639307;
 0.015345082;
 0.28142065]
Keyframe: 83 Frame: 556 Frame from vFrameID : 557
Tcw:
[0.99954075, -0.022749169, -0.020020105, 0.1170284;
 0.023749908, 0.99840307, 0.051256493, 0.015495969;
 0.018822091, -0.051708426, 0.99848485, 0.282666;
 0, 0, 0, 1]
Twc:
[0.99954075, 0.023749908, 0.018822091, -0.12266304;
 -0.022749169, 0.99840307, -0.051708426, 0.0018072908;
 -0.020020105, 0.051256493, 0.99848485, -0.28068906;
 0, 0, 0, 1]
Ow:
[0.1170284;
 0.015495969;
 0.282666]
Keyframe: 84 Frame: 564 Frame from vFrameID : 565
Tcw:
[0.99948019, -0.0070983027, -0.031448726, 0.11743528;
 0.0088252006, 0.99844086, 0.055117581, 0.01565606;
 0.03100845, -0.055366471, 0.99798447, 0.28392777;
 0, 0, 0, 1]
Twc:
[0.99948019, 0.0088252006, 0.03100845, -0.12631655;
 -0.0070983027, 0.99844086, -0.055366471, 0.00092201913;
 -0.031448726, 0.055117581, 0.99798447, -0.28052524;
 0, 0, 0, 1]
Ow:
[0.11743528;
 0.01565606;
 0.28392777]
Keyframe: 85 Frame: 572 Frame from vFrameID : 573
Tcw:
[0.99946499, -0.025581671, -0.02037972, 0.11757591;
 0.026502874, 0.99857622, 0.046293311, 0.0160322;
 0.019166443, -0.046808664, 0.99871999, 0.28519207;
 0, 0, 0, 1]
Twc:
[0.99946499, 0.026502874, 0.019166443, -0.12340402;
 -0.025581671, 0.99857622, -0.046808664, 0.00034787346;
 -0.02037972, 0.046293311, 0.99871999, -0.28317302;
 0, 0, 0, 1]
Ow:
[0.11757591;
 0.0160322;
 0.28519207]
Keyframe: 86 Frame: 580 Frame from vFrameID : 581
Tcw:
[0.99916863, -0.038181938, -0.014288797, 0.11799938;
 0.038855605, 0.99797869, 0.050286934, 0.016270153;
 0.012339862, -0.050800327, 0.99863261, 0.28642929;
 0, 0, 0, 1]
Twc:
[0.99916863, 0.038855605, 0.012339862, -0.12206797;
 -0.038181938, 0.99797869, -0.050800327, 0.0028188801;
 -0.014288797, 0.050286934, 0.99863261, -0.28516972;
 0, 0, 0, 1]
Ow:
[0.11799938;
 0.016270153;
 0.28642929]
Keyframe: 87 Frame: 588 Frame from vFrameID : 589
Tcw:
[0.99812919, -0.023797579, -0.05631914, 0.11880763;
 0.027621118, 0.99729496, 0.068116046, 0.016738836;
 0.054545797, -0.069544211, 0.99608654, 0.28777316;
 0, 0, 0, 1]
Twc:
[0.99812919, 0.027621118, 0.054545797, -0.13474451;
 -0.023797579, 0.99729496, -0.069544211, 0.006146735;
 -0.05631914, 0.068116046, 0.99608654, -0.28109601;
 0, 0, 0, 1]
Ow:
[0.11880763;
 0.016738836;
 0.28777316]
Keyframe: 88 Frame: 596 Frame from vFrameID : 597
Tcw:
[0.9973613, -0.0084366454, -0.072105579, 0.11908922;
 0.012674821, 0.99820554, 0.058523484, 0.016950376;
 0.07148245, -0.059282985, 0.99567854, 0.28885737;
 0, 0, 0, 1]
Twc:
[0.9973613, 0.012674821, 0.07148245, -0.13963805;
 -0.0084366454, 0.99820554, -0.059282985, 0.0012090813;
 -0.072105579, 0.058523484, 0.99567854, -0.2800141;
 0, 0, 0, 1]
Ow:
