Keyframe: 0 Frame: 0 Frame from vFrameID : 32
Tcw:
[0.99879903, -0.048616618, -0.0060732304, 0.051765222;
 0.030568752, 0.71523786, -0.69821227, -0.041165568;
 0.038288523, 0.69718808, 0.71586502, 0.0072928593;
 0, 0, 0, 1]
Twc:
[0.99879903, 0.030568752, 0.038288523, -0.05072391;
 -0.048616618, 0.71523786, 0.69718808, 0.026875326;
 -0.0060732304, -0.69821227, 0.71586502, -0.033648625;
 0, 0, 0, 1]
Ow:
[0.051765222;
 -0.041165568;
 0.0072928593]
Keyframe: 1 Frame: 31 Frame from vFrameID : 32
Tcw:
[0.99849862, -0.054030109, -0.0090135653, 0.050162323;
 0.032410193, 0.71539259, -0.69797069, -0.038073447;
 0.044159669, 0.6966306, 0.71606964, 0.010090344;
 0, 0, 0, 1]
Twc:
[0.99849862, 0.032410193, 0.044159669, -0.049298629;
 -0.054030109, 0.71539259, 0.6966306, 0.022918494;
 -0.0090135653, -0.69797069, 0.71606964, -0.033347394;
 0, 0, 0, 1]
Ow:
[0.050162323;
 -0.038073447;
 0.010090344]
Keyframe: 2 Frame: 34 Frame from vFrameID : 35
Tcw:
[0.99830085, -0.057266291, -0.010768849, 0.051784374;
 0.033768095, 0.71917355, -0.69400948, -0.041050874;
 0.047488019, 0.69246662, 0.71988535, 0.0074601956;
 0, 0, 0, 1]
Twc:
[0.99830085, 0.033768095, 0.047488019, -0.050664447;
 -0.057266291, 0.71917355, 0.69246662, 0.027322264;
 -0.010768849, -0.69400948, 0.71988535, -0.033302523;
 0, 0, 0, 1]
Ow:
[0.051784374;
 -0.041050874;
 0.0074601956]
Keyframe: 3 Frame: 38 Frame from vFrameID : 39
Tcw:
[0.99815726, -0.059697356, -0.010879355, 0.052433301;
 0.035920862, 0.72580129, -0.68696594, -0.041659467;
 0.0489063, 0.68530923, 0.72660816, 0.0063552856;
 0, 0, 0, 1]
Twc:
[0.99815726, 0.035920862, 0.0489063, -0.051151045;
 -0.059697356, 0.72580129, 0.68530923, 0.029011287;
 -0.010879355, -0.68696594, 0.72660816, -0.032665998;
 0, 0, 0, 1]
Ow:
[0.052433301;
 -0.041659467;
 0.0063552856]
Keyframe: 4 Frame: 40 Frame from vFrameID : 41
Tcw:
[0.99786091, -0.063958757, -0.013523421, 0.052737221;
 0.03762947, 0.73111677, -0.68121386, -0.042129993;
 0.053456791, 0.6792478, 0.73195958, 0.0060151964;
 0, 0, 0, 1]
Twc:
[0.99786091, 0.03762947, 0.053456791, -0.051360637;
 -0.063958757, 0.73111677, 0.6792478, 0.030089142;
 -0.013523421, -0.68121386, 0.73195958, -0.032389227;
 0, 0, 0, 1]
Ow:
[0.052737221;
 -0.042129993;
 0.0060151964]
Keyframe: 5 Frame: 42 Frame from vFrameID : 43
Tcw:
[0.99774486, -0.065065145, -0.016482962, 0.052601181;
 0.036602482, 0.73327911, -0.67894179, -0.042675264;
 0.056262057, 0.6768074, 0.73400706, 0.0065928474;
 0, 0, 0, 1]
Twc:
[0.99774486, 0.036602482, 0.056262057, -0.051291466;
 -0.065065145, 0.73327911, 0.6768074, 0.030253299;
 -0.016482962, -0.67894179, 0.73400706, -0.032946195;
 0, 0, 0, 1]
Ow:
[0.052601181;
 -0.042675264;
 0.0065928474]
Keyframe: 6 Frame: 45 Frame from vFrameID : 46
Tcw:
[0.99614131, -0.074339867, -0.046648718, 0.053485073;
 0.020678606, 0.7153669, -0.69844294, -0.050240844;
 0.085293107, 0.69478327, 0.71414375, 0.013913278;
 0, 0, 0, 1]
Twc:
[0.99614131, 0.020678606, 0.085293107, -0.053426486;
 -0.074339867, 0.7153669, 0.69478327, 0.03025;
 -0.046648718, -0.69844294, 0.71414375, -0.042531438;
 0, 0, 0, 1]
Ow:
[0.053485073;
 -0.050240844;
 0.013913278]
Keyframe: 7 Frame: 49 Frame from vFrameID : 50
Tcw:
[0.99546617, -0.072291352, -0.06181429, 0.050619416;
 0.0047482899, 0.68684286, -0.72679043, -0.05472495;
 0.094997361, 0.72320181, 0.68407208, 0.017048167;
 0, 0, 0, 1]
Twc:
[0.99546617, 0.0047482899, 0.094997361, -0.051749598;
 -0.072291352, 0.68684286, 0.72320181, 0.028917521;
 -0.06181429, -0.72679043, 0.68407208, -0.048306745;
 0, 0, 0, 1]
Ow:
[0.050619416;
 -0.05472495;
 0.017048167]
Keyframe: 8 Frame: 53 Frame from vFrameID : 54
Tcw:
[0.99655682, -0.057161354, -0.060059343, 0.050382011;
 -0.0067528957, 0.66600388, -0.74591768, -0.064688288;
 0.082637422, 0.74375492, 0.66332471, 0.013503417;
 0, 0, 0, 1]
Twc:
[0.99655682, -0.0067528957, 0.082637422, -0.051761255;
 -0.057161354, 0.66600388, 0.74375492, 0.03591932;
 -0.060059343, -0.74591768, 0.66332471, -0.054183379;
 0, 0, 0, 1]
Ow:
[0.050382011;
 -0.064688288;
 0.013503417]
Keyframe: 9 Frame: 58 Frame from vFrameID : 59
Tcw:
[0.99869603, -0.042155553, -0.028795896, 0.050328635;
 0.0070825722, 0.67300498, -0.73960406, -0.066879943;
 0.050558198, 0.73843563, 0.67242593, 0.014239099;
 0, 0, 0, 1]
Twc:
[0.99869603, 0.0070825722, 0.050558198, -0.050509229;
 -0.042155553, 0.67300498, 0.73843563, 0.036617506;
 -0.028795896, -0.73960406, 0.67242593, -0.057590161;
 0, 0, 0, 1]
Ow:
[0.050328635;
 -0.066879943;
 0.014239099]
Keyframe: 10 Frame: 62 Frame from vFrameID : 63
Tcw:
[0.99858588, -0.049053531, 0.020492705, 0.051123321;
 0.048349343, 0.67773086, -0.73371881, -0.068975344;
 0.022102959, 0.73367202, 0.67914414, 0.016469432;
 0, 0, 0, 1]
Twc:
[0.99858588, 0.048349343, 0.022102959, -0.048080139;
 -0.049053531, 0.67773086, 0.73367202, 0.037171338;
 0.020492705, -0.73371881, 0.67914414, -0.062841281;
 0, 0, 0, 1]
Ow:
[0.051123321;
 -0.068975344;
 0.016469432]
Keyframe: 11 Frame: 67 Frame from vFrameID : 68
Tcw:
[0.99954414, -0.019437652, 0.023102073, 0.052512631;
 0.030122075, 0.69390839, -0.71943295, -0.06918551;
 -0.0020466365, 0.71980089, 0.69417757, 0.020213634;
 0, 0, 0, 1]
Twc:
[0.99954414, 0.030122075, -0.0020466365, -0.05036331;
 -0.019437652, 0.69390839, 0.71980089, 0.034479335;
 0.023102073, -0.71943295, 0.69417757, -0.065019339;
 0, 0, 0, 1]
Ow:
[0.052512631;
 -0.06918551;
 0.020213634]
Keyframe: 12 Frame: 72 Frame from vFrameID : 73
Tcw:
[0.99932009, -0.0038217062, 0.036671259, 0.056041762;
 0.028923802, 0.69806856, -0.71544653, -0.074876837;
 -0.022864824, 0.71602076, 0.69770443, 0.025672106;
 0, 0, 0, 1]
Twc:
[0.99932009, 0.028923802, -0.022864824, -0.053250946;
 -0.0038217062, 0.69806856, 0.71602076, 0.034101576;
 0.036671259, -0.71544653, 0.69770443, -0.073537037;
 0, 0, 0, 1]
Ow:
[0.056041762;
 -0.074876837;
 0.025672106]
Keyframe: 13 Frame: 77 Frame from vFrameID : 78
Tcw:
[0.99998516, 0.00062544621, 0.0054088901, 0.062046506;
 0.0036137034, 0.66682905, -0.745202, -0.090318285;
 -0.0040728888, 0.74521047, 0.66681689, 0.044467211;
 0, 0, 0, 1]
Twc:
[0.99998516, 0.0036137034, -0.0040728888, -0.061538093;
 0.00062544621, 0.66682905, 0.74521047, 0.027050616;
 0.0054088901, -0.745202, 0.66681689, -0.097292453;
 0, 0, 0, 1]
Ow:
[0.062046506;
 -0.090318285;
 0.044467211]
Keyframe: 14 Frame: 83 Frame from vFrameID : 84
Tcw:
[0.99887848, -0.015235947, -0.04482976, 0.069792219;
 -0.024162244, 0.65022254, -0.75935948, -0.13307808;
 0.04071888, 0.75959104, 0.64912516, 0.07286872;
 0, 0, 0, 1]
Twc:
[0.99887848, -0.024162244, 0.04071888, -0.075896546;
 -0.015235947, 0.65022254, 0.75959104, 0.032243297;
 -0.04482976, -0.75935948, 0.64912516, -0.14522626;
 0, 0, 0, 1]
Ow:
[0.069792219;
 -0.13307808;
 0.07286872]
Keyframe: 15 Frame: 88 Frame from vFrameID : 89
Tcw:
[0.99794424, -0.020592848, -0.060689259, 0.080302566;
 -0.031936478, 0.66122133, -0.74951082, -0.16568452;
 0.055563591, 0.74990821, 0.65920436, 0.084547691;
 0, 0, 0, 1]
Twc:
[0.99794424, -0.031936478, 0.055563591, -0.090126641;
 -0.020592848, 0.66122133, 0.74990821, 0.047804784;
 -0.060689259, -0.74951082, 0.65920436, -0.17504303;
 0, 0, 0, 1]
Ow:
[0.080302566;
 -0.16568452;
 0.084547691]
Keyframe: 16 Frame: 95 Frame from vFrameID : 96
Tcw:
[0.99676341, 0.0012663417, -0.080380879, 0.086188465;
 -0.060071245, 0.67620474, -0.73426062, -0.21153462;
 0.053424109, 0.73671269, 0.67409217, 0.10680783;
 0, 0, 0, 1]
Twc:
[0.99676341, -0.060071245, 0.053424109, -0.10432277;
 0.0012663417, 0.67620474, 0.73671269, 0.064244874;
 -0.080380879, -0.73426062, 0.67409217, -0.22039196;
 0, 0, 0, 1]
Ow:
[0.086188465;
 -0.21153462;
 0.10680783]
Keyframe: 17 Frame: 101 Frame from vFrameID : 102
Tcw:
[0.99825245, 0.011198384, -0.058023036, 0.049154337;
 -0.050392315, 0.67416841, -0.73685652, -0.25455809;
 0.030865695, 0.73849273, 0.6735546, 0.13743526;
 0, 0, 0, 1]
Twc:
[0.99825245, -0.050392315, 0.030865695, -0.066138245;
 0.011198384, 0.67416841, 0.73849273, 0.06956964;
 -0.058023036, -0.73685652, 0.6735546, -0.27729085;
 0, 0, 0, 1]
Ow:
[0.049154337;
 -0.25455809;
 0.13743526]
Keyframe: 18 Frame: 108 Frame from vFrameID : 109
Tcw:
[0.99971104, 0.02388983, -0.0026779869, 0.049395856;
 -0.018816814, 0.70832169, -0.70563895, -0.26244873;
 -0.014960718, 0.7054854, 0.70856655, 0.15333769;
 0, 0, 0, 1]
Twc:
[0.99971104, -0.018816814, -0.014960718, -0.052025989;
 0.02388983, 0.70832169, 0.7054854, 0.076540567;
 -0.0026779869, -0.70563895, 0.70856655, -0.29371169;
 0, 0, 0, 1]
Ow:
[0.049395856;
 -0.26244873;
 0.15333769]
Keyframe: 19 Frame: 115 Frame from vFrameID : 116
Tcw:
[0.99988353, 0.013922184, 0.0062494082, 0.039487496;
 -0.0055675372, 0.7140891, -0.70003271, -0.27402723;
 -0.014208619, 0.69991642, 0.71408343, 0.17823428;
 0, 0, 0, 1]
Twc:
[0.99988353, -0.0055675372, -0.014208619, -0.038476091;
 0.013922184, 0.7140891, 0.69991642, 0.070381001;
 0.0062494082, -0.70003271, 0.71408343, -0.31934896;
 0, 0, 0, 1]
Ow:
[0.039487496;
 -0.27402723;
 0.17823428]
Keyframe: 20 Frame: 122 Frame from vFrameID : 123
Tcw:
[0.9993149, -0.0079249255, -0.036151614, 0.035446808;
 -0.020443978, 0.69604945, -0.71770275, -0.30380854;
 0.030851051, 0.71795011, 0.69541055, 0.21491836;
 0, 0, 0, 1]
Twc:
[0.9993149, -0.020443978, 0.030851051, -0.048264034;
 -0.0079249255, 0.69604945, 0.71795011, 0.057446014;
 -0.036151614, -0.71770275, 0.69541055, -0.36621925;
 0, 0, 0, 1]
Ow:
[0.035446808;
 -0.30380854;
 0.21491836]
Keyframe: 21 Frame: 131 Frame from vFrameID : 132
Tcw:
[0.9920572, -0.012813323, -0.12513342, 0.011636421;
 -0.082640678, 0.68358988, -0.7251727, -0.42131454;
 0.094831809, 0.72975385, 0.67710131, 0.31948045;
 0, 0, 0, 1]
Twc:
[0.9920572, -0.082640678, 0.094831809, -0.076658621;
 -0.012813323, 0.68358988, 0.72975385, 0.055013344;
 -0.12513342, -0.7251727, 0.67710131, -0.52039033;
 0, 0, 0, 1]
Ow:
[0.011636421;
 -0.42131454;
 0.31948045]
Keyframe: 22 Frame: 138 Frame from vFrameID : 139
Tcw:
[0.99227875, -0.0024155565, -0.12400441, 0.021371275;
 -0.088077947, 0.69019687, -0.71824127, -0.43028823;
 0.087322406, 0.72361761, 0.68465495, 0.34354842;
 0, 0, 0, 1]
Twc:
[0.99227875, -0.088077947, 0.087322406, -0.089104638;
 -0.0024155565, 0.69019687, 0.72361761, 0.048437532;
 -0.12400441, -0.71824127, 0.68465495, -0.54161274;
 0, 0, 0, 1]
Ow:
[0.021371275;
 -0.43028823;
 0.34354842]
Keyframe: 23 Frame: 145 Frame from vFrameID : 146
Tcw:
[0.99570477, 0.041351814, -0.082837656, 0.026721906;
 -0.088869959, 0.67778742, -0.72986734, -0.45064443;
 0.025964983, 0.7340942, 0.67855108, 0.3761127;
 0, 0, 0, 1]
Twc:
[0.99570477, -0.088869959, 0.025964983, -0.076421641;
 0.041351814, 0.67778742, 0.7340942, 0.028233964;
 -0.082837656, -0.72986734, 0.67855108, -0.58190876;
 0, 0, 0, 1]
Ow:
[0.026721906;
 -0.45064443;
 0.3761127]
Keyframe: 24 Frame: 152 Frame from vFrameID : 153
Tcw:
[0.99819428, 0.054549612, -0.025148958, 0.028019395;
 -0.056100279, 0.69698608, -0.71488684, -0.46252117;
 -0.021468325, 0.71500683, 0.69878781, 0.39465886;
 0, 0, 0, 1]
Twc:
[0.99819428, -0.056100279, -0.021468325, -0.045443699;
 0.054549612, 0.69698608, 0.71500683, 0.038658578;
 -0.025148958, -0.71488684, 0.69878781, -0.60572839;
 0, 0, 0, 1]
Ow:
[0.028019395;
 -0.46252117;
 0.39465886]
Keyframe: 25 Frame: 160 Frame from vFrameID : 161
Tcw:
[0.99902928, 0.040696643, 0.016861161, 0.023488332;
 -0.017046109, 0.71008879, -0.70390576, -0.4905591;
 -0.040619522, 0.70293504, 0.7100932, 0.44077057;
 0, 0, 0, 1]
Twc:
[0.99902928, -0.017046109, -0.040619522, -0.013923766;
 0.040696643, 0.71008879, 0.70293504, 0.037551548;
 0.016861161, -0.70390576, 0.7100932, -0.65869159;
 0, 0, 0, 1]
Ow:
[0.023488332;
 -0.4905591;
 0.44077057]
Keyframe: 26 Frame: 169 Frame from vFrameID : 170
Tcw:
[0.99674165, 0.0018920596, -0.080637962, 0.031753674;
 -0.059820764, 0.68795413, -0.7232846, -0.54121798;
 0.054106724, 0.7257517, 0.68582577, 0.49156675;
 0, 0, 0, 1]
Twc:
[0.99674165, -0.059820764, 0.054106724, -0.090623349;
 0.0018920596, 0.68795413, 0.7257517, 0.015517689;
 -0.080637962, -0.7232846, 0.68582577, -0.7260232;
 0, 0, 0, 1]
Ow:
[0.031753674;
 -0.54121798;
 0.49156675]
Keyframe: 27 Frame: 176 Frame from vFrameID : 177
Tcw:
[0.99652123, -0.012415202, -0.082409218, 0.024295982;
 -0.049667392, 0.70557493, -0.70689261, -0.5520137;
 0.066922091, 0.70852655, 0.7025038, 0.52057862;
 0, 0, 0, 1]
Twc:
[0.99652123, -0.049667392, 0.066922091, -0.086466752;
 -0.012415202, 0.70557493, 0.70852655, 0.020944878;
 -0.082409218, -0.70689261, 0.7025038, -0.75392061;
 0, 0, 0, 1]
Ow:
[0.024295982;
 -0.5520137;
 0.52057862]
Keyframe: 28 Frame: 182 Frame from vFrameID : 183
Tcw:
[0.9976061, -0.0066351551, -0.068833053, 0.046860255;
 -0.043212853, 0.71729088, -0.69543254, -0.58917612;
 0.053987622, 0.69674224, 0.71528703, 0.58451605;
 0, 0, 0, 1]
Twc:
[0.9976061, -0.043212853, 0.053987622, -0.1037647;
 -0.0066351551, 0.71729088, 0.69674224, 0.015664518;
 -0.068833053, -0.69543254, 0.71528703, -0.8246035;
 0, 0, 0, 1]
Ow:
[0.046860255;
 -0.58917612;
 0.58451605]
Keyframe: 29 Frame: 186 Frame from vFrameID : 187
Tcw:
[0.99888259, 0.0095885498, -0.04627759, 0.045938354;
 -0.038983498, 0.72074062, -0.6921078, -0.59996307;
 0.026717829, 0.69313854, 0.72030908, 0.59330893;
 0, 0, 0, 1]
Twc:
[0.99888259, -0.038983498, 0.026717829, -0.085127607;
 0.0095885498, 0.72074062, 0.69313854, 0.02073203;
 -0.04627759, -0.6921078, 0.72030908, -0.84047902;
 0, 0, 0, 1]
Ow:
[0.045938354;
 -0.59996307;
 0.59330893]
Keyframe: 30 Frame: 190 Frame from vFrameID : 191
Tcw:
[0.99943852, 0.030819619, -0.013145975, 0.033010051;
 -0.031388145, 0.72390687, -0.68918329, -0.59464419;
 -0.011723906, 0.68920898, 0.72446775, 0.60379189;
 0, 0, 0, 1]
Twc:
[0.99943852, -0.031388145, -0.011723906, -0.044577494;
 0.030819619, 0.72390687, 0.68920898, 0.013310874;
 -0.013145975, -0.68918329, 0.72446775, -0.84681273;
 0, 0, 0, 1]
Ow:
[0.033010051;
 -0.59464419;
 0.60379189]
Keyframe: 31 Frame: 194 Frame from vFrameID : 195
Tcw:
[0.99919713, 0.037610613, 0.01380337, 0.043457292;
 -0.018025374, 0.72972775, -0.68350017, -0.61943322;
 -0.035779562, 0.6827026, 0.72981983, 0.63537008;
 0, 0, 0, 1]
Twc:
[0.99919713, -0.018025374, -0.035779562, -0.031854656;
 0.037610613, 0.72972775, 0.6827026, 0.016614389;
 0.01380337, -0.68350017, 0.72981983, -0.88768822;
 0, 0, 0, 1]
Ow:
[0.043457292;
 -0.61943322;
 0.63537008]
Keyframe: 32 Frame: 199 Frame from vFrameID : 200
Tcw:
[0.99893266, 0.044364452, 0.01285932, 0.039202705;
 -0.023774231, 0.73251301, -0.68033779, -0.67016429;
 -0.039602432, 0.67930591, 0.73278588, 0.69519138;
 0, 0, 0, 1]
Twc:
[0.99893266, -0.023774231, -0.039602432, -0.027562235;
 0.044364452, 0.73251301, 0.67930591, 0.016917245;
 0.01285932, -0.68033779, 0.73278588, -0.96586859;
 0, 0, 0, 1]
Ow:
[0.039202705;
 -0.67016429;
 0.69519138]
Keyframe: 33 Frame: 204 Frame from vFrameID : 205
Tcw:
[0.99884963, 0.038858224, -0.028097402, 0.037415914;
 -0.047453631, 0.71671569, -0.69574904, -0.68160057;
 -0.0068977247, 0.69628203, 0.71773517, 0.71025443;
 0, 0, 0, 1]
Twc:
[0.99884963, -0.047453631, -0.0068977247, -0.064818159;
 0.038858224, 0.71671569, 0.69628203, -0.0074774548;
 -0.028097402, -0.69574904, 0.71773517, -0.98294628;
 0, 0, 0, 1]
Ow:
[0.037415914;
 -0.68160057;
 0.71025443]
Keyframe: 34 Frame: 210 Frame from vFrameID : 211
Tcw:
[0.99805123, 0.011864845, -0.061261654, 0.035036124;
 -0.049885996, 0.74148071, -0.66911715, -0.70753175;
 0.037485361, 0.67086929, 0.74062759, 0.7510922;
 0, 0, 0, 1]
Twc:
[0.99805123, -0.049885996, 0.037485361, -0.098418728;
 0.011864845, 0.74148071, 0.67086929, 0.020320725;
 -0.061261654, -0.66911715, 0.74062759, -1.0275549;
 0, 0, 0, 1]
Ow:
[0.035036124;
 -0.70753175;
 0.7510922]
Keyframe: 35 Frame: 215 Frame from vFrameID : 216
Tcw:
[0.99932778, 0.0073425984, -0.035917476, 0.032003585;
 -0.029342288, 0.74754071, -0.6635676, -0.72085708;
 0.021977464, 0.66417545, 0.7472536, 0.77670437;
 0, 0, 0, 1]
Twc:
[0.99932778, -0.029342288, 0.021977464, -0.070203662;
 0.0073425984, 0.74754071, 0.66417545, 0.022767007;
 -0.035917476, -0.6635676, 0.7472536, -1.0575831;
 0, 0, 0, 1]
Ow:
[0.032003585;
 -0.72085708;
 0.77670437]
Keyframe: 36 Frame: 221 Frame from vFrameID : 222
Tcw:
[0.99869895, 0.044270109, 0.025308695, -0.02109921;
 -0.015929084, 0.74230558, -0.66987216, -0.78756362;
 -0.048442099, 0.66859752, 0.74204499, 0.83555537;
 0, 0, 0, 1]
Twc:
[0.99869895, -0.015929084, -0.048442099, 0.049002651;
 0.044270109, 0.74230558, 0.66859752, 0.026896669;
 0.025308695, -0.66987216, 0.74204499, -1.1470526;
 0, 0, 0, 1]
Ow:
[-0.02109921;
 -0.78756362;
 0.83555537]
Keyframe: 37 Frame: 227 Frame from vFrameID : 228
Tcw:
[0.99661362, 0.045417134, 0.068545833, -0.0088987872;
 0.010233211, 0.75863189, -0.65143919, -0.79439682;
 -0.081587553, 0.64993459, 0.75559807, 0.85931206;
 0, 0, 0, 1]
Twc:
[0.99661362, 0.010233211, -0.081587553, 0.087107047;
 0.045417134, 0.75863189, 0.64993459, 0.044562221;
 0.068545833, -0.65143919, 0.75559807, -1.1661857;
 0, 0, 0, 1]
Ow:
[-0.0088987872;
 -0.79439682;
 0.85931206]
Keyframe: 38 Frame: 233 Frame from vFrameID : 234
Tcw:
[0.99950862, 0.031063126, 0.0041987249, -0.005767053;
 -0.020619925, 0.75246322, -0.65831143, -0.86972868;
 -0.023608597, 0.65790135, 0.75273401, 0.92896843;
 0, 0, 0, 1]
Twc:
[0.99950862, -0.020619925, -0.023608597, 0.0097621204;
 0.031063126, 0.75246322, 0.65790135, 0.043448426;
 0.0041987249, -0.65831143, 0.75273401, -1.2717942;
 0, 0, 0, 1]
Ow:
[-0.005767053;
 -0.86972868;
 0.92896843]
Keyframe: 39 Frame: 240 Frame from vFrameID : 241
Tcw:
[0.99817491, -0.013042252, -0.058964483, 0.037875943;
 -0.030152647, 0.73834443, -0.67374945, -0.84297484;
 0.052323308, 0.67429769, 0.73660362, 1.0213144;
 0, 0, 0, 1]
Twc:
[0.99817491, -0.030152647, 0.052323308, -0.11666328;
 -0.013042252, 0.73834443, 0.67429769, -0.065770179;
 -0.058964483, -0.67374945, 0.73660362, -1.3180244;
 0, 0, 0, 1]
Ow:
[0.037875943;
 -0.84297484;
 1.0213144]
Keyframe: 40 Frame: 249 Frame from vFrameID : 250
Tcw:
[0.99875593, 0.0074805273, -0.049301408, 0.029147729;
 -0.038747072, 0.73876196, -0.67285174, -0.8968128;
 0.031388719, 0.67392492, 0.73813272, 1.0964664;
 0, 0, 0, 1]
Twc:
[0.99875593, -0.038747072, 0.031388719, -0.09827701;
 0.0074805273, 0.73876196, 0.67392492, -0.076622918;
 -0.049301408, -0.67285174, 0.73813272, -1.4113227;
 0, 0, 0, 1]
Ow:
[0.029147729;
 -0.8968128;
 1.0964664]
Keyframe: 41 Frame: 256 Frame from vFrameID : 257
Tcw:
[0.99922603, 0.037600514, -0.011558249, 0.014297804;
 -0.035952885, 0.75372589, -0.6562047, -0.92308939;
 -0.015961884, 0.65611237, 0.75449437, 1.1316878;
 0, 0, 0, 1]
Twc:
[0.99922603, -0.035952885, -0.015961884, -0.029410599;
 0.037600514, 0.75372589, 0.65611237, -0.047295537;
 -0.011558249, -0.6562047, 0.75449437, -1.4594225;
 0, 0, 0, 1]
Ow:
[0.014297804;
 -0.92308939;
 1.1316878]
Keyframe: 42 Frame: 264 Frame from vFrameID : 265
Tcw:
[0.99970275, 0.018371806, -0.016028346, 0.0021265503;
 -0.024376521, 0.74062574, -0.67147541, -0.9827525;
 -0.00046520916, 0.67166656, 0.74085343, 1.2466217;
 0, 0, 0, 1]
Twc:
[0.99970275, -0.024376521, -0.00046520916, -0.025502063;
 0.018371806, 0.74062574, 0.67166656, -0.10950138;
 -0.016028346, -0.67147541, 0.74085343, -1.5834241;
 0, 0, 0, 1]
Ow:
[0.0021265503;
 -0.9827525;
 1.2466217]
Keyframe: 43 Frame: 271 Frame from vFrameID : 272
Tcw:
[0.9920004, 0.014722462, -0.12537314, 0.056452259;
 -0.096225671, 0.73102593, -0.67553067, -1.0653112;
 0.08170554, 0.68219084, 0.72659469, 1.3549975;
 0, 0, 0, 1]
Twc:
[0.9920004, -0.096225671, 0.08170554, -0.26922175;
 0.014722462, 0.73102593, 0.68219084, -0.14642802;
 -0.12537314, -0.67553067, 0.72659469, -1.6971068;
 0, 0, 0, 1]
Ow:
[0.056452259;
 -1.0653112;
 1.3549975]
Keyframe: 44 Frame: 280 Frame from vFrameID : 281
Tcw:
[0.99225712, 0.016705688, -0.12307188, 0.050027713;
 -0.095881447, 0.73289263, -0.67355412, -1.1035094;
 0.078946285, 0.68013918, 0.72881967, 1.4285263;
 0, 0, 0, 1]
Twc:
[0.99225712, -0.095881447, 0.078946285, -0.26822332;
 0.016705688, 0.73289263, 0.68013918, -0.16367862;
 -0.12307188, -0.67355412, 0.72881967, -1.7782545;
 0, 0, 0, 1]
Ow:
[0.050027713;
 -1.1035094;
 1.4285263]
Keyframe: 45 Frame: 289 Frame from vFrameID : 290
Tcw:
[0.99859506, 0.037964787, -0.036968105, 0.025678366;
 -0.052979469, 0.72936404, -0.68207133, -1.1333412;
 0.0010685131, 0.68307161, 0.73035061, 1.4883261;
 0, 0, 0, 1]
Twc:
[0.99859506, -0.052979469, 0.0010685131, -0.087276399;
 0.037964787, 0.72936404, 0.68307161, -0.1909899;
 -0.036968105, -0.68207133, 0.73035061, -1.8590702;
 0, 0, 0, 1]
Ow:
[0.025678366;
 -1.1333412;
 1.4883261]
Keyframe: 46 Frame: 296 Frame from vFrameID : 297
Tcw:
[0.99769777, 0.055248268, -0.039329946, 0.0087072924;
 -0.067365177, 0.74049354, -0.66867876, -1.2071371;
 -0.0078197718, 0.66978872, 0.74251056, 1.5462075;
 0, 0, 0, 1]
Twc:
[0.99769777, -0.067365177, -0.0078197718, -0.077915259;
 0.055248268, 0.74049354, 0.66978872, -0.14223625;
 -0.039329946, -0.66867876, 0.74251056, -1.9549198;
 0, 0, 0, 1]
Ow:
[0.0087072924;
 -1.2071371;
 1.5462075]
Keyframe: 47 Frame: 302 Frame from vFrameID : 303
Tcw:
[0.99692905, 0.022863919, -0.07489837, -0.0005748868;
 -0.066836163, 0.74684447, -0.66163152, -1.222793;
 0.040809944, 0.66460556, 0.74607909, 1.5923905;
 0, 0, 0, 1]
Twc:
[0.99692905, -0.066836163, 0.040809944, -0.14613904;
 0.022863919, 0.74684447, 0.66460556, -0.14506234;
 -0.07489837, -0.66163152, 0.74607909, -1.9971306;
 0, 0, 0, 1]
Ow:
[-0.0005748868;
 -1.222793;
 1.5923905]
Keyframe: 48 Frame: 308 Frame from vFrameID : 309
Tcw:
[0.99547148, 0.016531015, -0.093612418, -0.0077572465;
 -0.073692359, 0.75627381, -0.65009183, -1.2437165;
 0.06004994, 0.65404636, 0.75406718, 1.6259997;
 0, 0, 0, 1]
Twc:
[0.99547148, -0.073692359, 0.06004994, -0.18157147;
 0.016531015, 0.75627381, 0.65404636, -0.12276082;
 -0.093612418, -0.65009183, 0.75406718, -2.0353692;
 0, 0, 0, 1]
Ow:
[-0.0077572465;
 -1.2437165;
 1.6259997]
Keyframe: 49 Frame: 314 Frame from vFrameID : 315
Tcw:
[0.99840194, 0.019648485, -0.052985635, -0.023766704;
 -0.049665835, 0.75239229, -0.65684026, -1.2637056;
 0.026960069, 0.65842217, 0.75216579, 1.6638303;
 0, 0, 0, 1]
Twc:
[0.99840194, -0.049665835, 0.026960069, -0.08389125;
 0.019648485, 0.75239229, 0.65842217, -0.14423332;
 -0.052985635, -0.65684026, 0.75216579, -2.0827882;
 0, 0, 0, 1]
Ow:
[-0.023766704;
 -1.2637056;
 1.6638303]
Keyframe: 50 Frame: 321 Frame from vFrameID : 322
Tcw:
[0.99925965, 0.037891407, -0.0066607092, -0.0034596538;
 -0.033592001, 0.77493036, -0.63115335, -1.2826219;
 -0.018753704, 0.6309098, 0.77562946, 1.7026005;
 0, 0, 0, 1]
Twc:
[0.99925965, -0.033592001, -0.018753704, -0.0076986742;
 0.037891407, 0.77493036, 0.6309098, -0.080113761;
 -0.0066607092, -0.63115335, 0.77562946, -2.1301413;
 0, 0, 0, 1]
Ow:
[-0.0034596538;
 -1.2826219;
 1.7026005]
Keyframe: 51 Frame: 326 Frame from vFrameID : 327
Tcw:
[0.99915481, 0.040867046, 0.0044278833, -0.021622414;
 -0.029159943, 0.78057909, -0.62437648, -1.329712;
 -0.028972736, 0.62371963, 0.781111, 1.7124475;
 0, 0, 0, 1]
Twc:
[0.99915481, -0.029159943, -0.028972736, 0.032444101;
 0.040867046, 0.78057909, 0.62371963, -0.029258108;
 0.0044278833, -0.62437648, 0.781111, -2.1677568;
 0, 0, 0, 1]
Ow:
[-0.021622414;
 -1.329712;
 1.7124475]
Keyframe: 52 Frame: 332 Frame from vFrameID : 333
Tcw:
[0.99727684, -0.028627047, -0.06796591, -0.077674285;
 -0.021404216, 0.76956677, -0.6382075, -1.3910469;
 0.070574306, 0.63792431, 0.7668584, 1.8836015;
 0, 0, 0, 1]
Twc:
[0.99727684, -0.021404216, 0.070574306, -0.085245378;
 -0.028627047, 0.76956677, 0.63792431, -0.1333154;
 -0.06796591, -0.6382075, 0.7668584, -2.3375115;
 0, 0, 0, 1]
Ow:
[-0.077674285;
 -1.3910469;
 1.8836015]
Keyframe: 53 Frame: 337 Frame from vFrameID : 338
Tcw:
[0.99544418, -0.016415838, -0.093922094, -0.078028977;
 -0.046426218, 0.77694863, -0.62784982, -1.3999486;
 0.083279319, 0.62934995, 0.7726469, 1.8982141;
 0, 0, 0, 1]
Twc:
[0.99544418, -0.046426218, 0.083279319, -0.1454028;
 -0.016415838, 0.77694863, 0.62934995, -0.10823364;
 -0.093922094, -0.62784982, 0.7726469, -2.3529353;
 0, 0, 0, 1]
Ow:
[-0.078028977;
 -1.3999486;
 1.8982141]
Keyframe: 54 Frame: 342 Frame from vFrameID : 343
Tcw:
[0.9956876, -0.0015358021, -0.092756569, -0.033842325;
 -0.057943266, 0.7705459, -0.6347453, -1.3974078;
 0.072448038, 0.63738269, 0.76713401, 1.9448254;
 0, 0, 0, 1]
Twc:
[0.9956876, -0.057943266, 0.072448038, -0.18817277;
 -0.0015358021, 0.7705459, 0.63738269, -0.16288321;
 -0.092756569, -0.6347453, 0.76713401, -2.3820789;
 0, 0, 0, 1]
Ow:
[-0.033842325;
 -1.3974078;
 1.9448254]
Keyframe: 55 Frame: 348 Frame from vFrameID : 349
Tcw:
[0.99965554, 0.017593049, -0.019473772, -0.084465593;
 -0.026013231, 0.76241463, -0.64656574, -1.448967;
 0.0034720264, 0.64684963, 0.76260966, 1.9921317;
 0, 0, 0, 1]
Twc:
[0.99965554, -0.026013231, 0.0034720264, 0.039827451;
 0.017593049, 0.76241463, 0.64684963, -0.18241003;
 -0.019473772, -0.64656574, 0.76260966, -2.4577162;
 0, 0, 0, 1]
Ow:
[-0.084465593;
 -1.448967;
 1.9921317]
Keyframe: 56 Frame: 354 Frame from vFrameID : 355
Tcw:
[0.99862975, 0.047982942, -0.02088635, -0.076489344;
 -0.050436616, 0.77605504, -0.62864512, -1.4789743;
 -0.013955285, 0.62883717, 0.77741176, 2.0597072;
 0, 0, 0, 1]
Twc:
[0.99862975, -0.050436616, -0.013955285, 0.030533869;
 0.047982942, 0.77605504, 0.62883717, -0.14378475;
 -0.02088635, -0.62864512, 0.77741176, -2.5325882;
 0, 0, 0, 1]
Ow:
[-0.076489344;
 -1.4789743;
 2.0597072]
Keyframe: 57 Frame: 359 Frame from vFrameID : 360
Tcw:
[0.99874723, 0.031627685, -0.038776789, -0.075035982;
 -0.049173094, 0.76391035, -0.64344621, -1.5005345;
 0.0092712743, 0.64454687, 0.76450855, 2.0993824;
 0, 0, 0, 1]
Twc:
[0.99874723, -0.049173094, 0.0092712743, -0.018307898;
 0.031627685, 0.76391035, 0.64454687, -0.20450339;
 -0.038776789, -0.64344621, 0.76450855, -2.5734186;
 0, 0, 0, 1]
Ow:
[-0.075035982;
 -1.5005345;
 2.0993824]
Keyframe: 58 Frame: 365 Frame from vFrameID : 366
Tcw:
[0.99331123, 0.020686626, -0.11359976, -0.053831875;
 -0.090498425, 0.75049728, -0.65464789, -1.542312;
 0.071713857, 0.6605497, 0.74734944, 2.1594684;
 0, 0, 0, 1]
Twc:
[0.99331123, -0.090498425, 0.071713857, -0.24096882;
 0.020686626, 0.75049728, 0.6605497, -0.26782161;
 -0.11359976, -0.65464789, 0.74734944, -2.6296642;
 0, 0, 0, 1]
Ow:
[-0.053831875;
 -1.542312;
 2.1594684]
Keyframe: 59 Frame: 371 Frame from vFrameID : 372
Tcw:
[0.99175507, 0.027985647, -0.12505485, -0.095421135;
 -0.10572598, 0.73013783, -0.67507094, -1.6613445;
 0.072414972, 0.68272656, 0.72707665, 2.4367604;
 0, 0, 0, 1]
Twc:
[0.99175507, -0.10572598, 0.072414972, -0.25747085;
 0.027985647, 0.73013783, 0.68272656, -0.44796026;
 -0.12505485, -0.67507094, 0.72707665, -2.9051702;
 0, 0, 0, 1]
Ow:
[-0.095421135;
 -1.6613445;
 2.4367604]
Keyframe: 60 Frame: 375 Frame from vFrameID : 376
Tcw:
[0.99365598, 0.041628432, -0.10447452, -0.10072184;
 -0.10062639, 0.74393612, -0.66063106, -1.6669987;
 0.050221339, 0.66695291, 0.74340546, 2.4347949;
 0, 0, 0, 1]
Twc:
[0.99365598, -0.10062639, 0.050221339, -0.18993984;
 0.041628432, 0.74393612, 0.66695291, -0.37955987;
 -0.10447452, -0.66063106, 0.74340546, -2.9218338;
 0, 0, 0, 1]
Ow:
[-0.10072184;
 -1.6669987;
 2.4347949]
Keyframe: 61 Frame: 378 Frame from vFrameID : 379
Tcw:
[0.99551135, 0.047680676, -0.081754178, -0.10282053;
 -0.090327188, 0.73653346, -0.67034274, -1.6826583;
 0.028252296, 0.67471844, 0.73753428, 2.4544971;
 0, 0, 0, 1]
Twc:
[0.99551135, -0.090327188, 0.028252296, -0.11897597;
 0.047680676, 0.73653346, 0.67471844, -0.41185778;
 -0.081754178, -0.67034274, 0.73753428, -2.9466398;
 0, 0, 0, 1]
Ow:
[-0.10282053;
 -1.6826583;
 2.4544971]
Keyframe: 62 Frame: 383 Frame from vFrameID : 384
Tcw:
[0.99712801, 0.062200136, -0.043207284, -0.097044572;
 -0.075199641, 0.74545968, -0.66229516, -1.6833875;
 -0.0089855623, 0.66364223, 0.74799615, 2.4583848;
 0, 0, 0, 1]
Twc:
[0.99712801, -0.075199641, -0.0089855623, -0.0077343034;
 0.062200136, 0.74545968, 0.66364223, -0.37055427;
 -0.043207284, -0.66229516, 0.74799615, -2.9579546;
 0, 0, 0, 1]
Ow:
[-0.097044572;
 -1.6833875;
 2.4583848]
Keyframe: 63 Frame: 388 Frame from vFrameID : 389
Tcw:
[0.99841028, 0.052495345, -0.02052228, -0.13017873;
 -0.052509449, 0.73394763, -0.67717326, -1.7860889;
 -0.020486165, 0.67717433, 0.73553741, 2.6297679;
 0, 0, 0, 1]
Twc:
[0.99841028, -0.052509449, -0.020486165, 0.090059094;
 0.052495345, 0.73394763, 0.67717433, -0.46308169;
 -0.02052228, -0.67717326, 0.73553741, -3.1464558;
 0, 0, 0, 1]
Ow:
[-0.13017873;
 -1.7860889;
 2.6297679]
Keyframe: 64 Frame: 393 Frame from vFrameID : 394
Tcw:
[0.9976545, 0.050290082, -0.046436906, -0.1178568;
 -0.068446167, 0.74060565, -0.66844475, -1.7913067;
 0.00077529228, 0.67005539, 0.7423107, 2.6061859;
 0, 0, 0, 1]
Twc:
[0.9976545, -0.068446167, 0.00077529228, -0.0070482735;
 0.050290082, 0.74060565, 0.67005539, -0.41370988;
 -0.046436906, -0.66844475, 0.7423107, -3.1374624;
 0, 0, 0, 1]
Ow:
[-0.1178568;
 -1.7913067;
 2.6061859]
Keyframe: 65 Frame: 399 Frame from vFrameID : 400
Tcw:
[0.99607104, 0.026549241, -0.084484629, -0.12040666;
 -0.074913822, 0.76137394, -0.64397019, -1.8019397;
 0.047227476, 0.64776909, 0.76037145, 2.6222956;
 0, 0, 0, 1]
Twc:
[0.99607104, -0.074913822, 0.047227476, -0.13890101;
 0.026549241, 0.76137394, 0.64776909, -0.32349551;
 -0.084484629, -0.64397019, 0.76037145, -3.1644869;
 0, 0, 0, 1]
Ow:
[-0.12040666;
 -1.8019397;
 2.6222956]
Keyframe: 66 Frame: 405 Frame from vFrameID : 406
Tcw:
[0.99865079, 0.02569332, -0.045127187, -0.12558238;
 -0.048325866, 0.77788591, -0.62654459, -1.8220503;
 0.019005794, 0.62788004, 0.77807802, 2.6477671;
 0, 0, 0, 1]
Twc:
[0.99865079, -0.048325866, 0.019005794, -0.012962124;
 0.02569332, 0.77788591, 0.62788004, -0.24190634;
 -0.045127187, -0.62654459, 0.77807802, -3.2074325;
 0, 0, 0, 1]
Ow:
[-0.12558238;
 -1.8220503;
 2.6477671]
Keyframe: 67 Frame: 411 Frame from vFrameID : 412
Tcw:
[0.99909854, 0.04242022, -0.00161435, -0.11282486;
 -0.034467131, 0.78841072, -0.61418283, -1.8318286;
 -0.024781002, 0.61368483, 0.7891621, 2.6653595;
 0, 0, 0, 1]
Twc:
[0.99909854, -0.034467131, -0.024781002, 0.11563554;
 0.04242022, 0.78841072, 0.61368483, -0.18667127;
 -0.00161435, -0.61418283, 0.7891621, -3.2286606;
 0, 0, 0, 1]
Ow:
[-0.11282486;
 -1.8318286;
 2.6653595]
Keyframe: 68 Frame: 418 Frame from vFrameID : 419
Tcw:
[0.99953711, 0.028732782, -0.0099993581, -0.19142938;
 -0.028632924, 0.77737939, -0.62838, -1.8947651;
 -0.010281811, 0.62837547, 0.77784222, 2.8637784;
 0, 0, 0, 1]
Twc:
[0.99953711, -0.028632924, -0.010281811, 0.16653293;
 0.028732782, 0.77737939, 0.62837547, -0.32107651;
 -0.0099993581, -0.62838, 0.77784222, -3.4201148;
 0, 0, 0, 1]
Ow:
[-0.19142938;
 -1.8947651;
 2.8637784]
Keyframe: 69 Frame: 424 Frame from vFrameID : 425
Tcw:
[0.99912971, -0.00047315843, -0.041709069, -0.18664505;
 -0.025538314, 0.78366882, -0.62065369, -1.9259874;
 0.032979764, 0.62117869, 0.78297472, 2.874507;
 0, 0, 0, 1]
Twc:
[0.99912971, -0.025538314, 0.032979764, 0.042495586;
 -0.00047315843, 0.78366882, 0.62117869, -0.27633449;
 -0.041709069, -0.62065369, 0.78297472, -3.4538219;
 0, 0, 0, 1]
Ow:
[-0.18664505;
 -1.9259874;
 2.874507]
Keyframe: 70 Frame: 430 Frame from vFrameID : 431
Tcw:
[0.99826521, 0.0056932126, -0.058601912, -0.18686417;
 -0.039718449, 0.79984909, -0.59888548, -1.943345;
 0.043463103, 0.60017413, 0.79868764, 2.8895187;
 0, 0, 0, 1]
Twc:
[0.99826521, -0.039718449, 0.043463103, -0.016234122;
 0.0056932126, 0.79984909, 0.60017413, -0.17876782;
 -0.058601912, -0.59888548, 0.79868764, -3.4826148;
 0, 0, 0, 1]
Ow:
[-0.18686417;
 -1.943345;
 2.8895187]
Keyframe: 71 Frame: 436 Frame from vFrameID : 437
Tcw:
[0.99939209, 0.0016484319, -0.034824565, -0.18424025;
 -0.022168064, 0.8009941, -0.59826171, -1.9532228;
 0.026908075, 0.59867001, 0.80054367, 2.9088826;
 0, 0, 0, 1]
Twc:
[0.99939209, -0.022168064, 0.026908075, 0.062556654;
 0.0016484319, 0.8009941, 0.59867001, -0.17663722;
 -0.034824565, -0.59826171, 0.80054367, -3.5036421;
 0, 0, 0, 1]
Ow:
[-0.18424025;
 -1.9532228;
 2.9088826]
Keyframe: 72 Frame: 442 Frame from vFrameID : 443
Tcw:
[0.99988514, 0.014869547, -0.0029274097, -0.18517965;
 -0.013622195, 0.79717773, -0.60359102, -1.9606974;
 -0.0066414592, 0.60356158, 0.79728872, 2.928396;
 0, 0, 0, 1]
Twc:
[0.99988514, -0.013622195, -0.0066414592, 0.17789821;
 0.014869547, 0.79717773, 0.60356158, -0.20168969;
 -0.0029274097, -0.60359102, 0.79728872, -3.5187786;
 0, 0, 0, 1]
Ow:
[-0.18517965;
 -1.9606974;
 2.928396]
Keyframe: 73 Frame: 447 Frame from vFrameID : 448
Tcw:
[0.99947923, 0.031929534, -0.0046651009, -0.18509999;
 -0.028512461, 0.80616695, -0.59100074, -1.9784408;
 -0.015109528, 0.59082597, 0.80665755, 2.9796011;
 0, 0, 0, 1]
Twc:
[0.99947923, -0.028512461, -0.015109528, 0.17361373;
 0.031929534, 0.80616695, 0.59082597, -0.15956195;
 -0.0046651009, -0.59100074, 0.80665755, -3.5736411;
 0, 0, 0, 1]
Ow:
[-0.18509999;
 -1.9784408;
 2.9796011]
Keyframe: 74 Frame: 452 Frame from vFrameID : 453
Tcw:
[0.99929178, 0.01619133, -0.033967499, -0.179637;
 -0.033391133, 0.79774046, -0.6020757, -1.9853039;
 0.017348843, 0.6027835, 0.79771614, 3.0033412;
 0, 0, 0, 1]
Twc:
[0.99929178, -0.033391133, 0.017348843, 0.061113734;
 0.01619133, 0.79774046, 0.6027835, -0.22369856;
 -0.033967499, -0.6020757, 0.79771614, -3.5972188;
 0, 0, 0, 1]
Ow:
[-0.179637;
 -1.9853039;
 3.0033412]
Keyframe: 75 Frame: 457 Frame from vFrameID : 458
Tcw:
[0.9988625, 0.010574177, -0.046495527, -0.18536347;
 -0.036364388, 0.79965729, -0.59935457, -1.9960902;
 0.030842805, 0.60036361, 0.79913223, 3.0333176;
 0, 0, 0, 1]
Twc:
[0.9988625, -0.036364388, 0.030842805, 0.019010019;
 0.010574177, 0.79965729, 0.60036361, -0.22294524;
 -0.046495527, -0.59935457, 0.79913223, -3.6290059;
 0, 0, 0, 1]
Ow:
[-0.18536347;
 -1.9960902;
 3.0333176]
Keyframe: 76 Frame: 463 Frame from vFrameID : 464
Tcw:
[0.99669629, 0.019939253, -0.07873334, -0.19000489;
 -0.062276281, 0.80989653, -0.58325744, -2.0252569;
 0.052136142, 0.58623379, 0.80846262, 3.088289;
 0, 0, 0, 1]
Twc:
[0.99669629, -0.062276281, 0.052136142, -0.097759791;
 0.019939253, 0.80989653, 0.58623379, -0.16642214;
 -0.07873334, -0.58325744, 0.80846262, -3.6929722;
 0, 0, 0, 1]
Ow:
[-0.19000489;
 -2.0252569;
 3.088289]
Keyframe: 77 Frame: 467 Frame from vFrameID : 468
Tcw:
[0.99716574, 0.026662944, -0.070353195, -0.19086376;
 -0.063086353, 0.80583835, -0.58876538, -2.0347195;
 0.04099508, 0.59153503, 0.80523646, 3.1097693;
 0, 0, 0, 1]
Twc:
[0.99716574, -0.063086353, 0.04099508, -0.065525495;
 0.026662944, 0.80583835, 0.59153503, -0.19479352;
 -0.070353195, -0.58876538, 0.80523646, -3.7154999;
 0, 0, 0, 1]
Ow:
[-0.19086376;
 -2.0347195;
 3.1097693]
Keyframe: 78 Frame: 472 Frame from vFrameID : 473
Tcw:
[0.99840915, 0.045367427, -0.033481035, -0.19678339;
 -0.056345411, 0.78074354, -0.62230599, -2.0419652;
 -0.00209232, 0.6232025, 0.7820577, 3.1437094;
 0, 0, 0, 1]
Twc:
[0.99840915, -0.056345411, -0.00209232, 0.087992609;
 0.045367427, 0.78074354, 0.6232025, -0.35598883;
 -0.033481035, -0.62230599, 0.7820577, -3.735878;
 0, 0, 0, 1]
Ow:
[-0.19678339;
 -2.0419652;
 3.1437094]
Keyframe: 79 Frame: 477 Frame from vFrameID : 478
Tcw:
[0.9988209, 0.048540752, -0.00076870964, -0.25938943;
 -0.038253359, 0.7771908, -0.62810117, -2.1471398;
 -0.02989107, 0.62739003, 0.77813131, 3.3451698;
 0, 0, 0, 1]
Twc:
[0.9988209, -0.038253359, -0.02989107, 0.27693897;
 0.048540752, 0.7771908, 0.62739003, -0.41739753;
 -0.00076870964, -0.62810117, 0.77813131, -3.9518018;
 0, 0, 0, 1]
Ow:
[-0.25938943;
 -2.1471398;
 3.3451698]
Keyframe: 80 Frame: 482 Frame from vFrameID : 483
Tcw:
[0.99916154, 0.03785447, -0.015596257, -0.25392994;
 -0.039471786, 0.78951079, -0.6124661, -2.1577661;
 -0.010871166, 0.6125682, 0.79034299, 3.3658025;
 0, 0, 0, 1]
Twc:
[0.99916154, -0.039471786, -0.010871166, 0.20513637;
 0.03785447, 0.78951079, 0.6125682, -0.34859169;
 -0.015596257, -0.6124661, 0.79034299, -3.9856575;
 0, 0, 0, 1]
Ow:
[-0.25392994;
 -2.1577661;
 3.3658025]
Keyframe: 81 Frame: 487 Frame from vFrameID : 488
Tcw:
[0.99938655, 0.0061835567, -0.03447235, -0.28006124;
 -0.025802141, 0.79556149, -0.60532314, -2.1729155;
 0.023681825, 0.60584128, 0.79523301, 3.4044657;
 0, 0, 0, 1]
Twc:
[0.99938655, -0.025802141, 0.023681825, 0.14319961;
 0.0061835567, 0.79556149, 0.60584128, -0.33214605;
 -0.03447235, -0.60532314, 0.79523301, -4.0323138;
 0, 0, 0, 1]
Ow:
[-0.28006124;
 -2.1729155;
 3.4044657]
Keyframe: 82 Frame: 494 Frame from vFrameID : 495
Tcw:
[0.99811298, -0.019211523, -0.058321245, -0.28154883;
 -0.017957147, 0.81694937, -0.57642978, -2.19082;
 0.058719598, 0.57638937, 0.81506276, 3.4463484;
 0, 0, 0, 1]
Twc:
[0.99811298, -0.017957147, 0.058719598, 0.039308485;
 -0.019211523, 0.81694937, 0.57638937, -0.20205848;
 -0.058321245, -0.57642978, 0.81506276, -4.0882645;
 0, 0, 0, 1]
Ow:
[-0.28154883;
 -2.19082;
 3.4463484]
Keyframe: 83 Frame: 500 Frame from vFrameID : 501
Tcw:
[0.99814987, -0.012701132, -0.059459902, -0.26970521;
 -0.023372881, 0.82264, -0.56808197, -2.214277;
 0.056129377, 0.56842071, 0.82082117, 3.4897542;
 0, 0, 0, 1]
Twc:
[0.99814987, -0.023372881, 0.056129377, 0.021574458;
 -0.012701132, 0.82264, 0.56842071, -0.16552137;
 -0.059459902, -0.56808197, 0.82082117, -4.1383915;
 0, 0, 0, 1]
Ow:
[-0.26970521;
 -2.214277;
 3.4897542]
Keyframe: 84 Frame: 506 Frame from vFrameID : 507
Tcw:
[0.99962974, 0.0096648969, -0.025435684, -0.28245398;
 -0.022232898, 0.8290413, -0.55874515, -2.2088678;
 0.015687019, 0.55910379, 0.82894927, 3.5217078;
 0, 0, 0, 1]
Twc:
[0.99962974, -0.022232898, 0.015687019, 0.17799479;
 0.0096648969, 0.8290413, 0.55910379, -0.13502756;
 -0.025435684, -0.55874515, 0.82894927, -4.1606956;
 0, 0, 0, 1]
Ow:
[-0.28245398;
 -2.2088678;
 3.5217078]
Keyframe: 85 Frame: 512 Frame from vFrameID : 513
Tcw:
[0.99961281, 0.026543029, 0.0083477348, -0.24893069;
 -0.01724978, 0.82655996, -0.56258428, -2.2471671;
 -0.021832595, 0.56222248, 0.82669777, 3.5700285;
 0, 0, 0, 1]
Twc:
[0.99961281, -0.01724978, -0.021832595, 0.28801417;
 0.026543029, 0.82655996, 0.56222248, -0.14312454;
 0.0083477348, -0.56258428, 0.82669777, -4.2134776;
 0, 0, 0, 1]
Ow:
[-0.24893069;
 -2.2471671;
 3.5700285]
Keyframe: 86 Frame: 517 Frame from vFrameID : 518
Tcw:
[0.99967331, -0.0012683994, -0.025527721, -0.24623518;
 -0.013130135, 0.83141893, -0.55549091, -2.2747743;
 0.021928815, 0.55564463, 0.83113068, 3.6327031;
 0, 0, 0, 1]
Twc:
[0.99967331, -0.013130135, 0.021928815, 0.13662577;
 -0.0012683994, 0.83141893, 0.55564463, -0.12751359;
 -0.025527721, -0.55549091, 0.83113068, -4.2891531;
 0, 0, 0, 1]
Ow:
[-0.24623518;
 -2.2747743;
 3.6327031]
Keyframe: 87 Frame: 521 Frame from vFrameID : 522
Tcw:
[0.99803638, 0.0074156458, -0.062195949, -0.24437195;
 -0.042660572, 0.80753374, -0.58827657, -2.2875018;
 0.04586288, 0.58977473, 0.80626446, 3.6747386;
 0, 0, 0, 1]
Twc:
[0.99803638, -0.042660572, 0.04586288, -0.022228131;
 0.0074156458, 0.80753374, 0.58977473, -0.31822065;
 -0.062195949, -0.58827657, 0.80626446, -4.3236938;
 0, 0, 0, 1]
Ow:
[-0.24437195;
 -2.2875018;
 3.6747386]
Keyframe: 88 Frame: 526 Frame from vFrameID : 527
Tcw:
[0.99710667, 0.0030211452, -0.075955287, -0.25229377;
 -0.047113989, 0.80870491, -0.58632463, -2.2654974;
 0.059654042, 0.58820677, 0.80650741, 3.7391;
 0, 0, 0, 1]
Twc:
[0.99710667, -0.047113989, 0.059654042, -0.078225255;
 0.0030211452, 0.80870491, 0.58820677, -0.3664825;
 -0.075955287, -0.58632463, 0.80650741, -4.3630919;
 0, 0, 0, 1]
Ow:
[-0.25229377;
 -2.2654974;
 3.7391]
Keyframe: 89 Frame: 532 Frame from vFrameID : 533
Tcw:
[0.9977845, 0.012492923, -0.065345146, -0.26628992;
 -0.047979563, 0.81554377, -0.57670295, -2.2855101;
 0.046087123, 0.57856053, 0.81433636, 3.775723;
 0, 0, 0, 1]
Twc:
[0.9977845, -0.047979563, 0.046087123, -0.017970014;
 0.012492923, 0.81554377, 0.57856053, -0.317224;
 -0.065345146, -0.57670295, 0.81433636, -4.4101696;
 0, 0, 0, 1]
Ow:
[-0.26628992;
 -2.2855101;
 3.775723]
Keyframe: 90 Frame: 537 Frame from vFrameID : 538
Tcw:
[0.99786061, 0.038304482, -0.052981373, -0.25854424;
 -0.062002916, 0.81146759, -0.58109891, -2.3125267;
 0.020733975, 0.58314073, 0.81210649, 3.8160253;
 0, 0, 0, 1]
Twc:
