Keyframe: 0 Frame: 0 Frame from vFrameID : 81
Tcw:
[0.91500556, 0.32097629, 0.24441569, -0.01675614;
 0.2405584, 0.052283116, -0.96922553, -0.12509815;
 -0.32387722, 0.94564301, -0.029374199, 0.013695799;
 0, 0, 0, 1]
Twc:
[0.91500556, 0.2405584, -0.32387722, 0.049861133;
 0.32097629, 0.052283116, 0.94564301, -0.0010324898;
 0.24441569, -0.96922553, -0.029374199, -0.11675056;
 0, 0, 0, 1]
Ow:
[-0.01675614;
 -0.12509815;
 0.013695799]
Keyframe: 1 Frame: 80 Frame from vFrameID : 81
Tcw:
[0.91615522, 0.31464699, 0.24830808, -0.018037021;
 0.24310496, 0.056349464, -0.96836185, -0.12510858;
 -0.31868416, 0.94753468, -0.024867391, 0.014888419;
 0, 0, 0, 1]
Twc:
[0.91615522, 0.24310496, -0.31868416, 0.051683933;
 0.31464699, 0.056349464, 0.94753468, -0.0013821962;
 0.24830808, -0.96836185, -0.024867391, -0.1163014;
 0, 0, 0, 1]
Ow:
[-0.018037021;
 -0.12510858;
 0.014888419]
Keyframe: 2 Frame: 84 Frame from vFrameID : 85
Tcw:
[0.92294651, 0.29451054, 0.24785744, -0.023368882;
 0.24053198, 0.061457168, -0.96869367, -0.12678663;
 -0.30052313, 0.95367002, -0.014117531, 0.015182899;
 0, 0, 0, 1]
Twc:
[0.92294651, 0.24053198, -0.30052313, 0.056627277;
 0.29451054, 0.061457168, 0.95367002, 0.00019485306;
 0.24785744, -0.96869367, -0.014117531, -0.11681092;
 0, 0, 0, 1]
Ow:
[-0.023368882;
 -0.12678663;
 0.015182899]
Keyframe: 3 Frame: 85 Frame from vFrameID : 86
Tcw:
[0.92689312, 0.28536826, 0.24379119, -0.025708375;
 0.2369606, 0.058789473, -0.96973884, -0.12693831;
 -0.29106504, 0.95661318, -0.013129475, 0.014610766;
 0, 0, 0, 1]
Twc:
[0.92689312, 0.2369606, -0.29106504, 0.058160979;
 0.28536826, 0.058789473, 0.95661318, 0.0008221395;
 0.24379119, -0.96973884, -0.013129475, -0.11663771;
 0, 0, 0, 1]
Ow:
[-0.025708375;
 -0.12693831;
 0.014610766]
Keyframe: 4 Frame: 88 Frame from vFrameID : 89
Tcw:
[0.94033575, 0.24999362, 0.23080695, -0.03422033;
 0.22695442, 0.044543304, -0.9728862, -0.1272034;
 -0.25349626, 0.96722233, -0.014851496, 0.017058102;
 0, 0, 0, 1]
Twc:
[0.94033575, 0.22695442, -0.25349626, 0.065372139;
 0.24999362, 0.044543304, 0.96722233, -0.0022780537;
 0.23080695, -0.9728862, -0.014851496, -0.11560281;
 0, 0, 0, 1]
Ow:
[-0.03422033;
 -0.1272034;
 0.017058102]
Keyframe: 5 Frame: 91 Frame from vFrameID : 92
Tcw:
[0.94900566, 0.22812323, 0.21759614, -0.039285954;
 0.21522607, 0.035529811, -0.9759177, -0.12835899;
 -0.23036064, 0.97298378, -0.015380075, 0.017022872;
 0, 0, 0, 1]
Twc:
[0.94900566, 0.21522607, -0.23036064, 0.0688302;
 0.22812323, 0.035529811, 0.97298378, -0.0030403687;
 0.21759614, -0.9759177, -0.015380075, -0.11645753;
 0, 0, 0, 1]
Ow:
[-0.039285954;
 -0.12835899;
 0.017022872]
Keyframe: 6 Frame: 94 Frame from vFrameID : 95
Tcw:
[0.95392418, 0.2201459, 0.20387347, -0.039539643;
 0.20187059, 0.031804465, -0.97889566, -0.12858939;
 -0.22198395, 0.97494835, -0.014101932, 0.016448323;
 0, 0, 0, 1]
Twc:
[0.95392418, 0.20187059, -0.22198395, 0.067327507;
 0.2201459, 0.031804465, 0.97494835, -0.003242057;
 0.20387347, -0.97889566, -0.014101932, -0.11758257;
 0, 0, 0, 1]
Ow:
[-0.039539643;
 -0.12858939;
 0.016448323]
Keyframe: 7 Frame: 97 Frame from vFrameID : 98
Tcw:
[0.95677954, 0.22304918, 0.18660639, -0.038198322;
 0.18702158, 0.019455314, -0.98216313, -0.12929207;
 -0.22270116, 0.97461301, -0.023100564, 0.0154263;
 0, 0, 0, 1]
Twc:
[0.95677954, 0.18702158, -0.22270116, 0.064163238;
 0.22304918, 0.019455314, 0.97461301, -0.0039991508;
 0.18660639, -0.98216313, -0.023100564, -0.11950149;
 0, 0, 0, 1]
Ow:
[-0.038198322;
 -0.12929207;
 0.0154263]
Keyframe: 8 Frame: 101 Frame from vFrameID : 102
Tcw:
[0.95488393, 0.23919646, 0.17601632, -0.035462633;
 0.17945245, 0.0075154351, -0.98373795, -0.12962286;
 -0.23662947, 0.97094208, -0.035748024, 0.014062731;
 0, 0, 0, 1]
Twc:
[0.95488393, 0.17945245, -0.23662947, 0.060451496;
 0.23919646, 0.0075154351, 0.97094208, -0.0041973889;
 0.17601632, -0.98373795, -0.035748024, -0.12077022;
 0, 0, 0, 1]
Ow:
[-0.035462633;
 -0.12962286;
 0.014062731]
Keyframe: 9 Frame: 105 Frame from vFrameID : 106
Tcw:
[0.94683337, 0.26302177, 0.18527305, -0.029653806;
 0.18795317, 0.015166349, -0.98206091, -0.12789249;
 -0.26111332, 0.96467066, -0.035075773, 0.014611686;
 0, 0, 0, 1]
Twc:
[0.94683337, 0.18795317, -0.26111332, 0.05593032;
 0.26302177, 0.015166349, 0.96467066, -0.0043562059;
 0.18527305, -0.98206091, -0.035075773, -0.11959165;
 0, 0, 0, 1]
Ow:
[-0.029653806;
 -0.12789249;
 0.014611686]
Keyframe: 10 Frame: 109 Frame from vFrameID : 110
Tcw:
[0.9360289, 0.28232956, 0.21009499, -0.023052987;
 0.20885736, 0.034834035, -0.97732556, -0.1264523;
 -0.28324634, 0.95868486, -0.026360942, 0.014080668;
 0, 0, 0, 1]
Twc:
[0.9360289, 0.20885736, -0.28324634, 0.051977053;
 0.28232956, 0.034834035, 0.95868486, -0.0025855389;
 0.21009499, -0.97732556, -0.026360942, -0.11837056;
 0, 0, 0, 1]
Ow:
[-0.023052987;
 -0.1264523;
 0.014080668]
Keyframe: 11 Frame: 113 Frame from vFrameID : 114
Tcw:
[0.92293769, 0.30497223, 0.23489983, -0.020667559;
 0.23016256, 0.051944695, -0.97176486, -0.12489393;
 -0.30856308, 0.95094359, -0.022251472, 0.013453807;
 0, 0, 0, 1]
Twc:
[0.92293769, 0.23016256, -0.30856308, 0.051972128;
 0.30497223, 0.051944695, 0.95094359, -3.2027306e-06;
 0.23489983, -0.97176486, -0.022251472, -0.11621337;
 0, 0, 0, 1]
Ow:
[-0.020667559;
 -0.12489393;
 0.013453807]
Keyframe: 12 Frame: 118 Frame from vFrameID : 119
Tcw:
[0.9112491, 0.31645122, 0.26359767, -0.017488392;
 0.25863558, 0.058402337, -0.96420789, -0.12462787;
 -0.32051948, 0.94680929, -0.02862647, 0.012661944;
 0, 0, 0, 1]
Twc:
[0.9112491, 0.25863558, -0.32051948, 0.052227881;
 0.31645122, 0.058402337, 0.94680929, 0.0008243355;
 0.26359767, -0.96420789, -0.02862647, -0.1151948;
 0, 0, 0, 1]
Ow:
[-0.017488392;
 -0.12462787;
 0.012661944]
Keyframe: 13 Frame: 123 Frame from vFrameID : 124
Tcw:
[0.90416992, 0.33591989, 0.26388368, -0.015308779;
 0.26544517, 0.04217099, -0.96320325, -0.12593998;
 -0.33468735, 0.94094604, -0.051038571, 0.012921929;
 0, 0, 0, 1]
Twc:
[0.90416992, 0.26544517, -0.33468735, 0.051596701;
 0.33591989, 0.04217099, 0.94094604, -0.0017053012;
 0.26388368, -0.96320325, -0.051038571, -0.11660654;
 0, 0, 0, 1]
Ow:
[-0.015308779;
 -0.12593998;
 0.012921929]
Keyframe: 14 Frame: 128 Frame from vFrameID : 129
Tcw:
[0.89522326, 0.35127574, 0.27419102, -0.0075493008;
 0.2695944, 0.06298811, -0.96091175, -0.12805775;
 -0.35481575, 0.93415087, -0.038313553, 0.014627475;
 0, 0, 0, 1]
Twc:
[0.89522326, 0.2695944, -0.35481575, 0.046472017;
 0.35127574, 0.06298811, 0.93415087, -0.0029462685;
 0.27419102, -0.96091175, -0.038313553, -0.12042181;
 0, 0, 0, 1]
Ow:
[-0.0075493008;
 -0.12805775;
 0.014627475]
Keyframe: 15 Frame: 134 Frame from vFrameID : 135
Tcw:
[0.88965148, 0.36724874, 0.27138284, 0.006630484;
 0.2940653, -0.006091604, -0.9557659, -0.18199144;
 -0.34935066, 0.93010283, -0.1134145, 0.098738968;
 0, 0, 0, 1]
Twc:
[0.88965148, 0.2940653, -0.34935066, 0.082113072;
 0.36724874, -0.006091604, 0.93010283, -0.095381051;
 0.27138284, -0.9557659, -0.1134145, -0.1645422;
 0, 0, 0, 1]
Ow:
[0.006630484;
 -0.18199144;
 0.098738968]
Keyframe: 16 Frame: 141 Frame from vFrameID : 142
Tcw:
[0.89247364, 0.38189551, 0.24009719, 0.041547503;
 0.28827068, -0.073439822, -0.95472854, -0.21771361;
 -0.34697387, 0.92128301, -0.17563239, 0.16777447;
 0, 0, 0, 1]
Twc:
[0.89247364, 0.28827068, -0.34697387, 0.083893754;
 0.38189551, -0.073439822, 0.92128301, -0.18642342;
 0.24009719, -0.95472854, -0.17563239, -0.1883662;
 0, 0, 0, 1]
Ow:
[0.041547503;
 -0.21771361;
 0.16777447]
Keyframe: 17 Frame: 147 Frame from vFrameID : 148
Tcw:
[0.91073966, 0.359532, 0.20319936, 0.069100067;
 0.23469061, -0.045716625, -0.97099447, -0.22725992;
 -0.33981401, 0.9320122, -0.12601472, 0.17013144;
 0, 0, 0, 1]
Twc:
[0.91073966, 0.23469061, -0.33981401, 0.048216637;
 0.359532, -0.045716625, 0.9320122, -0.19379783;
 0.20319936, -0.97099447, -0.12601472, -0.21327016;
 0, 0, 0, 1]
Ow:
[0.069100067;
 -0.22725992;
 0.17013144]
Keyframe: 18 Frame: 154 Frame from vFrameID : 155
Tcw:
[0.92012948, 0.30176517, 0.24959861, 0.042209003;
 0.27243853, -0.035405938, -0.96152157, -0.27484563;
 -0.28131646, 0.95272464, -0.11479051, 0.26675287;
 0, 0, 0, 1]
Twc:
[0.92012948, 0.27243853, -0.28131646, 0.11108276;
 0.30176517, -0.035405938, 0.95272464, -0.2766104;
 0.24959861, -0.96152157, -0.11479051, -0.2441846;
 0, 0, 0, 1]
Ow:
[0.042209003;
 -0.27484563;
 0.26675287]
Keyframe: 19 Frame: 163 Frame from vFrameID : 164
Tcw:
[0.91288441, 0.31282109, 0.26226893, 0.082449764;
 0.27789834, -0.0056105014, -0.96059412, -0.37218046;
 -0.29902264, 0.94979548, -0.092054203, 0.30493164;
 0, 0, 0, 1]
Twc:
[0.91288441, 0.27789834, -0.29902264, 0.11934269;
 0.31282109, -0.0056105014, 0.94979548, -0.31750286;
 0.26226893, -0.96059412, -0.092054203, -0.35106811;
 0, 0, 0, 1]
Ow:
[0.082449764;
 -0.37218046;
 0.30493164]
Keyframe: 20 Frame: 171 Frame from vFrameID : 172
Tcw:
[0.89124364, 0.36335725, 0.27139685, -0.013967711;
 0.25999177, 0.080979593, -0.96220922, -0.15031445;
 -0.37160331, 0.92812383, -0.022297347, 0.26643342;
 0, 0, 0, 1]
Twc:
[0.89124364, 0.25999177, -0.37160331, 0.15053669;
 0.36335725, 0.080979593, 0.92812383, -0.23003553;
 0.27139685, -0.96220922, -0.022297347, -0.13490239;
 0, 0, 0, 1]
Ow:
[-0.013967711;
 -0.15031445;
 0.26643342]
Keyframe: 21 Frame: 178 Frame from vFrameID : 179
Tcw:
[0.92906404, 0.27572405, 0.24660949, 0.043351479;
 0.27470997, -0.067790642, -0.95913446, -0.49913216;
 -0.24773861, 0.95884341, -0.138726, 0.58607692;
 0, 0, 0, 1]
Twc:
[0.92906404, 0.27470997, -0.24773861, 0.24203417;
 0.27572405, -0.067790642, 0.95884341, -0.60774553;
 0.24660949, -0.95913446, -0.138726, -0.40812162;
 0, 0, 0, 1]
Ow:
[0.043351479;
 -0.49913216;
 0.58607692]
Keyframe: 22 Frame: 185 Frame from vFrameID : 186
Tcw:
[0.97341943, 0.17122173, 0.15211105, -0.01944714;
 0.1506242, 0.021719297, -0.98835248, -0.55674642;
 -0.17253117, 0.9849931, -0.0046481532, 0.64034128;
 0, 0, 0, 1]
Twc:
[0.97341943, 0.1506242, -0.17253117, 0.21326853;
 0.17122173, 0.021719297, 0.9849931, -0.61530977;
 0.15211105, -0.98835248, -0.0046481532, -0.5443272;
 0, 0, 0, 1]
Ow:
[-0.01944714;
 -0.55674642;
 0.64034128]
Keyframe: 23 Frame: 188 Frame from vFrameID : 189
Tcw:
[0.97691566, 0.18018973, 0.11474951, 0.08955092;
 0.10711424, 0.051579576, -0.99290788, -0.60544568;
 -0.18483053, 0.98227859, 0.031088009, 0.65231711;
 0, 0, 0, 1]
Twc:
[0.97691566, 0.10711424, -0.18483053, 0.097936273;
 0.18018973, 0.051579576, 0.98227859, -0.62566459;
 0.11474951, -0.99290788, 0.031088009, -0.63170695;
 0, 0, 0, 1]
Ow:
[0.08955092;
 -0.60544568;
 0.65231711]
Keyframe: 24 Frame: 190 Frame from vFrameID : 191
Tcw:
[0.9759745, 0.18221034, 0.11947043, 0.10880223;
 0.12129654, 0.0011299887, -0.9926157, -0.37181866;
 -0.18099983, 0.9832589, -0.020998642, 0.83978224;
 0, 0, 0, 1]
Twc:
[0.9759745, 0.12129654, -0.18099983, 0.090912573;
 0.18221034, 0.0011299887, 0.9832589, -0.84512812;
 0.11947043, -0.9926157, -0.020998642, -0.36443737;
 0, 0, 0, 1]
Ow:
[0.10880223;
 -0.37181866;
 0.83978224]
Keyframe: 25 Frame: 192 Frame from vFrameID : 193
Tcw:
[0.93816435, 0.24987727, 0.23960164, 0.17495026;
 0.25935829, -0.048882209, -0.96454328, -1.1524572;
 -0.22930519, 0.96704286, -0.11066729, 0.62816;
 0, 0, 0, 1]
Twc:
[0.93816435, 0.25935829, -0.22930519, 0.27880761;
 0.24987727, -0.048882209, 0.96704286, -0.70750833;
 0.23960164, -0.96454328, -0.11066729, -1.0839965;
 0, 0, 0, 1]
Ow:
[0.17495026;
 -1.1524572;
 0.62816]
Keyframe: 26 Frame: 199 Frame from vFrameID : 200
Tcw:
[0.90182096, 0.28536069, 0.32448146, 0.17452592;
 0.3517392, -0.048601672, -0.93483549, -1.3777936;
 -0.25099498, 0.95718712, -0.14420256, 0.68373084;
 0, 0, 0, 1]
Twc:
[0.90182096, 0.3517392, -0.25099498, 0.49884588;
 0.28536069, -0.048601672, 0.95718712, -0.77122426;
 0.32448146, -0.93483549, -0.14420256, -1.246045;
 0, 0, 0, 1]
Ow:
[0.17452592;
 -1.3777936;
 0.68373084]
Keyframe: 27 Frame: 206 Frame from vFrameID : 207
Tcw:
[0.90762484, 0.2960538, 0.29760584, 0.080677971;
 0.30287707, 0.029037749, -0.95258713, -0.97304434;
 -0.29065886, 0.9547298, -0.063312531, 0.76322103;
 0, 0, 0, 1]
Twc:
[0.90762484, 0.30287707, -0.29065886, 0.44332445;
 0.2960538, 0.029037749, 0.9547298, -0.72429985;
 0.29760584, -0.95258713, -0.063312531, -0.90259832;
 0, 0, 0, 1]
Ow:
[0.080677971;
 -0.97304434;
 0.76322103]
Keyframe: 28 Frame: 209 Frame from vFrameID : 210
Tcw:
[0.89344257, 0.32356313, 0.31155616, 0.018683046;
 0.31418324, 0.045538343, -0.94826955, -0.87023085;
 -0.32101282, 0.94511014, -0.06097221, 0.89321393;
 0, 0, 0, 1]
Twc:
[0.89344257, 0.31418324, -0.32101282, 0.54345286;
 0.32356313, 0.045538343, 0.94511014, -0.81060177;
 0.31155616, -0.94826955, -0.06097221, -0.776573;
 0, 0, 0, 1]
Ow:
[0.018683046;
 -0.87023085;
 0.89321393]
Keyframe: 29 Frame: 213 Frame from vFrameID : 214
Tcw:
[0.8929106, 0.29583123, 0.33940315, 0.03885442;
 0.36084384, -0.019380517, -0.93242484, -1.1499405;
 -0.26926258, 0.95504361, -0.12405395, 0.93159848;
 0, 0, 0, 1]
Twc:
[0.8929106, 0.36084384, -0.26926258, 0.6311;
 0.29583123, -0.019380517, 0.95504361, -0.92349792;
 0.33940315, -0.93242484, -0.12405395, -0.96985191;
 0, 0, 0, 1]
Ow:
[0.03885442;
 -1.1499405;
 0.93159848]
Keyframe: 30 Frame: 220 Frame from vFrameID : 221
Tcw:
[0.86830056, 0.42305043, 0.25900283, -0.32074016;
 0.22996175, 0.11933205, -0.96585584, 0.41853088;
 -0.43951306, 0.89821386, 0.0063306722, 1.7812911;
 0, 0, 0, 1]
Twc:
[0.86830056, 0.22996175, -0.43951306, 0.96515352;
 0.42305043, 0.11933205, 0.89821386, -1.5142354;
 0.25900283, -0.96585584, 0.0063306722, 0.47603634;
 0, 0, 0, 1]
Ow:
[-0.32074016;
 0.41853088;
 1.7812911]
Keyframe: 31 Frame: 223 Frame from vFrameID : 224
Tcw:
[0.96266538, 0.20296188, 0.17911418, -0.028776556;
 0.19371313, -0.054341581, -0.97955203, -0.72857213;
 -0.18907838, 0.97767758, -0.09162914, 1.348014;
 0, 0, 0, 1]
Twc:
[0.96266538, 0.19371313, -0.18907838, 0.42371646;
 0.20296188, -0.054341581, 0.97767758, -1.3516742;
 0.17911418, -0.97955203, -0.09162914, -0.58500272;
 0, 0, 0, 1]
Ow:
[-0.028776556;
 -0.72857213;
 1.348014]
Keyframe: 32 Frame: 225 Frame from vFrameID : 226
Tcw:
[0.94507599, 0.20752941, 0.25251314, 0.053651139;
 0.25435504, 0.018214609, -0.96693939, -1.1706538;
 -0.20526779, 0.97805917, -0.035571959, 1.1008964;
 0, 0, 0, 1]
Twc:
[0.94507599, 0.25435504, -0.20526779, 0.47303581;
 0.20752941, 0.018214609, 0.97805917, -1.0665529;
 0.25251314, -0.96693939, -0.035571959, -1.1063378;
 0, 0, 0, 1]
Ow:
[0.053651139;
 -1.1706538;
 1.1008964]
Keyframe: 33 Frame: 226 Frame from vFrameID : 227
Tcw:
[0.94324923, 0.21270019, 0.25502852, 0.059273079;
 0.25558999, 0.0253319, -0.96645331, -1.1750128;
 -0.21202517, 0.97678912, -0.030469745, 1.0979656;
 0, 0, 0, 1]
Twc:
[0.94324923, 0.25558999, -0.21202517, 0.47720858;
 0.21270019, 0.0253319, 0.97678912, -1.0553229;
 0.25502852, -0.96645331, -0.030469745, -1.1172566;
 0, 0, 0, 1]
Ow:
[0.059273079;
 -1.1750128;
 1.0979656]
Keyframe: 34 Frame: 227 Frame from vFrameID : 228
Tcw:
[0.98747063, 0.12703079, 0.093621135, 0.27795988;
 0.093852997, 0.0041722385, -0.99557734, -0.63310075;
 -0.12685958, 0.99189001, -0.0078022559, 1.0933415;
 0, 0, 0, 1]
Twc:
[0.98747063, 0.093852997, -0.12685958, -0.076357968;
 0.12703079, 0.0041722385, 0.99189001, -1.1171424;
 0.093621135, -0.99557734, -0.0078022559, -0.64779311;
 0, 0, 0, 1]
Ow:
[0.27795988;
 -0.63310075;
 1.0933415]
Keyframe: 35 Frame: 228 Frame from vFrameID : 229
Tcw:
[0.96460605, 0.25413698, 0.070353374, 0.36626878;
 0.10832915, -0.13866262, -0.98439699, -0.63004661;
 -0.24041629, 0.95717663, -0.16128524, 1.9078772;
 0, 0, 0, 1]
Twc:
[0.96460605, 0.10832915, -0.24041629, 0.17363214;
 0.25413698, -0.13866262, 0.95717663, -2.0066218;
 0.070353374, -0.98439699, -0.16128524, -0.33827183;
 0, 0, 0, 1]
Ow:
[0.36626878;
 -0.63004661;
 1.9078772]
Keyframe: 36 Frame: 230 Frame from vFrameID : 231
Tcw:
[0.94936597, 0.31213632, 0.035710197, 0.97222871;
 0.018890042, 0.05674671, -0.99820989, -0.71198678;
 -0.313604, 0.94834101, 0.047977127, 1.0065595;
 0, 0, 0, 1]
Twc:
[0.94936597, 0.018890042, -0.313604, -0.59389025;
 0.31213632, 0.05674671, 0.94834101, -1.2176267;
 0.035710197, -0.99820989, 0.047977127, -0.79372257;
 0, 0, 0, 1]
Ow:
[0.97222871;
 -0.71198678;
 1.0065595]
Keyframe: 37 Frame: 231 Frame from vFrameID : 232
Tcw:
[0.94194102, 0.27463898, 0.19318521, 0.25011981;
 0.18410727, 0.058715772, -0.98115087, -0.93500459;
 -0.28080529, 0.95975304, 0.0047437642, 1.2426733;
 0, 0, 0, 1]
Twc:
[0.94194102, 0.18410727, -0.28080529, 0.28549227;
 0.27463898, 0.058715772, 0.95975304, -1.2064526;
 0.19318521, -0.98115087, 0.0047437642, -0.97159487;
 0, 0, 0, 1]
Ow:
[0.25011981;
 -0.93500459;
 1.2426733]
Keyframe: 38 Frame: 232 Frame from vFrameID : 233
Tcw:
[0.94032687, 0.26707375, 0.21084818, 0.17388971;
 0.19818506, 0.073837124, -0.97737956, -1.0143594;
 -0.27660084, 0.96084321, 0.016501008, 1.1251339;
 0, 0, 0, 1]
Twc:
[0.94032687, 0.19818506, -0.27660084, 0.34873071;
 0.26707375, 0.073837124, 0.96084321, -1.0526214;
 0.21084818, -0.97737956, 0.016501008, -1.0466442;
 0, 0, 0, 1]
Ow:
[0.17388971;
 -1.0143594;
 1.1251339]
Keyframe: 39 Frame: 234 Frame from vFrameID : 235
Tcw:
[0.96537548, 0.19460931, 0.17371637, -0.018368989;
 0.18498243, -0.041153915, -0.98187977, -0.77733445;
 -0.18393384, 0.98001713, -0.07572829, 1.552222;
 0, 0, 0, 1]
Twc:
[0.96537548, 0.18498243, -0.18393384, 0.44703233;
 0.19460931, -0.041153915, 0.98001713, -1.5496197;
 0.17371637, -0.98187977, -0.07572829, -0.64251083;
 0, 0, 0, 1]
Ow:
[-0.018368989;
 -0.77733445;
 1.552222]
Keyframe: 40 Frame: 235 Frame from vFrameID : 236
Tcw:
[0.96776283, 0.20014818, 0.15289167, 0.23410559;
 0.16459173, -0.043084037, -0.98542041, -0.62252176;
 -0.19064291, 0.97881788, -0.07463786, 1.4435726;
 0, 0, 0, 1]
Twc:
[0.96776283, 0.16459173, -0.19064291, 0.15111011;
 0.20014818, -0.043084037, 0.97881788, -1.4866712;
 0.15289167, -0.98542041, -0.07463786, -0.54149324;
 0, 0, 0, 1]
Ow:
[0.23410559;
 -0.62252176;
 1.4435726]
Keyframe: 41 Frame: 236 Frame from vFrameID : 237
Tcw:
[0.92831582, 0.2523855, 0.27300423, -0.044743404;
 0.26829487, 0.053590287, -0.9618451, -0.87180483;
 -0.25738612, 0.96614164, -0.017965019, 1.2817454;
 0, 0, 0, 1]
Twc:
[0.92831582, 0.26829487, -0.25738612, 0.60534024;
 0.2523855, 0.053590287, 0.96614164, -1.1803347;
 0.27300423, -0.9618451, -0.017965019, -0.80329949;
 0, 0, 0, 1]
Ow:
[-0.044743404;
 -0.87180483;
 1.2817454]
Keyframe: 42 Frame: 237 Frame from vFrameID : 238
Tcw:
[0.91464192, 0.28761539, 0.28409082, -0.13680285;
 0.28782389, 0.030172916, -0.95720792, -1.000042;
 -0.28387958, 0.95727056, -0.055185165, 1.3409035;
 0, 0, 0, 1]
Twc:
[0.91464192, 0.28782389, -0.28387958, 0.79361665;
 0.28761539, 0.030172916, 0.95727056, -1.2140868;
 0.28409082, -0.95720792, -0.055185165, -0.84438562;
 0, 0, 0, 1]
Ow:
[-0.13680285;
 -1.000042;
 1.3409035]
Keyframe: 43 Frame: 239 Frame from vFrameID : 240
Tcw:
[0.9071641, 0.30544084, 0.28941187, -0.061469674;
 0.2980935, 0.018924214, -0.95434904, -0.97921497;
 -0.29697409, 0.95202297, -0.073882572, 1.3088104;
 0, 0, 0, 1]
Twc:
[0.9071641, 0.2980935, -0.29697409, 0.7363435;
 0.30544084, 0.018924214, 0.95202297, -1.2087114;
 0.28941187, -0.95434904, -0.073882572, -0.82002461;
 0, 0, 0, 1]
Ow:
[-0.061469674;
 -0.97921497;
 1.3088104]
Keyframe: 44 Frame: 241 Frame from vFrameID : 242
Tcw:
[0.89309037, 0.32216033, 0.31401008, -0.15007028;
 0.32390493, 0.02393296, -0.94578689, -1.0232155;
 -0.3122102, 0.94638252, -0.08297503, 1.3472905;
 0, 0, 0, 1]
Twc:
[0.89309037, 0.32390493, -0.3122102, 0.88608873;
 0.32216033, 0.02393296, 0.94638252, -1.202217;
 0.31401008, -0.94578689, -0.08297503, -0.80882871;
 0, 0, 0, 1]
Ow:
[-0.15007028;
 -1.0232155;
 1.3472905]
Keyframe: 45 Frame: 245 Frame from vFrameID : 246
Tcw:
[0.8810029, 0.31901416, 0.34937635, -0.15590867;
 0.34535018, 0.071105264, -0.93577629, -1.0999943;
 -0.32336837, 0.94507885, -0.047527649, 1.3577251;
 0, 0, 0, 1]
Twc:
[0.8810029, 0.34535018, -0.32336837, 0.95628464;
 0.31901416, 0.071105264, 0.94507885, -1.1552048;
 0.34937635, -0.93577629, -0.047527649, -0.9103483;
 0, 0, 0, 1]
Ow:
[-0.15590867;
 -1.0999943;
 1.3577251]
Keyframe: 46 Frame: 248 Frame from vFrameID : 249
Tcw:
[0.87805754, 0.31615031, 0.35925469, -0.028739691;
 0.34947014, 0.089252502, -0.93268681, -1.1392335;
 -0.32693359, 0.94450146, -0.03211626, 1.3872916;
 0, 0, 0, 1]
Twc:
[0.87805754, 0.34947014, -0.32693359, 0.8769154;
 0.31615031, 0.089252502, 0.94450146, -1.1995333;
 0.35925469, -0.93268681, -0.03211626, -1.0076685;
 0, 0, 0, 1]
Ow:
[-0.028739691;
 -1.1392335;
 1.3872916]
Keyframe: 47 Frame: 253 Frame from vFrameID : 254
Tcw:
[0.89234155, 0.29724798, 0.33966196, 0.073825896;
 0.32486686, 0.099462524, -0.94051516, -1.1802282;
 -0.31334984, 0.94960564, -0.0078114714, 1.4182807;
 0, 0, 0, 1]
Twc:
[0.89234155, 0.32486686, -0.31334984, 0.76195717;
 0.29724798, 0.099462524, 0.94960564, -1.2513635;
 0.33966196, -0.94051516, -0.0078114714, -1.1240195;
 0, 0, 0, 1]
Ow:
[0.073825896;
 -1.1802282;
 1.4182807]
Keyframe: 48 Frame: 257 Frame from vFrameID : 258
Tcw:
[0.91101635, 0.27281341, 0.30922809, 0.17100567;
 0.29910868, 0.079044186, -0.95093954, -1.2364211;
 -0.28387174, 0.95881432, -0.00959031, 1.4165109;
 0, 0, 0, 1]
Twc:
[0.91101635, 0.29910868, -0.28387174, 0.61614275;
 0.27281341, 0.079044186, 0.95881432, -1.3070917;
 0.30922809, -0.95093954, -0.00959031, -1.2150567;
 0, 0, 0, 1]
Ow:
[0.17100567;
 -1.2364211;
 1.4165109]
Keyframe: 49 Frame: 261 Frame from vFrameID : 262
Tcw:
[0.9343788, 0.24336918, 0.26020697, 0.25390813;
 0.2515415, 0.066600069, -0.96555233, -1.2558002;
 -0.25231549, 0.96764451, 0.0010122505, 1.4476397;
 0, 0, 0, 1]
Twc:
[0.9343788, 0.2515415, -0.25231549, 0.44390142;
 0.24336918, 0.066600069, 0.96764451, -1.3789575;
 0.26020697, -0.96555233, 0.0010122505, -1.280075;
 0, 0, 0, 1]
Ow:
[0.25390813;
 -1.2558002;
 1.4476397]
Keyframe: 50 Frame: 265 Frame from vFrameID : 266
Tcw:
[0.94359928, 0.22745726, 0.24059014, 0.30986139;
 0.22981821, 0.073122665, -0.97048271, -1.291733;
 -0.23833592, 0.97103876, 0.016724678, 1.4329053;
 0, 0, 0, 1]
Twc:
[0.94359928, 0.22981821, -0.23833592, 0.34599161;
 0.22745726, 0.073122665, 0.97103876, -1.3674319;
 0.24059014, -0.97048271, 0.016724678, -1.3521191;
 0, 0, 0, 1]
Ow:
[0.30986139;
 -1.291733;
 1.4329053]
Keyframe: 51 Frame: 269 Frame from vFrameID : 270
Tcw:
[0.94627392, 0.22619237, 0.23109017, 0.31571195;
 0.22021018, 0.072565287, -0.97274959, -1.2739218;
 -0.23679766, 0.971376, 0.018856771, 1.5217315;
 0, 0, 0, 1]
Twc:
[0.94627392, 0.22021018, -0.23679766, 0.34212303;
 0.22619237, 0.072565287, 0.971376, -1.4571425;
 0.23109017, -0.97274959, 0.018856771, -1.3408598;
 0, 0, 0, 1]
Ow:
[0.31571195;
 -1.2739218;
 1.5217315]
Keyframe: 52 Frame: 274 Frame from vFrameID : 275
Tcw:
[0.93103898, 0.23913547, 0.27564597, 0.24868548;
 0.26469687, 0.077416718, -0.96121913, -1.4706415;
 -0.25120121, 0.96789509, 0.0087795705, 1.6316524;
 0, 0, 0, 1]
Twc:
[0.93103898, 0.26469687, -0.25120121, 0.56761134;
 0.23913547, 0.077416718, 0.96789509, -1.5248854;
 0.27564597, -0.96121913, 0.0087795705, -1.4964831;
 0, 0, 0, 1]
Ow:
[0.24868548;
 -1.4706415;
 1.6316524]
Keyframe: 53 Frame: 279 Frame from vFrameID : 280
Tcw:
[0.91535956, 0.26987952, 0.29880077, 0.3135902;
 0.29266989, 0.063676365, -0.95409101, -1.5130122;
 -0.27651617, 0.96078634, -0.020698836, 1.6255767;
 0, 0, 0, 1]
Twc:
[0.91535956, 0.29266989, -0.27651617, 0.60526359;
 0.26987952, 0.063676365, 0.96078634, -1.5501204;
 0.29880077, -0.95409101, -0.020698836, -1.5036048;
 0, 0, 0, 1]
Ow:
[0.3135902;
 -1.5130122;
 1.6255767]
Keyframe: 54 Frame: 284 Frame from vFrameID : 285
Tcw:
[0.88129735, 0.38184208, 0.27840897, 0.098724723;
 0.24905895, 0.12537149, -0.96033931, -1.1025782;
 -0.40160251, 0.91568476, 0.015388382, 1.9556714;
 0, 0, 0, 1]
Twc:
[0.88129735, 0.24905895, -0.40160251, 0.97300369;
 0.38184208, 0.12537149, 0.91568476, -1.6902438;
 0.27840897, -0.96033931, 0.015388382, -1.1164297;
 0, 0, 0, 1]
Ow:
[0.098724723;
 -1.1025782;
 1.9556714]
Keyframe: 55 Frame: 288 Frame from vFrameID : 289
Tcw:
[0.88058734, 0.37979296, 0.28341365, 0.21592197;
 0.25659868, 0.1206554, -0.95895743, -1.37748;
 -0.39840066, 0.91716933, 0.0087932488, 1.9825991;
 0, 0, 0, 1]
Twc:
[0.88058734, 0.25659868, -0.39840066, 0.95319021;
 0.37979296, 0.1206554, 0.91716933, -1.7341843;
 0.28341365, -0.95895743, 0.0087932488, -1.3995734;
 0, 0, 0, 1]
Ow:
[0.21592197;
 -1.37748;
 1.9825991]
Keyframe: 56 Frame: 293 Frame from vFrameID : 294
Tcw:
[0.89561778, 0.36709347, 0.25121927, 0.23353177;
 0.22729352, 0.10779894, -0.96784145, -1.2944885;
 -0.38236946, 0.92391652, 0.013108682, 1.9840995;
 0, 0, 0, 1]
Twc:
[0.89561778, 0.22729352, -0.38236946, 0.84373271;
 0.36709347, 0.10779894, 0.92391652, -1.7793258;
 0.25121927, -0.96784145, 0.013108682, -1.3375362;
 0, 0, 0, 1]
Ow:
[0.23353177;
 -1.2944885;
 1.9840995]
Keyframe: 57 Frame: 299 Frame from vFrameID : 300
Tcw:
[0.90120721, 0.34513125, 0.26212594, 0.24646276;
 0.23551217, 0.11772757, -0.96471459, -1.4353743;
 -0.3638126, 0.93114156, 0.024814328, 1.976606;
 0, 0, 0, 1]
Twc:
[0.90120721, 0.23551217, -0.3638126, 0.83504832;
 0.34513125, 0.11772757, 0.93114156, -1.756579;
 0.26212594, -0.96471459, 0.024814328, -1.4983789;
 0, 0, 0, 1]
Ow:
[0.24646276;
 -1.4353743;
 1.976606]
Keyframe: 58 Frame: 305 Frame from vFrameID : 306
Tcw:
[0.90629601, 0.34986132, 0.23711726, 0.16691056;
 0.20221326, 0.133708, -0.97017109, -1.3165188;
 -0.37112981, 0.92721045, 0.050432425, 2.0897248;
 0, 0, 0, 1]
Twc:
[0.90629601, 0.20221326, -0.37112981, 0.89050633;
 0.34986132, 0.133708, 0.92721045, -1.8199811;
 0.23711726, -0.97017109, 0.050432425, -1.4222157;
 0, 0, 0, 1]
Ow:
[0.16691056;
 -1.3165188;
 2.0897248]
Keyframe: 59 Frame: 311 Frame from vFrameID : 312
Tcw:
[0.916278, 0.35270548, 0.18982498, 0.17476496;
 0.14941643, 0.13872913, -0.97899383, -1.2271035;
 -0.37163073, 0.92539346, 0.074414447, 2.1925974;
 0, 0, 0, 1]
Twc:
[0.916278, 0.14941643, -0.37163073, 0.83805269;
 0.35270548, 0.13872913, 0.92539346, -1.9204209;
 0.18982498, -0.97899383, 0.074414447, -1.3976625;
 0, 0, 0, 1]
Ow:
[0.17476496;
 -1.2271035;
 2.1925974]
Keyframe: 60 Frame: 316 Frame from vFrameID : 317
Tcw:
[0.90160072, 0.36881196, 0.22603963, 0.19572344;
 0.17568056, 0.16531567, -0.97046745, -1.2689592;
 -0.3952879, 0.91468489, 0.084255628, 2.2023532;
 0, 0, 0, 1]
Twc:
[0.90160072, 0.17568056, -0.3952879, 0.91703069;
 0.36881196, 0.16531567, 0.91468489, -1.8768656;
 0.22603963, -0.97046745, 0.084255628, -1.4612856;
 0, 0, 0, 1]
Ow:
[0.19572344;
 -1.2689592;
 2.2023532]
Keyframe: 61 Frame: 322 Frame from vFrameID : 323
Tcw:
[0.8996616, 0.36659262, 0.2371051, 0.21766755;
 0.17553918, 0.19352081, -0.96526456, -1.347587;
 -0.39974362, 0.91003275, 0.10975188, 2.1847343;
 0, 0, 0, 1]
Twc:
[0.8996616, 0.17553918, -0.39974362, 0.91406083;
 0.36659262, 0.19352081, 0.91003275, -1.8071889;
 0.2371051, -0.96526456, 0.10975188, -1.5921668;
 0, 0, 0, 1]
Ow:
[0.21766755;
 -1.347587;
 2.1847343]
Keyframe: 62 Frame: 328 Frame from vFrameID : 329
Tcw:
[0.92380446, 0.33706677, 0.18157992, 0.24960905;
 0.13380769, 0.1601183, -0.97798651, -1.426523;
 -0.35872102, 0.92776513, 0.10281587, 2.2158175;
 0, 0, 0, 1]
Twc:
[0.92380446, 0.13380769, -0.35872102, 0.75515008;
 0.33706677, 0.1601183, 0.92776513, -1.9114807;
 0.18157992, -0.97798651, 0.10281587, -1.6682655;
 0, 0, 0, 1]
Ow:
[0.24960905;
 -1.426523;
 2.2158175]
Keyframe: 63 Frame: 334 Frame from vFrameID : 335
Tcw:
[0.93251485, 0.32469541, 0.15807886, 0.29136643;
 0.10013405, 0.18808988, -0.97703397, -1.4552844;
 -0.34697148, 0.92692775, 0.14288354, 2.2214394;
 0, 0, 0, 1]
Twc:
[0.93251485, 0.10013405, -0.34697148, 0.64479613;
 0.32469541, 0.18808988, 0.92692775, -1.879995;
 0.15807886, -0.97703397, 0.14288354, -1.7853283;
 0, 0, 0, 1]
Ow:
[0.29136643;
 -1.4552844;
 2.2214394]
Keyframe: 64 Frame: 341 Frame from vFrameID : 342
Tcw:
[0.93298721, 0.32022378, 0.16429111, 0.34794706;
 0.10618187, 0.19125861, -0.97577947, -1.4663602;
 -0.34388986, 0.92783451, 0.14443989, 2.2535143;
 0, 0, 0, 1]
Twc:
[0.93298721, 0.10618187, -0.34388986, 0.60603154;
 0.32022378, 0.19125861, 0.92783451, -1.9218553;
 0.16429111, -0.97577947, 0.14443989, -1.8135061;
 0, 0, 0, 1]
Ow:
[0.34794706;
 -1.4663602;
 2.2535143]
Keyframe: 65 Frame: 348 Frame from vFrameID : 349
Tcw:
[0.9048084, 0.34188926, 0.2538375, 0.13151798;
 0.21039543, 0.1593222, -0.96454662, -1.4655638;
 -0.37021008, 0.92613614, 0.072224125, 2.6155233;
 0, 0, 0, 1]
Twc:
[0.9048084, 0.21039543, -0.37021008, 1.1576425;
 0.34188926, 0.1593222, 0.92613614, -2.2337985;
 0.2538375, -0.96454662, 0.072224125, -1.6358927;
 0, 0, 0, 1]
Ow:
[0.13151798;
 -1.4655638;
 2.6155233]
Keyframe: 66 Frame: 355 Frame from vFrameID : 356
Tcw:
[0.89871353, 0.35047448, 0.26359358, 0.25612405;
 0.21432444, 0.17337541, -0.96125233, -1.6012636;
 -0.38259506, 0.920385, 0.080699578, 2.6503541;
 0, 0, 0, 1]
Twc:
[0.89871353, 0.21432444, -0.38259506, 1.12702;
 0.35047448, 0.17337541, 0.920385, -2.2514913;
 0.26359358, -0.96125233, 0.080699578, -1.8206134;
 0, 0, 0, 1]
Ow:
[0.25612405;
 -1.6012636;
 2.6503541]
Keyframe: 67 Frame: 362 Frame from vFrameID : 363
Tcw:
[0.92663884, 0.32704106, 0.18543081, 0.40132415;
 0.13299477, 0.17618117, -0.97533202, -1.6917852;
 -0.35164303, 0.92844188, 0.11976156, 2.6295071;
 0, 0, 0, 1]
Twc:
[0.92663884, 0.13299477, -0.35164303, 0.77776396;
 0.32704106, 0.17618117, 0.92844188, -2.2745333;
 0.18543081, -0.97533202, 0.11976156, -2.0393841;
 0, 0, 0, 1]
Ow:
[0.40132415;
 -1.6917852;
 2.6295071]
Keyframe: 68 Frame: 370 Frame from vFrameID : 371
Tcw:
[0.93637079, 0.31080219, 0.16313091, 0.50191975;
 0.11581098, 0.16517015, -0.979442, -1.7637684;
 -0.33135709, 0.93601328, 0.11866621, 2.6795895;
 0, 0, 0, 1]
Twc:
[0.93637079, 0.11581098, -0.33135709, 0.62218159;
 0.31080219, 0.16517015, 0.93601328, -2.372807;
 0.16313091, -0.979442, 0.11866621, -2.1273642;
 0, 0, 0, 1]
Ow:
[0.50191975;
 -1.7637684;
 2.6795895]
Keyframe: 69 Frame: 378 Frame from vFrameID : 379
Tcw:
[0.91257602, 0.36004925, 0.19382873, 0.5215326;
 0.14150935, 0.16664886, -0.97580904, -1.8108444;
 -0.38364065, 0.91792846, 0.10112942, 2.7928948;
 0, 0, 0, 1]
Twc:
[0.91257602, 0.14150935, -0.38364065, 0.85178125;
 0.36004925, 0.16664886, 0.91792846, -2.4496801;
 0.19382873, -0.97580904, 0.10112942, -2.1505702;
 0, 0, 0, 1]
Ow:
[0.5215326;
 -1.8108444;
 2.7928948]
Keyframe: 70 Frame: 385 Frame from vFrameID : 386
Tcw:
[0.86955029, 0.41881126, 0.26168579, 0.040258795;
 0.20886692, 0.16827773, -0.96335727, -1.4187762;
 -0.44750077, 0.89234507, 0.058850121, 3.3890285;
 0, 0, 0, 1]
Twc:
[0.86955029, 0.20886692, -0.44750077, 1.7779211;
 0.41881126, 0.16827773, 0.89234507, -2.8022952;
 0.26168579, -0.96335727, 0.058850121, -1.5767682;
 0, 0, 0, 1]
Ow:
[0.040258795;
 -1.4187762;
 3.3890285]
Keyframe: 71 Frame: 392 Frame from vFrameID : 393
Tcw:
[0.89353883, 0.39045399, 0.22166187, 0.17287233;
 0.15902051, 0.18647806, -0.96950418, -1.5538749;
 -0.41988185, 0.90153849, 0.1045352, 3.3268602;
 0, 0, 0, 1]
Twc:
[0.89353883, 0.15902051, -0.41988185, 1.4895182;
 0.39045399, 0.18647806, 0.90153849, -2.7770276;
 0.22166187, -0.96950418, 0.1045352, -1.8925815;
 0, 0, 0, 1]
Ow:
[0.17287233;
 -1.5538749;
 3.3268602]
Keyframe: 72 Frame: 400 Frame from vFrameID : 401
Tcw:
[0.92030108, 0.34213144, 0.18971564, 0.20345607;
 0.14472023, 0.15280746, -0.97760212, -1.608112;
 -0.36345837, 0.92714399, 0.091115527, 3.3296592;
 0, 0, 0, 1]
Twc:
[0.92030108, 0.14472023, -0.36345837, 1.2556781;
 0.34213144, 0.15280746, 0.92714399, -2.9109507;
 0.18971564, -0.97760212, 0.091115527, -1.9140762;
 0, 0, 0, 1]
Ow:
[0.20345607;
 -1.608112;
 3.3296592]
Keyframe: 73 Frame: 408 Frame from vFrameID : 409
Tcw:
[0.92693257, 0.3270756, 0.18389553, 0.24955213;
 0.1226007, 0.19919486, -0.97226048, -1.6701553;
 -0.35463372, 0.92376566, 0.14454052, 3.3387394;
 0, 0, 0, 1]
Twc:
[0.92693257, 0.1226007, -0.35463372, 1.1574737;
 0.3270756, 0.19919486, 0.92376566, -2.8331485;
 0.18389553, -0.97226048, 0.14454052, -2.1523006;
 0, 0, 0, 1]
Ow:
[0.24955213;
 -1.6701553;
 3.3387394]
Keyframe: 74 Frame: 415 Frame from vFrameID : 416
Tcw:
[0.91923404, 0.32626256, 0.22036684, 0.23595873;
 0.16411166, 0.19124906, -0.96772474, -1.7326717;
 -0.35787731, 0.92573029, 0.12225915, 3.3911247;
 0, 0, 0, 1]
Twc:
[0.91923404, 0.16411166, -0.35787731, 1.2810569;
 0.32626256, 0.19124906, 0.92573029, -2.8848794;
 0.22036684, -0.96772474, 0.12225915, -2.1433427;
 0, 0, 0, 1]
Ow:
[0.23595873;
 -1.7326717;
 3.3911247]
Keyframe: 75 Frame: 423 Frame from vFrameID : 424
Tcw:
[0.91973191, 0.33911288, 0.19772628, 0.15802819;
 0.12079714, 0.23475872, -0.96451873, -1.7937088;
 -0.37349871, 0.91098344, 0.17495121, 3.5454175;
 0, 0, 0, 1]
Twc:
[0.91973191, 0.12079714, -0.37349871, 1.3955401;
 0.33911288, 0.23475872, 0.91098344, -2.8623173;
 0.19772628, -0.96451873, 0.17495121, -2.3815873;
 0, 0, 0, 1]
Ow:
[0.15802819;
 -1.7937088;
 3.5454175]
Keyframe: 76 Frame: 431 Frame from vFrameID : 432
Tcw:
[0.94088489, 0.30034482, 0.15661621, 0.1213071;
 0.084346332, 0.24006148, -0.96708643, -1.9232469;
 -0.32805693, 0.923127, 0.20053723, 3.5617523;
 0, 0, 0, 1]
Twc:
[0.94088489, 0.084346332, -0.32805693, 1.2165402;
 0.30034482, 0.24006148, 0.923127, -2.8626862;
 0.15661621, -0.96708643, 0.20053723, -2.5932086;
 0, 0, 0, 1]
Ow:
[0.1213071;
 -1.9232469;
 3.5617523]
Keyframe: 77 Frame: 435 Frame from vFrameID : 436
Tcw:
[0.94216841, 0.29139689, 0.16554913, 0.18365306;
 0.094525866, 0.24286191, -0.96544445, -2.0199051;
 -0.32153305, 0.92525995, 0.20127228, 3.6464071;
 0, 0, 0, 1]
Twc:
[0.94216841, 0.094525866, -0.32153305, 1.1903416;
 0.29139689, 0.24286191, 0.92525995, -2.9368322;
 0.16554913, -0.96544445, 0.20127228, -2.7144303;
 0, 0, 0, 1]
Ow:
[0.18365306;
 -2.0199051;
 3.6464071]
Keyframe: 78 Frame: 441 Frame from vFrameID : 442
Tcw:
[0.94325507, 0.28408962, 0.17193887, 0.21480232;
 0.092805631, 0.27161932, -0.95791966, -2.0775278;
 -0.31883696, 0.91951948, 0.22984117, 3.6131134;
 0, 0, 0, 1]
Twc:
[0.94325507, 0.092805631, -0.31883696, 1.142187;
 0.28408962, 0.27161932, 0.91951948, -2.8190544;
 0.17193887, -0.95791966, 0.22984117, -2.8574798;
 0, 0, 0, 1]
Ow:
[0.21480232;
 -2.0775278;
 3.6131134]
Keyframe: 79 Frame: 446 Frame from vFrameID : 447
Tcw:
[0.9367789, 0.30045405, 0.17936733, 0.30290711;
 0.094316579, 0.27682072, -0.95628166, -2.1502481;
 -0.33697128, 0.91274184, 0.23098202, 3.6252623;
 0, 0, 0, 1]
Twc:
[0.9367789, 0.094316579, -0.33697128, 1.1406564;
 0.30045405, 0.27682072, 0.91274184, -2.8047049;
 0.17936733, -0.95628166, 0.23098202, -2.9479449;
 0, 0, 0, 1]
Ow:
[0.30290711;
 -2.1502481;
 3.6252623]
Keyframe: 80 Frame: 450 Frame from vFrameID : 451
Tcw:
[0.92801201, 0.30851161, 0.20884043, 0.33453268;
 0.11854536, 0.28689909, -0.95059764, -2.1848536;
 -0.35318655, 0.90692312, 0.22967319, 3.6457868;
 0, 0, 0, 1]
Twc:
[0.92801201, 0.11854536, -0.35318655, 1.2361966;
 0.30851161, 0.28689909, 0.90692312, -2.7828228;
 0.20884043, -0.95059764, 0.22967319, -2.9841199;
 0, 0, 0, 1]
Ow:
[0.33453268;
 -2.1848536;
 3.6457868]
Keyframe: 81 Frame: 456 Frame from vFrameID : 457
Tcw:
[0.914024, 0.32045454, 0.24873491, 0.084052145;
 0.16667588, 0.26234451, -0.95047069, -1.9981631;
 -0.36983687, 0.91021109, 0.18637712, 3.9746857;
 0, 0, 0, 1]
Twc:
[0.914024, 0.16667588, -0.36983687, 1.7262052;
 0.32045454, 0.26234451, 0.91021109, -3.1205308;
 0.24873491, -0.95047069, 0.18637712, -2.6608927;
 0, 0, 0, 1]
Ow:
[0.084052145;
 -1.9981631;
 3.9746857]
Keyframe: 82 Frame: 462 Frame from vFrameID : 463
Tcw:
[0.93482322, 0.29971075, 0.19047065, 0.19937479;
 0.12079157, 0.23601285, -0.96421331, -2.0125809;
 -0.33393863, 0.92437625, 0.18442775, 4.0232854;
 0, 0, 0, 1]
Twc:
[0.93482322, 0.12079157, -0.33393863, 1.4002529;
 0.29971075, 0.23601285, 0.92437625, -3.3037891;
 0.19047065, -0.96421331, 0.18442775, -2.7205377;
 0, 0, 0, 1]
Ow:
[0.19937479;
 -2.0125809;
 4.0232854]
Keyframe: 83 Frame: 468 Frame from vFrameID : 469
Tcw:
[0.94916874, 0.27745813, 0.14864625, 0.29563195;
 0.086809196, 0.22318508, -0.97090298, -2.0214591;
 -0.30256054, 0.93445462, 0.18775439, 4.0459628;
 0, 0, 0, 1]
Twc:
[0.94916874, 0.086809196, -0.30256054, 1.1190252;
 0.27745813, 0.22318508, 0.93445462, -3.4116342;
 0.14864625, -0.97090298, 0.18775439, -2.7662325;
 0, 0, 0, 1]
Ow:
[0.29563195;
 -2.0214591;
 4.0459628]
Keyframe: 84 Frame: 473 Frame from vFrameID : 474
Tcw:
[0.95107043, 0.26478186, 0.15923429, 0.25758773;
 0.093206793, 0.24548632, -0.96490878, -2.1124322;
 -0.29458019, 0.93253797, 0.20879532, 4.1331658;
 0, 0, 0, 1]
Twc:
[0.95107043, 0.093206793, -0.29458019, 1.1694577;
 0.26478186, 0.24548632, 0.93253797, -3.4039652;
 0.15923429, -0.96490878, 0.20879532, -2.9423068;
 0, 0, 0, 1]
Ow:
[0.25758773;
 -2.1124322;
 4.1331658]
Keyframe: 85 Frame: 479 Frame from vFrameID : 480
Tcw:
[0.93138134, 0.29360661, 0.21522993, 0.30436027;
 0.14255041, 0.24986888, -0.95772904, -2.2468855;
 -0.33497483, 0.92269212, 0.19086948, 4.2126203;
 0, 0, 0, 1]
Twc:
[0.93138134, 0.14255041, -0.33497483, 1.4479406;
 0.29360661, 0.24986888, 0.92269212, -3.4148865;
 0.21522993, -0.95772904, 0.19086948, -3.0214756;
 0, 0, 0, 1]
Ow:
[0.30436027;
 -2.2468855;
 4.2126203]
Keyframe: 86 Frame: 485 Frame from vFrameID : 486
Tcw:
[0.88973427, 0.36777511, 0.27039674, 0.061543703;
 0.1741654, 0.27403915, -0.94581658, -2.1760492;
 -0.42194709, 0.88861918, 0.17976834, 4.4378185;
 0, 0, 0, 1]
Twc:
[0.88973427, 0.1741654, -0.42194709, 2.1967595;
 0.36777511, 0.27403915, 0.88861918, -3.3698418;
 0.27039674, -0.94581658, 0.17976834, -2.8725636;
 0, 0, 0, 1]
Ow:
[0.061543703;
 -2.1760492;
 4.4378185]
Keyframe: 87 Frame: 491 Frame from vFrameID : 492
Tcw:
[0.87967038, 0.40403712, 0.25086662, 0.13354802;
 0.14101951, 0.28217083, -0.94894314, -2.0411892;
 -0.4541955, 0.87013429, 0.19124019, 4.4543743;
 0, 0, 0, 1]
Twc:
[0.87967038, 0.14101951, -0.4541955, 2.193526;
 0.40403712, 0.28217083, 0.87013429, -3.353898;
 0.25086662, -0.94894314, 0.19124019, -2.8223307;
 0, 0, 0, 1]
Ow:
[0.13354802;
 -2.0411892;
 4.4543743]
Keyframe: 88 Frame: 497 Frame from vFrameID : 498
Tcw:
[0.90528584, 0.3773486, 0.19510403, 0.16987044;
 0.088172413, 0.28236762, -0.95524561, -2.1096067;
 -0.41555166, 0.88197309, 0.22235166, 4.4539285;
 0, 0, 0, 1]
Twc:
[0.90528584, 0.088172413, -0.41555166, 1.8830652;
 0.3773486, 0.28236762, 0.88197309, -3.396661;
 0.19510403, -0.95524561, 0.22235166, -3.0386734;
 0, 0, 0, 1]
Ow:
[0.16987044;
 -2.1096067;
 4.4539285]
Keyframe: 89 Frame: 504 Frame from vFrameID : 505
Tcw:
[0.91668463, 0.35756415, 0.17842986, 0.234954;
 0.065713532, 0.30554816, -0.94990635, -2.1726036;
 -0.39417136, 0.8824898, 0.25659451, 4.4779596;
 0, 0, 0, 1]
Twc:
[0.91668463, 0.065713532, -0.39417136, 1.6924741;
 0.35756415, 0.30554816, 0.8824898, -3.3719296;
 0.17842986, -0.94990635, 0.25659451, -3.2547123;
 0, 0, 0, 1]
Ow:
[0.234954;
 -2.1726036;
 4.4779596]
Keyframe: 90 Frame: 510 Frame from vFrameID : 511
Tcw:
[0.91662139, 0.36000264, 0.17379095, 0.29941756;
 0.057956375, 0.31047323, -0.94881368, -2.1382482;
 -0.39553288, 0.87977523, 0.26372194, 4.4913559;
 0, 0, 0, 1]
Twc:
[0.91662139, 0.057956375, -0.39553288, 1.6259515;
 0.36000264, 0.31047323, 0.87977523, -3.3953059;
 0.17379095, -0.94881368, 0.26372194, -3.2653046;
 0, 0, 0, 1]
Ow:
[0.29941756;
 -2.1382482;
 4.4913559]
Keyframe: 91 Frame: 517 Frame from vFrameID : 518
Tcw:
[0.89820611, 0.38027886, 0.2204854, 0.24456435;
 0.099895686, 0.3118768, -0.94485646, -2.2580552;
 -0.4280732, 0.87070137, 0.24214143, 4.6895118;
 0, 0, 0, 1]
Twc:
[0.89820611, 0.099895686, -0.4280732, 2.013355;
 0.38027886, 0.3118768, 0.87070137, -3.4719317;
 0.2204854, -0.94485646, 0.24214143, -3.3229859;
 0, 0, 0, 1]
Ow:
[0.24456435;
 -2.2580552;
 4.6895118]
Keyframe: 92 Frame: 524 Frame from vFrameID : 525
Tcw:
[0.90931249, 0.35986698, 0.20891757, 0.24472964;
 0.098624729, 0.30137506, -0.94839138, -2.2383289;
 -0.4042573, 0.88298857, 0.23855233, 4.7689142;
 0, 0, 0, 1]
Twc:
[0.90931249, 0.098624729, -0.4042573, 1.9260873;
 0.35986698, 0.30137506, 0.88298857, -3.6243906;
 0.20891757, -0.94839138, 0.23855233, -3.3115759;
 0, 0, 0, 1]
Ow:
[0.24472964;
