Keyframe: 0 Frame: 0 Frame from vFrameID : 70
Tcw:
[0.94136405, 0.12287878, 0.31422046, 0.003451942;
 0.22684455, 0.45888641, -0.85904878, 0.0018722052;
 -0.24975036, 0.87995684, 0.4041048, -0.029744051;
 0, 0, 0, 1]
Twc:
[0.94136405, 0.22684455, -0.24975036, -0.011102822;
 0.12287878, 0.45888641, 0.87995684, 0.024890184;
 0.31422046, -0.85904878, 0.4041048, 0.012543359;
 0, 0, 0, 1]
Ow:
[0.003451942;
 0.0018722052;
 -0.029744051]
Keyframe: 1 Frame: 69 Frame from vFrameID : 70
Tcw:
[0.94056952, 0.12609951, 0.31532195, 0.0031594876;
 0.22651118, 0.45885181, -0.85915524, 0.0031429129;
 -0.25302508, 0.87951916, 0.40301907, -0.028736981;
 0, 0, 0, 1]
Twc:
[0.94056952, 0.22651118, -0.25302508, -0.0109548;
 0.12609951, 0.45885181, 0.87951916, 0.023434183;
 0.31532195, -0.85915524, 0.40301907, 0.013285546;
 0, 0, 0, 1]
Ow:
[0.0031594876;
 0.0031429129;
 -0.028736981]
Keyframe: 2 Frame: 71 Frame from vFrameID : 72
Tcw:
[0.93970394, 0.1285177, 0.31692231, 0.0043489668;
 0.22616293, 0.4615922, -0.85777795, 0.0035658171;
 -0.25652853, 0.87773335, 0.40469405, -0.030328136;
 0, 0, 0, 1]
Twc:
[0.93970394, 0.22616293, -0.25652853, -0.012673228;
 0.1285177, 0.4615922, 0.87773335, 0.024415143;
 0.31692231, -0.85777795, 0.40469405, 0.013954011;
 0, 0, 0, 1]
Ow:
[0.0043489668;
 0.0035658171;
 -0.030328136]
Keyframe: 3 Frame: 72 Frame from vFrameID : 73
Tcw:
[0.93880183, 0.12882403, 0.31946123, 0.004042862;
 0.22869401, 0.46042714, -0.85773301, 0.0041219397;
 -0.25758523, 0.87830019, 0.40278855, -0.029227108;
 0, 0, 0, 1]
Twc:
[0.93880183, 0.22869401, -0.25758523, -0.012266581;
 0.12882403, 0.46042714, 0.87830019, 0.023251504;
 0.31946123, -0.85773301, 0.40278855, 0.01401633;
 0, 0, 0, 1]
Ow:
[0.004042862;
 0.0041219397;
 -0.029227108]
Keyframe: 4 Frame: 73 Frame from vFrameID : 74
Tcw:
[0.93793023, 0.12799022, 0.32234353, 0.0037584393;
 0.23136935, 0.46147159, -0.85645324, 0.0048030969;
 -0.25837001, 0.87787384, 0.40321514, -0.029444858;
 0, 0, 0, 1]
Twc:
[0.93793023, 0.23136935, -0.25837001, -0.012244112;
 0.12799022, 0.46147159, 0.87787384, 0.023151334;
 0.32234353, -0.85645324, 0.40321514, 0.014774732;
 0, 0, 0, 1]
Ow:
[0.0037584393;
 0.0048030969;
 -0.029444858]
Keyframe: 5 Frame: 74 Frame from vFrameID : 75
Tcw:
[0.93781459, 0.12634452, 0.32332775, 0.0037581064;
 0.23244824, 0.46320853, -0.85522258, 0.0055360757;
 -0.25782084, 0.87719721, 0.40503517, -0.029880837;
 0, 0, 0, 1]
Twc:
[0.93781459, 0.23244824, -0.25782084, -0.01251516;
 0.12634452, 0.46320853, 0.87719721, 0.023172211;
 0.32332775, -0.85522258, 0.40503517, 0.015622266;
 0, 0, 0, 1]
Ow:
[0.0037581064;
 0.0055360757;
 -0.029880837]
Keyframe: 6 Frame: 76 Frame from vFrameID : 77
Tcw:
[0.93784189, 0.12309134, 0.32450134, 0.0032927277;
 0.23412552, 0.46582109, -0.85334396, 0.0055914978;
 -0.25619882, 0.87627578, 0.40804771, -0.030961215;
 0, 0, 0, 1]
Twc:
[0.93784189, 0.23412552, -0.25619882, -0.012329397;
 0.12309134, 0.46582109, 0.87627578, 0.024120618;
 0.32450134, -0.85334396, 0.40804771, 0.016336629;
 0, 0, 0, 1]
Ow:
[0.0032927277;
 0.0055914978;
 -0.030961215]
Keyframe: 7 Frame: 78 Frame from vFrameID : 79
Tcw:
[0.9380722, 0.11658653, 0.32623327, 0.0031379675;
 0.23878275, 0.46468061, -0.85267502, 0.0060063927;
 -0.2510047, 0.87776965, 0.40806511, -0.03107819;
 0, 0, 0, 1]
Twc:
[0.9380722, 0.23878275, -0.2510047, -0.012178634;
 0.11658653, 0.46468061, 0.87776965, 0.02412259;
 0.32623327, -0.85267502, 0.40806511, 0.016779717;
 0, 0, 0, 1]
Ow:
[0.0031379675;
 0.0060063927;
 -0.03107819]
Keyframe: 8 Frame: 79 Frame from vFrameID : 80
Tcw:
[0.93755722, 0.11462038, 0.32840315, 0.0029404168;
 0.2421042, 0.46285674, -0.85273045, 0.0064740982;
 -0.24974389, 0.87899137, 0.40620458, -0.031117253;
 0, 0, 0, 1]
Twc:
[0.93755722, 0.2421042, -0.24974389, -0.012095559;
 0.11462038, 0.46285674, 0.87899137, 0.024018185;
 0.32840315, -0.85273045, 0.40620458, 0.01719499;
 0, 0, 0, 1]
Ow:
[0.0029404168;
 0.0064740982;
 -0.031117253]
Keyframe: 9 Frame: 83 Frame from vFrameID : 84
Tcw:
[0.93731135, 0.10674234, 0.33174321, 0.0020699785;
 0.2495285, 0.45895964, -0.85269666, 0.0068840804;
 -0.24327557, 0.88202161, 0.4035528, -0.031854633;
 0, 0, 0, 1]
Twc:
[0.93731135, 0.2495285, -0.24327557, -0.011407443;
 0.10674234, 0.45895964, 0.88202161, 0.024716007;
 0.33174321, -0.85269666, 0.4035528, 0.018038359;
 0, 0, 0, 1]
Ow:
[0.0020699785;
 0.0068840804;
 -0.031854633]
Keyframe: 10 Frame: 86 Frame from vFrameID : 87
Tcw:
[0.93794972, 0.10933007, 0.3290855, 0.0026272028;
 0.24599758, 0.45908564, -0.85365427, 0.0065869465;
 -0.2444085, 0.881639, 0.40370432, -0.031539086;
 0, 0, 0, 1]
Twc:
[0.93794972, 0.24599758, -0.2444085, -0.011792978;
 0.10933007, 0.45908564, 0.881639, 0.024494883;
 0.3290855, -0.85365427, 0.40370432, 0.017490866;
 0, 0, 0, 1]
Ow:
[0.0026272028;
 0.0065869465;
 -0.031539086]
Keyframe: 11 Frame: 89 Frame from vFrameID : 90
Tcw:
[0.93748456, 0.10937618, 0.33039308, 0.0042482219;
 0.24697961, 0.45976493, -0.85300487, 0.0049410202;
 -0.24520156, 0.88127923, 0.40400884, -0.033572197;
 0, 0, 0, 1]
Twc:
[0.93748456, 0.24697961, -0.24520156, -0.013434927;
 0.10937618, 0.45976493, 0.88127923, 0.026850116;
 0.33039308, -0.85300487, 0.40400884, 0.016374594;
 0, 0, 0, 1]
Ow:
[0.0042482219;
 0.0049410202;
 -0.033572197]
Keyframe: 12 Frame: 96 Frame from vFrameID : 97
Tcw:
[0.93368137, 0.11128993, 0.34037277, 0.0027897325;
 0.2555483, 0.45878655, -0.85100526, 0.0034284266;
 -0.25086677, 0.88154948, 0.39992052, -0.031397123;
 0, 0, 0, 1]
Twc:
[0.93368137, 0.2555483, -0.25086677, -0.011357345;
 0.11128993, 0.45878655, 0.88154948, 0.025794731;
 0.34037277, -0.85100526, 0.39992052, 0.014524413;
 0, 0, 0, 1]
Ow:
[0.0027897325;
 0.0034284266;
 -0.031397123]
Keyframe: 13 Frame: 101 Frame from vFrameID : 102
Tcw:
[0.93132329, 0.12582111, 0.34176892, 0.0045301579;
 0.25239328, 0.45354861, -0.85474634, 0.0026031388;
 -0.26255396, 0.88230532, 0.39064398, -0.03004209;
 0, 0, 0, 1]
Twc:
[0.93132329, 0.25239328, -0.26255396, -0.012763726;
 0.12582111, 0.45354861, 0.88230532, 0.024755657;
 0.34176892, -0.85474634, 0.39064398, 0.012412517;
 0, 0, 0, 1]
Ow:
[0.0045301579;
 0.0026031388;
 -0.03004209]
Keyframe: 14 Frame: 105 Frame from vFrameID : 106
Tcw:
[0.92757428, 0.13976675, 0.34651291, 0.0046853269;
 0.24969624, 0.45802197, -0.85315162, 0.0008681817;
 -0.27795276, 0.87788445, 0.38995019, -0.028713673;
 0, 0, 0, 1]
Twc:
[0.92757428, 0.24969624, -0.27795276, -0.012543815;
 0.13976675, 0.45802197, 0.87788445, 0.024154788;
 0.34651291, -0.85315162, 0.38995019, 0.010314067;
 0, 0, 0, 1]
Ow:
[0.0046853269;
 0.0008681817;
 -0.028713673]
Keyframe: 15 Frame: 109 Frame from vFrameID : 110
Tcw:
[0.92673552, 0.13358387, 0.3511647, 0.0053797662;
 0.25515351, 0.46230185, -0.84921944, 0.0018466692;
 -0.2757861, 0.87660271, 0.39434716, -0.028133925;
 0, 0, 0, 1]
Twc:
[0.92673552, 0.25515351, -0.2757861, -0.01321575;
 0.13358387, 0.46230185, 0.87660271, 0.023089908;
 0.3511647, -0.84921944, 0.39434716, 0.010773578;
 0, 0, 0, 1]
Ow:
[0.0053797662;
 0.0018466692;
 -0.028133925]
Keyframe: 16 Frame: 113 Frame from vFrameID : 114
Tcw:
[0.92774993, 0.1383082, 0.34662795, 0.0069480892;
 0.24692823, 0.46893463, -0.8480134, 0.00086651789;
 -0.27983305, 0.87233663, 0.40090185, -0.023813883;
 0, 0, 0, 1]
Twc:
[0.92774993, 0.24692823, -0.27983305, -0.013323969;
 0.1383082, 0.46893463, 0.87233663, 0.019406404;
 0.34662795, -0.8480134, 0.40090185, 0.0078734467;
 0, 0, 0, 1]
Ow:
[0.0069480892;
 0.00086651789;
 -0.023813883]
Keyframe: 17 Frame: 119 Frame from vFrameID : 120
Tcw:
[0.9345907, 0.1353461, 0.32897052, 0.015528412;
 0.23411091, 0.46225902, -0.85528278, 0.00074379123;
 -0.26782879, 0.87635499, 0.40033698, -0.019629117;
 0, 0, 0, 1]
Twc:
[0.9345907, 0.23411091, -0.26782879, -0.019944081;
 0.1353461, 0.46225902, 0.87635499, 0.01475654;
 0.32897052, -0.85528278, 0.40033698, 0.0033860239;
 0, 0, 0, 1]
Ow:
[0.015528412;
 0.00074379123;
 -0.019629117]
Keyframe: 18 Frame: 126 Frame from vFrameID : 127
Tcw:
[0.93549669, 0.13137835, 0.32800257, -0.0013170703;
 0.25273949, 0.39991027, -0.881019, 0.022456819;
 -0.24691844, 0.90708959, 0.34091023, 0.033152953;
 0, 0, 0, 1]
Twc:
[0.93549669, 0.25273949, -0.24691844, 0.0037424641;
 0.13137835, 0.39991027, 0.90708959, -0.038880374;
 0.32800257, -0.881019, 0.34091023, 0.0089147072;
 0, 0, 0, 1]
Ow:
[-0.0013170703;
 0.022456819;
 0.033152953]
Keyframe: 19 Frame: 134 Frame from vFrameID : 135
Tcw:
[0.92970294, 0.13065933, 0.34435537, 0.0072316909;
 0.27095509, 0.39064983, -0.87975907, 0.027505994;
 -0.24947108, 0.91121942, 0.32778546, 0.083134778;
 0, 0, 0, 1]
Twc:
[0.92970294, 0.27095509, -0.24947108, 0.0065635131;
 0.13065933, 0.39064983, 0.91121942, -0.087444127;
 0.34435537, -0.87975907, 0.32778546, -0.0055419989;
 0, 0, 0, 1]
Ow:
[0.0072316909;
 0.027505994;
 0.083134778]
Keyframe: 20 Frame: 141 Frame from vFrameID : 142
Tcw:
[0.9161334, 0.13804339, 0.37635577, 0.0038721683;
 0.30351245, 0.3744567, -0.87616342, 0.010771457;
 -0.26187751, 0.91691124, 0.30115438, 0.12268779;
 0, 0, 0, 1]
Twc:
[0.9161334, 0.30351245, -0.26187751, 0.02531248;
 0.13804339, 0.3744567, 0.91691124, -0.11706179;
 0.37635577, -0.87616342, 0.30115438, -0.028967727;
 0, 0, 0, 1]
Ow:
[0.0038721683;
 0.010771457;
 0.12268779]
Keyframe: 21 Frame: 148 Frame from vFrameID : 149
Tcw:
[0.88984793, 0.16145334, 0.42673585, -0.032825924;
 0.34564427, 0.37197822, -0.8614884, -0.017440993;
 -0.29782662, 0.91409248, 0.27519864, 0.19532594;
 0, 0, 0, 1]
Twc:
[0.88984793, 0.34564427, -0.29782662, 0.093411721;
 0.16145334, 0.37197822, 0.91409248, -0.16675843;
 0.42673585, -0.8614884, 0.27519864, -0.054770641;
 0, 0, 0, 1]
Ow:
[-0.032825924;
 -0.017440993;
 0.19532594]
Keyframe: 22 Frame: 157 Frame from vFrameID : 158
Tcw:
[0.92649645, 0.079356693, 0.36784074, -0.026620448;
 0.31713995, 0.36149243, -0.87678134, 0.013662342;
 -0.20255011, 0.92899179, 0.30975428, 0.23704468;
 0, 0, 0, 1]
Twc:
[0.92649645, 0.31713995, -0.20255011, 0.068344302;
 0.079356693, 0.36149243, 0.92899179, -0.22303888;
 0.36784074, -0.87678134, 0.30975428, -0.051654633;
 0, 0, 0, 1]
Ow:
[-0.026620448;
 0.013662342;
 0.23704468]
Keyframe: 23 Frame: 164 Frame from vFrameID : 165
Tcw:
[0.89806688, 0.1600284, 0.40971553, -0.059944548;
 0.34679654, 0.31536955, -0.8833313, -0.042201303;
 -0.27056989, 0.93537849, 0.22772565, 0.32648852;
 0, 0, 0, 1]
Twc:
[0.89806688, 0.34679654, -0.27056989, 0.15680745;
 0.1600284, 0.31536955, 0.93537849, -0.28248852;
 0.40971553, -0.8833313, 0.22772565, -0.087067328;
 0, 0, 0, 1]
Ow:
[-0.059944548;
 -0.042201303;
 0.32648852]
Keyframe: 24 Frame: 172 Frame from vFrameID : 173
Tcw:
[0.92847943, 0.10775892, 0.35540676, -0.011835981;
 0.29839426, 0.35328236, -0.88665235, -0.044555835;
 -0.22110365, 0.92928982, 0.29586077, 0.39128512;
 0, 0, 0, 1]
Twc:
[0.92847943, 0.29839426, -0.22110365, 0.11079923;
 0.10775892, 0.35328236, 0.92928982, -0.34660107;
 0.35540676, -0.88665235, 0.29586077, -0.15106487;
 0, 0, 0, 1]
Ow:
[-0.011835981;
 -0.044555835;
 0.39128512]
Keyframe: 25 Frame: 178 Frame from vFrameID : 179
Tcw:
[0.91661191, 0.1166255, 0.38238865, -0.0069358423;
 0.32324833, 0.34659612, -0.8805576, -0.046508402;
 -0.23522988, 0.93073606, 0.27999514, 0.39871287;
 0, 0, 0, 1]
Twc:
[0.91661191, 0.32324833, -0.23522988, 0.11518043;
 0.1166255, 0.34659612, 0.93073606, -0.35416791;
 0.38238865, -0.8805576, 0.27999514, -0.14993879;
 0, 0, 0, 1]
Ow:
[-0.0069358423;
 -0.046508402;
 0.39871287]
Keyframe: 26 Frame: 183 Frame from vFrameID : 184
Tcw:
[0.91025507, 0.1188148, 0.39663425, -0.00015661865;
 0.33233306, 0.36171782, -0.87104249, -0.047955677;
 -0.24696241, 0.92468548, 0.28976938, 0.40674418;
 0, 0, 0, 1]
Twc:
[0.91025507, 0.33233306, -0.24696241, 0.11653034;
 0.1188148, 0.36171782, 0.92468548, -0.3587454;
 0.39663425, -0.87104249, 0.28976938, -0.15957132;
 0, 0, 0, 1]
Ow:
[-0.00015661865;
 -0.047955677;
 0.40674418]
Keyframe: 27 Frame: 187 Frame from vFrameID : 188
Tcw:
[0.91418391, 0.11656578, 0.38817552, 0.022269394;
 0.3269951, 0.35373837, -0.87632376, -0.071075335;
 -0.23946194, 0.92805254, 0.28526551, 0.43831673;
 0, 0, 0, 1]
Twc:
[0.91418391, 0.3269951, -0.23946194, 0.10784315;
 0.11656578, 0.35373837, 0.92805254, -0.38423476;
 0.38817552, -0.87632376, 0.28526551, -0.19596608;
 0, 0, 0, 1]
Ow:
[0.022269394;
 -0.071075335;
 0.43831673]
Keyframe: 28 Frame: 189 Frame from vFrameID : 190
Tcw:
[0.91841716, 0.11090572, 0.37974972, 0.038050618;
 0.3223139, 0.34683967, -0.88080418, -0.064871743;
 -0.22939849, 0.93134427, 0.28279707, 0.4438262;
 0, 0, 0, 1]
Twc:
[0.91841716, 0.3223139, -0.22939849, 0.087775782;
 0.11090572, 0.34683967, 0.93134427, -0.39507493;
 0.37974972, -0.88080418, 0.28279707, -0.19710174;
 0, 0, 0, 1]
Ow:
[0.038050618;
 -0.064871743;
 0.4438262]
Keyframe: 29 Frame: 191 Frame from vFrameID : 192
Tcw:
[0.91967505, 0.10906518, 0.37723014, 0.036257792;
 0.32077929, 0.34542537, -0.88191944, -0.0775363;
 -0.22649156, 0.93208694, 0.28269327, 0.44516307;
 0, 0, 0, 1]
Twc:
[0.91967505, 0.32077929, -0.22649156, 0.092352338;
 0.10906518, 0.34542537, 0.93208694, -0.39210215;
 0.37723014, -0.88191944, 0.28269327, -0.20790291;
 0, 0, 0, 1]
Ow:
[0.036257792;
 -0.0775363;
 0.44516307]
Keyframe: 30 Frame: 193 Frame from vFrameID : 194
Tcw:
[0.91900396, 0.10505427, 0.37999383, 0.0399216;
 0.321345, 0.35879648, -0.8763575, -0.091490157;
 -0.22840555, 0.92748517, 0.29597673, 0.45363587;
 0, 0, 0, 1]
Twc:
[0.91900396, 0.321345, -0.22840555, 0.096324734;
 0.10505427, 0.35879648, 0.92748517, -0.39210811;
 0.37999383, -0.8763575, 0.29597673, -0.22961369;
 0, 0, 0, 1]
Ow:
[0.0399216;
 -0.091490157;
 0.45363587]
Keyframe: 31 Frame: 196 Frame from vFrameID : 197
Tcw:
[0.91685385, 0.094748095, 0.38781679, 0.05186836;
 0.33291134, 0.35469505, -0.87370563, -0.10199048;
 -0.22033864, 0.93016893, 0.29366079, 0.4590266;
 0, 0, 0, 1]
Twc:
[0.91685385, 0.33291134, -0.22033864, 0.087539375;
 0.094748095, 0.35469505, 0.93016893, -0.39571118;
 0.38781679, -0.87370563, 0.29366079, -0.24402319;
 0, 0, 0, 1]
Ow:
[0.05186836;
 -0.10199048;
 0.4590266]
Keyframe: 32 Frame: 200 Frame from vFrameID : 201
Tcw:
[0.91839975, 0.092359431, 0.38472277, 0.060065322;
 0.32654384, 0.37211534, -0.8688494, -0.11710741;
 -0.22340769, 0.92357993, 0.31159124, 0.47166851;
 0, 0, 0, 1]
Twc:
[0.91839975, 0.32654384, -0.22340769, 0.088451095;
 0.092359431, 0.37211534, 0.92357993, -0.39759371;
 0.38472277, -0.8688494, 0.31159124, -0.27182499;
 0, 0, 0, 1]
Ow:
[0.060065322;
 -0.11710741;
 0.47166851]
Keyframe: 33 Frame: 203 Frame from vFrameID : 204
Tcw:
[0.9186669, 0.098485902, 0.38255936, 0.079144225;
 0.32363799, 0.36766478, -0.87182629, -0.12382744;
 -0.2265162, 0.92472869, 0.30588767, 0.48004845;
 0, 0, 0, 1]
Twc:
[0.9186669, 0.32363799, -0.2265162, 0.076106846;
 0.098485902, 0.36766478, 0.92472869, -0.4061822;
 0.38255936, -0.87182629, 0.30588767, -0.28507429;
 0, 0, 0, 1]
Ow:
[0.079144225;
 -0.12382744;
 0.48004845]
Keyframe: 34 Frame: 208 Frame from vFrameID : 209
Tcw:
[0.91068256, 0.10604496, 0.39926404, 0.077315331;
 0.3378793, 0.3648808, -0.86758262, -0.13924117;
 -0.23768654, 0.92499542, 0.29646018, 0.5078097;
 0, 0, 0, 1]
Twc:
[0.91068256, 0.3378793, -0.23768654, 0.097336523;
 0.10604496, 0.3648808, 0.92499542, -0.42711413;
 0.39926404, -0.86758262, 0.29646018, -0.30221781;
 0, 0, 0, 1]
Ow:
[0.077315331;
 -0.13924117;
 0.5078097]
Keyframe: 35 Frame: 212 Frame from vFrameID : 213
Tcw:
[0.90168422, 0.12244175, 0.41469693, 0.037543647;
 0.34895098, 0.36029848, -0.86511171, -0.14773388;
 -0.25534046, 0.92476648, 0.28214929, 0.55478376;
 0, 0, 0, 1]
Twc:
[0.90168422, 0.34895098, -0.25534046, 0.15935811;
 0.12244175, 0.36029848, 0.92476648, -0.46441403;
 0.41469693, -0.86511171, 0.28214929, -0.29990739;
 0, 0, 0, 1]
Ow:
[0.037543647;
 -0.14773388;
 0.55478376]
Keyframe: 36 Frame: 217 Frame from vFrameID : 218
Tcw:
[0.89997542, 0.1294705, 0.41627115, 0.056897566;
 0.34384117, 0.37618169, -0.86038399, -0.14152506;
 -0.26798794, 0.91745555, 0.29403698, 0.55699599;
 0, 0, 0, 1]
Twc:
[0.89997542, 0.34384117, -0.26798794, 0.14672393;
 0.1294705, 0.37618169, 0.91745555, -0.46514651;
 0.41627115, -0.86038399, 0.29403698, -0.30922812;
 0, 0, 0, 1]
Ow:
[0.056897566;
 -0.14152506;
 0.55699599]
Keyframe: 37 Frame: 222 Frame from vFrameID : 223
Tcw:
[0.8997848, 0.11150949, 0.42184469, 0.018672705;
 0.35771507, 0.36509046, -0.85950506, -0.20162572;
 -0.24985445, 0.92426974, 0.28861421, 0.63397008;
 0, 0, 0, 1]
Twc:
[0.8997848, 0.35771507, -0.24985445, 0.21372339;
 0.11150949, 0.36509046, 0.92426974, -0.51442999;
 0.42184469, -0.85950506, 0.28861421, -0.36414808;
 0, 0, 0, 1]
Ow:
[0.018672705;
 -0.20162572;
 0.63397008]
Keyframe: 38 Frame: 228 Frame from vFrameID : 229
Tcw:
[0.90822035, 0.075377189, 0.41164804, -0.064959005;
 0.36420172, 0.34215415, -0.86619145, -0.22141369;
 -0.20613816, 0.93661559, 0.28329885, 0.7386272;
 0, 0, 0, 1]
Twc:
[0.90822035, 0.36420172, -0.20613816, 0.2918956;
 0.075377189, 0.34215415, 0.93661559, -0.61115575;
 0.41164804, -0.86619145, 0.28329885, -0.37429863;
 0, 0, 0, 1]
Ow:
[-0.064959005;
 -0.22141369;
 0.7386272]
Keyframe: 39 Frame: 233 Frame from vFrameID : 234
Tcw:
[0.91287678, 0.074777484, 0.40132821, -0.11286479;
 0.35381445, 0.34547946, -0.86917162, -0.21473631;
 -0.20364513, 0.93544227, 0.28892285, 0.82445037;
 0, 0, 0, 1]
Twc:
[0.91287678, 0.35381445, -0.20364513, 0.34690374;
 0.074777484, 0.34547946, 0.93544227, -0.68859899;
 0.40132821, -0.86917162, 0.28892285, -0.37954938;
 0, 0, 0, 1]
Ow:
[-0.11286479;
 -0.21473631;
 0.82445037]
Keyframe: 40 Frame: 239 Frame from vFrameID : 240
Tcw:
[0.91687948, 0.076665334, 0.39173266, 0.057492554;
 0.34396863, 0.34618485, -0.8728354, -0.20485023;
 -0.20252813, 0.93502861, 0.29103929, 0.77345759;
 0, 0, 0, 1]
Twc:
[0.91687948, 0.34396863, -0.20252813, 0.17439522;
 0.076665334, 0.34618485, 0.93502861, -0.65669662;
 0.39173266, -0.8728354, 0.29103929, -0.42642879;
 0, 0, 0, 1]
Ow:
[0.057492554;
 -0.20485023;
 0.77345759]
Keyframe: 41 Frame: 245 Frame from vFrameID : 246
Tcw:
[0.89879739, 0.091246665, 0.4287625, -0.044453338;
 0.37713245, 0.33763868, -0.86242169, -0.23175782;
 -0.22345991, 0.93684268, 0.26905671, 0.90680736;
 0, 0, 0, 1]
Twc:
[0.89879739, 0.37713245, -0.22345991, 0.32999304;
 0.091246665, 0.33763868, 0.93684268, -0.76722914;
 0.4287625, -0.86242169, 0.26905671, -0.42479566;
 0, 0, 0, 1]
Ow:
[-0.044453338;
 -0.23175782;
 0.90680736]
Keyframe: 42 Frame: 253 Frame from vFrameID : 254
Tcw:
[0.89349544, 0.092541426, 0.43943369, -0.009029761;
 0.38344061, 0.35213107, -0.85380149, -0.28912127;
 -0.23375025, 0.93136448, 0.27914336, 0.91248107;
 0, 0, 0, 1]
Twc:
[0.89349544, 0.38344061, -0.23375025, 0.33222157;
 0.092541426, 0.35213107, 0.93136448, -0.74720824;
 0.43943369, -0.85380149, 0.27914336, -0.49759725;
 0, 0, 0, 1]
Ow:
[-0.009029761;
 -0.28912127;
 0.91248107]
Keyframe: 43 Frame: 260 Frame from vFrameID : 261
Tcw:
[0.89381725, 0.091161638, 0.43906754, 0.022981107;
 0.37671325, 0.37850815, -0.84546953, -0.24589357;
 -0.24326503, 0.92109782, 0.30397531, 0.90923554;
 0, 0, 0, 1]
Twc:
[0.89381725, 0.37671325, -0.24326503, 0.29327565;
 0.091161638, 0.37850815, 0.92109782, -0.74651712;
 0.43906754, -0.84546953, 0.30397531, -0.49437094;
 0, 0, 0, 1]
Ow:
[0.022981107;
 -0.24589357;
 0.90923554]
Keyframe: 44 Frame: 266 Frame from vFrameID : 267
Tcw:
[0.9036575, 0.096460864, 0.41725108, 0.049025461;
 0.361397, 0.35097921, -0.86383206, -0.27028739;
 -0.22977243, 0.93140161, 0.28230432, 0.92048973;
 0, 0, 0, 1]
Twc:
[0.9036575, 0.361397, -0.22977243, 0.26488197;
 0.096460864, 0.35097921, 0.93140161, -0.76720935;
 0.41725108, -0.86383206, 0.28230432, -0.51379704;
 0, 0, 0, 1]
Ow:
[0.049025461;
 -0.27028739;
 0.92048973]
Keyframe: 45 Frame: 273 Frame from vFrameID : 274
Tcw:
[0.90622509, 0.094701655, 0.41205302, 0.058632284;
 0.35591364, 0.35518423, -0.86438978, -0.27365795;
 -0.22821388, 0.92998695, 0.28817126, 0.94894624;
 0, 0, 0, 1]
Twc:
[0.90622509, 0.35591364, -0.22821388, 0.26082724;
 0.094701655, 0.35518423, 0.92998695, -0.79086125;
 0.41205302, -0.86438978, 0.28817126, -0.53416574;
 0, 0, 0, 1]
Ow:
[0.058632284;
 -0.27365795;
 0.94894624]
Keyframe: 46 Frame: 280 Frame from vFrameID : 281
Tcw:
[0.90361327, 0.098587915, 0.41684943, 0.070941746;
 0.35838044, 0.35902357, -0.86178046, -0.34233433;
 -0.23461992, 0.92810696, 0.28908649, 0.98546398;
 0, 0, 0, 1]
Twc:
[0.90361327, 0.35838044, -0.23461992, 0.28979152;
 0.098587915, 0.35902357, 0.92810696, -0.79870391;
 0.41684943, -0.86178046, 0.28908649, -0.60947341;
 0, 0, 0, 1]
Ow:
[0.070941746;
 -0.34233433;
 0.98546398]
Keyframe: 47 Frame: 287 Frame from vFrameID : 288
Tcw:
[0.90329927, 0.11994313, 0.41190293, 0.050016075;
 0.35041916, 0.34762454, -0.86969167, -0.26646122;
 -0.24750111, 0.92993057, 0.27197862, 1.0392063;
 0, 0, 0, 1]
Twc:
[0.90329927, 0.35041916, -0.24750111, 0.30539834;
 0.11994313, 0.34762454, 0.92993057, -0.87976027;
 0.41190293, -0.86969167, 0.27197862, -0.53498274;
 0, 0, 0, 1]
Ow:
[0.050016075;
 -0.26646122;
 1.0392063]
Keyframe: 48 Frame: 294 Frame from vFrameID : 295
Tcw:
[0.89848375, 0.11172058, 0.42455319, 0.12731507;
 0.36383688, 0.35166231, -0.86252904, -0.26444927;
 -0.2456616, 0.92943645, 0.27531481, 1.0653362;
 0, 0, 0, 1]
Twc:
[0.89848375, 0.36383688, -0.2456616, 0.24353808;
 0.11172058, 0.35166231, 0.92943645, -0.91138929;
 0.42455319, -0.86252904, 0.27531481, -0.57545006;
 0, 0, 0, 1]
Ow:
[0.12731507;
 -0.26444927;
 1.0653362]
Keyframe: 49 Frame: 301 Frame from vFrameID : 302
Tcw:
[0.89563465, 0.095920585, 0.43432456, 0.016257524;
 0.37923783, 0.34555325, -0.85835403, -0.2611323;
 -0.23241608, 0.9334839, 0.27311274, 1.1322802;
 0, 0, 0, 1]
Twc:
[0.89563465, 0.37923783, -0.23241608, 0.34763059;
 0.095920585, 0.34555325, 0.9334839, -0.96828973;
 0.43432456, -0.85835403, 0.27311274, -0.54044515;
 0, 0, 0, 1]
Ow:
[0.016257524;
 -0.2611323;
 1.1322802]
Keyframe: 50 Frame: 308 Frame from vFrameID : 309
Tcw:
[0.89579839, 0.14672509, 0.41954386, -0.14128606;
 0.34379527, 0.3695094, -0.86328882, -0.16121793;
 -0.28169152, 0.91756994, 0.28056252, 1.3248529;
 0, 0, 0, 1]
Twc:
[0.89579839, 0.34379527, -0.28169152, 0.55518961;
 0.14672509, 0.3695094, 0.91756994, -1.1353434;
 0.41954386, -0.86328882, 0.28056252, -0.45160604;
 0, 0, 0, 1]
Ow:
[-0.14128606;
 -0.16121793;
 1.3248529]
Keyframe: 51 Frame: 315 Frame from vFrameID : 316
Tcw:
[0.9196496, 0.1059152, 0.37818852, -0.017122313;
 0.31427804, 0.3790223, -0.87038577, -0.17000949;
 -0.23552896, 0.91930628, 0.31528088, 1.2601668;
 0, 0, 0, 1]
Twc:
[0.9196496, 0.31427804, -0.23552896, 0.36598256;
 0.1059152, 0.3790223, 0.91930628, -1.0922283;
 0.37818852, -0.87038577, 0.31528088, -0.53880489;
 0, 0, 0, 1]
Ow:
[-0.017122313;
 -0.17000949;
 1.2601668]
Keyframe: 52 Frame: 322 Frame from vFrameID : 323
Tcw:
[0.90584111, 0.1317942, 0.40259433, -0.077027321;
 0.32932064, 0.37870115, -0.86494702, -0.18972078;
 -0.26645795, 0.91608715, 0.29964054, 1.3267412;
 0, 0, 0, 1]
Twc:
[0.90584111, 0.32932064, -0.26645795, 0.48577419;
 0.1317942, 0.37870115, 0.91608715, -1.1334114;
 0.40259433, -0.86494702, 0.29964054, -0.53063309;
 0, 0, 0, 1]
Ow:
[-0.077027321;
 -0.18972078;
 1.3267412]
Keyframe: 53 Frame: 329 Frame from vFrameID : 330
Tcw:
[0.90767789, 0.11314981, 0.40412611, -0.053194404;
 0.33497736, 0.38474846, -0.86009228, -0.19917059;
 -0.25280619, 0.91605991, 0.31132507, 1.3312671;
 0, 0, 0, 1]
Twc:
[0.90767789, 0.33497736, -0.25280619, 0.45155361;
 0.11314981, 0.38474846, 0.91605991, -1.1368709;
 0.40412611, -0.86009228, 0.31132507, -0.56426466;
 0, 0, 0, 1]
Ow:
[-0.053194404;
 -0.19917059;
 1.3312671]
Keyframe: 54 Frame: 337 Frame from vFrameID : 338
Tcw:
[0.90999931, 0.10474524, 0.40116039, -0.0024491549;
 0.33198434, 0.39552978, -0.85635424, -0.21349496;
 -0.2483699, 0.91246074, 0.32515806, 1.3631153;
 0, 0, 0, 1]
Twc:
[0.90999931, 0.33198434, -0.2483699, 0.41166255;
 0.10474524, 0.39552978, 0.91246074, -1.1590891;
 0.40116039, -0.85635424, 0.32515806, -0.62507272;
 0, 0, 0, 1]
Ow:
[-0.0024491549;
 -0.21349496;
 1.3631153]
Keyframe: 55 Frame: 344 Frame from vFrameID : 345
Tcw:
[0.92984957, 0.11571972, 0.34926879, 0.016461611;
 0.29096597, 0.34975347, -0.89051181, -0.2285724;
 -0.22520775, 0.92966741, 0.29154763, 1.4006385;
 0, 0, 0, 1]
Twc:
[0.92984957, 0.29096597, -0.22520775, 0.36663461;
 0.11571972, 0.34975347, 0.92966741, -1.2240888;
 0.34926879, -0.89051181, 0.29154763, -0.61764872;
 0, 0, 0, 1]
Ow:
[0.016461611;
 -0.2285724;
 1.4006385]
Keyframe: 56 Frame: 351 Frame from vFrameID : 352
Tcw:
[0.92378378, 0.10796526, 0.36737859, 0.052995935;
 0.30142251, 0.38666731, -0.87156922, -0.23613077;
 -0.23615249, 0.91587764, 0.32465383, 1.4133403;
 0, 0, 0, 1]
Twc:
[0.92378378, 0.30142251, -0.23615249, 0.35598218;
 0.10796526, 0.38666731, 0.91587764, -1.2088646;
 0.36737859, -0.87156922, 0.32465383, -0.68412024;
 0, 0, 0, 1]
Ow:
[0.052995935;
 -0.23613077;
 1.4133403]
Keyframe: 57 Frame: 359 Frame from vFrameID : 360
Tcw:
[0.92104161, 0.12043407, 0.37037542, 0.060208157;
 0.30180973, 0.38034934, -0.87421119, -0.23282427;
 -0.24615686, 0.91696781, 0.3139694, 1.4178878;
 0, 0, 0, 1]
Twc:
[0.92104161, 0.30180973, -0.24615686, 0.36383727;
 0.12043407, 0.38034934, 0.91696781, -1.2188542;
 0.37037542, -0.87421119, 0.3139694, -0.67101067;
 0, 0, 0, 1]
Ow:
[0.060208157;
 -0.23282427;
 1.4178878]
Keyframe: 58 Frame: 365 Frame from vFrameID : 366
Tcw:
[0.92471933, 0.11249629, 0.36364651, 0.1247635;
 0.30423874, 0.35570818, -0.88369137, -0.20448089;
 -0.22876404, 0.92780185, 0.2947045, 1.4649056;
 0, 0, 0, 1]
Twc:
[0.92471933, 0.30423874, -0.22876404, 0.28195751;
 0.11249629, 0.35570818, 0.92780185, -1.300442;
 0.36364651, -0.88369137, 0.2947045, -0.65778208;
 0, 0, 0, 1]
Ow:
[0.1247635;
 -0.20448089;
 1.4649056]
Keyframe: 59 Frame: 373 Frame from vFrameID : 374
Tcw:
[0.92645472, 0.13084711, 0.35293153, 0.16313908;
 0.28401452, 0.37231869, -0.88358051, -0.22168285;
 -0.24701697, 0.91883504, 0.30777395, 1.4828608;
 0, 0, 0, 1]
Twc:
[0.92645472, 0.28401452, -0.24701697, 0.27811193;
 0.13084711, 0.37231869, 0.91883504, -1.301314;
 0.35293153, -0.88358051, 0.30777395, -0.70983744;
 0, 0, 0, 1]
Ow:
[0.16313908;
 -0.22168285;
 1.4828608]
Keyframe: 60 Frame: 381 Frame from vFrameID : 382
Tcw:
[0.94651872, 0.10020209, 0.30669501, 0.15540327;
 0.25677109, 0.34165597, -0.90406847, -0.25611553;
 -0.19537373, 0.93446815, 0.29765478, 1.5506903;
 0, 0, 0, 1]
Twc:
[0.94651872, 0.25677109, -0.19537373, 0.22163509;
 0.10020209, 0.34165597, 0.93446815, -1.377139;
 0.30669501, -0.90406847, 0.29765478, -0.74077773;
 0, 0, 0, 1]
Ow:
[0.15540327;
 -0.25611553;
 1.5506903]
Keyframe: 61 Frame: 386 Frame from vFrameID : 387
Tcw:
[0.94408154, 0.072193831, 0.32171124, 0.1158427;
 0.28067136, 0.33603787, -0.89905626, -0.19392383;
 -0.17301348, 0.9390775, 0.2969844, 1.6459529;
 0, 0, 0, 1]
Twc:
[0.94408154, 0.28067136, -0.17301348, 0.22983594;
 0.072193831, 0.33603787, 0.9390775, -1.4888748;
 0.32171124, -0.89905626, 0.2969844, -0.70043868;
 0, 0, 0, 1]
Ow:
[0.1158427;
 -0.19392383;
 1.6459529]
Keyframe: 62 Frame: 392 Frame from vFrameID : 393
Tcw:
[0.94180608, 0.079187907, 0.32669654, 0.10558185;
 0.28233981, 0.34111825, -0.89661729, -0.24062738;
 -0.1824434, 0.93667907, 0.29890931, 1.6798961;
 0, 0, 0, 1]
Twc:
[0.94180608, 0.28233981, -0.1824434, 0.27498701;
 0.079187907, 0.34111825, 0.93667907, -1.4998019;
 0.32669654, -0.89661729, 0.29890931, -0.75238055;
 0, 0, 0, 1]
Ow:
[0.10558185;
 -0.24062738;
 1.6798961]
Keyframe: 63 Frame: 397 Frame from vFrameID : 398
Tcw:
[0.9311527, 0.075328663, 0.35676357, 0.084672332;
 0.31585708, 0.32221216, -0.89242011, -0.25281563;
 -0.18217838, 0.94366568, 0.27623564, 1.7002158;
 0, 0, 0, 1]
Twc:
[0.9311527, 0.31585708, -0.18217838, 0.31075326;
 0.075328663, 0.32221216, 0.94366568, -1.5293533;
 0.35676357, -0.89242011, 0.27623564, -0.72548592;
 0, 0, 0, 1]
Ow:
[0.084672332;
 -0.25281563;
 1.7002158]
Keyframe: 64 Frame: 404 Frame from vFrameID : 405
Tcw:
[0.91222554, 0.086797915, 0.40038809, 0.053366601;
 0.35171527, 0.33526212, -0.87401128, -0.27605724;
 -0.21009731, 0.93811804, 0.27530652, 1.7437142;
 0, 0, 0, 1]
Twc:
[0.91222554, 0.35171527, -0.21009731, 0.41476086;
 0.086797915, 0.33526212, 0.93811804, -1.5478902;
 0.40038809, -0.87401128, 0.27530652, -0.7427004;
 0, 0, 0, 1]
Ow:
[0.053366601;
 -0.27605724;
 1.7437142]
Keyframe: 65 Frame: 412 Frame from vFrameID : 413
Tcw:
[0.91326809, 0.084856465, 0.39842281, 0.061080962;
 0.35117021, 0.33167812, -0.8755964, -0.29943973;
 -0.20644814, 0.93956852, 0.27311197, 1.7999392;
 0, 0, 0, 1]
Twc:
[0.91326809, 0.35117021, -0.20644814, 0.42096511;
 0.084856465, 0.33167812, 0.93956852, -1.5970317;
 0.39842281, -0.8755964, 0.27311197, -0.77810937;
 0, 0, 0, 1]
Ow:
[0.061080962;
 -0.29943973;
 1.7999392]
Keyframe: 66 Frame: 418 Frame from vFrameID : 419
Tcw:
[0.93548113, 0.057408076, 0.34868237, 0.056937754;
 0.31269625, 0.32515043, -0.8924675, -0.30189943;
 -0.16460907, 0.94391817, 0.28622082, 1.8525708;
 0, 0, 0, 1]
Twc:
[0.93548113, 0.31269625, -0.16460907, 0.34608856;
 0.057408076, 0.32515043, 0.94391817, -1.6537812;
 0.34868237, -0.8924675, 0.28622082, -0.81953293;
 0, 0, 0, 1]
Ow:
[0.056937754;
 -0.30189943;
 1.8525708]
Keyframe: 67 Frame: 424 Frame from vFrameID : 425
Tcw:
[0.93865073, 0.040016428, 0.3425397, 0.029875726;
 0.31023008, 0.33587411, -0.88935137, -0.31711873;
 -0.15063888, 0.94105649, 0.30285418, 1.8906485;
 0, 0, 0, 1]
Twc:
[0.93865073, 0.31023008, -0.15063888, 0.35514206;
 0.040016428, 0.33587411, 0.94105649, -1.6738906;
 0.3425397, -0.88935137, 0.30285418, -0.86485445;
 0, 0, 0, 1]
Ow:
[0.029875726;
 -0.31711873;
 1.8906485]
Keyframe: 68 Frame: 431 Frame from vFrameID : 432
Tcw:
[0.93155915, 0.054259576, 0.35951829, 0.084074199;
 0.32076275, 0.34293795, -0.88289571, -0.35507134;
 -0.17119801, 0.93778968, 0.30206254, 1.9030535;
 0, 0, 0, 1]
Twc:
[0.93155915, 0.32076275, -0.17119801, 0.36137256;
 0.054259576, 0.34293795, 0.93778968, -1.6674584;
 0.35951829, -0.88289571, 0.30206254, -0.91855836;
 0, 0, 0, 1]
Ow:
[0.084074199;
 -0.35507134;
 1.9030535]
Keyframe: 69 Frame: 437 Frame from vFrameID : 438
Tcw:
[0.91655314, 0.071206257, 0.39352253, -0.01854527;
 0.34544796, 0.35479996, -0.86878228, -0.33609092;
 -0.20148452, 0.93222672, 0.30059496, 2.0013938;
 0, 0, 0, 1]
Twc:
[0.91655314, 0.34544796, -0.20148452, 0.53634953;
 0.071206257, 0.35479996, 0.93222672, -1.7451873;
 0.39352253, -0.86878228, 0.30059496, -0.8863008;
 0, 0, 0, 1]
Ow:
[-0.01854527;
 -0.33609092;
 2.0013938]
Keyframe: 70 Frame: 443 Frame from vFrameID : 444
Tcw:
[0.91111743, 0.076852433, 0.40491816, 0.0011697412;
 0.35416627, 0.35647306, -0.86457688, -0.33198321;
 -0.21078725, 0.93113947, 0.29757026, 2.0163097;
 0, 0, 0, 1]
Twc:
[0.91111743, 0.35416627, -0.21078725, 0.54152387;
 0.076852433, 0.35647306, 0.93113947, -1.7592123;
 0.40491816, -0.86457688, 0.29757026, -0.88749248;
 0, 0, 0, 1]
Ow:
[0.0011697412;
 -0.33198321;
 2.0163097]
Keyframe: 71 Frame: 450 Frame from vFrameID : 451
Tcw:
[0.93470365, 0.040836941, 0.35307428, 0.088374406;
 0.31726441, 0.35195056, -0.88061011, -0.40276879;
 -0.16022611, 0.93512738, 0.31601334, 2.0503941;
 0, 0, 0, 1]
Twc:
[0.93470365, 0.31726441, -0.16022611, 0.37370694;
 0.040836941, 0.35195056, 0.93512738, -1.7792337;
 0.35307428, -0.88061011, 0.31601334, -1.0338368;
 0, 0, 0, 1]
Ow:
[0.088374406;
 -0.40276879;
 2.0503941]
Keyframe: 72 Frame: 456 Frame from vFrameID : 457
Tcw:
[0.93999416, 0.0249743, 0.34027535, 0.055861294;
 0.31311119, 0.33306193, -0.88939929, -0.37728947;
 -0.13554488, 0.94257414, 0.30525652, 2.0814493;
 0, 0, 0, 1]
Twc:
[0.93999416, 0.31311119, -0.13554488, 0.34775412;
 0.0249743, 0.33306193, 0.94257414, -1.8376547;
 0.34027535, -0.88939929, 0.30525652, -0.98994529;
 0, 0, 0, 1]
Ow:
[0.055861294;
 -0.37728947;
 2.0814493]
Keyframe: 73 Frame: 461 Frame from vFrameID : 462
Tcw:
[0.94024926, 0.033552423, 0.33882976, 0.058610916;
 0.30546656, 0.35645923, -0.88296491, -0.38260114;
 -0.1504046, 0.93370825, 0.32491139, 2.0828903;
 0, 0, 0, 1]
Twc:
[0.94024926, 0.30546656, -0.1504046, 0.37503925;
 0.033552423, 0.35645923, 0.93370825, -1.8103966;
 0.33882976, -0.88296491, 0.32491139, -1.0344372;
 0, 0, 0, 1]
Ow:
[0.058610916;
 -0.38260114;
 2.0828903]
Keyframe: 74 Frame: 467 Frame from vFrameID : 468
Tcw:
[0.93365717, 0.068769544, 0.35150391, 0.047482401;
 0.30555913, 0.35907805, -0.88187104, -0.353176;
 -0.18686321, 0.93077052, 0.31424263, 2.0977294;
 0, 0, 0, 1]
Twc:
[0.93365717, 0.30555913, -0.18686321, 0.45557237;
 0.068769544, 0.35907805, 0.93077052, -1.8289522;
 0.35150391, -0.88187104, 0.31424263, -0.987342;
 0, 0, 0, 1]
Ow:
[0.047482401;
 -0.353176;
 2.0977294]
Keyframe: 75 Frame: 473 Frame from vFrameID : 474
Tcw:
[0.91775823, 0.081548147, 0.38867688, 0.07333678;
 0.33994746, 0.34466332, -0.87501025, -0.4040153;
 -0.20531812, 0.93517756, 0.28859553, 2.0930419;
 0, 0, 0, 1]
Twc:
[0.91775823, 0.33994746, -0.20531812, 0.49977797;
 0.081548147, 0.34466332, 0.93517756, -1.8240972;
 0.38867688, -0.87501025, 0.28859553, -0.98606431;
 0, 0, 0, 1]
Ow:
[0.07333678;
 -0.4040153;
 2.0930419]
Keyframe: 76 Frame: 479 Frame from vFrameID : 480
Tcw:
[0.91743243, 0.095945783, 0.38615036, 0.12151191;
 0.31525388, 0.41683421, -0.85256332, -0.55094534;
 -0.24276054, 0.90390468, 0.35216993, 2.0822046;
 0, 0, 0, 1]
Twc:
[0.91743243, 0.31525388, -0.24276054, 0.56768578;
 0.095945783, 0.41683421, 0.90390468, -1.6641201;
 0.38615036, -0.85256332, 0.35216993, -1.2499275;
 0, 0, 0, 1]
Ow:
[0.12151191;
 -0.55094534;
 2.0822046]
Keyframe: 77 Frame: 486 Frame from vFrameID : 487
Tcw:
[0.93463326, 0.091301411, 0.34369272, -0.069449723;
 0.28806701, 0.37231338, -0.88226986, -0.22676831;
 -0.20851389, 0.92360532, 0.32167557, 2.2344832;
 0, 0, 0, 1]
Twc:
[0.93463326, 0.28806701, -0.20851389, 0.59615529;
 0.091301411, 0.37231338, 0.92360532, -1.9730109;
 0.34369272, -0.88226986, 0.32167557, -0.89498013;
 0, 0, 0, 1]
Ow:
[-0.069449723;
 -0.22676831;
 2.2344832]
Keyframe: 78 Frame: 493 Frame from vFrameID : 494
Tcw:
[0.95027852, 0.06249699, 0.30506539, -0.013888747;
 0.26673281, 0.34219345, -0.9009757, -0.30743873;
 -0.16069965, 0.93754882, 0.30850908, 2.2656541;
 0, 0, 0, 1]
Twc:
[0.95027852, 0.26673281, -0.16069965, 0.45929199;
 0.06249699, 0.34219345, 0.93754882, -2.0180898;
 0.30506539, -0.9009757, 0.30850908, -0.97173274;
 0, 0, 0, 1]
Ow:
[-0.013888747;
 -0.30743873;
 2.2656541]
Keyframe: 79 Frame: 500 Frame from vFrameID : 501
Tcw:
[0.94975758, 0.052142907, 0.30861247, -0.006509006;
 0.26974863, 0.36369979, -0.89160424, -0.3082912;
 -0.15873311, 0.93005568, 0.33136114, 2.2659304;
 0, 0, 0, 1]
Twc:
[0.94975758, 0.26974863, -0.15873311, 0.44902131;
 0.052142907, 0.36369979, 0.93005568, -1.9949766;
 0.30861247, -0.89160424, 0.33136114, -1.0237063;
 0, 0, 0, 1]
Ow:
[-0.006509006;
 -0.3082912;
 2.2659304]
Keyframe: 80 Frame: 507 Frame from vFrameID : 508
Tcw:
[0.9410305, 0.070106283, 0.33097839, -0.0072354376;
 0.27854043, 0.39474362, -0.87555277, -0.30441099;
 -0.19203337, 0.91611278, 0.35193837, 2.2671697;
 0, 0, 0, 1]
Twc:
[0.9410305, 0.27854043, -0.19203337, 0.52697176;
 0.070106283, 0.39474362, 0.91611278, -1.9563115;
 0.33097839, -0.87555277, 0.35193837, -1.0620371;
 0, 0, 0, 1]
Ow:
[-0.0072354376;
 -0.30441099;
 2.2671697]
Keyframe: 81 Frame: 514 Frame from vFrameID : 515
Tcw:
[0.93081176, 0.10212166, 0.35094249, 0.008623302;
 0.28949198, 0.38016009, -0.87844902, -0.31284833;
 -0.22312301, 0.91926575, 0.32429406, 2.3048501;
 0, 0, 0, 1]
Twc:
[0.93081176, 0.28949198, -0.22312301, 0.59680545;
 0.10212166, 0.38016009, 0.91926575, -2.0007179;
 0.35094249, -0.87844902, 0.32429406, -1.0252969;
 0, 0, 0, 1]
Ow:
[0.008623302;
 -0.31284833;
 2.3048501]
Keyframe: 82 Frame: 521 Frame from vFrameID : 522
Tcw:
[0.91774648, 0.11073932, 0.38141605, 0.0088423491;
 0.30796087, 0.40801933, -0.85946512, -0.30592972;
 -0.25080171, 0.9062323, 0.34035495, 2.332598;
 0, 0, 0, 1]
Twc:
[0.91774648, 0.30796087, -0.25080171, 0.67111892;
 0.11073932, 0.40801933, 0.9062323, -1.9900296;
 0.38141605, -0.85946512, 0.34035495, -1.0602198;
 0, 0, 0, 1]
Ow:
[0.0088423491;
 -0.30592972;
 2.332598]
Keyframe: 83 Frame: 529 Frame from vFrameID : 530
Tcw:
[0.93120384, 0.12002399, 0.34417099, 0.05426088;
 0.27384183, 0.39280641, -0.87790304, -0.36014855;
 -0.24056199, 0.91175508, 0.33291525, 2.3719671;
 0, 0, 0, 1]
Twc:
[0.93120384, 0.27384183, -0.24056199, 0.61870098;
 0.12002399, 0.39280641, 0.91175508, -2.0276971;
 0.34417099, -0.87790304, 0.33291525, -1.1245146;
 0, 0, 0, 1]
Ow:
[0.05426088;
 -0.36014855;
 2.3719671]
Keyframe: 84 Frame: 536 Frame from vFrameID : 537
Tcw:
[0.94618666, 0.09286797, 0.31001019, 0.087242246;
 0.25193682, 0.38987729, -0.88573337, -0.38078707;
 -0.20312218, 0.91617209, 0.34549981, 2.4431102;
 0, 0, 0, 1]
Twc:
[0.94618666, 0.25193682, -0.20312218, 0.50963676;
 0.09286797, 0.38987729, 0.91617209, -2.0979512;
 0.31001019, -0.88573337, 0.34549981, -1.208416;
 0, 0, 0, 1]
Ow:
[0.087242246;
 -0.38078707;
 2.4431102]
Keyframe: 85 Frame: 543 Frame from vFrameID : 544
Tcw:
[0.95167714, 0.085726686, 0.29489234, 0.10500202;
 0.23995411, 0.39170447, -0.88825089, -0.39668292;
 -0.19165745, 0.9160887, 0.35220572, 2.4502585;
 0, 0, 0, 1]
Twc:
[0.95167714, 0.23995411, -0.19165745, 0.46486801;
 0.085726686, 0.39170447, 0.9160887, -2.0982733;
 0.29489234, -0.88825089, 0.35220572, -1.2463135;
 0, 0, 0, 1]
Ow:
[0.10500202;
 -0.39668292;
 2.4502585]
Keyframe: 86 Frame: 551 Frame from vFrameID : 552
Tcw:
[0.94310588, 0.0758164, 0.32373327, -0.004112184;
 0.27905554, 0.34888208, -0.89465594, -0.33168626;
 -0.18077433, 0.93409485, 0.30787572, 2.5160363;
 0, 0, 0, 1]
Twc:
[0.94310588, 0.27905554, -0.18077433, 0.55127186;
 0.0758164, 0.34888208, 0.93409485, -2.2341852;
 0.32373327, -0.89465594, 0.30787572, -1.0700403;
 0, 0, 0, 1]
Ow:
[-0.004112184;
 -0.33168626;
 2.5160363]
Keyframe: 87 Frame: 559 Frame from vFrameID : 560
Tcw:
[0.93115717, 0.075940244, 0.35662222, -0.062521756;
 0.30584642, 0.36980513, -0.87732673, -0.26479077;
 -0.19850512, 0.92600065, 0.32112062, 2.560729;
 0, 0, 0, 1]
Twc:
[0.93115717, 0.30584642, -0.19850512, 0.64752072;
 0.075940244, 0.36980513, 0.92600065, -2.2685678;
 0.35662222, -0.87732673, 0.32112062, -1.0323142;
 0, 0, 0, 1]
Ow:
[-0.062521756;
 -0.26479077;
 2.560729]
Keyframe: 88 Frame: 566 Frame from vFrameID : 567
Tcw:
[0.93367887, 0.047990162, 0.35488132, -0.11959964;
 0.31354636, 0.36920956, -0.874856, -0.22970104;
 -0.17301005, 0.92810625, 0.32967603, 2.6571023;
 0, 0, 0, 1]
Twc:
[0.93367887, 0.31354636, -0.17301005, 0.64339501;
 0.047990162, 0.36920956, 0.92810625, -2.375526;
 0.35488132, -0.874856, 0.32967603, -1.0344946;
 0, 0, 0, 1]
Ow:
[-0.11959964;
 -0.22970104;
 2.6571023]
Keyframe: 89 Frame: 572 Frame from vFrameID : 573
Tcw:
[0.942285, 0.0217444, 0.33410507, -0.12386921;
 0.29945526, 0.39159259, -0.87004703, -0.31087732;
 -0.14975172, 0.91988176, 0.36248034, 2.6610603;
 0, 0, 0, 1]
Twc:
[0.942285, 0.29945526, -0.14975172, 0.60831231;
 0.0217444, 0.39159259, 0.91988176, -2.3234301;
 0.33410507, -0.87004703, 0.36248034, -1.1936746;
 0, 0, 0, 1]
Ow:
[-0.12386921;
 -0.31087732;
 2.6610603]
Keyframe: 90 Frame: 576 Frame from vFrameID : 577
Tcw:
[0.96106935, 0.031339947, 0.27452409, -0.076820314;
 0.23696226, 0.41750482, -0.87723351, -0.2801463;
 -0.14210759, 0.9081341, 0.3938247, 2.6583738;
 0, 0, 0, 1]
Twc:
[0.96106935, 0.23696226, -0.14210759, 0.5179888;
 0.031339947, 0.41750482, 0.9081341, -2.2947898;
 0.27452409, -0.87723351, 0.3938247, -1.2715979;
 0, 0, 0, 1]
Ow:
[-0.076820314;
 -0.2801463;
 2.6583738]
Keyframe: 91 Frame: 581 Frame from vFrameID : 582
Tcw:
[0.94822252, 0.045920618, 0.31426963, -0.082741141;
 0.26735774, 0.4187291, -0.86786276, -0.28478324;
 -0.17144662, 0.9069494, 0.38477111, 2.6689637;
 0, 0, 0, 1]
Twc:
[0.94822252, 0.26735774, -0.17144662, 0.61218083;
 0.045920618, 0.4187291, 0.9069494, -2.2975686;
 0.31426963, -0.86786276, 0.38477111, -1.2480899;
 0, 0, 0, 1]
Ow:
[-0.082741141;
 -0.28478324;
 2.6689637]
Keyframe: 92 Frame: 586 Frame from vFrameID : 587
Tcw:
[0.9417119, 0.072111852, 0.32860085, -0.072483271;
 0.27085543, 0.41682258, -0.86769599, -0.28928202;
 -0.19953942, 0.90612298, 0.3729949, 2.6670263;
 0, 0, 0, 1]
Twc:
