Keyframe: 0 Frame: 0 Frame from vFrameID : 96
Tcw:
[1, 0, 0, 0;
 0, 1, 0, 0;
 0, 0, 1, 0;
 0, 0, 0, 1]
Twc:
[1, 0, 0, 0;
 0, 1, 0, 0;
 0, 0, 1, 0;
 0, 0, 0, 1]
Ow:
[0;
 0;
 0]
Keyframe: 1 Frame: 95 Frame from vFrameID : 96
Tcw:
[0.99660426, -0.039464664, -0.072266474, -0.014330729;
 0.041201312, 0.99889296, 0.022699695, 0.0069312663;
 0.071290635, -0.025600087, 0.997127, 0.0046949415;
 0, 0, 0, 1]
Twc:
[0.99660426, 0.041201312, 0.071290635, 0.013661783;
 -0.039464664, 0.99889296, -0.025600087, -0.00736896;
 -0.072266474, 0.022699695, 0.997127, -0.0058744219;
 0, 0, 0, 1]
Ow:
[-0.014330729;
 0.0069312663;
 0.0046949415]
Keyframe: 2 Frame: 97 Frame from vFrameID : 98
Tcw:
[0.99614149, -0.047576405, -0.073746659, -0.013421654;
 0.049465951, 0.99848717, 0.024009984, 0.007990174;
 0.072492786, -0.027565291, 0.99698794, 0.0062830774;
 0, 0, 0, 1]
Twc:
[0.99614149, 0.049465951, 0.072492786, 0.012519146;
 -0.047576405, 0.99848717, -0.027565291, -0.008443445;
 -0.073746659, 0.024009984, 0.99698794, -0.0074457983;
 0, 0, 0, 1]
Ow:
[-0.013421654;
 0.007990174;
 0.0062830774]
Keyframe: 3 Frame: 99 Frame from vFrameID : 100
Tcw:
[0.99678838, -0.044314023, -0.066701956, -0.012668001;
 0.046125468, 0.99860072, 0.025866026, 0.0089221429;
 0.065462396, -0.028859613, 0.9974376, 0.010133293;
 0, 0, 0, 1]
Twc:
[0.99678838, 0.046125468, 0.065462396, 0.011552429;
 -0.044314023, 0.99860072, -0.028859613, -0.0091785844;
 -0.066701956, 0.025866026, 0.9974376, -0.01118309;
 0, 0, 0, 1]
Ow:
[-0.012668001;
 0.0089221429;
 0.010133293]
Keyframe: 4 Frame: 100 Frame from vFrameID : 101
Tcw:
[0.99679136, -0.044299785, -0.066667408, -0.012631346;
 0.046112183, 0.99860054, 0.025896287, 0.0089183934;
 0.065426908, -0.028887374, 0.99743915, 0.010162519;
 0, 0, 0, 1]
Twc:
[0.99679136, 0.046112183, 0.065426908, 0.011514666;
 -0.044299785, 0.99860054, -0.028887374, -0.0091719097;
 -0.066667408, 0.025896287, 0.99743915, -0.011209547;
 0, 0, 0, 1]
Ow:
[-0.012631346;
 0.0089183934;
 0.010162519]
Keyframe: 5 Frame: 101 Frame from vFrameID : 102
Tcw:
[0.99697387, -0.043744836, -0.064261489, -0.012136773;
 0.045587201, 0.99858212, 0.027488289, 0.0092205731;
 0.062967904, -0.030334607, 0.99755442, 0.011354132;
 0, 0, 0, 1]
Twc:
[0.99697387, 0.045587201, 0.062967904, 0.01096476;
 -0.043744836, 0.99858212, -0.030334607, -0.0093939975;
 -0.064261489, 0.027488289, 0.99755442, -0.01235975;
 0, 0, 0, 1]
Ow:
[-0.012136773;
 0.0092205731;
 0.011354132]
Keyframe: 6 Frame: 102 Frame from vFrameID : 103
Tcw:
[0.99719512, -0.042188127, -0.061822761, -0.011164706;
 0.043990206, 0.99863714, 0.028083313, 0.0095862066;
 0.060553726, -0.030724138, 0.99769199, 0.013810938;
 0, 0, 0, 1]
Twc:
[0.99719512, 0.043990206, 0.060553726, 0.0098753879;
 -0.042188127, 0.99863714, -0.030724138, -0.0096198311;
 -0.061822761, 0.028083313, 0.99769199, -0.014738508;
 0, 0, 0, 1]
Ow:
[-0.011164706;
 0.0095862066;
 0.013810938]
Keyframe: 7 Frame: 104 Frame from vFrameID : 105
Tcw:
[0.9981612, -0.029963292, -0.052691557, -0.0087439641;
 0.031449158, 0.99912423, 0.02759986, 0.010307999;
 0.051818427, -0.029206214, 0.99822938, 0.020045402;
 0, 0, 0, 1]
Twc:
[0.9981612, 0.031449158, 0.051818427, 0.0073649865;
 -0.029963292, 0.99912423, -0.029206214, -0.00997552;
 -0.052691557, 0.02759986, 0.99822938, -0.02075514;
 0, 0, 0, 1]
Ow:
[-0.0087439641;
 0.010307999;
 0.020045402]
Keyframe: 8 Frame: 106 Frame from vFrameID : 107
Tcw:
[0.99855757, -0.024682175, -0.047681518, -0.0085922014;
 0.026003113, 0.99928945, 0.027284527, 0.0099962438;
 0.046974197, -0.028485039, 0.99848986, 0.022735421;
 0, 0, 0, 1]
Twc:
[0.99855757, 0.026003113, 0.046974197, 0.0072518964;
 -0.024682175, 0.99928945, -0.028485039, -0.0095535964;
 -0.047681518, 0.027284527, 0.99848986, -0.023383519;
 0, 0, 0, 1]
Ow:
[-0.0085922014;
 0.0099962438;
 0.022735421]
Keyframe: 9 Frame: 109 Frame from vFrameID : 110
Tcw:
[0.99932402, -0.0038716986, -0.036559019, -0.0075155906;
 0.0049384125, 0.99956334, 0.02913278, 0.0095159421;
 0.036430262, -0.029293628, 0.99890679, 0.029776162;
 0, 0, 0, 1]
Twc:
[0.99932402, 0.0049384125, 0.036430262, 0.0063787629;
 -0.0038716986, 0.99956334, -0.029293628, -0.0086686332;
 -0.036559019, 0.02913278, 0.99890679, -0.030295597;
 0, 0, 0, 1]
Ow:
[-0.0075155906;
 0.0095159421;
 0.029776162]
Keyframe: 10 Frame: 112 Frame from vFrameID : 113
Tcw:
[0.99942774, -0.0015512673, -0.033789892, -0.0064210081;
 0.0027575719, 0.99935937, 0.035682868, 0.0093646189;
 0.03371289, -0.035755627, 0.99879175, 0.034909055;
 0, 0, 0, 1]
Twc:
[0.99942774, 0.0027575719, 0.03371289, 0.005214625;
 -0.0015512673, 0.99935937, -0.035755627, -0.008120385;
 -0.033789892, 0.035682868, 0.99879175, -0.035417996;
 0, 0, 0, 1]
Ow:
[-0.0064210081;
 0.0093646189;
 0.034909055]
Keyframe: 11 Frame: 115 Frame from vFrameID : 116
Tcw:
[0.99975312, 0.0022437216, -0.022105122, -0.0063738339;
 -0.0013486593, 0.99918175, 0.040423177, 0.010072203;
 0.022177733, -0.040383384, 0.99893808, 0.039349381;
 0, 0, 0, 1]
Twc:
[0.99975312, -0.0013486593, 0.022177733, 0.0055131642;
 0.0022437216, 0.99918175, -0.040383384, -0.008460599;
 -0.022105122, 0.040423177, 0.99893808, -0.03985564;
 0, 0, 0, 1]
Ow:
[-0.0063738339;
 0.010072203;
 0.039349381]
Keyframe: 12 Frame: 118 Frame from vFrameID : 119
Tcw:
[0.99996734, -0.0079290709, 0.0015695021, -0.0027107892;
 0.0078530461, 0.9990167, 0.043634564, 0.011952713;
 -0.0019139403, -0.043620814, 0.99904633, 0.049534641;
 0, 0, 0, 1]
Twc:
[0.99996734, 0.0078530461, -0.0019139403, 0.0027116418;
 -0.0079290709, 0.9990167, -0.043620814, -0.0098017128;
 0.0015695021, 0.043634564, 0.99904633, -0.050004698;
 0, 0, 0, 1]
Ow:
[-0.0027107892;
 0.011952713;
 0.049534641]
Keyframe: 13 Frame: 122 Frame from vFrameID : 123
Tcw:
[0.99970478, -0.018178673, 0.016121589, 0.00015626161;
 0.017551759, 0.99911553, 0.038210668, 0.014168813;
 -0.01680195, -0.037916422, 0.99913967, 0.062390149;
 0, 0, 0, 1]
Twc:
[0.99970478, 0.017551759, -0.01680195, 0.00064337306;
 -0.018178673, 0.99911553, -0.037916422, -0.01178783;
 0.016121589, 0.038210668, 0.99913967, -0.062880389;
 0, 0, 0, 1]
Ow:
[0.00015626161;
 0.014168813;
 0.062390149]
Keyframe: 14 Frame: 125 Frame from vFrameID : 126
Tcw:
[0.99965644, -0.022966821, 0.012628403, -0.00095832261;
 0.022815274, 0.99966747, 0.012016278, 0.014300319;
 -0.012900179, -0.01172403, 0.99984807, 0.068939425;
 0, 0, 0, 1]
Twc:
[0.99965644, 0.022815274, -0.012900179, 0.0015210586;
 -0.022966821, 0.99966747, -0.01172403, -0.013509327;
 0.012628403, 0.012016278, 0.99984807, -0.069088683;
 0, 0, 0, 1]
Ow:
[-0.00095832261;
 0.014300319;
 0.068939425]
Keyframe: 15 Frame: 128 Frame from vFrameID : 129
Tcw:
[0.99954152, -0.026523799, 0.014603383, -0.00056041067;
 0.026338192, 0.99957168, 0.012758758, 0.014027121;
 -0.014935538, -0.012368281, 0.99981195, 0.074145548;
 0, 0, 0, 1]
Twc:
[0.99954152, 0.026338192, -0.014935538, 0.0012981084;
 -0.026523799, 0.99957168, -0.012368281, -0.013118923;
 0.014603383, 0.012758758, 0.99981195, -0.07430239;
 0, 0, 0, 1]
Ow:
[-0.00056041067;
 0.014027121;
 0.074145548]
Keyframe: 16 Frame: 131 Frame from vFrameID : 132
Tcw:
[0.99945754, -0.032435305, 0.0057031848, 0.0018636684;
 0.03232564, 0.99930853, 0.018371243, 0.015156436;
 -0.006295118, -0.018176919, 0.99981499, 0.082417414;
 0, 0, 0, 1]
Twc:
[0.99945754, 0.03232564, -0.006295118, -0.0018337717;
 -0.032435305, 0.99930853, -0.018176919, -0.013587412;
 0.0057031848, 0.018371243, 0.99981499, -0.08269123;
 0, 0, 0, 1]
Ow:
[0.0018636684;
 0.015156436;
 0.082417414]
Keyframe: 17 Frame: 134 Frame from vFrameID : 135
Tcw:
[0.99966568, -0.025682252, -0.002988664, 0.0029440168;
 0.025738725, 0.9994542, 0.02070716, 0.016520781;
 0.0024552261, -0.020777162, 0.99978113, 0.08932931;
 0, 0, 0, 1]
Twc:
[0.99966568, 0.025738725, 0.0024552261, -0.0035875801;
 -0.025682252, 0.9994542, -0.020777162, -0.014580147;
 -0.002988664, 0.02070716, 0.99978113, -0.089643054;
 0, 0, 0, 1]
Ow:
[0.0029440168;
 0.016520781;
 0.08932931]
Keyframe: 18 Frame: 138 Frame from vFrameID : 139
Tcw:
[0.99922657, -0.027766826, -0.027843762, 0.0086205546;
 0.028054388, 0.99955648, 0.0099907303, 0.018420108;
 0.027554002, -0.010764142, 0.99956238, 0.099845335;
 0, 0, 0, 1]
Twc:
[0.99922657, 0.028054388, 0.027554002, -0.01188179;
 -0.027766826, 0.99955648, -0.010764142, -0.017097821;
 -0.027843762, 0.0099907303, 0.99956238, -0.099745639;
 0, 0, 0, 1]
Ow:
[0.0086205546;
 0.018420108;
 0.099845335]
Keyframe: 19 Frame: 141 Frame from vFrameID : 142
Tcw:
[0.99900794, -0.022673948, -0.038327701, 0.010653004;
 0.022898734, 0.99972302, 0.0054360069, 0.018037448;
 0.038193829, -0.0063082702, 0.99925041, 0.10310639;
 0, 0, 0, 1]
Twc:
[0.99900794, 0.022898734, 0.038193829, -0.014993499;
 -0.022673948, 0.99972302, -0.0063082702, -0.017140483;
 -0.038327701, 0.0054360069, 0.99925041, -0.10271886;
 0, 0, 0, 1]
Ow:
[0.010653004;
 0.018037448;
 0.10310639]
Keyframe: 20 Frame: 145 Frame from vFrameID : 146
Tcw:
[0.99848765, -0.018229874, -0.051865894, 0.011901245;
 0.018716104, 0.99978518, 0.0089045232, 0.017596168;
 0.051692426, -0.0098617841, 0.99861437, 0.10905895;
 0, 0, 0, 1]
Twc:
[0.99848765, 0.018716104, 0.051692426, -0.017850099;
 -0.018229874, 0.99978518, -0.0098617841, -0.016299915;
 -0.051865894, 0.0089045232, 0.99861437, -0.10844725;
 0, 0, 0, 1]
Ow:
[0.011901245;
 0.017596168;
 0.10905895]
Keyframe: 21 Frame: 149 Frame from vFrameID : 150
Tcw:
[0.99760026, -0.025959123, -0.064185739, 0.014110569;
 0.026261572, 0.99964762, 0.003872748, 0.019132698;
 0.064062588, -0.0055490728, 0.99793047, 0.11693909;
 0, 0, 0, 1]
Twc:
[0.99760026, 0.026261572, 0.064062588, -0.022070583;
 -0.025959123, 0.99964762, -0.0055490728, -0.018110752;
 -0.064185739, 0.003872748, 0.99793047, -0.11586548;
 0, 0, 0, 1]
Ow:
[0.014110569;
 0.019132698;
 0.11693909]
Keyframe: 22 Frame: 153 Frame from vFrameID : 154
Tcw:
[0.99901384, -0.033946883, -0.028616818, 0.014946784;
 0.033826083, 0.99941671, -0.0046950821, 0.021052103;
 0.028759509, 0.0037224572, 0.99957943, 0.12797023;
 0, 0, 0, 1]
Twc:
[0.99901384, 0.033826083, 0.028759509, -0.019324515;
 -0.033946883, 0.99941671, 0.0037224572, -0.021008791;
 -0.028616818, -0.0046950821, 0.99957943, -0.12738983;
 0, 0, 0, 1]
Ow:
[0.014946784;
 0.021052103;
 0.12797023]
Keyframe: 23 Frame: 157 Frame from vFrameID : 158
Tcw:
[0.99910104, -0.034606636, -0.024483757, 0.014095562;
 0.034516957, 0.99939579, -0.0040761316, 0.024017762;
 0.024610024, 0.0032273626, 0.9996919, 0.1389225;
 0, 0, 0, 1]
Twc:
[0.99910104, 0.034516957, 0.024610024, -0.018330798;
 -0.034606636, 0.99939579, 0.0032273626, -0.023963803;
 -0.024483757, -0.0040761316, 0.9996919, -0.13843669;
 0, 0, 0, 1]
Ow:
[0.014095562;
 0.024017762;
 0.1389225]
Keyframe: 24 Frame: 161 Frame from vFrameID : 162
Tcw:
[0.99917006, -0.039829928, -0.008533014, 0.018433701;
 0.039899092, 0.9991709, 0.0080946134, 0.025263146;
 0.0082035316, -0.0084283547, 0.99993086, 0.14811371;
 0, 0, 0, 1]
Twc:
[0.99917006, 0.039899092, 0.0082035316, -0.020641433;
 -0.039829928, 0.9991709, -0.0084283547, -0.023259632;
 -0.008533014, 0.0080946134, 0.99993086, -0.14815065;
 0, 0, 0, 1]
Ow:
[0.018433701;
 0.025263146;
 0.14811371]
Keyframe: 25 Frame: 165 Frame from vFrameID : 166
Tcw:
[0.99891233, -0.04465498, -0.013418118, 0.023521677;
 0.044897702, 0.99882269, 0.01836779, 0.028305223;
 0.012582108, -0.018950256, 0.99974126, 0.15970331;
 0, 0, 0, 1]
Twc:
[0.99891233, 0.044897702, 0.012582108, -0.026776338;
 -0.04465498, 0.99882269, -0.018950256, -0.024195122;
 -0.013418118, 0.01836779, 0.99974126, -0.15986629;
 0, 0, 0, 1]
Ow:
[0.023521677;
 0.028305223;
 0.15970331]
Keyframe: 26 Frame: 169 Frame from vFrameID : 170
Tcw:
[0.99929291, -0.036619399, -0.0085246107, 0.028808668;
 0.036700353, 0.99928075, 0.0095419372, 0.030545661;
 0.0081690587, -0.0098480461, 0.99991816, 0.17246871;
 0, 0, 0, 1]
Twc:
[0.99929291, 0.036700353, 0.0081690587, -0.03131824;
 -0.036619399, 0.99928075, -0.0098480461, -0.027770257;
 -0.0085246107, 0.0095419372, 0.99991816, -0.17250046;
 0, 0, 0, 1]
Ow:
[0.028808668;
 0.030545661;
 0.17246871]
Keyframe: 27 Frame: 173 Frame from vFrameID : 174
Tcw:
[0.99961782, -0.023347439, -0.014804139, 0.035406563;
 0.023408294, 0.99971819, 0.0039508082, 0.028263792;
 0.014707725, -0.0042958381, 0.99988258, 0.18393658;
 0, 0, 0, 1]
Twc:
[0.99961782, 0.023408294, 0.014707725, -0.038759924;
 -0.023347439, 0.99971819, -0.0042958381, -0.026639013;
 -0.014804139, 0.0039508082, 0.99988258, -0.1835025;
 0, 0, 0, 1]
Ow:
[0.035406563;
 0.028263792;
 0.18393658]
Keyframe: 28 Frame: 178 Frame from vFrameID : 179
Tcw:
[0.99904639, -0.012057384, -0.041963503, 0.03982091;
 0.011814347, 0.99991202, -0.0060348287, 0.023762509;
 0.042032573, 0.0055333027, 0.99910092, 0.19570284;
 0, 0, 0, 1]
Twc:
[0.99904639, 0.011814347, 0.042032573, -0.048289567;
 -0.012057384, 0.99991202, 0.0055333027, -0.024363166;
 -0.041963503, -0.0060348287, 0.99910092, -0.19371246;
 0, 0, 0, 1]
Ow:
[0.03982091;
 0.023762509;
 0.19570284]
Keyframe: 29 Frame: 183 Frame from vFrameID : 184
Tcw:
[0.99781466, -0.018764181, -0.063354373, 0.043373078;
 0.018248655, 0.99979556, -0.0087060938, 0.022850705;
 0.063504785, 0.0075309365, 0.99795312, 0.20619588;
 0, 0, 0, 1]
Twc:
[0.99781466, 0.018248655, 0.063504785, -0.056789715;
 -0.018764181, 0.99979556, 0.0075309365, -0.023585021;
 -0.063354373, -0.0087060938, 0.99795312, -0.20282701;
 0, 0, 0, 1]
Ow:
[0.043373078;
 0.022850705;
 0.20619588]
Keyframe: 30 Frame: 188 Frame from vFrameID : 189
Tcw:
[0.99770349, -0.028535698, -0.061428845, 0.044801027;
 0.027464932, 0.99945694, -0.01820552, 0.023707893;
 0.061914995, 0.01647657, 0.99794543, 0.21778908;
 0, 0, 0, 1]
Twc:
[0.99770349, 0.027464932, 0.061914995, -0.058833685;
 -0.028535698, 0.99945694, 0.01647657, -0.026005009;
 -0.061428845, -0.01820552, 0.99794543, -0.21415792;
 0, 0, 0, 1]
Ow:
[0.044801027;
 0.023707893;
 0.21778908]
Keyframe: 31 Frame: 193 Frame from vFrameID : 194
Tcw:
[0.99815828, -0.033880584, -0.050320446, 0.044224974;
 0.03244324, 0.99904954, -0.029111246, 0.021168366;
 0.051258922, 0.027425073, 0.99830878, 0.23115207;
 0, 0, 0, 1]
Twc:
[0.99815828, 0.03244324, 0.051258922, -0.056678902;
 -0.033880584, 0.99904954, 0.027425073, -0.02598924;
 -0.050320446, -0.029111246, 0.99830878, -0.22791947;
 0, 0, 0, 1]
Ow:
[0.044224974;
 0.021168366;
 0.23115207]
Keyframe: 32 Frame: 198 Frame from vFrameID : 199
Tcw:
[0.99884582, -0.034720469, -0.03318863, 0.047644842;
 0.034385934, 0.99935246, -0.010598131, 0.021411207;
 0.033535112, 0.0094446773, 0.99939293, 0.24126491;
 0, 0, 0, 1]
Twc:
[0.99884582, 0.034385934, 0.033535112, -0.05641694;
 -0.034720469, 0.99935246, 0.0094446773, -0.022021759;
 -0.03318863, -0.010598131, 0.99939293, -0.23931025;
 0, 0, 0, 1]
Ow:
[0.047644842;
 0.021411207;
 0.24126491]
Keyframe: 33 Frame: 203 Frame from vFrameID : 204
Tcw:
[0.99729061, -0.04475249, -0.058383729, 0.052523501;
 0.043362707, 0.99875009, -0.024858506, 0.023517145;
 0.059423234, 0.022259478, 0.99798465, 0.25022614;
 0, 0, 0, 1]
Twc:
[0.99729061, 0.043362707, 0.059423234, -0.068270206;
 -0.04475249, 0.99875009, 0.022259478, -0.026707098;
 -0.058383729, -0.024858506, 0.99798465, -0.24607074;
 0, 0, 0, 1]
Ow:
[0.052523501;
 0.023517145;
 0.25022614]
Keyframe: 34 Frame: 208 Frame from vFrameID : 209
Tcw:
[0.99604261, -0.024623677, -0.08539813, 0.056817546;
 0.023934225, 0.99967223, -0.0090880198, 0.023227049;
 0.085593924, 0.0070081167, 0.99630547, 0.26078352;
 0, 0, 0, 1]
Twc:
[0.99604261, 0.023934225, 0.085593924, -0.079470105;
 -0.024623677, 0.99967223, 0.0070081167, -0.023647981;
 -0.08539813, -0.0090880198, 0.99630547, -0.25475687;
 0, 0, 0, 1]
Ow:
[0.056817546;
 0.023227049;
 0.26078352]
Keyframe: 35 Frame: 213 Frame from vFrameID : 214
Tcw:
[0.9924441, -0.034319315, -0.11780023, 0.058007933;
 0.032221232, 0.99928719, -0.019669581, 0.02277261;
 0.11839131, 0.01572529, 0.9928425, 0.27231193;
 0, 0, 0, 1]
Twc:
[0.9924441, 0.032221232, 0.11839131, -0.090542763;
 -0.034319315, 0.99928719, 0.01572529, -0.025047768;
 -0.11780023, -0.019669581, 0.9928425, -0.26308158;
 0, 0, 0, 1]
Ow:
[0.058007933;
 0.02277261;
 0.27231193]
Keyframe: 36 Frame: 219 Frame from vFrameID : 220
Tcw:
[0.99744564, -0.037395626, -0.060858279, 0.061898246;
 0.036669005, 0.99924272, -0.013013339, 0.029065557;
 0.061298836, 0.010748486, 0.9980616, 0.29229209;
 0, 0, 0, 1]
Twc:
[0.99744564, 0.036669005, 0.061298836, -0.080723107;
 -0.037395626, 0.99924272, 0.010748486, -0.029870519;
 -0.060858279, -0.013013339, 0.9980616, -0.28758025;
 0, 0, 0, 1]
Ow:
[0.061898246;
 0.029065557;
 0.29229209]
Keyframe: 37 Frame: 224 Frame from vFrameID : 225
Tcw:
[0.99800014, -0.051988285, -0.035957232, 0.064968489;
 0.052189048, 0.99862629, 0.0046668686, 0.030884175;
 0.035665214, -0.0065341094, 0.99934244, 0.30643907;
 0, 0, 0, 1]
Twc:
[0.99800014, 0.052189048, 0.035665214, -0.077379592;
 -0.051988285, 0.99862629, -0.0065341094, -0.025461843;
 -0.035957232, 0.0046668686, 0.99934244, -0.30404559;
 0, 0, 0, 1]
Ow:
[0.064968489;
 0.030884175;
 0.30643907]
Keyframe: 38 Frame: 229 Frame from vFrameID : 230
Tcw:
[0.99875104, -0.043370072, -0.024808055, 0.069947228;
 0.043154594, 0.99902642, -0.0091564031, 0.032514907;
 0.025181016, 0.008074386, 0.9996503, 0.31847727;
 0, 0, 0, 1]
Twc:
[0.99875104, 0.043154594, 0.025181016, -0.079282612;
 -0.043370072, 0.99902642, 0.008074386, -0.03202115;
 -0.024808055, -0.0091564031, 0.9996503, -0.31633294;
 0, 0, 0, 1]
Ow:
[0.069947228;
 0.032514907;
 0.31847727]
Keyframe: 39 Frame: 234 Frame from vFrameID : 235
Tcw:
[0.99723405, -0.049679697, -0.055282842, 0.076651804;
 0.047835521, 0.99826968, -0.034197282, 0.032745704;
 0.056886096, 0.03145821, 0.99788493, 0.3269743;
 0, 0, 0, 1]
Twc:
[0.99723405, 0.047835521, 0.056886096, -0.096606486;
 -0.049679697, 0.99826968, 0.03145821, -0.039167028;
 -0.055282842, -0.034197282, 0.99788493, -0.32092538;
 0, 0, 0, 1]
Ow:
[0.076651804;
 0.032745704;
 0.3269743]
Keyframe: 40 Frame: 239 Frame from vFrameID : 240
Tcw:
[0.99673522, -0.033108786, -0.073639482, 0.083291002;
 0.032249358, 0.99939752, -0.012829622, 0.03384845;
 0.074019887, 0.01041291, 0.9972024, 0.33792549;
 0, 0, 0, 1]
Twc:
[0.99673522, 0.032249358, 0.074019887, -0.10912386;
 -0.033108786, 0.99939752, 0.01041291, -0.034589183;
 -0.073639482, -0.012829622, 0.9972024, -0.33041233;
 0, 0, 0, 1]
Ow:
[0.083291002;
 0.03384845;
 0.33792549]
Keyframe: 41 Frame: 244 Frame from vFrameID : 245
Tcw:
[0.99786866, -0.02768155, -0.059092481, 0.084830642;
 0.027418917, 0.99961025, -0.0052507967, 0.035659313;
 0.059214801, 0.0036193533, 0.99823868, 0.35130283;
 0, 0, 0, 1]
Twc:
[0.99786866, 0.027418917, 0.059214801, -0.1064299;
 -0.02768155, 0.99961025, 0.0036193533, -0.034568664;
 -0.059092481, -0.0052507967, 0.99823868, -0.34548399;
 0, 0, 0, 1]
Ow:
[0.084830642;
 0.035659313;
 0.35130283]
Keyframe: 42 Frame: 249 Frame from vFrameID : 250
Tcw:
[0.99839574, -0.040258169, -0.039814342, 0.085521594;
 0.040171392, 0.99918836, -0.0029774585, 0.038957041;
 0.039901894, 0.0013732844, 0.99920267, 0.36584249;
 0, 0, 0, 1]
Twc:
[0.99839574, 0.040171392, 0.039901894, -0.10154716;
 -0.040258169, 0.99918836, 0.0013732844, -0.035984885;
 -0.039814342, -0.0029774585, 0.99920267, -0.36202982;
 0, 0, 0, 1]
Ow:
[0.085521594;
 0.038957041;
 0.36584249]
Keyframe: 43 Frame: 254 Frame from vFrameID : 255
Tcw:
[0.99870086, -0.050646108, -0.0056161382, 0.084664285;
 0.050603416, 0.99869066, -0.0074994694, 0.045947105;
 0.0059886035, 0.0072055305, 0.99995613, 0.37668046;
 0, 0, 0, 1]
Twc:
[0.99870086, 0.050603416, 0.0059886035, -0.08913517;
 -0.050646108, 0.99869066, 0.0072055305, -0.044313211;
 -0.0056161382, -0.0074994694, 0.99995613, -0.37584385;
 0, 0, 0, 1]
Ow:
[0.084664285;
 0.045947105;
 0.37668046]
Keyframe: 44 Frame: 259 Frame from vFrameID : 260
Tcw:
[0.99912643, -0.041723944, 0.0023438476, 0.088892527;
 0.041687086, 0.99903214, 0.014032723, 0.048851777;
 -0.0029270798, -0.013922757, 0.99989879, 0.39591303;
 0, 0, 0, 1]
Twc:
[0.99912643, 0.041687086, -0.0029270798, -0.089692488;
 -0.041723944, 0.99903214, -0.013922757, -0.039583351;
 0.0023438476, 0.014032723, 0.99989879, -0.39676681;
 0, 0, 0, 1]
Ow:
[0.088892527;
 0.048851777;
 0.39591303]
Keyframe: 45 Frame: 264 Frame from vFrameID : 265
Tcw:
[0.99820876, -0.044700164, -0.039764512, 0.092604682;
 0.044681031, 0.99900037, -0.0013702314, 0.05039921;
 0.039786011, -0.00040894237, 0.99920815, 0.41377828;
 0, 0, 0, 1]
Twc:
[0.99820876, 0.044681031, 0.039786011, -0.11115327;
 -0.044700164, 0.99900037, -0.00040894237, -0.046040174;
 -0.039764512, -0.0013702314, 0.99920815, -0.40969917;
 0, 0, 0, 1]
Ow:
[0.092604682;
 0.05039921;
 0.41377828]
Keyframe: 46 Frame: 269 Frame from vFrameID : 270
Tcw:
[0.99869776, -0.027810413, -0.04277166, 0.11050466;
 0.027104614, 0.99948812, -0.016993983, 0.053559132;
 0.043222375, 0.015812542, 0.99894035, 0.43289682;
 0, 0, 0, 1]
Twc:
[0.99869776, 0.027104614, 0.043222375, -0.13052328;
 -0.027810413, 0.99948812, 0.015812542, -0.057303738;
 -0.04277166, -0.016993983, 0.99894035, -0.42680144;
 0, 0, 0, 1]
Ow:
[0.11050466;
 0.053559132;
 0.43289682]
Keyframe: 47 Frame: 274 Frame from vFrameID : 275
Tcw:
[0.99721146, -0.032373246, -0.067240097, 0.10954186;
 0.031870961, 0.99945557, -0.0085296324, 0.055292815;
 0.067479625, 0.0063628405, 0.99770033, 0.44174799;
 0, 0, 0, 1]
Twc:
[0.99721146, 0.031870961, 0.067479625, -0.14080763;
 -0.032373246, 0.99945557, 0.0063628405, -0.05452726;
 -0.067240097, -0.0085296324, 0.99770033, -0.43289492;
 0, 0, 0, 1]
Ow:
[0.10954186;
 0.055292815;
 0.44174799]
Keyframe: 48 Frame: 279 Frame from vFrameID : 280
Tcw:
[0.99624467, -0.033532728, -0.079825789, 0.11178528;
 0.033924386, 0.99941808, 0.0035549132, 0.057673231;
 0.079660133, -0.0062496043, 0.99680251, 0.45360702;
 0, 0, 0, 1]
Twc:
[0.99624467, 0.033924386, 0.079660133, -0.1494564;
 -0.033532728, 0.99941808, -0.0062496043, -0.05105634;
 -0.079825789, 0.0035549132, 0.99680251, -0.44343826;
 0, 0, 0, 1]
Ow:
[0.11178528;
 0.057673231;
 0.45360702]
Keyframe: 49 Frame: 284 Frame from vFrameID : 285
Tcw:
[0.99794102, -0.040627729, -0.049630273, 0.10986449;
 0.040287334, 0.99915737, -0.0078402003, 0.060661111;
 0.049906984, 0.0058245859, 0.99873686, 0.46779767;
 0, 0, 0, 1]
Twc:
[0.99794102, 0.040287334, 0.049906984, -0.13542852;
 -0.040627729, 0.99915737, 0.0058245859, -0.05887118;
 -0.049630273, -0.0078402003, 0.99873686, -0.46127862;
 0, 0, 0, 1]
Ow:
[0.10986449;
 0.060661111;
 0.46779767]
Keyframe: 50 Frame: 289 Frame from vFrameID : 290
Tcw:
[0.99894893, -0.045804814, -0.0017329324, 0.10608377;
 0.045748558, 0.99865109, -0.024557808, 0.065723069;
 0.0028554606, 0.024452718, 0.99969691, 0.48348424;
 0, 0, 0, 1]
Twc:
[0.99894893, 0.045748558, 0.0028554606, -0.11035957;
 -0.045804814, 0.99865109, 0.024452718, -0.072597772;
 -0.0017329324, -0.024557808, 0.99969691, -0.48153985;
 0, 0, 0, 1]
Ow:
[0.10608377;
 0.065723069;
 0.48348424]
Keyframe: 51 Frame: 294 Frame from vFrameID : 295
Tcw:
[0.99844408, -0.054642167, -0.011117787, 0.10838489;
 0.054314256, 0.99813342, -0.027921466, 0.069895886;
 0.012622724, 0.027274169, 0.99954832, 0.49299705;
 0, 0, 0, 1]
Twc:
[0.99844408, 0.054314256, 0.012622724, -0.11823557;
 -0.054642167, 0.99813342, 0.027274169, -0.077289119;
 -0.011117787, -0.027921466, 0.99954832, -0.48961776;
 0, 0, 0, 1]
Ow:
[0.10838489;
 0.069895886;
 0.49299705]
Keyframe: 52 Frame: 299 Frame from vFrameID : 300
Tcw:
[0.99821013, -0.058156997, -0.013937147, 0.1117286;
 0.057900153, 0.99815696, -0.018173641, 0.072218947;
 0.014968385, 0.01733415, 0.99973768, 0.50637883;
 0, 0, 0, 1]
Twc:
[0.99821013, 0.057900153, 0.014968385, -0.12328979;
 -0.058156997, 0.99815696, 0.01733415, -0.07436569;
 -0.013937147, -0.018173641, 0.99973768, -0.50337636;
 0, 0, 0, 1]
Ow:
[0.1117286;
 0.072218947;
 0.50637883]
Keyframe: 53 Frame: 305 Frame from vFrameID : 306
Tcw:
[0.9983561, -0.04906527, -0.029624948, 0.12644555;
 0.048196197, 0.99840599, -0.029370207, 0.074682221;
 0.031018782, 0.027894117, 0.99912947, 0.52301496;
 0, 0, 0, 1]
Twc:
[0.9983561, 0.048196197, 0.031018782, -0.14606038;
 -0.04906527, 0.99840599, 0.027894117, -0.082948126;
 -0.029624948, -0.029370207, 0.99912947, -0.51662028;
 0, 0, 0, 1]
Ow:
[0.12644555;
 0.074682221;
 0.52301496]
Keyframe: 54 Frame: 309 Frame from vFrameID : 310
Tcw:
[0.99748486, -0.0451774, -0.054615878, 0.13196553;
 0.043190237, 0.99838024, -0.037033454, 0.077642284;
 0.056200489, 0.034581438, 0.99782044, 0.5335393;
 0, 0, 0, 1]
Twc:
[0.99748486, 0.043190237, 0.056200489, -0.16497219;
 -0.0451774, 0.99838024, 0.034581438, -0.090005226;
 -0.054615878, -0.037033454, 0.99782044, -0.52229369;
 0, 0, 0, 1]
Ow:
[0.13196553;
 0.077642284;
 0.5335393]
Keyframe: 55 Frame: 315 Frame from vFrameID : 316
Tcw:
[0.99833333, -0.04414124, -0.03717665, 0.13368227;
 0.043551482, 0.99891448, -0.016527299, 0.078399226;
 0.037865829, 0.014880655, 0.99917203, 0.54664785;
 0, 0, 0, 1]
Twc:
[0.99833333, 0.043551482, 0.037865829, -0.15757313;
 -0.04414124, 0.99891448, 0.014880655, -0.08054769;
 -0.03717665, -0.016527299, 0.99917203, -0.53992963;
 0, 0, 0, 1]
Ow:
[0.13368227;
 0.078399226;
 0.54664785]
Keyframe: 56 Frame: 321 Frame from vFrameID : 322
Tcw:
[0.99894512, -0.045282383, 0.0076253745, 0.1343499;
 0.045498442, 0.99848151, -0.031057445, 0.08129245;
 -0.00620744, 0.031371627, 0.99948853, 0.56371713;
 0, 0, 0, 1]
Twc:
[0.99894512, 0.045498442, -0.00620744, -0.13440761;
 -0.045282383, 0.99848151, 0.031371627, -0.09277004;
 0.0076253745, -0.031057445, 0.99948853, -0.56192851;
 0, 0, 0, 1]
Ow:
[0.1343499;
 0.08129245;
 0.56371713]
Keyframe: 57 Frame: 326 Frame from vFrameID : 327
Tcw:
[0.99803215, -0.052006606, 0.035030738, 0.13329649;
 0.052701849, 0.99842525, -0.019223975, 0.083819985;
 -0.033975799, 0.02103233, 0.9992013, 0.57805139;
 0, 0, 0, 1]
Twc:
[0.99803215, 0.052701849, -0.033975799, -0.11781189;
 -0.052006606, 0.99842525, 0.02103233, -0.088913463;
 0.035030738, -0.019223975, 0.9992013, -0.58064789;
 0, 0, 0, 1]
Ow:
[0.13329649;
 0.083819985;
 0.57805139]
Keyframe: 58 Frame: 331 Frame from vFrameID : 332
Tcw:
[0.99874085, -0.046608061, 0.0185591, 0.14061674;
 0.047023598, 0.99863762, -0.022621009, 0.085875392;
 -0.017479494, 0.02346524, 0.99957186, 0.58981752;
 0, 0, 0, 1]
Twc:
[0.99874085, 0.047023598, -0.017479494, -0.13416815;
 -0.046608061, 0.99863762, 0.02346524, -0.093044735;
 0.0185591, -0.022621009, 0.99957186, -0.59023213;
 0, 0, 0, 1]
Ow:
[0.14061674;
 0.085875392;
 0.58981752]
Keyframe: 59 Frame: 336 Frame from vFrameID : 337
Tcw:
[0.99956506, -0.02938618, -0.0024704996, 0.15016498;
 0.0292293, 0.99836266, -0.049170155, 0.08757247;
 0.0039113774, 0.049076557, 0.99878734, 0.60121065;
 0, 0, 0, 1]
Twc:
[0.99956506, 0.0292293, 0.0039113774, -0.15501091;
 -0.02938618, 0.99836266, 0.049076557, -0.11252166;
 -0.0024704996, -0.049170155, 0.99878734, -0.59580469;
 0, 0, 0, 1]
Ow:
[0.15016498;
 0.08757247;
 0.60121065]
Keyframe: 60 Frame: 341 Frame from vFrameID : 342
Tcw:
[0.99941641, -0.020136846, -0.027592998, 0.15700108;
 0.01929184, 0.99934691, -0.030555299, 0.082677409;
 0.028190264, 0.030005146, 0.99915212, 0.61076033;
 0, 0, 0, 1]
Twc:
[0.99941641, 0.01929184, 0.028190264, -0.17572194;
 -0.020136846, 0.99934691, 0.030005146, -0.097787857;
 -0.027592998, -0.030555299, 0.99915212, -0.60338414;
 0, 0, 0, 1]
Ow:
[0.15700108;
 0.082677409;
 0.61076033]
Keyframe: 61 Frame: 346 Frame from vFrameID : 347
Tcw:
[0.99975848, -0.019893054, -0.0093393577, 0.1553492;
 0.019694796, 0.99958837, -0.020860752, 0.084313273;
 0.0097504975, 0.020671777, 0.99973875, 0.6275025;
 0, 0, 0, 1]
Twc:
[0.99975848, 0.019694796, 0.0097504975, -0.16309066;
 -0.019893054, 0.99958837, 0.020671777, -0.094159797;
 -0.0093393577, -0.020860752, 0.99973875, -0.62412894;
 0, 0, 0, 1]
Ow:
[0.1553492;
 0.084313273;
 0.6275025]
Keyframe: 62 Frame: 351 Frame from vFrameID : 352
Tcw:
[0.99925882, -0.028464414, 0.025915256, 0.15309151;
 0.029122841, 0.99925321, -0.025394225, 0.087381244;
 -0.02517307, 0.026130131, 0.99934155, 0.64133102;
 0, 0, 0, 1]
Twc:
[0.99925882, 0.029122841, -0.02517307, -0.13937856;
 -0.028464414, 0.99925321, 0.026130131, -0.099716395;
 0.025915256, -0.025394225, 0.99934155, -0.64265716;
 0, 0, 0, 1]
Ow:
[0.15309151;
 0.087381244;
 0.64133102]
Keyframe: 63 Frame: 355 Frame from vFrameID : 356
Tcw:
[0.9980042, -0.043295879, 0.045968644, 0.15306029;
 0.044117786, 0.9988814, -0.017017877, 0.092646264;
 -0.045180418, 0.019011946, 0.99879789, 0.6453371;
 0, 0, 0, 1]
Twc:
[0.9980042, 0.044117786, -0.045180418, -0.12768556;
 -0.043295879, 0.9988814, 0.019011946, -0.098184861;
 0.045968644, -0.017017877, 0.99879789, -0.65002072;
 0, 0, 0, 1]
Ow:
[0.15306029;
 0.092646264;
 0.6453371]
Keyframe: 64 Frame: 360 Frame from vFrameID : 361
Tcw:
[0.997603, -0.048771199, 0.049087841, 0.15742387;
 0.049137283, 0.99877232, -0.0062780865, 0.094643839;
 -0.048721388, 0.0086750807, 0.99877471, 0.65597838;
 0, 0, 0, 1]
Twc:
[0.997603, 0.049137283, -0.048721388, -0.12973689;
 -0.048771199, 0.99877232, 0.0086750807, -0.092540555;
 0.049087841, -0.0062780865, 0.99877471, -0.66230804;
 0, 0, 0, 1]
Ow:
[0.15742387;
 0.094643839;
 0.65597838]
Keyframe: 65 Frame: 365 Frame from vFrameID : 366
Tcw:
[0.99821877, -0.041125234, 0.043219857, 0.1613251;
 0.041657668, 0.99906588, -0.011491232, 0.095156848;
 -0.042706903, 0.013271201, 0.99899948, 0.66862625;
 0, 0, 0, 1]
Twc:
[0.99821877, 0.041657668, -0.042706903, -0.13644679;
 -0.041125234, 0.99906588, 0.013271201, -0.0973069;
 0.043219857, -0.011491232, 0.99899948, -0.67383629;
 0, 0, 0, 1]
Ow:
[0.1613251;
 0.095156848;
 0.66862625]
Keyframe: 66 Frame: 370 Frame from vFrameID : 371
Tcw:
[0.99972063, -0.022878744, -0.0059360047, 0.16731912;
 0.022655455, 0.99912024, -0.035291329, 0.093879275;
 0.006738204, 0.035146989, 0.99935943, 0.67819637;
 0, 0, 0, 1]
Twc:
[0.99972063, 0.022655455, 0.006738204, -0.17396909;
 -0.022878744, 0.99912024, 0.035146989, -0.11380519;
 -0.0059360047, -0.035291329, 0.99935943, -0.67345566;
 0, 0, 0, 1]
Ow:
[0.16731912;
 0.093879275;
 0.67819637]
Keyframe: 67 Frame: 375 Frame from vFrameID : 376
Tcw:
[0.99938887, -0.023636958, -0.025751874, 0.1692955;
 0.023236549, 0.99960607, -0.015738593, 0.09426263;
 0.026113743, 0.015130591, 0.99954444, 0.68727195;
 0, 0, 0, 1]
Twc:
[0.99938887, 0.023236549, 0.026113743, -0.18932964;
 -0.023636958, 0.99960607, 0.015130591, -0.10062271;
 -0.025751874, -0.015738593, 0.99954444, -0.68111569;
 0, 0, 0, 1]
Ow:
[0.1692955;
 0.09426263;
 0.68727195]
Keyframe: 68 Frame: 380 Frame from vFrameID : 381
Tcw:
[0.99910533, -0.041823693, 0.0062711616, 0.16983809;
 0.041877832, 0.99908429, -0.0087660374, 0.097008362;
 -0.0058987909, 0.0090208175, 0.99994189, 0.69598633;
 0, 0, 0, 1]
Twc:
[0.99910533, 0.041877832, -0.0058987909, -0.16964315;
 -0.041823693, 0.99908429, 0.0090208175, -0.096094638;
 0.0062711616, -0.0087660374, 0.99994189, -0.69616061;
 0, 0, 0, 1]
Ow:
[0.16983809;
 0.097008362;
 0.69598633]
Keyframe: 69 Frame: 385 Frame from vFrameID : 386
Tcw:
[0.9976325, -0.060884759, 0.031975225, 0.16994947;
 0.061359748, 0.9980163, -0.014089004, 0.097917303;
 -0.031053988, 0.01601764, 0.99938935, 0.70175451;
 0, 0, 0, 1]
Twc:
[0.9976325, 0.061359748, -0.031053988, -0.15376304;
 -0.060884759, 0.9980163, 0.01601764, -0.098616175;
 0.031975225, -0.014089004, 0.99938935, -0.70538062;
 0, 0, 0, 1]
Ow:
[0.16994947;
 0.097917303;
 0.70175451]
Keyframe: 70 Frame: 390 Frame from vFrameID : 391
Tcw:
[0.99751055, -0.056221291, 0.042565592, 0.17394093;
 0.056634802, 0.99835819, -0.0085709849, 0.099380828;
 -0.042013835, 0.010960341, 0.99905694, 0.70873421;
 0, 0, 0, 1]
Twc:
[0.99751055, 0.056634802, -0.042013835, -0.1493597;
 -0.056221291, 0.99835819, 0.010960341, -0.097206444;
 0.042565592, -0.0085709849, 0.99905694, -0.71461791;
 0, 0, 0, 1]
Ow:
[0.17394093;
 0.099380828;
 0.70873421]
Keyframe: 71 Frame: 395 Frame from vFrameID : 396
Tcw:
[0.99899423, -0.044491708, 0.0055717193, 0.17674038;
 0.044495165, 0.99900949, -0.00049848476, 0.10033359;
 -0.0055440222, 0.00074589794, 0.99998432, 0.71385652;
 0, 0, 0, 1]
Twc:
[0.99899423, 0.044495165, -0.0055440222, -0.17706932;
 -0.044491708, 0.99900949, 0.00074589794, -0.092903189;
 0.0055717193, -0.00049848476, 0.99998432, -0.71478009;
 0, 0, 0, 1]
Ow:
[0.17674038;
 0.10033359;
 0.71385652]
Keyframe: 72 Frame: 400 Frame from vFrameID : 401
Tcw:
[0.99925178, -0.03697665, -0.011339073, 0.18150043;
 0.036948424, 0.99931353, -0.0026888798, 0.10239789;
 0.011430715, 0.0022679071, 0.99993211, 0.71945214;
 0, 0, 0, 1]
Twc:
[0.99925178, 0.036948424, 0.011430715, -0.19337194;
 -0.03697665, 0.99931353, 0.0022679071, -0.097247973;
 -0.011339073, -0.0026888798, 0.99993211, -0.71706992;
 0, 0, 0, 1]
Ow:
[0.18150043;
 0.10239789;
 0.71945214]
Keyframe: 73 Frame: 405 Frame from vFrameID : 406
Tcw:
[0.9988932, -0.043858495, -0.016994663, 0.18285568;
 0.0440313, 0.99898082, 0.0099309031, 0.10275457;
 0.016541788, -0.010668209, 0.99980628, 0.72660857;
 0, 0, 0, 1]
Twc:
[0.9988932, 0.0440313, 0.016541788, -0.19919713;
 -0.043858495, 0.99898082, -0.010668209, -0.086878456;
 -0.016994663, 0.0099309031, 0.99980628, -0.72438067;
 0, 0, 0, 1]
Ow:
[0.18285568;
 0.10275457;
 0.72660857]
Keyframe: 74 Frame: 410 Frame from vFrameID : 411
Tcw:
[0.99900758, -0.044502553, -0.0018414448, 0.18327992;
 0.044502083, 0.99900925, -0.00029603334, 0.10404132;
 0.0018527946, 0.00021379141, 0.99999827, 0.73460072;
 0, 0, 0, 1]
Twc:
[0.99900758, 0.044502083, 0.0018527946, -0.18908913;
 -0.044502553, 0.99900925, 0.00021379141, -0.095938869;
 -0.0018414448, -0.00029603334, 0.99999827, -0.73423111;
 0, 0, 0, 1]
Ow:
[0.18327992;
 0.10404132;
 0.73460072]
Keyframe: 75 Frame: 416 Frame from vFrameID : 417
Tcw:
[0.99869651, -0.044400711, 0.025177512, 0.1832239;
 0.045102835, 0.99858874, -0.02804058, 0.10628819;
 -0.023896959, 0.029139606, 0.99928963, 0.74356812;
 0, 0, 0, 1]
Twc:
[0.99869651, 0.045102835, -0.023896959, -0.17000996;
 -0.044400711, 0.99858874, 0.029139606, -0.1196702;
 0.025177512, -0.02804058, 0.99928963, -0.74467272;
 0, 0, 0, 1]
Ow:
[0.1832239;
 0.10628819;
 0.74356812]
Keyframe: 76 Frame: 421 Frame from vFrameID : 422
Tcw:
[0.99814963, -0.05385676, 0.028227741, 0.18401441;
 0.054021224, 0.99852681, -0.0050958679, 0.10692031;
 -0.027911708, 0.0066113356, 0.99958855, 0.74812651;
 0, 0, 0, 1]
Twc:
[0.99814963, 0.054021224, -0.027911708, -0.16856839;
 -0.05385676, 0.99852681, 0.0066113356, -0.10179848;
 0.028227741, -0.0050958679, 0.99958855, -0.75246811;
 0, 0, 0, 1]
Ow:
[0.18401441;
 0.10692031;
 0.74812651]
Keyframe: 77 Frame: 426 Frame from vFrameID : 427
Tcw:
[0.99897665, -0.042835798, 0.014518438, 0.18796009;
 0.042860664, 0.99908006, -0.0014057677, 0.10762553;
 -0.014444865, 0.0020265991, 0.99989361, 0.75607508;
 0, 0, 0, 1]
Twc:
[0.99897665, 0.042860664, -0.014444865, -0.18145923;
 -0.042835798, 0.99908006, 0.0020265991, -0.10100737;
 0.014518438, -0.0014057677, 0.99989361, -0.75857222;
 0, 0, 0, 1]
Ow:
[0.18796009;
 0.10762553;
 0.75607508]
Keyframe: 78 Frame: 432 Frame from vFrameID : 433
Tcw:
[0.99947619, -0.032345265, -0.001072333, 0.19074871;
 0.032339346, 0.99946374, -0.0051437835, 0.10894854;
 0.0012381349, 0.0051064105, 0.99998617, 0.76207817;
 0, 0, 0, 1]
Twc:
[0.99947619, 0.032339346, 0.0012381349, -0.19511567;
 -0.032345265, 0.99946374, 0.0051064105, -0.10661177;
 -0.001072333, -0.0051437835, 0.99998617, -0.76130271;
 0, 0, 0, 1]
Ow:
[0.19074871;
 0.10894854;
 0.76207817]
Keyframe: 79 Frame: 437 Frame from vFrameID : 438
Tcw:
[0.99912953, -0.036739048, -0.019757729, 0.1918796;
 0.036818366, 0.99931526, 0.0036657925, 0.11001226;
 0.019609522, -0.0043900488, 0.99979806, 0.76951498;
 0, 0, 0, 1]
Twc:
[0.99912953, 0.036818366, 0.019609522, -0.21085288;
 -0.036739048, 0.99931526, -0.0043900488, -0.099509247;
 -0.019757729, 0.0036657925, 0.99979806, -0.76597178;
 0, 0, 0, 1]
Ow:
[0.1918796;
 0.11001226;
 0.76951498]
Keyframe: 80 Frame: 442 Frame from vFrameID : 443
Tcw:
[0.99913573, -0.041546121, -0.0012841612, 0.19179407;
 0.041546449, 0.99913657, 0.00022999258, 0.11133654;
 0.0012734971, -0.00028314616, 0.99999917, 0.77583814;
 0, 0, 0, 1]
Twc:
[0.99913573, 0.041546449, 0.0012734971, -0.19724199;
 -0.041546121, 0.99913657, -0.00028314616, -0.10305243;
 -0.0012841612, 0.00022999258, 0.99999917, -0.77561677;
 0, 0, 0, 1]
Ow:
[0.19179407;
 0.11133654;
 0.77583814]
Keyframe: 81 Frame: 448 Frame from vFrameID : 449
Tcw:
[0.99878579, -0.043280263, 0.023532942, 0.19356149;
 0.043628372, 0.99894279, -0.014485705, 0.11252737;
 -0.022881119, 0.01549482, 0.99961811, 0.78147352;
 0, 0, 0, 1]
Twc:
[0.99878579, 0.043628372, -0.022881119, -0.18035486;
 -0.043280263, 0.99894279, 0.01549482, -0.11613981;
 0.023532942, -0.014485705, 0.99961811, -0.78410012;
 0, 0, 0, 1]
Ow:
[0.19356149;
 0.11252737;
 0.78147352]
Keyframe: 82 Frame: 454 Frame from vFrameID : 455
Tcw:
[0.99912596, -0.039089929, 0.014808374, 0.195105;
 0.039298754, 0.99912828, -0.014083426, 0.11369705;
 -0.014244946, 0.014653066, 0.99979115, 0.78971267;
 0, 0, 0, 1]
Twc:
[0.99912596, 0.039298754, -0.014244946, -0.18815321;
 -0.039089929, 0.99912828, 0.014653066, -0.11754301;
 0.014808374, -0.014083426, 0.99979115, -0.79083568;
 0, 0, 0, 1]
Ow:
[0.195105;
 0.11369705;
 0.78971267]
Keyframe: 83 Frame: 460 Frame from vFrameID : 461
Tcw:
[0.99954283, -0.030179182, 0.0018237307, 0.19928402;
 0.030198934, 0.9994719, -0.01199951, 0.11387752;
 -0.0014606322, 0.012049099, 0.99992633, 0.79466122;
 0, 0, 0, 1]
Twc:
[0.99954283, 0.030198934, -0.0014606322, -0.20147119;
 -0.030179182, 0.9994719, 0.012049099, -0.11737809;
 0.0018237307, -0.01199951, 0.99992633, -0.79359967;
 0, 0, 0, 1]
Ow:
[0.19928402;
 0.11387752;
 0.79466122]
Keyframe: 84 Frame: 465 Frame from vFrameID : 466
Tcw:
[0.99959511, -0.024473866, -0.014512676, 0.20093657;
 0.024285085, 0.99961996, -0.013044637, 0.11359908;
 0.014826413, 0.012686914, 0.99980956, 0.80150425;
 0, 0, 0, 1]
Twc:
[0.99959511, 0.024285085, 0.014826413, -0.2154974;
 -0.024473866, 0.99961996, 0.012686914, -0.11880684;
 -0.014512676, -0.013044637, 0.99980956, -0.79695368;
 0, 0, 0, 1]
Ow:
[0.20093657;
 0.11359908;
 0.80150425]
Keyframe: 85 Frame: 470 Frame from vFrameID : 471
Tcw:
[0.99956059, -0.02962603, 0.00096823188, 0.20157135;
 0.02963556, 0.99948806, -0.012057413, 0.11501605;
 -0.00061052287, 0.012080809, 0.99992687, 0.80709141;
 0, 0, 0, 1]
Twc:
[0.99956059, 0.02963556, -0.00061052287, -0.20439859;
 -0.02962603, 0.99948806, 0.012080809, -0.11873573;
 0.00096823188, -0.012057413, 0.99992687, -0.80584073;
 0, 0, 0, 1]
Ow:
[0.20157135;
 0.11501605;
 0.80709141]
Keyframe: 86 Frame: 476 Frame from vFrameID : 477
Tcw:
[0.99911863, -0.031106871, 0.028184019, 0.20180961;
 0.031769797, 0.99922156, -0.023387058, 0.11657105;
 -0.027434582, 0.024261845, 0.99932915, 0.81332958;
 0, 0, 0, 1]
Twc:
[0.99911863, 0.031769797, -0.027434582, -0.18302181;
 -0.031106871, 0.99922156, 0.024261845, -0.12993552;
 0.028184019, -0.023387058, 0.99932915, -0.81574547;
 0, 0, 0, 1]
Ow:
[0.20180961;
 0.11657105;
 0.81332958]
Keyframe: 87 Frame: 482 Frame from vFrameID : 483
Tcw:
[0.99724293, -0.041939806, 0.061217979, 0.20372029;
 0.042215183, 0.99910337, -0.0032113194, 0.11829499;
 -0.06102841, 0.0057867938, 0.99811924, 0.81873393;
 0, 0, 0, 1]
Twc:
[0.99724293, 0.042215183, -0.06102841, -0.15818642;
 -0.041939806, 0.99910337, 0.0057867938, -0.11438278;
 0.061217979, -0.0032113194, 0.99811924, -0.82928556;
 0, 0, 0, 1]
Ow:
[0.20372029;
 0.11829499;
 0.81873393]
Keyframe: 88 Frame: 487 Frame from vFrameID : 488
Tcw:
[0.99839991, -0.039928973, 0.040041804, 0.20458139;
 0.040572166, 0.99905825, -0.015380853, 0.11849444;
 -0.039389953, 0.016980825, 0.99907964, 0.82363182;
 0, 0, 0, 1]
Twc:
[0.99839991, 0.040572166, -0.039389953, -0.17661878;
 -0.039928973, 0.99905825, 0.016980825, -0.12420006;
 0.040041804, -0.015380853, 0.99907964, -0.829243;
 0, 0, 0, 1]
Ow:
[0.20458139;
 0.11849444;
 0.82363182]
Keyframe: 89 Frame: 493 Frame from vFrameID : 494
Tcw:
[0.99905133, -0.042847365, 0.007777933, 0.20588513;
 0.042884141, 0.99906933, -0.0046245297, 0.1189363;
 -0.0075725457, 0.0049536927, 0.99995905, 0.82816184;
 0, 0, 0, 1]
Twc:
