Keyframe: 0 Frame: 0 Frame from vFrameID : 62
Tcw:
[1, 0, 0, 0;
 0, 1, 0, 0;
 0, 0, 1, 0;
 0, 0, 0, 1]
Twc:
[1, 0, 0, 0;
 0, 1, 0, 0;
 0, 0, 1, 0;
 0, 0, 0, 1]
Ow:
[0;
 0;
 0]
Keyframe: 1 Frame: 61 Frame from vFrameID : 62
Tcw:
[0.99991256, -0.0053853816, -0.012077745, 0.033106565;
 0.0055662724, 0.99987209, 0.014993927, -0.0049608238;
 0.011995452, -0.015059845, 0.99981463, 0.064318396;
 0, 0, 0, 1]
Twc:
[0.99991256, 0.0055662724, 0.011995452, -0.033847582;
 -0.0053853816, 0.99987209, -0.015059845, 0.0061071059;
 -0.012077745, 0.014993927, 0.99981463, -0.063832238;
 0, 0, 0, 1]
Ow:
[0.033106565;
 -0.0049608238;
 0.064318396]
Keyframe: 2 Frame: 63 Frame from vFrameID : 64
Tcw:
[0.99972576, -0.0084514953, -0.021838769, 0.037018687;
 0.0087316185, 0.99988043, 0.012763535, -0.0070282384;
 0.021728287, -0.012950722, 0.99968004, 0.075867638;
 0, 0, 0, 1]
Twc:
[0.99972576, 0.0087316185, 0.021728287, -0.038595639;
 -0.0084514953, 0.99988043, -0.012950722, 0.0083228024;
 -0.021838769, 0.012763535, 0.99968004, -0.074945211;
 0, 0, 0, 1]
Ow:
[0.037018687;
 -0.0070282384;
 0.075867638]
Keyframe: 3 Frame: 65 Frame from vFrameID : 66
Tcw:
[0.99959058, -0.009961185, -0.026822057, 0.040383026;
 0.010271179, 0.99988174, 0.011444546, -0.0057572215;
 0.026704883, -0.011715355, 0.99957472, 0.084199473;
 0, 0, 0, 1]
Twc:
[0.99959058, 0.010271179, 0.026704883, -0.042555895;
 -0.009961185, 0.99988174, -0.011715355, 0.0071452302;
 -0.026822057, 0.011444546, 0.99957472, -0.083014615;
 0, 0, 0, 1]
Ow:
[0.040383026;
 -0.0057572215;
 0.084199473]
Keyframe: 4 Frame: 67 Frame from vFrameID : 68
Tcw:
[0.99953711, -0.01050374, -0.028552594, 0.043469086;
 0.011112022, 0.99971288, 0.021229388, -0.0048439172;
 0.028321408, -0.021536838, 0.99936682, 0.094456591;
 0, 0, 0, 1]
Twc:
[0.99953711, 0.011112022, 0.028321408, -0.046070285;
 -0.01050374, 0.99971288, -0.021536838, 0.0073334109;
 -0.028552594, 0.021229388, 0.99936682, -0.093052797;
 0, 0, 0, 1]
Ow:
[0.043469086;
 -0.0048439172;
 0.094456591]
Keyframe: 5 Frame: 69 Frame from vFrameID : 70
Tcw:
[0.99964976, -0.009810837, -0.024578257, 0.047004424;
 0.01047569, 0.99957865, 0.027069403, -0.0058765602;
 0.024302328, -0.027317395, 0.99933136, 0.10763582;
 0, 0, 0, 1]
Twc:
[0.99964976, 0.01047569, 0.024302328, -0.049542204;
 -0.009810837, 0.99957865, -0.027317395, 0.0092755668;
 -0.024578257, 0.027069403, 0.99933136, -0.10624948;
 0, 0, 0, 1]
Ow:
[0.047004424;
 -0.0058765602;
 0.10763582]
Keyframe: 6 Frame: 72 Frame from vFrameID : 73
Tcw:
[0.99980593, -0.010554505, -0.016633447, 0.049491722;
 0.010631705, 0.99993306, 0.0045597013, -0.0054435879;
 0.016584208, -0.0047356584, 0.99985129, 0.13078532;
 0, 0, 0, 1]
Twc:
[0.99980593, 0.010631705, 0.016584208, -0.051593218;
 -0.010554505, 0.99993306, -0.0047356584, 0.0065849391;
 -0.016633447, 0.0045597013, 0.99985129, -0.12991783;
 0, 0, 0, 1]
Ow:
[0.049491722;
 -0.0054435879;
 0.13078532]
Keyframe: 7 Frame: 75 Frame from vFrameID : 76
Tcw:
[0.99980646, -0.011969279, -0.015613967, 0.050202504;
 0.012097103, 0.9998939, 0.0081179133, -0.0064565148;
 0.015515144, -0.0083052265, 0.99984515, 0.14292961;
 0, 0, 0, 1]
Twc:
[0.99980646, 0.012097103, 0.015515144, -0.052332256;
 -0.011969279, 0.9998939, -0.0083052265, 0.0082437797;
 -0.015613967, 0.0081179133, 0.99984515, -0.1420712;
 0, 0, 0, 1]
Ow:
[0.050202504;
 -0.0064565148;
 0.14292961]
Keyframe: 8 Frame: 78 Frame from vFrameID : 79
Tcw:
[0.99969161, -0.024396619, -0.004638446, 0.054313879;
 0.024435768, 0.9996646, 0.0085796043, -0.010276366;
 0.0044275769, -0.0086903023, 0.99995244, 0.1622241;
 0, 0, 0, 1]
Twc:
[0.99969161, 0.024435768, 0.0044275769, -0.054764278;
 -0.024396619, 0.9996646, -0.0086903023, 0.01300777;
 -0.004638446, 0.0085796043, 0.99995244, -0.16187629;
 0, 0, 0, 1]
Ow:
[0.054313879;
 -0.010276366;
 0.1622241]
Keyframe: 9 Frame: 81 Frame from vFrameID : 82
Tcw:
[0.99931878, -0.03684143, 0.0021663683, 0.063177004;
 0.03684755, 0.99931681, -0.0028569503, -0.010551571;
 -0.0020596341, 0.0029348293, 0.99999356, 0.1834937;
 0, 0, 0, 1]
Twc:
[0.99931878, 0.03684755, -0.0020596341, -0.062367238;
 -0.03684143, 0.99931681, 0.0029348293, 0.01233337;
 0.0021663683, -0.0028569503, 0.99999356, -0.18365952;
 0, 0, 0, 1]
Ow:
[0.063177004;
 -0.010551571;
 0.1834937]
Keyframe: 10 Frame: 84 Frame from vFrameID : 85
Tcw:
[0.99926633, -0.03582, 0.013557122, 0.069169566;
 0.035722382, 0.99933451, 0.0073753265, -0.010523486;
 -0.013812284, -0.0068856226, 0.99988091, 0.20236479;
 0, 0, 0, 1]
Twc:
[0.99926633, 0.035722382, -0.013812284, -0.065947771;
 -0.03582, 0.99933451, -0.0068856226, 0.014387544;
 0.013557122, 0.0073753265, 0.99988091, -0.2032008;
 0, 0, 0, 1]
Ow:
[0.069169566;
 -0.010523486;
 0.20236479]
Keyframe: 11 Frame: 87 Frame from vFrameID : 88
Tcw:
[0.99943233, -0.033147622, 0.0060199322, 0.07995379;
 0.033100549, 0.99942189, 0.0077578998, -0.0097127743;
 -0.0062736082, -0.0075542331, 0.99995178, 0.22269887;
 0, 0, 0, 1]
Twc:
[0.99943233, 0.033100549, -0.0062736082, -0.078189775;
 -0.033147622, 0.99942189, -0.0075542331, 0.014039758;
 0.0060199322, 0.0077578998, 0.99995178, -0.22309411;
 0, 0, 0, 1]
Ow:
[0.07995379;
 -0.0097127743;
 0.22269887]
Keyframe: 12 Frame: 90 Frame from vFrameID : 91
Tcw:
[0.99964762, -0.02615381, -0.0045423047, 0.094949305;
 0.026177928, 0.99964309, 0.0053337729, -0.012952273;
 0.0044011846, -0.0054508015, 0.99997544, 0.24802721;
 0, 0, 0, 1]
Twc:
[0.99964762, 0.026177928, 0.0044011846, -0.095668398;
 -0.02615381, 0.99964309, -0.0054508015, 0.016782884;
 -0.0045423047, 0.0053337729, 0.99997544, -0.24752074;
 0, 0, 0, 1]
Ow:
[0.094949305;
 -0.012952273;
 0.24802721]
Keyframe: 13 Frame: 94 Frame from vFrameID : 95
Tcw:
[0.99981052, -0.01549655, -0.01178018, 0.10783754;
 0.015499473, 0.99987984, 0.00015683343, -0.01870654;
 0.011776335, -0.0003393903, 0.99993062, 0.27204138;
 0, 0, 0, 1]
Twc:
[0.99981052, 0.015499473, 0.011776335, -0.11073081;
 -0.01549655, 0.99987984, -0.0003393903, 0.02046773;
 -0.01178018, 0.00015683343, 0.99993062, -0.27074921;
 0, 0, 0, 1]
Ow:
[0.10783754;
 -0.01870654;
 0.27204138]
Keyframe: 14 Frame: 98 Frame from vFrameID : 99
Tcw:
[0.99979699, -0.01467508, -0.01380528, 0.12144187;
 0.014470704, 0.9997859, -0.014789389, -0.02149005;
 0.01401936, 0.014586615, 0.99979532, 0.29530573;
 0, 0, 0, 1]
Twc:
[0.99979699, 0.014470704, 0.01401936, -0.12524624;
 -0.01467508, 0.9997859, 0.014586615, 0.018960107;
 -0.01380528, -0.014789389, 0.99979532, -0.29388657;
 0, 0, 0, 1]
Ow:
[0.12144187;
 -0.02149005;
 0.29530573]
Keyframe: 15 Frame: 102 Frame from vFrameID : 103
Tcw:
[0.99971735, -0.02295688, 0.00618411, 0.12399492;
 0.023113791, 0.9993782, -0.026625179, -0.022907879;
 -0.0055690338, 0.026760591, 0.99962634, 0.31932354;
 0, 0, 0, 1]
Twc:
[0.99971735, 0.023113791, -0.0055690338, -0.12165205;
 -0.02295688, 0.9993782, 0.026760591, 0.017194886;
 0.00618411, -0.026625179, 0.99962634, -0.32058096;
 0, 0, 0, 1]
Ow:
[0.12399492;
 -0.022907879;
 0.31932354]
Keyframe: 16 Frame: 106 Frame from vFrameID : 107
Tcw:
[0.99896902, -0.036062036, 0.027575564, 0.12990512;
 0.036760982, 0.99900442, -0.025274124, -0.025428247;
 -0.026636673, 0.026261771, 0.99930018, 0.34603286;
 0, 0, 0, 1]
Twc:
[0.99896902, 0.036760982, -0.026636673, -0.11961927;
 -0.036062036, 0.99900442, 0.026261771, 0.021000139;
 0.027575564, -0.025274124, 0.99930018, -0.35001555;
 0, 0, 0, 1]
Ow:
[0.12990512;
 -0.025428247;
 0.34603286]
Keyframe: 17 Frame: 110 Frame from vFrameID : 111
Tcw:
[0.99825609, -0.055176962, 0.020981772, 0.13689171;
 0.055355534, 0.99843442, -0.0080269733, -0.023245761;
 -0.020506019, 0.0091744326, 0.99974763, 0.37208533;
 0, 0, 0, 1]
Twc:
[0.99825609, 0.055355534, -0.020506019, -0.12773623;
 -0.055176962, 0.99843442, 0.0091744326, 0.027348965;
 0.020981772, -0.0080269733, 0.99974763, -0.37505025;
 0, 0, 0, 1]
Ow:
[0.13689171;
 -0.023245761;
 0.37208533]
Keyframe: 18 Frame: 114 Frame from vFrameID : 115
Tcw:
[0.99858844, -0.050978515, 0.01491148, 0.14890629;
 0.05096557, 0.99869961, 0.0012471619, -0.021747772;
 -0.014955669, -0.00048542934, 0.99988806, 0.40567231;
 0, 0, 0, 1]
Twc:
[0.99858844, 0.05096557, -0.014955669, -0.1415206;
 -0.050978515, 0.99869961, -0.00048542934, 0.029507438;
 0.01491148, 0.0012471619, 0.99988806, -0.40782019;
 0, 0, 0, 1]
Ow:
[0.14890629;
 -0.021747772;
 0.40567231]
Keyframe: 19 Frame: 118 Frame from vFrameID : 119
Tcw:
[0.99912816, -0.041272528, 0.0062888386, 0.16210568;
 0.041246627, 0.9991402, 0.0041947206, -0.019122429;
 -0.0064565581, -0.00393167, 0.99997145, 0.43444273;
 0, 0, 0, 1]
Twc:
[0.99912816, 0.041246627, -0.0064565581, -0.1583706;
 -0.041272528, 0.9991402, -0.00393167, 0.027504584;
 0.0062888386, 0.0041947206, 0.99997145, -0.43536955;
 0, 0, 0, 1]
Ow:
[0.16210568;
 -0.019122429;
 0.43444273]
Keyframe: 20 Frame: 123 Frame from vFrameID : 124
Tcw:
[0.99958283, -0.022764862, -0.017774753, 0.18156615;
 0.022591339, 0.99969572, -0.0099028805, -0.025348436;
 0.017994782, 0.0094971936, 0.99979299, 0.47147855;
 0, 0, 0, 1]
Twc:
[0.99958283, 0.022591339, 0.017994782, -0.18940191;
 -0.022764862, 0.99969572, 0.0094971936, 0.024996329;
 -0.017774753, -0.0099028805, 0.99979299, -0.46840468;
 0, 0, 0, 1]
Ow:
[0.18156615;
 -0.025348436;
 0.47147855]
Keyframe: 21 Frame: 128 Frame from vFrameID : 129
Tcw:
[0.99430037, -0.082801066, -0.067162178, 0.19288197;
 0.078122616, 0.99451631, -0.069528192, -0.029093456;
 0.072550893, 0.063885018, 0.99531657, 0.50847977;
 0, 0, 0, 1]
Twc:
[0.99430037, 0.078122616, 0.072550893, -0.22640041;
 -0.082801066, 0.99451631, 0.063885018, 0.012420509;
 -0.067162178, -0.069528192, 0.99531657, -0.49516675;
 0, 0, 0, 1]
Ow:
[0.19288197;
 -0.029093456;
 0.50847977]
Keyframe: 22 Frame: 133 Frame from vFrameID : 134
Tcw:
[0.99726766, -0.054253437, -0.050137855, 0.20771413;
 0.054690056, 0.99847615, 0.0073769339, -0.023711596;
 0.04966123, -0.01009882, 0.99871504, 0.54222667;
 0, 0, 0, 1]
Twc:
[0.99726766, 0.054690056, 0.04966123, -0.23277742;
 -0.054253437, 0.99847615, -0.01009882, 0.040420514;
 -0.050137855, 0.0073769339, 0.99871504, -0.53094071;
 0, 0, 0, 1]
Ow:
[0.20771413;
 -0.023711596;
 0.54222667]
Keyframe: 23 Frame: 138 Frame from vFrameID : 139
Tcw:
[0.99576545, -0.058073696, -0.071264192, 0.22121084;
 0.058031771, 0.99831122, -0.0026603811, -0.028286066;
 0.071298338, -0.0014864715, 0.99745393, 0.5821116;
 0, 0, 0, 1]
Twc:
[0.99576545, 0.058031771, 0.071298338, -0.26013622;
 -0.058073696, 0.99831122, -0.0014864715, 0.041950118;
 -0.071264192, -0.0026603811, 0.99745393, -0.56494033;
 0, 0, 0, 1]
Ow:
[0.22121084;
 -0.028286066;
 0.5821116]
Keyframe: 24 Frame: 143 Frame from vFrameID : 144
Tcw:
[0.99750936, -0.061554503, -0.034440491, 0.23269118;
 0.060850244, 0.99792308, -0.021137048, -0.030398905;
 0.035670042, 0.018988689, 0.99918318, 0.61394632;
 0, 0, 0, 1]
Twc:
[0.99750936, 0.060850244, 0.035670042, -0.25216135;
 -0.061554503, 0.99792308, 0.018988689, 0.033000924;
 -0.034440491, -0.021137048, 0.99918318, -0.60607344;
 0, 0, 0, 1]
Ow:
[0.23269118;
 -0.030398905;
 0.61394632]
Keyframe: 25 Frame: 148 Frame from vFrameID : 149
Tcw:
[0.99534345, -0.091799624, -0.029398702, 0.24720867;
 0.091499478, 0.99573988, -0.011399869, -0.036082424;
 0.030319963, 0.0086568184, 0.99950278, 0.65872025;
 0, 0, 0, 1]
Twc:
[0.99534345, 0.091499478, 0.030319963, -0.26272839;
 -0.091799624, 0.99573988, 0.0086568184, 0.05291995;
 -0.029398702, -0.011399869, 0.99950278, -0.65153641;
 0, 0, 0, 1]
Ow:
[0.24720867;
 -0.036082424;
 0.65872025]
Keyframe: 26 Frame: 153 Frame from vFrameID : 154
Tcw:
[0.99746507, -0.061124258, -0.036431301, 0.27492514;
 0.060847845, 0.99810958, -0.0086493241, -0.038135774;
 0.036891114, 0.0064106323, 0.99929875, 0.70500845;
 0, 0, 0, 1]
Twc:
[0.99746507, 0.060847845, 0.036891114, -0.29791629;
 -0.061124258, 0.99810958, 0.0064106323, 0.050348725;
 -0.036431301, -0.0086493241, 0.99929875, -0.69482803;
 0, 0, 0, 1]
Ow:
[0.27492514;
 -0.038135774;
 0.70500845]
Keyframe: 27 Frame: 158 Frame from vFrameID : 159
Tcw:
[0.9967438, -0.06279438, -0.050583545, 0.29063421;
 0.061608594, 0.9977954, -0.024671329, -0.044928715;
 0.05202125, 0.021474613, 0.99841505, 0.73633832;
 0, 0, 0, 1]
Twc:
[0.9967438, 0.061608594, 0.05202125, -0.32522509;
 -0.06279438, 0.9977954, 0.021474613, 0.047267281;
 -0.050583545, -0.024671329, 0.99841505, -0.72157836;
 0, 0, 0, 1]
Ow:
[0.29063421;
 -0.044928715;
 0.73633832]
Keyframe: 28 Frame: 163 Frame from vFrameID : 164
Tcw:
[0.99827576, -0.043702152, -0.039186675, 0.30305293;
 0.04374776, 0.99904257, 0.00030673607, -0.042837333;
 0.03913575, -0.0020205365, 0.99923187, 0.77556384;
 0, 0, 0, 1]
Twc:
[0.99827576, 0.04374776, 0.03913575, -0.33100864;
 -0.043702152, 0.99904257, -0.0020205365, 0.057607438;
 -0.039186675, 0.00030673607, 0.99923187, -0.76307935;
 0, 0, 0, 1]
Ow:
[0.30305293;
 -0.042837333;
 0.77556384]
Keyframe: 29 Frame: 167 Frame from vFrameID : 168
Tcw:
[0.99888104, -0.045403235, -0.013236115, 0.31033686;
 0.045555811, 0.998896, 0.011463017, -0.043840617;
 0.012701045, -0.012053173, 0.9998467, 0.80555975;
 0, 0, 0, 1]
Twc:
[0.99888104, 0.045555811, 0.012701045, -0.31822386;
 -0.045403235, 0.998896, -0.012053173, 0.06759207;
 -0.013236115, 0.011463017, 0.9998467, -0.80082607;
 0, 0, 0, 1]
Ow:
[0.31033686;
 -0.043840617;
 0.80555975]
Keyframe: 30 Frame: 172 Frame from vFrameID : 173
Tcw:
[0.9985767, -0.0529401, 0.0064752204, 0.32193214;
 0.052973285, 0.99858308, -0.0050651212, -0.052863277;
 -0.0061978977, 0.0054009259, 0.9999662, 0.84162903;
 0, 0, 0, 1]
Twc:
[0.9985767, 0.052973285, -0.0061978977, -0.31345725;
 -0.0529401, 0.99858308, 0.0054009259, 0.065285921;
 0.0064752204, -0.0050651212, 0.9999662, -0.84395295;
 0, 0, 0, 1]
Ow:
[0.32193214;
 -0.052863277;
 0.84162903]
Keyframe: 31 Frame: 177 Frame from vFrameID : 178
Tcw:
[0.99728107, -0.073146403, 0.0089469925, 0.33321574;
 0.073428333, 0.9966203, -0.036827393, -0.056928068;
 -0.0062229629, 0.037384223, 0.99928159, 0.87799621;
 0, 0, 0, 1]
Twc:
[0.99728107, 0.073428333, -0.0062229629, -0.3226659;
 -0.073146403, 0.9966203, 0.037384223, 0.048285998;
 0.0089469925, -0.036827393, 0.99928159, -0.88244325;
 0, 0, 0, 1]
Ow:
[0.33321574;
 -0.056928068;
 0.87799621]
Keyframe: 32 Frame: 181 Frame from vFrameID : 182
Tcw:
[0.99745184, -0.070768781, 0.0090307174, 0.34599614;
 0.070917711, 0.99733037, -0.017402288, -0.057186089;
 -0.0077750701, 0.017998382, 0.99980778, 0.9091714;
 0, 0, 0, 1]
Twc:
[0.99745184, 0.070917711, -0.0077750701, -0.33399013;
 -0.070768781, 0.99733037, 0.017998382, 0.065155528;
 0.0090307174, -0.017402288, 0.99980778, -0.91311646;
 0, 0, 0, 1]
Ow:
[0.34599614;
 -0.057186089;
 0.9091714]
Keyframe: 33 Frame: 185 Frame from vFrameID : 186
Tcw:
[0.99781382, -0.056772236, -0.033829495, 0.36451194;
 0.055675197, 0.99791878, -0.032533523, -0.056660686;
 0.03560609, 0.030578934, 0.99889797, 0.9466728;
 0, 0, 0, 1]
Twc:
[0.99781382, 0.055675197, 0.03560609, -0.3942678;
 -0.056772236, 0.99791878, 0.030578934, 0.048288673;
 -0.033829495, -0.032533523, 0.99889797, -0.93514162;
 0, 0, 0, 1]
Ow:
[0.36451194;
 -0.056660686;
 0.9466728]
Keyframe: 34 Frame: 189 Frame from vFrameID : 190
Tcw:
[0.99668586, -0.056102913, -0.058904123, 0.37822825;
 0.053532921, 0.99758124, -0.044338264, -0.060246438;
 0.061249156, 0.04103801, 0.99727851, 0.9731344;
 0, 0, 0, 1]
Twc:
[0.99668586, 0.053532921, 0.061249156, -0.43335328;
 -0.056102913, 0.99758124, 0.04103801, 0.041384924;
 -0.058904123, -0.044338264, 0.99727851, -0.95087802;
 0, 0, 0, 1]
Ow:
[0.37822825;
 -0.060246438;
 0.9731344]
Keyframe: 35 Frame: 193 Frame from vFrameID : 194
Tcw:
[0.99671197, -0.046719164, -0.066201054, 0.39481196;
 0.045590725, 0.99878973, -0.018455861, -0.062304344;
 0.066983178, 0.015377023, 0.9976356, 0.99803549;
 0, 0, 0, 1]
Twc:
[0.99671197, 0.045590725, 0.066983178, -0.45752487;
 -0.046719164, 0.99878973, 0.015377023, 0.065327406;
 -0.066201054, -0.018455861, 0.9976356, -0.97068864;
 0, 0, 0, 1]
Ow:
[0.39481196;
 -0.062304344;
 0.99803549]
Keyframe: 36 Frame: 197 Frame from vFrameID : 198
Tcw:
[0.9964897, -0.05681761, -0.06148186, 0.40963155;
 0.055920139, 0.99830347, -0.016222183, -0.066194057;
 0.062299259, 0.012727164, 0.99797636, 1.0349914;
 0, 0, 0, 1]
Twc:
[0.9964897, 0.055920139, 0.062299259, -0.46897122;
 -0.05681761, 0.99830347, 0.012727164, 0.076183528;
 -0.06148186, -0.016222183, 0.99797636, -1.0087858;
 0, 0, 0, 1]
Ow:
[0.40963155;
 -0.066194057;
 1.0349914]
Keyframe: 37 Frame: 201 Frame from vFrameID : 202
Tcw:
[0.99762201, -0.042639356, -0.054150302, 0.42280185;
 0.040999778, 0.99867702, -0.031036958, -0.066646114;
 0.055402059, 0.028743001, 0.99805033, 1.0749512;
 0, 0, 0, 1]
Twc:
[0.99762201, 0.040999778, 0.055402059, -0.47861847;
 -0.042639356, 0.99867702, 0.028743001, 0.053688616;
 -0.054150302, -0.031036958, 0.99805033, -1.052029;
 0, 0, 0, 1]
Ow:
[0.42280185;
 -0.066646114;
 1.0749512]
Keyframe: 38 Frame: 205 Frame from vFrameID : 206
Tcw:
[0.99698985, -0.054026209, -0.055609971, 0.43242362;
 0.052301053, 0.99811774, -0.032024842, -0.06979768;
 0.057235479, 0.029019982, 0.99793887, 1.1076045;
 0, 0, 0, 1]
Twc:
[0.99698985, 0.052301053, 0.057235479, -0.49086571;
 -0.054026209, 0.99811774, 0.029019982, 0.060885847;
 -0.055609971, -0.032024842, 0.99793887, -1.0835098;
 0, 0, 0, 1]
Ow:
[0.43242362;
 -0.06979768;
 1.1076045]
Keyframe: 39 Frame: 209 Frame from vFrameID : 210
Tcw:
[0.99680263, -0.070668556, -0.037288334, 0.43922877;
 0.069639198, 0.99717301, -0.028218966, -0.070055433;
 0.039177116, 0.025532011, 0.99890602, 1.1414469;
 0, 0, 0, 1]
Twc:
[0.99680263, 0.069639198, 0.039177116, -0.47766444;
 -0.070668556, 0.99717301, 0.025532011, 0.071753621;
 -0.037288334, -0.028218966, 0.99890602, -1.125797;
 0, 0, 0, 1]
Ow:
[0.43922877;
 -0.070055433;
 1.1414469]
Keyframe: 40 Frame: 213 Frame from vFrameID : 214
Tcw:
[0.99655181, -0.078542039, -0.026752084, 0.45692369;
 0.078374252, 0.99689752, -0.0072651552, -0.076154545;
 0.027239708, 0.0051434287, 0.99961567, 1.1772338;
 0, 0, 0, 1]
Twc:
[0.99655181, 0.078374252, 0.027239708, -0.48144704;
 -0.078542039, 0.99689752, 0.0051434287, 0.10575099;
 -0.026752084, -0.0072651552, 0.99961567, -1.1651111;
 0, 0, 0, 1]
Ow:
[0.45692369;
 -0.076154545;
 1.1772338]
Keyframe: 41 Frame: 217 Frame from vFrameID : 218
Tcw:
[0.99609113, -0.072754249, -0.05009298, 0.47785583;
 0.070564561, 0.99652851, -0.044176899, -0.078712881;
 0.053133138, 0.040469427, 0.99776703, 1.2148798;
 0, 0, 0, 1]
Twc:
[0.99609113, 0.070564561, 0.053133138, -0.53498399;
 -0.072754249, 0.99652851, 0.040469427, 0.064040191;
 -0.05009298, -0.044176899, 0.99776703, -1.191707;
 0, 0, 0, 1]
Ow:
[0.47785583;
 -0.078712881;
 1.2148798]
Keyframe: 42 Frame: 221 Frame from vFrameID : 222
Tcw:
[0.99657232, -0.060261685, -0.056676153, 0.49687153;
 0.058104452, 0.99754953, -0.038971078, -0.084867835;
 0.058885735, 0.035544362, 0.99763173, 1.2422049;
 0, 0, 0, 1]
Twc:
[0.99657232, 0.058104452, 0.058885735, -0.56338537;
 -0.060261685, 0.99754953, 0.035544362, 0.070448808;
 -0.056676153, -0.038971078, 0.99763173, -1.2144096;
 0, 0, 0, 1]
Ow:
[0.49687153;
 -0.084867835;
 1.2422049]
Keyframe: 43 Frame: 225 Frame from vFrameID : 226
Tcw:
[0.99627292, -0.058751173, -0.063155152, 0.50513971;
 0.057888359, 0.99820417, -0.015407505, -0.088535175;
 0.063946947, 0.011694131, 0.99788481, 1.2668521;
 0, 0, 0, 1]
Twc:
[0.99627292, 0.057888359, 0.063946947, -0.57914317;
 -0.058751173, 0.99820417, 0.011694131, 0.10323899;
 -0.063155152, -0.015407505, 0.99788481, -1.2336344;
 0, 0, 0, 1]
Ow:
[0.50513971;
 -0.088535175;
 1.2668521]
Keyframe: 44 Frame: 229 Frame from vFrameID : 230
Tcw:
[0.99615091, -0.061301492, -0.062653482, 0.51470816;
 0.06084219, 0.99810487, -0.0092144208, -0.089905508;
 0.063099608, 0.0053669792, 0.99799281, 1.3040981;
 0, 0, 0, 1]
Twc:
[0.99615091, 0.06084219, 0.063099608, -0.58954507;
 -0.061301492, 0.99810487, 0.0053669792, 0.11428844;
 -0.062653482, -0.0092144208, 0.99799281, -1.2700608;
 0, 0, 0, 1]
Ow:
[0.51470816;
 -0.089905508;
 1.3040981]
Keyframe: 45 Frame: 233 Frame from vFrameID : 234
Tcw:
[0.99522722, -0.087159246, -0.043886486, 0.51174521;
 0.086520627, 0.99611753, -0.016250269, -0.09221945;
 0.045132462, 0.012375625, 0.99890435, 1.3416626;
 0, 0, 0, 1]
Twc:
[0.99522722, 0.086520627, 0.045132462, -0.56187648;
 -0.087159246, 0.99611753, 0.012375625, 0.11986083;
 -0.043886486, -0.016250269, 0.99890435, -1.3192326;
 0, 0, 0, 1]
Ow:
[0.51174521;
 -0.09221945;
 1.3416626]
Keyframe: 46 Frame: 237 Frame from vFrameID : 238
Tcw:
[0.99552792, -0.089139156, -0.031278819, 0.52074111;
 0.088101029, 0.99556035, -0.033133451, -0.09450224;
 0.03409344, 0.030229578, 0.99896139, 1.369522;
 0, 0, 0, 1]
Twc:
[0.99552792, 0.088101029, 0.03409344, -0.55677831;
 -0.089139156, 0.99556035, 0.030229578, 0.099101029;
 -0.031278819, -0.033133451, 0.99896139, -1.3549426;
 0, 0, 0, 1]
Ow:
[0.52074111;
 -0.09450224;
 1.369522]
Keyframe: 47 Frame: 241 Frame from vFrameID : 242
Tcw:
[0.99453795, -0.099297352, -0.032161459, 0.5284459;
 0.09924043, 0.99505782, -0.0033652652, -0.095655777;
 0.032336671, 0.00015516674, 0.99947703, 1.4041668;
 0, 0, 0, 1]
Twc:
[0.99453795, 0.09924043, 0.032336671, -0.56147259;
 -0.099297352, 0.99505782, 0.00015516674, 0.14743841;
 -0.032161459, -0.0033652652, 0.99947703, -1.3867588;
 0, 0, 0, 1]
Ow:
[0.5284459;
 -0.095655777;
 1.4041668]
Keyframe: 48 Frame: 245 Frame from vFrameID : 246
Tcw:
[0.99401218, -0.094459794, -0.054928504, 0.53723663;
 0.094710059, 0.99550295, 0.0019652771, -0.097797446;
 0.054495849, -0.0071557914, 0.99848837, 1.4355201;
 0, 0, 0, 1]
Twc:
[0.99401218, 0.094710059, 0.054495849, -0.60298717;
 -0.094459794, 0.99550295, -0.0071557914, 0.15837719;
 -0.054928504, 0.0019652771, 0.99848837, -1.4036483;
 0, 0, 0, 1]
Ow:
[0.53723663;
 -0.097797446;
 1.4355201]
Keyframe: 49 Frame: 249 Frame from vFrameID : 250
Tcw:
[0.99342203, -0.077386916, -0.084403478, 0.55704761;
 0.078402683, 0.99688309, 0.0087821642, -0.091919407;
 0.083460771, -0.015341855, 0.99639297, 1.4640756;
 0, 0, 0, 1]
Twc:
[0.99342203, 0.078402683, 0.083460771, -0.66836953;
 -0.077386916, 0.99688309, -0.015341855, 0.15720272;
 -0.084403478, 0.0087821642, 0.99639297, -1.4109706;
 0, 0, 0, 1]
Ow:
[0.55704761;
 -0.091919407;
 1.4640756]
Keyframe: 50 Frame: 253 Frame from vFrameID : 254
Tcw:
[0.99364865, -0.068968661, -0.088913895, 0.57537842;
 0.067969672, 0.99758607, -0.014218276, -0.098096624;
 0.089679882, 0.0080845226, 0.99593782, 1.4942354;
 0, 0, 0, 1]
Twc:
[0.99364865, 0.067969672, 0.089679882, -0.69905925;
 -0.068968661, 0.99758607, 0.0080845226, 0.12546271;
 -0.088913895, -0.014218276, 0.99593782, -1.4384012;
 0, 0, 0, 1]
Ow:
[0.57537842;
 -0.098096624;
 1.4942354]
Keyframe: 51 Frame: 257 Frame from vFrameID : 258
Tcw:
[0.99546319, -0.046128176, -0.08321818, 0.59230959;
 0.045745358, 0.99893194, -0.0065020635, -0.10246621;
 0.083429232, 0.0026657193, 0.99651015, 1.5195905;
 0, 0, 0, 1]
Twc:
[0.99546319, 0.045745358, 0.083429232, -0.71171325;
 -0.046128176, 0.99893194, 0.0026657193, 0.12562814;
 -0.08321818, -0.0065020635, 0.99651015, -1.4656626;
 0, 0, 0, 1]
Ow:
[0.59230959;
 -0.10246621;
 1.5195905]
Keyframe: 52 Frame: 261 Frame from vFrameID : 262
Tcw:
[0.99536324, -0.058755506, -0.076156385, 0.59889776;
 0.057883073, 0.99823052, -0.013614802, -0.10095461;
 0.076821573, 0.009143508, 0.99700296, 1.5457486;
 0, 0, 0, 1]
Twc:
[0.99536324, 0.057883073, 0.076821573, -0.70902407;
 -0.058755506, 0.99823052, 0.009143508, 0.12183096;
 -0.076156385, -0.013614802, 0.99700296, -1.4968804;
 0, 0, 0, 1]
Ow:
[0.59889776;
 -0.10095461;
 1.5457486]
Keyframe: 53 Frame: 265 Frame from vFrameID : 266
Tcw:
[0.99519098, -0.071705163, -0.066732593, 0.60745585;
 0.0699137, 0.99713701, -0.02880729, -0.1005816;
 0.068607166, 0.024003234, 0.99735492, 1.5893393;
 0, 0, 0, 1]
Twc:
[0.99519098, 0.0699137, 0.068607166, -0.70654261;
 -0.071705163, 0.99713701, 0.024003234, 0.10570207;
 -0.066732593, -0.02880729, 0.99735492, -1.5474958;
 0, 0, 0, 1]
Ow:
[0.60745585;
 -0.1005816;
 1.5893393]
Keyframe: 54 Frame: 269 Frame from vFrameID : 270
Tcw:
[0.99529165, -0.083821595, -0.0486672, 0.61280656;
 0.083175234, 0.99641961, -0.015161484, -0.10187365;
 0.04976381, 0.011042194, 0.99869996, 1.6275722;
 0, 0, 0, 1]
Twc:
[0.99529165, 0.083175234, 0.04976381, -0.68244201;
 -0.083821595, 0.99641961, 0.011042194, 0.13490336;
 -0.0486672, -0.015161484, 0.99869996, -1.5971773;
 0, 0, 0, 1]
Ow:
[0.61280656;
 -0.10187365;
 1.6275722]
Keyframe: 55 Frame: 273 Frame from vFrameID : 274
Tcw:
[0.99547601, -0.088353232, -0.034946434, 0.6240173;
 0.087797642, 0.99599105, -0.017128525, -0.10465797;
 0.036319695, 0.013982822, 0.99924237, 1.653613;
 0, 0, 0, 1]
Twc:
[0.99547601, 0.087797642, 0.036319695, -0.67206424;
 -0.088353232, 0.99599105, 0.013982822, 0.13625017;
 -0.034946434, -0.017128525, 0.99924237, -1.6323457;
 0, 0, 0, 1]
Ow:
[0.6240173;
 -0.10465797;
 1.653613]
Keyframe: 56 Frame: 277 Frame from vFrameID : 278
Tcw:
[0.99600023, -0.075360283, -0.048003275, 0.63942152;
 0.074417785, 0.99700326, -0.021130202, -0.10831452;
 0.049451798, 0.017473388, 0.99862367, 1.6913245;
 0, 0, 0, 1]
Twc:
[0.99600023, 0.074417785, 0.049451798, -0.71244252;
 -0.075360283, 0.99700326, 0.017473388, 0.12662375;
 -0.048003275, -0.021130202, 0.99862367, -1.6605909;
 0, 0, 0, 1]
Ow:
[0.63942152;
 -0.10831452;
 1.6913245]
Keyframe: 57 Frame: 282 Frame from vFrameID : 283
Tcw:
[0.99540609, -0.066284128, -0.069087915, 0.66250324;
 0.06391307, 0.99730647, -0.035985101, -0.11427191;
 0.071287066, 0.031404171, 0.99696136, 1.7268705;
 0, 0, 0, 1]
Twc:
[0.99540609, 0.06391307, 0.071287066, -0.77525985;
 -0.066284128, 0.99730647, 0.031404171, 0.10364664;
 -0.069087915, -0.035985101, 0.99696136, -1.6799643;
 0, 0, 0, 1]
Ow:
[0.66250324;
 -0.11427191;
 1.7268705]
Keyframe: 58 Frame: 286 Frame from vFrameID : 287
Tcw:
[0.99421126, -0.071213596, -0.080452636, 0.67675793;
 0.068228476, 0.99689668, -0.03926627, -0.12053618;
 0.082999259, 0.033549804, 0.99598473, 1.7539757;
 0, 0, 0, 1]
Twc:
[0.99421126, 0.068228476, 0.082999259, -0.81019503;
 -0.071213596, 0.99689668, 0.033549804, 0.10951093;
 -0.080452636, -0.03926627, 0.99598473, -1.697219;
 0, 0, 0, 1]
Ow:
[0.67675793;
 -0.12053618;
 1.7539757]
Keyframe: 59 Frame: 290 Frame from vFrameID : 291
Tcw:
[0.9952383, -0.058092449, -0.078268677, 0.68887109;
 0.056473345, 0.99814498, -0.022745391, -0.12159874;
 0.079444826, 0.01821699, 0.99667281, 1.7791409;
 0, 0, 0, 1]
Twc:
[0.9952383, 0.056473345, 0.079444826, -0.82006741;
 -0.058092449, 0.99814498, 0.01821699, 0.12898079;
 -0.078268677, -0.022745391, 0.99667281, -1.7220701;
 0, 0, 0, 1]
Ow:
[0.68887109;
 -0.12159874;
 1.7791409]
Keyframe: 60 Frame: 295 Frame from vFrameID : 296
Tcw:
[0.99573994, -0.064230554, -0.066154227, 0.69876522;
 0.061874717, 0.9973954, -0.037066873, -0.12265743;
 0.06836275, 0.032815691, 0.99712068, 1.8249186;
 0, 0, 0, 1]
Twc:
[0.99573994, 0.061874717, 0.06836275, -0.81295556;
 -0.064230554, 0.9973954, 0.032815691, 0.10733406;
 -0.066154227, -0.037066873, 0.99712068, -1.7779844;
 0, 0, 0, 1]
Ow:
[0.69876522;
 -0.12265743;
 1.8249186]
Keyframe: 61 Frame: 300 Frame from vFrameID : 301
Tcw:
[0.99696535, -0.059798032, -0.049842853, 0.71313131;
 0.056628268, 0.99642146, -0.062749632, -0.12449552;
 0.053416792, 0.059736691, 0.99678391, 1.8641098;
 0, 0, 0, 1]
Twc:
[0.99696535, 0.056628268, 0.053416792, -0.80349195;
 -0.059798032, 0.99642146, 0.059736691, 0.0553381;
 -0.049842853, -0.062749632, 0.99678391, -1.8303822;
 0, 0, 0, 1]
Ow:
[0.71313131;
 -0.12449552;
 1.8641098]
Keyframe: 62 Frame: 305 Frame from vFrameID : 306
Tcw:
[0.99685526, -0.064937845, -0.04541669, 0.72096992;
 0.063399613, 0.99739075, -0.034528363, -0.12313472;
 0.047540382, 0.031540379, 0.99837124, 1.9086852;
 0, 0, 0, 1]
Twc:
[0.99685526, 0.063399613, 0.047540382, -0.80163556;
 -0.064937845, 0.99739075, 0.031540379, 0.10943101;
 -0.04541669, -0.034528363, 0.99837124, -1.877084;
 0, 0, 0, 1]
Ow:
[0.72096992;
 -0.12313472;
 1.9086852]
Keyframe: 63 Frame: 310 Frame from vFrameID : 311
Tcw:
[0.9952181, -0.066532679, -0.071514741, 0.73501545;
 0.064039439, 0.99727559, -0.036610786, -0.1217164;
 0.073755719, 0.031855952, 0.9967674, 1.9486685;
 0, 0, 0, 1]
Twc:
[0.9952181, 0.064039439, 0.073755719, -0.86743146;
 -0.066532679, 0.99727559, 0.031855952, 0.10821065;
 -0.071514741, -0.036610786, 0.9967674, -1.894261;
 0, 0, 0, 1]
Ow:
[0.73501545;
 -0.1217164;
 1.9486685]
Keyframe: 64 Frame: 315 Frame from vFrameID : 316
Tcw:
[0.99394935, -0.047261033, -0.099151887, 0.75129199;
 0.043940388, 0.99840635, -0.035412293, -0.12711681;
 0.10066749, 0.030841252, 0.99444199, 1.990271;
 0, 0, 0, 1]
Twc:
[0.99394935, 0.043940388, 0.10066749, -0.94151622;
 -0.047261033, 0.99840635, 0.030841252, 0.10103863;
 -0.099151887, -0.035412293, 0.99444199, -1.9092184;
 0, 0, 0, 1]
Ow:
[0.75129199;
 -0.12711681;
 1.990271]
Keyframe: 65 Frame: 320 Frame from vFrameID : 321
Tcw:
[0.99283344, -0.05292305, -0.10714883, 0.76366156;
 0.050423164, 0.99839181, -0.025909154, -0.13377301;
 0.10834771, 0.020320691, 0.99390537, 2.0283134;
 0, 0, 0, 1]
Twc:
[0.99283344, 0.050423164, 0.10834771, -0.97120661;
 -0.05292305, 0.99839181, 0.020320691, 0.13275646;
 -0.10714883, -0.025909154, 0.99390537, -1.9375919;
 0, 0, 0, 1]
Ow:
[0.76366156;
 -0.13377301;
 2.0283134]
Keyframe: 66 Frame: 325 Frame from vFrameID : 326
Tcw:
[0.99427116, -0.051352136, -0.093743578, 0.77381563;
 0.048413314, 0.99827009, -0.033360604, -0.13718462;
 0.09529455, 0.02863105, 0.99503732, 2.0655367;
 0, 0, 0, 1]
Twc:
[0.99427116, 0.048413314, 0.09529455, -0.95957536;
 -0.051352136, 0.99827009, 0.02863105, 0.11754591;
 -0.093743578, -0.033360604, 0.99503732, -1.9873223;
 0, 0, 0, 1]
Ow:
[0.77381563;
 -0.13718462;
 2.0655367]
Keyframe: 67 Frame: 330 Frame from vFrameID : 331
Tcw:
[0.99372441, -0.057905067, -0.095701747, 0.77909279;
 0.05309942, 0.99723321, -0.052022733, -0.1371633;
 0.098449335, 0.04661455, 0.99404973, 2.1153736;
 0, 0, 0, 1]
Twc:
[0.99372441, 0.05309942, 0.098449335, -0.97517735;
 -0.057905067, 0.99723321, 0.04661455, 0.083290026;
 -0.095701747, -0.052022733, 0.99404973, -2.0353615;
 0, 0, 0, 1]
Ow:
[0.77909279;
 -0.1371633;
 2.1153736]
Keyframe: 68 Frame: 335 Frame from vFrameID : 336
Tcw:
[0.9949075, -0.061378755, -0.079948194, 0.78931516;
 0.059330627, 0.99785262, -0.027748799, -0.14395767;
 0.081479706, 0.022864111, 0.99641269, 2.1496103;
 0, 0, 0, 1]
Twc:
[0.9949075, 0.059330627, 0.081479706, -0.95190406;
 -0.061378755, 0.99785262, 0.022864111, 0.14294681;
 -0.079948194, -0.027748799, 0.99641269, -2.0827894;
 0, 0, 0, 1]
Ow:
[0.78931516;
 -0.14395767;
 2.1496103]
Keyframe: 69 Frame: 340 Frame from vFrameID : 341
Tcw:
[0.99615937, -0.056013796, -0.067297742, 0.80358821;
 0.054072484, 0.99807626, -0.030331329, -0.14783463;
 0.068867251, 0.026575882, 0.99727178, 2.1874673;
 0, 0, 0, 1]
Twc:
[0.99615937, 0.054072484, 0.068867251, -0.94315296;
 -0.056013796, 0.99807626, 0.026575882, 0.1344284;
 -0.067297742, -0.030331329, 0.99727178, -2.1319036;
 0, 0, 0, 1]
Ow:
[0.80358821;
 -0.14783463;
 2.1874673]
Keyframe: 70 Frame: 345 Frame from vFrameID : 346
Tcw:
[0.9941721, -0.051748611, -0.094572619, 0.8197304;
 0.048945468, 0.99829751, -0.031724725, -0.15124738;
 0.096053317, 0.026910936, 0.99501234, 2.2208939;
 0, 0, 0, 1]
Twc:
[0.9941721, 0.048945468, 0.096053317, -1.0208745;
 -0.051748611, 0.99829751, 0.026910936, 0.13364346;
 -0.094572619, -0.031724725, 0.99501234, -2.1370909;
 0, 0, 0, 1]
Ow:
[0.8197304;
 -0.15124738;
 2.2208939]
Keyframe: 71 Frame: 350 Frame from vFrameID : 351
Tcw:
[0.99446648, -0.038523797, -0.097735897, 0.84021592;
 0.035632465, 0.99887908, -0.031158695, -0.1545755;
 0.098826699, 0.027503708, 0.99472451, 2.2566404;
 0, 0, 0, 1]
Twc:
[0.99446648, 0.035632465, 0.098826699, -1.053075;
 -0.038523797, 0.99887908, 0.027503708, 0.12470457;
 -0.097735897, -0.031158695, 0.99472451, -2.1674325;
 0, 0, 0, 1]
Ow:
[0.84021592;
 -0.1545755;
 2.2566404]
Keyframe: 72 Frame: 355 Frame from vFrameID : 356
Tcw:
[0.99507409, -0.028420795, -0.094972357, 0.84724331;
 0.027010471, 0.99950546, -0.016102772, -0.15609509;
 0.095383041, 0.013458204, 0.99534965, 2.2888436;
 0, 0, 0, 1]
Twc:
[0.99507409, 0.027010471, 0.095383041, -1.0571706;
 -0.028420795, 0.99950546, 0.013458204, 0.1492935;
 -0.094972357, -0.016102772, 0.99534965, -2.2002487;
 0, 0, 0, 1]
Ow:
[0.84724331;
 -0.15609509;
 2.2888436]
Keyframe: 73 Frame: 360 Frame from vFrameID : 361
Tcw:
[0.99684364, -0.051961761, -0.060022362, 0.84384143;
 0.049665641, 0.99799895, -0.039133795, -0.15719427;
 0.061935712, 0.036029227, 0.99742961, 2.3320284;
 0, 0, 0, 1]
Twc:
[0.99684364, 0.049665641, 0.061935712, -0.97780675;
 -0.051961761, 0.99799895, 0.036029227, 0.11670603;
 -0.060022362, -0.039133795, 0.99742961, -2.2815363;
 0, 0, 0, 1]
Ow:
[0.84384143;
 -0.15719427;
 2.3320284]
Keyframe: 74 Frame: 365 Frame from vFrameID : 366
Tcw:
[0.99668682, -0.072476715, -0.036911722, 0.84531683;
 0.070337124, 0.99593359, -0.056294061, -0.15244505;
 0.040841632, 0.053511284, 0.99773169, 2.362978;
 0, 0, 0, 1]
Twc:
[0.99668682, 0.070337124, 0.040841632, -0.92830151;
 -0.072476715, 0.99593359, 0.053511284, 0.086644933;
 -0.036911722, -0.056294061, 0.99773169, -2.3349977;
 0, 0, 0, 1]
Ow:
[0.84531683;
 -0.15244505;
 2.362978]
Keyframe: 75 Frame: 370 Frame from vFrameID : 371
Tcw:
[0.99740058, -0.071958922, -0.0037448795, 0.85055447;
 0.071877979, 0.99724174, -0.018506851, -0.1562957;
 0.005066283, 0.01818957, 0.99982172, 2.3963699;
 0, 0, 0, 1]
Twc:
[0.99740058, 0.071877979, 0.005066283, -0.84924996;
 -0.071958922, 0.99724174, 0.01818957, 0.17348064;
 -0.0037448795, -0.018506851, 0.99982172, -2.3956499;
 0, 0, 0, 1]
Ow:
[0.85055447;
 -0.1562957;
 2.3963699]
Keyframe: 76 Frame: 376 Frame from vFrameID : 377
Tcw:
[0.99711752, -0.075033359, 0.011252105, 0.8625297;
 0.075466186, 0.99613732, -0.044891808, -0.159391;
 -0.007840259, 0.045611564, 0.99892849, 2.4444022;
 0, 0, 0, 1]
Twc:
[0.99711752, 0.075466186, -0.007840259, -0.82885015;
 -0.075033359, 0.99613732, 0.045611564, 0.11200082;
 0.011252105, -0.044891808, 0.99892849, -2.4586437;
 0, 0, 0, 1]
Ow:
[0.8625297;
 -0.159391;
 2.4444022]
Keyframe: 77 Frame: 382 Frame from vFrameID : 383
Tcw:
[0.99777621, -0.055224545, 0.037320688, 0.88493073;
 0.05741404, 0.99652213, -0.060392346, -0.15867814;
 -0.033855751, 0.062400781, 0.99747676, 2.4948714;
 0, 0, 0, 1]
Twc:
[0.99777621, 0.05741404, -0.033855751, -0.78938681;
 -0.055224545, 0.99652213, 0.062400781, 0.051314272;
 0.037320688, -0.060392346, 0.99747676, -2.5311854;
 0, 0, 0, 1]
Ow:
[0.88493073;
 -0.15867814;
 2.4948714]
Keyframe: 78 Frame: 388 Frame from vFrameID : 389
Tcw:
[0.99764401, -0.054675221, 0.041437324, 0.90589058;
 0.054313075, 0.99847573, 0.0098164817, -0.17002356;
 -0.041910879, -0.0075427662, 0.99909288, 2.5333903;
 0, 0, 0, 1]
Twc:
[0.99764401, 0.054313075, -0.041910879, -0.78834516;
 -0.054675221, 0.99847573, -0.0075427662, 0.23840292;
 0.041437324, 0.0098164817, 0.99909288, -2.5669611;
 0, 0, 0, 1]
Ow:
[0.90589058;
 -0.17002356;
 2.5333903]
Keyframe: 79 Frame: 392 Frame from vFrameID : 393
Tcw:
[0.99862689, -0.028771928, 0.043778278, 0.91378874;
 0.028083388, 0.99947327, 0.016262529, -0.1775063;
 -0.044223122, -0.015010757, 0.99890888, 2.562005;
 0, 0, 0, 1]
Twc:
[0.99862689, 0.028083388, -0.044223122, -0.79424912;
 -0.028771928, 0.99947327, -0.015010757, 0.2421619;
 0.043778278, 0.016262529, 0.99890888, -2.5963271;
 0, 0, 0, 1]
Ow:
[0.91378874;
 -0.1775063;
 2.562005]
Keyframe: 80 Frame: 396 Frame from vFrameID : 397
Tcw:
[0.99897605, -0.044870123, 0.0057938164, 0.91619557;
 0.044941198, 0.99890786, -0.012783325, -0.17509708;
 -0.0052138995, 0.013030617, 0.99990153, 2.585659;
 0, 0, 0, 1]
Twc:
[0.99897605, 0.044941198, -0.0052138995, -0.89390695;
 -0.044870123, 0.99890786, 0.013030617, 0.18232292;
 0.0057938164, -0.012783325, 0.99990153, -2.5929508;
 0, 0, 0, 1]
Ow:
[0.91619557;
 -0.17509708;
 2.585659]
Keyframe: 81 Frame: 402 Frame from vFrameID : 403
Tcw:
[0.99734789, -0.05204621, -0.050876398, 0.92427903;
 0.051729809, 0.99863285, -0.0075170388, -0.1724914;
 0.051198073, 0.0048652762, 0.99867666, 2.6226618;
 0, 0, 0, 1]
Twc:
[0.99734789, 0.051729809, 0.051198073, -1.0471799;
 -0.05204621, 0.99863285, 0.0048652762, 0.20760082;
 -0.050876398, -0.0075170388, 0.99867666, -2.5734639;
 0, 0, 0, 1]
Ow:
[0.92427903;
 -0.1724914;
 2.6226618]
Keyframe: 82 Frame: 407 Frame from vFrameID : 408
Tcw:
[0.99591702, -0.066254236, -0.061316174, 0.93626696;
 0.067070208, 0.99768376, 0.011344275, -0.17476681;
 0.060422547, -0.015410444, 0.99805391, 2.6510215;
 0, 0, 0, 1]
Twc:
[0.99591702, 0.067070208, 0.060422547, -1.0809039;
 -0.066254236, 0.99768376, -0.015410444, 0.27724707;
 -0.061316174, 0.011344275, 0.99805391, -2.5864716;
 0, 0, 0, 1]
Ow:
[0.93626696;
 -0.17476681;
 2.6510215]
Keyframe: 83 Frame: 412 Frame from vFrameID : 413
Tcw:
[0.99609184, -0.063156769, -0.061743088, 0.94962007;
 0.065207146, 0.99736571, 0.031775482, -0.17576742;
 0.059573602, -0.035677388, 0.99758613, 2.6863332;
 0, 0, 0, 1]
Twc:
[0.99609184, 0.065207146, 0.059573602, -1.0944821;
 -0.063156769, 0.99736571, -0.035677388, 0.3311207;
 -0.061743088, 0.031775482, 0.99758613, -2.6156313;
 0, 0, 0, 1]
Ow:
[0.94962007;
 -0.17576742;
 2.6863332]
Keyframe: 84 Frame: 417 Frame from vFrameID : 418
Tcw:
[0.99351954, -0.057617001, -0.097975716, 0.9681282;
 0.060734525, 0.99772859, 0.029137926, -0.17274283;
 0.096074335, -0.034899607, 0.99476218, 2.7184534;
 0, 0, 0, 1]
Twc:
[0.99351954, 0.060734525, 0.096074335, -1.2125365;
 -0.057617001, 0.99772859, -0.034899607, 0.32300404;
 -0.097975716, 0.029137926, 0.99476218, -2.6043279;
 0, 0, 0, 1]
Ow:
[0.9681282;
 -0.17274283;
 2.7184534]
Keyframe: 85 Frame: 423 Frame from vFrameID : 424
Tcw:
[0.99319702, -0.039433729, -0.10956599, 0.99569374;
 0.041270062, 0.99904221, 0.014542314, -0.17942201;
 0.10888759, -0.018965179, 0.99387312, 2.7606435;
 0, 0, 0, 1]
Twc:
[0.99319702, 0.041270062, 0.10888759, -1.2821151;
 -0.039433729, 0.99904221, -0.018965179, 0.27087015;
 -0.10956599, 0.014542314, 0.99387312, -2.6320262;
 0, 0, 0, 1]
Ow:
[0.99569374;
 -0.17942201;
 2.7606435]
Keyframe: 86 Frame: 427 Frame from vFrameID : 428
Tcw:
[0.9932946, -0.047251437, -0.10551399, 1.0024199;
 0.049356084, 0.99862927, 0.01742387, -0.17992647;
 0.10454606, -0.022514792, 0.99426514, 2.7897892;
 0, 0, 0, 1]
Twc:
[0.9932946, 0.049356084, 0.10454606, -1.2784792;
 -0.047251437, 0.99862927, -0.022514792, 0.28985715;
 -0.10551399, 0.01742387, 0.99426514, -2.664886;
 0, 0, 0, 1]
Ow:
[1.0024199;
 -0.17992647;
 2.7897892]
Keyframe: 87 Frame: 432 Frame from vFrameID : 433
Tcw:
[0.99484092, -0.059272666, -0.082330108, 1.0110042;
 0.058838982, 0.99823791, -0.007686018, -0.18090688;
 0.082640603, 0.0028021459, 0.99657547, 2.8251755;
 0, 0, 0, 1]
Twc:
[0.99484092, 0.058838982, 0.082640603, -1.2286184;
 -0.059272666, 0.99823791, 0.0028021459, 0.23259647;
 -0.082330108, -0.007686018, 0.99657547, -2.733655;
 0, 0, 0, 1]
Ow:
[1.0110042;
 -0.18090688;
 2.8251755]
Keyframe: 88 Frame: 436 Frame from vFrameID : 437
Tcw:
[0.99547988, -0.080830283, -0.049862985, 1.0250778;
 0.080582969, 0.99672365, -0.0069536064, -0.17833023;
 0.050261676, 0.0029040677, 0.99873185, 2.857053;
 0, 0, 0, 1]
Twc:
[0.99547988, 0.080582969, 0.050261676, -1.1496743;
 -0.080830283, 0.99672365, 0.0029040677, 0.25230622;
 -0.049862985, -0.0069536064, 0.99873185, -2.8035564;
 0, 0, 0, 1]
Ow:
[1.0250778;
 -0.17833023;
 2.857053]
Keyframe: 89 Frame: 441 Frame from vFrameID : 442
Tcw:
[0.99607247, -0.086854182, -0.017204549, 1.0334918;
 0.086995244, 0.99617952, 0.0076264138, -0.18367292;
 0.016476434, -0.0090931747, 0.99982291, 2.8897693;
 0, 0, 0, 1]
Twc:
[0.99607247, 0.086995244, 0.016476434, -1.0610672;
 -0.086854182, 0.99617952, -0.0090931747, 0.29901147;
 -0.017204549, 0.0076264138, 0.99982291, -2.8700759;
 0, 0, 0, 1]
Ow:
[1.0334918;
 -0.18367292;
 2.8897693]
Keyframe: 90 Frame: 446 Frame from vFrameID : 447
Tcw:
[0.99646056, -0.077766806, -0.031916682, 1.0527021;
 0.077532656, 0.99695349, -0.008511384, -0.18308745;
 0.03248135, 0.0060066739, 0.99945432, 2.9278336;
 0, 0, 0, 1]
Twc:
[0.99646056, 0.077532656, 0.03248135, -1.1298808;
