Keyframe: 0 Frame: 0 Frame from vFrameID : 149
Tcw:
[0.99948639, 0.028403508, 0.014839421, 0.037144404;
 0.0037744406, 0.35549977, -0.93466872, -0.010508336;
 -0.031823281, 0.93424469, 0.35520998, -0.051665336;
 0, 0, 0, 1]
Twc:
[0.99948639, 0.0037744406, -0.031823281, -0.038729824;
 0.028403508, 0.35549977, 0.93424469, 0.050948747;
 0.014839421, -0.93466872, 0.35520998, 0.0079790279;
 0, 0, 0, 1]
Ow:
[0.037144404;
 -0.010508336;
 -0.051665336]
Keyframe: 1 Frame: 148 Frame from vFrameID : 149
Tcw:
[0.99967676, 0.020986281, 0.014351799, 0.041231625;
 0.0060095168, 0.35344952, -0.93543428, -0.0095282048;
 -0.024703924, 0.93521816, 0.35320914, -0.05127674;
 0, 0, 0, 1]
Twc:
[0.99967676, 0.0060095168, -0.024703924, -0.042427771;
 0.020986281, 0.35344952, 0.93521816, 0.050457381;
 0.014351799, -0.93543428, 0.35320914, 0.0086066565;
 0, 0, 0, 1]
Ow:
[0.041231625;
 -0.0095282048;
 -0.05127674]
Keyframe: 2 Frame: 150 Frame from vFrameID : 151
Tcw:
[0.99972612, 0.022016, 0.0079355352, 0.046716716;
 -0.00033559671, 0.35254127, -0.9357962, -0.011325097;
 -0.023400092, 0.93553728, 0.3524521, -0.049410228;
 0, 0, 0, 1]
Twc:
[0.99972612, -0.00033559671, -0.023400092, -0.047863927;
 0.022016, 0.35254127, 0.93553728, 0.049189158;
 0.0079355352, -0.9357962, 0.3524521, 0.0064460346;
 0, 0, 0, 1]
Ow:
[0.046716716;
 -0.011325097;
 -0.049410228]
Keyframe: 3 Frame: 152 Frame from vFrameID : 153
Tcw:
[0.99964064, 0.026797643, 0.0007146587, 0.050407637;
 -0.0086103771, 0.34621385, -0.93811613, -0.01254152;
 -0.025386726, 0.93777281, 0.34632015, -0.0453711;
 0, 0, 0, 1]
Twc:
[0.99964064, -0.0086103771, -0.025386726, -0.051649328;
 0.026797643, 0.34621385, 0.93777281, 0.045539025;
 0.0007146587, -0.93811613, 0.34632015, 0.0039114985;
 0, 0, 0, 1]
Ow:
[0.050407637;
 -0.01254152;
 -0.0453711]
Keyframe: 4 Frame: 155 Frame from vFrameID : 156
Tcw:
[0.99951255, 0.026323354, -0.01678523, 0.054088157;
 -0.024559222, 0.33102578, -0.94330204, -0.016607374;
 -0.019274529, 0.94325447, 0.3315109, -0.043141272;
 0, 0, 0, 1]
Twc:
[0.99951255, -0.024559222, -0.019274529, -0.055301182;
 0.026323354, 0.33102578, 0.94325447, 0.044766884;
 -0.01678523, -0.94330204, 0.3315109, -0.00045608723;
 0, 0, 0, 1]
Ow:
[0.054088157;
 -0.016607374;
 -0.043141272]
Keyframe: 5 Frame: 158 Frame from vFrameID : 159
Tcw:
[0.99934399, 0.024534833, -0.026639229, 0.058513436;
 -0.033232175, 0.32885402, -0.94379586, -0.017283704;
 -0.014395455, 0.94406199, 0.32945365, -0.044394054;
 0, 0, 0, 1]
Twc:
[0.99934399, -0.033232175, -0.014395455, -0.059688501;
 0.024534833, 0.32885402, 0.94406199, 0.04615894;
 -0.026639229, -0.94379586, 0.32945365, -0.00012775352;
 0, 0, 0, 1]
Ow:
[0.058513436;
 -0.017283704;
 -0.044394054]
Keyframe: 6 Frame: 161 Frame from vFrameID : 162
Tcw:
[0.99851149, 0.020397617, -0.050584212, 0.0650855;
 -0.054473724, 0.32657921, -0.94359875, -0.021153048;
 -0.0027274136, 0.94494969, 0.32720423, -0.038204104;
 0, 0, 0, 1]
Twc:
[0.99851149, -0.054473724, -0.0027274136, -0.066245101;
 0.020397617, 0.32657921, 0.94494969, 0.041681517;
 -0.050584212, -0.94359875, 0.32720423, -0.0041671451;
 0, 0, 0, 1]
Ow:
[0.0650855;
 -0.021153048;
 -0.038204104]
Keyframe: 7 Frame: 164 Frame from vFrameID : 165
Tcw:
[0.99702954, 0.023588799, -0.073318921, 0.06738098;
 -0.077002369, 0.32571459, -0.94232726, -0.027663689;
 0.0016526737, 0.94517386, 0.32656345, -0.035001144;
 0, 0, 0, 1]
Twc:
[0.99702954, -0.077002369, 0.0016526737, -0.069253154;
 0.023588799, 0.32571459, 0.94517386, 0.040503196;
 -0.073318921, -0.94232726, 0.32656345, -0.0096978527;
 0, 0, 0, 1]
Ow:
[0.06738098;
 -0.027663689;
 -0.035001144]
Keyframe: 8 Frame: 168 Frame from vFrameID : 169
Tcw:
[0.99685037, 0.035577577, -0.070876792, 0.068036228;
 -0.078563906, 0.32112938, -0.94377095, -0.036442526;
 -0.010816464, 0.94636685, 0.32291308, -0.026603799;
 0, 0, 0, 1]
Twc:
[0.99685037, -0.078563906, -0.010816464, -0.07097277;
 0.035577577, 0.32112938, 0.94636685, 0.034459155;
 -0.070876792, -0.94377095, 0.32291308, -0.020980492;
 0, 0, 0, 1]
Ow:
[0.068036228;
 -0.036442526;
 -0.026603799]
Keyframe: 9 Frame: 172 Frame from vFrameID : 173
Tcw:
[0.99772292, 0.044955652, -0.050279252, 0.070169114;
 -0.061410919, 0.29727733, -0.95281422, -0.046410017;
 -0.027887501, 0.95373225, 0.29936117, -0.011055231;
 0, 0, 0, 1]
Twc:
[0.99772292, -0.061410919, -0.027887501, -0.073167711;
 0.044955652, 0.29727733, 0.95373225, 0.021185877;
 -0.050279252, -0.95281422, 0.29936117, -0.037382562;
 0, 0, 0, 1]
Ow:
[0.070169114;
 -0.046410017;
 -0.011055231]
Keyframe: 10 Frame: 177 Frame from vFrameID : 178
Tcw:
[0.99775499, 0.066914335, -0.0027350842, 0.067777365;
 -0.021043504, 0.27448311, -0.96136165, -0.04218794;
 -0.063578144, 0.95926088, 0.27527502, 0.015833091;
 0, 0, 0, 1]
Twc:
[0.99775499, -0.021043504, -0.063578144, -0.067506351;
 0.066914335, 0.27448311, 0.95926088, -0.0081434669;
 -0.0027350842, -0.96136165, 0.27527502, -0.044730943;
 0, 0, 0, 1]
Ow:
[0.067777365;
 -0.04218794;
 0.015833091]
Keyframe: 11 Frame: 183 Frame from vFrameID : 184
Tcw:
[0.99557155, 0.090022117, 0.027078651, 0.067648679;
 -0.0011212232, 0.2994011, -0.95412666, -0.050323486;
 -0.093999878, 0.94987106, 0.29817617, 0.051786318;
 0, 0, 0, 1]
Twc:
[0.99557155, -0.0011212232, -0.093999878, -0.062537618;
 0.090022117, 0.2994011, 0.94987106, -0.040213287;
 0.027078651, -0.95412666, 0.29817617, -0.065288261;
 0, 0, 0, 1]
Ow:
[0.067648679;
 -0.050323486;
 0.051786318]
Keyframe: 12 Frame: 189 Frame from vFrameID : 190
Tcw:
[0.99542505, 0.090644717, 0.030208388, 0.082970493;
 0.0016490178, 0.2998206, -0.95399415, -0.063487634;
 -0.095531635, 0.94967949, 0.29829943, 0.07690528;
 0, 0, 0, 1]
Twc:
[0.99542505, 0.0016490178, -0.095531635, -0.075139329;
 0.090644717, 0.2998206, 0.94967949, -0.06152131;
 0.030208388, -0.95399415, 0.29829943, -0.086014047;
 0, 0, 0, 1]
Ow:
[0.082970493;
 -0.063487634;
 0.07690528]
Keyframe: 13 Frame: 195 Frame from vFrameID : 196
Tcw:
[0.99580598, 0.09006761, 0.016072117, 0.091392025;
 -0.010382396, 0.28578275, -0.95823818, -0.07717789;
 -0.090899356, 0.95405245, 0.28551927, 0.10206181;
 0, 0, 0, 1]
Twc:
[0.99580598, -0.010382396, -0.090899356, -0.082532667;
 0.09006761, 0.28578275, 0.95405245, -0.083547667;
 0.016072117, -0.95823818, 0.28551927, -0.10456428;
 0, 0, 0, 1]
Ow:
[0.091392025;
 -0.07717789;
 0.10206181]
Keyframe: 14 Frame: 201 Frame from vFrameID : 202
Tcw:
[0.99514824, 0.096656621, 0.01836942, 0.11015167;
 -0.011294781, 0.29770607, -0.95459074, -0.089632474;
 -0.097736202, 0.94975185, 0.29735339, 0.14102799;
 0, 0, 0, 1]
Twc:
[0.99514824, -0.011294781, -0.097736202, -0.096846081;
 0.096656621, 0.29770607, 0.94975185, -0.11790435;
 0.01836942, -0.95459074, 0.29735339, -0.12952091;
 0, 0, 0, 1]
Ow:
[0.11015167;
 -0.089632474;
 0.14102799]
Keyframe: 15 Frame: 207 Frame from vFrameID : 208
Tcw:
[0.99525893, 0.095975608, 0.015760675, 0.12777698;
 -0.011318105, 0.27523002, -0.96131176, -0.1011159;
 -0.096600294, 0.95657575, 0.27501139, 0.17638355;
 0, 0, 0, 1]
Twc:
[0.99525893, -0.011318105, -0.096600294, -0.11127692;
 0.095975608, 0.27523002, 0.95657575, -0.15315756;
 0.015760675, -0.96131176, 0.27501139, -0.14772525;
 0, 0, 0, 1]
Ow:
[0.12777698;
 -0.1011159;
 0.17638355]
Keyframe: 16 Frame: 214 Frame from vFrameID : 215
Tcw:
[0.99442869, 0.095220916, 0.04521605, 0.1394452;
 0.016541338, 0.28267264, -0.95907378, -0.1182878;
 -0.10410523, 0.95447844, 0.27952272, 0.19597638;
 0, 0, 0, 1]
Twc:
[0.99442869, 0.016541338, -0.10410523, -0.11630952;
 0.095220916, 0.28267264, 0.95447844, -0.16689663;
 0.04521605, -0.95907378, 0.27952272, -0.17453176;
 0, 0, 0, 1]
Ow:
[0.1394452;
 -0.1182878;
 0.19597638]
Keyframe: 17 Frame: 221 Frame from vFrameID : 222
Tcw:
[0.99245846, 0.11724374, 0.035779178, 0.17454304;
 0.010081396, 0.2128239, -0.97703856, -0.067351349;
 -0.12216631, 0.97003084, 0.2100369, 0.36042467;
 0, 0, 0, 1]
Twc:
[0.99245846, 0.010081396, -0.12216631, -0.12851596;
 0.11724374, 0.2128239, 0.97003084, -0.35575315;
 0.035779178, -0.97703856, 0.2100369, -0.14775234;
 0, 0, 0, 1]
Ow:
[0.17454304;
 -0.067351349;
 0.36042467]
Keyframe: 18 Frame: 228 Frame from vFrameID : 229
Tcw:
[0.99373621, 0.11166507, 0.0043887482, 0.20947243;
 -0.019377781, 0.21085943, -0.97732431, -0.082624704;
 -0.1100584, 0.9711175, 0.21170248, 0.43213585;
 0, 0, 0, 1]
Twc:
[0.99373621, -0.019377781, -0.1100584, -0.16220124;
 0.11166507, 0.21085943, 0.9711175, -0.42562327;
 0.0043887482, -0.97732431, 0.21170248, -0.17315468;
 0, 0, 0, 1]
Ow:
[0.20947243;
 -0.082624704;
 0.43213585]
Keyframe: 19 Frame: 236 Frame from vFrameID : 237
Tcw:
[0.9936977, 0.11193752, -0.0059030196, 0.24635191;
 -0.031801365, 0.23102789, -0.97242725, -0.1092385;
 -0.10748733, 0.96648645, 0.23313165, 0.47250995;
 0, 0, 0, 1]
Twc:
[0.9936977, -0.031801365, -0.10748733, -0.19748443;
 0.11193752, 0.23102789, 0.96648645, -0.45901334;
 -0.0059030196, -0.97242725, 0.23313165, -0.2149293;
 0, 0, 0, 1]
Ow:
[0.24635191;
 -0.1092385;
 0.47250995]
Keyframe: 20 Frame: 244 Frame from vFrameID : 245
Tcw:
[0.98743808, 0.15683553, 0.019199749, 0.28160176;
 -0.014135889, 0.20871083, -0.97787523, -0.11430875;
 -0.15737277, 0.96531987, 0.20830604, 0.54930145;
 0, 0, 0, 1]
Twc:
[0.98743808, -0.014135889, -0.15737277, -0.19323507;
 0.15683553, 0.20871083, 0.96531987, -0.55055922;
 0.019199749, -0.97787523, 0.20830604, -0.23160918;
 0, 0, 0, 1]
Ow:
[0.28160176;
 -0.11430875;
 0.54930145]
Keyframe: 21 Frame: 252 Frame from vFrameID : 253
Tcw:
[0.98882002, 0.13661173, 0.059767652, 0.28213665;
 0.025894448, 0.23741196, -0.97106385, -0.1055782;
 -0.14684826, 0.96175504, 0.23122022, 0.6031304;
 0, 0, 0, 1]
Twc:
[0.98882002, 0.025894448, -0.14684826, -0.18767986;
 0.13661173, 0.23741196, 0.96175504, -0.59354138;
 0.059767652, -0.97106385, 0.23122022, -0.25884178;
 0, 0, 0, 1]
Ow:
[0.28213665;
 -0.1055782;
 0.6031304]
Keyframe: 22 Frame: 259 Frame from vFrameID : 260
Tcw:
[0.99447972, 0.10469451, -0.0070072645, 0.30041292;
 -0.030474549, 0.22428024, -0.97404808, -0.11440337;
 -0.10040589, 0.96888465, 0.22623268, 0.6302253;
 0, 0, 0, 1]
Twc:
[0.99447972, -0.030474549, -0.10040589, -0.23896265;
 0.10469451, 0.22428024, 0.96888465, -0.61640877;
 -0.0070072645, -0.97404808, 0.22623268, -0.25190687;
 0, 0, 0, 1]
Ow:
[0.30041292;
 -0.11440337;
 0.6302253]
Keyframe: 23 Frame: 266 Frame from vFrameID : 267
Tcw:
[0.99957407, 0.028126877, -0.0077789752, 0.30743706;
 -0.014842079, 0.26046914, -0.96536809, -0.13017182;
 -0.025126606, 0.96507239, 0.26077569, 0.65585142;
 0, 0, 0, 1]
Twc:
[0.99957407, -0.014842079, -0.025126606, -0.29275885;
 0.028126877, 0.26046914, 0.96507239, -0.60768557;
 -0.0077789752, -0.96536809, 0.26077569, -0.29430225;
 0, 0, 0, 1]
Ow:
[0.30743706;
 -0.13017182;
 0.65585142]
Keyframe: 24 Frame: 273 Frame from vFrameID : 274
Tcw:
[0.99954623, 0.020601923, -0.021974586, 0.32593015;
 -0.027284807, 0.31017816, -0.95028681, -0.11170316;
 -0.012761698, 0.95045519, 0.31059954, 0.69732177;
 0, 0, 0, 1]
Twc:
[0.99954623, -0.027284807, -0.012761698, -0.31993103;
 0.020601923, 0.31017816, 0.95045519, -0.63484001;
 -0.021974586, -0.95028681, 0.31059954, -0.31557569;
 0, 0, 0, 1]
Ow:
[0.32593015;
 -0.11170316;
 0.69732177]
Keyframe: 25 Frame: 281 Frame from vFrameID : 282
Tcw:
[0.99914151, 0.0087960558, -0.040482793, 0.34732658;
 -0.041400857, 0.24696402, -0.96813983, -0.13530453;
 0.0014819812, 0.96898472, 0.24711616, 0.71583897;
 0, 0, 0, 1]
Twc:
[0.99914151, -0.041400857, 0.0014819812, -0.35369098;
 0.0087960558, 0.24696402, 0.96898472, -0.66327679;
 -0.040482793, -0.96813983, 0.24711616, -0.29382834;
 0, 0, 0, 1]
Ow:
[0.34732658;
 -0.13530453;
 0.71583897]
Keyframe: 26 Frame: 288 Frame from vFrameID : 289
Tcw:
[0.99836439, 0.057033923, 0.0039590206, 0.36397579;
 -0.011096481, 0.26124132, -0.96520972, -0.17619205;
 -0.056083959, 0.96358711, 0.26144689, 0.74312228;
 0, 0, 0, 1]
Twc:
[0.99836439, -0.011096481, -0.056083959, -0.32365832;
 0.057033923, 0.26124132, 0.96358711, -0.6907934;
 0.0039590206, -0.96520972, 0.26144689, -0.36579031;
 0, 0, 0, 1]
Ow:
[0.36397579;
 -0.17619205;
 0.74312228]
Keyframe: 27 Frame: 296 Frame from vFrameID : 297
Tcw:
[0.99364173, 0.09575206, 0.059225813, 0.37280566;
 0.030556696, 0.27694497, -0.96039981, -0.19354905;
 -0.10836255, 0.95610303, 0.27225822, 0.77441835;
 0, 0, 0, 1]
Twc:
[0.99364173, 0.030556696, -0.10836255, -0.28060308;
 0.09575206, 0.27694497, 0.95610303, -0.72251821;
 0.059225813, -0.96039981, 0.27225822, -0.41880593;
 0, 0, 0, 1]
Ow:
[0.37280566;
 -0.19354905;
 0.77441835]
Keyframe: 28 Frame: 305 Frame from vFrameID : 306
Tcw:
[0.98907149, 0.12220608, 0.082481675, 0.38694018;
 0.048649911, 0.25758919, -0.965029, -0.21396853;
 -0.1391788, 0.95849544, 0.24882881, 0.7948097;
 0, 0, 0, 1]
Twc:
[0.98907149, 0.048649911, -0.1391788, -0.26168132;
 0.12220608, 0.25758919, 0.95849544, -0.7539919;
 0.082481675, -0.965029, 0.24882881, -0.43617287;
 0, 0, 0, 1]
Ow:
[0.38694018;
 -0.21396853;
 0.7948097]
Keyframe: 29 Frame: 313 Frame from vFrameID : 314
Tcw:
[0.98386705, 0.14639501, 0.1028304, 0.40900528;
 0.057369817, 0.28625476, -0.95643449, -0.25054777;
 -0.16945294, 0.94690377, 0.273238, 0.81058133;
 0, 0, 0, 1]
Twc:
[0.98386705, 0.057369817, -0.16945294, -0.25067759;
 0.14639501, 0.28625476, 0.94690377, -0.75569826;
 0.1028304, -0.95643449, 0.273238, -0.50317228;
 0, 0, 0, 1]
Ow:
[0.40900528;
 -0.25054777;
 0.81058133]
Keyframe: 30 Frame: 319 Frame from vFrameID : 320
Tcw:
[0.98738462, 0.11855587, 0.10495786, 0.43707511;
 0.070404552, 0.2650111, -0.96167165, -0.27137703;
 -0.14182681, 0.95692927, 0.25332102, 0.82705247;
 0, 0, 0, 1]
Twc:
[0.98738462, 0.070404552, -0.14182681, -0.29515681;
 0.11855587, 0.2650111, 0.95692927, -0.7713306;
 0.10495786, -0.96167165, 0.25332102, -0.51635981;
 0, 0, 0, 1]
Ow:
[0.43707511;
 -0.27137703;
 0.82705247]
Keyframe: 31 Frame: 327 Frame from vFrameID : 328
Tcw:
[0.98097992, 0.13744567, 0.13706593, 0.44127595;
 0.095799074, 0.27132371, -0.95770872, -0.28136033;
 -0.16882215, 0.95262378, 0.25299597, 0.85978502;
 0, 0, 0, 1]
Twc:
[0.98097992, 0.095799074, -0.16882215, -0.26077807;
 0.13744567, 0.27132371, 0.95262378, -0.80336344;
 0.13706593, -0.95770872, 0.25299597, -0.54746723;
 0, 0, 0, 1]
Ow:
[0.44127595;
 -0.28136033;
 0.85978502]
Keyframe: 32 Frame: 332 Frame from vFrameID : 333
Tcw:
[0.9861123, 0.1119263, 0.12269884, 0.49007818;
 0.088248223, 0.27273974, -0.95803201, -0.29190242;
 -0.14069383, 0.95555508, 0.25907472, 0.87311375;
 0, 0, 0, 1]
Twc:
[0.9861123, 0.088248223, -0.14069383, -0.33467054;
 0.1119263, 0.27273974, 0.95555508, -0.80954754;
 0.12269884, -0.95803201, 0.25907472, -0.56598556;
 0, 0, 0, 1]
Ow:
[0.49007818;
 -0.29190242;
 0.87311375]
Keyframe: 33 Frame: 339 Frame from vFrameID : 340
Tcw:
[0.98895979, 0.10152279, 0.10794269, 0.51150876;
 0.076373197, 0.27503121, -0.95839709, -0.301413;
 -0.12698676, 0.95606011, 0.26424119, 0.89847136;
 0, 0, 0, 1]
Twc:
[0.98895979, 0.076373197, -0.12698676, -0.36874777;
 0.10152279, 0.27503121, 0.95606011, -0.82802451;
 0.10794269, -0.95839709, 0.26424119, -0.58150011;
 0, 0, 0, 1]
Ow:
[0.51150876;
 -0.301413;
 0.89847136]
Keyframe: 34 Frame: 345 Frame from vFrameID : 346
Tcw:
[0.98794091, 0.11433695, 0.10440227, 0.52555847;
 0.067569986, 0.28831133, -0.95514965, -0.30380225;
 -0.13930926, 0.95068586, 0.27710882, 0.93282765;
 0, 0, 0, 1]
Twc:
[0.98794091, 0.067569986, -0.13930926, -0.36874127;
 0.11433695, 0.28831133, 0.95068586, -0.8593272;
 0.10440227, -0.95514965, 0.27710882, -0.6035409;
 0, 0, 0, 1]
Ow:
[0.52555847;
 -0.30380225;
 0.93282765]
Keyframe: 35 Frame: 350 Frame from vFrameID : 351
Tcw:
[0.98528612, 0.11623356, 0.12530398, 0.53632379;
 0.086491846, 0.29324445, -0.95211703, -0.31817266;
 -0.14741264, 0.94894546, 0.27887642, 0.95595372;
 0, 0, 0, 1]
Twc:
[0.98528612, 0.086491846, -0.14741264, -0.35999337;
 0.11623356, 0.29324445, 0.94894546, -0.87618434;
 0.12530398, -0.95211703, 0.27887642, -0.63673407;
 0, 0, 0, 1]
Ow:
[0.53632379;
 -0.31817266;
 0.95595372]
Keyframe: 36 Frame: 355 Frame from vFrameID : 356
Tcw:
[0.98489988, 0.11245083, 0.13163233, 0.56117678;
 0.097504042, 0.26798254, -0.95847708, -0.31636083;
 -0.14305671, 0.95683861, 0.25297156, 0.98328471;
 0, 0, 0, 1]
Twc:
[0.98489988, 0.097504042, -0.14305671, -0.38119099;
 0.11245083, 0.26798254, 0.95683861, -0.91917044;
 0.13163233, -0.95847708, 0.25297156, -0.62583667;
 0, 0, 0, 1]
Ow:
[0.56117678;
 -0.31636083;
 0.98328471]
Keyframe: 37 Frame: 361 Frame from vFrameID : 362
Tcw:
[0.98694474, 0.10457566, 0.12249094, 0.59853584;
 0.091212764, 0.26389787, -0.96022815, -0.3153069;
 -0.1327416, 0.95886487, 0.25091398, 1.0038767;
 0, 0, 0, 1]
Twc:
[0.98694474, 0.091212764, -0.1327416, -0.42870557;
 0.10457566, 0.26389787, 0.95886487, -0.94196558;
 0.12249094, -0.96022815, 0.25091398, -0.62796849;
 0, 0, 0, 1]
Ow:
[0.59853584;
 -0.3153069;
 1.0038767]
Keyframe: 38 Frame: 367 Frame from vFrameID : 368
Tcw:
[0.99089855, 0.10379492, 0.085712634, 0.62732303;
 0.057198919, 0.25173673, -0.96610397, -0.32399645;
 -0.12185369, 0.9622137, 0.24350859, 1.0369509;
 0, 0, 0, 1]
Twc:
[0.99089855, 0.057198919, -0.12185369, -0.47672495;
 0.10379492, 0.25173673, 0.9622137, -0.98131961;
 0.085712634, -0.96610397, 0.24350859, -0.61929029;
 0, 0, 0, 1]
Ow:
[0.62732303;
 -0.32399645;
 1.0369509]
Keyframe: 39 Frame: 373 Frame from vFrameID : 374
Tcw:
[0.99216425, 0.10025892, 0.07455375, 0.63589323;
 0.04670075, 0.25586775, -0.96558309, -0.3279838;
 -0.11588421, 0.96149874, 0.24918067, 1.0501621;
 0, 0, 0, 1]
Twc:
[0.99216425, 0.04670075, -0.11588421, -0.49389622;
 0.10025892, 0.25586775, 0.96149874, -0.98956299;
 0.07455375, -0.96558309, 0.24918067, -0.62578392;
 0, 0, 0, 1]
Ow:
[0.63589323;
 -0.3279838;
 1.0501621]
Keyframe: 40 Frame: 379 Frame from vFrameID : 380
Tcw:
[0.9922542, 0.10110913, 0.072169885, 0.65164912;
 0.043638416, 0.26023129, -0.96455967, -0.32945049;
 -0.11630666, 0.9602378, 0.25380334, 1.091272;
 0, 0, 0, 1]
Twc:
[0.9922542, 0.043638416, -0.11630666, -0.50530273;
 0.10110913, 0.26023129, 0.9602378, -1.0280349;
 0.072169885, -0.96455967, 0.25380334, -0.64177263;
 0, 0, 0, 1]
Ow:
[0.65164912;
 -0.32945049;
 1.091272]
Keyframe: 41 Frame: 386 Frame from vFrameID : 387
Tcw:
[0.99411184, 0.090712182, 0.059270069, 0.67540997;
 0.036522329, 0.23447549, -0.97143573, -0.33869174;
 -0.10201843, 0.96788043, 0.22978185, 1.1242445;
 0, 0, 0, 1]
Twc:
[0.99411184, 0.036522329, -0.10201843, -0.54436964;
 0.090712182, 0.23447549, 0.96788043, -1.0699873;
 0.059270069, -0.97143573, 0.22978185, -0.62737983;
 0, 0, 0, 1]
Ow:
[0.67540997;
 -0.33869174;
 1.1242445]
Keyframe: 42 Frame: 393 Frame from vFrameID : 394
Tcw:
[0.99599439, 0.08166334, 0.036417544, 0.71871251;
 0.017960431, 0.21626815, -0.97616881, -0.34771261;
 -0.087593161, 0.97291273, 0.21393517, 1.146637;
 0, 0, 0, 1]
Twc:
[0.99599439, 0.017960431, -0.087593161, -0.60915107;
 0.08166334, 0.21626815, 0.97291273, -1.099071;
 0.036417544, -0.97616881, 0.21393517, -0.61090589;
 0, 0, 0, 1]
Ow:
[0.71871251;
 -0.34771261;
 1.146637]
Keyframe: 43 Frame: 400 Frame from vFrameID : 401
Tcw:
[0.99848753, 0.014427131, 0.053052366, 0.78898233;
 0.048654813, 0.21745461, -0.97485703, -0.34658793;
 -0.025600871, 0.97596383, 0.21642375, 1.186667;
 0, 0, 0, 1]
Twc:
[0.99848753, 0.048654813, -0.025600871, -0.74054611;
 0.014427131, 0.21745461, 0.97596383, -1.0941595;
 0.053052366, -0.97485703, 0.21642375, -0.63655394;
 0, 0, 0, 1]
Ow:
[0.78898233;
 -0.34658793;
 1.186667]
Keyframe: 44 Frame: 408 Frame from vFrameID : 409
Tcw:
[0.99847275, 0.037880249, 0.040215407, 0.7953018;
 0.032237828, 0.19165671, -0.98093241, -0.36043155;
 -0.044865515, 0.98073077, 0.19014281, 1.2115111;
 0, 0, 0, 1]
Twc:
[0.99847275, 0.032237828, -0.044865515, -0.72811252;
 0.037880249, 0.19165671, 0.98073077, -1.1492133;
 0.040215407, -0.98093241, 0.19014281, -0.61590254;
 0, 0, 0, 1]
Ow:
[0.7953018;
 -0.36043155;
 1.2115111]
Keyframe: 45 Frame: 415 Frame from vFrameID : 416
Tcw:
[0.99709493, 0.052849174, 0.054851118, 0.80302358;
 0.044249747, 0.18422958, -0.98188668, -0.37886232;
 -0.061997097, 0.98146135, 0.18135582, 1.2354983;
 0, 0, 0, 1]
Twc:
[0.99709493, 0.044249747, -0.061997097, -0.70732892;
 0.052849174, 0.18422958, 0.98146135, -1.1852354;
 0.054851118, -0.98188668, 0.18135582, -0.64011139;
 0, 0, 0, 1]
Ow:
[0.80302358;
 -0.37886232;
 1.2354983]
Keyframe: 46 Frame: 422 Frame from vFrameID : 423
Tcw:
[0.99426264, 0.050988708, 0.094031416, 0.83108753;
 0.086726964, 0.13028724, -0.98767591, -0.41075516;
 -0.062611409, 0.99016434, 0.12511764, 1.2685422;
 0, 0, 0, 1]
Twc:
[0.99426264, 0.086726964, -0.062611409, -0.71127057;
 0.050988708, 0.13028724, 0.99016434, -1.2449251;
 0.094031416, -0.98767591, 0.12511764, -0.64255834;
 0, 0, 0, 1]
Ow:
[0.83108753;
 -0.41075516;
 1.2685422]
Keyframe: 47 Frame: 430 Frame from vFrameID : 431
Tcw:
[0.98738825, 0.076061122, 0.13884945, 0.85392886;
 0.12669905, 0.14625195, -0.98110026, -0.4200744;
 -0.094930589, 0.98631895, 0.13477059, 1.2982762;
 0, 0, 0, 1]
Twc:
[0.98738825, 0.12669905, -0.094930589, -0.66669017;
 0.076061122, 0.14625195, 0.98631895, -1.2840285;
 0.13884945, -0.98110026, 0.13477059, -0.70567209;
 0, 0, 0, 1]
Ow:
[0.85392886;
 -0.4200744;
 1.2982762]
Keyframe: 48 Frame: 438 Frame from vFrameID : 439
Tcw:
[0.97088599, 0.14227691, 0.19271129, 0.79567772;
 0.16677053, 0.17602809, -0.97015548, -0.44303185;
 -0.17195334, 0.97404897, 0.14717561, 1.3336121;
 0, 0, 0, 1]
Twc:
[0.97088599, 0.16677053, -0.17195334, -0.46930867;
 0.14227691, 0.17602809, 0.97404897, -1.334224;
 0.19271129, -0.97015548, 0.14717561, -0.77942103;
 0, 0, 0, 1]
Ow:
[0.79567772;
 -0.44303185;
 1.3336121]
Keyframe: 49 Frame: 446 Frame from vFrameID : 447
Tcw:
[0.96570247, 0.16263573, 0.20240636, 0.80691147;
 0.17159081, 0.18531622, -0.96758175, -0.43537861;
 -0.19487256, 0.96912718, 0.15105355, 1.3648704;
 0, 0, 0, 1]
Twc:
[0.96570247, 0.17159081, -0.19487256, -0.4385536;
 0.16263573, 0.18531622, 0.96912718, -1.373283;
 0.20240636, -0.96758175, 0.15105355, -0.79075694;
 0, 0, 0, 1]
Ow:
[0.80691147;
 -0.43537861;
 1.3648704]
Keyframe: 50 Frame: 454 Frame from vFrameID : 455
Tcw:
[0.98157036, 0.10806322, 0.15761322, 0.8341521;
 0.13664147, 0.17971675, -0.97418225, -0.46672541;
 -0.133599, 0.9777649, 0.16163872, 1.4046254;
 0, 0, 0, 1]
Twc:
[0.98157036, 0.13664147, -0.133599, -0.56734842;
 0.10806322, 0.17971675, 0.9777649, -1.3796563;
 0.15761322, -0.97418225, 0.16163872, -0.81319088;
 0, 0, 0, 1]
Ow:
[0.8341521;
 -0.46672541;
 1.4046254]
Keyframe: 51 Frame: 463 Frame from vFrameID : 464
Tcw:
[0.98845685, 0.08143393, 0.12775579, 0.8804999;
 0.10957309, 0.19808766, -0.97404057, -0.45676845;
 -0.1046268, 0.97679567, 0.18687814, 1.4199017;
 0, 0, 0, 1]
Twc:
[0.98845685, 0.10957309, -0.1046268, -0.67172688;
 0.08143393, 0.19808766, 0.97679567, -1.3681762;
 0.12775579, -0.97404057, 0.18687814, -0.82274854;
 0, 0, 0, 1]
Ow:
[0.8804999;
 -0.45676845;
 1.4199017]
Keyframe: 52 Frame: 471 Frame from vFrameID : 472
Tcw:
[0.99769008, 0.018413048, 0.065387323, 0.9469946;
 0.060649198, 0.19211933, -0.9794957, -0.45374018;
 -0.03059767, 0.98119885, 0.19055881, 1.4420317;
 0, 0, 0, 1]
Twc:
[0.99769008, 0.060649198, -0.03059767, -0.87316531;
 0.018413048, 0.19211933, 0.98119885, -1.3451846;
 0.065387323, -0.9794957, 0.19055881, -0.7811498;
 0, 0, 0, 1]
Ow:
[0.9469946;
 -0.45374018;
 1.4420317]
Keyframe: 53 Frame: 479 Frame from vFrameID : 480
Tcw:
[0.9993, -0.024618743, -0.028167512, 0.97646105;
 -0.022047533, 0.22071531, -0.97508907, -0.46172717;
 0.030222468, 0.9750275, 0.22001803, 1.4522405;
 0, 0, 0, 1]
Twc:
[0.9993, -0.022047533, 0.030222468, -1.0298477;
 -0.024618743, 0.22071531, 0.9750275, -1.2900249;
 -0.028167512, -0.97508907, 0.22001803, -0.74223971;
 0, 0, 0, 1]
Ow:
[0.97646105;
 -0.46172717;
 1.4522405]
Keyframe: 54 Frame: 487 Frame from vFrameID : 488
Tcw:
[0.99686766, -0.043111298, -0.066304944, 1.0124627;
 -0.053593487, 0.24829932, -0.96719968, -0.47977218;
 0.058160707, 0.96772355, 0.24521106, 1.4928361;
 0, 0, 0, 1]
Twc:
[0.99686766, -0.053593487, 0.058160707, -1.1218283;
 -0.043111298, 0.24829932, 0.96772355, -1.2818769;
 -0.066304944, -0.96719968, 0.24521106, -0.76296413;
 0, 0, 0, 1]
Ow:
[1.0124627;
 -0.47977218;
 1.4928361]
Keyframe: 55 Frame: 495 Frame from vFrameID : 496
Tcw:
[0.99547344, -0.074114725, -0.059495211, 1.026886;
 -0.041201767, 0.22757822, -0.97288775, -0.49275079;
 0.085645124, 0.97093523, 0.22349441, 1.5184183;
 0, 0, 0, 1]
Twc:
[0.99547344, -0.041201767, 0.085645124, -1.172585;
 -0.074114725, 0.22757822, 0.97093523, -1.286039;
 -0.059495211, -0.97288775, 0.22349441, -0.75765443;
 0, 0, 0, 1]
Ow:
[1.026886;
 -0.49275079;
 1.5184183]
Keyframe: 56 Frame: 503 Frame from vFrameID : 504
Tcw:
[0.99855876, -0.04131595, -0.034255054, 1.0193831;
 -0.021231411, 0.28209409, -0.9591518, -0.52251542;
 0.049291417, 0.95849669, 0.28081033, 1.5396883;
 0, 0, 0, 1]
Twc:
[0.99855876, -0.021231411, 0.049291417, -1.104901;
 -0.04131595, 0.28209409, 0.95849669, -1.286271;
 -0.034255054, -0.9591518, 0.28081033, -0.89861298;
 0, 0, 0, 1]
Ow:
[1.0193831;
 -0.52251542;
 1.5396883]
Keyframe: 57 Frame: 511 Frame from vFrameID : 512
Tcw:
[0.99718297, -0.023674686, -0.071173184, 1.0448104;
 -0.0627698, 0.25606039, -0.96462065, -0.56285149;
 0.041061725, 0.96637082, 0.25385302, 1.5872563;
 0, 0, 0, 1]
Twc:
[0.99718297, -0.0627698, 0.041061725, -1.1423727;
 -0.023674686, 0.25606039, 0.96637082, -1.3650186;
 -0.071173184, -0.96462065, 0.25385302, -0.8715055;
 0, 0, 0, 1]
Ow:
[1.0448104;
 -0.56285149;
 1.5872563]
Keyframe: 58 Frame: 519 Frame from vFrameID : 520
Tcw:
[0.9974094, -0.013164517, -0.070719384, 1.0588478;
 -0.064216755, 0.28006187, -0.95783168, -0.57203078;
 0.032415193, 0.95989168, 0.27849093, 1.6077219;
 0, 0, 0, 1]
Twc:
[0.9974094, -0.064216755, 0.032415193, -1.1449534;
 -0.013164517, 0.28006187, 0.95989168, -1.3690957;
 -0.070719384, -0.95783168, 0.27849093, -0.92076415;
 0, 0, 0, 1]
Ow:
[1.0588478;
 -0.57203078;
 1.6077219]
Keyframe: 59 Frame: 527 Frame from vFrameID : 528
Tcw:
[0.99945676, 0.026125805, -0.020089842, 1.0691235;
 -0.026532983, 0.27628013, -0.96071082, -0.60438776;
 -0.019548919, 0.96072197, 0.27682325, 1.6487751;
 0, 0, 0, 1]
Twc:
[0.99945676, -0.026532983, -0.019548919, -1.0523473;
 0.026125805, 0.27628013, 0.96072197, -1.444966;
 -0.020089842, -0.96071082, 0.27682325, -1.0155827;
 0, 0, 0, 1]
Ow:
[1.0691235;
 -0.60438776;
 1.6487751]
Keyframe: 60 Frame: 536 Frame from vFrameID : 537
Tcw:
[0.99478132, 0.072589584, 0.071699925, 1.0625949;
 0.047866277, 0.2885724, -0.95626086, -0.67431951;
 -0.090105191, 0.95470244, 0.28359184, 1.6790361;
 0, 0, 0, 1]
Twc:
[0.99478132, 0.047866277, -0.090105191, -0.87348253;
 0.072589584, 0.2885724, 0.95470244, -1.4855231;
 0.071699925, -0.95626086, 0.28359184, -1.1971742;
 0, 0, 0, 1]
Ow:
[1.0625949;
 -0.67431951;
 1.6790361]
Keyframe: 61 Frame: 545 Frame from vFrameID : 546
Tcw:
[0.98779136, 0.067287929, 0.14050117, 1.1092112;
 0.12110943, 0.2355783, -0.96427971, -0.69609571;
 -0.097983405, 0.96952319, 0.224553, 1.7290871;
 0, 0, 0, 1]
Twc:
[0.98779136, 0.12110943, -0.097983405, -0.84194362;
 0.067287929, 0.2355783, 0.96952319, -1.5870416;
 0.14050117, -0.96427971, 0.224553, -1.2153481;
 0, 0, 0, 1]
Ow:
[1.1092112;
 -0.69609571;
 1.7290871]
Keyframe: 62 Frame: 553 Frame from vFrameID : 554
Tcw:
[0.98810005, 0.093797952, 0.12190271, 1.1285012;
 0.09754914, 0.23061289, -0.96814352, -0.68583542;
 -0.11892222, 0.96851414, 0.21871869, 1.7589467;
 0, 0, 0, 1]
Twc:
[0.98810005, 0.09754914, -0.11892222, -0.83899152;
 0.093797952, 0.23061289, 0.96851414, -1.6512533;
 0.12190271, -0.96814352, 0.21871869, -1.1862689;
 0, 0, 0, 1]
Ow:
[1.1285012;
 -0.68583542;
 1.7589467]
Keyframe: 63 Frame: 561 Frame from vFrameID : 562
Tcw:
[0.98891664, 0.055536903, 0.13769349, 1.1615375;
 0.11963462, 0.25116628, -0.96052229, -0.679986;
 -0.087928392, 0.96634942, 0.24173838, 1.7801095;
 0, 0, 0, 1]
Twc:
[0.98891664, 0.11963462, -0.087928392, -0.91079181;
 0.055536903, 0.25116628, 0.96634942, -1.6139264;
 0.13769349, -0.96052229, 0.24173838, -1.2433987;
 0, 0, 0, 1]
Ow:
[1.1615375;
 -0.679986;
 1.7801095]
Keyframe: 64 Frame: 569 Frame from vFrameID : 570
Tcw:
[0.98027211, 0.08468473, 0.17859204, 1.1754577;
 0.15408854, 0.23846294, -0.95884937, -0.71737182;
 -0.12378749, 0.96745229, 0.22070962, 1.8335733;
 0, 0, 0, 1]
Twc:
[0.98027211, 0.15408854, -0.12378749, -0.81475621;
 0.08468473, 0.23846294, 0.96745229, -1.7023715;
 0.17859204, -0.95884937, 0.22070962, -1.3024663;
 0, 0, 0, 1]
Ow:
[1.1754577;
 -0.71737182;
 1.8335733]
Keyframe: 65 Frame: 578 Frame from vFrameID : 579
Tcw:
[0.99046081, 0.080139346, 0.11209398, 1.2198229;
 0.092887081, 0.21256922, -0.9727211, -0.73747873;
 -0.10178097, 0.97385418, 0.20309758, 1.8677151;
 0, 0, 0, 1]
Twc:
[0.99046081, 0.092887081, -0.10178097, -0.94958669;
 0.080139346, 0.21256922, 0.97385418, -1.7598728;
 0.11209398, -0.9727211, 0.20309758, -1.2334243;
 0, 0, 0, 1]
Ow:
[1.2198229;
 -0.73747873;
 1.8677151]
Keyframe: 66 Frame: 586 Frame from vFrameID : 587
Tcw:
[0.98955542, 0.089932673, 0.11265986, 1.2380128;
 0.088375032, 0.23895775, -0.96700001, -0.76195729;
 -0.11388584, 0.96685642, 0.22851412, 1.8971983;
 0, 0, 0, 1]
Twc:
[0.98955542, 0.088375032, -0.11388584, -0.94168025;
 0.089932673, 0.23895775, 0.96685642, -1.7635806;
 0.11265986, -0.96700001, 0.22851412, -1.3098238;
 0, 0, 0, 1]
Ow:
[1.2380128;
 -0.76195729;
 1.8971983]
Keyframe: 67 Frame: 595 Frame from vFrameID : 596
Tcw:
[0.98697668, 0.11745854, 0.10991122, 1.2664216;
 0.080534354, 0.23067351, -0.96969271, -0.79184026;
 -0.13925231, 0.96591574, 0.21820992, 1.9576399;
 0, 0, 0, 1]
Twc:
[0.98697668, 0.080534354, -0.13925231, -0.91355234;
 0.11745854, 0.23067351, 0.96591574, -1.8570108;
 0.10991122, -0.96969271, 0.21820992, -1.3342122;
 0, 0, 0, 1]
Ow:
[1.2664216;
 -0.79184026;
 1.9576399]
Keyframe: 68 Frame: 604 Frame from vFrameID : 605
Tcw:
[0.98467523, 0.13035549, 0.11585388, 1.2739677;
 0.086271204, 0.21324611, -0.97318208, -0.7450515;
 -0.15156503, 0.96826315, 0.19873223, 2.0072937;
 0, 0, 0, 1]
Twc:
[0.98467523, 0.086271204, -0.15156503, -0.88593245;
 0.13035549, 0.21324611, 0.96826315, -1.950778;
 0.11585388, -0.97318208, 0.19873223, -1.2715789;
 0, 0, 0, 1]
Ow:
[1.2739677;
 -0.7450515;
 2.0072937]
Keyframe: 69 Frame: 612 Frame from vFrameID : 613
Tcw:
[0.98520178, 0.13294876, 0.10817646, 1.3128667;
 0.077250823, 0.21897268, -0.97266811, -0.77817094;
 -0.15300271, 0.96663105, 0.20546186, 2.0460351;
 0, 0, 0, 1]
Twc:
[0.98520178, 0.077250823, -0.15300271, -0.92027521;
 0.13294876, 0.21897268, 0.96663105, -1.9819068;
 0.10817646, -0.97266811, 0.20546186, -1.3193055;
 0, 0, 0, 1]
Ow:
[1.3128667;
 -0.77817094;
 2.0460351]
Keyframe: 70 Frame: 620 Frame from vFrameID : 621
Tcw:
[0.98576963, 0.14238241, 0.089361496, 1.3454293;
 0.055454135, 0.22639763, -0.97245514, -0.75945902;
 -0.15869173, 0.9635722, 0.21528022, 2.0989544;
 0, 0, 0, 1]
Twc:
[0.98576963, 0.055454135, -0.15869173, -0.95108145;
 0.14238241, 0.22639763, 0.9635722, -2.0421197;
 0.089361496, -0.97245514, 0.21528022, -1.3106327;
 0, 0, 0, 1]
Ow:
[1.3454293;
 -0.75945902;
 2.0989544]
Keyframe: 71 Frame: 629 Frame from vFrameID : 630
Tcw:
[0.98510319, 0.14242907, 0.096362241, 1.349439;
 0.069874927, 0.18048473, -0.98109263, -0.73347342;
 -0.15712802, 0.97321081, 0.16784386, 2.1783524;
 0, 0, 0, 1]
Twc:
[0.98510319, 0.069874927, -0.15712802, -0.93580514;
 0.14242907, 0.18048473, 0.97321081, -2.1798143;
 0.096362241, -0.98109263, 0.16784386, -1.2152634;
 0, 0, 0, 1]
Ow:
[1.349439;
 -0.73347342;
 2.1783524]
Keyframe: 72 Frame: 638 Frame from vFrameID : 639
Tcw:
[0.98283499, 0.14103059, 0.11893593, 1.3993911;
 0.087637998, 0.21039358, -0.97368073, -0.78265989;
 -0.16234212, 0.96739078, 0.19442253, 2.2015877;
 0, 0, 0, 1]
Twc:
[0.98283499, 0.087637998, -0.16234212, -0.94936931;
 0.14103059, 0.21039358, 0.96739078, -2.1624861;
 0.11893593, -0.97368073, 0.19442253, -1.356537;
 0, 0, 0, 1]
Ow:
[1.3993911;
 -0.78265989;
 2.2015877]
Keyframe: 73 Frame: 646 Frame from vFrameID : 647
Tcw:
[0.98597026, 0.14234005, 0.087189026, 1.412885;
 0.064522117, 0.15674086, -0.9855299, -0.81363511;
 -0.15394646, 0.97732884, 0.14535776, 2.2541947;
 0, 0, 0, 1]
Twc:
[0.98597026, 0.064522117, -0.15394646, -0.99353987;
 0.14234005, 0.15674086, 0.97732884, -2.2766697;
 0.087189026, -0.9855299, 0.14535776, -1.2527144;
 0, 0, 0, 1]
Ow:
[1.412885;
 -0.81363511;
 2.2541947]
Keyframe: 74 Frame: 654 Frame from vFrameID : 655
Tcw:
[0.99126101, 0.12444156, 0.043771073, 1.4767547;
 0.019549899, 0.18956566, -0.98167342, -0.81957215;
 -0.13045846, 0.97395027, 0.18547623, 2.2961733;
 0, 0, 0, 1]
Twc:
[0.99126101, 0.019549899, -0.13045846, -1.1482716;
 0.12444156, 0.18956566, 0.97395027, -2.2647655;
 0.043771073, -0.98167342, 0.18547623, -1.2950768;
 0, 0, 0, 1]
Ow:
[1.4767547;
 -0.81957215;
 2.2961733]
Keyframe: 75 Frame: 662 Frame from vFrameID : 663
Tcw:
[0.98546237, 0.14256294, 0.092410363, 1.4808997;
 0.061472975, 0.20786539, -0.97622389, -0.83633673;
 -0.15838227, 0.96771264, 0.19607976, 2.3367386;
 0, 0, 0, 1]
Twc:
[0.98546237, 0.061472975, -0.15838227, -1.0378609;
 0.14256294, 0.20786539, 0.96771264, -2.2985678;
 0.092410363, -0.97622389, 0.19607976, -1.4114895;
 0, 0, 0, 1]
Ow:
[1.4808997;
 -0.83633673;
 2.3367386]
Keyframe: 76 Frame: 670 Frame from vFrameID : 671
Tcw:
[0.97696757, 0.16422899, 0.13624668, 1.4961709;
 0.095945895, 0.23223291, -0.96791643, -0.89828837;
 -0.1906009, 0.95869529, 0.21112694, 2.3743453;
 0, 0, 0, 1]
Twc:
[0.97696757, 0.095945895, -0.1906009, -0.92297107;
 0.16422899, 0.23223291, 0.95869529, -2.3133762;
 0.13624668, -0.96791643, 0.21112694, -1.5746047;
 0, 0, 0, 1]
Ow:
[1.4961709;
 -0.89828837;
 2.3743453]
Keyframe: 77 Frame: 678 Frame from vFrameID : 679
Tcw:
[0.97860777, 0.17045808, 0.11519909, 1.4995131;
 0.075017877, 0.22573997, -0.97129488, -0.84791696;
 -0.1915701, 0.95915878, 0.20812349, 2.4649684;
 0, 0, 0, 1]
Twc:
[0.97860777, 0.075017877, -0.1915701, -0.93161207;
 0.17045808, 0.22573997, 0.95915878, -2.4284914;
 0.11519909, -0.97129488, 0.20812349, -1.5093379;
 0, 0, 0, 1]
Ow:
[1.4995131;
 -0.84791696;
 2.4649684]
Keyframe: 78 Frame: 686 Frame from vFrameID : 687
Tcw:
[0.98075634, 0.16539273, 0.10374124, 1.5281966;
 0.062353957, 0.23818277, -0.96921664, -0.91021496;
 -0.18501076, 0.95703405, 0.22328636, 2.4703765;
 0, 0, 0, 1]
Twc:
[0.98075634, 0.062353957, -0.18501076, -0.98498672;
 0.16539273, 0.23818277, 0.95703405, -2.4001896;
 0.10374124, -0.96921664, 0.22328636, -1.592334;
 0, 0, 0, 1]
Ow:
[1.5281966;
 -0.91021496;
 2.4703765]
Keyframe: 79 Frame: 694 Frame from vFrameID : 695
Tcw:
[0.98275608, 0.16336472, 0.086616933, 1.5658262;
 0.049480904, 0.21900555, -0.97446817, -0.81788027;
 -0.17816332, 0.96195036, 0.2071456, 2.5305448;
 0, 0, 0, 1]
Twc:
[0.98275608, 0.049480904, -0.17816332, -1.0475054;
 0.16336472, 0.21900555, 0.96195036, -2.5109391;
 0.086616933, -0.97446817, 0.2071456, -1.4568166;
 0, 0, 0, 1]
Ow:
[1.5658262;
 -0.81788027;
 2.5305448]
Keyframe: 80 Frame: 702 Frame from vFrameID : 703
Tcw:
[0.98226166, 0.15373324, 0.10736911, 1.5902336;
 0.07128232, 0.22347528, -0.9720996, -0.86919111;
 -0.17343836, 0.96250969, 0.20855273, 2.5572276;
 0, 0, 0, 1]
Twc:
[0.98226166, 0.07128232, -0.17343836, -1.0565461;
 0.15373324, 0.22347528, 0.96250969, -2.5115855;
 0.10736911, -0.9720996, 0.20855273, -1.5489991;
 0, 0, 0, 1]
Ow:
[1.5902336;
 -0.86919111;
 2.5572276]
Keyframe: 81 Frame: 710 Frame from vFrameID : 711
Tcw:
[0.984303, 0.15549378, 0.083481997, 1.6159114;
 0.056281388, 0.17176872, -0.98352832, -0.71598595;
 -0.16727212, 0.97278833, 0.16032107, 2.6996925;
 0, 0, 0, 1]
Twc:
[0.984303, 0.056281388, -0.16727212, -1.0986665;
 0.15549378, 0.17176872, 0.97278833, -2.7545097;
 0.083481997, -0.98352832, 0.16032107, -1.2719095;
 0, 0, 0, 1]
Ow:
[1.6159114;
 -0.71598595;
 2.6996925]
Keyframe: 82 Frame: 718 Frame from vFrameID : 719
Tcw:
[0.98864281, 0.14309889, 0.045913447, 1.6956569;
 0.01843732, 0.18771231, -0.98205101, -0.72770053;
 -0.14914893, 0.97174418, 0.18294208, 2.7235448;
 0, 0, 0, 1]
Twc:
[0.98864281, 0.01843732, -0.14914893, -1.2567685;
 0.14309889, 0.18771231, 0.97174418, -2.7526374;
 0.045913447, -0.98205101, 0.18294208, -1.2907434;
 0, 0, 0, 1]
Ow:
[1.6956569;
 -0.72770053;
 2.7235448]
Keyframe: 83 Frame: 726 Frame from vFrameID : 727
Tcw:
[0.98379213, 0.16066852, 0.079615794, 1.7151686;
 0.054919213, 0.1526847, -0.9867478, -0.80852228;
 -0.17069542, 0.97512716, 0.14138621, 2.8099041;
 0, 0, 0, 1]
Twc:
[0.98379213, 0.054919213, -0.17069542, -1.1633282;
 0.16066852, 0.1526847, 0.97512716, -2.8921385;
 0.079615794, -0.9867478, 0.14138621, -1.3316439;
 0, 0, 0, 1]
Ow:
[1.7151686;
 -0.80852228;
 2.8099041]
Keyframe: 84 Frame: 735 Frame from vFrameID : 736
Tcw:
[0.98316985, 0.15751939, 0.092545755, 1.734329;
 0.065333068, 0.16992061, -0.98328966, -0.84602916;
 -0.17061262, 0.97278702, 0.15676959, 2.8381903;
 0, 0, 0, 1]
Twc:
[0.98316985, 0.065333068, -0.17061262, -1.1656352;
 0.15751939, 0.16992061, 0.97278702, -2.8903873;
 0.092545755, -0.98328966, 0.15676959, -1.4373385;
 0, 0, 0, 1]
Ow:
[1.734329;
 -0.84602916;
 2.8381903]
Keyframe: 85 Frame: 742 Frame from vFrameID : 743
Tcw:
[0.9860664, 0.15694121, 0.05515923, 1.8009331;
 0.025645832, 0.18419921, -0.98255432, -0.84587407;
 -0.16436355, 0.97027838, 0.17760776, 2.8765728;
 0, 0, 0, 1]
Twc:
[0.9860664, 0.025645832, -0.16436355, -1.2813427;
 0.15694121, 0.18419921, 0.97027838, -2.9179077;
 0.05515923, -0.98255432, 0.17760776, -1.4413569;
 0, 0, 0, 1]
Ow:
[1.8009331;
 -0.84587407;
 2.8765728]
Keyframe: 86 Frame: 750 Frame from vFrameID : 751
Tcw:
[0.98818463, 0.15081865, 0.027292853, 1.8288946;
 -0.0069803321, 0.22217345, -0.97498214, -0.89526117;
 -0.15310924, 0.96327186, 0.22060116, 2.9305067;
 0, 0, 0, 1]
Twc:
[0.98818463, -0.0069803321, -0.15310924, -1.3648471;
 0.15081865, 0.22217345, 0.96327186, -2.8998029;
 0.027292853, -0.97498214, 0.22060116, -1.5692526;
 0, 0, 0, 1]
Ow:
[1.8288946;
 -0.89526117;
 2.9305067]
Keyframe: 87 Frame: 758 Frame from vFrameID : 759
Tcw:
[0.98713559, 0.15381029, 0.043654896, 1.8646262;
 0.013773234, 0.19021855, -0.98164517, -0.90310407;
 -0.15929109, 0.96961814, 0.18565303, 2.9969378;
 0, 0, 0, 1]
Twc:
[0.98713559, 0.013773234, -0.15929109, -1.3508146;
 0.15381029, 0.19021855, 0.96961814, -3.0208967;
 0.043654896, -0.98164517, 0.18565303, -1.5243185;
 0, 0, 0, 1]
Ow:
[1.8646262;
 -0.90310407;
 2.9969378]
Keyframe: 88 Frame: 766 Frame from vFrameID : 767
Tcw:
[0.98309034, 0.15941, 0.090121239, 1.8440449;
 0.05721299, 0.2001249, -0.97809851, -0.92907441;
 -0.17395419, 0.96671528, 0.18762054, 3.025022;
 0, 0, 0, 1]
Twc:
[0.98309034, 0.05721299, -0.17395419, -1.2334924;
 0.15941, 0.2001249, 0.96671528, -3.0323637;
 0.090121239, -0.97809851, 0.18762054, -1.6424702;
 0, 0, 0, 1]
Ow:
[1.8440449;
 -0.92907441;
 3.025022]
Keyframe: 89 Frame: 774 Frame from vFrameID : 775
Tcw:
[0.98461372, 0.14837906, 0.092301369, 1.8475301;
 0.060681183, 0.2050122, -0.97687656, -0.92939067;
 -0.16387093, 0.96744698, 0.192854, 3.0369339;
 0, 0, 0, 1]
Twc:
[0.98461372, 0.060681183, -0.16387093, -1.2650416;
 0.14837906, 0.2050122, 0.96744698, -3.0216708;
 0.092301369, -0.97687656, 0.192854, -1.6641144;
 0, 0, 0, 1]
Ow:
[1.8475301;
 -0.92939067;
 3.0369339]
Keyframe: 90 Frame: 782 Frame from vFrameID : 783
Tcw:
[0.98661357, 0.14431417, 0.075941421, 1.8315932;
 0.043991428, 0.21288829, -0.97608572, -0.90644199;
 -0.15703003, 0.96636015, 0.20368989, 3.0545764;
 0, 0, 0, 1]
Twc:
[0.98661357, 0.043991428, -0.15703003, -1.2875388;
 0.14431417, 0.21288829, 0.96636015, -3.023175;
 0.075941421, -0.97608572, 0.20368989, -1.6460452;
 0, 0, 0, 1]
Ow:
[1.8315932;
 -0.90644199;
 3.0545764]
Keyframe: 91 Frame: 789 Frame from vFrameID : 790
Tcw:
[0.98338199, 0.15857215, 0.088401072, 1.817825;
 0.052344818, 0.21860017, -0.97440958, -0.91665041;
 -0.17383872, 0.96284413, 0.20666704, 3.1016955;
 0, 0, 0, 1]
Twc:
[0.98338199, 0.052344818, -0.17383872, -1.2004397;
 0.15857215, 0.21860017, 0.96284413, -3.074326;
 0.088401072, -0.97440958, 0.20666704, -1.6949089;
 0, 0, 0, 1]
Ow:
[1.817825;
 -0.91665041;
 3.1016955]
Keyframe: 92 Frame: 797 Frame from vFrameID : 798
Tcw:
