Keyframe: 0 Frame: 0 Frame from vFrameID : 140
Tcw:
[0.99941409, 0.027777823, 0.019997867, 0.028502448;
 0.0062612388, 0.42603165, -0.90468657, -0.00071710907;
 -0.033649947, 0.90428174, 0.4256081, -0.065498352;
 0, 0, 0, 1]
Twc:
[0.99941409, 0.0062612388, -0.033649947, -0.030685272;
 0.027777823, 0.42603165, 0.90428174, 0.058742739;
 0.019997867, -0.90468657, 0.4256081, 0.026657883;
 0, 0, 0, 1]
Ow:
[0.028502448;
 -0.00071710907;
 -0.065498352]
Keyframe: 1 Frame: 139 Frame from vFrameID : 140
Tcw:
[0.99925935, 0.031697512, 0.021818303, 0.027502142;
 0.0062403907, 0.42600349, -0.90469998, -0.00070348382;
 -0.037971411, 0.9041661, 0.42549014, -0.063463308;
 0, 0, 0, 1]
Twc:
[0.99925935, 0.0062403907, -0.037971411, -0.029887173;
 0.031697512, 0.42600349, 0.9041661, 0.05680931;
 0.021818303, -0.90469998, 0.42549014, 0.025766522;
 0, 0, 0, 1]
Ow:
[0.027502142;
 -0.00070348382;
 -0.063463308]
Keyframe: 2 Frame: 142 Frame from vFrameID : 143
Tcw:
[0.99908912, 0.036681104, 0.021804819, 0.028666841;
 0.0039210096, 0.42990485, -0.90286571, -0.0017671231;
 -0.042492107, 0.90212876, 0.42936942, -0.062785737;
 0, 0, 0, 1]
Twc:
[0.99908912, 0.0039210096, -0.042492107, -0.0313017;
 0.036681104, 0.42990485, 0.90212876, 0.056348987;
 0.021804819, -0.90286571, 0.42936942, 0.024737727;
 0, 0, 0, 1]
Ow:
[0.028666841;
 -0.0017671231;
 -0.062785737]
Keyframe: 3 Frame: 144 Frame from vFrameID : 145
Tcw:
[0.99920672, 0.033495847, 0.021539059, 0.029073967;
 0.005029825, 0.43038237, -0.90263265, -0.0020258576;
 -0.039504476, 0.90202498, 0.42987248, -0.062624507;
 0, 0, 0, 1]
Twc:
[0.99920672, 0.005029825, -0.039504476, -0.031514663;
 0.033495847, 0.43038237, 0.90202498, 0.056386907;
 0.021539059, -0.90263265, 0.42987248, 0.024465723;
 0, 0, 0, 1]
Ow:
[0.029073967;
 -0.0020258576;
 -0.062624507]
Keyframe: 4 Frame: 145 Frame from vFrameID : 146
Tcw:
[0.99962461, 0.023258289, 0.014479069, 0.035166208;
 0.0031628918, 0.42698827, -0.90425164, -0.00050006621;
 -0.027213739, 0.90395802, 0.42675442, -0.059594762;
 0, 0, 0, 1]
Twc:
[0.99962461, 0.0031628918, -0.027213739, -0.036773223;
 0.023258289, 0.42698827, 0.90395802, 0.053266779;
 0.014479069, -0.90425164, 0.42675442, 0.02447097;
 0, 0, 0, 1]
Ow:
[0.035166208;
 -0.00050006621;
 -0.059594762]
Keyframe: 5 Frame: 149 Frame from vFrameID : 150
Tcw:
[0.99985152, 0.015252113, 0.0080165435, 0.044658877;
 0.00078689988, 0.42434716, -0.90549922, -0.001685176;
 -0.017212573, 0.90537113, 0.42427215, -0.056317139;
 0, 0, 0, 1]
Twc:
[0.99985152, 0.00078689988, -0.017212573, -0.045620285;
 0.015252113, 0.42434716, 0.90537113, 0.051021867;
 0.0080165435, -0.90549922, 0.42427215, 0.022009859;
 0, 0, 0, 1]
Ow:
[0.044658877;
 -0.001685176;
 -0.056317139]
Keyframe: 6 Frame: 153 Frame from vFrameID : 154
Tcw:
[0.99974853, 0.021730825, -0.0055332794, 0.049550138;
 -0.014006768, 0.41246325, -0.91086656, -0.0050974693;
 -0.017511608, 0.91071504, 0.41266391, -0.051686935;
 0, 0, 0, 1]
Twc:
[0.99974853, -0.014006768, -0.017511608, -0.050514199;
 0.021730825, 0.41246325, 0.91071504, 0.048097819;
 -0.0055332794, -0.91086656, 0.41266391, 0.016960392;
 0, 0, 0, 1]
Ow:
[0.049550138;
 -0.0050974693;
 -0.051686935]
Keyframe: 7 Frame: 157 Frame from vFrameID : 158
Tcw:
[0.99957895, 0.016866563, -0.023609979, 0.052332852;
 -0.028371947, 0.39770103, -0.91707629, -0.0093799187;
 -0.0060782121, 0.91736001, 0.39801213, -0.050946668;
 0, 0, 0, 1]
Twc:
[0.99957895, -0.028371947, -0.0060782121, -0.052886605;
 0.016866563, 0.39770103, 0.91736001, 0.049584165;
 -0.023609979, -0.91707629, 0.39801213, 0.012910868;
 0, 0, 0, 1]
Ow:
[0.052332852;
 -0.0093799187;
 -0.050946668]
Keyframe: 8 Frame: 161 Frame from vFrameID : 162
Tcw:
[0.99876916, 0.011100492, -0.048342098, 0.056924514;
 -0.048771661, 0.39718837, -0.91644025, -0.013014286;
 0.0090279812, 0.91766995, 0.39724088, -0.043990612;
 0, 0, 0, 1]
Twc:
[0.99876916, -0.048771661, 0.0090279812, -0.05709203;
 0.011100492, 0.39718837, 0.91766995, 0.044906102;
 -0.048342098, -0.91644025, 0.39724088, 0.0082999077;
 0, 0, 0, 1]
Ow:
[0.056924514;
 -0.013014286;
 -0.043990612]
Keyframe: 9 Frame: 167 Frame from vFrameID : 168
Tcw:
[0.99523753, 0.02051463, -0.09529645, 0.09250623;
 -0.096081741, 0.37140682, -0.9234854, -0.016609067;
 0.01644879, 0.92824358, 0.37160909, -0.00036429614;
 0, 0, 0, 1]
Twc:
[0.99523753, -0.096081741, 0.01644879, -0.093655504;
 0.02051463, 0.37140682, 0.92824358, 0.0046091452;
 -0.09529645, -0.9234854, 0.37160909, -0.0063873394;
 0, 0, 0, 1]
Ow:
[0.09250623;
 -0.016609067;
 -0.00036429614]
Keyframe: 10 Frame: 172 Frame from vFrameID : 173
Tcw:
[0.99616438, 0.039380208, -0.078139305, 0.12187136;
 -0.086757012, 0.32824922, -0.94059855, -0.037592318;
 -0.011391802, 0.94376993, 0.3304067, 0.06438826;
 0, 0, 0, 1]
Twc:
[0.99616438, -0.086757012, -0.011391802, -0.1239318;
 0.039380208, 0.32824922, 0.94376993, -0.053227376;
 -0.078139305, -0.94059855, 0.3304067, -0.047110651;
 0, 0, 0, 1]
Ow:
[0.12187136;
 -0.037592318;
 0.06438826]
Keyframe: 11 Frame: 177 Frame from vFrameID : 178
Tcw:
[0.99748695, 0.060244098, -0.037287861, 0.15192506;
 -0.053665433, 0.29883188, -0.95279562, -0.020819001;
 -0.046257515, 0.95240229, 0.30131394, 0.1386593;
 0, 0, 0, 1]
Twc:
[0.99748695, -0.053665433, -0.046257515, -0.14624649;
 0.060244098, 0.29883188, 0.95240229, -0.13499065;
 -0.037287861, -0.95279562, 0.30131394, -0.055951271;
 0, 0, 0, 1]
Ow:
[0.15192506;
 -0.020819001;
 0.1386593]
Keyframe: 12 Frame: 183 Frame from vFrameID : 184
Tcw:
[0.9962399, 0.084565304, -0.018834792, 0.18019417;
 -0.046311259, 0.33606252, -0.94070041, -0.028200321;
 -0.073220946, 0.93803555, 0.33871523, 0.17916392;
 0, 0, 0, 1]
Twc:
[0.9962399, -0.046311259, -0.073220946, -0.16770408;
 0.084565304, 0.33606252, 0.93803555, -0.17382322;
 -0.018834792, -0.94070041, 0.33871523, -0.083819672;
 0, 0, 0, 1]
Ow:
[0.18019417;
 -0.028200321;
 0.17916392]
Keyframe: 13 Frame: 190 Frame from vFrameID : 191
Tcw:
[0.99639356, 0.084390007, -0.0088416822, 0.20236422;
 -0.036542237, 0.3327266, -0.94231504, -0.072099276;
 -0.076580107, 0.93923974, 0.33461043, 0.27184644;
 0, 0, 0, 1]
Twc:
[0.99639356, -0.036542237, -0.076580107, -0.18345106;
 0.084390007, 0.3327266, 0.93923974, -0.24841717;
 -0.0088416822, -0.94231504, 0.33461043, -0.15711366;
 0, 0, 0, 1]
Ow:
[0.20236422;
 -0.072099276;
 0.27184644]
Keyframe: 14 Frame: 195 Frame from vFrameID : 196
Tcw:
[0.99615198, 0.083589524, -0.026344184, 0.23723745;
 -0.052364692, 0.32662091, -0.94370371, -0.1009068;
 -0.070279188, 0.94145185, 0.32974118, 0.3126511;
 0, 0, 0, 1]
Twc:
[0.99615198, -0.052364692, -0.070279188, -0.21963565;
 0.083589524, 0.32662091, 0.94145185, -0.28121823;
 -0.026344184, -0.94370371, 0.32974118, -0.19207025;
 0, 0, 0, 1]
Ow:
[0.23723745;
 -0.1009068;
 0.3126511]
Keyframe: 15 Frame: 201 Frame from vFrameID : 202
Tcw:
[0.99519122, 0.094865553, -0.024392247, 0.25622323;
 -0.055985797, 0.34656176, -0.93635494, -0.089829713;
 -0.080374412, 0.93321782, 0.35020635, 0.37008554;
 0, 0, 0, 1]
Twc:
[0.99519122, -0.055985797, -0.080374412, -0.23027489;
 0.094865553, 0.34656176, 0.93321782, -0.33854562;
 -0.024392247, -0.93635494, 0.35020635, -0.20746894;
 0, 0, 0, 1]
Ow:
[0.25622323;
 -0.089829713;
 0.37008554]
Keyframe: 16 Frame: 209 Frame from vFrameID : 210
Tcw:
[0.99602085, 0.087812781, -0.01521231, 0.27171245;
 -0.042947285, 0.32337257, -0.94529665, -0.076661035;
 -0.078089885, 0.94218844, 0.32585713, 0.46390826;
 0, 0, 0, 1]
Twc:
[0.99602085, -0.042947285, -0.078089885, -0.23769712;
 0.087812781, 0.32337257, 0.94218844, -0.43615878;
 -0.01521231, -0.94529665, 0.32585713, -0.21950187;
 0, 0, 0, 1]
Ow:
[0.27171245;
 -0.076661035;
 0.46390826]
Keyframe: 17 Frame: 217 Frame from vFrameID : 218
Tcw:
[0.99562985, 0.091002993, 0.020967444, 0.29057196;
 -0.010347716, 0.33064252, -0.94369936, -0.1259577;
 -0.092812188, 0.93935829, 0.33013922, 0.52946335;
 0, 0, 0, 1]
Twc:
[0.99562985, -0.010347716, -0.092812188, -0.24146484;
 0.091002993, 0.33064252, 0.93935829, -0.48215169;
 0.020967444, -0.94369936, 0.33013922, -0.29975536;
 0, 0, 0, 1]
Ow:
[0.29057196;
 -0.1259577;
 0.52946335]
Keyframe: 18 Frame: 225 Frame from vFrameID : 226
Tcw:
[0.99745506, 0.07028573, 0.011970248, 0.34584415;
 -0.011894617, 0.32958162, -0.94405216, -0.15813904;
 -0.070298567, 0.94150722, 0.32957888, 0.61770809;
 0, 0, 0, 1]
Twc:
[0.99745506, -0.011894617, -0.070298567, -0.30342099;
 0.07028573, 0.32958162, 0.94150722, -0.55376482;
 0.011970248, -0.94405216, 0.32957888, -0.35701486;
 0, 0, 0, 1]
Ow:
[0.34584415;
 -0.15813904;
 0.61770809]
Keyframe: 19 Frame: 234 Frame from vFrameID : 235
Tcw:
[0.99786186, 0.060939249, -0.023623792, 0.40578601;
 -0.043531805, 0.3500829, -0.93570668, -0.15087722;
 -0.048750974, 0.9347344, 0.35198718, 0.72914207;
 0, 0, 0, 1]
Twc:
[0.99786186, -0.043531805, -0.048750974, -0.37593997;
 0.060939249, 0.3500829, 0.9347344, -0.65346283;
 -0.023623792, -0.93570668, 0.35198718, -0.38823923;
 0, 0, 0, 1]
Ow:
[0.40578601;
 -0.15087722;
 0.72914207]
Keyframe: 20 Frame: 241 Frame from vFrameID : 242
Tcw:
[0.99850762, 0.054188263, -0.0067986995, 0.4219566;
 -0.024740154, 0.33783069, -0.94088167, -0.17390656;
 -0.048687935, 0.93964571, 0.33866715, 0.80039662;
 0, 0, 0, 1]
Twc:
[0.99850762, -0.024740154, -0.048687935, -0.38665968;
 0.054188263, 0.33783069, 0.93964571, -0.71620333;
 -0.0067986995, -0.94088167, 0.33866715, -0.43182477;
 0, 0, 0, 1]
Ow:
[0.4219566;
 -0.17390656;
 0.80039662]
Keyframe: 21 Frame: 249 Frame from vFrameID : 250
Tcw:
[0.99683416, 0.076553434, 0.021477362, 0.45642275;
 -0.0056585781, 0.33774573, -0.9412204, -0.23476699;
 -0.079307541, 0.93811905, 0.33710966, 0.82975376;
 0, 0, 0, 1]
Twc:
[0.99683416, -0.0056585781, -0.079307541, -0.39050049;
 0.076553434, 0.33774573, 0.93811905, -0.73405701;
 0.021477362, -0.9412204, 0.33710966, -0.51048821;
 0, 0, 0, 1]
Ow:
[0.45642275;
 -0.23476699;
 0.82975376]
Keyframe: 22 Frame: 257 Frame from vFrameID : 258
Tcw:
[0.99845511, 0.053153846, -0.016186953, 0.47044495;
 -0.032633584, 0.32519034, -0.94508535, -0.25952542;
 -0.044971079, 0.94415355, 0.32642257, 0.87695605;
 0, 0, 0, 1]
Twc:
[0.99845511, -0.032633584, -0.044971079, -0.43874976;
 0.053153846, 0.32519034, 0.94415355, -0.76859194;
 -0.016186953, -0.94508535, 0.32642257, -0.52391684;
 0, 0, 0, 1]
Ow:
[0.47044495;
 -0.25952542;
 0.87695605]
Keyframe: 23 Frame: 266 Frame from vFrameID : 267
Tcw:
[0.99816084, -0.00067712425, -0.060617469, 0.56148535;
 -0.056357451, 0.35801831, -0.9320122, -0.25395364;
 0.022333251, 0.93371433, 0.35732168, 0.88988858;
 0, 0, 0, 1]
Twc:
[0.99816084, -0.056357451, 0.022333251, -0.59463894;
 -0.00067712425, 0.35801831, 0.93371433, -0.73960149;
 -0.060617469, -0.9320122, 0.35732168, -0.52062857;
 0, 0, 0, 1]
Ow:
[0.56148535;
 -0.25395364;
 0.88988858]
Keyframe: 24 Frame: 274 Frame from vFrameID : 275
Tcw:
[0.99615949, 0.027508469, -0.083123975, 0.6007461;
 -0.087172575, 0.40051329, -0.91213489, -0.27652478;
 0.0082008215, 0.91587794, 0.40137309, 0.9492197;
 0, 0, 0, 1]
Twc:
[0.99615949, -0.087172575, 0.0082008215, -0.63032866;
 0.027508469, 0.40051329, 0.91587794, -0.77514315;
 -0.083123975, -0.91213489, 0.40137309, -0.58328277;
 0, 0, 0, 1]
Ow:
[0.6007461;
 -0.27652478;
 0.9492197]
Keyframe: 25 Frame: 280 Frame from vFrameID : 281
Tcw:
[0.995363, 0.012447036, -0.095381267, 0.63102758;
 -0.093934745, 0.33924219, -0.93599731, -0.31880876;
 0.020706959, 0.94061673, 0.33883834, 1.0032763;
 0, 0, 0, 1]
Twc:
[0.995363, -0.093934745, 0.020706959, -0.67882353;
 0.012447036, 0.33924219, 0.94061673, -0.84339952;
 -0.095381267, -0.93599731, 0.33883834, -0.5781644;
 0, 0, 0, 1]
Ow:
[0.63102758;
 -0.31880876;
 1.0032763]
Keyframe: 26 Frame: 287 Frame from vFrameID : 288
Tcw:
[0.996921, 0.054045677, -0.056812067, 0.63413119;
 -0.071975268, 0.34321943, -0.93649346, -0.36963177;
 -0.03111442, 0.93769902, 0.34605259, 1.0421619;
 0, 0, 0, 1]
Twc:
[0.996921, -0.071975268, -0.03111442, -0.62635678;
 0.054045677, 0.34321943, 0.93769902, -0.88464153;
 -0.056812067, -0.93649346, 0.34605259, -0.67077428;
 0, 0, 0, 1]
Ow:
[0.63413119;
 -0.36963177;
 1.0421619]
Keyframe: 27 Frame: 296 Frame from vFrameID : 297
Tcw:
[0.99685174, 0.078494214, -0.011191361, 0.69092339;
 -0.038643133, 0.35772893, -0.9330256, -0.40764377;
 -0.069233634, 0.93052065, 0.35963595, 1.0818141;
 0, 0, 0, 1]
Twc:
[0.99685174, -0.038643133, -0.069233634, -0.62960291;
 0.078494214, 0.35772893, 0.93052065, -0.91505784;
 -0.011191361, -0.9330256, 0.35963595, -0.76166892;
 0, 0, 0, 1]
Ow:
[0.69092339;
 -0.40764377;
 1.0818141]
Keyframe: 28 Frame: 304 Frame from vFrameID : 305
Tcw:
[0.99465144, 0.10327712, 0.001520492, 0.72928047;
 -0.033072885, 0.33239841, -0.942559, -0.45327526;
 -0.097850181, 0.9374674, 0.33403623, 1.1251848;
 0, 0, 0, 1]
Twc:
[0.99465144, -0.033072885, -0.097850181, -0.63027149;
 0.10327712, 0.33239841, 0.9374674, -0.97947407;
 0.001520492, -0.942559, 0.33403623, -0.80420005;
 0, 0, 0, 1]
Ow:
[0.72928047;
 -0.45327526;
 1.1251848]
Keyframe: 29 Frame: 311 Frame from vFrameID : 312
Tcw:
[0.99206936, 0.12260865, 0.027666699, 0.73228824;
 -0.017699061, 0.35419351, -0.93500465, -0.4501366;
 -0.12443902, 0.92709982, 0.35355461, 1.152657;
 0, 0, 0, 1]
Twc:
[0.99206936, -0.017699061, -0.12443902, -0.5910123;
 0.12260865, 0.35419351, 0.92709982, -0.99897748;
 0.027666699, -0.93500465, 0.35355461, -0.84866697;
 0, 0, 0, 1]
Ow:
[0.73228824;
 -0.4501366;
 1.152657]
Keyframe: 30 Frame: 318 Frame from vFrameID : 319
Tcw:
[0.99518144, 0.095574439, 0.021896552, 0.79665607;
 -0.012415264, 0.34434974, -0.93875933, -0.51034003;
 -0.097261466, 0.93396401, 0.34387705, 1.1779475;
 0, 0, 0, 1]
Twc:
[0.99518144, -0.012415264, -0.097261466, -0.68458438;
 0.095574439, 0.34434974, 0.93396401, -1.0005651;
 0.021896552, -0.93875933, 0.34387705, -0.90159965;
 0, 0, 0, 1]
Ow:
[0.79665607;
 -0.51034003;
 1.1779475]
Keyframe: 31 Frame: 327 Frame from vFrameID : 328
Tcw:
[0.99101686, 0.12202183, 0.054738149, 0.82380891;
 0.0080151791, 0.35437, -0.93507093, -0.54223776;
 -0.13349663, 0.92710978, 0.35020861, 1.2084394;
 0, 0, 0, 1]
Twc:
[0.99101686, 0.0080151791, -0.13349663, -0.65073979;
 0.12202183, 0.35437, 0.92710978, -1.0287259;
 0.054738149, -0.93507093, 0.35020861, -0.97533041;
 0, 0, 0, 1]
Ow:
[0.82380891;
 -0.54223776;
 1.2084394]
Keyframe: 32 Frame: 336 Frame from vFrameID : 337
Tcw:
[0.99564105, 0.087023497, 0.03355274, 0.89098728;
 0.00020200483, 0.35773349, -0.9338237, -0.57720768;
 -0.093267545, 0.92975998, 0.35615659, 1.2661016;
 0, 0, 0, 1]
Twc:
[0.99564105, 0.00020200483, -0.093267545, -0.76890075;
 0.087023497, 0.35773349, 0.92975998, -1.048221;
 0.03355274, -0.9338237, 0.35615659, -1.0198357;
 0, 0, 0, 1]
Ow:
[0.89098728;
 -0.57720768;
 1.2661016]
Keyframe: 33 Frame: 344 Frame from vFrameID : 345
Tcw:
[0.99441069, 0.10032741, 0.032889739, 0.91618282;
 -0.007560919, 0.37838137, -0.92561889, -0.58232772;
 -0.10530981, 0.92019671, 0.37702507, 1.3166331;
 0, 0, 0, 1]
Twc:
[0.99441069, -0.007560919, -0.10530981, -0.77681059;
 0.10032741, 0.37838137, 0.92019671, -1.0831376;
 0.032889739, -0.92561889, 0.37702507, -1.0655502;
 0, 0, 0, 1]
Ow:
[0.91618282;
 -0.58232772;
 1.3166331]
Keyframe: 34 Frame: 354 Frame from vFrameID : 355
Tcw:
[0.99288678, 0.10071287, 0.063504048, 0.96163011;
 0.022531278, 0.36479479, -0.93081528, -0.59722018;
 -0.11691102, 0.92562503, 0.35993075, 1.3872842;
 0, 0, 0, 1]
Twc:
[0.99288678, 0.022531278, -0.11691102, -0.77914482;
 0.10071287, 0.36479479, 0.92562503, -1.1630906;
 0.063504048, -0.93081528, 0.35993075, -1.1162952;
 0, 0, 0, 1]
Ow:
[0.96163011;
 -0.59722018;
 1.3872842]
Keyframe: 35 Frame: 363 Frame from vFrameID : 364
Tcw:
[0.99526131, 0.08926037, 0.038567998, 1.0330019;
 0.0039243186, 0.35944617, -0.93315756, -0.57309198;
 -0.097157113, 0.92888701, 0.35739258, 1.4433721;
 0, 0, 0, 1]
Twc:
[0.99526131, 0.0039243186, -0.097157113, -0.88562399;
 0.08926037, 0.35944617, 0.92888701, -1.22694;
 0.038567998, -0.93315756, 0.35739258, -1.0904765;
 0, 0, 0, 1]
Ow:
[1.0330019;
 -0.57309198;
 1.4433721]
Keyframe: 36 Frame: 372 Frame from vFrameID : 373
Tcw:
[0.99613261, 0.087594323, 0.006860604, 1.0702579;
 -0.02393727, 0.3456873, -0.93804443, -0.59487498;
 -0.084538989, 0.93425238, 0.34644717, 1.5045798;
 0, 0, 0, 1]
Twc:
[0.99613261, -0.02393727, -0.084538989, -0.95316285;
 0.087594323, 0.3456873, 0.93425238, -1.2937651;
 0.006860604, -0.93804443, 0.34644717, -1.0866191;
 0, 0, 0, 1]
Ow:
[1.0702579;
 -0.59487498;
 1.5045798]
Keyframe: 37 Frame: 379 Frame from vFrameID : 380
Tcw:
[0.99587804, 0.090659171, 0.0027969521, 1.0992801;
 -0.030116815, 0.35960144, -0.93261987, -0.60107589;
 -0.085556328, 0.92869139, 0.36084956, 1.5516025;
 0, 0, 0, 1]
Twc:
[0.99587804, -0.030116815, -0.085556328, -0.980102;
 0.090659171, 0.35960144, 0.92869139, -1.3244721;
 0.0027969521, -0.93261987, 0.36084956, -1.1235449;
 0, 0, 0, 1]
Ow:
[1.0992801;
 -0.60107589;
 1.5516025]
Keyframe: 38 Frame: 388 Frame from vFrameID : 389
Tcw:
[0.99724841, 0.073801607, -0.0069937343, 1.149137;
 -0.029895829, 0.31404397, -0.94893765, -0.56887573;
 -0.067836784, 0.94653565, 0.31538624, 1.6214746;
 0, 0, 0, 1]
Twc:
[0.99724841, -0.029895829, -0.067836784, -1.0529865;
 0.073801607, 0.31404397, 0.94653565, -1.4409397;
 -0.0069937343, -0.94893765, 0.31538624, -1.0431815;
 0, 0, 0, 1]
Ow:
[1.149137;
 -0.56887573;
 1.6214746]
Keyframe: 39 Frame: 396 Frame from vFrameID : 397
Tcw:
[0.99949056, 0.027795784, -0.015685918, 1.2119921;
 -0.023790127, 0.3211976, -0.94671333, -0.56913692;
 -0.02127636, 0.94660419, 0.32169524, 1.6495912;
 0, 0, 0, 1]
Twc:
[0.99949056, -0.023790127, -0.02127636, -1.1898172;
 0.027795784, 0.3211976, 0.94660419, -1.4123927;
 -0.015685918, -0.94671333, 0.32169524, -1.0504639;
 0, 0, 0, 1]
Ow:
[1.2119921;
 -0.56913692;
 1.6495912]
Keyframe: 40 Frame: 404 Frame from vFrameID : 405
Tcw:
[0.99856794, 0.053436965, -0.0025663062, 1.2085677;
 -0.017656149, 0.28389651, -0.95869237, -0.58942956;
 -0.050501045, 0.95736474, 0.28443342, 1.7084506;
 0, 0, 0, 1]
Twc:
[0.99856794, -0.017656149, -0.050501045, -1.1309654;
 0.053436965, 0.28389651, 0.95736474, -1.5328556;
 -0.0025663062, -0.95869237, 0.28443342, -1.0479206;
 0, 0, 0, 1]
Ow:
[1.2085677;
 -0.58942956;
 1.7084506]
Keyframe: 41 Frame: 413 Frame from vFrameID : 414
Tcw:
[0.99958849, 0.027872128, -0.0067812535, 1.2981701;
 -0.01447832, 0.28614226, -0.95807773, -0.56171703;
 -0.024763264, 0.95778167, 0.28642806, 1.7483212;
 0, 0, 0, 1]
Twc:
[0.99958849, -0.01447832, -0.024763264, -1.2624744;
 0.027872128, 0.28614226, 0.95778167, -1.5499618;
 -0.0067812535, -0.95807773, 0.28642806, -1.0301336;
 0, 0, 0, 1]
Ow:
[1.2981701;
 -0.56171703;
 1.7483212]
Keyframe: 42 Frame: 421 Frame from vFrameID : 422
Tcw:
[0.99850094, 0.042670596, 0.034279395, 1.2711661;
 0.02330488, 0.23524132, -0.97165757, -0.62574375;
 -0.049525138, 0.9709999, 0.23389424, 1.8230615;
 0, 0, 0, 1]
Twc:
[0.99850094, 0.02330488, -0.049525138, -1.1643903;
 0.042670596, 0.23524132, 0.9709999, -1.677233;
 0.034279395, -0.97165757, 0.23389424, -1.077987;
 0, 0, 0, 1]
Ow:
[1.2711661;
 -0.62574375;
 1.8230615]
Keyframe: 43 Frame: 430 Frame from vFrameID : 431
Tcw:
[0.99402702, 0.073063299, 0.081068024, 1.3220021;
 0.061029494, 0.24367391, -0.96793514, -0.62717223;
 -0.090474695, 0.96710122, 0.23775943, 1.8654416;
 0, 0, 0, 1]
Twc:
[0.99402702, 0.061029494, -0.090474695, -1.1070545;
 0.073063299, 0.24367391, 0.96710122, -1.7478352;
 0.081068024, -0.96793514, 0.23775943, -1.1577605;
 0, 0, 0, 1]
Ow:
[1.3220021;
 -0.62717223;
 1.8654416]
Keyframe: 44 Frame: 438 Frame from vFrameID : 439
Tcw:
[0.97730201, 0.17924742, 0.1129208, 1.2928469;
 0.065420099, 0.25162148, -0.96561217, -0.56793332;
 -0.20149679, 0.95108199, 0.23418379, 1.9510492;
 0, 0, 0, 1]
Twc:
[0.97730201, 0.065420099, -0.20149679, -0.83321744;
 0.17924742, 0.25162148, 0.95108199, -1.9444431;
 0.1129208, -0.96561217, 0.23418379, -1.1512967;
 0, 0, 0, 1]
Ow:
[1.2928469;
 -0.56793332;
 1.9510492]
Keyframe: 45 Frame: 446 Frame from vFrameID : 447
Tcw:
[0.97147167, 0.19655147, 0.13270369, 1.2925061;
 0.076799974, 0.26867449, -0.96016443, -0.59524202;
 -0.22437584, 0.94296426, 0.24591452, 1.9709194;
 0, 0, 0, 1]
Twc:
[0.97147167, 0.076799974, -0.22437584, -0.76769185;
 0.19655147, 0.26867449, 0.94296426, -1.952624;
 0.13270369, -0.96016443, 0.24591452, -1.2277282;
 0, 0, 0, 1]
Ow:
[1.2925061;
 -0.59524202;
 1.9709194]
Keyframe: 46 Frame: 455 Frame from vFrameID : 456
Tcw:
[0.98660553, 0.14478791, 0.075140253, 1.3620994;
 0.037669927, 0.24595711, -0.96854842, -0.6033271;
 -0.15871538, 0.95840573, 0.23720849, 2.0306258;
 0, 0, 0, 1]
Twc:
[0.98660553, 0.037669927, -0.15871538, -0.99883586;
 0.14478791, 0.24595711, 0.95840573, -1.9949864;
 0.075140253, -0.96854842, 0.23720849, -1.1683817;
 0, 0, 0, 1]
Ow:
[1.3620994;
 -0.6033271;
 2.0306258]
Keyframe: 47 Frame: 462 Frame from vFrameID : 463
Tcw:
[0.98920786, 0.13446383, 0.05819986, 1.3654954;
 0.01778692, 0.28407344, -0.95863754, -0.62200046;
 -0.14543511, 0.94932699, 0.27861601, 2.0243576;
 0, 0, 0, 1]
Twc:
[0.98920786, 0.01778692, -0.14543511, -1.0452828;
 0.13446383, 0.28407344, 0.94932699, -1.9286933;
 0.05819986, -0.95863754, 0.27861601, -1.239763;
 0, 0, 0, 1]
Ow:
[1.3654954;
 -0.62200046;
 2.0243576]
Keyframe: 48 Frame: 471 Frame from vFrameID : 472
Tcw:
[0.99735624, 0.072145425, -0.0086950809, 1.4343187;
 -0.028128082, 0.27295411, -0.96161574, -0.57234299;
 -0.067002818, 0.95931804, 0.2742618, 2.0719194;
 0, 0, 0, 1]
Twc:
[0.99735624, -0.028128082, -0.067002818, -1.3078011;
 0.072145425, 0.27295411, 0.95931804, -1.9348857;
 -0.0086950809, -0.96161574, 0.2742618, -1.1061509;
 0, 0, 0, 1]
Ow:
[1.4343187;
 -0.57234299;
 2.0719194]
Keyframe: 49 Frame: 480 Frame from vFrameID : 481
Tcw:
[0.9959836, 0.023089968, -0.086507492, 1.4320906;
 -0.089389786, 0.3116203, -0.94599277, -0.57628292;
 0.005114547, 0.94992614, 0.31243271, 2.0847864;
 0, 0, 0, 1]
Twc:
[0.9959836, -0.089389786, 0.005114547, -1.4885153;
 0.023089968, 0.3116203, 0.94992614, -1.8338786;
 -0.086507492, -0.94599277, 0.31243271, -1.0726283;
 0, 0, 0, 1]
Ow:
[1.4320906;
 -0.57628292;
 2.0847864]
Keyframe: 50 Frame: 487 Frame from vFrameID : 488
Tcw:
[0.99231213, 0.010804496, -0.12328789, 1.4599801;
 -0.11968154, 0.33741957, -0.93371534, -0.59315413;
 0.031511422, 0.94129235, 0.33611864, 2.1023238;
 0, 0, 0, 1]
Twc:
[0.99231213, -0.11968154, 0.031511422, -1.5859927;
 0.010804496, 0.33741957, 0.94129235, -1.7945338;
 -0.12328789, -0.93371534, 0.33611864, -1.0804695;
 0, 0, 0, 1]
Ow:
[1.4599801;
 -0.59315413;
 2.1023238]
Keyframe: 51 Frame: 496 Frame from vFrameID : 497
Tcw:
[0.99283463, -0.0086665526, -0.11918195, 1.4678758;
 -0.10998772, 0.32361308, -0.93977511, -0.61334747;
 0.046713445, 0.94614983, 0.32034102, 2.129859;
 0, 0, 0, 1]
Twc:
[0.99283463, -0.10998772, 0.046713445, -1.6243116;
 -0.0086665526, 0.32361308, 0.94614983, -1.803957;
 -0.11918195, -0.93977511, 0.32034102, -1.0837457;
 0, 0, 0, 1]
Ow:
[1.4678758;
 -0.61334747;
 2.129859]
Keyframe: 52 Frame: 505 Frame from vFrameID : 506
Tcw:
[0.99547869, 0.042849418, -0.084771074, 1.4581966;
 -0.094234459, 0.33353341, -0.93801671, -0.60845983;
 -0.011919485, 0.941764, 0.3360633, 2.2067754;
 0, 0, 0, 1]
Twc:
[0.99547869, -0.094234459, -0.011919485, -1.482638;
 0.042849418, 0.33353341, 0.941764, -1.9378028;
 -0.084771074, -0.93801671, 0.3360633, -1.1887487;
 0, 0, 0, 1]
Ow:
[1.4581966;
 -0.60845983;
 2.2067754]
Keyframe: 53 Frame: 514 Frame from vFrameID : 515
Tcw:
[0.98802674, 0.099538311, -0.11787834, 1.453913;
 -0.14028321, 0.26158658, -0.9549309, -0.59596241;
 -0.064216822, 0.96003366, 0.27241808, 2.2758114;
 0, 0, 0, 1]
Twc:
[0.98802674, -0.14028321, -0.064216822, -1.373963;
 0.099538311, 0.26158658, 0.96003366, -2.1736798;
 -0.11787834, -0.9549309, 0.27241808, -1.0176903;
 0, 0, 0, 1]
Ow:
[1.453913;
 -0.59596241;
 2.2758114]
Keyframe: 54 Frame: 523 Frame from vFrameID : 524
Tcw:
[0.98842567, 0.10474668, -0.10973986, 1.4713632;
 -0.13698259, 0.30536276, -0.94233185, -0.618931;
 -0.065195665, 0.94645745, 0.31617686, 2.3171363;
 0, 0, 0, 1]
Twc:
[0.98842567, -0.13698259, -0.065195665, -1.3880486;
 0.10474668, 0.30536276, 0.94645745, -2.1581929;
 -0.10973986, -0.94233185, 0.31617686, -1.1543961;
 0, 0, 0, 1]
Ow:
[1.4713632;
 -0.618931;
 2.3171363]
Keyframe: 55 Frame: 531 Frame from vFrameID : 532
Tcw:
[0.98056245, 0.19573924, -0.013544981, 1.4503188;
 -0.057572845, 0.22104342, -0.97356313, -0.56154841;
 -0.18757048, 0.95541924, 0.22801615, 2.4397388;
 0, 0, 0, 1]
Twc:
[0.98056245, -0.057572845, -0.18757048, -0.99683505;
 0.19573924, 0.22104342, 0.95541924, -2.4907312;
 -0.013544981, -0.97356313, 0.22801615, -1.0833582;
 0, 0, 0, 1]
Ow:
[1.4503188;
 -0.56154841;
 2.4397388]
Keyframe: 56 Frame: 538 Frame from vFrameID : 539
Tcw:
[0.96798283, 0.24411941, 0.058437854, 1.4465575;
 0.013648262, 0.18127546, -0.98333764, -0.54927874;
 -0.25064516, 0.9526515, 0.17213973, 2.5460219;
 0, 0, 0, 1]
Twc:
[0.96798283, 0.013648262, -0.25064516, -0.75459796;
 0.24411941, 0.18127546, 0.9526515, -2.6790338;
 0.058437854, -0.98333764, 0.17213973, -1.0629317;
 0, 0, 0, 1]
Ow:
[1.4465575;
 -0.54927874;
 2.5460219]
Keyframe: 57 Frame: 545 Frame from vFrameID : 546
Tcw:
[0.96309304, 0.25085694, 0.097583689, 1.443535;
 0.074544698, 0.09977939, -0.99221325, -0.56341565;
 -0.25864041, 0.96286803, 0.07739678, 2.6092722;
 0, 0, 0, 1]
Twc:
[0.96309304, 0.074544698, -0.25864041, -0.67339545;
 0.25085694, 0.09977939, 0.96286803, -2.8182886;
 0.097583689, -0.99221325, 0.07739678, -0.90184325;
 0, 0, 0, 1]
Ow:
[1.443535;
 -0.56341565;
 2.6092722]
Keyframe: 58 Frame: 553 Frame from vFrameID : 554
Tcw:
[0.95734113, 0.27302536, 0.094631307, 1.4422433;
 0.069817096, 0.099233918, -0.99261183, -0.5835129;
 -0.28039882, 0.95687503, 0.075938873, 2.622647;
 0, 0, 0, 1]
Twc:
[0.95734113, 0.069817096, -0.28039882, -0.6045925;
 0.27302536, 0.099233918, 0.95687503, -2.8454101;
 0.094631307, -0.99261183, 0.075938873, -0.91484404;
 0, 0, 0, 1]
Ow:
[1.4422433;
 -0.5835129;
 2.622647]
Keyframe: 59 Frame: 561 Frame from vFrameID : 562
Tcw:
[0.9620924, 0.24105898, 0.1275491, 1.4432076;
 0.10267699, 0.11311436, -0.98826241, -0.59494805;
 -0.25265715, 0.9638961, 0.084075265, 2.6511142;
 0, 0, 0, 1]
Twc:
[0.9620924, 0.10267699, -0.25265715, -0.6575886;
 0.24105898, 0.11311436, 0.9638961, -2.8359997;
 0.1275491, -0.98826241, 0.084075265, -0.99493778;
 0, 0, 0, 1]
Ow:
[1.4432076;
 -0.59494805;
 2.6511142]
Keyframe: 60 Frame: 570 Frame from vFrameID : 571
Tcw:
[0.9562996, 0.26111478, 0.13156793, 1.4851872;
 0.11295368, 0.085126214, -0.98994696, -0.61884415;
 -0.26968965, 0.96154696, 0.051912293, 2.6744678;
 0, 0, 0, 1]
Twc:
[0.9562996, 0.11295368, -0.26968965, -0.62910688;
 0.26111478, 0.085126214, 0.96154696, -2.9067512;
 0.13156793, -0.98994696, 0.051912293, -0.94686365;
 0, 0, 0, 1]
Ow:
[1.4851872;
 -0.61884415;
 2.6744678]
Keyframe: 61 Frame: 578 Frame from vFrameID : 579
Tcw:
[0.95942318, 0.27387038, 0.067098461, 1.5148792;
 0.054366969, 0.053824313, -0.9970693, -0.620188;
 -0.27667928, 0.96025932, 0.03675079, 2.70959;
 0, 0, 0, 1]
Twc:
[0.95942318, 0.054366969, -0.27667928, -0.67000514;
 0.27387038, 0.053824313, 0.96025932, -2.9834085;
 0.067098461, -0.9970693, 0.03675079, -0.81959605;
 0, 0, 0, 1]
Ow:
[1.5148792;
 -0.620188;
 2.70959]
Keyframe: 62 Frame: 587 Frame from vFrameID : 588
Tcw:
[0.95318413, 0.28744701, 0.09388414, 1.5078679;
 0.06776724, 0.099519216, -0.99272531, -0.66122544;
 -0.29469919, 0.95261228, 0.075380646, 2.7123318;
 0, 0, 0, 1]
Twc:
[0.95318413, 0.06776724, -0.29469919, -0.59314436;
 0.28744701, 0.099519216, 0.95261228, -2.9514279;
 0.09388414, -0.99272531, 0.075380646, -1.0024374;
 0, 0, 0, 1]
Ow:
[1.5078679;
 -0.66122544;
 2.7123318]
Keyframe: 63 Frame: 594 Frame from vFrameID : 595
Tcw:
[0.94741219, 0.30416676, 0.099462256, 1.5233654;
 0.072928302, 0.097413458, -0.99256843, -0.6809423;
 -0.31159529, 0.94762504, 0.070108332, 2.7298839;
 0, 0, 0, 1]
Twc:
[0.94741219, 0.072928302, -0.31159529, -0.54297602;
 0.30416676, 0.097413458, 0.94762504, -2.9839303;
 0.099462256, -0.99256843, 0.070108332, -1.0187868;
 0, 0, 0, 1]
Ow:
[1.5233654;
 -0.6809423;
 2.7298839]
Keyframe: 64 Frame: 602 Frame from vFrameID : 603
Tcw:
[0.93786728, 0.33388734, 0.094467662, 1.5431807;
 0.07103835, 0.08172705, -0.99411982, -0.70454347;
 -0.33964461, 0.93906331, 0.052930322, 2.7462225;
 0, 0, 0, 1]
Twc:
[0.93786728, 0.07103835, -0.33964461, -0.46450955;
 0.33388734, 0.08172705, 0.93906331, -3.036545;
 0.094467662, -0.99411982, 0.052930322, -0.99153978;
 0, 0, 0, 1]
Ow:
[1.5431807;
 -0.70454347;
 2.7462225]
Keyframe: 65 Frame: 610 Frame from vFrameID : 611
Tcw:
[0.93949091, 0.33228627, 0.08332254, 1.5745475;
 0.055173855, 0.09328226, -0.99410981, -0.72376209;
 -0.33810154, 0.93855435, 0.069304317, 2.7574832;
 0, 0, 0, 1]
Twc:
[0.93949091, 0.055173855, -0.33810154, -0.5070312;
 0.33228627, 0.09328226, 0.93855435, -3.0437341;
 0.08332254, -0.99410981, 0.069304317, -1.0417998;
 0, 0, 0, 1]
Ow:
[1.5745475;
 -0.72376209;
 2.7574832]
Keyframe: 66 Frame: 617 Frame from vFrameID : 618
Tcw:
[0.93650687, 0.34272391, 0.074129574, 1.6003569;
 0.049193814, 0.080899537, -0.99550754, -0.74021602;
 -0.34718126, 0.93594635, 0.058903072, 2.7835743;
 0, 0, 0, 1]
Twc:
[0.93650687, 0.049193814, -0.34718126, -0.49592623;
 0.34272391, 0.080899537, 0.93594635, -3.093874;
 0.074129574, -0.99550754, 0.058903072, -1.0194855;
 0, 0, 0, 1]
Ow:
[1.6003569;
 -0.74021602;
 2.7835743]
Keyframe: 67 Frame: 625 Frame from vFrameID : 626
Tcw:
[0.93093175, 0.35589668, 0.081875466, 1.611343;
 0.049470864, 0.099232741, -0.99383372, -0.77468967;
 -0.36182687, 0.92924184, 0.074772395, 2.8063469;
 0, 0, 0, 1]
Twc:
[0.93093175, 0.049470864, -0.36182687, -0.44631422;
 0.35589668, 0.099232741, 0.92924184, -3.104372;
 0.081875466, -0.99383372, 0.074772395, -1.1116794;
 0, 0, 0, 1]
Ow:
[1.611343;
 -0.77468967;
 2.8063469]
Keyframe: 68 Frame: 634 Frame from vFrameID : 635
Tcw:
[0.92618847, 0.3601689, 0.1115943, 1.6381154;
 0.078542307, 0.10518297, -0.99134636, -0.80180311;
 -0.36878997, 0.92693847, 0.069130756, 2.8247249;
 0, 0, 0, 1]
Twc:
[0.92618847, 0.078542307, -0.36878997, -0.41249791;
 0.3601689, 0.10518297, 0.92693847, -3.1240082;
 0.1115943, -0.99134636, 0.069130756, -1.1729443;
 0, 0, 0, 1]
Ow:
[1.6381154;
 -0.80180311;
 2.8247249]
Keyframe: 69 Frame: 643 Frame from vFrameID : 644
Tcw:
[0.92740041, 0.36346972, 0.088420749, 1.6784998;
 0.073911279, 0.053665493, -0.99581981, -0.82278824;
 -0.36669549, 0.93005902, 0.022904886, 2.8854058;
 0, 0, 0, 1]
Twc:
[0.92740041, 0.073911279, -0.36669549, -0.43776265;
 0.36346972, 0.053665493, 0.93005902, -3.2495263;
 0.088420749, -0.99581981, 0.022904886, -1.0338529;
 0, 0, 0, 1]
Ow:
[1.6784998;
 -0.82278824;
 2.8854058]
Keyframe: 70 Frame: 651 Frame from vFrameID : 652
Tcw:
[0.93732196, 0.34543833, 0.045824248, 1.7054211;
 0.021557426, 0.073768497, -0.99704236, -0.83659184;
 -0.34779704, 0.93553758, 0.061698072, 2.8987958;
 0, 0, 0, 1]
Twc:
[0.93732196, 0.021557426, -0.34779704, -0.57230139;
 0.34543833, 0.073768497, 0.93553758, -3.239336;
 0.045824248, -0.99704236, 0.061698072, -1.0911173;
 0, 0, 0, 1]
Ow:
[1.7054211;
 -0.83659184;
 2.8987958]
Keyframe: 71 Frame: 659 Frame from vFrameID : 660
Tcw:
[0.93113554, 0.35814276, 0.068704918, 1.7245377;
 0.041461706, 0.083209544, -0.99566919, -0.87046367;
 -0.36230862, 0.92995155, 0.062630154, 2.9427786;
 0, 0, 0, 1]
Twc:
[0.93113554, 0.041461706, -0.36230862, -0.50349343;
 0.35814276, 0.083209544, 0.92995155, -3.2818415;
 0.068704918, -0.99566919, 0.062630154, -1.1694847;
 0, 0, 0, 1]
Ow:
[1.7245377;
 -0.87046367;
 2.9427786]
Keyframe: 72 Frame: 668 Frame from vFrameID : 669
Tcw:
[0.90839344, 0.39050871, 0.14941303, 1.7188283;
 0.12063197, 0.097373851, -0.98791003, -0.89286125;
 -0.40033638, 0.91543502, 0.041345932, 3.0021126;
 0, 0, 0, 1]
Twc:
[0.90839344, 0.12063197, -0.40033638, -0.25180984;
 0.39050871, 0.097373851, 0.91543502, -3.3325152;
 0.14941303, -0.98791003, 0.041345932, -1.2630072;
 0, 0, 0, 1]
Ow:
[1.7188283;
 -0.89286125;
 3.0021126]
Keyframe: 73 Frame: 676 Frame from vFrameID : 677
Tcw:
[0.90392697, 0.40444741, 0.13906211, 1.7446661;
 0.09961611, 0.11710566, -0.98811078, -0.91465569;
 -0.4159238, 0.90703285, 0.065565489, 3.020637;
 0, 0, 0, 1]
Twc:
[0.90392697, 0.09961611, -0.4159238, -0.22958152;
 0.40444741, 0.11710566, 0.90703285, -3.3383312;
 0.13906211, -0.98811078, 0.065565489, -1.3444476;
 0, 0, 0, 1]
Ow:
[1.7446661;
 -0.91465569;
 3.020637]
Keyframe: 74 Frame: 684 Frame from vFrameID : 685
Tcw:
[0.90812725, 0.40323967, 0.11270601, 1.7697638;
 0.080201976, 0.096666604, -0.99208027, -0.9343369;
 -0.410941, 0.9099744, 0.055444963, 3.0492566;
 0, 0, 0, 1]
Twc:
[0.90812725, 0.080201976, -0.410941, -0.2791706;
 0.40323967, 0.096666604, 0.9099744, -3.3980651;
 0.11270601, -0.99208027, 0.055444963, -1.2954661;
 0, 0, 0, 1]
Ow:
[1.7697638;
 -0.9343369;
 3.0492566]
Keyframe: 75 Frame: 692 Frame from vFrameID : 693
Tcw:
[0.90682614, 0.40474227, 0.11768606, 1.80893;
 0.085542187, 0.096677534, -0.991633, -0.94431984;
 -0.41273338, 0.90930587, 0.05304718, 3.084909;
 0, 0, 0, 1]
Twc:
[0.90682614, 0.085542187, -0.41273338, -0.28636086;
 0.40474227, 0.096677534, 0.90930587, -3.4459817;
 0.11768606, -0.991633, 0.05304718, -1.3129503;
 0, 0, 0, 1]
Ow:
[1.80893;
 -0.94431984;
 3.084909]
Keyframe: 76 Frame: 701 Frame from vFrameID : 702
Tcw:
[0.90542042, 0.40501767, 0.12717897, 1.8458967;
 0.10377453, 0.079329215, -0.99143213, -0.97668499;
 -0.41163656, 0.9108609, 0.02979577, 3.1242583;
 0, 0, 0, 1]
Twc:
[0.90542042, 0.10377453, -0.41163656, -0.28389877;
 0.40501767, 0.079329215, 0.9108609, -3.5159059;
 0.12717897, -0.99143213, 0.02979577, -1.2961659;
 0, 0, 0, 1]
Ow:
[1.8458967;
 -0.97668499;
 3.1242583]
Keyframe: 77 Frame: 709 Frame from vFrameID : 710
Tcw:
[0.90413171, 0.41173553, 0.11410395, 1.8969847;
 0.097735167, 0.06067241, -0.99336129, -1.0043322;
 -0.41592512, 0.90928143, 0.014614806, 3.1617479;
 0, 0, 0, 1]
Twc:
[0.90413171, 0.097735167, -0.41592512, -0.30191511;
 0.41173553, 0.06067241, 0.90928143, -3.5950394;
 0.11410395, -0.99336129, 0.014614806, -1.2603265;
 0, 0, 0, 1]
Ow:
[1.8969847;
 -1.0043322;
 3.1617479]
Keyframe: 78 Frame: 718 Frame from vFrameID : 719
Tcw:
[0.91151291, 0.40329367, 0.08061292, 1.9445827;
 0.070491746, 0.039906099, -0.99671382, -1.0324368;
 -0.40518531, 0.91420007, 0.0079460507, 3.2253735;
 0, 0, 0, 1]
Twc:
[0.91151291, 0.070491746, -0.40518531, -0.39286;
 0.40329367, 0.039906099, 0.91420007, -3.6916738;
 0.08061292, -0.99671382, 0.0079460507, -1.2114315;
 0, 0, 0, 1]
Ow:
[1.9445827;
 -1.0324368;
 3.2253735]
Keyframe: 79 Frame: 725 Frame from vFrameID : 726
Tcw:
[0.90323019, 0.41833535, 0.095764324, 1.9897696;
 0.10068431, 0.010353967, -0.99486452, -1.0387739;
 -0.41717854, 0.90823364, -0.032767788, 3.2601492;
 0, 0, 0, 1]
Twc:
[0.90323019, 0.10068431, -0.41717854, -0.33256739;
 0.41833535, 0.010353967, 0.90823364, -3.7826126;
 0.095764324, -0.99486452, -0.032767788, -1.1171604;
 0, 0, 0, 1]
Ow:
[1.9897696;
 -1.0387739;
 3.2601492]
Keyframe: 80 Frame: 731 Frame from vFrameID : 732
Tcw:
[0.90380049, 0.41669393, 0.097523458, 1.9969653;
 0.12053411, -0.029201901, -0.99227959, -1.0799228;
 -0.410629, 0.90857768, -0.076618522, 3.309706;
 0, 0, 0, 1]
Twc:
[0.90380049, 0.12053411, -0.410629, -0.31562942;
 0.41669393, -0.029201901, 0.90857768, -3.870784;
 0.097523458, -0.99227959, -0.076618522, -1.0127515;
 0, 0, 0, 1]
Ow:
[1.9969653;
 -1.0799228;
 3.309706]
Keyframe: 81 Frame: 737 Frame from vFrameID : 738
Tcw:
[0.89976746, 0.42575452, 0.095663913, 2.0304627;
 0.1044173, 0.0027934099, -0.99452966, -1.0883913;
 -0.4236927, 0.90483439, -0.041942719, 3.3053496;
 0, 0, 0, 1]
Twc:
[0.89976746, 0.1044173, -0.4236927, -0.31284493;
 0.42575452, 0.0027934099, 0.90483439, -3.8522325;
 0.095663913, -0.99452966, -0.041942719, -1.1380441;
 0, 0, 0, 1]
Ow:
[2.0304627;
 -1.0883913;
 3.3053496]
Keyframe: 82 Frame: 744 Frame from vFrameID : 745
Tcw:
[0.90569454, 0.41847828, 0.067774333, 2.0607202;
 0.059209064, 0.033435777, -0.99768549, -1.1104494;
 -0.41977581, 0.90761113, 0.0055048945, 3.3191938;
 0, 0, 0, 1]
Twc:
[0.90569454, 0.059209064, -0.41977581, -0.40731704;
 0.41847828, 0.033435777, 0.90761113, -3.8377752;
 0.067774333, -0.99768549, 0.0055048945, -1.265815;
 0, 0, 0, 1]
Ow:
[2.0607202;
 -1.1104494;
 3.3191938]
Keyframe: 83 Frame: 750 Frame from vFrameID : 751
Tcw:
[0.90586513, 0.42042851, 0.051461246, 2.0897326;
 0.034990687, 0.046800978, -0.99829119, -1.1308756;
 -0.42211854, 0.90611786, 0.02768429, 3.3422031;
 0, 0, 0, 1]
Twc:
[0.90586513, 0.034990687, -0.42211854, -0.44264001;
 0.42042851, 0.046800978, 0.90611786, -3.8540869;
 0.051461246, -0.99829119, 0.02768429, -1.32901;
 0, 0, 0, 1]
Ow:
[2.0897326;
 -1.1308756;
 3.3422031]
Keyframe: 84 Frame: 757 Frame from vFrameID : 758
Tcw:
[0.90043223, 0.43015683, 0.064706594, 2.1098135;
 0.062914781, 0.018404733, -0.99784917, -1.1214662;
 -0.43042254, 0.90256655, -0.01049101, 3.3892157;
 0, 0, 0, 1]
Twc:
[0.90043223, 0.062914781, -0.43042254, -0.37039247;
 0.43015683, 0.018404733, 0.90256655, -3.9459031;
 0.064706594, -0.99784917, -0.01049101, -1.2200166;
 0, 0, 0, 1]
Ow:
[2.1098135;
 -1.1214662;
 3.3892157]
Keyframe: 85 Frame: 765 Frame from vFrameID : 766
Tcw:
[0.8914212, 0.44316107, 0.094744347, 2.1243908;
 0.094638318, 0.022413054, -0.9952594, -1.1496698;
 -0.44318372, 0.89616179, -0.021960549, 3.3965936;
 0, 0, 0, 1]
Twc:
[0.8914212, 0.094638318, -0.44318372, -0.27960911;
 0.44316107, 0.022413054, 0.89616179, -3.9595771;
 0.094744347, -0.9952594, -0.021960549, -1.2709025;
 0, 0, 0, 1]
Ow:
[2.1243908;
 -1.1496698;
 3.3965936]
Keyframe: 86 Frame: 772 Frame from vFrameID : 773
Tcw:
[0.8930375, 0.44004855, 0.094028071, 2.1318433;
 0.10164858, 0.0062792464, -0.99480057, -1.1465049;
 -0.43835098, 0.89795202, -0.039122712, 3.4366803;
 0, 0, 0, 1]
Twc:
[0.8930375, 0.10164858, -0.43835098, -0.28080332;
 0.44004855, 0.0062792464, 0.89795202, -4.0168896;
 0.094028071, -0.99480057, -0.039122712, -1.2065445;
 0, 0, 0, 1]
Ow:
[2.1318433;
 -1.1465049;
 3.4366803]
Keyframe: 87 Frame: 779 Frame from vFrameID : 780
Tcw:
[0.88548332, 0.45489842, 0.094798267, 2.148881;
 0.094523728, 0.023408609, -0.99524736, -1.1695628;
 -0.45495552, 0.8902356, -0.022270761, 3.4634743;
 0, 0, 0, 1]
Twc:
[0.88548332, 0.094523728, -0.45495552, -0.21652009;
 0.45489842, 0.023408609, 0.8902356, -4.033453;
 0.094798267, -0.99524736, -0.022270761, -1.2905803;
 0, 0, 0, 1]
Ow:
[2.148881;
 -1.1695628;
 3.4634743]
Keyframe: 88 Frame: 787 Frame from vFrameID : 788
Tcw:
[0.88441545, 0.46045768, 0.076079354, 2.1791859;
 0.080987878, 0.0091199167, -0.99667335, -1.1819249;
 -0.45961976, 0.88763481, -0.029225696, 3.4935634;
 0, 0, 0, 1]
Twc:
[0.88441545, 0.080987878, -0.45961976, -0.22587323;
 0.46045768, 0.0091199167, 0.88763481, -4.0936522;
 0.076079354, -0.99667335, -0.029225696, -1.2416823;
 0, 0, 0, 1]
Ow:
[2.1791859;
 -1.1819249;
 3.4935634]
Keyframe: 89 Frame: 795 Frame from vFrameID : 796
Tcw:
[0.88500476, 0.4572981, 0.087435521, 2.2038183;
 0.10760368, -0.018186076, -0.9940275, -1.1753174;
 -0.45297679, 0.88912749, -0.065301724, 3.5489707;
 0, 0, 0, 1]
Twc:
[0.88500476, 0.10760368, -0.45297679, -0.21631978;
 0.4572981, -0.018186076, 0.88912749, -4.1846638;
 0.087435521, -0.9940275, -0.065301724, -1.129236;
 0, 0, 0, 1]
Ow:
[2.2038183;
 -1.1753174;
 3.5489707]
Keyframe: 90 Frame: 802 Frame from vFrameID : 803
Tcw:
[0.88577592, 0.4565649, 0.083363838, 2.2461464;
 0.11128037, -0.034548171, -0.99318838, -1.1915846;
 -0.45057487, 0.88901907, -0.08140865, 3.5737383;
 0, 0, 0, 1]
Twc:
[0.88577592, 0.11128037, -0.45057487, -0.2467458;
 0.4565649, -0.034548171, 0.88901907, -4.2438002;
 0.083363838, -0.99318838, -0.08140865, -1.0797821;
 0, 0, 0, 1]
Ow:
[2.2461464;
 -1.1915846;
 3.5737383]
Keyframe: 91 Frame: 810 Frame from vFrameID : 811
Tcw:
[0.88704944, 0.45701882, 0.065399505, 2.2773333;
 0.083695978, -0.019879714, -0.99629301, -1.2169596;
 -0.45402452, 0.88923484, -0.055884928, 3.5904412;
 0, 0, 0, 1]
Twc:
[0.88704944, 0.083695978, -0.45402452, -0.28810412;
 0.45701882, -0.019879714, 0.88923484, -4.2577224;
 0.065399505, -0.99629301, -0.055884928, -1.1607333;
 0, 0, 0, 1]
Ow:
