Keyframe: 0 Frame: 0 Frame from vFrameID : 77
Tcw:
[0.99836534, 0.057135109, 0.0015031399, 0.026909569;
 -0.018734319, 0.35197908, -0.93582034, 0.004958313;
 -0.053997271, 0.93426245, 0.35247409, -0.099508978;
 0, 0, 0, 1]
Twc:
[0.99836534, -0.018734319, -0.053997271, -0.032145906;
 0.057135109, 0.35197908, 0.93426245, 0.089684799;
 0.0015031399, -0.93582034, 0.35247409, 0.039673977;
 0, 0, 0, 1]
Ow:
[0.026909569;
 0.004958313;
 -0.099508978]
Keyframe: 1 Frame: 82 Frame from vFrameID : 77
Tcw:
[0.99828166, 0.058597807, 0.00027775826, 0.00076157076;
 -0.020499064, 0.35365802, -0.93515015, -0.00091499742;
 -0.054895978, 0.93353754, 0.3542515, -0.0005447627;
 0, 0, 0, 1]
Twc:
[0.99828166, -0.020499064, -0.054895978, -0.00080892397;
 0.058597807, 0.35365802, 0.93353754, 0.00078752619;
 0.00027775826, -0.93515015, 0.3542515, -0.00066288852;
 0, 0, 0, 1]
Ow:
[0.00076157076;
 -0.00091499742;
 -0.0005447627]
