Keyframe: 0 Frame: 0 Frame from vFrameID : 77
Tcw:
[0.99756992, 0.065633096, 0.023379071, 0.036055204;
 0.0018936222, 0.30989096, -0.9507702, 0.0080902688;
 -0.069646955, 0.94850403, 0.30901361, -0.059838317;
 0, 0, 0, 1]
Twc:
[0.99756992, 0.0018936222, -0.069646955, -0.04015046;
 0.065633096, 0.30989096, 0.94850403, 0.05188337;
 0.023379071, -0.9507702, 0.30901361, 0.025339905;
 0, 0, 0, 1]
Ow:
[0.036055204;
 0.0080902688;
 -0.059838317]
Keyframe: 1 Frame: 100 Frame from vFrameID : 77
Tcw:
[0.99748617, 0.066957518, 0.023194319, -nan;
 0.0013209864, 0.30969363, -0.95083547, -nan;
 -0.070848711, 0.9484759, 0.30882668, -inf;
 0, 0, 0, 1]
Twc:
[0.99748617, 0.0013209864, -0.070848711, -inf;
 0.066957518, 0.30969363, 0.9484759, inf;
 0.023194319, -0.95083547, 0.30882668, inf;
 0, 0, 0, 1]
Ow:
[-nan;
 -nan;
 -inf]
