Keyframe: 0 Frame: 0 Frame from vFrameID : 132
Tcw:
[0.99989712, 0.0041182283, -0.013738706, 0.088917904;
 -0.014196688, 0.42049384, -0.9071843, -0.01161748;
 0.0020410493, 0.90728605, 0.42050907, -0.0058295736;
 0, 0, 0, 1]
Twc:
[0.99989712, -0.014196688, 0.0020410493, -0.089061789;
 0.0041182283, 0.42049384, 0.90728605, 0.0098079853;
 -0.013738706, -0.9071843, 0.42050907, -0.0068661906;
 0, 0, 0, 1]
Ow:
[0.088917904;
 -0.01161748;
 -0.0058295736]
Keyframe: 1 Frame: 131 Frame from vFrameID : 132
Tcw:
[0.99992806, 0.0065922919, -0.010019599, 0.090837337;
 -0.011848561, 0.41334376, -0.91049796, -0.016208347;
 -0.0018607293, 0.91055119, 0.41339216, -0.0034034899;
 0, 0, 0, 1]
Twc:
[0.99992806, -0.011848561, -0.0018607293, -0.091029182;
 0.0065922919, 0.41334376, 0.91055119, 0.0091998456;
 -0.010019599, -0.91049796, 0.41339216, -0.012440537;
 0, 0, 0, 1]
Ow:
[0.090837337;
 -0.016208347;
 -0.0034034899]
Keyframe: 2 Frame: 135 Frame from vFrameID : 136
Tcw:
[0.99990171, 0.012212905, -0.0068826373, 0.09708973;
 -0.011275914, 0.40895215, -0.91248614, -0.027746085;
 -0.0083294371, 0.9124741, 0.40904969, 0.0029689935;
 0, 0, 0, 1]
Twc:
[0.99990171, -0.011275914, -0.0083294371, -0.097368322;
 0.012212905, 0.40895215, 0.9124741, 0.0074519445;
 -0.0068826373, -0.91248614, 0.40904969, -0.02586415;
 0, 0, 0, 1]
Ow:
[0.09708973;
 -0.027746085;
 0.0029689935]
Keyframe: 3 Frame: 136 Frame from vFrameID : 137
Tcw:
[0.99992597, 0.012135795, -0.00090742816, 0.094962142;
 -0.0057824617, 0.40818587, -0.91288054, -0.02528799;
 -0.010708132, 0.91281819, 0.4082258, 0.0037482092;
 0, 0, 0, 1]
Twc:
[0.99992597, -0.0057824617, -0.010708132, -0.095061198;
 0.012135795, 0.40818587, 0.91281819, 0.0057483246;
 -0.00090742816, -0.91288054, 0.4082258, -0.024528857;
 0, 0, 0, 1]
Ow:
[0.094962142;
 -0.02528799;
 0.0037482092]
Keyframe: 4 Frame: 137 Frame from vFrameID : 138
Tcw:
[0.9999249, 0.011703307, 0.003637353, 0.096955135;
 -0.0014642847, 0.40875459, -0.91264319, -0.031018073;
 -0.012167728, 0.91256928, 0.40874103, 0.0070023937;
 0, 0, 0, 1]
Twc:
[0.9999249, -0.0014642847, -0.012167728, -0.09690807;
 0.011703307, 0.40875459, 0.91256928, 0.005153914;
 0.003637353, -0.91264319, 0.40874103, -0.031523257;
 0, 0, 0, 1]
Ow:
[0.096955135;
 -0.031018073;
 0.0070023937]
Keyframe: 5 Frame: 138 Frame from vFrameID : 139
Tcw:
[0.9999004, 0.013138906, 0.0051503824, 0.098731443;
 -0.00076179439, 0.41467711, -0.90996832, -0.033838954;
 -0.014091734, 0.90987378, 0.41464582, 0.0044784388;
 0, 0, 0, 1]
Twc:
[0.9999004, -0.00076179439, -0.014091734, -0.098684281;
 0.013138906, 0.41467711, 0.90987378, 0.0086602019;
 0.0051503824, -0.90996832, 0.41464582, -0.033157844;
 0, 0, 0, 1]
Ow:
[0.098731443;
 -0.033838954;
 0.0044784388]
Keyframe: 6 Frame: 139 Frame from vFrameID : 140
Tcw:
[0.99987668, 0.015154271, 0.0041259225, 0.098790914;
 -0.0026139475, 0.41960087, -0.90770495, -0.035815857;
 -0.015486848, 0.90758222, 0.41958871, 0.0057921195;
 0, 0, 0, 1]
Twc:
[0.99987668, -0.0026139475, -0.015486848, -0.098782644;
 0.015154271, 0.41960087, 0.90758222, 0.0082744341;
 0.0041259225, -0.90770495, 0.41958871, -0.03534814;
 0, 0, 0, 1]
Ow:
[0.098790914;
 -0.035815857;
 0.0057921195]
Keyframe: 7 Frame: 141 Frame from vFrameID : 142
Tcw:
[0.99987566, 0.015366975, 0.003533772, 0.099198394;
 -0.0033389332, 0.42536873, -0.90501398, -0.036555752;
 -0.015410484, 0.90488964, 0.42536718, 0.010476541;
 0, 0, 0, 1]
Twc:
[0.99987566, -0.0033389332, -0.015410484, -0.099146679;
 0.015366975, 0.42536873, 0.90488964, 0.0045451843;
 0.003533772, -0.90501398, 0.42536718, -0.03789039;
 0, 0, 0, 1]
Ow:
[0.099198394;
 -0.036555752;
 0.010476541]
Keyframe: 8 Frame: 143 Frame from vFrameID : 144
Tcw:
[0.99990118, 0.013093956, 0.0051208008, 0.10079937;
 -0.0010185859, 0.43072662, -0.90248185, -0.041844167;
 -0.014022723, 0.90238744, 0.43069738, 0.011972334;
 0, 0, 0, 1]
Twc:
[0.99990118, -0.0010185859, -0.014022723, -0.10066414;
 0.013093956, 0.43072662, 0.90238744, 0.0058998498;
 0.0051208008, -0.90248185, 0.43069738, -0.043436229;
 0, 0, 0, 1]
Ow:
[0.10079937;
 -0.041844167;
 0.011972334]
Keyframe: 9 Frame: 145 Frame from vFrameID : 146
Tcw:
[0.99991089, 0.013154531, 0.0022778981, 0.10294229;
 -0.0036440878, 0.43307847, -0.90134883, -0.040784445;
 -0.012843329, 0.90126026, 0.4330878, 0.016242426;
 0, 0, 0, 1]
Twc:
[0.99991089, -0.0036440878, -0.012843329, -0.10287313;
 0.013154531, 0.43307847, 0.90126026, 0.0016700543;
 0.0022778981, -0.90134883, 0.4330878, -0.044029903;
 0, 0, 0, 1]
Ow:
[0.10294229;
 -0.040784445;
 0.016242426]
Keyframe: 10 Frame: 147 Frame from vFrameID : 148
Tcw:
[0.99995291, 0.0094246687, -0.0023234026, 0.10832932;
 -0.0062380983, 0.44055402, -0.89770442, -0.043745834;
 -0.0074369828, 0.89767665, 0.44059205, 0.01848013;
 0, 0, 0, 1]
Twc:
[0.99995291, -0.0062380983, -0.0074369828, -0.10845967;
 0.0094246687, 0.44055402, 0.89767665, 0.0016622546;
 -0.0023234026, -0.89770442, 0.44059205, -0.047161337;
 0, 0, 0, 1]
Ow:
[0.10832932;
 -0.043745834;
 0.01848013]
Keyframe: 11 Frame: 149 Frame from vFrameID : 150
Tcw:
[0.99995798, 0.0077931127, -0.0048327157, 0.11053354;
 -0.007776205, 0.44134727, -0.89730269, -0.04628199;
 -0.004859875, 0.89730251, 0.44138932, 0.021103941;
 0, 0, 0, 1]
Twc:
[0.99995798, -0.007776205, -0.004859875, -0.11078623;
 0.0077931127, 0.44134727, 0.89730251, 0.00062840781;
 -0.0048327157, -0.89730269, 0.44138932, -0.050309829;
 0, 0, 0, 1]
Ow:
[0.11053354;
 -0.04628199;
 0.021103941]
Keyframe: 12 Frame: 151 Frame from vFrameID : 152
Tcw:
[0.99994266, 0.00036045714, -0.010703918, 0.11753469;
 -0.0097744586, 0.43922681, -0.89832306, -0.052912466;
 0.0043776408, 0.89837617, 0.43920514, 0.026200155;
 0, 0, 0, 1]
Twc:
[0.99994266, -0.0097744586, 0.0043776408, -0.11815983;
 0.00036045714, 0.43922681, 0.89837617, -0.00033938757;
 -0.010703918, -0.89832306, 0.43920514, -0.057781648;
 0, 0, 0, 1]
Ow:
[0.11753469;
 -0.052912466;
 0.026200155]
Keyframe: 13 Frame: 154 Frame from vFrameID : 155
Tcw:
[0.99976015, -0.0016617888, -0.021837126, 0.1236224;
 -0.018987045, 0.43113959, -0.90208542, -0.051768892;
 0.010913925, 0.90228373, 0.43100464, 0.031827841;
 0, 0, 0, 1]
Twc:
[0.99976015, -0.018987045, 0.010913925, -0.12492306;
 -0.0016617888, 0.43113959, 0.90228373, -0.0061926884;
 -0.021837126, -0.90208542, 0.43100464, -0.057718351;
 0, 0, 0, 1]
Ow:
[0.1236224;
 -0.051768892;
 0.031827841]
Keyframe: 14 Frame: 157 Frame from vFrameID : 158
Tcw:
[0.99960476, -0.0031461278, -0.027936012, 0.12647662;
 -0.023866914, 0.43014026, -0.90244651, -0.053935271;
 0.014855616, 0.90275657, 0.42989516, 0.039809152;
 0, 0, 0, 1]
Twc:
[0.99960476, -0.023866914, 0.014855616, -0.12830527;
 -0.0031461278, 0.43014026, 0.90275657, -0.012340331;
 -0.027936012, -0.90244651, 0.42989516, -0.062254205;
 0, 0, 0, 1]
Ow:
[0.12647662;
 -0.053935271;
 0.039809152]
Keyframe: 15 Frame: 162 Frame from vFrameID : 163
Tcw:
[0.99965233, -0.0082407687, -0.025046635, 0.13198541;
 -0.018936902, 0.43660584, -0.89945358, -0.061490886;
 0.018347695, 0.89961517, 0.43629798, 0.047127217;
 0, 0, 0, 1]
Twc:
[0.99965233, -0.018936902, 0.018347695, -0.13396865;
 -0.0082407687, 0.43660584, 0.89961517, -0.014461418;
 -0.025046635, -0.89945358, 0.43629798, -0.072563916;
 0, 0, 0, 1]
Ow:
[0.13198541;
 -0.061490886;
 0.047127217]
Keyframe: 16 Frame: 167 Frame from vFrameID : 168
Tcw:
[0.99980593, -0.002531745, -0.019537518, 0.13991962;
 -0.016510753, 0.43335655, -0.90107131, -0.063660577;
 0.010747994, 0.90121901, 0.43323064, 0.06624949;
 0, 0, 0, 1]
Twc:
[0.99980593, -0.016510753, 0.010747994, -0.14165561;
 -0.002531745, 0.43335655, 0.90121901, -0.03176333;
 -0.019537518, -0.90107131, 0.43323064, -0.083330348;
 0, 0, 0, 1]
Ow:
[0.13991962;
 -0.063660577;
 0.06624949]
Keyframe: 17 Frame: 173 Frame from vFrameID : 174
Tcw:
[0.99996978, 0.0068585523, 0.0036571452, 0.14621128;
 0.00035865704, 0.4292967, -0.90316343, -0.070156485;
 -0.0077643939, 0.90313751, 0.42928126, 0.079192005;
 0, 0, 0, 1]
Twc:
[0.99996978, 0.00035865704, -0.0077643939, -0.14556682;
 0.0068585523, 0.4292967, 0.90313751, -0.042406116;
 0.0036571452, -0.90316343, 0.42928126, -0.097893134;
 0, 0, 0, 1]
Ow:
[0.14621128;
 -0.070156485;
 0.079192005]
Keyframe: 18 Frame: 179 Frame from vFrameID : 180
Tcw:
[0.99903631, 0.012383858, 0.042108081, 0.14565027;
 0.032567739, 0.43399903, -0.90032446, -0.077438787;
 -0.029424356, 0.90082824, 0.43317747, 0.10890719;
 0, 0, 0, 1]
Twc:
[0.99903631, 0.032567739, -0.029424356, -0.13978338;
 0.012383858, 0.43399903, 0.90082824, -0.066302024;
 0.042108081, -0.90032446, 0.43317747, -0.12302924;
 0, 0, 0, 1]
Ow:
[0.14565027;
 -0.077438787;
 0.10890719]
Keyframe: 19 Frame: 185 Frame from vFrameID : 186
Tcw:
[0.99925452, 0.012709015, 0.036453456, 0.15647714;
 0.027365906, 0.43284348, -0.90105361, -0.089709103;
 -0.027230145, 0.90137953, 0.43217301, 0.12346615;
 0, 0, 0, 1]
Twc:
[0.99925452, 0.027365906, -0.027230145, -0.15054351;
 0.012709015, 0.43284348, 0.90137953, -0.074448526;
 0.036453456, -0.90105361, 0.43217301, -0.13989559;
 0, 0, 0, 1]
Ow:
[0.15647714;
 -0.089709103;
 0.12346615]
Keyframe: 20 Frame: 191 Frame from vFrameID : 192
Tcw:
[0.99966198, 0.016242614, 0.020301526, 0.1575131;
 0.01096689, 0.44454911, -0.89568734, -0.089552194;
 -0.02357333, 0.89560723, 0.44422069, 0.14141715;
 0, 0, 0, 1]
Twc:
[0.99966198, 0.01096689, -0.02357333, -0.15314406;
 0.016242614, 0.44454911, 0.89560723, -0.089402303;
 0.020301526, -0.89568734, 0.44422069, -0.14622895;
 0, 0, 0, 1]
Ow:
[0.1575131;
 -0.089552194;
 0.14141715]
Keyframe: 21 Frame: 198 Frame from vFrameID : 199
Tcw:
[0.99982089, -0.00072163669, -0.018911574, 0.17449301;
 -0.01681467, 0.42472109, -0.90516812, -0.092872947;
 0.0086853467, 0.90532398, 0.42463288, 0.1945007;
 0, 0, 0, 1]
Twc:
[0.99982089, -0.01681467, 0.0086853467, -0.17771269;
 -0.00072163669, 0.42472109, 0.90532398, -0.13651513;
 -0.018911574, -0.90516812, 0.42463288, -0.16335708;
 0, 0, 0, 1]
Ow:
[0.17449301;
 -0.092872947;
 0.1945007]
Keyframe: 22 Frame: 204 Frame from vFrameID : 205
Tcw:
[0.99948102, -0.024973167, -0.020347528, 0.1804087;
 -0.0072709923, 0.44045845, -0.89774352, -0.10845655;
 0.031381741, 0.89742559, 0.44004828, 0.20354792;
 0, 0, 0, 1]
Twc:
[0.99948102, -0.0072709923, 0.031381741, -0.18749136;
 -0.024973167, 0.44045845, 0.89742559, -0.13039313;
 -0.020347528, -0.89774352, 0.44004828, -0.18326622;
 0, 0, 0, 1]
Ow:
[0.1804087;
 -0.10845655;
 0.20354792]
Keyframe: 23 Frame: 210 Frame from vFrameID : 211
Tcw:
[0.99987394, -0.013744271, -0.0079527777, 0.1917478;
 -0.0010004775, 0.44530508, -0.89537835, -0.11261605;
 0.015847735, 0.89527339, 0.44523519, 0.21977475;
 0, 0, 0, 1]
Twc:
[0.99987394, -0.0010004775, 0.015847735, -0.19531922;
 -0.013744271, 0.44530508, 0.89527339, -0.14397456;
 -0.0079527777, -0.89537835, 0.44523519, -0.1971605;
 0, 0, 0, 1]
Ow:
[0.1917478;
 -0.11261605;
 0.21977475]
Keyframe: 24 Frame: 216 Frame from vFrameID : 217
Tcw:
[0.99980772, 0.016168807, 0.01109505, 0.18391545;
 0.003183451, 0.42446294, -0.90543973, -0.11304729;
 -0.019349318, 0.90530092, 0.42432988, 0.26169798;
 0, 0, 0, 1]
Twc:
[0.99980772, 0.003183451, -0.019349318, -0.17845653;
 0.016168807, 0.42446294, 0.90530092, -0.19190474;
 0.01109505, -0.90543973, 0.42432988, -0.21544431;
 0, 0, 0, 1]
Ow:
[0.18391545;
 -0.11304729;
 0.26169798]
Keyframe: 25 Frame: 222 Frame from vFrameID : 223
Tcw:
[0.99954891, 0.016084122, 0.0253627, 0.18977346;
 0.015895601, 0.43319002, -0.90116245, -0.13071235;
 -0.025481276, 0.90115911, 0.43273896, 0.25813693;
 0, 0, 0, 1]
Twc:
[0.99954891, 0.015895601, -0.025481276, -0.18103243;
 0.016084122, 0.43319002, 0.90115911, -0.17905149;
 0.0253627, -0.90116245, 0.43273896, -0.23431212;
 0, 0, 0, 1]
Ow:
[0.18977346;
 -0.13071235;
 0.25813693]
Keyframe: 26 Frame: 230 Frame from vFrameID : 231
Tcw:
[0.99986351, 0.0026935101, 0.016300427, 0.20941477;
 0.013527114, 0.4329899, -0.90129727, -0.13087985;
 -0.0094855735, 0.90139478, 0.43289435, 0.28177053;
 0, 0, 0, 1]
Twc:
[0.99986351, 0.013527114, -0.0094855735, -0.20494299;
 0.0026935101, 0.4329899, 0.90139478, -0.19788089;
 0.016300427, -0.90129727, 0.43289435, -0.24335207;
 0, 0, 0, 1]
Ow:
[0.20941477;
 -0.13087985;
 0.28177053]
Keyframe: 27 Frame: 237 Frame from vFrameID : 238
Tcw:
[0.99988121, -0.0048838286, -0.014619685, 0.21224174;
 -0.01124525, 0.41755524, -0.90858197, -0.12106882;
 0.010541884, 0.90863842, 0.41745073, 0.33036906;
 0, 0, 0, 1]
Twc:
[0.99988121, -0.01124525, 0.010541884, -0.21706067;
 -0.0048838286, 0.41755524, 0.90863842, -0.24859653;
 -0.014619685, -0.90858197, 0.41745073, -0.24481083;
 0, 0, 0, 1]
Ow:
[0.21224174;
 -0.12106882;
 0.33036906]
Keyframe: 28 Frame: 244 Frame from vFrameID : 245
Tcw:
[0.99969769, -0.0081850691, -0.023184864, 0.23049217;
 -0.017469669, 0.42708495, -0.90404272, -0.13930216;
 0.017301558, 0.90417445, 0.42681286, 0.33009088;
 0, 0, 0, 1]
Twc:
[0.99969769, -0.017469669, 0.017301558, -0.23856714;
 -0.0081850691, 0.42708495, 0.90417445, -0.23707928;
 -0.023184864, -0.90404272, 0.42681286, -0.26147822;
 0, 0, 0, 1]
Ow:
[0.23049217;
 -0.13930216;
 0.33009088]
Keyframe: 29 Frame: 251 Frame from vFrameID : 252
Tcw:
[0.99983293, 0.011795115, -0.013962116, 0.21684203;
 -0.017554786, 0.40703699, -0.913243, -0.14926034;
 -0.0050887079, 0.9133355, 0.40717605, 0.34638375;
 0, 0, 0, 1]
Twc:
[0.99983293, -0.017554786, -0.0050887079, -0.21766339;
 0.011795115, 0.40703699, 0.9133355, -0.2581678;
 -0.013962116, -0.913243, 0.40717605, -0.27432254;
 0, 0, 0, 1]
Ow:
[0.21684203;
 -0.14926034;
 0.34638375]
Keyframe: 30 Frame: 258 Frame from vFrameID : 259
Tcw:
[0.99972343, 0.010078733, 0.02124729, 0.2225949;
 0.015421428, 0.40113845, -0.91588759, -0.15334576;
 -0.017754091, 0.91596198, 0.40087208, 0.36379394;
 0, 0, 0, 1]
Twc:
[0.99972343, 0.015421428, -0.017754091, -0.2137097;
 0.010078733, 0.40113845, 0.91596198, -0.27395201;
 0.02124729, -0.91588759, 0.40087208, -0.29101187;
 0, 0, 0, 1]
Ow:
[0.2225949;
 -0.15334576;
 0.36379394]
Keyframe: 31 Frame: 265 Frame from vFrameID : 266
Tcw:
[0.99982077, 0.011339258, 0.015161114, 0.248386;
 0.0088346954, 0.42882702, -0.90334344, -0.15194719;
 -0.01674474, 0.90331542, 0.42864999, 0.39272812;
 0, 0, 0, 1]
Twc:
[0.99982077, 0.0088346954, -0.01674474, -0.24042295;
 0.011339258, 0.42882702, 0.90331542, -0.29241484;
 0.015161114, -0.90334344, 0.42864999, -0.30936918;
 0, 0, 0, 1]
Ow:
[0.248386;
 -0.15194719;
 0.39272812]
Keyframe: 32 Frame: 272 Frame from vFrameID : 273
Tcw:
[0.99866521, -0.010887148, -0.050490703, 0.26612335;
 -0.041353408, 0.41716591, -0.90788907, -0.14162759;
 0.03094732, 0.90876514, 0.41615883, 0.42597768;
 0, 0, 0, 1]
Twc:
[0.99866521, -0.041353408, 0.03094732, -0.28480777;
 -0.010887148, 0.41716591, 0.90876514, -0.32513413;
 -0.050490703, -0.90788907, 0.41615883, -0.29241976;
 0, 0, 0, 1]
Ow:
[0.26612335;
 -0.14162759;
 0.42597768]
Keyframe: 33 Frame: 280 Frame from vFrameID : 281
Tcw:
[0.99946076, -0.025182735, -0.021070961, 0.2879318;
 -0.0082374373, 0.42889524, -0.90331668, -0.13486767;
 0.03178522, 0.90300316, 0.42845652, 0.47144645;
 0, 0, 0, 1]
Twc:
[0.99946076, -0.0082374373, 0.03178522, -0.30387253;
 -0.025182735, 0.42889524, 0.90300316, -0.36062261;
 -0.021070961, -0.90331668, 0.42845652, -0.31775552;
 0, 0, 0, 1]
Ow:
[0.2879318;
 -0.13486767;
 0.47144645]
Keyframe: 34 Frame: 288 Frame from vFrameID : 289
Tcw:
[0.99991703, -0.0075121438, 0.010466027, 0.28288752;
 0.012638912, 0.41464463, -0.90989566, -0.14090917;
 0.0024955852, 0.9099524, 0.41470516, 0.50317979;
 0, 0, 0, 1]
Twc:
[0.99991703, 0.012638912, 0.0024955852, -0.28233883;
 -0.0075121438, 0.41464463, 0.9099524, -0.39731738;
 0.010466027, -0.90989566, 0.41470516, -0.33984461;
 0, 0, 0, 1]
Ow:
[0.28288752;
 -0.14090917;
 0.50317979]
Keyframe: 35 Frame: 295 Frame from vFrameID : 296
Tcw:
[0.99975765, 0.011586739, 0.018718209, 0.28115991;
 0.012018656, 0.42509803, -0.9050675, -0.16437003;
 -0.018443855, 0.90507317, 0.42485577, 0.5066241;
 0, 0, 0, 1]
Twc:
[0.99975765, 0.012018656, -0.018443855, -0.26977217;
 0.011586739, 0.42509803, 0.90507317, -0.39191622;
 0.018718209, -0.9050675, 0.42485577, -0.36927095;
 0, 0, 0, 1]
Ow:
[0.28115991;
 -0.16437003;
 0.5066241]
Keyframe: 36 Frame: 302 Frame from vFrameID : 303
Tcw:
[0.99982065, -0.00893619, -0.016697377, 0.3041172;
 -0.011676598, 0.40327045, -0.91500634, -0.14603141;
 0.014910229, 0.91503721, 0.40309379, 0.53254509;
 0, 0, 0, 1]
Twc:
[0.99982065, -0.011676598, 0.014910229, -0.31370819;
 -0.00893619, 0.40327045, 0.91503721, -0.42569077;
 -0.016697377, -0.91500634, 0.40309379, -0.34320733;
 0, 0, 0, 1]
Ow:
[0.3041172;
 -0.14603141;
 0.53254509]
Keyframe: 37 Frame: 310 Frame from vFrameID : 311
Tcw:
[0.99745136, -0.0263012, -0.066325098, 0.3393884;
 -0.048450485, 0.43271118, -0.90022975, -0.15663844;
 0.052376736, 0.90114886, 0.43033406, 0.55530149;
 0, 0, 0, 1]
Twc:
[0.99745136, -0.048450485, 0.052376736, -0.3751975;
 -0.0263012, 0.43271118, 0.90114886, -0.42370376;
 -0.066325098, -0.90022975, 0.43033406, -0.35746574;
 0, 0, 0, 1]
Ow:
[0.3393884;
 -0.15663844;
 0.55530149]
Keyframe: 38 Frame: 318 Frame from vFrameID : 319
Tcw:
[0.99983919, -0.0056836596, -0.017008018, 0.33040768;
 -0.012646927, 0.44891739, -0.89348376, -0.1594663;
 0.012713453, 0.89355516, 0.44877332, 0.58662611;
 0, 0, 0, 1]
Twc:
[0.99983919, -0.012646927, 0.012713453, -0.33982936;
 -0.0056836596, 0.44891739, 0.89355516, -0.45071766;
 -0.017008018, -0.89348376, 0.44877332, -0.40012312;
 0, 0, 0, 1]
Ow:
[0.33040768;
 -0.1594663;
 0.58662611]
Keyframe: 39 Frame: 326 Frame from vFrameID : 327
Tcw:
[0.99980408, -0.0054639629, 0.019024905, 0.3444764;
 0.019466108, 0.4456318, -0.89500469, -0.16648789;
 -0.0035878299, 0.89519966, 0.44565085, 0.61946273;
 0, 0, 0, 1]
Twc:
[0.99980408, 0.019466108, -0.0035878299, -0.33894548;
 -0.0054639629, 0.4456318, 0.89519966, -0.47846836;
 0.019024905, -0.89500469, 0.44565085, -0.43162516;
 0, 0, 0, 1]
Ow:
[0.3444764;
 -0.16648789;
 0.61946273]
Keyframe: 40 Frame: 334 Frame from vFrameID : 335
Tcw:
[0.99998122, 0.0014210974, 0.0059649399, 0.34884;
 0.004742383, 0.43742719, -0.89924133, -0.16985694;
 -0.0038871365, 0.89925271, 0.43741223, 0.63746578;
 0, 0, 0, 1]
Twc:
[0.99998122, 0.004742383, -0.0038871365, -0.34555;
 0.0014210974, 0.43742719, 0.89925271, -0.49943852;
 0.0059649399, -0.89924133, 0.43741223, -0.43365851;
 0, 0, 0, 1]
Ow:
[0.34884;
 -0.16985694;
 0.63746578]
Keyframe: 41 Frame: 342 Frame from vFrameID : 343
Tcw:
[0.99870759, -0.019882444, -0.046774488, 0.36312035;
 -0.034429558, 0.41231886, -0.91038877, -0.14734137;
 0.037386756, 0.91082263, 0.41110143, 0.67881197;
 0, 0, 0, 1]
Twc:
[0.99870759, -0.034429558, 0.037386756, -0.3931025;
 -0.019882444, 0.41231886, 0.91082263, -0.5503059;
 -0.046774488, -0.91038877, 0.41110143, -0.39621374;
 0, 0, 0, 1]
Ow:
[0.36312035;
 -0.14734137;
 0.67881197]
Keyframe: 42 Frame: 350 Frame from vFrameID : 351
Tcw:
[0.99783909, -0.028801475, -0.059056018, 0.3844716;
 -0.042237353, 0.4073163, -0.91230994, -0.15795067;
 0.050330348, 0.91283292, 0.40521961, 0.68447721;
 0, 0, 0, 1]
Twc:
[0.99783909, -0.042237353, 0.050330348, -0.42476219;
 -0.028801475, 0.4073163, 0.91283292, -0.54940408;
 -0.059056018, -0.91230994, 0.40521961, -0.3987582;
 0, 0, 0, 1]
Ow:
[0.3844716;
 -0.15795067;
 0.68447721]
Keyframe: 43 Frame: 358 Frame from vFrameID : 359
Tcw:
[0.99863511, -0.024592832, -0.046076562, 0.38776532;
 -0.032416619, 0.39986441, -0.9160009, -0.16557075;
 0.040951435, 0.91624433, 0.39852142, 0.69981933;
 0, 0, 0, 1]
Twc:
[0.99863511, -0.032416619, 0.040951435, -0.42126194;
 -0.024592832, 0.39986441, 0.91624433, -0.56546342;
 -0.046076562, -0.9160009, 0.39852142, -0.41268906;
 0, 0, 0, 1]
Ow:
[0.38776532;
 -0.16557075;
 0.69981933]
Keyframe: 44 Frame: 365 Frame from vFrameID : 366
Tcw:
[0.99971688, -0.019435527, -0.013726303, 0.39804819;
 -0.0045799385, 0.40891376, -0.91256154, -0.17548545;
 0.023348989, 0.91236603, 0.40870899, 0.7130816;
 0, 0, 0, 1]
Twc:
[0.99971688, -0.0045799385, 0.023348989, -0.41538894;
 -0.019435527, 0.40891376, 0.91236603, -0.57109672;
 -0.013726303, -0.91256154, 0.40870899, -0.44612038;
 0, 0, 0, 1]
Ow:
[0.39804819;
 -0.17548545;
 0.7130816]
Keyframe: 45 Frame: 372 Frame from vFrameID : 373
Tcw:
[0.99984568, 0.002940685, 0.017319662, 0.3971566;
 0.014250809, 0.44074741, -0.89751804, -0.1748682;
 -0.010272915, 0.89762634, 0.4406375, 0.72284037;
 0, 0, 0, 1]
Twc:
[0.99984568, 0.014250809, -0.010272915, -0.38717762;
 0.002940685, 0.44074741, 0.89762634, -0.57293576;
 0.017319662, -0.89751804, 0.4406375, -0.48233655;
 0, 0, 0, 1]
Ow:
[0.3971566;
 -0.1748682;
 0.72284037]
Keyframe: 46 Frame: 381 Frame from vFrameID : 382
Tcw:
[0.99995333, -0.0054586139, -0.0079732388, 0.41761529;
 -0.0050852667, 0.40435287, -0.91458893, -0.1580289;
 0.0082163895, 0.91458678, 0.40430623, 0.77180028;
 0, 0, 0, 1]
Twc:
[0.99995333, -0.0050852667, 0.0082163895, -0.42474082;
 -0.0054586139, 0.40435287, 0.91458678, -0.63969928;
 -0.0079732388, -0.91458893, 0.40430623, -0.4532454;
 0, 0, 0, 1]
Ow:
[0.41761529;
 -0.1580289;
 0.77180028]
Keyframe: 47 Frame: 389 Frame from vFrameID : 390
Tcw:
[0.99925995, -0.013539669, -0.036003467, 0.42849845;
 -0.027766073, 0.39385864, -0.91875154, -0.1792969;
 0.026619868, 0.91907132, 0.39319122, 0.77809763;
 0, 0, 0, 1]
Twc:
[0.99925995, -0.027766073, 0.026619868, -0.45387256;
 -0.013539669, 0.39385864, 0.91907132, -0.63870782;
 -0.036003467, -0.91875154, 0.39319122, -0.45524305;
 0, 0, 0, 1]
Ow:
[0.42849845;
 -0.1792969;
 0.77809763]
Keyframe: 48 Frame: 398 Frame from vFrameID : 399
Tcw:
[0.99984753, -0.017365729, -0.0018263554, 0.3949675;
 0.0048795333, 0.37829652, -0.92567164, -0.18640664;
 0.016765866, 0.92552155, 0.37832358, 0.82590103;
 0, 0, 0, 1]
Twc:
[0.99984753, 0.0048795333, 0.016765866, -0.40784466;
 -0.017365729, 0.37829652, 0.92552155, -0.68701333;
 -0.0018263554, -0.92567164, 0.37832358, -0.4842878;
 0, 0, 0, 1]
Ow:
[0.3949675;
 -0.18640664;
 0.82590103]
Keyframe: 49 Frame: 405 Frame from vFrameID : 406
Tcw:
[0.9999873, -0.0048940959, -0.0011798296, 0.44474041;
 0.00074356503, 0.37537244, -0.92687374, -0.18447495;
 0.0049790847, 0.92686117, 0.37537131, 0.82070923;
 0, 0, 0, 1]
Twc:
[0.9999873, 0.00074356503, 0.0049790847, -0.44868398;
 -0.0048940959, 0.37537244, 0.92686117, -0.68926007;
 -0.0011798296, -0.92687374, 0.37537131, -0.47853097;
 0, 0, 0, 1]
Ow:
[0.44474041;
 -0.18447495;
 0.82070923]
Keyframe: 50 Frame: 412 Frame from vFrameID : 413
Tcw:
[0.99957353, -0.0099899583, 0.027440282, 0.42428321;
 0.029180747, 0.37770852, -0.92546463, -0.18213448;
 -0.0011190745, 0.92587066, 0.37783894, 0.86487949;
 0, 0, 0, 1]
Twc:
[0.99957353, 0.029180747, -0.0011190745, -0.41781959;
 -0.0099899583, 0.37770852, 0.92587066, -0.72773427;
 0.027440282, -0.92546463, 0.37783894, -0.50698662;
 0, 0, 0, 1]
Ow:
[0.42428321;
 -0.18213448;
 0.86487949]
Keyframe: 51 Frame: 420 Frame from vFrameID : 421
Tcw:
[0.99924392, -0.038253281, -0.00694991, 0.46053401;
 0.0083966078, 0.38686264, -0.92209911, -0.19193742;
 0.037961978, 0.92134356, 0.38689134, 0.87210101;
 0, 0, 0, 1]
Twc:
[0.99924392, 0.0083966078, 0.037961978, -0.49168083;
 -0.038253281, 0.38686264, 0.92134356, -0.71163428;
 -0.00694991, -0.92209911, 0.38689134, -0.51119298;
 0, 0, 0, 1]
Ow:
[0.46053401;
 -0.19193742;
 0.87210101]
Keyframe: 52 Frame: 428 Frame from vFrameID : 429
Tcw:
[0.99805045, -0.054775704, -0.029916126, 0.47469348;
 -0.0051907091, 0.40481803, -0.91438252, -0.19929355;
 0.062196534, 0.91275513, 0.40374449, 0.88547754;
 0, 0, 0, 1]
Twc:
[0.99805045, -0.0051907091, 0.062196534, -0.52987611;
 -0.054775704, 0.40481803, 0.91275513, -0.70154488;
 -0.029916126, -0.91438252, 0.40374449, -0.52553624;
 0, 0, 0, 1]
Ow:
[0.47469348;
 -0.19929355;
 0.88547754]
Keyframe: 53 Frame: 437 Frame from vFrameID : 438
Tcw:
[0.99899358, -0.039816961, -0.020651663, 0.47775489;
 -0.0036096224, 0.38756052, -0.92183721, -0.20984799;
 0.044708524, 0.92098397, 0.38702673, 0.90555817;
 0, 0, 0, 1]
Twc:
[0.99899358, -0.0036096224, 0.044708524, -0.51851767;
 -0.039816961, 0.38756052, 0.92098397, -0.73365301;
 -0.020651663, -0.92183721, 0.38702673, -0.53405446;
 0, 0, 0, 1]
Ow:
[0.47775489;
 -0.20984799;
 0.90555817]
Keyframe: 54 Frame: 444 Frame from vFrameID : 445
Tcw:
[0.99956495, -0.028191341, 0.0086716609, 0.479426;
 0.018998671, 0.3905094, -0.92040288, -0.23213887;
 0.022561027, 0.92016721, 0.3908751, 0.91437423;
 0, 0, 0, 1]
Twc:
[0.99956495, 0.018998671, 0.022561027, -0.49543628;
 -0.028191341, 0.3905094, 0.92016721, -0.73720908;
 0.0086716609, -0.92040288, 0.3908751, -0.57522482;
 0, 0, 0, 1]
Ow:
[0.479426;
 -0.23213887;
 0.91437423]
Keyframe: 55 Frame: 452 Frame from vFrameID : 453
Tcw:
[0.99943048, -0.032340426, 0.0096315425, 0.48650238;
 0.02164864, 0.39556691, -0.91818196, -0.24083015;
 0.025884477, 0.9178676, 0.39604178, 0.93135184;
 0, 0, 0, 1]
Twc:
[0.99943048, 0.02164864, 0.025884477, -0.5051192;
 -0.032340426, 0.39556691, 0.9178676, -0.74385947;
 0.0096315425, -0.91818196, 0.39604178, -0.59466588;
 0, 0, 0, 1]
Ow:
[0.48650238;
 -0.24083015;
 0.93135184]
Keyframe: 56 Frame: 461 Frame from vFrameID : 462
Tcw:
[0.99934649, -0.031693954, -0.017378777, 0.48527962;
 -0.0044677099, 0.36880049, -0.92949784, -0.19484752;
 0.035868764, 0.92896807, 0.36841789, 0.9762066;
 0, 0, 0, 1]
Twc:
[0.99934649, -0.0044677099, 0.035868764, -0.52084839;
 -0.031693954, 0.36880049, 0.92896807, -0.81962448;
 -0.017378777, -0.92949784, 0.36841789, -0.53232878;
 0, 0, 0, 1]
Ow:
[0.48527962;
 -0.19484752;
 0.9762066]
Keyframe: 57 Frame: 468 Frame from vFrameID : 469
Tcw:
[0.99938285, -0.030591795, -0.017262874, 0.46950972;
 -0.0048801452, 0.36576286, -0.9306953, -0.20806408;
 0.034785759, 0.93020517, 0.36538786, 1.0214067;
 0, 0, 0, 1]
Twc:
[0.99938285, -0.0048801452, 0.034785759, -0.5057658;
 -0.030591795, 0.36576286, 0.93020517, -0.85965252;
 -0.017262874, -0.9306953, 0.36538786, -0.55874872;
 0, 0, 0, 1]
Ow:
[0.46950972;
 -0.20806408;
 1.0214067]
Keyframe: 58 Frame: 477 Frame from vFrameID : 478
Tcw:
[0.99989003, -0.014206888, -0.0042568715, 0.50514567;
 0.0012990677, 0.36982021, -0.92910242, -0.23934498;
 0.014773931, 0.92899472, 0.369798, 1.0390941;
 0, 0, 0, 1]
Twc:
[0.99989003, 0.0012990677, 0.014773931, -0.52013069;
 -0.014206888, 0.36982021, 0.92899472, -0.86962175;
 -0.0042568715, -0.92910242, 0.369798, -0.60448056;
 0, 0, 0, 1]
Ow:
[0.50514567;
 -0.23934498;
 1.0390941]
Keyframe: 59 Frame: 485 Frame from vFrameID : 486
Tcw:
[0.99957484, -0.015182814, 0.024891865, 0.51668626;
 0.028758587, 0.37277108, -0.9274776, -0.24724752;
 0.0048027523, 0.92779911, 0.37304923, 1.0665116;
 0, 0, 0, 1]
Twc:
[0.99957484, 0.028758587, 0.0048027523, -0.51447827;
 -0.015182814, 0.37277108, 0.92779911, -0.88949704;
 0.024891865, -0.9274776, 0.37304923, -0.64003915;
 0, 0, 0, 1]
Ow:
[0.51668626;
 -0.24724752;
 1.0665116]
Keyframe: 60 Frame: 492 Frame from vFrameID : 493
Tcw:
[0.9995414, -0.020265186, 0.022502096, 0.52071971;
 0.028452348, 0.37407619, -0.92696142, -0.25349051;
 0.010367548, 0.92717654, 0.37448123, 1.0850993;
 0, 0, 0, 1]
Twc:
[0.9995414, 0.028452348, 0.010367548, -0.52451837;
 -0.020265186, 0.37407619, 0.92717654, -0.90070146;
 0.022502096, -0.92696142, 0.37448123, -0.65304255;
 0, 0, 0, 1]
Ow:
[0.52071971;
 -0.25349051;
 1.0850993]
Keyframe: 61 Frame: 499 Frame from vFrameID : 500
Tcw:
[0.99937636, -0.034495931, -0.0075425459, 0.54954612;
 0.0051189107, 0.35288033, -0.93565446, -0.25098616;
 0.034937888, 0.93503237, 0.35283685, 1.1129873;
 0, 0, 0, 1]
Twc:
[0.99937636, 0.0051189107, 0.034937888, -0.58680409;
 -0.034495931, 0.35288033, 0.93503237, -0.93315393;
 -0.0075425459, -0.93565446, 0.35283685, -0.62339425;
 0, 0, 0, 1]
Ow:
[0.54954612;
 -0.25098616;
 1.1129873]
Keyframe: 62 Frame: 508 Frame from vFrameID : 509
Tcw:
[0.99896359, -0.037964065, -0.025109321, 0.56812447;
 -0.0098587358, 0.3580873, -0.93363607, -0.26392081;
 0.044435948, 0.93291599, 0.35734189, 1.139698;
 0, 0, 0, 1]
Twc:
[0.99896359, -0.0098587358, 0.044435948, -0.62078118;
 -0.037964065, 0.3580873, 0.93291599, -0.94716752;
 -0.025109321, -0.93363607, 0.35734189, -0.63940263;
 0, 0, 0, 1]
Ow:
[0.56812447;
 -0.26392081;
 1.139698]
Keyframe: 63 Frame: 518 Frame from vFrameID : 519
Tcw:
[0.99923682, -0.035689868, 0.015874056, 0.56799799;
 0.027011024, 0.33778596, -0.9408353, -0.26963612;
 0.028216254, 0.94054604, 0.33849218, 1.1663915;
 0, 0, 0, 1]
Twc:
[0.99923682, 0.027011024, 0.028216254, -0.59319252;
 -0.035689868, 0.33778596, 0.94054604, -0.98569381;
 0.015874056, -0.9408353, 0.33849218, -0.65751404;
 0, 0, 0, 1]
Ow:
[0.56799799;
 -0.26963612;
 1.1663915]
Keyframe: 64 Frame: 526 Frame from vFrameID : 527
Tcw:
[0.99899948, -0.028186124, 0.034721702, 0.57167917;
 0.04234609, 0.3464832, -0.93709987, -0.26976854;
 0.014382727, 0.93763262, 0.34733012, 1.1809921;
 0, 0, 0, 1]
Twc:
[0.99899948, 0.04234609, 0.014382727, -0.57666945;
 -0.028186124, 0.3464832, 0.93763262, -0.99775296;
 0.034721702, -0.93709987, 0.34733012, -0.68284386;
 0, 0, 0, 1]
Ow:
[0.57167917;
 -0.26976854;
 1.1809921]
Keyframe: 65 Frame: 535 Frame from vFrameID : 536
Tcw:
[0.99817938, -0.054401848, -0.026045825, 0.60412008;
 -0.005738602, 0.34420943, -0.93887538, -0.25522679;
 0.060041774, 0.93731546, 0.34327057, 1.1967082;
 0, 0, 0, 1]
Twc:
[0.99817938, -0.005738602, 0.060041774, -0.67633736;
 -0.054401848, 0.34420943, 0.93731546, -1.0009764;
 -0.026045825, -0.93887538, 0.34327057, -0.63468605;
 0, 0, 0, 1]
Ow:
[0.60412008;
 -0.25522679;
 1.1967082]
Keyframe: 66 Frame: 544 Frame from vFrameID : 545
Tcw:
[0.9979986, -0.059673782, -0.020923575, 0.60201216;
 0.0011569253, 0.34805718, -0.93747258, -0.25161335;
 0.063225135, 0.93557215, 0.3474296, 1.2278925;
 0, 0, 0, 1]
Twc:
[0.9979986, 0.0011569253, 0.063225135, -0.67814988;
 -0.059673782, 0.34805718, 0.93557215, -1.0252819;
 -0.020923575, -0.93747258, 0.3474296, -0.64989066;
 0, 0, 0, 1]
Ow:
[0.60201216;
 -0.25161335;
 1.2278925]
Keyframe: 67 Frame: 552 Frame from vFrameID : 553
Tcw:
[0.9988724, -0.047204398, 0.0050629885, 0.59412396;
 0.021521535, 0.35517099, -0.93455356, -0.25181374;
 0.042316813, 0.93360877, 0.35578641, 1.2537975;
 0, 0, 0, 1]
Twc:
[0.9988724, 0.021521535, 0.042316813, -0.64109135;
 -0.047204398, 0.35517099, 0.93360877, -1.0530741;
 0.0050629885, -0.93455356, 0.35578641, -0.68442565;
 0, 0, 0, 1]
Ow:
[0.59412396;
 -0.25181374;
 1.2537975]
Keyframe: 68 Frame: 560 Frame from vFrameID : 561
Tcw:
[0.99890643, -0.041551065, 0.021434601, 0.58454233;
 0.034870289, 0.35670698, -0.93356532, -0.24632704;
 0.031144761, 0.93329185, 0.35776579, 1.2762613;
 0, 0, 0, 1]
Twc:
[0.99890643, 0.034870289, 0.031144761, -0.61506253;
 -0.041551065, 0.35670698, 0.93329185, -1.0789694;
 0.021434601, -0.93356532, 0.35776579, -0.69909447;
 0, 0, 0, 1]
Ow:
[0.58454233;
 -0.24632704;
 1.2762613]
Keyframe: 69 Frame: 567 Frame from vFrameID : 568
Tcw:
[0.99771523, -0.06604635, -0.014219806, 0.60062659;
 0.010251057, 0.35603562, -0.93441617, -0.23361868;
 0.066777535, 0.93213546, 0.35589921, 1.2985461;
 0, 0, 0, 1]
Twc:
[0.99771523, 0.010251057, 0.066777535, -0.68357313;
 -0.06604635, 0.35603562, 0.93213546, -1.087575;
 -0.014219806, -0.93441617, 0.35589921, -0.67190778;
 0, 0, 0, 1]
Ow:
[0.60062659;
 -0.23361868;
 1.2985461]
Keyframe: 70 Frame: 576 Frame from vFrameID : 577
Tcw:
[0.99561918, -0.078302838, -0.051099431, 0.61106735;
 -0.019861724, 0.35692421, -0.93392217, -0.22693372;
 0.091367379, 0.93084574, 0.35380533, 1.3098992;
 0, 0, 0, 1]
Twc:
[0.99561918, -0.019861724, 0.091367379, -0.73257971;
 -0.078302838, 0.35692421, 0.93084574, -1.0904677;
 -0.051099431, -0.93392217, 0.35380533, -0.6441626;
 0, 0, 0, 1]
Ow:
[0.61106735;
 -0.22693372;
 1.3098992]
Keyframe: 71 Frame: 584 Frame from vFrameID : 585
Tcw:
[0.99895895, -0.045566902, -0.0021539293, 0.59966242;
 0.013584767, 0.34222826, -0.93951863, -0.24124941;
 0.043548089, 0.93851131, 0.342491, 1.3255576;
 0, 0, 0, 1]
Twc:
[0.99895895, 0.013584767, 0.043548089, -0.65348637;
 -0.045566902, 0.34222826, 0.93851131, -1.1341636;
 -0.0021539293, -0.93951863, 0.342491, -0.67935824;
 0, 0, 0, 1]
Ow:
[0.59966242;
 -0.24124941;
 1.3255576]
Keyframe: 72 Frame: 593 Frame from vFrameID : 594
Tcw:
[0.99867022, -0.034008548, 0.038745757, 0.58547086;
 0.04832444, 0.35569918, -0.93335032, -0.24744329;
 0.017960057, 0.93398154, 0.35686961, 1.3370843;
 0, 0, 0, 1]
Twc:
[0.99867022, 0.04832444, 0.017960057, -0.59674883;
 -0.034008548, 0.35569918, 0.93398154, -1.1408857;
 0.038745757, -0.93335032, 0.35686961, -0.73080057;
 0, 0, 0, 1]
Ow:
[0.58547086;
 -0.24744329;
 1.3370843]
Keyframe: 73 Frame: 601 Frame from vFrameID : 602
Tcw:
[0.99869263, -0.045817699, 0.022666559, 0.60530919;
 0.037544057, 0.35652173, -0.93353236, -0.25471154;
 0.034691185, 0.93316293, 0.35777581, 1.3479064;
 0, 0, 0, 1]
Twc:
[0.99869263, 0.037544057, 0.034691185, -0.64171535;
 -0.045817699, 0.35652173, 0.93316293, -1.1392721;
 0.022666559, -0.93353236, 0.35777581, -0.73374999;
 0, 0, 0, 1]
Ow:
[0.60530919;
 -0.25471154;
 1.3479064]
Keyframe: 74 Frame: 610 Frame from vFrameID : 611
Tcw:
[0.99761158, -0.058741704, -0.036339298, 0.62457067;
 -0.0131907, 0.35440031, -0.93500078, -0.25194314;
 0.067802198, 0.93324691, 0.352779, 1.365274;
 0, 0, 0, 1]
Twc:
[0.99761158, -0.0131907, 0.067802198, -0.71897084;
 -0.058741704, 0.35440031, 0.93324691, -1.1481607;
 -0.036339298, -0.93500078, 0.352779, -0.69451058;
 0, 0, 0, 1]
Ow:
[0.62457067;
 -0.25194314;
 1.365274]
Keyframe: 75 Frame: 618 Frame from vFrameID : 619
Tcw:
[0.99588954, -0.077993557, -0.046054401, 0.64670807;
 -0.016355876, 0.3452507, -0.93836796, -0.25155488;
 0.089086972, 0.93526411, 0.34255591, 1.3838147;
 0, 0, 0, 1]
Twc:
[0.99588954, -0.016355876, 0.089086972, -0.77144408;
 -0.077993557, 0.3452507, 0.93526411, -1.1569437;
 -0.046054401, -0.93836796, 0.34255591, -0.68030119;
 0, 0, 0, 1]
Ow:
[0.64670807;
 -0.25155488;
 1.3838147]
Keyframe: 76 Frame: 626 Frame from vFrameID : 627
Tcw:
[0.99741274, -0.071568497, -0.006765936, 0.65385211;
 0.017619941, 0.33463204, -0.94218415, -0.24881497;
 0.069694802, 0.93962723, 0.33502731, 1.399956;
 0, 0, 0, 1]
Twc:
[0.99741274, 0.017619941, 0.069694802, -0.74534595;
 -0.071568497, 0.33463204, 0.93962723, -1.1853801;
 -0.006765936, -0.94218415, 0.33502731, -0.69902903;
 0, 0, 0, 1]
Ow:
[0.65385211;
 -0.24881497;
 1.399956]
Keyframe: 77 Frame: 634 Frame from vFrameID : 635
Tcw:
[0.99736154, -0.072570652, -0.0018502134, 0.6560955;
 0.022535061, 0.33373329, -0.94239813, -0.24833524;
 0.069007926, 0.93987, 0.33448812, 1.4178135;
 0, 0, 0, 1]
Twc:
[0.99736154, 0.022535061, 0.069007926, -0.74660856;
 -0.072570652, 0.33373329, 0.93987, -1.2020694;
 -0.0018502134, -0.94239813, 0.33448812, -0.70705861;
 0, 0, 0, 1]
Ow:
[0.6560955;
 -0.24833524;
 1.4178135]
Keyframe: 78 Frame: 643 Frame from vFrameID : 644
Tcw:
[0.991117, -0.10016249, -0.087490432, 0.68361908;
 -0.050041962, 0.32863915, -0.94312888, -0.25450081;
 0.12321892, 0.93912929, 0.3207075, 1.4252352;
 0, 0, 0, 1]
Twc:
[0.991117, -0.050041962, 0.12321892, -0.86589819;
 -0.10016249, 0.32863915, 0.93912929, -1.1863681;
 -0.087490432, -0.94312888, 0.3207075, -0.63730055;
 0, 0, 0, 1]
Ow:
[0.68361908;
 -0.25450081;
 1.4252352]
Keyframe: 79 Frame: 651 Frame from vFrameID : 652
Tcw:
[0.99401838, -0.093492925, -0.056448977, 0.68040109;
 -0.020999871, 0.343604, -0.93887979, -0.25498232;
 0.10717472, 0.93444926, 0.33958536, 1.4356449;
 0, 0, 0, 1]
Twc:
[0.99401838, -0.020999871, 0.10717472, -0.83555067;
 -0.093492925, 0.343604, 0.93444926, -1.1903116;
 -0.056448977, -0.93887979, 0.33958536, -0.68851382;
 0, 0, 0, 1]
Ow:
[0.68040109;
 -0.25498232;
 1.4356449]
Keyframe: 80 Frame: 660 Frame from vFrameID : 661
Tcw:
[0.99681139, -0.078222409, 0.015756479, 0.68245423;
 0.042290114, 0.35045072, -0.93562591, -0.26006249;
 0.06766504, 0.9333089, 0.35264131, 1.4411941;
 0, 0, 0, 1]
Twc:
[0.99681139, 0.042290114, 0.06766504, -0.76679856;
 -0.078222409, 0.35045072, 0.9333089, -1.200557;
 0.015756479, -0.93562591, 0.35264131, -0.76229888;
 0, 0, 0, 1]
Ow:
[0.68245423;
 -0.26006249;
 1.4411941]
Keyframe: 81 Frame: 668 Frame from vFrameID : 669
Tcw:
[0.99711001, -0.074471883, -0.015020767, 0.70036936;
 0.0097902101, 0.3220247, -0.94668067, -0.24492475;
 0.075338155, 0.94379765, 0.32182312, 1.4539286;
 0, 0, 0, 1]
Twc:
[0.99711001, 0.0097902101, 0.075338155, -0.8054837;
 -0.074471883, 0.3220247, 0.94379765, -1.2411848;
 -0.015020767, -0.94668067, 0.32182312, -0.68925333;
 0, 0, 0, 1]
Ow:
[0.70036936;
 -0.24492475;
 1.4539286]
Keyframe: 82 Frame: 676 Frame from vFrameID : 677
Tcw:
[0.9935928, -0.097590603, -0.05700374, 0.71663624;
 -0.020822633, 0.33766857, -0.94103473, -0.24157247;
 0.11108452, 0.93619227, 0.33347297, 1.4590716;
 0, 0, 0, 1]
Twc:
[0.9935928, -0.020822633, 0.11108452, -0.87915504;
 -0.097590603, 0.33766857, 0.93619227, -1.2144632;
 -0.05700374, -0.94103473, 0.33347297, -0.67303807;
 0, 0, 0, 1]
Ow:
[0.71663624;
 -0.24157247;
 1.4590716]
Keyframe: 83 Frame: 684 Frame from vFrameID : 685
Tcw:
[0.99442112, -0.10019899, -0.032966498, 0.71101421;
 0.0028869088, 0.33826497, -0.94104648, -0.24898502;
 0.10544332, 0.93570131, 0.33666709, 1.4774092;
 0, 0, 0, 1]
Twc:
[0.99442112, 0.0028869088, 0.10544332, -0.86211169;
 -0.10019899, 0.33826497, 0.93570131, -1.226948;
 -0.032966498, -0.94104648, 0.33666709, -0.70826197;
 0, 0, 0, 1]
Ow:
[0.71101421;
 -0.24898502;
 1.4774092]
Keyframe: 84 Frame: 692 Frame from vFrameID : 693
Tcw:
[0.99652117, -0.080527164, 0.021469153, 0.70379639;
 0.048096072, 0.34530774, -0.93725628, -0.26294002;
 0.068061121, 0.93502831, 0.34797952, 1.4838845;
 0, 0, 0, 1]
Twc:
[0.99652117, 0.048096072, 0.068061121, -0.78969646;
 -0.080527164, 0.34530774, 0.93502831, -1.2400039;
 0.021469153, -0.93725628, 0.34797952, -0.77791345;
 0, 0, 0, 1]
Ow:
[0.70379639;
 -0.26294002;
 1.4838845]
Keyframe: 85 Frame: 701 Frame from vFrameID : 702
Tcw:
[0.99595171, -0.089791097, 0.0042056181, 0.711429;
 0.035297208, 0.34762672, -0.93696839, -0.26396906;
 0.082669437, 0.93332374, 0.34938881, 1.5062551;
 0, 0, 0, 1]
Twc:
[0.99595171, 0.035297208, 0.082669437, -0.82375288;
 -0.089791097, 0.34762672, 0.93332374, -1.2501811;
 0.0042056181, -0.93696839, 0.34938881, -0.77659142;
 0, 0, 0, 1]
Ow:
[0.711429;
 -0.26396906;
 1.5062551]
Keyframe: 86 Frame: 709 Frame from vFrameID : 710
Tcw:
[0.99437153, -0.10423332, -0.018990999, 0.71250093;
 0.018615838, 0.34834427, -0.93718177, -0.27187002;
 0.10430098, 0.93155336, 0.34832403, 1.5268936;
 0, 0, 0, 1]
Twc:
[0.99437153, 0.018615838, 0.10430098, -0.86268604;
 -0.10423332, 0.34834427, 0.93155336, -1.2534122;
 -0.018990999, -0.93718177, 0.34832403, -0.77311432;
 0, 0, 0, 1]
Ow:
[0.71250093;
 -0.27187002;
 1.5268936]
Keyframe: 87 Frame: 716 Frame from vFrameID : 717
Tcw:
[0.99532616, -0.096549727, -0.0020064411, 0.70891452;
 0.03175126, 0.34680259, -0.93740058, -0.28407106;
 0.091201611, 0.93295556, 0.34824726, 1.5382581;
 0, 0, 0, 1]
Twc:
[0.99532616, 0.03175126, 0.091201611, -0.83687317;
 -0.096549727, 0.34680259, 0.93295556, -1.2681644;
 -0.0020064411, -0.93740058, 0.34824726, -0.80056012;
 0, 0, 0, 1]
Ow:
[0.70891452;
 -0.28407106;
 1.5382581]
Keyframe: 88 Frame: 725 Frame from vFrameID : 726
Tcw:
[0.99655515, -0.075875118, 0.033477709, 0.71116006;
 0.057200693, 0.33657005, -0.93991947, -0.26606691;
 0.060048908, 0.93859661, 0.33975077, 1.5591831;
 0, 0, 0, 1]
Twc:
[0.99655515, 0.057200693, 0.060048908, -0.78711826;
 -0.075875118, 0.33657005, 0.93859661, -1.3199344;
 0.033477709, -0.93991947, 0.33975077, -0.80362308;
 0, 0, 0, 1]
Ow:
[0.71116006;
 -0.26606691;
 1.5591831]
Keyframe: 89 Frame: 734 Frame from vFrameID : 735
Tcw:
[0.9952839, -0.074322261, 0.062339254, 0.70409364;
 0.084533557, 0.34929517, -0.93319184, -0.26620567;
 0.047582123, 0.93406051, 0.35393056, 1.5869577;
 0, 0, 0, 1]
Twc:
[0.9952839, 0.084533557, 0.047582123, -0.75378048;
 -0.074322261, 0.34929517, 0.93406051, -1.3370004;
 0.062339254, -0.93319184, 0.35393056, -0.85398644;
 0, 0, 0, 1]
Ow:
[0.70409364;
 -0.26620567;
 1.5869577]
Keyframe: 90 Frame: 743 Frame from vFrameID : 744
Tcw:
[0.99819112, -0.054399323, 0.025596865, 0.70072639;
 0.04300845, 0.34862468, -0.93627512, -0.27162653;
 0.042009033, 0.93568242, 0.35033366, 1.6034863;
