Keyframe: 0 Frame: 0 Frame from vFrameID : 77
Tcw:
[0.99850357, 0.054237396, 0.0069985976, 0.037290841;
 -0.010624298, 0.31792572, -0.9480561, 0.0050600301;
 -0.053645127, 0.94656301, 0.31802619, -0.070707656;
 0, 0, 0, 1]
Twc:
[0.99850357, -0.010624298, -0.053645127, -0.040974397;
 0.054237396, 0.31792572, 0.94656301, 0.06329798;
 0.0069985976, -0.9480561, 0.31802619, 0.027023096;
 0, 0, 0, 1]
Ow:
[0.037290841;
 0.0050600301;
 -0.070707656]
Keyframe: 1 Frame: 97 Frame from vFrameID : 77
Tcw:
[0.99831516, 0.05699154, 0.010897956, -nan;
 -0.0075349147, 0.31355968, -0.94953859, -nan;
 -0.057532828, 0.94785666, 0.31346083, -inf;
 0, 0, 0, 1]
Twc:
[0.99831516, -0.0075349147, -0.057532828, -inf;
 0.05699154, 0.31355968, 0.94785666, inf;
 0.010897956, -0.94953859, 0.31346083, inf;
 0, 0, 0, 1]
Ow:
[-nan;
 -nan;
 -inf]
