Keyframe: 0 Frame: 0 Frame from vFrameID : 77
Tcw:
[0.99858725, 0.053070579, -0.0026380408, 0.030161934;
 -0.021299513, 0.35430464, -0.93488747, 0.0047511254;
 -0.048680346, 0.9336229, 0.35493448, -0.094736636;
 0, 0, 0, 1]
Twc:
[0.99858725, -0.021299513, -0.048680346, -0.034629941;
 0.053070579, 0.35430464, 0.9336229, 0.085164241;
 -0.0026380408, -0.93488747, 0.35493448, 0.038146634;
 0, 0, 0, 1]
Ow:
[0.030161934;
 0.0047511254;
 -0.094736636]
Keyframe: 1 Frame: 88 Frame from vFrameID : 77
Tcw:
[0.99887496, 0.047405723, -0.001230696, -0.00060269481;
 -0.01790458, 0.35297778, -0.93546039, 0.00092075608;
 -0.04391177, 0.93442994, 0.35342947, -8.7701919e-05;
 0, 0, 0, 1]
Twc:
[0.99887496, -0.01790458, -0.04391177, 0.00061465136;
 0.047405723, 0.35297778, 0.93442994, -0.00021448397;
 -0.001230696, -0.93546039, 0.35342947, 0.00089158549;
 0, 0, 0, 1]
Ow:
[-0.00060269481;
 0.00092075608;
 -8.7701919e-05]
