Keyframe: 0 Frame: 0 Frame from vFrameID : 77
Tcw:
[0.99673295, 0.077168033, 0.023843458, 0.042548131;
 -0.0024820864, 0.32433668, -0.94593847, 0.0078080166;
 -0.080729514, 0.94278884, 0.32346857, -0.044778429;
 0, 0, 0, 1]
Twc:
[0.99673295, -0.0024820864, -0.080729514, -0.046004687;
 0.077168033, 0.32433668, 0.94278884, 0.036400825;
 0.023843458, -0.94593847, 0.32346857, 0.020855825;
 0, 0, 0, 1]
Ow:
[0.042548131;
 0.0078080166;
 -0.044778429]
Keyframe: 1 Frame: 106 Frame from vFrameID : 77
Tcw:
[0.99624258, 0.08249484, 0.026368162, -0.0030775315;
 -0.0025263613, 0.33201128, -0.94327205, -0.0029780664;
 -0.0865696, 0.93966115, 0.33097219, 0.00042619801;
 0, 0, 0, 1]
Twc:
[0.99624258, -0.0025263613, -0.0865696, 0.0030953402;
 0.08249484, 0.33201128, 0.93966115, 0.00084215053;
 0.026368162, -0.94327205, 0.33097219, -0.0028690377;
 0, 0, 0, 1]
Ow:
[-0.0030775315;
 -0.0029780664;
 0.00042619801]
