Keyframe: 0 Frame: 0 Frame from vFrameID : 77
Tcw:
[0.99892592, 0.046317525, 0.0012756997, 0.025557742;
 -0.014449488, 0.33755371, -0.94119537, 0.0061207321;
 -0.044024456, 0.94016606, 0.33786041, -0.096126467;
 0, 0, 0, 1]
Twc:
[0.99892592, -0.014449488, -0.044024456, -0.029673764;
 0.046317525, 0.33755371, 0.94016606, 0.087124988;
 0.0012756997, -0.94119537, 0.33786041, 0.03820553;
 0, 0, 0, 1]
Ow:
[0.025557742;
 0.0061207321;
 -0.096126467]
Keyframe: 1 Frame: 76 Frame from vFrameID : 77
Tcw:
[0.99871725, 0.050564893, 0.0026528768, 0.0065949741;
 -0.014693984, 0.33956525, -0.94046772, 0.0018749818;
 -0.048455477, 0.93922234, 0.33987266, -0.0051824655;
 0, 0, 0, 1]
Twc:
[0.99871725, -0.014693984, -0.048455477, -0.0068100826;
 0.050564893, 0.33956525, 0.93922234, 0.0038973344;
 0.0026528768, -0.94046772, 0.33987266, 0.0035072425;
 0, 0, 0, 1]
Ow:
[0.0065949741;
 0.0018749818;
 -0.0051824655]
