Keyframe: 0 Frame: 0 Frame from vFrameID : 77
Tcw:
[0.99617225, 0.083500281, 0.025856247, 0.046220168;
 -0.0015189168, 0.31228852, -0.9499861, 0.011203118;
 -0.087398715, 0.94631052, 0.31121999, -0.034479573;
 0, 0, 0, 1]
Twc:
[0.99617225, -0.0015189168, -0.087398715, -0.049039699;
 0.083500281, 0.31228852, 0.94631052, 0.025270384;
 0.025856247, -0.9499861, 0.31121999, 0.02017846;
 0, 0, 0, 1]
Ow:
[0.046220168;
 0.011203118;
 -0.034479573]
Keyframe: 1 Frame: 113 Frame from vFrameID : 77
Tcw:
[0.99644834, 0.082725957, 0.015719101, 0.049520954;
 -0.01051786, 0.30748677, -0.95149422, 0.011944135;
 -0.083546691, 0.94794953, 0.30726478, -0.033322167;
 0, 0, 0, 1]
Twc:
[0.99644834, -0.01051786, -0.083546691, -0.052003406;
 0.082725957, 0.30748677, 0.94794953, 0.023818398;
 0.015719101, -0.95149422, 0.30726478, 0.020825079;
 0, 0, 0, 1]
Ow:
[0.049520954;
 0.011944135;
 -0.033322167]
Keyframe: 2 Frame: 117 Frame from vFrameID : 118
Tcw:
[0.99716532, 0.07523153, 0.0012215852, 0.053900797;
 -0.022155771, 0.30910459, -0.95076996, 0.0075572226;
 -0.071905479, 0.94804776, 0.30989522, -0.032284413;
 0, 0, 0, 1]
Twc:
[0.99716532, -0.022155771, -0.071905479, -0.055901997;
 0.07523153, 0.30910459, 0.94804776, 0.024216151;
 0.0012215852, -0.95076996, 0.30989522, 0.01712412;
 0, 0, 0, 1]
Ow:
[0.053900797;
 0.0075572226;
 -0.032284413]
Keyframe: 3 Frame: 119 Frame from vFrameID : 120
Tcw:
[0.99758339, 0.069459632, -0.0016661, 0.052932102;
 -0.023041084, 0.30810443, -0.95107347, 0.0049829362;
 -0.065547884, 0.9488135, 0.30896026, -0.031975981;
 0, 0, 0, 1]
Twc:
[0.99758339, -0.023041084, -0.065547884, -0.05478533;
 0.069459632, 0.30810443, 0.9488135, 0.025127333;
 -0.0016661, -0.95107347, 0.30896026, 0.014706637;
 0, 0, 0, 1]
Ow:
[0.052932102;
 0.0049829362;
 -0.031975981]
Keyframe: 4 Frame: 122 Frame from vFrameID : 123
Tcw:
[0.99772632, 0.067295134, 0.003674981, 0.052712664;
 -0.017661095, 0.31369019, -0.94936115, 0.0024371073;
 -0.065040193, 0.94713771, 0.31416547, -0.032816149;
 0, 0, 0, 1]
Twc:
[0.99772632, -0.017661095, -0.065040193, -0.054684144;
 0.067295134, 0.31369019, 0.94713771, 0.02676961;
 0.003674981, -0.94936115, 0.31416547, 0.012429678;
 0, 0, 0, 1]
Ow:
[0.052712664;
 0.0024371073;
 -0.032816149]
Keyframe: 5 Frame: 125 Frame from vFrameID : 126
Tcw:
[0.99734735, 0.072591379, 0.0053565861, 0.056897726;
 -0.018004399, 0.31733045, -0.94814408, 0.0019961353;
 -0.07052689, 0.94553256, 0.31779566, -0.028952593;
 0, 0, 0, 1]
Twc:
[0.99734735, -0.018004399, -0.07052689, -0.058752798;
 0.072591379, 0.31733045, 0.94553256, 0.022611903;
 0.0053565861, -0.94814408, 0.31779566, 0.010788856;
 0, 0, 0, 1]
Ow:
[0.056897726;
 0.0019961353;
 -0.028952593]
Keyframe: 6 Frame: 130 Frame from vFrameID : 131
Tcw:
[0.99666005, 0.080408178, 0.01425851, 0.058365542;
 -0.011807032, 0.31465477, -0.94913274, -0.0032145579;
 -0.080804542, 0.94579434, 0.3145532, -0.025294261;
 0, 0, 0, 1]
Twc:
[0.99666005, -0.011807032, -0.080804542, -0.060252447;
 0.080408178, 0.31465477, 0.94579434, 0.020241577;
 0.01425851, -0.94913274, 0.3145532, 0.004073143;
 0, 0, 0, 1]
Ow:
[0.058365542;
 -0.0032145579;
 -0.025294261]
Keyframe: 7 Frame: 135 Frame from vFrameID : 136
Tcw:
[0.99537569, 0.095246375, 0.012465031, 0.066178188;
 -0.014245242, 0.27469367, -0.96142626, -0.0014597503;
 -0.09499643, 0.95680279, 0.27478018, 0.0047958861;
 0, 0, 0, 1]
Twc:
[0.99537569, -0.014245242, -0.09499643, -0.065437362;
 0.095246375, 0.27469367, 0.95680279, -0.010490965;
 0.012465031, -0.96142626, 0.27478018, -0.00354617;
 0, 0, 0, 1]
Ow:
[0.066178188;
 -0.0014597503;
 0.0047958861]
Keyframe: 8 Frame: 141 Frame from vFrameID : 142
Tcw:
[0.99456841, 0.10230792, 0.019150758, 0.073912516;
 -0.009353199, 0.27109474, -0.96250725, 0.00098372344;
 -0.10366379, 0.95710015, 0.27057916, 0.029388968;
 0, 0, 0, 1]
Twc:
[0.99456841, -0.009353199, -0.10366379, -0.070455283;
 0.10230792, 0.27109474, 0.95710015, -0.035956707;
 0.019150758, -0.96250725, 0.27057916, -0.0084206825;
 0, 0, 0, 1]
Ow:
[0.073912516;
 0.00098372344;
 0.029388968]
Keyframe: 9 Frame: 147 Frame from vFrameID : 148
Tcw:
[0.99559027, 0.09275949, 0.013990286, 0.079466388;
 -0.012937266, 0.28347909, -0.95889115, -0.0033267494;
 -0.092912205, 0.95448166, 0.28342909, 0.039976664;
 0, 0, 0, 1]
Twc:
[0.99559027, -0.012937266, -0.092912205, -0.075444683;
 0.09275949, 0.28347909, 0.95448166, -0.044585194;
 0.013990286, -0.95889115, 0.28342909, -0.015632298;
 0, 0, 0, 1]
Ow:
[0.079466388;
 -0.0033267494;
 0.039976664]
Keyframe: 10 Frame: 153 Frame from vFrameID : 154
Tcw:
[0.99707061, 0.07648655, 0.00019244825, 0.088125207;
 -0.020662049, 0.27176914, -0.96214062, -0.0012250561;
 -0.073643118, 0.95931816, 0.27255338, 0.054956108;
 0, 0, 0, 1]
Twc:
[0.99707061, -0.020662049, -0.073643118, -0.083845221;
 0.07648655, 0.27176914, 0.95931816, -0.059127856;
 0.00019244825, -0.96214062, 0.27255338, -0.016174112;
 0, 0, 0, 1]
Ow:
[0.088125207;
 -0.0012250561;
 0.054956108]
Keyframe: 11 Frame: 159 Frame from vFrameID : 160
Tcw:
[0.99795884, 0.059964102, -0.021965478, 0.10480103;
 -0.03641624, 0.25180489, -0.96709263, 0.0028262082;
 -0.052459829, 0.96591854, 0.25347459, 0.098479837;
 0, 0, 0, 1]
Twc:
[0.99795884, -0.03641624, -0.052459829, -0.09931796;
 0.059964102, 0.25180489, 0.96591854, -0.10211945;
 -0.021965478, -0.96709263, 0.25347459, -0.019926924;
 0, 0, 0, 1]
Ow:
[0.10480103;
 0.0028262082;
 0.098479837]
Keyframe: 12 Frame: 166 Frame from vFrameID : 167
Tcw:
[0.99780452, 0.065366097, -0.010647166, 0.12529214;
 -0.027605519, 0.26436889, -0.96402645, -0.012822051;
 -0.060199872, 0.96220392, 0.26559293, 0.10954537;
 0, 0, 0, 1]
Twc:
[0.99780452, -0.027605519, -0.060199872, -0.1187764;
 0.065366097, 0.26436889, 0.96220392, -0.11020509;
 -0.010647166, -0.96402645, 0.26559293, -0.040121268;
 0, 0, 0, 1]
Ow:
[0.12529214;
 -0.012822051;
 0.10954537]
Keyframe: 13 Frame: 173 Frame from vFrameID : 174
Tcw:
[0.99657708, 0.081573971, 0.013407307, 0.13115549;
 -0.0080167279, 0.25678045, -0.96643651, -0.007671278;
 -0.082278796, 0.96302104, 0.25655547, 0.13953608;
 0, 0, 0, 1]
Twc:
[0.99657708, -0.0080167279, -0.082278796, -0.11928719;
 0.081573971, 0.25678045, 0.96302104, -0.14310521;
 0.013407307, -0.96643651, 0.25655547, -0.044970989;
 0, 0, 0, 1]
Ow:
[0.13115549;
 -0.007671278;
 0.13953608]
Keyframe: 14 Frame: 181 Frame from vFrameID : 182
Tcw:
[0.99214792, 0.11212586, 0.055410374, 0.14986114;
 0.022214089, 0.27800992, -0.96032131, -0.017652579;
 -0.12308148, 0.95401168, 0.27333617, 0.19091931;
 0, 0, 0, 1]
Twc:
[0.99214792, 0.022214089, -0.12308148, -0.12479366;
 0.11212586, 0.27800992, 0.95401168, -0.19403496;
 0.055410374, -0.96032131, 0.27333617, -0.077441163;
 0, 0, 0, 1]
Ow:
[0.14986114;
 -0.017652579;
 0.19091931]
Keyframe: 15 Frame: 189 Frame from vFrameID : 190
Tcw:
[0.99211532, 0.11954238, 0.037641335, 0.14936432;
 0.0021000602, 0.28444225, -0.95869088, -0.028814394;
 -0.12531097, 0.95121092, 0.28194848, 0.19982105;
 0, 0, 0, 1]
Twc:
[0.99211532, 0.0021000602, -0.12531097, -0.12308634;
 0.11954238, 0.28444225, 0.95121092, -0.19973131;
 0.037641335, -0.95869088, 0.28194848, -0.08958561;
 0, 0, 0, 1]
Ow:
[0.14936432;
 -0.028814394;
 0.19982105]
Keyframe: 16 Frame: 198 Frame from vFrameID : 199
Tcw:
[0.99526554, 0.096843757, -0.0082313744, 0.18003477;
 -0.03516978, 0.27989629, -0.95938581, -0.049753699;
 -0.090606593, 0.95513314, 0.28197709, 0.23425883;
 0, 0, 0, 1]
Twc:
[0.99526554, -0.03516978, -0.090606593, -0.15970685;
 0.096843757, 0.27989629, 0.95513314, -0.22725774;
 -0.0082313744, -0.95938581, 0.28197709, -0.11230669;
 0, 0, 0, 1]
Ow:
[0.18003477;
 -0.049753699;
 0.23425883]
Keyframe: 17 Frame: 207 Frame from vFrameID : 208
Tcw:
[0.99800456, 0.06299556, -0.0042952062, 0.19017935;
 -0.022456476, 0.29054236, -0.95659858, -0.053254925;
 -0.059013523, 0.95478618, 0.29137725, 0.25151101;
 0, 0, 0, 1]
Twc:
[0.99800456, -0.022456476, -0.059013523, -0.17615323;
 0.06299556, 0.29054236, 0.95478618, -0.23664688;
 -0.0042952062, -0.95659858, 0.29137725, -0.12341131;
 0, 0, 0, 1]
Ow:
[0.19017935;
 -0.053254925;
 0.25151101]
Keyframe: 18 Frame: 217 Frame from vFrameID : 218
Tcw:
[0.99348158, 0.11154977, 0.023472762, 0.19018202;
 -0.0095120734, 0.28632069, -0.95808661, -0.055686727;
 -0.11359508, 0.95161813, 0.2855154, 0.27473745;
 0, 0, 0, 1]
Twc:
[0.99348158, -0.0095120734, -0.11359508, -0.15826319;
 0.11154977, 0.28632069, 0.95161813, -0.26671565;
 0.023472762, -0.95808661, 0.2855154, -0.13625859;
 0, 0, 0, 1]
Ow:
[0.19018202;
 -0.055686727;
 0.27473745]
Keyframe: 19 Frame: 227 Frame from vFrameID : 228
Tcw:
[0.99453664, 0.097858742, 0.036339998, 0.20735931;
 0.0064252382, 0.29007709, -0.95698172, -0.060073271;
 -0.10419042, 0.95198685, 0.28786352, 0.30953258;
 0, 0, 0, 1]
Twc:
[0.99453664, 0.0064252382, -0.10419042, -0.17359009;
 0.097858742, 0.29007709, 0.95198685, -0.297537;
 0.036339998, -0.95698172, 0.28786352, -0.1541276;
 0, 0, 0, 1]
Ow:
[0.20735931;
 -0.060073271;
 0.30953258]
Keyframe: 20 Frame: 237 Frame from vFrameID : 238
Tcw:
[0.99638706, 0.084887914, -0.0026240598, 0.20929006;
 -0.027059976, 0.28803107, -0.95723867, -0.071998365;
 -0.080502182, 0.95385122, 0.28928751, 0.32288948;
 0, 0, 0, 1]
Twc:
[0.99638706, -0.027059976, -0.080502182, -0.18448886;
 0.084887914, 0.28803107, 0.95385122, -0.30501696;
 -0.0026240598, -0.95723867, 0.28928751, -0.16177832;
 0, 0, 0, 1]
Ow:
[0.20929006;
 -0.071998365;
 0.32288948]
Keyframe: 21 Frame: 248 Frame from vFrameID : 249
Tcw:
[0.99620903, 0.086865224, -0.0046958956, 0.22731394;
 -0.027458055, 0.26276237, -0.96446979, -0.083293661;
 -0.082544982, 0.96094245, 0.26415139, 0.35832876;
 0, 0, 0, 1]
Twc:
[0.99620903, -0.027458055, -0.082544982, -0.19916102;
 0.086865224, 0.26276237, 0.96094245, -0.34219253;
 -0.0046958956, -0.96446979, 0.26415139, -0.17391981;
 0, 0, 0, 1]
Ow:
[0.22731394;
 -0.083293661;
 0.35832876]
Keyframe: 22 Frame: 259 Frame from vFrameID : 260
Tcw:
[0.99488682, 0.096340008, 0.030312313, 0.23921005;
 0.0042398856, 0.26002812, -0.96559173, -0.1029825;
 -0.10090717, 0.960783, 0.25829008, 0.37064561;
 0, 0, 0, 1]
Twc:
[0.99488682, 0.0042398856, -0.10090717, -0.20014949;
 0.096340008, 0.26002812, 0.960783, -0.35237715;
 0.030312313, -0.96559173, 0.25829008, -0.20242415;
 0, 0, 0, 1]
Ow:
[0.23921005;
 -0.1029825;
 0.37064561]
Keyframe: 23 Frame: 270 Frame from vFrameID : 271
Tcw:
[0.99694782, 0.072465323, -0.029049316, 0.27000061;
 -0.047385011, 0.26593328, -0.96282613, -0.084390961;
 -0.062046327, 0.9612639, 0.26855534, 0.43371409;
 0, 0, 0, 1]
Twc:
[0.99694782, -0.047385011, -0.062046327, -0.24626501;
 0.072465323, 0.26593328, 0.9612639, -0.41403699;
 -0.029049316, -0.96282613, 0.26855534, -0.18988673;
 0, 0, 0, 1]
Ow:
[0.27000061;
 -0.084390961;
 0.43371409]
Keyframe: 24 Frame: 282 Frame from vFrameID : 283
Tcw:
[0.99836278, 0.057199188, 0.00023850273, 0.29333922;
 -0.015848871, 0.28063005, -0.95968515, -0.087565988;
 -0.054960143, 0.95811015, 0.28107715, 0.49248967;
 0, 0, 0, 1]
Twc:
[0.99836278, -0.015848871, -0.054960143, -0.26717946;
 0.057199188, 0.28063005, 0.95811015, -0.46406445;
 0.00023850273, -0.95968515, 0.28107715, -0.22253332;
 0, 0, 0, 1]
Ow:
[0.29333922;
 -0.087565988;
 0.49248967]
Keyframe: 25 Frame: 292 Frame from vFrameID : 293
Tcw:
[0.99678183, 0.075750023, 0.026228558, 0.29946932;
 0.0049493108, 0.26841381, -0.96329099, -0.11615349;
 -0.080009423, 0.96032077, 0.26717508, 0.51011813;
 0, 0, 0, 1]
Twc:
[0.99678183, 0.0049493108, -0.080009423, -0.25711641;
 0.075750023, 0.26841381, 0.96032077, -0.48138461;
 0.026228558, -0.96329099, 0.26717508, -0.25603512;
 0, 0, 0, 1]
Ow:
[0.29946932;
 -0.11615349;
 0.51011813]
Keyframe: 26 Frame: 302 Frame from vFrameID : 303
Tcw:
[0.99780005, 0.066213273, -0.0032951862, 0.31166565;
 -0.02061907, 0.26271158, -0.96465409, -0.12605518;
 -0.063007221, 0.96259981, 0.2634989, 0.52991515;
 0, 0, 0, 1]
Twc:
[0.99780005, -0.02061907, -0.063007221, -0.28019065;
 0.066213273, 0.26271158, 0.96259981, -0.4976165;
 -0.0032951862, -0.96465409, 0.2634989, -0.2602047;
 0, 0, 0, 1]
Ow:
[0.31166565;
 -0.12605518;
 0.52991515]
Keyframe: 27 Frame: 310 Frame from vFrameID : 311
Tcw:
[0.99799711, 0.045833241, -0.043601017, 0.32538232;
 -0.055168811, 0.2933439, -0.95441383, -0.12211353;
 -0.030953787, 0.95490766, 0.29528493, 0.54649979;
 0, 0, 0, 1]
Twc:
[0.99799711, -0.055168811, -0.030953787, -0.31455126;
 0.045833241, 0.2933439, 0.95490766, -0.50094891;
 -0.043601017, -0.95441383, 0.29528493, -0.263733;
 0, 0, 0, 1]
Ow:
[0.32538232;
 -0.12211353;
 0.54649979]
Keyframe: 28 Frame: 318 Frame from vFrameID : 319
Tcw:
[0.99778891, 0.066431902, 0.0020257058, 0.33372116;
 -0.018858144, 0.31220716, -0.94982684, -0.12859732;
 -0.063731246, 0.94768852, 0.31276962, 0.57360345;
 0, 0, 0, 1]
Twc:
[0.99778891, -0.018858144, -0.063731246, -0.29885191;
 0.066431902, 0.31220716, 0.94768852, -0.52561814;
 0.0020257058, -0.94982684, 0.31276962, -0.30222696;
 0, 0, 0, 1]
Ow:
[0.33372116;
 -0.12859732;
 0.57360345]
Keyframe: 29 Frame: 325 Frame from vFrameID : 326
Tcw:
[0.99728894, 0.063843593, 0.036588382, 0.33781084;
 0.014629645, 0.31527486, -0.94888765, -0.14827298;
 -0.072115794, 0.94685042, 0.31348613, 0.59322286;
 0, 0, 0, 1]
Twc:
[0.99728894, 0.014629645, -0.072115794, -0.29194513;
 0.063843593, 0.31527486, 0.94685042, -0.53651363;
 0.036588382, -0.94888765, 0.31348613, -0.33902147;
 0, 0, 0, 1]
Ow:
[0.33781084;
 -0.14827298;
 0.59322286]
Keyframe: 30 Frame: 332 Frame from vFrameID : 333
Tcw:
[0.99623001, 0.081193812, 0.030550778, 0.35408494;
 0.0040536113, 0.30821195, -0.95130908, -0.1531412;
 -0.086656526, 0.94784647, 0.30672085, 0.59548843;
 0, 0, 0, 1]
Twc:
[0.99623001, 0.0040536113, -0.086656526, -0.30052632;
 0.081193812, 0.30821195, 0.94784647, -0.54598123;
 0.030550778, -0.95130908, 0.30672085, -0.33915091;
 0, 0, 0, 1]
Ow:
[0.35408494;
 -0.1531412;
 0.59548843]
Keyframe: 31 Frame: 339 Frame from vFrameID : 340
Tcw:
[0.99788481, 0.064276949, -0.0097129038, 0.36480194;
 -0.027309259, 0.27891514, -0.95992738, -0.14511473;
 -0.058992125, 0.95816219, 0.28008056, 0.62567431;
 0, 0, 0, 1]
Twc:
[0.99788481, -0.027309259, -0.058992125, -0.33108345;
 0.064276949, 0.27891514, 0.95816219, -0.58247113;
 -0.0097129038, -0.95992738, 0.28008056, -0.31099552;
 0, 0, 0, 1]
Ow:
[0.36480194;
 -0.14511473;
 0.62567431]
Keyframe: 32 Frame: 347 Frame from vFrameID : 348
Tcw:
[0.99826217, 0.050481264, -0.03040144, 0.38715088;
 -0.043818198, 0.2909216, -0.95574296, -0.15047784;
 -0.039402675, 0.95541418, 0.29262802, 0.63324314;
 0, 0, 0, 1]
Twc:
[0.99826217, -0.043818198, -0.039402675, -0.36812031;
 0.050481264, 0.2909216, 0.95541418, -0.5807761;
 -0.03040144, -0.95574296, 0.29262802, -0.31735286;
 0, 0, 0, 1]
Ow:
[0.38715088;
 -0.15047784;
 0.63324314]
Keyframe: 33 Frame: 355 Frame from vFrameID : 356
Tcw:
[0.99840891, 0.045605239, -0.033163413, 0.39652994;
 -0.044498954, 0.27600044, -0.96012688, -0.15249641;
 -0.034633696, 0.96007496, 0.27759069, 0.64185894;
 0, 0, 0, 1]
Twc:
[0.99840891, -0.044498954, -0.034633696, -0.38045502;
 0.045605239, 0.27600044, 0.96007496, -0.59222746;
 -0.033163413, -0.96012688, 0.27759069, -0.31143966;
 0, 0, 0, 1]
Ow:
[0.39652994;
 -0.15249641;
 0.64185894]
Keyframe: 34 Frame: 362 Frame from vFrameID : 363
Tcw:
[0.99809116, 0.058096722, -0.020948809, 0.40761971;
 -0.036101859, 0.27364612, -0.96115267, -0.17070806;
 -0.050107259, 0.96007425, 0.27522117, 0.64947838;
 0, 0, 0, 1]
Twc:
[0.99809116, -0.036101859, -0.050107259, -0.38046092;
 0.058096722, 0.27364612, 0.96007425, -0.60051525;
 -0.020948809, -0.96115267, 0.27522117, -0.33428755;
 0, 0, 0, 1]
Ow:
[0.40761971;
 -0.17070806;
 0.64947838]
Keyframe: 35 Frame: 369 Frame from vFrameID : 370
Tcw:
[0.99733299, 0.068314664, 0.025690004, 0.41572201;
 0.0044283373, 0.29469979, -0.95557964, -0.17370909;
 -0.072850943, 0.95314485, 0.29361132, 0.68288475;
 0, 0, 0, 1]
Twc:
[0.99733299, 0.0044283373, -0.072850943, -0.36409527;
 0.068314664, 0.29469979, 0.95314485, -0.62809598;
 0.025690004, -0.95557964, 0.29361132, -0.37717545;
 0, 0, 0, 1]
Ow:
[0.41572201;
 -0.17370909;
 0.68288475]
Keyframe: 36 Frame: 377 Frame from vFrameID : 378
Tcw:
[0.997711, 0.057344213, 0.03583866, 0.42945933;
 0.016419683, 0.30868471, -0.95102268, -0.17463292;
 -0.065598495, 0.94943428, 0.30703655, 0.70012116;
 0, 0, 0, 1]
Twc:
[0.997711, 0.016419683, -0.065598495, -0.379682;
 0.057344213, 0.30868471, 0.94943428, -0.63543946;
 0.03583866, -0.95102268, 0.30703655, -0.39643389;
 0, 0, 0, 1]
Ow:
[0.42945933;
 -0.17463292;
 0.70012116]
Keyframe: 37 Frame: 385 Frame from vFrameID : 386
Tcw:
[0.99654329, 0.079590656, -0.023808798, 0.45389724;
 -0.044649411, 0.27145028, -0.96141624, -0.18987384;
 -0.070056841, 0.95915592, 0.27406564, 0.71510154;
 0, 0, 0, 1]
Twc:
[0.99654329, -0.044649411, -0.070056841, -0.41070822;
 0.079590656, 0.27145028, 0.95915592, -0.67047852;
 -0.023808798, -0.96141624, 0.27406564, -0.36772579;
 0, 0, 0, 1]
Ow:
[0.45389724;
 -0.18987384;
 0.71510154]
Keyframe: 38 Frame: 393 Frame from vFrameID : 394
Tcw:
[0.99840045, 0.055687383, -0.0097689554, 0.43105477;
 -0.023663467, 0.25466409, -0.96674001, -0.20757824;
 -0.05134742, 0.96542484, 0.25557449, 0.74123669;
 0, 0, 0, 1]
Twc:
[0.99840045, -0.023663467, -0.05134742, -0.39721671;
 0.055687383, 0.25466409, 0.96542484, -0.68674988;
 -0.0097689554, -0.96674001, 0.25557449, -0.38590443;
 0, 0, 0, 1]
Ow:
[0.43105477;
 -0.20757824;
 0.74123669]
Keyframe: 39 Frame: 401 Frame from vFrameID : 402
Tcw:
[0.99713391, 0.074884169, 0.010787033, 0.45132816;
 -0.0091689704, 0.26113617, -0.96525842, -0.21448356;
 -0.075099461, 0.96239299, 0.26107433, 0.74687308;
 0, 0, 0, 1]
Twc:
[0.99713391, -0.0091689704, -0.075099461, -0.39591143;
 0.074884169, 0.26113617, 0.96239299, -0.69657338;
 0.010787033, -0.96525842, 0.26107433, -0.40688995;
 0, 0, 0, 1]
Ow:
[0.45132816;
 -0.21448356;
 0.74687308]
Keyframe: 40 Frame: 409 Frame from vFrameID : 410
Tcw:
[0.99608368, 0.083648004, 0.028641703, 0.47347149;
 0.0069965315, 0.24835584, -0.96864361, -0.20717552;
 -0.088138439, 0.96505046, 0.24679795, 0.77142966;
 0, 0, 0, 1]
Twc:
[0.99608368, 0.0069965315, -0.088138439, -0.4021751;
 0.083648004, 0.24835584, 0.96505046, -0.73262018;
 0.028641703, -0.96864361, 0.24679795, -0.4046275;
 0, 0, 0, 1]
Ow:
[0.47347149;
 -0.20717552;
 0.77142966]
Keyframe: 41 Frame: 417 Frame from vFrameID : 418
Tcw:
[0.998532, 0.050971054, 0.018325301, 0.49629089;
 0.0040113111, 0.26780599, -0.9634645, -0.22133231;
 -0.054016426, 0.96212363, 0.2672084, 0.78615564;
 0, 0, 0, 1]
Twc:
[0.998532, 0.0040113111, -0.054016426, -0.4522092;
 0.050971054, 0.26780599, 0.96212363, -0.72240126;
 0.018325301, -0.9634645, 0.2672084, -0.43240789;
 0, 0, 0, 1]
Ow:
[0.49629089;
 -0.22133231;
 0.78615564]
Keyframe: 42 Frame: 424 Frame from vFrameID : 425
Tcw:
[0.99935168, 0.034086581, -0.01159165, 0.49382389;
 -0.020425351, 0.27162546, -0.96218628, -0.22414458;
 -0.029649053, 0.9617992, 0.27214557, 0.80111092;
 0, 0, 0, 1]
Twc:
[0.99935168, -0.020425351, -0.029649053, -0.47432977;
 0.034086581, 0.27162546, 0.9617992, -0.72645724;
 -0.01159165, -0.96218628, 0.27214557, -0.42796341;
 0, 0, 0, 1]
Ow:
[0.49382389;
 -0.22414458;
 0.80111092]
Keyframe: 43 Frame: 432 Frame from vFrameID : 433
Tcw:
[0.99946254, 0.032358944, -0.0052466751, 0.50875425;
 -0.014252677, 0.28481141, -0.95847762, -0.24340454;
 -0.029521011, 0.95803726, 0.28511953, 0.80735368;
 0, 0, 0, 1]
Twc:
[0.99946254, -0.014252677, -0.029521011, -0.48811615;
 0.032358944, 0.28481141, 0.95803726, -0.72061324;
 -0.0052466751, -0.95847762, 0.28511953, -0.46082082;
 0, 0, 0, 1]
Ow:
[0.50875425;
 -0.24340454;
 0.80735368]
Keyframe: 44 Frame: 441 Frame from vFrameID : 442
Tcw:
[0.99881053, 0.046094835, 0.01590124, 0.49730319;
 0.0030693379, 0.26602724, -0.96396065, -0.24556041;
 -0.048663769, 0.96286279, 0.26556933, 0.82646221;
 0, 0, 0, 1]
Twc:
[0.99881053, 0.0030693379, -0.048663769, -0.45573914;
 0.046094835, 0.26602724, 0.96286279, -0.75336707;
 0.01590124, -0.96396065, 0.26556933, -0.46410128;
 0, 0, 0, 1]
Ow:
[0.49730319;
 -0.24556041;
 0.82646221]
Keyframe: 45 Frame: 449 Frame from vFrameID : 450
Tcw:
[0.99783152, 0.055841342, 0.034842122, 0.50079638;
 0.018418133, 0.27131936, -0.96231312, -0.25898406;
 -0.063190199, 0.96086812, 0.26970252, 0.83848143;
 0, 0, 0, 1]
Twc:
[0.99783152, 0.018418133, -0.063190199, -0.44195664;
 0.055841342, 0.27131936, 0.96086812, -0.76336783;
 0.034842122, -0.96231312, 0.26970252, -0.49281314;
 0, 0, 0, 1]
Ow:
[0.50079638;
 -0.25898406;
 0.83848143]
Keyframe: 46 Frame: 456 Frame from vFrameID : 457
Tcw:
[0.99811441, 0.053351872, 0.030351195, 0.51723874;
 0.014319137, 0.27844393, -0.96034575, -0.27575254;
 -0.05968735, 0.95896953, 0.27715495, 0.84324259;
 0, 0, 0, 1]
Twc:
[0.99811441, 0.014319137, -0.05968735, -0.46198401;
 0.053351872, 0.27844393, 0.95896953, -0.75945795;
 0.030351195, -0.96034575, 0.27715495, -0.51422542;
 0, 0, 0, 1]
Ow:
[0.51723874;
 -0.27575254;
 0.84324259]
Keyframe: 47 Frame: 464 Frame from vFrameID : 465
Tcw:
[0.9985218, 0.052529328, -0.013957965, 0.53764683;
 -0.02732295, 0.26312649, -0.96437436, -0.28066498;
 -0.046985228, 0.96333021, 0.26417279, 0.86721152;
 0, 0, 0, 1]
Twc:
[0.9985218, -0.02732295, -0.046985228, -0.50377458;
 0.052529328, 0.26312649, 0.96333021, -0.78980291;
 -0.013957965, -0.96437436, 0.26417279, -0.49225536;
 0, 0, 0, 1]
Ow:
[0.53764683;
 -0.28066498;
 0.86721152]
Keyframe: 48 Frame: 471 Frame from vFrameID : 472
Tcw:
[0.99831319, 0.057303205, -0.0093315691, 0.55269051;
 -0.025209345, 0.28305525, -0.95877224, -0.3077735;
 -0.052299373, 0.95739025, 0.28402236, 0.87544918;
 0, 0, 0, 1]
Twc:
[0.99831319, -0.025209345, -0.052299373, -0.5137316;
 0.057303205, 0.28305525, 0.95739025, -0.7827006;
 -0.0093315691, -0.95877224, 0.28402236, -0.5385744;
 0, 0, 0, 1]
Ow:
[0.55269051;
 -0.3077735;
 0.87544918]
Keyframe: 49 Frame: 478 Frame from vFrameID : 479
Tcw:
[0.99709982, 0.075918049, 0.0053246366, 0.57293928;
 -0.01575573, 0.27437016, -0.96149504, -0.29788974;
 -0.074455753, 0.95862269, 0.27477059, 0.89392525;
 0, 0, 0, 1]
Twc:
[0.99709982, -0.01575573, -0.074455753, -0.5094133;
 0.075918049, 0.27437016, 0.95862269, -0.81870139;
 0.0053246366, -0.96149504, 0.27477059, -0.53509456;
 0, 0, 0, 1]
Ow:
[0.57293928;
 -0.29788974;
 0.89392525]
Keyframe: 50 Frame: 486 Frame from vFrameID : 487
Tcw:
[0.9970271, 0.071234487, 0.029370474, 0.5874694;
 0.0088127833, 0.27325165, -0.9619022, -0.30610147;
 -0.07654614, 0.95930141, 0.27181152, 0.91607529;
 0, 0, 0, 1]
Twc:
[0.9970271, 0.0088127833, -0.07654614, -0.51290321;
 0.071234487, 0.27325165, 0.95930141, -0.83699769;
 0.029370474, -0.9619022, 0.27181152, -0.56069374;
 0, 0, 0, 1]
Ow:
[0.5874694;
 -0.30610147;
 0.91607529]
Keyframe: 51 Frame: 493 Frame from vFrameID : 494
Tcw:
[0.99729156, 0.06821727, 0.027494628, 0.59525794;
 0.0075528007, 0.27686098, -0.96088028, -0.30819023;
 -0.07316082, 0.95848548, 0.2755959, 0.93673348;
 0, 0, 0, 1]
Twc:
[0.99729156, 0.0075528007, -0.07316082, -0.52278578;
 0.06821727, 0.27686098, 0.95848548, -0.85312647;
 0.027494628, -0.96088028, 0.2755959, -0.57066023;
 0, 0, 0, 1]
Ow:
[0.59525794;
 -0.30819023;
 0.93673348]
Keyframe: 52 Frame: 501 Frame from vFrameID : 502
Tcw:
[0.99851429, 0.053738113, -0.0090226596, 0.61495376;
 -0.022439444, 0.25462729, -0.96677887, -0.31841463;
 -0.049655456, 0.965545, 0.25545484, 0.96513772;
 0, 0, 0, 1]
Twc:
[0.99851429, -0.022439444, -0.049655456, -0.57326078;
 0.053738113, 0.25462729, 0.965545, -0.88385326;
 -0.0090226596, -0.96677887, 0.25545484, -0.54883713;
 0, 0, 0, 1]
Ow:
[0.61495376;
 -0.31841463;
 0.96513772]
Keyframe: 53 Frame: 509 Frame from vFrameID : 510
Tcw:
[0.99845868, 0.054540642, -0.010273665, 0.61928874;
 -0.024123555, 0.25977913, -0.96536672, -0.31640202;
 -0.049982835, 0.96412659, 0.26069444, 0.99406934;
 0, 0, 0, 1]
Twc:
[0.99845868, -0.024123555, -0.049982835, -0.57628053;
 0.054540642, 0.25977913, 0.96412659, -0.90999049;
 -0.010273665, -0.96536672, 0.26069444, -0.55822998;
 0, 0, 0, 1]
Ow:
[0.61928874;
 -0.31640202;
 0.99406934]
Keyframe: 54 Frame: 517 Frame from vFrameID : 518
Tcw:
[0.99801415, 0.058192927, 0.024111299, 0.6255601;
 0.0093709305, 0.24135387, -0.97039193, -0.33042431;
 -0.062289301, 0.96869081, 0.24032925, 1.0184073;
 0, 0, 0, 1]
Twc:
[0.99801415, 0.0093709305, -0.062289301, -0.55778557;
 0.058192927, 0.24135387, 0.96869081, -0.94317579;
 0.024111299, -0.97039193, 0.24032925, -0.58047724;
 0, 0, 0, 1]
Ow:
[0.6255601;
 -0.33042431;
 1.0184073]
Keyframe: 55 Frame: 526 Frame from vFrameID : 527
Tcw:
[0.99665618, 0.068086118, 0.045174163, 0.64099061;
 0.026875449, 0.24894302, -0.96814519, -0.3437244;
 -0.077163041, 0.96612197, 0.24628074, 1.0334294;
 0, 0, 0, 1]
Twc:
[0.99665618, 0.026875449, -0.077163041, -0.54986703;
 0.068086118, 0.24894302, 0.96612197, -0.95649356;
 0.045174163, -0.96814519, 0.24628074, -0.61624509;
 0, 0, 0, 1]
Ow:
[0.64099061;
 -0.3437244;
 1.0334294]
Keyframe: 56 Frame: 534 Frame from vFrameID : 535
Tcw:
[0.99928343, 0.037836671, -0.0010214837, 0.66452175;
 -0.0098777525, 0.2346337, -0.97203368, -0.32782662;
 -0.036538843, 0.97134721, 0.23483931, 1.0618861;
 0, 0, 0, 1]
Twc:
[0.99928343, -0.0098777525, -0.036538843, -0.62848365;
 0.037836671, 0.2346337, 0.97134721, -0.97968417;
 -0.0010214837, -0.97203368, 0.23483931, -0.56735229;
 0, 0, 0, 1]
Ow:
[0.66452175;
 -0.32782662;
 1.0618861]
Keyframe: 57 Frame: 542 Frame from vFrameID : 543
Tcw:
[0.99948531, 0.03049651, -0.0099545689, 0.66512704;
 -0.017120723, 0.24466363, -0.96945685, -0.32096803;
 -0.027129529, 0.96912831, 0.24505982, 1.0898457;
 0, 0, 0, 1]
Twc:
[0.99948531, -0.017120723, -0.027129529, -0.64071292;
 0.03049651, 0.24466363, 0.96912831, -0.9979552;
 -0.0099545689, -0.96945685, 0.24505982, -0.571621;
 0, 0, 0, 1]
Ow:
[0.66512704;
 -0.32096803;
 1.0898457]
Keyframe: 58 Frame: 549 Frame from vFrameID : 550
Tcw:
[0.9988423, 0.046364829, 0.012822476, 0.67057371;
 0.00053439959, 0.25583947, -0.96671915, -0.33030587;
 -0.048102263, 0.96560681, 0.2555185, 1.1165669;
 0, 0, 0, 1]
Twc:
[0.9988423, 0.00053439959, -0.048102263, -0.61591148;
 0.046364829, 0.25583947, 0.96560681, -1.0247502;
 0.012822476, -0.96671915, 0.2555185, -0.61321491;
 0, 0, 0, 1]
Ow:
[0.67057371;
 -0.33030587;
 1.1165669]
Keyframe: 59 Frame: 557 Frame from vFrameID : 558
Tcw:
[0.99822384, 0.052226301, 0.028662875, 0.67670566;
 0.014081722, 0.26064426, -0.96533221, -0.33321178;
 -0.057886545, 0.96402127, 0.25944588, 1.1378622;
 0, 0, 0, 1]
Twc:
[0.99822384, 0.014081722, -0.057886545, -0.60494465;
 0.052226301, 0.26064426, 0.96402127, -1.0454154;
 0.028662875, -0.96533221, 0.25944588, -0.63627005;
 0, 0, 0, 1]
Ow:
[0.67670566;
 -0.33321178;
 1.1378622]
Keyframe: 60 Frame: 565 Frame from vFrameID : 566
Tcw:
[0.99926776, 0.036094524, 0.012695671, 0.6906603;
 0.0024160349, 0.27162182, -0.96240103, -0.33416343;
 -0.038185827, 0.96172696, 0.27133572, 1.1568892;
 0, 0, 0, 1]
Twc:
[0.99926776, 0.0024160349, -0.038185827, -0.64517039;
 0.036094524, 0.27162182, 0.96172696, -1.0467746;
 0.012695671, -0.96240103, 0.27133572, -0.64427298;
 0, 0, 0, 1]
Ow:
[0.6906603;
 -0.33416343;
 1.1568892]
Keyframe: 61 Frame: 574 Frame from vFrameID : 575
Tcw:
[0.9993543, 0.011807426, -0.033935376, 0.70892829;
 -0.035839904, 0.2604208, -0.9648298, -0.33088323;
 -0.0025546784, 0.96542299, 0.26067582, 1.1906075;
 0, 0, 0, 1]
Twc:
[0.9993543, -0.035839904, -0.0025546784, -0.71728766;
 0.011807426, 0.2604208, 0.96542299, -1.0716418;
 -0.033935376, -0.9648298, 0.26067582, -0.60555089;
 0, 0, 0, 1]
Ow:
[0.70892829;
 -0.33088323;
 1.1906075]
Keyframe: 62 Frame: 582 Frame from vFrameID : 583
Tcw:
[0.99977994, 0.020644259, 0.0037257059, 0.69433963;
 -0.0013558273, 0.24082151, -0.97056848, -0.33929467;
 -0.020933896, 0.97034985, 0.24079651, 1.2133101;
 0, 0, 0, 1]
Twc:
[0.99977994, -0.0013558273, -0.020933896, -0.66924757;
 0.020644259, 0.24082151, 0.97034985, -1.10996;
 0.0037257059, -0.97056848, 0.24079651, -0.62405646;
 0, 0, 0, 1]
Ow:
[0.69433963;
 -0.33929467;
 1.2133101]
Keyframe: 63 Frame: 592 Frame from vFrameID : 593
Tcw:
[0.99750435, 0.042737123, 0.056201246, 0.6718505;
 0.043795556, 0.24983218, -0.96729821, -0.3592445;
 -0.055380423, 0.96734554, 0.247337, 1.2294266;
 0, 0, 0, 1]
Twc:
[0.99750435, 0.043795556, -0.055380423, -0.58635437;
 0.042737123, 0.24983218, 0.96734554, -1.1282425;
 0.056201246, -0.96729821, 0.247337, -0.68933809;
 0, 0, 0, 1]
Ow:
[0.6718505;
 -0.3592445;
 1.2294266]
Keyframe: 64 Frame: 601 Frame from vFrameID : 602
Tcw:
[0.99839532, 0.032015312, 0.046709377, 0.68748921;
 0.037364624, 0.24736415, -0.96820188, -0.36275744;
 -0.04255151, 0.9683935, 0.24577098, 1.2459105;
 0, 0, 0, 1]
Twc:
[0.99839532, 0.037364624, -0.04255151, -0.61981636;
 0.032015312, 0.24736415, 0.9683935, -1.1388086;
 0.046709377, -0.96820188, 0.24577098, -0.68954325;
 0, 0, 0, 1]
Ow:
[0.68748921;
 -0.36275744;
 1.2459105]
Keyframe: 65 Frame: 610 Frame from vFrameID : 611
Tcw:
[0.9997648, 0.017325886, -0.013043764, 0.71081555;
 -0.016883502, 0.24431425, -0.96954912, -0.36381346;
 -0.01361152, 0.96954131, 0.24454932, 1.2626141;
 0, 0, 0, 1]
Twc:
[0.9997648, -0.016883502, -0.01361152, -0.69960475;
 0.017325886, 0.24431425, 0.96954131, -1.1475872;
 -0.013043764, -0.96954912, 0.24454932, -0.65223467;
 0, 0, 0, 1]
Ow:
[0.71081555;
 -0.36381346;
 1.2626141]
Keyframe: 66 Frame: 619 Frame from vFrameID : 620
Tcw:
[0.99982613, -0.0039392682, -0.018226303, 0.74010676;
 -0.016836653, 0.2294243, -0.97318089, -0.36591768;
 0.0080151772, 0.97331852, 0.22931808, 1.2929281;
 0, 0, 0, 1]
Twc:
[0.99982613, -0.016836653, 0.0080151772, -0.75650197;
 -0.0039392682, 0.2294243, 0.97331852, -1.1715651;
 -0.018226303, -0.97318089, 0.22931808, -0.63910645;
 0, 0, 0, 1]
Ow:
[0.74010676;
 -0.36591768;
 1.2929281]
Keyframe: 67 Frame: 627 Frame from vFrameID : 628
Tcw:
[0.99990088, 0.0023102479, 0.013888003, 0.75292993;
 0.013022332, 0.22315444, -0.9746961, -0.36503261;
 -0.0053509595, 0.97478038, 0.22310224, 1.3057773;
 0, 0, 0, 1]
Twc:
[0.99990088, 0.013022332, -0.0053509595, -0.74111456;
 0.0023102479, 0.22315444, 0.97478038, -1.1931268;
 0.013888003, -0.9746961, 0.22310224, -0.65757436;
 0, 0, 0, 1]
Ow:
[0.75292993;
 -0.36503261;
 1.3057773]
Keyframe: 68 Frame: 635 Frame from vFrameID : 636
Tcw:
[0.99997282, -0.00081614096, 0.0073294742, 0.7685464;
 0.0073240171, 0.22630382, -0.97402924, -0.35716063;
 -0.00086374284, 0.97405642, 0.22630364, 1.3183458;
 0, 0, 0, 1]
Twc:
[0.99997282, 0.0073240171, -0.00086374284, -0.76477093;
 -0.00081614096, 0.22630382, 0.97405642, -1.2026892;
 0.0073294742, -0.97402924, 0.22630364, -0.65186435;
 0, 0, 0, 1]
Ow:
[0.7685464;
 -0.35716063;
 1.3183458]
Keyframe: 69 Frame: 642 Frame from vFrameID : 643
Tcw:
[0.99710429, -0.029731495, -0.069993295, 0.78769547;
 -0.062197939, 0.21072464, -0.97556472, -0.32777059;
 0.043754309, 0.97709322, 0.2082652, 1.3343226;
 0, 0, 0, 1]
Twc:
[0.99710429, -0.062197939, 0.043754309, -0.86418355;
 -0.029731495, 0.21072464, 0.97709322, -1.2112689;
 -0.069993295, -0.97556472, 0.2082652, -0.542521;
 0, 0, 0, 1]
Ow:
[0.78769547;
 -0.32777059;
 1.3343226]
Keyframe: 70 Frame: 651 Frame from vFrameID : 652
Tcw:
[0.99902213, -0.018745719, -0.040042643, 0.79138082;
 -0.034599781, 0.23237123, -0.97201157, -0.35089183;
 0.027525812, 0.9724465, 0.2314954, 1.3441764;
 0, 0, 0, 1]
Twc:
[0.99902213, -0.034599781, 0.027525812, -0.83974731;
 -0.018745719, 0.23237123, 0.9724465, -1.2107675;
 -0.040042643, -0.97201157, 0.2314954, -0.6205526;
 0, 0, 0, 1]
Ow:
[0.79138082;
 -0.35089183;
 1.3441764]
Keyframe: 71 Frame: 659 Frame from vFrameID : 660
Tcw:
[0.99960613, -0.00085039978, 0.028050831, 0.80868793;
 0.027463505, 0.23526068, -0.97154421, -0.35879046;
 -0.0057730568, 0.97193193, 0.23519138, 1.3573546;
 0, 0, 0, 1]
Twc:
[0.99960613, 0.027463505, -0.0057730568, -0.79067969;
 -0.00085039978, 0.23526068, 0.97193193, -1.2341594;
 0.028050831, -0.97154421, 0.23519138, -0.69050324;
 0, 0, 0, 1]
Ow:
[0.80868793;
 -0.35879046;
 1.3573546]
Keyframe: 72 Frame: 667 Frame from vFrameID : 668
Tcw:
[0.99998891, 0.0018822877, 0.0043194224, 0.82224697;
 0.0038232817, 0.21161824, -0.97734493, -0.34734431;
 -0.0027537129, 0.97735059, 0.21160869, 1.3674134;
 0, 0, 0, 1]
Twc:
[0.99998891, 0.0038232817, -0.0027537129, -0.81714439;
 0.0018822877, 0.21161824, 0.97735059, -1.2644856;
 0.0043194224, -0.97734493, 0.21160869, -0.63238341;
 0, 0, 0, 1]
Ow:
[0.82224697;
 -0.34734431;
 1.3674134]
Keyframe: 73 Frame: 675 Frame from vFrameID : 676
Tcw:
[0.99906099, -0.018091289, -0.039368078, 0.84307623;
 -0.034404553, 0.22101249, -0.97466397, -0.33829868;
 0.026333764, 0.97510314, 0.22018252, 1.3750688;
 0, 0, 0, 1]
Twc:
[0.99906099, -0.034404553, 0.026333764, -0.89013433;
 -0.018091289, 0.22101249, 0.97510314, -1.2508134;
 -0.039368078, -0.97466397, 0.22018252, -0.59930336;
 0, 0, 0, 1]
Ow:
[0.84307623;
 -0.33829868;
 1.3750688]
Keyframe: 74 Frame: 683 Frame from vFrameID : 684
Tcw:
[0.99936193, -0.028203936, -0.021913856, 0.8557421;
 -0.015062357, 0.22351941, -0.97458309, -0.3521502;
 0.032385252, 0.97429132, 0.22295198, 1.3976223;
 0, 0, 0, 1]
Twc:
[0.99936193, -0.015062357, 0.032385252, -0.90576267;
 -0.028203936, 0.22351941, 0.97429132, -1.2588437;
 -0.021913856, -0.97458309, 0.22295198, -0.63604969;
 0, 0, 0, 1]
Ow:
[0.8557421;
 -0.3521502;
 1.3976223]
Keyframe: 75 Frame: 690 Frame from vFrameID : 691
Tcw:
[0.99965471, -0.012305595, 0.023217354, 0.83944708;
 0.025336428, 0.21712291, -0.97581542, -0.34192768;
 0.0069669699, 0.97606671, 0.21735972, 1.4086103;
 0, 0, 0, 1]
Twc:
[0.99965471, 0.025336428, 0.0069669699, -0.84030777;
 -0.012305595, 0.21712291, 0.97606671, -1.2903274;
 0.023217354, -0.97581542, 0.21735972, -0.65932316;
 0, 0, 0, 1]
Ow:
[0.83944708;
 -0.34192768;
 1.4086103]
Keyframe: 76 Frame: 699 Frame from vFrameID : 700
Tcw:
[0.99978989, -0.0019669121, 0.020403806, 0.85156387;
 0.020310488, 0.22952227, -0.97309148, -0.34179112;
 -0.0027691426, 0.97330141, 0.22951399, 1.4244882;
 0, 0, 0, 1]
Twc:
[0.99978989, 0.020310488, -0.0027691426, -0.84049839;
 -0.0019669121, 0.22952227, 0.97330141, -1.3063327;
 0.020403806, -0.97309148, 0.22951399, -0.67690915;
 0, 0, 0, 1]
Ow:
[0.85156387;
 -0.34179112;
 1.4244882]
Keyframe: 77 Frame: 707 Frame from vFrameID : 708
Tcw:
[0.99976826, -0.020122357, -0.0076465663, 0.86873758;
 -0.0027213036, 0.23422481, -0.97217864, -0.34584665;
 0.021353541, 0.97197419, 0.23411578, 1.4550114;
 0, 0, 0, 1]
Twc:
[0.99976826, -0.0027213036, 0.021353541, -0.90054709;
 -0.020122357, 0.23422481, 0.97197419, -1.3157465;
 -0.0076465663, -0.97217864, 0.23411578, -0.670223;
 0, 0, 0, 1]
Ow:
[0.86873758;
 -0.34584665;
 1.4550114]
Keyframe: 78 Frame: 716 Frame from vFrameID : 717
Tcw:
[0.99967521, -0.025435729, -0.0015780565, 0.87464708;
 0.0042348499, 0.22686088, -0.97391796, -0.36742321;
 0.025130313, 0.97359496, 0.22689492, 1.4764456;
 0, 0, 0, 1]
Twc:
[0.99967521, 0.0042348499, 0.025130313, -0.90991056;
 -0.025435729, 0.22686088, 0.97359496, -1.3318588;
 -0.0015780565, -0.97391796, 0.22689492, -0.69145781;
 0, 0, 0, 1]
Ow:
[0.87464708;
 -0.36742321;
 1.4764456]
Keyframe: 79 Frame: 724 Frame from vFrameID : 725
Tcw:
[0.99930298, -0.0024941473, 0.037246946, 0.85961461;
 0.036902543, 0.21662489, -0.97555721, -0.3579573;
 -0.005635432, 0.97625172, 0.21656592, 1.5003834;
 0, 0, 0, 1]
Twc:
[0.99930298, 0.036902543, -0.005635432, -0.83735061;
 -0.0024941473, 0.21662489, 0.97625172, -1.3850654;
 0.037246946, -0.97555721, 0.21656592, -0.7061578;
 0, 0, 0, 1]
Ow:
[0.85961461;
 -0.3579573;
 1.5003834]
Keyframe: 80 Frame: 733 Frame from vFrameID : 734
Tcw:
[0.9976356, 0.00058731984, 0.068723127, 0.86355597;
 0.066633947, 0.23656042, -0.96932918, -0.33742246;
 -0.016826479, 0.97161663, 0.23596196, 1.5225127;
 0, 0, 0, 1]
Twc:
[0.9976356, 0.066633947, -0.016826479, -0.81341183;
 0.00058731984, 0.23656042, 0.97161663, -1.399985;
 0.068723127, -0.96932918, 0.23596196, -0.74567479;
 0, 0, 0, 1]
Ow:
[0.86355597;
 -0.33742246;
 1.5225127]
Keyframe: 81 Frame: 741 Frame from vFrameID : 742
Tcw:
[0.99881852, 0.010973042, 0.047341365, 0.85985887;
 0.043627076, 0.22667341, -0.97299325, -0.35636479;
 -0.021407723, 0.97390902, 0.22592688, 1.5385488;
 0, 0, 0, 1]
Twc:
[0.99881852, 0.043627076, -0.021407723, -0.81035894;
 0.010973042, 0.22667341, 0.97390902, -1.4270633;
 0.047341365, -0.97299325, 0.22592688, -0.73504692;
 0, 0, 0, 1]
Ow:
[0.85985887;
 -0.35636479;
 1.5385488]
Keyframe: 82 Frame: 749 Frame from vFrameID : 750
Tcw:
[0.99836546, 0.042034306, 0.038724307, 0.84546047;
 0.02741308, 0.24234238, -0.96980345, -0.35212934;
 -0.050149553, 0.96927977, 0.24079397, 1.5633295;
 0, 0, 0, 1]
Twc:
[0.99836546, 0.02741308, -0.050149553, -0.75602525;
 0.042034306, 0.24234238, 0.96927977, -1.4655061;
 0.038724307, -0.96980345, 0.24079397, -0.75067639;
 0, 0, 0, 1]
Ow:
[0.84546047;
 -0.35212934;
 1.5633295]
Keyframe: 83 Frame: 757 Frame from vFrameID : 758
Tcw:
[0.9961862, 0.061536007, 0.061857622, 0.84574389;
 0.045980651, 0.23227492, -0.97156274, -0.35321686;
 -0.074154064, 0.97070163, 0.2285596, 1.580416;
 0, 0, 0, 1]
Twc:
[0.9961862, 0.045980651, -0.074154064, -0.70908302;
 0.061536007, 0.23227492, 0.97070163, -1.5041127;
 0.061857622, -0.97156274, 0.2285596, -0.75670731;
 0, 0, 0, 1]
Ow:
[0.84574389;
 -0.35321686;
 1.580416]
Keyframe: 84 Frame: 766 Frame from vFrameID : 767
Tcw:
[0.99337357, 0.076806933, 0.08549647, 0.83702832;
 0.064117447, 0.24701987, -0.96688682, -0.35101518;
 -0.095382936, 0.96596164, 0.24045835, 1.6050695;
 0, 0, 0, 1]
Twc:
[0.99337357, 0.064117447, -0.095382936, -0.65587938;
 0.076806933, 0.24701987, 0.96596164, -1.5280175;
 0.08549647, -0.96688682, 0.24045835, -0.79690731;
 0, 0, 0, 1]
Ow:
[0.83702832;
 -0.35101518;
 1.6050695]
Keyframe: 85 Frame: 775 Frame from vFrameID : 776
Tcw:
[0.9970696, 0.062523536, 0.044079337, 0.85444063;
 0.027910242, 0.23917218, -0.97057593, -0.3348603;
 -0.071226388, 0.96896207, 0.23672627, 1.6306973;
 0, 0, 0, 1]
Twc:
[0.9970696, 0.027910242, -0.071226388, -0.7264421;
 0.062523536, 0.23917218, 0.96896207, -1.5534171;
 0.044079337, -0.97057593, 0.23672627, -0.74869937;
 0, 0, 0, 1]
Ow:
[0.85444063;
 -0.3348603;
 1.6306973]
Keyframe: 86 Frame: 784 Frame from vFrameID : 785
Tcw:
[0.99772125, 0.056948435, 0.036182694, 0.86014736;
 0.021945301, 0.23320711, -0.97217941, -0.3512657;
 -0.06380216, 0.97075814, 0.23142594, 1.6563065;
 0, 0, 0, 1]
Twc:
[0.99772125, 0.021945301, -0.06380216, -0.74480277;
 0.056948435, 0.23320711, 0.97075814, -1.5749393;
 0.036182694, -0.97217941, 0.23142594, -0.75592804;
 0, 0, 0, 1]
Ow:
[0.86014736;
 -0.3512657;
 1.6563065]
Keyframe: 87 Frame: 792 Frame from vFrameID : 793
Tcw:
[0.99598134, 0.068940409, 0.057170097, 0.87171924;
 0.038998589, 0.24080391, -0.96978998, -0.35913786;
 -0.080624498, 0.96812224, 0.23714761, 1.6800144;
 0, 0, 0, 1]
Twc:
[0.99598134, 0.038998589, -0.080624498, -0.71875989;
 0.068940409, 0.24080391, 0.96812224, -1.6000742;
 0.057170097, -0.96978998, 0.23714761, -0.79653597;
 0, 0, 0, 1]
Ow:
[0.87171924;
 -0.35913786;
 1.6800144]
Keyframe: 88 Frame: 801 Frame from vFrameID : 802
Tcw:
[0.99516803, 0.06566339, 0.072999701, 0.86472011;
 0.054284729, 0.25156271, -0.96631742, -0.34169468;
 -0.081815682, 0.96561098, 0.24678265, 1.722185;
 0, 0, 0, 1]
Twc:
[0.99516803, 0.054284729, -0.081815682, -0.70109117;
 0.06566339, 0.25156271, 0.96561098, -1.6337835;
 0.072999701, -0.96631742, 0.24678265, -0.81831521;
 0, 0, 0, 1]
Ow:
[0.86472011;
 -0.34169468;
 1.722185]
Keyframe: 89 Frame: 809 Frame from vFrameID : 810
Tcw:
[0.99685985, 0.074940123, 0.0255806, 0.87749302;
 0.0067544105, 0.24139661, -0.97040302, -0.36820796;
 -0.078897193, 0.96752864, 0.24013242, 1.7367132;
 0, 0, 0, 1]
Twc:
[0.99685985, 0.0067544105, -0.078897193, -0.73522878;
 0.074940123, 0.24139661, 0.96752864, -1.6571949;
 0.0255806, -0.97040302, 0.24013242, -0.79679805;
 0, 0, 0, 1]
Ow:
[0.87749302;
 -0.36820796;
 1.7367132]
Keyframe: 90 Frame: 818 Frame from vFrameID : 819
Tcw:
[0.99718177, 0.069773503, 0.027570277, 0.88561165;
 0.0091778049, 0.25127798, -0.96787143, -0.36955917;
 -0.074459583, 0.96539682, 0.24992947, 1.7683833;
 0, 0, 0, 1]
Twc:
[0.99718177, 0.0091778049, -0.074459583, -0.74805099;
