Keyframe: 0 Frame: 0 Frame from vFrameID : 77
Tcw:
[0.99763221, 0.064295009, 0.024414744, 0.040766079;
 0.0029622826, 0.3144961, -0.94925416, 0.010568572;
 -0.068710648, 0.94707888, 0.31356099, -0.0522236;
 0, 0, 0, 1]
Twc:
[0.99763221, 0.0029622826, -0.068710648, -0.044289179;
 0.064295009, 0.3144961, 0.94707888, 0.043515034;
 0.024414744, -0.94925416, 0.31356099, 0.02541225;
 0, 0, 0, 1]
Ow:
[0.040766079;
 0.010568572;
 -0.0522236]
Keyframe: 1 Frame: 103 Frame from vFrameID : 77
Tcw:
[0.99750423, 0.066068739, 0.024904091, -nan;
 0.0026724625, 0.31713441, -0.94837683, -nan;
 -0.070556, 0.94607645, 0.31616634, -inf;
 0, 0, 0, 1]
Twc:
[0.99750423, 0.0026724625, -0.070556, -inf;
 0.066068739, 0.31713441, 0.94607645, inf;
 0.024904091, -0.94837683, 0.31616634, inf;
 0, 0, 0, 1]
Ow:
[-nan;
 -nan;
 -inf]
