Keyframe: 0 Frame: 0 Frame from vFrameID : 77
Tcw:
[0.99889034, 0.047026377, 0.0025605129, 0.034632903;
 -0.013898976, 0.34630278, -0.93801981, 0.0013886262;
 -0.044998385, 0.93694335, 0.34657213, -0.082861364;
 0, 0, 0, 1]
Twc:
[0.99889034, -0.013898976, -0.044998385, -0.038303804;
 0.047026377, 0.34630278, 0.93694335, 0.075526863;
 0.0025605129, -0.93801981, 0.34657213, 0.02993132;
 0, 0, 0, 1]
Ow:
[0.034632903;
 0.0013886262;
 -0.082861364]
Keyframe: 1 Frame: 91 Frame from vFrameID : 77
Tcw:
[0.99888575, 0.047089096, 0.0031514911, -nan;
 -0.013074781, 0.34027731, -0.94023424, -nan;
 -0.045347162, 0.93914533, 0.34051386, -inf;
 0, 0, 0, 1]
Twc:
[0.99888575, -0.013074781, -0.045347162, -inf;
 0.047089096, 0.34027731, 0.93914533, inf;
 0.0031514911, -0.94023424, 0.34051386, inf;
 0, 0, 0, 1]
Ow:
[-nan;
 -nan;
 -inf]
