Keyframe: 0 Frame: 0 Frame from vFrameID : 77
Tcw:
[0.99877459, 0.049440943, 0.002223362, 0.035354104;
 -0.014352286, 0.33234474, -0.94304878, 0.00081737712;
 -0.047364142, 0.94186121, 0.33264709, -0.077586703;
 0, 0, 0, 1]
Twc:
[0.99877459, -0.014352286, -0.047364142, -0.038973875;
 0.049440943, 0.33234474, 0.94186121, 0.071056321;
 0.002223362, -0.94304878, 0.33264709, 0.026501212;
 0, 0, 0, 1]
Ow:
[0.035354104;
 0.00081737712;
 -0.077586703]
Keyframe: 1 Frame: 94 Frame from vFrameID : 77
Tcw:
[0.72268146, -0.53279221, -0.44029987, 0.083307147;
 0.18015374, 0.76020521, -0.62420565, 0.03565605;
 0.66729015, 0.37178019, 0.64537072, 0.044248052;
 0, 0, 0, 1]
Twc:
[0.72268146, 0.18015374, 0.66729015, -0.096154392;
 -0.53279221, 0.76020521, 0.37178019, 0.00082893769;
 -0.44029987, -0.62420565, 0.64537072, 0.030380432;
 0, 0, 0, 1]
Ow:
[0.083307147;
 0.03565605;
 0.044248052]
