Keyframe: 0 Frame: 0 Frame from vFrameID : 65
Tcw:
[1, 0, 0, 0;
 0, 1, 0, 0;
 0, 0, 1, 0;
 0, 0, 0, 1]
Twc:
[1, 0, 0, 0;
 0, 1, 0, 0;
 0, 0, 1, 0;
 0, 0, 0, 1]
Ow:
[0;
 0;
 0]
Keyframe: 1 Frame: 64 Frame from vFrameID : 65
Tcw:
[0.99994951, -0.008388144, -0.0055374219, -0.028330782;
 0.0085374163, 0.99958515, 0.027507527, 0.003219913;
 0.0053043873, -0.027553413, 0.99960625, -0.0061995201;
 0, 0, 0, 1]
Twc:
[0.99994951, 0.0085374163, 0.0053043873, 0.028334744;
 -0.008388144, 0.99958515, -0.027553413, -0.0036270379;
 -0.0055374219, 0.027507527, 0.99960625, 0.0059516281;
 0, 0, 0, 1]
Ow:
[-0.028330782;
 0.003219913;
 -0.0061995201]
Keyframe: 2 Frame: 66 Frame from vFrameID : 67
Tcw:
[0.99990129, -0.010353407, -0.009498599, -0.028373593;
 0.010579145, 0.99965525, 0.024031213, 0.0031740167;
 0.0092465188, -0.024129327, 0.99966609, -0.0062036975;
 0, 0, 0, 1]
Twc:
[0.99990129, 0.010579145, 0.0092465188, 0.028394578;
 -0.010353407, 0.99965525, -0.024129327, -0.0036163768;
 -0.009498599, 0.024031213, 0.99966609, 0.0058558411;
 0, 0, 0, 1]
Ow:
[-0.028373593;
 0.0031740167;
 -0.0062036975]
Keyframe: 3 Frame: 67 Frame from vFrameID : 68
Tcw:
[0.99987942, -0.011356368, -0.010593234, -0.028165556;
 0.011570306, 0.99972582, 0.020358022, 0.0033252104;
 0.010359136, -0.020478135, 0.99973661, -0.0062846616;
 0, 0, 0, 1]
Twc:
[0.99987942, 0.011570306, 0.010359136, 0.028188789;
 -0.011356368, 0.99972582, -0.020478135, -0.003772855;
 -0.010593234, 0.020358022, 0.99973661, 0.0059169475;
 0, 0, 0, 1]
Ow:
[-0.028165556;
 0.0033252104;
 -0.0062846616]
Keyframe: 4 Frame: 68 Frame from vFrameID : 69
Tcw:
[0.99984837, -0.013015836, -0.011566335, -0.028235191;
 0.013206291, 0.99977589, 0.016545407, 0.003284497;
 0.011348391, -0.016695648, 0.99979621, -0.0069030276;
 0, 0, 0, 1]
Twc:
[0.99984837, 0.013206291, 0.011348391, 0.028265873;
 -0.013015836, 0.99977589, -0.016695648, -0.003766516;
 -0.011566335, 0.016545407, 0.99979621, 0.0065207002;
 0, 0, 0, 1]
Ow:
[-0.028235191;
 0.003284497;
 -0.0069030276]
Keyframe: 5 Frame: 69 Frame from vFrameID : 70
Tcw:
[0.99979079, -0.015745673, -0.013053687, -0.028524419;
 0.015926592, 0.9997769, 0.013873499, 0.0032890253;
 0.012832327, -0.014078497, 0.99981856, -0.0083336281;
 0, 0, 0, 1]
Twc:
[0.99979079, 0.015926592, 0.012832327, 0.028573008;
 -0.015745673, 0.9997769, -0.014078497, -0.0038547528;
 -0.013053687, 0.013873499, 0.99981856, 0.0079141371;
 0, 0, 0, 1]
Ow:
[-0.028524419;
 0.0032890253;
 -0.0083336281]
Keyframe: 6 Frame: 71 Frame from vFrameID : 72
Tcw:
[0.99956036, -0.02455342, -0.016618492, -0.028976897;
 0.024836244, 0.99954641, 0.017031729, 0.0033243296;
 0.016192768, -0.017436983, 0.99971682, -0.011285877;
 0, 0, 0, 1]
Twc:
[0.99956036, 0.024836244, 0.016192768, 0.029064344;
 -0.02455342, 0.99954641, -0.017436983, -0.0042310953;
 -0.016618492, 0.017031729, 0.99971682, 0.010744509;
 0, 0, 0, 1]
Ow:
[-0.028976897;
 0.0033243296;
 -0.011285877]
Keyframe: 7 Frame: 73 Frame from vFrameID : 74
Tcw:
[0.99926084, -0.032508928, -0.020517029, -0.029145982;
 0.032922607, 0.99925458, 0.020157566, 0.0037843578;
 0.019846436, -0.020818142, 0.99958628, -0.013153607;
 0, 0, 0, 1]
Twc:
[0.99926084, 0.032922607, 0.019846436, 0.0292609;
 -0.032508928, 0.99925458, -0.020818142, -0.0050028753;
 -0.020517029, 0.020157566, 0.99958628, 0.012473892;
 0, 0, 0, 1]
Ow:
[-0.029145982;
 0.0037843578;
 -0.013153607]
Keyframe: 8 Frame: 75 Frame from vFrameID : 76
Tcw:
[0.99919903, -0.034462668, -0.02033787, -0.029907264;
 0.034889471, 0.99917012, 0.021017656, 0.004246857;
 0.019596668, -0.021710398, 0.99957222, -0.014992083;
 0, 0, 0, 1]
Twc:
[0.99919903, 0.034889471, 0.019596668, 0.030028934;
 -0.034462668, 0.99917012, -0.021710398, -0.0055995011;
 -0.02033787, 0.021017656, 0.99957222, 0.014288161;
 0, 0, 0, 1]
Ow:
[-0.029907264;
 0.004246857;
 -0.014992083]
Keyframe: 9 Frame: 77 Frame from vFrameID : 78
Tcw:
[0.99901861, -0.037307452, -0.023873078, -0.029250752;
 0.037929047, 0.99893856, 0.026137119, 0.0040592011;
 0.022872629, -0.027016953, 0.99937326, -0.015966348;
 0, 0, 0, 1]
Twc:
[0.99901861, 0.037929047, 0.022872629, 0.029433278;
 -0.037307452, 0.99893856, -0.027016953, -0.0055775261;
 -0.023873078, 0.026137119, 0.99937326, 0.01515194;
 0, 0, 0, 1]
Ow:
[-0.029250752;
 0.0040592011;
 -0.015966348]
Keyframe: 10 Frame: 79 Frame from vFrameID : 80
Tcw:
[0.99884176, -0.039782818, -0.027064597, -0.030471884;
 0.040508654, 0.99881917, 0.026820786, 0.0053274799;
 0.025965631, -0.027886072, 0.99927384, -0.017953673;
 0, 0, 0, 1]
Twc:
[0.99884176, 0.040508654, 0.025965631, 0.03068696;
 -0.039782818, 0.99881917, -0.027886072, -0.0070341034;
 -0.027064597, 0.026820786, 0.99927384, 0.016973039;
 0, 0, 0, 1]
Ow:
[-0.030471884;
 0.0053274799;
 -0.017953673]
Keyframe: 11 Frame: 81 Frame from vFrameID : 82
Tcw:
[0.99847066, -0.042414363, -0.035458479, -0.031484507;
 0.043104026, 0.99889147, 0.01891676, 0.0060225674;
 0.034616832, -0.020416234, 0.99919212, -0.020159045;
 0, 0, 0, 1]
Twc:
[0.99847066, 0.043104026, 0.034616832, 0.031874605;
 -0.042414363, 0.99889147, -0.020416234, -0.0077628586;
 -0.035458479, 0.01891676, 0.99919212, 0.018912438;
 0, 0, 0, 1]
Ow:
[-0.031484507;
 0.0060225674;
 -0.020159045]
Keyframe: 12 Frame: 84 Frame from vFrameID : 85
Tcw:
[0.99775869, -0.04396892, -0.050441999, -0.031570453;
 0.044608761, 0.99893683, 0.011629246, 0.0057772831;
 0.049877044, -0.013853336, 0.99865931, -0.021586828;
 0, 0, 0, 1]
Twc:
[0.99775869, 0.044608761, 0.049877044, 0.032318659;
 -0.04396892, 0.99893683, -0.013853336, -0.0074583092;
 -0.050441999, 0.011629246, 0.99865931, 0.019898223;
 0, 0, 0, 1]
Ow:
[-0.031570453;
 0.0057772831;
 -0.021586828]
Keyframe: 13 Frame: 87 Frame from vFrameID : 88
Tcw:
[0.99787587, -0.038165655, -0.052793108, -0.032034412;
 0.038695596, 0.99921006, 0.0090522934, 0.0054908539;
 0.052405916, -0.011075926, 0.99856442, -0.022408163;
 0, 0, 0, 1]
Twc:
[0.99787587, 0.038695596, 0.052405916, 0.032928213;
 -0.038165655, 0.99921006, -0.011075926, -0.0069573214;
 -0.052793108, 0.0090522934, 0.99856442, 0.020635094;
 0, 0, 0, 1]
Ow:
[-0.032034412;
 0.0054908539;
 -0.022408163]
Keyframe: 14 Frame: 90 Frame from vFrameID : 91
Tcw:
[0.99819726, -0.032977886, -0.050146792, -0.032374065;
 0.033962917, 0.99924403, 0.01891911, 0.0054327543;
 0.049484968, -0.020588135, 0.99856263, -0.023229089;
 0, 0, 0, 1]
Twc:
[0.99819726, 0.033962917, 0.049484968, 0.033280682;
 -0.032977886, 0.99924403, -0.020588135, -0.0069745192;
 -0.050146792, 0.01891911, 0.99856263, 0.021469463;
 0, 0, 0, 1]
Ow:
[-0.032374065;
 0.0054327543;
 -0.023229089]
Keyframe: 15 Frame: 93 Frame from vFrameID : 94
Tcw:
[0.99865323, -0.02876226, -0.043178808, -0.032122161;
 0.030251347, 0.99895573, 0.034238581, 0.0054740743;
 0.042148937, -0.035498686, 0.9984805, -0.023700474;
 0, 0, 0, 1]
Twc:
[0.99865323, 0.030251347, 0.042148937, 0.032912254;
 -0.02876226, 0.99895573, -0.035498686, -0.0072336001;
 -0.043178808, 0.034238581, 0.9984805, 0.02209004;
 0, 0, 0, 1]
Ow:
[-0.032122161;
 0.0054740743;
 -0.023700474]
Keyframe: 16 Frame: 96 Frame from vFrameID : 97
Tcw:
[0.99831426, -0.032203089, -0.048286751, -0.031949114;
 0.033906076, 0.99881637, 0.034873851, 0.0053315135;
 0.047106553, -0.036452278, 0.9982245, -0.024430534;
 0, 0, 0, 1]
Twc:
[0.99831426, 0.033906076, 0.047106553, 0.032865323;
 -0.032203089, 0.99881637, -0.036452278, -0.0072446121;
 -0.048286751, 0.034873851, 0.9982245, 0.022658508;
 0, 0, 0, 1]
Ow:
[-0.031949114;
 0.0053315135;
 -0.024430534]
Keyframe: 17 Frame: 100 Frame from vFrameID : 101
Tcw:
[0.99833357, -0.034578573, -0.046199217, -0.031872258;
 0.036739942, 0.99822915, 0.046783842, 0.0051884758;
 0.044499688, -0.048403237, 0.99783611, -0.025523722;
 0, 0, 0, 1]
Twc:
[0.99833357, 0.036739942, 0.044499688, 0.032764316;
 -0.034578573, 0.99822915, -0.048403237, -0.0075168163;
 -0.046199217, 0.046783842, 0.99783611, 0.023753282;
 0, 0, 0, 1]
Ow:
[-0.031872258;
 0.0051884758;
 -0.025523722]
Keyframe: 18 Frame: 104 Frame from vFrameID : 105
Tcw:
[0.99856049, -0.032054745, -0.043004893, -0.032042306;
 0.034300353, 0.99802971, 0.052538004, 0.0052360478;
 0.041236069, -0.053937458, 0.99769253, -0.025756398;
 0, 0, 0, 1]
Twc:
[0.99856049, 0.034300353, 0.041236069, 0.032878678;
 -0.032054745, 0.99802971, -0.053937458, -0.0076420736;
 -0.043004893, 0.052538004, 0.99769253, 0.024043897;
 0, 0, 0, 1]
Ow:
[-0.032042306;
 0.0052360478;
 -0.025756398]
Keyframe: 19 Frame: 108 Frame from vFrameID : 109
Tcw:
[0.99897927, -0.030654136, -0.033176601, -0.0319959;
 0.032319847, 0.99818099, 0.05089381, 0.0052498882;
 0.031556144, -0.051914126, 0.99815285, -0.025199194;
 0, 0, 0, 1]
Twc:
[0.99897927, 0.032319847, 0.031556144, 0.032588758;
 -0.030654136, 0.99818099, -0.051914126, -0.0075293393;
 -0.033176601, 0.05089381, 0.99815285, 0.023823945;
 0, 0, 0, 1]
Ow:
[-0.0319959;
 0.0052498882;
 -0.025199194]
Keyframe: 20 Frame: 112 Frame from vFrameID : 113
Tcw:
[0.99936688, -0.029030398, -0.020568728, -0.031636164;
 0.030130768, 0.99801075, 0.055377398, 0.0048452504;
 0.018920185, -0.055962089, 0.99825358, -0.024933778;
 0, 0, 0, 1]
Twc:
[0.99936688, 0.030130768, 0.018920185, 0.031941894;
 -0.029030398, 0.99801075, -0.055962089, -0.0071493685;
 -0.020568728, 0.055377398, 0.99825358, 0.0239712;
 0, 0, 0, 1]
Ow:
[-0.031636164;
 0.0048452504;
 -0.024933778]
Keyframe: 21 Frame: 116 Frame from vFrameID : 117
Tcw:
[0.99916011, -0.036213584, -0.01917454, -0.03090689;
 0.037469495, 0.99685758, 0.069792427, 0.0045019267;
 0.016586851, -0.070452265, 0.99737722, -0.025995722;
 0, 0, 0, 1]
Twc:
[0.99916011, 0.037469495, 0.016586851, 0.031143432;
 -0.036213584, 0.99685758, -0.070452265, -0.0074384864;
 -0.01917454, 0.069792427, 0.99737722, 0.025020717;
 0, 0, 0, 1]
Ow:
[-0.03090689;
 0.0045019267;
 -0.025995722]
Keyframe: 22 Frame: 120 Frame from vFrameID : 121
Tcw:
[0.99847221, -0.047009833, -0.029039256, -0.030341497;
 0.048658766, 0.99707371, 0.058960151, 0.0043118424;
 0.026182573, -0.060283087, 0.9978379, -0.026698394;
 0, 0, 0, 1]
Twc:
[0.99847221, 0.048658766, 0.026182573, 0.030784367;
 -0.047009833, 0.99707371, -0.060283087, -0.0073350356;
 -0.029039256, 0.058960151, 0.9978379, 0.025505347;
 0, 0, 0, 1]
Ow:
[-0.030341497;
 0.0043118424;
 -0.026698394]
Keyframe: 23 Frame: 124 Frame from vFrameID : 125
Tcw:
[0.99829227, -0.047951244, -0.033365015, -0.029867642;
 0.049593482, 0.99750358, 0.050269753, 0.0039704191;
 0.030871226, -0.051838592, 0.99817818, -0.02724039;
 0, 0, 0, 1]
Twc:
[0.99829227, 0.049593482, 0.030871226, 0.030460672;
 -0.047951244, 0.99750358, -0.051838592, -0.006804802;
 -0.033365015, 0.050269753, 0.99817818, 0.025994638;
 0, 0, 0, 1]
Ow:
[-0.029867642;
 0.0039704191;
 -0.02724039]
Keyframe: 24 Frame: 128 Frame from vFrameID : 129
Tcw:
[0.99797469, -0.048495196, -0.041167021, -0.029640486;
 0.050593477, 0.99738759, 0.051558323, 0.0037789333;
 0.038559146, -0.053536687, 0.99782115, -0.027734855;
 0, 0, 0, 1]
Twc:
[0.99797469, 0.050593477, 0.038559146, 0.030458698;
 -0.048495196, 0.99738759, -0.053536687, -0.0066913147;
 -0.041167021, 0.051558323, 0.99782115, 0.026259378;
 0, 0, 0, 1]
Ow:
[-0.029640486;
 0.0037789333;
 -0.027734855]
Keyframe: 25 Frame: 132 Frame from vFrameID : 133
Tcw:
[0.99834198, -0.041280519, -0.040115196, -0.030090811;
 0.043804113, 0.99697447, 0.064211614, 0.0039713257;
 0.037343137, -0.065862358, 0.99712968, -0.027535561;
 0, 0, 0, 1]
Twc:
[0.99834198, 0.043804113, 0.037343137, 0.030895224;
 -0.041280519, 0.99697447, -0.065862358, -0.0070150318;
 -0.040115196, 0.064211614, 0.99712968, 0.025994422;
 0, 0, 0, 1]
Ow:
[-0.030090811;
 0.0039713257;
 -0.027535561]
Keyframe: 26 Frame: 136 Frame from vFrameID : 137
Tcw:
[0.99823874, -0.03708614, -0.04630319, -0.030565049;
 0.039987508, 0.99718726, 0.063392088, 0.004267964;
 0.043821983, -0.065131985, 0.99691397, -0.026887108;
 0, 0, 0, 1]
Twc:
[0.99823874, 0.039987508, 0.043821983, 0.031518802;
 -0.03708614, 0.99718726, -0.065131985, -0.00714071;
 -0.04630319, 0.063392088, 0.99691397, 0.025118317;
 0, 0, 0, 1]
Ow:
[-0.030565049;
 0.004267964;
 -0.026887108]
Keyframe: 27 Frame: 139 Frame from vFrameID : 140
Tcw:
[0.9980951, -0.036514133, -0.049728133, -0.030737799;
 0.039351068, 0.99758011, 0.057318337, 0.0045310264;
 0.047514867, -0.059166007, 0.99711668, -0.026224114;
 0, 0, 0, 1]
Twc:
[0.9980951, 0.039351068, 0.047514867, 0.031746984;
 -0.036514133, 0.99758011, -0.059166007, -0.0071940026;
 -0.049728133, 0.057318337, 0.99711668, 0.024360258;
 0, 0, 0, 1]
Ow:
[-0.030737799;
 0.0045310264;
 -0.026224114]
Keyframe: 28 Frame: 142 Frame from vFrameID : 143
Tcw:
[0.99854523, -0.028015971, -0.046070501, -0.031694558;
 0.030268475, 0.99834275, 0.048944533, 0.0051243394;
 0.044622924, -0.050267816, 0.99773842, -0.024329126;
 0, 0, 0, 1]
Twc:
[0.99854523, 0.030268475, 0.044622924, 0.032578979;
 -0.028015971, 0.99834275, -0.050267816, -0.0072267726;
 -0.046070501, 0.048944533, 0.99773842, 0.022563111;
 0, 0, 0, 1]
Ow:
[-0.031694558;
 0.0051243394;
 -0.024329126]
Keyframe: 29 Frame: 145 Frame from vFrameID : 146
Tcw:
[0.99889565, -0.020845531, -0.042105921, -0.032222193;
 0.022844698, 0.99860662, 0.047570139, 0.0054312078;
 0.041055623, -0.048479505, 0.99798006, -0.023591695;
 0, 0, 0, 1]
Twc:
[0.99889565, 0.022844698, 0.041055623, 0.03303111;
 -0.020845531, 0.99860662, -0.048479505, -0.0072390423;
 -0.042105921, 0.047570139, 0.99798006, 0.021928933;
 0, 0, 0, 1]
Ow:
[-0.032222193;
 0.0054312078;
 -0.023591695]
Keyframe: 30 Frame: 148 Frame from vFrameID : 149
Tcw:
[0.99901432, -0.0091352388, -0.043438762, -0.033114675;
 0.010896384, 0.99912089, 0.040480807, 0.0058329822;
 0.043030772, -0.040914234, 0.99823564, -0.022121089;
 0, 0, 0, 1]
Twc:
[0.99901432, 0.010896384, 0.043030772, 0.033970363;
 -0.0091352388, 0.99912089, -0.040914234, -0.0070354324;
 -0.043438762, 0.040480807, 0.99823564, 0.020407476;
 0, 0, 0, 1]
Ow:
[-0.033114675;
 0.0058329822;
 -0.022121089]
Keyframe: 31 Frame: 152 Frame from vFrameID : 153
Tcw:
[0.99891788, 0.0056279772, -0.046167608, -0.034711536;
 -0.0037759691, 0.99918836, 0.040104445, 0.0059038359;
 0.046355844, -0.039886717, 0.99812835, -0.020880122;
 0, 0, 0, 1]
Twc:
[0.99891788, -0.0037759691, 0.046355844, 0.035664182;
 0.0056279772, 0.99918836, -0.039886717, -0.006536528;
 -0.046167608, 0.040104445, 0.99812835, 0.019001724;
 0, 0, 0, 1]
Ow:
[-0.034711536;
 0.0059038359;
 -0.020880122]
Keyframe: 32 Frame: 156 Frame from vFrameID : 157
Tcw:
[0.99895942, 0.0013465361, -0.045587581, -0.034819916;
 0.00058057043, 0.9991076, 0.042233009, 0.0059729437;
 0.045603767, -0.04221553, 0.9980672, -0.020701461;
 0, 0, 0, 1]
Twc:
[0.99895942, 0.00058057043, 0.045603767, 0.035724282;
 0.0013465361, 0.9991076, -0.04221553, -0.0067946506;
 -0.045587581, 0.042233009, 0.9980672, 0.018821837;
 0, 0, 0, 1]
Ow:
[-0.034819916;
 0.0059729437;
 -0.020701461]
Keyframe: 33 Frame: 160 Frame from vFrameID : 161
Tcw:
[0.99924648, -0.0064196354, -0.038278271, -0.034846235;
 0.0081342123, 0.99896258, 0.044806313, 0.0061346702;
 0.037950918, -0.045083914, 0.99826205, -0.020067632;
 0, 0, 0, 1]
Twc:
[0.99924648, 0.0081342123, 0.037950918, 0.035531662;
 -0.0064196354, 0.99896258, -0.045083914, -0.0072567337;
 -0.038278271, 0.044806313, 0.99826205, 0.018424032;
 0, 0, 0, 1]
Ow:
[-0.034846235;
 0.0061346702;
 -0.020067632]
Keyframe: 34 Frame: 163 Frame from vFrameID : 164
Tcw:
[0.99979597, -0.0083140722, -0.018409697, -0.034818824;
 0.0091324551, 0.9989531, 0.044825483, 0.0061648265;
 0.018017741, -0.044984464, 0.99882519, -0.019730108;
 0, 0, 0, 1]
Twc:
[0.99979597, 0.0091324551, 0.018017741, 0.035110913;
 -0.0083140722, 0.9989531, -0.044984464, -0.0073354067;
 -0.018409697, 0.044825483, 0.99882519, 0.018789584;
 0, 0, 0, 1]
Ow:
[-0.034818824;
 0.0061648265;
 -0.019730108]
Keyframe: 35 Frame: 167 Frame from vFrameID : 168
Tcw:
[0.99998182, -0.0054095928, -0.0026564894, -0.034867261;
 0.0054990631, 0.99937516, 0.034914624, 0.0062065246;
 0.0024659557, -0.034928598, 0.99938679, -0.018987425;
 0, 0, 0, 1]
Twc:
[0.99998182, 0.0054990631, 0.0024659557, 0.034879319;
 -0.0054095928, 0.99937516, -0.034928598, -0.0070544682;
 -0.0026564894, 0.034914624, 0.99938679, 0.018666457;
 0, 0, 0, 1]
Ow:
[-0.034867261;
 0.0062065246;
 -0.018987425]
Keyframe: 36 Frame: 171 Frame from vFrameID : 172
Tcw:
[0.99993849, -0.010254974, 0.0042294222, -0.03492723;
 0.010174198, 0.99977344, 0.018697212, 0.0062087635;
 -0.0044202036, -0.018653031, 0.99981624, -0.018619645;
 0, 0, 0, 1]
Twc:
[0.99993849, 0.010174198, -0.0044202036, 0.034779608;
 -0.010254974, 0.99977344, -0.018653031, -0.006912847;
 0.0042294222, 0.018697212, 0.99981624, 0.018647861;
 0, 0, 0, 1]
Ow:
[-0.03492723;
 0.0062087635;
 -0.018619645]
Keyframe: 37 Frame: 175 Frame from vFrameID : 176
Tcw:
[0.9997319, -0.017502833, 0.015157058, -0.034883771;
 0.017361196, 0.99980485, 0.0094263032, 0.0063915667;
 -0.015319087, -0.0091606313, 0.99984068, -0.018278316;
 0, 0, 0, 1]
Twc:
[0.9997319, 0.017361196, -0.015319087, 0.034483448;
 -0.017502833, 0.99980485, -0.0091606313, -0.0071683247;
 0.015157058, 0.0094263032, 0.99984068, 0.018743889;
 0, 0, 0, 1]
Ow:
[-0.034883771;
 0.0063915667;
 -0.018278316]
Keyframe: 38 Frame: 179 Frame from vFrameID : 180
Tcw:
[0.99985492, -0.017032292, 0.0002680099, -0.034672443;
 0.017028518, 0.99979937, 0.010548909, 0.0064789425;
 -0.00044762823, -0.010542815, 0.99994433, -0.017606094;
 0, 0, 0, 1]
Twc:
[0.99985492, 0.017028518, -0.00044762823, 0.034549203;
 -0.017032292, 0.99979937, -0.010542815, -0.0072538112;
 0.0002680099, 0.010548909, 0.99994433, 0.01754606;
 0, 0, 0, 1]
Ow:
[-0.034672443;
 0.0064789425;
 -0.017606094]
Keyframe: 39 Frame: 183 Frame from vFrameID : 184
Tcw:
[0.99985904, -0.015159674, -0.0072183292, -0.034364752;
 0.015282342, 0.99973434, 0.017253505, 0.0066096797;
 0.0069548544, -0.017361386, 0.99982512, -0.017234441;
 0, 0, 0, 1]
Twc:
[0.99985904, 0.015282342, 0.0069548544, 0.03437876;
 -0.015159674, 0.99973434, -0.017361386, -0.0074280961;
 -0.0072183292, 0.017253505, 0.99982512, 0.016869331;
 0, 0, 0, 1]
Ow:
[-0.034364752;
 0.0066096797;
 -0.017234441]
Keyframe: 40 Frame: 187 Frame from vFrameID : 188
Tcw:
[0.99968189, -0.012485911, -0.021913674, -0.03396643;
 0.012808411, 0.99981081, 0.014638714, 0.0066413917;
 0.02172675, -0.014914738, 0.99965268, -0.016631803;
 0, 0, 0, 1]
Twc:
[0.99968189, 0.012808411, 0.02172675, 0.034231916;
 -0.012485911, 0.99981081, -0.014914738, -0.007312296;
 -0.021913674, 0.014638714, 0.99965268, 0.015784476;
 0, 0, 0, 1]
Ow:
[-0.03396643;
 0.0066413917;
 -0.016631803]
Keyframe: 41 Frame: 191 Frame from vFrameID : 192
Tcw:
[0.99948043, -0.014994098, -0.028531602, -0.033668924;
 0.015147704, 0.99987185, 0.0051751784, 0.0066454536;
 0.028450349, -0.0056046778, 0.99957949, -0.016122913;
 0, 0, 0, 1]
Twc:
[0.99948043, 0.015147704, 0.028450349, 0.034009468;
 -0.014994098, 0.99987185, -0.0056046778, -0.0072398009;
 -0.028531602, 0.0051751784, 0.99957949, 0.015121113;
 0, 0, 0, 1]
Ow:
[-0.033668924;
 0.0066454536;
 -0.016122913]
Keyframe: 42 Frame: 196 Frame from vFrameID : 197
Tcw:
[0.99891555, -0.011924251, -0.045006346, -0.03326137;
 0.012309086, 0.99988991, 0.0082832407, 0.0066940738;
 0.044902623, -0.0088282451, 0.99895239, -0.015675075;
 0, 0, 0, 1]
Twc:
[0.99891555, 0.012309086, 0.044902623, 0.033846755;
 -0.011924251, 0.99988991, -0.0088282451, -0.0072283372;
 -0.045006346, 0.0082832407, 0.99895239, 0.014106232;
 0, 0, 0, 1]
Ow:
[-0.03326137;
 0.0066940738;
 -0.015675075]
Keyframe: 43 Frame: 201 Frame from vFrameID : 202
Tcw:
[0.99889904, -0.010684874, -0.04567821, -0.03302763;
 0.011452569, 0.99979699, 0.016578045, 0.0067590559;
 0.0454918, -0.017082926, 0.99881864, -0.014902427;
 0, 0, 0, 1]
Twc:
[0.99889904, 0.011452569, 0.0454918, 0.033591799;
 -0.010684874, 0.99979699, -0.017082926, -0.0073651569;
 -0.04567821, 0.016578045, 0.99881864, 0.013264126;
 0, 0, 0, 1]
Ow:
[-0.03302763;
 0.0067590559;
 -0.014902427]
Keyframe: 44 Frame: 206 Frame from vFrameID : 207
Tcw:
[0.99960542, -0.0050855223, -0.027624806, -0.032975104;
 0.0056145727, 0.9998017, 0.019107608, 0.0069890432;
 0.027522154, -0.019255171, 0.99943572, -0.013955532;
 0, 0, 0, 1]
Twc:
[0.99960542, 0.0056145727, 0.027522154, 0.033306938;
 -0.0050855223, 0.9998017, -0.019255171, -0.0074240686;
 -0.027624806, 0.019107608, 0.99943572, 0.012903183;
 0, 0, 0, 1]
Ow:
[-0.032975104;
 0.0069890432;
 -0.013955532]
Keyframe: 45 Frame: 211 Frame from vFrameID : 212
Tcw:
[0.99983931, -0.0046746843, -0.017305518, -0.03313569;
 0.004795189, 0.99996448, 0.0069284351, 0.007120607;
 0.017272515, -0.0070103053, 0.99982625, -0.012964732;
 0, 0, 0, 1]
Twc:
[0.99983931, 0.004795189, 0.017272515, 0.033320155;
 -0.0046746843, 0.99996448, -0.0070103053, -0.0073661399;
 -0.017305518, 0.0069284351, 0.99982625, 0.012339714;
 0, 0, 0, 1]
Ow:
[-0.03313569;
 0.007120607;
 -0.012964732]
Keyframe: 46 Frame: 216 Frame from vFrameID : 217
Tcw:
[0.99967617, -0.025063533, 0.0044057947, -0.033172902;
 0.025027925, 0.99965507, 0.0079592671, 0.0072516496;
 -0.0046037626, -0.0078464216, 0.99995863, -0.012340792;
 0, 0, 0, 1]
Twc:
[0.99967617, 0.025027925, -0.0046037626, 0.032923851;
 -0.025063533, 0.99965507, -0.0078464216, -0.0081774099;
 0.0044057947, 0.0079592671, 0.99995863, 0.012428716;
 0, 0, 0, 1]
Ow:
[-0.033172902;
 0.0072516496;
 -0.012340792]
Keyframe: 47 Frame: 221 Frame from vFrameID : 222
Tcw:
[0.99950004, -0.018326847, 0.025764717, -0.032765366;
 0.017522655, 0.99936271, 0.031099604, 0.0074637048;
 -0.026318254, -0.030632589, 0.99918419, -0.011404824;
 0, 0, 0, 1]
Twc:
[0.99950004, 0.017522655, -0.026318254, 0.032318044;
 -0.018326847, 0.99936271, -0.030632589, -0.0084087932;
 0.025764717, 0.031099604, 0.99918419, 0.012007591;
 0, 0, 0, 1]
Ow:
[-0.032765366;
 0.0074637048;
 -0.011404824]
Keyframe: 48 Frame: 227 Frame from vFrameID : 228
Tcw:
[0.99986547, -0.0043891119, 0.015802877, -0.03227194;
 0.0037547871, 0.99919468, 0.039948121, 0.0077282651;
 -0.015965488, -0.039883412, 0.99907678, -0.010400753;
 0, 0, 0, 1]
Twc:
[0.99986547, 0.0037547871, -0.015965488, 0.032072525;
 -0.0043891119, 0.99919468, -0.039883412, -0.008278504;
 0.015802877, 0.039948121, 0.99907678, 0.010592411;
 0, 0, 0, 1]
Ow:
[-0.03227194;
 0.0077282651;
 -0.010400753]
Keyframe: 49 Frame: 232 Frame from vFrameID : 233
Tcw:
[0.99962759, 0.00097433297, -0.027271148, -0.031872094;
 -0.00026444637, 0.99966133, 0.026022194, 0.0077343732;
 0.027287265, -0.026005292, 0.99928933, -0.009689657;
 0, 0, 0, 1]
Twc:
[0.99962759, -0.00026444637, 0.027287265, 0.032126676;
 0.00097433297, 0.99966133, -0.026005292, -0.0079526827;
 -0.027271148, 0.026022194, 0.99928933, 0.008612317;
 0, 0, 0, 1]
Ow:
[-0.031872094;
 0.0077343732;
 -0.009689657]
Keyframe: 50 Frame: 237 Frame from vFrameID : 238
Tcw:
[0.99900335, 0.00079423841, -0.044627927, -0.031489037;
 0.00027199654, 0.99971479, 0.023880502, 0.007762081;
 0.044634167, -0.02386884, 0.9987182, -0.0088837985;
 0, 0, 0, 1]
Twc:
[0.99900335, 0.00027199654, 0.044634167, 0.031852063;
 0.00079423841, 0.99971479, -0.02386884, -0.0079469038;
 -0.044627927, 0.023880502, 0.9987182, 0.0072817588;
 0, 0, 0, 1]
Ow:
[-0.031489037;
 0.007762081;
 -0.0088837985]
Keyframe: 51 Frame: 242 Frame from vFrameID : 243
Tcw:
[0.99937952, 0.0012899252, -0.035198044, -0.031275555;
 -0.0003351568, 0.99963218, 0.027118037, 0.0079526566;
 0.035220079, -0.027089413, 0.99901235, -0.0079754367;
 0, 0, 0, 1]
Twc:
[0.99937952, -0.0003351568, 0.035220079, 0.031539712;
 0.0012899252, 0.99963218, -0.027089413, -0.0081254384;
 -0.035198044, 0.027118037, 0.99901235, 0.0066510611;
 0, 0, 0, 1]
Ow:
[-0.031275555;
 0.0079526566;
 -0.0079754367]
Keyframe: 52 Frame: 248 Frame from vFrameID : 249
Tcw:
[0.99994683, -0.00649571, -0.008009892, -0.031094128;
 0.0066586412, 0.99976796, 0.020485213, 0.0081897946;
 0.0078749675, -0.020537458, 0.99975806, -0.0069504916;
 0, 0, 0, 1]
Twc:
[0.99994683, 0.0066586412, 0.0078749675, 0.031092677;
 -0.00649571, 0.99976796, -0.020537458, -0.0085326182;
 -0.008009892, 0.020485213, 0.99975806, 0.0065319799;
 0, 0, 0, 1]
Ow:
[-0.031094128;
 0.0081897946;
 -0.0069504916]
Keyframe: 53 Frame: 253 Frame from vFrameID : 254
Tcw:
[0.99951601, -0.02005248, 0.023782961, -0.031069754;
 0.019715069, 0.99970281, 0.014337776, 0.00846959;
 -0.024063401, -0.013861954, 0.9996143, -0.0061551994;
 0, 0, 0, 1]
Twc:
[0.99951601, 0.019715069, -0.024063401, 0.030739622;
 -0.02005248, 0.99970281, -0.013861954, -0.0091754226;
 0.023782961, 0.014337776, 0.9996143, 0.0067703216;
 0, 0, 0, 1]
Ow:
[-0.031069754;
 0.00846959;
 -0.0061551994]
Keyframe: 54 Frame: 258 Frame from vFrameID : 259
Tcw:
[0.99960077, -0.016783057, 0.022729972, -0.030762302;
 0.016125511, 0.99945486, 0.028809268, 0.0085894316;
 -0.023201089, -0.028431233, 0.99932647, -0.0051677395;
 0, 0, 0, 1]
Twc:
[0.99960077, 0.016125511, -0.023201089, 0.030491613;
 -0.016783057, 0.99945486, -0.028431233, -0.0092479596;
 0.022729972, 0.028809268, 0.99932647, 0.0056160297;
 0, 0, 0, 1]
Ow:
[-0.030762302;
 0.0085894316;
 -0.0051677395]
Keyframe: 55 Frame: 265 Frame from vFrameID : 266
Tcw:
[0.99993038, -0.0090826144, -0.0075357631, -0.030011248;
 0.0091757588, 0.99988079, 0.012419145, 0.0089708716;
 0.0074220663, -0.012487426, 0.9998945, -0.0036118622;
 0, 0, 0, 1]
Twc:
[0.99993038, 0.0091757588, 0.0074220663, 0.029953649;
 -0.0090826144, 0.99988079, -0.012487426, -0.0092874849;
 -0.0075357631, 0.012419145, 0.9998945, 0.0032739127;
 0, 0, 0, 1]
Ow:
[-0.030011248;
 0.0089708716;
 -0.0036118622]
Keyframe: 56 Frame: 273 Frame from vFrameID : 274
Tcw:
[0.99950737, -0.003117203, -0.031230168, -0.029043458;
 0.0033595508, 0.99996465, 0.0077105872, 0.009366815;
 0.031205028, -0.0078117084, 0.99948245, -0.0018664021;
 0, 0, 0, 1]
Twc:
[0.99950737, 0.0033595508, 0.031205028, 0.029055923;
 -0.003117203, 0.99996465, -0.0078117084, -0.0094715971;
 -0.031230168, 0.0077105872, 0.99948245, 0.00088618055;
 0, 0, 0, 1]
Ow:
[-0.029043458;
 0.009366815;
 -0.0018664021]
Keyframe: 57 Frame: 279 Frame from vFrameID : 280
Tcw:
[0.99977785, 0.0051990561, -0.020425025, -0.028621994;
 -0.0051964102, 0.99998647, 0.00018261079, 0.0095818564;
 0.0204257, -7.6433411e-05, 0.99979138, -0.00071919803;
 0, 0, 0, 1]
Twc:
[0.99977785, -0.0051964102, 0.0204257, 0.02868012;
 0.0051990561, 0.99998647, -7.6433411e-05, -0.0094329743;
 -0.020425025, 0.00018261079, 0.99979138, 0.00013269315;
 0, 0, 0, 1]
Ow:
[-0.028621994;
 0.0095818564;
 -0.00071919803]
Keyframe: 58 Frame: 285 Frame from vFrameID : 286
Tcw:
[0.99908864, -0.010900659, 0.041268606, -0.028496871;
 0.011702654, 0.99974638, -0.019242108, 0.0098329764;
 -0.041048385, 0.019707523, 0.99896276, 0.00058096932;
 0, 0, 0, 1]
Twc:
[0.99908864, 0.011702654, -0.041048385, 0.028379677;
 -0.010900659, 0.99974638, 0.019707523, -0.010152567;
 0.041268606, -0.019242108, 0.99896276, 0.00078486669;
 0, 0, 0, 1]
Ow:
[-0.028496871;
 0.0098329764;
 0.00058096932]
Keyframe: 59 Frame: 292 Frame from vFrameID : 293
Tcw:
[0.99753654, 0.0018129789, 0.070125222, -0.027850246;
 -0.0024354213, 0.9999584, 0.0087916777, 0.0099539571;
 -0.070106365, -0.0089408047, 0.99749947, 0.0017089099;
 0, 0, 0, 1]
Twc:
[0.99753654, -0.0024354213, -0.070106365, 0.027925685;
 0.0018129789, 0.9999584, -0.0089408047, -0.0098877717;
 0.070125222, 0.0087916777, 0.99749947, 0.00016085611;
 0, 0, 0, 1]
Ow:
[-0.027850246;
 0.0099539571;
 0.0017089099]
Keyframe: 60 Frame: 298 Frame from vFrameID : 299
Tcw:
[0.9996019, 0.015174419, 0.02378596, -0.027360486;
 -0.015244518, 0.99987996, 0.0027685661, 0.010044144;
 -0.023741093, -0.0031300695, 0.99971324, 0.0027750917;
 0, 0, 0, 1]
Twc:
[0.9996019, -0.015244518, -0.023741093, 0.027568595;
 0.015174419, 0.99987996, -0.0031300695, -0.009619073;
 0.02378596, 0.0027685661, 0.99971324, -0.0021513083;
 0, 0, 0, 1]
Ow:
[-0.027360486;
 0.010044144;
 0.0027750917]
Keyframe: 61 Frame: 304 Frame from vFrameID : 305
Tcw:
[0.99962634, 0.027203314, -0.0026831797, -0.026462849;
 -0.027237482, 0.99953586, -0.013647065, 0.0099523738;
 0.0023106888, 0.013715049, 0.99990326, 0.003465174;
 0, 0, 0, 1]
Twc:
[0.99962634, -0.027237482, 0.0023106888, 0.026716029;
 0.027203314, 0.99953586, 0.013715049, -0.0092754019;
 -0.0026831797, -0.013647065, 0.99990326, -0.0034000229;
 0, 0, 0, 1]
Ow:
[-0.026462849;
 0.0099523738;
 0.003465174]
Keyframe: 62 Frame: 309 Frame from vFrameID : 310
Tcw:
[0.99965519, 0.023254059, -0.012197005, -0.026036125;
 -0.023292558, 0.99972409, -0.0030239173, 0.0099431258;
 0.012123321, 0.0033069742, 0.99992102, 0.0041260044;
 0, 0, 0, 1]
Twc:
[0.99965519, -0.023292558, 0.012123321, 0.026208729;
 0.023254059, 0.99972409, 0.0033069742, -0.0093485825;
 -0.012197005, -0.0030239173, 0.99992102, -0.004413174;
 0, 0, 0, 1]
Ow:
[-0.026036125;
 0.0099431258;
 0.0041260044]
Keyframe: 63 Frame: 314 Frame from vFrameID : 315
Tcw:
[0.99971002, 0.016348818, -0.017680299, -0.025880087;
 -0.01636116, 0.99986601, -0.00055363559, 0.010035099;
 0.017668877, 0.00084274518, 0.99984354, 0.0049563181;
 0, 0, 0, 1]
Twc:
[0.99971002, -0.01636116, 0.017668877, 0.025949195;
 0.016348818, 0.99986601, 0.00084274518, -0.0096148225;
 -0.017680299, -0.00055363559, 0.99984354, -0.0054075546;
 0, 0, 0, 1]
Ow:
[-0.025880087;
 0.010035099;
 0.0049563181]
Keyframe: 64 Frame: 319 Frame from vFrameID : 320
Tcw:
[0.99998492, -0.0038031521, -0.0039597936, -0.025605559;
 0.0037479207, 0.99989688, -0.013863272, 0.010349881;
 0.0040121092, 0.013848222, 0.99989605, 0.0059912056;
 0, 0, 0, 1]
Twc:
[0.99998492, 0.0037479207, 0.0040121092, 0.025542347;
 -0.0038031521, 0.99989688, 0.013848222, -0.010529163;
 -0.0039597936, -0.013863272, 0.99989605, -0.0059484923;
 0, 0, 0, 1]
Ow:
[-0.025605559;
 0.010349881;
 0.0059912056]
Keyframe: 65 Frame: 324 Frame from vFrameID : 325
Tcw:
[0.99986708, -0.014823489, 0.0067866291, -0.025810018;
 0.014982413, 0.99959975, -0.023998024, 0.010730555;
 -0.0064281784, 0.024096513, 0.99968898, 0.0064208591;
 0, 0, 0, 1]
Twc:
[0.99986708, 0.014982413, -0.0064281784, 0.025687093;
 -0.014823489, 0.99959975, 0.024096513, -0.011263574;
 0.0067866291, -0.023998024, 0.99968898, -0.0059861867;
 0, 0, 0, 1]
Ow:
[-0.025810018;
 0.010730555;
 0.0064208591]
Keyframe: 66 Frame: 329 Frame from vFrameID : 330
Tcw:
[0.99964297, -0.013382826, 0.0231259, -0.025229169;
 0.013640483, 0.99984622, -0.011019865, 0.010809743;
 -0.022974867, 0.011331379, 0.99967182, 0.0075194016;
 0, 0, 0, 1]
Twc:
[0.99964297, 0.013640483, -0.022974867, 0.025245469;
 -0.013382826, 0.99984622, 0.011331379, -0.011230923;
 0.0231259, -0.011019865, 0.99967182, -0.0068143653;
 0, 0, 0, 1]
Ow:
[-0.025229169;
 0.010809743;
 0.0075194016]
Keyframe: 67 Frame: 334 Frame from vFrameID : 335
Tcw:
[0.99992591, -0.0071897306, 0.0098241912, -0.024719588;
 0.0074944147, 0.99948078, -0.03133709, 0.010934975;
 -0.0095937848, 0.031408396, 0.99946058, 0.0081590721;
 0, 0, 0, 1]
Twc:
[0.99992591, 0.0074944147, -0.0095937848, 0.024714081;
 -0.0071897306, 0.99948078, 0.031408396, -0.011363287;
 0.0098241912, -0.03133709, 0.99946058, -0.0075691505;
 0, 0, 0, 1]
Ow:
[-0.024719588;
 0.010934975;
 0.0081590721]
Keyframe: 68 Frame: 340 Frame from vFrameID : 341
Tcw:
[0.99992096, 0.010992222, -0.0061007719, -0.024240375;
 -0.011194673, 0.9993521, -0.034206975, 0.01085122;
 0.0057208082, 0.034272566, 0.99939615, 0.0093111992;
 0, 0, 0, 1]
Twc:
[0.99992096, -0.011194673, 0.0057208082, 0.024306668;
 0.010992222, 0.9993521, 0.034272566, -0.010896852;
 -0.0061007719, -0.034206975, 0.99939615, -0.0090822745;
 0, 0, 0, 1]
Ow:
[-0.024240375;
 0.01085122;
 0.0093111992]
Keyframe: 69 Frame: 345 Frame from vFrameID : 346
Tcw:
[0.99956208, 0.023296736, -0.018245202, -0.024003956;
 -0.023587404, 0.99959564, -0.015881404, 0.010891131;
 0.017867839, 0.016304806, 0.9997074, 0.010086304;
 0, 0, 0, 1]
Twc:
[0.99956208, -0.023587404, 0.017867839, 0.024070119;
 0.023296736, 0.99959564, 0.016304806, -0.010491967;
 -0.018245202, -0.015881404, 0.9997074, -0.010348342;
 0, 0, 0, 1]
Ow:
[-0.024003956;
 0.010891131;
 0.010086304]
Keyframe: 70 Frame: 350 Frame from vFrameID : 351
Tcw:
[0.99963272, 0.01879942, -0.019518087, -0.02393076;
 -0.019347267, 0.99941307, -0.02826998, 0.010971515;
 0.018975172, 0.028637219, 0.99940974, 0.01082498;
 0, 0, 0, 1]
Twc:
[0.99963272, -0.019347267, 0.018975172, 0.023928834;
 0.01879942, 0.99941307, 0.028637219, -0.010825188;
 -0.019518087, -0.02826998, 0.99940974, -0.010975509;
 0, 0, 0, 1]
Ow:
[-0.02393076;
 0.010971515;
 0.01082498]
Keyframe: 71 Frame: 355 Frame from vFrameID : 356
Tcw:
[0.9999817, -0.0032311343, 0.0051141242, -0.02383909;
 0.0034060047, 0.99939674, -0.034562603, 0.010732988;
 -0.0049993624, 0.034579389, 0.99938947, 0.011070179;
 0, 0, 0, 1]
Twc:
[0.9999817, 0.0034060047, -0.0049993624, 0.023857441;
 -0.0032311343, 0.99939674, 0.034579389, -0.011186341;
 0.0051141242, -0.034562603, 0.99938947, -0.010570544;
 0, 0, 0, 1]
Ow:
[-0.02383909;
 0.010732988;
 0.011070179]
Keyframe: 72 Frame: 360 Frame from vFrameID : 361
Tcw:
[0.99995989, -0.0082711773, -0.0034299167, -0.023779329;
 0.0081275832, 0.99916846, -0.039954904, 0.010848315;
 0.0037575387, 0.039925426, 0.99919558, 0.011544154;
 0, 0, 0, 1]
Twc:
[0.99995989, 0.0081275832, 0.0037575387, 0.023646826;
 -0.0082711773, 0.99916846, 0.039925426, -0.011496882;
 -0.0034299167, -0.039954904, 0.99919558, -0.011182985;
 0, 0, 0, 1]
Ow:
[-0.023779329;
 0.010848315;
 0.011544154]
Keyframe: 73 Frame: 365 Frame from vFrameID : 366
Tcw:
[0.99999982, 0.00012444286, 0.00058546884, -0.023710323;
 -0.00011008549, 0.99970084, -0.024459295, 0.010802945;
 -0.00058833743, 0.024459226, 0.99970067, 0.011922162;
 0, 0, 0, 1]
Twc:
[0.99999982, -0.00011008549, -0.00058833743, 0.023718523;
 0.00012444286, 0.99970084, 0.024459226, -0.011088369;
 0.00058546884, -0.024459295, 0.99970067, -0.011640479;
 0, 0, 0, 1]
Ow:
[-0.023710323;
 0.010802945;
 0.011922162]
Keyframe: 74 Frame: 370 Frame from vFrameID : 371
Tcw:
[0.99993902, 0.0035397077, -0.010461153, -0.023537312;
 -0.0039288159, 0.99929219, -0.037412129, 0.010907276;
 0.010321321, 0.037450947, 0.99924517, 0.012448641;
 0, 0, 0, 1]
Twc:
[0.99993902, -0.0039288159, 0.010321321, 0.023450244;
 0.0035397077, 0.99929219, 0.037450947, -0.011282453;
 -0.010461153, -0.037412129, 0.99924517, -0.012277407;
 0, 0, 0, 1]
Ow:
[-0.023537312;
 0.010907276;
 0.012448641]
Keyframe: 75 Frame: 377 Frame from vFrameID : 378
Tcw:
[0.99993658, 0.011250922, -0.00045414455, -0.023208043;
 -0.011259494, 0.99865746, -0.050561324, 0.010974875;
 -0.00011532669, 0.050563231, 0.99872088, 0.013283479;
 0, 0, 0, 1]
Twc:
[0.99993658, -0.011259494, -0.00011532669, 0.023331674;
 0.011250922, 0.99865746, 0.050563231, -0.011370685;
 -0.00045414455, -0.050561324, 0.99872088, -0.012722122;
 0, 0, 0, 1]
Ow:
[-0.023208043;
 0.010974875;
 0.013283479]
Keyframe: 76 Frame: 384 Frame from vFrameID : 385
Tcw:
[0.99971503, 0.022677336, -0.0074574766, -0.022996437;
 -0.022967182, 0.99887872, -0.041398574, 0.011061019;
 0.0065103052, 0.041558053, 0.99911487, 0.014084862;
 0, 0, 0, 1]
Twc:
[0.99971503, -0.022967182, 0.0065103052, 0.023152227;
 0.022677336, 0.99887872, 0.041558053, -0.011112458;
 -0.0074574766, -0.041398574, 0.99911487, -0.01378598;
 0, 0, 0, 1]
Ow:
[-0.022996437;
 0.011061019;
 0.014084862]
Keyframe: 77 Frame: 390 Frame from vFrameID : 391
Tcw:
[0.99985182, 0.017189069, -0.00094312622, -0.02282282;
 -0.017211193, 0.99927431, -0.033980276, 0.011144567;
 0.00035835247, 0.033991475, 0.99942207, 0.014740979;
 0, 0, 0, 1]
Twc:
[0.99985182, -0.017211193, 0.00035835247, 0.023005966;
 0.017189069, 0.99927431, 0.033991475, -0.011245243;
 -0.00094312622, -0.033980276, 0.99942207, -0.014375289;
 0, 0, 0, 1]
Ow:
[-0.02282282;
 0.011144567;
 0.014740979]
Keyframe: 78 Frame: 396 Frame from vFrameID : 397
Tcw:
[0.99963087, 0.00090897316, 0.027154138, -0.022823719;
 0.00019174878, 0.9991793, -0.040505987, 0.011115848;
 -0.027168671, 0.040496241, 0.99881023, 0.015368943;
 0, 0, 0, 1]
Twc:
[0.99963087, 0.00019174878, -0.027168671, 0.023230717;
 0.00090897316, 0.9991793, 0.040496241, -0.011708364;
 0.027154138, -0.040505987, 0.99881023, -0.014280641;
 0, 0, 0, 1]
Ow:
[-0.022823719;
 0.011115848;
 0.015368943]
Keyframe: 79 Frame: 403 Frame from vFrameID : 404
Tcw:
[0.99875909, -0.0082520638, 0.049113933, -0.022648137;
 0.0098756561, 0.99940962, -0.032907341, 0.011175117;
 -0.04881338, 0.033351537, 0.99825096, 0.015695054;
 0, 0, 0, 1]
Twc:
[0.99875909, 0.0098756561, -0.04881338, 0.0232758;
 -0.0082520638, 0.99940962, 0.033351537, -0.011878868;
 0.049113933, -0.032907341, 0.99825096, -0.014187519;
 0, 0, 0, 1]
Ow:
[-0.022648137;
 0.011175117;
 0.015695054]
Keyframe: 80 Frame: 409 Frame from vFrameID : 410
Tcw:
[0.99990863, -0.0053000865, 0.012436668, -0.022421826;
 0.0060153911, 0.99828672, -0.058201723, 0.011328126;
 -0.012106887, 0.058271214, 0.99822736, 0.016162453;
 0, 0, 0, 1]
Twc:
[0.99990863, 0.0060153911, -0.012106887, 0.02254731;
 -0.0053000865, 0.99828672, 0.058271214, -0.012369362;
 0.012436668, -0.058201723, 0.99822736, -0.015195634;
 0, 0, 0, 1]
Ow:
[-0.022421826;
 0.011328126;
 0.016162453]
Keyframe: 81 Frame: 415 Frame from vFrameID : 416
Tcw:
[0.99930447, 0.021166839, -0.03070068, -0.022289371;
 -0.023081703, 0.99771988, -0.063421197, 0.011333963;
 0.029288253, 0.064085715, 0.99751455, 0.016274663;
 0, 0, 0, 1]
Twc:
[0.99930447, -0.023081703, 0.029288253, 0.02205882;
 0.021166839, 0.99771988, 0.064085715, -0.011879299;
 -0.03070068, -0.063421197, 0.99751455, -0.016199697;
 0, 0, 0, 1]
Ow:
[-0.022289371;
 0.011333963;
 0.016274663]
Keyframe: 82 Frame: 421 Frame from vFrameID : 422
Tcw:
[0.99815738, 0.031677455, -0.051752631, -0.022219865;
 -0.034062188, 0.99836665, -0.045866482, 0.011316936;
 0.05021517, 0.047544777, 0.9976061, 0.016462056;
 0, 0, 0, 1]
Twc:
[0.99815738, -0.034062188, 0.05021517, 0.021737758;
 0.031677455, 0.99836665, 0.047544777, -0.011377267;
 -0.051752631, -0.045866482, 0.9976061, -0.017053515;
 0, 0, 0, 1]
Ow:
[-0.022219865;
 0.011316936;
 0.016462056]
Keyframe: 83 Frame: 427 Frame from vFrameID : 428
Tcw:
[0.99895924, 0.026499284, -0.037124351, -0.022236861;
 -0.028521799, 0.99807596, -0.055053212, 0.01138738;
 0.035594054, 0.056054767, 0.99779302, 0.016721854;
 0, 0, 0, 1]
Twc:
[0.99895924, -0.028521799, 0.035594054, 0.021943308;
 0.026499284, 0.99807596, 0.056054767, -0.011713549;
 -0.037124351, -0.055053212, 0.99779302, -0.016883567;
 0, 0, 0, 1]
Ow:
[-0.022236861;
 0.01138738;
 0.016721854]
Keyframe: 84 Frame: 433 Frame from vFrameID : 434
Tcw:
[0.9998309, 0.018368825, 0.00086121424, -0.022219086;
 -0.018246282, 0.99680603, -0.077748589, 0.01140912;
 -0.0022866137, 0.077719726, 0.99697262, 0.016943425;
 0, 0, 0, 1]
Twc:
[0.9998309, -0.018246282, -0.0022866137, 0.022462245;
 0.018368825, 0.99680603, 0.077719726, -0.012281379;
 0.00086121424, -0.077748589, 0.99697262, -0.015985953;
 0, 0, 0, 1]
Ow:
[-0.022219086;
 0.01140912;
 0.016943425]
Keyframe: 85 Frame: 438 Frame from vFrameID : 439
Tcw:
[0.99969417, 0.011234233, 0.022031482, -0.022224631;
 -0.0095992582, 0.99728858, -0.072961494, 0.011415137;
 -0.022791412, 0.072727695, 0.99709141, 0.017082471;
 0, 0, 0, 1]
Twc:
[0.99969417, -0.0095992582, -0.022791412, 0.022716744;
 0.011234233, 0.99728858, 0.072727695, -0.012376878;
 0.022031482, -0.072961494, 0.99709141, -0.015710277;
 0, 0, 0, 1]
Ow:
[-0.022224631;
 0.011415137;
 0.017082471]
Keyframe: 86 Frame: 443 Frame from vFrameID : 444
Tcw:
[0.99957526, 0.019276349, 0.021857303, -0.022125624;
 -0.017728152, 0.99746335, -0.068939403, 0.011423051;
 -0.023130758, 0.068522632, 0.99738139, 0.017256076;
 0, 0, 0, 1]
Twc:
[0.99957526, -0.017728152, -0.023130758, 0.02271788;
 0.019276349, 0.99746335, 0.068522632, -0.012150005;
 0.021857303, -0.068939403, 0.99738139, -0.015939783;
 0, 0, 0, 1]
Ow:
[-0.022125624;
 0.011423051;
 0.017256076]
Keyframe: 87 Frame: 449 Frame from vFrameID : 450
Tcw:
[0.99920523, 0.038645558, 0.0097663309, -0.021964587;
 -0.037220791, 0.9922747, -0.11834519, 0.011431137;
 -0.014264399, 0.11788763, 0.99292451, 0.01744456;
 0, 0, 0, 1]
Twc:
[0.99920523, -0.037220791, -0.014264399, 0.022621443;
 0.038645558, 0.9922747, 0.11788763, -0.012550492;
 0.0097663309, -0.11834519, 0.99292451, -0.015753798;
 0, 0, 0, 1]
Ow:
[-0.021964587;
