Keyframe: 0 Frame: 0 Frame from vFrameID : 13
Tcw:
[1, 0, 0, 0;
 0, 1, 0, 0;
 0, 0, 1, 0;
 0, 0, 0, 1]
Twc:
[1, 0, 0, 0;
 0, 1, 0, 0;
 0, 0, 1, 0;
 0, 0, 0, 1]
Ow:
[0;
 0;
 0]
Keyframe: 1 Frame: 12 Frame from vFrameID : 13
Tcw:
[0.99807084, -0.054861035, 0.029067244, -0.0048713936;
 0.053903922, 0.99800903, 0.032747328, 0.01067483;
 -0.030805925, -0.031117314, 0.9990409, 0.0043188464;
 0, 0, 0, 1]
Twc:
[0.99807084, 0.053903922, -0.030805925, 0.0044196267;
 -0.054861035, 0.99800903, -0.031117314, -0.010786435;
 0.029067244, 0.032747328, 0.9990409, -0.0045226784;
 0, 0, 0, 1]
Ow:
[-0.0048713936;
 0.01067483;
 0.0043188464]
Keyframe: 2 Frame: 13 Frame from vFrameID : 14
Tcw:
[0.9983058, -0.051719505, 0.026657604, -0.0057536466;
 0.050955005, 0.99829131, 0.028601704, 0.010219281;
 -0.028091319, -0.02719491, 0.99923539, 0.002965484;
 0, 0, 0, 1]
Twc:
[0.9983058, 0.050955005, -0.028091319, 0.0053064795;
 -0.051719505, 0.99829131, -0.02719491, -0.010418748;
 0.026657604, 0.028601704, 0.99923539, -0.0031021268;
 0, 0, 0, 1]
Ow:
[-0.0057536466;
 0.010219281;
 0.002965484]
Keyframe: 3 Frame: 14 Frame from vFrameID : 15
Tcw:
[0.99830568, -0.051674839, 0.026747903, -0.0058129788;
 0.050908525, 0.99829435, 0.028579049, 0.010220117;
 -0.028179096, -0.027168931, 0.9992336, 0.0029578451;
 0, 0, 0, 1]
Twc:
[0.99830568, 0.050908525, -0.028179096, 0.0053661885;
 -0.051674839, 0.99829435, -0.027168931, -0.010422708;
 0.026747903, 0.028579049, 0.9992336, -0.0030921744;
 0, 0, 0, 1]
Ow:
[-0.0058129788;
 0.010220117;
 0.0029578451]
Keyframe: 4 Frame: 15 Frame from vFrameID : 16
Tcw:
[0.99868017, -0.046759218, 0.021248043, -0.0052241697;
 0.046251006, 0.99864602, 0.023811329, 0.010789915;
 -0.022332672, -0.022797158, 0.99949062, 0.0028758377;
 0, 0, 0, 1]
Twc:
[0.99868017, 0.046251006, -0.022332672, 0.004782455;
 -0.046759218, 0.99864602, -0.022797158, -0.010954023;
 0.021248043, 0.023811329, 0.99949062, -0.0030202919;
 0, 0, 0, 1]
Ow:
[-0.0052241697;
 0.010789915;
 0.0028758377]
Keyframe: 5 Frame: 16 Frame from vFrameID : 17
Tcw:
[0.99942577, -0.032096088, 0.010864072, -0.0038609211;
 0.0319115, 0.99935019, 0.016757553, 0.012122492;
 -0.011394864, -0.016401242, 0.99980056, 0.0037788351;
 0, 0, 0, 1]
Twc:
[0.99942577, 0.0319115, -0.011394864, 0.0035149162;
 -0.032096088, 0.99935019, -0.016401242, -0.012176558;
 0.010864072, 0.016757553, 0.99980056, -0.0039392794;
 0, 0, 0, 1]
Ow:
[-0.0038609211;
 0.012122492;
 0.0037788351]
Keyframe: 6 Frame: 17 Frame from vFrameID : 18
Tcw:
[0.99965262, -0.025057545, 0.008171849, -0.003951943;
 0.024919383, 0.99955177, 0.016591934, 0.012248676;
 -0.0085839387, -0.016382532, 0.99982893, 0.003827973;
 0, 0, 0, 1]
Twc:
[0.99965262, 0.024919383, -0.0085839387, 0.0036781998;
 -0.025057545, 0.99955177, -0.016382532, -0.0122795;
 0.008171849, 0.016591934, 0.99982893, -0.003998253;
 0, 0, 0, 1]
Ow:
[-0.003951943;
 0.012248676;
 0.003827973]
Keyframe: 7 Frame: 19 Frame from vFrameID : 20
Tcw:
[0.99978346, -0.02032654, 0.0044601397, -0.0042002774;
 0.02025177, 0.99966341, 0.016213626, 0.012509204;
 -0.0047882055, -0.016119789, 0.99985862, 0.0041209678;
 0, 0, 0, 1]
Twc:
[0.99978346, 0.02025177, -0.0047882055, 0.0039657666;
 -0.02032654, 0.99966341, -0.016119789, -0.012523942;
 0.0044601397, 0.016213626, 0.99985862, -0.004304471;
 0, 0, 0, 1]
Ow:
[-0.0042002774;
 0.012509204;
 0.0041209678]
Keyframe: 8 Frame: 21 Frame from vFrameID : 22
Tcw:
[0.99989009, -0.012143005, -0.0085053798, -0.0043208837;
 0.012253845, 0.99983907, 0.013103288, 0.013319781;
 0.008344898, -0.013206071, 0.99987799, 0.0035533931;
 0, 0, 0, 1]
Twc:
[0.99989009, 0.012253845, 0.008344898, 0.0041275374;
 -0.012143005, 0.99983907, -0.013206071, -0.013323179;
 -0.0085053798, 0.013103288, 0.99987799, -0.0037642431;
 0, 0, 0, 1]
Ow:
[-0.0043208837;
 0.013319781;
 0.0035533931]
Keyframe: 9 Frame: 23 Frame from vFrameID : 24
Tcw:
[0.99986655, -0.0064039049, -0.015027421, -0.0038341535;
 0.0066387542, 0.99985582, 0.015630562, 0.01458371;
 0.014925158, -0.015728239, 0.99976492, 0.0029329131;
 0, 0, 0, 1]
Twc:
[0.99986655, 0.0066387542, 0.014925158, 0.0036930502;
 -0.0064039049, 0.99985582, -0.015728239, -0.01456003;
 -0.015027421, 0.015630562, 0.99976492, -0.0032177926;
 0, 0, 0, 1]
Ow:
[-0.0038341535;
 0.01458371;
 0.0029329131]
Keyframe: 10 Frame: 25 Frame from vFrameID : 26
Tcw:
[0.99985349, -0.002742338, -0.016894354, -0.0050342381;
 0.0030632135, 0.99981487, 0.018996552, 0.014581474;
 0.016839132, -0.019045521, 0.99967682, 0.0029232537;
 0, 0, 0, 1]
Twc:
[0.99985349, 0.0030632135, 0.016839132, 0.0049396092;
 -0.002742338, 0.99981487, -0.019045521, -0.014536905;
 -0.016894354, 0.018996552, 0.99967682, -0.0032843568;
 0, 0, 0, 1]
Ow:
[-0.0050342381;
 0.014581474;
 0.0029232537]
Keyframe: 11 Frame: 27 Frame from vFrameID : 28
Tcw:
[0.99980313, -0.0029552106, -0.019620709, -0.0050476347;
 0.0033007304, 0.99983966, 0.017600976, 0.014635356;
 0.019565549, -0.017662274, 0.99965256, 0.0025382473;
 0, 0, 0, 1]
Twc:
[0.99980313, 0.0033007304, 0.019565549, 0.0049486714;
 -0.0029552106, 0.99983966, -0.017662274, -0.014603095;
 -0.019620709, 0.017600976, 0.99965256, -0.0028939999;
 0, 0, 0, 1]
Ow:
[-0.0050476347;
 0.014635356;
 0.0025382473]
Keyframe: 12 Frame: 29 Frame from vFrameID : 30
Tcw:
[0.99973309, -0.0027826675, -0.022935856, -0.0053827958;
 0.0031883225, 0.99983883, 0.017668949, 0.01615094;
 0.022882992, -0.017737361, 0.9995808, 0.0023158244;
 0, 0, 0, 1]
Twc:
[0.99973309, 0.0031883225, 0.022882992, 0.0052768718;
 -0.0027826675, 0.99983883, -0.017737361, -0.016122239;
 -0.022935856, 0.017668949, 0.9995808, -0.0027236827;
 0, 0, 0, 1]
Ow:
[-0.0053827958;
 0.01615094;
 0.0023158244]
Keyframe: 13 Frame: 31 Frame from vFrameID : 32
Tcw:
[0.99964458, 0.0010497058, -0.026638703, -0.0054156422;
 -0.00048037394, 0.99977154, 0.021369763, 0.01694737;
 0.026655048, -0.02134937, 0.99941671, 0.0028305096;
 0, 0, 0, 1]
Twc:
[0.99964458, -0.00048037394, 0.026655048, 0.0053464109;
 0.0010497058, 0.99977154, -0.02134937, -0.016877383;
 -0.026638703, 0.021369763, 0.99941671, -0.0033352855;
 0, 0, 0, 1]
Ow:
[-0.0054156422;
 0.01694737;
 0.0028305096]
Keyframe: 14 Frame: 34 Frame from vFrameID : 35
Tcw:
[0.99945307, 0.0025986237, -0.032967534, -0.0058645569;
 -0.0017924898, 0.99969923, 0.024458388, 0.017940324;
 0.033021178, -0.024385916, 0.99915713, 0.0029867708;
 0, 0, 0, 1]
Twc:
[0.99945307, -0.0017924898, 0.033021178, 0.00579488;
 0.0025986237, 0.99969923, -0.024385916, -0.017846853;
 -0.032967534, 0.024458388, 0.99915713, -0.0036163847;
 0, 0, 0, 1]
Ow:
[-0.0058645569;
 0.017940324;
 0.0029867708]
Keyframe: 15 Frame: 37 Frame from vFrameID : 38
Tcw:
[0.99935353, 0.0036119916, -0.035769802, -0.0053656385;
 -0.0025043173, 0.99951738, 0.030963274, 0.01927238;
 0.035864376, -0.030853678, 0.99888027, 0.0044353236;
 0, 0, 0, 1]
Twc:
[0.99935353, -0.0025043173, 0.035864376, 0.0052513639;
 0.0036119916, 0.99951738, -0.030853678, -0.019106854;
 -0.035769802, 0.030963274, 0.99888027, -0.0052190213;
 0, 0, 0, 1]
Ow:
[-0.0053656385;
 0.01927238;
 0.0044353236]
Keyframe: 16 Frame: 39 Frame from vFrameID : 40
Tcw:
[0.99933255, 0.0060193622, -0.0360316, -0.0062151952;
 -0.0047792066, 0.9993965, 0.034406263, 0.020445829;
 0.036216959, -0.034211095, 0.9987582, 0.0054987264;
 0, 0, 0, 1]
Twc:
[0.99933255, -0.0047792066, 0.036216959, 0.0061096144;
 0.0060193622, 0.9993965, -0.034211095, -0.02020796;
 -0.0360316, 0.034406263, 0.9987582, -0.0064193062;
 0, 0, 0, 1]
Ow:
[-0.0062151952;
 0.020445829;
 0.0054987264]
Keyframe: 17 Frame: 42 Frame from vFrameID : 43
Tcw:
[0.99893153, 0.01610904, -0.043316085, -0.0081119128;
 -0.014209303, 0.99893868, 0.043813352, 0.016591178;
 0.043975905, -0.043151047, 0.99810022, 0.0083345911;
 0, 0, 0, 1]
Twc:
[0.99893153, -0.014209303, 0.043975905, 0.0079724733;
 0.01610904, 0.99893868, -0.043151047, -0.016083248;
 -0.043316085, 0.043813352, 0.99810022, -0.0093970494;
 0, 0, 0, 1]
Ow:
[-0.0081119128;
 0.016591178;
 0.0083345911]
Keyframe: 18 Frame: 45 Frame from vFrameID : 46
Tcw:
[0.99811465, 0.024477443, -0.056285001, -0.010489928;
 -0.022717932, 0.9992395, 0.031690981, 0.0089135924;
 0.057017911, -0.030352553, 0.99791163, 0.007033811;
 0, 0, 0, 1]
Twc:
[0.99811465, -0.022717932, 0.057017911, 0.010271596;
 0.024477443, 0.9992395, -0.030352553, -0.0084365532;
 -0.056285001, 0.031690981, 0.99791163, -0.0078920284;
 0, 0, 0, 1]
Ow:
[-0.010489928;
 0.0089135924;
 0.007033811]
Keyframe: 19 Frame: 48 Frame from vFrameID : 49
Tcw:
[0.99652517, 0.036676165, -0.074782513, -0.010069962;
 -0.03685483, 0.99932009, -0.0010100757, -0.0061226552;
 0.074694626, 0.0037626626, 0.99719936, -0.00094117416;
 0, 0, 0, 1]
Twc:
[0.99652517, -0.03685483, 0.074694626, 0.0098796217;
 0.036676165, 0.99932009, 0.0037626626, 0.0064913617;
 -0.074782513, -0.0010100757, 0.99719936, 0.00017929688;
 0, 0, 0, 1]
Ow:
[-0.010069962;
 -0.0061226552;
 -0.00094117416]
Keyframe: 20 Frame: 51 Frame from vFrameID : 52
Tcw:
[0.99635667, 0.024321523, -0.081742853, -0.011243432;
 -0.026805434, 0.99920744, -0.029427985, -0.022934772;
 0.08096233, 0.031511921, 0.99621892, -0.0070032873;
 0, 0, 0, 1]
Twc:
[0.99635667, -0.026805434, 0.08096233, 0.011154694;
 0.024321523, 0.99920744, 0.031511921, 0.023410738;
 -0.081742853, -0.029427985, 0.99621892, 0.0053828126;
 0, 0, 0, 1]
Ow:
[-0.011243432;
 -0.022934772;
 -0.0070032873]
Keyframe: 21 Frame: 54 Frame from vFrameID : 55
Tcw:
[0.99797207, 0.0065284069, -0.063317284, -0.013962412;
 -0.010839431, 0.99762756, -0.067983501, -0.032682911;
 0.062723249, 0.06853196, 0.99567521, -0.009845865;
 0, 0, 0, 1]
Twc:
[0.99797207, -0.010839431, 0.062723249, 0.014197398;
 0.0065284069, 0.99762756, 0.06853196, 0.033371281;
 -0.063317284, -0.067983501, 0.99567521, 0.0066973232;
 0, 0, 0, 1]
Ow:
[-0.013962412;
 -0.032682911;
 -0.009845865]
Keyframe: 22 Frame: 57 Frame from vFrameID : 58
Tcw:
[0.99895859, -0.0083960136, -0.044847216, -0.017672244;
 0.0057439576, 0.998245, -0.058940191, -0.037092369;
 0.045263369, 0.058621209, 0.9972536, -0.0069016181;
 0, 0, 0, 1]
Twc:
[0.99895859, 0.0057439576, 0.045263369, 0.018179286;
 -0.0083960136, 0.998245, 0.058621209, 0.037283476;
 -0.044847216, -0.058940191, 0.9972536, 0.0039038814;
 0, 0, 0, 1]
Ow:
[-0.017672244;
 -0.037092369;
 -0.0069016181]
Keyframe: 23 Frame: 60 Frame from vFrameID : 61
Tcw:
[0.99895364, -0.023615504, -0.039166134, -0.023496784;
 0.021643598, 0.99851322, -0.050029024, -0.04034711;
 0.040289361, 0.049128979, 0.99797952, -0.0025608765;
 0, 0, 0, 1]
Twc:
[0.99895364, 0.021643598, 0.040289361, 0.024448628;
 -0.023615504, 0.99851322, 0.049128979, 0.039858051;
 -0.039166134, -0.050029024, 0.99797952, -0.00038310254;
 0, 0, 0, 1]
Ow:
[-0.023496784;
 -0.04034711;
 -0.0025608765]
Keyframe: 24 Frame: 63 Frame from vFrameID : 64
Tcw:
[0.99857956, -0.039848298, -0.035369877, -0.020753777;
 0.038454108, 0.99848884, -0.039259274, -0.044540469;
 0.036880843, 0.037843391, 0.99860287, 0.0048822737;
 0, 0, 0, 1]
Twc:
[0.99857956, 0.038454108, 0.036880843, 0.022256998;
 -0.039848298, 0.99848884, 0.037843391, 0.043461397;
 -0.035369877, -0.039259274, 0.99860287, -0.0073581375;
 0, 0, 0, 1]
Ow:
[-0.020753777;
 -0.044540469;
 0.0048822737]
Keyframe: 25 Frame: 66 Frame from vFrameID : 67
Tcw:
[0.99931085, -0.037118472, -0.00011449191, -0.014525629;
 0.037100714, 0.99891913, -0.028001502, -0.048994243;
 0.0011537411, 0.027977958, 0.99960786, 0.021556433;
 0, 0, 0, 1]
Twc:
[0.99931085, 0.037100714, 0.0011537411, 0.01630847;
 -0.037118472, 0.99891913, 0.027977958, 0.047799017;
 -0.00011449191, -0.028001502, 0.99960786, -0.022921557;
 0, 0, 0, 1]
Ow:
[-0.014525629;
 -0.048994243;
 0.021556433]
Keyframe: 26 Frame: 70 Frame from vFrameID : 71
Tcw:
[0.9988358, -0.045875277, 0.014915057, -0.0033585094;
 0.046223886, 0.99864429, -0.023934763, -0.059301067;
 -0.013796823, 0.02459633, 0.99960226, 0.047321819;
 0, 0, 0, 1]
Twc:
[0.9988358, 0.046223886, -0.013796823, 0.0067486162;
 -0.045875277, 0.99864429, 0.02459633, 0.05790266;
 0.014915057, -0.023934763, 0.99960226, -0.048672263;
 0, 0, 0, 1]
Ow:
[-0.0033585094;
 -0.059301067;
 0.047321819]
Keyframe: 27 Frame: 74 Frame from vFrameID : 75
Tcw:
[0.99888253, -0.04182408, 0.022010619, 0.0065634195;
 0.042651448, 0.99834532, -0.038568314, -0.076785117;
 -0.020361114, 0.039464001, 0.99901354, 0.069717363;
 0, 0, 0, 1]
Twc:
[0.99888253, 0.042651448, -0.020361114, -0.0018615654;
 -0.04182408, 0.99834532, 0.039464001, 0.074181244;
 0.022010619, -0.038568314, 0.99901354, -0.072754525;
 0, 0, 0, 1]
Ow:
[0.0065634195;
 -0.076785117;
 0.069717363]
Keyframe: 28 Frame: 78 Frame from vFrameID : 79
Tcw:
[0.99961621, -0.023157686, 0.01520534, 0.016858865;
 0.024287494, 0.99658763, -0.078887306, -0.10561348;
 -0.013326606, 0.07922633, 0.99676758, 0.099862568;
 0, 0, 0, 1]
Twc:
[0.99961621, 0.024287494, -0.013326606, -0.012956477;
 -0.023157686, 0.99658763, 0.07922633, 0.097731754;
 0.01520534, -0.078887306, 0.99676758, -0.10812768;
 0, 0, 0, 1]
Ow:
[0.016858865;
 -0.10561348;
 0.099862568]
Keyframe: 29 Frame: 82 Frame from vFrameID : 83
Tcw:
[0.99981791, 0.0055746483, -0.01825116, 0.025583705;
 -0.0075179664, 0.99410033, -0.1082034, -0.14105171;
 0.017540289, 0.10832091, 0.99396122, 0.1265365;
 0, 0, 0, 1]
Twc:
[0.99981791, -0.0075179664, 0.017540289, -0.028858954;
 0.0055746483, 0.99410033, 0.10832091, 0.1263704;
 -0.01825116, -0.1082034, 0.99396122, -0.14056772;
 0, 0, 0, 1]
Ow:
[0.025583705;
 -0.14105171;
 0.1265365]
Keyframe: 30 Frame: 85 Frame from vFrameID : 86
Tcw:
[0.99937379, 0.023255587, -0.026667373, 0.026089041;
 -0.025954239, 0.99405134, -0.10577498, -0.16233169;
 0.024048878, 0.10640087, 0.99403244, 0.13397172;
 0, 0, 0, 1]
Twc:
[0.99937379, -0.025954239, 0.024048878, -0.033507772;
 0.023255587, 0.99405134, 0.10640087, 0.14650461;
 -0.026667373, -0.10577498, 0.99403244, -0.14964715;
 0, 0, 0, 1]
Ow:
[0.026089041;
 -0.16233169;
 0.13397172]
Keyframe: 31 Frame: 89 Frame from vFrameID : 90
Tcw:
[0.99883866, 0.023199713, -0.04222621, 0.018954713;
 -0.027408408, 0.99440789, -0.10198878, -0.17876832;
 0.039623965, 0.1030277, 0.99388897, 0.13842066;
 0, 0, 0, 1]
Twc:
[0.99883866, -0.027408408, 0.039623965, -0.02931723;
 0.023199713, 0.99440789, 0.1030277, 0.16306771;
 -0.04222621, -0.10198878, 0.99388897, -0.15500674;
 0, 0, 0, 1]
Ow:
[0.018954713;
 -0.17876832;
 0.13842066]
Keyframe: 32 Frame: 93 Frame from vFrameID : 94
Tcw:
[0.99802899, 0.025773436, -0.057217911, 0.006094466;
 -0.031412363, 0.99449664, -0.09994866, -0.1952305;
 0.054327, 0.10154901, 0.99334604, 0.15295924;
 0, 0, 0, 1]
Twc:
[0.99802899, -0.031412363, 0.054327, -0.020524921;
 0.025773436, 0.99449664, 0.10154901, 0.17846613;
 -0.057217911, -0.09994866, 0.99334604, -0.17110579;
 0, 0, 0, 1]
Ow:
[0.006094466;
 -0.1952305;
 0.15295924]
Keyframe: 33 Frame: 97 Frame from vFrameID : 98
Tcw:
[0.99878621, 0.032140747, -0.037324641, -0.0072177397;
 -0.035575226, 0.99480999, -0.095328666, -0.22309546;
 0.03406699, 0.096540794, 0.99474585, 0.18490717;
 0, 0, 0, 1]
Twc:
[0.99878621, -0.035575226, 0.03406699, -0.0070269224;
 0.032140747, 0.99480999, 0.096540794, 0.20431848;
 -0.037324641, -0.095328666, 0.99474585, -0.20547244;
 0, 0, 0, 1]
Ow:
[-0.0072177397;
 -0.22309546;
 0.18490717]
Keyframe: 34 Frame: 101 Frame from vFrameID : 102
Tcw:
[0.99918878, 0.023987049, -0.032348625, -0.020057626;
 -0.027246026, 0.9941631, -0.10439034, -0.23386183;
 0.029655796, 0.10518702, 0.99401015, 0.20619436;
 0, 0, 0, 1]
Twc:
[0.99918878, -0.027246026, 0.029655796, 0.0075546908;
 0.023987049, 0.9941631, 0.10518702, 0.21128897;
 -0.032348625, -0.10439034, 0.99401015, -0.23002104;
 0, 0, 0, 1]
Ow:
[-0.020057626;
 -0.23386183;
 0.20619436]
Keyframe: 35 Frame: 105 Frame from vFrameID : 106
Tcw:
[0.99996293, 0.0058516823, -0.0063167214, -0.028310766;
 -0.0062605804, 0.99774796, -0.066782169, -0.24660563;
 0.0059117079, 0.066819243, 0.9977476, 0.22930215;
 0, 0, 0, 1]
Twc:
[0.99996293, -0.0062605804, 0.0059117079, 0.025410257;
 0.0058516823, 0.99774796, 0.066819243, 0.23089412;
 -0.0063167214, -0.066782169, 0.9977476, -0.24543336;
 0, 0, 0, 1]
Ow:
[-0.028310766;
 -0.24660563;
 0.22930215]
Keyframe: 36 Frame: 108 Frame from vFrameID : 109
Tcw:
[0.99999917, 0.0011777831, -0.00050303037, -0.030753292;
 -0.0012036866, 0.99848318, -0.055044349, -0.25408509;
 0.00043743706, 0.055044908, 0.99848378, 0.23793924;
 0, 0, 0, 1]
Twc:
[0.99999917, -0.0012036866, 0.00043743706, 0.030343346;
 0.0011777831, 0.99848318, 0.055044908, 0.24063857;
 -0.00050303037, -0.055044349, 0.99848378, -0.25157988;
 0, 0, 0, 1]
Ow:
[-0.030753292;
 -0.25408509;
 0.23793924]
Keyframe: 37 Frame: 112 Frame from vFrameID : 113
Tcw:
[0.99992913, 0.0052064783, 0.010706583, -0.038743794;
 -0.0047651827, 0.99915445, -0.040837545, -0.27204725;
 -0.01091015, 0.040783629, 0.99910843, 0.26111001;
 0, 0, 0, 1]
Twc:
[0.99992913, -0.0047651827, -0.01091015, 0.040293444;
 0.0052064783, 0.99915445, 0.040783629, 0.26136994;
 0.010706583, -0.040837545, 0.99910843, -0.27157214;
 0, 0, 0, 1]
Ow:
[-0.038743794;
 -0.27204725;
 0.26111001]
Keyframe: 38 Frame: 116 Frame from vFrameID : 117
Tcw:
[0.99995869, 0.0069719623, -0.0058318293, -0.039359577;
 -0.0071940841, 0.99921423, -0.038976263, -0.28924131;
 0.0055555059, 0.039016608, 0.99922311, 0.28464988;
 0, 0, 0, 1]
Twc:
[0.99995869, -0.0071940841, 0.0055555059, 0.035695754;
 0.0069719623, 0.99921423, 0.039016608, 0.27818242;
 -0.0058318293, -0.038976263, 0.99922311, -0.29593182;
 0, 0, 0, 1]
Ow:
[-0.039359577;
 -0.28924131;
 0.28464988]
Keyframe: 39 Frame: 120 Frame from vFrameID : 121
Tcw:
[0.99893588, 0.022719502, -0.040136307, -0.036134597;
 -0.024777304, 0.99836355, -0.051539764, -0.30890825;
 0.038899668, 0.05247939, 0.99786407, 0.31432882;
 0, 0, 0, 1]
Twc:
[0.99893588, -0.024777304, 0.038899668, 0.016214946;
 0.022719502, 0.99836355, 0.05247939, 0.29272792;
 -0.040136307, -0.051539764, 0.99786407, -0.33102882;
 0, 0, 0, 1]
Ow:
[-0.036134597;
 -0.30890825;
 0.31432882]
Keyframe: 40 Frame: 124 Frame from vFrameID : 125
Tcw:
[0.99781591, 0.044692628, -0.048640836, -0.02506559;
 -0.048347257, 0.99587733, -0.076752141, -0.33737236;
 0.045010053, 0.07893616, 0.99586302, 0.34732369;
 0, 0, 0, 1]
Twc:
[0.99781591, -0.048347257, 0.045010053, -0.0069332402;
 0.044692628, 0.99587733, 0.07893616, 0.30968532;
 -0.048640836, -0.076752141, 0.99586302, -0.37300009;
 0, 0, 0, 1]
Ow:
[-0.02506559;
 -0.33737236;
 0.34732369]
Keyframe: 41 Frame: 128 Frame from vFrameID : 129
Tcw:
[0.99454302, 0.07673984, -0.070676737, -0.019372053;
 -0.082927354, 0.99255282, -0.089229845, -0.34775242;
 0.063302912, 0.094603948, 0.99350029, 0.37250239;
 0, 0, 0, 1]
Twc:
[0.99454302, -0.082927354, 0.063302912, -0.033152334;
 0.07673984, 0.99255282, 0.094603948, 0.31140906;
 -0.070676737, -0.089229845, 0.99350029, -0.4024803;
 0, 0, 0, 1]
Ow:
[-0.019372053;
 -0.34775242;
 0.37250239]
Keyframe: 42 Frame: 132 Frame from vFrameID : 133
Tcw:
[0.99045163, 0.096540093, -0.098415338, -0.014179867;
 -0.10342898, 0.99234569, -0.06747175, -0.36511642;
 0.091148309, 0.077006504, 0.99285549, 0.39303729;
 0, 0, 0, 1]
Twc:
[0.99045163, -0.10342898, 0.091148309, -0.059543829;
 0.096540093, 0.99234569, 0.077006504, 0.33342421;
 -0.098415338, -0.06747175, 0.99285549, -0.41625977;
 0, 0, 0, 1]
Ow:
[-0.014179867;
 -0.36511642;
 0.39303729]
Keyframe: 43 Frame: 135 Frame from vFrameID : 136
Tcw:
[0.98981625, 0.097530268, -0.10368998, -0.013030332;
 -0.10402392, 0.99281323, -0.059169009, -0.37784773;
 0.097174019, 0.069352686, 0.99284816, 0.40699917;
 0, 0, 0, 1]
Twc:
[0.98981625, -0.10402392, 0.097174019, -0.065957308;
 0.097530268, 0.99281323, 0.069352686, 0.34817657;
 -0.10368998, -0.059169009, 0.99284816, -0.42779633;
 0, 0, 0, 1]
Ow:
[-0.013030332;
 -0.37784773;
 0.40699917]
Keyframe: 44 Frame: 138 Frame from vFrameID : 139
Tcw:
[0.9910956, 0.09718857, -0.091015585, -0.011661693;
 -0.10311766, 0.99268019, -0.062871583, -0.3865118;
 0.084238969, 0.071697064, 0.99386281, 0.42461449;
 0, 0, 0, 1]
Twc:
[0.9910956, -0.10311766, 0.084238969, -0.064067423;
 0.09718857, 0.99268019, 0.071697064, 0.35437235;
 -0.091015585, -0.062871583, 0.99386281, -0.44737056;
 0, 0, 0, 1]
Ow:
[-0.011661693;
 -0.3865118;
 0.42461449]
Keyframe: 45 Frame: 141 Frame from vFrameID : 142
Tcw:
[0.99326873, 0.094875209, -0.066452496, -0.014615137;
 -0.098794639, 0.99339223, -0.058407545, -0.39856777;
 0.060471967, 0.064579539, 0.99607861, 0.44870165;
 0, 0, 0, 1]
Twc:
[0.99326873, -0.098794639, 0.060471967, -0.051993474;
 0.094875209, 0.99339223, 0.064579539, 0.3683438;
 -0.066452496, -0.058407545, 0.99607861, -0.47119272;
 0, 0, 0, 1]
Ow:
[-0.014615137;
 -0.39856777;
 0.44870165]
Keyframe: 46 Frame: 144 Frame from vFrameID : 145
Tcw:
[0.99621707, 0.073931791, -0.0456683, -0.025406275;
 -0.077133238, 0.99435574, -0.072850332, -0.40970078;
 0.040024582, 0.076097287, 0.99629676, 0.47626314;
 0, 0, 0, 1]
Twc:
[0.99621707, -0.077133238, 0.040024582, -0.025353616;
 0.073931791, 0.99435574, 0.076097287, 0.37302431;
 -0.0456683, -0.072850332, 0.99629676, -0.50550652;
 0, 0, 0, 1]
Ow:
[-0.025406275;
 -0.40970078;
 0.47626314]
Keyframe: 47 Frame: 148 Frame from vFrameID : 149
Tcw:
[0.99897814, 0.04419722, -0.0094464328, -0.042443939;
 -0.044869456, 0.99492615, -0.090048216, -0.42459476;
 0.0054186219, 0.090380058, 0.99589258, 0.51183033;
 0, 0, 0, 1]
Twc:
[0.99897814, -0.044869456, 0.0054186219, 0.020575821;
 0.04419722, 0.99492615, 0.090380058, 0.37805706;
 -0.0094464328, -0.090048216, 0.99589258, -0.54836297;
 0, 0, 0, 1]
Ow:
[-0.042443939;
 -0.42459476;
 0.51183033]
Keyframe: 48 Frame: 151 Frame from vFrameID : 152
Tcw:
[0.99956959, 0.028967816, 0.0046308278, -0.056034088;
 -0.028638236, 0.99778783, -0.059994452, -0.43692762;
 -0.0063584922, 0.059836011, 0.99818796, 0.53976601;
 0, 0, 0, 1]
Twc:
[0.99956959, -0.028638236, -0.0063584922, 0.046929237;
 0.028967816, 0.99778783, 0.059836011, 0.40528679;
 0.0046308278, -0.059994452, 0.99818796, -0.56474173;
 0, 0, 0, 1]
Ow:
[-0.056034088;
 -0.43692762;
 0.53976601]
Keyframe: 49 Frame: 155 Frame from vFrameID : 156
Tcw:
[0.99983329, 0.014794598, 0.010701157, -0.062685728;
 -0.014306867, 0.99891579, -0.04430135, -0.45161635;
 -0.011344975, 0.044140864, 0.99896091, 0.55624712;
 0, 0, 0, 1]
Twc:
[0.99983329, -0.014306867, -0.011344975, 0.062524676;
 0.014794598, 0.99891579, 0.044140864, 0.42750084;
 0.010701157, -0.04430135, 0.99896091, -0.57500553;
 0, 0, 0, 1]
Ow:
[-0.062685728;
 -0.45161635;
 0.55624712]
Keyframe: 50 Frame: 158 Frame from vFrameID : 159
Tcw:
[0.99984878, 0.011488126, 0.013055238, -0.065588519;
 -0.011008318, 0.99928218, -0.036248013, -0.46313992;
 -0.013462288, 0.036098816, 0.99925756, 0.57208914;
 0, 0, 0, 1]
Twc:
[0.99984878, -0.011008318, -0.013462288, 0.068181843;
 0.011488126, 0.99928218, 0.036098816, 0.44290924;
 0.013055238, -0.036248013, 0.99925756, -0.587596;
 0, 0, 0, 1]
Ow:
[-0.065588519;
 -0.46313992;
 0.57208914]
Keyframe: 51 Frame: 162 Frame from vFrameID : 163
Tcw:
[0.99993712, 0.010789087, -0.0030492689, -0.066084869;
 -0.010870336, 0.99954826, -0.028019546, -0.48245144;
 0.0027455862, 0.028050931, 0.99960274, 0.60026789;
 0, 0, 0, 1]
Twc:
[0.99993712, -0.010870336, 0.0027455862, 0.059188217;
 0.010789087, 0.99954826, 0.028050931, 0.46610841;
 -0.0030492689, -0.028019546, 0.99960274, -0.61374903;
 0, 0, 0, 1]
Ow:
[-0.066084869;
 -0.48245144;
 0.60026789]
Keyframe: 52 Frame: 166 Frame from vFrameID : 167
Tcw:
[0.99764329, 0.041887134, -0.054344371, -0.057652693;
 -0.044843435, 0.99751329, -0.05437132, -0.50910789;
 0.051931776, 0.056680173, 0.99704087, 0.64841378;
 0, 0, 0, 1]
Twc:
[0.99764329, -0.044843435, 0.051931776, 0.0010133983;
 0.041887134, 0.99751329, 0.056680173, 0.4735046;
 -0.054344371, -0.05437132, 0.99704087, -0.67730898;
 0, 0, 0, 1]
Ow:
[-0.057652693;
 -0.50910789;
 0.64841378]
Keyframe: 53 Frame: 170 Frame from vFrameID : 171
Tcw:
[0.99287254, 0.07444603, -0.09306936, -0.044974253;
 -0.082109034, 0.99329245, -0.081413783, -0.53162342;
 0.086384162, 0.088475347, 0.99232548, 0.68275326;
 0, 0, 0, 1]
Twc:
[0.99287254, -0.082109034, 0.086384162, -0.057976451;
 0.07444603, 0.99329245, 0.088475347, 0.47099885;
 -0.09306936, -0.081413783, 0.99232548, -0.72498065;
 0, 0, 0, 1]
Ow:
[-0.044974253;
 -0.53162342;
 0.68275326]
Keyframe: 54 Frame: 174 Frame from vFrameID : 175
Tcw:
[0.99071074, 0.08611878, -0.10524157, -0.03785703;
 -0.093227543, 0.99354696, -0.064598791, -0.5498448;
 0.098999284, 0.07381013, 0.99234629, 0.7072897;
 0, 0, 0, 1]
Twc:
[0.99071074, -0.093227543, 0.098999284, -0.083776496;
 0.08611878, 0.99354696, 0.07381013, 0.49735177;
 -0.10524157, -0.064598791, 0.99234629, -0.7413798;
 0, 0, 0, 1]
Ow:
[-0.03785703;
 -0.5498448;
 0.7072897]
Keyframe: 55 Frame: 178 Frame from vFrameID : 179
Tcw:
[0.9918552, 0.080712281, -0.098533235, -0.038885102;
 -0.085888244, 0.99507612, -0.049463827, -0.56424159;
 0.094055735, 0.057523802, 0.9939037, 0.72542566;
 0, 0, 0, 1]
Twc:
[0.9918552, -0.085888244, 0.094055735, -0.078123771;
 0.080712281, 0.99507612, 0.057523802, 0.52287263;
 -0.098533235, -0.049463827, 0.9939037, -0.75274426;
 0, 0, 0, 1]
Ow:
[-0.038885102;
 -0.56424159;
 0.72542566]
Keyframe: 56 Frame: 182 Frame from vFrameID : 183
Tcw:
[0.99221998, 0.078812912, -0.096374646, -0.040956337;
 -0.082337953, 0.99605274, -0.033157479, -0.58288938;
 0.093380988, 0.040834803, 0.9947927, 0.75695914;
 0, 0, 0, 1]
Twc:
[0.99221998, -0.082337953, 0.093380988, -0.078041822;
 0.078812912, 0.99605274, 0.040834803, 0.55290622;
 -0.096374646, -0.033157479, 0.9947927, -0.77629173;
 0, 0, 0, 1]
Ow:
[-0.040956337;
 -0.58288938;
 0.75695914]
Keyframe: 57 Frame: 186 Frame from vFrameID : 187
Tcw:
[0.99606192, 0.061220322, -0.06413009, -0.048131701;
 -0.063564397, 0.99735779, -0.035170835, -0.60819924;
 0.061807476, 0.03910872, 0.99732161, 0.80030155;
 0, 0, 0, 1]
Twc:
[0.99606192, -0.063564397, 0.061807476, -0.040182278;
 0.061220322, 0.99735779, 0.03910872, 0.5782401;
 -0.06413009, -0.035170835, 0.99732161, -0.82263559;
 0, 0, 0, 1]
Ow:
[-0.048131701;
 -0.60819924;
 0.80030155]
Keyframe: 58 Frame: 190 Frame from vFrameID : 191
Tcw:
[0.99876493, 0.040441435, -0.028862761, -0.055199444;
 -0.041430499, 0.99854439, -0.034534585, -0.62915009;
 0.027424119, 0.035687733, 0.99898666, 0.83051836;
 0, 0, 0, 1]
Twc:
[0.99876493, -0.041430499, 0.027424119, 0.0062890328;
 0.040441435, 0.99854439, 0.035687733, 0.60082728;
 -0.028862761, -0.034534585, 0.99898666, -0.85299736;
 0, 0, 0, 1]
Ow:
[-0.055199444;
 -0.62915009;
 0.83051836]
Keyframe: 59 Frame: 194 Frame from vFrameID : 195
Tcw:
[0.99961621, 0.025261054, -0.011372675, -0.061757069;
 -0.025528815, 0.99938476, -0.024049226, -0.65516502;
 0.01075817, 0.024330327, 0.99964607, 0.85964721;
 0, 0, 0, 1]
Twc:
[0.99961621, -0.025528815, 0.01075817, 0.03575955;
 0.025261054, 0.99938476, 0.024330327, 0.63540649;
 -0.011372675, -0.024049226, 0.99964607, -0.87580156;
 0, 0, 0, 1]
Ow:
[-0.061757069;
 -0.65516502;
 0.85964721]
Keyframe: 60 Frame: 197 Frame from vFrameID : 198
Tcw:
[0.99977916, 0.020988481, -0.0010403673, -0.063501701;
 -0.021005228, 0.99957508, -0.020209948, -0.67518103;
 0.00061574916, 0.020227339, 0.9997952, 0.88509643;
 0, 0, 0, 1]
Twc:
[0.99977916, -0.021005228, 0.00061574916, 0.048760351;
 0.020988481, 0.99957508, 0.020227339, 0.65832382;
 -0.0010403673, -0.020209948, 0.9997952, -0.89862663;
 0, 0, 0, 1]
Ow:
[-0.063501701;
 -0.67518103;
 0.88509643]
Keyframe: 61 Frame: 201 Frame from vFrameID : 202
Tcw:
[0.99972624, 0.023342313, -0.001594411, -0.068419091;
 -0.023373384, 0.99944997, -0.023526387, -0.70419544;
 0.0010443736, 0.023557214, 0.99972194, 0.92396528;
 0, 0, 0, 1]
Twc:
[0.99972624, -0.023373384, 0.0010443736, 0.050975967;
 0.023342313, 0.99944997, 0.023557214, 0.68363911;
 -0.001594411, -0.023526387, 0.99972194, -0.94038463;
 0, 0, 0, 1]
Ow:
[-0.068419091;
 -0.70419544;
 0.92396528]
Keyframe: 62 Frame: 205 Frame from vFrameID : 206
Tcw:
[0.99817842, 0.053646076, -0.027602883, -0.059410028;
 -0.055093005, 0.9969849, -0.054643631, -0.72764164;
 0.02458824, 0.056064818, 0.9981243, 0.9662292;
 0, 0, 0, 1]
Twc:
[0.99817842, -0.055093005, 0.02458824, -0.0045440285;
 0.053646076, 0.9969849, 0.056064818, 0.67446333;
 -0.027602883, -0.054643631, 0.9981243, -1.0058178;
 0, 0, 0, 1]
Ow:
[-0.059410028;
 -0.72764164;
 0.9662292]
Keyframe: 63 Frame: 209 Frame from vFrameID : 210
Tcw:
[0.99519336, 0.083667532, -0.050891336, -0.059046458;
 -0.084640041, 0.99626207, -0.017260769, -0.75778902;
 0.049256943, 0.021485247, 0.998555, 0.99578947;
 0, 0, 0, 1]
Twc:
[0.99519336, -0.084640041, 0.049256943, -0.054426197;
 0.083667532, 0.99626207, 0.021485247, 0.73850191;
 -0.050891336, -0.017260769, 0.998555, -1.0104356;
 0, 0, 0, 1]
Ow:
[-0.059046458;
 -0.75778902;
 0.99578947]
Keyframe: 64 Frame: 213 Frame from vFrameID : 214
Tcw:
[0.9953655, 0.080118217, -0.053184904, -0.067797013;
 -0.081536472, 0.99635547, -0.025051534, -0.77555847;
 0.050983988, 0.029271942, 0.99827039, 1.0230856;
 0, 0, 0, 1]
Twc:
[0.9953655, -0.081536472, 0.050983988, -0.047914475;
 0.080118217, 0.99635547, 0.029271942, 0.74821603;
 -0.053184904, -0.025051534, 0.99827039, -1.0443507;
 0, 0, 0, 1]
Ow:
[-0.067797013;
 -0.77555847;
 1.0230856]
Keyframe: 65 Frame: 217 Frame from vFrameID : 218
Tcw:
[0.99720174, 0.062957346, -0.040312018, -0.077606529;
 -0.063617595, 0.99785691, -0.015309446, -0.80005354;
 0.039261781, 0.01783116, 0.99906987, 1.0614249;
 0, 0, 0, 1]
Twc:
[0.99720174, -0.063617595, 0.039261781, -0.015181543;
 0.062957346, 0.99785691, 0.01783116, 0.78429836;
 -0.040312018, -0.015309446, 0.99906987, -1.0758144;
 0, 0, 0, 1]
Ow:
[-0.077606529;
 -0.80005354;
 1.0614249]
Keyframe: 66 Frame: 221 Frame from vFrameID : 222
Tcw:
[0.99959993, 0.027650923, -0.0059518591, -0.088561684;
 -0.027787618, 0.99931937, -0.024260839, -0.82457232;
 0.0052769738, 0.024416521, 0.99968797, 1.096562;
 0, 0, 0, 1]
Twc:
[0.99959993, -0.027787618, 0.0052769738, 0.059826817;
 0.027650923, 0.99931937, 0.024416521, 0.79968572;
 -0.0059518591, -0.024260839, 0.99968797, -1.1167517;
 0, 0, 0, 1]
Ow:
[-0.088561684;
 -0.82457232;
 1.096562]
Keyframe: 67 Frame: 225 Frame from vFrameID : 226
Tcw:
[0.99958158, 0.0096004186, 0.027286414, -0.098690085;
 -0.0093948329, 0.99992657, -0.0076525961, -0.84262228;
 -0.02735788, 0.0073930426, 0.99959838, 1.127861;
 0, 0, 0, 1]
Twc:
[0.99958158, -0.0093948329, -0.02735788, 0.12158838;
 0.0096004186, 0.99992657, 0.0073930426, 0.83516961;
 0.027286414, -0.0076525961, 0.99959838, -1.1311634;
 0, 0, 0, 1]
Ow:
[-0.098690085;
 -0.84262228;
 1.127861]
Keyframe: 68 Frame: 229 Frame from vFrameID : 230
Tcw:
[0.99950826, 0.0053686919, 0.030894175, -0.10737132;
 -0.0055069304, 0.9999752, 0.0043912493, -0.87049103;
 -0.030869832, -0.0045592217, 0.99951303, 1.1700161;
 0, 0, 0, 1]
Twc:
[0.99950826, -0.0055069304, -0.030869832, 0.13864298;
 0.0053686919, 0.9999752, -0.0045592217, 0.87638026;
 0.030894175, 0.0043912493, 0.99951303, -1.1623065;
 0, 0, 0, 1]
Ow:
[-0.10737132;
 -0.87049103;
 1.1700161]
Keyframe: 69 Frame: 233 Frame from vFrameID : 234
Tcw:
[0.99905109, 0.040532913, -0.015937801, -0.1067646;
 -0.040679969, 0.99913156, -0.0090134693, -0.89346957;
 0.015558618, 0.0096532656, 0.99983233, 1.205716;
 0, 0, 0, 1]
Twc:
[0.99905109, -0.040679969, 0.015558618, 0.051557697;
 0.040532913, 0.99913156, 0.0096532656, 0.88538206;
 -0.015937801, -0.0090134693, 0.99983233, -1.2152687;
 0, 0, 0, 1]
Ow:
[-0.1067646;
 -0.89346957;
 1.205716]
Keyframe: 70 Frame: 237 Frame from vFrameID : 238
Tcw:
[0.99513924, 0.074516825, -0.064382263, -0.10005269;
 -0.075756423, 0.99698097, -0.017028626, -0.9160369;
 0.062918968, 0.021823226, 0.99778003, 1.2414168;
 0, 0, 0, 1]
Twc:
[0.99513924, -0.075756423, 0.062918968, -0.047937986;
 0.074516825, 0.99698097, 0.021823226, 0.89363527;
 -0.064382263, -0.017028626, 0.99778003, -1.2607013;
 0, 0, 0, 1]
Ow:
[-0.10005269;
 -0.9160369;
 1.2414168]
Keyframe: 71 Frame: 241 Frame from vFrameID : 242
Tcw:
[0.99345124, 0.079793379, -0.081777751, -0.097714894;
 -0.080645591, 0.9967171, -0.0071662455, -0.94050443;
 0.08093746, 0.01371433, 0.99662483, 1.269984;
 0, 0, 0, 1]
Twc:
[0.99345124, -0.080645591, 0.08093746, -0.081561841;
 0.079793379, 0.9967171, 0.01371433, 0.92779684;
 -0.081777751, -0.0071662455, 0.99662483, -1.2804284;
 0, 0, 0, 1]
Ow:
[-0.097714894;
 -0.94050443;
 1.269984]
Keyframe: 72 Frame: 245 Frame from vFrameID : 246
Tcw:
[0.99364561, 0.085101292, -0.073662624, -0.10169671;
 -0.085701279, 0.99630827, -0.005017268, -0.96222931;
 0.0729637, 0.011298368, 0.99727058, 1.304625;
 0, 0, 0, 1]
Twc:
[0.99364561, -0.085701279, 0.0729637, -0.076604076;
 0.085101292, 0.99630827, 0.011298368, 0.95259136;
 -0.073662624, -0.005017268, 0.99727058, -1.3133832;
 0, 0, 0, 1]
Ow:
[-0.10169671;
 -0.96222931;
 1.304625]
Keyframe: 73 Frame: 249 Frame from vFrameID : 250
Tcw:
[0.99543095, 0.071315303, -0.063493274, -0.10943679;
 -0.072218314, 0.99731618, -0.012039633, -0.98282152;
 0.06246426, 0.01657, 0.99790967, 1.3457406;
 0, 0, 0, 1]
Twc:
[0.99543095, -0.072218314, 0.06246426, -0.046101626;
 0.071315303, 0.99731618, 0.01657, 0.96568936;
 -0.063493274, -0.012039633, 0.99790967, -1.3617088;
 0, 0, 0, 1]
Ow:
[-0.10943679;
 -0.98282152;
 1.3457406]
Keyframe: 74 Frame: 252 Frame from vFrameID : 253
Tcw:
[0.99764329, 0.059023894, -0.034985952, -0.11263502;
 -0.060021818, 0.9977988, -0.028193947, -1.0055776;
 0.033244826, 0.030227423, 0.99899006, 1.3827392;
 0, 0, 0, 1]
Twc:
[0.99764329, -0.060021818, 0.033244826, 0.0060440586;
 0.059023894, 0.9977988, 0.030227423, 0.96821558;
 -0.034985952, -0.028193947, 0.99899006, -1.4136344;
 0, 0, 0, 1]
Ow:
[-0.11263502;
 -1.0055776;
 1.3827392]
Keyframe: 75 Frame: 256 Frame from vFrameID : 257
Tcw:
[0.9984749, 0.052747209, -0.016296474, -0.11814213;
 -0.052858725, 0.99858093, -0.0064894445, -1.019232;
 0.015931047, 0.0073409583, 0.99984616, 1.418098;
 0, 0, 0, 1]
Twc:
[0.9984749, -0.052858725, 0.015931047, 0.041494865;
 0.052747209, 0.99858093, 0.0073409583, 1.013607;
 -0.016296474, -0.0064894445, 0.99984616, -1.4264194;
 0, 0, 0, 1]
Ow:
[-0.11814213;
 -1.019232;
 1.418098]
Keyframe: 76 Frame: 260 Frame from vFrameID : 261
Tcw:
[0.99918693, 0.039750069, -0.0067426641, -0.12459073;
 -0.039730601, 0.99920595, 0.0029973667, -1.043308;
 0.0068564555, -0.0027270396, 0.99997276, 1.4534054;
 0, 0, 0, 1]
Twc:
[0.99918693, -0.039730601, 0.0068564555, 0.073072955;
 0.039750069, 0.99920595, -0.0027270396, 1.0513955;
 -0.0067426641, 0.0029973667, 0.99997276, -1.4510788;
 0, 0, 0, 1]
Ow:
[-0.12459073;
 -1.043308;
 1.4534054]
Keyframe: 77 Frame: 264 Frame from vFrameID : 265
Tcw:
[0.9988901, 0.04053314, -0.023992216, -0.12508221;
 -0.040590916, 0.999174, -0.0019257403, -1.0638245;
 0.023894342, 0.0028974689, 0.99971026, 1.4818029;
 0, 0, 0, 1]
Twc:
[0.9988901, -0.040590916, 0.023894342, 0.046355058;
 0.04053314, 0.999174, 0.0028974689, 1.0637224;
 -0.023992216, -0.0019257403, 0.99971026, -1.4864234;
 0, 0, 0, 1]
Ow:
[-0.12508221;
 -1.0638245;
 1.4818029]
Keyframe: 78 Frame: 268 Frame from vFrameID : 269
Tcw:
[0.99401867, 0.076882511, -0.077562936, -0.1186171;
 -0.079690814, 0.99624705, -0.033781324, -1.0957744;
 0.074674651, 0.039760318, 0.99641496, 1.5289366;
 0, 0, 0, 1]
Twc:
[0.99401867, -0.079690814, 0.074674651, -0.083588362;
 0.076882511, 0.99624705, 0.039760318, 1.0399907;
 -0.077562936, -0.033781324, 0.99641496, -1.5696725;
 0, 0, 0, 1]
Ow:
[-0.1186171;
 -1.0957744;
 1.5289366]
Keyframe: 79 Frame: 272 Frame from vFrameID : 273
Tcw:
[0.98995626, 0.10553969, -0.094063789, -0.11800963;
 -0.1074534, 0.99408925, -0.015503136, -1.1141808;
 0.091871604, 0.025454899, 0.99544543, 1.5611666;
 0, 0, 0, 1]
Twc:
[0.98995626, -0.1074534, 0.091871604, -0.14632504;
 0.10553969, 0.99408925, 0.025454899, 1.0803105;
 -0.094063789, -0.015503136, 0.99544543, -1.58243;
 0, 0, 0, 1]
Ow:
[-0.11800963;
 -1.1141808;
 1.5611666]
Keyframe: 80 Frame: 276 Frame from vFrameID : 277
Tcw:
[0.98922217, 0.10119471, -0.10582588, -0.12182896;
 -0.10268622, 0.99467552, -0.0087273754, -1.136175;
 0.10437925, 0.019500174, 0.99434638, 1.5913584;
 0, 0, 0, 1]
Twc:
[0.98922217, -0.10268622, 0.10437925, -0.16225842;
 0.10119471, 0.99467552, 0.019500174, 1.1114222;
 -0.10582588, -0.0087273754, 0.99434638, -1.60517;
 0, 0, 0, 1]
Ow:
[-0.12182896;
 -1.136175;
 1.5913584]
Keyframe: 81 Frame: 280 Frame from vFrameID : 281
Tcw:
[0.98917633, 0.10613282, -0.10132119, -0.12600294;
 -0.1069085, 0.99426633, -0.0022411302, -1.1521763;
 0.10050239, 0.01304897, 0.99485123, 1.6289926;
 0, 0, 0, 1]
Twc:
[0.98917633, -0.1069085, 0.10050239, -0.16225597;
 0.10613282, 0.99426633, 0.01304897, 1.1376865;
 -0.10132119, -0.0022411302, 0.99485123, -1.6359541;
 0, 0, 0, 1]
Ow:
[-0.12600294;
 -1.1521763;
 1.6289926]
Keyframe: 82 Frame: 284 Frame from vFrameID : 285
Tcw:
[0.99281329, 0.087676346, -0.081453033, -0.13744028;
 -0.088321902, 0.99608248, -0.004349608, -1.1759758;
 0.080752581, 0.011512436, 0.99666768, 1.6688167;
 0, 0, 0, 1]
Twc:
[0.99281329, -0.088321902, 0.080752581, -0.10217314;
 0.087676346, 0.99608248, 0.011512436, 1.164207;
 -0.081453033, -0.004349608, 0.99666768, -1.6795657;
 0, 0, 0, 1]
Ow:
[-0.13744028;
 -1.1759758;
 1.6688167]
Keyframe: 83 Frame: 288 Frame from vFrameID : 289
Tcw:
[0.99663222, 0.053449336, -0.062188394, -0.14463562;
 -0.054472025, 0.99840462, -0.014866275, -1.19499;
 0.061294585, 0.018203735, 0.99795371, 1.7006829;
 0, 0, 0, 1]
Twc:
[0.99663222, -0.054472025, 0.061294585, -0.02518768;
 0.053449336, 0.99840462, 0.018203735, 1.1698555;
 -0.062188394, -0.014866275, 0.99795371, -1.7239625;
 0, 0, 0, 1]
Ow:
[-0.14463562;
 -1.19499;
 1.7006829]
Keyframe: 84 Frame: 292 Frame from vFrameID : 293
Tcw:
[0.99920583, 0.036625318, -0.015694445, -0.14769372;
 -0.036390461, 0.99922508, 0.014997603, -1.2244874;
 0.016231576, -0.014414565, 0.99976432, 1.7483842;
 0, 0, 0, 1]
Twc:
[0.99920583, -0.036390461, 0.016231576, 0.074637741;
 0.036625318, 0.99922508, -0.014414565, 1.2541502;
 -0.015694445, 0.014997603, 0.99976432, -1.7319258;
 0, 0, 0, 1]
Ow:
[-0.14769372;
 -1.2244874;
 1.7483842]
Keyframe: 85 Frame: 296 Frame from vFrameID : 297
Tcw:
[0.99890929, 0.042859964, -0.018527748, -0.15282077;
 -0.042740561, 0.99906313, 0.0067934012, -1.2463806;
 0.018801555, -0.0059941052, 0.99980527, 1.7854965;
 0, 0, 0, 1]
Twc:
[0.99890929, -0.042740561, 0.018801555, 0.06581296;
 0.042859964, 0.99906313, -0.0059941052, 1.2624651;
 -0.018527748, 0.0067934012, 0.99980527, -1.779513;
 0, 0, 0, 1]
Ow:
[-0.15282077;
 -1.2463806;
 1.7854965]
Keyframe: 86 Frame: 300 Frame from vFrameID : 301
Tcw:
[0.99669671, 0.060842618, -0.053794615, -0.14807387;
 -0.061345592, 0.99808651, -0.0077470643, -1.2664909;
 0.053220328, 0.011021536, 0.99852198, 1.8219727;
 0, 0, 0, 1]
Twc:
[0.99669671, -0.061345592, 0.053220328, -0.027074877;
 0.060842618, 0.99808651, 0.011021536, 1.2529957;
 -0.053794615, -0.0077470643, 0.99852198, -1.837057;
 0, 0, 0, 1]
Ow:
[-0.14807387;
 -1.2664909;
 1.8219727]
Keyframe: 87 Frame: 304 Frame from vFrameID : 305
Tcw:
[0.99385154, 0.086283013, -0.069385573, -0.14541218;
 -0.085230447, 0.99619871, 0.017995408, -1.287698;
 0.070674516, -0.011971001, 0.99742758, 1.8561462;
 0, 0, 0, 1]
Twc:
[0.99385154, -0.085230447, 0.070674516, -0.096415207;
 0.086283013, 0.99619871, -0.011971001, 1.3175697;
 -0.069385573, 0.017995408, 0.99742758, -1.8382883;
 0, 0, 0, 1]
Ow:
[-0.14541218;
 -1.287698;
 1.8561462]
Keyframe: 88 Frame: 308 Frame from vFrameID : 309
Tcw:
[0.99302298, 0.092026293, -0.073733009, -0.14949809;
 -0.091436706, 0.99574631, 0.011339541, -1.3096827;
 0.074462913, -0.0045185206, 0.99721354, 1.8873949;
 0, 0, 0, 1]
Twc:
[0.99302298, -0.091436706, 0.074462913, -0.11183894;
 0.092026293, 0.99574631, -0.0045185206, 1.3263978;
 -0.073733009, 0.011339541, 0.99721354, -1.8783075;
 0, 0, 0, 1]
Ow:
[-0.14949809;
 -1.3096827;
 1.8873949]
Keyframe: 89 Frame: 312 Frame from vFrameID : 313
Tcw:
[0.99283576, 0.098305441, -0.067920133, -0.15760338;
 -0.097839132, 0.99515033, 0.010166439, -1.3293869;
 0.068590157, -0.0034483583, 0.99763894, 1.9267573;
 0, 0, 0, 1]
Twc:
[0.99283576, -0.097839132, 0.068590157, -0.10574839;
 0.098305441, 0.99515033, -0.0034483583, 1.3450773;
 -0.067920133, 0.010166439, 0.99763894, -1.9193976;
