Keyframe: 0 Frame: 0 Frame from vFrameID : 66
Tcw:
[1, 0, 0, 0;
 0, 1, 0, 0;
 0, 0, 1, 0;
 0, 0, 0, 1]
Twc:
[1, 0, 0, 0;
 0, 1, 0, 0;
 0, 0, 1, 0;
 0, 0, 0, 1]
Ow:
[0;
 0;
 0]
Keyframe: 1 Frame: 65 Frame from vFrameID : 66
Tcw:
[0.99834311, 0.0013199613, 0.057526402, -0.026000446;
 -0.0018653803, 0.99995381, 0.0094285272, -0.075728327;
 -0.0575113, -0.0095202141, 0.99829948, 0.025757007;
 0, 0, 0, 1]
Twc:
[0.99834311, -0.0018653803, -0.0575113, 0.027297424;
 0.0013199613, 0.99995381, -0.0095202141, 0.076004356;
 0.057526402, 0.0094285272, 0.99829948, -0.023503488;
 0, 0, 0, 1]
Ow:
[-0.026000446;
 -0.075728327;
 0.025757007]
Keyframe: 2 Frame: 68 Frame from vFrameID : 69
Tcw:
[0.99828726, 0.0061319275, 0.058180779, -0.025507979;
 -0.0047119996, 0.99968845, -0.024511322, -0.097559437;
 -0.058312953, 0.024195192, 0.99800509, 0.019161794;
 0, 0, 0, 1]
Twc:
[0.99828726, -0.0047119996, -0.058312953, 0.026121972;
 0.0061319275, 0.99968845, 0.024195192, 0.097221829;
 0.058180779, -0.024511322, 0.99800509, -0.020030806;
 0, 0, 0, 1]
Ow:
[-0.025507979;
 -0.097559437;
 0.019161794]
Keyframe: 3 Frame: 70 Frame from vFrameID : 71
Tcw:
[0.99825323, 0.0037931453, 0.058958545, -0.024181705;
 -0.0021736401, 0.99961919, -0.027508443, -0.095223993;
 -0.059040438, 0.027332239, 0.99788135, 0.016106373;
 0, 0, 0, 1]
Twc:
[0.99825323, -0.0021736401, -0.059040438, 0.02488341;
 0.0037931453, 0.99961919, 0.027332239, 0.094839238;
 0.058958545, -0.027508443, 0.99788135, -0.017265994;
 0, 0, 0, 1]
Ow:
[-0.024181705;
 -0.095223993;
 0.016106373]
Keyframe: 4 Frame: 72 Frame from vFrameID : 73
Tcw:
[0.99767292, 0.0093503483, 0.067537896, -0.017211581;
 -0.0093825608, 0.99995595, 0.00015976696, -0.097844385;
 -0.067533433, -0.00079307362, 0.99771672, 0.018277979;
 0, 0, 0, 1]
Twc:
[0.99767292, -0.0093825608, -0.067533433, 0.017487871;
 0.0093503483, 0.99995595, -0.00079307362, 0.09801551;
 0.067537896, 0.00015976696, 0.99771672, -0.017058177;
 0, 0, 0, 1]
Ow:
[-0.017211581;
 -0.097844385;
 0.018277979]
Keyframe: 5 Frame: 74 Frame from vFrameID : 75
Tcw:
[0.99715883, 0.0097341854, 0.074696407, -0.017642466;
 -0.010688758, 0.99986613, 0.012390238, -0.10099561;
 -0.074565798, -0.013153447, 0.99712932, 0.019699587;
 0, 0, 0, 1]
Twc:
[0.99715883, -0.010688758, -0.074565798, 0.017981738;
 0.0097341854, 0.99986613, -0.013153447, 0.10141294;
 0.074696407, 0.012390238, 0.99712932, -0.017073847;
 0, 0, 0, 1]
Ow:
[-0.017642466;
 -0.10099561;
 0.019699587]
Keyframe: 6 Frame: 76 Frame from vFrameID : 77
Tcw:
[0.99704552, 0.0068284157, 0.076508872, -0.018939078;
 -0.0080348849, 0.99984801, 0.015472299, -0.10361758;
 -0.076391593, -0.016041327, 0.99694884, 0.020559698;
 0, 0, 0, 1]
Twc:
[0.99704552, -0.0080348849, -0.076391593, 0.019621156;
 0.0068284157, 0.99984801, -0.016041327, 0.10406096;
 0.076508872, 0.015472299, 0.99694884, -0.017444758;
 0, 0, 0, 1]
Ow:
[-0.018939078;
 -0.10361758;
 0.020559698]
Keyframe: 7 Frame: 78 Frame from vFrameID : 79
Tcw:
[0.99650824, 0.0022461158, 0.083464339, -0.019307673;
 -0.0029992936, 0.99995589, 0.0088996552, -0.10222047;
 -0.083440669, -0.0091189137, 0.99647105, 0.019801829;
 0, 0, 0, 1]
Twc:
[0.99650824, -0.0029992936, -0.083440669, 0.020585943;
 0.0022461158, 0.99995589, -0.0091189137, 0.1024399;
 0.083464339, 0.0088996552, 0.99647105, -0.017210718;
 0, 0, 0, 1]
Ow:
[-0.019307673;
 -0.10222047;
 0.019801829]
Keyframe: 8 Frame: 80 Frame from vFrameID : 81
Tcw:
[0.99657363, 0.0016698131, 0.082693242, -0.021875139;
 -0.0024465935, 0.99995381, 0.0092930784, -0.099252373;
 -0.082673907, -0.0094635533, 0.99653172, 0.019569829;
 0, 0, 0, 1]
Twc:
[0.99657363, -0.0024465935, -0.082673907, 0.023175271;
 0.0016698131, 0.99995381, -0.0094635533, 0.09946952;
 0.082693242, 0.0092930784, 0.99653172, -0.016770668;
 0, 0, 0, 1]
Ow:
[-0.021875139;
 -0.099252373;
 0.019569829]
Keyframe: 9 Frame: 82 Frame from vFrameID : 83
Tcw:
[0.99713147, 0.0042679869, 0.075568981, -0.032028358;
 -0.0056990506, 0.99980831, 0.018731682, -0.096580431;
 -0.075474553, -0.01910862, 0.99696463, 0.021758065;
 0, 0, 0, 1]
Twc:
[0.99713147, -0.0056990506, -0.075474553, 0.033028245;
 0.0042679869, 0.99980831, -0.01910862, 0.097114384;
 0.075568981, 0.018731682, 0.99696463, -0.017462555;
 0, 0, 0, 1]
Ow:
[-0.032028358;
 -0.096580431;
 0.021758065]
Keyframe: 10 Frame: 84 Frame from vFrameID : 85
Tcw:
[0.99873704, 0.016275587, 0.047533944, -0.048235394;
 -0.017534869, 0.99950302, 0.026196532, -0.098339148;
 -0.047083955, -0.026996948, 0.99852604, 0.021798907;
 0, 0, 0, 1]
Twc:
[0.99873704, -0.017534869, -0.047083955, 0.047476489;
 0.016275587, 0.99950302, -0.026996948, 0.099663831;
 0.047533944, 0.026196532, 0.99852604, -0.016897814;
 0, 0, 0, 1]
Ow:
[-0.048235394;
 -0.098339148;
 0.021798907]
Keyframe: 11 Frame: 87 Frame from vFrameID : 88
Tcw:
[0.99959135, 0.021785546, 0.018508412, -0.058451522;
 -0.022227054, 0.99946499, 0.023993436, -0.097476557;
 -0.0179758, -0.024395019, 0.99954075, 0.017878398;
 0, 0, 0, 1]
Twc:
[0.99959135, -0.022227054, -0.0179758, 0.056582395;
 0.021785546, 0.99946499, -0.024395019, 0.099133953;
 0.018508412, 0.023993436, 0.99954075, -0.014449545;
 0, 0, 0, 1]
Ow:
[-0.058451522;
 -0.097476557;
 0.017878398]
Keyframe: 12 Frame: 90 Frame from vFrameID : 91
Tcw:
[0.99923223, 0.035503242, -0.01656867, -0.073209077;
 -0.035051875, 0.9990266, 0.026780833, -0.097960643;
 0.017503349, -0.026179507, 0.99950403, 0.014181672;
 0, 0, 0, 1]
Twc:
[0.99923223, -0.035051875, 0.017503349, 0.069470935;
 0.035503242, 0.9990266, -0.026179507, 0.10083572;
 -0.01656867, 0.026780833, 0.99950403, -0.012764147;
 0, 0, 0, 1]
Ow:
[-0.073209077;
 -0.097960643;
 0.014181672]
Keyframe: 13 Frame: 93 Frame from vFrameID : 94
Tcw:
[0.99765676, 0.047801517, -0.048949428, -0.079940028;
 -0.046670042, 0.99862194, 0.024003536, -0.10255378;
 0.050029378, -0.021662816, 0.9985128, 0.0088108145;
 0, 0, 0, 1]
Twc:
[0.99765676, -0.046670042, 0.050029378, 0.074525721;
 0.047801517, 0.99862194, -0.021662816, 0.10642456;
 -0.048949428, 0.024003536, 0.9985128, -0.010249076;
 0, 0, 0, 1]
Ow:
[-0.079940028;
 -0.10255378;
 0.0088108145]
Keyframe: 14 Frame: 96 Frame from vFrameID : 97
Tcw:
[0.99624956, 0.055983443, -0.065974668, -0.082522459;
 -0.054779373, 0.99829972, 0.019921683, -0.11335177;
 0.066977777, -0.016232917, 0.99762243, 0.0031183905;
 0, 0, 0, 1]
Twc:
[0.99624956, -0.054779373, 0.066977777, 0.075794756;
 0.055983443, 0.99829972, -0.016232917, 0.11782956;
 -0.065974668, 0.019921683, 0.99762243, -0.0062972093;
 0, 0, 0, 1]
Ow:
[-0.082522459;
 -0.11335177;
 0.0031183905]
Keyframe: 15 Frame: 99 Frame from vFrameID : 100
Tcw:
[0.99664652, 0.056030087, -0.059634957, -0.074524432;
 -0.055736307, 0.99842381, 0.006579678, -0.12933545;
 0.059909623, -0.0032337811, 0.99819857, -0.0031493637;
 0, 0, 0, 1]
Twc:
[0.99664652, -0.055736307, 0.059909623, 0.067254506;
 0.056030087, 0.99842381, -0.0032337811, 0.13329704;
 -0.059634957, 0.006579678, 0.99819857, -0.00044958486;
 0, 0, 0, 1]
Ow:
[-0.074524432;
 -0.12933545;
 -0.0031493637]
Keyframe: 16 Frame: 102 Frame from vFrameID : 103
Tcw:
[0.99744439, 0.054217227, -0.046531398, -0.068466611;
 -0.054588065, 0.99848622, -0.0067353337, -0.12953083;
 0.046095788, 0.0092581799, 0.9988941, -0.0057526836;
 0, 0, 0, 1]
Twc:
[0.99744439, -0.054588065, 0.046095788, 0.061485972;
 0.054217227, 0.99848622, 0.0092581799, 0.13310008;
 -0.046531398, -0.0067353337, 0.9988941, 0.0016880415;
 0, 0, 0, 1]
Ow:
[-0.068466611;
 -0.12953083;
 -0.0057526836]
Keyframe: 17 Frame: 105 Frame from vFrameID : 106
Tcw:
[0.99873483, 0.04559046, -0.021219097, -0.058384817;
 -0.045741547, 0.99893093, -0.0066898842, -0.12237751;
 0.020891417, 0.0076520145, 0.99975246, -0.0027491311;
 0, 0, 0, 1]
Twc:
[0.99873483, -0.045741547, 0.020891417, 0.052770648;
 0.04559046, 0.99893093, 0.0076520145, 0.1249295;
 -0.021219097, -0.0066898842, 0.99975246, 0.00069088617;
 0, 0, 0, 1]
Ow:
[-0.058384817;
 -0.12237751;
 -0.0027491311]
Keyframe: 18 Frame: 108 Frame from vFrameID : 109
Tcw:
[0.99941498, 0.03256584, 0.010450708, -0.050083309;
 -0.032586824, 0.99946719, 0.0018442433, -0.11472574;
 -0.01038508, -0.0021837198, 0.99994367, 0.0054405625;
 0, 0, 0, 1]
Twc:
[0.99941498, -0.032586824, -0.01038508, 0.046371959;
 0.03256584, 0.99946719, -0.0021837198, 0.1163075;
 0.010450708, 0.0018442433, 0.99994367, -0.004705268;
 0, 0, 0, 1]
Ow:
[-0.050083309;
 -0.11472574;
 0.0054405625]
Keyframe: 19 Frame: 111 Frame from vFrameID : 112
Tcw:
[0.99929208, 0.024609506, 0.028455723, -0.042597439;
 -0.024846748, 0.99965912, 0.0080138743, -0.11108211;
 -0.028248806, -0.0087152328, 0.99956292, 0.010206508;
 0, 0, 0, 1]
Twc:
[0.99929208, -0.024846748, -0.028248806, 0.040095575;
 0.024609506, 0.99965912, -0.0087152328, 0.11218151;
 0.028455723, 0.0080138743, 0.99956292, -0.0080997078;
 0, 0, 0, 1]
Ow:
[-0.042597439;
 -0.11108211;
 0.010206508]
Keyframe: 20 Frame: 115 Frame from vFrameID : 116
Tcw:
[0.99711061, 0.0044347015, 0.07583376, -0.030459927;
 -0.0056766965, 0.99985313, 0.016170165, -0.098350257;
 -0.07575091, -0.016553927, 0.99698937, 0.025017582;
 0, 0, 0, 1]
Twc:
[0.99711061, -0.0056766965, -0.07575091, 0.031708717;
 0.0044347015, 0.99985313, -0.016553927, 0.09888503;
 0.07583376, 0.016170165, 0.99698937, -0.021042032;
 0, 0, 0, 1]
Ow:
[-0.030459927;
 -0.098350257;
 0.025017582]
Keyframe: 21 Frame: 119 Frame from vFrameID : 120
Tcw:
[0.99617475, -0.017534757, 0.085606359, -0.034580987;
 0.016173681, 0.99973196, 0.016567031, -0.10434161;
 -0.085873909, -0.015119088, 0.99619126, 0.038808756;
 0, 0, 0, 1]
Twc:
[0.99617475, 0.016173681, -0.085873909, 0.039468952;
 -0.017534757, 0.99973196, -0.015119088, 0.10429402;
 0.085606359, 0.016567031, 0.99619126, -0.033971962;
 0, 0, 0, 1]
Ow:
[-0.034580987;
 -0.10434161;
 0.038808756]
Keyframe: 22 Frame: 122 Frame from vFrameID : 123
Tcw:
[0.99592513, -0.021151638, 0.087668628, -0.029498303;
 0.020750282, 0.99976963, 0.0054869829, -0.11001569;
 -0.087764494, -0.003645475, 0.99613458, 0.042124718;
 0, 0, 0, 1]
Twc:
[0.99592513, 0.020750282, -0.087764494, 0.035358012;
 -0.021151638, 0.99976963, -0.003645475, 0.10951997;
 0.087668628, 0.0054869829, 0.99613458, -0.038772158;
 0, 0, 0, 1]
Ow:
[-0.029498303;
 -0.11001569;
 0.042124718]
Keyframe: 23 Frame: 126 Frame from vFrameID : 127
Tcw:
[0.99343616, -0.019950291, 0.11263471, -0.014333138;
 0.020074563, 0.99979848, 3.0853218e-05, -0.11224062;
 -0.11261263, 0.0022304419, 0.99363649, 0.052709345;
 0, 0, 0, 1]
Twc:
[0.99343616, 0.020074563, -0.11261263, 0.022427978;
 -0.019950291, 0.99979848, 0.0022304419, 0.11181448;
 0.11263471, 3.0853218e-05, 0.99363649, -0.050756052;
 0, 0, 0, 1]
Ow:
[-0.014333138;
 -0.11224062;
 0.052709345]
Keyframe: 24 Frame: 130 Frame from vFrameID : 131
Tcw:
[0.99074888, -0.027023546, 0.13298999, -0.0038852561;
 0.025090097, 0.99955404, 0.016193021, -0.1379651;
 -0.13336827, -0.012706486, 0.9909851, 0.082853459;
 0, 0, 0, 1]
Twc:
[0.99074888, 0.025090097, -0.13336827, 0.018360894;
 -0.027023546, 0.99955404, -0.012706486, 0.13885137;
 0.13298999, 0.016193021, 0.9909851, -0.079355769;
 0, 0, 0, 1]
Ow:
[-0.0038852561;
 -0.1379651;
 0.082853459]
Keyframe: 25 Frame: 133 Frame from vFrameID : 134
Tcw:
[0.99033177, -0.028223064, 0.13581751, -0.0027377633;
 0.027788015, 0.99960083, 0.0050983308, -0.15360263;
 -0.13590719, -0.0012749397, 0.99072075, 0.097888276;
 0, 0, 0, 1]
Twc:
[0.99033177, 0.027788015, -0.13590719, 0.020283327;
 -0.028223064, 0.99960083, -0.0012749397, 0.15358885;
 0.13581751, 0.0050983308, 0.99072075, -0.095824994;
 0, 0, 0, 1]
Ow:
[-0.0027377633;
 -0.15360263;
 0.097888276]
Keyframe: 26 Frame: 136 Frame from vFrameID : 137
Tcw:
[0.99214315, -0.029265158, 0.12163671, 0.0097615272;
 0.030514583, 0.99949884, -0.0084213279, -0.17895871;
 -0.1213293, 0.012066857, 0.99253899, 0.12450729;
 0, 0, 0, 1]
Twc:
[0.99214315, 0.030514583, -0.1213293, 0.010882401;
 -0.029265158, 0.99949884, 0.012066857, 0.17765228;
 0.12163671, -0.0084213279, 0.99253899, -0.12627277;
 0, 0, 0, 1]
Ow:
[0.0097615272;
 -0.17895871;
 0.12450729]
Keyframe: 27 Frame: 140 Frame from vFrameID : 141
Tcw:
[0.99368256, -0.02726162, 0.10886575, 0.033135124;
 0.033610675, 0.99781299, -0.05691728, -0.22528137;
 -0.107076, 0.060216758, 0.99242562, 0.16569746;
 0, 0, 0, 1]
Twc:
[0.99368256, 0.033610675, -0.107076, -0.007611712;
 -0.02726162, 0.99781299, 0.060216758, 0.21571423;
 0.10886575, -0.05691728, 0.99242562, -0.1808721;
 0, 0, 0, 1]
Ow:
[0.033135124;
 -0.22528137;
 0.16569746]
Keyframe: 28 Frame: 144 Frame from vFrameID : 145
Tcw:
[0.99666685, -0.00057224557, 0.081577621, 0.064995289;
 0.0070955642, 0.99679387, -0.079697132, -0.23191467;
 -0.081270464, 0.080010332, 0.99347544, 0.18764116;
 0, 0, 0, 1]
Twc:
[0.99666685, 0.0070955642, -0.081270464, -0.047883399;
 -0.00057224557, 0.99679387, 0.080010332, 0.21619509;
 0.081577621, -0.079697132, 0.99347544, -0.21020198;
 0, 0, 0, 1]
Ow:
[0.064995289;
 -0.23191467;
 0.18764116]
Keyframe: 29 Frame: 149 Frame from vFrameID : 150
Tcw:
[0.99728203, 0.013493678, 0.072432525, 0.065834463;
 -0.011241773, 0.99944341, -0.031407848, -0.25269458;
 -0.072816014, 0.030508213, 0.99687868, 0.23242961;
 0, 0, 0, 1]
Twc:
[0.99728203, -0.011241773, -0.072816014, -0.051571663;
 0.013493678, 0.99944341, 0.030508213, 0.24457458;
 0.072432525, -0.031407848, 0.99687868, -0.24440926;
 0, 0, 0, 1]
Ow:
[0.065834463;
 -0.25269458;
 0.23242961]
Keyframe: 30 Frame: 154 Frame from vFrameID : 155
Tcw:
[0.99857241, 0.0094895, 0.052565474, 0.064973734;
 -0.0093302084, 0.99995112, -0.003274905, -0.27555853;
 -0.052593984, 0.002779783, 0.99861211, 0.27197161;
 0, 0, 0, 1]
Twc:
[0.99857241, -0.0093302084, -0.052593984, -0.053147923;
 0.0094895, 0.99995112, 0.002779783, 0.27417248;
 0.052565474, -0.003274905, 0.99861211, -0.27591196;
 0, 0, 0, 1]
Ow:
[0.064973734;
 -0.27555853;
 0.27197161]
Keyframe: 31 Frame: 158 Frame from vFrameID : 159
Tcw:
[0.99799544, 0.023477526, 0.058770299, 0.065384246;
 -0.024893131, 0.9994145, 0.023471884, -0.30508411;
 -0.058184829, -0.024887811, 0.99799556, 0.3198711;
 0, 0, 0, 1]
Twc:
[0.99799544, -0.024893131, -0.058184829, -0.054236025;
 0.023477526, 0.9994145, -0.024887811, 0.31133133;
 0.058770299, 0.023471884, 0.99799556, -0.31591171;
 0, 0, 0, 1]
Ow:
[0.065384246;
 -0.30508411;
 0.3198711]
Keyframe: 32 Frame: 162 Frame from vFrameID : 163
Tcw:
[0.9969905, 0.021378782, 0.074518077, 0.05190463;
 -0.023588382, 0.999304, 0.028898912, -0.34776828;
 -0.073848389, -0.030569701, 0.99680084, 0.37142438;
 0, 0, 0, 1]
Twc:
[0.9969905, -0.023588382, -0.073848389, -0.032522622;
 0.021378782, 0.999304, -0.030569701, 0.35777089;
 0.074518077, 0.028898912, 0.99680084, -0.36405385;
 0, 0, 0, 1]
Ow:
[0.05190463;
 -0.34776828;
 0.37142438]
Keyframe: 33 Frame: 168 Frame from vFrameID : 169
Tcw:
[0.99517077, 0.0087099941, 0.097771443, 0.044343285;
 -0.01371053, 0.9986254, 0.050590415, -0.40176487;
 -0.0971964, -0.0516866, 0.99392223, 0.43001238;
 0, 0, 0, 1]
Twc:
[0.99517077, -0.01371053, -0.0971964, -0.0078418953;
 0.0087099941, 0.9986254, -0.0516866, 0.42305222;
 0.097771443, 0.050590415, 0.99392223, -0.4114089;
 0, 0, 0, 1]
Ow:
[0.044343285;
 -0.40176487;
 0.43001238]
Keyframe: 34 Frame: 173 Frame from vFrameID : 174
Tcw:
[0.99372548, 0.018336507, 0.11033323, 0.05278768;
 -0.025911033, 0.99737501, 0.067614079, -0.44361171;
 -0.1088038, -0.070048682, 0.99159211, 0.48579711;
 0, 0, 0, 1]
Twc:
[0.99372548, -0.025911033, -0.1088038, -0.01109433;
 0.018336507, 0.99737501, -0.070048682, 0.47550875;
 0.11033323, 0.067614079, 0.99159211, -0.45754242;
 0, 0, 0, 1]
Ow:
[0.05278768;
 -0.44361171;
 0.48579711]
Keyframe: 35 Frame: 178 Frame from vFrameID : 179
Tcw:
[0.99780333, 0.046465527, 0.047217224, 0.070991129;
 -0.04823526, 0.99814826, 0.037058856, -0.49418348;
 -0.045407832, -0.039254982, 0.99819696, 0.54669017;
 0, 0, 0, 1]
Twc:
[0.99780333, -0.04823526, -0.045407832, -0.069848239;
 0.046465527, 0.99814826, -0.039254982, 0.51143008;
 0.047217224, 0.037058856, 0.99819696, -0.53074259;
 0, 0, 0, 1]
Ow:
[0.070991129;
 -0.49418348;
 0.54669017]
Keyframe: 36 Frame: 185 Frame from vFrameID : 186
Tcw:
[0.99458694, 0.10324349, -0.01173208, 0.086062804;
 -0.10268746, 0.99387395, 0.040863432, -0.54492402;
 0.015879093, -0.039437495, 0.99909586, 0.62558585;
 0, 0, 0, 1]
Twc:
[0.99458694, -0.10268746, 0.015879093, -0.15148754;
 0.10324349, 0.99387395, -0.039437495, 0.55737197;
 -0.01173208, 0.040863432, 0.99909586, -0.6017431;
 0, 0, 0, 1]
Ow:
[0.086062804;
 -0.54492402;
 0.62558585]
Keyframe: 37 Frame: 191 Frame from vFrameID : 192
Tcw:
[0.99556077, 0.09398251, 0.0051057921, 0.089427784;
 -0.09411981, 0.9943651, 0.048780322, -0.57877135;
 -0.00049252412, -0.049044333, 0.99879646, 0.71443003;
 0, 0, 0, 1]
Twc:
[0.99556077, -0.09411981, -0.00049252412, -0.14315277;
 0.09398251, 0.9943651, -0.049044333, 0.60214418;
 0.0051057921, 0.048780322, 0.99879646, -0.68579417;
 0, 0, 0, 1]
Ow:
[0.089427784;
 -0.57877135;
 0.71443003]
Keyframe: 38 Frame: 197 Frame from vFrameID : 198
Tcw:
[0.99750501, 0.055999704, 0.042985663, 0.074408576;
 -0.058264453, 0.99687314, 0.053377822, -0.61469871;
 -0.039862111, -0.055749182, 0.99764878, 0.79553974;
 0, 0, 0, 1]
Twc:
[0.99750501, -0.058264453, -0.039862111, -0.078326114;
 0.055999704, 0.99687314, -0.055749182, 0.65296042;
 0.042985663, 0.053377822, 0.99764878, -0.76405644;
 0, 0, 0, 1]
Ow:
[0.074408576;
 -0.61469871;
 0.79553974]
Keyframe: 39 Frame: 203 Frame from vFrameID : 204
Tcw:
[0.99491572, 0.032583147, 0.095294319, 0.085045308;
 -0.038498141, 0.99740082, 0.060905498, -0.65433919;
 -0.09306214, -0.064264491, 0.99358416, 0.86477965;
 0, 0, 0, 1]
Twc:
[0.99491572, -0.038498141, -0.09306214, -0.029325509;
 0.032583147, 0.99740082, -0.064264491, 0.70544201;
 0.095294319, 0.060905498, 0.99358416, -0.82748288;
 0, 0, 0, 1]
Ow:
[0.085045308;
 -0.65433919;
 0.86477965]
Keyframe: 40 Frame: 210 Frame from vFrameID : 211
Tcw:
[0.99288994, 0.0080695366, 0.11876225, 0.087911159;
 -0.016132783, 0.99761647, 0.067090139, -0.69575715;
 -0.11793779, -0.068529084, 0.99065351, 0.96458912;
 0, 0, 0, 1]
Twc:
[0.99288994, -0.016132783, -0.11793779, 0.015250907;
 0.0080695366, 0.99761647, -0.068529084, 0.7594918;
 0.11876225, 0.067090139, 0.99065351, -0.91933572;
 0, 0, 0, 1]
Ow:
[0.087911159;
 -0.69575715;
 0.96458912]
Keyframe: 41 Frame: 216 Frame from vFrameID : 217
Tcw:
[0.99714208, 0.04718738, 0.059000466, 0.11549425;
 -0.050005175, 0.99763155, 0.047230899, -0.74120057;
 -0.056632023, -0.050046246, 0.99713999, 1.0503329;
 0, 0, 0, 1]
Twc:
[0.99714208, -0.050005175, -0.056632023, -0.092745557;
 0.04718738, 0.99763155, -0.050046246, 0.78656042;
 0.059000466, 0.047230899, 0.99713999, -1.0191357;
 0, 0, 0, 1]
Ow:
[0.11549425;
 -0.74120057;
 1.0503329]
Keyframe: 42 Frame: 222 Frame from vFrameID : 223
Tcw:
[0.99817657, 0.054863207, 0.025169833, 0.13589948;
 -0.055876974, 0.99757409, 0.041516926, -0.77746689;
 -0.022831023, -0.042847637, 0.99882072, 1.1069118;
 0, 0, 0, 1]
Twc:
[0.99817657, -0.055876974, -0.022831023, -0.15382226;
 0.054863207, 0.99757409, -0.042847637, 0.81555355;
 0.025169833, 0.041516926, 0.99882072, -1.076749;
 0, 0, 0, 1]
Ow:
[0.13589948;
 -0.77746689;
 1.1069118]
Keyframe: 43 Frame: 227 Frame from vFrameID : 228
Tcw:
[0.99717432, 0.068373986, 0.031118535, 0.14061904;
 -0.07030195, 0.99535459, 0.065778837, -0.79614884;
 -0.026476415, -0.067780659, 0.9973489, 1.1597462;
 0, 0, 0, 1]
Twc:
[0.99717432, -0.07030195, -0.026476415, -0.16548659;
 0.068373986, 0.99535459, -0.067780659, 0.86144406;
 0.031118535, 0.065778837, 0.9973489, -1.1086776;
 0, 0, 0, 1]
Ow:
[0.14061904;
 -0.79614884;
 1.1597462]
Keyframe: 44 Frame: 231 Frame from vFrameID : 232
Tcw:
[0.99646711, 0.068949141, 0.047951151, 0.13643739;
 -0.072863579, 0.99368334, 0.085348308, -0.81144619;
 -0.041763566, -0.088540673, 0.99519664, 1.2164825;
 0, 0, 0, 1]
Twc:
[0.99646711, -0.072863579, -0.041763566, -0.14427561;
 0.068949141, 0.99368334, -0.088540673, 0.90462148;
 0.047951151, 0.085348308, 0.99519664, -1.1479261;
 0, 0, 0, 1]
Ow:
[0.13643739;
 -0.81144619;
 1.2164825]
Keyframe: 45 Frame: 236 Frame from vFrameID : 237
Tcw:
[0.99493682, 0.030428674, 0.095784962, 0.12094992;
 -0.037453484, 0.99667096, 0.072417192, -0.85389167;
 -0.093262531, -0.075638011, 0.99276429, 1.2961503;
 0, 0, 0, 1]
Twc:
[0.99493682, -0.037453484, -0.093262531, -0.031436488;
 0.030428674, 0.99667096, -0.075638011, 0.94540691;
 0.095784962, 0.072417192, 0.99276429, -1.2365206;
 0, 0, 0, 1]
Ow:
[0.12094992;
 -0.85389167;
 1.2961503]
Keyframe: 46 Frame: 240 Frame from vFrameID : 241
Tcw:
[0.99056697, -0.0027722477, 0.13700128, 0.11258056;
 -0.0019092831, 0.99941903, 0.034028225, -0.88079989;
 -0.13701601, -0.03396881, 0.98998624, 1.3394439;
 0, 0, 0, 1]
Twc:
[0.99056697, -0.0019092831, -0.13701601, 0.070325002;
 -0.0027722477, 0.99941903, -0.03396881, 0.92609966;
 0.13700128, 0.034028225, 0.98998624, -1.3114827;
 0, 0, 0, 1]
Ow:
[0.11258056;
 -0.88079989;
 1.3394439]
Keyframe: 47 Frame: 244 Frame from vFrameID : 245
Tcw:
[0.98560816, -0.011755648, 0.16863663, 0.11234028;
 0.0021337492, 0.99836475, 0.057125095, -0.89111274;
 -0.16903241, -0.055943135, 0.98402154, 1.3779278;
 0, 0, 0, 1]
Twc:
[0.98560816, 0.0021337492, -0.16903241, 0.12409238;
 -0.011755648, 0.99836475, -0.055943135, 0.9680618;
 0.16863663, 0.057125095, 0.98402154, -1.3239504;
 0, 0, 0, 1]
Ow:
[0.11234028;
 -0.89111274;
 1.3779278]
Keyframe: 48 Frame: 247 Frame from vFrameID : 248
Tcw:
[0.98277962, -0.016774388, 0.18401858, 0.11323436;
 0.0011942072, 0.99642682, 0.084452383, -0.90035719;
 -0.18477768, -0.08277832, 0.97928798, 1.4123005;
 0, 0, 0, 1]
Twc:
[0.98277962, 0.0011942072, -0.18477768, 0.15075241;
 -0.016774388, 0.99642682, -0.08277832, 1.0159473;
 0.18401858, 0.084452383, 0.97928798, -1.3278488;
 0, 0, 0, 1]
Ow:
[0.11323436;
 -0.90035719;
 1.4123005]
Keyframe: 49 Frame: 250 Frame from vFrameID : 251
Tcw:
[0.98348665, -0.017166058, 0.18016474, 0.11784783;
 -0.0012641996, 0.99481565, 0.10168686, -0.90987766;
 -0.18097627, -0.10023543, 0.9783662, 1.4493862;
 0, 0, 0, 1]
Twc:
[0.98348665, -0.0012641996, -0.18097627, 0.14525248;
 -0.017166058, 0.99481565, -0.10023543, 1.0524633;
 0.18016474, 0.10168686, 0.9783662, -1.34674;
 0, 0, 0, 1]
Ow:
[0.11784783;
 -0.90987766;
 1.4493862]
Keyframe: 50 Frame: 253 Frame from vFrameID : 254
Tcw:
[0.98536175, -0.0088265175, 0.17024767, 0.12153853;
 -0.010749768, 0.99345428, 0.11372344, -0.92176449;
 -0.17013706, -0.11388886, 0.97881699, 1.4774463;
 0, 0, 0, 1]
Twc:
[0.98536175, -0.010749768, -0.17013706, 0.1217002;
 -0.0088265175, 0.99345428, -0.11388886, 1.0850683;
 0.17024767, 0.11372344, 0.97881699, -1.362015;
 0, 0, 0, 1]
Ow:
[0.12153853;
 -0.92176449;
 1.4774463]
Keyframe: 51 Frame: 257 Frame from vFrameID : 258
Tcw:
[0.99419433, 0.018116727, 0.10606349, 0.13315247;
 -0.029215675, 0.99414331, 0.10404555, -0.96170729;
 -0.10355735, -0.1065402, 0.98890096, 1.5381925;
 0, 0, 0, 1]
Twc:
[0.99419433, -0.029215675, -0.10355735, -0.0011852137;
 0.018116727, 0.99414331, -0.1065402, 1.117542;
 0.10606349, 0.10404555, 0.98890096, -1.4351813;
 0, 0, 0, 1]
Ow:
[0.13315247;
 -0.96170729;
 1.5381925]
Keyframe: 52 Frame: 260 Frame from vFrameID : 261
Tcw:
[0.99625528, 0.037220825, 0.078038871, 0.14181957;
 -0.045165811, 0.99369168, 0.10264954, -0.975703;
 -0.073725872, -0.10578983, 0.99165165, 1.5596353;
 0, 0, 0, 1]
Twc:
[0.99625528, -0.045165811, -0.073725872, -0.070371419;
 0.037220825, 0.99369168, -0.10578983, 1.1292628;
 0.078038871, 0.10264954, 0.99165165, -1.4575269;
 0, 0, 0, 1]
Ow:
[0.14181957;
 -0.975703;
 1.5596353]
Keyframe: 53 Frame: 264 Frame from vFrameID : 265
Tcw:
[0.99723345, 0.056206208, 0.048644293, 0.15093923;
 -0.061242387, 0.99213904, 0.10913066, -1.0080079;
 -0.042128079, -0.11180784, 0.99283648, 1.599095;
 0, 0, 0, 1]
Twc:
[0.99723345, -0.061242387, -0.042128079, -0.14488767;
 0.056206208, 0.99213904, -0.11180784, 1.1703917;
 0.048644293, 0.10913066, 0.99283648, -1.4849775;
 0, 0, 0, 1]
Ow:
[0.15093923;
 -1.0080079;
 1.599095]
Keyframe: 54 Frame: 268 Frame from vFrameID : 269
Tcw:
[0.99687016, 0.071840808, 0.032997277, 0.15042344;
 -0.075370148, 0.98961151, 0.12242705, -1.0308189;
 -0.023859227, -0.12453088, 0.99192882, 1.6452876;
 0, 0, 0, 1]
Twc:
[0.99687016, -0.075370148, -0.023859227, -0.18839031;
 0.071840808, 0.98961151, -0.12453088, 1.2141929;
 0.032997277, 0.12242705, 0.99192882, -1.5107716;
 0, 0, 0, 1]
Ow:
[0.15042344;
 -1.0308189;
 1.6452876]
Keyframe: 55 Frame: 272 Frame from vFrameID : 273
Tcw:
[0.9972682, 0.066925839, 0.031257622, 0.14007843;
 -0.070315808, 0.98975807, 0.12423629, -1.0511118;
 -0.022622863, -0.12609482, 0.99176019, 1.6978306;
 0, 0, 0, 1]
Twc:
[0.9972682, -0.070315808, -0.022622863, -0.17519574;
 0.066925839, 0.98975807, -0.12609482, 1.2450591;
 0.031257622, 0.12423629, 0.99176019, -1.557633;
 0, 0, 0, 1]
Ow:
[0.14007843;
 -1.0511118;
 1.6978306]
Keyframe: 56 Frame: 276 Frame from vFrameID : 277
Tcw:
[0.99680501, 0.049876079, 0.062386654, 0.12999347;
 -0.058007661, 0.98898476, 0.13617733, -1.0792865;
 -0.054907456, -0.13936116, 0.98871815, 1.7578024;
 0, 0, 0, 1]
Twc:
[0.99680501, -0.058007661, -0.054907456, -0.095668562;
 0.049876079, 0.98898476, -0.13936116, 1.3058836;
 0.062386654, 0.13617733, 0.98871815, -1.5991067;
 0, 0, 0, 1]
Ow:
[0.12999347;
 -1.0792865;
 1.7578024]
Keyframe: 57 Frame: 280 Frame from vFrameID : 281
Tcw:
[0.99687922, 0.022712495, 0.075604245, 0.12239668;
 -0.031313624, 0.99291807, 0.1146001, -1.1003857;
 -0.072465964, -0.11660989, 0.99053055, 1.7994435;
 0, 0, 0, 1]
Twc:
[0.99687922, -0.031313624, -0.072465964, -0.026073359;
 0.022712495, 0.99291807, -0.11660989, 1.2996458;
 0.075604245, 0.1146001, 0.99053055, -1.6655532;
 0, 0, 0, 1]
Ow:
[0.12239668;
 -1.1003857;
 1.7994435]
Keyframe: 58 Frame: 285 Frame from vFrameID : 286
Tcw:
[0.99462509, 0.024501689, 0.10060132, 0.1272511;
 -0.038237285, 0.98983729, 0.13696712, -1.1318767;
 -0.096223019, -0.14007765, 0.9854539, 1.8553528;
 0, 0, 0, 1]
Twc:
[0.99462509, -0.038237285, -0.096223019, 0.0086806202;
 0.024501689, 0.98983729, -0.14007765, 1.3771493;
 0.10060132, 0.13696712, 0.9854539, -1.6861364;
 0, 0, 0, 1]
Ow:
[0.1272511;
 -1.1318767;
 1.8553528]
Keyframe: 59 Frame: 289 Frame from vFrameID : 290
Tcw:
[0.9962821, 0.028287901, 0.081374183, 0.13927361;
 -0.038730808, 0.9907881, 0.12976468, -1.1588131;
 -0.076953799, -0.13243392, 0.98820007, 1.9070096;
 0, 0, 0, 1]
Twc:
[0.9962821, -0.038730808, -0.076953799, -0.03688594;
 0.028287901, 0.9907881, -0.13243392, 1.3967513;
 0.081374183, 0.12976468, 0.98820007, -1.7454673;
 0, 0, 0, 1]
Ow:
[0.13927361;
 -1.1588131;
 1.9070096]
Keyframe: 60 Frame: 293 Frame from vFrameID : 294
Tcw:
[0.99693757, 0.052471556, 0.057984132, 0.15526286;
 -0.059127964, 0.99103761, 0.1197846, -1.1817665;
 -0.051179171, -0.12284626, 0.9911052, 1.9549588;
 0, 0, 0, 1]
Twc:
[0.99693757, -0.059127964, -0.051179171, -0.12460966;
 0.052471556, 0.99103761, -0.12284626, 1.4031874;
 0.057984132, 0.1197846, 0.9911052, -1.8050151;
 0, 0, 0, 1]
Ow:
[0.15526286;
 -1.1817665;
 1.9549588]
Keyframe: 61 Frame: 298 Frame from vFrameID : 299
Tcw:
[0.99676889, 0.064805932, 0.047455207, 0.1693984;
 -0.070190735, 0.99000251, 0.12234493, -1.2150227;
 -0.039052095, -0.12528053, 0.9913525, 2.0069625;
 0, 0, 0, 1]
Twc:
[0.99676889, -0.070190735, -0.039052095, -0.1757583;
 0.064805932, 0.99000251, -0.12528053, 1.4433308;
 0.047455207, 0.12234493, 0.9913525, -1.8489941;
 0, 0, 0, 1]
Ow:
[0.1693984;
 -1.2150227;
 2.0069625]
Keyframe: 62 Frame: 302 Frame from vFrameID : 303
Tcw:
[0.99635375, 0.069556229, 0.049407721, 0.17581101;
 -0.075892396, 0.98713082, 0.14075895, -1.2329451;
 -0.038981225, -0.14399537, 0.9888103, 2.0558593;
 0, 0, 0, 1]
Twc:
[0.99635375, -0.075892396, -0.038981225, -0.18860121;
 0.069556229, 0.98713082, -0.14399537, 1.5008836;
 0.049407721, 0.14075895, 0.9888103, -1.8679931;
 0, 0, 0, 1]
Ow:
[0.17581101;
 -1.2329451;
 2.0558593]
Keyframe: 63 Frame: 306 Frame from vFrameID : 307
Tcw:
[0.99623573, 0.064720385, 0.057668805, 0.17045265;
 -0.072121605, 0.98791498, 0.13719513, -1.249082;
 -0.048092555, -0.14083785, 0.98886389, 2.0974193;
 0, 0, 0, 1]
Twc:
[0.99623573, -0.072121605, -0.048092555, -0.15902656;
 0.064720385, 0.98791498, -0.14083785, 1.518351;
 0.057668805, 0.13719513, 0.98886389, -1.9125241;
 0, 0, 0, 1]
Ow:
[0.17045265;
 -1.249082;
 2.0974193]
Keyframe: 64 Frame: 310 Frame from vFrameID : 311
Tcw:
[0.99667501, 0.034949698, 0.073603451, 0.16380422;
 -0.044328451, 0.99053371, 0.12991519, -1.2692709;
 -0.0683662, -0.13274595, 0.98878944, 2.1522379;
 0, 0, 0, 1]
Twc:
[0.99667501, -0.044328451, -0.0683662, -0.072384037;
 0.034949698, 0.99053371, -0.13274595, 1.5372316;
 0.073603451, 0.12991519, 0.98878944, -1.9752692;
 0, 0, 0, 1]
Ow:
[0.16380422;
 -1.2692709;
 2.1522379]
Keyframe: 65 Frame: 314 Frame from vFrameID : 315
Tcw:
[0.99383444, 0.018031701, 0.10939833, 0.16388941;
 -0.032850403, 0.99027246, 0.13520831, -1.2865596;
 -0.10589612, -0.13796845, 0.98475921, 2.2018161;
 0, 0, 0, 1]
Twc:
[0.99383444, -0.032850403, -0.10589612, 0.02802084;
 0.018031701, 0.99027246, -0.13796845, 1.5748706;
 0.10939833, 0.13520831, 0.98475921, -2.0122344;
 0, 0, 0, 1]
Ow:
[0.16388941;
 -1.2865596;
 2.2018161]
Keyframe: 66 Frame: 318 Frame from vFrameID : 319
Tcw:
[0.98980093, 0.0037822693, 0.14240736, 0.16964762;
 -0.026811879, 0.98672873, 0.16014867, -1.3061476;
 -0.13991171, -0.1623335, 0.97676635, 2.2630122;
 0, 0, 0, 1]
Twc:
[0.98980093, -0.026811879, -0.13991171, 0.11368424;
 0.0037822693, 0.98672873, -0.1623335, 1.6555344;
 0.14240736, 0.16014867, 0.97676635, -2.0254154;
 0, 0, 0, 1]
Ow:
[0.16964762;
 -1.3061476;
 2.2630122]
Keyframe: 67 Frame: 322 Frame from vFrameID : 323
Tcw:
[0.9899894, 0.0043546944, 0.14107434, 0.17395657;
 -0.028393738, 0.98523426, 0.16884081, -1.3246968;
 -0.13825603, -0.17115624, 0.97549516, 2.3040562;
 0, 0, 0, 1]
Twc:
[0.9899894, -0.028393738, -0.13825603, 0.1087214;
 0.0043546944, 0.98523426, -0.17115624, 1.6987329;
 0.14107434, 0.16884081, 0.97549516, -2.0484736;
 0, 0, 0, 1]
Ow:
[0.17395657;
 -1.3246968;
 2.3040562]
Keyframe: 68 Frame: 326 Frame from vFrameID : 327
Tcw:
[0.99358487, 0.031719837, 0.10854906, 0.18022522;
 -0.048799202, 0.98615146, 0.15850517, -1.3488939;
 -0.10201806, -0.16278546, 0.98137313, 2.3575926;
 0, 0, 0, 1]
Twc:
[0.99358487, -0.048799202, -0.10201806, -0.004376993;
 0.031719837, 0.98615146, -0.16278546, 1.7082788;
 0.10854906, 0.15850517, 0.98137313, -2.1194346;
 0, 0, 0, 1]
Ow:
[0.18022522;
 -1.3488939;
 2.3575926]
Keyframe: 69 Frame: 330 Frame from vFrameID : 331
Tcw:
[0.99673885, 0.056200333, 0.057906561, 0.19586194;
 -0.063994765, 0.98765427, 0.1429816, -1.3698864;
 -0.049156047, -0.14622103, 0.9880299, 2.4009521;
 0, 0, 0, 1]
Twc:
[0.99673885, -0.063994765, -0.049156047, -0.16486746;
 0.056200333, 0.98765427, -0.14622103, 1.6930363;
 0.057906561, 0.1429816, 0.9880299, -2.1876855;
 0, 0, 0, 1]
Ow:
[0.19586194;
 -1.3698864;
 2.4009521]
Keyframe: 70 Frame: 335 Frame from vFrameID : 336
Tcw:
[0.99522537, 0.076844551, 0.060178012, 0.19632405;
 -0.085734293, 0.98294336, 0.16270232, -1.3992455;
 -0.046648789, -0.1670848, 0.98483837, 2.455389;
 0, 0, 0, 1]
Twc:
[0.99522537, -0.085734293, -0.046648789, -0.20080906;
 0.076844551, 0.98294336, -0.1670848, 1.7705507;
 0.060178012, 0.16270232, 0.98483837, -2.2023151;
 0, 0, 0, 1]
Ow:
[0.19632405;
 -1.3992455;
 2.455389]
Keyframe: 71 Frame: 339 Frame from vFrameID : 340
Tcw:
[0.99480456, 0.080516256, 0.06229743, 0.19231029;
 -0.089790344, 0.98232883, 0.16421877, -1.4142354;
 -0.047974281, -0.16895929, 0.98445481, 2.5065515;
 0, 0, 0, 1]
Twc:
[0.99480456, -0.089790344, -0.047974281, -0.19804585;
 0.080516256, 0.98232883, -0.16895929, 1.7972652;
 0.06229743, 0.16421877, 0.98445481, -2.247323;
 0, 0, 0, 1]
Ow:
[0.19231029;
 -1.4142354;
 2.5065515]
Keyframe: 72 Frame: 345 Frame from vFrameID : 346
Tcw:
[0.99546045, 0.043137521, 0.084838927, 0.16905759;
 -0.055855807, 0.98652619, 0.15377319, -1.4400939;
 -0.077062428, -0.15781388, 0.98445731, 2.5754061;
 0, 0, 0, 1]
Twc:
[0.99546045, -0.055855807, -0.077062428, -0.050260697;
 0.043137521, 0.98652619, -0.15781388, 1.8198323;
 0.084838927, 0.15377319, 0.98445731, -2.3282721;
 0, 0, 0, 1]
Ow:
[0.16905759;
 -1.4400939;
 2.5754061]
Keyframe: 73 Frame: 349 Frame from vFrameID : 350
Tcw:
[0.99442214, 0.013565468, 0.1045972, 0.1694406;
 -0.033344749, 0.98126584, 0.18975104, -1.4660513;
 -0.10006359, -0.19218041, 0.97624481, 2.6321788;
 0, 0, 0, 1]
Twc:
[0.99442214, -0.033344749, -0.10006359, 0.046004698;
 0.013565468, 0.98126584, -0.19218041, 1.9421408;
 0.1045972, 0.18975104, 0.97624481, -2.3091893;
 0, 0, 0, 1]
Ow:
[0.1694406;
 -1.4660513;
 2.6321788]
Keyframe: 74 Frame: 353 Frame from vFrameID : 354
Tcw:
[0.99218518, 0.0089859748, 0.12445018, 0.17288975;
 -0.03223443, 0.98200482, 0.18608454, -1.4853741;
 -0.12053853, -0.18864191, 0.97462028, 2.6770627;
 0, 0, 0, 1]
Twc:
[0.99218518, -0.03223443, -0.12053853, 0.10327035;
 0.0089859748, 0.98200482, -0.18864191, 1.9620972;
 0.12445018, 0.18608454, 0.97462028, -2.3542306;
 0, 0, 0, 1]
Ow:
[0.17288975;
 -1.4853741;
 2.6770627]
Keyframe: 75 Frame: 359 Frame from vFrameID : 360
Tcw:
[0.99423403, 0.043738667, 0.097906515, 0.19293165;
 -0.06197124, 0.9794876, 0.19173831, -1.5192554;
 -0.087511837, -0.19670014, 0.9765504, 2.7559016;
 0, 0, 0, 1]
Twc:
[0.99423403, -0.06197124, -0.087511837, -0.044795342;
 0.043738667, 0.9794876, -0.19670014, 2.0217395;
 0.097906515, 0.19173831, 0.9765504, -2.4188666;
 0, 0, 0, 1]
Ow:
[0.19293165;
 -1.5192554;
 2.7559016]
Keyframe: 76 Frame: 364 Frame from vFrameID : 365
Tcw:
[0.99460447, 0.086131692, 0.05782152, 0.21519534;
 -0.095850438, 0.97618604, 0.19461128, -1.5476129;
 -0.039682362, -0.19910346, 0.97917473, 2.8106678;
 0, 0, 0, 1]
Twc:
[0.99460447, -0.095850438, -0.039682362, -0.25083971;
 0.086131692, 0.97618604, -0.19910346, 2.0518367;
 0.05782152, 0.19461128, 0.97917473, -2.4633946;
 0, 0, 0, 1]
Ow:
[0.21519534;
 -1.5476129;
 2.8106678]
Keyframe: 77 Frame: 368 Frame from vFrameID : 369
Tcw:
[0.99471939, 0.08996632, 0.04939045, 0.2148222;
 -0.097710833, 0.9773823, 0.18755375, -1.5644968;
 -0.031399835, -0.19138932, 0.98101181, 2.843257;
 0, 0, 0, 1]
Twc:
[0.99471939, -0.097710833, -0.031399835, -0.27727827;
 0.08996632, 0.9773823, -0.19138932, 2.0539536;
 0.04939045, 0.18755375, 0.98101181, -2.5064516;
 0, 0, 0, 1]
Ow:
[0.2148222;
 -1.5644968;
 2.843257]
Keyframe: 78 Frame: 372 Frame from vFrameID : 373
Tcw:
[0.99505049, 0.092916198, 0.03522874, 0.22019039;
 -0.097894706, 0.97747433, 0.18697737, -1.5810735;
 -0.017061964, -0.18950063, 0.98173237, 2.8961043;
 0, 0, 0, 1]
Twc:
[0.99505049, -0.097894706, -0.017061964, -0.32446608;
 0.092916198, 0.97747433, -0.18950063, 2.0738132;
 0.03522874, 0.18697737, 0.98173237, -2.5553312;
 0, 0, 0, 1]
Ow:
[0.22019039;
 -1.5810735;
 2.8961043]
Keyframe: 79 Frame: 377 Frame from vFrameID : 378
Tcw:
[0.99397355, 0.076783836, 0.078235842, 0.22190513;
 -0.090175308, 0.97853869, 0.18528479, -1.5980451;
 -0.062329922, -0.19122311, 0.97956556, 2.9676309;
 0, 0, 0, 1]
Twc:
[0.99397355, -0.090175308, -0.062329922, -0.17969981;
 0.076783836, 0.97853869, -0.19122311, 2.1141896;
 0.078235842, 0.18528479, 0.97956556, -2.6282566;
 0, 0, 0, 1]
Ow:
[0.22190513;
 -1.5980451;
 2.9676309]
Keyframe: 80 Frame: 381 Frame from vFrameID : 382
Tcw:
[0.99236977, 0.042499397, 0.11574132, 0.21951807;
 -0.065012865, 0.97797978, 0.1983151, -1.6092334;
 -0.10476439, -0.20432658, 0.97328055, 3.0186257;
 0, 0, 0, 1]
Twc:
[0.99236977, -0.065012865, -0.10476439, -0.0062194709;
 0.042499397, 0.97797978, -0.20432658, 2.1812539;
 0.11574132, 0.1983151, 0.97328055, -2.6442418;
 0, 0, 0, 1]
Ow:
[0.21951807;
 -1.6092334;
 3.0186257]
Keyframe: 81 Frame: 385 Frame from vFrameID : 386
Tcw:
[0.98713493, 0.0375297, 0.15542264, 0.22040167;
 -0.070168674, 0.97513783, 0.21019664, -1.6298149;
 -0.14366987, -0.21839824, 0.96522599, 3.0664661;
 0, 0, 0, 1]
Twc:
[0.98713493, -0.070168674, -0.14366987, 0.10863069;
 0.0375297, 0.97513783, -0.21839824, 2.2507331;
 0.15542264, 0.21019664, 0.96522599, -2.6515067;
 0, 0, 0, 1]
Ow:
[0.22040167;
 -1.6298149;
 3.0664661]
Keyframe: 82 Frame: 389 Frame from vFrameID : 390
Tcw:
[0.98905987, 0.036446393, 0.14294156, 0.22030976;
 -0.067955263, 0.97262776, 0.22221, -1.6463072;
 -0.13093019, -0.22949263, 0.96446377, 3.1128433;
 0, 0, 0, 1]
Twc:
[0.98905987, -0.067955263, -0.13093019, 0.077790357;
 0.036446393, 0.97262776, -0.22949263, 2.3075893;
 0.14294156, 0.22221, 0.96446377, -2.6678901;
 0, 0, 0, 1]
Ow:
[0.22030976;
 -1.6463072;
 3.1128433]
Keyframe: 83 Frame: 393 Frame from vFrameID : 394
Tcw:
[0.99184179, 0.067149356, 0.10835507, 0.22694921;
 -0.09010753, 0.97056812, 0.22333424, -1.6684537;
 -0.090169221, -0.23127584, 0.96870065, 3.1645174;
 0, 0, 0, 1]
Twc:
[0.99184179, -0.09010753, -0.090169221, -0.090095863;
 0.067149356, 0.97056812, -0.23127584, 2.3359849;
 0.10835507, 0.22333424, 0.96870065, -2.7174387;
 0, 0, 0, 1]
Ow:
[0.22694921;
 -1.6684537;
 3.1645174]
Keyframe: 84 Frame: 397 Frame from vFrameID : 398
Tcw:
[0.99531484, 0.071015328, 0.065613948, 0.22330929;
 -0.083106063, 0.97518688, 0.20519242, -1.6889786;
 -0.049414054, -0.20968398, 0.97651976, 3.1966646;
 0, 0, 0, 1]
Twc:
[0.99531484, -0.083106063, -0.049414054, -0.20466727;
 0.071015328, 0.97518688, -0.20968398, 2.3015008;
 0.065613948, 0.20519242, 0.97651976, -2.7896929;
 0, 0, 0, 1]
Ow:
[0.22330929;
 -1.6889786;
 3.1966646]
Keyframe: 85 Frame: 402 Frame from vFrameID : 403
Tcw:
[0.99481827, 0.096033745, 0.033378832, 0.22754233;
 -0.10092791, 0.9723981, 0.21036975, -1.714496;
 -0.012254918, -0.21264853, 0.97705191, 3.2524943;
 0, 0, 0, 1]
Twc:
[0.99481827, -0.10092791, -0.012254918, -0.35954472;
 0.096033745, 0.9723981, -0.21264853, 2.3369594;
 0.033378832, 0.21036975, 0.97705191, -2.8247728;
 0, 0, 0, 1]
Ow:
[0.22754233;
 -1.714496;
 3.2524943]
Keyframe: 86 Frame: 406 Frame from vFrameID : 407
Tcw:
[0.99317604, 0.11070693, 0.036678184, 0.21784376;
 -0.11622284, 0.96561688, 0.23254316, -1.727641;
 -0.0096729314, -0.23521914, 0.9718942, 3.3043404;
 0, 0, 0, 1]
Twc:
[0.99317604, -0.11622284, -0.0096729314, -0.3851859;
 0.11070693, 0.96561688, -0.23521914, 2.4213665;
 0.036678184, 0.23254316, 0.9718942, -2.8177083;
 0, 0, 0, 1]
Ow:
[0.21784376;
 -1.727641;
 3.3043404]
Keyframe: 87 Frame: 410 Frame from vFrameID : 411
Tcw:
[0.99441493, 0.093971312, 0.048045844, 0.19968192;
 -0.10281023, 0.96538132, 0.23972675, -1.746393;
 -0.023855124, -0.24332745, 0.9696508, 3.3759303;
 0, 0, 0, 1]
Twc:
[0.99441493, -0.10281023, -0.023855124, -0.29758051;
 0.093971312, 0.96538132, -0.24332745, 2.4886274;
 0.048045844, 0.23972675, 0.9696508, -2.8644104;
 0, 0, 0, 1]
Ow:
[0.19968192;
 -1.746393;
 3.3759303]
Keyframe: 88 Frame: 414 Frame from vFrameID : 415
Tcw:
[0.99520057, 0.081884816, 0.053578567, 0.1925153;
 -0.092025422, 0.96932524, 0.22790334, -1.7595577;
 -0.033273231, -0.23174012, 0.9722085, 3.4117923;
 0, 0, 0, 1]
Twc:
[0.99520057, -0.092025422, -0.033273231, -0.23999399;
 0.081884816, 0.96932524, -0.23174012, 2.4804685;
 0.053578567, 0.22790334, 0.9722085, -2.9262793;
 0, 0, 0, 1]
Ow:
[0.1925153;
 -1.7595577;
 3.4117923]
Keyframe: 89 Frame: 418 Frame from vFrameID : 419
Tcw:
[0.99391055, 0.062465221, 0.090774216, 0.18437159;
 -0.083930984, 0.96293283, 0.2563512, -1.7779541;
 -0.07139644, -0.26240891, 0.96231186, 3.4666648;
 0, 0, 0, 1]
Twc:
[0.99391055, -0.083930984, -0.07139644, -0.084966801;
 0.062465221, 0.96293283, -0.26240891, 2.6102173;
 0.090774216, 0.2563512, 0.96231186, -2.8969681;
 0, 0, 0, 1]
Ow:
[0.18437159;
 -1.7779541;
 3.4666648]
Keyframe: 90 Frame: 422 Frame from vFrameID : 423
Tcw:
[0.99286461, 0.056098968, 0.10522716, 0.18608338;
 -0.081807099, 0.96246779, 0.25877276, -1.7921093;
 -0.086760879, -0.26553464, 0.96018952, 3.5224116;
 0, 0, 0, 1]
Twc:
[0.99286461, -0.081807099, -0.086760879, -0.025755376;
 0.056098968, 0.96246779, -0.26553464, 2.6497309;
 0.10522716, 0.25877276, 0.96018952, -2.9380147;
 0, 0, 0, 1]
Ow:
[0.18608338;
 -1.7921093;
 3.5224116]
Keyframe: 91 Frame: 426 Frame from vFrameID : 427
Tcw:
[0.99459356, 0.066109128, 0.080082372, 0.19119313;
 -0.084552534, 0.96325564, 0.25493017, -1.8120999;
