Keyframe: 0 Frame: 0 Frame from vFrameID : 50
Tcw:
[1, 0, 0, 0;
 0, 1, 0, 0;
 0, 0, 1, 0;
 0, 0, 0, 1]
Twc:
[1, 0, 0, 0;
 0, 1, 0, 0;
 0, 0, 1, 0;
 0, 0, 0, 1]
Ow:
[0;
 0;
 0]
Keyframe: 1 Frame: 49 Frame from vFrameID : 50
Tcw:
[0.99967003, 0.016812688, -0.019420177, 0.005164722;
 -0.016071845, 0.99916005, 0.037693996, 0.00045691768;
 0.020037603, -0.037369441, 0.99910063, 0.049159564;
 0, 0, 0, 1]
Twc:
[0.99967003, -0.016071845, 0.020037603, -0.006140714;
 0.016812688, 0.99916005, -0.037369441, 0.0012936987;
 -0.019420177, 0.037693996, 0.99910063, -0.049032275;
 0, 0, 0, 1]
Ow:
[0.005164722;
 0.00045691768;
 0.049159564]
Keyframe: 2 Frame: 50 Frame from vFrameID : 51
Tcw:
[0.99972999, 0.014289577, -0.018324301, 0.0046663391;
 -0.013601743, 0.99921799, 0.037127342, 0.00026383554;
 0.018840505, -0.036868073, 0.99914253, 0.055407658;
 0, 0, 0, 1]
Twc:
[0.99972999, -0.013601743, 0.018840505, -0.0057053985;
 0.014289577, 0.99921799, -0.036868073, 0.0017124644;
 -0.018324301, 0.037127342, 0.99914253, -0.055284433;
 0, 0, 0, 1]
Ow:
[0.0046663391;
 0.00026383554;
 0.055407658]
Keyframe: 3 Frame: 51 Frame from vFrameID : 52
Tcw:
[0.99978012, 0.013708309, -0.01586993, 0.0043138359;
 -0.01318838, 0.99938744, 0.032415558, -0.00022249063;
 0.016304573, -0.032199133, 0.99934846, 0.062923543;
 0, 0, 0, 1]
Twc:
[0.99978012, -0.01318838, 0.016304573, -0.0053417622;
 0.013708309, 0.99938744, -0.032199133, 0.0021893024;
 -0.01586993, 0.032415558, 0.99934846, -0.062806875;
 0, 0, 0, 1]
Ow:
[0.0043138359;
 -0.00022249063;
 0.062923543]
Keyframe: 4 Frame: 53 Frame from vFrameID : 54
Tcw:
[0.99982971, 0.01165203, -0.014311896, 0.003333177;
 -0.011266189, 0.99957865, 0.02675052, -0.00015950878;
 0.014617563, -0.026584722, 0.99953967, 0.069461055;
 0, 0, 0, 1]
Twc:
[0.99982971, -0.011266189, 0.014617563, -0.0043497579;
 0.01165203, 0.99957865, -0.026584722, 0.0019672061;
 -0.014311896, 0.02675052, 0.99953967, -0.069377109;
 0, 0, 0, 1]
Ow:
[0.003333177;
 -0.00015950878;
 0.069461055]
Keyframe: 5 Frame: 55 Frame from vFrameID : 56
Tcw:
[0.99989057, 0.0068642446, -0.013103915, -5.6791352e-05;
 -0.0065572159, 0.99970627, 0.02333119, 4.3882988e-05;
 0.013260217, -0.023242712, 0.9996419, 0.089715078;
 0, 0, 0, 1]
Twc:
[0.99989057, -0.0065572159, 0.013260217, -0.0011325687;
 0.0068642446, 0.99970627, -0.023242712, 0.0020417415;
 -0.013103915, 0.02333119, 0.9996419, -0.089684725;
 0, 0, 0, 1]
Ow:
[-5.6791352e-05;
 4.3882988e-05;
 0.089715078]
Keyframe: 6 Frame: 57 Frame from vFrameID : 58
Tcw:
[0.99990439, 0.0038156058, -0.013292106, -0.00086202519;
 -0.0035086717, 0.99972844, 0.023038747, -0.00098071364;
 0.013376403, -0.022989906, 0.99964619, 0.095569313;
 0, 0, 0, 1]
Twc:
[0.99990439, -0.0035086717, 0.013376403, -0.00041987182;
 0.0038156058, 0.99972844, -0.022989906, 0.0031808659;
 -0.013292106, 0.023038747, 0.99964619, -0.095524363;
 0, 0, 0, 1]
Ow:
[-0.00086202519;
 -0.00098071364;
 0.095569313]
Keyframe: 7 Frame: 59 Frame from vFrameID : 60
Tcw:
[0.99979538, -0.011534619, -0.016619183, -0.0025674673;
 0.01175454, 0.99984384, 0.013196598, -0.0032324265;
 0.016464371, -0.013389248, 0.99977481, 0.11054314;
 0, 0, 0, 1]
Twc:
[0.99979538, 0.01175454, 0.016464371, 0.00078491447;
 -0.011534619, 0.99984384, -0.013389248, 0.0046823965;
 -0.016619183, 0.013196598, 0.99977481, -0.11051825;
 0, 0, 0, 1]
Ow:
[-0.0025674673;
 -0.0032324265;
 0.11054314]
Keyframe: 8 Frame: 61 Frame from vFrameID : 62
Tcw:
[0.99964935, -0.017263781, -0.020077366, -0.0028267941;
 0.01763086, 0.99967796, 0.018252304, -0.0064974078;
 0.019755797, -0.018599885, 0.99963182, 0.11752825;
 0, 0, 0, 1]
Twc:
[0.99964935, 0.01763086, 0.019755797, 0.00061849359;
 -0.017263781, 0.99967796, -0.018599885, 0.0086325258;
 -0.020077366, 0.018252304, 0.99963182, -0.11742314;
 0, 0, 0, 1]
Ow:
[-0.0028267941;
 -0.0064974078;
 0.11752825]
Keyframe: 9 Frame: 63 Frame from vFrameID : 64
Tcw:
[0.99965036, -0.01932776, -0.018043714, -0.001333544;
 0.019647745, 0.99964976, 0.017728364, -0.0084989602;
 0.017694745, -0.018076684, 0.99968004, 0.12375692;
 0, 0, 0, 1]
Twc:
[0.99965036, 0.019647745, 0.017694745, -0.00068978389;
 -0.01932776, 0.99964976, -0.018076684, 0.010707324;
 -0.018043714, 0.017728364, 0.99968004, -0.12359071;
 0, 0, 0, 1]
Ow:
[-0.001333544;
 -0.0084989602;
 0.12375692]
Keyframe: 10 Frame: 65 Frame from vFrameID : 66
Tcw:
[0.99972427, -0.017878881, -0.015224342, 0.0021127383;
 0.018085489, 0.99974471, 0.013543131, -0.0091558034;
 0.014978319, -0.013814736, 0.9997924, 0.12710975;
 0, 0, 0, 1]
Twc:
[0.99972427, 0.018085489, 0.014978319, -0.0038504591;
 -0.017878881, 0.99974471, -0.013814736, 0.010947227;
 -0.015224342, 0.013543131, 0.9997924, -0.1269272;
 0, 0, 0, 1]
Ow:
[0.0021127383;
 -0.0091558034;
 0.12710975]
Keyframe: 11 Frame: 68 Frame from vFrameID : 69
Tcw:
[0.99989945, -0.007646536, -0.011941093, 0.0054638344;
 0.0078083402, 0.99987751, 0.013562897, -0.0089191943;
 0.011835922, -0.013654774, 0.99983674, 0.1301486;
 0, 0, 0, 1]
Twc:
[0.99989945, 0.0078083402, 0.011835922, -0.0069340696;
 -0.007646536, 0.99987751, -0.013654774, 0.010737031;
 -0.011941093, 0.013562897, 0.99983674, -0.12994114;
 0, 0, 0, 1]
Ow:
[0.0054638344;
 -0.0089191943;
 0.1301486]
Keyframe: 12 Frame: 71 Frame from vFrameID : 72
Tcw:
[0.99966067, 0.0063664145, -0.02525921, 0.0065451432;
 -0.0059553469, 0.99984914, 0.016315941, -0.0088157728;
 0.025359273, -0.016159976, 0.99954778, 0.1305503;
 0, 0, 0, 1]
Twc:
[0.99966067, -0.0059553469, 0.025359273, -0.0099060833;
 0.0063664145, 0.99984914, -0.016159976, 0.010882464;
 -0.02525921, 0.016315941, 0.99954778, -0.1301821;
 0, 0, 0, 1]
Ow:
[0.0065451432;
 -0.0088157728;
 0.1305503]
Keyframe: 13 Frame: 74 Frame from vFrameID : 75
Tcw:
[0.99946177, -0.0019374193, -0.032747906, 0.0051905438;
 0.0024496708, 0.99987519, 0.015609387, -0.01016332;
 0.032713577, -0.015681207, 0.99934173, 0.12914306;
 0, 0, 0, 1]
Twc:
[0.99946177, 0.0024496708, 0.032713577, -0.0093875844;
 -0.0019374193, 0.99987519, -0.015681207, 0.012197227;
 -0.032747906, 0.015609387, 0.99934173, -0.12872943;
 0, 0, 0, 1]
Ow:
[0.0051905438;
 -0.01016332;
 0.12914306]
Keyframe: 14 Frame: 77 Frame from vFrameID : 78
Tcw:
[0.99957943, -0.00065169821, -0.028991511, 0.0037118716;
 0.00093733252, 0.99995112, 0.009839843, -0.0096345311;
 0.028983681, -0.0098628802, 0.99953121, 0.12235584;
 0, 0, 0, 1]
Twc:
[0.99957943, 0.00093733252, 0.028983681, -0.007247603;
 -0.00065169821, 0.99995112, -0.0098628802, 0.01084326;
 -0.028991511, 0.009839843, 0.99953121, -0.12209607;
 0, 0, 0, 1]
Ow:
[0.0037118716;
 -0.0096345311;
 0.12235584]
Keyframe: 15 Frame: 79 Frame from vFrameID : 80
Tcw:
[0.99964458, 0.0023983205, -0.0265502, -0.00063085533;
 -0.001846508, 0.9997822, 0.020788781, -0.0079101417;
 0.026594276, -0.020732367, 0.99943131, 0.11970352;
 0, 0, 0, 1]
Twc:
[0.99964458, -0.001846508, 0.026594276, -0.0025674033;
 0.0023983205, 0.9997822, -0.020732367, 0.010391669;
 -0.0265502, 0.020788781, 0.99943131, -0.11948774;
 0, 0, 0, 1]
Ow:
[-0.00063085533;
 -0.0079101417;
 0.11970352]
Keyframe: 16 Frame: 82 Frame from vFrameID : 83
Tcw:
[0.99932861, -0.007188871, -0.035924967, -0.0097628804;
 0.008003369, 0.999713, 0.022580076, -0.0094269868;
 0.035752334, -0.022852438, 0.99909937, 0.11726671;
 0, 0, 0, 1]
Twc:
[0.99932861, 0.008003369, 0.035752334, 0.0056392159;
 -0.007188871, 0.999713, -0.022852438, 0.012033926;
 -0.035924967, 0.022580076, 0.99909937, -0.11729896;
 0, 0, 0, 1]
Ow:
[-0.0097628804;
 -0.0094269868;
 0.11726671]
Keyframe: 17 Frame: 85 Frame from vFrameID : 86
Tcw:
[0.99864823, -0.020403171, -0.047806624, -0.016339004;
 0.021660827, 0.99942887, 0.025938421, -0.008913422;
 0.047250092, -0.026938889, 0.99851978, 0.11162573;
 0, 0, 0, 1]
Twc:
[0.99864823, 0.021660827, 0.047250092, 0.011235663;
 -0.020403171, 0.99942887, -0.026938889, 0.011582036;
 -0.047806624, 0.025938421, 0.99851978, -0.1120104;
 0, 0, 0, 1]
Ow:
[-0.016339004;
 -0.008913422;
 0.11162573]
Keyframe: 18 Frame: 88 Frame from vFrameID : 89
Tcw:
[0.99795812, -0.025415508, -0.058597375, -0.013085226;
 0.027378112, 0.99908239, 0.032937013, -0.0073851333;
 0.057706494, -0.034474041, 0.99773818, 0.10559216;
 0, 0, 0, 1]
Twc:
[0.99795812, 0.027378112, 0.057706494, 0.007167344;
 -0.025415508, 0.99908239, -0.034474041, 0.010685978;
 -0.058597375, 0.032937013, 0.99773818, -0.10587685;
 0, 0, 0, 1]
Ow:
[-0.013085226;
 -0.0073851333;
 0.10559216]
Keyframe: 19 Frame: 91 Frame from vFrameID : 92
Tcw:
[0.9986068, -0.013700934, -0.050958268, -0.0068004327;
 0.015387233, 0.99934191, 0.032848023, -0.0058404235;
 0.050474685, -0.033586364, 0.99816042, 0.10035087;
 0, 0, 0, 1]
Twc:
[0.9986068, 0.015387233, 0.050474685, 0.0018156476;
 -0.013700934, 0.99934191, -0.033586364, 0.0091138287;
 -0.050958268, 0.032848023, 0.99816042, -0.10032097;
 0, 0, 0, 1]
Ow:
[-0.0068004327;
 -0.0058404235;
 0.10035087]
Keyframe: 20 Frame: 94 Frame from vFrameID : 95
Tcw:
[0.99922317, -0.0046137134, -0.039138071, -0.00044398243;
 0.0057780189, 0.99954253, 0.029687917, -0.0038584259;
 0.038983196, -0.029890995, 0.99879271, 0.094680145;
 0, 0, 0, 1]
Twc:
[0.99922317, 0.0057780189, 0.038983196, -0.0032250031;
 -0.0046137134, 0.99954253, -0.029890995, 0.0066846958;
 -0.039138071, 0.029687917, 0.99879271, -0.094468668;
 0, 0, 0, 1]
Ow:
[-0.00044398243;
 -0.0038584259;
 0.094680145]
Keyframe: 21 Frame: 97 Frame from vFrameID : 98
Tcw:
[0.99987167, 0.0051833643, -0.01515738, 0.0073609808;
 -0.0048183235, 0.99969983, 0.024021495, -0.0010617261;
 0.015277342, -0.02394538, 0.99959654, 0.090326816;
 0, 0, 0, 1]
Twc:
[0.99987167, -0.0048183235, 0.015277342, -0.0087451059;
 0.0051833643, 0.99969983, -0.02394538, 0.0031861628;
 -0.01515738, 0.024021495, 0.99959654, -0.090153292;
 0, 0, 0, 1]
Ow:
[0.0073609808;
 -0.0010617261;
 0.090326816]
Keyframe: 22 Frame: 101 Frame from vFrameID : 102
Tcw:
[0.99999928, 0.00059899746, 0.001053741, 0.012196364;
 -0.00063492695, 0.99940675, 0.034433872, 0.0011373186;
 -0.0010324901, -0.034434512, 0.9994064, 0.090059154;
 0, 0, 0, 1]
Twc:
[0.99999928, -0.00063492695, -0.0010324901, -0.012102648;
 0.00059899746, 0.99940675, -0.034434512, 0.0019571939;
 0.001053741, 0.034433872, 0.9994064, -0.090057716;
 0, 0, 0, 1]
Ow:
[0.012196364;
 0.0011373186;
 0.090059154]
Keyframe: 23 Frame: 104 Frame from vFrameID : 105
Tcw:
[0.99993449, 0.0025803701, 0.01115349, 0.012981697;
 -0.0030647037, 0.99904317, 0.043627746, -0.00019911164;
 -0.011030243, -0.043659072, 0.99898559, 0.097068243;
 0, 0, 0, 1]
Twc:
[0.99993449, -0.0030647037, -0.011030243, -0.01191077;
 0.0025803701, 0.99904317, -0.043659072, 0.0044033327;
 0.01115349, 0.043627746, 0.99898559, -0.097105883;
 0, 0, 0, 1]
Ow:
[0.012981697;
 -0.00019911164;
 0.097068243]
Keyframe: 24 Frame: 107 Frame from vFrameID : 108
Tcw:
[0.99993873, -0.00080331031, 0.011041617, 0.01096247;
 0.00042291626, 0.99940771, 0.03441019, -0.0011687586;
 -0.011062719, -0.03440341, 0.99934679, 0.10236837;
 0, 0, 0, 1]
Twc:
[0.99993873, 0.00042291626, -0.011062719, -0.009828832;
 -0.00080331031, 0.99940771, -0.03440341, 0.0046986938;
 0.011041617, 0.03441019, 0.99934679, -0.10238233;
 0, 0, 0, 1]
Ow:
[0.01096247;
 -0.0011687586;
 0.10236837]
Keyframe: 25 Frame: 110 Frame from vFrameID : 111
Tcw:
[0.9999693, -0.0076716491, 0.0015871081, 0.0063142399;
 0.007631863, 0.99968964, 0.02371549, -0.0044501582;
 -0.0017685525, -0.023702651, 0.99971747, 0.11448743;
 0, 0, 0, 1]
Twc:
[0.9999693, 0.007631863, -0.0017685525, -0.0060776067;
 -0.0076716491, 0.99968964, -0.023702651, 0.0072108731;
 0.0015871081, 0.02371549, 0.99971747, -0.11435958;
 0, 0, 0, 1]
Ow:
[0.0063142399;
 -0.0044501582;
 0.11448743]
Keyframe: 26 Frame: 113 Frame from vFrameID : 114
Tcw:
[0.99978095, -0.020846916, 0.0018450819, 0.0022128138;
 0.020817991, 0.99967802, 0.014509433, -0.0070039667;
 -0.0021469647, -0.014467844, 0.99989301, 0.12580985;
 0, 0, 0, 1]
Twc:
[0.99978095, 0.020817991, -0.0021469647, -0.0017964112;
 -0.020846916, 0.99967802, -0.014467844, 0.0088680387;
 0.0018450819, 0.014509433, 0.99989301, -0.12569886;
 0, 0, 0, 1]
Ow:
[0.0022128138;
 -0.0070039667;
 0.12580985]
Keyframe: 27 Frame: 117 Frame from vFrameID : 118
Tcw:
[0.99957877, -0.026804864, 0.011124656, 0.0032255943;
 0.026563844, 0.9994207, 0.021275364, -0.0090773404;
 -0.011688494, -0.02097089, 0.99971175, 0.14709121;
 0, 0, 0, 1]
Twc:
[0.99957877, 0.026563844, -0.011688494, -0.0012638321;
 -0.026804864, 0.9994207, -0.02097089, 0.012243176;
 0.011124656, 0.021275364, 0.99971175, -0.14689156;
 0, 0, 0, 1]
Ow:
[0.0032255943;
 -0.0090773404;
 0.14709121]
Keyframe: 28 Frame: 121 Frame from vFrameID : 122
Tcw:
[0.99963421, -0.025250107, 0.0096869078, 0.0055438299;
 0.025055278, 0.99949127, 0.019732704, -0.011507215;
 -0.010180233, -0.019482778, 0.99975836, 0.16652042;
 0, 0, 0, 1]
Twc:
[0.99963421, 0.025055278, -0.010180233, -0.0035582688;
 -0.025250107, 0.99949127, -0.019482778, 0.014885624;
 0.0096869078, 0.019732704, 0.99975836, -0.16630681;
 0, 0, 0, 1]
Ow:
[0.0055438299;
 -0.011507215;
 0.16652042]
Keyframe: 29 Frame: 125 Frame from vFrameID : 126
Tcw:
[0.99992406, -0.00017881878, 0.012321647, 0.011271989;
 0.00012925126, 0.99999189, 0.0040234793, -0.017591026;
 -0.012322268, -0.0040215813, 0.99991602, 0.19897166;
 0, 0, 0, 1]
Twc:
[0.99992406, 0.00012925126, -0.012322268, -0.0088170776;
 -0.00017881878, 0.99999189, -0.0040215813, 0.018393081;
 0.012321647, 0.0040234793, 0.99991602, -0.19902305;
 0, 0, 0, 1]
Ow:
[0.011271989;
 -0.017591026;
 0.19897166]
Keyframe: 30 Frame: 129 Frame from vFrameID : 130
Tcw:
[0.99992502, 0.0023591106, -0.012014349, 0.012156049;
 -0.0021480231, 0.99984366, 0.017552305, -0.025261132;
 0.012053878, -0.017525181, 0.99977374, 0.2273833;
 0, 0, 0, 1]
Twc:
[0.99992502, -0.0021480231, 0.012053878, -0.014950251;
 0.0023591106, 0.99984366, -0.017525181, 0.029213438;
 -0.012014349, 0.017552305, 0.99977374, -0.22674243;
 0, 0, 0, 1]
Ow:
[0.012156049;
 -0.025261132;
 0.2273833]
Keyframe: 31 Frame: 133 Frame from vFrameID : 134
Tcw:
[0.99992293, 0.0035007165, -0.011910842, 0.013488833;
 -0.0034022906, 0.99996001, 0.0082738111, -0.031245595;
 0.01193933, -0.0082326494, 0.99989486, 0.26125911;
 0, 0, 0, 1]
Twc:
[0.99992293, -0.0034022906, 0.01193933, -0.016713358;
 0.0035007165, 0.99996001, -0.0082326494, 0.033347979;
 -0.011910842, 0.0082738111, 0.99989486, -0.26081243;
 0, 0, 0, 1]
Ow:
[0.013488833;
 -0.031245595;
 0.26125911]
Keyframe: 32 Frame: 137 Frame from vFrameID : 138
Tcw:
[0.9997009, -0.024418233, -0.0013392053, 0.011362536;
 0.024405442, 0.99966294, -0.0088550597, -0.034214187;
 0.0015549788, 0.0088197272, 0.99995989, 0.3009437;
 0, 0, 0, 1]
Twc:
[0.9997009, 0.024405442, 0.0015549788, -0.010992086;
 -0.024418233, 0.99966294, 0.0088197272, 0.031825867;
 -0.0013392053, -0.0088550597, 0.99995989, -0.30121937;
 0, 0, 0, 1]
Ow:
[0.011362536;
 -0.034214187;
 0.3009437]
Keyframe: 33 Frame: 141 Frame from vFrameID : 142
Tcw:
[0.99914199, -0.041298322, -0.0031268557, 0.01317558;
 0.041275248, 0.9991225, -0.0071162255, -0.039216839;
 0.0034179999, 0.0069810576, 0.99996978, 0.33766446;
 0, 0, 0, 1]
Twc:
[0.99914199, 0.041275248, 0.0034179999, -0.012699727;
 -0.041298322, 0.9991225, 0.0069810576, 0.037369296;
 -0.0031268557, -0.0071162255, 0.99996978, -0.33789214;
 0, 0, 0, 1]
Ow:
[0.01317558;
 -0.039216839;
 0.33766446]
Keyframe: 34 Frame: 145 Frame from vFrameID : 146
Tcw:
[0.99944484, -0.02913302, 0.016162455, 0.012766864;
 0.028969508, 0.99952763, 0.010260432, -0.042771783;
 -0.016453737, -0.0097865183, 0.99981672, 0.37603551;
 0, 0, 0, 1]
Twc:
[0.99944484, 0.028969508, -0.016453737, -0.0053335102;
 -0.02913302, 0.99952763, -0.0097865183, 0.046803597;
 0.016162455, 0.010260432, 0.99981672, -0.37573409;
 0, 0, 0, 1]
Ow:
[0.012766864;
 -0.042771783;
 0.37603551]
Keyframe: 35 Frame: 148 Frame from vFrameID : 149
Tcw:
[0.99971038, -0.023324577, -0.0059307497, 0.012937693;
 0.02336612, 0.99970222, 0.0070343371, -0.044644028;
 0.005764911, -0.0071708784, 0.99995768, 0.41648081;
 0, 0, 0, 1]
Twc:
[0.99971038, 0.02336612, 0.005764911, -0.014291761;
 -0.023324577, 0.99970222, -0.0071708784, 0.047919031;
 -0.0059307497, 0.0070343371, 0.99995768, -0.4160724;
 0, 0, 0, 1]
Ow:
[0.012937693;
 -0.044644028;
 0.41648081]
Keyframe: 36 Frame: 152 Frame from vFrameID : 153
Tcw:
[0.99968123, -0.012025554, -0.022199886, 0.018024078;
 0.01229756, 0.99985045, 0.012157002, -0.044878714;
 0.022050373, -0.01242613, 0.99967963, 0.44425437;
 0, 0, 0, 1]
Twc:
[0.99968123, 0.01229756, 0.022050373, -0.027262408;
 -0.012025554, 0.99985045, -0.01242613, 0.050609119;
 -0.022199886, 0.012157002, 0.99967963, -0.44316632;
 0, 0, 0, 1]
Ow:
[0.018024078;
 -0.044878714;
 0.44425437]
Keyframe: 37 Frame: 157 Frame from vFrameID : 158
Tcw:
[0.99943215, 0.015262053, -0.030041691, 0.022177493;
 -0.014649991, 0.99968272, 0.020489512, -0.054089889;
 0.030344872, -0.020037767, 0.99933863, 0.49703756;
 0, 0, 0, 1]
Twc:
[0.99943215, -0.014649991, 0.030344872, -0.038039856;
 0.015262053, 0.99968272, -0.020037767, 0.063693777;
 -0.030041691, 0.020489512, 0.99933863, -0.49493432;
 0, 0, 0, 1]
Ow:
[0.022177493;
 -0.054089889;
 0.49703756]
Keyframe: 38 Frame: 163 Frame from vFrameID : 164
Tcw:
[0.99955446, 0.018949149, -0.02306084, 0.02915724;
 -0.018585909, 0.99970138, 0.015865112, -0.05552382;
 0.023354584, -0.015429436, 0.99960816, 0.55081934;
 0, 0, 0, 1]
Twc:
[0.99955446, -0.018585909, 0.023354584, -0.043040365;
 0.018949149, 0.99970138, -0.015429436, 0.063453563;
 -0.02306084, 0.015865112, 0.99960816, -0.54905021;
 0, 0, 0, 1]
Ow:
[0.02915724;
 -0.05552382;
 0.55081934]
Keyframe: 39 Frame: 168 Frame from vFrameID : 169
Tcw:
[0.99998939, 0.0031221586, -0.0033943779, 0.025054194;
 -0.0031010529, 0.99997592, 0.0062054447, -0.063732311;
 0.0034136707, -0.0061948528, 0.99997497, 0.60448599;
 0, 0, 0, 1]
Twc:
[0.99998939, -0.0031010529, 0.0034136707, -0.027315082;
 0.0031221586, 0.99997592, -0.0061948528, 0.067397259;
 -0.0033943779, 0.0062054447, 0.99997497, -0.60399038;
 0, 0, 0, 1]
Ow:
[0.025054194;
 -0.063732311;
 0.60448599]
Keyframe: 40 Frame: 172 Frame from vFrameID : 173
Tcw:
[0.99966258, -0.0089942561, 0.024368187, 0.022266932;
 0.0093586585, 0.99984545, -0.014881475, -0.068346918;
 -0.024230575, 0.015104507, 0.9995923, 0.64247102;
 0, 0, 0, 1]
Twc:
[0.99966258, 0.0093586585, -0.024230575, -0.0060523446;
 -0.0089942561, 0.99984545, 0.015104507, 0.058832426;
 0.024368187, -0.014881475, 0.9995923, -0.64376873;
 0, 0, 0, 1]
Ow:
[0.022266932;
 -0.068346918;
 0.64247102]
Keyframe: 41 Frame: 175 Frame from vFrameID : 176
Tcw:
[0.99936086, -0.020328758, 0.029404974, 0.020234272;
 0.020611539, 0.99974388, -0.0093458341, -0.069764197;
 -0.029207453, 0.009945943, 0.99952388, 0.66962671;
 0, 0, 0, 1]
Twc:
[0.99936086, 0.020611539, -0.029207453, 0.00077469891;
 -0.020328758, 0.99974388, 0.009945943, 0.063497603;
 0.029404974, -0.0093458341, 0.99952388, -0.67055488;
 0, 0, 0, 1]
Ow:
[0.020234272;
 -0.069764197;
 0.66962671]
Keyframe: 42 Frame: 179 Frame from vFrameID : 180
Tcw:
[0.99929833, -0.013204841, 0.035048891, 0.026385838;
 0.0125942, 0.99976605, 0.01758654, -0.077426344;
 -0.035272919, -0.017132787, 0.99923086, 0.71141452;
 0, 0, 0, 1]
Twc:
[0.99929833, 0.0125942, -0.035272919, -0.0002985363;
 -0.013204841, 0.99976605, -0.017132787, 0.08994516;
 0.035048891, 0.01758654, 0.99923086, -0.71043044;
 0, 0, 0, 1]
Ow:
[0.026385838;
 -0.077426344;
 0.71141452]
Keyframe: 43 Frame: 183 Frame from vFrameID : 184
Tcw:
[0.99979448, -0.0050230771, 0.019640408, 0.028969584;
 0.0051522786, 0.99996537, -0.0065332875, -0.087440886;
 -0.019606911, 0.0066331374, 0.99978578, 0.75302958;
 0, 0, 0, 1]
Twc:
[0.99979448, 0.0051522786, -0.019606911, -0.013748527;
 -0.0050230771, 0.99996537, 0.0066331374, 0.082588427;
 0.019640408, -0.0065332875, 0.99978578, -0.75400847;
 0, 0, 0, 1]
Ow:
[0.028969584;
 -0.087440886;
 0.75302958]
Keyframe: 44 Frame: 186 Frame from vFrameID : 187
Tcw:
[0.99998295, 0.0052310345, -0.0025888931, 0.034314267;
 -0.0053035486, 0.99956983, -0.02884385, -0.09223482;
 0.0024368963, 0.02885709, 0.99958056, 0.77866066;
 0, 0, 0, 1]
Twc:
[0.99998295, -0.0053035486, 0.0024368963, -0.036700372;
 0.0052310345, 0.99956983, 0.02885709, 0.069545768;
 -0.0025888931, -0.02884385, 0.99958056, -0.78090566;
 0, 0, 0, 1]
Ow:
[0.034314267;
 -0.09223482;
 0.77866066]
Keyframe: 45 Frame: 189 Frame from vFrameID : 190
Tcw:
[0.99968934, 0.0084534483, -0.023446923, 0.03665553;
 -0.0084459204, 0.99996424, 0.00042008865, -0.099505492;
 0.023449635, -0.00022192729, 0.99972498, 0.80155879;
 0, 0, 0, 1]
Twc:
[0.99968934, -0.0084459204, 0.023449635, -0.056280822;
 0.0084534483, 0.99996424, -0.00022192729, 0.099369951;
 -0.023446923, 0.00042008865, 0.99972498, -0.80043709;
 0, 0, 0, 1]
Ow:
[0.03665553;
 -0.099505492;
 0.80155879]
Keyframe: 46 Frame: 194 Frame from vFrameID : 195
Tcw:
[0.99964845, 0.020069534, -0.017325433, 0.03519598;
 -0.019727284, 0.9996112, 0.019704146, -0.1077067;
 0.01771415, -0.019355435, 0.99965572, 0.84744895;
 0, 0, 0, 1]
Twc:
[0.99964845, -0.019727284, 0.01771415, -0.052320205;
 0.020069534, 0.9996112, -0.019355435, 0.1233612;
 -0.017325433, 0.019704146, 0.99965572, -0.84442514;
 0, 0, 0, 1]
Ow:
[0.03519598;
 -0.1077067;
 0.84744895]
Keyframe: 47 Frame: 197 Frame from vFrameID : 198
Tcw:
[0.99976462, 0.018665569, -0.011057425, 0.034296133;
 -0.018503059, 0.99972188, 0.01462128, -0.11294703;
 0.011327265, -0.014413243, 0.99983197, 0.8886705;
 0, 0, 0, 1]
Twc:
[0.99976462, -0.018503059, 0.011327265, -0.046444137;
 0.018665569, 0.99972188, -0.014413243, 0.12508409;
 -0.011057425, 0.01462128, 0.99983197, -0.88649052;
 0, 0, 0, 1]
Ow:
[0.034296133;
 -0.11294703;
 0.8886705]
Keyframe: 48 Frame: 200 Frame from vFrameID : 201
Tcw:
[0.99992383, 0.010484789, -0.006509766, 0.031262022;
 -0.010472663, 0.99994338, 0.0018941035, -0.11401809;
 0.0065292562, -0.0018257847, 0.99997699, 0.90962183;
 0, 0, 0, 1]
Twc:
[0.99992383, -0.010472663, 0.0065292562, -0.038392868;
 0.010484789, 0.99994338, -0.0018257847, 0.11534463;
 -0.006509766, 0.0018941035, 0.99997699, -0.90918148;
 0, 0, 0, 1]
Ow:
[0.031262022;
 -0.11401809;
 0.90962183]
Keyframe: 49 Frame: 204 Frame from vFrameID : 205
Tcw:
[0.99998409, 0.0032909606, -0.0045868061, 0.026374815;
 -0.0033494565, 0.99991244, -0.012804308, -0.1206672;
 0.0045442656, 0.012819468, 0.99990749, 0.94745111;
 0, 0, 0, 1]
Twc:
[0.99998409, -0.0033494565, 0.0045442656, -0.031084035;
 0.0032909606, 0.99991244, 0.012819468, 0.10842402;
 -0.0045868061, -0.012804308, 0.99990749, -0.94878757;
 0, 0, 0, 1]
Ow:
[0.026374815;
 -0.1206672;
 0.94745111]
Keyframe: 50 Frame: 207 Frame from vFrameID : 208
Tcw:
[0.9999885, 0.0044659441, 0.0017465238, 0.02956445;
 -0.0044695823, 0.99998784, 0.0020848056, -0.12847379;
 -0.0017371919, -0.0020925878, 0.9999963, 0.98620212;
 0, 0, 0, 1]
Twc:
[0.9999885, -0.0044695823, -0.0017371919, -0.028425112;
 0.0044659441, 0.99998784, -0.0020925878, 0.13040391;
 0.0017465238, 0.0020848056, 0.9999963, -0.98598224;
 0, 0, 0, 1]
Ow:
[0.02956445;
 -0.12847379;
 0.98620212]
Keyframe: 51 Frame: 210 Frame from vFrameID : 211
Tcw:
[0.99989057, 0.010235368, 0.010682374, 0.031072352;
 -0.010253468, 0.99994606, 0.001640865, -0.13066237;
 -0.010665003, -0.0017502168, 0.99994159, 1.0172607;
 0, 0, 0, 1]
Twc:
[0.99989057, -0.010253468, -0.010665003, -0.021559605;
 0.010235368, 0.99994606, -0.0017502168, 0.13211772;
 0.010682374, 0.001640865, 0.99994159, -1.0173187;
 0, 0, 0, 1]
Ow:
[0.031072352;
 -0.13066237;
 1.0172607]
Keyframe: 52 Frame: 213 Frame from vFrameID : 214
Tcw:
[0.9997071, 0.022405032, -0.0091511188, 0.037167124;
 -0.022521254, 0.99966443, -0.012801158, -0.1320276;
 0.0088612372, 0.013003503, 0.9998762, 1.0452628;
 0, 0, 0, 1]
Twc:
[0.9997071, -0.022521254, 0.0088612372, -0.049391985;
 0.022405032, 0.99966443, 0.013003503, 0.11755847;
 -0.0091511188, -0.012801158, 0.9998762, -1.0464834;
 0, 0, 0, 1]
Ow:
[0.037167124;
 -0.1320276;
 1.0452628]
Keyframe: 53 Frame: 216 Frame from vFrameID : 217
Tcw:
[0.99972987, 0.015700286, -0.01713739, 0.04038386;
 -0.016063632, 0.99964464, -0.021274356, -0.13816246;
 0.016797286, 0.021543898, 0.99962682, 1.0767955;
 0, 0, 0, 1]
Twc:
[0.99972987, -0.016063632, 0.016797286, -0.060679585;
 0.015700286, 0.99964464, 0.021543898, 0.11428095;
 -0.01713739, -0.021274356, 0.99962682, -1.0786408;
 0, 0, 0, 1]
Ow:
[0.04038386;
 -0.13816246;
 1.0767955]
Keyframe: 54 Frame: 220 Frame from vFrameID : 221
Tcw:
[0.99929017, 0.0212062, -0.03113606, 0.046398792;
 -0.021365056, 0.99976033, -0.0047781477, -0.14412357;
 0.03102727, 0.0054399795, 0.99950373, 1.1090877;
 0, 0, 0, 1]
Twc:
[0.99929017, -0.021365056, 0.03102727, -0.08385703;
 0.0212062, 0.99976033, 0.0054399795, 0.13707167;
 -0.03113606, -0.0047781477, 0.99950373, -1.1077813;
 0, 0, 0, 1]
Ow:
[0.046398792;
 -0.14412357;
 1.1090877]
Keyframe: 55 Frame: 224 Frame from vFrameID : 225
Tcw:
[0.99930036, 0.026003014, -0.026882298, 0.047679983;
 -0.026346052, 0.9995749, -0.012486251, -0.14911488;
 0.026546191, 0.013185757, 0.99956059, 1.1465029;
 0, 0, 0, 1]
Twc:
[0.99930036, -0.026346052, 0.026546191, -0.082010493;
 0.026003014, 0.9995749, 0.013185757, 0.13269414;
 -0.026882298, -0.012486251, 0.99956059, -1.1465793;
 0, 0, 0, 1]
Ow:
[0.047679983;
 -0.14911488;
 1.1465029]
Keyframe: 56 Frame: 228 Frame from vFrameID : 229
Tcw:
[0.99978065, 0.015605053, -0.013966938, 0.044135258;
 -0.015806707, 0.9997707, -0.014445907, -0.15060377;
 0.013738306, 0.01466351, 0.99979812, 1.191303;
 0, 0, 0, 1]
Twc:
[0.99978065, -0.015806707, 0.013738306, -0.062872611;
 0.015605053, 0.9997707, 0.01466351, 0.13241184;
 -0.013966938, -0.014445907, 0.99979812, -1.1926217;
 0, 0, 0, 1]
Ow:
[0.044135258;
 -0.15060377;
 1.191303]
Keyframe: 57 Frame: 232 Frame from vFrameID : 233
Tcw:
[0.99999493, -0.0030346664, 0.00096518017, 0.037825625;
 0.0030762171, 0.99891633, -0.046440873, -0.15992035;
 -0.00082320167, 0.046443604, 0.99892056, 1.2431047;
 0, 0, 0, 1]
Twc:
[0.99999493, 0.0030762171, -0.00082320167, -0.036310159;
 -0.0030346664, 0.99891633, 0.046443604, 0.10212757;
 0.00096518017, -0.046440873, 0.99892056, -1.2492262;
 0, 0, 0, 1]
Ow:
[0.037825625;
 -0.15992035;
 1.2431047]
Keyframe: 58 Frame: 235 Frame from vFrameID : 236
Tcw:
[0.99975061, -0.0093593569, 0.020276019, 0.04079216;
 0.009958352, 0.99951088, -0.029645324, -0.16380127;
 -0.019988641, 0.029839847, 0.99935484, 1.2693985;
 0, 0, 0, 1]
Twc:
[0.99975061, 0.009958352, -0.019988641, -0.013777249;
 -0.0093593569, 0.99951088, 0.029839847, 0.12622428;
 0.020276019, -0.029645324, 0.99935484, -1.2742624;
 0, 0, 0, 1]
Ow:
[0.04079216;
 -0.16380127;
 1.2693985]
Keyframe: 59 Frame: 239 Frame from vFrameID : 240
Tcw:
[0.99914813, -0.0037103517, 0.041100953, 0.044350281;
 0.0046635969, 0.99972177, -0.023121234, -0.1677426;
 -0.04100373, 0.023293216, 0.99888742, 1.3054738;
 0, 0, 0, 1]
Twc:
[0.99914813, 0.0046635969, -0.04100373, 0.0099990834;
 -0.0037103517, 0.99972177, 0.023293216, 0.13745181;
 0.041100953, -0.023121234, 0.99888742, -1.3097227;
 0, 0, 0, 1]
Ow:
[0.044350281;
 -0.1677426;
 1.3054738]
Keyframe: 60 Frame: 243 Frame from vFrameID : 244
Tcw:
[0.9989177, 0.00018485665, 0.046511926, 0.056663696;
 0.0016411019, 0.99922937, -0.039216608, -0.172815;
 -0.04648333, 0.039250497, 0.99814761, 1.3464489;
 0, 0, 0, 1]
Twc:
[0.9989177, 0.0016411019, -0.04648333, 0.0062686731;
 0.00018485665, 0.99922937, 0.039250497, 0.11982256;
 0.046511926, -0.039216608, 0.99814761, -1.3533676;
 0, 0, 0, 1]
Ow:
[0.056663696;
 -0.172815;
 1.3464489]
Keyframe: 61 Frame: 246 Frame from vFrameID : 247
Tcw:
[0.99926382, 0.032138702, 0.020949876, 0.066639066;
 -0.031212473, 0.99858165, -0.04313264, -0.18207726;
 -0.022306388, 0.04244699, 0.99884969, 1.381466;
 0, 0, 0, 1]
Twc:
[0.99926382, -0.031212473, -0.022306388, -0.041457575;
 0.032138702, 0.99858165, 0.04244699, 0.12103826;
 0.020949876, -0.04313264, 0.99884969, -1.3891264;
 0, 0, 0, 1]
Ow:
[0.066639066;
 -0.18207726;
 1.381466]
Keyframe: 62 Frame: 250 Frame from vFrameID : 251
Tcw:
[0.99989974, 0.01346094, -0.0043879799, 0.067370892;
 -0.013655643, 0.99876058, -0.047862232, -0.18603361;
 0.0037382708, 0.047917355, 0.99884433, 1.4106715;
 0, 0, 0, 1]
Twc:
[0.99989974, -0.013655643, 0.0037382708, -0.07517802;
 0.01346094, 0.99876058, 0.047917355, 0.11730052;
 -0.0043879799, -0.047862232, 0.99884433, -1.4176495;
 0, 0, 0, 1]
Ow:
[0.067370892;
 -0.18603361;
 1.4106715]
Keyframe: 63 Frame: 253 Frame from vFrameID : 254
Tcw:
[0.99986053, 0.012582104, -0.010983968, 0.069914579;
 -0.01290363, 0.9994753, -0.029709484, -0.18949905;
 0.010604397, 0.029847074, 0.99949825, 1.4349982;
 0, 0, 0, 1]
Twc:
[0.99986053, -0.01290363, 0.010604397, -0.087567337;
 0.012582104, 0.9994753, 0.029847074, 0.14568944;
 -0.010983968, -0.029709484, 0.99949825, -1.43914;
 0, 0, 0, 1]
Ow:
[0.069914579;
 -0.18949905;
 1.4349982]
Keyframe: 64 Frame: 256 Frame from vFrameID : 257
Tcw:
[0.99992478, 0.0049988679, -0.011202597, 0.068539426;
 -0.0054546306, 0.99914306, -0.041029423, -0.19045296;
 0.010987896, 0.041087441, 0.99909514, 1.4637656;
 0, 0, 0, 1]
Twc:
[0.99992478, -0.0054546306, 0.010987896, -0.085656822;
 0.0049988679, 0.99914306, 0.041087441, 0.12980475;
 -0.011202597, -0.041029423, 0.99909514, -1.4694874;
 0, 0, 0, 1]
Ow:
[0.068539426;
 -0.19045296;
 1.4637656]
Keyframe: 65 Frame: 260 Frame from vFrameID : 261
Tcw:
[0.99998105, -0.0011206374, -0.006050765, 0.066040084;
 0.00088573684, 0.99925101, -0.038685687, -0.19198817;
 0.0060895858, 0.038679596, 0.99923313, 1.5026907;
 0, 0, 0, 1]
Twc:
[0.99998105, 0.00088573684, 0.0060895858, -0.075019553;
 -0.0011206374, 0.99925101, 0.038679596, 0.13379492;
 -0.006050765, -0.038685687, 0.99923313, -1.5085659;
 0, 0, 0, 1]
Ow:
[0.066040084;
 -0.19198817;
 1.5026907]
Keyframe: 66 Frame: 264 Frame from vFrameID : 265
Tcw:
[0.99998307, -0.0046545276, 0.0034937465, 0.061658274;
 0.0048131337, 0.99889022, -0.046852183, -0.19929829;
 -0.0032717946, 0.046868205, 0.9988957, 1.545698;
 0, 0, 0, 1]
Twc:
[0.99998307, 0.0048131337, -0.0032717946, -0.055640776;
 -0.0046545276, 0.99889022, 0.046868205, 0.12692001;
 0.0034937465, -0.046852183, 0.9988957, -1.5535442;
 0, 0, 0, 1]
Ow:
[0.061658274;
 -0.19929829;
 1.545698]
Keyframe: 67 Frame: 267 Frame from vFrameID : 268
Tcw:
[0.99986994, -0.0094227167, 0.013088077, 0.062107049;
 0.0099630756, 0.99907404, -0.041853983, -0.20305713;
 -0.01268158, 0.041978937, 0.99903798, 1.5613225;
 0, 0, 0, 1]
Twc:
[0.99986994, 0.0099630756, -0.01268158, -0.040275861;
 -0.0094227167, 0.99907404, 0.041978937, 0.13791168;
 0.013088077, -0.041853983, 0.99903798, -1.5691321;
 0, 0, 0, 1]
Ow:
[0.062107049;
 -0.20305713;
 1.5613225]
Keyframe: 68 Frame: 270 Frame from vFrameID : 271
Tcw:
[0.99982345, -0.01634806, 0.0092614163, 0.060792349;
 0.016670875, 0.99921548, -0.035922978, -0.20752516;
 -0.0086668795, 0.036071032, 0.99931163, 1.5977124;
 0, 0, 0, 1]
Twc:
[0.99982345, 0.016670875, -0.0086668795, -0.043474808;
 -0.01634806, 0.99921548, 0.036071032, 0.15072505;
 0.0092614163, -0.035922978, 0.99931163, -1.6046306;
 0, 0, 0, 1]
Ow:
[0.060792349;
 -0.20752516;
 1.5977124]
Keyframe: 69 Frame: 273 Frame from vFrameID : 274
Tcw:
[0.99973327, -0.014305481, -0.018129988, 0.065249085;
 0.013559398, 0.99908239, -0.040627263, -0.20900252;
 0.018694544, 0.040370598, 0.99900985, 1.6275001;
 0, 0, 0, 1]
Twc:
[0.99973327, 0.013559398, 0.018694544, -0.092823103;
 -0.014305481, 0.99908239, 0.040370598, 0.144041;
 -0.018129988, -0.040627263, 0.99900985, -1.6331968;
 0, 0, 0, 1]
Ow:
[0.065249085;
 -0.20900252;
 1.6275001]
Keyframe: 70 Frame: 277 Frame from vFrameID : 278
Tcw:
[0.99925351, 0.013402251, -0.036232047, 0.085536748;
 -0.01518147, 0.99866933, -0.049285647, -0.21166633;
 0.035523295, 0.049798913, 0.99812734, 1.6644385;
 0, 0, 0, 1]
Twc:
[0.99925351, -0.01518147, 0.035523295, -0.14781265;
 0.013402251, 0.99866933, 0.049798913, 0.12735106;
 -0.036232047, -0.049285647, 0.99812734, -1.6686544;
 0, 0, 0, 1]
Ow:
[0.085536748;
 -0.21166633;
 1.6644385]
Keyframe: 71 Frame: 281 Frame from vFrameID : 282
Tcw:
[0.99934393, 0.014961394, -0.032983154, 0.083047196;
 -0.016443925, 0.9988451, -0.045144871, -0.22350053;
 0.032269631, 0.045657624, 0.9984358, 1.6986814;
 0, 0, 0, 1]
Twc:
[0.99934393, -0.016443925, 0.032269631, -0.14148375;
 0.014961394, 0.9988451, 0.045657624, 0.14444216;
 -0.032983154, -0.045144871, 0.9984358, -1.7033751;
 0, 0, 0, 1]
Ow:
[0.083047196;
 -0.22350053;
 1.6986814]
Keyframe: 72 Frame: 285 Frame from vFrameID : 286
Tcw:
[0.99821049, 0.016978094, -0.057336926, 0.086579606;
 -0.019091304, 0.99915087, -0.036511611, -0.22606297;
 0.056668341, 0.037540913, 0.99768704, 1.7258492;
 0, 0, 0, 1]
Twc:
[0.99821049, -0.019091304, 0.056668341, -0.18854152;
 0.016978094, 0.99915087, 0.037540913, 0.15961109;
 -0.057336926, -0.036511611, 0.99768704, -1.7251469;
 0, 0, 0, 1]
Ow:
[0.086579606;
 -0.22606297;
 1.7258492]
Keyframe: 73 Frame: 289 Frame from vFrameID : 290
Tcw:
[0.99826074, 0.021588665, -0.054858327, 0.083253488;
 -0.023136402, 0.99934751, -0.027736619, -0.22875765;
 0.054223735, 0.028957602, 0.9981088, 1.7723017;
 0, 0, 0, 1]
Twc:
[0.99826074, -0.023136402, 0.054223735, -0.18450212;
 0.021588665, 0.99934751, 0.028957602, 0.17548943;
 -0.054858327, -0.027736619, 0.9981088, -1.7707279;
 0, 0, 0, 1]
Ow:
[0.083253488;
 -0.22875765;
 1.7723017]
Keyframe: 74 Frame: 293 Frame from vFrameID : 294
Tcw:
[0.99789059, 0.0064132195, -0.064600512, 0.077536635;
 -0.0084302453, 0.99948388, -0.030999031, -0.2325718;
 0.06436836, 0.031478241, 0.99742961, 1.8137367;
 0, 0, 0, 1]
Twc:
[0.99789059, -0.0084302453, 0.06436836, -0.19608098;
 0.0064132195, 0.99948388, 0.031478241, 0.17486124;
 -0.064600512, -0.030999031, 0.99742961, -1.8112754;
 0, 0, 0, 1]
Ow:
[0.077536635;
 -0.2325718;
 1.8137367]
Keyframe: 75 Frame: 297 Frame from vFrameID : 298
Tcw:
[0.99850756, -0.0046051689, -0.054419599, 0.068658166;
 0.0031139709, 0.99961817, -0.027454948, -0.23751971;
 0.054525256, 0.027244512, 0.99814063, 1.8490801;
 0, 0, 0, 1]
Twc:
[0.99850756, 0.0031139709, 0.054525256, -0.16863762;
 -0.0046051689, 0.99961817, 0.027244512, 0.18736793;
 -0.054419599, -0.027454948, 0.99814063, -1.8484267;
 0, 0, 0, 1]
Ow:
[0.068658166;
 -0.23751971;
 1.8490801]
Keyframe: 76 Frame: 301 Frame from vFrameID : 302
Tcw:
[0.9990654, -0.013493799, -0.041064009, 0.070060588;
 0.01306249, 0.99985683, -0.010753594, -0.24464446;
 0.041203238, 0.010207145, 0.99909866, 1.8863266;
 0, 0, 0, 1]
Twc:
[0.9990654, 0.01306249, 0.041203238, -0.1445222;
 -0.013493799, 0.99985683, 0.010207145, 0.22630081;
 -0.041064009, -0.010753594, 0.99909866, -1.8843801;
 0, 0, 0, 1]
Ow:
[0.070060588;
 -0.24464446;
 1.8863266]
Keyframe: 77 Frame: 305 Frame from vFrameID : 306
Tcw:
[0.99931961, -0.0069043674, -0.03622986, 0.071450159;
 0.0065022139, 0.99991608, -0.011206165, -0.24933788;
 0.036304191, 0.010962967, 0.99928063, 1.9281979;
 0, 0, 0, 1]
Twc:
[0.99931961, 0.0065022139, 0.036304191, -0.13978195;
 -0.0069043674, 0.99991608, 0.010962967, 0.22867151;
 -0.03622986, -0.011206165, 0.99928063, -1.9270164;
 0, 0, 0, 1]
Ow:
[0.071450159;
 -0.24933788;
 1.9281979]
Keyframe: 78 Frame: 309 Frame from vFrameID : 310
Tcw:
[0.998429, 0.019310299, -0.052599173, 0.077638321;
 -0.02075325, 0.99941927, -0.027026309, -0.25007465;
 0.052046739, 0.028075453, 0.99824995, 1.9668092;
 0, 0, 0, 1]
Twc:
[0.998429, -0.02075325, 0.052046739, -0.18507221;
 0.019310299, 0.99941927, 0.028075453, 0.19321117;
 -0.052599173, -0.027026309, 0.99824995, -1.9660418;
 0, 0, 0, 1]
Ow:
[0.077638321;
 -0.25007465;
 1.9668092]
Keyframe: 79 Frame: 313 Frame from vFrameID : 314
Tcw:
[0.99619806, 0.016147288, -0.085607871, 0.083802819;
 -0.015978009, 0.99986881, 0.0026622245, -0.26095614;
 0.085639626, -0.0012842594, 0.99632537, 2.0099421;
 0, 0, 0, 1]
Twc:
[0.99619806, -0.015978009, 0.085639626, -0.25978443;
 0.016147288, 0.99986881, -0.0012842594, 0.26214999;
 -0.085607871, 0.0026622245, 0.99632537, -1.9946872;
 0, 0, 0, 1]
Ow:
[0.083802819;
 -0.26095614;
 2.0099421]
Keyframe: 80 Frame: 317 Frame from vFrameID : 318
Tcw:
[0.99719805, 0.027743893, -0.069471948, 0.086154506;
 -0.027794233, 0.99961364, 0.00024210766, -0.26490673;
 0.069451824, 0.0016894902, 0.99758387, 2.043499;
 0, 0, 0, 1]
Twc:
[0.99719805, -0.027794233, 0.069451824, -0.23520072;
 0.027743893, 0.99961364, 0.0016894902, 0.25896165;
 -0.069471948, 0.00024210766, 0.99758387, -2.0325122;
 0, 0, 0, 1]
Ow:
[0.086154506;
 -0.26490673;
 2.043499]
Keyframe: 81 Frame: 321 Frame from vFrameID : 322
Tcw:
[0.99742246, 0.01303235, -0.070559144, 0.079799309;
 -0.013965063, 0.99982131, -0.012741744, -0.266684;
 0.070380479, 0.013694264, 0.99742621, 2.079334;
 0, 0, 0, 1]
Twc:
[0.99742246, -0.013965063, 0.070380479, -0.2296624;
 0.01303235, 0.99982131, 0.013694264, 0.23712143;
 -0.070559144, -0.012741744, 0.99742621, -2.0717497;
 0, 0, 0, 1]
Ow:
[0.079799309;
 -0.266684;
 2.079334]
Keyframe: 82 Frame: 325 Frame from vFrameID : 326
Tcw:
[0.99686742, -0.0058035888, -0.078877769, 0.074827269;
 0.0044766166, 0.99984562, -0.016989572, -0.27341723;
 0.078964196, 0.016583245, 0.99673951, 2.1186063;
 0, 0, 0, 1]
Twc:
[0.99686742, 0.0044766166, 0.078964196, -0.24066292;
 -0.0058035888, 0.99984562, 0.016583245, 0.23867592;
 -0.078877769, -0.016989572, 0.99673951, -2.1104417;
 0, 0, 0, 1]
Ow:
[0.074827269;
 -0.27341723;
 2.1186063]
Keyframe: 83 Frame: 329 Frame from vFrameID : 330
Tcw:
[0.99806106, -0.011570488, -0.061157145, 0.070150331;
 0.010466282, 0.99977696, -0.018344842, -0.27700517;
 0.061355762, 0.017669186, 0.99795955, 2.1518502;
 0, 0, 0, 1]
Twc:
[0.99806106, 0.010466282, 0.061355762, -0.19914351;
 -0.011570488, 0.99977696, 0.017669186, 0.23973361;
 -0.061157145, -0.018344842, 0.99795955, -2.1482508;
 0, 0, 0, 1]
Ow:
[0.070150331;
 -0.27700517;
 2.1518502]
Keyframe: 84 Frame: 333 Frame from vFrameID : 334
Tcw:
[0.99838376, -0.011592909, -0.055637427, 0.071632832;
 0.011672087, 0.99993128, 0.0010983675, -0.28153959;
 0.055620868, -0.0017459971, 0.99845046, 2.1881711;
 0, 0, 0, 1]
Twc:
[0.99838376, 0.011672087, 0.055620868, -0.18993889;
 -0.011592909, 0.99993128, -0.0017459971, 0.28617123;
 -0.055637427, 0.0010983675, 0.99845046, -2.1804857;
 0, 0, 0, 1]
Ow:
[0.071632832;
 -0.28153959;
 2.1881711]
Keyframe: 85 Frame: 337 Frame from vFrameID : 338
Tcw:
[0.99687302, -0.0094072148, -0.078457877, 0.077291027;
 0.0089853257, 0.9999432, -0.0057285782, -0.28711033;
 0.078507319, 0.0050056954, 0.99690098, 2.2356877;
 0, 0, 0, 1]
Twc:
[0.99687302, 0.0089853257, 0.078507319, -0.24998741;
 -0.0094072148, 0.9999432, 0.0050056954, 0.27662995;
 -0.078457877, -0.0057285782, 0.99690098, -2.22434;
 0, 0, 0, 1]
Ow:
[0.077291027;
 -0.28711033;
 2.2356877]
Keyframe: 86 Frame: 341 Frame from vFrameID : 342
Tcw:
[0.99364424, 0.013808296, -0.11171573, 0.08922714;
 -0.016041344, 0.99968863, -0.01911453, -0.29276815;
 0.111417, 0.020785112, 0.99355638, 2.2787969;
 0, 0, 0, 1]
Twc:
[0.99364424, -0.016041344, 0.111417, -0.34725314;
 0.013808296, 0.99968863, 0.020785112, 0.24407984;
 -0.11171573, -0.01911453, 0.99355638, -2.2597411;
 0, 0, 0, 1]
Ow:
[0.08922714;
 -0.29276815;
 2.2787969]
Keyframe: 87 Frame: 345 Frame from vFrameID : 346
Tcw:
[0.99347895, 0.020640245, -0.11213166, 0.094575197;
 -0.022192912, 0.99967408, -0.012616186, -0.29904026;
 0.11183471, 0.015022444, 0.99361324, 2.3134406;
 0, 0, 0, 1]
Twc:
[0.99347895, -0.022192912, 0.11183471, -0.35931799;
 0.020640245, 0.99967408, 0.015022444, 0.26223722;
 -0.11213166, -0.012616186, 0.99361324, -2.2918332;
 0, 0, 0, 1]
Ow:
[0.094575197;
 -0.29904026;
 2.3134406]
Keyframe: 88 Frame: 349 Frame from vFrameID : 350
Tcw:
[0.99451345, 0.019256581, -0.10282081, 0.094616055;
 -0.020986915, 0.99965531, -0.015773321, -0.30022147;
 0.10248163, 0.017844671, 0.99457484, 2.3487647;
 0, 0, 0, 1]
Twc:
[0.99451345, -0.020986915, 0.10248163, -0.3411029;
 0.019256581, 0.99965531, 0.017844671, 0.25638306;
 -0.10282081, -0.015773321, 0.99457484, -2.3310292;
 0, 0, 0, 1]
Ow:
[0.094616055;
 -0.30022147;
 2.3487647]
Keyframe: 89 Frame: 353 Frame from vFrameID : 354
Tcw:
[0.99495202, 0.0044295257, -0.10025376, 0.087663069;
 -0.008288173, 0.99923939, -0.038105085, -0.30422071;
 0.10000871, 0.038743652, 0.99423194, 2.387641;
