Keyframe: 0 Frame: 0 Frame from vFrameID : 70
Tcw:
[1, 0, 0, 0;
 0, 1, 0, 0;
 0, 0, 1, 0;
 0, 0, 0, 1]
Twc:
[1, 0, 0, 0;
 0, 1, 0, 0;
 0, 0, 1, 0;
 0, 0, 0, 1]
Ow:
[0;
 0;
 0]
Keyframe: 1 Frame: 69 Frame from vFrameID : 70
Tcw:
[0.99994969, -0.0095171966, 0.0031710321, 0.00092965172;
 0.0095422678, 0.99992257, -0.0079874154, -0.010592873;
 -0.0030947689, 0.0080172727, 0.99996305, 0.05187593;
 0, 0, 0, 1]
Twc:
[0.99994969, 0.0095422678, -0.0030947689, -0.00066798087;
 -0.0095171966, 0.99992257, 0.0080172727, 0.010184998;
 0.0031710321, -0.0079874154, 0.99996305, -0.051961571;
 0, 0, 0, 1]
Ow:
[0.00092965172;
 -0.010592873;
 0.05187593]
Keyframe: 2 Frame: 70 Frame from vFrameID : 71
Tcw:
[0.99998146, -0.0055725179, -0.0024632432, 0.0012778265;
 0.0055567357, 0.9999643, -0.0063681961, -0.011210278;
 0.0024986421, 0.0063543902, 0.99997669, 0.052667536;
 0, 0, 0, 1]
Twc:
[0.99998146, 0.0055567357, 0.0024986421, -0.0013471076;
 -0.0055725179, 0.9999643, 0.0063543902, 0.010882328;
 -0.0024632432, -0.0063681961, 0.99997669, -0.05273455;
 0, 0, 0, 1]
Ow:
[0.0012778265;
 -0.011210278;
 0.052667536]
Keyframe: 3 Frame: 71 Frame from vFrameID : 72
Tcw:
[0.99996281, -0.0026012498, -0.0082206605, 0.0016696389;
 0.0025474352, 0.99997532, -0.0065499707, -0.010963552;
 0.0082374951, 0.0065287859, 0.99994475, 0.051434644;
 0, 0, 0, 1]
Twc:
[0.99996281, 0.0025474352, 0.0082374951, -0.0020653405;
 -0.0026012498, 0.99997532, 0.0065287859, 0.010631818;
 -0.0082206605, -0.0065499707, 0.99994475, -0.05148989;
 0, 0, 0, 1]
Ow:
[0.0016696389;
 -0.010963552;
 0.051434644]
Keyframe: 4 Frame: 72 Frame from vFrameID : 73
Tcw:
[0.99991328, -0.0040943911, -0.012515827, 0.0016605619;
 0.0040438818, 0.99998361, -0.0040583177, -0.01162617;
 0.012532238, 0.0040073534, 0.99991345, 0.051056795;
 0, 0, 0, 1]
Twc:
[0.99991328, 0.0040438818, 0.012532238, -0.0022532588;
 -0.0040943911, 0.99998361, 0.0040073534, 0.011428175;
 -0.012515827, -0.0040583177, 0.99991345, -0.051078774;
 0, 0, 0, 1]
Ow:
[0.0016605619;
 -0.01162617;
 0.051056795]
Keyframe: 5 Frame: 73 Frame from vFrameID : 74
Tcw:
[0.99987245, -0.0072211293, -0.014245361, 0.00064798625;
 0.0071662711, 0.99996674, -0.0038982399, -0.012307623;
 0.014273036, 0.0037956566, 0.99989092, 0.050117765;
 0, 0, 0, 1]
Twc:
[0.99987245, 0.0071662711, 0.014273036, -0.0012750365;
 -0.0072211293, 0.99996674, 0.0037956566, 0.012121663;
 -0.014245361, -0.0038982399, 0.99989092, -0.050151043;
 0, 0, 0, 1]
Ow:
[0.00064798625;
 -0.012307623;
 0.050117765]
Keyframe: 6 Frame: 74 Frame from vFrameID : 75
Tcw:
[0.999816, -0.010925248, -0.015765995, 0.0004921786;
 0.010830313, 0.99992275, -0.0060943998, -0.013512774;
 0.015831359, 0.005922528, 0.99985713, 0.050387271;
 0, 0, 0, 1]
Twc:
[0.999816, 0.010830313, 0.015831359, -0.0011434396;
 -0.010925248, 0.99992275, 0.005922528, 0.013218688;
 -0.015765995, -0.0060943998, 0.99985713, -0.050454665;
 0, 0, 0, 1]
Ow:
[0.0004921786;
 -0.013512774;
 0.050387271]
Keyframe: 7 Frame: 75 Frame from vFrameID : 76
Tcw:
[0.99982673, -0.011068479, -0.014967971, 0.0014277839;
 0.010916412, 0.99988836, -0.010203356, -0.012976631;
 0.015079237, 0.010038191, 0.99983591, 0.048006285;
 0, 0, 0, 1]
Twc:
[0.99982673, 0.010916412, 0.015079237, -0.0020097764;
 -0.011068479, 0.99988836, 0.010038191, 0.012509088;
 -0.014967971, -0.010203356, 0.99983591, -0.048109442;
 0, 0, 0, 1]
Ow:
[0.0014277839;
 -0.012976631;
 0.048006285]
Keyframe: 8 Frame: 77 Frame from vFrameID : 78
Tcw:
[0.99988741, -0.0093027139, -0.011774071, -0.0017310375;
 0.0091455458, 0.99986929, -0.013332875, -0.011417323;
 0.011896564, 0.013223694, 0.99984181, 0.042979706;
 0, 0, 0, 1]
Twc:
[0.99988741, 0.0091455458, 0.011896564, 0.0013239494;
 -0.0093027139, 0.99986929, 0.013223694, 0.010831377;
 -0.011774071, -0.013332875, 0.99984181, -0.043145511;
 0, 0, 0, 1]
Ow:
[-0.0017310375;
 -0.011417323;
 0.042979706]
Keyframe: 9 Frame: 79 Frame from vFrameID : 80
Tcw:
[0.99992394, -0.0067962478, -0.010289278, -0.0055248095;
 0.0067898761, 0.99997675, -0.00065403274, -0.010980255;
 0.010293484, 0.00058412011, 0.99994683, 0.040738065;
 0, 0, 0, 1]
Twc:
[0.99992394, 0.0067898761, 0.010293484, 0.0051796078;
 -0.0067962478, 0.99997675, 0.00058412011, 0.010918656;
 -0.010289278, -0.00065403274, 0.99994683, -0.040799927;
 0, 0, 0, 1]
Ow:
[-0.0055248095;
 -0.010980255;
 0.040738065]
Keyframe: 10 Frame: 81 Frame from vFrameID : 82
Tcw:
[0.99979144, -0.011857758, -0.016625904, -0.010601438;
 0.011907925, 0.99992484, 0.0029216486, -0.012584554;
 0.01659001, -0.0031190193, 0.99985749, 0.038033027;
 0, 0, 0, 1]
Twc:
[0.99979144, 0.011907925, 0.01659001, 0.010118115;
 -0.011857758, 0.99992484, -0.0031190193, 0.012576524;
 -0.016625904, 0.0029216486, 0.99985749, -0.0381671;
 0, 0, 0, 1]
Ow:
[-0.010601438;
 -0.012584554;
 0.038033027]
Keyframe: 11 Frame: 83 Frame from vFrameID : 84
Tcw:
[0.9994666, -0.021330504, -0.024729509, -0.017581493;
 0.021329679, 0.99977243, -0.00029718209, -0.010802126;
 0.02473022, -0.0002304489, 0.99969411, 0.032616843;
 0, 0, 0, 1]
Twc:
[0.9994666, 0.021329679, 0.02473022, 0.016995898;
 -0.021330504, 0.99977243, -0.0002304489, 0.010432161;
 -0.024729509, -0.00029718209, 0.99969411, -0.033044856;
 0, 0, 0, 1]
Ow:
[-0.017581493;
 -0.010802126;
 0.032616843]
Keyframe: 12 Frame: 86 Frame from vFrameID : 87
Tcw:
[0.99859065, -0.034104776, -0.040664237, -0.019332658;
 0.034289125, 0.99940455, 0.0038444761, -0.010549914;
 0.040508907, -0.0052333991, 0.99916548, 0.027478889;
 0, 0, 0, 1]
Twc:
[0.99859065, 0.034289125, 0.040508907, 0.018554019;
 -0.034104776, 0.99940455, -0.0052333991, 0.010028104;
 -0.040664237, 0.0038444761, 0.99916548, -0.028201545;
 0, 0, 0, 1]
Ow:
[-0.019332658;
 -0.010549914;
 0.027478889]
Keyframe: 13 Frame: 89 Frame from vFrameID : 90
Tcw:
[0.99859637, -0.031194178, -0.042804681, -0.01572202;
 0.031753998, 0.99941802, 0.012461312, -0.010727307;
 0.042391047, -0.013803041, 0.99900573, 0.023957158;
 0, 0, 0, 1]
Twc:
[0.99859637, 0.031753998, 0.042391047, 0.015025017;
 -0.031194178, 0.99941802, -0.013803041, 0.010561311;
 -0.042804681, 0.012461312, 0.99900573, -0.024472637;
 0, 0, 0, 1]
Ow:
[-0.01572202;
 -0.010727307;
 0.023957158]
Keyframe: 14 Frame: 92 Frame from vFrameID : 93
Tcw:
[0.99930352, -0.019514266, -0.031806286, -0.010812699;
 0.019856311, 0.99974799, 0.010473812, -0.0068207216;
 0.031593882, -0.011098073, 0.99943918, 0.016488396;
 0, 0, 0, 1]
Twc:
[0.99930352, 0.019856311, 0.031593882, 0.01041967;
 -0.019514266, 0.99974799, -0.011098073, 0.00679099;
 -0.031806286, 0.010473812, 0.99943918, -0.016751621;
 0, 0, 0, 1]
Ow:
[-0.010812699;
 -0.0068207216;
 0.016488396]
Keyframe: 15 Frame: 95 Frame from vFrameID : 96
Tcw:
[0.99995965, -0.0046516075, -0.0076825726, 0.0008017561;
 0.0046546948, 0.99998909, 0.00038405636, -0.0012397448;
 0.0076807025, -0.0004198009, 0.99997044, 0.0099012833;
 0, 0, 0, 1]
Twc:
[0.99995965, 0.0046546948, 0.0076807025, -0.00087200198;
 -0.0046516075, 0.99998909, -0.0004198009, 0.0012476174;
 -0.0076825726, 0.00038405636, 0.99997044, -0.0098943543;
 0, 0, 0, 1]
Ow:
[0.0008017561;
 -0.0012397448;
 0.0099012833]
Keyframe: 16 Frame: 98 Frame from vFrameID : 99
Tcw:
[0.99996781, -0.0050003999, 0.0062750084, 0.0057268054;
 0.0049732258, 0.99997824, 0.0043386966, 0.00037478041;
 -0.0062965672, -0.0043073501, 0.99997091, 0.0077928775;
 0, 0, 0, 1]
Twc:
[0.99996781, 0.0049732258, -0.0062965672, -0.0056794165;
 -0.0050003999, 0.99997824, -0.0043073501, -0.00031256929;
 0.0062750084, 0.0043386966, 0.99997091, -0.0078302128;
 0, 0, 0, 1]
Ow:
[0.0057268054;
 0.00037478041;
 0.0077928775]
Keyframe: 17 Frame: 101 Frame from vFrameID : 102
Tcw:
[0.99984163, -0.0083890837, 0.015694292, 0.0091417562;
 0.0081888949, 0.99988484, 0.012776565, 0.00011041143;
 -0.01579967, -0.012646023, 0.9997952, 0.0087603452;
 0, 0, 0, 1]
Twc:
[0.99984163, 0.0081888949, -0.01579967, -0.0090028029;
 -0.0083890837, 0.99988484, -0.012646023, 7.7075776e-05;
 0.015694292, 0.012776565, 0.9997952, -0.0089034354;
 0, 0, 0, 1]
Ow:
[0.0091417562;
 0.00011041143;
 0.0087603452]
Keyframe: 18 Frame: 104 Frame from vFrameID : 105
Tcw:
[0.9996205, -0.0067511145, 0.026707925, 0.0091295382;
 0.0061819702, 0.99975324, 0.021335412, -0.00073015748;
 -0.026845373, -0.021162208, 0.99941558, 0.016646221;
 0, 0, 0, 1]
Twc:
[0.9996205, 0.0061819702, -0.026845373, -0.0086746858;
 -0.0067511145, 0.99975324, -0.021162208, 0.0011438826;
 0.026707925, 0.021335412, 0.99941558, -0.016864745;
 0, 0, 0, 1]
Ow:
[0.0091295382;
 -0.00073015748;
 0.016646221]
Keyframe: 19 Frame: 107 Frame from vFrameID : 108
Tcw:
[0.99958503, -0.010061972, 0.026990671, 0.0068180542;
 0.0097076204, 0.99986541, 0.013227748, -0.0030469925;
 -0.027120134, -0.012960244, 0.99954814, 0.02217629;
 0, 0, 0, 1]
Twc:
[0.99958503, 0.0097076204, -0.027120134, -0.0061842222;
 -0.010061972, 0.99986541, -0.012960244, 0.0034025954;
 0.026990671, 0.013227748, 0.99954814, -0.022309989;
 0, 0, 0, 1]
Ow:
[0.0068180542;
 -0.0030469925;
 0.02217629]
Keyframe: 20 Frame: 110 Frame from vFrameID : 111
Tcw:
[0.99968368, -0.016132899, 0.019295735, 0.00013079273;
 0.016106574, 0.99986911, 0.001518944, -0.0062925806;
 -0.019317714, -0.0012076753, 0.99981266, 0.034267109;
 0, 0, 0, 1]
Twc:
[0.99968368, 0.016106574, -0.019317714, 0.00063256285;
 -0.016132899, 0.99986911, -0.0012076753, 0.006335251;
 0.019295735, 0.001518944, 0.99981266, -0.034253657;
 0, 0, 0, 1]
Ow:
[0.00013079273;
 -0.0062925806;
 0.034267109]
Keyframe: 21 Frame: 113 Frame from vFrameID : 114
Tcw:
[0.99939829, -0.030765889, 0.016017511, 0.00024870329;
 0.030950831, 0.99945557, -0.011429294, -0.0060548126;
 -0.015657159, 0.011918171, 0.9998064, 0.045992456;
 0, 0, 0, 1]
Twc:
[0.99939829, 0.030950831, -0.015657159, 0.00065895898;
 -0.030765889, 0.99945557, 0.011918171, 0.0055110212;
 0.016017511, -0.011429294, 0.9998064, -0.046056736;
 0, 0, 0, 1]
Ow:
[0.00024870329;
 -0.0060548126;
 0.045992456]
Keyframe: 22 Frame: 117 Frame from vFrameID : 118
Tcw:
[0.99894965, -0.035405491, 0.029086094, -0.0024415932;
 0.035425164, 0.9993723, -0.00016116044, -0.012535237;
 -0.029062131, 0.0011913708, 0.99957693, 0.070044622;
 0, 0, 0, 1]
Twc:
[0.99894965, 0.035425164, -0.029062131, 0.0049187378;
 -0.035405491, 0.9993723, 0.0011913708, 0.012357474;
 0.029086094, -0.00016116044, 0.99957693, -0.069945991;
 0, 0, 0, 1]
Ow:
[-0.0024415932;
 -0.012535237;
 0.070044622]
Keyframe: 23 Frame: 120 Frame from vFrameID : 121
Tcw:
[0.99903488, -0.034204654, 0.027556842, 0.00043583917;
 0.034278866, 0.99940985, -0.0022250209, -0.015282166;
 -0.027464474, 0.0031674909, 0.99961776, 0.090306945;
 0, 0, 0, 1]
Twc:
[0.99903488, 0.034278866, -0.027464474, 0.0025686696;
 -0.034204654, 0.99940985, 0.0031674909, 0.015002008;
 0.027556842, -0.0022250209, 0.99961776, -0.090318441;
 0, 0, 0, 1]
Ow:
[0.00043583917;
 -0.015282166;
 0.090306945]
Keyframe: 24 Frame: 124 Frame from vFrameID : 125
Tcw:
[0.99934882, -0.013228391, 0.033570129, 0.0065736687;
 0.013794846, 0.9997654, -0.016698612, -0.021298651;
 -0.033341356, 0.017150832, 0.99929684, 0.11997859;
 0, 0, 0, 1]
Twc:
[0.99934882, 0.013794846, -0.033341356, -0.0022753277;
 -0.013228391, 0.9997654, 0.017150832, 0.019322881;
 0.033570129, -0.016698612, 0.99929684, -0.12047057;
 0, 0, 0, 1]
Ow:
[0.0065736687;
 -0.021298651;
 0.11997859]
Keyframe: 25 Frame: 128 Frame from vFrameID : 129
Tcw:
[0.99991173, -0.0052679162, 0.012196956, 0.0095172403;
 0.0053415308, 0.99996769, -0.0060108122, -0.030862724;
 -0.012164897, 0.0060754321, 0.99990755, 0.14774255;
 0, 0, 0, 1]
Twc:
[0.99991173, 0.0053415308, -0.012164897, -0.0075542731;
 -0.0052679162, 0.99996769, 0.0060754321, 0.030014262;
 0.012196956, -0.0060108122, 0.99990755, -0.14803047;
 0, 0, 0, 1]
Ow:
[0.0095172403;
 -0.030862724;
 0.14774255]
Keyframe: 26 Frame: 132 Frame from vFrameID : 133
Tcw:
[0.99994373, -0.010565631, 0.00095681113, 0.012270455;
 0.01057507, 0.99988931, -0.010465352, -0.038602535;
 -0.00084613217, 0.010474881, 0.99994481, 0.18183222;
 0, 0, 0, 1]
Twc:
[0.99994373, 0.01057507, -0.00084613217, -0.011707686;
 -0.010565631, 0.99988931, 0.010474881, 0.036823235;
 0.00095681113, -0.010465352, 0.99994481, -0.18223791;
 0, 0, 0, 1]
Ow:
[0.012270455;
 -0.038602535;
 0.18183222]
Keyframe: 27 Frame: 136 Frame from vFrameID : 137
Tcw:
[0.99947381, -0.026893366, 0.018132851, 0.0091644302;
 0.027369402, 0.99927312, -0.02653655, -0.042811025;
 -0.017406013, 0.027018873, 0.99948335, 0.22316276;
 0, 0, 0, 1]
Twc:
[0.99947381, 0.027369402, -0.017406013, -0.0041035223;
 -0.026893366, 0.99927312, 0.027018873, 0.036996759;
 0.018132851, -0.02653655, 0.99948335, -0.22434971;
 0, 0, 0, 1]
Ow:
[0.0091644302;
 -0.042811025;
 0.22316276]
Keyframe: 28 Frame: 140 Frame from vFrameID : 141
Tcw:
[0.99853247, -0.049656246, 0.021612503, 0.0070988555;
 0.050345216, 0.99819982, -0.032595802, -0.048160344;
 -0.019955011, 0.033636056, 0.99923491, 0.26517266;
 0, 0, 0, 1]
Twc:
[0.99853247, 0.050345216, -0.019955011, 0.00062772876;
 -0.049656246, 0.99819982, 0.033636056, 0.039506789;
 0.021612503, -0.032595802, 0.99923491, -0.26669306;
 0, 0, 0, 1]
Ow:
[0.0070988555;
 -0.048160344;
 0.26517266]
Keyframe: 29 Frame: 144 Frame from vFrameID : 145
Tcw:
[0.99856693, -0.039748397, 0.035835966, 0.012580994;
 0.04011488, 0.99914926, -0.0095661199, -0.0558988;
 -0.035425242, 0.010989967, 0.99931192, 0.31356838;
 0, 0, 0, 1]
Twc:
[0.99856693, 0.04011488, -0.035425242, 0.0007876443;
 -0.039748397, 0.99914926, 0.010989967, 0.052905217;
 0.035835966, -0.0095661199, 0.99931192, -0.31433818;
 0, 0, 0, 1]
Ow:
[0.012580994;
 -0.0558988;
 0.31356838]
Keyframe: 30 Frame: 148 Frame from vFrameID : 149
Tcw:
[0.99928612, -0.035097279, 0.013978308, 0.013274986;
 0.035292041, 0.9992798, -0.01393917, -0.057865698;
 -0.013479014, 0.014422542, 0.99980515, 0.3578018;
 0, 0, 0, 1]
Twc:
[0.99928612, 0.035292041, -0.013479014, -0.0064004962;
 -0.035097279, 0.9992798, 0.014422542, 0.053129528;
 0.013978308, -0.01393917, 0.99980515, -0.35872421;
 0, 0, 0, 1]
Ow:
[0.013274986;
 -0.057865698;
 0.3578018]
Keyframe: 31 Frame: 152 Frame from vFrameID : 153
Tcw:
[0.99972188, -0.023480223, -0.0021947913, 0.019419691;
 0.023459971, 0.9996857, -0.0088383779, -0.059066702;
 0.0024016288, 0.0087844301, 0.99995852, 0.38708103;
 0, 0, 0, 1]
Twc:
[0.99972188, 0.023459971, 0.0024016288, -0.018958213;
 -0.023480223, 0.9996857, 0.0087844301, 0.056103829;
 -0.0021947913, -0.0088383779, 0.99995852, -0.38754439;
 0, 0, 0, 1]
Ow:
[0.019419691;
 -0.059066702;
 0.38708103]
Keyframe: 32 Frame: 156 Frame from vFrameID : 157
Tcw:
[0.99996531, 0.00042666824, -0.0083180778, 0.023276761;
 -0.00045045963, 0.99999583, -0.002858537, -0.066627122;
 0.0083168233, 0.0028621848, 0.99996132, 0.42681867;
 0, 0, 0, 1]
Twc:
[0.99996531, -0.00045045963, 0.0083168233, -0.026855743;
 0.00042666824, 0.99999583, 0.0028621848, 0.065395281;
 -0.0083180778, -0.002858537, 0.99996132, -0.426799;
 0, 0, 0, 1]
Ow:
[0.023276761;
 -0.066627122;
 0.42681867]
Keyframe: 33 Frame: 160 Frame from vFrameID : 161
Tcw:
[0.99982613, 0.015307613, -0.010645268, 0.028479971;
 -0.015347901, 0.99987531, -0.0037132995, -0.074059024;
 0.010587099, 0.0038760365, 0.99993646, 0.46204728;
 0, 0, 0, 1]
Twc:
[0.99982613, -0.015347901, 0.010587099, -0.034503412;
 0.015307613, 0.99987531, 0.0038760365, 0.071822919;
 -0.010645268, -0.0037132995, 0.99993646, -0.46198973;
 0, 0, 0, 1]
Ow:
[0.028479971;
 -0.074059024;
 0.46204728]
Keyframe: 34 Frame: 164 Frame from vFrameID : 165
Tcw:
[0.99998254, 0.0043841111, 0.0039604465, 0.031403605;
 -0.0043749106, 0.99998772, -0.0023287344, -0.07728596;
 -0.0039706072, 0.0023113671, 0.99998945, 0.51661777;
 0, 0, 0, 1]
Twc:
[0.99998254, -0.0043749106, -0.0039706072, -0.029689888;
 0.0043841111, 0.99998772, 0.0023113671, 0.075953238;
 0.0039604465, -0.0023287344, 0.99998945, -0.51691663;
 0, 0, 0, 1]
Ow:
[0.031403605;
 -0.07728596;
 0.51661777]
Keyframe: 35 Frame: 168 Frame from vFrameID : 169
Tcw:
[0.99980658, -0.0079835076, 0.017975247, 0.029369211;
 0.0081882747, 0.99990207, -0.011346985, -0.085258856;
 -0.017882898, 0.011491976, 0.99977404, 0.56178403;
 0, 0, 0, 1]
Twc:
[0.99980658, 0.0081882747, -0.017882898, -0.018619079;
 -0.0079835076, 0.99990207, 0.011491976, 0.079028979;
 0.017975247, -0.011346985, 0.99977404, -0.56315243;
 0, 0, 0, 1]
Ow:
[0.029369211;
 -0.085258856;
 0.56178403]
Keyframe: 36 Frame: 172 Frame from vFrameID : 173
Tcw:
[0.99869525, -0.019262683, 0.047294464, 0.025484227;
 0.020804483, 0.99926078, -0.032327145, -0.090982996;
 -0.046636797, 0.033268902, 0.99835777, 0.60274416;
 0, 0, 0, 1]
Twc:
[0.99869525, 0.020804483, -0.046636797, 0.0045519341;
 -0.019262683, 0.99926078, 0.033268902, 0.071353994;
 0.047294464, -0.032327145, 0.99835777, -0.60590076;
 0, 0, 0, 1]
Ow:
[0.025484227;
 -0.090982996;
 0.60274416]
Keyframe: 37 Frame: 176 Frame from vFrameID : 177
Tcw:
[0.99817556, -0.032455407, 0.050913997, 0.0262518;
 0.0334315, 0.99927092, -0.018438183, -0.09478882;
 -0.050278459, 0.020106673, 0.99853283, 0.64235765;
 0, 0, 0, 1]
Twc:
[0.99817556, 0.0334315, -0.050278459, 0.0092617767;
 -0.032455407, 0.99927092, 0.020106673, 0.082656041;
 0.050913997, -0.018438183, 0.99853283, -0.64449948;
 0, 0, 0, 1]
Ow:
[0.0262518;
 -0.09478882;
 0.64235765]
Keyframe: 38 Frame: 179 Frame from vFrameID : 180
Tcw:
[0.99804497, -0.024633441, 0.057441052, 0.032157011;
 0.02459144, 0.99969655, 0.0014380279, -0.10280708;
 -0.057459045, -2.265832e-05, 0.99834788, 0.67750734;
 0, 0, 0, 1]
Twc:
[0.99804497, 0.02459144, -0.057459045, 0.0093629565;
 -0.024633441, 0.99969655, -2.265832e-05, 0.10358338;
 0.057441052, 0.0014380279, 0.99834788, -0.67808729;
 0, 0, 0, 1]
Ow:
[0.032157011;
 -0.10280708;
 0.67750734]
Keyframe: 39 Frame: 183 Frame from vFrameID : 184
Tcw:
[0.99895072, -0.016142914, 0.042858306, 0.035465863;
 0.017168025, 0.99957263, -0.023659261, -0.11326116;
 -0.042458061, 0.024370229, 0.99880099, 0.72160572;
 0, 0, 0, 1]
Twc:
[0.99895072, 0.017168025, -0.042458061, -0.0028461991;
 -0.016142914, 0.99957263, 0.024370229, 0.096199587;
 0.042858306, -0.023659261, 0.99880099, -0.72494018;
 0, 0, 0, 1]
Ow:
[0.035465863;
 -0.11326116;
 0.72160572]
Keyframe: 40 Frame: 187 Frame from vFrameID : 188
Tcw:
[0.99991053, -0.0035222028, 0.012905343, 0.040822323;
 0.0040551974, 0.99912989, -0.041509647, -0.12046419;
 -0.012747908, 0.041558266, 0.99905473, 0.75537264;
 0, 0, 0, 1]
Twc:
[0.99991053, 0.0040551974, -0.012747908, -0.030700745;
 -0.0035222028, 0.99912989, 0.041558266, 0.089111179;
 0.012905343, -0.041509647, 0.99905473, -0.7601859;
 0, 0, 0, 1]
Ow:
[0.040822323;
 -0.12046419;
 0.75537264]
Keyframe: 41 Frame: 191 Frame from vFrameID : 192
Tcw:
[0.99999529, 0.0012032648, 0.0028209533, 0.045834143;
 -0.0011829456, 0.99997342, -0.007193591, -0.13445318;
 -0.0028295342, 0.0071902201, 0.99997014, 0.79317576;
 0, 0, 0, 1]
Twc:
[0.99999529, -0.0011829456, -0.0028295342, -0.043748658;
 0.0012032648, 0.99997342, 0.0071902201, 0.12869136;
 0.0028209533, -0.007193591, 0.99997014, -0.79424858;
 0, 0, 0, 1]
Ow:
[0.045834143;
 -0.13445318;
 0.79317576]
Keyframe: 42 Frame: 195 Frame from vFrameID : 196
Tcw:
[0.9999522, 0.0083571048, 0.0050752494, 0.046419363;
 -0.0083950274, 0.99993664, 0.0074972743, -0.14017126;
 -0.0050122719, -0.0075395228, 0.99995899, 0.8335005;
 0, 0, 0, 1]
Twc:
[0.9999522, -0.0083950274, -0.0050122719, -0.043416154;
 0.0083571048, 0.99993664, -0.0075395228, 0.14605865;
 0.0050752494, 0.0074972743, 0.99995899, -0.83265108;
 0, 0, 0, 1]
Ow:
[0.046419363;
 -0.14017126;
 0.8335005]
Keyframe: 43 Frame: 199 Frame from vFrameID : 200
Tcw:
[0.99987674, 0.00086786953, 0.015676044, 0.043070354;
 -0.00072698278, 0.99995929, -0.0089908559, -0.14541881;
 -0.01568321, 0.008978352, 0.99983668, 0.87740922;
 0, 0, 0, 1]
Twc:
[0.99987674, -0.00072698278, -0.01568321, -0.02941017;
 0.00086786953, 0.99995929, 0.008978352, 0.13749783;
 0.015676044, -0.0089908559, 0.99983668, -0.87924856;
 0, 0, 0, 1]
Ow:
[0.043070354;
 -0.14541881;
 0.87740922]
Keyframe: 44 Frame: 203 Frame from vFrameID : 204
Tcw:
[0.99979973, -0.0091110589, 0.017817564, 0.039999589;
 0.0096079931, 0.99956155, -0.028006326, -0.15440482;
 -0.017554585, 0.028171908, 0.99944896, 0.92975861;
 0, 0, 0, 1]
Twc:
[0.99979973, 0.0096079931, -0.017554585, -0.022186533;
 -0.0091110589, 0.99956155, 0.028171908, 0.12850848;
 0.017817564, -0.028006326, 0.99944896, -0.9342832;
 0, 0, 0, 1]
Ow:
[0.039999589;
 -0.15440482;
 0.92975861]
Keyframe: 45 Frame: 206 Frame from vFrameID : 207
Tcw:
[0.99974173, -0.010841992, 0.019973561, 0.040310316;
 0.011032517, 0.99989444, -0.0094534932, -0.16171491;
 -0.019868959, 0.0096714105, 0.9997558, 0.96041769;
 0, 0, 0, 1]
Twc:
[0.99974173, 0.011032517, -0.019868959, -0.019433284;
 -0.010841992, 0.99989444, 0.0096714105, 0.15284629;
 0.019973561, -0.0094534932, 0.9997558, -0.96251708;
 0, 0, 0, 1]
Ow:
[0.040310316;
 -0.16171491;
 0.96041769]
Keyframe: 46 Frame: 210 Frame from vFrameID : 211
Tcw:
[0.99939078, -0.0016332114, 0.034861971, 0.044189587;
 0.0021159369, 0.99990237, -0.013814365, -0.16568872;
 -0.034836005, 0.013879715, 0.99929667, 1.0022751;
 0, 0, 0, 1]
Twc:
[0.99939078, 0.0021159369, -0.034836005, -0.0088968221;
 -0.0016332114, 0.99990237, 0.013879715, 0.15183342;
 0.034861971, -0.013814365, 0.99929667, -1.0053996;
 0, 0, 0, 1]
Ow:
[0.044189587;
 -0.16568872;
 1.0022751]
Keyframe: 47 Frame: 214 Frame from vFrameID : 215
Tcw:
[0.99981612, 0.013003613, 0.01409557, 0.049995176;
 -0.012650957, 0.99961174, -0.024825761, -0.16898656;
 -0.014412922, 0.024642872, 0.99959242, 1.0444139;
 0, 0, 0, 1]
Twc:
[0.99981612, -0.012650957, -0.014412922, -0.03707077;
 0.013003613, 0.99961174, 0.024642872, 0.14253347;
 0.01409557, -0.024825761, 0.99959242, -1.0488881;
 0, 0, 0, 1]
Ow:
[0.049995176;
 -0.16898656;
 1.0444139]
Keyframe: 48 Frame: 217 Frame from vFrameID : 218
Tcw:
[0.99994308, 0.0099113369, 0.0039569065, 0.057788931;
 -0.0097540785, 0.9992317, -0.037958704, -0.17779407;
 -0.0043300879, 0.037917949, 0.99927145, 1.0821191;
 0, 0, 0, 1]
Twc:
[0.99994308, -0.0097540785, -0.0043300879, -0.054834183;
 0.0099113369, 0.9992317, 0.037917949, 0.13605297;
 0.0039569065, -0.037958704, 0.99927145, -1.0883082;
 0, 0, 0, 1]
Ow:
[0.057788931;
 -0.17779407;
 1.0821191]
Keyframe: 49 Frame: 221 Frame from vFrameID : 222
Tcw:
[0.99985385, 0.015886618, -0.0063190516, 0.063778438;
 -0.016032459, 0.99958956, -0.023740599, -0.18652697;
 0.0059393002, 0.023838438, 0.99969816, 1.1200309;
 0, 0, 0, 1]
Twc:
[0.99985385, -0.016032459, 0.0059393002, -0.0734118;
 0.015886618, 0.99958956, 0.023838438, 0.15873741;
 -0.0063190516, -0.023740599, 0.99969816, -1.123718;
 0, 0, 0, 1]
Ow:
[0.063778438;
 -0.18652697;
 1.1200309]
Keyframe: 50 Frame: 225 Frame from vFrameID : 226
Tcw:
[0.99991649, 0.011470275, 0.005950985, 0.063311771;
 -0.011313825, 0.99960595, -0.025689034, -0.18983848;
 -0.0062433002, 0.025619561, 0.99965227, 1.163268;
 0, 0, 0, 1]
Twc:
[0.99991649, -0.011313825, -0.0062433002, -0.05819165;
 0.011470275, 0.99960595, 0.025619561, 0.15923508;
 0.005950985, -0.025689034, 0.99965227, -1.1681169;
 0, 0, 0, 1]
Ow:
[0.063311771;
 -0.18983848;
 1.163268]
Keyframe: 51 Frame: 228 Frame from vFrameID : 229
Tcw:
[0.99991679, 0.0039427914, 0.012282219, 0.061005104;
 -0.0035927382, 0.99959034, -0.028393652, -0.19085871;
 -0.012389138, 0.028347164, 0.99952137, 1.1868986;
 0, 0, 0, 1]
Twc:
[0.99991679, -0.0035927382, -0.012389138, -0.046981081;
 0.0039427914, 0.99959034, 0.028347164, 0.15689479;
 0.012282219, -0.028393652, 0.99952137, -1.1924989;
 0, 0, 0, 1]
Ow:
[0.061005104;
 -0.19085871;
 1.1868986]
Keyframe: 52 Frame: 232 Frame from vFrameID : 233
Tcw:
[0.99953192, -0.014050229, 0.027175447, 0.056291938;
 0.015653489, 0.99809283, -0.059713095, -0.20207044;
 -0.026284637, 0.060110535, 0.99784559, 1.2409725;
 0, 0, 0, 1]
Twc:
[0.99953192, 0.015653489, -0.026284637, -0.020483974;
 -0.014050229, 0.99809283, 0.060110535, 0.12788045;
 0.027175447, -0.059713095, 0.99784559, -1.251895;
 0, 0, 0, 1]
Ow:
[0.056291938;
 -0.20207044;
 1.2409725]
Keyframe: 53 Frame: 235 Frame from vFrameID : 236
Tcw:
[0.99874991, -0.021180334, 0.045277137, 0.061634444;
 0.023114724, 0.99882329, -0.042635601, -0.20662704;
 -0.044320822, 0.043628871, 0.99806422, 1.2690046;
 0, 0, 0, 1]
Twc:
[0.99874991, 0.023114724, -0.044320822, -0.0005379449;
 -0.021180334, 0.99882329, 0.043628871, 0.1523241;
 0.045277137, -0.042635601, 0.99806422, -1.2781483;
 0, 0, 0, 1]
Ow:
[0.061634444;
 -0.20662704;
 1.2690046]
Keyframe: 54 Frame: 239 Frame from vFrameID : 240
Tcw:
[0.99766642, -0.015994025, 0.066376857, 0.066262633;
 0.018348128, 0.99921858, -0.035008959, -0.21200953;
 -0.065765053, 0.036145154, 0.99718028, 1.3074495;
 0, 0, 0, 1]
Twc:
[0.99766642, 0.018348128, -0.065765053, 0.023766462;
 -0.015994025, 0.99921858, 0.036145154, 0.16564569;
 0.066376857, -0.035008959, 0.99718028, -1.3155833;
 0, 0, 0, 1]
Ow:
[0.066262633;
 -0.21200953;
 1.3074495]
Keyframe: 55 Frame: 243 Frame from vFrameID : 244
Tcw:
[0.99727613, -0.011076054, 0.072922029, 0.078822091;
 0.014810626, 0.9985953, -0.050873365, -0.21765998;
 -0.072256118, 0.051814817, 0.99603927, 1.3507237;
 0, 0, 0, 1]
Twc:
[0.99727613, 0.014810626, -0.072256118, 0.022214347;
 -0.011076054, 0.9985953, 0.051814817, 0.14823976;
 0.072922029, -0.050873365, 0.99603927, -1.3621949;
 0, 0, 0, 1]
Ow:
[0.078822091;
 -0.21765998;
 1.3507237]
Keyframe: 56 Frame: 246 Frame from vFrameID : 247
Tcw:
[0.99859965, 0.020764533, 0.048657276, 0.089598835;
 -0.018048231, 0.99828917, -0.05561452, -0.22768947;
 -0.049728841, 0.054658465, 0.99726599, 1.38639;
 0, 0, 0, 1]
Twc:
[0.99859965, -0.018048231, -0.049728841, -0.024639187;
 0.020764533, 0.99828917, 0.054658465, 0.14966153;
 0.048657276, -0.05561452, 0.99726599, -1.3996221;
 0, 0, 0, 1]
Ow:
[0.089598835;
 -0.22768947;
 1.38639]
Keyframe: 57 Frame: 249 Frame from vFrameID : 250
Tcw:
[0.99959445, 0.00094903202, 0.028461535, 0.091763005;
 0.00074802304, 0.99822468, -0.05955641, -0.23195128;
 -0.028467527, 0.059553549, 0.99781913, 1.4090582;
 0, 0, 0, 1]
Twc:
[0.99959445, 0.00074802304, -0.028467527, -0.051439878;
 0.00094903202, 0.99822468, 0.059553549, 0.14753799;
 0.028461535, -0.05955641, 0.99781913, -1.4224111;
 0, 0, 0, 1]
Ow:
[0.091763005;
 -0.23195128;
 1.4090582]
Keyframe: 58 Frame: 253 Frame from vFrameID : 254
Tcw:
[0.99988633, 0.00083442521, 0.015052579, 0.095918685;
 -0.00020798088, 0.99913555, -0.041570727, -0.23683254;
 -0.015074254, 0.04156287, 0.99902219, 1.4439991;
 0, 0, 0, 1]
Twc:
[0.99988633, -0.00020798088, -0.015074254, -0.074189834;
 0.00083442521, 0.99913555, 0.04156287, 0.17653103;
 0.015052579, -0.041570727, 0.99902219, -1.4538761;
 0, 0, 0, 1]
Ow:
[0.095918685;
 -0.23683254;
 1.4439991]
Keyframe: 59 Frame: 257 Frame from vFrameID : 258
Tcw:
[0.99985963, -0.0044214958, 0.016161371, 0.095337346;
 0.0052623758, 0.99861419, -0.05236366, -0.23795852;
 -0.01590745, 0.052441355, 0.99849731, 1.4847568;
 0, 0, 0, 1]
Twc:
[0.99985963, 0.0052623758, -0.01590745, -0.07045304;
 -0.0044214958, 0.99861419, 0.052441355, 0.16018763;
 0.016161371, -0.05236366, 0.99849731, -1.4965267;
 0, 0, 0, 1]
Ow:
[0.095337346;
 -0.23795852;
 1.4847568]
Keyframe: 60 Frame: 261 Frame from vFrameID : 262
Tcw:
[0.99964619, -0.01095922, 0.024236888, 0.093729608;
 0.012213314, 0.99856114, -0.052215509, -0.2438916;
 -0.023629773, 0.052493047, 0.99834168, 1.5266981;
 0, 0, 0, 1]
Twc:
[0.99964619, 0.012213314, -0.023629773, -0.054642189;
 -0.01095922, 0.99856114, 0.052493047, 0.16442685;
 0.024236888, -0.052215509, 0.99834168, -1.539173;
 0, 0, 0, 1]
Ow:
[0.093729608;
 -0.2438916;
 1.5266981]
Keyframe: 61 Frame: 265 Frame from vFrameID : 266
Tcw:
[0.99917638, -0.018699082, 0.036011979, 0.090490595;
 0.020678183, 0.99825054, -0.055392265, -0.24979463;
 -0.03491319, 0.056091305, 0.99781501, 1.5678222;
 0, 0, 0, 1]
Twc:
[0.99917638, 0.020678183, -0.03491319, -0.030513085;
 -0.018699082, 0.99825054, 0.056091305, 0.16310851;
 0.036011979, -0.055392265, 0.99781501, -1.5814921;
 0, 0, 0, 1]
Ow:
[0.090490595;
 -0.24979463;
 1.5678222]
Keyframe: 62 Frame: 268 Frame from vFrameID : 269
Tcw:
[0.99873203, -0.021097349, 0.045707598, 0.089482009;
 0.023506271, 0.9983272, -0.052822914, -0.25593507;
 -0.044516716, 0.053830355, 0.99755728, 1.5956351;
 0, 0, 0, 1]
Twc:
[0.99873203, 0.023506271, -0.044516716, -0.012320044;
 -0.021097349, 0.9983272, 0.053830355, 0.1715012;
 0.045707598, -0.052822914, 0.99755728, -1.6093466;
 0, 0, 0, 1]
Ow:
[0.089482009;
 -0.25593507;
 1.5956351]
Keyframe: 63 Frame: 271 Frame from vFrameID : 272
Tcw:
[0.99892688, -0.027046958, 0.037597794, 0.087572321;
 0.028802451, 0.99848133, -0.046961728, -0.25887191;
 -0.036270525, 0.047994241, 0.99818885, 1.6145091;
 0, 0, 0, 1]
Twc:
[0.99892688, 0.028802451, -0.036270525, -0.0214631;
 -0.027046958, 0.99848133, 0.047994241, 0.1833602;
 0.037597794, -0.046961728, 0.99818885, -1.6270347;
 0, 0, 0, 1]
Ow:
[0.087572321;
 -0.25887191;
 1.6145091]
Keyframe: 64 Frame: 275 Frame from vFrameID : 276
Tcw:
[0.99997264, -0.0073308647, 0.00098109618, 0.10487618;
 0.0073763076, 0.99819517, -0.059598874, -0.26256293;
 -0.0005424142, 0.059604481, 0.99822193, 1.6698769;
 0, 0, 0, 1]
Twc:
[0.99997264, 0.0073763076, -0.0005424142, -0.10203081;
 -0.0073308647, 0.99819517, 0.059604481, 0.16332574;
 0.00098109618, -0.059598874, 0.99822193, -1.6826591;
 0, 0, 0, 1]
Ow:
[0.10487618;
 -0.26256293;
 1.6698769]
Keyframe: 65 Frame: 279 Frame from vFrameID : 280
Tcw:
[0.99987972, 0.015400371, 0.0018445973, 0.11713182;
 -0.015285278, 0.99856192, -0.051385142, -0.27096206;
 -0.0026332948, 0.051350769, 0.99867719, 1.703891;
 0, 0, 0, 1]
Twc:
[0.99987972, -0.015285278, -0.0026332948, -0.11677261;
 0.015400371, 0.99856192, 0.051350769, 0.1812724;
 0.0018445973, -0.051385142, 0.99867719, -1.7157767;
 0, 0, 0, 1]
Ow:
[0.11713182;
 -0.27096206;
 1.703891]
Keyframe: 66 Frame: 282 Frame from vFrameID : 283
Tcw:
[0.99992782, 0.0019867367, -0.011850651, 0.11804178;
 -0.0026553776, 0.99838907, -0.056676179, -0.2782293;
 0.01171896, 0.056703556, 0.99832231, 1.7275554;
 0, 0, 0, 1]
Twc:
[0.99992782, -0.0026553776, 0.01171896, -0.13901721;
 0.0019867367, 0.99838907, 0.056703556, 0.17958806;
 -0.011850651, -0.056676179, 0.99832231, -1.739027;
 0, 0, 0, 1]
Ow:
[0.11804178;
 -0.2782293;
 1.7275554]
Keyframe: 67 Frame: 286 Frame from vFrameID : 287
Tcw:
[0.99952215, 0.0055833976, -0.030401563, 0.1186104;
 -0.0068579908, 0.99909478, -0.041983705, -0.28173509;
 0.030139631, 0.042172138, 0.99865568, 1.7596012;
 0, 0, 0, 1]
Twc:
[0.99952215, -0.0068579908, 0.030139631, -0.17351958;
 0.0055833976, 0.99909478, 0.042172138, 0.20661165;
 -0.030401563, -0.041983705, 0.99865568, -1.765458;
 0, 0, 0, 1]
Ow:
[0.1186104;
 -0.28173509;
 1.7596012]
Keyframe: 68 Frame: 290 Frame from vFrameID : 291
Tcw:
[0.9996351, 0.011255962, -0.024554985, 0.11506782;
 -0.012179468, 0.99921149, -0.037790179, -0.28403062;
 0.024110258, 0.038075455, 0.99898398, 1.8018833;
 0, 0, 0, 1]
Twc:
[0.9996351, -0.012179468, 0.024110258, -0.16192906;
 0.011255962, 0.99921149, 0.038075455, 0.21390392;
 -0.024554985, -0.037790179, 0.99898398, -1.8079606;
 0, 0, 0, 1]
Ow:
[0.11506782;
 -0.28403062;
 1.8018833]
Keyframe: 69 Frame: 294 Frame from vFrameID : 295
Tcw:
[0.99950129, -0.0026314994, -0.03146733, 0.10616892;
 0.0012803331, 0.99907935, -0.042881999, -0.29075658;
 0.031551201, 0.042820327, 0.99858445, 1.8558745;
 0, 0, 0, 1]
Twc:
[0.99950129, 0.0012803331, 0.031551201, -0.16429879;
 -0.0026314994, 0.99907935, 0.042820327, 0.21129912;
 -0.03146733, -0.042881999, 0.99858445, -1.8623749;
 0, 0, 0, 1]
Ow:
[0.10616892;
 -0.29075658;
 1.8558745]
Keyframe: 70 Frame: 298 Frame from vFrameID : 299
Tcw:
[0.99951565, -0.022224071, -0.021784585, 0.10078172;
 0.021574834, 0.99932903, -0.029597715, -0.29757732;
 0.022427749, 0.02911338, 0.9993245, 1.8923391;
 0, 0, 0, 1]
Twc:
[0.99951565, 0.021574834, 0.022427749, -0.13675362;
 -0.022224071, 0.99932903, 0.02911338, 0.24452505;
 -0.021784585, -0.029597715, 0.9993245, -1.8976729;
 0, 0, 0, 1]
Ow:
[0.10078172;
 -0.29757732;
 1.8923391]
Keyframe: 71 Frame: 302 Frame from vFrameID : 303
Tcw:
[0.99965864, -0.025578242, -0.0053283358, 0.10353609;
 0.025479188, 0.99951518, -0.017894946, -0.30195531;
 0.0057834736, 0.017753076, 0.99982566, 1.93112;
 0, 0, 0, 1]
Twc:
[0.99965864, 0.025479188, 0.0057834736, -0.10697575;
 -0.025578242, 0.99951518, 0.017753076, 0.27017388;
 -0.0053283358, -0.017894946, 0.99982566, -1.9356352;
 0, 0, 0, 1]
Ow:
[0.10353609;
 -0.30195531;
 1.93112]
Keyframe: 72 Frame: 306 Frame from vFrameID : 307
Tcw:
[0.99987435, -0.01383686, -0.0077364841, 0.10791025;
 0.013609543, 0.99949539, -0.028700985, -0.30772322;
 0.0081297113, 0.028592089, 0.99955809, 1.9743441;
 0, 0, 0, 1]
Twc:
[0.99987435, 0.013609543, 0.0081297113, -0.11975957;
 -0.01383686, 0.99949539, 0.028592089, 0.25261045;
 -0.0077364841, -0.028700985, 0.99955809, -1.9814688;
 0, 0, 0, 1]
Ow:
[0.10791025;
 -0.30772322;
 1.9743441]
Keyframe: 73 Frame: 310 Frame from vFrameID : 311
Tcw:
[0.99939138, 0.0088181244, -0.033751417, 0.11612263;
 -0.0098866494, 0.99945092, -0.03162384, -0.30983692;
 0.033454023, 0.031938281, 0.9989298, 2.0133095;
 0, 0, 0, 1]
Twc:
[0.99939138, -0.0098866494, 0.033454023, -0.1864685;
 0.0088181244, 0.99945092, 0.031938281, 0.24434118;
 -0.033751417, -0.03162384, 0.9989298, -2.0170338;
 0, 0, 0, 1]
Ow:
[0.11612263;
 -0.30983692;
 2.0133095]
Keyframe: 74 Frame: 314 Frame from vFrameID : 315
Tcw:
[0.99871516, 0.011845976, -0.049271755, 0.12451362;
 -0.012319226, 0.99988073, -0.0093123075, -0.32163197;
 0.049155567, 0.0099073332, 0.99874198, 2.0583313;
 0, 0, 0, 1]
Twc:
[0.99871516, -0.012319226, 0.049155567, -0.22949433;
 0.011845976, 0.99988073, 0.0099073332, 0.29972607;
 -0.049271755, -0.0093123075, 0.99874198, -2.0526021;
 0, 0, 0, 1]
Ow:
[0.12451362;
 -0.32163197;
 2.0583313]
Keyframe: 75 Frame: 318 Frame from vFrameID : 319
Tcw:
[0.99928814, 0.016191674, -0.034073669, 0.12262063;
 -0.016557259, 0.99980807, -0.010474517, -0.32634601;
 0.033897527, 0.011031227, 0.99936444, 2.0943592;
 0, 0, 0, 1]
Twc:
[0.99928814, -0.016557259, 0.033897527, -0.19893032;
 0.016191674, 0.99980807, 0.011031227, 0.30119458;
 -0.034073669, -0.010474517, 0.99936444, -2.0922682;
 0, 0, 0, 1]
Ow:
[0.12262063;
 -0.32634601;
 2.0943592]
Keyframe: 76 Frame: 322 Frame from vFrameID : 323
Tcw:
[0.99911648, -0.0092479093, -0.040996328, 0.11261898;
 0.0083417809, 0.99971831, -0.022218909, -0.32921213;
 0.041190259, 0.021857297, 0.99891222, 2.1443202;
 0, 0, 0, 1]
Twc:
[0.99911648, 0.0083417809, 0.041190259, -0.19809838;
 -0.0092479093, 0.99971831, 0.021857297, 0.28329185;
 -0.040996328, -0.022218909, 0.99891222, -2.1446855;
 0, 0, 0, 1]
Ow:
[0.11261898;
 -0.32921213;
 2.1443202]
Keyframe: 77 Frame: 326 Frame from vFrameID : 327
Tcw:
[0.99917006, -0.016401289, -0.03728465, 0.11379858;
 0.015143117, 0.99931455, -0.033780575, -0.3369188;
 0.037813138, 0.033187933, 0.99873358, 2.1839488;
 0, 0, 0, 1]
Twc:
[0.99917006, 0.015143117, 0.037813138, -0.19118409;
 -0.016401289, 0.99931455, 0.033187933, 0.26607355;
 -0.03728465, -0.033780575, 0.99873358, -2.1883214;
 0, 0, 0, 1]
Ow:
[0.11379858;
 -0.3369188;
 2.1839488]
Keyframe: 78 Frame: 330 Frame from vFrameID : 331
Tcw:
[0.99939698, -0.025537783, -0.023526341, 0.11402261;
 0.025156494, 0.99954963, -0.016362783, -0.34149191;
 0.023933614, 0.015761076, 0.99958932, 2.2201889;
 0, 0, 0, 1]
Twc:
[0.99939698, 0.025156494, 0.023933614, -0.15850025;
 -0.025537783, 0.99954963, 0.015761076, 0.30925739;
 -0.023526341, -0.016362783, 0.99958932, -2.2221823;
 0, 0, 0, 1]
Ow:
[0.11402261;
 -0.34149191;
 2.2201889]
Keyframe: 79 Frame: 334 Frame from vFrameID : 335
Tcw:
[0.99925548, -0.027230171, -0.027331024, 0.11326309;
 0.027141266, 0.99962509, -0.0036187023, -0.34446433;
 0.027419316, 0.0028742095, 0.9996199, 2.2567587;
 0, 0, 0, 1]
Twc:
[0.99925548, 0.027141266, 0.027419316, -0.16570833;
 -0.027230171, 0.99962509, 0.0028742095, 0.34093294;
 -0.027331024, -0.0036187023, 0.9996199, -2.2540519;
 0, 0, 0, 1]
Ow:
[0.11326309;
 -0.34446433;
 2.2567587]
Keyframe: 80 Frame: 338 Frame from vFrameID : 339
Tcw:
[0.9986707, -0.013939353, -0.049623765, 0.1237323;
 0.012585163, 0.99954265, -0.027497774, -0.34869301;
 0.049984369, 0.026836699, 0.99838936, 2.2977726;
 0, 0, 0, 1]
Twc:
[0.9986707, 0.012585163, 0.049984369, -0.2340322;
 -0.013939353, 0.99954265, 0.026836699, 0.28859365;
 -0.049623765, -0.027497774, 0.99838936, -2.2975202;
 0, 0, 0, 1]
Ow:
[0.1237323;
 -0.34869301;
 2.2977726]
Keyframe: 81 Frame: 341 Frame from vFrameID : 342
Tcw:
[0.99689114, 0.0027616988, -0.078742541, 0.13545385;
 -0.0052175941, 0.99950576, -0.031000266, -0.35508424;
 0.078618005, 0.031314738, 0.99641287, 2.3340418;
 0, 0, 0, 1]
Twc:
[0.99689114, -0.0052175941, 0.078618005, -0.32038316;
 0.0027616988, 0.99950576, 0.031314738, 0.28144473;
 -0.078742541, -0.031000266, 0.99641287, -2.3260109;
 0, 0, 0, 1]
Ow:
[0.13545385;
 -0.35508424;
 2.3340418]
Keyframe: 82 Frame: 345 Frame from vFrameID : 346
Tcw:
[0.99693465, 0.0099584525, -0.077602126, 0.14093728;
 -0.011984905, 0.99959809, -0.025691524, -0.36141884;
 0.077315085, 0.026542826, 0.99665332, 2.3686438;
 0, 0, 0, 1]
Twc:
[0.99693465, -0.011984905, 0.077315085, -0.32796875;
 0.0099584525, 0.99959809, 0.026542826, 0.29699954;
 -0.077602126, -0.025691524, 0.99665332, -2.3590651;
 0, 0, 0, 1]
Ow:
[0.14093728;
 -0.36141884;
 2.3686438]
Keyframe: 83 Frame: 349 Frame from vFrameID : 350
Tcw:
[0.99758697, 0.008664608, -0.068885453, 0.142804;
 -0.010640051, 0.9995411, -0.028362216, -0.36342889;
 0.068608098, 0.029026721, 0.99722135, 2.4057672;
 0, 0, 0, 1]
Twc:
[0.99758697, -0.010640051, 0.068608098, -0.3113814;
 0.008664608, 0.9995411, 0.029026721, 0.2921932;
 -0.068885453, -0.028362216, 0.99722135, -2.3995528;
 0, 0, 0, 1]
Ow:
[0.142804;
 -0.36342889;
 2.4057672]
Keyframe: 84 Frame: 353 Frame from vFrameID : 354
Tcw:
[0.99775642, -0.0052627372, -0.066741511, 0.13730003;
 0.0018127129, 0.99866372, -0.051647898, -0.36746961;
 0.066924132, 0.05141104, 0.99643266, 2.4471827;
 0, 0, 0, 1]
Twc:
[0.99775642, 0.0018127129, 0.066924132, -0.30010143;
 -0.0052627372, 0.99866372, 0.05141104, 0.24188894;
 -0.066741511, -0.051647898, 0.99643266, -2.4482682;
 0, 0, 0, 1]
Ow:
[0.13730003;
 -0.36746961;
 2.4471827]
Keyframe: 85 Frame: 357 Frame from vFrameID : 358
Tcw:
[0.99787927, -0.012804614, -0.063820496, 0.13897809;
 0.0084453961, 0.99764192, -0.068111897, -0.37421799;
 0.064542145, 0.067428462, 0.99563432, 2.4878953;
 0, 0, 0, 1]
Twc:
[0.99787927, 0.0084453961, 0.064542145, -0.29609701;
 -0.012804614, 0.99764192, 0.067428462, 0.20736018;
 -0.063820496, -0.068111897, 0.99563432, -2.4936528;
 0, 0, 0, 1]
Ow:
[0.13897809;
 -0.37421799;
 2.4878953]
Keyframe: 86 Frame: 361 Frame from vFrameID : 362
Tcw:
[0.99922615, -0.012375847, -0.037334997, 0.13486874;
 0.010782876, 0.99903524, -0.042570669, -0.37716991;
 0.03782583, 0.042135149, 0.99839562, 2.5230877;
 0, 0, 0, 1]
Twc:
[0.99922615, 0.010782876, 0.03782583, -0.22613527;
 -0.012375847, 0.99903524, 0.042135149, 0.27216452;
 -0.037334997, -0.042570669, 0.99839562, -2.5300608;
 0, 0, 0, 1]
Ow:
[0.13486874;
 -0.37716991;
 2.5230877]
Keyframe: 87 Frame: 365 Frame from vFrameID : 366
Tcw:
[0.99897403, -0.013522358, -0.043221544, 0.13737726;
 0.012588118, 0.99968278, -0.021814717, -0.38088512;
 0.043502819, 0.021248257, 0.99882734, 2.5722022;
 0, 0, 0, 1]
Twc:
[0.99897403, 0.012588118, 0.043502819, -0.24433972;
 -0.013522358, 0.99968278, 0.021248257, 0.32796717;
 -0.043221544, -0.021814717, 0.99882734, -2.571557;
 0, 0, 0, 1]
Ow:
[0.13737726;
 -0.38088512;
 2.5722022]
Keyframe: 88 Frame: 369 Frame from vFrameID : 370
Tcw:
[0.99800372, -0.0080996603, -0.062633254, 0.14412737;
 0.005564922, 0.9991625, -0.04053859, -0.38690251;
 0.062909141, 0.040109117, 0.99721295, 2.6148639;
 0, 0, 0, 1]
Twc:
[0.99800372, 0.005564922, 0.062909141, -0.30618545;
 -0.0080996603, 0.9991625, 0.040109117, 0.28286594;
 -0.062633254, -0.04053859, 0.99721295, -2.6142335;
 0, 0, 0, 1]
Ow:
[0.14412737;
 -0.38690251;
 2.6148639]
Keyframe: 89 Frame: 373 Frame from vFrameID : 374
Tcw:
[0.99568099, 0.012388951, -0.092010058, 0.15404302;
 -0.016983381, 0.99863863, -0.049320094, -0.39160812;
