Keyframe: 0 Frame: 0 Frame from vFrameID : 57
Tcw:
[1, 0, 0, 0;
 0, 1, 0, 0;
 0, 0, 1, 0;
 0, 0, 0, 1]
Twc:
[1, 0, 0, 0;
 0, 1, 0, 0;
 0, 0, 1, 0;
 0, 0, 0, 1]
Ow:
[0;
 0;
 0]
Keyframe: 1 Frame: 56 Frame from vFrameID : 57
Tcw:
[0.99991298, 0.0037010619, -0.012663359, -0.0013687455;
 -0.0033925916, 0.99969906, 0.024294643, -0.0016955389;
 0.012749464, -0.024249567, 0.99962461, 0.09911783;
 0, 0, 0, 1]
Twc:
[0.99991298, -0.0033925916, 0.012749464, 9.9174758e-05;
 0.0037010619, 0.99969906, -0.024249567, 0.0041036592;
 -0.012663359, 0.024294643, 0.99962461, -0.099056765;
 0, 0, 0, 1]
Ow:
[-0.0013687455;
 -0.0016955389;
 0.09911783]
Keyframe: 2 Frame: 58 Frame from vFrameID : 59
Tcw:
[0.99992424, -0.0029840956, -0.011942876, -0.005263187;
 0.0032542134, 0.99973786, 0.022662343, -0.0033428862;
 0.011872118, -0.02269949, 0.99967182, 0.10570709;
 0, 0, 0, 1]
Twc:
[0.99992424, 0.0032542134, 0.011872118, 0.0040186998;
 -0.0029840956, 0.99973786, -0.02269949, 0.0057258015;
 -0.011942876, 0.022662343, 0.99967182, -0.10565951;
 0, 0, 0, 1]
Ow:
[-0.005263187;
 -0.0033428862;
 0.10570709]
Keyframe: 3 Frame: 60 Frame from vFrameID : 61
Tcw:
[0.99972212, -0.015266509, -0.017960826, -0.0049408935;
 0.015537306, 0.99976623, 0.015035409, -0.0048992261;
 0.01772709, -0.015310293, 0.99972564, 0.11704357;
 0, 0, 0, 1]
Twc:
[0.99972212, 0.015537306, 0.01772709, 0.0029407996;
 -0.015266509, 0.99976623, -0.015310293, 0.0066146222;
 -0.017960826, 0.015035409, 0.99972564, -0.11702654;
 0, 0, 0, 1]
Ow:
[-0.0049408935;
 -0.0048992261;
 0.11704357]
Keyframe: 4 Frame: 62 Frame from vFrameID : 63
Tcw:
[0.99966389, -0.017234024, -0.019368276, -0.0038566277;
 0.017580628, 0.99968576, 0.017870031, -0.0062994948;
 0.019054217, -0.018204531, 0.99965268, 0.12056629;
 0, 0, 0, 1]
Twc:
[0.99966389, 0.017580628, 0.019054217, 0.0016687841;
 -0.017234024, 0.99968576, -0.018204531, 0.0084259026;
 -0.019368276, 0.017870031, 0.99965268, -0.12048654;
 0, 0, 0, 1]
Ow:
[-0.0038566277;
 -0.0062994948;
 0.12056629]
Keyframe: 5 Frame: 64 Frame from vFrameID : 65
Tcw:
[0.99968249, -0.019976558, -0.015359526, -0.0024076211;
 0.020213373, 0.99967676, 0.015420591, -0.008872157;
 0.01504651, -0.015726162, 0.99976313, 0.12931475;
 0, 0, 0, 1]
Twc:
[0.99968249, 0.020213373, 0.01504651, 0.0006404568;
 -0.019976558, 0.99967676, -0.015726162, 0.010854818;
 -0.015359526, 0.015420591, 0.99976313, -0.12918429;
 0, 0, 0, 1]
Ow:
[-0.0024076211;
 -0.008872157;
 0.12931475]
Keyframe: 6 Frame: 66 Frame from vFrameID : 67
Tcw:
[0.99982953, -0.014880293, -0.01092899, 0.00096443342;
 0.015007882, 0.9998191, 0.01168667, -0.0093694972;
 0.010753112, -0.011848699, 0.99987197, 0.13263249;
 0, 0, 0, 1]
Twc:
[0.99982953, 0.015007882, 0.010753112, -0.0022498649;
 -0.014880293, 0.9998191, -0.011848699, 0.010953676;
 -0.01092899, 0.01168667, 0.99987197, -0.13249548;
 0, 0, 0, 1]
Ow:
[0.00096443342;
 -0.0093694972;
 0.13263249]
Keyframe: 7 Frame: 69 Frame from vFrameID : 70
Tcw:
[0.99992102, -0.00047083132, -0.012559388, 0.0045025204;
 0.00065416237, 0.99989325, 0.01459702, -0.0084849168;
 0.012551174, -0.014604083, 0.99981457, 0.13442491;
 0, 0, 0, 1]
Twc:
[0.99992102, 0.00065416237, 0.012551174, -0.0061838049;
 -0.00047083132, 0.99989325, -0.014604083, 0.010449284;
 -0.012559388, 0.01459702, 0.99981457, -0.13421957;
 0, 0, 0, 1]
Ow:
[0.0045025204;
 -0.0084849168;
 0.13442491]
Keyframe: 8 Frame: 72 Frame from vFrameID : 73
Tcw:
[0.99959779, 0.0048650508, -0.027939437, 0.0053025028;
 -0.0043439721, 0.99981606, 0.018680803, -0.0094767287;
 0.028025182, -0.018551921, 0.99943507, 0.13376822;
 0, 0, 0, 1]
Twc:
[0.99959779, -0.0043439721, 0.028025182, -0.0090904143;
 0.0048650508, 0.99981606, -0.018551921, 0.011930846;
 -0.027939437, 0.018680803, 0.99943507, -0.13336745;
 0, 0, 0, 1]
Ow:
[0.0053025028;
 -0.0094767287;
 0.13376822]
Keyframe: 9 Frame: 75 Frame from vFrameID : 76
Tcw:
[0.99953842, -0.0021204804, -0.030306473, 0.004812073;
 0.0024734195, 0.99992949, 0.011612927, -0.01020938;
 0.030279713, -0.011682527, 0.99947321, 0.13050346;
 0, 0, 0, 1]
Twc:
[0.99953842, 0.0024734195, 0.030279713, -0.0087362071;
 -0.0021204804, 0.99992949, -0.011682527, 0.011743475;
 -0.030306473, 0.011612927, 0.99947321, -0.13017032;
 0, 0, 0, 1]
Ow:
[0.004812073;
 -0.01020938;
 0.13050346]
Keyframe: 10 Frame: 77 Frame from vFrameID : 78
Tcw:
[0.99963164, -0.0005261862, -0.027134752, 0.0019983556;
 0.000782257, 0.99995524, 0.009427255, -0.009143535;
 0.027128577, -0.0094450088, 0.99958736, 0.12639007;
 0, 0, 0, 1]
Twc:
[0.99963164, 0.000782257, 0.027128577, -0.0054192496;
 -0.0005261862, 0.99995524, -0.0094450088, 0.010337933;
 -0.027134752, 0.009427255, 0.99958736, -0.12619749;
 0, 0, 0, 1]
Ow:
[0.0019983556;
 -0.009143535;
 0.12639007]
Keyframe: 11 Frame: 80 Frame from vFrameID : 81
Tcw:
[0.99959421, -0.00045542789, -0.028480731, -0.0044383178;
 0.0010947066, 0.99974769, 0.022434447, -0.0089191478;
 0.028463328, -0.022456523, 0.99934256, 0.12193955;
 0, 0, 0, 1]
Twc:
[0.99959421, 0.0010947066, 0.028463328, 0.00097547559;
 -0.00045542789, 0.99974769, -0.022456523, 0.011653215;
 -0.028480731, 0.022434447, 0.99934256, -0.12178569;
 0, 0, 0, 1]
Ow:
[-0.0044383178;
 -0.0089191478;
 0.12193955]
Keyframe: 12 Frame: 83 Frame from vFrameID : 84
Tcw:
[0.99909532, -0.012772746, -0.040563624, -0.012358112;
 0.013704711, 0.99964654, 0.022781013, -0.0090272557;
 0.040258311, -0.023316314, 0.99891722, 0.11635352;
 0, 0, 0, 1]
Twc:
[0.99909532, 0.013704711, 0.040258311, 0.0077864518;
 -0.012772746, 0.99964654, -0.023316314, 0.011579154;
 -0.040563624, 0.022781013, 0.99891722, -0.11652318;
 0, 0, 0, 1]
Ow:
[-0.012358112;
 -0.0090272557;
 0.11635352]
Keyframe: 13 Frame: 86 Frame from vFrameID : 87
Tcw:
[0.99829334, -0.024077272, -0.053204149, -0.017381124;
 0.025485508, 0.99933833, 0.02595049, -0.0078371977;
 0.052544128, -0.027262134, 0.99824643, 0.11116075;
 0, 0, 0, 1]
Twc:
[0.99829334, 0.025485508, 0.052544128, 0.011710351;
 -0.024077272, 0.99933833, -0.027262134, 0.010444001;
 -0.053204149, 0.02595049, 0.99824643, -0.11168718;
 0, 0, 0, 1]
Ow:
[-0.017381124;
 -0.0078371977;
 0.11116075]
Keyframe: 14 Frame: 89 Frame from vFrameID : 90
Tcw:
[0.99808902, -0.022431165, -0.057577696, -0.010980582;
 0.024381118, 0.99914497, 0.03339038, -0.0075995307;
 0.056779481, -0.034730379, 0.99778247, 0.10678662;
 0, 0, 0, 1]
Twc:
[0.99808902, 0.024381118, 0.056779481, 0.0050815945;
 -0.022431165, 0.99914497, -0.034730379, 0.011055466;
 -0.057577696, 0.03339038, 0.99778247, -0.10692831;
 0, 0, 0, 1]
Ow:
[-0.010980582;
 -0.0075995307;
 0.10678662]
Keyframe: 15 Frame: 92 Frame from vFrameID : 93
Tcw:
[0.9988426, -0.010684355, -0.046896189, -0.0061104381;
 0.012261132, 0.99936467, 0.033464842, -0.0053223846;
 0.046508845, -0.034001112, 0.99833906, 0.10123095;
 0, 0, 0, 1]
Twc:
[0.9988426, 0.012261132, 0.046508845, 0.0014604897;
 -0.010684355, 0.99936467, -0.034001112, 0.0086956816;
 -0.046896189, 0.033464842, 0.99833906, -0.10117126;
 0, 0, 0, 1]
Ow:
[-0.0061104381;
 -0.0053223846;
 0.10123095]
Keyframe: 16 Frame: 95 Frame from vFrameID : 96
Tcw:
[0.99972153, 0.0032626621, -0.023370871, 0.0062740408;
 -0.0027013023, 0.99970806, 0.024011068, -0.0013455194;
 0.023442388, -0.023941251, 0.99943846, 0.094195075;
 0, 0, 0, 1]
Twc:
[0.99972153, -0.0027013023, 0.023442388, -0.008484086;
 0.0032626621, 0.99970806, -0.023941251, 0.0035798047;
 -0.023370871, 0.024011068, 0.99943846, -0.093963251;
 0, 0, 0, 1]
Ow:
[0.0062740408;
 -0.0013455194;
 0.094195075]
Keyframe: 17 Frame: 98 Frame from vFrameID : 99
Tcw:
[0.99995697, 0.0033930452, -0.0086370902, 0.009954094;
 -0.0031554687, 0.99962032, 0.0273731, 0.00093673135;
 0.008726689, -0.027344666, 0.99958795, 0.093330182;
 0, 0, 0, 1]
Twc:
[0.99995697, -0.0031554687, 0.008726689, -0.010765172;
 0.0033930452, 0.99962032, -0.027344666, 0.0015819323;
 -0.0086370902, 0.0273731, 0.99958795, -0.093231395;
 0, 0, 0, 1]
Ow:
[0.009954094;
 0.00093673135;
 0.093330182]
Keyframe: 18 Frame: 101 Frame from vFrameID : 102
Tcw:
[0.99999958, 0.00037165289, 0.0008208311, 0.012856918;
 -0.00040030252, 0.99938077, 0.035183355, 0.00096705626;
 -0.00080724683, -0.035183672, 0.99938053, 0.093614183;
 0, 0, 0, 1]
Twc:
[0.99999958, -0.00040030252, -0.00080724683, -0.012780957;
 0.00037165289, 0.99938077, -0.035183672, 0.0023224549;
 0.0008208311, 0.035183355, 0.99938053, -0.093600772;
 0, 0, 0, 1]
Ow:
[0.012856918;
 0.00096705626;
 0.093614183]
Keyframe: 19 Frame: 104 Frame from vFrameID : 105
Tcw:
[0.99992365, 0.0025187701, 0.012098301, 0.012447332;
 -0.0030439605, 0.9990449, 0.043589905, 8.6850952e-05;
 -0.011976953, -0.043623403, 0.99897623, 0.10046928;
 0, 0, 0, 1]
Twc:
[0.99992365, -0.0030439605, -0.011976953, -0.011242801;
 0.0025187701, 0.9990449, -0.043623403, 0.0042646914;
 0.012098301, 0.043589905, 0.99897623, -0.1005208;
 0, 0, 0, 1]
Ow:
[0.012447332;
 8.6850952e-05;
 0.10046928]
Keyframe: 20 Frame: 107 Frame from vFrameID : 108
Tcw:
[0.99992555, -0.00094748713, 0.012165438, 0.010239696;
 0.00052022177, 0.99938452, 0.035076492, -0.0015974923;
 -0.012191186, -0.035067551, 0.99931061, 0.10584646;
 0, 0, 0, 1]
Twc:
[0.99992555, 0.00052022177, -0.012191186, -0.0089477086;
 -0.00094748713, 0.99938452, -0.035067551, 0.0053179869;
 0.012165438, 0.035076492, 0.99931061, -0.10584202;
 0, 0, 0, 1]
Ow:
[0.010239696;
 -0.0015974923;
 0.10584646]
Keyframe: 21 Frame: 110 Frame from vFrameID : 111
Tcw:
[0.99996561, -0.0075450791, 0.0034395994, 0.0046578837;
 0.0074638086, 0.99970627, 0.023058232, -0.0041730246;
 -0.0036125653, -0.023031766, 0.9997282, 0.11717749;
 0, 0, 0, 1]
Twc:
[0.99996561, 0.0074638086, -0.0036125653, -0.0042032655;
 -0.0075450791, 0.99970627, -0.023031766, 0.0069057476;
 0.0034395994, 0.023058232, 0.9997282, -0.11706544;
 0, 0, 0, 1]
Ow:
[0.0046578837;
 -0.0041730246;
 0.11717749]
Keyframe: 22 Frame: 113 Frame from vFrameID : 114
Tcw:
[0.99977458, -0.021016458, 0.0030103421, 0.0010081255;
 0.020972911, 0.99968433, 0.013832795, -0.0066999714;
 -0.0033001082, -0.013766541, 0.9998998, 0.12913442;
 0, 0, 0, 1]
Twc:
[0.99977458, 0.020972911, -0.0033001082, -0.00044122283;
 -0.021016458, 0.99968433, -0.013766541, 0.0084967781;
 0.0030103421, 0.013832795, 0.9998998, -0.12903184;
 0, 0, 0, 1]
Ow:
[0.0010081255;
 -0.0066999714;
 0.12913442]
Keyframe: 23 Frame: 116 Frame from vFrameID : 117
Tcw:
[0.9995904, -0.027280902, 0.0086468142, 0.00091693079;
 0.027113458, 0.99945325, 0.018924259, -0.0080765383;
 -0.009158357, -0.018682063, 0.99978352, 0.13875617;
 0, 0, 0, 1]
Twc:
[0.9995904, 0.027113458, -0.009158357, 0.00057320623;
 -0.027280902, 0.99945325, -0.018682063, 0.010689387;
 0.0086468142, 0.018924259, 0.99978352, -0.13858122;
 0, 0, 0, 1]
Ow:
[0.00091693079;
 -0.0080765383;
 0.13875617]
Keyframe: 24 Frame: 120 Frame from vFrameID : 121
Tcw:
[0.99962592, -0.025031321, 0.011022353, 0.0043131467;
 0.024812592, 0.99950087, 0.019552821, -0.01167307;
 -0.011506284, -0.019272014, 0.99974805, 0.17124863;
 0, 0, 0, 1]
Twc:
[0.99962592, 0.024812592, -0.011506284, -0.0020514582;
 -0.025031321, 0.99950087, -0.019272014, 0.015075514;
 0.011022353, 0.019552821, 0.99974805, -0.1710248;
 0, 0, 0, 1]
Ow:
[0.0043131467;
 -0.01167307;
 0.17124863]
Keyframe: 25 Frame: 124 Frame from vFrameID : 125
Tcw:
[0.99985862, -0.0038102535, 0.016376941, 0.0092816763;
 0.003741771, 0.99998415, 0.0042102486, -0.016310247;
 -0.016392723, -0.0041483748, 0.99985701, 0.19918625;
 0, 0, 0, 1]
Twc:
[0.99985862, 0.003741771, -0.016392723, -0.0059541306;
 -0.0038102535, 0.99998415, -0.0041483748, 0.017171653;
 0.016376941, 0.0042102486, 0.99985701, -0.19924112;
 0, 0, 0, 1]
Ow:
[0.0092816763;
 -0.016310247;
 0.19918625]
Keyframe: 26 Frame: 128 Frame from vFrameID : 129
Tcw:
[0.99997252, 0.0047544478, -0.0056904363, 0.012152279;
 -0.0046741292, 0.99989045, 0.014045659, -0.024088573;
 0.0057565919, -0.014018676, 0.99988514, 0.22564243;
 0, 0, 0, 1]
Twc:
[0.99997252, -0.0046741292, 0.0057565919, -0.013563468;
 0.0047544478, 0.99989045, -0.014018676, 0.027191363;
 -0.0056904363, 0.014045659, 0.99988514, -0.22520903;
 0, 0, 0, 1]
Ow:
[0.012152279;
 -0.024088573;
 0.22564243]
Keyframe: 27 Frame: 133 Frame from vFrameID : 134
Tcw:
[0.99991012, 0.0023575234, -0.013198822, 0.016010657;
 -0.0022601786, 0.9999702, 0.0073853238, -0.032524984;
 0.013215839, -0.0073548281, 0.99988562, 0.26695281;
 0, 0, 0, 1]
Twc:
[0.99991012, -0.0022601786, 0.013215839, -0.019610735;
 0.0023575234, 0.9999702, -0.0073548281, 0.034449663;
 -0.013198822, 0.0073853238, 0.99988562, -0.26647076;
 0, 0, 0, 1]
Ow:
[0.016010657;
 -0.032524984;
 0.26695281]
Keyframe: 28 Frame: 138 Frame from vFrameID : 139
Tcw:
[0.99962991, -0.02715805, 0.0015771829, 0.011092242;
 0.027175982, 0.99954933, -0.012752738, -0.035961121;
 -0.0012301326, 0.012790879, 0.99991745, 0.31862977;
 0, 0, 0, 1]
Twc:
[0.99962991, 0.027175982, -0.0012301326, -0.0097189015;
 -0.02715805, 0.99954933, 0.012790879, 0.032170601;
 0.0015771829, -0.012752738, 0.99991745, -0.31907955;
 0, 0, 0, 1]
Ow:
[0.011092242;
 -0.035961121;
 0.31862977]
Keyframe: 29 Frame: 143 Frame from vFrameID : 144
Tcw:
[0.99938416, -0.034775011, 0.0046948977, 0.011254402;
 0.034770794, 0.99939483, 0.00097667112, -0.041885544;
 -0.0047260206, -0.00081282429, 0.9999885, 0.36467993;
 0, 0, 0, 1]
Twc:
[0.99938416, 0.034770794, -0.0047260206, -0.008067592;
 -0.034775011, 0.99939483, -0.00081282429, 0.04254799;
 0.0046948977, 0.00097667112, 0.9999885, -0.36468768;
 0, 0, 0, 1]
Ow:
[0.011254402;
 -0.041885544;
 0.36467993]
Keyframe: 30 Frame: 148 Frame from vFrameID : 149
Tcw:
[0.99970651, -0.022412211, -0.0091958651, 0.014275864;
 0.022432957, 0.99974602, 0.0021590809, -0.044659093;
 0.0091451397, -0.0023647377, 0.99995542, 0.42393941;
 0, 0, 0, 1]
Twc:
[0.99970651, 0.022432957, 0.0091451397, -0.017146824;
 -0.022412211, 0.99974602, -0.0023647377, 0.045970209;
 -0.0091958651, 0.0021590809, 0.99995542, -0.42369279;
 0, 0, 0, 1]
Ow:
[0.014275864;
 -0.044659093;
 0.42393941]
Keyframe: 31 Frame: 153 Frame from vFrameID : 154
Tcw:
[0.9996233, 0.00026170697, -0.02744356, 0.020027313;
 0.0001527471, 0.99988598, 0.015098868, -0.048619889;
 0.027444383, -0.015097372, 0.99950933, 0.4736726;
 0, 0, 0, 1]
Twc:
[0.9996233, 0.0001527471, 0.027444383, -0.033011995;
 0.00026170697, 0.99988598, -0.015097372, 0.05576032;
 -0.02744356, 0.015098868, 0.99950933, -0.47215647;
 0, 0, 0, 1]
Ow:
[0.020027313;
 -0.048619889;
 0.4736726]
Keyframe: 32 Frame: 159 Frame from vFrameID : 160
Tcw:
[0.99918312, 0.026814573, -0.030233547, 0.02527648;
 -0.026449403, 0.99957305, 0.01241425, -0.058146313;
 0.030553522, -0.01160445, 0.99946576, 0.52413219;
 0, 0, 0, 1]
Twc:
[0.99918312, -0.026449403, 0.030553522, -0.042807855;
 0.026814573, 0.99957305, -0.01160445, 0.063525975;
 -0.030233547, 0.01241425, 0.99946576, -0.52236617;
 0, 0, 0, 1]
Ow:
[0.02527648;
 -0.058146313;
 0.52413219]
Keyframe: 33 Frame: 164 Frame from vFrameID : 165
Tcw:
[0.99976063, 0.015983857, -0.014939966, 0.026312582;
 -0.015781563, 0.99978352, 0.013561788, -0.060329765;
 0.015153501, -0.013322765, 0.99979639, 0.57614756;
 0, 0, 0, 1]
Twc:
[0.99976063, -0.015781563, 0.015153501, -0.035989039;
 0.015983857, 0.99978352, -0.013322765, 0.067571998;
 -0.014939966, 0.013561788, 0.99979639, -0.57481903;
 0, 0, 0, 1]
Ow:
[0.026312582;
 -0.060329765;
 0.57614756]
Keyframe: 34 Frame: 169 Frame from vFrameID : 170
Tcw:
[0.99999416, 0.0019087688, 0.0028346688, 0.025103848;
 -0.0018941513, 0.99998492, -0.0051504453, -0.066519462;
 -0.002844457, 0.0051450459, 0.99998271, 0.62998736;
 0, 0, 0, 1]
Twc:
[0.99999416, -0.0018941513, -0.002844457, -0.023437729;
 0.0019087688, 0.99998492, 0.0051450459, 0.063229226;
 0.0028346688, -0.0051504453, 0.99998271, -0.63039023;
 0, 0, 0, 1]
Ow:
[0.025103848;
 -0.066519462;
 0.62998736]
Keyframe: 35 Frame: 176 Frame from vFrameID : 177
Tcw:
[0.9993248, -0.019574068, 0.031094389, 0.018772783;
 0.019780824, 0.99978411, -0.0063556265, -0.072024703;
 -0.030963272, 0.0069664074, 0.99949622, 0.69642448;
 0, 0, 0, 1]
Twc:
[0.9993248, 0.019780824, -0.030963272, 0.0042281831;
 -0.019574068, 0.99978411, 0.0069664074, 0.067525037;
 0.031094389, -0.0063556265, 0.99949622, -0.69711518;
 0, 0, 0, 1]
Ow:
[0.018772783;
 -0.072024703;
 0.69642448]
Keyframe: 36 Frame: 181 Frame from vFrameID : 182
Tcw:
[0.99930269, -0.0095178969, 0.036104325, 0.024006722;
 0.0094426982, 0.99995285, 0.0022527734, -0.082510799;
 -0.036124066, -0.0019102803, 0.99934548, 0.75095588;
 0, 0, 0, 1]
Twc:
[0.99930269, 0.0094426982, -0.036124066, 0.0039167209;
 -0.0095178969, 0.99995285, -0.0019102803, 0.084169947;
 0.036104325, 0.0022527734, 0.99934548, -0.75114524;
 0, 0, 0, 1]
Ow:
[0.024006722;
 -0.082510799;
 0.75095588]
Keyframe: 37 Frame: 187 Frame from vFrameID : 188
Tcw:
[0.99994791, 0.0076265102, -0.0067797317, 0.030555161;
 -0.0078316331, 0.99949604, -0.030762022, -0.093788177;
 0.0065417085, 0.030813517, 0.99950373, 0.80447829;
 0, 0, 0, 1]
Twc:
[0.99994791, -0.0078316331, 0.0065417085, -0.036550745;
 0.0076265102, 0.99949604, 0.030813517, 0.068719082;
 -0.0067797317, -0.030762022, 0.99950373, -0.80675703;
 0, 0, 0, 1]
Ow:
[0.030555161;
 -0.093788177;
 0.80447829]
Keyframe: 38 Frame: 192 Frame from vFrameID : 193
Tcw:
[0.99974746, 0.017129136, -0.014546165, 0.034249842;
 -0.017028306, 0.99983031, 0.0070275785, -0.10687172;
 0.014664073, -0.0067781075, 0.99986953, 0.85841918;
 0, 0, 0, 1]
Twc:
[0.99974746, -0.017028306, 0.014664073, -0.048648961;
 0.017129136, 0.99983031, -0.0067781075, 0.11208538;
 -0.014546165, 0.0070275785, 0.99986953, -0.85705787;
 0, 0, 0, 1]
Ow:
[0.034249842;
 -0.10687172;
 0.85841918]
Keyframe: 39 Frame: 199 Frame from vFrameID : 200
Tcw:
[0.99990815, 0.013460152, -0.0015907157, 0.028039459;
 -0.013460656, 0.99990934, -0.00030690964, -0.11500222;
 0.0015864405, 0.00032829354, 0.99999869, 0.91984773;
 0, 0, 0, 1]
Twc:
[0.99990815, -0.013460656, 0.0015864405, -0.031044172;
 0.013460152, 0.99990934, 0.00032829354, 0.1143124;
 -0.0015907157, -0.00030690964, 0.99999869, -0.91983718;
 0, 0, 0, 1]
Ow:
[0.028039459;
 -0.11500222;
 0.91984773]
Keyframe: 40 Frame: 205 Frame from vFrameID : 206
Tcw:
[0.99999982, 0.00036081648, 0.00045470937, 0.022381371;
 -0.00035720097, 0.99996853, -0.0079264063, -0.12504421;
 -0.00045755506, 0.0079262424, 0.99996847, 0.98890752;
 0, 0, 0, 1]
Twc:
[0.99999982, -0.00035720097, -0.00045755506, -0.021973554;
 0.00036081648, 0.99996853, 0.0079262424, 0.11719389;
 0.00045470937, -0.0079264063, 0.99996847, -0.9898777;
 0, 0, 0, 1]
Ow:
[0.022381371;
 -0.12504421;
 0.98890752]
Keyframe: 41 Frame: 210 Frame from vFrameID : 211
Tcw:
[0.99977362, 0.010469461, 0.018522754, 0.025818329;
 -0.010334366, 0.99991941, -0.0073742392, -0.13136466;
 -0.018598465, 0.007181149, 0.99980122, 1.0390115;
 0, 0, 0, 1]
Twc:
[0.99977362, -0.010334366, -0.018598465, -0.0078460341;
 0.010469461, 0.99991941, 0.007181149, 0.12362247;
 0.018522754, -0.0073742392, 0.99980122, -1.040252;
 0, 0, 0, 1]
Ow:
[0.025818329;
 -0.13136466;
 1.0390115]
Keyframe: 42 Frame: 215 Frame from vFrameID : 216
Tcw:
[0.99978989, 0.019817924, -0.005238445, 0.030929836;
 -0.019933889, 0.99953443, -0.023098916, -0.13577102;
 0.0047782334, 0.023198484, 0.99971944, 1.0909812;
 0, 0, 0, 1]
Twc:
[0.99978989, -0.019933889, 0.0047782334, -0.038842745;
 0.019817924, 0.99953443, 0.023198484, 0.10978573;
 -0.005238445, -0.023098916, 0.99971944, -1.0936494;
 0, 0, 0, 1]
Ow:
[0.030929836;
 -0.13577102;
 1.0909812]
Keyframe: 43 Frame: 219 Frame from vFrameID : 220
Tcw:
[0.99964625, 0.01741601, -0.020102812, 0.03834065;
 -0.01786715, 0.99958754, -0.022484586, -0.14355598;
 0.019702928, 0.022835812, 0.99954504, 1.12471;
 0, 0, 0, 1]
Twc:
[0.99964625, -0.01786715, 0.019702928, -0.063052103;
 0.01741601, 0.99958754, 0.022835812, 0.11714537;
 -0.020102812, -0.022484586, 0.99954504, -1.1266553;
 0, 0, 0, 1]
Ow:
[0.03834065;
 -0.14355598;
 1.12471]
Keyframe: 44 Frame: 224 Frame from vFrameID : 225
Tcw:
[0.999479, 0.024887601, -0.020550381, 0.045013517;
 -0.025298942, 0.99947977, -0.020004865, -0.15299594;
 0.020041818, 0.020514345, 0.99958867, 1.1703683;
 0, 0, 0, 1]
Twc:
[0.999479, -0.025298942, 0.020041818, -0.072317004;
 0.024887601, 0.99947977, 0.020514345, 0.12778673;
 -0.020550381, -0.020004865, 0.99958867, -1.1720225;
 0, 0, 0, 1]
Ow:
[0.045013517;
 -0.15299594;
 1.1703683]
Keyframe: 45 Frame: 228 Frame from vFrameID : 229
Tcw:
[0.99987257, 0.014877499, -0.0057933247, 0.040534705;
 -0.015009172, 0.99961376, -0.023390207, -0.15354091;
 0.005443099, 0.023474179, 0.99970961, 1.2158099;
 0, 0, 0, 1]
Twc:
[0.99987257, -0.015009172, 0.005443099, -0.049451835;
 0.014877499, 0.99961376, 0.023474179, 0.12433841;
 -0.0057933247, -0.023390207, 0.99970961, -1.2188134;
 0, 0, 0, 1]
Ow:
[0.040534705;
 -0.15354091;
 1.2158099]
Keyframe: 46 Frame: 232 Frame from vFrameID : 233
Tcw:
[0.99994552, -0.003887641, 0.0096899522, 0.034312587;
 0.004405776, 0.99852926, -0.054036666, -0.16444352;
 -0.0094656255, 0.054076415, 0.99849194, 1.2682908;
 0, 0, 0, 1]
Twc:
[0.99994552, 0.004405776, -0.0094656255, -0.02158105;
 -0.003887641, 0.99852926, 0.054076415, 0.095750459;
 0.0096899522, -0.054036666, 0.99849194, -1.2755965;
 0, 0, 0, 1]
Ow:
[0.034312587;
 -0.16444352;
 1.2682908]
Keyframe: 47 Frame: 236 Frame from vFrameID : 237
Tcw:
[0.99925905, -0.0091357911, 0.037387427, 0.039800018;
 0.010498065, 0.999282, -0.036404073, -0.17097485;
 -0.037028003, 0.036769595, 0.99863756, 1.3040854;
 0, 0, 0, 1]
Twc:
[0.99925905, 0.010498065, -0.037028003, 0.010312052;
 -0.0091357911, 0.999282, 0.036769595, 0.12326501;
 0.037387427, -0.036404073, 0.99863756, -1.3100208;
 0, 0, 0, 1]
Ow:
[0.039800018;
 -0.17097485;
 1.3040854]
Keyframe: 48 Frame: 240 Frame from vFrameID : 241
Tcw:
[0.9986046, -0.007248282, 0.052310161, 0.04163269;
 0.0088438746, 0.99950063, -0.030335817, -0.17508949;
 -0.052064158, 0.030756112, 0.99817002, 1.3427502;
 0, 0, 0, 1]
Twc:
[0.9986046, 0.0088438746, -0.052064158, 0.029883027;
 -0.007248282, 0.99950063, 0.030756112, 0.13400605;
 0.052310161, -0.030335817, 0.99817002, -1.3477823;
 0, 0, 0, 1]
Ow:
[0.04163269;
 -0.17508949;
 1.3427502]
Keyframe: 49 Frame: 245 Frame from vFrameID : 246
Tcw:
[0.99920076, 0.021129569, 0.033932306, 0.062653467;
 -0.019476984, 0.99864221, -0.048315693, -0.18315448;
 -0.034907121, 0.047616176, 0.99825555, 1.399461;
 0, 0, 0, 1]
Twc:
[0.99920076, -0.019476984, -0.034907121, -0.017319534;
 0.021129569, 0.99864221, 0.047616176, 0.11494496;
 0.033932306, -0.048315693, 0.99825555, -1.407995;
 0, 0, 0, 1]
Ow:
[0.062653467;
 -0.18315448;
 1.399461]
Keyframe: 50 Frame: 249 Frame from vFrameID : 250
Tcw:
[0.99987453, 0.010959478, 0.011437573, 0.06489104;
 -0.010301651, 0.99837375, -0.0560693, -0.19049776;
 -0.012033463, 0.055944439, 0.99836135, 1.4304191;
 0, 0, 0, 1]
Twc:
[0.99987453, -0.010301651, -0.012033463, -0.049632449;
 0.010959478, 0.99837375, 0.055944439, 0.10945278;
 0.011437573, -0.0560693, 0.99836135, -1.4394984;
 0, 0, 0, 1]
Ow:
[0.06489104;
 -0.19049776;
 1.4304191]
Keyframe: 51 Frame: 254 Frame from vFrameID : 255
Tcw:
[0.99996632, 0.0081897257, 0.00057704747, 0.065629236;
 -0.0081613902, 0.99922317, -0.038555127, -0.19756091;
 -0.00089235511, 0.038549118, 0.99925631, 1.4748759;
 0, 0, 0, 1]
Twc:
[0.99996632, -0.0081613902, -0.00089235511, -0.065923281;
 0.0081897257, 0.99922317, 0.038549118, 0.14001478;
 0.00057704747, -0.038555127, 0.99925631, -1.481434;
 0, 0, 0, 1]
Ow:
[0.065629236;
 -0.19756091;
 1.4748759]
Keyframe: 52 Frame: 259 Frame from vFrameID : 260
Tcw:
[0.99999666, -4.5163251e-05, 0.0025906339, 0.06313055;
 0.0001565507, 0.99907452, -0.043012142, -0.19856095;
 -0.0025862937, 0.043012403, 0.99907118, 1.5228825;
 0, 0, 0, 1]
Twc:
[0.99999666, 0.0001565507, -0.0025862937, -0.059160627;
 -4.5163251e-05, 0.99907452, 0.043012403, 0.13287722;
 0.0025906339, -0.043012142, 0.99907118, -1.530172;
 0, 0, 0, 1]
Ow:
[0.06313055;
 -0.19856095;
 1.5228825]
Keyframe: 53 Frame: 264 Frame from vFrameID : 265
Tcw:
[0.99987805, -0.0063589225, 0.014261795, 0.05960954;
 0.0071146991, 0.99853802, -0.053584144, -0.20737919;
 -0.013900206, 0.053679079, 0.99846148, 1.5762874;
 0, 0, 0, 1]
Twc:
[0.99987805, 0.0071146991, -0.013900206, -0.036216114;
 -0.0063589225, 0.99853802, 0.053679079, 0.12284138;
 0.014261795, -0.053584144, 0.99846148, -1.5858247;
 0, 0, 0, 1]
Ow:
[0.05960954;
 -0.20737919;
 1.5762874]
Keyframe: 54 Frame: 269 Frame from vFrameID : 270
Tcw:
[0.9995839, -0.014665745, 0.024838092, 0.059188735;
 0.015794866, 0.99882162, -0.045890458, -0.21404451;
 -0.024135806, 0.04626368, 0.99863762, 1.6194978;
 0, 0, 0, 1]
Twc:
[0.9995839, 0.015794866, -0.024135806, -0.016695421;
 -0.014665745, 0.99882162, 0.04626368, 0.1397364;
 0.024838092, -0.045890458, 0.99863762, -1.6285841;
 0, 0, 0, 1]
Ow:
[0.059188735;
 -0.21404451;
 1.6194978]
Keyframe: 55 Frame: 274 Frame from vFrameID : 275
Tcw:
[0.99986851, -0.0091575757, -0.013383256, 0.069524765;
 0.0084678475, 0.99867725, -0.050714761, -0.21846196;
 0.013829978, 0.050594762, 0.99862349, 1.6718621;
 0, 0, 0, 1]
Twc:
[0.99986851, 0.0084678475, 0.013829978, -0.09078753;
 -0.0091575757, 0.99867725, 0.050594762, 0.13422222;
 -0.013383256, -0.050714761, 0.99862349, -1.6797097;
 0, 0, 0, 1]
Ow:
[0.069524765;
 -0.21846196;
 1.6718621]
Keyframe: 56 Frame: 279 Frame from vFrameID : 280
Tcw:
[0.99959159, 0.024237009, -0.015140574, 0.084154435;
 -0.024904938, 0.998649, -0.045606069, -0.22889359;
 0.014014766, 0.04596452, 0.99884474, 1.7162656;
 0, 0, 0, 1]
Twc:
[0.99959159, -0.024904938, 0.014014766, -0.11387371;
 0.024237009, 0.998649, 0.04596452, 0.14765738;
 -0.015140574, -0.045606069, 0.99884474, -1.7234477;
 0, 0, 0, 1]
Ow:
[0.084154435;
 -0.22889359;
 1.7162656]
Keyframe: 57 Frame: 284 Frame from vFrameID : 285
Tcw:
[0.99887353, 0.014912161, -0.045048062, 0.084532209;
 -0.016800929, 0.99898285, -0.041844405, -0.23732337;
 0.044378251, 0.042554118, 0.99810809, 1.7624568;
 0, 0, 0, 1]
Twc:
[0.99887353, -0.016800929, 0.044378251, -0.16663897;
 0.014912161, 0.99898285, 0.042554118, 0.16082165;
 -0.045048062, -0.041844405, 0.99810809, -1.7652448;
 0, 0, 0, 1]
Ow:
[0.084532209;
 -0.23732337;
 1.7624568]
Keyframe: 58 Frame: 289 Frame from vFrameID : 290
Tcw:
[0.99891949, 0.019280225, -0.042285871, 0.081853375;
 -0.02069461, 0.99923211, -0.03326948, -0.24021772;
 0.041611958, 0.03410862, 0.99855149, 1.8102272;
 0, 0, 0, 1]
Twc:
[0.99891949, -0.02069461, 0.041611958, -0.16206324;
 0.019280225, 0.99923211, 0.03410862, 0.17671077;
 -0.042285871, -0.03326948, 0.99855149, -1.8121356;
 0, 0, 0, 1]
Ow:
[0.081853375;
 -0.24021772;
 1.8102272]
Keyframe: 59 Frame: 294 Frame from vFrameID : 295
Tcw:
[0.99879795, 0.0064444621, -0.048591431, 0.070686288;
 -0.0082508065, 0.99927878, -0.03706567, -0.24760473;
 0.048317514, 0.037422031, 0.99813074, 1.8629284;
 0, 0, 0, 1]
Twc:
[0.99879795, -0.0082508065, 0.048317514, -0.16265634;
 0.0064444621, 0.99927878, 0.037422031, 0.17725605;
 -0.048591431, -0.03706567, 0.99813074, -1.8651891;
 0, 0, 0, 1]
Ow:
[0.070686288;
 -0.24760473;
 1.8629284]
Keyframe: 60 Frame: 299 Frame from vFrameID : 300
Tcw:
[0.99921948, -0.015939726, -0.036143273, 0.064594045;
 0.015200752, 0.99967164, -0.020629125, -0.25587517;
 0.036460228, 0.020063618, 0.99913365, 1.9081109;
 0, 0, 0, 1]
Twc:
[0.99921948, 0.015200752, 0.036460228, -0.13022429;
 -0.015939726, 0.99967164, 0.020063618, 0.21853714;
 -0.036143273, -0.020629125, 0.99913365, -1.9094018;
 0, 0, 0, 1]
Ow:
[0.064594045;
 -0.25587517;
 1.9081109]
Keyframe: 61 Frame: 304 Frame from vFrameID : 305
Tcw:
[0.99971282, -0.012853538, -0.020226169, 0.068196617;
 0.012652655, 0.99986964, -0.01002863, -0.26184481;
 0.020352436, 0.0097698355, 0.99974513, 1.9588137;
 0, 0, 0, 1]
Twc:
[0.99971282, 0.012652655, 0.020352436, -0.10473063;
 -0.012853538, 0.99986964, 0.0097698355, 0.24354997;
 -0.020226169, -0.01002863, 0.99974513, -1.9595611;
 0, 0, 0, 1]
Ow:
[0.068196617;
 -0.26184481;
 1.9588137]
Keyframe: 62 Frame: 309 Frame from vFrameID : 310
Tcw:
[0.99911219, 0.017714975, -0.038223915, 0.076602615;
 -0.018925445, 0.99932325, -0.031541951, -0.26433659;
 0.037639283, 0.032237351, 0.99877125, 2.0100629;
 0, 0, 0, 1]
Twc:
[0.99911219, -0.018925445, 0.037639283, -0.15719463;
 0.017714975, 0.99932325, 0.032237351, 0.19800155;
 -0.038223915, -0.031541951, 0.99877125, -2.0130029;
 0, 0, 0, 1]
Ow:
[0.076602615;
 -0.26433659;
 2.0100629]
Keyframe: 63 Frame: 314 Frame from vFrameID : 315
Tcw:
[0.99756449, 0.0205754, -0.0666463, 0.086551636;
 -0.020862537, 0.99977583, -0.0036151721, -0.27702358;
 0.066556975, 0.0049967784, 0.99777013, 2.0628505;
 0, 0, 0, 1]
Twc:
[0.99756449, -0.020862537, 0.066556975, -0.22941734;
 0.0205754, 0.99977583, 0.0049967784, 0.26487303;
 -0.0666463, -0.0036151721, 0.99777013, -2.0534837;
 0, 0, 0, 1]
Ow:
[0.086551636;
 -0.27702358;
 2.0628505]
Keyframe: 64 Frame: 319 Frame from vFrameID : 320
Tcw:
[0.99843621, 0.018959802, -0.052589338, 0.081604771;
 -0.019448657, 0.99977213, -0.008799525, -0.28200543;
 0.052410517, 0.0098085562, 0.99857748, 2.1078165;
 0, 0, 0, 1]
Twc:
[0.99843621, -0.019448657, 0.052410517, -0.19743353;
 0.018959802, 0.99977213, 0.0098085562, 0.25971931;
 -0.052589338, -0.008799525, 0.99857748, -2.103008;
 0, 0, 0, 1]
Ow:
[0.081604771;
 -0.28200543;
 2.1078165]
Keyframe: 65 Frame: 324 Frame from vFrameID : 325
Tcw:
[0.99791843, -0.0063818861, -0.064172402, 0.074379042;
 0.0054013026, 0.99986619, -0.015442347, -0.28623343;
 0.064262368, 0.015063589, 0.99781936, 2.1565881;
 0, 0, 0, 1]
Twc:
[0.99791843, 0.0054013026, 0.064262368, -0.21126562;
 -0.0063818861, 0.99986619, 0.015063589, 0.25418383;
 -0.064172402, -0.015442347, 0.99781936, -2.1515322;
 0, 0, 0, 1]
Ow:
[0.074379042;
 -0.28623343;
 2.1565881]
Keyframe: 66 Frame: 329 Frame from vFrameID : 330
Tcw:
[0.99875039, -0.014005651, -0.047974534, 0.072802596;
 0.01288134, 0.99963695, -0.023665134, -0.29233941;
 0.048288561, 0.023017583, 0.99856818, 2.2012095;
 0, 0, 0, 1]
Twc:
[0.99875039, 0.01288134, 0.048288561, -0.17523915;
 -0.014005651, 0.99963695, 0.023017583, 0.24258639;
 -0.047974534, -0.023665134, 0.99856818, -2.2014835;
 0, 0, 0, 1]
Ow:
[0.072802596;
 -0.29233941;
 2.2012095]
Keyframe: 67 Frame: 334 Frame from vFrameID : 335
Tcw:
[0.99873024, -0.018238194, -0.046960779, 0.07379128;
 0.018392043, 0.99982679, 0.002846068, -0.29869291;
 0.046900738, -0.0037061588, 0.99889266, 2.2571542;
 0, 0, 0, 1]
Twc:
[0.99873024, 0.018392043, 0.046900738, -0.17406622;
 -0.018238194, 0.99982679, -0.0037061588, 0.30835235;
 -0.046960779, 0.002846068, 0.99889266, -2.2503395;
 0, 0, 0, 1]
Ow:
[0.07379128;
 -0.29869291;
 2.2571542]
Keyframe: 68 Frame: 339 Frame from vFrameID : 340
Tcw:
[0.99702501, -0.001089001, -0.077070981, 0.084127843;
 -0.00091149256, 0.99966371, -0.025916571, -0.3021695;
 0.077073291, 0.025909718, 0.99668872, 2.3056395;
 0, 0, 0, 1]
Twc:
[0.99702501, -0.00091149256, 0.077073291, -0.26185623;
 -0.001089001, 0.99966371, 0.025909718, 0.24242102;
 -0.077070981, -0.025916571, 0.99668872, -2.2993524;
 0, 0, 0, 1]
Ow:
[0.084127843;
 -0.3021695;
 2.3056395]
Keyframe: 69 Frame: 344 Frame from vFrameID : 345
Tcw:
[0.99496555, 0.0075196601, -0.099934816, 0.095707789;
 -0.0098929582, 0.99968016, -0.02327415, -0.3112371;
 0.099727839, 0.024145629, 0.99472177, 2.3480754;
 0, 0, 0, 1]
Twc:
[0.99496555, -0.0098929582, 0.099727839, -0.33247352;
 0.0075196601, 0.99968016, 0.024145629, 0.25372213;
 -0.099934816, -0.02327415, 0.99472177, -2.3333609;
 0, 0, 0, 1]
Ow:
[0.095707789;
 -0.3112371;
 2.3480754]
Keyframe: 70 Frame: 349 Frame from vFrameID : 350
Tcw:
[0.99582845, 0.016517051, -0.089737788, 0.10062744;
 -0.018573819, 0.99958247, -0.022133172, -0.31672192;
 0.089334741, 0.023707615, 0.99571949, 2.4027526;
 0, 0, 0, 1]
Twc:
[0.99582845, -0.018573819, 0.089334741, -0.32073969;
 0.016517051, 0.99958247, 0.023707615, 0.25796407;
 -0.089737788, -0.022133172, 0.99571949, -2.3904474;
 0, 0, 0, 1]
Ow:
[0.10062744;
 -0.31672192;
 2.4027526]
Keyframe: 71 Frame: 354 Frame from vFrameID : 355
Tcw:
[0.99577558, 0.00052368519, -0.091818944, 0.093620673;
 -0.0049642306, 0.99882823, -0.048140265, -0.32088906;
 0.091686144, 0.048392709, 0.99461138, 2.4542625;
 0, 0, 0, 1]
Twc:
[0.99577558, -0.0049642306, 0.091686144, -0.31984001;
 0.00052368519, 0.99882823, 0.048392709, 0.20169561;
 -0.091818944, -0.048140265, 0.99461138, -2.4478889;
 0, 0, 0, 1]
Ow:
[0.093620673;
 -0.32088906;
 2.4542625]
Keyframe: 72 Frame: 359 Frame from vFrameID : 360
Tcw:
[0.99791408, -0.0052533709, -0.064341947, 0.092399105;
 0.0016526154, 0.99843562, -0.055888653, -0.32552624;
 0.064534895, 0.055665743, 0.99636167, 2.5012054;
 0, 0, 0, 1]
Twc:
[0.99791408, 0.0016526154, 0.064534895, -0.25308344;
 -0.0052533709, 0.99843562, 0.055665743, 0.18627094;
 -0.064341947, -0.055888653, 0.99636167, -2.5043533;
 0, 0, 0, 1]
Ow:
[0.092399105;
 -0.32552624;
 2.5012054]
Keyframe: 73 Frame: 364 Frame from vFrameID : 365
Tcw:
[0.99785948, -0.006171145, -0.065102972, 0.091935053;
 0.0048407516, 0.9997766, -0.020573201, -0.33167937;
 0.065215394, 0.020214016, 0.99766648, 2.5570443;
 0, 0, 0, 1]
Twc:
[0.99785948, 0.0048407516, 0.065215394, -0.25689131;
 -0.006171145, 0.9997766, 0.020214016, 0.28048453;
 -0.065102972, -0.020573201, 0.99766648, -2.5519156;
 0, 0, 0, 1]
Ow:
[0.091935053;
 -0.33167937;
 2.5570443]
Keyframe: 74 Frame: 369 Frame from vFrameID : 370
Tcw:
[0.99639946, 0.00015231613, -0.084782876, 0.09852834;
 -0.0029907709, 0.99943918, -0.033353098, -0.3393105;
 0.084730253, 0.033486575, 0.99584109, 2.6093972;
 0, 0, 0, 1]
Twc:
[0.99639946, -0.0029907709, 0.084730253, -0.32028326;
 0.00015231613, 0.99943918, 0.033486575, 0.25172541;
 -0.084782876, -0.033353098, 0.99584109, -2.6015084;
 0, 0, 0, 1]
Ow:
[0.09852834;
 -0.3393105;
 2.6093972]
Keyframe: 75 Frame: 375 Frame from vFrameID : 376
Tcw:
[0.99318284, 0.02229684, -0.1144145, 0.10870817;
 -0.027242394, 0.99875265, -0.041844785, -0.34697902;
 0.11333878, 0.044676445, 0.99255145, 2.6637125;
 0, 0, 0, 1]
Twc:
[0.99318284, -0.027242394, 0.11333878, -0.41932157;
 0.02229684, 0.99875265, 0.044676445, 0.22511716;
 -0.1144145, -0.041844785, 0.99255145, -2.6459532;
 0, 0, 0, 1]
Ow:
[0.10870817;
 -0.34697902;
 2.6637125]
Keyframe: 76 Frame: 380 Frame from vFrameID : 381
Tcw:
[0.99399257, 0.022521546, -0.10710553, 0.1069037;
 -0.026549926, 0.9989869, -0.03633517, -0.35310411;
 0.10617869, 0.038960531, 0.9935835, 2.7056775;
 0, 0, 0, 1]
Twc:
[0.99399257, -0.026549926, 0.10617869, -0.40292168;
 0.022521546, 0.9989869, 0.038960531, 0.24492413;
 -0.10710553, -0.03633517, 0.9935835, -2.6896966;
 0, 0, 0, 1]
Ow:
[0.1069037;
 -0.35310411;
 2.7056775]
Keyframe: 77 Frame: 385 Frame from vFrameID : 386
Tcw:
[0.99514955, -0.0049090995, -0.098251261, 0.091736555;
 -9.3665076e-05, 0.99870634, -0.050848812, -0.35623062;
 0.098373778, 0.050611373, 0.99386168, 2.7624075;
 0, 0, 0, 1]
Twc:
[0.99514955, -9.3665076e-05, 0.098373778, -0.36307344;
 -0.0049090995, 0.99870634, 0.050611373, 0.21641089;
 -0.098251261, -0.050848812, 0.99386168, -2.7545519;
 0, 0, 0, 1]
Ow:
[0.091736555;
 -0.35623062;
 2.7624075]
Keyframe: 78 Frame: 390 Frame from vFrameID : 391
Tcw:
[0.99784285, -0.016370535, -0.063574322, 0.089451194;
 0.011860117, 0.997428, -0.070687301, -0.36711046;
 0.064567998, 0.069780819, 0.99547052, 2.8101227;
 0, 0, 0, 1]
Twc:
[0.99784285, 0.011860117, 0.064567998, -0.26634827;
 -0.016370535, 0.997428, 0.069780819, 0.17153797;
 -0.063574322, -0.070687301, 0.99547052, -2.8176577;
 0, 0, 0, 1]
Ow:
[0.089451194;
 -0.36711046;
 2.8101227]
Keyframe: 79 Frame: 395 Frame from vFrameID : 396
Tcw:
[0.99907428, -0.011598712, -0.041425589, 0.085950769;
 0.0095458506, 0.99873275, -0.049413893, -0.37068975;
 0.041946232, 0.048972707, 0.9979189, 2.8548582;
 0, 0, 0, 1]
Twc:
[0.99907428, 0.0095458506, 0.041946232, -0.20208319;
 -0.011598712, 0.99873275, 0.048972707, 0.23140681;
 -0.041425589, -0.049413893, 0.9979189, -2.8636737;
 0, 0, 0, 1]
Ow:
[0.085950769;
 -0.37068975;
 2.8548582]
Keyframe: 80 Frame: 400 Frame from vFrameID : 401
Tcw:
[0.99696773, -0.019791467, -0.075256959, 0.084946543;
 0.013886502, 0.99684155, -0.078192927, -0.37712163;
 0.076566815, 0.076910771, 0.99409366, 2.9114506;
 0, 0, 0, 1]
Twc:
[0.99696773, 0.013886502, 0.076566815, -0.30237257;
 -0.019791467, 0.99684155, 0.076910771, 0.15368977;
 -0.075256959, -0.078192927, 0.99409366, -2.9173503;
 0, 0, 0, 1]
Ow:
[0.084946543;
 -0.37712163;
 2.9114506]
Keyframe: 81 Frame: 405 Frame from vFrameID : 406
Tcw:
[0.99672699, 0.00058450218, -0.080838881, 0.087326378;
 -0.0076991823, 0.99611479, -0.087726988, -0.38495797;
 0.080473535, 0.088062249, 0.99285901, 2.956712;
 0, 0, 0, 1]
Twc:
[0.99672699, -0.0076991823, 0.080473535, -0.32794151;
 0.00058450218, 0.99611479, 0.088062249, 0.12303657;
 -0.080838881, -0.087726988, 0.99285901, -2.9623103;
 0, 0, 0, 1]
Ow:
[0.087326378;
 -0.38495797;
 2.956712]
Keyframe: 82 Frame: 411 Frame from vFrameID : 412
Tcw:
[0.99634337, 0.007366593, -0.085121006, 0.083881497;
 -0.011783198, 0.9986034, -0.051500883, -0.39035603;
 0.084622741, 0.052315563, 0.99503875, 3.018528;
 0, 0, 0, 1]
Twc:
[0.99634337, -0.011783198, 0.084622741, -0.34361055;
 0.007366593, 0.9986034, 0.052315563, 0.23127697;
 -0.085121006, -0.051500883, 0.99503875, -3.016516;
 0, 0, 0, 1]
Ow:
[0.083881497;
 -0.39035603;
 3.018528]
Keyframe: 83 Frame: 416 Frame from vFrameID : 417
Tcw:
[0.99789464, -0.0093894266, -0.064172804, 0.07436201;
 0.006188232, 0.99873495, -0.049901895, -0.39588988;
 0.064560175, 0.049399719, 0.99669033, 3.0674801;
 0, 0, 0, 1]
Twc:
[0.99789464, 0.006188232, 0.064560175, -0.26979262;
 -0.0093894266, 0.99873495, 0.049399719, 0.24455465;
 -0.064172804, -0.049901895, 0.99669033, -3.0723114;
 0, 0, 0, 1]
Ow:
[0.07436201;
 -0.39588988;
 3.0674801]
Keyframe: 84 Frame: 422 Frame from vFrameID : 423
Tcw:
[0.99943131, -0.019161852, -0.027746379, 0.065534465;
 0.017675899, 0.99844635, -0.052844193, -0.40525797;
 0.028715864, 0.052323699, 0.99821723, 3.1167874;
 0, 0, 0, 1]
Twc:
[0.99943131, 0.017675899, 0.028715864, -0.14783514;
 -0.019161852, 0.99844635, 0.052323699, 0.24280223;
 -0.027746379, -0.052844193, 0.99821723, -3.1308281;
 0, 0, 0, 1]
Ow:
[0.065534465;
 -0.40525797;
 3.1167874]
Keyframe: 85 Frame: 427 Frame from vFrameID : 428
Tcw:
[0.99928284, -0.028777953, -0.024609784, 0.064098336;
 0.027754556, 0.99877518, -0.040961482, -0.40919411;
 0.025758428, 0.040249072, 0.99885762, 3.1564105;
 0, 0, 0, 1]
Twc:
[0.99928284, 0.027754556, 0.025758428, -0.13399954;
 -0.028777953, 0.99877518, 0.040249072, 0.28349495;
 -0.024609784, -0.040961482, 0.99885762, -3.1679883;
 0, 0, 0, 1]
Ow:
[0.064098336;
 -0.40919411;
 3.1564105]
Keyframe: 86 Frame: 432 Frame from vFrameID : 433
Tcw:
[0.99886483, -0.018620539, -0.043843701, 0.070800453;
 0.015882745, 0.99795067, -0.061985292, -0.41296521;
 0.04490805, 0.061218571, 0.99711359, 3.2114997;
 0, 0, 0, 1]
Twc:
[0.99886483, 0.015882745, 0.04490805, -0.20838328;
 -0.018620539, 0.99795067, 0.061218571, 0.21683383;
 -0.043843701, -0.061985292, 0.99711359, -3.2247238;
 0, 0, 0, 1]
Ow:
[0.070800453;
 -0.41296521;
 3.2114997]
Keyframe: 87 Frame: 438 Frame from vFrameID : 439
Tcw:
[0.99681175, -0.0044487356, -0.079664864, 0.080533057;
 9.8893084e-05, 0.99851251, -0.054522663, -0.41788459;
 0.079788923, 0.054340955, 0.9953295, 3.2720037;
 0, 0, 0, 1]
Twc:
[0.99681175, 9.8893084e-05, 0.079788923, -0.3413046;
 -0.0044487356, 0.99851251, 0.054340955, 0.23981749;
 -0.079664864, -0.054522663, 0.9953295, -3.2730901;
 0, 0, 0, 1]
Ow:
[0.080533057;
 -0.41788459;
 3.2720037]
Keyframe: 88 Frame: 443 Frame from vFrameID : 444
Tcw:
[0.99723148, 0.0082225371, -0.073903471, 0.081467584;
 -0.0099823168, 0.99967462, -0.023474121, -0.42425364;
 0.073686406, 0.02414686, 0.99698907, 3.3185234;
 0, 0, 0, 1]
Twc:
[0.99723148, -0.0099823168, 0.073686406, -0.33000714;
 0.0082225371, 0.99967462, 0.02414686, 0.34331378;
 -0.073903471, -0.023474121, 0.99698907, -3.31247;
 0, 0, 0, 1]
Ow:
[0.081467584;
 -0.42425364;
 3.3185234]
Keyframe: 89 Frame: 449 Frame from vFrameID : 450
Tcw:
[0.99771816, 0.0079185162, -0.067050144, 0.077939004;
 -0.011863705, 0.99820828, -0.058647238, -0.43083972;
 0.066465609, 0.059308879, 0.99602449, 3.3883758;
 0, 0, 0, 1]
Twc:
