Keyframe: 0 Frame: 0 Frame from vFrameID : 11
Tcw:
[1, 0, 0, 0;
 0, 1, 0, 0;
 0, 0, 1, 0;
 0, 0, 0, 1]
Twc:
[1, 0, 0, 0;
 0, 1, 0, 0;
 0, 0, 1, 0;
 0, 0, 0, 1]
Ow:
[0;
 0;
 0]
Keyframe: 1 Frame: 10 Frame from vFrameID : 11
Tcw:
[0.99947953, 0.031876016, -0.0049531874, -0.0020395655;
 -0.031464476, 0.99717468, 0.068210073, -0.00032035043;
 0.0071134586, -0.06801872, 0.99765867, 0.00038125564;
 0, 0, 0, 1]
Twc:
[0.99947953, -0.031464476, 0.0071134586, 0.0020257123;
 0.031876016, 0.99717468, -0.06801872, 0.00041039111;
 -0.0049531874, 0.068210073, 0.99765867, -0.00036861422;
 0, 0, 0, 1]
Ow:
[-0.0020395655;
 -0.00032035043;
 0.00038125564]
Keyframe: 2 Frame: 11 Frame from vFrameID : 12
Tcw:
[0.99952406, 0.029887212, -0.0076465639, -0.0017114606;
 -0.02933353, 0.99749106, 0.064429015, -0.00022986859;
 0.0095529826, -0.064174049, 0.99789298, 0.00035132086;
 0, 0, 0, 1]
Twc:
[0.99952406, -0.02933353, 0.0095529826, 0.0017005469;
 0.029887212, 0.99749106, -0.064174049, 0.00030298834;
 -0.0076465639, 0.064429015, 0.99789298, -0.00034885723;
 0, 0, 0, 1]
Ow:
[-0.0017114606;
 -0.00022986859;
 0.00035132086]
Keyframe: 3 Frame: 12 Frame from vFrameID : 13
Tcw:
[0.99947453, 0.030999852, -0.0094671594, -0.0019589765;
 -0.03035708, 0.9976263, 0.061807372, -0.00024921098;
 0.011360707, -0.0614875, 0.99804318, 6.9652859e-05;
 0, 0, 0, 1]
Twc:
[0.99947453, -0.03035708, 0.011360707, 0.0019495906;
 0.030999852, 0.9976263, -0.0614875, 0.00031363021;
 -0.0094671594, 0.061807372, 0.99804318, -7.265943e-05;
 0, 0, 0, 1]
Ow:
[-0.0019589765;
 -0.00024921098;
 6.9652859e-05]
Keyframe: 4 Frame: 13 Frame from vFrameID : 14
Tcw:
[0.9995088, 0.029550986, -0.010437422, -0.0020497127;
 -0.028878951, 0.9978081, 0.059540328, -0.00023964842;
 0.01217402, -0.05920966, 0.99817133, 0.00017014563;
 0, 0, 0, 1]
Twc:
[0.9995088, -0.028878951, 0.01217402, 0.0020397136;
 0.029550986, 0.9978081, -0.05920966, 0.00030976842;
 -0.010437422, 0.059540328, 0.99817133, -0.00017695947;
 0, 0, 0, 1]
Ow:
[-0.0020497127;
 -0.00023964842;
 0.00017014563]
Keyframe: 5 Frame: 14 Frame from vFrameID : 15
Tcw:
[0.99955845, 0.028461009, -0.0085370969, -0.0022143449;
 -0.027939789, 0.99804145, 0.055969387, -5.9902351e-05;
 0.010113322, -0.055706147, 0.99839598, 0.00021581976;
 0, 0, 0, 1]
Twc:
[0.99955845, -0.027939789, 0.010113322, 0.0022095107;
 0.028461009, 0.99804145, -0.055706147, 0.00013483001;
 -0.0085370969, 0.055969387, 0.99839598, -0.00023102495;
 0, 0, 0, 1]
Ow:
[-0.0022143449;
 -5.9902351e-05;
 0.00021581976]
Keyframe: 6 Frame: 15 Frame from vFrameID : 16
Tcw:
[0.9995172, 0.03075503, -0.0044120373, -0.0024798508;
 -0.030474568, 0.99809581, 0.053628657, -0.0002337698;
 0.0060529867, -0.053468309, 0.99855119, 0.00027627125;
 0, 0, 0, 1]
Twc:
[0.9995172, -0.030474568, 0.0060529867, 0.0024698572;
 0.03075503, 0.99809581, -0.053468309, 0.00032436429;
 -0.0044120373, 0.053628657, 0.99855119, -0.00027427543;
 0, 0, 0, 1]
Ow:
[-0.0024798508;
 -0.0002337698;
 0.00027627125]
Keyframe: 7 Frame: 16 Frame from vFrameID : 17
Tcw:
[0.99940705, 0.034428474, -0.00045796254, -0.0027587691;
 -0.03435931, 0.99808389, 0.051459171, -0.00016960969;
 0.0022287457, -0.051412925, 0.99867499, 0.000407752;
 0, 0, 0, 1]
Twc:
[0.99940705, -0.03435931, 0.0022287457, 0.0027503967;
 0.034428474, 0.99808389, -0.051412925, 0.00028522863;
 -0.00045796254, 0.051459171, 0.99867499, -0.00039974716;
 0, 0, 0, 1]
Ow:
[-0.0027587691;
 -0.00016960969;
 0.000407752]
Keyframe: 8 Frame: 17 Frame from vFrameID : 18
Tcw:
[0.99927485, 0.038007177, 0.0022943474, -0.0028491565;
 -0.038074557, 0.99799943, 0.050472595, -0.00026505493;
 -0.00037143638, -0.050523352, 0.99872279, 0.00031980302;
 0, 0, 0, 1]
Twc:
[0.99927485, -0.038074557, -0.00037143638, 0.0028371173;
 0.038007177, 0.99799943, -0.050523352, 0.00038897057;
 0.0022943474, 0.050472595, 0.99872279, -0.00029947961;
 0, 0, 0, 1]
Ow:
[-0.0028491565;
 -0.00026505493;
 0.00031980302]
Keyframe: 9 Frame: 18 Frame from vFrameID : 19
Tcw:
[0.99913293, 0.041447435, 0.00393013, -0.0030011442;
 -0.041592799, 0.99786782, 0.050298069, -0.00030935512;
 -0.0018370245, -0.050417922, 0.99872655, 0.00044799902;
 0, 0, 0, 1]
Twc:
[0.99913293, -0.041592799, -0.0018370245, 0.0029864982;
 0.041447435, 0.99786782, -0.050417922, 0.00045567239;
 0.00393013, 0.050298069, 0.99872655, -0.00042007366;
 0, 0, 0, 1]
Ow:
[-0.0030011442;
 -0.00030935512;
 0.00044799902]
Keyframe: 10 Frame: 20 Frame from vFrameID : 21
Tcw:
[0.99915266, 0.041000485, 0.0035950074, -0.0028968672;
 -0.041132882, 0.99776989, 0.052567132, -0.00047426493;
 -0.0014317122, -0.052670464, 0.99861091, 0.00038005464;
 0, 0, 0, 1]
Twc:
[0.99915266, -0.041132882, -0.0014317122, 0.0028754489;
 0.041000485, 0.99776989, -0.052670464, 0.00061199791;
 0.0035950074, 0.052567132, 0.99861091, -0.0003441817;
 0, 0, 0, 1]
Ow:
[-0.0028968672;
 -0.00047426493;
 0.00038005464]
Keyframe: 11 Frame: 22 Frame from vFrameID : 23
Tcw:
[0.99926752, 0.037974697, -0.004730863, -0.0024948919;
 -0.037666045, 0.99784321, 0.053761099, -0.00028554507;
 0.0067622205, -0.053543527, 0.99854261, 0.00033356881;
 0, 0, 0, 1]
Twc:
[0.99926752, -0.037666045, 0.0067622205, 0.0024800531;
 0.037974697, 0.99784321, -0.053543527, 0.00039753242;
 -0.004730863, 0.053761099, 0.99854261, -0.00032953446;
 0, 0, 0, 1]
Ow:
[-0.0024948919;
 -0.00028554507;
 0.00033356881]
Keyframe: 12 Frame: 24 Frame from vFrameID : 25
Tcw:
[0.99922502, 0.037998181, -0.010273693, -0.0025105481;
 -0.037381805, 0.99780333, 0.054690987, -0.00033484653;
 0.012329284, -0.054264553, 0.99845046, 0.00029105623;
 0, 0, 0, 1]
Twc:
[0.99922502, -0.037381805, 0.012329284, 0.0024924965;
 0.037998181, 0.99780333, -0.054264553, 0.00044530127;
 -0.010273693, 0.054690987, 0.99845046, -0.00029808478;
 0, 0, 0, 1]
Ow:
[-0.0025105481;
 -0.00033484653;
 0.00029105623]
Keyframe: 13 Frame: 26 Frame from vFrameID : 27
Tcw:
[0.99917412, 0.039115086, -0.011006624, -0.0026313327;
 -0.038433656, 0.99766314, 0.05649003, -0.00041027996;
 0.013190514, -0.056020349, 0.99834251, 0.00036188777;
 0, 0, 0, 1]
Twc:
[0.99917412, -0.038433656, 0.013190514, 0.0026086173;
 0.039115086, 0.99766314, -0.056020349, 0.00053251907;
 -0.011006624, 0.05649003, 0.99834251, -0.00036707328;
 0, 0, 0, 1]
Ow:
[-0.0026313327;
 -0.00041027996;
 0.00036188777]
Keyframe: 14 Frame: 28 Frame from vFrameID : 29
Tcw:
[0.99925792, 0.038516302, 0.00028001118, -0.0030180032;
 -0.038447317, 0.99697739, 0.067511953, -0.00069309154;
 0.002321146, -0.067472622, 0.99771845, 0.00077092933;
 0, 0, 0, 1]
Twc:
[0.99925792, -0.038447317, 0.002321146, 0.0029873268;
 0.038516302, 0.99697739, -0.067472622, 0.00085925555;
 0.00028001118, 0.067511953, 0.99771845, -0.00072153338;
 0, 0, 0, 1]
Ow:
[-0.0030180032;
 -0.00069309154;
 0.00077092933]
Keyframe: 15 Frame: 30 Frame from vFrameID : 31
Tcw:
[0.99932295, 0.036150619, 0.0068389038, -0.0029610728;
 -0.03654632, 0.99679255, 0.071196638, -0.00068875164;
 -0.0042431657, -0.071398377, 0.99743885, 0.00068911281;
 0, 0, 0, 1]
Twc:
[0.99932295, -0.03654632, -0.0042431657, 0.0029368207;
 0.036150619, 0.99679255, -0.071398377, 0.00084278866;
 0.0068389038, 0.071196638, 0.99743885, -0.00061806059;
 0, 0, 0, 1]
Ow:
[-0.0029610728;
 -0.00068875164;
 0.00068911281]
Keyframe: 16 Frame: 32 Frame from vFrameID : 33
Tcw:
[0.99927688, 0.036672968, 0.010042911, -0.0019350393;
 -0.037368916, 0.99599427, 0.081233829, -0.00095838925;
 -0.0070235971, -0.081550375, 0.9966445, 0.0010065373;
 0, 0, 0, 1]
Twc:
[0.99927688, -0.037368916, -0.0070235971, 0.0019048954;
 0.036672968, 0.99599427, -0.081550375, 0.0011075974;
 0.010042911, 0.081233829, 0.9966445, -0.00090587285;
 0, 0, 0, 1]
Ow:
[-0.0019350393;
 -0.00095838925;
 0.0010065373]
Keyframe: 17 Frame: 34 Frame from vFrameID : 35
Tcw:
[0.99956959, 0.029195806, 0.0028698551, -0.0011867242;
 -0.029331658, 0.99639076, 0.07965602, -0.00050625025;
 -0.00053387543, -0.079705916, 0.9968183, 0.0008436655;
 0, 0, 0, 1]
Twc:
[0.99956959, -0.029331658, -0.00053387543, 0.0011718146;
 0.029195806, 0.99639076, -0.079705916, 0.00060631556;
 0.0028698551, 0.07965602, 0.9968183, -0.00079724961;
 0, 0, 0, 1]
Ow:
[-0.0011867242;
 -0.00050625025;
 0.0008436655]
Keyframe: 18 Frame: 37 Frame from vFrameID : 38
Tcw:
[0.99969053, 0.023261013, -0.0088154543, -0.001071621;
 -0.022449562, 0.99629223, 0.083053157, -0.00055614737;
 0.010714669, -0.082829557, 0.99650615, 0.00039437212;
 0, 0, 0, 1]
Twc:
[0.99969053, -0.022449562, 0.010714669, 0.0010545785;
 0.023261013, 0.99629223, -0.082829557, 0.00061167788;
 -0.0088154543, 0.083053157, 0.99650615, -0.00035625126;
 0, 0, 0, 1]
Ow:
[-0.001071621;
 -0.00055614737;
 0.00039437212]
Keyframe: 19 Frame: 40 Frame from vFrameID : 41
Tcw:
[0.99985355, 0.015447663, -0.0073617753, -0.00081205898;
 -0.014825114, 0.99682724, 0.078202441, -0.00024947256;
 0.0085464632, -0.078081846, 0.99691033, 0.00038109982;
 0, 0, 0, 1]
Twc:
[0.99985355, -0.014825114, 0.0085464632, 0.00080498459;
 0.015447663, 0.99682724, -0.078081846, 0.00029098245;
 -0.0073617753, 0.078202441, 0.99691033, -0.00036639118;
 0, 0, 0, 1]
Ow:
[-0.00081205898;
 -0.00024947256;
 0.00038109982]
Keyframe: 20 Frame: 43 Frame from vFrameID : 44
Tcw:
[0.99998248, -0.00047358131, -0.00590005, -0.0013810334;
 0.00090898637, 0.99725676, 0.074014336, -0.00022502955;
 0.0058488129, -0.074018404, 0.99723971, -6.2488416e-06;
 0, 0, 0, 1]
Twc:
[0.99998248, 0.00090898637, 0.0058488129, 0.0013812503;
 -0.00047358131, 0.99725676, -0.074018404, 0.00022329568;
 -0.00590005, 0.074014336, 0.99723971, 1.4738839e-05;
 0, 0, 0, 1]
Ow:
[-0.0013810334;
 -0.00022502955;
 -6.2488416e-06]
Keyframe: 21 Frame: 46 Frame from vFrameID : 47
Tcw:
[0.99981534, 0.0019305781, -0.019118726, -0.0012024317;
 -0.00055868982, 0.99744022, 0.071503177, -0.00037849107;
 0.019207828, -0.071479291, 0.99725711, 3.3929751e-05;
 0, 0, 0, 1]
Twc:
[0.99981534, -0.00055868982, 0.019207828, 0.0012013466;
 0.0019305781, 0.99744022, -0.071479291, 0.00038226889;
 -0.019118726, 0.071503177, 0.99725711, -2.9762336e-05;
 0, 0, 0, 1]
Ow:
[-0.0012024317;
 -0.00037849107;
 3.3929751e-05]
Keyframe: 22 Frame: 49 Frame from vFrameID : 50
Tcw:
[0.99946469, -0.00026948802, -0.032714959, -0.00089029246;
 0.0017502406, 0.9989745, 0.045242056, -0.00025166391;
 0.032669216, -0.045275096, 0.99844021, 0.00019296136;
 0, 0, 0, 1]
Twc:
[0.99946469, 0.0017502406, 0.032669216, 0.00088395242;
 -0.00026948802, 0.9989745, -0.045275096, 0.00025990227;
 -0.032714959, 0.045242056, 0.99844021, -0.00021040048;
 0, 0, 0, 1]
Ow:
[-0.00089029246;
 -0.00025166391;
 0.00019296136]
Keyframe: 23 Frame: 52 Frame from vFrameID : 53
Tcw:
[0.99986809, -0.0016843582, -0.016155588, -0.0014849958;
 0.0018505134, 0.99994552, 0.01027526, 0.00022367908;
 0.016137399, -0.0103038, 0.99981672, 0.00015717365;
 0, 0, 0, 1]
Twc:
[0.99986809, 0.0018505134, 0.016137399, 0.0014818496;
 -0.0016843582, 0.99994552, -0.0103038, -0.00022454865;
 -0.016155588, 0.01027526, 0.99981672, -0.00018343417;
 0, 0, 0, 1]
Ow:
[-0.0014849958;
 0.00022367908;
 0.00015717365]
Keyframe: 24 Frame: 55 Frame from vFrameID : 56
Tcw:
[0.99986982, 0.0094169751, 0.013100738, -0.00058978499;
 -0.0096463291, 0.99979937, 0.017555321, -0.00037465614;
 -0.01293279, -0.01767941, 0.99976009, -0.00064582611;
 0, 0, 0, 1]
Twc:
[0.99986982, -0.0096463291, -0.01293279, 0.00057774183;
 0.0094169751, 0.99979937, -0.01767941, 0.00036871716;
 0.013100738, 0.017555321, 0.99976009, 0.00065997493;
 0, 0, 0, 1]
Ow:
[-0.00058978499;
 -0.00037465614;
 -0.00064582611]
Keyframe: 25 Frame: 59 Frame from vFrameID : 60
Tcw:
[0.99970454, 0.0034672134, 0.024057707, -0.00051001785;
 -0.003946993, 0.99979371, 0.019924136, -0.00015338395;
 -0.023983663, -0.020013204, 0.99951202, -0.00043845514;
 0, 0, 0, 1]
Twc:
[0.99970454, -0.003946993, -0.023983663, 0.00049874606;
 0.0034672134, 0.99979371, -0.020013204, 0.00014634577;
 0.024057707, 0.019924136, 0.99951202, 0.00045356707;
 0, 0, 0, 1]
Ow:
[-0.00051001785;
 -0.00015338395;
 -0.00043845514]
Keyframe: 26 Frame: 63 Frame from vFrameID : 64
Tcw:
[0.99967331, -0.017417781, 0.018705545, -0.0018256361;
 0.016659621, 0.99906278, 0.039949629, -0.00043809391;
 -0.019383848, -0.039624952, 0.9990266, 0.00017590697;
 0, 0, 0, 1]
Twc:
[0.99967331, 0.016659621, -0.019383848, 0.001835748;
 -0.017417781, 0.99906278, -0.039624952, 0.00041285512;
 0.018705545, 0.039949629, 0.9990266, -0.00012408453;
 0, 0, 0, 1]
Ow:
[-0.0018256361;
 -0.00043809391;
 0.00017590697]
Keyframe: 27 Frame: 66 Frame from vFrameID : 67
Tcw:
[0.99969453, -0.024604648, 0.0023384658, -0.0014854129;
 0.02452179, 0.99923217, 0.030556606, -0.00046175366;
 -0.0030885048, -0.030489929, 0.99953032, 0.00018285752;
 0, 0, 0, 1]
Twc:
[0.99969453, 0.02452179, -0.0030885048, 0.001496847;
 -0.024604648, 0.99923217, -0.030489929, 0.00043042639;
 0.0023384658, 0.030556606, 0.99953032, -0.00016518842;
 0, 0, 0, 1]
Ow:
[-0.0014854129;
 -0.00046175366;
 0.00018285752]
Keyframe: 28 Frame: 69 Frame from vFrameID : 70
Tcw:
[0.999789, -0.019344868, -0.0069067767, -0.001014695;
 0.019488167, 0.99958271, 0.021320982, -0.00040466481;
 0.0064914431, -0.021451084, 0.99974883, 4.9367063e-05;
 0, 0, 0, 1]
Twc:
[0.999789, 0.019488167, 0.0064914431, 0.0010220467;
 -0.019344868, 0.99958271, -0.021451084, 0.00038592578;
 -0.0069067767, 0.021320982, 0.99974883, -4.7735084e-05;
 0, 0, 0, 1]
Ow:
[-0.001014695;
 -0.00040466481;
 4.9367063e-05]
Keyframe: 29 Frame: 72 Frame from vFrameID : 73
Tcw:
[0.99981946, -0.012345506, -0.014444882, -0.00024549768;
 0.012580259, 0.9997884, 0.016275266, -0.00015824698;
 0.014240899, -0.016454048, 0.99976319, -0.00030560943;
 0, 0, 0, 1]
Twc:
[0.99981946, 0.012580259, 0.014240899, 0.0002517963;
 -0.012345506, 0.9997884, -0.016454048, 0.00015015418;
 -0.014444882, 0.016275266, 0.99976319, 0.00030456638;
 0, 0, 0, 1]
Ow:
[-0.00024549768;
 -0.00015824698;
 -0.00030560943]
Keyframe: 30 Frame: 76 Frame from vFrameID : 77
Tcw:
[0.99983597, -0.01258071, -0.013028987, -0.00022844892;
 0.01289214, 0.9996264, 0.024101324, -0.00015046578;
 0.012720907, -0.024265343, 0.99962461, -0.00035045604;
 0, 0, 0, 1]
Twc:
[0.99983597, 0.01289214, 0.012720907, 0.00023480938;
 -0.01258071, 0.9996264, -0.024265343, 0.00013903157;
 -0.013028987, 0.024101324, 0.99962461, 0.00035097447;
 0, 0, 0, 1]
Ow:
[-0.00022844892;
 -0.00015046578;
 -0.00035045604]
Keyframe: 31 Frame: 80 Frame from vFrameID : 81
Tcw:
[0.99988598, -0.013903505, -0.0058934283, -0.00022677258;
 0.014053704, 0.99955636, 0.026260698, -0.00015833449;
 0.005525698, -0.026340529, 0.99963778, -0.00033959642;
 0, 0, 0, 1]
Twc:
[0.99988598, 0.014053704, 0.005525698, 0.00023084841;
 -0.013903505, 0.99955636, -0.026340529, 0.00014616614;
 -0.0058934283, 0.026260698, 0.99963778, 0.00034229489;
 0, 0, 0, 1]
Ow:
[-0.00022677258;
 -0.00015833449;
 -0.00033959642]
Keyframe: 32 Frame: 84 Frame from vFrameID : 85
Tcw:
[0.99979699, -0.0076999553, 0.018618708, -0.0002163482;
 0.0073649641, 0.99981093, 0.017994285, -0.0001521759;
 -0.018753745, -0.017853506, 0.99966472, -0.00037466642;
 0, 0, 0, 1]
Twc:
[0.99979699, 0.0073649641, -0.018753745, 0.00021039866;
 -0.0076999553, 0.99981093, -0.017853506, 0.00014379216;
 0.018618708, 0.017994285, 0.99966472, 0.00038130721;
 0, 0, 0, 1]
Ow:
[-0.0002163482;
 -0.0001521759;
 -0.00037466642]
Keyframe: 33 Frame: 88 Frame from vFrameID : 89
Tcw:
[0.99967021, -0.0063049099, 0.024894617, -0.00021642684;
 0.0059909173, 0.99990183, 0.012667388, -0.0001464558;
 -0.02497204, -0.012514069, 0.99960983, -0.00037809685;
 0, 0, 0, 1]
Twc:
[0.99967021, 0.0059909173, -0.02497204, 0.000207791;
 -0.0063049099, 0.99990183, -0.012514069, 0.00014034534;
 0.024894617, 0.012667388, 0.99960983, 0.0003851924;
 0, 0, 0, 1]
Ow:
[-0.00021642684;
 -0.0001464558;
 -0.00037809685]
Keyframe: 34 Frame: 91 Frame from vFrameID : 92
Tcw:
[0.99916565, 0.0011468922, 0.040824275, -0.00027645408;
 -0.0018837149, 0.99983597, 0.018014751, -0.00015024998;
 -0.040796917, -0.018076623, 0.99900395, -0.00049893942;
 0, 0, 0, 1]
Twc:
[0.99916565, -0.0018837149, -0.040796917, 0.00025558521;
 0.0011468922, 0.99983597, -0.018076623, 0.00014152324;
 0.040824275, 0.018014751, 0.99900395, 0.00051243522;
 0, 0, 0, 1]
Ow:
[-0.00027645408;
 -0.00015024998;
 -0.00049893942]
Keyframe: 35 Frame: 94 Frame from vFrameID : 95
Tcw:
[0.99853915, 0.0095825838, 0.053176187, -0.00027871612;
 -0.010534357, 0.99978876, 0.017647158, -0.00017427269;
 -0.052995849, -0.018181555, 0.99842918, -0.00041085368;
 0, 0, 0, 1]
Twc:
[0.99853915, -0.010534357, -0.052995849, 0.00025469958;
 0.0095825838, 0.99978876, -0.018181555, 0.00016943675;
 0.053176187, 0.017647158, 0.99842918, 0.0004281048;
 0, 0, 0, 1]
Ow:
[-0.00027871612;
 -0.00017427269;
 -0.00041085368]
Keyframe: 36 Frame: 97 Frame from vFrameID : 98
Tcw:
[0.99782294, 0.02054718, 0.062667325, -0.00046446;
 -0.021637844, 0.99962515, 0.016775265, -0.000140132;
 -0.062299151, -0.01809473, 0.99789345, -0.00073974667;
 0, 0, 0, 1]
Twc:
[0.99782294, -0.021637844, -0.062299151, 0.00041433109;
 0.02054718, 0.99962515, -0.01809473, 0.00013623729;
 0.062667325, 0.016775265, 0.99789345, 0.00076964562;
 0, 0, 0, 1]
Ow:
[-0.00046446;
 -0.000140132;
 -0.00073974667]
Keyframe: 37 Frame: 100 Frame from vFrameID : 101
Tcw:
[0.99803478, 0.020809846, 0.059106655, -0.00038986671;
 -0.022240303, 0.99947298, 0.023647392, -0.00017610523;
 -0.058583405, -0.02491547, 0.99797153, -0.00069623289;
 0, 0, 0, 1]
Twc:
[0.99803478, -0.022240303, -0.058583405, 0.00034439616;
 0.020809846, 0.99947298, -0.02491547, 0.0001667785;
 0.059106655, 0.023647392, 0.99797153, 0.00072202878;
 0, 0, 0, 1]
Ow:
[-0.00038986671;
 -0.00017610523;
 -0.00069623289]
Keyframe: 38 Frame: 103 Frame from vFrameID : 104
Tcw:
[0.9983775, 0.029222196, 0.048871357, -0.00031547912;
 -0.029906739, 0.99946374, 0.013334781, -0.00018245271;
 -0.048455477, -0.014774729, 0.99871606, -0.00061753247;
 0, 0, 0, 1]
Twc:
[0.9983775, -0.029906739, -0.048455477, 0.00027958787;
 0.029222196, 0.99946374, -0.014774729, 0.00018244999;
 0.048871357, 0.013334781, 0.99871606, 0.00063459045;
 0, 0, 0, 1]
Ow:
[-0.00031547912;
 -0.00018245271;
 -0.00061753247]
Keyframe: 39 Frame: 106 Frame from vFrameID : 107
Tcw:
[0.99936712, 0.024257289, 0.026018038, -0.00041125595;
 -0.024499357, 0.99965912, 0.0090257181, -0.00022772962;
 -0.025790229, -0.0096574305, 0.99962074, -0.00090150983;
 0, 0, 0, 1]
Twc:
[0.99936712, -0.024499357, -0.025790229, 0.0003821663;
 0.024257289, 0.99965912, -0.0096574305, 0.00022892166;
 0.026018038, 0.0090257181, 0.99962074, 0.00091392343;
 0, 0, 0, 1]
Ow:
[-0.00041125595;
 -0.00022772962;
 -0.00090150983]
Keyframe: 40 Frame: 109 Frame from vFrameID : 110
Tcw:
[0.99965167, 0.024625937, 0.0094932178, 2.9142764e-05;
 -0.024678756, 0.9996804, 0.0054873754, -0.000190518;
 -0.0093550514, -0.0057197451, 0.99993986, -0.0011361563;
 0, 0, 0, 1]
Twc:
[0.99965167, -0.024678756, -0.0093550514, -4.4463159e-05;
 0.024625937, 0.9996804, -0.0057197451, 0.00018324089;
 0.0094932178, 0.0054873754, 0.99993986, 0.0011368567;
 0, 0, 0, 1]
Ow:
[2.9142764e-05;
 -0.000190518;
 -0.0011361563]
Keyframe: 41 Frame: 112 Frame from vFrameID : 113
Tcw:
[0.99937338, 0.034754075, 0.0067061824, 0.00060701184;
 -0.034848597, 0.99928689, 0.014534122, -0.00016278698;
 -0.0061962805, -0.014758716, 0.99987191, -0.0015267199;
 0, 0, 0, 1]
Twc:
[0.99937338, -0.034848597, -0.0061962805, -0.00062176434;
 0.034754075, 0.99928689, -0.014758716, 0.00011904234;
 0.0067061824, 0.014534122, 0.99987191, 0.0015248195;
 0, 0, 0, 1]
Ow:
[0.00060701184;
 -0.00016278698;
 -0.0015267199]
Keyframe: 42 Frame: 116 Frame from vFrameID : 117
Tcw:
[0.99923885, 0.038274255, -0.007533798, 0.0006722883;
 -0.038072169, 0.99895334, 0.025352539, -0.00015023568;
 0.0084962621, -0.025046414, 0.99965018, -0.0016215666;
 0, 0, 0, 1]
Twc:
[0.99923885, -0.038072169, 0.0084962621, -0.00066371914;
 0.038274255, 0.99895334, -0.025046414, 8.3732659e-05;
 -0.007533798, 0.025352539, 0.99965018, 0.0016298732;
 0, 0, 0, 1]
Ow:
[0.0006722883;
 -0.00015023568;
 -0.0016215666]
Keyframe: 43 Frame: 120 Frame from vFrameID : 121
Tcw:
[0.99946737, 0.0305553, -0.011458602, 0.00055214326;
 -0.030193031, 0.9990769, 0.030557266, -0.00018864749;
 0.012381711, -0.03019502, 0.99946731, -0.0012972858;
 0, 0, 0, 1]
Twc:
[0.99946737, -0.030193031, 0.012381711, -0.00054148247;
 0.0305553, 0.9990769, -0.03019502, 0.00013243088;
 -0.011458602, 0.030557266, 0.99946731, 0.0013086861;
 0, 0, 0, 1]
Ow:
[0.00055214326;
 -0.00018864749;
 -0.0012972858]
Keyframe: 44 Frame: 124 Frame from vFrameID : 125
Tcw:
[0.99950528, 0.02775925, -0.014784507, 0.0005354837;
 -0.027296087, 0.99915713, 0.030658459, -0.00020042819;
 0.015623101, -0.030239733, 0.99942058, -0.0012094259;
 0, 0, 0, 1]
Twc:
[0.99950528, -0.027296087, 0.015623101, -0.00052179472;
 0.02775925, 0.99915713, -0.030239733, 0.00014882191;
 -0.014784507, 0.030658459, 0.99942058, 0.0012227867;
 0, 0, 0, 1]
Ow:
[0.0005354837;
 -0.00020042819;
 -0.0012094259]
Keyframe: 45 Frame: 128 Frame from vFrameID : 129
Tcw:
[0.99982965, 0.018173229, -0.003220049, 0.00047736382;
 -0.018074661, 0.99943399, 0.028371936, -0.00011887215;
 0.0037338361, -0.028308902, 0.99959224, -0.00013451102;
 0, 0, 0, 1]
Twc:
[0.99982965, -0.018074661, 0.0037338361, -0.00047892885;
 0.018173229, 0.99943399, -0.028308902, 0.00010632177;
 -0.003220049, 0.028371936, 0.99959224, 0.00013936595;
 0, 0, 0, 1]
Ow:
[0.00047736382;
 -0.00011887215;
 -0.00013451102]
Keyframe: 46 Frame: 132 Frame from vFrameID : 133
Tcw:
[0.99978948, 0.014914499, 0.014090861, 0.00054349494;
 -0.015071593, 0.9998247, 0.011109048, -6.8263878e-05;
 -0.013922705, -0.01131908, 0.99983901, 0.00060319446;
 0, 0, 0, 1]
Twc:
[0.99978948, -0.015071593, -0.013922705, -0.0005360113;
 0.014914499, 0.9998247, -0.01131908, 6.6973567e-05;
 0.014090861, 0.011109048, 0.99983901, -0.00060999731;
 0, 0, 0, 1]
Ow:
[0.00054349494;
 -6.8263878e-05;
 0.00060319446]
Keyframe: 47 Frame: 136 Frame from vFrameID : 137
Tcw:
[0.99939781, 0.0072356188, 0.03393532, 0.00044233177;
 -0.0071699154, 0.99997216, -0.002057431, 0.00015765199;
 -0.03394926, 0.0018128788, 0.99942189, 0.0010311794;
 0, 0, 0, 1]
Twc:
[0.99939781, -0.0071699154, -0.03394926, -0.00040592731;
 0.0072356188, 0.99997216, 0.0018128788, -0.00016271755;
 0.03393532, -0.002057431, 0.99942189, -0.0010452697;
 0, 0, 0, 1]
Ow:
[0.00044233177;
 0.00015765199;
 0.0010311794]
Keyframe: 48 Frame: 140 Frame from vFrameID : 141
Tcw:
[0.9992857, 0.0081794709, 0.036894165, 0.00047264309;
 -0.0081010563, 0.99996459, -0.002274378, 0.00015888657;
 -0.036911462, 0.0019738716, 0.99931657, 0.0014653929;
 0, 0, 0, 1]
Twc:
[0.9992857, -0.0081010563, -0.036911462, -0.00041692855;
 0.0081794709, 0.99996459, 0.0019738716, -0.00016563942;
 0.036894165, -0.002274378, 0.99931657, -0.0014814679;
 0, 0, 0, 1]
Ow:
[0.00047264309;
 0.00015888657;
 0.0014653929]
Keyframe: 49 Frame: 145 Frame from vFrameID : 146
Tcw:
[0.99935526, 0.014750361, 0.032732863, 0.00064194505;
 -0.015254873, 0.99976784, 0.015217165, 0.00027025701;
 -0.032500803, -0.01570669, 0.99934828, 0.0019429451;
 0, 0, 0, 1]
Twc:
[0.99935526, -0.015254873, -0.032500803, -0.00057426118;
 0.014750361, 0.99976784, -0.01570669, -0.00024914593;
 0.032732863, 0.015217165, 0.99934828, -0.001966804;
 0, 0, 0, 1]
Ow:
[0.00064194505;
 0.00027025701;
 0.0019429451]
Keyframe: 50 Frame: 150 Frame from vFrameID : 151
Tcw:
[0.99976695, 0.012910774, 0.01730356, 0.00082172558;
 -0.013112321, 0.99984694, 0.011585315, 0.0003410244;
 -0.017151335, -0.011809505, 0.99978316, 0.0025885291;
 0, 0, 0, 1]
Twc:
[0.99976695, -0.013112321, -0.017151335, -0.00077266572;
 0.012910774, 0.99984694, -0.011809505, -0.00032101205;
 0.01730356, 0.011585315, 0.99978316, -0.0026061374;
 0, 0, 0, 1]
Ow:
[0.00082172558;
 0.0003410244;
 0.0025885291]
Keyframe: 51 Frame: 155 Frame from vFrameID : 156
Tcw:
[0.99988019, 0.01451754, 0.0053670988, 0.0013336305;
 -0.014535473, 0.99988884, 0.0033173934, 0.00024459878;
 -0.0053183422, -0.0033950093, 0.99998009, 0.0031035508;
 0, 0, 0, 1]
Twc:
[0.99988019, -0.014535473, -0.0053183422, -0.0013134097;
 0.01451754, 0.99988884, -0.0033950093, -0.00025339605;
 0.0053670988, 0.0033173934, 0.99998009, -0.0031114582;
 0, 0, 0, 1]
Ow:
[0.0013336305;
 0.00024459878;
 0.0031035508]
Keyframe: 52 Frame: 160 Frame from vFrameID : 161
Tcw:
[0.99982506, 0.018697722, -0.00043050689, 0.0017262453;
 -0.018693896, 0.99979615, 0.0076268609, 0.00028239258;
 0.00057302404, -0.0076174792, 0.99997079, 0.0033713705;
 0, 0, 0, 1]
Twc:
[0.99982506, -0.018693896, 0.00057302404, -0.0017225962;
 0.018697722, 0.99979615, -0.0076174792, -0.00028893052;
 -0.00043050689, 0.0076268609, 0.99997079, -0.0033726827;
 0, 0, 0, 1]
Ow:
[0.0017262453;
 0.00028239258;
 0.0033713705]
Keyframe: 53 Frame: 165 Frame from vFrameID : 166
Tcw:
[0.99950957, 0.03092139, -0.0049509634, 0.0017841039;
 -0.030872328, 0.99947631, 0.0096971197, 0.00021121273;
 0.0052482192, -0.0095395166, 0.99994075, 0.0039102663;
 0, 0, 0, 1]
Twc:
[0.99950957, -0.030872328, 0.0052482192, -0.0017972301;
 0.03092139, 0.99947631, -0.0095395166, -0.00022896704;
 -0.0049509634, 0.0096971197, 0.99994075, -0.0039032493;
 0, 0, 0, 1]
Ow:
[0.0017841039;
 0.00021121273;
 0.0039102663]
Keyframe: 54 Frame: 170 Frame from vFrameID : 171
Tcw:
[0.99973029, 0.020755978, -0.010415931, 0.0015251833;
 -0.020750046, 0.99978447, 0.00067737023, 0.00013805469;
 0.010427746, -0.00046105651, 0.99994552, 0.0045136567;
 0, 0, 0, 1]
Twc:
[0.99973029, -0.020750046, 0.010427746, -0.0015689747;
 0.020755978, 0.99978447, -0.00046105651, -0.00016760055;
 -0.010415931, 0.00067737023, 0.99994552, -0.0044976179;
 0, 0, 0, 1]
Ow:
[0.0015251833;
 0.00013805469;
 0.0045136567]
Keyframe: 55 Frame: 175 Frame from vFrameID : 176
Tcw:
[0.99982977, 0.017265826, 0.0065040523, 0.0015176084;
 -0.017113594, 0.99959409, -0.022776285, 0.00020755918;
 -0.0068946634, 0.022661101, 0.99971944, 0.0048746546;
 0, 0, 0, 1]
Twc:
[0.99982977, -0.017113594, -0.0068946634, -0.0014801888;
 0.017265826, 0.99959409, 0.022661101, -0.00034414275;
 0.0065040523, -0.022776285, 0.99971944, -0.0048784297;
 0, 0, 0, 1]
Ow:
[0.0015176084;
 0.00020755918;
 0.0048746546]
Keyframe: 56 Frame: 180 Frame from vFrameID : 181
Tcw:
[0.99985176, -0.00079132116, 0.017199777, 0.0015062005;
 0.00083186384, 0.9999969, -0.0023501383, 0.00020631161;
 -0.017197864, 0.0023640979, 0.99984932, 0.0053484403;
 0, 0, 0, 1]
Twc:
[0.99985176, 0.00083186384, -0.017197864, -0.0014141671;
 -0.00079132116, 0.9999969, 0.0023640979, -0.00021776331;
 0.017199777, -0.0023501383, 0.99984932, -0.005373056;
 0, 0, 0, 1]
Ow:
[0.0015062005;
 0.00020631161;
 0.0053484403]
Keyframe: 57 Frame: 185 Frame from vFrameID : 186
Tcw:
[0.99963915, 0.0021837684, 0.026771897, 0.0015485587;
 -0.0023995826, 0.99996489, 0.0080317492, 0.00030537389;
 -0.026753418, -0.0080930926, 0.99960929, 0.0058508865;
 0, 0, 0, 1]
Twc:
[0.99963915, -0.0023995826, -0.026753418, -0.0013907361;
 0.0021837684, 0.99996489, -0.0080930926, -0.00026139308;
 0.026771897, 0.0080317492, 0.99960929, -0.005892511;
 0, 0, 0, 1]
Ow:
[0.0015485587;
 0.00030537389;
 0.0058508865]
Keyframe: 58 Frame: 190 Frame from vFrameID : 191
Tcw:
[0.99996638, 0.0069185593, 0.0044024694, 0.0018814575;
 -0.006884336, 0.99994636, -0.0077419188, 0.00039897172;
 -0.004455796, 0.0077113505, 0.99996036, 0.0062474073;
 0, 0, 0, 1]
Twc:
[0.99996638, -0.006884336, -0.004455796, -0.0018508104;
 0.0069185593, 0.99994636, 0.0077113505, -0.00046014323;
 0.0044024694, -0.0077419188, 0.99996036, -0.0062523535;
 0, 0, 0, 1]
Ow:
[0.0018814575;
 0.00039897172;
 0.0062474073]
Keyframe: 59 Frame: 195 Frame from vFrameID : 196
Tcw:
[0.99973983, 0.022612792, 0.0029908654, 0.0023687666;
 -0.022585656, 0.99970603, -0.0088149281, 0.00029546642;
 -0.0031893163, 0.0087450836, 0.99995667, 0.0067005483;
 0, 0, 0, 1]
Twc:
[0.99973983, -0.022585656, -0.0031893163, -0.0023401068;
 0.022612792, 0.99970603, 0.0087450836, -0.00040754085;
 0.0029908654, -0.0088149281, 0.99995667, -0.0067047384;
 0, 0, 0, 1]
Ow:
[0.0023687666;
 0.00029546642;
 0.0067005483]
Keyframe: 60 Frame: 200 Frame from vFrameID : 201
Tcw:
[0.99918753, 0.033052303, -0.023061411, 0.002354491;
 -0.033333644, 0.99937314, -0.01192369, 0.00034518511;
 0.02265285, 0.012682724, 0.99966294, 0.0068254201;
 0, 0, 0, 1]
Twc:
[0.99918753, -0.033333644, 0.02265285, -0.0024956872;
 0.033052303, 0.99937314, 0.012682724, -0.00050935498;
 -0.023061411, -0.01192369, 0.99966294, -0.0067647058;
 0, 0, 0, 1]
Ow:
[0.002354491;
 0.00034518511;
 0.0068254201]
Keyframe: 61 Frame: 205 Frame from vFrameID : 206
Tcw:
[0.99909669, 0.039617714, -0.015370292, 0.0024301675;
 -0.039771568, 0.99916041, -0.0098366058, 0.00033978731;
 0.014967683, 0.010439021, 0.99983346, 0.0071591646;
 0, 0, 0, 1]
Twc:
[0.99909669, -0.039771568, 0.014967683, -0.0025216145;
 0.039617714, 0.99916041, 0.010439021, -0.00051051436;
 -0.015370292, -0.0098366058, 0.99983346, -0.0071172779;
 0, 0, 0, 1]
Ow:
[0.0024301675;
 0.00033978731;
 0.0071591646]
Keyframe: 62 Frame: 211 Frame from vFrameID : 212
Tcw:
[0.99961984, 0.015421068, 0.022855695, 0.002481783;
 -0.015178471, 0.99982703, -0.010750052, 0.00049885345;
 -0.023017518, 0.01039905, 0.999681, 0.0078878095;
 0, 0, 0, 1]
Twc:
[0.99961984, -0.015178471, -0.023017518, -0.0022917099;
 0.015421068, 0.99982703, 0.01039905, -0.00061906467;
 0.022855695, -0.010750052, 0.999681, -0.0079366537;
 0, 0, 0, 1]
Ow:
[0.002481783;
 0.00049885345;
 0.0078878095]
Keyframe: 63 Frame: 216 Frame from vFrameID : 217
Tcw:
[0.99902642, 0.01321419, 0.042089891, 0.0024685001;
 -0.01346316, 0.99989349, 0.0056372415, 0.00058549456;
 -0.042010915, -0.006198416, 0.99909794, 0.0082193147;
 0, 0, 0, 1]
Twc:
[0.99902642, -0.01346316, -0.042010915, -0.0021129132;
 0.01321419, 0.99989349, -0.006198416, -0.00056710467;
 0.042089891, 0.0056372415, 0.99909794, -0.0083191004;
 0, 0, 0, 1]
Ow:
[0.0024685001;
 0.00058549456;
 0.0082193147]
Keyframe: 64 Frame: 221 Frame from vFrameID : 222
Tcw:
[0.99892408, 0.015871735, 0.04357551, 0.0026140835;
 -0.016245522, 0.99983412, 0.0082372213, 0.00056165451;
 -0.043437541, -0.0089362655, 0.99901617, 0.0086020408;
 0, 0, 0, 1]
Twc:
[0.99892408, -0.016245522, -0.043437541, -0.002228495;
 0.015871735, 0.99983412, -0.0089362655, -0.00052618131;
 0.04357551, 0.0082372213, 0.99901617, -0.0087121138;
 0, 0, 0, 1]
Ow:
[0.0026140835;
 0.00056165451;
 0.0086020408]
Keyframe: 65 Frame: 226 Frame from vFrameID : 227
Tcw:
[0.99981236, 0.014532471, 0.012808304, 0.0027229427;
 -0.01424429, 0.99964958, -0.022310661, 0.00059390644;
 -0.013128045, 0.02212403, 0.99966902, 0.0089818034;
 0, 0, 0, 1]
Twc:
[0.99981236, -0.01424429, -0.013128045, -0.0025960586;
 0.014532471, 0.99964958, 0.02212403, -0.00083198317;
 0.012808304, -0.022310661, 0.99966902, -0.0090004569;
 0, 0, 0, 1]
Ow:
[0.0027229427;
 0.00059390644;
 0.0089818034]
Keyframe: 66 Frame: 231 Frame from vFrameID : 232
Tcw:
[0.9998945, 0.01442447, -0.0017058568, 0.0029967588;
 -0.014476565, 0.99924636, -0.036015689, 0.00060174242;
 0.001185064, 0.036036585, 0.99934977, 0.0091112675;
 0, 0, 0, 1]
Twc:
[0.9998945, -0.014476565, 0.001185064, -0.002998529;
 0.01442447, 0.99924636, 0.036036585, -0.00097285456;
 -0.0017058568, -0.036015689, 0.99934977, -0.0090785585;
 0, 0, 0, 1]
Ow:
[0.0029967588;
 0.00060174242;
 0.0091112675]
Keyframe: 67 Frame: 236 Frame from vFrameID : 237
Tcw:
[0.99911875, 0.04047095, -0.011129227, 0.0030720548;
 -0.040771205, 0.99876982, -0.02822396, 0.00056432351;
 0.0099732848, 0.028652839, 0.99953967, 0.0092208814;
 0, 0, 0, 1]
Twc:
[0.99911875, -0.040771205, 0.0099732848, -0.0031383019;
 0.04047095, 0.99876982, 0.028652839, -0.00095216266;
 -0.011129227, -0.02822396, 0.99953967, -0.0091665201;
 0, 0, 0, 1]
Ow:
[0.0030720548;
 0.00056432351;
 0.0092208814]
Keyframe: 68 Frame: 241 Frame from vFrameID : 242
Tcw:
[0.99940902, 0.034013551, -0.0049736192, 0.0030343013;
 -0.03403049, 0.99941516, -0.0033617471, 0.00058258226;
 0.0048563657, 0.003529015, 0.999982, 0.0094368607;
 0, 0, 0, 1]
Twc:
[0.99940902, -0.03403049, 0.0048563657, -0.0030585113;
 0.034013551, 0.99941516, 0.003529015, -0.00071875169;
 -0.0049736192, -0.0033617471, 0.999982, -0.0094196405;
 0, 0, 0, 1]
Ow:
[0.0030343013;
 0.00058258226;
 0.0094368607]
Keyframe: 69 Frame: 247 Frame from vFrameID : 248
Tcw:
[0.99954939, 0.024478754, -0.017370988, 0.0030216142;
 -0.024521513, 0.99969679, -0.002252822, 0.00067752629;
 0.017310573, 0.0026777699, 0.99984658, 0.0097647794;
 0, 0, 0, 1]
Twc:
[0.99954939, -0.024521513, 0.017310573, -0.0031726726;
 0.024478754, 0.99969679, 0.0026777699, -0.00077743403;
 -0.017370988, -0.002252822, 0.99984658, -0.009709266;
 0, 0, 0, 1]
Ow:
[0.0030216142;
 0.00067752629;
 0.0097647794]
Keyframe: 70 Frame: 252 Frame from vFrameID : 253
Tcw:
[0.99967897, 0.012953154, -0.021775227, 0.0029686715;
 -0.013007824, 0.99991256, -0.0023708949, 0.00066472328;
 0.021742612, 0.002653382, 0.99976009, 0.010002393;
 0, 0, 0, 1]
Twc:
[0.99967897, -0.013007824, 0.021742612, -0.0031765501;
 0.012953154, 0.99991256, 0.002653382, -0.00072965899;
 -0.021775227, -0.0023708949, 0.99976009, -0.0099337744;
 0, 0, 0, 1]
Ow:
[0.0029686715;
 0.00066472328;
 0.010002393]
Keyframe: 71 Frame: 258 Frame from vFrameID : 259
Tcw:
[0.99995953, 0.0089940131, -0.00024511252, 0.0030945744;
 -0.0089924224, 0.99994236, 0.00586166, 0.00061040162;
 0.00029781825, -0.0058592185, 0.99998277, 0.010103461;
 0, 0, 0, 1]
Twc:
[0.99995953, -0.0089924224, 0.00029781825, -0.0030919691;
 0.0089940131, 0.99994236, -0.0058592185, -0.00057900068;
 -0.00024511252, 0.00586166, 0.99998277, -0.010106107;
 0, 0, 0, 1]
Ow:
[0.0030945744;
 0.00061040162;
 0.010103461]
Keyframe: 72 Frame: 264 Frame from vFrameID : 265
Tcw:
[0.99989349, 0.012813902, -0.0069883517, 0.0031448265;
 -0.012688712, 0.99976331, 0.017673602, 0.00068650092;
 0.0072131655, -0.017583048, 0.9998194, 0.010346984;
 0, 0, 0, 1]
Twc:
[0.99989349, -0.012688712, 0.0072131655, -0.0032104151;
 0.012813902, 0.99976331, -0.017583048, -0.00054470444;
 -0.0069883517, 0.017673602, 0.9998194, -0.01033527;
 0, 0, 0, 1]
Ow:
[0.0031448265;
 0.00068650092;
 0.010346984]
Keyframe: 73 Frame: 269 Frame from vFrameID : 270
Tcw:
[0.99869376, 0.022729831, -0.045761336, 0.0032245121;
 -0.022357188, 0.99971271, 0.0086386222, 0.00069921016;
 0.045944545, -0.0076042432, 0.99891508, 0.010548809;
 0, 0, 0, 1]
Twc:
[0.99869376, -0.022357188, 0.045944545, -0.003689328;
 0.022729831, 0.99971271, -0.0076042432, -0.00069208618;
 -0.045761336, 0.0086386222, 0.99891508, -0.010395845;
 0, 0, 0, 1]
Ow:
[0.0032245121;
 0.00069921016;
 0.010548809]
Keyframe: 74 Frame: 275 Frame from vFrameID : 276
Tcw:
[0.99606711, 0.028871616, -0.083766319, 0.0034021283;
 -0.029230759, 0.99956799, -0.0030639144, 0.00074870035;
 0.083641671, 0.0055004172, 0.9964807, 0.010718009;
 0, 0, 0, 1]
Twc:
[0.99606711, -0.029230759, 0.083641671, -0.0042633349;
 0.028871616, 0.99956799, 0.0055004172, -0.00090555538;
 -0.083766319, -0.0030639144, 0.9964807, -0.010393012;
 0, 0, 0, 1]
Ow:
[0.0034021283;
 0.00074870035;
 0.010718009]
Keyframe: 75 Frame: 281 Frame from vFrameID : 282
Tcw:
[0.99672264, 0.030297091, -0.075007275, 0.0034483483;
 -0.029538715, 0.99950087, 0.011199751, 0.00080965395;
 0.075309157, -0.0089474265, 0.99712008, 0.011017461;
 0, 0, 0, 1]
Twc:
[0.99672264, -0.029538715, 0.075309157, -0.0042428463;
 0.030297091, 0.99950087, -0.0089474265, -0.00081514684;
 -0.075007275, 0.011199751, 0.99712008, -0.010736149;
 0, 0, 0, 1]
Ow:
[0.0034483483;
 0.00080965395;
 0.011017461]
Keyframe: 76 Frame: 287 Frame from vFrameID : 288
Tcw:
[0.99719208, 0.022572115, -0.071403258, 0.0034261351;
 -0.02328774, 0.99968642, -0.0092056412, 0.00085595832;
 0.071173079, 0.010842613, 0.99740505, 0.01129206;
 0, 0, 0, 1]
Twc:
[0.99719208, -0.02328774, 0.071173079, -0.0042002718;
 0.022572115, 0.99968642, 0.010842613, -0.0010554604;
 -0.071403258, -0.0092056412, 0.99740505, -0.011010241;
 0, 0, 0, 1]
Ow:
[0.0034261351;
 0.00085595832;
 0.01129206]
Keyframe: 77 Frame: 293 Frame from vFrameID : 294
Tcw:
[0.99850774, 0.0055678221, -0.05432589, 0.0034091757;
 -0.005820422, 0.99997294, -0.0044926028, 0.00083904236;
 0.054299407, 0.0048020985, 0.99851316, 0.011449783;
 0, 0, 0, 1]
Twc:
[0.99850774, -0.005820422, 0.054299407, -0.004020921;
 0.0055678221, 0.99997294, 0.0048020985, -0.00091298431;
 -0.05432589, -0.0044926028, 0.99851316, -0.011243783;
 0, 0, 0, 1]
Ow:
[0.0034091757;
 0.00083904236;
 0.011449783]
Keyframe: 78 Frame: 298 Frame from vFrameID : 299
Tcw:
[0.99911833, 0.019085405, -0.037394058, 0.0034911926;
 -0.018836251, 0.99979806, 0.0070040077, 0.00086604164;
 0.037520181, -0.0062934686, 0.99927604, 0.011619718;
 0, 0, 0, 1]
Twc:
[0.99911833, -0.018836251, 0.037520181, -0.0039077755;
 0.019085405, 0.99979806, -0.0062934686, -0.00085936917;
 -0.037394058, 0.0070040077, 0.99927604, -0.011486822;
 0, 0, 0, 1]
Ow:
[0.0034911926;
 0.00086604164;
 0.011619718]
Keyframe: 79 Frame: 304 Frame from vFrameID : 305
Tcw:
[0.99772251, 0.023546379, -0.063209139, 0.0035843444;
 -0.023480644, 0.99972272, 0.0017827058, 0.00087881135;
 0.063233584, -0.00029445442, 0.99799871, 0.011743002;
 0, 0, 0, 1]
Twc:
[0.99772251, -0.023480644, 0.063233584, -0.0042980979;
 0.023546379, 0.99972272, -0.00029445442, -0.00095950824;
 -0.063209139, 0.0017827058, 0.99799871, -0.011494503;
 0, 0, 0, 1]
Ow:
[0.0035843444;
 0.00087881135;
 0.011743002]
Keyframe: 80 Frame: 310 Frame from vFrameID : 311
Tcw:
[0.99669087, 0.02879707, -0.076013319, 0.0037043157;
 -0.02806996, 0.99954957, 0.0106169, 0.00092728692;
 0.076284811, -0.0084480764, 0.99705029, 0.011864596;
 0, 0, 0, 1]
Twc:
[0.99669087, -0.02806996, 0.076284811, -0.0045711175;
 0.02879707, 0.99954957, -0.0084480764, -0.00093330973;
 -0.076013319, 0.0106169, 0.99705029, -0.011557866;
 0, 0, 0, 1]
Ow:
[0.0037043157;
 0.00092728692;
 0.011864596]
Keyframe: 81 Frame: 315 Frame from vFrameID : 316
Tcw:
[0.99744958, 0.026442029, -0.066295937, 0.0037109803;
 -0.026061168, 0.99963856, 0.0066032712, 0.00093337626;
 0.066446573, -0.0048586805, 0.99777818, 0.011999549;
 0, 0, 0, 1]
Twc:
[0.99744958, -0.026061168, 0.066446573, -0.0044745198;
 0.026442029, 0.99963856, -0.0048586805, -0.0009728627;
 -0.066295937, 0.0066032712, 0.99777818, -0.011733028;
 0, 0, 0, 1]
Ow:
[0.0037109803;
 0.00093337626;
 0.011999549]
Keyframe: 82 Frame: 320 Frame from vFrameID : 321
Tcw:
[0.99933696, 0.010456086, -0.034876116, 0.0037062366;
 -0.010706425, 0.99991816, -0.0069989255, 0.00096098217;
 0.034800079, 0.0073676831, 0.99936712, 0.012169986;
 0, 0, 0, 1]
Twc:
[0.99933696, -0.010706425, 0.034800079, -0.0041170069;
 0.010456086, 0.99991816, 0.0073676831, -0.001089321;
 -0.034876116, -0.0069989255, 0.99936712, -0.012026299;
 0, 0, 0, 1]
Ow:
[0.0037062366;
 0.00096098217;
 0.012169986]
Keyframe: 83 Frame: 326 Frame from vFrameID : 327
Tcw:
[0.99992949, 0.011779926, 0.0014949517, 0.0037505941;
 -0.011774609, 0.99992448, -0.0035171367, 0.0010292091;
 -0.0015362704, 0.0034992862, 0.99999267, 0.012321888;
 0, 0, 0, 1]
Twc:
[0.99992949, -0.011774609, -0.0015362704, -0.0037192814;
 0.011779926, 0.99992448, 0.0034992862, -0.001116431;
 0.0014949517, -0.0035171367, 0.99999267, -0.012323785;
 0, 0, 0, 1]
Ow:
[0.0037505941;
 0.0010292091;
 0.012321888]
Keyframe: 84 Frame: 331 Frame from vFrameID : 332
Tcw:
[0.99976772, 0.020870719, 0.0053823935, 0.0037988548;
 -0.020891041, 0.99977475, 0.003747334, 0.001029123;
 -0.0053029712, -0.0038589074, 0.99997848, 0.012459368;
 0, 0, 0, 1]
Twc:
[0.99976772, -0.020891041, -0.0053029712, -0.0037104012;
 0.020870719, 0.99977475, -0.0038589074, -0.0010600963;
 0.0053823935, 0.003747334, 0.99997848, -0.012483404;
 0, 0, 0, 1]
Ow:
[0.0037988548;
 0.001029123;
 0.012459368]
Keyframe: 85 Frame: 336 Frame from vFrameID : 337
Tcw:
[0.99939752, 0.023143336, -0.025865737, 0.0039022474;
 -0.023235975, 0.99972463, -0.0032866986, 0.0010596303;
 0.025782548, 0.0038857341, 0.99966002, 0.012576958;
 0, 0, 0, 1]
Twc:
[0.99939752, -0.023235975, 0.025782548, -0.0041995407;
 0.023143336, 0.99972463, 0.0038857341, -0.0011985202;
 -0.025865737, -0.0032866986, 0.99966002, -0.012468265;
 0, 0, 0, 1]
Ow:
[0.0039022474;
 0.0010596303;
 0.012576958]
Keyframe: 86 Frame: 342 Frame from vFrameID : 343
