Keyframe: 0 Frame: 0 Frame from vFrameID : 68
Tcw:
[0.99686396, -0.040088408, 0.068228692, 0.50345069;
 0.078511238, 0.39304385, -0.91616184, -0.053919137;
 0.0099106021, 0.91864544, 0.39495865, 1.1027753;
 0, 0, 0, 1]
Twc:
[0.99686396, 0.078511238, 0.0099106021, -0.50856775;
 -0.040088408, 0.39304385, 0.91864544, -0.97168446;
 0.068228692, -0.91616184, 0.39495865, -0.51929909;
 0, 0, 0, 1]
Ow:
[0.50345069;
 -0.053919137;
 1.1027753]
Keyframe: 1 Frame: 199 Frame from vFrameID : 68
Tcw:
[0.99621302, -0.031872086, 0.080893725, 0.0063200989;
 0.08690314, 0.39424899, -0.91488558, 0.00090232724;
 -0.0027329584, 0.91845083, 0.39552575, 0.014209384;
 0, 0, 0, 1]
Twc:
[0.99621302, 0.08690314, -0.0027329584, -0.006335746;
 -0.031872086, 0.39424899, 0.91845083, -0.013204928;
 0.080893725, -0.91488558, 0.39552575, -0.0053059072;
 0, 0, 0, 1]
Ow:
[0.0063200989;
 0.00090232724;
 0.014209384]
