Keyframe: 0 Frame: 0 Frame from vFrameID : 68
Tcw:
[0.99033266, -0.060343008, 0.12489972, 2.0270007;
 0.13869834, 0.41780943, -0.89788532, -0.30124974;
 0.0019968238, 0.90652853, 0.42213979, 5.2099566;
 0, 0, 0, 1]
Twc:
[0.99033266, 0.13869834, 0.0019968238, -1.9760255;
 -0.060343008, 0.41780943, 0.90652853, -4.4747944;
 0.12489972, -0.89788532, 0.42213979, -2.7229898;
 0, 0, 0, 1]
Ow:
[2.0270007;
 -0.30124974;
 5.2099566]
Keyframe: 1 Frame: 753 Frame from vFrameID : 68
Tcw:
[0.99306464, -0.087541446, 0.078479886, 0.043054998;
 0.10790072, 0.41352481, -0.9040767, 0.0028079152;
 0.046690803, 0.90627468, 0.42010266, 0.083465122;
 0, 0, 0, 1]
Twc:
[0.99306464, 0.10790072, 0.046690803, -0.046956427;
 -0.087541446, 0.41352481, 0.90627468, -0.073034368;
 0.078479886, -0.9040767, 0.42010266, -0.035904296;
 0, 0, 0, 1]
Ow:
[0.043054998;
 0.0028079152;
 0.083465122]
