Keyframe: 0 Frame: 0 Frame from vFrameID : 68
Tcw:
[0.99485463, -0.071419694, 0.071857244, 1.5179261;
 0.094277442, 0.39292881, -0.91472328, -0.25527668;
 0.037094478, 0.91679126, 0.39764032, 3.7796848;
 0, 0, 0, 1]
Twc:
[0.99485463, 0.094277442, 0.037094478, -1.6262544;
 -0.071419694, 0.39292881, 0.91679126, -3.2564664;
 0.071857244, -0.91472328, 0.39764032, -1.8455366;
 0, 0, 0, 1]
Ow:
[1.5179261;
 -0.25527668;
 3.7796848]
Keyframe: 1 Frame: 547 Frame from vFrameID : 68
Tcw:
[0.99475825, -0.072486155, 0.072123773, 0.02199224;
 0.095084175, 0.3962324, -0.91321349, -0.0050973445;
 0.03761756, 0.91528445, 0.40104774, 0.048076957;
 0, 0, 0, 1]
Twc:
[0.99475825, 0.095084175, 0.03761756, -0.023200821;
 -0.072486155, 0.3962324, 0.91528445, -0.040390227;
 0.072123773, -0.91321349, 0.40104774, -0.02552228;
 0, 0, 0, 1]
Ow:
[0.02199224;
 -0.0050973445;
 0.048076957]
