Keyframe: 0 Frame: 0 Frame from vFrameID : 68
Tcw:
[0.99484098, -0.091452718, 0.04390749, 1.6099188;
 0.077027179, 0.39929685, -0.91358024, -0.26675022;
 0.06601727, 0.91224909, 0.4042812, 3.9599843;
 0, 0, 0, 1]
Twc:
[0.99484098, 0.077027179, 0.06601727, -1.8424937;
 -0.091452718, 0.39929685, 0.91224909, -3.3587482;
 0.04390749, -0.91358024, 0.4042812, -1.9153324;
 0, 0, 0, 1]
Ow:
[1.6099188;
 -0.26675022;
 3.9599843]
Keyframe: 1 Frame: 572 Frame from vFrameID : 68
Tcw:
[0.995296, -0.067093313, 0.069887854, -0.0076952707;
 0.089322142, 0.35616273, -0.93014497, -0.15338743;
 0.037515059, 0.93201214, 0.36048028, 0.25280005;
 0, 0, 0, 1]
Twc:
[0.995296, 0.089322142, 0.037515059, 0.011876159;
 -0.067093313, 0.35616273, 0.93201214, -0.18149811;
 0.069887854, -0.93014497, 0.36048028, -0.23326416;
 0, 0, 0, 1]
Ow:
[-0.0076952707;
 -0.15338743;
 0.25280005]
