Keyframe: 0 Frame: 0 Frame from vFrameID : 68
Tcw:
[0.98881114, -0.12947205, 0.074091308, 2.3789325;
 0.12298796, 0.42649773, -0.89608794, -0.34034276;
 0.084418572, 0.89517409, 0.43764922, 6.1997204;
 0, 0, 0, 1]
Twc:
[0.98881114, 0.12298796, 0.084418572, -2.8338284;
 -0.12947205, 0.42649773, 0.89517409, -5.0966687;
 0.074091308, -0.89608794, 0.43764922, -3.1945381;
 0, 0, 0, 1]
Ow:
[2.3789325;
 -0.34034276;
 6.1997204]
Keyframe: 1 Frame: 940 Frame from vFrameID : 68
Tcw:
[0.98581892, -0.16228232, 0.042725943, 0.02378092;
 0.10736192, 0.41423517, -0.90381563, -0.0027852114;
 0.12897471, 0.89558566, 0.42578381, 0.061563917;
 0, 0, 0, 1]
Twc:
[0.98581892, 0.10736192, 0.12897471, -0.031084845;
 -0.16228232, 0.41423517, 0.89558566, -0.050122809;
 0.042725943, -0.90381563, 0.42578381, -0.0297463;
 0, 0, 0, 1]
Ow:
[0.02378092;
 -0.0027852114;
 0.061563917]
