Keyframe: 0 Frame: 0 Frame from vFrameID : 68
Tcw:
[0.99074662, -0.13546905, 0.0083203297, 1.7733171;
 0.061634682, 0.39445081, -0.91684771, -0.27985799;
 0.12092253, 0.9088766, 0.39915043, 4.3355193;
 0, 0, 0, 1]
Twc:
[0.99074662, 0.061634682, 0.12092253, -2.263921;
 -0.13546905, 0.39445081, 0.9088766, -3.5898323;
 0.0083203297, -0.91684771, 0.39915043, -2.0018661;
 0, 0, 0, 1]
Ow:
[1.7733171;
 -0.27985799;
 4.3355193]
Keyframe: 1 Frame: 633 Frame from vFrameID : 68
Tcw:
[0.99329793, -0.10893154, 0.038641021, 0.07108257;
 0.079289772, 0.3989509, -0.9135378, -0.013538711;
 0.084097207, 0.91047907, 0.40491426, 0.18933988;
 0, 0, 0, 1]
Twc:
[0.99329793, 0.079289772, 0.084097207, -0.085455641;
 -0.10893154, 0.3989509, 0.91047907, -0.15924558;
 0.038641021, -0.9135378, 0.40491426, -0.091781244;
 0, 0, 0, 1]
Ow:
[0.07108257;
 -0.013538711;
 0.18933988]
