Keyframe: 0 Frame: 0 Frame from vFrameID : 68
Tcw:
[0.99389541, -0.08598271, 0.069129236, 1.6354204;
 0.097202182, 0.38605005, -0.91734242, -0.26668704;
 0.05218824, 0.91846192, 0.39205107, 4.0409918;
 0, 0, 0, 1]
Twc:
[0.99389541, 0.097202182, 0.05218824, -1.8104066;
 -0.08598271, 0.38605005, 0.91846192, -3.4679248;
 0.069129236, -0.91734242, 0.39205107, -1.9419739;
 0, 0, 0, 1]
Ow:
[1.6354204;
 -0.26668704;
 4.0409918]
Keyframe: 1 Frame: 584 Frame from vFrameID : 68
Tcw:
[0.99460214, -0.097437091, 0.03567287, 0.0329566;
 0.071224384, 0.39109123, -0.91759181, -0.0061842296;
 0.075456135, 0.91517961, 0.39592007, 0.079704985;
 0, 0, 0, 1]
Twc:
[0.99460214, 0.071224384, 0.075456135, -0.038352467;
 -0.097437091, 0.39109123, 0.91517961, -0.06731458;
 0.03567287, -0.91759181, 0.39592007, -0.038407058;
 0, 0, 0, 1]
Ow:
[0.0329566;
 -0.0061842296;
 0.079704985]
