Keyframe: 0 Frame: 0 Frame from vFrameID : 68
Tcw:
[0.99167228, -0.090046518, 0.092074305, 2.2698696;
 0.12101331, 0.40689078, -0.90542567, -0.33998132;
 0.044066247, 0.90902781, 0.41439915, 5.9290662;
 0, 0, 0, 1]
Twc:
[0.99167228, 0.12101331, 0.044066247, -2.4710963;
 -0.090046518, 0.40689078, 0.90902781, -5.0469565;
 0.092074305, -0.90542567, 0.41439915, -2.9738243;
 0, 0, 0, 1]
Ow:
[2.2698696;
 -0.33998132;
 5.9290662]
Keyframe: 1 Frame: 890 Frame from vFrameID : 68
Tcw:
[0.9908461, -0.091092438, 0.099630341, 0.085005127;
 0.12932934, 0.4289414, -0.8940264, -0.016311355;
 0.038703468, 0.89872766, 0.43679583, 0.23279028;
 0, 0, 0, 1]
Twc:
[0.9908461, 0.12932934, 0.038703468, -0.091127247;
 -0.091092438, 0.4289414, 0.89872766, -0.19447513;
 0.099630341, -0.8940264, 0.43679583, -0.12473369;
 0, 0, 0, 1]
Ow:
[0.085005127;
 -0.016311355;
 0.23279028]
