Keyframe: 0 Frame: 0 Frame from vFrameID : 68
Tcw:
[0.99718744, -0.044550452, 0.060269695, 0.62891692;
 0.072966047, 0.39337155, -0.91647953, -0.082616746;
 0.017121196, 0.91829956, 0.39551586, 1.4050372;
 0, 0, 0, 1]
Twc:
[0.99718744, 0.072966047, 0.017121196, -0.64517576;
 -0.044550452, 0.39337155, 0.91829956, -1.2297274;
 0.060269695, -0.91647953, 0.39551586, -0.6693356;
 0, 0, 0, 1]
Ow:
[0.62891692;
 -0.082616746;
 1.4050372]
Keyframe: 1 Frame: 231 Frame from vFrameID : 68
Tcw:
[0.9966104, -0.033587091, 0.07509774, 0.010743694;
 0.082239024, 0.38319677, -0.91999835, -0.002881716;
 0.0021228574, 0.92305589, 0.38466004, 0.0333554;
 0, 0, 0, 1]
Twc:
[0.9966104, 0.082239024, 0.0021228574, -0.010541096;
 -0.033587091, 0.38319677, 0.92305589, -0.029323783;
 0.07509774, -0.91999835, 0.38466004, -0.016288489;
 0, 0, 0, 1]
Ow:
[0.010743694;
 -0.002881716;
 0.0333554]
