Keyframe: 0 Frame: 0 Frame from vFrameID : 68
Tcw:
[0.99648082, -0.0651761, 0.052707378, 0.80879492;
 0.073382311, 0.37443629, -0.92434436, -0.11128312;
 0.040509608, 0.92495918, 0.37790135, 1.8546368;
 0, 0, 0, 1]
Twc:
[0.99648082, 0.073382311, 0.040509608, -0.872913;
 -0.0651761, 0.37443629, 0.92495918, -1.6210809;
 0.052707378, -0.92434436, 0.37790135, -0.84636319;
 0, 0, 0, 1]
Ow:
[0.80879492;
 -0.11128312;
 1.8546368]
Keyframe: 1 Frame: 285 Frame from vFrameID : 68
Tcw:
[0.9956463, -0.075417586, 0.054778546, 0.0083799614;
 0.079108432, 0.37287012, -0.92450511, -0.003948601;
 0.049298663, 0.92481351, 0.37721291, 0.022182474;
 0, 0, 0, 1]
Twc:
[0.9956463, 0.079108432, 0.049298663, -0.0091246758;
 -0.075417586, 0.37287012, 0.92481351, -0.01841034;
 0.054778546, -0.92450511, 0.37721291, -0.01247706;
 0, 0, 0, 1]
Ow:
[0.0083799614;
 -0.003948601;
 0.022182474]
