Keyframe: 0 Frame: 0 Frame from vFrameID : 68
Tcw:
[0.99973744, -0.022912616, 4.8914935e-05, 0.094156183;
 0.0099736992, 0.43325463, -0.90121639, -0.0041589551;
 0.020628033, 0.90098023, 0.43336943, 0.032379672;
 0, 0, 0, 1]
Twc:
[0.99973744, 0.0099736992, 0.020628033, -0.094757915;
 -0.022912616, 0.43325463, 0.90098023, -0.025214195;
 4.8914935e-05, -0.90121639, 0.43336943, -0.017785084;
 0, 0, 0, 1]
Ow:
[0.094156183;
 -0.0041589551;
 0.032379672]
Keyframe: 1 Frame: 67 Frame from vFrameID : 68
Tcw:
[0.82757425, -0.55873096, -0.054226626, -0.22320294;
 0.4440901, 0.59254569, 0.67206663, -1.5550301;
 -0.3433727, -0.58026654, 0.7385025, -0.16961789;
 0, 0, 0, 1]
Twc:
[0.82757425, 0.4440901, -0.3433727, 0.81704837;
 -0.55873096, 0.59254569, -0.58026654, 0.69829243;
 -0.054226626, 0.67206663, 0.7385025, 1.1582435;
 0, 0, 0, 1]
Ow:
[-0.22320294;
 -1.5550301;
 -0.16961789]
