Keyframe: 0 Frame: 0 Frame from vFrameID : 68
Tcw:
[0.98780721, -0.13364957, 0.079841718, 2.3079386;
 0.13156308, 0.44243813, -0.88709617, -0.33687615;
 0.083235011, 0.88678426, 0.45462692, 6.0101037;
 0, 0, 0, 1]
Twc:
[0.98780721, 0.13156308, 0.083235011, -2.735729;
 -0.13364957, 0.44243813, 0.88678426, -4.8721633;
 0.079841718, -0.88709617, 0.45462692, -3.2154665;
 0, 0, 0, 1]
Ow:
[2.3079386;
 -0.33687615;
 6.0101037]
Keyframe: 1 Frame: 904 Frame from vFrameID : 68
Tcw:
[0.99115503, -0.089043796, 0.098401509, -0.026427815;
 0.13095438, 0.53607076, -0.83395386, 0.045357391;
 0.021508245, 0.83946371, 0.54298997, 0.038428679;
 0, 0, 0, 1]
Twc:
[0.99115503, 0.13095438, 0.021508245, 0.01942778;
 -0.089043796, 0.53607076, 0.83946371, -0.058927491;
 0.098401509, -0.83395386, 0.54298997, 0.019560121;
 0, 0, 0, 1]
Ow:
[-0.026427815;
 0.045357391;
 0.038428679]
