Keyframe: 0 Frame: 0 Frame from vFrameID : 68
Tcw:
[0.99735343, 0.0070119482, 0.072366923, 1.1013715;
 0.063633695, 0.39728275, -0.91548741, -0.18578756;
 -0.035169482, 0.91766948, 0.39578512, 2.747654;
 0, 0, 0, 1]
Twc:
[0.99735343, 0.063633695, -0.035169482, -0.99000072;
 0.0070119482, 0.39728275, 0.91766948, -2.4553506;
 0.072366923, -0.91548741, 0.39578512, -1.3372695;
 0, 0, 0, 1]
Ow:
[1.1013715;
 -0.18578756;
 2.747654]
Keyframe: 1 Frame: 401 Frame from vFrameID : 68
Tcw:
[0.9983663, -0.027137229, 0.050281942, 0.029556731;
 0.056932759, 0.39802396, -0.91560668, -0.00075184926;
 0.0048336103, 0.91697353, 0.39891872, 0.04324507;
 0, 0, 0, 1]
Twc:
[0.9983663, 0.056932759, 0.0048336103, -0.02967467;
 -0.027137229, 0.39802396, 0.91697353, -0.038553245;
 0.050281942, -0.91560668, 0.39891872, -0.019425835;
 0, 0, 0, 1]
Ow:
[0.029556731;
 -0.00075184926;
 0.04324507]
