Keyframe: 0 Frame: 0 Frame from vFrameID : 68
Tcw:
[0.99476141, -0.08216083, 0.060822055, 1.7863591;
 0.08871799, 0.39831427, -0.91294843, -0.28875089;
 0.050782312, 0.91356188, 0.4035168, 4.4397435;
 0, 0, 0, 1]
Twc:
[0.99476141, 0.08871799, 0.050782312, -1.9768441;
 -0.08216083, 0.39831427, 0.91356188, -3.7941983;
 0.060822055, -0.91294843, 0.4035168, -2.1637759;
 0, 0, 0, 1]
Ow:
[1.7863591;
 -0.28875089;
 4.4397435]
Keyframe: 1 Frame: 645 Frame from vFrameID : 68
Tcw:
[0.99138337, -0.096099421, 0.0890164, 0.026372084;
 0.12004596, 0.39457923, -0.91098636, -0.0072116517;
 0.052421238, 0.91382283, 0.40271565, 0.060230434;
 0, 0, 0, 1]
Twc:
[0.99138337, 0.12004596, 0.052421238, -0.028436471;
 -0.096099421, 0.39457923, 0.91382283, -0.049660034;
 0.0890164, -0.91098636, 0.40271565, -0.033173002;
 0, 0, 0, 1]
Ow:
[0.026372084;
 -0.0072116517;
 0.060230434]
