Keyframe: 0 Frame: 0 Frame from vFrameID : 68
Tcw:
[0.9954949, -0.0069183805, 0.094562598, 0.52220142;
 0.090321533, 0.37259561, -0.92358786, -0.050128341;
 -0.028843876, 0.92796803, 0.37154189, 1.2026559;
 0, 0, 0, 1]
Twc:
[0.9954949, 0.090321533, -0.028843876, -0.48063189;
 -0.0069183805, 0.37259561, 0.92796803, -1.0937359;
 0.094562598, -0.92358786, 0.37154189, -0.54251575;
 0, 0, 0, 1]
Ow:
[0.52220142;
 -0.050128341;
 1.2026559]
Keyframe: 1 Frame: 211 Frame from vFrameID : 68
Tcw:
[0.9926551, -0.010113672, 0.12055505, 0.0037626675;
 0.1149746, 0.38889387, -0.91408008, -0.00077106454;
 -0.037638415, 0.92122704, 0.3872003, 0.0086815022;
 0, 0, 0, 1]
Twc:
[0.9926551, 0.1149746, -0.037638415, -0.0033196204;
 -0.010113672, 0.38889387, 0.92122704, -0.0076597184;
 0.12055505, -0.91408008, 0.3872003, -0.004519904;
 0, 0, 0, 1]
Ow:
[0.0037626675;
 -0.00077106454;
 0.0086815022]
