Keyframe: 0 Frame: 0 Frame from vFrameID : 68
Tcw:
[0.98804206, -0.13139111, 0.080680266, 2.0619512;
 0.13044757, 0.4333927, -0.89171422, -0.30995059;
 0.082197078, 0.89157563, 0.44534984, 5.2887578;
 0, 0, 0, 1]
Twc:
[0.98804206, 0.13044757, 0.082197078, -2.4315827;
 -0.13139111, 0.4333927, 0.89157563, -4.3100753;
 0.080680266, -0.89171422, 0.44534984, -2.7980936;
 0, 0, 0, 1]
Ow:
[2.0619512;
 -0.30995059;
 5.2887578]
Keyframe: 1 Frame: 763 Frame from vFrameID : 68
Tcw:
[0.98794711, -0.12798634, 0.08706329, 0.026055263;
 0.13424143, 0.42837283, -0.89357483, -0.006723024;
 0.077069819, 0.89449215, 0.44039077, 0.068222463;
 0, 0, 0, 1]
Twc:
[0.98794711, 0.13424143, 0.077069819, -0.030096607;
 -0.12798634, 0.42837283, 0.89449215, -0.054809775;
 0.08706329, -0.89357483, 0.44039077, -0.038320523;
 0, 0, 0, 1]
Ow:
[0.026055263;
 -0.006723024;
 0.068222463]
