Keyframe: 0 Frame: 0 Frame from vFrameID : 68
Tcw:
[0.98968011, -0.11252725, 0.088718362, 2.3334768;
 0.12939429, 0.43578094, -0.89070314, -0.34297824;
 0.061566606, 0.89299083, 0.44584411, 6.0727701;
 0, 0, 0, 1]
Twc:
[0.98968011, 0.12939429, 0.061566606, -2.638896;
 -0.11252725, 0.43578094, 0.89299083, -5.0108848;
 0.088718362, -0.89070314, 0.44584411, -3.2200227;
 0, 0, 0, 1]
Ow:
[2.3334768;
 -0.34297824;
 6.0727701]
Keyframe: 1 Frame: 919 Frame from vFrameID : 68
Tcw:
[0.99023736, -0.1041391, 0.092655137, 0.026027802;
 0.12803726, 0.41677463, -0.8999474, -0.004258519;
 0.05510341, 0.90302491, 0.42603949, 0.067129649;
 0, 0, 0, 1]
Twc:
[0.99023736, 0.12803726, 0.05510341, -0.028927527;
 -0.1041391, 0.41677463, 0.90302491, -0.056134388;
 0.092655137, -0.8999474, 0.42603949, -0.034843937;
 0, 0, 0, 1]
Ow:
[0.026027802;
 -0.004258519;
 0.067129649]
