Keyframe: 0 Frame: 0 Frame from vFrameID : 68
Tcw:
[0.99455696, -0.048228607, 0.092360474, 0.65215671;
 0.10400658, 0.40633485, -0.90778553, -0.089878559;
 0.0062519559, 0.91245055, 0.40913925, 1.5268657;
 0, 0, 0, 1]
Twc:
[0.99455696, 0.10400658, 0.0062519559, -0.6488049;
 -0.048228607, 0.40633485, 0.91245055, -1.3252161;
 0.092360474, -0.90778553, 0.40913925, -0.76652467;
 0, 0, 0, 1]
Ow:
[0.65215671;
 -0.089878559;
 1.5268657]
Keyframe: 1 Frame: 244 Frame from vFrameID : 68
Tcw:
[0.37281796, -0.9273265, 0.032745976, 0.077198103;
 0.41440675, 0.13482337, -0.90004981, -0.24575455;
 0.83022517, 0.34912491, 0.43455493, 0.30181396;
 0, 0, 0, 1]
Twc:
[0.37281796, 0.41440675, 0.83022517, -0.17751203;
 -0.9273265, 0.13482337, 0.34912491, -0.00064946734;
 0.032745976, -0.90004981, 0.43455493, -0.35487404;
 0, 0, 0, 1]
Ow:
[0.077198103;
 -0.24575455;
 0.30181396]
