Keyframe: 0 Frame: 0 Frame from vFrameID : 68
Tcw:
[0.99025649, -0.077040464, 0.1160038, 2.2232139;
 0.13786834, 0.42509392, -0.89458787, -0.32857132;
 0.019606953, 0.90186471, 0.43157345, 5.7868485;
 0, 0, 0, 1]
Twc:
[0.99025649, 0.13786834, 0.019606953, -2.2697148;
 -0.077040464, 0.42509392, 0.90186471, -4.9080033;
 0.1160038, -0.89458787, 0.43157345, -3.0492873;
 0, 0, 0, 1]
Ow:
[2.2232139;
 -0.32857132;
 5.7868485]
Keyframe: 1 Frame: 859 Frame from vFrameID : 68
Tcw:
[0.99192744, -0.091944061, 0.087328553, 0.060846537;
 0.11751059, 0.40766877, -0.90553707, -0.0093670376;
 0.047657631, 0.90848911, 0.41518223, 0.1434101;
 0, 0, 0, 1]
Twc:
[0.99192744, 0.11751059, 0.047657631, -0.066089205;
 -0.091944061, 0.40766877, 0.90848911, -0.12087338;
 0.087328553, -0.90553707, 0.41518223, -0.073337168;
 0, 0, 0, 1]
Ow:
[0.060846537;
 -0.0093670376;
 0.1434101]
