Keyframe: 0 Frame: 0 Frame from vFrameID : 68
Tcw:
[0.99565709, -0.049673449, 0.078737125, 1.4425547;
 0.09220653, 0.40949726, -0.90763974, -0.2270422;
 0.012842961, 0.91095805, 0.41229907, 3.5750773;
 0, 0, 0, 1]
Twc:
[0.99565709, 0.09220653, 0.012842961, -1.4612696;
 -0.049673449, 0.40949726, 0.91095805, -3.0921154;
 0.078737125, -0.90763974, 0.41229907, -1.7936561;
 0, 0, 0, 1]
Ow:
[1.4425547;
 -0.2270422;
 3.5750773]
Keyframe: 1 Frame: 515 Frame from vFrameID : 68
Tcw:
[0.9961223, -0.069550037, 0.053881101, 0.029904043;
 0.077878691, 0.41213644, -0.90778768, -0.0017241854;
 0.040930301, 0.90846372, 0.41595474, 0.070147477;
 0, 0, 0, 1]
Twc:
[0.9961223, 0.077878691, 0.040930301, -0.032524966;
 -0.069550037, 0.41213644, 0.90846372, -0.060936015;
 0.053881101, -0.90778768, 0.41595474, -0.032354634;
 0, 0, 0, 1]
Ow:
[0.029904043;
 -0.0017241854;
 0.070147477]
