Keyframe: 0 Frame: 0 Frame from vFrameID : 68
Tcw:
[0.99574631, -0.074977338, 0.05355024, 0.70146948;
 0.078569949, 0.3874104, -0.91855317, -0.089827716;
 0.048124749, 0.9188534, 0.39165345, 1.6002455;
 0, 0, 0, 1]
Twc:
[0.99574631, 0.078569949, 0.048124749, -0.76843935;
 -0.074977338, 0.3874104, 0.9188534, -1.3829964;
 0.05355024, -0.91855317, 0.39165345, -0.74681705;
 0, 0, 0, 1]
Ow:
[0.70146948;
 -0.089827716;
 1.6002455]
Keyframe: 1 Frame: 254 Frame from vFrameID : 68
Tcw:
[0.99488592, -0.078720726, 0.063285187, 0.0077795638;
 0.08913666, 0.38960353, -0.916659, 1.6686041e-05;
 0.047503933, 0.9176122, 0.39462799, 0.012125323;
 0, 0, 0, 1]
Twc:
[0.99488592, 0.08913666, 0.047503933, -0.0083172666;
 -0.078720726, 0.38960353, 0.9176122, -0.010520432;
 0.063285187, -0.916659, 0.39462799, -0.0052620275;
 0, 0, 0, 1]
Ow:
[0.0077795638;
 1.6686041e-05;
 0.012125323]
