Keyframe: 0 Frame: 0 Frame from vFrameID : 68
Tcw:
[0.99286169, -0.06632679, 0.099128306, 1.8242909;
 0.1173721, 0.39560804, -0.91088861, -0.29313421;
 0.021200366, 0.91602129, 0.40056896, 4.6286049;
 0, 0, 0, 1]
Twc:
[0.99286169, 0.1173721, 0.021200366, -1.8749908;
 -0.06632679, 0.39560804, 0.91602129, -4.0029354;
 0.099128306, -0.91088861, 0.40056896, -2.3019271;
 0, 0, 0, 1]
Ow:
[1.8242909;
 -0.29313421;
 4.6286049]
Keyframe: 1 Frame: 672 Frame from vFrameID : 68
Tcw:
[0.98995894, -0.074379802, 0.12020366, 0.029856749;
 0.13916078, 0.36356714, -0.92111522, -0.01053142;
 0.024810262, 0.92859387, 0.3702673, 0.073105752;
 0, 0, 0, 1]
Twc:
[0.98995894, 0.13916078, 0.024810262, -0.029905168;
 -0.074379802, 0.36356714, 0.92859387, -0.061835933;
 0.12020366, -0.92111522, 0.3702673, -0.040358208;
 0, 0, 0, 1]
Ow:
[0.029856749;
 -0.01053142;
 0.073105752]
