Keyframe: 0 Frame: 0 Frame from vFrameID : 68
Tcw:
[0.99487329, -0.094357677, 0.03638329, 1.5941458;
 0.071356572, 0.40003902, -0.91371608, -0.26663399;
 0.07166139, 0.91162789, 0.40472117, 3.9109786;
 0, 0, 0, 1]
Twc:
[0.99487329, 0.071356572, 0.07166139, -1.8472131;
 -0.094357677, 0.40003902, 0.91162789, -3.3082733;
 0.03638329, -0.91371608, 0.40472117, -1.8844838;
 0, 0, 0, 1]
Ow:
[1.5941458;
 -0.26663399;
 3.9109786]
Keyframe: 1 Frame: 565 Frame from vFrameID : 68
Tcw:
[0.99445546, -0.092120133, 0.05071659, 0.078381211;
 0.083926372, 0.40467128, -0.91060281, -0.016926572;
 0.063361309, 0.90981042, 0.41015887, 0.19049624;
 0, 0, 0, 1]
Twc:
[0.99445546, 0.083926372, 0.063361309, -0.088596128;
 -0.092120133, 0.40467128, 0.90981042, -0.15924528;
 0.05071659, -0.91060281, 0.41015887, -0.097522341;
 0, 0, 0, 1]
Ow:
[0.078381211;
 -0.016926572;
 0.19049624]
