Keyframe: 0 Frame: 0 Frame from vFrameID : 68
Tcw:
[0.99608296, -0.075230718, 0.046465971, 1.4928885;
 0.073263414, 0.40793616, -0.91006625, -0.2402761;
 0.04950979, 0.90990573, 0.41184992, 3.6478271;
 0, 0, 0, 1]
Twc:
[0.99608296, 0.073263414, 0.04950979, -1.6500405;
 -0.075230718, 0.40793616, 0.90990573, -3.1088505;
 0.046465971, -0.91006625, 0.41184992, -1.7903931;
 0, 0, 0, 1]
Ow:
[1.4928885;
 -0.2402761;
 3.6478271]
Keyframe: 1 Frame: 528 Frame from vFrameID : 68
Tcw:
[0.99428028, -0.082828172, 0.067425422, 0.051209662;
 0.095285632, 0.40278286, -0.91032225, -0.0059770271;
 0.048242524, 0.91154015, 0.40837139, 0.11846552;
 0, 0, 0, 1]
Twc:
[0.99428028, 0.095285632, 0.048242524, -0.056062311;
 -0.082828172, 0.40278286, 0.91154015, -0.10133703;
 0.067425422, -0.91032225, 0.40837139, -0.057271782;
 0, 0, 0, 1]
Ow:
[0.051209662;
 -0.0059770271;
 0.11846552]
