Keyframe: 0 Frame: 0 Frame from vFrameID : 68
Tcw:
[0.99139369, -0.060908396, 0.11588234, 1.8381566;
 0.13049065, 0.38860413, -0.9121179, -0.28980052;
 0.010523281, 0.91938949, 0.39320764, 4.6801977;
 0, 0, 0, 1]
Twc:
[0.99139369, 0.13049065, 0.010523281, -1.8337716;
 -0.060908396, 0.38860413, 0.91938949, -4.0783477;
 0.11588234, -0.9121179, 0.39320764, -2.3176317;
 0, 0, 0, 1]
Ow:
[1.8381566;
 -0.28980052;
 4.6801977]
Keyframe: 1 Frame: 678 Frame from vFrameID : 68
Tcw:
[0.98380238, -0.11459579, 0.13784295, -0.068636507;
 0.17489181, 0.44495988, -0.87830722, 0.10414115;
 0.039315727, 0.88818836, 0.45779446, -0.1071725;
 0, 0, 0, 1]
Twc:
[0.98380238, 0.17489181, 0.039315727, 0.053524889;
 -0.11459579, 0.44495988, 0.88818836, 0.040985279;
 0.13784295, -0.87830722, 0.45779446, 0.14999196;
 0, 0, 0, 1]
Ow:
[-0.068636507;
 0.10414115;
 -0.1071725]
