Keyframe: 0 Frame: 0 Frame from vFrameID : 68
Tcw:
[0.99562138, -0.085608721, 0.037538711, 0.916749;
 0.06752342, 0.38094535, -0.92212862, -0.13311023;
 0.064642057, 0.92062575, 0.38505793, 2.1434083;
 0, 0, 0, 1]
Twc:
[0.99562138, 0.06752342, 0.064642057, -1.0423012;
 -0.085608721, 0.38094535, 0.92062575, -1.8440874;
 0.037538711, -0.92212862, 0.38505793, -0.98249471;
 0, 0, 0, 1]
Ow:
[0.916749;
 -0.13311023;
 2.1434083]
Keyframe: 1 Frame: 320 Frame from vFrameID : 68
Tcw:
[0.99536973, -0.088710807, 0.037006002, 0.023601996;
 0.068856858, 0.38945958, -0.91846609, -0.0049752165;
 0.06706553, 0.91676152, 0.39376464, 0.050611697;
 0, 0, 0, 1]
Twc:
[0.99536973, 0.068856858, 0.06706553, -0.026544437;
 -0.088710807, 0.38945958, 0.91676152, -0.042367455;
 0.037006002, -0.91846609, 0.39376464, -0.025372081;
 0, 0, 0, 1]
Ow:
[0.023601996;
 -0.0049752165;
 0.050611697]
