Keyframe: 0 Frame: 0 Frame from vFrameID : 68
Tcw:
[0.99693793, -0.057283863, 0.053229142, 1.4127594;
 0.071358338, 0.38805225, -0.91887075, -0.22543132;
 0.031980779, 0.91985542, 0.39095166, 3.4927053;
 0, 0, 0, 1]
Twc:
[0.99693793, 0.071358338, 0.031980779, -1.5040464;
 -0.057283863, 0.38805225, 0.91985542, -3.0443766;
 0.053229142, -0.91887075, 0.39095166, -1.6478213;
 0, 0, 0, 1]
Ow:
[1.4127594;
 -0.22543132;
 3.4927053]
Keyframe: 1 Frame: 503 Frame from vFrameID : 68
Tcw:
[0.98933756, 0.0069597345, -0.14547403, 0.15636185;
 -0.13071965, 0.48284176, -0.86589617, 0.72028577;
 0.064214535, 0.87567997, 0.4786033, 0.3622523;
 0, 0, 0, 1]
Twc:
[0.98933756, -0.13071965, 0.064214535, -0.083801009;
 0.0069597345, 0.48284176, 0.87567997, -0.66608942;
 -0.14547403, -0.86589617, 0.4786033, 0.47306418;
 0, 0, 0, 1]
Ow:
[0.15636185;
 0.72028577;
 0.3622523]
