Keyframe: 0 Frame: 0 Frame from vFrameID : 68
Tcw:
[0.99592775, -0.071812004, 0.054506168, 0.82614124;
 0.077451542, 0.37208217, -0.92496276, -0.11714822;
 0.04614266, 0.92541766, 0.37612891, 1.8863059;
 0, 0, 0, 1]
Twc:
[0.99592775, 0.077451542, 0.04614266, -0.90074289;
 -0.071812004, 0.37208217, 0.92541766, -1.6427052;
 0.054506168, -0.92496276, 0.37612891, -0.86288172;
 0, 0, 0, 1]
Ow:
[0.82614124;
 -0.11714822;
 1.8863059]
Keyframe: 1 Frame: 290 Frame from vFrameID : 68
Tcw:
[0.60753638, 0.79369289, -0.03084073, -0.070197701;
 -0.098565668, 0.036806013, -0.99444968, -0.35554388;
 -0.78815252, 0.60720414, 0.10059186, -0.41690442;
 0, 0, 0, 1]
Twc:
[0.60753638, -0.098565668, -0.78815252, -0.32098103;
 0.79369289, 0.036806013, 0.60720414, 0.32194769;
 -0.03084073, -0.99444968, 0.10059186, -0.31379825;
 0, 0, 0, 1]
Ow:
[-0.070197701;
 -0.35554388;
 -0.41690442]
