Keyframe: 0 Frame: 0 Frame from vFrameID : 68
Tcw:
[0.98949784, -0.12498444, 0.072614796, 2.247472;
 0.11858628, 0.41466612, -0.90221357, -0.3296535;
 0.082651757, 0.90134948, 0.42513269, 5.8149195;
 0, 0, 0, 1]
Twc:
[0.98949784, 0.11858628, 0.082651757, -2.6653898;
 -0.12498444, 0.41466612, 0.90134948, -4.8236794;
 0.072614796, -0.90221357, 0.42513269, -2.9327297;
 0, 0, 0, 1]
Ow:
[2.247472;
 -0.3296535;
 5.8149195]
Keyframe: 1 Frame: 865 Frame from vFrameID : 68
Tcw:
[0.99009085, -0.13413934, 0.041554343, 0.047408376;
 0.096657634, 0.43630484, -0.89459229, -0.015577011;
 0.10186967, 0.88974416, 0.44494703, 0.11769284;
 0, 0, 0, 1]
Twc:
[0.99009085, 0.096657634, 0.10186967, -0.057422291;
 -0.13413934, 0.43630484, 0.88974416, -0.09156087;
 0.041554343, -0.89459229, 0.44494703, -0.068272181;
 0, 0, 0, 1]
Ow:
[0.047408376;
 -0.015577011;
 0.11769284]
