Keyframe: 0 Frame: 0 Frame from vFrameID : 68
Tcw:
[0.99730289, -0.043629356, 0.059020963, 0.74368072;
 0.071022332, 0.37080041, -0.92599291, -0.094457626;
 0.018515477, 0.92768717, 0.37289897, 1.7195717;
 0, 0, 0, 1]
Twc:
[0.99730289, 0.071022332, 0.018515477, -0.76680499;
 -0.043629356, 0.37080041, 0.92768717, -1.5277535;
 0.059020963, -0.92599291, 0.37289897, -0.77258641;
 0, 0, 0, 1]
Ow:
[0.74368072;
 -0.094457626;
 1.7195717]
Keyframe: 1 Frame: 269 Frame from vFrameID : 68
Tcw:
[0.99601901, -0.039986551, 0.079669274, 0.0069411108;
 0.088897318, 0.37952974, -0.92089874, -0.00071267737;
 0.006586703, 0.92431504, 0.38157356, 0.017484404;
 0, 0, 0, 1]
Twc:
[0.99601901, 0.088897318, 0.006586703, -0.006965288;
 -0.039986551, 0.37952974, 0.92431504, -0.015613063;
 0.079669274, -0.92089874, 0.38157356, -0.0078808824;
 0, 0, 0, 1]
Ow:
[0.0069411108;
 -0.00071267737;
 0.017484404]
