Keyframe: 0 Frame: 0 Frame from vFrameID : 68
Tcw:
[0.99132413, -0.096885473, 0.088823602, 1.9730003;
 0.11989088, 0.38951731, -0.91318262, -0.29956162;
 0.053875796, 0.91590911, 0.3977536, 5.0223799;
 0, 0, 0, 1]
Twc:
[0.99132413, 0.11989088, 0.053875796, -2.1905529;
 -0.096885473, 0.38951731, 0.91590911, -4.2922039;
 0.088823602, -0.91318262, 0.3977536, -2.4464731;
 0, 0, 0, 1]
Ow:
[1.9730003;
 -0.29956162;
 5.0223799]
Keyframe: 1 Frame: 725 Frame from vFrameID : 68
Tcw:
[0.99307907, -0.086963527, 0.078938633, 0.026003812;
 0.10755146, 0.40332252, -0.90871537, 0.0030478239;
 0.047187366, 0.91091615, 0.40988421, 0.045842145;
 0, 0, 0, 1]
Twc:
[0.99307907, 0.10755146, 0.047187366, -0.02831481;
 -0.086963527, 0.40332252, 0.91091615, -0.040726226;
 0.078938633, -0.90871537, 0.40988421, -0.018073071;
 0, 0, 0, 1]
Ow:
[0.026003812;
 0.0030478239;
 0.045842145]
