Keyframe: 0 Frame: 0 Frame from vFrameID : 68
Tcw:
[0.98980463, -0.05811188, 0.13003793, 1.992368;
 0.14234167, 0.37108383, -0.91762501, -0.298123;
 0.005069938, 0.92677927, 0.37557223, 5.1266689;
 0, 0, 0, 1]
Twc:
[0.98980463, 0.14234167, 0.005069938, -1.9556116;
 -0.05811188, 0.37108383, 0.92677927, -4.5248814;
 0.13003793, -0.91762501, 0.37557223, -2.4580829;
 0, 0, 0, 1]
Ow:
[1.992368;
 -0.298123;
 5.1266689]
Keyframe: 1 Frame: 740 Frame from vFrameID : 68
Tcw:
[0.98532975, -0.053542186, 0.16204466, 0.039549284;
 0.17005058, 0.38827321, -0.90571886, -0.003624022;
 -0.014423431, 0.91998756, 0.39168206, 0.099856898;
 0, 0, 0, 1]
Twc:
[0.98532975, 0.17005058, -0.014423431, -0.036912538;
 -0.053542186, 0.38827321, 0.91998756, -0.088342436;
 0.16204466, -0.90571886, 0.39168206, -0.048803248;
 0, 0, 0, 1]
Ow:
[0.039549284;
 -0.003624022;
 0.099856898]
