Keyframe: 0 Frame: 0 Frame from vFrameID : 68
Tcw:
[0.9895882, -0.08290755, 0.11764995, 2.3573422;
 0.1423201, 0.44184059, -0.88573241, -0.34434843;
 0.021451382, 0.89325428, 0.44903964, 6.1687655;
 0, 0, 0, 1]
Twc:
[0.9895882, 0.1423201, 0.021451382, -2.4161191;
 -0.08290755, 0.44184059, 0.89325428, -5.1626883;
 0.11764995, -0.88573241, 0.44903964, -3.3523624;
 0, 0, 0, 1]
Ow:
[2.3573422;
 -0.34434843;
 6.1687655]
Keyframe: 1 Frame: 934 Frame from vFrameID : 68
Tcw:
[0.99022663, -0.093280196, 0.10368213, 0.031337757;
 0.13444504, 0.44073737, -0.8875106, -0.0052468404;
 0.037090573, 0.89277625, 0.44897094, 0.080769844;
 0, 0, 0, 1]
Twc:
[0.99022663, 0.13444504, 0.037090573, -0.033321872;
 -0.093280196, 0.44073737, 0.89277625, -0.066873722;
 0.10368213, -0.8875106, 0.44897094, -0.044169106;
 0, 0, 0, 1]
Ow:
[0.031337757;
 -0.0052468404;
 0.080769844]
