Keyframe: 0 Frame: 0 Frame from vFrameID : 68
Tcw:
[0.99070352, -0.12041743, 0.063293904, 2.1141622;
 0.10844312, 0.41813698, -0.90188777, -0.31466556;
 0.082137488, 0.9003672, 0.42730823, 5.4321575;
 0, 0, 0, 1]
Twc:
[0.99070352, 0.10844312, 0.082137488, -2.5065687;
 -0.12041743, 0.41813698, 0.9003672, -4.5047812;
 0.063293904, -0.90188777, 0.42730823, -2.7388122;
 0, 0, 0, 1]
Ow:
[2.1141622;
 -0.31466556;
 5.4321575]
Keyframe: 1 Frame: 788 Frame from vFrameID : 68
Tcw:
[0.9893539, -0.13967381, 0.040866926, 0.030581025;
 0.098777339, 0.43827346, -0.89339769, 0.0068240445;
 0.10687337, 0.88792318, 0.44740415, 0.053657986;
 0, 0, 0, 1]
Twc:
[0.9893539, 0.098777339, 0.10687337, -0.036664125;
 -0.13967381, 0.43827346, 0.88792318, -0.0463636;
 0.040866926, -0.89339769, 0.44740415, -0.019159975;
 0, 0, 0, 1]
Ow:
[0.030581025;
 0.0068240445;
 0.053657986]
