Keyframe: 0 Frame: 0 Frame from vFrameID : 68
Tcw:
[0.99656612, -0.02682695, 0.078334294, 1.0225819;
 0.082722098, 0.36377403, -0.92780685, -0.16422492;
 -0.0036057543, 0.93110085, 0.36474407, 2.5208223;
 0, 0, 0, 1]
Twc:
[0.99656612, 0.082722098, -0.0036057543, -0.99639606;
 -0.02682695, 0.36377403, 0.93110085, -2.2599661;
 0.078334294, -0.92780685, 0.36474407, -1.1519271;
 0, 0, 0, 1]
Ow:
[1.0225819;
 -0.16422492;
 2.5208223]
Keyframe: 1 Frame: 369 Frame from vFrameID : 68
Tcw:
[0.99522728, 0.0063506141, 0.097377151, 0.014276391;
 0.086557329, 0.40333518, -0.91094929, 0.0094276657;
 -0.045060717, 0.9150303, 0.40086049, 0.026534526;
 0, 0, 0, 1]
Twc:
[0.99522728, 0.086557329, -0.045060717, -0.013828623;
 0.0063506141, 0.40333518, 0.9150303, -0.028173067;
 0.097377151, -0.91094929, 0.40086049, -0.0034387109;
 0, 0, 0, 1]
Ow:
[0.014276391;
 0.0094276657;
 0.026534526]
