Keyframe: 0 Frame: 0 Frame from vFrameID : 68
Tcw:
[0.99993265, -0.011160519, 0.0031837479, 0.09849444;
 0.0076559214, 0.42814535, -0.90367746, -0.0048695356;
 0.0087224031, 0.90364099, 0.42820197, 0.06792742;
 0, 0, 0, 1]
Twc:
[0.99993265, 0.0076559214, 0.0087224031, -0.099043012;
 -0.011160519, 0.42814535, 0.90364099, -0.058197878;
 0.0031837479, -0.90367746, 0.42820197, -0.033800725;
 0, 0, 0, 1]
Ow:
[0.09849444;
 -0.0048695356;
 0.06792742]
Keyframe: 1 Frame: 73 Frame from vFrameID : 68
Tcw:
[0.99993306, -0.010752166, 0.0042796065, 0.0020001209;
 0.0083251325, 0.41147125, -0.9113847, 2.2738008e-05;
 0.0080384249, 0.91135931, 0.41153321, 0.0066263182;
 0, 0, 0, 1]
Twc:
[0.99993306, 0.0083251325, 0.0080384249, -0.0020534412;
 -0.010752166, 0.41147125, 0.91135931, -0.0060268072;
 0.0042796065, -0.9113847, 0.41153321, -0.0027147867;
 0, 0, 0, 1]
Ow:
[0.0020001209;
 2.2738008e-05;
 0.0066263182]
