Keyframe: 0 Frame: 0 Frame from vFrameID : 68
Tcw:
[0.99224317, -0.092276372, 0.08329796, 1.919642;
 0.11191736, 0.37143084, -0.92169064, -0.29380822;
 0.054110833, 0.92386371, 0.37887704, 4.88866;
 0, 0, 0, 1]
Twc:
[0.99224317, 0.11191736, 0.054110833, -2.136399;
 -0.092276372, 0.37143084, 0.92386371, -4.2301888;
 0.08329796, -0.92169064, 0.37887704, -2.2829037;
 0, 0, 0, 1]
Ow:
[1.919642;
 -0.29380822;
 4.88866]
Keyframe: 1 Frame: 707 Frame from vFrameID : 68
Tcw:
[0.98860079, -0.092375532, 0.11889163, 0.039555963;
 0.14600943, 0.39553031, -0.90677285, -0.0058798715;
 0.036738381, 0.91379565, 0.40450928, 0.099019684;
 0, 0, 0, 1]
Twc:
[0.98860079, 0.14600943, 0.036738381, -0.041884363;
 -0.092375532, 0.39553031, 0.91379565, -0.08450409;
 0.11889163, -0.90677285, 0.40450928, -0.050088964;
 0, 0, 0, 1]
Ow:
[0.039555963;
 -0.0058798715;
 0.099019684]
