Keyframe: 0 Frame: 0 Frame from vFrameID : 68
Tcw:
[0.99548978, -0.07653939, 0.056051772, 1.5094625;
 0.081254199, 0.38292688, -0.9201982, -0.24737096;
 0.048967682, 0.92060238, 0.38741893, 3.7393019;
 0, 0, 0, 1]
Twc:
[0.99548978, 0.081254199, 0.048967682, -1.6656594;
 -0.07653939, 0.38292688, 0.92060238, -3.232152;
 0.056051772, -0.9201982, 0.38741893, -1.7609148;
 0, 0, 0, 1]
Ow:
[1.5094625;
 -0.24737096;
 3.7393019]
Keyframe: 1 Frame: 541 Frame from vFrameID : 68
Tcw:
[0.99319381, -0.093811899, 0.069032118, 0.11632232;
 0.099930495, 0.38186765, -0.91879869, -0.020302922;
 0.059833117, 0.91944355, 0.38864323, 0.28395429;
 0, 0, 0, 1]
Twc:
[0.99319381, 0.099930495, 0.059833117, -0.1304916;
 -0.093811899, 0.38186765, 0.91944355, -0.2424145;
 0.069032118, -0.91879869, 0.38864323, -0.13704118;
 0, 0, 0, 1]
Ow:
[0.11632232;
 -0.020302922;
 0.28395429]
