Keyframe: 0 Frame: 0 Frame from vFrameID : 68
Tcw:
[0.99750602, -0.067417473, 0.020896068, 1.0057862;
 0.044621821, 0.37296993, -0.92676985, -0.16035348;
 0.054686874, 0.9253909, 0.37504801, 2.3877537;
 0, 0, 0, 1]
Twc:
[0.99750602, 0.044621821, 0.054686874, -1.1267014;
 -0.067417473, 0.37296993, 0.9253909, -2.081991;
 0.020896068, -0.92676985, 0.37504801, -1.06515;
 0, 0, 0, 1]
Ow:
[1.0057862;
 -0.16035348;
 2.3877537]
Keyframe: 1 Frame: 351 Frame from vFrameID : 68
Tcw:
[0.99827468, -0.057957102, 0.0094164899, 0.025220897;
 0.031220602, 0.38810307, -0.92108703, -0.0070347767;
 0.049728967, 0.91979182, 0.38924292, 0.061106719;
 0, 0, 0, 1]
Twc:
[0.99827468, 0.031220602, 0.049728967, -0.027996525;
 -0.057957102, 0.38810307, 0.91979182, -0.052013509;
 0.0094164899, -0.92108703, 0.38924292, -0.030502491;
 0, 0, 0, 1]
Ow:
[0.025220897;
 -0.0070347767;
 0.061106719]
