Keyframe: 0 Frame: 0 Frame from vFrameID : 68
Tcw:
[0.98956084, -0.12873486, 0.064782172, 2.3250048;
 0.1186947, 0.473077, -0.87298894, -0.34550071;
 0.081737153, 0.87156498, 0.48341861, 6.0396094;
 0, 0, 0, 1]
Twc:
[0.98956084, 0.1186947, 0.081737153, -2.7533848;
 -0.12873486, 0.473077, 0.87156498, -4.8011541;
 0.064782172, -0.87298894, 0.48341861, -3.3718967;
 0, 0, 0, 1]
Ow:
[2.3250048;
 -0.34550071;
 6.0396094]
Keyframe: 1 Frame: 909 Frame from vFrameID : 68
Tcw:
[0.9904964, -0.11396946, 0.076992162, 0.039629869;
 0.12247159, 0.47610566, -0.87081808, -0.0088040009;
 0.062590264, 0.87197155, 0.48553896, 0.10333753;
 0, 0, 0, 1]
Twc:
[0.9904964, 0.12247159, 0.062590264, -0.044642929;
 -0.11396946, 0.47610566, 0.87197155, -0.081399158;
 0.076992162, -0.87081808, 0.48553896, -0.060892273;
 0, 0, 0, 1]
Ow:
[0.039629869;
 -0.0088040009;
 0.10333753]
