Keyframe: 0 Frame: 0 Frame from vFrameID : 68
Tcw:
[0.99724221, -0.049715076, 0.055103432, 1.2840496;
 0.070693433, 0.41029942, -0.90920669, -0.20582294;
 0.022592373, 0.91059476, 0.41268241, 3.1396098;
 0, 0, 0, 1]
Twc:
[0.99724221, 0.070693433, 0.022592373, -1.3368894;
 -0.049715076, 0.41029942, 0.91059476, -2.7106264;
 0.055103432, -0.90920669, 0.41268241, -1.5535529;
 0, 0, 0, 1]
Ow:
[1.2840496;
 -0.20582294;
 3.1396098]
Keyframe: 1 Frame: 454 Frame from vFrameID : 68
Tcw:
[0.99523807, -0.072516538, 0.065134615, -nan;
 0.089177601, 0.40762651, -0.90878379, -nan;
 0.039351258, 0.91026479, 0.41215226, inf;
 0, 0, 0, 1]
Twc:
[0.99523807, 0.089177601, 0.039351258, -inf;
 -0.072516538, 0.40762651, 0.91026479, -inf;
 0.065134615, -0.90878379, 0.41215226, -inf;
 0, 0, 0, 1]
Ow:
[-nan;
 -nan;
 inf]
