Keyframe: 0 Frame: 0 Frame from vFrameID : 68
Tcw:
[0.99678087, -0.070403285, 0.038357541, 1.216634;
 0.063848943, 0.40771571, -0.91087389, -0.19911826;
 0.048489541, 0.91039073, 0.41089839, 2.987272;
 0, 0, 0, 1]
Twc:
[0.99678087, 0.063848943, 0.048489541, -1.3448554;
 -0.070403285, 0.40771571, 0.91039073, -2.5527461;
 0.038357541, -0.91087389, 0.41089839, -1.4555039;
 0, 0, 0, 1]
Ow:
[1.216634;
 -0.19911826;
 2.987272]
Keyframe: 1 Frame: 433 Frame from vFrameID : 68
Tcw:
[0.99527651, -0.066592768, 0.070640281, 0.17728077;
 0.090858333, 0.38264251, -0.91941804, -0.077657416;
 0.034196615, 0.92149341, 0.38688561, 0.36082584;
 0, 0, 0, 1]
Twc:
[0.99527651, 0.090858333, 0.034196615, -0.18172657;
 -0.066592768, 0.38264251, 0.92149341, -0.29097798;
 0.070640281, -0.91941804, 0.38688561, -0.2235211;
 0, 0, 0, 1]
Ow:
[0.17728077;
 -0.077657416;
 0.36082584]
