Keyframe: 0 Frame: 0 Frame from vFrameID : 68
Tcw:
[0.99553782, -0.049869388, 0.080109157, 1.2282956;
 0.093418978, 0.40105763, -0.91127694, -0.19523978;
 0.013316434, 0.91469437, 0.40392679, 3.0254157;
 0, 0, 0, 1]
Twc:
[0.99553782, 0.093418978, 0.013316434, -1.2448634;
 -0.049869388, 0.40105763, 0.91469437, -2.627774;
 0.080109157, -0.91127694, 0.40392679, -1.4983617;
 0, 0, 0, 1]
Ow:
[1.2282956;
 -0.19523978;
 3.0254157]
Keyframe: 1 Frame: 438 Frame from vFrameID : 68
Tcw:
[0.99558783, -0.032779418, 0.087922804, 0.03165343;
 0.093491018, 0.42661506, -0.89958823, -0.0059838109;
 -0.0080212122, 0.90383911, 0.42779732, 0.080711365;
 0, 0, 0, 1]
Twc:
[0.99558783, 0.093491018, -0.0080212122, -0.030306933;
 -0.032779418, 0.42661506, 0.90383911, -0.06935972;
 0.087922804, -0.89958823, 0.42779732, -0.042694129;
 0, 0, 0, 1]
Ow:
[0.03165343;
 -0.0059838109;
 0.080711365]
