Keyframe: 0 Frame: 0 Frame from vFrameID : 68
Tcw:
[0.99702978, -0.046979208, 0.061029125, 0.37125358;
 0.074747354, 0.39930329, -0.91376674, -0.02796334;
 0.018558906, 0.91561443, 0.40162885, 0.75057817;
 0, 0, 0, 1]
Twc:
[0.99702978, 0.074747354, 0.018558906, -0.38199061;
 -0.046979208, 0.39930329, 0.91561443, -0.65863317;
 0.061029125, -0.91376674, 0.40162885, -0.34966311;
 0, 0, 0, 1]
Ow:
[0.37125358;
 -0.02796334;
 0.75057817]
Keyframe: 1 Frame: 154 Frame from vFrameID : 68
Tcw:
[0.99796784, -0.047010981, 0.043014046, 0.015395656;
 0.058060016, 0.39274001, -0.91781497, -0.0064194817;
 0.026254047, 0.9184472, 0.39467135, 0.032478631;
 0, 0, 0, 1]
Twc:
[0.99796784, 0.058060016, 0.026254047, -0.015844349;
 -0.047010981, 0.39274001, 0.9184472, -0.026584955;
 0.043014046, -0.91781497, 0.39467135, -0.019372512;
 0, 0, 0, 1]
Ow:
[0.015395656;
 -0.0064194817;
 0.032478631]
