Keyframe: 0 Frame: 0 Frame from vFrameID : 68
Tcw:
[0.99310195, -0.09523882, 0.068396091, 1.9116614;
 0.10043274, 0.38988516, -0.91537035, -0.29395556;
 0.06051217, 0.91592526, 0.39676082, 4.843317;
 0, 0, 0, 1]
Twc:
[0.99310195, 0.10043274, 0.06051217, -2.1620317;
 -0.09523882, 0.38988516, 0.91592526, -4.1394434;
 0.068396091, -0.91537035, 0.39676082, -2.3214669;
 0, 0, 0, 1]
Ow:
[1.9116614;
 -0.29395556;
 4.843317]
Keyframe: 1 Frame: 702 Frame from vFrameID : 68
Tcw:
[0.9931885, -0.091308631, 0.072383255, 0.24290082;
 0.10122999, 0.36856225, -0.92407489, -0.039197043;
 0.057698272, 0.9251079, 0.37529498, 0.62648815;
 0, 0, 0, 1]
Twc:
[0.9931885, 0.10122999, 0.057698272, -0.27342567;
 -0.091308631, 0.36856225, 0.9251079, -0.5429436;
 0.072383255, -0.92407489, 0.37529498, -0.28892079;
 0, 0, 0, 1]
Ow:
[0.24290082;
 -0.039197043;
 0.62648815]
