Keyframe: 0 Frame: 0 Frame from vFrameID : 68
Tcw:
[0.988904, -0.14755398, 0.017224964, 1.677941;
 0.072956271, 0.38137433, -0.92153728, -0.27155757;
 0.12940733, 0.91256857, 0.38790759, 4.1109695;
 0, 0, 0, 1]
Twc:
[0.988904, 0.072956271, 0.12940733, -2.1715004;
 -0.14755398, 0.38137433, 0.91256857, -3.4003899;
 0.017224964, -0.92153728, 0.38790759, -1.8738294;
 0, 0, 0, 1]
Ow:
[1.677941;
 -0.27155757;
 4.1109695]
Keyframe: 1 Frame: 596 Frame from vFrameID : 68
Tcw:
[0.98793977, -0.15436688, 0.012079992, 0.032399833;
 0.072015569, 0.38902569, -0.91840774, -0.0073347036;
 0.13707231, 0.90820146, 0.39545077, 0.079590395;
 0, 0, 0, 1]
Twc:
[0.98793977, 0.072015569, 0.13707231, -0.04239051;
 -0.15436688, 0.38902569, 0.90820146, -0.064429268;
 0.012079992, -0.91840774, 0.39545077, -0.038601723;
 0, 0, 0, 1]
Ow:
[0.032399833;
 -0.0073347036;
 0.079590395]
