Keyframe: 0 Frame: 0 Frame from vFrameID : 68
Tcw:
[0.99745351, -0.038891848, 0.059782621, 0.86296189;
 0.06959568, 0.34757105, -0.9350673, -0.1217255;
 0.015587785, 0.93684673, 0.34939268, 1.9934012;
 0, 0, 0, 1]
Twc:
[0.99745351, 0.06959568, 0.015587785, -0.88336545;
 -0.038891848, 0.34757105, 0.93684673, -1.7916409;
 0.059782621, -0.9350673, 0.34939268, -0.86189139;
 0, 0, 0, 1]
Ow:
[0.86296189;
 -0.1217255;
 1.9934012]
Keyframe: 1 Frame: 302 Frame from vFrameID : 68
Tcw:
[0.99841046, -0.015930412, 0.054062121, 0.0042028981;
 0.056237534, 0.34488255, -0.93695962, -0.0066676303;
 -0.0037189298, 0.93851066, 0.34523025, 0.025685335;
 0, 0, 0, 1]
Twc:
[0.99841046, 0.056237534, -0.0037189298, -0.003725725;
 -0.015930412, 0.34488255, 0.93851066, -0.021739457;
 0.054062121, -0.93695962, 0.34523025, -0.015341872;
 0, 0, 0, 1]
Ow:
[0.0042028981;
 -0.0066676303;
 0.025685335]
