Keyframe: 0 Frame: 0 Frame from vFrameID : 68
Tcw:
[0.98662609, -0.125783, 0.10367064, 2.1254582;
 0.14746018, 0.41774812, -0.89651662, -0.31697869;
 0.069458328, 0.89981395, 0.43070918, 5.5113358;
 0, 0, 0, 1]
Twc:
[0.98662609, 0.14746018, 0.069458328, -2.433099;
 -0.125783, 0.41774812, 0.89981395, -4.559413;
 0.10367064, -0.89651662, 0.43070918, -2.8783069;
 0, 0, 0, 1]
Ow:
[2.1254582;
 -0.31697869;
 5.5113358]
Keyframe: 1 Frame: 803 Frame from vFrameID : 68
Tcw:
[0.98581755, -0.097825423, 0.13635954, 0.019108238;
 0.16541933, 0.42946851, -0.88780248, -0.0025190003;
 0.028287522, 0.89776778, 0.43955979, 0.054189451;
 0, 0, 0, 1]
Twc:
[0.98581755, 0.16541933, 0.028287522, -0.01995343;
 -0.097825423, 0.42946851, 0.89776778, -0.045698442;
 0.13635954, -0.88780248, 0.43955979, -0.028661473;
 0, 0, 0, 1]
Ow:
[0.019108238;
 -0.0025190003;
 0.054189451]
