Keyframe: 0 Frame: 0 Frame from vFrameID : 68
Tcw:
[0.99692154, -0.038543168, 0.068277523, 0.87378049;
 0.077751771, 0.37378559, -0.92425048, -0.12304497;
 0.010102387, 0.92671394, 0.37563172, 2.0399072;
 0, 0, 0, 1]
Twc:
[0.99692154, 0.077751771, 0.010102387, -0.88213158;
 -0.038543168, 0.37378559, 0.92671394, -1.8107398;
 0.068277523, -0.92425048, 0.37563172, -0.93963784;
 0, 0, 0, 1]
Ow:
[0.87378049;
 -0.12304497;
 2.0399072]
Keyframe: 1 Frame: 308 Frame from vFrameID : 68
Tcw:
[0.99548876, -0.056318618, 0.076356679, 0.086646892;
 0.092044272, 0.37797585, -0.92122859, -0.010956593;
 0.023021339, 0.92410088, 0.38145453, 0.19879335;
 0, 0, 0, 1]
Twc:
[0.99548876, 0.092044272, 0.023021339, -0.089824006;
 -0.056318618, 0.37797585, 0.92410088, -0.17468396;
 0.076356679, -0.92122859, 0.38145453, -0.092540212;
 0, 0, 0, 1]
Ow:
[0.086646892;
 -0.010956593;
 0.19879335]
