Keyframe: 0 Frame: 0 Frame from vFrameID : 68
Tcw:
[0.99465591, -0.026017459, 0.09991353, 1.2386812;
 0.10166825, 0.41532451, -0.90397406, -0.20327473;
 -0.017977428, 0.90930116, 0.41575012, 3.0564554;
 0, 0, 0, 1]
Twc:
[0.99465591, 0.10166825, -0.017977428, -1.1564478;
 -0.026017459, 0.41532451, 0.90930116, -2.6625862;
 0.09991353, -0.90397406, 0.41575012, -1.5782378;
 0, 0, 0, 1]
Ow:
[1.2386812;
 -0.20327473;
 3.0564554]
Keyframe: 1 Frame: 443 Frame from vFrameID : 68
Tcw:
[0.99416685, -0.025408329, 0.10481735, 0.012859983;
 0.10595091, 0.4117921, -0.9050976, -0.0031816699;
 -0.020165943, 0.91092354, 0.41208211, 0.034555342;
 0, 0, 0, 1]
Twc:
[0.99416685, 0.10595091, -0.020165943, -0.011751028;
 -0.025408329, 0.4117921, 0.91092354, -0.029840335;
 0.10481735, -0.9050976, 0.41208211, -0.018467309;
 0, 0, 0, 1]
Ow:
[0.012859983;
 -0.0031816699;
 0.034555342]
