Keyframe: 0 Frame: 0 Frame from vFrameID : 68
Tcw:
[0.99191481, -0.12305668, 0.031017244, 1.6613996;
 0.076513954, 0.38491568, -0.91977471, -0.26732588;
 0.1012454, 0.91471142, 0.39121911, 4.0793276;
 0, 0, 0, 1]
Twc:
[0.99191481, 0.076513954, 0.1012454, -2.0405259;
 -0.12305668, 0.38491568, 0.91471142, -3.424063;
 0.031017244, -0.91977471, 0.39121911, -1.8933223;
 0, 0, 0, 1]
Ow:
[1.6613996;
 -0.26732588;
 4.0793276]
Keyframe: 1 Frame: 590 Frame from vFrameID : 68
Tcw:
[0.99215299, -0.12498471, 0.0033621406, 0.039896801;
 0.047065124, 0.3484292, -0.93615276, 0.014306096;
 0.11583331, 0.92896497, 0.35157749, 0.095752768;
 0, 0, 0, 1]
Twc:
[0.99215299, 0.047065124, 0.11583331, -0.051348407;
 -0.12498471, 0.3484292, 0.92896497, -0.088949136;
 0.0033621406, -0.93615276, 0.35157749, -0.020405965;
 0, 0, 0, 1]
Ow:
[0.039896801;
 0.014306096;
 0.095752768]
