Keyframe: 0 Frame: 0 Frame from vFrameID : 68
Tcw:
[0.99471635, -0.094685122, 0.039674763, 1.7786156;
 0.073134325, 0.38234854, -0.92111939, -0.2788322;
 0.072046719, 0.91915417, 0.38725308, 4.393919;
 0, 0, 0, 1]
Twc:
[0.99471635, 0.073134325, 0.072046719, -2.0653934;
 -0.094685122, 0.38234854, 0.91915417, -3.7636693;
 0.039674763, -0.92111939, 0.38725308, -2.0289626;
 0, 0, 0, 1]
Ow:
[1.7786156;
 -0.2788322;
 4.393919]
Keyframe: 1 Frame: 639 Frame from vFrameID : 68
Tcw:
[0.99349087, -0.097318888, 0.059202641, 0.01048749;
 0.09415964, 0.4091025, -0.90761727, 0.019191645;
 0.064108349, 0.90728396, 0.4156031, 0.032626171;
 0, 0, 0, 1]
Twc:
[0.99349087, 0.09415964, 0.064108349, -0.014317915;
 -0.097318888, 0.4091025, 0.90728396, -0.036431924;
 0.059202641, -0.90761727, 0.4156031, 0.0032382426;
 0, 0, 0, 1]
Ow:
[0.01048749;
 0.019191645;
 0.032626171]
