Keyframe: 0 Frame: 0 Frame from vFrameID : 68
Tcw:
[0.98412555, -0.17083304, 0.048093572, 2.2543085;
 0.11894479, 0.43377107, -0.89313763, -0.3358295;
 0.1317158, 0.88468003, 0.44720489, 5.8390269;
 0, 0, 0, 1]
Twc:
[0.98412555, 0.11894479, 0.1317158, -2.9476695;
 -0.17083304, 0.43377107, 0.88468003, -4.6348867;
 0.048093572, -0.89313763, 0.44720489, -3.0196009;
 0, 0, 0, 1]
Ow:
[2.2543085;
 -0.3358295;
 5.8390269]
Keyframe: 1 Frame: 870 Frame from vFrameID : 68
Tcw:
[0.98031849, -0.19034667, 0.052381348, 0.071713947;
 0.13468052, 0.45079944, -0.88240635, -0.00680691;
 0.14434963, 0.87209404, 0.46756303, 0.18097466;
 0, 0, 0, 1]
Twc:
[0.98031849, 0.13468052, 0.14434963, -0.095509373;
 -0.19034667, 0.45079944, 0.87209404, -0.14110786;
 0.052381348, -0.88240635, 0.46756303, -0.094379991;
 0, 0, 0, 1]
Ow:
[0.071713947;
 -0.00680691;
 0.18097466]
