Keyframe: 0 Frame: 0 Frame from vFrameID : 68
Tcw:
[0.99178493, -0.076227769, 0.10272301, 1.858753;
 0.1251491, 0.41209057, -0.90250707, -0.29090238;
 0.026464915, 0.90794861, 0.41824505, 4.723495;
 0, 0, 0, 1]
Twc:
[0.99178493, 0.1251491, 0.026464915, -1.932084;
 -0.076227769, 0.41209057, 0.90794861, -4.0271239;
 0.10272301, -0.90250707, 0.41824505, -2.4290566;
 0, 0, 0, 1]
Ow:
[1.858753;
 -0.29090238;
 4.723495]
Keyframe: 1 Frame: 684 Frame from vFrameID : 68
Tcw:
[0.99163646, -0.1125199, 0.063217588, 0.048545714;
 0.10396721, 0.40619975, -0.9078505, -0.013329312;
 0.076472282, 0.90683019, 0.41450086, 0.11311962;
 0, 0, 0, 1]
Twc:
[0.99163646, 0.10396721, 0.076472282, -0.055404402;
 -0.1125199, 0.40619975, 0.90683019, -0.091703571;
 0.063217588, -0.9078505, 0.41450086, -0.062058147;
 0, 0, 0, 1]
Ow:
[0.048545714;
 -0.013329312;
 0.11311962]
