Keyframe: 0 Frame: 0 Frame from vFrameID : 68
Tcw:
[0.99689794, -0.046559375, 0.063456208, 1.1397095;
 0.077416234, 0.43477419, -0.89720571, -0.19292855;
 0.014184215, 0.89933509, 0.43702996, 2.8358579;
 0, 0, 0, 1]
Twc:
[0.99689794, 0.077416234, 0.014184215, -1.1614628;
 -0.046559375, 0.43477419, 0.89933509, -2.4134421;
 0.063456208, -0.89720571, 0.43702996, -1.4847732;
 0, 0, 0, 1]
Ow:
[1.1397095;
 -0.19292855;
 2.8358579]
Keyframe: 1 Frame: 413 Frame from vFrameID : 68
Tcw:
[0.99627501, -0.063703179, 0.05812104, 0.079399072;
 0.080309749, 0.43993643, -0.8944307, -0.010476731;
 0.031408515, 0.89576662, 0.44341365, 0.19865178;
 0, 0, 0, 1]
Twc:
[0.99627501, 0.080309749, 0.031408515, -0.084501281;
 -0.063703179, 0.43993643, 0.89576662, -0.16827856;
 0.05812104, -0.8944307, 0.44341365, -0.10207038;
 0, 0, 0, 1]
Ow:
[0.079399072;
 -0.010476731;
 0.19865178]
