Keyframe: 0 Frame: 0 Frame from vFrameID : 68
Tcw:
[0.99449629, -0.050774883, 0.091646001, 1.3428202;
 0.10459621, 0.43056509, -0.8964783, -0.21721756;
 0.0060590128, 0.9011302, 0.43350625, 3.3247654;
 0, 0, 0, 1]
Twc:
[0.99449629, 0.10459621, 0.0060590128, -1.3328544;
 -0.050774883, 0.43056509, 0.9011302, -2.8343387;
 0.091646001, -0.8964783, 0.43350625, -1.7591016;
 0, 0, 0, 1]
Ow:
[1.3428202;
 -0.21721756;
 3.3247654]
Keyframe: 1 Frame: 479 Frame from vFrameID : 68
Tcw:
[0.9954828, -0.05149918, 0.079761043, 0.053897914;
 0.094106451, 0.4240123, -0.90075386, -0.0092757419;
 0.012568424, 0.90419102, 0.42694336, 0.13404337;
 0, 0, 0, 1]
Twc:
[0.9954828, 0.094106451, 0.012568424, -0.054466251;
 -0.05149918, 0.4240123, 0.90419102, -0.11449209;
 0.079761043, -0.90075386, 0.42694336, -0.069883049;
 0, 0, 0, 1]
Ow:
[0.053897914;
 -0.0092757419;
 0.13404337]
