Keyframe: 0 Frame: 0 Frame from vFrameID : 68
Tcw:
[0.99191713, -0.054961555, 0.11436605, 2.1769876;
 0.12688708, 0.43094787, -0.89341122, -0.32883573;
 -0.0001825384, 0.90070146, 0.4344385, 5.6427865;
 0, 0, 0, 1]
Twc:
[0.99191713, 0.12688708, -0.0001825384, -2.1166363;
 -0.054961555, 0.43094787, 0.90070146, -4.8211045;
 0.11436605, -0.89341122, 0.4344385, -2.9942026;
 0, 0, 0, 1]
Ow:
[2.1769876;
 -0.32883573;
 5.6427865]
Keyframe: 1 Frame: 833 Frame from vFrameID : 68
Tcw:
[0.99063116, -0.059446286, 0.12294728, 0.045973852;
 0.13656059, 0.43812466, -0.88848072, -0.0081597157;
 -0.0010493535, 0.89694643, 0.44213796, 0.12208522;
 0, 0, 0, 1]
Twc:
[0.99063116, 0.13656059, -0.0010493535, -0.044300724;
 -0.059446286, 0.43812466, 0.89694643, -0.10319596;
 0.12294728, -0.88848072, 0.44213796, -0.066880621;
 0, 0, 0, 1]
Ow:
[0.045973852;
 -0.0081597157;
 0.12208522]
