Keyframe: 0 Frame: 0 Frame from vFrameID : 68
Tcw:
[0.99247235, -0.11606219, 0.039092809, 1.5786045;
 0.079746462, 0.37018654, -0.92552817, -0.25900149;
 0.0929472, 0.92167866, 0.37665543, 3.8778222;
 0, 0, 0, 1]
Twc:
[0.99247235, 0.079746462, 0.0929472, -1.9064995;
 -0.11606219, 0.37018654, 0.92167866, -3.2950106;
 0.039092809, -0.92552817, 0.37665543, -1.762028;
 0, 0, 0, 1]
Ow:
[1.5786045;
 -0.25900149;
 3.8778222]
Keyframe: 1 Frame: 559 Frame from vFrameID : 68
Tcw:
[0.99255586, -0.11070636, 0.050764307, 0.014781363;
 0.090371989, 0.39005506, -0.91634595, -0.0025624074;
 0.081644446, 0.91411221, 0.39715618, 0.036798604;
 0, 0, 0, 1]
Twc:
[0.99255586, 0.090371989, 0.081644446, -0.01744416;
 -0.11070636, 0.39005506, 0.91411221, -0.031002183;
 0.050764307, -0.91634595, 0.39715618, -0.017713211;
 0, 0, 0, 1]
Ow:
[0.014781363;
 -0.0025624074;
 0.036798604]
