Keyframe: 0 Frame: 0 Frame from vFrameID : 68
Tcw:
[0.99466884, -0.070623927, 0.075140744, 0.66907245;
 0.097062297, 0.39511472, -0.91348958, -0.088066161;
 0.034825008, 0.91591299, 0.39986324, 1.5508635;
 0, 0, 0, 1]
Twc:
[0.99466884, 0.097062297, 0.034825008, -0.71096641;
 -0.070623927, 0.39511472, 0.91591299, -1.3384072;
 0.075140744, -0.91348958, 0.39986324, -0.75085545;
 0, 0, 0, 1]
Ow:
[0.66907245;
 -0.088066161;
 1.5508635]
Keyframe: 1 Frame: 249 Frame from vFrameID : 68
Tcw:
[0.93647867, 0.18661086, 0.29695809, -0.45061564;
 0.11223314, 0.64272666, -0.7578299, 0.95141196;
 -0.33228219, 0.74302006, 0.58095586, 0.75640416;
 0, 0, 0, 1]
Twc:
[0.93647867, 0.11223314, -0.33228219, 0.56655157;
 0.18661086, 0.64272666, 0.74302006, -1.0894315;
 0.29695809, -0.7578299, 0.58095586, 0.41538498;
 0, 0, 0, 1]
Ow:
[-0.45061564;
 0.95141196;
 0.75640416]
