Keyframe: 0 Frame: 0 Frame from vFrameID : 68
Tcw:
[0.99603379, -0.066078059, 0.059585419, 0.84122491;
 0.080207206, 0.37690827, -0.92277133, -0.11875951;
 0.038516704, 0.92389059, 0.38071331, 1.9296132;
 0, 0, 0, 1]
Twc:
[0.99603379, 0.080207206, 0.038516704, -0.90268528;
 -0.066078059, 0.37690827, 0.92389059, -1.6824036;
 0.059585419, -0.92277133, 0.38071331, -0.89434206;
 0, 0, 0, 1]
Ow:
[0.84122491;
 -0.11875951;
 1.9296132]
Keyframe: 1 Frame: 296 Frame from vFrameID : 68
Tcw:
[0.99603808, -0.059610046, 0.065990597, 0.0595854;
 0.083237916, 0.36377591, -0.92775995, -0.0095130242;
 0.031298026, 0.92957717, 0.36729649, 0.13285263;
 0, 0, 0, 1]
Twc:
[0.99603808, 0.083237916, 0.031298026, -0.062715508;
 -0.059610046, 0.36377591, 0.92957717, -0.11648427;
 0.065990597, -0.92775995, 0.36729649, -0.061554182;
 0, 0, 0, 1]
Ow:
[0.0595854;
 -0.0095130242;
 0.13285263]
