Keyframe: 0 Frame: 0 Frame from vFrameID : 68
Tcw:
[0.99038869, -0.042998925, 0.13145864, 2.1867685;
 0.13739434, 0.41517028, -0.89930886, -0.32662868;
 -0.015908403, 0.90872699, 0.41708773, 5.6909685;
 0, 0, 0, 1]
Twc:
[0.99038869, 0.13739434, -0.015908403, -2.0303397;
 -0.042998925, 0.41517028, 0.90872699, -4.9419017;
 0.13145864, -0.89930886, 0.41708773, -2.954843;
 0, 0, 0, 1]
Ow:
[2.1867685;
 -0.32662868;
 5.6909685]
Keyframe: 1 Frame: 843 Frame from vFrameID : 68
Tcw:
[0.48328778, 0.86717266, 0.12018544, 0.22835574;
 -0.34691024, 0.31573853, -0.88315481, 0.092932403;
 -0.80379492, 0.38512439, 0.45342362, 0.93394953;
 0, 0, 0, 1]
Twc:
[0.48328778, -0.34691024, -0.80379492, 0.67258155;
 0.86717266, 0.31573853, 0.38512439, -0.58705288;
 0.12018544, -0.88315481, 0.45342362, -0.36884615;
 0, 0, 0, 1]
Ow:
[0.22835574;
 0.092932403;
 0.93394953]
