Keyframe: 0 Frame: 0 Frame from vFrameID : 68
Tcw:
[0.98867476, -0.11561761, 0.095680736, 2.0687947;
 0.13549036, 0.41350374, -0.90036494, -0.30692697;
 0.064533696, 0.9031319, 0.42448577, 5.3220477;
 0, 0, 0, 1]
Twc:
[0.98867476, 0.13549036, 0.064533696, -2.3472309;
 -0.11561761, 0.41350374, 0.9031319, -4.4404068;
 0.095680736, -0.90036494, 0.42448577, -2.7334237;
 0, 0, 0, 1]
Ow:
[2.0687947;
 -0.30692697;
 5.3220477]
Keyframe: 1 Frame: 768 Frame from vFrameID : 68
Tcw:
[0.9879024, -0.10271982, 0.11617862, 0.021477774;
 0.14810643, 0.40287149, -0.90319383, -0.0058507025;
 0.045970853, 0.90947413, 0.41321117, 0.059966221;
 0, 0, 0, 1]
Twc:
[0.9879024, 0.14810643, 0.045970853, -0.023108115;
 -0.10271982, 0.40287149, 0.90947413, -0.049974456;
 0.11617862, -0.90319383, 0.41321117, -0.032558288;
 0, 0, 0, 1]
Ow:
[0.021477774;
 -0.0058507025;
 0.059966221]
