Keyframe: 0 Frame: 0 Frame from vFrameID : 68
Tcw:
[0.99012756, -0.11542779, 0.079522207, 2.3311052;
 0.12366247, 0.45224068, -0.88328135, -0.34519076;
 0.065992035, 0.88439518, 0.46205005, 6.0566239;
 0, 0, 0, 1]
Twc:
[0.99012756, 0.12366247, 0.065992035, -2.6650934;
 -0.11542779, 0.45224068, 0.88439518, -4.9312654;
 0.079522207, -0.88328135, 0.46205005, -3.2887387;
 0, 0, 0, 1]
Ow:
[2.3311052;
 -0.34519076;
 6.0566239]
Keyframe: 1 Frame: 913 Frame from vFrameID : 68
Tcw:
[0.98972183, -0.11245644, 0.088341512, 0.02513507;
 0.12893644, 0.43452457, -0.89138305, -0.0037002936;
 0.061855208, 0.89361173, 0.4445582, 0.065388203;
 0, 0, 0, 1]
Twc:
[0.98972183, 0.12893644, 0.061855208, -0.028444229;
 -0.11245644, 0.43452457, 0.89361173, -0.053997196;
 0.088341512, -0.89138305, 0.4445582, -0.034587711;
 0, 0, 0, 1]
Ow:
[0.02513507;
 -0.0037002936;
 0.065388203]
