Keyframe: 0 Frame: 0 Frame from vFrameID : 68
Tcw:
[0.99194616, -0.1135672, 0.056083351, 1.9026191;
 0.097104006, 0.39756447, -0.9124217, -0.294505;
 0.081324421, 0.91051906, 0.40539035, 4.8036742;
 0, 0, 0, 1]
Twc:
[0.99194616, 0.097104006, 0.081324421, -2.2493541;
 -0.1135672, 0.39756447, 0.91051906, -4.0406775;
 0.056083351, -0.9124217, 0.40539035, -2.3227813;
 0, 0, 0, 1]
Ow:
[1.9026191;
 -0.294505;
 4.8036742]
Keyframe: 1 Frame: 695 Frame from vFrameID : 68
Tcw:
[0.99174494, -0.10577253, 0.072485596, 0.30519268;
 0.10850593, 0.39104444, -0.91395336, -0.052493364;
 0.068326063, 0.91427374, 0.39929327, 0.77877659;
 0, 0, 0, 1]
Twc:
[0.99174494, 0.10850593, 0.068326063, -0.3501882;
 -0.10577253, 0.39104444, 0.91427374, -0.65920675;
 0.072485596, -0.91395336, 0.39929327, -0.38105881;
 0, 0, 0, 1]
Ow:
[0.30519268;
 -0.052493364;
 0.77877659]
