Keyframe: 0 Frame: 0 Frame from vFrameID : 68
Tcw:
[0.99670845, -0.068954058, 0.042633109, 1.4742376;
 0.067450389, 0.41359907, -0.9079572, -0.23419654;
 0.044974316, 0.90784425, 0.41688868, 3.6187472;
 0, 0, 0, 1]
Twc:
[0.99670845, 0.067450389, 0.044974316, -1.6163392;
 -0.068954058, 0.41359907, 0.90784425, -3.0867407;
 0.042633109, -0.9079572, 0.41688868, -1.7841065;
 0, 0, 0, 1]
Ow:
[1.4742376;
 -0.23419654;
 3.6187472]
Keyframe: 1 Frame: 521 Frame from vFrameID : 68
Tcw:
[0.99686736, -0.073854052, 0.028302383, 0.02466283;
 0.056525607, 0.41497922, -0.90807331, -0.0056678709;
 0.055319987, 0.90682846, 0.41785389, 0.0528198;
 0, 0, 0, 1]
Twc:
[0.99686736, 0.056525607, 0.055319987, -0.027187182;
 -0.073854052, 0.41497922, 0.90682846, -0.043724999;
 0.028302383, -0.90807331, 0.41785389, -0.027915817;
 0, 0, 0, 1]
Ow:
[0.02466283;
 -0.0056678709;
 0.0528198]
