Keyframe: 0 Frame: 0 Frame from vFrameID : 68
Tcw:
[0.99711418, -0.059511662, 0.047135115, 0.9767375;
 0.065970488, 0.37200126, -0.92588496, -0.15351766;
 0.037566632, 0.92632252, 0.37485373, 2.3441436;
 0, 0, 0, 1]
Twc:
[0.99711418, 0.065970488, 0.037566632, -1.0518527;
 -0.059511662, 0.37200126, 0.92632252, -2.0561972;
 0.047135115, -0.92588496, 0.37485373, -1.0668894;
 0, 0, 0, 1]
Ow:
[0.9767375;
 -0.15351766;
 2.3441436]
Keyframe: 1 Frame: 345 Frame from vFrameID : 68
Tcw:
[0.84310216, -0.5290007, 0.096628338, 0.23528458;
 0.11398543, 0.00019435179, -0.99348241, -0.27158335;
 0.52553409, 0.84862137, 0.060462233, 0.39943486;
 0, 0, 0, 1]
Twc:
[0.84310216, 0.11398543, 0.52553409, -0.37732902;
 -0.5290007, 0.00019435179, 0.84862137, -0.21445048;
 0.096628338, -0.99348241, 0.060462233, -0.31669915;
 0, 0, 0, 1]
Ow:
[0.23528458;
 -0.27158335;
 0.39943486]
