Keyframe: 0 Frame: 0 Frame from vFrameID : 68
Tcw:
[0.99561125, 0.0050228122, 0.093450382, 0.44239765;
 0.084549055, 0.37981221, -0.92119169, -0.04403457;
 -0.040120568, 0.92504996, 0.37772065, 0.98200071;
 0, 0, 0, 1]
Twc:
[0.99561125, 0.084549055, -0.040120568, -0.39733458;
 0.0050228122, 0.37981221, 0.92504996, -0.89389694;
 0.093450382, -0.92119169, 0.37772065, -0.45282844;
 0, 0, 0, 1]
Ow:
[0.44239765;
 -0.04403457;
 0.98200071]
Keyframe: 1 Frame: 183 Frame from vFrameID : 68
Tcw:
[0.99462837, 0.096795425, -0.036674373, 0.13394274;
 -0.068500705, 0.34989908, -0.93427956, -0.037835009;
 -0.077601656, 0.93177319, 0.35465011, 0.15437996;
 0, 0, 0, 1]
Twc:
[0.99462837, -0.068500705, -0.077601656, -0.12383483;
 0.096795425, 0.34989908, 0.93177319, -0.14357372;
 -0.036674373, -0.93427956, 0.35465011, -0.085187078;
 0, 0, 0, 1]
Ow:
[0.13394274;
 -0.037835009;
 0.15437996]
