Keyframe: 0 Frame: 0 Frame from vFrameID : 68
Tcw:
[0.99792916, -0.035932876, 0.053350404, 0.40430489;
 0.063415371, 0.41077486, -0.90952873, -0.030934602;
 0.010766977, 0.91102844, 0.41220289, 0.83384609;
 0, 0, 0, 1]
Twc:
[0.99792916, 0.063415371, 0.010766977, -0.4104839;
 -0.035932876, 0.41077486, 0.91102844, -0.73242247;
 0.053350404, -0.90952873, 0.41220289, -0.39341947;
 0, 0, 0, 1]
Ow:
[0.40430489;
 -0.030934602;
 0.83384609]
Keyframe: 1 Frame: 168 Frame from vFrameID : 68
Tcw:
[0.99697769, -0.017426992, 0.075708292, 0.013190055;
 0.076016888, 0.41987765, -0.90439165, -0.0040054405;
 -0.016027393, 0.90741342, 0.41993338, 0.020909812;
 0, 0, 0, 1]
Twc:
[0.99697769, 0.076016888, -0.016027393, -0.01251058;
 -0.017426992, 0.41987765, 0.90741342, -0.017062185;
 0.075708292, -0.90439165, 0.41993338, -0.013401811;
 0, 0, 0, 1]
Ow:
[0.013190055;
 -0.0040054405;
 0.020909812]
