Keyframe: 0 Frame: 0 Frame from vFrameID : 68
Tcw:
[0.99084109, -0.054432157, 0.12357637, 2.1823833;
 0.13494854, 0.43156901, -0.89192885, -0.32677436;
 -0.0047821165, 0.90043616, 0.43496186, 5.6638207;
 0, 0, 0, 1]
Twc:
[0.99084109, 0.13494854, -0.0047821165, -2.091212;
 -0.054432157, 0.43156901, 0.90043616, -4.8400917;
 0.12357637, -0.89192885, 0.43496186, -3.0246964;
 0, 0, 0, 1]
Ow:
[2.1823833;
 -0.32677436;
 5.6638207]
Keyframe: 1 Frame: 838 Frame from vFrameID : 68
Tcw:
[0.99118847, -0.033031758, 0.12827457, 0.045433968;
 0.12979545, 0.43544227, -0.89081037, -0.0066321157;
 -0.026431143, 0.8996104, 0.43589273, 0.11791741;
 0, 0, 0, 1]
Twc:
[0.99118847, 0.12979545, -0.026431143, -0.041056111;
 -0.033031758, 0.43544227, 0.8996104, -0.10169107;
 0.12827457, -0.89081037, 0.43589273, -0.063135326;
 0, 0, 0, 1]
Ow:
[0.045433968;
 -0.0066321157;
 0.11791741]
