Keyframe: 0 Frame: 0 Frame from vFrameID : 68
Tcw:
[0.9927159, -0.089718059, 0.080410078, 1.9830831;
 0.10945145, 0.39264616, -0.91315353, -0.3031652;
 0.05035365, 0.91530305, 0.39960587, 5.0522308;
 0, 0, 0, 1]
Twc:
[0.9927159, 0.10945145, 0.05035365, -2.1898546;
 -0.089718059, 0.39264616, 0.91530305, -4.3273673;
 0.080410078, -0.91315353, 0.39960587, -2.4551973;
 0, 0, 0, 1]
Ow:
[1.9830831;
 -0.3031652;
 5.0522308]
Keyframe: 1 Frame: 730 Frame from vFrameID : 68
Tcw:
[0.992423, -0.08837115, 0.085364923, 0.047226176;
 0.11357641, 0.39476115, -0.91173685, -0.010053154;
 0.046872482, 0.91452402, 0.40180689, 0.1158352;
 0, 0, 0, 1]
Twc:
[0.992423, 0.11357641, 0.046872482, -0.051156022;
 -0.08837115, 0.39476115, 0.91452402, -0.097792052;
 0.085364923, -0.91173685, 0.40180689, -0.05974067;
 0, 0, 0, 1]
Ow:
[0.047226176;
 -0.010053154;
 0.1158352]
