Keyframe: 0 Frame: 0 Frame from vFrameID : 68
Tcw:
[0.99695259, -0.05331891, 0.056944292, 0.73625517;
 0.073360667, 0.39255771, -0.91679692, -0.09721607;
 0.026528694, 0.91818053, 0.39527294, 1.6868196;
 0, 0, 0, 1]
Twc:
[0.99695259, 0.073360667, 0.026528694, -0.7716288;
 -0.05331891, 0.39255771, 0.91818053, -1.4713857;
 0.056944292, -0.91679692, 0.39527294, -0.7978071;
 0, 0, 0, 1]
Ow:
[0.73625517;
 -0.09721607;
 1.6868196]
Keyframe: 1 Frame: 264 Frame from vFrameID : 68
Tcw:
[0.99573427, -0.057019982, 0.072539613, -0.00083245523;
 0.088666007, 0.37382454, -0.92325163, -0.023110893;
 0.025526706, 0.92574507, 0.37728563, 0.036951635;
 0, 0, 0, 1]
Twc:
[0.99573427, 0.088666007, 0.025526706, 0.0019348016;
 -0.057019982, 0.37382454, 0.92574507, -0.025615841;
 0.072539613, -0.92325163, 0.37728563, -0.035218105;
 0, 0, 0, 1]
Ow:
[-0.00083245523;
 -0.023110893;
 0.036951635]
