Keyframe: 0 Frame: 0 Frame from vFrameID : 68
Tcw:
[0.99716806, -0.06331668, 0.040580988, 0.28405556;
 0.06138112, 0.37343323, -0.92562407, -0.024755806;
 0.043453157, 0.92549372, 0.37626216, 0.54249471;
 0, 0, 0, 1]
Twc:
[0.99716806, 0.06138112, 0.043453157, -0.30530471;
 -0.06331668, 0.37343323, 0.92549372, -0.47484535;
 0.040580988, -0.92562407, 0.37626216, -0.23856205;
 0, 0, 0, 1]
Ow:
[0.28405556;
 -0.024755806;
 0.54249471]
Keyframe: 1 Frame: 133 Frame from vFrameID : 68
Tcw:
[0.99903613, -0.036701646, 0.024079764, 0.0086206282;
 0.037683778, 0.43576193, -0.89927274, -0.0017893347;
 0.022511745, 0.89931339, 0.43672496, 0.010964814;
 0, 0, 0, 1]
Twc:
[0.99903613, 0.037683778, 0.022511745, -0.008791727;
 -0.036701646, 0.43576193, 0.89931339, -0.0087646879;
 0.024079764, -0.89927274, 0.43672496, -0.0066052903;
 0, 0, 0, 1]
Ow:
[0.0086206282;
 -0.0017893347;
 0.010964814]
