Keyframe: 0 Frame: 0 Frame from vFrameID : 68
Tcw:
[0.99634689, -0.070273526, 0.048522972, 1.4080948;
 0.073151872, 0.40913188, -0.90953827, -0.22624338;
 0.044064172, 0.90976518, 0.41277793, 3.4478848;
 0, 0, 0, 1]
Twc:
[0.99634689, 0.073151872, 0.044064172, -1.5383289;
 -0.070273526, 0.40913188, 0.90976518, -2.9452503;
 0.048522972, -0.90953827, 0.41277793, -1.6973126;
 0, 0, 0, 1]
Ow:
[1.4080948;
 -0.22624338;
 3.4478848]
Keyframe: 1 Frame: 497 Frame from vFrameID : 68
Tcw:
[0.99636275, -0.066578396, 0.053184062, 0.014931752;
 0.075004898, 0.38901326, -0.91817373, -0.0057715084;
 0.04044123, 0.91882318, 0.39259204, 0.044371706;
 0, 0, 0, 1]
Twc:
[0.99636275, 0.075004898, 0.04044123, -0.016238997;
 -0.066578396, 0.38901326, 0.91882318, -0.037530426;
 0.053184062, -0.91817373, 0.39259204, -0.023513356;
 0, 0, 0, 1]
Ow:
[0.014931752;
 -0.0057715084;
 0.044371706]
