Keyframe: 0 Frame: 0 Frame from vFrameID : 68
Tcw:
[0.99971467, -0.0045320792, 0.023453943, 0.10355245;
 0.023140823, 0.42735073, -0.9037897, -0.010666192;
 -0.0059270132, 0.90407455, 0.42733365, 0.11822164;
 0, 0, 0, 1]
Twc:
[0.99971467, 0.023140823, -0.0059270132, -0.10257538;
 -0.0045320792, 0.42735073, 0.90407455, -0.10185366;
 0.023453943, -0.9037897, 0.42733365, -0.062588796;
 0, 0, 0, 1]
Ow:
[0.10355245;
 -0.010666192;
 0.11822164]
Keyframe: 1 Frame: 79 Frame from vFrameID : 68
Tcw:
[0.99885738, -0.028835641, 0.038110301, 0.00029018379;
 0.046370033, 0.39183271, -0.91886723, 0.010684726;
 0.011563264, 0.91958451, 0.3927221, 0.055168811;
 0, 0, 0, 1]
Twc:
[0.99885738, 0.046370033, 0.011563264, -0.0014232348;
 -0.028835641, 0.39183271, 0.91958451, -0.054910637;
 0.038110301, -0.91886723, 0.3927221, -0.011859224;
 0, 0, 0, 1]
Ow:
[0.00029018379;
 0.010684726;
 0.055168811]
