Keyframe: 0 Frame: 0 Frame from vFrameID : 68
Tcw:
[0.98937529, -0.11188336, 0.092836939, 1.9511075;
 0.12953363, 0.38844028, -0.91232407, -0.29639173;
 0.066012278, 0.91465634, 0.39880586, 4.9804602;
 0, 0, 0, 1]
Twc:
[0.98937529, 0.12953363, 0.066012278, -2.2207563;
 -0.11188336, 0.38844028, 0.91465634, -4.2219825;
 0.092836939, -0.91232407, 0.39880586, -2.4377768;
 0, 0, 0, 1]
Ow:
[1.9511075;
 -0.29639173;
 4.9804602]
Keyframe: 1 Frame: 720 Frame from vFrameID : 68
Tcw:
[0.99204499, -0.10087629, 0.075304143, 0.018725999;
 0.10849207, 0.3817445, -0.91787833, -0.0049422607;
 0.063845225, 0.91874647, 0.38965201, 0.053778585;
 0, 0, 0, 1]
Twc:
[0.99204499, 0.10849207, 0.063845225, -0.021474343;
 -0.10087629, 0.3817445, 0.91874647, -0.045633197;
 0.075304143, -0.91787833, 0.38965201, -0.026901474;
 0, 0, 0, 1]
Ow:
[0.018725999;
 -0.0049422607;
 0.053778585]
