Keyframe: 0 Frame: 0 Frame from vFrameID : 68
Tcw:
[0.9965257, -0.058189668, 0.059586145, 0.38455719;
 0.077629276, 0.38979074, -0.91762567, -0.0341326;
 0.030170206, 0.91906321, 0.39295372, 0.78176981;
 0, 0, 0, 1]
Twc:
[0.9965257, 0.077629276, 0.030170206, -0.40415758;
 -0.058189668, 0.38979074, 0.91906321, -0.682814;
 0.059586145, -0.91762567, 0.39295372, -0.36143458;
 0, 0, 0, 1]
Ow:
[0.38455719;
 -0.0341326;
 0.78176981]
Keyframe: 1 Frame: 161 Frame from vFrameID : 68
Tcw:
[0.99615192, -0.062224273, 0.061721101, 0.0056328811;
 0.081652619, 0.40300411, -0.91154844, -0.0019614669;
 0.031846579, 0.91308039, 0.40653411, 0.011798693;
 0, 0, 0, 1]
Twc:
[0.99615192, 0.081652619, 0.031846579, -0.0058267945;
 -0.062224273, 0.40300411, 0.91308039, -0.0096321739;
 0.061721101, -0.91154844, 0.40653411, -0.0069322102;
 0, 0, 0, 1]
Ow:
[0.0056328811;
 -0.0019614669;
 0.011798693]
