Keyframe: 0 Frame: 0 Frame from vFrameID : 68
Tcw:
[0.99064302, -0.10169407, 0.091020368, 2.0999212;
 0.12542798, 0.41549784, -0.90090477, -0.31644464;
 0.053797908, 0.9038915, 0.42436531, 5.4085498;
 0, 0, 0, 1]
Twc:
[0.99064302, 0.12542798, 0.053797908, -2.3315499;
 -0.10169407, 0.41549784, 0.9038915, -4.5437107;
 0.091020368, -0.90090477, 0.42436531, -2.7714231;
 0, 0, 0, 1]
Ow:
[2.0999212;
 -0.31644464;
 5.4085498]
Keyframe: 1 Frame: 783 Frame from vFrameID : 68
Tcw:
[0.99212539, -0.097019836, 0.079211138, 0.032137759;
 0.11192999, 0.40299621, -0.90833127, -0.0059598573;
 0.056204364, 0.91004461, 0.41068217, 0.083415389;
 0, 0, 0, 1]
Twc:
[0.99212539, 0.11192999, 0.056204364, -0.035905909;
 -0.097019836, 0.40299621, 0.91004461, -0.070391923;
 0.079211138, -0.90833127, 0.41068217, -0.042216409;
 0, 0, 0, 1]
Ow:
[0.032137759;
 -0.0059598573;
 0.083415389]
