Keyframe: 0 Frame: 0 Frame from vFrameID : 68
Tcw:
[0.98997307, -0.13957006, 0.021760734, 1.7055717;
 0.07366316, 0.37864852, -0.9226045, -0.27944219;
 0.1205283, 0.91495657, 0.385133, 4.1919975;
 0, 0, 0, 1]
Twc:
[0.98997307, 0.07366316, 0.1205283, -2.1731398;
 -0.13957006, 0.37864852, 0.91495657, -3.4916387;
 0.021760734, -0.9226045, 0.385133, -1.9094058;
 0, 0, 0, 1]
Ow:
[1.7055717;
 -0.27944219;
 4.1919975]
Keyframe: 1 Frame: 608 Frame from vFrameID : 68
Tcw:
[0.98972213, -0.13078067, 0.057849064, 0.13706185;
 0.10352815, 0.37620628, -0.92073381, -0.025980979;
 0.098650999, 0.91725963, 0.38587916, 0.33814931;
 0, 0, 0, 1]
Twc:
[0.98972213, 0.10352815, 0.098650999, -0.16632216;
 -0.13078067, 0.37620628, 0.91725963, -0.28247148;
 0.057849064, -0.92073381, 0.38587916, -0.16233523;
 0, 0, 0, 1]
Ow:
[0.13706185;
 -0.025980979;
 0.33814931]
