Keyframe: 0 Frame: 0 Frame from vFrameID : 68
Tcw:
[0.99208188, -0.093220733, 0.084162928, 2.3431792;
 0.11411287, 0.38916549, -0.91407245, -0.34297442;
 0.052457202, 0.91643882, 0.39672172, 6.1133804;
 0, 0, 0, 1]
Twc:
[0.99208188, 0.11411287, 0.052457202, -2.6061788;
 -0.093220733, 0.38916549, 0.91643882, -5.2506323;
 0.084162928, -0.91407245, 0.39672172, -2.9360232;
 0, 0, 0, 1]
Ow:
[2.3431792;
 -0.34297442;
 6.1133804]
Keyframe: 1 Frame: 924 Frame from vFrameID : 68
Tcw:
[0.99112171, -0.089167729, 0.098624907, 0.020711478;
 0.12514704, 0.3751485, -0.91847801, -0.0027227048;
 0.044899609, 0.92266607, 0.38297692, 0.057341922;
 0, 0, 0, 1]
Twc:
[0.99112171, 0.12514704, 0.044899609, -0.022761488;
 -0.089167729, 0.3751485, 0.92266607, -0.050039236;
 0.098624907, -0.91847801, 0.38297692, -0.026504043;
 0, 0, 0, 1]
Ow:
[0.020711478;
 -0.0027227048;
 0.057341922]
