Keyframe: 0 Frame: 0 Frame from vFrameID : 68
Tcw:
[0.9944768, 0.038298577, 0.097719751, 1.065742;
 0.076621249, 0.37138095, -0.92531365, -0.17433918;
 -0.071729451, 0.92769039, 0.36639526, 2.6558826;
 0, 0, 0, 1]
Twc:
[0.9944768, 0.076621249, -0.071729451, -0.85599262;
 0.038298577, 0.37138095, 0.92769039, -2.4399068;
 0.097719751, -0.92531365, 0.36639526, -1.2385652;
 0, 0, 0, 1]
Ow:
[1.065742;
 -0.17433918;
 2.6558826]
Keyframe: 1 Frame: 388 Frame from vFrameID : 68
Tcw:
[0.99319851, 0.037874881, 0.11010096, 0.03984122;
 0.084411845, 0.41708389, -0.90493959, -0.012862623;
 -0.080195814, 0.90807849, 0.41104999, 0.093240879;
 0, 0, 0, 1]
Twc:
[0.99319851, 0.084411845, -0.080195814, -0.031006956;
 0.037874881, 0.41708389, 0.90807849, -0.080814227;
 0.11010096, -0.90493959, 0.41104999, -0.054353118;
 0, 0, 0, 1]
Ow:
[0.03984122;
 -0.012862623;
 0.093240879]
