Keyframe: 0 Frame: 0 Frame from vFrameID : 68
Tcw:
[0.99798644, -0.022909902, 0.059145305, 0.51561606;
 0.063418321, 0.37616679, -0.92437905, -0.051657617;
 -0.0010710671, 0.9262687, 0.37686229, 1.1403919;
 0, 0, 0, 1]
Twc:
[0.99798644, 0.063418321, -0.0010710671, -0.5100804;
 -0.022909902, 0.37616679, 0.9262687, -1.0250647;
 0.059145305, -0.92437905, 0.37686229, -0.5080182;
 0, 0, 0, 1]
Ow:
[0.51561606;
 -0.051657617;
 1.1403919]
Keyframe: 1 Frame: 206 Frame from vFrameID : 68
Tcw:
[0.99752975, -0.023426274, 0.066223875, 0.014923095;
 0.070172906, 0.37509477, -0.9243266, -0.004783445;
 -0.0031867006, 0.9266904, 0.37581208, 0.031070583;
 0, 0, 0, 1]
Twc:
[0.99752975, 0.070172906, -0.0031867006, -0.01445155;
 -0.023426274, 0.37509477, 0.9266904, -0.026648974;
 0.066223875, -0.9243266, 0.37581208, -0.017086431;
 0, 0, 0, 1]
Ow:
[0.014923095;
 -0.004783445;
 0.031070583]
