Keyframe: 0 Frame: 0 Frame from vFrameID : 81
Tcw:
[1, 0, 0, 0;
 0, 1, 0, 0;
 0, 0, 1, 0;
 0, 0, 0, 1]
Twc:
[1, 0, 0, 0;
 0, 1, 0, 0;
 0, 0, 1, 0;
 0, 0, 0, 1]
Ow:
[0;
 0;
 0]
Keyframe: 1 Frame: 80 Frame from vFrameID : 81
Tcw:
[0.99545026, -0.030331651, 0.090326257, -0.033036966;
 0.025457107, 0.9981817, 0.054637667, -0.01659948;
 -0.091819264, -0.052089632, 0.99441236, 0.0069315955;
 0, 0, 0, 1]
Twc:
[0.99545026, 0.025457107, -0.091819264, 0.033945683;
 -0.030331651, 0.9981817, -0.052089632, 0.015928295;
 0.090326257, 0.054637667, 0.99441236, -0.0030018014;
 0, 0, 0, 1]
Ow:
[-0.033036966;
 -0.01659948;
 0.0069315955]
Keyframe: 2 Frame: 81 Frame from vFrameID : 82
Tcw:
[0.99546438, -0.030292461, 0.090183109, -0.032972269;
 0.025415687, 0.99817699, 0.054742232, -0.016657809;
 -0.09167698, -0.052201878, 0.99441957, 0.0069928784;
 0, 0, 0, 1]
Twc:
[0.99546438, 0.025415687, -0.09167698, 0.033887178;
 -0.030292461, 0.99817699, -0.052201878, 0.015993671;
 0.090183109, 0.054742232, 0.99441957, -0.003068428;
 0, 0, 0, 1]
Ow:
[-0.032972269;
 -0.016657809;
 0.0069928784]
Keyframe: 3 Frame: 83 Frame from vFrameID : 84
Tcw:
[0.99544924, -0.025601167, 0.091789722, -0.032236166;
 0.020644546, 0.99829769, 0.054548468, -0.016163686;
 -0.093029968, -0.052405275, 0.9942832, 0.013843719;
 0, 0, 0, 1]
Twc:
[0.99544924, 0.020644546, -0.093029968, 0.033711042;
 -0.025601167, 0.99829769, -0.052405275, 0.016036371;
 0.091789722, 0.054548468, 0.9942832, -0.0099239247;
 0, 0, 0, 1]
Ow:
[-0.032236166;
 -0.016163686;
 0.013843719]
Keyframe: 4 Frame: 85 Frame from vFrameID : 86
Tcw:
[0.99640697, -0.016666461, 0.083038658, -0.031285744;
 0.012282026, 0.99851722, 0.053033739, -0.015633997;
 -0.083799414, -0.051823303, 0.99513417, 0.02138648;
 0, 0, 0, 1]
Twc:
[0.99640697, 0.012282026, -0.083799414, 0.03315752;
 -0.016666461, 0.99851722, -0.051823303, 0.016197709;
 0.083038658, 0.053033739, 0.99513417, -0.017855361;
 0, 0, 0, 1]
Ow:
[-0.031285744;
 -0.015633997;
 0.02138648]
Keyframe: 5 Frame: 87 Frame from vFrameID : 88
Tcw:
[0.99834204, -0.010242761, 0.056641921, -0.032189615;
 0.0072561209, 0.99858481, 0.052684929, -0.017681658;
 -0.057101402, -0.052186575, 0.9970035, 0.030790119;
 0, 0, 0, 1]
Twc:
[0.99834204, 0.0072561209, -0.057101402, 0.034022704;
 -0.010242761, 0.99858481, -0.052186575, 0.018933754;
 0.056641921, 0.052684929, 0.9970035, -0.027943019;
 0, 0, 0, 1]
Ow:
[-0.032189615;
 -0.017681658;
 0.030790119]
Keyframe: 6 Frame: 89 Frame from vFrameID : 90
Tcw:
[0.99922258, 0.0061031803, 0.038948428, -0.031031715;
 -0.0080257338, 0.99874693, 0.049397673, -0.021280108;
 -0.038598143, -0.049671862, 0.99801946, 0.043558523;
 0, 0, 0, 1]
Twc:
[0.99922258, -0.0080257338, -0.038598143, 0.032518078;
 0.0061031803, 0.99874693, -0.049671862, 0.023606468;
 0.038948428, 0.049397673, 0.99801946, -0.041212432;
 0, 0, 0, 1]
Ow:
[-0.031031715;
 -0.021280108;
 0.043558523]
Keyframe: 7 Frame: 92 Frame from vFrameID : 93
Tcw:
[0.99988389, -0.0026452425, 0.015005348, -0.036875974;
 0.0020049741, 0.99909341, 0.042525027, -0.019966515;
 -0.015104233, -0.042490005, 0.99898273, 0.053874671;
 0, 0, 0, 1]
Twc:
[0.99988389, 0.0020049741, -0.015104233, 0.037725464;
 -0.0026452425, 0.99909341, -0.042490005, 0.022140002;
 0.015005348, 0.042525027, 0.99898273, -0.052417453;
 0, 0, 0, 1]
Ow:
[-0.036875974;
 -0.019966515;
 0.053874671]
Keyframe: 8 Frame: 95 Frame from vFrameID : 96
Tcw:
[0.9997614, -0.014978323, 0.015899368, -0.029508052;
 0.015007368, 0.99988592, -0.0017090847, -0.038238354;
 -0.015871955, 0.0019472846, 0.99987215, 0.084252074;
 0, 0, 0, 1]
Twc:
[0.9997614, 0.015007368, -0.015871955, 0.031412113;
 -0.014978323, 0.99988592, 0.0019472846, 0.037627947;
 0.015899368, -0.0017090847, 0.99987215, -0.083837494;
 0, 0, 0, 1]
Ow:
[-0.029508052;
 -0.038238354;
 0.084252074]
Keyframe: 9 Frame: 98 Frame from vFrameID : 99
Tcw:
[0.99989611, -0.014290762, -0.0018943375, -0.016690092;
 0.014280799, 0.99988467, -0.0051725423, -0.054662641;
 0.0019680385, 0.0051449519, 0.9999848, 0.096265465;
 0, 0, 0, 1]
Twc:
[0.99989611, 0.014280799, 0.0019680385, 0.01727953;
 -0.014290762, 0.99988467, 0.0051449519, 0.053922538;
 -0.0018943375, -0.0051725423, 0.9999848, -0.096578367;
 0, 0, 0, 1]
Ow:
[-0.016690092;
 -0.054662641;
 0.096265465]
Keyframe: 10 Frame: 101 Frame from vFrameID : 102
Tcw:
[0.99854606, 0.0146214, -0.051883914, -0.015413938;
 -0.015948715, 0.99955368, -0.025261251, -0.06356106;
 0.051491398, 0.026052006, 0.99833357, 0.11521225;
 0, 0, 0, 1]
Twc:
[0.99854606, -0.015948715, 0.051491398, 0.0084453709;
 0.0146214, 0.99955368, 0.026052006, 0.060756549;
 -0.051883914, -0.025261251, 0.99833357, -0.11742563;
 0, 0, 0, 1]
Ow:
[-0.015413938;
 -0.06356106;
 0.11521225]
Keyframe: 11 Frame: 104 Frame from vFrameID : 105
Tcw:
[0.9976815, 0.0069720582, -0.067697853, -0.011306496;
 -0.009315663, 0.99936593, -0.034364861, -0.068762258;
 0.067415334, 0.034915835, 0.99711388, 0.12859768;
 0, 0, 0, 1]
Twc:
[0.9976815, -0.009315663, 0.067415334, 0.0019702616;
 0.0069720582, 0.99936593, 0.034915835, 0.064307392;
 -0.067697853, -0.034364861, 0.99711388, -0.13135494;
 0, 0, 0, 1]
Ow:
[-0.011306496;
 -0.068762258;
 0.12859768]
Keyframe: 12 Frame: 107 Frame from vFrameID : 108
Tcw:
[0.99769974, 0.011019926, -0.066886649, -0.0075043933;
 -0.013353619, 0.99931395, -0.034544054, -0.075700559;
 0.066460088, 0.035357773, 0.9971624, 0.15041839;
 0, 0, 0, 1]
Twc:
[0.99769974, -0.013353619, 0.066460088, -0.0035205649;
 0.011019926, 0.99931395, 0.035357773, 0.070412867;
 -0.066886649, -0.034544054, 0.9971624, -0.15310851;
 0, 0, 0, 1]
Ow:
[-0.0075043933;
 -0.075700559;
 0.15041839]
Keyframe: 13 Frame: 110 Frame from vFrameID : 111
Tcw:
[0.99851322, 0.019958552, -0.050725006, -0.0083195101;
 -0.022270015, 0.99871975, -0.045419473, -0.076282553;
 0.049753558, 0.046481591, 0.99767935, 0.17434029;
 0, 0, 0, 1]
Twc:
[0.99851322, -0.022270015, 0.049753558, -0.0020657212;
 0.019958552, 0.99871975, 0.046481591, 0.068247318;
 -0.050725006, -0.045419473, 0.99767935, -0.17782241;
 0, 0, 0, 1]
Ow:
[-0.0083195101;
 -0.076282553;
 0.17434029]
Keyframe: 14 Frame: 113 Frame from vFrameID : 114
Tcw:
[0.99932754, 0.015203078, -0.033367399, -0.012727604;
 -0.016546126, 0.99904859, -0.040350325, -0.081403382;
 0.032722205, 0.04087529, 0.99862832, 0.20288318;
 0, 0, 0, 1]
Twc:
[0.99932754, -0.016546126, 0.032722205, 0.0047333497;
 0.015203078, 0.99904859, 0.04087529, 0.073226526;
 -0.033367399, -0.040350325, 0.99862832, -0.20631422;
 0, 0, 0, 1]
Ow:
[-0.012727604;
 -0.081403382;
 0.20288318]
Keyframe: 15 Frame: 116 Frame from vFrameID : 117
Tcw:
[0.99985898, 0.016777219, 0.00071361021, -0.016228665;
 -0.016714949, 0.99842542, -0.053546648, -0.084044717;
 -0.0016108504, 0.053527169, 0.99856508, 0.23260647;
 0, 0, 0, 1]
Twc:
[0.99985898, -0.016714949, -0.0016108504, 0.015196268;
 0.016777219, 0.99842542, 0.053527169, 0.071733892;
 0.00071361021, -0.053546648, 0.99856508, -0.23676144;
 0, 0, 0, 1]
Ow:
[-0.016228665;
 -0.084044717;
 0.23260647]
Keyframe: 16 Frame: 120 Frame from vFrameID : 121
Tcw:
[0.99933982, 0.0182196, 0.031431239, -0.024737511;
 -0.016848015, 0.99891728, -0.04336388, -0.085789301;
 -0.032187279, 0.042805698, 0.99856478, 0.25402167;
 0, 0, 0, 1]
Twc:
[0.99933982, -0.016848015, -0.032187279, 0.031452067;
 0.0182196, 0.99891728, 0.042805698, 0.075273551;
 0.031431239, -0.04336388, 0.99856478, -0.25659972;
 0, 0, 0, 1]
Ow:
[-0.024737511;
 -0.085789301;
 0.25402167]
Keyframe: 17 Frame: 123 Frame from vFrameID : 124
Tcw:
[0.99920046, 0.013817786, 0.037517492, -0.02735414;
 -0.01238649, 0.99919647, -0.038118131, -0.089656278;
 -0.038014054, 0.037622944, 0.99856871, 0.27428323;
 0, 0, 0, 1]
Twc:
[0.99920046, -0.01238649, -0.038014054, 0.036648359;
 0.013817786, 0.99919647, 0.037622944, 0.079642862;
 0.037517492, -0.038118131, 0.99856871, -0.27628192;
 0, 0, 0, 1]
Ow:
[-0.02735414;
 -0.089656278;
 0.27428323]
Keyframe: 18 Frame: 126 Frame from vFrameID : 127
Tcw:
[0.99911892, 0.014113748, 0.039525002, -0.029395115;
 -0.013141061, 0.99960703, -0.024762031, -0.090767674;
 -0.039858956, 0.024220813, 0.99891174, 0.29512951;
 0, 0, 0, 1]
Twc:
[0.99911892, -0.013141061, -0.039858956, 0.039939981;
 0.014113748, 0.99960703, 0.024220813, 0.083998598;
 0.039525002, -0.024762031, 0.99891174, -0.29589406;
 0, 0, 0, 1]
Ow:
[-0.029395115;
 -0.090767674;
 0.29512951]
Keyframe: 19 Frame: 130 Frame from vFrameID : 131
Tcw:
[0.99956363, 0.013617951, 0.026212296, -0.026472788;
 -0.012920867, 0.99956316, -0.026581915, -0.09975858;
 -0.026562834, 0.02623163, 0.99930292, 0.32961532;
 0, 0, 0, 1]
Twc:
[0.99956363, -0.012920867, -0.026562834, 0.033927787;
 0.013617951, 0.99956316, 0.02623163, 0.091429159;
 0.026212296, -0.026581915, 0.99930292, -0.33134341;
 0, 0, 0, 1]
Ow:
[-0.026472788;
 -0.09975858;
 0.32961532]
Keyframe: 20 Frame: 134 Frame from vFrameID : 135
Tcw:
[0.99990433, 0.01378885, 0.0011117815, -0.019011486;
 -0.013719311, 0.99874514, -0.048165284, -0.11077898;
 -0.0017745303, 0.048145425, 0.99883878, 0.36539096;
 0, 0, 0, 1]
Twc:
[0.99990433, -0.013719311, -0.0017745303, 0.018138254;
 0.01378885, 0.99874514, 0.048145425, 0.093310215;
 0.0011117815, -0.048165284, 0.99883878, -0.37028122;
 0, 0, 0, 1]
Ow:
[-0.019011486;
 -0.11077898;
 0.36539096]
Keyframe: 21 Frame: 138 Frame from vFrameID : 139
Tcw:
[0.99941206, 0.025165515, -0.023286635, -0.010662995;
 -0.026378416, 0.99822825, -0.053334385, -0.11790903;
 0.021903191, 0.053917289, 0.99830514, 0.38889962;
 0, 0, 0, 1]
Twc:
[0.99941206, -0.026378416, 0.021903191, -0.00097167032;
 0.025165515, 0.99822825, 0.053917289, 0.097000055;
 -0.023286635, -0.053334385, 0.99830514, -0.39477742;
 0, 0, 0, 1]
Ow:
[-0.010662995;
 -0.11790903;
 0.38889962]
Keyframe: 22 Frame: 142 Frame from vFrameID : 143
Tcw:
[0.99746025, 0.050488219, -0.050239608, -0.0054045711;
 -0.052295431, 0.99800646, -0.035331592, -0.13699049;
 0.048355624, 0.037869163, 0.99811202, 0.42425907;
 0, 0, 0, 1]
Twc:
[0.99746025, -0.052295431, 0.048355624, -0.022288444;
 0.050488219, 0.99800646, 0.037869163, 0.12092392;
 -0.050239608, -0.035331592, 0.99811202, -0.4285697;
 0, 0, 0, 1]
Ow:
[-0.0054045711;
 -0.13699049;
 0.42425907]
Keyframe: 23 Frame: 147 Frame from vFrameID : 148
Tcw:
[0.99701619, 0.050476983, -0.058401726, -0.0011385959;
 -0.052655846, 0.99794948, -0.036390271, -0.15146579;
 0.056445099, 0.039356884, 0.9976297, 0.46674749;
 0, 0, 0, 1]
Twc:
[0.99701619, -0.052655846, 0.056445099, -0.03318597;
 0.050476983, 0.99794948, 0.039356884, 0.13284294;
 -0.058401726, -0.036390271, 0.9976297, -0.47121951;
 0, 0, 0, 1]
Ow:
[-0.0011385959;
 -0.15146579;
 0.46674749]
Keyframe: 24 Frame: 152 Frame from vFrameID : 153
Tcw:
[0.9986847, 0.047150407, -0.020141883, -0.0077462569;
 -0.048024919, 0.99781388, -0.045399003, -0.16476479;
 0.017957268, 0.046306603, 0.99876583, 0.52304733;
 0, 0, 0, 1]
Twc:
[0.9986847, -0.048024919, 0.017957268, -0.0095692491;
 0.047150407, 0.99781388, 0.046306603, 0.14054929;
 -0.020141883, -0.045399003, 0.99876583, -0.530038;
 0, 0, 0, 1]
Ow:
[-0.0077462569;
 -0.16476479;
 0.52304733]
Keyframe: 25 Frame: 156 Frame from vFrameID : 157
Tcw:
[0.99939919, 0.032143377, 0.012964088, -0.0085873567;
 -0.031484425, 0.99834239, -0.048178315, -0.17343359;
 -0.014491213, 0.047741201, 0.99875462, 0.56155348;
 0, 0, 0, 1]
Twc:
[0.99939919, -0.031484425, -0.014491213, 0.011259333;
 0.032143377, 0.99834239, 0.047741201, 0.1466129;
 0.012964088, -0.048178315, 0.99875462, -0.56909853;
 0, 0, 0, 1]
Ow:
[-0.0085873567;
 -0.17343359;
 0.56155348]
Keyframe: 26 Frame: 161 Frame from vFrameID : 162
Tcw:
[0.99888307, 0.029925542, 0.036566447, -0.011616403;
 -0.028670382, 0.99899751, -0.034380764, -0.19123934;
 -0.037558652, 0.033293989, 0.99873966, 0.61432898;
 0, 0, 0, 1]
Twc:
[0.99888307, -0.028670382, -0.037558652, 0.029193893;
 0.029925542, 0.99899751, 0.033293989, 0.17094177;
 0.036566447, -0.034380764, 0.99873966, -0.6197049;
 0, 0, 0, 1]
Ow:
[-0.011616403;
 -0.19123934;
 0.61432898]
Keyframe: 27 Frame: 165 Frame from vFrameID : 166
Tcw:
[0.99898785, 0.026236966, 0.036535852, -0.0096875113;
 -0.02501329, 0.99912375, -0.033556174, -0.19675218;
 -0.037384249, 0.03260833, 0.99876881, 0.6477043;
 0, 0, 0, 1]
Twc:
[0.99898785, -0.02501329, -0.037384249, 0.028970227;
 0.026236966, 0.99912375, 0.03260833, 0.17571341;
 0.036535852, -0.033556174, 0.99876881, -0.65315521;
 0, 0, 0, 1]
Ow:
[-0.0096875113;
 -0.19675218;
 0.6477043]
Keyframe: 28 Frame: 170 Frame from vFrameID : 171
Tcw:
[0.99891734, 0.046405446, -0.0032600262, 0.0024316497;
 -0.046517838, 0.99706501, -0.06080671, -0.21338302;
 0.00042869552, 0.06089253, 0.99814421, 0.70397544;
 0, 0, 0, 1]
Twc:
[0.99891734, -0.046517838, 0.00042869552, -0.012656926;
 0.046405446, 0.99706501, 0.06089253, 0.16977707;
 -0.0032600262, -0.06080671, 0.99814421, -0.71563619;
 0, 0, 0, 1]
Ow:
[0.0024316497;
 -0.21338302;
 0.70397544]
Keyframe: 29 Frame: 175 Frame from vFrameID : 176
Tcw:
[0.99609184, 0.072785296, -0.050033726, 0.0155004;
 -0.075336754, 0.9958452, -0.051154301, -0.22792479;
 0.046102565, 0.054723758, 0.99743664, 0.7528798;
 0, 0, 0, 1]
Twc:
[0.99609184, -0.075336754, 0.046102565, -0.067320623;
 0.072785296, 0.9958452, 0.054723758, 0.1846492;
 -0.050033726, -0.051154301, 0.99743664, -0.76183367;
 0, 0, 0, 1]
Ow:
[0.0155004;
 -0.22792479;
 0.7528798]
Keyframe: 30 Frame: 180 Frame from vFrameID : 181
Tcw:
[0.99519897, 0.073250338, -0.064910792, 0.013706286;
 -0.076887213, 0.99549824, -0.055421982, -0.24074769;
 0.060558897, 0.060146708, 0.99635082, 0.80612338;
 0, 0, 0, 1]
Twc:
[0.99519897, -0.076887213, 0.060558897, -0.080968849;
 0.073250338, 0.99549824, 0.060146708, 0.19017424;
 -0.064910792, -0.055421982, 0.99635082, -0.81563479;
 0, 0, 0, 1]
Ow:
[0.013706286;
 -0.24074769;
 0.80612338]
Keyframe: 31 Frame: 186 Frame from vFrameID : 187
Tcw:
[0.9983685, 0.052110106, -0.023341537, 0.0026085004;
 -0.053529333, 0.99644929, -0.064988174, -0.25362045;
 0.019872116, 0.066131607, 0.99761301, 0.87792981;
 0, 0, 0, 1]
Twc:
[0.9983685, -0.053529333, 0.019872116, -0.033626702;
 0.052110106, 0.99644929, 0.066131607, 0.19452506;
 -0.023341537, -0.064988174, 0.99761301, -0.8922556;
 0, 0, 0, 1]
Ow:
[0.0026085004;
 -0.25362045;
 0.87792981]
Keyframe: 32 Frame: 191 Frame from vFrameID : 192
Tcw:
[0.99904615, 0.026458066, 0.034739219, 0.0077047423;
 -0.024993919, 0.99880809, -0.041925307, -0.26717854;
 -0.035807077, 0.041017044, 0.99851662, 0.93375373;
 0, 0, 0, 1]
Twc:
[0.99904615, -0.024993919, -0.035807077, 0.019059755;
 0.026458066, 0.99880809, 0.041017044, 0.22835642;
 0.034739219, -0.041925307, 0.99851662, -0.94383782;
 0, 0, 0, 1]
Ow:
[0.0077047423;
 -0.26717854;
 0.93375373]
Keyframe: 33 Frame: 196 Frame from vFrameID : 197
Tcw:
[0.99686223, 0.037494719, 0.069712423, 0.019834433;
 -0.03488199, 0.99865627, -0.038325973, -0.27948287;
 -0.07105577, 0.035774007, 0.99683064, 0.9865942;
 0, 0, 0, 1]
Twc:
[0.99686223, -0.03488199, -0.07105577, 0.040582094;
 0.037494719, 0.99865627, 0.035774007, 0.2430692;
 0.069712423, -0.038325973, 0.99683064, -0.99556148;
 0, 0, 0, 1]
Ow:
[0.019834433;
 -0.27948287;
 0.9865942]
Keyframe: 34 Frame: 201 Frame from vFrameID : 202
Tcw:
[0.99795252, 0.042991221, 0.047355462, 0.02635625;
 -0.04026648, 0.9975583, -0.057062317, -0.29234862;
 -0.049693011, 0.055038646, 0.99724686, 1.0519034;
 0, 0, 0, 1]
Twc:
[0.99795252, -0.04026648, -0.049693011, 0.014198111;
 0.042991221, 0.9975583, 0.055038646, 0.23260635;
 0.047355462, -0.057062317, 0.99724686, -1.0669376;
 0, 0, 0, 1]
Ow:
[0.02635625;
 -0.29234862;
 1.0519034]
Keyframe: 35 Frame: 206 Frame from vFrameID : 207
Tcw:
[0.99868631, 0.049925078, -0.011538101, 0.028700661;
 -0.050736893, 0.99497366, -0.086331628, -0.30579439;
 0.0071699941, 0.086803623, 0.99619967, 1.0958163;
 0, 0, 0, 1]
Twc:
[0.99868631, -0.050736893, 0.0071699941, -0.052035011;
 0.049925078, 0.99497366, 0.086803623, 0.20770368;
 -0.011538101, -0.086331628, 0.99619967, -1.1177202;
 0, 0, 0, 1]
Ow:
[0.028700661;
 -0.30579439;
 1.0958163]
Keyframe: 36 Frame: 211 Frame from vFrameID : 212
Tcw:
[0.99702853, 0.055142682, -0.053789787, 0.039184403;
 -0.059851024, 0.99411863, -0.090255305, -0.31566858;
 0.048496507, 0.093206488, 0.99446499, 1.133275;
 0, 0, 0, 1]
Twc:
[0.99702853, -0.059851024, 0.048496507, -0.11292095;
 0.055142682, 0.99411863, 0.093206488, 0.20602268;
 -0.053789787, -0.090255305, 0.99446499, -1.1533854;
 0, 0, 0, 1]
Ow:
[0.039184403;
 -0.31566858;
 1.133275]
Keyframe: 37 Frame: 216 Frame from vFrameID : 217
Tcw:
[0.99523503, 0.068702839, -0.06918893, 0.037832312;
 -0.074399635, 0.9937318, -0.08343713, -0.32799184;
 0.063022874, 0.088187188, 0.9941082, 1.1675801;
 0, 0, 0, 1]
Twc:
[0.99523503, -0.074399635, 0.063022874, -0.13563877;
 0.068702839, 0.9937318, 0.088187188, 0.22037116;
 -0.06918893, -0.08343713, 0.9941082, -1.1854502;
 0, 0, 0, 1]
Ow:
[0.037832312;
 -0.32799184;
 1.1675801]
Keyframe: 38 Frame: 221 Frame from vFrameID : 222
Tcw:
[0.99480909, 0.068883419, -0.074899763, 0.028966874;
 -0.074831888, 0.99400216, -0.079748802, -0.33262372;
 0.068957157, 0.084939726, 0.99399704, 1.2145963;
 0, 0, 0, 1]
Twc:
[0.99480909, -0.074831888, 0.068957157, -0.13746248;
 0.068883419, 0.99400216, 0.084939726, 0.22546589;
 -0.074899763, -0.079748802, 0.99399704, -1.2316619;
 0, 0, 0, 1]
Ow:
[0.028966874;
 -0.33262372;
 1.2145963]
Keyframe: 39 Frame: 225 Frame from vFrameID : 226
Tcw:
[0.99656522, 0.065196276, -0.051060475, 0.017207704;
 -0.069409341, 0.99390703, -0.085622013, -0.3361671;
 0.045167129, 0.088871993, 0.99501842, 1.2546927;
 0, 0, 0, 1]
Twc:
[0.99656522, -0.069409341, 0.045167129, -0.097152606;
 0.065196276, 0.99390703, 0.088871993, 0.22148992;
 -0.051060475, -0.085622013, 0.99501842, -1.276347;
 0, 0, 0, 1]
Ow:
[0.017207704;
 -0.3361671;
 1.2546927]
Keyframe: 40 Frame: 229 Frame from vFrameID : 230
Tcw:
[0.99852788, 0.040328041, -0.03627225, 0.0010948218;
 -0.043392252, 0.9951669, -0.088090613, -0.35045201;
 0.032544423, 0.089534871, 0.99545187, 1.3206745;
 0, 0, 0, 1]
Twc:
[0.99852788, -0.043392252, 0.032544423, -0.059280697;
 0.040328041, 0.9951669, 0.089534871, 0.23046768;
 -0.03627225, -0.088090613, 0.99545187, -1.3454996;
 0, 0, 0, 1]
Ow:
[0.0010948218;
 -0.35045201;
 1.3206745]
Keyframe: 41 Frame: 233 Frame from vFrameID : 234
Tcw:
[0.99937534, 0.026321068, -0.023583138, -0.016092805;
 -0.027642982, 0.99795687, -0.05760143, -0.36548313;
 0.022018824, 0.058217354, 0.99806106, 1.3684815;
 0, 0, 0, 1]
Twc:
[0.99937534, -0.027642982, 0.022018824, -0.024152646;
 0.026321068, 0.99795687, 0.058217354, 0.2854906;
 -0.023583138, -0.05760143, 0.99806106, -1.3872601;
 0, 0, 0, 1]
Ow:
[-0.016092805;
 -0.36548313;
 1.3684815]
Keyframe: 42 Frame: 237 Frame from vFrameID : 238
Tcw:
[0.99955595, 0.025818711, -0.014876493, -0.016680401;
 -0.026653519, 0.99790466, -0.058956794, -0.3735939;
 0.013323133, 0.059327126, 0.99814969, 1.3999066;
 0, 0, 0, 1]
Twc:
[0.99955595, -0.026653519, 0.013323133, -0.01193574;
 0.025818711, 0.99790466, 0.059327126, 0.29018933;
 -0.014876493, -0.058956794, 0.99814969, -1.4195904;
 0, 0, 0, 1]
Ow:
[-0.016680401;
 -0.3735939;
 1.3999066]
Keyframe: 43 Frame: 241 Frame from vFrameID : 242
Tcw:
[0.99941486, 0.026018029, -0.02220417, -0.01713061;
 -0.026969943, 0.99868029, -0.04370657, -0.38244432;
 0.021037709, 0.04427984, 0.99879766, 1.4516017;
 0, 0, 0, 1]
Twc:
[0.99941486, -0.026969943, 0.021037709, -0.023732288;
 0.026018029, 0.99868029, 0.04427984, 0.31810862;
 -0.02220417, -0.04370657, 0.99879766, -1.4669521;
 0, 0, 0, 1]
Ow:
[-0.01713061;
 -0.38244432;
 1.4516017]
Keyframe: 44 Frame: 245 Frame from vFrameID : 246
Tcw:
[0.9985534, 0.036519792, -0.039464362, -0.016328625;
 -0.038739566, 0.99762064, -0.05702937, -0.39149988;
 0.037287761, 0.058475703, 0.99759221, 1.5099844;
 0, 0, 0, 1]
Twc:
[0.9985534, -0.038739566, 0.037287761, -0.055165462;
 0.036519792, 0.99762064, 0.058475703, 0.30286726;
 -0.039464362, -0.05702937, 0.99759221, -1.52932;
 0, 0, 0, 1]
Ow:
[-0.016328625;
 -0.39149988;
 1.5099844]
Keyframe: 45 Frame: 250 Frame from vFrameID : 251
Tcw:
[0.99562806, 0.04676744, -0.080855332, -0.0036120415;
 -0.053921871, 0.99459839, -0.08869306, -0.39972514;
 0.076270632, 0.092665173, 0.99277186, 1.5667039;
 0, 0, 0, 1]
Twc:
[0.99562806, -0.053921871, 0.076270632, -0.13745119;
 0.04676744, 0.99459839, 0.092665173, 0.25255603;
 -0.080855332, -0.08869306, 0.99277186, -1.5911244;
 0, 0, 0, 1]
Ow:
[-0.0036120415;
 -0.39972514;
 1.5667039]
Keyframe: 46 Frame: 255 Frame from vFrameID : 256
Tcw:
[0.99428838, 0.064962998, -0.084678456, -0.0030607134;
 -0.068969376, 0.99659085, -0.045276251, -0.4193399;
 0.081448495, 0.050857872, 0.99537915, 1.6244665;
 0, 0, 0, 1]
Twc:
[0.99428838, -0.068969376, 0.081448495, -0.15818872;
 0.064962998, 0.99659085, 0.050857872, 0.33549222;
 -0.084678456, -0.045276251, 0.99537915, -1.6362053;
 0, 0, 0, 1]
Ow:
[-0.0030607134;
 -0.4193399;
 1.6244665]
Keyframe: 47 Frame: 259 Frame from vFrameID : 260
Tcw:
[0.99515319, 0.062621333, -0.075820118, -0.010220259;
 -0.067211166, 0.99595845, -0.059577301, -0.43003601;
 0.071782872, 0.064384498, 0.99534005, 1.6749277;
 0, 0, 0, 1]
Twc:
[0.99515319, -0.067211166, 0.071782872, -0.13896362;
 0.062621333, 0.99595845, 0.064384498, 0.32109863;
 -0.075820118, -0.059577301, 0.99534005, -1.6935179;
 0, 0, 0, 1]
Ow:
[-0.010220259;
 -0.43003601;
 1.6749277]
Keyframe: 48 Frame: 263 Frame from vFrameID : 264
Tcw:
[0.9980101, 0.041100357, -0.047818836, -0.020445168;
 -0.044603497, 0.99621111, -0.074659079, -0.43091607;
 0.044569138, 0.0766434, 0.99606192, 1.7161051;
 0, 0, 0, 1]
Twc:
[0.9980101, -0.044603497, 0.044569138, -0.075301208;
 0.041100357, 0.99621111, 0.0766434, 0.29859558;
 -0.047818836, -0.074659079, 0.99606192, -1.7424964;
 0, 0, 0, 1]
Ow:
[-0.020445168;
 -0.43091607;
 1.7161051]
Keyframe: 49 Frame: 267 Frame from vFrameID : 268
Tcw:
[0.99941093, 0.03426173, -0.001986915, -0.026854528;
 -0.034306571, 0.99578834, -0.085021317, -0.44593525;
 -0.00093443063, 0.0850394, 0.99637717, 1.7671415;
 0, 0, 0, 1]
Twc:
[0.99941093, -0.034306571, -0.00093443063, 0.013191471;
 0.03426173, 0.99578834, 0.0850394, 0.29470056;
 -0.001986915, -0.085021317, 0.99637717, -1.7987068;
 0, 0, 0, 1]
Ow:
[-0.026854528;
 -0.44593525;
 1.7671415]
Keyframe: 50 Frame: 271 Frame from vFrameID : 272
Tcw:
[0.9993093, 0.024484409, 0.027954999, -0.029119007;
 -0.023029493, 0.99842125, -0.051231191, -0.45432377;
 -0.029165233, 0.050552014, 0.99829549, 1.8150989;
 0, 0, 0, 1]
Twc:
[0.9993093, -0.023029493, -0.029165233, 0.071573824;
 0.024484409, 0.99842125, 0.050552014, 0.36256257;
 0.027954999, -0.051231191, 0.99829549, -1.8344666;
 0, 0, 0, 1]
Ow:
[-0.029119007;
 -0.45432377;
 1.8150989]
Keyframe: 51 Frame: 275 Frame from vFrameID : 276
Tcw:
[0.99924809, 0.015466712, 0.035552837, -0.033283301;
 -0.013459276, 0.99833864, -0.056025326, -0.46268129;
 -0.036360297, 0.055504687, 0.99779618, 1.8645282;
 0, 0, 0, 1]
Twc:
[0.99924809, -0.013459276, -0.036360297, 0.094825722;
 0.015466712, 0.99833864, 0.055504687, 0.35893732;
 0.035552837, -0.056025326, 0.99779618, -1.8851576;
 0, 0, 0, 1]
Ow:
[-0.033283301;
 -0.46268129;
 1.8645282]
Keyframe: 52 Frame: 279 Frame from vFrameID : 280
Tcw:
[0.99925905, 0.036579542, 0.011968111, -0.030666765;
 -0.035660848, 0.99693686, -0.069607235, -0.47186738;
 -0.014477652, 0.069128871, 0.99750268, 1.913687;
 0, 0, 0, 1]
Twc:
[0.99925905, -0.035660848, -0.014477652, 0.041522548;
 0.036579542, 0.99693686, 0.069128871, 0.33925274;
 0.011968111, -0.069607235, 0.99750268, -1.9413862;
 0, 0, 0, 1]
Ow:
[-0.030666765;
 -0.47186738;
 1.913687]
Keyframe: 53 Frame: 283 Frame from vFrameID : 284
Tcw:
[0.99848306, 0.049251374, -0.024614703, -0.021397395;
 -0.050818261, 0.99641013, -0.067707606, -0.48396194;
 0.021191647, 0.068855777, 0.99740154, 1.9468868;
 0, 0, 0, 1]
Twc:
[0.99848306, -0.050818261, 0.021191647, -0.044486906;
 0.049251374, 0.99641013, 0.068855777, 0.34922406;
 -0.024614703, -0.067707606, 0.99740154, -1.9751225;
 0, 0, 0, 1]
Ow:
[-0.021397395;
 -0.48396194;
 1.9468868]
Keyframe: 54 Frame: 288 Frame from vFrameID : 289
Tcw:
[0.99633998, 0.068386234, -0.051282968, -0.01806657;
 -0.071516022, 0.9955166, -0.061904378, -0.50527096;
 0.046819638, 0.065345362, 0.99676371, 2.0007834;
 0, 0, 0, 1]
Twc:
[0.99633998, -0.071516022, 0.046819638, -0.11181049;
 0.068386234, 0.9955166, 0.065345362, 0.37349924;
 -0.051282968, -0.061904378, 0.99676371, -2.0265133;
 0, 0, 0, 1]
Ow:
[-0.01806657;
 -0.50527096;
 2.0007834]
Keyframe: 55 Frame: 292 Frame from vFrameID : 293
Tcw:
[0.99707156, 0.061720755, -0.045153171, -0.032286666;
 -0.06450358, 0.99592578, -0.063016579, -0.51478362;
 0.041079778, 0.065744579, 0.9969905, 2.0511589;
 0, 0, 0, 1]
Twc:
[0.99707156, -0.06450358, 0.041079778, -0.085274421;
 0.061720755, 0.99592578, 0.065744579, 0.37982646;
 -0.045153171, -0.063016579, 0.9969905, -2.0788836;
 0, 0, 0, 1]
Ow:
[-0.032286666;
 -0.51478362;
 2.0511589]
Keyframe: 56 Frame: 296 Frame from vFrameID : 297
Tcw:
[0.9992485, 0.038649239, -0.0029343097, -0.048114751;
 -0.038759965, 0.99598348, -0.08071278, -0.52689326;
 -0.00019696355, 0.080765858, 0.99673307, 2.1046319;
 0, 0, 0, 1]
Twc:
[0.9992485, -0.038759965, -0.00019696355, 0.028070765;
 0.038649239, 0.99598348, 0.080765858, 0.3566542;
 -0.0029343097, -0.08071278, 0.99673307, -2.1404245;
 0, 0, 0, 1]
Ow:
[-0.048114751;
 -0.52689326;
 2.1046319]
Keyframe: 57 Frame: 302 Frame from vFrameID : 303
Tcw:
[0.99798763, 0.025763821, 0.057938643, -0.059809968;
 -0.021985222, 0.99764729, -0.064934678, -0.54645884;
 -0.059475295, 0.063530214, 0.9962061, 2.1766391;
 0, 0, 0, 1]
Twc:
[0.99798763, -0.021985222, -0.059475295, 0.17713183;
 0.025763821, 0.99764729, 0.063530214, 0.40843174;
 0.057938643, -0.064934678, 0.9962061, -2.2003999;
 0, 0, 0, 1]
Ow:
[-0.059809968;
 -0.54645884;
 2.1766391]
Keyframe: 58 Frame: 306 Frame from vFrameID : 307
Tcw:
[0.99594986, 0.024546402, 0.086494565, -0.065169781;
 -0.018917423, 0.99768579, -0.065308057, -0.55750424;
 -0.08789748, 0.063407294, 0.99410945, 2.2285156;
 0, 0, 0, 1]
Twc:
[0.99594986, -0.018917423, -0.08789748, 0.25024018;
 0.024546402, 0.99768579, 0.063407294, 0.4165096;
 0.086494565, -0.065308057, 0.99410945, -2.246161;
 0, 0, 0, 1]
Ow:
[-0.065169781;
 -0.55750424;
 2.2285156]
Keyframe: 59 Frame: 310 Frame from vFrameID : 311
Tcw:
[0.99653518, 0.028570931, 0.078110889, -0.067853332;
 -0.02255627, 0.99678922, -0.076827705, -0.5630666;
 -0.080055125, 0.07479962, 0.99397999, 2.2692213;
 0, 0, 0, 1]
Twc:
[0.99653518, -0.02255627, -0.080055125, 0.23658037;
 0.028570931, 0.99678922, 0.07479962, 0.39346042;
 0.078110889, -0.076827705, 0.99397999, -2.2935195;
 0, 0, 0, 1]
Ow:
[-0.067853332;
 -0.5630666;
 2.2692213]
Keyframe: 60 Frame: 316 Frame from vFrameID : 317
Tcw:
[0.99826318, 0.058675822, -0.0052705207, -0.060218159;
 -0.058906928, 0.99535418, -0.076158345, -0.57730389;
 0.0007773813, 0.07633654, 0.99708182, 2.3410892;
 0, 0, 0, 1]
Twc:
[0.99826318, -0.058906928, 0.0007773813, 0.024286455;
 0.058675822, 0.99535418, 0.07633654, 0.39944446;
 -0.0052705207, -0.076158345, 0.99708182, -2.3785415;
 0, 0, 0, 1]
Ow:
[-0.060218159;
 -0.57730389;
 2.3410892]
Keyframe: 61 Frame: 320 Frame from vFrameID : 321
Tcw:
[0.99741578, 0.06981387, -0.016964523, -0.06079331;
 -0.070927799, 0.99445117, -0.077692702, -0.59389389;
 0.01144636, 0.078695185, 0.99683303, 2.3805869;
 0, 0, 0, 1]
Twc:
[0.99741578, -0.070927799, 0.01144636, -0.0087364316;
 0.06981387, 0.99445117, 0.078695185, 0.40750197;
 -0.016964523, -0.077692702, 0.99683303, -2.4202199;
 0, 0, 0, 1]
Ow:
[-0.06079331;
 -0.59389389;
 2.3805869]
Keyframe: 62 Frame: 324 Frame from vFrameID : 325
Tcw:
[0.99719226, 0.070921481, -0.024035474, -0.062659092;
 -0.072731562, 0.99368441, -0.085447982, -0.60284245;
 0.017823579, 0.086956203, 0.99605268, 2.4098856;
 0, 0, 0, 1]
Twc:
[0.99719226, -0.072731562, 0.017823579, -0.024315303;
 0.070921481, 0.99368441, 0.086956203, 0.3939245;
 -0.024035474, -0.085447982, 0.99605268, -2.4533908;
 0, 0, 0, 1]
Ow:
[-0.062659092;
 -0.60284245;
 2.4098856]
Keyframe: 63 Frame: 329 Frame from vFrameID : 330
Tcw:
[0.99756932, 0.067422472, -0.017596802, -0.078072496;
 -0.068780571, 0.99322939, -0.093619771, -0.6089505;
 0.011165584, 0.094602533, 0.99545252, 2.4639237;
 0, 0, 0, 1]
Twc:
[0.99756932, -0.068780571, 0.011165584, 0.0084876232;
 0.067422472, 0.99322939, 0.094602533, 0.37699792;
 -0.017596802, -0.093619771, 0.99545252, -2.5111027;
 0, 0, 0, 1]
Ow:
[-0.078072496;
 -0.6089505;
 2.4639237]
Keyframe: 64 Frame: 333 Frame from vFrameID : 334
Tcw:
[0.99907571, 0.040806338, 0.013510254, -0.099152453;
 -0.039660048, 0.9962914, -0.076357692, -0.62549567;
 -0.016576027, 0.075751305, 0.99698895, 2.5198658;
 0, 0, 0, 1]
Twc:
[0.99907571, -0.039660048, -0.016576027, 0.11602298;
 0.040806338, 0.9962914, 0.075751305, 0.43633893;
 0.013510254, -0.076357692, 0.99698895, -2.5587001;
 0, 0, 0, 1]
Ow:
[-0.099152453;
 -0.62549567;
 2.5198658]
Keyframe: 65 Frame: 338 Frame from vFrameID : 339
Tcw:
[0.99722356, 0.051483154, 0.053802263, -0.096330971;
 -0.048014093, 0.99680096, -0.063894525, -0.64433324;
 -0.056919638, 0.061133862, 0.99650532, 2.5676303;
 0, 0, 0, 1]
Twc:
[0.99722356, -0.048014093, -0.056919638, 0.21127504;
 0.051483154, 0.99680096, 0.061133862, 0.49026224;
 0.053802263, -0.063894525, 0.99650532, -2.5946438;
 0, 0, 0, 1]
Ow:
[-0.096330971;
 -0.64433324;
 2.5676303]
Keyframe: 66 Frame: 342 Frame from vFrameID : 343
Tcw:
[0.99658537, 0.057149846, 0.059593987, -0.093707189;
 -0.053176414, 0.99638474, -0.066254929, -0.64962637;
 -0.063164994, 0.062859707, 0.99602151, 2.5986755;
 0, 0, 0, 1]
Twc:
[0.99658537, -0.053176414, -0.063164994, 0.22298776;
 0.057149846, 0.99638474, 0.062859707, 0.48928121;
 0.059593987, -0.066254929, 0.99602151, -2.6257932;
 0, 0, 0, 1]
Ow:
[-0.093707189;
 -0.64962637;
 2.5986755]
Keyframe: 67 Frame: 346 Frame from vFrameID : 347
Tcw:
[0.99761558, 0.056845803, 0.039137792, -0.095759735;
 -0.054010749, 0.99608117, -0.070036396, -0.65517735;
 -0.042965695, 0.067755535, 0.9967764, 2.6423631;
 0, 0, 0, 1]
Twc:
[0.99761558, -0.054010749, -0.042965695, 0.17367573;
 0.056845803, 0.99608117, 0.067755535, 0.47901866;
 0.039137792, -0.070036396, 0.9967764, -2.6759834;
 0, 0, 0, 1]
Ow:
[-0.095759735;
 -0.65517735;
 2.6423631]
Keyframe: 68 Frame: 350 Frame from vFrameID : 351
Tcw:
[0.99740446, 0.070317514, 0.015487081, -0.081174634;
 -0.069097415, 0.9952386, -0.068743534, -0.6614092;
 -0.020247215, 0.067494988, 0.99751413, 2.6718483;
 0, 0, 0, 1]
Twc:
[0.99740446, -0.069097415, -0.020247215, 0.08935976;
 0.070317514, 0.9952386, 0.067494988, 0.48363161;
 0.015487081, -0.068743534, 0.99751413, -2.7094171;
 0, 0, 0, 1]
Ow:
[-0.081174634;
 -0.6614092;
 2.6718483]
Keyframe: 69 Frame: 354 Frame from vFrameID : 355
Tcw:
[0.99686921, 0.078599133, -0.008599611, -0.087893285;
 -0.078964956, 0.99521756, -0.057502944, -0.67608142;
 0.0040388023, 0.058001984, 0.9983083, 2.7229371;
 0, 0, 0, 1]
Twc:
[0.99686921, -0.078964956, 0.0040388023, 0.023233963;
 0.078599133, 0.99521756, 0.058001984, 0.52182066;
 -0.008599611, -0.057502944, 0.9983083, -2.7579632;
 0, 0, 0, 1]
Ow:
[-0.087893285;
 -0.67608142;
 2.7229371]
Keyframe: 70 Frame: 359 Frame from vFrameID : 360
Tcw:
[0.99761188, 0.06897819, -0.003535907, -0.097421654;
 -0.069057725, 0.99522966, -0.068912365, -0.684039;
 -0.0012344106, 0.068991974, 0.99761647, 2.7794571;
 0, 0, 0, 1]
Twc:
[0.99761188, -0.069057725, -0.0012344106, 0.053381823;
 0.06897819, 0.99522966, 0.068991974, 0.49573565;
 -0.003535907, -0.068912365, 0.99761647, -2.8203151;
 0, 0, 0, 1]
Ow:
[-0.097421654;
 -0.684039;
 2.7794571]
Keyframe: 71 Frame: 363 Frame from vFrameID : 364
Tcw:
[0.99830031, 0.054111775, 0.021641409, -0.11412418;
 -0.051964138, 0.99460149, -0.089820072, -0.69663513;
 -0.026384901, 0.088542834, 0.99572283, 2.8135052;
 0, 0, 0, 1]
Twc:
[0.99830031, -0.051964138, -0.026384901, 0.15196422;
 0.054111775, 0.99460149, 0.088542834, 0.44993407;
 0.021641409, -0.089820072, 0.99572283, -2.8615735;
 0, 0, 0, 1]
Ow:
[-0.11412418;
 -0.69663513;
 2.8135052]
Keyframe: 72 Frame: 369 Frame from vFrameID : 370
Tcw:
[0.99873221, 0.025428144, 0.043443982, -0.12238367;
 -0.022518776, 0.99755269, -0.066192985, -0.71429306;
 -0.045020826, 0.065130755, 0.99686062, 2.8739839;
 0, 0, 0, 1]
Twc:
[0.99873221, -0.022518776, -0.045020826, 0.23553263;
 0.025428144, 0.99755269, 0.065130755, 0.52847224;
 0.043443982, -0.066192985, 0.99686062, -2.9069257;
 0, 0, 0, 1]
Ow:
[-0.12238367;
 -0.71429306;
 2.8739839]
Keyframe: 73 Frame: 373 Frame from vFrameID : 374
Tcw:
[0.99810231, 0.034202207, 0.051205005, -0.12264195;
 -0.030641701, 0.99716157, -0.068773977, -0.72296327;
 -0.053411886, 0.067074463, 0.99631733, 2.9205866;
 0, 0, 0, 1]
Twc:
[0.99810231, -0.030641701, -0.053411886, 0.25625044;
 0.034202207, 0.99716157, 0.067074463, 0.52920908;
 0.051205005, -0.068773977, 0.99631733, -2.9532721;
 0, 0, 0, 1]
Ow:
[-0.12264195;
 -0.72296327;
 2.9205866]
Keyframe: 74 Frame: 377 Frame from vFrameID : 378
Tcw:
[0.99879855, 0.04505584, 0.019271087, -0.11662228;
 -0.043272141, 0.99546951, -0.084663846, -0.73259634;
 -0.022998381, 0.083728231, 0.99622321, 2.9692352;
 0, 0, 0, 1]
Twc:
[0.99879855, -0.043272141, -0.022998381, 0.15306878;
 0.04505584, 0.99546951, 0.083728231, 0.48592305;
 0.019271087, -0.084663846, 0.99622321, -3.0177979;
 0, 0, 0, 1]
Ow:
[-0.11662228;
 -0.73259634;
 2.9692352]
Keyframe: 75 Frame: 382 Frame from vFrameID : 383
Tcw:
[0.99747568, 0.06806916, -0.020220168, -0.10767844;
 -0.069865607, 0.99167788, -0.10813804, -0.74627823;
 0.012691027, 0.10927776, 0.99393022, 3.0088463;
 0, 0, 0, 1]
Twc:
[0.99747568, -0.069865607, 0.012691027, 0.017082095;
 0.06806916, 0.99167788, 0.10927776, 0.41859719;
 -0.020220168, -0.10813804, 0.99393022, -3.0734618;
 0, 0, 0, 1]
Ow:
[-0.10767844;
 -0.74627823;
 3.0088463]
Keyframe: 76 Frame: 387 Frame from vFrameID : 388
Tcw:
[0.99500751, 0.090101741, -0.042915955, -0.10558136;
 -0.093233369, 0.99261296, -0.077634156, -0.75890857;
 0.035603963, 0.081247762, 0.99605781, 3.0646775;
 0, 0, 0, 1]
Twc:
[0.99500751, -0.093233369, 0.035603963, -0.074816011;
 0.090101741, 0.99261296, 0.081247762, 0.51381731;
 -0.042915955, -0.077634156, 0.99605781, -3.1160443;
 0, 0, 0, 1]
Ow:
[-0.10558136;
 -0.75890857;
 3.0646775]
Keyframe: 77 Frame: 392 Frame from vFrameID : 393
Tcw:
[0.99777019, 0.064236969, -0.01811651, -0.11560579;
 -0.065635741, 0.99361444, -0.091773324, -0.7685343;
 0.012105585, 0.092757784, 0.99561512, 3.1200511;
 0, 0, 0, 1]
Twc:
[0.99777019, -0.065635741, 0.012105585, 0.027134653;
 0.064236969, 0.99361444, 0.092757784, 0.48164397;
 -0.01811651, -0.091773324, 0.99561512, -3.1789951;
 0, 0, 0, 1]
Ow:
[-0.11560579;
 -0.7685343;
 3.1200511]
Keyframe: 78 Frame: 397 Frame from vFrameID : 398
Tcw:
[0.99818236, 0.05022971, 0.033300411, -0.12930614;
 -0.047384795, 0.99556082, -0.08132229, -0.77646142;
 -0.03723738, 0.079596542, 0.99613142, 3.1714067;
 0, 0, 0, 1]
Twc:
[0.99818236, -0.047384795, -0.03723738, 0.21037351;
 0.05022971, 0.99556082, 0.079596542, 0.5270766;
 0.033300411, -0.08132229, 0.99613142, -3.2179754;
 0, 0, 0, 1]
Ow:
[-0.12930614;
 -0.77646142;
 3.1714067]
Keyframe: 79 Frame: 402 Frame from vFrameID : 403
Tcw:
[0.99784613, 0.04183197, 0.050528854, -0.13378657;
 -0.038490362, 0.99711734, -0.065386906, -0.79080474;
 -0.05311846, 0.063301198, 0.99657983, 3.2247071;
 0, 0, 0, 1]
Twc:
[0.99784613, -0.038490362, -0.05311846, 0.27435154;
 0.04183197, 0.99711734, 0.063301198, 0.58999389;
 0.050528854, -0.065386906, 0.99657983, -3.2586265;
 0, 0, 0, 1]
Ow:
[-0.13378657;
 -0.79080474;
 3.2247071]
Keyframe: 80 Frame: 406 Frame from vFrameID : 407
Tcw:
[0.99808758, 0.053593762, 0.030803312, -0.1322087;
 -0.051141039, 0.99583006, -0.075545289, -0.79980564;
 -0.034723621, 0.073825501, 0.99666649, 3.2688806;
 0, 0, 0, 1]
Twc:
[0.99808758, -0.051141039, -0.034723621, 0.20456034;
 0.053593762, 0.99583006, 0.073825501, 0.56222934;
 0.030803312, -0.075545289, 0.99666649, -3.3143327;
 0, 0, 0, 1]
Ow:
[-0.1322087;
 -0.79980564;
 3.2688806]
Keyframe: 81 Frame: 410 Frame from vFrameID : 411
Tcw:
[0.99794322, 0.059119519, -0.024783, -0.13612944;
 -0.061004572, 0.99460834, -0.083861202, -0.80893576;
 0.019691544, 0.085200593, 0.99616921, 3.3093364;
 0, 0, 0, 1]
Twc:
[0.99794322, -0.061004572, 0.019691544, 0.021334732;
 0.059119519, 0.99460834, 0.085200593, 0.53066468;
 -0.024783, -0.083861202, 0.99616921, -3.367871;
 0, 0, 0, 1]
Ow:
[-0.13612944;
 -0.80893576;
 3.3093364]
Keyframe: 82 Frame: 414 Frame from vFrameID : 415
Tcw:
[0.99504441, 0.074702151, -0.065622158, -0.14078292;
 -0.078959055, 0.99476522, -0.06486623, -0.82555914;
 0.060432993, 0.069726236, 0.99573398, 3.3420894;
 0, 0, 0, 1]
Twc:
[0.99504441, -0.078959055, 0.060432993, -0.12707257;
 0.074702151, 0.99476522, 0.069726236, 0.59872293;
 -0.065622158, -0.06486623, 0.99573398, -3.3906212;
 0, 0, 0, 1]
Ow:
[-0.14078292;
 -0.82555914;
 3.3420894]
Keyframe: 83 Frame: 420 Frame from vFrameID : 421
Tcw:
[0.99302936, 0.068922855, -0.095615387, -0.15083322;
 -0.075959712, 0.99450672, -0.072017558, -0.83961922;
 0.090126485, 0.078778468, 0.99280971, 3.4096406;
 0, 0, 0, 1]
Twc:
[0.99302936, -0.075959712, 0.090126485, -0.22129436;
 0.068922855, 0.99450672, 0.078778468, 0.57679653;
 -0.095615387, -0.072017558, 0.99280971, -3.4600136;
 0, 0, 0, 1]
Ow:
[-0.15083322;
 -0.83961922;
 3.4096406]
Keyframe: 84 Frame: 425 Frame from vFrameID : 426
Tcw:
[0.99657899, 0.055268273, -0.061446525, -0.16274036;
 -0.059740387, 0.99550444, -0.07349813, -0.85109329;
 0.057108175, 0.076917537, 0.99540061, 3.4683754;
 0, 0, 0, 1]
Twc:
[0.99657899, -0.059740387, 0.057108175, -0.086733602;
 0.055268273, 0.99550444, 0.076917537, 0.58948272;
 -0.061446525, -0.07349813, 0.99540061, -3.5249765;
 0, 0, 0, 1]
Ow:
[-0.16274036;
 -0.85109329;
 3.4683754]
Keyframe: 85 Frame: 430 Frame from vFrameID : 431
Tcw:
[0.99899006, 0.044904001, 0.0015683062, -0.16455777;
 -0.044784456, 0.99793708, -0.045999113, -0.86590821;
 -0.0036306153, 0.045882422, 0.99894023, 3.5235808;
 0, 0, 0, 1]
Twc:
[0.99899006, -0.044784456, -0.0036306153, 0.13840513;
 0.044904001, 0.99793708, 0.045882422, 0.70984083;
 0.0015683062, -0.045999113, 0.99894023, -3.5594199;
 0, 0, 0, 1]
Ow:
[-0.16455777;
 -0.86590821;
 3.5235808]
Keyframe: 86 Frame: 435 Frame from vFrameID : 436
Tcw:
[0.99892938, 0.041472811, 0.020495264, -0.16608459;
 -0.040125869, 0.99725318, -0.062257458, -0.88375878;
 -0.023020959, 0.061368413, 0.99784964, 3.5828485;
 0, 0, 0, 1]
Twc:
[0.99892938, -0.040125869, -0.023020959, 0.21292579;
 0.041472811, 0.99725318, 0.061368413, 0.66834557;
 0.020495264, -0.062257458, 0.99784964, -3.626761;
 0, 0, 0, 1]
Ow:
[-0.16608459;
 -0.88375878;
 3.5828485]
Keyframe: 87 Frame: 440 Frame from vFrameID : 441
Tcw:
[0.99955988, 0.027139414, -0.011979932, -0.16735408;
 -0.028187329, 0.99475586, -0.098317057, -0.90147269;
 0.0092488397, 0.098611467, 0.99508303, 3.6369283;
 0, 0, 0, 1]
Twc:
[0.99955988, -0.028187329, 0.0092488397, 0.10823295;
 0.027139414, 0.99475586, 0.098611467, 0.54264426;
 -0.011979932, -0.098317057, 0.99508303, -3.7096808;
 0, 0, 0, 1]
Ow:
[-0.16735408;
 -0.90147269;
 3.6369283]
Keyframe: 88 Frame: 445 Frame from vFrameID : 446
Tcw:
[0.9984014, 0.048639242, -0.02879066, -0.16167526;
 -0.050953396, 0.99499017, -0.086013116, -0.91390437;
 0.024462814, 0.087342598, 0.99587792, 3.6743679;
 0, 0, 0, 1]
Twc:
[0.9984014, -0.050953396, 0.024462814, 0.024964897;
 0.048639242, 0.99499017, 0.087342598, 0.59626079;
 -0.02879066, -0.086013116, 0.99587792, -3.7424846;
 0, 0, 0, 1]
Ow:
[-0.16167526;
 -0.91390437;
 3.6743679]
Keyframe: 89 Frame: 450 Frame from vFrameID : 451
Tcw:
[0.99642724, 0.077944197, -0.032518957, -0.16288887;
 -0.079814389, 0.99495113, -0.060843587, -0.92900127;
 0.02761237, 0.063221686, 0.99761742, 3.7252796;
 0, 0, 0, 1]
Twc:
[0.99642724, -0.079814389, 0.02761237, -0.014704558;
 0.077944197, 0.99495113, 0.063221686, 0.70148861;
 -0.032518957, -0.060843587, 0.99761742, -3.7782247;
 0, 0, 0, 1]
Ow:
[-0.16288887;
 -0.92900127;
 3.7252796]
Keyframe: 90 Frame: 456 Frame from vFrameID : 457
Tcw:
[0.99848449, 0.054981206, -0.0024141537, -0.17631805;
