Keyframe: 0 Frame: 0 Frame from vFrameID : 65
Tcw:
[1, 0, 0, 0;
 0, 1, 0, 0;
 0, 0, 1, 0;
 0, 0, 0, 1]
Twc:
[1, 0, 0, 0;
 0, 1, 0, 0;
 0, 0, 1, 0;
 0, 0, 0, 1]
Ow:
[0;
 0;
 0]
Keyframe: 1 Frame: 1101 Frame from vFrameID : 65
Tcw:
[0.99981505, 0.011527715, -0.015394375, 0.01590462;
 -0.011198042, 0.99970973, 0.021332325, 0.0031639766;
 0.015635818, -0.021155994, 0.99965394, 0.028637324;
 0, 0, 0, 1]
Twc:
[0.99981505, -0.011198042, 0.015635818, -0.016314017;
 0.011527715, 0.99970973, -0.021155994, -0.002740551;
 -0.015394375, 0.021332325, 0.99965394, -0.028450066;
 0, 0, 0, 1]
Ow:
[0.01590462;
 0.0031639766;
 0.028637324]
Keyframe: 2 Frame: 1104 Frame from vFrameID : 67
Tcw:
[0.99994648, 0.010016647, -0.0026006326, 0.016978394;
 -0.0099867722, 0.99988675, 0.011257216, 0.0054184934;
 0.0027130977, -0.011230641, 0.99993324, 0.031991392;
 0, 0, 0, 1]
Twc:
[0.99994648, -0.0099867722, 0.0027130977, -0.017010167;
 0.010016647, 0.99988675, -0.011230641, -0.0052286629;
 -0.0026006326, 0.011257216, 0.99993324, -0.0320061;
 0, 0, 0, 1]
Ow:
[0.016978394;
 0.0054184934;
 0.031991392]
Keyframe: 3 Frame: 1106 Frame from vFrameID : 68
Tcw:
[0.99986738, 0.014098798, 0.0081520593, 0.016794374;
 -0.014174256, 0.99985653, 0.0092738848, 0.0054469458;
 -0.0080201393, -0.0093882037, 0.99992377, 0.038073402;
 0, 0, 0, 1]
Twc:
[0.99986738, -0.014174256, -0.0080201393, -0.016409585;
 0.014098798, 0.99985653, -0.0093882037, -0.0053255041;
 0.0081520593, 0.0092738848, 0.99992377, -0.038257923;
 0, 0, 0, 1]
Ow:
[0.016794374;
 0.0054469458;
 0.038073402]
Keyframe: 4 Frame: 1108 Frame from vFrameID : 69
Tcw:
[0.99992377, 0.0036038405, 0.011810393, 0.015765928;
 -0.0036348477, 0.99998999, 0.0026050021, 0.0066051888;
 -0.011800887, -0.0026477326, 0.99992687, 0.042091645;
 0, 0, 0, 1]
Twc:
[0.99992377, -0.0036348477, -0.011800887, -0.015243998;
 0.0036038405, 0.99998999, -0.0026477326, -0.0065504932;
 0.011810393, 0.0026050021, 0.99992687, -0.042291973;
 0, 0, 0, 1]
Ow:
[0.015765928;
 0.0066051888;
 0.042091645]
Keyframe: 5 Frame: 1111 Frame from vFrameID : 70
Tcw:
[0.99957955, -0.01121123, 0.026740756, 0.014045243;
 0.011020833, 0.99991292, 0.0072568925, 0.0081248432;
 -0.026819786, -0.0069591356, 0.99961609, 0.048245195;
 0, 0, 0, 1]
Twc:
[0.99957955, 0.011020833, -0.026819786, -0.012834954;
 -0.01121123, 0.99991292, -0.0069591356, -0.0076309261;
 0.026740756, 0.0072568925, 0.99961609, -0.048661213;
 0, 0, 0, 1]
Ow:
[0.014045243;
 0.0081248432;
 0.048245195]
Keyframe: 6 Frame: 1114 Frame from vFrameID : 72
Tcw:
[0.9994598, -0.0095890276, 0.031435303, 0.01766241;
 0.0092193503, 0.99988687, 0.011883879, 0.0084510893;
 -0.031545702, -0.011587647, 0.99943513, 0.054494664;
 0, 0, 0, 1]
Twc:
[0.9994598, 0.0092193503, -0.031545702, -0.016011709;
 -0.0095890276, 0.99988687, -0.011587647, -0.0076493029;
 0.031435303, 0.011883879, 0.99943513, -0.055119537;
 0, 0, 0, 1]
Ow:
[0.01766241;
 0.0084510893;
 0.054494664]
Keyframe: 7 Frame: 1117 Frame from vFrameID : 74
Tcw:
[0.99929821, -0.0033672401, 0.037306339, 0.018833309;
 0.0027254478, 0.99984765, 0.01724082, 0.0081780888;
 -0.037358709, -0.017127044, 0.99915516, 0.059822965;
 0, 0, 0, 1]
Twc:
[0.99929821, 0.0027254478, -0.037358709, -0.016607473;
 -0.0033672401, 0.99984765, -0.017127044, -0.0070888358;
 0.037306339, 0.01724082, 0.99915516, -0.06061602;
 0, 0, 0, 1]
Ow:
[0.018833309;
 0.0081780888;
 0.059822965]
Keyframe: 8 Frame: 1121 Frame from vFrameID : 76
Tcw:
[0.99974138, -0.00023352278, 0.022741131, 0.020611022;
 -5.2830859e-05, 0.99992073, 0.012590467, 0.011535048;
 -0.02274227, -0.012588412, 0.9996621, 0.068120278;
 0, 0, 0, 1]
Twc:
[0.99974138, -5.2830859e-05, -0.02274227, -0.019055871;
 -0.00023352278, 0.99992073, -0.012588412, -0.010671793;
 0.022741131, 0.012590467, 0.9996621, -0.068711206;
 0, 0, 0, 1]
Ow:
[0.020611022;
 0.011535048;
 0.068120278]
Keyframe: 9 Frame: 1125 Frame from vFrameID : 78
Tcw:
[0.99980915, -0.00054315652, -0.019527936, 0.023375148;
 0.00078714057, 0.99992168, 0.012488589, 0.01209204;
 0.019519623, -0.012501577, 0.9997313, 0.076560996;
 0, 0, 0, 1]
Twc:
[0.99980915, 0.00078714057, 0.019519623, -0.024874648;
 -0.00054315652, 0.99992168, -0.012501577, -0.011121264;
 -0.019527936, 0.012488589, 0.9997313, -0.076234967;
 0, 0, 0, 1]
Ow:
[0.023375148;
 0.01209204;
 0.076560996]
Keyframe: 10 Frame: 1129 Frame from vFrameID : 80
Tcw:
[0.99864805, 0.0088339318, -0.051225085, 0.030830655;
 -0.0079725757, 0.99982381, 0.016995149, 0.015686704;
 0.051366191, -0.016563777, 0.99854249, 0.083006173;
 0, 0, 0, 1]
Twc:
[0.99864805, -0.0079725757, 0.051366191, -0.034927625;
 0.0088339318, 0.99982381, -0.016563777, -0.0145814;
 -0.051225085, 0.016995149, 0.99854249, -0.081572495;
 0, 0, 0, 1]
Ow:
[0.030830655;
 0.015686704;
 0.083006173]
Keyframe: 11 Frame: 1133 Frame from vFrameID : 82
Tcw:
[0.99827564, 0.016585736, -0.056308627, 0.033900354;
 -0.014914749, 0.9994396, 0.029967176, 0.012734737;
 0.056774098, -0.029075673, 0.99796361, 0.093677029;
 0, 0, 0, 1]
Twc:
[0.99827564, -0.014914749, 0.056774098, -0.038970392;
 0.016585736, 0.9994396, -0.029075673, -0.010566141;
 -0.056308627, 0.029967176, 0.99796361, -0.091959;
 0, 0, 0, 1]
Ow:
[0.033900354;
 0.012734737;
 0.093677029]
Keyframe: 12 Frame: 1137 Frame from vFrameID : 85
Tcw:
[0.99858904, 0.014532192, -0.051076144, 0.036859963;
 -0.01375363, 0.99978429, 0.015561725, 0.018099319;
 0.051291276, -0.014837286, 0.99857354, 0.10240622;
 0, 0, 0, 1]
Twc:
[0.99858904, -0.01375363, 0.051291276, -0.041811567;
 0.014532192, 0.99978429, -0.014837286, -0.017111642;
 -0.051076144, 0.015561725, 0.99857354, -0.10065912;
 0, 0, 0, 1]
Ow:
[0.036859963;
 0.018099319;
 0.10240622]
Keyframe: 13 Frame: 1142 Frame from vFrameID : 88
Tcw:
[0.9997105, 0.0081243869, -0.022647049, 0.03480256;
 -0.0075932336, 0.99969637, 0.023441687, 0.020138539;
 0.022830622, -0.023262937, 0.99946868, 0.11682317;
 0, 0, 0, 1]
Twc:
[0.9997105, -0.0075932336, 0.022830622, -0.037306715;
 0.0081243869, 0.99969637, -0.023262937, -0.017697524;
 -0.022647049, 0.023441687, 0.99946868, -0.116445;
 0, 0, 0, 1]
Ow:
[0.03480256;
 0.020138539;
 0.11682317]
Keyframe: 14 Frame: 1147 Frame from vFrameID : 91
Tcw:
[0.99967533, -0.020610509, 0.014979579, 0.032423005;
 0.020305401, 0.99958885, 0.020242725, 0.021775376;
 -0.015390635, -0.019931987, 0.99968284, 0.1285502;
 0, 0, 0, 1]
Twc:
[0.99967533, 0.020305401, -0.015390635, -0.030876169;
 -0.020610509, 0.99958885, -0.019931987, -0.01853591;
 0.014979579, 0.020242725, 0.99968284, -0.12943591;
 0, 0, 0, 1]
Ow:
[0.032423005;
 0.021775376;
 0.1285502]
Keyframe: 15 Frame: 1152 Frame from vFrameID : 94
Tcw:
[0.99931622, -0.011001252, 0.035298984, 0.037345245;
 0.010374132, 0.99978596, 0.017900204, 0.024472848;
 -0.035488356, -0.017521769, 0.9992165, 0.13715625;
 0, 0, 0, 1]
Twc:
[0.99931622, 0.010374132, -0.035488356, -0.032706149;
 -0.011001252, 0.99978596, -0.017521769, -0.021653544;
 0.035298984, 0.017900204, 0.9992165, -0.13880509;
 0, 0, 0, 1]
Ow:
[0.037345245;
 0.024472848;
 0.13715625]
Keyframe: 16 Frame: 1157 Frame from vFrameID : 97
Tcw:
[0.99916154, 0.0062307441, 0.040465113, 0.040429916;
 -0.0067849434, 0.99988484, 0.01357287, 0.026946187;
 -0.040375885, -0.013836042, 0.99908876, 0.14967552;
 0, 0, 0, 1]
Twc:
[0.99916154, -0.0067849434, -0.040375885, -0.034169909;
 0.0062307441, 0.99988484, -0.013836042, -0.025124077;
 0.040465113, 0.01357287, 0.99908876, -0.15154086;
 0, 0, 0, 1]
Ow:
[0.040429916;
 0.026946187;
 0.14967552]
Keyframe: 17 Frame: 1163 Frame from vFrameID : 101
Tcw:
[0.99993032, 0.011443685, 0.0028986305, 0.043280169;
 -0.011443201, 0.99993449, -0.0001836291, 0.027967205;
 -0.002900542, 0.00015044669, 0.99999577, 0.16340674;
 0, 0, 0, 1]
Twc:
[0.99993032, -0.011443201, -0.002900542, -0.042483151;
 0.011443685, 0.99993449, 0.00015044669, -0.028485242;
 0.0028986305, -0.0001836291, 0.99999577, -0.16352637;
 0, 0, 0, 1]
Ow:
[0.043280169;
 0.027967205;
 0.16340674]
Keyframe: 18 Frame: 1169 Frame from vFrameID : 105
Tcw:
[0.999654, 0.0183788, -0.01881825, 0.047791574;
 -0.018010994, 0.99964702, 0.01953157, 0.031271242;
 0.019170573, -0.019185876, 0.99963212, 0.17674345;
 0, 0, 0, 1]
Twc:
[0.999654, -0.018010994, 0.019170573, -0.050600085;
 0.0183788, 0.99964702, -0.019185876, -0.028747575;
 -0.01881825, 0.01953157, 0.99963212, -0.17638986;
 0, 0, 0, 1]
Ow:
[0.047791574;
 0.031271242;
 0.17674345]
Keyframe: 19 Frame: 1176 Frame from vFrameID : 109
Tcw:
[0.99977314, 0.020418962, 0.0060589304, 0.049473144;
 -0.020565085, 0.9994728, 0.025123646, 0.03500976;
 -0.0055427374, -0.02524255, 0.99966598, 0.19068407;
 0, 0, 0, 1]
Twc:
[0.99977314, -0.020565085, -0.0055427374, -0.047685031;
 0.020418962, 0.9994728, -0.02524255, -0.031188142;
 0.0060589304, 0.025123646, 0.99966598, -0.1917997;
 0, 0, 0, 1]
Ow:
[0.049473144;
 0.03500976;
 0.19068407]
Keyframe: 20 Frame: 1182 Frame from vFrameID : 113
Tcw:
[0.99959612, 0.012695533, 0.025425803, 0.049341805;
 -0.013240673, 0.99968356, 0.021388065, 0.037684072;
 -0.025146224, -0.021716081, 0.99944788, 0.20574677;
 0, 0, 0, 1]
Twc:
[0.99959612, -0.013240673, -0.025146224, -0.043649159;
 0.012695533, 0.99968356, -0.021716081, -0.033830557;
 0.025425803, 0.021388065, 0.99944788, -0.20769371;
 0, 0, 0, 1]
Ow:
[0.049341805;
 0.037684072;
 0.20574677]
Keyframe: 21 Frame: 1189 Frame from vFrameID : 117
Tcw:
[0.99926317, 0.0025937906, 0.038292773, 0.049441986;
 -0.0031869132, 0.99987578, 0.015436242, 0.04109066;
 -0.03824798, -0.015546905, 0.99914736, 0.21769352;
 0, 0, 0, 1]
Twc:
[0.99926317, -0.0031869132, -0.03824798, -0.040948268;
 0.0025937906, 0.99987578, -0.015546905, -0.037829332;
 0.038292773, 0.015436242, 0.99914736, -0.22003545;
 0, 0, 0, 1]
Ow:
[0.049441986;
 0.04109066;
 0.21769352]
Keyframe: 22 Frame: 1196 Frame from vFrameID : 121
Tcw:
[0.99945867, 0.011306108, 0.030895619, 0.055128098;
 -0.01172761, 0.99984014, 0.013495776, 0.043625142;
 -0.030738097, -0.013850803, 0.99943149, 0.23367734;
 0, 0, 0, 1]
Twc:
[0.99945867, -0.01172761, -0.030738097, -0.047403838;
 0.011306108, 0.99984014, -0.013850803, -0.041004837;
 0.030895619, 0.013495776, 0.99943149, -0.23583648;
 0, 0, 0, 1]
Ow:
[0.055128098;
 0.043625142;
 0.23367734]
Keyframe: 23 Frame: 1203 Frame from vFrameID : 125
Tcw:
[0.99945337, 0.032888412, 0.0033622736, 0.062677421;
 -0.032933187, 0.99935579, 0.01426355, 0.044764213;
 -0.002891002, -0.014366483, 0.99989259, 0.24883677;
 0, 0, 0, 1]
Twc:
[0.99945337, -0.032933187, -0.002891002, -0.060449548;
 0.032888412, 0.99935579, -0.014366483, -0.043221824;
 0.0033622736, 0.01426355, 0.99989259, -0.2496593;
 0, 0, 0, 1]
Ow:
[0.062677421;
 0.044764213;
 0.24883677]
Keyframe: 24 Frame: 1209 Frame from vFrameID : 129
Tcw:
[0.99979347, 0.020196835, 0.0022581264, 0.064694405;
 -0.020220386, 0.99973565, 0.010944042, 0.046589229;
 -0.0020364944, -0.010987442, 0.99993753, 0.25829953;
 0, 0, 0, 1]
Twc:
[0.99979347, -0.020220386, -0.0020364944, -0.063212968;
 0.020196835, 0.99973565, -0.010987442, -0.045045484;
 0.0022581264, 0.010944042, 0.99993753, -0.25893939;
 0, 0, 0, 1]
Ow:
[0.064694405;
 0.046589229;
 0.25829953]
Keyframe: 25 Frame: 1215 Frame from vFrameID : 133
Tcw:
[0.9988746, 0.018224791, 0.043787319, 0.066236019;
 -0.018476024, 0.99981505, 0.0053397156, 0.050720543;
 -0.043681905, -0.006142722, 0.9990266, 0.27148131;
 0, 0, 0, 1]
Twc:
[0.9988746, -0.018476024, -0.043681905, -0.053365547;
 0.018224791, 0.99981505, -0.006142722, -0.050250668;
 0.043787319, 0.0053397156, 0.9990266, -0.27438816;
 0, 0, 0, 1]
Ow:
[0.066236019;
 0.050720543;
 0.27148131]
Keyframe: 26 Frame: 1222 Frame from vFrameID : 137
Tcw:
[0.99766636, -0.0035343936, 0.068186186, 0.065577753;
 0.001324335, 0.99947315, 0.032430127, 0.054805763;
 -0.068264887, -0.032264147, 0.99714541, 0.28540653;
 0, 0, 0, 1]
Twc:
[0.99766636, 0.001324335, -0.068264887, -0.046014059;
 -0.0035343936, 0.99947315, -0.032264147, -0.045336712;
 0.068186186, 0.032430127, 0.99714541, -0.29084066;
 0, 0, 0, 1]
Ow:
[0.065577753;
 0.054805763;
 0.28540653]
Keyframe: 27 Frame: 1228 Frame from vFrameID : 140
Tcw:
[0.99794322, 0.0088373246, 0.063491933, 0.071594022;
 -0.010069504, 0.99976665, 0.019113166, 0.056788366;
 -0.063308202, -0.019713186, 0.99779934, 0.2992802;
 0, 0, 0, 1]
Twc:
[0.99794322, -0.010069504, -0.063308202, -0.051928047;
 0.0088373246, 0.99976665, -0.019713186, -0.051508043;
 0.063491933, 0.019113166, 0.99779934, -0.30425262;
 0, 0, 0, 1]
Ow:
[0.071594022;
 0.056788366;
 0.2992802]
Keyframe: 28 Frame: 1235 Frame from vFrameID : 1236
Tcw:
[0.998941, 0.037672628, 0.026413329, 0.084752783;
 -0.037379771, 0.99923503, -0.011494938, 0.058410753;
 -0.026826167, 0.01049544, 0.99958503, 0.314906;
 0, 0, 0, 1]
Twc:
[0.998941, -0.037379771, -0.026826167, -0.074031934;
 0.037672628, 0.99923503, 0.01049544, -0.06486401;
 0.026413329, -0.011494938, 0.99958503, -0.3163425;
 0, 0, 0, 1]
Ow:
[0.084752783;
 0.058410753;
 0.314906]
Keyframe: 29 Frame: 1241 Frame from vFrameID : 1242
Tcw:
[0.99926513, 0.02988586, 0.024000091, 0.08666759;
 -0.029784091, 0.99954581, -0.0045867744, 0.060794547;
 -0.024126271, 0.0038685831, 0.99970144, 0.32541934;
 0, 0, 0, 1]
Twc:
[0.99926513, -0.029784091, -0.024126271, -0.076942042;
 0.02988586, 0.99954581, 0.0038685831, -0.064615987;
 0.024000091, -0.0045867744, 0.99970144, -0.32712334;
 0, 0, 0, 1]
Ow:
[0.08666759;
 0.060794547;
 0.32541934]
Keyframe: 30 Frame: 1247 Frame from vFrameID : 1248
Tcw:
[0.99865866, 0.030840805, 0.041590229, 0.090322979;
 -0.031422101, 0.99941641, 0.01339606, 0.063248351;
 -0.041152813, -0.014684943, 0.99904495, 0.33824584;
 0, 0, 0, 1]
Twc:
[0.99865866, -0.031422101, -0.041152813, -0.074294657;
 0.030840805, 0.99941641, -0.014684943, -0.061029952;
 0.041590229, 0.01339606, 0.99904495, -0.34252664;
 0, 0, 0, 1]
Ow:
[0.090322979;
 0.063248351;
 0.33824584]
Keyframe: 31 Frame: 1255 Frame from vFrameID : 1256
Tcw:
[0.9980514, 0.010507894, 0.061505847, 0.090445153;
 -0.0092358273, 0.99973828, -0.020929936, 0.068822198;
 -0.06170968, 0.020321095, 0.99788725, 0.35690472;
 0, 0, 0, 1]
Twc:
[0.9980514, -0.0092358273, -0.06170968, -0.067608804;
 0.010507894, 0.99973828, 0.020321095, -0.077007271;
 0.061505847, -0.020929936, 0.99788725, -0.36027312;
 0, 0, 0, 1]
Ow:
[0.090445153;
 0.068822198;
 0.35690472]
Keyframe: 32 Frame: 1262 Frame from vFrameID : 1263
Tcw:
[0.99546373, 0.016180057, 0.093756109, 0.096124381;
 -0.017093988, 0.9998138, 0.0089530144, 0.072158545;
 -0.093593791, -0.010515067, 0.99555492, 0.37171602;
 0, 0, 0, 1]
Twc:
[0.99546373, -0.017093988, -0.093593791, -0.059664536;
 0.016180057, 0.9998138, -0.010515067, -0.069791786;
 0.093756109, 0.0089530144, 0.99555492, -0.379722;
 0, 0, 0, 1]
Ow:
[0.096124381;
 0.072158545;
 0.37171602]
Keyframe: 33 Frame: 1269 Frame from vFrameID : 1270
Tcw:
[0.99772578, 0.02955823, 0.060577452, 0.10333321;
 -0.028663933, 0.99946767, -0.015579268, 0.072062343;
 -0.0610057, 0.013807449, 0.99804193, 0.38560581;
 0, 0, 0, 1]
Twc:
[0.99772578, -0.028663933, -0.0610057, -0.077508464;
 0.02955823, 0.99946767, 0.013807449, -0.080402568;
 0.060577452, -0.015579268, 0.99804193, -0.38998774;
 0, 0, 0, 1]
Ow:
[0.10333321;
 0.072062343;
 0.38560581]
Keyframe: 34 Frame: 1276 Frame from vFrameID : 1277
Tcw:
[0.99836081, 0.0390932, 0.041801583, 0.11050017;
 -0.039136939, 0.99923384, 0.00022811738, 0.075734518;
 -0.041760638, -0.0018637294, 0.9991259, 0.39651096;
 0, 0, 0, 1]
Twc:
[0.99836081, -0.039136939, -0.041760638, -0.090796478;
 0.0390932, 0.99923384, -0.0018637294, -0.079257309;
 0.041801583, 0.00022811738, 0.9991259, -0.4008007;
 0, 0, 0, 1]
Ow:
[0.11050017;
 0.075734518;
 0.39651096]
Keyframe: 35 Frame: 1283 Frame from vFrameID : 1284
Tcw:
[0.99824381, 0.018808607, 0.056174479, 0.11267283;
 -0.019384233, 0.99976486, 0.0097198412, 0.081473805;
 -0.055978455, -0.010791671, 0.99837363, 0.41498011;
 0, 0, 0, 1]
Twc:
[0.99824381, -0.019384233, -0.055978455, -0.087665692;
 0.018808607, 0.99976486, -0.010791671, -0.079095542;
 0.056174479, 0.0097198412, 0.99837363, -0.42142648;
 0, 0, 0, 1]
Ow:
[0.11267283;
 0.081473805;
 0.41498011]
Keyframe: 36 Frame: 1290 Frame from vFrameID : 1291
Tcw:
[0.99429685, 0.0069595384, 0.10642047, 0.11363;
 -0.0064235064, 0.99996489, -0.0053788703, 0.084881447;
 -0.10645417, 0.0046646013, 0.99430668, 0.42923737;
 0, 0, 0, 1]
Twc:
[0.99429685, -0.0064235064, -0.10645417, -0.066742606;
 0.0069595384, 0.99996489, 0.0046646013, -0.087671503;
 0.10642047, -0.0053788703, 0.99430668, -0.43842956;
 0, 0, 0, 1]
Ow:
[0.11363;
 0.084881447;
 0.42923737]
Keyframe: 37 Frame: 1296 Frame from vFrameID : 1297
Tcw:
[0.98950273, 0.013645809, 0.14386834, 0.11711767;
 -0.014965884, 0.99985522, 0.0080973348, 0.085672788;
 -0.14373702, -0.010165452, 0.9895637, 0.44303945;
 0, 0, 0, 1]
Twc:
[0.98950273, -0.014965884, -0.14373702, -0.050924916;
 0.013645809, 0.99985522, -0.010165452, -0.08275485;
 0.14386834, 0.0080973348, 0.9895637, -0.45595902;
 0, 0, 0, 1]
Ow:
[0.11711767;
 0.085672788;
 0.44303945]
Keyframe: 38 Frame: 1303 Frame from vFrameID : 1304
Tcw:
[0.9943105, 0.025795238, 0.10335019, 0.12814374;
 -0.023058174, 0.99935329, -0.027591353, 0.090785168;
 -0.10399508, 0.025051305, 0.99426228, 0.4566578;
 0, 0, 0, 1]
Twc:
[0.9943105, -0.023058174, -0.10399508, -0.077831157;
 0.025795238, 0.99935329, 0.025051305, -0.10547183;
 0.10335019, -0.027591353, 0.99426228, -0.46477643;
 0, 0, 0, 1]
Ow:
[0.12814374;
 0.090785168;
 0.4566578]
Keyframe: 39 Frame: 1309 Frame from vFrameID : 1310
Tcw:
[0.99560112, 0.030115547, 0.088721439, 0.13110082;
 -0.030386331, 0.99953675, 0.0017027295, 0.091283903;
 -0.088629067, -0.0043911585, 0.99605501, 0.46880254;
 0, 0, 0, 1]
Twc:
[0.99560112, -0.030386331, -0.088629067, -0.086200811;
 0.030115547, 0.99953675, -0.0043911585, -0.093131207;
 0.088721439, 0.0017027295, 0.99605501, -0.47874004;
 0, 0, 0, 1]
Ow:
[0.13110082;
 0.091283903;
 0.46880254]
Keyframe: 40 Frame: 1316 Frame from vFrameID : 1317
Tcw:
[0.99651867, 0.021556467, 0.080534771, 0.13524348;
 -0.022770237, 0.99964011, 0.014183406, 0.093828551;
 -0.080200046, -0.015967824, 0.99665087, 0.48119399;
 0, 0, 0, 1]
Twc:
[0.99651867, -0.022770237, -0.080200046, -0.09404438;
 0.021556467, 0.99964011, -0.015967824, -0.089026533;
 0.080534771, 0.014183406, 0.99665087, -0.49180502;
 0, 0, 0, 1]
Ow:
[0.13524348;
 0.093828551;
 0.48119399]
Keyframe: 41 Frame: 1322 Frame from vFrameID : 1323
Tcw:
[0.99585217, 0.0040678168, 0.090895183, 0.13618481;
 -0.0063639986, 0.99966753, 0.024986334, 0.096869498;
 -0.090763323, -0.025461152, 0.99554694, 0.49486309;
 0, 0, 0, 1]
Twc:
[0.99585217, -0.0063639986, -0.090763323, -0.090088047;
 0.0040678168, 0.99966753, -0.025461152, -0.084791489;
 0.090895183, 0.024986334, 0.99554694, -0.50745839;
 0, 0, 0, 1]
Ow:
[0.13618481;
 0.096869498;
 0.49486309]
Keyframe: 42 Frame: 1329 Frame from vFrameID : 1330
Tcw:
[0.99368578, -0.0087058088, 0.11186069, 0.1392954;
 0.0059975176, 0.99968123, 0.024525018, 0.10064846;
 -0.11203854, -0.023699276, 0.9934212, 0.50953752;
 0, 0, 0, 1]
Twc:
[0.99368578, 0.0059975176, -0.11203854, -0.081931651;
 -0.0087058088, 0.99968123, -0.023699276, -0.087328017;
 0.11186069, 0.024525018, 0.9934212, -0.52423549;
 0, 0, 0, 1]
Ow:
[0.1392954;
 0.10064846;
 0.50953752]
Keyframe: 43 Frame: 1335 Frame from vFrameID : 1336
Tcw:
[0.99649757, 0.0069310316, 0.083334155, 0.14512427;
 -0.0085558156, 0.99977988, 0.019155931, 0.10323896;
 -0.083183043, -0.019801831, 0.99633753, 0.52106965;
 0, 0, 0, 1]
Twc:
[0.99649757, -0.0085558156, -0.083183043, -0.10038852;
 0.0069310316, 0.99977988, -0.019801831, -0.093903959;
 0.083334155, 0.019155931, 0.99633753, -0.53323269;
 0, 0, 0, 1]
Ow:
[0.14512427;
 0.10323896;
 0.52106965]
Keyframe: 44 Frame: 1342 Frame from vFrameID : 1343
Tcw:
[0.99884784, 0.032784585, 0.035045326, 0.15705837;
 -0.032823369, 0.99946105, 0.0005318186, 0.10459362;
 -0.035009, -0.0016815115, 0.9993856, 0.53259516;
 0, 0, 0, 1]
Twc:
[0.99884784, -0.032823369, -0.035009, -0.13479868;
 0.032784585, 0.99946105, -0.0016815115, -0.10879077;
 0.035045326, 0.0005318186, 0.9993856, -0.53782773;
 0, 0, 0, 1]
Ow:
[0.15705837;
 0.10459362;
 0.53259516]
Keyframe: 45 Frame: 1349 Frame from vFrameID : 1350
Tcw:
[0.99918598, 0.03480266, 0.020400371, 0.15927279;
 -0.034867816, 0.99938786, 0.002846776, 0.10334671;
 -0.020288808, -0.0035557752, 0.99978787, 0.54167706;
 0, 0, 0, 1]
Twc:
[0.99918598, -0.034867816, -0.020288808, -0.14454968;
 0.03480266, 0.99938786, -0.0035557752, -0.10690048;
 0.020400371, 0.002846776, 0.99978787, -0.54510552;
 0, 0, 0, 1]
Ow:
[0.15927279;
 0.10334671;
 0.54167706]
Keyframe: 46 Frame: 1356 Frame from vFrameID : 1357
Tcw:
[0.99809021, 0.032098234, 0.052779675, 0.15936047;
 -0.031646997, 0.99945527, -0.0093633058, 0.10497092;
 -0.053051468, 0.0076751057, 0.99856228, 0.5531885;
 0, 0, 0, 1]
Twc:
[0.99809021, -0.031646997, -0.053051468, -0.12638664;
 0.032098234, 0.99945527, 0.0076751057, -0.1142747;
 0.052779675, -0.0093633058, 0.99856228, -0.55982125;
 0, 0, 0, 1]
Ow:
[0.15936047;
 0.10497092;
 0.5531885]
Keyframe: 47 Frame: 1363 Frame from vFrameID : 1364
Tcw:
[0.99703103, 0.013853415, 0.075744435, 0.1584865;
 -0.012313922, 0.99970877, -0.020754237, 0.10657196;
 -0.076009892, 0.019759906, 0.99691123, 0.5633781;
 0, 0, 0, 1]
Twc:
[0.99703103, -0.012313922, -0.076009892, -0.11388132;
 0.013853415, 0.99970877, 0.019759906, -0.11986879;
 0.075744435, -0.020754237, 0.99691123, -0.57143062;
 0, 0, 0, 1]
Ow:
[0.1584865;
 0.10657196;
 0.5633781]
Keyframe: 48 Frame: 1370 Frame from vFrameID : 1371
Tcw:
[0.99706805, 0.0093019698, 0.075952388, 0.16136432;
 -0.0081955334, 0.99985588, -0.01486622, 0.11132396;
 -0.076079726, 0.014200162, 0.99700063, 0.57568961;
 0, 0, 0, 1]
Twc:
[0.99706805, -0.0081955334, -0.076079726, -0.11618054;
 0.0093019698, 0.99985588, 0.014200162, -0.12098381;
 0.075952388, -0.01486622, 0.99700063, -0.58456391;
 0, 0, 0, 1]
Ow:
[0.16136432;
 0.11132396;
 0.57568961]
Keyframe: 49 Frame: 1377 Frame from vFrameID : 1378
Tcw:
[0.99814433, 0.043879174, 0.042219464, 0.16835219;
 -0.043067839, 0.99887317, -0.019938907, 0.1120495;
 -0.043046791, 0.018083606, 0.99890935, 0.58727252;
 0, 0, 0, 1]
Twc:
[0.99814433, -0.043067839, -0.043046791, -0.13793385;
 0.043879174, 0.99887317, 0.018083606, -0.12993039;
 0.042219464, -0.019938907, 0.99890935, -0.59150565;
 0, 0, 0, 1]
Ow:
[0.16835219;
 0.1120495;
 0.58727252]
Keyframe: 50 Frame: 1384 Frame from vFrameID : 1385
Tcw:
[0.99890184, 0.030639755, 0.035445295, 0.17049821;
 -0.030200593, 0.99946111, -0.01285973, 0.11317065;
 -0.035820216, 0.011775139, 0.99928886, 0.59670818;
 0, 0, 0, 1]
Twc:
[0.99890184, -0.030200593, -0.035820216, -0.14551893;
 0.030639755, 0.99946111, 0.011775139, -0.12536001;
 0.035445295, -0.01285973, 0.99928886, -0.60087186;
 0, 0, 0, 1]
Ow:
[0.17049821;
 0.11317065;
 0.59670818]
Keyframe: 51 Frame: 1391 Frame from vFrameID : 1392
Tcw:
[0.99681288, 0.028677497, 0.074442238, 0.17227966;
 -0.028144334, 0.99957025, -0.0082015079, 0.11606966;
 -0.074645445, 0.0060802419, 0.99719161, 0.60940766;
 0, 0, 0, 1]
Twc:
[0.99681288, -0.028144334, -0.074645445, -0.12297439;
 0.028677497, 0.99957025, 0.0060802419, -0.12466567;
 0.074442238, -0.0082015079, 0.99719161, -0.61956912;
 0, 0, 0, 1]
Ow:
[0.17227966;
 0.11606966;
 0.60940766]
Keyframe: 52 Frame: 1398 Frame from vFrameID : 1399
Tcw:
[0.99405277, 0.015084432, 0.10784961, 0.17345881;
 -0.01502225, 0.99988621, -0.0013890272, 0.1177421;
 -0.10785828, -0.00023937726, 0.99416625, 0.61729228;
 0, 0, 0, 1]
Twc:
[0.99405277, -0.01502225, -0.10785828, -0.10407839;
 0.015084432, 0.99988621, -0.00023937726, -0.12019746;
 0.10784961, -0.0013890272, 0.99416625, -0.63223505;
 0, 0, 0, 1]
Ow:
[0.17345881;
 0.1177421;
 0.61729228]
Keyframe: 53 Frame: 1405 Frame from vFrameID : 1406
Tcw:
[0.99677157, 0.037205867, 0.071148515, 0.17945084;
 -0.037391093, 0.99929988, 0.0012728174, 0.11817355;
 -0.071051344, -0.0039290288, 0.9974649, 0.62696928;
 0, 0, 0, 1]
Twc:
[0.99677157, -0.037391093, -0.071051344, -0.12990585;
 0.037205867, 0.99929988, -0.0039290288, -0.12230407;
 0.071148515, 0.0012728174, 0.9974649, -0.63829798;
 0, 0, 0, 1]
Ow:
[0.17945084;
 0.11817355;
 0.62696928]
Keyframe: 54 Frame: 1412 Frame from vFrameID : 1413
Tcw:
[0.99856865, 0.050955933, 0.016250893, 0.18229629;
 -0.051042441, 0.99868423, 0.0049535553, 0.11900974;
 -0.015977098, -0.0057759508, 0.9998557, 0.63829243;
 0, 0, 0, 1]
Twc:
[0.99856865, -0.051042441, -0.015977098, -0.16576277;
 0.050955933, 0.99868423, -0.0057759508, -0.12445548;
 0.016250893, 0.0049535553, 0.9998557, -0.6417523;
 0, 0, 0, 1]
Ow:
[0.18229629;
 0.11900974;
 0.63829243]
Keyframe: 55 Frame: 1419 Frame from vFrameID : 1420
Tcw:
[0.99793124, 0.054281879, 0.034448285, 0.18373989;
 -0.054239798, 0.99852562, -0.002155564, 0.12165871;
 -0.034514502, 0.00028263684, 0.99940413, 0.65252918;
 0, 0, 0, 1]
Twc:
[0.99793124, -0.054239798, -0.034514502, -0.1542393;
 0.054281879, 0.99852562, 0.00028263684, -0.13163751;
 0.034448285, -0.002155564, 0.99940413, -0.65820765;
 0, 0, 0, 1]
Ow:
[0.18373989;
 0.12165871;
 0.65252918]
Keyframe: 56 Frame: 1426 Frame from vFrameID : 1427
Tcw:
[0.99454391, 0.04588015, 0.093688138, 0.18519162;
 -0.044892773, 0.9989121, -0.012620643, 0.12215815;
 -0.094165251, 0.0083458629, 0.99552161, 0.66015589;
 0, 0, 0, 1]
Twc:
[0.99454391, -0.044892773, -0.094165251, -0.11653343;
 0.04588015, 0.9989121, 0.0083458629, -0.13603145;
 0.093688138, -0.012620643, 0.99552161, -0.67300797;
 0, 0, 0, 1]
Ow:
[0.18519162;
 0.12215815;
 0.66015589]
Keyframe: 57 Frame: 1433 Frame from vFrameID : 1434
Tcw:
[0.99122244, 0.044703573, 0.12441752, 0.18670988;
 -0.044601023, 0.99899834, -0.0036109111, 0.12260685;
 -0.12445432, -0.0019699328, 0.99222338, 0.66897225;
 0, 0, 0, 1]
Twc:
[0.99122244, -0.044601023, -0.12445432, -0.096346132;
 0.044703573, 0.99899834, -0.0019699328, -0.12951282;
 0.12441752, -0.0036109111, 0.99222338, -0.68655717;
 0, 0, 0, 1]
Ow:
[0.18670988;
 0.12260685;
 0.66897225]
Keyframe: 58 Frame: 1440 Frame from vFrameID : 1441
Tcw:
[0.99508965, 0.062075064, 0.07709264, 0.19230217;
 -0.06135821, 0.99804801, -0.011634995, 0.12557547;
 -0.077664398, 0.0068475967, 0.99695605, 0.68180698;
 0, 0, 0, 1]
Twc:
[0.99508965, -0.06135821, -0.077664398, -0.13070069;
 0.062075064, 0.99804801, 0.0068475967, -0.14193626;
 0.07709264, -0.011634995, 0.99695605, -0.69309562;
 0, 0, 0, 1]
Ow:
[0.19230217;
 0.12557547;
 0.68180698]
Keyframe: 59 Frame: 1446 Frame from vFrameID : 1447
Tcw:
[0.9965564, 0.069237866, 0.045622543, 0.19352663;
 -0.068122916, 0.9973495, -0.025558075, 0.1266675;
 -0.047271207, 0.022362122, 0.99863178, 0.69064087;
 0, 0, 0, 1]
Twc:
[0.9965564, -0.068122916, -0.047271207, -0.15158382;
 0.069237866, 0.9973495, 0.022362122, -0.15517533;
 0.045622543, -0.025558075, 0.99863178, -0.69528764;
 0, 0, 0, 1]
Ow:
[0.19352663;
 0.1266675;
 0.69064087]
Keyframe: 60 Frame: 1453 Frame from vFrameID : 1454
Tcw:
[0.99715418, 0.059176922, 0.046708554, 0.19556859;
 -0.05904875, 0.99824661, -0.0041203559, 0.1288314;
 -0.046870485, 0.0013505486, 0.99890006, 0.69766122;
 0, 0, 0, 1]
Twc:
[0.99715418, -0.05904875, -0.046870485, -0.15470497;
 0.059176922, 0.99824661, 0.0013505486, -0.14112088;
 0.046708554, -0.0041203559, 0.99890006, -0.70549774;
 0, 0, 0, 1]
Ow:
[0.19556859;
 0.1288314;
 0.69766122]
Keyframe: 61 Frame: 1459 Frame from vFrameID : 1460
Tcw:
[0.99435729, 0.052375391, 0.092251964, 0.19742149;
 -0.050158951, 0.99839795, -0.026184432, 0.12968846;
 -0.093475588, 0.02140942, 0.99539137, 0.70692086;
 0, 0, 0, 1]
Twc:
[0.99435729, -0.050158951, -0.093475588, -0.12372262;
 0.052375391, 0.99839795, 0.02140942, -0.15495549;
 0.092251964, -0.026184432, 0.99539137, -0.71847963;
 0, 0, 0, 1]
Ow:
[0.19742149;
 0.12968846;
 0.70692086]
Keyframe: 62 Frame: 1466 Frame from vFrameID : 1467
Tcw:
[0.98842537, 0.050518837, 0.14304924, 0.20000306;
 -0.04789459, 0.99861598, -0.021731598, 0.13093261;
 -0.14394912, 0.014628778, 0.98947698, 0.71530902;
 0, 0, 0, 1]
Twc:
[0.98842537, -0.04789459, -0.14394912, -0.088449053;
 0.050518837, 0.99861598, 0.014628778, -0.15131943;
 0.14304924, -0.021731598, 0.98947698, -0.73354667;
 0, 0, 0, 1]
Ow:
[0.20000306;
 0.13093261;
 0.71530902]
Keyframe: 63 Frame: 1472 Frame from vFrameID : 1473
Tcw:
[0.99002761, 0.045523603, 0.13331528, 0.20128149;
 -0.042463459, 0.9987672, -0.025709607, 0.13162029;
 -0.13432132, 0.019792194, 0.99074018, 0.72052366;
 0, 0, 0, 1]
Twc:
[0.99002761, -0.042463459, -0.13432132, -0.096903503;
 0.045523603, 0.9987672, 0.019792194, -0.15488182;
 0.13331528, -0.025709607, 0.99074018, -0.73730171;
 0, 0, 0, 1]
Ow:
[0.20128149;
 0.13162029;
 0.72052366]
Keyframe: 64 Frame: 1479 Frame from vFrameID : 1480
Tcw:
[0.99261409, 0.044838335, 0.11272429, 0.20249987;
 -0.041274074, 0.99857742, -0.033757776, 0.13284288;
 -0.11407758, 0.028855855, 0.99305266, 0.72312975;
 0, 0, 0, 1]
Twc:
[0.99261409, -0.041274074, -0.11407758, -0.11302836;
 0.044838335, 0.99857742, 0.028855855, -0.16260017;
 0.11272429, -0.033757776, 0.99305266, -0.73644811;
 0, 0, 0, 1]
Ow:
[0.20249987;
 0.13284288;
 0.72312975]
Keyframe: 65 Frame: 1485 Frame from vFrameID : 1486
Tcw:
[0.99578679, 0.050461963, 0.076565772, 0.20282635;
 -0.04932275, 0.99864328, -0.016698832, 0.13339786;
 -0.07730455, 0.01285204, 0.9969247, 0.72670203;
 0, 0, 0, 1]
Twc:
[0.99578679, -0.04932275, -0.07730455, -0.13921487;
 0.050461963, 0.99864328, 0.01285204, -0.15279149;
 0.076565772, -0.016698832, 0.9969247, -0.73776913;
 0, 0, 0, 1]
Ow:
[0.20282635;
 0.13339786;
 0.72670203]
Keyframe: 66 Frame: 1491 Frame from vFrameID : 1492
Tcw:
[0.99608201, 0.051272608, 0.072053961, 0.20314278;
 -0.051415496, 0.99867731, 0.00012846902, 0.13416745;
 -0.071952075, -0.003832656, 0.9974007, 0.72922838;
 0, 0, 0, 1]
Twc:
[0.99608201, -0.051415496, -0.071952075, -0.14297909;
 0.051272608, 0.99867731, -0.003832656, -0.14161077;
 0.072053961, 0.00012846902, 0.9974007, -0.74198741;
 0, 0, 0, 1]
Ow:
[0.20314278;
 0.13416745;
 0.72922838]
Keyframe: 67 Frame: 1497 Frame from vFrameID : 1498
Tcw:
[0.99410278, 0.035405137, 0.10249964, 0.20412481;
 -0.0360438, 0.99934059, 0.00438492, 0.13330281;
 -0.10227681, -0.0080535384, 0.99472338, 0.73121816;
 0, 0, 0, 1]
Twc:
[0.99410278, -0.0360438, -0.10227681, -0.12332963;
 0.035405137, 0.99934059, -0.0080535384, -0.13455307;
 0.10249964, 0.00438492, 0.99472338, -0.74886703;
 0, 0, 0, 1]
Ow:
[0.20412481;
 0.13330281;
 0.73121816]
Keyframe: 68 Frame: 1502 Frame from vFrameID : 1503
Tcw:
[0.99188912, 0.030400176, 0.12341718, 0.20412949;
 -0.032868255, 0.99929738, 0.018010871, 0.1336154;
 -0.12278293, -0.021921294, 0.99219143, 0.73192823;
 0, 0, 0, 1]
Twc:
[0.99188912, -0.032868255, -0.12278293, -0.10821383;
 0.030400176, 0.99929738, -0.021921294, -0.1236823;
 0.12341718, 0.018010871, 0.99219143, -0.75381249;
 0, 0, 0, 1]
Ow:
[0.20412949;
 0.1336154;
 0.73192823]
Keyframe: 69 Frame: 1508 Frame from vFrameID : 1509
Tcw:
[0.99088603, 0.036760349, 0.12959002, 0.20446044;
 -0.039184164, 0.99910063, 0.016203029, 0.1332854;
 -0.12887783, -0.021133231, 0.99143529, 0.7338292;
 0, 0, 0, 1]
Twc:
[0.99088603, -0.039184164, -0.12887783, -0.10279999;
 0.036760349, 0.99910063, -0.021133231, -0.12517339;
 0.12959002, 0.016203029, 0.99143529, -0.75619978;
 0, 0, 0, 1]
Ow:
[0.20446044;
 0.1332854;
 0.7338292]
Keyframe: 70 Frame: 1514 Frame from vFrameID : 1515
Tcw:
[0.99530739, 0.039470762, 0.088347144, 0.20554341;
 -0.039442156, 0.99921972, -0.0020701764, 0.13319559;
 -0.088359922, -0.0014241399, 0.99608761, 0.73510963;
 0, 0, 0, 1]
Twc:
[0.99530739, -0.039442156, -0.088359922, -0.13437115;
 0.039470762, 0.99921972, -0.0014241399, -0.14015771;
 0.088347144, -0.0020701764, 0.99608761, -0.750117;
 0, 0, 0, 1]
Ow:
[0.20554341;
 0.13319559;
 0.73510963]
Keyframe: 71 Frame: 1520 Frame from vFrameID : 1521
Tcw:
[0.99624455, 0.064788282, 0.057439838, 0.20641664;
 -0.065675102, 0.99774718, 0.013686264, 0.13319662;
 -0.056423727, -0.017407233, 0.99825513, 0.73702216;
 0, 0, 0, 1]
Twc:
[0.99624455, -0.065675102, -0.056423727, -0.1553082;
 0.064788282, 0.99774718, -0.017407233, -0.13344042;
 0.057439838, 0.013686264, 0.99825513, -0.74941564;
 0, 0, 0, 1]
Ow:
[0.20641664;
 0.13319662;
 0.73702216]
Keyframe: 72 Frame: 1526 Frame from vFrameID : 1527
Tcw:
[0.99636924, 0.065084703, 0.054884244, 0.20769317;
 -0.065682888, 0.99779844, 0.0091645764, 0.13313717;
 -0.054166939, -0.012736258, 0.99845064, 0.73931366;
 0, 0, 0, 1]
Twc:
[0.99636924, -0.065682888, -0.054166939, -0.1581479;
 0.065084703, 0.99779844, -0.012736258, -0.13694562;
 0.054884244, 0.0091645764, 0.99845064, -0.7507875;
 0, 0, 0, 1]
Ow:
[0.20769317;
 0.13313717;
 0.73931366]
Keyframe: 73 Frame: 1533 Frame from vFrameID : 1534
Tcw:
[0.9972524, 0.021959374, 0.070749007, 0.20717645;
 -0.021316867, 0.99972451, -0.0098238308, 0.13428797;
 -0.070945241, 0.0082886918, 0.99744576, 0.74215329;
 0, 0, 0, 1]
Twc:
[0.9972524, -0.021316867, -0.070945241, -0.15109237;
 0.021959374, 0.99972451, 0.0082886918, -0.14495191;
 0.070749007, -0.0098238308, 0.99744576, -0.75359601;
 0, 0, 0, 1]
Ow:
[0.20717645;
 0.13428797;
 0.74215329]
Keyframe: 74 Frame: 1539 Frame from vFrameID : 1540
Tcw:
[0.99597842, 0.015031024, 0.08832366, 0.20787902;
 -0.016741667, 0.9996857, 0.018659094, 0.13449521;
 -0.088015437, -0.020062741, 0.99591702, 0.74365163;
 0, 0, 0, 1]
Twc:
[0.99597842, -0.016741667, -0.088015437, -0.13933851;
 0.015031024, 0.9996857, -0.020062741, -0.12265789;
 0.08832366, 0.018659094, 0.99591702, -0.76148558;
 0, 0, 0, 1]
Ow:
[0.20787902;
 0.13449521;
 0.74365163]
Keyframe: 75 Frame: 1545 Frame from vFrameID : 1546
Tcw:
[0.99734205, 0.02772535, 0.067380279, 0.20890382;
 -0.028739002, 0.99948722, 0.014121067, 0.13503246;
 -0.06695421, -0.016019976, 0.99762744, 0.74585009;
 0, 0, 0, 1]
Twc:
[0.99734205, -0.028739002, -0.06695421, -0.15453006;
 0.02772535, 0.99948722, -0.016019976, -0.12880664;
 0.067380279, 0.014121067, 0.99762744, -0.76006329;
 0, 0, 0, 1]
Ow:
[0.20890382;
 0.13503246;
 0.74585009]
Keyframe: 76 Frame: 1552 Frame from vFrameID : 1553
Tcw:
[0.99855441, 0.035260301, 0.040568594, 0.21022974;
 -0.03608264, 0.99915421, 0.019719673, 0.1353002;
 -0.039838959, -0.021154989, 0.99898213, 0.74829996;
 0, 0, 0, 1]
Twc:
[0.99855441, -0.03608264, -0.039838959, -0.17523235;
 0.035260301, 0.99915421, -0.021154989, -0.12676826;
 0.040568594, 0.019719673, 0.99898213, -0.75873512;
 0, 0, 0, 1]
Ow:
[0.21022974;
 0.1353002;
 0.74829996]
Keyframe: 77 Frame: 1559 Frame from vFrameID : 1560
Tcw:
[0.99901557, 0.031438392, 0.031297714, 0.21114087;
 -0.031796593, 0.9994337, 0.011013749, 0.13589329;
 -0.030933734, -0.011998068, 0.99944943, 0.7509436;
 0, 0, 0, 1]
Twc:
[0.99901557, -0.031796593, -0.030933734, -0.18338259;
 0.031438392, 0.9994337, -0.011998068, -0.13344438;
 0.031297714, 0.011013749, 0.99944943, -0.7586351;
 0, 0, 0, 1]
Ow:
[0.21114087;
 0.13589329;
 0.7509436]
Keyframe: 78 Frame: 1565 Frame from vFrameID : 1566
Tcw:
[0.99731177, 0.036683381, 0.063431457, 0.21203631;
 -0.036023568, 0.99928463, -0.01151495, 0.13605566;
 -0.063808486, 0.0091989674, 0.99791974, 0.75289601;
 0, 0, 0, 1]
Twc:
[0.99731177, -0.036023568, -0.063808486, -0.15852393;
 0.036683381, 0.99928463, 0.0091989674, -0.15066241;
 0.063431457, -0.01151495, 0.99791974, -0.76321292;
 0, 0, 0, 1]
Ow:
[0.21203631;
 0.13605566;
 0.75289601]
Keyframe: 79 Frame: 1572 Frame from vFrameID : 1573
Tcw:
[0.99391699, 0.025285354, 0.10719012, 0.21254452;
 -0.027197657, 0.99949527, 0.016415881, 0.13662142;
 -0.10672094, -0.019231342, 0.99410301, 0.75468183;
 0, 0, 0, 1]
Twc:
[0.99391699, -0.027197657, -0.10672094, -0.12699546;
 0.025285354, 0.99949527, -0.019231342, -0.12741318;
 0.10719012, 0.016415881, 0.99410301, -0.77525693;
 0, 0, 0, 1]
Ow:
[0.21254452;
 0.13662142;
 0.75468183]
Keyframe: 80 Frame: 1578 Frame from vFrameID : 1579
Tcw:
[0.99613076, 0.02768654, 0.083408356, 0.21310401;
 -0.028239107, 0.99958634, 0.0054521644, 0.13703607;
 -0.083222903, -0.0077864463, 0.99650055, 0.75695407;
 0, 0, 0, 1]
Twc:
[0.99613076, -0.028239107, -0.083222903, -0.14541376;
 0.02768654, 0.99958634, -0.0077864463, -0.13698551;
 0.083408356, 0.0054521644, 0.99650055, -0.77282691;
 0, 0, 0, 1]
Ow:
[0.21310401;
 0.13703607;
 0.75695407]
Keyframe: 81 Frame: 1584 Frame from vFrameID : 1585
Tcw:
[0.99794024, 0.040929556, 0.049396701, 0.21433559;
 -0.04159965, 0.99905473, 0.012614214, 0.13721798;
 -0.048833713, -0.014643117, 0.99869961, 0.75874496;
 0, 0, 0, 1]
Twc:
[0.99794024, -0.04159965, -0.048833713, -0.17113355;
 0.040929556, 0.99905473, -0.014643117, -0.13475053;
 0.049396701, 0.012614214, 0.99869961, -0.77007663;
 0, 0, 0, 1]
Ow:
[0.21433559;
 0.13721798;
 0.75874496]
Keyframe: 82 Frame: 1590 Frame from vFrameID : 1591
Tcw:
[0.99923325, 0.035577212, 0.016345358, 0.21476613;
 -0.035976294, 0.99904472, 0.024807429, 0.13770613;
 -0.015447164, -0.025376454, 0.99955863, 0.76084948;
 0, 0, 0, 1]
Twc:
[0.99923325, -0.035976294, -0.015447164, -0.19789435;
 0.035577212, 0.99904472, -0.025376454, -0.1259077;
 0.016345358, 0.024807429, 0.99955863, -0.7674402;
 0, 0, 0, 1]
Ow:
[0.21476613;
 0.13770613;
 0.76084948]
Keyframe: 83 Frame: 1596 Frame from vFrameID : 1597
Tcw:
[0.99902552, 0.025383379, 0.03610624, 0.21485116;
 -0.026087781, 0.99947578, 0.019173607, 0.13824394;
 -0.035600621, -0.020096855, 0.99916399, 0.76296061;
 0, 0, 0, 1]
Twc:
[0.99902552, -0.026087781, -0.035600621, -0.18387344;
 0.025383379, 0.99947578, -0.020096855, -0.12829201;
 0.03610624, 0.019173607, 0.99916399, -0.77273089;
 0, 0, 0, 1]
Ow:
[0.21485116;
 0.13824394;
 0.76296061]
Keyframe: 84 Frame: 1602 Frame from vFrameID : 1603
Tcw:
[0.9974097, 0.024718806, 0.067549221, 0.21521564;
 -0.026290646, 0.99940151, 0.022480367, 0.13859868;
 -0.066953108, -0.024198048, 0.99746263, 0.76486957;
 0, 0, 0, 1]
Twc:
[0.9974097, -0.026290646, -0.066953108, -0.15980393;
 0.024718806, 0.99940151, -0.024198048, -0.12532726;
 0.067549221, 0.022480367, 0.99746263, -0.78058219;
 0, 0, 0, 1]
Ow:
[0.21521564;
 0.13859868;
 0.76486957]
Keyframe: 85 Frame: 1608 Frame from vFrameID : 1609
Tcw:
[0.99525732, 0.038202181, 0.08946234, 0.21584979;
 -0.041612644, 0.99846429, 0.036571529, 0.13884944;
 -0.087927833, -0.040120844, 0.99531853, 0.76683021;
 0, 0, 0, 1]
Twc:
[0.99525732, -0.041612644, -0.087927833, -0.14162245;
 0.038202181, 0.99846429, -0.040120844, -0.11611625;
 0.08946234, 0.036571529, 0.99531853, -0.78762871;
 0, 0, 0, 1]
Ow:
[0.21584979;
 0.13884944;
 0.76683021]
Keyframe: 86 Frame: 1614 Frame from vFrameID : 1615
Tcw:
[0.99818999, 0.040283758, 0.044653893, 0.21693507;
 -0.040975746, 0.99905211, 0.014690876, 0.13905731;
 -0.044019762, -0.016494012, 0.99889451, 0.76890099;
 0, 0, 0, 1]
Twc:
[0.99818999, -0.040975746, -0.044019762, -0.1769976;
 0.040283758, 0.99905211, -0.016494012, -0.13498218;
 0.044653893, 0.014690876, 0.99889451, -0.77978086;
 0, 0, 0, 1]
Ow:
[0.21693507;
 0.13905731;
 0.76890099]
Keyframe: 87 Frame: 1620 Frame from vFrameID : 1621
Tcw:
[0.99854946, 0.050245199, 0.019349016, 0.2179796;
 -0.050355144, 0.99871767, 0.0052371453, 0.13907175;
 -0.019061062, -0.0062038712, 0.99979907, 0.77056402;
 0, 0, 0, 1]
Twc:
[0.99854946, -0.050355144, -0.019061062, -0.19597267;
 0.050245199, 0.99871767, -0.0062038712, -0.14506537;
 0.019349016, 0.0052371453, 0.99979907, -0.77535522;
 0, 0, 0, 1]
Ow:
[0.2179796;
 0.13907175;
 0.77056402]
Keyframe: 88 Frame: 1626 Frame from vFrameID : 1627
Tcw:
[0.99896497, 0.043429796, 0.013523146, 0.21847393;
 -0.04361913, 0.99894965, 0.014035388, 0.13939798;
 -0.012899388, -0.014610728, 0.99981004, 0.77239692;
 0, 0, 0, 1]
Twc:
[0.99896497, -0.04361913, -0.012899388, -0.20220391;
 0.043429796, 0.99894965, -0.014610728, -0.13745455;
 0.013523146, 0.014035388, 0.99981004, -0.77716118;
 0, 0, 0, 1]
Ow:
[0.21847393;
 0.13939798;
 0.77239692]
Keyframe: 89 Frame: 1632 Frame from vFrameID : 1633
Tcw:
[0.99826258, 0.038310759, 0.044767406, 0.21883126;
 -0.037958588, 0.99924153, -0.0086908061, 0.13996246;
 -0.045066401, 0.0069763986, 0.99895966, 0.77435756;
 0, 0, 0, 1]
Twc:
[0.99826258, -0.037958588, -0.045066401, -0.17824076;
 0.038310759, 0.99924153, 0.0069763986, -0.15364212;
 0.044767406, -0.0086908061, 0.99895966, -0.78213203;
 0, 0, 0, 1]
Ow:
[0.21883126;
 0.13996246;
