Keyframe: 0 Frame: 0 Frame from vFrameID : 117
Tcw:
[1, 0, 0, 0;
 0, 1, 0, 0;
 0, 0, 1, 0;
 0, 0, 0, 1]
Twc:
[1, 0, 0, 0;
 0, 1, 0, 0;
 0, 0, 1, 0;
 0, 0, 0, 1]
Ow:
[0;
 0;
 0]
Keyframe: 1 Frame: 116 Frame from vFrameID : 117
Tcw:
[0.99898994, 0.0054603722, 0.044601038, -0.0095780725;
 -0.0065713348, 0.9996708, 0.024800371, -8.9007444e-05;
 -0.044450939, -0.025068412, 0.99869698, -0.00051674468;
 0, 0, 0, 1]
Twc:
[0.99898994, -0.0065713348, -0.044450939, 0.0095448438;
 0.0054603722, 0.9996708, -0.025068412, 0.00012832403;
 0.044601038, 0.024800371, 0.99869698, 0.00094547076;
 0, 0, 0, 1]
Ow:
[-0.0095780725;
 -8.9007444e-05;
 -0.00051674468]
Keyframe: 2 Frame: 117 Frame from vFrameID : 118
Tcw:
[0.99898809, 0.0054059499, 0.044649251, -0.0096550649;
 -0.0065186117, 0.99967086, 0.024812162, -1.9497509e-05;
 -0.044500422, -0.025078107, 0.99869454, -0.00044188779;
 0, 0, 0, 1]
Twc:
[0.99898809, -0.0065186117, -0.044500422, 0.0096255029;
 0.0054059499, 0.99967086, -0.025078107, 6.0604183e-05;
 0.044649251, 0.024812162, 0.99869454, 0.0008728861;
 0, 0, 0, 1]
Ow:
[-0.0096550649;
 -1.9497509e-05;
 -0.00044188779]
Keyframe: 3 Frame: 118 Frame from vFrameID : 119
Tcw:
[0.99905872, 0.0033403302, 0.04324976, -0.011510183;
 -0.0043769246, 0.9997049, 0.023895171, -0.00051458064;
 -0.043157179, -0.02406198, 0.99877852, -0.00040259009;
 0, 0, 0, 1]
Twc:
[0.99905872, -0.0043769246, -0.043157179, 0.011479721;
 0.0033403302, 0.9997049, -0.02406198, 0.00054318953;
 0.04324976, 0.023895171, 0.99877852, 0.000912207;
 0, 0, 0, 1]
Ow:
[-0.011510183;
 -0.00051458064;
 -0.00040259009]
Keyframe: 4 Frame: 119 Frame from vFrameID : 120
Tcw:
[0.99914646, 0.0014915768, 0.041281115, -0.012856562;
 -0.0023466574, 0.99978352, 0.020672902, -0.00082803681;
 -0.041241344, -0.02075213, 0.99893367, -0.00012605323;
 0, 0, 0, 1]
Twc:
[0.99914646, -0.0023466574, -0.041241344, 0.012838447;
 0.0014915768, 0.99978352, -0.02075213, 0.00084441825;
 0.041281115, 0.020672902, 0.99893367, 0.00067376997;
 0, 0, 0, 1]
Ow:
[-0.012856562;
 -0.00082803681;
 -0.00012605323]
Keyframe: 5 Frame: 120 Frame from vFrameID : 121
Tcw:
[0.99921811, -0.00010424467, 0.039536554, -0.013913094;
 -0.00048151362, 0.99989027, 0.014805801, -0.0007281719;
 -0.03953376, -0.014813262, 0.99910843, -0.00033522665;
 0, 0, 0, 1]
Twc:
[0.99921811, -0.00048151362, -0.03953376, 0.013888612;
 -0.00010424467, 0.99989027, -0.014813262, 0.00072167581;
 0.039536554, 0.014805801, 0.99910843, 0.00089578476;
 0, 0, 0, 1]
Ow:
[-0.013913094;
 -0.0007281719;
 -0.00033522665]
Keyframe: 6 Frame: 121 Frame from vFrameID : 122
Tcw:
[0.99928677, -0.001836015, 0.037716724, -0.015152398;
 0.0016376264, 0.99998468, 0.005290186, -0.00010096369;
 -0.037725858, -0.005224647, 0.99927449, -0.0012254023;
 0, 0, 0, 1]
Twc:
[0.99928677, 0.0016376264, -0.037725858, 0.015095527;
 -0.001836015, 0.99998468, -0.005224647, 6.673982e-05;
 0.037716724, 0.005290186, 0.99927449, 0.001796546;
 0, 0, 0, 1]
Ow:
[-0.015152398;
 -0.00010096369;
 -0.0012254023]
Keyframe: 7 Frame: 123 Frame from vFrameID : 124
Tcw:
[0.99927706, -0.0013854956, 0.0379931, -0.015626598;
 0.0012473944, 0.99999255, 0.0036583673, 0.00023890153;
 -0.037997883, -0.0036083299, 0.99927133, -0.0016373526;
 0, 0, 0, 1]
Twc:
[0.99927706, 0.0012473944, -0.037997883, 0.015552786;
 -0.0013854956, 0.99999255, -0.0036083299, -0.00026645843;
 0.0379931, 0.0036583673, 0.99927133, 0.0022289883;
 0, 0, 0, 1]
Ow:
[-0.015626598;
 0.00023890153;
 -0.0016373526]
Keyframe: 8 Frame: 125 Frame from vFrameID : 126
Tcw:
[0.99926049, -0.0002613244, 0.038450204, -0.017203728;
 8.6741355e-05, 0.99998969, 0.0045420956, 0.0003122307;
 -0.038450994, -0.0045354012, 0.99925017, -0.0017854925;
 0, 0, 0, 1]
Twc:
[0.99926049, 8.6741355e-05, -0.038450994, 0.017122323;
 -0.0002613244, 0.99998969, -0.0045354012, -0.00032482116;
 0.038450204, 0.0045420956, 0.99925017, 0.0024442226;
 0, 0, 0, 1]
Ow:
[-0.017203728;
 0.0003122307;
 -0.0017854925]
Keyframe: 9 Frame: 127 Frame from vFrameID : 128
Tcw:
[0.99939001, 0.00012317944, 0.034923181, -0.018835612;
 -0.00027616127, 0.9999904, 0.0043757339, 0.001040444;
 -0.034922305, -0.004382709, 0.99938041, -0.0025932777;
 0, 0, 0, 1]
Twc:
[0.99939001, -0.00027616127, -0.034922305, 0.018733844;
 0.00012317944, 0.9999904, -0.004382709, -0.0010494795;
 0.034923181, 0.0043757339, 0.99938041, 0.0032449176;
 0, 0, 0, 1]
Ow:
[-0.018835612;
 0.001040444;
 -0.0025932777]
Keyframe: 10 Frame: 129 Frame from vFrameID : 130
Tcw:
[0.99951559, 0.0017943659, 0.031070577, -0.018456291;
 -0.0020689475, 0.99995905, 0.0088074608, 0.0014374631;
 -0.031053502, -0.008867478, 0.9994784, -0.0022910547;
 0, 0, 0, 1]
Twc:
[0.99951559, -0.0020689475, -0.031053502, 0.01837918;
 0.0017943659, 0.99995905, -0.008867478, -0.0014246028;
 0.031070577, 0.0088074608, 0.9994784, 0.0028506469;
 0, 0, 0, 1]
Ow:
[-0.018456291;
 0.0014374631;
 -0.0022910547]
Keyframe: 11 Frame: 132 Frame from vFrameID : 133
Tcw:
[0.99939859, 0.0047620814, 0.034348264, -0.017856482;
 -0.0053628734, 0.99983388, 0.017420312, 0.0015532009;
 -0.034259599, -0.017594041, 0.9992581, -0.0014028455;
 0, 0, 0, 1]
Twc:
[0.99939859, -0.0053628734, -0.034259599, 0.017806012;
 0.0047620814, 0.99983388, -0.017594041, -0.0014925905;
 0.034348264, 0.017420312, 0.9992581, 0.0019880866;
 0, 0, 0, 1]
Ow:
[-0.017856482;
 0.0015532009;
 -0.0014028455]
Keyframe: 12 Frame: 134 Frame from vFrameID : 135
Tcw:
[0.9994207, 0.0067525418, 0.033356138, -0.01799372;
 -0.0074057132, 0.9997825, 0.019497169, 0.0012291754;
 -0.033217225, -0.019732902, 0.99925333, -0.00094799412;
 0, 0, 0, 1]
Twc:
[0.9994207, -0.0074057132, -0.033217225, 0.01796091;
 0.0067525418, 0.9997825, -0.019732902, -0.0011261114;
 0.033356138, 0.019497169, 0.99925333, 0.0015235218;
 0, 0, 0, 1]
Ow:
[-0.01799372;
 0.0012291754;
 -0.00094799412]
Keyframe: 13 Frame: 136 Frame from vFrameID : 137
Tcw:
[0.999668, 0.0090139909, 0.024137819, -0.016418856;
 -0.0094797853, 0.99976969, 0.019252919, 0.0010461647;
 -0.023958715, -0.019475348, 0.99952322, 0.0011414129;
 0, 0, 0, 1]
Twc:
[0.999668, -0.0094797853, -0.023958715, 0.01645067;
 0.0090139909, 0.99976969, -0.019475348, -0.00087569497;
 0.024137819, 0.019252919, 0.99952322, -0.00076469511;
 0, 0, 0, 1]
Ow:
[-0.016418856;
 0.0010461647;
 0.0011414129]
Keyframe: 14 Frame: 138 Frame from vFrameID : 139
Tcw:
[0.99972081, 0.009648175, 0.021569837, -0.016083464;
 -0.010036206, 0.99978846, 0.017954221, 0.00078696682;
 -0.021392047, -0.018165687, 0.99960613, 0.0020269356;
 0, 0, 0, 1]
Twc:
[0.99972081, -0.010036206, -0.021392047, 0.016130231;
 0.009648175, 0.99978846, -0.018165687, -0.0005948036;
 0.021569837, 0.017954221, 0.99960613, -0.0016933489;
 0, 0, 0, 1]
Ow:
[-0.016083464;
 0.00078696682;
 0.0020269356]
Keyframe: 15 Frame: 141 Frame from vFrameID : 142
Tcw:
[0.99987006, 0.010172136, 0.012503419, -0.012432754;
 -0.010294167, 0.99989963, 0.0097344974, 0.00028694794;
 -0.012403144, -0.0098619442, 0.99987447, 0.0045533474;
 0, 0, 0, 1]
Twc:
[0.99987006, -0.010294167, -0.012403144, 0.01249057;
 0.010172136, 0.99989963, -0.0098619442, -0.0001155466;
 0.012503419, 0.0097344974, 0.99987447, -0.0044001169;
 0, 0, 0, 1]
Ow:
[-0.012432754;
 0.00028694794;
 0.0045533474]
Keyframe: 16 Frame: 144 Frame from vFrameID : 145
Tcw:
[0.99979401, 0.017702078, 0.0099266674, -0.0072619398;
 -0.017790845, 0.99980187, 0.0089263488, 0.00041711735;
 -0.0097666858, -0.0091011142, 0.99991089, 0.0076575349;
 0, 0, 0, 1]
Twc:
[0.99979401, -0.017790845, -0.0097666858, 0.0073426538;
 0.017702078, 0.99980187, -0.0091011142, -0.00021879119;
 0.0099266674, 0.0089263488, 0.99991089, -0.007588489;
 0, 0, 0, 1]
Ow:
[-0.0072619398;
 0.00041711735;
 0.0076575349]
Keyframe: 17 Frame: 147 Frame from vFrameID : 148
Tcw:
[0.99963725, 0.026837813, 0.0022688115, -0.0029426322;
 -0.026853606, 0.99961317, 0.0072429213, -0.00039201809;
 -0.0020735497, -0.0073012193, 0.99997121, 0.01095688;
 0, 0, 0, 1]
Twc:
[0.99963725, -0.026853606, -0.0020735497, 0.0029537571;
 0.026837813, 0.99961317, -0.0073012193, 0.00055083883;
 0.0022688115, 0.0072429213, 0.99997121, -0.010947048;
 0, 0, 0, 1]
Ow:
[-0.0029426322;
 -0.00039201809;
 0.01095688]
Keyframe: 18 Frame: 150 Frame from vFrameID : 151
Tcw:
[0.99913073, 0.041039873, -0.0073160673, 0.0010216546;
 -0.041011792, 0.99915087, 0.0039480072, -0.00043773279;
 0.0074718804, -0.0036445304, 0.99996543, 0.014070775;
 0, 0, 0, 1]
Twc:
[0.99913073, -0.041011792, 0.0074718804, -0.0011438539;
 0.041039873, 0.99915087, -0.0036445304, 0.00044671388;
 -0.0073160673, 0.0039480072, 0.99996543, -0.014061087;
 0, 0, 0, 1]
Ow:
[0.0010216546;
 -0.00043773279;
 0.014070775]
Keyframe: 19 Frame: 153 Frame from vFrameID : 154
Tcw:
[0.99901611, 0.042851351, -0.011426519, 0.0025011601;
 -0.042769209, 0.99905801, 0.0073390352, -0.00048733084;
 0.011730243, -0.0068431115, 0.99990779, 0.017285386;
 0, 0, 0, 1]
Twc:
[0.99901611, -0.042769209, 0.011730243, -0.0027223038;
 0.042851351, 0.99905801, -0.0068431115, 0.00049797946;
 -0.011426519, 0.0073390352, 0.99990779, -0.017251635;
 0, 0, 0, 1]
Ow:
[0.0025011601;
 -0.00048733084;
 0.017285386]
Keyframe: 20 Frame: 156 Frame from vFrameID : 157
Tcw:
[0.99912715, 0.03972755, -0.012909905, 0.0035611819;
 -0.039600782, 0.99916625, 0.0099312635, -0.00025438849;
 0.013293686, -0.0094113527, 0.99986732, 0.019565448;
 0, 0, 0, 1]
Twc:
[0.99912715, -0.039600782, 0.013293686, -0.0038282445;
 0.03972755, 0.99916625, -0.0094113527, 0.00029683669;
 -0.012909905, 0.0099312635, 0.99986732, -0.019514352;
 0, 0, 0, 1]
Ow:
[0.0035611819;
 -0.00025438849;
 0.019565448]
Keyframe: 21 Frame: 160 Frame from vFrameID : 161
Tcw:
[0.99943352, 0.032849155, -0.0073189391, 0.005183849;
 -0.032758068, 0.9993884, 0.012236045, 0.0010351504;
 0.0077164066, -0.011989359, 0.99989837, 0.026507273;
 0, 0, 0, 1]
Twc:
[0.99943352, -0.032758068, 0.0077164066, -0.0053515439;
 0.032849155, 0.9993884, -0.011989359, -0.00088699715;
 -0.0073189391, 0.012236045, 0.99989837, -0.026479304;
 0, 0, 0, 1]
Ow:
[0.005183849;
 0.0010351504;
 0.026507273]
Keyframe: 22 Frame: 163 Frame from vFrameID : 164
Tcw:
[0.99949163, 0.030070566, 0.010592133, 0.0068239653;
 -0.030186607, 0.99948406, 0.010971542, 0.0022842591;
 -0.010256748, -0.011285705, 0.99988371, 0.032357018;
 0, 0, 0, 1]
Twc:
[0.99949163, -0.030186607, -0.010256748, -0.0064196647;
 0.030070566, 0.99948406, -0.011285705, -0.0021231093;
 0.010592133, 0.010971542, 0.99988371, -0.032450598;
 0, 0, 0, 1]
Ow:
[0.0068239653;
 0.0022842591;
 0.032357018]
Keyframe: 23 Frame: 167 Frame from vFrameID : 168
Tcw:
[0.9991104, 0.033598151, 0.025486007, 0.0060671377;
 -0.033589933, 0.99943542, -0.00075056741, 0.0030664233;
 -0.025496835, -0.00010617352, 0.99967492, 0.041761857;
 0, 0, 0, 1]
Twc:
[0.9991104, -0.033589933, -0.025496835, -0.0048939441;
 0.033598151, 0.99943542, -0.00010617352, -0.0032641026;
 0.025486007, -0.00075056741, 0.99967492, -0.041900601;
 0, 0, 0, 1]
Ow:
[0.0060671377;
 0.0030664233;
 0.041761857]
Keyframe: 24 Frame: 171 Frame from vFrameID : 172
Tcw:
[0.99911439, 0.028563974, 0.030894689, 0.0056604901;
 -0.028021179, 0.9994477, -0.017861819, 0.0034072788;
 -0.031387832, 0.016980294, 0.99936301, 0.04720157;
 0, 0, 0, 1]
Twc:
[0.99911439, -0.028021179, -0.031387832, -0.004078446;
 0.028563974, 0.9994477, 0.016980294, -0.0043685799;
 0.030894689, -0.017861819, 0.99936301, -0.047285523;
 0, 0, 0, 1]
Ow:
[0.0056604901;
 0.0034072788;
 0.04720157]
Keyframe: 25 Frame: 175 Frame from vFrameID : 176
Tcw:
[0.9988144, 0.024072416, 0.042312328, 0.0046637612;
 -0.023006635, 0.99941009, -0.025497472, 0.0049579181;
 -0.042901155, 0.024493776, 0.998779, 0.055085294;
 0, 0, 0, 1]
Twc:
[0.9988144, -0.023006635, -0.042901155, -0.0021809442;
 0.024072416, 0.99941009, 0.024493776, -0.0064165089;
 0.042312328, -0.025497472, 0.998779, -0.05508896;
 0, 0, 0, 1]
Ow:
[0.0046637612;
 0.0049579181;
 0.055085294]
Keyframe: 26 Frame: 178 Frame from vFrameID : 179
Tcw:
[0.99924046, 0.022701841, 0.031671606, 0.006020247;
 -0.021955688, 0.99947774, -0.023711184, 0.0052050818;
 -0.032193352, 0.022997804, 0.99921703, 0.059145499;
 0, 0, 0, 1]
Twc:
[0.99924046, -0.021955688, -0.032193352, -0.0039973012;
 0.022701841, 0.99947774, 0.022997804, -0.0066992501;
 0.031671606, -0.023711184, 0.99921703, -0.059166443;
 0, 0, 0, 1]
Ow:
[0.006020247;
 0.0052050818;
 0.059145499]
Keyframe: 27 Frame: 182 Frame from vFrameID : 183
Tcw:
[0.99945271, 0.024633417, 0.022078246, 0.010879121;
 -0.024207229, 0.99951935, -0.019367356, 0.0074945726;
 -0.022544719, 0.018822303, 0.99956864, 0.067884088;
 0, 0, 0, 1]
Twc:
[0.99945271, -0.024207229, -0.022544719, -0.0091613168;
 0.024633417, 0.99951935, 0.018822303, -0.0090366956;
 0.022078246, -0.019367356, 0.99956864, -0.067949846;
 0, 0, 0, 1]
Ow:
[0.010879121;
 0.0074945726;
 0.067884088]
Keyframe: 28 Frame: 186 Frame from vFrameID : 187
Tcw:
[0.99962562, 0.026028341, 0.0084326817, 0.016409105;
 -0.025874408, 0.99950534, -0.017876159, 0.0086311027;
 -0.0088937972, 0.017651277, 0.99980468, 0.076808758;
 0, 0, 0, 1]
Twc:
[0.99962562, -0.025874408, -0.0088937972, -0.015496517;
 0.026028341, 0.99950534, 0.017651277, -0.010409708;
 0.0084326817, -0.017876159, 0.99980468, -0.076777831;
 0, 0, 0, 1]
Ow:
[0.016409105;
 0.0086311027;
 0.076808758]
Keyframe: 29 Frame: 190 Frame from vFrameID : 191
Tcw:
[0.99970657, 0.023978489, -0.0034350303, 0.023659088;
 -0.024065107, 0.99932098, -0.027900076, 0.0075912345;
 0.0027636962, 0.027974553, 0.99960482, 0.084358633;
 0, 0, 0, 1]
Twc:
[0.99970657, -0.024065107, 0.0027636962, -0.023702605;
 0.023978489, 0.99932098, 0.027974553, -0.010513285;
 -0.0034350303, -0.027900076, 0.99960482, -0.08403223;
 0, 0, 0, 1]
Ow:
[0.023659088;
 0.0075912345;
 0.084358633]
Keyframe: 30 Frame: 194 Frame from vFrameID : 195
Tcw:
[0.9994576, 0.026399182, -0.019688705, 0.029053107;
 -0.026920587, 0.99928081, -0.026705049, 0.0076192785;
 0.018969554, 0.027220596, 0.99944943, 0.090361327;
 0, 0, 0, 1]
Twc:
[0.9994576, -0.026920587, 0.018969554, -0.030546347;
 0.026399182, 0.99928081, 0.027220596, -0.010840465;
 -0.019688705, -0.026705049, 0.99944943, -0.089536086;
 0, 0, 0, 1]
Ow:
[0.029053107;
 0.0076192785;
 0.090361327]
Keyframe: 31 Frame: 198 Frame from vFrameID : 199
Tcw:
[0.99949312, 0.025105372, -0.01957654, 0.031255268;
 -0.025417896, 0.99955076, -0.015882205, 0.0079624951;
 0.019169016, 0.016371747, 0.99968219, 0.095655911;
 0, 0, 0, 1]
Twc:
[0.99949312, -0.025417896, 0.019169016, -0.032870669;
 0.025105372, 0.99955076, 0.016371747, -0.010309648;
 -0.01957654, -0.015882205, 0.99968219, -0.094887182;
 0, 0, 0, 1]
Ow:
[0.031255268;
 0.0079624951;
 0.095655911]
Keyframe: 32 Frame: 202 Frame from vFrameID : 203
Tcw:
[0.99941766, 0.027568175, -0.020107523, 0.032702085;
 -0.027874986, 0.99949676, -0.015141183, 0.0085687898;
 0.01967999, 0.015692862, 0.99968314, 0.10432985;
 0, 0, 0, 1]
Twc:
[0.99941766, -0.027874986, 0.01967999, -0.034497399;
 0.027568175, 0.99949676, 0.015692862, -0.011103248;
 -0.020107523, -0.015141183, 0.99968314, -0.10350949;
 0, 0, 0, 1]
Ow:
[0.032702085;
 0.0085687898;
 0.10432985]
Keyframe: 33 Frame: 206 Frame from vFrameID : 207
Tcw:
[0.99949807, 0.031640831, -0.0015563867, 0.034138862;
 -0.031658102, 0.99941778, -0.012722949, 0.010677111;
 0.0011529158, 0.012765835, 0.99991786, 0.11374855;
 0, 0, 0, 1]
Twc:
[0.99949807, -0.031658102, 0.0011529158, -0.033914857;
 0.031640831, 0.99941778, 0.012765835, -0.013203172;
 -0.0015563867, -0.012722949, 0.99991786, -0.11355023;
 0, 0, 0, 1]
Ow:
[0.034138862;
 0.010677111;
 0.11374855]
Keyframe: 34 Frame: 210 Frame from vFrameID : 211
Tcw:
[0.99932599, 0.035573468, 0.0090585388, 0.033053223;
 -0.035402253, 0.99920362, -0.018407397, 0.011075141;
 -0.0097061396, 0.018074298, 0.99978954, 0.12530251;
 0, 0, 0, 1]
Twc:
[0.99932599, -0.035402253, -0.0097061396, -0.031422656;
 0.035573468, 0.99920362, 0.018074298, -0.014506893;
 0.0090585388, -0.018407397, 0.99978954, -0.12537169;
 0, 0, 0, 1]
Ow:
[0.033053223;
 0.011075141;
 0.12530251]
Keyframe: 35 Frame: 214 Frame from vFrameID : 215
Tcw:
[0.99977475, 0.017622512, 0.011829709, 0.032845777;
 -0.01718704, 0.99920559, -0.035955511, 0.01175669;
 -0.012453938, 0.035744093, 0.99928337, 0.13431212;
 0, 0, 0, 1]
Twc:
[0.99977475, -0.01718704, -0.012453938, -0.030963596;
 0.017622512, 0.99920559, 0.035744093, -0.017127041;
 0.011829709, -0.035955511, 0.99928337, -0.13418171;
 0, 0, 0, 1]
Ow:
[0.032845777;
 0.01175669;
 0.13431212]
Keyframe: 36 Frame: 218 Frame from vFrameID : 219
Tcw:
[0.99914157, 0.012369663, 0.039535791, 0.036397122;
 -0.012133745, 0.99990714, -0.0062015937, 0.013325457;
 -0.039608832, 0.005716553, 0.99919891, 0.14409715;
 0, 0, 0, 1]
Twc:
[0.99914157, -0.012133745, -0.039608832, -0.030496672;
 0.012369663, 0.99990714, 0.005716553, -0.01459818;
 0.039535791, -0.0062015937, 0.99919891, -0.14533806;
 0, 0, 0, 1]
Ow:
[0.036397122;
 0.013325457;
 0.14409715]
Keyframe: 37 Frame: 222 Frame from vFrameID : 223
Tcw:
[0.99866205, 0.018352401, 0.048345961, 0.04008827;
 -0.018396771, 0.99983066, 0.00047291321, 0.015053495;
 -0.048329093, -0.00136169, 0.99883056, 0.15201738;
 0, 0, 0, 1]
Twc:
[0.99866205, -0.018396771, -0.048329093, -0.032410834;
 0.018352401, 0.99983066, -0.00136169, -0.015579661;
 0.048345961, 0.00047291321, 0.99883056, -0.15378483;
 0, 0, 0, 1]
Ow:
[0.04008827;
 0.015053495;
 0.15201738]
Keyframe: 38 Frame: 226 Frame from vFrameID : 227
Tcw:
[0.99866581, 0.033748247, 0.039085653, 0.046597138;
 -0.034155425, 0.99936849, 0.0097969957, 0.017390298;
 -0.038730338, -0.011118911, 0.99918783, 0.16465718;
 0, 0, 0, 1]
Twc:
[0.99866581, -0.034155425, -0.038730338, -0.039563768;
 0.033748247, 0.99936849, -0.011118911, -0.01712108;
 0.039085653, 0.0097969957, 0.99918783, -0.1665151;
 0, 0, 0, 1]
Ow:
[0.046597138;
 0.017390298;
 0.16465718]
Keyframe: 39 Frame: 230 Frame from vFrameID : 231
Tcw:
[0.99922889, 0.036053345, 0.015547832, 0.050085418;
 -0.03604966, 0.99934989, -0.00051734591, 0.017300943;
 -0.015556375, -4.354705e-05, 0.999879, 0.1711228;
 0, 0, 0, 1]
Twc:
[0.99922889, -0.03604966, -0.015556375, -0.046761055;
 0.036053345, 0.99934989, -4.354705e-05, -0.019087989;
 0.015547832, -0.00051734591, 0.999879, -0.17187187;
 0, 0, 0, 1]
Ow:
[0.050085418;
 0.017300943;
 0.1711228]
Keyframe: 40 Frame: 234 Frame from vFrameID : 235
Tcw:
[0.99889344, 0.041942719, -0.021277932, 0.056556277;
 -0.041993603, 0.999116, -0.0019500331, 0.014963234;
 0.021177333, 0.0028414123, 0.99977171, 0.17948133;
 0, 0, 0, 1]
Twc:
[0.99889344, -0.041993603, 0.021177333, -0.059666269;
 0.041942719, 0.999116, 0.0028414123, -0.01783211;
 -0.021277932, -0.0019500331, 0.99977171, -0.17820777;
 0, 0, 0, 1]
Ow:
[0.056556277;
 0.014963234;
 0.17948133]
Keyframe: 41 Frame: 239 Frame from vFrameID : 240
Tcw:
[0.9989481, 0.038439043, -0.025003374, 0.060655951;
 -0.038447227, 0.9992606, 0.00015343589, 0.017088238;
 0.024990784, 0.0008080359, 0.99968737, 0.18964323;
 0, 0, 0, 1]
Twc:
[0.9989481, -0.038447227, 0.024990784, -0.064674482;
 0.038439043, 0.9992606, 0.0008080359, -0.0195604;
 -0.025003374, 0.00015343589, 0.99968737, -0.18806997;
 0, 0, 0, 1]
Ow:
[0.060655951;
 0.017088238;
 0.18964323]
Keyframe: 42 Frame: 243 Frame from vFrameID : 244
Tcw:
[0.99920654, 0.036884028, -0.015028457, 0.063443512;
 -0.036873929, 0.99931949, 0.00094879471, 0.018193664;
 0.015053225, -0.00039388365, 0.99988663, 0.19810785;
 0, 0, 0, 1]
Twc:
[0.99920654, -0.036873929, 0.015053225, -0.065704465;
 0.036884028, 0.99931949, -0.00039388365, -0.020443304;
 -0.015028457, 0.00094879471, 0.99988663, -0.19714919;
 0, 0, 0, 1]
Ow:
[0.063443512;
 0.018193664;
 0.19810785]
Keyframe: 43 Frame: 247 Frame from vFrameID : 248
Tcw:
[0.99950516, 0.028611027, 0.013072376, 0.065864481;
 -0.028550463, 0.99958086, -0.0047963676, 0.020533839;
 -0.013204126, 0.0044207717, 0.99990302, 0.21256277;
 0, 0, 0, 1]
Twc:
[0.99950516, -0.028550463, -0.013204126, -0.062438924;
 0.028611027, 0.99958086, 0.0044207717, -0.023349373;
 0.013072376, -0.0047963676, 0.99990302, -0.21330468;
 0, 0, 0, 1]
Ow:
[0.065864481;
 0.020533839;
 0.21256277]
Keyframe: 44 Frame: 251 Frame from vFrameID : 252
Tcw:
[0.99905694, 0.018849388, 0.039114445, 0.068603516;
 -0.018418543, 0.99976599, -0.011346305, 0.021089656;
 -0.039319161, 0.010615173, 0.9991703, 0.22322184;
 0, 0, 0, 1]
Twc:
[0.99905694, -0.018418543, -0.039319161, -0.059373487;
 0.018849388, 0.99976599, 0.010615173, -0.024747394;
 0.039114445, -0.011346305, 0.9991703, -0.22548074;
 0, 0, 0, 1]
Ow:
[0.068603516;
 0.021089656;
 0.22322184]
Keyframe: 45 Frame: 257 Frame from vFrameID : 258
Tcw:
[0.99904311, 0.018385258, 0.039684452, 0.073332623;
 -0.018567398, 0.99981868, 0.0042260308, 0.024728196;
 -0.03959956, -0.0049588238, 0.99920332, 0.23950285;
 0, 0, 0, 1]
Twc:
[0.99904311, -0.018567398, -0.03959956, -0.063319109;
 0.018385258, 0.99981868, -0.0049588238, -0.024884298;
 0.039684452, 0.0042260308, 0.99920332, -0.24232671;
 0, 0, 0, 1]
Ow:
[0.073332623;
 0.024728196;
 0.23950285]
Keyframe: 46 Frame: 262 Frame from vFrameID : 263
Tcw:
[0.99938542, 0.02482583, 0.024748214, 0.078071728;
 -0.024981739, 0.99966985, 0.006010585, 0.027697109;
 -0.024590826, -0.0066251443, 0.99967563, 0.25082207;
 0, 0, 0, 1]
Twc:
[0.99938542, -0.024981739, -0.024590826, -0.071163908;
 0.02482583, 0.99966985, -0.0066251443, -0.027964428;
 0.024748214, 0.006010585, 0.99967563, -0.25283933;
 0, 0, 0, 1]
Ow:
[0.078071728;
 0.027697109;
 0.25082207]
Keyframe: 47 Frame: 266 Frame from vFrameID : 267
Tcw:
[0.99954098, 0.029191015, 0.008105115, 0.084168732;
 -0.029062312, 0.99945635, -0.015567197, 0.029504322;
 -0.008555131, 0.015324498, 0.99984598, 0.26459306;
 0, 0, 0, 1]
Twc:
[0.99954098, -0.029062312, -0.008555131, -0.081009008;
 0.029191015, 0.99945635, 0.015324498, -0.03600001;
 0.008105115, -0.015567197, 0.99984598, -0.26477519;
 0, 0, 0, 1]
Ow:
[0.084168732;
 0.029504322;
 0.26459306]
Keyframe: 48 Frame: 270 Frame from vFrameID : 271
Tcw:
[0.99943721, 0.031353261, -0.011925658, 0.091360077;
 -0.031482376, 0.99944597, -0.010797327, 0.029587073;
 0.011580519, 0.011166698, 0.9998706, 0.2758787;
 0, 0, 0, 1]
Twc:
[0.99943721, -0.031482376, 0.011580519, -0.093572013;
 0.031353261, 0.99944597, 0.011166698, -0.035515774;
 -0.011925658, -0.010797327, 0.9998706, -0.27443403;
 0, 0, 0, 1]
Ow:
[0.091360077;
 0.029587073;
 0.2758787]
Keyframe: 49 Frame: 274 Frame from vFrameID : 275
Tcw:
[0.99932551, 0.035304017, -0.010104372, 0.095337257;
 -0.035376318, 0.99934906, -0.007068248, 0.029896714;
 0.0098482575, 0.0074209361, 0.99992394, 0.28617442;
 0, 0, 0, 1]
Twc:
[0.99932551, -0.035376318, 0.0098482575, -0.097033635;
 0.035304017, 0.99934906, 0.0074209361, -0.035366721;
 -0.010104372, -0.007068248, 0.99992394, -0.284978;
 0, 0, 0, 1]
Ow:
[0.095337257;
 0.029896714;
 0.28617442]
Keyframe: 50 Frame: 277 Frame from vFrameID : 278
Tcw:
[0.99898857, 0.044944834, -0.0013544267, 0.10013754;
 -0.044955689, 0.99894392, -0.0094868839, 0.031157043;
 0.00092660997, 0.0095381774, 0.9999541, 0.30060375;
 0, 0, 0, 1]
Twc:
[0.99898857, -0.044955689, 0.00092660997, -0.098914109;
 0.044944834, 0.99894392, 0.0095381774, -0.038492016;
 -0.0013544267, -0.0094868839, 0.9999541, -0.30015871;
 0, 0, 0, 1]
Ow:
[0.10013754;
 0.031157043;
 0.30060375]
Keyframe: 51 Frame: 282 Frame from vFrameID : 283
Tcw:
[0.99884051, 0.025403453, 0.040894337, 0.10446727;
 -0.024849297, 0.99959314, -0.014002731, 0.033380464;
 -0.041233417, 0.012970299, 0.99906534, 0.31662783;
 0, 0, 0, 1]
Twc:
[0.99884051, -0.024849297, -0.041233417, -0.090461016;
 0.025403453, 0.99959314, 0.012970299, -0.040127471;
 0.040894337, -0.014002731, 0.99906534, -0.32013661;
 0, 0, 0, 1]
Ow:
[0.10446727;
 0.033380464;
 0.31662783]
Keyframe: 52 Frame: 287 Frame from vFrameID : 288
Tcw:
[0.99728286, 0.029409751, 0.06754186, 0.10891209;
 -0.027462138, 0.99918491, -0.029585507, 0.036823831;
 -0.068356909, 0.027650276, 0.99727768, 0.32675293;
 0, 0, 0, 1]
Twc:
[0.99728286, -0.027462138, -0.068356909, -0.085269086;
 0.029409751, 0.99918491, 0.027650276, -0.049031708;
 0.06754186, -0.029585507, 0.99727768, -0.3321301;
 0, 0, 0, 1]
Ow:
[0.10891209;
 0.036823831;
 0.32675293]
Keyframe: 53 Frame: 291 Frame from vFrameID : 292
Tcw:
[0.99499416, 0.036064971, 0.093198232, 0.11177705;
 -0.035524264, 0.99934101, -0.0074547119, 0.0360705;
 -0.093405671, 0.0041065961, 0.99561965, 0.33472383;
 0, 0, 0, 1]
Twc:
[0.99499416, -0.035524264, -0.093405671, -0.078671038;
 0.036064971, 0.99934101, 0.0041065961, -0.041452542;
 0.093198232, -0.0074547119, 0.99561965, -0.34340617;
 0, 0, 0, 1]
Ow:
[0.11177705;
 0.0360705;
 0.33472383]
Keyframe: 54 Frame: 296 Frame from vFrameID : 297
Tcw:
[0.99739289, 0.040137298, 0.05996963, 0.11669169;
 -0.03957995, 0.99916172, -0.010453472, 0.037053593;
 -0.060338933, 0.0080526238, 0.99814546, 0.34670633;
 0, 0, 0, 1]
Twc:
[0.99739289, -0.03957995, -0.060338933, -0.09400101;
 0.040137298, 0.99916172, 0.0080526238, -0.044498116;
 0.05996963, -0.010453472, 0.99814546, -0.35267398;
 0, 0, 0, 1]
Ow:
[0.11669169;
 0.037053593;
 0.34670633]
Keyframe: 55 Frame: 300 Frame from vFrameID : 301
Tcw:
[0.99818033, 0.04792634, 0.036594037, 0.12580875;
 -0.047522053, 0.99880004, -0.011839381, 0.035774514;
 -0.037117545, 0.010078814, 0.99926007, 0.35673758;
 0, 0, 0, 1]
Twc:
[0.99818033, -0.047522053, -0.037117545, -0.11063851;
 0.04792634, 0.99880004, 0.010078814, -0.045356631;
 0.036594037, -0.011839381, 0.99926007, -0.36065394;
 0, 0, 0, 1]
Ow:
[0.12580875;
 0.035774514;
 0.35673758]
Keyframe: 56 Frame: 304 Frame from vFrameID : 305
Tcw:
[0.99799699, 0.059834197, 0.020539543, 0.13396426;
 -0.059356935, 0.99796933, -0.023109119, 0.034488507;
 -0.021880548, 0.021843666, 0.99952191, 0.36403021;
 0, 0, 0, 1]
Twc:
[0.99799699, -0.059356935, -0.021880548, -0.12368361;
 0.059834197, 0.99796933, 0.021843666, -0.05038587;
 0.020539543, -0.023109119, 0.99952191, -0.36581075;
 0, 0, 0, 1]
Ow:
[0.13396426;
 0.034488507;
 0.36403021]
Keyframe: 57 Frame: 307 Frame from vFrameID : 308
Tcw:
[0.99819511, 0.057080057, 0.01866525, 0.13675061;
 -0.056862824, 0.99831027, -0.011969458, 0.034490485;
 -0.019316928, 0.010886496, 0.99975413, 0.36916995;
 0, 0, 0, 1]
Twc:
[0.99819511, -0.056862824, -0.019316928, -0.12741134;
 0.057080057, 0.99831027, 0.010886496, -0.0462569;
 0.01866525, -0.011969458, 0.99975413, -0.37121886;
 0, 0, 0, 1]
Ow:
[0.13675061;
 0.034490485;
 0.36916995]
Keyframe: 58 Frame: 310 Frame from vFrameID : 311
Tcw:
[0.99826264, 0.057558764, 0.012598298, 0.1385015;
 -0.057392336, 0.99826449, -0.013195891, 0.034557141;
 -0.013335973, 0.012449919, 0.99983358, 0.37407768;
 0, 0, 0, 1]
Twc:
[0.99826264, -0.057392336, -0.013335973, -0.13128886;
 0.057558764, 0.99826449, 0.012449919, -0.047126379;
 0.012598298, -0.013195891, 0.99983358, -0.37530428;
 0, 0, 0, 1]
Ow:
[0.1385015;
 0.034557141;
 0.37407768]
Keyframe: 59 Frame: 314 Frame from vFrameID : 315
Tcw:
[0.99876398, 0.04911131, 0.0076577328, 0.14122599;
 -0.049017292, 0.99872565, -0.012016864, 0.037174512;
 -0.0082381377, 0.01162665, 0.99989849, 0.38661519;
 0, 0, 0, 1]
Twc:
[0.99876398, -0.049017292, -0.0082381377, -0.13604425;
 0.04911131, 0.99872565, 0.01162665, -0.048557971;
 0.0076577328, -0.012016864, 0.99989849, -0.38721067;
 0, 0, 0, 1]
Ow:
[0.14122599;
 0.037174512;
 0.38661519]
Keyframe: 60 Frame: 317 Frame from vFrameID : 318
Tcw:
[0.99904716, 0.041745882, 0.012729728, 0.14196402;
 -0.041531287, 0.99899793, -0.016680466, 0.038073327;
 -0.013413312, 0.01613589, 0.99977982, 0.39264306;
 0, 0, 0, 1]
Twc:
[0.99904716, -0.041531287, -0.013413312, -0.13498086;
 0.041745882, 0.99899793, 0.01613589, -0.050297238;
 0.012729728, -0.016680466, 0.99977982, -0.3937287;
 0, 0, 0, 1]
Ow:
[0.14196402;
 0.038073327;
 0.39264306]
Keyframe: 61 Frame: 320 Frame from vFrameID : 321
Tcw:
[0.99919355, 0.031351984, 0.025086265, 0.14368135;
 -0.030782813, 0.99926686, -0.022761965, 0.039967872;
 -0.025781507, 0.021971384, 0.99942613, 0.4019196;
 0, 0, 0, 1]
Twc:
[0.99919355, -0.030782813, -0.025781507, -0.13197306;
 0.031351984, 0.99926686, 0.021971384, -0.053273998;
 0.025086265, -0.022761965, 0.99942613, -0.40438363;
 0, 0, 0, 1]
Ow:
[0.14368135;
 0.039967872;
 0.4019196]
Keyframe: 62 Frame: 323 Frame from vFrameID : 324
Tcw:
[0.99910969, 0.030178584, 0.029479668, 0.14403042;
 -0.029258057, 0.99908566, -0.031173397, 0.040956706;
 -0.030393483, 0.030283125, 0.99907917, 0.40942359;
 0, 0, 0, 1]
Twc:
[0.99910969, -0.029258057, -0.030393483, -0.13026008;
 0.030178584, 0.99908566, 0.030283125, -0.057664521;
 0.029479668, -0.031173397, 0.99907917, -0.41201577;
 0, 0, 0, 1]
Ow:
[0.14403042;
 0.040956706;
 0.40942359]
Keyframe: 63 Frame: 326 Frame from vFrameID : 327
Tcw:
[0.99919552, 0.013859986, 0.037632361, 0.14399669;
 -0.013553465, 0.99987298, -0.0083881225, 0.043472312;
 -0.037743837, 0.0078713261, 0.99925643, 0.41732016;
 0, 0, 0, 1]
Twc:
[0.99919552, -0.013553465, -0.037743837, -0.12754039;
 0.013859986, 0.99987298, 0.0078713261, -0.048747443;
 0.037632361, -0.0083881225, 0.99925643, -0.42206416;
 0, 0, 0, 1]
Ow:
[0.14399669;
 0.043472312;
 0.41732016]
Keyframe: 64 Frame: 329 Frame from vFrameID : 330
Tcw:
[0.99834502, 0.023724837, 0.052386764, 0.15016514;
 -0.023247259, 0.99968261, -0.0097070616, 0.041494261;
 -0.052600436, 0.0084731476, 0.99857968, 0.42632297;
 0, 0, 0, 1]
Twc:
[0.99834502, -0.023247259, -0.052600436, -0.12652722;
 0.023724837, 0.99968261, 0.0084731476, -0.048656031;
 0.052386764, -0.0097070616, 0.99857968, -0.43318135;
 0, 0, 0, 1]
Ow:
[0.15016514;
 0.041494261;
 0.42632297]
Keyframe: 65 Frame: 332 Frame from vFrameID : 333
Tcw:
[0.99828589, 0.02757179, 0.051624749, 0.15210913;
 -0.02647808, 0.99941272, -0.021751301, 0.043363236;
 -0.052194152, 0.020347094, 0.99842966, 0.43392411;
 0, 0, 0, 1]
Twc:
[0.99828589, -0.02647808, -0.052194152, -0.12805192;
 0.02757179, 0.99941272, 0.020347094, -0.056360785;
 0.051624749, -0.021751301, 0.99842966, -0.44015208;
 0, 0, 0, 1]
Ow:
[0.15210913;
 0.043363236;
 0.43392411]
Keyframe: 66 Frame: 336 Frame from vFrameID : 337
Tcw:
[0.99886751, 0.03378056, 0.033504881, 0.15853439;
 -0.032970324, 0.99915731, -0.024447361, 0.045778535;
 -0.034302492, 0.023315007, 0.99913949, 0.44399294;
 0, 0, 0, 1]
Twc:
[0.99886751, -0.032970324, -0.034302492, -0.14161545;
 0.03378056, 0.99915731, 0.023315007, -0.061447036;
 0.033504881, -0.024447361, 0.99913949, -0.44780341;
 0, 0, 0, 1]
Ow:
[0.15853439;
 0.045778535;
 0.44399294]
Keyframe: 67 Frame: 340 Frame from vFrameID : 341
Tcw:
[0.99873191, 0.043426771, 0.025468625, 0.16709732;
 -0.04260904, 0.9985851, -0.03181636, 0.043080203;
 -0.026814271, 0.030690821, 0.99916917, 0.45493391;
 0, 0, 0, 1]
Twc:
[0.99873191, -0.04260904, -0.026814271, -0.1528511;
 0.043426771, 0.9985851, 0.030690821, -0.064238042;
 0.025468625, -0.03181636, 0.99916917, -0.45744106;
 0, 0, 0, 1]
Ow:
[0.16709732;
 0.043080203;
 0.45493391]
Keyframe: 68 Frame: 344 Frame from vFrameID : 345
Tcw:
[0.9985854, 0.050150566, 0.017666254, 0.17218022;
 -0.049931686, 0.9986729, -0.01262057, 0.044071756;
 -0.018275738, 0.011720612, 0.99976426, 0.4629797;
 0, 0, 0, 1]
Twc:
[0.9985854, -0.049931686, -0.018275738, -0.16127478;
 0.050150566, 0.9986729, 0.011720612, -0.058074608;
 0.017666254, -0.01262057, 0.99976426, -0.46535614;
 0, 0, 0, 1]
Ow:
[0.17218022;
 0.044071756;
 0.4629797]
Keyframe: 69 Frame: 347 Frame from vFrameID : 348
Tcw:
[0.99852413, 0.052716061, 0.013062606, 0.17390743;
 -0.052528124, 0.99851656, -0.014335588, 0.044359326;
 -0.013798943, 0.013628275, 0.99981189, 0.46829817;
 0, 0, 0, 1]
Twc:
[0.99852413, -0.052528124, -0.013798943, -0.16485861;
 0.052716061, 0.99851656, 0.013628275, -0.059843332;
 0.013062606, -0.014335588, 0.99981189, -0.46984586;
 0, 0, 0, 1]
Ow:
[0.17390743;
 0.044359326;
 0.46829817]
Keyframe: 70 Frame: 351 Frame from vFrameID : 352
Tcw:
[0.99884939, 0.045429528, 0.015365023, 0.17413157;
 -0.04507263, 0.99872285, -0.022827117, 0.04541282;
 -0.016382424, 0.022108311, 0.99962133, 0.47891212;
 0, 0, 0, 1]
Twc:
[0.99884939, -0.04507263, -0.016382424, -0.16403858;
 0.045429528, 0.99872285, 0.022108311, -0.06385348;
 0.015365023, -0.022827117, 0.99962133, -0.48036969;
 0, 0, 0, 1]
Ow:
[0.17413157;
 0.04541282;
 0.47891212]
Keyframe: 71 Frame: 354 Frame from vFrameID : 355
Tcw:
[0.99893582, 0.029234238, 0.03567325, 0.17133881;
 -0.028295938, 0.99924749, -0.026530035, 0.045935713;
 -0.036421988, 0.025492394, 0.99901128, 0.48874196;
 0, 0, 0, 1]
Twc:
[0.99893582, -0.028295938, -0.036421988, -0.15205573;
 0.029234238, 0.99924749, 0.025492394, -0.063369304;
 0.03567325, -0.026530035, 0.99901128, -0.49315229;
 0, 0, 0, 1]
Ow:
[0.17133881;
 0.045935713;
 0.48874196]
Keyframe: 72 Frame: 358 Frame from vFrameID : 359
Tcw:
[0.99911529, 0.026488325, 0.032665238, 0.17155673;
 -0.024947006, 0.99859631, -0.046722692, 0.04574129;
 -0.033856995, 0.045866456, 0.99837369, 0.49472079;
 0, 0, 0, 1]
Twc:
[0.99911529, -0.024947006, -0.033856995, -0.15351407;
 0.026488325, 0.99859631, 0.045866456, -0.072912425;
 0.032665238, -0.046722692, 0.99837369, -0.49738297;
 0, 0, 0, 1]
Ow:
[0.17155673;
 0.04574129;
 0.49472079]
Keyframe: 73 Frame: 362 Frame from vFrameID : 363
Tcw:
[0.99928427, 0.022046382, 0.030739045, 0.1710126;
 -0.021017924, 0.99922144, -0.033388622, 0.048649054;
 -0.03145121, 0.032718655, 0.99896961, 0.50226647;
 0, 0, 0, 1]
Twc:
[0.99928427, -0.021017924, -0.03145121, -0.15407081;
 0.022046382, 0.99922144, 0.032718655, -0.068814866;
 0.030739045, -0.033388622, 0.99896961, -0.50538141;
 0, 0, 0, 1]
Ow:
[0.1710126;
 0.048649054;
 0.50226647]
Keyframe: 74 Frame: 367 Frame from vFrameID : 368
Tcw:
[0.99931854, 0.025176693, 0.02699263, 0.17488031;
 -0.024626207, 0.99948579, -0.020536061, 0.049754217;
 -0.027495779, 0.01985734, 0.9994247, 0.51371819;
 0, 0, 0, 1]
Twc:
[0.99931854, -0.024626207, -0.027495779, -0.15941079;
 0.025176693, 0.99948579, 0.01985734, -0.064332612;
 0.02699263, -0.020536061, 0.9994247, -0.51712132;
 0, 0, 0, 1]
Ow:
[0.17488031;
 0.049754217;
 0.51371819]
Keyframe: 75 Frame: 371 Frame from vFrameID : 372
Tcw:
[0.99946213, 0.028327396, 0.016524125, 0.17994502;
 -0.027719602, 0.99897021, -0.035919156, 0.051295713;
 -0.017524606, 0.035441794, 0.99921811, 0.52390009;
 0, 0, 0, 1]
Twc:
[0.99946213, -0.027719602, -0.017524606, -0.16924518;
 0.028327396, 0.99897021, 0.035441794, -0.074908219;
 0.016524125, -0.035919156, 0.99921811, -0.52462137;
 0, 0, 0, 1]
Ow:
[0.17994502;
 0.051295713;
 0.52390009]
Keyframe: 76 Frame: 374 Frame from vFrameID : 375
Tcw:
[0.99931902, 0.027850654, 0.024203025, 0.18545042;
 -0.026883988, 0.99886233, -0.039387099, 0.05150114;
 -0.025272446, 0.038709607, 0.99893087, 0.53329003;
 0, 0, 0, 1]
Twc:
[0.99931902, -0.026883988, -0.025272446, -0.17046204;
 0.027850654, 0.99886233, 0.038709607, -0.077250905;
 0.024203025, -0.039387099, 0.99893087, -0.53517985;
 0, 0, 0, 1]
Ow:
[0.18545042;
 0.05150114;
 0.53329003]
Keyframe: 77 Frame: 377 Frame from vFrameID : 378
Tcw:
[0.9991554, 0.034107435, 0.022917408, 0.1882077;
 -0.033048071, 0.99843502, -0.045114107, 0.051351763;
 -0.024420271, 0.044318628, 0.99871892, 0.53855711;
 0, 0, 0, 1]
Twc:
[0.9991554, -0.033048071, -0.024420271, -0.17319995;
 0.034107435, 0.99843502, 0.044318628, -0.081558794;
 0.022917408, -0.045114107, 0.99871892, -0.53986371;
 0, 0, 0, 1]
Ow:
[0.1882077;
 0.051351763;
 0.53855711]
Keyframe: 78 Frame: 380 Frame from vFrameID : 381
Tcw:
[0.99934751, 0.034216553, 0.011567991, 0.19284087;
 -0.033741474, 0.99866813, -0.039032005, 0.050740894;
 -0.012888124, 0.038616218, 0.99917102, 0.54619735;
 0, 0, 0, 1]
Twc:
[0.99934751, -0.033741474, -0.012888124, -0.18396351;
 0.034216553, 0.99866813, 0.038616218, -0.078363732;
 0.011567991, -0.039032005, 0.99917102, -0.54599482;
 0, 0, 0, 1]
Ow:
[0.19284087;
 0.050740894;
 0.54619735]
Keyframe: 79 Frame: 384 Frame from vFrameID : 385
Tcw:
[0.99901175, 0.042049088, 0.014399871, 0.19493951;
 -0.041578703, 0.99863732, -0.031539991, 0.051793337;
 -0.015706476, 0.030910093, 0.99939877, 0.55374688;
 0, 0, 0, 1]
Twc:
[0.99901175, -0.041578703, -0.015706476, -0.18389595;
 0.042049088, 0.99863732, 0.030910093, -0.07703615;
 0.014399871, -0.031539991, 0.99939877, -0.55458748;
 0, 0, 0, 1]
Ow:
[0.19493951;
 0.051793337;
 0.55374688]
Keyframe: 80 Frame: 388 Frame from vFrameID : 389
Tcw:
[0.99909675, 0.03808859, 0.018840827, 0.19610989;
 -0.037611332, 0.99897796, -0.025068052, 0.054987576;
 -0.019776378, 0.024336779, 0.9995082, 0.56603056;
 0, 0, 0, 1]
Twc:
[0.99909675, -0.037611332, -0.019776378, -0.18267056;
 0.03808859, 0.99897796, 0.024336779, -0.076176293;
 0.018840827, -0.025068052, 0.9995082, -0.56806862;
 0, 0, 0, 1]
Ow:
[0.19610989;
 0.054987576;
 0.56603056]
Keyframe: 81 Frame: 393 Frame from vFrameID : 394
Tcw:
[0.99891853, 0.027507542, 0.037484031, 0.19806461;
 -0.026561506, 0.9993217, -0.025506897, 0.057328548;
 -0.038160238, 0.024483681, 0.99897164, 0.58072096;
 0, 0, 0, 1]
Twc:
[0.99891853, -0.026561506, -0.038160238, -0.17416723;
 0.027507542, 0.9993217, 0.024483681, -0.076956123;
 0.037484031, -0.025506897, 0.99897164, -0.5860858;
 0, 0, 0, 1]
Ow:
[0.19806461;
 0.057328548;
 0.58072096]
Keyframe: 82 Frame: 397 Frame from vFrameID : 398
Tcw:
[0.99859744, 0.012207717, 0.051518019, 0.19944726;
 -0.01073312, 0.99952745, -0.028803168, 0.057227809;
 -0.051845297, 0.02820982, 0.99825662, 0.59152293;
 0, 0, 0, 1]
Twc:
[0.99859744, -0.01073312, -0.051845297, -0.1678856;
 0.012207717, 0.99952745, 0.02820982, -0.076322325;
 0.051518019, -0.028803168, 0.99825662, -0.59911847;
 0, 0, 0, 1]
Ow:
[0.19944726;
 0.057227809;
 0.59152293]
Keyframe: 83 Frame: 400 Frame from vFrameID : 401
Tcw:
[0.99796444, 0.0039777192, 0.063649014, 0.20203702;
 -0.0025819601, 0.99975473, -0.021996249, 0.057426251;
 -0.063720897, 0.021787135, 0.9977299, 0.5977782;
 0, 0, 0, 1]
Twc:
[0.99796444, -0.0025819601, -0.063720897, -0.16338651;
 0.0039777192, 0.99975473, 0.021787135, -0.071239688;
 0.063649014, -0.021996249, 0.9977299, -0.6080175;
 0, 0, 0, 1]
Ow:
[0.20203702;
 0.057426251;
 0.5977782]
Keyframe: 84 Frame: 404 Frame from vFrameID : 405
Tcw:
[0.99725109, 0.014983792, 0.072565302, 0.20473833;
 -0.013577208, 0.99971104, -0.019838352, 0.057617977;
 -0.072841585, 0.018798584, 0.99716634, 0.60410964;
 0, 0, 0, 1]
Twc:
[0.99725109, -0.013577208, -0.072841585, -0.15938893;
 0.014983792, 0.99971104, 0.018798584, -0.072025485;
 0.072565302, -0.019838352, 0.99716634, -0.6161117;
 0, 0, 0, 1]
Ow:
[0.20473833;
 0.057617977;
 0.60410964]
Keyframe: 85 Frame: 408 Frame from vFrameID : 409
Tcw:
[0.99862963, 0.020073753, 0.04833148, 0.20690309;
 -0.018407406, 0.99922895, -0.03467913, 0.059657555;
 -0.048990354, 0.033741947, 0.99822915, 0.6152693;
 0, 0, 0, 1]
Twc:
[0.99862963, -0.018407406, -0.048990354, -0.17537916;
 0.020073753, 0.99922895, 0.033741947, -0.084525265;
 0.04833148, -0.03467913, 0.99822915, -0.62211084;
 0, 0, 0, 1]
Ow:
[0.20690309;
 0.059657555;
 0.6152693]
Keyframe: 86 Frame: 412 Frame from vFrameID : 413
Tcw:
[0.99952894, 0.028279433, 0.011923417, 0.21414268;
 -0.027771177, 0.99878007, -0.040830478, 0.060869101;
 -0.013063534, 0.040480118, 0.99909496, 0.62443948;
 0, 0, 0, 1]
Twc:
[0.99952894, -0.027771177, -0.013063534, -0.20419401;
 0.028279433, 0.99878007, 0.040480118, -0.092128068;
 0.011923417, -0.040830478, 0.99909496, -0.62394232;
 0, 0, 0, 1]
Ow:
[0.21414268;
 0.060869101;
 0.62443948]
Keyframe: 87 Frame: 416 Frame from vFrameID : 417
Tcw:
[0.99914473, 0.039763812, -0.011342631, 0.22226323;
 -0.040254172, 0.99808824, -0.046897959, 0.059373029;
 0.0094561055, 0.047314439, 0.99883527, 0.63105357;
 0, 0, 0, 1]
Twc:
[0.99914473, -0.040254172, 0.0094561055, -0.22565041;
 0.039763812, 0.99808824, 0.047314439, -0.097955503;
 -0.011342631, -0.046897959, 0.99883527, -0.62501305;
 0, 0, 0, 1]
Ow:
[0.22226323;
 0.059373029;
 0.63105357]
Keyframe: 88 Frame: 420 Frame from vFrameID : 421
Tcw:
[0.99897367, 0.040751226, -0.019773437, 0.22557972;
 -0.041287411, 0.99876845, -0.027511433, 0.06041117;
 0.01862796, 0.028299591, 0.99942589, 0.64019769;
 0, 0, 0, 1]
Twc:
[0.99897367, -0.041287411, 0.01862796, -0.23477955;
 0.040751226, 0.99876845, 0.028299591, -0.08764676;
 -0.019773437, -0.027511433, 0.99942589, -0.6337077;
 0, 0, 0, 1]
Ow:
[0.22557972;
