Keyframe: 0 Frame: 0 Frame from vFrameID : 81
Tcw:
[0.94607145, 0.093293495, 0.31023401, 0.0061539598;
 0.2377416, 0.45057601, -0.86049998, -0.009238001;
 -0.22006305, 0.88784999, 0.40409735, 0.11985241;
 0, 0, 0, 1]
Twc:
[0.94607145, 0.2377416, -0.22006305, 0.022749258;
 0.093293495, 0.45057601, 0.88784999, -0.10282266;
 0.31023401, -0.86049998, 0.40409735, -0.058290508;
 0, 0, 0, 1]
Ow:
[0.0061539598;
 -0.009238001;
 0.11985241]
Keyframe: 1 Frame: 80 Frame from vFrameID : 81
Tcw:
[0.94454122, 0.089592017, 0.3159354, -2.2642314e-05;
 0.24126112, 0.46336934, -0.85269099, -0.015301943;
 -0.22278908, 0.8816247, 0.41605636, 0.10782138;
 0, 0, 0, 1]
Twc:
[0.94454122, 0.24126112, -0.22278908, 0.027734578;
 0.089592017, 0.46336934, 0.8816247, -0.087965518;
 0.3159354, -0.85269099, 0.41605636, -0.057900447;
 0, 0, 0, 1]
Ow:
[-2.2642314e-05;
 -0.015301943;
 0.10782138]
Keyframe: 2 Frame: 87 Frame from vFrameID : 88
Tcw:
[0.94405431, 0.047360312, 0.32637176, 0.0077762026;
 0.27309179, 0.44253749, -0.85415542, -0.0066030622;
 -0.1848848, 0.89549851, 0.40484568, 0.12797239;
 0, 0, 0, 1]
Twc:
[0.94405431, 0.27309179, -0.1848848, 0.018122233;
 0.047360312, 0.44253749, 0.89549851, -0.11204527;
 0.32637176, -0.85415542, 0.40484568, -0.059987046;
 0, 0, 0, 1]
Ow:
[0.0077762026;
 -0.0066030622;
 0.12797239]
Keyframe: 3 Frame: 91 Frame from vFrameID : 92
Tcw:
[0.94469124, 0.050846566, 0.32399544, -0.0023905812;
 0.26813853, 0.44908726, -0.85230416, 0.0043967552;
 -0.18883897, 0.89203995, 0.41061488, 0.12632018;
 0, 0, 0, 1]
Twc:
[0.94469124, 0.26813853, -0.18883897, 0.024933597;
 0.050846566, 0.44908726, 0.89203995, -0.11453563;
 0.32399544, -0.85230416, 0.41061488, -0.047347039;
 0, 0, 0, 1]
Ow:
[-0.0023905812;
 0.0043967552;
 0.12632018]
Keyframe: 4 Frame: 94 Frame from vFrameID : 95
Tcw:
[0.94499677, 0.079674855, 0.3172271, -0.001347987;
 0.24709314, 0.46156457, -0.85199946, 0.0004696995;
 -0.21430372, 0.88352138, 0.41648993, 0.10056033;
 0, 0, 0, 1]
Twc:
[0.94499677, 0.24709314, -0.21430372, 0.022708237;
 0.079674855, 0.46156457, 0.88352138, -0.088956602;
 0.3172271, -0.85199946, 0.41648993, -0.041054562;
 0, 0, 0, 1]
Ow:
[-0.001347987;
 0.0004696995;
 0.10056033]
Keyframe: 5 Frame: 98 Frame from vFrameID : 99
Tcw:
[0.94116849, 0.106069, 0.32086018, 0.0050802538;
 0.23624581, 0.47239548, -0.8491351, 0.0022706501;
 -0.24163981, 0.87498105, 0.41954538, 0.093961477;
 0, 0, 0, 1]
Twc:
[0.94116849, 0.23624581, -0.24163981, 0.017387029;
 0.106069, 0.47239548, 0.87498105, -0.08382602;
 0.32086018, -0.8491351, 0.41954538, -0.039123069;
 0, 0, 0, 1]
Ow:
[0.0050802538;
 0.0022706501;
 0.093961477]
Keyframe: 6 Frame: 101 Frame from vFrameID : 102
Tcw:
[0.93694437, 0.10664765, 0.33280852, 0.0020201569;
 0.2449021, 0.47900164, -0.84295928, 0.0033946615;
 -0.24931546, 0.87131149, 0.42267963, 0.091953427;
 0, 0, 0, 1]
Twc:
[0.93694437, 0.2449021, -0.24931546, 0.020201277;
 0.10664765, 0.47900164, 0.87131149, -0.081961572;
 0.33280852, -0.84295928, 0.42267963, -0.03667761;
 0, 0, 0, 1]
Ow:
[0.0020201569;
 0.0033946615;
 0.091953427]
Keyframe: 7 Frame: 105 Frame from vFrameID : 106
Tcw:
[0.93386, 0.11100445, 0.33997566, -0.00038273819;
 0.24754548, 0.48546642, -0.83847696, -0.0017062537;
 -0.25812143, 0.86717957, 0.42587903, 0.095429055;
 0, 0, 0, 1]
Twc:
[0.93386, 0.24754548, -0.25812143, 0.025412085;
 0.11100445, 0.48546642, 0.86717957, -0.081883311;
 0.33997566, -0.83847696, 0.42587903, -0.041941762;
 0, 0, 0, 1]
Ow:
[-0.00038273819;
 -0.0017062537;
 0.095429055]
Keyframe: 8 Frame: 108 Frame from vFrameID : 109
Tcw:
[0.93439472, 0.11455545, 0.33731812, 0.001665283;
 0.24723168, 0.47320136, -0.84555131, -0.0073853731;
 -0.25648189, 0.87347442, 0.41383514, 0.10033328;
 0, 0, 0, 1]
Twc:
[0.93439472, 0.24723168, -0.25648189, 0.026003536;
 0.11455545, 0.47320136, 0.87347442, -0.084334545;
 0.33731812, -0.84555131, 0.41383514, -0.048327874;
 0, 0, 0, 1]
Ow:
[0.001665283;
 -0.0073853731;
 0.10033328]
Keyframe: 9 Frame: 110 Frame from vFrameID : 111
Tcw:
[0.93521082, 0.11011085, 0.33653569, 0.0050094798;
 0.24993394, 0.46797076, -0.84766525, -0.0092454739;
 -0.250826, 0.87685746, 0.41013089, 0.10375786;
 0, 0, 0, 1]
Twc:
[0.93521082, 0.24993394, -0.250826, 0.023651008;
 0.11011085, 0.46797076, 0.87685746, -0.087205835;
 0.33653569, -0.84766525, 0.41013089, -0.052077238;
 0, 0, 0, 1]
Ow:
[0.0050094798;
 -0.0092454739;
 0.10375786]
Keyframe: 10 Frame: 113 Frame from vFrameID : 114
Tcw:
[0.93346494, 0.1137732, 0.34014532, 0.00657536;
 0.25473368, 0.45732373, -0.85203624, -0.012146838;
 -0.25249541, 0.88199246, 0.39791378, 0.1035089;
 0, 0, 0, 1]
Twc:
[0.93346494, 0.25473368, -0.25249541, 0.023091864;
 0.1137732, 0.45732373, 0.88199246, -0.086487129;
 0.34014532, -0.85203624, 0.39791378, -0.05377375;
 0, 0, 0, 1]
Ow:
[0.00657536;
 -0.012146838;
 0.1035089]
Keyframe: 11 Frame: 117 Frame from vFrameID : 118
Tcw:
[0.92613477, 0.11013296, 0.36075637, 0.0089174937;
 0.27420843, 0.46016279, -0.84442878, -0.012322806;
 -0.25900608, 0.88097727, 0.39597335, 0.11148767;
 0, 0, 0, 1]
Twc:
[0.92613477, 0.27420843, -0.25900608, 0.023996204;
 0.11013296, 0.46016279, 0.88097727, -0.093529724;
 0.36075637, -0.84442878, 0.39597335, -0.057768922;
 0, 0, 0, 1]
Ow:
[0.0089174937;
 -0.012322806;
 0.11148767]
Keyframe: 12 Frame: 120 Frame from vFrameID : 121
Tcw:
[0.92636621, 0.11089787, 0.35992679, 0.012478243;
 0.27265623, 0.46179855, -0.84403831, -0.017018829;
 -0.25981572, 0.88002485, 0.39755759, 0.11616583;
 0, 0, 0, 1]
Twc:
[0.92636621, 0.27265623, -0.25981572, 0.023262579;
 0.11089787, 0.46179855, 0.88002485, -0.095753364;
 0.35992679, -0.84403831, 0.39755759, -0.065038405;
 0, 0, 0, 1]
Ow:
[0.012478243;
 -0.017018829;
 0.11616583]
Keyframe: 13 Frame: 124 Frame from vFrameID : 125
Tcw:
[0.93082595, 0.13902898, 0.33798516, 0.011013403;
 0.23942477, 0.46673068, -0.85137433, -0.026906852;
 -0.27611375, 0.87340337, 0.40115806, 0.10755969;
 0, 0, 0, 1]
Twc:
[0.93082595, 0.23942477, -0.27611375, 0.025889315;
 0.13902898, 0.46673068, 0.87340337, -0.082915924;
 0.33798516, -0.85137433, 0.40115806, -0.069778606;
 0, 0, 0, 1]
Ow:
[0.011013403;
 -0.026906852;
 0.10755969]
Keyframe: 14 Frame: 129 Frame from vFrameID : 130
Tcw:
[0.93833208, 0.099310793, 0.33116508, 0.012173427;
 0.24936439, 0.46907395, -0.84722316, -0.033353873;
 -0.2394793, 0.8775574, 0.41538253, 0.13896833;
 0, 0, 0, 1]
Twc:
[0.93833208, 0.24936439, -0.2394793, 0.030174593;
 0.099310793, 0.46907395, 0.8775574, -0.10751621;
 0.33116508, -0.84722316, 0.41538253, -0.090014607;
 0, 0, 0, 1]
Ow:
[0.012173427;
 -0.033353873;
 0.13896833]
Keyframe: 15 Frame: 136 Frame from vFrameID : 137
Tcw:
[0.93179405, 0.12540397, 0.34063727, 0.011823572;
 0.25018337, 0.45805266, -0.85299242, -0.061955839;
 -0.26299843, 0.88003498, 0.39543673, 0.15442932;
 0, 0, 0, 1]
Twc:
[0.93179405, 0.25018337, -0.26299843, 0.045097858;
 0.12540397, 0.45805266, 0.88003498, -0.1090069;
 0.34063727, -0.85299242, 0.39543673, -0.11794244;
 0, 0, 0, 1]
Ow:
[0.011823572;
 -0.061955839;
 0.15442932]
Keyframe: 16 Frame: 144 Frame from vFrameID : 145
Tcw:
[0.91442311, 0.092493236, 0.39405, -0.030089274;
 0.31776866, 0.4389568, -0.84044033, -0.017664976;
 -0.25070599, 0.89373481, 0.37200078, 0.31710878;
 0, 0, 0, 1]
Twc:
[0.91442311, 0.31776866, -0.25070599, 0.11262877;
 0.092493236, 0.4389568, 0.89373481, -0.27287394;
 0.39405, -0.84044033, 0.37200078, -0.12095439;
 0, 0, 0, 1]
Ow:
[-0.030089274;
 -0.017664976;
 0.31710878]
Keyframe: 17 Frame: 152 Frame from vFrameID : 153
Tcw:
[0.92657614, 0.058463566, 0.37153554, -0.071061723;
 0.31423402, 0.42248929, -0.85015279, 0.020866595;
 -0.20667276, 0.9044804, 0.37309727, 0.4571332;
 0, 0, 0, 1]
Twc:
[0.92657614, 0.31423402, -0.20667276, 0.15376408;
 0.058463566, 0.42248929, 0.9044804, -0.41812941;
 0.37153554, -0.85015279, 0.37309727, -0.12641339;
 0, 0, 0, 1]
Ow:
[-0.071061723;
 0.020866595;
 0.4571332]
Keyframe: 18 Frame: 160 Frame from vFrameID : 161
Tcw:
[0.94448364, 0.069166869, 0.32119551, 0.048317552;
 0.26259249, 0.42865199, -0.86446667, -0.053766549;
 -0.19747356, 0.90081817, 0.38669211, 0.55286676;
 0, 0, 0, 1]
Twc:
[0.94448364, 0.26259249, -0.19747356, 0.077660114;
 0.069166869, 0.42865199, 0.90081817, -0.47832727;
 0.32119551, -0.86446667, 0.38669211, -0.27578798;
 0, 0, 0, 1]
Ow:
[0.048317552;
 -0.053766549;
 0.55286676]
Keyframe: 19 Frame: 169 Frame from vFrameID : 170
Tcw:
[0.91951722, 0.080992393, 0.3846145, -0.078117266;
 0.32041678, 0.41227752, -0.85285419, -0.034493372;
 -0.22764261, 0.90745109, 0.35314497, 0.66011995;
 0, 0, 0, 1]
Twc:
[0.91951722, 0.32041678, -0.22764261, 0.23315386;
 0.080992393, 0.41227752, 0.90745109, -0.57847887;
 0.3846145, -0.85285419, 0.35314497, -0.23249085;
 0, 0, 0, 1]
Ow:
[-0.078117266;
 -0.034493372;
 0.66011995]
Keyframe: 20 Frame: 178 Frame from vFrameID : 179
Tcw:
[0.90062219, 0.10711899, 0.42119494, -0.079691075;
 0.3451761, 0.41256234, -0.84299809, 0.086079486;
 -0.26407027, 0.9046092, 0.3345879, 0.75247222;
 0, 0, 0, 1]
Twc:
[0.90062219, 0.3451761, -0.26407027, 0.24076451;
 0.10711899, 0.41256234, 0.9046092, -0.70767003;
 0.42119494, -0.84299809, 0.3345879, -0.14563777;
 0, 0, 0, 1]
Ow:
[-0.079691075;
 0.086079486;
 0.75247222]
Keyframe: 21 Frame: 187 Frame from vFrameID : 188
Tcw:
[0.92558289, 0.10123537, 0.36475703, -0.0096876472;
 0.29993439, 0.39173728, -0.86981678, 0.0033469051;
 -0.23094517, 0.9144907, 0.33222136, 0.782332;
 0, 0, 0, 1]
Twc:
[0.92558289, 0.29993439, -0.23094517, 0.18863866;
 0.10123537, 0.39173728, 0.9144907, -0.71576571;
 0.36475703, -0.86981678, 0.33222136, -0.25346255;
 0, 0, 0, 1]
Ow:
[-0.0096876472;
 0.0033469051;
 0.782332]
Keyframe: 22 Frame: 196 Frame from vFrameID : 197
Tcw:
[0.91869968, 0.09066426, 0.38440984, -0.036741987;
 0.31287357, 0.42693844, -0.84843016, -0.073855743;
 -0.24104165, 0.89972413, 0.36386177, 0.87304521;
 0, 0, 0, 1]
Twc:
[0.91869968, 0.31287357, -0.24104165, 0.2673026;
 0.09066426, 0.42693844, 0.89972413, -0.75063682;
 0.38440984, -0.84843016, 0.36386177, -0.36620522;
 0, 0, 0, 1]
Ow:
[-0.036741987;
 -0.073855743;
 0.87304521]
Keyframe: 23 Frame: 205 Frame from vFrameID : 206
Tcw:
[0.90863246, 0.10859907, 0.40322858, -0.020189583;
 0.33178216, 0.39862704, -0.85499537, -0.091926485;
 -0.25358951, 0.91066062, 0.32617423, 0.99341595;
 0, 0, 0, 1]
Twc:
[0.90863246, 0.33178216, -0.25358951, 0.30076435;
 0.10859907, 0.39862704, 0.91066062, -0.8658278;
 0.40322858, -0.85499537, 0.32617423, -0.39448237;
 0, 0, 0, 1]
Ow:
[-0.020189583;
 -0.091926485;
 0.99341595]
Keyframe: 24 Frame: 214 Frame from vFrameID : 215
Tcw:
[0.91997623, 0.089234248, 0.3816818, -0.025035545;
 0.31931072, 0.39415216, -0.86179155, -0.052413374;
 -0.22734202, 0.91470283, 0.33411717, 1.0476335;
 0, 0, 0, 1]
Twc:
[0.91997623, 0.31931072, -0.22734202, 0.27793941;
 0.089234248, 0.39415216, 0.91470283, -0.93538052;
 0.3816818, -0.86179155, 0.33411717, -0.38564613;
 0, 0, 0, 1]
Ow:
[-0.025035545;
 -0.052413374;
 1.0476335]
Keyframe: 25 Frame: 223 Frame from vFrameID : 224
Tcw:
[0.92224884, 0.08241681, 0.37770969, -0.019886717;
 0.31827658, 0.39272508, -0.86282504, -0.09597978;
 -0.21944734, 0.91595548, 0.3359589, 1.1073549;
 0, 0, 0, 1]
Twc:
[0.92224884, 0.31827658, -0.21944734, 0.2918947;
 0.08241681, 0.39272508, 0.91595548, -0.97495514;
 0.37770969, -0.86282504, 0.3359589, -0.44732806;
 0, 0, 0, 1]
Ow:
[-0.019886717;
 -0.09597978;
 1.1073549]
Keyframe: 26 Frame: 231 Frame from vFrameID : 232
Tcw:
[0.90358377, 0.094746731, 0.41780308, -0.043332234;
 0.35753644, 0.37049541, -0.85726357, -0.18972218;
 -0.23601705, 0.9239893, 0.30089825, 1.2336693;
 0, 0, 0, 1]
Twc:
[0.90358377, 0.35753644, -0.23601705, 0.39815387;
 0.094746731, 0.37049541, 0.9239893, -1.0655004;
 0.41780308, -0.85726357, 0.30089825, -0.51574647;
 0, 0, 0, 1]
Ow:
[-0.043332234;
 -0.18972218;
 1.2336693]
Keyframe: 27 Frame: 240 Frame from vFrameID : 241
Tcw:
[0.8823809, 0.12465485, 0.45372358, -0.070796058;
 0.3766796, 0.39074194, -0.83990073, -0.044460863;
 -0.28198653, 0.9120208, 0.29782829, 1.3250043;
 0, 0, 0, 1]
Twc:
[0.8823809, 0.3766796, -0.28198653, 0.45284998;
 0.12465485, 0.39074194, 0.9120208, -1.1822337;
 0.45372358, -0.83990073, 0.29782829, -0.39984465;
 0, 0, 0, 1]
Ow:
[-0.070796058;
 -0.044460863;
 1.3250043]
Keyframe: 28 Frame: 249 Frame from vFrameID : 250
Tcw:
[0.90670592, 0.14135371, 0.39737076, 0.039835393;
 0.32471314, 0.36730626, -0.87157756, -0.091694325;
 -0.2691575, 0.91929609, 0.28713936, 1.4085925;
 0, 0, 0, 1]
Twc:
[0.90670592, 0.32471314, -0.2691575, 0.37278855;
 0.14135371, 0.36730626, 0.91929609, -1.2668644;
 0.39737076, -0.87157756, 0.28713936, -0.50021046;
 0, 0, 0, 1]
Ow:
[0.039835393;
 -0.091694325;
 1.4085925]
Keyframe: 29 Frame: 259 Frame from vFrameID : 260
Tcw:
[0.90494317, 0.11095359, 0.41081282, 0.083721504;
 0.34177333, 0.38563561, -0.85701585, -0.12817892;
 -0.25351304, 0.91595548, 0.31105733, 1.4066856;
 0, 0, 0, 1]
Twc:
[0.90494317, 0.34177333, -0.25351304, 0.32465807;
 0.11095359, 0.38563561, 0.91595548, -1.2483202;
 0.41081282, -0.85701585, 0.31105733, -0.58180511;
 0, 0, 0, 1]
Ow:
[0.083721504;
 -0.12817892;
 1.4066856]
Keyframe: 30 Frame: 267 Frame from vFrameID : 268
Tcw:
[0.8926174, 0.073476143, 0.44478688, 0.053183854;
 0.399414, 0.32862306, -0.85584772, -0.33054385;
 -0.20905162, 0.94159871, 0.26398727, 1.6675094;
 0, 0, 0, 1]
Twc:
[0.8926174, 0.399414, -0.20905162, 0.43314657;
 0.073476143, 0.32862306, 0.94159871, -1.4654082;
 0.44478688, -0.85584772, 0.26398727, -0.74675196;
 0, 0, 0, 1]
Ow:
[0.053183854;
 -0.33054385;
 1.6675094]
Keyframe: 31 Frame: 276 Frame from vFrameID : 277
Tcw:
[0.93471837, 0.032206893, 0.35392693, 0.26934069;
 0.32687294, 0.31295466, -0.89174742, -0.40446368;
 -0.1394835, 0.94922185, 0.28199691, 1.6998775;
 0, 0, 0, 1]
Twc:
[0.93471837, 0.32687294, -0.1394835, 0.11755538;
 0.032206893, 0.31295466, 0.94922185, -1.4956567;
 0.35392693, -0.89174742, 0.28199691, -0.93536657;
 0, 0, 0, 1]
Ow:
[0.26934069;
 -0.40446368;
 1.6998775]
Keyframe: 32 Frame: 282 Frame from vFrameID : 283
Tcw:
[0.9234727, 0.020191599, 0.38313249, 0.20665187;
 0.36120015, 0.29093382, -0.88594127, -0.44981468;
 -0.12935476, 0.95653009, 0.2613762, 1.8093163;
 0, 0, 0, 1]
Twc:
[0.9234727, 0.36120015, -0.12935476, 0.20567948;
 0.020191599, 0.29093382, 0.95653009, -1.6039718;
 0.38313249, -0.88594127, 0.2613762, -0.95059675;
 0, 0, 0, 1]
Ow:
[0.20665187;
 -0.44981468;
 1.8093163]
Keyframe: 33 Frame: 290 Frame from vFrameID : 291
Tcw:
[0.9360429, 0.029442836, 0.35065192, 0.20230144;
 0.31884161, 0.35062778, -0.88056809, -0.36156347;
 -0.14887473, 0.93605196, 0.31881505, 1.7626114;
 0, 0, 0, 1]
Twc:
[0.9360429, 0.31884161, -0.14887473, 0.18832695;
 0.029442836, 0.35062778, 0.93605196, -1.529078;
 0.35065192, -0.88056809, 0.31881505, -0.95126569;
 0, 0, 0, 1]
Ow:
[0.20230144;
 -0.36156347;
 1.7626114]
Keyframe: 34 Frame: 296 Frame from vFrameID : 297
Tcw:
[0.91076374, 0.047178689, 0.41022387, 0.035816044;
 0.37524548, 0.32006004, -0.86991519, -0.43493557;
 -0.17233773, 0.94622183, 0.27379549, 1.9082652;
 0, 0, 0, 1]
Twc:
[0.91076374, 0.37524548, -0.17233773, 0.45945367;
 0.047178689, 0.32006004, 0.94622183, -1.6681265;
 0.41022387, -0.86991519, 0.27379549, -0.91552401;
 0, 0, 0, 1]
Ow:
[0.035816044;
 -0.43493557;
 1.9082652]
Keyframe: 35 Frame: 300 Frame from vFrameID : 301
Tcw:
[0.88351572, 0.046903007, 0.46604729, -0.020519018;
 0.42661828, 0.33020306, -0.84199929, -0.51556736;
 -0.19338253, 0.9427439, 0.27172992, 1.9700062;
 0, 0, 0, 1]
Twc:
[0.88351572, 0.42661828, -0.19338253, 0.61904413;
 0.046903007, 0.33020306, 0.9427439, -1.6860069;
 0.46604729, -0.84199929, 0.27172992, -0.95985407;
 0, 0, 0, 1]
Ow:
[-0.020519018;
 -0.51556736;
 1.9700062]
Keyframe: 36 Frame: 306 Frame from vFrameID : 307
Tcw:
[0.94949675, 0.13109395, 0.28507948, -0.036609396;
 0.21091819, 0.40600964, -0.8891961, -0.072233737;
 -0.23231325, 0.90441722, 0.35785475, 2.0152745;
 0, 0, 0, 1]
Twc:
[0.94949675, 0.21091819, -0.23231325, 0.51817089;
 0.13109395, 0.40600964, 0.90441722, -1.7885221;
 0.28507948, -0.8891961, 0.35785475, -0.77496892;
 0, 0, 0, 1]
Ow:
[-0.036609396;
 -0.072233737;
 2.0152745]
Keyframe: 37 Frame: 308 Frame from vFrameID : 309
Tcw:
[0.91450107, 0.0574967, 0.40047717, 0.14112064;
 0.35868832, 0.34269479, -0.86827588, -0.45518064;
 -0.18716444, 0.93768567, 0.29277134, 1.9586051;
 0, 0, 0, 1]
Twc:
[0.91450107, 0.35868832, -0.18716444, 0.40079421;
 0.0574967, 0.34269479, 0.93768567, -1.6886817;
 0.40047717, -0.86827588, 0.29277134, -1.0251614;
 0, 0, 0, 1]
Ow:
[0.14112064;
 -0.45518064;
 1.9586051]
Keyframe: 38 Frame: 312 Frame from vFrameID : 313
Tcw:
[0.92115158, 0.070165299, 0.38282713, 0.12254578;
 0.33866367, 0.34022287, -0.87724304, -0.39440751;
 -0.19179857, 0.9377234, 0.28963441, 2.0869312;
 0, 0, 0, 1]
Twc:
[0.92115158, 0.33866367, -0.19179857, 0.42095867;
 0.070165299, 0.34022287, 0.9377234, -1.8313763;
 0.38282713, -0.87724304, 0.28963441, -0.99735212;
 0, 0, 0, 1]
Ow:
[0.12254578;
 -0.39440751;
 2.0869312]
Keyframe: 39 Frame: 317 Frame from vFrameID : 318
Tcw:
[0.91987288, 0.15140642, 0.36181492, 0.054397076;
 0.27751067, 0.40064692, -0.87319523, -0.29929149;
 -0.27716741, 0.90363604, 0.32652733, 2.1704326;
 0, 0, 0, 1]
Twc:
[0.91987288, 0.27751067, -0.27716741, 0.63459128;
 0.15140642, 0.40064692, 0.90363604, -1.849607;
 0.36181492, -0.87319523, 0.32652733, -0.98972708;
 0, 0, 0, 1]
Ow:
[0.054397076;
 -0.29929149;
 2.1704326]
Keyframe: 40 Frame: 320 Frame from vFrameID : 321
Tcw:
[0.91718727, 0.12791871, 0.37736493, 0.079832256;
 0.30938855, 0.36817008, -0.87677222, -0.32642758;
 -0.25109005, 0.92091674, 0.29810432, 2.1768177;
 0, 0, 0, 1]
Twc:
[0.91718727, 0.30938855, -0.25109005, 0.57434911;
 0.12791871, 0.36817008, 0.92091674, -1.8946989;
 0.37736493, -0.87677222, 0.29810432, -0.96524733;
 0, 0, 0, 1]
Ow:
[0.079832256;
 -0.32642758;
 2.1768177]
Keyframe: 41 Frame: 324 Frame from vFrameID : 325
Tcw:
[0.95243573, 0.01518233, 0.30436116, 0.08319138;
 0.28197703, 0.33484656, -0.8990922, -0.21801078;
 -0.1155646, 0.94215035, 0.31463873, 2.1963527;
 0, 0, 0, 1]
Twc:
[0.95243573, 0.28197703, -0.1155646, 0.2360602;
 0.01518233, 0.33484656, 0.94215035, -1.9975574;
 0.30436116, -0.8990922, 0.31463873, -0.9123897;
 0, 0, 0, 1]
Ow:
[0.08319138;
 -0.21801078;
 2.1963527]
Keyframe: 42 Frame: 330 Frame from vFrameID : 331
Tcw:
[0.92862892, 0.042850826, 0.36852697, -0.022034347;
 0.32508844, 0.38469636, -0.86390173, -0.23619378;
 -0.17878988, 0.92204803, 0.34330985, 2.2112615;
 0, 0, 0, 1]
Twc:
[0.92862892, 0.32508844, -0.17878988, 0.49259678;
 0.042850826, 0.38469636, 0.92204803, -1.9470822;
 0.36852697, -0.86390173, 0.34330985, -0.9550758;
 0, 0, 0, 1]
Ow:
[-0.022034347;
 -0.23619378;
 2.2112615]
Keyframe: 43 Frame: 332 Frame from vFrameID : 333
Tcw:
[0.93628222, 0.0022673465, 0.35124129, 0.051536411;
 0.33086094, 0.33003485, -0.88408601, -0.27760583;
 -0.1179264, 0.94396603, 0.30825558, 2.2379975;
 0, 0, 0, 1]
Twc:
[0.93628222, 0.33086094, -0.1179264, 0.30751529;
 0.0022673465, 0.33003485, 0.94396603, -2.021091;
 0.35124129, -0.88408601, 0.30825558, -0.95340443;
 0, 0, 0, 1]
Ow:
[0.051536411;
 -0.27760583;
 2.2379975]
Keyframe: 44 Frame: 335 Frame from vFrameID : 336
Tcw:
[0.93526697, 0.031892072, 0.35250339, 0.06575346;
 0.31853971, 0.35832694, -0.87757295, -0.26679945;
 -0.15429908, 0.93305129, 0.32497245, 2.3127022;
 0, 0, 0, 1]
Twc:
[0.93526697, 0.31853971, -0.15429908, 0.38033697;
 0.031892072, 0.35832694, 0.93305129, -2.0643654;
 0.35250339, -0.87757295, 0.32497245, -1.0088788;
 0, 0, 0, 1]
Ow:
[0.06575346;
 -0.26679945;
 2.3127022]
Keyframe: 45 Frame: 338 Frame from vFrameID : 339
Tcw:
[0.94161689, 0.030556291, 0.33529678, 0.081305951;
 0.30409282, 0.35027769, -0.88590807, -0.31064177;
 -0.14451705, 0.93614733, 0.32053545, 2.3154457;
 0, 0, 0, 1]
Twc:
[0.94161689, 0.30409282, -0.14451705, 0.35252625;
 0.030556291, 0.35027769, 0.93614733, -2.0612719;
 0.33529678, -0.88590807, 0.32053545, -1.0446441;
 0, 0, 0, 1]
Ow:
[0.081305951;
 -0.31064177;
 2.3154457]
Keyframe: 46 Frame: 341 Frame from vFrameID : 342
Tcw:
[0.95278287, 0.025094528, 0.30261365, 0.10056329;
 0.2769005, 0.33720618, -0.89978784, -0.30324554;
 -0.12462294, 0.94109631, 0.31433558, 2.3643227;
 0, 0, 0, 1]
Twc:
[0.95278287, 0.2769005, -0.12462294, 0.2828027;
 0.025094528, 0.33720618, 0.94109631, -2.1253226;
 0.30261365, -0.89978784, 0.31433558, -1.0464792;
 0, 0, 0, 1]
Ow:
[0.10056329;
 -0.30324554;
 2.3643227]
Keyframe: 47 Frame: 345 Frame from vFrameID : 346
Tcw:
[0.9541083, 0.028416269, 0.29811054, 0.1267966;
 0.26965392, 0.35144815, -0.89653277, -0.32005107;
 -0.13024652, 0.935776, 0.32765704, 2.382457;
 0, 0, 0, 1]
Twc:
[0.9541083, 0.26965392, -0.13024652, 0.27563205;
 0.028416269, 0.35144815, 0.935776, -2.1205678;
 0.29811054, -0.89653277, 0.32765704, -1.1053644;
 0, 0, 0, 1]
Ow:
[0.1267966;
 -0.32005107;
 2.382457]
Keyframe: 48 Frame: 348 Frame from vFrameID : 349
Tcw:
[0.95404512, 0.036171429, 0.29747188, 0.11917827;
 0.26606137, 0.35448581, -0.89641017, -0.32495618;
 -0.13787399, 0.93436152, 0.32857162, 2.4176624;
 0, 0, 0, 1]
Twc:
[0.95404512, 0.26606137, -0.13787399, 0.30608964;
 0.036171429, 0.35448581, 0.93436152, -2.1480894;
 0.29747188, -0.89641017, 0.32857162, -1.1211215;
 0, 0, 0, 1]
Ow:
[0.11917827;
 -0.32495618;
 2.4176624]
Keyframe: 49 Frame: 352 Frame from vFrameID : 353
Tcw:
[0.94877285, 0.044867259, 0.31275716, 0.15278447;
 0.27850166, 0.34873724, -0.894885, -0.35152686;
 -0.14922111, 0.93614596, 0.31837681, 2.4298704;
 0, 0, 0, 1]
Twc:
[0.94877285, 0.27850166, -0.14922111, 0.31553105;
 0.044867259, 0.34873724, 0.93614596, -2.158978;
 0.31275716, -0.894885, 0.31837681, -1.135975;
 0, 0, 0, 1]
Ow:
[0.15278447;
 -0.35152686;
 2.4298704]
Keyframe: 50 Frame: 357 Frame from vFrameID : 358
Tcw:
[0.94864768, 0.052069195, 0.31201988, 0.1620647;
 0.27948877, 0.32403889, -0.90381682, -0.33336419;
 -0.1481676, 0.94460976, 0.29284599, 2.4643164;
 0, 0, 0, 1]
Twc:
[0.94864768, 0.27948877, -0.1481676, 0.30456108;
 0.052069195, 0.32403889, 0.94460976, -2.2282329;
 0.31201988, -0.90381682, 0.29284599, -1.0735327;
 0, 0, 0, 1]
Ow:
[0.1620647;
 -0.33336419;
 2.4643164]
Keyframe: 51 Frame: 361 Frame from vFrameID : 362
Tcw:
[0.93582052, 0.060073916, 0.34731978, 0.12313023;
 0.30676901, 0.34646177, -0.88648576, -0.36134773;
 -0.17358771, 0.93613851, 0.30579725, 2.5001438;
 0, 0, 0, 1]
Twc:
[0.93582052, 0.30676901, -0.17358771, 0.42961669;
 0.060073916, 0.34646177, 0.93613851, -2.2226846;
 0.34731978, -0.88648576, 0.30579725, -1.1276323;
 0, 0, 0, 1]
Ow:
[0.12313023;
 -0.36134773;
 2.5001438]
Keyframe: 52 Frame: 366 Frame from vFrameID : 367
Tcw:
[0.93214351, 0.039475832, 0.35993078, 0.15936363;
 0.32196769, 0.36443776, -0.87379742, -0.4141292;
 -0.16566625, 0.93039066, 0.32699835, 2.5470963;
 0, 0, 0, 1]
Twc:
[0.93214351, 0.32196769, -0.16566625, 0.40675434;
 0.039475832, 0.36443776, 0.93039066, -2.2251613;
 0.35993078, -0.87379742, 0.32699835, -1.2521212;
 0, 0, 0, 1]
Ow:
[0.15936363;
 -0.4141292;
 2.5470963]
Keyframe: 53 Frame: 372 Frame from vFrameID : 373
Tcw:
[0.94487089, 0.027383382, 0.32629606, 0.12778077;
 0.29932901, 0.3317441, -0.89462173, -0.42854333;
 -0.13274457, 0.94297189, 0.30525872, 2.6451979;
 0, 0, 0, 1]
Twc:
[0.94487089, 0.29932901, -0.13274457, 0.35867476;
 0.027383382, 0.3317441, 0.94297189, -2.3556798;
 0.32629606, -0.89462173, 0.30525872, -1.2325482;
 0, 0, 0, 1]
Ow:
[0.12778077;
 -0.42854333;
 2.6451979]
Keyframe: 54 Frame: 378 Frame from vFrameID : 379
Tcw:
[0.9464336, 0.0271091, 0.32175851, 0.11167067;
 0.29283568, 0.3478044, -0.89066231, -0.41084868;
 -0.13605408, 0.9371751, 0.32123524, 2.6862621;
 0, 0, 0, 1]
Twc:
[0.9464336, 0.29283568, -0.13605408, 0.38009921;
 0.0271091, 0.3478044, 0.9371751, -2.3776305;
 0.32175851, -0.89066231, 0.32123524, -1.2647805;
 0, 0, 0, 1]
Ow:
[0.11167067;
 -0.41084868;
 2.6862621]
Keyframe: 55 Frame: 385 Frame from vFrameID : 386
Tcw:
[0.93703824, 0.013593337, 0.34896207, 0.090902597;
 0.32551101, 0.32795382, -0.88684207, -0.37578011;
 -0.12649859, 0.94459593, 0.3028805, 2.7571921;
 0, 0, 0, 1]
Twc:
[0.93703824, 0.32551101, -0.12649859, 0.38592228;
 0.013593337, 0.32795382, 0.94459593, -2.4824297;
 0.34896207, -0.88684207, 0.3028805, -1.200079;
 0, 0, 0, 1]
Ow:
[0.090902597;
 -0.37578011;
 2.7571921]
Keyframe: 56 Frame: 393 Frame from vFrameID : 394
Tcw:
[0.91914189, 0.070162319, 0.38762799, 0.13734269;
 0.3441866, 0.33559155, -0.87687737, -0.49915349;
 -0.19160843, 0.93939108, 0.2843073, 2.841769;
 0, 0, 0, 1]
Twc:
[0.91914189, 0.3441866, -0.19160843, 0.59007144;
 0.070162319, 0.33559155, 0.93939108, -2.511657;
 0.38762799, -0.87687737, 0.2843073, -1.29887;
 0, 0, 0, 1]
Ow:
[0.13734269;
 -0.49915349;
 2.841769]
Keyframe: 57 Frame: 401 Frame from vFrameID : 402
Tcw:
[0.91579705, 0.034612548, 0.40014714, -0.13348877;
 0.36913252, 0.32011771, -0.87250549, -0.53752279;
 -0.15829383, 0.94674528, 0.28038624, 2.9953206;
 0, 0, 0, 1]
Twc:
[0.91579705, 0.36913252, -0.15829383, 0.79480654;
 0.034612548, 0.32011771, 0.94674528, -2.6591146;
 0.40014714, -0.87250549, 0.28038624, -1.2554231;
 0, 0, 0, 1]
Ow:
[-0.13348877;
 -0.53752279;
 2.9953206]
Keyframe: 58 Frame: 408 Frame from vFrameID : 409
Tcw:
[0.92984068, 0.015494525, 0.36763605, 0.028026104;
 0.34334329, 0.32278031, -0.88200241, -0.6379841;
 -0.13233188, 0.94634706, 0.29481432, 3.0433486;
 0, 0, 0, 1]
Twc:
[0.92984068, 0.34334329, -0.13233188, 0.59571987;
 0.015494525, 0.32278031, 0.94634706, -2.6745698;
 0.36763605, -0.88200241, 0.29481432, -1.4702297;
 0, 0, 0, 1]
Ow:
[0.028026104;
 -0.6379841;
 3.0433486]
Keyframe: 59 Frame: 416 Frame from vFrameID : 417
Tcw:
[0.92946327, 0.064829171, 0.36317372, 0.059702575;
 0.31694156, 0.36348835, -0.87602752, -0.44923663;
 -0.18880156, 0.9293403, 0.31730199, 3.0722392;
 0, 0, 0, 1]
Twc:
[0.92946327, 0.31694156, -0.18880156, 0.66693395;
 0.064829171, 0.36348835, 0.9293403, -2.695734;
 0.36317372, -0.87602752, 0.31730199, -1.3900537;
 0, 0, 0, 1]
Ow:
[0.059702575;
 -0.44923663;
 3.0722392]
Keyframe: 60 Frame: 423 Frame from vFrameID : 424
Tcw:
[0.90850431, 0.091981255, 0.40762654, 0.01489836;
 0.34974837, 0.36645594, -0.86219841, -0.49592257;
 -0.22868326, 0.92587769, 0.30075648, 3.1414232;
 0, 0, 0, 1]
Twc:
[0.90850431, 0.34974837, -0.22868326, 0.87830377;
 0.091981255, 0.36645594, 0.92587769, -2.7282102;
 0.40762654, -0.86219841, 0.30075648, -1.3784602;
 0, 0, 0, 1]
Ow:
[0.01489836;
 -0.49592257;
 3.1414232]
Keyframe: 61 Frame: 431 Frame from vFrameID : 432
Tcw:
[0.90869588, 0.10001123, 0.40530175, 0.069569588;
 0.34470579, 0.36788911, -0.86361772, -0.53438103;
 -0.23547757, 0.92447573, 0.29982489, 3.2245884;
 0, 0, 0, 1]
Twc:
[0.90869588, 0.34470579, -0.23547757, 0.88030487;
 0.10001123, 0.36788911, 0.92447573, -2.7914186;
 0.40530175, -0.86361772, 0.29982489, -1.4565094;
 0, 0, 0, 1]
Ow:
[0.069569588;
 -0.53438103;
 3.2245884]
Keyframe: 62 Frame: 438 Frame from vFrameID : 439
Tcw:
[0.92458957, 0.077883273, 0.3729187, 0.10634324;
 0.32438859, 0.3523429, -0.87785333, -0.54359686;
 -0.19976535, 0.93262464, 0.30050814, 3.3497095;
 0, 0, 0, 1]
Twc:
[0.92458957, 0.32438859, -0.19976535, 0.74716866;
 0.077883273, 0.3523429, 0.93262464, -2.9407713;
 0.3729187, -0.87785333, 0.30050814, -1.5234706;
 0, 0, 0, 1]
Ow:
[0.10634324;
 -0.54359686;
 3.3497095]
Keyframe: 63 Frame: 446 Frame from vFrameID : 447
Tcw:
[0.92406052, 0.10037939, 0.36883077, 0.12966913;
 0.30257574, 0.39754358, -0.86626035, -0.53140467;
 -0.23358099, 0.91207623, 0.33698195, 3.3755264;
 0, 0, 0, 1]
Twc:
[0.92406052, 0.30257574, -0.23358099, 0.82942688;
 0.10037939, 0.39754358, 0.91207623, -2.880497;
 0.36883077, -0.86626035, 0.33698195, -1.6456523;
 0, 0, 0, 1]
Ow:
[0.12966913;
 -0.53140467;
 3.3755264]
Keyframe: 64 Frame: 452 Frame from vFrameID : 453
Tcw:
[0.91635644, 0.072883382, 0.39367354, 0.12353188;
 0.33971825, 0.37876603, -0.86088783, -0.59171295;
 -0.21185458, 0.92261821, 0.32232487, 3.5181937;
 0, 0, 0, 1]
Twc:
[0.91635644, 0.33971825, -0.21185458, 0.83316183;
 0.072883382, 0.37876603, 0.92261821, -3.0308321;
 0.39367354, -0.86088783, 0.32232487, -1.692031;
 0, 0, 0, 1]
Ow:
[0.12353188;
 -0.59171295;
 3.5181937]
Keyframe: 65 Frame: 459 Frame from vFrameID : 460
Tcw:
[0.90312386, 0.14449641, 0.40433654, 0.074829519;
 0.30713964, 0.44065151, -0.84349954, -0.39673281;
 -0.30005416, 0.88597238, 0.35358232, 3.5168884;
 0, 0, 0, 1]
Twc:
[0.90312386, 0.30713964, -0.30005416, 1.1095289;
 0.14449641, 0.44065151, 0.88597238, -2.9518573;
 0.40433654, -0.84349954, 0.35358232, -1.6084098;
 0, 0, 0, 1]
Ow:
[0.074829519;
 -0.39673281;
 3.5168884]
Keyframe: 66 Frame: 465 Frame from vFrameID : 466
Tcw:
[0.96404165, 0.039443746, 0.26280764, 0.14349842;
 0.22389847, 0.41215935, -0.88317275, -0.4378376;
 -0.14315426, 0.91025758, 0.3885074, 3.4430945;
 0, 0, 0, 1]
Twc:
[0.96404165, 0.22389847, -0.14315426, 0.45258641;
 0.039443746, 0.41215935, 0.91025758, -2.9593041;
 0.26280764, -0.88317275, 0.3885074, -1.7620665;
 0, 0, 0, 1]
Ow:
[0.14349842;
 -0.4378376;
 3.4430945]
Keyframe: 67 Frame: 467 Frame from vFrameID : 468
Tcw:
[0.94405377, 0.1164811, 0.30853626, -0.015185326;
 0.24989398, 0.3578507, -0.89971989, -0.25073898;
 -0.21521029, 0.9264853, 0.30872241, 3.7914531;
 0, 0, 0, 1]
Twc:
[0.94405377, 0.24989398, -0.21521029, 0.89295363;
 0.1164811, 0.3578507, 0.9264853, -3.4212296;
 0.30853626, -0.89971989, 0.30872241, -1.3914161;
 0, 0, 0, 1]
Ow:
[-0.015185326;
 -0.25073898;
 3.7914531]
Keyframe: 68 Frame: 470 Frame from vFrameID : 471
Tcw:
[0.95061785, 0.045561381, 0.30700147, -0.18611559;
 0.27100688, 0.3602441, -0.89262503, -0.30082351;
 -0.1512647, 0.93174481, 0.330107, 3.6912329;
 0, 0, 0, 1]
Twc:
[0.95061785, 0.27100688, -0.1512647, 0.81680322;
 0.045561381, 0.3602441, 0.93174481, -3.3224373;
 0.30700147, -0.89262503, 0.330107, -1.4298867;
 0, 0, 0, 1]
Ow:
[-0.18611559;
 -0.30082351;
 3.6912329]
Keyframe: 69 Frame: 472 Frame from vFrameID : 473
Tcw:
[0.93550771, 0.067636833, 0.34677157, -0.056661844;
 0.29225761, 0.40335625, -0.86711544, -0.47238636;
 -0.19852142, 0.91253984, 0.35757551, 3.6632752;
 0, 0, 0, 1]
Twc:
[0.93550771, 0.29225761, -0.19852142, 0.9183048;
 0.067636833, 0.40335625, 0.91253984, -3.1485124;
 0.34677157, -0.86711544, 0.35757551, -1.6998625;
 0, 0, 0, 1]
Ow:
[-0.056661844;
 -0.47238636;
 3.6632752]
Keyframe: 70 Frame: 475 Frame from vFrameID : 476
Tcw:
[0.93551272, 0.075091079, 0.3452206, -0.048610449;
 0.28902745, 0.39927217, -0.87008327, -0.44874001;
 -0.20317246, 0.9137522, 0.35182083, 3.6892383;
 0, 0, 0, 1]
Twc:
[0.93551272, 0.28902745, -0.20317246, 0.92472553;
 0.075091079, 0.39927217, 0.9137522, -3.18823;
 0.3452206, -0.87008327, 0.35182083, -1.6716106;
 0, 0, 0, 1]
Ow:
[-0.048610449;
 -0.44874001;
 3.6892383]
Keyframe: 71 Frame: 479 Frame from vFrameID : 480
Tcw:
[0.93424648, 0.10550142, 0.34066546, 0.034237862;
 0.27827016, 0.38178173, -0.88136739, -0.47654974;
 -0.22304535, 0.9182114, 0.32732034, 3.7427361;
 0, 0, 0, 1]
Twc:
[0.93424648, 0.27827016, -0.22304535, 0.9354229;
 0.10550142, 0.38178173, 0.9182114, -3.2582972;
 0.34066546, -0.88136739, 0.32732034, -1.6567527;
 0, 0, 0, 1]
Ow:
[0.034237862;
 -0.47654974;
 3.7427361]
Keyframe: 72 Frame: 485 Frame from vFrameID : 486
Tcw:
[0.92281282, 0.079912677, 0.37686932, 0.059888303;
 0.31810415, 0.39376578, -0.86241418, -0.47895789;
 -0.21731608, 0.91573054, 0.33795157, 3.7516041;
 0, 0, 0, 1]
Twc:
[0.92281282, 0.31810415, -0.21731608, 0.91237664;
 0.079912677, 0.39376578, 0.91573054, -3.251647;
 0.37686932, -0.86241418, 0.33795157, -1.7034906;
 0, 0, 0, 1]
Ow:
[0.059888303;
 -0.47895789;
 3.7516041]
Keyframe: 73 Frame: 489 Frame from vFrameID : 490
Tcw:
[0.91218603, 0.074187934, 0.40300474, 0.04994899;
 0.34085628, 0.4085165, -0.84671795, -0.48345447;
 -0.22745034, 0.90973097, 0.34735563, 3.7928607;
 0, 0, 0, 1]
Twc:
[0.91218603, 0.34085628, -0.22745034, 0.98191315;
 0.074187934, 0.4085165, 0.90973097, -3.2566893;
 0.40300474, -0.84671795, 0.34735563, -1.7469506;
 0, 0, 0, 1]
Ow:
[0.04994899;
 -0.48345447;
 3.7928607]
Keyframe: 74 Frame: 493 Frame from vFrameID : 494
Tcw:
[0.91608846, 0.076473475, 0.39361626, 0.0578807;
 0.33277485, 0.40265679, -0.85271823, -0.49612832;
 -0.22370258, 0.91215092, 0.3434208, 3.8089337;
 0, 0, 0, 1]
Twc:
[0.91608846, 0.33277485, -0.22370258, 0.96414357;
 0.076473475, 0.40265679, 0.91215092, -3.2789795;
 0.39361626, -0.85271823, 0.3434208, -1.7539077;
 0, 0, 0, 1]
Ow:
[0.0578807;
 -0.49612832;
 3.8089337]
Keyframe: 75 Frame: 496 Frame from vFrameID : 497
Tcw:
[0.93097121, 0.078004926, 0.35666215, 0.078427196;
 0.29861683, 0.39935371, -0.86680138, -0.49779332;
 -0.21004914, 0.91347241, 0.34849322, 3.8181217;
 0, 0, 0, 1]
Twc:
[0.93097121, 0.29861683, -0.21004914, 0.8776291;
 0.078004926, 0.39935371, 0.91347241, -3.2950709;
 0.35666215, -0.86680138, 0.34849322, -1.7900493;
 0, 0, 0, 1]
Ow:
[0.078427196;
 -0.49779332;
 3.8181217]
Keyframe: 76 Frame: 500 Frame from vFrameID : 501
Tcw:
[0.93242383, 0.075360097, 0.35342139, 0.096173525;
 0.28976795, 0.42844293, -0.85584533, -0.49248242;
 -0.21591748, 0.90042073, 0.37765345, 3.8072834;
 0, 0, 0, 1]
Twc:
[0.93242383, 0.28976795, -0.21591748, 0.87509018;
 0.075360097, 0.42844293, 0.90042073, -3.2244041;
 0.35342139, -0.85584533, 0.37765345, -1.8933122;
 0, 0, 0, 1]
Ow:
[0.096173525;
 -0.49248242;
 3.8072834]
Keyframe: 77 Frame: 504 Frame from vFrameID : 505
Tcw:
[0.93180686, 0.076999798, 0.35469276, 0.10648388;
 0.28908074, 0.43347424, -0.85354108, -0.51454163;
 -0.21947266, 0.8978703, 0.38165513, 3.8371305;
 0, 0, 0, 1]
Twc:
[0.93180686, 0.28908074, -0.21947266, 0.89166701;
 0.076999798, 0.43347424, 0.8978703, -3.2304044;
 0.35469276, -0.85354108, 0.38165513, -1.9414121;
 0, 0, 0, 1]
Ow:
[0.10648388;
 -0.51454163;
 3.8371305]
Keyframe: 78 Frame: 508 Frame from vFrameID : 509
Tcw:
[0.92206925, 0.071172588, 0.38042438, 0.064098537;
 0.32209036, 0.40387183, -0.85623908, -0.4927218;
 -0.21458344, 0.91204274, 0.3494738, 3.9280112;
 0, 0, 0, 1]
Twc:
[0.92206925, 0.32209036, -0.21458344, 0.94248384;
 0.071172588, 0.40387183, 0.91204274, -3.3880799;
 0.38042438, -0.85623908, 0.3494738, -1.8190093;
 0, 0, 0, 1]
Ow:
[0.064098537;
 -0.4927218;
 3.9280112]
Keyframe: 79 Frame: 513 Frame from vFrameID : 514
Tcw:
[0.91292512, 0.086656682, 0.39882118, 0.10175717;
 0.32933962, 0.42072859, -0.84529454, -0.5778079;
 -0.24104589, 0.90303826, 0.35555422, 3.9758852;
 0, 0, 0, 1]
Twc:
[0.91292512, 0.32933962, -0.24104589, 1.0557692;
 0.086656682, 0.42072859, 0.90303826, -3.3560939;
 0.39882118, -0.84529454, 0.35555422, -1.9426435;
 0, 0, 0, 1]
Ow:
[0.10175717;
 -0.5778079;
 3.9758852]
Keyframe: 80 Frame: 518 Frame from vFrameID : 519
Tcw:
[0.91136545, 0.079366781, 0.40387371, 0.11096865;
 0.33386889, 0.43131125, -0.83815402, -0.55921721;
 -0.24071686, 0.89870548, 0.36658406, 3.9619;
 0, 0, 0, 1]
Twc:
[0.91136545, 0.33386889, -0.24071686, 1.0392684;
 0.079366781, 0.43131125, 0.89870548, -3.3281918;
 0.40387371, -0.83815402, 0.36658406, -1.9658968;
 0, 0, 0, 1]
Ow:
[0.11096865;
 -0.55921721;
 3.9619]
Keyframe: 81 Frame: 523 Frame from vFrameID : 524
Tcw:
[0.91395533, 0.081486724, 0.39754945, 0.030073106;
 0.34219497, 0.37185577, -0.86291707, -0.57977104;
 -0.21814735, 0.92470711, 0.31197521, 4.1411247;
 0, 0, 0, 1]
Twc:
[0.91395533, 0.34219497, -0.21814735, 1.0742846;
 0.081486724, 0.37185577, 0.92470711, -3.6161864;
 0.39754945, -0.86291707, 0.31197521, -1.8041781;
 0, 0, 0, 1]
Ow:
[0.030073106;
 -0.57977104;
 4.1411247]
Keyframe: 82 Frame: 529 Frame from vFrameID : 530
Tcw:
[0.92805338, -0.01487079, 0.37215018, -0.019952357;
 0.34136048, 0.43359977, -0.83394498, -0.58191681;
 -0.14896283, 0.90098286, 0.40748006, 4.1582179;
 0, 0, 0, 1]
Twc:
[0.92805338, 0.34136048, -0.14896283, 0.8365801;
 -0.01487079, 0.43359977, 0.90098286, -3.4944608;
 0.37215018, -0.83394498, 0.40748006, -2.1722522;
 0, 0, 0, 1]
Ow:
[-0.019952357;
 -0.58191681;
 4.1582179]
Keyframe: 83 Frame: 533 Frame from vFrameID : 534
Tcw:
[0.920066, 0.075044729, 0.38450855, 0.057751954;
 0.3225185, 0.41207615, -0.85215908, -0.59879398;
 -0.22239685, 0.9080537, 0.35493395, 4.1932831;
 0, 0, 0, 1]
Twc:
[0.920066, 0.3225185, -0.22239685, 1.0725595;
 0.075044729, 0.41207615, 0.9080537, -3.5653117;
 0.38450855, -0.85215908, 0.35493395, -2.0208123;
 0, 0, 0, 1]
Ow:
[0.057751954;
 -0.59879398;
 4.1932831]
Keyframe: 84 Frame: 539 Frame from vFrameID : 540
Tcw:
[0.89918083, 0.025675474, 0.43682337, -0.027870595;
 0.38608775, 0.42326728, -0.81962252, -0.57114506;
 -0.20593724, 0.90564096, 0.37068084, 4.2803483;
 0, 0, 0, 1]
Twc:
[0.89918083, 0.38608775, -0.20593724, 1.1270559;
 0.025675474, 0.42326728, 0.90564096, -3.6339965;
 0.43682337, -0.81962252, 0.37068084, -2.0425918;
 0, 0, 0, 1]
Ow:
[-0.027870595;
 -0.57114506;
 4.2803483]
Keyframe: 85 Frame: 545 Frame from vFrameID : 546
Tcw:
[0.94732302, 0.051892679, 0.31604788, 0.16520029;
 0.25253174, 0.48592213, -0.83672422, -0.6756165;
 -0.19699451, 0.87246025, 0.44722065, 4.2039881;
 0, 0, 0, 1]
Twc:
[0.94732302, 0.25253174, -0.19699451, 0.8422792;
 0.051892679, 0.48592213, 0.87246025, -3.3480883;
 0.31604788, -0.83672422, 0.44722065, -2.4976263;
 0, 0, 0, 1]
Ow:
[0.16520029;
 -0.6756165;
 4.2039881]
Keyframe: 86 Frame: 548 Frame from vFrameID : 549
Tcw:
[0.91067398, 0.069433726, 0.40724909, 0.052591622;
 0.33777705, 0.44243693, -0.83075643, -0.61621428;
 -0.23786455, 0.89410764, 0.37946269, 4.2675877;
 0, 0, 0, 1]
Twc:
[0.91067398, 0.33777705, -0.23786455, 1.1753571;
 0.069433726, 0.44243693, 0.89410764, -3.5466986;
 0.40724909, -0.83075643, 0.37946269, -2.1527321;
 0, 0, 0, 1]
Ow:
[0.052591622;
 -0.61621428;
 4.2675877]
Keyframe: 87 Frame: 554 Frame from vFrameID : 555
Tcw:
[0.94944823, 0.061541181, 0.30783227, 0.17806405;
 0.24408811, 0.4719094, -0.84718502, -0.65598273;
 -0.19740571, 0.87949657, 0.4330321, 4.2720203;
 0, 0, 0, 1]
Twc:
[0.94944823, 0.24408811, -0.19740571, 0.83437628;
 0.061541181, 0.4719094, 0.87949657, -3.458621;
 0.30783227, -0.84718502, 0.4330321, -2.4604745;
 0, 0, 0, 1]
Ow:
[0.17806405;
 -0.65598273;
 4.2720203]
Keyframe: 88 Frame: 556 Frame from vFrameID : 557
Tcw:
[0.95555735, 0.065985858, 0.28732565, 0.20068777;
 0.22980045, 0.44379053, -0.86616492, -0.56996799;
 -0.18466704, 0.89369786, 0.40890372, 4.3331518;
 0, 0, 0, 1]
Twc:
[0.95555735, 0.22980045, -0.18466704, 0.73940057;
 0.065985858, 0.44379053, 0.89369786, -3.6328244;
 0.28732565, -0.86616492, 0.40890372, -2.3231909;
 0, 0, 0, 1]
Ow:
[0.20068777;
 -0.56996799;
 4.3331518]
Keyframe: 89 Frame: 560 Frame from vFrameID : 561
Tcw:
[0.9475984, 0.060833998, 0.31361845, 0.16144717;
 0.25239393, 0.45925701, -0.85169262, -0.59532666;
 -0.19584334, 0.88621795, 0.41983706, 4.3579626;
 0, 0, 0, 1]
Twc:
[0.9475984, 0.25239393, -0.19584334, 0.8507477;
 0.060833998, 0.45925701, 0.88621795, -3.5985181;
 0.31361845, -0.85169262, 0.41983706, -2.3873024;
 0, 0, 0, 1]
Ow:
[0.16144717;
 -0.59532666;
 4.3579626]
Keyframe: 90 Frame: 563 Frame from vFrameID : 564
Tcw:
[0.94367129, 0.049722545, 0.32712722, 0.16044772;
 0.26373506, 0.48401293, -0.83437121, -0.63979924;
 -0.19982086, 0.87364703, 0.44363549, 4.3850079;
 0, 0, 0, 1]
Twc:
[0.94367129, 0.26373506, -0.19982086, 0.89354354;
 0.049722545, 0.48401293, 0.87364703, -3.5292559;
 0.32712722, -0.83437121, 0.44363549, -2.531662;
 0, 0, 0, 1]
Ow:
[0.16044772;
 -0.63979924;
 4.3850079]
Keyframe: 91 Frame: 567 Frame from vFrameID : 568
Tcw:
[0.93958551, 0.064756006, 0.33613348, 0.17792904;
 0.26065466, 0.50117946, -0.82515353, -0.6486876;
 -0.22189684, 0.86291707, 0.45402199, 4.4368558;
 0, 0, 0, 1]
Twc:
[0.93958551, 0.26065466, -0.22189684, 0.98642814;
 0.064756006, 0.50117946, 0.86291707, -3.5150516;
 0.33613348, -0.82515353, 0.45402199, -2.6095047;
 0, 0, 0, 1]
Ow:
[0.17792904;
 -0.6486876;
 4.4368558]
Keyframe: 92 Frame: 570 Frame from vFrameID : 571
Tcw:
[0.93341988, 0.081620306, 0.34937865, 0.20191127;
 0.26877883, 0.48597559, -0.83161628, -0.70788538;
 -0.23766628, 0.87015277, 0.43168148, 4.4686375;
 0, 0, 0, 1]
Twc:
[0.93341988, 0.26877883, -0.23766628, 1.063841;
 0.081620306, 0.48597559, 0.87015277, -3.5608623;
 0.34937865, -0.83161628, 0.43168148, -2.5882607;
 0, 0, 0, 1]
Ow:
[0.20191127;
 -0.70788538;
 4.4686375]
