Keyframe: 0 Frame: 0 Frame from vFrameID : 87
Tcw:
[0.94531631, 0.20177007, 0.25625369, 0.032072291;
 0.16962717, 0.36691761, -0.91465735, -0.083769776;
 -0.27857447, 0.90810812, 0.31262749, 0.039068863;
 0, 0, 0, 1]
Twc:
[0.94531631, 0.16962717, -0.27857447, -0.0052252412;
 0.20177007, 0.36691761, 0.90810812, -0.011213373;
 0.25625369, -0.91465735, 0.31262749, -0.097053289;
 0, 0, 0, 1]
Ow:
[0.032072291;
 -0.083769776;
 0.039068863]
Keyframe: 1 Frame: 86 Frame from vFrameID : 87
Tcw:
[0.94557649, 0.19318984, 0.26184493, 0.03128453;
 0.17879228, 0.36387771, -0.91412598, -0.082977824;
 -0.2718794, 0.91119188, 0.30953336, 0.038307607;
 0, 0, 0, 1]
Twc:
[0.94557649, 0.17879228, -0.2718794, -0.0043310728;
 0.19318984, 0.36387771, 0.91119188, -0.010755656;
 0.26184493, -0.91412598, 0.30953336, -0.095901363;
 0, 0, 0, 1]
Ow:
[0.03128453;
 -0.082977824;
 0.038307607]
Keyframe: 2 Frame: 90 Frame from vFrameID : 91
Tcw:
[0.94677162, 0.19182608, 0.25850773, 0.031802483;
 0.17360209, 0.37200192, -0.91185355, -0.082595639;
 -0.27108267, 0.90819454, 0.31889945, 0.036748387;
 0, 0, 0, 1]
Twc:
[0.94677162, 0.17360209, -0.27108267, -0.0058090617;
 0.19182608, 0.37200192, 0.90819454, -0.0087494943;
 0.25850773, -0.91185355, 0.31889945, -0.09525536;
 0, 0, 0, 1]
Ow:
[0.031802483;
 -0.082595639;
 0.036748387]
Keyframe: 3 Frame: 91 Frame from vFrameID : 92
Tcw:
[0.94665867, 0.19183554, 0.25891396, 0.031556059;
 0.17411551, 0.37158206, -0.91192687, -0.082812838;
 -0.27114776, 0.90836442, 0.31835982, 0.03708563;
 0, 0, 0, 1]
Twc:
[0.94665867, 0.17411551, -0.27114776, -0.0053981324;
 0.19183554, 0.37158206, 0.90836442, -0.0089690778;
 0.25891396, -0.91192687, 0.31835982, -0.095496126;
 0, 0, 0, 1]
Ow:
[0.031556059;
 -0.082812838;
 0.03708563]
Keyframe: 4 Frame: 92 Frame from vFrameID : 93
Tcw:
[0.94654405, 0.1951264, 0.25686586, 0.031669103;
 0.17028677, 0.37404478, -0.91164297, -0.082458198;
 -0.27396494, 0.90665108, 0.32082242, 0.03667146;
 0, 0, 0, 1]
Twc:
[0.94654405, 0.17028677, -0.27396494, -0.0058879638;
 0.1951264, 0.37404478, 0.90665108, -0.0085846344;
 0.25686586, -0.91164297, 0.32082242, -0.09507218;
 0, 0, 0, 1]
Ow:
[0.031669103;
 -0.082458198;
 0.03667146]
Keyframe: 5 Frame: 94 Frame from vFrameID : 95
Tcw:
[0.94506401, 0.20736936, 0.25268942, 0.031382579;
 0.16134462, 0.3763797, -0.91230822, -0.082155891;
 -0.28429192, 0.9029597, 0.322245, 0.036526017;
 0, 0, 0, 1]
Twc:
[0.94506401, 0.16134462, -0.28429192, -0.0060190824;
 0.20736936, 0.3763797, 0.9029597, -0.0085674981;
 0.25268942, -0.91230822, 0.322245, -0.094651863;
 0, 0, 0, 1]
Ow:
[0.031382579;
 -0.082155891;
 0.036526017]
Keyframe: 6 Frame: 96 Frame from vFrameID : 97
Tcw:
[0.94400376, 0.21537922, 0.24993734, 0.031383306;
 0.15572016, 0.37700534, -0.91302693, -0.082156226;
 -0.29087475, 0.90082115, 0.32235557, 0.036525257;
 0, 0, 0, 1]
Twc:
[0.94400376, 0.15572016, -0.29087475, -0.0062083048;
 0.21537922, 0.37700534, 0.90082115, -0.0086887041;
 0.24993734, -0.91302693, 0.32235557, -0.094628826;
 0, 0, 0, 1]
Ow:
[0.031383306;
 -0.082156226;
 0.036525257]
Keyframe: 7 Frame: 99 Frame from vFrameID : 100
Tcw:
[0.93697661, 0.23245803, 0.26084122, 0.031920619;
 0.15653174, 0.38815668, -0.90820271, -0.079972379;
 -0.31236628, 0.89179462, 0.32730666, 0.035056408;
 0, 0, 0, 1]
Twc:
[0.93697661, 0.15653174, -0.31236628, -0.0064402157;
 0.23245803, 0.38815668, 0.89179462, -0.0076415068;
 0.26084122, -0.90820271, 0.32730666, -0.092431545;
 0, 0, 0, 1]
Ow:
[0.031920619;
 -0.079972379;
 0.035056408]
Keyframe: 8 Frame: 103 Frame from vFrameID : 104
Tcw:
[0.93570697, 0.23848347, 0.25995782, 0.038320538;
 0.14878818, 0.40135491, -0.9037568, -0.07962437;
 -0.31986642, 0.88433015, 0.34006706, 0.031871866;
 0, 0, 0, 1]
Twc:
[0.93570697, 0.14878818, -0.31986642, -0.013814891;
 0.23848347, 0.40135491, 0.88433015, -0.0053664367;
 0.25995782, -0.9037568, 0.34006706, -0.09276136;
 0, 0, 0, 1]
Ow:
[0.038320538;
 -0.07962437;
 0.031871866]
Keyframe: 9 Frame: 108 Frame from vFrameID : 109
Tcw:
[0.93417037, 0.241236, 0.2629275, 0.036960896;
 0.15622023, 0.38598219, -0.90918261, -0.081224605;
 -0.32081291, 0.89040607, 0.32288718, 0.034220468;
 0, 0, 0, 1]
Twc:
[0.93417037, 0.15622023, -0.32081291, -0.01086048;
 0.241236, 0.38598219, 0.89040607, -0.0080351615;
 0.2629275, -0.90918261, 0.32288718, -0.094615385;
 0, 0, 0, 1]
Ow:
[0.036960896;
 -0.081224605;
 0.034220468]
Keyframe: 10 Frame: 113 Frame from vFrameID : 114
Tcw:
[0.93410367, 0.23796615, 0.26612487, 0.036921356;
 0.16750762, 0.3661443, -0.91535759, -0.082583636;
 -0.31526423, 0.89961684, 0.30215558, 0.037555214;
 0, 0, 0, 1]
Twc:
[0.93410367, 0.16750762, -0.31526423, -0.0088151703;
 0.23796615, 0.3661443, 0.89961684, -0.012333807;
 0.26612487, -0.91535759, 0.30215558, -0.09676677;
 0, 0, 0, 1]
Ow:
[0.036921356;
 -0.082583636;
 0.037555214]
Keyframe: 11 Frame: 119 Frame from vFrameID : 120
Tcw:
[0.9240464, 0.25500622, 0.28479826, 0.041930772;
 0.18888666, 0.34313694, -0.92009723, -0.077045567;
 -0.33235529, 0.90400714, 0.26890719, 0.060828865;
 0, 0, 0, 1]
Twc:
[0.9240464, 0.18888666, -0.33235529, -0.0039763059;
 0.25500622, 0.34313694, 0.90400714, -0.039245158;
 0.28479826, -0.92009723, 0.26890719, -0.099188536;
 0, 0, 0, 1]
Ow:
[0.041930772;
 -0.077045567;
 0.060828865]
Keyframe: 12 Frame: 124 Frame from vFrameID : 125
Tcw:
[0.92616856, 0.28682661, 0.24483117, 0.063462138;
 0.15476036, 0.30295083, -0.94035631, -0.072628722;
 -0.34389102, 0.9088186, 0.23619413, 0.096204706;
 0, 0, 0, 1]
Twc:
[0.92616856, 0.15476036, -0.34389102, -0.014452655;
 0.28682661, 0.30295083, 0.9088186, -0.083632335;
 0.24483117, -0.94035631, 0.23619413, -0.10655738;
 0, 0, 0, 1]
Ow:
[0.063462138;
 -0.072628722;
 0.096204706]
Keyframe: 13 Frame: 130 Frame from vFrameID : 131
Tcw:
[0.93649232, 0.25057116, 0.24534924, 0.067643449;
 0.16341157, 0.30722475, -0.93750179, -0.067951292;
 -0.31028828, 0.91805613, 0.24676739, 0.14117727;
 0, 0, 0, 1]
Twc:
[0.93649232, 0.16341157, -0.31028828, -0.0084378859;
 0.25057116, 0.30722475, 0.91805613, -0.12568183;
 0.24534924, -0.93750179, 0.24676739, -0.11513868;
 0, 0, 0, 1]
Ow:
[0.067643449;
 -0.067951292;
 0.14117727]
Keyframe: 14 Frame: 136 Frame from vFrameID : 137
Tcw:
[0.93079591, 0.26208153, 0.25481802, 0.063387379;
 0.17993246, 0.27830172, -0.94348949, -0.074509144;
 -0.31818748, 0.92404622, 0.21188514, 0.21099146;
 0, 0, 0, 1]
Twc:
[0.93079591, 0.17993246, -0.31818748, 0.021540746;
 0.26208153, 0.27830172, 0.92404622, -0.19084249;
 0.25481802, -0.94348949, 0.21188514, -0.1311568;
 0, 0, 0, 1]
Ow:
[0.063387379;
 -0.074509144;
 0.21099146]
Keyframe: 15 Frame: 142 Frame from vFrameID : 143
Tcw:
[0.92246145, 0.24346411, 0.29964995, 0.047462147;
 0.22763526, 0.28390637, -0.9314394, -0.016387194;
 -0.31184459, 0.92742783, 0.20647167, 0.29885337;
 0, 0, 0, 1]
Twc:
[0.92246145, 0.22763526, -0.31184459, 0.053144116;
 0.24346411, 0.28390637, 0.92742783, -0.28406784;
 0.29964995, -0.9314394, 0.20647167, -0.091190457;
 0, 0, 0, 1]
Ow:
[0.047462147;
 -0.016387194;
 0.29885337]
Keyframe: 16 Frame: 148 Frame from vFrameID : 149
Tcw:
[0.92502558, 0.23104589, 0.30157173, 0.012409173;
 0.23108815, 0.28786439, -0.92937201, -0.036732204;
 -0.30153933, 0.92938256, 0.21288995, 0.40391046;
 0, 0, 0, 1]
Twc:
[0.92502558, 0.23108815, -0.30153933, 0.11880447;
 0.23104589, 0.28786439, 0.92938256, -0.36768052;
 0.30157173, -0.92937201, 0.21288995, -0.12386862;
 0, 0, 0, 1]
Ow:
[0.012409173;
 -0.036732204;
 0.40391046]
Keyframe: 17 Frame: 154 Frame from vFrameID : 155
Tcw:
[0.9364832, 0.21217524, 0.27925047, 0.034911014;
 0.21046884, 0.29691863, -0.93141943, -0.11798777;
 -0.2805388, 0.93103224, 0.23340303, 0.45223138;
 0, 0, 0, 1]
Twc:
[0.9364832, 0.21046884, -0.2805388, 0.11900762;
 0.21217524, 0.29691863, 0.93103224, -0.39341646;
 0.27925047, -0.93141943, 0.23340303, -0.2251972;
 0, 0, 0, 1]
Ow:
[0.034911014;
 -0.11798777;
 0.45223138]
Keyframe: 18 Frame: 158 Frame from vFrameID : 159
Tcw:
[0.94253433, 0.20833372, 0.26120129, 0.08773315;
 0.19314565, 0.29816005, -0.93477023, -0.10875662;
 -0.27262393, 0.93150288, 0.24078733, 0.47994155;
 0, 0, 0, 1]
Twc:
[0.94253433, 0.19314565, -0.27262393, 0.069157921;
 0.20833372, 0.29816005, 0.93150288, -0.43291786;
 0.26120129, -0.93477023, 0.24078733, -0.2401423;
 0, 0, 0, 1]
Ow:
[0.08773315;
 -0.10875662;
 0.47994155]
Keyframe: 19 Frame: 161 Frame from vFrameID : 162
Tcw:
[0.93898606, 0.22451356, 0.26057416, 0.056492947;
 0.18514773, 0.30853337, -0.93302059, -0.12330392;
 -0.2898716, 0.92433804, 0.24814036, 0.49837011;
 0, 0, 0, 1]
Twc:
[0.93898606, 0.18514773, -0.2898716, 0.11424669;
 0.22451356, 0.30853337, 0.92433804, -0.4353025;
 0.26057416, -0.93302059, 0.24814036, -0.25343144;
 0, 0, 0, 1]
Ow:
[0.056492947;
 -0.12330392;
 0.49837011]
Keyframe: 20 Frame: 164 Frame from vFrameID : 165
Tcw:
[0.93318874, 0.23005873, 0.27610108, 0.056321293;
 0.19879279, 0.30958897, -0.92985809, -0.12753826;
 -0.29939982, 0.92262, 0.24317092, 0.51635826;
 0, 0, 0, 1]
Twc:
[0.93318874, 0.19879279, -0.29939982, 0.12739287;
 0.23005873, 0.30958897, 0.92262, -0.44987524;
 0.27610108, -0.92985809, 0.24317092, -0.25970617;
 0, 0, 0, 1]
Ow:
[0.056321293;
 -0.12753826;
 0.51635826]
Keyframe: 21 Frame: 167 Frame from vFrameID : 168
Tcw:
[0.92776054, 0.24187632, 0.28417644, 0.087927908;
 0.20735535, 0.29899871, -0.93145239, -0.07362029;
 -0.31026465, 0.92309028, 0.22724484, 0.55572015;
 0, 0, 0, 1]
Twc:
[0.92776054, 0.20735535, -0.31026465, 0.10610984;
 0.24187632, 0.29899871, 0.92309028, -0.51223516;
 0.28417644, -0.93145239, 0.22724484, -0.21984537;
 0, 0, 0, 1]
Ow:
[0.087927908;
 -0.07362029;
 0.55572015]
Keyframe: 22 Frame: 170 Frame from vFrameID : 171
Tcw:
[0.92148238, 0.25616333, 0.29197702, 0.089764871;
 0.21497005, 0.28974259, -0.93265057, -0.11730959;
 -0.32350904, 0.92218739, 0.21192524, 0.5693571;
 0, 0, 0, 1]
Twc:
[0.92148238, 0.21497005, -0.32350904, 0.12669349;
 0.25616333, 0.28974259, 0.92218739, -0.51405883;
 0.29197702, -0.93265057, 0.21192524, -0.25627929;
 0, 0, 0, 1]
Ow:
[0.089764871;
 -0.11730959;
 0.5693571]
Keyframe: 23 Frame: 173 Frame from vFrameID : 174
Tcw:
[0.90861732, 0.26853392, 0.31985015, 0.060626008;
 0.24487753, 0.27783111, -0.92889446, -0.13928325;
 -0.33830398, 0.92233366, 0.18668422, 0.61842191;
 0, 0, 0, 1]
Twc:
[0.90861732, 0.24487753, -0.33830398, 0.18823609;
 0.26853392, 0.27783111, 0.92233366, -0.54797429;
 0.31985015, -0.92889446, 0.18668422, -0.2642203;
 0, 0, 0, 1]
Ow:
[0.060626008;
 -0.13928325;
 0.61842191]
Keyframe: 24 Frame: 176 Frame from vFrameID : 177
Tcw:
[0.9064585, 0.25945461, 0.3331911, 0.069914855;
 0.25821227, 0.28379372, -0.92346495, -0.16443068;
 -0.33415478, 0.92311668, 0.19025286, 0.63408941;
 0, 0, 0, 1]
Twc:
[0.9064585, 0.25821227, -0.33415478, 0.19096713;
 0.25945461, 0.28379372, 0.92311668, -0.5568139;
 0.3331911, -0.92346495, 0.19025286, -0.2957783;
 0, 0, 0, 1]
Ow:
[0.069914855;
 -0.16443068;
 0.63408941]
Keyframe: 25 Frame: 179 Frame from vFrameID : 180
Tcw:
[0.90237629, 0.25446802, 0.34779748, 0.058240227;
 0.26692989, 0.30355549, -0.9146598, -0.19707173;
 -0.3383275, 0.91820484, 0.20599616, 0.6595546;
 0, 0, 0, 1]
Twc:
[0.90237629, 0.26692989, -0.3383275, 0.2231952;
 0.25446802, 0.30355549, 0.91820484, -0.56060427;
 0.34779748, -0.9146598, 0.20599616, -0.33637509;
 0, 0, 0, 1]
Ow:
[0.058240227;
 -0.19707173;
 0.6595546]
Keyframe: 26 Frame: 183 Frame from vFrameID : 184
Tcw:
[0.90805608, 0.2636328, 0.32547191, 0.067907557;
 0.25156254, 0.27802151, -0.92704928, -0.27783516;
 -0.33488879, 0.92368925, 0.18613897, 0.73481876;
 0, 0, 0, 1]
Twc:
[0.90805608, 0.25156254, -0.33488879, 0.25431159;
 0.2636328, 0.27802151, 0.92368925, -0.61940265;
 0.32547191, -0.92704928, 0.18613897, -0.41644728;
 0, 0, 0, 1]
Ow:
[0.067907557;
 -0.27783516;
 0.73481876]
Keyframe: 27 Frame: 188 Frame from vFrameID : 189
Tcw:
[0.92480117, 0.23649625, 0.2980139, 0.090113088;
 0.23137069, 0.27220556, -0.93400842, -0.25073898;
 -0.30201054, 0.93272376, 0.19701773, 0.78431928;
 0, 0, 0, 1]
Twc:
[0.92480117, 0.23137069, -0.30201054, 0.21154964;
 0.23649625, 0.27220556, 0.93272376, -0.6846121;
 0.2980139, -0.93400842, 0.19701773, -0.41557205;
 0, 0, 0, 1]
Ow:
[0.090113088;
 -0.25073898;
 0.78431928]
Keyframe: 28 Frame: 192 Frame from vFrameID : 193
Tcw:
[0.91777551, 0.23556113, 0.31968591, -0.02326417;
 0.24709985, 0.29142565, -0.92412812, -0.24896812;
 -0.31085333, 0.92713648, 0.2092562, 0.85746813;
 0, 0, 0, 1]
Twc:
[0.91777551, 0.24709985, -0.31085333, 0.34941807;
 0.23556113, 0.29142565, 0.92713648, -0.71695411;
 0.31968591, -0.92412812, 0.2092562, -0.40207171;
 0, 0, 0, 1]
Ow:
[-0.02326417;
 -0.24896812;
 0.85746813]
Keyframe: 29 Frame: 197 Frame from vFrameID : 198
Tcw:
[0.91872728, 0.23834205, 0.31485438, 0.090566248;
 0.23870668, 0.29996336, -0.92360222, -0.306198;
 -0.31457803, 0.9236964, 0.21869069, 0.88646382;
 0, 0, 0, 1]
Twc:
[0.91872728, 0.23870668, -0.31457803, 0.26874787;
 0.23834205, 0.29996336, 0.9236964, -0.74856102;
 0.31485438, -0.92360222, 0.21869069, -0.50518173;
 0, 0, 0, 1]
Ow:
[0.090566248;
 -0.306198;
 0.88646382]
Keyframe: 30 Frame: 203 Frame from vFrameID : 204
Tcw:
[0.90586233, 0.25794438, 0.33597341, -0.033616111;
 0.26530153, 0.27280971, -0.92476481, -0.26848632;
 -0.33019468, 0.92684388, 0.17869502, 0.98714328;
 0, 0, 0, 1]
Twc:
[0.90586233, 0.26530153, -0.33019468, 0.42763087;
 0.25794438, 0.27280971, 0.92684388, -0.83301091;
 0.33597341, -0.92476481, 0.17869502, -0.41339016;
 0, 0, 0, 1]
Ow:
[-0.033616111;
 -0.26848632;
 0.98714328]
Keyframe: 31 Frame: 209 Frame from vFrameID : 210
Tcw:
[0.89925086, 0.25564185, 0.35495785, -0.053036079;
 0.27819583, 0.29198396, -0.91506964, -0.37911636;
 -0.3375721, 0.92162496, 0.19144836, 1.0181386;
 0, 0, 0, 1]
Twc:
[0.89925086, 0.27819583, -0.3375721, 0.49685651;
 0.25564185, 0.29198396, 0.92162496, -0.81408787;
 0.35495785, -0.91506964, 0.19144836, -0.52301323;
 0, 0, 0, 1]
Ow:
[-0.053036079;
 -0.37911636;
 1.0181386]
Keyframe: 32 Frame: 216 Frame from vFrameID : 217
Tcw:
[0.90668982, 0.25338411, 0.33720917, -0.089063048;
 0.27273613, 0.25766051, -0.92694449, -0.33315718;
 -0.32175848, 0.93242025, 0.16451116, 1.2160263;
 0, 0, 0, 1]
Twc:
[0.90668982, 0.27273613, -0.32175848, 0.56288338;
 0.25338411, 0.25766051, 0.93242025, -1.025439;
 0.33720917, -0.92694449, 0.16451116, -0.47883525;
 0, 0, 0, 1]
Ow:
[-0.089063048;
 -0.33315718;
 1.2160263]
Keyframe: 33 Frame: 223 Frame from vFrameID : 224
Tcw:
[0.91521406, 0.24154596, 0.32255036, 0.06418176;
 0.25629768, 0.26875159, -0.92848486, -0.47365677;
 -0.31095767, 0.93243128, 0.18405756, 1.2194149;
 0, 0, 0, 1]
Twc:
[0.91521406, 0.25629768, -0.31095767, 0.44184354;
 0.24154596, 0.26875159, 0.93243128, -1.0252275;
 0.32255036, -0.92848486, 0.18405756, -0.68492752;
 0, 0, 0, 1]
Ow:
[0.06418176;
 -0.47365677;
 1.2194149]
Keyframe: 34 Frame: 230 Frame from vFrameID : 231
Tcw:
[0.89434958, 0.24708654, 0.37294388, -0.17049898;
 0.31410435, 0.24678782, -0.91675198, -0.39138868;
 -0.31855509, 0.93704003, 0.1431036, 1.4563831;
 0, 0, 0, 1]
Twc:
[0.89434958, 0.31410435, -0.31855509, 0.73936081;
 0.24708654, 0.24678782, 0.93704003, -1.2259712;
 0.37294388, -0.91675198, 0.1431036, -0.5036335;
 0, 0, 0, 1]
Ow:
[-0.17049898;
 -0.39138868;
 1.4563831]
Keyframe: 35 Frame: 237 Frame from vFrameID : 238
Tcw:
[0.87591386, 0.29023296, 0.38540858, -0.09133178;
 0.31829634, 0.25270525, -0.91368896, -0.41448939;
 -0.36257741, 0.92298692, 0.12896793, 1.5145354;
 0, 0, 0, 1]
Twc:
[0.87591386, 0.31829634, -0.36257741, 0.7610656;
 0.29023296, 0.25270525, 0.92298692, -1.2666453;
 0.38540858, -0.91368896, 0.12896793, -0.53884083;
 0, 0, 0, 1]
Ow:
[-0.09133178;
 -0.41448939;
 1.5145354]
Keyframe: 36 Frame: 245 Frame from vFrameID : 246
Tcw:
[0.88081306, 0.29239154, 0.3723917, -0.079848722;
 0.30068579, 0.26209983, -0.91700149, -0.44147009;
 -0.36572728, 0.91967976, 0.14294298, 1.5171586;
 0, 0, 0, 1]
Twc:
[0.88081306, 0.30068579, -0.36572728, 0.7579419;
 0.29239154, 0.26209983, 0.91967976, -1.2562438;
 0.3723917, -0.91700149, 0.14294298, -0.59196091;
 0, 0, 0, 1]
Ow:
[-0.079848722;
 -0.44147009;
 1.5171586]
Keyframe: 37 Frame: 251 Frame from vFrameID : 252
Tcw:
[0.90842003, 0.22668377, 0.35126555, -0.021783993;
 0.29625124, 0.24379097, -0.92347234, -0.50606817;
 -0.29497156, 0.94296366, 0.15430926, 1.4591761;
 0, 0, 0, 1]
Twc:
[0.90842003, 0.29625124, -0.29497156, 0.60012776;
 0.22668377, 0.24379097, 0.94296366, -1.247637;
 0.35126555, -0.92347234, 0.15430926, -0.68485236;
 0, 0, 0, 1]
Ow:
[-0.021783993;
 -0.50606817;
 1.4591761]
Keyframe: 38 Frame: 259 Frame from vFrameID : 260
Tcw:
[0.91523349, 0.23851173, 0.32474577, 0.19339243;
 0.27067393, 0.23307896, -0.9340288, -0.4993515;
 -0.29846823, 0.94275469, 0.14876276, 1.6173794;
 0, 0, 0, 1]
Twc:
[0.91523349, 0.27067393, -0.29846823, 0.4408986;
 0.23851173, 0.23307896, 0.94275469, -1.4545301;
 0.32474577, -0.9340288, 0.14876276, -0.76981789;
 0, 0, 0, 1]
Ow:
[0.19339243;
 -0.4993515;
 1.6173794]
Keyframe: 39 Frame: 265 Frame from vFrameID : 266
Tcw:
[0.90505034, 0.23552111, 0.35413793, 0.18678668;
 0.30157539, 0.23175275, -0.92484754, -0.55136925;
 -0.29989356, 0.94383287, 0.13872054, 1.615285;
 0, 0, 0, 1]
Twc:
[0.90505034, 0.30157539, -0.29989356, 0.48164159;
 0.23552111, 0.23175275, 0.94383287, -1.4407699;
 0.35413793, -0.92484754, 0.13872054, -0.80015391;
 0, 0, 0, 1]
Ow:
[0.18678668;
 -0.55136925;
 1.615285]
Keyframe: 40 Frame: 272 Frame from vFrameID : 273
Tcw:
[0.89457846, 0.22064775, 0.3886438, 0.14962426;
 0.33569279, 0.24231958, -0.91027004, -0.59944612;
 -0.29502505, 0.9447729, 0.14270401, 1.628626;
 0, 0, 0, 1]
Twc:
[0.89457846, 0.33569279, -0.29502505, 0.54786456;
 0.22064775, 0.24231958, 0.9447729, -1.4264383;
 0.3886438, -0.91027004, 0.14270401, -0.83621985;
 0, 0, 0, 1]
Ow:
[0.14962426;
 -0.59944612;
 1.628626]
Keyframe: 41 Frame: 280 Frame from vFrameID : 281
Tcw:
[0.91078538, 0.28982288, 0.29406247, 0.17123052;
 0.19856793, 0.31697097, -0.92741585, -0.4997457;
 -0.36199561, 0.90306818, 0.231143, 1.6674837;
 0, 0, 0, 1]
Twc:
[0.91078538, 0.19856793, -0.36199561, 0.54690093;
 0.28982288, 0.31697097, 0.90306818, -1.397073;
 0.29406247, -0.92741585, 0.231143, -0.89925176;
 0, 0, 0, 1]
Ow:
[0.17123052;
 -0.4997457;
 1.6674837]
Keyframe: 42 Frame: 283 Frame from vFrameID : 284
Tcw:
[0.93992323, 0.19690771, 0.2788758, 0.27550662;
 0.22485234, 0.25759739, -0.93972605, -0.53535551;
 -0.25687698, 0.9459762, 0.19784659, 1.7137103;
 0, 0, 0, 1]
Twc:
[0.93992323, 0.22485234, -0.25687698, 0.30163363;
 0.19690771, 0.25759739, 0.9459762, -1.5374724;
 0.2788758, -0.93972605, 0.19784659, -0.91897142;
 0, 0, 0, 1]
Ow:
[0.27550662;
 -0.53535551;
 1.7137103]
Keyframe: 43 Frame: 287 Frame from vFrameID : 288
Tcw:
[0.97255504, 0.11141669, 0.20426205, 0.25591576;
 0.17074937, 0.25458512, -0.95185667, -0.51461905;
 -0.1580548, 0.96061063, 0.22857369, 1.7287101;
 0, 0, 0, 1]
Twc:
[0.97255504, 0.17074937, -0.1580548, 0.11220963;
 0.11141669, 0.25458512, 0.96061063, -1.5581162;
 0.20426205, -0.95185667, 0.22857369, -0.93725508;
 0, 0, 0, 1]
Ow:
[0.25591576;
 -0.51461905;
 1.7287101]
Keyframe: 44 Frame: 290 Frame from vFrameID : 291
Tcw:
[0.95461357, 0.16729198, 0.24642709, 0.18553713;
 0.1983961, 0.25994852, -0.94502157, -0.33161461;
 -0.22215289, 0.9510206, 0.21496029, 1.7780299;
 0, 0, 0, 1]
Twc:
[0.95461357, 0.1983961, -0.22215289, 0.28366923;
 0.16729198, 0.25994852, 0.9510206, -1.6357791;
 0.24642709, -0.94502157, 0.21496029, -0.74131018;
 0, 0, 0, 1]
Ow:
[0.18553713;
 -0.33161461;
 1.7780299]
Keyframe: 45 Frame: 293 Frame from vFrameID : 294
Tcw:
[0.93891025, 0.21190411, 0.27119029, 0.091256678;
 0.21550852, 0.25236881, -0.94332713, -0.32508761;
 -0.26833487, 0.94414335, 0.19128451, 1.9805297;
 0, 0, 0, 1]
Twc:
[0.93891025, 0.21550852, -0.26833487, 0.51582247;
 0.21190411, 0.25236881, 0.94414335, -1.8071996;
 0.27119029, -0.94332713, 0.19128451, -0.71025652;
 0, 0, 0, 1]
Ow:
[0.091256678;
 -0.32508761;
 1.9805297]
Keyframe: 46 Frame: 297 Frame from vFrameID : 298
Tcw:
[0.92532098, 0.20955378, 0.31601936, 0.0058183968;
 0.24683318, 0.29977772, -0.92152411, -0.40818131;
 -0.28784442, 0.93070972, 0.22566581, 1.8837906;
 0, 0, 0, 1]
Twc:
[0.92532098, 0.24683318, -0.28784442, 0.6376074;
 0.20955378, 0.29977772, 0.93070972, -1.6321177;
 0.31601936, -0.92152411, 0.22566581, -0.80309474;
 0, 0, 0, 1]
Ow:
[0.0058183968;
 -0.40818131;
 1.8837906]
Keyframe: 47 Frame: 300 Frame from vFrameID : 301
Tcw:
[0.93164217, 0.22974516, 0.28153145, -0.096901909;
 0.2147072, 0.27701759, -0.93656933, 0.0073499084;
 -0.29316145, 0.93299431, 0.20875333, 2.1848252;
 0, 0, 0, 1]
Twc:
[0.93164217, 0.2147072, -0.29316145, 0.72920632;
 0.22974516, 0.27701759, 0.93299431, -2.0182028;
 0.28153145, -0.93656933, 0.20875333, -0.42192489;
 0, 0, 0, 1]
Ow:
[-0.096901909;
 0.0073499084;
 2.1848252]
Keyframe: 48 Frame: 304 Frame from vFrameID : 305
Tcw:
[0.94037169, 0.21388996, 0.2644847, 0.080468163;
 0.20363042, 0.26883677, -0.94141459, -0.45218021;
 -0.27246234, 0.93913674, 0.209252, 2.0531018;
 0, 0, 0, 1]
Twc:
[0.94037169, 0.20363042, -0.27246234, 0.5758006;
 0.21388996, 0.26883677, 0.93913674, -1.8237921;
 0.2644847, -0.94141459, 0.209252, -0.87658733;
 0, 0, 0, 1]
Ow:
[0.080468163;
 -0.45218021;
 2.0531018]
Keyframe: 49 Frame: 306 Frame from vFrameID : 307
Tcw:
[0.96407056, 0.21714216, 0.15302704, 0.066775203;
 0.10829271, 0.20476544, -0.97280204, 0.69952631;
 -0.24257098, 0.95442152, 0.17389342, 2.3945773;
 0, 0, 0, 1]
Twc:
[0.96407056, 0.10829271, -0.24257098, 0.44072536;
 0.21714216, 0.20476544, 0.95442152, -2.4431746;
 0.15302704, -0.97280204, 0.17389342, 0.25388101;
 0, 0, 0, 1]
Ow:
[0.066775203;
 0.69952631;
 2.3945773]
Keyframe: 50 Frame: 309 Frame from vFrameID : 310
Tcw:
[0.94994587, 0.25695938, 0.17769277, 0.24613333;
 0.10684706, 0.26725796, -0.95768309, 0.060134172;
 -0.29357547, 0.92873305, 0.22642525, 2.1230967;
 0, 0, 0, 1]
Twc:
[0.94994587, 0.10684706, -0.29357547, 0.38305056;
 0.25695938, 0.26725796, 0.92873305, -2.0511076;
 0.17769277, -0.95768309, 0.22642525, -0.46686932;
 0, 0, 0, 1]
Ow:
[0.24613333;
 0.060134172;
 2.1230967]
Keyframe: 51 Frame: 313 Frame from vFrameID : 314
Tcw:
[0.94748837, 0.22518526, 0.22706264, 0.056800038;
 0.15070441, 0.31182843, -0.93811047, 0.012908459;
 -0.28205323, 0.92306805, 0.26151741, 2.0389271;
 0, 0, 0, 1]
Twc:
[0.94748837, 0.15070441, -0.28205323, 0.51932323;
 0.22518526, 0.31182843, 0.92306805, -1.8988843;
 0.22706264, -0.93811047, 0.26151741, -0.53400254;
 0, 0, 0, 1]
Ow:
[0.056800038;
 0.012908459;
 2.0389271]
Keyframe: 52 Frame: 318 Frame from vFrameID : 319
Tcw:
[0.93854743, 0.2360853, 0.25177866, 0.11138982;
 0.16769072, 0.32569131, -0.93048644, -0.4178648;
 -0.30167627, 0.91552657, 0.26608741, 2.1175916;
 0, 0, 0, 1]
Twc:
[0.93854743, 0.16769072, -0.30167627, 0.60435456;
 0.2360853, 0.32569131, 0.91552657, -1.8289139;
 0.25177866, -0.93048644, 0.26608741, -0.98032761;
 0, 0, 0, 1]
Ow:
[0.11138982;
 -0.4178648;
 2.1175916]
Keyframe: 53 Frame: 320 Frame from vFrameID : 321
Tcw:
[0.94057113, 0.2329002, 0.24715063, 0.1124848;
 0.16734312, 0.31541717, -0.93408149, -0.24225378;
 -0.29550332, 0.91992909, 0.25769806, 2.152667;
 0, 0, 0, 1]
Twc:
[0.94057113, 0.16734312, -0.29550332, 0.57085979;
 0.2329002, 0.31541717, 0.91992909, -1.9300877;
 0.24715063, -0.93408149, 0.25769806, -0.80882353;
 0, 0, 0, 1]
Ow:
[0.1124848;
 -0.24225378;
 2.152667]
Keyframe: 54 Frame: 323 Frame from vFrameID : 324
Tcw:
[0.94009691, 0.23308276, 0.24877742, 0.19136319;
 0.17377067, 0.3001976, -0.93791533, -0.35167462;
 -0.29329428, 0.92496151, 0.2417119, 2.2266238;
 0, 0, 0, 1]
Twc:
[0.94009691, 0.17377067, -0.29329428, 0.53426683;
 0.23308276, 0.3001976, 0.92496151, -1.9985729;
 0.24877742, -0.93791533, 0.2417119, -0.91564935;
 0, 0, 0, 1]
Ow:
[0.19136319;
 -0.35167462;
 2.2266238]
Keyframe: 55 Frame: 326 Frame from vFrameID : 327
Tcw:
[0.93195295, 0.22229567, 0.2864407, -0.33170581;
 0.2206226, 0.2792542, -0.93452811, -0.041832089;
 -0.28773132, 0.93413156, 0.21120834, 2.519969;
 0, 0, 0, 1]
Twc:
[0.93195295, 0.2206226, -0.28773132, 1.0434374;
 0.22229567, 0.2792542, 0.93413156, -2.268564;
 0.2864407, -0.93452811, 0.21120834, -0.47631764;
 0, 0, 0, 1]
Ow:
[-0.33170581;
 -0.041832089;
 2.519969]
Keyframe: 56 Frame: 328 Frame from vFrameID : 329
Tcw:
[0.94140977, 0.178754, 0.28599757, 0.063541114;
 0.23137328, 0.27467796, -0.93328369, -0.5245012;
 -0.24538542, 0.94477457, 0.21722563, 2.2758501;
 0, 0, 0, 1]
Twc:
[0.94140977, 0.23137328, -0.24538542, 0.6199978;
 0.178754, 0.27467796, 0.94477457, -2.0174546;
 0.28599757, -0.93328369, 0.21722563, -1.002054;
 0, 0, 0, 1]
Ow:
[0.063541114;
 -0.5245012;
 2.2758501]
Keyframe: 57 Frame: 330 Frame from vFrameID : 331
Tcw:
[0.93894547, 0.17655903, 0.29531056, 0.062732905;
 0.23875816, 0.28365579, -0.92872703, -0.58590817;
 -0.2477417, 0.94253188, 0.22418241, 2.2740474;
 0, 0, 0, 1]
Twc:
[0.93894547, 0.23875816, -0.2477417, 0.64436394;
 0.17655903, 0.28365579, 0.94253188, -1.9882419;
 0.29531056, -0.92872703, 0.22418241, -1.0724759;
 0, 0, 0, 1]
Ow:
[0.062732905;
 -0.58590817;
 2.2740474]
Keyframe: 58 Frame: 334 Frame from vFrameID : 335
Tcw:
[0.9344334, 0.2142444, 0.28448814, 0.009313792;
 0.21159893, 0.30853936, -0.9273777, -0.3367449;
 -0.28646126, 0.92677009, 0.24297561, 2.367769;
 0, 0, 0, 1]
Twc:
[0.9344334, 0.21159893, -0.28646126, 0.74082589;
 0.2142444, 0.30853936, 0.92677009, -2.092474;
 0.28448814, -0.9273777, 0.24297561, -0.89024949;
 0, 0, 0, 1]
Ow:
[0.009313792;
 -0.3367449;
 2.367769]
Keyframe: 59 Frame: 337 Frame from vFrameID : 338
Tcw:
[0.95581037, 0.092792168, 0.27895549, 0.29512078;
 0.24900299, 0.24889602, -0.93597454, -0.68059552;
 -0.15628202, 0.96407491, 0.21479186, 2.2238269;
 0, 0, 0, 1]
Twc:
[0.95581037, 0.24900299, -0.15628202, 0.23493497;
 0.092792168, 0.24889602, 0.96407491, -2.0019231;
 0.27895549, -0.93597454, 0.21479186, -1.1970055;
 0, 0, 0, 1]
Ow:
[0.29512078;
 -0.68059552;
 2.2238269]
Keyframe: 60 Frame: 338 Frame from vFrameID : 339
Tcw:
[0.95100927, 0.13824554, 0.27653119, 0.4578402;
 0.22730388, 0.29362294, -0.92850339, -0.77565318;
 -0.20955735, 0.94587195, 0.2478144, 2.1560311;
 0, 0, 0, 1]
Twc:
[0.95100927, 0.22730388, -0.20955735, 0.19271082;
 0.13824554, 0.29362294, 0.94587195, -1.8748741;
 0.27653119, -0.92850339, 0.2478144, -1.3810992;
 0, 0, 0, 1]
Ow:
[0.4578402;
 -0.77565318;
 2.1560311]
Keyframe: 61 Frame: 340 Frame from vFrameID : 341
Tcw:
[0.95960289, 0.11502657, 0.25677079, 0.065037519;
 0.22288503, 0.24618158, -0.94324803, -0.50122881;
 -0.17171082, 0.96237391, 0.21059884, 2.40552;
 0, 0, 0, 1]
Twc:
[0.95960289, 0.22288503, -0.17171082, 0.46236002;
 0.11502657, 0.24618158, 0.96237391, -2.1990974;
 0.25677079, -0.94324803, 0.21059884, -0.99608254;
 0, 0, 0, 1]
Ow:
[0.065037519;
 -0.50122881;
 2.40552]
Keyframe: 62 Frame: 342 Frame from vFrameID : 343
Tcw:
[0.97007209, 0.13053419, 0.2047461, 0.34598494;
 0.16724119, 0.25214347, -0.95312858, -0.55038273;
 -0.17604126, 0.95884538, 0.22276667, 2.3560553;
 0, 0, 0, 1]
Twc:
[0.97007209, 0.16724119, -0.17604126, 0.17117923;
 0.13053419, 0.25214347, 0.95884538, -2.1654801;
 0.2047461, -0.95312858, 0.22276667, -1.120275;
 0, 0, 0, 1]
Ow:
[0.34598494;
 -0.55038273;
 2.3560553]
Keyframe: 63 Frame: 343 Frame from vFrameID : 344
Tcw:
[0.96234965, 0.15952554, 0.22007884, 0.10599688;
 0.17201786, 0.26947272, -0.94752008, -0.4835431;
 -0.2104589, 0.94970316, 0.23188575, 2.3968711;
 0, 0, 0, 1]
Twc:
[0.96234965, 0.17201786, -0.2104589, 0.4856149;
 0.15952554, 0.26947272, 0.94970316, -2.1629236;
 0.22007884, -0.94752008, 0.23188575, -1.0372947;
 0, 0, 0, 1]
Ow:
[0.10599688;
 -0.4835431;
 2.3968711]
Keyframe: 64 Frame: 344 Frame from vFrameID : 345
Tcw:
[0.94968182, 0.19527361, 0.24489309, 0.059755594;
 0.18271449, 0.28966105, -0.93952751, -0.46535403;
 -0.25440091, 0.93699771, 0.23940651, 2.462636;
 0, 0, 0, 1]
Twc:
[0.94968182, 0.18271449, -0.25440091, 0.6547749;
 0.19527361, 0.28966105, 0.93699771, -2.1843579;
 0.24489309, -0.93952751, 0.23940651, -1.0414177;
 0, 0, 0, 1]
Ow:
[0.059755594;
 -0.46535403;
 2.462636]
Keyframe: 65 Frame: 347 Frame from vFrameID : 348
Tcw:
[0.94724482, 0.20405385, 0.24716249, -0.2080255;
 0.17232478, 0.32596537, -0.92954332, -0.0043869615;
 -0.27024329, 0.92309731, 0.2736055, 2.4418855;
 0, 0, 0, 1]
Twc:
[0.94724482, 0.17232478, -0.27024329, 0.85771018;
 0.20405385, 0.32596537, 0.92309731, -2.2102194;
 0.24716249, -0.92954332, 0.2736055, -0.62077498;
 0, 0, 0, 1]
Ow:
[-0.2080255;
 -0.0043869615;
 2.4418855]
Keyframe: 66 Frame: 349 Frame from vFrameID : 350
Tcw:
[0.97470659, 0.095822878, 0.20190346, 0.57661116;
 0.16188319, 0.32013249, -0.93343937, -0.75132608;
 -0.1540807, 0.9425143, 0.29652315, 1.8889133;
 0, 0, 0, 1]
Twc:
[0.97470659, 0.16188319, -0.1540807, -0.14935455;
 0.095822878, 0.32013249, 0.9425143, -1.5950563;
 0.20190346, -0.93343937, 0.29652315, -1.3778435;
 0, 0, 0, 1]
Ow:
[0.57661116;
 -0.75132608;
 1.8889133]
Keyframe: 67 Frame: 354 Frame from vFrameID : 355
Tcw:
[0.96308249, 0.080816858, 0.2567893, -0.05603148;
 0.23562925, 0.208261, -0.94926614, -0.52830231;
 -0.1301959, 0.9747287, 0.1815297, 2.5096791;
 0, 0, 0, 1]
Twc:
[0.96308249, 0.23562925, -0.1301959, 0.50519633;
 0.080816858, 0.208261, 0.9747287, -2.3317032;
 0.2567893, -0.94926614, 0.1815297, -0.94269252;
 0, 0, 0, 1]
Ow:
[-0.05603148;
 -0.52830231;
 2.5096791]
Keyframe: 68 Frame: 357 Frame from vFrameID : 358
Tcw:
[0.96451861, 0.095574088, 0.24610868, 0.21589266;
 0.22342436, 0.20116386, -0.9537372, -0.40546089;
 -0.14066073, 0.97488391, 0.1726727, 2.6269109;
 0, 0, 0, 1]
Twc:
[0.96451861, 0.22342436, -0.14066073, 0.25186059;
 0.095574088, 0.20116386, 0.97488391, -2.5000031;
 0.24610868, -0.9537372, 0.1726727, -0.89343202;
 0, 0, 0, 1]
Ow:
[0.21589266;
 -0.40546089;
 2.6269109]
Keyframe: 69 Frame: 360 Frame from vFrameID : 361
Tcw:
[0.954409, 0.11120485, 0.27701437, -0.033958599;
 0.24771178, 0.22276068, -0.94287676, -0.038214356;
 -0.16656038, 0.96850973, 0.18505804, 2.7606266;
 0, 0, 0, 1]
Twc:
[0.954409, 0.24771178, -0.16656038, 0.50168759;
 0.11120485, 0.22276068, 0.96850973, -2.6614051;
 0.27701437, -0.94287676, 0.18505804, -0.53750062;
 0, 0, 0, 1]
Ow:
[-0.033958599;
 -0.038214356;
 2.7606266]
Keyframe: 70 Frame: 364 Frame from vFrameID : 365
Tcw:
[0.94166362, 0.17571947, 0.28704056, -0.062193066;
 0.22492047, 0.30587506, -0.92512226, -0.50495934;
 -0.25036055, 0.93571532, 0.24850853, 2.6972296;
 0, 0, 0, 1]
Twc:
[0.94166362, 0.22492047, -0.25036055, 0.84742051;
 0.17571947, 0.30587506, 0.93571532, -2.3584559;
 0.28704056, -0.92512226, 0.24850853, -1.1195818;
 0, 0, 0, 1]
Ow:
[-0.062193066;
 -0.50495934;
 2.6972296]
Keyframe: 71 Frame: 367 Frame from vFrameID : 368
Tcw:
[0.9309293, 0.19016878, 0.31177947, -0.22631636;
 0.24895847, 0.29414424, -0.92276692, -0.457596;
 -0.26718959, 0.93665093, 0.22648337, 2.8004744;
 0, 0, 0, 1]
Twc:
[0.9309293, 0.24895847, -0.26718959, 1.0728645;
 0.19016878, 0.29414424, 0.93665093, -2.4454293;
 0.31177947, -0.92276692, 0.22648337, -0.98595452;
 0, 0, 0, 1]
Ow:
[-0.22631636;
 -0.457596;
 2.8004744]
Keyframe: 72 Frame: 369 Frame from vFrameID : 370
Tcw:
[0.94278413, 0.19499397, 0.27043569, -0.13026428;
 0.20751569, 0.29166847, -0.93373805, -0.34091556;
 -0.26095083, 0.93643302, 0.23451611, 2.712718;
 0, 0, 0, 1]
Twc:
[0.94278413, 0.20751569, -0.26095083, 0.90144253;
 0.19499397, 0.29166847, 0.93643302, -2.4154439;
 0.27043569, -0.93373805, 0.23451611, -0.91927379;
 0, 0, 0, 1]
Ow:
[-0.13026428;
 -0.34091556;
 2.712718]
Keyframe: 73 Frame: 373 Frame from vFrameID : 374
Tcw:
[0.95481992, 0.18383949, 0.23349951, -0.073513344;
 0.17471789, 0.288326, -0.94145727, -0.38925892;
 -0.240401, 0.93971866, 0.24317934, 2.7395005;
 0, 0, 0, 1]
Twc:
[0.95481992, 0.17471789, -0.240401, 0.79678118;
 0.18383949, 0.288326, 0.93971866, -2.4486117;
 0.23349951, -0.94145727, 0.24317934, -1.0154953;
 0, 0, 0, 1]
Ow:
[-0.073513344;
 -0.38925892;
 2.7395005]
Keyframe: 74 Frame: 375 Frame from vFrameID : 376
Tcw:
[0.95571601, 0.18361171, 0.22998612, -0.050977826;
 0.17092566, 0.28984335, -0.94168746, -0.41801238;
 -0.23956478, 0.93929631, 0.24562399, 2.7435026;
 0, 0, 0, 1]
Twc:
[0.95571601, 0.17092566, -0.23956478, 0.77741605;
 0.18361171, 0.28984335, 0.93929631, -2.4464438;
 0.22998612, -0.94168746, 0.24562399, -1.0557829;
 0, 0, 0, 1]
Ow:
[-0.050977826;
 -0.41801238;
 2.7435026]
Keyframe: 75 Frame: 378 Frame from vFrameID : 379
Tcw:
[0.95331621, 0.18435326, 0.23916957, -0.031762093;
 0.17610934, 0.30396914, -0.93626291, -0.43597305;
 -0.24530329, 0.93467462, 0.25731239, 2.7617562;
 0, 0, 0, 1]
Twc:
[0.95331621, 0.17610934, -0.24530329, 0.78452617;
 0.18435326, 0.30396914, 0.93467462, -2.4429655;
 0.23916957, -0.93626291, 0.25731239, -1.111223;
 0, 0, 0, 1]
Ow:
[-0.031762093;
 -0.43597305;
 2.7617562]
Keyframe: 76 Frame: 380 Frame from vFrameID : 381
Tcw:
[0.9521926, 0.18247682, 0.24501319, -0.032256216;
 0.18342699, 0.29986709, -0.93618071, -0.44590229;
 -0.24430268, 0.93636632, 0.25206006, 2.7692106;
 0, 0, 0, 1]
Twc:
[0.9521926, 0.18342699, -0.24430268, 0.78903019;
 0.18247682, 0.29986709, 0.93636632, -2.4533985;
 0.24501319, -0.93618071, 0.25206006, -1.1075493;
 0, 0, 0, 1]
Ow:
[-0.032256216;
 -0.44590229;
 2.7692106]
Keyframe: 77 Frame: 383 Frame from vFrameID : 384
Tcw:
[0.94976455, 0.18729275, 0.25073642, 0.022623509;
 0.19095133, 0.28796902, -0.93840897, -0.4535566;
 -0.24796152, 0.93914604, 0.23773895, 2.7841136;
 0, 0, 0, 1]
Twc:
[0.94976455, 0.19095133, -0.24796152, 0.75547332;
 0.18729275, 0.28796902, 0.93914604, -2.4883163;
 0.25073642, -0.93840897, 0.23773895, -1.0931865;
 0, 0, 0, 1]
Ow:
[0.022623509;
 -0.4535566;
 2.7841136]
Keyframe: 78 Frame: 387 Frame from vFrameID : 388
Tcw:
[0.94331914, 0.18483987, 0.27565059, 0.045947939;
 0.21716709, 0.28429639, -0.93381691, -0.46897364;
 -0.25097308, 0.94074959, 0.22804107, 2.7926273;
 0, 0, 0, 1]
Twc:
[0.94331914, 0.21716709, -0.25097308, 0.75937629;
 0.18483987, 0.28429639, 0.94074959, -2.5023284;
 0.27565059, -0.93381691, 0.22804107, -1.0874348;
 0, 0, 0, 1]
Ow:
[0.045947939;
 -0.46897364;
 2.7926273]
Keyframe: 79 Frame: 392 Frame from vFrameID : 393
Tcw:
[0.93437266, 0.21980539, 0.28041631, 0.13065991;
 0.21579546, 0.27713591, -0.93628412, -0.48309052;
 -0.28351372, 0.93535089, 0.21151522, 2.8100431;
 0, 0, 0, 1]
Twc:
[0.93437266, 0.21579546, -0.28351372, 0.77884954;
 0.21980539, 0.27713591, 0.93535089, -2.5232143;
 0.28041631, -0.93628412, 0.21151522, -1.0833161;
 0, 0, 0, 1]
Ow:
[0.13065991;
 -0.48309052;
 2.8100431]
Keyframe: 80 Frame: 397 Frame from vFrameID : 398
Tcw:
[0.93204439, 0.21122472, 0.29441023, 0.12938696;
 0.22798032, 0.28968391, -0.92957419, -0.55253458;
 -0.28163496, 0.93352413, 0.22184318, 2.833014;
 0, 0, 0, 1]
Twc:
[0.93204439, 0.22798032, -0.28163496, 0.80324841;
 0.21122472, 0.28968391, 0.93352413, -2.5119565;
 0.29441023, -0.92957419, 0.22184318, -1.1801996;
 0, 0, 0, 1]
Ow:
[0.12938696;
 -0.55253458;
 2.833014]
Keyframe: 81 Frame: 403 Frame from vFrameID : 404
Tcw:
[0.94301951, 0.20871329, 0.25913897, 0.20338273;
 0.19869941, 0.27146161, -0.941715, -0.57800817;
 -0.26689473, 0.93954635, 0.21452236, 2.9086328;
 0, 0, 0, 1]
Twc:
[0.94301951, 0.19869941, -0.26689473, 0.69935471;
 0.20871329, 0.27146161, 0.93954635, -2.6183369;
 0.25913897, -0.941715, 0.21452236, -1.2209902;
 0, 0, 0, 1]
Ow:
[0.20338273;
 -0.57800817;
 2.9086328]
Keyframe: 82 Frame: 407 Frame from vFrameID : 408
Tcw:
[0.94640315, 0.20225076, 0.25182471, 0.22634706;
 0.1907991, 0.27901021, -0.94114238, -0.58199489;
 -0.26060843, 0.93874806, 0.22546688, 2.9394681;
 0, 0, 0, 1]
Twc:
[0.94640315, 0.1907991, -0.26060843, 0.66287875;
 0.20225076, 0.27901021, 0.93874806, -2.6428163;
 0.25182471, -0.94114238, 0.22546688, -1.2674925;
 0, 0, 0, 1]
Ow:
[0.22634706;
 -0.58199489;
 2.9394681]
Keyframe: 83 Frame: 412 Frame from vFrameID : 413
Tcw:
[0.94418341, 0.19888687, 0.26260555, 0.26762182;
 0.19793732, 0.2946988, -0.93486547, -0.62616277;
 -0.263322, 0.93466389, 0.23888259, 2.9861887;
 0, 0, 0, 1]
Twc:
[0.94418341, 0.19793732, -0.263322, 0.6575861;
 0.19888687, 0.2946988, 0.93466389, -2.6597798;
 0.26260555, -0.93486547, 0.23888259, -1.3690053;
 0, 0, 0, 1]
Ow:
[0.26762182;
 -0.62616277;
 2.9861887]
Keyframe: 84 Frame: 418 Frame from vFrameID : 419
Tcw:
[0.93082148, 0.22235402, 0.29005188, 0.28140092;
 0.22051218, 0.29120851, -0.93089849, -0.65777075;
 -0.29145461, 0.93046027, 0.22203135, 3.0398951;
 0, 0, 0, 1]
Twc:
[0.93082148, 0.22051218, -0.29145461, 0.76910383;
 0.22235402, 0.29120851, 0.93046027, -2.6995237;
 0.29005188, -0.93089849, 0.22203135, -1.3688906;
 0, 0, 0, 1]
Ow:
[0.28140092;
 -0.65777075;
 3.0398951]
Keyframe: 85 Frame: 423 Frame from vFrameID : 424
Tcw:
[0.91538811, 0.23471498, 0.32706803, 0.22974059;
 0.25227743, 0.29867652, -0.9204067, -0.67119586;
 -0.31372076, 0.9250412, 0.21419163, 3.0979073;
 0, 0, 0, 1]
Twc:
[0.91538811, 0.25227743, -0.31372076, 0.93090361;
 0.23471498, 0.29867652, 0.9250412, -2.7191451;
 0.32706803, -0.9204067, 0.21419163, -1.3564597;
 0, 0, 0, 1]
Ow:
[0.22974059;
 -0.67119586;
 3.0979073]
Keyframe: 86 Frame: 429 Frame from vFrameID : 430
Tcw:
[0.91234928, 0.24038981, 0.33140832, 0.16545263;
 0.2558414, 0.29720628, -0.91989869, -0.55833375;
 -0.31963092, 0.92405689, 0.20965427, 3.1845751;
 0, 0, 0, 1]
Twc:
[0.91234928, 0.2558414, -0.31963092, 1.0097829;
 0.24038981, 0.29720628, 0.92405689, -2.8165615;
 0.33140832, -0.91989869, 0.20965427, -1.2361027;
 0, 0, 0, 1]
Ow:
[0.16545263;
 -0.55833375;
 3.1845751]
Keyframe: 87 Frame: 435 Frame from vFrameID : 436
Tcw:
[0.93091255, 0.22627553, 0.28670746, 0.23142734;
 0.21943791, 0.28101659, -0.93427873, -0.6055454;
 -0.29197395, 0.93264627, 0.21194844, 3.2268848;
 0, 0, 0, 1]
Twc:
[0.93091255, 0.21943791, -0.29197395, 0.85960728;
 0.22627553, 0.28101659, 0.93264627, -2.8917401;
 0.28670746, -0.93427873, 0.21194844, -1.3160332;
 0, 0, 0, 1]
Ow:
[0.23142734;
 -0.6055454;
 3.2268848]
Keyframe: 88 Frame: 441 Frame from vFrameID : 442
Tcw:
[0.9275651, 0.21457802, 0.30590734, 0.11697727;
 0.23221184, 0.31037211, -0.92181712, -0.6073401;
 -0.29274681, 0.9260807, 0.23806278, 3.3351409;
 0, 0, 0, 1]
Twc:
[0.9275651, 0.23221184, -0.29274681, 1.0088793;
 0.21457802, 0.31037211, 0.9260807, -2.9252088;
 0.30590734, -0.92181712, 0.23806278, -1.3896136;
 0, 0, 0, 1]
Ow:
[0.11697727;
 -0.6073401;
 3.3351409]
Keyframe: 89 Frame: 447 Frame from vFrameID : 448
Tcw:
[0.92390168, 0.23092684, 0.30508763, 0.18029985;
 0.22268872, 0.32387462, -0.91951889, -0.66337037;
 -0.31115171, 0.91748464, 0.24780351, 3.3297043;
 0, 0, 0, 1]
Twc:
[0.92390168, 0.22268872, -0.31115171, 1.017189;
 0.23092684, 0.32387462, 0.91748464, -2.8817396;
 0.30508763, -0.91951889, 0.24780351, -1.4901012;
 0, 0, 0, 1]
Ow:
[0.18029985;
 -0.66337037;
 3.3297043]
Keyframe: 90 Frame: 454 Frame from vFrameID : 455
Tcw:
[0.91086084, 0.24445905, 0.33252418, 0.021582127;
 0.24643005, 0.32416213, -0.91334063, -0.46856356;
 -0.33106613, 0.91387016, 0.23502453, 3.612278;
 0, 0, 0, 1]
Twc:
[0.91086084, 0.24643005, -0.33106613, 1.2917128;
 0.24445905, 0.32416213, 0.91387016, -3.1545384;
 0.33252418, -0.91334063, 0.23502453, -1.2841086;
 0, 0, 0, 1]
Ow:
[0.021582127;
 -0.46856356;
 3.612278]
Keyframe: 91 Frame: 461 Frame from vFrameID : 462
Tcw:
[0.9194805, 0.24333653, 0.30877644, 0.078723997;
 0.22185244, 0.32724473, -0.91852731, -0.52707982;
 -0.32455671, 0.9130708, 0.24691035, 3.6118875;
 0, 0, 0, 1]
Twc:
[0.9194805, 0.22185244, -0.32455671, 1.2168111;
 0.24333653, 0.32724473, 0.9130708, -3.1445811;
 0.30877644, -0.91852731, 0.24691035, -1.4002577;
 0, 0, 0, 1]
Ow:
[0.078723997;
 -0.52707982;
 3.6118875]
Keyframe: 92 Frame: 468 Frame from vFrameID : 469
Tcw:
[0.92549837, 0.24675763, 0.2873385, 0.082061142;
 0.1916004, 0.34939033, -0.91717809, -0.50872016;
 -0.32671398, 0.90390104, 0.27608132, 3.6162109;
 0, 0, 0, 1]
Twc:
[0.92549837, 0.1916004, -0.32671398, 1.2029903;
 0.24675763, 0.34939033, 0.90390104, -3.1112041;
 0.2873385, -0.91717809, 0.27608132, -1.4885347;
 0, 0, 0, 1]
Ow:
[0.082061142;
 -0.50872016;
 3.6162109]
Keyframe: 93 Frame: 475 Frame from vFrameID : 476
Tcw:
[0.9294554, 0.23409025, 0.28515682, 0.12888443;
