Keyframe: 0 Frame: 0 Frame from vFrameID : 75
Tcw:
[0.94907111, 0.21186756, 0.233187, 0.049945198;
 0.14176406, 0.37380525, -0.91660929, -0.083847746;
 -0.28136629, 0.90298492, 0.32473257, 0.13355963;
 0, 0, 0, 1]
Twc:
[0.94907111, 0.14176406, -0.28136629, 0.0020642318;
 0.21186756, 0.37380525, 0.90298492, -0.099841371;
 0.233187, -0.91660929, 0.32473257, -0.13187335;
 0, 0, 0, 1]
Ow:
[0.049945198;
 -0.083847746;
 0.13355963]
Keyframe: 1 Frame: 74 Frame from vFrameID : 75
Tcw:
[0.94886714, 0.20929368, 0.23632035, 0.048694115;
 0.14758253, 0.36765447, -0.91817731, -0.083491281;
 -0.27905294, 0.90610504, 0.31796715, 0.1329267;
 0, 0, 0, 1]
Twc:
[0.94886714, 0.14758253, -0.27905294, 0.0032111949;
 0.20929368, 0.36765447, 0.90610504, -0.099940978;
 0.23632035, -0.91817731, 0.31796715, -0.13043353;
 0, 0, 0, 1]
Ow:
[0.048694115;
 -0.083491281;
 0.1329267]
Keyframe: 2 Frame: 76 Frame from vFrameID : 77
Tcw:
[0.9486962, 0.21185726, 0.23471697, 0.048960157;
 0.14563695, 0.36611387, -0.91910309, -0.083521143;
 -0.28065181, 0.90613306, 0.31647661, 0.13279057;
 0, 0, 0, 1]
Twc:
[0.9486962, 0.14563695, -0.28065181, 0.0029833626;
 0.21185726, 0.36611387, 0.90613306, -0.10012024;
 0.23471697, -0.91910309, 0.31647661, -0.13028143;
 0, 0, 0, 1]
Ow:
[0.048960157;
 -0.083521143;
 0.13279057]
Keyframe: 3 Frame: 78 Frame from vFrameID : 79
Tcw:
[0.94841939, 0.21428604, 0.23362818, 0.048202123;
 0.14365755, 0.36644068, -0.91928434, -0.082389124;
 -0.28260067, 0.90542954, 0.31675565, 0.13289775;
 0, 0, 0, 1]
Twc:
[0.94841939, 0.14365755, -0.28260067, 0.0036769859;
 0.21428604, 0.36644068, 0.90542954, -0.10046787;
 0.23362818, -0.91928434, 0.31675565, -0.12909652;
 0, 0, 0, 1]
Ow:
[0.048202123;
 -0.082389124;
 0.13289775]
Keyframe: 4 Frame: 79 Frame from vFrameID : 80
Tcw:
[0.94815791, 0.21006735, 0.23847084, 0.046443805;
 0.14689201, 0.37572551, -0.91501534, -0.08281593;
 -0.28181443, 0.90260845, 0.32538989, 0.13333388;
 0, 0, 0, 1]
Twc:
[0.94815791, 0.14689201, -0.28181443, 0.0057043447;
 0.21006735, 0.37572551, 0.90260845, -0.098988555;
 0.23847084, -0.91501534, 0.32538989, -0.13023883;
 0, 0, 0, 1]
Ow:
[0.046443805;
 -0.08281593;
 0.13333388]
Keyframe: 5 Frame: 80 Frame from vFrameID : 81
Tcw:
[0.94807541, 0.20785061, 0.24073033, 0.044778991;
 0.14997284, 0.37530577, -0.91468775, -0.081981197;
 -0.2804659, 0.90329605, 0.32464623, 0.13204953;
 0, 0, 0, 1]
Twc:
[0.94807541, 0.14997284, -0.2804659, 0.0068764756;
 0.20785061, 0.37530577, 0.90329605, -0.097819127;
 0.24073033, -0.91468775, 0.32464623, -0.12863624;
 0, 0, 0, 1]
Ow:
[0.044778991;
 -0.081981197;
 0.13204953]
Keyframe: 6 Frame: 81 Frame from vFrameID : 82
Tcw:
[0.94821715, 0.20771919, 0.24028517, 0.045208808;
 0.14965998, 0.37507674, -0.91483295, -0.082617842;
 -0.28015375, 0.9034214, 0.32456693, 0.13252991;
 0, 0, 0, 1]
Twc:
[0.94821715, 0.14965998, -0.28015375, 0.0066255704;
 0.20771919, 0.37507674, 0.9034214, -0.098133072;
 0.24028517, -0.91483295, 0.32456693, -0.12945937;
 0, 0, 0, 1]
Ow:
[0.045208808;
 -0.082617842;
 0.13252991]
Keyframe: 7 Frame: 83 Frame from vFrameID : 84
Tcw:
[0.94896299, 0.19498374, 0.24789238, 0.041585028;
 0.16366635, 0.36742499, -0.91553926, -0.080396324;
 -0.26959711, 0.90938455, 0.31676045, 0.13089125;
 0, 0, 0, 1]
Twc:
[0.94896299, 0.16366635, -0.26959711, 0.0089834258;
 0.19498374, 0.36742499, 0.90938455, -0.097599253;
 0.24789238, -0.91553926, 0.31676045, -0.12537578;
 0, 0, 0, 1]
Ow:
[0.041585028;
 -0.080396324;
 0.13089125]
Keyframe: 8 Frame: 86 Frame from vFrameID : 87
Tcw:
[0.94954413, 0.18445417, 0.25365841, 0.039351966;
 0.1735522, 0.36463982, -0.91483194, -0.079734273;
 -0.26123852, 0.91269624, 0.31422919, 0.13034809;
 0, 0, 0, 1]
Twc:
[0.94954413, 0.1735522, -0.26123852, 0.010523574;
 0.18445417, 0.36463982, 0.91269624, -0.097152561;
 0.25365841, -0.91483194, 0.31422919, -0.12388459;
 0, 0, 0, 1]
Ow:
[0.039351966;
 -0.079734273;
 0.13034809]
Keyframe: 9 Frame: 88 Frame from vFrameID : 89
Tcw:
[0.94982743, 0.17608911, 0.25849652, 0.036674533;
 0.18026187, 0.36720863, -0.91250396, -0.074806623;
 -0.25560415, 0.9133184, 0.31704268, 0.12783605;
 0, 0, 0, 1]
Twc:
[0.94982743, 0.18026187, -0.25560415, 0.011325731;
 0.17608911, 0.36720863, 0.9133184, -0.095743358;
 0.25849652, -0.91250396, 0.31704268, -0.11827107;
 0, 0, 0, 1]
Ow:
[0.036674533;
 -0.074806623;
 0.12783605]
Keyframe: 10 Frame: 90 Frame from vFrameID : 91
Tcw:
[0.95020473, 0.18359576, 0.25180072, 0.037153855;
 0.17040929, 0.37037694, -0.9131164, -0.075119793;
 -0.26090547, 0.91055673, 0.32064751, 0.12836835;
 0, 0, 0, 1]
Twc:
[0.95020473, 0.17040929, -0.26090547, 0.010989348;
 0.18359576, 0.37037694, 0.91055673, -0.095885307;
 0.25180072, -0.9131164, 0.32064751, -0.11910947;
 0, 0, 0, 1]
Ow:
[0.037153855;
 -0.075119793;
 0.12836835]
Keyframe: 11 Frame: 93 Frame from vFrameID : 94
Tcw:
[0.94986188, 0.19216558, 0.24664703, 0.038983949;
 0.16142076, 0.37420017, -0.9131909, -0.074568808;
 -0.2677792, 0.90721917, 0.32441896, 0.12644386;
 0, 0, 0, 1]
Twc:
[0.94986188, 0.16142076, -0.2677792, 0.0088666221;
 0.19216558, 0.37420017, 0.90721917, -0.094300009;
 0.24664703, -0.9131909, 0.32441896, -0.11873161;
 0, 0, 0, 1]
Ow:
[0.038983949;
 -0.074568808;
 0.12644386]
Keyframe: 12 Frame: 96 Frame from vFrameID : 97
Tcw:
[0.94790548, 0.20892428, 0.24046998, 0.041993693;
 0.14890859, 0.37671912, -0.91428053, -0.076544866;
 -0.28160504, 0.90245962, 0.32598349, 0.12699163;
 0, 0, 0, 1]
Twc:
[0.94790548, 0.14890859, -0.28160504, 0.0073536164;
 0.20892428, 0.37671912, 0.90245962, -0.094542399;
 0.24046998, -0.91428053, 0.32598349, -0.12147889;
 0, 0, 0, 1]
Ow:
[0.041993693;
 -0.076544866;
 0.12699163]
Keyframe: 13 Frame: 99 Frame from vFrameID : 100
Tcw:
[0.94162232, 0.22407417, 0.2512731, 0.04525201;
 0.15062431, 0.38710195, -0.90965068, -0.075961351;
 -0.30109754, 0.89439523, 0.33075282, 0.12613088;
 0, 0, 0, 1]
Twc:
[0.94162232, 0.15062431, -0.30109754, 0.0068090167;
 0.22407417, 0.38710195, 0.89439523, -0.093545884;
 0.2512731, -0.90965068, 0.33075282, -0.12218706;
 0, 0, 0, 1]
Ow:
[0.04525201;
 -0.075961351;
 0.12613088]
Keyframe: 14 Frame: 104 Frame from vFrameID : 105
Tcw:
[0.93707567, 0.22847961, 0.26398152, 0.045335606;
 0.15732557, 0.3986502, -0.90350801, -0.075092651;
 -0.31166944, 0.8881864, 0.33761972, 0.12550923;
 0, 0, 0, 1]
Twc:
[0.93707567, 0.15732557, -0.31166944, 0.0084484965;
 0.22847961, 0.3986502, 0.8881864, -0.091898166;
 0.26398152, -0.90350801, 0.33761972, -0.12218896;
 0, 0, 0, 1]
Ow:
[0.045335606;
 -0.075092651;
 0.12550923]
Keyframe: 15 Frame: 108 Frame from vFrameID : 109
Tcw:
[0.93739533, 0.23136206, 0.2603105, 0.047386378;
 0.15796418, 0.38368306, -0.90985417, -0.078614935;
 -0.31038246, 0.89401281, 0.3231158, 0.12823935;
 0, 0, 0, 1]
Twc:
[0.93739533, 0.15796418, -0.31038246, 0.0078018219;
 0.23136206, 0.38368306, 0.89401281, -0.095447816;
 0.2603105, -0.90985417, 0.3231158, -0.12529945;
 0, 0, 0, 1]
Ow:
[0.047386378;
 -0.078614935;
 0.12823935]
Keyframe: 16 Frame: 112 Frame from vFrameID : 113
Tcw:
[0.93839836, 0.22694361, 0.26058617, 0.048198931;
 0.16445814, 0.36991903, -0.91439241, -0.080811694;
 -0.3039113, 0.9009198, 0.30980867, 0.13070856;
 0, 0, 0, 1]
Twc:
[0.93839836, 0.16445814, -0.3039113, 0.0077841519;
 0.22694361, 0.36991903, 0.9009198, -0.098802596;
 0.26058617, -0.91439241, 0.30980867, -0.12694822;
 0, 0, 0, 1]
Ow:
[0.048198931;
 -0.080811694;
 0.13070856]
Keyframe: 17 Frame: 117 Frame from vFrameID : 118
Tcw:
[0.93155694, 0.22697477, 0.28404942, 0.052039318;
 0.18679236, 0.37149832, -0.9094491, -0.083401889;
 -0.31194589, 0.90026188, 0.3036747, 0.13468605;
 0, 0, 0, 1]
Twc:
[0.93155694, 0.18679236, -0.31194589, 0.0091160098;
 0.22697477, 0.37149832, 0.90026188, -0.10208068;
 0.28404942, -0.9094491, 0.3036747, -0.13153225;
 0, 0, 0, 1]
Ow:
[0.052039318;
 -0.083401889;
 0.13468605]
Keyframe: 18 Frame: 122 Frame from vFrameID : 123
Tcw:
[0.93056923, 0.2364326, 0.27953622, 0.056219488;
 0.17819656, 0.37448207, -0.90995008, -0.087393105;
 -0.31982318, 0.89658397, 0.30635002, 0.14066878;
 0, 0, 0, 1]
Twc:
[0.93056923, 0.17819656, -0.31982318, 0.0082461573;
 0.2364326, 0.37448207, 0.89658397, -0.10668633;
 0.27953622, -0.90995008, 0.30635002, -0.13833264;
 0, 0, 0, 1]
Ow:
[0.056219488;
 -0.087393105;
 0.14066878]
Keyframe: 19 Frame: 129 Frame from vFrameID : 130
Tcw:
[0.93749356, 0.23156027, 0.25978011, 0.058679841;
 0.15777327, 0.3825492, -0.91036457, -0.090959691;
 -0.31018296, 0.89444727, 0.32210338, 0.15055056;
 0, 0, 0, 1]
Twc:
[0.93749356, 0.15777327, -0.31018296, 0.0060372539;
 0.23156027, 0.3825492, 0.89444727, -0.1134509;
 0.25978011, -0.91036457, 0.32210338, -0.14654319;
 0, 0, 0, 1]
Ow:
[0.058679841;
 -0.090959691;
 0.15055056]
Keyframe: 20 Frame: 136 Frame from vFrameID : 137
Tcw:
[0.93116862, 0.24344978, 0.2713986, 0.044693332;
 0.17670718, 0.34975946, -0.92002332, -0.091929846;
 -0.31890371, 0.90465492, 0.2826657, 0.26738226;
 0, 0, 0, 1]
Twc:
[0.93116862, 0.17670718, -0.31890371, 0.059896827;
 0.24344978, 0.34975946, 0.90465492, -0.22061592;
 0.2713986, -0.92002332, 0.2826657, -0.17228711;
 0, 0, 0, 1]
Ow:
[0.044693332;
 -0.091929846;
 0.26738226]
Keyframe: 21 Frame: 145 Frame from vFrameID : 146
Tcw:
[0.91577637, 0.24239694, 0.32030827, 0.022544645;
 0.22889754, 0.34036812, -0.91200626, -0.065453954;
 -0.33009025, 0.90851158, 0.25621703, 0.39458159;
 0, 0, 0, 1]
Twc:
[0.91577637, 0.22889754, -0.33009025, 0.12458394;
 0.24239694, 0.34036812, 0.90851158, -0.34166825;
 0.32030827, -0.91200626, 0.25621703, -0.16801418;
 0, 0, 0, 1]
Ow:
[0.022544645;
 -0.065453954;
 0.39458159]
Keyframe: 22 Frame: 153 Frame from vFrameID : 154
Tcw:
[0.92917508, 0.23115656, 0.28844464, 0.037297554;
 0.19687648, 0.3509602, -0.91545975, -0.087650798;
 -0.31284711, 0.90741038, 0.28059417, 0.45681354;
 0, 0, 0, 1]
Twc:
[0.92917508, 0.19687648, -0.31284711, 0.12551323;
 0.23115656, 0.3509602, 0.90741038, -0.39237699;
 0.28844464, -0.91545975, 0.28059417, -0.21917829;
 0, 0, 0, 1]
Ow:
[0.037297554;
 -0.087650798;
 0.45681354]
Keyframe: 23 Frame: 161 Frame from vFrameID : 162
Tcw:
[0.93553996, 0.23334168, 0.2651729, 0.042597152;
 0.16839531, 0.36528239, -0.91553909, -0.099753931;
 -0.31049642, 0.90117723, 0.30244264, 0.49486616;
 0, 0, 0, 1]
Twc:
[0.93553996, 0.16839531, -0.31049642, 0.13060091;
 0.23334168, 0.36528239, 0.90117723, -0.41946346;
 0.2651729, -0.91553909, 0.30244264, -0.25229284;
 0, 0, 0, 1]
Ow:
[0.042597152;
 -0.099753931;
 0.49486616]
Keyframe: 24 Frame: 168 Frame from vFrameID : 169
Tcw:
[0.91869098, 0.27571768, 0.28281909, 0.047284447;
 0.1843389, 0.33397302, -0.92438149, -0.010235444;
 -0.34932226, 0.9013555, 0.2559925, 0.58283275;
 0, 0, 0, 1]
Twc:
[0.91869098, 0.1843389, -0.34932226, 0.16204347;
 0.27571768, 0.33397302, 0.9013555, -0.53495836;
 0.28281909, -0.92438149, 0.2559925, -0.17203523;
 0, 0, 0, 1]
Ow:
[0.047284447;
 -0.010235444;
 0.58283275]
Keyframe: 25 Frame: 176 Frame from vFrameID : 177
Tcw:
[0.88997209, 0.27384749, 0.36463305, -0.15706603;
 0.27644309, 0.31193784, -0.90899616, -0.04827594;
 -0.36266917, 0.90978146, 0.20191273, 0.7565679;
 0, 0, 0, 1]
Twc:
[0.88997209, 0.27644309, -0.36266917, 0.42751378;
 0.27384749, 0.31193784, 0.90978146, -0.63024026;
 0.36463305, -0.90899616, 0.20191273, -0.13937187;
 0, 0, 0, 1]
Ow:
[-0.15706603;
 -0.04827594;
 0.7565679]
Keyframe: 26 Frame: 184 Frame from vFrameID : 185
Tcw:
[0.90633547, 0.26399788, 0.32994112, 0.027535588;
 0.22353056, 0.36308393, -0.90454638, -0.14116316;
 -0.35859466, 0.89357436, 0.27006423, 0.51849759;
 0, 0, 0, 1]
Twc:
[0.90633547, 0.22353056, -0.35859466, 0.19252826;
 0.26399788, 0.36308393, 0.89357436, -0.41933143;
 0.32994112, -0.90454638, 0.27006423, -0.27680141;
 0, 0, 0, 1]
Ow:
[0.027535588;
 -0.14116316;
 0.51849759]
Keyframe: 27 Frame: 192 Frame from vFrameID : 193
Tcw:
[0.92163873, 0.22709624, 0.31465751, 0.047777683;
 0.21378794, 0.37955961, -0.90012735, -0.20879379;
 -0.32384682, 0.89686221, 0.3012664, 0.562747;
 0, 0, 0, 1]
Twc:
[0.92163873, 0.21378794, -0.32384682, 0.18284766;
 0.22709624, 0.37955961, 0.89686221, -0.43630695;
 0.31465751, -0.90012735, 0.3012664, -0.37251136;
 0, 0, 0, 1]
Ow:
[0.047777683;
 -0.20879379;
 0.562747]
Keyframe: 28 Frame: 200 Frame from vFrameID : 201
Tcw:
[0.90651697, 0.25801042, 0.33415201, 0.022764504;
 0.25071925, 0.30778784, -0.91782707, -0.16160403;
 -0.33965689, 0.91580415, 0.21432672, 0.87462926;
 0, 0, 0, 1]
Twc:
[0.90651697, 0.25071925, -0.33965689, 0.31695467;
 0.25801042, 0.30778784, 0.91580415, -0.75712281;
 0.33415201, -0.91782707, 0.21432672, -0.34338775;
 0, 0, 0, 1]
Ow:
[0.022764504;
 -0.16160403;
 0.87462926]
Keyframe: 29 Frame: 208 Frame from vFrameID : 209
Tcw:
[0.91888344, 0.24609704, 0.30836582, -0.11494809;
 0.1975414, 0.38958257, -0.89955699, -0.48648959;
 -0.34151226, 0.88750303, 0.30936661, 0.84488308;
 0, 0, 0, 1]
Twc:
[0.91888344, 0.1975414, -0.34151226, 0.49026364;
 0.24609704, 0.38958257, 0.88750303, -0.53202003;
 0.30836582, -0.89955699, 0.30936661, -0.66355771;
 0, 0, 0, 1]
Ow:
[-0.11494809;
 -0.48648959;
 0.84488308]
Keyframe: 30 Frame: 211 Frame from vFrameID : 212
Tcw:
[0.88858664, 0.27019697, 0.37068501, -0.09103775;
 0.28501728, 0.30795923, -0.90770382, -0.20051651;
 -0.3594147, 0.91222513, 0.19663763, 0.98554605;
 0, 0, 0, 1]
Twc:
[0.88858664, 0.28501728, -0.3594147, 0.49226534;
 0.27019697, 0.30795923, 0.91222513, -0.81269085;
 0.37068501, -0.90770382, 0.19663763, -0.34205872;
 0, 0, 0, 1]
Ow:
[-0.09103775;
 -0.20051651;
 0.98554605]
Keyframe: 31 Frame: 217 Frame from vFrameID : 218
Tcw:
[0.88770199, 0.20932016, 0.41008565, -0.45809424;
 0.36034164, 0.23857191, -0.90179676, -0.44989127;
 -0.28659916, 0.94829768, 0.136354, 1.3529133;
 0, 0, 0, 1]
Twc:
[0.88770199, 0.36034164, -0.28659916, 0.95650953;
 0.20932016, 0.23857191, 0.94829768, -1.0797448;
 0.41008565, -0.90179676, 0.136354, -0.40232775;
 0, 0, 0, 1]
Ow:
[-0.45809424;
 -0.44989127;
 1.3529133]
Keyframe: 32 Frame: 219 Frame from vFrameID : 220
Tcw:
[0.90363425, 0.24986152, 0.34787112, -0.067426488;
 0.28380322, 0.25900164, -0.92324096, -0.23171063;
 -0.32078159, 0.93299913, 0.16313125, 1.1935536;
 0, 0, 0, 1]
Twc:
[0.90363425, 0.28380322, -0.32078159, 0.50955915;
 0.24986152, 0.25900164, 0.93299913, -1.0367237;
 0.34787112, -0.92324096, 0.16313125, -0.3851749;
 0, 0, 0, 1]
Ow:
[-0.067426488;
 -0.23171063;
 1.1935536]
Keyframe: 33 Frame: 223 Frame from vFrameID : 224
Tcw:
[0.91144037, 0.20182092, 0.35853133, -0.16184975;
 0.30408245, 0.25656545, -0.91744649, -0.45176113;
 -0.27714667, 0.94522089, 0.17247391, 1.2848873;
 0, 0, 0, 1]
Twc:
[0.91144037, 0.30408245, -0.27714667, 0.64099127;
 0.20182092, 0.25656545, 0.94522089, -1.0659313;
 0.35853133, -0.91744649, 0.17247391, -0.57804799;
 0, 0, 0, 1]
Ow:
[-0.16184975;
 -0.45176113;
 1.2848873]
Keyframe: 34 Frame: 231 Frame from vFrameID : 232
Tcw:
[0.89544547, 0.22200067, 0.38586667, -0.19091156;
 0.32949391, 0.25234827, -0.90980995, -0.39296228;
 -0.29935122, 0.94182593, 0.15281625, 1.3289011;
 0, 0, 0, 1]
Twc:
[0.89544547, 0.32949391, -0.29935122, 0.69823766;
 0.22200067, 0.25234827, 0.94182593, -1.1100476;
 0.38586667, -0.90980995, 0.15281625, -0.48693222;
 0, 0, 0, 1]
Ow:
[-0.19091156;
 -0.39296228;
 1.3289011]
Keyframe: 35 Frame: 240 Frame from vFrameID : 241
Tcw:
[0.87964106, 0.29640776, 0.37198657, -0.063945979;
 0.29430452, 0.27520072, -0.91523188, -0.27539754;
 -0.37365282, 0.91455293, 0.15484372, 1.4179212;
 0, 0, 0, 1]
Twc:
[0.87964106, 0.29430452, -0.37365282, 0.6671105;
 0.29640776, 0.27520072, 0.91455293, -1.2020203;
 0.37198657, -0.91523188, 0.15484372, -0.44782177;
 0, 0, 0, 1]
Ow:
[-0.063945979;
 -0.27539754;
 1.4179212]
Keyframe: 36 Frame: 246 Frame from vFrameID : 247
Tcw:
[0.94186598, 0.231453, 0.24355277, 0.19739835;
 0.18582472, 0.24508248, -0.95152706, -0.3744379;
 -0.2799243, 0.94146913, 0.18782517, 1.4164685;
 0, 0, 0, 1]
Twc:
[0.94186598, 0.18582472, -0.2799243, 0.28016099;
 0.231453, 0.24508248, 0.94146913, -1.2874817;
 0.24355277, -0.95152706, 0.18782517, -0.67041314;
 0, 0, 0, 1]
Ow:
[0.19739835;
 -0.3744379;
 1.4164685]
Keyframe: 37 Frame: 249 Frame from vFrameID : 250
Tcw:
[0.93743384, 0.21968551, 0.27010384, 0.12977062;
 0.21429849, 0.24734847, -0.94493115, -0.30810001;
 -0.27439746, 0.94369328, 0.18479456, 1.3930197;
 0, 0, 0, 1]
Twc:
[0.93743384, 0.21429849, -0.27439746, 0.32661507;
 0.21968551, 0.24734847, 0.94369328, -1.266884;
 0.27010384, -0.94493115, 0.18479456, -0.58360732;
 0, 0, 0, 1]
Ow:
[0.12977062;
 -0.30810001;
 1.3930197]
Keyframe: 38 Frame: 255 Frame from vFrameID : 256
Tcw:
[0.94001788, 0.21134092, 0.26777112, 0.17878371;
 0.21269527, 0.25057676, -0.94444269, -0.33372945;
 -0.2666966, 0.94474667, 0.19059542, 1.4272484;
 0, 0, 0, 1]
Twc:
[0.94001788, 0.21269527, -0.2666966, 0.28356507;
 0.21134092, 0.25057676, 0.94474667, -1.3025476;
 0.26777112, -0.94444269, 0.19059542, -0.63508844;
 0, 0, 0, 1]
Ow:
[0.17878371;
 -0.33372945;
 1.4272484]
Keyframe: 39 Frame: 259 Frame from vFrameID : 260
Tcw:
[0.93816495, 0.20827959, 0.27652508, 0.17979252;
 0.2195528, 0.25962019, -0.94042224, -0.33951306;
 -0.26766226, 0.94298303, 0.19783819, 1.4301224;
 0, 0, 0, 1]
Twc:
[0.93816495, 0.2195528, -0.26766226, 0.28865579;
 0.20827959, 0.25962019, 0.94298303, -1.2978837;
 0.27652508, -0.94042224, 0.19783819, -0.65193558;
 0, 0, 0, 1]
Ow:
[0.17979252;
 -0.33951306;
 1.4301224]
Keyframe: 40 Frame: 262 Frame from vFrameID : 263
Tcw:
[0.93757999, 0.20577548, 0.28035724, 0.17422491;
 0.23409843, 0.22272748, -0.94635636, -0.29613572;
 -0.25718021, 0.95291603, 0.16065311, 1.5313601;
 0, 0, 0, 1]
Twc:
[0.93757999, 0.23409843, -0.25718021, 0.29981062;
 0.20577548, 0.22272748, 0.95291603, -1.4291512;
 0.28035724, -0.94635636, 0.16065311, -0.57511288;
 0, 0, 0, 1]
Ow:
[0.17422491;
 -0.29613572;
 1.5313601]
Keyframe: 41 Frame: 269 Frame from vFrameID : 270
Tcw:
[0.91717488, 0.25067264, 0.30976352, 0.095547602;
 0.24777626, 0.25005439, -0.93599129, -0.24746895;
 -0.31208515, 0.93521976, 0.16723289, 1.6544198;
 0, 0, 0, 1]
Twc:
[0.91717488, 0.24777626, -0.31208515, 0.49000293;
 0.25067264, 0.25005439, 0.93521976, -1.5093166;
 0.30976352, -0.93599129, 0.16723289, -0.53789937;
 0, 0, 0, 1]
Ow:
[0.095547602;
 -0.24746895;
 1.6544198]
Keyframe: 42 Frame: 273 Frame from vFrameID : 274
Tcw:
[0.91943002, 0.23713133, 0.31371504, 0.084812984;
 0.25379437, 0.2515679, -0.93397111, -0.31243294;
 -0.30039445, 0.93834019, 0.17111649, 1.6851927;
 0, 0, 0, 1]
Twc:
[0.91943002, 0.25379437, -0.30039445, 0.50753665;
 0.23713133, 0.2515679, 0.93834019, -1.5227978;
 0.31371504, -0.93397111, 0.17111649, -0.60677475;
 0, 0, 0, 1]
Ow:
[0.084812984;
 -0.31243294;
 1.6851927]
Keyframe: 43 Frame: 278 Frame from vFrameID : 279
Tcw:
[0.93052578, 0.24104238, 0.27571794, 0.11149564;
 0.20826267, 0.27099323, -0.93978155, -0.34693989;
 -0.30124488, 0.93191266, 0.20196605, 1.6902984;
 0, 0, 0, 1]
Twc:
[0.93052578, 0.20826267, -0.30124488, 0.47769877;
 0.24104238, 0.27099323, 0.93191266, -1.5080674;
 0.27571794, -0.93978155, 0.20196605, -0.69817197;
 0, 0, 0, 1]
Ow:
[0.11149564;
 -0.34693989;
 1.6902984]
Keyframe: 44 Frame: 282 Frame from vFrameID : 283
Tcw:
[0.93392336, 0.23425229, 0.27002412, 0.16558585;
 0.20960864, 0.25303251, -0.94447803, -0.36237943;
 -0.28957102, 0.9386695, 0.18721165, 1.7509874;
 0, 0, 0, 1]
Twc:
[0.93392336, 0.20960864, -0.28957102, 0.42834857;
 0.23425229, 0.25303251, 0.9386695, -1.5906935;
 0.27002412, -0.94447803, 0.18721165, -0.71477687;
 0, 0, 0, 1]
Ow:
[0.16558585;
 -0.36237943;
 1.7509874]
Keyframe: 45 Frame: 286 Frame from vFrameID : 287
Tcw:
[0.93776619, 0.21499148, 0.27271459, 0.15795158;
 0.21100745, 0.27095309, -0.93918067, -0.36877775;
 -0.27580869, 0.93827665, 0.20872584, 1.7553051;
 0, 0, 0, 1]
Twc:
[0.93776619, 0.21100745, -0.27580869, 0.41382161;
 0.21499148, 0.27095309, 0.93827665, -1.5809985;
 0.27271459, -0.93918067, 0.20872584, -0.75580215;
 0, 0, 0, 1]
Ow:
[0.15795158;
 -0.36877775;
 1.7553051]
Keyframe: 46 Frame: 290 Frame from vFrameID : 291
Tcw:
[0.93632346, 0.21376927, 0.27856964, 0.14042361;
 0.21522225, 0.27746093, -0.93631983, -0.36607265;
 -0.27744859, 0.9366526, 0.21378528, 1.7830863;
 0, 0, 0, 1]
Twc:
[0.93632346, 0.21522225, -0.27744859, 0.44201991;
 0.21376927, 0.27746093, 0.9366526, -1.59858;
 0.27856964, -0.93631983, 0.21378528, -0.76307648;
 0, 0, 0, 1]
Ow:
[0.14042361;
 -0.36607265;
 1.7830863]
Keyframe: 47 Frame: 295 Frame from vFrameID : 296
Tcw:
[0.93620604, 0.20713067, 0.28392804, 0.14344025;
 0.22671232, 0.26138541, -0.93823195, -0.38073158;
 -0.26855126, 0.94274843, 0.19775152, 1.8537986;
 0, 0, 0, 1]
Twc:
[0.93620604, 0.22671232, -0.26855126, 0.44986686;
 0.20713067, 0.26138541, 0.94274843, -1.6778588;
 0.28392804, -0.93823195, 0.19775152, -0.76453274;
 0, 0, 0, 1]
Ow:
[0.14344025;
 -0.38073158;
 1.8537986]
Keyframe: 48 Frame: 300 Frame from vFrameID : 301
Tcw:
[0.92571634, 0.19360358, 0.32491067, 0.073105931;
 0.26933172, 0.26568136, -0.9256748, -0.2569344;
 -0.26553667, 0.94442099, 0.193802, 1.9683478;
 0, 0, 0, 1]
Twc:
[0.92571634, 0.26933172, -0.26553667, 0.5241937;
 0.19360358, 0.26568136, 0.94442099, -1.8048398;
 0.32491067, -0.9256748, 0.193802, -0.64306033;
 0, 0, 0, 1]
Ow:
[0.073105931;
 -0.2569344;
 1.9683478]
Keyframe: 49 Frame: 306 Frame from vFrameID : 307
Tcw:
[0.93886268, 0.16890103, 0.30001557, 0.01340887;
 0.24942084, 0.26701564, -0.93085545, -0.28445795;
 -0.23733129, 0.94877559, 0.20856357, 1.9755747;
 0, 0, 0, 1]
Twc:
[0.93886268, 0.24942084, -0.23733129, 0.52722633;
 0.16890103, 0.26701564, 0.94877559, -1.8006871;
 0.30001557, -0.93085545, 0.20856357, -0.68084502;
 0, 0, 0, 1]
Ow:
[0.01340887;
 -0.28445795;
 1.9755747]
Keyframe: 50 Frame: 311 Frame from vFrameID : 312
Tcw:
[0.95088661, 0.12888639, 0.28143024, 0.0070635974;
 0.23881464, 0.27296862, -0.93190968, -0.26119936;
 -0.19693209, 0.95335013, 0.22878225, 1.995867;
 0, 0, 0, 1]
Twc:
[0.95088661, 0.23881464, -0.19693209, 0.44871184;
 0.12888639, 0.27296862, 0.95335013, -1.8323711;
 0.28143024, -0.93190968, 0.22878225, -0.70202106;
 0, 0, 0, 1]
Ow:
[0.0070635974;
 -0.26119936;
 1.995867]
Keyframe: 51 Frame: 317 Frame from vFrameID : 318
Tcw:
[0.95249349, 0.14164858, 0.26961422, 0.041954383;
 0.21822476, 0.30010119, -0.92861038, -0.29391092;
 -0.21244788, 0.94333184, 0.25493321, 1.9898292;
 0, 0, 0, 1]
Twc:
[0.95249349, 0.21822476, -0.21244788, 0.44691235;
 0.14164858, 0.30010119, 0.94333184, -1.794809;
 0.26961422, -0.92861038, 0.25493321, -0.79151374;
 0, 0, 0, 1]
Ow:
[0.041954383;
 -0.29391092;
 1.9898292]
Keyframe: 52 Frame: 320 Frame from vFrameID : 321
Tcw:
[0.96360195, 0.13608518, 0.23011315, 0.097410798;
 0.18536098, 0.28016394, -0.94188613, -0.29500818;
 -0.19264616, 0.9502573, 0.24474165, 2.0022292;
 0, 0, 0, 1]
Twc:
[0.96360195, 0.18536098, -0.19264616, 0.34653956;
 0.13608518, 0.28016394, 0.9502573, -1.8332386;
 0.23011315, -0.94188613, 0.24474165, -0.79030854;
 0, 0, 0, 1]
Ow:
[0.097410798;
 -0.29500818;
 2.0022292]
Keyframe: 53 Frame: 324 Frame from vFrameID : 325
Tcw:
[0.96364319, 0.14324501, 0.22554974, 0.099667966;
 0.17366299, 0.30574915, -0.9361403, -0.28628778;
 -0.20305906, 0.94127482, 0.26975673, 2.126482;
 0, 0, 0, 1]
Twc:
[0.96364319, 0.17366299, -0.20305906, 0.38547465;
 0.14324501, 0.30574915, 0.94127482, -1.9283487;
 0.22554974, -0.9361403, 0.26975673, -0.8641184;
 0, 0, 0, 1]
Ow:
[0.099667966;
 -0.28628778;
 2.126482]
Keyframe: 54 Frame: 326 Frame from vFrameID : 327
Tcw:
[0.96198457, 0.15337937, 0.22596557, 0.10397048;
 0.17319739, 0.29710463, -0.93900561, -0.29022634;
 -0.21115951, 0.94244552, 0.25924516, 2.1301379;
 0, 0, 0, 1]
Twc:
[0.96198457, 0.17319739, -0.21115951, 0.4000473;
 0.15337937, 0.29710463, 0.94244552, -1.9372582;
 0.22596557, -0.93900561, 0.25924516, -0.84824586;
 0, 0, 0, 1]
Ow:
[0.10397048;
 -0.29022634;
 2.1301379]
Keyframe: 55 Frame: 330 Frame from vFrameID : 331
Tcw:
[0.95436007, 0.14795791, 0.25943273, 0.077461034;
 0.20761608, 0.29576769, -0.93242538, -0.33140153;
 -0.21469152, 0.9437319, 0.25155044, 2.2406726;
 0, 0, 0, 1]
Twc:
[0.95436007, 0.20761608, -0.21469152, 0.47593197;
 0.14795791, 0.29576769, 0.9437319, -2.0280373;
 0.25943273, -0.93242538, 0.25155044, -0.89274526;
 0, 0, 0, 1]
Ow:
[0.077461034;
 -0.33140153;
 2.2406726]
Keyframe: 56 Frame: 334 Frame from vFrameID : 335
Tcw:
[0.95263642, 0.14204003, 0.26890245, 0.083723605;
 0.21528326, 0.30955085, -0.92619187, -0.34312046;
 -0.21479529, 0.94021428, 0.26431057, 2.252707;
 0, 0, 0, 1]
Twc:
[0.95263642, 0.21528326, -0.21479529, 0.47798079;
 0.14204003, 0.30955085, 0.94021428, -2.0237062;
 0.26890245, -0.92619187, 0.26431057, -0.93572313;
 0, 0, 0, 1]
Ow:
[0.083723605;
 -0.34312046;
 2.252707]
Keyframe: 57 Frame: 338 Frame from vFrameID : 339
Tcw:
[0.96069515, 0.13468495, 0.24274436, 0.12268671;
 0.19583817, 0.29094028, -0.93648338, -0.36812001;
 -0.19675434, 0.94721365, 0.25312847, 2.2770145;
 0, 0, 0, 1]
Twc:
[0.96069515, 0.19583817, -0.19675434, 0.40223992;
 0.13468495, 0.29094028, 0.94721365, -2.0662425;
 0.24274436, -0.93648338, 0.25312847, -0.95089704;
 0, 0, 0, 1]
Ow:
[0.12268671;
 -0.36812001;
 2.2770145]
Keyframe: 58 Frame: 342 Frame from vFrameID : 343
Tcw:
[0.96981746, 0.1241283, 0.20987205, 0.13914707;
 0.169029, 0.27809957, -0.94556326, -0.37175161;
 -0.17573649, 0.9524982, 0.24872452, 2.3106816;
 0, 0, 0, 1]
Twc:
[0.96981746, 0.169029, -0.17573649, 0.33396056;
 0.1241283, 0.27809957, 0.9524982, -2.1148081;
 0.20987205, -0.94556326, 0.24872452, -0.95544088;
 0, 0, 0, 1]
Ow:
[0.13914707;
 -0.37175161;
 2.3106816]
Keyframe: 59 Frame: 345 Frame from vFrameID : 346
Tcw:
[0.97029728, 0.12759037, 0.20553307, 0.15995726;
 0.16175379, 0.28958192, -0.9433865, -0.38739467;
 -0.1798857, 0.94861108, 0.26034233, 2.3303635;
 0, 0, 0, 1]
Twc:
[0.97029728, 0.16175379, -0.1798857, 0.32665551;
 0.12759037, 0.28958192, 0.94861108, -2.1188352;
 0.20553307, -0.9433865, 0.26034233, -1.0050316;
 0, 0, 0, 1]
Ow:
[0.15995726;
 -0.38739467;
 2.3303635]
Keyframe: 60 Frame: 348 Frame from vFrameID : 349
Tcw:
[0.97047234, 0.13117361, 0.20242749, 0.16987278;
 0.15731405, 0.29198366, -0.94339699, -0.40492588;
 -0.18285431, 0.94738537, 0.26272663, 2.3557982;
 0, 0, 0, 1]
Twc:
[0.97047234, 0.15731405, -0.18285431, 0.3296116;
 0.13117361, 0.29198366, 0.94738537, -2.1359;
 0.20242749, -0.94339699, 0.26272663, -1.0353237;
 0, 0, 0, 1]
Ow:
[0.16987278;
 -0.40492588;
 2.3557982]
Keyframe: 61 Frame: 352 Frame from vFrameID : 353
Tcw:
[0.96558189, 0.14236061, 0.2176811, 0.19499411;
 0.17164907, 0.2800197, -0.94452399, -0.42303318;
 -0.19541802, 0.94938004, 0.24594589, 2.3900583;
 0, 0, 0, 1]
Twc:
[0.96558189, 0.17164907, -0.19541802, 0.3513909;
 0.14236061, 0.2800197, 0.94938004, -2.1783755;
 0.2176811, -0.94452399, 0.24594589, -1.0298365;
 0, 0, 0, 1]
Ow:
[0.19499411;
 -0.42303318;
 2.3900583]
Keyframe: 62 Frame: 356 Frame from vFrameID : 357
Tcw:
[0.96627223, 0.14147425, 0.21518144, 0.20994498;
 0.17390962, 0.25778115, -0.95042324, -0.43398231;
 -0.18993013, 0.95578969, 0.22448303, 2.4328322;
 0, 0, 0, 1]
Twc:
[0.96627223, 0.17390962, -0.18993013, 0.33467782;
 0.14147425, 0.25778115, 0.95578969, -2.2431052;
 0.21518144, -0.95042324, 0.22448303, -1.0037726;
 0, 0, 0, 1]
Ow:
[0.20994498;
 -0.43398231;
 2.4328322]
Keyframe: 63 Frame: 360 Frame from vFrameID : 361
Tcw:
[0.95316255, 0.15924153, 0.25714442, 0.14311391;
 0.2083395, 0.27065209, -0.93986279, -0.43453032;
 -0.21926187, 0.94941539, 0.22479914, 2.4844713;
 0, 0, 0, 1]
Twc:
[0.95316255, 0.2083395, -0.21926187, 0.49886882;
 0.15924153, 0.27065209, 0.94941539, -2.2639785;
 0.25714442, -0.93986279, 0.22479914, -1.0037068;
 0, 0, 0, 1]
Ow:
[0.14311391;
 -0.43453032;
 2.4844713]
Keyframe: 64 Frame: 365 Frame from vFrameID : 366
Tcw:
[0.95067942, 0.14990482, 0.27154586, 0.12994415;
 0.22301397, 0.27811405, -0.93430048, -0.41071653;
 -0.21557686, 0.94877875, 0.23096643, 2.5726635;
 0, 0, 0, 1]
Twc:
[0.95067942, 0.22301397, -0.21557686, 0.52266699;
 0.14990482, 0.27811405, 0.94877875, -2.3461416;
 0.27154586, -0.93430048, 0.23096643, -1.0132173;
 0, 0, 0, 1]
Ow:
[0.12994415;
 -0.41071653;
 2.5726635]
Keyframe: 65 Frame: 370 Frame from vFrameID : 371
Tcw:
[0.95800269, 0.14799377, 0.245619, 0.18100372;
 0.20161535, 0.26147312, -0.943919, -0.47108632;
 -0.20391689, 0.95379746, 0.22065414, 2.6154246;
 0, 0, 0, 1]
Twc:
[0.95800269, 0.20161535, -0.20391689, 0.45490548;
 0.14799377, 0.26147312, 0.95379746, -2.3981965;
 0.245619, -0.943919, 0.22065414, -1.0662296;
 0, 0, 0, 1]
Ow:
[0.18100372;
 -0.47108632;
 2.6154246]
Keyframe: 66 Frame: 375 Frame from vFrameID : 376
Tcw:
[0.96576011, 0.1439475, 0.21583916, 0.16751975;
 0.17440149, 0.2557151, -0.95089114, -0.44460076;
 -0.19207172, 0.95597535, 0.22185478, 2.6796346;
 0, 0, 0, 1]
Twc:
[0.96576011, 0.17440149, -0.19207172, 0.43043721;
 0.1439475, 0.2557151, 0.95597535, -2.4720879;
 0.21583916, -0.95089114, 0.22185478, -1.053414;
 0, 0, 0, 1]
Ow:
[0.16751975;
 -0.44460076;
 2.6796346]
Keyframe: 67 Frame: 380 Frame from vFrameID : 381
Tcw:
[0.96536016, 0.14619036, 0.21612062, 0.24139656;
 0.1707667, 0.27227032, -0.94694644, -0.48417097;
 -0.19727767, 0.95105058, 0.23787448, 2.670433;
 0, 0, 0, 1]
Twc:
[0.96536016, 0.1707667, -0.19727767, 0.37646252;
 0.14619036, 0.27227032, 0.95105058, -2.4431815;
 0.21612062, -0.94694644, 0.23787448, -1.1458827;
 0, 0, 0, 1]
Ow:
[0.24139656;
 -0.48417097;
 2.670433]
Keyframe: 68 Frame: 386 Frame from vFrameID : 387
Tcw:
[0.95817816, 0.12525894, 0.25730297, 0.21410811;
 0.21889593, 0.25835428, -0.94092381, -0.49134398;
 -0.18433444, 0.95789522, 0.22013076, 2.718297;
 0, 0, 0, 1]
Twc:
[0.95817816, 0.21889593, -0.18433444, 0.40347528;
 0.12525894, 0.25835428, 0.95789522, -2.503722;
 0.25730297, -0.94092381, 0.22013076, -1.1157887;
 0, 0, 0, 1]
Ow:
[0.21410811;
 -0.49134398;
 2.718297]
Keyframe: 69 Frame: 392 Frame from vFrameID : 393
Tcw:
[0.94770688, 0.15970129, 0.27630997, 0.23095506;
 0.23028588, 0.25721386, -0.93851447, -0.52937913;
 -0.22095272, 0.95306689, 0.2069864, 2.7305768;
 0, 0, 0, 1]
Twc:
[0.94770688, 0.23028588, -0.22095272, 0.50635922;
 0.15970129, 0.25721386, 0.95306689, -2.5031426;
 0.27630997, -0.93851447, 0.2069864, -1.1258374;
 0, 0, 0, 1]
Ow:
[0.23095506;
 -0.52937913;
 2.7305768]
Keyframe: 70 Frame: 399 Frame from vFrameID : 400
Tcw:
[0.94382954, 0.17325951, 0.2813662, 0.085304201;
 0.23275594, 0.25580728, -0.93828958, -0.42909896;
 -0.23454311, 0.95107508, 0.20111129, 2.9001913;
 0, 0, 0, 1]
Twc:
[0.94382954, 0.23275594, -0.23454311, 0.69958258;
 0.17325951, 0.25580728, 0.95107508, -2.6633127;
 0.2813662, -0.93828958, 0.20111129, -1.009882;
 0, 0, 0, 1]
Ow:
[0.085304201;
 -0.42909896;
 2.9001913]
Keyframe: 71 Frame: 406 Frame from vFrameID : 407
Tcw:
[0.9519527, 0.17397156, 0.25203174, 0.074769855;
 0.20473707, 0.25049019, -0.94622272, -0.45769763;
 -0.22774732, 0.9523595, 0.20283638, 3.0069499;
 0, 0, 0, 1]
Twc:
[0.9519527, 0.20473707, -0.22774732, 0.70735508;
 0.17397156, 0.25049019, 0.9523595, -2.7620564;
 0.25203174, -0.94622272, 0.20283638, -1.0618471;
 0, 0, 0, 1]
Ow:
[0.074769855;
 -0.45769763;
 3.0069499]
Keyframe: 72 Frame: 414 Frame from vFrameID : 415
Tcw:
[0.9468019, 0.16592827, 0.27574262, 0.065903813;
 0.22018398, 0.29088905, -0.93107605, -0.5054304;
 -0.23470235, 0.94225866, 0.23887955, 3.0168912;
 0, 0, 0, 1]
Twc:
[0.9468019, 0.22018398, -0.23470235, 0.75696129;
 0.16592827, 0.29088905, 0.94225866, -2.7066031;
 0.27574262, -0.93107605, 0.23887955, -1.2094402;
 0, 0, 0, 1]
Ow:
[0.065903813;
 -0.5054304;
 3.0168912]
Keyframe: 73 Frame: 421 Frame from vFrameID : 422
Tcw:
[0.92301303, 0.23036331, 0.30818775, 0.12695137;
 0.22520477, 0.32599545, -0.91815567, -0.56244242;
 -0.31197718, 0.91687495, 0.24901913, 3.0064621;
 0, 0, 0, 1]
Twc:
[0.92301303, 0.22520477, -0.31197718, 0.94743454;
 0.23036331, 0.32599545, 0.91687495, -2.6024413;
 0.30818775, -0.91815567, 0.24901913, -1.3042011;
 0, 0, 0, 1]
Ow:
[0.12695137;
 -0.56244242;
 3.0064621]
Keyframe: 74 Frame: 428 Frame from vFrameID : 429
Tcw:
[0.91718268, 0.2010078, 0.34405202, 0.054651678;
 0.27614394, 0.30183122, -0.91249245, -0.56482553;
 -0.28726372, 0.93193012, 0.22132728, 3.1578622;
 0, 0, 0, 1]
Twc:
[0.91718268, 0.27614394, -0.28726372, 1.0129869;
 0.2010078, 0.30183122, 0.93193012, -2.7834105;
 0.34405202, -0.91249245, 0.22132728, -1.2331231;
 0, 0, 0, 1]
Ow:
[0.054651678;
 -0.56482553;
 3.1578622]
Keyframe: 75 Frame: 435 Frame from vFrameID : 436
Tcw:
[0.93929744, 0.18513656, 0.28886816, 0.11656889;
 0.23368907, 0.27123889, -0.93371242, -0.54427028;
 -0.25121659, 0.94453901, 0.2115096, 3.2309692;
 0, 0, 0, 1]
Twc:
[0.93929744, 0.23368907, -0.25121659, 0.82937014;
 0.18513656, 0.27123889, 0.94453901, -2.9257302;
 0.28886816, -0.93371242, 0.2115096, -1.225246;
 0, 0, 0, 1]
Ow:
[0.11656889;
 -0.54427028;
 3.2309692]
Keyframe: 76 Frame: 443 Frame from vFrameID : 444
Tcw:
[0.93894297, 0.16766156, 0.30045912, 0.13324547;
 0.23677108, 0.31875589, -0.91778761, -0.58560646;
 -0.24965082, 0.9328903, 0.2595962, 3.2512338;
 0, 0, 0, 1]
Twc:
[0.93894297, 0.23677108, -0.24965082, 0.82521802;
 0.16766156, 0.31875589, 0.9328903, -2.8687191;
 0.30045912, -0.91778761, 0.2595962, -1.4215052;
 0, 0, 0, 1]
Ow:
[0.13324547;
 -0.58560646;
 3.2512338]
Keyframe: 77 Frame: 451 Frame from vFrameID : 452
Tcw:
[0.93828166, 0.15045291, 0.31143445, 0.050623626;
 0.25509781, 0.30702588, -0.91687524, -0.60921878;
 -0.23356499, 0.93973351, 0.24969654, 3.3210509;
 0, 0, 0, 1]
Twc:
[0.93828166, 0.25509781, -0.23356499, 0.88359237;
 0.15045291, 0.30702588, 0.93973351, -2.9414732;
 0.31143445, -0.91687524, 0.24969654, -1.4035985;
 0, 0, 0, 1]
Ow:
[0.050623626;
 -0.60921878;
 3.3210509]
Keyframe: 78 Frame: 458 Frame from vFrameID : 459
Tcw:
[0.91379803, 0.17128786, 0.36828464, -0.090280294;
 0.29471746, 0.34431067, -0.89139879, -0.69303691;
 -0.27949014, 0.92309839, 0.26414889, 3.5005157;
 0, 0, 0, 1]
Twc:
[0.91379803, 0.29471746, -0.27949014, 1.2651076;
 0.17128786, 0.34431067, 0.92309839, -2.9772363;
 0.36828464, -0.89139879, 0.26414889, -1.5091807;
 0, 0, 0, 1]
Ow:
[-0.090280294;
 -0.69303691;
 3.5005157]
Keyframe: 79 Frame: 463 Frame from vFrameID : 464
Tcw:
[0.92769986, 0.19182897, 0.32027262, 0.069242626;
 0.24488574, 0.33484879, -0.90989411, -0.56754887;
 -0.28178695, 0.92253888, 0.26366299, 3.5577376;
 0, 0, 0, 1]
Twc:
[0.92769986, 0.24488574, -0.28178695, 1.0772723;
 0.19182897, 0.33484879, 0.92253888, -3.1053908;
 0.32027262, -0.90989411, 0.26366299, -1.4766297;
 0, 0, 0, 1]
Ow:
[0.069242626;
 -0.56754887;
 3.5577376]
Keyframe: 80 Frame: 470 Frame from vFrameID : 471
Tcw:
[0.93167788, 0.19079933, 0.30914712, 0.13658202;
 0.22118738, 0.37713981, -0.89935631, -0.62190038;
 -0.28818825, 0.90628982, 0.3091704, 3.5339513;
 0, 0, 0, 1]
Twc:
[0.93167788, 0.22118738, -0.28818825, 1.0287493;
 0.19079933, 0.37713981, 0.90628982, -2.9943004;
 0.30914712, -0.89935631, 0.3091704, -1.6941271;
 0, 0, 0, 1]
Ow:
[0.13658202;
 -0.62190038;
 3.5339513]
Keyframe: 81 Frame: 477 Frame from vFrameID : 478
Tcw:
[0.92140412, 0.23235938, 0.31148607, 0.085192561;
 0.21042125, 0.37555403, -0.90259743, -0.6125139;
 -0.32670683, 0.89720023, 0.29714367, 3.6164384;
 0, 0, 0, 1]
Twc:
[0.92140412, 0.21042125, -0.32670683, 1.2319043;
 0.23235938, 0.37555403, 0.89720023, -3.0344326;
 0.31148607, -0.90259743, 0.29714367, -1.6539915;
 0, 0, 0, 1]
Ow:
[0.085192561;
 -0.6125139;
 3.6164384]
Keyframe: 82 Frame: 482 Frame from vFrameID : 483
Tcw:
[0.91572893, 0.25477293, 0.31069481, 0.077444851;
 0.20850016, 0.35969344, -0.90947694, -0.57579398;
 -0.343465, 0.8976143, 0.27626151, 3.5972817;
 0, 0, 0, 1]
Twc:
[0.91572893, 0.20850016, -0.343465, 1.284675;
 0.25477293, 0.35969344, 0.8976143, -3.0415928;
 0.31069481, -0.90947694, 0.27626151, -1.5415235;
 0, 0, 0, 1]
Ow:
[0.077444851;
 -0.57579398;
 3.5972817]
Keyframe: 83 Frame: 489 Frame from vFrameID : 490
Tcw:
[0.88904077, 0.26719311, 0.37177193, 0.07698524;
 0.2344256, 0.43183383, -0.87095588, -0.66077805;
 -0.39325711, 0.86146814, 0.32128099, 3.6657741;
 0, 0, 0, 1]
Twc:
[0.88904077, 0.2344256, -0.39325711, 1.5280521;
 0.26719311, 0.43183383, 0.86146814, -2.8931713;
 0.37177193, -0.87095588, 0.32128099, -1.7818731;
 0, 0, 0, 1]
Ow:
[0.07698524;
 -0.66077805;
 3.6657741]
Keyframe: 84 Frame: 495 Frame from vFrameID : 496
Tcw:
[0.90974331, 0.23930778, 0.33926225, 0.18603611;
 0.22395651, 0.40520585, -0.88636994, -0.78999841;
 -0.34958628, 0.88234913, 0.31503877, 3.7099724;
 0, 0, 0, 1]
Twc:
[0.90974331, 0.22395651, -0.34958628, 1.3046356;
 0.23930778, 0.40520585, 0.88234913, -2.9978988;
 0.33926225, -0.88636994, 0.31503877, -1.9321312;
 0, 0, 0, 1]
Ow:
[0.18603611;
 -0.78999841;
 3.7099724]
Keyframe: 85 Frame: 499 Frame from vFrameID : 500
Tcw:
[0.90983409, 0.25085577, 0.33056515, 0.18009669;
 0.20283976, 0.42610085, -0.88164282, -0.74270248;
 -0.36201927, 0.86920047, 0.33679754, 3.7151742;
 0, 0, 0, 1]
Twc:
[0.90983409, 0.20283976, -0.36201927, 1.3317562;
 0.25085577, 0.42610085, 0.86920047, -2.9579432;
 0.33056515, -0.88164282, 0.33679754, -1.9655935;
 0, 0, 0, 1]
Ow:
[0.18009669;
 -0.74270248;
 3.7151742]
Keyframe: 86 Frame: 502 Frame from vFrameID : 503
Tcw:
[0.91211647, 0.24486247, 0.32876429, 0.1969977;
 0.19815829, 0.43870413, -0.87651128, -0.76211393;
 -0.35885495, 0.86462772, 0.35162771, 3.7232623;
 0, 0, 0, 1]
Twc:
[0.91211647, 0.19815829, -0.35885495, 1.3074455;
 0.24486247, 0.43870413, 0.86462772, -2.9331307;
 0.32876429, -0.87651128, 0.35162771, -2.0419695;
 0, 0, 0, 1]
Ow:
[0.1969977;
 -0.76211393;
 3.7232623]
Keyframe: 87 Frame: 507 Frame from vFrameID : 508
Tcw:
[0.90594834, 0.24712203, 0.34378523, 0.062858939;
 0.2187508, 0.42200717, -0.87980568, -0.62740529;
 -0.36249921, 0.87226182, 0.32825854, 3.7671981;
 0, 0, 0, 1]
Twc:
[0.90594834, 0.2187508, -0.36249921, 1.4459049;
 0.24712203, 0.42200717, 0.87226182, -3.0367475;
 0.34378523, -0.87980568, 0.32825854, -1.8102196;
 0, 0, 0, 1]
Ow:
[0.062858939;
 -0.62740529;
 3.7671981]
Keyframe: 88 Frame: 511 Frame from vFrameID : 512
Tcw:
[0.8934927, 0.23744068, 0.38117287, -0.071767509;
 0.27333438, 0.38591921, -0.88110989, -0.61578745;
 -0.35631326, 0.89145291, 0.2799153, 3.9050686;
 0, 0, 0, 1]
Twc:
[0.8934927, 0.27333438, -0.35631326, 1.6238674;
 0.23744068, 0.38591921, 0.89145291, -3.2265;
 0.38117287, -0.88110989, 0.2799153, -1.608309;
 0, 0, 0, 1]
Ow:
[-0.071767509;
 -0.61578745;
 3.9050686]
Keyframe: 89 Frame: 516 Frame from vFrameID : 517
Tcw:
[0.88063681, 0.28809369, 0.3761394, 0.20526487;
 0.25399479, 0.3831076, -0.88809639, -0.78384703;
 -0.39995685, 0.87762779, 0.26420435, 4.2176256;
 0, 0, 0, 1]
Twc:
[0.88063681, 0.25399479, -0.39995685, 1.7051973;
 0.28809369, 0.3831076, 0.87762779, -3.4603431;
 0.3761394, -0.88809639, 0.26420435, -1.8876549;
 0, 0, 0, 1]
Ow:
[0.20526487;
 -0.78384703;
 4.2176256]
Keyframe: 90 Frame: 519 Frame from vFrameID : 520
Tcw:
[0.94597614, 0.23148628, 0.22703138, 0.12013561;
 0.13173054, 0.36541992, -0.92147458, -0.47198188;
 -0.29627049, 0.90159988, 0.31518471, 3.9017129;
 0, 0, 0, 1]
Twc:
[0.94597614, 0.13173054, -0.29627049, 1.1044915;
 0.23148628, 0.36541992, 0.90159988, -3.3731222;
 0.22703138, -0.92147458, 0.31518471, -1.691954;
 0, 0, 0, 1]
Ow:
[0.12013561;
 -0.47198188;
 3.9017129]
Keyframe: 91 Frame: 521 Frame from vFrameID : 522
Tcw:
[0.88245821, 0.31042516, 0.35341722, 0.029498518;
 0.21430337, 0.40350962, -0.88952464, -0.62680697;
 -0.41873807, 0.86070681, 0.28955522, 3.9360883;
 0, 0, 0, 1]
Twc:
[0.88245821, 0.21430337, -0.41873807, 1.7564857;
 0.31042516, 0.40350962, 0.86070681, -3.1440525;
 0.35341722, -0.88952464, 0.28955522, -1.7077004;
 0, 0, 0, 1]
Ow:
[0.029498518;
 -0.62680697;
 3.9360883]
Keyframe: 92 Frame: 525 Frame from vFrameID : 526
Tcw:
[0.90412885, 0.25283596, 0.34441984, 0.1922183;
 0.23066704, 0.38969305, -0.89158964, -0.82389343;
 -0.35964391, 0.88555819, 0.2940118, 3.95082;
 0, 0, 0, 1]
Twc:
[0.90412885, 0.23066704, -0.35964391, 1.4371433;
 0.25283596, 0.38969305, 0.88555819, -3.2262151;
 0.34441984, -0.89158964, 0.2940118, -1.9623663;
 0, 0, 0, 1]
Ow:
[0.1922183;
 -0.82389343;
 3.95082]
Keyframe: 93 Frame: 530 Frame from vFrameID : 531
Tcw:
[0.90258914, 0.26322496, 0.34065452, 0.45832354;
 0.20418867, 0.43486938, -0.877038, -0.81595874;
