Keyframe: 0 Frame: 0 Frame from vFrameID : 11
Tcw:
[1, 0, 0, 0;
 0, 1, 0, 0;
 0, 0, 1, 0;
 0, 0, 0, 1]
Twc:
[1, 0, 0, 0;
 0, 1, 0, 0;
 0, 0, 1, 0;
 0, 0, 0, 1]
Ow:
[0;
 0;
 0]
Keyframe: 1 Frame: 10 Frame from vFrameID : 11
Tcw:
[0.99223876, 0.016242925, -0.12328189, 0.015749905;
 -0.011628122, 0.99920779, 0.038060602, -0.00057284656;
 0.12380244, -0.036331668, 0.99164158, -0.00029722857;
 0, 0, 0, 1]
Twc:
[0.99223876, -0.011628122, 0.12380244, -0.01559753;
 0.016242925, 0.99920779, -0.036331668, 0.00030576941;
 -0.12328189, 0.038060602, 0.99164158, 0.0022582251;
 0, 0, 0, 1]
Ow:
[0.015749905;
 -0.00057284656;
 -0.00029722857]
Keyframe: 2 Frame: 12 Frame from vFrameID : 13
Tcw:
[0.9816519, -0.0016084891, -0.19067489, 0.02264782;
 0.0051248665, 0.99982578, 0.017950064, 0.0061300383;
 0.19061278, -0.018597899, 0.98148912, 0.0027135389;
 0, 0, 0, 1]
Twc:
[0.9816519, 0.0051248665, 0.19061278, -0.022780929;
 -0.0016084891, 0.99982578, -0.018597899, -0.0060420753;
 -0.19067489, 0.017950064, 0.98148912, 0.0015450269;
 0, 0, 0, 1]
Ow:
[0.02264782;
 0.0061300383;
 0.0027135389]
Keyframe: 3 Frame: 14 Frame from vFrameID : 15
Tcw:
[0.97815663, -0.020113843, -0.20689376, 0.030205429;
 0.022003835, 0.99973452, 0.0068377899, 0.0045329672;
 0.20670129, -0.011240886, 0.97833949, 0.004836299;
 0, 0, 0, 1]
Twc:
[0.97815663, 0.022003835, 0.20670129, -0.030645054;
 -0.020113843, 0.99973452, -0.011240886, -0.0038698523;
 -0.20689376, 0.0068377899, 0.97833949, 0.0014867769;
 0, 0, 0, 1]
Ow:
[0.030205429;
 0.0045329672;
 0.004836299]
Keyframe: 4 Frame: 16 Frame from vFrameID : 17
Tcw:
[0.98140085, 0.01901022, -0.19102623, 0.022102918;
 -0.01204781, 0.9992224, 0.037543043, -0.0035965382;
 0.19159138, -0.034543328, 0.98086673, -0.0079819318;
 0, 0, 0, 1]
Twc:
[0.98140085, -0.01204781, 0.19159138, -0.020205883;
 0.01901022, 0.9992224, -0.034543328, 0.0028978377;
 -0.19102623, 0.037543043, 0.98086673, 0.012186472;
 0, 0, 0, 1]
Ow:
[0.022102918;
 -0.0035965382;
 -0.0079819318]
Keyframe: 5 Frame: 18 Frame from vFrameID : 19
Tcw:
[0.9834742, 0.053038012, -0.17310546, 0.01601968;
 -0.040247172, 0.99625051, 0.076583907, -0.0074377675;
 0.17651826, -0.068351291, 0.98192126, -0.014067537;
 0, 0, 0, 1]
Twc:
[0.9834742, -0.040247172, 0.17651826, -0.013571113;
 0.053038012, 0.99625051, -0.068351291, 0.0055986936;
 -0.17310546, 0.076583907, 0.98192126, 0.017155923;
 0, 0, 0, 1]
Ow:
[0.01601968;
 -0.0074377675;
 -0.014067537]
Keyframe: 6 Frame: 21 Frame from vFrameID : 22
Tcw:
[0.98516572, 0.041448742, -0.16652498, 0.02148491;
 -0.028849741, 0.9965843, 0.077378124, -0.001752394;
 0.16916341, -0.071426071, 0.98299646, -0.0075915223;
 0, 0, 0, 1]
Twc:
[0.98516572, -0.028849741, 0.16916341, -0.019932546;
 0.041448742, 0.9965843, -0.071426071, 0.00031365341;
 -0.16652498, 0.077378124, 0.98299646, 0.01117581;
 0, 0, 0, 1]
Ow:
[0.02148491;
 -0.001752394;
 -0.0075915223]
Keyframe: 7 Frame: 23 Frame from vFrameID : 24
Tcw:
[0.9834891, 0.039280795, -0.17665268, 0.022504661;
 -0.027499937, 0.99726164, 0.068650767, -0.0014291432;
 0.17886561, -0.062659346, 0.98187619, -0.0083025517;
 0, 0, 0, 1]
Twc:
[0.9834891, -0.027499937, 0.17886561, -0.020687349;
 0.039280795, 0.99726164, -0.062659346, 2.0996329e-05;
 -0.17665268, 0.068650767, 0.98187619, 0.0122257;
 0, 0, 0, 1]
Ow:
[0.022504661;
 -0.0014291432;
 -0.0083025517]
Keyframe: 8 Frame: 25 Frame from vFrameID : 26
Tcw:
[0.98172927, 0.041196972, -0.18576987, 0.024815716;
 -0.029987145, 0.99757838, 0.062754795, 0.00049590692;
 0.18790531, -0.056037512, 0.98058724, -0.0072377012;
 0, 0, 0, 1]
Twc:
[0.98172927, -0.029987145, 0.18790531, -0.022987442;
 0.041196972, 0.99757838, -0.056037512, -0.0019226212;
 -0.18576987, 0.062754795, 0.98058724, 0.01167609;
 0, 0, 0, 1]
Ow:
[0.024815716;
 0.00049590692;
 -0.0072377012]
Keyframe: 9 Frame: 27 Frame from vFrameID : 28
Tcw:
[0.97659945, 0.032982398, -0.21252224, 0.024113573;
 -0.022697717, 0.99845833, 0.050653387, -0.00058320689;
 0.21386527, -0.0446443, 0.97584248, -0.0086848214;
 0, 0, 0, 1]
Twc:
[0.97659945, -0.022697717, 0.21386527, -0.021705156;
 0.032982398, 0.99845833, -0.0446443, -0.0006007434;
 -0.21252224, 0.050653387, 0.97584248, 0.01362923;
 0, 0, 0, 1]
Ow:
[0.024113573;
 -0.00058320689;
 -0.0086848214]
Keyframe: 10 Frame: 29 Frame from vFrameID : 30
Tcw:
[0.97333604, 0.034874041, -0.22671743, 0.025223617;
 -0.024064982, 0.99844581, 0.050267532, -0.0011005176;
 0.22811811, -0.043471247, 0.97266251, -0.010771823;
 0, 0, 0, 1]
Twc:
[0.97333604, -0.024064982, 0.22811811, -0.02212029;
 0.034874041, 0.99844581, -0.043471247, -0.00024910687;
 -0.22671743, 0.050267532, 0.97266251, 0.016251303;
 0, 0, 0, 1]
Ow:
[0.025223617;
 -0.0011005176;
 -0.010771823]
Keyframe: 11 Frame: 32 Frame from vFrameID : 33
Tcw:
[0.97243935, 0.040315088, -0.22964419, 0.025272744;
 -0.030368615, 0.99844795, 0.046684742, -0.001475987;
 0.23116986, -0.038424104, 0.97215438, -0.011860093;
 0, 0, 0, 1]
Twc:
[0.97243935, -0.030368615, 0.23116986, -0.021879338;
 0.040315088, 0.99844795, -0.038424104, -8.9012178e-07;
 -0.22964419, 0.046684742, 0.97215438, 0.017402487;
 0, 0, 0, 1]
Ow:
[0.025272744;
 -0.001475987;
 -0.011860093]
Keyframe: 12 Frame: 33 Frame from vFrameID : 34
Tcw:
[0.97226614, 0.040523786, -0.23033966, 0.025106555;
 -0.031341415, 0.99856669, 0.043385942, -0.0015849237;
 0.23176767, -0.034963511, 0.97214264, -0.012469959;
 0, 0, 0, 1]
Twc:
[0.97226614, -0.031341415, 0.23176767, -0.021569796;
 0.040523786, 0.99856669, -0.034963511, 0.0001292458;
 -0.23033966, 0.043385942, 0.97214264, 0.017974377;
 0, 0, 0, 1]
Ow:
[0.025106555;
 -0.0015849237;
 -0.012469959]
Keyframe: 13 Frame: 35 Frame from vFrameID : 36
Tcw:
[0.97092432, 0.042105556, -0.23565462, 0.025256803;
 -0.032329503, 0.99845481, 0.045197483, -0.0018375805;
 0.23719355, -0.036264736, 0.97078532, -0.013791276;
 0, 0, 0, 1]
Twc:
[0.97092432, -0.032329503, 0.23719355, -0.02131065;
 0.042105556, 0.99845481, -0.036264736, 0.00027115224;
 -0.23565462, 0.045197483, 0.97078532, 0.019423304;
 0, 0, 0, 1]
Ow:
[0.025256803;
 -0.0018375805;
 -0.013791276]
Keyframe: 14 Frame: 38 Frame from vFrameID : 39
Tcw:
[0.96990651, 0.05025107, -0.23823565, 0.025037378;
 -0.039031774, 0.99790573, 0.051581945, -0.0021913517;
 0.24032877, -0.040730905, 0.96983665, -0.013849434;
 0, 0, 0, 1]
Twc:
[0.96990651, -0.039031774, 0.24032877, -0.021041032;
 0.05025107, 0.99790573, -0.040730905, 0.0003645074;
 -0.23823565, 0.051581945, 0.96983665, 0.019509519;
 0, 0, 0, 1]
Ow:
[0.025037378;
 -0.0021913517;
 -0.013849434]
Keyframe: 15 Frame: 41 Frame from vFrameID : 42
Tcw:
[0.97063231, 0.051022027, -0.2350949, 0.025394291;
 -0.040646836, 0.99798256, 0.048771612, -0.0023846766;
 0.23710904, -0.03778344, 0.97074801, -0.014497302;
 0, 0, 0, 1]
Twc:
[0.97063231, -0.040646836, 0.23710904, -0.021308009;
 0.051022027, 0.99798256, -0.03778344, 0.00053643942;
 -0.2350949, 0.048771612, 0.97074801, 0.0201596;
 0, 0, 0, 1]
Ow:
[0.025394291;
 -0.0023846766;
 -0.014497302]
Keyframe: 16 Frame: 43 Frame from vFrameID : 44
Tcw:
[0.9708724, 0.050538417, -0.23420647, 0.024757329;
 -0.040933706, 0.99811649, 0.04569396, -0.0018700872;
 0.23607463, -0.034776065, 0.97111243, -0.014721233;
 0, 0, 0, 1]
Twc:
[0.9708724, -0.040933706, 0.23607463, -0.020637445;
 0.050538417, 0.99811649, -0.034776065, 0.0001034221;
 -0.23420647, 0.04569396, 0.97111243, 0.020179752;
 0, 0, 0, 1]
Ow:
[0.024757329;
 -0.0018700872;
 -0.014721233]
Keyframe: 17 Frame: 46 Frame from vFrameID : 47
Tcw:
[0.97044009, 0.04787948, -0.236545, 0.024696056;
 -0.038046993, 0.99821842, 0.045961034, -0.0019225206;
 0.23832415, -0.035602603, 0.97053289, -0.014623796;
 0, 0, 0, 1]
Twc:
[0.97044009, -0.038046993, 0.23832415, -0.020553987;
 0.04787948, 0.99821842, -0.035602603, 0.00021601576;
 -0.236545, 0.045961034, 0.97053289, 0.020122964;
 0, 0, 0, 1]
Ow:
[0.024696056;
 -0.0019225206;
 -0.014623796]
Keyframe: 18 Frame: 49 Frame from vFrameID : 50
Tcw:
[0.97053915, 0.044149242, -0.23686405, 0.024278387;
 -0.031092243, 0.99779832, 0.058581285, -0.0019688024;
 0.23892887, -0.049490795, 0.96977508, -0.014044095;
 0, 0, 0, 1]
Twc:
[0.97053915, -0.031092243, 0.23892887, -0.020268802;
 0.044149242, 0.99779832, -0.049490795, 0.00019754194;
 -0.23686405, 0.058581285, 0.96977508, 0.019485625;
 0, 0, 0, 1]
Ow:
[0.024278387;
 -0.0019688024;
 -0.014044095]
Keyframe: 19 Frame: 52 Frame from vFrameID : 53
Tcw:
[0.97071177, 0.039826941, -0.23692305, 0.023463517;
 -0.02618482, 0.99782759, 0.060452148, -0.0018629453;
 0.23881598, -0.052477822, 0.9696458, -0.013748119;
 0, 0, 0, 1]
Twc:
[0.97071177, -0.02618482, 0.23881598, -0.019541822;
 0.039826941, 0.99782759, -0.052477822, 0.00020294679;
 -0.23692305, 0.060452148, 0.9696458, 0.019002473;
 0, 0, 0, 1]
Ow:
[0.023463517;
 -0.0018629453;
 -0.013748119]
Keyframe: 20 Frame: 55 Frame from vFrameID : 56
Tcw:
[0.97064847, 0.033380114, -0.23817503, 0.02505517;
 -0.01913357, 0.99790025, 0.06187908, -0.0024760109;
 0.23974046, -0.055505697, 0.96924901, -0.013910033;
 0, 0, 0, 1]
Twc:
[0.97064847, -0.01913357, 0.23974046, -0.021032339;
 0.033380114, 0.99790025, -0.055505697, 0.0008623816;
 -0.23817503, 0.06187908, 0.96924901, 0.019603014;
 0, 0, 0, 1]
Ow:
[0.02505517;
 -0.0024760109;
 -0.013910033]
Keyframe: 21 Frame: 58 Frame from vFrameID : 59
Tcw:
[0.97353309, 0.040433776, -0.22494102, 0.026542427;
 -0.025123492, 0.99719429, 0.070515282, -0.002917001;
 0.22716109, -0.062997654, 0.97181743, -0.014636727;
 0, 0, 0, 1]
Twc:
[0.97353309, -0.025123492, 0.22716109, -0.02258832;
 0.040433776, 0.99719429, -0.062997654, 0.0009135268;
 -0.22494102, 0.070515282, 0.97181743, 0.020400399;
 0, 0, 0, 1]
Ow:
[0.026542427;
 -0.002917001;
 -0.014636727]
Keyframe: 22 Frame: 61 Frame from vFrameID : 62
Tcw:
[0.97010905, 0.04369041, -0.23870391, 0.027539439;
 -0.027402636, 0.99709034, 0.07113307, -0.0030615227;
 0.24111719, -0.06246572, 0.96848363, -0.015500812;
 0, 0, 0, 1]
Twc:
[0.97010905, -0.027402636, 0.24111719, -0.023062643;
 0.04369041, 0.99709034, -0.06246572, 0.00088113587;
 -0.23870391, 0.07113307, 0.96848363, 0.02180383;
 0, 0, 0, 1]
Ow:
[0.027539439;
 -0.0030615227;
 -0.015500812]
Keyframe: 23 Frame: 64 Frame from vFrameID : 65
Tcw:
[0.96468067, 0.045803934, -0.25940943, 0.029918754;
 -0.026194301, 0.9965657, 0.078553408, -0.003437923;
 0.26211661, -0.068983905, 0.96256745, -0.017359903;
 0, 0, 0, 1]
Twc:
[0.96468067, -0.026194301, 0.26211661, -0.024401778;
 0.045803934, 0.9965657, -0.068983905, 0.00085816561;
 -0.25940943, 0.078553408, 0.96256745, 0.024741346;
 0, 0, 0, 1]
Ow:
[0.029918754;
 -0.003437923;
 -0.017359903]
Keyframe: 24 Frame: 67 Frame from vFrameID : 68
Tcw:
[0.96169817, 0.054581735, -0.2686215, 0.03107091;
 -0.034431189, 0.99626666, 0.079165503, -0.0035599868;
 0.27193964, -0.066884361, 0.95998716, -0.018693283;
 0, 0, 0, 1]
Twc:
[0.96169817, -0.034431189, 0.27193964, -0.024919966;
 0.054581735, 0.99626666, -0.066884361, 0.00060050387;
 -0.2686215, 0.079165503, 0.95998716, 0.026573453;
 0, 0, 0, 1]
Ow:
[0.03107091;
 -0.0035599868;
 -0.018693283]
Keyframe: 25 Frame: 70 Frame from vFrameID : 71
Tcw:
[0.95537424, 0.04900793, -0.29130438, 0.030607246;
 -0.026685674, 0.99642831, 0.080115795, -0.0033964759;
 0.29419023, -0.068766914, 0.95326978, -0.021626851;
 0, 0, 0, 1]
Twc:
[0.95537424, -0.026685674, 0.29419023, -0.022969604;
 0.04900793, 0.99642831, -0.068766914, 0.00039713524;
 -0.29130438, 0.080115795, 0.95326978, 0.029804358;
 0, 0, 0, 1]
Ow:
[0.030607246;
 -0.0033964759;
 -0.021626851]
Keyframe: 26 Frame: 73 Frame from vFrameID : 74
Tcw:
[0.9533096, 0.051072333, -0.29764476, 0.031398363;
 -0.026796974, 0.99601388, 0.085077733, -0.003823465;
 0.30080342, -0.073129438, 0.9508782, -0.023747854;
 0, 0, 0, 1]
Twc:
[0.9533096, -0.026796974, 0.30080342, -0.022891382;
 0.051072333, 0.99601388, -0.073129438, 0.00046796931;
 -0.29764476, 0.085077733, 0.9508782, 0.032252166;
 0, 0, 0, 1]
Ow:
[0.031398363;
 -0.003823465;
 -0.023747854]
Keyframe: 27 Frame: 76 Frame from vFrameID : 77
Tcw:
[0.95542479, 0.048930727, -0.29115167, 0.029106073;
 -0.026461473, 0.99639368, 0.080618881, -0.0043022814;
 0.29404643, -0.069320977, 0.95327401, -0.026202472;
 0, 0, 0, 1]
Twc:
[0.95542479, -0.026461473, 0.29404643, -0.020217765;
 0.048930727, 0.99639368, -0.069320977, 0.0010462041;
 -0.29115167, 0.080618881, 0.95327401, 0.033799261;
 0, 0, 0, 1]
Ow:
[0.029106073;
 -0.0043022814;
 -0.026202472]
Keyframe: 28 Frame: 79 Frame from vFrameID : 80
Tcw:
[0.96066684, 0.044882238, -0.27405253, 0.027306795;
 -0.027686015, 0.99741566, 0.066298284, -0.0043697213;
 0.27631992, -0.05610314, 0.95942676, -0.029461134;
 0, 0, 0, 1]
Twc:
[0.96066684, -0.027686015, 0.27631992, -0.018213015;
 0.044882238, 0.99741566, -0.05610314, 0.0014799763;
 -0.27405253, 0.066298284, 0.95942676, 0.036039002;
 0, 0, 0, 1]
Ow:
[0.027306795;
 -0.0043697213;
 -0.029461134]
Keyframe: 29 Frame: 83 Frame from vFrameID : 84
Tcw:
[0.9650532, 0.028715771, -0.26047593, 0.023431338;
 -0.01279225, 0.99795526, 0.062623262, -0.0032442908;
 0.26174161, -0.057102706, 0.96344727, -0.031252425;
 0, 0, 0, 1]
Twc:
[0.9650532, -0.01279225, 0.26174161, -0.01447393;
 0.028715771, 0.99795526, -0.057102706, 0.00078021007;
 -0.26047593, 0.062623262, 0.96344727, 0.036416531;
 0, 0, 0, 1]
Ow:
[0.023431338;
 -0.0032442908;
 -0.031252425]
Keyframe: 30 Frame: 86 Frame from vFrameID : 87
Tcw:
[0.96434122, 0.017383451, -0.26409048, 0.018943813;
 -0.00031532117, 0.99791539, 0.064535215, -0.0020676819;
 0.26466179, -0.062150694, 0.96233642, -0.03357685;
 0, 0, 0, 1]
Twc:
[0.96434122, -0.00031532117, 0.26466179, -0.0093824426;
 0.017383451, 0.99791539, -0.062150694, -0.00035276217;
 -0.26409048, 0.064535215, 0.96233642, 0.037448548;
 0, 0, 0, 1]
Ow:
[0.018943813;
 -0.0020676819;
 -0.03357685]
Keyframe: 31 Frame: 89 Frame from vFrameID : 90
Tcw:
[0.96424407, 0.00035437345, -0.26501545, 0.017000204;
 0.02052038, 0.99689698, 0.075995296, -0.0011089497;
 0.26422006, -0.078716233, 0.96124476, -0.034533672;
 0, 0, 0, 1]
Twc:
[0.96424407, 0.02052038, 0.26422006, -0.0072451029;
 0.00035437345, 0.99689698, -0.078716233, -0.0016188765;
 -0.26501545, 0.075995296, 0.96124476, 0.037784904;
 0, 0, 0, 1]
Ow:
[0.017000204;
 -0.0011089497;
 -0.034533672]
Keyframe: 32 Frame: 93 Frame from vFrameID : 94
Tcw:
[0.96933854, 0.0070470585, -0.24562813, 0.014895924;
 0.015061077, 0.99600554, 0.088011868, -4.0681567e-05;
 0.24526721, -0.08901272, 0.9653604, -0.036004271;
 0, 0, 0, 1]
Twc:
[0.96933854, 0.015061077, 0.24526721, -0.0056079128;
 0.0070470585, 0.99600554, -0.08901272, -0.0032692915;
 -0.24562813, 0.088011868, 0.9653604, 0.038419537;
 0, 0, 0, 1]
Ow:
[0.014895924;
 -4.0681567e-05;
 -0.036004271]
Keyframe: 33 Frame: 97 Frame from vFrameID : 98
Tcw:
[0.96702641, 0.020283032, -0.25386706, 0.016291674;
 0.0020231612, 0.99618024, 0.087297685, -0.0006818145;
 0.254668, -0.084932782, 0.96329159, -0.038745441;
 0, 0, 0, 1]
Twc:
[0.96702641, 0.0020231612, 0.254668, -0.0058858749;
 0.020283032, 0.99618024, -0.084932782, -0.0029419924;
 -0.25386706, 0.087297685, 0.96329159, 0.041518595;
 0, 0, 0, 1]
Ow:
[0.016291674;
 -0.0006818145;
 -0.038745441]
Keyframe: 34 Frame: 100 Frame from vFrameID : 101
Tcw:
[0.96541691, 0.023878889, -0.25961509, 0.017568622;
 -0.0011479094, 0.99617636, 0.087357685, -0.00099603669;
 0.26070842, -0.084038571, 0.96175289, -0.040390391;
 0, 0, 0, 1]
Twc:
[0.96541691, -0.0011479094, 0.26070842, -0.0064320732;
 0.023878889, 0.99617636, -0.084038571, -0.0028216417;
 -0.25961509, 0.087357685, 0.96175289, 0.043493666;
 0, 0, 0, 1]
Ow:
[0.017568622;
 -0.00099603669;
 -0.040390391]
Keyframe: 35 Frame: 103 Frame from vFrameID : 104
Tcw:
[0.96436805, 0.031046385, -0.26273638, 0.02089233;
 -0.0095458683, 0.99652731, 0.082717285, -0.001638633;
 0.26439205, -0.077261858, 0.96131545, -0.044528279;
 0, 0, 0, 1]
Twc:
[0.96436805, -0.0095458683, 0.26439205, -0.0083906138;
 0.031046385, 0.99652731, -0.077261858, -0.0024560264;
 -0.26273638, 0.082717285, 0.96131545, 0.048430443;
 0, 0, 0, 1]
Ow:
[0.02089233;
 -0.001638633;
 -0.044528279]
Keyframe: 36 Frame: 106 Frame from vFrameID : 107
Tcw:
[0.96626633, 0.039683852, -0.25446913, 0.023281123;
 -0.01790618, 0.99601817, 0.087333575, -0.00099905534;
 0.25692162, -0.07983093, 0.96312946, -0.046644792;
 0, 0, 0, 1]
Twc:
[0.96626633, -0.01790618, 0.25692162, -0.0105296;
 0.039683852, 0.99601817, -0.07983093, -0.0036525037;
 -0.25446913, 0.087333575, 0.96312946, 0.050936546;
 0, 0, 0, 1]
Ow:
[0.023281123;
 -0.00099905534;
 -0.046644792]
Keyframe: 37 Frame: 109 Frame from vFrameID : 110
Tcw:
[0.96558458, 0.049418908, -0.25535125, 0.02369743;
 -0.026264932, 0.99529123, 0.093303613, -0.0013726433;
 0.2587598, -0.083385743, 0.96233582, -0.047086071;
 0, 0, 0, 1]
Twc:
[0.96558458, -0.026264932, 0.2587598, -0.010733942;
 0.049418908, 0.99529123, -0.083385743, -0.0037312279;
 -0.25535125, 0.093303613, 0.96233582, 0.051491849;
 0, 0, 0, 1]
Ow:
[0.02369743;
 -0.0013726433;
 -0.047086071]
Keyframe: 38 Frame: 112 Frame from vFrameID : 113
Tcw:
[0.95729548, 0.048177984, -0.28506884, 0.023451228;
 -0.023581125, 0.99574375, 0.08909715, -0.0018246891;
 0.28814805, -0.07857006, 0.95435709, -0.047544543;
 0, 0, 0, 1]
Twc:
[0.95729548, -0.023581125, 0.28814805, -0.0087929163;
 0.048177984, 0.99574375, -0.07857006, -0.0030484875;
 -0.28506884, 0.08909715, 0.95435709, 0.052222259;
 0, 0, 0, 1]
Ow:
[0.023451228;
 -0.0018246891;
 -0.047544543]
Keyframe: 39 Frame: 115 Frame from vFrameID : 116
Tcw:
[0.95014971, 0.044381633, -0.30861911, 0.023813209;
 -0.019195784, 0.99626637, 0.084171914, -0.0026020084;
 0.3112025, -0.07405173, 0.94745415, -0.04735326;
 0, 0, 0, 1]
Twc:
[0.95014971, -0.019195784, 0.3112025, -0.0079396078;
 0.044381633, 0.99626637, -0.07405173, -0.0019711663;
 -0.30861911, 0.084171914, 0.94745415, 0.052433267;
 0, 0, 0, 1]
Ow:
[0.023813209;
 -0.0026020084;
 -0.04735326]
Keyframe: 40 Frame: 118 Frame from vFrameID : 119
Tcw:
[0.94836807, 0.046183277, -0.31379145, 0.024228711;
 -0.022005171, 0.99653888, 0.080162883, -0.0027351209;
 0.31640756, -0.06911888, 0.9461019, -0.046173863;
 0, 0, 0, 1]
Twc:
[0.94836807, -0.022005171, 0.31640756, -0.0084281638;
 0.046183277, 0.99653888, -0.06911888, -0.001584793;
 -0.31379145, 0.080162883, 0.9461019, 0.051507197;
 0, 0, 0, 1]
Ow:
[0.024228711;
 -0.0027351209;
 -0.046173863]
Keyframe: 41 Frame: 121 Frame from vFrameID : 122
Tcw:
[0.9493354, 0.041253928, -0.31154525, 0.022519637;
 -0.015717272, 0.99633849, 0.084038883, -0.0032606616;
 0.31387147, -0.074884444, 0.94650781, -0.041311335;
 0, 0, 0, 1]
Twc:
[0.9493354, -0.015717272, 0.31387147, -0.0084634861;
 0.041253928, 0.99633849, -0.074884444, -0.00077387714;
 -0.31154525, 0.084038883, 0.94650781, 0.046391409;
 0, 0, 0, 1]
Ow:
[0.022519637;
 -0.0032606616;
 -0.041311335]
Keyframe: 42 Frame: 124 Frame from vFrameID : 125
Tcw:
[0.95134187, 0.040556937, -0.30545661, 0.021516951;
 -0.019719688, 0.99728161, 0.070997052, -0.004016459;
 0.3075057, -0.06151896, 0.94955552, -0.036237713;
 0, 0, 0, 1]
Twc:
[0.95134187, -0.019719688, 0.3075057, -0.0094058774;
 0.040556937, 0.99728161, -0.06151896, 0.00090357213;
 -0.30545661, 0.070997052, 0.94955552, 0.041267373;
 0, 0, 0, 1]
Ow:
[0.021516951;
 -0.004016459;
 -0.036237713]
Keyframe: 43 Frame: 128 Frame from vFrameID : 129
Tcw:
[0.95717329, 0.032395571, -0.28769749, 0.019100193;
 -0.022416539, 0.99902958, 0.037913509, -0.0043300092;
 0.28864655, -0.029840617, 0.95697057, -0.029556286;
 0, 0, 0, 1]
Twc:
[0.95717329, -0.022416539, 0.28864655, -0.0098479409;
 0.032395571, 0.99902958, -0.029840617, 0.0028250681;
 -0.28769749, 0.037913509, 0.95697057, 0.033943739;
 0, 0, 0, 1]
Ow:
[0.019100193;
 -0.0043300092;
 -0.029556286]
Keyframe: 44 Frame: 132 Frame from vFrameID : 133
Tcw:
[0.96294641, 0.016998671, -0.26915649, 0.015784536;
 -0.0057710977, 0.99908191, 0.042450424, -0.0034893032;
 0.26963097, -0.039324157, 0.96216047, -0.022652045;
 0, 0, 0, 1]
Twc:
[0.96294641, -0.0057710977, 0.26963097, -0.0091121066;
 0.016998671, 0.99908191, -0.039324157, 0.002327011;
 -0.26915649, 0.042450424, 0.96216047, 0.026191534;
 0, 0, 0, 1]
Ow:
[0.015784536;
 -0.0034893032;
 -0.022652045]
Keyframe: 45 Frame: 136 Frame from vFrameID : 137
Tcw:
[0.96424943, 0.015738251, -0.26452845, 0.01517024;
 -0.00030260178, 0.9982996, 0.058291294, -0.0033546542;
 0.26499605, -0.056127299, 0.9626146, -0.016925823;
 0, 0, 0, 1]
Twc:
[0.96424943, -0.00030260178, 0.26499605, -0.010143635;
 0.015738251, 0.9982996, -0.056127299, 0.002160196;
 -0.26452845, 0.058291294, 0.9626146, 0.02050155;
 0, 0, 0, 1]
Ow:
[0.01517024;
 -0.0033546542;
 -0.016925823]
Keyframe: 46 Frame: 140 Frame from vFrameID : 141
Tcw:
[0.96875215, 0.013729871, -0.24765058, 0.015999984;
 0.0033042848, 0.99766368, 0.068236575, -0.003232572;
 0.24800886, -0.066922635, 0.96644348, -0.0090059806;
 0, 0, 0, 1]
Twc:
[0.96875215, 0.0033042848, 0.24800886, -0.013255773;
 0.013729871, 0.99766368, -0.066922635, 0.0024026381;
 -0.24765058, 0.068236575, 0.96644348, 0.012886755;
 0, 0, 0, 1]
Ow:
[0.015999984;
 -0.003232572;
 -0.0090059806]
Keyframe: 47 Frame: 144 Frame from vFrameID : 145
Tcw:
[0.96884161, 0.0055227717, -0.24761946, 0.017098142;
 0.0099348994, 0.99808025, 0.061132163, -0.0032373031;
 0.2474817, -0.061687458, 0.96692681, -0.00072145788;
 0, 0, 0, 1]
Twc:
[0.96884161, 0.0099348994, 0.2474817, -0.016354682;
 0.0055227717, 0.99808025, -0.061687458, 0.0030921542;
 -0.24761946, 0.061132163, 0.96692681, 0.0051293327;
 0, 0, 0, 1]
Ow:
[0.017098142;
 -0.0032373031;
 -0.00072145788]
Keyframe: 48 Frame: 148 Frame from vFrameID : 149
Tcw:
[0.96970814, 0.006790664, -0.24417211, 0.02184058;
 0.0065127686, 0.99853933, 0.05363524, -0.0038445282;
 0.24417968, -0.053600766, 0.96824753, 0.0061746244;
 0, 0, 0, 1]
Twc:
[0.96970814, 0.0065127686, 0.24417968, -0.022661667;
 0.006790664, 0.99853933, -0.053600766, 0.0040215654;
 -0.24417211, 0.05363524, 0.96824753, -0.00043950233;
 0, 0, 0, 1]
Ow:
[0.02184058;
 -0.0038445282;
 0.0061746244]
Keyframe: 49 Frame: 153 Frame from vFrameID : 154
Tcw:
[0.96962959, 0.027077381, -0.24307454, 0.026224779;
 -0.016028501, 0.99875128, 0.047318235, -0.0058735055;
 0.24405226, -0.041985039, 0.96885282, 0.015376549;
 0, 0, 0, 1]
Twc:
[0.96962959, -0.016028501, 0.24405226, -0.029275147;
 0.027077381, 0.99875128, -0.041985039, 0.0058016577;
 -0.24307454, 0.047318235, 0.96885282, -0.0082451133;
 0, 0, 0, 1]
Ow:
[0.026224779;
 -0.0058735055;
 0.015376549]
Keyframe: 50 Frame: 157 Frame from vFrameID : 158
Tcw:
[0.96639591, 0.029765435, -0.2553291, 0.025414109;
 -0.01644502, 0.99839753, 0.054147124, -0.0079266643;
 0.25653166, -0.048128668, 0.9653368, 0.023019133;
 0, 0, 0, 1]
Twc:
[0.96639591, -0.01644502, 0.25653166, -0.030595582;
 0.029765435, 0.99839753, -0.048128668, 0.0082653807;
 -0.2553291, 0.054147124, 0.9653368, -0.015303049;
 0, 0, 0, 1]
Ow:
[0.025414109;
 -0.0079266643;
 0.023019133]
Keyframe: 51 Frame: 162 Frame from vFrameID : 163
Tcw:
[0.9668715, 0.030695982, -0.2534112, 0.024397571;
 -0.015607437, 0.99799496, 0.061339233, -0.0082134623;
 0.25478595, -0.055352058, 0.96541196, 0.032739054;
 0, 0, 0, 1]
Twc:
[0.9668715, -0.015607437, 0.25478595, -0.032058958;
 0.030695982, 0.99799496, -0.055352058, 0.0092602596;
 -0.2534112, 0.061339233, 0.96541196, -0.024920249;
 0, 0, 0, 1]
Ow:
[0.024397571;
 -0.0082134623;
 0.032739054]
Keyframe: 52 Frame: 166 Frame from vFrameID : 167
Tcw:
[0.97436333, 0.0060844026, -0.22489786, 0.022027222;
 0.0068827849, 0.99836022, 0.056829169, -0.0084369853;
 0.22487485, -0.056920182, 0.97272372, 0.041772455;
 0, 0, 0, 1]
Twc:
[0.97436333, 0.0068827849, 0.22487485, -0.030798024;
 0.0060844026, 0.99836022, -0.056920182, 0.010666824;
 -0.22489786, 0.056829169, 0.97272372, -0.035199717;
 0, 0, 0, 1]
Ow:
[0.022027222;
 -0.0084369853;
 0.041772455]
Keyframe: 53 Frame: 171 Frame from vFrameID : 172
Tcw:
[0.97961044, -0.0016550582, -0.20089968, 0.020553863;
 0.0089138336, 0.9993394, 0.035232108, -0.0094733229;
 0.20070866, -0.03630453, 0.97897804, 0.050371218;
 0, 0, 0, 1]
Twc:
[0.97961044, 0.0089138336, 0.20070866, -0.030160272;
 -0.0016550582, 0.9993394, -0.03630453, 0.011329786;
 -0.20089968, 0.035232108, 0.97897804, -0.044849288;
 0, 0, 0, 1]
Ow:
[0.020553863;
 -0.0094733229;
 0.050371218]
Keyframe: 54 Frame: 175 Frame from vFrameID : 176
Tcw:
[0.98359239, -0.00069489045, -0.18040371, 0.022035915;
 0.0081505533, 0.99914265, 0.040589675, -0.010012154;
 0.18022083, -0.041394085, 0.98275477, 0.057551693;
 0, 0, 0, 1]
Twc:
[0.98359239, 0.0081505533, 0.18022083, -0.031964771;
 -0.00069489045, 0.99914265, -0.041394085, 0.012401182;
 -0.18040371, 0.040589675, 0.98275477, -0.052177455;
 0, 0, 0, 1]
Ow:
[0.022035915;
 -0.010012154;
 0.057551693]
Keyframe: 55 Frame: 182 Frame from vFrameID : 183
Tcw:
[0.98086214, 0.002699997, -0.19468471, 0.024342891;
 0.0054879533, 0.99912322, 0.041505855, -0.012142973;
 0.19462608, -0.041779943, 0.97998732, 0.072384514;
 0, 0, 0, 1]
Twc:
[0.98086214, 0.0054879533, 0.19462608, -0.037898291;
 0.002699997, 0.99912322, -0.041779943, 0.01509082;
 -0.19468471, 0.041505855, 0.97998732, -0.065692708;
 0, 0, 0, 1]
Ow:
[0.024342891;
 -0.012142973;
 0.072384514]
Keyframe: 56 Frame: 187 Frame from vFrameID : 188
Tcw:
[0.98187357, 0.010759947, -0.18923146, 0.032571021;
 -0.0051900512, 0.99953926, 0.02990526, -0.016802603;
 0.18946604, -0.028381063, 0.98147702, 0.088107154;
 0, 0, 0, 1]
Twc:
[0.98187357, -0.0051900512, 0.18946604, -0.048761148;
 0.010759947, 0.99953926, -0.028381063, 0.018944975;
 -0.18923146, 0.02990526, 0.98147702, -0.079809204;
 0, 0, 0, 1]
Ow:
[0.032571021;
 -0.016802603;
 0.088107154]
Keyframe: 57 Frame: 191 Frame from vFrameID : 192
Tcw:
[0.96517825, 0.023568872, -0.26052907, 0.03518346;
 -0.025325943, 0.99967349, -0.003388765, -0.02005025;
 0.26036415, 0.0098689068, 0.96546006, 0.09655422;
 0, 0, 0, 1]
Twc:
[0.96517825, -0.025325943, 0.26036415, -0.059605364;
 0.023568872, 0.99967349, 0.0098689068, 0.018261584;
 -0.26052907, -0.003388765, 0.96546006, -0.084120877;
 0, 0, 0, 1]
Ow:
[0.03518346;
 -0.02005025;
 0.09655422]
Keyframe: 58 Frame: 197 Frame from vFrameID : 198
Tcw:
[0.96674234, 0.024068855, -0.25461718, 0.037683286;
 -0.029470013, 0.99941385, -0.017418941, -0.024086269;
 0.25404871, 0.0243432, 0.96688503, 0.099757351;
 0, 0, 0, 1]
Twc:
[0.96674234, -0.029470013, 0.25404871, -0.062483076;
 0.024068855, 0.99941385, 0.0243432, 0.020736745;
 -0.25461718, -0.017418941, 0.96688503, -0.087278634;
 0, 0, 0, 1]
Ow:
[0.037683286;
 -0.024086269;
 0.099757351]
Keyframe: 59 Frame: 201 Frame from vFrameID : 202
Tcw:
[0.96905631, 0.024864616, -0.24558419, 0.036480527;
 -0.029395273, 0.99945831, -0.014799524, -0.024378721;
 0.24508317, 0.021560587, 0.9692623, 0.10242738;
 0, 0, 0, 1]
Twc:
[0.96905631, -0.029395273, 0.24508317, -0.061171528;
 0.024864616, 0.99945831, 0.021560587, 0.021250047;
 -0.24558419, -0.014799524, 0.9692623, -0.090680741;
 0, 0, 0, 1]
Ow:
[0.036480527;
 -0.024378721;
 0.10242738]
Keyframe: 60 Frame: 207 Frame from vFrameID : 208
Tcw:
[0.97682577, 0.033198796, -0.2114456, 0.03233742;
 -0.037159778, 0.99919993, -0.014785801, -0.026133932;
 0.21078555, 0.022300422, 0.97727793, 0.10928963;
 0, 0, 0, 1]
Twc:
[0.97682577, -0.037159778, 0.21078555, -0.055595834;
 0.033198796, 0.99919993, 0.022300422, 0.022602255;
 -0.2114456, -0.014785801, 0.97727793, -0.10035516;
 0, 0, 0, 1]
Ow:
[0.03233742;
 -0.026133932;
 0.10928963]
Keyframe: 61 Frame: 211 Frame from vFrameID : 212
Tcw:
[0.97191554, 0.02390461, -0.23411272, 0.031073673;
 -0.030670457, 0.99920928, -0.025301419, -0.026972173;
 0.23332278, 0.031771187, 0.9718802, 0.11225124;
 0, 0, 0, 1]
Twc:
[0.97191554, -0.030670457, 0.23332278, -0.057219002;
 0.02390461, 0.99920928, 0.031771187, 0.022641687;
 -0.23411272, -0.025301419, 0.9718802, -0.10250244;
 0, 0, 0, 1]
Ow:
[0.031073673;
 -0.026972173;
 0.11225124]
Keyframe: 62 Frame: 215 Frame from vFrameID : 216
Tcw:
[0.97613996, 0.021067081, -0.21611784, 0.0277794;
 -0.023760393, 0.99966896, -0.0098712929, -0.028753338;
 0.21583833, 0.014770809, 0.97631741, 0.11743274;
 0, 0, 0, 1]
Twc:
[0.97613996, -0.023760393, 0.21583833, -0.053146262;
 0.021067081, 0.99966896, 0.014770809, 0.026424011;
 -0.21611784, -0.0098712929, 0.97631741, -0.10893183;
 0, 0, 0, 1]
Ow:
[0.0277794;
 -0.028753338;
 0.11743274]
Keyframe: 63 Frame: 219 Frame from vFrameID : 220
Tcw:
[0.9699564, 0.026674306, -0.24181215, 0.02949873;
 -0.028118381, 0.99960142, -0.002522324, -0.029241467;
 0.2416485, 0.0092459107, 0.97031981, 0.12151515;
 0, 0, 0, 1]
Twc:
[0.9699564, -0.028118381, 0.2416485, -0.058798656;
 0.026674306, 0.99960142, 0.0092459107, 0.027319435;
 -0.24181215, -0.002522324, 0.97031981, -0.11084916;
 0, 0, 0, 1]
Ow:
[0.02949873;
 -0.029241467;
 0.12151515]
Keyframe: 64 Frame: 223 Frame from vFrameID : 224
Tcw:
[0.97387689, 0.037623655, -0.22393805, 0.034229308;
 -0.045466945, 0.9985162, -0.029969793, -0.029188883;
 0.22247818, 0.039368667, 0.97414249, 0.12934934;
 0, 0, 0, 1]
Twc:
[0.97387689, -0.045466945, 0.22247818, -0.063439667;
 0.037623655, 0.9985162, 0.039368667, 0.022765428;
 -0.22393805, -0.029969793, 0.97414249, -0.11921422;
 0, 0, 0, 1]
Ow:
[0.034229308;
 -0.029188883;
 0.12934934]
Keyframe: 65 Frame: 228 Frame from vFrameID : 229
Tcw:
[0.96726614, 0.037145026, -0.25103068, 0.043153934;
 -0.062192358, 0.99375999, -0.092591561, -0.027032804;
 0.24602494, 0.10517287, 0.96354055, 0.13485837;
 0, 0, 0, 1]
Twc:
[0.96726614, -0.062192358, 0.24602494, -0.076601095;
 0.037145026, 0.99375999, 0.10517287, 0.01107772;
 -0.25103068, -0.092591561, 0.96354055, -0.12161157;
 0, 0, 0, 1]
Ow:
[0.043153934;
 -0.027032804;
 0.13485837]
Keyframe: 66 Frame: 232 Frame from vFrameID : 233
Tcw:
[0.96137267, 0.039630815, -0.27238208, 0.040328391;
 -0.049380682, 0.99835801, -0.029030897, -0.026874192;
 0.27078432, 0.041359924, 0.9617511, 0.13660364;
 0, 0, 0, 1]
Twc:
[0.96137267, -0.049380682, 0.27078432, -0.077087805;
 0.039630815, 0.99835801, 0.041359924, 0.019581903;
 -0.27238208, -0.029030897, 0.9617511, -0.12117416;
 0, 0, 0, 1]
Ow:
[0.040328391;
 -0.026874192;
 0.13660364]
Keyframe: 67 Frame: 236 Frame from vFrameID : 237
Tcw:
[0.96615565, 0.029223606, -0.25629914, 0.041118342;
 -0.024732158, 0.99947912, 0.020730741, -0.028999744;
 0.25677148, -0.013690293, 0.96637517, 0.14492957;
 0, 0, 0, 1]
Twc:
[0.96615565, -0.024732158, 0.25677148, -0.077657722;
 0.029223606, 0.99947912, -0.013690293, 0.029767143;
 -0.25629914, 0.020730741, 0.96637517, -0.12891656;
 0, 0, 0, 1]
Ow:
[0.041118342;
 -0.028999744;
 0.14492957]
Keyframe: 68 Frame: 240 Frame from vFrameID : 241
Tcw:
[0.97681433, 0.020073656, -0.21314499, 0.040189508;
 -0.022646399, 0.99969709, -0.009635468, -0.029899545;
 0.212887, 0.01423903, 0.97697306, 0.15152195;
 0, 0, 0, 1]
Twc:
[0.97681433, -0.022646399, 0.212887, -0.072191864;
 0.020073656, 0.99969709, 0.01423903, 0.026926212;
 -0.21314499, -0.009635468, 0.97697306, -0.13975477;
 0, 0, 0, 1]
Ow:
[0.040189508;
 -0.029899545;
 0.15152195]
Keyframe: 69 Frame: 244 Frame from vFrameID : 245
Tcw:
[0.98715359, 0.019166766, -0.15862057, 0.037335232;
 -0.023972169, 0.99930811, -0.028437091, -0.029234488;
 0.15796576, 0.031874254, 0.98693001, 0.15658914;
 0, 0, 0, 1]
Twc:
[0.98715359, -0.023972169, 0.15796576, -0.062292144;
 0.019166766, 0.99930811, 0.031874254, 0.023507502;
 -0.15862057, -0.028437091, 0.98693001, -0.14945173;
 0, 0, 0, 1]
Ow:
[0.037335232;
 -0.029234488;
 0.15658914]
Keyframe: 70 Frame: 248 Frame from vFrameID : 249
Tcw:
[0.98432767, 0.02765259, -0.17416765, 0.035745554;
 -0.0298074, 0.9995079, -0.0097679822, -0.02811042;
 0.17381184, 0.01480638, 0.98466754, 0.16067961;
 0, 0, 0, 1]
Twc:
[0.98432767, -0.0298074, 0.17381184, -0.063951254;
 0.02765259, 0.9995079, 0.01480638, 0.024729049;
 -0.17416765, -0.0097679822, 0.98466754, -0.15226486;
 0, 0, 0, 1]
Ow:
[0.035745554;
 -0.02811042;
 0.16067961]
Keyframe: 71 Frame: 253 Frame from vFrameID : 254
Tcw:
[0.97631198, -0.0039574727, -0.21633148, 0.034473311;
 -0.0090419138, 0.99821305, -0.059067361, -0.032705441;
 0.21617867, 0.059624221, 0.97453153, 0.16980314;
 0, 0, 0, 1]
Twc:
[0.97631198, -0.0090419138, 0.21617867, -0.070660241;
 -0.0039574727, 0.99821305, 0.059624221, 0.022659045;
 -0.21633148, -0.059067361, 0.97453153, -0.15995269;
 0, 0, 0, 1]
Ow:
[0.034473311;
 -0.032705441;
 0.16980314]
Keyframe: 72 Frame: 257 Frame from vFrameID : 258
Tcw:
[0.9797948, 0.010427404, -0.19973339, 0.037509397;
 -0.020017702, 0.99873823, -0.046056356, -0.033586532;
 0.19900113, 0.049123984, 0.97876728, 0.17620297;
 0, 0, 0, 1]
Twc:
[0.9797948, -0.020017702, 0.19900113, -0.072488427;
 0.010427404, 0.99873823, 0.049123984, 0.024497239;
 -0.19973339, -0.046056356, 0.97876728, -0.16651669;
 0, 0, 0, 1]
Ow:
[0.037509397;
 -0.033586532;
 0.17620297]
Keyframe: 73 Frame: 262 Frame from vFrameID : 263
Tcw:
[0.9729867, 0.036985859, -0.22787926, 0.037776604;
 -0.054786362, 0.99587792, -0.07228829, -0.034710497;
 0.22426628, 0.082820222, 0.97100228, 0.18470204;
 0, 0, 0, 1]
Twc:
[0.9729867, -0.054786362, 0.22426628, -0.080080234;
 0.036985859, 0.99587792, 0.082820222, 0.017873155;
 -0.22787926, -0.07228829, 0.97100228, -0.17324677;
 0, 0, 0, 1]
Ow:
[0.037776604;
 -0.034710497;
 0.18470204]
Keyframe: 74 Frame: 267 Frame from vFrameID : 268
Tcw:
[0.96693653, 0.044010628, -0.25119081, 0.037813313;
 -0.067099765, 0.99419528, -0.084103614, -0.034080394;
 0.24603125, 0.098177694, 0.96427679, 0.19177239;
 0, 0, 0, 1]
Twc:
[0.96693653, -0.067099765, 0.24603125, -0.086031862;
 0.044010628, 0.99419528, 0.098177694, 0.013390604;
 -0.25119081, -0.084103614, 0.96427679, -0.17828961;
 0, 0, 0, 1]
Ow:
[0.037813313;
 -0.034080394;
 0.19177239]
Keyframe: 75 Frame: 272 Frame from vFrameID : 273
Tcw:
[0.96446568, 0.035788614, -0.26177308, 0.036970891;
 -0.055904083, 0.99599314, -0.069802262, -0.035577331;
 0.25822607, 0.081956066, 0.96260196, 0.19896342;
 0, 0, 0, 1]
Twc:
[0.96446568, -0.055904083, 0.25822607, -0.08902362;
 0.035788614, 0.99599314, 0.081956066, 0.017805383;
 -0.26177308, -0.069802262, 0.96260196, -0.18432796;
 0, 0, 0, 1]
Ow:
[0.036970891;
 -0.035577331;
 0.19896342]
Keyframe: 76 Frame: 277 Frame from vFrameID : 278
Tcw:
[0.97135258, 0.0049279216, -0.23759174, 0.036227811;
 -0.025143573, 0.99630433, -0.082130656, -0.03384719;
 0.23630896, 0.085751727, 0.96788675, 0.20534207;
 0, 0, 0, 1]
Twc:
[0.97135258, -0.025143573, 0.23630896, -0.084565185;
 0.0049279216, 0.99630433, 0.085751727, 0.015935142;
 -0.23759174, -0.082130656, 0.96788675, -0.19292031;
 0, 0, 0, 1]
Ow:
[0.036227811;
 -0.03384719;
 0.20534207]
Keyframe: 77 Frame: 282 Frame from vFrameID : 283
Tcw:
[0.98200029, -0.025051208, -0.18721062, 0.034425922;
 0.0068044695, 0.99521422, -0.097480193, -0.033270098;
 0.18875666, 0.094451711, 0.97747111, 0.21159539;
 0, 0, 0, 1]
Twc:
[0.98200029, 0.0068044695, 0.18875666, -0.073519923;
 -0.025051208, 0.99521422, 0.094451711, 0.013987738;
 -0.18721062, -0.097480193, 0.97747111, -0.20362666;
 0, 0, 0, 1]
Ow:
[0.034425922;
 -0.033270098;
 0.21159539]
Keyframe: 78 Frame: 287 Frame from vFrameID : 288
Tcw:
[0.98478824, -0.024300231, -0.17205118, 0.033246275;
 0.012316437, 0.99744415, -0.070380464, -0.032437816;
 0.17332171, 0.067190796, 0.98257059, 0.21735358;
 0, 0, 0, 1]
Twc:
[0.98478824, 0.012316437, 0.17332171, -0.070013121;
 -0.024300231, 0.99744415, 0.067190796, 0.018558644;
 -0.17205118, -0.070380464, 0.98257059, -0.21012816;
 0, 0, 0, 1]
Ow:
[0.033246275;
 -0.032437816;
 0.21735358]
Keyframe: 79 Frame: 292 Frame from vFrameID : 293
Tcw:
[0.98327953, -0.012764253, -0.18165489, 0.033025242;
 0.0027983095, 0.99848175, -0.055012848, -0.033625256;
 0.18208128, 0.05358468, 0.98182231, 0.22424214;
 0, 0, 0, 1]
Twc:
[0.98327953, 0.0027983095, 0.18208128, -0.073209241;
 -0.012764253, 0.99848175, 0.05358468, 0.021979803;
 -0.18165489, -0.055012848, 0.98182231, -0.21601656;
 0, 0, 0, 1]
Ow:
[0.033025242;
 -0.033625256;
 0.22424214]
Keyframe: 80 Frame: 297 Frame from vFrameID : 298
Tcw:
[0.97608268, -0.00050949061, -0.21739909, 0.035761524;
 -0.015410531, 0.99731958, -0.071527794, -0.033178993;
 0.2168528, 0.073167279, 0.97345847, 0.23136404;
 0, 0, 0, 1]
Twc:
[0.97608268, -0.015410531, 0.2168528, -0.085589454;
 -0.00050949061, 0.99731958, 0.073167279, 0.016180003;
 -0.21739909, -0.071527794, 0.97345847, -0.21982199;
 0, 0, 0, 1]
Ow:
[0.035761524;
 -0.033178993;
 0.23136404]
Keyframe: 81 Frame: 301 Frame from vFrameID : 302
Tcw:
[0.9748897, 0.03200924, -0.2203757, 0.040045343;
 -0.050369155, 0.99566424, -0.078202434, -0.032446746;
 0.21691701, 0.087338887, 0.97227514, 0.24053232;
 0, 0, 0, 1]
Twc:
[0.9748897, -0.050369155, 0.21691701, -0.092849664;
 0.03200924, 0.99566424, 0.087338887, 0.010016419;
 -0.2203757, -0.078202434, 0.97227514, -0.22757599;
 0, 0, 0, 1]
Ow:
[0.040045343;
 -0.032446746;
 0.24053232]
Keyframe: 82 Frame: 306 Frame from vFrameID : 307
Tcw:
[0.9705056, 0.050485425, -0.2357332, 0.041644949;
 -0.068413489, 0.99530274, -0.068498589, -0.034132056;
 0.23116772, 0.082605593, 0.96940076, 0.24486373;
 0, 0, 0, 1]
Twc:
[0.9705056, -0.068413489, 0.23116772, -0.099356338;
 0.050485425, 0.99530274, 0.082605593, 0.011642153;
 -0.2357332, -0.068498589, 0.96940076, -0.22989199;
 0, 0, 0, 1]
Ow:
[0.041644949;
 -0.034132056;
 0.24486373]
Keyframe: 83 Frame: 310 Frame from vFrameID : 311
Tcw:
[0.96669316, 0.03921134, -0.2529166, 0.042765196;
 -0.058506135, 0.99588418, -0.069222532, -0.034720972;
 0.24916133, 0.081714123, 0.9650085, 0.24865496;
 0, 0, 0, 1]
Twc:
[0.96669316, -0.058506135, 0.24916133, -0.10532741;
 0.03921134, 0.99588418, 0.081714123, 0.012582563;
 -0.2529166, -0.069222532, 0.9650085, -0.2315416;
 0, 0, 0, 1]
Ow:
[0.042765196;
 -0.034720972;
 0.24865496]
Keyframe: 84 Frame: 315 Frame from vFrameID : 316
Tcw:
[0.97077256, 0.013423576, -0.2396255, 0.041639563;
 -0.032865398, 0.99646419, -0.077323638, -0.033917189;
 0.23774028, 0.082939051, 0.96778131, 0.253158;
 0, 0, 0, 1]
Twc:
[0.97077256, -0.032865398, 0.23774028, -0.1017231;
 0.013423576, 0.99646419, 0.082939051, 0.012241626;
 -0.2396255, -0.077323638, 0.96778131, -0.23764628;
 0, 0, 0, 1]
Ow:
[0.041639563;
 -0.033917189;
 0.253158]
Keyframe: 85 Frame: 319 Frame from vFrameID : 320
Tcw:
[0.9775539, 0.020046404, -0.20972972, 0.040702652;
 -0.041056406, 0.99450451, -0.096307814, -0.034570083;
 0.20664652, 0.10275683, 0.97300476, 0.25806662;
 0, 0, 0, 1]
Twc:
[0.9775539, -0.041056406, 0.20664652, -0.094536923;
 0.020046404, 0.99450451, 0.10275683, 0.007046056;
 -0.20972972, -0.096307814, 0.97300476, -0.24589285;
 0, 0, 0, 1]
Ow:
[0.040702652;
 -0.034570083;
 0.25806662]
Keyframe: 86 Frame: 324 Frame from vFrameID : 325
Tcw:
[0.97556359, -0.0094824396, -0.21951254, 0.035646729;
 -0.020551067, 0.99075037, -0.13413176, -0.034205329;
 0.21875404, 0.13536528, 0.96634513, 0.25884867;
 0, 0, 0, 1]
Twc:
[0.97556359, -0.020551067, 0.21875404, -0.092102803;
 -0.0094824396, 0.99075037, 0.13536528, -0.00081216102;
 -0.21951254, -0.13413176, 0.96634513, -0.24690028;
 0, 0, 0, 1]
Ow:
[0.035646729;
 -0.034205329;
 0.25884867]
Keyframe: 87 Frame: 329 Frame from vFrameID : 330
Tcw:
[0.95444667, -0.039455283, -0.29576153, 0.033276334;
 0.024310008, 0.99820614, -0.054712668, -0.035024658;
 0.29738969, 0.045030355, 0.95369369, 0.26307005;
 0, 0, 0, 1]
Twc:
[0.95444667, 0.024310008, 0.29738969, -0.10914335;
 -0.039455283, 0.99820614, 0.045030355, 0.024428621;
 -0.29576153, -0.054712668, 0.95369369, -0.24296267;
 0, 0, 0, 1]
Ow:
[0.033276334;
 -0.035024658;
 0.26307005]
Keyframe: 88 Frame: 334 Frame from vFrameID : 335
Tcw:
[0.96757925, -0.044430938, -0.24862872, 0.036464348;
 0.022625996, 0.99569541, -0.089881949, -0.035126738;
 0.25155202, 0.081342444, 0.96441948, 0.27157176;
 0, 0, 0, 1]
Twc:
[0.96757925, 0.022625996, 0.25155202, -0.10280179;
 -0.044430938, 0.99569541, 0.081342444, 0.014505366;
 -0.24862872, -0.089881949, 0.96441948, -0.25600028;
 0, 0, 0, 1]
Ow:
[0.036464348;
 -0.035126738;
 0.27157176]
Keyframe: 89 Frame: 338 Frame from vFrameID : 339
Tcw:
[0.97975373, -0.016180564, -0.19955158, 0.0377285;
 -0.0060917474, 0.99385792, -0.11049571, -0.034689136;
 0.2001138, 0.1094742, 0.97363746, 0.27693525;
 0, 0, 0, 1]
Twc:
[0.97975373, -0.0060917474, 0.2001138, -0.092594512;
