Keyframe: 0 Frame: 0 Frame from vFrameID : 378
Tcw:
[0.99970561, -8.3116975e-05, 0.02426384, 0.055039216;
 0.017227864, 0.70661086, -0.70739257, 0.011264613;
 -0.017086297, 0.70760232, 0.70640427, 0.010753881;
 0, 0, 0, 1]
Twc:
[0.99970561, 0.017227864, -0.017086297, -0.05503333;
 -8.3116975e-05, 0.70661086, 0.70760232, -0.015564594;
 0.02426384, -0.70739257, 0.70640427, -0.00096354634;
 0, 0, 0, 1]
Ow:
[0.055039216;
 0.011264613;
 0.010753881]
Keyframe: 1 Frame: 377 Frame from vFrameID : 378
Tcw:
[0.99980462, -0.0086532133, 0.017771291, 0.056164913;
 0.018668899, 0.70877731, -0.70518523, 0.01027452;
 -0.0064937691, 0.70537919, 0.70880038, 0.013347005;
 0, 0, 0, 1]
Twc:
[0.99980462, 0.018668899, -0.0064937691, -0.056259081;
 -0.0086532133, 0.70877731, 0.70537919, -0.01621104;
 0.017771291, -0.70518523, 0.70880038, -0.0032130452;
 0, 0, 0, 1]
Ow:
[0.056164913;
 0.01027452;
 0.013347005]
Keyframe: 2 Frame: 381 Frame from vFrameID : 382
Tcw:
[0.99989921, -0.0091841267, -0.010825682, 0.063118577;
 -0.0013377155, 0.69820935, -0.71589243, 0.0099220853;
 0.014133438, 0.71583474, 0.69812667, 0.019972792;
 0, 0, 0, 1]
Twc:
[0.99989921, -0.0013377155, 0.014133438, -0.063381225;
 -0.0091841267, 0.69820935, 0.71583474, -0.020645222;
 -0.010825682, -0.71589243, 0.69812667, -0.0061570914;
 0, 0, 0, 1]
Ow:
[0.063118577;
 0.0099220853;
 0.019972792]
Keyframe: 3 Frame: 385 Frame from vFrameID : 386
Tcw:
[0.99971247, -0.01454711, -0.019062052, 0.066277407;
 -0.0036429521, 0.69358754, -0.72036314, 0.0069797738;
 0.023700403, 0.72022545, 0.69333512, 0.027772874;
 0, 0, 0, 1]
Twc:
[0.99971247, -0.0036429521, 0.023700403, -0.066891149;
 -0.01454711, 0.69358754, 0.72022545, -0.023879668;
 -0.019062052, -0.72036314, 0.69333512, -0.012964553;
 0, 0, 0, 1]
Ow:
[0.066277407;
 0.0069797738;
 0.027772874]
Keyframe: 4 Frame: 388 Frame from vFrameID : 389
Tcw:
[0.99961644, -0.020485571, -0.018637389, 0.067823887;
 0.00053949567, 0.68722814, -0.72644144, 0.0068083471;
 0.027689705, 0.72615278, 0.6869756, 0.031746574;
 0, 0, 0, 1]
Twc:
[0.99961644, 0.00053949567, 0.027689705, -0.068680599;
 -0.020485571, 0.68722814, 0.72615278, -0.026342338;
 -0.018637389, -0.72644144, 0.6869756, -0.015599195;
 0, 0, 0, 1]
Ow:
[0.067823887;
 0.0068083471;
 0.031746574]
Keyframe: 5 Frame: 392 Frame from vFrameID : 393
Tcw:
[0.9996224, -0.0080092987, -0.026285375, 0.067433402;
 -0.012933661, 0.7068516, -0.70724362, 0.004737136;
 0.024244385, 0.70731652, 0.7064811, 0.035569742;
 0, 0, 0, 1]
Twc:
[0.9996224, -0.012933661, 0.024244385, -0.068209037;
 -0.0080092987, 0.7068516, 0.70731652, -0.027967425;
 -0.026285375, -0.70724362, 0.7064811, -0.020006528;
 0, 0, 0, 1]
Ow:
[0.067433402;
 0.004737136;
 0.035569742]
Keyframe: 6 Frame: 396 Frame from vFrameID : 397
Tcw:
[0.99963856, 0.002947733, -0.026722105, 0.069082141;
 -0.020971596, 0.70741838, -0.70648384, 0.0066634938;
 0.016821183, 0.7067889, 0.70722449, 0.043689985;
 0, 0, 0, 1]
Twc:
[0.99963856, -0.020971596, 0.016821183, -0.069652341;
 0.002947733, 0.70741838, 0.7067889, -0.035797108;
 -0.026722105, -0.70648384, 0.70722449, -0.024344958;
 0, 0, 0, 1]
Ow:
[0.069082141;
 0.0066634938;
 0.043689985]
Keyframe: 7 Frame: 401 Frame from vFrameID : 402
Tcw:
[0.99971032, 0.0034438528, -0.02382116, 0.081189178;
 -0.019410772, 0.70055062, -0.71333867, 0.0089590941;
 0.014231294, 0.71359444, 0.70041448, 0.05889266;
 0, 0, 0, 1]
Twc:
[0.99971032, -0.019410772, 0.014231294, -0.081829876;
 0.0034438528, 0.70055062, 0.71359444, -0.048581377;
 -0.02382116, -0.71333867, 0.70041448, -0.032924384;
 0, 0, 0, 1]
Ow:
[0.081189178;
 0.0089590941;
 0.05889266]
Keyframe: 8 Frame: 407 Frame from vFrameID : 408
Tcw:
[0.99984676, 0.007874161, -0.015635479, 0.085372776;
 -0.016722513, 0.69383818, -0.71993679, 0.0058815181;
 0.0051795947, 0.72008789, 0.69386351, 0.080809467;
 0, 0, 0, 1]
Twc:
[0.99984676, -0.016722513, 0.0051795947, -0.085679904;
 0.007874161, 0.69383818, 0.72008789, -0.062942982;
 -0.015635479, -0.71993679, 0.69386351, -0.050501578;
 0, 0, 0, 1]
Ow:
[0.085372776;
 0.0058815181;
 0.080809467]
Keyframe: 9 Frame: 413 Frame from vFrameID : 414
Tcw:
[0.9999764, 0.005502881, -0.0041083912, 0.09347371;
 -0.0067738644, 0.69200259, -0.72186321, 0.0091523044;
 -0.0011293099, 0.72187406, 0.69202358, 0.10761943;
 0, 0, 0, 1]
Twc:
[0.9999764, -0.0067738644, -0.0011293099, -0.093287975;
 0.005502881, 0.69200259, 0.72187406, -0.084535465;
 -0.0041083912, -0.72186321, 0.69202358, -0.067484446;
 0, 0, 0, 1]
Ow:
[0.09347371;
 0.0091523044;
 0.10761943]
Keyframe: 10 Frame: 420 Frame from vFrameID : 421
Tcw:
[0.99906325, -0.010071011, -0.042085126, 0.11752407;
 -0.024683194, 0.66618705, -0.74537611, 0.042223871;
 0.035543256, 0.74571669, 0.66531444, 0.16121891;
 0, 0, 0, 1]
Twc:
[0.99906325, -0.024683194, 0.035543256, -0.12210201;
 -0.010071011, 0.66618705, 0.74571669, -0.14716904;
 -0.042085126, -0.74537611, 0.66531444, -0.070842586;
 0, 0, 0, 1]
Ow:
[0.11752407;
 0.042223871;
 0.16121891]
Keyframe: 11 Frame: 428 Frame from vFrameID : 429
Tcw:
[0.99751407, 0.0014891176, -0.070452213, 0.13101345;
 -0.052384444, 0.68439019, -0.72723168, 0.044017635;
 0.04713387, 0.72911441, 0.68276685, 0.18889838;
 0, 0, 0, 1]
Twc:
[0.99751407, -0.052384444, 0.04713387, -0.13728543;
 0.0014891176, 0.68439019, 0.72911441, -0.16804887;
 -0.070452213, -0.72723168, 0.68276685, -0.087732345;
 0, 0, 0, 1]
Ow:
[0.13101345;
 0.044017635;
 0.18889838]
Keyframe: 12 Frame: 436 Frame from vFrameID : 437
Tcw:
[0.99915075, -0.0053174957, -0.04085933, 0.13637188;
 -0.026875187, 0.66756296, -0.74406815, 0.050502636;
 0.031232757, 0.74453437, 0.66685313, 0.22135714;
 0, 0, 0, 1]
Twc:
[0.99915075, -0.026875187, 0.031232757, -0.1418124;
 -0.0053174957, 0.66756296, 0.74453437, -0.19779652;
 -0.04085933, -0.74406815, 0.66685313, -0.10446322;
 0, 0, 0, 1]
Ow:
[0.13637188;
 0.050502636;
 0.22135714]
Keyframe: 13 Frame: 445 Frame from vFrameID : 446
Tcw:
[0.99997932, -0.0015511421, 0.0062392005, 0.13779707;
 0.0056464048, 0.67595828, -0.73691827, 0.057558827;
 -0.0030743743, 0.7369383, 0.67595303, 0.24996617;
 0, 0, 0, 1]
Twc:
[0.99997932, 0.0056464048, -0.0030743743, -0.13735074;
 -0.0015511421, 0.67595828, 0.7369383, -0.22290325;
 0.0062392005, -0.73691827, 0.67595303, -0.12740898;
 0, 0, 0, 1]
Ow:
[0.13779707;
 0.057558827;
 0.24996617]
Keyframe: 14 Frame: 453 Frame from vFrameID : 454
Tcw:
[0.99961299, -0.012306047, -0.02494978, 0.15747264;
 -0.010238214, 0.67116696, -0.74123555, 0.047686264;
 0.025867147, 0.74120408, 0.6707812, 0.27854049;
 0, 0, 0, 1]
Twc:
[0.99961299, -0.010238214, 0.025867147, -0.16412851;
 -0.012306047, 0.67116696, 0.74120408, -0.23652294;
 -0.02494978, -0.74123555, 0.6707812, -0.14756405;
 0, 0, 0, 1]
Ow:
[0.15747264;
 0.047686264;
 0.27854049]
Keyframe: 15 Frame: 462 Frame from vFrameID : 463
Tcw:
[0.9977634, -0.01751937, -0.064508021, 0.16752711;
 -0.035203893, 0.68264312, -0.72990346, 0.034485012;
 0.056823406, 0.73054188, 0.68049955, 0.30471882;
 0, 0, 0, 1]
Twc:
[0.9977634, -0.035203893, 0.056823406, -0.18325357;
 -0.01751937, 0.68264312, 0.73054188, -0.24321584;
 -0.064508021, -0.72990346, 0.68049955, -0.17138346;
 0, 0, 0, 1]
Ow:
[0.16752711;
 0.034485012;
 0.30471882]
Keyframe: 16 Frame: 472 Frame from vFrameID : 473
Tcw:
[0.99754345, -0.027483745, -0.064433843, 0.18217735;
 -0.031247724, 0.64865136, -0.76044399, 0.068837062;
 0.062694944, 0.7605893, 0.64619911, 0.35834193;
 0, 0, 0, 1]
Twc:
[0.99754345, -0.031247724, 0.062694944, -0.20204504;
 -0.027483745, 0.64865136, 0.7605893, -0.31219536;
 -0.064433843, -0.76044399, 0.64619911, -0.16747512;
 0, 0, 0, 1]
Ow:
[0.18217735;
 0.068837062;
 0.35834193]
Keyframe: 17 Frame: 483 Frame from vFrameID : 484
Tcw:
[0.99878937, -0.029689103, -0.03922151, 0.19370644;
 -0.010822561, 0.64516652, -0.76396537, 0.067654282;
 0.047985852, 0.76346493, 0.64406413, 0.40182057;
 0, 0, 0, 1]
Twc:
[0.99878937, -0.010822561, 0.047985852, -0.21202144;
 -0.029689103, 0.64516652, 0.76346493, -0.34467325;
 -0.03922151, -0.76396537, 0.64406413, -0.19951525;
 0, 0, 0, 1]
Ow:
[0.19370644;
 0.067654282;
 0.40182057]
Keyframe: 18 Frame: 494 Frame from vFrameID : 495
Tcw:
[0.99427307, -0.046830274, -0.096062675, 0.2024895;
 -0.042967081, 0.64785749, -0.76054883, 0.099827036;
 0.097851634, 0.76032072, 0.64213508, 0.43924779;
 0, 0, 0, 1]
Twc:
[0.99427307, -0.042967081, 0.097851634, -0.24002168;
 -0.046830274, 0.64785749, 0.76032072, -0.38916025;
 -0.096062675, -0.76054883, 0.64213508, -0.18668139;
 0, 0, 0, 1]
Ow:
[0.2024895;
 0.099827036;
 0.43924779]
Keyframe: 19 Frame: 505 Frame from vFrameID : 506
Tcw:
[0.99588978, -0.059850872, -0.067980848, 0.20143616;
 -0.011312301, 0.66249204, -0.7489835, 0.06809406;
 0.089864083, 0.74667406, 0.65909201, 0.45673326;
 0, 0, 0, 1]
Twc:
[0.99588978, -0.011312301, 0.089864083, -0.24088183;
 -0.059850872, 0.66249204, 0.74667406, -0.37408653;
 -0.067980848, -0.7489835, 0.65909201, -0.23633412;
 0, 0, 0, 1]
Ow:
[0.20143616;
 0.06809406;
 0.45673326]
Keyframe: 20 Frame: 516 Frame from vFrameID : 517
Tcw:
[0.99912685, -0.031277299, -0.027700502, 0.23332746;
 0.0013404434, 0.68666077, -0.72697675, 0.081811443;
 0.041758716, 0.72630483, 0.68610311, 0.49971747;
 0, 0, 0, 1]
Twc:
[0.99912685, 0.0013404434, 0.041758716, -0.25410095;
 -0.031277299, 0.68666077, 0.72630483, -0.41182607;
 -0.027700502, -0.72697675, 0.68610311, -0.27691942;
 0, 0, 0, 1]
Ow:
[0.23332746;
 0.081811443;
 0.49971747]
Keyframe: 21 Frame: 527 Frame from vFrameID : 528
Tcw:
[0.99652654, -0.053332977, -0.063956678, 0.2398753;
 -0.012597861, 0.66262317, -0.74884701, 0.086167648;
 0.082317419, 0.74705166, 0.65964967, 0.5269742;
 0, 0, 0, 1]
Twc:
[0.99652654, -0.012597861, 0.082317419, -0.28133574;
 -0.053332977, 0.66262317, 0.74705166, -0.43798035;
 -0.063956678, -0.74884701, 0.65964967, -0.26775035;
 0, 0, 0, 1]
Ow:
[0.2398753;
 0.086167648;
 0.5269742]
Keyframe: 22 Frame: 539 Frame from vFrameID : 540
Tcw:
[0.99494034, -0.047241531, -0.088667475, 0.24111249;
 -0.031538252, 0.69107646, -0.72209328, 0.079540461;
 0.0953888, 0.72123617, 0.68608993, 0.54689962;
 0, 0, 0, 1]
Twc:
[0.99494034, -0.031538252, 0.0953888, -0.28955206;
 -0.047241531, 0.69107646, 0.72123617, -0.43802178;
 -0.088667475, -0.72209328, 0.68608993, -0.29640785;
 0, 0, 0, 1]
Ow:
[0.24111249;
 0.079540461;
 0.54689962]
Keyframe: 23 Frame: 551 Frame from vFrameID : 552
Tcw:
[0.9979853, -0.059445731, -0.022169495, 0.24151419;
 0.023537947, 0.67140096, -0.74072039, 0.063994557;
 0.058917284, 0.73870629, 0.67144758, 0.60343641;
 0, 0, 0, 1]
Twc:
[0.9979853, 0.023537947, 0.058917284, -0.27808675;
 -0.059445731, 0.67140096, 0.73870629, -0.47437125;
 -0.022169495, -0.74072039, 0.67144758, -0.35241956;
 0, 0, 0, 1]
Ow:
[0.24151419;
 0.063994557;
 0.60343641]
Keyframe: 24 Frame: 563 Frame from vFrameID : 564
Tcw:
[0.99743474, -0.052602701, -0.048548199, 0.26260379;
 -0.0010480293, 0.66741455, -0.74468565, 0.070815057;
 0.071574248, 0.74282622, 0.66564733, 0.64434493;
 0, 0, 0, 1]
Twc:
[0.99743474, -0.0010480293, 0.071574248, -0.30797443;
 -0.052602701, 0.66741455, 0.74282622, -0.51208562;
 -0.048548199, -0.74468565, 0.66564733, -0.36342257;
 0, 0, 0, 1]
Ow:
[0.26260379;
 0.070815057;
 0.64434493]
Keyframe: 25 Frame: 575 Frame from vFrameID : 576
Tcw:
[0.99778473, -0.055647306, -0.036455318, 0.28255621;
 0.013594017, 0.70698035, -0.70710254, 0.039761543;
 0.065121546, 0.70504057, 0.70617068, 0.68126953;
 0, 0, 0, 1]
Twc:
[0.99778473, 0.013594017, 0.065121546, -0.32683608;
 -0.055647306, 0.70698035, 0.70504057, -0.49270976;
 -0.036455318, -0.70710254, 0.70617068, -0.44267637;
 0, 0, 0, 1]
Ow:
[0.28255621;
 0.039761543;
 0.68126953]
Keyframe: 26 Frame: 586 Frame from vFrameID : 587
Tcw:
[0.99908322, -0.042699248, 0.0030830621, 0.30053729;
 0.030278491, 0.6538744, -0.755997, 0.099401236;
 0.030264569, 0.75539726, 0.65456784, 0.69885528;
 0, 0, 0, 1]
Twc:
[0.99908322, 0.030278491, 0.030264569, -0.32442203;
 -0.042699248, 0.6538744, 0.75539726, -0.58007658;
 0.0030830621, -0.755997, 0.65456784, -0.38322768;
 0, 0, 0, 1]
Ow:
[0.30053729;
 0.099401236;
 0.69885528]
Keyframe: 27 Frame: 597 Frame from vFrameID : 598
Tcw:
[0.99810952, -0.045182113, -0.041665155, 0.32991499;
 -0.0021794776, 0.65147012, -0.75867116, 0.10153991;
 0.061421968, 0.75732774, 0.65014005, 0.73798895;
 0, 0, 0, 1]
Twc:
[0.99810952, -0.0021794776, 0.061421968, -0.37439871;
 -0.045182113, 0.65147012, 0.75732774, -0.61014342;
 -0.041665155, -0.75867116, 0.65014005, -0.38901478;
 0, 0, 0, 1]
Ow:
[0.32991499;
 0.10153991;
 0.73798895]
Keyframe: 28 Frame: 608 Frame from vFrameID : 609
Tcw:
[0.99811888, -0.039893009, -0.046554398, 0.31673801;
 -0.0085037407, 0.66192025, -0.74952602, 0.11210483;
 0.060716148, 0.74851197, 0.66033584, 0.77160245;
 0, 0, 0, 1]
Twc:
[0.99811888, -0.0085037407, 0.060716148, -0.3620376;
 -0.039893009, 0.66192025, 0.74851197, -0.63912249;
 -0.046554398, -0.74952602, 0.66033584, -0.41074571;
 0, 0, 0, 1]
Ow:
[0.31673801;
 0.11210483;
 0.77160245]
Keyframe: 29 Frame: 619 Frame from vFrameID : 620
Tcw:
[0.99828166, -0.054831687, -0.020669427, 0.33833829;
 0.020949807, 0.66338104, -0.74798846, 0.094779462;
 0.054725174, 0.74627012, 0.6633898, 0.80191374;
 0, 0, 0, 1]
Twc:
[0.99828166, 0.020949807, 0.054725174, -0.38362736;
 -0.054831687, 0.66338104, 0.74627012, -0.64276749;
 -0.020669427, -0.74798846, 0.6633898, -0.4540942;
 0, 0, 0, 1]
Ow:
[0.33833829;
 0.094779462;
 0.80191374]
Keyframe: 30 Frame: 631 Frame from vFrameID : 632
Tcw:
[0.99632615, -0.052812655, -0.067416884, 0.36234933;
 -0.01335948, 0.68172878, -0.73148304, 0.084482461;
 0.08459159, 0.72969633, 0.67851865, 0.82854724;
 0, 0, 0, 1]
Twc:
[0.99632615, -0.01335948, 0.08459159, -0.4299776;
 -0.052812655, 0.68172878, 0.72969633, -0.64304537;
 -0.067416884, -0.73148304, 0.67851865, -0.47595879;
 0, 0, 0, 1]
Ow:
[0.36234933;
 0.084482461;
 0.82854724]
Keyframe: 31 Frame: 643 Frame from vFrameID : 644
Tcw:
[0.99631292, -0.045227207, -0.072904147, 0.37466282;
 -0.020321278, 0.70117682, -0.71269774, 0.089415431;
 0.083352029, 0.71155149, 0.69767249, 0.84558344;
 0, 0, 0, 1]
Twc:
[0.99631292, -0.020321278, 0.083352029, -0.44194549;
 -0.045227207, 0.70117682, 0.71155149, -0.64742726;
 -0.072904147, -0.71269774, 0.69767249, -0.49889967;
 0, 0, 0, 1]
Ow:
[0.37466282;
 0.089415431;
 0.84558344]
Keyframe: 32 Frame: 654 Frame from vFrameID : 655
Tcw:
[0.99914962, -0.02559167, -0.032328177, 0.36258626;
 -0.0066660088, 0.67348683, -0.73916918, 0.095297992;
 0.040689174, 0.73875612, 0.6727435, 0.87117469;
 0, 0, 0, 1]
Twc:
[0.99914962, -0.0066660088, 0.040689174, -0.39709008;
 -0.02559167, 0.67348683, 0.73875612, -0.69848835;
 -0.032328177, -0.73916918, 0.6727435, -0.503914;
 0, 0, 0, 1]
Ow:
[0.36258626;
 0.095297992;
 0.87117469]
Keyframe: 33 Frame: 665 Frame from vFrameID : 666
Tcw:
[0.99821246, -0.047087017, -0.036806777, 0.39063954;
 0.0044558244, 0.67277235, -0.73983616, 0.094318449;
 0.059599258, 0.73834968, 0.67177951, 0.88571906;
 0, 0, 0, 1]
Twc:
[0.99821246, 0.0044558244, 0.059599258, -0.44314972;
 -0.047087017, 0.67277235, 0.73834968, -0.69903111;
 -0.036806777, -0.73983616, 0.67177951, -0.51084954;
 0, 0, 0, 1]
Ow:
[0.39063954;
 0.094318449;
 0.88571906]
Keyframe: 34 Frame: 676 Frame from vFrameID : 677
Tcw:
[0.99810547, -0.058673471, -0.018516632, 0.35874361;
 0.026568867, 0.68248004, -0.73042119, 0.12455478;
 0.055493578, 0.72854543, 0.68274593, 0.94066447;
 0, 0, 0, 1]
Twc:
[0.99810547, 0.026568867, 0.055493578, -0.41357407;
 -0.058673471, 0.68248004, 0.72854543, -0.74927425;
 -0.018516632, -0.73042119, 0.68274593, -0.54461467;
 0, 0, 0, 1]
Ow:
[0.35874361;
 0.12455478;
 0.94066447]
Keyframe: 35 Frame: 687 Frame from vFrameID : 688
Tcw:
[0.99944347, -0.033341572, 0.0010301735, 0.37846759;
 0.02335584, 0.67739481, -0.7352488, 0.11516896;
 0.023816515, 0.73486364, 0.67779654, 0.96818841;
 0, 0, 0, 1]
Twc:
[0.99944347, 0.02335584, 0.023816515, -0.40400571;
 -0.033341572, 0.67739481, 0.73486364, -0.77688265;
 0.0010301735, -0.7352488, 0.67779654, -0.5719468;
 0, 0, 0, 1]
Ow:
[0.37846759;
 0.11516896;
 0.96818841]
Keyframe: 36 Frame: 698 Frame from vFrameID : 699
Tcw:
[0.99858963, -0.023586895, 0.047564797, 0.38682172;
 0.05038989, 0.70322704, -0.70917737, 0.10711786;
 -0.01672156, 0.71057397, 0.7034238, 0.97380829;
 0, 0, 0, 1]
Twc:
[0.99858963, 0.05038989, -0.01672156, -0.3753902;
 -0.023586895, 0.70322704, 0.71057397, -0.75816703;
 0.047564797, -0.70917737, 0.7034238, -0.62743342;
 0, 0, 0, 1]
Ow:
[0.38682172;
 0.10711786;
 0.97380829]
Keyframe: 37 Frame: 707 Frame from vFrameID : 708
Tcw:
[0.99890637, -0.045289651, -0.011613506, 0.39352611;
 0.021822618, 0.67129719, -0.74086696, 0.15003806;
 0.04134972, 0.73980331, 0.67155141, 1.0187036;
 0, 0, 0, 1]
Twc:
[0.99890637, 0.021822618, 0.04134972, -0.43849307;
 -0.045289651, 0.67129719, 0.73980331, -0.83653778;
 -0.011613506, -0.74086696, 0.67155141, -0.56838334;
 0, 0, 0, 1]
Ow:
[0.39352611;
 0.15003806;
 1.0187036]
Keyframe: 38 Frame: 718 Frame from vFrameID : 719
Tcw:
[0.99729168, -0.064802423, -0.034784079, 0.4045634;
 0.01821159, 0.67579776, -0.73686206, 0.14289752;
 0.07125745, 0.73423296, 0.67514765, 1.0377753;
 0, 0, 0, 1]
Twc:
[0.99729168, 0.01821159, 0.07125745, -0.48001933;
 -0.064802423, 0.67579776, 0.73423296, -0.83232194;
 -0.034784079, -0.73686206, 0.67514765, -0.58128339;
 0, 0, 0, 1]
Ow:
[0.4045634;
 0.14289752;
 1.0377753]
Keyframe: 39 Frame: 728 Frame from vFrameID : 729
Tcw:
[0.9965719, -0.078807048, -0.025178133, 0.39135265;
 0.031375978, 0.64162272, -0.76637834, 0.13501218;
 0.076550879, 0.76296115, 0.64189583, 1.0711565;
 0, 0, 0, 1]
Twc:
[0.9965719, 0.031375978, 0.076550879, -0.47624516;
 -0.078807048, 0.64162272, 0.76296115, -0.87303632;
 -0.025178133, -0.76637834, 0.64189583, -0.57424688;
 0, 0, 0, 1]
Ow:
[0.39135265;
 0.13501218;
 1.0711565]
Keyframe: 40 Frame: 738 Frame from vFrameID : 739
Tcw:
[0.99574232, -0.085508667, -0.034431864, 0.45058489;
 0.031607751, 0.66759735, -0.7438513, 0.13526285;
 0.086592354, 0.73959589, 0.66745764, 1.0945494;
 0, 0, 0, 1]
Twc:
[0.99574232, 0.031607751, 0.086592354, -0.54772139;
 -0.085508667, 0.66759735, 0.73959589, -0.86129642;
 -0.034431864, -0.7438513, 0.66745764, -0.61443543;
 0, 0, 0, 1]
Ow:
[0.45058489;
 0.13526285;
 1.0945494]
Keyframe: 41 Frame: 749 Frame from vFrameID : 750
Tcw:
[0.98701137, -0.12892798, -0.095844224, 0.45726398;
 0.013708124, 0.66201568, -0.74936461, 0.16673735;
 0.16006444, 0.73831755, 0.65518439, 1.1283104;
 0, 0, 0, 1]
Twc:
[0.98701137, 0.013708124, 0.16006444, -0.63421279;
 -0.12892798, 0.66201568, 0.73831755, -0.88448;
 -0.095844224, -0.74936461, 0.65518439, -0.5704782;
 0, 0, 0, 1]
Ow:
[0.45726398;
 0.16673735;
 1.1283104]
Keyframe: 42 Frame: 760 Frame from vFrameID : 761
Tcw:
[0.98968393, -0.12475301, -0.07044436, 0.46179017;
 0.030225368, 0.66244072, -0.74850434, 0.15521985;
 0.14004338, 0.73865348, 0.65937763, 1.153712;
 0, 0, 0, 1]
Twc:
[0.98968393, 0.030225368, 0.14004338, -0.62328762;
 -0.12475301, 0.66244072, 0.73865348, -0.89740765;
 -0.07044436, -0.74850434, 0.65937763, -0.6120187;
 0, 0, 0, 1]
Ow:
[0.46179017;
 0.15521985;
 1.153712]
Keyframe: 43 Frame: 771 Frame from vFrameID : 772
Tcw:
[0.9949826, -0.095666327, -0.029284881, 0.46082464;
 0.041521266, 0.66115463, -0.74909979, 0.15062562;
 0.091025457, 0.74412531, 0.66180956, 1.1807712;
 0, 0, 0, 1]
Twc:
[0.9949826, 0.041521266, 0.091025457, -0.57224691;
 -0.095666327, 0.66115463, 0.74412531, -0.93414319;
 -0.029284881, -0.74909979, 0.66180956, -0.65511686;
 0, 0, 0, 1]
Ow:
[0.46082464;
 0.15062562;
 1.1807712]
Keyframe: 44 Frame: 781 Frame from vFrameID : 782
Tcw:
[0.9949199, -0.08594431, -0.052421413, 0.46663645;
 0.018691562, 0.66937852, -0.74268633, 0.13529262;
 0.098919429, 0.73793358, 0.66758442, 1.1895833;
 0, 0, 0, 1]
Twc:
[0.9949199, 0.018691562, 0.098919429, -0.58446759;
 -0.08594431, 0.66937852, 0.73793358, -0.92829067;
 -0.052421413, -0.74268633, 0.66758442, -0.66920561;
 0, 0, 0, 1]
Ow:
[0.46663645;
 0.13529262;
 1.1895833]
Keyframe: 45 Frame: 792 Frame from vFrameID : 793
Tcw:
[0.99551505, -0.070085429, -0.063543841, 0.47364786;
 0.002745463, 0.69280756, -0.72111732, 0.13850933;
 0.094563469, 0.71770871, 0.68989277, 1.2187554;
 0, 0, 0, 1]
Twc:
[0.99551505, 0.002745463, 0.094563469, -0.58715355;
 -0.070085429, 0.69280756, 0.71770871, -0.93747574;
 -0.063543841, -0.72111732, 0.68989277, -0.71083158;
 0, 0, 0, 1]
Ow:
[0.47364786;
 0.13850933;
 1.2187554]
Keyframe: 46 Frame: 803 Frame from vFrameID : 804
Tcw:
[0.99867421, -0.049402326, -0.014464476, 0.48170578;
 0.023005487, 0.67970884, -0.73312116, 0.13549078;
 0.046049524, 0.73181641, 0.67994422, 1.2458088;
 0, 0, 0, 1]
Twc:
[0.99867421, 0.023005487, 0.046049524, -0.54155308;
 -0.049402326, 0.67970884, 0.73181641, -0.98000032;
 -0.014464476, -0.73312116, 0.67994422, -0.74078172;
 0, 0, 0, 1]
Ow:
[0.48170578;
 0.13549078;
 1.2458088]
Keyframe: 47 Frame: 813 Frame from vFrameID : 814
Tcw:
[0.99827194, -0.057567183, -0.011798196, 0.49007347;
 0.031629369, 0.69558448, -0.71774775, 0.11783761;
 0.049525358, 0.71613425, 0.69620329, 1.2576008;
 0, 0, 0, 1]
Twc:
[0.99827194, 0.031629369, 0.049525358, -0.55523682;
 -0.057567183, 0.69558448, 0.71613425, -0.95436484;
 -0.011798196, -0.71774775, 0.69620329, -0.78518611;
 0, 0, 0, 1]
Ow:
[0.49007347;
 0.11783761;
 1.2576008]
Keyframe: 48 Frame: 823 Frame from vFrameID : 824
Tcw:
[0.9921096, -0.094455451, -0.082442373, 0.50238311;
 0.0072155069, 0.69949991, -0.71459627, 0.12968755;
 0.12516594, 0.70836294, 0.69466209, 1.300495;
 0, 0, 0, 1]
Twc:
[0.9921096, 0.0072155069, 0.12516594, -0.66213256;
 -0.094455451, 0.69949991, 0.70836294, -0.96448612;
 -0.082442373, -0.71459627, 0.69466209, -0.76931274;
 0, 0, 0, 1]
Ow:
[0.50238311;
 0.12968755;
 1.300495]
Keyframe: 49 Frame: 834 Frame from vFrameID : 835
Tcw:
[0.99414468, -0.10550795, -0.023332495, 0.45027825;
 0.055511419, 0.6839233, -0.72743893, 0.20085764;
 0.09270823, 0.72188431, 0.68577564, 1.3270255;
 0, 0, 0, 1]
Twc:
[0.99414468, 0.055511419, 0.09270823, -0.58181781;
 -0.10550795, 0.6839233, 0.72188431, -1.0478222;
 -0.023332495, -0.72743893, 0.68577564, -0.75342399;
 0, 0, 0, 1]
Ow:
[0.45027825;
 0.20085764;
 1.3270255]
Keyframe: 50 Frame: 843 Frame from vFrameID : 844
Tcw:
[0.99621147, -0.086566858, -0.0082988022, 0.45607895;
 0.053036824, 0.68041652, -0.73090386, 0.16832954;
 0.06891869, 0.72769463, 0.68242997, 1.3453889;
 0, 0, 0, 1]
Twc:
[0.99621147, 0.053036824, 0.06891869, -0.55600119;
 -0.086566858, 0.68041652, 0.72769463, -1.0540853;
 -0.0082988022, -0.73090386, 0.68242997, -0.79131621;
 0, 0, 0, 1]
Ow:
[0.45607895;
 0.16832954;
 1.3453889]
Keyframe: 51 Frame: 853 Frame from vFrameID : 854
Tcw:
[0.99485999, -0.10049256, -0.012444631, 0.45155129;
 0.059527446, 0.67983019, -0.73094964, 0.19387072;
 0.081915237, 0.72645175, 0.68231791, 1.3755994;
 0, 0, 0, 1]
Twc:
[0.99485999, 0.059527446, 0.081915237, -0.57345349;
 -0.10049256, 0.67983019, 0.72645175, -1.0857282;
 -0.012444631, -0.73094964, 0.68231791, -0.79126692;
 0, 0, 0, 1]
Ow:
[0.45155129;
 0.19387072;
 1.3755994]
Keyframe: 52 Frame: 863 Frame from vFrameID : 864
Tcw:
[0.99535245, -0.090746894, -0.032225717, 0.47058848;
 0.039114166, 0.68677217, -0.72581959, 0.19478589;
 0.0879976, 0.72118586, 0.68712986, 1.4057951;
 0, 0, 0, 1]
Twc:
[0.99535245, 0.039114166, 0.0879976, -0.59972692;
 -0.090746894, 0.68677217, 0.72118586, -1.1049086;
 -0.032225717, -0.72581959, 0.68712986, -0.80941933;
 0, 0, 0, 1]
Ow:
[0.47058848;
 0.19478589;
 1.4057951]
Keyframe: 53 Frame: 873 Frame from vFrameID : 874
Tcw:
[0.99685919, -0.079166561, -0.0020860962, 0.48717022;
 0.051376451, 0.6665256, -0.74370968, 0.18743956;
 0.060267374, 0.74126667, 0.66849947, 1.4382031;
 0, 0, 0, 1]
Twc:
[0.99685919, 0.051376451, 0.060267374, -0.58194685;
 -0.079166561, 0.6665256, 0.74126667, -1.1524577;
 -0.0020860962, -0.74370968, 0.66849947, -0.82102114;
 0, 0, 0, 1]
Ow:
[0.48717022;
 0.18743956;
 1.4382031]
Keyframe: 54 Frame: 883 Frame from vFrameID : 884
Tcw:
[0.99538893, -0.085555166, 0.04337294, 0.4717457;
 0.089868344, 0.67371112, -0.73351008, 0.18907976;
 0.033534747, 0.73402566, 0.67829329, 1.4603856;
 0, 0, 0, 1]
Twc:
[0.99538893, 0.089868344, 0.033534747, -0.53553641;
 -0.085555166, 0.67371112, 0.73402566, -1.1589854;
 0.04337294, -0.73351008, 0.67829329, -0.87233883;
 0, 0, 0, 1]
Ow:
[0.4717457;
 0.18907976;
 1.4603856]
Keyframe: 55 Frame: 893 Frame from vFrameID : 894
Tcw:
[0.99637091, -0.084924951, -0.0057230741, 0.49251917;
 0.051154424, 0.65118945, -0.75718921, 0.21321863;
 0.068031065, 0.7541486, 0.65317047, 1.4914368;
 0, 0, 0, 1]
Twc:
[0.99637091, 0.051154424, 0.068031065, -0.60310292;
 -0.084924951, 0.65118945, 0.7541486, -1.2217835;
 -0.0057230741, -0.75718921, 0.65317047, -0.80989695;
 0, 0, 0, 1]
Ow:
[0.49251917;
 0.21321863;
 1.4914368]
Keyframe: 56 Frame: 903 Frame from vFrameID : 904
Tcw:
[0.99579901, -0.091501638, 0.0034359735, 0.4935579;
 0.064923711, 0.6790992, -0.73116976, 0.18631351;
 0.064569861, 0.72832119, 0.6821869, 1.5184298;
 0, 0, 0, 1]
Twc:
[0.99579901, 0.064923711, 0.064569861, -0.60162544;
 -0.091501638, 0.6790992, 0.72832119, -1.1872686;
 0.0034359735, -0.73116976, 0.6821869, -0.90132201;
 0, 0, 0, 1]
Ow:
[0.4935579;
 0.18631351;
 1.5184298]
Keyframe: 57 Frame: 913 Frame from vFrameID : 914
Tcw:
[0.99566555, -0.089848503, 0.024029486, 0.50610644;
 0.079011194, 0.68082517, -0.72817189, 0.2006529;
 0.049065273, 0.72691423, 0.68497318, 1.5230143;
 0, 0, 0, 1]
Twc:
[0.99566555, 0.079011194, 0.049065273, -0.59449369;
 -0.089848503, 0.68082517, 0.72691423, -1.1982374;
 0.024029486, -0.72817189, 0.68497318, -0.90927565;
 0, 0, 0, 1]
Ow:
[0.50610644;
 0.2006529;
 1.5230143]
Keyframe: 58 Frame: 924 Frame from vFrameID : 925
Tcw:
[0.99729371, -0.06994231, 0.022657532, 0.51902151;
 0.06451714, 0.6847924, -0.72587663, 0.20598418;
 0.035253782, 0.72537398, 0.68745166, 1.5336201;
 0, 0, 0, 1]
Twc:
[0.99729371, 0.06451714, 0.035253782, -0.58497226;
 -0.06994231, 0.6847924, 0.72537398, -1.2172029;
 0.022657532, -0.72587663, 0.68745166, -0.91653025;
 0, 0, 0, 1]
Ow:
[0.51902151;
 0.20598418;
 1.5336201]
Keyframe: 59 Frame: 934 Frame from vFrameID : 935
Tcw:
[0.99649149, -0.08347825, 0.006007717, 0.522982;
 0.063312635, 0.70493072, -0.7064448, 0.19967741;
 0.054737747, 0.7043466, 0.70774269, 1.5501707;
 0, 0, 0, 1]
Twc:
[0.99649149, 0.063312635, 0.054737747, -0.61864203;
 -0.08347825, 0.70493072, 0.7043466, -1.1889584;
 0.006007717, -0.7064448, 0.70774269, -0.95920277;
 0, 0, 0, 1]
Ow:
[0.522982;
 0.19967741;
 1.5501707]
Keyframe: 60 Frame: 945 Frame from vFrameID : 946
Tcw:
[0.99773961, -0.038658928, 0.05496487, 0.52897471;
 0.066474155, 0.68758571, -0.72305399, 0.19755846;
 -0.0098405676, 0.7250734, 0.68860132, 1.5691457;
 0, 0, 0, 1]
Twc:
[0.99773961, 0.066474155, -0.0098405676, -0.52547026;
 -0.038658928, 0.68758571, 0.7250734, -1.2531345;
 0.05496487, -0.72305399, 0.68860132, -0.96674532;
 0, 0, 0, 1]
Ow:
[0.52897471;
 0.19755846;
 1.5691457]
Keyframe: 61 Frame: 955 Frame from vFrameID : 956
Tcw:
[0.99576473, -0.028457381, 0.087422788, 0.53620136;
 0.081514157, 0.71305346, -0.69635493, 0.18493545;
 -0.042520691, 0.70053184, 0.71235323, 1.577311;
 0, 0, 0, 1]
Twc:
[0.99576473, 0.081514157, -0.042520691, -0.48193693;
 -0.028457381, 0.71305346, 0.70053184, -1.2215667;
 0.087422788, -0.69635493, 0.71235323, -1.0416981;
 0, 0, 0, 1]
Ow:
[0.53620136;
 0.18493545;
 1.577311]
Keyframe: 62 Frame: 964 Frame from vFrameID : 965
Tcw:
[0.99805492, -0.010173151, 0.061505098, 0.53946543;
 0.052719004, 0.66430098, -0.74560374, 0.20207888;
 -0.033272758, 0.74739593, 0.66354519, 1.622596;
 0, 0, 0, 1]
Twc:
[0.99805492, 0.052719004, -0.033272758, -0.49508128;
 -0.010173151, 0.66430098, 0.74739593, -1.3414749;
 0.061505098, -0.74560374, 0.66354519, -0.95917493;
 0, 0, 0, 1]
Ow:
[0.53946543;
 0.20207888;
 1.622596]
Keyframe: 63 Frame: 975 Frame from vFrameID : 976
Tcw:
[0.9987514, -0.020708648, 0.045462463, 0.5487079;
 0.047359895, 0.68208361, -0.72973901, 0.19586402;
 -0.015897293, 0.73098093, 0.68221271, 1.6267809;
 0, 0, 0, 1]
Twc:
[0.9987514, 0.047359895, -0.015897293, -0.53143752;
 -0.020708648, 0.68208361, 0.73098093, -1.3113784;
 0.045462463, -0.72973901, 0.68221271, -0.99182653;
 0, 0, 0, 1]
Ow:
[0.5487079;
 0.19586402;
 1.6267809]
Keyframe: 64 Frame: 986 Frame from vFrameID : 987
Tcw:
[0.99922282, -0.0062099025, 0.038925778, 0.54593873;
 0.03268737, 0.6824376, -0.73021263, 0.19438416;
 -0.022029864, 0.73091751, 0.68211019, 1.6454477;
 0, 0, 0, 1]
Twc:
[0.99922282, 0.03268737, -0.022029864, -0.51561934;
 -0.0062099025, 0.6824376, 0.73091751, -1.3319514;
 0.038925778, -0.73021263, 0.68211019, -1.001686;
 0, 0, 0, 1]
Ow:
[0.54593873;
 0.19438416;
 1.6454477]
Keyframe: 65 Frame: 996 Frame from vFrameID : 997
Tcw:
[0.99839896, -0.017803501, 0.053689901, 0.55595964;
 0.051074002, 0.69168234, -0.72039366, 0.19349676;
 -0.024310827, 0.72198242, 0.69148421, 1.6577858;
 0, 0, 0, 1]
Twc:
[0.99839896, 0.051074002, -0.024310827, -0.52465004;
 -0.017803501, 0.69168234, 0.72198242, -1.3208324;
 0.053689901, -0.72039366, 0.69148421, -1.0367882;
 0, 0, 0, 1]
Ow:
[0.55595964;
 0.19349676;
 1.6577858]
Keyframe: 66 Frame: 1006 Frame from vFrameID : 1007
Tcw:
[0.99857712, -0.042245638, -0.032543313, 0.56776172;
 0.0048932997, 0.68027502, -0.73294061, 0.19946605;
 0.053101946, 0.73173851, 0.67951381, 1.6722721;
 0, 0, 0, 1]
Twc:
[0.99857712, 0.0048932997, 0.053101946, -0.65673077;
 -0.042245638, 0.68027502, 0.73173851, -1.3353721;
 -0.032543313, -0.73294061, 0.67951381, -0.97165823;
 0, 0, 0, 1]
Ow:
[0.56776172;
 0.19946605;
 1.6722721]
Keyframe: 67 Frame: 1016 Frame from vFrameID : 1017
Tcw:
[0.99500716, -0.081651151, -0.05739164, 0.57994562;
 0.01377064, 0.68186581, -0.73134768, 0.19953209;
 0.098848775, 0.72690588, 0.67958575, 1.689903;
 0, 0, 0, 1]
Twc:
[0.99500716, 0.01377064, 0.098848775, -0.74684256;
 -0.081651151, 0.68186581, 0.72690588, -1.3171014;
 -0.05739164, -0.73134768, 0.67958575, -0.96922266;
 0, 0, 0, 1]
Ow:
[0.57994562;
 0.19953209;
 1.689903]
Keyframe: 68 Frame: 1027 Frame from vFrameID : 1028
Tcw:
[0.99557775, -0.088151835, -0.032467905, 0.58621639;
 0.036208041, 0.67899787, -0.7332468, 0.21040738;
 0.086682692, 0.72882861, 0.679187, 1.7064631;
 0, 0, 0, 1]
Twc:
[0.99557775, 0.036208041, 0.086682692, -0.73916328;
 -0.088151835, 0.67899787, 0.72882861, -1.3349092;
 -0.032467905, -0.7332468, 0.679187, -0.98569375;
 0, 0, 0, 1]
Ow:
[0.58621639;
 0.21040738;
 1.7064631]
Keyframe: 69 Frame: 1037 Frame from vFrameID : 1038
Tcw:
[0.99638426, -0.08494287, 0.0017701959, 0.58867693;
 0.062077031, 0.71362531, -0.69777167, 0.20374906;
 0.058007471, 0.69535857, 0.71631807, 1.7193521;
 0, 0, 0, 1]
Twc:
[0.99638426, 0.062077031, 0.058007471, -0.69893187;
 -0.08494287, 0.71362531, 0.69535857, -1.2909629;
 0.0017701959, -0.69777167, 0.71631807, -1.0904747;
 0, 0, 0, 1]
Ow:
[0.58867693;
 0.20374906;
 1.7193521]
Keyframe: 70 Frame: 1048 Frame from vFrameID : 1049
Tcw:
[0.99362898, -0.10598498, -0.038323354, 0.59878802;
 0.046933915, 0.69829035, -0.71427435, 0.21191519;
 0.10246318, 0.70792496, 0.69881582, 1.7342529;
 0, 0, 0, 1]
Twc:
[0.99362898, 0.046933915, 0.10246318, -0.78261614;
 -0.10598498, 0.69829035, 0.70792496, -1.3122368;
 -0.038323354, -0.71427435, 0.69881582, -1.0376102;
 0, 0, 0, 1]
Ow:
[0.59878802;
 0.21191519;
 1.7342529]
Keyframe: 71 Frame: 1059 Frame from vFrameID : 1060
Tcw:
[0.99686497, -0.076126069, -0.021564249, 0.60022748;
 0.036492556, 0.68419665, -0.72838396, 0.21066695;
 0.0702032, 0.72531354, 0.68482971, 1.7510009;
 0, 0, 0, 1]
Twc:
[0.99686497, 0.036492556, 0.0702032, -0.72895938;
 -0.076126069, 0.68419665, 0.72531354, -1.3684694;
 -0.021564249, -0.72838396, 0.68482971, -1.0327476;
 0, 0, 0, 1]
Ow:
[0.60022748;
 0.21066695;
 1.7510009]
Keyframe: 72 Frame: 1070 Frame from vFrameID : 1071
Tcw:
[0.99728572, -0.071504347, 0.017559553, 0.61173975;
 0.062369395, 0.69365478, -0.71760237, 0.20524758;
 0.039131422, 0.71674973, 0.69623166, 1.7673268;
 0, 0, 0, 1]
Twc:
[0.99728572, 0.062369395, 0.039131422, -0.69203848;
 -0.071504347, 0.69365478, 0.71674973, -1.36536;
 0.017559553, -0.71760237, 0.69623166, -1.0939246;
 0, 0, 0, 1]
Ow:
[0.61173975;
 0.20524758;
 1.7673268]
Keyframe: 73 Frame: 1082 Frame from vFrameID : 1083
Tcw:
[0.99588668, -0.087701567, -0.022763051, 0.61522377;
 0.04089193, 0.65922421, -0.75083375, 0.23891652;
 0.08085525, 0.74681449, 0.66009891, 1.7973914;
 0, 0, 0, 1]
Twc:
[0.99588668, 0.04089193, 0.08085525, -0.76779139;
 -0.087701567, 0.65922421, 0.74681449, -1.4458616;
 -0.022763051, -0.75083375, 0.66009891, -0.99306518;
 0, 0, 0, 1]
Ow:
[0.61522377;
 0.23891652;
 1.7973914]
Keyframe: 74 Frame: 1092 Frame from vFrameID : 1093
Tcw:
[0.99571532, -0.089419439, -0.023561245, 0.61194843;
 0.043144852, 0.67460388, -0.73691797, 0.227651;
 0.0817893, 0.73274404, 0.67557138, 1.8191895;
 0, 0, 0, 1]
Twc:
[0.99571532, 0.043144852, 0.0817893, -0.76793861;
 -0.089419439, 0.67460388, 0.73274404, -1.4318544;
 -0.023561245, -0.73691797, 0.67557138, -1.0468141;
 0, 0, 0, 1]
Ow:
[0.61194843;
 0.227651;
 1.8191895]
Keyframe: 75 Frame: 1103 Frame from vFrameID : 1104
Tcw:
[0.99750829, -0.055469345, 0.043592799, 0.60960031;
 0.069331422, 0.6564455, -0.75118071, 0.22832638;
 0.013051204, 0.75233138, 0.65865558, 1.8273686;
 0, 0, 0, 1]
Twc:
[0.99750829, 0.069331422, 0.013051204, -0.64776093;
 -0.055469345, 0.6564455, 0.75233138, -1.4908564;
 0.043592799, -0.75118071, 0.65865558, -1.0586663;
 0, 0, 0, 1]
Ow:
[0.60960031;
 0.22832638;
 1.8273686]
Keyframe: 76 Frame: 1113 Frame from vFrameID : 1114
Tcw:
[0.99778259, -0.065774724, 0.010175307, 0.6153664;
 0.051399436, 0.66436386, -0.7456398, 0.2189579;
 0.042284146, 0.74450946, 0.66627151, 1.8402023;
 0, 0, 0, 1]
Twc:
[0.99778259, 0.051399436, 0.042284146, -0.70306766;
 -0.065774724, 0.66436386, 0.74450946, -1.4750402;
 0.010175307, -0.7456398, 0.66627151, -1.0690721;
 0, 0, 0, 1]
Ow:
[0.6153664;
 0.2189579;
 1.8402023]
Keyframe: 77 Frame: 1124 Frame from vFrameID : 1125
Tcw:
[0.99688333, -0.076985061, -0.017232513, 0.62375915;
 0.040596321, 0.68789619, -0.72467291, 0.24365008;
 0.067643166, 0.72171474, 0.68887752, 1.8459642;
 0, 0, 0, 1]
Twc:
[0.99688333, 0.040596321, 0.067643166, -0.7565732;
 -0.076985061, 0.68789619, 0.72171474, -1.4518453;
 -0.017232513, -0.72467291, 0.68887752, -1.0843276;
 0, 0, 0, 1]
Ow:
[0.62375915;
 0.24365008;
 1.8459642]
Keyframe: 78 Frame: 1135 Frame from vFrameID : 1136
Tcw:
[0.99869883, -0.050936393, 0.0024871738, 0.62458646;
 0.036745317, 0.68492526, -0.72768617, 0.23575139;
 0.03536218, 0.72683072, 0.68590569, 1.8564378;
 0, 0, 0, 1]
Twc:
[0.99869883, 0.036745317, 0.03536218, -0.69808418;
 -0.050936393, 0.68492526, 0.72683072, -1.4789739;
 0.0024871738, -0.72768617, 0.68590569, -1.1033417;
 0, 0, 0, 1]
Ow:
[0.62458646;
 0.23575139;
 1.8564378]
Keyframe: 79 Frame: 1145 Frame from vFrameID : 1146
Tcw:
[0.99640614, -0.051567577, 0.067198142, 0.59168375;
 0.084257342, 0.68479127, -0.72385192, 0.26738542;
 -0.0086894138, 0.72691244, 0.68667519, 1.886055;
 0, 0, 0, 1]
Twc:
[0.99640614, 0.084257342, -0.0086894138, -0.59569782;
 -0.051567577, 0.68479127, 0.72691244, -1.5235883;
 0.067198142, -0.72385192, 0.68667519, -1.1413196;
 0, 0, 0, 1]
Ow:
[0.59168375;
 0.26738542;
 1.886055]
Keyframe: 80 Frame: 1155 Frame from vFrameID : 1156
Tcw:
[0.99779624, -0.06632407, 0.0019368525, 0.61632508;
 0.047655206, 0.69601482, -0.71644419, 0.26826143;
 0.046169419, 0.71495765, 0.69764167, 1.8825214;
 0, 0, 0, 1]
Twc:
[0.99779624, 0.047655206, 0.046169419, -0.71466583;
 -0.06632407, 0.69601482, 0.71495765, -1.4917599;
 0.0019368525, -0.71644419, 0.69764167, -1.1223248;
 0, 0, 0, 1]
Ow:
[0.61632508;
 0.26826143;
 1.8825214]
Keyframe: 81 Frame: 1165 Frame from vFrameID : 1166
Tcw:
[0.99723881, -0.073938943, 0.0069087814, 0.62116277;
 0.058191072, 0.72025067, -0.69126898, 0.26552546;
 0.046135642, 0.68976229, 0.72256452, 1.8999712;
 0, 0, 0, 1]
Twc:
[0.99723881, 0.058191072, 0.046135642, -0.72255522;
 -0.073938943, 0.72025067, 0.68976229, -1.4558452;
 0.0069087814, -0.69126898, 0.72256452, -1.1935937;
 0, 0, 0, 1]
Ow:
[0.62116277;
 0.26552546;
 1.8999712]
Keyframe: 82 Frame: 1176 Frame from vFrameID : 1177
Tcw:
[0.99683189, -0.075742915, 0.024272218, 0.62458092;
 0.071123019, 0.71225381, -0.69830942, 0.25179374;
 0.035604015, 0.69782346, 0.71538436, 1.9135425;
 0, 0, 0, 1]
Twc:
[0.99683189, 0.071123019, 0.035604015, -0.70864034;
 -0.075742915, 0.71225381, 0.69782346, -1.4673482;
 0.024272218, -0.69830942, 0.71538436, -1.2082485;
 0, 0, 0, 1]
Ow:
[0.62458092;
 0.25179374;
 1.9135425]
Keyframe: 83 Frame: 1186 Frame from vFrameID : 1187
Tcw:
[0.99549335, -0.094680786, 0.0053364923, 0.6354273;
 0.071456797, 0.71193641, -0.69859898, 0.2713455;
 0.062344655, 0.69583195, 0.71549356, 1.9264822;
 0, 0, 0, 1]
Twc:
[0.99549335, 0.071456797, 0.062344655, -0.77205908;
 -0.094680786, 0.71193641, 0.69583195, -1.4735259;
 0.0053364923, -0.69859898, 0.71549356, -1.192215;
 0, 0, 0, 1]
Ow:
[0.6354273;
 0.2713455;
 1.9264822]
Keyframe: 84 Frame: 1197 Frame from vFrameID : 1198
Tcw:
[0.99373841, -0.10964296, -0.021503681, 0.63116157;
 0.062995568, 0.708758, -0.70263338, 0.25516188;
 0.09227971, 0.69687915, 0.71122706, 1.9506373;
 0, 0, 0, 1]
Twc:
[0.99373841, 0.062995568, 0.09227971, -0.82328779;
 -0.10964296, 0.708758, 0.69687915, -1.471004;
 -0.021503681, -0.70263338, 0.71122706, -1.1944884;
 0, 0, 0, 1]
Ow:
[0.63116157;
 0.25516188;
 1.9506373]
Keyframe: 85 Frame: 1207 Frame from vFrameID : 1208
Tcw:
[0.99574482, -0.092145994, -0.0011582939, 0.64568394;
 0.063965201, 0.70015746, -0.71111745, 0.248743;
 0.066337608, 0.70801741, 0.70307231, 1.9581925;
 0, 0, 0, 1]
Twc:
[0.99574482, 0.063965201, 0.066337608, -0.78874916;
 -0.092145994, 0.70015746, 0.70801741, -1.5010965;
 -0.0011582939, -0.71111745, 0.70307231, -1.1991175;
 0, 0, 0, 1]
Ow:
[0.64568394;
 0.248743;
 1.9581925]
Keyframe: 86 Frame: 1216 Frame from vFrameID : 1217
Tcw:
[0.99688041, -0.075656459, 0.022484258, 0.64774412;
 0.069603801, 0.70838767, -0.70238328, 0.26332885;
 0.03721226, 0.70175713, 0.71144372, 1.9626238;
 0, 0, 0, 1]
Twc:
[0.99688041, 0.069603801, 0.03721226, -0.73708582;
 -0.075656459, 0.70838767, 0.70175713, -1.5148182;
 0.022484258, -0.70238328, 0.71144372, -1.2259028;
 0, 0, 0, 1]
Ow:
[0.64774412;
 0.26332885;
 1.9626238]
Keyframe: 87 Frame: 1225 Frame from vFrameID : 1226
Tcw:
[0.99504167, -0.095471814, -0.027877867, 0.65490735;
 0.043340258, 0.66850275, -0.74244577, 0.28761762;
 0.089519069, 0.73755622, 0.66932589, 1.9879134;
 0, 0, 0, 1]
Twc:
[0.99504167, 0.043340258, 0.089519069, -0.84208173;
 -0.095471814, 0.66850275, 0.73755622, -1.595946;
 -0.027877867, -0.74244577, 0.66932589, -1.0987641;
 0, 0, 0, 1]
Ow:
[0.65490735;
 0.28761762;
 1.9879134]
Keyframe: 88 Frame: 1235 Frame from vFrameID : 1236
Tcw:
[0.99572295, -0.089206457, -0.024043167, 0.65468073;
 0.044809431, 0.69387025, -0.71870452, 0.27666903;
 0.080795921, 0.71455318, 0.69489986, 1.9991908;
 0, 0, 0, 1]
Twc:
[0.99572295, 0.044809431, 0.080795921, -0.82580441;
 -0.089206457, 0.69387025, 0.71455318, -1.5620987;
 -0.024043167, -0.71870452, 0.69489986, -1.1746534;
 0, 0, 0, 1]
Ow:
[0.65468073;
 0.27666903;
 1.9991908]
Keyframe: 89 Frame: 1245 Frame from vFrameID : 1246
Tcw:
[0.99585152, -0.090613127, 0.0083048632, 0.66572064;
 0.069427066, 0.69766068, -0.71305639, 0.27462149;
 0.058818292, 0.71067488, 0.70105749, 1.9994624;
 0, 0, 0, 1]
Twc:
[0.99585152, 0.069427066, 0.058818292, -0.79963005;
 -0.090613127, 0.69766068, 0.71067488, -1.5522373;
 0.0083048632, -0.71305639, 0.70105749, -1.2114463;
 0, 0, 0, 1]
Ow:
[0.66572064;
 0.27462149;
 1.9994624]
Keyframe: 90 Frame: 1255 Frame from vFrameID : 1256
Tcw:
[0.99525082, -0.095365211, -0.019526722, 0.68420166;
 0.051920746, 0.68973148, -0.72220129, 0.29396856;
 0.082341075, 0.71775758, 0.69140726, 2.0165696;
 0, 0, 0, 1]
Twc:
[0.99525082, 0.051920746, 0.082341075, -0.86226177;
 -0.095365211, 0.68973148, 0.71775758, -1.5849184;
 -0.019526722, -0.72220129, 0.69140726, -1.1686062;
 0, 0, 0, 1]
Ow:
[0.68420166;
 0.29396856;
 2.0165696]
Keyframe: 91 Frame: 1264 Frame from vFrameID : 1265
Tcw:
[0.99124938, -0.11408643, -0.06639988, 0.69002938;
