Keyframe: 0 Frame: 0 Frame from vFrameID : 154
Tcw:
[0.99979794, 0.020091482, -0.00067657267, 0.066681497;
 -0.01357004, 0.6496805, -0.76008624, -0.071197778;
 -0.014831702, 0.75994182, 0.64982188, -0.0040725209;
 0, 0, 0, 1]
Twc:
[0.99979794, -0.01357004, -0.014831702, -0.067694582;
 0.020091482, 0.6496805, 0.75994182, 0.048010956;
 -0.00067657267, -0.76008624, 0.64982188, -0.051424921;
 0, 0, 0, 1]
Ow:
[0.066681497;
 -0.071197778;
 -0.0040725209]
Keyframe: 1 Frame: 153 Frame from vFrameID : 154
Tcw:
[0.99975693, 0.014376039, 0.016715689, 0.066410556;
 0.002747518, 0.6710242, -0.7414304, -0.070952624;
 -0.021875463, 0.74129611, 0.67082155, -0.0045156777;
 0, 0, 0, 1]
Twc:
[0.99975693, 0.002747518, -0.021875463, -0.066298254;
 0.014376039, 0.6710242, 0.74129611, 0.050003659;
 0.016715689, -0.7414304, 0.67082155, -0.050687317;
 0, 0, 0, 1]
Ow:
[0.066410556;
 -0.070952624;
 -0.0045156777]
Keyframe: 2 Frame: 155 Frame from vFrameID : 156
Tcw:
[0.99972403, 0.013592587, 0.019158838, 0.066894315;
 0.0048399623, 0.67890221, -0.73421276, -0.071031123;
 -0.022986827, 0.7341029, 0.67864907, -0.0043404214;
 0, 0, 0, 1]
Twc:
[0.99972403, 0.0048399623, -0.022986827, -0.066631839;
 0.013592587, 0.67890221, 0.7341029, 0.050500233;
 0.019158838, -0.73421276, 0.67864907, -0.050487947;
 0, 0, 0, 1]
Ow:
[0.066894315;
 -0.071031123;
 -0.0043404214]
Keyframe: 3 Frame: 156 Frame from vFrameID : 157
Tcw:
[0.99973345, 0.013509164, 0.018721325, 0.06687589;
 0.0045515783, 0.67967087, -0.7335031, -0.071283937;
 -0.022633353, 0.73339283, 0.67942822, -0.0040139109;
 0, 0, 0, 1]
Twc:
[0.99973345, 0.0045515783, -0.022633353, -0.066624463;
 0.013509164, 0.67967087, 0.73339283, 0.050489947;
 0.018721325, -0.7335031, 0.67942822, -0.050811827;
 0, 0, 0, 1]
Ow:
[0.06687589;
 -0.071283937;
 -0.0040139109]
Keyframe: 4 Frame: 158 Frame from vFrameID : 159
Tcw:
[0.99971509, 0.013496147, 0.019687068, 0.067092001;
 0.0054481872, 0.67400062, -0.73871064, -0.071380779;
 -0.023238843, 0.73860747, 0.67373508, -0.0036968626;
 0, 0, 0, 1]
Twc:
[0.99971509, 0.0054481872, -0.023238843, -0.066769905;
 0.013496147, 0.67400062, 0.73860747, 0.049935739;
 0.019687068, -0.73871064, 0.67373508, -0.051559884;
 0, 0, 0, 1]
Ow:
[0.067092001;
 -0.071380779;
 -0.0036968626]
Keyframe: 5 Frame: 159 Frame from vFrameID : 160
Tcw:
[0.99971294, 0.014085564, 0.019381315, 0.067289822;
 0.0049655051, 0.669563, -0.74273866, -0.071412787;
 -0.023438904, 0.74262172, 0.66930085, -0.0037215017;
 0, 0, 0, 1]
Twc:
[0.99971294, 0.0049655051, -0.023438904, -0.067003123;
 0.014085564, 0.669563, 0.74262172, 0.049631212;
 0.019381315, -0.74273866, 0.66930085, -0.051854398;
 0, 0, 0, 1]
Ow:
[0.067289822;
 -0.071412787;
 -0.0037215017]
Keyframe: 6 Frame: 160 Frame from vFrameID : 161
Tcw:
[0.99967122, 0.016585836, 0.019555204, 0.06720838;
 0.0034457638, 0.66882259, -0.74341404, -0.071357504;
 -0.025409104, 0.74323702, 0.66854554, -0.0039117485;
 0, 0, 0, 1]
Twc:
[0.99967122, 0.0034457638, -0.025409104, -0.067039788;
 0.016585836, 0.66882259, 0.74323702, 0.049518157;
 0.019555204, -0.74341404, 0.66854554, -0.051747259;
 0, 0, 0, 1]
Ow:
[0.06720838;
 -0.071357504;
 -0.0039117485]
Keyframe: 7 Frame: 161 Frame from vFrameID : 162
Tcw:
[0.99966443, 0.018041009, 0.018588405, 0.066903345;
 0.0017863264, 0.66787356, -0.74427259, -0.071289927;
 -0.025842132, 0.74405605, 0.66761726, -0.0039025545;
 0, 0, 0, 1]
Twc:
[0.99966443, 0.0017863264, -0.025842132, -0.066854402;
 0.018041009, 0.66787356, 0.74405605, 0.04930938;
 0.018588405, -0.74427259, 0.66761726, -0.051697355;
 0, 0, 0, 1]
Ow:
[0.066903345;
 -0.071289927;
 -0.0039025545]
Keyframe: 8 Frame: 162 Frame from vFrameID : 163
Tcw:
[0.99968237, 0.017096212, 0.018516969, 0.066833101;
 0.0023303556, 0.66887909, -0.74336755, -0.071212918;
 -0.025094382, 0.74317461, 0.66862679, -0.0040822923;
 0, 0, 0, 1]
Twc:
[0.99968237, 0.0023303556, -0.025094382, -0.066748366;
 0.017096212, 0.66887909, 0.74317461, 0.049524091;
 0.018516969, -0.74336755, 0.66862679, -0.051445391;
 0, 0, 0, 1]
Ow:
[0.066833101;
 -0.071212918;
 -0.0040822923]
Keyframe: 9 Frame: 163 Frame from vFrameID : 164
Tcw:
[0.99969536, 0.01934774, 0.01532404, 0.066987924;
 -0.0016883925, 0.67303395, -0.73960966, -0.071147263;
 -0.024623375, 0.73935848, 0.67286158, -0.0040204972;
 0, 0, 0, 1]
Twc:
[0.99969536, -0.0016883925, -0.024623375, -0.067186646;
 0.01934774, 0.67303395, 0.73935848, 0.04956105;
 0.01532404, -0.73960966, 0.67286158, -0.050942492;
 0, 0, 0, 1]
Ow:
[0.066987924;
 -0.071147263;
 -0.0040204972]
Keyframe: 10 Frame: 164 Frame from vFrameID : 165
Tcw:
[0.99968976, 0.019443974, 0.015565598, 0.066833749;
 -0.0018395899, 0.680884, -0.73238891, -0.071383879;
 -0.024838919, 0.73213309, 0.68070859, -0.0043978095;
 0, 0, 0, 1]
Twc:
[0.99968976, -0.0018395899, -0.024838919, -0.067053571;
 0.019443974, 0.680884, 0.73213309, 0.05052441;
 0.015565598, -0.73238891, 0.68070859, -0.050327439;
 0, 0, 0, 1]
Ow:
[0.066833749;
 -0.071383879;
 -0.0043978095]
Keyframe: 11 Frame: 165 Frame from vFrameID : 166
Tcw:
[0.99961376, 0.020855743, 0.018368902, 0.066780716;
 -0.00106754, 0.68927598, -0.72449809, -0.071625941;
 -0.02777119, 0.72419864, 0.68903196, -0.0039737485;
 0, 0, 0, 1]
Twc:
[0.99961376, -0.00106754, -0.02777119, -0.066941738;
 0.020855743, 0.68927598, 0.72419864, 0.050855063;
 0.018368902, -0.72449809, 0.68903196, -0.050381504;
 0, 0, 0, 1]
Ow:
[0.066780716;
 -0.071625941;
 -0.0039737485]
Keyframe: 12 Frame: 166 Frame from vFrameID : 167
Tcw:
[0.99954939, 0.016747093, 0.024912007, 0.065758646;
 0.0061774729, 0.69738084, -0.71667409, -0.071434051;
 -0.029375365, 0.71650505, 0.69696313, -0.004313767;
 0, 0, 0, 1]
Twc:
[0.99954939, 0.0061774729, -0.029375365, -0.065414444;
 0.016747093, 0.69738084, 0.71650505, 0.051806308;
 0.024912007, -0.71667409, 0.69696313, -0.049826577;
 0, 0, 0, 1]
Ow:
[0.065758646;
 -0.071434051;
 -0.004313767]
Keyframe: 13 Frame: 167 Frame from vFrameID : 168
Tcw:
[0.99961907, 0.016440542, 0.022166897, 0.06692946;
 0.0044331178, 0.69711715, -0.71694356, -0.071721211;
 -0.027239863, 0.71676874, 0.69677871, -0.0032187104;
 0, 0, 0, 1]
Twc:
[0.99961907, 0.0044331178, -0.027239863, -0.066673696;
 0.016440542, 0.69711715, 0.71676874, 0.051204801;
 0.022166897, -0.71694356, 0.69677871, -0.050660949;
 0, 0, 0, 1]
Ow:
[0.06692946;
 -0.071721211;
 -0.0032187104]
Keyframe: 14 Frame: 168 Frame from vFrameID : 169
Tcw:
[0.99970949, 0.017345568, 0.016735731, 0.067492798;
 -1.1999747e-05, 0.69470102, -0.7192986, -0.071944773;
 -0.024102973, 0.71908945, 0.69449943, -0.0024620295;
 0, 0, 0, 1]
Twc:
[0.99970949, -1.1999747e-05, -0.024102973, -0.067533396;
 0.017345568, 0.69470102, 0.71908945, 0.050579824;
 0.016735731, -0.7192986, 0.69449943, -0.051169433;
 0, 0, 0, 1]
Ow:
[0.067492798;
 -0.071944773;
 -0.0024620295]
Keyframe: 15 Frame: 170 Frame from vFrameID : 171
Tcw:
[0.99966061, 0.017871827, 0.018952966, 0.065675408;
 0.00092218601, 0.70281911, -0.71136802, -0.071942002;
 -0.026033953, 0.71114409, 0.70256406, -0.004098881;
 0, 0, 0, 1]
Twc:
[0.99966061, 0.00092218601, -0.026033953, -0.065693483;
 0.017871827, 0.70281911, 0.71114409, 0.052303363;
 0.018952966, -0.71136802, 0.70256406, -0.049542259;
 0, 0, 0, 1]
Ow:
[0.065675408;
 -0.071942002;
 -0.004098881]
Keyframe: 16 Frame: 171 Frame from vFrameID : 172
Tcw:
[0.99965924, 0.018046355, 0.018860966, 0.065725327;
 0.00074165582, 0.70261097, -0.71157384, -0.071969047;
 -0.026093235, 0.71134531, 0.70235813, -0.0040544122;
 0, 0, 0, 1]
Twc:
[0.99965924, 0.00074165582, -0.026093235, -0.065755337;
 0.018046355, 0.70261097, 0.71134531, 0.052264221;
 0.018860966, -0.71157384, 0.70235813, -0.04960328;
 0, 0, 0, 1]
Ow:
[0.065725327;
 -0.071969047;
 -0.0040544122]
Keyframe: 17 Frame: 173 Frame from vFrameID : 174
Tcw:
[0.99948454, 0.014700877, 0.028540401, 0.065685898;
 0.01003713, 0.70134187, -0.71275437, -0.071989432;
 -0.030494692, 0.71267349, 0.70083278, -0.0035939924;
 0, 0, 0, 1]
Twc:
[0.99948454, 0.01003713, -0.030494692, -0.065039076;
 0.014700877, 0.70134187, 0.71267349, 0.052084904;
 0.028540401, -0.71275437, 0.70083278, -0.050666705;
 0, 0, 0, 1]
Ow:
[0.065685898;
 -0.071989432;
 -0.0035939924]
Keyframe: 18 Frame: 178 Frame from vFrameID : 179
Tcw:
[0.99913436, 0.03383093, 0.024207827, 0.065612637;
 -0.0066637164, 0.7045638, -0.70960939, -0.07237424;
 -0.041062705, 0.70883381, 0.70417935, -0.0027134307;
 0, 0, 0, 1]
Twc:
[0.99913436, -0.0066637164, -0.041062705, -0.06614954;
 0.03383093, 0.7045638, 0.70883381, 0.050695904;
 0.024207827, -0.70960939, 0.70417935, -0.051035035;
 0, 0, 0, 1]
Ow:
[0.065612637;
 -0.07237424;
 -0.0027134307]
Keyframe: 19 Frame: 183 Frame from vFrameID : 184
Tcw:
[0.99758762, 0.041875847, 0.055365831, 0.065253511;
 0.011006019, 0.69206583, -0.72175044, -0.071701176;
 -0.068540715, 0.72061867, 0.68993545, -0.00086982921;
 0, 0, 0, 1]
Twc:
[0.99758762, 0.011006019, -0.068540715, -0.064366572;
 0.041875847, 0.69206583, 0.72061867, 0.047516204;
 0.055365831, -0.72175044, 0.68993545, -0.054763049;
 0, 0, 0, 1]
Ow:
[0.065253511;
 -0.071701176;
 -0.00086982921]
Keyframe: 20 Frame: 189 Frame from vFrameID : 190
Tcw:
[0.99537259, 0.06162411, 0.073728375, 0.065045059;
 0.0095206667, 0.70025706, -0.71382731, -0.072365165;
 -0.095617786, 0.71122611, 0.69642997, 0.00050923973;
 0, 0, 0, 1]
Twc:
[0.99537259, 0.0095206667, -0.095617786, -0.064006411;
 0.06162411, 0.70025706, 0.71122611, 0.046303686;
 0.073728375, -0.71382731, 0.69642997, -0.056806546;
 0, 0, 0, 1]
Ow:
[0.065045059;
 -0.072365165;
 0.00050923973]
Keyframe: 21 Frame: 196 Frame from vFrameID : 197
Tcw:
[0.99657959, 0.057595894, 0.059261229, 0.065582551;
 0.0029335797, 0.69200242, -0.72188926, -0.070305236;
 -0.082586765, 0.71959394, 0.68946648, 0.0035173409;
 0, 0, 0, 1]
Twc:
[0.99657959, 0.0029335797, -0.082586765, -0.064861499;
 0.057595894, 0.69200242, 0.71959394, 0.042343047;
 0.059261229, -0.72188926, 0.68946648, -0.057064183;
 0, 0, 0, 1]
Ow:
[0.065582551;
 -0.070305236;
 0.0035173409]
Keyframe: 22 Frame: 204 Frame from vFrameID : 205
Tcw:
[0.99553496, 0.092155538, 0.020432318, 0.070296198;
 -0.048868828, 0.68837559, -0.72370636, -0.073002778;
 -0.080758661, 0.71947646, 0.68980551, 0.01055133;
 0, 0, 0, 1]
Twc:
[0.99553496, -0.048868828, -0.080758661, -0.072697774;
 0.092155538, 0.68837559, 0.71947646, 0.036183711;
 0.020432318, -0.72370636, 0.68980551, -0.06154725;
 0, 0, 0, 1]
Ow:
[0.070296198;
 -0.073002778;
 0.01055133]
Keyframe: 23 Frame: 212 Frame from vFrameID : 213
Tcw:
[0.99687195, 0.077530861, 0.015340555, 0.075018361;
 -0.043173291, 0.69677877, -0.71598566, -0.077003516;
 -0.066199958, 0.71308368, 0.69794643, 0.020432938;
 0, 0, 0, 1]
Twc:
[0.99687195, -0.043173291, -0.066199958, -0.076755531;
 0.077530861, 0.69677877, 0.71308368, 0.033267777;
 0.015340555, -0.71598566, 0.69794643, -0.070545331;
 0, 0, 0, 1]
Ow:
[0.075018361;
 -0.077003516;
 0.020432938]
Keyframe: 24 Frame: 220 Frame from vFrameID : 221
Tcw:
[0.99471313, 0.085100465, 0.057477903, 0.070873283;
 -0.016520822, 0.68502891, -0.72832859, -0.072523497;
 -0.10135512, 0.72352839, 0.68281317, 0.032354355;
 0, 0, 0, 1]
Twc:
[0.99471313, -0.016520822, -0.10135512, -0.068417452;
 0.085100465, 0.68502891, 0.72352839, 0.020240044;
 0.057477903, -0.72832859, 0.68281317, -0.078986555;
 0, 0, 0, 1]
Ow:
[0.070873283;
 -0.072523497;
 0.032354355]
Keyframe: 25 Frame: 228 Frame from vFrameID : 229
Tcw:
[0.99328083, 0.089736603, 0.073078617, 0.076380514;
 -0.0060892245, 0.6711148, -0.74132842, -0.069587685;
 -0.11556844, 0.73590231, 0.66715193, 0.052974597;
 0, 0, 0, 1]
Twc:
[0.99328083, -0.0060892245, -0.11556844, -0.070168853;
 0.089736603, 0.6711148, 0.73590231, 0.00086306303;
 0.073078617, -0.74132842, 0.66715193, -0.092511214;
 0, 0, 0, 1]
Ow:
[0.076380514;
 -0.069587685;
 0.052974597]
Keyframe: 26 Frame: 236 Frame from vFrameID : 237
Tcw:
[0.9943952, 0.094132312, 0.048138816, 0.086923189;
 -0.02443335, 0.64758742, -0.76159936, -0.068993516;
 -0.1028652, 0.75615454, 0.64625776, 0.071945205;
 0, 0, 0, 1]
Twc:
[0.9943952, -0.02443335, -0.1028652, -0.080721088;
 0.094132312, 0.64758742, 0.75615454, -0.017904636;
 0.048138816, -0.76159936, 0.64625776, -0.10322494;
 0, 0, 0, 1]
Ow:
[0.086923189;
 -0.068993516;
 0.071945205]
Keyframe: 27 Frame: 245 Frame from vFrameID : 246
Tcw:
[0.99169219, 0.1245306, 0.032229915, 0.092140846;
 -0.057052597, 0.65037596, -0.75746691, -0.072908476;
 -0.11528938, 0.74933523, 0.65207756, 0.085275158;
 0, 0, 0, 1]
Twc:
[0.99169219, -0.057052597, -0.11528938, -0.085703656;
 0.1245306, 0.65037596, 0.74933523, -0.027956106;
 0.032229915, -0.75746691, 0.65207756, -0.11380146;
 0, 0, 0, 1]
Ow:
[0.092140846;
 -0.072908476;
 0.085275158]
Keyframe: 28 Frame: 253 Frame from vFrameID : 254
Tcw:
[0.99168724, 0.11482858, 0.058059104, 0.09368775;
 -0.027334556, 0.62892401, -0.77698612, -0.074673772;
 -0.12573498, 0.76894021, 0.62683469, 0.091683865;
 0, 0, 0, 1]
Twc:
[0.99168724, -0.027334556, -0.12573498, -0.083422244;
 0.11482858, 0.62892401, 0.76894021, -0.034293309;
 0.058059104, -0.77698612, 0.62683469, -0.12093054;
 0, 0, 0, 1]
Ow:
[0.09368775;
 -0.074673772;
 0.091683865]
Keyframe: 29 Frame: 261 Frame from vFrameID : 262
Tcw:
[0.99028903, 0.1080704, 0.087454915, 0.098541729;
 -0.0010736717, 0.63499141, -0.77251846, -0.071482942;
 -0.1390195, 0.76492268, 0.62894112, 0.094087757;
 0, 0, 0, 1]
Twc:
[0.99028903, -0.0010736717, -0.1390195, -0.084581517;
 0.1080704, 0.63499141, 0.76492268, -0.037228253;
 0.087454915, -0.77251846, 0.62894112, -0.1230155;
 0, 0, 0, 1]
Ow:
[0.098541729;
 -0.071482942;
 0.094087757]
Keyframe: 30 Frame: 270 Frame from vFrameID : 271
Tcw:
[0.99313611, 0.085330963, 0.079995736, 0.099764749;
 0.0072876438, 0.63745958, -0.77044934, -0.072160594;
 -0.11673724, 0.76574403, 0.63246226, 0.099848047;
 0, 0, 0, 1]
Twc:
[0.99313611, 0.0072876438, -0.11673724, -0.086898103;
 0.085330963, 0.63745958, 0.76574403, -0.038971603;
 0.079995736, -0.77044934, 0.63246226, -0.12672696;
 0, 0, 0, 1]
Ow:
[0.099764749;
 -0.072160594;
 0.099848047]
Keyframe: 31 Frame: 278 Frame from vFrameID : 279
Tcw:
[0.99486649, 0.081693113, 0.059723597, 0.099703372;
 -0.0060887518, 0.63742959, -0.77048457, -0.057335258;
 -0.10101287, 0.76616561, 0.6346547, 0.11017981;
 0, 0, 0, 1]
Twc:
[0.99486649, -0.0060887518, -0.10101287, -0.088411063;
 0.081693113, 0.63742959, 0.76616561, -0.056013878;
 0.059723597, -0.77048457, 0.6346547, -0.12005672;
 0, 0, 0, 1]
Ow:
[0.099703372;
 -0.057335258;
 0.11017981]
Keyframe: 32 Frame: 287 Frame from vFrameID : 288
Tcw:
[0.99536437, 0.072806247, 0.062841117, 0.10649143;
 0.002632665, 0.63252854, -0.77453256, -0.047670204;
 -0.09613961, 0.77110755, 0.62940472, 0.12500715;
 0, 0, 0, 1]
Twc:
[0.99536437, 0.002632665, -0.09613961, -0.093854144;
 0.072806247, 0.63252854, 0.77110755, -0.073994435;
 0.062841117, -0.77453256, 0.62940472, -0.12229425;
 0, 0, 0, 1]
Ow:
[0.10649143;
 -0.047670204;
 0.12500715]
Keyframe: 33 Frame: 294 Frame from vFrameID : 295
Tcw:
[0.99221212, 0.092797041, 0.083089091, 0.10983727;
 0.0090748956, 0.61143535, -0.79124236, -0.045377385;
 -0.12422855, 0.78583431, 0.60583144, 0.13614871;
 0, 0, 0, 1]
Twc:
[0.99221212, 0.0090748956, -0.12422855, -0.091656528;
 0.092797041, 0.61143535, 0.78583431, -0.089437559;
 0.083089091, -0.79124236, 0.60583144, -0.12751396;
 0, 0, 0, 1]
Ow:
[0.10983727;
 -0.045377385;
 0.13614871]
Keyframe: 34 Frame: 301 Frame from vFrameID : 302
Tcw:
[0.98869514, 0.10492765, 0.10710796, 0.11342923;
 0.020428549, 0.61341262, -0.78949833, -0.031945206;
 -0.14854158, 0.78276122, 0.60433453, 0.15097132;
 0, 0, 0, 1]
Twc:
[0.98869514, 0.020428549, -0.14854158, -0.089068815;
 0.10492765, 0.61341262, 0.78276122, -0.11048078;
 0.10710796, -0.78949833, 0.60433453, -0.12860705;
 0, 0, 0, 1]
Ow:
[0.11342923;
 -0.031945206;
 0.15097132]
Keyframe: 35 Frame: 306 Frame from vFrameID : 307
Tcw:
[0.99161184, 0.089639641, 0.09311644, 0.12069616;
 0.01909844, 0.61090279, -0.79147518, -0.033802919;
 -0.12783265, 0.7866146, 0.60406649, 0.16402784;
 0, 0, 0, 1]
Twc:
[0.99161184, 0.01909844, -0.12783265, -0.09807004;
 0.089639641, 0.61090279, 0.7866146, -0.11919555;
 0.09311644, -0.79147518, 0.60406649, -0.13707669;
 0, 0, 0, 1]
Ow:
[0.12069616;
 -0.033802919;
 0.16402784]
Keyframe: 36 Frame: 311 Frame from vFrameID : 312
Tcw:
[0.99207181, 0.10753336, 0.065038875, 0.12649272;
 -0.011874948, 0.59542489, -0.80332321, -0.0350805;
 -0.12510981, 0.79618198, 0.59198123, 0.1764833;
 0, 0, 0, 1]
Twc:
[0.99207181, -0.011874948, -0.12510981, -0.10382665;
 0.10753336, 0.59542489, 0.79618198, -0.13322721;
 0.065038875, -0.80332321, 0.59198123, -0.14088273;
 0, 0, 0, 1]
Ow:
[0.12649272;
 -0.0350805;
 0.1764833]
Keyframe: 37 Frame: 320 Frame from vFrameID : 321
Tcw:
[0.99231732, 0.10387949, 0.067196429, 0.13920662;
 -0.011518786, 0.61835384, -0.78581542, -0.038079806;
 -0.12318128, 0.77900422, 0.6147998, 0.18946889;
 0, 0, 0, 1]
Twc:
[0.99231732, -0.011518786, -0.12318128, -0.11523675;
 0.10387949, 0.61835384, 0.77900422, -0.13851099;
 0.067196429, -0.78581542, 0.6147998, -0.15576333;
 0, 0, 0, 1]
Ow:
[0.13920662;
 -0.038079806;
 0.18946889]
Keyframe: 38 Frame: 326 Frame from vFrameID : 327
Tcw:
[0.989595, 0.11066245, 0.091954008, 0.14191535;
 0.0054585189, 0.60976267, -0.79256529, -0.044425763;
 -0.14377734, 0.78482056, 0.60281402, 0.20458449;
 0, 0, 0, 1]
Twc:
[0.989595, 0.0054585189, -0.14377734, -0.11078162;
 0.11066245, 0.60976267, 0.78482056, -0.14917766;
 0.091954008, -0.79256529, 0.60281402, -0.17158641;
 0, 0, 0, 1]
Ow:
[0.14191535;
 -0.044425763;
 0.20458449]
Keyframe: 39 Frame: 332 Frame from vFrameID : 333
Tcw:
[0.98720282, 0.1268028, 0.096703827, 0.14338219;
 0.001620834, 0.5983991, -0.80119658, -0.036081523;
 -0.15946145, 0.79110026, 0.59053576, 0.20721754;
 0, 0, 0, 1]
Twc:
[0.98720282, 0.001620834, -0.15946145, -0.10844561;
 0.1268028, 0.5983991, 0.79110026, -0.16051996;
 0.096703827, -0.80119658, 0.59053576, -0.16514336;
 0, 0, 0, 1]
Ow:
[0.14338219;
 -0.036081523;
 0.20721754]
Keyframe: 40 Frame: 338 Frame from vFrameID : 339
Tcw:
[0.98484659, 0.11164334, 0.13271365, 0.13213857;
 0.038215064, 0.60672915, -0.79398954, -0.040941782;
 -0.16916488, 0.78702956, 0.59326869, 0.2199614;
 0, 0, 0, 1]
Twc:
[0.98484659, 0.038215064, -0.16916488, -0.091361888;
 0.11164334, 0.60672915, 0.78702956, -0.16302793;
 0.13271365, -0.79398954, 0.59326869, -0.18054014;
 0, 0, 0, 1]
Ow:
[0.13213857;
 -0.040941782;
 0.2199614]
Keyframe: 41 Frame: 345 Frame from vFrameID : 346
Tcw:
[0.99087417, 0.093828805, 0.096770234, 0.14081711;
 0.021794658, 0.59695697, -0.80197716, -0.04898838;
 -0.13301623, 0.79676759, 0.58946425, 0.22930653;
 0, 0, 0, 1]
Twc:
[0.99087417, 0.021794658, -0.13301623, -0.10796286;
 0.093828805, 0.59695697, 0.79676759, -0.16667275;
 0.096770234, -0.80197716, 0.58946425, -0.18808249;
 0, 0, 0, 1]
Ow:
[0.14081711;
 -0.04898838;
 0.22930653]
Keyframe: 42 Frame: 351 Frame from vFrameID : 352
Tcw:
[0.99217546, 0.089642264, 0.08690308, 0.144281;
 0.014181559, 0.61063033, -0.79178876, -0.043477878;
 -0.1240434, 0.78682578, 0.60458118, 0.23603176;
 0, 0, 0, 1]
Twc:
[0.99217546, 0.014181559, -0.1240434, -0.1132573;
 0.089642264, 0.61063033, 0.78682578, -0.17210065;
 0.08690308, -0.79178876, 0.60458118, -0.18966411;
 0, 0, 0, 1]
Ow:
[0.144281;
 -0.043477878;
 0.23603176]
Keyframe: 43 Frame: 356 Frame from vFrameID : 357
Tcw:
[0.9932074, 0.078453131, 0.085931212, 0.14862305;
 0.018016797, 0.62591302, -0.77968472, -0.042675771;
 -0.11495417, 0.77593684, 0.62024796, 0.25081241;
 0, 0, 0, 1]
Twc:
[0.9932074, 0.018016797, -0.11495417, -0.1180127;
 0.078453131, 0.62591302, 0.77593684, -0.17956321;
 0.085931212, -0.77968472, 0.62024796, -0.20161089;
 0, 0, 0, 1]
Ow:
[0.14862305;
 -0.042675771;
 0.25081241]
Keyframe: 44 Frame: 364 Frame from vFrameID : 365
Tcw:
[0.98597616, 0.07517308, 0.14899665, 0.1591714;
 0.067108393, 0.63884628, -0.76640195, -0.048404597;
 -0.15279874, 0.76565295, 0.62484246, 0.25676364;
 0, 0, 0, 1]
Twc:
[0.98597616, 0.067108393, -0.15279874, -0.11445769;
 0.07517308, 0.63884628, 0.76565295, -0.17763413;
 0.14899665, -0.76640195, 0.62484246, -0.22125019;
 0, 0, 0, 1]
Ow:
[0.1591714;
 -0.048404597;
 0.25676364]
Keyframe: 45 Frame: 371 Frame from vFrameID : 372
Tcw:
[0.98314512, 0.085599661, 0.16154991, 0.1622282;
 0.070974238, 0.63562846, -0.76872563, -0.053919598;
 -0.16848838, 0.76723474, 0.61883962, 0.26329374;
 0, 0, 0, 1]
Twc:
[0.98314512, 0.070974238, -0.16848838, -0.11130503;
 0.085599661, 0.63562846, 0.76723474, -0.18162197;
 0.16154991, -0.76872563, 0.61883962, -0.23059395;
 0, 0, 0, 1]
Ow:
[0.1622282;
 -0.053919598;
 0.26329374]
Keyframe: 46 Frame: 377 Frame from vFrameID : 378
Tcw:
[0.98755586, 0.064508826, 0.14342941, 0.16292495;
 0.069694355, 0.63804817, -0.76683587, -0.050212607;
 -0.14098255, 0.76728946, 0.62561232, 0.2787379;
 0, 0, 0, 1]
Twc:
[0.98755586, 0.069694355, -0.14098255, -0.11810077;
 0.064508826, 0.63804817, 0.76728946, -0.19234471;
 0.14342941, -0.76683587, 0.62561232, -0.23625492;
 0, 0, 0, 1]
Ow:
[0.16292495;
 -0.050212607;
 0.2787379]
Keyframe: 47 Frame: 384 Frame from vFrameID : 385
Tcw:
[0.99237257, 0.060371395, 0.10747997, 0.16823265;
 0.046974026, 0.62090486, -0.78247726, -0.049253628;
 -0.11397407, 0.78155774, 0.61333305, 0.28943473;
 0, 0, 0, 1]
Twc:
[0.99237257, 0.046974026, -0.11397407, -0.13164777;
 0.060371395, 0.62090486, 0.78155774, -0.20578457;
 0.10747997, -0.78247726, 0.61333305, -0.23414136;
 0, 0, 0, 1]
Ow:
[0.16823265;
 -0.049253628;
 0.28943473]
Keyframe: 48 Frame: 391 Frame from vFrameID : 392
Tcw:
[0.99328285, 0.070818968, 0.091508515, 0.17569692;
 0.027790332, 0.6216833, -0.78277558, -0.037842527;
 -0.11232467, 0.78006065, 0.61553925, 0.30230504;
 0, 0, 0, 1]
Twc:
[0.99328285, 0.027790332, -0.11232467, -0.13950878;
 0.070818968, 0.6216833, 0.78006065, -0.22473285;
 0.091508515, -0.78277558, 0.61553925, -0.23178059;
 0, 0, 0, 1]
Ow:
[0.17569692;
 -0.037842527;
 0.30230504]
Keyframe: 49 Frame: 398 Frame from vFrameID : 399
Tcw:
[0.99226528, 0.077941, 0.096616834, 0.18265061;
 0.025067994, 0.63647079, -0.77089334, -0.044340074;
 -0.12157799, 0.76735264, 0.62959409, 0.31373566;
 0, 0, 0, 1]
Twc:
[0.99226528, 0.025067994, -0.12157799, -0.141983;
 0.077941, 0.63647079, 0.76735264, -0.22676072;
 0.096616834, -0.77089334, 0.62959409, -0.24935469;
 0, 0, 0, 1]
Ow:
[0.18265061;
 -0.044340074;
 0.31373566]
Keyframe: 50 Frame: 405 Frame from vFrameID : 406
Tcw:
[0.99189943, 0.080799654, 0.098014913, 0.18506862;
 0.025848426, 0.62708163, -0.77852458, -0.046656504;
 -0.12436786, 0.7747516, 0.61991334, 0.31771284;
 0, 0, 0, 1]
Twc:
[0.99189943, 0.025848426, -0.12436786, -0.14285019;
 0.080799654, 0.62708163, 0.7747516, -0.23184459;
 0.098014913, -0.77852458, 0.61991334, -0.25141716;
 0, 0, 0, 1]
Ow:
[0.18506862;
 -0.046656504;
 0.31771284]
Keyframe: 51 Frame: 413 Frame from vFrameID : 414
Tcw:
[0.98868054, 0.085691594, 0.12315714, 0.18711804;
 0.040484894, 0.63803434, -0.76894289, -0.052526668;
 -0.14447042, 0.76522487, 0.62734294, 0.32376441;
 0, 0, 0, 1]
Twc:
[0.98868054, 0.040484894, -0.14447042, -0.13609906;
 0.085691594, 0.63803434, 0.76522487, -0.23027322;
 0.12315714, -0.76894289, 0.62734294, -0.26654625;
 0, 0, 0, 1]
Ow:
[0.18711804;
 -0.052526668;
 0.32376441]
Keyframe: 52 Frame: 421 Frame from vFrameID : 422
Tcw:
[0.99361074, 0.078258872, 0.081322074, 0.19606701;
 0.013674059, 0.63176435, -0.77503991, -0.052807733;
 -0.11203013, 0.77119994, 0.62665772, 0.33742255;
 0, 0, 0, 1]
Twc:
[0.99361074, 0.013674059, -0.11203013, -0.1562907;
 0.078258872, 0.63176435, 0.77119994, -0.24220221;
 0.081322074, -0.77503991, 0.62665772, -0.26832113;
 0, 0, 0, 1]
Ow:
[0.19606701;
 -0.052807733;
 0.33742255]
Keyframe: 53 Frame: 429 Frame from vFrameID : 430
Tcw:
[0.99509072, 0.075685345, 0.063766778, 0.20448029;
 0.00030018046, 0.64201224, -0.76669437, -0.046354711;
 -0.098966576, 0.76294959, 0.6388377, 0.35699123;
 0, 0, 0, 1]
Twc:
[0.99509072, 0.00030018046, -0.098966576, -0.16813232;
 0.075685345, 0.64201224, 0.76294959, -0.25808218;
 0.063766778, -0.76669437, 0.6388377, -0.27663839;
 0, 0, 0, 1]
Ow:
[0.20448029;
 -0.046354711;
 0.35699123]
Keyframe: 54 Frame: 437 Frame from vFrameID : 438
Tcw:
[0.99282295, 0.08234705, 0.086726859, 0.21176553;
 0.015373897, 0.63128412, -0.77539927, -0.046013877;
 -0.11860114, 0.77116752, 0.62548733, 0.36347866;
 0, 0, 0, 1]
Twc:
[0.99282295, 0.015373897, -0.11860114, -0.16642928;
 0.08234705, 0.63128412, 0.77116752, -0.26869339;
 0.086726859, -0.77539927, 0.62548733, -0.28139621;
 0, 0, 0, 1]
Ow:
[0.21176553;
 -0.046013877;
 0.36347866]
Keyframe: 55 Frame: 444 Frame from vFrameID : 445
Tcw:
[0.98849994, 0.078501306, 0.12924935, 0.20690963;
 0.049759928, 0.63825375, -0.76821619, -0.034590304;
 -0.14279985, 0.76581311, 0.6270076, 0.37167868;
 0, 0, 0, 1]
Twc:
[0.98849994, 0.049759928, -0.14279985, -0.14973329;
 0.078501306, 0.63825375, 0.76581311, -0.27880168;
 0.12924935, -0.76821619, 0.6270076, -0.2863611;
 0, 0, 0, 1]
Ow:
[0.20690963;
 -0.034590304;
 0.37167868]
Keyframe: 56 Frame: 452 Frame from vFrameID : 453
Tcw:
[0.9911024, 0.067037359, 0.11498731, 0.21408549;
 0.045039449, 0.64402974, -0.76367342, -0.047263935;
 -0.12524989, 0.76205754, 0.63528007, 0.38290799;
 0, 0, 0, 1]
Twc:
[0.9911024, 0.045039449, -0.12524989, -0.1620927;
 0.067037359, 0.64402974, 0.76205754, -0.27571025;
 0.11498731, -0.76367342, 0.63528007, -0.30396515;
 0, 0, 0, 1]
Ow:
[0.21408549;
 -0.047263935;
 0.38290799]
Keyframe: 57 Frame: 461 Frame from vFrameID : 462
Tcw:
[0.99629617, 0.048197743, 0.071210772, 0.22173986;
 0.0233155, 0.64570129, -0.76323402, -0.049724132;
 -0.082767047, 0.76206744, 0.64218599, 0.39603382;
 0, 0, 0, 1]
Twc:
[0.99629617, 0.0233155, -0.082767047, -0.18698066;
 0.048197743, 0.64570129, 0.76206744, -0.28038493;
 0.071210772, -0.76323402, 0.64218599, -0.30806878;
 0, 0, 0, 1]
Ow:
[0.22173986;
 -0.049724132;
 0.39603382]
Keyframe: 58 Frame: 469 Frame from vFrameID : 470
Tcw:
[0.99641639, 0.053030118, 0.065894976, 0.22905594;
 0.017645087, 0.63159156, -0.77510047, -0.043536067;
 -0.082722381, 0.7734856, 0.62839246, 0.40201652;
 0, 0, 0, 1]
Twc:
[0.99641639, 0.017645087, -0.082722381, -0.19421114;
 0.053030118, 0.63159156, 0.7734856, -0.29560381;
 0.065894976, -0.77510047, 0.62839246, -0.30146262;
 0, 0, 0, 1]
Ow:
[0.22905594;
 -0.043536067;
 0.40201652]
Keyframe: 59 Frame: 477 Frame from vFrameID : 478
Tcw:
[0.9953407, 0.051727045, 0.08137048, 0.23329686;
 0.03073658, 0.62966877, -0.77625543, -0.044505104;
 -0.09138985, 0.77513969, 0.62514508, 0.40682197;
 0, 0, 0, 1]
Twc:
[0.9953407, 0.03073658, -0.09138985, -0.19366252;
 0.051727045, 0.62966877, 0.77513969, -0.29938814;
 0.08137048, -0.77625543, 0.62514508, -0.30785355;
 0, 0, 0, 1]
Ow:
[0.23329686;
 -0.044505104;
 0.40682197]
Keyframe: 60 Frame: 486 Frame from vFrameID : 487
Tcw:
[0.99694669, 0.050692167, 0.059394039, 0.24485773;
 0.014281653, 0.62942547, -0.77692962, -0.035013124;
 -0.076768368, 0.77540565, 0.62677968, 0.41102093;
 0, 0, 0, 1]
Twc:
[0.99694669, 0.014281653, -0.076768368, -0.21205664;
 0.050692167, 0.62942547, 0.77540565, -0.30908215;
 0.059394039, -0.77692962, 0.62677968, -0.29936537;
 0, 0, 0, 1]
Ow:
[0.24485773;
 -0.035013124;
 0.41102093]
Keyframe: 61 Frame: 494 Frame from vFrameID : 495
Tcw:
[0.99897778, 0.03334441, 0.030520674, 0.24257466;
 0.0022647826, 0.63741523, -0.77051717, -0.029818505;
 -0.045146782, 0.76979864, 0.63668817, 0.42830533;
 0, 0, 0, 1]
Twc:
[0.99897778, 0.0022647826, -0.045146782, -0.22292256;
 0.03334441, 0.63741523, 0.76979864, -0.31879058;
 0.030520674, -0.77051717, 0.63668817, -0.30307612;
 0, 0, 0, 1]
Ow:
[0.24257466;
 -0.029818505;
 0.42830533]
Keyframe: 62 Frame: 502 Frame from vFrameID : 503
Tcw:
[0.99855232, 0.036733378, 0.039292827, 0.24807583;
 0.0054886308, 0.65710133, -0.75378227, -0.035759732;
 -0.053508338, 0.75290674, 0.6559484, 0.43416655;
 0, 0, 0, 1]
Twc:
[0.99855232, 0.0054886308, -0.053508338, -0.2242889;
 0.036733378, 0.65710133, 0.75290674, -0.31250179;
 0.039292827, -0.75378227, 0.6559484, -0.32149354;
 0, 0, 0, 1]
Ow:
[0.24807583;
 -0.035759732;
 0.43416655]
Keyframe: 63 Frame: 510 Frame from vFrameID : 511
Tcw:
[0.99620497, 0.048399154, 0.072340526, 0.24906085;
 0.024886014, 0.63805079, -0.76959199, -0.035874784;
 -0.083404534, 0.76847166, 0.63442492, 0.44345409;
 0, 0, 0, 1]
Twc:
[0.99620497, 0.024886014, -0.083404534, -0.2102368;
 0.048399154, 0.63805079, 0.76847166, -0.32994628;
 0.072340526, -0.76959199, 0.63442492, -0.32696447;
 0, 0, 0, 1]
Ow:
[0.24906085;
 -0.035874784;
 0.44345409]
Keyframe: 64 Frame: 519 Frame from vFrameID : 520
Tcw:
[0.9934715, 0.040082365, 0.10680727, 0.24495068;
 0.054479193, 0.65589571, -0.75288302, -0.036351085;
 -0.10023176, 0.75378656, 0.64943004, 0.46875861;
 0, 0, 0, 1]
Twc:
[0.9934715, 0.054479193, -0.10023176, -0.19438665;
 0.040082365, 0.65589571, 0.75378656, -0.33931965;
 0.10680727, -0.75288302, 0.64943004, -0.35795656;
 0, 0, 0, 1]
Ow:
[0.24495068;
 -0.036351085;
 0.46875861]
Keyframe: 65 Frame: 528 Frame from vFrameID : 529
Tcw:
[0.99766952, 0.028078722, 0.062186193, 0.25474253;
 0.030093838, 0.6368829, -0.77037299, -0.037390724;
 -0.061236411, 0.77044904, 0.63455367, 0.47260985;
 0, 0, 0, 1]
Twc:
[0.99766952, 0.030093838, -0.061236411, -0.22408271;
 0.028078722, 0.6368829, 0.77044904, -0.34746116;
 0.062186193, -0.77037299, 0.63455367, -0.34454259;
 0, 0, 0, 1]
Ow:
[0.25474253;
 -0.037390724;
 0.47260985]
Keyframe: 66 Frame: 536 Frame from vFrameID : 537
Tcw:
[0.99834985, 0.02253828, 0.052816778, 0.25467426;
 0.025373219, 0.65196979, -0.75782031, -0.038558245;
 -0.051514909, 0.75790989, 0.65032208, 0.48176706;
 0, 0, 0, 1]
Twc:
[0.99834985, 0.025373219, -0.051514909, -0.22845745;
 0.02253828, 0.65196979, 0.75790989, -0.34573713;
 0.052816778, -0.75782031, 0.65032208, -0.35597503;
 0, 0, 0, 1]
Ow:
[0.25467426;
 -0.038558245;
 0.48176706]
Keyframe: 67 Frame: 544 Frame from vFrameID : 545
Tcw:
[0.99720097, 0.029469261, 0.068715125, 0.25963184;
 0.032941904, 0.65186751, -0.75761706, -0.037742406;
 -0.067119576, 0.75776005, 0.64907217, 0.49767756;
 0, 0, 0, 1]
Twc:
[0.99720097, 0.032941904, -0.067119576, -0.22425793;
 0.029469261, 0.65186751, 0.75776005, -0.36016831;
 0.068715125, -0.75761706, 0.64907217, -0.36946356;
 0, 0, 0, 1]
Ow:
[0.25963184;
 -0.037742406;
 0.49767756]
Keyframe: 68 Frame: 553 Frame from vFrameID : 554
Tcw:
[0.99295527, 0.038920365, 0.11191536, 0.26284695;
 0.060224406, 0.64764154, -0.75956136, -0.038476378;
 -0.10204344, 0.76095051, 0.64073509, 0.50756609;
 0, 0, 0, 1]
Twc:
[0.99295527, 0.060224406, -0.10204344, -0.20688425;
 0.038920365, 0.64764154, 0.76095051, -0.37154388;
 0.11191536, -0.75956136, 0.64073509, -0.38385722;
 0, 0, 0, 1]
Ow:
[0.26284695;
 -0.038476378;
 0.50756609]
Keyframe: 69 Frame: 562 Frame from vFrameID : 563
Tcw:
[0.99502617, 0.048947848, 0.086758241, 0.27091989;
 0.034663197, 0.64637876, -0.76222891, -0.036981463;
 -0.093388148, 0.76144505, 0.64146709, 0.51818091;
 0, 0, 0, 1]
Twc:
[0.99502617, 0.034663197, -0.093388148, -0.21989854;
 0.048947848, 0.64637876, 0.76144505, -0.3839232;
 0.086758241, -0.76222891, 0.64146709, -0.3840889;
 0, 0, 0, 1]
Ow:
[0.27091989;
 -0.036981463;
 0.51818091]
Keyframe: 70 Frame: 571 Frame from vFrameID : 572
Tcw:
[0.99657577, 0.019612173, 0.080324605, 0.27283025;
 0.047393579, 0.66054869, -0.74928582, -0.02064389;
 -0.067753434, 0.75052702, 0.65735734, 0.53905487;
 0, 0, 0, 1]
Twc:
[0.99657577, 0.047393579, -0.067753434, -0.2343948;
 0.019612173, 0.66054869, 0.75052702, -0.39628974;
 0.080324605, -0.74928582, 0.65735734, -0.39173487;
 0, 0, 0, 1]
Ow:
[0.27283025;
 -0.02064389;
 0.53905487]
Keyframe: 71 Frame: 580 Frame from vFrameID : 581
Tcw:
[0.9903416, 0.051435158, 0.12875526, 0.27992445;
 0.066993713, 0.63552165, -0.769171, -0.022941113;
 -0.12138919, 0.77036786, 0.6259377, 0.55139959;
 0, 0, 0, 1]
Twc:
[0.9903416, 0.066993713, -0.12138919, -0.20874998;
 0.051435158, 0.63552165, 0.77036786, -0.4245989;
 0.12875526, -0.769171, 0.6259377, -0.39882919;
 0, 0, 0, 1]
Ow:
[0.27992445;
 -0.022941113;
 0.55139959]
Keyframe: 72 Frame: 589 Frame from vFrameID : 590
Tcw:
[0.98707384, 0.053510275, 0.15106903, 0.2819052;
 0.082559794, 0.63814455, -0.76547724, -0.02451393;
 -0.13736477, 0.76805478, 0.62547803, 0.55634105;
 0, 0, 0, 1]
Twc:
[0.98707384, 0.082559794, -0.13736477, -0.19981572;
 0.053510275, 0.63814455, 0.76805478, -0.42674184;
 0.15106903, -0.76547724, 0.62547803, -0.40933111;
 0, 0, 0, 1]
Ow:
[0.2819052;
 -0.02451393;
 0.55634105]
Keyframe: 73 Frame: 597 Frame from vFrameID : 598
Tcw:
[0.9933604, 0.058892198, 0.098827079, 0.28528351;
 0.042209752, 0.61255515, -0.78930002, 0.0053383112;
 -0.10702065, 0.7882309, 0.60600221, 0.56314099;
 0, 0, 0, 1]
Twc:
[0.9933604, 0.042209752, -0.10702065, -0.22334696;
 0.058892198, 0.61255515, 0.7882309, -0.46395612;
 0.098827079, -0.78930002, 0.60600221, -0.36524493;
 0, 0, 0, 1]
Ow:
[0.28528351;
 0.0053383112;
 0.56314099]
Keyframe: 74 Frame: 605 Frame from vFrameID : 606
Tcw:
[0.99512458, 0.041507043, 0.089466535, 0.29174325;
 0.042628653, 0.63700151, -0.769683, -0.013249487;
 -0.088937581, 0.76974428, 0.63212645, 0.56704271;
 0, 0, 0, 1]
Twc:
[0.99512458, 0.042628653, -0.088937581, -0.23932464;
 0.041507043, 0.63700151, 0.76974428, -0.44014737;
 0.089466535, -0.769683, 0.63212645, -0.39474186;
 0, 0, 0, 1]
Ow:
[0.29174325;
 -0.013249487;
 0.56704271]
Keyframe: 75 Frame: 613 Frame from vFrameID : 614
Tcw:
[0.99482542, 0.063967183, 0.078933768, 0.29773197;
 0.021609126, 0.62592125, -0.77958685, -0.0084041357;
 -0.0992743, 0.77725852, 0.6213001, 0.57506227;
 0, 0, 0, 1]
Twc:
[0.99482542, 0.021609126, -0.0992743, -0.23892082;
 0.063967183, 0.62592125, 0.77725852, -0.46075681;
 0.078933768, -0.77958685, 0.6213001, -0.38733914;
 0, 0, 0, 1]
Ow:
[0.29773197;
 -0.0084041357;
 0.57506227]
Keyframe: 76 Frame: 621 Frame from vFrameID : 622
Tcw:
[0.99360633, 0.048628047, 0.10189083, 0.3063415;
 0.047145709, 0.64131999, -0.76582372, -0.011348307;
 -0.10258514, 0.76573104, 0.63492697, 0.58160818;
 0, 0, 0, 1]
Twc:
[0.99360633, 0.047145709, -0.10258514, -0.24418347;
 0.048628047, 0.64131999, 0.76573104, -0.45297432;
 0.10189083, -0.76582372, 0.63492697, -0.40918291;
 0, 0, 0, 1]
Ow:
[0.3063415;
 -0.011348307;
 0.58160818]
Keyframe: 77 Frame: 630 Frame from vFrameID : 631
Tcw:
[0.99689037, 0.043536995, 0.065682366, 0.30813858;
 0.021968698, 0.64692479, -0.76223725, -0.0077344179;
 -0.075677074, 0.76130992, 0.64395666, 0.59008718;
 0, 0, 0, 1]
Twc:
[0.99689037, 0.021968698, -0.075677074, -0.26235437;
 0.043536995, 0.64692479, 0.76130992, -0.45765108;
 0.065682366, -0.76223725, 0.64395666, -0.40612534;
 0, 0, 0, 1]
Ow:
[0.30813858;
 -0.0077344179;
 0.59008718]
Keyframe: 78 Frame: 638 Frame from vFrameID : 639
Tcw:
[0.99774665, 0.051106665, 0.043470722, 0.31742525;
 -5.491167e-05, 0.64853024, -0.76118886, -0.0078351498;
 -0.067093901, 0.7594713, 0.64707172, 0.60350263;
 0, 0, 0, 1]
Twc:
[0.99774665, -5.491167e-05, -0.067093901, -0.2762191;
 0.051106665, 0.64853024, 0.7594713, -0.46948409;
 0.043470722, -0.76118886, 0.64707172, -0.41027215;
 0, 0, 0, 1]
Ow:
[0.31742525;
 -0.0078351498;
 0.60350263]
Keyframe: 79 Frame: 646 Frame from vFrameID : 647
Tcw:
[0.99508011, 0.067563169, 0.072462365, 0.31879073;
 0.010547787, 0.65499657, -0.75555819, -0.010006547;
 -0.098510511, 0.75260526, 0.65106142, 0.60738611;
 0, 0, 0, 1]
Twc:
[0.99508011, 0.010547787, -0.098510511, -0.25728285;
 0.067563169, 0.65499657, 0.75260526, -0.47210625;
 0.072462365, -0.75555819, 0.65106142, -0.42610654;
 0, 0, 0, 1]
Ow:
[0.31879073;
 -0.010006547;
 0.60738611]
Keyframe: 80 Frame: 654 Frame from vFrameID : 655
Tcw:
[0.99328661, 0.078237616, 0.08520931, 0.32480332;
 0.01621112, 0.63518578, -0.77218926, -0.010303408;
 -0.11453799, 0.76838654, 0.62965322, 0.61295211;
 0, 0, 0, 1]
Twc:
[0.99328661, 0.01621112, -0.11453799, -0.25224945;
 0.078237616, 0.63518578, 0.76838654, -0.48985147;
 0.08520931, -0.77218926, 0.62965322, -0.42157969;
 0, 0, 0, 1]
Ow:
[0.32480332;
 -0.010303408;
 0.61295211]
Keyframe: 81 Frame: 663 Frame from vFrameID : 664
Tcw:
[0.99393135, 0.060302336, 0.092000358, 0.32910889;
 0.03410973, 0.62617391, -0.77893692, -0.012099147;
 -0.10457994, 0.77734798, 0.62031698, 0.62125415;
 0, 0, 0, 1]
Twc:
[0.99393135, 0.03410973, -0.10457994, -0.26172826;
 0.060302336, 0.62617391, 0.77734798, -0.49520048;
 0.092000358, -0.77893692, 0.62031698, -0.42507714;
 0, 0, 0, 1]
Ow:
[0.32910889;
 -0.012099147;
 0.62125415]
Keyframe: 82 Frame: 671 Frame from vFrameID : 672
Tcw:
[0.99543518, 0.062849954, 0.071824297, 0.33278069;
 0.016635951, 0.62677467, -0.77902293, -0.01046285;
 -0.09397921, 0.77666169, 0.622868, 0.63130951;
 0, 0, 0, 1]
Twc:
[0.99543518, 0.016635951, -0.09397921, -0.27175757;
 0.062849954, 0.62677467, 0.77666169, -0.50467128;
 0.071824297, -0.77902293, 0.622868, -0.425275;
 0, 0, 0, 1]
Ow:
[0.33278069;
 -0.01046285;
 0.63130951]
Keyframe: 83 Frame: 680 Frame from vFrameID : 681
Tcw:
[0.99596822, 0.055888053, 0.07017, 0.34042853;
 0.01610049, 0.65814734, -0.75271696, -0.0095708668;
 -0.088250086, 0.75081193, 0.654594, 0.63620788;
 0, 0, 0, 1]
Twc:
[0.99596822, 0.01610049, -0.088250086, -0.28275648;
 0.055888053, 0.65814734, 0.75081193, -0.49039936;
 0.07017, -0.75271696, 0.654594, -0.44754991;
 0, 0, 0, 1]
Ow:
[0.34042853;
 -0.0095708668;
 0.63620788]
Keyframe: 84 Frame: 688 Frame from vFrameID : 689
Tcw:
[0.99076462, 0.07061021, 0.1157568, 0.33168465;
 0.045711357, 0.62979758, -0.7754131, -0.010525227;
 -0.12765543, 0.7735433, 0.62075347, 0.64611423;
 0, 0, 0, 1]
Twc:
[0.99076462, 0.045711357, -0.12765543, -0.24566028;
 0.07061021, 0.62979758, 0.7735433, -0.51658893;
 0.1157568, -0.7754131, 0.62075347, -0.4476338;
 0, 0, 0, 1]
Ow:
[0.33168465;
 -0.010525227;
 0.64611423]
Keyframe: 85 Frame: 697 Frame from vFrameID : 698
Tcw:
[0.98389804, 0.090281464, 0.15425286, 0.33973908;
 0.058669474, 0.6520828, -0.75587428, -0.013542712;
 -0.16882707, 0.75275314, 0.6362862, 0.65459538;
 0, 0, 0, 1]
Twc:
[0.98389804, 0.058669474, -0.16882707, -0.22296064;
 0.090281464, 0.6520828, 0.75275314, -0.51458991;
 0.15425286, -0.75587428, 0.6362862, -0.47915232;
 0, 0, 0, 1]
Ow:
[0.33973908;
 -0.013542712;
 0.65459538]
Keyframe: 86 Frame: 706 Frame from vFrameID : 707
Tcw:
[0.99388093, 0.050503548, 0.098235145, 0.34464669;
 0.046075288, 0.61872721, -0.7842536, 0.0056608319;
 -0.10038835, 0.78398091, 0.61261415, 0.66710341;
 0, 0, 0, 1]
Twc:
[0.99388093, 0.046075288, -0.10038835, -0.27582917;
 0.050503548, 0.61872721, 0.78398091, -0.54390472;
 0.098235145, -0.7842536, 0.61261415, -0.43809393;
 0, 0, 0, 1]
Ow:
[0.34464669;
 0.0056608319;
 0.66710341]
Keyframe: 87 Frame: 714 Frame from vFrameID : 715
Tcw:
[0.99632615, 0.032144923, 0.079377919, 0.34580618;
 0.041098844, 0.63370275, -0.77248412, 0.0016844273;
 -0.07513345, 0.77290851, 0.63005352, 0.67187136;
 0, 0, 0, 1]
Twc:
[0.99632615, 0.041098844, -0.07513345, -0.29412499;
 0.032144923, 0.63370275, 0.77290851, -0.5314784;
 0.079377919, -0.77248412, 0.63005352, -0.4494631;
 0, 0, 0, 1]
Ow:
[0.34580618;
 0.0016844273;
 0.67187136]
Keyframe: 88 Frame: 722 Frame from vFrameID : 723
Tcw:
[0.99620843, 0.036573458, 0.078937776, 0.35125154;
 0.040322896, 0.60989273, -0.79145747, -0.0067260265;
 -0.077089913, 0.79163957, 0.60610551, 0.6801247;
 0, 0, 0, 1]
Twc:
[0.99620843, 0.040322896, -0.077089913, -0.29721776;
 0.036573458, 0.60989273, 0.79163957, -0.547158;
 0.078937776, -0.79145747, 0.60610551, -0.44527772;
 0, 0, 0, 1]
Ow:
[0.35125154;
 -0.0067260265;
 0.6801247]
Keyframe: 89 Frame: 730 Frame from vFrameID : 731
Tcw:
[0.99639821, 0.025159895, 0.080979034, 0.3547864;
 0.049971912, 0.59730601, -0.80045509, -0.0042922199;
 -0.068508625, 0.8016187, 0.59389734, 0.68531048;
 0, 0, 0, 1]
Twc:
[0.99639821, 0.049971912, -0.068508625, -0.30634436;
 0.025159895, 0.59730601, 0.8016187, -0.55572033;
 0.080979034, -0.80045509, 0.59389734, -0.43917009;
 0, 0, 0, 1]
Ow:
[0.3547864;
 -0.0042922199;
 0.68531048]
Keyframe: 90 Frame: 738 Frame from vFrameID : 739
Tcw:
[0.99630934, 0.025944185, 0.081820749, 0.35430744;
 0.04829606, 0.61858457, -0.7842325, 0.004462868;
 -0.070959322, 0.78528976, 0.61504859, 0.69820523;
 0, 0, 0, 1]
Twc:
