Keyframe: 0 Frame: 0 Frame from vFrameID : 98
Tcw:
[0.99726886, -0.072830059, -0.01227074, 0.029377425;
 0.044493202, 0.72504312, -0.68726474, 0.015627269;
 0.058950346, 0.68484175, 0.7263034, -0.049423903;
 0, 0, 0, 1]
Twc:
[0.99726886, 0.044493202, 0.058950346, -0.027078943;
 -0.072830059, 0.72504312, 0.68484175, 0.024656672;
 -0.01227074, -0.68726474, 0.7263034, 0.046997301;
 0, 0, 0, 1]
Ow:
[0.029377425;
 0.015627269;
 -0.049423903]
Keyframe: 1 Frame: 102 Frame from vFrameID : 98
Tcw:
[0.99851495, -0.054172844, 0.0057640141, -0.0090461569;
 0.043612469, 0.73146188, -0.6804862, -0.0055433828;
 0.032647714, 0.67972702, 0.73273826, -0.027658679;
 0, 0, 0, 1]
Twc:
[0.99851495, 0.043612469, 0.032647714, 0.010177476;
 -0.054172844, 0.73146188, 0.67972702, 0.022365069;
 0.0057640141, -0.6804862, 0.73273826, 0.016546518;
 0, 0, 0, 1]
Ow:
[-0.0090461569;
 -0.0055433828;
 -0.027658679]
