Keyframe: 0 Frame: 0 Frame from vFrameID : 39
Tcw:
[1, 0, 0, 0;
 0, 1, 0, 0;
 0, 0, 1, 0;
 0, 0, 0, 1]
Twc:
[1, 0, 0, 0;
 0, 1, 0, 0;
 0, 0, 1, 0;
 0, 0, 0, 1]
Ow:
[0;
 0;
 0]
Keyframe: 1 Frame: 38 Frame from vFrameID : 39
Tcw:
[0.99992186, -0.010265416, -0.0071370918, -0.023152618;
 0.010297195, 0.99993718, 0.0044303117, -0.0026641076;
 0.0070911646, -0.0045034578, 0.99996471, 0.014429391;
 0, 0, 0, 1]
Twc:
[0.99992186, 0.010297195, 0.0070911646, 0.02307592;
 -0.010265416, 0.99993718, -0.0045034578, 0.0024912511;
 -0.0071370918, 0.0044303117, 0.99996471, -0.014582321;
 0, 0, 0, 1]
Ow:
[-0.023152618;
 -0.0026641076;
 0.014429391]
Keyframe: 2 Frame: 40 Frame from vFrameID : 41
Tcw:
[0.99993509, -0.010411641, -0.0046234252, -0.024314124;
 0.010451709, 0.99990726, 0.0087285778, -0.0025492241;
 0.0045321174, -0.0087763341, 0.99995124, 0.015197717;
 0, 0, 0, 1]
Twc:
[0.99993509, 0.010451709, 0.0045321174, 0.024270315;
 -0.010411641, 0.99990726, -0.0087763341, 0.0024292183;
 -0.0046234252, 0.0087285778, 0.99995124, -0.015287138;
 0, 0, 0, 1]
Ow:
[-0.024314124;
 -0.0025492241;
 0.015197717]
Keyframe: 3 Frame: 42 Frame from vFrameID : 43
Tcw:
[0.99993175, -0.011174037, 0.0034039528, -0.025714142;
 0.011120191, 0.99981886, 0.015446861, -0.00329921;
 -0.0035759399, -0.015407955, 0.99987489, 0.016882995;
 0, 0, 0, 1]
Twc:
[0.99993175, 0.011120191, -0.0035759399, 0.025809448;
 -0.011174037, 0.99981886, -0.015407955, 0.003271414;
 0.0034039528, 0.015446861, 0.99987489, -0.016742392;
 0, 0, 0, 1]
Ow:
[-0.025714142;
 -0.00329921;
 0.016882995]
Keyframe: 4 Frame: 43 Frame from vFrameID : 44
Tcw:
[0.99989653, -0.012027448, 0.0078894384, -0.027815035;
 0.011894325, 0.99978966, 0.016708912, -0.003834805;
 -0.0080887442, -0.016613344, 0.99982929, 0.017260661;
 0, 0, 0, 1]
Twc:
[0.99989653, 0.011894325, -0.0080887442, 0.027997386;
 -0.012027448, 0.99978966, -0.016613344, 0.0037862118;
 0.0078894384, 0.016708912, 0.99982929, -0.016974194;
 0, 0, 0, 1]
Ow:
[-0.027815035;
 -0.003834805;
 0.017260661]
Keyframe: 5 Frame: 45 Frame from vFrameID : 46
Tcw:
[0.99986786, -0.014741298, 0.0068547288, -0.028220223;
 0.014603646, 0.999699, 0.01971554, -0.0047012339;
 -0.0071432982, -0.01961283, 0.99978215, 0.018151749;
 0, 0, 0, 1]
Twc:
[0.99986786, 0.014603646, -0.0071432982, 0.028414812;
 -0.014741298, 0.999699, -0.01961283, 0.004639823;
 0.0068547288, 0.01971554, 0.99978215, -0.017861664;
 0, 0, 0, 1]
Ow:
[-0.028220223;
 -0.0047012339;
 0.018151749]
Keyframe: 6 Frame: 47 Frame from vFrameID : 48
Tcw:
[0.9998734, -0.015905878, 0.00040724041, -0.02943;
 0.015893273, 0.99963754, 0.021730565, -0.0040643616;
 -0.00075273647, -0.021721341, 0.99976379, 0.018651925;
 0, 0, 0, 1]
Twc:
[0.9998734, 0.015893273, -0.00075273647, 0.02950491;
 -0.015905878, 0.99963754, -0.021721341, 0.0039999229;
 0.00040724041, 0.021730565, 0.99976379, -0.018547213;
 0, 0, 0, 1]
Ow:
[-0.02943;
 -0.0040643616;
 0.018651925]
Keyframe: 7 Frame: 49 Frame from vFrameID : 50
Tcw:
[0.99985045, -0.016057244, -0.0064231171, -0.026577711;
 0.016201301, 0.99960321, 0.023042651, -0.0042320015;
 0.0060505671, -0.023143267, 0.99971384, 0.01781052;
 0, 0, 0, 1]
Twc:
[0.99985045, 0.016201301, 0.0060505671, 0.026534537;
 -0.016057244, 0.99960321, -0.023143267, 0.0042157513;
 -0.0064231171, 0.023042651, 0.99971384, -0.01787862;
 0, 0, 0, 1]
Ow:
[-0.026577711;
 -0.0042320015;
 0.01781052]
Keyframe: 8 Frame: 51 Frame from vFrameID : 52
Tcw:
[0.99986279, -0.014722085, -0.0075922539, -0.025487391;
 0.014891491, 0.99963003, 0.022761356, -0.0040741293;
 0.0072543505, -0.022871293, 0.99971211, 0.017965183;
 0, 0, 0, 1]
Twc:
[0.99986279, 0.014891491, 0.0072543505, 0.025414238;
 -0.014722085, 0.99963003, -0.022871293, 0.0041082813;
 -0.0075922539, 0.022761356, 0.99971211, -0.018060783;
 0, 0, 0, 1]
Ow:
[-0.025487391;
 -0.0040741293;
 0.017965183]
Keyframe: 9 Frame: 53 Frame from vFrameID : 54
Tcw:
[0.99981236, -0.0099872192, -0.016596792, -0.018204309;
 0.010344789, 0.99971318, 0.021600198, -0.0039012367;
 0.016376305, -0.021767836, 0.9996289, 0.01492319;
 0, 0, 0, 1]
Twc:
[0.99981236, 0.010344789, 0.016376305, 0.017996864;
 -0.0099872192, 0.99971318, -0.021767836, 0.0040431526;
 -0.016596792, 0.021600198, 0.9996289, -0.015135518;
 0, 0, 0, 1]
Ow:
[-0.018204309;
 -0.0039012367;
 0.01492319]
Keyframe: 10 Frame: 55 Frame from vFrameID : 56
Tcw:
[0.9998818, -0.0038210468, -0.014891186, -0.018149529;
 0.0041597709, 0.99973178, 0.022782443, -0.0038924387;
 0.014800139, -0.022841694, 0.99962956, 0.014813957;
 0, 0, 0, 1]
Twc:
[0.9998818, 0.0041597709, 0.014800139, 0.017944328;
 -0.0038210468, 0.99973178, -0.022841694, 0.0041604205;
 -0.014891186, 0.022782443, 0.99962956, -0.014990057;
 0, 0, 0, 1]
Ow:
[-0.018149529;
 -0.0038924387;
 0.014813957]
Keyframe: 11 Frame: 57 Frame from vFrameID : 58
Tcw:
[0.99986196, 0.0065308553, -0.015277755, -0.0076287948;
 -0.0062539699, 0.9998166, 0.018101545, -0.0016986494;
 0.015393171, -0.018003501, 0.99971944, 0.012743472;
 0, 0, 0, 1]
Twc:
[0.99986196, -0.0062539699, 0.015393171, 0.0074209562;
 0.0065308553, 0.9998166, -0.018003501, 0.0019775876;
 -0.015277755, 0.018101545, 0.99971944, -0.0128257;
 0, 0, 0, 1]
Ow:
[-0.0076287948;
 -0.0016986494;
 0.012743472]
Keyframe: 12 Frame: 60 Frame from vFrameID : 61
Tcw:
[0.99982047, 0.018549498, -0.0038663179, 0.00038308665;
 -0.018477229, 0.999668, 0.017956877, 0.00068038155;
 0.0041981256, -0.017882215, 0.99983126, 0.0096562589;
 0, 0, 0, 1]
Twc:
[0.99982047, -0.018477229, 0.0041981256, -0.00041098447;
 0.018549498, 0.999668, -0.017882215, -0.00051458646;
 -0.0038663179, 0.017956877, 0.99983126, -0.0096653663;
 0, 0, 0, 1]
Ow:
[0.00038308665;
 0.00068038155;
 0.0096562589]
Keyframe: 13 Frame: 63 Frame from vFrameID : 64
Tcw:
[0.99954814, 0.029767696, 0.0041731647, 0.00813735;
 -0.02985259, 0.99931175, 0.022019884, 0.0022325041;
 -0.0035148112, -0.022134513, 0.99974883, 0.0072228764;
 0, 0, 0, 1]
Twc:
[0.99954814, -0.02985259, -0.0035148112, -0.0080416407;
 0.029767696, 0.99931175, -0.022134513, -0.0023133229;
 0.0041731647, 0.022019884, 0.99974883, -0.0073041804;
 0, 0, 0, 1]
Ow:
[0.00813735;
 0.0022325041;
 0.0072228764]
Keyframe: 14 Frame: 66 Frame from vFrameID : 67
Tcw:
[0.99953824, 0.030055579, 0.0044677518, 0.0075371745;
 -0.030169131, 0.9991526, 0.027998794, 0.0038842491;
 -0.0036224457, -0.028120654, 0.99959797, 0.0052431985;
 0, 0, 0, 1]
Twc:
[0.99953824, -0.030169131, -0.0036224457, -0.0073975162;
 0.030055579, 0.9991526, -0.028120654, -0.0039600492;
 0.0044677518, 0.027998794, 0.99959797, -0.005383519;
 0, 0, 0, 1]
Ow:
[0.0075371745;
 0.0038842491;
 0.0052431985]
Keyframe: 15 Frame: 69 Frame from vFrameID : 70
Tcw:
[0.99989027, 0.013254964, -0.0066189501, 0.0078252451;
 -0.013012834, 0.99928939, 0.035374071, 0.0039814762;
 0.0070831287, -0.035284057, 0.99935222, 0.004759151;
 0, 0, 0, 1]
Twc:
[0.99989027, -0.013012834, 0.0070831287, -0.0078062848;
 0.013254964, 0.99928939, -0.035284057, -0.0039144484;
 -0.0066189501, 0.035374071, 0.99935222, -0.0048451144;
 0, 0, 0, 1]
Ow:
[0.0078252451;
 0.0039814762;
 0.004759151]
Keyframe: 16 Frame: 72 Frame from vFrameID : 73
Tcw:
[0.99994141, 0.006501799, -0.0086579937, 0.0071480363;
 -0.0062208618, 0.99946564, 0.032089144, 0.0038285868;
 0.0088620046, -0.032033402, 0.99944752, 0.0049824822;
 0, 0, 0, 1]
Twc:
[0.99994141, -0.0062208618, 0.0088620046, -0.0071679545;
 0.006501799, 0.99946564, -0.032033402, -0.0037134101;
 -0.0086579937, 0.032089144, 0.99944752, -0.0050406978;
 0, 0, 0, 1]
Ow:
[0.0071480363;
 0.0038285868;
 0.0049824822]
Keyframe: 17 Frame: 75 Frame from vFrameID : 76
Tcw:
[0.99997586, 0.0043355366, -0.0054247906, 0.004025748;
 -0.0042176084, 0.99975854, 0.021564603, 0.0035401066;
 0.0055169747, -0.021541202, 0.99975276, 0.0055692154;
 0, 0, 0, 1]
Twc:
[0.99997586, -0.0042176084, 0.0055169747, -0.0040414454;
 0.0043355366, 0.99975854, -0.021541202, -0.0034367382;
 -0.0054247906, 0.021564603, 0.99975276, -0.0056223404;
 0, 0, 0, 1]
Ow:
[0.004025748;
 0.0035401066;
 0.0055692154]
Keyframe: 18 Frame: 78 Frame from vFrameID : 79
Tcw:
[0.99999511, 0.0022661614, -0.0021642055, 0.0029463531;
 -0.002236821, 0.99990684, 0.013464646, 0.0032084964;
 0.0021945171, -0.013459739, 0.99990702, 0.0061659226;
 0, 0, 0, 1]
Twc:
[0.99999511, -0.002236821, 0.0021945171, -0.0029526928;
 0.0022661614, 0.99990684, -0.013459739, -0.0031318828;
 -0.0021642055, 0.013464646, 0.99990702, -0.0062021739;
 0, 0, 0, 1]
Ow:
[0.0029463531;
 0.0032084964;
 0.0061659226]
Keyframe: 19 Frame: 81 Frame from vFrameID : 82
Tcw:
[0.99998981, 0.0043846942, -0.001080243, -0.0031256126;
 -0.0043727988, 0.99993235, 0.010778467, 0.0018735469;
 0.0011274302, -0.010773634, 0.99994135, 0.0084717181;
 0, 0, 0, 1]
Twc:
[0.99998981, -0.0043727988, 0.0011274302, 0.0031242222;
 0.0043846942, 0.99993235, -0.010773634, -0.0017684441;
 -0.001080243, 0.010778467, 0.99994135, -0.0084947916;
 0, 0, 0, 1]
Ow:
[-0.0031256126;
 0.0018735469;
 0.0084717181]
Keyframe: 20 Frame: 84 Frame from vFrameID : 85
Tcw:
[0.99993134, 0.0035945338, -0.011151372, -0.011012773;
 -0.0034884359, 0.99994862, 0.0095192483, 0.0012500881;
 0.011185017, -0.0094796941, 0.99989253, 0.011136307;
 0, 0, 0, 1]
Twc:
[0.99993134, -0.0034884359, 0.011185017, 0.010891818;
 0.0035945338, 0.99994862, -0.0094796941, -0.0011048693;
 -0.011151372, 0.0095192483, 0.99989253, -0.011269817;
 0, 0, 0, 1]
Ow:
[-0.011012773;
 0.0012500881;
 0.011136307]
Keyframe: 21 Frame: 88 Frame from vFrameID : 89
Tcw:
[0.99956119, -0.011404552, -0.027337866, -0.01996522;
 0.011747594, 0.99985385, 0.012420671, 0.00010553186;
 0.027192218, -0.012736375, 0.99954909, 0.014993467;
 0, 0, 0, 1]
Twc:
[0.99956119, 0.011747594, 0.027192218, 0.019547515;
 -0.011404552, 0.99985385, -0.012736375, -0.00014224841;
 -0.027337866, 0.012420671, 0.99954909, -0.015533824;
 0, 0, 0, 1]
Ow:
[-0.01996522;
 0.00010553186;
 0.014993467]
Keyframe: 22 Frame: 92 Frame from vFrameID : 93
Tcw:
[0.99980748, -0.0078640552, -0.017977931, -0.023597913;
 0.0082741398, 0.99970466, 0.022851046, 0.00046510212;
 0.01779292, -0.022995397, 0.99957722, 0.019462593;
 0, 0, 0, 1]
Twc:
[0.99980748, 0.0082741398, 0.01779292, 0.023243224;
 -0.0078640552, 0.99970466, -0.022995397, -0.00020298998;
 -0.017977931, 0.022851046, 0.99957722, -0.019889234;
 0, 0, 0, 1]
Ow:
[-0.023597913;
 0.00046510212;
 0.019462593]
Keyframe: 23 Frame: 95 Frame from vFrameID : 96
Tcw:
[0.99989229, -0.010289411, -0.010464184, -0.027034201;
 0.010532926, 0.9996686, 0.023488717, 0.00015053997;
 0.010219031, -0.023596406, 0.99966931, 0.022914851;
 0, 0, 0, 1]
Twc:
[0.99989229, 0.010532926, 0.010219031, 0.026795536;
 -0.010289411, 0.9996686, -0.023596406, 0.00011205209;
 -0.010464184, 0.023488717, 0.99966931, -0.023193702;
 0, 0, 0, 1]
Ow:
[-0.027034201;
 0.00015053997;
 0.022914851]
Keyframe: 24 Frame: 99 Frame from vFrameID : 100
Tcw:
[0.9999941, -0.0034428318, 3.0069456e-05, -0.024577456;
 0.0034412255, 0.99972868, 0.023037432, 0.00062140968;
 -0.0001093753, -0.023037191, 0.99973458, 0.027060898;
 0, 0, 0, 1]
Twc:
[0.9999941, 0.0034412255, -0.0001093753, 0.024578132;
 -0.0034428318, 0.99972868, -0.023037191, -8.2450031e-05;
 3.0069456e-05, 0.023037432, 0.99973458, -0.027067294;
 0, 0, 0, 1]
Ow:
[-0.024577456;
 0.00062140968;
 0.027060898]
Keyframe: 25 Frame: 103 Frame from vFrameID : 104
Tcw:
[0.99998993, -0.0030806095, 0.0032657771, -0.022543943;
 0.003001591, 0.99970913, 0.023930814, 0.0010983634;
 -0.0033385488, -0.023920771, 0.99970829, 0.030245945;
 0, 0, 0, 1]
Twc:
[0.99998993, 0.003001591, -0.0033385488, 0.022641396;
 -0.0030806095, 0.99970913, -0.023920771, -0.00044398662;
 0.0032657771, 0.023930814, 0.99970829, -0.030189782;
 0, 0, 0, 1]
Ow:
[-0.022543943;
 0.0010983634;
 0.030245945]
Keyframe: 26 Frame: 107 Frame from vFrameID : 108
Tcw:
[0.99999416, -0.0034039803, -0.00029858528, -0.014832725;
 0.0034096651, 0.99975806, 0.02173081, 0.00045378867;
 0.00022454179, -0.021731701, 0.99976379, 0.037457649;
 0, 0, 0, 1]
Twc:
[0.99999416, 0.0034096651, 0.00022454179, 0.01482268;
 -0.0034039803, 0.99975806, -0.021731701, 0.00030984927;
 -0.00029858528, 0.02173081, 0.99976379, -0.037463091;
 0, 0, 0, 1]
Ow:
[-0.014832725;
 0.00045378867;
 0.037457649]
Keyframe: 27 Frame: 111 Frame from vFrameID : 112
Tcw:
[0.99996173, -0.0017167586, -0.0085756425, -0.0034726758;
 0.0017659581, 0.999982, 0.0057328511, 0.0023186877;
 0.0085656466, -0.005747776, 0.99994677, 0.045591097;
 0, 0, 0, 1]
Twc:
[0.99996173, 0.0017659581, 0.0085656466, 0.0030779312;
 -0.0017167586, 0.999982, -0.005747776, -0.0020625603;
 -0.0085756425, 0.0057328511, 0.99994677, -0.045631744;
 0, 0, 0, 1]
Ow:
[-0.0034726758;
 0.0023186877;
 0.045591097]
Keyframe: 28 Frame: 115 Frame from vFrameID : 116
Tcw:
[0.99990571, 0.0093516577, -0.010056023, 0.010668019;
 -0.0093796337, 0.99995226, -0.0027384821, 0.00094880379;
 0.010029933, 0.0028325457, 0.9999457, 0.054540787;
 0, 0, 0, 1]
Twc:
[0.99990571, -0.0093796337, 0.010029933, -0.011205154;
 0.0093516577, 0.99995226, 0.0028325457, -0.0012030114;
 -0.010056023, -0.0027384821, 0.9999457, -0.054427948;
 0, 0, 0, 1]
Ow:
[0.010668019;
 0.00094880379;
 0.054540787]
Keyframe: 29 Frame: 119 Frame from vFrameID : 120
Tcw:
[0.99966335, 0.025627708, -0.0040477118, 0.021817897;
 -0.025688054, 0.99954772, -0.015635703, 0.0028583268;
 0.0036451737, 0.015734416, 0.99986959, 0.062701516;
 0, 0, 0, 1]
Twc:
[0.99966335, -0.025688054, 0.0036451737, -0.021965686;
 0.025627708, 0.99954772, 0.015734416, -0.0044027483;
 -0.0040477118, -0.015635703, 0.99986959, -0.062560327;
 0, 0, 0, 1]
Ow:
[0.021817897;
 0.0028583268;
 0.062701516]
Keyframe: 30 Frame: 123 Frame from vFrameID : 124
Tcw:
[0.9996475, 0.026546314, 0.00044236923, 0.025420027;
 -0.026544549, 0.99964112, -0.0036079488, 0.0031432474;
 -0.00053798821, 0.0035949345, 0.99999338, 0.070952386;
 0, 0, 0, 1]
Twc:
[0.9996475, -0.026544549, -0.00053798821, -0.025289457;
 0.026546314, 0.99964112, 0.0035949345, -0.0040719965;
 0.00044236923, -0.0036079488, 0.99999338, -0.070951819;
 0, 0, 0, 1]
Ow:
[0.025420027;
 0.0031432474;
 0.070952386]
Keyframe: 31 Frame: 127 Frame from vFrameID : 128
Tcw:
[0.99984455, 0.016196486, 0.0069642789, 0.026452256;
 -0.016209548, 0.99986696, 0.0018233979, 0.005313131;
 -0.0069338195, -0.0019360024, 0.99997407, 0.090009667;
 0, 0, 0, 1]
Twc:
[0.99984455, -0.016209548, -0.0069338195, -0.025737911;
 0.016196486, 0.99986696, -0.0019360024, -0.0055665984;
 0.0069642789, 0.0018233979, 0.99997407, -0.090201244;
 0, 0, 0, 1]
Ow:
[0.026452256;
 0.005313131;
 0.090009667]
Keyframe: 32 Frame: 132 Frame from vFrameID : 133
Tcw:
[0.9999401, 0.0064730342, 0.0088235848, 0.025252974;
 -0.0063870465, 0.99993217, -0.0097387796, 0.0030678653;
 -0.0088860253, 0.0096818404, 0.99991363, 0.11142383;
 0, 0, 0, 1]
Twc:
[0.9999401, -0.0063870465, -0.0088860253, -0.024241753;
 0.0064730342, 0.99993217, 0.0096818404, -0.0043099085;
 0.0088235848, -0.0097387796, 0.99991363, -0.11160716;
 0, 0, 0, 1]
Ow:
[0.025252974;
 0.0030678653;
 0.11142383]
Keyframe: 33 Frame: 136 Frame from vFrameID : 137
Tcw:
[0.99957806, -0.00095501955, 0.029031817, 0.024389558;
 0.001569423, 0.99977511, -0.021147694, 0.0047224141;
 -0.029005092, 0.021184335, 0.99935478, 0.12059671;
 0, 0, 0, 1]
Twc:
[0.99957806, 0.001569423, -0.029005092, -0.020888759;
 -0.00095501955, 0.99977511, 0.021184335, -0.0072528208;
 0.029031817, -0.021147694, 0.99935478, -0.12112711;
 0, 0, 0, 1]
Ow:
[0.024389558;
 0.0047224141;
 0.12059671]
Keyframe: 34 Frame: 141 Frame from vFrameID : 142
Tcw:
[0.99897671, 0.0028957021, 0.045134824, 0.030309008;
 -0.0019947221, 0.99979812, -0.01999424, 0.0046961056;
 -0.04518361, 0.019883748, 0.99878079, 0.13900113;
 0, 0, 0, 1]
Twc:
[0.99897671, -0.0019947221, -0.04518361, -0.023988053;
 0.0028957021, 0.99979812, 0.019883748, -0.0075467872;
 0.045134824, -0.01999424, 0.99878079, -0.14010575;
 0, 0, 0, 1]
Ow:
[0.030309008;
 0.0046961056;
 0.13900113]
Keyframe: 35 Frame: 146 Frame from vFrameID : 147
Tcw:
[0.99944389, -0.00063624885, 0.03333991, 0.036816482;
 0.001095453, 0.99990475, -0.013756953, 0.0088799512;
 -0.033327982, 0.013785825, 0.99934942, 0.15415101;
 0, 0, 0, 1]
Twc:
[0.99944389, 0.001095453, -0.033327982, -0.03166819;
 -0.00063624885, 0.99990475, 0.013785825, -0.01098078;
 0.03333991, -0.013756953, 0.99934942, -0.155156;
 0, 0, 0, 1]
Ow:
[0.036816482;
 0.0088799512;
 0.15415101]
Keyframe: 36 Frame: 151 Frame from vFrameID : 152
Tcw:
[0.99963617, 0.0039820434, 0.026677972, 0.056295209;
 -0.0035371392, 0.99985421, -0.016703321, 0.0088600963;
 -0.026740596, 0.016602879, 0.99950451, 0.18088374;
 0, 0, 0, 1]
Twc:
[0.99963617, -0.0035371392, -0.026740596, -0.051406447;
 0.0039820434, 0.99985421, 0.016602879, -0.012086166;
 0.026677972, -0.016703321, 0.99950451, -0.18214796;
 0, 0, 0, 1]
Ow:
[0.056295209;
 0.0088600963;
 0.18088374]
Keyframe: 37 Frame: 156 Frame from vFrameID : 157
Tcw:
[0.99973762, 0.019866133, 0.011404068, 0.073786348;
 -0.019428656, 0.99911636, -0.037269257, 0.010232402;
 -0.012134388, 0.037037913, 0.99924016, 0.20085734;
 0, 0, 0, 1]
Twc:
[0.99973762, -0.019428656, -0.012134388, -0.071130902;
 0.019866133, 0.99911636, 0.037037913, -0.019128548;
 0.011404068, -0.037269257, 0.99924016, -0.20116484;
 0, 0, 0, 1]
Ow:
[0.073786348;
 0.010232402;
 0.20085734]
Keyframe: 38 Frame: 161 Frame from vFrameID : 162
Tcw:
[0.99977785, 0.017478546, 0.011776496, 0.080183417;
 -0.017155213, 0.9994877, -0.027018972, 0.01289602;
 -0.012242715, 0.026810942, 0.99956554, 0.21798924;
 0, 0, 0, 1]
Twc:
[0.99977785, -0.017155213, -0.012242715, -0.077275597;
 0.017478546, 0.9994877, 0.026810942, -0.020135401;
 0.011776496, -0.027018972, 0.99956554, -0.21849038;
 0, 0, 0, 1]
Ow:
[0.080183417;
 0.01289602;
 0.21798924]
Keyframe: 39 Frame: 166 Frame from vFrameID : 167
Tcw:
[0.99974066, 0.0042618033, 0.022370337, 0.085046574;
 -0.0039131711, 0.9998706, -0.015605277, 0.014230104;
 -0.022433948, 0.015513691, 0.99962795, 0.24625365;
 0, 0, 0, 1]
Twc:
[0.99974066, -0.0039131711, -0.022433948, -0.079444394;
 0.0042618033, 0.9998706, 0.015513691, -0.018411016;
 0.022370337, -0.015605277, 0.99962795, -0.24784249;
 0, 0, 0, 1]
Ow:
[0.085046574;
 0.014230104;
 0.24625365]
Keyframe: 40 Frame: 172 Frame from vFrameID : 173
Tcw:
[0.99928743, -0.0084097004, 0.036796261, 0.090519495;
 0.0092152823, 0.99972034, -0.021778494, 0.015902426;
 -0.036602821, 0.022102064, 0.99908543, 0.27764475;
 0, 0, 0, 1]
Twc:
[0.99928743, 0.0092152823, -0.036602821, -0.080438957;
 -0.0084097004, 0.99972034, 0.022102064, -0.021273259;
 0.036796261, -0.021778494, 0.99908543, -0.28037527;
 0, 0, 0, 1]
Ow:
[0.090519495;
 0.015902426;
 0.27764475]
Keyframe: 41 Frame: 177 Frame from vFrameID : 178
Tcw:
[0.99835896, -0.013313527, 0.055697154, 0.09987811;
 0.01514843, 0.99935192, -0.032652847, 0.014991119;
 -0.055226337, 0.033442985, 0.99791366, 0.30061173;
 0, 0, 0, 1]
Twc:
[0.99835896, 0.01514843, -0.055226337, -0.083339609;
 -0.013313527, 0.99935192, 0.033442985, -0.02370503;
 0.055697154, -0.032652847, 0.99791366, -0.30505797;
 0, 0, 0, 1]
Ow:
[0.09987811;
 0.014991119;
 0.30061173]
Keyframe: 42 Frame: 182 Frame from vFrameID : 183
Tcw:
[0.99923998, -0.0082259513, 0.038102433, 0.11257323;
 0.0094223665, 0.99946475, -0.031327572, 0.017895967;
 -0.03782434, 0.031662777, 0.99878263, 0.32289889;
 0, 0, 0, 1]
Twc:
[0.99923998, 0.0094223665, -0.03782434, -0.10044286;
 -0.0082259513, 0.99946475, 0.031662777, -0.027184242;
 0.038102433, -0.031327572, 0.99878263, -0.32623449;
 0, 0, 0, 1]
Ow:
[0.11257323;
 0.017895967;
 0.32289889]
Keyframe: 43 Frame: 187 Frame from vFrameID : 188
Tcw:
[0.99992955, 0.0048575634, 0.010828379, 0.12911293;
 -0.0042610564, 0.99850762, -0.054445643, 0.017192276;
 -0.011076692, 0.054395668, 0.99845803, 0.33979106;
 0, 0, 0, 1]
Twc:
[0.99992955, -0.0042610564, -0.011076692, -0.12526682;
 0.0048575634, 0.99850762, 0.054395668, -0.036276959;
 0.010828379, -0.054445643, 0.99845803, -0.33972916;
 0, 0, 0, 1]
Ow:
[0.12911293;
 0.017192276;
 0.33979106]
Keyframe: 44 Frame: 192 Frame from vFrameID : 193
Tcw:
[0.99999136, 0.0012263398, 0.0039691404, 0.14369337;
 -0.0010512244, 0.9990387, -0.043824505, 0.015873773;
 -0.0040190686, 0.043819953, 0.99903136, 0.35975921;
 0, 0, 0, 1]
Twc:
[0.99999136, -0.0010512244, -0.0040190686, -0.14222954;
 0.0012263398, 0.9990387, 0.043819953, -0.031799361;
 0.0039691404, -0.043824505, 0.99903136, -0.35928538;
 0, 0, 0, 1]
Ow:
[0.14369337;
 0.015873773;
 0.35975921]
Keyframe: 45 Frame: 198 Frame from vFrameID : 199
Tcw:
[0.9999845, 0.0012628078, 0.0054173386, 0.1554945;
 -0.0011061769, 0.99958402, -0.028819073, 0.015762739;
 -0.0054514781, 0.028812636, 0.99956995, 0.38879877;
 0, 0, 0, 1]
Twc:
[0.9999845, -0.0011061769, -0.0054514781, -0.15335512;
 0.0012628078, 0.99958402, 0.028812636, -0.027154859;
 0.0054173386, -0.028819073, 0.99956995, -0.3890197;
 0, 0, 0, 1]
Ow:
[0.1554945;
 0.015762739;
 0.38879877]
Keyframe: 46 Frame: 203 Frame from vFrameID : 204
Tcw:
[0.99999005, -0.0014058318, -0.0042328732, 0.16374983;
 0.0012043418, 0.99888319, -0.047233153, 0.017425349;
 0.0042945477, 0.047227584, 0.9988749, 0.41513044;
 0, 0, 0, 1]
Twc:
[0.99999005, 0.0012043418, 0.0042945477, -0.16555199;
 -0.0014058318, 0.99888319, 0.047227584, -0.036781292;
 -0.0042328732, -0.047233153, 0.9988749, -0.41314721;
 0, 0, 0, 1]
Ow:
[0.16374983;
 0.017425349;
 0.41513044]
Keyframe: 47 Frame: 208 Frame from vFrameID : 209
Tcw:
[0.99988854, -0.012038158, 0.0088343201, 0.16593345;
 0.012594524, 0.99774754, -0.065888204, 0.018613508;
 -0.0080212485, 0.065992124, 0.99778789, 0.43455034;
 0, 0, 0, 1]
Twc:
[0.99988854, 0.012594524, -0.0080212485, -0.16266374;
 -0.012038158, 0.99774754, 0.065992124, -0.045250949;
 0.0088343201, -0.065888204, 0.99778789, -0.43382856;
 0, 0, 0, 1]
Ow:
[0.16593345;
 0.018613508;
 0.43455034]
Keyframe: 48 Frame: 215 Frame from vFrameID : 216
Tcw:
[0.99978626, -0.0029053967, 0.02046963, 0.18147545;
 0.0039374749, 0.9987132, -0.050561506, 0.017908921;
 -0.020296389, 0.0506313, 0.99851114, 0.47474587;
 0, 0, 0, 1]
Twc:
[0.99978626, 0.0039374749, -0.020296389, -0.17187154;
 -0.0029053967, 0.9987132, 0.0506313, -0.041395616;
 0.02046963, -0.050561506, 0.99851114, -0.47684827;
 0, 0, 0, 1]
Ow:
[0.18147545;
 0.017908921;
 0.47474587]
Keyframe: 49 Frame: 220 Frame from vFrameID : 221
Tcw:
[0.99987316, 0.006234223, -0.014656408, 0.19344659;
 -0.0069815423, 0.99864841, -0.051503729, 0.024976844;
 0.014315512, 0.051599517, 0.99856526, 0.49165404;
 0, 0, 0, 1]
Twc:
[0.99987316, -0.0069815423, 0.014315512, -0.20028596;
 0.006234223, 0.99864841, 0.051599517, -0.051518191;
 -0.014656408, -0.051503729, 0.99856526, -0.48682702;
 0, 0, 0, 1]
Ow:
[0.19344659;
 0.024976844;
 0.49165404]
Keyframe: 50 Frame: 227 Frame from vFrameID : 228
Tcw:
[0.99885088, 0.02467308, -0.041087542, 0.22285318;
 -0.026762616, 0.99833453, -0.051107343, 0.018098302;
 0.039758138, 0.052148223, 0.99784762, 0.52900624;
 0, 0, 0, 1]
Twc:
[0.99885088, -0.026762616, 0.039758138, -0.24314503;
 0.02467308, 0.99833453, 0.052148223, -0.051153369;
 -0.041087542, -0.051107343, 0.99784762, -0.5177862;
 0, 0, 0, 1]
Ow:
[0.22285318;
 0.018098302;
 0.52900624]
Keyframe: 51 Frame: 233 Frame from vFrameID : 234
Tcw:
[0.99891645, 0.015533268, -0.043871216, 0.23513781;
 -0.017929418, 0.9983384, -0.054763295, 0.016645633;
 0.042947669, 0.055490542, 0.99753511, 0.55313671;
 0, 0, 0, 1]
Twc:
[0.99891645, -0.017929418, 0.042947669, -0.25834051;
 0.015533268, 0.9983384, 0.055490542, -0.050964288;
 -0.043871216, -0.054763295, 0.99753511, -0.54054594;
 0, 0, 0, 1]
Ow:
[0.23513781;
 0.016645633;
 0.55313671]
Keyframe: 52 Frame: 238 Frame from vFrameID : 239
Tcw:
[0.99963361, 0.0034667675, -0.02684363, 0.24213764;
 -0.0050965194, 0.99813181, -0.060884513, 0.019756254;
 0.026582409, 0.060999017, 0.99778378, 0.58049583;
 0, 0, 0, 1]
Twc:
[0.99963361, -0.0050965194, 0.026582409, -0.2573792;
 0.0034667675, 0.99813181, 0.060999017, -0.05596846;
 -0.02684363, -0.060884513, 0.99778378, -0.57150668;
 0, 0, 0, 1]
Ow:
[0.24213764;
 0.019756254;
 0.58049583]
Keyframe: 53 Frame: 243 Frame from vFrameID : 244
Tcw:
[0.99999541, 0.00026999819, 0.0030087898, 0.2529358;
 -2.9680088e-05, 0.9968279, -0.0795874, 0.019298755;
 -0.0030207341, 0.079586953, 0.99682337, 0.60435641;
 0, 0, 0, 1]
Twc:
[0.99999541, -2.9680088e-05, -0.0030207341, -0.25110847;
 0.00026999819, 0.9968279, 0.079586953, -0.06740471;
 0.0030087898, -0.0795874, 0.99682337, -0.60166168;
 0, 0, 0, 1]
Ow:
[0.2529358;
 0.019298755;
 0.60435641]
Keyframe: 54 Frame: 248 Frame from vFrameID : 249
Tcw:
[0.99952638, 0.0078604938, 0.029752839, 0.26032221;
 -0.0058501721, 0.99773169, -0.067061245, 0.02032559;
 -0.030212486, 0.066855423, 0.99730515, 0.62706023;
 0, 0, 0, 1]
Twc:
[0.99952638, -0.0058501721, -0.030212486, -0.24113496;
 0.0078604938, 0.99773169, 0.066855423, -0.064248122;
 0.029752839, -0.067061245, 0.99730515, -0.63175267;
 0, 0, 0, 1]
Ow:
[0.26032221;
 0.02032559;
 0.62706023]
Keyframe: 55 Frame: 253 Frame from vFrameID : 254
Tcw:
[0.99993056, 0.0081645409, -0.0084952302, 0.27233163;
 -0.0087059978, 0.99779594, -0.065783694, 0.02253874;
 0.0079394123, 0.065853082, 0.99779773, 0.64914376;
 0, 0, 0, 1]
Twc:
[0.99993056, -0.0087059978, 0.0079394123, -0.27727035;
 0.0081645409, 0.99779594, 0.065853082, -0.067460641;
 -0.0084952302, -0.065783694, 0.99779773, -0.64391798;
 0, 0, 0, 1]
Ow:
[0.27233163;
 0.02253874;
 0.64914376]
Keyframe: 56 Frame: 258 Frame from vFrameID : 259
Tcw:
[0.99567783, 0.020677669, -0.090543143, 0.29279715;
 -0.027303271, 0.99699026, -0.072560191, 0.022032358;
 0.088770255, 0.074718699, 0.99324566, 0.66860247;
 0, 0, 0, 1]
Twc:
[0.99567783, -0.027303271, 0.088770255, -0.3502821;
 0.020677669, 0.99699026, 0.074718699, -0.077977516;
 -0.090543143, -0.072560191, 0.99324566, -0.63597703;
 0, 0, 0, 1]
Ow:
[0.29279715;
 0.022032358;
 0.66860247]
Keyframe: 57 Frame: 263 Frame from vFrameID : 264
Tcw:
[0.99446201, 0.023386016, -0.10246175, 0.30952728;
 -0.030335337, 0.99730521, -0.066799022, 0.018655799;
 0.10062347, 0.069537304, 0.99249154, 0.6863209;
 0, 0, 0, 1]
Twc:
[0.99446201, -0.030335337, 0.10062347, -0.37630719;
 0.023386016, 0.99730521, 0.069537304, -0.073569037;
 -0.10246175, -0.066799022, 0.99249154, -0.64820677;
 0, 0, 0, 1]
Ow:
[0.30952728;
 0.018655799;
 0.6863209]
Keyframe: 58 Frame: 268 Frame from vFrameID : 269
Tcw:
[0.99453866, 0.029567115, -0.10009325, 0.31903255;
 -0.034727111, 0.99813485, -0.050208066, 0.017301608;
 0.098422043, 0.053409811, 0.99371046, 0.70087111;
 0, 0, 0, 1]
Twc:
[0.99453866, -0.034727111, 0.098422043, -0.38567054;
 0.029567115, 0.99813485, 0.053409811, -0.064135596;
 -0.10009325, -0.050208066, 0.99371046, -0.66366124;
 0, 0, 0, 1]
Ow:
[0.31903255;
 0.017301608;
 0.70087111]
Keyframe: 59 Frame: 273 Frame from vFrameID : 274
Tcw:
[0.99670017, 0.023540335, -0.077683128, 0.32762551;
 -0.026947817, 0.99870682, -0.043111045, 0.019589767;
 0.076567821, 0.045062177, 0.99604559, 0.72505945;
 0, 0, 0, 1]
Twc:
[0.99670017, -0.026947817, 0.076567821, -0.38153273;
 0.023540335, 0.99870682, 0.045062177, -0.059949603;
 -0.077683128, -0.043111045, 0.99604559, -0.69589674;
 0, 0, 0, 1]
Ow:
[0.32762551;
 0.019589767;
 0.72505945]
Keyframe: 60 Frame: 278 Frame from vFrameID : 279
Tcw:
[0.99956369, 0.0076862299, -0.028518198, 0.33332792;
 -0.010026, 0.99651313, -0.082831204, 0.018132173;
 0.027782101, 0.083080992, 0.99615544, 0.7553122;
 0, 0, 0, 1]
Twc:
[0.99956369, -0.010026, 0.027782101, -0.35398486;
 0.0076862299, 0.99651313, 0.083080992, -0.083383068;
 -0.028518198, -0.082831204, 0.99615544, -0.74140054;
 0, 0, 0, 1]
Ow:
[0.33332792;
 0.018132173;
 0.7553122]
Keyframe: 61 Frame: 284 Frame from vFrameID : 285
Tcw:
[0.99987012, -0.0018077062, 0.01601417, 0.33485806;
 0.0031983242, 0.99618202, -0.087241761, 0.019387528;
 -0.015795322, 0.087281644, 0.99605846, 0.77746594;
 0, 0, 0, 1]
Twc:
[0.99987012, 0.0031983242, -0.015795322, -0.32259628;
 -0.0018077062, 0.99618202, 0.087281644, -0.086566694;
 0.01601417, -0.087241761, 0.99605846, -0.77807254;
 0, 0, 0, 1]
Ow:
[0.33485806;
 0.019387528;
 0.77746594]
Keyframe: 62 Frame: 289 Frame from vFrameID : 290
Tcw:
[0.99925423, -0.0044499123, 0.038355771, 0.34125224;
 0.0066477759, 0.99833107, -0.057366401, 0.021717943;
 -0.038036481, 0.057578601, 0.99761611, 0.7979418;
 0, 0, 0, 1]
Twc:
[0.99925423, 0.0066477759, -0.038036481, -0.31079122;
 -0.0044499123, 0.99833107, 0.057578601, -0.066107526;
 0.038355771, -0.057366401, 0.99761611, -0.80788273;
 0, 0, 0, 1]
Ow:
[0.34125224;
 0.021717943;
 0.7979418]
Keyframe: 63 Frame: 294 Frame from vFrameID : 295
Tcw:
[0.99979705, -0.0083595449, 0.018330056, 0.35102385;
 0.0095757404, 0.99768692, -0.067298673, 0.022305775;
 -0.017725071, 0.067460537, 0.99756449, 0.82313925;
 0, 0, 0, 1]
Twc:
[0.99979705, 0.0095757404, -0.017725071, -0.33657598;
 -0.0083595449, 0.99768692, 0.067460537, -0.074849196;
 0.018330056, -0.067298673, 0.99756449, -0.82606763;
 0, 0, 0, 1]
Ow:
[0.35102385;
 0.022305775;
 0.82313925]
Keyframe: 64 Frame: 300 Frame from vFrameID : 301
Tcw:
[0.99998492, 0.0020233695, -0.0051034936, 0.36883152;
 -0.0024128314, 0.99698949, -0.077499263, 0.019426547;
 0.00493132, 0.077510409, 0.99697936, 0.84951675;
 0, 0, 0, 1]
Twc:
[0.99998492, -0.0024128314, 0.00493132, -0.37296835;
 0.0020233695, 0.99698949, 0.077510409, -0.085960738;
 -0.0051034936, -0.077499263, 0.99697936, -0.84356278;
 0, 0, 0, 1]
Ow:
[0.36883152;
 0.019426547;
 0.84951675]
Keyframe: 65 Frame: 305 Frame from vFrameID : 306
Tcw:
[0.99990946, 0.007178342, -0.0113829, 0.3740539;
 -0.0081072412, 0.99645144, -0.083778128, 0.015621156;
 0.010741119, 0.083862826, 0.99641943, 0.86785603;
 0, 0, 0, 1]
Twc:
[0.99990946, -0.0081072412, 0.010741119, -0.38321513;
 0.007178342, 0.99645144, 0.083862826, -0.091031671;
 -0.0113829, -0.083778128, 0.99641943, -0.85918206;
 0, 0, 0, 1]
Ow:
[0.3740539;
 0.015621156;
 0.86785603]
Keyframe: 66 Frame: 311 Frame from vFrameID : 312
Tcw:
[0.99986136, 0.01278619, 0.010664083, 0.38131979;
 -0.011654441, 0.99490243, -0.10016666, 0.019903243;
 -0.011890472, 0.10002849, 0.99491352, 0.90132874;
 0, 0, 0, 1]
Twc:
[0.99986136, -0.011654441, -0.011890472, -0.37031779;
 0.01278619, 0.99490243, 0.10002849, -0.11483597;
 0.010664083, -0.10016666, 0.99491352, -0.89881694;
 0, 0, 0, 1]
Ow:
[0.38131979;
 0.019903243;
 0.90132874]
Keyframe: 67 Frame: 316 Frame from vFrameID : 317
Tcw:
[0.99913573, 0.0024682507, 0.041493535, 0.38253129;
 0.0016815267, 0.99501824, -0.099678852, 0.021509923;
 -0.041532855, 0.099662475, 0.9941541, 0.92739362;
 0, 0, 0, 1]
Twc:
[0.99913573, 0.0016815267, -0.041532855, -0.34371951;
 0.0024682507, 0.99501824, 0.099662475, -0.1147733;
 0.041493535, -0.099678852, 0.9941541, -0.93570071;
 0, 0, 0, 1]
Ow:
[0.38253129;
 0.021509923;
 0.92739362]
Keyframe: 68 Frame: 321 Frame from vFrameID : 322
Tcw:
[0.9985413, 0.00094294397, 0.053985365, 0.39098224;
 0.0042246073, 0.99541783, -0.09552715, 0.021144688;
 -0.053828072, 0.095615871, 0.99396187, 0.94830316;
 0, 0, 0, 1]
Twc:
[0.9985413, 0.0042246073, -0.053828072, -0.33945587;
 0.00094294397, 0.99541783, 0.095615871, -0.11208931;
 0.053985365, -0.09552715, 0.99396187, -0.96166456;
 0, 0, 0, 1]
Ow:
[0.39098224;
 0.021144688;
 0.94830316]
Keyframe: 69 Frame: 326 Frame from vFrameID : 327
Tcw:
[0.99926841, 0.0036443353, 0.038070917, 0.3988148;
 -0.00015247245, 0.9958213, -0.091322884, 0.0215673;
 -0.038244642, 0.091250263, 0.99509335, 0.97018301;
 0, 0, 0, 1]
Twc:
[0.99926841, -0.00015247245, -0.038244642, -0.36141542;
 0.0036443353, 0.9958213, 0.091250263, -0.11146004;
 0.038070917, -0.091322884, 0.99509335, -0.97863626;
 0, 0, 0, 1]
Ow:
[0.3988148;
 0.0215673;
 0.97018301]
Keyframe: 70 Frame: 332 Frame from vFrameID : 333
Tcw:
[0.99983692, 0.016355023, 0.007659955, 0.41560659;
 -0.015589382, 0.99571615, -0.091139048, 0.019519843;
 -0.0091177225, 0.091004774, 0.99580872, 0.98740494;
 0, 0, 0, 1]
Twc:
[0.99983692, -0.015589382, -0.0091177225, -0.40623164;
 0.016355023, 0.99571615, 0.091004774, -0.11609203;
 0.007659955, -0.091139048, 0.99580872, -0.98467094;
 0, 0, 0, 1]
Ow:
[0.41560659;
 0.019519843;
 0.98740494]
Keyframe: 71 Frame: 337 Frame from vFrameID : 338
Tcw:
[0.99995208, 0.0095495349, -0.002148249, 0.42360041;
 -0.0096959472, 0.99643761, -0.083773866, 0.018416449;
 0.0013405946, 0.083790682, 0.99648249, 1.0060362;
 0, 0, 0, 1]
Twc:
[0.99995208, -0.0096959472, 0.0013405946, -0.42475024;
 0.0095495349, 0.99643761, 0.083790682, -0.10669249;
 -0.002148249, -0.083773866, 0.99648249, -1.0000446;
 0, 0, 0, 1]
Ow:
[0.42360041;
 0.018416449;
 1.0060362]
Keyframe: 72 Frame: 342 Frame from vFrameID : 343
Tcw:
[0.99983472, 0.017406743, 0.0052517559, 0.4339712;
 -0.0169154, 0.99645948, -0.082355238, 0.019180715;
 -0.006666698, 0.082252786, 0.99658918, 1.0282344;
 0, 0, 0, 1]
Twc:
[0.99983472, -0.0169154, -0.006666698, -0.42672011;
 0.017406743, 0.99645948, 0.082252786, -0.11124199;
 0.0052517559, -0.082355238, 0.99658918, -1.0254269;
 0, 0, 0, 1]
Ow:
[0.4339712;
 0.019180715;
 1.0282344]
Keyframe: 73 Frame: 347 Frame from vFrameID : 348
Tcw:
[0.99971443, 0.0084905671, 0.02233763, 0.43746948;
 -0.0062178755, 0.99497676, -0.099912874, 0.018554613;
 -0.02307374, 0.099745452, 0.99474543, 1.0475783;
 0, 0, 0, 1]
Twc:
[0.99971443, -0.0062178755, -0.02307374, -0.41305763;
 0.0084905671, 0.99497676, 0.099745452, -0.12666695;
 0.02233763, -0.099912874, 0.99474543, -1.049992;
 0, 0, 0, 1]
Ow:
[0.43746948;
 0.018554613;
 1.0475783]
Keyframe: 74 Frame: 352 Frame from vFrameID : 353
Tcw:
[0.9990145, 0.0014536395, 0.044361696, 0.4425317;
 0.0032462764, 0.99439389, -0.10568954, 0.020248234;
 -0.044266634, 0.10572939, 0.99340916, 1.0655574;
 0, 0, 0, 1]
Twc:
[0.9990145, 0.0032462764, -0.044266634, -0.39499268;
 0.0014536395, 0.99439389, 0.10572939, -0.13343872;
 0.044361696, -0.10568954, 0.99340916, -1.0760258;
 0, 0, 0, 1]
Ow:
[0.4425317;
 0.020248234;
 1.0655574]
Keyframe: 75 Frame: 358 Frame from vFrameID : 359
Tcw:
[0.99941802, -0.0024085622, 0.034027148, 0.45003903;
 0.0063343858, 0.99325913, -0.11574209, 0.020903766;
 -0.033519, 0.11589027, 0.99269629, 1.0869735;
 0, 0, 0, 1]
Twc:
[0.99941802, 0.0063343858, -0.033519, -0.41347525;
 -0.0024085622, 0.99325913, 0.11589027, -0.14564855;
 0.034027148, -0.11574209, 0.99269629, -1.0919287;
 0, 0, 0, 1]
Ow:
[0.45003903;
 0.020903766;
 1.0869735]
Keyframe: 76 Frame: 363 Frame from vFrameID : 364
Tcw:
[0.99987823, 0.0062115486, 0.014316283, 0.46124044;
 -0.0047200019, 0.99477738, -0.10195947, 0.019809239;
 -0.014874841, 0.10187948, 0.99468553, 1.1055437;
 0, 0, 0, 1]
Twc:
[0.99987823, -0.0047200019, -0.014874841, -0.44464597;
 0.0062115486, 0.99477738, 0.10187948, -0.135203;
 0.014316283, -0.10195947, 0.99468553, -1.1042519;
 0, 0, 0, 1]
Ow:
[0.46124044;
 0.019809239;
 1.1055437]
Keyframe: 77 Frame: 369 Frame from vFrameID : 370
Tcw:
[0.99980617, 0.019665832, -0.00093528652, 0.47527683;
 -0.019668989, 0.99561965, -0.091403984, 0.017815538;
 -0.00086634577, 0.091404662, 0.99581343, 1.1217711;
 0, 0, 0, 1]
Twc:
[0.99980617, -0.019668989, -0.00086634577, -0.47386244;
 0.019665832, 0.99561965, 0.091404662, -0.12961932;
 -0.00093528652, -0.091403984, 0.99581343, -1.1150018;
 0, 0, 0, 1]
Ow:
[0.47527683;
 0.017815538;
 1.1217711]
Keyframe: 78 Frame: 376 Frame from vFrameID : 377
Tcw:
[0.99989808, 0.0024276308, -0.014068613, 0.4851428;
 -0.0037384832, 0.99557346, -0.093912408, 0.018656075;
 0.013778353, 0.093955435, 0.99548107, 1.1454182;
 0, 0, 0, 1]
Twc:
[0.99989808, -0.0037384832, 0.013778353, -0.50080556;
 0.0024276308, 0.99557346, 0.093955435, -0.12736949;
 -0.014068613, -0.093912408, 0.99548107, -1.1316648;
 0, 0, 0, 1]
Ow:
[0.4851428;
 0.018656075;
 1.1454182]
Keyframe: 79 Frame: 382 Frame from vFrameID : 383
Tcw:
[0.99967432, -0.0037739528, -0.025239969, 0.49018008;
 0.0013928182, 0.99559951, -0.093699843, 0.018131882;
 0.02548252, 0.093634173, 0.9952805, 1.1740419;
 0, 0, 0, 1]
Twc:
[0.99967432, 0.0013928182, 0.02548252, -0.5199632;
 -0.0037739528, 0.99559951, 0.093634173, -0.12613261;
 -0.025239969, -0.093699843, 0.9952805, -1.1544299;
 0, 0, 0, 1]
Ow:
[0.49018008;
 0.018131882;
 1.1740419]
Keyframe: 80 Frame: 387 Frame from vFrameID : 388
Tcw:
[0.99986535, -0.0092689255, -0.01353903, 0.49709159;
 0.0077465996, 0.99407089, -0.10845771, 0.016953319;
 0.014464042, 0.10833823, 0.99400884, 1.1900918;
 0, 0, 0, 1]
Twc:
[0.99986535, 0.0077465996, 0.014464042, -0.51436955;
 -0.0092689255, 0.99407089, 0.10833823, -0.14117774;
 -0.01353903, -0.10845771, 0.99400884, -1.1743931;
 0, 0, 0, 1]
Ow:
[0.49709159;
 0.016953319;
 1.1900918]
Keyframe: 81 Frame: 392 Frame from vFrameID : 393
Tcw:
[0.99908078, -0.036961015, -0.021713702, 0.49506027;
 0.035014518, 0.99584579, -0.084054716, 0.017875768;
 0.024730245, 0.083217159, 0.99622452, 1.2037067;
 0, 0, 0, 1]
Twc:
[0.99908078, 0.035014518, 0.024730245, -0.52499908;
 -0.036961015, 0.99584579, 0.083217159, -0.099672638;
 -0.021713702, -0.084054716, 0.99622452, -1.1869102;
 0, 0, 0, 1]
Ow:
[0.49506027;
 0.017875768;
 1.2037067]
Keyframe: 82 Frame: 398 Frame from vFrameID : 399
Tcw:
[0.99608296, -0.080093406, -0.037466787, 0.49892735;
 0.076146029, 0.99236721, -0.09700074, 0.018402532;
 0.04494993, 0.093767837, 0.99457884, 1.2214527;
 0, 0, 0, 1]
Twc:
[0.99608296, 0.076146029, 0.04494993, -0.55327857;
 -0.080093406, 0.99236721, 0.093767837, -0.092834249;
 -0.037466787, -0.09700074, 0.99457884, -1.1943527;
 0, 0, 0, 1]
Ow:
[0.49892735;
 0.018402532;
 1.2214527]
Keyframe: 83 Frame: 404 Frame from vFrameID : 405
Tcw:
[0.99214417, -0.086331122, -0.090536729, 0.5159964;
 0.077332087, 0.99211872, -0.098591343, 0.0166701;
 0.098334685, 0.090815432, 0.99100095, 1.2446992;
 0, 0, 0, 1]
Twc:
[0.99214417, 0.077332087, 0.098334685, -0.635629;
 -0.086331122, 0.99211872, 0.090815432, -0.085030064;
 -0.090536729, -0.098591343, 0.99100095, -1.1851379;
 0, 0, 0, 1]
Ow:
[0.5159964;
 0.0166701;
 1.2446992]
Keyframe: 84 Frame: 410 Frame from vFrameID : 411
Tcw:
[0.99541783, -0.059105214, -0.075165518, 0.52577782;
 0.051685836, 0.9939329, -0.097087249, 0.018203363;
 0.080447845, 0.092757389, 0.99243349, 1.2597162;
 0, 0, 0, 1]
Twc:
[0.99541783, 0.051685836, 0.080447845, -0.62565094;
 -0.059105214, 0.9939329, 0.092757389, -0.10386471;
 -0.075165518, -0.097087249, 0.99243349, -1.2088969;
 0, 0, 0, 1]
Ow:
[0.52577782;
 0.018203363;
 1.2597162]
Keyframe: 85 Frame: 415 Frame from vFrameID : 416
Tcw:
[0.99535406, -0.047227185, -0.083903857, 0.53102672;
 0.041088253, 0.99645251, -0.073444642, 0.018227018;
 0.087074794, 0.069655962, 0.99376357, 1.2691064;
 0, 0, 0, 1]
Twc:
[0.99535406, 0.041088253, 0.087074794, -0.63981569;
 -0.047227185, 0.99645251, 0.069655962, -0.081484288;
 -0.083903857, -0.073444642, 0.99376357, -1.2152978;
 0, 0, 0, 1]
Ow:
[0.53102672;
 0.018227018;
 1.2691064]
Keyframe: 86 Frame: 420 Frame from vFrameID : 421
Tcw:
[0.99040729, -0.021395469, -0.13651234, 0.5403201;
 0.014178867, 0.99846077, -0.053619199, 0.016295336;
 0.13744943, 0.051169258, 0.98918623, 1.2849466;
 0, 0, 0, 1]
Twc:
[0.99040729, 0.014178867, 0.13744943, -0.7119832;
 -0.021395469, 0.99846077, 0.051169258, -0.070459612;
 -0.13651234, -0.053619199, 0.98918623, -1.1964173;
 0, 0, 0, 1]
Ow:
[0.5403201;
 0.016295336;
 1.2849466]
Keyframe: 87 Frame: 425 Frame from vFrameID : 426
Tcw:
[0.99329579, -0.019698128, -0.11390968, 0.5449962;
 0.01356081, 0.99842685, -0.054404899, 0.014658354;
 0.11480216, 0.052495454, 0.99200034, 1.2988989;
 0, 0, 0, 1]
Twc:
[0.99329579, 0.01356081, 0.11480216, -0.69065768;
 -0.019698128, 0.99842685, 0.052495454, -0.072086178;
 -0.11390968, -0.054404899, 0.99200034, -1.2256304;
 0, 0, 0, 1]
Ow:
[0.5449962;
 0.014658354;
 1.2988989]
Keyframe: 88 Frame: 430 Frame from vFrameID : 431
Tcw:
[0.99609649, -0.013164087, -0.087283604, 0.55143195;
 0.0092873387, 0.99895847, -0.044673797, 0.014246587;
 0.087780781, 0.043688782, 0.99518132, 1.3109341;
 0, 0, 0, 1]
Twc:
[0.99609649, 0.0092873387, 0.087780781, -0.66448659;
 -0.013164087, 0.99895847, 0.043688782, -0.064245753;
 -0.087283604, -0.044673797, 0.99518132, -1.2558496;
 0, 0, 0, 1]
Ow:
[0.55143195;
 0.014246587;
 1.3109341]
Keyframe: 89 Frame: 435 Frame from vFrameID : 436
Tcw:
