Keyframe: 0 Frame: 0 Frame from vFrameID : 48
Tcw:
[0.99994689, 0.0065648202, 0.0079481089, 0.032398578;
 0.0010323871, 0.70336097, -0.71083206, 0.0006236136;
 -0.010256874, 0.7108025, 0.70331687, -0.064824976;
 0, 0, 0, 1]
Twc:
[0.99994689, 0.0010323871, -0.010256874, -0.033062398;
 0.0065648202, 0.70336097, 0.7108025, 0.045426439;
 0.0079481089, -0.71083206, 0.70331687, 0.045778275;
 0, 0, 0, 1]
Ow:
[0.032398578;
 0.0006236136;
 -0.064824976]
Keyframe: 1 Frame: 47 Frame from vFrameID : 48
Tcw:
[0.99854791, 0.015802914, -0.051501159, 0.064787544;
 -0.047408849, 0.71178657, -0.70079404, 0.0070077693;
 0.025583245, 0.70221806, 0.71150219, -0.020756735;
 0, 0, 0, 1]
Twc:
[0.99854791, -0.047408849, 0.025583245, -0.063830204;
 0.015802914, 0.71178657, 0.70221806, 0.0085638845;
 -0.051501159, -0.70079404, 0.71150219, 0.023016097;
 0, 0, 0, 1]
Ow:
[0.064787544;
 0.0070077693;
 -0.020756735]
