Keyframe: 0 Frame: 0 Frame from vFrameID : 31
Tcw:
[0.99963373, 0.019827072, 0.018418934, 0.011914116;
 0.010604366, 0.33920112, -0.9406541, 0.0033138506;
 -0.02489814, 0.94050491, 0.33886662, -0.082340509;
 0, 0, 0, 1]
Twc:
[0.99963373, 0.010604366, -0.02489814, -0.01399502;
 0.019827072, 0.33920112, 0.94050491, 0.076081365;
 0.018418934, -0.9406541, 0.33886662, 0.030800194;
 0, 0, 0, 1]
Ow:
[0.011914116;
 0.0033138506;
 -0.082340509]
Keyframe: 1 Frame: 30 Frame from vFrameID : 31
Tcw:
[0.99976814, 0.016044615, 0.014362244, 0.014406316;
 0.0080386689, 0.3406662, -0.94014996, 0.0062459987;
 -0.019977074, 0.94004738, 0.34045824, -0.082888559;
 0, 0, 0, 1]
Twc:
[0.99976814, 0.0080386689, -0.019977074, -0.016109055;
 0.016044615, 0.3406662, 0.94004738, 0.075560227;
 0.014362244, -0.94014996, 0.34045824, 0.03388536;
 0, 0, 0, 1]
Ow:
[0.014406316;
 0.0062459987;
 -0.082888559]
Keyframe: 2 Frame: 32 Frame from vFrameID : 33
Tcw:
[0.9998951, 0.011354878, 0.008994217, 0.016666425;
 0.0045692697, 0.34197316, -0.93969864, 0.0052568484;
 -0.013745944, 0.93964112, 0.34188539, -0.083918169;
 0, 0, 0, 1]
Twc:
[0.9998951, 0.0045692697, -0.013745944, -0.017842231;
 0.011354878, 0.34197316, 0.93964112, 0.076866016;
 0.008994217, -0.93969864, 0.34188539, 0.033480346;
 0, 0, 0, 1]
Ow:
[0.016666425;
 0.0052568484;
 -0.083918169]
Keyframe: 3 Frame: 34 Frame from vFrameID : 35
Tcw:
[0.99996388, 0.0077211256, 0.0035540594, 0.021184599;
 0.0006768165, 0.34447581, -0.93879497, 0.0047033075;
 -0.0084728412, 0.93876344, 0.34445813, -0.085307322;
 0, 0, 0, 1]
Twc:
[0.99996388, 0.0006768165, -0.0084728412, -0.021909812;
 0.0077211256, 0.34447581, 0.93876344, 0.078299649;
 0.0035540594, -0.93879497, 0.34445813, 0.033724949;
 0, 0, 0, 1]
Ow:
[0.021184599;
 0.0047033075;
 -0.085307322]
Keyframe: 4 Frame: 35 Frame from vFrameID : 36
Tcw:
[0.99997324, 0.0072313733, 0.0011026858, 0.025148792;
 -0.001475448, 0.34703815, -0.93784988, 0.0060126204;
 -0.0071646166, 0.93782312, 0.34703952, -0.086495936;
 0, 0, 0, 1]
Twc:
[0.99997324, -0.001475448, -0.0071646166, -0.025758957;
 0.0072313733, 0.34703815, 0.93782312, 0.07884942;
 0.0011026858, -0.93784988, 0.34703952, 0.03562871;
 0, 0, 0, 1]
Ow:
[0.025148792;
 0.0060126204;
 -0.086495936]
Keyframe: 5 Frame: 36 Frame from vFrameID : 37
Tcw:
[0.99997616, 0.0065684505, 0.0021296979, 0.024421956;
 -0.00031123997, 0.35098687, -0.93638033, 0.0061856657;
 -0.0068980637, 0.93635732, 0.35098055, -0.087344356;
 0, 0, 0, 1]
Twc:
[0.99997616, -0.00031123997, -0.0068980637, -0.025021955;
 0.0065684505, 0.35098687, 0.93635732, 0.079454027;
 0.0021296979, -0.93638033, 0.35098055, 0.036396295;
 0, 0, 0, 1]
Ow:
[0.024421956;
 0.0061856657;
 -0.087344356]
Keyframe: 6 Frame: 37 Frame from vFrameID : 38
Tcw:
[0.99997658, 0.0066057732, 0.0017865385, 0.028763624;
 -0.00069138611, 0.35726368, -0.93400329, 0.0075075552;
 -0.0068080793, 0.93398023, 0.3572599, -0.08976315;
 0, 0, 0, 1]
Twc:
[0.99997658, -0.00069138611, -0.0068080793, -0.029368874;
 0.0066057732, 0.35726368, 0.93398023, 0.080964819;
 0.0017865385, -0.93400329, 0.3572599, 0.039029464;
 0, 0, 0, 1]
Ow:
[0.028763624;
 0.0075075552;
 -0.08976315]
Keyframe: 7 Frame: 39 Frame from vFrameID : 40
Tcw:
[0.99998188, 0.0058550364, 0.0013945175, 0.033077165;
 -0.00084207417, 0.36551178, -0.93080634, 0.0070368331;
 -0.0059596174, 0.93078828, 0.36551008, -0.090701193;
 0, 0, 0, 1]
Twc:
[0.99998188, -0.00084207417, -0.0059596174, -0.033611186;
 0.0058550364, 0.36551178, 0.93078828, 0.081657894;
 0.0013945175, -0.93080634, 0.36551008, 0.039656002;
 0, 0, 0, 1]
Ow:
[0.033077165;
 0.0070368331;
 -0.090701193]
Keyframe: 8 Frame: 40 Frame from vFrameID : 41
Tcw:
[0.99999309, 0.0030432593, -0.0021270232, 0.034083348;
 -0.0030932946, 0.36600539, -0.93060762, 0.0088458546;
 -0.0020535782, 0.93060774, 0.36601228, -0.090269201;
 0, 0, 0, 1]
Twc:
[0.99999309, -0.0030932946, -0.0020535782, -0.034241129;
 0.0030432593, 0.36600539, 0.93060774, 0.080663867;
 -0.0021270232, -0.93060762, 0.36601228, 0.041344151;
 0, 0, 0, 1]
Ow:
[0.034083348;
 0.0088458546;
 -0.090269201]
Keyframe: 9 Frame: 41 Frame from vFrameID : 42
Tcw:
[0.99999022, -0.0015567095, -0.0041405461, 0.037677877;
 -0.0032893806, 0.36415288, -0.93133336, 0.0096985549;
 0.0029576072, 0.93133789, 0.36414421, -0.08999528;
 0, 0, 0, 1]
Twc:
[0.99999022, -0.0032893806, 0.0029576072, -0.037379436;
 -0.0015567095, 0.36415288, 0.93133789, 0.080342911;
 -0.0041405461, -0.93133336, 0.36414421, 0.041959852;
 0, 0, 0, 1]
Ow:
[0.037677877;
 0.0096985549;
 -0.08999528]
Keyframe: 10 Frame: 43 Frame from vFrameID : 44
Tcw:
[0.99989253, -0.0095584579, -0.011116284, 0.039552752;
 -0.0068515656, 0.365675, -0.93071741, 0.012614129;
 0.012961171, 0.93069351, 0.36557022, -0.092978425;
 0, 0, 0, 1]
Twc:
[0.99989253, -0.0068515656, 0.012961171, -0.038256966;
 -0.0095584579, 0.365675, 0.93069351, 0.082299814;
 -0.011116284, -0.93071741, 0.36557022, 0.046170015;
 0, 0, 0, 1]
Ow:
[0.039552752;
 0.012614129;
 -0.092978425]
Keyframe: 11 Frame: 47 Frame from vFrameID : 48
Tcw:
[0.99944407, -0.031848829, -0.0098587181, 0.044656973;
 0.0025890523, 0.36895365, -0.92944419, 0.011364315;
 0.033239119, 0.92890197, 0.36883098, -0.092384048;
 0, 0, 0, 1]
Twc:
[0.99944407, 0.0025890523, 0.033239119, -0.041590806;
 -0.031848829, 0.36895365, 0.92890197, 0.083045088;
 -0.0098587181, -0.92944419, 0.36883098, 0.045076855;
 0, 0, 0, 1]
Ow:
[0.044656973;
 0.011364315;
 -0.092384048]
Keyframe: 12 Frame: 50 Frame from vFrameID : 51
Tcw:
[0.99954224, -0.030072216, -0.0033151356, 0.042882867;
 0.0076326691, 0.35668007, -0.9341954, 0.0056700464;
 0.029275769, 0.93374246, 0.35674632, -0.091573618;
 0, 0, 0, 1]
Twc:
[0.99954224, 0.0076326691, 0.029275769, -0.040225625;
 -0.030072216, 0.35668007, 0.93374246, 0.084773369;
 -0.0033151356, -0.9341954, 0.35674632, 0.038107645;
 0, 0, 0, 1]
Ow:
[0.042882867;
 0.0056700464;
 -0.091573618]
Keyframe: 13 Frame: 53 Frame from vFrameID : 54
Tcw:
[0.99975532, -0.022115983, -0.00041561303, 0.039977819;
 0.0072620781, 0.34591478, -0.93823785, 0.0057576541;
 0.020893818, 0.93800527, 0.34599075, -0.091355182;
 0, 0, 0, 1]
Twc:
[0.99975532, 0.0072620781, 0.020893818, -0.038101088;
 -0.022115983, 0.34591478, 0.93800527, 0.084584132;
 -0.00041561303, -0.93823785, 0.34599075, 0.037026711;
 0, 0, 0, 1]
Ow:
[0.039977819;
 0.0057576541;
 -0.091355182]
Keyframe: 14 Frame: 56 Frame from vFrameID : 57
Tcw:
[0.99975181, -0.021471987, 0.0059350003, 0.035725191;
 0.012999126, 0.34593287, -0.93816924, 0.0055203997;
 0.018091245, 0.93801355, 0.34612614, -0.088759482;
 0, 0, 0, 1]
Twc:
[0.99975181, 0.012999126, 0.018091245, -0.034182314;
 -0.021471987, 0.34593287, 0.93801355, 0.082114995;
 0.0059350003, -0.93816924, 0.34612614, 0.035689015;
 0, 0, 0, 1]
Ow:
[0.035725191;
 0.0055203997;
 -0.088759482]
Keyframe: 15 Frame: 60 Frame from vFrameID : 61
Tcw:
[0.99929821, -0.031789828, 0.019812131, 0.032541916;
 0.029688282, 0.34964412, -0.9364121, 0.0039659943;
 0.022841183, 0.93634307, 0.35034254, -0.081066981;
 0, 0, 0, 1]
Twc:
[0.99929821, 0.029688282, 0.022841183, -0.030785156;
 -0.031789828, 0.34964412, 0.93634307, 0.075554326;
 0.019812131, -0.9364121, 0.35034254, 0.031470291;
 0, 0, 0, 1]
Ow:
[0.032541916;
 0.0039659943;
 -0.081066981]
Keyframe: 16 Frame: 63 Frame from vFrameID : 64
Tcw:
[0.99895096, -0.028357035, 0.035957146, 0.035262924;
 0.043820959, 0.36397678, -0.93037659, 0.0036588851;
 0.013295156, 0.93097627, 0.36483756, -0.076676279;
 0, 0, 0, 1]
Twc:
[0.99895096, 0.043820959, 0.013295156, -0.034366842;
 -0.028357035, 0.36397678, 0.93097627, 0.071051992;
 0.035957146, -0.93037659, 0.36483756, 0.030110573;
 0, 0, 0, 1]
Ow:
[0.035262924;
 0.0036588851;
 -0.076676279]
Keyframe: 17 Frame: 66 Frame from vFrameID : 67
Tcw:
[0.99916321, -0.016118538, 0.037590753, 0.037952188;
 0.040889736, 0.37231675, -0.92720455, 0.0010845754;
 0.00094951381, 0.92796576, 0.3726643, -0.072698645;
 0, 0, 0, 1]
Twc:
[0.99916321, 0.040889736, 0.00094951381, -0.037895747;
 -0.016118538, 0.37231675, 0.92796576, 0.067669779;
 0.037590753, -0.92720455, 0.3726643, 0.02667116;
 0, 0, 0, 1]
Ow:
[0.037952188;
 0.0010845754;
 -0.072698645]
Keyframe: 18 Frame: 71 Frame from vFrameID : 72
Tcw:
[0.9993884, -0.009827924, 0.033559088, 0.041990004;
 0.034859683, 0.35567847, -0.93395805, -0.0069795093;
 -0.0027573772, 0.93455672, 0.35580355, -0.064623848;
 0, 0, 0, 1]
Twc:
[0.9993884, 0.034859683, -0.0027573772, -0.041899212;
 -0.009827924, 0.35567847, 0.93455672, 0.063289784;
 0.033559088, -0.93395805, 0.35580355, 0.015065677;
 0, 0, 0, 1]
Ow:
[0.041990004;
 -0.0069795093;
 -0.064623848]
Keyframe: 19 Frame: 77 Frame from vFrameID : 78
Tcw:
[0.99956745, 0.019517358, 0.02199862, 0.047704488;
 0.01354051, 0.35859218, -0.9333961, -0.019872198;
 -0.026105961, 0.93329024, 0.3581728, -0.059985477;
 0, 0, 0, 1]
Twc:
[0.99956745, 0.01354051, -0.026105961, -0.048980754;
 0.019517358, 0.35859218, 0.93329024, 0.062178809;
 0.02199862, -0.9333961, 0.3581728, 0.0018871009;
 0, 0, 0, 1]
Ow:
[0.047704488;
 -0.019872198;
 -0.059985477]
Keyframe: 20 Frame: 84 Frame from vFrameID : 85
Tcw:
[0.99917984, 0.039818488, 0.0073608472, 0.057196639;
 -0.0070512458, 0.35009557, -0.93668747, -0.028574049;
 -0.039874479, 0.93586731, 0.35008919, -0.051861279;
 0, 0, 0, 1]
Twc:
[0.99917984, -0.0070512458, -0.039874479, -0.059419151;
 0.039818488, 0.35009557, 0.93586731, 0.056261439;
 0.0073608472, -0.93668747, 0.35008919, -0.0090298941;
 0, 0, 0, 1]
Ow:
[0.057196639;
 -0.028574049;
 -0.051861279]
Keyframe: 21 Frame: 91 Frame from vFrameID : 92
Tcw:
[0.99673921, 0.065779492, 0.046733219, 0.052104775;
 0.021979732, 0.33593068, -0.94163024, -0.03208473;
 -0.077639081, 0.93958694, 0.33338946, -0.031938985;
 0, 0, 0, 1]
Twc:
[0.99673921, 0.021979732, -0.077639081, -0.053709373;
 0.065779492, 0.33593068, 0.93958694, 0.037360273;
 0.046733219, -0.94163024, 0.33338946, -0.021998852;
 0, 0, 0, 1]
Ow:
[0.052104775;
 -0.03208473;
 -0.031938985]
Keyframe: 22 Frame: 99 Frame from vFrameID : 100
Tcw:
[0.99573809, 0.066857614, 0.063527338, 0.065412961;
 0.035665482, 0.35608083, -0.93377429, -0.045361947;
 -0.085050792, 0.93206036, 0.35217872, -0.021331646;
 0, 0, 0, 1]
Twc:
[0.99573809, 0.035665482, -0.085050792, -0.065330595;
 0.066857614, 0.35608083, 0.93206036, 0.031661548;
 0.063527338, -0.93377429, 0.35217872, -0.039000779;
 0, 0, 0, 1]
Ow:
[0.065412961;
 -0.045361947;
 -0.021331646]
Keyframe: 23 Frame: 106 Frame from vFrameID : 107
Tcw:
[0.99796784, 0.051952474, 0.036893062, 0.07993044;
 0.016214402, 0.35288084, -0.93552774, -0.05643902;
 -0.061621837, 0.93422484, 0.35132137, 0.0050693899;
 0, 0, 0, 1]
Twc:
[0.99796784, 0.016214402, -0.061621837, -0.078540504;
 0.051952474, 0.35288084, 0.93422484, 0.011027716;
 0.036893062, -0.93552774, 0.35132137, -0.057530135;
 0, 0, 0, 1]
Ow:
[0.07993044;
 -0.05643902;
 0.0050693899]
Keyframe: 24 Frame: 112 Frame from vFrameID : 113
Tcw:
[0.9980979, 0.061637696, 0.0011996478, 0.078497447;
 -0.021164626, 0.36086509, -0.93237787, -0.07194785;
 -0.057902534, 0.93057895, 0.36148322, 0.0069505908;
 0, 0, 0, 1]
Twc:
[0.9980979, -0.021164626, -0.057902534, -0.079468422;
 0.061637696, 0.36086509, 0.93057895, 0.014656993;
 0.0011996478, -0.93237787, 0.36148322, -0.069689274;
 0, 0, 0, 1]
Ow:
[0.078497447;
 -0.07194785;
 0.0069505908]
Keyframe: 25 Frame: 119 Frame from vFrameID : 120
Tcw:
[0.9976663, 0.068056531, 0.0054967948, 0.10192385;
 -0.017597677, 0.33408508, -0.94237864, -0.081406675;
 -0.065971419, 0.94008267, 0.33450308, 0.025206398;
 0, 0, 0, 1]
Twc:
[0.9976663, -0.017597677, -0.065971419, -0.10145566;
 0.068056531, 0.33408508, 0.94008267, -0.0034359272;
 0.0054967948, -0.94237864, 0.33450308, -0.085707776;
 0, 0, 0, 1]
Ow:
[0.10192385;
 -0.081406675;
 0.025206398]
Keyframe: 26 Frame: 125 Frame from vFrameID : 126
Tcw:
[0.99532521, 0.089082003, 0.037311576, 0.089404114;
 0.0042174514, 0.34586918, -0.93827325, -0.063650668;
 -0.096488185, 0.93404436, 0.34387663, 0.031491935;
 0, 0, 0, 1]
Twc:
[0.99532521, 0.0042174514, -0.096488185, -0.085679129;
 0.089082003, 0.34586918, 0.93404436, -0.015364359;
 0.037311576, -0.93827325, 0.34387663, -0.073886871;
 0, 0, 0, 1]
Ow:
[0.089404114;
 -0.063650668;
 0.031491935]
Keyframe: 27 Frame: 132 Frame from vFrameID : 133
Tcw:
[0.99599391, 0.086279519, 0.023494337, 0.10418984;
 -0.0079121431, 0.34673873, -0.93792838, -0.070458412;
 -0.08907041, 0.93398505, 0.34603232, 0.061749466;
 0, 0, 0, 1]
Twc:
[0.99599391, -0.0079121431, -0.08907041, -0.098829873;
 0.086279519, 0.34673873, 0.93398505, -0.042231865;
 0.023494337, -0.93792838, 0.34603232, -0.089900129;
 0, 0, 0, 1]
Ow:
[0.10418984;
 -0.070458412;
 0.061749466]
Keyframe: 28 Frame: 139 Frame from vFrameID : 140
Tcw:
[0.99715334, 0.075156212, -0.0060642664, 0.11949611;
 -0.0318137, 0.34644783, -0.93752962, -0.085069224;
 -0.068360224, 0.93505371, 0.34785262, 0.088365167;
 0, 0, 0, 1]
Twc:
[0.99715334, -0.0318137, -0.068360224, -0.11582165;
 0.075156212, 0.34644783, 0.93505371, -0.062135004;
 -0.0060642664, -0.93752962, 0.34785262, -0.10976832;
 0, 0, 0, 1]
Ow:
[0.11949611;
 -0.085069224;
 0.088365167]
Keyframe: 29 Frame: 147 Frame from vFrameID : 148
Tcw:
[0.99564272, 0.093246736, -0.00077608402, 0.12380373;
 -0.032158569, 0.33553752, -0.94147778, -0.095566355;
 -0.087529324, 0.93740046, 0.33707419, 0.097287774;
 0, 0, 0, 1]
Twc:
[0.99564272, -0.032158569, -0.087529324, -0.11782203;
 0.093246736, 0.33553752, 0.93740046, -0.070675798;
 -0.00077608402, -0.94147778, 0.33707419, -0.12267071;
 0, 0, 0, 1]
Ow:
[0.12380373;
 -0.095566355;
 0.097287774]
Keyframe: 30 Frame: 155 Frame from vFrameID : 156
Tcw:
[0.99285829, 0.10776722, 0.051172357, 0.13125648;
 0.012297189, 0.33420622, -0.94241977, -0.10563561;
 -0.11866407, 0.93631852, 0.3304942, 0.11795407;
 0, 0, 0, 1]
Twc:
[0.99285829, 0.012297189, -0.11866407, -0.11502316;
 0.10776722, 0.33420622, 0.93631852, -0.089283653;
 0.051172357, -0.94241977, 0.3304942, -0.14525291;
 0, 0, 0, 1]
Ow:
[0.13125648;
 -0.10563561;
 0.11795407]
Keyframe: 31 Frame: 163 Frame from vFrameID : 164
Tcw:
[0.99332345, 0.10947604, 0.03637984, 0.14337651;
 -0.0026686168, 0.33707368, -0.9414745, -0.11645823;
 -0.11533159, 0.93509161, 0.33511534, 0.13504213;
 0, 0, 0, 1]
Twc:
[0.99332345, -0.0026686168, -0.11533159, -0.12715542;
 0.10947604, 0.33707368, 0.93509161, -0.10271806;
 0.03637984, -0.9414745, 0.33511534, -0.16011316;
 0, 0, 0, 1]
Ow:
[0.14337651;
 -0.11645823;
 0.13504213]
Keyframe: 32 Frame: 171 Frame from vFrameID : 172
Tcw:
[0.99558228, 0.093892083, -0.00048433436, 0.16419609;
 -0.03346286, 0.34999347, -0.93615425, -0.13291939;
 -0.087727956, 0.93203479, 0.3515892, 0.15168175;
 0, 0, 0, 1]
Twc:
[0.99558228, -0.03346286, -0.087727956, -0.15461183;
 0.093892083, 0.34999347, 0.93203479, -0.11026847;
 -0.00048433436, -0.93615425, 0.3515892, -0.17768319;
 0, 0, 0, 1]
Ow:
[0.16419609;
 -0.13291939;
 0.15168175]
Keyframe: 33 Frame: 179 Frame from vFrameID : 180
Tcw:
[0.99550933, 0.094499581, 0.0055694631, 0.16939564;
 -0.029460438, 0.36519039, -0.93046659, -0.14172572;
 -0.089962617, 0.9261241, 0.36633444, 0.16445157;
 0, 0, 0, 1]
Twc:
[0.99550933, -0.029460438, -0.089962617, -0.15801574;
 0.094499581, 0.36519039, 0.9261241, -0.11655351;
 0.0055694631, -0.93046659, 0.36633444, -0.19305876;
 0, 0, 0, 1]
Ow:
[0.16939564;
 -0.14172572;
 0.16445157]
Keyframe: 34 Frame: 186 Frame from vFrameID : 187
Tcw:
[0.99575567, 0.091275394, 0.011809083, 0.17629525;
 -0.0183003, 0.32210481, -0.94652712, -0.14222568;
 -0.090198398, 0.94229364, 0.32240805, 0.1839745;
 0, 0, 0, 1]
Twc:
[0.99575567, -0.0183003, -0.090198398, -0.16155556;
 0.091275394, 0.32210481, 0.94229364, -0.14363785;
 0.011809083, -0.94652712, 0.32240805, -0.19601722;
 0, 0, 0, 1]
Ow:
[0.17629525;
 -0.14222568;
 0.1839745]
Keyframe: 35 Frame: 193 Frame from vFrameID : 194
Tcw:
[0.99460471, 0.10241105, 0.016534964, 0.1820869;
 -0.020630378, 0.35147846, -0.93596864, -0.14114223;
 -0.10166521, 0.9305777, 0.35169494, 0.18799622;
 0, 0, 0, 1]
Twc:
[0.99460471, -0.020630378, -0.10166521, -0.16490363;
 0.10241105, 0.35147846, 0.9305777, -0.14398435;
 0.016534964, -0.93596864, 0.35169494, -0.20123282;
 0, 0, 0, 1]
Ow:
[0.1820869;
 -0.14114223;
 0.18799622]
Keyframe: 36 Frame: 201 Frame from vFrameID : 202
Tcw:
[0.99465275, 0.09878663, -0.030118808, 0.20041519;
 -0.061535135, 0.33266926, -0.94103378, -0.14005992;
 -0.082941957, 0.93785518, 0.33696923, 0.20536429;
 0, 0, 0, 1]
Twc:
[0.99465275, -0.061535135, -0.082941957, -0.1909288;
 0.09878663, 0.33266926, 0.93785518, -0.16580667;
 -0.030118808, -0.94103378, 0.33696923, -0.19496629;
 0, 0, 0, 1]
Ow:
[0.20041519;
 -0.14005992;
 0.20536429]
Keyframe: 37 Frame: 209 Frame from vFrameID : 210
Tcw:
[0.995996, 0.086710043, -0.021756943, 0.21107185;
 -0.050104711, 0.33988526, -0.93913126, -0.13957737;
 -0.074037246, 0.93646109, 0.34286895, 0.22794724;
 0, 0, 0, 1]
Twc:
[0.995996, -0.050104711, -0.074037246, -0.20034361;
 0.086710043, 0.33988526, 0.93646109, -0.18432547;
 -0.021756943, -0.93913126, 0.34286895, -0.20464522;
 0, 0, 0, 1]
Ow:
[0.21107185;
 -0.13957737;
 0.22794724]
Keyframe: 38 Frame: 217 Frame from vFrameID : 218
Tcw:
[0.99628806, 0.085891508, -0.0057181781, 0.22001745;
 -0.033575077, 0.32656527, -0.94457811, -0.13572998;
 -0.079263881, 0.94126391, 0.32823691, 0.24061637;
 0, 0, 0, 1]
Twc:
[0.99628806, -0.033575077, -0.079263881, -0.20468572;
 0.085891508, 0.32656527, 0.94126391, -0.20105645;
 -0.0057181781, -0.94457811, 0.32823691, -0.20592865;
 0, 0, 0, 1]
Ow:
[0.22001745;
 -0.13572998;
 0.24061637]
Keyframe: 39 Frame: 224 Frame from vFrameID : 225
Tcw:
[0.99723947, 0.074242353, -0.0012400365, 0.23289077;
 -0.025936494, 0.33263919, -0.94269747, -0.13124639;
 -0.069575593, 0.94012725, 0.33364651, 0.25997391;
 0, 0, 0, 1]
Twc:
[0.99723947, -0.025936494, -0.069575593, -0.21756409;
 0.074242353, 0.33263919, 0.94012725, -0.21804123;
 -0.0012400365, -0.94269747, 0.33364651, -0.21017623;
 0, 0, 0, 1]
Ow:
[0.23289077;
 -0.13124639;
 0.25997391]
Keyframe: 40 Frame: 231 Frame from vFrameID : 232
Tcw:
[0.99732935, 0.067545481, -0.027781565, 0.24602717;
 -0.048022866, 0.31988227, -0.94623947, -0.13518664;
 -0.055027369, 0.94504654, 0.3222717, 0.27317858;
 0, 0, 0, 1]
Twc:
[0.99732935, -0.048022866, -0.055027369, -0.23682988;
 0.067545481, 0.31988227, 0.94504654, -0.23154065;
 -0.027781565, -0.94623947, 0.3222717, -0.20912164;
 0, 0, 0, 1]
Ow:
[0.24602717;
 -0.13518664;
 0.27317858]
Keyframe: 41 Frame: 240 Frame from vFrameID : 241
Tcw:
[0.99754238, 0.058478307, -0.038593404, 0.25585669;
 -0.055935517, 0.33295768, -0.94128126, -0.13577636;
 -0.042194564, 0.9411267, 0.33541042, 0.29251638;
 0, 0, 0, 1]
Twc:
[0.99754238, -0.055935517, -0.042194564, -0.25048003;
 0.058478307, 0.33295768, 0.9411267, -0.24504927;
 -0.038593404, -0.94128126, 0.33541042, -0.2160424;
 0, 0, 0, 1]
Ow:
[0.25585669;
 -0.13577636;
 0.29251638]
Keyframe: 42 Frame: 249 Frame from vFrameID : 250
Tcw:
[0.9984411, 0.049278818, -0.026209429, 0.26894885;
 -0.040163595, 0.30824631, -0.95045835, -0.13388163;
 -0.038758505, 0.95002937, 0.30974501, 0.31821766;
 0, 0, 0, 1]
Twc:
[0.9984411, -0.040163595, -0.038758505, -0.26157311;
 0.049278818, 0.30824631, 0.95002937, -0.27430108;
 -0.026209429, -0.95045835, 0.30974501, -0.21876626;
 0, 0, 0, 1]
Ow:
[0.26894885;
 -0.13388163;
 0.31821766]
Keyframe: 43 Frame: 257 Frame from vFrameID : 258
Tcw:
[0.99830955, 0.050924752, -0.0280127, 0.28345498;
 -0.042744208, 0.31670743, -0.94755965, -0.12708072;
 -0.039382413, 0.94715524, 0.3183488, 0.33898023;
 0, 0, 0, 1]
Twc:
[0.99830955, -0.042744208, -0.039382413, -0.27505794;
 0.050924752, 0.31670743, 0.94715524, -0.29525438;
 -0.0280127, -0.94755965, 0.3183488, -0.22039019;
 0, 0, 0, 1]
Ow:
[0.28345498;
 -0.12708072;
 0.33898023]
Keyframe: 44 Frame: 264 Frame from vFrameID : 265
Tcw:
[0.99710351, 0.043129887, -0.062644646, 0.28300315;
 -0.072607443, 0.29458332, -0.95286351, -0.13265772;
 -0.022642829, 0.95465201, 0.29686162, 0.35072696;
 0, 0, 0, 1]
Twc:
[0.99710351, -0.072607443, -0.022642829, -0.28387395;
 0.043129887, 0.29458332, 0.95465201, -0.30794936;
 -0.062644646, -0.95286351, 0.29686162, -0.21279344;
 0, 0, 0, 1]
Ow:
[0.28300315;
 -0.13265772;
 0.35072696]
Keyframe: 45 Frame: 273 Frame from vFrameID : 274
Tcw:
[0.99828678, 0.027071657, -0.051871363, 0.28755578;
 -0.057759769, 0.31437179, -0.94754112, -0.13601483;
 -0.009344615, 0.94891387, 0.31539688, 0.38440031;
 0, 0, 0, 1]
Twc:
[0.99828678, -0.057759769, -0.009344615, -0.29132724;
 0.027071657, 0.31437179, 0.94891387, -0.32978818;
 -0.051871363, -0.94754112, 0.31539688, -0.2352024;
 0, 0, 0, 1]
Ow:
[0.28755578;
 -0.13601483;
 0.38440031]
Keyframe: 46 Frame: 282 Frame from vFrameID : 283
Tcw:
[0.99915028, 0.039800894, -0.010707632, 0.29017809;
 -0.02332739, 0.33190209, -0.94302535, -0.14936872;
 -0.033979367, 0.94247383, 0.3325485, 0.40251505;
 0, 0, 0, 1]
Twc:
[0.99915028, -0.02332739, -0.033979367, -0.27973866;
 0.039800894, 0.33190209, 0.94247383, -0.34133345;
 -0.010707632, -0.94302535, 0.3325485, -0.27160713;
 0, 0, 0, 1]
Ow:
[0.29017809;
 -0.14936872;
 0.40251505]
Keyframe: 47 Frame: 291 Frame from vFrameID : 292
Tcw:
[0.99960357, 0.024358347, -0.014118603, 0.29713884;
 -0.021406524, 0.33183023, -0.94309622, -0.13214678;
 -0.018287286, 0.94302458, 0.33222011, 0.44247207;
 0, 0, 0, 1]
Twc:
[0.99960357, -0.021406524, -0.018287286, -0.29175824;
 0.024358347, 0.33183023, 0.94302458, -0.38064957;
 -0.014118603, -0.94309622, 0.33222011, -0.26743007;
 0, 0, 0, 1]
Ow:
[0.29713884;
 -0.13214678;
 0.44247207]
Keyframe: 48 Frame: 299 Frame from vFrameID : 300
Tcw:
[0.99893063, 0.025576359, -0.0385148, 0.29637641;
 -0.044781897, 0.3281472, -0.94356453, -0.15215701;
 -0.01149442, 0.94428027, 0.32894167, 0.45884681;
 0, 0, 0, 1]
Twc:
[0.99893063, -0.044781897, -0.01149442, -0.29759917;
 0.025576359, 0.3281472, 0.94428027, -0.39093035;
 -0.0385148, -0.94356453, 0.32894167, -0.28308889;
 0, 0, 0, 1]
Ow:
[0.29637641;
 -0.15215701;
 0.45884681]
Keyframe: 49 Frame: 306 Frame from vFrameID : 307
Tcw:
[0.99856591, 0.02927264, -0.044824049, 0.3069014;
 -0.052037966, 0.33405784, -0.94111496, -0.1332784;
 -0.012575095, 0.9420979, 0.33510208, 0.47723764;
 0, 0, 0, 1]
Twc:
[0.99856591, -0.052037966, -0.012575095, -0.30739552;
 0.02927264, 0.33405784, 0.9420979, -0.41406572;
 -0.044824049, -0.94111496, 0.33510208, -0.27159706;
 0, 0, 0, 1]
Ow:
[0.3069014;
 -0.1332784;
 0.47723764]
Keyframe: 50 Frame: 313 Frame from vFrameID : 314
Tcw:
[0.99914396, 0.027675904, -0.03074668, 0.31782848;
 -0.037708107, 0.30365321, -0.95203614, -0.12985897;
 -0.017012134, 0.9523806, 0.30443689, 0.4979538;
 0, 0, 0, 1]
Twc:
[0.99914396, -0.037708107, -0.017012134, -0.31398189;
 0.027675904, 0.30365321, 0.9523806, -0.44360563;
 -0.03074668, -0.95203614, 0.30443689, -0.26545376;
 0, 0, 0, 1]
Ow:
[0.31782848;
 -0.12985897;
 0.4979538]
Keyframe: 51 Frame: 320 Frame from vFrameID : 321
Tcw:
[0.99946976, 0.030353691, -0.011781999, 0.3255811;
 -0.020890635, 0.32025096, -0.94710237, -0.1249568;
 -0.024974857, 0.94684631, 0.32071528, 0.50484687;
 0, 0, 0, 1]
Twc:
[0.99946976, -0.020890635, -0.024974857, -0.31541044;
 0.030353691, 0.32025096, 0.94684631, -0.44787744;
 -0.011781999, -0.94710237, 0.32071528, -0.27642298;
 0, 0, 0, 1]
Ow:
[0.3255811;
 -0.1249568;
 0.50484687]
Keyframe: 52 Frame: 326 Frame from vFrameID : 327
Tcw:
[0.99931639, 0.032771505, -0.017109295, 0.32508826;
 -0.026445091, 0.31028345, -0.9502762, -0.11742865;
 -0.025833251, 0.95007902, 0.310938, 0.51977801;
 0, 0, 0, 1]
Twc:
[0.99931639, -0.026445091, -0.025833251, -0.3145439;
 0.032771505, 0.31028345, 0.95007902, -0.46804771;
 -0.017109295, -0.9502762, 0.310938, -0.26764637;
 0, 0, 0, 1]
Ow:
[0.32508826;
 -0.11742865;
 0.51977801]
Keyframe: 53 Frame: 333 Frame from vFrameID : 334
Tcw:
[0.99853927, 0.046787739, -0.027022718, 0.33297858;
 -0.040275078, 0.31114954, -0.94950718, -0.12594573;
 -0.036017187, 0.94920856, 0.31257939, 0.53541183;
 0, 0, 0, 1]
Twc:
[0.99853927, -0.040275078, -0.036017187, -0.31828064;
 0.046787739, 0.31114954, 0.94920856, -0.48460886;
 -0.027022718, -0.94950718, 0.31257939, -0.2779471;
 0, 0, 0, 1]
Ow:
[0.33297858;
 -0.12594573;
 0.53541183]
Keyframe: 54 Frame: 341 Frame from vFrameID : 342
Tcw:
[0.9988181, 0.047268197, -0.011317397, 0.35171267;
 -0.02683787, 0.34222734, -0.93923384, -0.12529701;
 -0.040522765, 0.93842751, 0.34309143, 0.55352539;
 0, 0, 0, 1]
Twc:
[0.9988181, -0.02683787, -0.040522765, -0.33222935;
 0.047268197, 0.34222734, 0.93842751, -0.4931882;
 -0.011317397, -0.93923384, 0.34309143, -0.30361253;
 0, 0, 0, 1]
Ow:
[0.35171267;
 -0.12529701;
 0.55352539]
Keyframe: 55 Frame: 349 Frame from vFrameID : 350
Tcw:
[0.99840242, 0.054699808, 0.014160778, 0.35636801;
 -0.0038482198, 0.31586519, -0.94879627, -0.13214135;
 -0.056371871, 0.94722599, 0.31557107, 0.57918531;
 0, 0, 0, 1]
Twc:
[0.99840242, -0.0038482198, -0.056371871, -0.32365742;
 0.054699808, 0.31586519, 0.94722599, -0.5263738;
 0.014160778, -0.94879627, 0.31557107, -0.31319579;
 0, 0, 0, 1]
Ow:
[0.35636801;
 -0.13214135;
 0.57918531]
Keyframe: 56 Frame: 358 Frame from vFrameID : 359
Tcw:
[0.99848896, 0.054228477, -0.0088927364, 0.36499733;
 -0.025709154, 0.31795374, -0.9477576, -0.13241193;
 -0.048567973, 0.94655412, 0.31886747, 0.59317374;
 0, 0, 0, 1]
Twc:
[0.99848896, -0.025709154, -0.048567973, -0.33904076;
 0.054228477, 0.31795374, 0.94655412, -0.53916341;
 -0.0088927364, -0.9477576, 0.31886747, -0.3113924;
 0, 0, 0, 1]
Ow:
[0.36499733;
 -0.13241193;
 0.59317374]
Keyframe: 57 Frame: 367 Frame from vFrameID : 368
Tcw:
[0.9984653, 0.030095784, -0.04648998, 0.37609088;
 -0.053931322, 0.3375676, -0.93975502, -0.13536108;
 -0.012589153, 0.94082004, 0.33867264, 0.61031735;
 0, 0, 0, 1]
Twc:
[0.9984653, -0.053931322, -0.012589153, -0.3751305;
 0.030095784, 0.3375676, 0.94082004, -0.53982407;
 -0.04648998, -0.93975502, 0.33867264, -0.3164196;
 0, 0, 0, 1]
Ow:
[0.37609088;
 -0.13536108;
 0.61031735]
Keyframe: 58 Frame: 375 Frame from vFrameID : 376
Tcw:
[0.99899471, 0.041100007, -0.017898096, 0.37552705;
 -0.029871512, 0.31262556, -0.94940662, -0.14356744;
 -0.033425216, 0.94898683, 0.313539, 0.62461227;
 0, 0, 0, 1]
Twc:
[0.99899471, -0.029871512, -0.033425216, -0.35856032;
 0.041100007, 0.31262556, 0.94898683, -0.56330013;
 -0.017898096, -0.94940662, 0.313539, -0.32542294;
 0, 0, 0, 1]
Ow:
[0.37552705;
 -0.14356744;
 0.62461227]
Keyframe: 59 Frame: 383 Frame from vFrameID : 384
Tcw:
[0.99749416, 0.06961377, 0.012619953, 0.370013;
 -0.0096445652, 0.31051216, -0.95052046, -0.14790559;
 -0.070087962, 0.94801694, 0.31040546, 0.6406396;
 0, 0, 0, 1]
Twc:
[0.99749416, -0.0096445652, -0.070087962, -0.3256112;
 0.06961377, 0.31051216, 0.94801694, -0.58716869;
 0.012619953, -0.95052046, 0.31040546, -0.34411487;
 0, 0, 0, 1]
Ow:
[0.370013;
 -0.14790559;
 0.6406396]
Keyframe: 60 Frame: 392 Frame from vFrameID : 393
Tcw:
[0.99789107, 0.062782951, -0.016482573, 0.37953687;
 -0.03513198, 0.30887303, -0.95045418, -0.1497014;
 -0.054581296, 0.94902885, 0.31042734, 0.64875937;
 0, 0, 0, 1]
Twc:
[0.99789107, -0.03513198, -0.054581296, -0.34858564;
 0.062782951, 0.30887303, 0.94902885, -0.59328109;
 -0.016482573, -0.95045418, 0.31042734, -0.33742124;
 0, 0, 0, 1]
Ow:
[0.37953687;
 -0.1497014;
 0.64875937]
Keyframe: 61 Frame: 400 Frame from vFrameID : 401
Tcw:
[0.99722677, 0.070792519, -0.022960627, 0.37814671;
 -0.04390046, 0.31042361, -0.94958407, -0.15332799;
 -0.060095929, 0.94795865, 0.31267056, 0.65510988;
 0, 0, 0, 1]
Twc:
[0.99722677, -0.04390046, -0.060095929, -0.34445974;
 0.070792519, 0.31042361, 0.94795865, -0.60019046;
 -0.022960627, -0.94958407, 0.31267056, -0.34174892;
 0, 0, 0, 1]
Ow:
[0.37814671;
 -0.15332799;
 0.65510988]
Keyframe: 62 Frame: 409 Frame from vFrameID : 410
Tcw:
[0.99574673, 0.091333091, 0.0121117, 0.38528413;
 -0.016726043, 0.30847698, -0.95108473, -0.16361117;
 -0.09060169, 0.94683695, 0.3086926, 0.66430962;
 0, 0, 0, 1]
Twc:
[0.99574673, -0.016726043, -0.09060169, -0.32619441;
 0.091333091, 0.30847698, 0.94683695, -0.61371183;
 0.0121117, -0.95108473, 0.3086926, -0.36534202;
 0, 0, 0, 1]
Ow:
[0.38528413;
 -0.16361117;
 0.66430962]
Keyframe: 63 Frame: 418 Frame from vFrameID : 419
Tcw:
[0.99561405, 0.092648685, 0.012995966, 0.38171166;
 -0.017100913, 0.31679356, -0.94834036, -0.16232151;
 -0.091979526, 0.9439587, 0.3169885, 0.67072451;
 0, 0, 0, 1]
Twc:
[0.99561405, -0.017100913, -0.091979526, -0.32112041;
 0.092648685, 0.31679356, 0.9439587, -0.6170789;
 0.012995966, -0.94834036, 0.3169885, -0.37150869;
 0, 0, 0, 1]
Ow:
[0.38171166;
 -0.16232151;
 0.67072451]
Keyframe: 64 Frame: 427 Frame from vFrameID : 428
Tcw:
[0.99826497, 0.058476202, -0.0069001024, 0.38466632;
 -0.025047235, 0.31566259, -0.94854087, -0.14824581;
 -0.053288963, 0.94706792, 0.31657955, 0.68647987;
 0, 0, 0, 1]
Twc:
[0.99826497, -0.025047235, -0.053288963, -0.35113028;
 0.058476202, 0.31566259, 0.94706792, -0.62584126;
 -0.0069001024, -0.94854087, 0.31657955, -0.35528848;
 0, 0, 0, 1]
Ow:
[0.38466632;
 -0.14824581;
 0.68647987]
Keyframe: 65 Frame: 434 Frame from vFrameID : 435
Tcw:
[0.99672049, 0.056065582, -0.058351628, 0.38776404;
 -0.073493674, 0.32539704, -0.94271708, -0.14026855;
 -0.033866532, 0.94391388, 0.32845035, 0.69368207;
 0, 0, 0, 1]
Twc:
[0.99672049, -0.073493674, -0.033866532, -0.3733086;
 0.056065582, 0.32539704, 0.94391388, -0.63087338;
 -0.058351628, -0.94271708, 0.32845035, -0.33744702;
 0, 0, 0, 1]
Ow:
[0.38776404;
 -0.14026855;
 0.69368207]
Keyframe: 66 Frame: 443 Frame from vFrameID : 444
Tcw:
[0.99908519, 0.03573643, -0.023489138, 0.39394933;
 -0.033334807, 0.30671975, -0.95121592, -0.13972518;
 -0.026788477, 0.95112872, 0.30763042, 0.71021485;
 0, 0, 0, 1]
Twc:
[0.99908519, -0.033334807, -0.026788477, -0.37922108;
 0.03573643, 0.30671975, 0.95112872, -0.64672768;
 -0.023489138, -0.95121592, 0.30763042, -0.34213901;
 0, 0, 0, 1]
Ow:
[0.39394933;
 -0.13972518;
 0.71021485]
Keyframe: 67 Frame: 451 Frame from vFrameID : 452
Tcw:
[0.99917746, 0.040510517, -0.001819677, 0.39555046;
 -0.014885954, 0.32467684, -0.94570786, -0.13502388;
 -0.037720308, 0.94495708, 0.3250128, 0.71429086;
 0, 0, 0, 1]
Twc:
[0.99917746, -0.014885954, -0.037720308, -0.3702918;
 0.040510517, 0.32467684, 0.94495708, -0.64715898;
 -0.001819677, -0.94570786, 0.3250128, -0.35912704;
 0, 0, 0, 1]
Ow:
[0.39555046;
 -0.13502388;
 0.71429086]
Keyframe: 68 Frame: 460 Frame from vFrameID : 461
Tcw:
[0.99913168, 0.035278663, -0.022165567, 0.38942999;
 -0.03180597, 0.30218929, -0.95271719, -0.12139021;
 -0.026912393, 0.95259488, 0.30304897, 0.73297656;
 0, 0, 0, 1]
Twc:
[0.99913168, -0.03180597, -0.026912393, -0.37322661;
 0.035278663, 0.30218929, 0.95259488, -0.67528546;
 -0.022165567, -0.95271719, 0.30304897, -0.32914636;
 0, 0, 0, 1]
Ow:
[0.38942999;
 -0.12139021;
 0.73297656]
Keyframe: 69 Frame: 469 Frame from vFrameID : 470
Tcw:
[0.99884701, 0.043286961, -0.020758037, 0.38985696;
 -0.033123191, 0.30842888, -0.95067054, -0.12708563;
 -0.034749258, 0.95026201, 0.30950707, 0.74419332;
 0, 0, 0, 1]
Twc:
[0.99884701, -0.033123191, -0.034749258, -0.36775675;
 0.043286961, 0.30842888, 0.95026201, -0.68485749;
 -0.020758037, -0.95067054, 0.30950707, -0.34305701;
 0, 0, 0, 1]
Ow:
[0.38985696;
 -0.12708563;
 0.74419332]
Keyframe: 70 Frame: 478 Frame from vFrameID : 479
Tcw:
[0.99764431, 0.061946664, 0.02947019, 0.38177988;
 0.0086031463, 0.31322426, -0.94964021, -0.13432325;
 -0.06805782, 0.94765669, 0.31195346, 0.75936329;
 0, 0, 0, 1]
Twc:
[0.99764431, 0.0086031463, -0.06805782, -0.3280443;
 0.061946664, 0.31322426, 0.94765669, -0.70119238;
 0.02947019, -0.94964021, 0.31195346, -0.37569591;
 0, 0, 0, 1]
Ow:
[0.38177988;
 -0.13432325;
 0.75936329]
Keyframe: 71 Frame: 487 Frame from vFrameID : 488
Tcw:
[0.99667943, 0.080317669, 0.013386136, 0.38691896;
 -0.0117051, 0.30401531, -0.95259523, -0.13820408;
 -0.080579817, 0.94927537, 0.30394593, 0.76879287;
 0, 0, 0, 1]
Twc:
[0.99667943, -0.0117051, -0.080579817, -0.32530266;
 0.080317669, 0.30401531, 0.94927537, -0.71885645;
 0.013386136, -0.95259523, 0.30394593, -0.37050337;
 0, 0, 0, 1]
Ow:
[0.38691896;
 -0.13820408;
 0.76879287]
Keyframe: 72 Frame: 495 Frame from vFrameID : 496
Tcw:
[0.99752825, 0.058475051, -0.038961593, 0.39646941;
 -0.053775001, 0.27840155, -0.95895821, -0.13919443;
 -0.045228161, 0.95868307, 0.28085792, 0.77854043;
 0, 0, 0, 1]
Twc:
[0.99752825, -0.053775001, -0.045228161, -0.36776268;
 0.058475051, 0.27840155, 0.95868307, -0.73080516;
 -0.038961593, -0.95895821, 0.28085792, -0.33669379;
 0, 0, 0, 1]
Ow:
[0.39646941;
 -0.13919443;
 0.77854043]
Keyframe: 73 Frame: 504 Frame from vFrameID : 505
Tcw:
[0.99781728, 0.041249752, -0.051566344, 0.4002167;
 -0.061738305, 0.30566227, -0.9501363, -0.14575356;
 -0.023431001, 0.95124602, 0.30754179, 0.78306609;
 0, 0, 0, 1]
Twc:
[0.99781728, -0.061738305, -0.023431001, -0.3899937;
 0.041249752, 0.30566227, 0.95124602, -0.71684599;
 -0.051566344, -0.9501363, 0.30754179, -0.35867357;
 0, 0, 0, 1]
Ow:
[0.4002167;
 -0.14575356;
 0.78306609]
Keyframe: 74 Frame: 513 Frame from vFrameID : 514
Tcw:
[0.99718392, 0.074614145, 0.0075487313, 0.40181199;
 -0.014495648, 0.29052314, -0.95675814, -0.14389627;
 -0.073580772, 0.9539544, 0.29078659, 0.79536247;
 0, 0, 0, 1]
Twc:
[0.99718392, -0.014495648, -0.073580772, -0.34424293;
 0.074614145, 0.29052314, 0.9539544, -0.74691522;
 0.0075487313, -0.95675814, 0.29078659, -0.37198785;
 0, 0, 0, 1]
Ow:
[0.40181199;
 -0.14389627;
 0.79536247]
Keyframe: 75 Frame: 522 Frame from vFrameID : 523
Tcw:
[0.99619091, 0.085804202, 0.015533704, 0.40227854;
 -0.011864955, 0.30986539, -0.95070642, -0.14119707;
 -0.086387962, 0.94690078, 0.30970314, 0.80353135;
 0, 0, 0, 1]
Twc:
[0.99619091, -0.011864955, -0.086387962, -0.33300608;
 0.085804202, 0.30986539, 0.94690078, -0.75162953;
 0.015533704, -0.95070642, 0.30970314, -0.38934201;
 0, 0, 0, 1]
Ow:
[0.40227854;
 -0.14119707;
 0.80353135]
Keyframe: 76 Frame: 530 Frame from vFrameID : 531
Tcw:
[0.99683863, 0.068010122, -0.04107701, 0.40064609;
 -0.060164787, 0.30846792, -0.94933015, -0.13744619;
 -0.051893119, 0.94880038, 0.31158456, 0.8076992;
 0, 0, 0, 1]
Twc:
[0.99683863, -0.060164787, -0.051893119, -0.36573491;
 0.068010122, 0.30846792, 0.94880038, -0.75119555;
 -0.04107701, -0.94933015, 0.31158456, -0.36569107;
 0, 0, 0, 1]
Ow:
[0.40064609;
 -0.13744619;
 0.8076992]
Keyframe: 77 Frame: 537 Frame from vFrameID : 538
Tcw:
[0.99791431, 0.054155368, -0.035131246, 0.40148032;
 -0.051139556, 0.33112592, -0.94219977, -0.13463652;
 -0.039392307, 0.9420312, 0.33320478, 0.80987626;
 0, 0, 0, 1]
Twc:
[0.99791431, -0.051139556, -0.039392307, -0.37562534;
 0.054155368, 0.33112592, 0.9420312, -0.74008942;
 -0.035131246, -0.94219977, 0.33320478, -0.38260463;
 0, 0, 0, 1]
Ow:
[0.40148032;
 -0.13463652;
 0.80987626]
Keyframe: 78 Frame: 545 Frame from vFrameID : 546
Tcw:
[0.99516714, 0.090026058, 0.039212782, 0.35375789;
 0.012262532, 0.28227195, -0.95925605, -0.089091063;
 -0.097426713, 0.95510095, 0.27980381, 0.8172695;
 0, 0, 0, 1]
Twc:
[0.99516714, 0.012262532, -0.097426713, -0.27133188;
 0.090026058, 0.28227195, 0.95510095, -0.78727442;
 0.039212782, -0.95925605, 0.27980381, -0.32800812;
 0, 0, 0, 1]
Ow:
[0.35375789;
 -0.089091063;
 0.8172695]
Keyframe: 79 Frame: 554 Frame from vFrameID : 555
Tcw:
[0.99491251, 0.095564589, 0.031882208, 0.34514514;
 0.0040002652, 0.2787472, -0.96035618, -0.074011534;
 -0.10066312, 0.95559794, 0.27694681, 0.82018811;
 0, 0, 0, 1]
Twc:
[0.99491251, 0.0040002652, -0.10066312, -0.26053047;
 0.095564589, 0.2787472, 0.95559794, -0.79612315;
 0.031882208, -0.96035618, 0.27694681, -0.30922988;
 0, 0, 0, 1]
Ow:
[0.34514514;
 -0.074011534;
 0.82018811]
Keyframe: 80 Frame: 561 Frame from vFrameID : 562
Tcw:
[0.99699444, 0.076962948, -0.0088776797, 0.34490359;
 -0.029369965, 0.26943213, -0.96257144, -0.070422217;
 -0.071690403, 0.95993906, 0.27088273, 0.82150465;
 0, 0, 0, 1]
Twc:
[0.99699444, -0.029369965, -0.071690403, -0.28704125;
 0.076962948, 0.26943213, 0.95993906, -0.79616517;
 -0.0088776797, -0.96257144, 0.27088273, -0.28725588;
 0, 0, 0, 1]
Ow:
[0.34490359;
 -0.070422217;
 0.82150465]
Keyframe: 81 Frame: 569 Frame from vFrameID : 570
Tcw:
[0.99832368, 0.056450836, -0.01277274, 0.34655112;
 -0.02878944, 0.2928943, -0.95571131, -0.071748972;
 -0.050209638, 0.95447695, 0.29402852, 0.82172471;
 0, 0, 0, 1]
Twc:
[0.99832368, -0.02878944, -0.050209638, -0.3067773;
 0.056450836, 0.2928943, 0.95447695, -0.78286546;
 -0.01277274, -0.95571131, 0.29402852, -0.30575538;
 0, 0, 0, 1]
Ow:
[0.34655112;
 -0.071748972;
 0.82172471]
Keyframe: 82 Frame: 577 Frame from vFrameID : 578
Tcw:
[0.99815375, 0.059083212, -0.014080043, 0.34348345;
 -0.029097123, 0.26166672, -0.96471959, -0.068674892;
 -0.053314451, 0.96334815, 0.26290277, 0.82482123;
 0, 0, 0, 1]
Twc:
[0.99815375, -0.029097123, -0.053314451, -0.30087265;
 0.059083212, 0.26166672, 0.96334815, -0.79691422;
 -0.014080043, -0.96471959, 0.26290277, -0.27826354;
 0, 0, 0, 1]
Ow:
[0.34348345;
 -0.068674892;
 0.82482123]
Keyframe: 83 Frame: 585 Frame from vFrameID : 586
Tcw:
[0.99666214, 0.08079803, 0.011671523, 0.33063027;
 -0.011490555, 0.28038728, -0.95981818, -0.04927519;
 -0.080823965, 0.95648032, 0.2803798, 0.83084834;
 0, 0, 0, 1]
Twc:
[0.99666214, -0.011490555, -0.080823965, -0.26294044;
 0.08079803, 0.28038728, 0.95648032, -0.80758828;
 0.011671523, -0.95981818, 0.2803798, -0.2841073;
 0, 0, 0, 1]
Ow:
[0.33063027;
 -0.04927519;
 0.83084834]
Keyframe: 84 Frame: 594 Frame from vFrameID : 595
Tcw:
[0.99642581, 0.084472217, 0.00011035142, 0.32803214;
 -0.022067968, 0.26157209, -0.96493161, -0.045998722;
 -0.081538782, 0.96148038, 0.26250133, 0.83447385;
 0, 0, 0, 1]
Twc:
[0.99642581, -0.022067968, -0.081538782, -0.2598328;
 0.084472217, 0.26157209, 0.96148038, -0.81800783;
 0.00011035142, -0.96493161, 0.26250133, -0.26347232;
 0, 0, 0, 1]
Ow:
[0.32803214;
 -0.045998722;
 0.83447385]
Keyframe: 85 Frame: 603 Frame from vFrameID : 604
Tcw:
[0.99436915, 0.10468131, 0.016487034, 0.31971523;
 -0.013716979, 0.28141466, -0.95948821, -0.037203625;
 -0.10508018, 0.95385933, 0.28126597, 0.83956748;
 0, 0, 0, 1]
Twc:
[0.99436915, -0.013716979, -0.10508018, -0.23020335;
 0.10468131, 0.28141466, 0.95385933, -0.82382786;
 0.016487034, -0.95948821, 0.28126597, -0.27710938;
 0, 0, 0, 1]
Ow:
[0.31971523;
 -0.037203625;
 0.83956748]
Keyframe: 86 Frame: 610 Frame from vFrameID : 611
Tcw:
[0.9912647, 0.12569928, 0.039924819, 0.32157022;
 0.003185434, 0.27981219, -0.96004945, -0.039261788;
 -0.13184898, 0.95179033, 0.27696756, 0.84236586;
 0, 0, 0, 1]
Twc:
[0.9912647, 0.003185434, -0.13184898, -0.20757107;
 0.12569928, 0.27981219, 0.95179033, -0.83119088;
 0.039924819, -0.96004945, 0.27696756, -0.28383988;
 0, 0, 0, 1]
Ow:
[0.32157022;
 -0.039261788;
 0.84236586]
Keyframe: 87 Frame: 618 Frame from vFrameID : 619
Tcw:
[0.98555166, 0.1478793, 0.082581475, 0.3200666;
 0.037241898, 0.28643423, -0.95737582, -0.039463773;
 -0.16523023, 0.9466188, 0.27678841, 0.84556431;
 0, 0, 0, 1]
Twc:
[0.98555166, 0.037241898, -0.16523023, -0.17425965;
 0.1478793, 0.28643423, 0.9466188, -0.83645457;
 0.082581475, -0.95737582, 0.27678841, -0.29825565;
 0, 0, 0, 1]
Ow:
[0.3200666;
 -0.039463773;
 0.84556431]
Keyframe: 88 Frame: 626 Frame from vFrameID : 627
Tcw:
[0.98834604, 0.14304765, 0.052052584, 0.32248083;
 0.011830008, 0.26873472, -0.96314156, -0.041060627;
 -0.15176347, 0.95253295, 0.26391062, 0.84886926;
 0, 0, 0, 1]
Twc:
[0.98834604, 0.011830008, -0.15176347, -0.18940957;
 0.14304765, 0.26873472, 0.95253295, -0.84367168;
 0.052052584, -0.96314156, 0.26391062, -0.28035882;
 0, 0, 0, 1]
Ow:
[0.32248083;
 -0.041060627;
 0.84886926]
Keyframe: 89 Frame: 633 Frame from vFrameID : 634
Tcw:
[0.99082643, 0.12936136, 0.039098144, 0.32386941;
 0.0029429323, 0.26859131, -0.96324974, -0.042271987;
 -0.13510872, 0.95452833, 0.26574668, 0.84979564;
 0, 0, 0, 1]
Twc:
[0.99082643, 0.0029429323, -0.13510872, -0.20595917;
 0.12936136, 0.26859131, 0.95452833, -0.84169632;
 0.039098144, -0.96324974, 0.26574668, -0.27921152;
 0, 0, 0, 1]
Ow:
[0.32386941;
 -0.042271987;
 0.84979564]
Keyframe: 90 Frame: 641 Frame from vFrameID : 642
Tcw:
