Keyframe: 0 Frame: 0 Frame from vFrameID : 93
Tcw:
[1, 0, 0, 0;
 0, 1, 0, 0;
 0, 0, 1, 0;
 0, 0, 0, 1]
Twc:
[1, 0, 0, 0;
 0, 1, 0, 0;
 0, 0, 1, 0;
 0, 0, 0, 1]
Ow:
[0;
 0;
 0]
Keyframe: 1 Frame: 92 Frame from vFrameID : 93
Tcw:
[0.99971676, -0.023024878, 0.0060231243, -0.015842736;
 0.023045857, 0.9997285, -0.0034372548, 0.02317949;
 -0.0059423465, 0.0035750894, 0.99997598, -0.011985881;
 0, 0, 0, 1]
Twc:
[0.99971676, 0.023045857, -0.0059423465, 0.015232833;
 -0.023024878, 0.9997285, 0.0035750894, -0.023495125;
 0.0060231243, -0.0034372548, 0.99997598, 0.01216069;
 0, 0, 0, 1]
Ow:
[-0.015842736;
 0.02317949;
 -0.011985881]
Keyframe: 2 Frame: 95 Frame from vFrameID : 96
Tcw:
[0.99982053, -0.017943086, -0.0060808156, -0.018747546;
 0.017976614, 0.99982327, 0.0055043781, 0.024424316;
 0.005980975, -0.0056127026, 0.99996638, -0.021132546;
 0, 0, 0, 1]
Twc:
[0.99982053, 0.017976614, 0.005980975, 0.018431507;
 -0.017943086, 0.99982327, -0.0056127026, -0.024874998;
 -0.0060808156, 0.0055043781, 0.99996638, 0.020883393;
 0, 0, 0, 1]
Ow:
[-0.018747546;
 0.024424316;
 -0.021132546]
Keyframe: 3 Frame: 97 Frame from vFrameID : 98
Tcw:
[0.99938405, -0.021098604, -0.028042629, -0.020030236;
 0.021411175, 0.99971139, 0.010893089, 0.024723383;
 0.027804708, -0.011486805, 0.99954736, -0.024856512;
 0, 0, 0, 1]
Twc:
[0.99938405, 0.021411175, 0.027804708, 0.020179668;
 -0.021098604, 0.99971139, -0.011486805, -0.02542438;
 -0.028042629, 0.010893089, 0.99954736, 0.024014248;
 0, 0, 0, 1]
Ow:
[-0.020030236;
 0.024723383;
 -0.024856512]
Keyframe: 4 Frame: 99 Frame from vFrameID : 100
Tcw:
[0.9984864, -0.022475699, -0.050197098, -0.020397831;
 0.023190705, 0.99963707, 0.013707186, 0.024336006;
 0.0498708, -0.014850545, 0.99864525, -0.027409647;
 0, 0, 0, 1]
Twc:
[0.9984864, 0.023190705, 0.0498708, 0.021169528;
 -0.022475699, 0.99963707, -0.014850545, -0.025192678;
 -0.050197098, 0.013707186, 0.99864525, 0.026015023;
 0, 0, 0, 1]
Ow:
[-0.020397831;
 0.024336006;
 -0.027409647]
Keyframe: 5 Frame: 101 Frame from vFrameID : 102
Tcw:
[0.99787861, -0.022507032, -0.061087631, -0.020021394;
 0.023481311, 0.9996075, 0.015278037, 0.024249595;
 0.060719792, -0.016680043, 0.99801546, -0.0279705;
 0, 0, 0, 1]
Twc:
[0.99787861, 0.023481311, 0.060719792, 0.021107873;
 -0.022507032, 0.9996075, -0.016680043, -0.025157249;
 -0.061087631, 0.015278037, 0.99801546, 0.026321447;
 0, 0, 0, 1]
Ow:
[-0.020021394;
 0.024249595;
 -0.0279705]
Keyframe: 6 Frame: 103 Frame from vFrameID : 104
Tcw:
[0.99647868, -0.013383058, -0.0827718, -0.021209707;
 0.014948671, 0.99972034, 0.018324075, 0.024481852;
 0.082503423, -0.019496879, 0.99640006, -0.028586064;
 0, 0, 0, 1]
Twc:
[0.99647868, 0.014948671, 0.082503423, 0.023127496;
 -0.013383058, 0.99972034, -0.019496879, -0.025316196;
 -0.0827718, 0.018324075, 0.99640006, 0.026278982;
 0, 0, 0, 1]
Ow:
[-0.021209707;
 0.024481852;
 -0.028586064]
Keyframe: 7 Frame: 105 Frame from vFrameID : 106
Tcw:
[0.99568129, -0.015479751, -0.09153799, -0.021743421;
 0.017110549, 0.99970812, 0.01705762, 0.02423678;
 0.091247223, -0.018550219, 0.99565548, -0.027652603;
 0, 0, 0, 1]
Twc:
[0.99568129, 0.017110549, 0.091247223, 0.023758035;
 -0.015479751, 0.99970812, -0.018550219, -0.025079248;
 -0.09153799, 0.01705762, 0.99565548, 0.025128694;
 0, 0, 0, 1]
Ow:
[-0.021743421;
 0.02423678;
 -0.027652603]
Keyframe: 8 Frame: 107 Frame from vFrameID : 108
Tcw:
[0.99541545, -0.016988074, -0.094125122, -0.021355538;
 0.018602874, 0.99969399, 0.016305013, 0.023915157;
 0.093819328, -0.017981259, 0.99542683, -0.027493313;
 0, 0, 0, 1]
Twc:
[0.99541545, 0.018602874, 0.093819328, 0.023392143;
 -0.016988074, 0.99969399, -0.017981259, -0.024764992;
 -0.094125122, 0.016305013, 0.99542683, 0.024967551;
 0, 0, 0, 1]
Ow:
[-0.021355538;
 0.023915157;
 -0.027493313]
Keyframe: 9 Frame: 109 Frame from vFrameID : 110
Tcw:
[0.9958294, -0.017773494, -0.089486577, -0.024147816;
 0.01832136, 0.99981809, 0.005304568, 0.023797156;
 0.089376017, -0.006921961, 0.99597389, -0.025183601;
 0, 0, 0, 1]
Twc:
[0.9958294, 0.01832136, 0.089376017, 0.025861921;
 -0.017773494, 0.99981809, -0.006921961, -0.024396338;
 -0.089486577, 0.005304568, 0.99597389, 0.022795072;
 0, 0, 0, 1]
Ow:
[-0.024147816;
 0.023797156;
 -0.025183601]
Keyframe: 10 Frame: 111 Frame from vFrameID : 112
Tcw:
[0.9959237, -0.01713548, -0.088556983, -0.018801687;
 0.017471917, 0.99984276, 0.003025292, 0.022184936;
 0.088491224, -0.0045602201, 0.99606651, -0.023241004;
 0, 0, 0, 1]
Twc:
[0.9959237, 0.017471917, 0.088491224, 0.020394057;
 -0.01713548, 0.99984276, -0.0045602201, -0.02260961;
 -0.088556983, 0.003025292, 0.99606651, 0.02141745;
 0, 0, 0, 1]
Ow:
[-0.018801687;
 0.022184936;
 -0.023241004]
Keyframe: 11 Frame: 114 Frame from vFrameID : 115
Tcw:
[0.99701434, -0.010944854, -0.076436713, -0.011991694;
 0.0112664, 0.99992943, 0.0037767314, 0.019395707;
 0.076389983, -0.004626622, 0.99706727, -0.014322357;
 0, 0, 0, 1]
Twc:
[0.99701434, 0.0112664, 0.076389983, 0.012831456;
 -0.010944854, 0.99992943, -0.004626622, -0.019591847;
 -0.076436713, 0.0037767314, 0.99706727, 0.013290497;
 0, 0, 0, 1]
Ow:
[-0.011991694;
 0.019395707;
 -0.014322357]
Keyframe: 12 Frame: 117 Frame from vFrameID : 118
Tcw:
[0.99842525, -0.0025182799, -0.056042261, -0.004732036;
 0.0026012154, 0.99999565, 0.0014069752, 0.015796898;
 0.056038473, -0.0015505375, 0.99842739, -0.0050383112;
 0, 0, 0, 1]
Twc:
[0.99842525, 0.0026012154, 0.056038473, 0.004965832;
 -0.0025182799, 0.99999565, -0.0015505375, -0.015816558;
 -0.056042261, 0.0014069752, 0.99842739, 0.0047429684;
 0, 0, 0, 1]
Ow:
[-0.004732036;
 0.015796898;
 -0.0050383112]
Keyframe: 13 Frame: 121 Frame from vFrameID : 122
Tcw:
[0.99947953, 0.0012717659, -0.032233749, -0.003792129;
 -0.0017863311, 0.99987137, -0.015939783, 0.015416838;
 0.032209329, 0.015989067, 0.99935323, 0.0082044089;
 0, 0, 0, 1]
Twc:
[0.99947953, -0.0017863311, 0.032209329, 0.0035534364;
 0.0012717659, 0.99987137, 0.015989067, -0.015541213;
 -0.032233749, -0.015939783, 0.99935323, -0.0080755958;
 0, 0, 0, 1]
Ow:
[-0.003792129;
 0.015416838;
 0.0082044089]
Keyframe: 14 Frame: 125 Frame from vFrameID : 126
Tcw:
[0.99989527, -0.012959926, -0.0064449147, -0.0062122052;
 0.012832438, 0.99972862, -0.019444082, 0.01481511;
 0.0066951592, 0.019359341, 0.99979019, 0.023452278;
 0, 0, 0, 1]
Twc:
[0.99989527, 0.012832438, 0.0066951592, 0.0058644237;
 -0.012959926, 0.99972862, 0.019359341, -0.015345619;
 -0.0064449147, -0.019444082, 0.99979019, -0.023199327;
 0, 0, 0, 1]
Ow:
[-0.0062122052;
 0.01481511;
 0.023452278]
Keyframe: 15 Frame: 129 Frame from vFrameID : 130
Tcw:
[0.999614, -0.027621929, 0.0029851687, -0.0028048728;
 0.027683379, 0.9993521, -0.023001205, 0.015780149;
 -0.0023478968, 0.023074966, 0.999731, 0.038999453;
 0, 0, 0, 1]
Twc:
[0.999614, 0.027683379, -0.0023478968, 0.0024585088;
 -0.027621929, 0.9993521, 0.023074966, -0.016747311;
 0.0029851687, -0.023001205, 0.999731, -0.038617626;
 0, 0, 0, 1]
Ow:
[-0.0028048728;
 0.015780149;
 0.038999453]
Keyframe: 16 Frame: 133 Frame from vFrameID : 134
Tcw:
[0.99966866, -0.023372939, 0.010782531, 0.0042059161;
 0.023592146, 0.9995079, -0.020671546, 0.017790671;
 -0.010294071, 0.020919081, 0.9997282, 0.048094261;
 0, 0, 0, 1]
Twc:
[0.99966866, 0.023592146, -0.010294071, -0.0041291569;
 -0.023372939, 0.9995079, 0.020919081, -0.018689701;
 0.010782531, -0.020671546, 0.9997282, -0.047758773;
 0, 0, 0, 1]
Ow:
[0.0042059161;
 0.017790671;
 0.048094261]
Keyframe: 17 Frame: 137 Frame from vFrameID : 138
Tcw:
[0.99976212, -0.019915599, 0.0088926088, 0.016746605;
 0.02001336, 0.99973869, -0.011043227, 0.015452902;
 -0.0086703533, 0.011218571, 0.99989951, 0.069247797;
 0, 0, 0, 1]
Twc:
[0.99976212, 0.02001336, -0.0086703533, -0.016451482;
 -0.019915599, 0.99973869, 0.011218571, -0.015892208;
 0.0088926088, -0.011043227, 0.99989951, -0.069219105;
 0, 0, 0, 1]
Ow:
[0.016746605;
 0.015452902;
 0.069247797]
Keyframe: 18 Frame: 141 Frame from vFrameID : 142
Tcw:
[0.99964941, -0.025734652, -0.0062316465, 0.042260356;
 0.025534127, 0.99921274, -0.030363752, 0.0011962815;
 0.0070081409, 0.030193985, 0.99951947, 0.097803898;
 0, 0, 0, 1]
Twc:
[0.99964941, 0.025534127, 0.0070081409, -0.042961508;
 -0.025734652, 0.99921274, 0.030193985, -0.0030608741;
 -0.0062316465, -0.030363752, 0.99951947, -0.09745723;
 0, 0, 0, 1]
Ow:
[0.042260356;
 0.0011962815;
 0.097803898]
Keyframe: 19 Frame: 145 Frame from vFrameID : 146
Tcw:
[0.99972171, -0.020314576, -0.011990923, 0.063046023;
 0.019846048, 0.99908149, -0.037977975, -0.0026180791;
 0.012751416, 0.037729435, 0.9992066, 0.11214011;
 0, 0, 0, 1]
Twc:
[0.99972171, 0.019846048, 0.012751416, -0.064406469;
 -0.020314576, 0.99908149, 0.037729435, -0.00033455557;
 -0.011990923, -0.037977975, 0.9992066, -0.11139459;
 0, 0, 0, 1]
Ow:
[0.063046023;
 -0.0026180791;
 0.11214011]
Keyframe: 20 Frame: 149 Frame from vFrameID : 150
Tcw:
[0.99954325, -0.0049543581, -0.029811492, 0.084601566;
 0.0041911379, 0.99966323, -0.025609791, -0.016261658;
 0.029928332, 0.025473149, 0.9992274, 0.13483791;
 0, 0, 0, 1]
Twc:
[0.99954325, 0.0041911379, 0.029928332, -0.08853025;
 -0.0049543581, 0.99966323, 0.025473149, 0.013240582;
 -0.029811492, -0.025609791, 0.9992274, -0.1326281;
 0, 0, 0, 1]
Ow:
[0.084601566;
 -0.016261658;
 0.13483791]
Keyframe: 21 Frame: 154 Frame from vFrameID : 155
Tcw:
[0.99903214, 0.016625499, -0.040723491, 0.11297189;
 -0.017866096, 0.99938142, -0.030291848, -0.024818895;
 0.040194683, 0.0309901, 0.99871117, 0.1603889;
 0, 0, 0, 1]
Twc:
[0.99903214, -0.017866096, 0.040194683, -0.11975273;
 0.016625499, 0.99938142, 0.0309901, 0.01795486;
 -0.040723491, -0.030291848, 0.99871117, -0.1563334;
 0, 0, 0, 1]
Ow:
[0.11297189;
 -0.024818895;
 0.1603889]
Keyframe: 22 Frame: 159 Frame from vFrameID : 160
Tcw:
[0.99854189, 0.024882827, -0.047904961, 0.12814383;
 -0.026491934, 0.9990958, -0.033252899, -0.024158044;
 0.047034219, 0.034473509, 0.99829823, 0.1954402;
 0, 0, 0, 1]
Twc:
[0.99854189, -0.026491934, 0.047034219, -0.13778937;
 0.024882827, 0.9990958, 0.034473509, 0.014210109;
 -0.047904961, -0.033252899, 0.99829823, -0.18977222;
 0, 0, 0, 1]
Ow:
[0.12814383;
 -0.024158044;
 0.1954402]
Keyframe: 23 Frame: 164 Frame from vFrameID : 165
Tcw:
[0.99912727, 0.014416022, -0.039202571, 0.13568982;
 -0.014564639, 0.99988776, -0.0035080353, -0.026220385;
 0.039147601, 0.0040759449, 0.99922514, 0.233511;
 0, 0, 0, 1]
Twc:
[0.99912727, -0.014564639, 0.039147601, -0.14509471;
 0.014416022, 0.99988776, 0.0040759449, 0.023309557;
 -0.039202571, -0.0035080353, 0.99922514, -0.22810264;
 0, 0, 0, 1]
Ow:
[0.13568982;
 -0.026220385;
 0.233511]
Keyframe: 24 Frame: 170 Frame from vFrameID : 171
Tcw:
[0.99872202, 0.003471991, -0.050421525, 0.14279591;
 -0.007039303, 0.99746954, -0.07074561, -0.038567327;
 0.050048307, 0.071010128, 0.99621922, 0.29522675;
 0, 0, 0, 1]
Twc:
[0.99872202, -0.007039303, 0.050048307, -0.1576605;
 0.003471991, 0.99746954, 0.071010128, 0.017009858;
 -0.050421525, -0.07074561, 0.99621922, -0.28963903;
 0, 0, 0, 1]
Ow:
[0.14279591;
 -0.038567327;
 0.29522675]
Keyframe: 25 Frame: 176 Frame from vFrameID : 177
Tcw:
[0.99573845, -0.044840369, -0.080587052, 0.1590738;
 0.042865802, 0.99874067, -0.026068406, -0.036384091;
 0.081654489, 0.022502886, 0.99640661, 0.32800454;
 0, 0, 0, 1]
Twc:
[0.99573845, 0.042865802, 0.081654489, -0.18361931;
 -0.044840369, 0.99874067, 0.022502886, 0.03609015;
 -0.080587052, -0.026068406, 0.99640661, -0.31495509;
 0, 0, 0, 1]
Ow:
[0.1590738;
 -0.036384091;
 0.32800454]
Keyframe: 26 Frame: 182 Frame from vFrameID : 183
Tcw:
[0.99944586, 0.022654818, -0.024386581, 0.20855941;
 -0.022492215, 0.99972308, 0.00692154, -0.038427927;
 0.024536634, -0.0063691963, 0.99967867, 0.35562977;
 0, 0, 0, 1]
Twc:
[0.99944586, -0.022492215, 0.024536634, -0.21803413;
 0.022654818, 0.99972308, -0.0063691963, 0.035957485;
 -0.024386581, 0.00692154, 0.99967867, -0.35016343;
 0, 0, 0, 1]
Ow:
[0.20855941;
 -0.038427927;
 0.35562977]
Keyframe: 27 Frame: 188 Frame from vFrameID : 189
Tcw:
[0.99884206, 0.020549241, -0.043500438, 0.24123667;
 -0.021707157, 0.99941796, -0.026315616, -0.051866651;
 0.042934351, 0.027229415, 0.99870676, 0.38621753;
 0, 0, 0, 1]
Twc:
[0.99884206, -0.021707157, 0.042934351, -0.2586652;
 0.020549241, 0.99941796, 0.027229415, 0.036362756;
 -0.043500438, -0.026315616, 0.99870676, -0.37658909;
 0, 0, 0, 1]
Ow:
[0.24123667;
 -0.051866651;
 0.38621753]
Keyframe: 28 Frame: 195 Frame from vFrameID : 196
Tcw:
[0.9998014, 0.01215683, -0.015791252, 0.26335481;
 -0.012348467, 0.99985057, -0.012095414, -0.05129334;
 0.015641851, 0.01228801, 0.99980217, 0.43200248;
 0, 0, 0, 1]
Twc:
[0.9998014, -0.012348467, 0.015641851, -0.27069324;
 0.01215683, 0.99985057, 0.01228801, 0.042775668;
 -0.015791252, -0.012095414, 0.99980217, -0.42837873;
 0, 0, 0, 1]
Ow:
[0.26335481;
 -0.05129334;
 0.43200248]
Keyframe: 29 Frame: 202 Frame from vFrameID : 203
Tcw:
[0.99968082, 0.024513721, -0.0061102733, 0.28041247;
 -0.02470123, 0.99915737, -0.032777727, -0.054922726;
 0.0053016208, 0.032918196, 0.99944401, 0.48463568;
 0, 0, 0, 1]
Twc:
[0.99968082, -0.02470123, 0.0053016208, -0.28424898;
 0.024513721, 0.99915737, 0.032918196, 0.03204916;
 -0.0061102733, -0.032777727, 0.99944401, -0.48445305;
 0, 0, 0, 1]
Ow:
[0.28041247;
 -0.054922726;
 0.48463568]
Keyframe: 30 Frame: 209 Frame from vFrameID : 210
Tcw:
[0.99892354, 0.0082568945, -0.045646541, 0.29319349;
 -0.010372641, 0.99887329, -0.046309859, -0.05942829;
 0.045212734, 0.046733484, 0.99788368, 0.53082335;
 0, 0, 0, 1]
Twc:
[0.99892354, -0.010372641, 0.045212734, -0.31749427;
 0.0082568945, 0.99887329, 0.046733484, 0.03213324;
 -0.045646541, -0.046309859, 0.99788368, -0.51906878;
 0, 0, 0, 1]
Ow:
[0.29319349;
 -0.05942829;
 0.53082335]
Keyframe: 31 Frame: 216 Frame from vFrameID : 217
Tcw:
[0.99887502, -0.013184403, -0.045550194, 0.3142848;
 0.011527339, 0.99926895, -0.036451954, -0.064340211;
 0.045997489, 0.035885874, 0.99829674, 0.58282977;
 0, 0, 0, 1]
Twc:
[0.99887502, 0.011527339, 0.045997489, -0.33999828;
 -0.013184403, 0.99926895, 0.035885874, 0.047521472;
 -0.045550194, -0.036451954, 0.99829674, -0.56986672;
 0, 0, 0, 1]
Ow:
[0.3142848;
 -0.064340211;
 0.58282977]
Keyframe: 32 Frame: 223 Frame from vFrameID : 224
Tcw:
[0.99732894, -0.0077453698, -0.072629102, 0.33863628;
 0.0054423008, 0.99947768, -0.031854451, -0.067828499;
 0.072837897, 0.031374097, 0.99685019, 0.64840633;
 0, 0, 0, 1]
Twc:
[0.99732894, 0.0054423008, 0.072837897, -0.38459116;
 -0.0077453698, 0.99947768, 0.031374097, 0.050072774;
 -0.072629102, -0.031854451, 0.99685019, -0.6239298;
 0, 0, 0, 1]
Ow:
[0.33863628;
 -0.067828499;
 0.64840633]
Keyframe: 33 Frame: 230 Frame from vFrameID : 231
Tcw:
[0.99491739, -0.0010241669, -0.10068912, 0.3702496;
 -0.0030465866, 0.99918431, -0.040266849, -0.0794679;
 0.10064822, 0.040368948, 0.99410278, 0.69377661;
 0, 0, 0, 1]
Twc:
[0.99491739, -0.0030465866, 0.10064822, -0.43843728;
 -0.0010241669, 0.99918431, 0.040368948, 0.051775247;
 -0.10068912, -0.040266849, 0.99410278, -0.65560502;
 0, 0, 0, 1]
Ow:
[0.3702496;
 -0.0794679;
 0.69377661]
Keyframe: 34 Frame: 236 Frame from vFrameID : 237
Tcw:
[0.99528539, 0.0061005503, -0.096797436, 0.39493883;
 -0.0095825419, 0.99932206, -0.035547938, -0.091811441;
 0.096514948, 0.036307909, 0.99466908, 0.72970939;
 0, 0, 0, 1]
Twc:
[0.99528539, -0.0095825419, 0.096514948, -0.46438453;
 0.0061005503, 0.99932206, 0.036307909, 0.062845618;
 -0.096797436, -0.035547938, 0.99466908, -0.69085407;
 0, 0, 0, 1]
Ow:
[0.39493883;
 -0.091811441;
 0.72970939]
Keyframe: 35 Frame: 244 Frame from vFrameID : 245
Tcw:
[0.99657798, 0.015241785, -0.081240267, 0.41324127;
 -0.017887037, 0.99932992, -0.031933114, -0.095554709;
 0.080699116, 0.033276986, 0.99618286, 0.79886389;
 0, 0, 0, 1]
Twc:
[0.99657798, -0.017887037, 0.080699116, -0.47800395;
 0.015241785, 0.99932992, 0.033276986, 0.062608361;
 -0.081240267, -0.031933114, 0.99618286, -0.76529402;
 0, 0, 0, 1]
Ow:
[0.41324127;
 -0.095554709;
 0.79886389]
Keyframe: 36 Frame: 250 Frame from vFrameID : 251
Tcw:
[0.99608928, -0.0013845206, -0.088341385, 0.42510569;
 -0.0022330391, 0.99916327, -0.040837806, -0.10975976;
 0.08832401, 0.040875372, 0.99525279, 0.85360593;
 0, 0, 0, 1]
Twc:
[0.99608928, -0.0022330391, 0.08832401, -0.49908227;
 -0.0013845206, 0.99916327, 0.040875372, 0.075365037;
 -0.088341385, -0.040837806, 0.99525279, -0.81648159;
 0, 0, 0, 1]
Ow:
[0.42510569;
 -0.10975976;
 0.85360593]
Keyframe: 37 Frame: 256 Frame from vFrameID : 257
Tcw:
[0.99766409, -0.014723427, -0.066704944, 0.43896389;
 0.013170247, 0.99963319, -0.02366456, -0.1129817;
 0.067028902, 0.022730762, 0.99749207, 0.90203911;
 0, 0, 0, 1]
Twc:
[0.99766409, 0.013170247, 0.067028902, -0.49691319;
 -0.014723427, 0.99963319, 0.022730762, 0.098899275;
 -0.066704944, -0.02366456, 0.99749207, -0.87316942;
 0, 0, 0, 1]
Ow:
[0.43896389;
 -0.1129817;
 0.90203911]
Keyframe: 38 Frame: 262 Frame from vFrameID : 263
Tcw:
[0.99720615, -0.010925215, -0.073895186, 0.46599686;
 0.0088620028, 0.99956328, -0.028191281, -0.11943746;
 0.07417091, 0.02745766, 0.99686748, 0.96601987;
 0, 0, 0, 1]
Twc:
[0.99720615, 0.0088620028, 0.07417091, -0.53528708;
 -0.010925215, 0.99956328, 0.02745766, 0.09795177;
 -0.073895186, -0.028191281, 0.99686748, -0.93192589;
 0, 0, 0, 1]
Ow:
[0.46599686;
 -0.11943746;
 0.96601987]
Keyframe: 39 Frame: 268 Frame from vFrameID : 269
Tcw:
[0.99550885, 0.00021933657, -0.094668157, 0.50219452;
 -0.004294408, 0.99907255, -0.042844266, -0.1308616;
 0.094570965, 0.043058392, 0.99458653, 1.0164995;
 0, 0, 0, 1]
Twc:
[0.99550885, -0.004294408, 0.094570965, -0.59663248;
 0.00021933657, 0.99907255, 0.043058392, 0.086861238;
 -0.094668157, -0.042844266, 0.99458653, -0.96906155;
 0, 0, 0, 1]
Ow:
[0.50219452;
 -0.1308616;
 1.0164995]
Keyframe: 40 Frame: 274 Frame from vFrameID : 275
Tcw:
[0.99585623, 0.011777732, -0.090175964, 0.52366388;
 -0.014770051, 0.99935973, -0.032588016, -0.14144918;
 0.089734413, 0.033784881, 0.99539256, 1.0482033;
 0, 0, 0, 1]
Twc:
[0.99585623, -0.014770051, 0.089734413, -0.61764306;
 0.011777732, 0.99935973, 0.033784881, 0.099777617;
 -0.090175964, -0.032588016, 0.99539256, -1.0007614;
 0, 0, 0, 1]
Ow:
[0.52366388;
 -0.14144918;
 1.0482033]
Keyframe: 41 Frame: 280 Frame from vFrameID : 281
Tcw:
[0.99734652, 0.019979853, -0.070005111, 0.54075527;
 -0.022276659, 0.99923372, -0.032183427, -0.14576766;
 0.069308445, 0.03365751, 0.99702734, 1.098604;
 0, 0, 0, 1]
Twc:
[0.99734652, -0.022276659, 0.069308445, -0.6187101;
 0.019979853, 0.99923372, 0.03365751, 0.097875461;
 -0.070005111, -0.032183427, 0.99702734, -1.0621738;
 0, 0, 0, 1]
Ow:
[0.54075527;
 -0.14576766;
 1.098604]
Keyframe: 42 Frame: 286 Frame from vFrameID : 287
Tcw:
[0.99752891, -0.0060592582, -0.069995508, 0.53900445;
 0.0037116949, 0.9994278, -0.033620276, -0.1485057;
 0.070159167, 0.033277392, 0.99698061, 1.1552356;
 0, 0, 0, 1]
Twc:
[0.99752891, 0.0037116949, 0.070159167, -0.61817169;
 -0.0060592582, 0.9994278, 0.033277392, 0.11324346;
 -0.069995508, -0.033620276, 0.99698061, -1.1190125;
 0, 0, 0, 1]
Ow:
[0.53900445;
 -0.1485057;
 1.1552356]
Keyframe: 43 Frame: 291 Frame from vFrameID : 292
Tcw:
[0.99866277, -0.016328152, -0.049051892, 0.54713732;
 0.014053857, 0.99882603, -0.04635746, -0.15501979;
 0.049751237, 0.045606103, 0.99771982, 1.2012153;
 0, 0, 0, 1]
Twc:
[0.99866277, 0.014053857, 0.049751237, -0.60398901;
 -0.016328152, 0.99882603, 0.045606103, 0.10898879;
 -0.049051892, -0.04635746, 0.99771982, -1.1788245;
 0, 0, 0, 1]
Ow:
[0.54713732;
 -0.15501979;
 1.2012153]
Keyframe: 44 Frame: 296 Frame from vFrameID : 297
Tcw:
[0.99871415, -0.017724751, -0.047495637, 0.5585168;
 0.016425798, 0.99948406, -0.027601015, -0.15708575;
 0.047960352, 0.02678537, 0.99849004, 1.2452865;
 0, 0, 0, 1]
Twc:
[0.99871415, 0.016425798, 0.047960352, -0.61494273;
 -0.017724751, 0.99948406, 0.02678537, 0.13354881;
 -0.047495637, -0.027601015, 0.99849004, -1.2212148;
 0, 0, 0, 1]
Ow:
[0.5585168;
 -0.15708575;
 1.2452865]
Keyframe: 45 Frame: 301 Frame from vFrameID : 302
Tcw:
[0.99771547, -0.017138422, -0.06534595, 0.57425767;
 0.015431618, 0.99952877, -0.026535396, -0.15846761;
 0.065769933, 0.025466381, 0.99750978, 1.2949046;
 0, 0, 0, 1]
Twc:
[0.99771547, 0.015431618, 0.065769933, -0.65566617;
 -0.017138422, 0.99952877, 0.025466381, 0.13525826;
 -0.06534595, -0.026535396, 0.99750978, -1.2583597;
 0, 0, 0, 1]
Ow:
[0.57425767;
 -0.15846761;
 1.2949046]
Keyframe: 46 Frame: 306 Frame from vFrameID : 307
Tcw:
[0.9955886, -0.0027400686, -0.093786322, 0.60667193;
 -0.00013226562, 0.99953151, -0.030606458, -0.16256627;
 0.093826242, 0.030483846, 0.99512178, 1.3387916;
 0, 0, 0, 1]
Twc:
[0.9955886, -0.00013226562, 0.093826242, -0.72963095;
 -0.0027400686, 0.99953151, 0.030483846, 0.12334093;
 -0.093786322, -0.030606458, 0.99512178, -1.2803388;
 0, 0, 0, 1]
Ow:
[0.60667193;
 -0.16256627;
 1.3387916]
Keyframe: 47 Frame: 311 Frame from vFrameID : 312
Tcw:
[0.99453539, -0.00051049853, -0.10439902, 0.62291831;
 -0.0015911565, 0.99979776, -0.020046709, -0.17592575;
 0.10438814, 0.020103276, 0.99433345, 1.3802823;
 0, 0, 0, 1]
Twc:
[0.99453539, -0.0015911565, 0.10438814, -0.76387924;
 -0.00051049853, 0.99979776, 0.020103276, 0.14845997;
 -0.10439902, -0.020046709, 0.99433345, -1.3109555;
 0, 0, 0, 1]
Ow:
[0.62291831;
 -0.17592575;
 1.3802823]
Keyframe: 48 Frame: 316 Frame from vFrameID : 317
Tcw:
[0.9949429, 0.012863718, -0.099614955, 0.64059836;
 -0.016884115, 0.99907207, -0.039622054, -0.18382385;
 0.099012837, 0.04110359, 0.99423689, 1.4207922;
 0, 0, 0, 1]
Twc:
[0.9949429, -0.016884115, 0.099012837, -0.78113914;
 0.012863718, 0.99907207, 0.04110359, 0.11701314;
 -0.099614955, -0.039622054, 0.99423689, -1.3560743;
 0, 0, 0, 1]
Ow:
[0.64059836;
 -0.18382385;
 1.4207922]
Keyframe: 49 Frame: 321 Frame from vFrameID : 322
Tcw:
[0.99646378, 0.021396589, -0.081253618, 0.65278751;
 -0.025494436, 0.99843705, -0.049734823, -0.18819271;
 0.080062464, 0.051630463, 0.99545181, 1.4675823;
 0, 0, 0, 1]
Twc:
[0.99646378, -0.025494436, 0.080062464, -0.77277523;
 0.021396589, 0.99843705, 0.051630463, 0.098159179;
 -0.081253618, -0.049734823, 0.99545181, -1.4172258;
 0, 0, 0, 1]
Ow:
[0.65278751;
 -0.18819271;
 1.4675823]
Keyframe: 50 Frame: 327 Frame from vFrameID : 328
Tcw:
[0.99757141, -0.012478403, -0.068523824, 0.6581406;
 0.0083726617, 0.99817044, -0.059880558, -0.19686921;
 0.069145672, 0.05916141, 0.9958508, 1.5277729;
 0, 0, 0, 1]
Twc:
[0.99757141, 0.0083726617, 0.069145672, -0.76053286;
 -0.012478403, 0.99817044, 0.05916141, 0.11433636;
 -0.068523824, -0.059880558, 0.9958508, -1.4881243;
 0, 0, 0, 1]
Ow:
[0.6581406;
 -0.19686921;
 1.5277729]
Keyframe: 51 Frame: 333 Frame from vFrameID : 334
Tcw:
[0.99873042, -0.0044855434, -0.050173491, 0.6786117;
 0.0016800223, 0.99843949, -0.0558194, -0.20093493;
 0.050345574, 0.055664241, 0.99717945, 1.5660868;
 0, 0, 0, 1]
Twc:
[0.99873042, 0.0016800223, 0.050345574, -0.75625813;
 -0.0044855434, 0.99843949, 0.055664241, 0.11649027;
 -0.050173491, -0.0558194, 0.99717945, -1.5388373;
 0, 0, 0, 1]
Ow:
[0.6786117;
 -0.20093493;
 1.5660868]
Keyframe: 52 Frame: 339 Frame from vFrameID : 340
Tcw:
[0.99373543, 0.010783671, -0.11123675, 0.71850479;
 -0.015815033, 0.99888647, -0.044448387, -0.19649327;
 0.11063357, 0.045929149, 0.99279946, 1.6261244;
 0, 0, 0, 1]
Twc:
[0.99373543, -0.015815033, 0.11063357, -0.89701515;
 0.010783671, 0.99888647, 0.045929149, 0.11383984;
 -0.11123675, -0.044448387, 0.99279946, -1.543225;
 0, 0, 0, 1]
Ow:
[0.71850479;
 -0.19649327;
 1.6261244]
Keyframe: 53 Frame: 344 Frame from vFrameID : 345
Tcw:
[0.98766142, 0.017815437, -0.1555877, 0.74238706;
 -0.023233093, 0.99918288, -0.033071693, -0.20230773;
 0.15487139, 0.036278419, 0.98726833, 1.6645024;
 0, 0, 0, 1]
Twc:
[0.98766142, -0.023233093, 0.15487139, -0.99571109;
 0.017815437, 0.99918288, 0.036278419, 0.12853095;
 -0.1555877, -0.033071693, 0.98726833, -1.5344949;
 0, 0, 0, 1]
Ow:
[0.74238706;
 -0.20230773;
 1.6645024]
Keyframe: 54 Frame: 350 Frame from vFrameID : 351
Tcw:
[0.98857462, 0.027338684, -0.14823243, 0.76494694;
 -0.029655239, 0.99946982, -0.013439873, -0.21229737;
 0.14778641, 0.017682185, 0.9888612, 1.707401;
 0, 0, 0, 1]
Twc:
[0.98857462, -0.029655239, 0.14778641, -1.0148336;
 0.027338684, 0.99946982, 0.017682185, 0.16108158;
 -0.14823243, -0.013439873, 0.9888612, -1.5778459;
 0, 0, 0, 1]
Ow:
[0.76494694;
 -0.21229737;
 1.707401]
Keyframe: 55 Frame: 356 Frame from vFrameID : 357
Tcw:
[0.99402368, 0.013835391, -0.1082845, 0.77679598;
 -0.016947133, 0.99946791, -0.027869392, -0.210971;
 0.10784129, 0.029537946, 0.99372923, 1.7637753;
 0, 0, 0, 1]
Twc:
[0.99402368, -0.016947133, 0.10784129, -0.96593678;
 0.013835391, 0.99946791, 0.029537946, 0.14801316;
 -0.1082845, -0.027869392, 0.99372923, -1.6744798;
 0, 0, 0, 1]
Ow:
[0.77679598;
 -0.210971;
 1.7637753]
Keyframe: 56 Frame: 361 Frame from vFrameID : 362
Tcw:
[0.99462086, -0.0049378378, -0.10346483, 0.77953243;
 0.0012929062, 0.99937713, -0.035266191, -0.21964385;
 0.10357453, 0.034942716, 0.99400771, 1.8045716;
 0, 0, 0, 1]
Twc:
[0.99462086, 0.0012929062, 0.10357453, -0.96196282;
 -0.0049378378, 0.99937713, 0.034942716, 0.1602996;
 -0.10346483, -0.035266191, 0.99400771, -1.7208499;
 0, 0, 0, 1]
Ow:
[0.77953243;
 -0.21964385;
 1.8045716]
Keyframe: 57 Frame: 366 Frame from vFrameID : 367
Tcw:
[0.99721658, -0.013430871, -0.073339492, 0.78010392;
 0.010144163, 0.99893528, -0.045004983, -0.22772227;
 0.073865861, 0.044135746, 0.99629104, 1.835209;
 0, 0, 0, 1]
Twc:
[0.99721658, 0.010144163, 0.073865861, -0.91118181;
 -0.013430871, 0.99893528, 0.044135746, 0.15695895;
 -0.073339492, -0.045004983, 0.99629104, -1.7814386;
 0, 0, 0, 1]
Ow:
[0.78010392;
 -0.22772227;
 1.835209]
Keyframe: 58 Frame: 372 Frame from vFrameID : 373
Tcw:
[0.99853104, -0.017883418, -0.051146816, 0.79341269;
 0.015450064, 0.99874783, -0.047581799, -0.22723816;
 0.051933698, 0.046721682, 0.99755698, 1.8659837;
 0, 0, 0, 1]
Twc:
[0.99853104, 0.015450064, 0.051933698, -0.88564378;
 -0.017883418, 0.99874783, 0.046721682, 0.15396068;
 -0.051146816, -0.047581799, 0.99755698, -1.8316571;
 0, 0, 0, 1]
Ow:
[0.79341269;
 -0.22723816;
 1.8659837]
Keyframe: 59 Frame: 377 Frame from vFrameID : 378
Tcw:
[0.99819493, -0.014212865, -0.058351237, 0.82041103;
 0.011420373, 0.99878615, -0.047914229, -0.22851542;
 0.058961406, 0.047161348, 0.99714559, 1.9108484;
 0, 0, 0, 1]
Twc:
[0.99819493, 0.011420373, 0.058961406, -0.92898673;
 -0.014212865, 0.99878615, 0.047161348, 0.14978024;
 -0.058351237, -0.047914229, 0.99714559, -1.8684713;
 0, 0, 0, 1]
Ow:
[0.82041103;
 -0.22851542;
 1.9108484]
Keyframe: 60 Frame: 382 Frame from vFrameID : 383
Tcw:
[0.9982639, 0.00070698094, -0.058895286, 0.84704512;
 -0.0040768767, 0.99835908, -0.05711795, -0.23541297;
 0.058758266, 0.057258897, 0.99662876, 1.9460288;
 0, 0, 0, 1]
Twc:
[0.9982639, -0.0040768767, 0.058758266, -0.96087968;
 0.00070698094, 0.99835908, 0.057258897, 0.12300038;
 -0.058895286, -0.05711795, 0.99662876, -1.9030277;
 0, 0, 0, 1]
Ow:
[0.84704512;
 -0.23541297;
 1.9460288]
Keyframe: 61 Frame: 388 Frame from vFrameID : 389
Tcw:
[0.99786144, 0.011264445, -0.064387165, 0.8683055;
 -0.01482228, 0.99837363, -0.055049106, -0.23462665;
 0.06366235, 0.055885743, 0.99640548, 1.9876754;
 0, 0, 0, 1]
Twc:
[0.99786144, -0.01482228, 0.06366235, -0.99646628;
 0.011264445, 0.99837363, 0.055885743, 0.11338136;
 -0.064387165, -0.055049106, 0.99640548, -1.937539;
 0, 0, 0, 1]
Ow:
[0.8683055;
 -0.23462665;
 1.9876754]
Keyframe: 62 Frame: 394 Frame from vFrameID : 395
Tcw:
[0.99795514, -0.0061890217, -0.063617513, 0.88004839;
 0.002567353, 0.99837923, -0.056853645, -0.24507412;
 0.063866273, 0.056574058, 0.99635357, 2.0528142;
 0, 0, 0, 1]
Twc:
[0.99795514, 0.002567353, 0.063866273, -1.0087253;
 -0.0061890217, 0.99837923, 0.056574058, 0.13398752;
 -0.063617513, -0.056853645, 0.99635357, -2.0032756;
 0, 0, 0, 1]
Ow:
[0.88004839;
 -0.24507412;
 2.0528142]
Keyframe: 63 Frame: 399 Frame from vFrameID : 400
Tcw:
[0.99888474, -0.021085124, -0.042246182, 0.89236838;
 0.018366583, 0.99779779, -0.063735738, -0.24337131;
 0.043497022, 0.062888734, 0.99707222, 2.095171;
 0, 0, 0, 1]
Twc:
[0.99888474, 0.018366583, 0.043497022, -0.97803688;
 -0.021085124, 0.99779779, 0.062888734, 0.1298884;
 -0.042246182, -0.063735738, 0.99707222, -2.066849;
 0, 0, 0, 1]
Ow:
[0.89236838;
 -0.24337131;
 2.095171]
Keyframe: 64 Frame: 404 Frame from vFrameID : 405
Tcw:
[0.99922353, -0.034969755, -0.018151427, 0.90506762;
 0.034102999, 0.99835706, -0.046045169, -0.24627471;
 0.019731794, 0.045390397, 0.99877441, 2.1354296;
 0, 0, 0, 1]
Twc:
[0.99922353, 0.034102999, 0.019731794, -0.93810207;
 -0.034969755, 0.99835706, 0.045390397, 0.18059207;
 -0.018151427, -0.046045169, 0.99877441, -2.1277242;
 0, 0, 0, 1]
Ow:
[0.90506762;
 -0.24627471;
 2.1354296]
Keyframe: 65 Frame: 409 Frame from vFrameID : 410
Tcw:
[0.99895149, -0.036603622, -0.027496124, 0.91961199;
 0.035641357, 0.99876177, -0.034707163, -0.24663118;
 0.028732486, 0.033690773, 0.99901921, 2.1801703;
 0, 0, 0, 1]
Twc:
[0.99895149, 0.035641357, 0.028732486, -0.97249925;
 -0.036603622, 0.99876177, 0.033690773, 0.20653529;
 -0.027496124, -0.034707163, 0.99901921, -2.1613061;
 0, 0, 0, 1]
Ow:
[0.91961199;
 -0.24663118;
 2.1801703]
Keyframe: 66 Frame: 414 Frame from vFrameID : 415
Tcw:
[0.99826372, -0.028024541, -0.051808584, 0.94856268;
 0.025696199, 0.99865311, -0.045073818, -0.24810714;
 0.053001978, 0.043664277, 0.9976393, 2.2247066;
 0, 0, 0, 1]
Twc:
[0.99826372, 0.025696199, 0.053001978, -1.0584542;
 -0.028024541, 0.99865311, 0.043664277, 0.1772158;
 -0.051808584, -0.045073818, 0.9976393, -2.1814942;
 0, 0, 0, 1]
Ow:
[0.94856268;
 -0.24810714;
 2.2247066]
Keyframe: 67 Frame: 419 Frame from vFrameID : 420
Tcw:
[0.99815613, -0.010319538, -0.059814949, 0.96917856;
 0.0082852691, 0.99938208, -0.034158185, -0.25341657;
 0.060130484, 0.033599619, 0.99762487, 2.2613528;
 0, 0, 0, 1]
Twc:
[0.99815613, 0.0082852691, 0.060130484, -1.1012682;
 -0.010319538, 0.99938208, 0.033599619, 0.18728086;
 -0.059814949, -0.034158185, 0.99762487, -2.2066667;
 0, 0, 0, 1]
Ow:
[0.96917856;
 -0.25341657;
 2.2613528]
Keyframe: 68 Frame: 424 Frame from vFrameID : 425
Tcw:
[0.99755645, -0.010350618, -0.069094449, 0.98169953;
 0.0092450427, 0.9998244, -0.016301569, -0.25863972;
 0.069251046, 0.015622954, 0.99747694, 2.3002641;
 0, 0, 0, 1]
Twc:
[0.99755645, 0.0092450427, 0.069251046, -1.1362052;
 -0.010350618, 0.9998244, 0.015622954, 0.23281857;
 -0.069094449, -0.016301569, 0.99747694, -2.2308466;
 0, 0, 0, 1]
Ow:
[0.98169953;
 -0.25863972;
 2.3002641]
Keyframe: 69 Frame: 429 Frame from vFrameID : 430
Tcw:
[0.99884802, -0.0082859062, -0.047264919, 0.99689752;
 0.0076077175, 0.99986577, -0.014510556, -0.25959021;
 0.047378808, 0.014134262, 0.99877697, 2.3544598;
 0, 0, 0, 1]
Twc:
[0.99884802, 0.0076077175, 0.047378808, -1.1053257;
 -0.0082859062, 0.99986577, 0.014134262, 0.23453701;
 -0.047264919, -0.014510556, 0.99877697, -2.308229;
 0, 0, 0, 1]
Ow:
[0.99689752;
 -0.25959021;
 2.3544598]
Keyframe: 70 Frame: 434 Frame from vFrameID : 435
Tcw:
[0.99978071, -0.0074921721, -0.019553553, 1.0078807;
 0.006756261, 0.99927628, -0.037434109, -0.26582;
 0.019819865, 0.037293792, 0.99910778, 2.3970134;
 0, 0, 0, 1]
Twc:
[0.99978071, 0.006756261, 0.019819865, -1.0533723;
 -0.0074921721, 0.99927628, 0.037293792, 0.1837851;
 -0.019553553, -0.037434109, 0.99910778, -2.385118;
 0, 0, 0, 1]
Ow:
[1.0078807;
 -0.26582;
 2.3970134]
Keyframe: 71 Frame: 439 Frame from vFrameID : 440
Tcw:
[0.99953002, -0.02756864, -0.013406565, 1.0123316;
 0.02701357, 0.99883622, -0.039956603, -0.2647481;
 0.014492512, 0.039575666, 0.99911147, 2.4361556;
 0, 0, 0, 1]
Twc:
[0.99953002, 0.02701357, 0.014492512, -1.04001;
 -0.02756864, 0.99883622, 0.039575666, 0.1959361;
 -0.013406565, -0.039956603, 0.99911147, -2.4309976;
 0, 0, 0, 1]
Ow:
[1.0123316;
 -0.2647481;
 2.4361556]
Keyframe: 72 Frame: 446 Frame from vFrameID : 447
Tcw:
[0.99937063, -0.025980128, -0.024153916, 1.0350149;
 0.02509848, 0.99903244, -0.03611454, -0.27074862;
 0.025068806, 0.035485584, 0.99905574, 2.4979396;
 0, 0, 0, 1]
Twc:
[0.99937063, 0.02509848, 0.025068806, -1.0901885;
 -0.025980128, 0.99903244, 0.035485584, 0.20873563;
 -0.024153916, -0.03611454, 0.99905574, -2.4803588;
 0, 0, 0, 1]
Ow:
[1.0350149;
 -0.27074862;
 2.4979396]
Keyframe: 73 Frame: 452 Frame from vFrameID : 453
Tcw:
[0.99925882, -0.017084008, -0.034496333, 1.0605429;
 0.015586959, 0.99894446, -0.043209482, -0.27832004;
 0.035198115, 0.042639762, 0.99847031, 2.5470357;
 0, 0, 0, 1]
Twc:
[0.99925882, 0.015586959, 0.035198115, -1.1450695;
 -0.017084008, 0.99894446, 0.042639762, 0.18753959;
 -0.034496333, -0.043209482, 0.99847031, -2.5185807;
 0, 0, 0, 1]
Ow:
[1.0605429;
 -0.27832004;
 2.5470357]
Keyframe: 74 Frame: 458 Frame from vFrameID : 459
Tcw:
[0.99961531, -0.00032893001, -0.027732598, 1.0859195;
 -0.00022048963, 0.99980384, -0.019805945, -0.28661227;
 0.027733672, 0.01980444, 0.99941915, 2.6050413;
 0, 0, 0, 1]
Twc:
[0.99961531, -0.00022048963, 0.027733672, -1.1578124;
 -0.00032893001, 0.99980384, 0.01980444, 0.23532183;
 -0.027732598, -0.019805945, 0.99941915, -2.5790892;
 0, 0, 0, 1]
Ow:
[1.0859195;
 -0.28661227;
 2.6050413]
Keyframe: 75 Frame: 463 Frame from vFrameID : 464
Tcw:
[0.99990785, -0.0072024832, -0.011504599, 1.0969404;
 0.0068031312, 0.9993856, -0.034382198, -0.28383094;
 0.011745168, 0.034300763, 0.99934256, 2.653008;
 0, 0, 0, 1]
Twc:
[0.99990785, 0.0068031312, 0.011745168, -1.1260685;
 -0.0072024832, 0.9993856, 0.034300763, 0.20055705;
 -0.011504599, -0.034382198, 0.99934256, -2.6484025;
 0, 0, 0, 1]
Ow:
[1.0969404;
 -0.28383094;
 2.653008]
Keyframe: 76 Frame: 468 Frame from vFrameID : 469
Tcw:
[0.99982607, -0.015411697, 0.010503319, 1.1044792;
 0.015772557, 0.99925625, -0.035186775, -0.28984699;
 -0.0099532204, 0.035346318, 0.99932557, 2.7033813;
 0, 0, 0, 1]
Twc:
[0.99982607, 0.015772557, -0.0099532204, -1.0728081;
 -0.015411697, 0.99925625, 0.035346318, 0.21109875;
 0.010503319, -0.035186775, 0.99932557, -2.7233574;
 0, 0, 0, 1]
Ow:
[1.1044792;
 -0.28984699;
 2.7033813]
Keyframe: 77 Frame: 474 Frame from vFrameID : 475
Tcw:
[0.99947667, -0.031790368, -0.0059809089, 1.1094588;
 0.03166442, 0.99929661, -0.020090565, -0.28984073;
 0.0066153882, 0.019890668, 0.9997803, 2.7529733;
 0, 0, 0, 1]
Twc:
[0.99947667, 0.03166442, 0.0066153882, -1.1179127;
 -0.031790368, 0.99929661, 0.019890668, 0.27014849;
 -0.0059809089, -0.020090565, 0.9997803, -2.7515559;
 0, 0, 0, 1]
Ow:
[1.1094588;
 -0.28984073;
 2.7529733]
Keyframe: 78 Frame: 480 Frame from vFrameID : 481
Tcw:
[0.99903882, -0.028045639, -0.03368837, 1.1298721;
 0.027272828, 0.99935913, -0.023184622, -0.2916027;
 0.034317009, 0.022243559, 0.99916345, 2.807811;
 0, 0, 0, 1]
Twc:
[0.99903882, 0.027272828, 0.034317009, -1.2171888;
 -0.028045639, 0.99935913, 0.022243559, 0.2606481;
 -0.03368837, -0.023184622, 0.99916345, -2.7741592;
 0, 0, 0, 1]
Ow:
[1.1298721;
 -0.2916027;
 2.807811]
Keyframe: 79 Frame: 485 Frame from vFrameID : 486
Tcw:
[0.99927527, 0.0069404561, -0.037426218, 1.1574945;
 -0.0077189375, 0.99975604, -0.020696204, -0.29665312;
 0.037273444, 0.020970095, 0.99908507, 2.8545258;
 0, 0, 0, 1]
Twc:
[0.99927527, -0.0077189375, 0.037273444, -1.2653435;
 0.0069404561, 0.99975604, 0.020970095, 0.22868749;
 -0.037426218, -0.020696204, 0.99908507, -2.814733;
 0, 0, 0, 1]
Ow:
[1.1574945;
 -0.29665312;
 2.8545258]
Keyframe: 80 Frame: 490 Frame from vFrameID : 491
Tcw:
[0.99834114, -0.0074242014, -0.057095096, 1.1702234;
 0.0059378673, 0.99964017, -0.026158333, -0.29963577;
 0.057268757, 0.025775917, 0.99802601, 2.8891172;
 0, 0, 0, 1]
Twc:
[0.99834114, 0.0059378673, 0.057268757, -1.3319591;
 -0.0074242014, 0.99964017, 0.025775917, 0.23374629;
 -0.057095096, -0.026158333, 0.99802601, -2.8244381;
 0, 0, 0, 1]
Ow:
[1.1702234;
 -0.29963577;
 2.8891172]
Keyframe: 81 Frame: 495 Frame from vFrameID : 496
Tcw:
[0.99863064, -0.0046754391, -0.052105535, 1.1825929;
 0.0040027075, 0.99990737, -0.013007824, -0.29990599;
 0.052161526, 0.012781449, 0.99855685, 2.927073;
 0, 0, 0, 1]
Twc:
[0.99863064, 0.0040027075, 0.052161526, -1.3324536;
 -0.0046754391, 0.99990737, 0.012781449, 0.26799512;
 -0.052105535, -0.013007824, 0.99855685, -2.8651304;
 0, 0, 0, 1]
Ow:
[1.1825929;
 -0.29990599;
 2.927073]
Keyframe: 82 Frame: 500 Frame from vFrameID : 501
Tcw:
[0.99867207, -0.016303573, -0.048870705, 1.1911149;
 0.015630161, 0.99977797, -0.014130093, -0.30060762;
 0.049090225, 0.013347472, 0.99870515, 2.9843328;
 0, 0, 0, 1]
Twc:
[0.99867207, 0.015630161, 0.049090225, -1.3313361;
 -0.016303573, 0.99977797, 0.013347472, 0.28012702;
 -0.048870705, -0.014130093, 0.99870515, -2.9265056;
 0, 0, 0, 1]
Ow:
[1.1911149;
 -0.30060762;
 2.9843328]
Keyframe: 83 Frame: 505 Frame from vFrameID : 506
Tcw:
[0.99831176, -0.025096649, -0.052381583, 1.1998969;
 0.023148738, 0.9990297, -0.037468143, -0.298962;
 0.053271081, 0.03619232, 0.99792397, 3.0262809;
 0, 0, 0, 1]
Twc:
[0.99831176, 0.023148738, 0.053271081, -1.3521638;
 -0.025096649, 0.9990297, 0.03619232, 0.21925715;
 -0.052381583, -0.037468143, 0.99792397, -2.9683475;
 0, 0, 0, 1]
Ow:
[1.1998969;
 -0.298962;
 3.0262809]
Keyframe: 84 Frame: 510 Frame from vFrameID : 511
Tcw:
[0.99847823, -0.032831885, -0.044308878, 1.2132249;
 0.031938042, 0.99927479, -0.020732503, -0.30400079;
 0.044957433, 0.019285815, 0.99880272, 3.065573;
 0, 0, 0, 1]
Twc:
[0.99847823, 0.031938042, 0.044957433, -1.3394897;
 -0.032831885, 0.99927479, 0.019285815, 0.28449073;
 -0.044308878, -0.020732503, 0.99880272, -3.0144489;
 0, 0, 0, 1]
Ow:
[1.2132249;
 -0.30400079;
 3.065573]
Keyframe: 85 Frame: 515 Frame from vFrameID : 516
Tcw:
[0.99829644, -0.037241913, -0.044913318, 1.2296671;
 0.036692448, 0.99924207, -0.012997202, -0.30750531;
 0.045363318, 0.011327081, 0.99890631, 3.1086552;
 0, 0, 0, 1]
Twc:
[0.99829644, 0.036692448, 0.045363318, -1.3573081;
 -0.037241913, 0.99924207, 0.011327081, 0.31785542;
 -0.044913318, -0.012997202, 0.99890631, -3.0540237;
 0, 0, 0, 1]
Ow:
[1.2296671;
 -0.30750531;
 3.1086552]
Keyframe: 86 Frame: 521 Frame from vFrameID : 522
Tcw:
[0.99792063, -0.0042456528, -0.06431511, 1.2646841;
 0.0033217224, 0.99988985, -0.014465804, -0.31756592;
 0.06436944, 0.014222087, 0.99782479, 3.1734338;
 0, 0, 0, 1]
Twc:
[0.99792063, 0.0033217224, 0.06436944, -1.4652716;
 -0.0042456528, 0.99988985, 0.014222087, 0.27776751;
 -0.06431511, -0.014465804, 0.99782479, -3.0897865;
 0, 0, 0, 1]
Ow:
[1.2646841;
 -0.31756592;
 3.1734338]
Keyframe: 87 Frame: 528 Frame from vFrameID : 529
Tcw:
[0.9964807, -0.0021273994, -0.083795756, 1.2829249;
 0.0011000708, 0.99992371, -0.012304176, -0.31838349;
 0.083815537, 0.012168692, 0.99640697, 3.2152114;
 0, 0, 0, 1]
Twc:
[0.9964807, 0.0011000708, 0.083815537, -1.5475444;
 -0.0021273994, 0.99992371, 0.012168692, 0.28196356;
 -0.083795756, -0.012304176, 0.99640697, -3.1000729;
 0, 0, 0, 1]
Ow:
[1.2829249;
 -0.31838349;
 3.2152114]
Keyframe: 88 Frame: 535 Frame from vFrameID : 536
Tcw:
[0.9976787, -0.0084551629, -0.067570336, 1.3029797;
 0.0064162253, 0.99951917, -0.030335296, -0.32177904;
 0.067794338, 0.029831331, 0.99725324, 3.2825468;
 0, 0, 0, 1]
Twc:
[0.9976787, 0.0064162253, 0.067794338, -1.5204285;
 -0.0084551629, 0.99951917, 0.029831331, 0.2347185;
 -0.067570336, -0.030335296, 0.99725324, -3.1952488;
 0, 0, 0, 1]
Ow:
[1.3029797;
 -0.32177904;
 3.2825468]
Keyframe: 89 Frame: 542 Frame from vFrameID : 543
Tcw:
[0.99713743, -0.02708078, -0.070594318, 1.3126826;
 0.024235487, 0.99887115, -0.040854543, -0.32600534;
 0.071621001, 0.039026707, 0.9966681, 3.332813;
 0, 0, 0, 1]
Twc:
[0.99713743, 0.024235487, 0.071621001, -1.5397235;
 -0.02708078, 0.99887115, 0.039026707, 0.23111707;
 -0.070594318, -0.040854543, 0.9966681, -3.2423594;
 0, 0, 0, 1]
Ow:
[1.3126826;
 -0.32600534;
 3.332813]
Keyframe: 90 Frame: 548 Frame from vFrameID : 549
Tcw:
[0.99836433, -0.026034297, -0.050900947, 1.3306911;
 0.025316935, 0.99957156, -0.014687718, -0.32706422;
 0.051261522, 0.013375037, 0.99859571, 3.3916109;
 0, 0, 0, 1]
Twc:
[0.99836433, 0.025316935, 0.051261522, -1.4940933;
