Keyframe: 0 Frame: 0 Frame from vFrameID : 103
Tcw:
[0.99981964, -0.012978323, -0.013864257, 0.056752276;
 -0.00046533401, 0.71308577, -0.70107669, 0.0028778128;
 0.018985203, 0.7009567, 0.71295112, -0.096860476;
 0, 0, 0, 1]
Twc:
[0.99981964, -0.00046533401, 0.018985203, -0.054901786;
 -0.012978323, 0.71308577, 0.7009567, 0.066579416;
 -0.013864257, -0.70107669, 0.71295112, 0.071861178;
 0, 0, 0, 1]
Ow:
[0.056752276;
 0.0028778128;
 -0.096860476]
Keyframe: 1 Frame: 102 Frame from vFrameID : 103
Tcw:
[0.9996438, -0.025037786, -0.0092417933, -0.00041474961;
 0.011510932, 0.7168861, -0.69709527, -0.0019692846;
 0.024079036, 0.69674057, 0.71691895, -0.0073974882;
 0, 0, 0, 1]
Twc:
[0.9996438, 0.011510932, 0.024079036, 0.00061539456;
 -0.025037786, 0.7168861, 0.69674057, 0.0065554986;
 -0.0092417933, -0.69709527, 0.71691895, 0.0039267875;
 0, 0, 0, 1]
Ow:
[-0.00041474961;
 -0.0019692846;
 -0.0073974882]
