Keyframe: 0 Frame: 0 Frame from vFrameID : 103
Tcw:
[0.99852425, -0.043770961, -0.032146681, 0.055352479;
 0.008983599, 0.71691269, -0.69710511, 0.0015362464;
 0.053559322, 0.69578755, 0.71624792, -0.095916614;
 0, 0, 0, 1]
Twc:
[0.99852425, 0.008983599, 0.053559322, -0.05014737;
 -0.043770961, 0.71691269, 0.69578755, 0.068059064;
 -0.032146681, -0.69710511, 0.71624792, 0.071550399;
 0, 0, 0, 1]
Ow:
[0.055352479;
 0.0015362464;
 -0.095916614]
Keyframe: 1 Frame: 109 Frame from vFrameID : 103
Tcw:
[0.99762708, -0.050942499, -0.046314441, 0.053530522;
 0.0041230386, 0.71569508, -0.69840074, 0.001842685;
 0.068725295, 0.69655252, 0.71420681, -0.093181074;
 0, 0, 0, 1]
Twc:
[0.99762708, 0.0041230386, 0.068725295, -0.047007199;
 -0.050942499, 0.71569508, 0.69655252, 0.066313691;
 -0.046314441, -0.69840074, 0.71420681, 0.070316732;
 0, 0, 0, 1]
Ow:
[0.053530522;
 0.001842685;
 -0.093181074]
Keyframe: 2 Frame: 111 Frame from vFrameID : 112
Tcw:
[0.99739254, -0.049829092, -0.052203365, 0.054898888;
 -0.00080503814, 0.71563798, -0.69847089, -0.0013646707;
 0.072162881, 0.69669169, 0.71373188, -0.092380032;
 0, 0, 0, 1]
Twc:
[0.99739254, -0.00080503814, 0.072162881, -0.048090428;
 -0.049829092, 0.71563798, 0.69669169, 0.068072572;
 -0.052203365, -0.69847089, 0.71373188, 0.067847297;
 0, 0, 0, 1]
Ow:
[0.054898888;
 -0.0013646707;
 -0.092380032]
Keyframe: 3 Frame: 112 Frame from vFrameID : 113
Tcw:
[0.9976294, -0.049960632, -0.047323756, 0.051691905;
 0.0025989357, 0.71455139, -0.69957817, -0.001366511;
 0.068766624, 0.6977967, 0.7129873, -0.09237548;
 0, 0, 0, 1]
Twc:
[0.9976294, 0.0025989357, 0.068766624, -0.045213465;
 -0.049960632, 0.71455139, 0.6977967, 0.06801831;
 -0.047323756, -0.69957817, 0.7129873, 0.067352816;
 0, 0, 0, 1]
Ow:
[0.051691905;
 -0.001366511;
 -0.09237548]
Keyframe: 4 Frame: 116 Frame from vFrameID : 117
Tcw:
[0.99873585, -0.04089753, -0.029224355, 0.050446827;
 0.0085310033, 0.71087074, -0.70327091, -0.001369141;
 0.049536783, 0.70213258, 0.71032101, -0.087162033;
 0, 0, 0, 1]
Twc:
[0.99873585, 0.0085310033, 0.049536783, -0.046053652;
 -0.04089753, 0.71087074, 0.70213258, 0.064235739;
 -0.029224355, -0.70327091, 0.71032101, 0.062424429;
 0, 0, 0, 1]
Ow:
[0.050446827;
 -0.001369141;
 -0.087162033]
Keyframe: 5 Frame: 119 Frame from vFrameID : 120
Tcw:
[0.99912316, -0.032547832, -0.026335409, 0.051138297;
 0.0043426794, 0.70618367, -0.70801538, -0.0018393472;
 0.041641999, 0.70728022, 0.70570576, -0.083666325;
 0, 0, 0, 1]
Twc:
[0.99912316, 0.0043426794, 0.041641999, -0.047601435;
 -0.032547832, 0.70618367, 0.70728022, 0.062138893;
 -0.026335409, -0.70801538, 0.70570576, 0.059088279;
 0, 0, 0, 1]
Ow:
[0.051138297;
 -0.0018393472;
 -0.083666325]
Keyframe: 6 Frame: 122 Frame from vFrameID : 123
Tcw:
[0.99972272, -0.017222233, -0.01605724, 0.045389622;
 0.00052834564, 0.69817126, -0.71593058, -0.0037924573;
 0.023540625, 0.71572363, 0.69798678, -0.082192332;
 0, 0, 0, 1]
Twc:
[0.99972272, 0.00052834564, 0.023540625, -0.043440174;
 -0.017222233, 0.69817126, 0.71572363, 0.062256489;
 -0.01605724, -0.71593058, 0.69798678, 0.055382859;
 0, 0, 0, 1]
Ow:
[0.045389622;
 -0.0037924573;
 -0.082192332]
Keyframe: 7 Frame: 125 Frame from vFrameID : 126
Tcw:
[0.99994653, -0.010331412, -0.00047237903, 0.043828271;
 0.0068537868, 0.69617891, -0.71783561, -0.0040288605;
 0.0077451156, 0.717794, 0.69621247, -0.081137069;
 0, 0, 0, 1]
Twc:
[0.99994653, 0.0068537868, 0.0077451156, -0.043169897;
 -0.010331412, 0.69617891, 0.717794, 0.061497312;
 -0.00047237903, -0.71783561, 0.69621247, 0.053617284;
 0, 0, 0, 1]
Ow:
[0.043828271;
 -0.0040288605;
 -0.081137069]
Keyframe: 8 Frame: 129 Frame from vFrameID : 130
Tcw:
[0.99970365, -0.00058618555, 0.024336606, 0.042980846;
 0.017745834, 0.70189387, -0.71206045, -0.0064295381;
 -0.016664315, 0.71228129, 0.70169628, -0.077977568;
 0, 0, 0, 1]
Twc:
[0.99970365, 0.017745834, -0.016664315, -0.044153452;
 -0.00058618555, 0.70189387, 0.71228129, 0.060080014;
 0.024336606, -0.71206045, 0.70169628, 0.049092341;
 0, 0, 0, 1]
Ow:
[0.042980846;
 -0.0064295381;
 -0.077977568]
Keyframe: 9 Frame: 133 Frame from vFrameID : 134
Tcw:
[0.99928564, 0.0092758657, 0.036635183, 0.040961567;
 0.019455442, 0.70480597, -0.70913333, -0.0043662414;
 -0.032398522, 0.7093395, 0.70412201, -0.075470105;
 0, 0, 0, 1]
Twc:
[0.99928564, 0.019455442, -0.032398522, -0.043292478;
 0.0092758657, 0.70480597, 0.7093395, 0.05623132;
 0.036635183, -0.70913333, 0.70412201, 0.048543278;
 0, 0, 0, 1]
Ow:
[0.040961567;
 -0.0043662414;
 -0.075470105]
Keyframe: 10 Frame: 137 Frame from vFrameID : 138
Tcw:
[0.99943036, 0.0024937356, 0.033656441, 0.043406643;
 0.02216598, 0.70350391, -0.71034569, -0.0024949089;
 -0.025448849, 0.71068704, 0.70304787, -0.070564285;
 0, 0, 0, 1]
Twc:
[0.99943036, 0.02216598, -0.025448849, -0.045122396;
 0.0024937356, 0.70350391, 0.71068704, 0.051796056;
 0.033656441, -0.71034569, 0.70304787, 0.046376914;
 0, 0, 0, 1]
Ow:
[0.043406643;
 -0.0024949089;
 -0.070564285]
Keyframe: 11 Frame: 141 Frame from vFrameID : 142
Tcw:
[0.99919921, 0.0074447915, 0.039312743, 0.044050332;
 0.022193691, 0.71440601, -0.69937938, -0.0047287587;
 -0.033291992, 0.69969183, 0.7136687, -0.067347564;
 0, 0, 0, 1]
Twc:
[0.99919921, 0.022193691, -0.033291992, -0.046152245;
 0.0074447915, 0.71440601, 0.69969183, 0.050172843;
 0.039312743, -0.69937938, 0.7136687, 0.043024912;
 0, 0, 0, 1]
Ow:
[0.044050332;
 -0.0047287587;
 -0.067347564]
Keyframe: 12 Frame: 146 Frame from vFrameID : 147
Tcw:
[0.99974811, 0.0083481194, 0.020833328, 0.050423186;
 0.0084439274, 0.72014254, -0.69377476, -0.0051128566;
 -0.02079468, 0.69377595, 0.71989065, -0.0600354;
 0, 0, 0, 1]
Twc:
[0.99974811, 0.0084439274, -0.02079468, -0.05161573;
 0.0083481194, 0.72014254, 0.69377595, 0.044912159;
 0.020833328, -0.69377476, 0.71989065, 0.038621265;
 0, 0, 0, 1]
Ow:
[0.050423186;
 -0.0051128566;
 -0.0600354]
Keyframe: 13 Frame: 151 Frame from vFrameID : 152
Tcw:
[0.99998814, 0.0046132435, -0.0015716046, 0.056255117;
 -0.0043824287, 0.71008867, -0.70409864, -0.0098062977;
 -0.0021321999, 0.70409715, 0.71010047, -0.05108355;
 0, 0, 0, 1]
Twc:
[0.99998814, -0.0043824287, -0.0021321999, -0.056406345;
 0.0046132435, 0.71008867, 0.70409715, 0.042671606;
 -0.0015716046, -0.70409864, 0.71010047, 0.029458264;
 0, 0, 0, 1]
Ow:
[0.056255117;
 -0.0098062977;
 -0.05108355]
Keyframe: 14 Frame: 157 Frame from vFrameID : 158
Tcw:
[0.99981529, 0.0048395949, -0.018599445, 0.061959747;
 -0.016467981, 0.71465373, -0.69928455, -0.011453621;
 0.0099079087, 0.6994617, 0.7146014, -0.043785177;
 0, 0, 0, 1]
Twc:
[0.99981529, -0.016467981, 0.0099079087, -0.061703101;
 0.0048395949, 0.71465373, 0.6994617, 0.038511567;
 -0.018599445, -0.69928455, 0.7146014, 0.024432028;
 0, 0, 0, 1]
Ow:
[0.061959747;
 -0.011453621;
 -0.043785177]
Keyframe: 15 Frame: 164 Frame from vFrameID : 165
Tcw:
[0.99981213, 0.015483413, 0.011663418, 0.063665077;
 -0.0033808942, 0.73173738, -0.68157828, -0.014211258;
 -0.019087717, 0.68141079, 0.7316522, -0.033287302;
 0, 0, 0, 1]
Twc:
[0.99981213, -0.0033808942, -0.019087717, -0.064336531;
 0.015483413, 0.73173738, 0.68141079, 0.032095484;
 0.011663418, -0.68157828, 0.7316522, 0.013926092;
 0, 0, 0, 1]
Ow:
[0.063665077;
 -0.014211258;
 -0.033287302]
Keyframe: 16 Frame: 170 Frame from vFrameID : 171
Tcw:
[0.99883211, 0.024855398, 0.041431613, 0.064875804;
 0.011020757, 0.71771163, -0.69625318, -0.016672764;
 -0.047041602, 0.69589669, 0.71659952, -0.017730979;
 0, 0, 0, 1]
Twc:
[0.99883211, 0.011020757, -0.047041602, -0.065450378;
 0.024855398, 0.71771163, 0.69589669, 0.022692654;
 0.041431613, -0.69625318, 0.71659952, -0.0015903644;
 0, 0, 0, 1]
Ow:
[0.064875804;
 -0.016672764;
 -0.017730979]
Keyframe: 17 Frame: 177 Frame from vFrameID : 178
Tcw:
[0.99479312, 0.0540017, 0.0864316, 0.071694635;
 0.01964312, 0.73058009, -0.68254441, -0.020362077;
 -0.10000376, 0.68068832, 0.72571528, -0.0098837316;
 0, 0, 0, 1]
Twc:
[0.99479312, 0.01964312, -0.10000376, -0.07190977;
 0.0540017, 0.73058009, 0.68068832, 0.017732237;
 0.0864316, -0.68254441, 0.72571528, -0.012921929;
 0, 0, 0, 1]
Ow:
[0.071694635;
 -0.020362077;
 -0.0098837316]
Keyframe: 18 Frame: 184 Frame from vFrameID : 185
Tcw:
[0.9993546, 0.035506021, 0.0054498422, 0.087420009;
 -0.021236803, 0.7063359, -0.70755816, -0.021888427;
 -0.028971994, 0.70698577, 0.7066341, 0.0053602802;
 0, 0, 0, 1]
Twc:
[0.9993546, -0.021236803, -0.028971994, -0.087673128;
 0.035506021, 0.7063359, 0.70698577, 0.0085670045;
 0.0054498422, -0.70755816, 0.7066341, -0.019751517;
 0, 0, 0, 1]
Ow:
[0.087420009;
 -0.021888427;
 0.0053602802]
Keyframe: 19 Frame: 191 Frame from vFrameID : 192
Tcw:
[0.99964267, 0.026729077, -0.00022071223, 0.090924472;
 -0.019253587, 0.71428955, -0.69958538, -0.025884684;
 -0.018541619, 0.69933969, 0.71454895, 0.015934583;
 0, 0, 0, 1]
Twc:
[0.99964267, -0.019253587, -0.018541619, -0.091094904;
 0.026729077, 0.71428955, 0.69933969, 0.0049151462;
 -0.00022071223, -0.69958538, 0.71454895, -0.029474519;
 0, 0, 0, 1]
Ow:
[0.090924472;
 -0.025884684;
 0.015934583]
Keyframe: 20 Frame: 198 Frame from vFrameID : 199
Tcw:
[0.99924284, 0.030811774, 0.023757676, 0.097566143;
 -0.0050437958, 0.70805085, -0.70614344, -0.030303853;
 -0.038579173, 0.70548892, 0.70767015, 0.024274843;
 0, 0, 0, 1]
Twc:
[0.99924284, -0.0050437958, -0.038579173, -0.096708611;
 0.030811774, 0.70805085, 0.70548892, 0.0013248515;
 0.023757676, -0.70614344, 0.70767015, -0.040895391;
 0, 0, 0, 1]
Ow:
[0.097566143;
 -0.030303853;
 0.024274843]
Keyframe: 21 Frame: 206 Frame from vFrameID : 207
Tcw:
[0.99791747, 0.033629976, 0.055043165, 0.10158218;
 0.015015299, 0.70877993, -0.70526981, -0.031146927;
 -0.062731698, 0.70462757, 0.70679891, 0.033902884;
 0, 0, 0, 1]
Twc:
[0.99791747, 0.015015299, -0.062731698, -0.098776162;
 0.033629976, 0.70877993, 0.70462757, -0.005228796;
 0.055043165, -0.70526981, 0.70679891, -0.051520914;
 0, 0, 0, 1]
Ow:
[0.10158218;
 -0.031146927;
 0.033902884]
Keyframe: 22 Frame: 213 Frame from vFrameID : 214
Tcw:
[0.99869698, 0.029454764, 0.041674431, 0.1045439;
 0.0069971974, 0.72987455, -0.68354529, -0.028908029;
 -0.050550774, 0.68294626, 0.72871739, 0.041150771;
 0, 0, 0, 1]
Twc:
[0.99869698, 0.0069971974, -0.050550774, -0.1021252;
 0.029454764, 0.72987455, 0.68294626, -0.010083847;
 0.041674431, -0.68354529, 0.72871739, -0.054104041;
 0, 0, 0, 1]
Ow:
[0.1045439;
 -0.028908029;
 0.041150771]
Keyframe: 23 Frame: 222 Frame from vFrameID : 223
Tcw:
[0.99980718, 0.019491304, 0.0023849094, 0.11580905;
 -0.01231226, 0.71685505, -0.69711351, -0.025211385;
 -0.015297286, 0.69694978, 0.71695679, 0.053791411;
 0, 0, 0, 1]
Twc:
[0.99980718, -0.01231226, -0.015297286, -0.11527426;
 0.019491304, 0.71685505, 0.69694978, -0.021674274;
 0.0023849094, -0.69711351, 0.71695679, -0.05641751;
 0, 0, 0, 1]
Ow:
[0.11580905;
 -0.025211385;
 0.053791411]
Keyframe: 24 Frame: 231 Frame from vFrameID : 232
Tcw:
[0.9998275, 0.0014682499, 0.018516343, 0.12608957;
 0.011926913, 0.71346271, -0.70059168, -0.025096493;
 -0.014239364, 0.7006917, 0.7133221, 0.070308432;
 0, 0, 0, 1]
Twc:
[0.9998275, 0.011926913, -0.014239364, -0.12476736;
 0.0014682499, 0.71346271, 0.7006917, -0.03154425;
 0.018516343, -0.70059168, 0.7133221, -0.070069671;
 0, 0, 0, 1]
Ow:
[0.12608957;
 -0.025096493;
 0.070308432]
Keyframe: 25 Frame: 239 Frame from vFrameID : 240
Tcw:
[0.99875546, 0.024052391, 0.043692905, 0.13544826;
 0.01280324, 0.72303998, -0.69068754, -0.031327769;
 -0.048204403, 0.69038737, 0.72183216, 0.082755193;
 0, 0, 0, 1]
Twc:
[0.99875546, 0.01280324, -0.048204403, -0.13088942;
 0.024052391, 0.72303998, 0.69038737, -0.037739761;
 0.043692905, -0.69068754, 0.72183216, -0.087291181;
 0, 0, 0, 1]
Ow:
[0.13544826;
 -0.031327769;
 0.082755193]
Keyframe: 26 Frame: 247 Frame from vFrameID : 248
Tcw:
[0.99977648, -0.018289536, -0.010604384, 0.14235683;
 0.0057454389, 0.71776474, -0.696262, -0.027044863;
 0.020345762, 0.69604546, 0.71770942, 0.093516588;
 0, 0, 0, 1]
Twc:
[0.99977648, 0.0057454389, 0.020345762, -0.14407228;
 -0.018289536, 0.71776474, 0.69604546, -0.043076307;
 -0.010604384, -0.696262, 0.71770942, -0.084438436;
 0, 0, 0, 1]
Ow:
[0.14235683;
 -0.027044863;
 0.093516588]
Keyframe: 27 Frame: 256 Frame from vFrameID : 257
Tcw:
[0.99956065, -0.018838784, -0.022881165, 0.14877856;
 -0.0012986676, 0.74342537, -0.66881764, -0.033468556;
 0.02961015, 0.66855353, 0.7430743, 0.10491699;
 0, 0, 0, 1]
Twc:
[0.99956065, -0.0012986676, 0.02961015, -0.15186328;
 -0.018838784, 0.74342537, 0.66855353, -0.042458441;
 -0.022881165, -0.66881764, 0.7430743, -0.096941248;
 0, 0, 0, 1]
Ow:
[0.14877856;
 -0.033468556;
 0.10491699]
Keyframe: 28 Frame: 264 Frame from vFrameID : 265
Tcw:
[0.99990118, -0.013997824, -0.0012821071, 0.15229073;
 0.0095219715, 0.74161619, -0.67075682, -0.034498658;
 0.010339967, 0.67067838, 0.74167621, 0.10935785;
 0, 0, 0, 1]
Twc:
[0.99990118, 0.0095219715, 0.010339967, -0.15307795;
 -0.013997824, 0.74161619, 0.67067838, -0.045627441;
 -0.0012821071, -0.67075682, 0.74167621, -0.10405308;
 0, 0, 0, 1]
Ow:
[0.15229073;
 -0.034498658;
 0.10935785]
Keyframe: 29 Frame: 272 Frame from vFrameID : 273
Tcw:
[0.99913442, -0.034477364, 0.023275875, 0.1525028;
 0.041317377, 0.75752193, -0.65150088, -0.034788117;
 0.004830047, 0.65189862, 0.75829071, 0.11304621;
 0, 0, 0, 1]
Twc:
[0.99913442, 0.041317377, 0.004830047, -0.15147945;
 -0.034477364, 0.75752193, 0.65189862, -0.042084016;
 0.023275875, -0.65150088, 0.75829071, -0.11193603;
 0, 0, 0, 1]
Ow:
[0.1525028;
 -0.034788117;
 0.11304621]
Keyframe: 30 Frame: 280 Frame from vFrameID : 281
Tcw:
[0.99858415, -0.051915094, -0.011598415, 0.15053539;
 0.030678418, 0.74016798, -0.67172182, -0.02661401;
 0.043457277, 0.67041492, 0.7407127, 0.12733945;
 0, 0, 0, 1]
Twc:
[0.99858415, 0.030678418, 0.043457277, -0.15503959;
 -0.051915094, 0.74016798, 0.67041492, -0.057856373;
 -0.011598415, -0.67172182, 0.7407127, -0.11045318;
 0, 0, 0, 1]
Ow:
[0.15053539;
 -0.02661401;
 0.12733945]
Keyframe: 31 Frame: 289 Frame from vFrameID : 290
Tcw:
[0.99816316, -0.060225159, -0.0065777525, 0.16083767;
 0.042529963, 0.77389896, -0.63187939, -0.041792229;
 0.043145552, 0.63043898, 0.77503884, 0.1306065;
 0, 0, 0, 1]
Twc:
[0.99816316, 0.042529963, 0.043145552, -0.16439989;
 -0.060225159, 0.77389896, 0.63043898, -0.040309995;
 -0.0065777525, -0.63187939, 0.77503884, -0.12657481;
 0, 0, 0, 1]
Ow:
[0.16083767;
 -0.041792229;
 0.1306065]
Keyframe: 32 Frame: 298 Frame from vFrameID : 299
Tcw:
[0.99840444, -0.045833115, 0.032983478, 0.1627059;
 0.056395125, 0.77976292, -0.62352979, -0.042668585;
 0.002859019, 0.62439501, 0.78110349, 0.1374833;
 0, 0, 0, 1]
Twc:
[0.99840444, 0.056395125, 0.002859019, -0.16043307;
 -0.045833115, 0.77976292, 0.62439501, -0.045115188;
 0.032983478, -0.62352979, 0.78110349, -0.13936043;
 0, 0, 0, 1]
Ow:
[0.1627059;
 -0.042668585;
 0.1374833]
Keyframe: 33 Frame: 308 Frame from vFrameID : 309
Tcw:
[0.99749929, -0.070118219, 0.008865851, 0.16602902;
 0.060500756, 0.78229201, -0.6199668, -0.042200513;
 0.036535285, 0.61895281, 0.78457797, 0.14336675;
 0, 0, 0, 1]
Twc:
[0.99749929, 0.060500756, 0.036535285, -0.1682986;
 -0.070118219, 0.78229201, 0.61895281, -0.044082478;
 0.008865851, -0.6199668, 0.78457797, -0.1401173;
 0, 0, 0, 1]
Ow:
[0.16602902;
 -0.042200513;
 0.14336675]
Keyframe: 34 Frame: 317 Frame from vFrameID : 318
Tcw:
[0.99733853, -0.064479209, -0.034033168, 0.16883095;
 0.030732352, 0.79507256, -0.60573524, -0.039671071;
 0.066116169, 0.60307717, 0.79493809, 0.14901656;
 0, 0, 0, 1]
Twc:
[0.99733853, 0.030732352, 0.066116169, -0.17701483;
 -0.064479209, 0.79507256, 0.60307717, -0.047441017;
 -0.034033168, -0.60573524, 0.79493809, -0.13674325;
 0, 0, 0, 1]
Ow:
[0.16883095;
 -0.039671071;
 0.14901656]
Keyframe: 35 Frame: 326 Frame from vFrameID : 327
Tcw:
[0.99919325, -0.04015547, 0.00066052022, 0.17207487;
 0.031552549, 0.77473819, -0.6314944, -0.037301186;
 0.024846226, 0.63100576, 0.77538013, 0.15810242;
 0, 0, 0, 1]
Twc:
[0.99919325, 0.031552549, 0.024846226, -0.17468736;
 -0.04015547, 0.77473819, 0.63100576, -0.063955143;
 0.00066052022, -0.6314944, 0.77538013, -0.14625864;
 0, 0, 0, 1]
Ow:
[0.17207487;
 -0.037301186;
 0.15810242]
Keyframe: 36 Frame: 336 Frame from vFrameID : 337
Tcw:
[0.9970454, -0.076802619, -0.0013562572, 0.17656249;
 0.059901565, 0.78844774, -0.61217803, -0.035160124;
 0.048086215, 0.61028808, 0.79071879, 0.16263729;
 0, 0, 0, 1]
Twc:
[0.9970454, 0.059901565, 0.048086215, -0.18175527;
 -0.076802619, 0.78844774, 0.61028808, -0.05797321;
 -0.0013562572, -0.61217803, 0.79071879, -0.14988515;
 0, 0, 0, 1]
Ow:
[0.17656249;
 -0.035160124;
 0.16263729]
Keyframe: 37 Frame: 345 Frame from vFrameID : 346
Tcw:
[0.99582142, -0.088840075, -0.021145245, 0.17876357;
 0.056659535, 0.78264624, -0.61988276, -0.035633609;
 0.071619675, 0.61609441, 0.78440952, 0.16970563;
 0, 0, 0, 1]
Twc:
[0.99582142, 0.056659535, 0.071619675, -0.18815187;
 -0.088840075, 0.78264624, 0.61609441, -0.060784817;
 -0.021145245, -0.61988276, 0.78440952, -0.15142736;
 0, 0, 0, 1]
Ow:
[0.17876357;
 -0.035633609;
 0.16970563]
Keyframe: 38 Frame: 355 Frame from vFrameID : 356
Tcw:
[0.99794292, -0.037538972, 0.051969022, 0.17031108;
 0.062246393, 0.76134813, -0.64534831, -0.020233348;
 -0.015340803, 0.64725566, 0.76211864, 0.17224558;
 0, 0, 0, 1]
Twc:
[0.99794292, 0.062246393, -0.015340803, -0.16605888;
 -0.037538972, 0.76134813, 0.64725566, -0.089689001;
 0.051969022, -0.64534831, 0.76211864, -0.15318002;
 0, 0, 0, 1]
Ow:
[0.17031108;
 -0.020233348;
 0.17224558]
Keyframe: 39 Frame: 364 Frame from vFrameID : 365
Tcw:
[0.9965694, -0.026442993, 0.078423224, 0.17154689;
 0.069472887, 0.78225863, -0.61906779, -0.01696974;
 -0.04497724, 0.6223923, 0.78141212, 0.17701063;
 0, 0, 0, 1]
Twc:
[0.9965694, 0.069472887, -0.04497724, -0.161818;
 -0.026442993, 0.78225863, 0.6223923, -0.092359111;
 0.078423224, -0.61906779, 0.78141212, -0.16227692;
 0, 0, 0, 1]
Ow:
[0.17154689;
 -0.01696974;
 0.17701063]
Keyframe: 40 Frame: 374 Frame from vFrameID : 375
Tcw:
[0.9985587, -0.053661719, 0.00096767425, 0.1775656;
 0.042472463, 0.77906495, -0.62550294, -0.018755957;
 0.032811683, 0.62464249, 0.78022122, 0.18357919;
 0, 0, 0, 1]
Twc:
[0.9985587, 0.042472463, 0.032811683, -0.18253662;
 -0.053661719, 0.77906495, 0.62464249, -0.090530783;
 0.00096767425, -0.62550294, 0.78022122, -0.15513611;
 0, 0, 0, 1]
Ow:
[0.1775656;
 -0.018755957;
 0.18357919]
Keyframe: 41 Frame: 384 Frame from vFrameID : 385
Tcw:
[0.99869043, -0.045520052, 0.023352178, 0.17645895;
 0.050099209, 0.77766007, -0.62668562, -0.015185885;
 0.010366705, 0.62703484, 0.7789222, 0.1874454;
 0, 0, 0, 1]
Twc:
[0.99869043, 0.050099209, 0.010366705, -0.17741027;
 -0.045520052, 0.77766007, 0.62703484, -0.097692929;
 0.023352178, -0.62668562, 0.7789222, -0.15964288;
 0, 0, 0, 1]
Ow:
[0.17645895;
 -0.015185885;
 0.1874454]
Keyframe: 42 Frame: 392 Frame from vFrameID : 393
Tcw:
[0.99609381, -0.0055930009, 0.088124037, 0.16279432;
 0.060384136, 0.77131069, -0.6335879, -0.0031761602;
 -0.064427353, 0.63643426, 0.76863551, 0.18015341;
 0, 0, 0, 1]
Twc:
[0.99609381, 0.060384136, -0.064427353, -0.15035982;
 -0.0055930009, 0.77131069, 0.63643426, -0.11129548;
 0.088124037, -0.6335879, 0.76863551, -0.15483078;
 0, 0, 0, 1]
Ow:
[0.16279432;
 -0.0031761602;
 0.18015341]
Keyframe: 43 Frame: 401 Frame from vFrameID : 402
Tcw:
[0.99880677, -0.047153972, 0.012709751, 0.16558567;
 0.044637755, 0.77589357, -0.62928259, -0.0032245368;
 0.019811761, 0.62909907, 0.77707261, 0.18352872;
 0, 0, 0, 1]
Twc:
[0.99880677, 0.044637755, 0.019811761, -0.16888016;
 -0.047153972, 0.77589357, 0.62909907, -0.10514782;
 0.012709751, -0.62928259, 0.77707261, -0.14674884;
 0, 0, 0, 1]
Ow:
[0.16558567;
 -0.0032245368;
 0.18352872]
Keyframe: 44 Frame: 409 Frame from vFrameID : 410
Tcw:
[0.9969433, -0.07409665, -0.024773158, 0.16648637;
 0.043416515, 0.78903735, -0.61280912, -0.0031098574;
 0.06495405, 0.60986042, 0.78984255, 0.18621424;
 0, 0, 0, 1]
Twc:
[0.9969433, 0.043416515, 0.06495405, -0.17793784;
 -0.07409665, 0.78903735, 0.60986042, -0.098774813;
 -0.024773158, -0.61280912, 0.78984255, -0.14486128;
 0, 0, 0, 1]
Ow:
[0.16648637;
 -0.0031098574;
 0.18621424]
Keyframe: 45 Frame: 419 Frame from vFrameID : 420
Tcw:
[0.99905437, -0.018814817, 0.039196845, 0.16626093;
 0.039731625, 0.761195, -0.64730489, -0.0022517368;
 -0.017657518, 0.6482501, 0.76122272, 0.18985122;
 0, 0, 0, 1]
Twc:
[0.99905437, 0.039731625, -0.017657518, -0.16266195;
 -0.018814817, 0.761195, 0.6482501, -0.11822888;
 0.039196845, -0.64730489, 0.76122272, -0.15249352;
 0, 0, 0, 1]
Ow:
[0.16626093;
 -0.0022517368;
 0.18985122]
Keyframe: 46 Frame: 429 Frame from vFrameID : 430
Tcw:
[0.99921185, -0.039178975, 0.0063780611, 0.16827165;
 0.033504516, 0.74626637, -0.66480368, -0.0016164184;
 0.021286594, 0.66449344, 0.74699086, 0.19231415;
 0, 0, 0, 1]
Twc:
[0.99921185, 0.033504516, 0.021286594, -0.17217858;
 -0.039178975, 0.74626637, 0.66449344, -0.1199925;
 0.0063780611, -0.66480368, 0.74699086, -0.14580476;
 0, 0, 0, 1]
Ow:
[0.16827165;
 -0.0016164184;
 0.19231415]
Keyframe: 47 Frame: 439 Frame from vFrameID : 440
Tcw:
[0.99811006, -0.061267853, -0.0047469488, 0.16782391;
 0.044781242, 0.77807403, -0.62657434, -0.0017497018;
 0.042082343, 0.62517762, 0.77934718, 0.19402668;
 0, 0, 0, 1]
Twc:
[0.99811006, 0.044781242, 0.042082343, -0.1755935;
 -0.061267853, 0.77807403, 0.62517762, -0.10965751;
 -0.0047469488, -0.62657434, 0.77934718, -0.15151381;
 0, 0, 0, 1]
Ow:
[0.16782391;
 -0.0017497018;
 0.19402668]
Keyframe: 48 Frame: 447 Frame from vFrameID : 448
Tcw:
[0.99840623, -0.017252374, 0.053734016, 0.157719;
 0.048101023, 0.75812697, -0.65033048, 0.0078181326;
 -0.029517462, 0.65187865, 0.7577486, 0.18939683;
 0, 0, 0, 1]
Twc:
[0.99840623, 0.048101023, -0.029517462, -0.15225318;
 -0.017252374, 0.75812697, 0.65187865, -0.12666987;
 0.053734016, -0.65033048, 0.7577486, -0.14690569;
 0, 0, 0, 1]
Ow:
[0.157719;
 0.0078181326;
 0.18939683]
Keyframe: 49 Frame: 457 Frame from vFrameID : 458
Tcw:
[0.9989273, -0.022638377, 0.040394895, 0.15871732;
 0.042901307, 0.78076965, -0.62334442, 0.0066102371;
 -0.017427601, 0.62440872, 0.78090334, 0.19053519;
 0, 0, 0, 1]
Twc:
[0.9989273, 0.042901307, -0.017427601, -0.15551008;
 -0.022638377, 0.78076965, 0.62440872, -0.12053981;
 0.040394895, -0.62334442, 0.78090334, -0.15108047;
 0, 0, 0, 1]
Ow:
[0.15871732;
 0.0066102371;
 0.19053519]
Keyframe: 50 Frame: 467 Frame from vFrameID : 468
Tcw:
[0.99779421, -0.06129336, -0.02549273, 0.1617056;
 0.03150237, 0.77522582, -0.63089818, 0.0070902854;
 0.058432493, 0.62870347, 0.77544671, 0.19329076;
 0, 0, 0, 1]
Twc:
[0.99779421, 0.03150237, 0.058432493, -0.17286672;
 -0.06129336, 0.77522582, 0.62870347, -0.11710765;
 -0.02549273, -0.63089818, 0.77544671, -0.14129111;
 0, 0, 0, 1]
Ow:
[0.1617056;
 0.0070902854;
 0.19329076]
Keyframe: 51 Frame: 476 Frame from vFrameID : 477
Tcw:
[0.99917871, -0.040477075, 0.001870992, 0.16308539;
 0.03244156, 0.77144819, -0.63546455, 0.0071088746;
 0.024278374, 0.63500339, 0.77212775, 0.19699878;
 0, 0, 0, 1]
Twc:
[0.99917871, 0.03244156, 0.024278374, -0.16796489;
 -0.040477075, 0.77144819, 0.63500339, -0.1239778;
 0.001870992, -0.63546455, 0.77212775, -0.14789593;
 0, 0, 0, 1]
Ow:
[0.16308539;
 0.0071088746;
 0.19699878]
Keyframe: 52 Frame: 485 Frame from vFrameID : 486
Tcw:
[0.99745327, -0.053695682, 0.046944398, 0.16361874;
 0.071107574, 0.79980689, -0.59603071, 0.0066430345;
 -0.0055421768, 0.59785092, 0.80158818, 0.19845222;
 0, 0, 0, 1]
Twc:
[0.99745327, 0.071107574, -0.0055421768, -0.16257456;
 -0.053695682, 0.79980689, 0.59785092, -0.11517236;
 0.046944398, -0.59603071, 0.80158818, -0.16279848;
 0, 0, 0, 1]
Ow:
[0.16361874;
 0.0066430345;
 0.19845222]
Keyframe: 53 Frame: 496 Frame from vFrameID : 497
Tcw:
[0.99722302, -0.074234612, 0.0059526907, 0.16486797;
 0.063394502, 0.80421704, -0.59094507, 0.0068045706;
 0.039081324, 0.58968139, 0.80668986, 0.20096965;
 0, 0, 0, 1]
Twc:
[0.99722302, 0.063394502, 0.039081324, -0.17269568;
 -0.074234612, 0.80421704, 0.58968139, -0.11174151;
 0.0059526907, -0.59094507, 0.80668986, -0.15908046;
 0, 0, 0, 1]
Ow:
[0.16486797;
 0.0068045706;
 0.20096965]
Keyframe: 54 Frame: 507 Frame from vFrameID : 508
Tcw:
[0.99806136, -0.049688347, 0.037478253, 0.16384672;
 0.062214378, 0.77997369, -0.62271214, 0.0082376003;
 0.0017094855, 0.62383658, 0.78155291, 0.20239395;
 0, 0, 0, 1]
Twc:
[0.99806136, 0.062214378, 0.0017094855, -0.16438755;
 -0.049688347, 0.77997369, 0.62383658, -0.12454459;
 0.037478253, -0.62271214, 0.78155291, -0.15919262;
 0, 0, 0, 1]
Ow:
[0.16384672;
 0.0082376003;
 0.20239395]
Keyframe: 55 Frame: 517 Frame from vFrameID : 518
Tcw:
[0.99666625, -0.03802634, 0.072183199, 0.15908596;
 0.075205646, 0.77121025, -0.63212252, 0.011824764;
 -0.03163112, 0.63544375, 0.77149904, 0.2003786;
 0, 0, 0, 1]
Twc:
[0.99666625, 0.075205646, -0.03163112, -0.15310669;
 -0.03802634, 0.77121025, 0.63544375, -0.13039924;
 0.072183199, -0.63212252, 0.77149904, -0.15860051;
 0, 0, 0, 1]
Ow:
[0.15908596;
 0.011824764;
 0.2003786]
Keyframe: 56 Frame: 526 Frame from vFrameID : 527
Tcw:
[0.99861342, -0.050317481, 0.015474115, 0.16433515;
 0.048778813, 0.77389079, -0.63143778, 0.0096473247;
 0.019797081, 0.63131702, 0.77527213, 0.20597118;
 0, 0, 0, 1]
Twc:
[0.99861342, 0.048778813, 0.019797081, -0.1686555;
 -0.050317481, 0.77389079, 0.63131702, -0.12923017;
 0.015474115, -0.63143778, 0.77527213, -0.15613498;
 0, 0, 0, 1]
Ow:
[0.16433515;
 0.0096473247;
 0.20597118]
Keyframe: 57 Frame: 534 Frame from vFrameID : 535
Tcw:
[0.99783903, -0.064399146, 0.013041037, 0.16469866;
 0.058557823, 0.7815603, -0.62107527, 0.0098890662;
 0.029804358, 0.62049675, 0.78364241, 0.2066907;
 0, 0, 0, 1]
Twc:
[0.99783903, 0.058557823, 0.029804358, -0.17108211;
 -0.064399146, 0.7815603, 0.62049675, -0.12537336;
 0.013041037, -0.62107527, 0.78364241, -0.1579776;
 0, 0, 0, 1]
Ow:
[0.16469866;
 0.0098890662;
 0.2066907]
Keyframe: 58 Frame: 544 Frame from vFrameID : 545
Tcw:
[0.99622345, -0.051411234, 0.069969445, 0.16386577;
 0.084146425, 0.77034438, -0.63205135, 0.010770939;
 -0.02140603, 0.63555205, 0.77176124, 0.20838895;
 0, 0, 0, 1]
Twc:
[0.99622345, 0.084146425, -0.02140603, -0.15969248;
 -0.051411234, 0.77034438, 0.63555205, -0.1323148;
 0.069969445, -0.63205135, 0.77176124, -0.16548431;
 0, 0, 0, 1]
Ow:
[0.16386577;
 0.010770939;
 0.20838895]
Keyframe: 59 Frame: 554 Frame from vFrameID : 555
Tcw:
[0.99887621, -0.034056626, 0.032960542, 0.16300723;
 0.047270413, 0.76620495, -0.64085531, 0.013025373;
 -0.0034291584, 0.64169317, 0.76695377, 0.207802;
 0, 0, 0, 1]
Twc:
[0.99887621, 0.047270413, -0.0034291584, -0.16272718;
 -0.034056626, 0.76620495, 0.64169317, -0.13777375;
 0.032960542, -0.64085531, 0.76695377, -0.15639995;
 0, 0, 0, 1]
Ow:
[0.16300723;
 0.013025373;
 0.207802]
Keyframe: 60 Frame: 562 Frame from vFrameID : 563
Tcw:
[0.99940586, -0.034422491, 0.0017493865, 0.16500527;
 0.027377801, 0.7619921, -0.64700729, 0.012962878;
 0.020938585, 0.64667076, 0.76248181, 0.21058673;
 0, 0, 0, 1]
Twc:
[0.99940586, 0.027377801, 0.020938585, -0.16967151;
 -0.034422491, 0.7619921, 0.64667076, -0.140378;
 0.0017493865, -0.64700729, 0.76248181, -0.15247013;
 0, 0, 0, 1]
Ow:
[0.16500527;
 0.012962878;
 0.21058673]
Keyframe: 61 Frame: 572 Frame from vFrameID : 573
Tcw:
[0.99920022, -0.029581863, 0.026904324, 0.16407707;
 0.039970625, 0.75793296, -0.65110672, 0.014180928;
 -0.0011307248, 0.65166134, 0.75850922, 0.21133471;
 0, 0, 0, 1]
Twc:
[0.99920022, 0.039970625, -0.0011307248, -0.16427371;
 -0.029581863, 0.75793296, 0.65166134, -0.14361314;
 0.026904324, -0.65110672, 0.75850922, -0.1554804;
 0, 0, 0, 1]
Ow:
[0.16407707;
 0.014180928;
 0.21133471]
Keyframe: 62 Frame: 582 Frame from vFrameID : 583
Tcw:
[0.99825877, -0.046167925, 0.036714219, 0.16521575;
 0.058970258, 0.76648664, -0.63954729, 0.013889425;
 0.0013856114, 0.64059871, 0.76787454, 0.21273899;
 0, 0, 0, 1]
Twc:
[0.99825877, 0.058970258, 0.0013856114, -0.1660419;
 -0.046167925, 0.76648664, 0.64059871, -0.13929872;
 0.036714219, -0.63954729, 0.76787454, -0.16053969;
 0, 0, 0, 1]
Ow:
[0.16521575;
 0.013889425;
 0.21273899]
Keyframe: 63 Frame: 592 Frame from vFrameID : 593
Tcw:
[0.99771386, -0.067370214, 0.0053190305, 0.16539727;
 0.055356931, 0.76957881, -0.63614786, 0.013314545;
 0.038764004, 0.63498795, 0.77154887, 0.21539763;
 0, 0, 0, 1]
Twc:
[0.99771386, 0.055356931, 0.038764004, -0.17410587;
 -0.067370214, 0.76957881, 0.63498795, -0.13587864;
 0.0053190305, -0.63614786, 0.77154887, -0.15859953;
 0, 0, 0, 1]
Ow:
[0.16539727;
 0.013314545;
 0.21539763]
Keyframe: 64 Frame: 602 Frame from vFrameID : 603
Tcw:
[0.99734992, -0.071190931, -0.015001462, 0.16671416;
 0.043794606, 0.75210786, -0.6575833, 0.01479207;
 0.058096685, 0.65518367, 0.75323248, 0.21696892;
 0, 0, 0, 1]
Twc:
[0.99734992, 0.043794606, 0.058096685, -0.17952535;
 -0.071190931, 0.75210786, 0.65518367, -0.14141119;
 -0.015001462, -0.6575833, 0.75323248, -0.15120006;
 0, 0, 0, 1]
Ow:
[0.16671416;
 0.01479207;
 0.21696892]
Keyframe: 65 Frame: 612 Frame from vFrameID : 613
Tcw:
[0.99805719, -0.057484787, 0.024028923, 0.16789956;
 0.059437696, 0.76282316, -0.64386952, 0.015232086;
 0.018682882, 0.64404684, 0.76475793, 0.21922098;
 0, 0, 0, 1]
Twc:
[0.99805719, 0.059437696, 0.018682882, -0.1725744;
 -0.057484787, 0.76282316, 0.64404684, -0.14315629;
 0.024028923, -0.64386952, 0.76475793, -0.16187795;
 0, 0, 0, 1]
Ow:
[0.16789956;
 0.015232086;
 0.21922098]
Keyframe: 66 Frame: 622 Frame from vFrameID : 623
Tcw:
[0.99412668, -0.095280945, -0.051319905, 0.17241314;
 0.03779256, 0.74999577, -0.66036206, 0.013374314;
 0.10140964, 0.654544, 0.7491917, 0.22548419;
 0, 0, 0, 1]
Twc:
[0.99412668, 0.03779256, 0.10140964, -0.19477221;
 -0.095280945, 0.74999577, 0.654544, -0.14119232;
 -0.051319905, -0.66036206, 0.7491917, -0.15125076;
 0, 0, 0, 1]
Ow:
[0.17241314;
 0.013374314;
 0.22548419]
Keyframe: 67 Frame: 632 Frame from vFrameID : 633
Tcw:
[0.99642575, -0.084422924, -0.0029221368, 0.17031644;
 0.061981607, 0.75418335, -0.65373218, 0.014283732;
 0.057393808, 0.65121442, 0.75672036, 0.2252773;
 0, 0, 0, 1]
Twc:
[0.99642575, 0.061981607, 0.057393808, -0.18352252;
 -0.084422924, 0.75418335, 0.65121442, -0.14309777;
 -0.0029221368, -0.65373218, 0.75672036, -0.1606365;
 0, 0, 0, 1]
Ow:
[0.17031644;
 0.014283732;
 0.2252773]
Keyframe: 68 Frame: 640 Frame from vFrameID : 641
Tcw:
[0.99850881, -0.048128076, 0.025765086, 0.16912982;
 0.053251222, 0.7547884, -0.65380329, 0.016622685;
 0.012019107, 0.65420038, 0.75622576, 0.22361206;
 0, 0, 0, 1]
Twc:
[0.99850881, 0.053251222, 0.012019107, -0.17245041;
 -0.048128076, 0.7547884, 0.65420038, -0.1506938;
 0.025765086, -0.65380329, 0.75622576, -0.16259088;
 0, 0, 0, 1]
Ow:
[0.16912982;
 0.016622685;
 0.22361206]
Keyframe: 69 Frame: 648 Frame from vFrameID : 649
Tcw:
[0.99801362, -0.060945109, 0.015952853, 0.16934162;
 0.055820867, 0.73810112, -0.67237693, 0.017998762;
 0.029203266, 0.67193186, 0.74003702, 0.22353715;
 0, 0, 0, 1]
Twc:
[0.99801362, 0.055820867, 0.029203266, -0.17653798;
 -0.060945109, 0.73810112, 0.67193186, -0.15316609;
 0.015952853, -0.67237693, 0.74003702, -0.15602529;
 0, 0, 0, 1]
Ow:
[0.16934162;
 0.017998762;
 0.22353715]
Keyframe: 70 Frame: 656 Frame from vFrameID : 657
Tcw:
[0.99836344, -0.055674586, -0.013070328, 0.17013493;
 0.033563491, 0.75547421, -0.65431815, 0.017448507;
 0.046303187, 0.65280861, 0.75610644, 0.22480282;
 0, 0, 0, 1]
Twc:
[0.99836344, 0.033563491, 0.046303187, -0.18085121;
 -0.055674586, 0.75547421, 0.65280861, -0.15046293;
 -0.013070328, -0.65431815, 0.75610644, -0.15633427;
 0, 0, 0, 1]
Ow:
[0.17013493;
 0.017448507;
 0.22480282]
Keyframe: 71 Frame: 664 Frame from vFrameID : 665
Tcw:
[0.99898094, -0.036495566, 0.026554862, 0.17043139;
 0.044886157, 0.74175572, -0.66916645, 0.017837152;
 0.0047243861, 0.66967642, 0.74263793, 0.22627875;
 0, 0, 0, 1]
Twc:
[0.99898094, 0.044886157, 0.0047243861, -0.17212737;
 -0.036495566, 0.74175572, 0.66967642, -0.15854438;
 0.026554862, -0.66916645, 0.74263793, -0.16063295;
 0, 0, 0, 1]
Ow:
[0.17043139;
 0.017837152;
 0.22627875]
Keyframe: 72 Frame: 673 Frame from vFrameID : 674
Tcw:
[0.99583519, -0.048009098, 0.077507325, 0.1699203;
 0.087109596, 0.75194967, -0.65343982, 0.017649323;
 -0.026910553, 0.65746999, 0.75300002, 0.22653441;
 0, 0, 0, 1]
Twc:
[0.99583519, 0.087109596, -0.026910553, -0.16465387;
 -0.048009098, 0.75194967, 0.65746999, -0.15405327;
 0.077507325, -0.65343982, 0.75300002, -0.17221771;
 0, 0, 0, 1]
Ow:
[0.1699203;
 0.017649323;
 0.22653441]
Keyframe: 73 Frame: 682 Frame from vFrameID : 683
Tcw:
[0.99735785, -0.062886834, 0.036367744, 0.17084499;
 0.070932686, 0.73495597, -0.67439473, 0.017303258;
 0.015681859, 0.67519253, 0.73747486, 0.22750905;
 0, 0, 0, 1]
Twc:
[0.99735785, 0.070932686, 0.015681859, -0.17518871;
 -0.062886834, 0.73495597, 0.67519253, -0.15558565;
 0.036367744, -0.67439473, 0.73747486, -0.16232622;
 0, 0, 0, 1]
Ow:
[0.17084499;
 0.017303258;
 0.22750905]
Keyframe: 74 Frame: 692 Frame from vFrameID : 693
Tcw:
[0.9965592, -0.067582481, 0.047982957, 0.17109998;
 0.082187511, 0.73086047, -0.67756045, 0.018050753;
 0.010722372, 0.67917275, 0.73390013, 0.22940359;
 0, 0, 0, 1]
Twc:
[0.9965592, 0.082187511, 0.010722372, -0.17445455;
 -0.067582481, 0.73086047, 0.67917275, -0.15743388;
 0.047982957, -0.67756045, 0.73390013, -0.16433874;
 0, 0, 0, 1]
Ow:
[0.17109998;
 0.018050753;
 0.22940359]
Keyframe: 75 Frame: 701 Frame from vFrameID : 702
Tcw:
[0.99375254, -0.088464491, 0.06804321, 0.17152712;
 0.11129804, 0.74028498, -0.6630165, 0.018037178;
 0.0082820533, 0.66644746, 0.74550599, 0.22967312;
 0, 0, 0, 1]
Twc:
[0.99375254, 0.11129804, 0.0082820533, -0.17436518;
 -0.088464491, 0.74028498, 0.66644746, -0.15124364;
 0.06804321, -0.6630165, 0.74550599, -0.170935;
 0, 0, 0, 1]
Ow:
[0.17152712;
 0.018037178;
 0.22967312]
Keyframe: 76 Frame: 709 Frame from vFrameID : 710
Tcw:
[0.99313056, -0.10284039, 0.055817131, 0.1719549;
 0.1139093, 0.74059898, -0.66222191, 0.018072471;
 0.026765047, 0.66403091, 0.74722594, 0.23044573;
 0, 0, 0, 1]
Twc:
[0.99313056, 0.1139093, 0.026765047, -0.17900017;
 -0.10284039, 0.74059898, 0.66403091, -0.14872363;
 0.055817131, -0.66222191, 0.74722594, -0.16982506;
 0, 0, 0, 1]
Ow:
[0.1719549;
 0.018072471;
 0.23044573]
Keyframe: 77 Frame: 718 Frame from vFrameID : 719
Tcw:
[0.9939248, -0.10778861, 0.022251358, 0.17252493;
 0.096418515, 0.7552464, -0.64831036, 0.017949916;
 0.05307522, 0.64651722, 0.76105094, 0.23126397;
 0, 0, 0, 1]
Twc:
[0.9939248, 0.096418515, 0.05307522, -0.18548189;
 -0.10778861, 0.7552464, 0.64651722, -0.14447652;
 0.022251358, -0.64831036, 0.76105094, -0.16820545;
 0, 0, 0, 1]
Ow:
[0.17252493;
 0.017949916;
 0.23126397]
Keyframe: 78 Frame: 726 Frame from vFrameID : 727
Tcw:
[0.99460143, -0.089814819, 0.051974427, 0.17267984;
 0.10179021, 0.74708408, -0.65688974, 0.017977387;
 0.020169165, 0.65863395, 0.75219315, 0.23221603;
 0, 0, 0, 1]
Twc:
[0.99460143, 0.10179021, 0.020169165, -0.17826115;
 -0.089814819, 0.74708408, 0.65863395, -0.15086676;
 0.051974427, -0.65688974, 0.75219315, -0.17183708;
 0, 0, 0, 1]
Ow:
[0.17267984;
 0.017977387;
 0.23221603]
Keyframe: 79 Frame: 734 Frame from vFrameID : 735
Tcw:
[0.99165857, -0.10731559, 0.071390562, 0.17290755;
 0.12821475, 0.76459181, -0.63163304, 0.017584778;
 0.013199439, 0.63551766, 0.77197349, 0.23277107;
 0, 0, 0, 1]
Twc:
[0.99165857, 0.12821475, 0.013199439, -0.17679234;
 -0.10731559, 0.76459181, 0.63551766, -0.14281961;
 0.071390562, -0.63163304, 0.77197349, -0.18092993;
 0, 0, 0, 1]
Ow:
[0.17290755;
 0.017584778;
 0.23277107]
Keyframe: 80 Frame: 742 Frame from vFrameID : 743
Tcw:
[0.99271655, -0.11967113, 0.013881622, 0.17408888;
 0.099290848, 0.74746209, -0.65684229, 0.018103763;
 0.068229072, 0.65343648, 0.75390023, 0.23467307;
 0, 0, 0, 1]
Twc:
[0.99271655, 0.099290848, 0.068229072, -0.19062997;
 -0.11967113, 0.74746209, 0.65343648, -0.14604241;
 0.013881622, -0.65684229, 0.75390023, -0.16744539;
 0, 0, 0, 1]
Ow:
[0.17408888;
 0.018103763;
 0.23467307]
Keyframe: 81 Frame: 750 Frame from vFrameID : 751
Tcw:
[0.99204701, -0.12451232, -0.018422203, 0.17470203;
 0.08257854, 0.7543056, -0.65130931, 0.018107921;
 0.094992004, 0.6446082, 0.75858867, 0.2361383;
 0, 0, 0, 1]
Twc:
[0.99204701, 0.08257854, 0.094992004, -0.19723922;
 -0.12451232, 0.7543056, 0.6446082, -0.14412303;
 -0.018422203, -0.65130931, 0.75858867, -0.16411959;
 0, 0, 0, 1]
Ow:
[0.17470203;
 0.018107921;
 0.2361383]
Keyframe: 82 Frame: 758 Frame from vFrameID : 759
Tcw:
[0.99338704, -0.11466739, 0.005795551, 0.17494205;
 0.090974428, 0.755328, -0.64900172, 0.01806619;
 0.070041791, 0.64523715, 0.76076484, 0.23726611;
 0, 0, 0, 1]
Twc:
[0.99338704, 0.090974428, 0.070041791, -0.19204727;
 -0.11466739, 0.755328, 0.64523715, -0.14667867;
 0.005795551, -0.64900172, 0.76076484, -0.16979262;
 0, 0, 0, 1]
Ow:
[0.17494205;
 0.01806619;
 0.23726611]
Keyframe: 83 Frame: 766 Frame from vFrameID : 767
Tcw:
[0.9955672, -0.089736901, 0.028164441, 0.17548037;
 0.086366326, 0.75368446, -0.65153706, 0.017974064;
 0.037239812, 0.65108138, 0.75809377, 0.23837942;
 0, 0, 0, 1]
Twc:
[0.9955672, 0.086366326, 0.037239812, -0.18513204;
 -0.089736901, 0.75368446, 0.65108138, -0.15300412;
 0.028164441, -0.65153706, 0.75809377, -0.1739455;
 0, 0, 0, 1]
Ow:
[0.17548037;
 0.017974064;
 0.23837942]
Keyframe: 84 Frame: 775 Frame from vFrameID : 776
Tcw:
[0.99420172, -0.10323028, -0.030107683, 0.17594558;
 0.057575643, 0.74750936, -0.66175133, 0.018121108;
 0.090818554, 0.65618086, 0.74911863, 0.23981513;
 0, 0, 0, 1]
Twc:
[0.99420172, 0.057575643, 0.090818554, -0.19774839;
 -0.10323028, 0.74750936, 0.65618086, -0.15274487;
 -0.030107683, -0.66175133, 0.74911863, -0.162361;
 0, 0, 0, 1]
Ow:
[0.17594558;
 0.018121108;
 0.23981513]
Keyframe: 85 Frame: 783 Frame from vFrameID : 784
Tcw:
[0.99471724, -0.10157156, -0.014860786, 0.17614624;
 0.067022435, 0.75226527, -0.65544254, 0.018091545;
 0.077753574, 0.65098399, 0.75509882, 0.24116811;
 0, 0, 0, 1]
Twc:
[0.99471724, 0.067022435, 0.077753574, -0.19517992;
 -0.10157156, 0.75226527, 0.65098399, -0.15271477;
 -0.014860786, -0.65544254, 0.75509882, -0.16763012;
 0, 0, 0, 1]
Ow:
[0.17614624;
 0.018091545;
 0.24116811]
Keyframe: 86 Frame: 793 Frame from vFrameID : 794
Tcw:
[0.99448615, -0.055611495, 0.088907823, 0.17057975;
 0.10032199, 0.7514255, -0.65214664, 0.021124646;
 -0.030540753, 0.65747023, 0.75286132, 0.23673111;
 0, 0, 0, 1]
Twc:
[0.99448615, 0.10032199, -0.030540753, -0.16452852;
 -0.055611495, 0.7514255, 0.65747023, -0.16203105;
 0.088907823, -0.65214664, 0.75286132, -0.1796152;
 0, 0, 0, 1]
Ow:
[0.17057975;
 0.021124646;
 0.23673111]
Keyframe: 87 Frame: 801 Frame from vFrameID : 802
Tcw:
[0.99648362, -0.079717554, 0.025796907, 0.17365751;
 0.077025943, 0.75039744, -0.65648359, 0.021211974;
 0.032975331, 0.6561622, 0.7538991, 0.23944405;
 0, 0, 0, 1]
Twc:
[0.99648362, 0.077025943, 0.032975331, -0.18257648;
 -0.079717554, 0.75039744, 0.6561622, -0.15918799;
 0.025796907, -0.65648359, 0.7538991, -0.17107116;
 0, 0, 0, 1]
Ow:
[0.17365751;
 0.021211974;
 0.23944405]
Keyframe: 88 Frame: 809 Frame from vFrameID : 810
Tcw:
[0.99763584, -0.06870722, 0.0014368156, 0.1746106;
 0.053179521, 0.75859189, -0.64939219, 0.020401441;
 0.043527976, 0.64793336, 0.76045227, 0.24073702;
 0, 0, 0, 1]
Twc:
[0.99763584, 0.053179521, 0.043527976, -0.18576151;
 -0.06870722, 0.75859189, 0.64793336, -0.1594609;
 0.0014368156, -0.64939219, 0.76045227, -0.17007136;
 0, 0, 0, 1]
Ow:
[0.1746106;
 0.020401441;
 0.24073702]
Keyframe: 89 Frame: 818 Frame from vFrameID : 819
Tcw:
[0.9980092, -0.031724352, 0.054508526, 0.17413422;
 0.060183976, 0.7374379, -0.67272818, 0.021084823;
 -0.018854788, 0.6746695, 0.7378791, 0.24166216;
 0, 0, 0, 1]
Twc:
[0.9980092, 0.060183976, -0.018854788, -0.17050004;
 -0.031724352, 0.7374379, 0.6746695, -0.17306653;
 0.054508526, -0.67272818, 0.7378791, -0.17362492;
 0, 0, 0, 1]
Ow:
[0.17413422;
 0.021084823;
 0.24166216]
Keyframe: 90 Frame: 827 Frame from vFrameID : 828
Tcw:
[0.99720782, -0.058247693, 0.046730608, 0.17561103;
