Keyframe: 0 Frame: 0 Frame from vFrameID : 76
Tcw:
[0.99832833, -0.036778808, -0.044585399, 0.029204456;
 -0.028647356, 0.35510921, -0.93438578, -0.038399849;
 0.050198279, 0.93410105, 0.35346198, -0.064199939;
 0, 0, 0, 1]
Twc:
[0.99832833, -0.028647356, 0.050198279, -0.027032964;
 -0.036778808, 0.35510921, 0.93410105, 0.074679479;
 -0.044585399, -0.93438578, 0.35346198, -0.011885943;
 0, 0, 0, 1]
Ow:
[0.029204456;
 -0.038399849;
 -0.064199939]
Keyframe: 1 Frame: 75 Frame from vFrameID : 76
Tcw:
[0.99828959, -0.036208946, -0.045900702, 0.02957331;
 -0.031039158, 0.33707127, -0.94096732, -0.040465139;
 0.049543243, 0.94078261, 0.33537081, -0.061283302;
 0, 0, 0, 1]
Twc:
[0.99828959, -0.031039158, 0.049543243, -0.027742555;
 -0.036208946, 0.33707127, 0.94078261, 0.07236471;
 -0.045900702, -0.94096732, 0.33537081, -0.016166309;
 0, 0, 0, 1]
Ow:
[0.02957331;
 -0.040465139;
 -0.061283302]
Keyframe: 2 Frame: 80 Frame from vFrameID : 81
Tcw:
[0.99833798, -0.013640907, -0.055993114, 0.029876344;
 -0.048182197, 0.33550245, -0.94080633, -0.040052518;
 0.031619277, 0.94194055, 0.33428758, -0.063652962;
 0, 0, 0, 1]
Twc:
[0.99833798, -0.048182197, 0.031619277, -0.029743847;
 -0.013640907, 0.33550245, 0.94194055, 0.073802568;
 -0.055993114, -0.94080633, 0.33428758, -0.014730399;
 0, 0, 0, 1]
Ow:
[0.029876344;
 -0.040052518;
 -0.063652962]
Keyframe: 3 Frame: 84 Frame from vFrameID : 85
Tcw:
[0.99820238, 0.0075619016, -0.059454255, 0.032109123;
 -0.058655001, 0.32704365, -0.94318718, -0.040005714;
 0.012311848, 0.94497895, 0.32689929, -0.06497369;
 0, 0, 0, 1]
Twc:
[0.99820238, -0.058655001, 0.012311848, -0.033597995;
 0.0075619016, 0.32704365, 0.94497895, 0.074239582;
 -0.059454255, -0.94318718, 0.32689929, -0.014583997;
 0, 0, 0, 1]
Ow:
[0.032109123;
 -0.040005714;
 -0.06497369]
Keyframe: 4 Frame: 88 Frame from vFrameID : 89
Tcw:
[0.99805439, 0.024133008, -0.057489142, 0.034712981;
 -0.062250976, 0.33400679, -0.94051278, -0.038591839;
 -0.003495639, 0.9422617, 0.33485925, -0.066201784;
 0, 0, 0, 1]
Twc:
[0.99805439, -0.062250976, -0.003495639, -0.037279241;
 0.024133008, 0.33400679, 0.9422617, 0.074431606;
 -0.057489142, -0.94051278, 0.33485925, -0.012132221;
 0, 0, 0, 1]
Ow:
[0.034712981;
 -0.038591839;
 -0.066201784]
Keyframe: 5 Frame: 92 Frame from vFrameID : 93
Tcw:
[0.99830008, 0.026626144, -0.05184561, 0.036360372;
 -0.05779437, 0.33728486, -0.93962693, -0.035619643;
 -0.0075319023, 0.94102603, 0.33825034, -0.066785939;
 0, 0, 0, 1]
Twc:
[0.99830008, -0.05779437, -0.0075319023, -0.038860206;
 0.026626144, 0.33728486, 0.94102603, 0.073893137;
 -0.05184561, -0.93962693, 0.33825034, -0.0089936825;
 0, 0, 0, 1]
Ow:
[0.036360372;
 -0.035619643;
 -0.066785939]
Keyframe: 6 Frame: 96 Frame from vFrameID : 97
Tcw:
[0.99857593, 0.023047935, -0.048114069, 0.036136739;
 -0.053058408, 0.33496225, -0.94073647, -0.034941636;
 -0.0055656363, 0.94194961, 0.33570811, -0.067465544;
 0, 0, 0, 1]
Twc:
[0.99857593, -0.053058408, -0.0055656363, -0.038314711;
 0.023047935, 0.33496225, 0.94194961, 0.0744204;
 -0.048114069, -0.94073647, 0.33570811, -0.0084834555;
 0, 0, 0, 1]
Ow:
[0.036136739;
 -0.034941636;
 -0.067465544]
Keyframe: 7 Frame: 100 Frame from vFrameID : 101
Tcw:
[0.9988088, 0.010673278, -0.047613606, 0.034606867;
 -0.048434123, 0.3353515, -0.94084722, -0.035278328;
 0.0059253694, 0.94203264, 0.33546898, -0.066027708;
 0, 0, 0, 1]
Twc:
[0.9988088, -0.048434123, 0.0059253694, -0.03588308;
 0.010673278, 0.3353515, 0.94203264, 0.073661521;
 -0.047613606, -0.94084722, 0.33546898, -0.0093935151;
 0, 0, 0, 1]
Ow:
[0.034606867;
 -0.035278328;
 -0.066027708]
Keyframe: 8 Frame: 104 Frame from vFrameID : 105
Tcw:
[0.99828756, -0.018935541, -0.0553484, 0.031757314;
 -0.046416566, 0.31943193, -0.94647175, -0.036705092;
 0.035602, 0.94742, 0.31800601, -0.065322481;
 0, 0, 0, 1]
Twc:
[0.99828756, -0.046416566, 0.035602, -0.031081045;
 -0.018935541, 0.31943193, 0.94742, 0.074213944;
 -0.0553484, -0.94647175, 0.31800601, -0.012209673;
 0, 0, 0, 1]
Ow:
[0.031757314;
 -0.036705092;
 -0.065322481]
Keyframe: 9 Frame: 108 Frame from vFrameID : 109
Tcw:
[0.99720663, -0.037302405, -0.064711094, 0.029296979;
 -0.049801003, 0.3136386, -0.94823557, -0.036710851;
 0.055667363, 0.94880944, 0.31090477, -0.065513432;
 0, 0, 0, 1]
Twc:
[0.99720663, -0.049801003, 0.055667363, -0.027396418;
 -0.037302405, 0.3136386, 0.94880944, 0.074766554;
 -0.064711094, -0.94823557, 0.31090477, -0.012546253;
 0, 0, 0, 1]
Ow:
[0.029296979;
 -0.036710851;
 -0.065513432]
Keyframe: 10 Frame: 112 Frame from vFrameID : 113
Tcw:
[0.99588537, -0.052343927, -0.073976137, 0.02808501;
 -0.05379476, 0.31546149, -0.94741237, -0.039558858;
 0.072927907, 0.94749361, 0.31134763, -0.064322114;
 0, 0, 0, 1]
Twc:
[0.99588537, -0.05379476, 0.072927907, -0.025406633;
 -0.052343927, 0.31546149, 0.94749361, 0.074894175;
 -0.073976137, -0.94741237, 0.31134763, -0.015374388;
 0, 0, 0, 1]
Ow:
[0.02808501;
 -0.039558858;
 -0.064322114]
Keyframe: 11 Frame: 116 Frame from vFrameID : 117
Tcw:
[0.99502307, -0.051003672, -0.085602373, 0.030691128;
 -0.065424182, 0.31357086, -0.9473083, -0.041240383;
 0.075158611, 0.94819403, 0.30867335, -0.06336239;
 0, 0, 0, 1]
Twc:
[0.99502307, -0.065424182, 0.075158611, -0.028474268;
 -0.051003672, 0.31357086, 0.94819403, 0.074576989;
 -0.085602373, -0.9473083, 0.30867335, -0.016881838;
 0, 0, 0, 1]
Ow:
[0.030691128;
 -0.041240383;
 -0.06336239]
Keyframe: 12 Frame: 120 Frame from vFrameID : 121
Tcw:
[0.99556738, -0.040874891, -0.084704675, 0.029120732;
 -0.067723192, 0.31339064, -0.94720638, -0.042376917;
 0.065262608, 0.94874418, 0.30923331, -0.063013688;
 0, 0, 0, 1]
Twc:
[0.99556738, -0.067723192, 0.065262608, -0.02774911;
 -0.040874891, 0.31339064, 0.94874418, 0.074254714;
 -0.084704675, -0.94720638, 0.30923331, -0.018187089;
 0, 0, 0, 1]
Ow:
[0.029120732;
 -0.042376917;
 -0.063013688]
Keyframe: 13 Frame: 124 Frame from vFrameID : 125
Tcw:
[0.99642521, -0.014772584, -0.083177887, 0.033239257;
 -0.073959112, 0.32328793, -0.94340605, -0.04549206;
 0.04082695, 0.94618535, 0.32103968, -0.061954666;
 0, 0, 0, 1]
Twc:
[0.99642521, -0.073959112, 0.04082695, -0.033955567;
 -0.014772584, 0.32328793, 0.94618535, 0.073818654;
 -0.083177887, -0.94340605, 0.32103968, -0.020262808;
 0, 0, 0, 1]
Ow:
[0.033239257;
 -0.04549206;
 -0.061954666]
Keyframe: 14 Frame: 128 Frame from vFrameID : 129
Tcw:
[0.99747115, -0.0028284243, -0.071015805, 0.033430759;
 -0.066553742, 0.31341591, -0.94728088, -0.048019923;
 0.024936795, 0.94961172, 0.31243509, -0.061177481;
 0, 0, 0, 1]
Twc:
[0.99747115, -0.066553742, 0.024936795, -0.035016555;
 -0.0028284243, 0.31341591, 0.94961172, 0.073239625;
 -0.071015805, -0.94728088, 0.31243509, -0.02400025;
 0, 0, 0, 1]
Ow:
[0.033430759;
 -0.048019923;
 -0.061177481]
Keyframe: 15 Frame: 133 Frame from vFrameID : 134
Tcw:
[0.99759781, 0.017349113, -0.067064136, 0.037740882;
 -0.069085471, 0.32014632, -0.9448458, -0.051581979;
 0.005078102, 0.94720924, 0.32057586, -0.059186276;
 0, 0, 0, 1]
Twc:
[0.99759781, -0.069085471, 0.005078102, -0.040913235;
 0.017349113, 0.32014632, 0.94720924, 0.071920797;
 -0.067064136, -0.9448458, 0.32057586, -0.027232263;
 0, 0, 0, 1]
Ow:
[0.037740882;
 -0.051581979;
 -0.059186276]
Keyframe: 16 Frame: 141 Frame from vFrameID : 142
Tcw:
[0.993101, -0.0094586294, -0.11687993, 0.05873058;
 -0.10778088, 0.31900543, -0.94160438, -0.054937214;
 0.046191618, 0.94770569, 0.31578514, -0.043651991;
 0, 0, 0, 1]
Twc:
[0.993101, -0.10778088, 0.046191618, -0.062230226;
 -0.0094586294, 0.31900543, 0.94770569, 0.059450019;
 -0.11687993, -0.94160438, 0.31578514, -0.031080047;
 0, 0, 0, 1]
Ow:
[0.05873058;
 -0.054937214;
 -0.043651991]
Keyframe: 17 Frame: 150 Frame from vFrameID : 151
Tcw:
[0.99233282, -0.038796738, -0.11734723, 0.058974389;
 -0.099215746, 0.31611553, -0.94351852, -0.067847393;
 0.073700726, 0.94792712, 0.30984256, -0.031495798;
 0, 0, 0, 1]
Twc:
[0.99233282, -0.099215746, 0.073700726, -0.062932491;
 -0.038796738, 0.31611553, 0.94792712, 0.053591348;
 -0.11734723, -0.94351852, 0.30984256, -0.047336053;
 0, 0, 0, 1]
Ow:
[0.058974389;
 -0.067847393;
 -0.031495798]
Keyframe: 18 Frame: 160 Frame from vFrameID : 161
Tcw:
[0.99542159, 0.068003327, -0.067167401, 0.082458429;
 -0.083610758, 0.27899408, -0.95664597, -0.093240947;
 -0.046315804, 0.95788199, 0.28340253, 0.0025703069;
 0, 0, 0, 1]
Twc:
[0.99542159, -0.083610758, -0.046315804, -0.0897578;
 0.068003327, 0.27899408, 0.95788199, 0.017944176;
 -0.067167401, -0.95664597, 0.28340253, -0.084388494;
 0, 0, 0, 1]
Ow:
[0.082458429;
 -0.093240947;
 0.0025703069]
Keyframe: 19 Frame: 170 Frame from vFrameID : 171
Tcw:
[0.99295336, 0.11818472, 0.0087165227, 0.11223883;
 -0.025906032, 0.28825194, -0.9572041, -0.12591898;
 -0.11563945, 0.95023322, 0.28928244, 0.078494057;
 0, 0, 0, 1]
Twc:
[0.99295336, -0.025906032, -0.11563945, -0.10563298;
 0.11818472, 0.28825194, 0.95023322, -0.051556177;
 0.0087165227, -0.9572041, 0.28928244, -0.14421546;
 0, 0, 0, 1]
Ow:
[0.11223883;
 -0.12591898;
 0.078494057]
Keyframe: 20 Frame: 181 Frame from vFrameID : 182
Tcw:
[0.99395925, 0.10789986, 0.020066973, 0.11690278;
 -0.0093597751, 0.26551497, -0.96406132, -0.15867151;
 -0.10935016, 0.95804977, 0.26492098, 0.11852469;
 0, 0, 0, 1]
Twc:
[0.99395925, -0.0093597751, -0.10935016, -0.10472102;
 0.10789986, 0.26551497, 0.95804977, -0.084036693;
 0.020066973, -0.96406132, 0.26492098, -0.18671462;
 0, 0, 0, 1]
Ow:
[0.11690278;
 -0.15867151;
 0.11852469]
Keyframe: 21 Frame: 192 Frame from vFrameID : 193
Tcw:
[0.99620175, 0.086316437, 0.011466466, 0.13510637;
 -0.014754131, 0.29710984, -0.95472932, -0.18079345;
 -0.085815631, 0.95093387, 0.29725489, 0.13481745;
 0, 0, 0, 1]
Twc:
[0.99620175, -0.014754131, -0.085815631, -0.12569121;
 0.086316437, 0.29710984, 0.95093387, -0.086148866;
 0.011466466, -0.95472932, 0.29725489, -0.21423315;
 0, 0, 0, 1]
Ow:
[0.13510637;
 -0.18079345;
 0.13481745]
Keyframe: 22 Frame: 204 Frame from vFrameID : 205
Tcw:
[0.99448884, 0.10180077, 0.025071518, 0.1358355;
 -0.0068797078, 0.30198374, -0.95328826, -0.20502423;
 -0.10461666, 0.94786203, 0.30101982, 0.18842469;
 0, 0, 0, 1]
Twc:
[0.99448884, -0.0068797078, -0.10461666, -0.11678502;
 0.10180077, 0.30198374, 0.94786203, -0.13051479;
 0.025071518, -0.95328826, 0.30101982, -0.25557235;
 0, 0, 0, 1]
Ow:
[0.1358355;
 -0.20502423;
 0.18842469]
Keyframe: 23 Frame: 214 Frame from vFrameID : 215
Tcw:
[0.99067515, 0.099293016, 0.093293153, 0.14470632;
 0.055906307, 0.32818517, -0.94295758, -0.24801332;
 -0.12424653, 0.93938035, 0.31957379, 0.23550928;
 0, 0, 0, 1]
Twc:
[0.99067515, 0.055906307, -0.12424653, -0.10023024;
 0.099293016, 0.32818517, 0.93938035, -0.15420681;
 0.093293153, -0.94295758, 0.31957379, -0.32262874;
 0, 0, 0, 1]
Ow:
[0.14470632;
 -0.24801332;
 0.23550928]
Keyframe: 24 Frame: 227 Frame from vFrameID : 228
Tcw:
[0.99831814, 0.056845292, -0.01138182, 0.20999044;
 -0.02728598, 0.28750384, -0.95739073, -0.21046522;
 -0.05115084, 0.95609111, 0.28857136, 0.31034848;
 0, 0, 0, 1]
Twc:
[0.99831814, -0.02728598, -0.05115084, -0.19950542;
 0.056845292, 0.28750384, 0.95609111, -0.24814881;
 -0.01138182, -0.95739073, 0.28857136, -0.28866506;
 0, 0, 0, 1]
Ow:
[0.20999044;
 -0.21046522;
 0.31034848]
Keyframe: 25 Frame: 240 Frame from vFrameID : 241
Tcw:
[0.99940616, -0.0077732182, -0.0335689, 0.26940373;
 -0.029840266, 0.29188642, -0.95598739, -0.19899413;
 0.017229404, 0.95642138, 0.29148114, 0.43705058;
 0, 0, 0, 1]
Twc:
[0.99940616, -0.029840266, 0.017229404, -0.28271189;
 -0.0077732182, 0.29188642, 0.95642138, -0.35782671;
 -0.0335689, -0.95598739, 0.29148114, -0.3085843;
 0, 0, 0, 1]
Ow:
[0.26940373;
 -0.19899413;
 0.43705058]
Keyframe: 26 Frame: 252 Frame from vFrameID : 253
Tcw:
[0.99989355, 0.00033271569, -0.014586536, 0.33230627;
 -0.013913154, 0.32278153, -0.94637126, -0.25687233;
 0.0043933918, 0.94647342, 0.32275179, 0.484761;
 0, 0, 0, 1]
Twc:
[0.99989355, -0.013913154, 0.0043933918, -0.33797452;
 0.00033271569, 0.32278153, 0.94647342, -0.37601036;
 -0.014586536, -0.94637126, 0.32275179, -0.39470688;
 0, 0, 0, 1]
Ow:
[0.33230627;
 -0.25687233;
 0.484761]
Keyframe: 27 Frame: 266 Frame from vFrameID : 267
Tcw:
[0.99495083, -0.042943772, -0.090712257, 0.3890872;
 -0.072314039, 0.32001019, -0.94465029, -0.27827236;
 0.069595695, 0.94644034, 0.31528896, 0.60799968;
 0, 0, 0, 1]
Twc:
[0.99495083, -0.072314039, 0.069595695, -0.44955975;
 -0.042943772, 0.32001019, 0.94644034, -0.46967655;
 -0.090712257, -0.94465029, 0.31528896, -0.41927066;
 0, 0, 0, 1]
Ow:
[0.3890872;
 -0.27827236;
 0.60799968]
Keyframe: 28 Frame: 279 Frame from vFrameID : 280
Tcw:
[0.99977803, -0.0025431598, -0.020914705, 0.3945514;
 -0.0190029, 0.31984177, -0.94728041, -0.33493239;
 0.0090984814, 0.94746757, 0.31972244, 0.67766535;
 0, 0, 0, 1]
Twc:
[0.99977803, -0.0190029, 0.0090984814, -0.40699422;
 -0.0025431598, 0.31984177, 0.94746757, -0.5339371;
 -0.020914705, -0.94728041, 0.31972244, -0.52568775;
 0, 0, 0, 1]
Ow:
[0.3945514;
 -0.33493239;
 0.67766535]
Keyframe: 29 Frame: 291 Frame from vFrameID : 292
Tcw:
[0.9970637, -0.023831444, -0.072773948, 0.45092064;
 -0.062400728, 0.29799283, -0.95252633, -0.37393135;
 0.044386193, 0.9542706, 0.29563072, 0.74823338;
 0, 0, 0, 1]
Twc:
[0.9970637, -0.062400728, 0.044386193, -0.50614142;
 -0.023831444, 0.29799283, 0.9542706, -0.59184211;
 -0.072773948, -0.95252633, 0.29563072, -0.54456496;
 0, 0, 0, 1]
Ow:
[0.45092064;
 -0.37393135;
 0.74823338]
Keyframe: 30 Frame: 303 Frame from vFrameID : 304
Tcw:
[0.99601114, -0.033004519, -0.082900815, 0.48501256;
 -0.069164522, 0.30142218, -0.95097893, -0.39853722;
 0.056374744, 0.95291942, 0.2979371, 0.82686198;
 0, 0, 0, 1]
Twc:
[0.99601114, -0.069164522, 0.056374744, -0.5572567;
 -0.033004519, 0.30142218, 0.95291942, -0.65179724;
 -0.082900815, -0.95097893, 0.2979371, -0.58514541;
 0, 0, 0, 1]
Ow:
[0.48501256;
 -0.39853722;
 0.82686198]
Keyframe: 31 Frame: 314 Frame from vFrameID : 315
Tcw:
[0.99991345, -0.0059016324, 0.011758083, 0.50325066;
 0.013024435, 0.31795463, -0.94801646, -0.44885454;
 0.0018563073, 0.94808757, 0.31800398, 0.89336091;
 0, 0, 0, 1]
Twc:
[0.99991345, 0.013024435, 0.0018563073, -0.49901938;
 -0.0059016324, 0.31795463, 0.94808757, -0.70129901;
 0.011758083, -0.94801646, 0.31800398, -0.71553111;
 0, 0, 0, 1]
Ow:
[0.50325066;
 -0.44885454;
 0.89336091]
Keyframe: 32 Frame: 327 Frame from vFrameID : 328
Tcw:
[0.9973892, -0.03260028, -0.064436063, 0.56101984;
 -0.052193832, 0.29121846, -0.95523173, -0.43896043;
 0.049905792, 0.95610094, 0.28875661, 0.96833748;
 0, 0, 0, 1]
Twc:
[0.9973892, -0.052193832, 0.049905792, -0.63079184;
 -0.03260028, 0.29121846, 0.95610094, -0.77970558;
 -0.064436063, -0.95523173, 0.28875661, -0.66277283;
 0, 0, 0, 1]
Ow:
[0.56101984;
 -0.43896043;
 0.96833748]
Keyframe: 33 Frame: 339 Frame from vFrameID : 340
Tcw:
[0.99790722, -0.026992679, -0.058758892, 0.58761203;
 -0.049025342, 0.27669051, -0.95970768, -0.49666631;
 0.042163108, 0.96057993, 0.27478811, 1.0527277;
 0, 0, 0, 1]
Twc:
[0.99790722, -0.049025342, 0.042163108, -0.65511781;
 -0.026992679, 0.27669051, 0.96057993, -0.85794497;
 -0.058758892, -0.95970768, 0.27478811, -0.73140413;
 0, 0, 0, 1]
Ow:
[0.58761203;
 -0.49666631;
 1.0527277]
Keyframe: 34 Frame: 348 Frame from vFrameID : 349
Tcw:
[0.99998754, -0.0033587236, -0.0036860036, 0.61765164;
 -0.0023870911, 0.32656574, -0.94517148, -0.53431833;
 0.0043782922, 0.9451685, 0.32655364, 1.0716748;
 0, 0, 0, 1]
Twc:
[0.99998754, -0.0023870911, 0.0043782922, -0.62361151;
 -0.0033587236, 0.32656574, 0.9451685, -0.83634877;
 -0.0036860036, -0.94517148, 0.32655364, -0.85270512;
 0, 0, 0, 1]
Ow:
[0.61765164;
 -0.53431833;
 1.0716748]
Keyframe: 35 Frame: 359 Frame from vFrameID : 360
Tcw:
[0.99438238, -0.044681657, -0.095954359, 0.68071079;
 -0.077434324, 0.31096673, -0.9472611, -0.5359422;
 0.072163813, 0.94936991, 0.30575997, 1.1547475;
 0, 0, 0, 1]
Twc:
[0.99438238, -0.077434324, 0.072163813, -0.80171806;
 -0.044681657, 0.31096673, 0.94936991, -0.899207;
 -0.095954359, -0.9472611, 0.30575997, -0.79543555;
 0, 0, 0, 1]
Ow:
[0.68071079;
 -0.5359422;
 1.1547475]
Keyframe: 36 Frame: 368 Frame from vFrameID : 369
Tcw:
[0.9958958, -0.046033259, -0.077925898, 0.68477511;
 -0.059687514, 0.31318271, -0.94781536, -0.59842253;
 0.068036072, 0.94857657, 0.30914974, 1.1887902;
 0, 0, 0, 1]
Twc:
[0.9958958, -0.059687514, 0.068036072, -0.79856366;
 -0.046033259, 0.31318271, 0.94857657, -0.90872049;
 -0.077925898, -0.94781536, 0.30914974, -0.88134652;
 0, 0, 0, 1]
Ow:
[0.68477511;
 -0.59842253;
 1.1887902]
Keyframe: 37 Frame: 380 Frame from vFrameID : 381
Tcw:
[0.99967593, -0.0084790858, -0.02400413, 0.71276039;
 -0.019747602, 0.33678758, -0.94137353, -0.59209484;
 0.016066279, 0.94154245, 0.33651102, 1.2394044;
 0, 0, 0, 1]
Twc:
[0.99967593, -0.019747602, 0.016066279, -0.74413443;
 -0.0084790858, 0.33678758, 0.94154245, -0.9614982;
 -0.02400413, -0.94137353, 0.33651102, -0.95734644;
 0, 0, 0, 1]
Ow:
[0.71276039;
 -0.59209484;
 1.2394044]
Keyframe: 38 Frame: 391 Frame from vFrameID : 392
Tcw:
[0.99439937, -0.048647575, -0.093826234, 0.78466195;
 -0.072677694, 0.32979065, -0.94125241, -0.58561504;
 0.076732665, 0.94279981, 0.32440802, 1.324396;
 0, 0, 0, 1]
Twc:
[0.99439937, -0.072677694, 0.076732665, -0.9244529;
 -0.048647575, 0.32979065, 0.94279981, -1.017338;
 -0.093826234, -0.94125241, 0.32440802, -0.90723437;
 0, 0, 0, 1]
Ow:
[0.78466195;
 -0.58561504;
 1.324396]
Keyframe: 39 Frame: 403 Frame from vFrameID : 404
Tcw:
[0.99970222, 0.0010928359, -0.024378449, 0.79072332;
 -0.023364069, 0.33124375, -0.9432559, -0.61508775;
 0.0070443852, 0.94354457, 0.33117065, 1.3783783;
 0, 0, 0, 1]
Twc:
[0.99970222, -0.023364069, 0.0070443852, -0.81456864;
 0.0010928359, 0.33124375, 0.94354457, -1.0976815;
 -0.024378449, -0.9432559, 0.33117065, -1.0173869;
 0, 0, 0, 1]
Ow:
[0.79072332;
 -0.61508775;
 1.3783783]
Keyframe: 40 Frame: 413 Frame from vFrameID : 414
Tcw:
[0.99973553, -0.0074467468, -0.021756593, 0.84159285;
 -0.018084764, 0.32977623, -0.94388592, -0.62465429;
 0.014203687, 0.94402975, 0.32955435, 1.4712501;
 0, 0, 0, 1]
Twc:
[0.99973553, -0.018084764, 0.014203687, -0.87356418;
 -0.0074467468, 0.32977623, 0.94402975, -1.1766406;
 -0.021756593, -0.94388592, 0.32955435, -1.056149;
 0, 0, 0, 1]
Ow:
[0.84159285;
 -0.62465429;
 1.4712501]
Keyframe: 41 Frame: 424 Frame from vFrameID : 425
Tcw:
[0.99131209, -0.074478507, -0.10841272, 0.90913445;
 -0.078273036, 0.32836491, -0.94130218, -0.59390026;
 0.10570572, 0.94161004, 0.31968242, 1.5777024;
 0, 0, 0, 1]
Twc:
[0.99131209, -0.078273036, 0.10570572, -1.1144944;
 -0.074478507, 0.32836491, 0.94161004, -1.2228533;
 -0.10841272, -0.94130218, 0.31968242, -0.96484166;
 0, 0, 0, 1]
Ow:
[0.90913445;
 -0.59390026;
 1.5777024]
Keyframe: 42 Frame: 435 Frame from vFrameID : 436
Tcw:
[0.99541903, -0.059748281, -0.074640214, 0.91018444;
 -0.052470345, 0.31122458, -0.94888675, -0.62321162;
 0.079924226, 0.94845635, 0.30666387, 1.6687742;
 0, 0, 0, 1]
Twc:
[0.99541903, -0.052470345, 0.079924226, -1.0720904;
 -0.059748281, 0.31122458, 0.94845635, -1.3344187;
 -0.074640214, -0.94888675, 0.30666387, -1.0351737;
 0, 0, 0, 1]
Ow:
[0.91018444;
 -0.62321162;
 1.6687742]
Keyframe: 43 Frame: 442 Frame from vFrameID : 443
Tcw:
[0.9978416, -0.051823661, -0.040329177, 0.91567457;
 -0.020615159, 0.3358793, -0.94167942, -0.63392168;
 0.06234701, 0.94047827, 0.33408597, 1.7008851;
 0, 0, 0, 1]
Twc:
[0.9978416, -0.020615159, 0.06234701, -1.0328116;
 -0.051823661, 0.3358793, 0.94047827, -1.3392707;
 -0.040329177, -0.94167942, 0.33408597, -1.1282644;
 0, 0, 0, 1]
Ow:
[0.91567457;
 -0.63392168;
 1.7008851]
Keyframe: 44 Frame: 450 Frame from vFrameID : 451
Tcw:
[0.99258596, -0.078195646, -0.093051262, 0.97219986;
 -0.065128513, 0.30421132, -0.95037556, -0.62520206;
 0.10262249, 0.94938976, 0.29686314, 1.7754917;
 0, 0, 0, 1]
Twc:
[0.99258596, -0.065128513, 0.10262249, -1.1879158;
 -0.078195646, 0.30421132, 0.94938976, -1.4194182;
 -0.093051262, -0.95037556, 0.29686314, -1.0307903;
 0, 0, 0, 1]
Ow:
[0.97219986;
 -0.62520206;
 1.7754917]
Keyframe: 45 Frame: 458 Frame from vFrameID : 459
Tcw:
[0.98204279, -0.11131205, -0.15232062, 0.99772841;
 -0.11213462, 0.30489191, -0.94576252, -0.64044553;
 0.15171608, 0.94585967, 0.28693497, 1.8135071;
 0, 0, 0, 1]
Twc:
[0.98204279, -0.11213462, 0.15171608, -1.3267664;
 -0.11131205, 0.30489191, 0.94585967, -1.4089974;
 -0.15232062, -0.94576252, 0.28693497, -0.97409338;
 0, 0, 0, 1]
Ow:
[0.99772841;
 -0.64044553;
 1.8135071]
Keyframe: 46 Frame: 467 Frame from vFrameID : 468
Tcw:
[0.98526639, -0.11760092, -0.12417815, 1.0243868;
 -0.084861673, 0.29422694, -0.95196062, -0.66326278;
 0.148488, 0.94847274, 0.27991208, 1.883852;
 0, 0, 0, 1]
Twc:
[0.98526639, -0.084861673, 0.148488, -1.3453089;
 -0.11760092, 0.29422694, 0.94847274, -1.4711636;
 -0.12417815, -0.95196062, 0.27991208, -1.0315065;
 0, 0, 0, 1]
Ow:
[1.0243868;
 -0.66326278;
 1.883852]
Keyframe: 47 Frame: 475 Frame from vFrameID : 476
Tcw:
[0.99469113, -0.083391637, -0.06029366, 1.0210581;
 -0.030598272, 0.3197332, -0.94701344, -0.67974836;
 0.098250888, 0.94383079, 0.31548417, 1.9454541;
 0, 0, 0, 1]
Twc:
[0.99469113, -0.030598272, 0.098250888, -1.2275792;
 -0.083391637, 0.3197332, 0.94383079, -1.5336936;
 -0.06029366, -0.94701344, 0.31548417, -1.1959274;
 0, 0, 0, 1]
Ow:
[1.0210581;
 -0.67974836;
 1.9454541]
Keyframe: 48 Frame: 482 Frame from vFrameID : 483
Tcw:
[0.99441189, -0.085327037, -0.062163927, 1.0469075;
 -0.032874517, 0.30928001, -0.95040262, -0.69273382;
 0.1003211, 0.94713527, 0.30474663, 1.9947064;
 0, 0, 0, 1]
Twc:
[0.99441189, -0.032874517, 0.1003211, -1.2639416;
 -0.085327037, 0.30928001, 0.94713527, -1.5856783;
 -0.062163927, -0.95040262, 0.30474663, -1.2011762;
 0, 0, 0, 1]
Ow:
[1.0469075;
 -0.69273382;
 1.9947064]
Keyframe: 49 Frame: 489 Frame from vFrameID : 490
Tcw:
[0.98739481, -0.11212832, -0.11170835, 1.0751249;
 -0.074266128, 0.29504281, -0.95259345, -0.70462072;
 0.13977146, 0.94888198, 0.28299642, 2.0393422;
 0, 0, 0, 1]
Twc:
[0.98739481, -0.074266128, 0.13977146, -1.3989438;
 -0.11212832, 0.29504281, 0.94888198, -1.6066496;
 -0.11170835, -0.95259345, 0.28299642, -1.1282431;
 0, 0, 0, 1]
Ow:
[1.0751249;
 -0.70462072;
 2.0393422]
Keyframe: 50 Frame: 496 Frame from vFrameID : 497
Tcw:
[0.98183447, -0.12248973, -0.14490463, 1.0823084;
 -0.10063232, 0.31127048, -0.94497824, -0.72166979;
 0.16085467, 0.94239426, 0.29328966, 2.090663;
 0, 0, 0, 1]
Twc:
[0.98183447, -0.10063232, 0.16085467, -1.4715638;
 -0.12248973, 0.31127048, 0.94239426, -1.6130226;
 -0.14490463, -0.94497824, 0.29328966, -1.1383004;
 0, 0, 0, 1]
Ow:
[1.0823084;
 -0.72166979;
 2.090663]
Keyframe: 51 Frame: 504 Frame from vFrameID : 505
Tcw:
[0.98649019, -0.12499596, -0.10589225, 1.1029941;
 -0.06675972, 0.28354603, -0.95663202, -0.72994661;
 0.14960046, 0.95077741, 0.27137068, 2.1680017;
 0, 0, 0, 1]
Twc:
[0.98649019, -0.06675972, 0.14960046, -1.4611579;
 -0.12499596, 0.28354603, 0.95077741, -1.7164437;
 -0.10589225, -0.95663202, 0.27137068, -1.1698238;
 0, 0, 0, 1]
Ow:
[1.1029941;
 -0.72994661;
 2.1680017]
Keyframe: 52 Frame: 512 Frame from vFrameID : 513
Tcw:
[0.99383533, -0.090792313, -0.063624702, 1.1006324;
 -0.033381075, 0.30219978, -0.95265996, -0.74191272;
 0.10572158, 0.94891101, 0.29730606, 2.2187507;
 0, 0, 0, 1]
Twc:
[0.99383533, -0.033381075, 0.10572158, -1.353183;
 -0.090792313, 0.30219978, 0.94891101, -1.7812619;
 -0.063624702, -0.95265996, 0.29730606, -1.2964112;
 0, 0, 0, 1]
Ow:
[1.1006324;
 -0.74191272;
 2.2187507]
Keyframe: 53 Frame: 520 Frame from vFrameID : 521
Tcw:
[0.98679531, -0.11834935, -0.11058238, 1.132232;
 -0.073991947, 0.27794495, -0.95774305, -0.72237676;
 0.14408408, 0.9532786, 0.26551786, 2.2798228;
 0, 0, 0, 1]
Twc:
[0.98679531, -0.073991947, 0.14408408, -1.4992175;
 -0.11834935, 0.27794495, 0.9532786, -1.8385264;
 -0.11058238, -0.95774305, 0.26551786, -1.1719801;
 0, 0, 0, 1]
Ow:
[1.132232;
 -0.72237676;
 2.2798228]
Keyframe: 54 Frame: 528 Frame from vFrameID : 529
Tcw:
[0.98123348, -0.11625937, -0.15383315, 1.1518458;
 -0.11459171, 0.29004177, -0.95012867, -0.75131631;
 0.15507941, 0.94992608, 0.27127635, 2.3271334;
 0, 0, 0, 1]
Twc:
[0.98123348, -0.11459171, 0.15507941, -1.5772147;
 -0.11625937, 0.29004177, 0.94992608, -1.8587787;
 -0.15383315, -0.95012867, 0.27127635, -1.1679513;
 0, 0, 0, 1]
Ow:
[1.1518458;
 -0.75131631;
 2.3271334]
Keyframe: 55 Frame: 536 Frame from vFrameID : 537
Tcw:
[0.98105699, -0.10988023, -0.15954177, 1.1553373;
 -0.1220265, 0.2891123, -0.94948596, -0.76963937;
 0.15045522, 0.95096815, 0.27022734, 2.3779292;
 0, 0, 0, 1]
Twc:
[0.98105699, -0.1220265, 0.15045522, -1.58514;
 -0.10988023, 0.2891123, 0.95096815, -1.9118741;
 -0.15954177, -0.94948596, 0.27022734, -1.1890187;
 0, 0, 0, 1]
Ow:
[1.1553373;
 -0.76963937;
 2.3779292]
Keyframe: 56 Frame: 544 Frame from vFrameID : 545
Tcw:
[0.99029726, -0.085195184, -0.10978679, 1.1584835;
 -0.082387879, 0.27627108, -0.95754194, -0.78611743;
 0.11190888, 0.95729625, 0.26657146, 2.4353158;
 0, 0, 0, 1]
Twc:
[0.99029726, -0.082387879, 0.11190888, -1.4845431;
 -0.085195184, 0.27627108, 0.95729625, -2.01544;
 -0.10978679, -0.95754194, 0.26657146, -1.2747397;
 0, 0, 0, 1]
Ow:
[1.1584835;
 -0.78611743;
 2.4353158]
Keyframe: 57 Frame: 553 Frame from vFrameID : 554
Tcw:
[0.99306166, -0.069190159, -0.095085286, 1.1758944;
 -0.072362386, 0.27781823, -0.95790434, -0.80698323;
 0.092693985, 0.9581387, 0.27088389, 2.4801497;
 0, 0, 0, 1]
Twc:
[0.99306166, -0.072362386, 0.092693985, -1.4560258;
 -0.069190159, 0.27781823, 0.9581387, -2.0707722;
 -0.095085286, -0.95790434, 0.27088389, -1.333035;
 0, 0, 0, 1]
Ow:
[1.1758944;
 -0.80698323;
 2.4801497]
Keyframe: 58 Frame: 562 Frame from vFrameID : 563
Tcw:
[0.97786444, -0.11120956, -0.17723873, 1.1894929;
 -0.14048275, 0.2788108, -0.95001531, -0.82992339;
 0.15506686, 0.9538852, 0.25701615, 2.5015066;
 0, 0, 0, 1]
Twc:
[0.97786444, -0.14048275, 0.15506686, -1.6676536;
 -0.11120956, 0.2788108, 0.9538852, -2.0224755;
 -0.17723873, -0.95001531, 0.25701615, -1.2205433;
 0, 0, 0, 1]
Ow:
[1.1894929;
 -0.82992339;
 2.5015066]
Keyframe: 59 Frame: 570 Frame from vFrameID : 571
Tcw:
[0.97555691, -0.14123206, -0.16835153, 1.2073665;
 -0.1188513, 0.30527896, -0.94481701, -0.84947121;
 0.18483262, 0.94173151, 0.28103137, 2.5288239;
 0, 0, 0, 1]
Twc:
[0.97555691, -0.1188513, 0.18483262, -1.7462246;
 -0.14123206, 0.30527896, 0.94173151, -1.9516288;
 -0.16835153, -0.94481701, 0.28103137, -1.3100117;
 0, 0, 0, 1]
Ow:
[1.2073665;
 -0.84947121;
 2.5288239]
Keyframe: 60 Frame: 579 Frame from vFrameID : 580
Tcw:
[0.98497498, -0.11181729, -0.1316101, 1.1995506;
 -0.094625063, 0.28806821, -0.9529233, -0.85379583;
 0.14446598, 0.95105922, 0.27315924, 2.5737717;
 0, 0, 0, 1]
Twc:
[0.98497498, -0.094625063, 0.14446598, -1.6341401;
 -0.11181729, 0.28806821, 0.95105922, -2.0677273;
 -0.1316101, -0.9529233, 0.27315924, -1.3587786;
 0, 0, 0, 1]
Ow:
[1.1995506;
 -0.85379583;
 2.5737717]
Keyframe: 61 Frame: 588 Frame from vFrameID : 589
Tcw:
[0.99544704, -0.065829106, -0.068932727, 1.1583301;
 -0.049130715, 0.26535603, -0.9628979, -0.82604659;
 0.08167842, 0.96190059, 0.26091364, 2.619235;
 0, 0, 0, 1]
Twc:
[0.99544704, -0.049130715, 0.08167842, -1.4075756;
 -0.065829106, 0.26535603, 0.96190059, -2.2239954;
 -0.068932727, -0.9628979, 0.26091364, -1.3989458;
 0, 0, 0, 1]
Ow:
[1.1583301;
 -0.82604659;
 2.619235]
Keyframe: 62 Frame: 596 Frame from vFrameID : 597
Tcw:
[0.99191123, -0.076107852, -0.10158592, 1.1944187;
 -0.077183522, 0.27371761, -0.95870817, -0.83518863;
 0.10077108, 0.95879418, 0.26562929, 2.6552489;
 0, 0, 0, 1]
Twc:
[0.99191123, -0.077183522, 0.10077108, -1.5167925;
 -0.076107852, 0.27371761, 0.95879418, -2.2263269;
 -0.10158592, -0.95870817, 0.26562929, -1.384678;
 0, 0, 0, 1]
Ow:
[1.1944187;
 -0.83518863;
 2.6552489]
Keyframe: 63 Frame: 605 Frame from vFrameID : 606
Tcw:
[0.98753554, -0.082687005, -0.13392696, 1.2116369;
 -0.1041606, 0.29459164, -0.94992965, -0.82440615;
 0.1180006, 0.95203918, 0.28230697, 2.7029569;
 0, 0, 0, 1]
Twc:
[0.98753554, -0.1041606, 0.1180006, -1.6013556;
 -0.082687005, 0.29459164, 0.95203918, -2.2302711;
 -0.13392696, -0.94992965, 0.28230697, -1.3839206;
 0, 0, 0, 1]
Ow:
[1.2116369;
 -0.82440615;
 2.7029569]
Keyframe: 64 Frame: 613 Frame from vFrameID : 614
Tcw:
[0.99238443, -0.085168682, -0.088991076, 1.17577;
 -0.061459959, 0.28374475, -0.95692819, -0.82377064;
 0.10675106, 0.95511007, 0.27634943, 2.7425923;
 0, 0, 0, 1]
Twc:
[0.99238443, -0.061459959, 0.10675106, -1.5102195;
 -0.085168682, 0.28374475, 0.95511007, -2.285598;
 -0.088991076, -0.95692819, 0.27634943, -1.44157;
 0, 0, 0, 1]
Ow:
[1.17577;
 -0.82377064;
 2.7425923]
Keyframe: 65 Frame: 621 Frame from vFrameID : 622
Tcw:
[0.99904221, -0.011199606, -0.042299528, 1.19094;
 -0.037387803, 0.28375924, -0.95816642, -0.81804085;
 0.022733968, 0.95883018, 0.28306872, 2.7835224;
 0, 0, 0, 1]
Twc:
[0.99904221, -0.037387803, 0.022733968, -1.2836646;
 -0.011199606, 0.28375924, 0.95883018, -2.4234605;
 -0.042299528, -0.95816642, 0.28306872, -1.5213711;
 0, 0, 0, 1]
Ow:
[1.19094;
 -0.81804085;
 2.7835224]
Keyframe: 66 Frame: 629 Frame from vFrameID : 630
Tcw:
[0.99938399, -0.013122431, -0.032549974, 1.1689101;
 -0.027439818, 0.28607127, -0.95781535, -0.79040039;
 0.021880478, 0.9581185, 0.28553495, 2.820313;
 0, 0, 0, 1]
Twc:
[0.99938399, -0.027439818, 0.021880478, -1.2515883;
 -0.013122431, 0.28607127, 0.9581185, -2.4607444;
 -0.032549974, -0.95781535, 0.28553495, -1.5243076;
 0, 0, 0, 1]
Ow:
[1.1689101;
 -0.79040039;
 2.820313]
Keyframe: 67 Frame: 638 Frame from vFrameID : 639
Tcw:
[0.99639326, -0.019499289, -0.082584806, 1.127987;
 -0.07594686, 0.22917716, -0.97041738, -0.73471653;
 0.037849002, 0.97318941, 0.22686967, 2.8994741;
 0, 0, 0, 1]
Twc:
[0.99639326, -0.07594686, 0.037849002, -1.2894603;
 -0.019499289, 0.22917716, 0.97318941, -2.6313622;
 -0.082584806, -0.97041738, 0.22686967, -1.2776299;
 0, 0, 0, 1]
Ow:
[1.127987;
 -0.73471653;
 2.8994741]
Keyframe: 68 Frame: 646 Frame from vFrameID : 647
Tcw:
[0.99617857, -0.019309072, -0.085179098, 1.1882175;
 -0.077378042, 0.25721395, -0.96325159, -0.77486825;
 0.040508747, 0.96616155, 0.25473693, 2.9291587;
 0, 0, 0, 1]
Twc:
[0.99617857, -0.077378042, 0.040508747, -1.3622911;
 -0.019309072, 0.25721395, 0.96616155, -2.6077902;
 -0.085179098, -0.96325159, 0.25473693, -1.3913467;
 0, 0, 0, 1]
Ow:
[1.1882175;
 -0.77486825;
 2.9291587]
Keyframe: 69 Frame: 655 Frame from vFrameID : 656
Tcw:
[0.9993369, 0.034837205, -0.010590738, 1.178517;
 -0.017807143, 0.21389244, -0.97669488, -0.77968532;
 -0.031760044, 0.97623581, 0.21437097, 2.9748676;
 0, 0, 0, 1]
Twc:
[0.9993369, -0.017807143, -0.031760044, -1.0971376;
 0.034837205, 0.21389244, 0.97623581, -2.7784598;
 -0.010590738, -0.97669488, 0.21437097, -1.3867586;
 0, 0, 0, 1]
Ow:
[1.178517;
 -0.77968532;
 2.9748676]
Keyframe: 70 Frame: 664 Frame from vFrameID : 665
Tcw:
[0.99938929, 0.031822097, -0.014435266, 1.1884936;
 -0.02141156, 0.2312161, -0.9726668, -0.77833921;
 -0.027614629, 0.97238183, 0.23175627, 3.0227008;
 0, 0, 0, 1]
Twc:
[0.99938929, -0.02141156, -0.027614629, -1.1209625;
 0.031822097, 0.2312161, 0.97238183, -2.7970753;
 -0.014435266, -0.9726668, 0.23175627, -1.4404384;
 0, 0, 0, 1]
Ow:
[1.1884936;
 -0.77833921;
 3.0227008]
Keyframe: 71 Frame: 672 Frame from vFrameID : 673
Tcw:
[0.99804115, -0.0032911808, -0.062474634, 1.1551149;
 -0.060211174, 0.22060291, -0.97350347, -0.73811233;
 0.016986063, 0.97535813, 0.21997261, 3.0794075;
 0, 0, 0, 1]
Twc:
[0.99804115, -0.060211174, 0.016986063, -1.2496017;
 -0.0032911808, 0.22060291, 0.97535813, -2.8368938;
 -0.062474634, -0.97350347, 0.21997261, -1.3237748;
 0, 0, 0, 1]
Ow:
[1.1551149;
 -0.73811233;
 3.0794075]
Keyframe: 72 Frame: 680 Frame from vFrameID : 681
Tcw:
[0.99818265, 0.0082703158, -0.059690878, 1.1751908;
 -0.060088988, 0.21140949, -0.97554874, -0.75998324;
 0.0045511224, 0.97736257, 0.21152224, 3.1021399;
 0, 0, 0, 1]
Twc:
[0.99818265, -0.060088988, 0.0045511224, -1.2328399;
 0.0082703158, 0.21140949, 0.97736257, -2.8809671;
 -0.059690878, -0.97554874, 0.21152224, -1.3274242;
 0, 0, 0, 1]
Ow:
[1.1751908;
 -0.75998324;
 3.1021399]
Keyframe: 73 Frame: 688 Frame from vFrameID : 689
Tcw:
[0.99790907, 0.059938747, 0.024184447, 1.1625344;
 0.011345737, 0.2059193, -0.97850323, -0.7735194;
 -0.063630305, 0.9767316, 0.20480868, 3.1292055;
 0, 0, 0, 1]
Twc:
[0.99790907, 0.011345737, -0.063630305, -0.95221508;
 0.059938747, 0.2059193, 0.9767316, -2.9667921;
 0.024184447, -0.97850323, 0.20480868, -1.4258949;
 0, 0, 0, 1]
Ow:
[1.1625344;
 -0.7735194;
 3.1292055]
Keyframe: 74 Frame: 697 Frame from vFrameID : 698
Tcw:
[0.99731737, 0.065436415, 0.032804243, 1.1756386;
 0.019883735, 0.18911891, -0.98175287, -0.78535253;
 -0.07044629, 0.97977144, 0.18731046, 3.1712954;
 0, 0, 0, 1]
Twc:
[0.99731737, 0.019883735, -0.07044629, -0.93346292;
 0.065436415, 0.18911891, 0.97977144, -3.0355492;
 0.032804243, -0.98175287, 0.18731046, -1.4036047;
 0, 0, 0, 1]
Ow:
[1.1756386;
 -0.78535253;
 3.1712954]
Keyframe: 75 Frame: 706 Frame from vFrameID : 707
Tcw:
[0.99839664, 0.038401943, -0.041587006, 1.1884946;
 -0.048050009, 0.18658318, -0.9812634, -0.8033545;
 -0.029922986, 0.98168832, 0.18812923, 3.2037358;
 0, 0, 0, 1]
Twc:
[0.99839664, -0.048050009, -0.029922986, -1.1293247;
 0.038401943, 0.18658318, 0.98168832, -3.0408182;
 -0.041587006, -0.9812634, 0.18812923, -1.3415929;
 0, 0, 0, 1]
Ow:
[1.1884946;
 -0.8033545;
 3.2037358]
Keyframe: 76 Frame: 715 Frame from vFrameID : 716
Tcw:
[0.99939954, 0.027219536, -0.021440364, 1.2140144;
 -0.026196998, 0.18858097, -0.98170817, -0.81388247;
 -0.022678398, 0.98168033, 0.18918081, 3.2413292;
 0, 0, 0, 1]
Twc:
[0.99939954, -0.026196998, -0.022678398, -1.1610985;
 0.027219536, 0.18858097, 0.98168033, -3.0615113;
 -0.021440364, -0.98170817, 0.18918081, -1.3861635;
 0, 0, 0, 1]
Ow:
[1.2140144;
 -0.81388247;
 3.2413292]
Keyframe: 77 Frame: 723 Frame from vFrameID : 724
Tcw:
[0.99828398, 0.05429263, 0.021941714, 1.2127897;
 0.0107846, 0.19782931, -0.98017716, -0.82522976;
 -0.05755711, 0.97873175, 0.1969043, 3.2613814;
 0, 0, 0, 1]
Twc:
[0.99828398, 0.0107846, -0.05755711, -1.014093;
 0.05429263, 0.19782931, 0.97873175, -3.0946085;
 0.021941714, -0.98017716, 0.1969043, -1.477662;
 0, 0, 0, 1]
Ow:
[1.2127897;
 -0.82522976;
 3.2613814]
Keyframe: 78 Frame: 732 Frame from vFrameID : 733
Tcw:
[0.99886352, 0.041619968, -0.023225298, 1.2450815;
 -0.030669142, 0.18826067, -0.9816401, -0.83253992;
 -0.036483418, 0.98123682, 0.18932317, 3.295399;
 0, 0, 0, 1]
Twc:
[0.99886352, -0.030669142, -0.036483418, -1.1489724;
 0.041619968, 0.18826067, 0.98123682, -3.1286526;
 -0.023225298, -0.9816401, 0.18932317, -1.4122326;
 0, 0, 0, 1]
Ow:
[1.2450815;
 -0.83253992;
 3.295399]
Keyframe: 79 Frame: 741 Frame from vFrameID : 742
Tcw:
[0.99611771, -0.004638758, -0.087908775, 1.280964;
 -0.085608549, 0.18161324, -0.97963655, -0.82276666;
 0.020509694, 0.9833591, 0.18051104, 3.3348513;
 0, 0, 0, 1]
Twc:
[0.99611771, -0.085608549, 0.020509694, -1.4148237;
 -0.004638758, 0.18161324, 0.9833591, -3.1239889;
 -0.087908775, -0.97963655, 0.18051104, -1.2953818;
 0, 0, 0, 1]
Ow:
[1.280964;
 -0.82276666;
 3.3348513]
Keyframe: 80 Frame: 750 Frame from vFrameID : 751
Tcw:
[0.99840122, 0.048787877, -0.028543374, 1.2689365;
 -0.036895204, 0.17993093, -0.98298711, -0.8561511;
 -0.042822018, 0.98246861, 0.18144329, 3.3761702;
 0, 0, 0, 1]
Twc:
[0.99840122, -0.036895204, -0.042822018, -1.1539214;
 0.048787877, 0.17993093, 0.98246861, -3.2248421;
 -0.028543374, -0.98298711, 0.18144329, -1.4179492;
 0, 0, 0, 1]
Ow:
[1.2689365;
 -0.8561511;
 3.3761702]
Keyframe: 81 Frame: 759 Frame from vFrameID : 760
Tcw:
[0.99370503, 0.10123045, 0.047986936, 1.2613615;
 0.02794431, 0.19082807, -0.98122567, -0.88301069;
 -0.10848717, 0.97638983, 0.18679799, 3.3943579;
 0, 0, 0, 1]
Twc:
[0.99370503, 0.02794431, -0.10848717, -0.86050177;
 0.10123045, 0.19082807, 0.97638983, -3.2734015;
 0.047986936, -0.98122567, 0.18679799, -1.5610209;
 0, 0, 0, 1]
Ow:
[1.2613615;
 -0.88301069;
 3.3943579]
Keyframe: 82 Frame: 768 Frame from vFrameID : 769
Tcw:
[0.99591851, 0.082489073, 0.03663202, 1.3027322;
 0.019568747, 0.19886658, -0.97983116, -0.90001047;
 -0.088110253, 0.97654885, 0.1964407, 3.4313619;
 0, 0, 0, 1]
Twc:
[0.99591851, 0.019568747, -0.088110253, -0.97746491;
 0.082489073, 0.19886658, 0.97654885, -3.2793715;
 0.03663202, -0.97983116, 0.1964407, -1.6036391;
 0, 0, 0, 1]
Ow:
[1.3027322;
 -0.90001047;
 3.4313619]
Keyframe: 83 Frame: 777 Frame from vFrameID : 778
Tcw:
[0.99707156, 0.073744036, -0.020250905, 1.3321846;
 -0.033065207, 0.17693971, -0.98366612, -0.91486126;
 -0.068956316, 0.98145515, 0.17885992, 3.4632528;
 0, 0, 0, 1]
Twc:
[0.99707156, -0.033065207, -0.068956316, -1.1197201;
 0.073744036, 0.17693971, 0.98145515, -3.3353925;
 -0.020250905, -0.98366612, 0.17885992, -1.4923772;
 0, 0, 0, 1]
Ow:
[1.3321846;
 -0.91486126;
 3.4632528]
Keyframe: 84 Frame: 786 Frame from vFrameID : 787
Tcw:
[0.99681985, 0.078985296, -0.010561894, 1.3383062;
 -0.023566604, 0.1655819, -0.98591441, -0.934802;
 -0.076123886, 0.98302794, 0.16691673, 3.5034304;
 0, 0, 0, 1]
Twc:
[0.99681985, -0.023566604, -0.076123886, -1.0893855;
 0.078985296, 0.1655819, 0.98302794, -3.3948903;
 -0.010561894, -0.98591441, 0.16691673, -1.492281;
 0, 0, 0, 1]
Ow:
[1.3383062;
 -0.934802;
 3.5034304]
Keyframe: 85 Frame: 795 Frame from vFrameID : 796
Tcw:
[0.99131817, 0.11464766, 0.064375691, 1.3450695;
 0.042974643, 0.18020271, -0.98269027, -0.94754606;
 -0.12426382, 0.97692525, 0.17371127, 3.5322754;
 0, 0, 0, 1]
Twc:
[0.99131817, 0.042974643, -0.12426382, -0.85373741;
 0.11464766, 0.18020271, 0.97692525, -3.4342275;
 0.064375691, -0.98269027, 0.17371127, -1.63133;
 0, 0, 0, 1]
Ow:
[1.3450695;
 -0.94754606;
 3.5322754]
Keyframe: 86 Frame: 804 Frame from vFrameID : 805
Tcw:
[0.995202, 0.095635906, 0.020658387, 1.3762392;
 0.0036539724, 0.17466497, -0.98462117, -0.95932186;
 -0.097773433, 0.97997242, 0.17347747, 3.5700827;
 0, 0, 0, 1]
Twc:
[0.995202, 0.0036539724, -0.097773433, -1.0170714;
 0.095635906, 0.17466497, 0.97997242, -3.4626405;
 0.020658387, -0.98462117, 0.17347747, -1.5923283;
 0, 0, 0, 1]
Ow:
[1.3762392;
 -0.95932186;
 3.5700827]
Keyframe: 87 Frame: 813 Frame from vFrameID : 814
Tcw:
[0.99701369, 0.065698773, -0.040587679, 1.4045229;
 -0.051227685, 0.16937149, -0.98422003, -0.95894462;
 -0.057787653, 0.98336005, 0.17223129, 3.5952406;
 0, 0, 0, 1]
Twc:
[0.99701369, -0.051227685, -0.057787653, -1.2416927;
 0.065698773, 0.16937149, 0.98336005, -3.4652734;
 -0.040587679, -0.98422003, 0.17223129, -1.506019;
 0, 0, 0, 1]
Ow:
[1.4045229;
 -0.95894462;
 3.5952406]
Keyframe: 88 Frame: 822 Frame from vFrameID : 823
Tcw:
[0.99772531, 0.062524229, -0.02519748, 1.4169408;
 -0.035654347, 0.1722302, -0.98441124, -0.97032058;
 -0.05720979, 0.98307043, 0.17406769, 3.6286356;
 0, 0, 0, 1]
Twc:
[0.99772531, -0.035654347, -0.05720979, -1.2407204;
 0.062524229, 0.1722302, 0.98307043, -3.4886789;
 -0.02519748, -0.98441124, 0.17406769, -1.5511194;
 0, 0, 0, 1]
Ow:
[1.4169408;
 -0.97032058;
 3.6286356]
Keyframe: 89 Frame: 831 Frame from vFrameID : 832
Tcw:
[0.99391729, 0.10290331, 0.039234471, 1.4207443;
 0.01698697, 0.2087464, -0.97782224, -0.98958689;
 -0.10881121, 0.97254092, 0.20572864, 3.657115;
 0, 0, 0, 1]
Twc:
[0.99391729, 0.01698697, -0.10881121, -0.99735719;
 0.10290331, 0.2087464, 0.97254092, -3.4963205;
 0.039234471, -0.97782224, 0.20572864, -1.7757555;
 0, 0, 0, 1]
Ow:
[1.4207443;
 -0.98958689;
 3.657115]
Keyframe: 90 Frame: 840 Frame from vFrameID : 841
Tcw:
[0.99531162, 0.092249997, 0.029063314, 1.4495578;
 0.011207053, 0.18846738, -0.98201549, -0.99502051;
 -0.096068412, 0.97773719, 0.18654993, 3.6936719;
 0, 0, 0, 1]
Twc:
[0.99531162, 0.011207053, -0.096068412, -1.0767653;
 0.092249997, 0.18846738, 0.97773719, -3.5576332;
 0.029063314, -0.98201549, 0.18654993, -1.7083088;
 0, 0, 0, 1]
Ow:
[1.4495578;
 -0.99502051;
 3.6936719]
Keyframe: 91 Frame: 849 Frame from vFrameID : 850
Tcw:
[0.99622792, 0.048498433, -0.071957268, 1.4864013;
 -0.07900627, 0.16398762, -0.98329347, -0.99962056;
