Keyframe: 0 Frame: 0 Frame from vFrameID : 59
Tcw:
[0.99978513, -0.020599579, -0.0023127799, 0.041114498;
 0.012958587, 0.70818931, -0.70590365, 0.0018644296;
 0.016179204, 0.70572197, 0.70830411, -0.079474896;
 0, 0, 0, 1]
Twc:
[0.99978513, 0.012958587, 0.016179204, -0.039843984;
 -0.020599579, 0.70818931, 0.70572197, 0.05561376;
 -0.0023127799, -0.70590365, 0.70830411, 0.057703592;
 0, 0, 0, 1]
Ow:
[0.041114498;
 0.0018644296;
 -0.079474896]
Keyframe: 1 Frame: 70 Frame from vFrameID : 59
Tcw:
[0.99994284, -0.0087263305, -0.0061738025, 0.040459368;
 0.0018361342, 0.7091918, -0.70501322, 0.0078335032;
 0.010530588, 0.7049616, 0.7091673, -0.079921626;
 0, 0, 0, 1]
Twc:
[0.99994284, 0.0018361342, 0.010530588, -0.039629817;
 -0.0087263305, 0.7091918, 0.7049616, 0.05113928;
 -0.0061738025, -0.70501322, 0.7091673, 0.062450316;
 0, 0, 0, 1]
Ow:
[0.040459368;
 0.0078335032;
 -0.079921626]
Keyframe: 2 Frame: 73 Frame from vFrameID : 74
Tcw:
[0.99995047, -0.0058876909, -0.0080218613, 0.041364603;
 -0.001438154, 0.71218938, -0.7019859, 0.009568166;
 0.0098461611, 0.70196271, 0.71214563, -0.080711074;
 0, 0, 0, 1]
Twc:
[0.99995047, -0.001438154, 0.0098461611, -0.040554103;
 -0.0058876909, 0.71218938, 0.70196271, 0.050085362;
 -0.0080218613, -0.7019859, 0.71214563, 0.06452658;
 0, 0, 0, 1]
Ow:
[0.041364603;
 0.009568166;
 -0.080711074]
Keyframe: 3 Frame: 75 Frame from vFrameID : 76
Tcw:
[0.99994451, -0.0082516633, -0.0065499488, 0.041826516;
 0.0012954385, 0.71330249, -0.70085514, 0.0098810084;
 0.010455315, 0.70080775, 0.71327358, -0.081180573;
 0, 0, 0, 1]
Twc:
[0.99994451, 0.0012954385, 0.010455315, -0.040988225;
 -0.0082516633, 0.71330249, 0.70080775, 0.050188966;
 -0.0065499488, -0.70085514, 0.71327358, 0.065103076;
 0, 0, 0, 1]
Ow:
[0.041826516;
 0.0098810084;
 -0.081180573]
Keyframe: 4 Frame: 76 Frame from vFrameID : 77
Tcw:
[0.99996036, -0.0082979491, -0.0032344391, 0.041562736;
 0.0036554672, 0.71358037, -0.70056385, 0.010737889;
 0.0081212753, 0.70052421, 0.7135824, -0.081621125;
 0, 0, 0, 1]
Twc:
[0.99996036, 0.0036554672, 0.0081212753, -0.040937472;
 -0.0082979491, 0.71358037, 0.70052421, 0.049860116;
 -0.0032344391, -0.70056385, 0.7135824, 0.065900408;
 0, 0, 0, 1]
Ow:
[0.041562736;
 0.010737889;
 -0.081621125]
Keyframe: 5 Frame: 77 Frame from vFrameID : 78
Tcw:
[0.99996173, -0.0079627838, -0.0036165428, 0.041991692;
 0.0031500342, 0.7137053, -0.70043898, 0.010706138;
 0.0081585897, 0.70040083, 0.7137031, -0.081749216;
 0, 0, 0, 1]
Twc:
[0.99996173, 0.0031500342, 0.0081585897, -0.041356854;
 -0.0079627838, 0.7137053, 0.70040083, 0.049950562;
 -0.0036165428, -0.70043898, 0.7137031, 0.065995529;
 0, 0, 0, 1]
Ow:
[0.041991692;
 0.010706138;
 -0.081749216]
Keyframe: 6 Frame: 78 Frame from vFrameID : 79
Tcw:
[0.99998397, -0.0056621106, 0.00020422888, 0.041228693;
 0.0041931556, 0.71534848, -0.69875532, 0.010898802;
 0.003810335, 0.69874495, 0.71536076, -0.082132198;
 0, 0, 0, 1]
Twc:
[0.99998397, 0.0041931556, 0.003810335, -0.040960778;
 -0.0056621106, 0.71534848, 0.69874495, 0.049826458;
 0.00020422888, -0.69875532, 0.71536076, 0.066361323;
 0, 0, 0, 1]
Ow:
[0.041228693;
 0.010898802;
 -0.082132198]
Keyframe: 7 Frame: 79 Frame from vFrameID : 80
Tcw:
[0.99999213, -0.0021209083, 0.0033459768, 0.041188441;
 0.0038517849, 0.71797431, -0.69605899, 0.010715015;
 -0.00092604809, 0.69606638, 0.71797681, -0.082823135;
 0, 0, 0, 1]
Twc:
[0.99999213, 0.0038517849, -0.00092604809, -0.041306086;
 -0.0021209083, 0.71797431, 0.69606638, 0.050044652;
 0.0033459768, -0.69605899, 0.71797681, 0.066785559;
 0, 0, 0, 1]
Ow:
[0.041188441;
 0.010715015;
 -0.082823135]
Keyframe: 8 Frame: 81 Frame from vFrameID : 82
Tcw:
[0.99995577, 9.4647803e-05, 0.0094027212, 0.039769635;
 0.0064583318, 0.71987498, -0.69407368, 0.010161683;
 -0.0068344763, 0.69410372, 0.71984255, -0.083051644;
 0, 0, 0, 1]
Twc:
[0.99995577, 0.0064583318, -0.0068344763, -0.04040112;
 9.4647803e-05, 0.71987498, 0.69410372, 0.050327547;
 0.0094027212, -0.69407368, 0.71984255, 0.06646312;
 0, 0, 0, 1]
Ow:
[0.039769635;
 0.010161683;
 -0.083051644]
Keyframe: 9 Frame: 85 Frame from vFrameID : 86
Tcw:
[0.99978817, -0.0032542723, 0.020324387, 0.038397603;
 0.016642718, 0.70882684, -0.70518619, 0.0096803531;
 -0.012111603, 0.70537502, 0.70873082, -0.083231665;
 0, 0, 0, 1]
Twc:
[0.99978817, 0.016642718, -0.012111603, -0.039558642;
 -0.0032542723, 0.70882684, 0.70537502, 0.051972803;
 0.020324387, -0.70518619, 0.70873082, 0.065034889;
 0, 0, 0, 1]
Ow:
[0.038397603;
 0.0096803531;
 -0.083231665]
Keyframe: 10 Frame: 88 Frame from vFrameID : 89
Tcw:
[0.99968231, -0.0064056581, 0.024376668, 0.037455041;
 0.021820813, 0.70399088, -0.70987374, 0.0099912658;
 -0.012613744, 0.71018016, 0.70390701, -0.083472632;
 0, 0, 0, 1]
Twc:
[0.99968231, 0.021820813, -0.012613744, -0.038714066;
 -0.0064056581, 0.70399088, 0.71018016, 0.052486766;
 0.024376668, -0.70987374, 0.70390701, 0.064936474;
 0, 0, 0, 1]
Ow:
[0.037455041;
 0.0099912658;
 -0.083472632]
Keyframe: 11 Frame: 92 Frame from vFrameID : 93
Tcw:
[0.99959284, -0.018060682, 0.022089949, 0.03658995;
 0.028416829, 0.7000286, -0.7135492, 0.010468964;
 -0.0025764108, 0.71388638, 0.70025682, -0.084259704;
 0, 0, 0, 1]
Twc:
[0.99959284, 0.028416829, -0.0025764108, -0.037089635;
 -0.018060682, 0.7000286, 0.71388638, 0.053484119;
 0.022089949, -0.7135492, 0.70025682, 0.065665275;
 0, 0, 0, 1]
Ow:
[0.03658995;
 0.010468964;
 -0.084259704]
Keyframe: 12 Frame: 95 Frame from vFrameID : 96
Tcw:
[0.99968952, -0.013049061, 0.021226259, 0.036380455;
 0.024270486, 0.70270354, -0.71106869, 0.010072425;
 -0.0056369896, 0.71136308, 0.70280212, -0.083913043;
 0, 0, 0, 1]
Twc:
[0.99968952, 0.024270486, -0.0056369896, -0.037086643;
 -0.013049061, 0.70270354, 0.71136308, 0.053089444;
 0.021226259, -0.71106869, 0.70280212, 0.065364227;
 0, 0, 0, 1]
Ow:
[0.036380455;
 0.010072425;
 -0.083913043]
Keyframe: 13 Frame: 98 Frame from vFrameID : 99
Tcw:
[0.99957949, -0.016179763, 0.024062835, 0.037154075;
 0.02851673, 0.69887531, -0.71467477, 0.010266859;
 -0.0052536521, 0.71506047, 0.69904286, -0.084290758;
 0, 0, 0, 1]
Twc:
[0.99957949, 0.02851673, -0.0052536521, -0.037874065;
 -0.016179763, 0.69887531, 0.71506047, 0.053698875;
 0.024062835, -0.71467477, 0.69904286, 0.065366283;
 0, 0, 0, 1]
Ow:
[0.037154075;
 0.010266859;
 -0.084290758]
Keyframe: 14 Frame: 102 Frame from vFrameID : 103
Tcw:
[0.99978572, -0.0090127615, 0.018635815, 0.036605224;
 0.019633466, 0.69818521, -0.71564794, 0.0094004162;
 -0.0065612854, 0.71586049, 0.6982125, -0.083904803;
 0, 0, 0, 1]
Twc:
[0.99978572, 0.019633466, -0.0065612854, -0.037332464;
 -0.0090127615, 0.69818521, 0.71586049, 0.053830814;
 0.018635815, -0.71564794, 0.6982125, 0.064628601;
 0, 0, 0, 1]
Ow:
[0.036605224;
 0.0094004162;
 -0.083904803]
Keyframe: 15 Frame: 107 Frame from vFrameID : 108
Tcw:
[0.99993336, 0.0081153493, 0.0082104579, 0.036316447;
 0.00016850742, 0.70087796, -0.71328121, 0.008898329;
 -0.011543055, 0.71323508, 0.70082986, -0.083023109;
 0, 0, 0, 1]
Twc:
[0.99993336, 0.00016850742, -0.011543055, -0.037273869;
 0.0081153493, 0.70087796, 0.71323508, 0.052683625;
 0.0082104579, -0.71328121, 0.70082986, 0.064233907;
 0, 0, 0, 1]
Ow:
[0.036316447;
 0.008898329;
 -0.083023109]
Keyframe: 16 Frame: 112 Frame from vFrameID : 113
Tcw:
[0.99956506, 0.02921498, -0.0040262938, 0.037682004;
 -0.023134543, 0.69210392, -0.72142702, 0.0089427084;
 -0.018289862, 0.72120637, 0.69247878, -0.082518257;
 0, 0, 0, 1]
Twc:
[0.99956506, -0.023134543, -0.018289862, -0.038967978;
 0.02921498, 0.69210392, 0.72120637, 0.052222531;
 -0.0040262938, -0.72142702, 0.69247878, 0.063745372;
 0, 0, 0, 1]
Ow:
[0.037682004;
 0.0089427084;
 -0.082518257]
Keyframe: 17 Frame: 117 Frame from vFrameID : 118
Tcw:
[0.99969387, 0.024445364, -0.0038151871, 0.038550552;
 -0.019469831, 0.68213773, -0.73096448, 0.0087938495;
 -0.01526621, 0.73081499, 0.68240482, -0.082337692;
 0, 0, 0, 1]
Twc:
[0.99969387, -0.019469831, -0.01526621, -0.039624523;
 0.024445364, 0.68213773, 0.73081499, 0.053232621;
 -0.0038151871, -0.73096448, 0.68240482, 0.062762707;
 0, 0, 0, 1]
Ow:
[0.038550552;
 0.0087938495;
 -0.082337692]
Keyframe: 18 Frame: 122 Frame from vFrameID : 123
Tcw:
[0.99991763, 0.010839391, -0.0068748686, 0.038739774;
 -0.012434918, 0.68522912, -0.72822142, 0.0088861771;
 -0.0031826168, 0.72824693, 0.68530744, -0.082985923;
 0, 0, 0, 1]
Twc:
[0.99991763, -0.012434918, -0.0031826168, -0.038890198;
 0.010839391, 0.68522912, 0.72824693, 0.053925261;
 -0.0068748686, -0.72822142, 0.68530744, 0.063608304;
 0, 0, 0, 1]
Ow:
[0.038739774;
 0.0088861771;
 -0.082985923]
Keyframe: 19 Frame: 126 Frame from vFrameID : 127
Tcw:
[0.99996603, 0.0061504678, -0.0054858099, 0.038165849;
 -0.0082066897, 0.68198591, -0.73131925, 0.0095299333;
 -0.00075671065, 0.73133945, 0.68201321, -0.083701804;
 0, 0, 0, 1]
Twc:
[0.99996603, -0.0082066897, -0.00075671065, -0.038149681;
 0.0061504678, 0.68198591, 0.73133945, 0.054480419;
 -0.0054858099, -0.73131925, 0.68201321, 0.064264536;
 0, 0, 0, 1]
Ow:
[0.038165849;
 0.0095299333;
 -0.083701804]
Keyframe: 20 Frame: 132 Frame from vFrameID : 133
Tcw:
[0.99994504, 0.0082816649, 0.0064278604, 0.036826901;
 -0.00094630849, 0.68194306, -0.73140466, 0.010242462;
 -0.010440683, 0.73135841, 0.68191338, -0.084103703;
 0, 0, 0, 1]
Twc:
[0.99994504, -0.00094630849, -0.010440683, -0.037693284;
 0.0082816649, 0.68194306, 0.73135841, 0.054220188;
 0.0064278604, -0.73140466, 0.68191338, 0.064606115;
 0, 0, 0, 1]
Ow:
[0.036826901;
 0.010242462;
 -0.084103703]
Keyframe: 21 Frame: 138 Frame from vFrameID : 139
Tcw:
[0.99925488, 0.01225208, 0.036599841, 0.034906898;
 0.018196959, 0.68671453, -0.72669941, 0.01113113;
 -0.034037221, 0.72682393, 0.6859799, -0.085172348;
 0, 0, 0, 1]
Twc:
[0.99925488, 0.018196959, -0.034037221, -0.037982471;
 0.01225208, 0.68671453, 0.72682393, 0.053833712;
 0.036599841, -0.72669941, 0.6859799, 0.065237917;
 0, 0, 0, 1]
Ow:
[0.034906898;
 0.01113113;
 -0.085172348]
Keyframe: 22 Frame: 143 Frame from vFrameID : 144
Tcw:
[0.99895477, 0.014705576, 0.043279573, 0.034325082;
 0.020526959, 0.70167041, -0.71220595, 0.011762556;
 -0.040841397, 0.71234989, 0.70063514, -0.086257823;
 0, 0, 0, 1]
Twc:
[0.99895477, 0.020526959, -0.040841397, -0.038053542;
 0.014705576, 0.70167041, 0.71234989, 0.052687544;
 0.043279573, -0.71220595, 0.70063514, 0.067327045;
 0, 0, 0, 1]
Ow:
[0.034325082;
 0.011762556;
 -0.086257823]
Keyframe: 23 Frame: 148 Frame from vFrameID : 149
Tcw:
[0.99871182, 0.019047705, 0.04703109, 0.033311859;
 0.019745681, 0.70792347, -0.70601308, 0.011593085;
 -0.046742342, 0.70603222, 0.70663542, -0.08609958;
 0, 0, 0, 1]
Twc:
[0.99871182, 0.019745681, -0.046742342, -0.037522357;
 0.019047705, 0.70792347, 0.70603222, 0.051947549;
 0.04703109, -0.70601308, 0.70663542, 0.067459188;
 0, 0, 0, 1]
Ow:
[0.033311859;
 0.011593085;
 -0.08609958]
Keyframe: 24 Frame: 154 Frame from vFrameID : 155
Tcw:
[0.99891227, 0.018358404, 0.042863477, 0.036625959;
 0.017923579, 0.69744402, -0.71641511, 0.011176027;
 -0.043047115, 0.71640408, 0.6963563, -0.084247477;
 0, 0, 0, 1]
Twc:
[0.99891227, 0.017923579, -0.043047115, -0.040413041;
 0.018358404, 0.69744402, 0.71640408, 0.05188819;
 0.042863477, -0.71641511, 0.6963563, 0.065103024;
 0, 0, 0, 1]
Ow:
[0.036625959;
 0.011176027;
 -0.084247477]
Keyframe: 25 Frame: 160 Frame from vFrameID : 161
Tcw:
[0.99899548, 0.017415179, 0.041288782, 0.037281264;
 0.01755398, 0.69566739, -0.71814954, 0.0073565133;
 -0.04122996, 0.71815294, 0.69466287, -0.080416791;
 0, 0, 0, 1]
Twc:
[0.99899548, 0.01755398, -0.04122996, -0.04068853;
 0.017415179, 0.69566739, 0.71815294, 0.051984604;
 0.041288782, -0.71814954, 0.69466287, 0.059606332;
 0, 0, 0, 1]
Ow:
[0.037281264;
 0.0073565133;
 -0.080416791]
Keyframe: 26 Frame: 166 Frame from vFrameID : 167
Tcw:
[0.99982607, 0.012248168, 0.014066231, 0.040674772;
 0.0010388539, 0.71642226, -0.69766617, 0.0069066249;
 -0.018622493, 0.69755942, 0.71628493, -0.07821086;
 0, 0, 0, 1]
Twc:
[0.99982607, 0.0010388539, -0.018622493, -0.042131349;
 0.012248168, 0.71642226, 0.69755942, 0.049110468;
 0.014066231, -0.69766617, 0.71628493, 0.060267635;
 0, 0, 0, 1]
Ow:
[0.040674772;
 0.0069066249;
 -0.07821086]
Keyframe: 27 Frame: 172 Frame from vFrameID : 173
Tcw:
[0.99985039, 0.0085079279, 0.015059573, 0.043127228;
 0.0042704921, 0.72228223, -0.69158524, 0.0052311309;
 -0.016761219, 0.69154608, 0.72213781, -0.075724274;
 0, 0, 0, 1]
Twc:
[0.99985039, 0.0042704921, -0.016761219, -0.044412348;
 0.0085079279, 0.72228223, 0.69154608, 0.048221551;
 0.015059573, -0.69158524, 0.72213781, 0.057651661;
 0, 0, 0, 1]
Ow:
[0.043127228;
 0.0052311309;
 -0.075724274]
Keyframe: 28 Frame: 181 Frame from vFrameID : 182
Tcw:
[0.99829412, 0.042569701, 0.039958611, 0.045990057;
 -0.0013284824, 0.70077688, -0.71337926, 0.0021033101;
 -0.058370411, 0.71210921, 0.69963801, -0.066354364;
 0, 0, 0, 1]
Twc:
[0.99829412, -0.0013284824, -0.058370411, -0.049781941;
 0.042569701, 0.70077688, 0.71210921, 0.043819822;
 0.039958611, -0.71337926, 0.69963801, 0.046086792;
 0, 0, 0, 1]
Ow:
[0.045990057;
 0.0021033101;
 -0.066354364]
Keyframe: 29 Frame: 190 Frame from vFrameID : 191
Tcw:
[0.99751967, 0.033170696, 0.062082145, 0.049616165;
 0.02094638, 0.70214927, -0.7117216, 0.0018345583;
 -0.06719923, 0.71125674, 0.69971287, -0.054859161;
 0, 0, 0, 1]
Twc:
[0.99751967, 0.02094638, -0.06719923, -0.053218022;
 0.033170696, 0.70214927, 0.71125674, 0.03608501;
 0.062082145, -0.7117216, 0.69971287, 0.03661108;
 0, 0, 0, 1]
Ow:
[0.049616165;
 0.0018345583;
 -0.054859161]
Keyframe: 30 Frame: 198 Frame from vFrameID : 199
Tcw:
[0.99896413, 0.029589543, 0.034570057, 0.059018183;
 0.0050803069, 0.68243921, -0.73092473, 0.00092835538;
 -0.04521969, 0.73034322, 0.68158197, -0.043937601;
 0, 0, 0, 1]
Twc:
[0.99896413, 0.0050803069, -0.04521969, -0.06094861;
 0.029589543, 0.68243921, 0.73034322, 0.029709658;
 0.034570057, -0.73092473, 0.68158197, 0.028585371;
 0, 0, 0, 1]
Ow:
[0.059018183;
 0.00092835538;
 -0.043937601]
Keyframe: 31 Frame: 206 Frame from vFrameID : 207
Tcw:
[0.99846137, 0.049481284, 0.025029149, 0.063560538;
 -0.015719756, 0.68543077, -0.72796816, -0.0043128608;
 -0.053176545, 0.72645462, 0.68515396, -0.026508713;
 0, 0, 0, 1]
Twc:
[0.99846137, -0.015719756, -0.053176545, -0.064940184;
 0.049481284, 0.68543077, 0.72645462, 0.019068487;
 0.025029149, -0.72796816, 0.68515396, 0.013432059;
 0, 0, 0, 1]
Ow:
[0.063560538;
 -0.0043128608;
 -0.026508713]
Keyframe: 32 Frame: 214 Frame from vFrameID : 215
Tcw:
[0.99604023, 0.066666998, 0.058816426, 0.062051918;
 -0.0026824528, 0.68380982, -0.72965533, -0.0053986525;
 -0.088863179, 0.72660828, 0.68128097, -0.012825528;
 0, 0, 0, 1]
Twc:
[0.99604023, -0.0026824528, -0.088863179, -0.062960409;
 0.066666998, 0.68380982, 0.72660828, 0.0088739721;
 0.058816426, -0.72965533, 0.68128097, 0.00114896;
 0, 0, 0, 1]
Ow:
[0.062051918;
 -0.0053986525;
 -0.012825528]
Keyframe: 33 Frame: 222 Frame from vFrameID : 223
Tcw:
[0.99596137, 0.057350092, 0.06907919, 0.070179313;
 0.012760358, 0.67117476, -0.7411893, -0.0074366038;
 -0.088871486, 0.73907739, 0.66773236, -0.0010286341;
 0, 0, 0, 1]
Twc:
[0.99596137, 0.012760358, -0.088871486, -0.069892406;
 0.057350092, 0.67117476, 0.73907739, 0.0017267112;
 0.06907919, -0.7411893, 0.66773236, -0.0096730087;
 0, 0, 0, 1]
Ow:
[0.070179313;
 -0.0074366038;
 -0.0010286341]
Keyframe: 34 Frame: 231 Frame from vFrameID : 232
Tcw:
[0.99833912, 0.036265463, 0.044764522, 0.081779189;
 0.010600651, 0.6481089, -0.76147389, -0.0060635908;
 -0.05662749, 0.76068366, 0.64664805, 0.017485738;
 0, 0, 0, 1]
Twc:
[0.99833912, 0.010600651, -0.05662749, -0.080588907;
 0.036265463, 0.6481089, 0.76068366, -0.012337008;
 0.044764522, -0.76147389, 0.64664805, -0.019585188;
 0, 0, 0, 1]
Ow:
[0.081779189;
 -0.0060635908;
 0.017485738]
Keyframe: 35 Frame: 240 Frame from vFrameID : 241
Tcw:
[0.99886477, 0.046806473, 0.0088531636, 0.091135971;
 -0.023895552, 0.65310055, -0.75689411, -0.012695419;
 -0.041209549, 0.75582325, 0.65347761, 0.031191152;
 0, 0, 0, 1]
Twc:
[0.99886477, -0.023895552, -0.041209549, -0.090050496;
 0.046806473, 0.65310055, 0.75582325, -0.019549366;
 0.0088531636, -0.75689411, 0.65347761, -0.030798646;
 0, 0, 0, 1]
Ow:
[0.091135971;
 -0.012695419;
 0.031191152]
Keyframe: 36 Frame: 249 Frame from vFrameID : 250
Tcw:
[0.99853772, 0.053962037, -0.0032345227, 0.094985999;
 -0.037521917, 0.64876354, -0.76006442, -0.020133333;
 -0.038916185, 0.75907439, 0.64983964, 0.042648997;
 0, 0, 0, 1]
Twc:
[0.99853772, -0.037521917, -0.038916185, -0.093942821;
 0.053962037, 0.64876354, 0.75907439, -0.024437627;
 -0.0032345227, -0.76006442, 0.64983964, -0.042710409;
 0, 0, 0, 1]
Ow:
[0.094985999;
 -0.020133333;
 0.042648997]
Keyframe: 37 Frame: 258 Frame from vFrameID : 259
Tcw:
[0.99654227, 0.076395214, 0.032669604, 0.099665649;
 -0.025478449, 0.6552248, -0.75500417, -0.022475895;
 -0.079084642, 0.75156122, 0.65490562, 0.052896999;
 0, 0, 0, 1]
Twc:
[0.99654227, -0.025478449, -0.079084642, -0.095710345;
 0.076395214, 0.6552248, 0.75156122, -0.032642543;
 0.032669604, -0.75500417, 0.65490562, -0.054867975;
 0, 0, 0, 1]
Ow:
[0.099665649;
 -0.022475895;
 0.052896999]
Keyframe: 38 Frame: 266 Frame from vFrameID : 267
Tcw:
[0.99868488, 0.046293005, -0.022033978, 0.11365999;
 -0.046178427, 0.62550396, -0.77885324, -0.013478415;
 -0.022273118, 0.77884644, 0.62681907, 0.064941078;
 0, 0, 0, 1]
Twc:
[0.99868488, -0.046178427, -0.022273118, -0.11268649;
 0.046293005, 0.62550396, 0.77884644, -0.047409989;
 -0.022033978, -0.77885324, 0.62681907, -0.048699632;
 0, 0, 0, 1]
Ow:
[0.11365999;
 -0.013478415;
 0.064941078]
Keyframe: 39 Frame: 275 Frame from vFrameID : 276
Tcw:
[0.99884391, 0.038170051, -0.029221207, 0.1176222;
 -0.047121786, 0.65724277, -0.75220442, -0.01630527;
 -0.0095062554, 0.75271177, 0.65828156, 0.073666602;
 0, 0, 0, 1]
Twc:
[0.99884391, -0.047121786, -0.0095062554, -0.11755427;
 0.038170051, 0.65724277, 0.75271177, -0.049222846;
 -0.029221207, -0.75220442, 0.65828156, -0.057321206;
 0, 0, 0, 1]
Ow:
[0.1176222;
 -0.01630527;
 0.073666602]
Keyframe: 40 Frame: 284 Frame from vFrameID : 285
Tcw:
[0.9987033, 0.048964206, 0.013938113, 0.12040142;
 -0.020375578, 0.63533926, -0.77196425, -0.01484729;
 -0.046654046, 0.77067924, 0.63551307, 0.090053111;
 0, 0, 0, 1]
Twc:
[0.9987033, -0.020375578, -0.046654046, -0.11634646;
 0.048964206, 0.63533926, 0.77067924, -0.065864362;
 0.013938113, -0.77196425, 0.63551307, -0.070369683;
 0, 0, 0, 1]
Ow:
[0.12040142;
 -0.01484729;
 0.090053111]
Keyframe: 41 Frame: 294 Frame from vFrameID : 295
Tcw:
[0.99809843, 0.040572017, 0.046405058, 0.12832902;
 0.008351421, 0.65688682, -0.75394291, -0.015007611;
 -0.061071858, 0.75289679, 0.65529889, 0.10018823;
 0, 0, 0, 1]
Twc:
[0.99809843, 0.008351421, -0.061071858, -0.12184098;
 0.040572017, 0.65688682, 0.75289679, -0.070779659;
 0.046405058, -0.75394291, 0.65529889, -0.082923226;
 0, 0, 0, 1]
Ow:
[0.12832902;
 -0.015007611;
 0.10018823]
Keyframe: 42 Frame: 302 Frame from vFrameID : 303
Tcw:
[0.99921858, 0.039469298, 0.0021088948, 0.1364754;
 -0.023501553, 0.63617885, -0.77118361, -0.017746504;
 -0.03177971, 0.77053142, 0.63660926, 0.10864966;
 0, 0, 0, 1]
Twc:
[0.99921858, -0.023501553, -0.03177971, -0.13333295;
 0.039469298, 0.63617885, 0.77053142, -0.077814616;
 0.0021088948, -0.77118361, 0.63660926, -0.083141007;
 0, 0, 0, 1]
Ow:
[0.1364754;
 -0.017746504;
 0.10864966]
Keyframe: 43 Frame: 311 Frame from vFrameID : 312
Tcw:
[0.99859792, 0.049431924, 0.018939203, 0.14035346;
 -0.018636594, 0.66316551, -0.74824077, -0.022066683;
 -0.049546804, 0.74683869, 0.66315693, 0.11946271;
 0, 0, 0, 1]
Twc:
[0.99859792, -0.018636594, -0.049546804, -0.13464892;
 0.049431924, 0.66316551, 0.74683869, -0.081523448;
 0.018939203, -0.74824077, 0.66315693, -0.098391898;
 0, 0, 0, 1]
Ow:
[0.14035346;
 -0.022066683;
 0.11946271]
Keyframe: 44 Frame: 320 Frame from vFrameID : 321
Tcw:
[0.99612492, 0.054520003, 0.069012254, 0.14581195;
 0.016446864, 0.65536338, -0.75513464, -0.025168769;
 -0.08639805, 0.75334346, 0.65192711, 0.1289995;
 0, 0, 0, 1]
Twc:
[0.99612492, 0.016446864, -0.08639805, -0.13368766;
 0.054520003, 0.65536338, 0.75334346, -0.088635914;
 0.069012254, -0.75513464, 0.65192711, -0.1131669;
 0, 0, 0, 1]
Ow:
[0.14581195;
 -0.025168769;
 0.1289995]
Keyframe: 45 Frame: 329 Frame from vFrameID : 330
Tcw:
[0.9962588, 0.05592249, 0.065887026, 0.15345207;
 0.011925931, 0.66614437, -0.74572748, -0.027622219;
 -0.085593209, 0.74372333, 0.66298527, 0.13441089;
 0, 0, 0, 1]
Twc:
[0.9962588, 0.011925931, -0.085593209, -0.14104389;
 0.05592249, 0.66614437, 0.74372333, -0.090145536;
 0.065887026, -0.74572748, 0.66298527, -0.11982157;
 0, 0, 0, 1]
Ow:
[0.15345207;
 -0.027622219;
 0.13441089]
Keyframe: 46 Frame: 338 Frame from vFrameID : 339
Tcw:
[0.99954295, 0.029575611, 0.0062613585, 0.15977782;
 -0.014263776, 0.64399511, -0.76489663, -0.02866549;
 -0.026654569, 0.7644577, 0.6441226, 0.14236325;
 0, 0, 0, 1]
Twc:
[0.99954295, -0.014263776, -0.026654569, -0.15631904;
 0.029575611, 0.64399511, 0.7644577, -0.095095776;
 0.0062613585, -0.76489663, 0.6441226, -0.11462595;
 0, 0, 0, 1]
Ow:
[0.15977782;
 -0.02866549;
 0.14236325]
Keyframe: 47 Frame: 347 Frame from vFrameID : 348
Tcw:
[0.99893194, 0.044777185, 0.011402383, 0.16217569;
 -0.021157663, 0.66264331, -0.74863619, -0.031098392;
 -0.041077536, 0.74759537, 0.66288292, 0.14864133;
 0, 0, 0, 1]
Twc:
[0.99893194, -0.021157663, -0.041077536, -0.15655461;
 0.044777185, 0.66264331, 0.74759537, -0.097778209;
 0.011402383, -0.74863619, 0.66288292, -0.12366238;
 0, 0, 0, 1]
Ow:
[0.16217569;
 -0.031098392;
 0.14864133]
Keyframe: 48 Frame: 356 Frame from vFrameID : 357
Tcw:
[0.99764502, 0.039543334, 0.056042176, 0.16567953;
 0.015958117, 0.66083205, -0.75036412, -0.034356229;
 -0.066706367, 0.74949139, 0.6586448, 0.15484092;
 0, 0, 0, 1]
Twc:
[0.99764502, 0.015958117, -0.066706367, -0.15441221;
 0.039543334, 0.66083205, 0.74949139, -0.099899754;
 0.056042176, -0.75036412, 0.6586448, -0.13704988;
 0, 0, 0, 1]
Ow:
[0.16567953;
 -0.034356229;
 0.15484092]
Keyframe: 49 Frame: 365 Frame from vFrameID : 366
Tcw:
[0.99840635, 0.03113576, 0.047066774, 0.16770603;
 0.014241719, 0.6680156, -0.74401098, -0.034035772;
 -0.054606687, 0.74349558, 0.6665076, 0.15769428;
 0, 0, 0, 1]
Twc:
[0.99840635, 0.014241719, -0.054606687, -0.15834287;
 0.03113576, 0.6680156, 0.74349558, -0.099730223;
 0.047066774, -0.74401098, 0.6665076, -0.1383208;
 0, 0, 0, 1]
Ow:
[0.16770603;
 -0.034035772;
 0.15769428]
Keyframe: 50 Frame: 374 Frame from vFrameID : 375
Tcw:
[0.99999213, 3.0824329e-05, 0.0039602346, 0.16786875;
 0.0029230474, 0.66895127, -0.7433005, -0.035048328;
 -0.0026721158, 0.74330628, 0.66894591, 0.1601378;
 0, 0, 0, 1]
Twc:
[0.99999213, 0.0029230474, -0.0026721158, -0.16733707;
 3.0824329e-05, 0.66895127, 0.74330628, -0.095590979;
 0.0039602346, -0.7433005, 0.66894591, -0.13383977;
 0, 0, 0, 1]
Ow:
[0.16786875;
 -0.035048328;
 0.1601378]
Keyframe: 51 Frame: 383 Frame from vFrameID : 384
Tcw:
[0.99954861, 0.003482138, 0.02984032, 0.16718447;
 0.019692162, 0.67419243, -0.73829317, -0.035112523;
 -0.022688955, 0.73854756, 0.67381948, 0.16788939;
 0, 0, 0, 1]
Twc:
[0.99954861, 0.019692162, -0.022688955, -0.16260834;
 0.003482138, 0.67419243, 0.73854756, -0.10090386;
 0.02984032, -0.73829317, 0.67381948, -0.14403933;
 0, 0, 0, 1]
Ow:
[0.16718447;
 -0.035112523;
 0.16788939]
Keyframe: 52 Frame: 391 Frame from vFrameID : 392
Tcw:
[0.99634767, 0.0090936925, 0.08490365, 0.16860394;
 0.056207109, 0.6786769, -0.732283, -0.040138207;
 -0.064281307, 0.73438066, 0.67568702, 0.17057788;
 0, 0, 0, 1]
Twc:
[0.99634767, 0.056207109, -0.064281307, -0.15476713;
 0.0090936925, 0.6786769, 0.73438066, -0.099561453;
 0.08490365, -0.732283, 0.67568702, -0.15896489;
 0, 0, 0, 1]
Ow:
[0.16860394;
 -0.040138207;
 0.17057788]
Keyframe: 53 Frame: 399 Frame from vFrameID : 400
Tcw:
[0.99792498, 0.0067864819, 0.064028941, 0.17565343;
 0.042931378, 0.67098546, -0.74022657, -0.035463683;
 -0.047986023, 0.74143946, 0.66930181, 0.17741978;
 0, 0, 0, 1]
Twc:
[0.99792498, 0.042931378, -0.047986023, -0.16525276;
 0.0067864819, 0.67098546, 0.74143946, -0.10894247;
 0.064028941, -0.74022657, 0.66930181, -0.15624544;
 0, 0, 0, 1]
Ow:
[0.17565343;
 -0.035463683;
 0.17741978]
Keyframe: 54 Frame: 408 Frame from vFrameID : 409
Tcw:
[0.99972069, -0.0040496006, 0.023284242, 0.17950398;
 0.019749841, 0.68427038, -0.72896093, -0.03415788;
 -0.012980716, 0.72921717, 0.68415922, 0.18052334;
 0, 0, 0, 1]
Twc:
[0.99972069, 0.019749841, -0.012980716, -0.1764359;
 -0.0040496006, 0.68427038, 0.72921717, -0.10754056;
 0.023284242, -0.72896093, 0.68415922, -0.15258607;
 0, 0, 0, 1]
Ow:
[0.17950398;
 -0.03415788;
 0.18052334]
Keyframe: 55 Frame: 417 Frame from vFrameID : 418
Tcw:
[0.99878418, 0.0034775618, 0.049174175, 0.1802206;
 0.033223491, 0.68945599, -0.72356522, -0.031670809;
 -0.036419675, 0.72431922, 0.68850219, 0.19264585;
 0, 0, 0, 1]
Twc:
[0.99878418, 0.033223491, -0.036419675, -0.17193316;
 0.0034775618, 0.68945599, 0.72431922, -0.11832819;
 0.049174175, -0.72356522, 0.68850219, -0.16441518;
 0, 0, 0, 1]
Ow:
[0.1802206;
 -0.031670809;
 0.19264585]
Keyframe: 56 Frame: 426 Frame from vFrameID : 427
Tcw:
[0.99775749, 0.0094777076, 0.066257894, 0.18569963;
 0.040592674, 0.70140719, -0.71160394, -0.03097526;
 -0.053218137, 0.7126978, 0.6994496, 0.19559202;
 0, 0, 0, 1]
Twc:
[0.99775749, 0.040592674, -0.053218137, -0.1736168;
 0.0094777076, 0.70140719, 0.7126978, -0.11943172;
 0.066257894, -0.71160394, 0.6994496, -0.17115293;
 0, 0, 0, 1]
Ow:
[0.18569963;
 -0.03097526;
 0.19559202]
Keyframe: 57 Frame: 434 Frame from vFrameID : 435
Tcw:
[0.99926656, 0.011329331, 0.036578558, 0.19026756;
 0.018341819, 0.69691336, -0.71692073, -0.027893871;
 -0.033614319, 0.71706587, 0.69619441, 0.19960102;
 0, 0, 0, 1]
Twc:
[0.99926656, 0.018341819, -0.033614319, -0.18290694;
 0.011329331, 0.69691336, 0.71706587, -0.12584306;
 0.036578558, -0.71692073, 0.69619441, -0.16591853;
 0, 0, 0, 1]
Ow:
[0.19026756;
 -0.027893871;
 0.19960102]
Keyframe: 58 Frame: 442 Frame from vFrameID : 443
Tcw:
[0.99992704, 0.0059113265, 0.010536719, 0.19027208;
 0.0032848315, 0.70625341, -0.70795149, -0.030988112;
 -0.011626527, 0.70793444, 0.70618248, 0.20423418;
 0, 0, 0, 1]
Twc:
[0.99992704, 0.0032848315, -0.011626527, -0.18778186;
 0.0059113265, 0.70625341, 0.70793444, -0.1238237;
 0.010536719, -0.70795149, 0.70618248, -0.16816951;
 0, 0, 0, 1]
Ow:
[0.19027208;
 -0.030988112;
 0.20423418]
Keyframe: 59 Frame: 450 Frame from vFrameID : 451
Tcw:
[0.9968403, 0.056316346, 0.056016997, 0.18559125;
 0.0035886688, 0.67256951, -0.74002522, -0.01745066;
 -0.079350844, 0.73788798, 0.67024231, 0.20587198;
 0, 0, 0, 1]
Twc:
[0.9968403, 0.0035886688, -0.079350844, -0.16860609;
 0.056316346, 0.67256951, 0.73788798, -0.15062551;
 0.056016997, -0.74002522, 0.67024231, -0.16129431;
 0, 0, 0, 1]
Ow:
[0.18559125;
 -0.01745066;
 0.20587198]
Keyframe: 60 Frame: 458 Frame from vFrameID : 459
Tcw:
[0.99655855, 0.049208988, 0.066705212, 0.18650779;
 0.015547435, 0.67947799, -0.73353118, -0.016071305;
 -0.081421047, 0.7320438, 0.6763745, 0.20834582;
 0, 0, 0, 1]
Twc:
[0.99655855, 0.015547435, -0.081421047, -0.16865233;
 0.049208988, 0.67947799, 0.7320438, -0.15077603;
 0.066705212, -0.73353118, 0.6763745, -0.16514964;
 0, 0, 0, 1]
Ow:
[0.18650779;
 -0.016071305;
 0.20834582]
Keyframe: 61 Frame: 466 Frame from vFrameID : 467
Tcw:
[0.99913526, 0.026513333, 0.032028552, 0.19064707;
 0.0049823495, 0.68841654, -0.7252984, -0.01978413;
 -0.041279063, 0.72483081, 0.68768913, 0.21054623;
 0, 0, 0, 1]
Twc:
[0.99913526, 0.0049823495, -0.041279063, -0.18169247;
 0.026513333, 0.68841654, 0.72483081, -0.14404537;
 0.032028552, -0.7252984, 0.68768913, -0.16524591;
 0, 0, 0, 1]
Ow:
[0.19064707;
 -0.01978413;
 0.21054623]
Keyframe: 62 Frame: 475 Frame from vFrameID : 476
Tcw:
[0.99967998, 0.01907132, 0.0166208, 0.17287123;
 -0.00085582462, 0.68213189, -0.73122865, 0.00094071031;
 -0.025283074, 0.7309804, 0.68192995, 0.20980142;
 0, 0, 0, 1]
Twc:
[0.99967998, -0.00085582462, -0.025283074, -0.16751067;
 0.01907132, 0.68213189, 0.7309804, -0.1572993;
 0.0166208, -0.73122865, 0.68192995, -0.14525525;
 0, 0, 0, 1]
Ow:
[0.17287123;
 0.00094071031;
 0.20980142]
Keyframe: 63 Frame: 483 Frame from vFrameID : 484
Tcw:
[0.99836779, -0.0077542178, 0.05658346, 0.17033038;
 0.047115155, 0.67178565, -0.73924571, 0.0021706298;
 -0.032279681, 0.74070501, 0.67105448, 0.2127614;
 0, 0, 0, 1]
Twc:
[0.99836779, 0.047115155, -0.032279681, -0.16328675;
 -0.0077542178, 0.67178565, 0.74070501, -0.15773085;
 0.05658346, -0.73924571, 0.67105448, -0.15080774;
 0, 0, 0, 1]
Ow:
[0.17033038;
 0.0021706298;
 0.2127614]
Keyframe: 64 Frame: 491 Frame from vFrameID : 492
Tcw:
[0.99178272, 0.057612646, 0.11422696, 0.16044167;
 0.046203434, 0.67129755, -0.73974651, 0.010993317;
 -0.11929903, 0.73894548, 0.66311938, 0.20657018;
 0, 0, 0, 1]
Twc:
[0.99178272, 0.046203434, -0.11929903, -0.13498758;
 0.057612646, 0.67129755, 0.73894548, -0.16926736;
 0.11422696, -0.73974651, 0.66311938, -0.14717519;
 0, 0, 0, 1]
Ow:
[0.16044167;
 0.010993317;
 0.20657018]
Keyframe: 65 Frame: 499 Frame from vFrameID : 500
Tcw:
[0.99853396, 0.021012453, 0.049884174, 0.16308482;
 0.023181321, 0.66678613, -0.74488848, 0.011365727;
 -0.048914012, 0.74495286, 0.66532147, 0.20938745;
 0, 0, 0, 1]
Twc:
[0.99853396, 0.023181321, -0.048914012, -0.15286723;
 0.021012453, 0.66678613, 0.74495286, -0.16698909;
 0.049884174, -0.74488848, 0.66532147, -0.13897912;
 0, 0, 0, 1]
Ow:
[0.16308482;
 0.011365727;
 0.20938745]
Keyframe: 66 Frame: 508 Frame from vFrameID : 509
Tcw:
[0.99911737, 0.018109633, 0.037900671, 0.16440108;
 0.01583712, 0.67329639, -0.7392031, 0.011629552;
 -0.03890508, 0.73915088, 0.67241532, 0.21143487;
 0, 0, 0, 1]
Twc:
[0.99911737, 0.01583712, -0.03890508, -0.15621428;
 0.018109633, 0.67329639, 0.73915088, -0.16708966;
 0.037900671, -0.7392031, 0.67241532, -0.13980636;
 0, 0, 0, 1]
Ow:
[0.16440108;
 0.011629552;
 0.21143487]
Keyframe: 67 Frame: 517 Frame from vFrameID : 518
Tcw:
[0.99601692, 0.026541989, 0.085122198, 0.16595575;
 0.045200303, 0.67260897, -0.73861635, 0.010500677;
 -0.076858304, 0.73952192, 0.6687302, 0.21443725;
 0, 0, 0, 1]
Twc:
[0.99601692, 0.045200303, -0.076858304, -0.1492881;
 0.026541989, 0.67260897, 0.73952192, -0.1700487;
 0.085122198, -0.73861635, 0.6687302, -0.14977121;
 0, 0, 0, 1]
Ow:
[0.16595575;
 0.010500677;
 0.21443725]
Keyframe: 68 Frame: 526 Frame from vFrameID : 527
Tcw:
[0.99264073, 0.048937906, 0.1107676, 0.16757159;
 0.049690522, 0.66954321, -0.74110913, 0.0098911822;
 -0.11043201, 0.7411592, 0.66218406, 0.21674746;
 0, 0, 0, 1]
Twc:
[0.99264073, 0.049690522, -0.11043201, -0.14289401;
 0.048937906, 0.66954321, 0.7411592, -0.17546755;
 0.1107676, -0.74110913, 0.66218406, -0.15475778;
 0, 0, 0, 1]
Ow:
[0.16757159;
 0.0098911822;
 0.21674746]
Keyframe: 69 Frame: 534 Frame from vFrameID : 535
Tcw:
[0.99672502, 0.032067694, 0.074235618, 0.1682546;
 0.034152515, 0.66519028, -0.74589241, 0.0093354881;
 -0.073299862, 0.74598497, 0.66191661, 0.21896857;
 0, 0, 0, 1]
Twc:
[0.99672502, 0.034152515, -0.073299862, -0.15197203;
 0.032067694, 0.66519028, 0.74598497, -0.17495267;
 0.074235618, -0.74589241, 0.66191661, -0.15046614;
 0, 0, 0, 1]
Ow:
[0.1682546;
 0.0093354881;
 0.21896857]
Keyframe: 70 Frame: 543 Frame from vFrameID : 544
Tcw:
[0.9971993, 0.042327631, 0.061659668, 0.16920455;
 0.016287737, 0.68174136, -0.73141193, 0.009535864;
 -0.07299488, 0.73036778, 0.67914259, 0.22145846;
 0, 0, 0, 1]
Twc:
[0.9971993, 0.016287737, -0.07299488, -0.15272065;
 0.042327631, 0.68174136, 0.73036778, -0.17540915;
 0.061659668, -0.73141193, 0.67914259, -0.15386033;
 0, 0, 0, 1]
Ow:
[0.16920455;
 0.009535864;
 0.22145846]
Keyframe: 71 Frame: 551 Frame from vFrameID : 552
Tcw:
[0.99469948, 0.052084021, 0.088657469, 0.17031153;
 0.030907676, 0.67089701, -0.74090612, 0.0088299289;
 -0.0980694, 0.73971915, 0.66573113, 0.22371385;
 0, 0, 0, 1]
Twc:
[0.99469948, 0.030907676, -0.0980694, -0.14774223;
 0.052084021, 0.67089701, 0.73971915, -0.1802799;
 0.088657469, -0.74090612, 0.66573113, -0.15749051;
 0, 0, 0, 1]
Ow:
[0.17031153;
 0.0088299289;
 0.22371385]
Keyframe: 72 Frame: 559 Frame from vFrameID : 560
Tcw:
[0.99665028, 0.037373301, 0.072742485, 0.17178605;
 0.028655585, 0.67349404, -0.73863697, 0.0095755085;
 -0.076596938, 0.73824722, 0.67016709, 0.22578537;
 0, 0, 0, 1]
Twc:
[0.99665028, 0.028655585, -0.076596938, -0.15419053;
 0.037373301, 0.67349404, 0.73824722, -0.1795547;
 0.072742485, -0.73863697, 0.67016709, -0.15673725;
 0, 0, 0, 1]
Ow:
[0.17178605;
 0.0095755085;
 0.22578537]
Keyframe: 73 Frame: 567 Frame from vFrameID : 568
Tcw:
[0.99912941, 0.031330079, 0.027546167, 0.17344579;
 -0.00014217841, 0.662853, -0.74874955, 0.0097909272;
 -0.04171744, 0.74809378, 0.66228038, 0.22765145;
 0, 0, 0, 1]
Twc:
[0.99912941, -0.00014217841, -0.04171744, -0.16379638;
 0.031330079, 0.662853, 0.74809378, -0.18222865;
 0.027546167, -0.74874955, 0.66228038, -0.1482159;
 0, 0, 0, 1]
Ow:
[0.17344579;
 0.0097909272;
 0.22765145]
Keyframe: 74 Frame: 575 Frame from vFrameID : 576
Tcw:
[0.99759209, 0.048241571, 0.049827363, 0.17396845;
 0.0057969526, 0.65793288, -0.75305426, 0.0094019398;
 -0.069111586, 0.75152981, 0.65606898, 0.2301079;
 0, 0, 0, 1]
Twc:
[0.99759209, 0.0057969526, -0.069111586, -0.15770093;
 0.048241571, 0.65793288, 0.75152981, -0.18751131;
 0.049827363, -0.75305426, 0.65606898, -0.15255488;
 0, 0, 0, 1]
Ow:
[0.17396845;
 0.0094019398;
 0.2301079]
Keyframe: 75 Frame: 583 Frame from vFrameID : 584
Tcw:
[0.99590456, 0.053061619, 0.073202029, 0.17490718;
 0.021439966, 0.64796042, -0.76137215, 0.0094888136;
 -0.087831661, 0.7598235, 0.64416915, 0.23170921;
 0, 0, 0, 1]
Twc:
[0.99590456, 0.021439966, -0.087831661, -0.1540429;
 0.053061619, 0.64796042, 0.7598235, -0.19148733;
 0.073202029, -0.76137215, 0.64416915, -0.15483895;
 0, 0, 0, 1]
Ow:
[0.17490718;
 0.0094888136;
 0.23170921]
Keyframe: 76 Frame: 591 Frame from vFrameID : 592
Tcw:
[0.99941415, 0.012668383, 0.031793613, 0.1768356;
 0.014568533, 0.68313009, -0.73015141, 0.0098123997;
 -0.030969011, 0.73018682, 0.6825453, 0.23317373;
 0, 0, 0, 1]
Twc:
[0.99941415, 0.014568533, -0.030969011, -0.16965379;
 0.012668383, 0.68313009, 0.73018682, -0.17920376;
 0.031793613, -0.73015141, 0.6825453, -0.15760934;
 0, 0, 0, 1]
Ow:
[0.1768356;
 0.0098123997;
 0.23317373]
Keyframe: 77 Frame: 599 Frame from vFrameID : 600
Tcw:
[0.99983704, -0.0066660745, 0.016776105, 0.17743431;
 0.01683831, 0.67938817, -0.73358583, 0.0095991343;
 -0.0065073497, 0.73374879, 0.67938972, 0.23480275;
 0, 0, 0, 1]
Twc:
[0.99983704, 0.01683831, -0.0065073497, -0.17603908;
 -0.0066660745, 0.67938817, 0.73374879, -0.17762497;
 0.016776105, -0.73358583, 0.67938972, -0.15545742;
 0, 0, 0, 1]
Ow:
[0.17743431;
 0.0095991343;
 0.23480275]
Keyframe: 78 Frame: 608 Frame from vFrameID : 609
Tcw:
[0.99958527, 0.016509792, 0.02359589, 0.17819786;
 0.0063379882, 0.67314303, -0.73948514, 0.0092521459;
 -0.028092155, 0.73932803, 0.67275918, 0.23674926;
 0, 0, 0, 1]
Twc:
[0.99958527, 0.0063379882, -0.028092155, -0.1715318;
 0.016509792, 0.67314303, 0.73932803, -0.18420537;
 0.02359589, -0.73948514, 0.67275918, -0.15663815;
 0, 0, 0, 1]
Ow:
[0.17819786;
 0.0092521459;
 0.23674926]
Keyframe: 79 Frame: 615 Frame from vFrameID : 616
Tcw:
[0.99854976, 0.037527777, 0.038601454, 0.18030769;
 0.0045228531, 0.65599763, -0.75474942, 0.01075498;
 -0.053646531, 0.75382942, 0.65487653, 0.23952171;
 0, 0, 0, 1]
Twc:
[0.99854976, 0.0045228531, -0.053646531, -0.16724533;
 0.037527777, 0.65599763, 0.75382942, -0.1943803;
 0.038601454, -0.75474942, 0.65487653, -0.15569998;
 0, 0, 0, 1]
Ow:
[0.18030769;
 0.01075498;
 0.23952171]
Keyframe: 80 Frame: 621 Frame from vFrameID : 622
Tcw:
[0.99978733, 0.019388458, 0.007029525, 0.1808887;
 -0.0073623718, 0.65393329, -0.7565164, 0.01015915;
 -0.019264527, 0.75630373, 0.65393692, 0.24051338;
 0, 0, 0, 1]
Twc:
[0.99978733, -0.0073623718, -0.019264527, -0.17614205;
 0.019388458, 0.65393329, 0.75630373, -0.19205174;
 0.007029525, -0.7565164, 0.65393692, -0.1508666;
 0, 0, 0, 1]
Ow:
[0.1808887;
 0.01015915;
 0.24051338]
Keyframe: 81 Frame: 628 Frame from vFrameID : 629
Tcw:
[0.99989569, 0.0039541726, -0.013892049, 0.18197331;
 -0.012911218, 0.67584652, -0.7369293, 0.0094094127;
 0.0064749471, 0.73703182, 0.67582703, 0.24187106;
 0, 0, 0, 1]
Twc:
[0.99989569, -0.012911218, 0.0064749471, -0.18339895;
 0.0039541726, 0.67584652, 0.73703182, -0.18534553;
 -0.013892049, -0.7369293, 0.67582703, -0.15400095;
 0, 0, 0, 1]
Ow:
[0.18197331;
 0.0094094127;
 0.24187106]
Keyframe: 82 Frame: 636 Frame from vFrameID : 637
Tcw:
[0.99792325, 0.041808188, 0.049002845, 0.18068863;
 0.0087063638, 0.66621888, -0.74570543, 0.010431036;
 -0.063823216, 0.74458343, 0.66447133, 0.24308664;
 0, 0, 0, 1]
Twc:
[0.99792325, 0.0087063638, -0.063823216, -0.16488962;
 0.041808188, 0.66621888, 0.74458343, -0.19550188;
 0.049002845, -0.74570543, 0.66447133, -0.16259986;
 0, 0, 0, 1]
Ow:
[0.18068863;
 0.010431036;
 0.24308664]
Keyframe: 83 Frame: 643 Frame from vFrameID : 644
Tcw:
[0.99200004, 0.063147292, 0.10930841, 0.1719705;
 0.043834928, 0.63970536, -0.76736927, 0.017506771;
 -0.11838246, 0.76602185, 0.63181967, 0.23954615;
 0, 0, 0, 1]
Twc:
[0.99200004, 0.043834928, -0.11838246, -0.14300407;
 0.063147292, 0.63970536, 0.76602185, -0.20555624;
 0.10930841, -0.76736927, 0.63181967, -0.15671365;
 0, 0, 0, 1]
Ow:
[0.1719705;
 0.017506771;
 0.23954615]
Keyframe: 84 Frame: 651 Frame from vFrameID : 652
Tcw:
[0.99716645, 0.036477227, 0.065791205, 0.17255554;
 0.027085878, 0.641819, -0.76637763, 0.018056065;
 -0.070181377, 0.76598811, 0.6390124, 0.24005949;
 0, 0, 0, 1]
Twc:
[0.99716645, 0.027085878, -0.070181377, -0.15570794;
 0.036477227, 0.641819, 0.76598811, -0.20176579;
 0.065791205, -0.76637763, 0.6390124, -0.15091586;
 0, 0, 0, 1]
Ow:
[0.17255554;
 0.018056065;
 0.24005949]
Keyframe: 85 Frame: 658 Frame from vFrameID : 659
Tcw:
[0.99701709, 0.036629643, 0.067934908, 0.17249084;
 0.027054753, 0.65848732, -0.75210541, 0.017403714;
 -0.072283626, 0.75169992, 0.65553212, 0.24133614;
 0, 0, 0, 1]
Twc:
[0.99701709, 0.027054753, -0.072283626, -0.15500252;
 0.036629643, 0.65848732, 0.75169992, -0.19919074;
 0.067934908, -0.75210541, 0.65553212, -0.15683231;
 0, 0, 0, 1]
Ow:
[0.17249084;
 0.017403714;
 0.24133614]
Keyframe: 86 Frame: 665 Frame from vFrameID : 666
Tcw:
[0.99604321, 0.048027206, 0.074775487, 0.17303512;
 0.025908269, 0.6479255, -0.76126295, 0.017271012;
 -0.085010275, 0.76018804, 0.64411747, 0.24245757;
 0, 0, 0, 1]
Twc:
[0.99604321, 0.025908269, -0.085010275, -0.15218653;
 0.048027206, 0.6479255, 0.76018804, -0.20381407;
 0.074775487, -0.76126295, 0.64411747, -0.15596217;
 0, 0, 0, 1]
Ow:
[0.17303512;
 0.017271012;
 0.24245757]
Keyframe: 87 Frame: 673 Frame from vFrameID : 674
Tcw:
[0.99111497, 0.043389842, 0.12573141, 0.17093392;
 0.067585945, 0.64986873, -0.75703555, 0.016912036;
 -0.11455656, 0.75880694, 0.6411621, 0.24149214;
 0, 0, 0, 1]
Twc:
[0.99111497, 0.067585945, -0.11455656, -0.14289367;
 0.043389842, 0.64986873, 0.75880694, -0.2016533;
 0.12573141, -0.75703555, 0.6411621, -0.16352434;
 0, 0, 0, 1]
Ow:
[0.17093392;
 0.016912036;
 0.24149214]
Keyframe: 88 Frame: 681 Frame from vFrameID : 682
Tcw:
[0.99554694, 0.054698713, 0.076774962, 0.1731756;
 0.022653684, 0.6517505, -0.75809503, 0.016925298;
 -0.091504946, 0.7564584, 0.64760911, 0.24298669;
 0, 0, 0, 1]
Twc:
[0.99554694, 0.022653684, -0.091504946, -0.15055336;
 0.054698713, 0.6517505, 0.7564584, -0.20431288;
 0.076774962, -0.75809503, 0.64760911, -0.15782496;
 0, 0, 0, 1]
Ow:
[0.1731756;
 0.016925298;
 0.24298669]
Keyframe: 89 Frame: 689 Frame from vFrameID : 690
Tcw:
[0.99604517, 0.05155886, 0.072358176, 0.17378508;
 0.020540327, 0.65871304, -0.75211382, 0.016509533;
 -0.086441405, 0.75062561, 0.65504891, 0.24383263;
 0, 0, 0, 1]
Twc:
[0.99604517, 0.020540327, -0.086441405, -0.15235966;
 0.05155886, 0.65871304, 0.75062561, -0.20286223;
 0.072358176, -0.75211382, 0.65504891, -0.15988003;
 0, 0, 0, 1]
Ow:
[0.17378508;
