Keyframe: 0 Frame: 0 Frame from vFrameID : 94
Tcw:
[0.99943262, 0.0184261, 0.028194087, 0.038570475;
 0.0077234288, 0.6894021, -0.7243377, -0.072649263;
 -0.03278378, 0.72414446, 0.68886864, 0.012226041;
 0, 0, 0, 1]
Twc:
[0.99943262, 0.0077234288, -0.03278378, -0.037586674;
 0.0184261, 0.6894021, 0.72414446, 0.040520433;
 0.028194087, -0.7243377, 0.68886864, -0.062132195;
 0, 0, 0, 1]
Ow:
[0.038570475;
 -0.072649263;
 0.012226041]
Keyframe: 1 Frame: 93 Frame from vFrameID : 94
Tcw:
[0.99957305, 0.017245352, 0.023586776, 0.038167529;
 0.0051605073, 0.69035977, -0.7234478, -0.071905047;
 -0.028759474, 0.72326064, 0.68997604, 0.012181021;
 0, 0, 0, 1]
Twc:
[0.99957305, 0.0051605073, -0.028759474, -0.037429847;
 0.017245352, 0.69035977, 0.72326064, 0.040172085;
 0.023586776, -0.7234478, 0.68997604, -0.061324406;
 0, 0, 0, 1]
Ow:
[0.038167529;
 -0.071905047;
 0.012181021]
Keyframe: 2 Frame: 96 Frame from vFrameID : 97
Tcw:
[0.99986625, 0.016345097, -0.00056465704, 0.040277917;
 -0.011697792, 0.69059855, -0.7231437, -0.076790988;
 -0.011429902, 0.72305357, 0.69069737, 0.013258565;
 0, 0, 0, 1]
Twc:
[0.99986625, -0.011697792, -0.011429902, -0.041019272;
 0.016345097, 0.69059855, 0.72305357, 0.042786747;
 -0.00056465704, -0.7231437, 0.69069737, -0.064665832;
 0, 0, 0, 1]
Ow:
[0.040277917;
 -0.076790988;
 0.013258565]
Keyframe: 3 Frame: 98 Frame from vFrameID : 99
Tcw:
[0.99984568, 0.016330946, -0.0064707133, 0.040560625;
 -0.015961118, 0.69077593, -0.7228927, -0.077157542;
 -0.0073357085, 0.72288448, 0.69093001, 0.012987092;
 0, 0, 0, 1]
Twc:
[0.99984568, -0.015961118, -0.0073357085, -0.041690622;
 0.016330946, 0.69077593, 0.72288448, 0.043248009;
 -0.0064707133, -0.7228927, 0.69093001, -0.064487338;
 0, 0, 0, 1]
Ow:
[0.040560625;
 -0.077157542;
 0.012987092]
Keyframe: 4 Frame: 99 Frame from vFrameID : 100
Tcw:
[0.99978405, 0.017093483, -0.01181917, 0.041428741;
 -0.020362591, 0.69211608, -0.72149891, -0.077338986;
 -0.0041526929, 0.72158378, 0.69231468, 0.012968644;
 0, 0, 0, 1]
Twc:
[0.99978405, -0.020362591, -0.0041526929, -0.042940762;
 0.017093483, 0.69211608, 0.72158378, 0.043461435;
 -0.01181917, -0.72149891, 0.69231468, -0.064288728;
 0, 0, 0, 1]
Ow:
[0.041428741;
 -0.077338986;
 0.012968644]
Keyframe: 5 Frame: 101 Frame from vFrameID : 102
Tcw:
[0.99953812, 0.019647574, -0.023183333, 0.040618543;
 -0.030309401, 0.69973838, -0.71375597, -0.081246257;
 0.0021986945, 0.71412897, 0.70001072, 0.013077516;
 0, 0, 0, 1]
Twc:
[0.99953812, -0.030309401, 0.0021986945, -0.043091066;
 0.019647574, 0.69973838, 0.71412897, 0.046714038;
 -0.023183333, -0.71375597, 0.70001072, -0.06620273;
 0, 0, 0, 1]
Ow:
[0.040618543;
 -0.081246257;
 0.013077516]
Keyframe: 6 Frame: 103 Frame from vFrameID : 104
Tcw:
[0.99944133, 0.019481367, -0.027156908, 0.040786814;
 -0.033017956, 0.70147067, -0.71193308, -0.082945719;
 0.0051803458, 0.71243197, 0.70172203, 0.015539501;
 0, 0, 0, 1]
Twc:
[0.99944133, -0.033017956, 0.0051803458, -0.043583225;
 0.019481367, 0.70147067, 0.71243197, 0.046318568;
 -0.027156908, -0.71193308, 0.70172203, -0.068848565;
 0, 0, 0, 1]
Ow:
[0.040786814;
 -0.082945719;
 0.015539501]
Keyframe: 7 Frame: 105 Frame from vFrameID : 106
Tcw:
[0.99940556, 0.019796776, -0.028225174, 0.038656507;
 -0.034009986, 0.70024163, -0.71309537, -0.084420666;
 0.005647453, 0.71363139, 0.70049864, 0.01733337;
 0, 0, 0, 1]
Twc:
[0.99940556, -0.034009986, 0.005647453, -0.041602559;
 0.019796776, 0.70024163, 0.71363139, 0.045979958;
 -0.028225174, -0.71309537, 0.70049864, -0.071250901;
 0, 0, 0, 1]
Ow:
[0.038656507;
 -0.084420666;
 0.01733337]
Keyframe: 8 Frame: 108 Frame from vFrameID : 109
Tcw:
[0.99959677, 0.0259401, -0.011551618, 0.035772089;
 -0.026280008, 0.69101214, -0.72236526, -0.083280273;
 -0.010755919, 0.72237754, 0.69141519, 0.019794142;
 0, 0, 0, 1]
Twc:
[0.99959677, -0.026280008, -0.010755919, -0.037733365;
 0.0259401, 0.69101214, 0.72237754, 0.042320903;
 -0.011551618, -0.72236526, 0.69141519, -0.073431522;
 0, 0, 0, 1]
Ow:
[0.035772089;
 -0.083280273;
 0.019794142]
Keyframe: 9 Frame: 111 Frame from vFrameID : 112
Tcw:
[0.99947888, 0.032183357, -0.0024935217, 0.032573186;
 -0.023860782, 0.68456721, -0.72855914, -0.085285448;
 -0.021740494, 0.72823894, 0.68497837, 0.021802718;
 0, 0, 0, 1]
Twc:
[0.99947888, -0.023860782, -0.021740494, -0.034117188;
 0.032183357, 0.68456721, 0.72823894, 0.04145772;
 -0.0024935217, -0.72855914, 0.68497837, -0.07698866;
 0, 0, 0, 1]
Ow:
[0.032573186;
 -0.085285448;
 0.021802718]
Keyframe: 10 Frame: 116 Frame from vFrameID : 117
Tcw:
[0.99952298, 0.025634816, 0.017224813, 0.034135725;
 -0.0048030601, 0.67995828, -0.73323506, -0.08298856;
 -0.030508501, 0.73280257, 0.67975706, 0.025521573;
 0, 0, 0, 1]
Twc:
[0.99952298, -0.0048030601, -0.030508501, -0.033739414;
 0.025634816, 0.67995828, 0.73280257, 0.036851425;
 0.017224813, -0.73323506, 0.67975706, -0.078786574;
 0, 0, 0, 1]
Ow:
[0.034135725;
 -0.08298856;
 0.025521573]
Keyframe: 11 Frame: 120 Frame from vFrameID : 121
Tcw:
[0.99938852, 0.021643693, 0.027461158, 0.037752099;
 0.0049445871, 0.69000977, -0.72378314, -0.081462607;
 -0.034613807, 0.72347635, 0.68948084, 0.026366474;
 0, 0, 0, 1]
Twc:
[0.99938852, 0.0049445871, -0.034613807, -0.036413573;
 0.021643693, 0.69000977, 0.72347635, 0.036317382;
 0.027461158, -0.72378314, 0.68948084, -0.078177162;
 0, 0, 0, 1]
Ow:
[0.037752099;
 -0.081462607;
 0.026366474]
Keyframe: 12 Frame: 125 Frame from vFrameID : 126
Tcw:
[0.99896461, 0.033060648, 0.031252149, 0.038456339;
 -0.00016527422, 0.6895839, -0.72420579, -0.084745213;
 -0.045493692, 0.72345078, 0.68887538, 0.034923397;
 0, 0, 0, 1]
Twc:
[0.99896461, -0.00016527422, -0.045493692, -0.036841735;
 0.033060648, 0.6895839, 0.72345078, 0.031902183;
 0.031252149, -0.72420579, 0.68887538, -0.086632684;
 0, 0, 0, 1]
Ow:
[0.038456339;
 -0.084745213;
 0.034923397]
Keyframe: 13 Frame: 131 Frame from vFrameID : 132
Tcw:
[0.9995721, 0.025552861, 0.014236804, 0.038690925;
 -0.0071170176, 0.68453485, -0.72894537, -0.088388063;
 -0.028372228, 0.72853214, 0.6844238, 0.043635558;
 0, 0, 0, 1]
Twc:
[0.9995721, -0.0071170176, -0.028372228, -0.038065389;
 0.025552861, 0.68453485, 0.72853214, 0.027726142;
 0.014236804, -0.72894537, 0.6844238, -0.094846122;
 0, 0, 0, 1]
Ow:
[0.038690925;
 -0.088388063;
 0.043635558]
Keyframe: 14 Frame: 137 Frame from vFrameID : 138
Tcw:
[0.99951839, 0.029789891, -0.0086922674, 0.0459073;
 -0.02678241, 0.68662208, -0.72652107, -0.086243734;
 -0.01567468, 0.72640395, 0.6870892, 0.052344181;
 0, 0, 0, 1]
Twc:
[0.99951839, -0.02678241, -0.01567468, -0.047374528;
 0.029789891, 0.68662208, 0.72640395, 0.019826256;
 -0.0086922674, -0.72652107, 0.6870892, -0.098223977;
 0, 0, 0, 1]
Ow:
[0.0459073;
 -0.086243734;
 0.052344181]
Keyframe: 15 Frame: 143 Frame from vFrameID : 144
Tcw:
[0.99951696, 0.031078501, -4.7622172e-05, 0.051540278;
 -0.021525303, 0.69116926, -0.72237229, -0.087778389;
 -0.022417333, 0.72202438, 0.69150436, 0.07670638;
 0, 0, 0, 1]
Twc:
[0.99951696, -0.021525303, -0.022417333, -0.051685285;
 0.031078501, 0.69116926, 0.72202438, 0.003684053;
 -4.7622172e-05, -0.72237229, 0.69150436, -0.11644902;
 0, 0, 0, 1]
Ow:
[0.051540278;
 -0.087778389;
 0.07670638]
Keyframe: 16 Frame: 150 Frame from vFrameID : 151
Tcw:
[0.99834293, 0.053298946, 0.021692513, 0.060678724;
 -0.020200409, 0.67758483, -0.73516715, -0.089653812;
 -0.053882152, 0.73351073, 0.67753869, 0.10090157;
 0, 0, 0, 1]
Twc:
[0.99834293, -0.020200409, -0.053882152, -0.056952424;
 0.053298946, 0.67758483, 0.73351073, -0.016498437;
 0.021692513, -0.73516715, 0.67753869, -0.13559154;
 0, 0, 0, 1]
Ow:
[0.060678724;
 -0.089653812;
 0.10090157]
Keyframe: 17 Frame: 157 Frame from vFrameID : 158
Tcw:
[0.99658751, 0.060095757, 0.056585096, 0.066121876;
 0.0022604521, 0.66539448, -0.74648851, -0.084844932;
 -0.0825122, 0.74406898, 0.66298801, 0.12537782;
 0, 0, 0, 1]
Twc:
[0.99658751, 0.0022604521, -0.0825122, -0.055359248;
 0.060095757, 0.66539448, 0.74406898, -0.040808044;
 0.056585096, -0.74648851, 0.66298801, -0.15020126;
 0, 0, 0, 1]
Ow:
[0.066121876;
 -0.084844932;
 0.12537782]
Keyframe: 18 Frame: 164 Frame from vFrameID : 165
Tcw:
[0.99742049, 0.057175931, 0.043397013, 0.086757325;
 -0.0050853547, 0.6593498, -0.75181907, -0.06398496;
 -0.071599767, 0.74965906, 0.65793979, 0.16864116;
 0, 0, 0, 1]
Twc:
[0.99742049, -0.0050853547, -0.071599767, -0.074784257;
 0.057175931, 0.6593498, 0.74965906, -0.089195333;
 0.043397013, -0.75181907, 0.65793979, -0.16282585;
 0, 0, 0, 1]
Ow:
[0.086757325;
 -0.06398496;
 0.16864116]
Keyframe: 19 Frame: 173 Frame from vFrameID : 174
Tcw:
[0.99928528, 0.037612248, 0.0037752108, 0.12256798;
 -0.022033304, 0.66069478, -0.75033122, -0.049553737;
 -0.030715905, 0.74971175, 0.66105127, 0.22126928;
 0, 0, 0, 1]
Twc:
[0.99928528, -0.022033304, -0.030715905, -0.11677572;
 0.037612248, 0.66069478, 0.74971175, -0.13775834;
 0.0037752108, -0.75033122, 0.66105127, -0.18391478;
 0, 0, 0, 1]
Ow:
[0.12256798;
 -0.049553737;
 0.22126928]
Keyframe: 20 Frame: 181 Frame from vFrameID : 182
Tcw:
[0.99840641, 0.055521715, 0.010100488, 0.12371717;
 -0.029034978, 0.65886402, -0.75170153, -0.07492695;
 -0.048390605, 0.75021034, 0.65942615, 0.23696464;
 0, 0, 0, 1]
Twc:
[0.99840641, -0.029034978, -0.048390605, -0.11422865;
 0.055521715, 0.65886402, 0.75021034, -0.13527563;
 0.010100488, -0.75170153, 0.65942615, -0.21383297;
 0, 0, 0, 1]
Ow:
[0.12371717;
 -0.07492695;
 0.23696464]
Keyframe: 21 Frame: 189 Frame from vFrameID : 190
Tcw:
[0.99810678, 0.052332938, 0.032312483, 0.13208787;
 -0.0083036413, 0.63521355, -0.7722919, -0.059502915;
 -0.060941629, 0.77056152, 0.63444549, 0.2880494;
 0, 0, 0, 1]
Twc:
[0.99810678, -0.0083036413, -0.060941629, -0.11477769;
 0.052332938, 0.63521355, 0.77056152, -0.19107525;
 0.032312483, -0.7722919, 0.63444549, -0.23297335;
 0, 0, 0, 1]
Ow:
[0.13208787;
 -0.059502915;
 0.2880494]
Keyframe: 22 Frame: 198 Frame from vFrameID : 199
Tcw:
[0.99776423, 0.057001572, 0.034891114, 0.17618445;
 -0.0089711305, 0.631576, -0.77526206, -0.044442683;
 -0.066227548, 0.77321571, 0.63067532, 0.32671005;
 0, 0, 0, 1]
Twc:
[0.99776423, -0.0089711305, -0.066227548, -0.15455203;
 0.057001572, 0.631576, 0.77321571, -0.2345912;
 0.034891114, -0.77526206, 0.63067532, -0.24664995;
 0, 0, 0, 1]
Ow:
[0.17618445;
 -0.044442683;
 0.32671005]
Keyframe: 23 Frame: 206 Frame from vFrameID : 207
Tcw:
[0.99924183, 0.034654714, -0.017742397, 0.16659933;
 -0.03546289, 0.622118, -0.78211993, -0.05328697;
 -0.016066276, 0.78215611, 0.62287533, 0.3562876;
 0, 0, 0, 1]
Twc:
[0.99924183, -0.03546289, -0.016066276, -0.16263852;
 0.034654714, 0.622118, 0.78215611, -0.25129521;
 -0.017742397, -0.78211993, 0.62287533, -0.26064366;
 0, 0, 0, 1]
Ow:
[0.16659933;
 -0.05328697;
 0.3562876]
Keyframe: 24 Frame: 214 Frame from vFrameID : 215
Tcw:
[0.99929637, 0.02663856, -0.026403477, 0.17855062;
 -0.037315756, 0.635167, -0.77147293, -0.075416043;
 -0.003780311, 0.77191532, 0.63571411, 0.39229295;
 0, 0, 0, 1]
Twc:
[0.99929637, -0.037315756, -0.003780311, -0.17975621;
 0.02663856, 0.635167, 0.77191532, -0.25967151;
 -0.026403477, -0.77147293, 0.63571411, -0.30285323;
 0, 0, 0, 1]
Ow:
[0.17855062;
 -0.075416043;
 0.39229295]
Keyframe: 25 Frame: 222 Frame from vFrameID : 223
Tcw:
[0.99910945, 0.033329956, 0.025874013, 0.21086991;
 -0.0011229885, 0.63400006, -0.77333218, -0.041179106;
 -0.042179253, 0.77261442, 0.63347292, 0.46285003;
 0, 0, 0, 1]
Twc:
[0.99910945, -0.0011229885, -0.042179253, -0.19120568;
 0.033329956, 0.63400006, 0.77261442, -0.33852533;
 0.025874013, -0.77333218, 0.63347292, -0.33050409;
 0, 0, 0, 1]
Ow:
[0.21086991;
 -0.041179106;
 0.46285003]
Keyframe: 26 Frame: 230 Frame from vFrameID : 231
Tcw:
[0.99744934, 0.059523311, 0.03939319, 0.22689152;
 -0.0072183078, 0.63318121, -0.77396995, -0.059378117;
 -0.071012281, 0.77171141, 0.6319958, 0.50679868;
 0, 0, 0, 1]
Twc:
[0.99744934, -0.0072183078, -0.071012281, -0.19075246;
 0.059523311, 0.63318121, 0.77171141, -0.36701059;
 0.03939319, -0.77396995, 0.6319958, -0.37518954;
 0, 0, 0, 1]
Ow:
[0.22689152;
 -0.059378117;
 0.50679868]
Keyframe: 27 Frame: 237 Frame from vFrameID : 238
Tcw:
[0.9981339, 0.061061807, -0.0003842194, 0.24421535;
 -0.038430683, 0.6232844, -0.78105032, -0.062054023;
 -0.047452863, 0.77960759, 0.62446797, 0.52675772;
 0, 0, 0, 1]
Twc:
[0.9981339, -0.038430683, -0.047452863, -0.22114825;
 0.061061807, 0.6232844, 0.77960759, -0.38689926;
 -0.0003842194, -0.78105032, 0.62446797, -0.3773168;
 0, 0, 0, 1]
Ow:
[0.24421535;
 -0.062054023;
 0.52675772]
Keyframe: 28 Frame: 245 Frame from vFrameID : 246
Tcw:
[0.99948919, 0.014260666, -0.028600698, 0.25866461;
 -0.031184753, 0.6309616, -0.77518708, -0.063108474;
 0.0069912584, 0.77568299, 0.63108402, 0.55326384;
 0, 0, 0, 1]
Twc:
[0.99948919, -0.031184753, 0.0069912584, -0.2643685;
 0.014260666, 0.6309616, 0.77568299, -0.39302704;
 -0.028600698, -0.77518708, 0.63108402, -0.39067882;
 0, 0, 0, 1]
Ow:
[0.25866461;
 -0.063108474;
 0.55326384]
Keyframe: 29 Frame: 253 Frame from vFrameID : 254
Tcw:
[0.99854755, 0.053734303, -0.0039192415, 0.28285998;
 -0.03584915, 0.60835814, -0.79285258, -0.0484761;
 -0.04021908, 0.79184151, 0.60940087, 0.6053375;
 0, 0, 0, 1]
Twc:
[0.99854755, -0.03584915, -0.04021908, -0.25984088;
 0.053734303, 0.60835814, 0.79184151, -0.46503985;
 -0.0039192415, -0.79285258, 0.60940087, -0.40621907;
 0, 0, 0, 1]
Ow:
[0.28285998;
 -0.0484761;
 0.6053375]
Keyframe: 30 Frame: 261 Frame from vFrameID : 262
Tcw:
[0.9977966, 0.054218777, 0.038240399, 0.27536893;
 -0.0031107801, 0.61396116, -0.78933012, -0.05087021;
 -0.066274628, 0.78747189, 0.61277699, 0.62432146;
 0, 0, 0, 1]
Twc:
[0.9977966, -0.0031107801, -0.066274628, -0.23354374;
 0.054218777, 0.61396116, 0.78747189, -0.47533348;
 0.038240399, -0.78933012, 0.61277699, -0.43325347;
 0, 0, 0, 1]
Ow:
[0.27536893;
 -0.05087021;
 0.62432146]
Keyframe: 31 Frame: 270 Frame from vFrameID : 271
Tcw:
[0.99893314, 0.04434922, 0.01287315, 0.29133397;
 -0.017254649, 0.61701894, -0.78675914, -0.06390965;
 -0.042835131, 0.78569764, 0.61712593, 0.64036381;
 0, 0, 0, 1]
Twc:
[0.99893314, -0.017254649, -0.042835131, -0.26469585;
 0.04434922, 0.61701894, 0.78569764, -0.4766193;
 0.01287315, -0.78675914, 0.61712593, -0.44921699;
 0, 0, 0, 1]
Ow:
[0.29133397;
 -0.06390965;
 0.64036381]
Keyframe: 32 Frame: 278 Frame from vFrameID : 279
Tcw:
[0.9997822, -0.00046474056, -0.020865139, 0.30207983;
 -0.016036814, 0.62270039, -0.782296, -0.043021381;
 0.013356294, 0.78246021, 0.62255728, 0.66708231;
 0, 0, 0, 1]
Twc:
[0.9997822, -0.016036814, 0.013356294, -0.31161371;
 -0.00046474056, 0.62270039, 0.78246021, -0.49503553;
 -0.020865139, -0.782296, 0.62255728, -0.44264948;
 0, 0, 0, 1]
Ow:
[0.30207983;
 -0.043021381;
 0.66708231]
Keyframe: 33 Frame: 286 Frame from vFrameID : 287
Tcw:
[0.9987238, -0.012162957, -0.049018398, 0.32593289;
 -0.030023552, 0.6374703, -0.76988971, -0.03908357;
 0.040611912, 0.77037889, 0.63629162, 0.7448169;
 0, 0, 0, 1]
Twc:
[0.9987238, -0.030023552, 0.040611912, -0.35693881;
 -0.012162957, 0.6374703, 0.77037889, -0.54491228;
 -0.049018398, -0.76988971, 0.63629162, -0.4880341;
 0, 0, 0, 1]
Ow:
[0.32593289;
 -0.03908357;
 0.7448169]
Keyframe: 34 Frame: 294 Frame from vFrameID : 295
Tcw:
[0.99960285, 0.0046459716, -0.027795579, 0.34624696;
 -0.024621526, 0.62381184, -0.78118664, -0.060939103;
 0.013709839, 0.78156078, 0.62367845, 0.77926755;
 0, 0, 0, 1]
Twc:
[0.99960285, -0.024621526, 0.013709839, -0.3582935;
 0.0046459716, 0.62381184, 0.78156078, -0.57263905;
 -0.027795579, -0.78118664, 0.62367845, -0.52399307;
 0, 0, 0, 1]
Ow:
[0.34624696;
 -0.060939103;
 0.77926755]
Keyframe: 35 Frame: 302 Frame from vFrameID : 303
Tcw:
[0.99977714, 0.015950134, 0.013829883, 0.35158446;
 0.00078529643, 0.62655246, -0.77937883, -0.062161207;
 -0.021096345, 0.77921599, 0.62640035, 0.81101996;
 0, 0, 0, 1]
Twc:
[0.99977714, 0.00078529643, -0.021096345, -0.33434772;
 0.015950134, 0.62655246, 0.77921599, -0.5986203;
 0.013829883, -0.77937883, 0.62640035, -0.56133264;
 0, 0, 0, 1]
Ow:
[0.35158446;
 -0.062161207;
 0.81101996]
Keyframe: 36 Frame: 310 Frame from vFrameID : 311
Tcw:
[0.99966449, 0.0039799963, -0.025594974, 0.37574527;
 -0.022571817, 0.61857581, -0.78540087, -0.049058527;
 0.01270654, 0.78571504, 0.61845809, 0.8564086;
 0, 0, 0, 1]
Twc:
[0.99966449, -0.022571817, 0.01270654, -0.38760853;
 0.0039799963, 0.61857581, 0.78571504, -0.64404213;
 -0.025594974, -0.78540087, 0.61845809, -0.55856621;
 0, 0, 0, 1]
Ow:
[0.37574527;
 -0.049058527;
 0.8564086]
Keyframe: 37 Frame: 318 Frame from vFrameID : 319
Tcw:
[0.99946517, -0.006114515, -0.032124706, 0.38215742;
 -0.021550046, 0.61573052, -0.78766209, -0.044633448;
 0.024596334, 0.78793311, 0.61526942, 0.89842093;
 0, 0, 0, 1]
Twc:
[0.99946517, -0.021550046, 0.024596334, -0.40501273;
 -0.006114515, 0.61573052, 0.78793311, -0.67807668;
 -0.032124706, -0.78766209, 0.61526942, -0.57565027;
 0, 0, 0, 1]
Ow:
[0.38215742;
 -0.044633448;
 0.89842093]
Keyframe: 38 Frame: 325 Frame from vFrameID : 326
Tcw:
[0.9997732, 0.01426545, -0.015813574, 0.42359626;
 -0.021233523, 0.61028028, -0.79190099, -0.025199145;
 -0.0016461116, 0.79205716, 0.61044472, 0.90961313;
 0, 0, 0, 1]
Twc:
[0.9997732, -0.021233523, -0.0016461116, -0.42253792;
 0.01426545, 0.61028028, 0.79205716, -0.71112978;
 -0.015813574, -0.79190099, 0.61044472, -0.5685252;
 0, 0, 0, 1]
Ow:
[0.42359626;
 -0.025199145;
 0.90961313]
Keyframe: 39 Frame: 332 Frame from vFrameID : 333
Tcw:
[0.999632, -0.00010701361, 0.027127638, 0.4247559;
 0.021341188, 0.6204465, -0.78395832, -0.0012567937;
 -0.016747354, 0.78424877, 0.62022048, 0.96311337;
 0, 0, 0, 1]
Twc:
[0.999632, 0.021341188, -0.016747354, -0.40844312;
 -0.00010701361, 0.6204465, 0.78424877, -0.7544952;
 0.027127638, -0.78395832, 0.62022048, -0.60985053;
 0, 0, 0, 1]
Ow:
[0.4247559;
 -0.0012567937;
 0.96311337]
Keyframe: 40 Frame: 339 Frame from vFrameID : 340
Tcw:
[0.99935609, -0.021720059, 0.02855877, 0.39428464;
 0.035876267, 0.61616689, -0.78679812, -0.043017715;
 -0.00050766696, 0.78731608, 0.61654937, 1.0312907;
 0, 0, 0, 1]
Twc:
[0.99935609, 0.035876267, -0.00050766696, -0.39196393;
 -0.021720059, 0.61616689, 0.78731608, -0.77688169;
 0.02855877, -0.78679812, 0.61654937, -0.68094808;
 0, 0, 0, 1]
Ow:
[0.39428464;
 -0.043017715;
 1.0312907]
Keyframe: 41 Frame: 347 Frame from vFrameID : 348
Tcw:
[0.99689597, -0.066418804, -0.042271923, 0.41084254;
 0.0066736606, 0.6062817, -0.79522192, -0.05136463;
 0.078446381, 0.79247147, 0.60484308, 1.042101;
 0, 0, 0, 1]
Twc:
[0.99689597, 0.0066736606, 0.078446381, -0.49097356;
 -0.066418804, 0.6062817, 0.79247147, -0.76740623;
 -0.042271923, -0.79522192, 0.60484308, -0.65378678;
 0, 0, 0, 1]
Ow:
[0.41084254;
 -0.05136463;
 1.042101]
Keyframe: 42 Frame: 354 Frame from vFrameID : 355
Tcw:
[0.99658066, -0.065338559, -0.05057507, 0.41426432;
 0.0011369442, 0.62288654, -0.78231132, -0.072940707;
 0.082617626, 0.77957886, 0.62083101, 1.069468;
 0, 0, 0, 1]
Twc:
[0.99658066, 0.0011369442, 0.082617626, -0.50112182;
 -0.065338559, 0.62288654, 0.77957886, -0.76123339;
 -0.05057507, -0.78231132, 0.62083101, -0.70006979;
 0, 0, 0, 1]
Ow:
[0.41426432;
 -0.072940707;
 1.069468]
Keyframe: 43 Frame: 362 Frame from vFrameID : 363
Tcw:
[0.99991876, 0.0017768826, -0.012622552, 0.44695154;
 -0.011031964, 0.61672604, -0.78710055, -0.052884519;
 0.006386071, 0.78717589, 0.61669552, 1.1028569;
 0, 0, 0, 1]
Twc:
[0.99991876, -0.011031964, 0.006386071, -0.45454156;
 0.0017768826, 0.61672604, 0.78717589, -0.83632123;
 -0.012622552, -0.78710055, 0.61669552, -0.71611071;
 0, 0, 0, 1]
Ow:
[0.44695154;
 -0.052884519;
 1.1028569]
Keyframe: 44 Frame: 370 Frame from vFrameID : 371
Tcw:
[0.9992702, 0.018554023, 0.033388745, 0.47946292;
 0.014636704, 0.62139571, -0.78336012, -0.063190222;
 -0.035282105, 0.78327715, 0.62067068, 1.1383426;
 0, 0, 0, 1]
Twc:
[0.9992702, 0.014636704, -0.035282105, -0.43802497;
 0.018554023, 0.62139571, 0.78327715, -0.86126763;
 0.033388745, -0.78336012, 0.62067068, -0.77204525;
 0, 0, 0, 1]
Ow:
[0.47946292;
 -0.063190222;
 1.1383426]
Keyframe: 45 Frame: 379 Frame from vFrameID : 380
Tcw:
[0.99948078, -0.031087819, -0.0084686959, 0.50395;
 0.013294314, 0.63730741, -0.770495, -0.082259953;
 0.029350173, 0.76998234, 0.63738984, 1.193153;
 0, 0, 0, 1]
Twc:
[0.99948078, 0.013294314, 0.029350173, -0.53761399;
 -0.031087819, 0.63730741, 0.76998234, -0.85061514;
 -0.0084686959, -0.770495, 0.63738984, -0.81961662;
 0, 0, 0, 1]
Ow:
[0.50395;
 -0.082259953;
 1.193153]
Keyframe: 46 Frame: 388 Frame from vFrameID : 389
Tcw:
[0.99927753, -0.032594502, -0.01954554, 0.49777693;
 0.0047370191, 0.61708617, -0.78688133, -0.053105295;
 0.037709288, 0.78622019, 0.61679476, 1.2548239;
 0, 0, 0, 1]
Twc:
[0.99927753, 0.0047370191, 0.037709288, -0.54448426;
 -0.032594502, 0.61708617, 0.78622019, -0.9375726;
 -0.01954554, -0.78688133, 0.61679476, -0.806027;
 0, 0, 0, 1]
Ow:
[0.49777693;
 -0.053105295;
 1.2548239]
Keyframe: 47 Frame: 395 Frame from vFrameID : 396
Tcw:
[0.9999584, -0.0085124085, 0.0032712556, 0.5219804;
 0.0078645041, 0.62337726, -0.78188163, -0.050556064;
 0.0046164696, 0.7818749, 0.62341827, 1.2671607;
 0, 0, 0, 1]
Twc:
[0.9999584, 0.0078645041, 0.0046164696, -0.52741092;
 -0.0085124085, 0.62337726, 0.7818749, -0.95480216;
 0.0032712556, -0.78188163, 0.62341827, -0.83120751;
 0, 0, 0, 1]
Ow:
[0.5219804;
 -0.050556064;
 1.2671607]
Keyframe: 48 Frame: 403 Frame from vFrameID : 404
Tcw:
[0.99873418, -0.013434169, 0.048472662, 0.5278824;
 0.046210509, 0.62566501, -0.77872193, -0.052818656;
 -0.019866167, 0.77997619, 0.62549382, 1.2949674;
 0, 0, 0, 1]
Twc:
[0.99873418, 0.046210509, -0.019866167, -0.49904737;
 -0.013434169, 0.62566501, 0.77997619, -0.96990526;
 0.048472662, -0.77872193, 0.62549382, -0.87671304;
 0, 0, 0, 1]
Ow:
[0.5278824;
 -0.052818656;
 1.2949674]
Keyframe: 49 Frame: 411 Frame from vFrameID : 412
Tcw:
[0.99986064, -0.015981728, -0.0048279855, 0.58134526;
 0.005920033, 0.60979438, -0.79253757, -0.022507787;
 0.015610198, 0.79239851, 0.60980397, 1.3505735;
 0, 0, 0, 1]
Twc:
[0.99986064, 0.005920033, 0.015610198, -0.60221368;
 -0.015981728, 0.60979438, 0.79239851, -1.0471765;
 -0.0048279855, -0.79253757, 0.60980397, -0.83861667;
 0, 0, 0, 1]
Ow:
[0.58134526;
 -0.022507787;
 1.3505735]
Keyframe: 50 Frame: 419 Frame from vFrameID : 420
Tcw:
[0.99933791, -0.014157317, -0.033515062, 0.57995927;
 -0.017677687, 0.61619371, -0.78739619, -0.031048119;
 0.03179919, 0.78746736, 0.6155355, 1.3656068;
 0, 0, 0, 1]
Twc:
[0.99933791, -0.017677687, 0.03179919, -0.62354934;
 -0.014157317, 0.61619371, 0.78746736, -1.0480285;
 -0.033515062, -0.78739619, 0.6155355, -0.84558922;
 0, 0, 0, 1]
Ow:
[0.57995927;
 -0.031048119;
 1.3656068]
Keyframe: 51 Frame: 426 Frame from vFrameID : 427
Tcw:
[0.99987823, -0.010231698, -0.011782772, 0.58801204;
 -0.003240719, 0.60245049, -0.7981497, -0.035867155;
 0.015264963, 0.7980907, 0.60234398, 1.4069542;
 0, 0, 0, 1]
Twc:
[0.99987823, -0.003240719, 0.015264963, -0.60953373;
 -0.010231698, 0.60245049, 0.7980907, -1.0952524;
 -0.011782772, -0.7981497, 0.60234398, -0.86916929;
 0, 0, 0, 1]
Ow:
[0.58801204;
 -0.035867155;
 1.4069542]
Keyframe: 52 Frame: 434 Frame from vFrameID : 435
Tcw:
[0.9988969, 0.027806129, 0.037839949, 0.61406487;
 0.013515356, 0.60148484, -0.79876989, -0.043466628;
 -0.044970855, 0.79840016, 0.60044551, 1.4756715;
 0, 0, 0, 1]
Twc:
[0.9988969, 0.013515356, -0.044970855, -0.5464378;
 0.027806129, 0.60148484, 0.79840016, -1.1691066;
 0.037839949, -0.79876989, 0.60044551, -0.94401634;
 0, 0, 0, 1]
Ow:
[0.61406487;
 -0.043466628;
 1.4756715]
Keyframe: 53 Frame: 441 Frame from vFrameID : 442
Tcw:
[0.99807906, 0.037307076, 0.049460582, 0.61785287;
 0.015541934, 0.62204933, -0.7828238, -0.071153462;
 -0.059971791, 0.78208876, 0.6202746, 1.4688065;
 0, 0, 0, 1]
Twc:
[0.99807906, 0.015541934, -0.059971791, -0.52747315;
 0.037307076, 0.62204933, 0.78208876, -1.1275264;
 0.049460582, -0.7828238, 0.6202746, -0.99732333;
 0, 0, 0, 1]
Ow:
[0.61785287;
 -0.071153462;
 1.4688065]
Keyframe: 54 Frame: 449 Frame from vFrameID : 450
Tcw:
[0.99988711, 0.0097476253, 0.011436133, 0.63282752;
 0.0033227846, 0.59878999, -0.80089921, -0.077075005;
 -0.014654707, 0.80084676, 0.59868997, 1.539734;
 0, 0, 0, 1]
Twc:
[0.99988711, 0.0033227846, -0.014654707, -0.60993564;
 0.0097476253, 0.59878999, 0.80084676, -1.1931078;
 0.011436133, -0.80089921, 0.59868997, -0.99078977;
 0, 0, 0, 1]
Ow:
[0.63282752;
 -0.077075005;
 1.539734]
Keyframe: 55 Frame: 457 Frame from vFrameID : 458
Tcw:
[0.99991167, 0.013290294, 6.942574e-05, 0.64636475;
 -0.0080577433, 0.61037189, -0.79207402, -0.074698448;
 -0.010569273, 0.79200351, 0.61042506, 1.5758741;
 0, 0, 0, 1]
Twc:
[0.99991167, -0.0080577433, -0.010569273, -0.63025373;
 0.013290294, 0.61037189, 0.79200351, -1.2110943;
 6.942574e-05, -0.79207402, 0.61042506, -1.0211645;
 0, 0, 0, 1]
Ow:
[0.64636475;
 -0.074698448;
 1.5758741]
Keyframe: 56 Frame: 465 Frame from vFrameID : 466
Tcw:
[0.99882221, 0.032766432, 0.035785425, 0.66231066;
 0.0085540907, 0.60706413, -0.7946068, -0.086284757;
 -0.047760479, 0.79397702, 0.60606885, 1.5777823;
 0, 0, 0, 1]
Twc:
[0.99882221, 0.0085540907, -0.047760479, -0.58543682;
 0.032766432, 0.60706413, 0.79397702, -1.222044;
 0.035785425, -0.7946068, 0.60606885, -1.0485082;
 0, 0, 0, 1]
Ow:
[0.66231066;
 -0.086284757;
 1.5777823]
Keyframe: 57 Frame: 472 Frame from vFrameID : 473
Tcw:
[0.9952119, 0.061253879, 0.076165982, 0.67578614;
 0.022143921, 0.61769849, -0.78610319, -0.094161928;
 -0.095199481, 0.78402585, 0.61338449, 1.5885514;
 0, 0, 0, 1]
Twc:
[0.9952119, 0.022143921, -0.095199481, -0.51923603;
 0.061253879, 0.61769849, 0.78402585, -1.2286962;
 0.076165982, -0.78610319, 0.61338449, -1.0998857;
 0, 0, 0, 1]
Ow:
[0.67578614;
 -0.094161928;
 1.5885514]
Keyframe: 58 Frame: 479 Frame from vFrameID : 480
Tcw:
[0.99670035, 0.061438311, 0.053045046, 0.67741042;
 0.0035878725, 0.61952597, -0.78496796, -0.11033612;
 -0.081089891, 0.78256816, 0.61726129, 1.6130924;
 0, 0, 0, 1]
Twc:
[0.99670035, 0.0035878725, -0.081089891, -0.54397386;
 0.061438311, 0.61952597, 0.78256816, -1.2356176;
 0.053045046, -0.78496796, 0.61726129, -1.1182431;
 0, 0, 0, 1]
Ow:
[0.67741042;
 -0.11033612;
 1.6130924]
Keyframe: 59 Frame: 487 Frame from vFrameID : 488
Tcw:
[0.99923009, 0.034767151, 0.018178258, 0.66325808;
 -0.0062019173, 0.59749818, -0.80184627, -0.092702329;
 -0.038739387, 0.80111617, 0.5972538, 1.6892842;
 0, 0, 0, 1]
Twc:
[0.99923009, -0.0062019173, -0.038739387, -0.59788054;
 0.034767151, 0.59749818, 0.80111617, -1.3209831;
 0.018178258, -0.80184627, 0.5972538, -1.0953213;
 0, 0, 0, 1]
Ow:
[0.66325808;
 -0.092702329;
 1.6892842]
Keyframe: 60 Frame: 496 Frame from vFrameID : 497
Tcw:
[0.99933898, 0.02759161, 0.023671387, 0.71847165;
 0.0021207586, 0.60577667, -0.79563189, -0.10172272;
 -0.036292341, 0.79515618, 0.60531771, 1.7156644;
 0, 0, 0, 1]
Twc:
[0.99933898, 0.0021207586, -0.036292341, -0.65551549;
 0.02759161, 0.60577667, 0.79515618, -1.3224237;
 0.023671387, -0.79563189, 0.60531771, -1.1364632;
 0, 0, 0, 1]
Ow:
[0.71847165;
 -0.10172272;
 1.7156644]
Keyframe: 61 Frame: 504 Frame from vFrameID : 505
Tcw:
[0.99579269, 0.041907046, 0.081490561, 0.71336371;
 0.039385106, 0.60723162, -0.79354811, -0.11397111;
 -0.082738899, 0.79341894, 0.60302627, 1.7604897;
 0, 0, 0, 1]
Twc:
[0.99579269, 0.039385106, -0.082738899, -0.56021261;
 0.041907046, 0.60723162, 0.79341894, -1.3574939;
 0.081490561, -0.79354811, 0.60302627, -1.2101955;
 0, 0, 0, 1]
Ow:
[0.71336371;
 -0.11397111;
 1.7604897]
Keyframe: 62 Frame: 511 Frame from vFrameID : 512
Tcw:
[0.9951939, 0.048814531, 0.084889799, 0.72602475;
 0.037983254, 0.60659415, -0.7941038, -0.098688662;
 -0.090257458, 0.79351163, 0.60182464, 1.811277;
 0, 0, 0, 1]
Twc:
[0.9951939, 0.037983254, -0.090257458, -0.5553056;
 0.048814531, 0.60659415, 0.79351163, -1.412846;
 0.084889799, -0.7941038, 0.60182464, -1.2300723;
 0, 0, 0, 1]
Ow:
[0.72602475;
 -0.098688662;
 1.811277]
Keyframe: 63 Frame: 520 Frame from vFrameID : 521
Tcw:
[0.99971765, 0.012226515, 0.0203737, 0.75771201;
 0.00923678, 0.59003317, -0.8073262, -0.10048938;
 -0.021891944, 0.80728644, 0.58975363, 1.839329;
 0, 0, 0, 1]
Twc:
[0.99971765, 0.00923678, -0.021891944, -0.71630341;
 0.012226515, 0.59003317, 0.80728644, -1.4348375;
 0.0203737, -0.8073262, 0.58975363, -1.1813161;
 0, 0, 0, 1]
Ow:
[0.75771201;
 -0.10048938;
 1.839329]
Keyframe: 64 Frame: 528 Frame from vFrameID : 529
Tcw:
[0.99984902, 0.013591233, 0.010828407, 0.78093946;
 0.00048992719, 0.60083467, -0.79937315, -0.097341955;
 -0.017370548, 0.79925776, 0.60073727, 1.8393141;
 0, 0, 0, 1]
Twc:
[0.99984902, 0.00048992719, -0.017370548, -0.748824;
 0.013591233, 0.60083467, 0.79925776, -1.4222137;
 0.010828407, -0.79937315, 0.60073727, -1.1912135;
 0, 0, 0, 1]
Ow:
[0.78093946;
 -0.097341955;
 1.8393141]
Keyframe: 65 Frame: 536 Frame from vFrameID : 537
Tcw:
[0.99887115, 0.030747566, 0.036208082, 0.77331573;
 0.011073265, 0.59052324, -0.80694467, -0.10760874;
 -0.046193298, 0.80643469, 0.58951616, 1.8590995;
 0, 0, 0, 1]
Twc:
[0.99887115, 0.011073265, -0.046193298, -0.68537325;
 0.030747566, 0.59052324, 0.80643469, -1.4594743;
 0.036208082, -0.80694467, 0.58951616, -1.2108037;
 0, 0, 0, 1]
Ow:
[0.77331573;
 -0.10760874;
 1.8590995]
Keyframe: 66 Frame: 544 Frame from vFrameID : 545
Tcw:
[0.99782681, 0.046316784, 0.04686613, 0.79364133;
 0.010473765, 0.59072924, -0.80680186, -0.080857396;
 -0.065053664, 0.80553943, 0.58896035, 1.881925;
 0, 0, 0, 1]
Twc:
[0.99782681, 0.010473765, -0.065053664, -0.66864365;
 0.046316784, 0.59072924, 0.80553943, -1.5049587;
 0.04686613, -0.80680186, 0.58896035, -1.2108099;
 0, 0, 0, 1]
Ow:
[0.79364133;
 -0.080857396;
 1.881925]
Keyframe: 67 Frame: 552 Frame from vFrameID : 553
Tcw:
[0.9995572, 0.027521364, 0.01131286, 0.80129588;
 -0.0068150982, 0.58182633, -0.81328452, -0.066993952;
 -0.028964819, 0.81284726, 0.58175623, 1.902025;
 0, 0, 0, 1]
Twc:
[0.9995572, -0.0068150982, -0.028964819, -0.74630582;
 0.027521364, 0.58182633, 0.81284726, -1.5291297;
 0.01131286, -0.81328452, 0.58175623, -1.170065;
 0, 0, 0, 1]
Ow:
[0.80129588;
 -0.066993952;
 1.902025]
Keyframe: 68 Frame: 560 Frame from vFrameID : 561
Tcw:
[0.99924618, -0.0016404991, -0.038786434, 0.82995754;
 -0.03008686, 0.59865522, -0.80044156, -0.093862653;
 0.024532825, 0.80100513, 0.5981546, 1.9518741;
 0, 0, 0, 1]
Twc:
[0.99924618, -0.03008686, 0.024532825, -0.88004094;
 -0.0016404991, 0.59865522, 0.80100513, -1.5059084;
 -0.038786434, -0.80044156, 0.5981546, -1.2104629;
 0, 0, 0, 1]
Ow:
[0.82995754;
 -0.093862653;
 1.9518741]
Keyframe: 69 Frame: 569 Frame from vFrameID : 570
Tcw:
[0.99987817, 0.0097717876, 0.012172567, 0.83392602;
 0.0036470462, 0.61198598, -0.79086018, -0.077248991;
 -0.015177558, 0.79080826, 0.61187577, 1.9982164;
 0, 0, 0, 1]
Twc:
[0.99987817, 0.0036470462, -0.015177558, -0.80321467;
 0.0097717876, 0.61198598, 0.79080826, -1.5410795;
 0.012172567, -0.79086018, 0.61187577, -1.2939044;
 0, 0, 0, 1]
Ow:
[0.83392602;
 -0.077248991;
 1.9982164]
Keyframe: 70 Frame: 577 Frame from vFrameID : 578
Tcw:
[0.99789691, 0.024691919, 0.059934173, 0.83535242;
 0.031876326, 0.61815721, -0.7854079, -0.054322422;
 -0.05644197, 0.78566658, 0.61607009, 2.016073;
 0, 0, 0, 1]
Twc:
[0.99789691, 0.031876326, -0.05644197, -0.71807283;
 0.024691919, 0.61815721, 0.78566658, -1.5710078;
 0.059934173, -0.7854079, 0.61607009, -1.3347737;
 0, 0, 0, 1]
Ow:
[0.83535242;
 -0.054322422;
 2.016073]
Keyframe: 71 Frame: 586 Frame from vFrameID : 587
Tcw:
[0.99946749, 0.014757005, 0.029103192, 0.84685928;
 0.014192955, 0.606507, -0.79495144, -0.069015563;
 -0.029382393, 0.79494119, 0.60597456, 2.0328174;
 0, 0, 0, 1]
Twc:
[0.99946749, 0.014192955, -0.029382393, -0.78569967;
 0.014757005, 0.606507, 0.79494119, -1.586609;
 0.029103192, -0.79495144, 0.60597456, -1.3113459;
 0, 0, 0, 1]
Ow:
[0.84685928;
 -0.069015563;
 2.0328174]
Keyframe: 72 Frame: 594 Frame from vFrameID : 595
Tcw:
[0.999982, 0.0010160671, -0.0059178481, 0.85230041;
 -0.005282192, 0.61750734, -0.78654736, -0.056331038;
 0.0028551295, 0.78656447, 0.61750156, 2.0508192;
 0, 0, 0, 1]
Twc:
[0.999982, -0.005282192, 0.0028551295, -0.8584379;
 0.0010160671, 0.61750734, 0.78656447, -1.5791826;
 -0.0059178481, -0.78654736, 0.61750156, -1.3056473;
 0, 0, 0, 1]
Ow:
[0.85230041;
 -0.056331038;
 2.0508192]
Keyframe: 73 Frame: 603 Frame from vFrameID : 604
Tcw:
[0.99998373, 0.00054361392, 0.0056814374, 0.84731472;
 0.0041309763, 0.61793959, -0.78621471, -0.059688449;
 -0.0039381823, 0.78622538, 0.61792731, 2.0745955;
 0, 0, 0, 1]
Twc:
[0.99998373, 0.0041309763, -0.0039381823, -0.83888417;
 0.00054361392, 0.61793959, 0.78622538, -1.5946764;
 0.0056814374, -0.78621471, 0.61792731, -1.3336911;
 0, 0, 0, 1]
Ow:
[0.84731472;
 -0.059688449;
 2.0745955]
Keyframe: 74 Frame: 610 Frame from vFrameID : 611
Tcw:
[0.99900615, 0.00378723, 0.044410728, 0.82681251;
 0.033632535, 0.58979774, -0.80685031, -0.064939141;
 -0.029249076, 0.80754209, 0.58908421, 2.1444278;
 0, 0, 0, 1]
Twc:
[0.99900615, 0.033632535, -0.029249076, -0.7610842;
 0.00378723, 0.58979774, 0.80754209, -1.6965461;
 0.044410728, -0.80685031, 0.58908421, -1.3523642;
 0, 0, 0, 1]
Ow:
[0.82681251;
 -0.064939141;
 2.1444278]
Keyframe: 75 Frame: 617 Frame from vFrameID : 618
Tcw:
[0.99860829, 0.010519605, 0.051679712, 0.83802819;
 0.03541043, 0.59244633, -0.80483133, -0.065152407;
 -0.039083961, 0.80554128, 0.59124929, 2.1643758;
 0, 0, 0, 1]
Twc:
[0.99860829, 0.03541043, -0.039083961, -0.74996245;
 0.010519605, 0.59244633, 0.80554128, -1.7137104;
 0.051679712, -0.80483133, 0.59124929, -1.3754315;
 0, 0, 0, 1]
Ow:
[0.83802819;
 -0.065152407;
 2.1643758]
Keyframe: 76 Frame: 624 Frame from vFrameID : 625
Tcw:
[0.99946356, 0.0083630802, 0.031663794, 0.85349196;
 0.020612877, 0.59066862, -0.80665094, -0.083409548;
 -0.025448896, 0.80687088, 0.59017938, 2.1744783;
 0, 0, 0, 1]
Twc:
[0.99946356, 0.020612877, -0.025448896, -0.79597676;
 0.0083630802, 0.59066862, 0.80687088, -1.7123936;
 0.031663794, -0.80665094, 0.59017938, -1.3776394;
 0, 0, 0, 1]
Ow:
[0.85349196;
 -0.083409548;
 2.1744783]
Keyframe: 77 Frame: 632 Frame from vFrameID : 633
Tcw:
[0.999551, 0.010770487, 0.027960137, 0.85465145;
 0.015666515, 0.60757506, -0.79410774, -0.096084476;
 -0.025540808, 0.79418921, 0.60713357, 2.1880178;
 0, 0, 0, 1]
Twc:
[0.999551, 0.015666515, -0.025540808, -0.7968787;
 0.010770487, 0.60757506, 0.79418921, -1.6885267;
 0.027960137, -0.79410774, 0.60713357, -1.4286166;
 0, 0, 0, 1]
Ow:
[0.85465145;
 -0.096084476;
 2.1880178]
Keyframe: 78 Frame: 640 Frame from vFrameID : 641
Tcw:
[0.99718595, 0.040925372, 0.062812045, 0.83348328;
 0.024485327, 0.61410534, -0.78884417, -0.02031219;
 -0.070856951, 0.78816223, 0.61137515, 2.1815841;
 0, 0, 0, 1]
Twc:
[0.99718595, 0.024485327, -0.070856951, -0.67606002;
 0.040925372, 0.61410534, 0.78816223, -1.7410792;
 0.062812045, -0.78884417, 0.61137515, -1.4021422;
 0, 0, 0, 1]
Ow:
[0.83348328;
 -0.02031219;
 2.1815841]
Keyframe: 79 Frame: 648 Frame from vFrameID : 649
Tcw:
[0.99498016, 0.052324966, 0.08530312, 0.85285598;
 0.035238642, 0.61462164, -0.78803456, -0.025048256;
 -0.093663029, 0.7870847, 0.60969245, 2.1981416;
 0, 0, 0, 1]
Twc:
[0.99498016, 0.035238642, -0.093663029, -0.6418075;
 0.052324966, 0.61462164, 0.7870847, -1.759354;
 0.08530312, -0.78803456, 0.60969245, -1.4326805;
 0, 0, 0, 1]
Ow:
[0.85285598;
 -0.025048256;
 2.1981416]
Keyframe: 80 Frame: 657 Frame from vFrameID : 658
Tcw:
[0.99741346, 0.051222727, 0.050424833, 0.87295932;
 0.0081829168, 0.61605376, -0.78766161, -0.025391698;
 -0.071410581, 0.78603691, 0.61404115, 2.2042136;
 0, 0, 0, 1]
Twc:
[0.99741346, 0.0081829168, -0.071410581, -0.71308941;
 0.051222727, 0.61605376, 0.78603691, -1.7616658;
 0.050424833, -0.78766161, 0.61404115, -1.4174968;
 0, 0, 0, 1]
Ow:
[0.87295932;
 -0.025391698;
 2.2042136]
Keyframe: 81 Frame: 665 Frame from vFrameID : 666
Tcw:
[0.99948984, 0.026442006, 0.017911505, 0.88696659;
 -0.0022598987, 0.61797929, -0.78619111, -0.030329466;
 -0.031857409, 0.78574961, 0.61772376, 2.2164502;
 0, 0, 0, 1]
Twc:
[0.99948984, -0.0022598987, -0.031857409, -0.81597233;
 0.026442006, 0.61797929, 0.78574961, -1.7462851;
 0.017911505, -0.78619111, 0.61772376, -1.4088856;
 0, 0, 0, 1]
Ow:
[0.88696659;
 -0.030329466;
 2.2164502]
Keyframe: 82 Frame: 675 Frame from vFrameID : 676
Tcw:
[0.99837101, 0.039418373, 0.041249599, 0.88826305;
 0.0081447754, 0.61710495, -0.78683871, -0.037405133;
 -0.056471232, 0.7858929, 0.61577863, 2.2273922;
 0, 0, 0, 1]
Twc:
[0.99837101, 0.0081447754, -0.056471232, -0.76072782;
 0.039418373, 0.61710495, 0.7858929, -1.7624228;
 0.041249599, -0.78683871, 0.61577863, -1.4376528;
 0, 0, 0, 1]
Ow:
[0.88826305;
 -0.037405133;
 2.2273922]
Keyframe: 83 Frame: 684 Frame from vFrameID : 685
Tcw:
[0.994991, 0.048992354, 0.087135717, 0.88798833;
 0.036581893, 0.63275146, -0.77349037, -0.041988373;
 -0.093030363, 0.77280354, 0.6277898, 2.2299604;
 0, 0, 0, 1]
Twc:
[0.994991, 0.036581893, -0.093030363, -0.67455035;
 0.048992354, 0.63275146, 0.77280354, -1.740258;
 0.087135717, -0.77349037, 0.6277898, -1.5097996;
 0, 0, 0, 1]
Ow:
[0.88798833;
 -0.041988373;
 2.2299604]
Keyframe: 84 Frame: 692 Frame from vFrameID : 693
Tcw:
[0.99790376, 0.046578806, 0.044928186, 0.89564598;
 0.0070686224, 0.61163545, -0.79110813, -0.053000093;
 -0.064328544, 0.78976738, 0.61002403, 2.2417006;
 0, 0, 0, 1]
Twc:
[0.99790376, 0.0070686224, -0.064328544, -0.74918848;
 0.046578806, 0.61163545, 0.78976738, -1.7797234;
 0.044928186, -0.79110813, 0.61002403, -1.4496599;
 0, 0, 0, 1]
Ow:
[0.89564598;
 -0.053000093;
 2.2417006]
Keyframe: 85 Frame: 700 Frame from vFrameID : 701
Tcw:
[0.99848026, 0.046977371, 0.028815383, 0.9026953;
 -0.0071352106, 0.62865692, -0.77765, -0.053424835;
 -0.054646943, 0.77626258, 0.62803674, 2.2488668;
 0, 0, 0, 1]
Twc:
[0.99848026, -0.0071352106, -0.054646943, -0.77881092;
 0.046977371, 0.62865692, 0.77626258, -1.7545314;
 0.028815383, -0.77765, 0.62803674, -1.4799281;
 0, 0, 0, 1]
Ow:
[0.9026953;
 -0.053424835;
 2.2488668]
Keyframe: 86 Frame: 709 Frame from vFrameID : 710
Tcw:
[0.99753082, 0.058007021, 0.039591346, 0.9074809;
 -0.0065409751, 0.63802224, -0.76999015, -0.059266448;
 -0.069924995, 0.7678299, 0.63682628, 2.2550416;
 0, 0, 0, 1]
Twc:
[0.99753082, -0.0065409751, -0.069924995, -0.747944;
 0.058007021, 0.63802224, 0.7678299, -1.7463154;
 0.039591346, -0.76999015, 0.63682628, -1.5176328;
 0, 0, 0, 1]
Ow:
[0.9074809;
 -0.059266448;
 2.2550416]
Keyframe: 87 Frame: 717 Frame from vFrameID : 718
Tcw:
[0.99509346, 0.066268101, 0.073467843, 0.90815622;
 0.015843192, 0.62624592, -0.7794646, -0.061228395;
 -0.097662576, 0.77680409, 0.6221233, 2.2666221;
 0, 0, 0, 1]
Twc:
[0.99509346, 0.015843192, -0.097662576, -0.68136615;
 0.066268101, 0.62624592, 0.77680409, -1.7825589;
 0.073467843, -0.7794646, 0.6221233, -1.524564;
 0, 0, 0, 1]
Ow:
[0.90815622;
 -0.061228395;
 2.2666221]
Keyframe: 88 Frame: 725 Frame from vFrameID : 726
Tcw:
[0.99503189, 0.073591121, 0.067050911, 0.9178853;
 0.0048441645, 0.63691056, -0.77092248, -0.042053699;
 -0.099438488, 0.76741731, 0.63338983, 2.2709768;
 0, 0, 0, 1]
Twc:
[0.99503189, 0.0048441645, -0.099438488, -0.68729901;
 0.073591121, 0.63691056, 0.76741731, -1.7835505;
 0.067050911, -0.77092248, 0.63338983, -1.5323788;
 0, 0, 0, 1]
Ow:
[0.9178853;
 -0.042053699;
 2.2709768]
Keyframe: 89 Frame: 735 Frame from vFrameID : 736
Tcw:
[0.9974429, 0.067100152, 0.024600888, 0.92422909;
 -0.023590038, 0.63404638, -0.77293515, -0.037393808;
 -0.067462169, 0.77037835, 0.63400793, 2.2955258;
 0, 0, 0, 1]
Twc:
[0.9974429, -0.023590038, -0.067462169, -0.7678867;
 0.067100152, 0.63404638, 0.77037835, -1.8067299;
 0.024600888, -0.77293515, 0.63400793, -1.5070215;
 0, 0, 0, 1]
Ow:
[0.92422909;
 -0.037393808;
 2.2955258]
Keyframe: 90 Frame: 745 Frame from vFrameID : 746
Tcw:
[0.99912608, 0.041732058, 0.0023554822, 0.92952579;
 -0.024936531, 0.64034694, -0.76768088, -0.035729289;
 -0.03354523, 0.76695126, 0.64082795, 2.3067317;
 0, 0, 0, 1]
Twc:
[0.99912608, -0.024936531, -0.03354523, -0.85222453;
