Keyframe: 0 Frame: 0 Frame from vFrameID : 7
Tcw:
[1, 0, 0, 0;
 0, 1, 0, 0;
 0, 0, 1, 0;
 0, 0, 0, 1]
Twc:
[1, 0, 0, 0;
 0, 1, 0, 0;
 0, 0, 1, 0;
 0, 0, 0, 1]
Ow:
[0;
 0;
 0]
Keyframe: 1 Frame: 6 Frame from vFrameID : 7
Tcw:
[0.99844283, -0.013721487, 0.054070748, 0.0038514307;
 0.011372323, 0.99898797, 0.043516811, -0.018720269;
 -0.054613143, -0.04283414, 0.9975884, -0.0033270316;
 0, 0, 0, 1]
Twc:
[0.99844283, 0.011372323, -0.054613143, -0.0038142402;
 -0.013721487, 0.99898797, -0.04283414, 0.01861166;
 0.054070748, 0.043516811, 0.9975884, 0.003925405;
 0, 0, 0, 1]
Ow:
[0.0038514307;
 -0.018720269;
 -0.0033270316]
Keyframe: 2 Frame: 8 Frame from vFrameID : 9
Tcw:
[0.99884367, -0.012272683, 0.046483394, 0.0031291691;
 0.010113738, 0.9988718, 0.04639921, -0.019540636;
 -0.047000393, -0.045875438, 0.99784088, -0.0034114681;
 0, 0, 0, 1]
Twc:
[0.99884367, 0.010113738, -0.047000393, -0.0030882622;
 -0.012272683, 0.9988718, -0.045875438, 0.01940049;
 0.046483394, 0.04639921, 0.99784088, 0.0041653179;
 0, 0, 0, 1]
Ow:
[0.0031291691;
 -0.019540636;
 -0.0034114681]
Keyframe: 3 Frame: 10 Frame from vFrameID : 11
Tcw:
[0.99919116, 0.00086397806, 0.04020302, 0.0035668791;
 -0.0026452427, 0.99901587, 0.044274665, -0.019667313;
 -0.040125206, -0.0443452, 0.99821013, -0.0040727314;
 0, 0, 0, 1]
Twc:
[0.99919116, -0.0026452427, -0.040125206, -0.0037794379;
 0.00086397806, 0.99901587, -0.0443452, 0.019464271;
 0.04020302, 0.044274665, 0.99821013, 0.0047928062;
 0, 0, 0, 1]
Ow:
[0.0035668791;
 -0.019667313;
 -0.0040727314]
Keyframe: 4 Frame: 12 Frame from vFrameID : 13
Tcw:
[0.99969023, 0.0038799208, 0.02458529, 0.0011851056;
 -0.0051429686, 0.99865866, 0.051520996, -0.017886097;
 -0.024352415, -0.051631477, 0.99836922, -0.00507598;
 0, 0, 0, 1]
Twc:
[0.99969023, -0.0051429686, -0.024352415, -0.0014003385;
 0.0038799208, 0.99865866, -0.051631477, 0.017595429;
 0.02458529, 0.051520996, 0.99836922, 0.0059600761;
 0, 0, 0, 1]
Ow:
[0.0011851056;
 -0.017886097;
 -0.00507598]
Keyframe: 5 Frame: 14 Frame from vFrameID : 15
Tcw:
[0.9999004, -0.0097806361, 0.010172764, -0.0011592094;
 0.0091633722, 0.99821299, 0.059049718, -0.02407141;
 -0.010732129, -0.058950622, 0.99820322, -0.003137684;
 0, 0, 0, 1]
Twc:
[0.9999004, 0.0091633722, -0.010732129, 0.0013459952;
 -0.0097806361, 0.99821299, -0.058950622, 0.023832086;
 0.010172764, 0.059049718, 0.99820322, 0.0045652483;
 0, 0, 0, 1]
Ow:
[-0.0011592094;
 -0.02407141;
 -0.003137684]
Keyframe: 6 Frame: 17 Frame from vFrameID : 18
Tcw:
[0.99982077, -0.0090601286, 0.016624158, -0.0036091157;
 0.0087055862, 0.99973571, 0.021276776, -0.021511288;
 -0.016812535, -0.021128239, 0.9996354, -0.005003239;
 0, 0, 0, 1]
Twc:
[0.99982077, 0.0087055862, -0.016812535, 0.0037116201;
 -0.0090601286, 0.99973571, -0.021128239, 0.021367196;
 0.016624158, 0.021276776, 0.9996354, 0.0055191042;
 0, 0, 0, 1]
Ow:
[-0.0036091157;
 -0.021511288;
 -0.005003239]
Keyframe: 7 Frame: 19 Frame from vFrameID : 20
Tcw:
[0.99993366, -0.0079751713, 0.0083096437, -0.00099540455;
 0.007759897, 0.99964154, 0.025624452, -0.020976484;
 -0.0085110245, -0.025558271, 0.99963713, -0.0062129921;
 0, 0, 0, 1]
Twc:
[0.99993366, 0.007759897, -0.0085110245, 0.001105235;
 -0.0079751713, 0.99964154, -0.025558271, 0.020802232;
 0.0083096437, 0.025624452, 0.99963713, 0.0067565194;
 0, 0, 0, 1]
Ow:
[-0.00099540455;
 -0.020976484;
 -0.0062129921]
Keyframe: 8 Frame: 22 Frame from vFrameID : 23
Tcw:
[0.99988455, -0.0083647314, 0.012685048, -0.0056051542;
 0.008097427, 0.9997471, 0.020979339, -0.023146639;
 -0.012857327, -0.020874202, 0.99969941, -0.0053058569;
 0, 0, 0, 1]
Twc:
[0.99988455, 0.008097427, -0.012857327, 0.0057237162;
 -0.0083647314, 0.9997471, -0.020874202, 0.022983145;
 0.012685048, 0.020979339, 0.99969941, 0.0058609652;
 0, 0, 0, 1]
Ow:
[-0.0056051542;
 -0.023146639;
 -0.0053058569]
Keyframe: 9 Frame: 25 Frame from vFrameID : 26
Tcw:
[0.99961054, -0.027905079, -0.00012893828, -0.005879709;
 0.027900482, 0.99933797, 0.023348346, -0.023486642;
 -0.00052268454, -0.023342852, 0.99972737, -0.0060930257;
 0, 0, 0, 1]
Twc:
[0.99961054, 0.027900482, -0.00052268454, 0.0065295231;
 -0.027905079, 0.99933797, -0.023342852, 0.023164792;
 -0.00012893828, 0.023348346, 0.99972737, 0.0066389809;
 0, 0, 0, 1]
Ow:
[-0.005879709;
 -0.023486642;
 -0.0060930257]
Keyframe: 10 Frame: 28 Frame from vFrameID : 29
Tcw:
[0.99969912, -0.021494549, 0.011819701, -0.0063505364;
 0.021219954, 0.99951285, 0.022886362, -0.021982925;
 -0.012305875, -0.022628661, 0.99966818, -0.0065642977;
 0, 0, 0, 1]
Twc:
[0.99969912, 0.021219954, -0.012305875, 0.0067343223;
 -0.021494549, 0.99951285, -0.022628661, 0.021687172;
 0.011819701, 0.022886362, 0.99966818, 0.0071402905;
 0, 0, 0, 1]
Ow:
[-0.0063505364;
 -0.021982925;
 -0.0065642977]
Keyframe: 11 Frame: 31 Frame from vFrameID : 32
Tcw:
[0.9999001, -0.014043367, 0.0016206988, -0.006151007;
 0.014013677, 0.9997561, 0.017069476, -0.023562863;
 -0.0018600164, -0.017045058, 0.99985301, -0.0060414812;
 0, 0, 0, 1]
Twc:
[0.9999001, 0.014013677, -0.0018600164, 0.0064693578;
 -0.014043367, 0.9997561, -0.017045058, 0.023367759;
 0.0016206988, 0.017069476, 0.99985301, 0.0064527676;
 0, 0, 0, 1]
Ow:
[-0.006151007;
 -0.023562863;
 -0.0060414812]
Keyframe: 12 Frame: 34 Frame from vFrameID : 35
Tcw:
[0.99990809, -0.0119785, -0.0063493312, -0.005368128;
 0.012061514, 0.99984008, 0.013201566, -0.021415647;
 0.0061901812, -0.013276936, 0.99989271, -0.0068862853;
 0, 0, 0, 1]
Twc:
[0.99990809, 0.012061514, 0.0061901812, 0.005668567;
 -0.0119785, 0.99984008, -0.013276936, 0.021256492;
 -0.0063493312, 0.013201566, 0.99989271, 0.0071341824;
 0, 0, 0, 1]
Ow:
[-0.005368128;
 -0.021415647;
 -0.0068862853]
Keyframe: 13 Frame: 37 Frame from vFrameID : 38
Tcw:
[0.99991214, 0.0048755412, -0.012324745, -0.0032722908;
 -0.0045116926, 0.99955815, 0.029379167, -0.023288524;
 0.012462539, -0.029320981, 0.99949235, -0.004681888;
 0, 0, 0, 1]
Twc:
[0.99991214, -0.0045116926, 0.012462539, 0.0032252811;
 0.0048755412, 0.99955815, -0.029320981, 0.023156909;
 -0.012324745, 0.029379167, 0.99949235, 0.0053233784;
 0, 0, 0, 1]
Ow:
[-0.0032722908;
 -0.023288524;
 -0.004681888]
Keyframe: 14 Frame: 40 Frame from vFrameID : 41
Tcw:
[0.99983352, 0.0017805559, -0.018159406, -0.0052346997;
 -0.0014166165, 0.9997983, 0.020034581, -0.023807988;
 0.018191416, -0.02000552, 0.99963439, -0.0030965232;
 0, 0, 0, 1]
Twc:
[0.99983352, -0.0014166165, 0.018191416, 0.0052564316;
 0.0017805559, 0.9997983, -0.02000552, 0.023750558;
 -0.018159406, 0.020034581, 0.99963439, 0.0034773147;
 0, 0, 0, 1]
Ow:
[-0.0052346997;
 -0.023807988;
 -0.0030965232]
Keyframe: 15 Frame: 43 Frame from vFrameID : 44
Tcw:
[0.99983829, -0.0038521739, -0.017566064, -0.0073523987;
 0.0041991957, 0.99979591, 0.01976133, -0.023048602;
 0.017486354, -0.019831896, 0.99965042, -0.0032407481;
 0, 0, 0, 1]
Twc:
[0.99983829, 0.0041991957, 0.017486354, 0.0075046639;
 -0.0038521739, 0.99979591, -0.019831896, 0.022951305;
 -0.017566064, 0.01976133, 0.99965042, 0.0035659333;
 0, 0, 0, 1]
Ow:
[-0.0073523987;
 -0.023048602;
 -0.0032407481]
Keyframe: 16 Frame: 46 Frame from vFrameID : 47
Tcw:
[0.99978656, -0.0036248255, -0.020340819, -0.0099293394;
 0.0041216793, 0.99969286, 0.024437914, -0.023325754;
 0.020245988, -0.024516534, 0.99949437, -0.0025357034;
 0, 0, 0, 1]
Twc:
[0.99978656, 0.0041216793, 0.020245988, 0.010074699;
 -0.0036248255, 0.99969286, -0.024516534, 0.023220431;
 -0.020340819, 0.024437914, 0.99949437, 0.0029024831;
 0, 0, 0, 1]
Ow:
[-0.0099293394;
 -0.023325754;
 -0.0025357034]
Keyframe: 17 Frame: 49 Frame from vFrameID : 50
Tcw:
[0.99946797, 0.00086110854, -0.032603811, -0.012125984;
 5.304271e-05, 0.99960715, 0.028026931, -0.024655417;
 0.032615136, -0.028013749, 0.99907529, -0.0026929986;
 0, 0, 0, 1]
Twc:
[0.99946797, 5.304271e-05, 0.032615136, 0.012208672;
 0.00086110854, 0.99960715, -0.028013749, 0.024580732;
 -0.032603811, 0.028026931, 0.99907529, 0.0029861708;
 0, 0, 0, 1]
Ow:
[-0.012125984;
 -0.024655417;
 -0.0026929986]
Keyframe: 18 Frame: 52 Frame from vFrameID : 53
Tcw:
[0.99893349, 0.011593212, -0.044693209, -0.014157789;
 -0.0099938158, 0.99930739, 0.035844941, -0.025651269;
 0.045077812, -0.035360057, 0.99835747, -0.0030249015;
 0, 0, 0, 1]
Twc:
[0.99893349, -0.0099938158, 0.045077812, 0.01402269;
 0.011593212, 0.99930739, -0.035360057, 0.025690677;
 -0.044693209, 0.035844941, 0.99835747, 0.0033066443;
 0, 0, 0, 1]
Ow:
[-0.014157789;
 -0.025651269;
 -0.0030249015]
Keyframe: 19 Frame: 56 Frame from vFrameID : 57
Tcw:
[0.9969334, 0.021373142, -0.075279646, -0.015314988;
 -0.018145945, 0.99889749, 0.043295629, -0.033368737;
 0.076122016, -0.041796837, 0.99622208, -0.0029411511;
 0, 0, 0, 1]
Twc:
[0.9969334, -0.018145945, 0.076122016, 0.014886402;
 0.021373142, 0.99889749, -0.041796837, 0.033536345;
 -0.075279646, 0.043295629, 0.99622208, 0.0032218532;
 0, 0, 0, 1]
Ow:
[-0.015314988;
 -0.033368737;
 -0.0029411511]
Keyframe: 20 Frame: 60 Frame from vFrameID : 61
Tcw:
[0.99746597, 0.025051706, -0.066589013, -0.011151758;
 -0.022373518, 0.99892229, 0.040665627, -0.035757836;
 0.067535996, -0.039072748, 0.99695146, -0.0016171046;
 0, 0, 0, 1]
Twc:
[0.99746597, -0.022373518, 0.067535996, 0.010432683;
 0.025051706, 0.99892229, -0.039072748, 0.035935484;
 -0.066589013, 0.040665627, 0.99695146, 0.002323705;
 0, 0, 0, 1]
Ow:
[-0.011151758;
 -0.035757836;
 -0.0016171046]
Keyframe: 21 Frame: 64 Frame from vFrameID : 65
Tcw:
[0.99867594, 0.023029573, -0.046000279, -0.0027696984;
 -0.021375226, 0.99911821, 0.036137663, -0.037606671;
 0.046791952, -0.035106547, 0.99828756, 8.9073204e-05;
 0, 0, 0, 1]
Twc:
[0.99867594, -0.021375226, 0.046791952, 0.0019580121;
 0.023029573, 0.99911821, -0.035106547, 0.037640423;
 -0.046000279, 0.036137663, 0.99828756, 0.0011426897;
 0, 0, 0, 1]
Ow:
[-0.0027696984;
 -0.037606671;
 8.9073204e-05]
Keyframe: 22 Frame: 68 Frame from vFrameID : 69
Tcw:
[0.99938285, 0.027043803, -0.022417357, 0.004656442;
 -0.026275851, 0.99908072, 0.03387136, -0.036504678;
 0.023312761, -0.033261422, 0.99917477, 0.0011192895;
 0, 0, 0, 1]
Twc:
[0.99938285, -0.026275851, 0.023312761, -0.0056388532;
 0.027043803, 0.99908072, -0.033261422, 0.036382422;
 -0.022417357, 0.03387136, 0.99917477, 0.00022248238;
 0, 0, 0, 1]
Ow:
[0.004656442;
 -0.036504678;
 0.0011192895]
Keyframe: 23 Frame: 72 Frame from vFrameID : 73
Tcw:
[0.9995203, 0.028701225, 0.011638821, 0.013522611;
 -0.029161226, 0.99871308, 0.04149444, -0.031757403;
 -0.010432902, -0.041813936, 0.99907094, 0.0038969407;
 0, 0, 0, 1]
Twc:
[0.9995203, -0.029161226, -0.010432902, -0.014401552;
 0.028701225, 0.99871308, -0.041813936, 0.031491365;
 0.011638821, 0.04149444, 0.99907094, -0.0027329519;
 0, 0, 0, 1]
Ow:
[0.013522611;
 -0.031757403;
 0.0038969407]
Keyframe: 24 Frame: 76 Frame from vFrameID : 77
Tcw:
[0.99906635, 0.027874069, 0.033006702, 0.013796489;
 -0.029445948, 0.99840665, 0.048135683, -0.03178975;
 -0.031612374, -0.049062654, 0.99829531, 0.0031389424;
 0, 0, 0, 1]
Twc:
[0.99906635, -0.029445948, -0.031612374, -0.014620459;
 0.027874069, 0.99840665, -0.049062654, 0.031508543;
 0.033006702, 0.048135683, 0.99829531, -0.0020587465;
 0, 0, 0, 1]
Ow:
[0.013796489;
 -0.03178975;
 0.0031389424]
Keyframe: 25 Frame: 80 Frame from vFrameID : 81
Tcw:
[0.99919248, 0.023620371, 0.032504208, 0.01493345;
 -0.025272293, 0.99835902, 0.051386405, -0.028712895;
 -0.031237103, -0.052166361, 0.99814975, 0.0050433502;
 0, 0, 0, 1]
Twc:
[0.99919248, -0.025272293, -0.031237103, -0.015489492;
 0.023620371, 0.99835902, -0.052166361, 0.028576136;
 0.032504208, 0.051386405, 0.99814975, -0.0040439661;
 0, 0, 0, 1]
Ow:
[0.01493345;
 -0.028712895;
 0.0050433502]
Keyframe: 26 Frame: 84 Frame from vFrameID : 85
Tcw:
[0.99961793, 0.015251802, 0.023052309, 0.013715872;
 -0.016280219, 0.99884963, 0.04510355, -0.02590229;
 -0.02233788, -0.045461614, 0.99871629, 0.0052291681;
 0, 0, 0, 1]
Twc:
[0.99961793, -0.016280219, -0.02233788, -0.014015517;
 0.015251802, 0.99884963, -0.045461614, 0.025901027;
 0.023052309, 0.04510355, 0.99871629, -0.0043703527;
 0, 0, 0, 1]
Ow:
[0.013715872;
 -0.02590229;
 0.0052291681]
Keyframe: 27 Frame: 88 Frame from vFrameID : 89
Tcw:
[0.99987155, 0.015822137, 0.0025489239, 0.0068108998;
 -0.015927561, 0.99868566, 0.048716169, -0.022540716;
 -0.0017747799, -0.048750512, 0.9988094, 0.004535336;
 0, 0, 0, 1]
Twc:
[0.99987155, -0.015927561, -0.0017747799, -0.0071609947;
 0.015822137, 0.99868566, -0.048750512, 0.022624427;
 0.0025489239, 0.048716169, 0.9988094, -0.0034491995;
 0, 0, 0, 1]
Ow:
[0.0068108998;
 -0.022540716;
 0.004535336]
Keyframe: 28 Frame: 92 Frame from vFrameID : 93
Tcw:
[0.99944824, 0.018719666, -0.027436713, -0.0012526398;
 -0.017164938, 0.99829185, 0.055845689, -0.02279822;
 0.02843526, -0.055343926, 0.99806237, 0.0036676398;
 0, 0, 0, 1]
Twc:
[0.99944824, -0.017164938, 0.02843526, 0.00075632829;
 0.018719666, 0.99829185, -0.055343926, 0.022985708;
 -0.027436713, 0.055845689, 0.99806237, -0.0024217193;
 0, 0, 0, 1]
Ow:
[-0.0012526398;
 -0.02279822;
 0.0036676398]
Keyframe: 29 Frame: 96 Frame from vFrameID : 97
Tcw:
[0.99855906, 0.021426739, -0.049200632, -0.0063783862;
 -0.01869401, 0.99829221, 0.055346306, -0.025932072;
 0.050302498, -0.054346796, 0.99725425, 0.0023996015;
 0, 0, 0, 1]
Twc:
[0.99855906, -0.01869401, 0.050302498, 0.0057637147;
 0.021426739, 0.99829221, -0.054346796, 0.026154863;
 -0.049200632, 0.055346306, 0.99725425, -0.0012715892;
 0, 0, 0, 1]
Ow:
[-0.0063783862;
 -0.025932072;
 0.0023996015]
Keyframe: 30 Frame: 100 Frame from vFrameID : 101
Tcw:
[0.99765944, 0.025622617, -0.063396432, -0.012660404;
 -0.022776159, 0.99871731, 0.04522182, -0.028188996;
 0.064473815, -0.043672051, 0.99696332, 0.0019068345;
 0, 0, 0, 1]
Twc:
[0.99765944, -0.022776159, 0.064473815, 0.011865794;
 0.025622617, 0.99871731, -0.043672051, 0.028560504;
 -0.063396432, 0.04522182, 0.99696332, -0.0014289109;
 0, 0, 0, 1]
Ow:
[-0.012660404;
 -0.028188996;
 0.0019068345]
Keyframe: 31 Frame: 104 Frame from vFrameID : 105
Tcw:
[0.99830812, 0.019623036, -0.05473407, -0.017765759;
 -0.017223708, 0.99888444, 0.043968532, -0.030880408;
 0.055535808, -0.042951416, 0.99753243, 0.0043209167;
 0, 0, 0, 1]
Twc:
[0.99830812, -0.017223708, 0.055535808, 0.016963862;
 0.019623036, 0.99888444, -0.042951416, 0.031380165;
 -0.05473407, 0.043968532, 0.99753243, -0.0039248806;
 0, 0, 0, 1]
Ow:
[-0.017765759;
 -0.030880408;
 0.0043209167]
Keyframe: 32 Frame: 109 Frame from vFrameID : 110
Tcw:
[0.9998405, 0.0081097567, -0.015913261, -0.017795186;
 -0.0074384212, 0.99909824, 0.041802153, -0.032109942;
 0.016237916, -0.041677117, 0.99899918, 0.010032458;
 0, 0, 0, 1]
Twc:
[0.9998405, -0.0074384212, 0.016237916, 0.017390594;
 0.0081097567, 0.99909824, -0.041677117, 0.032643422;
 -0.015913261, 0.041802153, 0.99899918, -0.0089633325;
 0, 0, 0, 1]
Ow:
[-0.017795186;
 -0.032109942;
 0.010032458]
Keyframe: 33 Frame: 113 Frame from vFrameID : 114
Tcw:
[0.99992824, 0.010941397, 0.0048817, -0.016213927;
 -0.011146451, 0.99896199, 0.044167224, -0.032280758;
 -0.0043933815, -0.044218469, 0.99901223, 0.017285936;
 0, 0, 0, 1]
Twc:
[0.99992824, -0.011146451, -0.0043933815, 0.015928892;
 0.010941397, 0.99896199, -0.044218469, 0.03318901;
 0.0048817, 0.044167224, 0.99901223, -0.015763959;
 0, 0, 0, 1]
Ow:
[-0.016213927;
 -0.032280758;
 0.017285936]
Keyframe: 34 Frame: 117 Frame from vFrameID : 118
Tcw:
[0.99980652, 0.005086977, 0.01900227, -0.013650099;
 -0.0059225694, 0.99900609, 0.044179078, -0.035683524;
 -0.018758645, -0.044283073, 0.9988429, 0.028818019;
 0, 0, 0, 1]
Twc:
[0.99980652, -0.0059225694, -0.018758645, 0.013976706;
 0.005086977, 0.99900609, -0.044283073, 0.036993645;
 0.01900227, 0.044179078, 0.9988429, -0.026948825;
 0, 0, 0, 1]
Ow:
[-0.013650099;
 -0.035683524;
 0.028818019]
Keyframe: 35 Frame: 123 Frame from vFrameID : 124
Tcw:
[0.99940592, 0.01528397, 0.030891137, 0.001837292;
 -0.015556647, 0.99984193, 0.0086060474, -0.045866456;
 -0.030754721, -0.0090814969, 0.99948573, 0.059734479;
 0, 0, 0, 1]
Twc:
[0.99940592, -0.015556647, -0.030754721, -0.00071261148;
 0.01528397, 0.99984193, -0.0090814969, 0.046373606;
 0.030891137, 0.0086060474, 0.99948573, -0.059365783;
 0, 0, 0, 1]
Ow:
[0.001837292;
 -0.045866456;
 0.059734479]
Keyframe: 36 Frame: 128 Frame from vFrameID : 129
Tcw:
[0.99984282, 0.017583296, 0.0022801715, 0.013132955;
 -0.017520029, 0.99952632, -0.025301773, -0.061425328;
 -0.00272398, 0.025257848, 0.99967724, 0.083316408;
 0, 0, 0, 1]
Twc:
[0.99984282, -0.017520029, -0.00272398, -0.013980112;
 0.017583296, 0.99952632, 0.025257848, 0.05906092;
 0.0022801715, -0.025301773, 0.99967724, -0.084873639;
 0, 0, 0, 1]
Ow:
[0.013132955;
 -0.061425328;
 0.083316408]
Keyframe: 37 Frame: 133 Frame from vFrameID : 134
Tcw:
[0.99931097, 0.034820732, 0.012851071, 0.019009365;
 -0.034105152, 0.99805236, -0.052233916, -0.072484612;
 -0.014644864, 0.051759638, 0.9985522, 0.094347268;
 0, 0, 0, 1]
Twc:
[0.99931097, -0.034105152, -0.014644864, -0.020086661;
 0.034820732, 0.99805236, 0.051759638, 0.066798136;
 0.012851071, -0.052233916, 0.9985522, -0.098241113;
 0, 0, 0, 1]
Ow:
[0.019009365;
 -0.072484612;
 0.094347268]
Keyframe: 38 Frame: 138 Frame from vFrameID : 139
Tcw:
[0.99918073, 0.039964925, -0.0063766502, 0.017174145;
 -0.04008612, 0.99899262, -0.020168966, -0.078894272;
 0.0055641755, 0.020408057, 0.99977624, 0.10908576;
 0, 0, 0, 1]
Twc:
[0.99918073, -0.04008612, 0.0055641755, -0.020929612;
 0.039964925, 0.99899262, 0.020408057, 0.075902209;
 -0.0063766502, -0.020168966, 0.99977624, -0.11054306;
 0, 0, 0, 1]
Ow:
[0.017174145;
 -0.078894272;
 0.10908576]
Keyframe: 39 Frame: 143 Frame from vFrameID : 144
Tcw:
[0.99925762, 0.038425982, 0.0027621863, 0.012737886;
 -0.038407311, 0.99924088, -0.0065207947, -0.081553027;
 -0.0030106576, 0.0064098658, 0.99997491, 0.12715574;
 0, 0, 0, 1]
Twc:
[0.99925762, -0.038407311, -0.0030106576, -0.015477841;
 0.038425982, 0.99924088, 0.0064098658, 0.080186605;
 0.0027621863, -0.0065207947, 0.99997491, -0.12771952;
 0, 0, 0, 1]
Ow:
[0.012737886;
 -0.081553027;
 0.12715574]
Keyframe: 40 Frame: 148 Frame from vFrameID : 149
Tcw:
[0.99890029, 0.015888426, 0.044110388, 0.0056768302;
 -0.015358905, 0.99980617, -0.01231753, -0.085803419;
 -0.044297546, 0.011626497, 0.99895072, 0.14573157;
 0, 0, 0, 1]
Twc:
[0.99890029, -0.015358905, -0.044297546, -0.00053288357;
 0.015888426, 0.99980617, 0.011626497, 0.084002241;
 0.044110388, -0.01231753, 0.99895072, -0.14688595;
 0, 0, 0, 1]
Ow:
[0.0056768302;
 -0.085803419;
 0.14573157]
Keyframe: 41 Frame: 153 Frame from vFrameID : 154
Tcw:
[0.99698704, 0.017220929, 0.075632155, 0.0018085605;
 -0.017728109, 0.99982458, 0.0060395817, -0.084703423;
 -0.075514883, -0.0073621999, 0.99711752, 0.16115718;
 0, 0, 0, 1]
Twc:
[0.99698704, -0.017728109, -0.075514883, 0.008865023;
 0.017220929, 0.99982458, -0.0073621999, 0.085843898;
 0.075632155, 0.0060395817, 0.99711752, -0.16031785;
 0, 0, 0, 1]
Ow:
[0.0018085605;
 -0.084703423;
 0.16115718]
Keyframe: 42 Frame: 158 Frame from vFrameID : 159
Tcw:
[0.99706846, 0.005699507, 0.076302297, -0.00057099294;
 -0.006210885, 0.99995983, 0.0064663799, -0.084946752;
 -0.076262377, -0.0069213281, 0.99706376, 0.17792517;
 0, 0, 0, 1]
Twc:
[0.99706846, -0.006210885, -0.076262377, 0.013610721;
 0.005699507, 0.99995983, -0.0069213281, 0.086178072;
 0.076302297, 0.0064663799, 0.99706376, -0.17680988;
 0, 0, 0, 1]
Ow:
[-0.00057099294;
 -0.084946752;
 0.17792517]
Keyframe: 43 Frame: 163 Frame from vFrameID : 164
Tcw:
[0.99896127, 0.025207106, 0.037960153, 0.0083362823;
 -0.024744209, 0.99961424, -0.012615182, -0.092022799;
 -0.0382635, 0.011662784, 0.99919963, 0.2016813;
 0, 0, 0, 1]
Twc:
[0.99896127, -0.024744209, -0.0382635, -0.0028876227;
 0.025207106, 0.99961424, 0.011662784, 0.089424998;
 0.037960153, -0.012615182, 0.99919963, -0.20299721;
 0, 0, 0, 1]
Ow:
[0.0083362823;
 -0.092022799;
 0.2016813]
Keyframe: 44 Frame: 169 Frame from vFrameID : 170
Tcw:
[0.99852067, 0.051912066, -0.016172685, 0.018092757;
 -0.052278828, 0.99836427, -0.023146609, -0.094408005;
 0.014944642, 0.023957858, 0.99960124, 0.22444442;
 0, 0, 0, 1]
Twc:
[0.99852067, -0.052278828, 0.014944642, -0.026355775;
 0.051912066, 0.99836427, 0.023957858, 0.087937132;
 -0.016172685, -0.023146609, 0.99960124, -0.22624753;
 0, 0, 0, 1]
Ow:
[0.018092757;
 -0.094408005;
 0.22444442]
Keyframe: 45 Frame: 177 Frame from vFrameID : 178
Tcw:
[0.99889719, 0.045209348, -0.012669073, 0.01411423;
 -0.04555843, 0.99854726, -0.028772296, -0.098904118;
 0.011349892, 0.029317748, 0.9995057, 0.25459757;
 0, 0, 0, 1]
Twc:
[0.99889719, -0.04555843, 0.011349892, -0.021494236;
 0.045209348, 0.99854726, 0.029317748, 0.090658106;
 -0.012669073, -0.028772296, 0.9995057, -0.25713861;
 0, 0, 0, 1]
Ow:
[0.01411423;
 -0.098904118;
 0.25459757]
Keyframe: 46 Frame: 183 Frame from vFrameID : 184
Tcw:
[0.99783385, 0.016003767, 0.063808225, 0.0029562972;
 -0.014027325, 0.99941152, -0.031303316, -0.099469788;
 -0.064271644, 0.03034045, 0.99747109, 0.28905874;
 0, 0, 0, 1]
Twc:
[0.99783385, -0.014027325, -0.064271644, 0.014233095;
 0.016003767, 0.99941152, 0.03034045, 0.090593763;
 0.063808225, -0.031303316, 0.99747109, -0.29163015;
 0, 0, 0, 1]
Ow:
[0.0029562972;
 -0.099469788;
 0.28905874]
Keyframe: 47 Frame: 189 Frame from vFrameID : 190
Tcw:
[0.99387187, 0.0082925474, 0.11022669, 0.004469201;
 -0.0073370314, 0.99993193, -0.0090714293, -0.10249983;
 -0.11029441, 0.0082071023, 0.99386507, 0.31281903;
 0, 0, 0, 1]
Twc:
[0.99387187, -0.0073370314, -0.11029441, 0.029308336;
 0.0082925474, 0.99993193, 0.0082071023, 0.099888459;
 0.11022669, -0.0090714293, 0.99386507, -0.31232238;
 0, 0, 0, 1]
Ow:
[0.004469201;
 -0.10249983;
 0.31281903]
Keyframe: 48 Frame: 195 Frame from vFrameID : 196
Tcw:
[0.99509788, 0.041868236, 0.08959499, 0.01605616;
 -0.042153321, 0.99911034, 0.0012912985, -0.10908413;
 -0.089461215, -0.0050616949, 0.99597746, 0.34512714;
 0, 0, 0, 1]
Twc:
[0.99509788, -0.042153321, -0.089461215, 0.010299784;
 0.041868236, 0.99911034, -0.0050616949, 0.11006176;
 0.08959499, 0.0012912985, 0.99597746, -0.34503654;
 0, 0, 0, 1]
Ow:
[0.01605616;
 -0.10908413;
 0.34512714]
Keyframe: 49 Frame: 201 Frame from vFrameID : 202
Tcw:
[0.99897915, 0.042418964, 0.015534724, 0.015964819;
 -0.041680362, 0.99811137, -0.045127284, -0.11007763;
 -0.017419636, 0.04443372, 0.99886048, 0.37035257;
 0, 0, 0, 1]
Twc:
[0.99897915, -0.041680362, -0.017419636, -0.014085189;
 0.042418964, 0.99811137, 0.04443372, 0.092736378;
 0.015534724, -0.045127284, 0.99886048, -0.37514603;
 0, 0, 0, 1]
Ow:
[0.015964819;
 -0.11007763;
 0.37035257]
Keyframe: 50 Frame: 207 Frame from vFrameID : 208
Tcw:
[0.99881744, 0.048597626, 0.0014083062, 0.015959671;
 -0.048604287, 0.99880481, 0.0051600384, -0.11498106;
 -0.0011558573, -0.0052223857, 0.99998569, 0.39475712;
 0, 0, 0, 1]
Twc:
[0.99881744, -0.048604287, -0.0011558573, -0.021073086;
 0.048597626, 0.99880481, -0.0052223857, 0.1161296;
 0.0014083062, 0.0051600384, 0.99998569, -0.39418063;
 0, 0, 0, 1]
Ow:
[0.015959671;
 -0.11498106;
 0.39475712]
Keyframe: 51 Frame: 214 Frame from vFrameID : 215
Tcw:
[0.9989593, 0.044798665, 0.0085681612, 0.012250722;
 -0.044944428, 0.99883354, 0.017652187, -0.11490521;
 -0.0077673723, -0.018018907, 0.99980748, 0.42795312;
 0, 0, 0, 1]
Twc:
[0.9989593, -0.044944428, -0.0077673723, -0.01407825;
 0.044798665, 0.99883354, -0.018018907, 0.1219336;
 0.0085681612, 0.017652187, 0.99980748, -0.42594737;
 0, 0, 0, 1]
Ow:
[0.012250722;
 -0.11490521;
 0.42795312]
Keyframe: 52 Frame: 220 Frame from vFrameID : 221
Tcw:
[0.9983778, 0.024081213, 0.051593762, 0.0096019283;
 -0.025362002, 0.99938256, 0.024315229, -0.1242169;
 -0.050976366, -0.025584305, 0.99837208, 0.46096742;
 0, 0, 0, 1]
Twc:
[0.9983778, -0.025362002, -0.050976366, 0.010761702;
 0.024081213, 0.99938256, -0.025584305, 0.13570252;
 0.051593762, 0.024315229, 0.99837208, -0.45769206;
 0, 0, 0, 1]
Ow:
[0.0096019283;
 -0.1242169;
 0.46096742]
Keyframe: 53 Frame: 226 Frame from vFrameID : 227
Tcw:
[0.99736619, 0.018305104, 0.070182979, 0.0033390932;
 -0.021984668, 0.99840409, 0.052019373, -0.12719551;
 -0.069118746, -0.053425312, 0.99617684, 0.48917913;
 0, 0, 0, 1]
Twc:
[0.99736619, -0.021984668, -0.069118746, 0.027684802;
 0.018305104, 0.99840409, -0.053425312, 0.15306592;
 0.070182979, 0.052019373, 0.99617684, -0.48092666;
 0, 0, 0, 1]
Ow:
[0.0033390932;
 -0.12719551;
 0.48917913]
Keyframe: 54 Frame: 232 Frame from vFrameID : 233
Tcw:
[0.99934441, 0.031545408, 0.017766189, 0.0017174771;
 -0.031494979, 0.99949908, -0.0031113073, -0.13676836;
 -0.017855437, 0.0025497219, 0.99983734, 0.51963383;
 0, 0, 0, 1]
Twc:
[0.99934441, -0.031494979, -0.017855437, 0.0032544215;
 0.031545408, 0.99949908, 0.0025497219, 0.13532075;
 0.017766189, -0.0031113073, 0.99983734, -0.52000535;
 0, 0, 0, 1]
Ow:
[0.0017174771;
 -0.13676836;
 0.51963383]
Keyframe: 55 Frame: 239 Frame from vFrameID : 240
Tcw:
[0.99918497, 0.035742112, -0.018758921, 0.0042710258;
 -0.036039978, 0.99922562, -0.015788263, -0.14136918;
 0.018180087, 0.016451467, 0.99969935, 0.54514045;
 0, 0, 0, 1]
Twc:
[0.99918497, -0.036039978, 0.018180087, -0.019273188;
 0.035742112, 0.99922562, 0.016451467, 0.1321387;
 -0.018758921, -0.015788263, 0.99969935, -0.54712844;
 0, 0, 0, 1]
Ow:
[0.0042710258;
 -0.14136918;
 0.54514045]
Keyframe: 56 Frame: 246 Frame from vFrameID : 247
Tcw:
[0.99788982, 0.060537007, -0.023478122, 0.0020040674;
 -0.061290234, 0.99758053, -0.03281175, -0.15110919;
 0.021434993, 0.034181487, 0.99918574, 0.57887709;
 0, 0, 0, 1]
Twc:
[0.99788982, -0.061290234, 0.021434993, -0.02366958;
 0.060537007, 0.99758053, 0.034181487, 0.13083537;
 -0.023478122, -0.03281175, 0.99918574, -0.58331686;
 0, 0, 0, 1]
Ow:
[0.0020040674;
 -0.15110919;
 0.57887709]
Keyframe: 57 Frame: 252 Frame from vFrameID : 253
Tcw:
[0.99895281, 0.021013174, -0.04064199, -0.011932433;
 -0.022057375, 0.99943358, -0.025417181, -0.15197709;
 0.040084872, 0.026287019, 0.99885046, 0.60724384;
 0, 0, 0, 1]
Twc:
[0.99895281, -0.022057375, 0.040084872, -0.01577357;
 0.021013174, 0.99943358, 0.026287019, 0.1361791;
 -0.04064199, -0.025417181, 0.99885046, -0.61089355;
 0, 0, 0, 1]
Ow:
[-0.011932433;
 -0.15197709;
 0.60724384]
Keyframe: 58 Frame: 258 Frame from vFrameID : 259
Tcw:
[0.99945319, 0.017773844, -0.027881645, -0.017581731;
 -0.017413203, 0.99976224, 0.013124607, -0.15139014;
 0.028108289, -0.012631921, 0.99952507, 0.63525683;
 0, 0, 0, 1]
Twc:
[0.99945319, -0.017413203, 0.028108289, -0.0029200534;
 0.017773844, 0.99976224, -0.012631921, 0.15969115;
 -0.027881645, 0.013124607, 0.99952507, -0.63345838;
 0, 0, 0, 1]
Ow:
[-0.017581731;
 -0.15139014;
 0.63525683]
Keyframe: 59 Frame: 265 Frame from vFrameID : 266
Tcw:
[0.99945337, 0.00545093, -0.032607142, -0.016288146;
 -0.0058942963, 0.99989128, -0.013516582, -0.15977637;
 0.03252992, 0.013701389, 0.99937683, 0.66926312;
 0, 0, 0, 1]
Twc:
[0.99945337, -0.0058942963, 0.03252992, -0.0064335992;
 0.00545093, 0.99989128, 0.013701389, 0.15067795;
 -0.032607142, -0.013516582, 0.99937683, -0.6715368;
 0, 0, 0, 1]
Ow:
[-0.016288146;
 -0.15977637;
 0.66926312]
Keyframe: 60 Frame: 271 Frame from vFrameID : 272
Tcw:
[0.99915838, 0.027816076, -0.030147007, -0.010719802;
 -0.02866351, 0.9991954, -0.028052241, -0.15769827;
 0.029342446, 0.02889275, 0.99915177, 0.69310647;
 0, 0, 0, 1]
Twc:
[0.99915838, -0.02866351, 0.029342446, -0.014146846;
 0.027816076, 0.9991954, 0.02889275, 0.13784382;
 -0.030147007, -0.028052241, 0.99915177, -0.69726551;
 0, 0, 0, 1]
Ow:
[-0.010719802;
 -0.15769827;
 0.69310647]
Keyframe: 61 Frame: 277 Frame from vFrameID : 278
Tcw:
[0.99831593, 0.056537487, -0.012993218, -0.0095662316;
 -0.05665629, 0.99835348, -0.0089646, -0.16058719;
 0.012464989, 0.0096856514, 0.99987543, 0.72323769;
 0, 0, 0, 1]
Twc:
[0.99831593, -0.05665629, 0.012464989, -0.0085633034;
 0.056537487, 0.99835348, 0.0096856514, 0.15385862;
 -0.012993218, -0.0089646, 0.99987543, -0.72471148;
 0, 0, 0, 1]
Ow:
[-0.0095662316;
 -0.16058719;
 0.72323769]
Keyframe: 62 Frame: 283 Frame from vFrameID : 284
Tcw:
[0.99844515, 0.055282354, 0.0071530342, -0.012466867;
 -0.055113316, 0.99823785, -0.021992858, -0.15869772;
 -0.0083562462, 0.021564435, 0.99973255, 0.75633836;
 0, 0, 0, 1]
Twc:
[0.99844515, -0.055113316, -0.0083562462, 0.010021274;
 0.055282354, 0.99823785, 0.021564435, 0.14279728;
 0.0071530342, -0.021992858, 0.99973255, -0.7595371;
 0, 0, 0, 1]
Ow:
[-0.012466867;
 -0.15869772;
 0.75633836]
Keyframe: 63 Frame: 289 Frame from vFrameID : 290
Tcw:
[0.99655193, 0.045912519, 0.069110654, -0.017315265;
 -0.045137312, 0.99889958, -0.012737823, -0.16043939;
 -0.069619432, 0.0095744319, 0.99752766, 0.78670251;
 0, 0, 0, 1]
Twc:
[0.99655193, -0.045137312, -0.069619432, 0.064783536;
 0.045912519, 0.99889958, 0.0095744319, 0.15352561;
 0.069110654, -0.012737823, 0.99752766, -0.78560454;
 0, 0, 0, 1]
Ow:
[-0.017315265;
 -0.16043939;
 0.78670251]
Keyframe: 64 Frame: 295 Frame from vFrameID : 296
Tcw:
[0.9954378, 0.07670448, 0.056745149, -0.017536495;
 -0.076135032, 0.9970237, -0.012133097, -0.16204518;
 -0.057506923, 0.0077574495, 0.99831498, 0.81713974;
 0, 0, 0, 1]
Twc:
[0.9954378, -0.076135032, -0.057506923, 0.052110367;
 0.07670448, 0.9970237, 0.0077574495, 0.15656908;
 0.056745149, -0.012133097, 0.99831498, -0.81673384;
 0, 0, 0, 1]
Ow:
[-0.017536495;
 -0.16204518;
 0.81713974]
Keyframe: 65 Frame: 301 Frame from vFrameID : 302
Tcw:
[0.99572825, 0.091953591, -0.0083537595, -0.016862649;
 -0.091988802, 0.99575227, -0.0039320057, -0.16613343;
 0.0079567125, 0.0046836613, 0.99995738, 0.84328139;
 0, 0, 0, 1]
Twc:
[0.99572825, -0.091988802, 0.0079567125, -0.0052015455;
 0.091953591, 0.99575227, 0.0046836613, 0.16302867;
 -0.0083537595, -0.0039320057, 0.99995738, -0.8440395;
 0, 0, 0, 1]
Ow:
[-0.016862649;
 -0.16613343;
 0.84328139]
Keyframe: 66 Frame: 306 Frame from vFrameID : 307
Tcw:
[0.99483269, 0.09427534, -0.037683245, -0.016817609;
 -0.093913503, 0.99551666, 0.011263612, -0.17151774;
 0.038576178, -0.0076664444, 0.99922627, 0.86632413;
 0, 0, 0, 1]
Twc:
[0.99483269, -0.093913503, 0.038576178, -0.032796599;
 0.09427534, 0.99551666, -0.0076664444, 0.17897588;
 -0.037683245, 0.011263612, 0.99922627, -0.86435562;
 0, 0, 0, 1]
Ow:
[-0.016817609;
 -0.17151774;
 0.86632413]
Keyframe: 67 Frame: 310 Frame from vFrameID : 311
Tcw:
[0.99497998, 0.095052116, -0.031303603, -0.016538085;
 -0.095218658, 0.99544889, -0.0038699578, -0.17495295;
 0.030793289, 0.006831218, 0.99950242, 0.88112974;
 0, 0, 0, 1]
Twc:
[0.99497998, -0.095218658, 0.030793289, -0.027336605;
 0.095052116, 0.99544889, 0.006831218, 0.16970952;
 -0.031303603, -0.0038699578, 0.99950242, -0.88188607;
 0, 0, 0, 1]
Ow:
[-0.016538085;
 -0.17495295;
 0.88112974]
Keyframe: 68 Frame: 316 Frame from vFrameID : 317
Tcw:
[0.99590492, 0.088874415, 0.016573563, -0.018638149;
 -0.08856459, 0.99589723, -0.018575856, -0.17496625;
 -0.018156484, 0.017031956, 0.99969006, 0.90853202;
 0, 0, 0, 1]
Twc:
[0.99590492, -0.08856459, -0.018156484, 0.019561756;
 0.088874415, 0.99589723, 0.017031956, 0.16043077;
 0.016573563, -0.018575856, 0.99969006, -0.9111917;
 0, 0, 0, 1]
Ow:
[-0.018638149;
 -0.17496625;
 0.90853202]
Keyframe: 69 Frame: 321 Frame from vFrameID : 322
Tcw:
[0.99639237, 0.078230709, 0.03289666, -0.02357991;
 -0.078106754, 0.99693227, -0.0050382311, -0.17810713;
 -0.033189889, 0.0024506035, 0.99944603, 0.93340701;
 0, 0, 0, 1]
Twc:
[0.99639237, -0.078106754, -0.033189889, 0.040563144;
 0.078230709, 0.99693227, 0.0024506035, 0.177118;
 0.03289666, -0.0050382311, 0.99944603, -0.93301159;
 0, 0, 0, 1]
Ow:
[-0.02357991;
 -0.17810713;
 0.93340701]
Keyframe: 70 Frame: 326 Frame from vFrameID : 327
Tcw:
[0.99520731, 0.093308538, 0.029256394, -0.021561481;
 -0.093266115, 0.99563724, -0.0028141702, -0.1806403;
 -0.029391341, 7.2052615e-05, 0.99956799, 0.95631367;
 0, 0, 0, 1]
Twc:
[0.99520731, -0.093266115, -0.029391341, 0.032717861;
 0.093308538, 0.99563724, 7.2052615e-05, 0.18179518;
 0.029256394, -0.0028141702, 0.99956799, -0.955778;
 0, 0, 0, 1]
Ow:
[-0.021561481;
 -0.1806403;
 0.95631367]
Keyframe: 71 Frame: 330 Frame from vFrameID : 331
Tcw:
[0.99482483, 0.10141334, -0.0062384657, -0.022360308;
 -0.10144828, 0.99482524, -0.0055639907, -0.18300819;
 0.0056419205, 0.0061680772, 0.99996507, 0.9714402;
 0, 0, 0, 1]
Twc:
[0.99482483, -0.10144828, 0.0056419205, -0.0018020635;
 0.10141334, 0.99482524, 0.0061680772, 0.17833687;
 -0.0062384657, -0.0055639907, 0.99996507, -0.97256398;
 0, 0, 0, 1]
Ow:
[-0.022360308;
 -0.18300819;
 0.9714402]
Keyframe: 72 Frame: 334 Frame from vFrameID : 335
Tcw:
[0.99460775, 0.099463724, -0.029366639, -0.024715144;
 -0.099539451, 0.99503297, -0.0011244963, -0.18560123;
 0.029108929, 0.0040415716, 0.99956805, 0.98454726;
 0, 0, 0, 1]
Twc:
[0.99460775, -0.099539451, 0.029108929, -0.022551889;
 0.099463724, 0.99503297, 0.0040415716, 0.1831585;
 -0.029366639, -0.0011244963, 0.99956805, -0.98505658;
 0, 0, 0, 1]
Ow:
[-0.024715144;
 -0.18560123;
 0.98454726]
Keyframe: 73 Frame: 338 Frame from vFrameID : 339
Tcw:
[0.99543613, 0.088470101, -0.03577644, -0.027277345;
 -0.088941872, 0.99596673, -0.011814311, -0.18743782;
 0.034586933, 0.014942416, 0.99928999, 1.0034027;
 0, 0, 0, 1]
Twc:
[0.99543613, -0.088941872, 0.034586933, -0.024222836;
 0.088470101, 0.99596673, 0.014942416, 0.17410181;
 -0.03577644, -0.011814311, 0.99928999, -1.0058806;
 0, 0, 0, 1]
Ow:
[-0.027277345;
 -0.18743782;
 1.0034027]
Keyframe: 74 Frame: 342 Frame from vFrameID : 343
Tcw:
[0.99794024, 0.063732229, -0.0073102349, -0.030697152;
 -0.063882209, 0.99770278, -0.022544265, -0.19164872;
 0.0058566453, 0.022964824, 0.99971914, 1.0258191;
 0, 0, 0, 1]
Twc:
[0.99794024, -0.063882209, 0.0058566453, 0.012383124;
 0.063732229, 0.99770278, 0.022964824, 0.1696071;
 -0.0073102349, -0.022544265, 0.99971914, -1.0300759;
 0, 0, 0, 1]
Ow:
[-0.030697152;
 -0.19164872;
 1.0258191]
Keyframe: 75 Frame: 346 Frame from vFrameID : 347
Tcw:
[0.99711907, 0.075529158, 0.0069955499, -0.030388685;
 -0.075383671, 0.99697095, -0.019138431, -0.19419539;
 -0.0084198695, 0.018555945, 0.9997924, 1.0387101;
 0, 0, 0, 1]
Twc:
[0.99711907, -0.075383671, -0.0084198695, 0.024407778;
 0.075529158, 0.99697095, 0.018555945, 0.17662814;
 0.0069955499, -0.019138431, 0.9997924, -1.0419985;
 0, 0, 0, 1]
Ow:
[-0.030388685;
 -0.19419539;
 1.0387101]
Keyframe: 76 Frame: 351 Frame from vFrameID : 352
Tcw:
[0.99726069, 0.073408134, -0.0090759303, -0.031536371;
 -0.073590808, 0.99705088, -0.021769209, -0.19679582;
 0.0074511273, 0.022377482, 0.99972183, 1.0630877;
 0, 0, 0, 1]
Twc:
[0.99726069, -0.073590808, 0.0074511273, 0.0090464158;
 0.073408134, 0.99705088, 0.022377482, 0.17474125;
 -0.0090759303, -0.021769209, 0.99972183, -1.0673623;
 0, 0, 0, 1]
Ow:
[-0.031536371;
 -0.19679582;
 1.0630877]
Keyframe: 77 Frame: 356 Frame from vFrameID : 357
Tcw:
[0.99533528, 0.081651427, -0.051388055, -0.031403311;
 -0.082950465, 0.9962725, -0.023671856, -0.19997013;
 0.049263664, 0.027824096, 0.99839818, 1.0836695;
 0, 0, 0, 1]
Twc:
[0.99533528, -0.082950465, 0.049263664, -0.03871632;
 0.081651427, 0.9962725, 0.027824096, 0.17163673;
 -0.051388055, -0.023671856, 0.99839818, -1.088281;
 0, 0, 0, 1]
Ow:
[-0.031403311;
 -0.19997013;
 1.0836695]
Keyframe: 78 Frame: 361 Frame from vFrameID : 362
Tcw:
[0.99482143, 0.085072242, -0.055615146, -0.033622786;
 -0.085895814, 0.99622464, -0.01258535, -0.20337997;
 0.054334514, 0.017297285, 0.99837297, 1.1032126;
 0, 0, 0, 1]
Twc:
[0.99482143, -0.085895814, 0.054334514, -0.043963339;
 0.085072242, 0.99622464, 0.017297285, 0.18638992;
 -0.055615146, -0.01258535, 0.99837297, -1.1058471;
 0, 0, 0, 1]
Ow:
[-0.033622786;
 -0.20337997;
 1.1032126]
Keyframe: 79 Frame: 365 Frame from vFrameID : 366
Tcw:
[0.99710941, 0.063900776, -0.041104201, -0.03657556;
 -0.064592727, 0.99778771, -0.015730927, -0.20497003;
 0.040008049, 0.018340489, 0.99903101, 1.1169901;
 0, 0, 0, 1]
Twc:
[0.99710941, -0.064592727, 0.040008049, -0.021458331;
 0.063900776, 0.99778771, 0.018340489, 0.18636765;
 -0.041104201, -0.015730927, 0.99903101, -1.1206355;
 0, 0, 0, 1]
Ow:
[-0.03657556;
 -0.20497003;
 1.1169901]
Keyframe: 80 Frame: 370 Frame from vFrameID : 371
Tcw:
[0.99884152, 0.04123117, 0.024810135, -0.041197095;
 -0.041334178, 0.99913871, 0.0036532003, -0.20659198;
 -0.024638141, -0.0046744747, 0.99968553, 1.138463;
 0, 0, 0, 1]
Twc:
[0.99884152, -0.041334178, -0.024638141, 0.060659681;
 0.04123117, 0.99913871, -0.0046744747, 0.21343437;
 0.024810135, 0.0036532003, 0.99968553, -1.1363282;
 0, 0, 0, 1]
Ow:
[-0.041197095;
 -0.20659198;
 1.138463]
Keyframe: 81 Frame: 375 Frame from vFrameID : 376
Tcw:
[0.99701691, 0.037922852, 0.067224182, -0.042577177;
 -0.038970172, 0.99913752, 0.014336777, -0.21041474;
 -0.066622511, -0.016913747, 0.99763489, 1.157164;
 0, 0, 0, 1]
Twc:
[0.99701691, -0.038970172, -0.066622511, 0.11134344;
 0.037922852, 0.99913752, -0.016913747, 0.23141989;
 0.067224182, 0.014336777, 0.99763489, -1.1485482;
 0, 0, 0, 1]
Ow:
[-0.042577177;
 -0.21041474;
 1.157164]
Keyframe: 82 Frame: 379 Frame from vFrameID : 380
Tcw:
[0.9973594, 0.024000766, 0.068543598, -0.043993309;
 -0.025032604, 0.99958527, 0.014234605, -0.21228389;
 -0.068173535, -0.015912842, 0.99754655, 1.1745547;
 0, 0, 0, 1]
Twc:
[0.9973594, -0.025032604, -0.068173535, 0.11863667;
 0.024000766, 0.99958527, -0.015912842, 0.23194224;
 0.068543598, 0.014234605, 0.99754655, -1.1656358;
 0, 0, 0, 1]
Ow:
[-0.043993309;
 -0.21228389;
 1.1745547]
Keyframe: 83 Frame: 383 Frame from vFrameID : 384
Tcw:
[0.99826247, 0.043924555, 0.039277382, -0.043991085;
 -0.04376464, 0.99902976, -0.0049224058, -0.21392719;
 -0.039455488, 0.0031948925, 0.9992162, 1.1928196;
 0, 0, 0, 1]
Twc:
[0.99826247, -0.04376464, -0.039455488, 0.081615478;
 0.043924555, 0.99902976, 0.0031948925, 0.21184097;
 0.039277382, -0.0049224058, 0.9992162, -1.1912099;
 0, 0, 0, 1]
Ow:
[-0.043991085;
 -0.21392719;
 1.1928196]
Keyframe: 84 Frame: 387 Frame from vFrameID : 388
Tcw:
[0.99825501, 0.058814537, -0.0052741966, -0.042311523;
 -0.058879793, 0.99817765, -0.013214004, -0.21708784;
 0.0044874093, 0.01350149, 0.99989879, 1.2105155;
 0, 0, 0, 1]
Twc:
[0.99825501, -0.058879793, 0.0044874093, 0.024023524;
 0.058814537, 0.99817765, 0.01350149, 0.20283698;
 -0.0052741966, -0.013214004, 0.99989879, -1.2134846;
 0, 0, 0, 1]
Ow:
[-0.042311523;
 -0.21708784;
 1.2105155]
Keyframe: 85 Frame: 392 Frame from vFrameID : 393
Tcw:
[0.99778098, 0.064339265, -0.01713253, -0.040181264;
 -0.064620264, 0.99777538, -0.016386146, -0.22194688;
 0.016040144, 0.017456895, 0.99971896, 1.2299601;
 0, 0, 0, 1]
Twc:
[0.99778098, -0.064620264, 0.016040144, 0.006021101;
 0.064339265, 0.99777538, 0.017456895, 0.20256709;
 -0.01713253, -0.016386146, 0.99971896, -1.2339396;
 0, 0, 0, 1]
Ow:
[-0.040181264;
 -0.22194688;
 1.2299601]
Keyframe: 86 Frame: 397 Frame from vFrameID : 398
Tcw:
[0.99784952, 0.064869553, -0.0093962997, -0.044004843;
 -0.065027826, 0.99772733, -0.017651375, -0.22137383;
 0.0082299085, 0.018224437, 0.99980003, 1.2501103;
 0, 0, 0, 1]
Twc:
[0.99784952, -0.065027826, 0.0082299085, 0.01922646;
 0.064869553, 0.99772733, 0.018224437, 0.20094272;
 -0.0093962997, -0.017651375, 0.99980003, -1.2541814;
 0, 0, 0, 1]
Ow:
[-0.044004843;
 -0.22137383;
 1.2501103]
Keyframe: 87 Frame: 402 Frame from vFrameID : 403
Tcw:
[0.99836588, 0.055115134, 0.015095457, -0.047852442;
 -0.054673098, 0.9981038, -0.028278045, -0.22117095;
 -0.01662538, 0.027406521, 0.99948609, 1.2695651;
 0, 0, 0, 1]
Twc:
[0.99836588, -0.054673098, -0.01662538, 0.056789149;
 0.055115134, 0.9981038, 0.027406521, 0.18859459;
 0.015095457, -0.028278045, 0.99948609, -1.2744446;
 0, 0, 0, 1]
Ow:
[-0.047852442;
 -0.22117095;
 1.2695651]
Keyframe: 88 Frame: 406 Frame from vFrameID : 407
Tcw:
[0.99727452, 0.058856957, 0.044490959, -0.050650902;
 -0.057008535, 0.99750108, -0.041732542, -0.22247766;
 -0.04683603, 0.039082434, 0.99813771, 1.286221;
 0, 0, 0, 1]
Twc:
[0.99727452, -0.057008535, -0.04683603, 0.09807121;
 0.058856957, 0.99750108, 0.039082434, 0.17463422;
 0.044490959, -0.041732542, 0.99813771, -1.2908568;
 0, 0, 0, 1]
Ow:
[-0.050650902;
 -0.22247766;
 1.286221]
