Keyframe: 0 Frame: 0 Frame from vFrameID : 9
Tcw:
[1, 0, 0, 0;
 0, 1, 0, 0;
 0, 0, 1, 0;
 0, 0, 0, 1]
Twc:
[1, 0, 0, 0;
 0, 1, 0, 0;
 0, 0, 1, 0;
 0, 0, 0, 1]
Ow:
[0;
 0;
 0]
Keyframe: 1 Frame: 8 Frame from vFrameID : 9
Tcw:
[0.99887013, -0.015150786, 0.045043971, 0.0050201155;
 0.012975231, 0.99875319, 0.048204586, -0.025320688;
 -0.045718148, -0.047565665, 0.99782133, -0.0042414051;
 0, 0, 0, 1]
Twc:
[0.99887013, 0.012975231, -0.045718148, -0.0048798104;
 -0.015150786, 0.99875319, -0.047565665, 0.025163433;
 0.045043971, 0.048204586, 0.99782133, 0.0052266116;
 0, 0, 0, 1]
Ow:
[0.0050201155;
 -0.025320688;
 -0.0042414051]
Keyframe: 2 Frame: 9 Frame from vFrameID : 10
Tcw:
[0.99907166, -0.011644918, 0.041475199, 0.0031119101;
 0.0096890656, 0.99884558, 0.047049884, -0.0249492;
 -0.041975208, -0.04660435, 0.99803114, -0.0040255189;
 0, 0, 0, 1]
Twc:
[0.99907166, 0.0096890656, -0.041975208, -0.0030362587;
 -0.011644918, 0.99884558, -0.04660435, 0.024769029;
 0.041475199, 0.047049884, 0.99803114, 0.0050623831;
 0, 0, 0, 1]
Ow:
[0.0031119101;
 -0.0249492;
 -0.0040255189]
Keyframe: 3 Frame: 10 Frame from vFrameID : 11
Tcw:
[0.99924439, -0.001841728, 0.038823951, 0.0056284345;
 5.8109341e-05, 0.99894637, 0.045892343, -0.025012981;
 -0.038867567, -0.04585541, 0.99819165, -0.0043624807;
 0, 0, 0, 1]
Twc:
[0.99924439, 5.8109341e-05, -0.038867567, -0.0057922867;
 -0.001841728, 0.99894637, -0.04585541, 0.024796952;
 0.038823951, 0.045892343, 0.99819165, 0.0052839783;
 0, 0, 0, 1]
Ow:
[0.0056284345;
 -0.025012981;
 -0.0043624807]
Keyframe: 4 Frame: 12 Frame from vFrameID : 13
Tcw:
[0.99972212, 0.0017550215, 0.023507042, 0.002342429;
 -0.0029963143, 0.99859667, 0.052874502, -0.022848628;
 -0.023381259, -0.052930243, 0.99832445, -0.0060836799;
 0, 0, 0, 1]
Twc:
[0.99972212, -0.0029963143, -0.023381259, -0.0025524839;
 0.0017550215, 0.99859667, -0.052930243, 0.022490442;
 0.023507042, 0.052874502, 0.99832445, 0.0072265328;
 0, 0, 0, 1]
Ow:
[0.002342429;
 -0.022848628;
 -0.0060836799]
Keyframe: 5 Frame: 14 Frame from vFrameID : 15
Tcw:
[0.9998706, -0.013207955, 0.0091855265, -0.0002029977;
 0.01262493, 0.99806589, 0.060869064, -0.0306549;
 -0.0099717174, -0.060745221, 0.9981035, -0.0031193923;
 0, 0, 0, 1]
Twc:
[0.9998706, 0.01262493, -0.0099717174, 0.00055888167;
 -0.013207955, 0.99806589, -0.060745221, 0.030403443;
 0.0091855265, 0.060869064, 0.9981035, 0.0049812761;
 0, 0, 0, 1]
Ow:
[-0.0002029977;
 -0.0306549;
 -0.0031193923]
Keyframe: 6 Frame: 16 Frame from vFrameID : 17
Tcw:
[0.99981302, -0.016748326, 0.0096639628, 0.0019619677;
 0.016419388, 0.9993149, 0.033167843, -0.030669551;
 -0.010212848, -0.033002965, 0.99940306, -0.0050793639;
 0, 0, 0, 1]
Twc:
[0.99981302, 0.016419388, -0.010212848, -0.0015099002;
 -0.016748326, 0.9993149, -0.033002965, 0.030513765;
 0.0096639628, 0.033167843, 0.99940306, 0.0060746144;
 0, 0, 0, 1]
Ow:
[0.0019619677;
 -0.030669551;
 -0.0050793639]
Keyframe: 7 Frame: 18 Frame from vFrameID : 19
Tcw:
[0.99985325, -0.014482916, 0.009152852, -0.0022642834;
 0.014259638, 0.99961013, 0.024006121, -0.026633965;
 -0.0094969617, -0.023872081, 0.99966991, -0.0074096075;
 0, 0, 0, 1]
Twc:
[0.99985325, 0.014259638, -0.0094969617, 0.0025733728;
 -0.014482916, 0.99961013, -0.023872081, 0.026413905;
 0.009152852, 0.024006121, 0.99966991, 0.0080672642;
 0, 0, 0, 1]
Ow:
[-0.0022642834;
 -0.026633965;
 -0.0074096075]
Keyframe: 8 Frame: 20 Frame from vFrameID : 21
Tcw:
[0.99991274, -0.011225607, 0.0069676931, 0.00028587948;
 0.011033379, 0.99957347, 0.027039465, -0.026739692;
 -0.0072682556, -0.026960226, 0.99961007, -0.0074268412;
 0, 0, 0, 1]
Twc:
[0.99991274, 0.011033379, -0.0072682556, -4.4805547e-05;
 -0.011225607, 0.99957347, -0.026960226, 0.026531266;
 0.0069676931, 0.027039465, 0.99961007, 0.0081449803;
 0, 0, 0, 1]
Ow:
[0.00028587948;
 -0.026739692;
 -0.0074268412]
Keyframe: 9 Frame: 22 Frame from vFrameID : 23
Tcw:
[0.99986804, -0.011552054, 0.011422956, -0.0055084648;
 0.011286247, 0.99967021, 0.023066454, -0.029884286;
 -0.011685654, -0.022934487, 0.99966866, -0.0062127365;
 0, 0, 0, 1]
Twc:
[0.99986804, 0.011286247, -0.011685654, 0.0057724193;
 -0.011552054, 0.99967021, -0.022934487, 0.029668311;
 0.011422956, 0.023066454, 0.99966866, 0.0069629252;
 0, 0, 0, 1]
Ow:
[-0.0055084648;
 -0.029884286;
 -0.0062127365]
Keyframe: 10 Frame: 24 Frame from vFrameID : 25
Tcw:
[0.99948919, -0.031947896, -0.00084593211, -0.005912466;
 0.031959072, 0.99917084, 0.025222836, -0.030112172;
 3.9414139e-05, -0.025236987, 0.99968147, -0.0071713873;
 0, 0, 0, 1]
Twc:
[0.99948919, 0.031959072, 3.9414139e-05, 0.0068720849;
 -0.031947896, 0.99917084, -0.025236987, 0.02971733;
 -0.00084593211, 0.025222836, 0.99968147, 0.0079236161;
 0, 0, 0, 1]
Ow:
[-0.005912466;
 -0.030112172;
 -0.0071713873]
Keyframe: 11 Frame: 26 Frame from vFrameID : 27
Tcw:
[0.99957579, -0.028960826, 0.003076026, -0.006585299;
 0.028885379, 0.99933505, 0.022250121, -0.027912417;
 -0.0037183624, -0.022151832, 0.99974769, -0.0088901361;
 0, 0, 0, 1]
Twc:
[0.99957579, 0.028885379, -0.0037183624, 0.00735571;
 -0.028960826, 0.99933505, -0.022151832, 0.027506208;
 0.003076026, 0.022250121, 0.99974769, 0.009529205;
 0, 0, 0, 1]
Ow:
[-0.006585299;
 -0.027912417;
 -0.0088901361]
Keyframe: 12 Frame: 28 Frame from vFrameID : 29
Tcw:
[0.99962568, -0.025127927, 0.010822832, -0.0063960389;
 0.024858059, 0.99939352, 0.024386693, -0.028035894;
 -0.011429055, -0.024108529, 0.99964404, -0.0080623589;
 0, 0, 0, 1]
Twc:
[0.99962568, 0.024858059, -0.011429055, 0.0069984174;
 -0.025127927, 0.99939352, -0.024108529, 0.027663797;
 0.010822832, 0.024386693, 0.99964404, 0.0088124145;
 0, 0, 0, 1]
Ow:
[-0.0063960389;
 -0.028035894;
 -0.0080623589]
Keyframe: 13 Frame: 31 Frame from vFrameID : 32
Tcw:
[0.99984926, -0.017354226, 0.00050206267, -0.0062881783;
 0.017341636, 0.99967086, 0.018906189, -0.030285718;
 -0.00082999968, -0.018894631, 0.99982113, -0.007589133;
 0, 0, 0, 1]
Twc:
[0.99984926, 0.017341636, -0.00082999968, 0.0068061352;
 -0.017354226, 0.99967086, -0.018894631, 0.030023228;
 0.00050206267, 0.018906189, 0.99982113, 0.0081635201;
 0, 0, 0, 1]
Ow:
[-0.0062881783;
 -0.030285718;
 -0.007589133]
Keyframe: 14 Frame: 34 Frame from vFrameID : 35
Tcw:
[0.9998529, -0.015515565, -0.0073141111, -0.005203675;
 0.015624908, 0.99976331, 0.015137345, -0.027819376;
 0.0070775156, -0.0152494, 0.99985868, -0.0084913047;
 0, 0, 0, 1]
Twc:
[0.9998529, 0.015624908, 0.0070775156, 0.005697682;
 -0.015515565, 0.99976331, -0.0152494, 0.02760257;
 -0.0073141111, 0.015137345, 0.99985868, 0.0088731553;
 0, 0, 0, 1]
Ow:
[-0.005203675;
 -0.027819376;
 -0.0084913047]
Keyframe: 15 Frame: 37 Frame from vFrameID : 38
Tcw:
[0.99991333, 0.0019289814, -0.013022825, -0.0031303654;
 -0.0015215229, 0.99951118, 0.03122575, -0.030008834;
 0.013076694, -0.031203229, 0.9994275, -0.0058581363;
 0, 0, 0, 1]
Twc:
[0.99991333, -0.0015215229, 0.013076694, 0.0031610401;
 0.0019289814, 0.99951118, -0.031203229, 0.029817412;
 -0.013022825, 0.03122575, 0.9994275, 0.0067510651;
 0, 0, 0, 1]
Ow:
[-0.0031303654;
 -0.030008834;
 -0.0058581363]
Keyframe: 16 Frame: 40 Frame from vFrameID : 41
Tcw:
[0.99981213, -0.0019316378, -0.01928651, -0.0050037657;
 0.0023566093, 0.99975437, 0.022036301, -0.030900804;
 0.019239206, -0.022077613, 0.99957114, -0.0041554659;
 0, 0, 0, 1]
Twc:
[0.99981213, 0.0023566093, 0.019239206, 0.0051555946;
 -0.0019316378, 0.99975437, -0.022077613, 0.030791808;
 -0.01928651, 0.022036301, 0.99957114, 0.004738118;
 0, 0, 0, 1]
Ow:
[-0.0050037657;
 -0.030900804;
 -0.0041554659]
Keyframe: 17 Frame: 43 Frame from vFrameID : 44
Tcw:
[0.99980658, -0.0072103464, -0.018296415, -0.0079128379;
 0.0076005473, 0.99974322, 0.021347485, -0.029634552;
 0.018137794, -0.021482419, 0.9996047, -0.0041552349;
 0, 0, 0, 1]
Twc:
[0.99980658, 0.0076005473, 0.018137794, 0.0082119126;
 -0.0072103464, 0.99974322, -0.021482419, 0.029480623;
 -0.018296415, 0.021347485, 0.9996047, 0.0046414388;
 0, 0, 0, 1]
Ow:
[-0.0079128379;
 -0.029634552;
 -0.0041552349]
Keyframe: 18 Frame: 46 Frame from vFrameID : 47
Tcw:
[0.99974757, -0.0070758401, -0.021323901, -0.010954168;
 0.007637423, 0.99962306, 0.026370503, -0.030327117;
 0.021129269, -0.026526706, 0.99942476, -0.0035323256;
 0, 0, 0, 1]
Twc:
[0.99974757, 0.007637423, 0.021129269, 0.011257659;
 -0.0070758401, 0.99962306, -0.026526706, 0.030144474;
 -0.021323901, 0.026370503, 0.99942476, 0.0040964494;
 0, 0, 0, 1]
Ow:
[-0.010954168;
 -0.030327117;
 -0.0035323256]
Keyframe: 19 Frame: 49 Frame from vFrameID : 50
Tcw:
[0.99944931, -0.0027929195, -0.033064511, -0.013900211;
 0.0037787794, 0.99954897, 0.029791413, -0.031902339;
 0.032966394, -0.029899951, 0.99900913, -0.0036978559;
 0, 0, 0, 1]
Twc:
[0.99944931, 0.0037787794, 0.032966394, 0.014135013;
 -0.0027929195, 0.99954897, -0.029899951, 0.031738564;
 -0.033064511, 0.029791413, 0.99900913, 0.0041850037;
 0, 0, 0, 1]
Ow:
[-0.013900211;
 -0.031902339;
 -0.0036978559]
Keyframe: 20 Frame: 52 Frame from vFrameID : 53
Tcw:
[0.99894863, 0.0074212188, -0.045238931, -0.016181933;
 -0.0057060914, 0.9992643, 0.037924569, -0.033426579;
 0.045487095, -0.037626557, 0.99825609, -0.0043960582;
 0, 0, 0, 1]
Twc:
[0.99894863, -0.0057060914, 0.045487095, 0.016174147;
 0.0074212188, 0.9992643, -0.037626557, 0.03335667;
 -0.045238931, 0.037924569, 0.99825609, 0.0049240272;
 0, 0, 0, 1]
Ow:
[-0.016181933;
 -0.033426579;
 -0.0043960582]
Keyframe: 21 Frame: 55 Frame from vFrameID : 56
Tcw:
[0.99724847, 0.01675735, -0.072212875, -0.019125838;
 -0.01345763, 0.9988535, 0.045941073, -0.041496687;
 0.07289993, -0.04484285, 0.99633062, -0.0045699649;
 0, 0, 0, 1]
Twc:
[0.99724847, -0.01345763, 0.07289993, 0.018847914;
 0.01675735, 0.9988535, -0.04484285, 0.041564677;
 -0.072212875, 0.045941073, 0.99633062, 0.0050784666;
 0, 0, 0, 1]
Ow:
[-0.019125838;
 -0.041496687;
 -0.0045699649]
Keyframe: 22 Frame: 59 Frame from vFrameID : 60
Tcw:
[0.99724561, 0.018498121, -0.071826018, -0.014087345;
 -0.015458647, 0.99897069, 0.042644896, -0.044846687;
 0.072540939, -0.041417103, 0.99650508, -0.0039804559;
 0, 0, 0, 1]
Twc:
[0.99724561, -0.015458647, 0.072540939, 0.01364402;
 0.018498121, 0.99897069, -0.041417103, 0.044896256;
 -0.071826018, 0.042644896, 0.99650508, 0.0048671891;
 0, 0, 0, 1]
Ow:
[-0.014087345;
 -0.044846687;
 -0.0039804559]
Keyframe: 23 Frame: 62 Frame from vFrameID : 63
Tcw:
[0.99793941, 0.016185127, -0.062088761, -0.0078892065;
 -0.013557206, 0.99900383, 0.042515483, -0.047668893;
 0.062715031, -0.041586123, 0.99716467, -0.00070551923;
 0, 0, 0, 1]
Twc:
[0.99793941, -0.013557206, 0.062715031, 0.0072709396;
 0.016185127, 0.99900383, -0.041586123, 0.047719758;
 -0.062088761, 0.042515483, 0.99716467, 0.002240354;
 0, 0, 0, 1]
Ow:
[-0.0078892065;
 -0.047668893;
 -0.00070551923]
Keyframe: 24 Frame: 66 Frame from vFrameID : 67
Tcw:
[0.9992674, 0.022141548, -0.03121586, 0.0046902634;
 -0.02107957, 0.99920124, 0.033948634, -0.046390627;
 0.031942602, -0.033265747, 0.99893594, 0.0014510732;
 0, 0, 0, 1]
Twc:
[0.9992674, -0.02107957, 0.031942602, -0.0057110726;
 0.022141548, 0.99920124, -0.033265747, 0.046297994;
 -0.03121586, 0.033948634, 0.99893594, 0.00027177983;
 0, 0, 0, 1]
Ow:
[0.0046902634;
 -0.046390627;
 0.0014510732]
Keyframe: 25 Frame: 70 Frame from vFrameID : 71
Tcw:
[0.99966133, 0.025415739, -0.0055915671, 0.011847397;
 -0.025185362, 0.99896026, 0.038000632, -0.04393312;
 0.0065515675, -0.037846938, 0.99926209, 0.0034868415;
 0, 0, 0, 1]
Twc:
[0.99966133, -0.025185362, 0.0065515675, -0.0129727;
 0.025415739, 0.99896026, -0.037846938, 0.043718297;
 -0.0055915671, 0.038000632, 0.99926209, -0.0017485366;
 0, 0, 0, 1]
Ow:
[0.011847397;
 -0.04393312;
 0.0034868415]
Keyframe: 26 Frame: 74 Frame from vFrameID : 75
Tcw:
[0.99956596, 0.024209768, 0.016785719, 0.019618474;
 -0.024946628, 0.9986676, 0.045174681, -0.039450135;
 -0.015669685, -0.045573819, 0.99883807, 0.0066057155;
 0, 0, 0, 1]
Twc:
[0.99956596, -0.024946628, -0.015669685, -0.020490598;
 0.024209768, 0.9986676, -0.045573819, 0.039223656;
 0.016785719, 0.045174681, 0.99883807, -0.0051452033;
 0, 0, 0, 1]
Ow:
[0.019618474;
 -0.039450135;
 0.0066057155]
Keyframe: 27 Frame: 78 Frame from vFrameID : 79
Tcw:
[0.99930304, 0.02077765, 0.031011378, 0.020793445;
 -0.022316026, 0.99849415, 0.050114181, -0.035189565;
 -0.029923426, -0.050771303, 0.99826193, 0.0082405759;
 0, 0, 0, 1]
Twc:
[0.99930304, -0.022316026, -0.029923426, -0.021317659;
 0.02077765, 0.99849415, -0.050771303, 0.03512292;
 0.031011378, 0.050114181, 0.99826193, -0.0071075903;
 0, 0, 0, 1]
Ow:
[0.020793445;
 -0.035189565;
 0.0082405759]
Keyframe: 28 Frame: 82 Frame from vFrameID : 83
Tcw:
[0.99955249, 0.013149132, 0.026867528, 0.016961375;
 -0.014409834, 0.99877769, 0.047281068, -0.032866236;
 -0.026212983, -0.047647066, 0.9985202, 0.0086859744;
 0, 0, 0, 1]
Twc:
[0.99955249, -0.014409834, -0.026212983, -0.017199697;
 0.013149132, 0.99877769, -0.047647066, 0.033016898;
 0.026867528, 0.047281068, 0.9985202, -0.007574881;
 0, 0, 0, 1]
Ow:
[0.016961375;
 -0.032866236;
 0.0086859744]
Keyframe: 29 Frame: 86 Frame from vFrameID : 87
Tcw:
[0.99985987, 0.01078741, 0.012802912, 0.013774958;
 -0.011375654, 0.99883956, 0.046799373, -0.029580683;
 -0.012283211, -0.046938457, 0.99882227, 0.0074751456;
 0, 0, 0, 1]
Twc:
[0.99985987, -0.011375654, -0.012283211, -0.014017708;
 0.01078741, 0.99883956, -0.046938457, 0.02974863;
 0.012802912, 0.046799373, 0.99882227, -0.0062583438;
 0, 0, 0, 1]
Ow:
[0.013774958;
 -0.029580683;
 0.0074751456]
Keyframe: 30 Frame: 89 Frame from vFrameID : 90
Tcw:
[0.99990612, 0.011984397, -0.0066387407, 0.0081995837;
 -0.011612868, 0.99850422, 0.053427674, -0.028588742;
 0.0072691091, -0.053345565, 0.99854964, 0.0063685747;
 0, 0, 0, 1]
Twc:
[0.99990612, -0.011612868, 0.0072691091, -0.0085771056;
 0.011984397, 0.99850422, -0.053345565, 0.028787445;
 -0.0066387407, 0.053427674, 0.99854964, -0.0047774734;
 0, 0, 0, 1]
Ow:
[0.0081995837;
 -0.028588742;
 0.0063685747]
Keyframe: 31 Frame: 93 Frame from vFrameID : 94
Tcw:
[0.99917752, 0.014760538, -0.03776785, -0.0022901755;
 -0.012509123, 0.9981696, 0.059168994, -0.030891925;
 0.038572084, -0.058647886, 0.99753326, 0.0041835047;
 0, 0, 0, 1]
Twc:
[0.99917752, -0.012509123, 0.038572084, 0.0017404946;
 0.014760538, 0.9981696, -0.058647886, 0.031114539;
 -0.03776785, 0.059168994, 0.99753326, -0.0024318362;
 0, 0, 0, 1]
Ow:
[-0.0022901755;
 -0.030891925;
 0.0041835047]
Keyframe: 32 Frame: 96 Frame from vFrameID : 97
Tcw:
[0.99860525, 0.017552618, -0.049794417, -0.0067331982;
 -0.014732237, 0.99829656, 0.056452688, -0.032823734;
 0.050700489, -0.055640366, 0.99716276, 0.0032130699;
 0, 0, 0, 1]
Twc:
[0.99860525, -0.014732237, 0.050700489, 0.0060773357;
 0.017552618, 0.99829656, -0.055640366, 0.033064783;
 -0.049794417, 0.056452688, 0.99716276, -0.0016862416;
 0, 0, 0, 1]
Ow:
[-0.0067331982;
 -0.032823734;
 0.0032130699]
Keyframe: 33 Frame: 100 Frame from vFrameID : 101
Tcw:
[0.997715, 0.02183258, -0.063938789, -0.014634129;
 -0.018804427, 0.99869019, 0.047584947, -0.036749385;
 0.064893946, -0.046273883, 0.99681872, 0.0021282225;
 0, 0, 0, 1]
Twc:
[0.997715, -0.018804427, 0.064893946, 0.013771528;
 0.02183258, 0.99869019, -0.046273883, 0.037119232;
 -0.063938789, 0.047584947, 0.99681872, -0.0013084228;
 0, 0, 0, 1]
Ow:
[-0.014634129;
 -0.036749385;
 0.0021282225]
Keyframe: 34 Frame: 104 Frame from vFrameID : 105
Tcw:
[0.99839288, 0.015402804, -0.054538518, -0.021167478;
 -0.012870604, 0.99883628, 0.046480186, -0.040386479;
 0.055190977, -0.045703541, 0.99742925, 0.0044238553;
 0, 0, 0, 1]
Twc:
[0.99839288, -0.012870604, 0.055190977, 0.020369502;
 0.015402804, 0.99883628, -0.045703541, 0.040867705;
 -0.054538518, 0.046480186, 0.99742925, -0.0036897548;
 0, 0, 0, 1]
Ow:
[-0.021167478;
 -0.040386479;
 0.0044238553]
Keyframe: 35 Frame: 108 Frame from vFrameID : 109
Tcw:
[0.99975032, 0.0031850867, -0.022117162, -0.023692921;
 -0.002228938, 0.99906731, 0.043121923, -0.041274518;
 0.022233881, -0.043061856, 0.99882495, 0.0096556563;
 0, 0, 0, 1]
Twc:
[0.99975032, -0.002228938, 0.022233881, 0.023380324;
 0.0031850867, 0.99906731, -0.043061856, 0.041727278;
 -0.022117162, 0.043121923, 0.99882495, -0.0083884941;
 0, 0, 0, 1]
Ow:
[-0.023692921;
 -0.041274518;
 0.0096556563]
Keyframe: 36 Frame: 112 Frame from vFrameID : 113
Tcw:
[0.99996984, 0.007732979, -0.00071196153, -0.019538965;
 -0.0076910011, 0.99886644, 0.046975009, -0.042761121;
 0.0010744112, -0.046968117, 0.99889582, 0.01753431;
 0, 0, 0, 1]
Twc:
[0.99996984, -0.0076910011, 0.0010744112, 0.019190662;
 0.007732979, 0.99886644, -0.046968117, 0.043687299;
 -0.00071196153, 0.046975009, 0.99889582, -0.015520156;
 0, 0, 0, 1]
Ow:
[-0.019538965;
 -0.042761121;
 0.01753431]
Keyframe: 37 Frame: 116 Frame from vFrameID : 117
Tcw:
[0.99979573, 0.00013690245, 0.020209365, -0.016417049;
 -0.001087938, 0.99889165, 0.047055662, -0.045921601;
 -0.020180525, -0.047068037, 0.9986878, 0.035482332;
 0, 0, 0, 1]
Twc:
[0.99979573, -0.001087938, -0.020180525, 0.017079789;
 0.00013690245, 0.99889165, -0.047068037, 0.047543038;
 0.020209365, 0.047055662, 0.9986878, -0.032943126;
 0, 0, 0, 1]
Ow:
[-0.016417049;
 -0.045921601;
 0.035482332]
Keyframe: 38 Frame: 120 Frame from vFrameID : 121
Tcw:
[0.99929971, 0.0051873922, 0.037056841, -0.0055709612;
 -0.0060642934, 0.99970329, 0.023590604, -0.05335138;
 -0.036923476, -0.023798807, 0.99903464, 0.059144892;
 0, 0, 0, 1]
Twc:
[0.99929971, -0.0060642934, -0.036923476, 0.0074273562;
 0.0051873922, 0.99970329, -0.023798807, 0.054772027;
 0.037056841, 0.023590604, 0.99903464, -0.057622764;
 0, 0, 0, 1]
Ow:
[-0.0055709612;
 -0.05335138;
 0.059144892]
Keyframe: 39 Frame: 124 Frame from vFrameID : 125
Tcw:
[0.9991622, 0.014613462, 0.038227089, -0.00040356629;
 -0.014765134, 0.99988419, 0.0036883503, -0.058395661;
 -0.038168762, -0.0042496882, 0.99926227, 0.07950484;
 0, 0, 0, 1]
Twc:
[0.9991622, -0.014765134, -0.038168762, 0.0025756098;
 0.014613462, 0.99988419, -0.0042496882, 0.058732666;
 0.038227089, 0.0036883503, 0.99926227, -0.079215378;
 0, 0, 0, 1]
Ow:
[-0.00040356629;
 -0.058395661;
 0.07950484]
Keyframe: 40 Frame: 129 Frame from vFrameID : 130
Tcw:
[0.99988151, 0.014028988, 0.0063386443, 0.0220413;
 -0.013867284, 0.99959445, -0.024872467, -0.085044779;
 -0.0066850092, 0.02478162, 0.99967057, 0.10706192;
 0, 0, 0, 1]
Twc:
[0.99988151, -0.013867284, -0.0066850092, -0.02250232;
 0.014028988, 0.99959445, 0.02478162, 0.082047902;
 0.0063386443, -0.024872467, 0.99967057, -0.10928162;
 0, 0, 0, 1]
Ow:
[0.0220413;
 -0.085044779;
 0.10706192]
Keyframe: 41 Frame: 133 Frame from vFrameID : 134
Tcw:
[0.99954945, 0.025859453, 0.015236454, 0.023818193;
 -0.025093002, 0.99850732, -0.048512332, -0.090856634;
 -0.016468214, 0.048108149, 0.99870634, 0.11754688;
 0, 0, 0, 1]
Twc:
[0.99954945, -0.025093002, -0.016468214, -0.024151541;
 0.025859453, 0.99850732, 0.048108149, 0.084450126;
 0.015236454, -0.048512332, 0.99870634, -0.12216539;
 0, 0, 0, 1]
Ow:
[0.023818193;
 -0.090856634;
 0.11754688]
Keyframe: 42 Frame: 137 Frame from vFrameID : 138
Tcw:
[0.99954349, 0.029728921, -0.0053907926, 0.02311305;
 -0.029807907, 0.99943984, -0.015216681, -0.10037566;
 0.0049353973, 0.015370422, 0.9998697, 0.1339272;
 0, 0, 0, 1]
Twc:
[0.99954349, -0.029807907, 0.0049353973, -0.026755469;
 0.029728921, 0.99943984, 0.015370422, 0.097573787;
 -0.0053907926, -0.015216681, 0.9998697, -0.13531253;
 0, 0, 0, 1]
Ow:
[0.02311305;
 -0.10037566;
 0.1339272]
Keyframe: 43 Frame: 142 Frame from vFrameID : 143
Tcw:
[0.99938595, 0.034932736, 0.0027220526, 0.018890761;
 -0.034921903, 0.99938232, -0.0039313952, -0.10441454;
 -0.0028577058, 0.0038339221, 0.99998856, 0.15280929;
 0, 0, 0, 1]
Twc:
[0.99938595, -0.034921903, -0.0028577058, -0.022088831;
 0.034932736, 0.99938232, 0.0038339221, 0.10310428;
 0.0027220526, -0.0039313952, 0.99998856, -0.15326947;
 0, 0, 0, 1]
Ow:
[0.018890761;
 -0.10441454;
 0.15280929]
Keyframe: 44 Frame: 148 Frame from vFrameID : 149
Tcw:
[0.9988991, 0.0049469201, 0.046648689, 0.0085541997;
 -0.0047333813, 0.99997783, -0.0046869507, -0.11089503;
 -0.046670839, 0.0044609848, 0.99890035, 0.17900524;
 0, 0, 0, 1]
Twc:
[0.9988991, -0.0047333813, -0.046670839, -0.00071536656;
 0.0049469201, 0.99997783, 0.0044609848, 0.11005172;
 0.046648689, -0.0046869507, 0.99890035, -0.1797272;
 0, 0, 0, 1]
Ow:
[0.0085541997;
 -0.11089503;
 0.17900524]
Keyframe: 45 Frame: 152 Frame from vFrameID : 153
Tcw:
[0.99757117, 0.0030743382, 0.069586828, 0.0065169772;
 -0.0038598222, 0.99993032, 0.011156183, -0.11020173;
 -0.069547683, -0.011397679, 0.99751353, 0.19009541;
 0, 0, 0, 1]
Twc:
[0.99757117, -0.0038598222, -0.069547683, 0.0062941876;
 0.0030743382, 0.99993032, -0.011397679, 0.11234067;
 0.069586828, 0.011156183, 0.99751353, -0.18884681;
 0, 0, 0, 1]
Ow:
[0.0065169772;
 -0.11020173;
 0.19009541]
Keyframe: 46 Frame: 158 Frame from vFrameID : 159
Tcw:
[0.99711901, -0.0050028977, 0.075687893, 0.0030876491;
 0.0033487051, 0.99975312, 0.021966591, -0.11401714;
 -0.075779103, -0.021649851, 0.99688959, 0.22095346;
 0, 0, 0, 1]
Twc:
[0.99711901, 0.0033487051, -0.075779103, 0.014046711;
 -0.0050028977, 0.99975312, -0.021649851, 0.11878804;
 0.075687893, 0.021966591, 0.99688959, -0.21799532;
 0, 0, 0, 1]
Ow:
[0.0030876491;
 -0.11401714;
 0.22095346]
Keyframe: 47 Frame: 163 Frame from vFrameID : 164
Tcw:
[0.99914235, 0.014685373, 0.038715307, 0.012892663;
 -0.014756948, 0.99988991, 0.0015636238, -0.12208661;
 -0.038688082, -0.0021336025, 0.99924904, 0.24875943;
 0, 0, 0, 1]
Twc:
[0.99914235, -0.014756948, -0.038688082, -0.0050592069;
 0.014685373, 0.99988991, -0.0021336025, 0.12241459;
 0.038715307, 0.0015636238, 0.99924904, -0.24888089;
 0, 0, 0, 1]
Ow:
[0.012892663;
 -0.12208661;
 0.24875943]
Keyframe: 48 Frame: 167 Frame from vFrameID : 168
Tcw:
[0.99943417, 0.027104747, 0.01991573, 0.015687382;
 -0.026298616, 0.99886626, -0.0396812, -0.1184027;
 -0.0209687, 0.039134994, 0.9990139, 0.26216766;
 0, 0, 0, 1]
Twc:
[0.99943417, -0.026298616, -0.0209687, -0.013295018;
 0.027104747, 0.99886626, 0.039134994, 0.10758334;
 0.01991573, -0.0396812, 0.9990139, -0.26691994;
 0, 0, 0, 1]
Ow:
[0.015687382;
 -0.1184027;
 0.26216766]
Keyframe: 49 Frame: 172 Frame from vFrameID : 173
Tcw:
[0.9986105, 0.049311757, -0.018584915, 0.020931307;
 -0.049347557, 0.99878061, -0.0014724098, -0.12804848;
 0.018489646, 0.0023874841, 0.99982619, 0.28782111;
 0, 0, 0, 1]
Twc:
[0.9986105, -0.049347557, 0.018489646, -0.032542814;
 0.049311757, 0.99878061, 0.0023874841, 0.126173;
 -0.018584915, -0.0014724098, 0.99982619, -0.28757063;
 0, 0, 0, 1]
Ow:
[0.020931307;
 -0.12804848;
 0.28782111]
Keyframe: 50 Frame: 177 Frame from vFrameID : 178
Tcw:
[0.999385, 0.034573112, -0.0058563566, 0.017080875;
 -0.034668777, 0.99925244, -0.017108275, -0.12692256;
 0.0052604922, 0.017300786, 0.9998365, 0.31661671;
 0, 0, 0, 1]
Twc:
[0.999385, -0.034668777, 0.0052604922, -0.023136182;
 0.034573112, 0.99925244, 0.017300786, 0.12075943;
 -0.0058563566, -0.017108275, 0.9998365, -0.31863633;
 0, 0, 0, 1]
Ow:
[0.017080875;
 -0.12692256;
 0.31661671]
Keyframe: 51 Frame: 182 Frame from vFrameID : 183
Tcw:
[0.99870539, 0.017612584, 0.04772203, 0.010059776;
 -0.016654857, 0.99965334, -0.020392762, -0.12891051;
 -0.048064657, 0.019571558, 0.99865246, 0.34286144;
 0, 0, 0, 1]
Twc:
[0.99870539, -0.016654857, -0.048064657, 0.0042857802;
 0.017612584, 0.99965334, 0.019571558, 0.12197831;
 0.04772203, -0.020392762, 0.99865246, -0.34550837;
 0, 0, 0, 1]
Ow:
[0.010059776;
 -0.12891051;
 0.34286144]
Keyframe: 52 Frame: 188 Frame from vFrameID : 189
Tcw:
[0.99389941, -0.0011469891, 0.1102844, 0.007745903;
 0.00065145304, 0.99998951, 0.0045291828, -0.13150714;
 -0.11028844, -0.0044297073, 0.99388975, 0.37914434;
 0, 0, 0, 1]
Twc:
[0.99389941, 0.00065145304, -0.11028844, 0.034202255;
 -0.0011469891, 0.99998951, -0.0044297073, 0.13319416;
 0.1102844, 0.0045291828, 0.99388975, -0.37708628;
 0, 0, 0, 1]
Ow:
[0.007745903;
 -0.13150714;
 0.37914434]
Keyframe: 53 Frame: 193 Frame from vFrameID : 194
Tcw:
[0.99319071, 0.0056183119, 0.11636458, 0.009742368;
 -0.0085095484, 0.99966693, 0.024364492, -0.13190672;
 -0.11618893, -0.025188796, 0.9929077, 0.41303253;
 0, 0, 0, 1]
Twc:
[0.99319071, -0.0085095484, -0.11618893, 0.037191309;
 0.0056183119, 0.99966693, -0.025188796, 0.14221184;
 0.11636458, 0.024364492, 0.9929077, -0.40802297;
 0, 0, 0, 1]
Ow:
[0.009742368;
 -0.13190672;
 0.41303253]
Keyframe: 54 Frame: 198 Frame from vFrameID : 199
Tcw:
[0.99581867, 0.048677515, 0.077302098, 0.021287536;
 -0.047609393, 0.99874419, -0.015601925, -0.14365615;
 -0.077964477, 0.011856383, 0.99688566, 0.44541985;
 0, 0, 0, 1]
Twc:
[0.99581867, -0.047609393, -0.077964477, 0.0066890176;
 0.048677515, 0.99874419, 0.011856383, 0.13715844;
 0.077302098, -0.015601925, 0.99688566, -0.44791952;
 0, 0, 0, 1]
Ow:
[0.021287536;
 -0.14365615;
 0.44541985]
Keyframe: 55 Frame: 203 Frame from vFrameID : 204
Tcw:
[0.99928194, 0.03136709, 0.021254528, 0.014654242;
 -0.030854905, 0.99923539, -0.02401183, -0.13707308;
 -0.021991458, 0.023338782, 0.99948573, 0.46212181;
 0, 0, 0, 1]
Twc:
[0.99928194, -0.030854905, -0.021991458, -0.0087103629;
 0.03136709, 0.99923539, 0.023338782, 0.12572326;
 0.021254528, -0.02401183, 0.99948573, -0.46548697;
 0, 0, 0, 1]
Ow:
[0.014654242;
 -0.13707308;
 0.46212181]
Keyframe: 56 Frame: 207 Frame from vFrameID : 208
Tcw:
[0.99926764, 0.035772134, 0.013583508, 0.019402083;
 -0.035984676, 0.99922842, 0.015738962, -0.14408879;
 -0.013010011, -0.016216235, 0.99978387, 0.48560032;
 0, 0, 0, 1]
Twc:
[0.99926764, -0.035984676, -0.013010011, -0.018255197;
 0.035772134, 0.99922842, -0.016216235, 0.15115817;
 0.013583508, 0.015738962, 0.99978387, -0.48349109;
 0, 0, 0, 1]
Ow:
[0.019402083;
 -0.14408879;
 0.48560032]
Keyframe: 57 Frame: 212 Frame from vFrameID : 213
Tcw:
[0.99916828, 0.039345343, 0.010707597, 0.018670816;
 -0.039432678, 0.99918962, 0.0080711506, -0.14308962;
 -0.010381358, -0.0084866676, 0.99991012, 0.51264614;
 0, 0, 0, 1]
Twc:
[0.99916828, -0.039432678, -0.010381358, -0.018975731;
 0.039345343, 0.99918962, -0.0084866676, 0.14658971;
 0.010707597, 0.0080711506, 0.99991012, -0.51164508;
 0, 0, 0, 1]
Ow:
[0.018670816;
 -0.14308962;
 0.51264614]
Keyframe: 58 Frame: 217 Frame from vFrameID : 218
Tcw:
[0.99808627, 0.027552383, 0.055359006, 0.015456945;
 -0.030135745, 0.99846894, 0.046385884, -0.14968501;
 -0.053996205, -0.0479654, 0.99738848, 0.5454039;
 0, 0, 0, 1]
Twc:
[0.99808627, -0.030135745, -0.053996205, 0.0095115043;
 0.027552383, 0.99846894, -0.0479654, 0.17519046;
 0.055359006, 0.046385884, 0.99738848, -0.53789192;
 0, 0, 0, 1]
Ow:
[0.015456945;
 -0.14968501;
 0.5454039]
Keyframe: 59 Frame: 222 Frame from vFrameID : 223
Tcw:
[0.99640018, 0.0054945932, 0.084596328, 0.0079493895;
 -0.009135467, 0.99904567, 0.04271144, -0.15135156;
 -0.084280916, -0.043330513, 0.99549949, 0.57579744;
 0, 0, 0, 1]
Twc:
[0.99640018, -0.009135467, -0.084280916, 0.039225288;
 0.0054945932, 0.99904567, -0.043330513, 0.17611304;
 0.084596328, 0.04271144, 0.99549949, -0.56741405;
 0, 0, 0, 1]
Ow:
[0.0079493895;
 -0.15135156;
 0.57579744]
Keyframe: 60 Frame: 228 Frame from vFrameID : 229
Tcw:
[0.99649119, 0.00020324836, 0.083697319, 0.0012972206;
 -0.0045622066, 0.99864227, 0.051892057, -0.16208738;
 -0.08357314, -0.052091826, 0.99513918, 0.61065698;
 0, 0, 0, 1]
Twc:
[0.99649119, -0.0045622066, -0.08357314, 0.049002375;
 0.00020324836, 0.99864227, -0.052091826, 0.19367729;
 0.083697319, 0.051892057, 0.99513918, -0.59938622;
 0, 0, 0, 1]
Ow:
[0.0012972206;
 -0.16208738;
 0.61065698]
Keyframe: 61 Frame: 233 Frame from vFrameID : 234
Tcw:
[0.99956721, 0.010660112, 0.027418489, 0.00022261962;
 -0.01054834, 0.99993545, -0.0042179157, -0.16959573;
 -0.027461683, 0.0039268704, 0.99961513, 0.63770193;
 0, 0, 0, 1]
Twc:
[0.99956721, -0.01054834, -0.027461683, 0.015500892;
 0.010660112, 0.99993545, 0.0039268704, 0.16707826;
 0.027418489, -0.0042179157, 0.99961513, -0.63817799;
 0, 0, 0, 1]
Ow:
[0.00022261962;
 -0.16959573;
 0.63770193]
Keyframe: 62 Frame: 237 Frame from vFrameID : 238
Tcw:
[0.99975801, 0.021470334, 0.004791772, 0.0081271995;
 -0.021350184, 0.9994874, -0.023855586, -0.16970074;
 -0.005301503, 0.023747506, 0.99970394, 0.65725493;
 0, 0, 0, 1]
Twc:
[0.99975801, -0.021350184, -0.005301503, -0.0082639353;
 0.021470334, 0.9994874, 0.023747506, 0.15383111;
 0.004791772, -0.023855586, 0.99970394, -0.66114759;
 0, 0, 0, 1]
Ow:
[0.0081271995;
 -0.16970074;
 0.65725493]
Keyframe: 63 Frame: 242 Frame from vFrameID : 243
Tcw:
[0.9999516, 0.0094607323, 0.002693403, 0.0010044756;
 -0.0094752712, 0.99994034, 0.0054372903, -0.17714944;
 -0.0026418015, -0.0054625482, 0.99998158, 0.67892939;
 0, 0, 0, 1]
Twc:
[0.9999516, -0.0094752712, -0.0026418015, -0.0008893694;
 0.0094607323, 0.99994034, -0.0054625482, 0.18083805;
 0.002693403, 0.0054372903, 0.99998158, -0.67795634;
 0, 0, 0, 1]
Ow:
[0.0010044756;
 -0.17714944;
 0.67892939]
Keyframe: 64 Frame: 247 Frame from vFrameID : 248
Tcw:
[0.99955559, 0.02980783, 0.00042021545, -0.0014365228;
 -0.029770507, 0.99883819, -0.037893925, -0.17615724;
 -0.0015492629, 0.037864573, 0.9992817, 0.7053386;
 0, 0, 0, 1]
Twc:
[0.99955559, -0.029770507, -0.0015492629, -0.0027156512;
 0.02980783, 0.99883819, 0.037864573, 0.14928806;
 0.00042021545, -0.037893925, 0.9992817, -0.71150661;
 0, 0, 0, 1]
Ow:
[-0.0014365228;
 -0.17615724;
 0.7053386]
Keyframe: 65 Frame: 252 Frame from vFrameID : 253
Tcw:
[0.99994874, -0.0065639666, -0.0077108019, -0.01388515;
 0.0063662031, 0.99965715, -0.025398063, -0.18211389;
 0.0078748697, 0.025347671, 0.99964768, 0.73334277;
 0, 0, 0, 1]
Twc:
[0.99994874, 0.0063662031, 0.0078748697, 0.0092688324;
 -0.0065639666, 0.99965715, 0.025347671, 0.16337177;
 -0.0077108019, -0.025398063, 0.99964768, -0.73781681;
 0, 0, 0, 1]
Ow:
[-0.01388515;
 -0.18211389;
 0.73334277]
Keyframe: 66 Frame: 257 Frame from vFrameID : 258
Tcw:
[0.9999584, -0.0077975225, 0.0047276844, -0.014649788;
 0.0077724969, 0.99995583, 0.0052888645, -0.18560641;
 -0.0047687157, -0.0052518989, 0.99997485, 0.75966519;
 0, 0, 0, 1]
Twc:
[0.9999584, 0.0077724969, -0.0047687157, 0.019714432;
 -0.0077975225, 0.99995583, -0.0052518989, 0.18947366;
 0.0047276844, 0.0052888645, 0.99997485, -0.75859517;
 0, 0, 0, 1]
Ow:
[-0.014649788;
 -0.18560641;
 0.75966519]
Keyframe: 67 Frame: 262 Frame from vFrameID : 263
Tcw:
[0.99991184, -0.009222121, 0.0095551331, -0.017029407;
 0.0088842604, 0.99935418, 0.034817681, -0.18799105;
 -0.0098700551, -0.034729719, 0.99934798, 0.78593844;
 0, 0, 0, 1]
Twc:
[0.99991184, 0.0088842604, -0.0098700551, 0.026455322;
 -0.009222121, 0.99935418, -0.034729719, 0.21500802;
 0.0095551331, 0.034817681, 0.99934798, -0.77871788;
 0, 0, 0, 1]
Ow:
[-0.017029407;
 -0.18799105;
 0.78593844]
Keyframe: 68 Frame: 267 Frame from vFrameID : 268
Tcw:
[0.9997462, -0.022527199, 0.00027090736, -0.016596772;
 0.022523515, 0.99917704, -0.033733603, -0.18840098;
 0.00048923912, 0.03373114, 0.99943084, 0.81563032;
 0, 0, 0, 1]
Twc:
[0.9997462, 0.022523515, 0.00048923912, 0.020436972;
 -0.022527199, 0.99917704, 0.03373114, 0.1603599;
 0.00027090736, -0.033733603, 0.99943084, -0.82151705;
 0, 0, 0, 1]
Ow:
[-0.016596772;
 -0.18840098;
 0.81563032]
Keyframe: 69 Frame: 272 Frame from vFrameID : 273
Tcw:
[0.99991345, 0.0091141304, 0.0094894012, -0.0083888248;
 -0.0090275006, 0.99991757, -0.0091322539, -0.18993501;
 -0.0095718512, 0.0090457974, 0.99991328, 0.84146905;
 0, 0, 0, 1]
Twc:
[0.99991345, -0.0090275006, -0.0095718512, 0.014727877;
 0.0091141304, 0.99991757, 0.0090457974, 0.18238406;
 0.0094894012, -0.0091322539, 0.99991328, -0.84305102;
 0, 0, 0, 1]
Ow:
[-0.0083888248;
 -0.18993501;
 0.84146905]
Keyframe: 70 Frame: 275 Frame from vFrameID : 276
Tcw:
[0.99965888, 0.023567487, 0.011255143, -0.0039272392;
 -0.023587214, 0.99972045, 0.0016231814, -0.19321722;
 -0.011213742, -0.0018881052, 0.99993533, 0.8591488;
 0, 0, 0, 1]
Twc:
[0.99965888, -0.023587214, -0.011213742, 0.0090027172;
 0.023567487, 0.99972045, -0.0018881052, 0.19487794;
 0.011255143, 0.0016231814, 0.99993533, -0.85873544;
 0, 0, 0, 1]
Ow:
[-0.0039272392;
 -0.19321722;
 0.8591488]
Keyframe: 71 Frame: 279 Frame from vFrameID : 280
Tcw:
[0.99921536, 0.029299086, 0.026650485, -0.0088026486;
 -0.028932791, 0.99948293, -0.01402781, -0.19026901;
 -0.027047707, 0.01324573, 0.99954641, 0.88435715;
 0, 0, 0, 1]
Twc:
[0.99921536, -0.028932791, -0.027047707, 0.027210558;
 0.029299086, 0.99948293, 0.01324573, 0.17871457;
 0.026650485, -0.01402781, 0.99954641, -0.88639039;
 0, 0, 0, 1]
Ow:
[-0.0088026486;
 -0.19026901;
 0.88435715]
Keyframe: 72 Frame: 284 Frame from vFrameID : 285
Tcw:
[0.99771166, 0.03639162, 0.056982953, -0.0068506263;
 -0.03508224, 0.99910069, -0.023812927, -0.19251773;
 -0.0577983, 0.021759346, 0.9980911, 0.90941077;
 0, 0, 0, 1]
Twc:
[0.99771166, -0.03508224, -0.0577983, 0.052643396;
 0.03639162, 0.99910069, 0.021759346, 0.17280571;
 0.056982953, -0.023812927, 0.9980911, -0.91186893;
 0, 0, 0, 1]
Ow:
[-0.0068506263;
 -0.19251773;
 0.90941077]
Keyframe: 73 Frame: 288 Frame from vFrameID : 289
Tcw:
[0.99552763, 0.015496654, 0.093191274, -0.01423841;
 -0.014397235, 0.99981874, -0.01245825, -0.19094004;
 -0.093367442, 0.011060835, 0.9955703, 0.93440545;
 0, 0, 0, 1]
Twc:
[0.99552763, -0.014397235, -0.093367442, 0.098668769;
 0.015496654, 0.99981874, 0.011060835, 0.18079077;
 0.093191274, -0.01245825, 0.9955703, -0.93131816;
 0, 0, 0, 1]
Ow:
[-0.01423841;
 -0.19094004;
 0.93440545]
Keyframe: 74 Frame: 292 Frame from vFrameID : 293
Tcw:
[0.9937517, 0.031967707, 0.1069373, -0.01039812;
 -0.030930463, 0.99945718, -0.011344535, -0.19422151;
 -0.10724191, 0.0079660313, 0.99420106, 0.95114541;
 0, 0, 0, 1]
Twc:
[0.9937517, -0.030930463, -0.10724191, 0.10632843;
 0.031967707, 0.99945718, 0.0079660313, 0.18687162;
 0.1069373, -0.011344535, 0.99420106, -0.94672114;
 0, 0, 0, 1]
Ow:
[-0.01039812;
 -0.19422151;
 0.95114541]
Keyframe: 75 Frame: 297 Frame from vFrameID : 298
Tcw:
[0.99579024, 0.059584219, 0.06965299, -0.010437481;
 -0.059308354, 0.99822152, -0.006023746, -0.1967423;
 -0.06988804, 0.001867383, 0.99755311, 0.98036116;
 0, 0, 0, 1]
Twc:
[0.99579024, -0.059308354, -0.06988804, 0.067240596;
 0.059584219, 0.99822152, 0.001867383, 0.1951836;
 0.06965299, -0.006023746, 0.99755311, -0.97842044;
 0, 0, 0, 1]
Ow:
[-0.010437481;
 -0.1967423;
 0.98036116]
Keyframe: 76 Frame: 301 Frame from vFrameID : 302
Tcw:
[0.99769759, 0.065520689, 0.017507734, -0.0090670977;
 -0.06550128, 0.99785107, -0.0016800902, -0.19911391;
 -0.017580191, 0.00052944291, 0.99984533, 1.0060751;
 0, 0, 0, 1]
Twc:
[0.99769759, -0.06550128, -0.017580191, 0.013690999;
 0.065520689, 0.99785107, 0.00052944291, 0.19874746;
 0.017507734, -0.0016800902, 0.99984533, -1.0060953;
 0, 0, 0, 1]
Ow:
[-0.0090670977;
 -0.19911391;
 1.0060751]
Keyframe: 77 Frame: 305 Frame from vFrameID : 306
Tcw:
[0.99734712, 0.072065093, -0.010264281, -0.0075405752;
 -0.071951315, 0.99734688, 0.011053733, -0.20386666;
 0.011033637, -0.01028588, 0.99988621, 1.0264533;
 0, 0, 0, 1]
Twc:
[0.99734712, -0.071951315, 0.011033637, -0.018473417;
 0.072065093, 0.99734688, -0.01028588, 0.21442717;
 -0.010264281, 0.011053733, 0.99988621, -1.0241604;
 0, 0, 0, 1]
Ow:
[-0.0075405752;
 -0.20386666;
 1.0264533]
Keyframe: 78 Frame: 311 Frame from vFrameID : 312
Tcw:
[0.99822974, 0.058802038, 0.0089270771, -0.0090202633;
 -0.058603365, 0.99805856, -0.021088248, -0.2081939;
 -0.010149778, 0.02052776, 0.99973774, 1.0600166;
 0, 0, 0, 1]
Twc:
[0.99822974, -0.058603365, -0.010149778, 0.0075623649;
 0.058802038, 0.99805856, 0.02052776, 0.18656036;
 0.0089270771, -0.021088248, 0.99973774, -1.0640486;
 0, 0, 0, 1]
Ow:
[-0.0090202633;
 -0.2081939;
 1.0600166]
Keyframe: 79 Frame: 315 Frame from vFrameID : 316
Tcw:
[0.9973169, 0.06620606, 0.031238105, -0.0081678368;
 -0.065667689, 0.99767995, -0.01795773, -0.20984159;
 -0.032354541, 0.015858212, 0.99935067, 1.0750641;
 0, 0, 0, 1]
Twc:
[0.9973169, -0.065667689, -0.032354541, 0.029149313;
 0.06620606, 0.99767995, 0.015858212, 0.19284691;
 0.031238105, -0.01795773, 0.99935067, -1.0778791;
 0, 0, 0, 1]
Ow:
[-0.0081678368;
 -0.20984159;
 1.0750641]
Keyframe: 80 Frame: 319 Frame from vFrameID : 320
Tcw:
[0.99622738, 0.059220258, 0.063434869, -0.011595666;
 -0.059368536, 0.998236, 0.00045342202, -0.21266299;
 -0.063296117, -0.0042177467, 0.9979859, 1.0975974;
 0, 0, 0, 1]
Twc:
[0.99622738, -0.059368536, -0.063296117, 0.068400085;
 0.059220258, 0.998236, -0.0042177467, 0.21760397;
 0.063434869, 0.00045342202, 0.9979859, -1.0945547;
 0, 0, 0, 1]
Ow:
[-0.011595666;
 -0.21266299;
 1.0975974]
Keyframe: 81 Frame: 323 Frame from vFrameID : 324
Tcw:
[0.99708533, 0.04881243, 0.058635674, -0.010592349;
 -0.048792638, 0.99880737, -0.0017700932, -0.21181493;
 -0.058652144, -0.001096055, 0.9982779, 1.1196747;
 0, 0, 0, 1]
Twc:
[0.99708533, -0.048792638, -0.058652144, 0.065897785;
 0.04881243, 0.99880737, -0.001096055, 0.21330656;
 0.058635674, -0.0017700932, 0.9982779, -1.1175002;
 0, 0, 0, 1]
Ow:
[-0.010592349;
 -0.21181493;
 1.1196747]
Keyframe: 82 Frame: 327 Frame from vFrameID : 328
Tcw:
[0.99673557, 0.065943569, 0.046578985, -0.01163476;
 -0.065751664, 0.99782008, -0.0056418893, -0.21491507;
 -0.046849489, 0.002560826, 0.99889868, 1.139709;
 0, 0, 0, 1]
Twc:
[0.99673557, -0.065751664, -0.046849489, 0.050860547;
 0.065943569, 0.99782008, 0.002560826, 0.2122952;
 0.046578985, -0.0056418893, 0.99889868, -1.1391244;
 0, 0, 0, 1]
Ow:
[-0.01163476;
 -0.21491507;
 1.139709]
Keyframe: 83 Frame: 331 Frame from vFrameID : 332
Tcw:
[0.99719036, 0.074271634, 0.0097545842, -0.010204619;
 -0.074292503, 0.99723488, 0.001794297, -0.21909162;
 -0.0095943455, -0.0025139481, 0.99995083, 1.1582859;
 0, 0, 0, 1]
Twc:
[0.99719036, -0.074292503, -0.0095943455, 0.0050120773;
 0.074271634, 0.99723488, -0.0025139481, 0.2221556;
 0.0097545842, 0.001794297, 0.99995083, -1.1577363;
 0, 0, 0, 1]
Ow:
[-0.010204619;
 -0.21909162;
 1.1582859]
Keyframe: 84 Frame: 335 Frame from vFrameID : 336
Tcw:
[0.99765116, 0.067719907, -0.010301361, -0.013999056;
 -0.067759067, 0.99769557, -0.0035004087, -0.22181027;
 0.010040575, 0.0041901977, 0.99994081, 1.1739184;
 0, 0, 0, 1]
Twc:
[0.99765116, -0.067759067, 0.010040575, -0.012850297;
 0.067719907, 0.99769557, 0.0041901977, 0.21732819;
 -0.010301361, -0.0035004087, 0.99994081, -1.1747695;
 0, 0, 0, 1]
Ow:
[-0.013999056;
 -0.22181027;
 1.1739184]
Keyframe: 85 Frame: 340 Frame from vFrameID : 341
Tcw:
[0.99906546, 0.042880353, -0.0054344432, -0.020020027;
 -0.042977199, 0.99889207, -0.019171534, -0.22454321;
 0.0046063401, 0.019387174, 0.99980146, 1.2015632;
 0, 0, 0, 1]
Twc:
[0.99906546, -0.042977199, 0.0046063401, 0.0048162695;
 0.042880353, 0.99889207, 0.019387174, 0.201858;
 -0.0054344432, -0.019171534, 0.99980146, -1.2057383;
 0, 0, 0, 1]
Ow:
[-0.020020027;
 -0.22454321;
 1.2015632]
Keyframe: 86 Frame: 346 Frame from vFrameID : 347
Tcw:
[0.99830121, 0.048808701, 0.031817816, -0.017589953;
 -0.048225299, 0.99865854, -0.018852731, -0.23056696;
 -0.032695312, 0.01728628, 0.99931586, 1.231613;
 0, 0, 0, 1]
Twc:
[0.99830121, -0.048225299, -0.032695312, 0.046708886;
 0.048808701, 0.99865854, 0.01728628, 0.2098262;
 0.031817816, -0.018852731, 0.99931586, -1.2345576;
 0, 0, 0, 1]
Ow:
[-0.017589953;
 -0.23056696;
 1.231613]
Keyframe: 87 Frame: 350 Frame from vFrameID : 351
Tcw:
[0.99897128, 0.041067507, 0.019229839, -0.019279039;
 -0.040639151, 0.99892813, -0.02216048, -0.23253581;
 -0.020119302, 0.021356199, 0.99956948, 1.2539256;
 0, 0, 0, 1]
Twc:
[0.99897128, -0.040639151, -0.020119302, 0.035037253;
 0.041067507, 0.99892813, 0.021356199, 0.20629922;
 0.019229839, -0.02216048, 0.99956948, -1.2581681;
 0, 0, 0, 1]
Ow:
[-0.019279039;
 -0.23253581;
 1.2539256]
Keyframe: 88 Frame: 354 Frame from vFrameID : 355
Tcw:
[0.99850595, 0.054025985, 0.0081888735, -0.017822001;
 -0.053774863, 0.99815232, -0.028287295, -0.23587915;
 -0.0097019915, 0.027804676, 0.99956632, 1.2698206;
 0, 0, 0, 1]
Twc:
[0.99850595, -0.053774863, -0.0097019915, 0.017430793;
 0.054025985, 0.99815232, 0.027804676, 0.20109925;
 0.0081888735, -0.028287295, 0.99956632, -1.2757962;
 0, 0, 0, 1]
Ow:
