Keyframe: 0 Frame: 0 Frame from vFrameID : 229
Tcw:
[0.99966073, 0.0037371032, 0.025778061, 0.070600495;
 0.023231732, 0.31964001, -0.94725424, 0.0073157116;
 -0.011779686, 0.9475317, 0.31944475, 0.021921806;
 0, 0, 0, 1]
Twc:
[0.99966073, 0.023231732, -0.011779686, -0.070488267;
 0.0037371032, 0.31964001, 0.9475317, -0.023373842;
 0.025778061, -0.94725424, 0.31944475, -0.0018929113;
 0, 0, 0, 1]
Ow:
[0.070600495;
 0.0073157116;
 0.021921806]
Keyframe: 1 Frame: 228 Frame from vFrameID : 229
Tcw:
[0.99962121, 0.00084400497, 0.027509507, 0.072064072;
 0.0257481, 0.32440084, -0.94556922, 0.005405419;
 -0.0097221723, 0.94591933, 0.32425621, 0.024122262;
 0, 0, 0, 1]
Twc:
[0.99962121, 0.0257481, -0.0097221723, -0.071941435;
 0.00084400497, 0.32440084, 0.94591933, -0.024632061;
 0.027509507, -0.94556922, 0.32425621, -0.004693043;
 0, 0, 0, 1]
Ow:
[0.072064072;
 0.005405419;
 0.024122262]
Keyframe: 2 Frame: 231 Frame from vFrameID : 232
Tcw:
[0.99953634, -0.0080000209, 0.029379169, 0.077895992;
 0.030371413, 0.33073983, -0.94323313, 0.0079510538;
 -0.002170976, 0.94368809, 0.33082944, 0.030655937;
 0, 0, 0, 1]
Twc:
[0.99953634, 0.030371413, -0.002170976, -0.078034803;
 -0.0080000209, 0.33073983, 0.94368809, -0.030936202;
 0.029379169, -0.94323313, 0.33082944, -0.0049307081;
 0, 0, 0, 1]
Ow:
[0.077895992;
 0.0079510538;
 0.030655937]
Keyframe: 3 Frame: 234 Frame from vFrameID : 235
Tcw:
[0.99963403, -0.0064076781, 0.026282387, 0.079617575;
 0.026911963, 0.3343505, -0.94206446, 0.006906921;
 -0.0027510831, 0.94242704, 0.33440059, 0.032623466;
 0, 0, 0, 1]
Twc:
[0.99963403, 0.026911963, -0.0027510831, -0.079684563;
 -0.0064076781, 0.3343505, 0.94242704, -0.032544404;
 0.026282387, -0.94206446, 0.33440059, -0.0064950804;
 0, 0, 0, 1]
Ow:
[0.079617575;
 0.006906921;
 0.032623466]
Keyframe: 4 Frame: 236 Frame from vFrameID : 237
Tcw:
[0.9994294, -0.014835278, 0.030344853, 0.081422366;
 0.033571575, 0.33732268, -0.9407903, 0.0077592577;
 0.0037208782, 0.9412722, 0.33762825, 0.035906456;
 0, 0, 0, 1]
Twc:
[0.9994294, 0.033571575, 0.0037208782, -0.081769995;
 -0.014835278, 0.33732268, 0.9412722, -0.035207197;
 0.030344853, -0.9407903, 0.33762825, -0.0072939489;
 0, 0, 0, 1]
Ow:
[0.081422366;
 0.0077592577;
 0.035906456]
Keyframe: 5 Frame: 238 Frame from vFrameID : 239
Tcw:
[0.99931985, -0.020882612, 0.030392857, 0.083139531;
 0.035659228, 0.33730513, -0.94071978, 0.0097224507;
 0.0093930187, 0.94116372, 0.33782038, 0.038118452;
 0, 0, 0, 1]
Twc:
[0.99931985, 0.035659228, 0.0093930187, -0.083787732;
 -0.020882612, 0.33730513, 0.94116372, -0.037418969;
 0.030392857, -0.94071978, 0.33782038, -0.0062579378;
 0, 0, 0, 1]
Ow:
[0.083139531;
 0.0097224507;
 0.038118452]
Keyframe: 6 Frame: 240 Frame from vFrameID : 241
Tcw:
[0.99938929, -0.028932542, 0.019595405, 0.092838965;
 0.028435469, 0.34742045, -0.93727821, 0.00969797;
 0.020309996, 0.93726301, 0.34803098, 0.042993557;
 0, 0, 0, 1]
Twc:
[0.99938929, 0.028435469, 0.020309996, -0.093931228;
 -0.028932542, 0.34742045, 0.93726301, -0.040979479;
 0.019595405, -0.93727821, 0.34803098, -0.0076926113;
 0, 0, 0, 1]
Ow:
[0.092838965;
 0.00969797;
 0.042993557]
Keyframe: 7 Frame: 243 Frame from vFrameID : 244
Tcw:
[0.99942625, -0.029649504, 0.016372727, 0.093778647;
 0.025825139, 0.35432917, -0.93476409, 0.0084886998;
 0.021913955, 0.9346506, 0.3548916, 0.046771698;
 0, 0, 0, 1]
Twc:
[0.99942625, 0.025825139, 0.021913955, -0.094969019;
 -0.029649504, 0.35432917, 0.9346506, -0.043942496;
 0.016372727, -0.93476409, 0.3548916, -0.010199361;
 0, 0, 0, 1]
Ow:
[0.093778647;
 0.0084886998;
 0.046771698]
Keyframe: 8 Frame: 246 Frame from vFrameID : 247
Tcw:
[0.99930412, -0.035661634, 0.010931327, 0.095863521;
 0.023053478, 0.36012584, -0.93261886, 0.0059381202;
 0.029322058, 0.93222189, 0.36069736, 0.056984849;
 0, 0, 0, 1]
Twc:
[0.99930412, 0.023053478, 0.029322058, -0.097604617;
 -0.035661634, 0.36012584, 0.93222189, -0.051842343;
 0.010931327, -0.93261886, 0.36069736, -0.016064197;
 0, 0, 0, 1]
Ow:
[0.095863521;
 0.0059381202;
 0.056984849]
Keyframe: 9 Frame: 250 Frame from vFrameID : 251
Tcw:
[0.99912733, -0.038040146, 0.017248284, 0.099001929;
 0.029909598, 0.36336538, -0.93116647, 0.0037087835;
 0.029154278, 0.93086976, 0.36418605, 0.062522165;
 0, 0, 0, 1]
Twc:
[0.99912733, 0.029909598, 0.029154278, -0.10084925;
 -0.038040146, 0.36336538, 0.93086976, -0.055781592;
 0.017248284, -0.93116647, 0.36418605, -0.021023819;
 0, 0, 0, 1]
Ow:
[0.099001929;
 0.0037087835;
 0.062522165]
Keyframe: 10 Frame: 254 Frame from vFrameID : 255
Tcw:
[0.99900299, -0.036356848, 0.025908064, 0.10774416;
 0.037585903, 0.37179551, -0.92755347, 0.0037333053;
 0.024090419, 0.92760241, 0.37279132, 0.07259164;
 0, 0, 0, 1]
Twc:
[0.99900299, 0.037585903, 0.024090419, -0.10952582;
 -0.036356848, 0.37179551, 0.92760241, -0.064806968;
 0.025908064, -0.92755347, 0.37279132, -0.026390133;
 0, 0, 0, 1]
Ow:
[0.10774416;
 0.0037333053;
 0.07259164]
Keyframe: 11 Frame: 259 Frame from vFrameID : 260
Tcw:
[0.99868262, -0.040938184, 0.030936599, 0.12238123;
 0.043490563, 0.35534084, -0.93372452, 0.0048859268;
 0.027231947, 0.93383992, 0.35665315, 0.096781462;
 0, 0, 0, 1]
Twc:
[0.99868262, 0.043490563, 0.027231947, -0.12506805;
 -0.040938184, 0.35534084, 0.93383992, -0.087104492;
 0.030936599, -0.93372452, 0.35665315, -0.033741362;
 0, 0, 0, 1]
Ow:
[0.12238123;
 0.0048859268;
 0.096781462]
Keyframe: 12 Frame: 264 Frame from vFrameID : 265
Tcw:
[0.99904585, -0.033834677, 0.027614864, 0.12245981;
 0.037117396, 0.32459202, -0.94512558, -0.0016088411;
 0.023014454, 0.94524878, 0.32553816, 0.14213023;
 0, 0, 0, 1]
Twc:
[0.99904585, 0.037117396, 0.023014454, -0.12555429;
 -0.033834677, 0.32459202, 0.94524878, -0.12968281;
 0.027614864, -0.94512558, 0.32553816, -0.051171079;
 0, 0, 0, 1]
Ow:
[0.12245981;
 -0.0016088411;
 0.14213023]
Keyframe: 13 Frame: 269 Frame from vFrameID : 270
Tcw:
[0.99801779, -0.024349781, 0.058031008, 0.11962295;
 0.062847577, 0.33771974, -0.93914616, -0.0075222664;
 0.0032697876, 0.94093168, 0.33858061, 0.16237293;
 0, 0, 0, 1]
Twc:
[0.99801779, 0.062847577, 0.0032697876, -0.11944399;
 -0.024349781, 0.33771974, 0.94093168, -0.14732863;
 0.058031008, -0.93914616, 0.33858061, -0.068982676;
 0, 0, 0, 1]
Ow:
[0.11962295;
 -0.0075222664;
 0.16237293]
Keyframe: 14 Frame: 274 Frame from vFrameID : 275
Tcw:
[0.99850762, -0.024621138, 0.048748061, 0.14961967;
 0.054252829, 0.34485173, -0.93708801, -0.011438847;
 0.0062613208, 0.93833423, 0.34567282, 0.17591321;
 0, 0, 0, 1]
Twc:
[0.99850762, 0.054252829, 0.0062613208, -0.14987724;
 -0.024621138, 0.34485173, 0.93833423, -0.15743688;
 0.048748061, -0.93708801, 0.34567282, -0.078821294;
 0, 0, 0, 1]
Ow:
[0.14961967;
 -0.011438847;
 0.17591321]
Keyframe: 15 Frame: 280 Frame from vFrameID : 281
Tcw:
[0.99900192, -0.036462538, 0.025799874, 0.16816051;
 0.035493191, 0.29734117, -0.95411134, -0.014676437;
 0.027117956, 0.9540748, 0.29833859, 0.23168409;
 0, 0, 0, 1]
Twc:
[0.99900192, 0.035493191, 0.027117956, -0.17375457;
 -0.036462538, 0.29734117, 0.9540748, -0.21054848;
 0.025799874, -0.95411134, 0.29833859, -0.087461777;
 0, 0, 0, 1]
Ow:
[0.16816051;
 -0.014676437;
 0.23168409]
Keyframe: 16 Frame: 286 Frame from vFrameID : 287
Tcw:
[0.99915171, -0.038295254, 0.015144556, 0.17371494;
 0.026069727, 0.30350581, -0.95247287, -0.023659691;
 0.031878732, 0.95205969, 0.30424669, 0.2584486;
 0, 0, 0, 1]
Twc:
[0.99915171, 0.026069727, 0.031878732, -0.18118978;
 -0.038295254, 0.30350581, 0.95205969, -0.23222519;
 0.015144556, -0.95247287, 0.30424669, -0.10379819;
 0, 0, 0, 1]
Ow:
[0.17371494;
 -0.023659691;
 0.2584486]
Keyframe: 17 Frame: 292 Frame from vFrameID : 293
Tcw:
[0.99884588, -0.047639601, 0.006110765, 0.18953003;
 0.02107838, 0.32046884, -0.94702452, -0.025873736;
 0.043157563, 0.94606036, 0.32110316, 0.28365117;
 0, 0, 0, 1]
Twc:
[0.99884588, 0.02107838, 0.043157563, -0.2010076;
 -0.047639601, 0.32046884, 0.94606036, -0.25103027;
 0.006110765, -0.94702452, 0.32110316, -0.11674251;
 0, 0, 0, 1]
Ow:
[0.18953003;
 -0.025873736;
 0.28365117]
Keyframe: 18 Frame: 299 Frame from vFrameID : 300
Tcw:
[0.99720442, -0.074593268, -0.0043831798, 0.22502466;
 0.018384727, 0.30178818, -0.95319772, -0.029867716;
 0.072424926, 0.95045239, 0.30231586, 0.32099771;
 0, 0, 0, 1]
Twc:
[0.99720442, 0.018384727, 0.072424926, -0.24709469;
 -0.074593268, 0.30178818, 0.95045239, -0.27929398;
 -0.0043831798, -0.95319772, 0.30231586, -0.12452622;
 0, 0, 0, 1]
Ow:
[0.22502466;
 -0.029867716;
 0.32099771]
Keyframe: 19 Frame: 306 Frame from vFrameID : 307
Tcw:
[0.99858963, -0.051488068, 0.012950643, 0.25611129;
 0.0287771, 0.31992206, -0.94700676, -0.050208993;
 0.044616349, 0.94604379, 0.32095253, 0.35891804;
 0, 0, 0, 1]
Twc:
[0.99858963, 0.0287771, 0.044616349, -0.27031884;
 -0.051488068, 0.31992206, 0.94604379, -0.31030253;
 0.012950643, -0.94700676, 0.32095253, -0.1660607;
 0, 0, 0, 1]
Ow:
[0.25611129;
 -0.050208993;
 0.35891804]
Keyframe: 20 Frame: 314 Frame from vFrameID : 315
Tcw:
[0.99721003, -0.070222452, -0.025318315, 0.24958529;
 -0.0031807024, 0.29889259, -0.95428145, -0.051446497;
 0.07457944, 0.95169955, 0.29783532, 0.39874116;
 0, 0, 0, 1]
Twc:
[0.99721003, -0.0031807024, 0.07457944, -0.27879047;
 -0.070222452, 0.29889259, 0.95169955, -0.3465783;
 -0.025318315, -0.95428145, 0.29783532, -0.16153455;
 0, 0, 0, 1]
Ow:
[0.24958529;
 -0.051446497;
 0.39874116]
Keyframe: 21 Frame: 322 Frame from vFrameID : 323
Tcw:
[0.99797332, -0.063519508, -0.0038151515, 0.26309517;
 0.015633961, 0.30286375, -0.95290565, -0.037775084;
 0.061683569, 0.95091474, 0.30324298, 0.44375196;
 0, 0, 0, 1]
Twc:
[0.99797332, 0.015633961, 0.061683569, -0.2893436;
 -0.063519508, 0.30286375, 0.95091474, -0.3938179;
 -0.0038151515, -0.95290565, 0.30324298, -0.16955701;
 0, 0, 0, 1]
Ow:
[0.26309517;
 -0.037775084;
 0.44375196]
Keyframe: 22 Frame: 330 Frame from vFrameID : 331
Tcw:
[0.99830395, -0.049767021, 0.030206703, 0.27547678;
 0.043560784, 0.29433784, -0.95470816, -0.054729164;
 0.038622007, 0.95440477, 0.29600653, 0.49194419;
 0, 0, 0, 1]
Twc:
[0.99830395, 0.043560784, 0.038622007, -0.29162538;
 -0.049767021, 0.29433784, 0.95440477, -0.43969536;
 0.030206703, -0.95470816, 0.29600653, -0.20619032;
 0, 0, 0, 1]
Ow:
[0.27547678;
 -0.054729164;
 0.49194419]
Keyframe: 23 Frame: 338 Frame from vFrameID : 339
Tcw:
[0.99830049, -0.0279909, 0.051113695, 0.28470403;
 0.057240125, 0.30633101, -0.95020252, -0.064871535;
 0.010939315, 0.95151347, 0.30741259, 0.50891823;
 0, 0, 0, 1]
Twc:
[0.99830049, 0.057240125, 0.010939315, -0.28607416;
 -0.0279909, 0.30633101, 0.95151347, -0.4564012;
 0.051113695, -0.95020252, 0.30741259, -0.23264125;
 0, 0, 0, 1]
Ow:
[0.28470403;
 -0.064871535;
 0.50891823]
Keyframe: 24 Frame: 347 Frame from vFrameID : 348
Tcw:
[0.99576986, -0.091010518, 0.012626657, 0.28909996;
 0.041384276, 0.32155138, -0.94598734, -0.078517348;
 0.082034677, 0.94250822, 0.32395756, 0.51971173;
 0, 0, 0, 1]
Twc:
[0.99576986, 0.041384276, 0.082034677, -0.32726204;
 -0.091010518, 0.32155138, 0.94250822, -0.43827412;
 0.012626657, -0.94598734, 0.32395756, -0.24629134;
 0, 0, 0, 1]
Ow:
[0.28909996;
 -0.078517348;
 0.51971173]
Keyframe: 25 Frame: 355 Frame from vFrameID : 356
Tcw:
[0.99421901, -0.10376871, -0.02757941, 0.35549176;
 0.0077670901, 0.32569498, -0.94544297, -0.044231221;
 0.10708988, 0.93976319, 0.3246181, 0.5880326;
 0, 0, 0, 1]
Twc:
[0.99421901, 0.0077670901, 0.10708988, -0.41606545;
 -0.10376871, 0.32569498, 0.93976319, -0.50131655;
 -0.02757941, -0.94544297, 0.3246181, -0.22289987;
 0, 0, 0, 1]
Ow:
[0.35549176;
 -0.044231221;
 0.5880326]
Keyframe: 26 Frame: 362 Frame from vFrameID : 363
Tcw:
[0.99595767, -0.089559831, 0.0068825833, 0.36610883;
 0.036682215, 0.33559021, -0.9412936, -0.072861791;
 0.081992365, 0.93774104, 0.33751887, 0.61608505;
 0, 0, 0, 1]
Twc:
[0.99595767, 0.036682215, 0.081992365, -0.41247043;
 -0.089559831, 0.33559021, 0.93774104, -0.52048784;
 0.0068825833, -0.9412936, 0.33751887, -0.27904442;
 0, 0, 0, 1]
Ow:
[0.36610883;
 -0.072861791;
 0.61608505]
Keyframe: 27 Frame: 369 Frame from vFrameID : 370
Tcw:
[0.99687552, -0.070231237, 0.036149766, 0.37600416;
 0.057600483, 0.33318424, -0.94110066, -0.084742814;
 0.054050129, 0.94024241, 0.33618858, 0.62545741;
 0, 0, 0, 1]
Twc:
[0.99687552, 0.057600483, 0.054050129, -0.40375417;
 -0.070231237, 0.33318424, 0.94024241, -0.53343934;
 0.036149766, -0.94110066, 0.33618858, -0.3036156;
 0, 0, 0, 1]
Ow:
[0.37600416;
 -0.084742814;
 0.62545741]
Keyframe: 28 Frame: 378 Frame from vFrameID : 379
Tcw:
[0.99733555, -0.039373953, 0.061412752, 0.40061691;
 0.07114549, 0.33884406, -0.93814874, -0.09370333;
 0.016129278, 0.9400183, 0.3407425, 0.68049705;
 0, 0, 0, 1]
Twc:
[0.99733555, 0.07114549, 0.016129278, -0.40385884;
 -0.039373953, 0.33884406, 0.9400183, -0.59215498;
 0.061412752, -0.93814874, 0.3407425, -0.34438491;
 0, 0, 0, 1]
Ow:
[0.40061691;
 -0.09370333;
 0.68049705]
Keyframe: 29 Frame: 386 Frame from vFrameID : 387
Tcw:
[0.99857426, -0.047547698, 0.024262389, 0.40963516;
 0.038512819, 0.32700795, -0.94423652, -0.11164276;
 0.036962278, 0.94382465, 0.32837293, 0.70641756;
 0, 0, 0, 1]
Twc:
[0.99857426, 0.038512819, 0.036962278, -0.43086225;
 -0.047547698, 0.32700795, 0.94382465, -0.61074907;
 0.024262389, -0.94423652, 0.32837293, -0.34732431;
 0, 0, 0, 1]
Ow:
[0.40963516;
 -0.11164276;
 0.70641756]
Keyframe: 30 Frame: 394 Frame from vFrameID : 395
Tcw:
[0.99817592, -0.060203411, 0.0045094676, 0.4416298;
 0.022920026, 0.30879274, -0.95085317, -0.12236907;
 0.055852111, 0.94922209, 0.30960935, 0.73442733;
 0, 0, 0, 1]
Twc:
[0.99817592, 0.022920026, 0.055852111, -0.47903886;
 -0.060203411, 0.30879274, 0.94922209, -0.63276035;
 0.0045094676, -0.95085317, 0.30960935, -0.34573209;
 0, 0, 0, 1]
Ow:
[0.4416298;
 -0.12236907;
 0.73442733]
Keyframe: 31 Frame: 401 Frame from vFrameID : 402
Tcw:
[0.99782062, -0.054406874, 0.037335336, 0.43632647;
 0.053128254, 0.32686543, -0.9435764, -0.11619164;
 0.039133411, 0.9435035, 0.3290436, 0.73351365;
 0, 0, 0, 1]
Twc:
[0.99782062, 0.053128254, 0.039133411, -0.45790738;
 -0.054406874, 0.32686543, 0.9435035, -0.63035452;
 0.037335336, -0.9435764, 0.3290436, -0.36728406;
 0, 0, 0, 1]
Ow:
[0.43632647;
 -0.11619164;
 0.73351365]
Keyframe: 32 Frame: 409 Frame from vFrameID : 410
Tcw:
[0.99736303, -0.040312357, 0.060348157, 0.46249306;
 0.070452623, 0.33822599, -0.93842399, -0.13157305;
 0.01741877, 0.9402011, 0.3401742, 0.78199553;
 0, 0, 0, 1]
Twc:
[0.99736303, 0.070452623, 0.01741877, -0.4656252;
 -0.040312357, 0.33822599, 0.9402011, -0.67208743;
 0.060348157, -0.93842399, 0.3401742, -0.41739661;
 0, 0, 0, 1]
Ow:
[0.46249306;
 -0.13157305;
 0.78199553]
Keyframe: 33 Frame: 417 Frame from vFrameID : 418
Tcw:
[0.99673325, -0.025347963, 0.076683432, 0.48626387;
 0.08070825, 0.34796813, -0.93402588, -0.15766713;
 -0.0030077377, 0.93716359, 0.34887719, 0.81723821;
 0, 0, 0, 1]
Twc:
[0.99673325, 0.08070825, -0.0030077377, -0.46949226;
 -0.025347963, 0.34796813, 0.93716359, -0.69869697;
 0.076683432, -0.93402588, 0.34887719, -0.46966931;
 0, 0, 0, 1]
Ow:
[0.48626387;
 -0.15766713;
 0.81723821]
Keyframe: 34 Frame: 426 Frame from vFrameID : 427
Tcw:
[0.99699211, -0.017781751, 0.075436048, 0.51391214;
 0.076494731, 0.38228953, -0.92087096, -0.16329402;
 -0.012463714, 0.92387146, 0.38249984, 0.83981138;
 0, 0, 0, 1]
Twc:
[0.99699211, 0.076494731, -0.012463714, -0.48940805;
 -0.017781751, 0.38228953, 0.92387146, -0.70431393;
 0.075436048, -0.92087096, 0.38249984, -0.51036793;
 0, 0, 0, 1]
Ow:
[0.51391214;
 -0.16329402;
 0.83981138]
Keyframe: 35 Frame: 434 Frame from vFrameID : 435
Tcw:
[0.99820936, -0.0048862919, 0.059616931, 0.51961285;
 0.057388488, 0.35932544, -0.93144608, -0.17102337;
 -0.016870562, 0.93319952, 0.35896245, 0.8753823;
 0, 0, 0, 1]
Twc:
[0.99820936, 0.057388488, -0.016870562, -0.49409944;
 -0.0048862919, 0.35932544, 0.93319952, -0.75291431;
 0.059616931, -0.93144608, 0.35896245, -0.50450611;
 0, 0, 0, 1]
Ow:
[0.51961285;
 -0.17102337;
 0.8753823]
Keyframe: 36 Frame: 442 Frame from vFrameID : 443
Tcw:
[0.99675775, 0.0085021462, 0.080010861, 0.51292807;
 0.070973501, 0.37555301, -0.92407936, -0.1952104;
 -0.037904978, 0.92676193, 0.37373194, 0.89582652;
 0, 0, 0, 1]
Twc:
[0.99675775, 0.070973501, -0.037904978, -0.46345398;
 0.0085021462, 0.37555301, 0.92676193, -0.76126701;
 0.080010861, -0.92407936, 0.37373194, -0.5562287;
 0, 0, 0, 1]
Ow:
[0.51292807;
 -0.1952104;
 0.89582652]
Keyframe: 37 Frame: 449 Frame from vFrameID : 450
Tcw:
[0.99629563, 0.00040168944, 0.085993581, 0.54284447;
 0.08020217, 0.35645694, -0.93086308, -0.20394555;
 -0.031026928, 0.93431169, 0.35510427, 0.91753221;
 0, 0, 0, 1]
Twc:
[0.99629563, 0.08020217, -0.031026928, -0.49600846;
 0.00040168944, 0.35645694, 0.93431169, -0.78478134;
 0.085993581, -0.93086308, 0.35510427, -0.5623461;
 0, 0, 0, 1]
Ow:
[0.54284447;
 -0.20394555;
 0.91753221]
Keyframe: 38 Frame: 458 Frame from vFrameID : 459
Tcw:
[0.99325037, 0.029642701, 0.11213829, 0.55217713;
 0.092873387, 0.37592205, -0.92198545, -0.19934177;
 -0.069485396, 0.92617702, 0.37063172, 0.96216714;
 0, 0, 0, 1]
Twc:
[0.99325037, 0.092873387, -0.069485396, -0.46308005;
 0.029642701, 0.37592205, 0.92617702, -0.83256817;
 0.11213829, -0.92198545, 0.37063172, -0.60232008;
 0, 0, 0, 1]
Ow:
[0.55217713;
 -0.19934177;
 0.96216714]
Keyframe: 39 Frame: 465 Frame from vFrameID : 466
Tcw:
[0.99737018, -0.0034026396, 0.072395414, 0.57258821;
 0.068850927, 0.35641637, -0.93178695, -0.18516931;
 -0.022632377, 0.93432105, 0.35571334, 0.99373496;
 0, 0, 0, 1]
Twc:
[0.99737018, 0.068850927, -0.022632377, -0.53584272;
 -0.0034026396, 0.35641637, 0.93432105, -0.86052179;
 0.072395414, -0.93178695, 0.35571334, -0.56747591;
 0, 0, 0, 1]
Ow:
[0.57258821;
 -0.18516931;
 0.99373496]
Keyframe: 40 Frame: 474 Frame from vFrameID : 475
Tcw:
[0.99714005, -0.0083157159, 0.07511729, 0.54147559;
 0.073171608, 0.35494718, -0.93201846, -0.18374971;
 -0.018912267, 0.93484938, 0.3545405, 1.0577534;
 0, 0, 0, 1]
Twc:
[0.99714005, 0.073171608, -0.018912267, -0.50647724;
 -0.0083157159, 0.35494718, 0.93484938, -0.91911596;
 0.07511729, -0.93201846, 0.3545405, -0.58694875;
 0, 0, 0, 1]
Ow:
[0.54147559;
 -0.18374971;
 1.0577534]
Keyframe: 41 Frame: 483 Frame from vFrameID : 484
Tcw:
[0.9948523, -0.0011267632, 0.10132901, 0.58223265;
 0.095433719, 0.34667701, -0.93311709, -0.21702567;
 -0.034077037, 0.93798387, 0.34499994, 1.0935442;
 0, 0, 0, 1]
Twc:
[0.9948523, 0.095433719, -0.034077037, -0.52125925;
 -0.0011267632, 0.34667701, 0.93798387, -0.94983304;
 0.10132901, -0.93311709, 0.34499994, -0.63878012;
 0, 0, 0, 1]
Ow:
[0.58223265;
 -0.21702567;
 1.0935442]
Keyframe: 42 Frame: 491 Frame from vFrameID : 492
Tcw:
[0.99273932, 0.035268914, 0.11499896, 0.59281635;
 0.095012382, 0.35637504, -0.92949957, -0.22953835;
 -0.073765203, 0.93367708, 0.35043651, 1.1097156;
 0, 0, 0, 1]
Twc:
[0.99273932, 0.095012382, -0.073765203, -0.48484468;
 0.035268914, 0.35637504, 0.93367708, -0.97522235;
 0.11499896, -0.92949957, 0.35043651, -0.67041397;
 0, 0, 0, 1]
Ow:
[0.59281635;
 -0.22953835;
 1.1097156]
Keyframe: 43 Frame: 498 Frame from vFrameID : 499
Tcw:
[0.99415243, 0.0092783477, 0.10758648, 0.63549596;
 0.096964389, 0.36179671, -0.92720068, -0.22298878;
 -0.047527324, 0.93221086, 0.3587814, 1.1461797;
 0, 0, 0, 1]
Twc:
[0.99415243, 0.096964389, -0.047527324, -0.55568308;
 0.0092783477, 0.36179671, 0.93221086, -0.99370086;
 0.10758648, -0.92720068, 0.3587814, -0.68635404;
 0, 0, 0, 1]
Ow:
[0.63549596;
 -0.22298878;
 1.1461797]
Keyframe: 44 Frame: 505 Frame from vFrameID : 506
Tcw:
[0.99880153, 0.0019495009, 0.048904639, 0.66836768;
 0.044642057, 0.37332264, -0.92662686, -0.21736705;
 -0.020063668, 0.92769951, 0.37278822, 1.1565573;
 0, 0, 0, 1]
Twc:
[0.99880153, 0.044642057, -0.020063668, -0.63465822;
 0.0019495009, 0.37332264, 0.92769951, -0.9930926;
 0.048904639, -0.92662686, 0.37278822, -0.66525531;
 0, 0, 0, 1]
Ow:
[0.66836768;
 -0.21736705;
 1.1565573]
Keyframe: 45 Frame: 513 Frame from vFrameID : 514
Tcw:
[0.99887985, 0.0018614087, 0.047282469, 0.67167401;
 0.043211315, 0.37133682, -0.9274922, -0.1980429;
 -0.019284165, 0.92849636, 0.37084043, 1.2020819;
 0, 0, 0, 1]
Twc:
[0.99887985, 0.043211315, -0.019284165, -0.63918275;
 0.0018614087, 0.37133682, 0.92849636, -1.0438384;
 0.047282469, -0.9274922, 0.37084043, -0.66122222;
 0, 0, 0, 1]
Ow:
[0.67167401;
 -0.1980429;
 1.2020819]
Keyframe: 46 Frame: 521 Frame from vFrameID : 522
Tcw:
[0.99794412, -0.0072981641, 0.063673384, 0.69766796;
 0.061987225, 0.36232644, -0.92998773, -0.22810122;
 -0.016283348, 0.93202269, 0.36203393, 1.2362568;
 0, 0, 0, 1]
Twc:
[0.99794412, 0.061987225, -0.016283348, -0.66196382;
 -0.0072981641, 0.36232644, 0.93202269, -1.0644805;
 0.063673384, -0.92998773, 0.36203393, -0.70412105;
 0, 0, 0, 1]
Ow:
[0.69766796;
 -0.22810122;
 1.2362568]
Keyframe: 47 Frame: 528 Frame from vFrameID : 529
Tcw:
[0.99501258, 0.028205592, 0.095678836, 0.69585419;
 0.078542612, 0.36975148, -0.92580497, -0.18730655;
 -0.061490271, 0.92870247, 0.36569205, 1.2780851;
 0, 0, 0, 1]
Twc:
[0.99501258, 0.078542612, -0.061490271, -0.59908229;
 0.028205592, 0.36975148, 0.92870247, -1.1373309;
 0.095678836, -0.92580497, 0.36569205, -0.70737344;
 0, 0, 0, 1]
Ow:
[0.69585419;
 -0.18730655;
 1.2780851]
Keyframe: 48 Frame: 536 Frame from vFrameID : 537
Tcw:
[0.99595267, 0.0060974197, 0.089672416, 0.70516002;
 0.081920125, 0.34889391, -0.93357491, -0.17910963;
 -0.036978558, 0.93714237, 0.3469823, 1.3248557;
 0, 0, 0, 1]
Twc:
[0.99595267, 0.081920125, -0.036978558, -0.63864207;
 0.0060974197, 0.34889391, 0.93714237, -1.1833879;
 0.089672416, -0.93357491, 0.3469823, -0.69014716;
 0, 0, 0, 1]
Ow:
[0.70516002;
 -0.17910963;
 1.3248557]
Keyframe: 49 Frame: 543 Frame from vFrameID : 544
Tcw:
[0.99785286, 0.0083582196, 0.064960383, 0.73040158;
 0.057346195, 0.36764714, -0.92819554, -0.15294066;
 -0.031640563, 0.92992783, 0.36637843, 1.3570002;
 0, 0, 0, 1]
Twc:
[0.99785286, 0.057346195, -0.031640563, -0.67712647;
 0.0083582196, 0.36764714, 0.92992783, -1.2117889;
 0.064960383, -0.92819554, 0.36637843, -0.68658161;
 0, 0, 0, 1]
Ow:
[0.73040158;
 -0.15294066;
 1.3570002]
Keyframe: 50 Frame: 550 Frame from vFrameID : 551
Tcw:
[0.99799222, 0.0081346203, 0.062811881, 0.73820877;
 0.055351816, 0.37000239, -0.92738038, -0.15050507;
 -0.030784434, 0.92899519, 0.36880925, 1.393432;
 0, 0, 0, 1]
Twc:
[0.99799222, 0.055351816, -0.030784434, -0.68549991;
 0.0081346203, 0.37000239, 0.92899519, -1.2448095;
 0.062811881, -0.92738038, 0.36880925, -0.69985437;
 0, 0, 0, 1]
Ow:
[0.73820877;
 -0.15050507;
 1.393432]
Keyframe: 51 Frame: 557 Frame from vFrameID : 558
Tcw:
[0.99738055, 0.015465923, 0.0706596, 0.747513;
 0.060587574, 0.35497957, -0.93290871, -0.17792058;
 -0.03951101, 0.93474609, 0.3531127, 1.4202149;
 0, 0, 0, 1]
Twc:
[0.99738055, 0.060587574, -0.03951101, -0.67866111;
 0.015465923, 0.35497957, 0.93474609, -1.2759432;
 0.0706596, -0.93290871, 0.3531127, -0.72029853;
 0, 0, 0, 1]
Ow:
[0.747513;
 -0.17792058;
 1.4202149]
Keyframe: 52 Frame: 565 Frame from vFrameID : 566
Tcw:
[0.99421358, 0.016702641, 0.10611492, 0.77825195;
 0.092544727, 0.36838478, -0.92505574, -0.18189275;
 -0.054541998, 0.92952335, 0.36470738, 1.4419947;
 0, 0, 0, 1]
Twc:
[0.99421358, 0.092544727, -0.054541998, -0.67826617;
 0.016702641, 0.36838478, 0.92952335, -1.28636;
 0.10611492, -0.92505574, 0.36470738, -0.77675122;
 0, 0, 0, 1]
Ow:
[0.77825195;
 -0.18189275;
 1.4419947]
Keyframe: 53 Frame: 573 Frame from vFrameID : 574
Tcw:
[0.99501783, 0.030957278, 0.094769143, 0.79366255;
 0.077141829, 0.36309898, -0.92855173, -0.13788998;
 -0.063156009, 0.93123615, 0.35890186, 1.4880015;
 0, 0, 0, 1]
Twc:
[0.99501783, 0.077141829, -0.063156009, -0.68509507;
 0.030957278, 0.36309898, 0.93123615, -1.3601826;
 0.094769143, -0.92855173, 0.35890186, -0.73729914;
 0, 0, 0, 1]
Ow:
[0.79366255;
 -0.13788998;
 1.4880015]
Keyframe: 54 Frame: 580 Frame from vFrameID : 581
Tcw:
[0.99362361, 0.033760656, 0.10757487, 0.81808412;
 0.086032793, 0.38965249, -0.91693473, -0.17282826;
 -0.072873138, 0.92034298, 0.3842634, 1.5010617;
 0, 0, 0, 1]
Twc:
[0.99362361, 0.086032793, -0.072873138, -0.68861169;
 0.033760656, 0.38965249, 0.92034298, -1.3417677;
 0.10757487, -0.91693473, 0.3842634, -0.82328057;
 0, 0, 0, 1]
Ow:
[0.81808412;
 -0.17282826;
 1.5010617]
Keyframe: 55 Frame: 588 Frame from vFrameID : 589
Tcw:
[0.99037951, 0.052292876, 0.12811659, 0.82935649;
 0.098164178, 0.38704914, -0.9168188, -0.1936267;
 -0.097530514, 0.92057502, 0.37819228, 1.5209455;
 0, 0, 0, 1]
Twc:
[0.99037951, 0.098164178, -0.097530514, -0.65403187;
 0.052292876, 0.38704914, 0.92057502, -1.3685709;
 0.12811659, -0.9168188, 0.37819228, -0.85898477;
 0, 0, 0, 1]
Ow:
[0.82935649;
 -0.1936267;
 1.5209455]
Keyframe: 56 Frame: 597 Frame from vFrameID : 598
Tcw:
[0.98862934, 0.046253566, 0.14308275, 0.87125409;
 0.11489843, 0.38147947, -0.91720867, -0.17221648;
 -0.097007304, 0.92321938, 0.37182733, 1.5380237;
 0, 0, 0, 1]
Twc:
[0.98862934, 0.11489843, -0.097007304, -0.69236034;
 0.046253566, 0.38147947, 0.92321938, -1.3945349;
 0.14308275, -0.91720867, 0.37182733, -0.85449916;
 0, 0, 0, 1]
Ow:
[0.87125409;
 -0.17221648;
 1.5380237]
Keyframe: 57 Frame: 604 Frame from vFrameID : 605
Tcw:
[0.9929148, 0.033025723, 0.11414713, 0.906169;
 0.093770556, 0.3722699, -0.92337543, -0.17001289;
 -0.072988681, 0.92753673, 0.36653543, 1.5774951;
 0, 0, 0, 1]
Twc:
[0.9929148, 0.093770556, -0.072988681, -0.76866704;
 0.033025723, 0.3722699, 0.92753673, -1.4298209;
 0.11414713, -0.92337543, 0.36653543, -0.83863014;
 0, 0, 0, 1]
Ow:
[0.906169;
 -0.17001289;
 1.5774951]
Keyframe: 58 Frame: 612 Frame from vFrameID : 613
Tcw:
[0.99696988, -0.013192644, 0.076661468, 0.90175056;
 0.076332122, 0.35571572, -0.93147182, -0.14898741;
 -0.014981112, 0.93450111, 0.35564488, 1.6347423;
 0, 0, 0, 1]
Twc:
[0.99696988, 0.076332122, -0.014981112, -0.86315536;
 -0.013192644, 0.35571572, 0.93450111, -1.4627748;
 0.076661468, -0.93147182, 0.35564488, -0.78929484;
 0, 0, 0, 1]
Ow:
[0.90175056;
 -0.14898741;
 1.6347423]
Keyframe: 59 Frame: 619 Frame from vFrameID : 620
Tcw:
[0.99894446, -0.014586737, 0.04355656, 0.93934792;
 0.045881484, 0.3622568, -0.93094838, -0.18099225;
 -0.0021991613, 0.93196416, 0.3625437, 1.6756097;
 0, 0, 0, 1]
Twc:
[0.99894446, 0.045881484, -0.0021991613, -0.92636734;
 -0.014586737, 0.3622568, 0.93196416, -1.4823406;
 0.04355656, -0.93094838, 0.3625437, -0.81689095;
 0, 0, 0, 1]
Ow:
[0.93934792;
 -0.18099225;
 1.6756097]
Keyframe: 60 Frame: 626 Frame from vFrameID : 627
Tcw:
[0.99558157, -0.0022458269, 0.093873918, 0.91722858;
 0.088216349, 0.36492094, -0.92684984, -0.15983528;
 -0.032175016, 0.93103582, 0.36350667, 1.6917455;
 0, 0, 0, 1]
Twc:
[0.99558157, 0.088216349, -0.032175016, -0.84464389;
 -0.0022458269, 0.36492094, 0.93103582, -1.5146885;
 0.093873918, -0.92684984, 0.36350667, -0.84920794;
 0, 0, 0, 1]
Ow:
[0.91722858;
 -0.15983528;
 1.6917455]
Keyframe: 61 Frame: 634 Frame from vFrameID : 635
Tcw:
[0.99523079, -0.00079817249, 0.097544871, 0.90677255;
 0.091263734, 0.36073133, -0.92819387, -0.17863232;
 -0.034446634, 0.9326694, 0.35908377, 1.7313044;
 0, 0, 0, 1]
Twc:
[0.99523079, 0.091263734, -0.034446634, -0.82650775;
 -0.00079817249, 0.36073133, 0.9326694, -1.5495727;
 0.097544871, -0.92819387, 0.35908377, -0.87593985;
 0, 0, 0, 1]
Ow:
[0.90677255;
 -0.17863232;
 1.7313044]
Keyframe: 62 Frame: 641 Frame from vFrameID : 642
Tcw:
[0.99525839, 0.0081136236, 0.096927427, 0.90453804;
 0.087048277, 0.37031835, -0.92481726, -0.17807841;
 -0.043397624, 0.92886949, 0.36785617, 1.7678168;
 0, 0, 0, 1]
Twc:
[0.99525839, 0.087048277, -0.043397624, -0.80802852;
 0.0081136236, 0.37031835, 0.92886949, -1.5834644;
 0.096927427, -0.92481726, 0.36785617, -0.90266675;
 0, 0, 0, 1]
Ow:
[0.90453804;
 -0.17807841;
 1.7678168]
Keyframe: 63 Frame: 650 Frame from vFrameID : 651
Tcw:
[0.99892628, 0.017643897, 0.042836871, 0.92724574;
 0.034901395, 0.32145798, -0.94628042, -0.20690441;
 -0.030466327, 0.94675946, 0.32049704, 1.8072631;
 0, 0, 0, 1]
Twc:
[0.99892628, 0.034901395, -0.030466327, -0.86396819;
 0.017643897, 0.32145798, 0.94675946, -1.6608925;
 0.042836871, -0.94628042, 0.32049704, -0.81473237;
 0, 0, 0, 1]
Ow:
[0.92724574;
 -0.20690441;
 1.8072631]
Keyframe: 64 Frame: 658 Frame from vFrameID : 659
Tcw:
[0.99857152, 0.013587371, 0.051674578, 0.91834456;
 0.043926362, 0.34184635, -0.93872869, -0.21090972;
 -0.03041962, 0.93965763, 0.34076118, 1.8543837;
 0, 0, 0, 1]
Twc:
[0.99857152, 0.043926362, -0.03041962, -0.85135865;
 0.013587371, 0.34184635, 0.93965763, -1.6828649;
 0.051674578, -0.93872869, 0.34076118, -0.87734401;
 0, 0, 0, 1]
Ow:
[0.91834456;
 -0.21090972;
 1.8543837]
Keyframe: 65 Frame: 666 Frame from vFrameID : 667
Tcw:
[0.99390078, 0.0016443133, 0.11026564, 0.87471503;
 0.10275774, 0.34910408, -0.93143284, -0.21149451;
 -0.040025752, 0.93708253, 0.34680584, 1.8869238;
 0, 0, 0, 1]
Twc:
[0.99390078, 0.10275774, -0.040025752, -0.77212179;
 0.0016443133, 0.34910408, 0.93708253, -1.6958079;
 0.11026564, -0.93143284, 0.34680584, -0.94784015;
 0, 0, 0, 1]
Ow:
[0.87471503;
 -0.21149451;
 1.8869238]
Keyframe: 66 Frame: 674 Frame from vFrameID : 675
Tcw:
[0.99213004, 0.032153122, 0.12101317, 0.92497236;
 0.10113821, 0.36398831, -0.92589611, -0.21717453;
 -0.073817827, 0.93084836, 0.3578718, 1.9125638;
 0, 0, 0, 1]
Twc:
[0.99213004, 0.10113821, -0.073817827, -0.75454682;
 0.032153122, 0.36398831, 0.93084836, -1.7309986;
 0.12101317, -0.92589611, 0.3578718, -0.99746758;
 0, 0, 0, 1]
Ow:
[0.92497236;
 -0.21717453;
 1.9125638]
Keyframe: 67 Frame: 682 Frame from vFrameID : 683
Tcw:
[0.99686676, 0.015949477, 0.077474177, 0.97183228;
 0.066751078, 0.3558605, -0.93215215, -0.21419704;
 -0.042437341, 0.934403, 0.35368085, 1.9347889;
 0, 0, 0, 1]
Twc:
[0.99686676, 0.066751078, -0.042437341, -0.87238216;
 0.015949477, 0.3558605, 0.934403, -1.7471485;
 0.077474177, -0.93215215, 0.35368085, -0.95925397;
 0, 0, 0, 1]
Ow:
[0.97183228;
 -0.21419704;
 1.9347889]
Keyframe: 68 Frame: 690 Frame from vFrameID : 691
Tcw:
[0.99911118, 0.011194319, 0.040639665, 0.99174905;
 0.0334149, 0.37739751, -0.9254483, -0.21949971;
 -0.025697073, 0.92598367, 0.376688, 1.9698052;
 0, 0, 0, 1]
Twc:
[0.99911118, 0.0334149, -0.025697073, -0.93291473;
 0.011194319, 0.37739751, 0.92598367, -1.7522711;
 0.040639665, -0.9254483, 0.376688, -0.98544204;
 0, 0, 0, 1]
Ow:
[0.99174905;
 -0.21949971;
 1.9698052]
Keyframe: 69 Frame: 698 Frame from vFrameID : 699
Tcw:
[0.99874109, 0.0050762766, 0.049905028, 1.0066543;
 0.044605643, 0.36525416, -0.92983854, -0.21463478;
 -0.022948137, 0.93089402, 0.36456791, 2.0096993;
 0, 0, 0, 1]
Twc:
[0.99874109, 0.044605643, -0.022948137, -0.94969416;
 0.0050762766, 0.36525416, 0.93089402, -1.7975309;
 0.049905028, -0.92983854, 0.36456791, -0.9824847;
 0, 0, 0, 1]
Ow:
[1.0066543;
 -0.21463478;
 2.0096993]
Keyframe: 70 Frame: 706 Frame from vFrameID : 707
Tcw:
[0.99495709, 0.017061135, 0.098839797, 1.0290512;
 0.084898762, 0.3814795, -0.9204703, -0.23934954;
 -0.053409625, 0.92421985, 0.37810728, 2.0397997;
 0, 0, 0, 1]
Twc:
[0.99495709, 0.084898762, -0.053409625, -0.89459634;
 0.017061135, 0.3814795, 0.92421985, -1.8114731;
 0.098839797, -0.9204703, 0.37810728, -1.0932884;
 0, 0, 0, 1]
Ow:
[1.0290512;
 -0.23934954;
 2.0397997]
Keyframe: 71 Frame: 714 Frame from vFrameID : 715
Tcw:
[0.9913311, 0.023808919, 0.12921205, 0.91212046;
 0.1131286, 0.34545562, -0.93159127, -0.093712866;
 -0.066817209, 0.938133, 0.33976743, 2.143765;
 0, 0, 0, 1]
Twc:
[0.9913311, 0.1131286, -0.066817209, -0.75037146;
 0.023808919, 0.34545562, 0.938133, -2.0004797;
 0.12921205, -0.93159127, 0.33976743, -0.93354058;
 0, 0, 0, 1]
Ow:
[0.91212046;
 -0.093712866;
 2.143765]
Keyframe: 72 Frame: 721 Frame from vFrameID : 722
Tcw:
[0.99755549, -0.00034340922, 0.069878072, 1.0123661;
 0.066010401, 0.33273646, -0.94070667, -0.14579827;
 -0.022927936, 0.94301981, 0.33194575, 2.1513667;
 0, 0, 0, 1]
Twc:
[0.99755549, 0.066010401, -0.022927936, -0.95094073;
 -0.00034340922, 0.33273646, 0.94301981, -1.9799215;
 0.069878072, -0.94070667, 0.33194575, -0.92203271;
 0, 0, 0, 1]
Ow:
[1.0123661;
 -0.14579827;
 2.1513667]
Keyframe: 73 Frame: 729 Frame from vFrameID : 730
Tcw:
[0.99700832, 0.0037809853, 0.077201441, 1.0379488;
 0.070532501, 0.36403224, -0.92871183, -0.18628454;
 -0.031615257, 0.93137866, 0.3626765, 2.1849327;
 0, 0, 0, 1]
Twc:
[0.99700832, 0.070532501, -0.031615257, -0.95262736;
 0.0037809853, 0.36403224, 0.93137866, -1.9711105;
 0.077201441, -0.92871183, 0.3626765, -1.0455595;
 0, 0, 0, 1]
Ow:
[1.0379488;
 -0.18628454;
 2.1849327]
Keyframe: 74 Frame: 736 Frame from vFrameID : 737
Tcw:
[0.99698961, -0.011043952, 0.076744452, 1.0334942;
 0.07596454, 0.33734104, -0.93831253, -0.1684894;
 -0.015526374, 0.94131774, 0.33716446, 2.2332668;
 0, 0, 0, 1]
Twc:
[0.99698961, 0.07596454, -0.015526374, -0.98290926;
 -0.011043952, 0.33734104, 0.94131774, -2.0339613;
 0.076744452, -0.93831253, 0.33716446, -0.99038887;
 0, 0, 0, 1]
Ow:
[1.0334942;
 -0.1684894;
 2.2332668]
Keyframe: 75 Frame: 744 Frame from vFrameID : 745
Tcw:
[0.99436891, -0.0093039824, 0.10556443, 1.0880913;
 0.10243436, 0.33967677, -0.93494755, -0.1977942;
 -0.027159046, 0.94049621, 0.33871707, 2.2649257;
 0, 0, 0, 1]
Twc:
[0.99436891, 0.10243436, -0.027159046, -1.00019;
 -0.0093039824, 0.33967677, 0.94049621, -2.0528445;
 0.10556443, -0.93494755, 0.33871707, -1.06696;
 0, 0, 0, 1]
Ow:
[1.0880913;
 -0.1977942;
 2.2649257]
Keyframe: 76 Frame: 752 Frame from vFrameID : 753
Tcw:
[0.99682629, -0.012842134, 0.078564644, 1.1075648;
 0.078293651, 0.33670077, -0.93835104, -0.1637705;
 -0.014402346, 0.94152415, 0.33663765, 2.3081501;
 0, 0, 0, 1]
Twc:
[0.99682629, 0.078293651, -0.014402346, -1.0579848;
 -0.012842134, 0.33670077, 0.94152415, -2.1038136;
 0.078564644, -0.93835104, 0.33663765, -1.0176998;
 0, 0, 0, 1]
Ow:
[1.1075648;
 -0.1637705;
 2.3081501]
Keyframe: 77 Frame: 760 Frame from vFrameID : 761
Tcw:
[0.99840134, -0.014732257, 0.054568503, 1.1317288;
 0.056301199, 0.34450486, -0.93709475, -0.17356479;
 -0.0049935943, 0.93866891, 0.34478354, 2.3332694;
 0, 0, 0, 1]
Twc:
[0.99840134, 0.056301199, -0.0049935943, -1.1084962;
 -0.014732257, 0.34450486, 0.93866891, -2.1137006;
 0.054568503, -0.93709475, 0.34478354, -1.0288763;
 0, 0, 0, 1]
Ow:
[1.1317288;
 -0.17356479;
 2.3332694]
Keyframe: 78 Frame: 768 Frame from vFrameID : 769
Tcw:
[0.99746495, -0.015142753, 0.069529466, 1.1490436;
 0.070434302, 0.34922317, -0.9343887, -0.18128574;
 -0.010132084, 0.93691725, 0.34940442, 2.3673189;
 0, 0, 0, 1]
Twc:
[0.99746495, 0.070434302, -0.010132084, -1.1093761;
 -0.015142753, 0.34922317, 0.93691725, -2.1372728;
 0.069529466, -0.9343887, 0.34940442, -1.0764354;
 0, 0, 0, 1]
Ow:
[1.1490436;
 -0.18128574;
 2.3673189]
Keyframe: 79 Frame: 776 Frame from vFrameID : 777
Tcw:
[0.99560982, -0.00011894749, 0.093600303, 1.1308537;
 0.08816123, 0.33711389, -0.93732697, -0.14613169;
 -0.031442471, 0.94146389, 0.33564439, 2.4125655;
 0, 0, 0, 1]
Twc:
[0.99560982, 0.08816123, -0.031442471, -1.037149;
 -0.00011894749, 0.33711389, 0.94146389, -2.2219455;
 0.093600303, -0.93732697, 0.33564439, -1.0525855;
 0, 0, 0, 1]
Ow:
[1.1308537;
 -0.14613169;
 2.4125655]
Keyframe: 80 Frame: 784 Frame from vFrameID : 785
Tcw:
[0.9947052, 0.006187778, 0.10258316, 1.1560918;
 0.093540348, 0.3589167, -0.92867059, -0.16149211;
 -0.042565219, 0.93334907, 0.3564375, 2.4472191;
 0, 0, 0, 1]
Twc:
[0.9947052, 0.093540348, -0.042565219, -1.0306979;
 0.006187778, 0.3589167, 0.93334907, -2.2333012;
 0.10258316, -0.92867059, 0.3564375, -1.1408491;
 0, 0, 0, 1]
Ow:
[1.1560918;
 -0.16149211;
 2.4472191]
Keyframe: 81 Frame: 791 Frame from vFrameID : 792
Tcw:
[0.99616712, -0.005607232, 0.087290563, 1.1605877;
 0.08351329, 0.35773608, -0.93008089, -0.15664262;
 -0.026011806, 0.93380588, 0.35683319, 2.4801126;
 0, 0, 0, 1]
Twc:
[0.99616712, 0.08351329, -0.026011806, -1.0785453;
 -0.005607232, 0.35773608, 0.93380588, -2.2533994;
 0.087290563, -0.93008089, 0.35683319, -1.1319851;
 0, 0, 0, 1]
Ow:
[1.1605877;
 -0.15664262;
 2.4801126]
Keyframe: 82 Frame: 799 Frame from vFrameID : 800
Tcw:
[0.99758631, 0.000658879, 0.069434673, 1.172334;
 0.063907139, 0.38236415, -0.92179906, -0.195382;
 -0.027156685, 0.92401147, 0.38139912, 2.5036774;
 0, 0, 0, 1]
Twc:
[0.99758631, 0.063907139, -0.027156685, -1.0890263;
 0.000658879, 0.38236415, 0.92401147, -2.2394922;
 0.069434673, -0.92179906, 0.38139912, -1.216404;
 0, 0, 0, 1]
Ow:
[1.172334;
 -0.195382;
 2.5036774]
Keyframe: 83 Frame: 807 Frame from vFrameID : 808
Tcw:
[0.9957189, 0.015206319, 0.09117344, 1.1796722;
 0.079181924, 0.36855587, -0.92622715, -0.19517148;
 -0.047687016, 0.92948121, 0.36577401, 2.5311778;
 0, 0, 0, 1]
Twc:
[0.9957189, 0.079181924, -0.047687016, -1.0384637;
 0.015206319, 0.36855587, 0.92948121, -2.2986891;
 0.09117344, -0.92622715, 0.36577401, -1.214167;
 0, 0, 0, 1]
Ow:
[1.1796722;
 -0.19517148;
 2.5311778]
Keyframe: 84 Frame: 815 Frame from vFrameID : 816
Tcw:
[0.98984718, 0.029942339, 0.13894595, 1.1463695;
 0.11767172, 0.37568119, -0.91924804, -0.16226554;
 -0.07972382, 0.92626512, 0.36834362, 2.5684161;
 0, 0, 0, 1]
Twc:
[0.98984718, 0.11767172, -0.07972382, -0.91087258;
 0.029942339, 0.37568119, 0.92626512, -2.3523991;
 0.13894595, -0.91924804, 0.36834362, -1.2545054;
 0, 0, 0, 1]
Ow:
[1.1463695;
 -0.16226554;
 2.5684161]
Keyframe: 85 Frame: 822 Frame from vFrameID : 823
Tcw:
[0.98965585, 0.01323522, 0.14285021, 1.0381417;
 0.12803109, 0.36776301, -0.92106372, -0.09891808;
 -0.064725503, 0.92982537, 0.36226431, 2.6044812;
 0, 0, 0, 1]
Twc:
[0.98965585, 0.12803109, -0.064725503, -0.84616208;
 0.01323522, 0.36776301, 0.92982537, -2.3990743;
 0.14285021, -0.92106372, 0.36226431, -1.1829191;
 0, 0, 0, 1]
Ow:
[1.0381417;
 -0.09891808;
 2.6044812]
Keyframe: 86 Frame: 829 Frame from vFrameID : 830
Tcw:
[0.99512261, -0.0081428951, 0.0983091, 1.0869011;
 0.094083406, 0.37791958, -0.92104566, -0.11972076;
 -0.029652955, 0.92580259, 0.37684244, 2.6309915;
 0, 0, 0, 1]
Twc:
[0.99512261, 0.094083406, -0.029652955, -0.99231941;
 -0.0081428951, 0.37791958, 0.92580259, -2.3816833;
 0.0983091, -0.92104566, 0.37684244, -1.2085898;
 0, 0, 0, 1]
Ow:
[1.0869011;
 -0.11972076;
 2.6309915]
Keyframe: 87 Frame: 836 Frame from vFrameID : 837
Tcw:
[0.99644661, 0.01332887, 0.083165817, 1.1329124;
 0.071833573, 0.38108364, -0.92174572, -0.10805404;
 -0.043978959, 0.9244445, 0.37877205, 2.6499777;
 0, 0, 0, 1]
Twc:
[0.99644661, 0.071833573, -0.043978959, -1.0045816;
 0.01332887, 0.38108364, 0.9244445, -2.4236801;
 0.083165817, -0.92174572, 0.37877205, -1.1975554;
 0, 0, 0, 1]
Ow:
[1.1329124;
 -0.10805404;
 2.6499777]
Keyframe: 88 Frame: 843 Frame from vFrameID : 844
Tcw:
[0.99503553, 0.020131625, 0.097462811, 1.1580178;
 0.082820758, 0.37550527, -0.92311239, -0.097639084;
 -0.055181552, 0.92660159, 0.37197378, 2.6742542;
 0, 0, 0, 1]
Twc:
[0.99503553, 0.082820758, -0.055181552, -0.99661285;
 0.020131625, 0.37550527, 0.92660159, -2.4646168;
 0.097462811, -0.92311239, 0.37197378, -1.1977478;
 0, 0, 0, 1]
Ow:
[1.1580178;
 -0.097639084;
 2.6742542]
Keyframe: 89 Frame: 851 Frame from vFrameID : 852
Tcw:
[0.99212635, 0.029828271, 0.12163688, 1.190998;
 0.10046427, 0.39036897, -0.91516066, -0.11297846;
 -0.074780926, 0.92017519, 0.38429868, 2.703259;
 0, 0, 0, 1]
Twc:
[0.99212635, 0.10046427, -0.074780926, -0.96811789;
 0.029828271, 0.39036897, 0.92017519, -2.4788938;
 0.12163688, -0.91516066, 0.38429868, -1.2871215;
 0, 0, 0, 1]
Ow:
[1.190998;
 -0.11297846;
 2.703259]
Keyframe: 90 Frame: 858 Frame from vFrameID : 859
Tcw:
[0.99501663, 0.04146925, 0.090676509, 1.2212111;
 0.069845639, 0.35912365, -0.93067276, -0.095502079;
 -0.071158379, 0.93236822, 0.35443753, 2.7246583;
 0, 0, 0, 1]
Twc:
[0.99501663, 0.069845639, -0.071158379, -1.0145726;
 0.04146925, 0.35912365, 0.93236822, -2.5567303;
 0.090676509, -0.93067276, 0.35443753, -1.1653376;
 0, 0, 0, 1]
Ow:
[1.2212111;
 -0.095502079;
 2.7246583]
Keyframe: 91 Frame: 865 Frame from vFrameID : 866
Tcw:
[0.99760687, 0.010992604, 0.068262175, 1.2466507;
 0.058918703, 0.38149333, -0.92249197, -0.12237167;
