Keyframe: 0 Frame: 0 Frame from vFrameID : 218
Tcw:
[0.99997526, -0.0055480488, -0.0043231109, 0.082040213;
 -0.0015903148, 0.42037955, -0.90734696, -0.00046264939;
 0.0068513528, 0.90733141, 0.42036033, -0.013724785;
 0, 0, 0, 1]
Twc:
[0.99997526, -0.0015903148, 0.0068513528, -0.081944883;
 -0.0055480488, 0.42037955, 0.90733141, 0.01310258;
 -0.0043231109, -0.90734696, 0.42036033, 0.0057042409;
 0, 0, 0, 1]
Ow:
[0.082040213;
 -0.00046264939;
 -0.013724785]
Keyframe: 1 Frame: 217 Frame from vFrameID : 218
Tcw:
[0.99998355, 0.0046565686, 0.0033453854, 0.079360329;
 0.00098391878, 0.43544236, -0.9002161, -0.0094215358;
 -0.0056486405, 0.9002046, 0.43543062, -0.0087803025;
 0, 0, 0, 1]
Twc:
[0.99998355, 0.00098391878, -0.0056486405, -0.079399347;
 0.0046565686, 0.43544236, 0.9002046, 0.011637057;
 0.0033453854, -0.9002161, 0.43543062, -0.0049236966;
 0, 0, 0, 1]
Ow:
[0.079360329;
 -0.0094215358;
 -0.0087803025]
Keyframe: 2 Frame: 221 Frame from vFrameID : 222
Tcw:
[0.99983048, 0.007866499, -0.016647201, 0.089232318;
 -0.018406413, 0.40426263, -0.91445774, -0.013609629;
 -0.00046373936, 0.91460913, 0.4043389, -0.00061580911;
 0, 0, 0, 1]
Twc:
[0.99983048, -0.018406413, -0.00046373936, -0.089467987;
 0.007866499, 0.40426263, 0.91460913, 0.0053631426;
 -0.016647201, -0.91445774, 0.4043389, -0.010710966;
 0, 0, 0, 1]
Ow:
[0.089232318;
 -0.013609629;
 -0.00061580911]
Keyframe: 3 Frame: 224 Frame from vFrameID : 225
Tcw:
[0.99998254, 0.0057037626, -0.0015448524, 0.088359304;
 -0.0037448863, 0.40945163, -0.91232413, -0.017781058;
 -0.0045711379, 0.912314, 0.40946582, -0.00023069279;
 0, 0, 0, 1]
Twc:
[0.99998254, -0.0037448863, -0.0045711379, -0.088425405;
 0.0057037626, 0.40945163, 0.912314, 0.0069869668;
 -0.0015448524, -0.91232413, 0.40946582, -0.015991125;
 0, 0, 0, 1]
Ow:
[0.088359304;
 -0.017781058;
 -0.00023069279]
Keyframe: 4 Frame: 227 Frame from vFrameID : 228
Tcw:
[0.99997634, 0.00078979577, 0.0068309419, 0.091833279;
 0.0058522061, 0.42386341, -0.90570718, -0.017173542;
 -0.0036107101, 0.90572578, 0.42384878, 0.0025230292;
 0, 0, 0, 1]
Twc:
[0.99997634, 0.0058522061, -0.0036107101, -0.091721497;
 0.00078979577, 0.42386341, 0.90572578, 0.0049215341;
 0.0068309419, -0.90570718, 0.42384878, -0.017250892;
 0, 0, 0, 1]
Ow:
[0.091833279;
 -0.017173542;
 0.0025230292]
Keyframe: 5 Frame: 230 Frame from vFrameID : 231
Tcw:
[0.9999274, -0.0076441052, 0.0093139298, 0.098987415;
 0.011701306, 0.43166184, -0.9019596, -0.019522784;
 0.0028742061, 0.90200311, 0.43171996, 0.0098474957;
 0, 0, 0, 1]
Twc:
[0.9999274, 0.011701306, 0.0028742061, -0.098780096;
 -0.0076441052, 0.43166184, 0.90200311, 0.00030143923;
 0.0093139298, -0.9019596, 0.43171996, -0.022782085;
 0, 0, 0, 1]
Ow:
[0.098987415;
 -0.019522784;
 0.0098474957]
Keyframe: 6 Frame: 234 Frame from vFrameID : 235
Tcw:
[0.99992424, -0.0088199107, 0.0085851261, 0.10040079;
 0.011568435, 0.43526286, -0.9002291, -0.015264932;
 0.0042031538, 0.90026021, 0.43533191, 0.018023159;
 0, 0, 0, 1]
Twc:
[0.99992424, 0.011568435, 0.0042031538, -0.10029235;
 -0.0088199107, 0.43526286, 0.90026021, -0.0086957496;
 0.0085851261, -0.9002291, 0.43533191, -0.022449946;
 0, 0, 0, 1]
Ow:
[0.10040079;
 -0.015264932;
 0.018023159]
Keyframe: 7 Frame: 238 Frame from vFrameID : 239
Tcw:
[0.99967527, -0.023615815, 0.0095738145, 0.10832388;
 0.018974489, 0.43905035, -0.89826208, -0.013042727;
 0.017009804, 0.89815205, 0.43935588, 0.022960544;
 0, 0, 0, 1]
Twc:
[0.99967527, 0.018974489, 0.017009804, -0.10843178;
 -0.023615815, 0.43905035, 0.89815205, -0.012337487;
 0.0095738145, -0.89826208, 0.43935588, -0.022840708;
 0, 0, 0, 1]
Ow:
[0.10832388;
 -0.013042727;
 0.022960544]
Keyframe: 8 Frame: 243 Frame from vFrameID : 244
Tcw:
[0.99941158, -0.034146011, -0.0032373287, 0.11677512;
 0.012526786, 0.45124236, -0.89231354, -0.011962824;
 0.031929769, 0.89174795, 0.4514046, 0.035942327;
 0, 0, 0, 1]
Twc:
[0.99941158, 0.012526786, 0.031929769, -0.11770419;
 -0.034146011, 0.45124236, 0.89174795, -0.022665959;
 -0.0032373287, -0.89231354, 0.4514046, -0.026521081;
 0, 0, 0, 1]
Ow:
[0.11677512;
 -0.011962824;
 0.035942327]
Keyframe: 9 Frame: 249 Frame from vFrameID : 250
Tcw:
[0.999174, -0.03964486, -0.0089223422, 0.12494471;
 0.010070869, 0.45429641, -0.89079368, -0.011890337;
 0.039368778, 0.88996804, 0.45432043, 0.049031213;
 0, 0, 0, 1]
Twc:
[0.999174, 0.010070869, 0.039368778, -0.12665206;
 -0.03964486, 0.45429641, 0.88996804, -0.033281058;
 -0.0089223422, -0.89079368, 0.45432043, -0.031752918;
 0, 0, 0, 1]
Ow:
[0.12494471;
 -0.011890337;
 0.049031213]
Keyframe: 10 Frame: 255 Frame from vFrameID : 256
Tcw:
[0.9990859, -0.042216018, 0.0067241304, 0.13459036;
 0.025608988, 0.46512091, -0.88487667, -0.012894841;
 0.034228437, 0.88423997, 0.46577683, 0.06186381;
 0, 0, 0, 1]
Twc:
[0.9990859, 0.025608988, 0.034228437, -0.13625459;
 -0.042216018, 0.46512091, 0.88423997, -0.043022931;
 0.0067241304, -0.88487667, 0.46577683, -0.041130077;
 0, 0, 0, 1]
Ow:
[0.13459036;
 -0.012894841;
 0.06186381]
Keyframe: 11 Frame: 261 Frame from vFrameID : 262
Tcw:
[0.99935728, -0.035640277, -0.0038429615, 0.13789444;
 0.012709658, 0.45252478, -0.89166123, -0.020562965;
 0.033518091, 0.89103931, 0.45268694, 0.074612007;
 0, 0, 0, 1]
Twc:
[0.99935728, 0.012709658, 0.033518091, -0.14004532;
 -0.035640277, 0.45252478, 0.89103931, -0.052262384;
 -0.0038429615, -0.89166123, 0.45268694, -0.051581159;
 0, 0, 0, 1]
Ow:
[0.13789444;
 -0.020562965;
 0.074612007]
Keyframe: 12 Frame: 268 Frame from vFrameID : 269
Tcw:
[0.99938446, -0.030285049, 0.01770713, 0.16496618;
 0.028964423, 0.42751995, -0.9035418, 0.016996458;
 0.019793656, 0.90349847, 0.42813396, 0.13867944;
 0, 0, 0, 1]
Twc:
[0.99938446, 0.028964423, 0.019793656, -0.16810191;
 -0.030285049, 0.42751995, 0.90349847, -0.12756698;
 0.01770713, -0.9035418, 0.42813396, -0.046937443;
 0, 0, 0, 1]
Ow:
[0.16496618;
 0.016996458;
 0.13867944]
Keyframe: 13 Frame: 275 Frame from vFrameID : 276
Tcw:
[0.99925673, -0.03270391, 0.020408059, 0.18052618;
 0.032650687, 0.43658939, -0.89906818, -0.0031950697;
 0.020493103, 0.89906627, 0.43733269, 0.16342843;
 0, 0, 0, 1]
Twc:
[0.99925673, 0.032650687, 0.020493103, -0.18363683;
 -0.03270391, 0.43658939, 0.89906627, -0.13963415;
 0.020408059, -0.89906818, 0.43733269, -0.078029372;
 0, 0, 0, 1]
Ow:
[0.18052618;
 -0.0031950697;
 0.16342843]
Keyframe: 14 Frame: 282 Frame from vFrameID : 283
Tcw:
[0.99896228, -0.041657042, -0.018412989, 0.19323355;
 -0.00030958824, 0.39806119, -0.91735882, 0.0031549707;
 0.04554395, 0.91641259, 0.39763519, 0.19764473;
 0, 0, 0, 1]
Twc:
[0.99896228, -0.00030958824, 0.04554395, -0.20203358;
 -0.041657042, 0.39806119, 0.91641259, -0.17433044;
 -0.018412989, -0.91735882, 0.39763519, -0.072138257;
 0, 0, 0, 1]
Ow:
[0.19323355;
 0.0031549707;
 0.19764473]
Keyframe: 15 Frame: 290 Frame from vFrameID : 291
Tcw:
[0.99890625, -0.043866914, -0.016186336, 0.19043986;
 0.0035011307, 0.41537264, -0.9096446, -0.0049071312;
 0.046626661, 0.908593, 0.4150719, 0.25206813;
 0, 0, 0, 1]
Twc:
[0.99890625, 0.0035011307, 0.046626661, -0.20196748;
 -0.043866914, 0.41537264, 0.908593, -0.21863504;
 -0.016186336, -0.9096446, 0.4150719, -0.10600762;
 0, 0, 0, 1]
Ow:
[0.19043986;
 -0.0049071312;
 0.25206813]
Keyframe: 16 Frame: 299 Frame from vFrameID : 300
Tcw:
[0.99695396, -0.074391805, -0.023423599, 0.21846536;
 0.0072385618, 0.38729259, -0.92192847, -0.004847765;
 0.077655703, 0.91895068, 0.3866514, 0.30898839;
 0, 0, 0, 1]
Twc:
[0.99695396, 0.0072385618, 0.077655703, -0.24175952;
 -0.074391805, 0.38729259, 0.91895068, -0.26581553;
 -0.023423599, -0.92192847, 0.3866514, -0.11882282;
 0, 0, 0, 1]
Ow:
[0.21846536;
 -0.004847765;
 0.30898839]
Keyframe: 17 Frame: 308 Frame from vFrameID : 309
Tcw:
[0.99867815, -0.048540972, -0.016903343, 0.26956272;
 0.0038122497, 0.39790425, -0.91741902, -0.013456069;
 0.051258322, 0.91614193, 0.39756334, 0.34930927;
 0, 0, 0, 1]
Twc:
[0.99867815, 0.0038122497, 0.051258322, -0.28706008;
 -0.048540972, 0.39790425, 0.91614193, -0.30157781;
 -0.016903343, -0.91741902, 0.39756334, -0.14666089;
 0, 0, 0, 1]
Ow:
[0.26956272;
 -0.013456069;
 0.34930927]
Keyframe: 18 Frame: 317 Frame from vFrameID : 318
Tcw:
[0.99559289, -0.072365277, -0.05964921, 0.26739839;
 -0.02862766, 0.37117541, -0.92812139, 0.011605084;
 0.089304082, 0.92573869, 0.36746797, 0.4131088;
 0, 0, 0, 1]
Twc:
[0.99559289, -0.02862766, 0.089304082, -0.30278003;
 -0.072365277, 0.37117541, 0.92573869, -0.36738795;
 -0.05964921, -0.92812139, 0.36746797, -0.12508321;
 0, 0, 0, 1]
Ow:
[0.26739839;
 0.011605084;
 0.4131088]
Keyframe: 19 Frame: 327 Frame from vFrameID : 328
Tcw:
[0.99935508, -0.035907801, 6.3273677e-05, 0.2797226;
 0.013746919, 0.38096341, -0.92448789, -0.003107056;
 0.033172224, 0.92389256, 0.38121134, 0.45558867;
 0, 0, 0, 1]
Twc:
[0.99935508, 0.013746919, 0.033172224, -0.29461238;
 -0.035907801, 0.38096341, 0.92389256, -0.4096871;
 6.3273677e-05, -0.92448789, 0.38121134, -0.17656571;
 0, 0, 0, 1]
Ow:
[0.2797226;
 -0.003107056;
 0.45558867]
Keyframe: 20 Frame: 336 Frame from vFrameID : 337
Tcw:
[0.9996208, -0.017768608, 0.021037767, 0.31202608;
 0.026200745, 0.3785665, -0.9252032, -0.013670534;
 0.0084753791, 0.92540354, 0.37888849, 0.49306056;
 0, 0, 0, 1]
Twc:
[0.9996208, 0.026200745, 0.0084753791, -0.31572843;
 -0.017768608, 0.3785665, 0.92540354, -0.44556051;
 0.021037767, -0.9252032, 0.37888849, -0.20602733;
 0, 0, 0, 1]
Ow:
[0.31202608;
 -0.013670534;
 0.49306056]
Keyframe: 21 Frame: 348 Frame from vFrameID : 349
Tcw:
[0.99640286, -0.075551413, -0.038383566, 0.32278821;
 -0.0057193581, 0.39195564, -0.91996634, -0.01861383;
 0.084549412, 0.91687661, 0.39011362, 0.52241349;
 0, 0, 0, 1]
Twc:
[0.99640286, -0.0057193581, 0.084549412, -0.36590332;
 -0.075551413, 0.39195564, 0.91687661, -0.44730583;
 -0.038383566, -0.91996634, 0.39011362, -0.20853496;
 0, 0, 0, 1]
Ow:
[0.32278821;
 -0.01861383;
 0.52241349]
Keyframe: 22 Frame: 357 Frame from vFrameID : 358
Tcw:
[0.99598992, -0.079688951, -0.040666919, 0.34711477;
 -0.0039451681, 0.41499007, -0.9098174, -0.006790638;
 0.089378759, 0.90632933, 0.41301155, 0.54819185;
 0, 0, 0, 1]
Twc:
[0.99598992, -0.0039451681, 0.089378759, -0.39474627;
 -0.079688951, 0.41499007, 0.90632933, -0.4663631;
 -0.040666919, -0.9098174, 0.41301155, -0.21847171;
 0, 0, 0, 1]
Ow:
[0.34711477;
 -0.006790638;
 0.54819185]
Keyframe: 23 Frame: 368 Frame from vFrameID : 369
Tcw:
[0.99892795, -0.045884997, 0.0061287489, 0.34826419;
 0.024812864, 0.4189468, -0.90767169, -0.04125388;
 0.039080892, 0.9068507, 0.41963619, 0.57919002;
 0, 0, 0, 1]
Twc:
[0.99892795, 0.024812864, 0.039080892, -0.36950245;
 -0.045884997, 0.4189468, 0.9068507, -0.49197558;
 0.0061287489, -0.90767169, 0.41963619, -0.28262851;
 0, 0, 0, 1]
Ow:
[0.34826419;
 -0.04125388;
 0.57919002]
Keyframe: 24 Frame: 380 Frame from vFrameID : 381
Tcw:
[0.99919832, -0.0096801324, 0.038846619, 0.3734313;
 0.039329305, 0.41867191, -0.90728551, -0.045927227;
 -0.0074813431, 0.908086, 0.41871697, 0.63385475;
 0, 0, 0, 1]
Twc:
[0.99919832, 0.039329305, -0.0074813431, -0.36658353;
 -0.0096801324, 0.41867191, 0.908086, -0.55275124;
 0.038846619, -0.90728551, 0.41871697, -0.32158136;
 0, 0, 0, 1]
Ow:
[0.3734313;
 -0.045927227;
 0.63385475]
Keyframe: 25 Frame: 394 Frame from vFrameID : 395
Tcw:
[0.99933475, -0.032331642, -0.016874693, 0.41824707;
 -0.0028051662, 0.39318267, -0.91945612, -0.082477987;
 0.036362361, 0.91889179, 0.3928304, 0.67611343;
 0, 0, 0, 1]
Twc:
[0.99933475, -0.0028051662, 0.036362361, -0.44278526;
 -0.032331642, 0.39318267, 0.91889179, -0.57532352;
 -0.016874693, -0.91945612, 0.3928304, -0.33437499;
 0, 0, 0, 1]
Ow:
[0.41824707;
 -0.082477987;
 0.67611343]
Keyframe: 26 Frame: 404 Frame from vFrameID : 405
Tcw:
[0.99945474, -0.010524877, 0.03129594, 0.42758551;
 0.0328178, 0.42094886, -0.9064905, -0.081047297;
 -0.0036332894, 0.90702331, 0.42106476, 0.70395124;
 0, 0, 0, 1]
Twc:
[0.99945474, 0.0328178, -0.0036332894, -0.42213491;
 -0.010524877, 0.42094886, 0.90702331, -0.59988314;
 0.03129594, -0.9064905, 0.42106476, -0.38325936;
 0, 0, 0, 1]
Ow:
[0.42758551;
 -0.081047297;
 0.70395124]
Keyframe: 27 Frame: 415 Frame from vFrameID : 416
Tcw:
[0.99853009, 0.0098204277, 0.053302798, 0.45056921;
 0.0442308, 0.42074457, -0.90610021, -0.099010319;
 -0.031325154, 0.90712601, 0.41969174, 0.75061315;
 0, 0, 0, 1]
Twc:
[0.99853009, 0.0442308, -0.031325154, -0.42201453;
 0.0098204277, 0.42074457, 0.90712601, -0.6436674;
 0.053302798, -0.90610021, 0.41969174, -0.42875603;
 0, 0, 0, 1]
Ow:
[0.45056921;
 -0.099010319;
 0.75061315]
Keyframe: 28 Frame: 426 Frame from vFrameID : 427
Tcw:
[0.99789453, 0.015551233, 0.062965564, 0.47323009;
 0.049593795, 0.44267833, -0.89530796, -0.12442917;
 -0.041796632, 0.89654565, 0.44097504, 0.79770535;
 0, 0, 0, 1]
Twc:
[0.99789453, 0.049593795, -0.041796632, -0.43272144;
 0.015551233, 0.44267833, 0.89654565, -0.66745645;
 0.062965564, -0.89530796, 0.44097504, -0.49296778;
 0, 0, 0, 1]
Ow:
[0.47323009;
 -0.12442917;
 0.79770535]
Keyframe: 29 Frame: 438 Frame from vFrameID : 439
Tcw:
[0.99842936, 0.030933229, 0.046712, 0.4786717;
 0.02869908, 0.43368301, -0.90060836, -0.13285369;
 -0.048116926, 0.90053439, 0.43211406, 0.82559544;
 0, 0, 0, 1]
Twc:
[0.99842936, 0.02869908, -0.048116926, -0.43438196;
 0.030933229, 0.43368301, 0.90053439, -0.70066756;
 0.046712, -0.90060836, 0.43211406, -0.49876025;
 0, 0, 0, 1]
Ow:
[0.4786717;
 -0.13285369;
 0.82559544]
Keyframe: 30 Frame: 450 Frame from vFrameID : 451
Tcw:
[0.99606168, 0.024745207, 0.085139669, 0.48531014;
 0.067868091, 0.40511593, -0.91174287, -0.13749784;
 -0.057052705, 0.91393042, 0.40184104, 0.87205076;
 0, 0, 0, 1]
Twc:
[0.99606168, 0.067868091, -0.057052705, -0.42431426;
 0.024745207, 0.40511593, 0.91393042, -0.75330025;
 0.085139669, -0.91174287, 0.40184104, -0.51710761;
 0, 0, 0, 1]
Ow:
[0.48531014;
 -0.13749784;
 0.87205076]
Keyframe: 31 Frame: 460 Frame from vFrameID : 461
Tcw:
[0.99363148, 0.030511361, 0.10846902, 0.49119368;
 0.085613675, 0.42143169, -0.90280986, -0.13355979;
 -0.073258236, 0.90634674, 0.41613561, 0.90752906;
 0, 0, 0, 1]
Twc:
[0.99363148, 0.085613675, -0.073258236, -0.41014698;
 0.030511361, 0.42143169, 0.90634674, -0.78123665;
 0.10846902, -0.90280986, 0.41613561, -0.55151355;
 0, 0, 0, 1]
Ow:
[0.49119368;
 -0.13355979;
 0.90752906]
Keyframe: 32 Frame: 470 Frame from vFrameID : 471
Tcw:
[0.99805212, -0.0051133512, 0.062175356, 0.48936728;
 0.058805928, 0.40984032, -0.91025972, -0.14199787;
 -0.020827491, 0.91214293, 0.40934271, 0.93300432;
 0, 0, 0, 1]
Twc:
[0.99805212, 0.058805928, -0.020827491, -0.46063161;
 -0.0051133512, 0.40984032, 0.91214293, -0.79033458;
 0.062175356, -0.91025972, 0.40934271, -0.54160005;
 0, 0, 0, 1]
Ow:
[0.48936728;
 -0.14199787;
 0.93300432]
Keyframe: 33 Frame: 479 Frame from vFrameID : 480
Tcw:
[0.99855268, 0.014967858, 0.051657468, 0.535519;
 0.040099703, 0.43287134, -0.90056342, -0.16632897;
 -0.035840541, 0.90133142, 0.43164462, 0.95886457;
 0, 0, 0, 1]
Twc:
[0.99855268, 0.040099703, -0.035840541, -0.49370793;
 0.014967858, 0.43287134, 0.90133142, -0.80027133;
 0.051657468, -0.90056342, 0.43164462, -0.59134209;
 0, 0, 0, 1]
Ow:
[0.535519;
 -0.16632897;
 0.95886457]
Keyframe: 34 Frame: 489 Frame from vFrameID : 490
Tcw:
[0.99241483, 0.024223564, 0.12052376, 0.50818032;
 0.10108175, 0.39718589, -0.9121545, -0.19073564;
 -0.069965966, 0.91741842, 0.39172462, 0.99447489;
 0, 0, 0, 1]
Twc:
[0.99241483, 0.10108175, -0.069965966, -0.41546643;
 0.024223564, 0.39718589, 0.91741842, -0.84890205;
 0.12052376, -0.9121545, 0.39172462, -0.62478846;
 0, 0, 0, 1]
Ow:
[0.50818032;
 -0.19073564;
 0.99447489]
Keyframe: 35 Frame: 499 Frame from vFrameID : 500
Tcw:
[0.9941175, 0.017256018, 0.10692365, 0.55489862;
 0.09031678, 0.41279447, -0.90633523, -0.17795756;
 -0.05977723, 0.91066074, 0.40880769, 1.0366423;
 0, 0, 0, 1]
Twc:
[0.9941175, 0.09031678, -0.05977723, -0.47359428;
 0.017256018, 0.41279447, 0.91066074, -0.88014483;
 0.10692365, -0.90633523, 0.40880769, -0.64440835;
 0, 0, 0, 1]
Ow:
[0.55489862;
 -0.17795756;
 1.0366423]
Keyframe: 36 Frame: 509 Frame from vFrameID : 510
Tcw:
[0.99845403, -0.016390877, 0.053111542, 0.59206891;
 0.055087447, 0.41914752, -0.90624541, -0.19115922;
 -0.0074074133, 0.90777016, 0.41940248, 1.0679028;
 0, 0, 0, 1]
Twc:
[0.99845403, 0.055087447, -0.0074074133, -0.57271272;
 -0.016390877, 0.41914752, 0.90777016, -0.87958187;
 0.053111542, -0.90624541, 0.41940248, -0.65256393;
 0, 0, 0, 1]
Ow:
[0.59206891;
 -0.19115922;
 1.0679028]
Keyframe: 37 Frame: 519 Frame from vFrameID : 520
Tcw:
[0.99849552, 0.0012108851, 0.054820411, 0.61084646;
 0.049578257, 0.40716347, -0.9120087, -0.18984368;
 -0.023425207, 0.91335452, 0.40649086, 1.1059391;
 0, 0, 0, 1]
Twc:
[0.99849552, 0.049578257, -0.023425207, -0.5746085;
 0.0012108851, 0.40716347, 0.91335452, -0.93355668;
 0.054820411, -0.9120087, 0.40649086, -0.65618008;
 0, 0, 0, 1]
Ow:
[0.61084646;
 -0.18984368;
 1.1059391]
Keyframe: 38 Frame: 529 Frame from vFrameID : 530
Tcw:
[0.99296939, 0.013014637, 0.11765356, 0.60977298;
 0.10121688, 0.42199907, -0.90092838, -0.21331546;
 -0.061374947, 0.90650284, 0.41771486, 1.1354461;
 0, 0, 0, 1]
Twc:
[0.99296939, 0.10121688, -0.061374947, -0.51420689;
 0.013014637, 0.42199907, 0.90650284, -0.94720215;
 0.11765356, -0.90092838, 0.41771486, -0.73821664;
 0, 0, 0, 1]
Ow:
[0.60977298;
 -0.21331546;
 1.1354461]
Keyframe: 39 Frame: 539 Frame from vFrameID : 540
Tcw:
[0.99669749, -0.0089154756, 0.080713652, 0.63699323;
 0.076978683, 0.42019719, -0.90416181, -0.21073741;
 -0.025854615, 0.90738904, 0.41949576, 1.1642843;
 0, 0, 0, 1]
Twc:
[0.99669749, 0.076978683, -0.025854615, -0.58856511;
 -0.0089154756, 0.42019719, 0.90738904, -0.96222848;
 0.080713652, -0.90416181, 0.41949576, -0.73036712;
 0, 0, 0, 1]
Ow:
[0.63699323;
 -0.21073741;
 1.1642843]
Keyframe: 40 Frame: 549 Frame from vFrameID : 550
Tcw:
[0.99697012, -0.012150449, 0.076830514, 0.63367462;
 0.07479839, 0.42083743, -0.90404701, -0.18807098;
 -0.021348579, 0.90705466, 0.42047119, 1.2017949;
 0, 0, 0, 1]
Twc:
[0.99697012, 0.07479839, -0.021348579, -0.5920307;
 -0.012150449, 0.42083743, 0.90705466, -1.0032469;
 0.076830514, -0.90404701, 0.42047119, -0.72403067;
 0, 0, 0, 1]
Ow:
[0.63367462;
 -0.18807098;
 1.2017949]
Keyframe: 41 Frame: 559 Frame from vFrameID : 560
Tcw:
[0.99350035, -0.0047680167, 0.11372939, 0.63417512;
 0.10567629, 0.40995282, -0.90596426, -0.19105795;
 -0.042304032, 0.9120943, 0.40779212, 1.2336121;
 0, 0, 0, 1]
Twc:
[0.99350035, 0.10567629, -0.042304032, -0.55767614;
 -0.0047680167, 0.40995282, 0.9120943, -1.0438219;
 0.11372939, -0.90596426, 0.40779212, -0.74827325;
 0, 0, 0, 1]
Ow:
[0.63417512;
 -0.19105795;
 1.2336121]
Keyframe: 42 Frame: 569 Frame from vFrameID : 570
Tcw:
[0.99196202, 0.013605551, 0.12580247, 0.64213014;
 0.10850176, 0.42008179, -0.90097648, -0.15266562;
 -0.06510561, 0.90738428, 0.41522896, 1.2491392;
 0, 0, 0, 1]
Twc:
[0.99196202, 0.10850176, -0.06510561, -0.53907824;
 0.013605551, 0.42008179, 0.90738428, -1.0780536;
 0.12580247, -0.90097648, 0.41522896, -0.73700845;
 0, 0, 0, 1]
Ow:
[0.64213014;
 -0.15266562;
 1.2491392]
Keyframe: 43 Frame: 579 Frame from vFrameID : 580
Tcw:
[0.99227351, 0.0082564009, 0.12379448, 0.67528731;
 0.10832825, 0.42876029, -0.8969, -0.15650833;
 -0.060483325, 0.90338057, 0.4245531, 1.2723858;
 0, 0, 0, 1]
Twc:
[0.99227351, 0.10832825, -0.060483325, -0.57615733;
 0.0082564009, 0.42876029, 0.90338057, -1.0879195;
 0.12379448, -0.8969, 0.4245531, -0.76416451;
 0, 0, 0, 1]
Ow:
[0.67528731;
 -0.15650833;
 1.2723858]
Keyframe: 44 Frame: 589 Frame from vFrameID : 590
Tcw:
[0.98917615, 0.042273704, 0.14051127, 0.68703461;
 0.10985472, 0.42147374, -0.9001621, -0.15996683;
 -0.097275004, 0.90585476, 0.41226783, 1.2966002;
 0, 0, 0, 1]
Twc:
[0.98917615, 0.10985472, -0.097275004, -0.53589839;
 0.042273704, 0.42147374, 0.90585476, -1.1361531;
 0.14051127, -0.9001621, 0.41226783, -0.77507871;
 0, 0, 0, 1]
Ow:
[0.68703461;
 -0.15996683;
 1.2966002]
Keyframe: 45 Frame: 598 Frame from vFrameID : 599
Tcw:
[0.98382562, 0.024877932, 0.17739272, 0.6876356;
 0.15052792, 0.42199528, -0.89401418, -0.16011202;
 -0.097100116, 0.90625662, 0.41142496, 1.3196132;
 0, 0, 0, 1]
Twc:
[0.98382562, 0.15052792, -0.097100116, -0.52427769;
 0.024877932, 0.42199528, 0.90625662, -1.1454487;
 0.17739272, -0.89401418, 0.41142496, -0.8080458;
 0, 0, 0, 1]
Ow:
[0.6876356;
 -0.16011202;
 1.3196132]
Keyframe: 46 Frame: 608 Frame from vFrameID : 609
Tcw:
[0.99229473, -0.01923695, 0.12239739, 0.71620965;
 0.11973274, 0.40293297, -0.90736383, -0.15092045;
 -0.031863034, 0.91502732, 0.40213156, 1.3452671;
 0, 0, 0, 1]
Twc:
[0.99229473, 0.11973274, -0.031863034, -0.64975667;
 -0.01923695, 0.40293297, 0.91502732, -1.1563675;
 0.12239739, -0.90736383, 0.40213156, -0.76557624;
 0, 0, 0, 1]
Ow:
[0.71620965;
 -0.15092045;
 1.3452671]
Keyframe: 47 Frame: 618 Frame from vFrameID : 619
Tcw:
[0.99780321, -0.023856461, 0.061803088, 0.74553436;
 0.066129141, 0.41445449, -0.90766424, -0.16383642;
 -0.0039609107, 0.90975732, 0.41512164, 1.3768605;
 0, 0, 0, 1]
Twc:
[0.99780321, 0.066129141, -0.0039609107, -0.72760862;
 -0.023856461, 0.41445449, 0.90975732, -1.1669203;
 0.061803088, -0.90766424, 0.41512164, -0.76634938;
 0, 0, 0, 1]
Ow:
[0.74553436;
 -0.16383642;
 1.3768605]
Keyframe: 48 Frame: 626 Frame from vFrameID : 627
Tcw:
[0.99480027, -0.011864845, 0.10115186, 0.76076967;
 0.097174287, 0.40791321, -0.90783477, -0.1732378;
 -0.030489862, 0.9129436, 0.40694511, 1.3993472;
 0, 0, 0, 1]
Twc:
[0.99480027, 0.097174287, -0.030489862, -0.69731367;
 -0.011864845, 0.40791321, 0.9129436, -1.1978327;
 0.10115186, -0.90783477, 0.40694511, -0.80368209;
 0, 0, 0, 1]
Ow:
[0.76076967;
 -0.1732378;
 1.3993472]
Keyframe: 49 Frame: 635 Frame from vFrameID : 636
Tcw:
[0.9948411, -0.0062197926, 0.1012548, 0.75831187;
 0.095004052, 0.40712479, -0.90841818, -0.18316615;
 -0.035573166, 0.91335136, 0.40561536, 1.4288864;
 0, 0, 0, 1]
Twc:
[0.9948411, 0.095004052, -0.035573166, -0.68616825;
 -0.0062197926, 0.40712479, 0.91335136, -1.2257874;
 0.1012548, -0.90841818, 0.40561536, -0.82275254;
 0, 0, 0, 1]
Ow:
[0.75831187;
 -0.18316615;
 1.4288864]
Keyframe: 50 Frame: 645 Frame from vFrameID : 646
Tcw:
[0.99631864, -0.011753279, 0.084918045, 0.79727912;
 0.082380697, 0.4053396, -0.9104467, -0.20158052;
 -0.023719912, 0.91409063, 0.40481564, 1.4598172;
 0, 0, 0, 1]
Twc:
[0.99631864, 0.082380697, -0.023719912, -0.74311095;
 -0.011753279, 0.4053396, 0.91409063, -1.2433259;
 0.084918045, -0.9104467, 0.40481564, -0.84218854;
 0, 0, 0, 1]
Ow:
[0.79727912;
 -0.20158052;
 1.4598172]
Keyframe: 51 Frame: 654 Frame from vFrameID : 655
Tcw:
[0.99870604, 0.011779966, 0.049471758, 0.77699184;
 0.040581651, 0.40167493, -0.91488272, -0.18624556;
 -0.030648852, 0.91570657, 0.40067711, 1.4585779;
 0, 0, 0, 1]
Twc:
[0.99870604, 0.040581651, -0.030648852, -0.72372454;
 0.011779966, 0.40167493, 0.91570657, -1.269972;
 0.049471758, -0.91488272, 0.40067711, -0.7932508;
 0, 0, 0, 1]
Ow:
[0.77699184;
 -0.18624556;
 1.4585779]
Keyframe: 52 Frame: 663 Frame from vFrameID : 664
Tcw:
[0.99747133, 0.011570845, 0.070121735, 0.77535832;
 0.059543077, 0.4026207, -0.91342825, -0.19011945;
 -0.038801596, 0.91529375, 0.40091363, 1.4916819;
 0, 0, 0, 1]
Twc:
[0.99747133, 0.059543077, -0.038801596, -0.70419776;
 0.011570845, 0.4026207, 0.91529375, -1.2977527;
 0.070121735, -0.91342825, 0.40091363, -0.8260656;
 0, 0, 0, 1]
Ow:
[0.77535832;
 -0.19011945;
 1.4916819]
Keyframe: 53 Frame: 672 Frame from vFrameID : 673
Tcw:
[0.99189276, 0.037302665, 0.12147935, 0.79142815;
 0.094593152, 0.42161289, -0.90182853, -0.19372433;
 -0.084857866, 0.9060083, 0.41466621, 1.5207949;
 0, 0, 0, 1]
Twc:
[0.99189276, 0.094593152, -0.084857866, -0.63763547;
 0.037302665, 0.42161289, 0.9060083, -1.3256985;
 0.12147935, -0.90182853, 0.41466621, -0.9014706;
 0, 0, 0, 1]
Ow:
[0.79142815;
 -0.19372433;
 1.5207949]
Keyframe: 54 Frame: 681 Frame from vFrameID : 682
Tcw:
[0.99572271, 0.028805319, 0.087786674, 0.79917228;
 0.068408422, 0.40879121, -0.91006047, -0.16777152;
 -0.062101003, 0.91217321, 0.40507218, 1.5357522;
 0, 0, 0, 1]
Twc:
[0.99572271, 0.068408422, -0.062101003, -0.68890536;
 0.028805319, 0.40879121, 0.91217321, -1.3553089;
 0.087786674, -0.91006047, 0.40507218, -0.8449294;
 0, 0, 0, 1]
Ow:
[0.79917228;
 -0.16777152;
 1.5357522]
Keyframe: 55 Frame: 689 Frame from vFrameID : 690
Tcw:
[0.99851996, 0.020105137, 0.05053388, 0.82127917;
 0.037034728, 0.42909244, -0.90250105, -0.17335445;
 -0.039828613, 0.90303677, 0.42771277, 1.562313;
 0, 0, 0, 1]
Twc:
[0.99851996, 0.037034728, -0.039828613, -0.75141871;
 0.020105137, 0.42909244, 0.90303677, -1.3529531;
 0.05053388, -0.90250105, 0.42771277, -0.86617619;
 0, 0, 0, 1]
Ow:
[0.82127917;
 -0.17335445;
 1.562313]
Keyframe: 56 Frame: 698 Frame from vFrameID : 699
Tcw:
[0.99831307, 0.018307511, 0.0550985, 0.83552831;
 0.042392351, 0.4185985, -0.90718144, -0.17580181;
 -0.039672382, 0.90798682, 0.41711628, 1.596525;
 0, 0, 0, 1]
Twc:
[0.99831307, 0.042392351, -0.039672382, -0.76332825;
 0.018307511, 0.4185985, 0.90798682, -1.3913298;
 0.0550985, -0.90718144, 0.41711628, -0.87145704;
 0, 0, 0, 1]
Ow:
[0.83552831;
 -0.17580181;
 1.596525]
Keyframe: 57 Frame: 707 Frame from vFrameID : 708
Tcw:
[0.99390715, 0.03120927, 0.10570987, 0.84361351;
 0.0822713, 0.42817262, -0.89994425, -0.17437512;
 -0.073348679, 0.90315789, 0.42299619, 1.6192194;
 0, 0, 0, 1]
Twc:
[0.99390715, 0.0822713, -0.073348679, -0.70535982;
 0.03120927, 0.42817262, 0.90315789, -1.4140767;
 0.10570987, -0.89994425, 0.42299619, -0.9310298;
 0, 0, 0, 1]
Ow:
[0.84361351;
 -0.17437512;
 1.6192194]
Keyframe: 58 Frame: 716 Frame from vFrameID : 717
Tcw:
[0.99715769, 0.015543729, 0.073722042, 0.86732697;
 0.060927093, 0.40925634, -0.91038299, -0.17138702;
 -0.044321958, 0.91228706, 0.40714607, 1.648797;
 0, 0, 0, 1]
Twc:
[0.99715769, 0.060927093, -0.044321958, -0.78134173;
 0.015543729, 0.40925634, 0.91228706, -1.4475164;
 0.073722042, -0.91038299, 0.40714607, -0.8912701;
 0, 0, 0, 1]
Ow:
[0.86732697;
 -0.17138702;
 1.648797]
Keyframe: 59 Frame: 725 Frame from vFrameID : 726
Tcw:
[0.99722832, 0.019306485, 0.071853682, 0.869582;
 0.0564082, 0.43355575, -0.89935952, -0.17317164;
 -0.048516046, 0.90091991, 0.43126503, 1.6629908;
 0, 0, 0, 1]
Twc:
[0.99722832, 0.0564082, -0.048516046, -0.77672172;
 0.019306485, 0.43355575, 0.90091991, -1.4399306;
 0.071853682, -0.89935952, 0.43126503, -0.93541598;
 0, 0, 0, 1]
Ow:
[0.869582;
 -0.17317164;
 1.6629908]
Keyframe: 60 Frame: 734 Frame from vFrameID : 735
Tcw:
[0.99688572, 0.0055070887, 0.078667119, 0.87545067;
 0.068852492, 0.42556551, -0.90230447, -0.17909354;
 -0.038447082, 0.90491086, 0.42386103, 1.6909899;
 0, 0, 0, 1]
Twc:
[0.99688572, 0.068852492, -0.038447082, -0.79537964;
 0.0055070887, 0.42556551, 0.90491086, -1.4588003;
 0.078667119, -0.90230447, 0.42386103, -0.94721073;
 0, 0, 0, 1]
Ow:
[0.87545067;
 -0.17909354;
 1.6909899]
Keyframe: 61 Frame: 744 Frame from vFrameID : 745
Tcw:
[0.99286604, 0.014637017, 0.11833321, 0.8822006;
 0.10064128, 0.42932057, -0.89752728, -0.18631923;
 -0.063940004, 0.90303355, 0.42478472, 1.7114749;
 0, 0, 0, 1]
Twc:
[0.99286604, 0.10064128, -0.063940004, -0.747724;
 0.014637017, 0.42932057, 0.90303355, -1.4784414;
 0.11833321, -0.89752728, 0.42478472, -0.99862856;
 0, 0, 0, 1]
Ow:
[0.8822006;
 -0.18631923;
 1.7114749]
Keyframe: 62 Frame: 754 Frame from vFrameID : 755
Tcw:
[0.99737924, 0.018200189, 0.070024081, 0.8940776;
 0.055705015, 0.42443439, -0.90374357, -0.14531618;
 -0.046168931, 0.90527576, 0.42230821, 1.7336127;
 0, 0, 0, 1]
Twc:
[0.99737924, 0.055705015, -0.046168931, -0.80360061;
 0.018200189, 0.42443439, 0.90527576, -1.5239928;
 0.070024081, -0.90374357, 0.42230821, -0.92605442;
 0, 0, 0, 1]
Ow:
[0.8940776;
 -0.14531618;
 1.7336127]
Keyframe: 63 Frame: 764 Frame from vFrameID : 765
Tcw:
[0.99666005, 0.02436227, 0.077943586, 0.90675718;
 0.059727661, 0.43342689, -0.89920729, -0.1570636;
 -0.055689573, 0.90085936, 0.43052414, 1.7572342;
 0, 0, 0, 1]
Twc:
[0.99666005, 0.059727661, -0.055689573, -0.79648799;
 0.02436227, 0.43342689, 0.90085936, -1.5370361;
 0.077943586, -0.89920729, 0.43052414, -0.96844047;
 0, 0, 0, 1]
Ow:
[0.90675718;
 -0.1570636;
 1.7572342]
Keyframe: 64 Frame: 772 Frame from vFrameID : 773
Tcw:
[0.99577188, 0.031998862, 0.086106978, 0.90199637;
 0.064991444, 0.41703737, -0.90656269, -0.14177585;
 -0.064918801, 0.90832591, 0.41319445, 1.7753078;
 0, 0, 0, 1]
Twc:
[0.99577188, 0.064991444, -0.064918801, -0.77371752;
 0.031998862, 0.41703737, 0.90832591, -1.5822949;
 0.086106978, -0.90656269, 0.41319445, -0.93974417;
 0, 0, 0, 1]
Ow:
[0.90199637;
 -0.14177585;
 1.7753078]
Keyframe: 65 Frame: 781 Frame from vFrameID : 782
Tcw:
[0.99194592, 0.048000883, 0.11721411, 0.90954959;
 0.083488308, 0.44814152, -0.89005554, -0.15235358;
 -0.095251963, 0.89267302, 0.44052464, 1.7859495;
 0, 0, 0, 1]
Twc:
[0.99194592, 0.083488308, -0.095251963, -0.71938914;
 0.048000883, 0.44814152, 0.89267302, -1.569652;
 0.11721411, -0.89005554, 0.44052464, -1.0289699;
 0, 0, 0, 1]
Ow:
[0.90954959;
 -0.15235358;
 1.7859495]
Keyframe: 66 Frame: 789 Frame from vFrameID : 790
Tcw:
[0.99315071, 0.028407285, 0.1133346, 0.89807034;
 0.090231746, 0.42976508, -0.89842099, -0.12580544;
 -0.07422895, 0.90249377, 0.42425823, 1.8324044;
 0, 0, 0, 1]
Twc:
[0.99315071, 0.090231746, -0.07422895, -0.74455005;
 0.028407285, 0.42976508, 0.90249377, -1.6251786;
 0.1133346, -0.89842099, 0.42425823, -0.99222142;
 0, 0, 0, 1]
Ow:
[0.89807034;
 -0.12580544;
 1.8324044]
Keyframe: 67 Frame: 798 Frame from vFrameID : 799
Tcw:
[0.99481553, 0.034963675, 0.095496535, 0.91191006;
 0.069063276, 0.45701107, -0.88677567, -0.14927733;
 -0.074647911, 0.88877356, 0.452227, 1.8569245;
 0, 0, 0, 1]
Twc:
[0.99481553, 0.069063276, -0.074647911, -0.75825721;
 0.034963675, 0.45701107, 0.88877356, -1.6140478;
 0.095496535, -0.88677567, 0.452227, -1.0592113;
 0, 0, 0, 1]
Ow:
[0.91191006;
 -0.14927733;
 1.8569245]
Keyframe: 68 Frame: 807 Frame from vFrameID : 808
Tcw:
[0.99216324, 0.050429389, 0.11431976, 0.91730958;
 0.080853961, 0.43842942, -0.8951214, -0.14738518;
 -0.095261566, 0.89734972, 0.43091613, 1.8784318;
 0, 0, 0, 1]
Twc:
[0.99216324, 0.080853961, -0.095261566, -0.71926177;
 0.050429389, 0.43842942, 0.89734972, -1.6672517;
 0.11431976, -0.8951214, 0.43091613, -1.0462408;
 0, 0, 0, 1]
Ow:
[0.91730958;
 -0.14738518;
 1.8784318]
Keyframe: 69 Frame: 816 Frame from vFrameID : 817
Tcw:
[0.98704851, 0.066613756, 0.14593799, 0.92824805;
 0.10173924, 0.44343022, -0.89051604, -0.13703352;
 -0.12403394, 0.89383012, 0.43090987, 1.9018744;
 0, 0, 0, 1]
Twc:
[0.98704851, 0.10173924, -0.12403394, -0.66638714;
 0.066613756, 0.44343022, 0.89383012, -1.7010219;
 0.14593799, -0.89051604, 0.43090987, -1.0770336;
 0, 0, 0, 1]
Ow:
[0.92824805;
 -0.13703352;
 1.9018744]
Keyframe: 70 Frame: 824 Frame from vFrameID : 825
Tcw:
[0.99446952, 0.045113184, 0.094842702, 0.9374252;
 0.065932207, 0.4347606, -0.89812928, -0.11346215;
 -0.081751339, 0.89941537, 0.42938176, 1.9264678;
 0, 0, 0, 1]
Twc:
[0.99446952, 0.065932207, -0.081751339, -0.76726866;
 0.045113184, 0.4347606, 0.89941537, -1.725656;
 0.094842702, -0.89812928, 0.42938176, -1.0180017;
 0, 0, 0, 1]
Ow:
[0.9374252;
 -0.11346215;
 1.9264678]
Keyframe: 71 Frame: 831 Frame from vFrameID : 832
Tcw:
[0.99675751, 0.023808485, 0.076861173, 0.97119337;
 0.05785542, 0.45180786, -0.89023727, -0.12296581;
 -0.055921681, 0.89179754, 0.4489654, 1.9402862;
 0, 0, 0, 1]
Twc:
[0.99675751, 0.05785542, -0.055921681, -0.85242593;
 0.023808485, 0.45180786, 0.89179754, -1.697908;
 0.076861173, -0.89023727, 0.4489654, -1.0552372;
 0, 0, 0, 1]
Ow:
[0.97119337;
 -0.12296581;
 1.9402862]
Keyframe: 72 Frame: 840 Frame from vFrameID : 841
Tcw:
[0.9948104, 0.039558619, 0.093740784, 0.95536953;
 0.069177896, 0.41262758, -0.90826917, -0.12769443;
 -0.074609905, 0.91004044, 0.40774962, 1.9868596;
 0, 0, 0, 1]
Twc:
[0.9948104, 0.069177896, -0.074609905, -0.7933386;
 0.039558619, 0.41262758, 0.91004044, -1.7932253;
 0.093740784, -0.90826917, 0.40774962, -1.0156792;
 0, 0, 0, 1]
Ow:
[0.95536953;
 -0.12769443;
 1.9868596]
Keyframe: 73 Frame: 850 Frame from vFrameID : 851
Tcw:
[0.98872489, 0.061148062, 0.13668959, 0.9695065;
 0.095461361, 0.445898, -0.88997871, -0.13928968;
 -0.11537009, 0.89299268, 0.43503314, 1.9947257;
 0, 0, 0, 1]
Twc:
[0.98872489, 0.095461361, -0.11537009, -0.71514678;
 0.061148062, 0.445898, 0.89299268, -1.7784498;
 0.13668959, -0.88997871, 0.43503314, -1.1242582;
 0, 0, 0, 1]
Ow:
[0.9695065;
 -0.13928968;
 1.9947257]
Keyframe: 74 Frame: 858 Frame from vFrameID : 859
Tcw:
[0.99055576, 0.058321994, 0.12408782, 0.98057908;
 0.089190952, 0.41327664, -0.90622699, -0.14342344;
 -0.10413557, 0.90873593, 0.40417176, 2.0221689;
 0, 0, 0, 1]
Twc:
[0.99055576, 0.089190952, -0.10413557, -0.74794656;
 0.058321994, 0.41327664, 0.90873593, -1.8355333;
 0.12408782, -0.90622699, 0.40417176, -1.0689557;
 0, 0, 0, 1]
Ow:
[0.98057908;
 -0.14342344;
 2.0221689]
Keyframe: 75 Frame: 865 Frame from vFrameID : 866
Tcw:
[0.99394155, 0.037362766, 0.10336448, 0.98732734;
 0.076586932, 0.439096, -0.89516991, -0.14200497;
 -0.078832954, 0.89766294, 0.43357426, 2.0267887;
 0, 0, 0, 1]
Twc:
[0.99394155, 0.076586932, -0.078832954, -0.81069225;
 0.037362766, 0.439096, 0.89766294, -1.7939087;
 0.10336448, -0.89516991, 0.43357426, -1.1079366;
 0, 0, 0, 1]
Ow:
[0.98732734;
 -0.14200497;
 2.0267887]
Keyframe: 76 Frame: 874 Frame from vFrameID : 875
Tcw:
[0.99220258, 0.037657622, 0.11881047, 0.98923743;
 0.091444723, 0.42776829, -0.89925086, -0.13404137;
 -0.084687009, 0.90310365, 0.42098922, 2.0552659;
 0, 0, 0, 1]
Twc:
[0.99220258, 0.091444723, -0.084687009, -0.79521221;
 0.037657622, 0.42776829, 0.90310365, -1.8360318;
 0.11881047, -0.89925086, 0.42098922, -1.1033133;
 0, 0, 0, 1]
Ow:
[0.98923743;
 -0.13404137;
 2.0552659]
Keyframe: 77 Frame: 882 Frame from vFrameID : 883
Tcw:
[0.9860974, 0.056251016, 0.1563576, 0.99751538;
 0.11657304, 0.43637824, -0.89217979, -0.12372804;
 -0.11841707, 0.89800328, 0.4237541, 2.0720577;
 0, 0, 0, 1]
Twc:
[0.9860974, 0.11657304, -0.11841707, -0.72385699;
 0.056251016, 0.43637824, 0.89800328, -1.8628335;
 0.1563576, -0.89217979, 0.4237541, -1.1443998;
 0, 0, 0, 1]
Ow:
[0.99751538;
 -0.12372804;
 2.0720577]
Keyframe: 78 Frame: 890 Frame from vFrameID : 891
Tcw:
[0.99084759, 0.043529261, 0.12777422, 1.0161424;
 0.096493416, 0.43351889, -0.89596337, -0.11193299;
 -0.094393164, 0.90009254, 0.42535084, 2.088366;
 0, 0, 0, 1]
Twc:
[0.99084759, 0.096493416, -0.094393164, -0.79891396;
 0.043529261, 0.43351889, 0.90009254, -1.8754296;
 0.12777422, -0.89596337, 0.42535084, -1.118413;
 0, 0, 0, 1]
Ow:
[1.0161424;
 -0.11193299;
 2.088366]
Keyframe: 79 Frame: 899 Frame from vFrameID : 900
Tcw:
[0.99551731, 0.044553373, 0.083428547, 1.0272501;
 0.056625456, 0.42576638, -0.90305954, -0.10889333;
 -0.075755417, 0.90373558, 0.42133492, 2.0995517;
 0, 0, 0, 1]
Twc:
[0.99551731, 0.056625456, -0.075755417, -0.85742652;
 0.044553373, 0.42576638, 0.90373558, -1.896844;
 0.083428547, -0.90305954, 0.42133492, -1.0686537;
 0, 0, 0, 1]
Ow:
[1.0272501;
 -0.10889333;
 2.0995517]
Keyframe: 80 Frame: 908 Frame from vFrameID : 909
Tcw:
[0.99560076, 0.046130452, 0.081553966, 1.0382739;
 0.055195797, 0.41458929, -0.90833318, -0.10447508;
 -0.075713217, 0.90883869, 0.41021919, 2.1237586;
 0, 0, 0, 1]
Twc:
[0.99560076, 0.055195797, -0.075713217, -0.86714321;
 0.046130452, 0.41458929, 0.90883869, -1.9347357;
 0.081553966, -0.90833318, 0.41021919, -1.0507801;
 0, 0, 0, 1]
Ow:
[1.0382739;
 -0.10447508;
 2.1237586]
Keyframe: 81 Frame: 917 Frame from vFrameID : 918
Tcw:
[0.99052471, 0.056446724, 0.12519795, 1.0475883;
 0.088890605, 0.4313966, -0.89777249, -0.10873675;
 -0.10468628, 0.90039474, 0.42229143, 2.1428363;
 0, 0, 0, 1]
Twc:
[0.99052471, 0.088890605, -0.10468628, -0.80367094;
 0.056446724, 0.4313966, 0.90039474, -1.9416229;
 0.12519795, -0.89777249, 0.42229143, -1.1336782;
 0, 0, 0, 1]
Ow:
[1.0475883;
 -0.10873675;
 2.1428363]
Keyframe: 82 Frame: 927 Frame from vFrameID : 928
Tcw:
[0.99339885, 0.038356643, 0.10810882, 1.0632867;
 0.080854803, 0.43439406, -0.89708656, -0.11221808;
 -0.081371054, 0.89990586, 0.42842525, 2.1628995;
 0, 0, 0, 1]
Twc:
[0.99339885, 0.080854803, -0.081371054, -0.87119693;
 0.038356643, 0.43439406, 0.89990586, -1.9384431;
 0.10810882, -0.89708656, 0.42842525, -1.1422607;
 0, 0, 0, 1]
Ow:
[1.0632867;
 -0.11221808;
 2.1628995]
Keyframe: 83 Frame: 936 Frame from vFrameID : 937
Tcw:
[0.9960112, 0.030466063, 0.083866008, 1.0632385;
 0.061711367, 0.44366175, -0.89406711, -0.10749733;
 -0.064446844, 0.89567631, 0.44001195, 2.1781023;
 0, 0, 0, 1]
Twc:
[0.9960112, 0.061711367, -0.064446844, -0.91199183;
 0.030466063, 0.44366175, 0.89567631, -1.9355749;
 0.083866008, -0.89406711, 0.44001195, -1.1436704;
 0, 0, 0, 1]
Ow:
[1.0632385;
 -0.10749733;
 2.1781023]
Keyframe: 84 Frame: 946 Frame from vFrameID : 947
Tcw:
[0.99191123, 0.03511788, 0.12197902, 1.0599946;
 0.096062765, 0.42045411, -0.90221411, -0.10875499;
 -0.082970425, 0.90663391, 0.41367963, 2.1965446;
 0, 0, 0, 1]
Twc:
[0.99191123, 0.096062765, -0.082970425, -0.85872495;
 0.03511788, 0.42045411, 0.90663391, -1.9829602;
 0.12197902, -0.90221411, 0.41367963, -1.1360832;
 0, 0, 0, 1]
Ow:
[1.0599946;
 -0.10875499;
 2.1965446]
Keyframe: 85 Frame: 956 Frame from vFrameID : 957
Tcw:
[0.99065089, 0.029691942, 0.13315085, 1.0663582;
 0.10629722, 0.44376653, -0.88981581, -0.08600992;
 -0.08550825, 0.89565039, 0.43646154, 2.2154014;
 0, 0, 0, 1]
Twc:
[0.99065089, 0.10629722, -0.08550825, -0.85781103;
 0.029691942, 0.44376653, 0.89565039, -1.9777191;
 0.13315085, -0.88981581, 0.43646154, -1.185457;
 0, 0, 0, 1]
Ow:
[1.0663582;
 -0.08600992;
 2.2154014]
Keyframe: 86 Frame: 965 Frame from vFrameID : 966
Tcw:
[0.99480778, 0.033468448, 0.096110828, 1.0681039;
 0.072451182, 0.43031916, -0.89976454, -0.10021359;
 -0.071472056, 0.90205616, 0.42566004, 2.2408557;
 0, 0, 0, 1]
Twc:
[0.99480778, 0.072451182, -0.071472056, -0.89513892;
 0.033468448, 0.43031916, 0.90205616, -2.0140016;
 0.096110828, -0.89976454, 0.42566004, -1.1466676;
 0, 0, 0, 1]
Ow:
[1.0681039;
 -0.10021359;
 2.2408557]
Keyframe: 87 Frame: 975 Frame from vFrameID : 976
Tcw:
[0.99373364, 0.032023266, 0.10708873, 1.0753682;
 0.081533395, 0.44768625, -0.8904658, -0.10070211;
 -0.076457776, 0.89361709, 0.44226992, 2.2636433;
 0, 0, 0, 1]
Twc:
[0.99373364, 0.081533395, -0.076457776, -0.88734573;
 0.032023266, 0.44768625, 0.89361709, -2.0121841;
 0.10708873, -0.8904658, 0.44226992, -1.2059728;
 0, 0, 0, 1]
Ow:
[1.0753682;
 -0.10070211;
 2.2636433]
Keyframe: 88 Frame: 985 Frame from vFrameID : 986
Tcw:
[0.98815471, 0.056665659, 0.14261577, 1.078511;
 0.10442505, 0.43270618, -0.8954668, -0.10144359;
 -0.11245294, 0.89975238, 0.42166331, 2.2848864;
 0, 0, 0, 1]
Twc:
[0.98815471, 0.10442505, -0.11245294, -0.79820037;
 0.056665659, 0.43270618, 0.89975238, -2.0730512;
 0.14261577, -0.8954668, 0.42166331, -1.2081048;
 0, 0, 0, 1]
Ow:
[1.078511;
 -0.10144359;
 2.2848864]
Keyframe: 89 Frame: 995 Frame from vFrameID : 996
Tcw:
[0.99282074, 0.026950222, 0.11653628, 1.0935934;
 0.093765274, 0.42954859, -0.8981626, -0.086575031;
 -0.074263677, 0.90264153, 0.42393774, 2.2970288;
 0, 0, 0, 1]
Twc:
[0.99282074, 0.093765274, -0.074263677, -0.90703863;
 0.026950222, 0.42954859, 0.90264153, -2.0656779;
 0.11653628, -0.8981626, 0.42393774, -1.1789989;
 0, 0, 0, 1]
Ow:
[1.0935934;
 -0.086575031;
 2.2970288]
Keyframe: 90 Frame: 1004 Frame from vFrameID : 1005
Tcw:
[0.99461907, 0.025974657, 0.10029079, 1.1017065;
 0.078786336, 0.43896824, -0.89504164, -0.099918365;
 -0.067272872, 0.89812708, 0.43455973, 2.3160136;
 0, 0, 0, 1]
Twc:
[0.99461907, 0.078786336, -0.067272872, -0.93210119;
 0.025974657, 0.43896824, 0.89812708, -2.0648298;
 0.10029079, -0.89504164, 0.43455973, -1.2063684;
 0, 0, 0, 1]
Ow:
[1.1017065;
 -0.099918365;
 2.3160136]
Keyframe: 91 Frame: 1013 Frame from vFrameID : 1014
Tcw:
[0.98960078, 0.045885645, 0.13632613, 1.1018314;
 0.10610916, 0.4069992, -0.90724444, -0.10141349;
 -0.097114123, 0.91227525, 0.39789784, 2.3337264;
