Keyframe: 0 Frame: 0 Frame from vFrameID : 174
Tcw:
[0.99903989, 0.040070761, 0.017709384, 0.067210078;
 0.00049991102, 0.3937811, -0.91920412, -0.0013439525;
 -0.043806829, 0.91833043, 0.393383, -0.086591236;
 0, 0, 0, 1]
Twc:
[0.99903989, 0.00049991102, -0.043806829, -0.070938163;
 0.040070761, 0.3937811, 0.91833043, 0.07735543;
 0.017709384, -0.91920412, 0.393383, 0.031637903;
 0, 0, 0, 1]
Ow:
[0.067210078;
 -0.0013439525;
 -0.086591236]
Keyframe: 1 Frame: 190 Frame from vFrameID : 174
Tcw:
[0.4097468, -0.61938262, -0.66968107, -0.010185901;
 0.36145636, 0.78428823, -0.50422347, -0.0071797194;
 0.8375302, -0.035456527, 0.54523939, -0.006647517;
 0, 0, 0, 1]
Twc:
[0.4097468, 0.36145636, 0.8375302, 0.012336292;
 -0.61938262, 0.78428823, -0.035456527, -0.00091369887;
 -0.66968107, -0.50422347, 0.54523939, -0.006817;
 0, 0, 0, 1]
Ow:
[-0.010185901;
 -0.0071797194;
 -0.006647517]
