Keyframe: 0 Frame: 0 Frame from vFrameID : 174
Tcw:
[0.99878573, 0.048876643, 0.0061758985, 0.070071444;
 -0.014250469, 0.40663052, -0.91348153, -0.0018697008;
 -0.047159221, 0.91228431, 0.40683326, -0.094942115;
 0, 0, 0, 1]
Twc:
[0.99878573, -0.014250469, -0.047159221, -0.074490398;
 0.048876643, 0.40663052, 0.91228431, 0.083949625;
 0.0061758985, -0.91348153, 0.40683326, 0.036484916;
 0, 0, 0, 1]
Ow:
[0.070071444;
 -0.0018697008;
 -0.094942115]
Keyframe: 1 Frame: 181 Frame from vFrameID : 174
Tcw:
[0.99823779, 0.05922566, 0.003693843, 0.00015365041;
 -0.019834874, 0.39168549, -0.91988534, -0.00041344686;
 -0.055927642, 0.91819102, 0.39217001, -0.0012559071;
 0, 0, 0, 1]
Twc:
[0.99823779, -0.019834874, -0.055927642, -0.00023182023;
 0.05922566, 0.39168549, 0.91819102, 0.0013060038;
 0.003693843, -0.91988534, 0.39217001, 0.00011163779;
 0, 0, 0, 1]
Ow:
[0.00015365041;
 -0.00041344686;
 -0.0012559071]
