Keyframe: 0 Frame: 0 Frame from vFrameID : 273
Tcw:
[0.95595247, -0.017611502, 0.29299274, -0.11457467;
 0.21706639, 0.71433437, -0.66528833, 0.047378123;
 -0.19757807, 0.69958287, 0.6866926, 1.4663639;
 0, 0, 0, 1]
Twc:
[0.95595247, 0.21706639, -0.19757807, 0.38896507;
 -0.017611502, 0.71433437, 0.69958287, -1.0617048;
 0.29299274, -0.66528833, 0.6866926, -0.94185156;
 0, 0, 0, 1]
Ow:
[-0.11457467;
 0.047378123;
 1.4663639]
Keyframe: 1 Frame: 471 Frame from vFrameID : 273
Tcw:
[0.95385504, -0.003831167, 0.30024296, -0.0010075122;
 0.20830996, 0.72860229, -0.65249193, 0.0012389692;
 -0.2162579, 0.68492633, 0.69577903, 0.025004234;
 0, 0, 0, 1]
Twc:
[0.95385504, 0.20830996, -0.2162579, 0.0061102947;
 -0.003831167, 0.72860229, 0.68492633, -0.018032635;
 0.30024296, -0.65249193, 0.69577903, -0.016286507;
 0, 0, 0, 1]
Ow:
[-0.0010075122;
 0.0012389692;
 0.025004234]
