Keyframe: 0 Frame: 0 Frame from vFrameID : 99
Tcw:
[0.92830175, 0.07311599, 0.36456811, -0.022994041;
 0.22037342, 0.68152785, -0.69782186, 0.10037231;
 -0.29948527, 0.7281304, 0.61655062, 4.3469057;
 0, 0, 0, 1]
Twc:
[0.92830175, 0.22037342, -0.29948527, 1.3010601;
 0.07311599, 0.68152785, 0.7281304, -3.2318392;
 0.36456811, -0.69782186, 0.61655062, -2.6016624;
 0, 0, 0, 1]
Ow:
[-0.022994041;
 0.10037231;
 4.3469057]
Keyframe: 1 Frame: 485 Frame from vFrameID : 99
Tcw:
[0.92993253, 0.079085194, 0.35912541, 0.0006535612;
 0.21300812, 0.68022805, -0.70136821, 0.0040155891;
 -0.29975501, 0.72872174, 0.61572039, 0.053256933;
 0, 0, 0, 1]
Twc:
[0.92993253, 0.21300812, -0.29975501, 0.014500911;
 0.079085194, 0.68022805, 0.72872174, -0.041592687;
 0.35912541, -0.70136821, 0.61572039, -0.030209683;
 0, 0, 0, 1]
Ow:
[0.0006535612;
 0.0040155891;
 0.053256933]
