Keyframe: 0 Frame: 0 Frame from vFrameID : 77
Tcw:
[0.92807734, 0.00099854963, 0.37238613, -0.077513576;
 0.27070677, 0.68487972, -0.67650402, 0.1138885;
 -0.25571522, 0.72865546, 0.635351, 2.8178191;
 0, 0, 0, 1]
Twc:
[0.92807734, 0.27070677, -0.25571522, 0.76166749;
 0.00099854963, 0.68487972, 0.72865546, -2.1311419;
 0.37238613, -0.67650402, 0.635351, -1.6843933;
 0, 0, 0, 1]
Ow:
[-0.077513576;
 0.1138885;
 2.8178191]
Keyframe: 1 Frame: 443 Frame from vFrameID : 77
Tcw:
[0.92794812, 0.038183846, 0.37074822, 0.0014556618;
 0.25051409, 0.67262596, -0.69628799, 0.021802997;
 -0.27596182, 0.7389968, 0.61459643, 0.07425677;
 0, 0, 0, 1]
Twc:
[0.92794812, 0.25051409, -0.27596182, 0.013679299;
 0.038183846, 0.67262596, 0.7389968, -0.069596365;
 0.37074822, -0.69628799, 0.61459643, -0.030996466;
 0, 0, 0, 1]
Ow:
[0.0014556618;
 0.021802997;
 0.07425677]
