Keyframe: 0 Frame: 0 Frame from vFrameID : 273
Tcw:
[0.96600974, -0.047864761, 0.25403568, 0.013911143;
 0.21135566, 0.71206433, -0.66954702, -0.047408417;
 -0.14884204, 0.70048082, 0.69797754, 0.362519;
 0, 0, 0, 1]
Twc:
[0.96600974, 0.21135566, -0.14884204, 0.05053981;
 -0.047864761, 0.71206433, 0.70048082, -0.21951391;
 0.25403568, -0.66954702, 0.69797754, -0.28830624;
 0, 0, 0, 1]
Ow:
[0.013911143;
 -0.047408417;
 0.362519]
Keyframe: 1 Frame: 315 Frame from vFrameID : 273
Tcw:
[0.96566635, -0.045880247, 0.25570196, -0.02391047;
 0.21109024, 0.71229798, -0.66938215, -0.019565804;
 -0.15142456, 0.70037603, 0.69752705, 0.025180094;
 0, 0, 0, 1]
Twc:
[0.96566635, 0.21109024, -0.15142456, 0.031032572;
 -0.045880247, 0.71229798, 0.70037603, -0.0047958717;
 0.25570196, -0.66938215, 0.69752705, -0.024546845;
 0, 0, 0, 1]
Ow:
[-0.02391047;
 -0.019565804;
 0.025180094]
