Keyframe: 0 Frame: 0 Frame from vFrameID : 273
Tcw:
[0.94921893, 0.023404201, 0.31374452, -0.12046003;
 0.20541318, 0.70924211, -0.67437452, 0.056836545;
 -0.23830403, 0.70457637, 0.66841853, 1.5634754;
 0, 0, 0, 1]
Twc:
[0.94921893, 0.20541318, -0.23830403, 0.47525045;
 0.023404201, 0.70924211, 0.70457637, -1.1390793;
 0.31374452, -0.67437452, 0.66841853, -0.96893305;
 0, 0, 0, 1]
Ow:
[-0.12046003;
 0.056836545;
 1.5634754]
Keyframe: 1 Frame: 485 Frame from vFrameID : 273
Tcw:
[0.95463151, 0.020835832, 0.29705977, -0.00034005195;
 0.19599947, 0.70705205, -0.67945683, 0.001087714;
 -0.22419378, 0.70685446, 0.67089039, 0.050904542;
 0, 0, 0, 1]
Twc:
[0.95463151, 0.19599947, -0.22419378, 0.011523914;
 0.020835832, 0.70705205, 0.70685446, -0.036744088;
 0.29705977, -0.67945683, 0.67089039, -0.033311296;
 0, 0, 0, 1]
Ow:
[-0.00034005195;
 0.001087714;
 0.050904542]
