Keyframe: 0 Frame: 0 Frame from vFrameID : 273
Tcw:
[0.94771206, -0.0088351592, 0.3190043, -0.095895886;
 0.2330427, 0.70207667, -0.67288888, 0.030766547;
 -0.21802039, 0.7120465, 0.66742557, 1.3006318;
 0, 0, 0, 1]
Twc:
[0.94771206, 0.2330427, -0.21802039, 0.36727601;
 -0.0088351592, 0.70207667, 0.7120465, -0.94855809;
 0.3190043, -0.67288888, 0.66742557, -0.8167811;
 0, 0, 0, 1]
Ow:
[-0.095895886;
 0.030766547;
 1.3006318]
Keyframe: 1 Frame: 447 Frame from vFrameID : 273
Tcw:
[0.94939983, -0.018031185, 0.31355202, -0.00084047369;
 0.23359436, 0.70787835, -0.66658974, 0.00067989156;
 -0.20993729, 0.70610416, 0.67627162, 0.014701346;
 0, 0, 0, 1]
Twc:
[0.94939983, 0.23359436, -0.20993729, 0.0037254875;
 -0.018031185, 0.70787835, 0.70610416, -0.010877117;
 0.31355202, -0.66658974, 0.67627162, -0.009225361;
 0, 0, 0, 1]
Ow:
[-0.00084047369;
 0.00067989156;
 0.014701346]
