Keyframe: 0 Frame: 0 Frame from vFrameID : 273
Tcw:
[0.94128257, 0.037862562, 0.33549005, -0.11626729;
 0.21009916, 0.71215492, -0.66984606, 0.049308896;
 -0.26428297, 0.70100057, 0.66238409, 1.5260986;
 0, 0, 0, 1]
Twc:
[0.94128257, 0.21009916, -0.26428297, 0.50240248;
 0.037862562, 0.71215492, 0.70100057, -1.1005094;
 0.33549005, -0.66984606, 0.66238409, -0.93882757;
 0, 0, 0, 1]
Ow:
[-0.11626729;
 0.049308896;
 1.5260986]
Keyframe: 1 Frame: 480 Frame from vFrameID : 273
Tcw:
[0.93842798, 0.034645423, 0.34373334, 0.0043651639;
 0.22129023, 0.70377392, -0.67507994, 0.0070434241;
 -0.26529899, 0.70957875, 0.65277439, 0.028527303;
 0, 0, 0, 1]
Twc:
[0.93842798, 0.22129023, -0.26529899, 0.0019132324;
 0.034645423, 0.70377392, 0.70957875, -0.025350578;
 0.34373334, -0.67507994, 0.65277439, -0.015367473;
 0, 0, 0, 1]
Ow:
[0.0043651639;
 0.0070434241;
 0.028527303]
