Keyframe: 0 Frame: 0 Frame from vFrameID : 273
Tcw:
[0.95166957, -0.024152899, 0.30617252, 0.035467193;
 0.23430043, 0.70162594, -0.67292225, -0.059588999;
 -0.19856556, 0.71213603, 0.67337513, 0.13620567;
 0, 0, 0, 1]
Twc:
[0.95166957, 0.23430043, -0.19856556, 0.0072544329;
 -0.024152899, 0.70162594, 0.71213603, -0.054331135;
 0.30617252, -0.67292225, 0.67337513, -0.14267536;
 0, 0, 0, 1]
Ow:
[0.035467193;
 -0.059588999;
 0.13620567]
Keyframe: 1 Frame: 280 Frame from vFrameID : 273
Tcw:
[0.96318954, -0.024501959, 0.26770416, 0.00023616361;
 0.20517507, 0.7104367, -0.67318857, -0.00045371006;
 -0.17369244, 0.70333445, 0.6893124, 0.0011674205;
 0, 0, 0, 1]
Twc:
[0.96318954, 0.20517507, -0.17369244, 6.8391768e-05;
 -0.024501959, 0.7104367, 0.70333445, -0.00049296831;
 0.26770416, -0.67318857, 0.6893124, -0.0011733719;
 0, 0, 0, 1]
Ow:
[0.00023616361;
 -0.00045371006;
 0.0011674205]
