Keyframe: 0 Frame: 0 Frame from vFrameID : 99
Tcw:
[0.94618005, 0.018829562, 0.32309246, -0.029748499;
 0.22770819, 0.67067736, -0.70593262, 0.10397983;
 -0.2299832, 0.74151015, 0.63029391, 4.6756268;
 0, 0, 0, 1]
Twc:
[0.94618005, 0.22770819, -0.2299832, 1.0797859;
 0.018829562, 0.67067736, 0.74151015, -3.5362015;
 0.32309246, -0.70593262, 0.63029391, -2.8640046;
 0, 0, 0, 1]
Ow:
[-0.029748499;
 0.10397983;
 4.6756268]
Keyframe: 1 Frame: 521 Frame from vFrameID : 99
Tcw:
[0.87023079, 0.055400297, 0.4895193, -0.12041663;
 0.34766412, 0.63494432, -0.6899097, -0.10462704;
 -0.34903869, 0.77056897, 0.53328741, 0.22614536;
 0, 0, 0, 1]
Twc:
[0.87023079, 0.34766412, -0.34903869, 0.22009881;
 0.055400297, 0.63494432, 0.77056897, -0.10115714;
 0.4895193, -0.6899097, 0.53328741, -0.13383742;
 0, 0, 0, 1]
Ow:
[-0.12041663;
 -0.10462704;
 0.22614536]
