Keyframe: 0 Frame: 0 Frame from vFrameID : 77
Tcw:
[0.95488429, -0.021296186, 0.29621354, -0.055775046;
 0.22604263, 0.69903374, -0.67842209, 0.092172027;
 -0.19261545, 0.71477151, 0.67231023, 2.4727294;
 0, 0, 0, 1]
Twc:
[0.95488429, 0.22604263, -0.19261545, 0.50870979;
 -0.021296186, 0.69903374, 0.71477151, -1.8330556;
 0.29621354, -0.67842209, 0.67231023, -1.5833882;
 0, 0, 0, 1]
Ow:
[-0.055775046;
 0.092172027;
 2.4727294]
Keyframe: 1 Frame: 397 Frame from vFrameID : 77
Tcw:
[0.94970828, -0.025440535, 0.31210086, 0.0033669611;
 0.24148622, 0.69400853, -0.67825997, -0.0029765107;
 -0.19934537, 0.71951717, 0.66524917, 0.062235974;
 0, 0, 0, 1]
Twc:
[0.94970828, 0.24148622, -0.19934537, 0.009927609;
 -0.025440535, 0.69400853, 0.71951717, -0.042628475;
 0.31210086, -0.67825997, 0.66524917, -0.044472113;
 0, 0, 0, 1]
Ow:
[0.0033669611;
 -0.0029765107;
 0.062235974]
