Keyframe: 0 Frame: 0 Frame from vFrameID : 273
Tcw:
[0.96354765, -0.018805746, 0.26687506, -0.1321097;
 0.19843176, 0.71930909, -0.66574717, 0.057111144;
 -0.17944579, 0.6944356, 0.69682026, 1.6543965;
 0, 0, 0, 1]
Twc:
[0.96354765, 0.19843176, -0.17944579, 0.41283578;
 -0.018805746, 0.71930909, 0.6944356, -1.1924368;
 0.26687506, -0.66574717, 0.69682026, -1.0795386;
 0, 0, 0, 1]
Ow:
[-0.1321097;
 0.057111144;
 1.6543965]
Keyframe: 1 Frame: 498 Frame from vFrameID : 273
Tcw:
[0.96460271, -0.024083368, 0.26260546, 0.00017951289;
 0.20185743, 0.7082268, -0.67651194, -0.0015212111;
 -0.16969153, 0.7055741, 0.68801886, 0.035519585;
 0, 0, 0, 1]
Twc:
[0.96460271, 0.20185743, -0.16969153, 0.0061612809;
 -0.024083368, 0.7082268, 0.7055741, -0.023980012;
 0.26260546, -0.67651194, 0.68801886, -0.025514401;
 0, 0, 0, 1]
Ow:
[0.00017951289;
 -0.0015212111;
 0.035519585]
