Keyframe: 0 Frame: 0 Frame from vFrameID : 77
Tcw:
[0.94343656, -0.02027747, 0.33093247, -0.026800334;
 0.24961038, 0.70039719, -0.66868407, 0.04495275;
 -0.21822494, 0.71346521, 0.66584182, 1.8560976;
 0, 0, 0, 1]
Twc:
[0.94343656, 0.24961038, -0.21822494, 0.41911051;
 -0.02027747, 0.70039719, 0.71346521, -1.3562891;
 0.33093247, -0.66868407, 0.66584182, -1.196939;
 0, 0, 0, 1]
Ow:
[-0.026800334;
 0.04495275;
 1.8560976]
Keyframe: 1 Frame: 311 Frame from vFrameID : 77
Tcw:
[0.94477254, -0.035093945, 0.32584229, 0.011514277;
 0.25576076, 0.7006278, -0.66611344, 0.0114932;
 -0.20491762, 0.71266341, 0.67090958, 0.029173069;
 0, 0, 0, 1]
Twc:
[0.94477254, 0.25576076, -0.20491762, -0.0078398073;
 -0.035093945, 0.7006278, 0.71266341, -0.02843895;
 0.32584229, -0.66611344, 0.67090958, -0.015668554;
 0, 0, 0, 1]
Ow:
[0.011514277;
 0.0114932;
 0.029173069]
