Keyframe: 0 Frame: 0 Frame from vFrameID : 77
Tcw:
[0.94348848, -0.020623034, 0.33076301, -0.024802029;
 0.25032547, 0.69840497, -0.67049807, 0.047446489;
 -0.21717882, 0.71540564, 0.66409951, 1.8148668;
 0, 0, 0, 1]
Twc:
[0.94348848, 0.25032547, -0.21717882, 0.40567401;
 -0.020623034, 0.69840497, 0.71540564, -1.3320142;
 0.33076301, -0.67049807, 0.66409951, -1.1652358;
 0, 0, 0, 1]
Ow:
[-0.024802029;
 0.047446489;
 1.8148668]
Keyframe: 1 Frame: 306 Frame from vFrameID : 77
Tcw:
[0.9439348, -0.020097569, 0.32951954, 0.0030186991;
 0.24595976, 0.70860124, -0.66135323, -0.0097933915;
 -0.22020636, 0.70532292, 0.67381656, 0.027873235;
 0, 0, 0, 1]
Twc:
[0.9439348, 0.24595976, -0.22020636, 0.0056971884;
 -0.020097569, 0.70860124, 0.70532292, -0.012659354;
 0.32951954, -0.66135323, 0.67381656, -0.02625306;
 0, 0, 0, 1]
Ow:
[0.0030186991;
 -0.0097933915;
 0.027873235]
