Keyframe: 0 Frame: 0 Frame from vFrameID : 99
Tcw:
[0.92796618, 0.073465511, 0.36535126, -0.037442327;
 0.2171769, 0.69008249, -0.690377, 0.10164666;
 -0.3028414, 0.71999234, 0.6244182, 4.5697956;
 0, 0, 0, 1]
Twc:
[0.92796618, 0.2171769, -0.3028414, 1.3965933;
 0.073465511, 0.69008249, 0.71999234, -3.3576119;
 0.36535126, -0.690377, 0.6244182, -2.7696097;
 0, 0, 0, 1]
Ow:
[-0.037442327;
 0.10164666;
 4.5697956]
Keyframe: 1 Frame: 512 Frame from vFrameID : 99
Tcw:
[0.93197662, 0.084582359, 0.35251305, 0.0051667374;
 0.1979723, 0.69584876, -0.69036329, 0.003111206;
 -0.30368832, 0.71319026, 0.63176978, 0.11294974;
 0, 0, 0, 1]
Twc:
[0.93197662, 0.1979723, -0.30368832, 0.028870305;
 0.084582359, 0.69584876, 0.71319026, -0.083156593;
 0.35251305, -0.69036329, 0.63176978, -0.071031712;
 0, 0, 0, 1]
Ow:
[0.0051667374;
 0.003111206;
 0.11294974]
