Keyframe: 0 Frame: 0 Frame from vFrameID : 77
Tcw:
[0.9343307, -0.00028016826, 0.35640723, -0.052827865;
 0.26031515, 0.68357027, -0.68188542, 0.082073867;
 -0.24343833, 0.72988468, 0.63875359, 2.301142;
 0, 0, 0, 1]
Twc:
[0.9343307, 0.26031515, -0.24343833, 0.58817983;
 -0.00028016826, 0.68357027, 0.72988468, -1.7356863;
 0.35640723, -0.68188542, 0.63875359, -1.3950695;
 0, 0, 0, 1]
Ow:
[-0.052827865;
 0.082073867;
 2.301142]
Keyframe: 1 Frame: 373 Frame from vFrameID : 77
Tcw:
[0.92103773, 0.022084188, 0.38884667, -0.020371802;
 0.27324456, 0.67480963, -0.68554312, 0.008767372;
 -0.27753714, 0.73766136, 0.61549079, 0.065875873;
 0, 0, 0, 1]
Twc:
[0.92103773, 0.27324456, -0.27753714, 0.034650564;
 0.022084188, 0.67480963, 0.73766136, -0.054060496;
 0.38884667, -0.68554312, 0.61549079, -0.026614068;
 0, 0, 0, 1]
Ow:
[-0.020371802;
 0.008767372;
 0.065875873]
