Keyframe: 0 Frame: 0 Frame from vFrameID : 273
Tcw:
[0.95154506, -0.018956969, 0.30692455, -0.027641699;
 0.2338751, 0.69266248, -0.68229109, -0.012138158;
 -0.19966096, 0.72101271, 0.66353309, 0.76554024;
 0, 0, 0, 1]
Twc:
[0.95154506, 0.2338751, -0.19966096, 0.18198963;
 -0.018956969, 0.69266248, 0.72101271, -0.54408062;
 0.30692455, -0.68229109, 0.66353309, -0.50775915;
 0, 0, 0, 1]
Ow:
[-0.027641699;
 -0.012138158;
 0.76554024]
Keyframe: 1 Frame: 373 Frame from vFrameID : 273
Tcw:
[0.94566691, -0.010995869, 0.32495105, -0.0059055174;
 0.24418004, 0.68393552, -0.68746513, 0.0087322854;
 -0.21468627, 0.72945958, 0.64946014, 0.028609265;
 0, 0, 0, 1]
Twc:
[0.94566691, 0.24418004, -0.21468627, 0.00959442;
 -0.010995869, 0.68393552, 0.72945958, -0.026906557;
 0.32495105, -0.68746513, 0.64946014, -0.010658431;
 0, 0, 0, 1]
Ow:
[-0.0059055174;
 0.0087322854;
 0.028609265]
