Keyframe: 0 Frame: 0 Frame from vFrameID : 99
Tcw:
[0.94048482, 0.030980969, 0.33842063, -0.031473577;
 0.23802896, 0.65070188, -0.72106123, 0.11309266;
 -0.24255012, 0.75870103, 0.60460085, 4.9855809;
 0, 0, 0, 1]
Twc:
[0.94048482, 0.23802896, -0.24255012, 1.2119343;
 0.030980969, 0.65070188, 0.75870103, -3.8551798;
 0.33842063, -0.72106123, 0.60460085, -2.9220884;
 0, 0, 0, 1]
Ow:
[-0.031473577;
 0.11309266;
 4.9855809]
Keyframe: 1 Frame: 554 Frame from vFrameID : 99
Tcw:
[0.94484568, 0.0081690755, 0.32741392, -0.007338047;
 0.24320449, 0.65205634, -0.71810454, 0.032954514;
 -0.21935856, 0.7581265, 0.61410588, 1.3751969;
 0, 0, 0, 1]
Twc:
[0.94484568, 0.24320449, -0.21935856, 0.30057988;
 0.0081690755, 0.65205634, 0.7581265, -1.0640014;
 0.32741392, -0.71810454, 0.61410588, -0.81844914;
 0, 0, 0, 1]
Ow:
[-0.007338047;
 0.032954514;
 1.3751969]
