Keyframe: 0 Frame: 0 Frame from vFrameID : 99
Tcw:
[0.94780225, 0.024596313, 0.31790864, -0.032380044;
 0.2161251, 0.68349189, -0.69722939, 0.10807681;
 -0.23443724, 0.72954363, 0.64249927, 4.7030225;
 0, 0, 0, 1]
Twc:
[0.94780225, 0.2161251, -0.23443724, 1.1098953;
 0.024596313, 0.68349189, 0.72954363, -3.504133;
 0.31790864, -0.69722939, 0.64249927, -2.9360402;
 0, 0, 0, 1]
Ow:
[-0.032380044;
 0.10807681;
 4.7030225]
Keyframe: 1 Frame: 526 Frame from vFrameID : 99
Tcw:
[0.95366317, 0.015044447, 0.30050001, 0.004200804;
 0.20507152, 0.69832635, -0.68577397, -9.9539757e-05;
 -0.22016418, 0.71562135, 0.66288292, 0.054498319;
 0, 0, 0, 1]
Twc:
[0.95366317, 0.20507152, -0.22016418, 0.0080128377;
 0.015044447, 0.69832635, 0.71562135, -0.03899385;
 0.30050001, -0.68577397, 0.66288292, -0.037456609;
 0, 0, 0, 1]
Ow:
[0.004200804;
 -9.9539757e-05;
 0.054498319]
