Keyframe: 0 Frame: 0 Frame from vFrameID : 273
Tcw:
[0.96421129, -0.0064940383, 0.2650556, -0.12630039;
 0.18905783, 0.7177307, -0.67016399, 0.056556582;
 -0.18588646, 0.69629049, 0.69327176, 1.626514;
 0, 0, 0, 1]
Twc:
[0.96421129, 0.18905783, -0.18588646, 0.41343471;
 -0.0064940383, 0.7177307, 0.69629049, -1.1739389;
 0.2650556, -0.67016399, 0.69327176, -1.0562375;
 0, 0, 0, 1]
Ow:
[-0.12630039;
 0.056556582;
 1.626514]
Keyframe: 1 Frame: 494 Frame from vFrameID : 273
Tcw:
[0.96537048, 0.0016197162, 0.26087779, -0.0028082142;
 0.17985234, 0.72023588, -0.67000997, 0.0043275971;
 -0.18897878, 0.69372731, 0.69500315, 0.022236913;
 0, 0, 0, 1]
Twc:
[0.96537048, 0.17985234, -0.18897878, 0.0061349431;
 0.0016197162, 0.72023588, 0.69372731, -0.018538699;
 0.26087779, -0.67000997, 0.69500315, -0.011822592;
 0, 0, 0, 1]
Ow:
[-0.0028082142;
 0.0043275971;
 0.022236913]
