Keyframe: 0 Frame: 0 Frame from vFrameID : 99
Tcw:
[0.94510514, 0.026187509, 0.32571542, -0.041573822;
 0.21788442, 0.69234514, -0.68788415, 0.10902381;
 -0.24352147, 0.72109115, 0.64863306, 4.8043261;
 0, 0, 0, 1]
Twc:
[0.94510514, 0.21788442, -0.24352147, 1.1854935;
 0.026187509, 0.69234514, 0.72109115, -3.5387502;
 0.32571542, -0.68788415, 0.64863306, -3.0277076;
 0, 0, 0, 1]
Ow:
[-0.041573822;
 0.10902381;
 4.8043261]
Keyframe: 1 Frame: 537 Frame from vFrameID : 99
Tcw:
[0.94101572, 0.059486818, 0.33309269, 0.0070292773;
 0.20466585, 0.68385184, -0.70032746, -0.002104599;
 -0.26944628, 0.72719187, 0.63134038, 0.07179077;
 0, 0, 0, 1]
Twc:
[0.94101572, 0.20466585, -0.26944628, 0.013159836;
 0.059486818, 0.68385184, 0.72719187, -0.051184576;
 0.33309269, -0.70032746, 0.63134038, -0.049139723;
 0, 0, 0, 1]
Ow:
[0.0070292773;
 -0.002104599;
 0.07179077]
