Keyframe: 0 Frame: 0 Frame from vFrameID : 77
Tcw:
[0.95425844, -0.018161861, 0.29843092, -0.042954296;
 0.22758788, 0.69143659, -0.68565238, 0.070519328;
 -0.19389334, 0.7222088, 0.66394264, 2.2366953;
 0, 0, 0, 1]
Twc:
[0.95425844, 0.22758788, -0.19389334, 0.45862046;
 -0.018161861, 0.69143659, 0.7222088, -1.6649008;
 0.29843092, -0.68565238, 0.66394264, -1.4238667;
 0, 0, 0, 1]
Ow:
[-0.042954296;
 0.070519328;
 2.2366953]
Keyframe: 1 Frame: 364 Frame from vFrameID : 77
Tcw:
[0.94643092, -0.020796049, 0.322236, 0.0096579436;
 0.24706888, 0.68916351, -0.68118322, 0.0041414704;
 -0.20790736, 0.72430736, 0.65738374, 0.029337365;
 0, 0, 0, 1]
Twc:
[0.94643092, 0.24706888, -0.20790736, -0.0040643504;
 -0.020796049, 0.68916351, 0.72430736, -0.023902573;
 0.322236, -0.68118322, 0.65738374, -0.019576943;
 0, 0, 0, 1]
Ow:
[0.0096579436;
 0.0041414704;
 0.029337365]
