Keyframe: 0 Frame: 0 Frame from vFrameID : 273
Tcw:
[0.96395695, -0.034363437, 0.26382971, -0.10504417;
 0.20903744, 0.71126688, -0.67112052, 0.037470818;
 -0.16459133, 0.70208156, 0.69281393, 1.4019964;
 0, 0, 0, 1]
Twc:
[0.96395695, 0.20903744, -0.16459133, 0.32418171;
 -0.034363437, 0.71126688, 0.70208156, -1.0145773;
 0.26382971, -0.67112052, 0.69281393, -0.91846138;
 0, 0, 0, 1]
Ow:
[-0.10504417;
 0.037470818;
 1.4019964]
Keyframe: 1 Frame: 461 Frame from vFrameID : 273
Tcw:
[0.96598512, -0.036878806, 0.25595456, -0.002620168;
 0.20396231, 0.7171182, -0.66643894, 0.0025523081;
 -0.1589722, 0.69597518, 0.70024735, 0.079960123;
 0, 0, 0, 1]
Twc:
[0.96598512, 0.20396231, -0.1589722, 0.014721907;
 -0.036878806, 0.7171182, 0.69597518, -0.057577197;
 0.25595456, -0.66643894, 0.70024735, -0.053620271;
 0, 0, 0, 1]
Ow:
[-0.002620168;
 0.0025523081;
 0.079960123]
