Keyframe: 0 Frame: 0 Frame from vFrameID : 273
Tcw:
[0.96466404, -0.039763324, 0.26046532, -0.10990347;
 0.20886511, 0.71802336, -0.66394114, 0.043751001;
 -0.16061969, 0.69488227, 0.70095646, 1.4393098;
 0, 0, 0, 1]
Twc:
[0.96466404, 0.20886511, -0.16061969, 0.32806334;
 -0.039763324, 0.71802336, 0.69488227, -1.0359352;
 0.26046532, -0.66394114, 0.70095646, -0.95121944;
 0, 0, 0, 1]
Ow:
[-0.10990347;
 0.043751001;
 1.4393098]
Keyframe: 1 Frame: 466 Frame from vFrameID : 273
Tcw:
[0.96270257, -0.033175886, 0.26852024, 0.0061498899;
 0.20981941, 0.71813285, -0.66352165, -0.0018510995;
 -0.1708203, 0.69511473, 0.6983093, 0.018655505;
 0, 0, 0, 1]
Twc:
[0.96270257, 0.20981941, -0.1708203, -0.002345379;
 -0.033175886, 0.71813285, 0.69511473, -0.011434354;
 0.26852024, -0.66352165, 0.6983093, -0.015906928;
 0, 0, 0, 1]
Ow:
[0.0061498899;
 -0.0018510995;
 0.018655505]
