Keyframe: 0 Frame: 0 Frame from vFrameID : 273
Tcw:
[0.94987983, 0.014080985, 0.31229806, -0.0065636635;
 0.20873755, 0.71509451, -0.66713458, -0.033955768;
 -0.23271652, 0.69888598, 0.67631459, 0.58116496;
 0, 0, 0, 1]
Twc:
[0.94987983, 0.20873755, -0.23271652, 0.14856924;
 0.014080985, 0.71509451, 0.69888598, -0.38179407;
 0.31229806, -0.66713458, 0.67631459, -0.41365358;
 0, 0, 0, 1]
Ow:
[-0.0065636635;
 -0.033955768;
 0.58116496]
Keyframe: 1 Frame: 348 Frame from vFrameID : 273
Tcw:
[0.95506334, -0.0060953982, 0.29633901, 0.0060095917;
 0.21533865, 0.70128012, -0.67958474, 0.011074804;
 -0.2036743, 0.71285975, 0.67107952, 0.032606464;
 0, 0, 0, 1]
Twc:
[0.95506334, 0.21533865, -0.2036743, -0.0014832756;
 -0.0060953982, 0.70128012, 0.71285975, -0.030973744;
 0.29633901, -0.67958474, 0.67107952, -0.016136138;
 0, 0, 0, 1]
Ow:
[0.0060095917;
 0.011074804;
 0.032606464]
