Keyframe: 0 Frame: 0 Frame from vFrameID : 273
Tcw:
[0.94663101, -0.059554581, 0.3167696, -0.085395724;
 0.27101409, 0.67905396, -0.68222952, 0.02752918;
 -0.17447375, 0.73166865, 0.65895367, 1.2451541;
 0, 0, 0, 1]
Twc:
[0.94663101, 0.27101409, -0.17447375, 0.29062417;
 -0.059554581, 0.67905396, 0.73166865, -0.93481976;
 0.3167696, -0.68222952, 0.65895367, -0.77466691;
 0, 0, 0, 1]
Ow:
[-0.085395724;
 0.02752918;
 1.2451541]
Keyframe: 1 Frame: 439 Frame from vFrameID : 273
Tcw:
[0.94010526, -0.063571341, 0.33490416, 0.004391287;
 0.28412282, 0.68897188, -0.66677731, 0.0067062788;
 -0.18835162, 0.72199476, 0.66576815, 0.011229113;
 0, 0, 0, 1]
Twc:
[0.94010526, 0.28412282, -0.18835162, -0.0039186575;
 -0.063571341, 0.68897188, 0.72199476, -0.012448638;
 0.33490416, -0.66677731, 0.66576815, -0.0044750511;
 0, 0, 0, 1]
Ow:
[0.004391287;
 0.0067062788;
 0.011229113]
