Keyframe: 0 Frame: 0 Frame from vFrameID : 77
Tcw:
[0.94030595, -0.010630899, 0.34016427, -0.046650976;
 0.25139198, 0.69543427, -0.67318141, 0.083319724;
 -0.22940537, 0.71851104, 0.6565935, 2.2710648;
 0, 0, 0, 1]
Twc:
[0.94030595, 0.25139198, -0.22940537, 0.54391479;
 -0.010630899, 0.69543427, 0.71851104, -1.6902245;
 0.34016427, -0.67318141, 0.6565935, -1.4192082;
 0, 0, 0, 1]
Ow:
[-0.046650976;
 0.083319724;
 2.2710648]
Keyframe: 1 Frame: 368 Frame from vFrameID : 77
Tcw:
[0.9400748, 0.0090990085, 0.3408469, 0.011987686;
 0.23885234, 0.69581318, -0.67734307, 0.0080975872;
 -0.2433289, 0.71816522, 0.65194309, 0.039778959;
 0, 0, 0, 1]
Twc:
[0.9400748, 0.23885234, -0.2433289, -0.0035240792;
 0.0090990085, 0.69581318, 0.71816522, -0.034311347;
 0.3408469, -0.67734307, 0.65194309, -0.024534738;
 0, 0, 0, 1]
Ow:
[0.011987686;
 0.0080975872;
 0.039778959]
