Keyframe: 0 Frame: 0 Frame from vFrameID : 77
Tcw:
[0.92767417, 0.0075480058, 0.37331438, -0.085248649;
 0.26489305, 0.69133228, -0.67222869, 0.12048984;
 -0.26315826, 0.72249758, 0.6393317, 2.8449275;
 0, 0, 0, 1]
Twc:
[0.92767417, 0.26489305, -0.26315826, 0.79583222;
 0.0075480058, 0.69133228, 0.72249758, -2.1381083;
 0.37331438, -0.67222869, 0.6393317, -1.706031;
 0, 0, 0, 1]
Ow:
[-0.085248649;
 0.12048984;
 2.8449275]
Keyframe: 1 Frame: 447 Frame from vFrameID : 77
Tcw:
[0.93073839, -0.0022681134, 0.36567873, -0.00087756477;
 0.26440725, 0.69496161, -0.66866821, 0.0077005289;
 -0.25261608, 0.71904325, 0.64742714, 0.11654717;
 0, 0, 0, 1]
Twc:
[0.93073839, 0.26440725, -0.25261608, 0.028222395;
 -0.0022681134, 0.69496161, 0.71904325, -0.089156024;
 0.36567873, -0.66866821, 0.64742714, -0.069985799;
 0, 0, 0, 1]
Ow:
[-0.00087756477;
 0.0077005289;
 0.11654717]
