Keyframe: 0 Frame: 0 Frame from vFrameID : 273
Tcw:
[0.96661597, -0.045785896, 0.25210547, 0.021906577;
 0.2103212, 0.70375603, -0.6785959, -0.050843321;
 -0.14635062, 0.70896482, 0.68989158, 0.27619797;
 0, 0, 0, 1]
Twc:
[0.96661597, 0.2103212, -0.14635062, 0.029939931;
 -0.045785896, 0.70375603, 0.70896482, -0.15903033;
 0.25210547, -0.6785959, 0.68989158, -0.23057151;
 0, 0, 0, 1]
Ow:
[0.021906577;
 -0.050843321;
 0.27619797]
Keyframe: 1 Frame: 295 Frame from vFrameID : 273
Tcw:
[0.96380109, -0.036573291, 0.26410201, -0.0005113784;
 0.21254835, 0.70341718, -0.67825323, 0.0024928616;
 -0.16096795, 0.70983565, 0.68572783, 0.011010731;
 0, 0, 0, 1]
Twc:
[0.96380109, 0.21254835, -0.16096795, 0.001735388;
 -0.036573291, 0.70341718, 0.70983565, -0.0095880339;
 0.26410201, -0.67825323, 0.68572783, -0.0057245167;
 0, 0, 0, 1]
Ow:
[-0.0005113784;
 0.0024928616;
 0.011010731]
