Keyframe: 0 Frame: 0 Frame from vFrameID : 77
Tcw:
[0.95013273, -0.029001767, 0.31049421, -0.07396394;
 0.24236202, 0.69521838, -0.67670679, 0.11092055;
 -0.19623558, 0.71821326, 0.6675787, 2.742007;
 0, 0, 0, 1]
Twc:
[0.95013273, 0.24236202, -0.19623558, 0.58147198;
 -0.029001767, 0.69521838, 0.71821326, -2.048605;
 0.31049421, -0.67670679, 0.6675787, -1.7324793;
 0, 0, 0, 1]
Ow:
[-0.07396394;
 0.11092055;
 2.742007]
Keyframe: 1 Frame: 432 Frame from vFrameID : 77
Tcw:
[0.94882709, -0.024030855, 0.31488046, 0.0077022407;
 0.24357268, 0.69031882, -0.68127257, -0.0033598263;
 -0.20099634, 0.72310609, 0.66084647, 0.021773934;
 0, 0, 0, 1]
Twc:
[0.94882709, 0.24357268, -0.20099634, -0.0021132517;
 -0.024030855, 0.69031882, 0.72310609, -0.013240422;
 0.31488046, -0.68127257, 0.66084647, -0.019103469;
 0, 0, 0, 1]
Ow:
[0.0077022407;
 -0.0033598263;
 0.021773934]
