Keyframe: 0 Frame: 0 Frame from vFrameID : 273
Tcw:
[0.95868528, -0.0013493628, 0.28446576, -0.12087986;
 0.20294741, 0.70396751, -0.68061888, 0.058805346;
 -0.19933625, 0.71023089, 0.67515713, 1.598352;
 0, 0, 0, 1]
Twc:
[0.95868528, 0.20294741, -0.19933625, 0.42256084;
 -0.0013493628, 0.70396751, 0.71023089, -1.1767591;
 0.28446576, -0.68061888, 0.67515713, -1.0047286;
 0, 0, 0, 1]
Ow:
[-0.12087986;
 0.058805346;
 1.598352]
Keyframe: 1 Frame: 490 Frame from vFrameID : 273
Tcw:
[0.95808399, -0.028006004, 0.2851153, -0.0020733587;
 0.21567617, 0.72557235, -0.65347427, 0.0035950802;
 -0.18857056, 0.68757582, 0.70119947, 0.092642233;
 0, 0, 0, 1]
Twc:
[0.95808399, 0.21567617, -0.18857056, 0.018680675;
 -0.028006004, 0.72557235, 0.68757582, -0.066365108;
 0.2851153, -0.65347427, 0.70119947, -0.062020242;
 0, 0, 0, 1]
Ow:
[-0.0020733587;
 0.0035950802;
 0.092642233]
