Keyframe: 0 Frame: 0 Frame from vFrameID : 273
Tcw:
[0.9699136, -0.050167277, 0.23822431, -0.039108485;
 0.20354663, 0.70392072, -0.68048829, 0.0026227534;
 -0.13355279, 0.70850462, 0.69295371, 0.92705691;
 0, 0, 0, 1]
Twc:
[0.9699136, 0.20354663, -0.13355279, 0.16120905;
 -0.050167277, 0.70392072, 0.70850462, -0.66063231;
 0.23822431, -0.68048829, 0.69295371, -0.63130623;
 0, 0, 0, 1]
Ow:
[-0.039108485;
 0.0026227534;
 0.92705691]
Keyframe: 1 Frame: 393 Frame from vFrameID : 273
Tcw:
[0.96936399, -0.041487794, 0.24209964, -0.0064985179;
 0.19892147, 0.71080983, -0.67467004, -0.0025407271;
 -0.14409624, 0.70215964, 0.69728625, 0.014043039;
 0, 0, 0, 1]
Twc:
[0.96936399, 0.19892147, -0.14409624, 0.0088283829;
 -0.041487794, 0.71080983, 0.70215964, -0.0083240904;
 0.24209964, -0.67467004, 0.69728625, -0.0099328812;
 0, 0, 0, 1]
Ow:
[-0.0064985179;
 -0.0025407271;
 0.014043039]
