Keyframe: 0 Frame: 0 Frame from vFrameID : 77
Tcw:
[0.95554715, -0.043364014, 0.29163194, -0.034544051;
 0.23581916, 0.70611209, -0.66767883, 0.052262545;
 -0.17697158, 0.70677102, 0.68494946, 1.9734181;
 0, 0, 0, 1]
Twc:
[0.95554715, 0.23581916, -0.17697158, 0.36992291;
 -0.043364014, 0.70611209, 0.70677102, -1.433156;
 0.29163194, -0.66767883, 0.68494946, -1.306723;
 0, 0, 0, 1]
Ow:
[-0.034544051;
 0.052262545;
 1.9734181]
Keyframe: 1 Frame: 325 Frame from vFrameID : 77
Tcw:
[0.95961249, -0.054268252, 0.2760413, -0.0059876489;
 0.23154701, 0.70964694, -0.66542256, 0.014407407;
 -0.15978053, 0.70246434, 0.69355172, 0.0019221064;
 0, 0, 0, 1]
Twc:
[0.95961249, 0.23154701, -0.15978053, 0.0027169457;
 -0.054268252, 0.70964694, 0.70246434, -0.011899324;
 0.2760413, -0.66542256, 0.69355172, 0.0099067725;
 0, 0, 0, 1]
Ow:
[-0.0059876489;
 0.014407407;
 0.0019221064]
