Keyframe: 0 Frame: 0 Frame from vFrameID : 77
Tcw:
[0.92740905, 0.008479232, 0.37395257, -0.058403313;
 0.26250818, 0.69743466, -0.66683906, 0.084914923;
 -0.26646176, 0.71659821, 0.64458138, 2.3359056;
 0, 0, 0, 1]
Twc:
[0.92740905, 0.26250818, -0.26646176, 0.65430248;
 0.008479232, 0.69743466, 0.71659821, -1.7326332;
 0.37395257, -0.66683906, 0.64458138, -1.4272166;
 0, 0, 0, 1]
Ow:
[-0.058403313;
 0.084914923;
 2.3359056]
Keyframe: 1 Frame: 378 Frame from vFrameID : 77
Tcw:
[0.92549968, -0.0005876614, 0.37874797, 0.002306818;
 0.2719548, 0.6970368, -0.66346085, 0.003529802;
 -0.26361138, 0.71703511, 0.64526713, 0.052530874;
 0, 0, 0, 1]
Twc:
[0.92549968, 0.2719548, -0.26361138, 0.010752831;
 -0.0005876614, 0.6970368, 0.71703511, -0.040125526;
 0.37874797, -0.66346085, 0.64526713, -0.032428265;
 0, 0, 0, 1]
Ow:
[0.002306818;
 0.003529802;
 0.052530874]
