Keyframe: 0 Frame: 0 Frame from vFrameID : 273
Tcw:
[0.95699102, -0.033103868, 0.28822273, -0.051480383;
 0.2316667, 0.68522459, -0.69050545, 0.01040706;
 -0.1746389, 0.72757912, 0.66342282, 0.98866659;
 0, 0, 0, 1]
Twc:
[0.95699102, 0.2316667, -0.1746389, 0.21951497;
 -0.033103868, 0.68522459, 0.72757912, -0.72816855;
 0.28822273, -0.69050545, 0.66342282, -0.63388008;
 0, 0, 0, 1]
Ow:
[-0.051480383;
 0.01040706;
 0.98866659]
Keyframe: 1 Frame: 403 Frame from vFrameID : 273
Tcw:
[0.95317161, -0.021499047, 0.30166486, -0.0032434019;
 0.23330571, 0.68696737, -0.68821818, 0.0034410097;
 -0.19243789, 0.72637016, 0.65981364, 0.0236337;
 0, 0, 0, 1]
Twc:
[0.95317161, 0.23330571, -0.19243789, 0.006836731;
 -0.021499047, 0.68696737, 0.72637016, -0.019600406;
 0.30166486, -0.68821818, 0.65981364, -0.012247252;
 0, 0, 0, 1]
Ow:
[-0.0032434019;
 0.0034410097;
 0.0236337]
