Keyframe: 0 Frame: 0 Frame from vFrameID : 273
Tcw:
[0.94344532, -0.013689205, 0.33124533, 0.0298614;
 0.2436738, 0.70611942, -0.66484469, -0.063875869;
 -0.22479756, 0.70796043, 0.6695208, 0.11872695;
 0, 0, 0, 1]
Twc:
[0.94344532, 0.2436738, -0.22479756, 0.014081806;
 -0.013689205, 0.70611942, 0.70796043, -0.038541209;
 0.33124533, -0.66484469, 0.6695208, -0.13184914;
 0, 0, 0, 1]
Ow:
[0.0298614;
 -0.063875869;
 0.11872695]
Keyframe: 1 Frame: 276 Frame from vFrameID : 273
Tcw:
[0.94347256, -0.013974982, 0.33115596, -nan;
 0.24376822, 0.70622361, -0.66469938, -nan;
 -0.224581, 0.70785087, 0.66970927, inf;
 0, 0, 0, 1]
Twc:
[0.94347256, 0.24376822, -0.224581, inf;
 -0.013974982, 0.70622361, 0.70785087, -inf;
 0.33115596, -0.66469938, 0.66970927, -inf;
 0, 0, 0, 1]
Ow:
[-nan;
 -nan;
 inf]
