Keyframe: 0 Frame: 0 Frame from vFrameID : 77
Tcw:
[0.93138665, 0.020753369, 0.36343944, -0.043814272;
 0.24685299, 0.69775981, -0.67245436, 0.066623569;
 -0.26754913, 0.71603113, 0.64476109, 2.1375203;
 0, 0, 0, 1]
Twc:
[0.93138665, 0.24685299, -0.26754913, 0.59625351;
 0.020753369, 0.69775981, 0.71603113, -1.5761091;
 0.36343944, -0.67245436, 0.64476109, -1.3174648;
 0, 0, 0, 1]
Ow:
[-0.043814272;
 0.066623569;
 2.1375203]
Keyframe: 1 Frame: 349 Frame from vFrameID : 77
Tcw:
[0.99678034, -0.054913972, 0.058424357, 0.021088276;
 0.050165124, 0.99554318, 0.079857476, -0.33799684;
 -0.062549263, -0.076669499, 0.99509263, 0.19237292;
 0, 0, 0, 1]
Twc:
[0.99678034, 0.050165124, -0.062549263, 0.0079680616;
 -0.054913972, 0.99554318, -0.076669499, 0.35239765;
 0.058424357, 0.079857476, 0.99509263, -0.16566938;
 0, 0, 0, 1]
Ow:
[0.021088276;
 -0.33799684;
 0.19237292]
