Keyframe: 0 Frame: 0 Frame from vFrameID : 99
Tcw:
[0.93586713, 0.060155593, 0.34718001, -0.036318064;
 0.21214764, 0.69050807, -0.69151425, 0.10349643;
 -0.28132907, 0.72081888, 0.63346195, 4.6298208;
 0, 0, 0, 1]
Twc:
[0.93586713, 0.21214764, -0.28132907, 1.3145355;
 0.060155593, 0.69050807, 0.72081888, -3.4065428;
 0.34718001, -0.69151425, 0.63346195, -2.8486373;
 0, 0, 0, 1]
Ow:
[-0.036318064;
 0.10349643;
 4.6298208]
Keyframe: 1 Frame: 517 Frame from vFrameID : 99
Tcw:
[0.94886756, 0.04143307, 0.31294361, 0.003796903;
 0.20131524, 0.68417245, -0.70098519, 0.011512728;
 -0.24315137, 0.72814244, 0.64084786, 0.043161303;
 0, 0, 0, 1]
Twc:
[0.94886756, 0.20131524, -0.24315137, 0.0045742835;
 0.04143307, 0.68417245, 0.72814244, -0.039461583;
 0.31294361, -0.70098519, 0.64084786, -0.020777794;
 0, 0, 0, 1]
Ow:
[0.003796903;
 0.011512728;
 0.043161303]
