Keyframe: 0 Frame: 0 Frame from vFrameID : 77
Tcw:
[0.94981778, -0.027247574, 0.31161469, -0.030374914;
 0.23957381, 0.70389247, -0.66868514, 0.049676359;
 -0.20112318, 0.70978379, 0.67509741, 1.9016789;
 0, 0, 0, 1]
Twc:
[0.94981778, 0.23957381, -0.20112318, 0.39942122;
 -0.027247574, 0.70389247, 0.70978379, -1.3855752;
 0.31161469, -0.66868514, 0.67509741, -1.2411354;
 0, 0, 0, 1]
Ow:
[-0.030374914;
 0.049676359;
 1.9016789]
Keyframe: 1 Frame: 316 Frame from vFrameID : 77
Tcw:
[0.96130413, -0.038264554, 0.27281889, 0.0067946506;
 0.22283183, 0.6903041, -0.68835038, 0.010680613;
 -0.16198857, 0.72250682, 0.67211878, 0.037411984;
 0, 0, 0, 1]
Twc:
[0.96130413, 0.22283183, -0.16198857, -0.0028513919;
 -0.038264554, 0.6903041, 0.72250682, -0.034143288;
 0.27281889, -0.68835038, 0.67211878, -0.019647002;
 0, 0, 0, 1]
Ow:
[0.0067946506;
 0.010680613;
 0.037411984]
