Keyframe: 0 Frame: 0 Frame from vFrameID : 273
Tcw:
[0.95061195, 0.0075044604, 0.31029117, -0.0071896389;
 0.21626373, 0.70107383, -0.67950386, -0.033062249;
 -0.22263633, 0.71304923, 0.66482621, 0.5485642;
 0, 0, 0, 1]
Twc:
[0.95061195, 0.21626373, -0.22263633, 0.13611503;
 0.0075044604, 0.70107383, 0.71304923, -0.36792022;
 0.31029117, -0.67950386, 0.66482621, -0.3849349;
 0, 0, 0, 1]
Ow:
[-0.0071896389;
 -0.033062249;
 0.5485642]
Keyframe: 1 Frame: 343 Frame from vFrameID : 273
Tcw:
[0.94858634, 0.011866568, 0.31629601, 0.0019332228;
 0.21465798, 0.71025646, -0.67041606, -0.00043317489;
 -0.23260681, 0.703843, 0.67119229, 0.013621131;
 0, 0, 0, 1]
Twc:
[0.94858634, 0.21465798, -0.23260681, 0.0014275237;
 0.011866568, 0.71025646, 0.703843, -0.0093024131;
 0.31629601, -0.67041606, 0.67119229, -0.010044277;
 0, 0, 0, 1]
Ow:
[0.0019332228;
 -0.00043317489;
 0.013621131]
