Keyframe: 0 Frame: 0 Frame from vFrameID : 77
Tcw:
[0.95279211, -0.031203583, 0.30201584, -0.053668231;
 0.23809063, 0.6940524, -0.67941451, 0.090986013;
 -0.18841466, 0.71924794, 0.66871691, 2.449975;
 0, 0, 0, 1]
Twc:
[0.95279211, 0.23809063, -0.18841466, 0.49108288;
 -0.031203583, 0.6940524, 0.71924794, -1.8269631;
 0.30201584, -0.67941451, 0.66871691, -1.5603138;
 0, 0, 0, 1]
Ow:
[-0.053668231;
 0.090986013;
 2.449975]
Keyframe: 1 Frame: 391 Frame from vFrameID : 77
Tcw:
[0.95440102, -0.030748282, 0.29693988, -0.0041373335;
 0.23251706, 0.70040411, -0.67481101, 0.0016559549;
 -0.18722863, 0.71308386, 0.67561591, 0.060965285;
 0, 0, 0, 1]
Twc:
[0.95440102, 0.23251706, -0.18722863, 0.014978084;
 -0.030748282, 0.70040411, 0.71308386, -0.044760413;
 0.29693988, -0.67481101, 0.67561591, -0.038843118;
 0, 0, 0, 1]
Ow:
[-0.0041373335;
 0.0016559549;
 0.060965285]
