Keyframe: 0 Frame: 0 Frame from vFrameID : 99
Tcw:
[0.95247513, 0.030196585, 0.30311602, -0.028087676;
 0.20600429, 0.66916847, -0.71398586, 0.11017799;
 -0.22439562, 0.74249697, 0.63114566, 5.0452642;
 0, 0, 0, 1]
Twc:
[0.95247513, 0.20600429, -0.22439562, 1.1361908;
 0.030196585, 0.66916847, 0.74249697, -3.8189726;
 0.30311602, -0.71398586, 0.63114566, -3.0971174;
 0, 0, 0, 1]
Ow:
[-0.028087676;
 0.11017799;
 5.0452642]
Keyframe: 1 Frame: 560 Frame from vFrameID : 99
Tcw:
[0.95030582, 0.044831548, 0.30807295, -0.0039624823;
 0.19497654, 0.68575311, -0.70123231, 0.0053023547;
 -0.24269933, 0.72645217, 0.64293408, 0.085003458;
 0, 0, 0, 1]
Twc:
[0.95030582, 0.19497654, -0.24269933, 0.023362018;
 0.044831548, 0.68575311, 0.72645217, -0.065209411;
 0.30807295, -0.70123231, 0.64293408, -0.049712706;
 0, 0, 0, 1]
Ow:
[-0.0039624823;
 0.0053023547;
 0.085003458]
