Keyframe: 0 Frame: 0 Frame from vFrameID : 99
Tcw:
[0.92518646, 0.059514333, 0.37481734, -0.042584777;
 0.23646404, 0.6820879, -0.69198328, 0.11068821;
 -0.29684129, 0.7288444, 0.6169855, 4.9305806;
 0, 0, 0, 1]
Twc:
[0.92518646, 0.23646404, -0.29684129, 1.4768251;
 0.059514333, 0.6820879, 0.7288444, -3.6665907;
 0.37481734, -0.69198328, 0.6169855, -2.9495411;
 0, 0, 0, 1]
Ow:
[-0.042584777;
 0.11068821;
 4.9305806]
Keyframe: 1 Frame: 549 Frame from vFrameID : 99
Tcw:
[0.93850917, 0.041415144, 0.34276137, -0.002141105;
 0.2265096, 0.67539471, -0.70180869, -0.0085280053;
 -0.26056471, 0.7362926, 0.62448317, 0.1050386;
 0, 0, 0, 1]
Twc:
[0.93850917, 0.2265096, -0.26056471, 0.031310473;
 0.041415144, 0.67539471, 0.7362926, -0.071490698;
 0.34276137, -0.70180869, 0.62448317, -0.070845976;
 0, 0, 0, 1]
Ow:
[-0.002141105;
 -0.0085280053;
 0.1050386]
