Keyframe: 0 Frame: 0 Frame from vFrameID : 77
Tcw:
[0.94076979, -0.021539958, 0.33836111, -0.062324047;
 0.25869969, 0.69067079, -0.67531353, 0.097450256;
 -0.2191499, 0.72284847, 0.65533459, 2.5187893;
 0, 0, 0, 1]
Twc:
[0.94076979, 0.25869969, -0.2191499, 0.58541465;
 -0.021539958, 0.69067079, 0.72284847, -1.8893514;
 0.33836111, -0.67531353, 0.65533459, -1.5637522;
 0, 0, 0, 1]
Ow:
[-0.062324047;
 0.097450256;
 2.5187893]
Keyframe: 1 Frame: 403 Frame from vFrameID : 77
Tcw:
[0.92275113, -0.0082117617, 0.38530883, -0.052713141;
 0.27837676, 0.70561099, -0.65162838, -0.045272008;
 -0.26652712, 0.70855182, 0.65338928, 0.052022211;
 0, 0, 0, 1]
Twc:
[0.92275113, 0.27837676, -0.26652712, 0.075109117;
 -0.0082117617, 0.70561099, 0.70855182, -0.0053488784;
 0.38530883, -0.65162838, 0.65338928, -0.04318044;
 0, 0, 0, 1]
Ow:
[-0.052713141;
 -0.045272008;
 0.052022211]
