Keyframe: 0 Frame: 0 Frame from vFrameID : 77
Tcw:
[0.94289315, -0.011826339, 0.33288538, -0.069031775;
 0.25583324, 0.66570032, -0.7009939, 0.10740697;
 -0.21331172, 0.74612546, 0.63070983, 2.6513875;
 0, 0, 0, 1]
Twc:
[0.94289315, 0.25583324, -0.21331172, 0.60318333;
 -0.011826339, 0.66570032, 0.74612546, -2.050585;
 0.33288538, -0.7009939, 0.63070983, -1.573985;
 0, 0, 0, 1]
Ow:
[-0.069031775;
 0.10740697;
 2.6513875]
Keyframe: 1 Frame: 421 Frame from vFrameID : 77
Tcw:
[0.94516587, -0.039424624, 0.3242023, -0.01272231;
 0.26795763, 0.66112226, -0.70079672, -0.0023533702;
 -0.18670872, 0.74924165, 0.63543433, 0.1910556;
 0, 0, 0, 1]
Twc:
[0.94516587, 0.26795763, -0.18670872, 0.04832704;
 -0.039424624, 0.66112226, 0.74924165, -0.14209253;
 0.3242023, -0.70079672, 0.63543433, -0.11892793;
 0, 0, 0, 1]
Ow:
[-0.01272231;
 -0.0023533702;
 0.1910556]
