Keyframe: 0 Frame: 0 Frame from vFrameID : 99
Tcw:
[0.94577402, 0.035988901, 0.32282543, -0.025284767;
 0.20947038, 0.69201213, -0.69082654, 0.10254633;
 -0.24826123, 0.72098821, 0.64694852, 4.4482894;
 0, 0, 0, 1]
Twc:
[0.94577402, 0.20947038, -0.24826123, 1.106771;
 0.035988901, 0.69201213, 0.72098821, -3.2772174;
 0.32282543, -0.69082654, 0.64694852, -2.7988098;
 0, 0, 0, 1]
Ow:
[-0.025284767;
 0.10254633;
 4.4482894]
Keyframe: 1 Frame: 498 Frame from vFrameID : 99
Tcw:
[0.94348347, 0.022869209, 0.33062953, 0.0022475012;
 0.22486405, 0.68868852, -0.68930709, -0.019038294;
 -0.24346466, 0.72469658, 0.64462382, 0.070638403;
 0, 0, 0, 1]
Twc:
[0.94348347, 0.22486405, -0.24346466, 0.019358503;
 0.022869209, 0.68868852, 0.72469658, -0.038131349;
 0.33062953, -0.68930709, 0.64462382, -0.059401512;
 0, 0, 0, 1]
Ow:
[0.0022475012;
 -0.019038294;
 0.070638403]
