Keyframe: 0 Frame: 0 Frame from vFrameID : 77
Tcw:
[0.9585743, -0.026322931, 0.2836237, -0.033105642;
 0.21855289, 0.706541, -0.6730783, 0.054518819;
 -0.18267436, 0.70718235, 0.683025, 2.007164;
 0, 0, 0, 1]
Twc:
[0.9585743, 0.21855289, -0.18267436, 0.3864764;
 -0.026322931, 0.706541, 0.70718235, -1.4588221;
 0.2836237, -0.6730783, 0.683025, -1.3248582;
 0, 0, 0, 1]
Ow:
[-0.033105642;
 0.054518819;
 2.007164]
Keyframe: 1 Frame: 330 Frame from vFrameID : 77
Tcw:
[0.95969361, -0.006156656, 0.28098097, 0.0017017247;
 0.20201518, 0.71017021, -0.67442429, -0.006270932;
 -0.19539212, 0.7040031, 0.68278956, 0.043838792;
 0, 0, 0, 1]
Twc:
[0.95969361, 0.20201518, -0.19539212, 0.0081994431;
 -0.006156656, 0.71017021, 0.7040031, -0.026398737;
 0.28098097, -0.67442429, 0.68278956, -0.034640089;
 0, 0, 0, 1]
Ow:
[0.0017017247;
 -0.006270932;
 0.043838792]
