Keyframe: 0 Frame: 0 Frame from vFrameID : 273
Tcw:
[0.95170152, -0.040158466, 0.30438718, -0.035475552;
 0.24533397, 0.69554353, -0.67530024, 0.0012511909;
 -0.18459553, 0.71736079, 0.67180204, 0.83754361;
 0, 0, 0, 1]
Twc:
[0.95170152, 0.24533397, -0.18459553, 0.18806197;
 -0.040158466, 0.69554353, 0.71736079, -0.6031158;
 0.30438718, -0.67530024, 0.67180204, -0.55102026;
 0, 0, 0, 1]
Ow:
[-0.035475552;
 0.0012511909;
 0.83754361]
Keyframe: 1 Frame: 383 Frame from vFrameID : 273
Tcw:
[0.98155111, 0.17544925, -0.07599353, 0.42894435;
 -0.16895989, 0.98196954, 0.084784329, -0.7423352;
 0.089498676, -0.070380293, 0.99349713, -0.37181965;
 0, 0, 0, 1]
Twc:
[0.98155111, -0.16895989, 0.089498676, -0.51317829;
 0.17544925, 0.98196954, -0.070380293, 0.62752384;
 -0.07599353, 0.084784329, 0.99349713, 0.46493715;
 0, 0, 0, 1]
Ow:
[0.42894435;
 -0.7423352;
 -0.37181965]
