Keyframe: 0 Frame: 0 Frame from vFrameID : 99
Tcw:
[0.95450962, 0.029362418, 0.296731, -0.034382284;
 0.19147436, 0.70250243, -0.68543994, 0.10775328;
 -0.22858042, 0.71107537, 0.66492313, 4.7588968;
 0, 0, 0, 1]
Twc:
[0.95450962, 0.19147436, -0.22858042, 1.0999769;
 0.029362418, 0.70250243, 0.71107537, -3.458622;
 0.296731, -0.68543994, 0.66492313, -3.0802402;
 0, 0, 0, 1]
Ow:
[-0.034382284;
 0.10775328;
 4.7588968]
Keyframe: 1 Frame: 531 Frame from vFrameID : 99
Tcw:
[0.95380604, 0.026468497, 0.2992548, 0.0035426691;
 0.19664384, 0.69806814, -0.68849987, -0.003012009;
 -0.22712381, 0.71554196, 0.66061676, 0.17692347;
 0, 0, 0, 1]
Twc:
[0.95380604, 0.19664384, -0.22712381, 0.037396803;
 0.026468497, 0.69806814, 0.71554196, -0.12458734;
 0.2992548, -0.68849987, 0.66061676, -0.12001254;
 0, 0, 0, 1]
Ow:
[0.0035426691;
 -0.003012009;
 0.17692347]
