Keyframe: 0 Frame: 0 Frame from vFrameID : 77
Tcw:
[0.93409216, 0.028119376, 0.35592297, -0.094156325;
 0.22881237, 0.71811426, -0.65723425, 0.13057888;
 -0.27407438, 0.69535691, 0.66435081, 3.0237131;
 0, 0, 0, 1]
Twc:
[0.93409216, 0.22881237, -0.27407438, 0.88679481;
 0.028119376, 0.71811426, 0.69535691, -2.1936827;
 0.35592297, -0.65723425, 0.66435081, -1.8894728;
 0, 0, 0, 1]
Ow:
[-0.094156325;
 0.13057888;
 3.0237131]
Keyframe: 1 Frame: 476 Frame from vFrameID : 77
Tcw:
[0.92453426, 0.081286564, 0.37232894, -0.1806159;
 0.21259905, 0.70082885, -0.6809116, 0.62061226;
 -0.31628782, 0.70868289, 0.63065886, 3.2756288;
 0, 0, 0, 1]
Twc:
[0.92453426, 0.21259905, -0.31628782, 1.0710856;
 0.081286564, 0.70082885, 0.70868289, -2.7416434;
 0.37232894, -0.6809116, 0.63065886, -1.5759737;
 0, 0, 0, 1]
Ow:
[-0.1806159;
 0.62061226;
 3.2756288]
Keyframe: 2 Frame: 478 Frame from vFrameID : 479
Tcw:
[0.91783839, 0.086349115, 0.38744873, -0.18606067;
 0.22069415, 0.70029622, -0.67888087, 0.59385383;
 -0.32994965, 0.70861059, 0.62370205, 3.3030438;
 0, 0, 0, 1]
Twc:
[0.91783839, 0.22069415, -0.32994965, 1.1295516;
 0.086349115, 0.70029622, 0.70861059, -2.7403793;
 0.38744873, -0.67888087, 0.62370205, -1.5848701;
 0, 0, 0, 1]
Ow:
[-0.18606067;
 0.59385383;
 3.3030438]
Keyframe: 3 Frame: 481 Frame from vFrameID : 482
Tcw:
[0.91783857, 0.074331053, 0.38993236, -0.16489369;
 0.2293372, 0.70248544, -0.67373484, 0.4790622;
 -0.32400125, 0.70780581, 0.62772137, 3.4263427;
 0, 0, 0, 1]
Twc:
[0.91783857, 0.2293372, -0.32400125, 1.1516182;
 0.074331053, 0.70248544, 0.70780581, -2.7494628;
 0.38993236, -0.67373484, 0.62772137, -1.7637303;
 0, 0, 0, 1]
Ow:
[-0.16489369;
 0.4790622;
 3.4263427]
Keyframe: 4 Frame: 484 Frame from vFrameID : 485
Tcw:
[0.9260335, 0.063787557, 0.37201229, -0.059519827;
 0.22374491, 0.70099819, -0.67715567, 0.390046;
 -0.30397403, 0.71030468, 0.6348756, 3.5154078;
 0, 0, 0, 1]
Twc:
[0.9260335, 0.22374491, -0.30397403, 1.0364392;
 0.063787557, 0.70099819, 0.71030468, -2.7666354;
 0.37201229, -0.67715567, 0.6348756, -1.9455827;
 0, 0, 0, 1]
Ow:
[-0.059519827;
 0.390046;
 3.5154078]
Keyframe: 5 Frame: 487 Frame from vFrameID : 488
Tcw:
[0.93785846, 0.073689058, 0.33910379, 0.018108904;
 0.19945656, 0.68518215, -0.70053017, 0.34269512;
 -0.28396928, 0.72463465, 0.62790608, 3.6372938;
 0, 0, 0, 1]
Twc:
[0.93785846, 0.19945656, -0.28396928, 0.94754332;
 0.073689058, 0.68518215, 0.72463465, -2.8718519;
 0.33910379, -0.70053017, 0.62790608, -2.0499516;
 0, 0, 0, 1]
Ow:
[0.018108904;
 0.34269512;
 3.6372938]
Keyframe: 6 Frame: 490 Frame from vFrameID : 491
Tcw:
[0.93710244, 0.04504637, 0.34613556, 0.028825581;
 0.21567623, 0.70496738, -0.67565137, 0.30913615;
 -0.27444991, 0.70780778, 0.65091121, 3.6764855;
 0, 0, 0, 1]
Twc:
[0.93710244, 0.21567623, -0.27444991, 0.91532528;
 0.04504637, 0.70496738, 0.70780778, -2.8214743;
 0.34613556, -0.67565137, 0.65091121, -2.194175;
 0, 0, 0, 1]
Ow:
[0.028825581;
 0.30913615;
 3.6764855]
Keyframe: 7 Frame: 493 Frame from vFrameID : 494
Tcw:
[0.94547123, 0.026703501, 0.32460916, 0.3217777;
 0.21002829, 0.71175838, -0.67028958, 0.043241739;
 -0.24894238, 0.70191664, 0.66733855, 3.8289557;
 0, 0, 0, 1]
Twc:
[0.94547123, 0.21002829, -0.24894238, 0.63987565;
 0.026703501, 0.71175838, 0.70191664, -2.7269778;
 0.32460916, -0.67028958, 0.66733855, -2.6306772;
 0, 0, 0, 1]
Ow:
[0.3217777;
 0.043241739;
 3.8289557]
Keyframe: 8 Frame: 496 Frame from vFrameID : 497
Tcw:
[0.94187456, 0.019526659, 0.33539677, 0.28539097;
 0.22170867, 0.71394306, -0.66417658, -0.061396837;
 -0.25242335, 0.69993144, 0.66811562, 3.8794165;
 0, 0, 0, 1]
Twc:
[0.94187456, 0.22170867, -0.25242335, 0.72406501;
 0.019526659, 0.71394306, 0.69993144, -2.6770644;
 0.33539677, -0.66417658, 0.66811562, -2.7283962;
 0, 0, 0, 1]
Ow:
[0.28539097;
 -0.061396837;
 3.8794165]
Keyframe: 9 Frame: 500 Frame from vFrameID : 501
Tcw:
[0.93715334, 0.017236579, 0.34849176, 0.29457963;
 0.23599474, 0.7043575, -0.66946769, -0.079047084;
 -0.25700212, 0.70963615, 0.65602326, 3.9064417;
 0, 0, 0, 1]
Twc:
[0.93715334, 0.23599474, -0.25700212, 0.74655223;
 0.017236579, 0.7043575, 0.70963615, -2.7215521;
 0.34849176, -0.66946769, 0.65602326, -2.7182946;
 0, 0, 0, 1]
Ow:
[0.29457963;
 -0.079047084;
 3.9064417]
Keyframe: 10 Frame: 504 Frame from vFrameID : 505
Tcw:
[0.93381441, 0.029995946, 0.35649806, 0.4300518;
 0.23319435, 0.70466733, -0.67012262, -0.17682815;
 -0.27131352, 0.70890349, 0.65103364, 4.0087762;
 0, 0, 0, 1]
Twc:
[0.93381441, 0.23319435, -0.27131352, 0.72728187;
 0.029995946, 0.70466733, 0.70890349, -2.7301302;
 0.35649806, -0.67012262, 0.65103364, -2.8816574;
 0, 0, 0, 1]
Ow:
[0.4300518;
 -0.17682815;
 4.0087762]
Keyframe: 11 Frame: 509 Frame from vFrameID : 510
Tcw:
[0.92178035, 0.04676947, 0.38488126, 0.41417432;
 0.2336805, 0.72511059, -0.6477716, -0.23597908;
 -0.3093774, 0.68704236, 0.65746361, 4.0634737;
 0, 0, 0, 1]
Twc:
[0.92178035, 0.2336805, -0.3093774, 0.93051296;
 0.04676947, 0.72511059, 0.68704236, -2.6400385;
 0.38488126, -0.6477716, 0.65746361, -2.9838545;
 0, 0, 0, 1]
Ow:
[0.41417432;
 -0.23597908;
 4.0634737]
Keyframe: 12 Frame: 514 Frame from vFrameID : 515
Tcw:
[0.92693782, 0.033811156, 0.37368843, 0.55724698;
 0.23190683, 0.73130411, -0.64141524, -0.33433104;
 -0.29496688, 0.68121296, 0.67003238, 3.9908285;
 0, 0, 0, 1]
Twc:
[0.92693782, 0.23190683, -0.29496688, 0.73816264;
 0.033811156, 0.73130411, 0.68121296, -2.4929476;
 0.37368843, -0.64141524, 0.67003238, -3.0966663;
 0, 0, 0, 1]
Ow:
[0.55724698;
 -0.33433104;
 3.9908285]
Keyframe: 13 Frame: 519 Frame from vFrameID : 520
Tcw:
[0.9416216, 0.0013512123, 0.33667034, 0.78480506;
 0.23611577, 0.71018982, -0.66323435, -0.58345711;
 -0.23999602, 0.70400894, 0.66841102, 4.2246361;
 0, 0, 0, 1]
Twc:
[0.9416216, 0.23611577, -0.23999602, 0.41266993;
 0.0013512123, 0.71018982, 0.70400894, -2.5608771;
 0.33667034, -0.66323435, 0.66841102, -3.4749827;
 0, 0, 0, 1]
Ow:
[0.78480506;
 -0.58345711;
 4.2246361]
Keyframe: 14 Frame: 525 Frame from vFrameID : 526
Tcw:
[0.94728148, -0.0053415224, 0.3203581, 0.70102012;
 0.22345303, 0.72758347, -0.64860702, -0.42228341;
 -0.22962271, 0.68599838, 0.69041991, 4.0678153;
 0, 0, 0, 1]
Twc:
[0.94728148, 0.22345303, -0.22962271, 0.36435989;
 -0.0053415224, 0.72758347, 0.68599838, -2.4795237;
 0.3203581, -0.64860702, 0.69041991, -3.3069739;
 0, 0, 0, 1]
Ow:
[0.70102012;
 -0.42228341;
 4.0678153]
Keyframe: 15 Frame: 531 Frame from vFrameID : 532
Tcw:
[0.94863874, -0.0079931775, 0.31626049, 0.73935807;
 0.21790268, 0.74125016, -0.6348753, -0.58555305;
 -0.22935344, 0.67118132, 0.70492029, 4.2010183;
 0, 0, 0, 1]
Twc:
[0.94863874, 0.21790268, -0.22935344, 0.38972789;
 -0.0079931775, 0.74125016, 0.67118132, -2.3796937;
 0.31626049, -0.6348753, 0.70492029, -3.5669661;
 0, 0, 0, 1]
Ow:
[0.73935807;
 -0.58555305;
 4.2010183]
Keyframe: 16 Frame: 537 Frame from vFrameID : 538
Tcw:
[0.93809646, 0.024598906, 0.34549958, 0.78422719;
 0.22139065, 0.72454423, -0.65270346, -0.59787321;
 -0.26638553, 0.68878919, 0.67424643, 4.2184124;
 0, 0, 0, 1]
Twc:
[0.93809646, 0.22139065, -0.26638553, 0.52040672;
 0.024598906, 0.72454423, 0.68878919, -2.4917021;
 0.34549958, -0.65270346, 0.67424643, -3.5054333;
 0, 0, 0, 1]
Ow:
[0.78422719;
 -0.59787321;
 4.2184124]
Keyframe: 17 Frame: 543 Frame from vFrameID : 544
Tcw:
[0.91572922, 0.037450336, 0.4000468, 0.70077544;
 0.24697588, 0.73287833, -0.63394976, -0.60407948;
 -0.31692725, 0.6793282, 0.66186875, 4.2587452;
 0, 0, 0, 1]
Twc:
[0.91572922, 0.24697588, -0.31692725, 0.85718495;
 0.037450336, 0.73287833, 0.6793282, -2.4766135;
 0.4000468, -0.63394976, 0.66186875, -3.4820294;
 0, 0, 0, 1]
Ow:
[0.70077544;
 -0.60407948;
 4.2587452]
Keyframe: 18 Frame: 550 Frame from vFrameID : 551
Tcw:
[0.93340939, 0.0051103118, 0.35877681, 0.82379556;
 0.24850516, 0.7120654, -0.65666431, -0.70861709;
 -0.25882831, 0.70209455, 0.6633786, 4.3789167;
 0, 0, 0, 1]
Twc:
[0.93340939, 0.24850516, -0.25882831, 0.54054409;
 0.0051103118, 0.7120654, 0.70209455, -2.5740414;
 0.35877681, -0.65666431, 0.6633786, -3.6657617;
 0, 0, 0, 1]
Ow:
[0.82379556;
 -0.70861709;
 4.3789167]
Keyframe: 19 Frame: 558 Frame from vFrameID : 559
Tcw:
[0.94739205, -0.0037647155, 0.32005343, 0.8933264;
 0.22280817, 0.72564125, -0.6510002, -0.76676834;
 -0.22979313, 0.68806291, 0.68830556, 4.4624491;
 0, 0, 0, 1]
Twc:
[0.94739205, 0.22280817, -0.22979313, 0.34995228;
 -0.0037647155, 0.72564125, 0.68806291, -2.510684;
 0.32005343, -0.6510002, 0.68830556, -3.8566072;
 0, 0, 0, 1]
Ow:
[0.8933264;
 -0.76676834;
 4.4624491]
Keyframe: 20 Frame: 566 Frame from vFrameID : 567
Tcw:
[0.93328798, 0.0057658036, 0.35908261, 0.86060345;
 0.2429475, 0.72621942, -0.6431033, -0.64867699;
 -0.26448077, 0.68743885, 0.67637104, 4.4222946;
 0, 0, 0, 1]
Twc:
[0.93328798, 0.2429475, -0.26448077, 0.52401549;
 0.0057658036, 0.72621942, 0.68743885, -2.5739372;
 0.35908261, -0.6431033, 0.67637104, -3.7173061;
 0, 0, 0, 1]
Ow:
[0.86060345;
 -0.64867699;
 4.4222946]
Keyframe: 21 Frame: 574 Frame from vFrameID : 575
Tcw:
[0.90900558, 0.022753926, 0.41616237, 0.85503864;
 0.26497102, 0.73919261, -0.61918062, -0.73391438;
 -0.32171294, 0.67310959, 0.66590106, 4.6241102;
 0, 0, 0, 1]
Twc:
[0.90900558, 0.26497102, -0.32171294, 0.90486711;
 0.022753926, 0.73919261, 0.67310959, -2.5894845;
 0.41616237, -0.61918062, 0.66590106, -3.8894603;
 0, 0, 0, 1]
Ow:
[0.85503864;
 -0.73391438;
 4.6241102]
Keyframe: 22 Frame: 582 Frame from vFrameID : 583
Tcw:
[0.91616279, -0.034459673, 0.39932227, 0.9489786;
 0.29690591, 0.72761881, -0.61839932, -0.80577695;
 -0.26924458, 0.68511558, 0.67684859, 4.6097574;
 0, 0, 0, 1]
Twc:
[0.91616279, 0.29690591, -0.26924458, 0.61097312;
 -0.034459673, 0.72761881, 0.68511558, -2.5392165;
 0.39932227, -0.61839932, 0.67684859, -3.9973478;
 0, 0, 0, 1]
Ow:
[0.9489786;
 -0.80577695;
 4.6097574]
Keyframe: 23 Frame: 590 Frame from vFrameID : 591
Tcw:
[0.93941075, -0.017153237, 0.34236419, 0.58909088;
 0.24752399, 0.72488749, -0.64286083, -0.35461366;
 -0.23714837, 0.68865371, 0.68521291, 4.0715141;
 0, 0, 0, 1]
Twc:
[0.93941075, 0.24752399, -0.23714837, 0.49993011;
 -0.017153237, 0.72488749, 0.68865371, -2.5367038;
 0.34236419, -0.64286083, 0.68521291, -3.2195051;
 0, 0, 0, 1]
Ow:
[0.58909088;
 -0.35461366;
 4.0715141]
Keyframe: 24 Frame: 598 Frame from vFrameID : 599
Tcw:
[0.92001891, -0.010787523, 0.39172545, 0.67299181;
 0.28103843, 0.71480209, -0.64037126, -0.48794389;
 -0.27309817, 0.69924361, 0.66066313, 4.4307942;
 0, 0, 0, 1]
Twc:
[0.92001891, 0.28103843, -0.27309817, 0.72800744;
 -0.010787523, 0.71480209, 0.69924361, -2.742161;
 0.39172545, -0.64037126, 0.66066313, -3.5033557;
 0, 0, 0, 1]
Ow:
[0.67299181;
 -0.48794389;
 4.4307942]
Keyframe: 25 Frame: 606 Frame from vFrameID : 607
Tcw:
[0.91497922, 0.014656125, 0.40323475, 0.66252959;
 0.27375305, 0.71161926, -0.64703733, -0.43401539;
 -0.29643267, 0.70241243, 0.64710468, 4.4128847;
 0, 0, 0, 1]
Twc:
[0.91497922, 0.27375305, -0.29643267, 0.82073534;
 0.014656125, 0.71161926, 0.70241243, -2.8005211;
 0.40323475, -0.64703733, 0.64710468, -3.4035771;
 0, 0, 0, 1]
Ow:
[0.66252959;
 -0.43401539;
 4.4128847]
Keyframe: 26 Frame: 614 Frame from vFrameID : 615
Tcw:
[0.93165821, -0.024383033, 0.36251682, 0.30871999;
 0.27431124, 0.70147306, -0.6577909, -0.044322252;
 -0.23825686, 0.71227878, 0.66022164, 4.1128707;
 0, 0, 0, 1]
Twc:
[0.93165821, 0.27431124, -0.23825686, 0.70445615;
 -0.024383033, 0.70147306, 0.71227878, -2.890892;
 0.36251682, -0.6577909, 0.66022164, -2.8564773;
 0, 0, 0, 1]
Ow:
[0.30871999;
 -0.044322252;
 4.1128707]
Keyframe: 27 Frame: 621 Frame from vFrameID : 622
Tcw:
[0.93880701, -0.059585206, 0.33925065, 0.3429364;
 0.28665048, 0.68125141, -0.67359334, -0.12747395;
 -0.1909788, 0.72962052, 0.65664375, 4.1954165;
 0, 0, 0, 1]
Twc:
[0.93880701, 0.28665048, -0.1909788, 0.51582497;
 -0.059585206, 0.68125141, 0.72962052, -2.9537864;
 0.33925065, -0.67359334, 0.65664375, -2.9571011;
 0, 0, 0, 1]
Ow:
[0.3429364;
 -0.12747395;
 4.1954165]
Keyframe: 28 Frame: 630 Frame from vFrameID : 631
Tcw:
[0.92544216, -0.057483178, 0.37450293, 0.056818485;
 0.30486929, 0.69986355, -0.64594561, -0.085409999;
 -0.22496995, 0.71195972, 0.6652081, 4.1704645;
 0, 0, 0, 1]
Twc:
[0.92544216, 0.30486929, -0.22496995, 0.91168576;
 -0.057483178, 0.69986355, 0.71195972, -2.9061613;
 0.37450293, -0.64594561, 0.6652081, -2.8506756;
 0, 0, 0, 1]
Ow:
[0.056818485;
 -0.085409999;
 4.1704645]
Keyframe: 29 Frame: 638 Frame from vFrameID : 639
Tcw:
[0.91550815, -0.025546938, 0.4014875, -0.048342764;
 0.30246359, 0.70172781, -0.64505339, 0.16314912;
 -0.26525578, 0.71198702, 0.65016448, 3.9877691;
 0, 0, 0, 1]
Twc:
[0.91550815, 0.30246359, -0.26525578, 1.0526904;
 -0.025546938, 0.70172781, 0.71198702, -2.9549608;
 0.4014875, -0.64505339, 0.65016448, -2.4680569;
 0, 0, 0, 1]
Ow:
[-0.048342764;
 0.16314912;
 3.9877691]
Keyframe: 30 Frame: 646 Frame from vFrameID : 647
Tcw:
[0.92570794, -0.047146149, 0.37528926, 0.020363271;
 0.29716259, 0.70450222, -0.64449281, 0.15985322;
 -0.23400676, 0.70813406, 0.6661734, 4.0345793;
 0, 0, 0, 1]
Twc:
[0.92570794, 0.29716259, -0.23400676, 0.87776607;
 -0.047146149, 0.70450222, 0.70813406, -2.9686799;
 0.37528926, -0.64449281, 0.6661734, -2.5923474;
 0, 0, 0, 1]
Ow:
[0.020363271;
 0.15985322;
 4.0345793]
Keyframe: 31 Frame: 654 Frame from vFrameID : 655
Tcw:
[0.94516683, -0.061097085, 0.32082209, 0.057591677;
 0.27074674, 0.69593716, -0.66510731, 0.14494967;
 -0.18263587, 0.71549886, 0.67431855, 4.0633793;
 0, 0, 0, 1]
Twc:
[0.94516683, 0.27074674, -0.18263587, 0.64844054;
 -0.061097085, 0.69593716, 0.71549886, -3.0047004;
 0.32082209, -0.66510731, 0.67431855, -2.6620815;
 0, 0, 0, 1]
Ow:
[0.057591677;
 0.14494967;
 4.0633793]
Keyframe: 32 Frame: 661 Frame from vFrameID : 662
Tcw:
[0.94391912, -0.07907334, 0.32056832, -0.027662635;
 0.28212154, 0.69756085, -0.6586473, 0.28899932;
 -0.17153446, 0.71214902, 0.68074936, 3.9966574;
 0, 0, 0, 1]
Twc:
[0.94391912, 0.28212154, -0.17153446, 0.63014287;
 -0.07907334, 0.69756085, 0.71214902, -3.0499978;
 0.32056832, -0.6586473, 0.68074936, -2.5215056;
 0, 0, 0, 1]
Ow:
[-0.027662635;
 0.28899932;
 3.9966574]
Keyframe: 33 Frame: 669 Frame from vFrameID : 670
Tcw:
[0.93150711, 0.001084248, 0.36372149, -0.20762831;
 0.26434037, 0.68486756, -0.67902917, 0.34175885;
 -0.24983728, 0.72866678, 0.63767236, 4.1469345;
 0, 0, 0, 1]
Twc:
[0.93150711, 0.26434037, -0.24983728, 1.1391255;
 0.001084248, 0.68486756, 0.72866678, -3.2555678;
 0.36372149, -0.67902917, 0.63767236, -2.3368027;
 0, 0, 0, 1]
Ow:
[-0.20762831;
 0.34175885;
 4.1469345]
Keyframe: 34 Frame: 677 Frame from vFrameID : 678
Tcw:
[0.90893674, -0.039538886, 0.41505501, -0.075364947;
 0.31254864, 0.72348404, -0.61553574, 0.3053757;
 -0.27594808, 0.68920791, 0.66995907, 4.0567636;
 0, 0, 0, 1]
Twc:
[0.90893674, 0.31254864, -0.27594808, 1.0925132;
 -0.039538886, 0.72348404, 0.68920791, -3.0198677;
 0.41505501, -0.61553574, 0.66995907, -2.498615;
 0, 0, 0, 1]
Ow:
[-0.075364947;
 0.3053757;
 4.0567636]
Keyframe: 35 Frame: 685 Frame from vFrameID : 686
Tcw:
[0.92066425, -0.064366058, 0.38501221, -0.26008034;
 0.31608862, 0.70167589, -0.63854438, 0.23103631;
 -0.2290532, 0.70958292, 0.66635329, 4.338397;
 0, 0, 0, 1]
Twc:
[0.92066425, 0.31608862, -0.2290532, 1.1601423;
 -0.064366058, 0.70167589, 0.70958292, -3.2573051;
 0.38501221, -0.63854438, 0.66635329, -2.6432438;
 0, 0, 0, 1]
Ow:
[-0.26008034;
 0.23103631;
 4.338397]
Keyframe: 36 Frame: 692 Frame from vFrameID : 693
Tcw:
[0.93837094, -0.072751895, 0.33788627, -0.14451456;
 0.28070056, 0.73080075, -0.62220377, 0.2324239;
 -0.20166104, 0.67870277, 0.70618367, 4.3079643;
 0, 0, 0, 1]
Twc:
[0.93837094, 0.28070056, -0.20166104, 0.93911541;
 -0.072751895, 0.73080075, 0.67870277, -3.1041965;
 0.33788627, -0.62220377, 0.70618367, -2.8487697;
 0, 0, 0, 1]
Ow:
[-0.14451456;
 0.2324239;
 4.3079643]
Keyframe: 37 Frame: 700 Frame from vFrameID : 701
Tcw:
[0.92751372, -0.038190618, 0.37183306, -0.17426848;
 0.28695437, 0.71021789, -0.64284348, 0.23910344;
 -0.2395319, 0.70294523, 0.66969579, 4.3998075;
 0, 0, 0, 1]
Twc:
[0.92751372, 0.28695437, -0.2395319, 1.1469188;
 -0.038190618, 0.71021789, 0.70294523, -3.2692947;
 0.37183306, -0.64284348, 0.66969579, -2.7280276;
 0, 0, 0, 1]
Ow:
[-0.17426848;
 0.23910344;
 4.3998075]
Keyframe: 38 Frame: 708 Frame from vFrameID : 709
Tcw:
[0.9107765, -0.029888494, 0.41181651, -0.17639732;
 0.29602817, 0.74256361, -0.60080498, 0.29885197;
 -0.28784278, 0.66910833, 0.6851573, 4.3621011;
 0, 0, 0, 1]
Twc:
[0.9107765, 0.29602817, -0.28784278, 1.3277894;
 -0.029888494, 0.74256361, 0.66910833, -3.1459072;
 0.41181651, -0.60080498, 0.6851573, -2.7365305;
 0, 0, 0, 1]
Ow:
[-0.17639732;
 0.29885197;
 4.3621011]
Keyframe: 39 Frame: 716 Frame from vFrameID : 717
Tcw:
[0.90271467, -0.030080015, 0.42918691, -0.22204006;
 0.31805414, 0.71844077, -0.61861491, 0.16045308;
 -0.28973746, 0.69493741, 0.65811414, 4.5401115;
 0, 0, 0, 1]
Twc:
[0.90271467, 0.31805414, -0.28973746, 1.4648463;
 -0.030080015, 0.71844077, 0.69493741, -3.2770483;
 0.42918691, -0.61861491, 0.65811414, -2.7933559;
 0, 0, 0, 1]
Ow:
[-0.22204006;
 0.16045308;
 4.5401115]
Keyframe: 40 Frame: 724 Frame from vFrameID : 725
Tcw:
[0.90959883, -0.031197421, 0.41431466, -0.23858166;
 0.30716547, 0.72197938, -0.61999607, 0.19796455;
 -0.27978435, 0.69121093, 0.6662944, 4.5701461;
 0, 0, 0, 1]
Twc:
[0.90959883, 0.30716547, -0.27978435, 1.4348612;
 -0.031197421, 0.72197938, 0.69121093, -3.3093042;
 0.41431466, -0.61999607, 0.6662944, -2.8234775;
 0, 0, 0, 1]
Ow:
[-0.23858166;
 0.19796455;
 4.5701461]
Keyframe: 41 Frame: 733 Frame from vFrameID : 734
Tcw:
[0.8997646, -0.024763852, 0.43567243, -0.16880548;
 0.32192311, 0.71168721, -0.62439317, 0.14992869;
 -0.29460013, 0.70205986, 0.648323, 4.6033602;
 0, 0, 0, 1]
Twc:
[0.8997646, 0.32192311, -0.29460013, 1.4597701;
 -0.024763852, 0.71168721, 0.70205986, -3.3427169;
 0.43567243, -0.62439317, 0.648323, -2.8173058;
 0, 0, 0, 1]
Ow:
[-0.16880548;
 0.14992869;
 4.6033602]
Keyframe: 42 Frame: 740 Frame from vFrameID : 741
Tcw:
[0.89808893, -0.0066848639, 0.4397631, -0.16766989;
 0.32216215, 0.69069099, -0.64742374, 0.31099236;
 -0.29941249, 0.72311914, 0.62245554, 4.6128569;
 0, 0, 0, 1]
Twc:
[0.89808893, 0.32216215, -0.29941249, 1.4315393;
 -0.0066848639, 0.69069099, 0.72311914, -3.5515654;
 0.4397631, -0.64742374, 0.62245554, -2.5962193;
 0, 0, 0, 1]
Ow:
[-0.16766989;
 0.31099236;
 4.6128569]
Keyframe: 43 Frame: 749 Frame from vFrameID : 750
Tcw:
[0.89988118, -0.032863919, 0.43489525, -0.14637387;
 0.3302089, 0.70275205, -0.63015997, 0.28150558;
 -0.28491399, 0.71067536, 0.64324528, 4.6807942;
 0, 0, 0, 1]
Twc:
[0.89988118, 0.3302089, -0.28491399, 1.3723873;
 -0.032863919, 0.70275205, 0.71067536, -3.5291646;
 0.43489525, -0.63015997, 0.64324528, -2.7698481;
 0, 0, 0, 1]
Ow:
[-0.14637387;
 0.28150558;
 4.6807942]
Keyframe: 44 Frame: 758 Frame from vFrameID : 759
Tcw:
[0.90749389, -0.057010692, 0.41617861, -0.25368738;
 0.33215213, 0.70390707, -0.62784535, 0.31769848;
 -0.25715718, 0.70800042, 0.6577276, 4.7544913;
 0, 0, 0, 1]
Twc:
[0.90749389, 0.33215213, -0.25715718, 1.347347;
 -0.057010692, 0.70390707, 0.70800042, -3.6042752;
 0.41617861, -0.62784535, 0.6577276, -2.8221154;
 0, 0, 0, 1]
Ow:
[-0.25368738;
 0.31769848;
 4.7544913]
Keyframe: 45 Frame: 767 Frame from vFrameID : 768
Tcw:
[0.90742934, -0.047036454, 0.4175638, -0.17312264;
 0.33195725, 0.68951023, -0.64372355, 0.2451607;
 -0.25763604, 0.72274697, 0.64129597, 4.8620043;
 0, 0, 0, 1]
Twc:
[0.90742934, 0.33195725, -0.25763604, 1.3283411;
 -0.047036454, 0.68951023, 0.72274697, -3.6911826;
 0.4175638, -0.64372355, 0.64129597, -2.8878777;
 0, 0, 0, 1]
Ow:
[-0.17312264;
 0.2451607;
 4.8620043]
Keyframe: 46 Frame: 775 Frame from vFrameID : 776
Tcw:
[0.89391237, -0.0084247608, 0.44816259, -0.19610989;
 0.31559649, 0.72182804, -0.61592466, 0.33223176;
 -0.31830728, 0.69202119, 0.64790982, 4.8101854;
 0, 0, 0, 1]
Twc:
[0.89391237, 0.31559649, -0.31830728, 1.601571;
 -0.0084247608, 0.72182804, 0.69202119, -3.5702167;
 0.44816259, -0.61592466, 0.64790982, -2.8240473;
 0, 0, 0, 1]
Ow:
[-0.19610989;
 0.33223176;
 4.8101854]
Keyframe: 47 Frame: 783 Frame from vFrameID : 784
Tcw:
[0.90866125, -0.0087402212, 0.41744262, -0.15069544;
 0.301278, 0.70591986, -0.64102167, 0.35579228;
 -0.28907835, 0.70823783, 0.64407521, 4.8616958;
 0, 0, 0, 1]
Twc:
[0.90866125, 0.301278, -0.28907835, 1.4351498;
 -0.0087402212, 0.70591986, 0.70823783, -3.6957147;
 0.41744262, -0.64102167, 0.64407521, -2.8403206;
 0, 0, 0, 1]
Ow:
[-0.15069544;
 0.35579228;
 4.8616958]
Keyframe: 48 Frame: 792 Frame from vFrameID : 793
Tcw:
[0.92791772, -0.019551739, 0.37227193, -0.10080194;
 0.27056947, 0.72227597, -0.63648224, 0.33520138;
 -0.25643873, 0.69132853, 0.67550278, 4.8963799;
 0, 0, 0, 1]
Twc:
[0.92791772, 0.27056947, -0.25643873, 1.2584621;
 -0.019551739, 0.72227597, 0.69132853, -3.6290863;
 0.37227193, -0.63648224, 0.67550278, -3.0566428;
 0, 0, 0, 1]
Ow:
[-0.10080194;
 0.33520138;
 4.8963799]
Keyframe: 49 Frame: 799 Frame from vFrameID : 800
Tcw:
[0.91666919, 0.014036377, 0.39940026, -0.12464094;
 0.27158099, 0.71129596, -0.64830691, 0.36345971;
 -0.29319167, 0.70275247, 0.64821106, 4.9448023;
 0, 0, 0, 1]
Twc:
[0.91666919, 0.27158099, -0.29319167, 1.4653207;
 0.014036377, 0.71129596, 0.70275247, -3.7317502;
 0.39940026, -0.64830691, 0.64821106, -2.9198608;
 0, 0, 0, 1]
Ow:
[-0.12464094;
 0.36345971;
 4.9448023]
Keyframe: 50 Frame: 808 Frame from vFrameID : 809
Tcw:
[0.89693505, 0.026115905, 0.44139037, -0.12060738;
 0.28422636, 0.73063439, -0.62079686, 0.33766985;
 -0.33870766, 0.68226928, 0.64790875, 4.9618096;
 0, 0, 0, 1]
Twc:
[0.89693505, 0.28422636, -0.33870766, 1.6928053;
 0.026115905, 0.73063439, 0.68226928, -3.6288538;
 0.44139037, -0.62079686, 0.64790875, -2.9519408;
 0, 0, 0, 1]
Ow:
[-0.12060738;
 0.33766985;
 4.9618096]
Keyframe: 51 Frame: 814 Frame from vFrameID : 815
Tcw:
[0.9055801, 0.019437931, 0.42372972, -0.091921449;
 0.28669408, 0.70818388, -0.64519924, 0.3492564;
 -0.31261989, 0.70576042, 0.63574445, 5.0058684;
 0, 0, 0, 1]
Twc:
[0.9055801, 0.28669408, -0.31261989, 1.5480467;
 0.019437931, 0.70818388, 0.70576042, -3.7784946;
 0.42372972, -0.64519924, 0.63574445, -2.9181635;
 0, 0, 0, 1]
Ow:
[-0.091921449;
 0.3492564;
 5.0058684]
Keyframe: 52 Frame: 822 Frame from vFrameID : 823
Tcw:
[0.90693074, -0.0027569209, 0.42127073, -0.17714775;
 0.30565473, 0.69247282, -0.65349567, 0.26432145;
 -0.28991687, 0.72143871, 0.62886757, 5.1597486;
 0, 0, 0, 1]
Twc:
[0.90693074, 0.30565473, -0.28991687, 1.575768;
 -0.0027569209, 0.69247282, 0.72143871, -3.905966;
 0.42127073, -0.65349567, 0.62886757, -2.9974384;
 0, 0, 0, 1]
Ow:
[-0.17714775;
 0.26432145;
 5.1597486]
Keyframe: 53 Frame: 830 Frame from vFrameID : 831
Tcw:
[0.90989292, 0.0090916473, 0.4147436, -0.20679128;
 0.28893167, 0.70351136, -0.6492998, 0.2908932;
 -0.29768005, 0.71062589, 0.63749313, 5.1642618;
 0, 0, 0, 1]
Twc:
[0.90989292, 0.28893167, -0.29768005, 1.6414074;
 0.0090916473, 0.70351136, 0.71062589, -3.8726246;
 0.4147436, -0.6492998, 0.63749313, -3.017539;
 0, 0, 0, 1]
Ow:
[-0.20679128;
 0.2908932;
 5.1642618]
Keyframe: 54 Frame: 838 Frame from vFrameID : 839
Tcw:
[0.90836638, 0.026176389, 0.41735509, -0.17577648;
 0.27432695, 0.71597117, -0.64197356, 0.24254179;
 -0.31561875, 0.69763893, 0.64318323, 5.2424707;
 0, 0, 0, 1]
Twc:
[0.90836638, 0.27432695, -0.31561875, 1.7477558;
 0.026176389, 0.71597117, 0.69763893, -3.8264034;
 0.41735509, -0.64197356, 0.64318323, -3.1428027;
 0, 0, 0, 1]
Ow:
[-0.17577648;
 0.24254179;
 5.2424707]
Keyframe: 55 Frame: 846 Frame from vFrameID : 847
Tcw:
[0.89889431, 0.041965198, 0.43615124, -0.26040792;
 0.27587172, 0.71913928, -0.63775659, 0.27062893;
 -0.34041709, 0.69359761, 0.63485318, 5.2568684;
 0, 0, 0, 1]
Twc:
[0.89889431, 0.27587172, -0.34041709, 1.948948;
 0.041965198, 0.71913928, 0.69359761, -3.829843;
 0.43615124, -0.63775659, 0.63485318, -3.051167;
 0, 0, 0, 1]
Ow:
[-0.26040792;
 0.27062893;
 5.2568684]
Keyframe: 56 Frame: 853 Frame from vFrameID : 854
Tcw:
[0.93045455, 0.052151151, 0.36267695, -0.18781912;
 0.22652516, 0.69611835, -0.68125296, 0.32389379;
 -0.28799421, 0.71603036, 0.63589293, 5.2628918;
 0, 0, 0, 1]
Twc:
[0.93045455, 0.22652516, -0.28799421, 1.6170695;
 0.052151151, 0.69611835, 0.71603036, -3.9840641;
 0.36267695, -0.68125296, 0.63589293, -3.0578647;
 0, 0, 0, 1]
Ow:
[-0.18781912;
 0.32389379;
 5.2628918]
Keyframe: 57 Frame: 861 Frame from vFrameID : 862
Tcw:
[0.92309809, 0.0031012569, 0.38455206, -0.28508723;
 0.26393434, 0.72216696, -0.63938528, 0.46308553;
 -0.27969366, 0.69171184, 0.66581237, 5.2777052;
 0, 0, 0, 1]
Twc:
[0.92309809, 0.26393434, -0.27969366, 1.6170803;
 0.0031012569, 0.72216696, 0.69171184, -3.9841924;
 0.38455206, -0.63938528, 0.66581237, -3.1082408;
 0, 0, 0, 1]
Ow:
[-0.28508723;
 0.46308553;
 5.2777052]
Keyframe: 58 Frame: 868 Frame from vFrameID : 869
Tcw:
[0.92481422, 0.043411359, 0.37793407, -0.25026584;
 0.24299347, 0.69697601, -0.67466927, 0.49550748;
 -0.29269928, 0.71577919, 0.63402462, 5.3236322;
 0, 0, 0, 1]
Twc:
[0.92481422, 0.24299347, -0.29269928, 1.6692678;
 0.043411359, 0.69697601, 0.71577919, -4.1450381;
 0.37793407, -0.67466927, 0.63402462, -2.9464264;
 0, 0, 0, 1]
Ow:
[-0.25026584;
 0.49550748;
 5.3236322]
Keyframe: 59 Frame: 876 Frame from vFrameID : 877
Tcw:
[0.9144603, 0.047594603, 0.401867, -0.23131335;
 0.2370134, 0.74192017, -0.62719941, 0.4525336;
 -0.32800457, 0.66879684, 0.66717601, 5.3196549;
 0, 0, 0, 1]
Twc:
[0.9144603, 0.2370134, -0.32800457, 1.8491414;
 0.047594603, 0.74192017, 0.66879684, -3.8825028;
 0.401867, -0.62719941, 0.66717601, -3.1723599;
 0, 0, 0, 1]
Ow:
[-0.23131335;
 0.4525336;
 5.3196549]
Keyframe: 60 Frame: 882 Frame from vFrameID : 883
Tcw:
[0.91791117, 0.040755246, 0.39468735, -0.17091191;
 0.25012308, 0.71275401, -0.65530157, 0.49981773;
 -0.30802196, 0.70022905, 0.64405102, 5.3198357;
 0, 0, 0, 1]
Twc:
[0.91791117, 0.25012308, -0.30802196, 1.6704923;
 0.040755246, 0.71275401, 0.70022905, -4.0743852;
 0.39468735, -0.65530157, 0.64405102, -3.0312576;
 0, 0, 0, 1]
Ow:
[-0.17091191;
 0.49981773;
 5.3198357]
Keyframe: 61 Frame: 888 Frame from vFrameID : 889
Tcw:
[0.93900007, 0.026650086, 0.34288281, -0.25878549;
 0.23095584, 0.68987173, -0.68610233, 0.43163657;
 -0.25482982, 0.72344095, 0.64163458, 5.418849;
 0, 0, 0, 1]
Twc:
[0.93900007, 0.23095584, -0.25482982, 1.5241952;
 0.026650086, 0.68987173, 0.72344095, -4.2110944;
 0.34288281, -0.68610233, 0.64163458, -3.0920413;
 0, 0, 0, 1]
Ow:
[-0.25878549;
 0.43163657;
 5.418849]
Keyframe: 62 Frame: 896 Frame from vFrameID : 897
Tcw:
[0.92565978, 0.010856576, 0.3782011, -0.23650157;
 0.25641051, 0.7170403, -0.64815652, 0.37892675;
 -0.27822217, 0.69694716, 0.66095161, 5.4186573;
 0, 0, 0, 1]
Twc:
[0.92565978, 0.25641051, -0.27822217, 1.6293499;
 0.010856576, 0.7170403, 0.69694716, -4.0456562;
 0.3782011, -0.64815652, 0.66095161, -3.2464213;
 0, 0, 0, 1]
Ow:
[-0.23650157;
 0.37892675;
 5.4186573]
Keyframe: 63 Frame: 904 Frame from vFrameID : 905
Tcw:
[0.91844904, 0.015130873, 0.39524984, -0.12501633;
 0.26997408, 0.70632637, -0.65438294, 0.38641191;
 -0.28907678, 0.70772463, 0.64463985, 5.3995647;
 0, 0, 0, 1]
Twc:
[0.91844904, 0.26997408, -0.28907678, 1.5713885;
 0.015130873, 0.70632637, 0.70772463, -4.0924459;
 0.39524984, -0.65438294, 0.64463985, -3.1785002;
 0, 0, 0, 1]
Ow:
[-0.12501633;
 0.38641191;
 5.3995647]
Keyframe: 64 Frame: 913 Frame from vFrameID : 914
Tcw:
[0.90871829, 0.016778292, 0.41707265, -0.28231335;
 0.2792668, 0.71818137, -0.63735831, 0.24662948;
 -0.3102276, 0.69565368, 0.64793891, 5.6099777;
 0, 0, 0, 1]
Twc:
[0.90871829, 0.2792668, -0.3102276, 1.9280376;
 0.016778292, 0.71818137, 0.69565368, -4.0749893;
 0.41707265, -0.63735831, 0.64793891, -3.3599861;
 0, 0, 0, 1]
Ow:
[-0.28231335;
 0.24662948;
 5.6099777]
Keyframe: 65 Frame: 919 Frame from vFrameID : 920
Tcw:
[0.93114263, -0.012764392, 0.36443177, -0.24863684;
 0.27803773, 0.67148179, -0.68688226, 0.27197933;
 -0.23594166, 0.74091113, 0.62879431, 5.6345406;
 0, 0, 0, 1]
Twc:
[0.93114263, 0.27803773, -0.23594166, 1.4853187;
 -0.012764392, 0.67148179, 0.74091113, -4.3604965;
 0.36443177, -0.68688226, 0.62879431, -3.265538;
 0, 0, 0, 1]
Ow:
[-0.24863684;
 0.27197933;
 5.6345406]
Keyframe: 66 Frame: 927 Frame from vFrameID : 928
Tcw:
[0.93645138, -0.00012898762, 0.35079736, -0.21864951;
 0.25307938, 0.69272494, -0.67533916, 0.25642657;
 -0.24291898, 0.72120184, 0.64873588, 5.6881247;
 0, 0, 0, 1]
Twc:
[0.93645138, 0.25307938, -0.24291898, 1.5216118;
 -0.00012898762, 0.69272494, 0.72120184, -4.2799478;
 0.35079736, -0.67533916, 0.64873588, -3.4402142;
 0, 0, 0, 1]
Ow:
[-0.21864951;
 0.25642657;
 5.6881247]
Keyframe: 67 Frame: 935 Frame from vFrameID : 936
Tcw:
[0.91237468, 0.023590613, 0.40867582, -0.21582687;
 0.27932185, 0.69393909, -0.66364735, 0.26849985;
 -0.29925197, 0.71964711, 0.6265431, 5.7032232;
 0, 0, 0, 1]
Twc:
[0.91237468, 0.27932185, -0.29925197, 1.828618;
 0.023590613, 0.69393909, 0.71964711, -4.2855392;
 0.40867582, -0.66364735, 0.6265431, -3.3069227;
 0, 0, 0, 1]
Ow:
[-0.21582687;
 0.26849985;
 5.7032232]
Keyframe: 68 Frame: 941 Frame from vFrameID : 942
Tcw:
[0.9188537, 0.033214912, 0.39319798, -0.20246315;
 0.2607691, 0.69674504, -0.6682409, 0.25901222;
 -0.29615429, 0.71654946, 0.63154531, 5.7376447;
 0, 0, 0, 1]
Twc:
[0.9188537, 0.2607691, -0.29615429, 1.8177197;
 0.033214912, 0.69674504, 0.71654946, -4.2850471;
 0.39319798, -0.6682409, 0.63154531, -3.3708918;
 0, 0, 0, 1]
Ow:
[-0.20246315;
 0.25901222;
 5.7376447]
Keyframe: 69 Frame: 947 Frame from vFrameID : 948
Tcw:
[0.93050331, -0.0069726212, 0.3662172, -0.18886161;
 0.2693266, 0.69064844, -0.67116904, 0.2634306;
 -0.24824752, 0.72315705, 0.64452857, 5.7565374;
 0, 0, 0, 1]
Twc:
[0.93050331, 0.2693266, -0.24824752, 1.5338336;
 -0.0069726212, 0.69064844, 0.72315705, -4.3461351;
 0.3662172, -0.67116904, 0.64452857, -3.464282;
 0, 0, 0, 1]
Ow:
[-0.18886161;
 0.2634306;
 5.7565374]
Keyframe: 70 Frame: 954 Frame from vFrameID : 955
Tcw:
[0.93933302, -0.025691139, 0.34204301, -0.18853939;
 0.26867694, 0.6750077, -0.68715161, 0.28667903;
 -0.21322796, 0.73736328, 0.64095962, 5.7668591;
 0, 0, 0, 1]
Twc:
[0.93933302, 0.26867694, -0.21322796, 1.3297328;
 -0.025691139, 0.6750077, 0.73736328, -4.4506245;
 0.34204301, -0.68715161, 0.64095962, -3.4348433;
 0, 0, 0, 1]
Ow:
[-0.18853939;
 0.28667903;
 5.7668591]
Keyframe: 71 Frame: 961 Frame from vFrameID : 962
Tcw:
[0.94118029, -0.0067471149, 0.3378374, -0.17010343;
 0.24979796, 0.68718362, -0.68218744, 0.25992727;
 -0.22755352, 0.72645247, 0.64844912, 5.7960825;
 0, 0, 0, 1]
Twc:
[0.94118029, 0.24979796, -0.22755352, 1.4140878;
 -0.0067471149, 0.68718362, 0.72645247, -4.3903437;
 0.3378374, -0.68218744, 0.64844912, -3.5236781;
 0, 0, 0, 1]
Ow:
[-0.17010343;
 0.25992727;
 5.7960825]
Keyframe: 72 Frame: 969 Frame from vFrameID : 970
Tcw:
[0.91898704, 0.0018086219, 0.39428356, -0.1581049;
 0.28370345, 0.69141668, -0.66442108, 0.2497642;
 -0.2738159, 0.72245395, 0.63488984, 5.8188944;
 0, 0, 0, 1]
Twc:
[0.91898704, 0.28370345, -0.2738159, 1.6677432;
 0.0018086219, 0.69141668, 0.72245395, -4.3762884;
 0.39428356, -0.66442108, 0.63488984, -3.4660702;
 0, 0, 0, 1]
Ow:
[-0.1581049;
 0.2497642;
 5.8188944]
Keyframe: 73 Frame: 977 Frame from vFrameID : 978
Tcw:
[0.91582644, 0.0094568329, 0.40146288, -0.16737175;
 0.28840131, 0.6801787, -0.67392999, 0.28015471;
 -0.27943975, 0.73298532, 0.62019831, 5.8680582;
 0, 0, 0, 1]
Twc:
[0.91582644, 0.28840131, -0.27943975, 1.7122552;
 0.0094568329, 0.6801787, 0.73298532, -4.4901729;
 0.40146288, -0.67392999, 0.62019831, -3.3833613;
 0, 0, 0, 1]
Ow:
[-0.16737175;
 0.28015471;
 5.8680582]
Keyframe: 74 Frame: 986 Frame from vFrameID : 987
Tcw:
[0.93553811, 0.012533347, 0.35300326, -0.14240444;
 0.24350028, 0.70107758, -0.67022222, 0.25445938;
 -0.2558828, 0.71297485, 0.65283293, 5.9029303;
 0, 0, 0, 1]
Twc:
[0.93553811, 0.24350028, -0.2558828, 1.5817223;
 0.012533347, 0.70107758, 0.71297485, -4.3852515;
 0.35300326, -0.67022222, 0.65283293, -3.6328139;
 0, 0, 0, 1]
Ow:
[-0.14240444;
 0.25445938;
 5.9029303]
Keyframe: 75 Frame: 994 Frame from vFrameID : 995
Tcw:
[0.92805028, -0.012901165, 0.37223142, -0.13116693;
 0.27760386, 0.69024915, -0.66820073, 0.30028129;
 -0.24831186, 0.72345674, 0.6441673, 5.8947973;
 0, 0, 0, 1]
Twc:
[0.92805028, 0.27760386, -0.24831186, 1.5021182;
 -0.012901165, 0.69024915, 0.72345674, -4.4735923;
 0.37223142, -0.66820073, 0.6441673, -3.5477633;
 0, 0, 0, 1]
Ow:
[-0.13116693;
 0.30028129;
 5.8947973]
Keyframe: 76 Frame: 1002 Frame from vFrameID : 1003
Tcw:
[0.91223657, 0.011349964, 0.4095065, -0.19836354;
 0.29209745, 0.68285614, -0.6696167, 0.32459998;
 -0.28723416, 0.73046464, 0.61961108, 5.9795341;
 0, 0, 0, 1]
Twc:
[0.91223657, 0.29209745, -0.28723416, 1.8036664;
 0.011349964, 0.68285614, 0.73046464, -4.5872426;
 0.4095065, -0.6696167, 0.61961108, -3.4063971;
 0, 0, 0, 1]
Ow:
[-0.19836354;
 0.32459998;
 5.9795341]
Keyframe: 77 Frame: 1011 Frame from vFrameID : 1012
Tcw:
[0.91862375, 0.010212968, 0.39500147, -0.29793358;
 0.28413832, 0.67760623, -0.6783179, 0.28821778;
 -0.2745831, 0.73535395, 0.61956328, 6.1181874;
 0, 0, 0, 1]
Twc:
[0.91862375, 0.28413832, -0.2745831, 1.8717459;
 0.010212968, 0.67760623, 0.73535395, -4.6912889;
 0.39500147, -0.6783179, 0.61956328, -3.4774168;
 0, 0, 0, 1]
Ow:
[-0.29793358;
 0.28821778;
 6.1181874]
Keyframe: 78 Frame: 1019 Frame from vFrameID : 1020
Tcw:
[0.93398237, 0.0047709686, 0.35728723, -0.2448796;
 0.2578457, 0.68323714, -0.68315637, 0.26722479;
 -0.24737121, 0.73018098, 0.63690126, 6.1677685;
 0, 0, 0, 1]
Twc:
[0.93398237, 0.2578457, -0.24737121, 1.6855389;
 0.0047709686, 0.68323714, 0.73018098, -4.6849966;
 0.35728723, -0.68315637, 0.63690126, -3.6582108;
 0, 0, 0, 1]
Ow:
[-0.2448796;
 0.26722479;
 6.1677685]
Keyframe: 79 Frame: 1027 Frame from vFrameID : 1028
Tcw:
[0.91766924, 0.0026295679, 0.39733642, -0.21500099;
 0.28843576, 0.68336898, -0.67067999, 0.26304102;
 -0.27329099, 0.73006845, 0.62634826, 6.182683;
 0, 0, 0, 1]
Twc:
[0.91766924, 0.28843576, -0.27329099, 1.8111008;
 0.0026295679, 0.68336898, 0.73006845, -4.6929703;
 0.39733642, -0.67067999, 0.62634826, -3.6106684;
 0, 0, 0, 1]
Ow:
[-0.21500099;
 0.26304102;
 6.182683]
Keyframe: 80 Frame: 1035 Frame from vFrameID : 1036
Tcw:
[0.90321523, 0.047387365, 0.42656386, -0.21274757;
 0.27699542, 0.69481713, -0.66370374, 0.28834081;
 -0.32783505, 0.71762359, 0.6144433, 6.2013702;
 0, 0, 0, 1]
Twc:
[0.90321523, 0.27699542, -0.32783505, 2.1453142;
 0.047387365, 0.69481713, 0.71762359, -4.640512;
 0.42656386, -0.66370374, 0.6144433, -3.5282671;
 0, 0, 0, 1]
Ow:
[-0.21274757;
 0.28834081;
 6.2013702]
Keyframe: 81 Frame: 1043 Frame from vFrameID : 1044
Tcw:
[0.93403208, 0.022911314, 0.3564536, -0.25929463;
 0.25092587, 0.66812861, -0.70045727, 0.42186761;
 -0.25420523, 0.74369299, 0.61830449, 6.1693897;
 0, 0, 0, 1]
Twc:
[0.93403208, 0.25092587, -0.25420523, 1.7046232;
 0.022911314, 0.66812861, 0.74369299, -4.8640528;
 0.3564536, -0.70045727, 0.61830449, -3.4266346;
 0, 0, 0, 1]
Ow:
[-0.25929463;
 0.42186761;
 6.1693897]
Keyframe: 82 Frame: 1051 Frame from vFrameID : 1052
Tcw:
[0.94167763, 0.010378907, 0.33635616, -0.2112062;
 0.24757089, 0.65563178, -0.71334118, 0.30721235;
 -0.22792949, 0.75500947, 0.61482424, 6.3182354;
 0, 0, 0, 1]
Twc:
[0.94167763, 0.24757089, -0.22792949, 1.5629436;
 0.010378907, 0.65563178, 0.75500947, -4.9695535;
 0.33635616, -0.71334118, 0.61482424, -3.5944171;
 0, 0, 0, 1]
Ow:
[-0.2112062;
 0.30721235;
 6.3182354]
Keyframe: 83 Frame: 1060 Frame from vFrameID : 1061
Tcw:
[0.91577774, -0.029972911, 0.40056551, -0.20055449;
 0.323713, 0.64548773, -0.69177705, 0.21724367;
 -0.23782556, 0.76318228, 0.60082591, 6.4024172;
 0, 0, 0, 1]
Twc:
[0.91577774, 0.323713, -0.23782556, 1.6359973;
 -0.029972911, 0.64548773, 0.76318228, -5.0324512;
 0.40056551, -0.69177705, 0.60082591, -3.6161191;
 0, 0, 0, 1]
Ow:
[-0.20055449;
 0.21724367;
 6.4024172]
Keyframe: 84 Frame: 1068 Frame from vFrameID : 1069
Tcw:
[0.92024404, 0.0015398153, 0.39134195, -0.24766576;
 0.27450353, 0.7101869, -0.64829189, 0.26437712;
 -0.27892417, 0.7040115, 0.6531226, 6.3841739;
 0, 0, 0, 1]
Twc:
[0.92024404, 0.27450353, -0.27892417, 1.936041;
 0.0015398153, 0.7101869, 0.7040115, -4.6819077;
 0.39134195, -0.64829189, 0.6531226, -3.9013326;
 0, 0, 0, 1]
Ow:
[-0.24766576;
 0.26437712;
 6.3841739]
Keyframe: 85 Frame: 1076 Frame from vFrameID : 1077
Tcw:
[0.93714505, -0.017616091, 0.34849507, -0.04584229;
 0.26478854, 0.68635195, -0.67735368, 0.20810461;
 -0.22725795, 0.72705615, 0.64787591, 6.4156389;
 0, 0, 0, 1]
Twc:
[0.93714505, 0.26478854, -0.22725795, 1.4458621;
 -0.017616091, 0.68635195, 0.72705615, -4.8081703;
 0.34849507, -0.67735368, 0.64787591, -3.9996014;
 0, 0, 0, 1]
Ow:
[-0.04584229;
 0.20810461;
 6.4156389]
Keyframe: 86 Frame: 1083 Frame from vFrameID : 1084
Tcw:
[0.93142551, -0.013070491, 0.36369726, -0.080057621;
 0.27378127, 0.68357617, -0.67658514, 0.16393805;
 -0.23977147, 0.72976214, 0.6402787, 6.4533844;
 0, 0, 0, 1]
Twc:
[0.93142551, 0.27378127, -0.23977147, 1.5770221;
 -0.013070491, 0.68357617, 0.72976214, -4.8225465;
 0.36369726, -0.67658514, 0.6402787, -3.9919302;
 0, 0, 0, 1]
Ow:
[-0.080057621;
 0.16393805;
 6.4533844]
Keyframe: 87 Frame: 1092 Frame from vFrameID : 1093
Tcw:
[0.90582967, 0.03215925, 0.42241973, -0.16371095;
 0.28566223, 0.68995923, -0.66509652, 0.15318465;
 -0.31284139, 0.7231335, 0.61579883, 6.5233555;
 0, 0, 0, 1]
Twc:
[0.90582967, 0.28566223, -0.31284139, 2.1453106;
 0.03215925, 0.68995923, 0.7231335, -4.8176832;
 0.42241973, -0.66509652, 0.61579883, -3.8460371;
 0, 0, 0, 1]
Ow:
[-0.16371095;
 0.15318465;
 6.5233555]
Keyframe: 88 Frame: 1100 Frame from vFrameID : 1101
Tcw:
[0.90655237, 0.028390799, 0.42113745, -0.09911108;
 0.27814949, 0.71027833, -0.64663553, 0.17374277;
 -0.31748331, 0.70334816, 0.63600767, 6.5317092;
 0, 0, 0, 1]
Twc:
[0.90655237, 0.27814949, -0.31748331, 2.1152315;
 0.028390799, 0.71027833, 0.70334816, -4.7146573;
 0.42113745, -0.64663553, 0.63600767, -4.0001292;
 0, 0, 0, 1]
Ow:
[-0.09911108;
 0.17374277;
 6.5317092]
Keyframe: 89 Frame: 1108 Frame from vFrameID : 1109
Tcw:
[0.9227882, -0.019115927, 0.38483307, -0.07363081;
 0.29239962, 0.68517864, -0.6671077, 0.19391632;
 -0.25092703, 0.72812414, 0.63786429, 6.7080593;
 0, 0, 0, 1]
Twc:
[0.9227882, 0.29239962, -0.25092703, 1.694478;
 -0.019115927, 0.68517864, 0.72812414, -5.0185752;
 0.38483307, -0.6671077, 0.63786429, -4.1211329;
 0, 0, 0, 1]
Ow:
[-0.07363081;
 0.19391632;
 6.7080593]
Keyframe: 90 Frame: 1115 Frame from vFrameID : 1116
Tcw:
[0.94609535, -0.020670637, 0.32322794, -0.24518108;
 0.25249803, 0.67209244, -0.69608659, 0.47187829;
 -0.20285049, 0.7401787, 0.64108282, 6.6031685;
 0, 0, 0, 1]
Twc:
[0.94609535, 0.25249803, -0.20285049, 1.4522723;
 -0.020670637, 0.67209244, 0.7401787, -5.2097383;
 0.32322794, -0.69608659, 0.64108282, -3.8254602;
 0, 0, 0, 1]
Ow:
[-0.24518108;
 0.47187829;
 6.6031685]
Keyframe: 91 Frame: 1119 Frame from vFrameID : 1120
Tcw:
[0.94301063, -0.024612177, 0.33185109, -0.064841032;
 0.25907928, 0.68014139, -0.68577373, 0.18475676;
 -0.20882727, 0.73266768, 0.64775705, 6.7640214;
 0, 0, 0, 1]
Twc:
[0.94301063, 0.25907928, -0.20882727, 1.4257914;
 -0.024612177, 0.68014139, 0.73266768, -5.0830364;
 0.33185109, -0.68577373, 0.64775705, -4.2332239;
 0, 0, 0, 1]
Ow:
[-0.064841032;
 0.18475676;
 6.7640214]
Keyframe: 92 Frame: 1123 Frame from vFrameID : 1124
Tcw:
[0.93475634, -0.004717086, 0.35525817, -0.034333587;
 0.2666705, 0.6700449, -0.69276744, 0.23855853;
 -0.23477107, 0.74230558, 0.6275866, 6.7489033;
 0, 0, 0, 1]
Twc:
[0.93475634, 0.2666705, -0.23477107, 1.5529244;
 -0.004717086, 0.6700449, 0.74230558, -5.1697559;
 0.35525817, -0.69276744, 0.6275866, -4.0580587;
 0, 0, 0, 1]
Ow:
[-0.034333587;
 0.23855853;
 6.7489033]
Keyframe: 93 Frame: 1127 Frame from vFrameID : 1128
Tcw:
[0.9268629, -0.024142608, 0.37462291, -0.18459499;
 0.29457939, 0.66535741, -0.6859464, 0.42145252;
 -0.23269759, 0.74613446, 0.62380701, 6.6545124;
 0, 0, 0, 1]
Twc:
