Keyframe: 0 Frame: 0 Frame from vFrameID : 273
Tcw:
[0.9615609, -0.047681883, 0.27042025, -0.039490536;
 0.22691301, 0.6925596, -0.68474203, 0.001734525;
 -0.15463237, 0.71978301, 0.67675787, 0.87781829;
 0, 0, 0, 1]
Twc:
[0.9615609, 0.22691301, -0.15463237, 0.17331807;
 -0.047681883, 0.6925596, 0.71978301, -0.63492298;
 0.27042025, -0.68474203, 0.67675787, -0.58220369;
 0, 0, 0, 1]
Ow:
[-0.039490536;
 0.001734525;
 0.87781829]
Keyframe: 1 Frame: 388 Frame from vFrameID : 273
Tcw:
[0.96336901, -0.057725616, 0.26189294, 0.0014366889;
 0.22614834, 0.69975209, -0.67764586, -0.0016457122;
 -0.14414261, 0.71204966, 0.68717402, 0.035422854;
 0, 0, 0, 1]
Twc:
[0.96336901, 0.22614834, -0.14414261, 0.0040940563;
 -0.057725616, 0.69975209, 0.71204966, -0.023988307;
 0.26189294, -0.67764586, 0.68717402, -0.025833134;
 0, 0, 0, 1]
Ow:
[0.0014366889;
 -0.0016457122;
 0.035422854]
