Keyframe: 0 Frame: 0 Frame from vFrameID : 77
Tcw:
[0.94969785, -0.025940856, 0.31209141, -0.092332304;
 0.23884915, 0.70454252, -0.66825962, 0.12861466;
 -0.20254646, 0.70918745, 0.67529851, 2.9577818;
 0, 0, 0, 1]
Twc:
[0.94969785, 0.23884915, -0.20254646, 0.65605652;
 -0.025940856, 0.70454252, 0.70918745, -2.1906316;
 0.31209141, -0.66825962, 0.67529851, -1.8826214;
 0, 0, 0, 1]
Ow:
[-0.092332304;
 0.12861466;
 2.9577818]
Keyframe: 1 Frame: 464 Frame from vFrameID : 77
Tcw:
[0.94868338, -0.023892321, 0.31532374, -nan;
 0.23893921, 0.70732826, -0.66527802, -nan;
 -0.20714235, 0.70648134, 0.67673934, inf;
 0, 0, 0, 1]
Twc:
[0.94868338, 0.23893921, -0.20714235, inf;
 -0.023892321, 0.70732826, 0.70648134, -inf;
 0.31532374, -0.66527802, 0.67673934, -inf;
 0, 0, 0, 1]
Ow:
[-nan;
 -nan;
 inf]
