Keyframe: 0 Frame: 0 Frame from vFrameID : 273
Tcw:
[0.9671194, -0.048701167, 0.24961622, -0.045093939;
 0.21119335, 0.7006256, -0.68155789, 0.0047880411;
 -0.14169484, 0.71186513, 0.68787396, 0.95752561;
 0, 0, 0, 1]
Twc:
[0.9671194, 0.21119335, -0.14169484, 0.17827646;
 -0.048701167, 0.7006256, 0.71186513, -0.68717986;
 0.24961622, -0.68155789, 0.68787396, -0.64413744;
 0, 0, 0, 1]
Ow:
[-0.045093939;
 0.0047880411;
 0.95752561]
Keyframe: 1 Frame: 398 Frame from vFrameID : 273
Tcw:
[0.95618284, -0.047881778, 0.28882822, 0.0027993703;
 0.23961985, 0.69482273, -0.67808825, -0.0096084904;
 -0.16821635, 0.71758533, 0.67585099, 0.024500854;
 0, 0, 0, 1]
Twc:
[0.95618284, 0.23961985, -0.16821635, 0.0037471193;
 -0.047881778, 0.69482273, 0.71758533, -0.010771217;
 0.28882822, -0.67808825, 0.67585099, -0.023882868;
 0, 0, 0, 1]
Ow:
[0.0027993703;
 -0.0096084904;
 0.024500854]
