Keyframe: 0 Frame: 0 Frame from vFrameID : 273
Tcw:
[0.95683634, -0.019836785, 0.28994957, -0.14160553;
 0.21505415, 0.71940267, -0.66046309, 0.061733723;
 -0.19548905, 0.69430995, 0.69261658, 1.6795821;
 0, 0, 0, 1]
Twc:
[0.95683634, 0.21505415, -0.19548905, 0.45055708;
 -0.019836785, 0.71940267, 0.69430995, -1.2133709;
 0.28994957, -0.66046309, 0.69261658, -1.0814751;
 0, 0, 0, 1]
Ow:
[-0.14160553;
 0.061733723;
 1.6795821]
Keyframe: 1 Frame: 503 Frame from vFrameID : 273
Tcw:
[0.95610744, -0.019181212, 0.29238784, 0.0049559469;
 0.22010016, 0.70572513, -0.67342997, 0.013217351;
 -0.19342825, 0.70822603, 0.67897087, 0.039334651;
 0, 0, 0, 1]
Twc:
[0.95610744, 0.22010016, -0.19342825, -3.9126084e-05;
 -0.019181212, 0.70572513, 0.70822603, -0.037090581;
 0.29238784, -0.67342997, 0.67897087, -0.01925518;
 0, 0, 0, 1]
Ow:
[0.0049559469;
 0.013217351;
 0.039334651]
