Keyframe: 0 Frame: 0 Frame from vFrameID : 99
Tcw:
[0.93200153, 0.0502446, 0.35895497, -0.032395005;
 0.22537233, 0.69528449, -0.68248576, 0.10445511;
 -0.28386703, 0.71697623, 0.63668245, 4.5428858;
 0, 0, 0, 1]
Twc:
[0.93200153, 0.22537233, -0.28386703, 1.2962265;
 0.0502446, 0.69528449, 0.71697623, -3.3281398;
 0.35895497, -0.68248576, 0.63668245, -2.8094583;
 0, 0, 0, 1]
Ow:
[-0.032395005;
 0.10445511;
 4.5428858]
Keyframe: 1 Frame: 506 Frame from vFrameID : 99
Tcw:
[0.93088847, 0.047295496, 0.3622289, 0.0054210452;
 0.22653127, 0.70316833, -0.67397171, 0.00040649436;
 -0.28658372, 0.7094487, 0.64385742, 0.06454432;
 0, 0, 0, 1]
Twc:
[0.93088847, 0.22653127, -0.28658372, 0.013358879;
 0.047295496, 0.70316833, 0.7094487, -0.046333104;
 0.3622289, -0.67397171, 0.64385742, -0.043247029;
 0, 0, 0, 1]
Ow:
[0.0054210452;
 0.00040649436;
 0.06454432]
