Keyframe: 0 Frame: 0 Frame from vFrameID : 77
Tcw:
[0.96008933, -0.046247117, 0.27584353, -0.035962999;
 0.23062824, 0.6888665, -0.68722159, 0.051025927;
 -0.15823734, 0.72341144, 0.67203927, 1.9371166;
 0, 0, 0, 1]
Twc:
[0.96008933, 0.23062824, -0.15823734, 0.32928389;
 -0.046247117, 0.6888665, 0.72341144, -1.4381456;
 0.27584353, -0.68722159, 0.67203927, -1.2568322;
 0, 0, 0, 1]
Ow:
[-0.035962999;
 0.051025927;
 1.9371166]
Keyframe: 1 Frame: 321 Frame from vFrameID : 77
Tcw:
[0.95347625, -0.048049454, 0.29761437, -0.01724335;
 0.24813329, 0.68574494, -0.68423957, 0.0091337785;
 -0.17121021, 0.72625417, 0.66576415, 0.033464938;
 0, 0, 0, 1]
Twc:
[0.95347625, 0.24813329, -0.17121021, 0.019904269;
 -0.048049454, 0.68574494, 0.72625417, -0.031396028;
 0.29761437, -0.68423957, 0.66576415, -0.010898196;
 0, 0, 0, 1]
Ow:
[-0.01724335;
 0.0091337785;
 0.033464938]
