Keyframe: 0 Frame: 0 Frame from vFrameID : 77
Tcw:
[0.94342405, -0.013439738, 0.33131626, -0.047926635;
 0.2509135, 0.68215889, -0.68680537, 0.066929698;
 -0.21677986, 0.73108041, 0.64693731, 2.1681414;
 0, 0, 0, 1]
Twc:
[0.94342405, 0.2509135, -0.21677986, 0.49843094;
 -0.013439738, 0.68215889, 0.73108041, -1.6313866;
 0.33131626, -0.68680537, 0.64693731, -1.3408051;
 0, 0, 0, 1]
Ow:
[-0.047926635;
 0.066929698;
 2.1681414]
Keyframe: 1 Frame: 354 Frame from vFrameID : 77
Tcw:
[0.9484328, -0.042314909, 0.31414115, -0.0044025164;
 0.26373482, 0.65511203, -0.70800579, -0.0039803721;
 -0.17583846, 0.75434583, 0.63248968, 0.08729098;
 0, 0, 0, 1]
Twc:
[0.9484328, 0.26373482, -0.17583846, 0.020574365;
 -0.042314909, 0.65511203, 0.75434583, -0.063426293;
 0.31414115, -0.70800579, 0.63248968, -0.056645758;
 0, 0, 0, 1]
Ow:
[-0.0044025164;
 -0.0039803721;
 0.08729098]
