Keyframe: 0 Frame: 0 Frame from vFrameID : 273
Tcw:
[0.94924521, -0.017715918, 0.31403765, -0.033017322;
 0.23483633, 0.70412391, -0.67012048, -0.0071431696;
 -0.20924962, 0.70985609, 0.67254657, 0.79611969;
 0, 0, 0, 1]
Twc:
[0.94924521, 0.23483633, -0.20924962, 0.19960676;
 -0.017715918, 0.70412391, 0.70985609, -0.56068569;
 0.31403765, -0.67012048, 0.67254657, -0.52984571;
 0, 0, 0, 1]
Ow:
[-0.033017322;
 -0.0071431696;
 0.79611969]
Keyframe: 1 Frame: 378 Frame from vFrameID : 273
Tcw:
[0.94616401, -0.036221709, 0.3216545, -0.001782109;
 0.25167909, 0.70721215, -0.66068798, -0.012345143;
 -0.20354672, 0.70607293, 0.6782549, 0.011028274;
 0, 0, 0, 1]
Twc:
[0.94616401, 0.25167909, -0.20354672, 0.0070379507;
 -0.036221709, 0.70721215, 0.70607293, 0.00087931787;
 0.3216545, -0.66068798, 0.6782549, -0.015063046;
 0, 0, 0, 1]
Ow:
[-0.001782109;
 -0.012345143;
 0.011028274]
