Keyframe: 0 Frame: 0 Frame from vFrameID : 273
Tcw:
[0.96233481, -0.035618968, 0.26952362, 0.019460406;
 0.21393077, 0.71098083, -0.66988045, -0.053850107;
 -0.16776569, 0.70230871, 0.69182163, 0.31185991;
 0, 0, 0, 1]
Twc:
[0.96233481, 0.21393077, -0.16776569, 0.045112159;
 -0.035618968, 0.71098083, 0.70230871, -0.18004237;
 0.26952362, -0.66988045, 0.69182163, -0.25706962;
 0, 0, 0, 1]
Ow:
[0.019460406;
 -0.053850107;
 0.31185991]
Keyframe: 1 Frame: 307 Frame from vFrameID : 273
Tcw:
[0.96227866, -0.033229195, 0.27002889, 0.0039218748;
 0.21270762, 0.71071827, -0.67054832, -0.0045649381;
 -0.16963269, 0.7026915, 0.6909771, 0.00076882914;
 0, 0, 0, 1]
Twc:
[0.96227866, 0.21270762, -0.16963269, -0.0026725207;
 -0.033229195, 0.71071827, 0.7026915, 0.0028344556;
 0.27002889, -0.67054832, 0.6909771, -0.0046512741;
 0, 0, 0, 1]
Ow:
[0.0039218748;
 -0.0045649381;
 0.00076882914]
