Keyframe: 0 Frame: 0 Frame from vFrameID : 273
Tcw:
[0.96757495, -0.041735861, 0.24911201, 0.031282544;
 0.20256861, 0.71735263, -0.66661167, -0.065080732;
 -0.15087955, 0.69545907, 0.70254683, 0.2003772;
 0, 0, 0, 1]
Twc:
[0.96757495, 0.20256861, -0.15087955, 0.013147924;
 -0.041735861, 0.71735263, 0.69545907, -0.0913627;
 0.24911201, -0.66661167, 0.70254683, -0.1919508;
 0, 0, 0, 1]
Ow:
[0.031282544;
 -0.065080732;
 0.2003772]
Keyframe: 1 Frame: 286 Frame from vFrameID : 273
Tcw:
[0.96735024, -0.052226324, 0.24800375, 0.0022033241;
 0.21000528, 0.71298701, -0.66898978, 0.0037802272;
 -0.14188457, 0.69922954, 0.70067596, 0.0065857922;
 0, 0, 0, 1]
Twc:
[0.96735024, 0.21000528, -0.14188457, -0.0019908315;
 -0.052226324, 0.71298701, 0.69922954, -0.0071851616;
 0.24800375, -0.66898978, 0.70067596, -0.0026320056;
 0, 0, 0, 1]
Ow:
[0.0022033241;
 0.0037802272;
 0.0065857922]
