Keyframe: 0 Frame: 0 Frame from vFrameID : 77
Tcw:
[0.92946935, 0.036126662, 0.36712611, -0.038117975;
 0.23723911, 0.70356399, -0.66986221, 0.062530339;
 -0.28249657, 0.70971304, 0.64537048, 2.1029038;
 0, 0, 0, 1]
Twc:
[0.92946935, 0.23723911, -0.28249657, 0.61465806;
 0.036126662, 0.70356399, 0.70971304, -1.5350754;
 0.36712611, -0.66986221, 0.64537048, -1.3012713;
 0, 0, 0, 1]
Ow:
[-0.038117975;
 0.062530339;
 2.1029038]
Keyframe: 1 Frame: 344 Frame from vFrameID : 77
Tcw:
[0.92510653, 0.033139531, 0.37825873, -0.0043746112;
 0.24390818, 0.7116164, -0.65887094, -0.00057262369;
 -0.29100981, 0.70178616, 0.65023798, 0.057510614;
 0, 0, 0, 1]
Twc:
[0.92510653, 0.24390818, -0.29100981, 0.020922802;
 0.033139531, 0.7116164, 0.70178616, -0.039807696;
 0.37825873, -0.65887094, 0.65023798, -0.036118135;
 0, 0, 0, 1]
Ow:
[-0.0043746112;
 -0.00057262369;
 0.057510614]
