Keyframe: 0 Frame: 0 Frame from vFrameID : 77
Tcw:
[0.94406599, -0.020946147, 0.32909074, -0.053985715;
 0.25267354, 0.68720329, -0.6811077, 0.09213841;
 -0.21188566, 0.72616309, 0.6540578, 2.4064617;
 0, 0, 0, 1]
Twc:
[0.94406599, 0.25267354, -0.21188566, 0.53757989;
 -0.020946147, 0.68720329, 0.72616309, -1.8119324;
 0.32909074, -0.6811077, 0.6540578, -1.4934428;
 0, 0, 0, 1]
Ow:
[-0.053985715;
 0.09213841;
 2.4064617]
Keyframe: 1 Frame: 387 Frame from vFrameID : 77
Tcw:
[0.94730538, -0.027106408, 0.31918293, -0.0027748961;
 0.24668092, 0.69739026, -0.67290068, 0.00091659464;
 -0.20435514, 0.71617877, 0.66732818, 0.041011363;
 0, 0, 0, 1]
Twc:
[0.94730538, 0.24668092, -0.20435514, 0.010783452;
 -0.027106408, 0.69739026, 0.71617877, -0.030085912;
 0.31918293, -0.67290068, 0.66732818, -0.025865564;
 0, 0, 0, 1]
Ow:
[-0.0027748961;
 0.00091659464;
 0.041011363]
