Keyframe: 0 Frame: 0 Frame from vFrameID : 99
Tcw:
[0.93864548, 0.053576976, 0.34069651, -0.019933045;
 0.21846263, 0.67203265, -0.70756358, 0.10853469;
 -0.26686829, 0.73858082, 0.61909586, 4.3841476;
 0, 0, 0, 1]
Twc:
[0.93864548, 0.21846263, -0.26686829, 1.1649895;
 0.053576976, 0.67203265, 0.73858082, -3.3099184;
 0.34069651, -0.70756358, 0.61909586, -2.6306214;
 0, 0, 0, 1]
Ow:
[-0.019933045;
 0.10853469;
 4.3841476]
Keyframe: 1 Frame: 489 Frame from vFrameID : 99
Tcw:
[0.94054484, 0.028448429, 0.33847612, 0.0076275822;
 0.22871956, 0.68367511, -0.69301927, -0.004459247;
 -0.25112301, 0.72923183, 0.63652039, 0.068421125;
 0, 0, 0, 1]
Twc:
[0.94054484, 0.22871956, -0.25112301, 0.011027955;
 0.028448429, 0.68367511, 0.72923183, -0.047063179;
 0.33847612, -0.69301927, 0.63652039, -0.049223542;
 0, 0, 0, 1]
Ow:
[0.0076275822;
 -0.004459247;
 0.068421125]
