Keyframe: 0 Frame: 0 Frame from vFrameID : 273
Tcw:
[0.99260122, 0.020129932, -0.1197397, 16.96192;
 -0.021443315, 0.99972308, -0.0096902028, -0.22457029;
 0.11951148, 0.012186123, 0.99275804, 0.32001805;
 0, 0, 0, 1]
Twc:
[0.99260122, -0.021443315, 0.11951148, -16.879484;
 0.020129932, 0.99972308, 0.012186123, -0.12083399;
 -0.1197397, -0.0096902028, 0.99275804, 1.7111385;
 0, 0, 0, 1]
Ow:
[16.96192;
 -0.22457029;
 0.32001805]
Keyframe: 1 Frame: 272 Frame from vFrameID : 273
Tcw:
[0.99181342, 0.026128927, -0.12499345, 0.17581102;
 -0.027939627, 0.99952823, -0.012755039, 0.005849543;
 0.12460121, 0.01614289, 0.99207556, 0.0081133377;
 0, 0, 0, 1]
Twc:
[0.99181342, -0.027939627, 0.12460121, -0.17521924;
 0.026128927, 0.99952823, 0.01614289, -0.01057151;
 -0.12499345, -0.012755039, 0.99207556, 0.014000796;
 0, 0, 0, 1]
Ow:
[0.17581102;
 0.005849543;
 0.0081133377]
