Keyframe: 0 Frame: 0 Frame from vFrameID : 77
Tcw:
[0.95444047, -0.032990489, 0.29657209, -0.018973947;
 0.23431264, 0.69827026, -0.67639947, 0.038857758;
 -0.18477271, 0.71507359, 0.67418748, 1.7522361;
 0, 0, 0, 1]
Twc:
[0.95444047, 0.23431264, -0.18477271, 0.33277008;
 -0.032990489, 0.69827026, 0.71507359, -1.280737;
 0.29657209, -0.67639947, 0.67418748, -1.1494251;
 0, 0, 0, 1]
Ow:
[-0.018973947;
 0.038857758;
 1.7522361]
Keyframe: 1 Frame: 296 Frame from vFrameID : 77
Tcw:
[0.94950092, -0.027790202, 0.31253105, 0.0048127118;
 0.241559, 0.70043188, -0.67159837, -0.010334254;
 -0.20024286, 0.71317798, 0.67177373, 0.026212711;
 0, 0, 0, 1]
Twc:
[0.94950092, 0.241559, -0.20024286, 0.0031755657;
 -0.027790202, 0.70043188, 0.71317798, -0.011322141;
 0.31253105, -0.67159837, 0.67177373, -0.0260536;
 0, 0, 0, 1]
Ow:
[0.0048127118;
 -0.010334254;
 0.026212711]
