Keyframe: 0 Frame: 0 Frame from vFrameID : 273
Tcw:
[0.95465368, -0.016508158, 0.29726049, -0.066552758;
 0.22383784, 0.6981253, -0.68008649, 0.017863959;
 -0.19629811, 0.71578526, 0.67016304, 1.0864573;
 0, 0, 0, 1]
Twc:
[0.95465368, 0.22383784, -0.19629811, 0.27280572;
 -0.016508158, 0.6981253, 0.71578526, -0.79124004;
 0.29726049, -0.68008649, 0.67016304, -0.69617099;
 0, 0, 0, 1]
Ow:
[-0.066552758;
 0.017863959;
 1.0864573]
Keyframe: 1 Frame: 416 Frame from vFrameID : 273
Tcw:
[0.9661966, -0.010504898, 0.25759217, 0.0093539283;
 0.19587915, 0.67953914, -0.70700628, 0.0071215117;
 -0.16761693, 0.73356402, 0.65862614, 0.035001989;
 0, 0, 0, 1]
Twc:
[0.9661966, 0.19587915, -0.16761693, -0.0045657624;
 -0.010504898, 0.67953914, 0.73356402, -0.030417284;
 0.25759217, -0.70700628, 0.65862614, -0.020427771;
 0, 0, 0, 1]
Ow:
[0.0093539283;
 0.0071215117;
 0.035001989]
