Keyframe: 0 Frame: 0 Frame from vFrameID : 273
Tcw:
[0.96324068, -0.06230244, 0.26131555, -0.071087733;
 0.23216197, 0.6824683, -0.69306409, 0.016223013;
 -0.13515998, 0.72825503, 0.6718455, 1.1411856;
 0, 0, 0, 1]
Twc:
[0.96324068, 0.23216197, -0.13515998, 0.21895087;
 -0.06230244, 0.6824683, 0.72825503, -0.8465749;
 0.26131555, -0.69306409, 0.6718455, -0.73688048;
 0, 0, 0, 1]
Ow:
[-0.071087733;
 0.016223013;
 1.1411856]
Keyframe: 1 Frame: 425 Frame from vFrameID : 273
Tcw:
[0.96307737, -0.076125376, 0.2582382, 0.0013510277;
 0.23843163, 0.68662441, -0.68680221, -0.0029878393;
 -0.12502956, 0.72301584, 0.67942309, 0.066751078;
 0, 0, 0, 1]
Twc:
[0.96307737, 0.23843163, -0.12502956, 0.0077571105;
 -0.076125376, 0.68662441, 0.72301584, -0.046107713;
 0.2582382, -0.68680221, 0.67942309, -0.04775317;
 0, 0, 0, 1]
Ow:
[0.0013510277;
 -0.0029878393;
 0.066751078]
