Keyframe: 0 Frame: 0 Frame from vFrameID : 77
Tcw:
[0.94586343, -0.022766013, 0.32376543, -0.087768435;
 0.24700098, 0.6976189, -0.67254615, 0.12342703;
 -0.21055369, 0.71610719, 0.66547549, 2.9256444;
 0, 0, 0, 1]
Twc:
[0.94586343, 0.24700098, -0.21055369, 0.66853559;
 -0.022766013, 0.6976189, 0.71610719, -2.1831782;
 0.32376543, -0.67254615, 0.66547549, -1.8355178;
 0, 0, 0, 1]
Ow:
[-0.087768435;
 0.12342703;
 2.9256444]
Keyframe: 1 Frame: 460 Frame from vFrameID : 77
Tcw:
[0.94900799, -0.011659521, 0.31503627, -0.0024269549;
 0.23033862, 0.70793074, -0.6676662, 0.0043799654;
 -0.21523918, 0.70618558, 0.67451763, 0.040753648;
 0, 0, 0, 1]
Twc:
[0.94900799, 0.23033862, -0.21523918, 0.010066108;
 -0.011659521, 0.70793074, 0.70618558, -0.03190865;
 0.31503627, -0.6676662, 0.67451763, -0.02380012;
 0, 0, 0, 1]
Ow:
[-0.0024269549;
 0.0043799654;
 0.040753648]
