Keyframe: 0 Frame: 0 Frame from vFrameID : 273
Tcw:
[0.95404953, -0.014024041, 0.29932058, -0.10029483;
 0.22261903, 0.70180517, -0.67669064, 0.035706043;
 -0.2005748, 0.71223086, 0.67267895, 1.3317533;
 0, 0, 0, 1]
Twc:
[0.95404953, 0.22261903, -0.2005748, 0.35485348;
 -0.014024041, 0.70180517, 0.71223086, -0.97498095;
 0.29932058, -0.67669064, 0.67267895, -0.84166002;
 0, 0, 0, 1]
Ow:
[-0.10029483;
 0.035706043;
 1.3317533]
Keyframe: 1 Frame: 452 Frame from vFrameID : 273
Tcw:
[0.95471054, -0.060056098, 0.29141214, -0.0038315309;
 0.25465012, 0.6714853, -0.69588852, 0.0079625528;
 -0.15388663, 0.73858023, 0.65636736, 0.069978349;
 0, 0, 0, 1]
Twc:
[0.95471054, 0.25465012, -0.15388663, 0.012399069;
 -0.060056098, 0.6714853, 0.73858023, -0.057261467;
 0.29141214, -0.69588852, 0.65636736, -0.039273899;
 0, 0, 0, 1]
Ow:
[-0.0038315309;
 0.0079625528;
 0.069978349]
