Keyframe: 0 Frame: 0 Frame from vFrameID : 273
Tcw:
[0.97019577, -0.066571698, 0.23299865, 0.0084099397;
 0.20913716, 0.71571237, -0.66634631, -0.044377506;
 -0.12240022, 0.69521511, 0.70830375, 0.43045747;
 0, 0, 0, 1]
Twc:
[0.97019577, 0.20913716, -0.12240022, 0.053809781;
 -0.066571698, 0.71571237, 0.69521511, -0.2669391;
 0.23299865, -0.66634631, 0.70830375, -0.33642492;
 0, 0, 0, 1]
Ow:
[0.0084099397;
 -0.044377506;
 0.43045747]
Keyframe: 1 Frame: 324 Frame from vFrameID : 273
Tcw:
[0.96982479, -0.085483924, 0.22832525, 5.8342528e-05;
 0.22051881, 0.70697832, -0.67197704, -0.00033911853;
 -0.10397776, 0.70204997, 0.70449591, 0.0032881573;
 0, 0, 0, 1]
Twc:
[0.96982479, 0.22051881, -0.10397776, 0.0003600952;
 -0.085483924, 0.70697832, 0.70204997, -0.002063714;
 0.22832525, -0.67197704, 0.70449591, -0.0025576942;
 0, 0, 0, 1]
Ow:
[5.8342528e-05;
 -0.00033911853;
 0.0032881573]
