Keyframe: 0 Frame: 0 Frame from vFrameID : 99
Tcw:
[0.9434709, 0.046394989, 0.32819235, -0.022880673;
 0.20627204, 0.69287074, -0.69092834, 0.10194576;
 -0.2594505, 0.71956766, 0.64413339, 4.4111614;
 0, 0, 0, 1]
Twc:
[0.9434709, 0.20627204, -0.2594505, 1.1450368;
 0.046394989, 0.69287074, 0.71956766, -3.2437031;
 0.32819235, -0.69092834, 0.64413339, -2.7634301;
 0, 0, 0, 1]
Ow:
[-0.022880673;
 0.10194576;
 4.4111614]
Keyframe: 1 Frame: 493 Frame from vFrameID : 99
Tcw:
[0.95318985, 0.047572162, 0.29860678, 0.0076800864;
 0.18269466, 0.69629657, -0.69411361, 0.0039407276;
 -0.24093936, 0.71617591, 0.65501165, 0.10112121;
 0, 0, 0, 1]
Twc:
[0.95318985, 0.18269466, -0.24093936, 0.01632355;
 0.047572162, 0.69629657, 0.71617591, -0.075529851;
 0.29860678, -0.69411361, 0.65501165, -0.065793581;
 0, 0, 0, 1]
Ow:
[0.0076800864;
 0.0039407276;
 0.10112121]
