Keyframe: 0 Frame: 0 Frame from vFrameID : 273
Tcw:
[0.96046174, -0.029762084, 0.27681664, -0.0042565838;
 0.21915773, 0.69402236, -0.68578631, -0.038317159;
 -0.17170651, 0.719338, 0.67310452, 0.49872869;
 0, 0, 0, 1]
Twc:
[0.96046174, 0.21915773, -0.17170651, 0.098120749;
 -0.029762084, 0.69402236, 0.719338, -0.33228824;
 0.27681664, -0.68578631, 0.67310452, -0.36079562;
 0, 0, 0, 1]
Ow:
[-0.0042565838;
 -0.038317159;
 0.49872869]
Keyframe: 1 Frame: 338 Frame from vFrameID : 273
Tcw:
[0.95454049, -0.014238377, 0.29774103, 0.010082803;
 0.22351256, 0.69505578, -0.68332976, 0.0042737639;
 -0.19721712, 0.71881479, 0.66664135, -0.0026182276;
 0, 0, 0, 1]
Twc:
[0.95454049, 0.22351256, -0.19721712, -0.011096042;
 -0.014238377, 0.69505578, 0.71881479, -0.00094492064;
 0.29774103, -0.68332976, 0.66664135, 0.001663745;
 0, 0, 0, 1]
Ow:
[0.010082803;
 0.0042737639;
 -0.0026182276]
