Keyframe: 0 Frame: 0 Frame from vFrameID : 77
Tcw:
[0.9471305, -0.039048165, 0.31846362, -0.071439564;
 0.259498, 0.67695838, -0.68875837, 0.10695302;
 -0.18869188, 0.73498476, 0.65130085, 2.696569;
 0, 0, 0, 1]
Twc:
[0.9471305, 0.259498, -0.18869188, 0.54872912;
 -0.039048165, 0.67695838, 0.73498476, -2.0571294;
 0.31846362, -0.68875837, 0.65130085, -1.659862;
 0, 0, 0, 1]
Ow:
[-0.071439564;
 0.10695302;
 2.696569]
Keyframe: 1 Frame: 427 Frame from vFrameID : 77
Tcw:
[0.97904402, -0.02387484, -0.20224431, 0.53655475;
 -0.012047351, 0.98457485, -0.17454857, -0.49083319;
 0.20329198, 0.17332724, 0.96365452, -0.11404107;
 0, 0, 0, 1]
Twc:
[0.97904402, -0.012047351, 0.20329198, -0.50804037;
 -0.02387484, 0.98457485, 0.17332724, 0.51583856;
 -0.20224431, -0.17454857, 0.96365452, 0.13273713;
 0, 0, 0, 1]
Ow:
[0.53655475;
 -0.49083319;
 -0.11404107]
