Keyframe: 0 Frame: 0 Frame from vFrameID : 77
Tcw:
[0.92902589, 0.013184365, 0.36977983, -0.074667335;
 0.25555503, 0.6998558, -0.66700333, 0.10494065;
 -0.26758656, 0.71416247, 0.64681482, 2.6105666;
 0, 0, 0, 1]
Twc:
[0.92902589, 0.25555503, -0.26758656, 0.74110234;
 0.013184365, 0.6998558, 0.71416247, -1.9368277;
 0.36977983, -0.66700333, 0.64681482, -1.590947;
 0, 0, 0, 1]
Ow:
[-0.074667335;
 0.10494065;
 2.6105666]
Keyframe: 1 Frame: 415 Frame from vFrameID : 77
Tcw:
[0.93990934, 0.0038502531, 0.34140247, -0.0028527416;
 0.24504474, 0.68868691, -0.68239534, -0.001351539;
 -0.23774682, 0.7250486, 0.6463598, 0.14054692;
 0, 0, 0, 1]
Twc:
[0.93990934, 0.24504474, -0.23774682, 0.036427084;
 0.0038502531, 0.68868691, 0.7250486, -0.10096157;
 0.34140247, -0.68239534, 0.6463598, -0.090792216;
 0, 0, 0, 1]
Ow:
[-0.0028527416;
 -0.001351539;
 0.14054692]
