Keyframe: 0 Frame: 0 Frame from vFrameID : 273
Tcw:
[0.96486413, -0.051114038, 0.25772968, -0.074509606;
 0.21854223, 0.7006619, -0.67919964, 0.022269905;
 -0.14586473, 0.71166021, 0.68721414, 1.1815588;
 0, 0, 0, 1]
Twc:
[0.96486413, 0.21854223, -0.14586473, 0.23937251;
 -0.051114038, 0.7006619, 0.71166021, -0.86028063;
 0.25772968, -0.67919964, 0.68721414, -0.77765489;
 0, 0, 0, 1]
Ow:
[-0.074509606;
 0.022269905;
 1.1815588]
Keyframe: 1 Frame: 429 Frame from vFrameID : 273
Tcw:
[0.96106905, -0.10810184, -0.25428388, 0.56214726;
 0.22254555, 0.84829813, 0.48048288, -1.1678947;
 0.16376746, -0.51836699, 0.83933061, 0.3572405;
 0, 0, 0, 1]
Twc:
[0.96106905, 0.22254555, 0.16376746, -0.33885694;
 -0.10810184, 0.84829813, -0.51836699, 1.2366737;
 -0.25428388, 0.48048288, 0.83933061, 0.40425551;
 0, 0, 0, 1]
Ow:
[0.56214726;
 -1.1678947;
 0.3572405]
