Keyframe: 0 Frame: 0 Frame from vFrameID : 273
Tcw:
[0.9632284, -0.042907935, 0.26523566, 0.026014421;
 0.21870011, 0.69866258, -0.68120545, -0.052755885;
 -0.15608113, 0.71416348, 0.68235558, 0.26804262;
 0, 0, 0, 1]
Twc:
[0.9632284, 0.21870011, -0.15608113, 0.028316278;
 -0.042907935, 0.69866258, 0.71416348, -0.15345146;
 0.26523566, -0.68120545, 0.68235558, -0.22573793;
 0, 0, 0, 1]
Ow:
[0.026014421;
 -0.052755885;
 0.26804262]
Keyframe: 1 Frame: 303 Frame from vFrameID : 273
Tcw:
[0.95647508, -0.050813492, 0.28735587, -0.00060098944;
 0.24080989, 0.69362736, -0.67889005, 0.017598243;
 -0.16482113, 0.71853954, 0.67567372, 0.014734621;
 0, 0, 0, 1]
Twc:
[0.95647508, 0.24080989, -0.16482113, -0.0012344233;
 -0.050813492, 0.69362736, 0.71853954, -0.022824571;
 0.28735587, -0.67889005, 0.67567372, 0.0021641748;
 0, 0, 0, 1]
Ow:
[-0.00060098944;
 0.017598243;
 0.014734621]
