Keyframe: 0 Frame: 0 Frame from vFrameID : 273
Tcw:
[0.95086122, -0.0096723977, 0.30946633, -0.057583854;
 0.22847168, 0.69648272, -0.68022978, 0.012647629;
 -0.20895849, 0.71750838, 0.66446823, 1.0309685;
 0, 0, 0, 1]
Twc:
[0.95086122, 0.22847168, -0.20895849, 0.26729426;
 -0.0096723977, 0.69648272, 0.71750838, -0.74909443;
 0.30946633, -0.68022978, 0.66446823, -0.65862232;
 0, 0, 0, 1]
Ow:
[-0.057583854;
 0.012647629;
 1.0309685]
Keyframe: 1 Frame: 408 Frame from vFrameID : 273
Tcw:
[0.95205569, -0.013995145, 0.30560446, -0.0012239334;
 0.2279132, 0.69881618, -0.67802024, 0.00030601025;
 -0.20407237, 0.71516436, 0.66850162, 0.021765163;
 0, 0, 0, 1]
Twc:
[0.95205569, 0.2279132, -0.20407237, 0.005537177;
 -0.013995145, 0.69881618, 0.71516436, -0.015796643;
 0.30560446, -0.67802024, 0.66850162, -0.013968525;
 0, 0, 0, 1]
Ow:
[-0.0012239334;
 0.00030601025;
 0.021765163]
