Keyframe: 0 Frame: 0 Frame from vFrameID : 77
Tcw:
[0.93355322, 0.0099406922, 0.35830089, -0.042363107;
 0.25640768, 0.67998123, -0.68693572, 0.060509503;
 -0.2504665, 0.73316216, 0.63224977, 2.0672905;
 0, 0, 0, 1]
Twc:
[0.93355322, 0.25640768, -0.2504665, 0.54182017;
 0.0099406922, 0.67998123, 0.73316216, -1.5563835;
 0.35830089, -0.68693572, 0.63224977, -1.2502992;
 0, 0, 0, 1]
Ow:
[-0.042363107;
 0.060509503;
 2.0672905]
Keyframe: 1 Frame: 340 Frame from vFrameID : 77
Tcw:
[0.9276768, 0.018695589, 0.3729158, -0.00044715451;
 0.25246474, 0.70443034, -0.66335469, 0.00093608443;
 -0.27509502, 0.70952684, 0.64876372, 0.025916036;
 0, 0, 0, 1]
Twc:
[0.9276768, 0.25246474, -0.27509502, 0.0073078596;
 0.018695589, 0.70443034, 0.70952684, -0.019039171;
 0.3729158, -0.66335469, 0.64876372, -0.016025677;
 0, 0, 0, 1]
Ow:
[-0.00044715451;
 0.00093608443;
 0.025916036]
