Keyframe: 0 Frame: 0 Frame from vFrameID : 273
Tcw:
[0.95832449, -0.035024356, 0.28352687, -0.019753754;
 0.22509873, 0.70368791, -0.67390937, -0.013427496;
 -0.17591119, 0.70964539, 0.68224531, 0.72524053;
 0, 0, 0, 1]
Twc:
[0.95832449, 0.22509873, -0.17591119, 0.14953095;
 -0.035024356, 0.70368791, 0.70964539, -0.5059067;
 0.28352687, -0.67390937, 0.68224531, -0.49824014;
 0, 0, 0, 1]
Ow:
[-0.019753754;
 -0.013427496;
 0.72524053]
Keyframe: 1 Frame: 368 Frame from vFrameID : 273
Tcw:
[0.95788306, -0.018382594, 0.28656963, 0.0085509121;
 0.21688774, 0.70036143, -0.68003941, 0.010207459;
 -0.18820141, 0.71355164, 0.6748513, 0.020475332;
 0, 0, 0, 1]
Twc:
[0.95788306, 0.21688774, -0.18820141, -0.0065511605;
 -0.018382594, 0.70036143, 0.71355164, -0.02160193;
 0.28656963, -0.68003941, 0.6748513, -0.0093267625;
 0, 0, 0, 1]
Ow:
[0.0085509121;
 0.010207459;
 0.020475332]
