Keyframe: 0 Frame: 0 Frame from vFrameID : 77
Tcw:
[0.94283587, -0.014615899, 0.33293679, -0.094541073;
 0.24595948, 0.70461935, -0.6655941, 0.13177848;
 -0.22486544, 0.70943499, 0.66793531, 2.9850664;
 0, 0, 0, 1]
Twc:
[0.94283587, 0.24595948, -0.22486544, 0.72796279;
 -0.014615899, 0.70461935, 0.70943499, -2.2119458;
 0.33293679, -0.6655941, 0.66793531, -1.8746439;
 0, 0, 0, 1]
Ow:
[-0.094541073;
 0.13177848;
 2.9850664]
Keyframe: 1 Frame: 470 Frame from vFrameID : 77
Tcw:
[0.93398839, 0.0048473771, 0.35727042, 0.0090661487;
 0.24829885, 0.71021104, -0.65874726, 0.0024067331;
 -0.25693062, 0.7039721, 0.66212529, 0.040000569;
 0, 0, 0, 1]
Twc:
[0.93398839, 0.24829885, -0.25693062, 0.0012121033;
 0.0048473771, 0.71021104, 0.7039721, -0.029912522;
 0.35727042, -0.65874726, 0.66212529, -0.028139025;
 0, 0, 0, 1]
Ow:
[0.0090661487;
 0.0024067331;
 0.040000569]
