Keyframe: 0 Frame: 0 Frame from vFrameID : 273
Tcw:
[0.9597466, -0.041188013, 0.27783087, -0.10055292;
 0.22595422, 0.70077413, -0.67665374, 0.037564218;
 -0.16682665, 0.71219319, 0.68187219, 1.3723997;
 0, 0, 0, 1]
Twc:
[0.9597466, 0.22595422, -0.16682665, 0.31697041;
 -0.041188013, 0.70077413, 0.71219319, -1.0078794;
 0.27783087, -0.67665374, 0.68187219, -0.88244653;
 0, 0, 0, 1]
Ow:
[-0.10055292;
 0.037564218;
 1.3723997]
Keyframe: 1 Frame: 457 Frame from vFrameID : 273
Tcw:
[0.95999056, -0.047969703, 0.27589318, -7.1027316e-05;
 0.22565559, 0.71592283, -0.66070724, -0.0041258717;
 -0.16582429, 0.69652957, 0.69810379, 0.027148815;
 0, 0, 0, 1]
Twc:
[0.95999056, 0.22565559, -0.16582429, 0.0055011446;
 -0.047969703, 0.71592283, 0.69652957, -0.015959553;
 0.27589318, -0.66070724, 0.69810379, -0.021659087;
 0, 0, 0, 1]
Ow:
[-7.1027316e-05;
 -0.0041258717;
 0.027148815]
