Keyframe: 0 Frame: 0 Frame from vFrameID : 99
Tcw:
[0.93104422, 0.066269614, 0.35883838, -0.043672442;
 0.23263197, 0.64983618, -0.72359884, 0.11668825;
 -0.28113878, 0.7571798, 0.5896098, 5.1565866;
 0, 0, 0, 1]
Twc:
[0.93104422, 0.23263197, -0.28113878, 1.463232;
 0.066269614, 0.64983618, 0.7571798, -3.9773974;
 0.35883838, -0.72359884, 0.5896098, -2.9402673;
 0, 0, 0, 1]
Ow:
[-0.043672442;
 0.11668825;
 5.1565866]
Keyframe: 1 Frame: 572 Frame from vFrameID : 99
Tcw:
[0.92523545, 0.05733718, 0.37503579, 0.011530433;
 0.2409883, 0.67466301, -0.69767791, 0.0074210986;
 -0.29302564, 0.73589557, 0.61040455, 0.052287471;
 0, 0, 0, 1]
Twc:
[0.92523545, 0.2409883, -0.29302564, 0.0028648069;
 0.05733718, 0.67466301, 0.73589557, -0.044145983;
 0.37503579, -0.69767791, 0.61040455, -0.031063296;
 0, 0, 0, 1]
Ow:
[0.011530433;
 0.0074210986;
 0.052287471]
