Keyframe: 0 Frame: 0 Frame from vFrameID : 77
Tcw:
[0.93604338, -0.03741448, 0.34988996, -0.078730881;
 0.28077164, 0.67877454, -0.67855173, 0.11510372;
 -0.21210875, 0.73339301, 0.64586729, 2.7755845;
 0, 0, 0, 1]
Twc:
[0.93604338, 0.28077164, -0.21210875, 0.63010341;
 -0.03741448, 0.67877454, 0.73339301, -2.1166694;
 0.34988996, -0.67855173, 0.64586729, -1.6870084;
 0, 0, 0, 1]
Ow:
[-0.078730881;
 0.11510372;
 2.7755845]
Keyframe: 1 Frame: 438 Frame from vFrameID : 77
Tcw:
[0.92575967, -0.036007632, 0.376394, 0.0029046154;
 0.303877, 0.66322446, -0.68395329, 0.010739352;
 -0.22500616, 0.74755388, 0.62492836, 0.038406722;
 0, 0, 0, 1]
Twc:
[0.92575967, 0.303877, -0.22500616, 0.0026893318;
 -0.036007632, 0.66322446, 0.74755388, -0.035729107;
 0.376394, -0.68395329, 0.62492836, -0.017749514;
 0, 0, 0, 1]
Ow:
[0.0029046154;
 0.010739352;
 0.038406722]
