Keyframe: 0 Frame: 0 Frame from vFrameID : 273
Tcw:
[0.94882387, -0.010584092, 0.31562835, -0.061626345;
 0.23009977, 0.7077117, -0.66798073, 0.016038477;
 -0.21630393, 0.70642203, 0.67392915, 1.0514486;
 0, 0, 0, 1]
Twc:
[0.94882387, 0.23009977, -0.21630393, 0.28221455;
 -0.010584092, 0.7077117, 0.70642203, -0.75476938;
 0.31562835, -0.66798073, 0.67392915, -0.67843747;
 0, 0, 0, 1]
Ow:
[-0.061626345;
 0.016038477;
 1.0514486]
Keyframe: 1 Frame: 412 Frame from vFrameID : 273
Tcw:
[0.94851422, -0.015637651, 0.31634822, 0.002291671;
 0.23230584, 0.71327156, -0.66126978, -5.1725656e-06;
 -0.21530147, 0.70071334, 0.68018091, 0.046814915;
 0, 0, 0, 1]
Twc:
[0.94851422, 0.23230584, -0.21530147, 0.0079068402;
 -0.015637651, 0.71327156, 0.70071334, -0.032764308;
 0.31634822, -0.66126978, 0.68018091, -0.032570999;
 0, 0, 0, 1]
Ow:
[0.002291671;
 -5.1725656e-06;
 0.046814915]
