Keyframe: 0 Frame: 0 Frame from vFrameID : 99
Tcw:
[0.9468872, 0.037340235, 0.31939065, -0.033543527;
 0.21232843, 0.67332476, -0.70820224, 0.11642694;
 -0.24149808, 0.73840332, 0.6296342, 5.1044693;
 0, 0, 0, 1]
Twc:
[0.9468872, 0.21232843, -0.24149808, 1.2397606;
 0.037340235, 0.67332476, 0.73840332, -3.8462977;
 0.31939065, -0.70820224, 0.6296342, -3.1207809;
 0, 0, 0, 1]
Ow:
[-0.033543527;
 0.11642694;
 5.1044693]
Keyframe: 1 Frame: 566 Frame from vFrameID : 99
Tcw:
[0.93699771, 0.037270635, 0.34734166, 0.0065826382;
 0.23124155, 0.67909884, -0.69667214, -0.010669652;
 -0.26184472, 0.7331, 0.62769556, 0.088447288;
 0, 0, 0, 1]
Twc:
[0.93699771, 0.23124155, -0.26184472, 0.019458806;
 0.037270635, 0.67909884, 0.7331, -0.057840295;
 0.34734166, -0.69667214, 0.62769556, -0.065237641;
 0, 0, 0, 1]
Ow:
[0.0065826382;
 -0.010669652;
 0.088447288]
