Keyframe: 0 Frame: 0 Frame from vFrameID : 273
Tcw:
[0.96250212, -0.022720441, 0.27032101, 0.027092189;
 0.20606616, 0.70931447, -0.67409921, -0.061342567;
 -0.17642677, 0.70452595, 0.68739855, 0.17602602;
 0, 0, 0, 1]
Twc:
[0.96250212, 0.20606616, -0.17642677, 0.017620042;
 -0.022720441, 0.70931447, 0.70452595, -0.07988818;
 0.27032101, -0.67409921, 0.68739855, -0.16967461;
 0, 0, 0, 1]
Ow:
[0.027092189;
 -0.061342567;
 0.17602602]
Keyframe: 1 Frame: 283 Frame from vFrameID : 273
Tcw:
[0.96430379, -0.028297711, 0.26328212, -nan;
 0.20450878, 0.71118546, -0.67260045, -nan;
 -0.16820936, 0.70243466, 0.69158596, inf;
 0, 0, 0, 1]
Twc:
[0.96430379, 0.20450878, -0.16820936, inf;
 -0.028297711, 0.71118546, 0.70243466, -inf;
 0.26328212, -0.67260045, 0.69158596, -inf;
 0, 0, 0, 1]
Ow:
[-nan;
 -nan;
 inf]
