Keyframe: 0 Frame: 0 Frame from vFrameID : 99
Tcw:
[0.93861502, 0.02670766, 0.34393099, -0.034145057;
 0.23097523, 0.69187397, -0.68407661, 0.1077565;
 -0.25622699, 0.72152412, 0.64323449, 4.496295;
 0, 0, 0, 1]
Twc:
[0.93861502, 0.23097523, -0.25622699, 1.1592323;
 0.02670766, 0.69187397, 0.72152412, -3.3178272;
 0.34393099, -0.68407661, 0.64323449, -2.806715;
 0, 0, 0, 1]
Ow:
[-0.034145057;
 0.1077565;
 4.496295]
Keyframe: 1 Frame: 502 Frame from vFrameID : 99
Tcw:
[0.93344682, 0.026438693, 0.35774019, 0.003285341;
 0.24280435, 0.68753189, -0.68435806, 0.017764553;
 -0.26405132, 0.72567272, 0.635355, 0.49641818;
 0, 0, 0, 1]
Twc:
[0.93344682, 0.24280435, -0.26405132, 0.12369987;
 0.026438693, 0.68753189, 0.72567272, -0.3725377;
 0.35774019, -0.68435806, 0.635355, -0.30441979;
 0, 0, 0, 1]
Ow:
[0.003285341;
 0.017764553;
 0.49641818]
