Keyframe: 0 Frame: 0 Frame from vFrameID : 273
Tcw:
[0.96232474, -0.050294574, 0.26721066, -0.012747683;
 0.22808865, 0.68427241, -0.69263762, -0.027515918;
 -0.14800897, 0.72749001, 0.6699639, 0.6336751;
 0, 0, 0, 1]
Twc:
[0.96232474, 0.22808865, -0.14800897, 0.11233307;
 -0.050294574, 0.68427241, 0.72749001, -0.44280508;
 0.26721066, -0.69263762, 0.6699639, -0.44019166;
 0, 0, 0, 1]
Ow:
[-0.012747683;
 -0.027515918;
 0.6336751]
Keyframe: 1 Frame: 353 Frame from vFrameID : 273
Tcw:
[0.96216643, -0.071536399, 0.26290366, -0.00077299378;
 0.24224018, 0.66629785, -0.7052424, 0.0072784806;
 -0.12472165, 0.74224639, 0.65841842, 0.018198095;
 0, 0, 0, 1]
Twc:
[0.96216643, 0.24224018, -0.12472165, 0.0012503046;
 -0.071536399, 0.66629785, 0.74224639, -0.018412404;
 0.26290366, -0.7052424, 0.65841842, -0.006645645;
 0, 0, 0, 1]
Ow:
[-0.00077299378;
 0.0072784806;
 0.018198095]
