Keyframe: 0 Frame: 0 Frame from vFrameID : 273
Tcw:
[0.97069943, -0.042845253, 0.23644632, -0.013910733;
 0.20029134, 0.68790424, -0.69761819, -0.026691139;
 -0.13276279, 0.72453576, 0.67632979, 0.66573703;
 0, 0, 0, 1]
Twc:
[0.97069943, 0.20029134, -0.13276279, 0.10723425;
 -0.042845253, 0.68790424, 0.72453576, -0.46458533;
 0.23644632, -0.69761819, 0.67632979, -0.46558887;
 0, 0, 0, 1]
Ow:
[-0.013910733;
 -0.026691139;
 0.66573703]
Keyframe: 1 Frame: 358 Frame from vFrameID : 273
Tcw:
[0.97253865, -0.042379525, 0.22885041, 0.002941916;
 0.19357163, 0.69322366, -0.69424129, 0.0014076335;
 -0.12922291, 0.71947545, 0.68239033, 0.023594793;
 0, 0, 0, 1]
Twc:
[0.97253865, 0.19357163, -0.12922291, -8.4617292e-05;
 -0.042379525, 0.69322366, 0.71947545, -0.017827002;
 0.22885041, -0.69424129, 0.68239033, -0.015796879;
 0, 0, 0, 1]
Ow:
[0.002941916;
 0.0014076335;
 0.023594793]
