Keyframe: 0 Frame: 0 Frame from vFrameID : 273
Tcw:
[0.94908971, -0.01064417, 0.3148261, -0.08806023;
 0.23278147, 0.69704735, -0.67818713, 0.026707709;
 -0.21222995, 0.71694613, 0.66403818, 1.2771225;
 0, 0, 0, 1]
Twc:
[0.94908971, 0.23278147, -0.21222995, 0.34840366;
 -0.01064417, 0.69704735, 0.71694613, -0.93518186;
 0.3148261, -0.67818713, 0.66403818, -0.80222172;
 0, 0, 0, 1]
Ow:
[-0.08806023;
 0.026707709;
 1.2771225]
Keyframe: 1 Frame: 443 Frame from vFrameID : 273
Tcw:
[0.94861609, -0.0069301492, 0.31635344, -0.00091469381;
 0.23054953, 0.69991529, -0.67599225, 8.167699e-05;
 -0.21673587, 0.71419227, 0.66554862, 0.014001451;
 0, 0, 0, 1]
Twc:
[0.94861609, 0.23054953, -0.21673587, 0.0038834796;
 -0.0069301492, 0.69991529, 0.71419227, -0.010063235;
 0.31635344, -0.67599225, 0.66554862, -0.0089740679;
 0, 0, 0, 1]
Ow:
[-0.00091469381;
 8.167699e-05;
 0.014001451]
