Keyframe: 0 Frame: 0 Frame from vFrameID : 273
Tcw:
[0.96778375, -0.048755426, 0.24701732, 0.024219893;
 0.20833671, 0.70598233, -0.67689341, -0.058551036;
 -0.14138764, 0.70654923, 0.69339579, 0.24437054;
 0, 0, 0, 1]
Twc:
[0.96778375, 0.20833671, -0.14138764, 0.023309685;
 -0.048755426, 0.70598233, 0.70654923, -0.13014297;
 0.24701732, -0.67689341, 0.69339579, -0.21506104;
 0, 0, 0, 1]
Ow:
[0.024219893;
 -0.058551036;
 0.24437054]
Keyframe: 1 Frame: 292 Frame from vFrameID : 273
Tcw:
[0.97258061, -0.1019426, 0.20903255, 0.083491653;
 0.21574375, 0.73110563, -0.64725512, -0.053860895;
 -0.086842, 0.67460525, 0.73305267, -0.013439301;
 0, 0, 0, 1]
Twc:
[0.97258061, 0.21574375, -0.086842, -0.070749305;
 -0.1019426, 0.73110563, 0.67460525, 0.056955587;
 0.20903255, -0.64725512, 0.73305267, -0.042462498;
 0, 0, 0, 1]
Ow:
[0.083491653;
 -0.053860895;
 -0.013439301]
