Keyframe: 0 Frame: 0 Frame from vFrameID : 77
Tcw:
[0.93182242, -0.0090464382, 0.36280176, -0.061482668;
 0.26804239, 0.691109, -0.6712091, 0.091198027;
 -0.24466352, 0.72269392, 0.64641571, 2.3791564;
 0, 0, 0, 1]
Twc:
[0.93182242, 0.26804239, -0.24466352, 0.61493874;
 -0.0090464382, 0.691109, 0.72269392, -1.7829858;
 0.36280176, -0.6712091, 0.64641571, -1.4544051;
 0, 0, 0, 1]
Ow:
[-0.061482668;
 0.091198027;
 2.3791564]
Keyframe: 1 Frame: 382 Frame from vFrameID : 77
Tcw:
[0.95456338, 0.020243619, -0.29731956, 0.68948376;
 -0.22500251, 0.70314312, -0.67450994, -0.26521355;
 0.19540368, 0.71076012, 0.67574954, 0.35989434;
 0, 0, 0, 1]
Twc:
[0.95456338, -0.22500251, 0.19540368, -0.78815436;
 0.020243619, 0.70314312, 0.71076012, -0.083273113;
 -0.29731956, -0.67450994, 0.67574954, -0.21709056;
 0, 0, 0, 1]
Ow:
[0.68948376;
 -0.26521355;
 0.35989434]
