Keyframe: 0 Frame: 0 Frame from vFrameID : 77
Tcw:
[0.9474408, -0.025899528, 0.31888115, -0.023852646;
 0.24752009, 0.69085246, -0.67930603, 0.04749155;
 -0.20270611, 0.72253174, 0.66095245, 1.7894971;
 0, 0, 0, 1]
Twc:
[0.9474408, 0.24752009, -0.20270611, 0.37358591;
 -0.025899528, 0.69085246, 0.72253174, -1.3263959;
 0.31888115, -0.67930603, 0.66095245, -1.1429051;
 0, 0, 0, 1]
Ow:
[-0.023852646;
 0.04749155;
 1.7894971]
Keyframe: 1 Frame: 301 Frame from vFrameID : 77
Tcw:
[0.94122297, 0.0056149075, 0.33773932, -0.0013810969;
 0.24543406, 0.6756016, -0.69521552, 0.011842479;
 -0.23208079, 0.73724556, 0.63451362, 0.041086067;
 0, 0, 0, 1]
Twc:
[0.94122297, 0.24543406, -0.23208079, 0.0079286592;
 0.0056149075, 0.6756016, 0.73724556, -0.03828356;
 0.33773932, -0.69521552, 0.63451362, -0.017370144;
 0, 0, 0, 1]
Ow:
[-0.0013810969;
 0.011842479;
 0.041086067]
