Keyframe: 0 Frame: 0 Frame from vFrameID : 273
Tcw:
[0.97265041, -0.049673084, 0.22690041, 0.0037433431;
 0.192298, 0.72011751, -0.66667253, -0.043872774;
 -0.13027929, 0.6920718, 0.70997465, 0.4518041;
 0, 0, 0, 1]
Twc:
[0.97265041, 0.192298, -0.13027929, 0.06365639;
 -0.049673084, 0.72011751, 0.6920718, -0.28090134;
 0.22690041, -0.66667253, 0.70997465, -0.35086757;
 0, 0, 0, 1]
Ow:
[0.0037433431;
 -0.043872774;
 0.4518041]
Keyframe: 1 Frame: 328 Frame from vFrameID : 273
Tcw:
[0.9751038, -0.033562239, 0.21919444, 0.0035136356;
 0.17420433, 0.72755742, -0.66356093, -0.0088342661;
 -0.13720594, 0.68522537, 0.71529067, 0.007814534;
 0, 0, 0, 1]
Twc:
[0.9751038, 0.17420433, -0.13720594, -0.0008149913;
 -0.033562239, 0.72755742, 0.68522537, 0.0011906445;
 0.21919444, -0.66356093, 0.71529067, -0.012221905;
 0, 0, 0, 1]
Ow:
[0.0035136356;
 -0.0088342661;
 0.007814534]
