Keyframe: 0 Frame: 0 Frame from vFrameID : 90
Tcw:
[0.9542439, -0.01399408, 0.2987017, 0.048197374;
 0.22771412, 0.6814487, -0.69553864, -0.077617705;
 -0.19381645, 0.73173207, 0.6534549, 0.08098761;
 0, 0, 0, 1]
Twc:
[0.9542439, 0.22771412, -0.19381645, -0.012620671;
 -0.01399408, 0.6814487, 0.73173207, -0.0056942739;
 0.2987017, -0.69553864, 0.6534549, -0.1213045;
 0, 0, 0, 1]
Ow:
[0.048197374;
 -0.077617705;
 0.08098761]
Keyframe: 1 Frame: 89 Frame from vFrameID : 90
Tcw:
[0.95733374, -0.011821499, 0.28874266, 0.049125053;
 0.2208657, 0.67427289, -0.70468038, -0.077907287;
 -0.18636096, 0.73838764, 0.64811516, 0.082216367;
 0, 0, 0, 1]
Twc:
[0.95733374, 0.2208657, -0.18636096, -0.0145001;
 -0.011821499, 0.67427289, 0.73838764, -0.0075960523;
 0.28874266, -0.70468038, 0.64811516, -0.12236991;
 0, 0, 0, 1]
Ow:
[0.049125053;
 -0.077907287;
 0.082216367]
Keyframe: 2 Frame: 92 Frame from vFrameID : 93
Tcw:
[0.95598513, -0.019333016, 0.29277748, 0.04977864;
 0.22883488, 0.67366773, -0.70271361, -0.079672024;
 -0.18364917, 0.73878145, 0.64844036, 0.084143884;
 0, 0, 0, 1]
Twc:
[0.95598513, 0.22883488, -0.18364917, -0.013902947;
 -0.019333016, 0.67366773, 0.73878145, -0.0075291041;
 0.29277748, -0.70271361, 0.64844036, -0.12512298;
 0, 0, 0, 1]
Ow:
[0.04977864;
 -0.079672024;
 0.084143884]
Keyframe: 3 Frame: 94 Frame from vFrameID : 95
Tcw:
[0.95652044, -0.018864257, 0.29105464, 0.051537428;
 0.226439, 0.67699319, -0.70028967, -0.082300104;
 -0.18383157, 0.73574746, 0.65182942, 0.092409089;
 0, 0, 0, 1]
Twc:
[0.95652044, 0.226439, -0.18383157, -0.013672946;
 -0.018864257, 0.67699319, 0.73574746, -0.011300931;
 0.29105464, -0.70028967, 0.65182942, -0.13286908;
 0, 0, 0, 1]
Ow:
[0.051537428;
 -0.082300104;
 0.092409089]
Keyframe: 4 Frame: 96 Frame from vFrameID : 97
Tcw:
[0.95852095, -0.022534987, 0.28412989, 0.07005249;
 0.22339129, 0.67850667, -0.69980353, -0.067418747;
 -0.17701396, 0.73424846, 0.655397, 0.10027237;
 0, 0, 0, 1]
Twc:
[0.95852095, 0.22339129, -0.17701396, -0.03433641;
 -0.022534987, 0.67850667, 0.73424846, -0.026302133;
 0.28412989, -0.69980353, 0.655397, -0.1328021;
 0, 0, 0, 1]
Ow:
[0.07005249;
 -0.067418747;
 0.10027237]
Keyframe: 5 Frame: 99 Frame from vFrameID : 100
Tcw:
[0.95094126, -0.0051601147, 0.30932847, 0.058725864;
 0.22704567, 0.69081062, -0.68646264, -0.084311508;
 -0.21014518, 0.72301733, 0.6580919, 0.10934961;
 0, 0, 0, 1]
Twc:
[0.95094126, 0.22704567, -0.21014518, -0.013722996;
 -0.0051601147, 0.69081062, 0.72301733, -0.020515341;
 0.30932847, -0.68646264, 0.6580919, -0.14800437;
 0, 0, 0, 1]
Ow:
[0.058725864;
 -0.084311508;
 0.10934961]
Keyframe: 6 Frame: 102 Frame from vFrameID : 103
Tcw:
[0.94739723, 0.0058046957, 0.3200075, 0.055173323;
 0.22936505, 0.68502438, -0.69147182, -0.083582401;
 -0.22322671, 0.72849703, 0.64765877, 0.15189861;
 0, 0, 0, 1]
Twc:
[0.94739723, 0.22936505, -0.22322671, 0.0008076583;
 0.0058046957, 0.68502438, 0.72849703, -0.053721972;
 0.3200075, -0.69147182, 0.64765877, -0.17382923;
 0, 0, 0, 1]
Ow:
[0.055173323;
 -0.083582401;
 0.15189861]
Keyframe: 7 Frame: 106 Frame from vFrameID : 107
Tcw:
[0.93790203, 0.025730612, 0.34594461, 0.065583706;
 0.23615147, 0.68314272, -0.69104886, -0.084604286;
 -0.25411066, 0.72983146, 0.63464463, 0.15833586;
 0, 0, 0, 1]
Twc:
[0.93790203, 0.23615147, -0.25411066, -0.0012968379;
 0.025730612, 0.68314272, 0.72983146, -0.0594492;
 0.34594461, -0.69104886, 0.63464463, -0.18164103;
 0, 0, 0, 1]
Ow:
[0.065583706;
 -0.084604286;
 0.15833586]
Keyframe: 8 Frame: 109 Frame from vFrameID : 110
Tcw:
[0.9272632, 0.032310404, 0.37301344, 0.076629676;
 0.24834119, 0.69249773, -0.67732823, -0.087304428;
 -0.28019571, 0.72069609, 0.63410366, 0.17427669;
 0, 0, 0, 1]
Twc:
[0.9272632, 0.24834119, -0.28019571, -0.00054300769;
 0.032310404, 0.69249773, 0.72069609, -0.067618363;
 0.37301344, -0.67732823, 0.63410366, -0.19822714;
 0, 0, 0, 1]
Ow:
[0.076629676;
 -0.087304428;
 0.17427669]
Keyframe: 9 Frame: 113 Frame from vFrameID : 114
Tcw:
[0.91706753, 0.033000275, 0.39736399, 0.029545892;
 0.26780978, 0.6873455, -0.67515486, -0.064920783;
 -0.29540664, 0.72558057, 0.62150443, 0.23031446;
 0, 0, 0, 1]
Twc:
[0.91706753, 0.26780978, -0.29540664, 0.058327265;
 0.033000275, 0.6873455, 0.72558057, -0.12346371;
 0.39736399, -0.67515486, 0.62150443, -0.19871351;
 0, 0, 0, 1]
Ow:
[0.029545892;
 -0.064920783;
 0.23031446]
Keyframe: 10 Frame: 118 Frame from vFrameID : 119
Tcw:
[0.92891055, 0.0091207474, 0.37019184, 0.05088494;
 0.26848143, 0.6719206, -0.69024664, -0.06249775;
 -0.25503507, 0.74056703, 0.62170541, 0.29676265;
 0, 0, 0, 1]
Twc:
[0.92891055, 0.26848143, -0.25503507, 0.045196809;
 0.0091207474, 0.6719206, 0.74056703, -0.17824319;
 0.37019184, -0.69024664, 0.62170541, -0.24647497;
 0, 0, 0, 1]
Ow:
[0.05088494;
 -0.06249775;
 0.29676265]
Keyframe: 11 Frame: 123 Frame from vFrameID : 124
Tcw:
[0.94096905, -0.0021669497, 0.33848569, 0.061908484;
 0.25756252, 0.65342742, -0.71182454, -0.06113328;
 -0.21963336, 0.75698608, 0.61541313, 0.34957564;
 0, 0, 0, 1]
Twc:
[0.94096905, 0.25756252, -0.21963336, 0.034270141;
 -0.0021669497, 0.65342742, 0.75698608, -0.22454357;
 0.33848569, -0.71182454, 0.61541313, -0.27960473;
 0, 0, 0, 1]
Ow:
[0.061908484;
 -0.06113328;
 0.34957564]
Keyframe: 12 Frame: 129 Frame from vFrameID : 130
Tcw:
[0.94147354, 0.0054940665, 0.33704215, 0.08808963;
 0.24917589, 0.66204959, -0.70682508, -0.077533916;
 -0.22702198, 0.7494399, 0.62193316, 0.37985319;
 0, 0, 0, 1]
Twc:
[0.94147354, 0.24917589, -0.22702198, 0.022620548;
 0.0054940665, 0.66204959, 0.7494399, -0.23382981;
 0.33704215, -0.70682508, 0.62193316, -0.32073614;
 0, 0, 0, 1]
Ow:
[0.08808963;
 -0.077533916;
 0.37985319]
Keyframe: 13 Frame: 134 Frame from vFrameID : 135
Tcw:
[0.92431307, 0.022344766, 0.38098034, -0.0044672564;
 0.27467668, 0.65410519, -0.70476884, -0.086219296;
 -0.26494911, 0.75607347, 0.59846044, 0.44444805;
 0, 0, 0, 1]
Twc:
[0.92431307, 0.27467668, -0.26494911, 0.1455677;
 0.022344766, 0.65410519, 0.75607347, -0.27953905;
 0.38098034, -0.70476884, 0.59846044, -0.32504728;
 0, 0, 0, 1]
Ow:
[-0.0044672564;
 -0.086219296;
 0.44444805]
Keyframe: 14 Frame: 140 Frame from vFrameID : 141
Tcw:
[0.90712565, 0.042906083, 0.41866714, 0.0044759661;
 0.28519118, 0.66889477, -0.68647343, -0.012208685;
 -0.30949813, 0.74211782, 0.59453511, 0.50752276;
 0, 0, 0, 1]
Twc:
[0.90712565, 0.28519118, -0.30949813, 0.15649889;
 0.042906083, 0.66889477, 0.74211782, -0.36866742;
 0.41866714, -0.68647343, 0.59453511, -0.311995;
 0, 0, 0, 1]
Ow:
[0.0044759661;
 -0.012208685;
 0.50752276]
Keyframe: 15 Frame: 146 Frame from vFrameID : 147
Tcw:
[0.90322918, 0.040232286, 0.42726859, -0.10451928;
 0.29899678, 0.65520549, -0.69376272, -0.016683072;
 -0.30786037, 0.75437868, 0.57977134, 0.66884434;
 0, 0, 0, 1]
Twc:
[0.90322918, 0.29899678, -0.30786037, 0.30530372;
 0.040232286, 0.65520549, 0.75437868, -0.48942599;
 0.42726859, -0.69376272, 0.57977134, -0.35469308;
 0, 0, 0, 1]
Ow:
[-0.10451928;
 -0.016683072;
 0.66884434]
Keyframe: 16 Frame: 153 Frame from vFrameID : 154
Tcw:
[0.93556613, 0.0089706853, 0.35303763, 0.036058344;
 0.26593059, 0.63988847, -0.72098798, -0.00027695298;
 -0.23237246, 0.76841545, 0.59627235, 0.71880889;
 0, 0, 0, 1]
Twc:
[0.93556613, 0.26593059, -0.23237246, 0.13337009;
 0.0089706853, 0.63988847, 0.76841545, -0.55249012;
 0.35303763, -0.72098798, 0.59627235, -0.44153556;
 0, 0, 0, 1]
Ow:
[0.036058344;
 -0.00027695298;
 0.71880889]
Keyframe: 17 Frame: 159 Frame from vFrameID : 160
Tcw:
[0.94165576, 0.013735207, 0.33629718, 0.038525403;
 0.25411591, 0.62616628, -0.73711658, -0.034831047;
 -0.22070242, 0.77956855, 0.58614278, 0.74196696;
 0, 0, 0, 1]
Twc:
[0.94165576, 0.25411591, -0.22070242, 0.13632734;
 0.013735207, 0.62616628, 0.77956855, -0.5571332;
 0.33629718, -0.73711658, 0.58614278, -0.47352907;
 0, 0, 0, 1]
Ow:
[0.038525403;
 -0.034831047;
 0.74196696]
Keyframe: 18 Frame: 166 Frame from vFrameID : 167
Tcw:
[0.92933297, 0.019322824, 0.36873689, -0.05664666;
 0.27866212, 0.61848557, -0.73472649, 0.0012238026;
 -0.24225545, 0.78555852, 0.56939447, 0.83965379;
 0, 0, 0, 1]
Twc:
[0.92933297, 0.27866212, -0.24225545, 0.25571328;
 0.019322824, 0.61848557, 0.78555852, -0.6592595;
 0.36873689, -0.73472649, 0.56939447, -0.45630738;
 0, 0, 0, 1]
Ow:
[-0.05664666;
 0.0012238026;
 0.83965379]
Keyframe: 19 Frame: 173 Frame from vFrameID : 174
Tcw:
[0.90577185, 0.037455119, 0.42210716, -0.17889145;
 0.30593118, 0.63145632, -0.71250898, -0.0023079515;
 -0.29322934, 0.77450633, 0.56049669, 0.94657689;
 0, 0, 0, 1]
Twc:
[0.90577185, 0.30593118, -0.29322934, 0.44030502;
 0.037455119, 0.63145632, 0.77450633, -0.72497201;
 0.42210716, -0.71250898, 0.56049669, -0.45668626;
 0, 0, 0, 1]
Ow:
[-0.17889145;
 -0.0023079515;
 0.94657689]
Keyframe: 20 Frame: 180 Frame from vFrameID : 181
Tcw:
[0.91805524, 0.014246434, 0.39619642, -0.16269709;
 0.30312997, 0.61885726, -0.72465706, -0.056870192;
 -0.25551283, 0.78537422, 0.56382662, 1.0262269;
 0, 0, 0, 1]
Twc:
[0.91805524, 0.30312997, -0.25551283, 0.42881814;
 0.014246434, 0.61885726, 0.78537422, -0.7684598;
 0.39619642, -0.72465706, 0.56382662, -0.55536544;
 0, 0, 0, 1]
Ow:
[-0.16269709;
 -0.056870192;
 1.0262269]
Keyframe: 21 Frame: 188 Frame from vFrameID : 189
Tcw:
[0.92534322, -0.015484776, 0.37881422, -0.14367776;
 0.30371708, 0.62832272, -0.7162168, -0.024410844;
 -0.22692713, 0.77779865, 0.58611715, 1.0578187;
 0, 0, 0, 1]
Twc:
[0.92534322, 0.30371708, -0.22692713, 0.38041297;
 -0.015484776, 0.62832272, 0.77779865, -0.80965692;
 0.37881422, -0.7162168, 0.58611715, -0.58306193;
 0, 0, 0, 1]
Ow:
[-0.14367776;
 -0.024410844;
 1.0578187]
Keyframe: 22 Frame: 196 Frame from vFrameID : 197
Tcw:
[0.91263938, 0.0076328563, 0.40869442, -0.14965108;
 0.31429526, 0.62616819, -0.71353477, -0.062517852;
 -0.26135775, 0.77965063, 0.56906676, 1.1177236;
 0, 0, 0, 1]
Twc:
[0.91263938, 0.31429526, -0.26135775, 0.44835228;
 0.0076328563, 0.62616819, 0.77965063, -0.83114493;
 0.40869442, -0.71353477, 0.56906676, -0.61950648;
 0, 0, 0, 1]
Ow:
[-0.14965108;
 -0.062517852;
 1.1177236]
Keyframe: 23 Frame: 204 Frame from vFrameID : 205
Tcw:
[0.8871401, 0.027321076, 0.46069077, -0.20304933;
 0.34270814, 0.62956452, -0.69728017, -0.066002011;
 -0.30908501, 0.77646768, 0.5491488, 1.2849326;
 0, 0, 0, 1]
Twc:
[0.8871401, 0.34270814, -0.30908501, 0.59990603;
 0.027321076, 0.62956452, 0.77646768, -0.95060861;
 0.46069077, -0.69728017, 0.5491488, -0.6580981;
 0, 0, 0, 1]
Ow:
[-0.20304933;
 -0.066002011;
 1.2849326]
Keyframe: 24 Frame: 213 Frame from vFrameID : 214
Tcw:
[0.90790308, 0.021299973, 0.41863862, -0.15972111;
 0.31552243, 0.62277263, -0.7159608, -0.0082419217;
 -0.27596661, 0.7821129, 0.55869657, 1.3236103;
 0, 0, 0, 1]
Twc:
[0.90790308, 0.31552243, -0.27596661, 0.51288402;
 0.021299973, 0.62277263, 0.7821129, -1.0266777;
 0.41863862, -0.7159608, 0.55869657, -0.67853194;
 0, 0, 0, 1]
Ow:
[-0.15972111;
 -0.0082419217;
 1.3236103]
Keyframe: 25 Frame: 219 Frame from vFrameID : 220
Tcw:
[0.92824888, -0.034317508, 0.37037322, -0.11820737;
 0.31369346, 0.60729355, -0.72992533, 0.052740932;
 -0.19987606, 0.79373604, 0.57448471, 1.4176852;
 0, 0, 0, 1]
Twc:
[0.92824888, 0.31369346, -0.19987606, 0.37654266;
 -0.034317508, 0.60729355, 0.79373604, -1.1613536;
 0.37037322, -0.72992533, 0.57448471, -0.73216069;
 0, 0, 0, 1]
Ow:
[-0.11820737;
 0.052740932;
 1.4176852]
Keyframe: 26 Frame: 225 Frame from vFrameID : 226
Tcw:
[0.9420169, -0.020298097, 0.33495095, -0.11020252;
 0.26430669, 0.65988165, -0.70334786, 0.029265702;
 -0.20675136, 0.75109535, 0.6269846, 1.4070373;
 0, 0, 0, 1]
Twc:
[0.9420169, 0.26430669, -0.20675136, 0.38698438;
 -0.020298097, 0.65988165, 0.75109535, -1.0783679;
 0.33495095, -0.70334786, 0.6269846, -0.82469428;
 0, 0, 0, 1]
Ow:
[-0.11020252;
 0.029265702;
 1.4070373]
Keyframe: 27 Frame: 232 Frame from vFrameID : 233
Tcw:
[0.9229883, 0.030430481, 0.38362303, -0.014463753;
 0.27525932, 0.6444459, -0.71338755, 0.030864358;
 -0.26893303, 0.76404417, 0.58643973, 1.5747519;
 0, 0, 0, 1]
Twc:
[0.9229883, 0.27525932, -0.26893303, 0.42835692;
 0.030430481, 0.6444459, 0.76404417, -1.2226303;
 0.38362303, -0.71338755, 0.58643973, -0.89593017;
 0, 0, 0, 1]
Ow:
[-0.014463753;
 0.030864358;
 1.5747519]
Keyframe: 28 Frame: 234 Frame from vFrameID : 235
Tcw:
[0.92417443, 0.047338001, 0.37902603, 0.012901634;
 0.25669807, 0.65783882, -0.70806366, -0.023702025;
 -0.28285635, 0.75166959, 0.59580624, 1.5677367;
 0, 0, 0, 1]
Twc:
[0.92417443, 0.25669807, -0.28285635, 0.43760523;
 0.047338001, 0.65783882, 0.75166959, -1.1634387;
 0.37902603, -0.70806366, 0.59580624, -0.95573997;
 0, 0, 0, 1]
Ow:
[0.012901634;
 -0.023702025;
 1.5677367]
Keyframe: 29 Frame: 241 Frame from vFrameID : 242
Tcw:
[0.90908474, 0.047175035, 0.41393167, 0.021614015;
 0.2875368, 0.64793593, -0.70533794, 0.0042470098;
 -0.30147552, 0.76023257, 0.57546413, 1.6124222;
 0, 0, 0, 1]
Twc:
[0.90908474, 0.2875368, -0.30147552, 0.46523574;
 0.047175035, 0.64793593, 0.76023257, -1.2295873;
 0.41393167, -0.70533794, 0.57546413, -0.9338423;
 0, 0, 0, 1]
Ow:
[0.021614015;
 0.0042470098;
 1.6124222]
Keyframe: 30 Frame: 249 Frame from vFrameID : 250
Tcw:
[0.93402737, 0.045970663, 0.35423088, 0.012671202;
 0.24719399, 0.63267946, -0.7339018, 0.01199919;
 -0.25785255, 0.7730481, 0.57957631, 1.7026906;
 0, 0, 0, 1]
Twc:
[0.93402737, 0.24719399, -0.25785255, 0.42424175;
 0.045970663, 0.63267946, 0.7730481, -1.3244359;
 0.35423088, -0.7339018, 0.57957631, -0.98252141;
 0, 0, 0, 1]
Ow:
[0.012671202;
 0.01199919;
 1.7026906]
Keyframe: 31 Frame: 257 Frame from vFrameID : 258
Tcw:
[0.91520476, 0.034049314, 0.40154812, -0.018588901;
 0.28436273, 0.65147817, -0.70335913, -0.018217444;
 -0.28554872, 0.75790292, 0.58655357, 1.7865756;
 0, 0, 0, 1]
Twc:
[0.91520476, 0.28436273, -0.28554872, 0.53234738;
 0.034049314, 0.65147817, 0.75790292, -1.3415496;
 0.40154812, -0.70335913, 0.58655357, -1.0532713;
 0, 0, 0, 1]
Ow:
[-0.018588901;
 -0.018217444;
 1.7865756]
Keyframe: 32 Frame: 265 Frame from vFrameID : 266
Tcw:
[0.88100934, 0.07219509, 0.46755791, 0.015807241;
 0.3048619, 0.66910398, -0.6777603, 0.043571115;
 -0.36177585, 0.73965377, 0.56747735, 1.810235;
 0, 0, 0, 1]
Twc:
[0.88100934, 0.3048619, -0.36177585, 0.62768978;
 0.07219509, 0.66910398, 0.73965377, -1.3692421;
 0.46755791, -0.6777603, 0.56747735, -1.0051274;
 0, 0, 0, 1]
Ow:
[0.015807241;
 0.043571115;
 1.810235]
Keyframe: 33 Frame: 272 Frame from vFrameID : 273
Tcw:
[0.86129308, 0.069926009, 0.50327384, 0.01241672;
 0.33165455, 0.67301911, -0.66109794, -0.0041270256;
 -0.38494086, 0.73631215, 0.55647546, 1.8808583;
 0, 0, 0, 1]
Twc:
[0.86129308, 0.33165455, -0.38494086, 0.71469355;
 0.069926009, 0.67301911, 0.73631215, -1.3829895;
 0.50327384, -0.66109794, 0.55647546, -1.0556289;
 0, 0, 0, 1]
Ow:
[0.01241672;
 -0.0041270256;
 1.8808583]
Keyframe: 34 Frame: 279 Frame from vFrameID : 280
Tcw:
[0.94335353, 0.052311037, 0.32763955, 0.16378856;
 0.19589461, 0.70918828, -0.67725718, 0.016973436;
 -0.26778615, 0.70307577, 0.65876776, 1.7494506;
 0, 0, 0, 1]
Twc:
[0.94335353, 0.19589461, -0.26778615, 0.31064317;
 0.052311037, 0.70918828, 0.70307577, -1.2506016;
 0.32763955, -0.67725718, 0.65876776, -1.1946501;
 0, 0, 0, 1]
Ow:
[0.16378856;
 0.016973436;
 1.7494506]
Keyframe: 35 Frame: 284 Frame from vFrameID : 285
Tcw:
[0.91478646, 0.017534729, 0.403557, -0.011036277;
 0.29268575, 0.65976632, -0.69212967, -0.037337244;
 -0.2783896, 0.75126624, 0.59841311, 2.0828683;
 0, 0, 0, 1]
Twc:
[0.91478646, 0.29268575, -0.2783896, 0.60087287;
 0.017534729, 0.65976632, 0.75126624, -1.5399612;
 0.403557, -0.69212967, 0.59841311, -1.2678041;
 0, 0, 0, 1]
Ow:
[-0.011036277;
 -0.037337244;
 2.0828683]
Keyframe: 36 Frame: 289 Frame from vFrameID : 290
Tcw:
[0.92748368, -0.031440578, 0.37253928, 0.13276941;
 0.30560449, 0.63775569, -0.70701736, -0.074441552;
 -0.21536003, 0.76959676, 0.60111636, 2.1265085;
 0, 0, 0, 1]
Twc:
[0.92748368, 0.30560449, -0.21536003, 0.35757315;
 -0.031440578, 0.63775569, 0.76959676, -1.5849041;
 0.37253928, -0.70701736, 0.60111636, -1.3803724;
 0, 0, 0, 1]
Ow:
[0.13276941;
 -0.074441552;
 2.1265085]
Keyframe: 37 Frame: 295 Frame from vFrameID : 296
Tcw:
[0.90735078, 0.0027772638, 0.42036518, -0.038717091;
 0.32292232, 0.63561749, -0.70122147, 0.016277492;
 -0.26913896, 0.77199912, 0.57583117, 2.176065;
 0, 0, 0, 1]
Twc:
[0.90735078, 0.32292232, -0.26913896, 0.61553746;
 0.0027772638, 0.63561749, 0.77199912, -1.690159;
 0.42036518, -0.70122147, 0.57583117, -1.2253566;
 0, 0, 0, 1]
Ow:
[-0.038717091;
 0.016277492;
 2.176065]
Keyframe: 38 Frame: 299 Frame from vFrameID : 300
Tcw:
[0.90682286, 0.0040223375, 0.42149276, 0.036358237;
 0.3199701, 0.64437449, -0.69455069, -0.039238453;
 -0.2743929, 0.76469952, 0.5830465, 2.1817267;
 0, 0, 0, 1]
Twc:
[0.90682286, 0.3199701, -0.2743929, 0.57823491;
 0.0040223375, 0.64437449, 0.76469952, -1.6432272;
 0.42149276, -0.69455069, 0.5830465, -1.3146259;
 0, 0, 0, 1]
Ow:
[0.036358237;
 -0.039238453;
 2.1817267]
Keyframe: 39 Frame: 306 Frame from vFrameID : 307
Tcw:
[0.90472442, 0.025882535, 0.42521036, 0.073705256;
 0.30581996, 0.65540707, -0.69059086, -0.074405432;
 -0.29656014, 0.75483221, 0.58504736, 2.266773;
 0, 0, 0, 1]
Twc:
[0.90472442, 0.30581996, -0.29656014, 0.62830621;
 0.025882535, 0.65540707, 0.75483221, -1.6641752;
 0.42521036, -0.69059086, 0.58504736, -1.4088936;
 0, 0, 0, 1]
Ow:
[0.073705256;
 -0.074405432;
 2.266773]
Keyframe: 40 Frame: 311 Frame from vFrameID : 312
Tcw:
[0.90729916, 0.01854375, 0.42007664, 0.054285049;
 0.30183133, 0.66683394, -0.68134451, -0.036748588;
 -0.29275605, 0.74497557, 0.59942079, 2.2472565;
 0, 0, 0, 1]
Twc:
[0.90729916, 0.30183133, -0.29275605, 0.61973703;
 0.01854375, 0.66683394, 0.74497557, -1.6506526;
 0.42007664, -0.68134451, 0.59942079, -1.3948946;
 0, 0, 0, 1]
Ow:
[0.054285049;
 -0.036748588;
 2.2472565]
Keyframe: 41 Frame: 314 Frame from vFrameID : 315
Tcw:
[0.90220422, -0.01200037, 0.43114209, 0.072906494;
 0.33845726, 0.6393075, -0.6904583, -0.07023567;
 -0.26734662, 0.76885754, 0.58084756, 2.3407004;
 0, 0, 0, 1]
Twc:
[0.90220422, 0.33845726, -0.26734662, 0.58377355;
 -0.01200037, 0.6393075, 0.76885754, -1.753888;
 0.43114209, -0.6904583, 0.58084756, -1.4395179;
 0, 0, 0, 1]
Ow:
[0.072906494;
 -0.07023567;
 2.3407004]
Keyframe: 42 Frame: 320 Frame from vFrameID : 321
Tcw:
[0.94310355, -0.008926468, 0.33237925, 0.010942757;
 0.26402479, 0.6277231, -0.73229408, 0.012684941;
 -0.20210534, 0.77838552, 0.5943647, 2.4472182;
 0, 0, 0, 1]
Twc:
[0.94310355, 0.26402479, -0.20210534, 0.48092657;
 -0.008926468, 0.6277231, 0.77838552, -1.9127442;
 0.33237925, -0.73229408, 0.5943647, -1.4488882;
 0, 0, 0, 1]
Ow:
[0.010942757;
 0.012684941;
 2.4472182]
Keyframe: 43 Frame: 324 Frame from vFrameID : 325
Tcw:
[0.93955457, -0.011183244, 0.34221646, 0.029479653;
 0.27003285, 0.63871664, -0.72050208, 0.014547825;
 -0.21052182, 0.76936072, 0.60312903, 2.4528284;
 0, 0, 0, 1]
Twc:
[0.93955457, 0.27003285, -0.21052182, 0.48474771;
 -0.011183244, 0.63871664, 0.76936072, -1.8960721;
 0.34221646, -0.72050208, 0.60312903, -1.4789786;
 0, 0, 0, 1]
Ow:
[0.029479653;
 0.014547825;
 2.4528284]
Keyframe: 44 Frame: 327 Frame from vFrameID : 328
Tcw:
[0.93882871, -0.0092562167, 0.34426007, 0.025651932;
 0.26573727, 0.65531319, -0.70707023, 0.0092191696;
 -0.21905337, 0.75530058, 0.61768657, 2.4566147;
 0, 0, 0, 1]
Twc:
[0.93882871, 0.26573727, -0.21905337, 0.5115971;
 -0.0092562167, 0.65531319, 0.75530058, -1.8612865;
 0.34426007, -0.70707023, 0.61768657, -1.5197302;
 0, 0, 0, 1]
Ow:
[0.025651932;
 0.0092191696;
 2.4566147]
Keyframe: 45 Frame: 330 Frame from vFrameID : 331
Tcw:
[0.94092619, 0.0096076066, 0.33847535, 0.028005123;
 0.25011843, 0.65408802, -0.71386945, 0.010084391;
 -0.22825125, 0.75635743, 0.61304551, 2.4585974;
 0, 0, 0, 1]
Twc:
[0.94092619, 0.25011843, -0.22825125, 0.53230488;
 0.0096076066, 0.65408802, 0.75635743, -1.8664435;
 0.33847535, -0.71386945, 0.61304551, -1.5095123;
 0, 0, 0, 1]
Ow:
[0.028005123;
 0.010084391;
 2.4585974]
Keyframe: 46 Frame: 334 Frame from vFrameID : 335
Tcw:
[0.92409694, 0.031842858, 0.38082919, 0.034559011;
 0.27638212, 0.6325354, -0.7235412, 0.0067723989;
 -0.26392755, 0.77387661, 0.57572323, 2.4782538;
 0, 0, 0, 1]
Twc:
[0.92409694, 0.27638212, -0.26392755, 0.62027186;
 0.031842858, 0.6325354, 0.77387661, -1.9232469;
 0.38082919, -0.7235412, 0.57572323, -1.4350493;
 0, 0, 0, 1]
Ow:
[0.034559011;
 0.0067723989;
 2.4782538]
Keyframe: 47 Frame: 339 Frame from vFrameID : 340
Tcw:
[0.91232955, 0.055199094, 0.40571889, 0.03404367;
 0.27497414, 0.65159148, -0.7069779, 0.0050039291;
 -0.30338752, 0.75655901, 0.57928789, 2.4694469;
 0, 0, 0, 1]
Twc:
[0.91232955, 0.27497414, -0.30338752, 0.71676427;
 0.055199094, 0.65159148, 0.75655901, -1.8734221;
 0.40571889, -0.7069779, 0.57928789, -1.4407949;
 0, 0, 0, 1]
Ow:
[0.03404367;
 0.0050039291;
 2.4694469]
Keyframe: 48 Frame: 345 Frame from vFrameID : 346
Tcw:
[0.90051425, 0.072826609, 0.42868441, -0.028275728;
 0.27389655, 0.67070407, -0.68930161, 0.054032326;
 -0.33771989, 0.73814112, 0.58403164, 2.5308022;
 0, 0, 0, 1]
Twc:
[0.90051425, 0.27389655, -0.33771989, 0.86536568;
 0.072826609, 0.67070407, 0.73814112, -1.9022698;
 0.42868441, -0.68930161, 0.58403164, -1.4287026;
 0, 0, 0, 1]
Ow:
[-0.028275728;
 0.054032326;
 2.5308022]
Keyframe: 49 Frame: 349 Frame from vFrameID : 350
Tcw:
[0.91139728, 0.053682704, 0.40801123, -0.02894634;
 0.27690911, 0.65343136, -0.70452029, 0.0097866058;
 -0.30442789, 0.75507987, 0.58067036, 2.608568;
 0, 0, 0, 1]
Twc:
[0.91139728, 0.27690911, -0.30442789, 0.81779236;
 0.053682704, 0.65343136, 0.75507987, -1.9745181;
 0.40801123, -0.70452029, 0.58067036, -1.4960127;
 0, 0, 0, 1]
Ow:
[-0.02894634;
 0.0097866058;
 2.608568]
Keyframe: 50 Frame: 353 Frame from vFrameID : 354
Tcw:
[0.92130834, 0.043794576, 0.38635862, -0.031134367;
 0.27832881, 0.61957842, -0.73393166, 0.028769732;
 -0.27152169, 0.78371209, 0.55863345, 2.6641707;
 0, 0, 0, 1]
Twc:
[0.92130834, 0.27832881, -0.27152169, 0.74405706;
 0.043794576, 0.61957842, 0.78371209, -2.1044044;
 0.38635862, -0.73393166, 0.55863345, -1.455151;
 0, 0, 0, 1]
Ow:
[-0.031134367;
 0.028769732;
 2.6641707]
Keyframe: 51 Frame: 358 Frame from vFrameID : 359
Tcw:
[0.9317264, 0.03841063, 0.36112407, -0.023569345;
 0.25686496, 0.63324308, -0.73008466, 0.0016622543;
 -0.25672233, 0.77299923, 0.58014292, 2.7058208;
 0, 0, 0, 1]
Twc:
[0.9317264, 0.25686496, -0.25672233, 0.71617776;
 0.03841063, 0.63324308, 0.77299923, -2.0917447;
 0.36112407, -0.73008466, 0.58014292, -1.5600377;
 0, 0, 0, 1]
Ow:
[-0.023569345;
 0.0016622543;
 2.7058208]
Keyframe: 52 Frame: 363 Frame from vFrameID : 364
Tcw:
[0.92112058, 0.038386062, 0.38738021, -0.001609385;
 0.2763499, 0.63638431, -0.72017068, 0.018877983;
 -0.27416721, 0.7704165, 0.57557869, 2.7736464;
 0, 0, 0, 1]
Twc:
[0.92112058, 0.2763499, -0.27416721, 0.75670832;
 0.038386062, 0.63638431, 0.7704165, -2.1488147;
 0.38738021, -0.72017068, 0.57557869, -1.5822328;
 0, 0, 0, 1]
Ow:
[-0.001609385;
 0.018877983;
 2.7736464]
Keyframe: 53 Frame: 368 Frame from vFrameID : 369
Tcw:
[0.90392399, 0.056140535, 0.42399254, 0.0098040104;
 0.29465705, 0.63679731, -0.71250713, 0.024281859;
 -0.30999786, 0.76898468, 0.55907416, 2.824898;
 0, 0, 0, 1]
Twc:
[0.90392399, 0.29465705, -0.30999786, 0.85969532;
 0.056140535, 0.63679731, 0.76898468, -2.1883163;
 0.42399254, -0.71250713, 0.55907416, -1.5661832;
 0, 0, 0, 1]
Ow:
[0.0098040104;
 0.024281859;
 2.824898]
Keyframe: 54 Frame: 373 Frame from vFrameID : 374
Tcw:
[0.88606995, 0.063558146, 0.45917356, -0.047469437;
 0.32269737, 0.62655026, -0.70943725, -0.0075486898;
 -0.33278582, 0.77678514, 0.5346573, 2.8999619;
 0, 0, 0, 1]
Twc:
[0.88606995, 0.32269737, -0.33278582, 1.0095634;
 0.063558146, 0.62655026, 0.77678514, -2.2449007;
 0.45917356, -0.70943725, 0.5346573, -1.5340445;
 0, 0, 0, 1]
Ow:
[-0.047469437;
 -0.0075486898;
 2.8999619]
Keyframe: 55 Frame: 379 Frame from vFrameID : 380
Tcw:
[0.88569802, 0.052968886, 0.46123019, -0.019668996;
 0.33024329, 0.62638754, -0.70610052, 0.040751457;
 -0.32631022, 0.77771002, 0.53729761, 2.9479792;
 0, 0, 0, 1]
Twc:
[0.88569802, 0.33024329, -0.32631022, 0.9659186;
 0.052968886, 0.62638754, 0.77771002, -2.3171575;
 0.46123019, -0.70610052, 0.53729761, -1.5460956;
 0, 0, 0, 1]
Ow:
[-0.019668996;
 0.040751457;
 2.9479792]
Keyframe: 56 Frame: 385 Frame from vFrameID : 386
Tcw:
[0.91375321, 0.044071447, 0.40387216, 0.026281953;
 0.28669867, 0.63439459, -0.71787697, 0.017453671;
 -0.2878522, 0.771752, 0.56704491, 2.9934287;
 0, 0, 0, 1]
Twc:
[0.91375321, 0.28669867, -0.2878522, 0.83264589;
 0.044071447, 0.63439459, 0.771752, -2.3224156;
 0.40387216, -0.71787697, 0.56704491, -1.6954935;
 0, 0, 0, 1]
Ow:
[0.026281953;
 0.017453671;
 2.9934287]
Keyframe: 57 Frame: 391 Frame from vFrameID : 392
Tcw:
[0.92121595, 0.029067285, 0.38796428, -0.022063196;
 0.28114218, 0.63956153, -0.71548593, 0.018894792;
 -0.26892427, 0.76819021, 0.58100224, 3.0583498;
 0, 0, 0, 1]
Twc:
[0.92121595, 0.28114218, -0.26892427, 0.83747727;
 0.029067285, 0.63956153, 0.76819021, -2.3608372;
 0.38796428, -0.71548593, 0.58100224, -1.7548294;
 0, 0, 0, 1]
Ow:
[-0.022063196;
 0.018894792;
 3.0583498]
Keyframe: 58 Frame: 398 Frame from vFrameID : 399
Tcw:
[0.90222192, 0.074886329, 0.42472064, -0.099284232;
 0.27484491, 0.65907931, -0.70005339, 0.056491852;
 -0.33234903, 0.74833584, 0.57405365, 3.1564231;
 0, 0, 0, 1]
Twc:
[0.90222192, 0.27484491, -0.33234903, 1.1230841;
 0.074886329, 0.65907931, 0.74833584, -2.3918622;
 0.42472064, -0.70005339, 0.57405365, -1.7302409;
 0, 0, 0, 1]
Ow:
[-0.099284232;
 0.056491852;
 3.1564231]
Keyframe: 59 Frame: 404 Frame from vFrameID : 405
Tcw:
[0.88911879, 0.096067637, 0.44748053, -0.12407285;
 0.27738678, 0.66457564, -0.69382691, 0.061718583;
 -0.36403897, 0.74101973, 0.56423879, 3.1935294;
 0, 0, 0, 1]
Twc:
[0.88911879, 0.27738678, -0.36403897, 1.2557647;
 0.096067637, 0.66457564, 0.74101973, -2.3955655;
 0.44748053, -0.69382691, 0.56423879, -1.7035708;
 0, 0, 0, 1]
Ow:
[-0.12407285;
 0.061718583;
 3.1935294]
Keyframe: 60 Frame: 411 Frame from vFrameID : 412
Tcw:
[0.88241982, 0.091716424, 0.46143624, -0.080995023;
 0.28541768, 0.67533368, -0.68004495, 0.075257897;
 -0.37399474, 0.7317872, 0.56975031, 3.2181687;
 0, 0, 0, 1]
Twc:
[0.88241982, 0.28541768, -0.37399474, 1.2535697;
 0.091716424, 0.67533368, 0.7317872, -2.3984103;
 0.46143624, -0.68004495, 0.56975031, -1.7449999;
 0, 0, 0, 1]
Ow:
[-0.080995023;
 0.075257897;
 3.2181687]
Keyframe: 61 Frame: 418 Frame from vFrameID : 419
Tcw:
[0.8977918, 0.092034109, 0.43069664, -0.1618073;
 0.27552274, 0.64556009, -0.71227765, 0.031478882;
 -0.3435944, 0.75814372, 0.55422103, 3.3325114;
 0, 0, 0, 1]
Twc:
[0.8977918, 0.27552274, -0.3435944, 1.2816284;
 0.092034109, 0.64556009, 0.75814372, -2.5319524;
 0.43069664, -0.71227765, 0.55422103, -1.7548366;
 0, 0, 0, 1]
Ow:
[-0.1618073;
 0.031478882;
 3.3325114]
Keyframe: 62 Frame: 424 Frame from vFrameID : 425
Tcw:
[0.91156739, 0.056969773, 0.40718472, -0.047668397;
 0.28155398, 0.63521087, -0.71919018, 0.080808997;
 -0.29962024, 0.77023476, 0.5629974, 3.3611143;
 0, 0, 0, 1]
Twc:
[0.91156739, 0.28155398, -0.29962024, 1.0277587;
 0.056969773, 0.63521087, 0.77023476, -2.6374621;
 0.40718472, -0.71919018, 0.5629974, -1.8147718;
 0, 0, 0, 1]
Ow:
[-0.047668397;
 0.080808997;
 3.3611143]
Keyframe: 63 Frame: 431 Frame from vFrameID : 432
Tcw:
[0.90936887, 0.048736904, 0.41312578, -0.043229222;
 0.28148025, 0.65914297, -0.69735169, 0.054700851;
 -0.30629572, 0.75043672, 0.58568567, 3.4020705;
 0, 0, 0, 1]
Twc:
[0.90936887, 0.28148025, -0.30629572, 1.0659537;
 0.048736904, 0.65914297, 0.75043672, -2.5869873;
 0.41312578, -0.69735169, 0.58568567, -1.9365389;
 0, 0, 0, 1]
Ow:
[-0.043229222;
 0.054700851;
 3.4020705]
Keyframe: 64 Frame: 438 Frame from vFrameID : 439
Tcw:
[0.8772946, 0.055315897, 0.47675392, -0.059770286;
 0.33881509, 0.63217914, -0.69681692, 0.017295241;
 -0.33993894, 0.77284515, 0.53586549, 3.4514523;
 0, 0, 0, 1]
Twc:
[0.8772946, 0.33881509, -0.33993894, 1.2198594;
 0.055315897, 0.63217914, 0.77284515, -2.6750658;
 0.47675392, -0.69681692, 0.53586549, -1.8089669;
 0, 0, 0, 1]
Ow:
[-0.059770286;
 0.017295241;
 3.4514523]
Keyframe: 65 Frame: 444 Frame from vFrameID : 445
Tcw:
[0.87346959, 0.085029736, 0.47939628, -0.043875039;
 0.30501339, 0.67190498, -0.67491519, -0.017464161;
 -0.3794966, 0.73574018, 0.56095338, 3.5124941;
 0, 0, 0, 1]
Twc:
[0.87346959, 0.30501339, -0.3794966, 1.3766298;
 0.085029736, 0.67190498, 0.73574018, -2.5688181;
 0.47939628, -0.67491519, 0.56095338, -1.9610986;
 0, 0, 0, 1]
Ow:
[-0.043875039;
 -0.017464161;
 3.5124941]
Keyframe: 66 Frame: 451 Frame from vFrameID : 452
Tcw:
[0.9054057, 0.052427929, 0.42129779, 0.015580893;
 0.29076129, 0.64650899, -0.70532548, 0.0173738;
 -0.30935156, 0.7611028, 0.57010889, 3.5929475;
 0, 0, 0, 1]
Twc:
[0.9054057, 0.29076129, -0.30935156, 1.0923252;
 0.052427929, 0.64650899, 0.7611028, -2.7466514;
 0.42129779, -0.70532548, 0.57010889, -2.0426812;
 0, 0, 0, 1]
Ow:
[0.015580893;
 0.0173738;
 3.5929475]
Keyframe: 67 Frame: 459 Frame from vFrameID : 460
Tcw:
[0.89339381, 0.06259305, 0.44489279, -0.042797685;
 0.29228866, 0.6710555, -0.6813603, -0.046961665;
 -0.34119618, 0.73876023, 0.58122158, 3.6875708;
 0, 0, 0, 1]
Twc:
[0.89339381, 0.29228866, -0.34119618, 1.3101465;
 0.06259305, 0.6710555, 0.73876023, -2.6900377;
 0.44489279, -0.6813603, 0.58122158, -2.1562531;
 0, 0, 0, 1]
Ow:
[-0.042797685;
 -0.046961665;
 3.6875708]
Keyframe: 68 Frame: 467 Frame from vFrameID : 468
Tcw:
[0.91716832, 0.054636516, 0.39473683, 0.04493624;
 0.26389751, 0.65895295, -0.70437139, 0.016438961;
 -0.2985974, 0.75019723, 0.58995235, 3.7914681;
 0, 0, 0, 1]
Twc:
[0.91716832, 0.26389751, -0.2985974, 1.0865701;
 0.054636516, 0.65895295, 0.75019723, -2.8576365;
 0.39473683, -0.70437139, 0.58995235, -2.2429442;
 0, 0, 0, 1]
Ow:
[0.04493624;
 0.016438961;
 3.7914681]
Keyframe: 69 Frame: 475 Frame from vFrameID : 476
Tcw:
[0.90376318, 0.089324646, 0.41860875, 0.089973807;
 0.24853969, 0.68671048, -0.68312281, 0.0066357851;
 -0.3484827, 0.72142208, 0.59842288, 3.7798648;
 0, 0, 0, 1]
Twc:
[0.90376318, 0.24853969, -0.3484827, 1.2342533;
 0.089324646, 0.68671048, 0.72142208, -2.7394719;
 0.41860875, -0.68312281, 0.59842288, -2.2950885;
 0, 0, 0, 1]
Ow:
[0.089973807;
 0.0066357851;
 3.7798648]
Keyframe: 70 Frame: 481 Frame from vFrameID : 482
Tcw:
[0.89269376, 0.09815114, 0.43984571, 0.09675473;
 0.2631489, 0.67880237, -0.68555087, 0.011732936;
 -0.3658559, 0.72773188, 0.58013427, 3.8074303;
 0, 0, 0, 1]
Twc:
[0.89269376, 0.2631489, -0.3658559, 1.3035109;
 0.09815114, 0.67880237, 0.72773188, -2.7882493;
 0.43984571, -0.68555087, 0.58013427, -2.2433343;
 0, 0, 0, 1]
Ow:
[0.09675473;
 0.011732936;
 3.8074303]
Keyframe: 71 Frame: 487 Frame from vFrameID : 488
Tcw:
[0.90738451, 0.098723836, 0.40854242, 0.072918892;
 0.24944223, 0.65583652, -0.71250057, -0.01019001;
 -0.33827785, 0.7484197, 0.57047004, 3.8581576;
 0, 0, 0, 1]
Twc:
[0.90738451, 0.24944223, -0.33827785, 1.2415055;
 0.098723836, 0.65583652, 0.7484197, -2.888037;
 0.40854242, -0.71250057, 0.57047004, -2.238014;
 0, 0, 0, 1]
Ow:
[0.072918892;
 -0.01019001;
 3.8581576]
Keyframe: 72 Frame: 494 Frame from vFrameID : 495
Tcw:
[0.91816479, 0.087456986, 0.38642547, 0.10705429;
 0.22660489, 0.68413568, -0.69325936, 0.0022416115;
 -0.32499784, 0.72409225, 0.60833114, 3.8947902;
 0, 0, 0, 1]
Twc:
[0.91816479, 0.22660489, -0.32499784, 1.166997;
 0.087456986, 0.68413568, 0.72409225, -2.8310838;
 0.38642547, -0.69325936, 0.60833114, -2.4091368;
 0, 0, 0, 1]
Ow:
[0.10705429;
 0.0022416115;
 3.8947902]
Keyframe: 73 Frame: 500 Frame from vFrameID : 501
Tcw:
[0.91407883, 0.077930868, 0.39797825, 0.13926089;
 0.24514179, 0.67558557, -0.6953342, -0.0013420582;
 -0.32305637, 0.73315138, 0.59843433, 3.9160657;
 0, 0, 0, 1]
Twc:
[0.91407883, 0.24514179, -0.32305637, 1.1381434;
 0.077930868, 0.67558557, 0.73315138, -2.8810148;
 0.39797825, -0.6953342, 0.59843433, -2.3998642;
 0, 0, 0, 1]
Ow:
[0.13926089;
 -0.0013420582;
 3.9160657]
Keyframe: 74 Frame: 506 Frame from vFrameID : 507
Tcw:
[0.9007076, 0.099239208, 0.422939, 0.16756111;
 0.24021862, 0.69740492, -0.67521948, -0.025021315;
 -0.36196801, 0.70977312, 0.6043188, 3.9351363;
 0, 0, 0, 1]
Twc:
[0.9007076, 0.24021862, -0.36196801, 1.2794803;
 0.099239208, 0.69740492, 0.70977312, -2.7922328;
 0.422939, -0.67521948, 0.6043188, -2.4658399;
 0, 0, 0, 1]
Ow:
[0.16756111;
 -0.025021315;
 3.9351363]
Keyframe: 75 Frame: 511 Frame from vFrameID : 512
Tcw:
[0.9048484, 0.11085156, 0.4110491, 0.083476007;
 0.22213171, 0.7007373, -0.67795634, 0.042060137;
 -0.36318994, 0.70475471, 0.60943735, 3.9557924;
 0, 0, 0, 1]
Twc:
[0.9048484, 0.22213171, -0.36318994, 1.351828;
 0.11085156, 0.7007373, 0.70475471, -2.8265901;
 0.4110491, -0.67795634, 0.60943735, -2.4166055;
 0, 0, 0, 1]
Ow:
[0.083476007;
 0.042060137;
 3.9557924]
Keyframe: 76 Frame: 517 Frame from vFrameID : 518
Tcw:
[0.90872014, 0.074185915, 0.41076043, 0.0017341375;
 0.25508657, 0.68023217, -0.68717903, -0.064677954;
 -0.33039147, 0.72923291, 0.59921688, 4.1867504;
 0, 0, 0, 1]
Twc:
[0.90872014, 0.25508657, -0.33039147, 1.3981894;
 0.074185915, 0.68023217, 0.72923291, -3.0092492;
 0.41076043, -0.68717903, 0.59921688, -2.5539291;
 0, 0, 0, 1]
Ow:
[0.0017341375;
 -0.064677954;
 4.1867504]
Keyframe: 77 Frame: 521 Frame from vFrameID : 522
Tcw:
[0.9188742, 0.070975497, 0.38811421, 0.079316199;
 0.24989995, 0.65652329, -0.71170723, -0.012680173;
 -0.30531979, 0.75095916, 0.58552557, 4.2094083;
 0, 0, 0, 1]
Twc:
[0.9188742, 0.24989995, -0.30531979, 1.2155027;
 0.070975497, 0.65652329, 0.75095916, -3.1583982;
 0.38811421, -0.71170723, 0.58552557, -2.5045242;
 0, 0, 0, 1]
Ow:
[0.079316199;
 -0.012680173;
 4.2094083]
Keyframe: 78 Frame: 526 Frame from vFrameID : 527
Tcw:
[0.91771615, 0.047931228, 0.3943345, 0.015456915;
 0.25662345, 0.68620646, -0.68063581, -0.048770308;
 -0.30321857, 0.72582597, 0.61744243, 4.2362046;
 0, 0, 0, 1]
Twc:
[0.91771615, 0.25662345, -0.30321857, 1.2828264;
 0.047931228, 0.68620646, 0.72582597, -3.0420215;
 0.3943345, -0.68063581, 0.61744243, -2.6549025;
 0, 0, 0, 1]
Ow:
[0.015456915;
 -0.048770308;
 4.2362046]
Keyframe: 79 Frame: 532 Frame from vFrameID : 533
Tcw:
[0.91773987, 0.054513231, 0.39342323, 0.082439482;
 0.25138721, 0.68716133, -0.68162584, -0.077528477;
 -0.30750287, 0.72445679, 0.61693144, 4.2953053;
 0, 0, 0, 1]
Twc:
[0.91773987, 0.25138721, -0.30750287, 1.2646502;
 0.054513231, 0.68716133, 0.72445679, -3.0629823;
 0.39342323, -0.68162584, 0.61693144, -2.7351878;
 0, 0, 0, 1]
Ow:
[0.082439482;
 -0.077528477;
 4.2953053]
Keyframe: 80 Frame: 537 Frame from vFrameID : 538
Tcw:
[0.90577644, 0.089146659, 0.4142727, 0.11025739;
 0.25161588, 0.67347974, -0.69506443, -0.091976047;
 -0.34096694, 0.73381054, 0.58759135, 4.3400807;
 0, 0, 0, 1]
Twc:
[0.90577644, 0.25161588, -0.34096694, 1.4030981;
 0.089146659, 0.67347974, 0.73381054, -3.1326823;
 0.4142727, -0.69506443, 0.58759135, -2.6597998;
 0, 0, 0, 1]
Ow:
[0.11025739;
 -0.091976047;
 4.3400807]
Keyframe: 81 Frame: 542 Frame from vFrameID : 543
Tcw:
[0.88121021, 0.100479, 0.46192268, 0.076847792;
 0.27734807, 0.68140781, -0.67731929, -0.069212079;
 -0.38281408, 0.72497404, 0.57259589, 4.3519769;
 0, 0, 0, 1]
Twc:
[0.88121021, 0.27734807, -0.38281408, 1.6174748;
 0.100479, 0.68140781, 0.72497404, -3.1156301;
 0.46192268, -0.67731929, 0.57259589, -2.5743003;
 0, 0, 0, 1]
Ow:
[0.076847792;
 -0.069212079;
 4.3519769]
Keyframe: 82 Frame: 548 Frame from vFrameID : 549
Tcw:
[0.89593798, 0.080714718, 0.43678403, 0.14299297;
 0.26951027, 0.68286616, -0.67901254, -0.14373374;
 -0.35307133, 0.72607094, 0.59005225, 4.3726902;
 0, 0, 0, 1]
Twc:
[0.89593798, 0.26951027, -0.35307133, 1.4544964;
 0.080714718, 0.68286616, 0.72607094, -3.0882735;
 0.43678403, -0.67901254, 0.59005225, -2.7401695;
 0, 0, 0, 1]
Ow:
[0.14299297;
 -0.14373374;
 4.3726902]
Keyframe: 83 Frame: 554 Frame from vFrameID : 555
Tcw:
[0.91030115, 0.07849291, 0.40643662, 0.11991727;
 0.25301746, 0.67158651, -0.69638616, -0.06456995;
 -0.32761875, 0.73675668, 0.59148586, 4.4299364;
 0, 0, 0, 1]
Twc:
[0.91030115, 0.25301746, -0.32761875, 1.3585066;
 0.07849291, 0.67158651, 0.73675668, -3.2298336;
 0.40643662, -0.69638616, 0.59148586, -2.7139492;
 0, 0, 0, 1]
Ow:
[0.11991727;
 -0.06456995;
 4.4299364]
Keyframe: 84 Frame: 561 Frame from vFrameID : 562
Tcw:
[0.90900201, 0.072328269, 0.41046798, 0.091276765;
 0.25630912, 0.67958999, -0.68735951, -0.13175881;
 -0.32866544, 0.73001784, 0.59921026, 4.5719929;
 0, 0, 0, 1]
Twc:
[0.90900201, 0.25630912, -0.32866544, 1.4534563;
 0.072328269, 0.67958999, 0.73001784, -3.2546961;
 0.41046798, -0.68735951, 0.59921026, -2.8676169;
 0, 0, 0, 1]
Ow:
[0.091276765;
 -0.13175881;
 4.5719929]
Keyframe: 85 Frame: 568 Frame from vFrameID : 569
Tcw:
[0.90011257, 0.090803958, 0.42608914, 0.1602056;
 0.2694284, 0.65254635, -0.70823133, -0.064989924;
 -0.34235311, 0.75228846, 0.56290001, 4.5963011;
 0, 0, 0, 1]
Twc:
[0.90011257, 0.2694284, -0.34235311, 1.446865;
 0.090803958, 0.65254635, 0.75228846, -3.4298825;
 0.42608914, -0.70823133, 0.56290001, -2.7015476;
 0, 0, 0, 1]
Ow:
[0.1602056;
 -0.064989924;
 4.5963011]
Keyframe: 86 Frame: 575 Frame from vFrameID : 576
Tcw:
[0.87886167, 0.063224442, 0.4728688, 0.14328301;
 0.30858666, 0.68057251, -0.6645264, -0.11174738;
 -0.36383581, 0.72994775, 0.57861882, 4.6276274;
 0, 0, 0, 1]
Twc:
[0.87886167, 0.30858666, -0.36383581, 1.5922543;
 0.063224442, 0.68057251, 0.72994775, -3.3109331;
 0.4728688, -0.6645264, 0.57861882, -2.8196456;
 0, 0, 0, 1]
Ow:
[0.14328301;
 -0.11174738;
 4.6276274]
Keyframe: 87 Frame: 582 Frame from vFrameID : 583
Tcw:
[0.89218843, 0.07577382, 0.44526184, -0.22307408;
 0.28236631, 0.67585188, -0.6808036, 0.11665559;
 -0.35251811, 0.733132, 0.58159125, 4.7565069;
 0, 0, 0, 1]
Twc:
[0.89218843, 0.28236631, -0.35251811, 1.8428395;
 0.07577382, 0.67585188, 0.733132, -3.5490863;
 0.44526184, -0.6808036, 0.58159125, -2.5875969;
 0, 0, 0, 1]
Ow:
[-0.22307408;
 0.11665559;
 4.7565069]
Keyframe: 88 Frame: 589 Frame from vFrameID : 590
Tcw:
[0.91110379, 0.057658195, 0.40812427, -0.19653416;
 0.27303785, 0.65733165, -0.70239973, 0.1068244;
 -0.30877209, 0.75139242, 0.5831545, 4.8028684;
 0, 0, 0, 1]
Twc:
[0.91110379, 0.27303785, -0.30877209, 1.6328878;
 0.057658195, 0.65733165, 0.75139242, -3.6677265;
 0.40812427, -0.70239973, 0.5831545, -2.6455708;
 0, 0, 0, 1]
Ow:
[-0.19653416;
 0.1068244;
 4.8028684]
Keyframe: 89 Frame: 597 Frame from vFrameID : 598
Tcw:
[0.89735776, 0.06222434, 0.43689495, -0.17944038;
 0.29695845, 0.64719021, -0.70211142, 0.095316887;
 -0.32644257, 0.75978482, 0.5622831, 4.8505902;
 0, 0, 0, 1]
Twc:
[0.89735776, 0.29695845, -0.32644257, 1.716156;
 0.06222434, 0.64719021, 0.75978482, -3.7359273;
 0.43689495, -0.70211142, 0.5622831, -2.5820851;
 0, 0, 0, 1]
Ow:
[-0.17944038;
 0.095316887;
 4.8505902]
Keyframe: 90 Frame: 604 Frame from vFrameID : 605
Tcw:
[0.88536167, 0.084911704, 0.45708287, -0.17057288;
 0.30243543, 0.64150625, -0.70498407, 0.089611888;
 -0.35308293, 0.76240391, 0.54228473, 4.8647585;
 0, 0, 0, 1]
Twc:
[0.88536167, 0.30243543, -0.35308293, 1.8415799;
 0.084911704, 0.64150625, 0.76240391, -3.751914;
 0.45708287, -0.70498407, 0.54228473, -2.4969435;
 0, 0, 0, 1]
Ow:
[-0.17057288;
 0.089611888;
 4.8647585]
Keyframe: 91 Frame: 612 Frame from vFrameID : 613
Tcw:
[0.89610708, 0.07701914, 0.43710431, -0.11895132;
 0.29064795, 0.64246136, -0.70906073, 0.092029333;
 -0.3354339, 0.76243782, 0.55332875, 4.8851304;
 0, 0, 0, 1]
Twc:
[0.89610708, 0.29064795, -0.3354339, 1.7184832;
 0.07701914, 0.64246136, 0.76243782, -3.7745721;
 0.43710431, -0.70906073, 0.55332875, -2.5858345;
 0, 0, 0, 1]
Ow:
[-0.11895132;
 0.092029333;
 4.8851304]
Keyframe: 92 Frame: 619 Frame from vFrameID : 620
Tcw:
[0.92137611, 0.053587683, 0.38496032, -0.093367815;
 0.26315928, 0.64287728, -0.71934414, 0.076881766;
 -0.28603023, 0.76409239, 0.57822967, 4.9059715;
 0, 0, 0, 1]
Twc:
[0.92137611, 0.26315928, -0.28603023, 1.4690509;
 0.053587683, 0.64287728, 0.76409239, -3.7930377;
