Keyframe: 0 Frame: 0 Frame from vFrameID : 273
Tcw:
[0.9621436, -0.050006844, 0.26791605, -0.079670861;
 0.2259938, 0.69584137, -0.68171227, 0.024311364;
 -0.15233679, 0.71645248, 0.68080056, 1.2099249;
 0, 0, 0, 1]
Twc:
[0.9621436, 0.2259938, -0.15233679, 0.25547668;
 -0.050006844, 0.69584137, 0.71645248, -0.88775468;
 0.26791605, -0.68171227, 0.68080056, -0.78579915;
 0, 0, 0, 1]
Ow:
[-0.079670861;
 0.024311364;
 1.2099249]
Keyframe: 1 Frame: 434 Frame from vFrameID : 273
Tcw:
[0.95302552, -0.032934491, 0.30109414, 0.0037532405;
 0.24559616, 0.66581875, -0.70453382, 0.017014472;
 -0.17727068, 0.74538624, 0.64263088, 0.040606182;
 0, 0, 0, 1]
Twc:
[0.95302552, 0.24559616, -0.17727068, -0.00055733783;
 -0.032934491, 0.66581875, 0.74538624, -0.041472234;
 0.30109414, -0.70453382, 0.64263088, -0.015237594;
 0, 0, 0, 1]
Ow:
[0.0037532405;
 0.017014472;
 0.040606182]
