Keyframe: 0 Frame: 0 Frame from vFrameID : 273
Tcw:
[0.95216358, 0.022318929, 0.30477276, -0.11586958;
 0.1945675, 0.72477758, -0.66093946, 0.045363069;
 -0.23564392, 0.68862134, 0.68576425, 1.5035044;
 0, 0, 0, 1]
Twc:
[0.95216358, 0.1945675, -0.23564392, 0.45579228;
 0.022318929, 0.72477758, 0.68862134, -1.0656372;
 0.30477276, -0.66093946, 0.68576425, -0.96575338;
 0, 0, 0, 1]
Ow:
[-0.11586958;
 0.045363069;
 1.5035044]
Keyframe: 1 Frame: 475 Frame from vFrameID : 273
Tcw:
[0.94934493, 0.041604999, 0.31146944, 0.0050803046;
 0.18738496, 0.72072643, -0.66741312, -0.00044947769;
 -0.25225198, 0.69196993, 0.67642188, 0.018693153;
 0, 0, 0, 1]
Twc:
[0.94934493, 0.18738496, -0.25225198, -2.3351578e-05;
 0.041604999, 0.72072643, 0.69196993, -0.012822516;
 0.31146944, -0.66741312, 0.67642188, -0.014526803;
 0, 0, 0, 1]
Ow:
[0.0050803046;
 -0.00044947769;
 0.018693153]
