Keyframe: 0 Frame: 0 Frame from vFrameID : 77
Tcw:
[0.95475507, -0.022622537, 0.2965315, -0.042147309;
 0.23237126, 0.67902023, -0.69637287, 0.064640343;
 -0.18559717, 0.73377091, 0.65355486, 2.20191;
 0, 0, 0, 1]
Twc:
[0.95475507, 0.23237126, -0.18559717, 0.43388805;
 -0.022622537, 0.67902023, 0.73377091, -1.6605432;
 0.2965315, -0.69637287, 0.65355486, -1.3815571;
 0, 0, 0, 1]
Ow:
[-0.042147309;
 0.064640343;
 2.20191]
Keyframe: 1 Frame: 359 Frame from vFrameID : 77
Tcw:
[0.95754343, -0.012237913, 0.28802916, -0.001054544;
 0.21544188, 0.69425082, -0.68673182, 0.0038143527;
 -0.19156031, 0.71962911, 0.66741186, 0.048261687;
 0, 0, 0, 1]
Twc:
[0.95754343, 0.21544188, -0.19156031, 0.0094330246;
 -0.012237913, 0.69425082, 0.71962911, -0.037391536;
 0.28802916, -0.68673182, 0.66741186, -0.029287245;
 0, 0, 0, 1]
Ow:
[-0.001054544;
 0.0038143527;
 0.048261687]
