Keyframe: 0 Frame: 0 Frame from vFrameID : 77
Tcw:
[0.94094664, -0.023575375, 0.33773312, -0.088754237;
 0.26137942, 0.68461269, -0.68043095, 0.12091589;
 -0.21517497, 0.7285257, 0.6503461, 2.9013968;
 0, 0, 0, 1]
Twc:
[0.94094664, 0.26137942, -0.21517497, 0.67621601;
 -0.023575375, 0.68461269, 0.7285257, -2.1986151;
 0.33773312, -0.68043095, 0.6503461, -1.7746619;
 0, 0, 0, 1]
Ow:
[-0.088754237;
 0.12091589;
 2.9013968]
Keyframe: 1 Frame: 455 Frame from vFrameID : 77
Tcw:
[0.94328117, -0.024290467, 0.33110505, 0.0056417747;
 0.25829723, 0.68025601, -0.68595505, 0.0095259137;
 -0.20857403, 0.73257202, 0.64794683, 0.03374771;
 0, 0, 0, 1]
Twc:
[0.94328117, 0.25829723, -0.20857403, -0.00074340141;
 -0.024290467, 0.68025601, 0.73257202, -0.031065647;
 0.33110505, -0.68595505, 0.64794683, -0.017200394;
 0, 0, 0, 1]
Ow:
[0.0056417747;
 0.0095259137;
 0.03374771]
