Keyframe: 0 Frame: 0 Frame from vFrameID : 273
Tcw:
[0.97310656, -0.069349669, 0.21966861, 0.0072045065;
 0.20469475, 0.69772059, -0.68650275, -0.045016572;
 -0.10565857, 0.7130053, 0.69315201, 0.40144691;
 0, 0, 0, 1]
Twc:
[0.97310656, 0.20469475, -0.10565857, 0.044620212;
 -0.069349669, 0.69772059, 0.7130053, -0.25432515;
 0.21966861, -0.68650275, 0.69315201, -0.31075034;
 0, 0, 0, 1]
Ow:
[0.0072045065;
 -0.045016572;
 0.40144691]
Keyframe: 1 Frame: 319 Frame from vFrameID : 273
Tcw:
[0.97317046, -0.07183364, 0.21858454, -0.0051069921;
 0.20571618, 0.69715506, -0.68677193, -0.0055453153;
 -0.10305399, 0.71331251, 0.69322807, 0.0088520115;
 0, 0, 0, 1]
Twc:
[0.97317046, 0.20571618, -0.10305399, 0.0070229694;
 -0.07183364, 0.69715506, 0.71331251, -0.0028151597;
 0.21858454, -0.68677193, 0.69322807, -0.0088285198;
 0, 0, 0, 1]
Ow:
[-0.0051069921;
 -0.0055453153;
 0.0088520115]
