Keyframe: 0 Frame: 0 Frame from vFrameID : 273
Tcw:
[0.96328396, -0.031322908, 0.26665121, -0.065695778;
 0.21733573, 0.67409593, -0.70594609, 0.018394142;
 -0.1576362, 0.73797941, 0.65615338, 1.1150748;
 0, 0, 0, 1]
Twc:
[0.96328396, 0.21733573, -0.1576362, 0.23506217;
 -0.031322908, 0.67409593, 0.73797941, -0.83735931;
 0.26665121, -0.70594609, 0.65615338, -0.70115691;
 0, 0, 0, 1]
Ow:
[-0.065695778;
 0.018394142;
 1.1150748]
Keyframe: 1 Frame: 420 Frame from vFrameID : 273
Tcw:
[0.96754628, -0.021574384, 0.25177124, -0.0047352877;
 0.20098884, 0.66959608, -0.71501368, 0.0056736637;
 -0.15315907, 0.74241203, 0.65220141, 0.039009612;
 0, 0, 0, 1]
Twc:
[0.96754628, 0.20098884, -0.15315907, 0.0094159422;
 -0.021574384, 0.66959608, 0.74241203, -0.032862429;
 0.25177124, -0.71501368, 0.65220141, -0.020193167;
 0, 0, 0, 1]
Ow:
[-0.0047352877;
 0.0056736637;
 0.039009612]
