Keyframe: 0 Frame: 0 Frame from vFrameID : 77
Tcw:
[0.9311381, 0.0095994873, 0.36454046, -0.065449297;
 0.25799817, 0.6891368, -0.67714649, 0.10257947;
 -0.2577185, 0.72456765, 0.63920492, 2.5654621;
 0, 0, 0, 1]
Twc:
[0.9311381, 0.25799817, -0.2577185, 0.69564408;
 0.0095994873, 0.6891368, 0.72456765, -1.928914;
 0.36454046, -0.67714649, 0.63920492, -1.5465356;
 0, 0, 0, 1]
Ow:
[-0.065449297;
 0.10257947;
 2.5654621]
Keyframe: 1 Frame: 409 Frame from vFrameID : 77
Tcw:
[0.9273752, 0.0074097649, 0.37405929, 0.0031952607;
 0.26296809, 0.69826537, -0.6657877, 0.0051625445;
 -0.26612598, 0.71580064, 0.64560544, 0.069042638;
 0, 0, 0, 1]
Twc:
[0.9273752, 0.26296809, -0.26612598, 0.014053251;
 0.0074097649, 0.69826537, 0.71580064, -0.053049266;
 0.37405929, -0.6657877, 0.64560544, -0.042332362;
 0, 0, 0, 1]
Ow:
[0.0031952607;
 0.0051625445;
 0.069042638]
