Keyframe: 0 Frame: 0 Frame from vFrameID : 99
Tcw:
[0.92873806, 0.054420739, 0.36672065, -0.042441249;
 0.23541249, 0.67758775, -0.69674659, 0.10593319;
 -0.28640288, 0.73342568, 0.61649019, 4.8629184;
 0, 0, 0, 1]
Twc:
[0.92873806, 0.23541249, -0.28640288, 1.4072328;
 0.054420739, 0.67758775, 0.73342568, -3.6360588;
 0.36672065, -0.69674659, 0.61649019, -2.9085689;
 0, 0, 0, 1]
Ow:
[-0.042441249;
 0.10593319;
 4.8629184]
Keyframe: 1 Frame: 543 Frame from vFrameID : 99
Tcw:
[0.91558355, 0.062538341, 0.3972351, -0.0024679303;
 0.24942122, 0.68653941, -0.68297338, 0.024110705;
 -0.3154296, 0.72439808, 0.61298585, 1.2053343;
 0, 0, 0, 1]
Twc:
[0.91558355, 0.24942122, -0.3154296, 0.37644395;
 0.062538341, 0.68653941, 0.72439808, -0.88954043;
 0.3972351, -0.68297338, 0.61298585, -0.72140545;
 0, 0, 0, 1]
Ow:
[-0.0024679303;
 0.024110705;
 1.2053343]
