Keyframe: 0 Frame: 0 Frame from vFrameID : 77
Tcw:
[0.93636918, -0.0063425633, 0.35095939, -0.08998239;
 0.25673157, 0.69421834, -0.67242086, 0.12471128;
 -0.23937757, 0.71973652, 0.65167302, 2.8795245;
 0, 0, 0, 1]
Twc:
[0.93636918, 0.25673157, -0.23937757, 0.74153304;
 -0.0063425633, 0.69421834, 0.71973652, -2.1596465;
 0.35095939, -0.67242086, 0.65167302, -1.7610698;
 0, 0, 0, 1]
Ow:
[-0.08998239;
 0.12471128;
 2.8795245]
Keyframe: 1 Frame: 451 Frame from vFrameID : 77
Tcw:
[0.93480653, -0.02629685, 0.35418248, 0.0048999344;
 0.27489626, 0.68500608, -0.67468417, -0.0005365219;
 -0.22487508, 0.72806263, 0.64757705, 0.041015413;
 0, 0, 0, 1]
Twc:
[0.93480653, 0.27489626, -0.22487508, 0.0047903419;
 -0.02629685, 0.68500608, 0.72806263, -0.029365413;
 0.35418248, -0.67468417, 0.64757705, -0.028658094;
 0, 0, 0, 1]
Ow:
[0.0048999344;
 -0.0005365219;
 0.041015413]
