Keyframe: 0 Frame: 0 Frame from vFrameID : 273
Tcw:
[0.96806479, -0.038977593, 0.24765168, -0.018646143;
 0.20431174, 0.69512427, -0.68924522, -0.020808548;
 -0.14528358, 0.71783215, 0.68088889, 0.69438106;
 0, 0, 0, 1]
Twc:
[0.96806479, 0.20431174, -0.14528358, 0.12318426;
 -0.038977593, 0.69512427, 0.71783215, -0.48471132;
 0.24765168, -0.68924522, 0.68088889, -0.48252079;
 0, 0, 0, 1]
Ow:
[-0.018646143;
 -0.020808548;
 0.69438106]
Keyframe: 1 Frame: 363 Frame from vFrameID : 273
Tcw:
[0.96611702, -0.064523101, 0.24990921, -0.00012543285;
 0.22409154, 0.69011486, -0.68813109, -0.00010093139;
 -0.12806571, 0.72081774, 0.68119085, 0.0045726746;
 0, 0, 0, 1]
Twc:
[0.96611702, 0.22409154, -0.12806571, 0.00072940357;
 -0.064523101, 0.69011486, 0.72081774, -0.0032345043;
 0.24990921, -0.68813109, 0.68119085, -0.0031529714;
 0, 0, 0, 1]
Ow:
[-0.00012543285;
 -0.00010093139;
 0.0045726746]
