Keyframe: 0 Frame: 0 Frame from vFrameID : 77
Tcw:
[0.94579571, -0.02451645, 0.32383546, -0.037831783;
 0.248043, 0.69818068, -0.671579, 0.055541337;
 -0.20963094, 0.71550167, 0.66641748, 2.0365026;
 0, 0, 0, 1]
Twc:
[0.94579571, 0.248043, -0.20963094, 0.44891843;
 -0.02451645, 0.69818068, 0.71550167, -1.4968264;
 0.32383546, -0.671579, 0.66641748, -1.3076092;
 0, 0, 0, 1]
Ow:
[-0.037831783;
 0.055541337;
 2.0365026]
Keyframe: 1 Frame: 335 Frame from vFrameID : 77
Tcw:
[0.94477689, -0.0026153901, 0.32770374, 0.0030039204;
 0.23951617, 0.6880067, -0.68503928, 0.0058419164;
 -0.22367074, 0.72569966, 0.65063924, 0.069041818;
 0, 0, 0, 1]
Twc:
[0.94477689, 0.23951617, -0.22367074, 0.011205365;
 -0.0026153901, 0.6880067, 0.72569966, -0.054115046;
 0.32770374, -0.68503928, 0.65063924, -0.041903771;
 0, 0, 0, 1]
Ow:
[0.0030039204;
 0.0058419164;
 0.069041818]
