Keyframe: 0 Frame: 0 Frame from vFrameID : 46
Tcw:
[1, 0, 0, 0;
 0, 1, 0, 0;
 0, 0, 1, 0;
 0, 0, 0, 1]
Twc:
[1, 0, 0, 0;
 0, 1, 0, 0;
 0, 0, 1, 0;
 0, 0, 0, 1]
Ow:
[0;
 0;
 0]
Keyframe: 1 Frame: 45 Frame from vFrameID : 46
Tcw:
[0.99935538, 0.002645585, -0.035803158, -0.0034524603;
 -0.00092737103, 0.99885064, 0.047922339, 0.0023810957;
 0.035888787, -0.047858242, 0.99820918, -0.020537535;
 0, 0, 0, 1]
Twc:
[0.99935538, -0.00092737103, 0.035888787, 0.0041895104;
 0.002645585, 0.99885064, -0.047858242, -0.0033521156;
 -0.035803158, 0.047922339, 0.99820918, 0.02026304;
 0, 0, 0, 1]
Ow:
[-0.0034524603;
 0.0023810957;
 -0.020537535]
Keyframe: 2 Frame: 47 Frame from vFrameID : 48
Tcw:
[0.9993304, 0.002576692, -0.036497589, -0.0034878869;
 -0.00090803253, 0.9989565, 0.045662709, 0.0023574084;
 0.036577161, -0.045598995, 0.99828994, -0.020492978;
 0, 0, 0, 1]
Twc:
[0.9993304, -0.00090803253, 0.036577161, 0.0042372672;
 0.002576692, 0.9989565, -0.045598995, -0.0032804203;
 -0.036497589, 0.045662709, 0.99828994, 0.02022299;
 0, 0, 0, 1]
Ow:
[-0.0034878869;
 0.0023574084;
 -0.020492978]
Keyframe: 3 Frame: 48 Frame from vFrameID : 49
Tcw:
[0.99929929, 0.0024881454, -0.037346907, -0.0036834718;
 -0.00087506458, 0.99906838, 0.043146171, 0.0023744027;
 0.037419468, -0.043083254, 0.99837047, -0.020315297;
 0, 0, 0, 1]
Twc:
[0.99929929, -0.00087506458, 0.037419468, 0.0044431561;
 0.0024881454, 0.99906838, -0.043083254, -0.0032382747;
 -0.037346907, 0.043146171, 0.99837047, 0.020042181;
 0, 0, 0, 1]
Ow:
[-0.0036834718;
 0.0023744027;
 -0.020315297]
Keyframe: 4 Frame: 50 Frame from vFrameID : 51
Tcw:
[0.9988907, -0.0042386889, -0.046898156, -0.0037591639;
 0.005839054, 0.99940342, 0.034040075, 0.0025795335;
 0.046725892, -0.034276154, 0.99831951, -0.019720646;
 0, 0, 0, 1]
Twc:
[0.9988907, 0.005839054, 0.046725892, 0.0046613961;
 -0.0042386889, 0.99940342, -0.034276154, -0.0032698761;
 -0.046898156, 0.034040075, 0.99831951, 0.019423399;
 0, 0, 0, 1]
Ow:
[-0.0037591639;
 0.0025795335;
 -0.019720646]
Keyframe: 5 Frame: 51 Frame from vFrameID : 52
Tcw:
[0.99888963, -0.0043337997, -0.046911448, -0.0037533301;
 0.0059383344, 0.99940014, 0.034118347, 0.0025767949;
 0.046735447, -0.034359038, 0.99831623, -0.019726662;
 0, 0, 0, 1]
Twc:
[0.99888963, 0.0059383344, 0.046735447, 0.0046557952;
 -0.0043337997, 0.99940014, -0.034359038, -0.0032693048;
 -0.046911448, 0.034118347, 0.99831623, 0.019429456;
 0, 0, 0, 1]
Ow:
[-0.0037533301;
 0.0025767949;
 -0.019726662]
Keyframe: 6 Frame: 52 Frame from vFrameID : 53
Tcw:
[0.99874401, -0.006373635, -0.049696341, -0.0038439976;
 0.0079788994, 0.99945056, 0.032170277, 0.0025503649;
 0.049463995, -0.032526392, 0.99824613, -0.019684155;
 0, 0, 0, 1]
Twc:
[0.99874401, 0.0079788994, 0.049463995, 0.0047924775;
 -0.006373635, 0.99945056, -0.032526392, -0.0032137185;
 -0.049696341, 0.032170277, 0.99824613, 0.019376554;
 0, 0, 0, 1]
Ow:
[-0.0038439976;
 0.0025503649;
 -0.019684155]
Keyframe: 7 Frame: 54 Frame from vFrameID : 55
Tcw:
[0.9985497, -0.014078847, -0.051964033, -0.0039272364;
 0.015546959, 0.99948823, 0.027957214, 0.0026792788;
 0.051543836, -0.028724551, 0.99825758, -0.019331126;
 0, 0, 0, 1]
Twc:
[0.9985497, 0.015546959, 0.051543836, 0.0048762867;
 -0.014078847, 0.99948823, -0.028724551, -0.0032884765;
 -0.051964033, 0.027957214, 0.99825758, 0.019018462;
 0, 0, 0, 1]
Ow:
[-0.0039272364;
 0.0026792788;
 -0.019331126]
Keyframe: 8 Frame: 55 Frame from vFrameID : 56
Tcw:
[0.99836993, -0.02010696, -0.053415447, -0.0033245832;
 0.021598728, 0.99938846, 0.027498726, 0.0027278436;
 0.052829869, -0.028607607, 0.99819368, -0.018946687;
 0, 0, 0, 1]
Twc:
[0.99836993, 0.021598728, 0.052829869, 0.0042611971;
 -0.02010696, 0.99938846, -0.028607607, -0.0033350424;
 -0.053415447, 0.027498726, 0.99819368, 0.018659867;
 0, 0, 0, 1]
Ow:
[-0.0033245832;
 0.0027278436;
 -0.018946687]
Keyframe: 9 Frame: 56 Frame from vFrameID : 57
Tcw:
[0.9984867, -0.02523037, -0.048864625, -0.003549567;
 0.026657321, 0.99923044, 0.028773883, 0.0026535226;
 0.048101045, -0.030032938, 0.99839085, -0.018852983;
 0, 0, 0, 1]
Twc:
[0.9984867, 0.026657321, 0.048101045, 0.0043803076;
 -0.02523037, 0.99923044, -0.030032938, -0.003307248;
 -0.048864625, 0.028773883, 0.99839085, 0.018572845;
 0, 0, 0, 1]
Ow:
[-0.003549567;
 0.0026535226;
 -0.018852983]
Keyframe: 10 Frame: 57 Frame from vFrameID : 58
Tcw:
[0.99848908, -0.025532726, -0.048658069, -0.0035935589;
 0.026967959, 0.99921346, 0.029071618, 0.0026397712;
 0.04787752, -0.030339902, 0.99839234, -0.018849943;
 0, 0, 0, 1]
Twc:
[0.99848908, 0.026967959, 0.04787752, 0.0044194288;
 -0.025532726, 0.99921346, -0.030339902, -0.0033013539;
 -0.048658069, 0.029071618, 0.99839234, 0.018568039;
 0, 0, 0, 1]
Ow:
[-0.0035935589;
 0.0026397712;
 -0.018849943]
Keyframe: 11 Frame: 59 Frame from vFrameID : 60
Tcw:
[0.99872065, -0.031113477, -0.039862681, -0.001903245;
 0.032506842, 0.9988656, 0.03479623, 0.0026908398;
 0.038734831, -0.036047522, 0.99859911, -0.018080641;
 0, 0, 0, 1]
Twc:
[0.99872065, 0.032506842, 0.038734831, 0.0025136897;
 -0.031113477, 0.9988656, -0.036047522, -0.0033987663;
 -0.039862681, 0.03479623, 0.99859911, 0.017885812;
 0, 0, 0, 1]
Ow:
[-0.001903245;
 0.0026908398;
 -0.018080641]
Keyframe: 12 Frame: 61 Frame from vFrameID : 62
Tcw:
[0.99894279, -0.031236384, -0.033728499, -0.0025306705;
 0.032460261, 0.99881107, 0.03636973, 0.0026659495;
 0.032552343, -0.037426118, 0.99876904, -0.0175988;
 0, 0, 0, 1]
Twc:
[0.99894279, 0.032460261, 0.032552343, 0.0030143398;
 -0.031236384, 0.99881107, -0.037426118, -0.0034004836;
 -0.033728499, 0.03636973, 0.99876904, 0.017394822;
 0, 0, 0, 1]
Ow:
[-0.0025306705;
 0.0026659495;
 -0.0175988]
Keyframe: 13 Frame: 63 Frame from vFrameID : 64
Tcw:
[0.99905467, -0.031304706, -0.030162176, -0.0026969824;
 0.032431878, 0.99876511, 0.037635636, 0.0025641667;
 0.028946757, -0.038578276, 0.99883622, -0.017546298;
 0, 0, 0, 1]
Twc:
[0.99905467, 0.032431878, 0.028946757, 0.0031191804;
 -0.031304706, 0.99876511, -0.038578276, -0.0033223343;
 -0.030162176, 0.037635636, 0.99883622, 0.017348027;
 0, 0, 0, 1]
Ow:
[-0.0026969824;
 0.0025641667;
 -0.017546298]
Keyframe: 14 Frame: 65 Frame from vFrameID : 66
Tcw:
[0.99924284, -0.031932645, -0.022227446, -0.0019889637;
 0.032850988, 0.99856657, 0.042256016, 0.0024735476;
 0.020846238, -0.042954218, 0.99885952, -0.017416809;
 0, 0, 0, 1]
Twc:
[0.99924284, 0.032850988, 0.020846238, 0.0022692743;
 -0.031932645, 0.99856657, -0.042954218, -0.0032816404;
 -0.022227446, 0.042256016, 0.99885952, 0.017248213;
 0, 0, 0, 1]
Ow:
[-0.0019889637;
 0.0024735476;
 -0.017416809]
Keyframe: 15 Frame: 66 Frame from vFrameID : 67
Tcw:
[0.99946678, -0.027422419, -0.017725024, -0.0029254477;
 0.028095387, 0.9988479, 0.038904402, 0.0025938004;
 0.01663775, -0.039381649, 0.99908572, -0.016201256;
 0, 0, 0, 1]
Twc:
[0.99946678, 0.028095387, 0.01663775, 0.0031205663;
 -0.027422419, 0.9988479, -0.039381649, -0.0033090671;
 -0.017725024, 0.038904402, 0.99908572, 0.016033679;
 0, 0, 0, 1]
Ow:
[-0.0029254477;
 0.0025938004;
 -0.016201256]
Keyframe: 16 Frame: 69 Frame from vFrameID : 70
Tcw:
[0.99942774, -0.025543397, -0.02217412, -0.002890568;
 0.026295256, 0.9990654, 0.034305047, 0.002693932;
 0.021277128, -0.034868494, 0.99916542, -0.016970439;
 0, 0, 0, 1]
Twc:
[0.99942774, 0.026295256, 0.021277128, 0.0031791585;
 -0.025543397, 0.9990654, -0.034868494, -0.0033569827;
 -0.02217412, 0.034305047, 0.99916542, 0.016799763;
 0, 0, 0, 1]
Ow:
[-0.002890568;
 0.002693932;
 -0.016970439]
Keyframe: 17 Frame: 73 Frame from vFrameID : 74
Tcw:
[0.99942315, -0.021566112, -0.02623431, -0.0033709372;
 0.022341726, 0.99931091, 0.029640125, 0.0028374675;
 0.025577011, -0.030209148, 0.99921632, -0.0178477;
 0, 0, 0, 1]
Twc:
[0.99942315, 0.022341726, 0.025577011, 0.0037620896;
 -0.021566112, 0.99931091, -0.030209148, -0.0034473741;
 -0.02623431, 0.029640125, 0.99921632, 0.017661177;
 0, 0, 0, 1]
Ow:
[-0.0033709372;
 0.0028374675;
 -0.0178477]
Keyframe: 18 Frame: 76 Frame from vFrameID : 77
Tcw:
[0.99976939, -0.0072095632, -0.02022879, -0.0035679268;
 0.0077789291, 0.99957174, 0.028210258, 0.0028358244;
 0.020016743, -0.02836111, 0.99939728, -0.019078236;
 0, 0, 0, 1]
Twc:
[0.99976939, 0.0077789291, 0.020016743, 0.0039269286;
 -0.0072095632, 0.99957174, -0.02836111, -0.0034014131;
 -0.02022879, 0.028210258, 0.99939728, 0.018914564;
 0, 0, 0, 1]
Ow:
[-0.0035679268;
 0.0028358244;
 -0.019078236]
Keyframe: 19 Frame: 79 Frame from vFrameID : 80
Tcw:
[0.99985671, -0.0033239615, -0.016598318, -0.0034785382;
 0.0037958568, 0.99958718, 0.028480211, 0.0028481912;
 0.016496798, -0.028539134, 0.99945652, -0.019085877;
 0, 0, 0, 1]
Twc:
[0.99985671, 0.0037958568, 0.016496798, 0.0037820844;
 -0.0033239615, 0.99958718, -0.028539134, -0.0034032722;
 -0.016598318, 0.028480211, 0.99945652, 0.018936649;
 0, 0, 0, 1]
Ow:
[-0.0034785382;
 0.0028481912;
 -0.019085877]
Keyframe: 20 Frame: 83 Frame from vFrameID : 84
Tcw:
[0.99990904, -0.0042064758, -0.012812275, -0.0034099631;
 0.0044633988, 0.99978822, 0.020090764, 0.002838806;
 0.01272505, -0.020146124, 0.99971604, -0.019067109;
 0, 0, 0, 1]
Twc:
[0.99990904, 0.0044633988, 0.01272505, 0.0036396123;
 -0.0042064758, 0.99978822, -0.020146124, -0.003236677;
 -0.012812275, 0.020090764, 0.99971604, 0.018960973;
 0, 0, 0, 1]
Ow:
[-0.0034099631;
 0.002838806;
 -0.019067109]
Keyframe: 21 Frame: 87 Frame from vFrameID : 88
Tcw:
[0.99992019, -0.012020369, -0.0038927572, -0.0033186693;
 0.01208789, 0.99976826, 0.017812926, 0.0028869533;
 0.0036777372, -0.017858561, 0.99983376, -0.019029608;
 0, 0, 0, 1]
Twc:
[0.99992019, 0.01208789, 0.0036777372, 0.0033534931;
 -0.012020369, 0.99976826, -0.017858561, -0.0032660174;
 -0.0038927572, 0.017812926, 0.99983376, 0.0189621;
 0, 0, 0, 1]
Ow:
[-0.0033186693;
 0.0028869533;
 -0.019029608]
Keyframe: 22 Frame: 90 Frame from vFrameID : 91
Tcw:
[0.99983746, -0.01794517, 0.0017560535, -0.0033795226;
 0.017898452, 0.99955785, 0.023742778, 0.002914055;
 -0.0021813454, -0.023707487, 0.99971658, -0.01889364;
 0, 0, 0, 1]
Twc:
[0.99983746, 0.017898452, -0.0021813454, 0.0032856024;
 -0.01794517, 0.99955785, -0.023707487, -0.0034213334;
 0.0017560535, 0.023742778, 0.99971658, 0.018825032;
 0, 0, 0, 1]
Ow:
[-0.0033795226;
 0.002914055;
 -0.01889364]
Keyframe: 23 Frame: 93 Frame from vFrameID : 94
Tcw:
[0.99987888, -0.013048608, -0.0084814886, -0.0031033105;
 0.013257951, 0.99959671, 0.025113484, 0.0029076738;
 0.0081503717, -0.025222888, 0.99964863, -0.018699285;
 0, 0, 0, 1]
Twc:
[0.99987888, 0.013257951, 0.0081503717, 0.003216791;
 -0.013048608, 0.99959671, -0.025222888, -0.0034186449;
 -0.0084814886, 0.025113484, 0.99964863, 0.018593371;
 0, 0, 0, 1]
Ow:
[-0.0031033105;
 0.0029076738;
 -0.018699285]
Keyframe: 24 Frame: 96 Frame from vFrameID : 97
Tcw:
[0.99972945, -0.0050533568, -0.022703893, -0.0028293431;
 0.0055387993, 0.99975628, 0.021369711, 0.0029780613;
 0.022590373, -0.021489682, 0.9995138, -0.018328391;
 0, 0, 0, 1]
Twc:
[0.99972945, 0.0055387993, 0.022590373, 0.0032261279;
 -0.0050533568, 0.99975628, -0.021489682, -0.0033855045;
 -0.022703893, 0.021369711, 0.9995138, 0.018191602;
 0, 0, 0, 1]
Ow:
[-0.0028293431;
 0.0029780613;
 -0.018328391]
Keyframe: 25 Frame: 99 Frame from vFrameID : 100
Tcw:
[0.99915755, 0.0051003438, -0.040721364, -0.002479028;
 -0.0043595349, 0.99982375, 0.018260259, 0.0031908087;
 0.040807322, -0.018067351, 0.99900365, -0.017906331;
 0, 0, 0, 1]
Twc:
[0.99915755, -0.0043595349, 0.040807322, 0.0032215593;
 0.0051003438, 0.99982375, -0.018067351, -0.0035011224;
 -0.040721364, 0.018260259, 0.99900365, 0.017729277;
 0, 0, 0, 1]
Ow:
[-0.002479028;
 0.0031908087;
 -0.017906331]
Keyframe: 26 Frame: 103 Frame from vFrameID : 104
Tcw:
[0.99836713, 0.013702706, -0.055454936, -0.0022671046;
 -0.012143014, 0.99952388, 0.028365295, 0.0032208534;
 0.055817213, -0.02764559, 0.9980582, -0.017211318;
 0, 0, 0, 1]
Twc:
[0.99836713, -0.012143014, 0.055817213, 0.0032632013;
 0.013702706, 0.99952388, -0.02764559, -0.0036640714;
 -0.055454936, 0.028365295, 0.9980582, 0.016960815;
 0, 0, 0, 1]
Ow:
[-0.0022671046;
 0.0032208534;
 -0.017211318]
Keyframe: 27 Frame: 107 Frame from vFrameID : 108
Tcw:
[0.99849755, 0.013308812, -0.053155985, -0.0022007623;
 -0.012282019, 0.99973249, 0.019596776, 0.0032641795;
 0.053402577, -0.018914469, 0.99839389, -0.016391534;
 0, 0, 0, 1]
Twc:
[0.99849755, -0.012282019, 0.053402577, 0.0031128963;
 0.013308812, 0.99973249, -0.018914469, -0.0035440542;
 -0.053155985, 0.019596776, 0.99839389, 0.016184257;
 0, 0, 0, 1]
Ow:
[-0.0022007623;
 0.0032641795;
 -0.016391534]
Keyframe: 28 Frame: 111 Frame from vFrameID : 112
Tcw:
[0.999295, 0.0086030783, -0.036544211, -0.0023918641;
 -0.0081769982, 0.999897, 0.011792808, 0.0032804233;
 0.036641903, -0.011485672, 0.99926245, -0.015851747;
 0, 0, 0, 1]
Twc:
[0.999295, -0.0081769982, 0.036641903, 0.0029978401;
 0.0086030783, 0.999897, -0.011485672, -0.0034415761;
 -0.036544211, 0.011792808, 0.99926245, 0.015713962;
 0, 0, 0, 1]
Ow:
[-0.0023918641;
 0.0032804233;
 -0.015851747]
Keyframe: 29 Frame: 115 Frame from vFrameID : 116
Tcw:
[0.99968964, -0.001103227, -0.024888959, -0.0027191231;
 0.0011395366, 0.99999833, 0.001444726, 0.0033394517;
 0.024887322, -0.0014726395, 0.99968916, -0.015194614;
 0, 0, 0, 1]
Twc:
[0.99968964, 0.0011395366, 0.024887322, 0.0030926268;
 -0.001103227, 0.99999833, -0.0014726395, -0.0033648219;
 -0.024888959, 0.001444726, 0.99968916, 0.015117392;
 0, 0, 0, 1]
Ow:
[-0.0027191231;
 0.0033394517;
 -0.015194614]
Keyframe: 30 Frame: 118 Frame from vFrameID : 119
Tcw:
[0.99972987, -0.012424144, -0.019641973, -0.0028344826;
 0.012565958, 0.99989575, 0.0071131336, 0.0034448293;
 0.019551551, -0.0073580323, 0.99978179, -0.014628456;
 0, 0, 0, 1]
Twc:
[0.99972987, 0.012565958, 0.019551551, 0.0030764383;
 -0.012424144, 0.99989575, -0.0073580323, -0.0035873228;
 -0.019641973, 0.0071131336, 0.99978179, 0.014545085;
 0, 0, 0, 1]
Ow:
[-0.0028344826;
 0.0034448293;
 -0.014628456]
Keyframe: 31 Frame: 121 Frame from vFrameID : 122
Tcw:
[0.99976832, -0.011203513, -0.01837988, -0.0025059269;
 0.011447299, 0.99984717, 0.013212614, 0.0036040046;
 0.018229045, -0.013419953, 0.99974376, -0.014291384;
 0, 0, 0, 1]
Twc:
[0.99976832, 0.011447299, 0.018229045, 0.0027246084;
 -0.011203513, 0.99984717, -0.013419953, -0.0038233188;
 -0.01837988, 0.013212614, 0.99974376, 0.014194045;
 0, 0, 0, 1]
Ow:
[-0.0025059269;
 0.0036040046;
 -0.014291384]
Keyframe: 32 Frame: 125 Frame from vFrameID : 126
Tcw:
[0.99994671, -0.0055220076, -0.0087235551, -0.0019128183;
 0.0056371754, 0.99989653, 0.013232991, 0.0037367879;
 0.0086495802, -0.013281462, 0.99987441, -0.013141745;
 0, 0, 0, 1]
Twc:
[0.99994671, 0.0056371754, 0.0086495802, 0.0020053219;
 -0.0055220076, 0.99989653, -0.013281462, -0.0039215055;
 -0.0087235551, 0.013232991, 0.99987441, 0.013073958;
 0, 0, 0, 1]
Ow:
[-0.0019128183;
 0.0037367879;
 -0.013141745]
Keyframe: 33 Frame: 129 Frame from vFrameID : 130
Tcw:
[0.99979049, -0.0016863184, -0.020400234, -0.0013234664;
 0.0019007992, 0.99994308, 0.010498825, 0.0037886151;
 0.020381369, -0.010535401, 0.99973679, -0.012422728;
 0, 0, 0, 1]
Twc:
[0.99979049, 0.0019007992, 0.020381369, 0.0015691799;
 -0.0016863184, 0.99994308, -0.010535401, -0.0039215093;
 -0.020400234, 0.010498825, 0.99973679, 0.012352683;
 0, 0, 0, 1]
Ow:
[-0.0013234664;
 0.0037886151;
 -0.012422728]
Keyframe: 34 Frame: 133 Frame from vFrameID : 134
Tcw:
[0.9993282, -2.6667944e-05, -0.036648396, -0.00050247379;
 4.7095891e-05, 0.99999982, 0.00055654044, 0.0037862519;
 0.036648374, -0.00055789255, 0.99932808, -0.011834144;
 0, 0, 0, 1]
Twc:
[0.9993282, 4.7095891e-05, 0.036648374, 0.00093566003;
 -2.6667944e-05, 0.99999982, -0.00055789255, -0.0037928668;
 -0.036648396, 0.00055654044, 0.99932808, 0.011805669;
 0, 0, 0, 1]
Ow:
[-0.00050247379;
 0.0037862519;
 -0.011834144]
Keyframe: 35 Frame: 137 Frame from vFrameID : 138
Tcw:
[0.99864674, 0.014804984, -0.049855128, 0.00010735326;
 -0.014511083, 0.99987519, 0.0062519205, 0.0036191884;
 0.049941465, -0.005520008, 0.99873692, -0.011384808;
 0, 0, 0, 1]
Twc:
[0.99864674, -0.014511083, 0.049941465, 0.0005138843;
 0.014804984, 0.99987519, -0.005520008, -0.0036831698;
 -0.049855128, 0.0062519205, 0.99873692, 0.011353152;
 0, 0, 0, 1]
Ow:
[0.00010735326;
 0.0036191884;
 -0.011384808]
Keyframe: 36 Frame: 141 Frame from vFrameID : 142
Tcw:
[0.99842834, 0.016647929, -0.053513579, 0.00058541511;
 -0.015752476, 0.99972951, 0.017111674, 0.003656582;
 0.053783976, -0.016241809, 0.99842048, -0.010323766;
 0, 0, 0, 1]
Twc:
[0.99842834, -0.015752476, 0.053783976, 2.8358329e-05;
 0.016647929, 0.99972951, -0.016241809, -0.0038330152;
 -0.053513579, 0.017111674, 0.99842048, 0.010276216;
 0, 0, 0, 1]
Ow:
[0.00058541511;
 0.003656582;
 -0.010323766]
Keyframe: 37 Frame: 145 Frame from vFrameID : 146
Tcw:
[0.99905407, 0.013663575, -0.041282233, 0.00072437222;
 -0.013023173, 0.99979126, 0.015742099, 0.0037295967;
 0.041488707, -0.015189582, 0.9990235, -0.0095282812;
 0, 0, 0, 1]
Twc:
[0.99905407, -0.013023173, 0.041488707, -0.00027979974;
 0.013663575, 0.99979126, -0.015189582, -0.0038834463;
 -0.041282233, 0.015742099, 0.9990235, 0.0094901696;
 0, 0, 0, 1]
Ow:
[0.00072437222;
 0.0037295967;
 -0.0095282812]
Keyframe: 38 Frame: 150 Frame from vFrameID : 151
Tcw:
[0.99981594, 0.015489635, -0.011320743, 0.00096472108;
 -0.015435557, 0.99986911, 0.0048487554, 0.0038667282;
 0.011394367, -0.004673121, 0.99992418, -0.0082259122;
 0, 0, 0, 1]
Twc:
[0.99981594, -0.015435557, 0.011394367, -0.00081112934;
 0.015489635, 0.99986911, -0.004673121, -0.0039196061;
 -0.011320743, 0.0048487554, 0.99992418, 0.0082174605;
 0, 0, 0, 1]
Ow:
[0.00096472108;
 0.0038667282;
 -0.0082259122]
Keyframe: 39 Frame: 155 Frame from vFrameID : 156
Tcw:
[0.99994159, 0.0054345638, 0.0093397787, 0.0011391114;
 -0.0054653008, 0.99997973, 0.0032685862, 0.003757142;
 -0.0093218256, -0.0033194399, 0.99995106, -0.0071672527;
 0, 0, 0, 1]
Twc:
[0.99994159, -0.0054653008, -0.0093218256, -0.0011853229;
 0.0054345638, 0.99997973, -0.0033194399, -0.0037870477;
 0.0093397787, 0.0032685862, 0.99995106, 0.0071439822;
 0, 0, 0, 1]
Ow:
[0.0011391114;
 0.003757142;
 -0.0071672527]
Keyframe: 40 Frame: 161 Frame from vFrameID : 162
Tcw:
[0.99988896, -0.00019071873, 0.014901279, 0.001715278;
 0.00024206801, 0.99999404, -0.0034442374, 0.0038082344;
 -0.014900533, 0.0034474621, 0.99988306, -0.0057694321;
 0, 0, 0, 1]
Twc:
[0.99988896, 0.00024206801, -0.014900533, -0.0018019771;
 -0.00019071873, 0.99999404, 0.0034474621, -0.0037879946;
 0.014901279, -0.0034442374, 0.99988306, 0.0057563139;
 0, 0, 0, 1]
Ow:
[0.001715278;
 0.0038082344;
 -0.0057694321]
Keyframe: 41 Frame: 167 Frame from vFrameID : 168
Tcw:
[0.99979991, 0.00078446727, -0.019989125, 0.0024065971;
 -0.00047435114, 0.99987954, 0.015514263, 0.0040982105;
 0.019998888, -0.015501677, 0.9996798, -0.0043797386;
 0, 0, 0, 1]
Twc:
[0.99979991, -0.00047435114, 0.019998888, -0.0023165818;
 0.00078446727, 0.99987954, -0.015501677, -0.0041674981;
 -0.019989125, 0.015514263, 0.9996798, 0.0043628616;
 0, 0, 0, 1]
Ow:
[0.0024065971;
 0.0040982105;
 -0.0043797386]
Keyframe: 42 Frame: 173 Frame from vFrameID : 174
Tcw:
[0.99952799, 0.015734054, -0.026386835, 0.0028900234;
 -0.015636364, 0.99987012, 0.0039044677, 0.0040739086;
 0.026444841, -0.0034900305, 0.99964416, -0.0032816131;
 0, 0, 0, 1]
Twc:
[0.99952799, -0.015636364, 0.026444841, -0.0027381761;
 0.015734054, 0.99987012, -0.0034900305, -0.0041303043;
 -0.026386835, 0.0039044677, 0.99964416, 0.0033407977;
 0, 0, 0, 1]
Ow:
[0.0028900234;
 0.0040739086;
 -0.0032816131]
Keyframe: 43 Frame: 179 Frame from vFrameID : 180
Tcw:
[0.99965626, 0.022939568, -0.012691841, 0.0031964125;
 -0.022961104, 0.99973518, -0.0015536416, 0.0041785901;
 0.01265284, 0.0018445264, 0.99991822, -0.002184741;
 0, 0, 0, 1]
Twc:
[0.99965626, -0.022961104, 0.01265284, -0.0030717258;
 0.022939568, 0.99973518, 0.0018445264, -0.0042467774;
 -0.012691841, -0.0015536416, 0.99991822, 0.0022316228;
 0, 0, 0, 1]
Ow:
[0.0031964125;
 0.0041785901;
 -0.002184741]
Keyframe: 44 Frame: 185 Frame from vFrameID : 186
Tcw:
[0.9999367, 0.0094890241, -0.0060452837, 0.0034920436;
 -0.009655932, 0.99955547, -0.028206268, 0.0043338924;
 0.0057749464, 0.028262855, 0.99958384, -0.00074296206;
 0, 0, 0, 1]
Twc:
[0.9999367, -0.009655932, 0.0057749464, -0.0034456842;
 0.0094890241, 0.99955547, 0.028262855, -0.0043441039;
 -0.0060452837, -0.028206268, 0.99958384, 0.00088600622;
 0, 0, 0, 1]
Ow:
[0.0034920436;
 0.0043338924;
 -0.00074296206]
Keyframe: 45 Frame: 191 Frame from vFrameID : 192
Tcw:
[0.99998963, 0.0027919109, 0.0035901787, 0.003917777;
 -0.0027006706, 0.99967951, -0.025172424, 0.0044255038;
 -0.0036593073, 0.025162468, 0.9996767, 0.00047573668;
 0, 0, 0, 1]
Twc:
[0.99998963, -0.0027006706, -0.0036593073, -0.0039040442;
 0.0027919109, 0.99967951, 0.025162468, -0.004446994;
 0.0035901787, -0.025172424, 0.9996767, -0.00037824773;
 0, 0, 0, 1]
Ow:
[0.003917777;
 0.0044255038;
 0.00047573668]
Keyframe: 46 Frame: 197 Frame from vFrameID : 198
Tcw:
[0.99993706, 0.0043095215, 0.010359785, 0.004466936;
 -0.0040869392, 0.99976242, -0.021411223, 0.0045358539;
 -0.010449596, 0.021367535, 0.99971706, 0.0016531235;
 0, 0, 0, 1]
Twc:
[0.99993706, -0.0040869392, -0.010449596, -0.0044308426;
 0.0043095215, 0.99976242, 0.021367535, -0.00458935;
 0.010359785, -0.021411223, 0.99971706, -0.0016018142;
 0, 0, 0, 1]
Ow:
[0.004466936;
 0.0045358539;
 0.0016531235]
Keyframe: 47 Frame: 203 Frame from vFrameID : 204
Tcw:
[0.99949437, 0.013623755, -0.028728792, 0.0049648876;
 -0.014702547, 0.99918169, -0.037680212, 0.004601656;
 0.028191937, 0.038083546, 0.99887681, 0.0027802186;
 0, 0, 0, 1]
Twc:
[0.99949437, -0.014702547, 0.028191937, -0.0049731014;
 0.013623755, 0.99918169, 0.038083546, -0.0047714114;
 -0.028728792, -0.037680212, 0.99887681, -0.0024610693;
 0, 0, 0, 1]
Ow:
[0.0049648876;
 0.004601656;
 0.0027802186]
Keyframe: 48 Frame: 208 Frame from vFrameID : 209
Tcw:
[0.99866784, 0.029841173, -0.042095441, 0.005195267;
 -0.031052845, 0.99911332, -0.028429728, 0.0045894464;
 0.041209739, 0.029699039, 0.99870902, 0.0036885713;
 0, 0, 0, 1]
Twc:
[0.99866784, -0.031052845, 0.041209739, -0.0051978361;
 0.029841173, 0.99911332, 0.029699039, -0.0048499568;
 -0.042095441, -0.028429728, 0.99870902, -0.0033346359;
 0, 0, 0, 1]
Ow:
[0.005195267;
 0.0045894464;
 0.0036885713]
Keyframe: 49 Frame: 214 Frame from vFrameID : 215
Tcw:
[0.99854803, 0.019807247, -0.050094578, 0.0053236755;
 -0.021348987, 0.99930882, -0.030431062, 0.004788294;
 0.0494572, 0.031456344, 0.99828076, 0.0051005725;
 0, 0, 0, 1]
Twc:
[0.99854803, -0.021348987, 0.0494572, -0.0054659806;
 0.019807247, 0.99930882, 0.031456344, -0.0050508776;
 -0.050094578, -0.030431062, 0.99828076, -0.0046794033;
 0, 0, 0, 1]
Ow:
[0.0053236755;
 0.004788294;
 0.0051005725]
Keyframe: 50 Frame: 220 Frame from vFrameID : 221
Tcw:
[0.99900371, -0.0012671258, -0.044609632, 0.0055115344;
 0.0006302101, 0.99989772, -0.014288708, 0.0050380505;
 0.044623174, 0.014246359, 0.99890232, 0.0063043484;
 0, 0, 0, 1]
Twc:
[0.99900371, 0.0006302101, 0.044623174, -0.0057905382;
 -0.0012671258, 0.99989772, 0.014246359, -0.0051203654;
 -0.044609632, -0.014288708, 0.99890232, -0.0059795729;
 0, 0, 0, 1]
Ow:
[0.0055115344;
 0.0050380505;
 0.0063043484]
Keyframe: 51 Frame: 226 Frame from vFrameID : 227
Tcw:
[0.99992603, -0.012138419, 0.00073081779, 0.0059324545;
 0.012139218, 0.99992573, -0.0010985805, 0.0051165782;
 -0.00071742845, 0.0011073709, 0.99999911, 0.007677427;
 0, 0, 0, 1]
Twc:
[0.99992603, 0.012139218, -0.00071742845, -0.0059886193;
 -0.012138419, 0.99992573, 0.0011073709, -0.005052689;
 0.00073081779, -0.0010985805, 0.99999911, -0.0076761353;
 0, 0, 0, 1]
Ow:
[0.0059324545;
 0.0051165782;
 0.007677427]
Keyframe: 52 Frame: 233 Frame from vFrameID : 234
Tcw:
[0.99998963, 0.0020718852, -0.0040550227, 0.0064144791;
 -0.0021735344, 0.99967945, -0.025225706, 0.0051890798;
 0.0040014582, 0.025234258, 0.99967355, 0.0092167435;
 0, 0, 0, 1]
Twc:
[0.99998963, -0.0021735344, 0.0040014582, -0.0064400141;
 0.0020718852, 0.99967945, 0.025234258, -0.0054332842;
 -0.0040550227, -0.025225706, 0.99967355, -0.0090568261;
 0, 0, 0, 1]
Ow:
[0.0064144791;
 0.0051890798;
 0.0092167435]
Keyframe: 53 Frame: 239 Frame from vFrameID : 240
Tcw:
[0.9990949, 0.024906514, -0.034482114, 0.0070225503;
 -0.026628127, 0.99837393, -0.050403316, 0.0049666539;
 0.03317067, 0.05127589, 0.99813348, 0.010480381;
 0, 0, 0, 1]
Twc:
[0.9990949, -0.026628127, 0.03317067, -0.0072315834;
 0.024906514, 0.99837393, 0.05127589, -0.0056708758;
 -0.034482114, -0.050403316, 0.99813348, -0.0099683311;
 0, 0, 0, 1]
Ow:
[0.0070225503;
 0.0049666539;
 0.010480381]
Keyframe: 54 Frame: 245 Frame from vFrameID : 246
Tcw:
[0.99806911, 0.020734333, -0.058550101, 0.0075353654;
 -0.023303423, 0.99877977, -0.043542098, 0.0051565873;
 0.057575841, 0.04482244, 0.99733442, 0.011500576;
 0, 0, 0, 1]
Twc:
[0.99806911, -0.023303423, 0.057575841, -0.008062805;
 0.020734333, 0.99877977, 0.04482244, -0.0058220197;
 -0.058550101, -0.043542098, 0.99733442, -0.010804195;
 0, 0, 0, 1]
Ow:
[0.0075353654;
 0.0051565873;
 0.011500576]
Keyframe: 55 Frame: 251 Frame from vFrameID : 252
Tcw:
[0.99923813, 0.020782888, -0.03303441, 0.0079017244;
 -0.022195091, 0.9988296, -0.042973936, 0.0052114506;
 0.032102622, 0.043674394, 0.99852991, 0.01263287;
 0, 0, 0, 1]
Twc:
[0.99923813, -0.022195091, 0.032102622, -0.0081855832;
 0.020782888, 0.9988296, 0.043674394, -0.0059213052;
 -0.03303441, -0.042973936, 0.99852991, -0.012129313;
 0, 0, 0, 1]
Ow:
[0.0079017244;
 0.0052114506;
 0.01263287]
Keyframe: 56 Frame: 257 Frame from vFrameID : 258
Tcw:
[0.99998868, 0.0041707121, 0.0022988243, 0.0077195046;
 -0.0040458194, 0.99864465, -0.051889755, 0.0052469238;
 -0.0025121258, 0.051879864, 0.99865019, 0.0139372;
 0, 0, 0, 1]
Twc:
[0.99998868, -0.0040458194, -0.0025121258, -0.0076631769;
 0.0041707121, 0.99864465, 0.051879864, -0.0059950678;
 0.0022988243, -0.051889755, 0.99865019, -0.013663872;
 0, 0, 0, 1]
Ow:
[0.0077195046;
 0.0052469238;
 0.0139372]
Keyframe: 57 Frame: 263 Frame from vFrameID : 264
Tcw:
[0.99989587, -0.0021665066, 0.01426917, 0.0079199439;
 0.0029027737, 0.99865419, -0.051781595, 0.0053429292;
 -0.014137782, 0.051817622, 0.99855649, 0.014799136;
 0, 0, 0, 1]
Twc:
[0.99989587, 0.0029027737, -0.014137782, -0.0077254013;
 -0.0021665066, 0.99865419, 0.051817622, -0.0060854363;
 0.01426917, -0.051781595, 0.99855649, -0.014614118;
 0, 0, 0, 1]
Ow:
[0.0079199439;
 0.0053429292;
 0.014799136]
Keyframe: 58 Frame: 269 Frame from vFrameID : 270
Tcw:
[0.99996358, 0.0084811887, -0.00093210849, 0.0082772998;
 -0.0085223457, 0.99808788, -0.061220869, 0.0053747431;
 0.00041110045, 0.061226584, 0.99812382, 0.015859734;
 0, 0, 0, 1]
Twc:
[0.99996358, -0.0085223457, 0.00041110045, -0.008237713;
 0.0084811887, 0.99808788, 0.061226584, -0.0064057042;
 -0.00093210849, -0.061220869, 0.99812382, -0.015493216;
 0, 0, 0, 1]
Ow:
[0.0082772998;
 0.0053747431;
 0.015859734]
Keyframe: 59 Frame: 274 Frame from vFrameID : 275
Tcw:
[0.99954957, 0.017212404, -0.024584787, 0.0088251662;
 -0.018695021, 0.99793768, -0.061407641, 0.0052251145;
 0.023477113, 0.061839595, 0.99780995, 0.016937936;
 0, 0, 0, 1]
Twc:
[0.99954957, -0.018695021, 0.023477113, -0.009121161;
 0.017212404, 0.99793768, 0.061839595, -0.0064136763;
 -0.024584787, -0.061407641, 0.99780995, -0.016363014;
 0, 0, 0, 1]
Ow:
[0.0088251662;
 0.0052251145;
 0.016937936]
Keyframe: 60 Frame: 280 Frame from vFrameID : 281
Tcw:
[0.99722213, 0.02684419, -0.069479451, 0.0092057297;
 -0.030586274, 0.99810642, -0.053367607, 0.0051423828;
 0.067915276, 0.055344477, 0.99615484, 0.017899673;
 0, 0, 0, 1]
Twc:
[0.99722213, -0.030586274, 0.067915276, -0.010238533;
 0.02684419, 0.99810642, 0.055344477, -0.0063704136;
 -0.069479451, -0.053367607, 0.99615484, -0.0169168;
 0, 0, 0, 1]
Ow:
[0.0092057297;
 0.0051423828;
 0.017899673]
Keyframe: 61 Frame: 286 Frame from vFrameID : 287
Tcw:
[0.9952417, 0.038229287, -0.089623958, 0.0095008062;
 -0.041181371, 0.99866056, -0.031323496, 0.0050919489;
 0.088306434, 0.034865286, 0.99548298, 0.018723141;
 0, 0, 0, 1]
Twc:
[0.9952417, -0.041181371, 0.088306434, -0.010899279;
 0.038229287, 0.99866056, 0.034865286, -0.0061011254;
 -0.089623958, -0.031323496, 0.99548298, -0.017627573;
 0, 0, 0, 1]
Ow:
[0.0095008062;
 0.0050919489;
 0.018723141]
Keyframe: 62 Frame: 292 Frame from vFrameID : 293
Tcw:
[0.9970361, 0.037808713, -0.067003593, 0.0097945184;
 -0.041307926, 0.9978115, -0.05163195, 0.0049937814;
 0.064904816, 0.054246698, 0.99641591, 0.020081168;
 0, 0, 0, 1]
Twc:
[0.9970361, -0.041307926, 0.064904816, -0.010862571;
 0.037808713, 0.9978115, 0.054246698, -0.0064425077;
 -0.067003593, -0.05163195, 0.99641591, -0.019095089;
 0, 0, 0, 1]
Ow:
[0.0097945184;
 0.0049937814;
 0.020081168]
Keyframe: 63 Frame: 298 Frame from vFrameID : 299
Tcw:
[0.99929303, 0.023310695, -0.029495992, 0.010209309;
 -0.024632137, 0.99867147, -0.045260329, 0.0048240777;
 0.028401757, 0.045954879, 0.99853969, 0.021080177;
 0, 0, 0, 1]
Twc:
[0.99929303, -0.024632137, 0.028401757, -0.010681978;
 0.023310695, 0.99867147, 0.045954879, -0.0060243923;
 -0.029495992, -0.045260329, 0.99853969, -0.02052992;
 0, 0, 0, 1]
Ow:
[0.010209309;
 0.0048240777;
 0.021080177]
Keyframe: 64 Frame: 304 Frame from vFrameID : 305
Tcw:
[0.99934369, 0.02438201, -0.026789935, 0.010786928;
 -0.025402516, 0.99893808, -0.038437087, 0.0048049106;
 0.025824312, 0.039092392, 0.99890184, 0.022051921;
 0, 0, 0, 1]
Twc:
[0.99934369, -0.025402516, 0.025824312, -0.011227268;
 0.02438201, 0.99893808, 0.039092392, -0.0059248772;
 -0.026789935, -0.038437087, 0.99890184, -0.021554038;
 0, 0, 0, 1]
Ow:
[0.010786928;
 0.0048049106;
 0.022051921]
Keyframe: 65 Frame: 310 Frame from vFrameID : 311
Tcw:
[0.99687475, 0.043929722, -0.065657288, 0.011595401;
 -0.047831636, 0.99710619, -0.059087913, 0.0048621721;
 0.062871575, 0.062043749, 0.99609125, 0.02355314;
 0, 0, 0, 1]
Twc:
[0.99687475, -0.047831636, 0.062871575, -0.01280742;
 0.043929722, 0.99710619, 0.062043749, -0.0068188095;
 -0.065657288, -0.059087913, 0.99609125, -0.022412457;
 0, 0, 0, 1]
Ow:
[0.011595401;
 0.0048621721;
 0.02355314]
Keyframe: 66 Frame: 316 Frame from vFrameID : 317
Tcw:
[0.99619514, 0.046771616, -0.07353653, 0.011665076;
 -0.0509209, 0.99715376, -0.055600397, 0.0046828655;
 0.070726708, 0.059133396, 0.99574143, 0.024455471;
 0, 0, 0, 1]
Twc:
[0.99619514, -0.0509209, 0.070726708, -0.013111892;
 0.046771616, 0.99715376, 0.059133396, -0.0066612666;
 -0.07353653, -0.055600397, 0.99574143, -0.023233147;
 0, 0, 0, 1]
Ow:
[0.011665076;
 0.0046828655;
 0.024455471]
Keyframe: 67 Frame: 322 Frame from vFrameID : 323
Tcw:
[0.99646348, 0.047564507, -0.06926848, 0.012152171;
 -0.051912736, 0.99670094, -0.062388495, 0.0044775624;
 0.066072486, 0.065763772, 0.99564528, 0.025451979;
 0, 0, 0, 1]
Twc:
[0.99646348, -0.051912736, 0.066072486, -0.013558428;
 0.047564507, 0.99670094, 0.065763772, -0.0067146206;
 -0.06926848, -0.062388495, 0.99564528, -0.024220031;
 0, 0, 0, 1]
Ow:
[0.012152171;
 0.0044775624;
 0.025451979]
Keyframe: 68 Frame: 328 Frame from vFrameID : 329
Tcw:
[0.99847084, 0.041615061, -0.03638887, 0.012396574;
 -0.043559462, 0.99756956, -0.054382857, 0.0044379006;
 0.034037285, 0.055884778, 0.99785686, 0.026470413;
 0, 0, 0, 1]
Twc:
[0.99847084, -0.043559462, 0.034037285, -0.013085286;
 0.041615061, 0.99756956, 0.055884778, -0.0064222924;
 -0.03638887, -0.054382857, 0.99785686, -0.025721243;
 0, 0, 0, 1]
Ow:
[0.012396574;
 0.0044379006;
 0.026470413]
Keyframe: 69 Frame: 335 Frame from vFrameID : 336
Tcw:
[0.9997462, 0.011181365, -0.0195587, 0.012621053;
 -0.012051542, 0.99891639, -0.044953689, 0.0042444202;
 0.019034861, 0.045177992, 0.9987976, 0.026826695;
 0, 0, 0, 1]
Twc:
[0.9997462, -0.012051542, 0.019034861, -0.013077341;
 0.011181365, 0.99891639, 0.045177992, -0.0055929176;
 -0.0195587, -0.044953689, 0.9987976, -0.026356783;
 0, 0, 0, 1]
Ow:
[0.012621053;
 0.0042444202;
 0.026826695]
Keyframe: 70 Frame: 342 Frame from vFrameID : 343
Tcw:
[0.99804282, 0.025722342, -0.056999296, 0.01261414;
 -0.028395319, 0.9985103, -0.046592142, 0.0039045066;
 0.055715926, 0.048119463, 0.99728644, 0.026959596;
 0, 0, 0, 1]
Twc:
[0.99804282, -0.028395319, 0.055715926, -0.013980661;
 0.025722342, 0.9985103, 0.048119463, -0.0055204369;
 -0.056999296, -0.046592142, 0.99728644, -0.025985524;
 0, 0, 0, 1]
Ow:
[0.01261414;
 0.0039045066;
 0.026959596]
Keyframe: 71 Frame: 349 Frame from vFrameID : 350
Tcw:
[0.98976421, 0.074825272, -0.12152351, 0.012529512;
 -0.081921935, 0.99514836, -0.054484561, 0.0038635239;
 0.1168571, 0.063882314, 0.99109209, 0.027428774;
 0, 0, 0, 1]
Twc:
[0.98976421, -0.081921935, 0.1168571, -0.015290002;
 0.074825272, 0.99514836, 0.063882314, -0.0065345168;
 -0.12152351, -0.054484561, 0.99109209, -0.025451306;
 0, 0, 0, 1]
Ow:
[0.012529512;
 0.0038635239;
 0.027428774]
