Keyframe: 0 Frame: 0 Frame from vFrameID : 46
Tcw:
[1, 0, 0, 0;
 0, 1, 0, 0;
 0, 0, 1, 0;
 0, 0, 0, 1]
Twc:
[1, 0, 0, 0;
 0, 1, 0, 0;
 0, 0, 1, 0;
 0, 0, 0, 1]
Ow:
[0;
 0;
 0]
Keyframe: 1 Frame: 383 Frame from vFrameID : 46
Tcw:
[0.99721998, 0.0052731251, -0.074326999, 0.02556169;
 -0.0041127522, 0.99986738, 0.015756147, 0.0023547364;
 0.074400231, -0.015406656, 0.99710941, 0.03785738;
 0, 0, 0, 1]
Twc:
[0.99721998, -0.0041127522, 0.074400231, -0.028297542;
 0.0052731251, 0.99986738, -0.015406656, -0.0019059586;
 -0.074326999, 0.015756147, 0.99710941, -0.035885133;
 0, 0, 0, 1]
Ow:
[0.02556169;
 0.0023547364;
 0.03785738]
Keyframe: 2 Frame: 384 Frame from vFrameID : 48
Tcw:
[0.99713773, 0.0084313815, -0.075135119, 0.027828898;
 -0.0071208342, 0.99981809, 0.017693399, 0.0017174035;
 0.07527063, -0.017107731, 0.99701637, 0.041904412;
 0, 0, 0, 1]
Twc:
[0.99713773, -0.0071208342, 0.07527063, -0.030891186;
 0.0084313815, 0.99981809, -0.017107731, -0.0012348379;
 -0.075135119, 0.017693399, 0.99701637, -0.039718844;
 0, 0, 0, 1]
Ow:
[0.027828898;
 0.0017174035;
 0.041904412]
Keyframe: 3 Frame: 385 Frame from vFrameID : 49
Tcw:
[0.99695897, 0.010356977, -0.077236749, 0.029682571;
 -0.0091322595, 0.99982721, 0.016193042, 0.0012034096;
 0.07739111, -0.015438452, 0.99688125, 0.045853708;
 0, 0, 0, 1]
Twc:
[0.99695897, -0.0091322595, 0.07739111, -0.033129986;
 0.010356977, 0.99982721, -0.015438452, -0.00080271316;
 -0.077236749, 0.016193042, 0.99688125, -0.043437604;
 0, 0, 0, 1]
Ow:
[0.029682571;
 0.0012034096;
 0.045853708]
Keyframe: 4 Frame: 387 Frame from vFrameID : 51
Tcw:
[0.99691617, 0.010726427, -0.07773748, 0.031419173;
 -0.0098459469, 0.99988306, 0.011700777, 0.0012905397;
 0.077853903, -0.010899295, 0.99690521, 0.050528813;
 0, 0, 0, 1]
Twc:
[0.99691617, -0.0098459469, 0.077853903, -0.03524344;
 0.010726427, 0.99988306, -0.010899295, -0.001076676;
 -0.07773748, 0.011700777, 0.99690521, -0.047945086;
 0, 0, 0, 1]
Ow:
[0.031419173;
 0.0012905397;
 0.050528813]
Keyframe: 5 Frame: 390 Frame from vFrameID : 52
Tcw:
[0.99778014, 0.003013676, -0.066525735, 0.036247253;
 -0.002717586, 0.99998599, 0.0045408066, 0.0067610187;
 0.06653849, -0.0043499372, 0.99777436, 0.065938219;
 0, 0, 0, 1]
Twc:
[0.99778014, -0.002717586, 0.06653849, -0.040535845;
 0.003013676, 0.99998599, -0.0043499372, -0.0065833344;
 -0.066525735, 0.0045408066, 0.99777436, -0.063410789;
 0, 0, 0, 1]
Ow:
[0.036247253;
 0.0067610187;
 0.065938219]
Keyframe: 6 Frame: 393 Frame from vFrameID : 53
Tcw:
[0.99896425, 0.00080542808, -0.045494206, 0.039495319;
 -0.00017855231, 0.99990499, 0.013781627, 0.0077797393;
 0.045500986, -0.013759229, 0.99886954, 0.081310369;
 0, 0, 0, 1]
Twc:
[0.99896425, -0.00017855231, 0.045500986, -0.043152727;
 0.00080542808, 0.99990499, -0.013759229, -0.0066920426;
 -0.045494206, 0.013781627, 0.99886954, -0.079528861;
 0, 0, 0, 1]
Ow:
[0.039495319;
 0.0077797393;
 0.081310369]
Keyframe: 7 Frame: 396 Frame from vFrameID : 55
Tcw:
[0.99925256, 0.0055805482, -0.038252056, 0.042073235;
 -0.0055012694, 0.99998248, 0.0021774801, 0.0082071479;
 0.038263537, -0.0019654178, 0.99926573, 0.091281235;
 0, 0, 0, 1]
Twc:
[0.99925256, -0.0055012694, 0.038263537, -0.045489378;
 0.0055805482, 0.99998248, -0.0019654178, -0.0082623903;
 -0.038252056, 0.0021774801, 0.99926573, -0.089622691;
 0, 0, 0, 1]
Ow:
[0.042073235;
 0.0082071479;
 0.091281235]
Keyframe: 8 Frame: 400 Frame from vFrameID : 56
Tcw:
[0.99954146, -0.015400955, -0.026070459, 0.041761443;
 0.015468169, 0.99987751, 0.0023784826, 0.0096327653;
 0.026030635, -0.0027806542, 0.99965727, 0.11044338;
 0, 0, 0, 1]
Twc:
[0.99954146, 0.015468169, 0.026030635, -0.044766206;
 -0.015400955, 0.99987751, -0.0027806542, -0.008681315;
 -0.026070459, 0.0023784826, 0.99965727, -0.10933971;
 0, 0, 0, 1]
Ow:
[0.041761443;
 0.0096327653;
 0.11044338]
Keyframe: 9 Frame: 404 Frame from vFrameID : 57
Tcw:
[0.99983156, -0.018042734, -0.0033654941, 0.048591763;
 0.018070428, 0.99980152, 0.0083881682, 0.011955668;
 0.0032134806, -0.0084475707, 0.99995917, 0.12471449;
 0, 0, 0, 1]
Twc:
[0.99983156, 0.018070428, 0.0032134806, -0.049200393;
 -0.018042734, 0.99980152, -0.0084475707, -0.010023032;
 -0.0033654941, 0.0083881682, 0.99995917, -0.12464615;
 0, 0, 0, 1]
Ow:
[0.048591763;
 0.011955668;
 0.12471449]
Keyframe: 10 Frame: 408 Frame from vFrameID : 58
Tcw:
[0.99987835, -0.011398093, -0.010648119, 0.053979039;
 0.011400455, 0.99993497, 0.00016119562, 0.013683212;
 0.01064559, -0.00028256941, 0.99994332, 0.14200139;
 0, 0, 0, 1]
Twc:
[0.99987835, 0.011400455, 0.01064559, -0.055640157;
 -0.011398093, 0.99993497, -0.00028256941, -0.013026941;
 -0.010648119, 0.00016119562, 0.99994332, -0.14142077;
 0, 0, 0, 1]
Ow:
[0.053979039;
 0.013683212;
 0.14200139]
Keyframe: 11 Frame: 412 Frame from vFrameID : 60
Tcw:
[0.99867368, 0.0053046965, -0.051212233, 0.061554402;
 -0.0058467076, 0.99992841, -0.010439624, 0.012940656;
 0.051153187, 0.010725201, 0.99863321, 0.1539562;
 0, 0, 0, 1]
Twc:
[0.99867368, -0.0058467076, 0.051153187, -0.069272459;
 0.0053046965, 0.99992841, 0.010725201, -0.014917469;
 -0.051212233, -0.010439624, 0.99863321, -0.15045835;
 0, 0, 0, 1]
Ow:
[0.061554402;
 0.012940656;
 0.1539562]
Keyframe: 12 Frame: 417 Frame from vFrameID : 62
Tcw:
[0.9977901, 0.02871207, -0.059921067, 0.073549904;
 -0.029111633, 0.99955928, -0.0058057047, 0.013306804;
 0.059727967, 0.0075372746, 0.99818623, 0.16614483;
 0, 0, 0, 1]
Twc:
[0.9977901, -0.029111633, 0.059727967, -0.082923479;
 0.02871207, 0.99955928, 0.0075372746, -0.016664989;
 -0.059921067, -0.0058057047, 0.99818623, -0.16135904;
 0, 0, 0, 1]
Ow:
[0.073549904;
 0.013306804;
 0.16614483]
Keyframe: 13 Frame: 422 Frame from vFrameID : 64
Tcw:
[0.99771166, 0.01300519, -0.066350326, 0.078377329;
 -0.013787709, 0.99984056, -0.011349487, 0.01268127;
 0.066192143, 0.012238335, 0.99773186, 0.18052769;
 0, 0, 0, 1]
Twc:
[0.99771166, -0.013787709, 0.066192143, -0.089972638;
 0.01300519, 0.99984056, 0.012238335, -0.015907917;
 -0.066350326, -0.011349487, 0.99773186, -0.17477393;
 0, 0, 0, 1]
Ow:
[0.078377329;
 0.01268127;
 0.18052769]
Keyframe: 14 Frame: 427 Frame from vFrameID : 66
Tcw:
[0.99889719, 0.0096192397, -0.045954682, 0.0818353;
 -0.010551257, 0.99974269, -0.020081883, 0.017195245;
 0.045749687, 0.020544617, 0.99874163, 0.19522351;
 0, 0, 0, 1]
Twc:
[0.99889719, -0.010551257, 0.045749687, -0.090495043;
 0.0096192397, 0.99974269, 0.020544617, -0.021988807;
 -0.045954682, -0.020081883, 0.99874163, -0.19087183;
 0, 0, 0, 1]
Ow:
[0.0818353;
 0.017195245;
 0.19522351]
Keyframe: 15 Frame: 432 Frame from vFrameID : 67
Tcw:
[0.99995321, 0.0014689725, -0.0095598679, 0.082453944;
 -0.0016911607, 0.99972767, -0.023275342, 0.019867809;
 0.0095230741, 0.02329042, 0.99968338, 0.21603349;
 0, 0, 0, 1]
Twc:
[0.99995321, -0.0016911607, 0.0095230741, -0.084473789;
 0.0014689725, 0.99972767, 0.02329042, -0.025015032;
 -0.0095598679, -0.023275342, 0.99968338, -0.21471441;
 0, 0, 0, 1]
Ow:
[0.082453944;
 0.019867809;
 0.21603349]
Keyframe: 16 Frame: 437 Frame from vFrameID : 70
Tcw:
[0.9997499, 0.0011841301, 0.022332031, 0.085061051;
 -0.00093302922, 0.99993628, -0.011251049, 0.022970833;
 -0.022343932, 0.011227399, 0.99968731, 0.23175916;
 0, 0, 0, 1]
Twc:
[0.9997499, -0.00093302922, -0.022343932, -0.079839937;
 0.0011841301, 0.99993628, 0.011227399, -0.025672143;
 0.022332031, -0.011251049, 0.99968731, -0.23332782;
 0, 0, 0, 1]
Ow:
[0.085061051;
 0.022970833;
 0.23175916]
Keyframe: 17 Frame: 443 Frame from vFrameID : 444
Tcw:
[0.99989998, 0.0091834338, 0.010757408, 0.090181969;
 -0.0090475325, 0.99987948, -0.01261455, 0.023588004;
 -0.010871957, 0.01251596, 0.99986255, 0.24803245;
 0, 0, 0, 1]
Twc:
[0.99989998, -0.0090475325, -0.010871957, -0.087262928;
 0.0091834338, 0.99987948, 0.01251596, -0.027517706;
 0.010757408, -0.01261455, 0.99986255, -0.24867094;
 0, 0, 0, 1]
Ow:
[0.090181969;
 0.023588004;
 0.24803245]
Keyframe: 18 Frame: 449 Frame from vFrameID : 450
Tcw:
[0.99953443, 0.012178614, -0.027974606, 0.099062972;
 -0.013006383, 0.99947715, -0.029601188, 0.023405403;
 0.027599478, 0.029951256, 0.99917024, 0.2657381;
 0, 0, 0, 1]
Twc:
[0.99953443, -0.013006383, 0.027599478, -0.10604667;
 0.012178614, 0.99947715, 0.029951256, -0.032558806;
 -0.027974606, -0.029601188, 0.99917024, -0.26205352;
 0, 0, 0, 1]
Ow:
[0.099062972;
 0.023405403;
 0.2657381]
Keyframe: 19 Frame: 455 Frame from vFrameID : 456
Tcw:
[0.99899238, 0.024837919, -0.037379727, 0.11058967;
 -0.025371555, 0.99958187, -0.013870011, 0.024054203;
 0.037019596, 0.014804418, 0.99920487, 0.27982342;
 0, 0, 0, 1]
Twc:
[0.99899238, -0.025371555, 0.037019596, -0.1202269;
 0.024837919, 0.99958187, 0.014804418, -0.030933587;
 -0.037379727, -0.013870011, 0.99920487, -0.27513349;
 0, 0, 0, 1]
Ow:
[0.11058967;
 0.024054203;
 0.27982342]
Keyframe: 20 Frame: 462 Frame from vFrameID : 463
Tcw:
[0.9996447, 0.022877712, -0.013676869, 0.11579076;
 -0.023090761, 0.9996112, -0.015627762, 0.026973281;
 0.013314025, 0.015938019, 0.99978435, 0.30156657;
 0, 0, 0, 1]
Twc:
[0.9996447, -0.023090761, 0.013314025, -0.11914186;
 0.022877712, 0.9996112, 0.015938019, -0.034418195;
 -0.013676869, -0.015627762, 0.99978435, -0.29949632;
 0, 0, 0, 1]
Ow:
[0.11579076;
 0.026973281;
 0.30156657]
Keyframe: 21 Frame: 468 Frame from vFrameID : 469
Tcw:
[0.9991824, 0.016712993, 0.036813591, 0.1195865;
 -0.015564297, 0.99938971, -0.031271681, 0.027932797;
 -0.037313767, 0.030673133, 0.99883276, 0.32068551;
 0, 0, 0, 1]
Twc:
[0.9991824, -0.015564297, -0.037313767, -0.10708798;
 0.016712993, 0.99938971, 0.030673133, -0.039750829;
 0.036813591, -0.031271681, 0.99883276, -0.32384008;
 0, 0, 0, 1]
Ow:
[0.1195865;
 0.027932797;
 0.32068551]
Keyframe: 22 Frame: 474 Frame from vFrameID : 475
Tcw:
[0.99792129, 0.01962477, 0.061383381, 0.12408414;
 -0.018974004, 0.99975759, -0.011166693, 0.030000685;
 -0.061587647, 0.0099787917, 0.99805182, 0.33993608;
 0, 0, 0, 1]
Twc:
[0.99792129, -0.018974004, -0.061587647, -0.10232113;
 0.01962477, 0.99975759, 0.0099787917, -0.035820689;
 0.061383381, -0.011166693, 0.99805182, -0.3465555;
 0, 0, 0, 1]
Ow:
[0.12408414;
 0.030000685;
 0.33993608]
Keyframe: 23 Frame: 480 Frame from vFrameID : 481
Tcw:
[0.99906886, 0.029542381, 0.031443059, 0.13165218;
 -0.028824951, 0.99931914, -0.023030708, 0.031970706;
 -0.032102033, 0.022102917, 0.99924016, 0.35925403;
 0, 0, 0, 1]
Twc:
[0.99906886, -0.028824951, -0.032102033, -0.11907526;
 0.029542381, 0.99931914, 0.022102917, -0.043778814;
 0.031443059, -0.023030708, 0.99924016, -0.36238429;
 0, 0, 0, 1]
Ow:
[0.13165218;
 0.031970706;
 0.35925403]
Keyframe: 24 Frame: 486 Frame from vFrameID : 487
Tcw:
[0.99939543, 0.034626942, -0.0031250012, 0.14173491;
 -0.034727044, 0.99853104, -0.041590977, 0.033680417;
 0.0016802421, 0.041674357, 0.99912983, 0.37192264;
 0, 0, 0, 1]
Twc:
[0.99939543, -0.034727044, 0.0016802421, -0.14110452;
 0.034626942, 0.99853104, 0.041674357, -0.05403842;
 -0.0031250012, -0.041590977, 0.99912983, -0.36975527;
 0, 0, 0, 1]
Ow:
[0.14173491;
 0.033680417;
 0.37192264]
Keyframe: 25 Frame: 491 Frame from vFrameID : 492
Tcw:
[0.99942791, 0.030133812, -0.015354733, 0.14460409;
 -0.030468464, 0.99929255, -0.022048043, 0.036016621;
 0.014679478, 0.022503266, 0.99963897, 0.38797599;
 0, 0, 0, 1]
Twc:
[0.99942791, -0.030468464, 0.014679478, -0.14911929;
 0.030133812, 0.99929255, 0.022503266, -0.049079336;
 -0.015354733, -0.022048043, 0.99963897, -0.3848215;
 0, 0, 0, 1]
Ow:
[0.14460409;
 0.036016621;
 0.38797599]
Keyframe: 26 Frame: 497 Frame from vFrameID : 498
Tcw:
[0.99979138, 0.020299081, -0.0022739337, 0.14806123;
 -0.020354375, 0.99940813, -0.0277323, 0.039479457;
 0.0017096476, 0.027772799, 0.99961281, 0.40875196;
 0, 0, 0, 1]
Twc:
[0.99979138, -0.020354375, 0.0017096476, -0.14792557;
 0.020299081, 0.99940813, 0.027772799, -0.053813782;
 -0.0022739337, -0.0277323, 0.99961281, -0.40716216;
 0, 0, 0, 1]
Ow:
[0.14806123;
 0.039479457;
 0.40875196]
Keyframe: 27 Frame: 503 Frame from vFrameID : 504
Tcw:
[0.99897432, 0.0047986284, 0.04502577, 0.15001245;
 -0.0036348633, 0.99965811, -0.025893012, 0.041875686;
 -0.045134626, 0.025702789, 0.99865019, 0.43601727;
 0, 0, 0, 1]
Twc:
[0.99897432, -0.0036348633, -0.045134626, -0.13002689;
 0.0047986284, 0.99965811, 0.025702789, -0.053788085;
 0.04502577, -0.025893012, 0.99865019, -0.44109887;
 0, 0, 0, 1]
Ow:
[0.15001245;
 0.041875686;
 0.43601727]
Keyframe: 28 Frame: 509 Frame from vFrameID : 510
Tcw:
[0.99834514, 0.0046994067, 0.057314467, 0.15607265;
 -0.0036974857, 0.99983871, -0.017574659, 0.04498592;
 -0.057387814, 0.017333655, 0.99820149, 0.45505974;
 0, 0, 0, 1]
Twc:
[0.99834514, -0.0036974857, -0.057387814, -0.12953314;
 0.0046994067, 0.99983871, 0.017333655, -0.053599961;
 0.057314467, -0.017574659, 0.99820149, -0.46239591;
 0, 0, 0, 1]
Ow:
[0.15607265;
 0.04498592;
 0.45505974]
Keyframe: 29 Frame: 515 Frame from vFrameID : 516
Tcw:
[0.99988824, 0.0082131838, 0.012490897, 0.16424747;
 -0.0078781396, 0.99961406, -0.026639786, 0.047066309;
 -0.012704873, 0.026538404, 0.99956703, 0.47338167;
 0, 0, 0, 1]
Twc:
[0.99988824, -0.0078781396, -0.012704873, -0.15784407;
 0.0082131838, 0.99961406, 0.026538404, -0.060959931;
 0.012490897, -0.026639786, 0.99956703, -0.4739745;
 0, 0, 0, 1]
Ow:
[0.16424747;
 0.047066309;
 0.47338167]
Keyframe: 30 Frame: 521 Frame from vFrameID : 522
Tcw:
[0.99972558, 0.014587888, -0.018330658, 0.17276266;
 -0.015361905, 0.99896473, -0.042819161, 0.046262458;
 0.017687039, 0.043089002, 0.99891466, 0.48633429;
 0, 0, 0, 1]
Twc:
[0.99972558, -0.015361905, 0.017687039, -0.18060638;
 0.014587888, 0.99896473, 0.043089002, -0.069690466;
 -0.018330658, -0.042819161, 0.99891466, -0.48065871;
 0, 0, 0, 1]
Ow:
[0.17276266;
 0.046262458;
 0.48633429]
Keyframe: 31 Frame: 528 Frame from vFrameID : 529
Tcw:
[0.9995302, 0.022141596, -0.021192241, 0.18064046;
 -0.022863468, 0.99914485, -0.034449641, 0.047832921;
 0.020411348, 0.034917984, 0.99918175, 0.50507522;
 0, 0, 0, 1]
Twc:
[0.9995302, -0.022863468, 0.020411348, -0.18977123;
 0.022141596, 0.99914485, 0.034917984, -0.0694279;
 -0.021192241, -0.034449641, 0.99918175, -0.49918589;
 0, 0, 0, 1]
Ow:
[0.18064046;
 0.047832921;
 0.50507522]
Keyframe: 32 Frame: 535 Frame from vFrameID : 536
Tcw:
[0.99985111, 0.016840003, 0.0037578905, 0.18490873;
 -0.016653363, 0.998842, -0.045136731, 0.051246177;
 -0.0045136414, 0.04506743, 0.99897373, 0.53151816;
 0, 0, 0, 1]
Twc:
[0.99985111, -0.016653363, -0.0045136414, -0.1816287;
 0.016840003, 0.998842, 0.04506743, -0.078254856;
 0.0037578905, -0.045136731, 0.99897373, -0.52935445;
 0, 0, 0, 1]
Ow:
[0.18490873;
 0.051246177;
 0.53151816]
Keyframe: 33 Frame: 541 Frame from vFrameID : 542
Tcw:
[0.99946684, 0.0204239, 0.025473583, 0.18702246;
 -0.018921968, 0.99814487, -0.05786908, 0.054357953;
 -0.026608238, 0.057356216, 0.99799913, 0.54573578;
 0, 0, 0, 1]
Twc:
[0.99946684, -0.018921968, -0.026608238, -0.17137313;
 0.0204239, 0.99814487, 0.057356216, -0.089378171;
 0.025473583, -0.05786908, 0.99799913, -0.54626226;
 0, 0, 0, 1]
Ow:
[0.18702246;
 0.054357953;
 0.54573578]
Keyframe: 34 Frame: 547 Frame from vFrameID : 548
Tcw:
[0.99948674, 0.016542755, 0.027433563, 0.19022079;
 -0.015001267, 0.99834746, -0.055474013, 0.055524603;
 -0.02830592, 0.055034, 0.99808317, 0.5591405;
 0, 0, 0, 1]
Twc:
[0.99948674, -0.015001267, -0.02830592, -0.17346323;
 0.016542755, 0.99834746, 0.055034, -0.089351356;
 0.027433563, -0.055474013, 0.99808317, -0.56020701;
 0, 0, 0, 1]
Ow:
[0.19022079;
 0.055524603;
 0.5591405]
Keyframe: 35 Frame: 554 Frame from vFrameID : 555
Tcw:
[0.99878812, 0.0338782, -0.035700973, 0.20714112;
 -0.036628816, 0.99616641, -0.079440467, 0.058022745;
 0.032872811, 0.080651879, 0.99620008, 0.58837879;
 0, 0, 0, 1]
Twc:
[0.99878812, -0.036628816, 0.032872811, -0.22410645;
 0.0338782, 0.99616641, 0.080651879, -0.11227173;
 -0.035700973, -0.079440467, 0.99620008, -0.57413852;
 0, 0, 0, 1]
Ow:
[0.20714112;
 0.058022745;
 0.58837879]
Keyframe: 36 Frame: 560 Frame from vFrameID : 561
Tcw:
[0.99632943, 0.045872718, -0.072272472, 0.21773022;
 -0.049832124, 0.99729842, -0.053968344, 0.063126639;
 0.069601551, 0.057371743, 0.99592376, 0.60380858;
 0, 0, 0, 1]
Twc:
[0.99632943, -0.049832124, 0.069601551, -0.25581133;
 0.045872718, 0.99729842, 0.057371743, -0.10758553;
 -0.072272472, -0.053968344, 0.99592376, -0.58220458;
 0, 0, 0, 1]
Ow:
[0.21773022;
 0.063126639;
 0.60380858]
Keyframe: 37 Frame: 566 Frame from vFrameID : 567
Tcw:
[0.99726349, 0.036154889, -0.064485744, 0.22254832;
 -0.038428199, 0.99867016, -0.034367736, 0.063816071;
 0.063157424, 0.036751758, 0.99732667, 0.61961877;
 0, 0, 0, 1]
Twc:
[0.99726349, -0.038428199, 0.063157424, -0.2586205;
 0.036154889, 0.99867016, 0.036751758, -0.094549499;
 -0.064485744, -0.034367736, 0.99732667, -0.6014179;
 0, 0, 0, 1]
Ow:
[0.22254832;
 0.063816071;
 0.61961877]
Keyframe: 38 Frame: 572 Frame from vFrameID : 573
Tcw:
[0.999596, 0.019266443, -0.020896321, 0.2237519;
 -0.020045625, 0.99908644, -0.037742779, 0.066404134;
 0.020150062, 0.03814641, 0.99906898, 0.6356495;
 0, 0, 0, 1]
Twc:
[0.999596, -0.020045625, 0.020150062, -0.23513876;
 0.019266443, 0.99908644, 0.03814641, -0.094902121;
 -0.020896321, -0.037742779, 0.99906898, -0.6278758;
 0, 0, 0, 1]
Ow:
[0.2237519;
 0.066404134;
 0.6356495]
Keyframe: 39 Frame: 578 Frame from vFrameID : 579
Tcw:
[0.99981236, 0.0097757112, 0.016723208, 0.22389773;
 -0.0093352376, 0.99961269, -0.026217412, 0.068466522;
 -0.016973024, 0.026056377, 0.99951637, 0.65062439;
 0, 0, 0, 1]
Twc:
[0.99981236, -0.0093352376, -0.016973024, -0.21217351;
 0.0097757112, 0.99961269, 0.026056377, -0.087581679;
 0.016723208, -0.026217412, 0.99951637, -0.65225899;
 0, 0, 0, 1]
Ow:
[0.22389773;
 0.068466522;
 0.65062439]
Keyframe: 40 Frame: 584 Frame from vFrameID : 585
Tcw:
[0.99986649, 0.015841955, 0.0040115882, 0.23272359;
 -0.015683856, 0.99920046, -0.036775336, 0.068276905;
 -0.0045909742, 0.036707506, 0.9993155, 0.66643155;
 0, 0, 0, 1]
Twc:
[0.99986649, -0.015683856, -0.0045909742, -0.22856209;
 0.015841955, 0.99920046, 0.036707506, -0.096372157;
 0.0040115882, -0.036775336, 0.9993155, -0.66439807;
 0, 0, 0, 1]
Ow:
[0.23272359;
 0.068276905;
 0.66643155]
Keyframe: 41 Frame: 590 Frame from vFrameID : 591
Tcw:
[0.9980197, 0.04141641, -0.047343053, 0.24828558;
 -0.044150662, 0.99732542, -0.058247019, 0.070344426;
 0.044804048, 0.060221899, 0.99717897, 0.68364221;
 0, 0, 0, 1]
Twc:
[0.9980197, -0.044150662, 0.044804048, -0.27531809;
 0.04141641, 0.99732542, 0.060221899, -0.12160961;
 -0.047343053, -0.058247019, 0.99717897, -0.66586173;
 0, 0, 0, 1]
Ow:
[0.24828558;
 0.070344426;
 0.68364221]
Keyframe: 42 Frame: 596 Frame from vFrameID : 597
Tcw:
[0.99709827, 0.04276653, -0.062976912, 0.25535262;
 -0.045090009, 0.99833596, -0.03594657, 0.068580791;
 0.061334807, 0.038681891, 0.99736738, 0.69670779;
 0, 0, 0, 1]
Twc:
[0.99709827, -0.045090009, 0.061334807, -0.29425177;
 0.04276653, 0.99833596, 0.038681891, -0.1063372;
 -0.062976912, -0.03594657, 0.99736738, -0.67632711;
 0, 0, 0, 1]
Ow:
[0.25535262;
 0.068580791;
 0.69670779]
Keyframe: 43 Frame: 602 Frame from vFrameID : 603
Tcw:
[0.99736762, 0.04209492, -0.059041526, 0.26062739;
 -0.044194832, 0.99841928, -0.034723211, 0.070764214;
 0.05748653, 0.037241135, 0.99765146, 0.71576703;
 0, 0, 0, 1]
Twc:
[0.99736762, -0.044194832, 0.05748653, -0.29796082;
 0.04209492, 0.99841928, 0.037241135, -0.10827943;
 -0.059041526, -0.034723211, 0.99765146, -0.69624096;
 0, 0, 0, 1]
Ow:
[0.26062739;
 0.070764214;
 0.71576703]
Keyframe: 44 Frame: 608 Frame from vFrameID : 609
Tcw:
[0.9982813, 0.043151863, -0.039653216, 0.25919151;
 -0.045922313, 0.99635851, -0.071839288, 0.071191147;
 0.036408819, 0.073536783, 0.99662769, 0.73272073;
 0, 0, 0, 1]
Twc:
[0.9982813, -0.045922313, 0.036408819, -0.28215429;
 0.043151863, 0.99635851, 0.073536783, -0.13599843;
 -0.039653216, -0.071839288, 0.99662769, -0.71485764;
 0, 0, 0, 1]
Ow:
[0.25919151;
 0.071191147;
 0.73272073]
Keyframe: 45 Frame: 615 Frame from vFrameID : 616
Tcw:
[0.99963051, 0.025470117, -0.0094957836, 0.26143074;
 -0.025978001, 0.99798566, -0.057877384, 0.068748944;
 0.0080025122, 0.058102679, 0.99827856, 0.74429858;
 0, 0, 0, 1]
Twc:
[0.99963051, -0.025978001, 0.0080025122, -0.26550445;
 0.025470117, 0.99798566, 0.058102679, -0.11851487;
 -0.0094957836, -0.057877384, 0.99827856, -0.73655576;
 0, 0, 0, 1]
Ow:
[0.26143074;
 0.068748944;
 0.74429858]
Keyframe: 46 Frame: 622 Frame from vFrameID : 623
Tcw:
[0.99932843, 0.028998207, -0.022401012, 0.26176631;
 -0.03050261, 0.99707878, -0.070024878, 0.069899783;
 0.02030498, 0.070661142, 0.99729371, 0.75200737;
 0, 0, 0, 1]
Twc:
[0.99932843, -0.03050261, 0.02030498, -0.27472788;
 0.028998207, 0.99707878, 0.070661142, -0.13042404;
 -0.022401012, -0.070024878, 0.99729371, -0.73921365;
 0, 0, 0, 1]
Ow:
[0.26176631;
 0.069899783;
 0.75200737]
Keyframe: 47 Frame: 628 Frame from vFrameID : 629
Tcw:
[0.99855703, 0.044189904, -0.030513562, 0.26388699;
 -0.046206616, 0.996553, -0.068899237, 0.070344329;
 0.027363731, 0.070209749, 0.99715686, 0.75658685;
 0, 0, 0, 1]
Twc:
[0.99855703, -0.046206616, 0.027363731, -0.28095886;
 0.044189904, 0.996553, 0.070209749, -0.13488276;
 -0.030513562, -0.068899237, 0.99715686, -0.74153697;
 0, 0, 0, 1]
Ow:
[0.26388699;
 0.070344329;
 0.75658685]
Keyframe: 48 Frame: 634 Frame from vFrameID : 635
Tcw:
[0.99871248, 0.043416016, -0.02623846, 0.26507154;
 -0.044616703, 0.99789542, -0.04705359, 0.070890084;
 0.02414036, 0.048163678, 0.99854767, 0.76030582;
 0, 0, 0, 1]
Twc:
[0.99871248, -0.044616703, 0.02414036, -0.27992144;
 0.043416016, 0.99789542, 0.048163678, -0.11886837;
 -0.02623846, -0.04705359, 0.99854767, -0.74891096;
 0, 0, 0, 1]
Ow:
[0.26507154;
 0.070890084;
 0.76030582]
Keyframe: 49 Frame: 640 Frame from vFrameID : 641
Tcw:
[0.99924582, 0.037375208, 0.010530482, 0.26680869;
 -0.03692269, 0.99850482, -0.040309705, 0.0716708;
 -0.01202132, 0.03989049, 0.99913174, 0.7660569;
 0, 0, 0, 1]
Twc:
[0.99924582, -0.03692269, -0.01202132, -0.25475216;
 0.037375208, 0.99850482, 0.03989049, -0.11209405;
 0.010530482, -0.040309705, 0.99913174, -0.76531231;
 0, 0, 0, 1]
Ow:
[0.26680869;
 0.0716708;
 0.7660569]
Keyframe: 50 Frame: 646 Frame from vFrameID : 647
Tcw:
[0.99891144, 0.029028282, 0.036514491, 0.26692247;
 -0.027638264, 0.99889493, -0.038013026, 0.072037876;
 -0.037577596, 0.036962446, 0.9986099, 0.77029949;
 0, 0, 0, 1]
Twc:
[0.99891144, -0.027638264, -0.037577596, -0.2356949;
 0.029028282, 0.99889493, 0.036962446, -0.10817873;
 0.036514491, -0.038013026, 0.9986099, -0.77623683;
 0, 0, 0, 1]
Ow:
[0.26692247;
 0.072037876;
 0.77029949]
Keyframe: 51 Frame: 652 Frame from vFrameID : 653
Tcw:
[0.99877423, 0.032719318, 0.037141003, 0.26921558;
 -0.031599987, 0.99904019, -0.030334556, 0.072423339;
 -0.038097881, 0.029123718, 0.99884951, 0.77393252;
 0, 0, 0, 1]
Twc:
[0.99877423, -0.031599987, -0.038097881, -0.23711182;
 0.032719318, 0.99904019, 0.029123718, -0.10370217;
 0.037141003, -0.030334556, 0.99884951, -0.78084415;
 0, 0, 0, 1]
Ow:
[0.26921558;
 0.072423339;
 0.77393252]
Keyframe: 52 Frame: 657 Frame from vFrameID : 658
Tcw:
[0.99909401, 0.042462137, 0.0028570176, 0.27034676;
 -0.042279772, 0.99798554, -0.047299478, 0.07278464;
 -0.0048596994, 0.04713583, 0.99887669, 0.77721232;
 0, 0, 0, 1]
Twc:
[0.99909401, -0.042279772, -0.0048596994, -0.26324749;
 0.042462137, 0.99798554, 0.04713583, -0.12075207;
 0.0028570176, -0.047299478, 0.99887669, -0.77366894;
 0, 0, 0, 1]
Ow:
[0.27034676;
 0.07278464;
 0.77721232]
Keyframe: 53 Frame: 663 Frame from vFrameID : 664
Tcw:
[0.99855578, 0.049053781, -0.021909572, 0.27012342;
 -0.050221831, 0.99714464, -0.056394842, 0.072613075;
 0.019080631, 0.057413734, 0.99816811, 0.77747977;
 0, 0, 0, 1]
Twc:
[0.99855578, -0.050221831, 0.019080631, -0.28092134;
 0.049053781, 0.99714464, 0.057413734, -0.13029432;
 -0.021909572, -0.056394842, 0.99816811, -0.76604223;
 0, 0, 0, 1]
Ow:
[0.27012342;
 0.072613075;
 0.77747977]
Keyframe: 54 Frame: 669 Frame from vFrameID : 670
Tcw:
[0.9983511, 0.050534993, -0.027226917, 0.27095938;
 -0.051480468, 0.99805266, -0.035222471, 0.072777823;
 0.025393931, 0.036566049, 0.99900854, 0.78121912;
 0, 0, 0, 1]
Twc:
[0.9983511, -0.051480468, 0.025393931, -0.28660417;
 0.050534993, 0.99805266, 0.036566049, -0.11489514;
 -0.027226917, -0.035222471, 0.99900854, -0.77050382;
 0, 0, 0, 1]
Ow:
[0.27095938;
 0.072777823;
 0.78121912]
Keyframe: 55 Frame: 675 Frame from vFrameID : 676
Tcw:
[0.99920535, 0.039639954, -0.0041707479, 0.27151582;
 -0.039791808, 0.99811333, -0.046758983, 0.073091894;
 0.0023093552, 0.046887785, 0.99889749, 0.7852878;
 0, 0, 0, 1]
Twc:
[0.99920535, -0.039791808, 0.0023093552, -0.27020511;
 0.039639954, 0.99811333, 0.046887785, -0.12053727;
 -0.0041707479, -0.046758983, 0.99889749, -0.77987188;
 0, 0, 0, 1]
Ow:
[0.27151582;
 0.073091894;
 0.7852878]
Keyframe: 56 Frame: 681 Frame from vFrameID : 682
Tcw:
[0.99909073, 0.023999853, 0.035237283, 0.27160656;
 -0.02244539, 0.99878526, -0.043865964, 0.073182613;
 -0.036247257, 0.043035164, 0.99841583, 0.78806615;
 0, 0, 0, 1]
Twc:
[0.99909073, -0.02244539, -0.036247257, -0.24115176;
 0.023999853, 0.99878526, 0.043035164, -0.11352678;
 0.035237283, -0.043865964, 0.99841583, -0.79317814;
 0, 0, 0, 1]
Ow:
[0.27160656;
 0.073182613;
 0.78806615]
Keyframe: 57 Frame: 687 Frame from vFrameID : 688
Tcw:
[0.99889511, 0.028017817, 0.03773066, 0.27251288;
 -0.026661323, 0.99899656, -0.03598763, 0.073582396;
 -0.038701095, 0.034941919, 0.9986397, 0.79104275;
 0, 0, 0, 1]
Twc:
[0.99889511, -0.026661323, -0.038701095, -0.23963577;
 0.028017817, 0.99899656, 0.034941919, -0.10878432;
 0.03773066, -0.03598763, 0.9986397, -0.79760075;
 0, 0, 0, 1]
Ow:
[0.27251288;
 0.073582396;
 0.79104275]
Keyframe: 58 Frame: 693 Frame from vFrameID : 694
Tcw:
[0.99912792, 0.041752119, 0.00043779839, 0.27400392;
 -0.04162059, 0.99670976, -0.069551229, 0.073654994;
 -0.003340269, 0.06947235, 0.99757826, 0.79236698;
 0, 0, 0, 1]
Twc:
[0.99912792, -0.04162059, -0.003340269, -0.2680527;
 0.041752119, 0.99670976, 0.06947235, -0.13990051;
 0.00043779839, -0.069551229, 0.99757826, -0.78544527;
 0, 0, 0, 1]
Ow:
[0.27400392;
 0.073654994;
 0.79236698]
Keyframe: 59 Frame: 699 Frame from vFrameID : 700
Tcw:
[0.99853075, 0.052537821, -0.013270861, 0.27499935;
 -0.05315569, 0.99725533, -0.051539402, 0.073761374;
 0.010526668, 0.052169099, 0.99858278, 0.79340941;
 0, 0, 0, 1]
Twc:
[0.99853075, -0.05315569, 0.010526668, -0.27902645;
 0.052537821, 0.99725533, 0.052169099, -0.12939824;
 -0.013270861, -0.051539402, 0.99858278, -0.78483391;
 0, 0, 0, 1]
Ow:
[0.27499935;
 0.073761374;
 0.79340941]
Keyframe: 60 Frame: 705 Frame from vFrameID : 706
Tcw:
[0.9982354, 0.056582574, -0.018013196, 0.27525663;
 -0.057285, 0.99750674, -0.041215058, 0.073474333;
 0.015636232, 0.042174216, 0.99898791, 0.79472059;
 0, 0, 0, 1]
Twc:
[0.9982354, -0.057285, 0.015636232, -0.2829884;
 0.056582574, 0.99750674, 0.042174216, -0.1223826;
 -0.018013196, -0.041215058, 0.99898791, -0.78592974;
 0, 0, 0, 1]
Ow:
[0.27525663;
 0.073474333;
 0.79472059]
Keyframe: 61 Frame: 710 Frame from vFrameID : 711
Tcw:
[0.99834216, 0.057525467, 0.0019320003, 0.27577659;
 -0.05739915, 0.9975189, -0.040760409, 0.073160551;
 -0.0042719683, 0.040581938, 0.99916708, 0.79585624;
 0, 0, 0, 1]
Twc:
[0.99834216, -0.05739915, -0.0042719683, -0.26772019;
 0.057525467, 0.9975189, 0.040581938, -0.1211406;
 0.0019320003, -0.040760409, 0.99916708, -0.7927441;
 0, 0, 0, 1]
Ow:
[0.27577659;
 0.073160551;
 0.79585624]
Keyframe: 62 Frame: 716 Frame from vFrameID : 717
Tcw:
[0.99852854, 0.046174087, 0.028438734, 0.27585486;
 -0.04468824, 0.99770671, -0.050836012, 0.072984867;
 -0.030720823, 0.049490329, 0.99830204, 0.79623127;
 0, 0, 0, 1]
Twc:
[0.99852854, -0.04468824, -0.030720823, -0.24772647;
 0.046174087, 0.99770671, 0.049490329, -0.12496059;
 0.028438734, -0.050836012, 0.99830204, -0.79901403;
 0, 0, 0, 1]
Ow:
[0.27585486;
 0.072984867;
 0.79623127]
Keyframe: 63 Frame: 722 Frame from vFrameID : 723
Tcw:
[0.99811381, 0.04375175, 0.043065473, 0.27590981;
 -0.042346582, 0.99855727, -0.033017647, 0.072929688;
 -0.044447921, 0.031131692, 0.99852651, 0.79729635;
 0, 0, 0, 1]
Twc:
[0.99811381, -0.042346582, -0.044447921, -0.2368629;
 0.04375175, 0.99855727, 0.031131692, -0.1097172;
 0.043065473, -0.033017647, 0.99852651, -0.80559576;
 0, 0, 0, 1]
Ow:
[0.27590981;
 0.072929688;
 0.79729635]
Keyframe: 64 Frame: 728 Frame from vFrameID : 729
Tcw:
[0.99828613, 0.054416303, 0.021532949, 0.27644899;
 -0.053534456, 0.99778032, -0.039604899, 0.072801754;
 -0.023640305, 0.038384266, 0.99898338, 0.79822731;
 0, 0, 0, 1]
Twc:
[0.99828613, -0.053534456, -0.023640305, -0.25320745;
 0.054416303, 0.99778032, 0.038384266, -0.11832286;
 0.021532949, -0.039604899, 0.99898338, -0.80048525;
 0, 0, 0, 1]
Ow:
[0.27644899;
 0.072801754;
 0.79822731]
Keyframe: 65 Frame: 734 Frame from vFrameID : 735
Tcw:
[0.99781072, 0.066133305, 0.00042147699, 0.27686581;
 -0.066073842, 0.99714631, -0.036516283, 0.07295078;
 -0.0028352167, 0.036408491, 0.99933296, 0.79971212;
 0, 0, 0, 1]
Twc:
[0.99781072, -0.066073842, -0.0028352167, -0.26917216;
 0.066133305, 0.99714631, 0.036408491, -0.12016897;
 0.00042147699, -0.036516283, 0.99933296, -0.79663152;
 0, 0, 0, 1]
Ow:
[0.27686581;
 0.07295078;
 0.79971212]
Keyframe: 66 Frame: 740 Frame from vFrameID : 741
Tcw:
[0.99734402, 0.063618749, -0.035461526, 0.27719608;
 -0.064303204, 0.99775881, -0.018505836, 0.072841197;
 0.034204733, 0.020736974, 0.99919969, 0.80070943;
 0, 0, 0, 1]
Twc:
[0.99734402, -0.064303204, 0.034204733, -0.29916397;
 0.063618749, 0.99775881, 0.020736974, -0.10691711;
 -0.035461526, -0.018505836, 0.99919969, -0.78889078;
 0, 0, 0, 1]
Ow:
[0.27719608;
 0.072841197;
 0.80070943]
Keyframe: 67 Frame: 746 Frame from vFrameID : 747
Tcw:
[0.99740243, 0.062227625, -0.036278624, 0.2775059;
 -0.06315852, 0.99768776, -0.025103467, 0.072763175;
 0.034632608, 0.027329562, 0.99902636, 0.80161023;
 0, 0, 0, 1]
Twc:
[0.99740243, -0.06315852, 0.034632608, -0.29995131;
 0.062227625, 0.99768776, 0.027329562, -0.11177111;
 -0.036278624, -0.025103467, 0.99902636, -0.7889356;
 0, 0, 0, 1]
Ow:
[0.2775059;
 0.072763175;
 0.80161023]
Keyframe: 68 Frame: 752 Frame from vFrameID : 753
Tcw:
[0.9974643, 0.062839143, -0.033409238, 0.27787814;
 -0.064212136, 0.99706268, -0.041747414, 0.072671443;
 0.030687731, 0.043786835, 0.99856949, 0.8028847;
 0, 0, 0, 1]
Twc:
[0.9974643, -0.064212136, 0.030687731, -0.29714584;
 0.062839143, 0.99706268, 0.043786835, -0.12507538;
 -0.033409238, -0.041747414, 0.99856949, -0.78941858;
 0, 0, 0, 1]
Ow:
[0.27787814;
 0.072671443;
 0.8028847]
Keyframe: 69 Frame: 758 Frame from vFrameID : 759
Tcw:
[0.99880111, 0.048389137, -0.0074059796, 0.2782647;
 -0.048517257, 0.99865603, -0.018226603, 0.072523706;
 0.0065140566, 0.018564068, 0.99980646, 0.80362338;
 0, 0, 0, 1]
Twc:
[0.99880111, -0.048517257, 0.0065140566, -0.27964729;
 0.048389137, 0.99865603, 0.018564068, -0.10080975;
 -0.0074059796, -0.018226603, 0.99980646, -0.80008513;
 0, 0, 0, 1]
Ow:
[0.2782647;
 0.072523706;
 0.80362338]
Keyframe: 70 Frame: 764 Frame from vFrameID : 765
Tcw:
[0.99901778, 0.043709859, -0.0072796154, 0.27865285;
 -0.043804459, 0.99895042, -0.013386886, 0.072290555;
 0.006686836, 0.013692616, 0.99988389, 0.80450219;
 0, 0, 0, 1]
Twc:
[0.99901778, -0.043804459, 0.006686836, -0.28059208;
 0.043709859, 0.99895042, 0.013692616, -0.095410302;
 -0.0072796154, -0.013386886, 0.99988389, -0.80141252;
 0, 0, 0, 1]
Ow:
[0.27865285;
 0.072290555;
 0.80450219]
Keyframe: 71 Frame: 770 Frame from vFrameID : 771
Tcw:
[0.99709791, 0.063485086, -0.042016629, 0.27957419;
 -0.064487711, 0.9976545, -0.022952275, 0.072214454;
 0.040460952, 0.025595222, 0.99885327, 0.80583018;
 0, 0, 0, 1]
Twc:
[0.99709791, -0.064487711, 0.040460952, -0.30671054;
 0.063485086, 0.9976545, 0.025595222, -0.11041927;
 -0.042016629, -0.022952275, 0.99885327, -0.79150182;
 0, 0, 0, 1]
Ow:
[0.27957419;
 0.072214454;
 0.80583018]
Keyframe: 72 Frame: 777 Frame from vFrameID : 778
Tcw:
[0.99662954, 0.071314357, -0.040543973, 0.27954254;
 -0.072449416, 0.99699974, -0.027250357, 0.072611801;
 0.038478989, 0.030095898, 0.99880612, 0.80705422;
 0, 0, 0, 1]
Twc:
[0.99662954, -0.072449416, 0.038478989, -0.30439427;
 0.071314357, 0.99699974, 0.030095898, -0.11661837;
 -0.040543973, -0.027250357, 0.99880612, -0.79277819;
 0, 0, 0, 1]
Ow:
[0.27954254;
 0.072611801;
 0.80705422]
Keyframe: 73 Frame: 783 Frame from vFrameID : 784
Tcw:
[0.99728197, 0.073640354, -0.0024060213, 0.27957183;
 -0.073679402, 0.99683154, -0.029971497, 0.072573766;
 0.00019128619, 0.030067308, 0.99954784, 0.80700004;
 0, 0, 0, 1]
Twc:
[0.99728197, -0.073679402, 0.00019128619, -0.27361915;
 0.073640354, 0.99683154, 0.030067308, -0.1171959;
 -0.0024060213, -0.029971497, 0.99954784, -0.80378741;
 0, 0, 0, 1]
Ow:
[0.27957183;
 0.072573766;
 0.80700004]
Keyframe: 74 Frame: 789 Frame from vFrameID : 790
Tcw:
[0.99797094, 0.050391614, 0.038918737, 0.27972025;
 -0.049058426, 0.99820048, -0.034483429, 0.072511539;
 -0.040586378, 0.032504167, 0.99864721, 0.8074261;
 0, 0, 0, 1]
Twc:
[0.99797094, -0.049058426, -0.040586378, -0.2428249;
 0.050391614, 0.99820048, 0.032504167, -0.11272132;
 0.038918737, -0.034483429, 0.99864721, -0.81471974;
 0, 0, 0, 1]
Ow:
[0.27972025;
 0.072511539;
 0.8074261]
Keyframe: 75 Frame: 795 Frame from vFrameID : 796
Tcw:
[0.99693847, 0.025915774, 0.073770359, 0.27978235;
 -0.022839565, 0.99884629, -0.042242352, 0.072490081;
 -0.074779995, 0.040428143, 0.99638021, 0.80785954;
 0, 0, 0, 1]
Twc:
[0.99693847, -0.022839565, -0.074779995, -0.21685842;
 0.025915774, 0.99884629, 0.040428143, -0.11231749;
 0.073770359, -0.042242352, 0.99638021, -0.82251275;
 0, 0, 0, 1]
Ow:
[0.27978235;
 0.072490081;
 0.80785954]
Keyframe: 76 Frame: 801 Frame from vFrameID : 802
Tcw:
[0.99622053, 0.046125725, 0.073601075, 0.28012908;
 -0.043985132, 0.99856818, -0.030445073, 0.072492592;
 -0.074899994, 0.027092652, 0.99682295, 0.80806988;
 0, 0, 0, 1]
Twc:
[0.99622053, -0.043985132, -0.074899994, -0.21535729;
 0.046125725, 0.99856818, 0.027092652, -0.10720271;
 0.073601075, -0.030445073, 0.99682295, -0.82391334;
 0, 0, 0, 1]
Ow:
[0.28012908;
 0.072492592;
 0.80806988]
Keyframe: 77 Frame: 807 Frame from vFrameID : 808
Tcw:
[0.99815983, 0.046831816, 0.038518894, 0.28020602;
 -0.04613141, 0.998757, -0.018876081, 0.072505303;
 -0.039355017, 0.017064417, 0.99907959, 0.8082884;
 0, 0, 0, 1]
Twc:
[0.99815983, -0.04613141, -0.039355017, -0.24453542;
 0.046831816, 0.998757, 0.017064417, -0.099330716;
 0.038518894, -0.018876081, 0.99907959, -0.81696904;
 0, 0, 0, 1]
Ow:
[0.28020602;
 0.072505303;
 0.8082884]
Keyframe: 78 Frame: 813 Frame from vFrameID : 814
Tcw:
[0.99853182, 0.044098508, 0.031456552, 0.28026307;
 -0.044031452, 0.99902618, -0.0028215905, 0.072492734;
 -0.031550348, 0.0014323702, 0.99950111, 0.80859029;
 0, 0, 0, 1]
Twc:
[0.99853182, -0.044031452, -0.031550348, -0.25114834;
 0.044098508, 0.99902618, 0.0014323702, -0.085939527;
 0.031456552, -0.0028215905, 0.99950111, -0.81679851;
 0, 0, 0, 1]
Ow:
[0.28026307;
 0.072492734;
 0.80859029]
Keyframe: 79 Frame: 819 Frame from vFrameID : 820
Tcw:
[0.99765402, 0.047535181, 0.049263537, 0.28036779;
 -0.046553221, 0.99869728, -0.020892754, 0.07251332;
 -0.050192501, 0.018550364, 0.99856728, 0.80888641;
 0, 0, 0, 1]
Twc:
[0.99765402, -0.046553221, -0.050192501, -0.23573427;
 0.047535181, 0.99869728, 0.018550364, -0.10075133;
 0.049263537, -0.020892754, 0.99856728, -0.82002437;
 0, 0, 0, 1]
Ow:
[0.28036779;
 0.07251332;
 0.80888641]
Keyframe: 80 Frame: 824 Frame from vFrameID : 825
Tcw:
[0.99537736, 0.050080467, 0.081950031, 0.28047687;
 -0.046176389, 0.99773759, -0.048861831, 0.072528586;
 -0.084211648, 0.044851806, 0.99543798, 0.80911243;
 0, 0, 0, 1]
Twc:
[0.99537736, -0.046176389, -0.084211648, -0.20769453;
 0.050080467, 0.99773759, 0.044851806, -0.12270106;
 0.081950031, -0.048861831, 0.99543798, -0.82486236;
 0, 0, 0, 1]
Ow:
[0.28047687;
 0.072528586;
 0.80911243]
Keyframe: 81 Frame: 830 Frame from vFrameID : 831
Tcw:
[0.99441653, 0.031173902, 0.10081658, 0.28045321;
 -0.028176455, 0.99912155, -0.031020531, 0.072626837;
 -0.10169504, 0.028006675, 0.9944213, 0.80935729;
 0, 0, 0, 1]
Twc:
[0.99441653, -0.028176455, -0.10169504, -0.19453332;
 0.031173902, 0.99912155, 0.028006675, -0.10397326;
 0.10081658, -0.031020531, 0.9944213, -0.8308636;
 0, 0, 0, 1]
Ow:
[0.28045321;
 0.072626837;
 0.80935729]
Keyframe: 82 Frame: 836 Frame from vFrameID : 837
Tcw:
[0.9966498, 0.06079185, 0.054712772, 0.28072259;
 -0.058541995, 0.99740833, -0.04182623, 0.072593123;
 -0.05711367, 0.038483109, 0.99762571, 0.80973113;
 0, 0, 0, 1]
Twc:
[0.9966498, -0.058541995, -0.05711367, -0.22928567;
 0.06079185, 0.99740833, 0.038483109, -0.12063161;
 0.054712772, -0.04182623, 0.99762571, -0.82013142;
 0, 0, 0, 1]
Ow:
[0.28072259;
 0.072593123;
 0.80973113]
Keyframe: 83 Frame: 842 Frame from vFrameID : 843
Tcw:
[0.99802899, 0.058107339, 0.023699697, 0.28081587;
 -0.057085134, 0.99749637, -0.041740697, 0.072551712;
 -0.026065802, 0.040305525, 0.99884737, 0.80989391;
 0, 0, 0, 1]
Twc:
[0.99802899, -0.057085134, -0.026065802, -0.25501019;
 0.058107339, 0.99749637, 0.040305525, -0.12133073;
 0.023699697, -0.041740697, 0.99884737, -0.81258726;
 0, 0, 0, 1]
Ow:
[0.28081587;
 0.072551712;
 0.80989391]
Keyframe: 84 Frame: 847 Frame from vFrameID : 848
Tcw:
[0.99792498, 0.054916229, 0.03361408, 0.28086722;
 -0.053696543, 0.99790192, -0.036171999, 0.072596639;
 -0.035529986, 0.034291983, 0.99878007, 0.81009501;
 0, 0, 0, 1]
Twc:
[0.99792498, -0.053696543, -0.035529986, -0.24760358;
 0.054916229, 0.99790192, 0.034291983, -0.11564827;
 0.03361408, -0.036171999, 0.99878007, -0.8159219;
 0, 0, 0, 1]
Ow:
[0.28086722;
 0.072596639;
 0.81009501]
Keyframe: 85 Frame: 853 Frame from vFrameID : 854
Tcw:
[0.9958443, 0.035330541, 0.083939716, 0.28095895;
 -0.035776332, 0.99935257, 0.0038121461, 0.072641149;
 -0.083750688, -0.0067993593, 0.99646354, 0.81025141;
 0, 0, 0, 1]
Twc:
[0.9958443, -0.035776332, -0.083750688, -0.20933345;
 0.035330541, 0.99935257, -0.0067993593, -0.077011354;
 0.083939716, 0.0038121461, 0.99646354, -0.83124655;
 0, 0, 0, 1]
Ow:
[0.28095895;
 0.072641149;
 0.81025141]
Keyframe: 86 Frame: 860 Frame from vFrameID : 861
Tcw:
[0.99479753, 0.025595423, 0.098604321, 0.28096259;
 -0.029522747, 0.99881935, 0.038577937, 0.072638854;
 -0.097500488, -0.041288305, 0.99437869, 0.81065023;
 0, 0, 0, 1]
Twc:
[0.99479753, -0.029522747, -0.097500488, -0.19831759;
 0.025595423, 0.99881935, -0.041288305, -0.046274081;
 0.098604321, 0.038577937, 0.99437869, -0.83659965;
 0, 0, 0, 1]
Ow:
[0.28096259;
 0.072638854;
 0.81065023]
Keyframe: 87 Frame: 866 Frame from vFrameID : 867
Tcw:
[0.99749261, 0.047416717, 0.05253718, 0.28117356;
 -0.048947155, 0.99840218, 0.028236596, 0.072656184;
 -0.051114347, -0.03073734, 0.99821967, 0.8109169;
 0, 0, 0, 1]
Twc:
[0.99749261, -0.048947155, -0.051114347, -0.23546275;
 0.047416717, 0.99840218, -0.03073734, -0.060946986;
 0.05253718, 0.028236596, 0.99821967, -0.82629687;
 0, 0, 0, 1]
Ow:
[0.28117356;
 0.072656184;
 0.8109169]
Keyframe: 88 Frame: 872 Frame from vFrameID : 873
Tcw:
[0.99729025, 0.072363891, -0.013253205, 0.28149453;
 -0.072280765, 0.9973622, 0.0066477489, 0.072698981;
 0.013699302, -0.0056717834, 0.99989009, 0.81115687;
 0, 0, 0, 1]
Twc:
[0.99729025, -0.072280765, 0.013699302, -0.28658929;
 0.072363891, 0.9973622, -0.0056717834, -0.088276543;
 -0.013253205, 0.0066477489, 0.99989009, -0.80782032;
 0, 0, 0, 1]
Ow:
[0.28149453;
 0.072698981;
 0.81115687]
Keyframe: 89 Frame: 878 Frame from vFrameID : 879
Tcw:
[0.99619204, 0.085686341, -0.01610158, 0.28163126;
 -0.085435696, 0.99622065, 0.015659271, 0.072627552;
 0.017382512, -0.014223991, 0.99974775, 0.81136924;
 0, 0, 0, 1]
Twc:
[0.99619204, -0.085435696, 0.017382512, -0.28845745;
 0.085686341, 0.99622065, -0.014223991, -0.084944099;
 -0.01610158, 0.015659271, 0.99974775, -0.80776709;
 0, 0, 0, 1]
Ow:
[0.28163126;
 0.072627552;
 0.81136924]
Keyframe: 90 Frame: 884 Frame from vFrameID : 885
Tcw:
