Keyframe: 0 Frame: 0 Frame from vFrameID : 95
Tcw:
[0.99781269, 0.060162053, 0.027392427, 0.057282835;
 0.004274149, 0.35479677, -0.93493366, 0.0065237731;
 -0.065966271, 0.93300581, 0.35376358, -0.026540961;
 0, 0, 0, 1]
Twc:
[0.99781269, 0.004274149, -0.065966271, -0.058936235;
 0.060162053, 0.35479677, 0.93300581, 0.019002002;
 0.027392427, -0.93493366, 0.35376358, 0.013919404;
 0, 0, 0, 1]
Ow:
[0.057282835;
 0.0065237731;
 -0.026540961]
Keyframe: 1 Frame: 94 Frame from vFrameID : 95
Tcw:
[0.9974767, 0.064791061, 0.029022401, 0.0011778146;
 0.0040970678, 0.35558358, -0.93463552, -0.00062018546;
 -0.070875913, 0.93239605, 0.3544209, -0.0032812678;
 0, 0, 0, 1]
Twc:
[0.9974767, 0.0040970678, -0.070875913, -0.0014048646;
 0.064791061, 0.35558358, 0.93239605, 0.0032036572;
 0.029022401, -0.93463552, 0.3544209, 0.00054911961;
 0, 0, 0, 1]
Ow:
[0.0011778146;
 -0.00062018546;
 -0.0032812678]
