Keyframe: 0 Frame: 0 Frame from vFrameID : 129
Tcw:
[0.9989801, -0.019838519, -0.040561467, 0.12611605;
 -0.03164129, 0.33328414, -0.94229537, -0.022533663;
 0.032212239, 0.94261771, 0.33231649, 0.041113541;
 0, 0, 0, 1]
Twc:
[0.9989801, -0.03164129, 0.032212239, -0.12802479;
 -0.019838519, 0.33328414, 0.94261771, -0.028742284;
 -0.040561467, -0.94229537, 0.33231649, -0.029780621;
 0, 0, 0, 1]
Ow:
[0.12611605;
 -0.022533663;
 0.041113541]
Keyframe: 1 Frame: 136 Frame from vFrameID : 129
Tcw:
[0.99937773, -0.011664902, -0.033288196, -5.1525392e-05;
 -0.02791586, 0.31530565, -0.94857949, -0.0018558674;
 0.021561043, 0.94891846, 0.31478381, 0.019023065;
 0, 0, 0, 1]
Twc:
[0.99937773, -0.02791586, 0.021561043, -0.00041047193;
 -0.011664902, 0.31530565, 0.94891846, -0.017466774;
 -0.033288196, -0.94857949, 0.31478381, -0.0077503063;
 0, 0, 0, 1]
Ow:
[-5.1525392e-05;
 -0.0018558674;
 0.019023065]
