Keyframe: 0 Frame: 0 Frame from vFrameID : 129
Tcw:
[0.99996799, 0.0072758161, 0.0033251967, 0.12504536;
 0.0007039858, 0.33401826, -0.94256634, -0.019783232;
 -0.0079686157, 0.9425385, 0.33400244, 0.11295137;
 0, 0, 0, 1]
Twc:
[0.99996799, 0.0007039858, -0.0079686157, -0.12412737;
 0.0072758161, 0.33401826, 0.9425385, -0.10076287;
 0.0033251967, -0.94256634, 0.33400244, -0.056788847;
 0, 0, 0, 1]
Ow:
[0.12504536;
 -0.019783232;
 0.11295137]
Keyframe: 1 Frame: 156 Frame from vFrameID : 129
Tcw:
[0.99996018, 0.0087793218, -0.0016139044, 0.0031037002;
 -0.0043928022, 0.32658967, -0.94515604, -0.003094831;
 -0.0077707446, 0.94512546, 0.32661521, 0.0049780337;
 0, 0, 0, 1]
Twc:
[0.99996018, -0.0043928022, -0.0077707446, -0.0030784882;
 0.0087793218, 0.32658967, 0.94512546, -0.003721375;
 -0.0016139044, -0.94515604, 0.32661521, -0.0045459908;
 0, 0, 0, 1]
Ow:
[0.0031037002;
 -0.003094831;
 0.0049780337]
