Keyframe: 0 Frame: 0 Frame from vFrameID : 126
Tcw:
[0.99774724, -0.036069181, -0.05656372, 0.13509306;
 -0.0369468, 0.40831867, -0.91209143, -0.01411666;
 0.055994414, 0.91212654, 0.40606618, 0.063772671;
 0, 0, 0, 1]
Twc:
[0.99774724, -0.0369468, 0.055994414, -0.13888121;
 -0.036069181, 0.40831867, 0.91212654, -0.047531955;
 -0.05656372, -0.91209143, 0.40606618, -0.031130243;
 0, 0, 0, 1]
Ow:
[0.13509306;
 -0.01411666;
 0.063772671]
Keyframe: 1 Frame: 125 Frame from vFrameID : 126
Tcw:
[0.99774015, -0.03221707, -0.058963522, 0.0011265059;
 -0.040871162, 0.4055264, -0.91316915, 0.0011411909;
 0.053330898, 0.91351539, 0.40329322, -0.0014110596;
 0, 0, 0, 1]
Twc:
[0.99774015, -0.040871162, 0.053330898, -0.0010020653;
 -0.03221707, 0.4055264, 0.91351539, 0.00086253445;
 -0.058963522, -0.91316915, 0.40329322, 0.0016775938;
 0, 0, 0, 1]
Ow:
[0.0011265059;
 0.0011411909;
 -0.0014110596]
