Keyframe: 0 Frame: 0 Frame from vFrameID : 129
Tcw:
[0.99997491, 0.0052966555, 0.0047019096, 0.11766382;
 0.0028147816, 0.31198728, -0.95008212, -0.015628379;
 -0.0064991936, 0.95007151, 0.31196454, 0.082917459;
 0, 0, 0, 1]
Twc:
[0.99997491, 0.0028147816, -0.0064991936, -0.11707798;
 0.0052966555, 0.31198728, 0.95007151, -0.074524887;
 0.0047019096, -0.95008212, 0.31196454, -0.041268796;
 0, 0, 0, 1]
Ow:
[0.11766382;
 -0.015628379;
 0.082917459]
Keyframe: 1 Frame: 147 Frame from vFrameID : 129
Tcw:
[0.99988425, 0.011814728, 0.0095891934, 0.0019074336;
 0.0052863257, 0.32122186, -0.94698924, -0.0018051814;
 -0.01426868, 0.94693029, 0.3211222, 0.0036636968;
 0, 0, 0, 1]
Twc:
[0.99988425, 0.0052863257, -0.01426868, -0.0018453939;
 0.011814728, 0.32122186, 0.94693029, -0.0029119374;
 0.0095891934, -0.94698924, 0.3211222, -0.0029042724;
 0, 0, 0, 1]
Ow:
[0.0019074336;
 -0.0018051814;
 0.0036636968]
