Keyframe: 0 Frame: 0 Frame from vFrameID : 129
Tcw:
[0.99990648, 0.012517144, 0.0055081625, 0.11738046;
 0.00098784419, 0.33561423, -0.94199902, -0.019679338;
 -0.013639755, 0.94191635, 0.33557048, 0.097511299;
 0, 0, 0, 1]
Twc:
[0.99990648, 0.00098784419, -0.013639755, -0.11602001;
 0.012517144, 0.33561423, 0.94191635, -0.086712085;
 0.0055081625, -0.94199902, 0.33557048, -0.051906377;
 0, 0, 0, 1]
Ow:
[0.11738046;
 -0.019679338;
 0.097511299]
Keyframe: 1 Frame: 150 Frame from vFrameID : 129
Tcw:
[0.99994689, 0.010112967, 0.0019908396, 0.0072068744;
 -0.0015757061, 0.34087199, -0.94010842, -0.0025582022;
 -0.010185907, 0.94005531, 0.34086984, 0.0011609711;
 0, 0, 0, 1]
Twc:
[0.99994689, -0.0015757061, -0.010185907, -0.007198697;
 0.010112967, 0.34087199, 0.94005531, -0.00029224038;
 0.0019908396, -0.94010842, 0.34086984, -0.0028150752;
 0, 0, 0, 1]
Ow:
[0.0072068744;
 -0.0025582022;
 0.0011609711]
