Keyframe: 0 Frame: 0 Frame from vFrameID : 129
Tcw:
[0.99985158, 0.012895676, -0.011424491, 0.13906771;
 -0.014964047, 0.32141766, -0.94681931, -0.019751884;
 -0.008537842, 0.9468497, 0.32156292, 0.13219868;
 0, 0, 0, 1]
Twc:
[0.99985158, -0.014964047, -0.008537842, -0.13821395;
 0.012895676, 0.32141766, 0.9468497, -0.12061704;
 -0.011424491, -0.94681931, 0.32156292, -0.059622876;
 0, 0, 0, 1]
Ow:
[0.13906771;
 -0.019751884;
 0.13219868]
Keyframe: 1 Frame: 159 Frame from vFrameID : 129
Tcw:
[0.99970025, 0.016594667, -0.018001333, 0.13957775;
 -0.022372261, 0.32049859, -0.94698477, -0.020806316;
 -0.0099454941, 0.94710362, 0.32077378, 0.13289265;
 0, 0, 0, 1]
Twc:
[0.99970025, -0.022372261, -0.0099454941, -0.1386797;
 0.016594667, 0.32049859, 0.94710362, -0.12151096;
 -0.018001333, -0.94698477, 0.32077378, -0.059819154;
 0, 0, 0, 1]
Ow:
[0.13957775;
 -0.020806316;
 0.13289265]
Keyframe: 2 Frame: 161 Frame from vFrameID : 162
Tcw:
[0.99966657, 0.015777763, -0.020440072, 0.13955413;
 -0.024402371, 0.31848061, -0.94761521, -0.021131475;
 -0.0084414817, 0.94779807, 0.31875944, 0.13301815;
 0, 0, 0, 1]
Twc:
[0.99966657, -0.024402371, -0.0084414817, -0.13890038;
 0.015777763, 0.31848061, 0.94779807, -0.12154623;
 -0.020440072, -0.94761521, 0.31875944, -0.059572801;
 0, 0, 0, 1]
Ow:
[0.13955413;
 -0.021131475;
 0.13301815]
Keyframe: 3 Frame: 163 Frame from vFrameID : 164
Tcw:
[0.99937159, 0.012987601, -0.032980483, 0.14106131;
 -0.035404958, 0.32121897, -0.94634289, -0.030234445;
 -0.0016967669, 0.94691586, 0.32147694, 0.13816908;
 0, 0, 0, 1]
Twc:
[0.99937159, -0.035404958, -0.0016967669, -0.14180867;
 0.012987601, 0.32121897, 0.94691586, -0.12295467;
 -0.032980483, -0.94634289, 0.32147694, -0.068378061;
 0, 0, 0, 1]
Ow:
[0.14106131;
 -0.030234445;
 0.13816908]
Keyframe: 4 Frame: 165 Frame from vFrameID : 166
Tcw:
[0.99936593, 0.008857022, -0.034485631, 0.14448623;
 -0.035507124, 0.31963292, -0.94687593, -0.028395403;
 0.0026362413, 0.94750005, 0.31974474, 0.13794445;
 0, 0, 0, 1]
Twc:
[0.99936593, -0.035507124, 0.0026362413, -0.14576653;
 0.008857022, 0.31963292, 0.94750005, -0.12290598;
 -0.034485631, -0.94687593, 0.31974474, -0.066011235;
 0, 0, 0, 1]
Ow:
[0.14448623;
 -0.028395403;
 0.13794445]
Keyframe: 5 Frame: 167 Frame from vFrameID : 168
Tcw:
[0.9995259, 0.0059983628, -0.030198231, 0.14630008;
 -0.030492129, 0.32856017, -0.94399071, -0.030509502;
 0.0042595374, 0.94446397, 0.32858732, 0.13901792;
 0, 0, 0, 1]
Twc:
[0.9995259, -0.030492129, 0.0042595374, -0.14775318;
 0.0059983628, 0.32856017, 0.94446397, -0.12215078;
 -0.030198231, -0.94399071, 0.32858732, -0.070062205;
 0, 0, 0, 1]
Ow:
[0.14630008;
 -0.030509502;
 0.13901792]
Keyframe: 6 Frame: 170 Frame from vFrameID : 171
Tcw:
[0.99960172, 0.007089904, -0.027316071, 0.14800127;
 -0.028093982, 0.34178641, -0.93935764, -0.031605519;
 0.0026763063, 0.93975091, 0.34184948, 0.14177622;
 0, 0, 0, 1]
Twc:
[0.99960172, -0.028093982, 0.0026763063, -0.14920968;
 0.007089904, 0.34178641, 0.93975091, -0.12348131;
 -0.027316071, -0.93935764, 0.34184948, -0.074112199;
 0, 0, 0, 1]
Ow:
[0.14800127;
 -0.031605519;
 0.14177622]
Keyframe: 7 Frame: 173 Frame from vFrameID : 174
Tcw:
[0.99973619, 0.0043880907, -0.022545183, 0.15317161;
 -0.022681894, 0.34313461, -0.93901235, -0.036821119;
 0.0036155609, 0.93927598, 0.34314361, 0.15119848;
 0, 0, 0, 1]
Twc:
[0.99973619, -0.022681894, 0.0036155609, -0.15451305;
 0.0043880907, 0.34313461, 0.93927598, -0.13005462;
 -0.022545183, -0.93901235, 0.34314361, -0.083004996;
 0, 0, 0, 1]
Ow:
[0.15317161;
 -0.036821119;
 0.15119848]
Keyframe: 8 Frame: 177 Frame from vFrameID : 178
Tcw:
[0.99977922, 0.0093493275, -0.018816339, 0.15627815;
 -0.020836104, 0.32584137, -0.94519484, -0.039525378;
 -0.0027057943, 0.94537824, 0.32596424, 0.15986086;
 0, 0, 0, 1]
Twc:
[0.99977922, -0.020836104, -0.0027057943, -0.15663466;
 0.0093493275, 0.32584137, 0.94537824, -0.13971107;
 -0.018816339, -0.94519484, 0.32596424, -0.086527519;
 0, 0, 0, 1]
Ow:
[0.15627815;
 -0.039525378;
 0.15986086]
Keyframe: 9 Frame: 180 Frame from vFrameID : 181
Tcw:
[0.99989301, 0.0081104916, -0.012174221, 0.15611091;
 -0.014110669, 0.31528997, -0.94889045, -0.041348219;
 -0.0038575586, 0.94896072, 0.31537071, 0.16413149;
 0, 0, 0, 1]
Twc:
[0.99989301, -0.014110669, -0.0038575586, -0.15604451;
 0.0081104916, 0.31528997, 0.94896072, -0.1439838;
 -0.012174221, -0.94889045, 0.31537071, -0.089096665;
 0, 0, 0, 1]
Ow:
[0.15611091;
 -0.041348219;
 0.16413149]
Keyframe: 10 Frame: 184 Frame from vFrameID : 185
Tcw:
[0.99988043, 0.015211366, 0.0027767976, 0.1620654;
 -0.0021917426, 0.31718937, -0.94835967, -0.04555117;
 -0.015306617, 0.94824022, 0.31718478, 0.17025144;
 0, 0, 0, 1]
Twc:
[0.99988043, -0.0021917426, -0.015306617, -0.15953989;
 0.015211366, 0.31718937, 0.94824022, -0.14945616;
 0.0027767976, -0.94835967, 0.31718478, -0.097650081;
 0, 0, 0, 1]
Ow:
[0.1620654;
 -0.04555117;
 0.17025144]
Keyframe: 11 Frame: 188 Frame from vFrameID : 189
Tcw:
[0.99986887, 0.01561127, -0.0043048332, 0.16435395;
 -0.0089604892, 0.31191793, -0.9500668, -0.046688557;
 -0.013488994, 0.9499808, 0.3120169, 0.18274333;
 0, 0, 0, 1]
Twc:
[0.99986887, -0.0089604892, -0.013488994, -0.16228572;
 0.01561127, 0.31191793, 0.9499808, -0.16160542;
 -0.0043048332, -0.9500668, 0.3120169, -0.10066874;
 0, 0, 0, 1]
Ow:
[0.16435395;
 -0.046688557;
 0.18274333]
Keyframe: 12 Frame: 193 Frame from vFrameID : 194
Tcw:
[0.99982637, 0.0062612542, -0.017549567, 0.17668617;
 -0.018622288, 0.30376911, -0.95256364, -0.048930474;
 -0.00063322688, 0.95272511, 0.30383298, 0.19036719;
 0, 0, 0, 1]
Twc:
[0.99982637, -0.018622288, -0.00063322688, -0.17744616;
 0.0062612542, 0.30376911, 0.95272511, -0.16761033;
 -0.017549567, -0.95256364, 0.30383298, -0.10134846;
 0, 0, 0, 1]
Ow:
[0.17668617;
 -0.048930474;
 0.19036719]
Keyframe: 13 Frame: 198 Frame from vFrameID : 199
Tcw:
[0.99904901, 0.0030598072, -0.043494433, 0.18442263;
 -0.042491786, 0.29198879, -0.95547736, -0.053588554;
 0.009776311, 0.95641685, 0.29184112, 0.20965794;
 0, 0, 0, 1]
Twc:
[0.99904901, -0.042491786, 0.009776311, -0.18857399;
 0.0030598072, 0.29198879, 0.95641685, -0.18543743;
 -0.043494433, -0.95547736, 0.29184112, -0.1043681;
 0, 0, 0, 1]
Ow:
[0.18442263;
 -0.053588554;
 0.20965794]
Keyframe: 14 Frame: 203 Frame from vFrameID : 204
Tcw:
[0.99926102, 0.0032602665, -0.038297813, 0.19255897;
 -0.037511427, 0.29998851, -0.95320499, -0.05387317;
 0.008381201, 0.95393723, 0.29988912, 0.21933836;
 0, 0, 0, 1]
Twc:
[0.99926102, -0.037511427, 0.008381201, -0.19627587;
 0.0032602665, 0.29998851, 0.95393723, -0.19370149;
 -0.038297813, -0.95320499, 0.29988912, -0.10975478;
 0, 0, 0, 1]
Ow:
[0.19255897;
 -0.05387317;
 0.21933836]
Keyframe: 15 Frame: 209 Frame from vFrameID : 210
Tcw:
[0.99959916, 0.023566416, -0.015689647, 0.18385532;
 -0.021792738, 0.28672105, -0.95776623, -0.069476224;
 -0.018072564, 0.95772421, 0.28711969, 0.23694584;
 0, 0, 0, 1]
Twc:
[0.99959916, -0.021792738, -0.018072564, -0.18101348;
 0.023566416, 0.28672105, 0.95772421, -0.21134128;
 -0.015689647, -0.95776623, 0.28711969, -0.13168916;
 0, 0, 0, 1]
Ow:
[0.18385532;
 -0.069476224;
 0.23694584]
Keyframe: 16 Frame: 215 Frame from vFrameID : 216
Tcw:
[0.9996931, 0.024772527, -0.00020876013, 0.19000033;
 -0.0072843912, 0.28588581, -0.95823598, -0.068483621;
 -0.023678245, 0.95794344, 0.28597853, 0.25920662;
 0, 0, 0, 1]
Twc:
[0.9996931, -0.0072843912, -0.023678245, -0.18430331;
 0.024772527, 0.28588581, 0.95794344, -0.23343356;
 -0.00020876013, -0.95823598, 0.28597853, -0.13971134;
 0, 0, 0, 1]
Ow:
[0.19000033;
 -0.068483621;
 0.25920662]
Keyframe: 17 Frame: 220 Frame from vFrameID : 221
Tcw:
[0.99959683, 0.028375819, 0.0010200148, 0.19737282;
 -0.0072156275, 0.28860146, -0.95742214, -0.079239361;
 -0.027462015, 0.95702875, 0.28868985, 0.27369699;
 0, 0, 0, 1]
Twc:
[0.99959683, -0.0072156275, -0.027462015, -0.19034871;
 0.028375819, 0.28860146, 0.95702875, -0.2446679;
 0.0010200148, -0.95742214, 0.28868985, -0.15508038;
 0, 0, 0, 1]
Ow:
[0.19737282;
 -0.079239361;
 0.27369699]
Keyframe: 18 Frame: 226 Frame from vFrameID : 227
Tcw:
[0.99964124, 0.020932879, -0.016709102, 0.22078012;
 -0.02172916, 0.26908043, -0.96287256, -0.081600778;
 -0.015659602, 0.96289021, 0.26943874, 0.29394972;
 0, 0, 0, 1]
Twc:
[0.99964124, -0.02172916, -0.015659602, -0.21787088;
 0.020932879, 0.26908043, 0.96289021, -0.2657057;
 -0.016709102, -0.96287256, 0.26943874, -0.15408355;
 0, 0, 0, 1]
Ow:
[0.22078012;
 -0.081600778;
 0.29394972]
Keyframe: 19 Frame: 233 Frame from vFrameID : 234
Tcw:
[0.99891126, 0.019254345, -0.042492297, 0.23497824;
 -0.046117373, 0.27017763, -0.96170539, -0.079326406;
 -0.0070365383, 0.96261793, 0.27077144, 0.3316161;
 0, 0, 0, 1]
Twc:
[0.99891126, -0.046117373, -0.0070365383, -0.23604731;
 0.019254345, 0.27017763, 0.96261793, -0.30231175;
 -0.042492297, -0.96170539, 0.27077144, -0.15609603;
 0, 0, 0, 1]
Ow:
[0.23497824;
 -0.079326406;
 0.3316161]
Keyframe: 20 Frame: 240 Frame from vFrameID : 241
Tcw:
[0.99922824, 0.011337528, -0.037608616, 0.23747583;
 -0.039277282, 0.27637917, -0.96024573, -0.094123058;
 -0.00049257406, 0.96098179, 0.27661118, 0.34566584;
 0, 0, 0, 1]
Twc:
[0.99922824, -0.039277282, -0.00049257406, -0.24081919;
 0.011337528, 0.27637917, 0.96098179, -0.30885732;
 -0.037608616, -0.96024573, 0.27661118, -0.17706516;
 0, 0, 0, 1]
Ow:
[0.23747583;
 -0.094123058;
 0.34566584]
Keyframe: 21 Frame: 248 Frame from vFrameID : 249
Tcw:
[0.99832243, 0.050381627, 0.028531902, 0.24808787;
 0.014308878, 0.26281413, -0.9647404, -0.092066228;
 -0.056103777, 0.96353018, 0.26165235, 0.41117695;
 0, 0, 0, 1]
Twc:
[0.99832243, 0.014308878, -0.056103777, -0.22328575;
 0.050381627, 0.26281413, 0.96353018, -0.38448414;
 0.028531902, -0.9647404, 0.26165235, -0.20348382;
 0, 0, 0, 1]
Ow:
[0.24808787;
 -0.092066228;
 0.41117695]
Keyframe: 22 Frame: 256 Frame from vFrameID : 257
Tcw:
[0.99720562, 0.069243446, 0.028040322, 0.26064214;
 0.0083655361, 0.26948124, -0.9629693, -0.11145246;
 -0.074235655, 0.960513, 0.26814896, 0.42423844;
 0, 0, 0, 1]
Twc:
[0.99720562, 0.0083655361, -0.074235655, -0.22748782;
 0.069243446, 0.26948124, 0.960513, -0.39549991;
 0.028040322, -0.9629693, 0.26814896, -0.22839287;
 0, 0, 0, 1]
Ow:
[0.26064214;
 -0.11145246;
 0.42423844]
Keyframe: 23 Frame: 263 Frame from vFrameID : 264
Tcw:
[0.99891061, 0.041306559, -0.021711223, 0.2652536;
 -0.031545214, 0.25487009, -0.96646065, -0.11602939;
 -0.034387622, 0.96609265, 0.25589547, 0.45883384;
 0, 0, 0, 1]
Twc:
[0.99891061, -0.031545214, -0.034387622, -0.2528466;
 0.041306559, 0.25487009, 0.96609265, -0.4246603;
 -0.021711223, -0.96646065, 0.25589547, -0.22379234;
 0, 0, 0, 1]
Ow:
[0.2652536;
 -0.11602939;
 0.45883384]
Keyframe: 24 Frame: 270 Frame from vFrameID : 271
Tcw:
[0.99960107, 0.020161973, -0.019779315, 0.30267003;
 -0.02456817, 0.27522951, -0.96106458, -0.13424852;
 -0.013933106, 0.9611671, 0.27561507, 0.48060486;
 0, 0, 0, 1]
Twc:
[0.99960107, -0.02456817, -0.013933106, -0.29915118;
 0.020161973, 0.27522951, 0.9611671, -0.43109483;
 -0.019779315, -0.96106458, 0.27561507, -0.25549683;
 0, 0, 0, 1]
Ow:
[0.30267003;
 -0.13424852;
 0.48060486]
Keyframe: 25 Frame: 278 Frame from vFrameID : 279
Tcw:
[0.99935591, 0.033245698, -0.013510676, 0.32305425;
 -0.021886939, 0.26630211, -0.96364111, -0.14869657;
 -0.028438998, 0.96331608, 0.26685822, 0.51722455;
 0, 0, 0, 1]
Twc:
[0.99935591, -0.021886939, -0.028438998, -0.31139132;
 0.033245698, 0.26630211, 0.96331608, -0.46939272;
 -0.013510676, -0.96364111, 0.26685822, -0.27695107;
 0, 0, 0, 1]
Ow:
[0.32305425;
 -0.14869657;
 0.51722455]
Keyframe: 26 Frame: 286 Frame from vFrameID : 287
Tcw:
[0.9990952, 0.04072978, 0.012241433, 0.31277138;
 0.0010614073, 0.26386443, -0.9645592, -0.15810172;
 -0.042516362, 0.96369946, 0.26358247, 0.53199989;
 0, 0, 0, 1]
Twc:
[0.9990952, 0.0010614073, -0.042516362, -0.28970188;
 0.04072978, 0.26386443, 0.96369946, -0.48370966;
 0.012241433, -0.9645592, 0.26358247, -0.29655308;
 0, 0, 0, 1]
Ow:
[0.31277138;
 -0.15810172;
 0.53199989]
Keyframe: 27 Frame: 293 Frame from vFrameID : 294
Tcw:
[0.99960095, -0.0052958592, -0.027746649, 0.33560485;
 -0.025314523, 0.26790062, -0.9631139, -0.16148305;
 0.01253386, 0.96343201, 0.26765963, 0.56333983;
 0, 0, 0, 1]
Twc:
[0.99960095, -0.025314523, 0.01253386, -0.34661961;
 -0.0052958592, 0.26790062, 0.96343201, -0.4977009;
 -0.027746649, -0.9631139, 0.26765963, -0.29699802;
 0, 0, 0, 1]
Ow:
[0.33560485;
 -0.16148305;
 0.56333983]
Keyframe: 28 Frame: 301 Frame from vFrameID : 302
Tcw:
[0.99451119, -0.039475683, -0.096897602, 0.36480317;
 -0.0851162, 0.23335327, -0.96865964, -0.15500338;
 0.060849871, 0.9715904, 0.22871242, 0.59654379;
 0, 0, 0, 1]
Twc:
[0.99451119, -0.0851162, 0.060849871, -0.41229376;
 -0.039475683, 0.23335327, 0.9715904, -0.52902484;
 -0.096897602, -0.96865964, 0.22871242, -0.25123394;
 0, 0, 0, 1]
Ow:
[0.36480317;
 -0.15500338;
 0.59654379]
Keyframe: 29 Frame: 308 Frame from vFrameID : 309
Tcw:
[0.99472278, -0.039275512, -0.094783925, 0.37460625;
 -0.082626402, 0.24100675, -0.96699983, -0.16658777;
 0.060822979, 0.96972841, 0.23648971, 0.60174769;
 0, 0, 0, 1]
Twc:
[0.99472278, -0.082626402, 0.060822979, -0.42299402;
 -0.039275512, 0.24100675, 0.96972841, -0.52867019;
 -0.094783925, -0.96699983, 0.23648971, -0.26789081;
 0, 0, 0, 1]
Ow:
[0.37460625;
 -0.16658777;
 0.60174769]
Keyframe: 30 Frame: 316 Frame from vFrameID : 317
Tcw:
[0.99900806, -0.0049443543, -0.044253998, 0.35858488;
 -0.041645642, 0.24808222, -0.96784341, -0.18142281;
 0.015763991, 0.96872634, 0.24763022, 0.63313824;
 0, 0, 0, 1]
Twc:
[0.99900806, -0.041645642, 0.015763991, -0.37576547;
 -0.0049443543, 0.24808222, 0.96872634, -0.56655699;
 -0.044253998, -0.96784341, 0.24763022, -0.31650424;
 0, 0, 0, 1]
Ow:
[0.35858488;
 -0.18142281;
 0.63313824]
Keyframe: 31 Frame: 323 Frame from vFrameID : 324
Tcw:
[0.99945873, 0.020917268, -0.025391869, 0.3496944;
 -0.02971633, 0.2428714, -0.96960324, -0.18653111;
 -0.014114492, 0.96983296, 0.24336152, 0.65690744;
 0, 0, 0, 1]
Twc:
[0.99945873, -0.02971633, -0.014114492, -0.34577623;
 0.020917268, 0.2428714, 0.96983296, -0.59910202;
 -0.025391869, -0.96960324, 0.24336152, -0.33184776;
 0, 0, 0, 1]
Ow:
[0.3496944;
 -0.18653111;
 0.65690744]
Keyframe: 32 Frame: 331 Frame from vFrameID : 332
Tcw:
[0.99968439, 0.020671727, -0.014277034, 0.35569438;
 -0.018995177, 0.25001362, -0.96805596, -0.20054059;
 -0.016441936, 0.96802163, 0.25032738, 0.67286217;
 0, 0, 0, 1]
Twc:
[0.99968439, -0.018995177, -0.016441936, -0.34832826;
 0.020671727, 0.25001362, 0.96802163, -0.60856003;
 -0.014277034, -0.96805596, 0.25032738, -0.35749206;
 0, 0, 0, 1]
Ow:
[0.35569438;
 -0.20054059;
 0.67286217]
Keyframe: 33 Frame: 339 Frame from vFrameID : 340
Tcw:
[0.99925208, 0.003862537, -0.038475163, 0.40230602;
 -0.03837277, 0.22188349, -0.97431785, -0.19544956;
 0.0047736648, 0.97506553, 0.22186576, 0.6768862;
 0, 0, 0, 1]
Twc:
[0.99925208, -0.03837277, 0.0047736648, -0.41273633;
 0.003862537, 0.22188349, 0.97506553, -0.61819524;
 -0.038475163, -0.97431785, 0.22186576, -0.32512906;
 0, 0, 0, 1]
Ow:
[0.40230602;
 -0.19544956;
 0.6768862]
Keyframe: 34 Frame: 346 Frame from vFrameID : 347
Tcw:
[0.99982035, 0.011095833, -0.015365302, 0.39670178;
 -0.017477747, 0.22621247, -0.97392118, -0.19865407;
 -0.0073306435, 0.97401476, 0.22636577, 0.69156849;
 0, 0, 0, 1]
Twc:
[0.99982035, -0.017477747, -0.0073306435, -0.39503291;
 0.011095833, 0.22621247, 0.97401476, -0.63306171;
 -0.015365302, -0.97392118, 0.22636577, -0.34392539;
 0, 0, 0, 1]
Ow:
[0.39670178;
 -0.19865407;
 0.69156849]
Keyframe: 35 Frame: 354 Frame from vFrameID : 355
Tcw:
[0.99909109, -0.042599697, 0.0014933321, 0.42031842;
 0.011713193, 0.24068764, -0.97053194, -0.1974258;
 0.04098494, 0.96966732, 0.24096785, 0.73611051;
 0, 0, 0, 1]
Twc:
[0.99909109, 0.011713193, 0.04098494, -0.44779336;
 -0.042599697, 0.24068764, 0.96966732, -0.64835894;
 0.0014933321, -0.97053194, 0.24096785, -0.36961469;
 0, 0, 0, 1]
Ow:
[0.42031842;
 -0.1974258;
 0.73611051]
Keyframe: 36 Frame: 361 Frame from vFrameID : 362
Tcw:
[0.99896359, -0.044715673, 0.0085014747, 0.44593576;
 0.017261429, 0.1993483, -0.97977668, -0.17181273;
 0.04211662, 0.97890794, 0.19991355, 0.78178447;
 0, 0, 0, 1]
Twc:
[0.99896359, 0.017261429, 0.04211662, -0.47543398;
 -0.044715673, 0.1993483, 0.97890794, -0.71110421;
 0.0085014747, -0.97977668, 0.19991355, -0.32841852;
 0, 0, 0, 1]
Ow:
[0.44593576;
 -0.17181273;
 0.78178447]
Keyframe: 37 Frame: 369 Frame from vFrameID : 370
Tcw:
[0.9980185, -0.048445366, 0.040151171, 0.46185637;
 0.051118553, 0.25220791, -0.96632195, -0.16181056;
 0.036687378, 0.96645963, 0.2541846, 0.806696;
 0, 0, 0, 1]
Twc:
[0.9980185, 0.051118553, 0.036687378, -0.48226523;
 -0.048445366, 0.25220791, 0.96645963, -0.71645445;
 0.040151171, -0.96632195, 0.2541846, -0.37995487;
 0, 0, 0, 1]
Ow:
[0.46185637;
 -0.16181056;
 0.806696]
Keyframe: 38 Frame: 376 Frame from vFrameID : 377
Tcw:
[0.99775624, -0.065361217, -0.014504443, 0.48195517;
 0.00048492764, 0.22369134, -0.97465992, -0.17709357;
 0.066949479, 0.97246599, 0.22322114, 0.81200212;
 0, 0, 0, 1]
Twc:
[0.99775624, 0.00048492764, 0.066949479, -0.535151;
 -0.065361217, 0.22369134, 0.97246599, -0.71852899;
 -0.014504443, -0.97465992, 0.22322114, -0.34687153;
 0, 0, 0, 1]
Ow:
[0.48195517;
 -0.17709357;
 0.81200212]
Keyframe: 39 Frame: 383 Frame from vFrameID : 384
Tcw:
[0.99632746, -0.078051768, -0.035207048, 0.49820882;
 -0.013846086, 0.25890344, -0.96580398, -0.20838284;
 0.084497936, 0.96274447, 0.25687191, 0.82311082;
 0, 0, 0, 1]
Twc:
[0.99632746, -0.013846086, 0.084497936, -0.56881559;
 -0.078051768, 0.25890344, 0.96274447, -0.69960827;
 -0.035207048, -0.96580398, 0.25687191, -0.39515054;
 0, 0, 0, 1]
Ow:
[0.49820882;
 -0.20838284;
 0.82311082]
Keyframe: 40 Frame: 390 Frame from vFrameID : 391
Tcw:
[0.99844968, -0.051806983, -0.020354921, 0.48721012;
 -0.007420436, 0.23853616, -0.97110528, -0.20097068;
 0.055165417, 0.96975076, 0.23778193, 0.86427671;
 0, 0, 0, 1]
Twc:
[0.99844968, -0.007420436, 0.055165417, -0.53562427;
 -0.051806983, 0.23853616, 0.96975076, -0.76495332;
 -0.020354921, -0.97110528, 0.23778193, -0.39075592;
 0, 0, 0, 1]
Ow:
[0.48721012;
 -0.20097068;
 0.86427671]
Keyframe: 41 Frame: 398 Frame from vFrameID : 399
Tcw:
[0.99947417, -0.023745649, 0.022081112, 0.49020329;
 0.027275467, 0.24741346, -0.96852601, -0.2105923;
 0.017535115, 0.96861899, 0.24793103, 0.87076515;
 0, 0, 0, 1]
Twc:
[0.99947417, 0.027275467, 0.017535115, -0.49947047;
 -0.023745649, 0.24741346, 0.96861899, -0.77969611;
 0.022081112, -0.96852601, 0.24793103, -0.43067807;
 0, 0, 0, 1]
Ow:
[0.49020329;
 -0.2105923;
 0.87076515]
Keyframe: 42 Frame: 406 Frame from vFrameID : 407
Tcw:
[0.99863249, -0.051991705, -0.0054783137, 0.5267297;
 0.0073185596, 0.24278495, -0.97005254, -0.20502561;
 0.051764738, 0.96868587, 0.24283344, 0.89174759;
 0, 0, 0, 1]
Twc:
[0.99863249, 0.0073185596, 0.051764738, -0.57066995;
 -0.051991705, 0.24278495, 0.96868587, -0.78666061;
 -0.0054783137, -0.97005254, 0.24283344, -0.41254616;
 0, 0, 0, 1]
Ow:
[0.5267297;
 -0.20502561;
 0.89174759]
Keyframe: 43 Frame: 414 Frame from vFrameID : 415
Tcw:
[0.99705672, -0.070256323, -0.030690446, 0.53207916;
 -0.011353128, 0.26059282, -0.96538204, -0.21632177;
 0.075821899, 0.96288908, 0.2590282, 0.89441073;
 0, 0, 0, 1]
Twc:
[0.99705672, -0.011353128, 0.075821899, -0.60078502;
 -0.070256323, 0.26059282, 0.96288908, -0.76746452;
 -0.030690446, -0.96538204, 0.2590282, -0.42418101;
 0, 0, 0, 1]
Ow:
[0.53207916;
 -0.21632177;
 0.89441073]
Keyframe: 44 Frame: 421 Frame from vFrameID : 422
Tcw:
[0.99772245, -0.063586831, -0.022508772, 0.53750825;
 -0.0042521153, 0.27374169, -0.96179384, -0.22364503;
 0.067319013, 0.95969903, 0.27284786, 0.91833127;
 0, 0, 0, 1]
Twc:
[0.99772245, -0.0042521153, 0.067319013, -0.59905618;
 -0.063586831, 0.27374169, 0.95969903, -0.78592217;
 -0.022508772, -0.96179384, 0.27284786, -0.45356649;
 0, 0, 0, 1]
Ow:
[0.53750825;
 -0.22364503;
 0.91833127]
Keyframe: 45 Frame: 430 Frame from vFrameID : 431
Tcw:
[0.99927413, -0.031096425, 0.022005513, 0.55437768;
 0.029053239, 0.24846214, -0.96820581, -0.21933202;
 0.024640201, 0.96814233, 0.24918523, 0.96456724;
 0, 0, 0, 1]
Twc:
[0.99927413, 0.029053239, 0.024640201, -0.57137007;
 -0.031096425, 0.24846214, 0.96814233, -0.86210352;
 0.022005513, -0.96820581, 0.24918523, -0.46491382;
 0, 0, 0, 1]
Ow:
[0.55437768;
 -0.21933202;
 0.96456724]
Keyframe: 46 Frame: 437 Frame from vFrameID : 438
Tcw:
[0.9988668, -0.022523854, 0.041925576, 0.55442899;
 0.046468649, 0.27122295, -0.96139419, -0.21240827;
 0.010283124, 0.96225297, 0.27196226, 0.98134041;
 0, 0, 0, 1]
Twc:
[0.9988668, 0.046468649, 0.010283124, -0.55402166;
 -0.022523854, 0.27122295, 0.96225297, -0.87419987;
 0.041925576, -0.96139419, 0.27196226, -0.49434039;
 0, 0, 0, 1]
Ow:
[0.55442899;
 -0.21240827;
 0.98134041]
Keyframe: 47 Frame: 445 Frame from vFrameID : 446
Tcw:
[0.99921173, -0.039220382, 0.0061389054, 0.57289296;
 0.01653384, 0.27056721, -0.9625591, -0.2279425;
 0.036090948, 0.96190184, 0.27100238, 1.0242264;
 0, 0, 0, 1]
Twc:
[0.99921173, 0.01653384, 0.036090948, -0.60563791;
 -0.039220382, 0.27056721, 0.96190184, -0.90106249;
 0.0061389054, -0.9625591, 0.27100238, -0.50049287;
 0, 0, 0, 1]
Ow:
[0.57289296;
 -0.2279425;
 1.0242264]
Keyframe: 48 Frame: 453 Frame from vFrameID : 454
Tcw:
[0.99896342, -0.044392575, -0.010068226, 0.58505571;
 0.0021958405, 0.26792049, -0.96343851, -0.23190363;
 0.045467, 0.96241772, 0.26774025, 1.0479213;
 0, 0, 0, 1]
Twc:
[0.99896342, 0.0021958405, 0.045467, -0.63158584;
 -0.044392575, 0.26792049, 0.96241772, -0.92043424;
 -0.010068226, -0.96343851, 0.26774025, -0.49810514;
 0, 0, 0, 1]
Ow:
[0.58505571;
 -0.23190363;
 1.0479213]
Keyframe: 49 Frame: 460 Frame from vFrameID : 461
Tcw:
[0.99934572, -0.032301981, 0.016269878, 0.58219475;
 0.024414314, 0.270585, -0.96238643, -0.24227202;
 0.026684605, 0.96215403, 0.2711966, 1.0640384;
 0, 0, 0, 1]
Twc:
[0.99934572, 0.024414314, 0.026684605, -0.60429233;
 -0.032301981, 0.270585, 0.96215403, -0.93940753;
 0.016269878, -0.96238643, 0.2711966, -0.5311951;
 0, 0, 0, 1]
Ow:
[0.58219475;
 -0.24227202;
 1.0640384]
Keyframe: 50 Frame: 467 Frame from vFrameID : 468
Tcw:
[0.99919969, -0.029711487, 0.026780488, 0.59712929;
 0.033779625, 0.26822236, -0.96276462, -0.23352647;
 0.021422043, 0.96289873, 0.26901135, 1.0764271;
 0, 0, 0, 1]
Twc:
[0.99919969, 0.033779625, 0.021422043, -0.61182225;
 -0.029711487, 0.26822236, 0.96289873, -0.95611167;
 0.026780488, -0.96276462, 0.26901135, -0.53039354;
 0, 0, 0, 1]
Ow:
[0.59712929;
 -0.23352647;
 1.0764271]
Keyframe: 51 Frame: 476 Frame from vFrameID : 477
Tcw:
[0.99919736, -0.039978638, -0.0025111858, 0.62364423;
 0.0086225197, 0.27587822, -0.96115392, -0.22777945;
 0.039118405, 0.96036083, 0.27600151, 1.117414;
 0, 0, 0, 1]
Twc:
[0.99919736, 0.0086225197, 0.039118405, -0.66489106;
 -0.039978638, 0.27587822, 0.96036083, -0.9853487;
 -0.0025111858, -0.96115392, 0.27600151, -0.52577299;
 0, 0, 0, 1]
Ow:
[0.62364423;
 -0.22777945;
 1.117414]
Keyframe: 52 Frame: 484 Frame from vFrameID : 485
Tcw:
[0.99871624, -0.050457362, -0.0044635227, 0.64818174;
 0.010512566, 0.29266107, -0.95615846, -0.24884301;
 0.049551532, 0.95488405, 0.2928158, 1.1144557;
 0, 0, 0, 1]
Twc:
[0.99871624, 0.010512566, 0.049551532, -0.69995666;
 -0.050457362, 0.29266107, 0.95488405, -0.95864379;
 -0.0044635227, -0.95615846, 0.2928158, -0.56137043;
 0, 0, 0, 1]
Ow:
[0.64818174;
 -0.24884301;
 1.1144557]
Keyframe: 53 Frame: 491 Frame from vFrameID : 492
Tcw:
[0.9991461, -0.032422267, 0.025608765, 0.64825374;
 0.034434725, 0.31096473, -0.94979745, -0.2502811;
 0.022831164, 0.94986826, 0.31181565, 1.1457652;
 0, 0, 0, 1]
Twc:
[0.9991461, 0.034434725, 0.022831164, -0.665241;
 -0.032422267, 0.31096473, 0.94986826, -0.9894796;
 0.025608765, -0.94979745, 0.31181565, -0.6115849;
 0, 0, 0, 1]
Ow:
[0.64825374;
 -0.2502811;
 1.1457652]
Keyframe: 54 Frame: 499 Frame from vFrameID : 500
Tcw:
[0.99853575, -0.026777945, 0.047003739, 0.64622599;
 0.052940145, 0.30503833, -0.95086747, -0.26436776;
 0.011124335, 0.95196354, 0.30600929, 1.1635587;
 0, 0, 0, 1]
Twc:
[0.99853575, 0.052940145, 0.011124335, -0.64422786;
 -0.026777945, 0.30503833, 0.95196354, -1.0097185;
 0.047003739, -0.95086747, 0.30600929, -0.63781351;
 0, 0, 0, 1]
Ow:
[0.64622599;
 -0.26436776;
 1.1635587]
Keyframe: 55 Frame: 508 Frame from vFrameID : 509
Tcw:
[0.99812025, -0.061285581, -7.2113442e-05, 0.69575715;
 0.018453738, 0.30166623, -0.95323497, -0.26706165;
 0.058441315, 0.95144182, 0.30223012, 1.2086202;
 0, 0, 0, 1]
Twc:
[0.99812025, 0.018453738, 0.058441315, -0.76015443;
 -0.061285581, 0.30166623, 0.95144182, -1.0267285;
 -7.2113442e-05, -0.95323497, 0.30223012, -0.61980379;
 0, 0, 0, 1]
Ow:
[0.69575715;
 -0.26706165;
 1.2086202]
Keyframe: 56 Frame: 517 Frame from vFrameID : 518
Tcw:
[0.99693316, -0.070809051, -0.033322766, 0.71112925;
 -0.009996335, 0.30709547, -0.95162618, -0.27111709;
 0.077617019, 0.94904083, 0.30544582, 1.2343729;
 0, 0, 0, 1]
Twc:
[0.99693316, -0.009996335, 0.077617019, -0.8074668;
 -0.070809051, 0.30709547, 0.94904083, -1.0378569;
 -0.033322766, -0.95162618, 0.30544582, -0.61133939;
 0, 0, 0, 1]
Ow:
[0.71112925;
 -0.27111709;
 1.2343729]
Keyframe: 57 Frame: 526 Frame from vFrameID : 527
Tcw:
[0.9990468, -0.043210246, 0.0061925775, 0.70643914;
 0.019165464, 0.30674064, -0.95160013, -0.27857476;
 0.039219361, 0.9508118, 0.3072764, 1.2570715;
 0, 0, 0, 1]
Twc:
[0.9990468, 0.019165464, 0.039219361, -0.74972832;
 -0.043210246, 0.30674064, 0.9508118, -1.0792629;
 0.0061925775, -0.95160013, 0.3072764, -0.65573496;
 0, 0, 0, 1]
Ow:
[0.70643914;
 -0.27857476;
 1.2570715]
Keyframe: 58 Frame: 534 Frame from vFrameID : 535
Tcw:
[0.99926519, -0.037750948, 0.0066320314, 0.71681631;
 0.01728953, 0.28952596, -0.95701402, -0.2760939;
 0.034208041, 0.95642543, 0.2899659, 1.2904922;
 0, 0, 0, 1]
Twc:
[0.99926519, 0.01728953, 0.034208041, -0.75566119;
 -0.037750948, 0.28952596, 0.95642543, -1.1272626;
 0.0066320314, -0.95701402, 0.2899659, -0.6431784;
 0, 0, 0, 1]
Ow:
[0.71681631;
 -0.2760939;
 1.2904922]
Keyframe: 59 Frame: 543 Frame from vFrameID : 544
Tcw:
[0.99653524, -0.080146722, -0.022226498, 0.75138021;
 0.00031567083, 0.27087942, -0.96261322, -0.25974706;
 0.083170995, 0.95927101, 0.26996619, 1.3149387;
 0, 0, 0, 1]
Twc:
[0.99653524, 0.00031567083, 0.083170995, -0.85805959;
 -0.080146722, 0.27087942, 0.95927101, -1.1308017;
 -0.022226498, -0.96261322, 0.26996619, -0.58832437;
 0, 0, 0, 1]
Ow:
[0.75138021;
 -0.25974706;
 1.3149387]
Keyframe: 60 Frame: 550 Frame from vFrameID : 551
Tcw:
[0.9893266, -0.13868341, -0.04471964, 0.78035986;
 -0.00038415429, 0.30441406, -0.95253974, -0.2675074;
 0.14571474, 0.94239002, 0.30111164, 1.3493718;
 0, 0, 0, 1]
Twc:
[0.9893266, -0.00038415429, 0.14571474, -0.96875685;
 -0.13868341, 0.30441406, 0.94239002, -1.0819786;
 -0.04471964, -0.95253974, 0.30111164, -0.62622559;
 0, 0, 0, 1]
Ow:
[0.78035986;
 -0.2675074;
 1.3493718]
Keyframe: 61 Frame: 558 Frame from vFrameID : 559
Tcw:
[0.9940877, -0.10616397, -0.022778263, 0.80283397;
 0.010599302, 0.303662, -0.95272088, -0.28426939;
 0.10806152, 0.94684666, 0.30299193, 1.3891305;
 0, 0, 0, 1]
Twc:
[0.9940877, 0.010599302, 0.10806152, -0.9451859;
 -0.10616397, 0.303662, 0.94684666, -1.1437397;
 -0.022778263, -0.95272088, 0.30299193, -0.67343754;
 0, 0, 0, 1]
Ow:
[0.80283397;
 -0.28426939;
 1.3891305]
Keyframe: 62 Frame: 567 Frame from vFrameID : 568
Tcw:
[0.99382335, -0.1109736, 0.00010680553, 0.80969644;
 0.030893549, 0.27574232, -0.96073502, -0.27876744;
 0.10658678, 0.95480418, 0.27746752, 1.3981497;
 0, 0, 0, 1]
Twc:
[0.99382335, 0.030893549, 0.10658678, -0.9451074;
 -0.1109736, 0.27574232, 0.95480418, -1.1682363;
 0.00010680553, -0.96073502, 0.27746752, -0.65584922;
 0, 0, 0, 1]
Ow:
[0.80969644;
 -0.27876744;
 1.3981497]
Keyframe: 63 Frame: 575 Frame from vFrameID : 576
Tcw:
[0.99175334, -0.11827665, -0.049355119, 0.81719923;
 -0.0095436843, 0.31587642, -0.94875234, -0.27280787;
 0.12780537, 0.94139934, 0.3121427, 1.4015032;
 0, 0, 0, 1]
Twc:
[0.99175334, -0.0095436843, 0.12780537, -0.99218333;
 -0.11827665, 0.31587642, 0.94139934, -1.1365449;
 -0.049355119, -0.94875234, 0.3121427, -0.65596312;
 0, 0, 0, 1]
Ow:
[0.81719923;
 -0.27280787;
 1.4015032]
Keyframe: 64 Frame: 583 Frame from vFrameID : 584
Tcw:
[0.99880183, -0.045132093, -0.018922461, 0.79719341;
 -0.0028914355, 0.33156085, -0.94342941, -0.29573551;
 0.048852891, 0.94235373, 0.33103308, 1.4087807;
 0, 0, 0, 1]
Twc:
[0.99880183, -0.0028914355, 0.048852891, -0.86591631;
 -0.045132093, 0.33156085, 0.94235373, -1.1935364;
 -0.018922461, -0.94342941, 0.33103308, -0.73027372;
 0, 0, 0, 1]
Ow:
[0.79719341;
 -0.29573551;
 1.4087807]
Keyframe: 65 Frame: 592 Frame from vFrameID : 593
Tcw:
[0.99777174, -0.065075085, -0.014725258, 0.79781508;
 0.0078347083, 0.33344975, -0.94273531, -0.29548466;
 0.066258714, 0.94051927, 0.33321658, 1.4255625;
 0, 0, 0, 1]
Twc:
[0.99777174, 0.0078347083, 0.066258714, -0.88817823;
 -0.065075085, 0.33344975, 0.94051927, -1.1903218;
 -0.014725258, -0.94273531, 0.33321658, -0.74183685;
 0, 0, 0, 1]
Ow:
[0.79781508;
 -0.29548466;
 1.4255625]
Keyframe: 66 Frame: 599 Frame from vFrameID : 600
Tcw:
[0.99875045, -0.047470525, 0.01562309, 0.78899992;
 0.031803053, 0.36257878, -0.93141031, -0.29858163;
 0.038549937, 0.93074334, 0.36363542, 1.4341053;
 0, 0, 0, 1]
Twc:
[0.99875045, 0.031803053, 0.038549937, -0.83380288;
 -0.047470525, 0.36257878, 0.93074334, -1.1890705;
 0.01562309, -0.93141031, 0.36363542, -0.81192017;
 0, 0, 0, 1]
Ow:
[0.78899992;
 -0.29858163;
 1.4341053]
Keyframe: 67 Frame: 606 Frame from vFrameID : 607
Tcw:
[0.99851459, -0.048477165, 0.02487033, 0.79760808;
 0.039431348, 0.32795721, -0.94386929, -0.30871201;
 0.037599705, 0.94344795, 0.32938159, 1.451068;
 0, 0, 0, 1]
Twc:
[0.99851459, 0.039431348, 0.037599705, -0.83881015;
 -0.048477165, 0.32795721, 0.94344795, -1.2290971;
 0.02487033, -0.94386929, 0.32938159, -0.78917569;
 0, 0, 0, 1]
Ow:
[0.79760808;
 -0.30871201;
 1.451068]
Keyframe: 68 Frame: 614 Frame from vFrameID : 615
Tcw:
[0.99883157, -0.040567473, 0.02626396, 0.80690598;
 0.038646393, 0.34418947, -0.93810451, -0.30070892;
 0.02901675, 0.93802339, 0.34535509, 1.4711115;
 0, 0, 0, 1]
Twc:
[0.99883157, 0.038646393, 0.02901675, -0.83702868;
 -0.040567473, 0.34418947, 0.93802339, -1.2437022;
 0.02626396, -0.93810451, 0.34535509, -0.8113448;
 0, 0, 0, 1]
Ow:
[0.80690598;
 -0.30070892;
 1.4711115]
Keyframe: 69 Frame: 621 Frame from vFrameID : 622
Tcw:
[0.99929756, -0.018290611, 0.032708045, 0.79600561;
 0.036894362, 0.32715574, -0.94424993, -0.29322663;
 0.0065702829, 0.9447934, 0.32760075, 1.4938135;
 0, 0, 0, 1]
Twc:
[0.99929756, 0.036894362, 0.0065702829, -0.79444289;
 -0.018290611, 0.32715574, 0.9447934, -1.3008549;
 0.032708045, -0.94424993, 0.32760075, -0.79228944;
 0, 0, 0, 1]
Ow:
[0.79600561;
 -0.29322663;
 1.4938135]
Keyframe: 70 Frame: 630 Frame from vFrameID : 631
Tcw:
[0.9974097, 0.014085857, 0.070537217, 0.77928376;
 0.062196471, 0.32370445, -0.94411176, -0.30274194;
 -0.036131836, 0.94605339, 0.32198986, 1.5019501;
 0, 0, 0, 1]
Twc:
[0.9974097, 0.062196471, -0.036131836, -0.70416749;
 0.014085857, 0.32370445, 0.94605339, -1.333903;
 0.070537217, -0.94411176, 0.32198986, -0.82440346;
 0, 0, 0, 1]
Ow:
[0.77928376;
 -0.30274194;
 1.5019501]
Keyframe: 71 Frame: 638 Frame from vFrameID : 639
Tcw:
[0.99841541, -0.014639638, 0.054335222, 0.83215702;
 0.056232467, 0.29613653, -0.95348889, -0.29566127;
 -0.0021319117, 0.95503342, 0.29649049, 1.5144486;
 0, 0, 0, 1]
Twc:
[0.99841541, 0.056232467, -0.0021319117, -0.81098396;
 -0.014639638, 0.29613653, 0.95503342, -1.3466104;
 0.054335222, -0.95348889, 0.29649049, -0.7761448;
 0, 0, 0, 1]
Ow:
[0.83215702;
 -0.29566127;
 1.5144486]
Keyframe: 72 Frame: 647 Frame from vFrameID : 648
Tcw:
[0.99722439, -0.0071971193, 0.074105926, 0.81437504;
 0.072737709, 0.30668524, -0.9490276, -0.29481494;
 -0.015896928, 0.95178378, 0.3063575, 1.5293921;
 0, 0, 0, 1]
Twc:
[0.99722439, 0.072737709, -0.015896928, -0.76635784;
 -0.0071971193, 0.30668524, 0.95178378, -1.359374;
 0.074105926, -0.9490276, 0.3063575, -0.80867827;
 0, 0, 0, 1]
Ow:
[0.81437504;
 -0.29481494;
 1.5293921]
Keyframe: 73 Frame: 655 Frame from vFrameID : 656
Tcw:
[0.9980014, -0.060889486, 0.016903497, 0.86394638;
 0.037054535, 0.34720141, -0.93705827, -0.28529805;
 0.051188078, 0.93581176, 0.3487637, 1.5425332;
 0, 0, 0, 1]
Twc:
[0.9980014, 0.037054535, 0.051188078, -0.93060738;
 -0.060889486, 0.34720141, 0.93581176, -1.2918596;
 0.016903497, -0.93705827, 0.3487637, -0.81992418;
 0, 0, 0, 1]
Ow:
[0.86394638;
 -0.28529805;
 1.5425332]
Keyframe: 74 Frame: 664 Frame from vFrameID : 665
Tcw:
[0.99600041, -0.086450301, -0.022573896, 0.8690148;
 0.014114464, 0.40171033, -0.915658, -0.31624997;
 0.088227078, 0.91167712, 0.40132385, 1.5545661;
 0, 0, 0, 1]
Twc:
[0.99600041, 0.014114464, 0.088227078, -0.99823016;
 -0.086450301, 0.40171033, 0.91167712, -1.2150948;
 -0.022573896, -0.915658, 0.40132385, -0.89384419;
 0, 0, 0, 1]
Ow:
[0.8690148;
 -0.31624997;
 1.5545661]
Keyframe: 75 Frame: 673 Frame from vFrameID : 674
Tcw:
[0.99533498, -0.096012719, -0.009476318, 0.89333296;
 0.029234873, 0.39374876, -0.91875309, -0.31897938;
 0.091943271, 0.91419005, 0.39471883, 1.5758129;
 0, 0, 0, 1]
Twc:
[0.99533498, 0.029234873, 0.091943271, -1.0247257;
 -0.096012719, 0.39374876, 0.91419005, -1.2292235;
 -0.009476318, -0.91875309, 0.39471883, -0.90660083;
 0, 0, 0, 1]
Ow:
[0.89333296;
 -0.31897938;
 1.5758129]
Keyframe: 76 Frame: 681 Frame from vFrameID : 682
Tcw:
[0.99537766, -0.08837235, 0.037598576, 0.87850571;
 0.068432488, 0.3779681, -0.92328602, -0.31260663;
 0.067381896, 0.92159128, 0.38226855, 1.5997506;
 0, 0, 0, 1]
Twc:
[0.99537766, 0.068432488, 0.067381896, -0.96084672;
 -0.08837235, 0.3779681, 0.92159128, -1.2785252;
 0.037598576, -0.92328602, 0.38226855, -0.93319029;
 0, 0, 0, 1]
Ow:
[0.87850571;
 -0.31260663;
 1.5997506]
Keyframe: 77 Frame: 689 Frame from vFrameID : 690
Tcw:
[0.99908942, -0.036321748, 0.022384316, 0.870601;
 0.035323411, 0.40993285, -0.91143149, -0.32573414;
 0.023928719, 0.91139221, 0.41084257, 1.6043532;
 0, 0, 0, 1]
Twc:
[0.99908942, 0.035323411, 0.023928719, -0.89669234;
 -0.036321748, 0.40993285, 0.91139221, -1.2970442;
 0.022384316, -0.91143149, 0.41084257, -0.97550875;
 0, 0, 0, 1]
Ow:
[0.870601;
 -0.32573414;
 1.6043532]
Keyframe: 78 Frame: 696 Frame from vFrameID : 697
Tcw:
[0.99739736, -0.072033696, -0.0031123159, 0.89498544;
 0.027347887, 0.41790089, -0.90808094, -0.33149761;
 0.066713065, 0.90563238, 0.41878319, 1.6307187;
 0, 0, 0, 1]
Twc:
[0.99739736, 0.027347887, 0.066713065, -0.99238056;
 -0.072033696, 0.41790089, 0.90563238, -1.2738295;
 -0.0031123159, -0.90808094, 0.41878319, -0.98115873;
 0, 0, 0, 1]
Ow:
[0.89498544;
 -0.33149761;
 1.6307187]
Keyframe: 79 Frame: 704 Frame from vFrameID : 705
Tcw:
[0.9984498, -0.039687138, -0.039024226, 0.90089929;
 -0.02050446, 0.38954666, -0.92077845, -0.32152933;
 0.051744819, 0.92015123, 0.38812903, 1.6628606;
 0, 0, 0, 1]
Twc:
[0.9984498, -0.02050446, 0.051744819, -0.99214;
 -0.039687138, 0.38954666, 0.92015123, -1.3690785;
 -0.039024226, -0.92077845, 0.38812903, -0.90630484;
 0, 0, 0, 1]
Ow:
[0.90089929;
 -0.32152933;
 1.6628606]
Keyframe: 80 Frame: 712 Frame from vFrameID : 713
Tcw:
[0.99542445, -0.084684066, -0.044258233, 0.9166621;
 -0.0059607588, 0.40724859, -0.91329789, -0.31357139;
 0.095365882, 0.90938288, 0.4048804, 1.6892707;
 0, 0, 0, 1]
Twc:
[0.99542445, -0.0059607588, 0.095365882, -1.0754358;
 -0.084684066, 0.40724859, 0.90938288, -1.3308656;
 -0.044258233, -0.91329789, 0.4048804, -0.92976689;
 0, 0, 0, 1]
Ow:
[0.9166621;
 -0.31357139;
 1.6892707]
Keyframe: 81 Frame: 721 Frame from vFrameID : 722
Tcw:
[0.99735862, -0.065812677, 0.030732354, 0.93416387;
 0.05441257, 0.3966971, -0.91633546, -0.31370819;
 0.048115056, 0.91558731, 0.3992303, 1.7005646;
 0, 0, 0, 1]
Twc:
[0.99735862, 0.05441257, 0.048115056, -0.99644947;
 -0.065812677, 0.3966971, 0.91558731, -1.3710885;
 0.030732354, -0.91633546, 0.3992303, -0.99508798;
 0, 0, 0, 1]
Ow:
[0.93416387;
 -0.31370819;
 1.7005646]
Keyframe: 82 Frame: 729 Frame from vFrameID : 730
Tcw:
[0.9973039, -0.033699803, 0.065186068, 0.90170723;
 0.073248133, 0.40355775, -0.91201746, -0.32950944;
 0.0044284663, 0.91433334, 0.40493816, 1.7292783;
 0, 0, 0, 1]
Twc:
[0.9973039, 0.073248133, 0.0044284663, -0.88279825;
 -0.033699803, 0.40355775, 0.91433334, -1.4177734;
 0.065186068, -0.91201746, 0.40493816, -1.0595479;
 0, 0, 0, 1]
Ow:
[0.90170723;
 -0.32950944;
 1.7292783]
Keyframe: 83 Frame: 737 Frame from vFrameID : 738
Tcw:
[0.9992153, -0.030290436, 0.02551996, 0.93246865;
 0.035030335, 0.3751601, -0.9262979, -0.31872141;
 0.018483898, 0.92646497, 0.37592679, 1.7384065;
 0, 0, 0, 1]
Twc:
[0.9992153, 0.035030335, 0.018483898, -0.95270455;
 -0.030290436, 0.3751601, 0.92646497, -1.4627564;
 0.02551996, -0.9262979, 0.37592679, -0.97254109;
 0, 0, 0, 1]
Ow:
[0.93246865;
 -0.31872141;
 1.7384065]
Keyframe: 84 Frame: 745 Frame from vFrameID : 746
Tcw:
[0.9998064, -0.015268223, 0.012412215, 0.90978527;
 0.017303528, 0.38188431, -0.92404813, -0.32943612;
 0.0093685435, 0.92408401, 0.38207456, 1.7730584;
 0, 0, 0, 1]
Twc:
[0.9998064, 0.017303528, 0.0093685435, -0.92051971;
 -0.015268223, 0.38188431, 0.92408401, -1.4987576;
 0.012412215, -0.92404813, 0.38207456, -0.99314773;
 0, 0, 0, 1]
Ow:
[0.90978527;
 -0.32943612;
 1.7730584]
Keyframe: 85 Frame: 753 Frame from vFrameID : 754
Tcw:
[0.99751258, 0.014071683, 0.069069497, 0.90717113;
 0.058772899, 0.37492242, -0.92519128, -0.35453236;
 -0.038914703, 0.92694938, 0.37316281, 1.7932487;
 0, 0, 0, 1]
Twc:
[0.99751258, 0.058772899, -0.038914703, -0.81429404;
 0.014071683, 0.37492242, 0.92694938, -1.542094;
 0.069069497, -0.92519128, 0.37316281, -1.0598418;
 0, 0, 0, 1]
Ow:
[0.90717113;
 -0.35453236;
 1.7932487]
Keyframe: 86 Frame: 761 Frame from vFrameID : 762
Tcw:
[0.98328996, 0.11467208, 0.14139014, 0.85250467;
 0.089005597, 0.37468797, -0.92286885, -0.31614983;
 -0.15880448, 0.9200322, 0.35822046, 1.8314129;
 0, 0, 0, 1]
Twc:
[0.98328996, 0.089005597, -0.15880448, -0.51928359;
 0.11467208, 0.37468797, 0.9200322, -1.6642598;
 0.14139014, -0.92286885, 0.35822046, -1.0683502;
 0, 0, 0, 1]
Ow:
[0.85250467;
 -0.31614983;
 1.8314129]
Keyframe: 87 Frame: 770 Frame from vFrameID : 771
Tcw:
[0.97528589, 0.12314194, 0.18344879, 0.81878799;
 0.12297966, 0.38723361, -0.9137429, -0.29391873;
 -0.18355761, 0.91372108, 0.36251953, 1.8371397;
 0, 0, 0, 1]
Twc:
[0.97528589, 0.12297966, -0.18355761, -0.42518541;
 0.12314194, 0.38723361, 0.91372108, -1.6656451;
 0.18344879, -0.9137429, 0.36251953, -1.0847708;
 0, 0, 0, 1]
Ow:
[0.81878799;
 -0.29391873;
 1.8371397]
Keyframe: 88 Frame: 779 Frame from vFrameID : 780
Tcw:
[0.98206049, 0.13031866, 0.1362875, 0.84168261;
 0.078666553, 0.37371379, -0.92420214, -0.29544222;
 -0.17137329, 0.91834366, 0.35675782, 1.8556087;
 0, 0, 0, 1]
Twc:
[0.98206049, 0.078666553, -0.17137329, -0.48534;
 0.13031866, 0.37371379, 0.91834366, -1.7033626;
 0.1362875, -0.92420214, 0.35675782, -1.049762;
 0, 0, 0, 1]
Ow:
[0.84168261;
 -0.29544222;
 1.8556087]
Keyframe: 89 Frame: 788 Frame from vFrameID : 789
Tcw:
[0.97953165, 0.11576872, 0.16466737, 0.83694345;
 0.11016837, 0.37632397, -0.91991478, -0.29706037;
 -0.16846564, 0.91922677, 0.35586718, 1.8633671;
 0, 0, 0, 1]
Twc:
[0.97953165, 0.11016837, -0.16846564, -0.47317263;
 0.11576872, 0.37632397, 0.91922677, -1.6979579;
 0.16466737, -0.91991478, 0.35586718, -1.0741987;
 0, 0, 0, 1]
Ow:
[0.83694345;
 -0.29706037;
 1.8633671]
Keyframe: 90 Frame: 795 Frame from vFrameID : 796
Tcw:
[0.97517657, 0.12978657, 0.17940493, 0.85445863;
 0.11950445, 0.37360567, -0.91985732, -0.29226828;
 -0.18641183, 0.91846299, 0.3488214, 1.8893669;
 0, 0, 0, 1]
Twc:
[0.97517657, 0.11950445, -0.18641183, -0.44612035;
 0.12978657, 0.37360567, 0.91846299, -1.7370176;
 0.17940493, -0.91985732, 0.3488214, -1.0811908;
 0, 0, 0, 1]
Ow:
[0.85445863;
 -0.29226828;
 1.8893669]
