Keyframe: 0 Frame: 0 Frame from vFrameID : 129
Tcw:
[0.99975717, 0.0037067998, -0.021723352, 0.12388232;
 -0.021840656, 0.29807028, -0.95429403, -0.019032154;
 0.0029377085, 0.95453674, 0.29807884, 0.07291019;
 0, 0, 0, 1]
Twc:
[0.99975717, -0.021840656, 0.0029377085, -0.1244821;
 0.0037067998, 0.29807028, 0.95453674, -0.064381741;
 -0.021723352, -0.95429403, 0.29807884, -0.037204117;
 0, 0, 0, 1]
Ow:
[0.12388232;
 -0.019032154;
 0.07291019]
Keyframe: 1 Frame: 143 Frame from vFrameID : 129
Tcw:
[0.99992186, 0.0027215926, -0.012201662, -0.0024291216;
 -0.012463639, 0.29293281, -0.95605177, -0.00084719301;
 0.00097228371, 0.95612913, 0.29294384, 0.0036253571;
 0, 0, 0, 1]
Twc:
[0.99992186, -0.012463639, 0.00097228371, 0.0024148477;
 0.0027215926, 0.29293281, 0.95612913, -0.0032115281;
 -0.012201662, -0.95605177, 0.29294384, -0.0019016258;
 0, 0, 0, 1]
Ow:
[-0.0024291216;
 -0.00084719301;
 0.0036253571]
