Keyframe: 0 Frame: 0 Frame from vFrameID : 129
Tcw:
[0.99926978, 3.8054859e-05, -0.038208336, 0.11337419;
 -0.036259819, 0.31621328, -0.94799495, -0.012503054;
 0.012045907, 0.94868815, 0.31598377, 0.021648794;
 0, 0, 0, 1]
Twc:
[0.99926978, -0.036259819, 0.012045907, -0.11400554;
 3.8054859e-05, 0.31621328, 0.94868815, -0.016588636;
 -0.038208336, -0.94799495, 0.31598377, -0.014361659;
 0, 0, 0, 1]
Ow:
[0.11337419;
 -0.012503054;
 0.021648794]
Keyframe: 1 Frame: 128 Frame from vFrameID : 129
Tcw:
[0.99894124, 0.00025552392, -0.046004139, -0.00018279163;
 -0.043677446, 0.31930324, -0.9466455, -0.00088499836;
 0.014447381, 0.94765258, 0.31897634, -0.0032524401;
 0, 0, 0, 1]
Twc:
[0.99894124, -0.043677446, 0.014447381, 0.00019093287;
 0.00025552392, 0.31930324, 0.94765258, 0.0033648126;
 -0.046004139, -0.9466455, 0.31897634, 0.00019126253;
 0, 0, 0, 1]
Ow:
[-0.00018279163;
 -0.00088499836;
 -0.0032524401]
