Keyframe: 0 Frame: 0 Frame from vFrameID : 129
Tcw:
[0.99912739, -0.019459624, -0.036956336, 0.11710315;
 -0.028436884, 0.33112612, -0.94315791, -0.017185476;
 0.030590707, 0.94338584, 0.33028382, 0.027509943;
 0, 0, 0, 1]
Twc:
[0.99912739, -0.028436884, 0.030590707, -0.11833122;
 -0.019459624, 0.33112612, 0.94338584, -0.017983146;
 -0.036956336, -0.94315791, 0.33028382, -0.020967001;
 0, 0, 0, 1]
Ow:
[0.11710315;
 -0.017185476;
 0.027509943]
Keyframe: 1 Frame: 132 Frame from vFrameID : 129
Tcw:
[0.99909163, -0.018598631, -0.038341407, -nan;
 -0.029928206, 0.33426073, -0.94200534, -nan;
 0.030336035, 0.9422971, 0.33340046, inf;
 0, 0, 0, 1]
Twc:
[0.99909163, -0.029928206, 0.030336035, -inf;
 -0.018598631, 0.33426073, 0.9422971, -inf;
 -0.038341407, -0.94200534, 0.33340046, -inf;
 0, 0, 0, 1]
Ow:
[-nan;
 -nan;
 inf]
