Keyframe: 0 Frame: 0 Frame from vFrameID : 212
Tcw:
[1, 0, 0, 0;
 0, 1, 0, 0;
 0, 0, 1, 0;
 0, 0, 0, 1]
Twc:
[1, 0, 0, 0;
 0, 1, 0, 0;
 0, 0, 1, 0;
 0, 0, 0, 1]
Ow:
[0;
 0;
 0]
Keyframe: 1 Frame: 211 Frame from vFrameID : 212
Tcw:
[0.99967569, 0.0012308613, 0.02543704, 0.00038635067;
 -0.00093763747, 0.999933, -0.011536149, 0.0032157369;
 -0.025449537, 0.011508557, 0.99960989, 0.022828829;
 0, 0, 0, 1]
Twc:
[0.99967569, -0.00093763747, -0.025449537, 0.00019777296;
 0.0012308613, 0.999933, 0.011508557, -0.003478724;
 0.02543704, -0.011536149, 0.99960989, -0.022792652;
 0, 0, 0, 1]
Ow:
[0.00038635067;
 0.0032157369;
 0.022828829]
Keyframe: 2 Frame: 212 Frame from vFrameID : 213
Tcw:
[0.9997707, -0.0013407369, 0.02137113, 0.00069839251;
 0.0016221359, 0.99991214, -0.013155354, 0.0038636404;
 -0.021351615, 0.013187004, 0.99968505, 0.024303926;
 0, 0, 0, 1]
Twc:
[0.9997707, 0.0016221359, -0.021351615, -0.00018557165;
 -0.0013407369, 0.99991214, 0.013187004, -0.0041828607;
 0.02137113, -0.013155354, 0.99968505, -0.02426037;
 0, 0, 0, 1]
Ow:
[0.00069839251;
 0.0038636404;
 0.024303926]
Keyframe: 3 Frame: 214 Frame from vFrameID : 215
Tcw:
[0.99967653, -0.0090407198, 0.02377221, -0.00023662456;
 0.0092979865, 0.99989915, -0.010733959, 0.0045355326;
 -0.023672771, 0.010951521, 0.99965978, 0.027279176;
 0, 0, 0, 1]
Twc:
[0.99967653, 0.0092979865, -0.023672771, 0.00084015034;
 -0.0090407198, 0.99989915, 0.010951521, -0.0048359632;
 0.02377221, -0.010733959, 0.99965978, -0.027215585;
 0, 0, 0, 1]
Ow:
[-0.00023662456;
 0.0045355326;
 0.027279176]
Keyframe: 4 Frame: 216 Frame from vFrameID : 217
Tcw:
[0.99940485, -0.013828897, 0.031602561, 0.0014517156;
 0.01415865, 0.99984735, -0.010234539, 0.0054755225;
 -0.031456206, 0.010675898, 0.99944812, 0.02858747;
 0, 0, 0, 1]
Twc:
[0.99940485, 0.01415865, -0.031456206, -0.00062912423;
 -0.013828897, 0.99984735, 0.010675898, -0.0057598082;
 0.031602561, -0.010234539, 0.99944812, -0.028561531;
 0, 0, 0, 1]
Ow:
[0.0014517156;
 0.0054755225;
 0.02858747]
Keyframe: 5 Frame: 218 Frame from vFrameID : 219
Tcw:
[0.99821591, -0.0072457427, 0.059266318, 0.0019176113;
 0.0066913874, 0.99993205, 0.0095467549, 0.0062460573;
 -0.059331462, -0.0091331489, 0.99819654, 0.032495182;
 0, 0, 0, 1]
Twc:
[0.99821591, 0.0066913874, -0.059331462, -2.79983e-05;
 -0.0072457427, 0.99993205, -0.0091331489, -0.0059349551;
 0.059266318, 0.0095467549, 0.99819654, -0.032609858;
 0, 0, 0, 1]
Ow:
[0.0019176113;
 0.0062460573;
 0.032495182]
Keyframe: 6 Frame: 221 Frame from vFrameID : 222
Tcw:
[0.99811023, -0.0028446503, 0.061383143, 0.0033461889;
 0.0019216097, 0.99988425, 0.015091159, 0.0058091138;
 -0.061418969, -0.014944686, 0.9980002, 0.035934933;
 0, 0, 0, 1]
Twc:
[0.99811023, 0.0019216097, -0.061418969, -0.0011439418;
 -0.0028446503, 0.99988425, -0.014944686, -0.0052618864;
 0.061383143, 0.015091159, 0.9980002, -0.036156133;
 0, 0, 0, 1]
Ow:
[0.0033461889;
 0.0058091138;
 0.035934933]
Keyframe: 7 Frame: 224 Frame from vFrameID : 225
Tcw:
[0.9991923, 0.0099251634, 0.038939185, 0.0069440058;
 -0.010050196, 0.99994493, 0.0030165396, 0.0054546255;
 -0.038907103, -0.0034054497, 0.999237, 0.041034449;
 0, 0, 0, 1]
Twc:
[0.9991923, -0.010050196, -0.038907103, -0.0052870456;
 0.0099251634, 0.99994493, -0.0034054497, -0.005383505;
 0.038939185, 0.0030165396, 0.999237, -0.041289989;
 0, 0, 0, 1]
Ow:
[0.0069440058;
 0.0054546255;
 0.041034449]
Keyframe: 8 Frame: 228 Frame from vFrameID : 229
Tcw:
[0.99960613, 0.019332638, 0.020341752, 0.011730248;
 -0.019252451, 0.99980611, -0.0041304696, 0.0067300266;
 -0.020417662, 0.0037372143, 0.99978453, 0.043682758;
 0, 0, 0, 1]
Twc:
[0.99960613, -0.019252451, -0.020417662, -0.010704159;
 0.019332638, 0.99980611, 0.0037372143, -0.0071187504;
 0.020341752, -0.0041304696, 0.99978453, -0.043884162;
 0, 0, 0, 1]
Ow:
[0.011730248;
 0.0067300266;
 0.043682758]
Keyframe: 9 Frame: 232 Frame from vFrameID : 233
Tcw:
[0.99974549, 0.021755824, 0.0059734113, 0.016089169;
 -0.021734387, 0.99975717, -0.0036302882, 0.0067633721;
 -0.0060509406, 0.0034995358, 0.99997556, 0.047116701;
 0, 0, 0, 1]
Twc:
[0.99974549, -0.021734387, -0.0060509406, -0.015652975;
 0.021755824, 0.99975717, 0.0034995358, -0.0072766501;
 0.0059734113, -0.0036302882, 0.99997556, -0.047187105;
 0, 0, 0, 1]
Ow:
[0.016089169;
 0.0067633721;
 0.047116701]
Keyframe: 10 Frame: 236 Frame from vFrameID : 237
Tcw:
[0.99976385, 0.018465698, 0.011457693, 0.017463107;
 -0.018494127, 0.99982613, 0.0023802668, 0.0078176791;
 -0.011411748, -0.0025916046, 0.99993151, 0.051400766;
 0, 0, 0, 1]
Twc:
[0.99976385, -0.018494127, -0.011411748, -0.016727829;
 0.018465698, 0.99982613, -0.0025916046, -0.0080055781;
 0.011457693, 0.0023802668, 0.99993151, -0.051615942;
 0, 0, 0, 1]
Ow:
[0.017463107;
 0.0078176791;
 0.051400766]
Keyframe: 11 Frame: 240 Frame from vFrameID : 241
Tcw:
[0.99971664, 0.017495373, 0.016142292, 0.020621357;
 -0.017635942, 0.99980742, 0.0086071296, 0.0074265874;
 -0.015988598, -0.0088893753, 0.99983263, 0.057240725;
 0, 0, 0, 1]
Twc:
[0.99971664, -0.017635942, -0.015988598, -0.019569339;
 0.017495373, 0.99980742, -0.0088893753, -0.0072771017;
 0.016142292, 0.0086071296, 0.99983263, -0.057627946;
 0, 0, 0, 1]
Ow:
[0.020621357;
 0.0074265874;
 0.057240725]
Keyframe: 12 Frame: 244 Frame from vFrameID : 245
Tcw:
[0.99904925, 0.014064575, 0.041264627, 0.020120256;
 -0.014255324, 0.99988902, 0.004331999, 0.0095832907;
 -0.041199118, -0.0049161213, 0.99913883, 0.063192166;
 0, 0, 0, 1]
Twc:
[0.99904925, -0.014255324, -0.041199118, -0.017361052;
 0.014064575, 0.99988902, -0.0049161213, -0.0095545501;
 0.041264627, 0.004331999, 0.99913883, -0.064009517;
 0, 0, 0, 1]
Ow:
[0.020120256;
 0.0095832907;
 0.063192166]
Keyframe: 13 Frame: 248 Frame from vFrameID : 249
Tcw:
[0.99866223, 0.0060915393, 0.051347692, 0.019134033;
 -0.0062275711, 0.99997753, 0.0024896578, 0.011110516;
 -0.051331371, -0.0028060987, 0.99867773, 0.069012843;
 0, 0, 0, 1]
Twc:
[0.99866223, -0.0062275711, -0.051331371, -0.015496722;
 0.0060915393, 0.99997753, -0.0028060987, -0.011033165;
 0.051347692, 0.0024896578, 0.99867773, -0.069931738;
 0, 0, 0, 1]
Ow:
[0.019134033;
 0.011110516;
 0.069012843]
Keyframe: 14 Frame: 252 Frame from vFrameID : 253
Tcw:
[0.9971801, -0.0018206157, 0.075023718, 0.020135531;
 0.0011417622, 0.99995804, 0.0090904152, 0.011978241;
 -0.075037122, -0.0089791222, 0.99714029, 0.072756216;
 0, 0, 0, 1]
Twc:
[0.9971801, 0.0011417622, -0.075037122, -0.014633009;
 -0.0018206157, 0.99995804, -0.0089791222, -0.011287793;
 0.075023718, 0.0090904152, 0.99714029, -0.074167684;
 0, 0, 0, 1]
Ow:
[0.020135531;
 0.011978241;
 0.072756216]
Keyframe: 15 Frame: 256 Frame from vFrameID : 257
Tcw:
[0.99656498, 0.0045663789, 0.082688421, 0.021369027;
 -0.0055513773, 0.99991632, 0.011686177, 0.013135633;
 -0.082628138, -0.01210507, 0.99650693, 0.077688657;
 0, 0, 0, 1]
Twc:
[0.99656498, -0.0055513773, -0.082628138, -0.014803434;
 0.0045663789, 0.99991632, -0.01210507, -0.012291687;
 0.082688421, 0.011686177, 0.99650693, -0.079337761;
 0, 0, 0, 1]
Ow:
[0.021369027;
 0.013135633;
 0.077688657]
Keyframe: 16 Frame: 260 Frame from vFrameID : 261
Tcw:
[0.99831557, 0.0046821022, 0.057828527, 0.023429371;
 -0.0054581519, 0.99989706, 0.013269184, 0.014385803;
 -0.057760447, -0.01356247, 0.99823833, 0.082415588;
 0, 0, 0, 1]
Twc:
[0.99831557, -0.0054581519, -0.057760447, -0.018551024;
 0.0046821022, 0.99989706, -0.01356247, -0.013376261;
 0.057828527, 0.013269184, 0.99823833, -0.083816171;
 0, 0, 0, 1]
Ow:
[0.023429371;
 0.014385803;
 0.082415588]
Keyframe: 17 Frame: 264 Frame from vFrameID : 265
Tcw:
[0.99951965, 0.012516421, 0.028350778, 0.028992632;
 -0.012624468, 0.99991369, 0.0036352864, 0.014611422;
 -0.02830283, -0.0039914534, 0.99959141, 0.085893035;
 0, 0, 0, 1]
Twc:
[0.99951965, -0.012624468, -0.02830283, -0.026363229;
 0.012516421, 0.99991369, -0.0039914534, -0.014630208;
 0.028350778, 0.0036352864, 0.99959141, -0.086733021;
 0, 0, 0, 1]
Ow:
[0.028992632;
 0.014611422;
 0.085893035]
Keyframe: 18 Frame: 268 Frame from vFrameID : 269
Tcw:
[0.999668, 0.015747631, 0.020393696, 0.031504232;
 -0.015994776, 0.99979991, 0.012012739, 0.014532425;
 -0.020200444, -0.012334944, 0.99971986, 0.090270221;
 0, 0, 0, 1]
Twc:
[0.999668, -0.015994776, -0.020200444, -0.029437833;
 0.015747631, 0.99979991, -0.012334944, -0.013912156;
 0.020393696, 0.012012739, 0.99971986, -0.091061994;
 0, 0, 0, 1]
Ow:
[0.031504232;
 0.014532425;
 0.090270221]
Keyframe: 19 Frame: 272 Frame from vFrameID : 273
Tcw:
[0.99986994, 0.014779611, 0.0064521106, 0.031987175;
 -0.014855784, 0.99981856, 0.011922248, 0.015758453;
 -0.0062747337, -0.012016549, 0.99990809, 0.093872905;
 0, 0, 0, 1]
Twc:
[0.99986994, -0.014855784, -0.0062747337, -0.031159885;
 0.014779611, 0.99981856, -0.012016549, -0.015100325;
 0.0064521106, 0.011922248, 0.99990809, -0.094258547;
 0, 0, 0, 1]
Ow:
[0.031987175;
 0.015758453;
 0.093872905]
Keyframe: 20 Frame: 276 Frame from vFrameID : 277
Tcw:
[0.99949974, 0.0006323437, 0.031621661, 0.033230118;
 -0.0007975084, 0.99998611, 0.0052108113, 0.017501879;
 -0.031617928, -0.0052334229, 0.99948633, 0.1023289;
 0, 0, 0, 1]
Twc:
[0.99949974, -0.0007975084, -0.031617928, -0.029964106;
 0.0006323437, 0.99998611, -0.0052334229, -0.016987119;
 0.031621661, 0.0052108113, 0.99948633, -0.10341833;
 0, 0, 0, 1]
Ow:
[0.033230118;
 0.017501879;
 0.1023289]
Keyframe: 21 Frame: 281 Frame from vFrameID : 282
Tcw:
[0.99842685, -0.0010594408, 0.05605986, 0.03382441;
 0.0015582335, 0.99995959, -0.0088545401, 0.01823822;
 -0.056048211, 0.0089279646, 0.99838817, 0.10868268;
 0, 0, 0, 1]
Twc:
[0.99842685, 0.0015582335, -0.056048211, -0.02770815;
 -0.0010594408, 0.99995959, 0.0089279646, -0.019171963;
 0.05605986, -0.0088545401, 0.99838817, -0.1102422;
 0, 0, 0, 1]
Ow:
[0.03382441;
 0.01823822;
 0.10868268]
Keyframe: 22 Frame: 285 Frame from vFrameID : 286
Tcw:
[0.99763691, -0.014003185, 0.067264818, 0.033517677;
 0.014160014, 0.99989802, -0.0018552804, 0.021357102;
 -0.067231983, 0.0028033669, 0.99773341, 0.11328903;
 0, 0, 0, 1]
Twc:
[0.99763691, 0.014160014, -0.067231983, -0.026124241;
 -0.014003185, 0.99989802, 0.0028033669, -0.021203162;
 0.067264818, -0.0018552804, 0.99773341, -0.11524719;
 0, 0, 0, 1]
Ow:
[0.033517677;
 0.021357102;
 0.11328903]
Keyframe: 23 Frame: 289 Frame from vFrameID : 290
Tcw:
[0.99765581, -0.0045412197, 0.068281077, 0.037746772;
 0.0049910136, 0.99996692, -0.0064182347, 0.021382201;
 -0.068249673, 0.0067439806, 0.9976455, 0.12037133;
 0, 0, 0, 1]
Twc:
[0.99765581, 0.0049910136, -0.068249673, -0.029549699;
 -0.0045412197, 0.99996692, 0.0067439806, -0.022021862;
 0.068281077, -0.0064182347, 0.9976455, -0.12252807;
 0, 0, 0, 1]
Ow:
[0.037746772;
 0.021382201;
 0.12037133]
Keyframe: 24 Frame: 293 Frame from vFrameID : 294
Tcw:
[0.99869919, 0.0066943397, 0.050548129, 0.039799422;
 -0.0059934161, 0.99988395, -0.014005331, 0.022913961;
 -0.05063602, 0.013684157, 0.99862343, 0.12312898;
 0, 0, 0, 1]
Twc:
[0.99869919, -0.0059934161, -0.05063602, -0.033375558;
 0.0066943397, 0.99988395, 0.013684157, -0.024862649;
 0.050548129, -0.014005331, 0.99862343, -0.12465035;
 0, 0, 0, 1]
Ow:
[0.039799422;
 0.022913961;
 0.12312898]
Keyframe: 25 Frame: 298 Frame from vFrameID : 299
Tcw:
[0.99997705, 0.0020036935, -0.0064704721, 0.043488834;
 -0.0020336949, 0.99998719, -0.0046334239, 0.021946626;
 0.0064611053, 0.0046464764, 0.99996835, 0.12890042;
 0, 0, 0, 1]
Twc:
[0.99997705, -0.0020336949, 0.0064611053, -0.044276044;
 0.0020036935, 0.99998719, 0.0046464764, -0.022632416;
 -0.0064704721, -0.0046334239, 0.99996835, -0.12851326;
 0, 0, 0, 1]
Ow:
[0.043488834;
 0.021946626;
 0.12890042]
Keyframe: 26 Frame: 302 Frame from vFrameID : 303
Tcw:
[0.9996835, 0.024618097, -0.0051872893, 0.05161785;
 -0.024649145, 0.99967808, -0.0060091293, 0.020073585;
 0.0050376863, 0.0061350893, 0.99996847, 0.13456517;
 0, 0, 0, 1]
Twc:
[0.9996835, -0.024649145, 0.0050376863, -0.051784612;
 0.024618097, 0.99967808, 0.0061350893, -0.022163428;
 -0.0051872893, -0.0060091293, 0.99996847, -0.13417256;
 0, 0, 0, 1]
Ow:
[0.05161785;
 0.020073585;
 0.13456517]
Keyframe: 27 Frame: 307 Frame from vFrameID : 308
Tcw:
[0.99956101, 0.0036529228, -0.029401662, 0.051377494;
 -0.0031729247, 0.99986118, 0.016355669, 0.021031678;
 0.029457327, -0.0162552, 0.99943388, 0.14189823;
 0, 0, 0, 1]
Twc:
[0.99956101, -0.0031729247, 0.029457327, -0.055468146;
 0.0036529228, 0.99986118, -0.0162552, -0.018909851;
 -0.029401662, 0.016355669, 0.99943388, -0.1406513;
 0, 0, 0, 1]
Ow:
[0.051377494;
 0.021031678;
 0.14189823]
Keyframe: 28 Frame: 312 Frame from vFrameID : 313
Tcw:
[0.99974817, -0.011189884, -0.019450873, 0.052379414;
 0.011885392, 0.99928051, 0.036017261, 0.023092542;
 0.019033849, -0.036239374, 0.99916184, 0.14809649;
 0, 0, 0, 1]
Twc:
[0.99974817, 0.011885392, 0.019033849, -0.055459537;
 -0.011189884, 0.99928051, -0.036239374, -0.017122881;
 -0.019450873, 0.036017261, 0.99916184, -0.14778528;
 0, 0, 0, 1]
Ow:
[0.052379414;
 0.023092542;
 0.14809649]
Keyframe: 29 Frame: 317 Frame from vFrameID : 318
Tcw:
[0.99981886, -0.012289085, 0.014533258, 0.053109434;
 0.012669194, 0.99957228, -0.026358102, 0.024037847;
 -0.014203125, 0.026537452, 0.99954689, 0.1589417;
 0, 0, 0, 1]
Twc:
[0.99981886, 0.012669194, -0.014203125, -0.051146887;
 -0.012289085, 0.99957228, 0.026537452, -0.027592806;
 0.014533258, -0.026358102, 0.99954689, -0.15900795;
 0, 0, 0, 1]
Ow:
[0.053109434;
 0.024037847;
 0.1589417]
Keyframe: 30 Frame: 322 Frame from vFrameID : 323
Tcw:
[0.99991065, -0.0033395558, 0.012943422, 0.058115195;
 0.0037157109, 0.99956822, -0.029147241, 0.027317517;
 -0.012840495, 0.029192731, 0.99949133, 0.16108304;
 0, 0, 0, 1]
Twc:
[0.99991065, 0.0037157109, -0.012840495, -0.056143124;
 -0.0033395558, 0.99956822, 0.029192731, -0.031814095;
 0.012943422, -0.029147241, 0.99949133, -0.16095707;
 0, 0, 0, 1]
Ow:
[0.058115195;
 0.027317517;
 0.16108304]
Keyframe: 31 Frame: 327 Frame from vFrameID : 328
Tcw:
[0.99997544, 0.006304719, -0.0030521133, 0.062353253;
 -0.0062951795, 0.99997532, 0.0031251118, 0.027908416;
 0.003071741, -0.0031058216, 0.99999046, 0.17082465;
 0, 0, 0, 1]
Twc:
[0.99997544, -0.0062951795, 0.003071741, -0.062700771;
 0.006304719, 0.99997532, -0.0031058216, -0.027770296;
 -0.0030521133, 0.0031251118, 0.99999046, -0.17071992;
 0, 0, 0, 1]
Ow:
[0.062353253;
 0.027908416;
 0.17082465]
Keyframe: 32 Frame: 332 Frame from vFrameID : 333
Tcw:
[0.99841338, 0.031764273, -0.046494093, 0.068901509;
 -0.031373385, 0.99946618, 0.0091131004, 0.026573762;
 0.046758745, -0.0076399646, 0.99887699, 0.17466052;
 0, 0, 0, 1]
Twc:
[0.99841338, -0.031373385, 0.046758745, -0.076125391;
 0.031764273, 0.99946618, -0.0076399646, -0.027413784;
 -0.046494093, 0.0091131004, 0.99887699, -0.17150302;
 0, 0, 0, 1]
Ow:
[0.068901509;
 0.026573762;
 0.17466052]
Keyframe: 33 Frame: 338 Frame from vFrameID : 339
Tcw:
[0.99780005, 0.033924505, -0.05695786, 0.070308737;
 -0.033814378, 0.99942392, 0.0028964053, 0.02947823;
 0.057023309, -0.00096403871, 0.99837238, 0.18237887;
 0, 0, 0, 1]
Twc:
[0.99780005, -0.033814378, 0.057023309, -0.079557121;
 0.033924505, 0.99942392, -0.00096403871, -0.031670619;
 -0.05695786, 0.0028964053, 0.99837238, -0.17816277;
 0, 0, 0, 1]
Ow:
[0.070308737;
 0.02947823;
 0.18237887]
Keyframe: 34 Frame: 343 Frame from vFrameID : 344
Tcw:
[0.99982923, 0.016373029, 0.0085689249, 0.073014423;
 -0.016532177, 0.99968576, 0.018843709, 0.031810597;
 -0.0082577039, -0.018982153, 0.99978572, 0.19045489;
 0, 0, 0, 1]
Twc:
[0.99982923, -0.016532177, -0.0082577039, -0.070903331;
 0.016373029, 0.99968576, -0.018982153, -0.029380823;
 0.0085689249, 0.018843709, 0.99978572, -0.19163917;
 0, 0, 0, 1]
Ow:
[0.073014423;
 0.031810597;
 0.19045489]
Keyframe: 35 Frame: 349 Frame from vFrameID : 350
Tcw:
[0.99722606, 0.038218956, 0.063871123, 0.07374572;
 -0.0388203, 0.99921256, 0.0082001351, 0.033319358;
 -0.06350743, -0.010656884, 0.99792445, 0.19876358;
 0, 0, 0, 1]
Twc:
[0.99722606, -0.0388203, -0.06350743, -0.059624724;
 0.038218956, 0.99921256, -0.010656884, -0.033993404;
 0.063871123, 0.0082001351, 0.99792445, -0.20333448;
 0, 0, 0, 1]
Ow:
[0.07374572;
 0.033319358;
 0.19876358]
Keyframe: 36 Frame: 354 Frame from vFrameID : 355
Tcw:
[0.99707299, 0.035527166, 0.067699544, 0.074013114;
 -0.034998149, 0.99934697, -0.0089846253, 0.034697957;
 -0.06797453, 0.0065889689, 0.99766529, 0.2016039;
 0, 0, 0, 1]
Twc:
[0.99707299, -0.034998149, -0.06797453, -0.058878183;
 0.035527166, 0.99934697, 0.0065889689, -0.038633134;
 0.067699544, -0.0089846253, 0.99766529, -0.20583212;
 0, 0, 0, 1]
Ow:
[0.074013114;
 0.034697957;
 0.2016039]
Keyframe: 37 Frame: 359 Frame from vFrameID : 360
Tcw:
[0.99533308, 0.040781457, 0.08745797, 0.07633549;
 -0.041801803, 0.9990772, 0.0098664071, 0.036465384;
 -0.086974896, -0.013476263, 0.99611932, 0.20680189;
 0, 0, 0, 1]
Twc:
[0.99533308, -0.041801803, -0.086974896, -0.056468345;
 0.040781457, 0.9990772, -0.013476263, -0.036757886;
 0.08745797, 0.0098664071, 0.99611932, -0.2130353;
 0, 0, 0, 1]
Ow:
[0.07633549;
 0.036465384;
 0.20680189]
Keyframe: 38 Frame: 364 Frame from vFrameID : 365
Tcw:
[0.99721235, 0.043526333, 0.060604744, 0.076672524;
 -0.04475015, 0.9988178, 0.018984122, 0.037353378;
 -0.059706789, -0.021643272, 0.99798131, 0.20936999;
 0, 0, 0, 1]
Twc:
[0.99721235, -0.04475015, -0.059706789, -0.06228641;
 0.043526333, 0.9988178, -0.021643272, -0.036115043;
 0.060604744, 0.018984122, 0.99798131, -0.21430317;
 0, 0, 0, 1]
Ow:
[0.076672524;
 0.037353378;
 0.20936999]
Keyframe: 39 Frame: 369 Frame from vFrameID : 370
Tcw:
[0.99777073, 0.055381179, 0.037235234, 0.080512658;
 -0.056942895, 0.99748188, 0.042278036, 0.037508838;
 -0.034800064, -0.044304069, 0.99841177, 0.21189123;
 0, 0, 0, 1]
Twc:
[0.99777073, -0.056942895, -0.034800064, -0.070823483;
 0.055381179, 0.99748188, -0.044304069, -0.03248563;
 0.037235234, 0.042278036, 0.99841177, -0.21613842;
 0, 0, 0, 1]
Ow:
[0.080512658;
 0.037508838;
 0.21189123]
Keyframe: 40 Frame: 375 Frame from vFrameID : 376
Tcw:
[0.99856597, 0.048877206, 0.021840582, 0.081398241;
 -0.050047558, 0.99713546, 0.056710612, 0.038680926;
 -0.019006161, -0.057722356, 0.99815172, 0.21520346;
 0, 0, 0, 1]
Twc:
[0.99856597, -0.050047558, -0.019006161, -0.075255439;
 0.048877206, 0.99713546, -0.057722356, -0.030126588;
 0.021840582, 0.056710612, 0.99815172, -0.21877712;
 0, 0, 0, 1]
Ow:
[0.081398241;
 0.038680926;
 0.21520346]
Keyframe: 41 Frame: 380 Frame from vFrameID : 381
Tcw:
[0.99879807, 0.043163896, 0.023222102, 0.083011255;
 -0.04422022, 0.99791181, 0.047080569, 0.039382346;
 -0.02114143, -0.048050869, 0.99862111, 0.2196593;
 0, 0, 0, 1]
Twc:
[0.99879807, -0.04422022, -0.02114143, -0.076526076;
 0.043163896, 0.99791181, -0.048050869, -0.032328375;
 0.023222102, 0.047080569, 0.99862111, -0.22313826;
 0, 0, 0, 1]
Ow:
[0.083011255;
 0.039382346;
 0.2196593]
Keyframe: 42 Frame: 386 Frame from vFrameID : 387
Tcw:
[0.99915999, 0.029107904, 0.028844863, 0.083273888;
 -0.029531574, 0.99946052, 0.014372264, 0.040131342;
 -0.028410954, -0.015212025, 0.99948055, 0.22591084;
 0, 0, 0, 1]
Twc:
[0.99915999, -0.029531574, -0.028410954, -0.075600453;
 0.029107904, 0.99946052, -0.015212025, -0.03909706;
 0.028844863, 0.014372264, 0.99948055, -0.22877231;
 0, 0, 0, 1]
Ow:
[0.083273888;
 0.040131342;
 0.22591084]
Keyframe: 43 Frame: 392 Frame from vFrameID : 393
Tcw:
[0.99931651, 0.011269771, 0.035206143, 0.08440008;
 -0.011585381, 0.99989438, 0.0087734945, 0.041112166;
 -0.035103552, -0.0091753742, 0.99934155, 0.22984155;
 0, 0, 0, 1]
Twc:
[0.99931651, -0.011585381, -0.035103552, -0.075797834;
 0.011269771, 0.99989438, -0.0091753742, -0.039950114;
 0.035206143, 0.0087734945, 0.99934155, -0.23302232;
 0, 0, 0, 1]
Ow:
[0.08440008;
 0.041112166;
 0.22984155]
Keyframe: 44 Frame: 397 Frame from vFrameID : 398
Tcw:
[0.99880862, 0.017568788, 0.045527235, 0.086660534;
 -0.017705979, 0.99983984, 0.0026118355, 0.042417448;
 -0.045474052, -0.0034148279, 0.99895966, 0.23314057;
 0, 0, 0, 1]
Twc:
[0.99880862, -0.017705979, -0.045474052, -0.075204387;
 0.017568788, 0.99983984, -0.0034148279, -0.04313704;
 0.045527235, 0.0026118355, 0.99895966, -0.23695424;
 0, 0, 0, 1]
Ow:
[0.086660534;
 0.042417448;
 0.23314057]
Keyframe: 45 Frame: 403 Frame from vFrameID : 404
Tcw:
[0.99860632, 0.041295957, 0.032863587, 0.091341145;
 -0.041109696, 0.9991346, -0.0063236277, 0.0425069;
 -0.033096287, 0.0049638026, 0.99943984, 0.23584127;
 0, 0, 0, 1]
Twc:
[0.99860632, -0.041109696, -0.033096287, -0.081660926;
 0.041295957, 0.9991346, 0.0049638026, -0.047412805;
 0.032863587, -0.0063236277, 0.99943984, -0.23844217;
 0, 0, 0, 1]
Ow:
[0.091341145;
 0.0425069;
 0.23584127]
Keyframe: 46 Frame: 409 Frame from vFrameID : 410
Tcw:
[0.99904817, 0.027551539, 0.033818871, 0.092218399;
 -0.02763507, 0.99961609, 0.0020048898, 0.043994218;
 -0.033750646, -0.0029375681, 0.99942595, 0.23876229;
 0, 0, 0, 1]
Twc:
[0.99904817, -0.02763507, -0.033750646, -0.082856454;
 0.027551539, 0.99961609, -0.0029375681, -0.045816705;
 0.033818871, 0.0020048898, 0.99942595, -0.24183215;
 0, 0, 0, 1]
Ow:
[0.092218399;
 0.043994218;
 0.23876229]
Keyframe: 47 Frame: 416 Frame from vFrameID : 417
Tcw:
[0.99881047, 0.020197507, 0.044381898, 0.092697121;
 -0.021013645, 0.99961716, 0.018000007, 0.04433848;
 -0.044001352, -0.01891122, 0.99885249, 0.24464926;
 0, 0, 0, 1]
Twc:
[0.99881047, -0.021013645, -0.044001352, -0.080890238;
 0.020197507, 0.99961716, -0.01891122, -0.041567139;
 0.044381898, 0.018000007, 0.99885249, -0.24928069;
 0, 0, 0, 1]
Ow:
[0.092697121;
 0.04433848;
 0.24464926]
Keyframe: 48 Frame: 421 Frame from vFrameID : 422
Tcw:
[0.99885225, 0.022112964, 0.042487092, 0.094144128;
 -0.021899328, 0.99974513, -0.0054871864, 0.045357876;
 -0.042597599, 0.00455045, 0.99908197, 0.24902813;
 0, 0, 0, 1]
Twc:
[0.99885225, -0.021899328, -0.042597599, -0.082434766;
 0.022112964, 0.99974513, 0.00455045, -0.048561309;
 0.042487092, -0.0054871864, 0.99908197, -0.25255054;
 0, 0, 0, 1]
Ow:
[0.094144128;
 0.045357876;
 0.24902813]
Keyframe: 49 Frame: 427 Frame from vFrameID : 428
Tcw:
[0.99853104, 0.017250931, 0.051363278, 0.094149388;
 -0.016626457, 0.99978286, -0.012560573, 0.046996683;
 -0.05156881, 0.011688133, 0.99860102, 0.2514824;
 0, 0, 0, 1]
Twc:
[0.99853104, -0.016626457, -0.05156881, -0.080261044;
 0.017250931, 0.99978286, 0.011688133, -0.051550005;
 0.051363278, -0.012560573, 0.99860102, -0.2553761;
 0, 0, 0, 1]
Ow:
[0.094149388;
 0.046996683;
 0.2514824]
Keyframe: 50 Frame: 432 Frame from vFrameID : 433
Tcw:
[0.99774086, 0.024708733, 0.062471412, 0.095847145;
 -0.024861231, 0.99968952, 0.0016648228, 0.047492519;
 -0.06241088, -0.0032141779, 0.99804538, 0.25438964;
 0, 0, 0, 1]
Twc:
[0.99774086, -0.024861231, -0.06241088, -0.078573212;
 0.024708733, 0.99968952, -0.0032141779, -0.049028382;
 0.062471412, 0.0016648228, 0.99804538, -0.25995919;
 0, 0, 0, 1]
Ow:
[0.095847145;
 0.047492519;
 0.25438964]
Keyframe: 51 Frame: 437 Frame from vFrameID : 438
Tcw:
[0.99857515, 0.033338223, 0.041668624, 0.097646952;
 -0.03319611, 0.99944043, -0.00409796, 0.047197536;
 -0.041781928, 0.0027088847, 0.9991231, 0.25710839;
 0, 0, 0, 1]
Twc:
[0.99857515, -0.03319611, -0.041781928, -0.085198551;
 0.033338223, 0.99944043, 0.0027088847, -0.051122978;
 0.041668624, -0.00409796, 0.9991231, -0.26075834;
 0, 0, 0, 1]
Ow:
[0.097646952;
 0.047197536;
 0.25710839]
Keyframe: 52 Frame: 442 Frame from vFrameID : 443
Tcw:
[0.99916959, 0.015325813, 0.037752427, 0.099764265;
 -0.016126903, 0.99964923, 0.021007217, 0.048175842;
 -0.037417233, -0.021598602, 0.99906629, 0.25858819;
 0, 0, 0, 1]
Twc:
[0.99916959, -0.016126903, -0.037417233, -0.089228839;
 0.015325813, 0.99964923, -0.021598602, -0.044102773;
 0.037752427, 0.021007217, 0.99906629, -0.26312515;
 0, 0, 0, 1]
Ow:
[0.099764265;
 0.048175842;
 0.25858819]
Keyframe: 53 Frame: 447 Frame from vFrameID : 448
Tcw:
[0.9975062, 0.0043347143, 0.070445582, 0.099588037;
 -0.0071254591, 0.9991976, 0.039412744, 0.049373385;
 -0.070218213, -0.039816417, 0.99673671, 0.26095599;
 0, 0, 0, 1]
Twc:
[0.9975062, -0.0071254591, -0.070218213, -0.080664016;
 0.0043347143, 0.9991976, -0.039816417, -0.039375123;
 0.070445582, 0.039412744, 0.99673671, -0.26906589;
 0, 0, 0, 1]
Ow:
[0.099588037;
 0.049373385;
 0.26095599]
Keyframe: 54 Frame: 452 Frame from vFrameID : 453
Tcw:
[0.99532616, 9.7502103e-05, 0.096570492, 0.099750765;
 -0.0039541991, 0.99920201, 0.039746027, 0.049912747;
 -0.096489556, -0.039942119, 0.99453223, 0.26534936;
 0, 0, 0, 1]
Twc:
[0.99532616, -0.0039541991, -0.096489556, -0.073483735;
 9.7502103e-05, 0.99920201, -0.039942119, -0.039284024;
 0.096570492, 0.039746027, 0.99453223, -0.27551532;
 0, 0, 0, 1]
Ow:
[0.099750765;
 0.049912747;
 0.26534936]
Keyframe: 55 Frame: 457 Frame from vFrameID : 458
Tcw:
[0.99557704, -0.0073620994, 0.093660042, 0.099345148;
 0.0057653594, 0.99983358, 0.017307431, 0.05086733;
 -0.093771875, -0.016690897, 0.99545377, 0.26760188;
 0, 0, 0, 1]
Twc:
[0.99557704, 0.0057653594, -0.093771875, -0.074105479;
 -0.0073620994, 0.99983358, -0.016690897, -0.045660961;
 0.093660042, 0.017307431, 0.99545377, -0.27657038;
 0, 0, 0, 1]
Ow:
[0.099345148;
 0.05086733;
 0.26760188]
Keyframe: 56 Frame: 462 Frame from vFrameID : 463
Tcw:
[0.99463189, -0.010301424, 0.1029626, 0.10033171;
 0.0075927023, 0.99961561, 0.02666522, 0.051500041;
 -0.10319771, -0.025740312, 0.99432772, 0.27063212;
 0, 0, 0, 1]
Twc:
[0.99463189, 0.0075927023, -0.10319771, -0.072255529;
 -0.010301424, 0.99961561, -0.025740312, -0.043480523;
 0.1029626, 0.02666522, 0.99432772, -0.2808007;
 0, 0, 0, 1]
Ow:
[0.10033171;
 0.051500041;
 0.27063212]
Keyframe: 57 Frame: 467 Frame from vFrameID : 468
Tcw:
[0.99383855, -0.019237794, 0.10915505, 0.10081495;
 0.016704192, 0.99957049, 0.024078229, 0.052117791;
 -0.10957138, -0.022106526, 0.99373305, 0.27366069;
 0, 0, 0, 1]
Twc:
[0.99383855, 0.016704192, -0.10957138, -0.071079001;
 -0.019237794, 0.99957049, -0.022106526, -0.044106264;
 0.10915505, 0.024078229, 0.99373305, -0.28420505;
 0, 0, 0, 1]
Ow:
[0.10081495;
 0.052117791;
 0.27366069]
Keyframe: 58 Frame: 472 Frame from vFrameID : 473
Tcw:
[0.99512231, -0.0073994566, 0.098370992, 0.10488987;
 0.0057099434, 0.9998315, 0.017445367, 0.052875362;
 -0.098483503, -0.016798582, 0.99499691, 0.27654308;
 0, 0, 0, 1]
Twc:
[0.99512231, 0.0057099434, -0.098483503, -0.077445224;
 -0.0073994566, 0.9998315, -0.016798582, -0.047444798;
 0.098370992, 0.017445367, 0.99499691, -0.28640005;
 0, 0, 0, 1]
Ow:
[0.10488987;
 0.052875362;
 0.27654308]
Keyframe: 59 Frame: 477 Frame from vFrameID : 478
Tcw:
[0.99420226, 0.0064862133, 0.10733021, 0.10700375;
 -0.0092150038, 0.99964631, 0.024947859, 0.053383555;
 -0.10713043, -0.025792265, 0.99391037, 0.27932784;
 0, 0, 0, 1]
Twc:
[0.99420226, -0.0092150038, -0.10713043, -0.075966924;
 0.0064862133, 0.99964631, -0.025792265, -0.046854224;
 0.10733021, 0.024947859, 0.99391037, -0.29044336;
 0, 0, 0, 1]
Ow:
[0.10700375;
 0.053383555;
 0.27932784]
Keyframe: 60 Frame: 482 Frame from vFrameID : 483
Tcw:
[0.99491256, -0.0004671819, 0.10074133, 0.10715224;
 -0.0033835017, 0.99927014, 0.038049221, 0.054888256;
 -0.10068558, -0.038196504, 0.99418479, 0.28161097;
 0, 0, 0, 1]
Twc:
[0.99491256, -0.0033835017, -0.10068558, -0.078067228;
 -0.0004671819, 0.99927014, -0.038196504, -0.044041581;
 0.10074133, 0.038049221, 0.99418479, -0.29285645;
 0, 0, 0, 1]
Ow:
[0.10715224;
 0.054888256;
 0.28161097]
Keyframe: 61 Frame: 487 Frame from vFrameID : 488
Tcw:
[0.99492389, 0.01296935, 0.099790879, 0.10948943;
 -0.019758629, 0.99753374, 0.067350537, 0.05450321;
 -0.098671272, -0.068980388, 0.99272639, 0.28530559;
 0, 0, 0, 1]
Twc:
[0.99492389, -0.019758629, -0.098671272, -0.079705283;
 0.01296935, 0.99753374, -0.068980388, -0.036108308;
 0.099790879, 0.067350537, 0.99272639, -0.29782724;
 0, 0, 0, 1]
Ow:
[0.10948943;
 0.05450321;
 0.28530559]
Keyframe: 62 Frame: 492 Frame from vFrameID : 493
Tcw:
[0.99635166, 0.024201019, 0.081839249, 0.10994568;
 -0.028234223, 0.99842459, 0.048489239, 0.054816574;
 -0.080536827, -0.050623, 0.99546528, 0.28883657;
 0, 0, 0, 1]
Twc:
[0.99635166, -0.028234223, -0.080536827, -0.084734872;
 0.024201019, 0.99842459, -0.050623, -0.042769235;
 0.081839249, 0.048489239, 0.99546528, -0.29918268;
 0, 0, 0, 1]
Ow:
[0.10994568;
 0.054816574;
 0.28883657]
Keyframe: 63 Frame: 498 Frame from vFrameID : 499
Tcw:
[0.99792171, 0.0083768154, 0.063891567, 0.11020847;
 -0.010762669, 0.99925399, 0.037089955, 0.055633377;
 -0.063533209, -0.037700512, 0.99726737, 0.29170659;
 0, 0, 0, 1]
Twc:
[0.99792171, -0.010762669, -0.063533209, -0.090847597;
 0.0083768154, 0.99925399, -0.037700512, -0.045517579;
 0.063891567, 0.037089955, 0.99726737, -0.30001429;
 0, 0, 0, 1]
Ow:
[0.11020847;
 0.055633377;
 0.29170659]
Keyframe: 64 Frame: 503 Frame from vFrameID : 504
Tcw:
[0.99710023, 0.00045660752, 0.076098233, 0.11044949;
 -0.0046512471, 0.99847811, 0.05495327, 0.056430638;
 -0.075957328, -0.055147871, 0.99558485, 0.29556546;
 0, 0, 0, 1]
Twc:
[0.99710023, -0.0046512471, -0.075957328, -0.087416381;
 0.00045660752, 0.99847811, -0.055147871, -0.040095381;
 0.076098233, 0.05495327, 0.99558485, -0.30576655;
 0, 0, 0, 1]
Ow:
[0.11044949;
 0.056430638;
 0.29556546]
Keyframe: 65 Frame: 508 Frame from vFrameID : 509
Tcw:
[0.99789757, -0.016088258, 0.062782355, 0.11235011;
 0.013418373, 0.99899703, 0.042718403, 0.057041951;
 -0.063406654, -0.041786153, 0.99711257, 0.2982139;
 0, 0, 0, 1]
Twc:
[0.99789757, 0.013418373, -0.063406654, -0.093970567;
 -0.016088258, 0.99899703, -0.041786153, -0.042716011;
 0.062782355, 0.042718403, 0.99711257, -0.30684319;
 0, 0, 0, 1]
Ow:
[0.11235011;
 0.057041951;
 0.2982139]
Keyframe: 66 Frame: 514 Frame from vFrameID : 515
Tcw:
[0.99892056, -0.0042042104, 0.046260759, 0.11597223;
 0.0016866447, 0.9985218, 0.054326206, 0.057104975;
 -0.046420775, -0.05418954, 0.99745107, 0.30113453;
 0, 0, 0, 1]
Twc:
[0.99892056, 0.0016866447, -0.046420775, -0.10196446;
 -0.0042042104, 0.9985218, -0.05418954, -0.04021465;
 0.046260759, 0.054326206, 0.99745107, -0.3088342;
 0, 0, 0, 1]
Ow:
[0.11597223;
 0.057104975;
 0.30113453]
Keyframe: 67 Frame: 520 Frame from vFrameID : 521
Tcw:
[0.99971175, 0.0023637395, 0.023890782, 0.11558428;
 -0.0034567786, 0.99894398, 0.045814272, 0.057443935;
 -0.02375726, -0.045883656, 0.99866426, 0.30308577;
 0, 0, 0, 1]
Twc:
[0.99971175, -0.0034567786, -0.02375726, -0.10815191;
 0.0023637395, 0.99894398, -0.045883656, -0.043749806;
 0.023890782, 0.045814272, 0.99866426, -0.30807409;
 0, 0, 0, 1]
Ow:
[0.11558428;
 0.057443935;
 0.30308577]
Keyframe: 68 Frame: 525 Frame from vFrameID : 526
Tcw:
[0.99995333, -0.0063126478, 0.0073113409, 0.11625476;
 0.0060258214, 0.99923623, 0.038609348, 0.057884675;
 -0.0075494838, -0.03856349, 0.99922764, 0.30614787;
 0, 0, 0, 1]
Twc:
[0.99995333, 0.0060258214, -0.0075494838, -0.11428688;
 -0.0063126478, 0.99923623, -0.03856349, -0.045300458;
 0.0073113409, 0.038609348, 0.99922764, -0.30899629;
 0, 0, 0, 1]
Ow:
[0.11625476;
 0.057884675;
 0.30614787]
Keyframe: 69 Frame: 530 Frame from vFrameID : 531
Tcw:
[0.99994868, 0.0034563993, -0.0095260357, 0.11660101;
 -0.0031733261, 0.99955761, 0.029572329, 0.058605172;
 0.0096240351, -0.029540582, 0.99951726, 0.30930582;
 0, 0, 0, 1]
Twc:
[0.99994868, -0.0031733261, 0.0096240351, -0.11938582;
 0.0034563993, 0.99955761, -0.029540582, -0.049845189;
 -0.0095260357, 0.029572329, 0.99951726, -0.30977884;
 0, 0, 0, 1]
Ow:
[0.11660101;
 0.058605172;
 0.30930582]
Keyframe: 70 Frame: 536 Frame from vFrameID : 537
Tcw:
[0.99997896, -0.0033771463, 0.0055396045, 0.11663974;
 0.0031417101, 0.99911386, 0.041972224, 0.059945509;
 -0.0056764418, -0.041953936, 0.99910343, 0.31419632;
 0, 0, 0, 1]
Twc:
[0.99997896, 0.0031417101, -0.0056764418, -0.1150421;
 -0.0033771463, 0.99911386, -0.041953936, -0.046316706;
 0.0055396045, 0.041972224, 0.99910343, -0.3170768;
 0, 0, 0, 1]
Ow:
[0.11663974;
 0.059945509;
 0.31419632]
Keyframe: 71 Frame: 543 Frame from vFrameID : 544
Tcw:
[0.99967158, 0.0005900652, -0.025619155, 0.11801273;
 0.00055509864, 0.99900168, 0.044669405, 0.060558032;
 0.025619937, -0.044668958, 0.99867326, 0.31845683;
 0, 0, 0, 1]
Twc:
[0.99967158, 0.00055509864, 0.025619937, -0.12616645;
 0.0005900652, 0.99900168, -0.044668958, -0.046342075;
 -0.025619155, 0.044669405, 0.99867326, -0.31771603;
 0, 0, 0, 1]
Ow:
[0.11801273;
 0.060558032;
 0.31845683]
Keyframe: 72 Frame: 549 Frame from vFrameID : 550
Tcw:
[0.99773502, -0.020029953, -0.064215459, 0.11882608;
 0.020156967, 0.99979591, 0.0013306105, 0.060932629;
 0.064175703, -0.0026219855, 0.99793518, 0.32152346;
 0, 0, 0, 1]
Twc:
[0.99773502, 0.020156967, 0.064175703, -0.14041916;
 -0.020029953, 0.99979591, -0.0026219855, -0.057697088;
 -0.064215459, 0.0013306105, 0.99793518, -0.31331015;
 0, 0, 0, 1]
Ow:
[0.11882608;
 0.060932629;
 0.32152346]
Keyframe: 73 Frame: 555 Frame from vFrameID : 556
Tcw:
[0.99892384, -0.02537933, -0.038821276, 0.12106524;
 0.025703343, 0.99963862, 0.0078699691, 0.061552856;
 0.038607512, -0.0088593364, 0.99921519, 0.32470298;
 0, 0, 0, 1]
Twc:
[0.99892384, 0.025703343, 0.038607512, -0.13505304;
 -0.02537933, 0.99963862, -0.0088593364, -0.055581406;
 -0.038821276, 0.0078699691, 0.99921519, -0.32023266;
 0, 0, 0, 1]
Ow:
[0.12106524;
 0.061552856;
 0.32470298]
Keyframe: 74 Frame: 561 Frame from vFrameID : 562
Tcw:
[0.99957401, -0.0059890416, 0.028565122, 0.1225291;
 0.0054144855, 0.99978232, 0.020149013, 0.062245253;
 -0.028679576, -0.019985765, 0.99938881, 0.32940817;
 0, 0, 0, 1]
Twc:
[0.99957401, 0.0054144855, -0.028679576, -0.11336663;
 -0.0059890416, 0.99978232, -0.019985765, -0.054914396;
 0.028565122, 0.020149013, 0.99938881, -0.3339611;
 0, 0, 0, 1]
Ow:
[0.1225291;
 0.062245253;
 0.32940817]
Keyframe: 75 Frame: 567 Frame from vFrameID : 568
Tcw:
[0.99828184, -0.0027055321, 0.058532268, 0.12317732;
 0.001519459, 0.99979281, 0.020298602, 0.062773906;
 -0.05857506, -0.020174788, 0.99807912, 0.33358988;
 0, 0, 0, 1]
Twc:
[0.99828184, 0.001519459, -0.05857506, -0.10352102;
 -0.0027055321, 0.99979281, -0.020174788, -0.055697531;
 0.058532268, 0.020298602, 0.99807912, -0.34143317;
 0, 0, 0, 1]
Ow:
[0.12317732;
 0.062773906;
 0.33358988]
Keyframe: 76 Frame: 574 Frame from vFrameID : 575
Tcw:
[0.99718398, -0.007721053, 0.074595332, 0.12454298;
 0.0061001047, 0.99974084, 0.021933345, 0.06361562;
 -0.07474535, -0.021416541, 0.99697262, 0.33737725;
 0, 0, 0, 1]
Twc:
[0.99718398, 0.0061001047, -0.07474535, -0.099362954;
 -0.007721053, 0.99974084, -0.021416541, -0.05541208;
 0.074595332, 0.021933345, 0.99697262, -0.34704152;
 0, 0, 0, 1]
Ow:
[0.12454298;
 0.06361562;
 0.33737725]
Keyframe: 77 Frame: 580 Frame from vFrameID : 581
Tcw:
[0.99823886, 0.014772354, 0.057453953, 0.12772696;
 -0.016538894, 0.99940115, 0.030394059, 0.064224437;
 -0.056970555, -0.031290755, 0.99788541, 0.33965138;
 0, 0, 0, 1]
Twc:
[0.99823886, -0.016538894, -0.056970555, -0.10708968;
 0.014772354, 0.99940115, -0.031290755, -0.055444855;
 0.057453953, 0.030394059, 0.99788541, -0.3482236;
 0, 0, 0, 1]
Ow:
[0.12772696;
 0.064224437;
 0.33965138]
Keyframe: 78 Frame: 586 Frame from vFrameID : 587
Tcw:
[0.99933189, 0.028336355, 0.023082744, 0.12898545;
 -0.029477086, 0.99827999, 0.05067753, 0.064376086;
 -0.021607025, -0.051324084, 0.99844831, 0.34267762;
 0, 0, 0, 1]
Twc:
[0.99933189, -0.029477086, -0.021607025, -0.11959742;
 0.028336355, 0.99827999, -0.051324084, -0.050332718;
 0.023082744, 0.05067753, 0.99844831, -0.34838563;
 0, 0, 0, 1]
Ow:
[0.12898545;
 0.064376086;
 0.34267762]
Keyframe: 79 Frame: 592 Frame from vFrameID : 593
Tcw:
[0.99968988, -0.0064737485, 0.024045397, 0.12980869;
 0.005331229, 0.99886751, 0.047278948, 0.065535784;
 -0.024324236, -0.047136094, 0.99859226, 0.34617165;
 0, 0, 0, 1]
Twc:
[0.99968988, 0.005331229, -0.024324236, -0.12169748;
 -0.0064737485, 0.99886751, -0.047136094, -0.048304036;
 0.024045397, 0.047278948, 0.99859226, -0.35190412;
 0, 0, 0, 1]
Ow:
[0.12980869;
 0.065535784;
 0.34617165]
Keyframe: 80 Frame: 598 Frame from vFrameID : 599
Tcw:
[0.9968549, 0.00027664698, 0.079248004, 0.13064273;
 -0.0040959693, 0.99883723, 0.048036058, 0.064892553;
 -0.07914257, -0.048209574, 0.9956969, 0.3496964;
 0, 0, 0, 1]
Twc:
[0.9968549, -0.0040959693, -0.07914257, -0.10229018;
 0.00027664698, 0.99883723, -0.048209574, -0.047994517;
 0.079248004, 0.048036058, 0.9956969, -0.36166197;
 0, 0, 0, 1]
Ow:
[0.13064273;
 0.064892553;
 0.3496964]
Keyframe: 81 Frame: 604 Frame from vFrameID : 605
Tcw:
[0.9973799, -0.016808912, 0.070361525, 0.13026951;
 0.013127439, 0.99853665, 0.052461505, 0.064913571;
 -0.071140379, -0.051400386, 0.99614108, 0.35286462;
 0, 0, 0, 1]
Twc:
[0.9973799, 0.013127439, -0.071140379, -0.10567743;
 -0.016808912, 0.99853665, -0.051400386, -0.044491511;
 0.070361525, 0.052461505, 0.99614108, -0.36407438;
 0, 0, 0, 1]
Ow:
[0.13026951;
 0.064913571;
 0.35286462]
Keyframe: 82 Frame: 607 Frame from vFrameID : 608
Tcw:
[0.99783981, -0.020599479, 0.062381197, 0.13161513;
 0.018469028, 0.99923271, 0.034538321, 0.065216742;
 -0.063044801, -0.033311594, 0.99745458, 0.35411593;
 0, 0, 0, 1]
Twc:
[0.99783981, 0.018469028, -0.063044801, -0.11021014;
 -0.020599479, 0.99923271, -0.033311594, -0.050659336;
 0.062381197, 0.034538321, 0.99745458, -0.36367738;
 0, 0, 0, 1]
Ow:
[0.13161513;
 0.065216742;
 0.35411593]
Keyframe: 83 Frame: 612 Frame from vFrameID : 613
Tcw:
[0.99869412, -0.023264935, 0.045484554, 0.13278092;
 0.022597322, 0.99963003, 0.015137353, 0.065250188;
 -0.045819897, -0.014089756, 0.99885035, 0.35558298;
 0, 0, 0, 1]
Twc:
[0.99869412, 0.022597322, -0.045819897, -0.11778922;
 -0.023264935, 0.99963003, -0.014089756, -0.057126831;
 0.045484554, 0.015137353, 0.99885035, -0.36220136;
 0, 0, 0, 1]
Ow:
[0.13278092;
 0.065250188;
 0.35558298]
Keyframe: 84 Frame: 617 Frame from vFrameID : 618
Tcw:
[0.99861163, -0.019325074, 0.049003594, 0.13408922;
 0.019046949, 0.99979979, 0.006136266, 0.065363936;
 -0.049112365, -0.0051943776, 0.99877977, 0.35780758;
 0, 0, 0, 1]
Twc:
[0.99861163, 0.019046949, -0.049112365, -0.11757525;
 -0.019325074, 0.99979979, -0.0051943776, -0.060900979;
 0.049003594, 0.006136266, 0.99877977, -0.3643429;
 0, 0, 0, 1]
Ow:
[0.13408922;
 0.065363936;
 0.35780758]
Keyframe: 85 Frame: 622 Frame from vFrameID : 623
Tcw:
[0.99808729, -0.013980106, 0.060218506, 0.13448013;
 0.013995535, 0.99990207, 0.00016556952, 0.065469831;
 -0.060214922, 0.00067753735, 0.99818522, 0.35941562;
 0, 0, 0, 1]
Twc:
[0.99808729, 0.013995535, -0.060214922, -0.11349702;
 -0.013980106, 0.99990207, 0.00067753735, -0.063826889;
 0.060218506, 0.00016556952, 0.99818522, -0.36687237;
 0, 0, 0, 1]
Ow:
[0.13448013;
 0.065469831;
 0.35941562]
Keyframe: 86 Frame: 627 Frame from vFrameID : 628
Tcw:
[0.99681187, -0.013931707, 0.078562237, 0.13521945;
 0.014054992, 0.9999007, -0.0010165081, 0.065988779;
 -0.078540273, 0.002117459, 0.99690866, 0.36054996;
 0, 0, 0, 1]
Twc:
[0.99681187, 0.014054992, -0.078540273, -0.10739814;
 -0.013931707, 0.9999007, 0.002117459, -0.064861834;
 0.078562237, -0.0010165081, 0.99690866, -0.36999145;
 0, 0, 0, 1]
Ow:
[0.13521945;
 0.065988779;
 0.36054996]
Keyframe: 87 Frame: 632 Frame from vFrameID : 633
Tcw:
[0.99365062, 0.0019765601, 0.11249232, 0.13562167;
 -0.0023860056, 0.999991, 0.0035052502, 0.065924823;
 -0.11248438, -0.0037514013, 0.99364638, 0.36408257;
 0, 0, 0, 1]
Twc:
[0.99365062, -0.0023860056, -0.11248438, -0.093649641;
 0.0019765601, 0.999991, -0.0037514013, -0.064826474;
 0.11249232, 0.0035052502, 0.99364638, -0.37725684;
 0, 0, 0, 1]
Ow:
[0.13562167;
 0.065924823;
 0.36408257]
Keyframe: 88 Frame: 638 Frame from vFrameID : 639
Tcw:
[0.99298143, 0.0085440101, 0.11796121, 0.13588551;
 -0.0064292853, 0.99981195, -0.018296206, 0.066899613;
 -0.11809535, 0.017409388, 0.99284965, 0.36636415;
 0, 0, 0, 1]
Twc:
[0.99298143, -0.0064292853, -0.11809535, -0.091235772;
 0.0085440101, 0.99981195, 0.017409388, -0.074426219;
 0.11796121, -0.018296206, 0.99284965, -0.37854972;
 0, 0, 0, 1]
Ow:
[0.13588551;
 0.066899613;
 0.36636415]
Keyframe: 89 Frame: 643 Frame from vFrameID : 644
Tcw:
