Keyframe: 0 Frame: 0 Frame from vFrameID : 185
Tcw:
[1, 0, 0, 0;
 0, 1, 0, 0;
 0, 0, 1, 0;
 0, 0, 0, 1]
Twc:
[1, 0, 0, 0;
 0, 1, 0, 0;
 0, 0, 1, 0;
 0, 0, 0, 1]
Ow:
[0;
 0;
 0]
Keyframe: 1 Frame: 184 Frame from vFrameID : 185
Tcw:
[0.99969655, -0.013877783, 0.02035296, -0.0014072587;
 0.013497896, 0.99973428, 0.018685054, 0.0057335291;
 -0.020606859, -0.018404661, 0.99961823, 0.017239038;
 0, 0, 0, 1]
Twc:
[0.99969655, 0.013497896, -0.020606859, 0.0016846834;
 -0.013877783, 0.99973428, -0.018404661, -0.005434257;
 0.02035296, 0.018685054, 0.99961823, -0.017310945;
 0, 0, 0, 1]
Ow:
[-0.0014072587;
 0.0057335291;
 0.017239038]
Keyframe: 2 Frame: 187 Frame from vFrameID : 188
Tcw:
[0.999843, -0.0098554976, 0.01472526, 0.0018749232;
 0.0095718447, 0.99976963, 0.019210892, 0.0056313006;
 -0.0149112, -0.019066928, 0.99970698, 0.02277929;
 0, 0, 0, 1]
Twc:
[0.999843, 0.0095718447, -0.0149112, -0.0015888643;
 -0.0098554976, 0.99976963, -0.019066928, -0.0051771938;
 0.01472526, 0.019210892, 0.99970698, -0.022908408;
 0, 0, 0, 1]
Ow:
[0.0018749232;
 0.0056313006;
 0.02277929]
Keyframe: 3 Frame: 189 Frame from vFrameID : 190
Tcw:
[0.99994296, -0.0067459177, 0.0082807224, 0.0029375374;
 0.0066168508, 0.99985772, 0.015516056, 0.0054499996;
 -0.0083842138, -0.015460378, 0.99984533, 0.02588376;
 0, 0, 0, 1]
Twc:
[0.99994296, 0.0066168508, -0.0083842138, -0.0027564168;
 -0.0067459177, 0.99985772, -0.015460378, -0.005029235;
 0.0082807224, 0.015516056, 0.99984533, -0.025988644;
 0, 0, 0, 1]
Ow:
[0.0029375374;
 0.0054499996;
 0.02588376]
Keyframe: 4 Frame: 191 Frame from vFrameID : 192
Tcw:
[0.99998713, -0.0023796568, -0.0044796714, 0.0063330466;
 0.0024276176, 0.99993944, 0.010731526, 0.0051993718;
 0.004453863, -0.010742263, 0.99993241, 0.029189132;
 0, 0, 0, 1]
Twc:
[0.99998713, 0.0024276176, 0.004453863, -0.0064755916;
 -0.0023796568, 0.99993944, -0.010742263, -0.0048704292;
 -0.0044796714, 0.010731526, 0.99993241, -0.029214585;
 0, 0, 0, 1]
Ow:
[0.0063330466;
 0.0051993718;
 0.029189132]
Keyframe: 5 Frame: 193 Frame from vFrameID : 194
Tcw:
[0.9998284, 0.0060669389, -0.017503606, 0.010195118;
 -0.0060371459, 0.99998021, 0.0017544486, 0.0044624554;
 0.017513903, -0.0016484758, 0.99984527, 0.032125354;
 0, 0, 0, 1]
Twc:
[0.9998284, -0.0060371459, 0.017513903, -0.010729069;
 0.0060669389, 0.99998021, -0.0016484758, -0.0044712629;
 -0.017503606, 0.0017544486, 0.99984527, -0.031949759;
 0, 0, 0, 1]
Ow:
[0.010195118;
 0.0044624554;
 0.032125354]
Keyframe: 6 Frame: 196 Frame from vFrameID : 197
Tcw:
[0.99951839, 0.0050003356, -0.030626886, 0.0127399;
 -0.0052711982, 0.99994767, -0.0087696081, 0.006496666;
 0.030581431, 0.0089268256, 0.99949241, 0.035171308;
 0, 0, 0, 1]
Twc:
[0.99951839, -0.0052711982, 0.030581431, -0.013775107;
 0.0050003356, 0.99994767, 0.0089268256, -0.0068739983;
 -0.030626886, -0.0087696081, 0.99949241, -0.034706298;
 0, 0, 0, 1]
Ow:
[0.0127399;
 0.006496666;
 0.035171308]
Keyframe: 7 Frame: 199 Frame from vFrameID : 200
Tcw:
[0.99957144, 0.00051715615, -0.029268524, 0.012294302;
 -0.00052305893, 0.99999982, -0.00019402157, 0.0075345072;
 0.029268418, 0.00020924759, 0.99957156, 0.037415646;
 0, 0, 0, 1]
Twc:
[0.99957144, -0.00052305893, 0.029268418, -0.013380188;
 0.00051715615, 0.99999982, 0.00020924759, -0.0075486931;
 -0.029268524, -0.00019402157, 0.99957156, -0.037038319;
 0, 0, 0, 1]
Ow:
[0.012294302;
 0.0075345072;
 0.037415646]
Keyframe: 8 Frame: 202 Frame from vFrameID : 203
Tcw:
[0.99936002, 0.0040085558, -0.035544582, 0.015658991;
 -0.0038016899, 0.99997544, 0.0058855726, 0.0062681441;
 0.035567302, -0.0057466766, 0.99935079, 0.041975245;
 0, 0, 0, 1]
Twc:
[0.99936002, -0.0038016899, 0.035567302, -0.017118089;
 0.0040085558, 0.99997544, -0.0057466766, -0.0060895421;
 -0.035544582, 0.0058855726, 0.99935079, -0.04142829;
 0, 0, 0, 1]
Ow:
[0.015658991;
 0.0062681441;
 0.041975245]
Keyframe: 9 Frame: 205 Frame from vFrameID : 206
Tcw:
[0.99957699, 0.0078441231, -0.028006576, 0.018633803;
 -0.0076911314, 0.99995494, 0.0055662552, 0.0059634442;
 0.028048975, -0.005348498, 0.99959224, 0.047195643;
 0, 0, 0, 1]
Twc:
[0.99957699, -0.0076911314, 0.028048975, -0.019903844;
 0.0078441231, 0.99995494, -0.005348498, -0.0058569154;
 -0.028006576, 0.0055662552, 0.99959224, -0.046687722;
 0, 0, 0, 1]
Ow:
[0.018633803;
 0.0059634442;
 0.047195643]
Keyframe: 10 Frame: 208 Frame from vFrameID : 209
Tcw:
[0.99991918, 0.0066899839, -0.010811454, 0.017674714;
 -0.0068342979, 0.99988729, -0.013366894, 0.0079318173;
 0.010720811, 0.013439702, 0.99985218, 0.052889131;
 0, 0, 0, 1]
Twc:
[0.99991918, -0.0068342979, 0.010720811, -0.018186091;
 0.0066899839, 0.99988729, 0.013439702, -0.008759981;
 -0.010811454, -0.013366894, 0.99985218, -0.052584205;
 0, 0, 0, 1]
Ow:
[0.017674714;
 0.0079318173;
 0.052889131]
Keyframe: 11 Frame: 211 Frame from vFrameID : 212
Tcw:
[0.99997169, 0.0017101768, -0.007328507, 0.014260443;
 -0.0018401749, 0.99984044, -0.017768808, 0.010256197;
 0.0072969496, 0.01778179, 0.99981529, 0.058698803;
 0, 0, 0, 1]
Twc:
[0.99997169, -0.0018401749, 0.0072969496, -0.014669488;
 0.0017101768, 0.99984044, 0.01778179, -0.011322718;
 -0.007328507, -0.017768808, 0.99981529, -0.058401212;
 0, 0, 0, 1]
Ow:
[0.014260443;
 0.010256197;
 0.058698803]
Keyframe: 12 Frame: 214 Frame from vFrameID : 215
Tcw:
[0.99991888, -0.0086491844, -0.0093517415, 0.013541401;
 0.0084947487, 0.99982893, -0.016429523, 0.011110668;
 0.0094922436, 0.016348749, 0.99982131, 0.062714219;
 0, 0, 0, 1]
Twc:
[0.99991888, 0.0084947487, 0.0094922436, -0.014229983;
 -0.0086491844, 0.99982893, 0.016348749, -0.012016945;
 -0.0093517415, -0.016429523, 0.99982131, -0.062393833;
 0, 0, 0, 1]
Ow:
[0.013541401;
 0.011110668;
 0.062714219]
Keyframe: 13 Frame: 217 Frame from vFrameID : 218
Tcw:
[0.99977499, -0.0095151244, 0.018959029, 0.016061256;
 0.0095820166, 0.99994814, -0.0034405403, 0.013341018;
 -0.018925309, 0.0036214318, 0.99981433, 0.066601261;
 0, 0, 0, 1]
Twc:
[0.99977499, 0.0095820166, -0.018925309, -0.014925026;
 -0.0095151244, 0.99994814, 0.0036214318, -0.013428695;
 0.018959029, -0.0034405403, 0.99981433, -0.066847503;
 0, 0, 0, 1]
Ow:
[0.016061256;
 0.013341018;
 0.066601261]
Keyframe: 14 Frame: 221 Frame from vFrameID : 222
Tcw:
[0.99959785, -0.0017069344, 0.028305082, 0.017031789;
 0.0014467912, 0.99995655, 0.0092086224, 0.012477115;
 -0.028319569, -0.0091639683, 0.9995569, 0.071940012;
 0, 0, 0, 1]
Twc:
[0.99959785, 0.0014467912, -0.028319569, -0.015005683;
 -0.0017069344, 0.99995655, -0.0091639683, -0.011788244;
 0.028305082, 0.0092086224, 0.9995569, -0.072505124;
 0, 0, 0, 1]
Ow:
[0.017031789;
 0.012477115;
 0.071940012]
Keyframe: 15 Frame: 225 Frame from vFrameID : 226
Tcw:
[0.99992722, 0.010815628, 0.0053440146, 0.020944122;
 -0.010794632, 0.99993396, -0.0039421478, 0.01289806;
 -0.0053862985, 0.0038841742, 0.99997795, 0.0777786;
 0, 0, 0, 1]
Twc:
[0.99992722, -0.010794632, -0.0053862985, -0.020384429;
 0.010815628, 0.99993396, 0.0038841742, -0.013425838;
 0.0053440146, -0.0039421478, 0.99997795, -0.077837959;
 0, 0, 0, 1]
Ow:
[0.020944122;
 0.01289806;
 0.0777786]
Keyframe: 16 Frame: 229 Frame from vFrameID : 230
Tcw:
[0.99965972, 0.019225936, -0.017628701, 0.026897164;
 -0.019422228, 0.99975049, -0.011031966, 0.013722992;
 0.017412204, 0.0113706, 0.99978375, 0.08148881;
 0, 0, 0, 1]
Twc:
[0.99965972, -0.019422228, 0.017412204, -0.028040381;
 0.019225936, 0.99975049, 0.0113706, -0.015163268;
 -0.017628701, -0.011031966, 0.99978375, -0.080845632;
 0, 0, 0, 1]
Ow:
[0.026897164;
 0.013722992;
 0.08148881]
Keyframe: 17 Frame: 233 Frame from vFrameID : 234
Tcw:
[0.99920654, 0.024751581, -0.031203305, 0.032171074;
 -0.025027685, 0.99965072, -0.0084891776, 0.013251076;
 0.030982286, 0.0092633879, 0.99947703, 0.084467396;
 0, 0, 0, 1]
Twc:
[0.99920654, -0.025027685, 0.030982286, -0.034430899;
 0.024751581, 0.99965072, 0.0092633879, -0.014825188;
 -0.031203305, -0.0084891776, 0.99947703, -0.083306879;
 0, 0, 0, 1]
Ow:
[0.032171074;
 0.013251076;
 0.084467396]
Keyframe: 18 Frame: 237 Frame from vFrameID : 238
Tcw:
[0.99956822, 0.01920571, -0.02223812, 0.032802247;
 -0.019213108, 0.9998154, -0.00011909629, 0.014408034;
 0.022231728, 0.00054630829, 0.9997527, 0.090200089;
 0, 0, 0, 1]
Twc:
[0.99956822, -0.019213108, 0.022231728, -0.034516566;
 0.01920571, 0.9998154, 0.00054630829, -0.015084642;
 -0.02223812, -0.00011909629, 0.9997527, -0.089446604;
 0, 0, 0, 1]
Ow:
[0.032802247;
 0.014408034;
 0.090200089]
Keyframe: 19 Frame: 241 Frame from vFrameID : 242
Tcw:
[0.99966842, 0.019687034, -0.016597712, 0.033820752;
 -0.019650996, 0.9998042, 0.0023315626, 0.014595659;
 0.016640365, -0.0020046278, 0.99985951, 0.095582582;
 0, 0, 0, 1]
Twc:
[0.99966842, -0.019650996, 0.016640365, -0.035113245;
 0.019687034, 0.9998042, -0.0020046278, -0.015067024;
 -0.016597712, 0.0023315626, 0.99985951, -0.095041841;
 0, 0, 0, 1]
Ow:
[0.033820752;
 0.014595659;
 0.095582582]
Keyframe: 20 Frame: 245 Frame from vFrameID : 246
Tcw:
[0.99984431, 0.014593788, 0.0099207815, 0.033266656;
 -0.014565688, 0.99988973, -0.0028989054, 0.017035028;
 -0.0099619934, 0.0027539511, 0.99994659, 0.10362575;
 0, 0, 0, 1]
Twc:
[0.99984431, -0.014565688, -0.0099619934, -0.031981032;
 0.014593788, 0.99988973, 0.0027539511, -0.017804015;
 0.0099207815, -0.0028989054, 0.99994659, -0.10390086;
 0, 0, 0, 1]
Ow:
[0.033266656;
 0.017035028;
 0.10362575]
Keyframe: 21 Frame: 249 Frame from vFrameID : 250
Tcw:
[0.99969119, 0.0026477701, 0.024709377, 0.032728367;
 -0.002587894, 0.99999362, -0.0024548804, 0.018479072;
 -0.02471572, 0.002390177, 0.99969167, 0.10867205;
 0, 0, 0, 1]
Twc:
[0.99969119, -0.002587894, -0.02471572, -0.02998453;
 0.0026477701, 0.99999362, 0.002390177, -0.018825356;
 0.024709377, -0.0024548804, 0.99969167, -0.10940187;
 0, 0, 0, 1]
Ow:
[0.032728367;
 0.018479072;
 0.10867205]
Keyframe: 22 Frame: 253 Frame from vFrameID : 254
Tcw:
[0.99891984, 0.00098782033, 0.046456054, 0.034765478;
 -0.0012187182, 0.99998707, 0.0049421829, 0.018505968;
 -0.04645057, -0.0049934615, 0.9989081, 0.11275265;
 0, 0, 0, 1]
Twc:
[0.99891984, -0.0012187182, -0.04645057, -0.029467948;
 0.00098782033, 0.99998707, -0.0049934615, -0.017977044;
 0.046456054, 0.0049421829, 0.9989081, -0.11433607;
 0, 0, 0, 1]
Ow:
[0.034765478;
 0.018505968;
 0.11275265]
Keyframe: 23 Frame: 257 Frame from vFrameID : 258
Tcw:
[0.99896204, 0.0060139117, 0.045152012, 0.035849184;
 -0.0063262624, 0.99995703, 0.0067780479, 0.02013712;
 -0.045109309, -0.0070566558, 0.99895716, 0.11789124;
 0, 0, 0, 1]
Twc:
[0.99896204, -0.0063262624, -0.045109309, -0.030366587;
 0.0060139117, 0.99995703, -0.0070566558, -0.019519931;
 0.045152012, 0.0067780479, 0.99895716, -0.11952344;
 0, 0, 0, 1]
Ow:
[0.035849184;
 0.02013712;
 0.11789124]
Keyframe: 24 Frame: 261 Frame from vFrameID : 262
Tcw:
[0.99986356, 0.0065562348, 0.015159776, 0.038867105;
 -0.0066494937, 0.99995923, 0.0061095264, 0.020426458;
 -0.015119103, -0.0062094978, 0.99986643, 0.12232511;
 0, 0, 0, 1]
Twc:
[0.99986356, -0.0066494937, -0.015119103, -0.036876533;
 0.0065562348, 0.99995923, -0.0062094978, -0.019920869;
 0.015159776, 0.0061095264, 0.99986643, -0.12302279;
 0, 0, 0, 1]
Ow:
[0.038867105;
 0.020426458;
 0.12232511]
Keyframe: 25 Frame: 265 Frame from vFrameID : 266
Tcw:
[0.99977046, 0.017676895, -0.012107078, 0.045417912;
 -0.017674195, 0.99984372, 0.00033016328, 0.021219585;
 0.012111022, -0.00011610465, 0.99992663, 0.12646313;
 0, 0, 0, 1]
Twc:
[0.99977046, -0.017674195, 0.012111022, -0.046564046;
 0.017676895, 0.99984372, -0.00011610465, -0.022004435;
 -0.012107078, 0.00033016328, 0.99992663, -0.12591098;
 0, 0, 0, 1]
Ow:
[0.045417912;
 0.021219585;
 0.12646313]
Keyframe: 26 Frame: 269 Frame from vFrameID : 270
Tcw:
[0.99973524, 0.01531375, -0.017174279, 0.045220405;
 -0.015219785, 0.99986857, 0.0055887299, 0.021791618;
 0.017257607, -0.0053258613, 0.99983686, 0.13185361;
 0, 0, 0, 1]
Twc:
[0.99973524, -0.015219785, 0.017257607, -0.047152244;
 0.01531375, 0.99986857, -0.0053258613, -0.021779014;
 -0.017174279, 0.0055887299, 0.99983686, -0.13117726;
 0, 0, 0, 1]
Ow:
[0.045220405;
 0.021791618;
 0.13185361]
Keyframe: 27 Frame: 273 Frame from vFrameID : 274
Tcw:
[0.9994446, 0.014104973, -0.030191284, 0.047145121;
 -0.013857842, 0.99986887, 0.0083791493, 0.021808097;
 0.030305512, -0.0079561099, 0.99950904, 0.13605407;
 0, 0, 0, 1]
Twc:
[0.9994446, -0.013857842, 0.030305512, -0.050939914;
 0.014104973, 0.99986887, -0.0079561099, -0.021387756;
 -0.030191284, 0.0083791493, 0.99950904, -0.13474663;
 0, 0, 0, 1]
Ow:
[0.047145121;
 0.021808097;
 0.13605407]
Keyframe: 28 Frame: 277 Frame from vFrameID : 278
Tcw:
[0.9999935, 0.0011243593, -0.0034251986, 0.047413386;
 -0.0011239389, 0.99999934, 0.00012464134, 0.023782125;
 0.0034253367, -0.00012079083, 0.9999941, 0.14278668;
 0, 0, 0, 1]
Twc:
[0.9999935, -0.0011239389, 0.0034253367, -0.047875438;
 0.0011243593, 0.99999934, -0.00012079083, -0.023818173;
 -0.0034251986, 0.00012464134, 0.9999941, -0.1426264;
 0, 0, 0, 1]
Ow:
[0.047413386;
 0.023782125;
 0.14278668]
Keyframe: 29 Frame: 281 Frame from vFrameID : 282
Tcw:
[0.999771, -0.00086608127, 0.021382488, 0.047276549;
 0.0011622126, 0.99990356, -0.013840705, 0.024725586;
 -0.021368438, 0.013862386, 0.99967557, 0.1501168;
 0, 0, 0, 1]
Twc:
[0.999771, 0.0011622126, -0.021368438, -0.044086695;
 -0.00086608127, 0.99990356, 0.013862386, -0.026763234;
 0.021382488, -0.013840705, 0.99967557, -0.15073676;
 0, 0, 0, 1]
Ow:
[0.047276549;
 0.024725586;
 0.1501168]
Keyframe: 30 Frame: 286 Frame from vFrameID : 287
Tcw:
[0.99943507, -0.010682063, 0.031865105, 0.04852305;
 0.010761595, 0.99993938, -0.0023254231, 0.027191674;
 -0.031838331, 0.0026670287, 0.99948949, 0.15709797;
 0, 0, 0, 1]
Twc:
[0.99943507, 0.010761595, -0.031838331, -0.043786529;
 -0.010682063, 0.99993938, 0.0026670287, -0.027090687;
 0.031865105, -0.0023254231, 0.99948949, -0.15850072;
 0, 0, 0, 1]
Ow:
[0.04852305;
 0.027191674;
 0.15709797]
Keyframe: 31 Frame: 291 Frame from vFrameID : 292
Tcw:
[0.99966806, 0.0024104931, 0.025650747, 0.052147642;
 -0.0019801001, 0.99985707, -0.016791159, 0.028581576;
 -0.025687555, 0.016734794, 0.99952996, 0.16499642;
 0, 0, 0, 1]
Twc:
[0.99966806, -0.0019801001, -0.025687555, -0.047835384;
 0.0024104931, 0.99985707, 0.016734794, -0.031464372;
 0.025650747, -0.016791159, 0.99952996, -0.16577655;
 0, 0, 0, 1]
Ow:
[0.052147642;
 0.028581576;
 0.16499642]
Keyframe: 32 Frame: 295 Frame from vFrameID : 296
Tcw:
[0.99975526, 0.0052421605, -0.021491293, 0.053097919;
 -0.0055503887, 0.99988222, -0.014307533, 0.028954808;
 0.02141376, 0.014423317, 0.99966663, 0.16865134;
 0, 0, 0, 1]
Twc:
[0.99975526, -0.0055503887, 0.02141376, -0.056535672;
 0.0052421605, 0.99988222, 0.014423317, -0.031662259;
 -0.021491293, -0.014307533, 0.99966663, -0.16703971;
 0, 0, 0, 1]
Ow:
[0.053097919;
 0.028954808;
 0.16865134]
Keyframe: 33 Frame: 299 Frame from vFrameID : 300
Tcw:
[0.99901021, 0.005831013, -0.044097621, 0.059180211;
 -0.0062462967, 0.99993736, -0.0092854546, 0.027287634;
 0.044040713, 0.0095517114, 0.9989841, 0.17359847;
 0, 0, 0, 1]
Twc:
[0.99901021, -0.0062462967, 0.044040713, -0.06659659;
 0.005831013, 0.99993736, 0.0095517114, -0.029289169;
 -0.044097621, -0.0092854546, 0.9989841, -0.17055902;
 0, 0, 0, 1]
Ow:
[0.059180211;
 0.027287634;
 0.17359847]
Keyframe: 34 Frame: 304 Frame from vFrameID : 305
Tcw:
[0.99905044, 0.020543288, -0.038421519, 0.062343415;
 -0.020855455, 0.99975252, -0.0077416664, 0.028456774;
 0.038252972, 0.0085356133, 0.99923164, 0.17903824;
 0, 0, 0, 1]
Twc:
[0.99905044, -0.020855455, 0.038252972, -0.068539478;
 0.020543288, 0.99975252, 0.0085356133, -0.031258672;
 -0.038421519, -0.0077416664, 0.99923164, -0.17628504;
 0, 0, 0, 1]
Ow:
[0.062343415;
 0.028456774;
 0.17903824]
Keyframe: 35 Frame: 309 Frame from vFrameID : 310
Tcw:
[0.9981963, 0.0027496296, -0.059971198, 0.063435279;
 -0.0023629051, 0.99997598, 0.0065184664, 0.027778143;
 0.059987679, -0.0063650026, 0.99817884, 0.18622984;
 0, 0, 0, 1]
Twc:
[0.9981963, -0.0023629051, 0.059987679, -0.074426726;
 0.0027496296, 0.99997598, -0.0063650026, -0.026766544;
 -0.059971198, 0.0065184664, 0.99817884, -0.18226746;
 0, 0, 0, 1]
Ow:
[0.063435279;
 0.027778143;
 0.18622984]
Keyframe: 36 Frame: 313 Frame from vFrameID : 314
Tcw:
[0.99855912, -0.0083039757, -0.053016379, 0.064582184;
 0.0099844765, 0.99945349, 0.031512015, 0.029402753;
 0.052725732, -0.031995952, 0.99809629, 0.19178568;
 0, 0, 0, 1]
Twc:
[0.99855912, 0.0099844765, 0.052725732, -0.074894741;
 -0.0083039757, 0.99945349, -0.031995952, -0.02271403;
 -0.053016379, 0.031512015, 0.99809629, -0.18892321;
 0, 0, 0, 1]
Ow:
[0.064582184;
 0.029402753;
 0.19178568]
Keyframe: 37 Frame: 318 Frame from vFrameID : 319
Tcw:
[0.99969494, -0.0141055, -0.020274121, 0.06652844;
 0.013538773, 0.99952114, -0.027823746, 0.028413637;
 0.020656882, 0.027540771, 0.99940723, 0.20371288;
 0, 0, 0, 1]
Twc:
[0.99969494, 0.013538773, 0.020656882, -0.071100898;
 -0.0141055, 0.99952114, 0.027540771, -0.033072025;
 -0.020274121, -0.027823746, 0.99940723, -0.20145275;
 0, 0, 0, 1]
Ow:
[0.06652844;
 0.028413637;
 0.20371288]
Keyframe: 38 Frame: 323 Frame from vFrameID : 324
Tcw:
[0.99977839, -0.013122328, -0.016461818, 0.068721093;
 0.012723804, 0.99962896, -0.02408454, 0.034766193;
 0.016771754, 0.023869745, 0.99957436, 0.20700386;
 0, 0, 0, 1]
Twc:
[0.99977839, 0.012723804, 0.016771754, -0.072620042;
 -0.013122328, 0.99962896, 0.023869745, -0.038792644;
 -0.016461818, -0.02408454, 0.99957436, -0.20494716;
 0, 0, 0, 1]
Ow:
[0.068721093;
 0.034766193;
 0.20700386]
Keyframe: 39 Frame: 328 Frame from vFrameID : 329
Tcw:
[0.99881536, 0.017814871, -0.045282431, 0.073911183;
 -0.017931987, 0.9998368, -0.0021814161, 0.034595788;
 0.045236181, 0.0029908358, 0.99897182, 0.21670727;
 0, 0, 0, 1]
Twc:
[0.99881536, -0.017931987, 0.045236181, -0.083006263;
 0.017814871, 0.9998368, 0.0029908358, -0.036554996;
 -0.045282431, -0.0021814161, 0.99897182, -0.21306212;
 0, 0, 0, 1]
Ow:
[0.073911183;
 0.034595788;
 0.21670727]
Keyframe: 40 Frame: 333 Frame from vFrameID : 334
Tcw:
[0.99598742, 0.044194873, -0.077819437, 0.079575658;
 -0.044200748, 0.99902129, 0.0016478206, 0.034540761;
 0.077816099, 0.0017984686, 0.99696612, 0.2240607;
 0, 0, 0, 1]
Twc:
[0.99598742, -0.044200748, 0.077816099, -0.095165156;
 0.044194873, 0.99902129, 0.0017984686, -0.038426757;
 -0.077819437, 0.0016478206, 0.99696612, -0.2172453;
 0, 0, 0, 1]
Ow:
[0.079575658;
 0.034540761;
 0.2240607]
Keyframe: 41 Frame: 339 Frame from vFrameID : 340
Tcw:
[0.99555939, 0.034354717, -0.087642401, 0.082147405;
 -0.034825999, 0.99938595, -0.0038534838, 0.037330322;
 0.087456204, 0.0068886061, 0.99614453, 0.23043859;
 0, 0, 0, 1]
Twc:
[0.99555939, -0.034825999, 0.087456204, -0.10063585;
 0.034354717, 0.99938595, 0.0068886061, -0.041716952;
 -0.087642401, -0.0038534838, 0.99614453, -0.2222067;
 0, 0, 0, 1]
Ow:
[0.082147405;
 0.037330322;
 0.23043859]
Keyframe: 42 Frame: 345 Frame from vFrameID : 346
Tcw:
[0.99979901, 0.019848658, -0.002823737, 0.083931334;
 -0.019820958, 0.99975818, 0.009520812, 0.040274981;
 0.0030120295, -0.0094629284, 0.99995071, 0.24160594;
 0, 0, 0, 1]
Twc:
[0.99979901, -0.019820958, 0.0030120295, -0.083843902;
 0.019848658, 0.99975818, -0.0094629284, -0.039644867;
 -0.002823737, 0.009520812, 0.99995071, -0.24174048;
 0, 0, 0, 1]
Ow:
[0.083931334;
 0.040274981;
 0.24160594]
Keyframe: 43 Frame: 350 Frame from vFrameID : 351
Tcw:
[0.99847203, 0.037779454, 0.040327325, 0.085245304;
 -0.037429608, 0.99925512, -0.0093954606, 0.040582016;
 -0.040652242, 0.0078716688, 0.99914235, 0.24986175;
 0, 0, 0, 1]
Twc:
[0.99847203, -0.037429608, -0.040652242, -0.073438644;
 0.037779454, 0.99925512, 0.0078716688, -0.045739137;
 0.040327325, -0.0093954606, 0.99914235, -0.25270388;
 0, 0, 0, 1]
Ow:
[0.085245304;
 0.040582016;
 0.24986175]
Keyframe: 44 Frame: 356 Frame from vFrameID : 357
Tcw:
[0.99815273, 0.036169123, 0.048815027, 0.086994633;
 -0.035782069, 0.99932104, -0.0087800287, 0.04385861;
 -0.049099449, 0.0070171072, 0.99876922, 0.25638765;
 0, 0, 0, 1]
Twc:
[0.99815273, -0.035782069, -0.049099449, -0.072676092;
 0.036169123, 0.99932104, 0.0070171072, -0.048774451;
 0.048815027, -0.0087800287, 0.99876922, -0.25993368;
 0, 0, 0, 1]
Ow:
[0.086994633;
 0.04385861;
 0.25638765]
Keyframe: 45 Frame: 362 Frame from vFrameID : 363
Tcw:
[0.99833471, 0.035887122, 0.045165911, 0.090322174;
 -0.036331847, 0.99929869, 0.0090641519, 0.046601642;
 -0.04480895, -0.010690019, 0.99893838, 0.26416126;
 0, 0, 0, 1]
Twc:
[0.99833471, -0.036331847, -0.04480895, -0.076641843;
 0.035887122, 0.99929869, -0.010690019, -0.046986468;
 0.045165911, 0.0090641519, 0.99893838, -0.2683827;
 0, 0, 0, 1]
Ow:
[0.090322174;
 0.046601642;
 0.26416126]
Keyframe: 46 Frame: 368 Frame from vFrameID : 369
Tcw:
[0.99854171, 0.052861921, 0.010954719, 0.0956918;
 -0.053193137, 0.99805373, 0.032545581, 0.047061242;
 -0.0092129763, -0.033080839, 0.99941021, 0.26940438;
 0, 0, 0, 1]
Twc:
[0.99854171, -0.053193137, -0.0092129763, -0.090566903;
 0.052861921, 0.99805373, -0.033080839, -0.043115981;
 0.010954719, 0.032545581, 0.99941021, -0.2718254;
 0, 0, 0, 1]
Ow:
[0.0956918;
 0.047061242;
 0.26940438]
Keyframe: 47 Frame: 373 Frame from vFrameID : 374
Tcw:
[0.99895024, 0.045652006, -0.0037892328, 0.096326627;
 -0.045409303, 0.99774384, 0.04944909, 0.048578475;
 0.006038134, -0.049225111, 0.99876946, 0.27474442;
 0, 0, 0, 1]
Twc:
[0.99895024, -0.045409303, 0.006038134, -0.095678531;
 0.045652006, 0.99774384, -0.049225111, -0.039342053;
 -0.0037892328, 0.04944909, 0.99876946, -0.27644348;
 0, 0, 0, 1]
Ow:
[0.096326627;
 0.048578475;
 0.27474442]
Keyframe: 48 Frame: 378 Frame from vFrameID : 379
Tcw:
[0.99890012, 0.046614751, -0.0050562951, 0.098115906;
 -0.046324022, 0.9978044, 0.047333241, 0.049986005;
 0.0072516208, -0.047046956, 0.99886638, 0.28253061;
 0, 0, 0, 1]
Twc:
[0.99890012, -0.046324022, 0.0072516208, -0.097741246;
 0.046614751, 0.9978044, -0.047046956, -0.0411577;
 -0.0050562951, 0.047333241, 0.99886638, -0.28408021;
 0, 0, 0, 1]
Ow:
[0.098115906;
 0.049986005;
 0.28253061]
Keyframe: 49 Frame: 383 Frame from vFrameID : 384
Tcw:
[0.99931413, 0.036900874, 0.0030964557, 0.09881676;
 -0.036959425, 0.99908191, 0.021663135, 0.051524274;
 -0.0022942245, -0.021762719, 0.99976051, 0.29046428;
 0, 0, 0, 1]
Twc:
[0.99931413, -0.036959425, -0.0022942245, -0.096178286;
 0.036900874, 0.99908191, -0.021762719, -0.048802104;
 0.0030964557, 0.021663135, 0.99976051, -0.29181689;
 0, 0, 0, 1]
Ow:
[0.09881676;
 0.051524274;
 0.29046428]
Keyframe: 50 Frame: 388 Frame from vFrameID : 389
Tcw:
[0.99976867, 0.018147981, 0.011543375, 0.099489771;
 -0.018010646, 0.99976707, -0.011892066, 0.053680275;
 -0.011756504, 0.011681412, 0.99986267, 0.29640386;
 0, 0, 0, 1]
Twc:
[0.99976867, -0.018010646, -0.011756504, -0.095015272;
 0.018147981, 0.99976707, 0.011681412, -0.058935724;
 0.011543375, -0.011892066, 0.99986267, -0.29687321;
 0, 0, 0, 1]
Ow:
[0.099489771;
 0.053680275;
 0.29640386]
Keyframe: 51 Frame: 394 Frame from vFrameID : 395
Tcw:
[0.99973893, 0.013831427, 0.018186154, 0.10270903;
 -0.013809987, 0.9999038, -0.0013039795, 0.05358316;
 -0.018202441, 0.0010524886, 0.99983376, 0.30281144;
 0, 0, 0, 1]
Twc:
[0.99973893, -0.013809987, -0.018202441, -0.096430324;
 0.013831427, 0.9999038, 0.0010524886, -0.055317324;
 0.018186154, -0.0013039795, 0.99983376, -0.30455911;
 0, 0, 0, 1]
Ow:
[0.10270903;
 0.05358316;
 0.30281144]
Keyframe: 52 Frame: 400 Frame from vFrameID : 401
Tcw:
[0.99950111, 0.029933114, 0.010074338, 0.10718197;
 -0.029835567, 0.99950778, -0.0096977344, 0.056018941;
 -0.010359663, 0.009392323, 0.99990225, 0.30789307;
 0, 0, 0, 1]
Twc:
[0.99950111, -0.029835567, -0.010359663, -0.10226748;
 0.029933114, 0.99950778, 0.009392323, -0.062091485;
 0.010074338, -0.0096977344, 0.99990225, -0.3083995;
 0, 0, 0, 1]
Ow:
[0.10718197;
 0.056018941;
 0.30789307]
Keyframe: 53 Frame: 405 Frame from vFrameID : 406
Tcw:
[0.99911165, 0.041304201, 0.0083615938, 0.11030953;
 -0.041165654, 0.99902236, -0.016113825, 0.055733405;
 -0.0090189874, 0.015755299, 0.99983519, 0.3127006;
 0, 0, 0, 1]
Twc:
[0.99911165, -0.041165654, -0.0090189874, -0.105097;
 0.041304201, 0.99902236, 0.015755299, -0.065161861;
 0.0083615938, -0.016113825, 0.99983519, -0.31267336;
 0, 0, 0, 1]
Ow:
[0.11030953;
 0.055733405;
 0.3127006]
Keyframe: 54 Frame: 410 Frame from vFrameID : 411
Tcw:
[0.99957007, 0.025575319, 0.014337443, 0.11074923;
 -0.025613129, 0.9996689, 0.0024596534, 0.058671471;
 -0.01426979, -0.0028258229, 0.9998942, 0.31666756;
 0, 0, 0, 1]
Twc:
[0.99957007, -0.025613129, -0.01426979, -0.10468008;
 0.025575319, 0.9996689, -0.0028258229, -0.060589645;
 0.014337443, 0.0024596534, 0.9998942, -0.3183662;
 0, 0, 0, 1]
Ow:
[0.11074923;
 0.058671471;
 0.31666756]
Keyframe: 55 Frame: 415 Frame from vFrameID : 416
Tcw:
[0.99959898, 0.019422961, 0.020606855, 0.1119144;
 -0.019678699, 0.99973094, 0.012280959, 0.058953375;
 -0.020362778, -0.01268155, 0.99971223, 0.32381681;
 0, 0, 0, 1]
Twc:
[0.99959898, -0.019678699, -0.020362778, -0.10411558;
 0.019422961, 0.99973094, -0.01268155, -0.05700472;
 0.020606855, 0.012280959, 0.99971223, -0.32675382;
 0, 0, 0, 1]
Ow:
[0.1119144;
 0.058953375;
 0.32381681]
Keyframe: 56 Frame: 420 Frame from vFrameID : 421
Tcw:
[0.99967325, 0.020983068, 0.014596228, 0.11352053;
 -0.020918503, 0.99977076, -0.0045620799, 0.059527397;
 -0.014688608, 0.004255258, 0.99988306, 0.32821876;
 0, 0, 0, 1]
Twc:
[0.99967325, -0.020918503, -0.014688608, -0.10741715;
 0.020983068, 0.99977076, 0.004255258, -0.063292414;
 0.014596228, -0.0045620799, 0.99988306, -0.32956576;
 0, 0, 0, 1]
Ow:
[0.11352053;
 0.059527397;
 0.32821876]
Keyframe: 57 Frame: 425 Frame from vFrameID : 426
Tcw:
[0.99948001, 0.017539719, 0.02705751, 0.11363497;
 -0.016853254, 0.99953544, -0.025393361, 0.062021613;
 -0.027490333, 0.02492415, 0.99931127, 0.33250827;
 0, 0, 0, 1]
Twc:
[0.99948001, -0.016853254, -0.027490333, -0.10338985;
 0.017539719, 0.99953544, 0.02492415, -0.072273411;
 0.02705751, -0.025393361, 0.99931127, -0.33377904;
 0, 0, 0, 1]
Ow:
[0.11363497;
 0.062021613;
 0.33250827]
Keyframe: 58 Frame: 432 Frame from vFrameID : 433
Tcw:
[0.99892676, 0.023867629, 0.039694916, 0.11578766;
 -0.023753798, 0.99971229, -0.0033369057, 0.063108809;
 -0.039763141, 0.0023904194, 0.99920624, 0.33795887;
 0, 0, 0, 1]
Twc:
[0.99892676, -0.023753798, -0.039763141, -0.10072601;
 0.023867629, 0.99971229, 0.0023904194, -0.066662088;
 0.039694916, -0.0033369057, 0.99920624, -0.34207624;
 0, 0, 0, 1]
Ow:
[0.11578766;
 0.063108809;
 0.33795887]
Keyframe: 59 Frame: 437 Frame from vFrameID : 438
Tcw:
[0.99923468, 0.033952575, 0.019424113, 0.11711856;
 -0.033772651, 0.99938422, -0.0095173363, 0.063061722;
 -0.01973529, 0.0088540483, 0.99976605, 0.34249529;
 0, 0, 0, 1]
Twc:
[0.99923468, -0.033772651, -0.01973529, -0.10813992;
 0.033952575, 0.99938422, 0.0088540483, -0.070031837;
 0.019424113, -0.0095173363, 0.99976605, -0.3440899;
 0, 0, 0, 1]
Ow:
[0.11711856;
 0.063061722;
 0.34249529]
Keyframe: 60 Frame: 443 Frame from vFrameID : 444
Tcw:
[0.99959761, 0.014924632, 0.024121195, 0.12049699;
 -0.015278458, 0.99977738, 0.014551509, 0.064518757;
 -0.02389865, -0.014914189, 0.99960315, 0.34509912;
 0, 0, 0, 1]
Twc:
[0.99959761, -0.015278458, -0.02389865, -0.11121536;
 0.014924632, 0.99977738, -0.014914189, -0.061155893;
 0.024121195, 0.014551509, 0.99960315, -0.34880754;
 0, 0, 0, 1]
Ow:
[0.12049699;
 0.064518757;
 0.34509912]
Keyframe: 61 Frame: 448 Frame from vFrameID : 449
Tcw:
[0.99883974, 0.0053107389, 0.047864605, 0.12012278;
 -0.0069051222, 0.99942464, 0.033206724, 0.066000767;
 -0.047660712, -0.033498708, 0.99830168, 0.34725118;
 0, 0, 0, 1]
Twc:
[0.99883974, -0.0069051222, -0.047660712, -0.10297742;
 0.0053107389, 0.99942464, -0.033498708, -0.054968271;
 0.047864605, 0.033206724, 0.99830168, -0.35460272;
 0, 0, 0, 1]
Ow:
[0.12012278;
 0.066000767;
 0.34725118]
Keyframe: 62 Frame: 453 Frame from vFrameID : 454
Tcw:
[0.99751753, 0.00063338177, 0.070416212, 0.12108499;
 -0.0029937022, 0.99943691, 0.033419084, 0.066739611;
 -0.070355393, -0.033546925, 0.99695772, 0.3531149;
 0, 0, 0, 1]
Twc:
[0.99751753, -0.0029937022, -0.070355393, -0.095741048;
 0.00063338177, 0.99943691, -0.033546925, -0.054932807;
 0.070416212, 0.033419084, 0.99695772, -0.36279735;
 0, 0, 0, 1]
Ow:
[0.12108499;
 0.066739611;
 0.3531149]
Keyframe: 63 Frame: 458 Frame from vFrameID : 459
Tcw:
[0.9974767, -0.012702637, 0.069849074, 0.11906552;
 0.011947, 0.99986565, 0.011225294, 0.067998007;
 -0.069982283, -0.010362483, 0.9974944, 0.35687712;
 0, 0, 0, 1]
Twc:
[0.9974767, 0.011947, -0.069982283, -0.094602384;
 -0.012702637, 0.99986565, -0.010362483, -0.062778287;
 0.069849074, 0.011225294, 0.9974944, -0.36506283;
 0, 0, 0, 1]
Ow:
[0.11906552;
 0.067998007;
 0.35687712]
Keyframe: 64 Frame: 463 Frame from vFrameID : 464
Tcw:
[0.9964565, -0.0088388501, 0.083643802, 0.12079816;
 0.0069306777, 0.99970967, 0.023076011, 0.068693124;
 -0.083823487, -0.022414533, 0.99622852, 0.36090016;
 0, 0, 0, 1]
Twc:
[0.9964565, 0.0069306777, -0.083823487, -0.090594299;
 -0.0088388501, 0.99970967, -0.022414533, -0.059516054;
 0.083643802, 0.023076011, 0.99622852, -0.37122819;
 0, 0, 0, 1]
Ow:
[0.12079816;
 0.068693124;
 0.36090016]
Keyframe: 65 Frame: 469 Frame from vFrameID : 470
Tcw:
[0.99634522, -0.01699747, 0.08370959, 0.12183551;
 0.015599431, 0.9997282, 0.017326949, 0.069245711;
 -0.08398135, -0.015957801, 0.99633956, 0.36476398;
 0, 0, 0, 1]
Twc:
[0.99634522, 0.015599431, -0.08398135, -0.091837056;
 -0.01699747, 0.9997282, -0.015957801, -0.061335165;
 0.08370959, 0.017326949, 0.99633956, -0.37482738;
 0, 0, 0, 1]
Ow:
[0.12183551;
 0.069245711;
 0.36476398]
Keyframe: 66 Frame: 474 Frame from vFrameID : 475
Tcw:
[0.99705482, 0.0039912318, 0.076587975, 0.12639782;
 -0.0052139512, 0.99986202, 0.015771588, 0.070127644;
 -0.07651446, -0.016124465, 0.99693811, 0.36779159;
 0, 0, 0, 1]
Twc:
[0.99705482, -0.0052139512, -0.07651446, -0.097518556;
 0.0039912318, 0.99986202, -0.016124465, -0.064692013;
 0.076587975, 0.015771588, 0.99693811, -0.37745199;
 0, 0, 0, 1]
Ow:
[0.12639782;
 0.070127644;
 0.36779159]
Keyframe: 67 Frame: 479 Frame from vFrameID : 480
Tcw:
[0.99631661, 0.0067185718, 0.08548709, 0.12814066;
 -0.0090954527, 0.99958193, 0.027444938, 0.070725784;
 -0.085266963, -0.028121393, 0.99596119, 0.37077096;
 0, 0, 0, 1]
Twc:
[0.99631661, -0.0090954527, -0.085266963, -0.095410861;
 0.0067185718, 0.99958193, -0.028121393, -0.061130546;
 0.08548709, 0.027444938, 0.99596119, -0.38216895;
 0, 0, 0, 1]
Ow:
[0.12814066;
 0.070725784;
 0.37077096]
Keyframe: 68 Frame: 484 Frame from vFrameID : 485
Tcw:
[0.99710518, 0.0025550721, 0.075991817, 0.12911493;
 -0.0061200452, 0.99888945, 0.046716794, 0.072225913;
 -0.075788058, -0.047046632, 0.99601346, 0.37315524;
 0, 0, 0, 1]
Twc:
[0.99710518, -0.0061200452, -0.075788058, -0.10001842;
 0.0025550721, 0.99888945, -0.047046632, -0.054919899;
 0.075991817, 0.046716794, 0.99601346, -0.38485345;
 0, 0, 0, 1]
Ow:
[0.12911493;
 0.072225913;
 0.37315524]
Keyframe: 69 Frame: 490 Frame from vFrameID : 491
Tcw:
[0.9970715, 0.020118266, 0.073780835, 0.13165963;
 -0.023736442, 0.99854136, 0.048495118, 0.072275072;
 -0.072697572, -0.050104395, 0.9960947, 0.37708759;
 0, 0, 0, 1]
Twc:
[0.9970715, -0.023736442, -0.072697572, -0.10214517;
 0.020118266, 0.99854136, -0.050104395, -0.055924665;
 0.073780835, 0.048495118, 0.9960947, -0.38883388;
 0, 0, 0, 1]
Ow:
[0.13165963;
 0.072275072;
 0.37708759]
Keyframe: 70 Frame: 495 Frame from vFrameID : 496
Tcw:
[0.99870807, 0.017629148, 0.047659528, 0.13125835;
 -0.019160729, 0.99930829, 0.03187234, 0.072543152;
 -0.047064677, -0.032744352, 0.99835503, 0.38111842;
 0, 0, 0, 1]
Twc:
[0.99870807, -0.019160729, -0.047064677, -0.11176157;
 0.017629148, 0.99930829, -0.032744352, -0.062327471;
 0.047659528, 0.03187234, 0.99835503, -0.38905931;
 0, 0, 0, 1]
Ow:
[0.13125835;
 0.072543152;
 0.38111842]
Keyframe: 71 Frame: 500 Frame from vFrameID : 501
Tcw:
[0.99891448, 0.0070003415, 0.046053208, 0.13186207;
 -0.0086999154, 0.99928445, 0.03680826, 0.073587321;
 -0.045762587, -0.037168961, 0.99826062, 0.38484934;
 0, 0, 0, 1]
Twc:
[0.99891448, -0.0086999154, -0.045762587, -0.11346704;
 0.0070003415, 0.99928445, -0.037168961, -0.060153298;
 0.046053208, 0.03680826, 0.99826062, -0.39296123;
 0, 0, 0, 1]
Ow:
[0.13186207;
 0.073587321;
 0.38484934]
Keyframe: 72 Frame: 505 Frame from vFrameID : 506
Tcw:
[0.99831432, -0.011041634, 0.056979243, 0.13174221;
 0.0084858583, 0.99895531, 0.044903114, 0.07397949;
 -0.057415519, -0.044343904, 0.99736506, 0.38857695;
 0, 0, 0, 1]
Twc:
[0.99831432, 0.0084858583, -0.057415519, -0.10983757;
 -0.011041634, 0.99895531, -0.044343904, -0.055216528;
 0.056979243, 0.044903114, 0.99736506, -0.39838159;
 0, 0, 0, 1]
Ow:
[0.13174221;
 0.07397949;
 0.38857695]
Keyframe: 73 Frame: 510 Frame from vFrameID : 511
Tcw:
[0.99914026, -0.015183273, 0.038577121, 0.13303496;
 0.013912505, 0.99935853, 0.032998566, 0.074110791;
 -0.039053403, -0.032433491, 0.99871063, 0.39135;
 0, 0, 0, 1]
Twc:
[0.99914026, 0.013912505, -0.039053403, -0.11866809;
 -0.015183273, 0.99935853, -0.032433491, -0.059350505;
 0.038577121, 0.032998566, 0.99871063, -0.39842305;
 0, 0, 0, 1]
Ow:
[0.13303496;
 0.074110791;
 0.39135]
Keyframe: 74 Frame: 515 Frame from vFrameID : 516
Tcw:
[0.99959874, 0.0031997736, 0.028144224, 0.13760579;
 -0.0045162719, 0.99889225, 0.046838414, 0.07449761;
 -0.027963175, -0.046946727, 0.99850589, 0.3944754;
 0, 0, 0, 1]
Twc:
[0.99959874, -0.0045162719, -0.027963175, -0.12618335;
 0.0031997736, 0.99889225, -0.046946727, -0.056336068;
 0.028144224, 0.046838414, 0.99850589, -0.40124819;
 0, 0, 0, 1]
Ow:
[0.13760579;
 0.07449761;
 0.3944754]
Keyframe: 75 Frame: 520 Frame from vFrameID : 521
Tcw:
[0.99998015, 0.0013477727, 0.0061535337, 0.13661665;
 -0.00159865, 0.99915999, 0.040948465, 0.074913964;
 -0.0060931752, -0.040957492, 0.99914229, 0.39564794;
 0, 0, 0, 1]
Twc:
[0.99998015, -0.00159865, -0.0060931752, -0.13408343;
 0.0013477727, 0.99915999, -0.040957492, -0.058830421;
 0.0061535337, 0.040948465, 0.99914229, -0.39921689;
 0, 0, 0, 1]
Ow:
[0.13661665;
 0.074913964;
 0.39564794]
Keyframe: 76 Frame: 525 Frame from vFrameID : 526
Tcw:
[0.99990541, -0.0073652319, -0.011614332, 0.13729016;
 0.0077370326, 0.9994483, 0.032299075, 0.075562954;
 0.011370034, -0.032385878, 0.99941075, 0.39902946;
 0, 0, 0, 1]
Twc:
[0.99990541, 0.0077370326, 0.011370034, -0.1423988;
 -0.0073652319, 0.9994483, -0.032385878, -0.061587166;
 -0.011614332, 0.032299075, 0.99941075, -0.39964044;
 0, 0, 0, 1]
Ow:
[0.13729016;
 0.075562954;
 0.39902946]
Keyframe: 77 Frame: 530 Frame from vFrameID : 531
Tcw:
[0.9996047, 0.0030299588, -0.027950238, 0.13761431;
 -0.0023591674, 0.99970913, 0.024001323, 0.076194637;
 0.028014831, -0.023925897, 0.9993211, 0.40239924;
 0, 0, 0, 1]
Twc:
[0.9996047, -0.0023591674, 0.028014831, -0.1486533;
 0.0030299588, 0.99970913, -0.023925897, -0.066961676;
 -0.027950238, 0.024001323, 0.9993211, -0.40010849;
 0, 0, 0, 1]
Ow:
[0.13761431;
 0.076194637;
 0.40239924]
Keyframe: 78 Frame: 535 Frame from vFrameID : 536
Tcw:
[0.99983758, -0.0051161321, -0.017279612, 0.13828291;
 0.0056528235, 0.99949861, 0.031154552, 0.077121131;
 0.017111558, -0.031247171, 0.99936521, 0.40592453;
 0, 0, 0, 1]
Twc:
[0.99983758, 0.0056528235, 0.017111558, -0.14564243;
 -0.0051161321, 0.99949861, -0.031247171, -0.063690998;
 -0.017279612, 0.031154552, 0.99936521, -0.40568003;
 0, 0, 0, 1]
Ow:
[0.13828291;
 0.077121131;
 0.40592453]
Keyframe: 79 Frame: 540 Frame from vFrameID : 541
Tcw:
[0.99975336, -0.0086200153, -0.020467395, 0.13854566;
 0.0093762819, 0.99926585, 0.037146024, 0.077868894;
 0.020132171, -0.037328772, 0.99910021, 0.40889183;
 0, 0, 0, 1]
Twc:
[0.99975336, 0.0093762819, 0.020132171, -0.14747348;
 -0.0086200153, 0.99926585, -0.037328772, -0.061354034;
 -0.020467395, 0.037146024, 0.99910021, -0.40858078;
 0, 0, 0, 1]
Ow:
[0.13854566;
 0.077868894;
 0.40889183]
Keyframe: 80 Frame: 545 Frame from vFrameID : 546
Tcw:
[0.99807101, -0.012250723, -0.060861707, 0.13952526;
 0.013699198, 0.9996314, 0.023439448, 0.078160278;
 0.06055212, -0.02422799, 0.99787098, 0.41281199;
 0, 0, 0, 1]
Twc:
[0.99807101, 0.013699198, 0.06055212, -0.16532348;
 -0.012250723, 0.9996314, -0.02422799, -0.066420577;
 -0.060861707, 0.023439448, 0.99787098, -0.40527338;
 0, 0, 0, 1]
Ow:
[0.13952526;
 0.078160278;
 0.41281199]
Keyframe: 81 Frame: 552 Frame from vFrameID : 553
Tcw:
[0.99632084, -0.035815544, -0.077858999, 0.14079005;
 0.036034521, 0.99934953, 0.0014089097, 0.078618638;
 0.077757895, -0.0042093378, 0.99696338, 0.41639143;
 0, 0, 0, 1]
Twc:
[0.99632084, 0.036034521, 0.077757895, -0.17548276;
 -0.035815544, 0.99934953, -0.0042093378, -0.0717723;
 -0.077858999, 0.0014089097, 0.99696338, -0.40427598;
 0, 0, 0, 1]
Ow:
[0.14079005;
 0.078618638;
 0.41639143]
Keyframe: 82 Frame: 557 Frame from vFrameID : 558
Tcw:
[0.99967474, -0.011071742, -0.022973722, 0.14319712;
 0.011415504, 0.99982405, 0.014886484, 0.079428442;
 0.02280486, -0.015143899, 0.99962521, 0.4200432;
 0, 0, 0, 1]
Twc:
[0.99967474, 0.011415504, 0.02280486, -0.15363631;
 -0.011071742, 0.99982405, -0.015143899, -0.071467929;
 -0.022973722, 0.014886484, 0.99962521, -0.41777843;
 0, 0, 0, 1]
Ow:
[0.14319712;
 0.079428442;
 0.4200432]
Keyframe: 83 Frame: 563 Frame from vFrameID : 564
Tcw:
[0.99974936, 0.00090831629, 0.022368755, 0.14385226;
 -0.0011239515, 0.99995303, 0.0096293325, 0.080004141;
 -0.022358958, -0.0096520605, 0.99970341, 0.42368546;
 0, 0, 0, 1]
Twc:
[0.99974936, -0.0011239515, -0.022358958, -0.13425313;
 0.00090831629, 0.99995303, -0.0096520605, -0.076041602;
 0.022368755, 0.0096293325, 0.99970341, -0.42754799;
 0, 0, 0, 1]
Ow:
[0.14385226;
 0.080004141;
 0.42368546]
Keyframe: 84 Frame: 569 Frame from vFrameID : 570
Tcw:
[0.99903345, -0.0065238299, 0.043469463, 0.14469135;
 0.0061194417, 0.99993682, 0.0094294036, 0.080975942;
 -0.043528229, -0.0091542806, 0.99901026, 0.42738298;
 0, 0, 0, 1]
Twc:
[0.99903345, 0.0061194417, -0.043528229, -0.1264438;
 -0.0065238299, 0.99993682, -0.0091542806, -0.076114498;
 0.043469463, 0.0094294036, 0.99901026, -0.43401319;
 0, 0, 0, 1]
Ow:
[0.14469135;
 0.080975942;
 0.42738298]
Keyframe: 85 Frame: 575 Frame from vFrameID : 576
Tcw:
[0.99848318, -0.010204553, 0.054103497, 0.14581448;
 0.0095343674, 0.99987477, 0.012630767, 0.081663169;
 -0.054225612, -0.012095766, 0.99845546, 0.43005863;
 0, 0, 0, 1]
Twc:
[0.99848318, 0.0095343674, -0.054225612, -0.12305173;
 -0.010204553, 0.99987477, -0.012095766, -0.074963085;
 0.054103497, 0.012630767, 0.99845546, -0.43831491;
 0, 0, 0, 1]
Ow:
[0.14581448;
 0.081663169;
 0.43005863]
Keyframe: 86 Frame: 581 Frame from vFrameID : 582
Tcw:
[0.9995814, 0.011783469, 0.026423832, 0.14859009;
 -0.012599453, 0.99944216, 0.030929813, 0.082064584;
 -0.026044631, -0.031249791, 0.99917221, 0.4325541;
 0, 0, 0, 1]
Twc:
[0.9995814, -0.012599453, -0.026044631, -0.1362282;
 0.011783469, 0.99944216, -0.031249791, -0.070252478;
 0.026423832, 0.030929813, 0.99917221, -0.43866059;
 0, 0, 0, 1]
Ow:
[0.14859009;
 0.082064584;
 0.4325541]
Keyframe: 87 Frame: 588 Frame from vFrameID : 589
Tcw:
[0.99988472, 0.0099653769, -0.011454388, 0.14936294;
 -0.0095007457, 0.99915749, 0.039926164, 0.082079284;
 0.011842616, -0.039812736, 0.99913698, 0.43551573;
 0, 0, 0, 1]
Twc:
[0.99988472, -0.0095007457, 0.011842616, -0.15372355;
 0.0099653769, 0.99915749, -0.039812736, -0.066159509;
 -0.011454388, 0.039926164, 0.99913698, -0.43670613;
 0, 0, 0, 1]
Ow:
[0.14936294;
 0.082079284;
 0.43551573]
Keyframe: 88 Frame: 594 Frame from vFrameID : 595
Tcw:
[0.99994075, -0.0070868963, 0.0082623055, 0.15044783;
 0.006727993, 0.99906588, 0.04268568, 0.083058797;
 -0.0085570971, -0.042627562, 0.99905437, 0.43821254;
 0, 0, 0, 1]
Twc:
[0.99994075, 0.006727993, -0.0085570971, -0.1472479;
 -0.0070868963, 0.99906588, -0.042627562, -0.063235074;
 0.0082623055, 0.04268568, 0.99905437, -0.44258663;
 0, 0, 0, 1]
Ow:
[0.15044783;
 0.083058797;
 0.43821254]
Keyframe: 89 Frame: 600 Frame from vFrameID : 601
Tcw:
