Keyframe: 0 Frame: 0 Frame from vFrameID : 66
Tcw:
[0.99999028, -0.0022512085, -0.0037907378, 0.040149134;
 -0.0010278496, 0.71707523, -0.69699502, -0.095999122;
 0.0042873253, 0.69699216, 0.71706593, -0.0171315;
 0, 0, 0, 1]
Twc:
[0.99999028, -0.0010278496, 0.0042873253, -0.040173966;
 -0.0022512085, 0.71707523, 0.69699216, 0.080869496;
 -0.0037907378, -0.69699502, 0.71706593, -0.054474302;
 0, 0, 0, 1]
Ow:
[0.040149134;
 -0.095999122;
 -0.0171315]
Keyframe: 1 Frame: 80 Frame from vFrameID : 66
Tcw:
[0.9999935, 0.0016089546, -0.0032266122, -nan;
 -0.0034007349, 0.71820402, -0.69582427, -inf;
 0.0011978162, 0.69583076, 0.7182048, -nan;
 0, 0, 0, 1]
Twc:
[0.9999935, -0.0034007349, 0.0011978162, -inf;
 0.0016089546, 0.71820402, 0.69583076, inf;
 -0.0032266122, -0.69582427, 0.7182048, -inf;
 0, 0, 0, 1]
Ow:
[-nan;
 -inf;
 -nan]
