Keyframe: 0 Frame: 0 Frame from vFrameID : 66
Tcw:
[0.9998154, 0.011524539, 0.015372186, 0.02915385;
 0.001948818, 0.73515379, -0.67789757, -0.093351707;
 -0.019113379, 0.67780238, 0.73499566, -0.0027013123;
 0, 0, 0, 1]
Twc:
[0.9998154, 0.001948818, -0.019113379, -0.029018175;
 0.011524539, 0.73515379, 0.67780238, 0.070122831;
 0.015372186, -0.67789757, 0.73499566, -0.061745599;
 0, 0, 0, 1]
Ow:
[0.02915385;
 -0.093351707;
 -0.0027013123]
Keyframe: 1 Frame: 65 Frame from vFrameID : 66
Tcw:
[0.99991184, 0.0094045587, 0.0093746465, 0.0026539862;
 -0.00061130227, 0.73783207, -0.67498404, -0.0019310246;
 -0.013264842, 0.67491877, 0.73777276, -0.0015364067;
 0, 0, 0, 1]
Twc:
[0.99991184, -0.00061130227, -0.013264842, -0.0026753128;
 0.0094045587, 0.73783207, 0.67491877, 0.0024367622;
 0.0093746465, -0.67498404, 0.73777276, -0.00019477199;
 0, 0, 0, 1]
Ow:
[0.0026539862;
 -0.0019310246;
 -0.0015364067]
