Keyframe: 0 Frame: 0 Frame from vFrameID : 497
Tcw:
[0.99887544, -0.034952641, 0.032033648, 0.079242557;
 0.047368411, 0.70695484, -0.70567071, 0.013153879;
 0.0020187113, 0.70639449, 0.70781547, 0.04415752;
 0, 0, 0, 1]
Twc:
[0.99887544, 0.047368411, 0.0020187113, -0.079865664;
 -0.034952641, 0.70695484, 0.70639449, -0.037722092;
 0.032033648, -0.70567071, 0.70781547, -0.024511497;
 0, 0, 0, 1]
Ow:
[0.079242557;
 0.013153879;
 0.04415752]
Keyframe: 1 Frame: 508 Frame from vFrameID : 497
Tcw:
[0.99891889, -0.032797001, 0.032945622, 0.088400565;
 0.046485908, 0.69949597, -0.71312302, 0.011569181;
 0.0003429662, 0.71388352, 0.70026439, 0.04729367;
 0, 0, 0, 1]
Twc:
[0.99891889, 0.046485908, 0.0003429662, -0.088859022;
 -0.032797001, 0.69949597, 0.71388352, -0.038955495;
 0.032945622, -0.71312302, 0.70026439, -0.027780233;
 0, 0, 0, 1]
Ow:
[0.088400565;
 0.011569181;
 0.04729367]
Keyframe: 2 Frame: 511 Frame from vFrameID : 512
Tcw:
[0.99891347, -0.026017429, 0.038665395, 0.088171266;
 0.045746341, 0.70582342, -0.70690918, 0.011572236;
 -0.00889898, 0.70790988, 0.70624667, 0.048956081;
 0, 0, 0, 1]
Twc:
[0.99891347, 0.045746341, -0.00889898, -0.088169187;
 -0.026017429, 0.70582342, 0.70790988, -0.040530462;
 0.038665395, -0.70690918, 0.70624667, -0.029803729;
 0, 0, 0, 1]
Ow:
[0.088171266;
 0.011572236;
 0.048956081]
Keyframe: 3 Frame: 513 Frame from vFrameID : 514
Tcw:
[0.99827588, -0.021990769, 0.054421503, 0.087824717;
 0.053770892, 0.7144056, -0.69766277, 0.0080640521;
 -0.023536885, 0.69938624, 0.7143563, 0.052497342;
 0, 0, 0, 1]
Twc:
[0.99827588, 0.053770892, -0.023536885, -0.086871281;
 -0.021990769, 0.7144056, 0.69938624, -0.040545586;
 0.054421503, -0.69766277, 0.7143563, -0.03665537;
 0, 0, 0, 1]
Ow:
[0.087824717;
 0.0080640521;
 0.052497342]
Keyframe: 4 Frame: 516 Frame from vFrameID : 517
Tcw:
[0.99811137, -0.021774514, 0.057441968, 0.087560005;
 0.055877391, 0.71030903, -0.70166856, 0.00509068;
 -0.025523059, 0.70355308, 0.71018422, 0.055045985;
 0, 0, 0, 1]
Twc:
[0.99811137, 0.055877391, -0.025523059, -0.086274147;
 -0.021774514, 0.71030903, 0.70355308, -0.040437151;
 0.057441968, -0.70166856, 0.71018422, -0.040550437;
 0, 0, 0, 1]
Ow:
[0.087560005;
 0.00509068;
 0.055045985]
Keyframe: 5 Frame: 519 Frame from vFrameID : 520
Tcw:
[0.9994325, -0.020294098, 0.026885116, 0.089424916;
 0.033373095, 0.7048735, -0.70854747, 0.004235439;
 -0.0045712753, 0.70904261, 0.70515078, 0.058807813;
 0, 0, 0, 1]
Twc:
[0.9994325, 0.033373095, -0.0045712753, -0.089246698;
 -0.020294098, 0.7048735, 0.70904261, -0.042867895;
 0.026885116, -0.70854747, 0.70515078, -0.040871568;
 0, 0, 0, 1]
Ow:
[0.089424916;
 0.004235439;
 0.058807813]
Keyframe: 6 Frame: 522 Frame from vFrameID : 523
Tcw:
[0.99980366, -0.017994741, 0.0082996627, 0.087428607;
 0.018599488, 0.70761412, -0.7063542, 0.003314482;
 0.0068377024, 0.70636988, 0.70780987, 0.061378166;
 0, 0, 0, 1]
Twc:
[0.99980366, 0.018599488, 0.0068377024, -0.087892771;
 -0.017994741, 0.70761412, 0.70636988, -0.044127807;
 0.0082996627, -0.7063542, 0.70780987, -0.041828502;
 0, 0, 0, 1]
Ow:
[0.087428607;
 0.003314482;
 0.061378166]
Keyframe: 7 Frame: 527 Frame from vFrameID : 528
Tcw:
[0.9996382, -0.021193275, -0.016562026, 0.090369172;
 0.0035107567, 0.71329528, -0.7008549, 0.0022065639;
 0.026667025, 0.70054317, 0.71311158, 0.064129941;
 0, 0, 0, 1]
Twc:
[0.9996382, 0.0035107567, 0.026667025, -0.092054375;
 -0.021193275, 0.71329528, 0.70054317, -0.044584505;
 -0.016562026, -0.7008549, 0.71311158, -0.042688627;
 0, 0, 0, 1]
Ow:
[0.090369172;
 0.0022065639;
 0.064129941]
Keyframe: 8 Frame: 531 Frame from vFrameID : 532
Tcw:
[0.99958313, -0.026681079, -0.011032761, 0.093114048;
 0.01181997, 0.72679883, -0.68674868, -0.0015432611;
 0.026341794, 0.68633199, 0.72681123, 0.069067158;
 0, 0, 0, 1]
Twc:
[0.99958313, 0.01181997, 0.026341794, -0.094876342;
 -0.026681079, 0.72679883, 0.68633199, -0.043796975;
 -0.011032761, -0.68674868, 0.72681123, -0.050231308;
 0, 0, 0, 1]
Ow:
[0.093114048;
 -0.0015432611;
 0.069067158]
Keyframe: 9 Frame: 536 Frame from vFrameID : 537
Tcw:
[0.99950689, -0.028001714, 0.014208456, 0.095826454;
 0.030026242, 0.7199347, -0.69339198, -0.0036597922;
 0.0091870045, 0.69347668, 0.72042048, 0.073562399;
 0, 0, 0, 1]
Twc:
[0.99950689, 0.030026242, 0.0091870045, -0.096345134;
 -0.028001714, 0.7199347, 0.69347668, -0.045695692;
 0.014208456, -0.69339198, 0.72042048, -0.056895077;
 0, 0, 0, 1]
Ow:
[0.095826454;
 -0.0036597922;
 0.073562399]
Keyframe: 10 Frame: 541 Frame from vFrameID : 542
Tcw:
[0.9993915, -0.022735989, 0.026452446, 0.098465435;
 0.0347821, 0.70654297, -0.70681483, -0.0031121597;
 -0.0026196553, 0.70730484, 0.70690382, 0.081681646;
 0, 0, 0, 1]
Twc:
[0.9993915, 0.0347821, -0.0026196553, -0.098083287;
 -0.022735989, 0.70654297, 0.70730484, -0.053336237;
 0.026452446, -0.70681483, 0.70690382, -0.062545441;
 0, 0, 0, 1]
Ow:
[0.098465435;
 -0.0031121597;
 0.081681646]
Keyframe: 11 Frame: 546 Frame from vFrameID : 547
Tcw:
[0.99885559, -0.015290497, 0.045318022, 0.10200159;
 0.042656612, 0.71335083, -0.69950771, -0.0073932149;
 -0.021631828, 0.70064026, 0.71318668, 0.089503258;
 0, 0, 0, 1]
Twc:
[0.99885559, 0.042656612, -0.021631828, -0.099633366;
 -0.015290497, 0.71335083, 0.70064026, -0.055875979;
 0.045318022, -0.69950771, 0.71318668, -0.073626652;
 0, 0, 0, 1]
Ow:
[0.10200159;
 -0.0073932149;
 0.089503258]
Keyframe: 12 Frame: 552 Frame from vFrameID : 553
Tcw:
[0.99794197, -0.050373811, 0.039677586, 0.10305966;
 0.063634783, 0.70172763, -0.70959771, 0.00074397027;
 0.0079022814, 0.71066219, 0.70348901, 0.10598858;
 0, 0, 0, 1]
Twc:
[0.99794197, 0.063634783, 0.0079022814, -0.10373246;
 -0.050373811, 0.70172763, 0.71066219, -0.070652634;
 0.039677586, -0.70959771, 0.70348901, -0.078123033;
 0, 0, 0, 1]
Ow:
[0.10305966;
 0.00074397027;
 0.10598858]
Keyframe: 13 Frame: 558 Frame from vFrameID : 559
Tcw:
[0.99936128, -0.034353923, -0.0098399688, 0.10902745;
 0.017439719, 0.70919788, -0.70479375, -0.0005656369;
 0.031190915, 0.70417196, 0.70934403, 0.11047234;
 0, 0, 0, 1]
Twc:
[0.99936128, 0.017439719, 0.031190915, -0.11239368;
 -0.034353923, 0.70919788, 0.70417196, -0.073644854;
 -0.0098399688, -0.70479375, 0.70934403, -0.077688724;
 0, 0, 0, 1]
Ow:
[0.10902745;
 -0.0005656369;
 0.11047234]
Keyframe: 14 Frame: 565 Frame from vFrameID : 566
Tcw:
[0.99832308, -0.056094784, -0.014296626, 0.11486219;
 0.031440925, 0.73279452, -0.6797232, -0.0086969063;
 0.048605416, 0.6781339, 0.73332936, 0.11446629;
 0, 0, 0, 1]
Twc:
[0.99832308, 0.031440925, 0.048605416, -0.11995982;
 -0.056094784, 0.73279452, 0.6781339, -0.064807259;
 -0.014296626, -0.6797232, 0.73332936, -0.088210844;
 0, 0, 0, 1]
Ow:
[0.11486219;
 -0.0086969063;
 0.11446629]
Keyframe: 15 Frame: 572 Frame from vFrameID : 573
Tcw:
[0.99738485, -0.0645127, 0.032582644, 0.11386507;
 0.06915684, 0.7209143, -0.689565, -0.0086865276;
 0.020996403, 0.69001496, 0.72349048, 0.13310036;
 0, 0, 0, 1]
Twc:
[0.99738485, 0.06915684, 0.020996403, -0.11576118;
 -0.0645127, 0.7209143, 0.69001496, -0.078233257;
 0.032582644, -0.689565, 0.72349048, -0.10599679;
 0, 0, 0, 1]
Ow:
[0.11386507;
 -0.0086865276;
 0.13310036]
Keyframe: 16 Frame: 579 Frame from vFrameID : 580
Tcw:
[0.99682027, -0.054580595, 0.05805416, 0.11807868;
 0.079405792, 0.74110651, -0.66667521, -0.019582979;
 -0.0066367835, 0.66916525, 0.74308401, 0.14173315;
 0, 0, 0, 1]
Twc:
[0.99682027, 0.079405792, -0.0066367835, -0.11520757;
 -0.054580595, 0.74110651, 0.66916525, -0.073885016;
 0.05805416, -0.66667521, 0.74308401, -0.12523009;
 0, 0, 0, 1]
Ow:
[0.11807868;
 -0.019582979;
 0.14173315]
Keyframe: 17 Frame: 586 Frame from vFrameID : 587
Tcw:
[0.99778312, -0.04654577, 0.047563355, 0.12220377;
 0.066520415, 0.71854699, -0.69228989, -0.015084192;
 -0.0019533383, 0.69391912, 0.72005033, 0.15439148;
 0, 0, 0, 1]
Twc:
[0.99778312, 0.066520415, -0.0019533383, -0.12062788;
 -0.04654577, 0.71854699, 0.69391912, -0.090608433;
 0.047563355, -0.69228989, 0.72005033, -0.12742469;
 0, 0, 0, 1]
Ow:
[0.12220377;
 -0.015084192;
 0.15439148]
Keyframe: 18 Frame: 594 Frame from vFrameID : 595
Tcw:
[0.99982005, -0.016822996, -0.008767345, 0.12846754;
 0.0061636944, 0.72516006, -0.68855274, -0.018105291;
 0.017941248, 0.68837476, 0.7251333, 0.16253775;
 0, 0, 0, 1]
Twc:
[0.99982005, 0.0061636944, 0.017941248, -0.13124897;
 -0.016822996, 0.72516006, 0.68837476, -0.096596457;
 -0.008767345, -0.68855274, 0.7251333, -0.12920167;
 0, 0, 0, 1]
Ow:
[0.12846754;
 -0.018105291;
 0.16253775]
Keyframe: 19 Frame: 602 Frame from vFrameID : 603
Tcw:
[0.99953979, -0.017126478, 0.025038484, 0.1346568;
 0.029689521, 0.72171795, -0.69155025, -0.02191522;
 -0.0062269033, 0.69197536, 0.72189426, 0.18049964;
 0, 0, 0, 1]
Twc:
[0.99953979, 0.029689521, -0.0062269033, -0.13282022;
 -0.017126478, 0.72171795, 0.69197536, -0.1067785;
 0.025038484, -0.69155025, 0.72189426, -0.14882873;
 0, 0, 0, 1]
Ow:
[0.1346568;
 -0.02191522;
 0.18049964]
Keyframe: 20 Frame: 611 Frame from vFrameID : 612
Tcw:
[0.99585408, 0.017263168, 0.08931198, 0.1407849;
 0.048762612, 0.72752923, -0.68434161, -0.021348439;
 -0.076790981, 0.68585944, 0.72367114, 0.19753745;
 0, 0, 0, 1]
Twc:
[0.99585408, 0.048762612, -0.076790981, -0.12399112;
 0.017263168, 0.72752923, 0.68585944, -0.12238172;
 0.08931198, -0.68434161, 0.72367114, -0.17013557;
 0, 0, 0, 1]
Ow:
[0.1407849;
 -0.021348439;
 0.19753745]
Keyframe: 21 Frame: 619 Frame from vFrameID : 620
Tcw:
[0.99786925, -0.02076458, 0.061852727, 0.15070215;
 0.058302246, 0.70933151, -0.70245969, -0.012324505;
 -0.029287808, 0.7045691, 0.70903075, 0.22542241;
 0, 0, 0, 1]
Twc:
[0.99786925, 0.058302246, -0.029287808, -0.14306037;
 -0.02076458, 0.70933151, 0.7045691, -0.14695424;
 0.061852727, -0.70245969, 0.70903075, -0.17781022;
 0, 0, 0, 1]
Ow:
[0.15070215;
 -0.012324505;
 0.22542241]
Keyframe: 22 Frame: 628 Frame from vFrameID : 629
Tcw:
[0.99825346, -0.026792346, 0.052651688, 0.15285106;
 0.055183761, 0.74106455, -0.66916227, -0.018452786;
 -0.021089872, 0.67089903, 0.74124873, 0.23490314;
 0, 0, 0, 1]
Twc:
[0.99825346, 0.055183761, -0.021089872, -0.14661172;
 -0.026792346, 0.74106455, 0.67089903, -0.13982636;
 0.052651688, -0.66916227, 0.74124873, -0.19451743;
 0, 0, 0, 1]
Ow:
[0.15285106;
 -0.018452786;
 0.23490314]
Keyframe: 23 Frame: 637 Frame from vFrameID : 638
Tcw:
[0.9971596, -0.015972255, 0.073604539, 0.15898658;
 0.061520033, 0.73651254, -0.67362046, -0.014014944;
 -0.043451432, 0.67623526, 0.73540318, 0.24387753;
 0, 0, 0, 1]
Twc:
[0.9971596, 0.061520033, -0.043451432, -0.14707597;
 -0.015972255, 0.73651254, 0.67623526, -0.15205704;
 0.073604539, -0.67362046, 0.73540318, -0.2004912;
 0, 0, 0, 1]
Ow:
[0.15898658;
 -0.014014944;
 0.24387753]
Keyframe: 24 Frame: 646 Frame from vFrameID : 647
Tcw:
[0.99425757, 0.0016615893, 0.10700052, 0.15972832;
 0.071450353, 0.73405433, -0.67532152, -0.01944299;
 -0.079666302, 0.67908871, 0.72972035, 0.25252008;
 0, 0, 0, 1]
Twc:
[0.99425757, 0.071450353, -0.079666302, -0.13730454;
 0.0016615893, 0.73405433, 0.67908871, -0.15747672;
 0.10700052, -0.67532152, 0.72972035, -0.21449032;
 0, 0, 0, 1]
Ow:
[0.15972832;
 -0.01944299;
 0.25252008]
Keyframe: 25 Frame: 655 Frame from vFrameID : 656
Tcw:
[0.99866998, -0.038952529, 0.033778854, 0.16658582;
 0.051501587, 0.72279823, -0.6891374, -0.007901445;
 0.0024283486, 0.68996048, 0.72384298, 0.26803482;
 0, 0, 0, 1]
Twc:
[0.99866998, 0.051501587, 0.0024283486, -0.1666082;
 -0.038952529, 0.72279823, 0.68996048, -0.17273335;
 0.033778854, -0.6891374, 0.72384298, -0.20508738;
 0, 0, 0, 1]
Ow:
[0.16658582;
 -0.007901445;
 0.26803482]
Keyframe: 26 Frame: 664 Frame from vFrameID : 665
Tcw:
[0.99936807, -0.021620257, 0.028214449, 0.17837551;
 0.03497839, 0.73939115, -0.67236692, -0.014072686;
 -0.0063247676, 0.67292893, 0.73968011, 0.28504434;
 0, 0, 0, 1]
Twc:
[0.99936807, 0.03497839, -0.0063247676, -0.17596769;
 -0.021620257, 0.73939115, 0.67292893, -0.17755282;
 0.028214449, -0.67236692, 0.73968011, -0.22533642;
 0, 0, 0, 1]
Ow:
[0.17837551;
 -0.014072686;
 0.28504434]
Keyframe: 27 Frame: 673 Frame from vFrameID : 674
Tcw:
[0.99794245, -0.028400343, 0.057483457, 0.17894867;
 0.060429197, 0.716272, -0.69519979, -0.016304582;
 -0.02142988, 0.69724303, 0.71651441, 0.29021037;
 0, 0, 0, 1]
Twc:
[0.99794245, 0.060429197, -0.02142988, -0.17137602;
 -0.028400343, 0.716272, 0.69724303, -0.18558644;
 0.057483457, -0.69519979, 0.71651441, -0.22956143;
 0, 0, 0, 1]
Ow:
[0.17894867;
 -0.016304582;
 0.29021037]
Keyframe: 28 Frame: 681 Frame from vFrameID : 682
Tcw:
[0.99441159, -0.0043038498, 0.10548473, 0.18166196;
 0.073788881, 0.74291968, -0.66530108, -0.017601624;
 -0.075503327, 0.66936672, 0.73908556, 0.29415491;
 0, 0, 0, 1]
Twc:
[0.99441159, 0.073788881, -0.075503327, -0.1571383;
 -0.0043038498, 0.74291968, 0.66936672, -0.18303907;
 0.10548473, -0.66530108, 0.73908556, -0.24827859;
 0, 0, 0, 1]
Ow:
[0.18166196;
 -0.017601624;
 0.29415491]
Keyframe: 29 Frame: 689 Frame from vFrameID : 690
Tcw:
[0.99817556, -0.013549889, 0.058838096, 0.18565263;
 0.049755111, 0.73665071, -0.67444062, -0.020100012;
 -0.034204531, 0.67613763, 0.73598093, 0.2982291;
 0, 0, 0, 1]
Twc:
[0.99817556, 0.049755111, -0.034204531, -0.17411307;
 -0.013549889, 0.73665071, 0.67613763, -0.18432167;
 0.058838096, -0.67444062, 0.73598093, -0.24397065;
 0, 0, 0, 1]
Ow:
[0.18565263;
 -0.020100012;
 0.2982291]
Keyframe: 30 Frame: 698 Frame from vFrameID : 699
Tcw:
[0.99860877, -0.046612579, 0.024652427, 0.19047549;
 0.051025424, 0.73629475, -0.67473435, -0.010325372;
 0.013299656, 0.67505354, 0.73764884, 0.31959039;
 0, 0, 0, 1]
Twc:
[0.99860877, 0.051025424, 0.013299656, -0.19393408;
 -0.046612579, 0.73629475, 0.67505354, -0.19925956;
 0.024652427, -0.67473435, 0.73764884, -0.24740803;
 0, 0, 0, 1]
Ow:
[0.19047549;
 -0.010325372;
 0.31959039]
Keyframe: 31 Frame: 708 Frame from vFrameID : 709
Tcw:
[0.99587458, -0.06224082, 0.066029496, 0.195703;
 0.090580791, 0.72502697, -0.68273789, -0.012802735;
 -0.0053789974, 0.6859023, 0.72767377, 0.32266915;
 0, 0, 0, 1]
Twc:
[0.99587458, 0.090580791, -0.0053789974, -0.19200033;
 -0.06224082, 0.72502697, 0.6859023, -0.19985647;
 0.066029496, -0.68273789, 0.72767377, -0.25646096;
 0, 0, 0, 1]
Ow:
[0.195703;
 -0.012802735;
 0.32266915]
Keyframe: 32 Frame: 718 Frame from vFrameID : 719
Tcw:
[0.99575877, -0.012902675, 0.09109351, 0.19523539;
 0.072059691, 0.72495925, -0.68501204, -0.013744026;
 -0.057200596, 0.68867093, 0.72281426, 0.32529765;
 0, 0, 0, 1]
Twc:
[0.99575877, 0.072059691, -0.057200596, -0.17480972;
 -0.012902675, 0.72495925, 0.68867093, -0.2115401;
 0.09109351, -0.68501204, 0.72281426, -0.26232928;
 0, 0, 0, 1]
Ow:
[0.19523539;
 -0.013744026;
 0.32529765]
Keyframe: 33 Frame: 726 Frame from vFrameID : 727
Tcw:
[0.99706197, -0.057525191, 0.050579362, 0.20417812;
 0.076531298, 0.72034973, -0.68937594, -0.0063172728;
 0.0032216548, 0.69122148, 0.72263581, 0.34078687;
 0, 0, 0, 1]
Twc:
[0.99706197, 0.076531298, 0.0032216548, -0.20419267;
 -0.057525191, 0.72034973, 0.69122148, -0.21926317;
 0.050579362, -0.68937594, 0.72263581, -0.26094699;
 0, 0, 0, 1]
Ow:
[0.20417812;
 -0.0063172728;
 0.34078687]
Keyframe: 34 Frame: 735 Frame from vFrameID : 736
Tcw:
[0.99699348, -0.063193358, 0.044840235, 0.21154775;
 0.076988347, 0.74240917, -0.66550839, -0.0099064112;
 0.0087659089, 0.6669597, 0.74504226, 0.35192075;
 0, 0, 0, 1]
Twc:
[0.99699348, 0.076988347, 0.0087659089, -0.21323395;
 -0.063193358, 0.74240917, 0.6669597, -0.21399392;
 0.044840235, -0.66550839, 0.74504226, -0.27827448;
 0, 0, 0, 1]
Ow:
[0.21154775;
 -0.0099064112;
 0.35192075]
Keyframe: 35 Frame: 744 Frame from vFrameID : 745
Tcw:
[0.99488884, -0.068965629, 0.073756002, 0.21320024;
 0.100755, 0.72633672, -0.67991424, -0.0045430958;
 -0.0066809817, 0.68387038, 0.72957295, 0.35420227;
 0, 0, 0, 1]
Twc:
[0.99488884, 0.100755, -0.0066809817, -0.20928638;
 -0.068965629, 0.72633672, 0.68387038, -0.22422512;
 0.073756002, -0.67991424, 0.72957295, -0.27723008;
 0, 0, 0, 1]
Ow:
[0.21320024;
 -0.0045430958;
 0.35420227]
Keyframe: 36 Frame: 753 Frame from vFrameID : 754
Tcw:
[0.99187493, -0.045936015, 0.11863375, 0.21567991;
 0.11235886, 0.75366181, -0.64758736, -0.0093201101;
 -0.059662148, 0.65565521, 0.75269955, 0.36140066;
 0, 0, 0, 1]
Twc:
[0.99187493, 0.11235886, -0.059662148, -0.19131838;
 -0.045936015, 0.75366181, 0.65565521, -0.22002257;
 0.11863375, -0.64758736, 0.75269955, -0.30364865;
 0, 0, 0, 1]
Ow:
[0.21567991;
 -0.0093201101;
 0.36140066]
Keyframe: 37 Frame: 762 Frame from vFrameID : 763
Tcw:
[0.99528068, -0.07975848, 0.055272002, 0.2168102;
 0.096443944, 0.75010073, -0.65425336, -0.0031617284;
 0.010722685, 0.65649635, 0.75425297, 0.3702445;
 0, 0, 0, 1]
Twc:
[0.99528068, 0.096443944, 0.010722685, -0.21945207;
 -0.07975848, 0.75010073, 0.65649635, -0.2234001;
 0.055272002, -0.65425336, 0.75425297, -0.29331011;
 0, 0, 0, 1]
Ow:
[0.2168102;
 -0.0031617284;
 0.3702445]
Keyframe: 38 Frame: 770 Frame from vFrameID : 771
Tcw:
[0.99556041, -0.085939355, 0.038390789, 0.22250637;
 0.090317003, 0.75738096, -0.64669693, 0.0064071715;
 0.026500262, 0.64729321, 0.76178032, 0.38274932;
 0, 0, 0, 1]
Twc:
[0.99556041, 0.090317003, 0.026500262, -0.23224019;
 -0.085939355, 0.75738096, 0.64729321, -0.23348165;
 0.038390789, -0.64669693, 0.76178032, -0.29596958;
 0, 0, 0, 1]
Ow:
[0.22250637;
 0.0064071715;
 0.38274932]
Keyframe: 39 Frame: 780 Frame from vFrameID : 781
Tcw:
[0.99420857, -0.062354233, 0.087528728, 0.22588241;
 0.10509961, 0.73418117, -0.67076981, 0.0034244061;
 -0.022436608, 0.67608428, 0.73648262, 0.39059615;
 0, 0, 0, 1]
Twc:
[0.99420857, 0.10509961, -0.022436608, -0.21617047;
 -0.062354233, 0.73418117, 0.67608428, -0.25250536;
 0.087528728, -0.67076981, 0.73648262, -0.30514148;
 0, 0, 0, 1]
Ow:
[0.22588241;
 0.0034244061;
 0.39059615]
Keyframe: 40 Frame: 788 Frame from vFrameID : 789
Tcw:
[0.99195361, -0.052215684, 0.11533258, 0.22938342;
 0.11447601, 0.75898802, -0.64096206, -0.0032279938;
 -0.054067779, 0.64900744, 0.75885838, 0.39471713;
 0, 0, 0, 1]
Twc:
[0.99195361, 0.11447601, -0.054067779, -0.2058267;
 -0.052215684, 0.75898802, 0.64900744, -0.24174693;
 0.11533258, -0.64096206, 0.75885838, -0.32805878;
 0, 0, 0, 1]
Ow:
[0.22938342;
 -0.0032279938;
 0.39471713]
Keyframe: 41 Frame: 796 Frame from vFrameID : 797
Tcw:
[0.99528068, -0.085645854, 0.045619588, 0.23412554;
 0.094034933, 0.73520184, -0.67129403, 0.00013197958;
 0.023953948, 0.67241585, 0.73978591, 0.40387958;
 0, 0, 0, 1]
Twc:
[0.99528068, 0.094034933, 0.023953948, -0.24270754;
 -0.085645854, 0.73520184, 0.67241585, -0.25162017;
 0.045619588, -0.67129403, 0.73978591, -0.30937654;
 0, 0, 0, 1]
Ow:
[0.23412554;
 0.00013197958;
 0.40387958]
Keyframe: 42 Frame: 805 Frame from vFrameID : 806
Tcw:
[0.99572325, -0.085858382, 0.03411128, 0.23650238;
 0.086676247, 0.74037868, -0.66657829, -0.00040246546;
 0.031976067, 0.66668409, 0.74465418, 0.41385499;
 0, 0, 0, 1]
Twc:
[0.99572325, 0.086676247, 0.031976067, -0.24868949;
 -0.085858382, 0.74037868, 0.66668409, -0.25530687;
 0.03411128, -0.66657829, 0.74465418, -0.31651449;
 0, 0, 0, 1]
Ow:
[0.23650238;
 -0.00040246546;
 0.41385499]
Keyframe: 43 Frame: 814 Frame from vFrameID : 815
Tcw:
[0.99725246, -0.061496966, 0.041300055, 0.23744318;
 0.072943307, 0.71798611, -0.6922248, 0.0011271387;
 0.01291686, 0.69333547, 0.72049922, 0.42015427;
 0, 0, 0, 1]
Twc:
[0.99725246, 0.072943307, 0.01291686, -0.24230008;
 -0.061496966, 0.71798611, 0.69333547, -0.27751511;
 0.041300055, -0.6922248, 0.72049922, -0.31174701;
 0, 0, 0, 1]
Ow:
[0.23744318;
 0.0011271387;
 0.42015427]
Keyframe: 44 Frame: 823 Frame from vFrameID : 824
Tcw:
[0.99272346, -0.066819482, 0.100176, 0.23716544;
 0.11682299, 0.73614013, -0.66667092, 0.0033913404;
 -0.029196965, 0.67352271, 0.73858964, 0.42455935;
 0, 0, 0, 1]
Twc:
[0.99272346, 0.11682299, -0.029196965, -0.22344005;
 -0.066819482, 0.73614013, 0.67352271, -0.27259961;
 0.100176, -0.66667092, 0.73858964, -0.33507252;
 0, 0, 0, 1]
Ow:
[0.23716544;
 0.0033913404;
 0.42455935]
Keyframe: 45 Frame: 832 Frame from vFrameID : 833
Tcw:
[0.99542665, -0.095237896, -0.0074519143, 0.25242171;
 0.063983038, 0.72260642, -0.68829221, 0.013077319;
 0.0709363, 0.68466759, 0.72539532, 0.43186781;
 0, 0, 0, 1]
Twc:
[0.99542665, 0.063983038, 0.0709363, -0.28273913;
 -0.095237896, 0.72260642, 0.68466759, -0.28109553;
 -0.0074519143, -0.68829221, 0.72539532, -0.30239281;
 0, 0, 0, 1]
Ow:
[0.25242171;
 0.013077319;
 0.43186781]
Keyframe: 46 Frame: 842 Frame from vFrameID : 843
Tcw:
[0.99371547, -0.11081557, -0.015796181, 0.25754252;
 0.071819238, 0.73944068, -0.66937995, 0.015860394;
 0.085858054, 0.66403872, 0.74275231, 0.44038069;
 0, 0, 0, 1]
Twc:
[0.99371547, 0.071819238, 0.085858054, -0.2948733;
 -0.11081557, 0.73944068, 0.66403872, -0.27561793;
 -0.015796181, -0.66937995, 0.74275231, -0.31240895;
 0, 0, 0, 1]
Ow:
[0.25754252;
 0.015860394;
 0.44038069]
Keyframe: 47 Frame: 851 Frame from vFrameID : 852
Tcw:
[0.99168545, -0.12868248, 0.00085476454, 0.26368406;
 0.096234247, 0.7371822, -0.66880596, 0.015606999;
 0.085433491, 0.6633274, 0.74343652, 0.44467399;
 0, 0, 0, 1]
Twc:
[0.99168545, 0.096234247, 0.085433491, -0.30098364;
 -0.12868248, 0.7371822, 0.6633274, -0.27253813;
 0.00085476454, -0.66880596, 0.74343652, -0.32037422;
 0, 0, 0, 1]
Ow:
[0.26368406;
 0.015606999;
 0.44467399]
Keyframe: 48 Frame: 860 Frame from vFrameID : 861
Tcw:
[0.98920453, -0.14396705, 0.027348191, 0.26251027;
 0.12700865, 0.74919701, -0.65005589, 0.010545075;
 0.073097438, 0.64651167, 0.75939411, 0.4495368;
 0, 0, 0, 1]
Twc:
[0.98920453, 0.12700865, 0.073097438, -0.29387563;
 -0.14396705, 0.74919701, 0.64651167, -0.26073831;
 0.027348191, -0.65005589, 0.75939411, -0.3416999;
 0, 0, 0, 1]
Ow:
[0.26251027;
 0.010545075;
 0.4495368]
Keyframe: 49 Frame: 869 Frame from vFrameID : 870
Tcw:
[0.98677766, -0.15681477, 0.040975176, 0.25073424;
 0.14331454, 0.72610962, -0.67247736, 0.018551335;
 0.075701907, 0.66945797, 0.73898256, 0.46861234;
 0, 0, 0, 1]
Twc:
[0.98677766, 0.14331454, 0.075701907, -0.2855525;
 -0.15681477, 0.72610962, 0.66945797, -0.28786775;
 0.040975176, -0.67247736, 0.73898256, -0.3440949;
 0, 0, 0, 1]
Ow:
[0.25073424;
 0.018551335;
 0.46861234]
Keyframe: 50 Frame: 878 Frame from vFrameID : 879
Tcw:
[0.99054939, -0.12340327, 0.059863158, 0.26171663;
 0.13201091, 0.73935449, -0.66024852, 0.017601207;
 0.03721673, 0.66191131, 0.7486577, 0.46681309;
 0, 0, 0, 1]
Twc:
[0.99054939, 0.13201091, 0.03721673, -0.27894005;
 -0.12340327, 0.73935449, 0.66191131, -0.28970572;
 0.059863158, -0.66024852, 0.7486577, -0.35352921;
 0, 0, 0, 1]
Ow:
[0.26171663;
 0.017601207;
 0.46681309]
Keyframe: 51 Frame: 887 Frame from vFrameID : 888
Tcw:
[0.98953348, -0.094597772, 0.10897142, 0.26928297;
 0.14268176, 0.75429291, -0.64084643, 0.021710545;
 -0.021573726, 0.64968723, 0.75989544, 0.46293142;
 0, 0, 0, 1]
Twc:
[0.98953348, 0.14268176, -0.021573726, -0.25957504;
 -0.094597772, 0.75429291, 0.64968723, -0.29166317;
 0.10897142, -0.64084643, 0.75989544, -0.36721051;
 0, 0, 0, 1]
Ow:
[0.26928297;
 0.021710545;
 0.46293142]
Keyframe: 52 Frame: 895 Frame from vFrameID : 896
Tcw:
[0.98914385, -0.1143917, 0.092243992, 0.26722977;
 0.14659089, 0.72422248, -0.67380482, 0.047927633;
 0.010272505, 0.68001205, 0.73312896, 0.47564811;
 0, 0, 0, 1]
Twc:
[0.98914385, 0.14659089, 0.010272505, -0.27624053;
 -0.1143917, 0.72422248, 0.68001205, -0.32758784;
 0.092243992, -0.67380482, 0.73312896, -0.34106791;
 0, 0, 0, 1]
Ow:
[0.26722977;
 0.047927633;
 0.47564811]
Keyframe: 53 Frame: 904 Frame from vFrameID : 905
Tcw:
[0.99081635, -0.13348226, 0.021573387, 0.27664059;
 0.11196911, 0.72052693, -0.6843273, 0.044129878;
 0.07580135, 0.68045825, 0.72885579, 0.48434544;
 0, 0, 0, 1]
Twc:
[0.99081635, 0.11196911, 0.07580135, -0.31575528;
 -0.13348226, 0.72052693, 0.68045825, -0.32444701;
 0.021573387, -0.6843273, 0.72885579, -0.32878676;
 0, 0, 0, 1]
Ow:
[0.27664059;
 0.044129878;
 0.48434544]
Keyframe: 54 Frame: 913 Frame from vFrameID : 914
Tcw:
[0.991162, -0.12364078, 0.048071247, 0.27775925;
 0.12435183, 0.73975611, -0.66128474, 0.030860364;
 0.046200763, 0.66141808, 0.74859309, 0.49667016;
 0, 0, 0, 1]
Twc:
[0.991162, 0.12435183, 0.046200763, -0.3020885;
 -0.12364078, 0.73975611, 0.66141808, -0.31699339;
 0.048071247, -0.66128474, 0.74859309, -0.3647486;
 0, 0, 0, 1]
Ow:
[0.27775925;
 0.030860364;
 0.49667016]
Keyframe: 55 Frame: 922 Frame from vFrameID : 923
Tcw:
[0.98962003, -0.11927927, 0.080154128, 0.28073919;
 0.14262013, 0.7466442, -0.6497553, 0.026123077;
 0.017655723, 0.65444243, 0.75590569, 0.50069237;
 0, 0, 0, 1]
Twc:
[0.98962003, 0.14262013, 0.017655723, -0.29039085;
 -0.11927927, 0.7466442, 0.65444243, -0.3136926;
 0.080154128, -0.6497553, 0.75590569, -0.38400498;
 0, 0, 0, 1]
Ow:
[0.28073919;
 0.026123077;
 0.50069237]
Keyframe: 56 Frame: 931 Frame from vFrameID : 932
Tcw:
[0.98946679, -0.11981287, 0.081242748, 0.27221018;
 0.14342599, 0.73537809, -0.66230512, 0.030372322;
 0.019608546, 0.66698122, 0.74481642, 0.5072372;
 0, 0, 0, 1]
Twc:
[0.98946679, 0.14342599, 0.019608546, -0.28364527;
 -0.11981287, 0.73537809, 0.66698122, -0.32803854;
 0.081242748, -0.66230512, 0.74481642, -0.37979794;
 0, 0, 0, 1]
Ow:
[0.27221018;
 0.030372322;
 0.5072372]
Keyframe: 57 Frame: 940 Frame from vFrameID : 941
Tcw:
[0.98923552, -0.14600334, 0.0098019773, 0.28357509;
 0.11683652, 0.74773568, -0.6536364, 0.025747001;
 0.088103801, 0.64774561, 0.75674528, 0.51108319;
 0, 0, 0, 1]
Twc:
[0.98923552, 0.11683652, 0.088103801, -0.32855913;
 -0.14600334, 0.74773568, 0.64774561, -0.30890092;
 0.0098019773, -0.6536364, 0.75674528, -0.37271017;
 0, 0, 0, 1]
Ow:
[0.28357509;
 0.025747001;
 0.51108319]
Keyframe: 58 Frame: 949 Frame from vFrameID : 950
Tcw:
[0.99145311, -0.12522118, 0.036611605, 0.28586674;
 0.11881528, 0.75074124, -0.64982349, 0.03075166;
 0.053885818, 0.64861953, 0.7592029, 0.51902765;
 0, 0, 0, 1]
Twc:
[0.99145311, 0.11881528, 0.053885818, -0.31504548;
 -0.12522118, 0.75074124, 0.64861953, -0.32394144;
 0.036611605, -0.64982349, 0.7592029, -0.38453019;
 0, 0, 0, 1]
Ow:
[0.28586674;
 0.03075166;
 0.51902765]
Keyframe: 59 Frame: 957 Frame from vFrameID : 958
Tcw:
[0.98838419, -0.1287889, 0.080685489, 0.28603685;
 0.15002923, 0.74214864, -0.65322787, 0.029909551;
 0.024247875, 0.65774524, 0.75285006, 0.52066302;
 0, 0, 0, 1]
Twc:
[0.98838419, 0.15002923, 0.024247875, -0.29982656;
 -0.1287889, 0.74214864, 0.65774524, -0.32782263;
 0.080685489, -0.65322787, 0.75285006, -0.39552251;
 0, 0, 0, 1]
Ow:
[0.28603685;
 0.029909551;
 0.52066302]
Keyframe: 60 Frame: 965 Frame from vFrameID : 966
Tcw:
[0.98871654, -0.12804063, 0.077750713, 0.28999656;
 0.14801727, 0.75525695, -0.63849652, 0.0307675;
 0.023031732, 0.64280051, 0.76568729, 0.52191043;
 0, 0, 0, 1]
Twc:
[0.98871654, 0.14801727, 0.023031732, -0.30329901;
 -0.12804063, 0.75525695, 0.64280051, -0.32159033;
 0.077750713, -0.63849652, 0.76568729, -0.40252268;
 0, 0, 0, 1]
Ow:
[0.28999656;
 0.0307675;
 0.52191043]
Keyframe: 61 Frame: 974 Frame from vFrameID : 975
Tcw:
[0.98686045, -0.16051257, 0.018498002, 0.2917594;
 0.13281383, 0.74066192, -0.65862006, 0.036077559;
 0.092016034, 0.6524229, 0.75224829, 0.53410184;
 0, 0, 0, 1]
Twc:
[0.98686045, 0.13281383, 0.092016034, -0.34186333;
 -0.16051257, 0.74066192, 0.6524229, -0.32835045;
 0.018498002, -0.65862006, 0.75224829, -0.38341272;
 0, 0, 0, 1]
Ow:
[0.2917594;
 0.036077559;
 0.53410184]
Keyframe: 62 Frame: 983 Frame from vFrameID : 984
Tcw:
[0.98737085, -0.15682919, 0.022436563, 0.29303861;
 0.13514757, 0.7599023, -0.63583302, 0.033742011;
 0.082667582, 0.63083524, 0.77150047, 0.53834474;
 0, 0, 0, 1]
Twc:
[0.98737085, 0.13514757, 0.082667582, -0.33840159;
 -0.15682919, 0.7599023, 0.63083524, -0.31929043;
 0.022436563, -0.63583302, 0.77150047, -0.40045369;
 0, 0, 0, 1]
Ow:
[0.29303861;
 0.033742011;
 0.53834474]
Keyframe: 63 Frame: 991 Frame from vFrameID : 992
Tcw:
[0.98201746, -0.18062298, 0.054927412, 0.2948685;
 0.17109238, 0.72847092, -0.66336834, 0.041868925;
 0.079806544, 0.66083694, 0.74627441, 0.5449993;
 0, 0, 0, 1]
Twc:
[0.98201746, 0.17109238, 0.079806544, -0.34022397;
 -0.18062298, 0.72847092, 0.66083694, -0.33739594;
 0.054927412, -0.66336834, 0.74627441, -0.39514089;
 0, 0, 0, 1]
Ow:
[0.2948685;
 0.041868925;
 0.5449993]
Keyframe: 64 Frame: 1000 Frame from vFrameID : 1001
Tcw:
[0.98950934, -0.12158214, 0.078032181, 0.29389313;
 0.14289476, 0.74416322, -0.6525352, 0.036829829;
 0.021267947, 0.65684009, 0.75372994, 0.55008394;
 0, 0, 0, 1]
Twc:
[0.98950934, 0.14289476, 0.021267947, -0.30777195;
 -0.12158214, 0.74416322, 0.65684009, -0.35299245;
 0.078032181, -0.6525352, 0.75372994, -0.41351506;
 0, 0, 0, 1]
Ow:
[0.29389313;
 0.036829829;
 0.55008394]
Keyframe: 65 Frame: 1009 Frame from vFrameID : 1010
Tcw:
[0.98802042, -0.1435855, 0.056558549, 0.27535695;
 0.14411215, 0.72735059, -0.67096406, 0.047783971;
 0.055202819, 0.67107701, 0.73932964, 0.56073594;
 0, 0, 0, 1]
Twc:
[0.98802042, 0.14411215, 0.055202819, -0.30989873;
 -0.1435855, 0.72735059, 0.67107701, -0.37151542;
 0.056558549, -0.67096406, 0.73932964, -0.39808115;
 0, 0, 0, 1]
Ow:
[0.27535695;
 0.047783971;
 0.56073594]
Keyframe: 66 Frame: 1018 Frame from vFrameID : 1019
Tcw:
[0.99120247, -0.1214261, 0.052662667, 0.27928954;
 0.12616611, 0.74660277, -0.65319711, 0.047433019;
 0.039997082, 0.65409482, 0.75535434, 0.56122816;
 0, 0, 0, 1]
Twc:
[0.99120247, 0.12616611, 0.039997082, -0.30526444;
 -0.1214261, 0.74660277, 0.65409482, -0.36859703;
 0.052662667, -0.65319711, 0.75535434, -0.40765119;
 0, 0, 0, 1]
Ow:
[0.27928954;
 0.047433019;
 0.56122816]
Keyframe: 67 Frame: 1026 Frame from vFrameID : 1027
Tcw:
[0.99060774, -0.088083498, 0.10458282, 0.28134286;
 0.13548307, 0.73554116, -0.66379482, 0.043376923;
 -0.018455602, 0.67172951, 0.74056661, 0.56903404;
 0, 0, 0, 1]
Twc:
[0.99060774, 0.13548307, -0.018455602, -0.27407539;
 -0.088083498, 0.73554116, 0.67172951, -0.38936079;
 0.10458282, -0.66379482, 0.74056661, -0.42203787;
 0, 0, 0, 1]
Ow:
[0.28134286;
 0.043376923;
 0.56903404]
Keyframe: 68 Frame: 1034 Frame from vFrameID : 1035
Tcw:
[0.98869753, -0.049860179, 0.14138995, 0.26925519;
 0.13100411, 0.74591452, -0.65303093, 0.050860405;
 -0.072904579, 0.66417277, 0.74401575, 0.56619895;
 0, 0, 0, 1]
Twc:
[0.98869753, 0.13100411, -0.072904579, -0.23159638;
 -0.049860179, 0.74591452, 0.66417277, -0.40056634;
 0.14138995, -0.65303093, 0.74401575, -0.42611751;
 0, 0, 0, 1]
Ow:
[0.26925519;
 0.050860405;
 0.56619895]
Keyframe: 69 Frame: 1043 Frame from vFrameID : 1044
Tcw:
[0.98924983, -0.078981645, 0.12307171, 0.27689055;
 0.14169417, 0.72580433, -0.67314994, 0.054918826;
 -0.036159486, 0.68335205, 0.72919303, 0.57147044;
 0, 0, 0, 1]
Twc:
[0.98924983, 0.14169417, -0.036159486, -0.26103154;
 -0.078981645, 0.72580433, 0.68335205, -0.40850651;
 0.12307171, -0.67314994, 0.72919303, -0.41382104;
 0, 0, 0, 1]
Ow:
[0.27689055;
 0.054918826;
 0.57147044]
Keyframe: 70 Frame: 1052 Frame from vFrameID : 1053
Tcw:
[0.99020195, -0.083377555, 0.11201908, 0.27931958;
 0.13636021, 0.75023806, -0.64695346, 0.049465448;
 -0.030099582, 0.65588951, 0.75425655, 0.57798195;
 0, 0, 0, 1]
Twc:
[0.99020195, 0.13636021, -0.030099582, -0.26593089;
 -0.083377555, 0.75023806, 0.65588951, -0.39291418;
 0.11201908, -0.64695346, 0.75425655, -0.43523398;
 0, 0, 0, 1]
Ow:
[0.27931958;
 0.049465448;
 0.57798195]
Keyframe: 71 Frame: 1061 Frame from vFrameID : 1062
Tcw:
[0.99074429, -0.082703881, 0.10763764, 0.27994022;
 0.13345774, 0.73832691, -0.66110694, 0.051485062;
 -0.02479565, 0.66935301, 0.74253058, 0.58312094;
 0, 0, 0, 1]
Twc:
[0.99074429, 0.13345774, -0.02479565, -0.26976138;
 -0.082703881, 0.73832691, 0.66935301, -0.40517446;
 0.10763764, -0.66110694, 0.74253058, -0.42908019;
 0, 0, 0, 1]
Ow:
[0.27994022;
 0.051485062;
 0.58312094]
Keyframe: 72 Frame: 1070 Frame from vFrameID : 1071
Tcw:
[0.98496962, -0.063127562, 0.16077848, 0.27820808;
 0.15425092, 0.74034095, -0.65429497, 0.053685516;
 -0.077726848, 0.66926092, 0.73895085, 0.5835318;
 0, 0, 0, 1]
Twc:
[0.98496962, 0.15425092, -0.077726848, -0.23695147;
 -0.063127562, 0.74034095, 0.66926092, -0.412718;
 0.16077848, -0.65429497, 0.73895085, -0.44080502;
 0, 0, 0, 1]
Ow:
[0.27820808;
 0.053685516;
 0.5835318]
Keyframe: 73 Frame: 1078 Frame from vFrameID : 1079
Tcw:
[0.98480636, -0.082438551, 0.15284069, 0.2815865;
 0.16280204, 0.74456978, -0.6473881, 0.056347191;
 -0.060430825, 0.6624347, 0.74667823, 0.58611131;
 0, 0, 0, 1]
Twc:
[0.98480636, 0.16280204, -0.060430825, -0.25106242;
 -0.082438551, 0.74456978, 0.6624347, -0.40700132;
 0.15284069, -0.6473881, 0.74667823, -0.44419596;
 0, 0, 0, 1]
Ow:
[0.2815865;
 0.056347191;
 0.58611131]
Keyframe: 74 Frame: 1087 Frame from vFrameID : 1088
Tcw:
[0.98655051, -0.13237657, 0.095888078, 0.28426522;
 0.16273916, 0.74055308, -0.65199471, 0.058759987;
 0.015298603, 0.65883046, 0.75213587, 0.58831549;
 0, 0, 0, 1]
Twc:
[0.98655051, 0.16273916, 0.015298603, -0.29900497;
 -0.13237657, 0.74055308, 0.65883046, -0.39348504;
 0.095888078, -0.65199471, 0.75213587, -0.43143964;
 0, 0, 0, 1]
Ow:
[0.28426522;
 0.058759987;
 0.58831549]
Keyframe: 75 Frame: 1096 Frame from vFrameID : 1097
Tcw:
[0.99010307, -0.11750171, 0.076741666, 0.28608531;
 0.13896307, 0.74434811, -0.65317309, 0.058927566;
 0.01962644, 0.65737295, 0.75330979, 0.59118092;
 0, 0, 0, 1]
Twc:
[0.99010307, 0.13896307, 0.01962644, -0.30304545;
 -0.11750171, 0.74434811, 0.65737295, -0.39887345;
 0.076741666, -0.65317309, 0.75330979, -0.42880708;
 0, 0, 0, 1]
Ow:
[0.28608531;
 0.058927566;
 0.59118092]
Keyframe: 76 Frame: 1107 Frame from vFrameID : 1108
Tcw:
[0.98880905, -0.088050306, 0.12043194, 0.28981313;
 0.14478569, 0.76101315, -0.63237339, 0.058270067;
 -0.035969615, 0.64273334, 0.76524508, 0.59801382;
 0, 0, 0, 1]
Twc:
[0.98880905, 0.14478569, -0.035969615, -0.27349618;
 -0.088050306, 0.76101315, 0.64273334, -0.4031896;
 0.12043194, -0.63237339, 0.76524508, -0.45568144;
 0, 0, 0, 1]
Ow:
[0.28981313;
 0.058270067;
 0.59801382]
Keyframe: 77 Frame: 1117 Frame from vFrameID : 1118
Tcw:
[0.99194431, -0.091288507, 0.087822862, 0.29280403;
 0.12657082, 0.74231684, -0.65798599, 0.066547662;
 -0.0051258253, 0.66380131, 0.74789143, 0.60192078;
 0, 0, 0, 1]
Twc:
[0.99194431, 0.12657082, -0.0051258253, -0.29578292;
 -0.091288507, 0.74231684, 0.66380131, -0.42222556;
 0.087822862, -0.65798599, 0.74789143, -0.43209887;
 0, 0, 0, 1]
Ow:
[0.29280403;
 0.066547662;
 0.60192078]
Keyframe: 78 Frame: 1127 Frame from vFrameID : 1128
Tcw:
[0.99322701, -0.091426253, 0.071702935, 0.29702157;
 0.1161319, 0.76167083, -0.63747227, 0.065440565;
 0.0036676633, 0.6414817, 0.7671296, 0.60798478;
 0, 0, 0, 1]
Twc:
[0.99322701, 0.1161319, 0.0036676633, -0.30483949;
 -0.091426253, 0.76167083, 0.6414817, -0.4126997;
 0.071702935, -0.63747227, 0.7671296, -0.44598386;
 0, 0, 0, 1]
Ow:
[0.29702157;
 0.065440565;
 0.60798478]
Keyframe: 79 Frame: 1136 Frame from vFrameID : 1137
Tcw:
[0.98844546, -0.11252429, 0.10155717, 0.30371624;
 0.15153836, 0.71847403, -0.67884547, 0.061234295;
 0.0034204221, 0.68639153, 0.72722417, 0.62509096;
 0, 0, 0, 1]
Twc:
[0.98844546, 0.15153836, 0.0034204221, -0.31162438;
 -0.11252429, 0.71847403, 0.68639153, -0.4388769;
 0.10155717, -0.67884547, 0.72722417, -0.44385716;
 0, 0, 0, 1]
Ow:
[0.30371624;
 0.061234295;
 0.62509096]
Keyframe: 80 Frame: 1145 Frame from vFrameID : 1146
Tcw:
[0.98979187, -0.079150416, 0.11852131, 0.30446148;
 0.13786443, 0.74256253, -0.65543437, 0.061639547;
 -0.036131587, 0.66508347, 0.74589437, 0.62405211;
 0, 0, 0, 1]
Twc:
[0.98979187, 0.13786443, -0.036131587, -0.28730339;
 -0.079150416, 0.74256253, 0.66508347, -0.43671972;
 0.11852131, -0.65543437, 0.74589437, -0.46116149;
 0, 0, 0, 1]
Ow:
[0.30446148;
 0.061639547;
 0.62405211]
Keyframe: 81 Frame: 1153 Frame from vFrameID : 1154
Tcw:
[0.99340105, -0.095186777, 0.063983403, 0.30819157;
 0.1132926, 0.72748905, -0.67670119, 0.061485559;
 0.017865777, 0.67948449, 0.73347229, 0.63140559;
 0, 0, 0, 1]
Twc:
[0.99340105, 0.1132926, 0.017865777, -0.32440424;
 -0.095186777, 0.72748905, 0.67948449, -0.4444246;
 0.063983403, -0.67670119, 0.73347229, -0.44123036;
 0, 0, 0, 1]
Ow:
[0.30819157;
 0.061485559;
 0.63140559]
Keyframe: 82 Frame: 1162 Frame from vFrameID : 1163
Tcw:
[0.99405432, -0.094098337, 0.054786384, 0.3110013;
 0.10622471, 0.72751331, -0.67782056, 0.062448651;
 0.023923965, 0.67961007, 0.73318332, 0.63692212;
 0, 0, 0, 1]
Twc:
[0.99405432, 0.10622471, 0.023923965, -0.33102348;
 -0.094098337, 0.72751331, 0.67961007, -0.44902626;
 0.054786384, -0.67782056, 0.73318332, -0.44169036;
 0, 0, 0, 1]
Ow:
[0.3110013;
 0.062448651;
 0.63692212]
Keyframe: 83 Frame: 1172 Frame from vFrameID : 1173
Tcw:
[0.9899056, -0.082714386, 0.11508815, 0.31350535;
 0.13882883, 0.72931808, -0.66994154, 0.063358247;
 -0.028522061, 0.67915642, 0.73343921, 0.63735849;
 0, 0, 0, 1]
Twc:
[0.9899056, 0.13882883, -0.028522061, -0.30095786;
 -0.082714386, 0.72931808, 0.67915642, -0.45314303;
 0.11508815, -0.66994154, 0.73343921, -0.4610981;
 0, 0, 0, 1]
Ow:
[0.31350535;
 0.063358247;
 0.63735849]
Keyframe: 84 Frame: 1181 Frame from vFrameID : 1182
Tcw:
[0.99080515, -0.089667276, 0.10131595, 0.3147715;
 0.13471062, 0.72342235, -0.677136, 0.067790478;
 -0.012577278, 0.68455821, 0.72884971, 0.64882892;
 0, 0, 0, 1]
Twc:
[0.99080515, 0.13471062, -0.012577278, -0.31284884;
 -0.089667276, 0.72342235, 0.68455821, -0.46497759;
 0.10131595, -0.677136, 0.72884971, -0.45888677;
 0, 0, 0, 1]
Ow:
[0.3147715;
 0.067790478;
 0.64882892]
Keyframe: 85 Frame: 1189 Frame from vFrameID : 1190
Tcw:
[0.9899534, -0.13801344, 0.030733146, 0.32177889;
 0.1226725, 0.73025703, -0.67206854, 0.06731686;
 0.070311397, 0.66908669, 0.73985088, 0.6529088;
 0, 0, 0, 1]
Twc:
[0.9899534, 0.1226725, 0.070311397, -0.37271097;
 -0.13801344, 0.73025703, 0.66908669, -0.44160134;
 0.030733146, -0.67206854, 0.73985088, -0.44770288;
 0, 0, 0, 1]
Ow:
[0.32177889;
 0.06731686;
 0.6529088]
Keyframe: 86 Frame: 1198 Frame from vFrameID : 1199
Tcw:
[0.99020386, -0.13908793, 0.012281192, 0.32409933;
 0.11033706, 0.72554004, -0.67927712, 0.066777974;
 0.085568748, 0.67397791, 0.73377913, 0.65963256;
 0, 0, 0, 1]
Twc:
[0.99020386, 0.11033706, 0.085568748, -0.38473642;
 -0.13908793, 0.72554004, 0.67397791, -0.44794956;
 0.012281192, -0.67927712, 0.73377913, -0.44264421;
 0, 0, 0, 1]
Ow:
[0.32409933;
 0.066777974;
 0.65963256]
Keyframe: 87 Frame: 1207 Frame from vFrameID : 1208
Tcw:
[0.98514038, -0.15352455, 0.076997489, 0.32532772;
 0.16378543, 0.70481068, -0.69022918, 0.070277154;
 0.051698461, 0.69258368, 0.71948254, 0.66167498;
 0, 0, 0, 1]
Twc:
[0.98514038, 0.16378543, 0.051698461, -0.36621144;
 -0.15352455, 0.70481068, 0.69258368, -0.45785156;
 0.076997489, -0.69022918, 0.71948254, -0.45260566;
 0, 0, 0, 1]
Ow:
[0.32532772;
 0.070277154;
 0.66167498]
Keyframe: 88 Frame: 1216 Frame from vFrameID : 1217
Tcw:
[0.98794425, -0.13416071, 0.077246904, 0.32762644;
 0.1507366, 0.719926, -0.67748433, 0.070993721;
 0.035279725, 0.68096066, 0.73146969, 0.66462958;
 0, 0, 0, 1]
Twc:
[0.98794425, 0.1507366, 0.035279725, -0.35782596;
 -0.13416071, 0.719926, 0.68096066, -0.45974228;
 0.077246904, -0.67748433, 0.73146969, -0.4633674;
 0, 0, 0, 1]
Ow:
[0.32762644;
 0.070993721;
 0.66462958]
Keyframe: 89 Frame: 1225 Frame from vFrameID : 1226
Tcw:
[0.99128431, -0.12639466, 0.03714605, 0.32827228;
 0.11751748, 0.72095126, -0.68294871, 0.069996059;
 0.059540574, 0.68136162, 0.72952121, 0.67023146;
 0, 0, 0, 1]
Twc:
[0.99128431, 0.11751748, 0.059540574, -0.37354288;
 -0.12639466, 0.72095126, 0.68136162, -0.46564189;
 0.03714605, -0.68294871, 0.72952121, -0.45333838;
 0, 0, 0, 1]
Ow:
[0.32827228;
 0.069996059;
 0.67023146]
Keyframe: 90 Frame: 1233 Frame from vFrameID : 1234
Tcw:
[0.98945987, -0.12379044, 0.075133868, 0.32957798;
 0.141857, 0.72441614, -0.67460942, 0.070581704;
 0.029082011, 0.67815721, 0.7343412, 0.6718694;
 0, 0, 0, 1]
Twc:
[0.98945987, 0.141857, 0.029082011, -0.355656;
 -0.12379044, 0.72441614, 0.67815721, -0.46596497;
 0.075133868, -0.67460942, 0.7343412, -0.47052875;
 0, 0, 0, 1]
Ow:
[0.32957798;
 0.070581704;
 0.6718694]
