Keyframe: 0 Frame: 0 Frame from vFrameID : 66
Tcw:
[0.99998778, 0.0034701647, -0.0035221053, 0.032934081;
 -0.0049396819, 0.7323252, -0.68093717, -0.095651448;
 0.0002163623, 0.68094623, 0.73233342, -0.0026456229;
 0, 0, 0, 1]
Twc:
[0.99998778, -0.0049396819, 0.0002163623, -0.033405595;
 0.0034701647, 0.7323252, 0.68094623, 0.071735203;
 -0.0035221053, -0.68093717, 0.73233342, -0.063079149;
 0, 0, 0, 1]
Ow:
[0.032934081;
 -0.095651448;
 -0.0026456229]
Keyframe: 1 Frame: 72 Frame from vFrameID : 66
Tcw:
[0.99999577, -0.0025440804, 0.0014016062, -0.024505824;
 0.0028018935, 0.71769214, -0.69635493, 0.0036279038;
 0.00076566113, 0.69635588, 0.71769625, -0.0077146636;
 0, 0, 0, 1]
Twc:
[0.99999577, 0.0028018935, 0.00076566113, 0.024501463;
 -0.0025440804, 0.71769214, 0.69635588, 0.0027060888;
 0.0014016062, -0.69635493, 0.71769625, 0.0080974409;
 0, 0, 0, 1]
Ow:
[-0.024505824;
 0.0036279038;
 -0.0077146636]
