Keyframe: 0 Frame: 0 Frame from vFrameID : 66
Tcw:
[0.99996239, -0.0034167368, -0.0079743387, 0.038898502;
 -0.0031416935, 0.71417469, -0.69996047, -0.095651582;
 0.0080866516, 0.69995916, 0.71413708, -0.015014846;
 0, 0, 0, 1]
Twc:
[0.99996239, -0.0031416935, 0.0080866516, -0.039076127;
 -0.0034167368, 0.71417469, 0.69995916, 0.078954622;
 -0.0079743387, -0.69996047, 0.71413708, -0.055919476;
 0, 0, 0, 1]
Ow:
[0.038898502;
 -0.095651582;
 -0.015014846]
Keyframe: 1 Frame: 76 Frame from vFrameID : 66
Tcw:
[0.99998492, -0.0023596699, -0.0049541979, -nan;
 -0.0017705668, 0.71579194, -0.69831139, -inf;
 0.005193959, 0.69830966, 0.71577698, -nan;
 0, 0, 0, 1]
Twc:
[0.99998492, -0.0017705668, 0.005193959, -inf;
 -0.0023596699, 0.71579194, 0.69830966, inf;
 -0.0049541979, -0.69831139, 0.71577698, -inf;
 0, 0, 0, 1]
Ow:
[-nan;
 -inf;
 -nan]
