Keyframe: 0 Frame: 0 Frame from vFrameID : 210
Tcw:
[1, 0, 0, 0;
 0, 1, 0, 0;
 0, 0, 1, 0;
 0, 0, 0, 1]
Twc:
[1, 0, 0, 0;
 0, 1, 0, 0;
 0, 0, 1, 0;
 0, 0, 0, 1]
Ow:
[0;
 0;
 0]
Keyframe: 1 Frame: 209 Frame from vFrameID : 210
Tcw:
[0.99993908, 0.010655326, -0.0028848944, 0.015102906;
 -0.01064564, 0.99993771, 0.0033523426, -0.00052203977;
 0.002920435, -0.0033214267, 0.99999022, 0.024887167;
 0, 0, 0, 1]
Twc:
[0.99993908, -0.01064564, 0.002920435, -0.015180225;
 0.010655326, 0.99993771, -0.0033214267, 0.0004437418;
 -0.0028848944, 0.0033523426, 0.99999022, -0.024841603;
 0, 0, 0, 1]
Ow:
[0.015102906;
 -0.00052203977;
 0.024887167]
Keyframe: 2 Frame: 212 Frame from vFrameID : 213
Tcw:
[0.99996811, 0.0075037251, -0.0027421652, 0.018716274;
 -0.0075400653, 0.99988055, -0.013491537, -0.00076425442;
 0.002640601, 0.013511783, 0.99990523, 0.037900075;
 0, 0, 0, 1]
Twc:
[0.99996811, -0.0075400653, 0.002640601, -0.018821517;
 0.0075037251, 0.99988055, 0.013511783, 0.00011162378;
 -0.0027421652, -0.013491537, 0.99990523, -0.037855472;
 0, 0, 0, 1]
Ow:
[0.018716274;
 -0.00076425442;
 0.037900075]
Keyframe: 3 Frame: 214 Frame from vFrameID : 215
Tcw:
[0.9999873, -0.0034763147, -0.0036494792, 0.025532797;
 0.0033968845, 0.999762, -0.021549968, 0.0053086774;
 0.0037235252, 0.021537298, 0.9997611, 0.042735919;
 0, 0, 0, 1]
Twc:
[0.9999873, 0.0033968845, 0.0037235252, -0.025709635;
 -0.0034763147, 0.999762, 0.021537298, -0.0061390707;
 -0.0036494792, -0.021549968, 0.9997611, -0.042518128;
 0, 0, 0, 1]
Ow:
[0.025532797;
 0.0053086774;
 0.042735919]
Keyframe: 4 Frame: 217 Frame from vFrameID : 218
Tcw:
[0.99996865, -0.0043809805, 0.0065954113, 0.02235744;
 0.0044203317, 0.99997246, -0.005963725, 0.001291418;
 -0.0065691024, 0.005992692, 0.99996048, 0.059285019;
 0, 0, 0, 1]
Twc:
[0.99996865, 0.0044203317, -0.0065691024, -0.021972999;
 -0.0043809805, 0.99997246, 0.005992692, -0.0015487116;
 0.0065954113, -0.005963725, 0.99996048, -0.059422426;
 0, 0, 0, 1]
Ow:
[0.02235744;
 0.001291418;
 0.059285019]
Keyframe: 5 Frame: 220 Frame from vFrameID : 221
Tcw:
[0.99999267, 0.0036513475, 0.001162373, 0.032934919;
 -0.0035980367, 0.99907011, -0.042965341, 0.00011988101;
 -0.0013181735, 0.042960841, 0.99907589, 0.070182607;
 0, 0, 0, 1]
Twc:
[0.99999267, -0.0035980367, -0.0013181735, -0.032841731;
 0.0036513475, 0.99907011, 0.042960841, -0.0032551303;
 0.001162373, -0.042965341, 0.99907589, -0.070150882;
 0, 0, 0, 1]
Ow:
[0.032934919;
 0.00011988101;
 0.070182607]
Keyframe: 6 Frame: 223 Frame from vFrameID : 224
Tcw:
[0.99991363, 0.007605107, 0.010716339, 0.029578047;
 -0.0071324166, 0.99902892, -0.043477636, -0.0015614099;
 -0.011036584, 0.043397449, 0.99899691, 0.080308363;
 0, 0, 0, 1]
Twc:
[0.99991363, -0.0071324166, -0.011036584, -0.028700301;
 0.007605107, 0.99902892, 0.043397449, -0.0021502285;
 0.010716339, -0.043477636, 0.99899691, -0.080612659;
 0, 0, 0, 1]
Ow:
[0.029578047;
 -0.0015614099;
 0.080308363]
Keyframe: 7 Frame: 226 Frame from vFrameID : 227
Tcw:
[0.99990982, -0.008599136, 0.010314959, 0.033591796;
 0.0087998351, 0.99976975, -0.019572148, 0.0019791573;
 -0.01014428, 0.019661153, 0.99975526, 0.093954138;
 0, 0, 0, 1]
Twc:
[0.99990982, 0.0087998351, -0.01014428, -0.032653086;
 -0.008599136, 0.99976975, 0.019661153, -0.0035370877;
 0.010314959, -0.019572148, 0.99975526, -0.094238907;
 0, 0, 0, 1]
Ow:
[0.033591796;
 0.0019791573;
 0.093954138]
Keyframe: 8 Frame: 229 Frame from vFrameID : 230
Tcw:
[0.99989814, -0.012335872, 0.0071814279, 0.035773955;
 0.012440921, 0.9998135, -0.014771591, 0.0017731872;
 -0.006997868, 0.01485943, 0.99986511, 0.10259834;
 0, 0, 0, 1]
Twc:
[0.99989814, 0.012440921, -0.006997868, -0.035074402;
 -0.012335872, 0.9998135, 0.01485943, -0.0028561063;
 0.0071814279, -0.014771591, 0.99986511, -0.10281521;
 0, 0, 0, 1]
Ow:
[0.035773955;
 0.0017731872;
 0.10259834]
Keyframe: 9 Frame: 232 Frame from vFrameID : 233
Tcw:
[0.99989444, -0.013896674, 0.0042426917, 0.04141169;
 0.013930799, 0.99986994, -0.0081225922, 0.0028771362;
 -0.0041292631, 0.008180839, 0.99995804, 0.11567377;
 0, 0, 0, 1]
Twc:
[0.99989444, 0.013930799, -0.0041292631, -0.040969756;
 -0.013896674, 0.99986994, 0.008180839, -0.0032475858;
 0.0042426917, -0.0081225922, 0.99995804, -0.11582123;
 0, 0, 0, 1]
Ow:
[0.04141169;
 0.0028771362;
 0.11567377]
Keyframe: 10 Frame: 235 Frame from vFrameID : 236
Tcw:
[0.99991256, -0.012280324, 0.004907378, 0.045145702;
 0.012321066, 0.99988914, -0.0083599361, 0.0049958802;
 -0.0048041712, 0.0084196692, 0.99995303, 0.12375319;
 0, 0, 0, 1]
Twc:
[0.99991256, 0.012321066, -0.0048041712, -0.044608776;
 -0.012280324, 0.99988914, 0.0084196692, -0.0054828832;
 0.004907378, -0.0083599361, 0.99995303, -0.12392715;
 0, 0, 0, 1]
Ow:
[0.045145702;
 0.0049958802;
 0.12375319]
Keyframe: 11 Frame: 238 Frame from vFrameID : 239
Tcw:
[0.9995836, -0.024733804, -0.014859966, 0.053594731;
 0.024729604, 0.99969405, -0.00046630658, 0.0056379223;
 0.014866953, 9.8631346e-05, 0.99988949, 0.14169143;
 0, 0, 0, 1]
Twc:
[0.9995836, 0.024729604, 0.014866953, -0.05581836;
 -0.024733804, 0.99969405, 9.8631346e-05, -0.0043245712;
 -0.014859966, -0.00046630658, 0.99988949, -0.14087673;
 0, 0, 0, 1]
Ow:
[0.053594731;
 0.0056379223;
 0.14169143]
Keyframe: 12 Frame: 241 Frame from vFrameID : 242
Tcw:
[0.99972177, -0.016044877, -0.017289596, 0.061597578;
 0.0162687, 0.99978465, 0.012883598, 0.0035783434;
 0.017079156, -0.013161293, 0.99976754, 0.15105172;
 0, 0, 0, 1]
Twc:
[0.99972177, 0.0162687, 0.017079156, -0.064218491;
 -0.016044877, 0.99978465, -0.013161293, -0.0006012115;
 -0.017289596, 0.012883598, 0.99976754, -0.1499977;
 0, 0, 0, 1]
Ow:
[0.061597578;
 0.0035783434;
 0.15105172]
Keyframe: 13 Frame: 245 Frame from vFrameID : 246
Tcw:
[0.99952716, -0.01221962, -0.028215133, 0.070876062;
 0.01315954, 0.99935639, 0.03337083, -0.00022891769;
 0.027789194, -0.033726349, 0.99904472, 0.167218;
 0, 0, 0, 1]
Twc:
[0.99952716, 0.01315954, 0.027789194, -0.075486399;
 -0.01221962, 0.99935639, -0.033726349, 0.0067345016;
 -0.028215133, 0.03337083, 0.99904472, -0.16505083;
 0, 0, 0, 1]
Ow:
[0.070876062;
 -0.00022891769;
 0.167218]
Keyframe: 14 Frame: 249 Frame from vFrameID : 250
Tcw:
[0.99947137, -0.016731355, -0.027875431, 0.079094529;
 0.01736814, 0.99959004, 0.022760628, 0.001861183;
 0.027483188, -0.023232739, 0.99935228, 0.18169238;
 0, 0, 0, 1]
Twc:
[0.99947137, 0.01736814, 0.027483188, -0.084078535;
 -0.016731355, 0.99959004, -0.023232739, 0.0036841503;
 -0.027875431, 0.022760628, 0.99935228, -0.17941225;
 0, 0, 0, 1]
Ow:
[0.079094529;
 0.001861183;
 0.18169238]
Keyframe: 15 Frame: 253 Frame from vFrameID : 254
Tcw:
[0.99942803, -0.026172759, -0.02141482, 0.084581509;
 0.026979579, 0.99890214, 0.038297001, 0.0035069189;
 0.02038897, -0.038852859, 0.99903691, 0.20163102;
 0, 0, 0, 1]
Twc:
[0.99942803, 0.026979579, 0.02038897, -0.088738792;
 -0.026172759, 0.99890214, -0.038852859, 0.0065446044;
 -0.02141482, 0.038297001, 0.99903691, -0.19975984;
 0, 0, 0, 1]
Ow:
[0.084581509;
 0.0035069189;
 0.20163102]
Keyframe: 16 Frame: 257 Frame from vFrameID : 258
Tcw:
[0.99941069, -0.028937329, -0.018464847, 0.087877959;
 0.029533898, 0.99902225, 0.03289802, 0.003806609;
 0.017494811, -0.033423968, 0.99928814, 0.21794291;
 0, 0, 0, 1]
Twc:
[0.99941069, 0.029533898, 0.017494811, -0.091751456;
 -0.028937329, 0.99902225, -0.033423968, 0.0060245837;
 -0.018464847, 0.03289802, 0.99928814, -0.21629034;
 0, 0, 0, 1]
Ow:
[0.087877959;
 0.003806609;
 0.21794291]
Keyframe: 17 Frame: 261 Frame from vFrameID : 262
Tcw:
[0.99971682, -0.01641863, -0.017225249, 0.095542654;
 0.01683028, 0.99956954, 0.024031641, 0.0016525867;
 0.016823268, -0.024314741, 0.9995628, 0.23539561;
 0, 0, 0, 1]
Twc:
[0.99971682, 0.01683028, 0.016823268, -0.099503532;
 -0.01641863, 0.99956954, -0.024314741, 0.0056403871;
 -0.017225249, 0.024031641, 0.9995628, -0.23368666;
 0, 0, 0, 1]
Ow:
[0.095542654;
 0.0016525867;
 0.23539561]
Keyframe: 18 Frame: 266 Frame from vFrameID : 267
Tcw:
[0.99921268, -0.03635481, -0.015884137, 0.10161689;
 0.0363793, 0.99933726, 0.0012555941, 0.0017926684;
 0.015827963, -0.0018324592, 0.99987304, 0.2563878;
 0, 0, 0, 1]
Twc:
[0.99921268, 0.0363793, 0.015827963, -0.1056602;
 -0.03635481, 0.99933726, -0.0018324592, 0.0023726027;
 -0.015884137, 0.0012555941, 0.99987304, -0.2547434;
 0, 0, 0, 1]
Ow:
[0.10161689;
 0.0017926684;
 0.2563878]
Keyframe: 19 Frame: 271 Frame from vFrameID : 272
Tcw:
[0.99905807, -0.04332418, 0.0024532457, 0.11093321;
 0.043249808, 0.99875367, 0.024911426, 0.003313459;
 -0.0035294553, -0.024781859, 0.99968666, 0.27976757;
 0, 0, 0, 1]
Twc:
[0.99905807, 0.043249808, -0.0035294553, -0.1099846;
 -0.04332418, 0.99875367, -0.024781859, 0.0084299212;
 0.0024532457, 0.024911426, 0.99968666, -0.2800346;
 0, 0, 0, 1]
Ow:
[0.11093321;
 0.003313459;
 0.27976757]
Keyframe: 20 Frame: 276 Frame from vFrameID : 277
Tcw:
[0.99926811, -0.036967196, -0.0098300586, 0.12237632;
 0.037123483, 0.99917901, 0.016222378, 0.0038124444;
 0.0092222923, -0.016575431, 0.99982011, 0.30430695;
 0, 0, 0, 1]
Twc:
[0.99926811, 0.037123483, 0.0092222923, -0.12523469;
 -0.036967196, 0.99917901, -0.016575431, 0.0057586138;
 -0.0098300586, 0.016222378, 0.99982011, -0.30311108;
 0, 0, 0, 1]
Ow:
[0.12237632;
 0.0038124444;
 0.30430695]
Keyframe: 21 Frame: 282 Frame from vFrameID : 283
Tcw:
[0.99944437, -0.020800726, -0.026043532, 0.1397083;
 0.020400781, 0.99967128, -0.015529485, 0.0026950808;
 0.026357995, 0.014989548, 0.99954015, 0.32620627;
 0, 0, 0, 1]
Twc:
[0.99944437, 0.020400781, 0.026357995, -0.14828379;
 -0.020800726, 0.99967128, 0.014989548, -0.0046778456;
 -0.026043532, -0.015529485, 0.99954015, -0.32237592;
 0, 0, 0, 1]
Ow:
[0.1397083;
 0.0026950808;
 0.32620627]
Keyframe: 22 Frame: 287 Frame from vFrameID : 288
Tcw:
[0.99911249, -0.022143131, -0.035832208, 0.14770484;
 0.022166343, 0.99975425, 0.00025060776, 0.0018967497;
 0.035817854, -0.0010446544, 0.99935776, 0.34765017;
 0, 0, 0, 1]
Twc:
[0.99911249, 0.022166343, 0.035817854, -0.16006787;
 -0.022143131, 0.99975425, -0.0010446544, 0.0017375384;
 -0.035832208, 0.00025060776, 0.99935776, -0.3421348;
 0, 0, 0, 1]
Ow:
[0.14770484;
 0.0018967497;
 0.34765017]
Keyframe: 23 Frame: 292 Frame from vFrameID : 293
Tcw:
[0.99894845, -0.021729369, -0.040370476, 0.15604973;
 0.02217089, 0.99969882, 0.010521362, 0.0045575448;
 0.040129691, -0.011405347, 0.99912935, 0.37291515;
 0, 0, 0, 1]
Twc:
[0.99894845, 0.02217089, 0.040129691, -0.17095166;
 -0.021729369, 0.99969882, -0.011405347, 0.0030879171;
 -0.040370476, 0.010521362, 0.99912935, -0.36633864;
 0, 0, 0, 1]
Ow:
[0.15604973;
 0.0045575448;
 0.37291515]
Keyframe: 24 Frame: 298 Frame from vFrameID : 299
Tcw:
[0.99781102, -0.029517934, -0.059176955, 0.15992463;
 0.02913714, 0.99954885, -0.0072875977, 0.0025367504;
 0.059365373, 0.0055473982, 0.99822092, 0.40417424;
 0, 0, 0, 1]
Twc:
[0.99781102, 0.02913714, 0.059365373, -0.18364242;
 -0.029517934, 0.99954885, 0.0055473982, -5.7077094e-05;
 -0.059176955, -0.0072875977, 0.99822092, -0.39397284;
 0, 0, 0, 1]
Ow:
[0.15992463;
 0.0025367504;
 0.40417424]
Keyframe: 25 Frame: 304 Frame from vFrameID : 305
Tcw:
[0.99784094, -0.048569404, -0.044209048, 0.17310202;
 0.048807915, 0.99879879, 0.0043310937, 0.0019949106;
 0.043945588, -0.0064794943, 0.99901289, 0.4256618;
 0, 0, 0, 1]
Twc:
[0.99784094, 0.048807915, 0.043945588, -0.19153161;
 -0.048569404, 0.99879879, -0.0064794943, 0.0091730207;
 -0.044209048, 0.0043310937, 0.99901289, -0.41759762;
 0, 0, 0, 1]
Ow:
[0.17310202;
 0.0019949106;
 0.4256618]
Keyframe: 26 Frame: 310 Frame from vFrameID : 311
Tcw:
[0.9982568, -0.0360508, -0.046729639, 0.19051346;
 0.035955608, 0.99934924, -0.0028763302, 0.0019512433;
 0.046802923, 0.0011911237, 0.99890345, 0.45359939;
 0, 0, 0, 1]
Twc:
[0.9982568, 0.035955608, 0.046802923, -0.2114813;
 -0.0360508, 0.99934924, 0.0011911237, 0.0043778964;
 -0.046729639, -0.0028763302, 0.99890345, -0.44419375;
 0, 0, 0, 1]
Ow:
[0.19051346;
 0.0019512433;
 0.45359939]
Keyframe: 27 Frame: 316 Frame from vFrameID : 317
Tcw:
[0.99682784, -0.011808364, -0.078707047, 0.20826107;
 0.010976828, 0.99987936, -0.010989254, 0.0051250774;
 0.078827314, 0.010090441, 0.9968372, 0.47773567;
 0, 0, 0, 1]
Twc:
[0.99682784, 0.010976828, 0.078827314, -0.24531533;
 -0.011808364, 0.99987936, 0.010090441, -0.0074858;
 -0.078707047, -0.010989254, 0.9968372, -0.45977676;
 0, 0, 0, 1]
Ow:
[0.20826107;
 0.0051250774;
 0.47773567]
Keyframe: 28 Frame: 322 Frame from vFrameID : 323
Tcw:
[0.99861169, -0.024010215, -0.046885293, 0.22409238;
 0.024050534, 0.99971068, 0.00029591433, 0.0069642588;
 0.046864621, -0.0014231198, 0.99890023, 0.50227785;
 0, 0, 0, 1]
Twc:
[0.99861169, 0.024050534, 0.046864621, -0.24748783;
 -0.024010215, 0.99971068, -0.0014231198, -0.00086693582;
 -0.046885293, 0.00029591433, 0.99890023, -0.49122089;
 0, 0, 0, 1]
Ow:
[0.22409238;
 0.0069642588;
 0.50227785]
Keyframe: 29 Frame: 328 Frame from vFrameID : 329
Tcw:
[0.99936414, -0.033024818, -0.013441421, 0.23300636;
 0.033018742, 0.9994545, -0.00067377946, 0.01009075;
 0.01345634, 0.00022953223, 0.99990946, 0.53116512;
 0, 0, 0, 1]
Twc:
[0.99936414, 0.033018742, 0.01345634, -0.24033894;
 -0.033024818, 0.9994545, 0.00022953223, -0.0025121719;
 -0.013441421, -0.00067377946, 0.99990946, -0.52797824;
 0, 0, 0, 1]
Ow:
[0.23300636;
 0.01009075;
 0.53116512]
Keyframe: 30 Frame: 335 Frame from vFrameID : 336
Tcw:
[0.99860883, -0.052344292, 0.0063607376, 0.24253345;
 0.052353658, 0.99862772, -0.0013149519, 0.010622906;
 -0.0062831785, 0.0016461305, 0.9999789, 0.55639762;
 0, 0, 0, 1]
Twc:
[0.99860883, 0.052353658, -0.0062831785, -0.23925626;
 -0.052344292, 0.99862772, 0.0016461305, 0.0011710112;
 0.0063607376, -0.0013149519, 0.9999789, -0.55791461;
 0, 0, 0, 1]
Ow:
[0.24253345;
 0.010622906;
 0.55639762]
Keyframe: 31 Frame: 342 Frame from vFrameID : 343
Tcw:
[0.99873406, -0.047876183, -0.015431643, 0.25502825;
 0.047904018, 0.99885088, 0.0014389805, 0.011800964;
 0.015345017, -0.0021763965, 0.9998799, 0.58256513;
 0, 0, 0, 1]
Twc:
[0.99873406, 0.047904018, 0.015345017, -0.26421019;
 -0.047876183, 0.99885088, -0.0021763965, 0.0016902684;
 -0.015431643, 0.0014389805, 0.9998799, -0.57857662;
 0, 0, 0, 1]
Ow:
[0.25502825;
 0.011800964;
 0.58256513]
Keyframe: 32 Frame: 348 Frame from vFrameID : 349
Tcw:
[0.99632102, -0.025205307, -0.081909209, 0.27353525;
 0.025531642, 0.99966967, 0.00293898, 0.015723696;
 0.081808075, -0.005019444, 0.99663544, 0.60301328;
 0, 0, 0, 1]
Twc:
[0.99632102, 0.025531642, 0.081808075, -0.32226172;
 -0.025205307, 0.99966967, -0.005019444, -0.005797171;
 -0.081909209, 0.00293898, 0.99663544, -0.57862556;
 0, 0, 0, 1]
Ow:
[0.27353525;
 0.015723696;
 0.60301328]
Keyframe: 33 Frame: 354 Frame from vFrameID : 355
Tcw:
[0.9951629, -0.026421139, -0.094618931, 0.28648469;
 0.029047988, 0.99922687, 0.026493298, 0.017878685;
 0.093845792, -0.029113635, 0.995161, 0.61678541;
 0, 0, 0, 1]
Twc:
[0.9951629, 0.029047988, 0.093845792, -0.34350097;
 -0.026421139, 0.99922687, -0.029113635, 0.0076612546;
 -0.094618931, 0.026493298, 0.995161, -0.58716756;
 0, 0, 0, 1]
Ow:
[0.28648469;
 0.017878685;
 0.61678541]
Keyframe: 34 Frame: 360 Frame from vFrameID : 361
Tcw:
[0.99654859, -0.041351173, -0.071978949, 0.29539219;
 0.044027437, 0.9983815, 0.035999872, 0.021092366;
 0.070373811, -0.039044667, 0.99675626, 0.63559622;
 0, 0, 0, 1]
Twc:
[0.99654859, 0.044027437, 0.070373811, -0.34003064;
 -0.041351173, 0.9983815, -0.039044667, 0.015973231;
 -0.071978949, 0.035999872, 0.99675626, -0.6130318;
 0, 0, 0, 1]
Ow:
[0.29539219;
 0.021092366;
 0.63559622]
Keyframe: 35 Frame: 366 Frame from vFrameID : 367
Tcw:
[0.99819642, -0.044171486, -0.040654406, 0.30508196;
 0.04523119, 0.99865037, 0.025525987, 0.022142479;
 0.039472017, -0.027318796, 0.99884719, 0.66023594;
 0, 0, 0, 1]
Twc:
[0.99819642, 0.04523119, 0.039472017, -0.33159411;
 -0.044171486, 0.99865037, -0.027318796, 0.0094001787;
 -0.040654406, 0.025525987, 0.99884719, -0.64763707;
 0, 0, 0, 1]
Ow:
[0.30508196;
 0.022142479;
 0.66023594]
Keyframe: 36 Frame: 371 Frame from vFrameID : 372
Tcw:
[0.99841762, -0.053819831, -0.016300591, 0.30759984;
 0.054240692, 0.99817401, 0.026582239, 0.018815437;
 0.014840174, -0.027424332, 0.99951375, 0.67764002;
 0, 0, 0, 1]
Twc:
[0.99841762, 0.054240692, 0.014840174, -0.31818998;
 -0.053819831, 0.99817401, -0.027424332, 0.016357718;
 -0.016300591, 0.026582239, 0.99951375, -0.67279661;
 0, 0, 0, 1]
Ow:
[0.30759984;
 0.018815437;
 0.67764002]
Keyframe: 37 Frame: 377 Frame from vFrameID : 378
Tcw:
[0.99829346, -0.053514201, 0.023375543, 0.31177127;
 0.052871089, 0.99822772, 0.027314629, 0.022945298;
 -0.024795834, -0.026032126, 0.99935353, 0.69794214;
 0, 0, 0, 1]
Twc:
[0.99829346, 0.052871089, -0.024795834, -0.29514632;
 -0.053514201, 0.99822772, -0.026032126, 0.011948477;
 0.023375543, 0.027314629, 0.99935353, -0.70540553;
 0, 0, 0, 1]
Ow:
[0.31177127;
 0.022945298;
 0.69794214]
Keyframe: 38 Frame: 383 Frame from vFrameID : 384
Tcw:
[0.99825227, -0.057706557, 0.01274185, 0.32658711;
 0.057332113, 0.99796188, 0.02802041, 0.024803041;
 -0.014332841, -0.027240921, 0.99952614, 0.72228378;
 0, 0, 0, 1]
Twc:
[0.99825227, 0.057332113, -0.014332841, -0.31708595;
 -0.057706557, 0.99796188, -0.027240921, 0.013769404;
 0.01274185, 0.02802041, 0.99952614, -0.72679782;
 0, 0, 0, 1]
Ow:
[0.32658711;
 0.024803041;
 0.72228378]
Keyframe: 39 Frame: 389 Frame from vFrameID : 390
Tcw:
[0.99896049, -0.029473532, -0.034773432, 0.34110966;
 0.029921455, 0.99947494, 0.012431789, 0.024736818;
 0.034388766, -0.013459338, 0.99931788, 0.74368244;
 0, 0, 0, 1]
Twc:
[0.99896049, 0.029921455, 0.034388766, -0.36706957;
 -0.029473532, 0.99947494, -0.013459338, -0.0046606506;
 -0.034773432, 0.012431789, 0.99931788, -0.73162115;
 0, 0, 0, 1]
Ow:
[0.34110966;
 0.024736818;
 0.74368244]
Keyframe: 40 Frame: 395 Frame from vFrameID : 396
Tcw:
[0.99914426, -0.034285374, -0.023136985, 0.3512632;
 0.033450253, 0.99880743, -0.03556462, 0.025091946;
 0.024328737, 0.034760248, 0.99909949, 0.75984102;
 0, 0, 0, 1]
Twc:
[0.99914426, 0.033450253, 0.024328737, -0.3702879;
 -0.034285374, 0.99880743, 0.034760248, -0.039431091;
 -0.023136985, -0.03556462, 0.99909949, -0.75013727;
 0, 0, 0, 1]
Ow:
[0.3512632;
 0.025091946;
 0.75984102]
Keyframe: 41 Frame: 401 Frame from vFrameID : 402
Tcw:
[0.99872565, -0.050340377, 0.003587621, 0.35685596;
 0.050369527, 0.99869394, -0.0085605448, 0.030290646;
 -0.0031519944, 0.0087303426, 0.99995691, 0.77989626;
 0, 0, 0, 1]
Twc:
[0.99872565, 0.050369527, -0.0031519944, -0.35546872;
 -0.050340377, 0.99869394, 0.0087303426, -0.019095585;
 0.003587621, -0.0085605448, 0.99995691, -0.78088367;
 0, 0, 0, 1]
Ow:
[0.35685596;
 0.030290646;
 0.77989626]
Keyframe: 42 Frame: 407 Frame from vFrameID : 408
Tcw:
[0.99775791, -0.061908457, 0.025426023, 0.36287156;
 0.061545923, 0.99799448, 0.014802475, 0.027403045;
 -0.02629143, -0.013204419, 0.99956709, 0.8040967;
 0, 0, 0, 1]
Twc:
[0.99775791, 0.061545923, -0.02629143, -0.34260368;
 -0.061908457, 0.99799448, -0.013204419, 0.0057343631;
 0.025426023, 0.014802475, 0.99956709, -0.81338066;
 0, 0, 0, 1]
Ow:
[0.36287156;
 0.027403045;
 0.8040967]
Keyframe: 43 Frame: 413 Frame from vFrameID : 414
Tcw:
[0.99648035, -0.072816253, 0.04153036, 0.36584067;
 0.072873659, 0.99734116, 0.00013199988, 0.027046951;
 -0.041429549, 0.002894934, 0.99913722, 0.82560235;
 0, 0, 0, 1]
Twc:
[0.99648035, 0.072873659, -0.041429549, -0.33231968;
 -0.072816253, 0.99734116, 0.002894934, -0.0027259572;
 0.04153036, 0.00013199988, 0.99913722, -0.84008712;
 0, 0, 0, 1]
Ow:
[0.36584067;
 0.027046951;
 0.82560235]
Keyframe: 44 Frame: 419 Frame from vFrameID : 420
Tcw:
[0.99537772, -0.075985901, 0.05873058, 0.37117139;
 0.075459525, 0.9970867, 0.011132148, 0.02604204;
 -0.059405368, -0.0066489107, 0.9982118, 0.84590161;
 0, 0, 0, 1]
Twc:
[0.99537772, 0.075459525, -0.059405368, -0.32116979;
 -0.075985901, 0.9970867, -0.0066489107, 0.0078619448;
 0.05873058, 0.011132148, 0.9982118, -0.86647797;
 0, 0, 0, 1]
Ow:
[0.37117139;
 0.02604204;
 0.84590161]
Keyframe: 45 Frame: 424 Frame from vFrameID : 425
Tcw:
[0.995332, -0.074977472, 0.060766619, 0.3789407;
 0.073553883, 0.99696934, 0.025338046, 0.030186201;
 -0.062482238, -0.020750148, 0.99783033, 0.86364186;
 0, 0, 0, 1]
Twc:
[0.995332, 0.073553883, -0.062482238, -0.32542986;
 -0.074977472, 0.99696934, -0.020750148, 0.016237997;
 0.060766619, 0.025338046, 0.99783033, -0.88555986;
 0, 0, 0, 1]
Ow:
[0.3789407;
 0.030186201;
 0.86364186]
Keyframe: 46 Frame: 429 Frame from vFrameID : 430
Tcw:
[0.99675655, -0.065841772, 0.046273533, 0.39188153;
 0.066065058, 0.99780983, -0.0033110932, 0.028186254;
 -0.045954175, 0.0063574174, 0.9989233, 0.8801825;
 0, 0, 0, 1]
Twc:
[0.99675655, 0.066065058, -0.045954175, -0.35202456;
 -0.065841772, 0.99780983, 0.0063574174, -0.0079180347;
 0.046273533, -0.0033110932, 0.9989233, -0.89727521;
 0, 0, 0, 1]
Ow:
[0.39188153;
 0.028186254;
 0.8801825]
Keyframe: 47 Frame: 435 Frame from vFrameID : 436
Tcw:
[0.99620497, -0.059274897, 0.063734598, 0.39718589;
 0.058933236, 0.99823576, 0.0072290301, 0.027022332;
 -0.06405066, -0.0034455096, 0.99794072, 0.89843839;
 0, 0, 0, 1]
Twc:
[0.99620497, 0.058933236, -0.06405066, -0.33972552;
 -0.059274897, 0.99823576, -0.0034455096, -0.00033592631;
 0.063734598, 0.0072290301, 0.99794072, -0.9220981;
 0, 0, 0, 1]
Ow:
[0.39718589;
 0.027022332;
 0.89843839]
Keyframe: 48 Frame: 440 Frame from vFrameID : 441
Tcw:
[0.99537468, -0.058740307, 0.07601855, 0.40027565;
 0.057804909, 0.9982233, 0.014449129, 0.025543181;
 -0.076732233, -0.0099880518, 0.99700171, 0.91260052;
 0, 0, 0, 1]
Twc:
[0.99537468, 0.057804909, -0.076732233, -0.3298749;
 -0.058740307, 0.9982233, -0.0099880518, 0.0071296166;
 0.07601855, 0.014449129, 0.99700171, -0.94066173;
 0, 0, 0, 1]
Ow:
[0.40027565;
 0.025543181;
 0.91260052]
Keyframe: 49 Frame: 445 Frame from vFrameID : 446
Tcw:
[0.99352092, -0.076875456, 0.083704047, 0.39826488;
 0.077052936, 0.99702638, 0.0011128633, 0.023462601;
 -0.0835407, 0.0053439899, 0.99649006, 0.9310863;
 0, 0, 0, 1]
Twc:
[0.99352092, 0.077052936, -0.0835407, -0.31970876;
 -0.076875456, 0.99702638, 0.0053439899, 0.002248246;
 0.083704047, 0.0011128633, 0.99649006, -0.96118069;
 0, 0, 0, 1]
Ow:
[0.39826488;
 0.023462601;
 0.9310863]
Keyframe: 50 Frame: 451 Frame from vFrameID : 452
Tcw:
[0.991956, -0.086614646, 0.092310391, 0.40156028;
 0.08719983, 0.99618816, -0.0023172498, 0.023479819;
 -0.091757812, 0.01034806, 0.9957276, 0.95185524;
 0, 0, 0, 1]
Twc:
[0.991956, 0.08719983, -0.091757812, -0.31303743;
 -0.086614646, 0.99618816, 0.01034806, 0.0015408313;
 0.092310391, -0.0023172498, 0.9957276, -0.98480231;
 0, 0, 0, 1]
Ow:
[0.40156028;
 0.023479819;
 0.95185524]
Keyframe: 51 Frame: 457 Frame from vFrameID : 458
Tcw:
[0.98994887, -0.085536592, 0.11262627, 0.40663737;
 0.085981488, 0.99629635, 0.00091018935, 0.025109924;
 -0.11228699, 0.0087827342, 0.99363703, 0.97237617;
 0, 0, 0, 1]
Twc:
[0.98994887, 0.085981488, -0.11228699, -0.295524;
 -0.085536592, 0.99629635, 0.0087827342, 0.0012253288;
 0.11262627, 0.00091018935, 0.99363703, -1.0120099;
 0, 0, 0, 1]
Ow:
[0.40663737;
 0.025109924;
 0.97237617]
Keyframe: 52 Frame: 462 Frame from vFrameID : 463
Tcw:
[0.99191642, -0.087729111, 0.091681346, 0.41239882;
 0.087857857, 0.99612951, 0.0026385421, 0.02289727;
 -0.091557972, 0.0054377136, 0.99578488, 0.9914484;
 0, 0, 0, 1]
Twc:
[0.99191642, 0.087857857, -0.091557972, -0.32030186;
 -0.087729111, 0.99612951, 0.0054377136, 0.0079795215;
 0.091681346, 0.0026385421, 0.99578488, -1.0251391;
 0, 0, 0, 1]
Ow:
[0.41239882;
 0.02289727;
 0.9914484]
Keyframe: 53 Frame: 467 Frame from vFrameID : 468
Tcw:
[0.99634826, -0.06866765, 0.050743528, 0.42388499;
 0.068548933, 0.99763942, 0.0040782467, 0.02005459;
 -0.05090379, -0.0005849392, 0.99870342, 1.0056347;
 0, 0, 0, 1]
Twc:
[0.99634826, 0.068548933, -0.05090379, -0.37252116;
 -0.06866765, 0.99763942, -0.0005849392, 0.0096881688;
 0.050743528, 0.0040782467, 0.99870342, -1.0259218;
 0, 0, 0, 1]
Ow:
[0.42388499;
 0.02005459;
 1.0056347]
Keyframe: 54 Frame: 472 Frame from vFrameID : 473
Tcw:
[0.99630535, -0.067798883, 0.05271538, 0.42928982;
 0.068221152, 0.99765062, -0.0062504518, 0.020103944;
 -0.052167758, 0.0098236622, 0.99858999, 1.0175924;
 0, 0, 0, 1]
Twc:
[0.99630535, 0.068221152, -0.052167758, -0.37598974;
 -0.067798883, 0.99765062, 0.0098236622, -0.00094782579;
 0.05271538, -0.0062504518, 0.99858999, -1.0386622;
 0, 0, 0, 1]
Ow:
[0.42928982;
 0.020103944;
 1.0175924]
Keyframe: 55 Frame: 477 Frame from vFrameID : 478
Tcw:
[0.99627012, -0.064847238, 0.056926861, 0.43606019;
 0.064539045, 0.99788892, 0.0072377175, 0.020431768;
 -0.057276029, -0.0035367166, 0.99835211, 1.0346746;
 0, 0, 0, 1]
Twc:
[0.99627012, 0.064539045, -0.057276029, -0.37649035;
 -0.064847238, 0.99788892, -0.0035367166, 0.011548015;
 0.056926861, 0.0072377175, 0.99835211, -1.057941;
 0, 0, 0, 1]
Ow:
[0.43606019;
 0.020431768;
 1.0346746]
Keyframe: 56 Frame: 482 Frame from vFrameID : 483
Tcw:
[0.99296856, -0.088185713, 0.078972988, 0.43654266;
 0.089130089, 0.99598366, -0.0085072666, 0.019727618;
 -0.077905588, 0.015486318, 0.99684048, 1.0555323;
 0, 0, 0, 1]
Twc:
[0.99296856, 0.089130089, -0.077905588, -0.35299957;
 -0.088185713, 0.99598366, 0.015486318, 0.0025021317;
 0.078972988, -0.0085072666, 0.99684048, -1.0865046;
 0, 0, 0, 1]
Ow:
[0.43654266;
 0.019727618;
 1.0555323]
Keyframe: 57 Frame: 487 Frame from vFrameID : 488
Tcw:
[0.99126077, -0.082323618, 0.10307737, 0.44370514;
 0.086289845, 0.99566829, -0.034621719, 0.018182065;
 -0.099780694, 0.043213684, 0.99407059, 1.0726186;
 0, 0, 0, 1]
Twc:
[0.99126077, 0.086289845, -0.099780694, -0.33436978;
 -0.082323618, 0.99566829, 0.043213684, -0.027927697;
 0.10307737, -0.034621719, 0.99407059, -1.1113652;
 0, 0, 0, 1]
Ow:
[0.44370514;
 0.018182065;
 1.0726186]
Keyframe: 58 Frame: 492 Frame from vFrameID : 493
Tcw:
[0.98936278, -0.085271455, 0.11785639, 0.44807655;
 0.086923175, 0.99617493, -0.0089368131, 0.01915049;
 -0.11664353, 0.019086201, 0.99299043, 1.0896816;
 0, 0, 0, 1]
Twc:
[0.98936278, 0.086923175, -0.11664353, -0.31787053;
 -0.085271455, 0.99617493, 0.019086201, -0.001666983;
 0.11785639, -0.0089368131, 0.99299043, -1.134681;
 0, 0, 0, 1]
Ow:
[0.44807655;
 0.01915049;
 1.0896816]
Keyframe: 59 Frame: 497 Frame from vFrameID : 498
Tcw:
[0.99047053, -0.09101747, 0.10336348, 0.45346308;
 0.091267861, 0.99582368, 0.0023144558, 0.02024458;
 -0.10314246, 0.0071413638, 0.99464095, 1.1047384;
 0, 0, 0, 1]
Twc:
[0.99047053, 0.091267861, -0.10314246, -0.33704403;
 -0.09101747, 0.99582368, 0.0071413638, 0.013223692;
 0.10336348, 0.0023144558, 0.99464095, -1.1457365;
 0, 0, 0, 1]
Ow:
[0.45346308;
 0.02024458;
 1.1047384]
Keyframe: 60 Frame: 502 Frame from vFrameID : 503
Tcw:
[0.99396586, -0.085868344, 0.068253286, 0.46511179;
 0.088242427, 0.99556673, -0.032559484, 0.019859605;
 -0.065154873, 0.038385853, 0.99713659, 1.1211739;
 0, 0, 0, 1]
Twc:
[0.99396586, 0.088242427, -0.065154873, -0.39100778;
 -0.085868344, 0.99556673, 0.038385853, -0.022870392;
 0.068253286, -0.032559484, 0.99713659, -1.1490622;
 0, 0, 0, 1]
Ow:
[0.46511179;
 0.019859605;
 1.1211739]
Keyframe: 61 Frame: 507 Frame from vFrameID : 508
Tcw:
[0.99638397, -0.073741369, 0.042203862, 0.4760316;
 0.074028037, 0.99724227, -0.0052683507, 0.016835377;
 -0.041698977, 0.0083735697, 0.99909514, 1.1372089;
 0, 0, 0, 1]
Twc:
[0.99638397, 0.074028037, -0.041698977, -0.42813611;
 -0.073741369, 0.99724227, 0.0083735697, 0.0087917745;
 0.042203862, -0.0052683507, 0.99909514, -1.1561816;
 0, 0, 0, 1]
Ow:
[0.4760316;
 0.016835377;
 1.1372089]
Keyframe: 62 Frame: 512 Frame from vFrameID : 513
Tcw:
[0.99636734, -0.070639335, 0.047562752, 0.48318043;
 0.070974849, 0.99746346, -0.0054006539, 0.017779414;
 -0.047060613, 0.008756794, 0.99885362, 1.1528844;
 0, 0, 0, 1]
Twc:
[0.99636734, 0.070974849, -0.047060613, -0.42843163;
 -0.070639335, 0.99746346, 0.008756794, 0.0063016536;
 0.047562752, -0.0054006539, 0.99885362, -1.1744481;
 0, 0, 0, 1]
Ow:
[0.48318043;
 0.017779414;
 1.1528844]
Keyframe: 63 Frame: 517 Frame from vFrameID : 518
Tcw:
[0.99577409, -0.072007366, 0.05699864, 0.48579121;
 0.071931839, 0.9974038, 0.0033783386, 0.017273374;
 -0.057093929, 0.00073595485, 0.99836856, 1.1693187;
 0, 0, 0, 1]
Twc:
[0.99577409, 0.071931839, -0.057093929, -0.41821983;
 -0.072007366, 0.9974038, 0.00073595485, 0.016891452;
 0.05699864, 0.0033783386, 0.99836856, -1.1951587;
 0, 0, 0, 1]
Ow:
[0.48579121;
 0.017273374;
 1.1693187]
Keyframe: 64 Frame: 522 Frame from vFrameID : 523
Tcw:
[0.9946385, -0.079723194, 0.065866828, 0.49045184;
 0.08061552, 0.99668461, -0.01099834, 0.017539535;
 -0.06477163, 0.016249262, 0.99776781, 1.1866266;
 0, 0, 0, 1]
Twc:
[0.9946385, 0.08061552, -0.06477163, -0.41237652;
 -0.079723194, 0.99668461, 0.016249262, 0.0023371959;
 0.065866828, -0.01099834, 0.99776781, -1.2160894;
 0, 0, 0, 1]
Ow:
[0.49045184;
 0.017539535;
 1.1866266]
Keyframe: 65 Frame: 527 Frame from vFrameID : 528
Tcw:
[0.99133021, -0.093843311, 0.091966495, 0.49775618;
 0.094395526, 0.99553341, -0.0016635021, 0.015987407;
 -0.091399603, 0.010330305, 0.99576074, 1.2034655;
 0, 0, 0, 1]
Twc:
[0.99133021, 0.094395526, -0.091399603, -0.38495365;
 -0.093843311, 0.99553341, 0.010330305, 0.018362926;
 0.091966495, -0.0016635021, 0.99576074, -1.2441139;
 0, 0, 0, 1]
Ow:
[0.49775618;
 0.015987407;
 1.2034655]
Keyframe: 66 Frame: 533 Frame from vFrameID : 534
Tcw:
[0.9896633, -0.10471965, 0.097981401, 0.50582784;
 0.10561556, 0.99439901, -0.0039878371, 0.016375361;
 -0.097015001, 0.014294976, 0.99518025, 1.2241775;
 0, 0, 0, 1]
Twc:
[0.9896633, 0.10561556, -0.097015001, -0.38356513;
 -0.10471965, 0.99439901, 0.014294976, 0.019186875;
 0.097981401, -0.0039878371, 0.99518025, -1.2677736;
 0, 0, 0, 1]
Ow:
[0.50582784;
 0.016375361;
 1.2241775]
Keyframe: 67 Frame: 538 Frame from vFrameID : 539
Tcw:
[0.99329519, -0.091763236, 0.0703151, 0.51729357;
 0.092231728, 0.99573165, -0.0034384311, 0.018034857;
 -0.069699444, 0.0099006603, 0.9975189, 1.2401077;
 0, 0, 0, 1]
Twc:
[0.99329519, 0.092231728, -0.069699444, -0.42905375;
 -0.091763236, 0.99573165, 0.0099006603, 0.017232768;
 0.0703151, -0.0034384311, 0.9975189, -1.2733424;
 0, 0, 0, 1]
Ow:
[0.51729357;
 0.018034857;
 1.2401077]
Keyframe: 68 Frame: 543 Frame from vFrameID : 544
Tcw:
[0.99406976, -0.089582704, 0.061646223, 0.52361125;
 0.089715756, 0.99596721, 0.00061186659, 0.01503058;
 -0.06145243, 0.0049223993, 0.9980979, 1.254279;
 0, 0, 0, 1]
Twc:
[0.99406976, 0.089715756, -0.06145243, -0.44477609;
 -0.089582704, 0.99596721, 0.0049223993, 0.025762487;
 0.061646223, 0.00061186659, 0.9980979, -1.284181;
 0, 0, 0, 1]
Ow:
[0.52361125;
 0.01503058;
 1.254279]
Keyframe: 69 Frame: 549 Frame from vFrameID : 550
Tcw:
[0.99478751, -0.082617916, 0.059767351, 0.53180861;
 0.082410738, 0.99658084, 0.0059272707, 0.015477297;
 -0.060052693, -0.00097090349, 0.99819475, 1.2741132;
 0, 0, 0, 1]
Twc:
[0.99478751, 0.082410738, -0.060052693, -0.45379812;
 -0.082617916, 0.99658084, -0.00097090349, 0.029749582;
 0.059767351, 0.0059272707, 0.99819475, -1.3036895;
 0, 0, 0, 1]
Ow:
[0.53180861;
 0.015477297;
 1.2741132]
Keyframe: 70 Frame: 555 Frame from vFrameID : 556
Tcw:
[0.99427938, -0.085819073, 0.063589267, 0.53908122;
 0.086952455, 0.99609542, -0.015270666, 0.012855968;
 -0.062030461, 0.020712551, 0.9978593, 1.2950842;
 0, 0, 0, 1]
Twc:
[0.99427938, 0.086952455, -0.062030461, -0.45678052;
 -0.085819073, 0.99609542, 0.020712551, 0.0066331807;
 0.063589267, -0.015270666, 0.9978593, -1.3263954;
 0, 0, 0, 1]
Ow:
[0.53908122;
 0.012855968;
 1.2950842]
Keyframe: 71 Frame: 561 Frame from vFrameID : 562
Tcw:
[0.99035001, -0.10779425, 0.087104797, 0.54209065;
 0.10763135, 0.99416912, 0.0065782783, 0.0098093031;
 -0.087306, 0.0028604092, 0.99617743, 1.3126258;
 0, 0, 0, 1]
Twc:
[0.99035001, 0.10763135, -0.087306, -0.42331514;
 -0.10779425, 0.99416912, 0.0028604092, 0.044927496;
 0.087104797, 0.0065782783, 0.99617743, -1.3548914;
 0, 0, 0, 1]
Ow:
[0.54209065;
 0.0098093031;
 1.3126258]
Keyframe: 72 Frame: 567 Frame from vFrameID : 568
Tcw:
[0.98774928, -0.11716539, 0.10307105, 0.54882503;
 0.11723926, 0.9930892, 0.0053623095, 0.010894585;
 -0.10298702, 0.0067873555, 0.99465954, 1.3305881;
 0, 0, 0, 1]
Twc:
[0.98774928, 0.11723926, -0.10298702, -0.40634552;
 -0.11716539, 0.9930892, 0.0067873555, 0.044452835;
 0.10307105, 0.0053623095, 0.99465954, -1.3801085;
 0, 0, 0, 1]
Ow:
[0.54882503;
 0.010894585;
 1.3305881]
Keyframe: 73 Frame: 572 Frame from vFrameID : 573
Tcw:
[0.98844856, -0.11992569, 0.09266755, 0.55685985;
 0.1199333, 0.99276668, 0.0055071469, 0.0098454189;
 -0.092657708, 0.0056703938, 0.99568188, 1.3460282;
 0, 0, 0, 1]
Twc:
[0.98844856, 0.1199333, -0.092657708, -0.42688823;
 -0.11992569, 0.99276668, 0.0056703938, 0.049375091;
 0.09266755, 0.0055071469, 0.99568188, -1.391873;
 0, 0, 0, 1]
Ow:
[0.55685985;
 0.0098454189;
 1.3460282]
Keyframe: 74 Frame: 577 Frame from vFrameID : 578
Tcw:
[0.98818767, -0.12261505, 0.09192764, 0.56378311;
 0.12140721, 0.99242777, 0.018639432, 0.011176087;
 -0.093517013, -0.0072585791, 0.99559122, 1.3588775;
 0, 0, 0, 1]
Twc:
[0.98818767, 0.12140721, -0.093517013, -0.43140221;
 -0.12261505, 0.99242777, -0.0072585791, 0.06790036;
 0.09192764, 0.018639432, 0.99559122, -1.4049221;
 0, 0, 0, 1]
Ow:
[0.56378311;
 0.011176087;
 1.3588775]
Keyframe: 75 Frame: 582 Frame from vFrameID : 583
Tcw:
[0.98663282, -0.12015858, 0.11007965, 0.57254571;
 0.11977712, 0.99274945, 0.010095596, 0.0092949569;
 -0.11049459, 0.0032243778, 0.99387151, 1.3701251;
 0, 0, 0, 1]
Twc:
[0.98663282, 0.11977712, -0.11049459, -0.41461432;
 -0.12015858, 0.99274945, 0.0032243778, 0.055150911;
 0.11007965, 0.010095596, 0.99387151, -1.4248477;
 0, 0, 0, 1]
Ow:
[0.57254571;
 0.0092949569;
 1.3701251]
Keyframe: 76 Frame: 587 Frame from vFrameID : 588
Tcw:
[0.9842211, -0.11709977, 0.13265185, 0.57861352;
 0.11644527, 0.99311578, 0.012708032, 0.010319451;
 -0.13322675, 0.002939167, 0.99108124, 1.3800478;
 0, 0, 0, 1]
Twc:
[0.9842211, 0.11644527, -0.13322675, -0.38682601;
 -0.11709977, 0.99311578, 0.002939167, 0.053450912;
 0.13265185, 0.012708032, 0.99108124, -1.4446248;
 0, 0, 0, 1]
Ow:
[0.57861352;
 0.010319451;
 1.3800478]
Keyframe: 77 Frame: 593 Frame from vFrameID : 594
Tcw:
[0.98258358, -0.11428358, 0.14652225, 0.58628732;
 0.11747397, 0.99298716, -0.01328036, 0.010850711;
 -0.14397699, 0.030261615, 0.98911822, 1.3944311;
 0, 0, 0, 1]
Twc:
[0.98258358, 0.11747397, -0.14397699, -0.37658501;
 -0.11428358, 0.99298716, 0.030261615, 0.014030664;
 0.14652225, -0.01328036, 0.98911822, -1.4650172;
 0, 0, 0, 1]
Ow:
[0.58628732;
 0.010850711;
 1.3944311]
Keyframe: 78 Frame: 598 Frame from vFrameID : 599
Tcw:
[0.97999501, -0.13754663, 0.14384283, 0.59007549;
 0.13585536, 0.99049401, 0.021561982, 0.011383656;
 -0.14544123, -0.0015888154, 0.98936564, 1.4056745;
 0, 0, 0, 1]
Twc:
[0.97999501, 0.13585536, -0.14544123, -0.37537447;
 -0.13754663, 0.99049401, -0.0015888154, 0.072120801;
 0.14384283, 0.021561982, 0.98936564, -1.4758495;
 0, 0, 0, 1]
Ow:
[0.59007549;
 0.011383656;
 1.4056745]
Keyframe: 79 Frame: 603 Frame from vFrameID : 604
Tcw:
[0.98402506, -0.1248487, 0.12691529, 0.59677482;
 0.12584472, 0.99204993, 0.00017168091, 0.0096585052;
 -0.12592775, 0.015802681, 0.99191356, 1.4169754;
 0, 0, 0, 1]
Twc:
[0.98402506, 0.12584472, -0.12592775, -0.41002029;
 -0.1248487, 0.99204993, 0.015802681, 0.042532824;
 0.12691529, 0.00017168091, 0.99191356, -1.4812586;
 0, 0, 0, 1]
Ow:
[0.59677482;
 0.0096585052;
 1.4169754]
Keyframe: 80 Frame: 608 Frame from vFrameID : 609
Tcw:
[0.99041355, -0.12035618, 0.067789666, 0.60385489;
 0.12088268, 0.99265987, -0.0037040261, 0.008227529;
 -0.066846281, 0.011863114, 0.99769276, 1.4292494;
 0, 0, 0, 1]
Twc:
[0.99041355, 0.12088268, -0.066846281, -0.50352061;
 -0.12035618, 0.99265987, 0.011863114, 0.047555178;
 0.067789666, -0.0037040261, 0.99769276, -1.4668564;
 0, 0, 0, 1]
Ow:
[0.60385489;
 0.008227529;
 1.4292494]
Keyframe: 81 Frame: 613 Frame from vFrameID : 614
Tcw:
[0.99297827, -0.10637075, 0.051762994, 0.61260074;
 0.10670768, 0.99428326, -0.0037816879, 0.0088870712;
 -0.051064815, 0.0092786429, 0.99865222, 1.4403166;
 0, 0, 0, 1]
Twc:
[0.99297827, 0.10670768, -0.051064815, -0.53569806;
 -0.10637075, 0.99428326, 0.0092786429, 0.042962354;
 0.051762994, -0.0037816879, 0.99865222, -1.4700518;
 0, 0, 0, 1]
Ow:
[0.61260074;
 0.0088870712;
 1.4403166]
Keyframe: 82 Frame: 618 Frame from vFrameID : 619
Tcw:
[0.99488735, -0.092569098, 0.040374935, 0.61970723;
 0.092495449, 0.99570626, 0.0036923517, 0.0042588934;
 -0.040543374, 6.1023788e-05, 0.99917775, 1.4510767;
 0, 0, 0, 1]
Twc:
[0.99488735, 0.092495449, -0.040543374, -0.55810124;
 -0.092569098, 0.99570626, 6.1023788e-05, 0.053036582;
 0.040374935, 0.0036923517, 0.99917775, -1.47492;
 0, 0, 0, 1]
Ow:
[0.61970723;
 0.0042588934;
 1.4510767]
Keyframe: 83 Frame: 624 Frame from vFrameID : 625
Tcw:
[0.99171346, -0.10646602, 0.0718982, 0.62060905;
 0.10687273, 0.99427104, -0.0018227295, 0.006648133;
 -0.071292244, 0.0094915824, 0.9974103, 1.4697714;
 0, 0, 0, 1]
Twc:
[0.99171346, 0.10687273, -0.071292244, -0.51139355;
 -0.10646602, 0.99427104, 0.0094915824, 0.045513269;
 0.0718982, -0.0018227295, 0.9974103, -1.5105737;
 0, 0, 0, 1]
Ow:
[0.62060905;
 0.006648133;
 1.4697714]
Keyframe: 84 Frame: 629 Frame from vFrameID : 630
Tcw:
[0.99006015, -0.11738387, 0.077472404, 0.62055218;
 0.11699073, 0.99308652, 0.0096096694, 0.0041450756;
 -0.078064822, -0.00045059749, 0.99694818, 1.4859091;
 0, 0, 0, 1]
Twc:
[0.99006015, 0.11699073, -0.078064822, -0.49887168;
 -0.11738387, 0.99308652, -0.00045059749, 0.069395944;
 0.077472404, 0.0096096694, 0.99694818, -1.5294899;
 0, 0, 0, 1]
Ow:
[0.62055218;
 0.0041450756;
 1.4859091]
Keyframe: 85 Frame: 635 Frame from vFrameID : 636
Tcw:
[0.99017572, -0.10578351, 0.091443293, 0.62305415;
 0.10645331, 0.99431467, -0.0024648814, 0.0026330252;
 -0.090662658, 0.012175107, 0.99580723, 1.4977391;
 0, 0, 0, 1]
Twc:
[0.99017572, 0.10645331, -0.090662658, -0.48142436;
 -0.10578351, 0.99431467, 0.012175107, 0.045055658;
 0.091443293, -0.0024648814, 0.99580723, -1.5484271;
 0, 0, 0, 1]
Ow:
[0.62305415;
 0.0026330252;
 1.4977391]
Keyframe: 86 Frame: 640 Frame from vFrameID : 641
Tcw:
[0.99001217, -0.10677984, 0.092054464, 0.62769222;
 0.10706658, 0.99425018, 0.0018322342, 0.0029575794;
 -0.091720812, 0.0080420226, 0.99575227, 1.5118227;
 0, 0, 0, 1]
Twc:
[0.99001217, 0.10706658, -0.091720812, -0.48307398;
 -0.10677984, 0.99425018, 0.0080420226, 0.051926192;
 0.092054464, 0.0018322342, 0.99575227, -1.5631882;
 0, 0, 0, 1]
Ow:
[0.62769222;
 0.0029575794;
 1.5118227]
Keyframe: 87 Frame: 645 Frame from vFrameID : 646
Tcw:
[0.99103177, -0.10791665, 0.078804038, 0.63321954;
 0.10974386, 0.993774, -0.019223532, 0.00063379109;
 -0.076238863, 0.02769939, 0.99670476, 1.5300813;
 0, 0, 0, 1]
Twc:
[0.99103177, 0.10974386, -0.076238863, -0.51095855;
 -0.10791665, 0.993774, 0.02769939, 0.025322771;
 0.078804038, -0.019223532, 0.99670476, -1.5749273;
 0, 0, 0, 1]
Ow:
[0.63321954;
 0.00063379109;
 1.5300813]
Keyframe: 88 Frame: 651 Frame from vFrameID : 652
Tcw:
[0.99412954, -0.065451898, 0.086154081, 0.64165276;
 0.070541523, 0.99585491, -0.057418279, -0.0016085804;
 -0.082038827, 0.063158646, 0.99462587, 1.5454612;
 0, 0, 0, 1]
Twc:
[0.99412954, 0.070541523, -0.082038827, -0.51098466;
 -0.065451898, 0.99585491, 0.063158646, -0.054009929;
 0.086154081, -0.057418279, 0.99462587, -1.5925291;
 0, 0, 0, 1]
Ow:
[0.64165276;
 -0.0016085804;
 1.5454612]
Keyframe: 89 Frame: 657 Frame from vFrameID : 658
Tcw:
[0.99398792, -0.071364872, 0.083036564, 0.6458838;
 0.073707908, 0.99695385, -0.025498232, -0.0016427226;
 -0.080963939, 0.031465385, 0.99622023, 1.5651835;
 0, 0, 0, 1]
Twc:
[0.99398792, 0.073707908, -0.080963939, -0.51515615;
 -0.071364872, 0.99695385, 0.031465385, -0.0015179721;
 0.083036564, -0.025498232, 0.99622023, -1.6129414;
 0, 0, 0, 1]
Ow:
[0.6458838;
 -0.0016427226;
 1.5651835]
Keyframe: 90 Frame: 663 Frame from vFrameID : 664
Tcw:
[0.99251801, -0.07339447, 0.097576715, 0.64601314;
