Keyframe: 0 Frame: 0 Frame from vFrameID : 42
Tcw:
[1, 0, 0, 0;
 0, 1, 0, 0;
 0, 0, 1, 0;
 0, 0, 0, 1]
Twc:
[1, 0, 0, 0;
 0, 1, 0, 0;
 0, 0, 1, 0;
 0, 0, 0, 1]
Ow:
[0;
 0;
 0]
Keyframe: 1 Frame: 41 Frame from vFrameID : 42
Tcw:
[0.99992579, -0.010975801, -0.0052827988, -0.022105552;
 0.011024988, 0.99989527, 0.0093735158, 0.0009978147;
 0.0051793638, -0.0094310632, 0.99994212, 0.018163329;
 0, 0, 0, 1]
Twc:
[0.99992579, 0.011024988, 0.0051793638, 0.021998838;
 -0.010975801, 0.99989527, -0.0094310632, -0.0010690369;
 -0.0052827988, 0.0093735158, 0.99994212, -0.018288409;
 0, 0, 0, 1]
Ow:
[-0.022105552;
 0.0009978147;
 0.018163329]
Keyframe: 2 Frame: 42 Frame from vFrameID : 43
Tcw:
[0.99993742, -0.011149116, -0.00093974144, -0.023121541;
 0.011159649, 0.99986488, 0.012068333, 0.00046611775;
 0.00080506323, -0.012078064, 0.99992675, 0.018909926;
 0, 0, 0, 1]
Twc:
[0.99993742, 0.011159649, 0.00080506323, 0.023099666;
 -0.011149116, 0.99986488, -0.012078064, -0.00049544417;
 -0.00093974144, 0.012068333, 0.99992675, -0.018935895;
 0, 0, 0, 1]
Ow:
[-0.023121541;
 0.00046611775;
 0.018909926]
Keyframe: 3 Frame: 43 Frame from vFrameID : 44
Tcw:
[0.9999193, -0.012294244, 0.0032037792, -0.024352547;
 0.012251071, 0.99983829, 0.013163803, 0.00011287598;
 -0.0033651001, -0.013123491, 0.99990821, 0.01963992;
 0, 0, 0, 1]
Twc:
[0.9999193, 0.012251071, -0.0033651001, 0.024415288;
 -0.012294244, 0.99983829, -0.013123491, -0.00015450954;
 0.0032037792, 0.013163803, 0.99990821, -0.019561583;
 0, 0, 0, 1]
Ow:
[-0.024352547;
 0.00011287598;
 0.01963992]
Keyframe: 4 Frame: 44 Frame from vFrameID : 45
Tcw:
[0.99989754, -0.013965419, 0.0031469793, -0.024578052;
 0.013920733, 0.99980783, 0.013800346, -2.3158849e-05;
 -0.0033391023, -0.013755124, 0.9998998, 0.019468565;
 0, 0, 0, 1]
Twc:
[0.99989754, 0.013920733, -0.0033391023, 0.024640862;
 -0.013965419, 0.99980783, -0.013755124, -5.2295873e-05;
 0.0031469793, 0.013800346, 0.9998998, -0.019388948;
 0, 0, 0, 1]
Ow:
[-0.024578052;
 -2.3158849e-05;
 0.019468565]
Keyframe: 5 Frame: 45 Frame from vFrameID : 46
Tcw:
[0.99988806, -0.01491501, 0.0011604382, -0.02435928;
 0.014896215, 0.99977952, 0.014799337, 0.00028526073;
 -0.0013809146, -0.014780395, 0.99988979, 0.020193102;
 0, 0, 0, 1]
Twc:
[0.99988806, 0.014896215, -0.0013809146, 0.02438019;
 -0.01491501, 0.99977952, -0.014780395, -0.00035005473;
 0.0011604382, 0.014799337, 0.99988979, -0.020166831;
 0, 0, 0, 1]
Ow:
[-0.02435928;
 0.00028526073;
 0.020193102]
Keyframe: 6 Frame: 46 Frame from vFrameID : 47
Tcw:
[0.99988735, -0.014972144, -0.0010592565, -0.025662903;
 0.014986875, 0.99976557, 0.015625739, 0.00070673996;
 0.00082505739, -0.015639855, 0.99987733, 0.020007074;
 0, 0, 0, 1]
Twc:
[0.99988735, 0.014986875, 0.00082505739, 0.025632912;
 -0.014972144, 0.99976557, -0.015639855, -0.00077789527;
 -0.0010592565, 0.015625739, 0.99987733, -0.020042848;
 0, 0, 0, 1]
Ow:
[-0.025662903;
 0.00070673996;
 0.020007074]
Keyframe: 7 Frame: 47 Frame from vFrameID : 48
Tcw:
[0.99985087, -0.016274724, -0.0057722228, -0.025050491;
 0.016376788, 0.9997021, 0.018098617, -1.7256127e-05;
 0.0054759532, -0.018190449, 0.99981952, 0.020757269;
 0, 0, 0, 1]
Twc:
[0.99985087, 0.016376788, 0.0054759532, 0.024933374;
 -0.016274724, 0.9997021, -0.018190449, -1.2854841e-05;
 -0.0057722228, 0.018098617, 0.99981952, -0.020897809;
 0, 0, 0, 1]
Ow:
[-0.025050491;
 -1.7256127e-05;
 0.020757269]
Keyframe: 8 Frame: 48 Frame from vFrameID : 49
Tcw:
[0.99981654, -0.016908068, -0.0089976806, -0.024562707;
 0.017074455, 0.99967843, 0.018748425, -5.5778655e-06;
 0.0086777871, -0.018898616, 0.99978375, 0.020515362;
 0, 0, 0, 1]
Twc:
[0.99981654, 0.017074455, 0.0086777871, 0.024380269;
 -0.016908068, 0.99967843, -0.018898616, -2.2019898e-05;
 -0.0089976806, 0.018748425, 0.99978375, -0.020731827;
 0, 0, 0, 1]
Ow:
[-0.024562707;
 -5.5778655e-06;
 0.020515362]
Keyframe: 9 Frame: 49 Frame from vFrameID : 50
Tcw:
[0.99981046, -0.016108476, -0.010934063, -0.023279198;
 0.016319213, 0.9996773, 0.019466005, -0.00013961771;
 0.010616967, -0.019640751, 0.99975073, 0.019989815;
 0, 0, 0, 1]
Twc:
[0.99981046, 0.016319213, 0.010616967, 0.023064831;
 -0.016108476, 0.9996773, -0.019640751, 0.00015719532;
 -0.010934063, 0.019466005, 0.99975073, -0.02023665;
 0, 0, 0, 1]
Ow:
[-0.023279198;
 -0.00013961771;
 0.019989815]
Keyframe: 10 Frame: 51 Frame from vFrameID : 52
Tcw:
[0.99981916, -0.01457769, -0.012214173, -0.022369742;
 0.014816041, 0.99969703, 0.019656591, -0.00018306312;
 0.011923924, -0.019834002, 0.9997322, 0.020633146;
 0, 0, 0, 1]
Twc:
[0.99981916, 0.014816041, 0.011923924, 0.022122381;
 -0.01457769, 0.99969703, -0.019834002, 0.00026614635;
 -0.012214173, 0.019656591, 0.9997322, -0.020897251;
 0, 0, 0, 1]
Ow:
[-0.022369742;
 -0.00018306312;
 0.020633146]
Keyframe: 11 Frame: 53 Frame from vFrameID : 54
Tcw:
[0.99977279, -0.0090543469, -0.019296374, -0.01657261;
 0.0094056297, 0.99979025, 0.018192291, 0.00019878108;
 0.019127607, -0.018369652, 0.99964827, 0.017674131;
 0, 0, 0, 1]
Twc:
[0.99977279, 0.0094056297, 0.019127607, 0.016228912;
 -0.0090543469, 0.99979025, -0.018369652, -2.4125897e-05;
 -0.019296374, 0.018192291, 0.99964827, -0.017991323;
 0, 0, 0, 1]
Ow:
[-0.01657261;
 0.00019878108;
 0.017674131]
Keyframe: 12 Frame: 55 Frame from vFrameID : 56
Tcw:
[0.99978733, -0.0043178154, -0.020165423, -0.013649285;
 0.0046973713, 0.99981201, 0.01881283, 0.00022905049;
 0.020080401, -0.018903553, 0.99961966, 0.016370455;
 0, 0, 0, 1]
Twc:
[0.99978733, 0.0046973713, 0.020080401, 0.013316581;
 -0.0043178154, 0.99981201, -0.018903553, 2.1517233e-05;
 -0.020165423, 0.01881283, 0.99961966, -0.016643781;
 0, 0, 0, 1]
Ow:
[-0.013649285;
 0.00022905049;
 0.016370455]
Keyframe: 13 Frame: 57 Frame from vFrameID : 58
Tcw:
[0.99983263, 0.0062281406, -0.01720118, -0.006171986;
 -0.0059406818, 0.9998427, 0.01671241, -7.9739344e-05;
 0.01730256, -0.016607426, 0.99971235, 0.01395886;
 0, 0, 0, 1]
Twc:
[0.99983263, -0.0059406818, 0.01730256, 0.0059289555;
 0.0062281406, 0.9998427, -0.016607426, 0.00034998756;
 -0.01720118, 0.01671241, 0.99971235, -0.014059679;
 0, 0, 0, 1]
Ow:
[-0.006171986;
 -7.9739344e-05;
 0.01395886]
Keyframe: 14 Frame: 59 Frame from vFrameID : 60
Tcw:
[0.99981874, 0.018074417, -0.005986277, 0.0022915304;
 -0.017966913, 0.99968451, 0.017550195, 0.0013990548;
 0.0063015982, -0.017439459, 0.99982804, 0.010365439;
 0, 0, 0, 1]
Twc:
[0.99981874, -0.017966913, 0.0063015982, -0.0023312971;
 0.018074417, 0.99968451, -0.017439459, -0.001259264;
 -0.005986277, 0.017550195, 0.99982804, -0.010374493;
 0, 0, 0, 1]
Ow:
[0.0022915304;
 0.0013990548;
 0.010365439]
Keyframe: 15 Frame: 62 Frame from vFrameID : 63
Tcw:
[0.99964488, 0.02659481, 0.0016675373, 0.0061009587;
 -0.026623309, 0.99943757, 0.020390838, 0.0023549211;
 -0.0011243089, -0.020427994, 0.99979067, 0.0080049243;
 0, 0, 0, 1]
Twc:
[0.99964488, -0.026623309, -0.0011243089, -0.0060270964;
 0.02659481, 0.99943757, -0.020427994, -0.0023523257;
 0.0016675373, 0.020390838, 0.99979067, -0.0080614416;
 0, 0, 0, 1]
Ow:
[0.0061009587;
 0.0023549211;
 0.0080049243]
Keyframe: 16 Frame: 64 Frame from vFrameID : 65
Tcw:
[0.99945629, 0.032474309, 0.005705202, 0.0093742236;
 -0.032600861, 0.99918741, 0.023700418, 0.0030168276;
 -0.0049309111, -0.023873527, 0.99970281, 0.0067109428;
 0, 0, 0, 1]
Twc:
[0.99945629, -0.032600861, -0.0049309111, -0.0092376843;
 0.032474309, 0.99918741, -0.023873527, -0.0031585838;
 0.005705202, 0.023700418, 0.99970281, -0.0068339305;
 0, 0, 0, 1]
Ow:
[0.0093742236;
 0.0030168276;
 0.0067109428]
Keyframe: 17 Frame: 66 Frame from vFrameID : 67
Tcw:
[0.99956471, 0.029244995, 0.0038853362, 0.0090037864;
 -0.029340336, 0.99919665, 0.027298596, 0.0048047677;
 -0.0030838675, -0.027400712, 0.99961978, 0.0055433107;
 0, 0, 0, 1]
Twc:
[0.99956471, -0.029340336, -0.0030838675, -0.0088417996;
 0.029244995, 0.99919665, -0.027400712, -0.0049123326;
 0.0038853362, 0.027298596, 0.99961978, -0.0057073492;
 0, 0, 0, 1]
Ow:
[0.0090037864;
 0.0048047677;
 0.0055433107]
Keyframe: 18 Frame: 69 Frame from vFrameID : 70
Tcw:
[0.99988991, 0.012799499, -0.0075056618, 0.008842947;
 -0.012533613, 0.99932742, 0.03446161, 0.0049639125;
 0.0079417052, -0.034363743, 0.99937785, 0.0047999858;
 0, 0, 0, 1]
Twc:
[0.99988991, -0.012533613, 0.0079417052, -0.0088178767;
 0.012799499, 0.99932742, -0.034363743, -0.0049088141;
 -0.0075056618, 0.03446161, 0.99937785, -0.0049016918;
 0, 0, 0, 1]
Ow:
[0.008842947;
 0.0049639125;
 0.0047999858]
Keyframe: 19 Frame: 72 Frame from vFrameID : 73
Tcw:
[0.99993813, 0.0061813844, -0.0092486702, 0.00786079;
 -0.0058912253, 0.99949962, 0.031078031, 0.0049952157;
 0.0094361473, -0.031021621, 0.99947417, 0.0052984743;
 0, 0, 0, 1]
Twc:
[0.99993813, -0.0058912253, 0.0094361473, -0.007880873;
 0.0061813844, 0.99949962, -0.031021621, -0.0048769391;
 -0.0092486702, 0.031078031, 0.99947417, -0.0053782277;
 0, 0, 0, 1]
Ow:
[0.00786079;
 0.0049952157;
 0.0052984743]
Keyframe: 20 Frame: 75 Frame from vFrameID : 76
Tcw:
[0.99996674, 0.0038164887, -0.0072085108, 0.0056935516;
 -0.0036679104, 0.99978286, 0.020513462, 0.0046649738;
 0.007285235, -0.020486338, 0.99976361, 0.0056203073;
 0, 0, 0, 1]
Twc:
[0.99996674, -0.0036679104, 0.007285235, -0.0057171965;
 0.0038164887, 0.99978286, -0.020486338, -0.0045705503;
 -0.0072085108, 0.020513462, 0.99976361, -0.0056736311;
 0, 0, 0, 1]
Ow:
[0.0056935516;
 0.0046649738;
 0.0056203073]
Keyframe: 21 Frame: 78 Frame from vFrameID : 79
Tcw:
[0.99999452, 0.0023867723, -0.002292834, 0.0031113764;
 -0.0023561162, 0.99990904, 0.013281281, 0.0040241955;
 0.0023243248, -0.013275807, 0.99990916, 0.0068880934;
 0, 0, 0, 1]
Twc:
[0.99999452, -0.0023561162, 0.0023243248, -0.003117888;
 0.0023867723, 0.99990904, -0.013275807, -0.0039398107;
 -0.002292834, 0.013281281, 0.99990916, -0.0069337809;
 0, 0, 0, 1]
Ow:
[0.0031113764;
 0.0040241955;
 0.0068880934]
Keyframe: 22 Frame: 81 Frame from vFrameID : 82
Tcw:
[0.99998915, 0.0039650369, -0.0024505537, -0.0018178831;
 -0.0039417138, 0.99994755, 0.0094501292, 0.0033971467;
 0.0024878953, -0.0094403671, 0.99995232, 0.0090656923;
 0, 0, 0, 1]
Twc:
[0.99998915, -0.0039417138, 0.0024878953, 0.0018086995;
 0.0039650369, 0.99994755, -0.0094403671, -0.0033041772;
 -0.0024505537, 0.0094501292, 0.99995232, -0.0091018192;
 0, 0, 0, 1]
Ow:
[-0.0018178831;
 0.0033971467;
 0.0090656923]
Keyframe: 23 Frame: 84 Frame from vFrameID : 85
Tcw:
[0.99994153, 0.0046098535, -0.0097811595, -0.013281868;
 -0.0045352774, 0.9999606, 0.0076329652, 0.0038611153;
 0.0098159611, -0.0075881584, 0.99992305, 0.013358987;
 0, 0, 0, 1]
Twc:
[0.99994153, -0.0045352774, 0.0098159611, 0.013167472;
 0.0046098535, 0.9999606, -0.0075881584, -0.0036983655;
 -0.0097811595, 0.0076329652, 0.99992305, -0.013517343;
 0, 0, 0, 1]
Ow:
[-0.013281868;
 0.0038611153;
 0.013358987]
Keyframe: 24 Frame: 87 Frame from vFrameID : 88
Tcw:
[0.99955082, -0.0076312125, -0.028981052, -0.015373981;
 0.0078961318, 0.999928, 0.0090377219, 0.0032713225;
 0.028909996, -0.0092625003, 0.99953908, 0.016260944;
 0, 0, 0, 1]
Twc:
[0.99955082, 0.0078961318, 0.028909996, 0.014871141;
 -0.0076312125, 0.999928, -0.0092625003, -0.0032377918;
 -0.028981052, 0.0090377219, 0.99953908, -0.016728571;
 0, 0, 0, 1]
Ow:
[-0.015373981;
 0.0032713225;
 0.016260944]
Keyframe: 25 Frame: 91 Frame from vFrameID : 92
Tcw:
[0.99941188, -0.013774844, -0.031402227, -0.013491976;
 0.014366809, 0.99972183, 0.018704003, 0.0021296174;
 0.031135848, -0.019144153, 0.99933183, 0.01994371;
 0, 0, 0, 1]
Twc:
[0.99941188, 0.014366809, 0.031135848, 0.012832482;
 -0.013774844, 0.99972183, -0.019144153, -0.0019330696;
 -0.031402227, 0.018704003, 0.99933183, -0.020393895;
 0, 0, 0, 1]
Ow:
[-0.013491976;
 0.0021296174;
 0.01994371]
Keyframe: 26 Frame: 95 Frame from vFrameID : 96
Tcw:
[0.99981976, -0.010979589, -0.015487797, -0.023304196;
 0.011289763, 0.99973458, 0.020083817, 0.0041116411;
 0.015263174, -0.02025505, 0.99967831, 0.025571121;
 0, 0, 0, 1]
Twc:
[0.99981976, 0.011289763, 0.015263174, 0.02286328;
 -0.010979589, 0.99973458, -0.02025505, -0.0038484759;
 -0.015487797, 0.020083817, 0.99967831, -0.026006402;
 0, 0, 0, 1]
Ow:
[-0.023304196;
 0.0041116411;
 0.025571121]
Keyframe: 27 Frame: 99 Frame from vFrameID : 100
Tcw:
[0.99998313, -0.0033231783, -0.0047607352, -0.021669852;
 0.0034155021, 0.99980366, 0.019517738, 0.0043706633;
 0.0046949396, -0.01953367, 0.99979818, 0.028881421;
 0, 0, 0, 1]
Twc:
[0.99998313, 0.0034155021, 0.0046949396, 0.021518962;
 -0.0033231783, 0.99980366, -0.01953367, -0.0038776582;
 -0.0047607352, 0.019517738, 0.99979818, -0.029064061;
 0, 0, 0, 1]
Ow:
[-0.021669852;
 0.0043706633;
 0.028881421]
Keyframe: 28 Frame: 102 Frame from vFrameID : 103
Tcw:
[0.99999714, -0.0021754117, -0.00099491049, -0.019876936;
 0.002193734, 0.99982083, 0.018801466, 0.005416533;
 0.0009538313, -0.018803593, 0.99982274, 0.031730127;
 0, 0, 0, 1]
Twc:
[0.99999714, 0.002193734, 0.0009538313, 0.019834731;
 -0.0021754117, 0.99982083, -0.018803593, -0.0048621628;
 -0.00099491049, 0.018801466, 0.99982274, -0.031846117;
 0, 0, 0, 1]
Ow:
[-0.019876936;
 0.005416533;
 0.031730127]
Keyframe: 29 Frame: 105 Frame from vFrameID : 106
Tcw:
[0.99999005, -0.0032770021, -0.0030333365, -0.017671311;
 0.0033448874, 0.9997378, 0.022651987, 0.0051788352;
 0.0029583108, -0.022661908, 0.99973881, 0.036483768;
 0, 0, 0, 1]
Twc:
[0.99999005, 0.0033448874, 0.0029583108, 0.017545883;
 -0.0032770021, 0.9997378, -0.022661908, -0.0044085947;
 -0.0030333365, 0.022651987, 0.99973881, -0.036645152;
 0, 0, 0, 1]
Ow:
[-0.017671311;
 0.0051788352;
 0.036483768]
Keyframe: 30 Frame: 109 Frame from vFrameID : 110
Tcw:
[0.99996477, -0.0034304541, -0.0076571526, -0.0073236781;
 0.003502083, 0.99995005, 0.0093607847, 0.004934459;
 0.0076246583, -0.0093872715, 0.99992687, 0.043768119;
 0, 0, 0, 1]
Twc:
[0.99996477, 0.003502083, 0.0076246583, 0.0069724224;
 -0.0034304541, 0.99995005, -0.0093872715, -0.0045484728;
 -0.0076571526, 0.0093607847, 0.99992687, -0.043867186;
 0, 0, 0, 1]
Ow:
[-0.0073236781;
 0.004934459;
 0.043768119]
Keyframe: 31 Frame: 112 Frame from vFrameID : 113
Tcw:
[0.99988365, 0.0007536257, -0.015234399, 0.0032468531;
 -0.00074085203, 0.99999934, 0.00084410066, 0.0046618502;
 0.015235025, -0.000832716, 0.99988359, 0.05015932;
 0, 0, 0, 1]
Twc:
[0.99988365, -0.00074085203, 0.015235025, -0.0040072002;
 0.0007536257, 0.99999934, -0.000832716, -0.004622526;
 -0.015234399, 0.00084410066, 0.99988359, -0.050107952;
 0, 0, 0, 1]
Ow:
[0.0032468531;
 0.0046618502;
 0.05015932]
Keyframe: 32 Frame: 115 Frame from vFrameID : 116
Tcw:
[0.9998427, 0.01004523, -0.014617129, 0.013531407;
 -0.010129483, 0.99993247, -0.0057013943, 0.0033694452;
 0.01455887, 0.0058485614, 0.99987692, 0.055240858;
 0, 0, 0, 1]
Twc:
[0.9998427, -0.010129483, 0.01455887, -0.014299393;
 0.01004523, 0.99993247, 0.0058485614, -0.0038282231;
 -0.014617129, -0.0057013943, 0.99987692, -0.055017058;
 0, 0, 0, 1]
Ow:
[0.013531407;
 0.0033694452;
 0.055240858]
Keyframe: 33 Frame: 119 Frame from vFrameID : 120
Tcw:
[0.9996264, 0.026673505, -0.0059699602, 0.022615025;
 -0.026777912, 0.99947661, -0.018151404, 0.0048895637;
 0.0054826741, 0.018304486, 0.99981743, 0.062984213;
 0, 0, 0, 1]
Twc:
[0.9996264, -0.026777912, 0.0054826741, -0.022820964;
 0.026673505, 0.99947661, 0.018304486, -0.0066431202;
 -0.0059699602, -0.018151404, 0.99981743, -0.062748954;
 0, 0, 0, 1]
Ow:
[0.022615025;
 0.0048895637;
 0.062984213]
Keyframe: 34 Frame: 123 Frame from vFrameID : 124
Tcw:
[0.99959689, 0.028293682, -0.0023367407, 0.026404558;
 -0.028308224, 0.99957848, -0.0064441091, 0.005312636;
 0.0021534283, 0.0065076607, 0.99997652, 0.07121215;
 0, 0, 0, 1]
Twc:
[0.99959689, -0.028308224, 0.0021534283, -0.026396874;
 0.028293682, 0.99957848, 0.0065076607, -0.0065209032;
 -0.0023367407, -0.0064441091, 0.99997652, -0.07111454;
 0, 0, 0, 1]
Ow:
[0.026404558;
 0.005312636;
 0.07121215]
Keyframe: 35 Frame: 127 Frame from vFrameID : 128
Tcw:
[0.99984336, 0.017465392, 0.0028742356, 0.028510841;
 -0.01746102, 0.99984634, -0.0015393073, 0.0077494001;
 -0.0029006787, 0.0014888791, 0.9999947, 0.090163723;
 0, 0, 0, 1]
Twc:
[0.99984336, -0.01746102, -0.0029006787, -0.028109526;
 0.017465392, 0.99984634, 0.0014888791, -0.0083804056;
 0.0028742356, -0.0015393073, 0.9999947, -0.090233259;
 0, 0, 0, 1]
Ow:
[0.028510841;
 0.0077494001;
 0.090163723]
Keyframe: 36 Frame: 131 Frame from vFrameID : 132
Tcw:
[0.99980748, 0.019555155, 0.0016149025, 0.027327655;
 -0.019551018, 0.99980563, -0.0025384095, 0.00672703;
 -0.0016642276, 0.0025063478, 0.99999547, 0.10351347;
 0, 0, 0, 1]
Twc:
[0.99980748, -0.019551018, -0.0016642276, -0.027018603;
 0.019555155, 0.99980563, 0.0025063478, -0.0075195599;
 0.0016149025, -0.0025384095, 0.99999547, -0.10354006;
 0, 0, 0, 1]
Ow:
[0.027327655;
 0.00672703;
 0.10351347]
Keyframe: 37 Frame: 135 Frame from vFrameID : 136
Tcw:
[0.99984872, 0.0018561309, 0.017293945, 0.028877754;
 -0.0013963077, 0.99964619, -0.026562918, 0.0079480195;
 -0.017337129, 0.026534753, 0.99949753, 0.11910137;
 0, 0, 0, 1]
Twc:
[0.99984872, -0.0013963077, -0.017337129, -0.02679741;
 0.0018561309, 0.99964619, 0.026534753, -0.011159133;
 0.017293945, -0.026562918, 0.99949753, -0.11932982;
 0, 0, 0, 1]
Ow:
[0.028877754;
 0.0079480195;
 0.11910137]
Keyframe: 38 Frame: 139 Frame from vFrameID : 140
Tcw:
[0.99962902, 0.0021877845, 0.027149409, 0.032980073;
 -0.0015601694, 0.99973154, -0.023116771, 0.0086267283;
 -0.027192695, 0.023065837, 0.99936408, 0.12862754;
 0, 0, 0, 1]
Twc:
[0.99962902, -0.0015601694, -0.027192695, -0.029456651;
 0.0021877845, 0.99973154, 0.023065837, -0.011663468;
 0.027149409, -0.023116771, 0.99936408, -0.1292417;
 0, 0, 0, 1]
Ow:
[0.032980073;
 0.0086267283;
 0.12862754]
Keyframe: 39 Frame: 143 Frame from vFrameID : 144
Tcw:
[0.99948251, 0.004751042, 0.031814277, 0.038078453;
 -0.0039590285, 0.99968183, -0.024911793, 0.010804355;
 -0.031922512, 0.024772948, 0.9991833, 0.14604685;
 0, 0, 0, 1]
Twc:
[0.99948251, -0.0039590285, -0.031922512, -0.033353791;
 0.004751042, 0.99968183, 0.024772948, -0.01459984;
 0.031814277, -0.024911793, 0.9991833, -0.14686985;
 0, 0, 0, 1]
Ow:
[0.038078453;
 0.010804355;
 0.14604685]
Keyframe: 40 Frame: 147 Frame from vFrameID : 148
Tcw:
[0.99975246, -0.0029964738, 0.022046108, 0.044225581;
 0.003378259, 0.99984461, -0.017300766, 0.012008737;
 -0.021990841, 0.017370962, 0.99960726, 0.15846357;
 0, 0, 0, 1]
Twc:
[0.99975246, 0.003378259, -0.021990841, -0.040770452;
 -0.0029964738, 0.99984461, 0.017370962, -0.014627014;
 0.022046108, -0.017300766, 0.99960726, -0.15916857;
 0, 0, 0, 1]
Ow:
[0.044225581;
 0.012008737;
 0.15846357]
Keyframe: 41 Frame: 151 Frame from vFrameID : 152
Tcw:
[0.99978065, 0.0062376731, 0.019992618, 0.059201784;
 -0.0058213104, 0.99976635, -0.020816784, 0.010032893;
 -0.020117795, 0.020695835, 0.99958336, 0.17878877;
 0, 0, 0, 1]
Twc:
[0.99978065, -0.0058213104, -0.020117795, -0.055533562;
 0.0062376731, 0.99976635, 0.020695835, -0.014100013;
 0.019992618, -0.020816784, 0.99958336, -0.17968903;
 0, 0, 0, 1]
Ow:
[0.059201784;
 0.010032893;
 0.17878877]
Keyframe: 42 Frame: 155 Frame from vFrameID : 156
Tcw:
[0.99975884, 0.021415291, 0.004865597, 0.075862348;
 -0.021196656, 0.99892402, -0.041249648, 0.010582387;
 -0.005743735, 0.041136563, 0.99913704, 0.19550346;
 0, 0, 0, 1]
Twc:
[0.99975884, -0.021196656, -0.005743735, -0.074496821;
 0.021415291, 0.99892402, 0.041136563, -0.020237956;
 0.004865597, -0.041249648, 0.99913704, -0.19526733;
 0, 0, 0, 1]
Ow:
[0.075862348;
 0.010582387;
 0.19550346]
Keyframe: 43 Frame: 159 Frame from vFrameID : 160
Tcw:
[0.99979687, 0.018656388, 0.0076289638, 0.082922384;
 -0.018379135, 0.99922091, -0.034926232, 0.011596598;
 -0.0082746176, 0.034778923, 0.9993608, 0.21190171;
 0, 0, 0, 1]
Twc:
[0.99979687, -0.018379135, -0.0082746176, -0.080939002;
 0.018656388, 0.99922091, 0.034778923, -0.020504307;
 0.0076289638, -0.034926232, 0.9993608, -0.21199384;
 0, 0, 0, 1]
Ow:
[0.082922384;
 0.011596598;
 0.21190171]
Keyframe: 44 Frame: 163 Frame from vFrameID : 164
Tcw:
[0.99994802, 0.010181318, -0.0005628693, 0.091490984;
 -0.010188723, 0.99983168, -0.015258971, 0.014248113;
 0.00040741809, 0.015263912, 0.99988341, 0.23289944;
 0, 0, 0, 1]
Twc:
[0.99994802, -0.010188723, 0.00040741809, -0.091435939;
 0.010181318, 0.99983168, 0.015263912, -0.01873217;
 -0.0005628693, -0.015258971, 0.99988341, -0.23260339;
 0, 0, 0, 1]
Ow:
[0.091490984;
 0.014248113;
 0.23289944]
Keyframe: 45 Frame: 167 Frame from vFrameID : 168
Tcw:
[0.99986488, 0.0026079991, 0.016231246, 0.092509151;
 -0.0022512116, 0.99975628, -0.021961121, 0.015493151;
 -0.016284565, 0.021921612, 0.99962705, 0.25386277;
 0, 0, 0, 1]
Twc:
[0.99986488, -0.0022512116, -0.016284565, -0.088327728;
 0.0026079991, 0.99975628, 0.021921612, -0.021295723;
 0.016231246, -0.021961121, 0.99962705, -0.25492939;
 0, 0, 0, 1]
Ow:
[0.092509151;
 0.015493151;
 0.25386277]
Keyframe: 46 Frame: 171 Frame from vFrameID : 172
Tcw:
[0.99969268, -0.0042153462, 0.024428053, 0.095185257;
 0.0048647835, 0.99963462, -0.026587553, 0.015852081;
 -0.024307052, 0.026698221, 0.99934798, 0.2744585;
 0, 0, 0, 1]
Twc:
[0.99969268, 0.0048647835, -0.024307052, -0.088561848;
 -0.0042153462, 0.99963462, 0.026698221, -0.022772605;
 0.024428053, -0.026587553, 0.99934798, -0.27618325;
 0, 0, 0, 1]
Ow:
[0.095185257;
 0.015852081;
 0.2744585]
Keyframe: 47 Frame: 175 Frame from vFrameID : 176
Tcw:
[0.99884057, -0.013478841, 0.046215173, 0.10071509;
 0.014683184, 0.99955875, -0.025819806, 0.014387537;
 -0.04584676, 0.026468456, 0.99859774, 0.29270723;
 0, 0, 0, 1]
Twc:
[0.99884057, 0.014683184, -0.04584676, -0.087389886;
 -0.013478841, 0.99955875, 0.026468456, -0.020771177;
 0.046215173, -0.025819806, 0.99859774, -0.2965799;
 0, 0, 0, 1]
Ow:
[0.10071509;
 0.014387537;
 0.29270723]
Keyframe: 48 Frame: 181 Frame from vFrameID : 182
Tcw:
[0.9991641, -0.012378327, 0.038959213, 0.1134887;
 0.013692874, 0.99933964, -0.033657677, 0.018227659;
 -0.03851686, 0.034163009, 0.9986738, 0.31814289;
 0, 0, 0, 1]
Twc:
[0.9991641, 0.013692874, -0.03851686, -0.10138957;
 -0.012378327, 0.99933964, 0.034163009, -0.027679536;
 0.038959213, -0.033657677, 0.9986738, -0.32152888;
 0, 0, 0, 1]
Ow:
[0.1134887;
 0.018227659;
 0.31814289]
Keyframe: 49 Frame: 185 Frame from vFrameID : 186
Tcw:
[0.99994963, 0.0037796418, 0.0092976056, 0.12935774;
 -0.003307035, 0.99872708, -0.050331488, 0.015656633;
 -0.0094760051, 0.050298203, 0.99868929, 0.33647349;
 0, 0, 0, 1]
Twc:
[0.99994963, -0.003307035, -0.0094760051, -0.12611102;
 0.0037796418, 0.99872708, 0.050298203, -0.033049643;
 0.0092976056, -0.050331488, 0.99868929, -0.33644718;
 0, 0, 0, 1]
Ow:
[0.12935774;
 0.015656633;
 0.33647349]
Keyframe: 50 Frame: 189 Frame from vFrameID : 190
Tcw:
[0.99993211, 0.0058080475, -0.010103627, 0.14004421;
 -0.0063175536, 0.99867105, -0.051149499, 0.016610149;
 0.0097931214, 0.051209856, 0.99863988, 0.35088032;
 0, 0, 0, 1]
Twc:
[0.99993211, -0.0063175536, 0.0097931214, -0.14336598;
 0.0058080475, 0.99867105, 0.051209856, -0.035369989;
 -0.010103627, -0.051149499, 0.99863988, -0.34813854;
 0, 0, 0, 1]
Ow:
[0.14004421;
 0.016610149;
 0.35088032]
Keyframe: 51 Frame: 193 Frame from vFrameID : 194
Tcw:
[0.99999756, 0.0020337014, -0.00088041235, 0.14617297;
 -0.0020714432, 0.99897438, -0.045231845, 0.01654114;
 0.00078752131, 0.045233555, 0.99897611, 0.3623226;
 0, 0, 0, 1]
Twc:
[0.99999756, -0.0020714432, 0.00078752131, -0.14642368;
 0.0020337014, 0.99897438, 0.045233555, -0.033210587;
 -0.00088041235, -0.045231845, 0.99897611, -0.36107475;
 0, 0, 0, 1]
Ow:
[0.14617297;
 0.01654114;
 0.3623226]
Keyframe: 52 Frame: 197 Frame from vFrameID : 198
Tcw:
[0.99999374, 0.003387908, 0.0010238775, 0.15370877;
 -0.003358715, 0.99962211, -0.027282275, 0.015429053;
 -0.0011159205, 0.027278665, 0.99962723, 0.38013616;
 0, 0, 0, 1]
Twc:
[0.99999374, -0.003358715, -0.0011159205, -0.15323177;
 0.003387908, 0.99962211, 0.027278665, -0.026313581;
 0.0010238775, -0.027282275, 0.99962723, -0.37973091;
 0, 0, 0, 1]
Ow:
[0.15370877;
 0.015429053;
 0.38013616]
Keyframe: 53 Frame: 201 Frame from vFrameID : 202
Tcw:
[0.99999398, 3.4663961e-05, -0.0034720316, 0.15794642;
 -0.00018613432, 0.99904752, -0.043635044, 0.016896356;
 0.003467212, 0.043635428, 0.9990415, 0.40038028;
 0, 0, 0, 1]
Twc:
[0.99999398, -0.00018613432, 0.003467212, -0.15933052;
 3.4663961e-05, 0.99904752, 0.043635428, -0.034356501;
 -0.0034720316, -0.043635044, 0.9990415, -0.39871085;
 0, 0, 0, 1]
Ow:
[0.15794642;
 0.016896356;
 0.40038028]
Keyframe: 54 Frame: 205 Frame from vFrameID : 206
Tcw:
[0.999973, -0.0020642967, -0.0070490916, 0.16423878;
 0.001643107, 0.99824226, -0.059242453, 0.015397968;
 0.0071589951, 0.059229273, 0.99821872, 0.42103672;
 0, 0, 0, 1]
Twc:
[0.999973, 0.001643107, 0.0071589951, -0.16727385;
 -0.0020642967, 0.99824226, 0.059229273, -0.039969563;
 -0.0070490916, -0.059242453, 0.99821872, -0.41821679;
 0, 0, 0, 1]
Ow:
[0.16423878;
 0.015397968;
 0.42103672]
Keyframe: 55 Frame: 209 Frame from vFrameID : 210
Tcw:
[0.99983191, -0.01511494, 0.010376389, 0.16740061;
 0.01561968, 0.99860591, -0.050420851, 0.018067842;
 -0.0095998151, 0.050574452, 0.99867415, 0.43538433;
 0, 0, 0, 1]
Twc:
[0.99983191, 0.01561968, -0.0095998151, -0.16347508;
 -0.01511494, 0.99860591, 0.050574452, -0.037531726;
 0.010376389, -0.050420851, 0.99867415, -0.43563309;
 0, 0, 0, 1]
Ow:
[0.16740061;
 0.018067842;
 0.43538433]
Keyframe: 56 Frame: 213 Frame from vFrameID : 214
Tcw:
[0.99976194, -0.0036327555, 0.02151536, 0.17455506;
 0.0045103626, 0.99915379, -0.040882777, 0.01662362;
 -0.021348637, 0.040970087, 0.9989323, 0.44852865;
 0, 0, 0, 1]
Twc:
[0.99976194, 0.0045103626, -0.021348637, -0.165013;
 -0.0036327555, 0.99915379, 0.040970087, -0.034351692;
 0.02151536, -0.040882777, 0.9989323, -0.45112571;
 0, 0, 0, 1]
Ow:
[0.17455506;
 0.01662362;
 0.44852865]
Keyframe: 57 Frame: 217 Frame from vFrameID : 218
Tcw:
[0.99999142, -0.001491623, 0.0038725305, 0.17976849;
 0.0017109519, 0.99835747, -0.057265956, 0.017128002;
 -0.0037807506, 0.057272092, 0.99835145, 0.46649563;
 0, 0, 0, 1]
Twc:
[0.99999142, 0.0017109519, -0.0037807506, -0.17803253;
 -0.001491623, 0.99835747, 0.057272092, -0.043548901;
 0.0038725305, -0.057265956, 0.99835145, -0.46544188;
 0, 0, 0, 1]
Ow:
[0.17976849;
 0.017128002;
 0.46649563]
Keyframe: 58 Frame: 221 Frame from vFrameID : 222
Tcw:
[0.99949169, 0.012280109, -0.029421026, 0.19147758;
 -0.013496204, 0.9990474, -0.041498661, 0.020904243;
 0.02888339, 0.041874636, 0.99870527, 0.48393011;
 0, 0, 0, 1]
Twc:
[0.99949169, -0.013496204, 0.02888339, -0.20507567;
 0.012280109, 0.9990474, 0.041874636, -0.043500092;
 -0.029421026, -0.041498661, 0.99870527, -0.47680262;
 0, 0, 0, 1]
Ow:
[0.19147758;
 0.020904243;
 0.48393011]
Keyframe: 59 Frame: 225 Frame from vFrameID : 226
Tcw:
[0.99831444, 0.028142065, -0.050757051, 0.20874476;
 -0.031131439, 0.99776649, -0.059100263, 0.016508823;
 0.048980478, 0.060580786, 0.99696082, 0.5040161;
 0, 0, 0, 1]
Twc:
[0.99831444, -0.031131439, 0.048980478, -0.23256592;
 0.028142065, 0.99776649, 0.060580786, -0.052880149;
 -0.050757051, -0.059100263, 0.99696082, -0.49091333;
 0, 0, 0, 1]
Ow:
[0.20874476;
 0.016508823;
 0.5040161]
Keyframe: 60 Frame: 230 Frame from vFrameID : 231
Tcw:
[0.9984408, 0.021177189, -0.051647637, 0.21912152;
 -0.023911452, 0.99831295, -0.052910611, 0.015140973;
 0.050440006, 0.054063082, 0.99726278, 0.52472681;
 0, 0, 0, 1]
Twc:
[0.9984408, -0.023911452, 0.050440006, -0.24488506;
 0.021177189, 0.99831295, 0.054063082, -0.048124157;
 -0.051647637, -0.052910611, 0.99726278, -0.51117229;
 0, 0, 0, 1]
Ow:
[0.21912152;
 0.015140973;
 0.52472681]
Keyframe: 61 Frame: 234 Frame from vFrameID : 235
Tcw:
[0.99863458, 0.019685382, -0.048389059, 0.22681932;
 -0.022423454, 0.9981389, -0.056708872, 0.016633436;
 0.047182664, 0.057716493, 0.99721742, 0.53804892;
 0, 0, 0, 1]
Twc:
[0.99863458, -0.022423454, 0.047182664, -0.25152323;
 0.019685382, 0.9981389, 0.057716493, -0.052121799;
 -0.048389059, -0.056708872, 0.99721742, -0.52463293;
 0, 0, 0, 1]
Ow:
[0.22681932;
 0.016633436;
 0.53804892]
Keyframe: 62 Frame: 237 Frame from vFrameID : 238
Tcw:
[0.99935454, 0.0070927371, -0.035217043, 0.23076682;
 -0.009247751, 0.9980697, -0.061411623, 0.017910086;
 0.034713488, 0.061697662, 0.99749106, 0.55789405;
 0, 0, 0, 1]
Twc:
[0.99935454, -0.009247751, 0.034713488, -0.24981868;
 0.0070927371, 0.9980697, 0.061697662, -0.053933039;
 -0.035217043, -0.061411623, 0.99749106, -0.5472675;
 0, 0, 0, 1]
Ow:
[0.23076682;
 0.017910086;
 0.55789405]
Keyframe: 63 Frame: 241 Frame from vFrameID : 242
Tcw:
[0.9997732, 0.009055865, -0.019275159, 0.23696527;
 -0.010566763, 0.99675602, -0.079785511, 0.015848909;
 0.018490104, 0.079971097, 0.99662566, 0.57385695;
 0, 0, 0, 1]
Twc:
[0.9997732, -0.010566763, 0.018490104, -0.24735473;
 0.009055865, 0.99675602, 0.079971097, -0.06383539;
 -0.019275159, -0.079785511, 0.99662566, -0.5660885;
 0, 0, 0, 1]
Ow:
[0.23696527;
 0.015848909;
 0.57385695]
Keyframe: 64 Frame: 244 Frame from vFrameID : 245
Tcw:
[0.99998564, 0.0037747202, 0.0038019496, 0.24050215;
 -0.0034675605, 0.99696386, -0.077788718, 0.018368263;
 -0.0040840367, 0.077774413, 0.99696261, 0.58467865;
 0, 0, 0, 1]
Twc:
[0.99998564, -0.0034675605, -0.0040840367, -0.23804715;
 0.0037747202, 0.99696386, 0.077774413, -0.064693362;
 0.0038019496, -0.077788718, 0.99696261, -0.58238828;
 0, 0, 0, 1]
Ow:
[0.24050215;
 0.018368263;
 0.58467865]
Keyframe: 65 Frame: 248 Frame from vFrameID : 249
Tcw:
[0.99980825, 0.0097622639, 0.016973644, 0.25018609;
 -0.0085592438, 0.99754119, -0.069558308, 0.019093826;
 -0.017610956, 0.069399685, 0.99743348, 0.59971124;
 0, 0, 0, 1]
Twc:
[0.99980825, -0.0085592438, -0.017610956, -0.2394132;
 0.0097622639, 0.99754119, 0.069399685, -0.063109033;
 0.016973644, -0.069558308, 0.99743348, -0.60109049;
 0, 0, 0, 1]
Ow:
[0.25018609;
 0.019093826;
 0.59971124]
Keyframe: 66 Frame: 252 Frame from vFrameID : 253
Tcw:
[0.99991363, 0.0093258554, -0.0092614945, 0.25735199;
 -0.0099095441, 0.99782842, -0.065117419, 0.020151541;
 0.0086341063, 0.06520357, 0.99783462, 0.61603409;
 0, 0, 0, 1]
Twc:
[0.99991363, -0.0099095441, 0.0086341063, -0.26244897;
 0.0093258554, 0.99782842, 0.06520357, -0.062675431;
 -0.0092614945, -0.065117419, 0.99783462, -0.61100447;
 0, 0, 0, 1]
Ow:
[0.25735199;
 0.020151541;
 0.61603409]
Keyframe: 67 Frame: 256 Frame from vFrameID : 257
Tcw:
[0.99703979, 0.022506708, -0.073519528, 0.27055281;
 -0.02812764, 0.99668527, -0.076337188, 0.02064785;
 0.07155773, 0.078179143, 0.9943679, 0.63204682;
 0, 0, 0, 1]
Twc:
[0.99703979, -0.02812764, 0.07155773, -0.31439897;
 0.022506708, 0.99668527, 0.078179143, -0.076081537;
 -0.073519528, -0.076337188, 0.9943679, -0.60701996;
 0, 0, 0, 1]
Ow:
[0.27055281;
 0.02064785;
 0.63204682]
Keyframe: 68 Frame: 260 Frame from vFrameID : 261
Tcw:
[0.99349809, 0.026508154, -0.1107197, 0.28435817;
 -0.034521628, 0.99687177, -0.071097903, 0.018486504;
 0.10848867, 0.074457854, 0.99130529, 0.64222825;
 0, 0, 0, 1]
Twc:
[0.99349809, -0.034521628, 0.10848867, -0.3515456;
 0.026508154, 0.99687177, 0.074457854, -0.073785424;
 -0.1107197, -0.071097903, 0.99130529, -0.60384589;
 0, 0, 0, 1]
Ow:
[0.28435817;
 0.018486504;
 0.64222825]
Keyframe: 69 Frame: 266 Frame from vFrameID : 267
Tcw:
[0.99269176, 0.029130274, -0.11710888, 0.30178565;
 -0.036081102, 0.99768299, -0.057678219, 0.015106145;
 0.11515736, 0.061482109, 0.99144274, 0.66129339;
 0, 0, 0, 1]
Twc:
[0.99269176, -0.036081102, 0.11515736, -0.37518787;
 0.029130274, 0.99768299, 0.061482109, -0.064519957;
 -0.11710888, -0.057678219, 0.99144274, -0.61942142;
 0, 0, 0, 1]
Ow:
[0.30178565;
 0.015106145;
 0.66129339]
Keyframe: 70 Frame: 270 Frame from vFrameID : 271
Tcw:
[0.99294472, 0.02922727, -0.11491988, 0.30726638;
 -0.035040632, 0.99818903, -0.04889553, 0.015564991;
 0.11328268, 0.052577425, 0.99217069, 0.676512;
 0, 0, 0, 1]
Twc:
[0.99294472, -0.035040632, 0.11328268, -0.38119021;
 0.02922727, 0.99818903, 0.052577425, -0.060086623;
 -0.11491988, -0.04889553, 0.99217069, -0.63514328;
 0, 0, 0, 1]
Ow:
[0.30726638;
 0.015564991;
 0.676512]
Keyframe: 71 Frame: 274 Frame from vFrameID : 275
Tcw:
[0.9962256, 0.024465943, -0.083282501, 0.31320447;
 -0.028456187, 0.99848634, -0.047067188, 0.018308889;
 0.082004897, 0.049259439, 0.99541384, 0.69765455;
 0, 0, 0, 1]
Twc:
[0.9962256, -0.028456187, 0.082004897, -0.3687124;
 0.024465943, 0.99848634, 0.049259439, -0.060310088;
 -0.083282501, -0.047067188, 0.99541384, -0.66750878;
 0, 0, 0, 1]
Ow:
[0.31320447;
 0.018308889;
 0.69765455]
Keyframe: 72 Frame: 279 Frame from vFrameID : 280
Tcw:
[0.99951625, 0.0075836885, -0.030162705, 0.31734625;
 -0.010268386, 0.99590027, -0.089873299, 0.015571885;
 0.029357474, 0.090139538, 0.99549633, 0.72440827;
 0, 0, 0, 1]
Twc:
[0.99951625, -0.010268386, 0.029357474, -0.3382996;
 0.0075836885, 0.99590027, 0.090139538, -0.083212532;
 -0.030162705, -0.089873299, 0.99549633, -0.71017432;
 0, 0, 0, 1]
Ow:
[0.31734625;
 0.015571885;
 0.72440827]
Keyframe: 73 Frame: 283 Frame from vFrameID : 284
Tcw:
[0.99999505, 0.00091842795, -0.0030155212, 0.31733957;
 -0.001178755, 0.99616426, -0.087495327, 0.016322315;
 0.0029235962, 0.087498449, 0.99616039, 0.73745286;
 0, 0, 0, 1]
Twc:
[0.99999505, -0.001178755, 0.0029235962, -0.31947476;
 0.00091842795, 0.99616426, 0.087498449, -0.081077129;
 -0.0030155212, -0.087495327, 0.99616039, -0.73223621;
 0, 0, 0, 1]
Ow:
[0.31733957;
 0.016322315;
 0.73745286]
Keyframe: 74 Frame: 287 Frame from vFrameID : 288
Tcw:
[0.99984926, -1.5727328e-05, 0.017361732, 0.32156116;
 0.0012012038, 0.997666, -0.068272687, 0.018993199;
 -0.017320136, 0.068283252, 0.99751562, 0.75216043;
 0, 0, 0, 1]
Twc:
[0.99984926, 0.0012012038, -0.017320136, -0.30850798;
 -1.5727328e-05, 0.997666, 0.068283252, -0.070303768;
 0.017361732, -0.068272687, 0.99751562, -0.75457793;
 0, 0, 0, 1]
Ow:
[0.32156116;
 0.018993199;
 0.75216043]
Keyframe: 75 Frame: 290 Frame from vFrameID : 291
Tcw:
[0.99966538, -0.0027429436, 0.025721652, 0.32559198;
 0.0042011123, 0.99837625, -0.056808826, 0.018504076;
 -0.025524063, 0.056897875, 0.99805367, 0.7651161;
 0, 0, 0, 1]
Twc:
[0.99966538, 0.0042011123, -0.025524063, -0.30603191;
 -0.0027429436, 0.99837625, 0.056897875, -0.06111443;
 0.025721652, -0.056808826, 0.99805367, -0.77095056;
 0, 0, 0, 1]
Ow:
[0.32559198;
 0.018504076;
 0.7651161]
Keyframe: 76 Frame: 294 Frame from vFrameID : 295
Tcw:
[0.99996054, -0.0053569023, 0.0070826509, 0.33073246;
 0.0058284556, 0.99764597, -0.068326652, 0.020032693;
 -0.0066999588, 0.068365239, 0.99763787, 0.78391665;
 0, 0, 0, 1]
Twc:
[0.99996054, 0.0058284556, -0.0066999588, -0.32558396;
 -0.0053569023, 0.99764597, 0.068365239, -0.071806483;
 0.0070826509, -0.068326652, 0.99763787, -0.78303862;
 0, 0, 0, 1]
Ow:
[0.33073246;
 0.020032693;
 0.78391665]
Keyframe: 77 Frame: 297 Frame from vFrameID : 298
Tcw:
[0.99997962, -0.002103613, -0.0060289814, 0.33785895;
 0.0016181085, 0.99683905, -0.079431005, 0.018755995;
 0.0061770161, 0.079419628, 0.99682212, 0.79394716;
 0, 0, 0, 1]
Twc:
[0.99997962, 0.0016181085, 0.0061770161, -0.34278661;
 -0.002103613, 0.99683905, 0.079419628, -0.081040978;
 -0.0060289814, -0.079431005, 0.99682212, -0.78789741;
 0, 0, 0, 1]
Ow:
[0.33785895;
 0.018755995;
 0.79394716]
Keyframe: 78 Frame: 301 Frame from vFrameID : 302
Tcw:
[0.99984908, 0.0041339342, -0.01687263, 0.34709859;
 -0.0054250532, 0.99700028, -0.07720796, 0.016698461;
 0.016502842, 0.077287845, 0.99687225, 0.80947047;
 0, 0, 0, 1]
Twc:
[0.99984908, -0.0054250532, 0.016502842, -0.36031422;
 0.0041339342, 0.99700028, 0.077287845, -0.080645479;
 -0.01687263, -0.07720796, 0.99687225, -0.79979289;
 0, 0, 0, 1]
Ow:
[0.34709859;
 0.016698461;
 0.80947047]
Keyframe: 79 Frame: 305 Frame from vFrameID : 306
Tcw:
[0.99969548, 0.0089829732, -0.022984438, 0.35214901;
 -0.01084068, 0.99657166, -0.082020797, 0.012445241;
 0.022168849, 0.082244985, 0.99636555, 0.8283276;
 0, 0, 0, 1]
Twc:
[0.99969548, -0.01084068, 0.022168849, -0.37026992;
 0.0089829732, 0.99657166, 0.082244985, -0.083691709;
 -0.022984438, -0.082020797, 0.99636555, -0.8162024;
 0, 0, 0, 1]
Ow:
[0.35214901;
 0.012445241;
 0.8283276]
Keyframe: 80 Frame: 309 Frame from vFrameID : 310
Tcw:
[0.99968827, 0.021673439, -0.012394271, 0.35811996;
 -0.022765134, 0.99511635, -0.096047968, 0.014515214;
 0.010252051, 0.096300185, 0.99529952, 0.84828091;
 0, 0, 0, 1]
Twc:
[0.99968827, -0.022765134, 0.010252051, -0.36637449;
 0.021673439, 0.99511635, 0.096300185, -0.10389563;
 -0.012394271, -0.096047968, 0.99529952, -0.8384608;
 0, 0, 0, 1]
Ow:
[0.35811996;
 0.014515214;
 0.84828091]
Keyframe: 81 Frame: 314 Frame from vFrameID : 315
Tcw:
[0.99972862, 0.011931751, 0.02000669, 0.3606517;
 -0.0098314416, 0.99473828, -0.10197566, 0.01792343;
 -0.02111817, 0.1017513, 0.99458569, 0.87558937;
 0, 0, 0, 1]
Twc:
[0.99972862, -0.0098314416, -0.02111817, -0.34188679;
 0.011931751, 0.99473828, 0.1017513, -0.11122469;
 0.02000669, -0.10197566, 0.99458569, -0.87623638;
 0, 0, 0, 1]
Ow:
[0.3606517;
 0.01792343;
 0.87558937]
Keyframe: 82 Frame: 318 Frame from vFrameID : 319
Tcw:
[0.99946022, -0.00075648015, 0.032843638, 0.35908559;
 0.0038954541, 0.9954108, -0.095614955, 0.017384477;
 -0.032620579, 0.095691286, 0.99487638, 0.88850933;
 0, 0, 0, 1]
Twc:
[0.99946022, 0.0038954541, -0.032620579, -0.32997581;
 -0.00075648015, 0.9954108, 0.095691286, -0.10205565;
 0.032843638, -0.095614955, 0.99487638, -0.89408845;
 0, 0, 0, 1]
Ow:
[0.35908559;
 0.017384477;
 0.88850933]
Keyframe: 83 Frame: 322 Frame from vFrameID : 323
Tcw:
[0.99909371, 0.002432233, 0.042495295, 0.36793083;
 0.0015856053, 0.99554646, -0.094259121, 0.017960735;
 -0.042535301, 0.094241075, 0.99464035, 0.9058736;
 0, 0, 0, 1]
Twc:
[0.99909371, 0.0015856053, -0.042535301, -0.32909426;
 0.002432233, 0.99554646, 0.094241075, -0.10414614;
 0.042495295, -0.094259121, 0.99464035, -0.91496074;
 0, 0, 0, 1]
Ow:
[0.36793083;
 0.017960735;
 0.9058736]
Keyframe: 84 Frame: 326 Frame from vFrameID : 327
Tcw:
[0.99966776, 0.0050690179, 0.025271386, 0.37558287;
 -0.0027462153, 0.99583656, -0.091115326, 0.01846002;
 -0.025628034, 0.091015652, 0.99551964, 0.9256137;
 0, 0, 0, 1]
Twc:
[0.99966776, -0.0027462153, -0.025628034, -0.35168576;
 0.0050690179, 0.99583656, 0.091015652, -0.10453235;
 0.025271386, -0.091115326, 0.99551964, -0.92927617;
 0, 0, 0, 1]
Ow:
[0.37558287;
 0.01846002;
 0.9256137]
Keyframe: 85 Frame: 330 Frame from vFrameID : 331
Tcw:
[0.99994147, 0.008531915, 0.0066557052, 0.38343662;
 -0.0078702588, 0.99556082, -0.093790658, 0.017045677;
 -0.0074263732, 0.093732789, 0.99556971, 0.93749022;
 0, 0, 0, 1]
Twc:
[0.99994147, -0.0078702588, -0.0074263732, -0.37631783;
 0.008531915, 0.99556082, 0.093732789, -0.10811502;
 0.0066557052, -0.093790658, 0.99556971, -0.93429017;
 0, 0, 0, 1]
Ow:
[0.38343662;
 0.017045677;
 0.93749022]
Keyframe: 86 Frame: 334 Frame from vFrameID : 335
Tcw:
[0.99987537, 0.015127168, -0.004519695, 0.39428538;
 -0.015454119, 0.99632907, -0.084199302, 0.014848083;
 0.0032294064, 0.084258653, 0.99643868, 0.94998133;
 0, 0, 0, 1]
Twc:
[0.99987537, -0.015454119, 0.0032294064, -0.39707464;
 0.015127168, 0.99632907, 0.084258653, -0.10080215;
 -0.004519695, -0.084199302, 0.99643868, -0.94356591;
 0, 0, 0, 1]
Ow:
[0.39428538;
 0.014848083;
 0.94998133]
Keyframe: 87 Frame: 339 Frame from vFrameID : 340
Tcw:
[0.99983478, 0.011211919, -0.014309814, 0.4013381;
 -0.012329684, 0.99667215, -0.080576837, 0.015233122;
 0.013358772, 0.080739953, 0.99664569, 0.96527052;
 0, 0, 0, 1]
Twc:
[0.99983478, -0.012329684, 0.013358772, -0.41397876;
 0.011211919, 0.99667215, 0.080739953, -0.097618096;
 -0.014309814, -0.080576837, 0.99664569, -0.95506215;
 0, 0, 0, 1]
Ow:
[0.4013381;
 0.015233122;
 0.96527052]
Keyframe: 88 Frame: 343 Frame from vFrameID : 344
Tcw:
[0.99981028, 0.018889947, -0.0047495225, 0.40769538;
 -0.019213218, 0.99651664, -0.081150427, 0.016028225;
 0.0032000509, 0.081226282, 0.99669057, 0.98385036;
 0, 0, 0, 1]
Twc:
[0.99981028, -0.019213218, 0.0032000509, -0.41045845;
 0.018889947, 0.99651664, 0.081226282, -0.10358825;
