Keyframe: 0 Frame: 0 Frame from vFrameID : 307
Tcw:
[0.90730786, 0.29123938, 0.30326891, 0.026728626;
 0.19923146, 0.33737558, -0.92004597, -0.092056073;
 -0.37026912, 0.89518565, 0.24807946, 0.094505847;
 0, 0, 0, 1]
Twc:
[0.90730786, 0.19923146, -0.37026912, 0.02908197;
 0.29123938, 0.33737558, 0.89518565, -0.061327238;
 0.30326891, -0.92004597, 0.24807946, -0.11624673;
 0, 0, 0, 1]
Ow:
[0.026728626;
 -0.092056073;
 0.094505847]
Keyframe: 1 Frame: 306 Frame from vFrameID : 307
Tcw:
[0.90331316, 0.29191732, 0.31434, 0.0010757186;
 0.20909044, 0.34021568, -0.91680664, -0.0013575674;
 -0.37457517, 0.89388901, 0.24628419, 0.0008142119;
 0, 0, 0, 1]
Twc:
[0.90331316, 0.20909044, -0.37457517, -0.00038287276;
 0.29191732, 0.34021568, 0.89388901, -0.00057997019;
 0.31434, -0.91680664, 0.24628419, -0.0017832958;
 0, 0, 0, 1]
Ow:
[0.0010757186;
 -0.0013575674;
 0.0008142119]
