Keyframe: 0 Frame: 0 Frame from vFrameID : 307
Tcw:
[0.89670748, 0.31661192, 0.30930993, 0.023182388;
 0.18379632, 0.36936942, -0.91092545, -0.0960574;
 -0.40265948, 0.87368363, 0.2730242, 0.13821821;
 0, 0, 0, 1]
Twc:
[0.89670748, 0.18379632, -0.40265948, 0.052522048;
 0.31661192, 0.36936942, 0.87368363, -0.092618152;
 0.30930993, -0.91092545, 0.2730242, -0.13240859;
 0, 0, 0, 1]
Ow:
[0.023182388;
 -0.0960574;
 0.13821821]
Keyframe: 1 Frame: 310 Frame from vFrameID : 307
Tcw:
[0.89481795, 0.31763053, 0.3137064, 0.0038507306;
 0.18585043, 0.37387162, -0.90866917, -0.0012386639;
 -0.40590701, 0.87139595, 0.27551526, -0.0026882016;
 0, 0, 0, 1]
Twc:
[0.89481795, 0.18585043, -0.40590701, -0.0043066563;
 0.31763053, 0.37387162, 0.87139595, 0.0015824796;
 0.3137064, -0.90866917, 0.27551526, -0.001592894;
 0, 0, 0, 1]
Ow:
[0.0038507306;
 -0.0012386639;
 -0.0026882016]
