Keyframe: 0 Frame: 0 Frame from vFrameID : 307
Tcw:
[0.90525526, 0.29192477, 0.30869535, 0.025467265;
 0.1915971, 0.36800134, -0.90987116, -0.10659733;
 -0.37921423, 0.88281083, 0.2772032, 0.18914038;
 0, 0, 0, 1]
Twc:
[0.90525526, 0.1915971, -0.37921423, 0.069094092;
 0.29192477, 0.36800134, 0.88281083, -0.13518174;
 0.30869535, -0.90987116, 0.2772032, -0.15728179;
 0, 0, 0, 1]
Ow:
[0.025467265;
 -0.10659733;
 0.18914038]
Keyframe: 1 Frame: 317 Frame from vFrameID : 307
Tcw:
[0.91034842, 0.28979346, 0.29544121, 0.04674511;
 0.18396589, 0.35610723, -0.91615731, -0.17184369;
 -0.37070513, 0.88837343, 0.27086955, 0.2070867;
 0, 0, 0, 1]
Twc:
[0.91034842, 0.18396589, -0.37070513, 0.065827146;
 0.28979346, 0.35610723, 0.88837343, -0.13632198;
 0.29544121, -0.91615731, 0.27086955, -0.22733976;
 0, 0, 0, 1]
Ow:
[0.04674511;
 -0.17184369;
 0.2070867]
Keyframe: 2 Frame: 320 Frame from vFrameID : 321
Tcw:
[0.91356701, 0.29729107, 0.27751279, 0.044879265;
 0.16726132, 0.34733018, -0.92270547, -0.26071876;
 -0.37070069, 0.88937044, 0.26758409, 0.20347403;
 0, 0, 0, 1]
Twc:
[0.91356701, 0.16726132, -0.37070069, 0.078035906;
 0.29729107, 0.34733018, 0.88937044, -0.1037505;
 0.27751279, -0.92270547, 0.26758409, -0.30746761;
 0, 0, 0, 1]
Ow:
[0.044879265;
 -0.26071876;
 0.20347403]
Keyframe: 3 Frame: 323 Frame from vFrameID : 324
Tcw:
[0.90931755, 0.29924294, 0.28912842, 0.046333764;
 0.16913837, 0.36903891, -0.91389412, -0.25357378;
 -0.38017601, 0.87992269, 0.28496012, 0.24839324;
 0, 0, 0, 1]
Twc:
[0.90931755, 0.16913837, -0.38017601, 0.095190093;
 0.29924294, 0.36903891, 0.87992269, -0.1388533;
 0.28912842, -0.91389412, 0.28496012, -0.31591815;
 0, 0, 0, 1]
Ow:
[0.046333764;
 -0.25357378;
 0.24839324]
Keyframe: 4 Frame: 324 Frame from vFrameID : 325
Tcw:
[0.91056627, 0.29578257, 0.2887589, 0.084117137;
 0.16530488, 0.37971133, -0.91021621, -0.27791402;
 -0.37887111, 0.87654549, 0.29685804, 0.24334484;
 0, 0, 0, 1]
Twc:
[0.91056627, 0.16530488, -0.37887111, 0.061542656;
 0.29578257, 0.37971133, 0.87654549, -0.1326561;
 0.2887589, -0.91021621, 0.29685804, -0.34949031;
 0, 0, 0, 1]
Ow:
[0.084117137;
 -0.27791402;
 0.24334484]
Keyframe: 5 Frame: 325 Frame from vFrameID : 326
Tcw:
[0.91098773, 0.29456341, 0.28867581, 0.084020838;
 0.16605164, 0.37874252, -0.9104839, -0.27689239;
 -0.37752905, 0.87737477, 0.29611704, 0.24386874;
 0, 0, 0, 1]
Twc:
[0.91098773, 0.16605164, -0.37752905, 0.061504021;
 0.29456341, 0.37874252, 0.87737477, -0.13384284;
 0.28867581, -0.9104839, 0.29611704, -0.34857455;
 0, 0, 0, 1]
Ow:
[0.084020838;
 -0.27689239;
 0.24386874]
Keyframe: 6 Frame: 328 Frame from vFrameID : 329
Tcw:
[0.90775239, 0.29598823, 0.29728195, 0.085551798;
 0.17094037, 0.38616529, -0.9064523, -0.29577437;
 -0.3830992, 0.87365174, 0.29994613, 0.29138851;
 0, 0, 0, 1]
Twc:
[0.90775239, 0.17094037, -0.3830992, 0.084530629;
 0.29598823, 0.38616529, 0.87365174, -0.16567662;
 0.29728195, -0.9064523, 0.29994613, -0.38093922;
 0, 0, 0, 1]
Ow:
[0.085551798;
 -0.29577437;
 0.29138851]
Keyframe: 7 Frame: 332 Frame from vFrameID : 333
Tcw:
[0.90452343, 0.29003134, 0.31260064, 0.12004486;
 0.18763494, 0.38758802, -0.9025346, -0.30562666;
 -0.38292357, 0.87501848, 0.29616243, 0.3192907;
 0, 0, 0, 1]
Twc:
[0.90452343, 0.18763494, -0.38292357, 0.071026795;
 0.29003134, 0.38758802, 0.87501848, -0.19574481;
 0.31260064, -0.9025346, 0.29616243, -0.40792665;
 0, 0, 0, 1]
Ow:
[0.12004486;
 -0.30562666;
 0.3192907]
Keyframe: 8 Frame: 335 Frame from vFrameID : 336
Tcw:
[0.90028018, 0.29197541, 0.32287139, 0.1450513;
 0.1982927, 0.38522041, -0.90126866, -0.3076548;
 -0.38752493, 0.87541741, 0.2889097, 0.35412759;
 0, 0, 0, 1]
Twc:
[0.90028018, 0.1982927, -0.38752493, 0.067652166;
 0.29197541, 0.38522041, 0.87541741, -0.23384593;
 0.32287139, -0.90126866, 0.2889097, -0.42642346;
 0, 0, 0, 1]
Ow:
[0.1450513;
 -0.3076548;
 0.35412759]
Keyframe: 9 Frame: 338 Frame from vFrameID : 339
Tcw:
[0.8925457, 0.29213831, 0.34353656, 0.17353967;
 0.21738842, 0.38870627, -0.89534897, -0.36046293;
 -0.3951005, 0.87382072, 0.28343064, 0.37448734;
 0, 0, 0, 1]
Twc:
[0.8925457, 0.21738842, -0.3951005, 0.071428515;
 0.29213831, 0.38870627, 0.87382072, -0.23781817;
 0.34353656, -0.89534897, 0.28343064, -0.48849848;
 0, 0, 0, 1]
Ow:
[0.17353967;
 -0.36046293;
 0.37448734]
Keyframe: 10 Frame: 342 Frame from vFrameID : 343
Tcw:
[0.88502759, 0.30366397, 0.35286593, 0.22065206;
 0.22308087, 0.38865125, -0.89397156, -0.38191462;
 -0.40860873, 0.86990714, 0.27622545, 0.41966683;
 0, 0, 0, 1]
Twc:
[0.88502759, 0.22308087, -0.40860873, 0.061394215;
 0.30366397, 0.38865125, 0.86990714, -0.28364363;
 0.35286593, -0.89397156, 0.27622545, -0.53520405;
 0, 0, 0, 1]
Ow:
[0.22065206;
 -0.38191462;
 0.41966683]
Keyframe: 11 Frame: 347 Frame from vFrameID : 348
Tcw:
[0.90202606, 0.29136327, 0.31852221, 0.29110995;
 0.19983461, 0.37220526, -0.90638256, -0.36865079;
 -0.38264221, 0.8812325, 0.2775144, 0.44857651;
 0, 0, 0, 1]
Twc:
[0.90202606, 0.19983461, -0.38264221, -0.017275255;
 0.29136327, 0.37220526, 0.8812325, -0.34290516;
 0.31852221, -0.90638256, 0.2775144, -0.55135006;
 0, 0, 0, 1]
Ow:
[0.29110995;
 -0.36865079;
 0.44857651]
Keyframe: 12 Frame: 351 Frame from vFrameID : 352
Tcw:
[0.91299593, 0.29472131, 0.28209531, 0.30911303;
 0.17546231, 0.3405759, -0.92369962, -0.39597207;
 -0.36830884, 0.89283109, 0.25923195, 0.4719089;
 0, 0, 0, 1]
Twc:
[0.91299593, 0.17546231, -0.36830884, -0.038932566;
 0.29472131, 0.3405759, 0.89283109, -0.37757862;
 0.28209531, -0.92369962, 0.25923195, -0.57529247;
 0, 0, 0, 1]
Ow:
[0.30911303;
 -0.39597207;
 0.4719089]
Keyframe: 13 Frame: 357 Frame from vFrameID : 358
Tcw:
[0.91777712, 0.2799077, 0.28166786, 0.30887592;
 0.16694245, 0.37161595, -0.91325343, -0.39339268;
 -0.36029893, 0.88518542, 0.29433215, 0.53314734;
 0, 0, 0, 1]
Twc:
[0.91777712, 0.16694245, -0.36029893, -0.025712918;
 0.2799077, 0.37161595, 0.88518542, -0.4122;
 0.28166786, -0.91325343, 0.29433215, -0.60319;
 0, 0, 0, 1]
Ow:
[0.30887592;
 -0.39339268;
 0.53314734]
Keyframe: 14 Frame: 363 Frame from vFrameID : 364
Tcw:
[0.91457182, 0.27975303, 0.29205593, 0.37380686;
 0.17473914, 0.37792301, -0.90919769, -0.45310539;
 -0.36472547, 0.88256019, 0.29675391, 0.57364851;
 0, 0, 0, 1]
Twc:
[0.91457182, 0.17473914, -0.36472547, -0.053473767;
 0.27975303, 0.37792301, 0.88256019, -0.43961397;
 0.29205593, -0.90919769, 0.29675391, -0.69136733;
 0, 0, 0, 1]
Ow:
[0.37380686;
 -0.45310539;
 0.57364851]
Keyframe: 15 Frame: 369 Frame from vFrameID : 370
Tcw:
[0.90166521, 0.29423881, 0.31689647, 0.40681252;
 0.2064846, 0.35093215, -0.91335136, -0.48803845;
 -0.37995258, 0.88897139, 0.25566754, 0.59306514;
 0, 0, 0, 1]
Twc:
[0.90166521, 0.2064846, -0.37995258, -0.040699646;
 0.29423881, 0.35093215, 0.88897139, -0.4756496;
 0.31689647, -0.91335136, 0.25566754, -0.72629559;
 0, 0, 0, 1]
Ow:
[0.40681252;
 -0.48803845;
 0.59306514]
Keyframe: 16 Frame: 376 Frame from vFrameID : 377
Tcw:
[0.8805356, 0.29748771, 0.36899611, 0.17869565;
 0.26245156, 0.34224799, -0.90221143, -0.39621806;
 -0.394685, 0.8912729, 0.22328542, 0.76224327;
 0, 0, 0, 1]
Twc:
[0.8805356, 0.26245156, -0.394685, 0.24748613;
 0.29748771, 0.34224799, 0.8912729, -0.59692162;
 0.36899611, -0.90221143, 0.22328542, -0.59360832;
 0, 0, 0, 1]
Ow:
[0.17869565;
 -0.39621806;
 0.76224327]
Keyframe: 17 Frame: 383 Frame from vFrameID : 384
Tcw:
[0.91085339, 0.26723334, 0.31453523, 0.30299968;
 0.21339342, 0.34739849, -0.91311419, -0.4852553;
 -0.35328361, 0.89883292, 0.25940326, 0.73414254;
 0, 0, 0, 1]
Twc:
[0.91085339, 0.21339342, -0.35328361, 0.086922564;
 0.26723334, 0.34739849, 0.89883292, -0.57226616;
 0.31453523, -0.91311419, 0.25940326, -0.7288366;
 0, 0, 0, 1]
Ow:
[0.30299968;
 -0.4852553;
 0.73414254]
Keyframe: 18 Frame: 389 Frame from vFrameID : 390
Tcw:
[0.91464555, 0.29334059, 0.27816319, 0.3474569;
 0.1740607, 0.33527017, -0.9259032, -0.31193826;
 -0.36486483, 0.89529055, 0.25559428, 0.81415427;
 0, 0, 0, 1]
Twc:
[0.91464555, 0.1740607, -0.36486483, 0.033552527;
 0.29334059, 0.33527017, 0.89529055, -0.72624427;
 0.27816319, -0.9259032, 0.25559428, -0.59356755;
 0, 0, 0, 1]
Ow:
[0.3474569;
 -0.31193826;
 0.81415427]
Keyframe: 19 Frame: 396 Frame from vFrameID : 397
Tcw:
[0.91460824, 0.288831, 0.28296366, 0.48638642;
 0.18528762, 0.32262808, -0.92821312, -0.38866836;
 -0.35938877, 0.90138102, 0.2415615, 0.82484013;
 0, 0, 0, 1]
Twc:
[0.91460824, 0.18528762, -0.35938877, -0.076399341;
 0.288831, 0.32262808, 0.90138102, -0.75858343;
 0.28296366, -0.92821312, 0.2415615, -0.69764638;
 0, 0, 0, 1]
Ow:
[0.48638642;
 -0.38866836;
 0.82484013]
Keyframe: 20 Frame: 403 Frame from vFrameID : 404
Tcw:
[0.87633711, 0.28952411, 0.38497925, 0.13883701;
 0.280554, 0.3428897, -0.89650214, -0.54701263;
 -0.3915644, 0.89364558, 0.21925984, 0.93394703;
 0, 0, 0, 1]
Twc:
[0.87633711, 0.280554, -0.3915644, 0.39749897;
 0.28952411, 0.3428897, 0.89364558, -0.6872493;
 0.38497925, -0.89650214, 0.21925984, -0.74862444;
 0, 0, 0, 1]
Ow:
[0.13883701;
 -0.54701263;
 0.93394703]
Keyframe: 21 Frame: 411 Frame from vFrameID : 412
Tcw:
[0.89136356, 0.25767854, 0.3729246, 0.14285363;
 0.27153265, 0.35523361, -0.89447141, -0.58025312;
 -0.36296144, 0.89856046, 0.24667415, 0.94630003;
 0, 0, 0, 1]
Twc:
[0.89136356, 0.27153265, -0.36296144, 0.37369359;
 0.25767854, 0.35523361, 0.89856046, -0.68099266;
 0.3729246, -0.89447141, 0.24667415, -0.80572122;
 0, 0, 0, 1]
Ow:
[0.14285363;
 -0.58025312;
 0.94630003]
Keyframe: 22 Frame: 419 Frame from vFrameID : 420
Tcw:
[0.89324141, 0.2583181, 0.36795586, 0.16404372;
 0.2643106, 0.36032739, -0.89459717, -0.64767885;
 -0.36367521, 0.89634585, 0.25358313, 0.97964096;
 0, 0, 0, 1]
Twc:
[0.89324141, 0.2643106, -0.36367521, 0.38092887;
 0.2583181, 0.36032739, 0.89634585, -0.68709618;
 0.36795586, -0.89459717, 0.25358313, -0.88819289;
 0, 0, 0, 1]
Ow:
[0.16404372;
 -0.64767885;
 0.97964096]
Keyframe: 23 Frame: 428 Frame from vFrameID : 429
Tcw:
[0.87965524, 0.29885966, 0.36998594, -0.013113976;
 0.26889884, 0.32914194, -0.90518451, -0.38891685;
 -0.39230102, 0.89573908, 0.20916842, 1.0917372;
 0, 0, 0, 1]
Twc:
[0.87965524, 0.26889884, -0.39230102, 0.54440463;
 0.29885966, 0.32914194, 0.89573908, -0.84598351;
 0.36998594, -0.90518451, 0.20916842, -0.57554644;
 0, 0, 0, 1]
Ow:
[-0.013113976;
 -0.38891685;
 1.0917372]
Keyframe: 24 Frame: 436 Frame from vFrameID : 437
Tcw:
[0.84541035, 0.33953252, 0.41230932, -0.079657614;
 0.27989793, 0.37583399, -0.88340586, -0.47995505;
 -0.45490488, 0.86224502, 0.22269951, 1.1854376;
 0, 0, 0, 1]
Twc:
[0.84541035, 0.27989793, -0.45490488, 0.74094319;
 0.33953252, 0.37583399, 0.86224502, -0.81470793;
 0.41230932, -0.88340586, 0.22269951, -0.65514791;
 0, 0, 0, 1]
Ow:
[-0.079657614;
 -0.47995505;
 1.1854376]
Keyframe: 25 Frame: 445 Frame from vFrameID : 446
Tcw:
[0.89562064, 0.28375596, 0.34255832, 0.051909119;
 0.2424912, 0.33415523, -0.91078991, -0.55923826;
 -0.37290972, 0.89878964, 0.230468, 1.1544423;
 0, 0, 0, 1]
Twc:
[0.89562064, 0.2424912, -0.37290972, 0.51962227;
 0.28375596, 0.33415523, 0.89878964, -0.86545795;
 0.34255832, -0.91078991, 0.230468, -0.79319251;
 0, 0, 0, 1]
Ow:
[0.051909119;
 -0.55923826;
 1.1544423]
Keyframe: 26 Frame: 453 Frame from vFrameID : 454
Tcw:
[0.88670617, 0.29764849, 0.3537761, -0.018246084;
 0.24337745, 0.35008749, -0.90454751, -0.48302609;
 -0.39308977, 0.88816899, 0.23798379, 1.2104785;
 0, 0, 0, 1]
Twc:
[0.88670617, 0.24337745, -0.39308977, 0.60956329;
 0.29764849, 0.35008749, 0.88816899, -0.90057719;
 0.3537761, -0.90454751, 0.23798379, -0.7185393;
 0, 0, 0, 1]
Ow:
[-0.018246084;
 -0.48302609;
 1.2104785]
Keyframe: 27 Frame: 461 Frame from vFrameID : 462
Tcw:
[0.87058383, 0.29706404, 0.39222029, 0.0026026666;
 0.28213683, 0.35167414, -0.89259404, -0.5033325;
 -0.40309131, 0.88773775, 0.22234912, 1.2376096;
 0, 0, 0, 1]
Twc:
[0.87058383, 0.28213683, -0.40309131, 0.63861251;
 0.29706404, 0.35167414, 0.88773775, -0.92243695;
 0.39222029, -0.89259404, 0.22234912, -0.72547382;
 0, 0, 0, 1]
Ow:
[0.0026026666;
 -0.5033325;
 1.2376096]
Keyframe: 28 Frame: 469 Frame from vFrameID : 470
Tcw:
[0.87419105, 0.27337554, 0.40131766, 0.030455887;
 0.29418761, 0.35935211, -0.88561827, -0.48758292;
 -0.38632071, 0.89226222, 0.23371871, 1.2450908;
 0, 0, 0, 1]
Twc:
[0.87419105, 0.29418761, -0.38632071, 0.59782094;
 0.27337554, 0.35935211, 0.89226222, -0.94405943;
 0.40131766, -0.88561827, 0.23371871, -0.73503584;
 0, 0, 0, 1]
Ow:
[0.030455887;
 -0.48758292;
 1.2450908]
Keyframe: 29 Frame: 478 Frame from vFrameID : 479
Tcw:
[0.89353961, 0.3066498, 0.32795259, -0.050540522;
 0.21235415, 0.35493094, -0.91045576, -0.28323603;
 -0.39559162, 0.88317037, 0.2520265, 1.2913799;
 0, 0, 0, 1]
Twc:
[0.89353961, 0.21235415, -0.39559162, 0.6161654;
 0.3066498, 0.35493094, 0.88317037, -1.0244811;
 0.32795259, -0.91045576, 0.2520265, -0.56676096;
 0, 0, 0, 1]
Ow:
[-0.050540522;
 -0.28323603;
 1.2913799]
Keyframe: 30 Frame: 486 Frame from vFrameID : 487
Tcw:
[0.90887797, 0.28348678, 0.30590215, 0.034606561;
 0.18795153, 0.37635753, -0.90720958, -0.32893074;
 -0.37231049, 0.88203758, 0.28878126, 1.2870269;
 0, 0, 0, 1]
Twc:
[0.90887797, 0.18795153, -0.37231049, 0.50954348;
 0.28348678, 0.37635753, 0.88203758, -1.0212209;
 0.30590215, -0.90720958, 0.28878126, -0.6806646;
 0, 0, 0, 1]
Ow:
[0.034606561;
 -0.32893074;
 1.2870269]
Keyframe: 31 Frame: 494 Frame from vFrameID : 495
Tcw:
[0.89260817, 0.28325942, 0.35073465, 0.078487515;
 0.22935599, 0.38445666, -0.89419734, -0.41847259;
 -0.3881321, 0.87861097, 0.27820191, 1.32601;
 0, 0, 0, 1]
Twc:
[0.89260817, 0.22935599, -0.3881321, 0.5405876;
 0.28325942, 0.38445666, 0.87861097, -1.0263946;
 0.35073465, -0.89419734, 0.27820191, -0.77062386;
 0, 0, 0, 1]
Ow:
[0.078487515;
 -0.41847259;
 1.32601]
Keyframe: 32 Frame: 503 Frame from vFrameID : 504
Tcw:
[0.89613444, 0.30327129, 0.32399005, 0.015230507;
 0.20611449, 0.36211711, -0.90905887, -0.30953023;
 -0.39301381, 0.88141799, 0.26199701, 1.4322163;
 0, 0, 0, 1]
Twc:
[0.89613444, 0.20611449, -0.39301381, 0.61303085;
 0.30327129, 0.36211711, 0.88141799, -1.154914;
 0.32399005, -0.90905887, 0.26199701, -0.66155213;
 0, 0, 0, 1]
Ow:
[0.015230507;
 -0.30953023;
 1.4322163]
Keyframe: 33 Frame: 512 Frame from vFrameID : 513
Tcw:
[0.91445243, 0.29425693, 0.27783012, 0.070532158;
 0.16171026, 0.36364087, -0.91739583, -0.39435387;
 -0.37098047, 0.88384283, 0.28494793, 1.4563677;
 0, 0, 0, 1]
Twc:
[0.91445243, 0.16171026, -0.37098047, 0.53955674;
 0.29425693, 0.36364087, 0.88384283, -1.1645515;
 0.27783012, -0.91739583, 0.28494793, -0.79636347;
 0, 0, 0, 1]
Ow:
[0.070532158;
 -0.39435387;
 1.4563677]
Keyframe: 34 Frame: 521 Frame from vFrameID : 522
Tcw:
[0.8831259, 0.32192644, 0.34125075, -0.048809171;
 0.21868148, 0.36105841, -0.90654027, -0.37444741;
 -0.41505072, 0.87521434, 0.24846068, 1.6216292;
 0, 0, 0, 1]
Twc:
[0.8831259, 0.21868148, -0.41505072, 0.79804778;
 0.32192644, 0.36105841, 0.87521434, -1.2683629;
 0.34125075, -0.90654027, 0.24846068, -0.72570658;
 0, 0, 0, 1]
Ow:
[-0.048809171;
 -0.37444741;
 1.6216292]
Keyframe: 35 Frame: 530 Frame from vFrameID : 531
Tcw:
[0.87313569, 0.31197917, 0.37457052, -0.057349831;
 0.24004091, 0.39361355, -0.8873831, -0.43638599;
 -0.42428109, 0.86471808, 0.26879027, 1.6362896;
 0, 0, 0, 1]
Twc:
[0.87313569, 0.24004091, -0.42428109, 0.84907138;
 0.31197917, 0.39361355, 0.86471808, -1.2252698;
 0.37457052, -0.8873831, 0.26879027, -0.80557871;
 0, 0, 0, 1]
Ow:
[-0.057349831;
 -0.43638599;
 1.6362896]
Keyframe: 36 Frame: 538 Frame from vFrameID : 539
Tcw:
[0.88876754, 0.31695655, 0.33110538, -0.11323923;
 0.19552295, 0.39118674, -0.89930177, -0.38926139;
 -0.41456363, 0.86400896, 0.28570181, 1.736775;
 0, 0, 0, 1]
Twc:
[0.88876754, 0.19552295, -0.41456363, 0.89675665;
 0.31695655, 0.39118674, 0.86400896, -1.3124233;
 0.33110538, -0.89930177, 0.28570181, -0.80876917;
 0, 0, 0, 1]
Ow:
[-0.11323923;
 -0.38926139;
 1.736775]
Keyframe: 37 Frame: 547 Frame from vFrameID : 548
Tcw:
[0.89333808, 0.29812473, 0.33625689, -0.13262719;
 0.20490015, 0.39573207, -0.89521623, -0.37222323;
 -0.39995372, 0.86862981, 0.29243672, 1.7871878;
 0, 0, 0, 1]
Twc:
[0.89333808, 0.20490015, -0.39995372, 0.90954196;
 0.29812473, 0.39573207, 0.86862981, -1.3655646;
 0.33625689, -0.89521623, 0.29243672, -0.81126285;
 0, 0, 0, 1]
Ow:
[-0.13262719;
 -0.37222323;
 1.7871878]
Keyframe: 38 Frame: 555 Frame from vFrameID : 556
Tcw:
[0.86692429, 0.34801063, 0.35683447, -0.15145314;
 0.20773765, 0.39849356, -0.89333528, -0.37773722;
 -0.45308644, 0.84858203, 0.27316883, 1.8088505;
 0, 0, 0, 1]
Twc:
[0.86692429, 0.20773765, -0.45308644, 1.0293343;
 0.34801063, 0.39849356, 0.84858203, -1.3317249;
 0.35683447, -0.89333528, 0.27316883, -0.77752393;
 0, 0, 0, 1]
Ow:
[-0.15145314;
 -0.37773722;
 1.8088505]
Keyframe: 39 Frame: 563 Frame from vFrameID : 564
Tcw:
[0.86240518, 0.35965586, 0.35623717, -0.09007889;
 0.19658749, 0.41054386, -0.89039713, -0.29069507;
 -0.46648753, 0.83791488, 0.28335133, 1.9126451;
 0, 0, 0, 1]
Twc:
[0.86240518, 0.19658749, -0.46648753, 1.0270567;
 0.35965586, 0.41054386, 0.83791488, -1.4508934;
 0.35623717, -0.89039713, 0.28335133, -0.76869518;
 0, 0, 0, 1]
Ow:
[-0.09007889;
 -0.29069507;
 1.9126451]
Keyframe: 40 Frame: 571 Frame from vFrameID : 572
Tcw:
[0.88264585, 0.31811431, 0.34603414, -0.1218296;
 0.19469105, 0.42263421, -0.88514161, -0.49134091;
 -0.42782208, 0.84863633, 0.31110233, 1.9302394;
 0, 0, 0, 1]
Twc:
[0.88264585, 0.19469105, -0.42782208, 1.0289911;
 0.31811431, 0.42263421, 0.84863633, -1.3916581;
 0.34603414, -0.88514161, 0.31110233, -0.99325109;
 0, 0, 0, 1]
Ow:
[-0.1218296;
 -0.49134091;
 1.9302394]
Keyframe: 41 Frame: 579 Frame from vFrameID : 580
Tcw:
[0.87927145, 0.29867056, 0.37104928, -0.20122525;
 0.2351505, 0.40525979, -0.88344139, -0.48946625;
 -0.4142293, 0.86403728, 0.28610086, 1.9800879;
 0, 0, 0, 1]
Twc:
[0.87927145, 0.2351505, -0.4142293, 1.1122403;
 0.29867056, 0.40525979, 0.86403728, -1.4524086;
 0.37104928, -0.88344139, 0.28610086, -0.92425507;
 0, 0, 0, 1]
Ow:
[-0.20122525;
 -0.48946625;
 1.9800879]
Keyframe: 42 Frame: 587 Frame from vFrameID : 588
Tcw:
[0.87122732, 0.31456602, 0.37684363, -0.06776014;
 0.24011907, 0.39647588, -0.88608676, -0.48929775;
 -0.42814219, 0.86247033, 0.26988733, 2.0009575;
 0, 0, 0, 1]
Twc:
[0.87122732, 0.24011907, -0.42814219, 1.0332185;
 0.31456602, 0.39647588, 0.86247033, -1.5104566;
 0.37684363, -0.88608676, 0.26988733, -0.94805831;
 0, 0, 0, 1]
Ow:
[-0.06776014;
 -0.48929775;
 2.0009575]
Keyframe: 43 Frame: 596 Frame from vFrameID : 597
Tcw:
[0.89490849, 0.29723811, 0.33284885, -0.026037514;
 0.19897753, 0.40184346, -0.89382869, -0.51268911;
 -0.39943308, 0.86612433, 0.3004694, 2.0127866;
 0, 0, 0, 1]
Twc:
[0.89490849, 0.19897753, -0.39943308, 0.92928833;
 0.29723811, 0.40184346, 0.86612433, -1.5295633;
 0.33284885, -0.89382869, 0.3004694, -1.0543705;
 0, 0, 0, 1]
Ow:
[-0.026037514;
 -0.51268911;
 2.0127866]
Keyframe: 44 Frame: 604 Frame from vFrameID : 605
Tcw:
[0.9012354, 0.28836459, 0.32345116, -0.0019351542;
 0.18518747, 0.41853198, -0.88912123, -0.53512383;
 -0.39176574, 0.86120665, 0.32379434, 2.036782;
 0, 0, 0, 1]
Twc:
[0.9012354, 0.18518747, -0.39176574, 0.89878362;
 0.28836459, 0.41853198, 0.86120665, -1.5295656;
 0.32345116, -0.88912123, 0.32379434, -1.1346625;
 0, 0, 0, 1]
Ow:
[-0.0019351542;
 -0.53512383;
 2.036782]
Keyframe: 45 Frame: 612 Frame from vFrameID : 613
Tcw:
[0.8845548, 0.3233808, 0.3361364, -0.019658744;
 0.20206727, 0.3838385, -0.90101987, -0.46848306;
 -0.42039463, 0.8649236, 0.27418151, 2.0739841;
 0, 0, 0, 1]
Twc:
[0.8845548, 0.20206727, -0.42039463, 0.98394608;
 0.3233808, 0.3838385, 0.8649236, -1.6076587;
 0.3361364, -0.90101987, 0.27418151, -0.98415267;
 0, 0, 0, 1]
Ow:
[-0.019658744;
 -0.46848306;
 2.0739841]
Keyframe: 46 Frame: 621 Frame from vFrameID : 622
Tcw:
[0.89141756, 0.30486217, 0.33531141, 0.029603601;
 0.21214686, 0.3731032, -0.90320969, -0.51909268;
 -0.40046021, 0.87627226, 0.26791522, 2.2224038;
 0, 0, 0, 1]
Twc:
[0.89141756, 0.21214686, -0.40046021, 0.97371906;
 0.30486217, 0.3731032, 0.87627226, -1.7627807;
 0.33531141, -0.90320969, 0.26791522, -1.0741917;
 0, 0, 0, 1]
Ow:
[0.029603601;
 -0.51909268;
 2.2224038]
Keyframe: 47 Frame: 629 Frame from vFrameID : 630
Tcw:
[0.90649003, 0.31359294, 0.28272825, 0.011746734;
 0.15286256, 0.38044098, -0.91208428, -0.39679658;
 -0.39358461, 0.87001383, 0.29692936, 2.17292;
 0, 0, 0, 1]
Twc:
[0.90649003, 0.15286256, -0.39358461, 0.90523493;
 0.31359294, 0.38044098, 0.87001383, -1.7431966;
 0.28272825, -0.91208428, 0.29692936, -1.0104368;
 0, 0, 0, 1]
Ow:
[0.011746734;
 -0.39679658;
 2.17292]
Keyframe: 48 Frame: 638 Frame from vFrameID : 639
Tcw:
[0.90340483, 0.32102743, 0.28425533, 0.15449709;
 0.14504445, 0.39505631, -0.90713429, -0.60485995;
 -0.40351185, 0.86073917, 0.31033254, 2.2972496;
 0, 0, 0, 1]
Twc:
[0.90340483, 0.14504445, -0.40351185, 0.87512553;
 0.32102743, 0.39505631, 0.86073917, -1.7879766;
 0.28425533, -0.90713429, 0.31033254, -1.3055171;
 0, 0, 0, 1]
Ow:
[0.15449709;
 -0.60485995;
 2.2972496]
Keyframe: 49 Frame: 646 Frame from vFrameID : 647
Tcw:
[0.88898993, 0.33652452, 0.310561, 0.1488497;
 0.17165834, 0.38383803, -0.9073047, -0.53607696;
 -0.42453539, 0.85989511, 0.28346092, 2.3096774;
 0, 0, 0, 1]
Twc:
[0.88898993, 0.17165834, -0.42453539, 0.94023597;
 0.33652452, 0.38383803, 0.85989511, -1.8304051;
 0.310561, -0.9073047, 0.28346092, -1.1873152;
 0, 0, 0, 1]
Ow:
[0.1488497;
 -0.53607696;
 2.3096774]
Keyframe: 50 Frame: 654 Frame from vFrameID : 655
Tcw:
[0.89006454, 0.3241927, 0.32044372, -0.012818485;
 0.19392216, 0.36689478, -0.9098255, -0.49694473;
 -0.41252792, 0.87194455, 0.2636919, 2.4657824;
 0, 0, 0, 1]
Twc:
[0.89006454, 0.19392216, -0.41252792, 1.124982;
 0.3241927, 0.36689478, 0.87194455, -1.9635435;
 0.32044372, -0.9098255, 0.2636919, -1.0982322;
 0, 0, 0, 1]
Ow:
[-0.012818485;
 -0.49694473;
 2.4657824]
Keyframe: 51 Frame: 661 Frame from vFrameID : 662
Tcw:
[0.90472043, 0.31691137, 0.28468955, 0.0065178573;
 0.1546192, 0.37842715, -0.91262579, -0.50127244;
 -0.39695573, 0.86968964, 0.29337019, 2.4522047;
 0, 0, 0, 1]
Twc:
[0.90472043, 0.1546192, -0.39695573, 1.0450263;
 0.31691137, 0.37842715, 0.86968964, -1.9450276;
 0.28468955, -0.91262579, 0.29337019, -1.1787335;
 0, 0, 0, 1]
Ow:
[0.0065178573;
 -0.50127244;
 2.4522047]
Keyframe: 52 Frame: 668 Frame from vFrameID : 669
Tcw:
[0.90177119, 0.3187328, 0.2919215, -0.062578142;
 0.15874271, 0.38396469, -0.90959984, -0.49365658;
 -0.40200686, 0.86659133, 0.29565176, 2.5611722;
 0, 0, 0, 1]
Twc:
[0.90177119, 0.15874271, -0.40200686, 1.1644043;
 0.3187328, 0.38396469, 0.86659133, -2.0099971;
 0.2919215, -0.90959984, 0.29565176, -1.1879771;
 0, 0, 0, 1]
Ow:
[-0.062578142;
 -0.49365658;
 2.5611722]
Keyframe: 53 Frame: 675 Frame from vFrameID : 676
Tcw:
[0.88703895, 0.32285121, 0.33004388, -0.10645714;
 0.1979851, 0.37979865, -0.90363425, -0.45978075;
 -0.41708964, 0.86690259, 0.27297649, 2.5930612;
 0, 0, 0, 1]
Twc:
[0.88703895, 0.1979851, -0.41708964, 1.2670004;
 0.32285121, 0.37979865, 0.86690259, -2.0389376;
 0.33004388, -0.90363425, 0.27297649, -1.0881829;
 0, 0, 0, 1]
Ow:
[-0.10645714;
 -0.45978075;
 2.5930612]
Keyframe: 54 Frame: 683 Frame from vFrameID : 684
Tcw:
[0.88762319, 0.31749254, 0.33365184, -0.052067727;
 0.18661928, 0.41436994, -0.89076978, -0.61079395;
 -0.42106804, 0.85293376, 0.30855414, 2.5981302;
 0, 0, 0, 1]
Twc:
[0.88762319, 0.18661928, -0.42106804, 1.2541921;
 0.31749254, 0.41436994, 0.85293376, -1.9464073;
 0.33365184, -0.89076978, 0.30855414, -1.3283682;
 0, 0, 0, 1]
Ow:
[-0.052067727;
 -0.61079395;
 2.5981302]
Keyframe: 55 Frame: 690 Frame from vFrameID : 691
Tcw:
[0.90180922, 0.31089324, 0.3001425, 0.00013774633;
 0.17051716, 0.38218936, -0.9082154, -0.5927093;
 -0.39706931, 0.87021643, 0.29164925, 2.6455121;
 0, 0, 0, 1]
Twc:
[0.90180922, 0.17051716, -0.39706931, 1.1513945;
 0.31089324, 0.38218936, 0.87021643, -2.0756838;
 0.3001425, -0.9082154, 0.29164925, -1.3099107;
 0, 0, 0, 1]
Ow:
[0.00013774633;
 -0.5927093;
 2.6455121]
Keyframe: 56 Frame: 697 Frame from vFrameID : 698
Tcw:
[0.90606385, 0.30812347, 0.29001421, 0.013395369;
 0.14734557, 0.41274109, -0.89885151, -0.57122946;
 -0.39665803, 0.85714918, 0.32856914, 2.6423624;
 0, 0, 0, 1]
Twc:
[0.90606385, 0.14734557, -0.39665803, 1.1201453;
 0.30812347, 0.41274109, 0.85714918, -2.0332563;
 0.29001421, -0.89885151, 0.32856914, -1.3855342;
 0, 0, 0, 1]
Ow:
[0.013395369;
 -0.57122946;
 2.6423624]
Keyframe: 57 Frame: 705 Frame from vFrameID : 706
Tcw:
[0.8924337, 0.30701777, 0.33060887, -0.021181822;
 0.19407004, 0.4002977, -0.89559954, -0.59371138;
 -0.40730694, 0.86342448, 0.29765621, 2.6887822;
 0, 0, 0, 1]
Twc:
[0.8924337, 0.19407004, -0.40730694, 1.2292846;
 0.30701777, 0.4002977, 0.86342448, -2.0773959;
 0.33060887, -0.89559954, 0.29765621, -1.3250575;
 0, 0, 0, 1]
Ow:
[-0.021181822;
 -0.59371138;
 2.6887822]
Keyframe: 58 Frame: 712 Frame from vFrameID : 713
Tcw:
[0.88008797, 0.30880335, 0.36067387, 0.00972718;
 0.21788733, 0.41224939, -0.884633, -0.67798609;
 -0.42186522, 0.85714114, 0.29553139, 2.7581584;
 0, 0, 0, 1]
Twc:
[0.88008797, 0.21788733, -0.42186522, 1.3027349;
 0.30880335, 0.41224939, 0.85714114, -2.0876355;
 0.36067387, -0.884633, 0.29553139, -1.4183997;
 0, 0, 0, 1]
Ow:
[0.00972718;
 -0.67798609;
 2.7581584]
Keyframe: 59 Frame: 718 Frame from vFrameID : 719
Tcw:
[0.91039699, 0.28711018, 0.29790106, 0.035118669;
 0.17431335, 0.38682997, -0.90552604, -0.66171736;
 -0.37522283, 0.87631631, 0.3021217, 2.7653484;
 0, 0, 0, 1]
Twc:
[0.91039699, 0.17431335, -0.37522283, 1.1209961;
 0.28711018, 0.38682997, 0.87631631, -2.1774309;
 0.29790106, -0.90552604, 0.3021217, -1.4451361;
 0, 0, 0, 1]
Ow:
[0.035118669;
 -0.66171736;
 2.7653484]
Keyframe: 60 Frame: 724 Frame from vFrameID : 725
Tcw:
[0.91954589, 0.25702, 0.29728112, -0.075142562;
 0.18639654, 0.38071299, -0.90571183, -0.53386265;
 -0.34596482, 0.88825577, 0.30217543, 2.8583064;
 0, 0, 0, 1]
Twc:
[0.91954589, 0.18639654, -0.34596482, 1.1574807;
 0.25702, 0.38071299, 0.88825577, -2.3163457;
 0.29728112, -0.90571183, 0.30217543, -1.3248973;
 0, 0, 0, 1]
Ow:
[-0.075142562;
 -0.53386265;
 2.8583064]
Keyframe: 61 Frame: 730 Frame from vFrameID : 731
Tcw:
[0.8990342, 0.27209571, 0.34307644, -0.15012634;
 0.22844546, 0.37696314, -0.8976143, -0.53878355;
 -0.37356418, 0.88536024, 0.27674371, 2.9019165;
 0, 0, 0, 1]
Twc:
[0.8990342, 0.22844546, -0.37356418, 1.3421034;
 0.27209571, 0.37696314, 0.88536024, -2.3252912;
 0.34307644, -0.8976143, 0.27674371, -1.2352022;
 0, 0, 0, 1]
Ow:
[-0.15012634;
 -0.53878355;
 2.9019165]
Keyframe: 62 Frame: 738 Frame from vFrameID : 739
Tcw:
[0.8802501, 0.32131761, 0.34916285, -0.13652253;
 0.22168891, 0.37211493, -0.90132374, -0.44683468;
 -0.41953993, 0.87079591, 0.25632164, 2.9959927;
 0, 0, 0, 1]
Twc:
[0.8802501, 0.22168891, -0.41953993, 1.4761708;
 0.32131761, 0.37211493, 0.87079591, -2.3987572;
 0.34916285, -0.90132374, 0.25632164, -1.1230119;
 0, 0, 0, 1]
Ow:
[-0.13652253;
 -0.44683468;
 2.9959927]
Keyframe: 63 Frame: 744 Frame from vFrameID : 745
Tcw:
[0.88917738, 0.30244154, 0.343355, -0.11665723;
 0.20926063, 0.39853361, -0.89296192, -0.50414747;
 -0.40690729, 0.86585224, 0.29107797, 3.0028396;
 0, 0, 0, 1]
Twc:
[0.88917738, 0.20926063, -0.40690729, 1.4311045;
 0.30244154, 0.39853361, 0.86585224, -2.3638136;
 0.343355, -0.89296192, 0.29107797, -1.2841901;
 0, 0, 0, 1]
Ow:
[-0.11665723;
 -0.50414747;
 3.0028396]
Keyframe: 64 Frame: 751 Frame from vFrameID : 752
Tcw:
[0.90672368, 0.28988507, 0.30629855, -0.084135592;
 0.18083891, 0.38887572, -0.90336758, -0.55282938;
 -0.38098484, 0.87449545, 0.30018032, 3.056397;
 0, 0, 0, 1]
Twc:
[0.90672368, 0.18083891, -0.38098484, 1.3407017;
 0.28988507, 0.38887572, 0.87449545, -2.4334338;
 0.30629855, -0.90336758, 0.30018032, -1.3911078;
 0, 0, 0, 1]
Ow:
[-0.084135592;
 -0.55282938;
 3.056397]
Keyframe: 65 Frame: 758 Frame from vFrameID : 759
Tcw:
[0.9069581, 0.29195833, 0.30362371, -0.07341817;
 0.16907123, 0.4078809, -0.89724469, -0.57218719;
 -0.38580039, 0.8650974, 0.32056913, 3.1028399;
 0, 0, 0, 1]
Twc:
[0.9069581, 0.16907123, -0.38580039, 1.3604045;
 0.29195833, 0.4078809, 0.8650974, -2.4294395;
 0.30362371, -0.89724469, 0.32056913, -1.4857752;
 0, 0, 0, 1]
Ow:
[-0.07341817;
 -0.57218719;
 3.1028399]
Keyframe: 66 Frame: 764 Frame from vFrameID : 765
Tcw:
[0.89271003, 0.30383959, 0.3327916, -0.083082706;
 0.19862317, 0.39759159, -0.89580679, -0.5802238;
 -0.4044967, 0.86579585, 0.29458445, 3.119684;
 0, 0, 0, 1]
Twc:
[0.89271003, 0.19862317, -0.4044967, 1.4513165;
 0.30383959, 0.39759159, 0.86579585, -2.4450734;
 0.3327916, -0.89580679, 0.29458445, -1.4111295;
 0, 0, 0, 1]
Ow:
[-0.083082706;
 -0.5802238;
 3.119684]
Keyframe: 67 Frame: 770 Frame from vFrameID : 771
Tcw:
[0.88421315, 0.30596945, 0.35291621, -0.081710309;
 0.21453333, 0.40512452, -0.88873482, -0.56898522;
 -0.41490072, 0.8615433, 0.29257578, 3.1404924;
 0, 0, 0, 1]
Twc:
[0.88421315, 0.21453333, -0.41490072, 1.4973081;
 0.30596945, 0.40512452, 0.8615433, -2.4501595;
 0.35291621, -0.88873482, 0.29257578, -1.3956721;
 0, 0, 0, 1]
Ow:
[-0.081710309;
 -0.56898522;
 3.1404924]
Keyframe: 68 Frame: 776 Frame from vFrameID : 777
Tcw:
[0.92151159, 0.27050179, 0.27864885, 0.022460014;
 0.16346559, 0.38068119, -0.91014332, -0.54793745;
 -0.35227177, 0.88425708, 0.30658439, 3.1495578;
 0, 0, 0, 1]
Twc:
[0.92151159, 0.16346559, -0.35227177, 1.178372;
 0.27050179, 0.38068119, 0.88425708, -2.5825047;
 0.27864885, -0.91014332, 0.30658439, -1.4705653;
 0, 0, 0, 1]
Ow:
[0.022460014;
 -0.54793745;
 3.1495578]
Keyframe: 69 Frame: 781 Frame from vFrameID : 782
Tcw:
[0.9307279, 0.23688281, 0.27862531, -0.097988218;
 0.18530947, 0.35134739, -0.91772294, -0.43872076;
 -0.31528705, 0.90578228, 0.2831122, 3.2161844;
 0, 0, 0, 1]
Twc:
[0.9307279, 0.18530947, -0.31528705, 1.1865208;
 0.23688281, 0.35134739, 0.90578228, -2.7358077;
 0.27862531, -0.91772294, 0.2831122, -1.2858632;
 0, 0, 0, 1]
Ow:
[-0.097988218;
 -0.43872076;
 3.2161844]
Keyframe: 70 Frame: 787 Frame from vFrameID : 788
Tcw:
[0.92797869, 0.24871792, 0.27747962, -0.061780155;
 0.17864446, 0.35655183, -0.91703707, -0.47816783;
 -0.32701942, 0.90056103, 0.28644043, 3.2500298;
 0, 0, 0, 1]
Twc:
[0.92797869, 0.17864446, -0.32701942, 1.2055756;
 0.24871792, 0.35655183, 0.90056103, -2.7409928;
 0.27747962, -0.91703707, 0.28644043, -1.3522948;
 0, 0, 0, 1]
Ow:
[-0.061780155;
 -0.47816783;
 3.2500298]
Keyframe: 71 Frame: 796 Frame from vFrameID : 797
Tcw:
[0.90543717, 0.27639657, 0.32216215, -0.038094729;
 0.20314316, 0.38425311, -0.90060115, -0.61878049;
 -0.37271488, 0.8808828, 0.29176897, 3.2836673;
 0, 0, 0, 1]
Twc:
[0.90543717, 0.20314316, -0.37271488, 1.384065;
 0.27639657, 0.38425311, 0.8808828, -2.6442285;
 0.32216215, -0.90060115, 0.29176897, -1.5030739;
 0, 0, 0, 1]
Ow:
[-0.038094729;
 -0.61878049;
 3.2836673]
Keyframe: 72 Frame: 803 Frame from vFrameID : 804
Tcw:
[0.8912698, 0.31858027, 0.32271463, -0.12575433;
 0.18568516, 0.39286432, -0.90065455, -0.53724688;
 -0.41371384, 0.86264956, 0.2909925, 3.4519987;
 0, 0, 0, 1]
Twc:
[0.8912698, 0.18568516, -0.41371384, 1.6399794;
 0.31858027, 0.39286432, 0.86264956, -2.726737;
 0.32271463, -0.90065455, 0.2909925, -1.4477967;
 0, 0, 0, 1]
Ow:
[-0.12575433;
 -0.53724688;
 3.4519987]
Keyframe: 73 Frame: 810 Frame from vFrameID : 811
Tcw:
[0.90964997, 0.30230436, 0.28486669, -0.10654584;
 0.14992237, 0.40062848, -0.90389162, -0.55732083;
 -0.3873761, 0.86493289, 0.31910947, 3.4587021;
 0, 0, 0, 1]
Twc:
[0.90964997, 0.14992237, -0.3873761, 1.5202928;
 0.30230436, 0.40062848, 0.86493289, -2.7360573;
 0.28486669, -0.90389162, 0.31910947, -1.5771109;
 0, 0, 0, 1]
Ow:
[-0.10654584;
 -0.55732083;
 3.4587021]
Keyframe: 74 Frame: 816 Frame from vFrameID : 817
Tcw:
[0.915479, 0.28574839, 0.28327739, -0.14487928;
 0.14181295, 0.42971033, -0.89176124, -0.61319292;
 -0.37654656, 0.85656106, 0.35286796, 3.4454014;
 0, 0, 0, 1]
Twc:
[0.915479, 0.14181295, -0.37654656, 1.5169467;
 0.28574839, 0.42971033, 0.85656106, -2.6463025;
 0.28327739, -0.89176124, 0.35286796, -1.7215524;
 0, 0, 0, 1]
Ow:
[-0.14487928;
 -0.61319292;
 3.4454014]
Keyframe: 75 Frame: 822 Frame from vFrameID : 823
Tcw:
[0.92184132, 0.26365647, 0.28406671, -0.1564458;
 0.16190992, 0.40394217, -0.90034211, -0.56314504;
 -0.35212752, 0.87596577, 0.32968196, 3.4342053;
 0, 0, 0, 1]
Twc:
[0.92184132, 0.16190992, -0.35212752, 1.4446751;
 0.26365647, 0.40394217, 0.87596577, -2.7395201;
 0.28406671, -0.90034211, 0.32968196, -1.5947777;
 0, 0, 0, 1]
Ow:
[-0.1564458;
 -0.56314504;
 3.4342053]
Keyframe: 76 Frame: 828 Frame from vFrameID : 829
Tcw:
[0.90608984, 0.28993836, 0.30811846, -0.12794256;
 0.17591996, 0.40413663, -0.89762229, -0.58232659;
 -0.3847771, 0.86753058, 0.31517816, 3.4745872;
 0, 0, 0, 1]
Twc:
[0.90608984, 0.17591996, -0.3847771, 1.5553119;
 0.28993836, 0.40413663, 0.86753058, -2.7418759;
 0.30811846, -0.89762229, 0.31517816, -1.5784018;
 0, 0, 0, 1]
Ow:
[-0.12794256;
 -0.58232659;
 3.4745872]
Keyframe: 77 Frame: 835 Frame from vFrameID : 836
Tcw:
[0.91169226, 0.28171667, 0.2990869, -0.10927561;
 0.16739264, 0.41010734, -0.89654428, -0.59696418;
 -0.37522921, 0.86743742, 0.32673439, 3.4830408;
 0, 0, 0, 1]
Twc:
[0.91169226, 0.16739264, -0.37522921, 1.5064917;
 0.28171667, 0.41010734, 0.86743742, -2.7457156;
 0.2990869, -0.89654428, 0.32673439, -1.6405512;
 0, 0, 0, 1]
Ow:
[-0.10927561;
 -0.59696418;
 3.4830408]
Keyframe: 78 Frame: 841 Frame from vFrameID : 842
Tcw:
[0.91700089, 0.2915487, 0.27222922, -0.098909885;
 0.15041339, 0.37935549, -0.91294318, -0.60853595;
 -0.36943907, 0.87811661, 0.3040165, 3.5147476;
 0, 0, 0, 1]
Twc:
[0.91700089, 0.15041339, -0.36943907, 1.4807174;
 0.2915487, 0.37935549, 0.87811661, -2.8266699;
 0.27222922, -0.91294318, 0.3040165, -1.5971738;
 0, 0, 0, 1]
Ow:
[-0.098909885;
 -0.60853595;
 3.5147476]
Keyframe: 79 Frame: 844 Frame from vFrameID : 845
Tcw:
[0.91367382, 0.2966657, 0.27783015, -0.092631549;
 0.15151699, 0.38567963, -0.91010648, -0.63589364;
 -0.3771508, 0.87363648, 0.30743551, 3.5216618;
 0, 0, 0, 1]
Twc:
[0.91367382, 0.15151699, -0.3771508, 1.5091813;
 0.2966657, 0.38567963, 0.87363648, -2.8039203;
 0.27783015, -0.91010648, 0.30743551, -1.6356789;
 0, 0, 0, 1]
Ow:
[-0.092631549;
 -0.63589364;
 3.5216618]
Keyframe: 80 Frame: 848 Frame from vFrameID : 849
Tcw:
[0.92982936, 0.28056937, 0.23811385, -0.17028785;
 0.1351843, 0.34138882, -0.93014991, -0.46856833;
 -0.34226099, 0.89706993, 0.27950478, 3.5864007;
 0, 0, 0, 1]
Twc:
[0.92982936, 0.1351843, -0.34226099, 1.4491668;
 0.28056937, 0.34138882, 0.89706993, -3.0095108;
 0.23811385, -0.93014991, 0.27950478, -1.397707;
 0, 0, 0, 1]
Ow:
[-0.17028785;
 -0.46856833;
 3.5864007]
Keyframe: 81 Frame: 854 Frame from vFrameID : 855
Tcw:
[0.92387241, 0.30213684, 0.23488964, -0.13789895;
 0.12296804, 0.34685832, -0.92982155, -0.50541961;
 -0.36240676, 0.88792038, 0.28329965, 3.6134777;
 0, 0, 0, 1]
Twc:
[0.92387241, 0.12296804, -0.36240676, 1.4991002;
 0.30213684, 0.34685832, 0.88792038, -2.9915071;
 0.23488964, -0.92982155, 0.28329965, -1.461256;
 0, 0, 0, 1]
Ow:
[-0.13789895;
 -0.50541961;
 3.6134777]
Keyframe: 82 Frame: 858 Frame from vFrameID : 859
Tcw:
[0.93144751, 0.27913246, 0.23343217, -0.14453566;
 0.13313407, 0.33560753, -0.93254644, -0.45923668;
 -0.33864558, 0.89969587, 0.27543876, 3.6289954;
 0, 0, 0, 1]
Twc:
[0.93144751, 0.13313407, -0.33864558, 1.4247108;
 0.27913246, 0.33560753, 0.89969587, -3.0705245;
 0.23343217, -0.93254644, 0.27543876, -1.3940864;
 0, 0, 0, 1]
Ow:
[-0.14453566;
 -0.45923668;
 3.6289954]
Keyframe: 83 Frame: 864 Frame from vFrameID : 865
Tcw:
[0.93903464, 0.2445218, 0.2417085, -0.26543719;
 0.14629497, 0.35203251, -0.92448413, -0.46885228;
 -0.31114578, 0.90348339, 0.2947984, 3.7429872;
 0, 0, 0, 1]
Twc:
[0.93903464, 0.14629497, -0.31114578, 1.4824599;
 0.2445218, 0.35203251, 0.90348339, -3.1517699;
 0.2417085, -0.92448413, 0.2947984, -1.4727147;
 0, 0, 0, 1]
Ow:
[-0.26543719;
 -0.46885228;
 3.7429872]
Keyframe: 84 Frame: 867 Frame from vFrameID : 868
Tcw:
[0.93634349, 0.24335633, 0.25305849, -0.29985815;
 0.16314043, 0.33665746, -0.92738718, -0.441342;
 -0.31087959, 0.90963697, 0.27552578, 3.8112364;
 0, 0, 0, 1]
Twc:
[0.93634349, 0.16314043, -0.31087959, 1.5376065;
 0.24335633, 0.33665746, 0.90963697, -3.2452881;
 0.25305849, -0.92738718, 0.27552578, -1.383507;
 0, 0, 0, 1]
Ow:
[-0.29985815;
 -0.441342;
 3.8112364]
Keyframe: 85 Frame: 869 Frame from vFrameID : 870
Tcw:
[0.93851382, 0.22932455, 0.25807381, -0.23445341;
 0.16672765, 0.35350975, -0.92045248, -0.53051835;
 -0.30231395, 0.90688539, 0.29353905, 3.7601838;
 0, 0, 0, 1]
Twc:
[0.93851382, 0.16672765, -0.30231395, 1.4452459;
 0.22932455, 0.35350975, 0.90688539, -3.1687465;
 0.25807381, -0.92045248, 0.29353905, -1.5315714;
 0, 0, 0, 1]
Ow:
[-0.23445341;
 -0.53051835;
 3.7601838]
Keyframe: 86 Frame: 871 Frame from vFrameID : 872
Tcw:
[0.93899018, 0.22312015, 0.26175335, -0.21332934;
 0.17243372, 0.35310033, -0.91955793, -0.58122277;
 -0.29759711, 0.90859097, 0.29308432, 3.728374;
 0, 0, 0, 1]
Twc:
[0.93899018, 0.17243372, -0.29759711, 1.4100899;
 0.22312015, 0.35310033, 0.90859097, -3.1347389;
 0.26175335, -0.91955793, 0.29308432, -1.5713563;
 0, 0, 0, 1]
Ow:
[-0.21332934;
 -0.58122277;
 3.728374]
Keyframe: 87 Frame: 874 Frame from vFrameID : 875
Tcw:
[0.94211435, 0.21903645, 0.2538574, -0.21208325;
 0.17316909, 0.33046144, -0.92779726, -0.55147034;
 -0.28711149, 0.91805136, 0.27340212, 3.8039384;
 0, 0, 0, 1]
Twc:
[0.94211435, 0.17316909, -0.28711149, 1.3874587;
 0.21903645, 0.33046144, 0.91805136, -3.2635171;
 0.2538574, -0.92779726, 0.27340212, -1.4978185;
 0, 0, 0, 1]
Ow:
[-0.21208325;
 -0.55147034;
 3.8039384]
Keyframe: 88 Frame: 878 Frame from vFrameID : 879
Tcw:
[0.94897479, 0.18615, 0.25454867, -0.18095535;
 0.18131176, 0.33836085, -0.92338401, -0.61967301;
 -0.25801724, 0.9224208, 0.28734472, 3.8477871;
 0, 0, 0, 1]
Twc:
[0.94897479, 0.18131176, -0.25801724, 1.2768714;
 0.18615, 0.33836085, 0.9224208, -3.3059208;
 0.25454867, -0.92338401, 0.28734472, -1.6317755;
 0, 0, 0, 1]
Ow:
[-0.18095535;
 -0.61967301;
 3.8477871]
Keyframe: 89 Frame: 882 Frame from vFrameID : 883
Tcw:
[0.9419772, 0.18254718, 0.28170097, -0.12514237;
 0.21430156, 0.31888923, -0.92324674, -0.62316453;
 -0.25836748, 0.93004632, 0.26126623, 3.9187441;
 0, 0, 0, 1]
Twc:
[0.9419772, 0.21430156, -0.25836748, 1.2639025;
 0.18254718, 0.31888923, 0.93004632, -3.423049;
 0.28170097, -0.92324674, 0.26126623, -1.5639175;
 0, 0, 0, 1]
Ow:
[-0.12514237;
 -0.62316453;
 3.9187441]
Keyframe: 90 Frame: 885 Frame from vFrameID : 886
Tcw:
[0.93096489, 0.21391758, 0.2958777, -0.13830012;
 0.22035512, 0.3169497, -0.92248929, -0.60761666;
 -0.29111502, 0.92400336, 0.2479312, 3.8953872;
 0, 0, 0, 1]
Twc:
[0.93096489, 0.22035512, -0.29111502, 1.3966498;
 0.21391758, 0.3169497, 0.92400336, -3.377182;
 0.2958777, -0.92248929, 0.2479312, -1.485388;
 0, 0, 0, 1]
Ow:
[-0.13830012;
 -0.60761666;
 3.8953872]
Keyframe: 91 Frame: 888 Frame from vFrameID : 889
Tcw:
[0.9316234, 0.20735016, 0.29846907, -0.12780496;
 0.21929869, 0.33415818, -0.91664958, -0.61227989;
 -0.28980333, 0.91942602, 0.26583794, 3.9153194;
 0, 0, 0, 1]
Twc:
[0.9316234, 0.21929869, -0.28980333, 1.3880109;
 0.20735016, 0.33415818, 0.91942602, -3.3687479;
 0.29846907, -0.91664958, 0.26583794, -1.5639406;
 0, 0, 0, 1]
Ow:
[-0.12780496;
 -0.61227989;
 3.9153194]
Keyframe: 92 Frame: 891 Frame from vFrameID : 892
Tcw:
[0.93161666, 0.1978476, 0.30487171, -0.10904011;
 0.22548832, 0.34323296, -0.91178185, -0.64789701;
 -0.28503588, 0.91817617, 0.27514923, 3.9167709;
 0, 0, 0, 1]
Twc:
[0.93161666, 0.22548832, -0.28503588, 1.364097;
 0.1978476, 0.34323296, 0.91817617, -3.3523328;
 0.30487171, -0.91178185, 0.27514923, -1.6351938;
 0, 0, 0, 1]
Ow:
[-0.10904011;
 -0.64789701;
 3.9167709]
Keyframe: 93 Frame: 895 Frame from vFrameID : 896
Tcw:
[0.94034785, 0.14971569, 0.30550137, -0.1849125;
 0.23293886, 0.37114587, -0.89888275, -0.50810945;
 -0.24796243, 0.91642565, 0.31413162, 3.887392;
 0, 0, 0, 1]
Twc:
[0.94034785, 0.23293886, -0.24796243, 1.2561677;
