Keyframe: 0 Frame: 0 Frame from vFrameID : 39
Tcw:
[1, 0, 0, 0;
 0, 1, 0, 0;
 0, 0, 1, 0;
 0, 0, 0, 1]
Twc:
[1, 0, 0, 0;
 0, 1, 0, 0;
 0, 0, 1, 0;
 0, 0, 0, 1]
Ow:
[0;
 0;
 0]
Keyframe: 1 Frame: 38 Frame from vFrameID : 39
Tcw:
[0.99991328, -0.011981399, -0.0054617692, -0.012984927;
 0.011912007, 0.99985009, -0.012565303, -0.00059103663;
 0.0056115002, 0.012499153, 0.99990612, 0.0036070137;
 0, 0, 0, 1]
Twc:
[0.99991328, 0.011912007, 0.0056115002, 0.012970601;
 -0.011981399, 0.99985009, 0.012499153, 0.0003902858;
 -0.0054617692, -0.012565303, 0.99990612, -0.0036850225;
 0, 0, 0, 1]
Ow:
[-0.012984927;
 -0.00059103663;
 0.0036070137]
Keyframe: 2 Frame: 40 Frame from vFrameID : 41
Tcw:
[0.99992216, -0.01154326, -0.0047319438, -0.013632217;
 0.011494387, 0.99988163, -0.010228612, -0.00047032675;
 0.0048494553, 0.010173425, 0.99993646, 0.0047009415;
 0, 0, 0, 1]
Twc:
[0.99992216, 0.011494387, 0.0048494553, 0.013613766;
 -0.01154326, 0.99988163, 0.010173425, 0.00026508616;
 -0.0047319438, -0.010228612, 0.99993646, -0.0047699609;
 0, 0, 0, 1]
Ow:
[-0.013632217;
 -0.00047032675;
 0.0047009415]
Keyframe: 3 Frame: 42 Frame from vFrameID : 43
Tcw:
[0.99991065, -0.01315781, -0.0023549697, -0.015224267;
 0.013135628, 0.99987143, -0.0091989683, -0.00055551855;
 0.0024757052, 0.0091672121, 0.99995494, 0.005292329;
 0, 0, 0, 1]
Twc:
[0.99991065, 0.013135628, 0.0024757052, 0.015217102;
 -0.01315781, 0.99987143, 0.0091672121, 0.00030661316;
 -0.0023549697, -0.0091989683, 0.99995494, -0.0053330529;
 0, 0, 0, 1]
Ow:
[-0.015224267;
 -0.00055551855;
 0.005292329]
Keyframe: 4 Frame: 44 Frame from vFrameID : 45
Tcw:
[0.99967444, -0.024761897, -0.0061555286, -0.019925954;
 0.024688855, 0.99962705, -0.011671543, -0.001371087;
 0.0064422423, 0.01151577, 0.99991292, 0.0068911668;
 0, 0, 0, 1]
Twc:
[0.99967444, 0.024688855, 0.0064422423, 0.019908922;
 -0.024761897, 0.99962705, 0.01151577, 0.00079781417;
 -0.0061555286, -0.011671543, 0.99991292, -0.0070292247;
 0, 0, 0, 1]
Ow:
[-0.019925954;
 -0.001371087;
 0.0068911668]
Keyframe: 5 Frame: 46 Frame from vFrameID : 47
Tcw:
[0.99946654, -0.027666211, -0.017355446, -0.019620279;
 0.027404843, 0.99951005, -0.015120968, -0.0020932171;
 0.017765282, 0.014637279, 0.99973506, 0.007703227;
 0, 0, 0, 1]
Twc:
[0.99946654, 0.027404843, 0.017765282, 0.019530324;
 -0.027666211, 0.99951005, 0.014637279, 0.0014366185;
 -0.017355446, -0.015120968, 0.99973506, -0.008073356;
 0, 0, 0, 1]
Ow:
[-0.019620279;
 -0.0020932171;
 0.007703227]
Keyframe: 6 Frame: 48 Frame from vFrameID : 49
Tcw:
[0.99945486, -0.025177019, -0.021355772, -0.019012727;
 0.024859993, 0.99957865, -0.014982829, -0.0017141395;
 0.021723997, 0.014443757, 0.99965966, 0.0073471013;
 0, 0, 0, 1]
Twc:
[0.99945486, 0.024859993, 0.021723997, 0.018885367;
 -0.025177019, 0.99957865, 0.014443757, 0.0011286137;
 -0.021355772, -0.014982829, 0.99965966, -0.0077763153;
 0, 0, 0, 1]
Ow:
[-0.019012727;
 -0.0017141395;
 0.0073471013]
Keyframe: 7 Frame: 50 Frame from vFrameID : 51
Tcw:
[0.99953705, -0.021860361, -0.021162385, -0.017196104;
 0.021638403, 0.99970901, -0.010661111, -0.0020668837;
 0.021389283, 0.010198255, 0.9997192, 0.0085318387;
 0, 0, 0, 1]
Twc:
[0.99953705, 0.021638403, 0.021389283, 0.017050376;
 -0.021860361, 0.99970901, 0.010198255, 0.0016033595;
 -0.021162385, -0.010661111, 0.9997192, -0.008915389;
 0, 0, 0, 1]
Ow:
[-0.017196104;
 -0.0020668837;
 0.0085318387]
Keyframe: 8 Frame: 52 Frame from vFrameID : 53
Tcw:
[0.99960071, -0.020883854, -0.019032681, -0.01521988;
 0.020617859, 0.99968845, -0.014066397, -0.0020777981;
 0.019320512, 0.013668368, 0.99971992, 0.009692736;
 0, 0, 0, 1]
Twc:
[0.99960071, 0.020617859, 0.019320512, 0.015069376;
 -0.020883854, 0.99968845, 0.013668368, 0.0016268172;
 -0.019032681, -0.014066397, 0.99971992, -0.010008924;
 0, 0, 0, 1]
Ow:
[-0.01521988;
 -0.0020777981;
 0.009692736]
Keyframe: 9 Frame: 54 Frame from vFrameID : 55
Tcw:
[0.99959183, -0.019092245, -0.021251429, -0.012524014;
 0.018712275, 0.99966401, -0.017937327, -0.0021229677;
 0.021586752, 0.017532343, 0.99961323, 0.010412414;
 0, 0, 0, 1]
Twc:
[0.99959183, 0.018712275, 0.021586752, 0.012333859;
 -0.019092245, 0.99966401, 0.017532343, 0.0017005887;
 -0.021251429, -0.017937327, 0.99961323, -0.010712621;
 0, 0, 0, 1]
Ow:
[-0.012524014;
 -0.0021229677;
 0.010412414]
Keyframe: 10 Frame: 57 Frame from vFrameID : 58
Tcw:
[0.99939471, -0.017311523, -0.030175639, -0.0071179927;
 0.016653186, 0.99962074, -0.02193328, -0.0014865489;
 0.030543894, 0.021417482, 0.99930394, 0.011091453;
 0, 0, 0, 1]
Twc:
[0.99939471, 0.016653186, 0.030543894, 0.0067996634;
 -0.017311523, 0.99962074, 0.021417482, 0.0011252109;
 -0.030175639, -0.02193328, 0.99930394, -0.011331128;
 0, 0, 0, 1]
Ow:
[-0.0071179927;
 -0.0014865489;
 0.011091453]
Keyframe: 11 Frame: 61 Frame from vFrameID : 62
Tcw:
[0.99954981, -0.0066686394, -0.029252864, 0.0015252712;
 0.0057676914, 0.99950969, -0.030775608, -0.0011778595;
 0.029443752, 0.030593032, 0.99909818, 0.011817722;
 0, 0, 0, 1]
Twc:
[0.99954981, 0.0057676914, 0.029443752, -0.001865749;
 -0.0066686394, 0.99950969, 0.030593032, 0.00082591345;
 -0.029252864, -0.030775608, 0.99909818, -0.011798695;
 0, 0, 0, 1]
Ow:
[0.0015252712;
 -0.0011778595;
 0.011817722]
Keyframe: 12 Frame: 65 Frame from vFrameID : 66
Tcw:
[0.9991892, -0.0080089178, -0.039456844, 0.0056491713;
 0.0066586286, 0.99939162, -0.034235265, 0.00029731868;
 0.039707027, 0.033944778, 0.99863464, 0.0095414072;
 0, 0, 0, 1]
Twc:
[0.9991892, 0.0066586286, 0.039707027, -0.0060254312;
 -0.0080089178, 0.99939162, 0.033944778, -0.00057577499;
 -0.039456844, -0.034235265, 0.99863464, -0.0092953015;
 0, 0, 0, 1]
Ow:
[0.0056491713;
 0.00029731868;
 0.0095414072]
Keyframe: 13 Frame: 68 Frame from vFrameID : 69
Tcw:
[0.99878061, -0.016830076, -0.046411157, 0.0053817648;
 0.015313992, 0.99934357, -0.032830678, 0.00067296356;
 0.046933234, 0.032079905, 0.99838275, 0.0065649771;
 0, 0, 0, 1]
Twc:
[0.99878061, 0.015313992, 0.046933234, -0.0056936238;
 -0.016830076, 0.99934357, 0.032079905, -0.00079255016;
 -0.046411157, -0.032830678, 0.99838275, -0.0062824921;
 0, 0, 0, 1]
Ow:
[0.0053817648;
 0.00067296356;
 0.0065649771]
Keyframe: 14 Frame: 71 Frame from vFrameID : 72
Tcw:
[0.99883097, -0.016101692, -0.045578826, 0.0053041726;
 0.014910083, 0.99954122, -0.026364261, 0.0015870567;
 0.04598242, 0.025653856, 0.99861276, 0.0023934133;
 0, 0, 0, 1]
Twc:
[0.99883097, 0.014910083, 0.04598242, -0.0054316898;
 -0.016101692, 0.99954122, 0.025653856, -0.0015623226;
 -0.045578826, -0.026364261, 0.99861276, -0.0021064938;
 0, 0, 0, 1]
Ow:
[0.0053041726;
 0.0015870567;
 0.0023934133]
Keyframe: 15 Frame: 74 Frame from vFrameID : 75
Tcw:
[0.99880952, -0.022957537, -0.043040909, 0.0021033098;
 0.022027504, 0.99951619, -0.021959355, 0.0023491827;
 0.043524217, 0.02098513, 0.99883193, -0.0022421863;
 0, 0, 0, 1]
Twc:
[0.99880952, 0.022027504, 0.043524217, -0.002054963;
 -0.022957537, 0.99951619, 0.02098513, -0.0022527066;
 -0.043040909, -0.021959355, 0.99883193, 0.0023816824;
 0, 0, 0, 1]
Ow:
[0.0021033098;
 0.0023491827;
 -0.0022421863]
Keyframe: 16 Frame: 78 Frame from vFrameID : 79
Tcw:
[0.99888289, -0.03122752, -0.035466172, -0.0023265728;
 0.030525532, 0.99933058, -0.020165225, 0.0023960818;
 0.036072139, 0.019060075, 0.99916738, -0.0085770553;
 0, 0, 0, 1]
Twc:
[0.99888289, 0.030525532, 0.036072139, 0.0025602248;
 -0.03122752, 0.99933058, 0.019060075, -0.0023036513;
 -0.035466172, -0.020165225, 0.99916738, 0.0085357176;
 0, 0, 0, 1]
Ow:
[-0.0023265728;
 0.0023960818;
 -0.0085770553]
Keyframe: 17 Frame: 82 Frame from vFrameID : 83
Tcw:
[0.99917132, -0.031578831, -0.025680564, -0.0048649185;
 0.031297181, 0.99944627, -0.011296552, 0.003453648;
 0.026023075, 0.010483461, 0.99960637, -0.014956946;
 0, 0, 0, 1]
Twc:
[0.99917132, 0.031297181, 0.026023075, 0.0051420233;
 -0.031578831, 0.99944627, 0.010483461, -0.0034485636;
 -0.025680564, -0.011296552, 0.99960637, 0.014865139;
 0, 0, 0, 1]
Ow:
[-0.0048649185;
 0.003453648;
 -0.014956946]
Keyframe: 18 Frame: 86 Frame from vFrameID : 87
Tcw:
[0.99937254, -0.030263806, -0.018400587, -0.0043098768;
 0.03008008, 0.99949563, -0.010180877, 0.0031798191;
 0.018699419, 0.0096209971, 0.99977887, -0.019474432;
 0, 0, 0, 1]
Twc:
[0.99937254, 0.03008008, 0.018699419, 0.0045756842;
 -0.030263806, 0.99949563, 0.0096209971, -0.0031212852;
 -0.018400587, -0.010180877, 0.99977887, 0.019423194;
 0, 0, 0, 1]
Ow:
[-0.0043098768;
 0.0031798191;
 -0.019474432]
Keyframe: 19 Frame: 90 Frame from vFrameID : 91
Tcw:
[0.99966329, -0.024321003, -0.0090460451, -0.00099531712;
 0.024314519, 0.999704, -0.00082599261, 0.0033512602;
 0.0090634571, 0.00060576422, 0.99995875, -0.02239964;
 0, 0, 0, 1]
Twc:
[0.99966329, 0.024314519, 0.0090634571, 0.0011165157;
 -0.024321003, 0.999704, 0.00060576422, -0.0033609066;
 -0.0090460451, -0.00082599261, 0.99995875, 0.02239248;
 0, 0, 0, 1]
Ow:
[-0.00099531712;
 0.0033512602;
 -0.02239964]
Keyframe: 20 Frame: 94 Frame from vFrameID : 95
Tcw:
[0.99984115, -0.01765291, 0.0024561437, 0.003299807;
 0.017628703, 0.99979901, 0.0095509207, 0.0034702069;
 -0.0026242516, -0.0095061045, 0.99995136, -0.021974264;
 0, 0, 0, 1]
Twc:
[0.99984115, 0.017628703, -0.0026242516, -0.003418124;
 -0.01765291, 0.99979901, -0.0095061045, -0.0036201477;
 0.0024561437, 0.0095509207, 0.99995136, 0.021931948;
 0, 0, 0, 1]
Ow:
[0.003299807;
 0.0034702069;
 -0.021974264]
Keyframe: 21 Frame: 98 Frame from vFrameID : 99
Tcw:
[0.99988967, -0.0056758514, 0.013727749, 0.01072952;
 0.0055498811, 0.9999423, 0.0091970786, 0.003680445;
 -0.013779158, -0.0091198757, 0.99986345, -0.021217084;
 0, 0, 0, 1]
Twc:
[0.99988967, 0.0055498811, -0.013779158, -0.011041115;
 -0.0056758514, 0.9999423, -0.0091198757, -0.0038128309;
 0.013727749, 0.0091970786, 0.99986345, 0.021033047;
 0, 0, 0, 1]
Ow:
[0.01072952;
 0.003680445;
 -0.021217084]
Keyframe: 22 Frame: 102 Frame from vFrameID : 103
Tcw:
[0.99942803, 0.0069768103, 0.033088822, 0.018424872;
 -0.0068903719, 0.99997252, -0.0027256231, 0.0049184775;
 -0.033106931, 0.0024960698, 0.99944872, -0.018495087;
 0, 0, 0, 1]
Twc:
[0.99942803, -0.0068903719, -0.033106931, -0.018992759;
 0.0069768103, 0.99997252, 0.0024960698, -0.0050007245;
 0.033088822, -0.0027256231, 0.99944872, 0.017888637;
 0, 0, 0, 1]
Ow:
[0.018424872;
 0.0049184775;
 -0.018495087]
Keyframe: 23 Frame: 106 Frame from vFrameID : 107
Tcw:
[0.99758339, 0.015901899, 0.067635462, 0.020135328;
 -0.015164216, 0.99981993, -0.011406244, 0.007378709;
 -0.067804664, 0.01035304, 0.9976449, -0.016404526;
 0, 0, 0, 1]
Twc:
[0.99758339, -0.015164216, -0.067804664, -0.02108708;
 0.015901899, 0.99981993, 0.01035304, -0.0075277342;
 0.067635462, -0.011406244, 0.9976449, 0.015088193;
 0, 0, 0, 1]
Ow:
[0.020135328;
 0.007378709;
 -0.016404526]
Keyframe: 24 Frame: 110 Frame from vFrameID : 111
Tcw:
[0.99942887, 0.0085050846, 0.032704763, 0.018520104;
 -0.0088233091, 0.999915, 0.0095982179, 0.0051866164;
 -0.032620348, -0.0098813009, 0.99941897, -0.012330348;
 0, 0, 0, 1]
Twc:
[0.99942887, -0.0088233091, -0.032620348, -0.018865984;
 0.0085050846, 0.999915, -0.0098813009, -0.0054655308;
 0.032704763, 0.0095982179, 0.99941897, 0.011667705;
 0, 0, 0, 1]
Ow:
[0.018520104;
 0.0051866164;
 -0.012330348]
Keyframe: 25 Frame: 114 Frame from vFrameID : 115
Tcw:
[0.99942476, 0.017591197, 0.028994069, 0.02025272;
 -0.018101934, 0.99968392, 0.017447857, 0.0061195088;
 -0.028677974, -0.01796267, 0.99942732, -0.0065978947;
 0, 0, 0, 1]
Twc:
[0.99942476, -0.018101934, -0.028677974, -0.020319508;
 0.017591197, 0.99968392, -0.01796267, -0.0065923599;
 0.028994069, 0.017447857, 0.99942732, 0.0059001348;
 0, 0, 0, 1]
Ow:
[0.02025272;
 0.0061195088;
 -0.0065978947]
Keyframe: 26 Frame: 118 Frame from vFrameID : 119
Tcw:
[0.99979109, 0.00022435548, 0.020437568, 0.011734544;
 -0.0011132858, 0.99905306, 0.04349393, 0.0025706845;
 -0.020408457, -0.043507598, 0.99884462, 0.0065834038;
 0, 0, 0, 1]
Twc:
[0.99979109, -0.0011132858, -0.020408457, -0.011594875;
 0.00022435548, 0.99905306, -0.043507598, -0.0022844549;
 0.020437568, 0.04349393, 0.99884462, -0.006927432;
 0, 0, 0, 1]
Ow:
[0.011734544;
 0.0025706845;
 0.0065834038]
Keyframe: 27 Frame: 122 Frame from vFrameID : 123
Tcw:
[0.99955291, -0.023826648, 0.018062409, 0.0025782736;
 0.023439553, 0.99949729, 0.021348013, -0.0023103831;
 -0.018561982, -0.020915093, 0.99960893, 0.019069843;
 0, 0, 0, 1]
Twc:
[0.99955291, 0.023439553, -0.018561982, -0.0021689925;
 -0.023826648, 0.99949729, -0.020915093, 0.0027695009;
 0.018062409, 0.021348013, 0.99960893, -0.019059634;
 0, 0, 0, 1]
Ow:
[0.0025782736;
 -0.0023103831;
 0.019069843]
Keyframe: 28 Frame: 126 Frame from vFrameID : 127
Tcw:
[0.9985612, -0.044946611, -0.029245045, -0.0015207769;
 0.045293573, 0.99890965, 0.0113113, -0.0048627607;
 0.028704753, -0.012619638, 0.99950826, 0.031364311;
 0, 0, 0, 1]
Twc:
[0.9985612, 0.045293573, 0.028704753, 0.00083853578;
 -0.044946611, 0.99890965, -0.012619638, 0.0051849112;
 -0.029245045, 0.0113113, 0.99950826, -0.03133836;
 0, 0, 0, 1]
Ow:
[-0.0015207769;
 -0.0048627607;
 0.031364311]
Keyframe: 29 Frame: 130 Frame from vFrameID : 131
Tcw:
[0.99917996, -0.039943952, -0.0066272551, 0.0013156047;
 0.04017083, 0.99844581, 0.038630608, -0.005167617;
 0.0050738957, -0.038865153, 0.99923158, 0.047996014;
 0, 0, 0, 1]
Twc:
[0.99917996, 0.04017083, 0.0050738957, -0.0013504651;
 -0.039943952, 0.99844581, -0.038865153, 0.0070775081;
 -0.0066272551, 0.038630608, 0.99923158, -0.04775079;
 0, 0, 0, 1]
Ow:
[0.0013156047;
 -0.005167617;
 0.047996014]
Keyframe: 30 Frame: 134 Frame from vFrameID : 135
Tcw:
[0.99921352, -0.036128718, -0.016342547, 0.0027606823;
 0.036367934, 0.99923205, 0.014585294, -0.0080164475;
 0.015803048, -0.015168168, 0.99976009, 0.065394558;
 0, 0, 0, 1]
Twc:
[0.99921352, 0.036367934, 0.015803048, -0.0035004027;
 -0.036128718, 0.99923205, -0.015168168, 0.0091019459;
 -0.016342547, 0.014585294, 0.99976009, -0.065216824;
 0, 0, 0, 1]
Ow:
[0.0027606823;
 -0.0080164475;
 0.065394558]
Keyframe: 31 Frame: 138 Frame from vFrameID : 139
Tcw:
[0.99944109, -0.018869365, -0.027595544, 0.0082642669;
 0.019012088, 0.99980718, 0.0049187727, -0.011509229;
 0.027497409, -0.0054406724, 0.99960709, 0.084165923;
 0, 0, 0, 1]
Twc:
[0.99944109, 0.019012088, 0.027497409, -0.010355177;
 -0.018869365, 0.99980718, -0.0054406724, 0.012120871;
 -0.027595544, 0.0049187727, 0.99960709, -0.083848186;
 0, 0, 0, 1]
Ow:
[0.0082642669;
 -0.011509229;
 0.084165923]
Keyframe: 32 Frame: 142 Frame from vFrameID : 143
Tcw:
[0.99969518, 0.0054400931, -0.024082391, 0.0107698;
 -0.005376826, 0.99998194, 0.0026910682, -0.015094039;
 0.024096595, -0.0025607611, 0.99970633, 0.10024174;
 0, 0, 0, 1]
Twc:
[0.99969518, -0.005376826, 0.024096595, -0.01326316;
 0.0054400931, 0.99998194, -0.0025607611, 0.015291872;
 -0.024082391, 0.0026910682, 0.99970633, -0.099912331;
 0, 0, 0, 1]
Ow:
[0.0107698;
 -0.015094039;
 0.10024174]
Keyframe: 33 Frame: 147 Frame from vFrameID : 148
Tcw:
[0.99989498, 0.013971661, -0.0038557032, 0.0057439422;
 -0.013997368, 0.99987942, -0.0067227478, -0.018103082;
 0.0037613104, 0.0067760115, 0.99996996, 0.12306561;
 0, 0, 0, 1]
Twc:
[0.99989498, -0.013997368, 0.0037613104, -0.0064596222;
 0.013971661, 0.99987942, 0.0067760115, 0.017186753;
 -0.0038557032, -0.0067227478, 0.99996996, -0.12316148;
 0, 0, 0, 1]
Ow:
[0.0057439422;
 -0.018103082;
 0.12306561]
Keyframe: 34 Frame: 151 Frame from vFrameID : 152
Tcw:
[0.99991423, -0.001411762, 0.013023101, 0.00023723836;
 0.0016359419, 0.99985039, -0.017219458, -0.020348735;
 -0.012996843, 0.017239286, 0.99976695, 0.14167206;
 0, 0, 0, 1]
Twc:
[0.99991423, 0.0016359419, -0.012996843, 0.0016373608;
 -0.001411762, 0.99985039, 0.017239286, 0.0179037;
 0.013023101, -0.017219458, 0.99976695, -0.14199252;
 0, 0, 0, 1]
Ow:
[0.00023723836;
 -0.020348735;
 0.14167206]
Keyframe: 35 Frame: 157 Frame from vFrameID : 158
Tcw:
[0.99936205, -0.008105915, 0.034781169, -0.0086274464;
 0.0095511246, 0.99908918, -0.041588616, -0.024336301;
 -0.034412373, 0.041894283, 0.99852926, 0.16860999;
 0, 0, 0, 1]
Twc:
[0.99936205, 0.0095511246, -0.034412373, 0.014656653;
 -0.008105915, 0.99908918, 0.041894283, 0.017180406;
 0.034781169, -0.041588616, 0.99852926, -0.16907406;
 0, 0, 0, 1]
Ow:
[-0.0086274464;
 -0.024336301;
 0.16860999]
Keyframe: 36 Frame: 162 Frame from vFrameID : 163
Tcw:
[0.99980831, -0.015787991, 0.011580708, -0.012511938;
 0.016273437, 0.99893838, -0.043096431, -0.028496848;
 -0.010888008, 0.043276627, 0.99900377, 0.19142254;
 0, 0, 0, 1]
Twc:
[0.99980831, 0.016273437, -0.010888008, 0.01505749;
 -0.015787991, 0.99893838, 0.043276627, 0.019984934;
 0.011580708, -0.043096431, 0.99900377, -0.19231506;
 0, 0, 0, 1]
Ow:
[-0.012511938;
 -0.028496848;
 0.19142254]
Keyframe: 37 Frame: 168 Frame from vFrameID : 169
Tcw:
[0.99997681, -0.0066597676, -0.0014263047, -0.01231852;
 0.0065938509, 0.99909234, -0.04208412, -0.035591282;
 0.0017052805, 0.042073738, 0.99911302, 0.22416744;
 0, 0, 0, 1]
Twc:
[0.99997681, 0.0065938509, 0.0017052805, 0.012170649;
 -0.0066597676, 0.99909234, 0.042073738, 0.026045373;
 -0.0014263047, -0.04208412, 0.99911302, -0.22548401;
 0, 0, 0, 1]
Ow:
[-0.01231852;
 -0.035591282;
 0.22416744]
Keyframe: 38 Frame: 174 Frame from vFrameID : 175
Tcw:
[0.99997276, 0.0037102539, 0.0063835364, -0.012080343;
 -0.0036074251, 0.99986476, -0.016045203, -0.039349481;
 -0.006442205, 0.016021738, 0.99985087, 0.25383875;
 0, 0, 0, 1]
Twc:
[0.99997276, -0.0036074251, -0.006442205, 0.013573344;
 0.0037102539, 0.99986476, 0.016021738, 0.035322044;
 0.0063835364, -0.016045203, 0.99985087, -0.25435516;
 0, 0, 0, 1]
Ow:
[-0.012080343;
 -0.039349481;
 0.25383875]
Keyframe: 39 Frame: 179 Frame from vFrameID : 180
Tcw:
[0.99988478, -0.0072010579, 0.013364477, -0.020123711;
 0.007686838, 0.99929821, -0.036660485, -0.047863148;
 -0.013091104, 0.036758989, 0.99923843, 0.27642804;
 0, 0, 0, 1]
Twc:
[0.99988478, 0.007686838, -0.013091104, 0.024108056;
 -0.0072010579, 0.99929821, 0.036758989, 0.03752343;
 0.013364477, -0.036660485, 0.99923843, -0.27770326;
 0, 0, 0, 1]
Ow:
[-0.020123711;
 -0.047863148;
 0.27642804]
Keyframe: 40 Frame: 184 Frame from vFrameID : 185
Tcw:
[0.99888337, -0.0049791294, 0.046981405, -0.018031362;
 0.0067658634, 0.99925679, -0.037948616, -0.053100623;
 -0.046757538, 0.038224112, 0.99817467, 0.28994018;
 0, 0, 0, 1]
Twc:
[0.99888337, 0.0067658634, -0.046757538, 0.031927384;
 -0.0049791294, 0.99925679, 0.038224112, 0.041888673;
 0.046981405, -0.037948616, 0.99817467, -0.29057887;
 0, 0, 0, 1]
Ow:
[-0.018031362;
 -0.053100623;
 0.28994018]
Keyframe: 41 Frame: 189 Frame from vFrameID : 190
Tcw:
[0.99866581, 0.0077583361, 0.051053431, -0.022275632;
 -0.0059423954, 0.99934757, -0.035625562, -0.062259465;
 -0.051296514, 0.035274651, 0.99806029, 0.30352879;
 0, 0, 0, 1]
Twc:
[0.99866581, -0.0059423954, -0.051296514, 0.03744591;
 0.0077583361, 0.99934757, 0.035274651, 0.051684793;
 0.051053431, -0.035625562, 0.99806029, -0.30402079;
 0, 0, 0, 1]
Ow:
[-0.022275632;
 -0.062259465;
 0.30352879]
Keyframe: 42 Frame: 194 Frame from vFrameID : 195
Tcw:
[0.99892139, 0.0057837092, 0.046072021, -0.01941058;
 -0.0047675702, 0.99974364, -0.022134874, -0.063009247;
 -0.046188232, 0.021891348, 0.99869287, 0.32143441;
 0, 0, 0, 1]
Twc:
[0.99892139, -0.0047675702, -0.046188232, 0.033935729;
 0.0057837092, 0.99974364, 0.021891348, 0.056068718;
 0.046072021, -0.022134874, 0.99869287, -0.32151467;
 0, 0, 0, 1]
Ow:
[-0.01941058;
 -0.063009247;
 0.32143441]
Keyframe: 43 Frame: 199 Frame from vFrameID : 200
Tcw:
[0.999322, 0.0032274704, 0.036676113, -0.012086606;
 -0.0020165667, 0.99945313, -0.033005293, -0.067593977;
 -0.03676258, 0.032908957, 0.99878204, 0.33937344;
 0, 0, 0, 1]
Twc:
[0.999322, -0.0020165667, -0.03676258, 0.024418347;
 0.0032274704, 0.99945313, 0.032908957, 0.056427602;
 0.036676113, -0.033005293, 0.99878204, -0.34074777;
 0, 0, 0, 1]
Ow:
[-0.012086606;
 -0.067593977;
 0.33937344]
Keyframe: 44 Frame: 204 Frame from vFrameID : 205
Tcw:
[0.99968129, 0.014247244, 0.020840602, -0.0028971983;
 -0.012926785, 0.99798137, -0.062177643, -0.071677119;
 -0.021684393, 0.061888427, 0.9978475, 0.3526608;
 0, 0, 0, 1]
Twc:
[0.99968129, -0.012926785, -0.021684393, 0.0096169561;
 0.014247244, 0.99798137, 0.061888427, 0.049748089;
 0.020840602, -0.062177643, 0.9978475, -0.35629803;
 0, 0, 0, 1]
Ow:
[-0.0028971983;
 -0.071677119;
 0.3526608]
Keyframe: 45 Frame: 209 Frame from vFrameID : 210
Tcw:
[0.99970621, 0.010523851, 0.021834565, 0.00028682686;
 -0.0095143868, 0.99890387, -0.045832101, -0.074768931;
 -0.02229296, 0.045610894, 0.99871051, 0.37319288;
 0, 0, 0, 1]
Twc:
[0.99970621, -0.0095143868, -0.02229296, 0.0073214513;
 0.010523851, 0.99890387, 0.045610894, 0.057662297;
 0.021834565, -0.045832101, 0.99871051, -0.37614471;
 0, 0, 0, 1]
Ow:
[0.00028682686;
 -0.074768931;
 0.37319288]
Keyframe: 46 Frame: 214 Frame from vFrameID : 215
Tcw:
[0.99935287, 0.014739421, 0.032812029, 0.0014638752;
 -0.013539761, 0.99924237, -0.036488291, -0.076471411;
 -0.033324983, 0.036020409, 0.99879527, 0.39464527;
 0, 0, 0, 1]
Twc:
[0.99935287, -0.013539761, -0.033324983, 0.010653215;
 0.014739421, 0.99924237, 0.036020409, 0.062176611;
 0.032812029, -0.036488291, 0.99879527, -0.39700818;
 0, 0, 0, 1]
Ow:
[0.0014638752;
 -0.076471411;
 0.39464527]
Keyframe: 47 Frame: 219 Frame from vFrameID : 220
Tcw:
[0.99924469, -0.0069895973, 0.038225964, -0.0057564229;
 0.0094068078, 0.99794227, -0.063425168, -0.079332225;
 -0.037703987, 0.063736849, 0.99725425, 0.42177463;
 0, 0, 0, 1]
Twc:
[0.99924469, 0.0094068078, -0.037703987, 0.022400923;
 -0.0069895973, 0.99794227, 0.063736849, 0.052246161;
 0.038225964, -0.063425168, 0.99725425, -0.42542815;
 0, 0, 0, 1]
Ow:
[-0.0057564229;
 -0.079332225;
 0.42177463]
Keyframe: 48 Frame: 224 Frame from vFrameID : 225
Tcw:
[0.99809694, -0.0042465469, 0.061517753, -0.0041423254;
 0.0073751719, 0.99868572, -0.050719846, -0.079090849;
 -0.061221514, 0.051077031, 0.99681646, 0.43757445;
 0, 0, 0, 1]
Twc:
[0.99809694, 0.0073751719, -0.061221514, 0.031506721;
 -0.0042465469, 0.99868572, 0.051077031, 0.056619298;
 0.061517753, -0.050719846, 0.99681646, -0.43993807;
 0, 0, 0, 1]
Ow:
[-0.0041423254;
 -0.079090849;
 0.43757445]
Keyframe: 49 Frame: 229 Frame from vFrameID : 230
Tcw:
[0.99856621, -0.0007372949, 0.053525731, -0.0054200143;
 0.0027644082, 0.99928123, -0.037807606, -0.081503093;
 -0.05345938, 0.037901364, 0.99785048, 0.45743528;
 0, 0, 0, 1]
Twc:
[0.99856621, 0.0027644082, -0.05345938, 0.030091757;
 -0.0007372949, 0.99928123, 0.037901364, 0.064103089;
 0.053525731, -0.037807606, 0.99785048, -0.45924333;
 0, 0, 0, 1]
Ow:
[-0.0054200143;
 -0.081503093;
 0.45743528]
Keyframe: 50 Frame: 236 Frame from vFrameID : 237
Tcw:
[0.99979854, 0.019821281, -0.003155814, 0.001777475;
 -0.019913331, 0.99927491, -0.032451719, -0.087933883;
 0.0025102911, 0.032508027, 0.99946833, 0.4911876;
 0, 0, 0, 1]
Twc:
[0.99979854, -0.019913331, 0.0025102911, -0.0047611976;
 0.019821281, 0.99927491, 0.032508027, 0.071867354;
 -0.003155814, -0.032451719, 0.99946833, -0.49377444;
 0, 0, 0, 1]
Ow:
[0.001777475;
 -0.087933883;
 0.4911876]
Keyframe: 51 Frame: 241 Frame from vFrameID : 242
Tcw:
[0.99894267, 0.015329584, -0.043341625, 0.0075055026;
 -0.017831704, 0.99816048, -0.057945833, -0.090794437;
 0.042373613, 0.058657423, 0.99737847, 0.51481819;
 0, 0, 0, 1]
Twc:
[0.99894267, -0.017831704, 0.042373613, -0.030931292;
 0.015329584, 0.99816048, 0.058657423, 0.06031445;
 -0.043341625, -0.057945833, 0.99737847, -0.51840442;
 0, 0, 0, 1]
Ow:
[0.0075055026;
 -0.090794437;
 0.51481819]
Keyframe: 52 Frame: 246 Frame from vFrameID : 247
Tcw:
[0.99960577, 0.018449701, -0.021163469, 0.0079475716;
 -0.019231724, 0.99911666, -0.037363354, -0.093278714;
 0.020455431, 0.037755635, 0.99907762, 0.53727645;
 0, 0, 0, 1]
Twc:
[0.99960577, -0.019231724, 0.020455431, -0.020728571;
 0.018449701, 0.99911666, 0.037755635, 0.072764479;
 -0.021163469, -0.037363354, 0.99907762, -0.54009789;
 0, 0, 0, 1]
Ow:
[0.0079475716;
 -0.093278714;
 0.53727645]
Keyframe: 53 Frame: 251 Frame from vFrameID : 252
Tcw:
[0.99986345, 0.016144801, 0.0035238808, 0.002490842;
 -0.01595659, 0.99871343, -0.048134055, -0.093732193;
 -0.0042964621, 0.048071254, 0.99883467, 0.56161189;
 0, 0, 0, 1]
Twc:
[0.99986345, -0.01595659, -0.0042964621, -0.0015732039;
 0.016144801, 0.99871343, 0.048071254, 0.066574;
 0.0035238808, -0.048134055, 0.99883467, -0.56547791;
 0, 0, 0, 1]
Ow:
[0.002490842;
 -0.093732193;
 0.56161189]
Keyframe: 54 Frame: 256 Frame from vFrameID : 257
Tcw:
[0.99913704, -0.011965268, 0.039774638, -0.010754274;
 0.015111635, 0.99669874, -0.079770088, -0.096251637;
 -0.038688861, 0.080302313, 0.99601942, 0.59384841;
 0, 0, 0, 1]
Twc:
[0.99913704, 0.015111635, -0.038688861, 0.035174832;
 -0.011965268, 0.99669874, 0.080302313, 0.048117813;
 0.039774638, -0.079770088, 0.99601942, -0.5987348;
 0, 0, 0, 1]
Ow:
[-0.010754274;
 -0.096251637;
 0.59384841]
Keyframe: 55 Frame: 261 Frame from vFrameID : 262
Tcw:
[0.99836946, -0.025827536, 0.050904982, -0.012010574;
 0.028357491, 0.99836546, -0.049620546, -0.10008977;
 -0.049540199, 0.050983176, 0.99747002, 0.61871284;
 0, 0, 0, 1]
Twc:
[0.99836946, 0.028357491, -0.049540199, 0.045480445;
 -0.025827536, 0.99836546, 0.050983176, 0.068072021;
 0.050904982, -0.049620546, 0.99747002, -0.62150264;
 0, 0, 0, 1]
Ow:
[-0.012010574;
 -0.10008977;
 0.61871284]
Keyframe: 56 Frame: 266 Frame from vFrameID : 267
Tcw:
[0.99969119, -0.013075646, 0.021133041, -0.0065465504;
 0.01425931, 0.99827999, -0.056865994, -0.10360394;
 -0.020353133, 0.057149775, 0.99815816, 0.64850825;
 0, 0, 0, 1]
Twc:
[0.99969119, 0.01425931, -0.020353133, 0.021221021;
 -0.013075646, 0.99827999, 0.057149775, 0.06627804;
 0.021133041, -0.056865994, 0.99815816, -0.65306693;
 0, 0, 0, 1]
Ow:
[-0.0065465504;
 -0.10360394;
 0.64850825]
Keyframe: 57 Frame: 271 Frame from vFrameID : 272
Tcw:
[0.99975872, 0.021050924, 0.0062765572, 0.0035306104;
 -0.020585394, 0.99755633, -0.066765368, -0.10710828;
 -0.0076666921, 0.066620052, 0.99774897, 0.66875374;
 0, 0, 0, 1]
Twc:
[0.99975872, -0.020585394, -0.0076666921, -0.0006074956;
 0.021050924, 0.99755633, 0.066620052, 0.062219813;
 0.0062765572, -0.066765368, 0.99774897, -0.67442161;
 0, 0, 0, 1]
Ow:
[0.0035306104;
 -0.10710828;
 0.66875374]
Keyframe: 58 Frame: 276 Frame from vFrameID : 277
Tcw:
[0.99983191, 0.01809112, -0.0029668431, 0.0041419128;
 -0.018201554, 0.99891835, -0.042787444, -0.11092442;
 0.0021895613, 0.042834256, 0.99907976, 0.69014543;
 0, 0, 0, 1]
Twc:
[0.99983191, -0.018201554, 0.0021895613, -0.0076713297;
 0.01809112, 0.99891835, 0.042834256, 0.081167653;
 -0.0029668431, -0.042787444, 0.99907976, -0.69424421;
 0, 0, 0, 1]
Ow:
[0.0041419128;
 -0.11092442;
 0.69014543]
Keyframe: 59 Frame: 281 Frame from vFrameID : 282
Tcw:
[0.99978703, 0.015443249, 0.013689618, 0.0031447606;
 -0.014811851, 0.99887347, -0.04508194, -0.11291862;
 -0.014370408, 0.044869572, 0.99888951, 0.71491176;
 0, 0, 0, 1]
Twc:
[0.99978703, -0.014811851, -0.014370408, 0.0054569487;
 0.015443249, 0.99887347, 0.044869572, 0.080665067;
 0.013689618, -0.04508194, 0.99888951, -0.71925145;
 0, 0, 0, 1]
Ow:
[0.0031447606;
 -0.11291862;
 0.71491176]
Keyframe: 60 Frame: 286 Frame from vFrameID : 287
Tcw:
[0.99985582, 0.012668697, -0.0113062, -0.001850103;
 -0.013629594, 0.99590194, -0.08940655, -0.11783209;
 0.010127202, 0.089547761, 0.99593103, 0.73837477;
 0, 0, 0, 1]
Twc:
[0.99985582, -0.013629594, 0.010127202, -0.0072338376;
 0.012668697, 0.99590194, 0.089547761, 0.051252838;
 -0.0113062, -0.08940655, 0.99593103, -0.7459262;
 0, 0, 0, 1]
Ow:
[-0.001850103;
 -0.11783209;
 0.73837477]
Keyframe: 61 Frame: 292 Frame from vFrameID : 293
Tcw:
[0.99961799, -0.017265186, 0.021582738, -0.0064424351;
 0.017684765, 0.99965531, -0.019403221, -0.12083776;
 -0.0212403, 0.019777494, 0.99957877, 0.76966113;
 0, 0, 0, 1]
Twc:
[0.99961799, 0.017684765, -0.0212403, 0.024924792;
 -0.017265186, 0.99965531, 0.019777494, 0.10546292;
 0.021582738, -0.019403221, 0.99957877, -0.77154249;
 0, 0, 0, 1]
Ow:
[-0.0064424351;
 -0.12083776;
 0.76966113]
Keyframe: 62 Frame: 298 Frame from vFrameID : 299
Tcw:
[0.99957097, -0.014934814, 0.025195111, -0.0064033102;
 0.015403101, 0.99971026, -0.018495902, -0.12258875;
 -0.024911579, 0.01887605, 0.99951142, 0.7909537;
 0, 0, 0, 1]
Twc:
[0.99957097, 0.015403101, -0.024911579, 0.027992716;
 -0.014934814, 0.99971026, 0.01887605, 0.10752753;
 0.025195111, -0.018495902, 0.99951142, -0.79267335;
 0, 0, 0, 1]
Ow:
[-0.0064033102;
 -0.12258875;
 0.7909537]
Keyframe: 63 Frame: 303 Frame from vFrameID : 304
Tcw:
[0.99998927, 0.0042388104, -0.0018772566, -0.0059172204;
 -0.004308945, 0.99922675, -0.039081629, -0.12538277;
 0.0017101454, 0.039089296, 0.99923426, 0.81296855;
 0, 0, 0, 1]
Twc:
[0.99998927, -0.004308945, 0.0017101454, 0.0039865947;
 0.0042388104, 0.99922675, 0.039089296, 0.093532525;
 -0.0018772566, -0.039081629, 0.99923426, -0.81725729;
 0, 0, 0, 1]
Ow:
[-0.0059172204;
 -0.12538277;
 0.81296855]
Keyframe: 64 Frame: 308 Frame from vFrameID : 309
Tcw:
[0.99902421, 0.01965818, -0.039550357, -0.0019493997;
 -0.021550275, 0.99861497, -0.047996856, -0.12776934;
 0.038552046, 0.048802342, 0.99806416, 0.82963556;
 0, 0, 0, 1]
Twc:
[0.99902421, -0.021550275, 0.038552046, -0.032790117;
 0.01965818, 0.99861497, 0.048802342, 0.087142542;
 -0.039550357, -0.047996856, 0.99806416, -0.83423913;
 0, 0, 0, 1]
Ow:
[-0.0019493997;
 -0.12776934;
 0.82963556]
Keyframe: 65 Frame: 313 Frame from vFrameID : 314
Tcw:
[0.99889028, 0.028950704, -0.037149891, -0.0052616913;
 -0.029778222, 0.99931616, -0.021918451, -0.1283668;
 0.03648993, 0.023000386, 0.99906927, 0.85235423;
 0, 0, 0, 1]
Twc:
[0.99889028, -0.029778222, 0.03648993, -0.029669032;
 0.028950704, 0.99931616, 0.023000386, 0.10882688;
 -0.037149891, -0.021918451, 0.99906927, -0.85457003;
 0, 0, 0, 1]
Ow:
[-0.0052616913;
 -0.1283668;
 0.85235423]
Keyframe: 66 Frame: 318 Frame from vFrameID : 319
Tcw:
[0.9993571, 0.021101011, -0.028985657, -0.013241828;
 -0.021885531, 0.99939525, -0.02702057, -0.12821059;
 0.028397966, 0.027637566, 0.99921453, 0.87495267;
 0, 0, 0, 1]
Twc:
[0.9993571, -0.021885531, 0.028397966, -0.014419519;
 0.021101011, 0.99939525, 0.027637566, 0.10423091;
 -0.028985657, -0.02702057, 0.99921453, -0.87811363;
 0, 0, 0, 1]
Ow:
[-0.013241828;
 -0.12821059;
 0.87495267]
Keyframe: 67 Frame: 323 Frame from vFrameID : 324
Tcw:
[0.99989241, 0.0077526462, -0.012453441, -0.018459659;
 -0.0080485214, 0.99968225, -0.023886759, -0.13286334;
 0.012264298, 0.023984421, 0.99963713, 0.89470804;
 0, 0, 0, 1]
Twc:
[0.99989241, -0.0080485214, 0.012264298, 0.0064153527;
 0.0077526462, 0.99968225, 0.023984421, 0.11150518;
 -0.012453441, -0.023886759, 0.99963713, -0.89778692;
 0, 0, 0, 1]
Ow:
[-0.018459659;
 -0.13286334;
 0.89470804]
Keyframe: 68 Frame: 328 Frame from vFrameID : 329
Tcw:
[0.99997675, 0.0026612002, 0.0062809633, -0.022419635;
 -0.0025131786, 0.99972165, -0.023458092, -0.1356215;
 -0.0063416418, 0.023441762, 0.99970508, 0.91426677;
 0, 0, 0, 1]
Twc:
[0.99997675, -0.0025131786, -0.0063416418, 0.027876224;
 0.0026612002, 0.99972165, 0.023441762, 0.1142114;
 0.0062809633, -0.023458092, 0.99970508, -0.91703779;
 0, 0, 0, 1]
Ow:
[-0.022419635;
 -0.1356215;
 0.91426677]
Keyframe: 69 Frame: 334 Frame from vFrameID : 335
Tcw:
[0.99961084, 0.014914467, -0.0235727, -0.022695759;
 -0.015684113, 0.99933857, -0.032809515, -0.14084718;
 0.023067771, 0.033166464, 0.9991836, 0.94524944;
 0, 0, 0, 1]
Twc:
[0.99961084, -0.015684113, 0.023067771, -0.001326933;
 0.014914467, 0.99933857, 0.033166464, 0.10974193;
 -0.0235727, -0.032809515, 0.9991836, -0.94963384;
 0, 0, 0, 1]
Ow:
[-0.022695759;
 -0.14084718;
 0.94524944]
Keyframe: 70 Frame: 339 Frame from vFrameID : 340
Tcw:
[0.99930447, 0.022226013, -0.029942472, -0.023048637;
 -0.023216927, 0.99918026, -0.033163141, -0.14446694;
 0.029180842, 0.033835247, 0.99900132, 0.96424109;
 0, 0, 0, 1]
Twc:
[0.99930447, -0.023216927, 0.029180842, -0.0084588379;
 0.022226013, 0.99918026, 0.033835247, 0.11223545;
 -0.029942472, -0.033163141, 0.99900132, -0.96875924;
 0, 0, 0, 1]
Ow:
[-0.023048637;
 -0.14446694;
 0.96424109]
Keyframe: 71 Frame: 345 Frame from vFrameID : 346
Tcw:
[0.99914318, 0.035491142, -0.021289747, -0.026211653;
 -0.036002509, 0.99906015, -0.024137197, -0.14730595;
 0.020413082, 0.024883, 0.99948192, 0.99021131;
 0, 0, 0, 1]
Twc:
[0.99914318, -0.036002509, 0.020413082, 0.00067254738;
 0.035491142, 0.99906015, 0.024883, 0.12345836;
 -0.021289747, -0.024137197, 0.99948192, -0.99381191;
 0, 0, 0, 1]
Ow:
[-0.026211653;
 -0.14730595;
 0.99021131]
Keyframe: 72 Frame: 350 Frame from vFrameID : 351
Tcw:
[0.99974465, 0.017547887, -0.014236915, -0.034459308;
 -0.018246299, 0.99855697, -0.050507806, -0.1491766;
 0.013330066, 0.050754681, 0.99862218, 1.0118454;
 0, 0, 0, 1]
Twc:
[0.99974465, -0.018246299, 0.013330066, 0.018240621;
 0.017547887, 0.99855697, 0.050754681, 0.098210134;
 -0.014236915, -0.050507806, 0.99862218, -1.0184765;
 0, 0, 0, 1]
Ow:
[-0.034459308;
 -0.1491766;
 1.0118454]
Keyframe: 73 Frame: 356 Frame from vFrameID : 357
Tcw:
[0.99987012, -0.0019414485, 0.015998539, -0.039150089;
 0.0027353799, 0.99875778, -0.049753781, -0.15156832;
 -0.015882069, 0.049791083, 0.99863338, 1.0342209;
 0, 0, 0, 1]
Twc:
[0.99987012, 0.0027353799, -0.015882069, 0.055985171;
 -0.0019414485, 0.99875778, 0.049791083, 0.099809058;
 0.015998539, -0.049753781, 0.99863338, -1.0397222;
 0, 0, 0, 1]
Ow:
[-0.039150089;
 -0.15156832;
 1.0342209]
Keyframe: 74 Frame: 361 Frame from vFrameID : 362
Tcw:
[0.99957675, 0.0023751557, 0.028995128, -0.042199388;
 -0.0015154426, 0.99955958, -0.029636303, -0.15308747;
 -0.029052749, 0.029579818, 0.99914014, 1.0549833;
 0, 0, 0, 1]
Twc:
[0.99957675, -0.0015154426, -0.029052749, 0.072599694;
 0.0023751557, 0.99955958, 0.029579818, 0.12191407;
 0.028995128, -0.029636303, 0.99914014, -1.0573895;
 0, 0, 0, 1]
Ow:
[-0.042199388;
 -0.15308747;
 1.0549833]
Keyframe: 75 Frame: 366 Frame from vFrameID : 367
Tcw:
[0.99995816, 0.007696819, -0.0049379282, -0.040681757;
 -0.0078493012, 0.99946845, -0.03164183, -0.1575608;
 0.0046917619, 0.031679265, 0.9994871, 1.0767195;
 0, 0, 0, 1]
Twc:
[0.99995816, -0.0078493012, 0.0046917619, 0.034391601;
 0.007696819, 0.99946845, 0.031679265, 0.12368048;
 -0.0049379282, -0.03164183, 0.9994871, -1.0813537;
 0, 0, 0, 1]
Ow:
[-0.040681757;
 -0.1575608;
 1.0767195]
Keyframe: 76 Frame: 371 Frame from vFrameID : 372
Tcw:
[0.99966854, 0.024364388, -0.0083176214, -0.039273754;
 -0.024617819, 0.99918902, -0.031863682, -0.15971111;
 0.0075345365, 0.032057881, 0.9994576, 1.0954344;
 0, 0, 0, 1]
Twc:
[0.99966854, -0.024617819, 0.0075345365, 0.027075404;
 0.024364388, 0.99918902, 0.032057881, 0.12542115;
 -0.0083176214, -0.031863682, 0.9994576, -1.100256;
 0, 0, 0, 1]
Ow:
[-0.039273754;
 -0.15971111;
 1.0954344]
Keyframe: 77 Frame: 376 Frame from vFrameID : 377
Tcw:
[0.99939674, 0.034397408, -0.0047894898, -0.040697888;
 -0.034485865, 0.99920893, -0.019806664, -0.16177385;
 0.0041044028, 0.019959887, 0.99979234, 1.1151028;
 0, 0, 0, 1]
Twc:
[0.99939674, -0.034485865, 0.0041044028, 0.030517597;
 0.034397408, 0.99920893, 0.019959887, 0.14078844;
 -0.0047894898, -0.019806664, 0.99979234, -1.1182704;
 0, 0, 0, 1]
Ow:
[-0.040697888;
 -0.16177385;
 1.1151028]
Keyframe: 78 Frame: 382 Frame from vFrameID : 383
Tcw:
[0.9997142, 0.017715916, 0.016053963, -0.047139347;
 -0.017036045, 0.99899161, -0.041539591, -0.1645636;
 -0.016773688, 0.041254222, 0.99900788, 1.140287;
 0, 0, 0, 1]
Twc:
[0.9997142, -0.017036045, -0.016773688, 0.063449174;
 0.017715916, 0.99899161, 0.041254222, 0.11819112;
 0.016053963, -0.041539591, 0.99900788, -1.1452348;
 0, 0, 0, 1]
Ow:
[-0.047139347;
 -0.1645636;
 1.140287]
Keyframe: 79 Frame: 388 Frame from vFrameID : 389
Tcw:
[0.99764723, -0.0021568018, 0.068522729, -0.051676787;
 0.0047661411, 0.99926865, -0.03793928, -0.16718018;
 -0.068390794, 0.038176607, 0.99692792, 1.1656623;
 0, 0, 0, 1]
Twc:
[0.99764723, 0.0047661411, -0.068390794, 0.13207257;
 -0.0021568018, 0.99926865, 0.038176607, 0.12244544;
 0.068522729, -0.03793928, 0.99692792, -1.1648829;
 0, 0, 0, 1]
Ow:
[-0.051676787;
 -0.16718018;
 1.1656623]
Keyframe: 80 Frame: 394 Frame from vFrameID : 395
Tcw:
[0.99877119, 0.0027090521, 0.049484584, -0.052687284;
 -0.0012317933, 0.99955338, -0.029859046, -0.16863827;
 -0.049543373, 0.0297614, 0.99832845, 1.1889806;
 0, 0, 0, 1]
Twc:
[0.99877119, -0.0012317933, -0.049543373, 0.11132092;
 0.0027090521, 0.99955338, 0.0297614, 0.13331996;
 0.049484584, -0.029859046, 0.99832845, -1.1894213;
 0, 0, 0, 1]
Ow:
[-0.052687284;
 -0.16863827;
 1.1889806]
Keyframe: 81 Frame: 399 Frame from vFrameID : 400
Tcw:
[0.99961764, 0.017352425, 0.021527909, -0.048336238;
 -0.016681805, 0.99938172, -0.030949136, -0.17239772;
 -0.022051642, 0.030578179, 0.9992891, 1.2077929;
 0, 0, 0, 1]
Twc:
[0.99961764, -0.016681805, -0.022051642, 0.072075665;
 0.017352425, 0.99938172, 0.030578179, 0.13619778;
 0.021527909, -0.030949136, 0.9992891, -1.2112292;
 0, 0, 0, 1]
Ow:
[-0.048336238;
 -0.17239772;
 1.2077929]
Keyframe: 82 Frame: 404 Frame from vFrameID : 405
Tcw:
[0.99937952, 0.031402744, 0.015949897, -0.048728481;
 -0.031039277, 0.99926382, -0.022546263, -0.17588709;
 -0.016646169, 0.022037201, 0.99961859, 1.2236898;
 0, 0, 0, 1]
Twc:
[0.99937952, -0.031039277, -0.016646169, 0.063608587;
 0.031402744, 0.99926382, 0.022037201, 0.15032111;
 0.015949897, -0.022546263, 0.99961859, -1.2264113;
 0, 0, 0, 1]
Ow:
[-0.048728481;
 -0.17588709;
 1.2236898]
Keyframe: 83 Frame: 409 Frame from vFrameID : 410
Tcw:
[0.99956065, 0.023482684, 0.018083878, -0.051351868;
 -0.022809753, 0.99907112, -0.036559537, -0.17602123;
 -0.018925596, 0.036130983, 0.99916786, 1.2410084;
 0, 0, 0, 1]
Twc:
[0.99956065, -0.022809753, -0.018925596, 0.070801131;
 0.023482684, 0.99907112, 0.036130983, 0.13222475;
 0.018083878, -0.036559537, 0.99916786, -1.2454822;
 0, 0, 0, 1]
Ow:
[-0.051351868;
 -0.17602123;
 1.2410084]
Keyframe: 84 Frame: 414 Frame from vFrameID : 415
Tcw:
[0.9991399, -0.011220622, 0.039918572, -0.05531799;
 0.012447322, 0.99945372, -0.030615421, -0.17747009;
 -0.03955324, 0.03108597, 0.99873382, 1.2639771;
 0, 0, 0, 1]
Twc:
[0.9991399, 0.012447322, -0.03955324, 0.10747384;
 -0.011220622, 0.99945372, 0.03108597, 0.13746047;
 0.039918572, -0.030615421, 0.99873382, -1.2656018;
 0, 0, 0, 1]
Ow:
[-0.05531799;
 -0.17747009;
 1.2639771]
Keyframe: 85 Frame: 419 Frame from vFrameID : 420
Tcw:
[0.99792457, -0.0061661825, 0.064097837, -0.055440955;
 0.0072222031, 0.99984175, -0.016256511, -0.17947209;
 -0.063987449, 0.0166857, 0.9978112, 1.2808766;
 0, 0, 0, 1]
Twc:
[0.99792457, 0.0072222031, -0.063987449, 0.13858211;
 -0.0061661825, 0.99984175, 0.0166857, 0.15772951;
 0.064097837, -0.016256511, 0.9978112, -1.277437;
 0, 0, 0, 1]
Ow:
[-0.055440955;
 -0.17947209;
 1.2808766]
Keyframe: 86 Frame: 424 Frame from vFrameID : 425
Tcw:
[0.99952787, 0.0028327683, 0.030594073, -0.053288568;
 -0.0022248907, 0.99979979, -0.019884925, -0.18126285;
 -0.030644279, 0.019807469, 0.9993341, 1.2982183;
 0, 0, 0, 1]
Twc:
[0.99952787, -0.0022248907, -0.030644279, 0.092643082;
 0.0028327683, 0.99979979, 0.019807469, 0.1556631;
 0.030594073, -0.019884925, 0.9993341, -1.2993277;
 0, 0, 0, 1]
Ow:
[-0.053288568;
 -0.18126285;
 1.2982183]
Keyframe: 87 Frame: 430 Frame from vFrameID : 431
Tcw:
[0.99980003, 0.01692071, -0.010659558, -0.051521402;
 -0.017378537, 0.99886125, -0.044431493, -0.18501493;
 0.0098956069, 0.044607855, 0.99895555, 1.3132638;
 0, 0, 0, 1]
Twc:
[0.99980003, -0.017378537, 0.0098956069, 0.035300266;
 0.01692071, 0.99886125, 0.044607855, 0.12709415;
 -0.010659558, -0.044431493, 0.99895555, -1.3206619;
 0, 0, 0, 1]
Ow:
[-0.051521402;
 -0.18501493;
 1.3132638]
Keyframe: 88 Frame: 435 Frame from vFrameID : 436
Tcw:
[0.99927402, 0.032599758, -0.019715847, -0.048873387;
 -0.033095498, 0.99913031, -0.025363561, -0.18617046;
 0.018871855, 0.025997652, 0.99948388, 1.3303435;
 0, 0, 0, 1]
Twc:
[0.99927402, -0.033095498, 0.018871855, 0.017570453;
 0.032599758, 0.99913031, 0.025997652, 0.15301602;
