Keyframe: 0 Frame: 0 Frame from vFrameID : 179
Tcw:
[1, 0, 0, 0;
 0, 1, 0, 0;
 0, 0, 1, 0;
 0, 0, 0, 1]
Twc:
[1, 0, 0, 0;
 0, 1, 0, 0;
 0, 0, 1, 0;
 0, 0, 0, 1]
Ow:
[0;
 0;
 0]
Keyframe: 1 Frame: 178 Frame from vFrameID : 179
Tcw:
[0.99982852, 0.0039286735, 0.01809725, -0.0063765366;
 -0.0040052081, 0.99998319, 0.0041947751, -0.008418804;
 -0.018080465, -0.0042665391, 0.99982744, 0.040553547;
 0, 0, 0, 1]
Twc:
[0.99982852, -0.0040052081, -0.018080465, 0.0070749507;
 0.0039286735, 0.99998319, -0.0042665391, 0.0086167371;
 0.01809725, 0.0041947751, 0.99982744, -0.040395837;
 0, 0, 0, 1]
Ow:
[-0.0063765366;
 -0.008418804;
 0.040553547]
Keyframe: 2 Frame: 179 Frame from vFrameID : 180
Tcw:
[0.99985284, 0.001547407, 0.017085608, -0.0097235199;
 -0.0015697851, 0.99999791, 0.0012964203, -0.0097804703;
 -0.017083567, -0.0013230504, 0.99985319, 0.04438176;
 0, 0, 0, 1]
Twc:
[0.99985284, -0.0015697851, -0.017083567, 0.010464935;
 0.001547407, 0.99999791, -0.0013230504, 0.0098542152;
 0.017085608, 0.0012964203, 0.99985319, -0.044196434;
 0, 0, 0, 1]
Ow:
[-0.0097235199;
 -0.0097804703;
 0.04438176]
Keyframe: 3 Frame: 180 Frame from vFrameID : 181
Tcw:
[0.99991584, -0.0022572011, 0.012774562, -0.0094682649;
 0.00228304, 0.99999535, -0.0020084518, -0.012331831;
 -0.012769969, 0.0020374476, 0.99991637, 0.047070689;
 0, 0, 0, 1]
Twc:
[0.99991584, 0.00228304, -0.012769969, 0.010096714;
 -0.0022572011, 0.99999535, 0.0020374476, 0.012214499;
 0.012774562, -0.0020084518, 0.99991637, -0.046970569;
 0, 0, 0, 1]
Ow:
[-0.0094682649;
 -0.012331831;
 0.047070689]
Keyframe: 4 Frame: 181 Frame from vFrameID : 182
Tcw:
[0.99989986, -0.0051739421, 0.013171772, -0.0086587351;
 0.005274185, 0.99995732, -0.0075871269, -0.014806438;
 -0.013131954, 0.0076558376, 0.99988449, 0.050796617;
 0, 0, 0, 1]
Twc:
[0.99989986, 0.005274185, -0.013131954, 0.0094030183;
 -0.0051739421, 0.99995732, 0.0076558376, 0.014372116;
 0.013171772, -0.0075871269, 0.99988449, -0.050789036;
 0, 0, 0, 1]
Ow:
[-0.0086587351;
 -0.014806438;
 0.050796617]
Keyframe: 5 Frame: 183 Frame from vFrameID : 184
Tcw:
[0.99876702, 0.0036184283, 0.049510706, -0.0071202698;
 -0.0036110608, 0.99999344, -0.00023825638, -0.014001906;
 -0.049511243, 5.9176455e-05, 0.99877357, 0.056571946;
 0, 0, 0, 1]
Twc:
[0.99876702, -0.0036110608, -0.049511243, 0.0098618763;
 0.0036184283, 0.99999344, 5.9176455e-05, 0.014024232;
 0.049510706, -0.00023825638, 0.99877357, -0.056153372;
 0, 0, 0, 1]
Ow:
[-0.0071202698;
 -0.014001906;
 0.056571946]
Keyframe: 6 Frame: 185 Frame from vFrameID : 186
Tcw:
[0.99810523, 0.0065883989, 0.061176553, -0.0093249055;
 -0.0075267144, 0.99985737, 0.015120067, -0.01624042;
 -0.061068207, -0.015551876, 0.99801242, 0.059261207;
 0, 0, 0, 1]
Twc:
[0.99810523, -0.0075267144, -0.061068207, 0.012803975;
 0.0065883989, 0.99985737, -0.015551876, 0.017221162;
 0.061176553, 0.015120067, 0.99801242, -0.058327399;
 0, 0, 0, 1]
Ow:
[-0.0093249055;
 -0.01624042;
 0.059261207]
Keyframe: 7 Frame: 187 Frame from vFrameID : 188
Tcw:
[0.99823219, 0.016375901, 0.057133973, -0.010051413;
 -0.016903419, 0.99981874, 0.008761947, -0.023334909;
 -0.056980129, -0.0097122174, 0.99832809, 0.067824624;
 0, 0, 0, 1]
Twc:
[0.99823219, -0.016903419, -0.056980129, 0.013503862;
 0.016375901, 0.99981874, -0.0097122174, 0.024154007;
 0.057133973, 0.008761947, 0.99832809, -0.066932492;
 0, 0, 0, 1]
Ow:
[-0.010051413;
 -0.023334909;
 0.067824624]
Keyframe: 8 Frame: 189 Frame from vFrameID : 190
Tcw:
[0.9984352, 0.016744375, 0.053355705, -0.011096766;
 -0.016842492, 0.99985719, 0.0013897818, -0.021491943;
 -0.053324815, -0.0022862502, 0.99857461, 0.069385193;
 0, 0, 0, 1]
Twc:
[0.9984352, -0.016842492, -0.053324815, 0.014417376;
 0.016744375, 0.99985719, -0.0022862502, 0.021833314;
 0.053355705, 0.0013897818, 0.99857461, -0.068664342;
 0, 0, 0, 1]
Ow:
[-0.011096766;
 -0.021491943;
 0.069385193]
Keyframe: 9 Frame: 191 Frame from vFrameID : 192
Tcw:
[0.99878013, 0.012387235, 0.047799733, -0.010171116;
 -0.012913589, 0.99985915, 0.010718606, -0.021642623;
 -0.047660224, -0.011322797, 0.99879944, 0.075926155;
 0, 0, 0, 1]
Twc:
[0.99878013, -0.012913589, -0.047660224, 0.013497883;
 0.012387235, 0.99985915, -0.011322797, 0.022625264;
 0.047799733, 0.010718606, 0.99879944, -0.075116843;
 0, 0, 0, 1]
Ow:
[-0.010171116;
 -0.021642623;
 0.075926155]
Keyframe: 10 Frame: 193 Frame from vFrameID : 194
Tcw:
[0.99869376, 0.014051748, 0.049125589, -0.0087334039;
 -0.014727283, 0.99980152, 0.013416389, -0.021381028;
 -0.048927315, -0.01412235, 0.99870253, 0.081970945;
 0, 0, 0, 1]
Twc:
[0.99869376, -0.014727283, -0.048927315, 0.01241773;
 0.014051748, 0.99980152, -0.01412235, 0.022657126;
 0.049125589, 0.013416389, 0.99870253, -0.081148699;
 0, 0, 0, 1]
Ow:
[-0.0087334039;
 -0.021381028;
 0.081970945]
Keyframe: 11 Frame: 196 Frame from vFrameID : 197
Tcw:
[0.99910384, 0.012441447, 0.040455684, -0.0067191124;
 -0.013007181, 0.99982083, 0.013751013, -0.023374094;
 -0.040277354, -0.014264905, 0.99908668, 0.091497757;
 0, 0, 0, 1]
Twc:
[0.99910384, -0.013007181, -0.040277354, 0.010094348;
 0.012441447, 0.99982083, -0.014264905, 0.02475871;
 0.040455684, 0.013751013, 0.99908668, -0.090820953;
 0, 0, 0, 1]
Ow:
[-0.0067191124;
 -0.023374094;
 0.091497757]
Keyframe: 12 Frame: 199 Frame from vFrameID : 200
Tcw:
[0.99917156, 0.012794389, 0.038633499, -0.0018180599;
 -0.012994957, 0.99990332, 0.0049448851, -0.025805051;
 -0.038566496, -0.0054428289, 0.99924123, 0.10183596;
 0, 0, 0, 1]
Twc:
[0.99917156, -0.012994957, -0.038566496, 0.005408674;
 0.012794389, 0.99990332, -0.0054428289, 0.026380092;
 0.038633499, 0.0049448851, 0.99924123, -0.10156085;
 0, 0, 0, 1]
Ow:
[-0.0018180599;
 -0.025805051;
 0.10183596]
Keyframe: 13 Frame: 202 Frame from vFrameID : 203
Tcw:
[0.9993543, 0.025180247, 0.025629647, 0.005137994;
 -0.024625104, 0.9994601, -0.021750141, -0.030543052;
 -0.026163483, 0.021104963, 0.99943489, 0.11230315;
 0, 0, 0, 1]
Twc:
[0.9993543, -0.024625104, -0.026163483, -0.002948561;
 0.025180247, 0.9994601, 0.021104963, 0.028027033;
 0.025629647, -0.021750141, 0.99943489, -0.11303568;
 0, 0, 0, 1]
Ow:
[0.005137994;
 -0.030543052;
 0.11230315]
Keyframe: 14 Frame: 205 Frame from vFrameID : 206
Tcw:
[0.9993915, 0.022710431, 0.026474018, 0.0084118834;
 -0.022369692, 0.99966401, -0.013096585, -0.031785931;
 -0.026762551, 0.012496401, 0.99956369, 0.11995953;
 0, 0, 0, 1]
Twc:
[0.9993915, -0.022369692, -0.026762551, -0.0059073828;
 0.022710431, 0.99966401, 0.012496401, 0.03008515;
 0.026474018, -0.013096585, 0.99956369, -0.12054617;
 0, 0, 0, 1]
Ow:
[0.0084118834;
 -0.031785931;
 0.11995953]
Keyframe: 15 Frame: 208 Frame from vFrameID : 209
Tcw:
[0.99957657, 0.018830549, 0.022182042, 0.0094370674;
 -0.018577501, 0.99976063, -0.011559136, -0.032043211;
 -0.022394396, 0.011142155, 0.99968714, 0.12897368;
 0, 0, 0, 1]
Twc:
[0.99957657, -0.018577501, -0.022394396, -0.0071400669;
 0.018830549, 0.99976063, 0.011142155, 0.030420789;
 0.022182042, -0.011559136, 0.99968714, -0.12951304;
 0, 0, 0, 1]
Ow:
[0.0094370674;
 -0.032043211;
 0.12897368]
Keyframe: 16 Frame: 211 Frame from vFrameID : 212
Tcw:
[0.9993996, 0.023210214, 0.025723143, 0.01008565;
 -0.023292547, 0.99972445, 0.0029056605, -0.031685449;
 -0.025648614, -0.0035030737, 0.9996649, 0.13963766;
 0, 0, 0, 1]
Twc:
[0.9993996, -0.023292547, -0.025648614, -0.0072361175;
 0.023210214, 0.99972445, -0.0035030737, 0.031931791;
 0.025723143, 0.0029056605, 0.9996649, -0.13975823;
 0, 0, 0, 1]
Ow:
[0.01008565;
 -0.031685449;
 0.13963766]
Keyframe: 17 Frame: 214 Frame from vFrameID : 215
Tcw:
[0.99910808, 0.023396786, 0.035151843, 0.010672901;
 -0.023498919, 0.99972075, 0.0024951026, -0.033107549;
 -0.035083648, -0.0033189075, 0.99937886, 0.15313344;
 0, 0, 0, 1]
Twc:
[0.99910808, -0.023498919, -0.035083648, -0.0060688932;
 0.023396786, 0.99972075, -0.0033189075, 0.033356827;
 0.035151843, 0.0024951026, 0.99937886, -0.15333088;
 0, 0, 0, 1]
Ow:
[0.010672901;
 -0.033107549;
 0.15313344]
Keyframe: 18 Frame: 217 Frame from vFrameID : 218
Tcw:
[0.99908799, 0.016356673, 0.039442252, 0.0056851381;
 -0.015917325, 0.99980801, -0.011427463, -0.033050369;
 -0.039621595, 0.010789226, 0.99915653, 0.16643849;
 0, 0, 0, 1]
Twc:
[0.99908799, -0.015917325, -0.039621595, 0.00038853133;
 0.016356673, 0.99980801, 0.010789226, 0.03115529;
 0.039442252, -0.011427463, 0.99915653, -0.16690001;
 0, 0, 0, 1]
Ow:
[0.0056851381;
 -0.033050369;
 0.16643849]
Keyframe: 19 Frame: 220 Frame from vFrameID : 221
Tcw:
[0.9990387, -0.00018512511, 0.043837272, 0.00321978;
 0.0013694926, 0.9996348, -0.026988871, -0.034657016;
 -0.043816265, 0.027022962, 0.99867409, 0.18115817;
 0, 0, 0, 1]
Twc:
[0.9990387, 0.0013694926, -0.043816265, 0.0047684526;
 -0.00018512511, 0.9996348, 0.027022962, 0.029749524;
 0.043837272, -0.026988871, 0.99867409, -0.18199447;
 0, 0, 0, 1]
Ow:
[0.00321978;
 -0.034657016;
 0.18115817]
Keyframe: 20 Frame: 223 Frame from vFrameID : 224
Tcw:
[0.99822491, 0.0020173849, 0.059522659, 0.0051051197;
 -0.0010595414, 0.99986953, -0.016119257, -0.034047101;
 -0.059547409, 0.016027575, 0.99809682, 0.19053896;
 0, 0, 0, 1]
Twc:
[0.99822491, -0.0010595414, -0.059547409, 0.0062139686;
 0.0020173849, 0.99986953, 0.016027575, 0.03097848;
 0.059522659, -0.016119257, 0.99809682, -0.191029;
 0, 0, 0, 1]
Ow:
[0.0051051197;
 -0.034047101;
 0.19053896]
Keyframe: 21 Frame: 226 Frame from vFrameID : 227
Tcw:
[0.99778974, 0.0054375143, 0.066227078, 0.0043361532;
 -0.0053029633, 0.99998349, -0.0022072818, -0.035026282;
 -0.066237986, 0.0018512035, 0.99780214, 0.2007743;
 0, 0, 0, 1]
Twc:
[0.99778974, -0.0053029633, -0.066237986, 0.008786574;
 0.0054375143, 0.99998349, 0.0018512035, 0.034630451;
 0.066227078, -0.0022072818, 0.99780214, -0.20069751;
 0, 0, 0, 1]
Ow:
[0.0043361532;
 -0.035026282;
 0.2007743]
Keyframe: 22 Frame: 229 Frame from vFrameID : 230
Tcw:
[0.9983542, 0.0083943205, 0.056731168, 0.0038171345;
 -0.0084963497, 0.99996269, 0.0015575098, -0.035719533;
 -0.056715976, -0.0020369543, 0.99838829, 0.21263018;
 0, 0, 0, 1]
Twc:
[0.9983542, -0.0084963497, -0.056715976, 0.0079451902;
 0.0083943205, 0.99996269, -0.0020369543, 0.036119279;
 0.056731168, 0.0015575098, 0.99838829, -0.21244839;
 0, 0, 0, 1]
Ow:
[0.0038171345;
 -0.035719533;
 0.21263018]
Keyframe: 23 Frame: 233 Frame from vFrameID : 234
Tcw:
[0.9998771, 0.011605587, 0.010543301, 0.0076118931;
 -0.01175141, 0.99983466, 0.013875821, -0.037268613;
 -0.01038052, -0.013998014, 0.99984813, 0.23532656;
 0, 0, 0, 1]
Twc:
[0.9998771, -0.01175141, -0.01038052, -0.0056061037;
 0.011605587, 0.99983466, -0.013998014, 0.040468216;
 0.010543301, 0.013875821, 0.99984813, -0.23485395;
 0, 0, 0, 1]
Ow:
[0.0076118931;
 -0.037268613;
 0.23532656]
Keyframe: 24 Frame: 237 Frame from vFrameID : 238
Tcw:
[0.99922997, 0.031761579, -0.023035681, 0.012874411;
 -0.032041777, 0.9994157, -0.011898117, -0.042580515;
 0.022644319, 0.01262706, 0.99966383, 0.25440809;
 0, 0, 0, 1]
Twc:
[0.99922997, -0.032041777, 0.022644319, -0.019989751;
 0.031761579, 0.9994157, 0.01262706, 0.038934298;
 -0.023035681, -0.011898117, 0.99966383, -0.25453264;
 0, 0, 0, 1]
Ow:
[0.012874411;
 -0.042580515;
 0.25440809]
Keyframe: 25 Frame: 241 Frame from vFrameID : 242
Tcw:
[0.99895948, 0.023524152, -0.039070763, 0.015779112;
 -0.024196377, 0.99956566, -0.016822433, -0.042610936;
 0.03865806, 0.0177503, 0.99909484, 0.26838487;
 0, 0, 0, 1]
Twc:
[0.99895948, -0.024196377, 0.03865806, -0.027168961;
 0.023524152, 0.99956566, 0.0177503, 0.037457328;
 -0.039070763, -0.016822433, 0.99909484, -0.26824224;
 0, 0, 0, 1]
Ow:
[0.015779112;
 -0.042610936;
 0.26838487]
Keyframe: 26 Frame: 245 Frame from vFrameID : 246
Tcw:
[0.99937886, 0.025415512, -0.024411954, 0.015825873;
 -0.025393741, 0.99967682, 0.0012014096, -0.042655457;
 0.0244346, -0.00058075244, 0.99970126, 0.28425482;
 0, 0, 0, 1]
Twc:
[0.99937886, -0.025393741, 0.0244346, -0.023844877;
 0.025415512, 0.99967682, -0.00058075244, 0.042404529;
 -0.024411954, 0.0012014096, 0.99970126, -0.28373232;
 0, 0, 0, 1]
Ow:
[0.015825873;
 -0.042655457;
 0.28425482]
Keyframe: 27 Frame: 248 Frame from vFrameID : 249
Tcw:
[0.99946874, 0.03258951, 0.00040615574, 0.014379422;
 -0.032587081, 0.99945647, -0.0049908883, -0.042963374;
 -0.00056858559, 0.0049750013, 0.99998748, 0.30274367;
 0, 0, 0, 1]
Twc:
[0.99946874, -0.032587081, -0.00056858559, -0.015599699;
 0.03258951, 0.99945647, 0.0049750013, 0.040965252;
 0.00040615574, -0.0049908883, 0.99998748, -0.30296013;
 0, 0, 0, 1]
Ow:
[0.014379422;
 -0.042963374;
 0.30274367]
Keyframe: 28 Frame: 252 Frame from vFrameID : 253
Tcw:
[0.99981821, 0.0083111096, 0.017159557, 0.0056884377;
 -0.0080453586, 0.99984753, -0.015498416, -0.045089662;
 -0.017285749, 0.015357544, 0.99973261, 0.32376063;
 0, 0, 0, 1]
Twc:
[0.99981821, -0.0080453586, -0.017285749, -0.00045372109;
 0.0083111096, 0.99984753, 0.015357544, 0.040063344;
 0.017159557, -0.015498416, 0.99973261, -0.32447049;
 0, 0, 0, 1]
Ow:
[0.0056884377;
 -0.045089662;
 0.32376063]
Keyframe: 29 Frame: 256 Frame from vFrameID : 257
Tcw:
[0.99901456, -0.0045480859, 0.04414985, -0.0011606561;
 0.0063546826, 0.99914443, -0.040865958, -0.044268392;
 -0.043926217, 0.041106246, 0.99818873, 0.34298763;
 0, 0, 0, 1]
Twc:
[0.99901456, 0.0063546826, -0.043926217, 0.01650697;
 -0.0045480859, 0.99914443, 0.041106246, 0.030126303;
 0.04414985, -0.040865958, 0.99818873, -0.3441242;
 0, 0, 0, 1]
Ow:
[-0.0011606561;
 -0.044268392;
 0.34298763]
Keyframe: 30 Frame: 261 Frame from vFrameID : 262
Tcw:
[0.99820554, -0.01854324, 0.056937404, -0.0028084256;
 0.019252714, 0.9997434, -0.011937389, -0.046229206;
 -0.056701437, 0.013012167, 0.99830639, 0.36687434;
 0, 0, 0, 1]
Twc:
[0.99820554, 0.019252714, -0.056701437, 0.024495725;
 -0.01854324, 0.9997434, 0.013012167, 0.041391432;
 0.056937404, -0.011937389, 0.99830639, -0.36664495;
 0, 0, 0, 1]
Ow:
[-0.0028084256;
 -0.046229206;
 0.36687434]
Keyframe: 31 Frame: 265 Frame from vFrameID : 266
Tcw:
[0.99840403, -0.016614495, 0.053976074, -0.0044802427;
 0.017195119, 0.99979901, -0.010310497, -0.049383949;
 -0.053793922, 0.011222167, 0.99848902, 0.38787082;
 0, 0, 0, 1]
Twc:
[0.99840403, 0.017195119, -0.053793922, 0.026187347;
 -0.016614495, 0.99979901, 0.011222167, 0.044946834;
 0.053976074, -0.010310497, 0.99848902, -0.38755208;
 0, 0, 0, 1]
Ow:
[-0.0044802427;
 -0.049383949;
 0.38787082]
Keyframe: 32 Frame: 269 Frame from vFrameID : 270
Tcw:
[0.99985331, 0.0089302743, 0.014616748, 0.010077519;
 -0.0085983071, 0.99970716, -0.022618869, -0.052199405;
 -0.014814462, 0.022489872, 0.99963731, 0.40555894;
 0, 0, 0, 1]
Twc:
[0.99985331, -0.0085983071, -0.014814462, -0.0045167306;
 0.0089302743, 0.99970716, 0.022489872, 0.042973157;
 0.014616748, -0.022618869, 0.99963731, -0.40673983;
 0, 0, 0, 1]
Ow:
[0.010077519;
 -0.052199405;
 0.40555894]
Keyframe: 33 Frame: 273 Frame from vFrameID : 274
Tcw:
[0.99965882, 0.025151215, 0.007042815, 0.013249991;
 -0.025080219, 0.99963546, -0.0099939294, -0.054275833;
 -0.0072916071, 0.0098138852, 0.99992526, 0.42627046;
 0, 0, 0, 1]
Twc:
[0.99965882, -0.025080219, -0.0072916071, -0.011498524;
 0.025151215, 0.99963546, 0.0098138852, 0.049739424;
 0.007042815, -0.0099939294, 0.99992526, -0.42687434;
 0, 0, 0, 1]
Ow:
[0.013249991;
 -0.054275833;
 0.42627046]
Keyframe: 34 Frame: 277 Frame from vFrameID : 278
Tcw:
[0.99965703, 0.026008382, 0.0030536375, 0.013781154;
 -0.026010938, 0.99966133, 0.00079996558, -0.055127904;
 -0.0030317975, -0.00087911921, 0.99999499, 0.44390553;
 0, 0, 0, 1]
Twc:
[0.99965703, -0.026010938, -0.0030317975, -0.013864525;
 0.026008382, 0.99966133, -0.00087911921, 0.055141054;
 0.0030536375, 0.00079996558, 0.99999499, -0.44390133;
 0, 0, 0, 1]
Ow:
[0.013781154;
 -0.055127904;
 0.44390553]
Keyframe: 35 Frame: 281 Frame from vFrameID : 282
Tcw:
[0.99956101, 0.023645354, 0.017850216, 0.01258786;
 -0.023568561, 0.99971211, -0.0045003085, -0.056665994;
 -0.017951488, 0.0040776292, 0.99983054, 0.46414617;
 0, 0, 0, 1]
Twc:
[0.99956101, -0.023568561, -0.017951488, -0.0055857566;
 0.023645354, 0.99971211, 0.0040776292, 0.054459419;
 0.017850216, -0.0045003085, 0.99983054, -0.46454722;
 0, 0, 0, 1]
Ow:
[0.01258786;
 -0.056665994;
 0.46414617]
Keyframe: 36 Frame: 286 Frame from vFrameID : 287
Tcw:
[0.99978334, 0.02068105, -0.0023559984, 0.0056442423;
 -0.020771714, 0.99858165, -0.049022298, -0.060071144;
 0.0013388243, 0.049060617, 0.99879491, 0.49123713;
 0, 0, 0, 1]
Twc:
[0.99978334, -0.020771714, 0.0013388243, -0.0075484803;
 0.02068105, 0.99858165, 0.049060617, 0.035768818;
 -0.0023559984, -0.049022298, 0.99879491, -0.49357668;
 0, 0, 0, 1]
Ow:
[0.0056442423;
 -0.060071144;
 0.49123713]
Keyframe: 37 Frame: 290 Frame from vFrameID : 291
Tcw:
[0.999928, -0.0029888668, 0.011620535, 0.0017994125;
 0.0029839391, 0.99999547, 0.00044135892, -0.057990979;
 -0.011621801, -0.00040665217, 0.99993241, 0.5073806;
 0, 0, 0, 1]
Twc:
[0.999928, 0.0029839391, -0.011621801, 0.0042704344;
 -0.0029888668, 0.99999547, -0.00040665217, 0.058202419;
 0.011620535, 0.00044135892, 0.99993241, -0.50734156;
 0, 0, 0, 1]
Ow:
[0.0017994125;
 -0.057990979;
 0.5073806]
Keyframe: 38 Frame: 294 Frame from vFrameID : 295
Tcw:
[0.99924308, -0.014475781, 0.036106307, -0.00079962984;
 0.013723185, 0.99968517, 0.021005366, -0.062453873;
 -0.036399007, -0.020493973, 0.99912715, 0.52712983;
 0, 0, 0, 1]
Twc:
[0.99924308, 0.013723185, -0.036399007, 0.020843094;
 -0.014475781, 0.99968517, -0.020493973, 0.073225617;
 0.036106307, 0.021005366, 0.99912715, -0.52532899;
 0, 0, 0, 1]
Ow:
[-0.00079962984;
 -0.062453873;
 0.52712983]
Keyframe: 39 Frame: 298 Frame from vFrameID : 299
Tcw:
[0.99935222, -0.0099315736, 0.034591027, 0.0014961381;
 0.0091953278, 0.99972916, 0.021378752, -0.063189626;
 -0.034793984, -0.021046827, 0.99917287, 0.54507422;
 0, 0, 0, 1]
Twc:
[0.99935222, 0.0091953278, -0.034793984, 0.018051185;
 -0.0099315736, 0.99972916, -0.021046827, 0.074659459;
 0.034591027, 0.021378752, 0.99917287, -0.54332423;
 0, 0, 0, 1]
Ow:
[0.0014961381;
 -0.063189626;
 0.54507422]
Keyframe: 40 Frame: 302 Frame from vFrameID : 303
Tcw:
[0.99994183, 0.0088460464, 0.0061701555, 0.002668682;
 -0.0088585373, 0.99995875, 0.0020001091, -0.065937251;
 -0.006152208, -0.0020546513, 0.99997896, 0.56696874;
 0, 0, 0, 1]
Twc:
[0.99994183, -0.0088585373, -0.006152208, 0.00023547544;
 0.0088460464, 0.99995875, -0.0020546513, 0.067075849;
 0.0061701555, 0.0020001091, 0.99997896, -0.56684142;
 0, 0, 0, 1]
Ow:
[0.002668682;
 -0.065937251;
 0.56696874]
Keyframe: 41 Frame: 306 Frame from vFrameID : 307
Tcw:
[0.99936819, 0.024484335, -0.025762348, 0.0060466174;
 -0.02471227, 0.99965793, -0.0085666971, -0.067115739;
 0.025543785, 0.0091979308, 0.9996314, 0.58123279;
 0, 0, 0, 1]
Twc:
[0.99936819, -0.02471227, 0.025543785, -0.022548264;
 0.024484335, 0.99965793, 0.0091979308, 0.061598592;
 -0.025762348, -0.0085666971, 0.9996314, -0.58143771;
 0, 0, 0, 1]
Ow:
[0.0060466174;
 -0.067115739;
 0.58123279]
Keyframe: 42 Frame: 310 Frame from vFrameID : 311
Tcw:
[0.99870712, 0.031439174, -0.039945655, 0.0040244292;
 -0.030967195, 0.99944371, 0.012380016, -0.067744553;
 0.040312652, -0.011127005, 0.99912518, 0.59553945;
 0, 0, 0, 1]
Twc:
[0.99870712, -0.030967195, 0.040312652, -0.030124858;
 0.031439174, 0.99944371, -0.011127005, 0.074206918;
 -0.039945655, 0.012380016, 0.99912518, -0.594019;
 0, 0, 0, 1]
Ow:
[0.0040244292;
 -0.067744553;
 0.59553945]
Keyframe: 43 Frame: 314 Frame from vFrameID : 315
Tcw:
[0.99907267, 0.035787717, -0.023937084, 0.0027989447;
 -0.035259273, 0.99913281, 0.022145715, -0.067266315;
 0.024708871, -0.021281173, 0.99946815, 0.61283642;
 0, 0, 0, 1]
Twc:
[0.99907267, -0.035259273, 0.024708871, -0.020310609;
 0.035787717, 0.99913281, -0.021281173, 0.080149695;
 -0.023937084, 0.022145715, 0.99946815, -0.61095387;
 0, 0, 0, 1]
Ow:
[0.0027989447;
 -0.067266315;
 0.61283642]
Keyframe: 44 Frame: 318 Frame from vFrameID : 319
Tcw:
[0.99947912, 0.025436806, -0.019860512, -0.0045562275;
 -0.025134807, 0.99956685, 0.015310325, -0.066896215;
 0.020241356, -0.01480316, 0.99968553, 0.63122374;
 0, 0, 0, 1]
Twc:
[0.99947912, -0.025134807, 0.020241356, -0.0099043911;
 0.025436806, 0.99956685, -0.01480316, 0.076327235;
 -0.019860512, 0.015310325, 0.99968553, -0.63009149;
 0, 0, 0, 1]
Ow:
[-0.0045562275;
 -0.066896215;
 0.63122374]
Keyframe: 45 Frame: 322 Frame from vFrameID : 323
Tcw:
[0.99983394, 0.011722887, -0.013950235, -0.0077726245;
 -0.011497536, 0.99980384, 0.016125964, -0.070105277;
 0.014136542, -0.015962893, 0.99977267, 0.64806861;
 0, 0, 0, 1]
Twc:
[0.99983394, -0.011497536, 0.014136542, -0.0021961525;
 0.011722887, 0.99980384, -0.015962893, 0.080527693;
 -0.013950235, 0.016125964, 0.99977267, -0.64689916;
 0, 0, 0, 1]
Ow:
[-0.0077726245;
 -0.070105277;
 0.64806861]
Keyframe: 46 Frame: 326 Frame from vFrameID : 327
Tcw:
[0.99991137, 0.0055812811, 0.012089017, -0.011407656;
 -0.005776173, 0.99985296, 0.016146934, -0.072342589;
 -0.011997119, -0.01621533, 0.99979657, 0.66849351;
 0, 0, 0, 1]
Twc:
[0.99991137, -0.005776173, -0.011997119, 0.019008778;
 0.0055812811, 0.99985296, -0.01621533, 0.083235465;
 0.012089017, 0.016146934, 0.99979657, -0.66705149;
 0, 0, 0, 1]
Ow:
[-0.011407656;
 -0.072342589;
 0.66849351]
Keyframe: 47 Frame: 330 Frame from vFrameID : 331
Tcw:
[0.99998367, 0.0057143085, 0.00011057808, -0.01317415;
 -0.0057152957, 0.99967784, 0.024730278, -0.073286891;
 3.077399e-05, -0.024730505, 0.99969417, 0.68628025;
 0, 0, 0, 1]
Twc:
[0.99998367, -0.0057152957, 3.077399e-05, 0.012733959;
 0.0057143085, 0.99967784, -0.024730505, 0.090310618;
 0.00011057808, 0.024730278, 0.99969417, -0.68425649;
 0, 0, 0, 1]
Ow:
[-0.01317415;
 -0.073286891;
 0.68628025]
Keyframe: 48 Frame: 334 Frame from vFrameID : 335
Tcw:
[0.99964362, 0.019644151, -0.018076761, -0.012212758;
 -0.019496528, 0.99977541, 0.0083068125, -0.075816356;
 0.018235881, -0.0079514179, 0.99980211, 0.70530385;
 0, 0, 0, 1]
Twc:
[0.99964362, -0.019496528, 0.018235881, -0.0021315878;
 0.019644151, 0.99977541, -0.0079514179, 0.081647404;
 -0.018076761, 0.0083068125, 0.99980211, -0.70475525;
 0, 0, 0, 1]
Ow:
[-0.012212758;
 -0.075816356;
 0.70530385]
Keyframe: 49 Frame: 338 Frame from vFrameID : 339
Tcw:
[0.99936241, 0.023327196, -0.027030615, -0.01014771;
 -0.023390422, 0.99972433, -0.0020252087, -0.077455834;
 0.026975922, 0.0026561748, 0.99963254, 0.71644002;
 0, 0, 0, 1]
Twc:
[0.99936241, -0.023390422, 0.026975922, -0.010997115;
 0.023327196, 0.99972433, 0.0026561748, 0.07576821;
 -0.027030615, -0.0020252087, 0.99963254, -0.71660793;
 0, 0, 0, 1]
Ow:
[-0.01014771;
 -0.077455834;
 0.71644002]
Keyframe: 50 Frame: 342 Frame from vFrameID : 343
Tcw:
[0.99905378, 0.033305347, -0.027968759, -0.013254562;
 -0.03300564, 0.9993934, 0.011109984, -0.080611244;
 0.028321816, -0.010176346, 0.99954706, 0.73403484;
 0, 0, 0, 1]
Twc:
[0.99905378, -0.03300564, 0.028321816, -0.010207801;
 0.033305347, 0.9993934, -0.010176346, 0.088473581;
 -0.027968759, 0.011109984, 0.99954706, -0.73317742;
 0, 0, 0, 1]
Ow:
[-0.013254562;
 -0.080611244;
 0.73403484]
Keyframe: 51 Frame: 346 Frame from vFrameID : 347
Tcw:
[0.99927294, 0.037120391, -0.0086991396, -0.018868456;
 -0.03701647, 0.99924481, 0.011817388, -0.080618098;
 0.009131236, -0.011486785, 0.99989235, 0.75670874;
 0, 0, 0, 1]
Twc:
[0.99927294, -0.03701647, 0.009131236, 0.0089608533;
 0.037120391, 0.99924481, -0.011486785, 0.089949764;
 -0.0086991396, 0.011817388, 0.99989235, -0.75583869;
 0, 0, 0, 1]
Ow:
[-0.018868456;
 -0.080618098;
 0.75670874]
Keyframe: 52 Frame: 350 Frame from vFrameID : 351
Tcw:
[0.99971652, 0.022637468, -0.0073800436, -0.024067817;
 -0.022703454, 0.99970186, -0.0089835431, -0.081950054;
 0.0071744788, 0.0091485484, 0.99993241, 0.77529776;
 0, 0, 0, 1]
Twc:
[0.99971652, -0.022703454, 0.0071744788, 0.016638087;
 0.022637468, 0.99970186, 0.0091485484, 0.075377606;
 -0.0073800436, -0.0089835431, 0.99993241, -0.77615917;
 0, 0, 0, 1]
Ow:
[-0.024067817;
 -0.081950054;
 0.77529776]
Keyframe: 53 Frame: 354 Frame from vFrameID : 355
Tcw:
[0.99991632, 0.0074574179, 0.010569336, -0.026656156;
 -0.0073710764, 0.99993932, -0.0081846146, -0.083826676;
 -0.01062973, 0.0081060231, 0.99991065, 0.78925157;
 0, 0, 0, 1]
Twc:
[0.99991632, -0.0073710764, -0.01062973, 0.034425564;
 0.0074574179, 0.99993932, 0.0081060231, 0.077622682;
 0.010569336, -0.0081846146, 0.99991065, -0.78958541;
 0, 0, 0, 1]
Ow:
[-0.026656156;
 -0.083826676;
 0.78925157]
Keyframe: 54 Frame: 358 Frame from vFrameID : 359
Tcw:
[0.99943376, 0.0008087004, 0.033638507, -0.029657548;
 -0.0008656953, 0.99999821, 0.0016798049, -0.084712178;
 -0.033637092, -0.0017079744, 0.99943268, 0.80518633;
 0, 0, 0, 1]
Twc:
[0.99943376, -0.0008656953, -0.033637092, 0.056651544;
 0.0008087004, 0.99999821, -0.0017079744, 0.086111248;
 0.033638507, 0.0016798049, 0.99943268, -0.80358958;
 0, 0, 0, 1]
Ow:
[-0.029657548;
 -0.084712178;
 0.80518633]
Keyframe: 55 Frame: 362 Frame from vFrameID : 363
Tcw:
[0.99958199, 0.0068991678, 0.028075539, -0.031543147;
 -0.0072970372, 0.99987406, 0.014093689, -0.085503802;
 -0.027974768, -0.014292666, 0.99950647, 0.82436854;
 0, 0, 0, 1]
Twc:
[0.99958199, -0.0072970372, -0.027974768, 0.053967558;
 0.0068991678, 0.99987406, -0.014292666, 0.097493075;
 0.028075539, 0.014093689, 0.99950647, -0.82187098;
 0, 0, 0, 1]
Ow:
[-0.031543147;
 -0.085503802;
 0.82436854]
Keyframe: 56 Frame: 366 Frame from vFrameID : 367
Tcw:
[0.99992085, 0.012566851, 0.00059051428, -0.030127864;
 -0.012572357, 0.99986589, 0.010492851, -0.088421799;
 -0.00045857299, -0.010499445, 0.99994475, 0.8425898;
 0, 0, 0, 1]
Twc:
[0.99992085, -0.012572357, -0.00045857299, 0.0294002;
 0.012566851, 0.99986589, -0.010499445, 0.097635277;
 0.00059051428, 0.010492851, 0.99994475, -0.84159768;
 0, 0, 0, 1]
Ow:
[-0.030127864;
 -0.088421799;
 0.8425898]
Keyframe: 57 Frame: 370 Frame from vFrameID : 371
Tcw:
[0.99953276, 0.029891152, -0.006382165, -0.027114257;
 -0.029806981, 0.99947244, 0.012899599, -0.091454305;
 0.0067643817, -0.01270334, 0.99989641, 0.86103219;
 0, 0, 0, 1]
Twc:
[0.99953276, -0.029806981, 0.0067643817, 0.018551262;
 0.029891152, 0.99947244, -0.01270334, 0.10315452;
 -0.006382165, 0.012899599, 0.99989641, -0.85993636;
 0, 0, 0, 1]
Ow:
[-0.027114257;
 -0.091454305;
 0.86103219]
Keyframe: 58 Frame: 374 Frame from vFrameID : 375
Tcw:
[0.99919516, 0.03980564, -0.004950799, -0.028666917;
 -0.039670713, 0.99890298, 0.024882099, -0.092675984;
 0.0059358156, -0.024665672, 0.99967813, 0.87644875;
 0, 0, 0, 1]
Twc:
[0.99919516, -0.039670713, 0.0059358156, 0.019764885;
 0.03980564, 0.99890298, -0.024665672, 0.11533362;
 -0.004950799, 0.024882099, 0.99967813, -0.87400264;
 0, 0, 0, 1]
Ow:
[-0.028666917;
 -0.092675984;
 0.87644875]
Keyframe: 59 Frame: 378 Frame from vFrameID : 379
Tcw:
[0.99937582, 0.034366731, 0.0081793461, -0.032332193;
 -0.03452038, 0.99921471, 0.019450165, -0.091971599;
 -0.0075044846, -0.019720379, 0.99977738, 0.89284468;
 0, 0, 0, 1]
Twc:
[0.99937582, -0.03452038, -0.0075044846, 0.03583746;
 0.034366731, 0.99921471, -0.019720379, 0.11061776;
 0.0081793461, 0.019450165, 0.99977738, -0.89059258;
 0, 0, 0, 1]
Ow:
[-0.032332193;
 -0.091971599;
 0.89284468]
Keyframe: 60 Frame: 382 Frame from vFrameID : 383
Tcw:
[0.99958348, 0.023609048, 0.016596902, -0.034915823;
 -0.023645885, 0.99971837, 0.0020267179, -0.094101138;
 -0.016544379, -0.002418322, 0.99986023, 0.90692854;
 0, 0, 0, 1]
Twc:
[0.99958348, -0.023645885, -0.016544379, 0.047680747;
 0.023609048, 0.99971837, -0.002418322, 0.097092204;
 0.016596902, 0.0020267179, 0.99986023, -0.90603155;
 0, 0, 0, 1]
Ow:
[-0.034915823;
 -0.094101138;
 0.90692854]
Keyframe: 61 Frame: 386 Frame from vFrameID : 387
Tcw:
[0.99850881, 0.0094544264, 0.053765669, -0.039227795;
 -0.0094969757, 0.99995476, 0.000535945, -0.093230225;
 -0.05375817, -0.0010457571, 0.99855345, 0.92226833;
 0, 0, 0, 1]
Twc:
[0.99850881, -0.0094969757, -0.05375817, 0.087863348;
 0.0094544264, 0.99995476, -0.0010457571, 0.094561353;
 0.053765669, 0.000535945, 0.99855345, -0.91877514;
 0, 0, 0, 1]
Ow:
[-0.039227795;
 -0.093230225;
 0.92226833]
Keyframe: 62 Frame: 390 Frame from vFrameID : 391
Tcw:
[0.997244, 0.0066554691, 0.073892161, -0.040334634;
 -0.0074674943, 0.99991465, 0.010718497, -0.095555067;
 -0.073814519, -0.011240747, 0.99720865, 0.94262248;
 0, 0, 0, 1]
Twc:
[0.997244, -0.0074674943, -0.073814519, 0.10908915;
 0.0066554691, 0.99991465, -0.011240747, 0.10641114;
 0.073892161, 0.010718497, 0.99720865, -0.93598664;
 0, 0, 0, 1]
Ow:
[-0.040334634;
 -0.095555067;
 0.94262248]
Keyframe: 63 Frame: 394 Frame from vFrameID : 395
Tcw:
[0.99866629, 0.0095566753, 0.050737511, -0.04109209;
 -0.010274989, 0.99985039, 0.013915521, -0.096049659;
 -0.050596934, -0.014418289, 0.99861509, 0.96013194;
 0, 0, 0, 1]
Twc:
[0.99866629, -0.010274989, -0.050596934, 0.088630117;
 0.0095566753, 0.99985039, -0.014418289, 0.11027145;
 0.050737511, 0.013915521, 0.99861509, -0.95538074;
 0, 0, 0, 1]
Ow:
[-0.04109209;
 -0.096049659;
 0.96013194]
Keyframe: 64 Frame: 398 Frame from vFrameID : 399
Tcw:
[0.99951637, 0.019143626, 0.024505606, -0.037527815;
 -0.019525256, 0.99969029, 0.015429779, -0.098633461;
 -0.024202636, -0.015900794, 0.99958062, 0.97670293;
 0, 0, 0, 1]
Twc:
[0.99951637, -0.019525256, -0.024202636, 0.059222609;
 0.019143626, 0.99969029, -0.015900794, 0.11485168;
 0.024505606, 0.015429779, 0.99958062, -0.97385174;
 0, 0, 0, 1]
Ow:
[-0.037527815;
 -0.098633461;
 0.97670293]
Keyframe: 65 Frame: 402 Frame from vFrameID : 403
Tcw:
[0.99922574, 0.030801065, 0.024479464, -0.036576431;
 -0.031287428, 0.9993155, 0.019739881, -0.10089224;
 -0.023854697, -0.020490497, 0.9995054, 0.98979062;
 0, 0, 0, 1]
Twc:
[0.99922574, -0.031287428, -0.023854697, 0.057002604;
 0.030801065, 0.9993155, -0.020490497, 0.12223107;
 0.024479464, 0.019739881, 0.9995054, -0.98641413;
 0, 0, 0, 1]
Ow:
[-0.036576431;
 -0.10089224;
 0.98979062]
Keyframe: 66 Frame: 406 Frame from vFrameID : 407
Tcw:
[0.99913698, 0.03801861, 0.016729765, -0.037178487;
 -0.038308665, 0.99911493, 0.017372806, -0.10265212;
 -0.016054468, -0.017998707, 0.99970913, 1.0037924;
 0, 0, 0, 1]
Twc:
[0.99913698, -0.038308665, -0.016054468, 0.049329285;
 0.03801861, 0.99911493, -0.017998707, 0.1220417;
 0.016729765, 0.017372806, 0.99970913, -1.0010951;
 0, 0, 0, 1]
Ow:
[-0.037178487;
 -0.10265212;
 1.0037924]
Keyframe: 67 Frame: 410 Frame from vFrameID : 411
Tcw:
[0.99943328, 0.023260908, 0.024332048, -0.040846884;
 -0.023407646, 0.99970937, 0.0057632052, -0.10010612;
 -0.024190919, -0.006329495, 0.99968731, 1.0193903;
 0, 0, 0, 1]
Twc:
[0.99943328, -0.023407646, -0.024190919, 0.063140474;
 0.023260908, 0.99970937, -0.006329495, 0.1074794;
 0.024332048, 0.0057632052, 0.99968731, -1.0175008;
 0, 0, 0, 1]
Ow:
[-0.040846884;
 -0.10010612;
 1.0193903]
Keyframe: 68 Frame: 414 Frame from vFrameID : 415
Tcw:
[0.99897563, -0.0051171998, 0.04496121, -0.044829991;
 0.0045396602, 0.999906, 0.012938018, -0.10187446;
 -0.045023192, -0.012720657, 0.99890494, 1.0397277;
 0, 0, 0, 1]
Twc:
[0.99897563, 0.0045396602, -0.045023192, 0.092058398;
 -0.0051171998, 0.999906, -0.012720657, 0.1148615;
 0.04496121, 0.012938018, 0.99890494, -1.0352554;
 0, 0, 0, 1]
Ow:
[-0.044829991;
 -0.10187446;
 1.0397277]
Keyframe: 69 Frame: 418 Frame from vFrameID : 419
Tcw:
[0.99801201, -0.0052059488, 0.062808402, -0.044292152;
 0.0039523784, 0.99979085, 0.020066407, -0.10218321;
 -0.062899724, -0.019778274, 0.99782383, 1.0502754;
 0, 0, 0, 1]
Twc:
[0.99801201, 0.0039523784, -0.062899724, 0.11067001;
 -0.0052059488, 0.99979085, -0.019778274, 0.12270389;
 0.062808402, 0.020066407, 0.99782383, -1.0431576;
 0, 0, 0, 1]
Ow:
[-0.044292152;
 -0.10218321;
 1.0502754]
Keyframe: 70 Frame: 422 Frame from vFrameID : 423
Tcw:
[0.99822193, 2.932065e-05, 0.059607163, -0.045628279;
 -0.0018219384, 0.99954766, 0.03001974, -0.10368077;
 -0.05957932, -0.030074961, 0.99777043, 1.0646212;
 0, 0, 0, 1]
Twc:
[0.99822193, -0.0018219384, -0.05957932, 0.10878766;
 2.932065e-05, 0.99954766, -0.030074961, 0.13565364;
 0.059607163, 0.03001974, 0.99777043, -1.0564153;
 0, 0, 0, 1]
Ow:
[-0.045628279;
 -0.10368077;
 1.0646212]
Keyframe: 71 Frame: 426 Frame from vFrameID : 427
Tcw:
[0.99941981, 0.013768531, 0.031152515, -0.041724317;
 -0.014372396, 0.99971151, 0.019243978, -0.10506715;
 -0.030878566, -0.019680548, 0.99932939, 1.0781878;
 0, 0, 0, 1]
Twc:
[0.99941981, -0.014372396, -0.030878566, 0.073482931;
 0.013768531, 0.99971151, -0.019680548, 0.12683064;
 0.031152515, 0.019243978, 0.99932939, -1.0741431;
 0, 0, 0, 1]
Ow:
[-0.041724317;
 -0.10506715;
 1.0781878]
Keyframe: 72 Frame: 430 Frame from vFrameID : 431
Tcw:
[0.99972951, 0.022280512, -0.0066699712, -0.040192906;
 -0.022271065, 0.99975085, 0.0014874855, -0.1080956;
 0.0067014513, -0.0013385358, 0.99997663, 1.0907733;
 0, 0, 0, 1]
Twc:
[0.99972951, -0.022271065, 0.0067014513, 0.030464863;
 0.022280512, 0.99975085, -0.0013385358, 0.11042424;
 -0.0066699712, 0.0014874855, 0.99997663, -1.0908552;
 0, 0, 0, 1]
Ow:
[-0.040192906;
 -0.1080956;
 1.0907733]
Keyframe: 73 Frame: 434 Frame from vFrameID : 435
Tcw:
[0.99922007, 0.035829768, -0.016599083, -0.037380829;
 -0.035664149, 0.9993121, 0.010168453, -0.10744132;
 0.016951999, -0.0095685292, 0.99981052, 1.1034834;
 0, 0, 0, 1]
Twc:
[0.99922007, -0.035664149, 0.016951999, 0.014813619;
 0.035829768, 0.9993121, -0.0095685292, 0.11926547;
 -0.016599083, 0.010168453, 0.99981052, -1.1028024;
 0, 0, 0, 1]
Ow:
[-0.037380829;
 -0.10744132;
 1.1034834]
Keyframe: 74 Frame: 438 Frame from vFrameID : 439
Tcw:
[0.99931884, 0.036489308, -0.0055112052, -0.038832054;
 -0.036396638, 0.99920821, 0.016070878, -0.10912581;
 0.0060932566, -0.015859343, 0.99985564, 1.1180216;
 0, 0, 0, 1]
Twc:
[0.99931884, -0.036396638, 0.0060932566, 0.028021397;
 0.036489308, 0.99920821, -0.015859343, 0.12818743;
 -0.0055112052, 0.016070878, 0.99985564, -1.1163206;
 0, 0, 0, 1]
Ow:
[-0.038832054;
 -0.10912581;
 1.1180216]
Keyframe: 75 Frame: 442 Frame from vFrameID : 443
Tcw:
[0.99977809, 0.017246988, 0.012097772, -0.044174768;
 -0.017373919, 0.9997943, 0.01046669, -0.10804732;
 -0.011914765, -0.010674553, 0.99987203, 1.1344362;
 0, 0, 0, 1]
Twc:
[0.99977809, -0.017373919, -0.011914765, 0.055804297;
 0.017246988, 0.9997943, -0.010674553, 0.12089657;
 0.012097772, 0.01046669, 0.99987203, -1.1326258;
 0, 0, 0, 1]
Ow:
[-0.044174768;
 -0.10804732;
 1.1344362]
Keyframe: 76 Frame: 446 Frame from vFrameID : 447
Tcw:
[0.99943316, 0.005016007, 0.033290338, -0.046487257;
 -0.0050442913, 0.99998701, 0.00076568703, -0.10949533;
 -0.033286065, -0.00093317917, 0.99944544, 1.1486458;
 0, 0, 0, 1]
Twc:
[0.99943316, -0.0050442913, -0.033286065, 0.084142476;
 0.005016007, 0.99998701, -0.00093317917, 0.11079898;
 0.033290338, 0.00076568703, 0.99944544, -1.1463773;
 0, 0, 0, 1]
Ow:
[-0.046487257;
 -0.10949533;
 1.1486458]
Keyframe: 77 Frame: 450 Frame from vFrameID : 451
Tcw:
[0.99856526, 0.0033357586, 0.053444013, -0.047579434;
 -0.0042864927, 0.99983442, 0.017684612, -0.11108953;
 -0.053376175, -0.017888328, 0.99841422, 1.162141;
 0, 0, 0, 1]
Twc:
[0.99856526, -0.0042864927, -0.053376175, 0.10906563;
 0.0033357586, 0.99983442, -0.017888328, 0.13201861;
 0.053444013, 0.017684612, 0.99841422, -1.1557907;
 0, 0, 0, 1]
Ow:
[-0.047579434;
 -0.11108953;
 1.162141]
Keyframe: 78 Frame: 454 Frame from vFrameID : 455
Tcw:
[0.99857247, 0.0031580015, 0.053319849, -0.048312847;
 -0.00433745, 0.99974817, 0.022019044, -0.11237448;
 -0.053236883, -0.022218883, 0.99833471, 1.176639;
 0, 0, 0, 1]
Twc:
[0.99857247, -0.00433745, -0.053236883, 0.11039706;
 0.0031580015, 0.99974817, -0.022218883, 0.13864236;
 0.053319849, 0.022019044, 0.99833471, -1.1696291;
 0, 0, 0, 1]
Ow:
[-0.048312847;
 -0.11237448;
 1.176639]
Keyframe: 79 Frame: 458 Frame from vFrameID : 459
Tcw:
[0.99941152, -0.00078742451, 0.034293175, -0.048652574;
 0.0010203426, 0.99997652, -0.0067749955, -0.11431198;
 -0.034287032, 0.0068059997, 0.99938887, 1.1965327;
 0, 0, 0, 1]
Twc:
[0.99941152, 0.0010203426, -0.034287032, 0.089766137;
 -0.00078742451, 0.99997652, 0.0068059997, 0.10612739;
 0.034293175, -0.0067749955, 0.99938887, -1.1949075;
 0, 0, 0, 1]
Ow:
[-0.048652574;
 -0.11431198;
 1.1965327]
Keyframe: 80 Frame: 462 Frame from vFrameID : 463
Tcw:
[0.99888819, 0.022106664, 0.041637145, -0.043626472;
 -0.022281811, 0.99974471, 0.0037470532, -0.11521394;
 -0.041543681, -0.0046706386, 0.99912578, 1.2096318;
 0, 0, 0, 1]
Twc:
[0.99888819, -0.022281811, -0.041543681, 0.091263354;
 0.022106664, 0.99974471, -0.0046706386, 0.12179871;
 0.041637145, 0.0037470532, 0.99912578, -1.2063261;
 0, 0, 0, 1]
Ow:
[-0.043626472;
 -0.11521394;
 1.2096318]
Keyframe: 81 Frame: 466 Frame from vFrameID : 467
Tcw:
[0.9993301, 0.029052006, 0.022256332, -0.047453143;
 -0.02936776, 0.99947071, 0.013994086, -0.11653715;
 -0.021837996, -0.01463833, 0.99965435, 1.2239103;
 0, 0, 0, 1]
Twc:
[0.9993301, -0.02936776, -0.021837996, 0.070726663;
 0.029052006, 0.99947071, -0.01463833, 0.1357701;
 0.022256332, 0.013994086, 0.99965435, -1.2208004;
 0, 0, 0, 1]
Ow:
[-0.047453143;
 -0.11653715;
 1.2239103]
Keyframe: 82 Frame: 470 Frame from vFrameID : 471
Tcw:
[0.99892324, 0.037565425, 0.027224669, -0.04761824;
 -0.038453817, 0.99871933, 0.03287806, -0.11650753;
 -0.025954725, -0.033889551, 0.99908853, 1.2400593;
 0, 0, 0, 1]
Twc:
[0.99892324, -0.038453817, -0.025954725, 0.075272202;
 0.037565425, 0.99871933, -0.033889551, 0.16017218;
 0.027224669, 0.03287806, 0.99908853, -1.2338021;
 0, 0, 0, 1]
Ow:
[-0.04761824;
 -0.11650753;
 1.2400593]
Keyframe: 83 Frame: 474 Frame from vFrameID : 475
Tcw:
[0.99904191, 0.019488217, 0.039184533, -0.050885566;
 -0.020972598, 0.99906391, 0.037834581, -0.117054;
 -0.038410522, -0.038620137, 0.99851543, 1.2559292;
 0, 0, 0, 1]
Twc:
[0.99904191, -0.020972598, -0.038410522, 0.096622795;
 0.019488217, 0.99906391, -0.038620137, 0.16644025;
 0.039184533, 0.037834581, 0.99851543, -1.2476423;
 0, 0, 0, 1]
Ow:
[-0.050885566;
 -0.117054;
 1.2559292]
Keyframe: 84 Frame: 478 Frame from vFrameID : 479
Tcw:
[0.99818313, 0.014587793, 0.058460072, -0.053099364;
 -0.015852671, 0.99964887, 0.02123154, -0.11846618;
 -0.058129825, -0.022119714, 0.99806392, 1.269946;
 0, 0, 0, 1]
Twc:
[0.99818313, -0.015852671, -0.058129825, 0.12494662;
 0.014587793, 0.99964887, -0.022119714, 0.14729004;
 0.058460072, 0.02123154, 0.99806392, -1.2618679;
 0, 0, 0, 1]
Ow:
[-0.053099364;
 -0.11846618;
 1.269946]
Keyframe: 85 Frame: 482 Frame from vFrameID : 483
Tcw:
[0.99797577, 0.011805845, 0.062489651, -0.056297563;
 -0.01396531, 0.99931628, 0.034233943, -0.11961502;
 -0.062042765, -0.035037335, 0.99745834, 1.2882174;
 0, 0, 0, 1]
Twc:
[0.99797577, -0.01396531, -0.062042765, 0.13443772;
 0.011805845, 0.99931628, -0.035037335, 0.16533358;
 0.062489651, 0.034233943, 0.99745834, -1.2773303;
 0, 0, 0, 1]
Ow:
[-0.056297563;
 -0.11961502;
 1.2882174]
Keyframe: 86 Frame: 487 Frame from vFrameID : 488
Tcw:
[0.9994114, 0.021779662, 0.026503703, -0.055340089;
 -0.022607315, 0.99925309, 0.031339567, -0.12084241;
 -0.025801342, -0.031920299, 0.99915731, 1.3072494;
 0, 0, 0, 1]
Twc:
[0.9994114, -0.022607315, -0.025801342, 0.086304389;
 0.021779662, 0.99925309, -0.031920299, 0.16368525;
 0.026503703, 0.031339567, 0.99915731, -1.300894;
 0, 0, 0, 1]
Ow:
[-0.055340089;
 -0.12084241;
 1.3072494]
Keyframe: 87 Frame: 491 Frame from vFrameID : 492
Tcw:
[0.99914205, 0.031475477, 0.026915789, -0.050957631;
 -0.031958953, 0.99933201, 0.017724948, -0.12278733;
 -0.026339907, -0.018569941, 0.99948055, 1.3217148;
 0, 0, 0, 1]
Twc:
[0.99914205, -0.031958953, -0.026339907, 0.081803605;
 0.031475477, 0.99933201, -0.018569941, 0.14885339;
 0.026915789, 0.017724948, 0.99948055, -1.3174802;
 0, 0, 0, 1]
Ow:
[-0.050957631;
 -0.12278733;
 1.3217148]
Keyframe: 88 Frame: 495 Frame from vFrameID : 496
Tcw:
[0.99912512, 0.035543386, 0.02203873, -0.052174147;
 -0.036214843, 0.99886757, 0.030855948, -0.12606192;
 -0.020917047, -0.031627081, 0.99928087, 1.3380771;
 0, 0, 0, 1]
Twc:
[0.99912512, -0.036214843, -0.020917047, 0.075551808;
 0.035543386, 0.99886757, -0.031627081, 0.17009306;
 0.02203873, 0.030855948, 0.99928087, -1.3320751;
 0, 0, 0, 1]
Ow:
[-0.052174147;
 -0.12606192;
