Keyframe: 0 Frame: 0 Frame from vFrameID : 303
Tcw:
[1, 0, 0, 0;
 0, 1, 0, 0;
 0, 0, 1, 0;
 0, 0, 0, 1]
Twc:
[1, 0, 0, 0;
 0, 1, 0, 0;
 0, 0, 1, 0;
 0, 0, 0, 1]
Ow:
[0;
 0;
 0]
Keyframe: 1 Frame: 302 Frame from vFrameID : 303
Tcw:
[0.99883705, -0.032129984, 0.035946906, -0.015276898;
 0.033043064, 0.99913865, -0.025101747, -0.013355983;
 -0.035109423, 0.026260352, 0.9990384, 0.06327004;
 0, 0, 0, 1]
Twc:
[0.99883705, 0.033043064, -0.035109423, 0.017921831;
 -0.032129984, 0.99913865, 0.026260352, 0.011192138;
 0.035946906, -0.025101747, 0.9990384, -0.0629953;
 0, 0, 0, 1]
Ow:
[-0.015276898;
 -0.013355983;
 0.06327004]
Keyframe: 2 Frame: 303 Frame from vFrameID : 304
Tcw:
[0.99850959, -0.03648952, 0.040584717, -0.014582595;
 0.037674915, 0.99887389, -0.028836792, -0.01473998;
 -0.039486773, 0.03032284, 0.99875987, 0.071314313;
 0, 0, 0, 1]
Twc:
[0.99850959, 0.037674915, -0.039486773, 0.01793216;
 -0.03648952, 0.99887389, 0.03032284, 0.012028817;
 0.040584717, -0.028836792, 0.99875987, -0.0710591;
 0, 0, 0, 1]
Ow:
[-0.014582595;
 -0.01473998;
 0.071314313]
Keyframe: 3 Frame: 304 Frame from vFrameID : 305
Tcw:
[0.99738264, -0.036931977, 0.062160607, -0.017010765;
 0.039405111, 0.99846029, -0.039041802, -0.016854249;
 -0.060623005, 0.041389059, 0.99730223, 0.086865351;
 0, 0, 0, 1]
Twc:
[0.99738264, 0.039405111, -0.060623005, 0.022896424;
 -0.036931977, 0.99846029, 0.041389059, 0.012604781;
 0.062160607, -0.039041802, 0.99730223, -0.086231627;
 0, 0, 0, 1]
Ow:
[-0.017010765;
 -0.016854249;
 0.086865351]
Keyframe: 4 Frame: 306 Frame from vFrameID : 307
Tcw:
[0.99680018, -0.039761782, 0.069342494, -0.01903249;
 0.042551916, 0.99832356, -0.039234716, -0.016613683;
 -0.067666203, 0.042059828, 0.99682105, 0.094255;
 0, 0, 0, 1]
Twc:
[0.99680018, 0.042551916, -0.067666203, 0.026056411;
 -0.039761782, 0.99832356, 0.042059828, 0.011864716;
 0.069342494, -0.039234716, 0.99682105, -0.093287446;
 0, 0, 0, 1]
Ow:
[-0.01903249;
 -0.016613683;
 0.094255]
Keyframe: 5 Frame: 308 Frame from vFrameID : 309
Tcw:
[0.99559593, -0.039199717, 0.085159548, -0.017960886;
 0.040555954, 0.99907559, -0.014253967, -0.017763823;
 -0.084522076, 0.017644918, 0.99626535, 0.11782554;
 0, 0, 0, 1]
Twc:
[0.99559593, 0.040555954, -0.084522076, 0.028561071;
 -0.039199717, 0.99907559, 0.017644918, 0.014964318;
 0.085159548, -0.014253967, 0.99626535, -0.11610916;
 0, 0, 0, 1]
Ow:
[-0.017960886;
 -0.017763823;
 0.11782554]
Keyframe: 6 Frame: 310 Frame from vFrameID : 311
Tcw:
[0.99463618, -0.038605869, 0.095960915, -0.020773394;
 0.039138153, 0.99922705, -0.0036701916, -0.019344339;
 -0.095745049, 0.0074062385, 0.99537832, 0.13539766;
 0, 0, 0, 1]
Twc:
[0.99463618, 0.039138153, -0.095745049, 0.034382727;
 -0.038605869, 0.99922705, 0.0074062385, 0.017524624;
 0.095960915, -0.0036701916, 0.99537832, -0.13284945;
 0, 0, 0, 1]
Ow:
[-0.020773394;
 -0.019344339;
 0.13539766]
Keyframe: 7 Frame: 312 Frame from vFrameID : 313
Tcw:
[0.9948948, -0.042028941, 0.091748908, -0.023938838;
 0.042244695, 0.99910718, -0.00040993679, -0.021523016;
 -0.091649763, 0.0042837486, 0.99578208, 0.15176745;
 0, 0, 0, 1]
Twc:
[0.9948948, 0.042244695, -0.091649763, 0.03863531;
 -0.042028941, 0.99910718, 0.0042837486, 0.019847542;
 0.091748908, -0.00040993679, 0.99578208, -0.14893977;
 0, 0, 0, 1]
Ow:
[-0.023938838;
 -0.021523016;
 0.15176745]
Keyframe: 8 Frame: 314 Frame from vFrameID : 315
Tcw:
[0.99562097, -0.044643931, 0.082133189, -0.021828933;
 0.044766467, 0.99899739, 0.00034990555, -0.022757605;
 -0.082066469, 0.0033284395, 0.99662131, 0.16709174;
 0, 0, 0, 1]
Twc:
[0.99562097, 0.044766467, -0.082066469, 0.036464747;
 -0.044643931, 0.99899739, 0.0033284395, 0.021204107;
 0.082133189, 0.00034990555, 0.99662131, -0.16472635;
 0, 0, 0, 1]
Ow:
[-0.021828933;
 -0.022757605;
 0.16709174]
Keyframe: 9 Frame: 317 Frame from vFrameID : 318
Tcw:
[0.99704331, -0.037613872, 0.067005835, -0.019195233;
 0.039066989, 0.99902612, -0.02050929, -0.03299484;
 -0.066169143, 0.023066366, 0.99754179, 0.19139482;
 0, 0, 0, 1]
Twc:
[0.99704331, 0.039066989, -0.066169143, 0.033091918;
 -0.037613872, 0.99902612, 0.023066366, 0.027825916;
 0.067005835, -0.02050929, 0.99754179, -0.19031483;
 0, 0, 0, 1]
Ow:
[-0.019195233;
 -0.03299484;
 0.19139482]
Keyframe: 10 Frame: 320 Frame from vFrameID : 321
Tcw:
[0.99760866, -0.033559952, 0.060421385, -0.017563391;
 0.036172409, 0.99843395, -0.042675469, -0.034092665;
 -0.058894575, 0.044759005, 0.99726027, 0.2069481;
 0, 0, 0, 1]
Twc:
[0.99760866, 0.036172409, -0.058894575, 0.030942725;
 -0.033559952, 0.99843395, 0.044759005, 0.024187058;
 0.060421385, -0.042675469, 0.99726027, -0.20677485;
 0, 0, 0, 1]
Ow:
[-0.017563391;
 -0.034092665;
 0.2069481]
Keyframe: 11 Frame: 323 Frame from vFrameID : 324
Tcw:
[0.99746162, -0.025026927, 0.066662975, -0.016368078;
 0.02674111, 0.99933106, -0.02494707, -0.037337083;
 -0.065994032, 0.026666388, 0.99746364, 0.22488372;
 0, 0, 0, 1]
Twc:
[0.99746162, 0.02674111, -0.065994032, 0.032165952;
 -0.025026927, 0.99933106, 0.026666388, 0.030905625;
 0.066662975, -0.02494707, 0.99746364, -0.22415364;
 0, 0, 0, 1]
Ow:
[-0.016368078;
 -0.037337083;
 0.22488372]
Keyframe: 12 Frame: 326 Frame from vFrameID : 327
Tcw:
[0.99750334, -0.016483596, 0.068668909, -0.016088903;
 0.017055742, 0.99982446, -0.0077539692, -0.041908786;
 -0.06852904, 0.0089058094, 0.99760938, 0.24352059;
 0, 0, 0, 1]
Twc:
[0.99750334, 0.017055742, -0.06852904, 0.033451751;
 -0.016483596, 0.99982446, 0.0089058094, 0.03946748;
 0.068668909, -0.0077539692, 0.99760938, -0.24215858;
 0, 0, 0, 1]
Ow:
[-0.016088903;
 -0.041908786;
 0.24352059]
Keyframe: 13 Frame: 329 Frame from vFrameID : 330
Tcw:
[0.99688154, -0.029096747, 0.073352233, -0.021921825;
 0.029279679, 0.99957025, -0.0014195794, -0.042216115;
 -0.073279411, 0.0035628823, 0.9973051, 0.26863074;
 0, 0, 0, 1]
Twc:
[0.99688154, 0.029279679, -0.073279411, 0.04277464;
 -0.029096747, 0.99957025, 0.0035628823, 0.040603019;
 0.073352233, -0.0014195794, 0.9973051, -0.26635873;
 0, 0, 0, 1]
Ow:
[-0.021921825;
 -0.042216115;
 0.26863074]
Keyframe: 14 Frame: 332 Frame from vFrameID : 333
Tcw:
[0.99635631, -0.033173356, 0.078572616, -0.030003659;
 0.032924466, 0.99944788, 0.0044613923, -0.0450476;
 -0.07867723, -0.001858175, 0.99689841, 0.28945851;
 0, 0, 0, 1]
Twc:
[0.99635631, 0.032924466, -0.07867723, 0.0541513;
 -0.033173356, 0.99944788, -0.001858175, 0.044565272;
 0.078572616, 0.0044613923, 0.99689841, -0.28600231;
 0, 0, 0, 1]
Ow:
[-0.030003659;
 -0.0450476;
 0.28945851]
Keyframe: 15 Frame: 335 Frame from vFrameID : 336
Tcw:
[0.99532574, -0.035623152, 0.089764111, -0.033488244;
 0.035282232, 0.99936289, 0.0053823208, -0.049242593;
 -0.089898661, -0.0021900842, 0.99594849, 0.31052014;
 0, 0, 0, 1]
Twc:
[0.99532574, 0.035282232, -0.089898661, 0.062984444;
 -0.035623152, 0.99936289, -0.0021900842, 0.048698332;
 0.089764111, 0.0053823208, 0.99594849, -0.30599099;
 0, 0, 0, 1]
Ow:
[-0.033488244;
 -0.049242593;
 0.31052014]
Keyframe: 16 Frame: 338 Frame from vFrameID : 339
Tcw:
[0.99333912, -0.053013787, 0.10230806, -0.040651944;
 0.052048199, 0.99857146, 0.01208647, -0.052258812;
 -0.10280265, -0.0066810134, 0.99467933, 0.3364093;
 0, 0, 0, 1]
Twc:
[0.99333912, 0.052048199, -0.10280265, 0.077684909;
 -0.053013787, 0.99857146, -0.0066810134, 0.0522766;
 0.10230806, 0.01208647, 0.99467933, -0.32982874;
 0, 0, 0, 1]
Ow:
[-0.040651944;
 -0.052258812;
 0.3364093]
Keyframe: 17 Frame: 341 Frame from vFrameID : 342
Tcw:
[0.99205738, -0.055539712, 0.11286046, -0.040475093;
 0.053632446, 0.99836308, 0.019868193, -0.056439094;
 -0.11377919, -0.013657406, 0.9934122, 0.35175046;
 0, 0, 0, 1]
Twc:
[0.99205738, 0.053632446, -0.11377919, 0.083202459;
 -0.055539712, 0.99836308, -0.013657406, 0.058902729;
 0.11286046, 0.019868193, 0.9934122, -0.34374383;
 0, 0, 0, 1]
Ow:
[-0.040475093;
 -0.056439094;
 0.35175046]
Keyframe: 18 Frame: 344 Frame from vFrameID : 345
Tcw:
[0.99125129, -0.048684202, 0.12268139, -0.042198531;
 0.047671456, 0.99880052, 0.011178643, -0.059493005;
 -0.12307846, -0.0052324445, 0.99238312, 0.3735553;
 0, 0, 0, 1]
Twc:
[0.99125129, 0.047671456, -0.12307846, 0.090642087;
 -0.048684202, 0.99880052, -0.0052324445, 0.059321854;
 0.12268139, 0.011178643, 0.99238312, -0.36486799;
 0, 0, 0, 1]
Ow:
[-0.042198531;
 -0.059493005;
 0.3735553]
Keyframe: 19 Frame: 347 Frame from vFrameID : 348
Tcw:
[0.99454778, -0.045906428, 0.093633719, -0.040971398;
 0.045899965, 0.99894357, 0.0022237834, -0.063636795;
 -0.093636885, 0.0020861258, 0.99560422, 0.40335616;
 0, 0, 0, 1]
Twc:
[0.99454778, 0.045899965, -0.093636885, 0.08143796;
 -0.045906428, 0.99894357, 0.0020861258, 0.060847264;
 0.093633719, 0.0022237834, 0.99560422, -0.3976053;
 0, 0, 0, 1]
Ow:
[-0.040971398;
 -0.063636795;
 0.40335616]
Keyframe: 20 Frame: 350 Frame from vFrameID : 351
Tcw:
[0.9967376, -0.039107189, 0.070603237, -0.038744777;
 0.040962417, 0.99884731, -0.025022535, -0.071489416;
 -0.069543295, 0.027832981, 0.99719059, 0.424263;
 0, 0, 0, 1]
Twc:
[0.9967376, 0.040962417, -0.069543295, 0.071051396;
 -0.039107189, 0.99884731, 0.027832981, 0.058083311;
 0.070603237, -0.025022535, 0.99719059, -0.42212442;
 0, 0, 0, 1]
Ow:
[-0.038744777;
 -0.071489416;
 0.424263]
Keyframe: 21 Frame: 354 Frame from vFrameID : 355
Tcw:
[0.99769408, -0.031685352, 0.060021475, -0.037865214;
 0.033344977, 0.9990831, -0.026853457, -0.072079897;
 -0.059115577, 0.028792949, 0.99783581, 0.44630826;
 0, 0, 0, 1]
Twc:
[0.99769408, 0.033344977, -0.059115577, 0.066565171;
 -0.031685352, 0.9990831, 0.028792949, 0.057963498;
 0.060021475, -0.026853457, 0.99783581, -0.44500521;
 0, 0, 0, 1]
Ow:
[-0.037865214;
 -0.072079897;
 0.44630826]
Keyframe: 22 Frame: 358 Frame from vFrameID : 359
Tcw:
[0.99857199, -0.014434475, 0.05143613, -0.039809849;
 0.014637934, 0.99988645, -0.0035810242, -0.074595951;
 -0.0513786, 0.0043288292, 0.99866986, 0.47256052;
 0, 0, 0, 1]
Twc:
[0.99857199, 0.014637934, -0.0513786, 0.06512443;
 -0.014434475, 0.99988645, 0.0043288292, 0.071967214;
 0.05143613, -0.0035810242, 0.99866986, -0.47015142;
 0, 0, 0, 1]
Ow:
[-0.039809849;
 -0.074595951;
 0.47256052]
Keyframe: 23 Frame: 362 Frame from vFrameID : 363
Tcw:
[0.99807566, -0.019114416, 0.058987722, -0.048660625;
 0.018864617, 0.99981058, 0.0047887894, -0.078513376;
 -0.059068084, -0.0036667935, 0.99824721, 0.51009059;
 0, 0, 0, 1]
Twc:
[0.99807566, 0.018864617, -0.059068084, 0.080178186;
 -0.019114416, 0.99981058, -0.0036667935, 0.079438791;
 0.058987722, 0.0047887894, 0.99824721, -0.50595015;
 0, 0, 0, 1]
Ow:
[-0.048660625;
 -0.078513376;
 0.51009059]
Keyframe: 24 Frame: 365 Frame from vFrameID : 366
Tcw:
[0.99688703, -0.03882372, 0.068622068, -0.055912551;
 0.040150389, 0.99903041, -0.01806012, -0.084312931;
 -0.067854375, 0.020759102, 0.99747926, 0.53115982;
 0, 0, 0, 1]
Twc:
[0.99688703, 0.040150389, -0.067854375, 0.095165208;
 -0.03882372, 0.99903041, 0.020759102, 0.071034051;
 0.068622068, -0.01806012, 0.99747926, -0.52750677;
 0, 0, 0, 1]
Ow:
[-0.055912551;
 -0.084312931;
 0.53115982]
Keyframe: 25 Frame: 367 Frame from vFrameID : 368
Tcw:
[0.99582833, -0.047461085, 0.077931568, -0.0608791;
 0.049431883, 0.99849969, -0.023556473, -0.08696866;
 -0.076696627, 0.027310507, 0.99668038, 0.54395962;
 0, 0, 0, 1]
Twc:
[0.99582833, 0.049431883, -0.076696627, 0.10664403;
 -0.047461085, 0.99849969, 0.027310507, 0.069092974;
 0.077931568, -0.023556473, 0.99668038, -0.53945816;
 0, 0, 0, 1]
Ow:
[-0.0608791;
 -0.08696866;
 0.54395962]
Keyframe: 26 Frame: 371 Frame from vFrameID : 372
Tcw:
[0.9929496, -0.051883563, 0.10657942, -0.063416958;
 0.053564727, 0.99848014, -0.012970303, -0.093494423;
 -0.10574449, 0.018587755, 0.9942196, 0.57595319;
 0, 0, 0, 1]
Twc:
[0.9929496, 0.053564727, -0.10574449, 0.12888172;
 -0.051883563, 0.99848014, 0.018587755, 0.07935635;
 0.10657942, -0.012970303, 0.9942196, -0.5670777;
 0, 0, 0, 1]
Ow:
[-0.063416958;
 -0.093494423;
 0.57595319]
Keyframe: 27 Frame: 375 Frame from vFrameID : 376
Tcw:
[0.99282652, -0.052092191, 0.10761948, -0.067963429;
 0.053573508, 0.99850422, -0.01091741, -0.096762851;
 -0.10688979, 0.016604647, 0.99413222, 0.60167515;
 0, 0, 0, 1]
Twc:
[0.99282652, 0.053573508, -0.10688979, 0.13697274;
 -0.052092191, 0.99850422, 0.016604647, 0.083087146;
 0.10761948, -0.01091741, 0.99413222, -0.59188682;
 0, 0, 0, 1]
Ow:
[-0.067963429;
 -0.096762851;
 0.60167515]
Keyframe: 28 Frame: 379 Frame from vFrameID : 380
Tcw:
[0.99670702, -0.040638745, 0.07016848, -0.066498771;
 0.040826593, 0.99916548, -0.001244401, -0.1024854;
 -0.070059352, 0.0041050431, 0.99753439, 0.6388973;
 0, 0, 0, 1]
Twc:
[0.99670702, 0.040826593, -0.070059352, 0.11522465;
 -0.040638745, 0.99916548, 0.0041050431, 0.097074747;
 0.07016848, -0.001244401, 0.99753439, -0.63278347;
 0, 0, 0, 1]
Ow:
[-0.066498771;
 -0.1024854;
 0.6388973]
Keyframe: 29 Frame: 383 Frame from vFrameID : 384
Tcw:
[0.99806517, -0.040808327, 0.046910495, -0.062370658;
 0.041682158, 0.9989723, -0.017802406, -0.10758194;
 -0.046135798, 0.019723292, 0.99874043, 0.66274524;
 0, 0, 0, 1]
Twc:
[0.99806517, 0.041682158, -0.046135798, 0.097310506;
 -0.040808327, 0.9989723, 0.019723292, 0.091854617;
 0.046910495, -0.017802406, 0.99874043, -0.66089988;
 0, 0, 0, 1]
Ow:
[-0.062370658;
 -0.10758194;
 0.66274524]
Keyframe: 30 Frame: 387 Frame from vFrameID : 388
Tcw:
[0.99837506, -0.026985921, 0.050189603, -0.061508104;
 0.028194809, 0.99932534, -0.023536326, -0.11046699;
 -0.049520593, 0.024913168, 0.99846232, 0.68638021;
 0, 0, 0, 1]
Twc:
[0.99837506, 0.028194809, -0.049520593, 0.098512709;
 -0.026985921, 0.99932534, 0.024913168, 0.091632709;
 0.050189603, -0.023536326, 0.99846232, -0.6848377;
 0, 0, 0, 1]
Ow:
[-0.061508104;
 -0.11046699;
 0.68638021]
Keyframe: 31 Frame: 391 Frame from vFrameID : 392
Tcw:
[0.99853957, -0.018396504, 0.050796509, -0.064605281;
 0.019203681, 0.99969625, -0.015448282, -0.1124315;
 -0.050496884, 0.016401201, 0.99858952, 0.71389604;
 0, 0, 0, 1]
Twc:
[0.99853957, 0.019203681, -0.050496884, 0.10271955;
 -0.018396504, 0.99969625, 0.016401201, 0.099500075;
 0.050796509, -0.015448282, 0.99858952, -0.71134424;
 0, 0, 0, 1]
Ow:
[-0.064605281;
 -0.1124315;
 0.71389604]
Keyframe: 32 Frame: 395 Frame from vFrameID : 396
Tcw:
[0.99762106, -0.041838504, 0.054788712, -0.071790315;
 0.042823922, 0.9989391, -0.016936479, -0.118485;
 -0.054021988, 0.019242454, 0.99835432, 0.74116993;
 0, 0, 0, 1]
Twc:
[0.99762106, 0.042823922, -0.054021988, 0.11673299;
 -0.041838504, 0.9989391, 0.019242454, 0.10109376;
 0.054788712, -0.016936479, 0.99835432, -0.73802364;
 0, 0, 0, 1]
Ow:
[-0.071790315;
 -0.118485;
 0.74116993]
Keyframe: 33 Frame: 399 Frame from vFrameID : 400
Tcw:
[0.99592543, -0.053873289, 0.07232023, -0.078012675;
 0.056457452, 0.9978199, -0.034175362, -0.12769899;
 -0.070321426, 0.038119126, 0.99679577, 0.76858318;
 0, 0, 0, 1]
Twc:
[0.99592543, 0.056457452, -0.070321426, 0.13895223;
 -0.053873289, 0.9978199, 0.038119126, 0.093920074;
 0.07232023, -0.034175362, 0.99679577, -0.76484269;
 0, 0, 0, 1]
Ow:
[-0.078012675;
 -0.12769899;
 0.76858318]
Keyframe: 34 Frame: 403 Frame from vFrameID : 404
Tcw:
[0.99482667, -0.051486254, 0.087573215, -0.078730166;
 0.053265814, 0.99841624, -0.018105319, -0.1325289;
 -0.086502343, 0.022676313, 0.99599355, 0.7905708;
 0, 0, 0, 1]
Twc:
[0.99482667, 0.053265814, -0.086502343, 0.15376836;
 -0.051486254, 0.99841624, 0.022676313, 0.11033826;
 0.087573215, -0.018105319, 0.99599355, -0.78290826;
 0, 0, 0, 1]
Ow:
[-0.078730166;
 -0.1325289;
 0.7905708]
Keyframe: 35 Frame: 407 Frame from vFrameID : 408
Tcw:
[0.99589503, -0.056544125, 0.070681304, -0.077384979;
 0.057998959, 0.99814147, -0.018701419, -0.13455886;
 -0.069492482, 0.022724092, 0.99732363, 0.82079625;
 0, 0, 0, 1]
Twc:
[0.99589503, 0.057998959, -0.069492482, 0.14191076;
 -0.056544125, 0.99814147, 0.022724092, 0.11128126;
 0.070681304, -0.018701419, 0.99732363, -0.81564623;
 0, 0, 0, 1]
Ow:
[-0.077384979;
 -0.13455886;
 0.82079625]
Keyframe: 36 Frame: 410 Frame from vFrameID : 411
Tcw:
[0.99700928, -0.046702873, 0.06157342, -0.073832273;
 0.047187142, 0.99886537, -0.0064335908, -0.13533978;
 -0.061203089, 0.0093198232, 0.9980818, 0.83376741;
 0, 0, 0, 1]
Twc:
[0.99700928, 0.047187142, -0.061203089, 0.13102691;
 -0.046702873, 0.99886537, 0.0093198232, 0.12396747;
 0.06157342, -0.0064335908, 0.9980818, -0.82849276;
 0, 0, 0, 1]
Ow:
[-0.073832273;
 -0.13533978;
 0.83376741]
Keyframe: 37 Frame: 414 Frame from vFrameID : 415
Tcw:
[0.99842584, -0.03682512, 0.042305119, -0.067582771;
 0.037727147, 0.99907315, -0.020724932, -0.14298543;
 -0.04150271, 0.022288358, 0.99888974, 0.86449003;
 0, 0, 0, 1]
Twc:
[0.99842584, 0.037727147, -0.04150271, 0.10874951;
 -0.03682512, 0.99907315, 0.022288358, 0.12109609;
 0.042305119, -0.020724932, 0.99888974, -0.86363453;
 0, 0, 0, 1]
Ow:
[-0.067582771;
 -0.14298543;
 0.86449003]
Keyframe: 38 Frame: 418 Frame from vFrameID : 419
Tcw:
[0.99862981, -0.035668995, 0.038290873, -0.063646495;
 0.036276013, 0.99922502, -0.015276682, -0.14439999;
 -0.037716296, 0.016644791, 0.99914986, 0.88682866;
 0, 0, 0, 1]
Twc:
[0.99862981, 0.036276013, -0.037716296, 0.10224544;
 -0.035668995, 0.99922502, 0.016644791, 0.12725678;
 0.038290873, -0.015276682, 0.99914986, -0.88584363;
 0, 0, 0, 1]
Ow:
[-0.063646495;
 -0.14439999;
 0.88682866]
Keyframe: 39 Frame: 422 Frame from vFrameID : 423
Tcw:
[0.99853182, -0.031511046, 0.04405963, -0.061950665;
 0.032009695, 0.99943072, -0.010658093, -0.14680275;
 -0.043698702, 0.01205278, 0.99897206, 0.91972762;
 0, 0, 0, 1]
Twc:
[0.99853182, 0.032009695, -0.043698702, 0.10674973;
 -0.031511046, 0.99943072, 0.01205278, 0.13368177;
 0.04405963, -0.010658093, 0.99897206, -0.91761726;
 0, 0, 0, 1]
Ow:
[-0.061950665;
 -0.14680275;
 0.91972762]
Keyframe: 40 Frame: 426 Frame from vFrameID : 427
Tcw:
[0.99747682, -0.043987498, 0.055723317, -0.065926909;
 0.044858642, 0.99888837, -0.014479684, -0.15028743;
 -0.055024449, 0.016942821, 0.99834126, 0.94791895;
 0, 0, 0, 1]
Twc:
[0.99747682, 0.044858642, -0.055024449, 0.12466098;
 -0.043987498, 0.99888837, 0.016942821, 0.13116001;
 0.055723317, -0.014479684, 0.99834126, -0.94484901;
 0, 0, 0, 1]
Ow:
[-0.065926909;
 -0.15028743;
 0.94791895]
Keyframe: 41 Frame: 430 Frame from vFrameID : 431
Tcw:
[0.99664962, -0.043219589, 0.069437325, -0.062552586;
 0.04532776, 0.99854892, -0.029076876, -0.15104736;
 -0.068079874, 0.032126896, 0.99716246, 0.97064632;
 0, 0, 0, 1]
Twc:
[0.99664962, 0.04532776, -0.068079874, 0.13527113;
 -0.043219589, 0.99854892, 0.032126896, 0.11694082;
 0.069437325, -0.029076876, 0.99716246, -0.96794063;
 0, 0, 0, 1]
Ow:
[-0.062552586;
 -0.15104736;
 0.97064632]
Keyframe: 42 Frame: 434 Frame from vFrameID : 435
Tcw:
[0.99425715, -0.040612862, 0.099011838, -0.063014083;
 0.04230262, 0.99899185, -0.015026115, -0.15312818;
 -0.098301761, 0.019128282, 0.99497283, 0.9918645;
 0, 0, 0, 1]
Twc:
[0.99425715, 0.04230262, -0.098301761, 0.16663195;
 -0.040612862, 0.99899185, 0.019128282, 0.13144197;
 0.099011838, -0.015026115, 0.99497283, -0.98293996;
 0, 0, 0, 1]
Ow:
[-0.063014083;
 -0.15312818;
 0.9918645]
Keyframe: 43 Frame: 438 Frame from vFrameID : 439
Tcw:
[0.99495018, -0.034457102, 0.09427008, -0.064041615;
 0.036307193, 0.99917889, -0.017980644, -0.15797238;
 -0.093573116, 0.021312527, 0.99538428, 1.0144237;
 0, 0, 0, 1]
Twc:
[0.99495018, 0.036307193, -0.093573116, 0.16437654;
 -0.034457102, 0.99917889, 0.021312527, 0.13401605;
 0.09427008, -0.017980644, 0.99538428, -1.0065447;
 0, 0, 0, 1]
Ow:
[-0.064041615;
 -0.15797238;
 1.0144237]
Keyframe: 44 Frame: 442 Frame from vFrameID : 443
Tcw:
[0.99787527, -0.032371979, 0.056542084, -0.059768971;
 0.033300795, 0.9993242, -0.015562464, -0.16016412;
 -0.056000084, 0.017412296, 0.99827892, 1.0377575;
 0, 0, 0, 1]
Twc:
[0.99787527, 0.033300795, -0.056000084, 0.12309007;
 -0.032371979, 0.9993242, 0.017412296, 0.14005131;
 0.056542084, -0.015562464, 0.99827892, -1.0350845;
 0, 0, 0, 1]
Ow:
[-0.059768971;
 -0.16016412;
 1.0377575]
Keyframe: 45 Frame: 446 Frame from vFrameID : 447
Tcw:
[0.99986619, -0.011482042, 0.01165346, -0.050747886;
 0.012002508, 0.9988867, -0.045621011, -0.16632569;
 -0.011116664, 0.045754775, 0.99889082, 1.0673727;
 0, 0, 0, 1]
Twc:
[0.99986619, 0.012002508, -0.011116664, 0.064603038;
 -0.011482042, 0.9988867, 0.045754775, 0.11672044;
 0.01165346, -0.045621011, 0.99889082, -1.0731853;
 0, 0, 0, 1]
Ow:
[-0.050747886;
 -0.16632569;
 1.0673727]
Keyframe: 46 Frame: 450 Frame from vFrameID : 451
Tcw:
[0.99972677, -0.023020281, 0.0040621981, -0.049046941;
 0.023090119, 0.99956995, -0.018075991, -0.17579246;
 -0.0036443367, 0.018164849, 0.99982834, 1.0908148;
 0, 0, 0, 1]
Twc:
[0.99972677, 0.023090119, -0.0036443367, 0.057067901;
 -0.023020281, 0.99956995, 0.018164849, 0.15477329;
 0.0040621981, -0.018075991, 0.99982834, -1.093606;
 0, 0, 0, 1]
Ow:
[-0.049046941;
 -0.17579246;
 1.0908148]
Keyframe: 47 Frame: 454 Frame from vFrameID : 455
Tcw:
[0.99922305, -0.01455182, 0.036627483, -0.05289612;
 0.01565939, 0.99942315, -0.030135799, -0.1755095;
 -0.036167823, 0.03068595, 0.99887449, 1.1209809;
 0, 0, 0, 1]
Twc:
[0.99922305, 0.01565939, -0.036167823, 0.096146829;
 -0.01455182, 0.99942315, 0.03068595, 0.14024016;
 0.036627483, -0.030135799, 0.99887449, -1.1230708;
 0, 0, 0, 1]
Ow:
[-0.05289612;
 -0.1755095;
 1.1209809]
Keyframe: 48 Frame: 458 Frame from vFrameID : 459
Tcw:
[0.9975996, -0.0435086, 0.053870615, -0.064322062;
 0.044473819, 0.99886847, -0.016849522, -0.17638606;
 -0.053076558, 0.019204907, 0.99840575, 1.1476318;
 0, 0, 0, 1]
Twc:
[0.9975996, 0.044473819, -0.053076558, 0.13292457;
 -0.0435086, 0.99886847, 0.019204907, 0.15134774;
 0.053870615, -0.016849522, 0.99840575, -1.1453091;
 0, 0, 0, 1]
Ow:
[-0.064322062;
 -0.17638606;
 1.1476318]
Keyframe: 49 Frame: 462 Frame from vFrameID : 463
Tcw:
[0.99716085, -0.042835727, 0.061930519, -0.070900232;
 0.044162728, 0.99881971, -0.020218987, -0.17861587;
 -0.060991332, 0.022896603, 0.99787563, 1.17457;
 0, 0, 0, 1]
Twc:
[0.99716085, 0.044162728, -0.060991332, 0.15022568;
 -0.042835727, 0.99881971, 0.022896603, 0.14847434;
 0.061930519, -0.020218987, 0.99787563, -1.1712953;
 0, 0, 0, 1]
Ow:
[-0.070900232;
 -0.17861587;
 1.17457]
Keyframe: 50 Frame: 466 Frame from vFrameID : 467
Tcw:
[0.99520487, -0.054388143, 0.081296787, -0.076469667;
 0.055334289, 0.99842334, -0.0094291996, -0.18214287;
 -0.080655776, 0.013882486, 0.99664533, 1.201143;
 0, 0, 0, 1]
Twc:
[0.99520487, 0.055334289, -0.080655776, 0.18306085;
 -0.054388143, 0.99842334, 0.013882486, 0.1610218;
 0.081296787, -0.0094291996, 0.99664533, -1.1926143;
 0, 0, 0, 1]
Ow:
[-0.076469667;
 -0.18214287;
 1.201143]
Keyframe: 51 Frame: 470 Frame from vFrameID : 471
Tcw:
[0.99502367, -0.043163296, 0.089804418, -0.082045846;
 0.043426666, 0.99905616, -0.00097997196, -0.18280016;
 -0.089677356, 0.0048750015, 0.99595892, 1.2286965;
 0, 0, 0, 1]
Twc:
[0.99502367, 0.043426666, -0.089677356, 0.19976223;
 -0.043163296, 0.99905616, 0.0048750015, 0.17309634;
 0.089804418, -0.00097997196, 0.99595892, -1.2165424;
 0, 0, 0, 1]
Ow:
[-0.082045846;
 -0.18280016;
 1.2286965]
Keyframe: 52 Frame: 476 Frame from vFrameID : 477
Tcw:
[0.99833393, -0.026994403, 0.050996743, -0.080189608;
 0.028568869, 0.99912941, -0.030401332, -0.18752575;
 -0.050131679, 0.031807601, 0.998236, 1.2705071;
 0, 0, 0, 1]
Twc:
[0.99833393, 0.028568869, -0.050131679, 0.14910606;
 -0.026994403, 0.99912941, 0.031807601, 0.14478603;
 0.050996743, -0.030401332, 0.998236, -1.2698776;
 0, 0, 0, 1]
Ow:
[-0.080189608;
 -0.18752575;
 1.2705071]
Keyframe: 53 Frame: 480 Frame from vFrameID : 481
Tcw:
[0.99934268, -0.013964237, 0.033455119, -0.081579976;
 0.014353442, 0.99983174, -0.011421868, -0.19189224;
 -0.033289991, 0.011894556, 0.99937493, 1.3011103;
 0, 0, 0, 1]
Twc:
[0.99934268, 0.014353442, -0.033289991, 0.12759461;
 -0.013964237, 0.99983174, 0.011894556, 0.17524461;
 0.033455119, -0.011421868, 0.99937493, -1.2997595;
 0, 0, 0, 1]
Ow:
[-0.081579976;
 -0.19189224;
 1.3011103]
Keyframe: 54 Frame: 484 Frame from vFrameID : 485
Tcw:
[0.99959362, -0.0028471169, 0.028363101, -0.084621891;
 0.0029557913, 0.99998844, -0.0037903471, -0.19795419;
 -0.028351983, 0.0038726423, 0.99959052, 1.3273168;
 0, 0, 0, 1]
Twc:
[0.99959362, 0.0029557913, -0.028351983, 0.12280468;
 -0.0028471169, 0.99998844, 0.0038726423, 0.19257075;
 0.028363101, -0.0037903471, 0.99959052, -1.3251234;
 0, 0, 0, 1]
Ow:
[-0.084621891;
 -0.19795419;
 1.3273168]
Keyframe: 55 Frame: 488 Frame from vFrameID : 489
Tcw:
[0.99936306, -0.0085386029, 0.034648355, -0.096336126;
 0.0089597581, 0.99988765, -0.012018112, -0.20277157;
 -0.034541845, 0.012320898, 0.9993273, 1.3614775;
 0, 0, 0, 1]
Twc:
[0.99936306, 0.0089597581, -0.034541845, 0.1451195;
 -0.0085386029, 0.99988765, 0.012320898, 0.18515159;
 0.034648355, -0.012018112, 0.9993273, -1.3596607;
 0, 0, 0, 1]
Ow:
[-0.096336126;
 -0.20277157;
 1.3614775]
Keyframe: 56 Frame: 492 Frame from vFrameID : 493
Tcw:
[0.99827081, -0.021386079, 0.054754354, -0.1040447;
 0.022220548, 0.99964535, -0.014676989, -0.2038276;
 -0.054421052, 0.015868282, 0.99839199, 1.3868592;
 0, 0, 0, 1]
Twc:
[0.99827081, 0.022220548, -0.054421052, 0.18386829;
 -0.021386079, 0.99964535, 0.015868282, 0.17952314;
 0.054754354, -0.014676989, 0.99839199, -1.3819238;
 0, 0, 0, 1]
Ow:
[-0.1040447;
 -0.2038276;
 1.3868592]
Keyframe: 57 Frame: 496 Frame from vFrameID : 497
Tcw:
[0.99654025, -0.026457857, 0.078787662, -0.10365364;
 0.026811298, 0.99963462, -0.0034313535, -0.21059333;
 -0.078668088, 0.0055318815, 0.99688554, 1.4138043;
 0, 0, 0, 1]
Twc:
[0.99654025, 0.026811298, -0.078668088, 0.22016259;
 -0.026457857, 0.99963462, 0.0055318815, 0.19995293;
 0.078787662, -0.0034313535, 0.99688554, -1.401957;
 0, 0, 0, 1]
Ow:
[-0.10365364;
 -0.21059333;
 1.4138043]
Keyframe: 58 Frame: 500 Frame from vFrameID : 501
Tcw:
[0.99646378, -0.014480044, 0.082766607, -0.10545817;
 0.014578419, 0.99989355, -0.00058432878, -0.21422118;
 -0.08274933, 0.0017888687, 0.9965688, 1.4413347;
 0, 0, 0, 1]
Twc:
[0.99646378, 0.014578419, -0.08274933, 0.22747774;
 -0.014480044, 0.99989355, 0.0017888687, 0.21009298;
 0.082766607, -0.00058432878, 0.9965688, -1.427786;
 0, 0, 0, 1]
Ow:
[-0.10545817;
 -0.21422118;
 1.4413347]
Keyframe: 59 Frame: 504 Frame from vFrameID : 505
Tcw:
[0.99891233, -0.017823884, 0.043086298, -0.10243427;
 0.018656118, 0.99964559, -0.018991161, -0.22129755;
 -0.042732533, 0.019774327, 0.99889082, 1.4676006;
 0, 0, 0, 1]
Twc:
[0.99891233, 0.018656118, -0.042732533, 0.1691657;
 -0.017823884, 0.99964559, 0.019774327, 0.19037253;
 0.043086298, -0.018991161, 0.99889082, -1.465762;
 0, 0, 0, 1]
Ow:
[-0.10243427;
 -0.22129755;
 1.4676006]
Keyframe: 60 Frame: 508 Frame from vFrameID : 509
Tcw:
[0.99977905, 0.00031715079, 0.021018257, -0.095753893;
 0.00036573387, 0.99947238, -0.032478265, -0.22410505;
 -0.021017468, 0.032478776, 0.99925143, 1.4877723;
 0, 0, 0, 1]
Twc:
[0.99977905, 0.00036573387, -0.021017468, 0.12708391;
 0.00031715079, 0.99947238, 0.032478776, 0.17569615;
 0.021018257, -0.032478265, 0.99925143, -1.4919246;
 0, 0, 0, 1]
Ow:
[-0.095753893;
 -0.22410505;
 1.4877723]
Keyframe: 61 Frame: 512 Frame from vFrameID : 513
Tcw:
[0.99970001, 0.012041372, 0.021329515, -0.093026876;
 -0.011457811, 0.99956232, -0.027273405, -0.2286974;
 -0.02164859, 0.027020833, 0.99940044, 1.518874;
 0, 0, 0, 1]
Twc:
[0.99970001, -0.011457811, -0.02164859, 0.12326007;
 0.012041372, 0.99956232, 0.027020833, 0.18867625;
 0.021329515, -0.027273405, 0.99940044, -1.5222164;
 0, 0, 0, 1]
Ow:
[-0.093026876;
 -0.2286974;
 1.518874]
Keyframe: 62 Frame: 516 Frame from vFrameID : 517
Tcw:
[0.99935424, -0.00096685602, 0.035917994, -0.1021218;
 0.0020748982, 0.99952263, -0.030824769, -0.2282728;
 -0.035871044, 0.030879391, 0.99887925, 1.5459223;
 0, 0, 0, 1]
Twc:
[0.99935424, 0.0020748982, -0.035871044, 0.15798335;
 -0.00096685602, 0.99952263, 0.030879391, 0.18032797;
 0.035917994, -0.030824769, 0.99887925, -1.5475581;
 0, 0, 0, 1]
Ow:
[-0.1021218;
 -0.2282728;
 1.5459223]
Keyframe: 63 Frame: 520 Frame from vFrameID : 521
Tcw:
[0.99874884, -0.0010778323, 0.049996123, -0.10253685;
 0.002401243, 0.99964809, -0.02641776, -0.23196344;
 -0.049950056, 0.026504761, 0.99839997, 1.570776;
 0, 0, 0, 1]
Twc:
[0.99874884, 0.002401243, -0.049950056, 0.1814259;
 -0.0010778323, 0.99964809, 0.026504761, 0.19013825;
 0.049996123, -0.02641776, 0.99839997, -1.5692642;
 0, 0, 0, 1]
Ow:
[-0.10253685;
 -0.23196344;
 1.570776]
Keyframe: 64 Frame: 524 Frame from vFrameID : 525
Tcw:
[0.99742329, -0.020901015, 0.068628848, -0.10791484;
 0.021487556, 0.99973851, -0.0078194235, -0.2393373;
 -0.068447471, 0.0092739407, 0.99761164, 1.5951087;
 0, 0, 0, 1]
Twc:
[0.99742329, 0.021487556, -0.068447471, 0.22196069;
 -0.020901015, 0.99973851, 0.0092739407, 0.22222625;
 0.068628848, -0.0078194235, 0.99761164, -1.5857644;
 0, 0, 0, 1]
Ow:
[-0.10791484;
 -0.2393373;
 1.5951087]
Keyframe: 65 Frame: 528 Frame from vFrameID : 529
Tcw:
[0.99723727, -0.01970719, 0.071620412, -0.10924576;
 0.020247553, 0.99977171, -0.0068265814, -0.24098903;
 -0.07146953, 0.0082578594, 0.99740863, 1.6195707;
 0, 0, 0, 1]
Twc:
[0.99723727, 0.020247553, -0.07146953, 0.22957334;
 -0.01970719, 0.99977171, 0.0082578594, 0.22540689;
 0.071620412, -0.0068265814, 0.99740863, -1.6091946;
 0, 0, 0, 1]
Ow:
[-0.10924576;
 -0.24098903;
 1.6195707]
Keyframe: 66 Frame: 532 Frame from vFrameID : 533
Tcw:
[0.99820626, -0.012489512, 0.058551684, -0.10773251;
 0.012433769, 0.99992186, 0.0013162603, -0.24108672;
 -0.058563545, -0.00058588118, 0.99828351, 1.6453739;
 0, 0, 0, 1]
Twc:
[0.99820626, 0.012433769, -0.058563545, 0.20689581;
 -0.012489512, 0.99992186, -0.00058588118, 0.24068634;
 0.058551684, 0.0013162603, 0.99828351, -1.6359245;
 0, 0, 0, 1]
Ow:
[-0.10773251;
 -0.24108672;
 1.6453739]
Keyframe: 67 Frame: 536 Frame from vFrameID : 537
Tcw:
[0.9993639, 0.0072198398, 0.034923114, -0.10120489;
 -0.007030034, 0.99995989, -0.0055546998, -0.24493729;
 -0.034961816, 0.0053056558, 0.99937457, 1.6771207;
 0, 0, 0, 1]
Twc:
[0.9993639, -0.007030034, -0.034961816, 0.15805379;
 0.0072198398, 0.99995989, 0.0053056558, 0.2367599;
 0.034923114, -0.0055546998, 0.99937457, -1.6738979;
 0, 0, 0, 1]
Ow:
[-0.10120489;
 -0.24493729;
 1.6771207]
Keyframe: 68 Frame: 540 Frame from vFrameID : 541
Tcw:
[0.99955201, 0.017918313, 0.023972435, -0.10029316;
 -0.017765569, 0.99982059, -0.0065695317, -0.2502479;
 -0.02408585, 0.0061407047, 0.99969101, 1.7020916;
 0, 0, 0, 1]
Twc:
[0.99955201, -0.017765569, -0.02408585, 0.13679877;
 0.017918313, 0.99982059, 0.0061407047, 0.24154805;
 0.023972435, -0.0065695317, 0.99969101, -1.7008054;
 0, 0, 0, 1]
Ow:
[-0.10029316;
 -0.2502479;
 1.7020916]
Keyframe: 69 Frame: 544 Frame from vFrameID : 545
Tcw:
[0.99940467, 0.023619577, 0.025148256, -0.10410181;
 -0.023531802, 0.99971592, -0.0037806008, -0.25027299;
 -0.025230408, 0.0031865663, 0.99967659, 1.7360563;
 0, 0, 0, 1]
Twc:
[0.99940467, -0.023531802, -0.025230408, 0.14195187;
 0.023619577, 0.99971592, 0.0031865663, 0.24712867;
 0.025148256, -0.0037806008, 0.99967659, -1.7338231;
 0, 0, 0, 1]
Ow:
[-0.10410181;
 -0.25027299;
 1.7360563]
Keyframe: 70 Frame: 548 Frame from vFrameID : 549
Tcw:
[0.9996478, 0.0031317105, 0.02635368, -0.10765553;
 -0.0032578143, 0.99998343, 0.0047434815, -0.25350314;
 -0.026338387, -0.0048276666, 0.99964142, 1.7661787;
 0, 0, 0, 1]
Twc:
[0.9996478, -0.0032578143, -0.026338387, 0.15331005;
 0.0031317105, 0.99998343, -0.0048276666, 0.26236263;
 0.02635368, 0.0047434815, 0.99964142, -1.7615058;
 0, 0, 0, 1]
Ow:
[-0.10765553;
 -0.25350314;
 1.7661787]
Keyframe: 71 Frame: 552 Frame from vFrameID : 553
Tcw:
[0.99949497, -0.008332354, 0.030664967, -0.1108705;
 0.0088551538, 0.99981707, -0.016952651, -0.25497079;
 -0.030518103, 0.017215634, 0.99938595, 1.79072;
 0, 0, 0, 1]
Twc:
[0.99949497, 0.0088551538, -0.030518103, 0.16772169;
 -0.008332354, 0.99981707, 0.017215634, 0.22317196;
 0.030664967, -0.016952651, 0.99938595, -1.790543;
 0, 0, 0, 1]
Ow:
[-0.1108705;
 -0.25497079;
 1.79072]
Keyframe: 72 Frame: 556 Frame from vFrameID : 557
Tcw:
[0.99825656, -0.015514029, 0.056948524, -0.11312806;
 0.016328098, 0.99977064, -0.013857438, -0.26049122;
 -0.056720477, 0.014763139, 0.99828094, 1.8171355;
 0, 0, 0, 1]
Twc:
[0.99825656, 0.016328098, -0.056720477, 0.22025296;
 -0.015514029, 0.99977064, 0.014763139, 0.2318498;
 0.056948524, -0.013857438, 0.99828094, -1.8111789;
 0, 0, 0, 1]
Ow:
[-0.11312806;
 -0.26049122;
 1.8171355]
Keyframe: 73 Frame: 560 Frame from vFrameID : 561
Tcw:
[0.9980318, -0.010893015, 0.061756782, -0.11465374;
 0.011718172, 0.99984664, -0.013014973, -0.26248991;
 -0.061605539, 0.013713034, 0.99800634, 1.842947;
 0, 0, 0, 1]
Twc:
[0.9980318, 0.011718172, -0.061605539, 0.23103973;
 -0.010893015, 0.99984664, 0.013713034, 0.23592834;
 0.061756782, -0.013014973, 0.99800634, -1.8356086;
 0, 0, 0, 1]
Ow:
[-0.11465374;
 -0.26248991;
 1.842947]
Keyframe: 74 Frame: 564 Frame from vFrameID : 565
Tcw:
[0.99908906, 0.00019229384, 0.042673849, -0.1124182;
 0.00047567743, 0.99987751, -0.015642237, -0.26757959;
 -0.042671628, 0.015648285, 0.99896657, 1.8752846;
 0, 0, 0, 1]
Twc:
[0.99908906, 0.00047567743, -0.042671628, 0.19246453;
 0.00019229384, 0.99987751, 0.015648285, 0.23822345;
 0.042673849, -0.015642237, 0.99896657, -1.8727349;
 0, 0, 0, 1]
Ow:
[-0.1124182;
 -0.26757959;
 1.8752846]
Keyframe: 75 Frame: 568 Frame from vFrameID : 569
Tcw:
[0.99966252, 0.0067546475, 0.025083989, -0.10904997;
 -0.0065415907, 0.99994189, -0.0085660992, -0.26878792;
 -0.025140394, 0.0083991187, 0.99964863, 1.8981252;
 0, 0, 0, 1]
Twc:
[0.99966252, -0.0065415907, -0.025140394, 0.15497448;
 0.0067546475, 0.99994189, 0.0083991187, 0.25356632;
 0.025083989, -0.0085660992, 0.99964863, -1.8970252;
 0, 0, 0, 1]
Ow:
[-0.10904997;
 -0.26878792;
 1.8981252]
Keyframe: 76 Frame: 572 Frame from vFrameID : 573
Tcw:
[0.99961823, 0.016016124, 0.022512726, -0.11125745;
 -0.015871964, 0.99985248, -0.0065676109, -0.27174369;
 -0.022614593, 0.0062077823, 0.99972498, 1.9219953;
 0, 0, 0, 1]
Twc:
[0.99961823, -0.015871964, -0.022614593, 0.15036701;
 0.016016124, 0.99985248, 0.0062077823, 0.26155418;
 0.022512726, -0.0065676109, 0.99972498, -1.9207467;
 0, 0, 0, 1]
Ow:
[-0.11125745;
 -0.27174369;
 1.9219953]
Keyframe: 77 Frame: 576 Frame from vFrameID : 577
Tcw:
[0.99947506, 0.011537342, 0.030273149, -0.11627544;
 -0.01129216, 0.99990213, -0.008257539, -0.2725825;
 -0.030365456, 0.0079113552, 0.99950755, 1.9482042;
 0, 0, 0, 1]
Twc:
[0.99947506, -0.01129216, -0.030365456, 0.17229447;
 0.011537342, 0.99990213, 0.0079113552, 0.25848442;
 0.030273149, -0.008257539, 0.99950755, -1.9459757;
 0, 0, 0, 1]
Ow:
[-0.11627544;
 -0.2725825;
 1.9482042]
Keyframe: 78 Frame: 580 Frame from vFrameID : 581
Tcw:
[0.99896026, -0.010172758, 0.044440314, -0.12434028;
 0.011593814, 0.99942583, -0.031836916, -0.2761828;
 -0.044090927, 0.032319047, 0.99850464, 1.9743196;
 0, 0, 0, 1]
Twc:
[0.99896026, 0.011593814, -0.044090927, 0.21446259;
 -0.010172758, 0.99942583, 0.032319047, 0.21095122;
 0.044440314, -0.031836916, 0.99850464, -1.9746343;
 0, 0, 0, 1]
Ow:
[-0.12434028;
 -0.2761828;
 1.9743196]
Keyframe: 79 Frame: 584 Frame from vFrameID : 585
Tcw:
[0.99720383, -0.020052183, 0.071988747, -0.12467746;
 0.021676637, 0.99952614, -0.021855444, -0.27930233;
 -0.071516387, 0.023354806, 0.99716598, 1.9976697;
 0, 0, 0, 1]
Twc:
[0.99720383, 0.021676637, -0.071516387, 0.2732493;
 -0.020052183, 0.99952614, 0.023354806, 0.23001473;
 0.071988747, -0.021855444, 0.99716598, -1.9891372;
 0, 0, 0, 1]
Ow:
[-0.12467746;
 -0.27930233;
 1.9976697]
Keyframe: 80 Frame: 588 Frame from vFrameID : 589
Tcw:
[0.99593258, -0.02115974, 0.087581687, -0.12563384;
 0.022662634, 0.99961191, -0.016201211, -0.28368115;
 -0.087204881, 0.018120145, 0.99602556, 2.0298333;
 0, 0, 0, 1]
Twc:
[0.99593258, 0.022662634, -0.087204881, 0.30856317;
 -0.02115974, 0.99961191, 0.018120145, 0.2441318;
 0.087581687, -0.016201211, 0.99602556, -2.0153587;
 0, 0, 0, 1]
Ow:
[-0.12563384;
 -0.28368115;
 2.0298333]
Keyframe: 81 Frame: 592 Frame from vFrameID : 593
Tcw:
[0.99789804, -0.01150465, 0.063773803, -0.12232894;
 0.012320213, 0.99984711, -0.012409895, -0.28362978;
 -0.063621283, 0.013169517, 0.99788719, 2.0556121;
 0, 0, 0, 1]
Twc:
[0.99789804, 0.012320213, -0.063621283, 0.25634688;
 -0.01150465, 0.99984711, 0.013169517, 0.25510764;
 0.063773803, -0.012409895, 0.99788719, -2.0469875;
 0, 0, 0, 1]
Ow:
[-0.12232894;
 -0.28362978;
 2.0556121]
Keyframe: 82 Frame: 596 Frame from vFrameID : 597
Tcw:
[0.99922979, -0.0039761802, 0.039039388, -0.11847216;
 0.0048408415, 0.99974453, -0.022078954, -0.28684509;
 -0.038941622, 0.02225093, 0.99899369, 2.079972;
 0, 0, 0, 1]
Twc:
[0.99922979, 0.0048408415, -0.038941622, 0.20076695;
 -0.0039761802, 0.99974453, 0.02225093, 0.24001943;
 0.039039388, -0.022078954, 0.99899369, -2.079587;
 0, 0, 0, 1]
Ow:
[-0.11847216;
 -0.28684509;
 2.079972]
Keyframe: 83 Frame: 600 Frame from vFrameID : 601
Tcw:
[0.99953836, 0.00026557874, 0.030381391, -0.11735862;
 0.00022775921, 0.99986821, -0.016233549, -0.28896847;
 -0.030381698, 0.016232973, 0.99940652, 2.1022339;
 0, 0, 0, 1]
Twc:
[0.99953836, 0.00022775921, -0.030381698, 0.18123969;
 0.00026557874, 0.99986821, 0.016232973, 0.25483605;
 0.030381391, -0.016233549, 0.99940652, -2.1021118;
 0, 0, 0, 1]
Ow:
[-0.11735862;
 -0.28896847;
 2.1022339]
Keyframe: 84 Frame: 604 Frame from vFrameID : 605
Tcw:
[0.99947089, 0.009612048, 0.031073203, -0.11453375;
 -0.0092627043, 0.99989247, -0.011367051, -0.29254046;
 -0.031179124, 0.011073215, 0.99945247, 2.1265397;
 0, 0, 0, 1]
Twc:
[0.99947089, -0.0092627043, -0.031179124, 0.17806707;
 0.009612048, 0.99989247, 0.011073215, 0.27006227;
 0.031073203, -0.011367051, 0.99945247, -2.1251416;
 0, 0, 0, 1]
Ow:
[-0.11453375;
 -0.29254046;
 2.1265397]
Keyframe: 85 Frame: 608 Frame from vFrameID : 609
Tcw:
[0.99883395, -0.00049061939, 0.048274808, -0.11840646;
 0.00067627168, 0.99999243, -0.0038294811, -0.2924107;
 -0.048272565, 0.0038576627, 0.99882674, 2.1535649;
 0, 0, 0, 1]
Twc:
[0.99883395, 0.00067627168, -0.048272565, 0.22242425;
 -0.00049061939, 0.99999243, 0.0038576627, 0.28404269;
 0.048274808, -0.0038294811, 0.99882674, -2.1464422;
 0, 0, 0, 1]
Ow:
[-0.11840646;
 -0.2924107;
 2.1535649]
Keyframe: 86 Frame: 612 Frame from vFrameID : 613
Tcw:
[0.9980951, -0.017829442, 0.059061997, -0.12709883;
 0.019789169, 0.99926722, -0.032763779, -0.2969695;
 -0.058434557, 0.033870157, 0.99771649, 2.1837761;
 0, 0, 0, 1]
Twc:
[0.9980951, 0.019789169, -0.058434557, 0.2603415;
 -0.017829442, 0.99926722, 0.033870157, 0.22052093;
 0.059061997, -0.032763779, 0.99771649, -2.1810126;
 0, 0, 0, 1]
Ow:
[-0.12709883;
 -0.2969695;
 2.1837761]
Keyframe: 87 Frame: 616 Frame from vFrameID : 617
Tcw:
[0.99764889, -0.028618345, 0.062271241, -0.12758531;
 0.030025348, 0.99931186, -0.02177735, -0.29883802;
 -0.061605159, 0.023595866, 0.99782163, 2.2054856;
 0, 0, 0, 1]
Twc:
[0.99764889, 0.030025348, -0.061605159, 0.27212733;
 -0.028618345, 0.99931186, 0.023595866, 0.24294078;
 0.062271241, -0.02177735, 0.99782163, -2.1992443;
 0, 0, 0, 1]
Ow:
[-0.12758531;
 -0.29883802;
 2.2054856]
Keyframe: 88 Frame: 620 Frame from vFrameID : 621
Tcw:
[0.99780589, -0.021724617, 0.062541597, -0.12929252;
 0.021810809, 0.99976188, -0.00069567416, -0.30302814;
 -0.062511593, 0.0020582306, 0.99804211, 2.2312973;
 0, 0, 0, 1]
Twc:
[0.99780589, 0.021810809, -0.062511593, 0.27510005;
 -0.021724617, 0.99976188, 0.0020582306, 0.29555461;
 0.062541597, -0.00069567416, 0.99804211, -2.2190533;
 0, 0, 0, 1]
Ow:
[-0.12929252;
 -0.30302814;
 2.2312973]
Keyframe: 89 Frame: 624 Frame from vFrameID : 625
Tcw:
[0.99912965, -0.022442972, 0.03516008, -0.12903929;
 0.022562487, 0.9997409, -0.0030060045, -0.30486503;
 -0.035083506, 0.0037966871, 0.99937719, 2.25582;
 0, 0, 0, 1]
Twc:
[0.99912965, 0.022562487, -0.035083506, 0.21494758;
 -0.022442972, 0.9997409, 0.0037966871, 0.29332536;
 0.03516008, -0.0030060045, 0.99937719, -2.2507944;
 0, 0, 0, 1]
Ow:
[-0.12903929;
 -0.30486503;
 2.25582]
Keyframe: 90 Frame: 628 Frame from vFrameID : 629
Tcw:
[0.99981934, -0.0033821366, 0.018702982, -0.12315004;
