Keyframe: 0 Frame: 0 Frame from vFrameID : 185
Tcw:
[1, 0, 0, 0;
 0, 1, 0, 0;
 0, 0, 1, 0;
 0, 0, 0, 1]
Twc:
[1, 0, 0, 0;
 0, 1, 0, 0;
 0, 0, 1, 0;
 0, 0, 0, 1]
Ow:
[0;
 0;
 0]
Keyframe: 1 Frame: 184 Frame from vFrameID : 185
Tcw:
[0.99908388, -0.032068159, 0.028338941, -0.015284425;
 0.032177564, 0.99947631, -0.0034128926, -0.017472738;
 -0.028214656, 0.0043216441, 0.99959254, 0.10237343;
 0, 0, 0, 1]
Twc:
[0.99908388, 0.032177564, -0.028214656, 0.018721083;
 -0.032068159, 0.99947631, 0.0043216441, 0.016531026;
 0.028338941, -0.0034128926, 0.99959254, -0.10195821;
 0, 0, 0, 1]
Ow:
[-0.015284425;
 -0.017472738;
 0.10237343]
Keyframe: 2 Frame: 187 Frame from vFrameID : 188
Tcw:
[0.9995538, -0.025325079, 0.015838649, -0.0087231509;
 0.025524316, 0.999596, -0.012506125, -0.021444369;
 -0.01551553, 0.012904814, 0.99979633, 0.12497917;
 0, 0, 0, 1]
Twc:
[0.9995538, 0.025524316, -0.01551553, 0.01120573;
 -0.025325079, 0.999596, 0.012904814, 0.019601958;
 0.015838649, -0.012506125, 0.99979633, -0.12508374;
 0, 0, 0, 1]
Ow:
[-0.0087231509;
 -0.021444369;
 0.12497917]
Keyframe: 3 Frame: 189 Frame from vFrameID : 190
Tcw:
[0.99960643, -0.027238669, 0.0067101298, 0.00012758968;
 0.027395314, 0.99932492, -0.024477974, -0.024103131;
 -0.0060388525, 0.024652164, 0.99967784, 0.13936168;
 0, 0, 0, 1]
Twc:
[0.99960643, 0.027395314, -0.0060388525, 0.001374358;
 -0.027238669, 0.99932492, 0.024652164, 0.020654768;
 0.0067101298, -0.024477974, 0.99967784, -0.13990764;
 0, 0, 0, 1]
Ow:
[0.00012758968;
 -0.024103131;
 0.13936168]
Keyframe: 4 Frame: 191 Frame from vFrameID : 192
Tcw:
[0.99975353, -0.01788502, 0.013151164, 0.0075470675;
 0.018066846, 0.99974102, -0.013839505, -0.025795633;
 -0.012900239, 0.014073693, 0.99981773, 0.15746227;
 0, 0, 0, 1]
Twc:
[0.99975353, 0.018066846, -0.012900239, -0.0050478615;
 -0.01788502, 0.99974102, 0.014073693, 0.023707854;
 0.013151164, -0.013839505, 0.99981773, -0.15788981;
 0, 0, 0, 1]
Ow:
[0.0075470675;
 -0.025795633;
 0.15746227]
Keyframe: 5 Frame: 193 Frame from vFrameID : 194
Tcw:
[0.99975234, -0.01201083, 0.018734934, 0.008691607;
 0.012023724, 0.99992752, -0.00057573133, -0.028763948;
 -0.018726662, 0.00080085243, 0.99982435, 0.16394396;
 0, 0, 0, 1]
Twc:
[0.99975234, 0.012023724, -0.018726662, -0.0052734818;
 -0.01201083, 0.99992752, 0.00080085243, 0.028734962;
 0.018734934, -0.00057573133, 0.99982435, -0.16409455;
 0, 0, 0, 1]
Ow:
[0.008691607;
 -0.028763948;
 0.16394396]
Keyframe: 6 Frame: 195 Frame from vFrameID : 196
Tcw:
[0.99977589, -0.00072798814, 0.021157496, 0.012854446;
 0.00054016482, 0.99996042, 0.0088817477, -0.037787955;
 -0.021163125, -0.0088683292, 0.99973673, 0.18419729;
 0, 0, 0, 1]
Twc:
[0.99977589, 0.00054016482, -0.021163125, -0.0089329639;
 -0.00072798814, 0.99996042, -0.0088683292, 0.039429337;
 0.021157496, 0.0088817477, 0.99973673, -0.18408513;
 0, 0, 0, 1]
Ow:
[0.012854446;
 -0.037787955;
 0.18419729]
Keyframe: 7 Frame: 197 Frame from vFrameID : 198
Tcw:
[0.99987864, -0.0024595975, 0.015382452, 0.016316773;
 0.0023374457, 0.99996561, 0.007953926, -0.038124718;
 -0.015401486, -0.0079170046, 0.99985003, 0.19601384;
 0, 0, 0, 1]
Twc:
[0.99987864, 0.0023374457, -0.015401486, -0.013206775;
 -0.0024595975, 0.99996561, -0.0079170046, 0.039715387;
 0.015382452, 0.007953926, 0.99985003, -0.19593219;
 0, 0, 0, 1]
Ow:
[0.016316773;
 -0.038124718;
 0.19601384]
Keyframe: 8 Frame: 199 Frame from vFrameID : 200
Tcw:
[0.9998135, 0.0040777652, 0.018876914, 0.016642947;
 -0.0042062621, 0.99996823, 0.0067723989, -0.041712102;
 -0.018848699, -0.0068505369, 0.99979889, 0.21090017;
 0, 0, 0, 1]
Twc:
[0.9998135, -0.0042062621, -0.018848699, -0.012840101;
 0.0040777652, 0.99996823, -0.0068505369, 0.043087687;
 0.018876914, 0.0067723989, 0.99979889, -0.21088943;
 0, 0, 0, 1]
Ow:
[0.016642947;
 -0.041712102;
 0.21090017]
Keyframe: 9 Frame: 202 Frame from vFrameID : 203
Tcw:
[0.99995261, 0.0050421595, 0.0083290227, 0.015195358;
 -0.0050918171, 0.9999693, 0.005951588, -0.042124029;
 -0.0082987584, -0.005993716, 0.99994761, 0.23147051;
 0, 0, 0, 1]
Twc:
[0.99995261, -0.0050918171, -0.0082987584, -0.013488207;
 0.0050421595, 0.9999693, -0.005993716, 0.043433491;
 0.0083290227, 0.005951588, 0.99994761, -0.23133424;
 0, 0, 0, 1]
Ow:
[0.015195358;
 -0.042124029;
 0.23147051]
Keyframe: 10 Frame: 205 Frame from vFrameID : 206
Tcw:
[0.99981272, 0.014342448, -0.012991734, 0.015975496;
 -0.014340658, 0.99989712, 0.00023093469, -0.04904858;
 0.01299371, -4.4581429e-05, 0.9999156, 0.25980684;
 0, 0, 0, 1]
Twc:
[0.99981272, -0.014340658, 0.01299371, -0.020051748;
 0.014342448, 0.99989712, -4.4581429e-05, 0.04882599;
 -0.012991734, 0.00023093469, 0.9999156, -0.25956601;
 0, 0, 0, 1]
Ow:
[0.015975496;
 -0.04904858;
 0.25980684]
Keyframe: 11 Frame: 208 Frame from vFrameID : 209
Tcw:
[0.99978173, 0.0059583611, -0.020025428, 0.014331561;
 -0.006060068, 0.99996901, -0.0050220531, -0.056695189;
 0.019994885, 0.005142312, 0.99978685, 0.27827498;
 0, 0, 0, 1]
Twc:
[0.99978173, -0.006060068, 0.019994885, -0.020236084;
 0.0059583611, 0.99996901, 0.005142312, 0.055177063;
 -0.020025428, -0.0050220531, 0.99978685, -0.27821341;
 0, 0, 0, 1]
Ow:
[0.014331561;
 -0.056695189;
 0.27827498]
Keyframe: 12 Frame: 211 Frame from vFrameID : 212
Tcw:
[0.99986327, 0.00083140162, -0.016514147, 0.015978578;
 -0.00079641101, 0.99999744, 0.0021252905, -0.064766705;
 0.01651587, -0.002111848, 0.99986136, 0.29687789;
 0, 0, 0, 1]
Twc:
[0.99986327, -0.00079641101, 0.01651587, -0.020931173;
 0.00083140162, 0.99999744, -0.002111848, 0.065380216;
 -0.016514147, 0.0021252905, 0.99986136, -0.29643521;
 0, 0, 0, 1]
Ow:
[0.015978578;
 -0.064766705;
 0.29687789]
Keyframe: 13 Frame: 214 Frame from vFrameID : 215
Tcw:
[0.99981475, 0.0015017394, -0.019190054, 0.021622978;
 -0.0015435092, 0.99999648, -0.0021620153, -0.06632112;
 0.019186739, 0.0021912348, 0.9998135, 0.32141477;
 0, 0, 0, 1]
Twc:
[0.99981475, -0.0015435092, 0.019186739, -0.027888242;
 0.0015017394, 0.99999648, 0.0021912348, 0.065584116;
 -0.019190054, -0.0021620153, 0.9998135, -0.32108328;
 0, 0, 0, 1]
Ow:
[0.021622978;
 -0.06632112;
 0.32141477]
Keyframe: 14 Frame: 217 Frame from vFrameID : 218
Tcw:
[0.99964708, -0.0026118946, -0.026436405, 0.023136128;
 0.0024500277, 0.99997807, -0.006153415, -0.068841927;
 0.026451897, 0.0060864734, 0.99963158, 0.33659098;
 0, 0, 0, 1]
Twc:
[0.99964708, 0.0024500277, 0.026451897, -0.031862769;
 -0.0026118946, 0.99997807, 0.0060864734, 0.066852197;
 -0.026436405, -0.006153415, 0.99963158, -0.33627892;
 0, 0, 0, 1]
Ow:
[0.023136128;
 -0.068841927;
 0.33659098]
Keyframe: 15 Frame: 220 Frame from vFrameID : 221
Tcw:
[0.99934465, -0.0024367746, -0.036115281, 0.031672005;
 0.0015641141, 0.99970663, -0.024171779, -0.067821674;
 0.036163587, 0.024099449, 0.99905527, 0.35825911;
 0, 0, 0, 1]
Twc:
[0.99934465, 0.0015641141, 0.036163587, -0.044501103;
 -0.0024367746, 0.99970663, 0.024099449, 0.059245102;
 -0.036115281, -0.024171779, 0.99905527, -0.35841617;
 0, 0, 0, 1]
Ow:
[0.031672005;
 -0.067821674;
 0.35825911]
Keyframe: 16 Frame: 224 Frame from vFrameID : 225
Tcw:
[0.99892282, 0.010519605, -0.045194, 0.049459688;
 -0.011738403, 0.99957222, -0.02678792, -0.070067823;
 0.044892866, 0.027289571, 0.99861902, 0.39191297;
 0, 0, 0, 1]
Twc:
[0.99892282, -0.011738403, 0.044892866, -0.067822993;
 0.010519605, 0.99957222, 0.027289571, 0.058822419;
 -0.045194, -0.02678792, 0.99861902, -0.39101341;
 0, 0, 0, 1]
Ow:
[0.049459688;
 -0.070067823;
 0.39191297]
Keyframe: 17 Frame: 228 Frame from vFrameID : 229
Tcw:
[0.99802864, 0.026148545, -0.057053063, 0.05497817;
 -0.027467558, 0.9993704, -0.022458572, -0.076439202;
 0.056429885, 0.023981405, 0.99811852, 0.42596427;
 0, 0, 0, 1]
Twc:
[0.99802864, -0.027467558, 0.056429885, -0.081006505;
 0.026148545, 0.9993704, 0.023981405, 0.064738259;
 -0.057053063, -0.022458572, 0.99811852, -0.42374286;
 0, 0, 0, 1]
Ow:
[0.05497817;
 -0.076439202;
 0.42596427]
Keyframe: 18 Frame: 232 Frame from vFrameID : 233
Tcw:
[0.99835312, 0.019489024, -0.05395573, 0.051327772;
 -0.020889182, 0.99945635, -0.025508888, -0.07780394;
 0.053429253, 0.02659397, 0.99821746, 0.45731843;
 0, 0, 0, 1]
Twc:
[0.99835312, -0.020889182, 0.053429253, -0.077302679;
 0.019489024, 0.99945635, 0.02659397, 0.064599402;
 -0.05395573, -0.025508888, 0.99821746, -0.45571849;
 0, 0, 0, 1]
Ow:
[0.051327772;
 -0.07780394;
 0.45731843]
Keyframe: 19 Frame: 236 Frame from vFrameID : 237
Tcw:
[0.99912107, 0.0077376384, -0.04119787, 0.048115052;
 -0.008966038, 0.99951816, -0.029716279, -0.084136039;
 0.040948085, 0.030059541, 0.99870902, 0.49036568;
 0, 0, 0, 1]
Twc:
[0.99912107, -0.008966038, 0.040948085, -0.068906665;
 0.0077376384, 0.99951816, 0.030059541, 0.068983033;
 -0.04119787, -0.029716279, 0.99870902, -0.49025059;
 0, 0, 0, 1]
Ow:
[0.048115052;
 -0.084136039;
 0.49036568]
Keyframe: 20 Frame: 240 Frame from vFrameID : 241
Tcw:
[0.99962044, -0.0036920134, -0.027300781, 0.051437676;
 0.0032676549, 0.9998734, -0.015572138, -0.084897362;
 0.027354818, 0.015477018, 0.99950594, 0.51759893;
 0, 0, 0, 1]
Twc:
[0.99962044, 0.0032676549, 0.027354818, -0.065299563;
 -0.0036920134, 0.9998734, 0.015477018, 0.077065632;
 -0.027300781, -0.015572138, 0.99950594, -0.51726103;
 0, 0, 0, 1]
Ow:
[0.051437676;
 -0.084897362;
 0.51759893]
Keyframe: 21 Frame: 244 Frame from vFrameID : 245
Tcw:
[0.99985218, -0.0029614507, -0.016937368, 0.052151244;
 0.0029290982, 0.99999386, -0.0019346143, -0.092722848;
 0.016942993, 0.001884717, 0.99985468, 0.54945058;
 0, 0, 0, 1]
Twc:
[0.99985218, 0.0029290982, 0.016942993, -0.061181277;
 -0.0029614507, 0.99999386, 0.001884717, 0.091841161;
 -0.016937368, -0.0019346143, 0.99985468, -0.54866683;
 0, 0, 0, 1]
Ow:
[0.052151244;
 -0.092722848;
 0.54945058]
Keyframe: 22 Frame: 248 Frame from vFrameID : 249
Tcw:
[0.99925512, -0.014167337, -0.035896022, 0.059829623;
 0.013352132, 0.99964976, -0.022849003, -0.093771882;
 0.036207158, 0.022352694, 0.99909431, 0.57777041;
 0, 0, 0, 1]
Twc:
[0.99925512, 0.013352132, 0.036207158, -0.079452418;
 -0.014167337, 0.99964976, 0.022352694, 0.081671938;
 -0.035896022, -0.022849003, 0.99909431, -0.57724202;
 0, 0, 0, 1]
Ow:
[0.059829623;
 -0.093771882;
 0.57777041]
Keyframe: 23 Frame: 252 Frame from vFrameID : 253
Tcw:
[0.99915719, -0.0065985899, -0.040513381, 0.0686014;
 0.0045682159, 0.99873847, -0.050005689, -0.10574374;
 0.040792242, 0.049778473, 0.99792689, 0.61094201;
 0, 0, 0, 1]
Twc:
[0.99915719, 0.0045682159, 0.040792242, -0.092982218;
 -0.0065985899, 0.99873847, 0.049778473, 0.075651258;
 -0.040513381, -0.050005689, 0.99792689, -0.61218399;
 0, 0, 0, 1]
Ow:
[0.0686014;
 -0.10574374;
 0.61094201]
Keyframe: 24 Frame: 256 Frame from vFrameID : 257
Tcw:
[0.99865925, -0.0061947196, -0.051394254, 0.077609003;
 0.0042879428, 0.99930131, -0.03712862, -0.10595024;
 0.051588345, 0.036858462, 0.99798805, 0.63360679;
 0, 0, 0, 1]
Twc:
[0.99865925, 0.0042879428, 0.051588345, -0.10973737;
 -0.0061947196, 0.99930131, 0.036858462, 0.083003208;
 -0.051394254, -0.03712862, 0.99798805, -0.63227713;
 0, 0, 0, 1]
Ow:
[0.077609003;
 -0.10595024;
 0.63360679]
Keyframe: 25 Frame: 260 Frame from vFrameID : 261
Tcw:
[0.99923521, 0.006094743, -0.038624443, 0.080972239;
 -0.0066272826, 0.99988455, -0.013674625, -0.10944003;
 0.038536638, 0.013920142, 0.99916023, 0.66430467;
 0, 0, 0, 1]
Twc:
[0.99923521, -0.0066272826, 0.038536638, -0.10723568;
 0.006094743, 0.99988455, 0.013920142, 0.099686675;
 -0.038624443, -0.013674625, 0.99916023, -0.66211587;
 0, 0, 0, 1]
Ow:
[0.080972239;
 -0.10944003;
 0.66430467]
Keyframe: 26 Frame: 264 Frame from vFrameID : 265
Tcw:
[0.99972296, -0.004784524, -0.023045909, 0.076716378;
 0.0040462273, 0.99948043, -0.031976689, -0.11316202;
 0.023186928, 0.031874578, 0.99922287, 0.69687718;
 0, 0, 0, 1]
Twc:
[0.99972296, 0.0040462273, 0.023186928, -0.092395686;
 -0.004784524, 0.99948043, 0.031874578, 0.091257609;
 -0.023045909, -0.031976689, 0.99922287, -0.69818616;
 0, 0, 0, 1]
Ow:
[0.076716378;
 -0.11316202;
 0.69687718]
Keyframe: 27 Frame: 268 Frame from vFrameID : 269
Tcw:
[0.99961531, -0.026683297, -0.0075655733, 0.070450306;
 0.02630279, 0.99856812, -0.046581849, -0.11777487;
 0.0087976977, 0.046364937, 0.99888581, 0.72587234;
 0, 0, 0, 1]
Twc:
[0.99961531, 0.02630279, 0.0087976977, -0.073711403;
 -0.026683297, 0.99856812, 0.046364937, 0.085831054;
 -0.0075655733, -0.046581849, 0.99888581, -0.73001677;
 0, 0, 0, 1]
Ow:
[0.070450306;
 -0.11777487;
 0.72587234]
Keyframe: 28 Frame: 273 Frame from vFrameID : 274
Tcw:
[0.99953765, -0.023055403, 0.019821854, 0.070737176;
 0.023730025, 0.99912292, -0.034500882, -0.12025565;
 -0.019009037, 0.034955304, 0.99920809, 0.76098824;
 0, 0, 0, 1]
Twc:
[0.99953765, 0.023730025, -0.019009037, -0.053385153;
 -0.023055403, 0.99912292, 0.034955304, 0.095180474;
 0.019821854, -0.034500882, 0.99920809, -0.76593661;
 0, 0, 0, 1]
Ow:
[0.070737176;
 -0.12025565;
 0.76098824]
Keyframe: 29 Frame: 277 Frame from vFrameID : 278
Tcw:
[0.99937499, -0.015595263, 0.031724464, 0.074208274;
 0.016001722, 0.99979258, -0.012598851, -0.12219524;
 -0.031521402, 0.013098623, 0.99941725, 0.79474157;
 0, 0, 0, 1]
Twc:
[0.99937499, 0.016001722, -0.031521402, -0.047155194;
 -0.015595263, 0.99979258, 0.013098623, 0.11291718;
 0.031724464, -0.012598851, 0.99941725, -0.79817218;
 0, 0, 0, 1]
Ow:
[0.074208274;
 -0.12219524;
 0.79474157]
Keyframe: 30 Frame: 281 Frame from vFrameID : 282
Tcw:
[0.99996632, -0.0081584938, 0.00088046945, 0.075788938;
 0.0081771091, 0.99968439, -0.02375488, -0.13065471;
 -0.00068638747, 0.02376128, 0.99971741, 0.83583122;
 0, 0, 0, 1]
Twc:
[0.99996632, 0.0081771091, -0.00068638747, -0.074144304;
 -0.0081584938, 0.99968439, 0.02376128, 0.11137138;
 0.00088046945, -0.02375488, 0.99971741, -0.8387655;
 0, 0, 0, 1]
Ow:
[0.075788938;
 -0.13065471;
 0.83583122]
Keyframe: 31 Frame: 285 Frame from vFrameID : 286
Tcw:
[0.99998295, 0.0002332717, -0.0058373613, 0.08431077;
 -0.00048735004, 0.99905056, -0.043562748, -0.13512868;
 0.0058216574, 0.043564849, 0.99903363, 0.8601265;
 0, 0, 0, 1]
Twc:
[0.99998295, -0.00048735004, 0.0058216574, -0.089382552;
 0.0002332717, 0.99905056, 0.043564849, 0.097509429;
 -0.0058373613, -0.043562748, 0.99903363, -0.86468971;
 0, 0, 0, 1]
Ow:
[0.08431077;
 -0.13512868;
 0.8601265]
Keyframe: 32 Frame: 289 Frame from vFrameID : 290
Tcw:
[0.99984282, 0.016064176, -0.0075053764, 0.087213717;
 -0.016118968, 0.99984342, -0.0072977785, -0.13995805;
 0.0073869685, 0.0074176099, 0.99994522, 0.88359648;
 0, 0, 0, 1]
Twc:
[0.99984282, -0.016118968, 0.0073869685, -0.095983088;
 0.016064176, 0.99984342, 0.0074176099, 0.13198097;
 -0.0075053764, -0.0072977785, 0.99994522, -0.88391483;
 0, 0, 0, 1]
Ow:
[0.087213717;
 -0.13995805;
 0.88359648]
Keyframe: 33 Frame: 293 Frame from vFrameID : 294
Tcw:
[0.99983323, 0.01826261, 9.3355469e-05, 0.085575409;
 -0.018262256, 0.99982888, -0.0029452441, -0.14347999;
 -0.00014712734, 0.002943048, 0.99999565, 0.90934283;
 0, 0, 0, 1]
Twc:
[0.99983323, -0.018262256, -0.00014712734, -0.088047616;
 0.01826261, 0.99982888, 0.002943048, 0.13921636;
 9.3355469e-05, -0.0029452441, 0.99999565, -0.90976942;
 0, 0, 0, 1]
Ow:
[0.085575409;
 -0.14347999;
 0.90934283]
Keyframe: 34 Frame: 297 Frame from vFrameID : 298
Tcw:
[0.99979603, 0.011017844, 0.016927937, 0.079758294;
 -0.010882257, 0.99990815, -0.0080809733, -0.14686948;
 -0.017015416, 0.0078951102, 0.99982405, 0.93909419;
 0, 0, 0, 1]
Twc:
[0.99979603, -0.010882257, -0.017015416, -0.065361217;
 0.011017844, 0.99990815, 0.0078951102, 0.13856296;
 0.016927937, -0.0080809733, 0.99982405, -0.94146597;
 0, 0, 0, 1]
Ow:
[0.079758294;
 -0.14686948;
 0.93909419]
Keyframe: 35 Frame: 302 Frame from vFrameID : 303
Tcw:
[0.99924171, -0.012389536, 0.036912642, 0.069710299;
 0.013572494, 0.99939662, -0.031971198, -0.15514654;
 -0.036494263, 0.032447953, 0.99880695, 0.97829211;
 0, 0, 0, 1]
Twc:
[0.99924171, 0.013572494, -0.036494263, -0.03184966;
 -0.012389536, 0.99939662, 0.032447953, 0.12417304;
 0.036912642, -0.031971198, 0.99880695, -0.98465836;
 0, 0, 0, 1]
Ow:
[0.069710299;
 -0.15514654;
 0.97829211]
Keyframe: 36 Frame: 307 Frame from vFrameID : 308
Tcw:
[0.9969461, -0.021729585, 0.075009048, 0.065734111;
 0.024814686, 0.99887353, -0.040445723, -0.15741158;
 -0.074045688, 0.04218353, 0.99636227, 1.0163406;
 0, 0, 0, 1]
Twc:
[0.9969461, 0.024814686, -0.074045688, 0.013628388;
 -0.021729585, 0.99887353, 0.04218353, 0.1157898;
 0.075009048, -0.040445723, 0.99636227, -1.0239407;
 0, 0, 0, 1]
Ow:
[0.065734111;
 -0.15741158;
 1.0163406]
Keyframe: 37 Frame: 312 Frame from vFrameID : 313
Tcw:
[0.99545449, -0.023145961, 0.092383012, 0.061578937;
 0.024276098, 0.99964333, -0.011128082, -0.16119948;
 -0.092092499, 0.013320198, 0.99566138, 1.0672956;
 0, 0, 0, 1]
Twc:
[0.99545449, 0.024276098, -0.092092499, 0.040904172;
 -0.023145961, 0.99964333, 0.013320198, 0.1483507;
 0.092383012, -0.011128082, 0.99566138, -1.0701476;
 0, 0, 0, 1]
Ow:
[0.061578937;
 -0.16119948;
 1.0672956]
Keyframe: 38 Frame: 316 Frame from vFrameID : 317
Tcw:
[0.99705631, -0.023643451, 0.072936513, 0.063761488;
 0.025068641, 0.99951106, -0.018686863, -0.16855946;
 -0.072459027, 0.020460272, 0.99716151, 1.0986353;
 0, 0, 0, 1]
Twc:
[0.99705631, 0.025068641, -0.072459027, 0.020257808;
 -0.023643451, 0.99951106, 0.020460272, 0.14750621;
 0.072936513, -0.018686863, 0.99716151, -1.1033173;
 0, 0, 0, 1]
Ow:
[0.063761488;
 -0.16855946;
 1.0986353]
Keyframe: 39 Frame: 320 Frame from vFrameID : 321
Tcw:
[0.99800658, -0.013774658, 0.061587948, 0.066151008;
 0.017186532, 0.99832648, -0.055216439, -0.17252949;
 -0.060724292, 0.056164853, 0.99657315, 1.1224022;
 0, 0, 0, 1]
Twc:
[0.99800658, 0.017186532, -0.060724292, 0.005103121;
 -0.013774658, 0.99832648, 0.056164853, 0.11011241;
 0.061587948, -0.055216439, 0.99657315, -1.1321565;
 0, 0, 0, 1]
Ow:
[0.066151008;
 -0.17252949;
 1.1224022]
Keyframe: 40 Frame: 324 Frame from vFrameID : 325
Tcw:
[0.99763232, 0.00054353266, 0.068770841, 0.068618312;
 0.0010730724, 0.99972403, -0.023468006, -0.17848001;
 -0.068764612, 0.023486238, 0.99735641, 1.1515677;
 0, 0, 0, 1]
Twc:
[0.99763232, 0.0010730724, -0.068764612, 0.010922781;
 0.00054353266, 0.99972403, 0.023486238, 0.15134746;
 0.068770841, -0.023468006, 0.99735641, -1.1574309;
 0, 0, 0, 1]
Ow:
[0.068618312;
 -0.17848001;
 1.1515677]
Keyframe: 41 Frame: 328 Frame from vFrameID : 329
Tcw:
[0.99717999, -0.0043494026, 0.074921131, 0.06100826;
 0.0056020091, 0.99984789, -0.016516974, -0.18160637;
 -0.074837893, 0.016890105, 0.99705267, 1.1776892;
 0, 0, 0, 1]
Twc:
[0.99717999, 0.0056020091, -0.074837893, 0.028316926;
 -0.0043494026, 0.99984789, 0.016890105, 0.16195279;
 0.074921131, -0.016516974, 0.99705267, -1.1817886;
 0, 0, 0, 1]
Ow:
[0.06100826;
 -0.18160637;
 1.1776892]
Keyframe: 42 Frame: 332 Frame from vFrameID : 333
Tcw:
[0.9967379, -0.013938959, 0.079493523, 0.05439613;
 0.014711225, 0.99985003, -0.0091374498, -0.1837295;
 -0.079354234, 0.01027709, 0.99679351, 1.2043213;
 0, 0, 0, 1]
Twc:
[0.9967379, 0.014711225, -0.079354234, 0.044052187;
 -0.013938959, 0.99985003, 0.01027709, 0.17208324;
 0.079493523, -0.0091374498, 0.99679351, -1.2064625;
 0, 0, 0, 1]
Ow:
[0.05439613;
 -0.1837295;
 1.2043213]
Keyframe: 43 Frame: 336 Frame from vFrameID : 337
Tcw:
[0.9956128, -0.020476857, 0.091300949, 0.047291741;
 0.021665128, 0.99969274, -0.012042748, -0.18898593;
 -0.091026299, 0.01396796, 0.99575055, 1.231276;
 0, 0, 0, 1]
Twc:
[0.9956128, 0.021665128, -0.091026299, 0.069088638;
 -0.020476857, 0.99969274, 0.01396796, 0.17269784;
 0.091300949, -0.012042748, 0.99575055, -1.2326374;
 0, 0, 0, 1]
Ow:
[0.047291741;
 -0.18898593;
 1.231276]
Keyframe: 44 Frame: 340 Frame from vFrameID : 341
Tcw:
[0.99341881, -0.037086688, 0.10836812, 0.042987823;
 0.036878705, 0.99931204, 0.0039234082, -0.19347084;
 -0.10843907, 9.8888515e-05, 0.99410307, 1.2582374;
 0, 0, 0, 1]
Twc:
[0.99341881, 0.036878705, -0.10843907, 0.10087214;
 -0.037086688, 0.99931204, 9.8888515e-05, 0.19480759;
 0.10836812, 0.0039234082, 0.99410307, -1.2547171;
 0, 0, 0, 1]
Ow:
[0.042987823;
 -0.19347084;
 1.2582374]
Keyframe: 45 Frame: 344 Frame from vFrameID : 345
Tcw:
[0.99174631, -0.02812569, 0.1250926, 0.040743828;
 0.028942056, 0.99956995, -0.00471316, -0.19793922;
 -0.12490624, 0.008294696, 0.99213386, 1.2880626;
 0, 0, 0, 1]
Twc:
[0.99174631, 0.028942056, -0.12490624, 0.12620828;
 -0.02812569, 0.99956995, 0.008294696, 0.18831597;
 0.1250926, -0.00471316, 0.99213386, -1.2839601;
 0, 0, 0, 1]
Ow:
[0.040743828;
 -0.19793922;
 1.2880626]
Keyframe: 46 Frame: 348 Frame from vFrameID : 349
Tcw:
[0.99600214, -0.023802543, 0.08609999, 0.04189048;
 0.025230613, 0.99956095, -0.015536041, -0.20614341;
 -0.085692391, 0.017646285, 0.99616534, 1.3255849;
 0, 0, 0, 1]
Twc:
[0.99600214, 0.025230613, -0.085692391, 0.077070653;
 -0.023802543, 0.99956095, 0.017646285, 0.18365833;
 0.08609999, -0.015536041, 0.99616534, -1.3273112;
 0, 0, 0, 1]
Ow:
[0.04189048;
 -0.20614341;
 1.3255849]
Keyframe: 47 Frame: 352 Frame from vFrameID : 353
Tcw:
[0.99801475, -0.017081019, 0.060620625, 0.046398785;
 0.020220073, 0.9984656, -0.051552128, -0.20925596;
 -0.059647042, 0.052675534, 0.99682873, 1.3543049;
 0, 0, 0, 1]
Twc:
[0.99801475, 0.020220073, -0.059647042, 0.038704775;
 -0.017081019, 0.9984656, 0.052675534, 0.13838868;
 0.060620625, -0.051552128, 0.99682873, -1.3636103;
 0, 0, 0, 1]
Ow:
[0.046398785;
 -0.20925596;
 1.3543049]
Keyframe: 48 Frame: 356 Frame from vFrameID : 357
Tcw:
[0.99874818, 0.00089351658, 0.050012108, 0.047266632;
 0.00029594341, 0.99971741, -0.023770982, -0.21267429;
 -0.050019216, 0.023756027, 0.99846572, 1.3797045;
 0, 0, 0, 1]
Twc:
[0.99874818, 0.00029594341, -0.050019216, 0.021867208;
 0.00089351658, 0.99971741, 0.023756027, 0.17979567;
 0.050012108, -0.023770982, 0.99846572, -1.3850069;
 0, 0, 0, 1]
Ow:
[0.047266632;
 -0.21267429;
 1.3797045]
Keyframe: 49 Frame: 360 Frame from vFrameID : 361
Tcw:
[0.99880856, 0.0034476372, 0.048678141, 0.042041704;
 -0.00269713, 0.99987662, -0.015475023, -0.21429628;
 -0.048725486, 0.015325294, 0.99869466, 1.4084003;
 0, 0, 0, 1]
Twc:
[0.99880856, -0.00269713, -0.048725486, 0.02605539;
 0.0034476372, 0.99987662, 0.015325294, 0.19254075;
 0.048678141, -0.015475023, 0.99869466, -1.4119246;
 0, 0, 0, 1]
Ow:
[0.042041704;
 -0.21429628;
 1.4084003]
Keyframe: 50 Frame: 364 Frame from vFrameID : 365
Tcw:
[0.99786741, -0.019090625, 0.062419679, 0.031121284;
 0.020697083, 0.99946839, -0.025191886, -0.2219487;
 -0.061905567, 0.026430067, 0.99773198, 1.4388518;
 0, 0, 0, 1]
Twc:
[0.99786741, 0.020697083, -0.061905567, 0.062611707;
 -0.019090625, 0.99946839, 0.026430067, 0.18439588;
 0.062419679, -0.025191886, 0.99773198, -1.4431224;
 0, 0, 0, 1]
Ow:
[0.031121284;
 -0.2219487;
 1.4388518]
Keyframe: 51 Frame: 369 Frame from vFrameID : 370
Tcw:
[0.99586082, -0.031779241, 0.085154809, 0.021890357;
 0.035668202, 0.99837047, -0.044543665, -0.22822982;
 -0.083600484, 0.047396608, 0.99537152, 1.4697771;
 0, 0, 0, 1]
Twc:
[0.99586082, 0.035668202, -0.083600484, 0.10921488;
 -0.031779241, 0.99837047, 0.047396608, 0.15889114;
 0.085154809, -0.044543665, 0.99537152, -1.4750046;
 0, 0, 0, 1]
Ow:
[0.021890357;
 -0.22822982;
 1.4697771]
Keyframe: 52 Frame: 374 Frame from vFrameID : 375
Tcw:
[0.99337137, -0.034267411, 0.10972294, 0.01686807;
 0.038196925, 0.9986946, -0.033913173, -0.23433466;
 -0.10841759, 0.037879452, 0.99338347, 1.5079058;
 0, 0, 0, 1]
Twc:
[0.99337137, 0.038196925, -0.10841759, 0.15567812;
 -0.034267411, 0.9986946, 0.037879452, 0.17748813;
 0.10972294, -0.033913173, 0.99338347, -1.5077267;
 0, 0, 0, 1]
Ow:
[0.01686807;
 -0.23433466;
 1.5079058]
Keyframe: 53 Frame: 380 Frame from vFrameID : 381
Tcw:
[0.99794102, -0.027736582, 0.057831232, 0.018643223;
 0.029422626, 0.99916041, -0.02850968, -0.24283415;
 -0.056991916, 0.030152526, 0.9979192, 1.5571687;
 0, 0, 0, 1]
Twc:
[0.99794102, 0.029422626, -0.056991916, 0.077286005;
 -0.027736582, 0.99916041, 0.030152526, 0.19619478;
 0.057831232, -0.02850968, 0.9979192, -1.5619298;
 0, 0, 0, 1]
Ow:
[0.018643223;
 -0.24283415;
 1.5571687]
Keyframe: 54 Frame: 384 Frame from vFrameID : 385
Tcw:
[0.99875093, -0.021027425, 0.045325741, 0.02352602;
 0.022796102, 0.99898446, -0.038864404, -0.24815674;
 -0.044462491, 0.03984911, 0.99821597, 1.5815362;
 0, 0, 0, 1]
Twc:
[0.99875093, 0.022796102, -0.044462491, 0.052479412;
 -0.021027425, 0.99898446, 0.03984911, 0.1853766;
 0.045325741, -0.038864404, 0.99821597, -1.5894256;
 0, 0, 0, 1]
Ow:
[0.02352602;
 -0.24815674;
 1.5815362]
Keyframe: 55 Frame: 388 Frame from vFrameID : 389
Tcw:
[0.99890077, -0.0067812591, 0.046381973, 0.024023049;
 0.0086142104, 0.99918509, -0.039433613, -0.25017259;
 -0.046076767, 0.039789811, 0.9981451, 1.6057255;
 0, 0, 0, 1]
Twc:
[0.99890077, 0.0086142104, -0.046076767, 0.052145038;
 -0.0067812591, 0.99918509, 0.039789811, 0.18624009;
 0.046381973, -0.039433613, 0.9981451, -1.6137266;
 0, 0, 0, 1]
Ow:
[0.024023049;
 -0.25017259;
 1.6057255]
Keyframe: 56 Frame: 392 Frame from vFrameID : 393
Tcw:
[0.99892861, -0.0038080527, 0.046120483, 0.018365581;
 0.0054492578, 0.99935442, -0.035511877, -0.25323597;
 -0.045955479, 0.035725154, 0.99830449, 1.6331415;
 0, 0, 0, 1]
Twc:
[0.99892861, 0.0054492578, -0.045955479, 0.058085844;
 -0.0038080527, 0.99935442, 0.035725154, 0.19479816;
 0.046120483, -0.035511877, 0.99830449, -1.6402124;
 0, 0, 0, 1]
Ow:
[0.018365581;
 -0.25323597;
 1.6331415]
Keyframe: 57 Frame: 398 Frame from vFrameID : 399
Tcw:
[0.99711704, -0.031501181, 0.069031373, 0.0065836012;
 0.035329472, 0.99786353, -0.05495673, -0.26699451;
 -0.067152686, 0.057237133, 0.99609959, 1.6752671;
 0, 0, 0, 1]
Twc:
[0.99711704, 0.035329472, -0.067152686, 0.11536684;
 -0.031501181, 0.99786353, 0.057237133, 0.17074397;
 0.069031373, -0.05495673, 0.99609959, -1.6838605;
 0, 0, 0, 1]
Ow:
[0.0065836012;
 -0.26699451;
 1.6752671]
Keyframe: 58 Frame: 402 Frame from vFrameID : 403
Tcw:
[0.99578995, -0.034408834, 0.084961094, 0.0062465072;
 0.03819992, 0.99832696, -0.043406095, -0.27075103;
 -0.083325393, 0.046468861, 0.99543834, 1.6957787;
 0, 0, 0, 1]
Twc:
[0.99578995, 0.03819992, -0.083325393, 0.1454239;
 -0.034408834, 0.99832696, 0.046468861, 0.19171207;
 0.084961094, -0.043406095, 0.99543834, -1.7003262;
 0, 0, 0, 1]
Ow:
[0.0062465072;
 -0.27075103;
 1.6957787]
Keyframe: 59 Frame: 406 Frame from vFrameID : 407
Tcw:
[0.99615759, -0.036404256, 0.079654425, 0.0052227527;
 0.039895736, 0.99829155, -0.042689141, -0.27521223;
 -0.077964269, 0.045702983, 0.99590802, 1.7199956;
 0, 0, 0, 1]
Twc:
[0.99615759, 0.039895736, -0.077964269, 0.13987531;
 -0.036404256, 0.99829155, 0.045702983, 0.19632325;
 0.079654425, -0.042689141, 0.99590802, -1.7251221;
 0, 0, 0, 1]
Ow:
[0.0052227527;
 -0.27521223;
 1.7199956]
Keyframe: 60 Frame: 410 Frame from vFrameID : 411
Tcw:
[0.99782723, -0.028774593, 0.059268843, 0.011757836;
 0.030469414, 0.99914646, -0.027892875, -0.27574024;
 -0.058415648, 0.029638158, 0.99785227, 1.7443982;
 0, 0, 0, 1]
Twc:
[0.99782723, 0.030469414, -0.058415648, 0.098569512;
 -0.028774593, 0.99914646, 0.029638158, 0.22414245;
 0.059268843, -0.027892875, 0.99785227, -1.7490399;
 0, 0, 0, 1]
Ow:
[0.011757836;
 -0.27574024;
 1.7443982]
Keyframe: 61 Frame: 415 Frame from vFrameID : 416
Tcw:
[0.9990688, -0.01988771, 0.038289018, 0.017633479;
 0.02162642, 0.99872816, -0.045544788, -0.28382921;
 -0.037334539, 0.04633043, 0.99822825, 1.7798154;
 0, 0, 0, 1]
Twc:
[0.9990688, 0.02162642, -0.037334539, 0.054969743;
 -0.01988771, 0.99872816, 0.04633043, 0.2013593;
 0.038289018, -0.045544788, 0.99822825, -1.7902641;
 0, 0, 0, 1]
Ow:
[0.017633479;
 -0.28382921;
 1.7798154]
Keyframe: 62 Frame: 420 Frame from vFrameID : 421
Tcw:
[0.99914998, -0.017207598, 0.037459265, 0.021863639;
 0.018406633, 0.99932146, -0.031903062, -0.28776813;
 -0.036884874, 0.032565445, 0.99878877, 1.8091091;
 0, 0, 0, 1]
Twc:
[0.99914998, 0.018406633, -0.036884874, 0.050180551;
 -0.017207598, 0.99932146, 0.032565445, 0.22903466;
 0.037459265, -0.031903062, 0.99878877, -1.8169175;
 0, 0, 0, 1]
Ow:
[0.021863639;
 -0.28776813;
 1.8091091]
Keyframe: 63 Frame: 426 Frame from vFrameID : 427
Tcw:
[0.99825376, -0.025016127, 0.053512517, 0.018665776;
 0.026965633, 0.99898702, -0.036024444, -0.2926676;
 -0.052557118, 0.037404533, 0.99791718, 1.8561394;
 0, 0, 0, 1]
Twc:
[0.99825376, 0.026965633, -0.052557118, 0.086812131;
 -0.025016127, 0.99898702, 0.037404533, 0.22341004;
 0.053512517, -0.036024444, 0.99791718, -1.8638154;
 0, 0, 0, 1]
Ow:
[0.018665776;
 -0.2926676;
 1.8561394]
Keyframe: 64 Frame: 430 Frame from vFrameID : 431
Tcw:
[0.99743992, -0.02484693, 0.067054346, 0.022338592;
 0.028305264, 0.9982909, -0.051127698, -0.29357249;
 -0.06566938, 0.052894797, 0.9964385, 1.8788675;
 0, 0, 0, 1]
Twc:
[0.99743992, 0.028305264, -0.06566938, 0.1094123;
 -0.02484693, 0.9982909, 0.052894797, 0.19424348;
 0.067054346, -0.051127698, 0.9964385, -1.8886834;
 0, 0, 0, 1]
Ow:
[0.022338592;
 -0.29357249;
 1.8788675]
Keyframe: 65 Frame: 434 Frame from vFrameID : 435
Tcw:
[0.99506736, -0.023421451, 0.096396789, 0.022246704;
 0.027082378, 0.99895394, -0.036846053, -0.29676253;
 -0.095432959, 0.039274961, 0.99466074, 1.8987345;
 0, 0, 0, 1]
Twc:
[0.99506736, 0.027082378, -0.095432959, 0.16710192;
 -0.023421451, 0.99895394, 0.039274961, 0.22240043;
 0.096396789, -0.036846053, 0.99466074, -1.9016757;
 0, 0, 0, 1]
Ow:
[0.022246704;
 -0.29676253;
 1.8987345]
Keyframe: 66 Frame: 438 Frame from vFrameID : 439
Tcw:
[0.99563497, -0.017119322, 0.091749005, 0.021239877;
 0.020918649, 0.99895608, -0.040609576, -0.301321;
 -0.090958022, 0.042351581, 0.99495375, 1.9209055;
 0, 0, 0, 1]
Twc:
[0.99563497, 0.020918649, -0.090958022, 0.15987782;
 -0.017119322, 0.99895608, 0.042351581, 0.22001666;
 0.091749005, -0.040609576, 0.99495375, -1.9253974;
 0, 0, 0, 1]
Ow:
[0.021239877;
 -0.301321;
 1.9209055]
Keyframe: 67 Frame: 442 Frame from vFrameID : 443
Tcw:
[0.99843675, -0.014338468, 0.054023311, 0.024948858;
 0.016404333, 0.99914336, -0.037992913, -0.30377516;
 -0.053432271, 0.038819738, 0.99781662, 1.943771;
 0, 0, 0, 1]
Twc:
[0.99843675, 0.016404333, -0.053432271, 0.083933465;
 -0.014338468, 0.99914336, 0.038819738, 0.228416;
 0.054023311, -0.037992913, 0.99781662, -1.9524161;
 0, 0, 0, 1]
Ow:
[0.024948858;
 -0.30377516;
 1.943771]
Keyframe: 68 Frame: 446 Frame from vFrameID : 447
Tcw:
[0.99994189, 0.0066892868, 0.008454456, 0.033372011;
 -0.0061040958, 0.99770451, -0.067442603, -0.31046462;
 -0.0088861911, 0.067387074, 0.99768734, 1.9719832;
 0, 0, 0, 1]
Twc:
[0.99994189, -0.0061040958, -0.0088861911, -0.017741757;
 0.0066892868, 0.99770451, 0.067387074, 0.17664249;
 0.008454456, -0.067442603, 0.99768734, -1.9886434;
 0, 0, 0, 1]
Ow:
[0.033372011;
 -0.31046462;
 1.9719832]
Keyframe: 69 Frame: 450 Frame from vFrameID : 451
Tcw:
[0.99998528, -0.0053893081, 0.00065024983, 0.035525531;
 0.0054110033, 0.99918526, -0.039994609, -0.31981313;
 -0.00043417679, 0.039997537, 0.99919969, 1.995492;
 0, 0, 0, 1]
Twc:
[0.99998528, 0.0054110033, -0.00043417679, -0.032928102;
 -0.0053893081, 0.99918526, 0.039997537, 0.23992923;
 0.00065024983, -0.039994609, 0.99919969, -2.0067089;
 0, 0, 0, 1]
Ow:
[0.035525531;
 -0.31981313;
 1.995492]
Keyframe: 70 Frame: 456 Frame from vFrameID : 457
Tcw:
[0.99927831, -3.7799473e-05, 0.037985709, 0.030308031;
 0.0020113965, 0.99864924, -0.051919427, -0.32136744;
 -0.037932437, 0.05195836, 0.99792856, 2.031266;
 0, 0, 0, 1]
Twc:
[0.99927831, 0.0020113965, -0.037932437, 0.04741111;
 -3.7799473e-05, 0.99864924, 0.05195836, 0.21539325;
 0.037985709, -0.051919427, 0.99792856, -2.0448949;
 0, 0, 0, 1]
Ow:
[0.030308031;
 -0.32136744;
 2.031266]
Keyframe: 71 Frame: 460 Frame from vFrameID : 461
Tcw:
[0.99820644, -0.022543222, 0.055459436, 0.0207581;
 0.024936512, 0.99877036, -0.042847268, -0.32358503;
 -0.054425325, 0.044153381, 0.99754113, 2.0642099;
 0, 0, 0, 1]
Twc:
[0.99820644, 0.024936512, -0.054425325, 0.099693507;
 -0.022543222, 0.99877036, 0.044153381, 0.23251325;
 0.055459436, -0.042847268, 0.99754113, -2.0741503;
 0, 0, 0, 1]
Ow:
[0.0207581;
 -0.32358503;
 2.0642099]
Keyframe: 72 Frame: 465 Frame from vFrameID : 466
Tcw:
[0.99663353, -0.036561951, 0.073381506, 0.0088660866;
 0.039172314, 0.99863833, -0.034453895, -0.32610744;
 -0.072021879, 0.037212431, 0.99670863, 2.0953028;
 0, 0, 0, 1]
Twc:
[0.99663353, 0.039172314, -0.072021879, 0.15484579;
 -0.036561951, 0.99863833, 0.037212431, 0.24801624;
 0.073381506, -0.034453895, 0.99670863, -2.1002927;
 0, 0, 0, 1]
Ow:
[0.0088660866;
 -0.32610744;
 2.0953028]
Keyframe: 73 Frame: 471 Frame from vFrameID : 472
Tcw:
[0.9963783, -0.023676937, 0.081668451, 0.0040613711;
 0.025780223, 0.99936008, -0.024796203, -0.32878244;
 -0.081029087, 0.026811829, 0.99635106, 2.1349087;
 0, 0, 0, 1]
Twc:
[0.9963783, 0.025780223, -0.081029087, 0.17741913;
 -0.023676937, 0.99936008, 0.026811829, 0.27142739;
 0.081668451, -0.024796203, 0.99635106, -2.1356027;
 0, 0, 0, 1]
Ow:
[0.0040613711;
 -0.32878244;
 2.1349087]
Keyframe: 74 Frame: 476 Frame from vFrameID : 477
Tcw:
[0.99886227, -0.0095055718, 0.046730794, 0.0058551058;
 0.012038959, 0.9984557, -0.054233417, -0.33389276;
 -0.046143107, 0.054734305, 0.9974342, 2.1670871;
 0, 0, 0, 1]
Twc:
[0.99886227, 0.012038959, -0.046143107, 0.098167412;
 -0.0095055718, 0.9984557, 0.054734305, 0.21481876;
 0.046730794, -0.054233417, 0.9974342, -2.1799085;
 0, 0, 0, 1]
Ow:
[0.0058551058;
 -0.33389276;
 2.1670871]
Keyframe: 75 Frame: 482 Frame from vFrameID : 483
Tcw:
[0.99956548, 0.010070401, 0.02770276, 0.0010733381;
 -0.0094217183, 0.9996807, -0.023447545, -0.3428731;
 -0.02793004, 0.023176348, 0.99934119, 2.208533;
 0, 0, 0, 1]
Twc:
[0.99956548, -0.0094217183, -0.02793004, 0.057381094;
 0.010070401, 0.9996807, 0.023176348, 0.29156706;
 0.02770276, -0.023447545, 0.99934119, -2.2151473;
 0, 0, 0, 1]
Ow:
[0.0010733381;
 -0.3428731;
 2.208533]
Keyframe: 76 Frame: 486 Frame from vFrameID : 487
Tcw:
[0.99949044, 0.014358749, 0.028508238, -0.0033979416;
 -0.013236468, 0.99914479, -0.039172776, -0.34455061;
 -0.029046331, 0.038775466, 0.99882567, 2.2332337;
 0, 0, 0, 1]
Twc:
[0.99949044, -0.013236468, -0.029046331, 0.063702829;
 0.014358749, 0.99914479, 0.038775466, 0.25771004;
 0.028508238, -0.039172776, 0.99882567, -2.2440114;
 0, 0, 0, 1]
Ow:
[-0.0033979416;
 -0.34455061;
 2.2332337]
Keyframe: 77 Frame: 490 Frame from vFrameID : 491
Tcw:
[0.99937737, 0.011012146, 0.03352081, -0.011547975;
 -0.0095276637, 0.99898046, -0.044127442, -0.34892261;
 -0.033972573, 0.043780591, 0.99846339, 2.2582796;
 0, 0, 0, 1]
Twc:
[0.99937737, -0.0095276637, -0.033972573, 0.084935933;
 0.011012146, 0.99898046, 0.043780591, 0.24982521;
 0.03352081, -0.044127442, 0.99846339, -2.2698195;
 0, 0, 0, 1]
Ow:
[-0.011547975;
 -0.34892261;
 2.2582796]
Keyframe: 78 Frame: 495 Frame from vFrameID : 496
Tcw:
[0.99799895, -0.015233268, 0.061367653, -0.019548461;
 0.016988901, 0.99945825, -0.028188961, -0.35555595;
 -0.060904995, 0.029175123, 0.99771708, 2.2899597;
 0, 0, 0, 1]
Twc:
[0.99799895, 0.016988901, -0.060904995, 0.16501984;
 -0.015233268, 0.99945825, 0.029175123, 0.28825569;
 0.061367653, -0.028188961, 0.99771708, -2.293555;
 0, 0, 0, 1]
Ow:
[-0.019548461;
 -0.35555595;
 2.2899597]
Keyframe: 79 Frame: 500 Frame from vFrameID : 501
Tcw:
[0.99689746, 0.0034848866, 0.078633972, -0.018960729;
 -0.0013820246, 0.99964035, -0.026781, -0.36158389;
 -0.078699015, 0.026589237, 0.99654377, 2.3298609;
 0, 0, 0, 1]
Twc:
[0.99689746, -0.0013820246, -0.078699015, 0.20175996;
 0.0034848866, 0.99964035, 0.026589237, 0.29957068;
 0.078633972, -0.026781, 0.99654377, -2.3300011;
 0, 0, 0, 1]
Ow:
[-0.018960729;
 -0.36158389;
 2.3298609]
Keyframe: 80 Frame: 505 Frame from vFrameID : 506
Tcw:
[0.99950039, 0.0078404984, 0.030619159, -0.013142757;
 -0.0060948851, 0.99837303, -0.056693349, -0.36947119;
 -0.031013848, 0.056478404, 0.997922, 2.3585091;
 0, 0, 0, 1]
Twc:
[0.99950039, -0.0060948851, -0.031013848, 0.084030755;
 0.0078404984, 0.99837303, 0.056478404, 0.23576826;
 0.030619159, -0.056693349, 0.997922, -2.3741524;
 0, 0, 0, 1]
Ow:
[-0.013142757;
 -0.36947119;
 2.3585091]
Keyframe: 81 Frame: 511 Frame from vFrameID : 512
Tcw:
[0.99939567, 0.029698085, 0.018063145, -0.0099490657;
 -0.028724613, 0.9982363, -0.051953901, -0.37655875;
 -0.019574217, 0.051403649, 0.9984861, 2.3977585;
 0, 0, 0, 1]
Twc:
[0.99939567, -0.028724613, -0.019574217, 0.046060797;
 0.029698085, 0.9982363, 0.051403649, 0.25293654;
 0.018063145, -0.051953901, 0.9984861, -2.4135125;
 0, 0, 0, 1]
Ow:
[-0.0099490657;
 -0.37655875;
 2.3977585]
Keyframe: 82 Frame: 516 Frame from vFrameID : 517
Tcw:
[0.9993397, 0.016968714, 0.032129001, -0.017231368;
 -0.015106436, 0.99824023, -0.057343561, -0.37717688;
 -0.033045508, 0.05682034, 0.99783736, 2.4278665;
 0, 0, 0, 1]
Twc:
[0.9993397, -0.015106436, -0.033045508, 0.091752268;
 0.016968714, 0.99824023, 0.05682034, 0.23885332;
 0.032129001, -0.057343561, 0.99783736, -2.443691;
 0, 0, 0, 1]
Ow:
[-0.017231368;
 -0.37717688;
 2.4278665]
Keyframe: 83 Frame: 521 Frame from vFrameID : 522
Tcw:
[0.99853224, 0.011678734, 0.052886333, -0.020486593;
 -0.0091813244, 0.99884224, -0.047221359, -0.38381597;
 -0.053376589, 0.046666484, 0.99748343, 2.4572709;
 0, 0, 0, 1]
Twc:
[0.99853224, -0.0091813244, -0.053376589, 0.14809333;
 0.011678734, 0.99884224, 0.046666484, 0.26893869;
 0.052886333, -0.047221359, 0.99748343, -2.468128;
 0, 0, 0, 1]
Ow:
[-0.020486593;
 -0.38381597;
 2.4572709]
Keyframe: 84 Frame: 525 Frame from vFrameID : 526
Tcw:
[0.99760896, -0.0020733972, 0.069080114, -0.02392225;
 0.0046280092, 0.99931043, -0.036840934, -0.39002204;
 -0.068956092, 0.037072551, 0.99693066, 2.4853685;
 0, 0, 0, 1]
Twc:
[0.99760896, 0.0046280092, -0.068956092, 0.19705139;
 -0.0020733972, 0.99931043, 0.037072551, 0.29756454;
 0.069080114, -0.036840934, 0.99693066, -2.4904563;
 0, 0, 0, 1]
Ow:
[-0.02392225;
 -0.39002204;
 2.4853685]
Keyframe: 85 Frame: 529 Frame from vFrameID : 530
Tcw:
[0.99796551, -0.0035647175, 0.063656531, -0.024673253;
 0.0054537109, 0.99954915, -0.02952572, -0.39042637;
 -0.063522577, 0.029812813, 0.99753499, 2.5095479;
 0, 0, 0, 1]
Twc:
[0.99796551, 0.0054537109, -0.063522577, 0.18616529;
 -0.0035647175, 0.99954915, 0.029812813, 0.3153457;
 0.063656531, -0.02952572, 0.99753499, -2.513319;
 0, 0, 0, 1]
Ow:
[-0.024673253;
 -0.39042637;
 2.5095479]
Keyframe: 86 Frame: 533 Frame from vFrameID : 534
Tcw:
[0.99884862, 0.012899987, 0.046205904, -0.02176103;
 -0.011971498, 0.99972194, -0.020315288, -0.39413574;
 -0.046455126, 0.019738743, 0.99872535, 2.5352702;
 0, 0, 0, 1]
Twc:
[0.99884862, -0.011971498, -0.046455126, 0.13479388;
 0.012899987, 0.99972194, 0.019738743, 0.34426382;
 0.046205904, -0.020315288, 0.99872535, -2.5390401;
 0, 0, 0, 1]
Ow:
[-0.02176103;
 -0.39413574;
 2.5352702]
Keyframe: 87 Frame: 537 Frame from vFrameID : 538
Tcw:
[0.99919385, 0.02830551, 0.028468842, -0.018109061;
 -0.027484372, 0.9992063, -0.028832525, -0.3981767;
 -0.029262366, 0.028026832, 0.99917877, 2.5580931;
 0, 0, 0, 1]
Twc:
[0.99919385, -0.027484372, -0.029262366, 0.082006678;
 0.02830551, 0.9992063, 0.028026832, 0.32667801;
 0.028468842, -0.028832525, 0.99917877, -2.5669572;
 0, 0, 0, 1]
Ow:
[-0.018109061;
 -0.3981767;
 2.5580931]
Keyframe: 88 Frame: 541 Frame from vFrameID : 542
Tcw:
[0.99906594, 0.038984776, 0.018638972, -0.016656138;
 -0.038337562, 0.99868953, -0.033903956, -0.40148413;
 -0.019936284, 0.033157714, 0.99925125, 2.5802462;
 0, 0, 0, 1]
Twc:
[0.99906594, -0.038337562, -0.019936284, 0.052689187;
 0.038984776, 0.99868953, 0.033157714, 0.31605223;
 0.018638972, -0.033903956, 0.99925125, -2.5916159;
 0, 0, 0, 1]
Ow:
[-0.016656138;
 -0.40148413;
 2.5802462]
Keyframe: 89 Frame: 545 Frame from vFrameID : 546
Tcw:
[0.99909216, 0.037562791, 0.020098338, -0.021311309;
 -0.036987334, 0.99891561, -0.028276199, -0.40084505;
 -0.021138676, 0.027507145, 0.99939805, 2.6127;
 0, 0, 0, 1]
Twc:
[0.99909216, -0.036987334, -0.021138676, 0.061694786;
 0.037562791, 0.99891561, 0.027507145, 0.32934296;
 0.020098338, -0.028276199, 0.99939805, -2.6220334;
 0, 0, 0, 1]
Ow:
[-0.021311309;
 -0.40084505;
 2.6127]
Keyframe: 90 Frame: 549 Frame from vFrameID : 550
Tcw:
