Keyframe: 0 Frame: 0 Frame from vFrameID : 32
Tcw:
[1, 0, 0, 0;
 0, 1, 0, 0;
 0, 0, 1, 0;
 0, 0, 0, 1]
Twc:
[1, 0, 0, 0;
 0, 1, 0, 0;
 0, 0, 1, 0;
 0, 0, 0, 1]
Ow:
[0;
 0;
 0]
Keyframe: 1 Frame: 31 Frame from vFrameID : 32
Tcw:
[0.99968761, 0.014774865, 0.020158306, 0.01078176;
 -0.01464087, 0.99986982, -0.0067786211, -0.0095471097;
 -0.020255834, 0.0064813686, 0.9997738, 0.0050223325;
 0, 0, 0, 1]
Twc:
[0.99968761, -0.01464087, -0.020255834, -0.010816439;
 0.014774865, 0.99986982, 0.0064813686, 0.0093540158;
 0.020158306, -0.0067786211, 0.9997738, -0.0053032548;
 0, 0, 0, 1]
Ow:
[0.01078176;
 -0.0095471097;
 0.0050223325]
Keyframe: 2 Frame: 33 Frame from vFrameID : 34
Tcw:
[0.99965233, 0.016681489, 0.020420501, 0.010798646;
 -0.016324034, 0.99971277, -0.017547973, -0.0071284454;
 -0.020707361, 0.017208526, 0.99963748, 0.002752644;
 0, 0, 0, 1]
Twc:
[0.99965233, -0.016324034, -0.020707361, -0.010854256;
 0.016681489, 0.99971277, 0.017208526, 0.0068988912;
 0.020420501, -0.017547973, 0.99963748, -0.0030972494;
 0, 0, 0, 1]
Ow:
[0.010798646;
 -0.0071284454;
 0.002752644]
Keyframe: 3 Frame: 35 Frame from vFrameID : 36
Tcw:
[0.99965751, 0.018129569, 0.018872233, 0.010778781;
 -0.017858187, 0.99973607, -0.014450524, -0.0066780569;
 -0.019129235, 0.014108551, 0.99971747, 0.0034475755;
 0, 0, 0, 1]
Twc:
[0.99965751, -0.017858187, -0.019129235, -0.010828398;
 0.018129569, 0.99973607, 0.014108551, 0.0064322399;
 0.018872233, -0.014450524, 0.99971747, -0.0037465226;
 0, 0, 0, 1]
Ow:
[0.010778781;
 -0.0066780569;
 0.0034475755]
Keyframe: 4 Frame: 37 Frame from vFrameID : 38
Tcw:
[0.999731, 0.017769717, 0.014905993, 0.010947875;
 -0.017587546, 0.9997701, -0.012264642, -0.0071578212;
 -0.015120505, 0.011999183, 0.99981368, 0.004607073;
 0, 0, 0, 1]
Twc:
[0.999731, -0.017587546, -0.015120505, -0.011001157;
 0.017769717, 0.9997701, 0.011999183, 0.0069063543;
 0.014905993, -0.012264642, 0.99981368, -0.0048571914;
 0, 0, 0, 1]
Ow:
[0.010947875;
 -0.0071578212;
 0.004607073]
Keyframe: 5 Frame: 39 Frame from vFrameID : 40
Tcw:
[0.99974817, 0.01824758, 0.013060537, 0.011049903;
 -0.018095482, 0.99976814, -0.011670555, -0.006968298;
 -0.013270468, 0.01143128, 0.99984658, 0.0050596893;
 0, 0, 0, 1]
Twc:
[0.99974817, -0.018095482, -0.013270468, -0.011106071;
 0.01824758, 0.99976814, 0.01143128, 0.0067072101;
 0.013060537, -0.011670555, 0.99984658, -0.0052845548;
 0, 0, 0, 1]
Ow:
[0.011049903;
 -0.006968298;
 0.0050596893]
Keyframe: 6 Frame: 41 Frame from vFrameID : 42
Tcw:
[0.99976087, 0.017703047, 0.0128395, 0.010446183;
 -0.01756213, 0.99978518, -0.011006187, -0.0065214485;
 -0.013031585, 0.010778066, 0.99985701, 0.0053784233;
 0, 0, 0, 1]
Twc:
[0.99976087, -0.01756213, -0.013031585, -0.010488125;
 0.017703047, 0.99978518, 0.010778066, 0.0062771495;
 0.0128395, -0.011006187, 0.99985701, -0.0055835545;
 0, 0, 0, 1]
Ow:
[0.010446183;
 -0.0065214485;
 0.0053784233]
Keyframe: 7 Frame: 43 Frame from vFrameID : 44
Tcw:
[0.99987489, 0.014488036, 0.0063461321, 0.010361222;
 -0.014427165, 0.99985045, -0.0095348759, -0.0073387697;
 -0.0064833248, 0.0094421264, 0.99993438, 0.0055318503;
 0, 0, 0, 1]
Twc:
[0.99987489, -0.014427165, -0.0064833248, -0.010429938;
 0.014488036, 0.99985045, 0.0094421264, 0.0071353265;
 0.0063461321, -0.0095348759, 0.99993438, -0.0056672157;
 0, 0, 0, 1]
Ow:
[0.010361222;
 -0.0073387697;
 0.0055318503]
Keyframe: 8 Frame: 45 Frame from vFrameID : 46
Tcw:
[0.9999072, 0.012763667, 0.0047668926, 0.011265602;
 -0.012719248, 0.99987644, -0.0092349499, -0.0078524891;
 -0.0048841755, 0.0091734612, 0.999946, 0.0056202211;
 0, 0, 0, 1]
Twc:
[0.9999072, -0.012719248, -0.0048841755, -0.011336984;
 0.012763667, 0.99987644, 0.0091734612, 0.0076561724;
 0.0047668926, -0.0092349499, 0.999946, -0.0057461369;
 0, 0, 0, 1]
Ow:
[0.011265602;
 -0.0078524891;
 0.0056202211]
Keyframe: 9 Frame: 47 Frame from vFrameID : 48
Tcw:
[0.99992007, 0.012220976, 0.0032441097, 0.01051757;
 -0.012196232, 0.99989718, -0.0075406674, -0.0097911777;
 -0.0033359304, 0.0075004986, 0.99996632, 0.0054981411;
 0, 0, 0, 1]
Twc:
[0.99992007, -0.012196232, -0.0033359304, -0.010617804;
 0.012220976, 0.99989718, 0.0075004986, 0.0096203964;
 0.0032441097, -0.0075406674, 0.99996632, -0.0056059076;
 0, 0, 0, 1]
Ow:
[0.01051757;
 -0.0097911777;
 0.0054981411]
Keyframe: 10 Frame: 49 Frame from vFrameID : 50
Tcw:
[0.99994767, 0.010217347, -0.00051619083, 0.011323815;
 -0.010221862, 0.999901, -0.0096697342, -0.0087103117;
 0.00041734069, 0.0096745044, 0.99995309, 0.0051151579;
 0, 0, 0, 1]
Twc:
[0.99994767, -0.010221862, 0.00041734069, -0.011414392;
 0.010217347, 0.999901, 0.0096745044, 0.0085442634;
 -0.00051619083, -0.0096697342, 0.99995309, -0.0051932991;
 0, 0, 0, 1]
Ow:
[0.011323815;
 -0.0087103117;
 0.0051151579]
Keyframe: 11 Frame: 51 Frame from vFrameID : 52
Tcw:
[0.9999457, 0.01041741, -0.00033788188, 0.011577265;
 -0.010420185, 0.99989921, -0.009643022, -0.009549411;
 0.00023739251, 0.009646019, 0.99995345, 0.0055504814;
 0, 0, 0, 1]
Twc:
[0.9999457, -0.010420185, 0.00023739251, -0.011677461;
 0.01041741, 0.99989921, 0.009646019, 0.0093743037;
 -0.00033788188, -0.009643022, 0.99995345, -0.0056383964;
 0, 0, 0, 1]
Ow:
[0.011577265;
 -0.009549411;
 0.0055504814]
Keyframe: 12 Frame: 53 Frame from vFrameID : 54
Tcw:
[0.99993384, 0.011498298, -0.00039026179, 0.012953378;
 -0.011502149, 0.99986207, -0.011979788, -0.011053598;
 0.0002524608, 0.011983484, 0.99992818, 0.0046811751;
 0, 0, 0, 1]
Twc:
[0.99993384, -0.011502149, 0.0002524608, -0.013080843;
 0.011498298, 0.99986207, 0.011983484, 0.010847034;
 -0.00039026179, -0.011979788, 0.99992818, -0.0048082033;
 0, 0, 0, 1]
Ow:
[0.012953378;
 -0.011053598;
 0.0046811751]
Keyframe: 13 Frame: 56 Frame from vFrameID : 57
Tcw:
[0.99991786, 0.012817499, -7.1421098e-05, 0.012986761;
 -0.0128175, 0.99985594, -0.011127783, -0.009544665;
 -7.121954e-05, 0.011127784, 0.99993807, 0.0056437626;
 0, 0, 0, 1]
Twc:
[0.99991786, -0.0128175, -7.121954e-05, -0.01310763;
 0.012817499, 0.99985594, 0.011127784, 0.0093140295;
 -7.1421098e-05, -0.011127783, 0.99993807, -0.0057486971;
 0, 0, 0, 1]
Ow:
[0.012986761;
 -0.009544665;
 0.0056437626]
Keyframe: 14 Frame: 58 Frame from vFrameID : 59
Tcw:
[0.99991256, 0.01321354, 0.00052635459, 0.013179112;
 -0.013204774, 0.99981272, -0.014147201, -0.010187213;
 -0.00071319065, 0.014139013, 0.9998998, 0.0056615006;
 0, 0, 0, 1]
Twc:
[0.99991256, -0.013204774, -0.00071319065, -0.013308442;
 0.01321354, 0.99981272, 0.014139013, 0.0099311145;
 0.00052635459, -0.014147201, 0.9998998, -0.0058119907;
 0, 0, 0, 1]
Ow:
[0.013179112;
 -0.010187213;
 0.0056615006]
Keyframe: 15 Frame: 61 Frame from vFrameID : 62
Tcw:
[0.9998951, 0.014403602, 0.0015094249, 0.012781975;
 -0.014375677, 0.9997502, -0.017115537, -0.0093410695;
 -0.0017555732, 0.017092042, 0.99985236, 0.0048150872;
 0, 0, 0, 1]
Twc:
[0.9998951, -0.014375677, -0.0017555732, -0.012906466;
 0.014403602, 0.9997502, 0.017092042, 0.0090723289;
 0.0015094249, -0.017115537, 0.99985236, -0.0049935472;
 0, 0, 0, 1]
Ow:
[0.012781975;
 -0.0093410695;
 0.0048150872]
Keyframe: 16 Frame: 64 Frame from vFrameID : 65
Tcw:
[0.99986416, 0.016374214, 0.0018811176, 0.012681622;
 -0.016342763, 0.9997437, -0.015668225, -0.0091556339;
 -0.0021371902, 0.015635353, 0.99987549, 0.0053983284;
 0, 0, 0, 1]
Twc:
[0.99986416, -0.016342763, -0.0021371902, -0.012817991;
 0.016374214, 0.9997437, 0.015635353, 0.0088612307;
 0.0018811176, -0.015668225, 0.99987549, -0.0055649644;
 0, 0, 0, 1]
Ow:
[0.012681622;
 -0.0091556339;
 0.0053983284]
Keyframe: 17 Frame: 67 Frame from vFrameID : 68
Tcw:
[0.99985749, 0.016550658, 0.0033324352, 0.011937605;
 -0.016498081, 0.99974787, -0.015230805, -0.0092294272;
 -0.0035836748, 0.015173655, 0.99987847, 0.0055078277;
 0, 0, 0, 1]
Twc:
[0.99985749, -0.016498081, -0.0035836748, -0.012068434;
 0.016550658, 0.99974787, 0.015173655, 0.0089459522;
 0.0033324352, -0.015230805, 0.99987847, -0.0056875111;
 0, 0, 0, 1]
Ow:
[0.011937605;
 -0.0092294272;
 0.0055078277]
Keyframe: 18 Frame: 70 Frame from vFrameID : 71
Tcw:
[0.99981236, 0.018513246, 0.0057001505, 0.011376656;
 -0.018397704, 0.99963671, -0.01969591, -0.0093690492;
 -0.0060627148, 0.019587344, 0.99978977, 0.0045508682;
 0, 0, 0, 1]
Twc:
[0.99981236, -0.018397704, -0.0060627148, -0.0115193;
 0.018513246, 0.99963671, 0.019587344, 0.009065887;
 0.0057001505, -0.01969591, 0.99978977, -0.004799292;
 0, 0, 0, 1]
Ow:
[0.011376656;
 -0.0093690492;
 0.0045508682]
Keyframe: 19 Frame: 73 Frame from vFrameID : 74
Tcw:
[0.99982005, 0.01865403, 0.0034435003, 0.011221082;
 -0.018577134, 0.99960363, -0.021154113, -0.008137906;
 -0.0038367447, 0.021086335, 0.99977028, 0.0032892835;
 0, 0, 0, 1]
Twc:
[0.99982005, -0.018577134, -0.0038367447, -0.011357622;
 0.01865403, 0.99960363, 0.021086335, 0.007856003;
 0.0034435003, -0.021154113, 0.99977028, -0.0034993181;
 0, 0, 0, 1]
Ow:
[0.011221082;
 -0.008137906;
 0.0032892835]
Keyframe: 20 Frame: 76 Frame from vFrameID : 77
Tcw:
[0.99984437, 0.017248515, 0.0036992864, 0.0093974415;
 -0.01717836, 0.99968636, -0.018224221, -0.0076106433;
 -0.0040124669, 0.018157838, 0.99982709, 0.0037722639;
 0, 0, 0, 1]
Twc:
[0.99984437, -0.01717836, -0.0040124669, -0.0095115816;
 0.017248515, 0.99968636, 0.018157838, 0.0073776678;
 0.0036992864, -0.018224221, 0.99982709, -0.0039450736;
 0, 0, 0, 1]
Ow:
[0.0093974415;
 -0.0076106433;
 0.0037722639]
Keyframe: 21 Frame: 79 Frame from vFrameID : 80
Tcw:
[0.99983418, 0.017839395, 0.0036633206, 0.0074276445;
 -0.017773133, 0.99969083, -0.017386865, -0.0073874504;
 -0.003972359, 0.017318873, 0.99984211, 0.0028850695;
 0, 0, 0, 1]
Twc:
[0.99983418, -0.017773133, -0.003972359, -0.0075462498;
 0.017839395, 0.99969083, 0.017318873, 0.0072026956;
 0.0036633206, -0.017386865, 0.99984211, -0.0030402686;
 0, 0, 0, 1]
Ow:
[0.0074276445;
 -0.0073874504;
 0.0028850695]
Keyframe: 22 Frame: 82 Frame from vFrameID : 83
Tcw:
[0.9998377, 0.018009858, -0.00041663772, 0.0056819501;
 -0.018014213, 0.9997105, -0.015949767, -0.0064902832;
 0.00012926407, 0.015954684, 0.99987268, 0.0028469479;
 0, 0, 0, 1]
Twc:
[0.9998377, -0.018014213, 0.00012926407, -0.0057983133;
 0.018009858, 0.9997105, 0.015954684, 0.0063406513;
 -0.00041663772, -0.015949767, 0.99987268, -0.0029477368;
 0, 0, 0, 1]
Ow:
[0.0056819501;
 -0.0064902832;
 0.0028469479]
Keyframe: 23 Frame: 86 Frame from vFrameID : 87
Tcw:
[0.99973315, 0.02051522, -0.010618242, 0.0010578943;
 -0.020632457, 0.99972606, -0.011051879, -0.0072633522;
 0.010388603, 0.01126801, 0.99988252, 0.0046764603;
 0, 0, 0, 1]
Twc:
[0.99973315, -0.020632457, 0.010388603, -0.0012560547;
 0.02051522, 0.99972606, 0.01126801, 0.0071869651;
 -0.010618242, -0.011051879, 0.99988252, -0.0047449516;
 0, 0, 0, 1]
Ow:
[0.0010578943;
 -0.0072633522;
 0.0046764603]
Keyframe: 24 Frame: 90 Frame from vFrameID : 91
Tcw:
[0.9994908, 0.020735841, -0.024251727, -0.0051881396;
 -0.021018151, 0.9997136, -0.011444389, -0.005808902;
 0.024007473, 0.011948287, 0.99964035, 0.006981838;
 0, 0, 0, 1]
Twc:
[0.9994908, -0.021018151, 0.024007473, 0.0048957895;
 0.020735841, 0.9997136, 0.011948287, 0.0058313976;
 -0.024251727, -0.011444389, 0.99964035, -0.0071716281;
 0, 0, 0, 1]
Ow:
[-0.0051881396;
 -0.005808902;
 0.006981838]
Keyframe: 25 Frame: 94 Frame from vFrameID : 95
Tcw:
[0.99839056, 0.029908357, -0.048184603, -0.014995276;
 -0.030382214, 0.99949664, -0.0091318199, -0.011704728;
 0.047887232, 0.010581078, 0.9987967, 0.0096247867;
 0, 0, 0, 1]
Twc:
[0.99839056, -0.030382214, 0.047887232, 0.014154622;
 0.029908357, 0.99949664, 0.010581078, 0.012045479;
 -0.048184603, -0.0091318199, 0.9987967, -0.010442632;
 0, 0, 0, 1]
Ow:
[-0.014995276;
 -0.011704728;
 0.0096247867]
Keyframe: 26 Frame: 98 Frame from vFrameID : 99
Tcw:
[0.99606943, 0.03899784, -0.079529069, -0.021324815;
 -0.041195668, 0.99880797, -0.02618403, -0.011932818;
 0.078413144, 0.029357364, 0.99648857, 0.013169913;
 0, 0, 0, 1]
Twc:
[0.99606943, -0.041195668, 0.078413144, 0.019716721;
 0.03899784, 0.99880797, 0.029357364, 0.012363582;
 -0.079529069, -0.02618403, 0.99648857, -0.015132059;
 0, 0, 0, 1]
Ow:
[-0.021324815;
 -0.011932818;
 0.013169913]
Keyframe: 27 Frame: 102 Frame from vFrameID : 103
Tcw:
[0.99372894, 0.042721882, -0.10333259, -0.025310002;
 -0.047919914, 0.99768007, -0.048354898, -0.012097806;
 0.10102706, 0.053003348, 0.99347079, 0.015593302;
 0, 0, 0, 1]
Twc:
[0.99372894, -0.047919914, 0.10102706, 0.022996211;
 0.042721882, 0.99768007, 0.053003348, 0.012324533;
 -0.10333259, -0.048354898, 0.99347079, -0.018691825;
 0, 0, 0, 1]
Ow:
[-0.025310002;
 -0.012097806;
 0.015593302]
Keyframe: 28 Frame: 106 Frame from vFrameID : 107
Tcw:
[0.99320269, 0.049924478, -0.10514761, -0.028515358;
 -0.054946512, 0.99745584, -0.045417681, -0.012166357;
 0.10261264, 0.050886456, 0.99341893, 0.017468613;
 0, 0, 0, 1]
Twc:
[0.99320269, -0.054946512, 0.10261264, 0.025860528;
 0.049924478, 0.99745584, 0.050886456, 0.012670102;
 -0.10514761, -0.045417681, 0.99341893, -0.020904541;
 0, 0, 0, 1]
Ow:
[-0.028515358;
 -0.012166357;
 0.017468613]
Keyframe: 29 Frame: 110 Frame from vFrameID : 111
Tcw:
[0.99432659, 0.041168049, -0.098080866, -0.026624586;
 -0.047011241, 0.99720746, -0.058028053, -0.011938667;
 0.095418073, 0.062309738, 0.99348521, 0.016541624;
 0, 0, 0, 1]
Twc:
[0.99432659, -0.047011241, 0.095418073, 0.024333911;
 0.041168049, 0.99720746, 0.062309738, 0.011970706;
 -0.098080866, -0.058028053, 0.99348521, -0.019738;
 0, 0, 0, 1]
Ow:
[-0.026624586;
 -0.011938667;
 0.016541624]
Keyframe: 30 Frame: 114 Frame from vFrameID : 115
Tcw:
[0.99613315, 0.032753929, -0.081522837, -0.021855446;
 -0.038165055, 0.99710751, -0.065727465, -0.011636443;
 0.079134196, 0.068584628, 0.99450183, 0.013593839;
 0, 0, 0, 1]
Twc:
[0.99613315, -0.038165055, 0.079134196, 0.02025109;
 0.032753929, 0.99710751, 0.068584628, 0.011386309;
 -0.081522837, -0.065727465, 0.99450183, -0.016065652;
 0, 0, 0, 1]
Ow:
[-0.021855446;
 -0.011636443;
 0.013593839]
Keyframe: 31 Frame: 118 Frame from vFrameID : 119
Tcw:
[0.99711692, 0.040648643, -0.064074785, -0.016092334;
 -0.044966746, 0.99670839, -0.067456447, -0.011631146;
 0.061121862, 0.0701432, 0.99566263, 0.010204479;
 0, 0, 0, 1]
Twc:
[0.99711692, -0.044966746, 0.061121862, 0.014899205;
 0.040648643, 0.99670839, 0.0701432, 0.011531218;
 -0.064074785, -0.067456447, 0.99566263, -0.011975926;
 0, 0, 0, 1]
Ow:
[-0.016092334;
 -0.011631146;
 0.010204479]
Keyframe: 32 Frame: 122 Frame from vFrameID : 123
Tcw:
[0.99670398, 0.05394166, -0.060593084, 0.00075506757;
 -0.05641092, 0.99761373, -0.039807282, -0.016951678;
 0.058301222, 0.043094188, 0.99736845, 0.0101785;
 0, 0, 0, 1]
Twc:
[0.99670398, -0.05641092, 0.058301222, -0.0023022573;
 0.05394166, 0.99761373, 0.043094188, 0.016431862;
 -0.060593084, -0.039807282, 0.99736845, -0.010780763;
 0, 0, 0, 1]
Ow:
[0.00075506757;
 -0.016951678;
 0.0101785]
Keyframe: 33 Frame: 126 Frame from vFrameID : 127
Tcw:
[0.99669194, 0.060463909, -0.054307088, 0.01152901;
 -0.06228013, 0.99753278, -0.032396775, -0.015612568;
 0.052214265, 0.035671856, 0.9979986, 0.0098147467;
 0, 0, 0, 1]
Twc:
[0.99669194, -0.06228013, 0.052214265, -0.012975694;
 0.060463909, 0.99753278, 0.035671856, 0.014526849;
 -0.054307088, -0.032396775, 0.9979986, -0.0096747931;
 0, 0, 0, 1]
Ow:
[0.01152901;
 -0.015612568;
 0.0098147467]
Keyframe: 34 Frame: 130 Frame from vFrameID : 131
Tcw:
[0.99681193, 0.071002282, -0.036396679, 0.02720643;
 -0.071613938, 0.99730754, -0.01578483, -0.011038726;
 0.035177924, 0.018341016, 0.99921274, 0.0095789442;
 0, 0, 0, 1]
Twc:
[0.99681193, -0.071613938, 0.035177924, -0.028247187;
 0.071002282, 0.99730754, 0.018341016, 0.0089015989;
 -0.036396679, -0.01578483, 0.99921274, -0.0087554241;
 0, 0, 0, 1]
Ow:
[0.02720643;
 -0.011038726;
 0.0095789442]
Keyframe: 35 Frame: 134 Frame from vFrameID : 135
Tcw:
[0.99723417, 0.070269011, -0.024213422, 0.036181733;
 -0.070609212, 0.9974128, -0.013493117, -0.0088350326;
 0.02320263, 0.015165488, 0.99961573, 0.0085264398;
 0, 0, 0, 1]
Twc:
[0.99723417, -0.070609212, 0.02320263, -0.036903333;
 0.070269011, 0.9974128, 0.015165488, 0.0061404123;
 -0.024213422, -0.013493117, 0.99961573, -0.007766292;
 0, 0, 0, 1]
Ow:
[0.036181733;
 -0.0088350326;
 0.0085264398]
Keyframe: 36 Frame: 138 Frame from vFrameID : 139
Tcw:
[0.99762321, 0.066570707, -0.017783493, 0.034389526;
 -0.066790655, 0.99769396, -0.012073768, -0.0078706546;
 0.016938724, 0.013232843, 0.99976897, 0.0078242216;
 0, 0, 0, 1]
Twc:
[0.99762321, -0.066790655, 0.016938724, -0.034966007;
 0.066570707, 0.99769396, 0.013232843, 0.0054596327;
 -0.017783493, -0.012073768, 0.99976897, -0.0073058764;
 0, 0, 0, 1]
Ow:
[0.034389526;
 -0.0078706546;
 0.0078242216]
Keyframe: 37 Frame: 142 Frame from vFrameID : 143
Tcw:
[0.99827838, 0.055710535, -0.018347828, 0.027028117;
 -0.055884108, 0.99839592, -0.0090867598, -0.011569843;
 0.017812168, 0.010096467, 0.99979037, 0.0050079902;
 0, 0, 0, 1]
Twc:
[0.99827838, -0.055884108, 0.017812168, -0.027717358;
 0.055710535, 0.99839592, 0.010096467, 0.0099949697;
 -0.018347828, -0.0090867598, 0.99979037, -0.0046161655;
 0, 0, 0, 1]
Ow:
[0.027028117;
 -0.011569843;
 0.0050079902]
Keyframe: 38 Frame: 146 Frame from vFrameID : 147
Tcw:
[0.99897552, 0.040858462, -0.019455345, 0.0070739407;
 -0.041226875, 0.99897051, -0.018927477, -0.014425746;
 0.01866197, 0.01971017, 0.99963152, 0.0021263978;
 0, 0, 0, 1]
Twc:
[0.99897552, -0.041226875, 0.01866197, -0.007701105;
 0.040858462, 0.99897051, 0.01971017, 0.014079954;
 -0.019455345, -0.018927477, 0.99963152, -0.0022610314;
 0, 0, 0, 1]
Ow:
[0.0070739407;
 -0.014425746;
 0.0021263978]
Keyframe: 39 Frame: 150 Frame from vFrameID : 151
Tcw:
[0.99878687, 0.029422615, -0.039486002, -0.007945627;
 -0.030672144, 0.99903548, -0.031421173, -0.017494531;
 0.038523424, 0.032594174, 0.99872595, 0.0056442199;
 0, 0, 0, 1]
Twc:
[0.99878687, -0.030672144, 0.038523424, 0.0071819583;
 0.029422615, 0.99903548, 0.032594174, 0.01752747;
 -0.039486002, -0.031421173, 0.99872595, -0.0065004686;
 0, 0, 0, 1]
Ow:
[-0.007945627;
 -0.017494531;
 0.0056442199]
Keyframe: 40 Frame: 154 Frame from vFrameID : 155
Tcw:
[0.9985494, 0.025949599, -0.047177773, -0.021374486;
 -0.027369516, 0.99918395, -0.029704468, -0.012882593;
 0.046368454, 0.030952612, 0.99844474, 0.0090377666;
 0, 0, 0, 1]
Twc:
[0.9985494, -0.027369516, 0.046368454, 0.02057182;
 0.025949599, 0.99918395, 0.030952612, 0.013146996;
 -0.047177773, -0.029704468, 0.99844474, -0.010414782;
 0, 0, 0, 1]
Ow:
[-0.021374486;
 -0.012882593;
 0.0090377666]
Keyframe: 41 Frame: 158 Frame from vFrameID : 159
Tcw:
[0.99699318, 0.030635612, -0.071176462, -0.02583009;
 -0.032596491, 0.99911582, -0.026553102, -0.011073302;
 0.070300058, 0.028793363, 0.99711025, 0.01185286;
 0, 0, 0, 1]
Twc:
[0.99699318, -0.032596491, 0.070300058, 0.024558214;
 0.030635612, 0.99911582, 0.028793363, 0.011513548;
 -0.071176462, -0.026553102, 0.99711025, -0.013951133;
 0, 0, 0, 1]
Ow:
[-0.02583009;
 -0.011073302;
 0.01185286]
Keyframe: 42 Frame: 162 Frame from vFrameID : 163
Tcw:
[0.9949615, 0.041044358, -0.091470987, -0.022956029;
 -0.043424334, 0.99876404, -0.024181597, -0.0069661643;
 0.09036541, 0.028031824, 0.99551409, 0.011700219;
 0, 0, 0, 1]
Twc:
[0.9949615, -0.043424334, 0.09036541, 0.02148057;
 0.041044358, 0.99876404, 0.028031824, 0.0075717913;
 -0.091470987, -0.024181597, 0.99551409, -0.013915996;
 0, 0, 0, 1]
Ow:
[-0.022956029;
 -0.0069661643;
 0.011700219]
Keyframe: 43 Frame: 166 Frame from vFrameID : 167
Tcw:
[0.99359232, 0.046660233, -0.10294256, -0.016269214;
 -0.048968859, 0.99859977, -0.020012923, -0.004654326;
 0.10186461, 0.024925664, 0.99448597, 0.0095837722;
 0, 0, 0, 1]
Twc:
[0.99359232, -0.048968859, 0.10186461, 0.0149608;
 0.046660233, 0.99859977, 0.024925664, 0.0051680524;
 -0.10294256, -0.020012923, 0.99448597, -0.011298868;
 0, 0, 0, 1]
Ow:
[-0.016269214;
 -0.004654326;
 0.0095837722]
Keyframe: 44 Frame: 170 Frame from vFrameID : 171
Tcw:
[0.99276948, 0.064490698, -0.10124064, 0.0029288614;
 -0.066461898, 0.99765718, -0.016216243, 0.00062691636;
 0.099957652, 0.022827638, 0.99472982, 0.0042120386;
 0, 0, 0, 1]
Twc:
[0.99276948, -0.066461898, 0.099957652, -0.0032870441;
 0.064490698, 0.99765718, 0.022827638, -0.00091048278;
 -0.10124064, -0.016216243, 0.99472982, -0.0038831541;
 0, 0, 0, 1]
Ow:
[0.0029288614;
 0.00062691636;
 0.0042120386]
Keyframe: 45 Frame: 175 Frame from vFrameID : 176
Tcw:
[0.99410534, 0.05699233, -0.092230424, 0.012437055;
 -0.057575885, 0.99833435, -0.0036765717, 0.0030695191;
 0.091867261, 0.0089651477, 0.99573088, 0.0062048701;
 0, 0, 0, 1]
Twc:
[0.99410534, -0.057575885, 0.091867261, -0.012757037;
 0.05699233, 0.99833435, 0.0089651477, -0.0038288508;
 -0.092230424, -0.0036765717, 0.99573088, -0.005020021;
 0, 0, 0, 1]
Ow:
[0.012437055;
 0.0030695191;
 0.0062048701]
Keyframe: 46 Frame: 179 Frame from vFrameID : 180
Tcw:
[0.99496228, 0.058406487, -0.081478499, 0.016185584;
 -0.05783077, 0.99828207, 0.0094099697, -3.6268728e-05;
 0.081888124, -0.0046506007, 0.99663067, 0.013058937;
 0, 0, 0, 1]
Twc:
[0.99496228, -0.05783077, 0.081888124, -0.017175514;
 0.058406487, 0.99828207, -0.0046506007, -0.00084840471;
 -0.081478499, 0.0094099697, 0.99663067, -0.011695819;
 0, 0, 0, 1]
Ow:
[0.016185584;
 -3.6268728e-05;
 0.013058937]
Keyframe: 47 Frame: 183 Frame from vFrameID : 184
Tcw:
[0.99600011, 0.056626573, -0.069117412, 0.020615377;
 -0.056665957, 0.99839222, 0.0013923151, -0.012005161;
 0.069085129, 0.0025298581, 0.99760759, 0.027928008;
 0, 0, 0, 1]
Twc:
[0.99600011, -0.056665957, 0.069085129, -0.02314261;
 0.056626573, 0.99839222, 0.0025298581, 0.010747827;
 -0.069117412, 0.0013923151, 0.99760759, -0.026419595;
 0, 0, 0, 1]
Ow:
[0.020615377;
 -0.012005161;
 0.027928008]
Keyframe: 48 Frame: 187 Frame from vFrameID : 188
Tcw:
[0.99796021, 0.045804102, -0.044468392, 0.025379313;
 -0.046435483, 0.99883312, -0.01327029, -0.027786164;
 0.043808669, 0.015308131, 0.99892265, 0.052955549;
 0, 0, 0, 1]
Twc:
[0.99796021, -0.046435483, 0.043808669, -0.02893772;
 0.045804102, 0.99883312, 0.015308131, 0.025780616;
 -0.044468392, -0.01327029, 0.99892265, -0.052138649;
 0, 0, 0, 1]
Ow:
[0.025379313;
 -0.027786164;
 0.052955549]
Keyframe: 49 Frame: 193 Frame from vFrameID : 194
Tcw:
[0.99978274, 0.020797275, -0.0013892384, 0.029411945;
 -0.020819541, 0.99961001, -0.01860985, -0.05817562;
 0.0010016625, 0.018634729, 0.99982584, 0.081802242;
 0, 0, 0, 1]
Twc:
[0.99978274, -0.020819541, 0.0010016625, -0.030698685;
 0.020797275, 0.99961001, 0.018634729, 0.056016881;
 -0.0013892384, -0.01860985, 0.99982584, -0.082829773;
 0, 0, 0, 1]
Ow:
[0.029411945;
 -0.05817562;
 0.081802242]
Keyframe: 50 Frame: 199 Frame from vFrameID : 200
Tcw:
[0.99948651, 0.013904678, 0.028869236, 0.045628056;
 -0.013282781, 0.99967796, -0.021623041, -0.090066969;
 -0.0291606, 0.021228474, 0.9993493, 0.11612853;
 0, 0, 0, 1]
Twc:
[0.99948651, -0.013282781, -0.0291606, -0.043414585;
 0.013904678, 0.99967796, 0.021228474, 0.086938292;
 0.028869236, -0.021623041, 0.9993493, -0.11931774;
 0, 0, 0, 1]
Ow:
[0.045628056;
 -0.090066969;
 0.11612853]
Keyframe: 51 Frame: 205 Frame from vFrameID : 206
Tcw:
[0.99950755, 0.03105803, 0.0044727772, 0.06782873;
 -0.030955283, 0.99929053, -0.02145344, -0.12345495;
 -0.0051359055, 0.021304419, 0.99975985, 0.1659086;
 0, 0, 0, 1]
Twc:
[0.99950755, -0.030955283, -0.0051359055, -0.070764825;
 0.03105803, 0.99929053, 0.021304419, 0.11772614;
 0.0044727772, -0.02145344, 0.99975985, -0.16882068;
 0, 0, 0, 1]
Ow:
[0.06782873;
 -0.12345495;
 0.1659086]
Keyframe: 52 Frame: 211 Frame from vFrameID : 212
Tcw:
[0.99856222, 0.050074633, -0.019130522, 0.099493302;
 -0.050062381, 0.99874544, 0.0011191106, -0.16355929;
 0.019162562, -0.00015978212, 0.99981636, 0.21445285;
 0, 0, 0, 1]
Twc:
[0.99856222, -0.050062381, 0.019162562, -0.11164789;
 0.050074633, 0.99874544, -0.00015978212, 0.15840627;
 -0.019130522, 0.0011191106, 0.99981636, -0.21232708;
 0, 0, 0, 1]
Ow:
[0.099493302;
 -0.16355929;
 0.21445285]
Keyframe: 53 Frame: 217 Frame from vFrameID : 218
Tcw:
[0.99769682, 0.06690681, -0.011162146, 0.1237686;
 -0.066961117, 0.99774516, -0.0045645591, -0.1980982;
 0.010831578, 0.0053014755, 0.99992728, 0.25155026;
 0, 0, 0, 1]
Twc:
[0.99769682, -0.066961117, 0.010831578, -0.13947311;
 0.06690681, 0.99774516, 0.0053014755, 0.18803696;
 -0.011162146, -0.0045645591, 0.99992728, -0.25105467;
 0, 0, 0, 1]
Ow:
[0.1237686;
 -0.1980982;
 0.25155026]
Keyframe: 54 Frame: 223 Frame from vFrameID : 224
Tcw:
[0.99819022, 0.060135871, 5.0177056e-05, 0.14851022;
 -0.060123049, 0.99799389, -0.019833643, -0.2430488;
 -0.0012427898, 0.019794732, 0.9998033, 0.31844389;
 0, 0, 0, 1]
Twc:
[0.99819022, -0.060123049, -0.0012427898, -0.16245852;
 0.060135871, 0.99799389, 0.019794732, 0.22732693;
 5.0177056e-05, -0.019833643, 0.9998033, -0.32320923;
 0, 0, 0, 1]
Ow:
[0.14851022;
 -0.2430488;
 0.31844389]
Keyframe: 55 Frame: 230 Frame from vFrameID : 231
Tcw:
[0.99938595, 0.032549873, 0.012969762, 0.17374688;
 -0.032442745, 0.99943841, -0.0083865598, -0.29971811;
 -0.01323546, 0.0079606362, 0.99988073, 0.38194296;
 0, 0, 0, 1]
Twc:
[0.99938595, -0.032442745, -0.01323546, -0.1783087;
 0.032549873, 0.99943841, 0.0079606362, 0.29085386;
 0.012969762, -0.0083865598, 0.99988073, -0.38666445;
 0, 0, 0, 1]
Ow:
[0.17374688;
 -0.29971811;
 0.38194296]
Keyframe: 56 Frame: 236 Frame from vFrameID : 237
Tcw:
[0.99819684, 0.028939037, 0.05258872, 0.20740357;
 -0.028918469, 0.9995811, -0.0011521342, -0.35359684;
 -0.052600034, -0.00037072858, 0.99861556, 0.4378463;
 0, 0, 0, 1]
Twc:
[0.99819684, -0.028918469, -0.052600034, -0.19422436;
 0.028939037, 0.9995811, -0.00037072858, 0.34760898;
 0.05258872, -0.0011521342, 0.99861556, -0.44855464;
 0, 0, 0, 1]
Ow:
[0.20740357;
 -0.35359684;
 0.4378463]
Keyframe: 57 Frame: 241 Frame from vFrameID : 242
Tcw:
[0.99830925, 0.053350501, 0.02307405, 0.24905419;
 -0.05238764, 0.99780548, -0.040493835, -0.39766669;
 -0.02518378, 0.039216574, 0.99891335, 0.49641261;
 0, 0, 0, 1]
Twc:
[0.99830925, -0.05238764, -0.02518378, -0.25696436;
 0.053350501, 0.99780548, 0.039216574, 0.36403921;
 0.02307405, -0.040493835, 0.99891335, -0.5177229;
 0, 0, 0, 1]
Ow:
[0.24905419;
 -0.39766669;
 0.49641261]
Keyframe: 58 Frame: 244 Frame from vFrameID : 245
Tcw:
[0.99723518, 0.074296162, 0.0014513453, 0.26859826;
 -0.074186683, 0.99651212, -0.038209431, -0.42076015;
 -0.0042850971, 0.037996117, 0.99926871, 0.52923316;
 0, 0, 0, 1]
Twc:
[0.99723518, -0.074186683, -0.0042850971, -0.29680261;
 0.074296162, 0.99651212, 0.037996117, 0.379228;
 0.0014513453, -0.038209431, 0.99926871, -0.54531294;
 0, 0, 0, 1]
Ow:
[0.26859826;
 -0.42076015;
 0.52923316]
Keyframe: 59 Frame: 247 Frame from vFrameID : 248
Tcw:
[0.99625397, 0.085510612, -0.01288458, 0.287269;
 -0.08575993, 0.99611044, -0.020230416, -0.44831768;
 0.011104548, 0.021259613, 0.99971229, 0.55910546;
 0, 0, 0, 1]
Twc:
[0.99625397, -0.08575993, 0.011104548, -0.33084914;
 0.085510612, 0.99611044, 0.021259613, 0.41012299;
 -0.01288458, -0.020230416, 0.99971229, -0.56431293;
 0, 0, 0, 1]
Ow:
[0.287269;
 -0.44831768;
 0.55910546]
Keyframe: 60 Frame: 250 Frame from vFrameID : 251
Tcw:
[0.99537081, 0.093654349, -0.02158211, 0.30473524;
 -0.093813412, 0.99556875, -0.0064772987, -0.46937332;
 0.020879846, 0.0084720049, 0.99974608, 0.58954144;
 0, 0, 0, 1]
Twc:
[0.99537081, -0.093813412, 0.020879846, -0.35966763;
 0.093654349, 0.99556875, 0.0084720049, 0.433759;
 -0.02158211, -0.0064772987, 0.99974608, -0.58585519;
 0, 0, 0, 1]
Ow:
[0.30473524;
 -0.46937332;
 0.58954144]
Keyframe: 61 Frame: 253 Frame from vFrameID : 254
Tcw:
[0.99479431, 0.098970532, -0.02427146, 0.31614605;
 -0.098953351, 0.99509025, 0.0019107788, -0.48597392;
 0.024341404, 0.00050091045, 0.99970359, 0.61433822;
 0, 0, 0, 1]
Twc:
[0.99479431, -0.098953351, 0.024341404, -0.37754288;
 0.098970532, 0.99509025, 0.00050091045, 0.45199102;
 -0.02427146, 0.0019107788, 0.99970359, -0.60555416;
 0, 0, 0, 1]
Ow:
[0.31614605;
 -0.48597392;
 0.61433822]
Keyframe: 62 Frame: 256 Frame from vFrameID : 257
Tcw:
[0.9948507, 0.097528271, -0.027573111, 0.33950102;
 -0.09753716, 0.99523133, 0.0010255561, -0.51839435;
 0.027541645, 0.0016691276, 0.99961925, 0.67670119;
 0, 0, 0, 1]
Twc:
[0.9948507, -0.09753716, 0.027541645, -0.40695304;
 0.097528271, 0.99523133, 0.0016691276, 0.48168188;
 -0.027573111, 0.0010255561, 0.99961925, -0.66655082;
 0, 0, 0, 1]
Ow:
[0.33950102;
 -0.51839435;
 0.67670119]
Keyframe: 63 Frame: 259 Frame from vFrameID : 260
Tcw:
[0.99586415, 0.086973883, -0.026270375, 0.3500374;
 -0.087251201, 0.99614012, -0.0095989136, -0.53320944;
 0.025334118, 0.011851336, 0.99960881, 0.70986974;
 0, 0, 0, 1]
Twc:
[0.99586415, -0.087251201, 0.025334118, -0.41309679;
 0.086973883, 0.99614012, 0.011851336, 0.49229428;
 -0.026270375, -0.0095989136, 0.99960881, -0.70551461;
 0, 0, 0, 1]
Ow:
[0.3500374;
 -0.53320944;
 0.70986974]
Keyframe: 64 Frame: 262 Frame from vFrameID : 263
Tcw:
[0.99590486, 0.09010867, 0.0073440699, 0.38210046;
 -0.090021066, 0.99587351, -0.011495915, -0.57280207;
 -0.0083496468, 0.010787717, 0.99990696, 0.76916927;
 0, 0, 0, 1]
Twc:
[0.99590486, -0.090021066, -0.0083496468, -0.42567766;
 0.09010867, 0.99587351, 0.010787717, 0.52771026;
 0.0073440699, -0.011495915, 0.99990696, -0.77848876;
 0, 0, 0, 1]
Ow:
[0.38210046;
 -0.57280207;
 0.76916927]
Keyframe: 65 Frame: 265 Frame from vFrameID : 266
Tcw:
[0.99555141, 0.090390578, 0.026588583, 0.39065456;
 -0.090303786, 0.99590433, -0.0044495356, -0.58988547;
 -0.026881881, 0.0020286913, 0.99963653, 0.79590636;
 0, 0, 0, 1]
Twc:
[0.99555141, -0.090303786, -0.026881881, -0.42079011;
 0.090390578, 0.99590433, 0.0020286913, 0.55054337;
 0.026588583, -0.0044495356, 0.99963653, -0.8086288;
 0, 0, 0, 1]
Ow:
[0.39065456;
 -0.58988547;
 0.79590636]
Keyframe: 66 Frame: 268 Frame from vFrameID : 269
Tcw:
[0.99729735, 0.067335226, 0.02939284, 0.39995354;
 -0.067718759, 0.99762923, 0.012253072, -0.61544102;
 -0.028498093, -0.014210403, 0.99949282, 0.84327221;
 0, 0, 0, 1]
Twc:
[0.99729735, -0.067718759, -0.028498093, -0.41651785;
 0.067335226, 0.99762923, -0.014210403, 0.59903425;
 0.02939284, 0.012253072, 0.99949282, -0.84705931;
 0, 0, 0, 1]
Ow:
[0.39995354;
 -0.61544102;
 0.84327221]
Keyframe: 67 Frame: 272 Frame from vFrameID : 273
Tcw:
[0.99795949, 0.060993783, 0.018883958, 0.4227196;
 -0.061171122, 0.99808705, 0.0089598456, -0.65795732;
 -0.01830134, -0.010096716, 0.99978155, 0.90298587;
 0, 0, 0, 1]
Twc:
[0.99795949, -0.061171122, -0.01830134, -0.44557917;
 0.060993783, 0.99808705, -0.010096716, 0.64003259;
 0.018883958, 0.0089598456, 0.99978155, -0.90487599;
 0, 0, 0, 1]
Ow:
[0.4227196;
 -0.65795732;
 0.90298587]
Keyframe: 68 Frame: 275 Frame from vFrameID : 276
Tcw:
[0.99654776, 0.083012149, 0.0012637934, 0.44857362;
 -0.082993679, 0.99649107, -0.010842525, -0.68952209;
 -0.0021594202, 0.010700207, 0.9999404, 0.94914335;
 0, 0, 0, 1]
Twc:
[0.99654776, -0.082993679, -0.0021594202, -0.50220138;
 0.083012149, 0.99649107, 0.010700207, 0.63970953;
 0.0012637934, -0.010842525, 0.9999404, -0.9571299;
 0, 0, 0, 1]
Ow:
[0.44857362;
 -0.68952209;
 0.94914335]
Keyframe: 69 Frame: 279 Frame from vFrameID : 280
Tcw:
[0.99438077, 0.10183792, -0.028912919, 0.47207391;
 -0.10269779, 0.99426019, -0.029997682, -0.7225107;
 0.025692062, 0.032798409, 0.99913174, 0.99990785;
 0, 0, 0, 1]
Twc:
[0.99438077, -0.10269779, 0.025692062, -0.56931114;
 0.10183792, 0.99426019, 0.032798409, 0.63749319;
 -0.028912919, -0.029997682, 0.99913174, -1.0070642;
 0, 0, 0, 1]
Ow:
[0.47207391;
 -0.7225107;
 0.99990785]
Keyframe: 70 Frame: 283 Frame from vFrameID : 284
Tcw:
[0.99180794, 0.12254593, -0.036047898, 0.49379861;
 -0.1229274, 0.99237877, -0.0085551543, -0.75968325;
 0.034724772, 0.012916345, 0.99931341, 1.0460658;
 0, 0, 0, 1]
Twc:
[0.99180794, -0.1229274, 0.034724772, -0.61946368;
 0.12254593, 0.99237877, 0.012916345, 0.67986923;
 -0.036047898, -0.0085551543, 0.99931341, -1.0340465;
 0, 0, 0, 1]
Ow:
[0.49379861;
 -0.75968325;
 1.0460658]
Keyframe: 71 Frame: 287 Frame from vFrameID : 288
Tcw:
[0.99069679, 0.13299167, -0.02886398, 0.50817657;
 -0.13223071, 0.99085528, 0.026848366, -0.78854614;
 0.032170635, -0.022781886, 0.9992227, 1.108693;
 0, 0, 0, 1]
Twc:
[0.99069679, -0.13223071, 0.032170635, -0.64338624;
 0.13299167, 0.99085528, -0.022781886, 0.73900998;
 -0.02886398, 0.026848366, 0.9992227, -1.071992;
 0, 0, 0, 1]
Ow:
[0.50817657;
 -0.78854614;
 1.108693]
Keyframe: 72 Frame: 291 Frame from vFrameID : 292
Tcw:
[0.99416256, 0.10691201, -0.01451377, 0.52246433;
 -0.10678813, 0.99424052, 0.0090599163, -0.81982303;
 0.015398792, -0.0074571306, 0.99985361, 1.1836923;
 0, 0, 0, 1]
Twc:
[0.99416256, -0.10678813, 0.015398792, -0.6251893;
 0.10691201, 0.99424052, -0.0074571306, 0.76807052;
 -0.01451377, 0.0090599163, 0.99985361, -1.1685086;
 0, 0, 0, 1]
Ow:
[0.52246433;
 -0.81982303;
 1.1836923]
Keyframe: 73 Frame: 295 Frame from vFrameID : 296
Tcw:
[0.99511665, 0.098020181, 0.011612771, 0.53642541;
 -0.098175339, 0.99507564, 0.013642563, -0.84920406;
 -0.010218338, -0.014716029, 0.99983948, 1.232919;
 0, 0, 0, 1]
Twc:
[0.99511665, -0.098175339, -0.010218338, -0.60457832;
 0.098020181, 0.99507564, -0.014716029, 0.81058544;
 0.011612771, 0.013642563, 0.99983948, -1.2273653;
 0, 0, 0, 1]
Ow:
[0.53642541;
 -0.84920406;
 1.232919]
Keyframe: 74 Frame: 299 Frame from vFrameID : 300
Tcw:
[0.99503845, 0.092579283, 0.036436267, 0.55084056;
 -0.094074629, 0.9946906, 0.041720182, -0.88990629;
 -0.032380387, -0.044940911, 0.99846476, 1.2907087;
 0, 0, 0, 1]
Twc:
[0.99503845, -0.094074629, -0.032380387, -0.5900315;
 0.092579283, 0.9946906, -0.044940911, 0.89219064;
 0.036436267, 0.041720182, 0.99846476, -1.2716706;
 0, 0, 0, 1]
Ow:
[0.55084056;
 -0.88990629;
 1.2907087]
Keyframe: 75 Frame: 303 Frame from vFrameID : 304
Tcw:
[0.99718237, 0.062327437, 0.041744158, 0.56619024;
 -0.063956544, 0.99719429, 0.038898259, -0.92853528;
 -0.039202608, -0.041458469, 0.99837083, 1.3485403;
 0, 0, 0, 1]
Twc:
[0.99718237, -0.063956544, -0.039202608, -0.5711146;
 0.062327437, 0.99719429, -0.041458469, 0.94654936;
 0.041744158, 0.038898259, 0.99837083, -1.33386;
 0, 0, 0, 1]
Ow:
[0.56619024;
 -0.92853528;
 1.3485403]
Keyframe: 76 Frame: 307 Frame from vFrameID : 308
Tcw:
[0.99808258, 0.056499958, 0.025276089, 0.59115052;
 -0.057260688, 0.99789447, 0.030459698, -0.96116662;
 -0.023501899, -0.031848621, 0.99921638, 1.4133626;
 0, 0, 0, 1]
Twc:
[0.99808258, -0.057260688, -0.023501899, -0.61183745;
 0.056499958, 0.99789447, -0.031848621, 0.97075659;
 0.025276089, 0.030459698, 0.99921638, -1.3979201;
 0, 0, 0, 1]
Ow:
[0.59115052;
 -0.96116662;
 1.4133626]
Keyframe: 77 Frame: 311 Frame from vFrameID : 312
Tcw:
[0.99637055, 0.085104555, 0.0017251424, 0.6162526;
 -0.08512187, 0.9962042, 0.018205829, -1.0022597;
 -0.00016919505, -0.018286599, 0.99983275, 1.4738978;
 0, 0, 0, 1]
Twc:
[0.99637055, -0.08512187, -0.00016919505, -0.69908071;
 0.085104555, 0.9962042, -0.018286599, 0.97296208;
 0.0017251424, 0.018205829, 0.99983275, -1.4564675;
 0, 0, 0, 1]
Ow:
[0.6162526;
 -1.0022597;
 1.4738978]
Keyframe: 78 Frame: 315 Frame from vFrameID : 316
Tcw:
[0.99627948, 0.083988823, -0.01931599, 0.63484639;
 -0.083519086, 0.99621809, 0.023961043, -1.0312322;
 0.021255398, -0.022258641, 0.99952626, 1.5073164;
 0, 0, 0, 1]
Twc:
[0.99627948, -0.083519086, 0.021255398, -0.75065064;
 0.083988823, 0.99621809, -0.022258641, 1.0075629;
 -0.01931599, 0.023961043, 0.99952626, -1.4696301;
 0, 0, 0, 1]
Ow:
[0.63484639;
 -1.0312322;
 1.5073164]
Keyframe: 79 Frame: 319 Frame from vFrameID : 320
Tcw:
[0.9960025, 0.088403448, -0.012801004, 0.66126049;
 -0.087670714, 0.99491787, 0.049520612, -1.0711046;
 0.01711374, -0.04820038, 0.99869108, 1.5744998;
 0, 0, 0, 1]
Twc:
[0.9960025, -0.087670714, 0.01711374, -0.77946723;
 0.088403448, 0.99491787, -0.04820038, 1.083095;
 -0.012801004, 0.049520612, 0.99869108, -1.5109323;
 0, 0, 0, 1]
Ow:
[0.66126049;
 -1.0711046;
 1.5744998]
Keyframe: 80 Frame: 323 Frame from vFrameID : 324
Tcw:
[0.99618864, 0.087219507, -0.00098348723, 0.67339957;
 -0.08702185, 0.99457395, 0.057007913, -1.0974498;
 0.0059503526, -0.05670505, 0.99837327, 1.6249617;
 0, 0, 0, 1]
Twc:
[0.99618864, -0.08702185, 0.0059503526, -0.7760042;
 0.087219507, 0.99457395, -0.05670505, 1.1249049;
 -0.00098348723, 0.057007913, 0.99837327, -1.5590926;
 0, 0, 0, 1]
Ow:
[0.67339957;
 -1.0974498;
 1.6249617]
Keyframe: 81 Frame: 327 Frame from vFrameID : 328
Tcw:
[0.99718368, 0.071622834, 0.022245936, 0.69143713;
 -0.072611064, 0.99623573, 0.047349468, -1.131968;
 -0.018770894, -0.048831418, 0.99863064, 1.6929137;
 0, 0, 0, 1]
Twc:
[0.99718368, -0.072611064, -0.018770894, -0.73990571;
 0.071622834, 0.99623573, -0.048831418, 1.1608517;
 0.022245936, 0.047349468, 0.99863064, -1.652379;
 0, 0, 0, 1]
Ow:
[0.69143713;
 -1.131968;
 1.6929137]
Keyframe: 82 Frame: 331 Frame from vFrameID : 332
Tcw:
[0.99719286, 0.052373469, 0.053510971, 0.70751947;
 -0.056109753, 0.99590498, 0.070887215, -1.1550831;
 -0.049579233, -0.073690712, 0.99604797, 1.7557862;
 0, 0, 0, 1]
Twc:
[0.99719286, -0.056109753, -0.049579233, -0.68329424;
 0.052373469, 0.99590498, -0.073690712, 1.2426828;
 0.053510971, 0.070887215, 0.99604797, -1.7048267;
 0, 0, 0, 1]
Ow:
[0.70751947;
 -1.1550831;
 1.7557862]
Keyframe: 83 Frame: 335 Frame from vFrameID : 336
Tcw:
[0.99792165, 0.035439316, 0.053819142, 0.72284079;
 -0.039404906, 0.99644178, 0.074504927, -1.1987846;
 -0.05098724, -0.076470815, 0.9957673, 1.8107851;
 0, 0, 0, 1]
Twc:
[0.99792165, -0.039404906, -0.05098724, -0.6762495;
 0.035439316, 0.99644178, -0.076470815, 1.3073744;
 0.053819142, 0.074504927, 0.9957673, -1.752708;
 0, 0, 0, 1]
Ow:
[0.72284079;
 -1.1987846;
 1.8107851]
Keyframe: 84 Frame: 339 Frame from vFrameID : 340
Tcw:
[0.99786693, 0.0506914, 0.04113321, 0.75169754;
 -0.053582884, 0.99592519, 0.072538584, -1.2299976;
 -0.037288517, -0.074587889, 0.99651706, 1.8704864;
 0, 0, 0, 1]
Twc:
[0.99786693, -0.053582884, -0.037288517, -0.74625331;
 0.0506914, 0.99592519, -0.074587889, 1.3263967;
 0.04113321, 0.072538584, 0.99651706, -1.805669;
 0, 0, 0, 1]
Ow:
[0.75169754;
 -1.2299976;
 1.8704864]
Keyframe: 85 Frame: 343 Frame from vFrameID : 344
Tcw:
[0.99668646, 0.080515109, 0.011550693, 0.77436709;
 -0.08108598, 0.99471313, 0.063014649, -1.2579408;
 -0.0064159948, -0.063742444, 0.99794579, 1.9199965;
 0, 0, 0, 1]
Twc:
[0.99668646, -0.08108598, -0.0064159948, -0.86148387;
 0.080515109, 0.99471313, -0.063742444, 1.3113272;
 0.011550693, 0.063014649, 0.99794579, -1.8457282;
 0, 0, 0, 1]
Ow:
[0.77436709;
 -1.2579408;
 1.9199965]
Keyframe: 86 Frame: 347 Frame from vFrameID : 348
Tcw:
[0.99421859, 0.10379288, -0.027504373, 0.80439508;
 -0.10220867, 0.99330592, 0.053821396, -1.2950529;
 0.032906536, -0.050699044, 0.99817169, 1.9723642;
 0, 0, 0, 1]
Twc:
[0.99421859, -0.10220867, 0.032906536, -0.99701375;
 0.10379288, 0.99330592, -0.050699044, 1.3028902;
 -0.027504373, 0.053821396, 0.99817169, -1.8769323;
 0, 0, 0, 1]
Ow:
[0.80439508;
 -1.2950529;
 1.9723642]
Keyframe: 87 Frame: 351 Frame from vFrameID : 352
Tcw:
[0.99272686, 0.11743417, -0.02650707, 0.82358295;
 -0.11544475, 0.99104732, 0.067065425, -1.3285474;
 0.03414553, -0.063517548, 0.99739641, 2.020402;
 0, 0, 0, 1]
Twc:
[0.99272686, -0.11544475, 0.03414553, -1.0399544;
 0.11743417, 0.99104732, -0.063517548, 1.3482676;
 -0.02650707, 0.067065425, 0.99739641, -1.9042114;
 0, 0, 0, 1]
Ow:
[0.82358295;
 -1.3285474;
 2.020402]
Keyframe: 88 Frame: 354 Frame from vFrameID : 355
Tcw:
[0.99130613, 0.12666224, -0.035621628, 0.83604741;
 -0.1234626, 0.98903936, 0.080982022, -1.3521233;
 0.045488555, -0.075880036, 0.99607879, 2.063683;
 0, 0, 0, 1]
Twc:
[0.99130613, -0.1234626, 0.045488555, -1.0895895;
 0.12666224, 0.98903936, -0.075880036, 1.3879999;
 -0.035621628, 0.080982022, 0.99607879, -1.916312;
 0, 0, 0, 1]
Ow:
[0.83604741;
 -1.3521233;
 2.063683]
Keyframe: 89 Frame: 358 Frame from vFrameID : 359
Tcw:
[0.99049497, 0.13190758, -0.038988959, 0.84645587;
 -0.12854686, 0.98856419, 0.07884521, -1.3836207;
 0.048943371, -0.073083878, 0.99612415, 2.1316876;
 0, 0, 0, 1]
Twc:
