Keyframe: 0 Frame: 0 Frame from vFrameID : 111
Tcw:
[1, 0, 0, 0;
 0, 1, 0, 0;
 0, 0, 1, 0;
 0, 0, 0, 1]
Twc:
[1, 0, 0, 0;
 0, 1, 0, 0;
 0, 0, 1, 0;
 0, 0, 0, 1]
Ow:
[0;
 0;
 0]
Keyframe: 1 Frame: 110 Frame from vFrameID : 111
Tcw:
[0.99979246, 0.017600764, 0.010260602, 0.022980196;
 -0.01784583, 0.99954534, 0.024303148, 0.0024661697;
 -0.0098281829, -0.024481213, 0.99965197, 0.0094713187;
 0, 0, 0, 1]
Twc:
[0.99979246, -0.01784583, -0.0098281829, -0.02283833;
 0.017600764, 0.99954534, -0.024481213, -0.002637648;
 0.010260602, 0.024303148, 0.99965197, -0.0097637493;
 0, 0, 0, 1]
Ow:
[0.022980196;
 0.0024661697;
 0.0094713187]
Keyframe: 2 Frame: 111 Frame from vFrameID : 112
Tcw:
[0.99981588, 0.015258572, 0.01163318, 0.024394294;
 -0.015595073, 0.99944592, 0.029405966, 0.0021276178;
 -0.011178041, -0.029581971, 0.99949986, 0.011412332;
 0, 0, 0, 1]
Twc:
[0.99981588, -0.015595073, -0.011178041, -0.024229057;
 0.015258572, 0.99944592, -0.029581971, -0.0021610616;
 0.01163318, 0.029405966, 0.99949986, -0.011752972;
 0, 0, 0, 1]
Ow:
[0.024394294;
 0.0021276178;
 0.011412332]
Keyframe: 3 Frame: 112 Frame from vFrameID : 113
Tcw:
[0.99989855, 0.0070633339, 0.012367782, 0.02352233;
 -0.0075074327, 0.99931502, 0.036237381, 0.0034746735;
 -0.012103354, -0.036326554, 0.99926668, 0.016216096;
 0, 0, 0, 1]
Twc:
[0.99989855, -0.0075074327, -0.012103354, -0.023297591;
 0.0070633339, 0.99931502, -0.036326554, -0.0030493645;
 0.012367782, 0.036237381, 0.99926668, -0.016621036;
 0, 0, 0, 1]
Ow:
[0.02352233;
 0.0034746735;
 0.016216096]
Keyframe: 4 Frame: 113 Frame from vFrameID : 114
Tcw:
[0.99992502, 0.0017593863, 0.01211911, 0.024405522;
 -0.0022314575, 0.9992348, 0.039049916, 0.0022736194;
 -0.012041132, -0.039074033, 0.99916375, 0.0192219;
 0, 0, 0, 1]
Twc:
[0.99992502, -0.0022314575, -0.012041132, -0.024167165;
 0.0017593863, 0.9992348, -0.039074033, -0.0015637412;
 0.01211911, 0.039049916, 0.99916375, -0.019590383;
 0, 0, 0, 1]
Ow:
[0.024405522;
 0.0022736194;
 0.0192219]
Keyframe: 5 Frame: 114 Frame from vFrameID : 115
Tcw:
[0.99992365, 0.0044325474, 0.011536179, 0.028105712;
 -0.0048751552, 0.99924183, 0.038625978, 0.001590329;
 -0.011356222, -0.038679268, 0.99918717, 0.022202099;
 0, 0, 0, 1]
Twc:
[0.99992365, -0.0048751552, -0.011356222, -0.027843678;
 0.0044325474, 0.99924183, -0.038679268, -0.00085494219;
 0.011536179, 0.038625978, 0.99918717, -0.022569712;
 0, 0, 0, 1]
Ow:
[0.028105712;
 0.001590329;
 0.022202099]
Keyframe: 6 Frame: 116 Frame from vFrameID : 117
Tcw:
[0.9997201, 0.013836858, 0.019190716, 0.031344928;
 -0.014246861, 0.99966961, 0.021395056, 0.001878527;
 -0.018888334, -0.021662474, 0.99958688, 0.029808965;
 0, 0, 0, 1]
Twc:
[0.9997201, -0.014246861, -0.018888334, -0.03074635;
 0.013836858, 0.99966961, -0.021662474, -0.0016658856;
 0.019190716, 0.021395056, 0.99958688, -0.030438375;
 0, 0, 0, 1]
Ow:
[0.031344928;
 0.001878527;
 0.029808965]
Keyframe: 7 Frame: 118 Frame from vFrameID : 119
Tcw:
[0.99963534, 0.017969782, 0.02015618, 0.033863369;
 -0.017926743, 0.99983662, -0.0023138905, 0.002157222;
 -0.020194469, 0.0019517121, 0.99979419, 0.036258962;
 0, 0, 0, 1]
Twc:
[0.99963534, -0.017926743, -0.020194469, -0.033080116;
 0.017969782, 0.99983662, 0.0019517121, -0.0028361538;
 0.02015618, -0.0023138905, 0.99979419, -0.03692906;
 0, 0, 0, 1]
Ow:
[0.033863369;
 0.002157222;
 0.036258962]
Keyframe: 8 Frame: 120 Frame from vFrameID : 121
Tcw:
[0.99933189, 0.022295866, 0.028960617, 0.036611769;
 -0.021878449, 0.99965328, -0.01465106, 0.003011175;
 -0.029277233, 0.014007658, 0.99947315, 0.042373568;
 0, 0, 0, 1]
Twc:
[0.99933189, -0.021878449, -0.029277233, -0.035280842;
 0.022295866, 0.99965328, 0.014007658, -0.0044199764;
 0.028960617, -0.01465106, 0.99947315, -0.043367427;
 0, 0, 0, 1]
Ow:
[0.036611769;
 0.003011175;
 0.042373568]
Keyframe: 9 Frame: 123 Frame from vFrameID : 124
Tcw:
[0.99860984, 0.014998692, 0.050531298, 0.0381056;
 -0.014029281, 0.99971169, -0.019484745, 0.0048037111;
 -0.050808974, 0.018748742, 0.99853241, 0.051152568;
 0, 0, 0, 1]
Twc:
[0.99860984, -0.014029281, -0.050808974, -0.035386227;
 0.014998692, 0.99971169, 0.018748742, -0.0063329069;
 0.050531298, -0.019484745, 0.99853241, -0.052909423;
 0, 0, 0, 1]
Ow:
[0.0381056;
 0.0048037111;
 0.051152568]
Keyframe: 10 Frame: 125 Frame from vFrameID : 126
Tcw:
[0.99838358, 0.006110989, 0.056505617, 0.038969416;
 -0.0052347044, 0.99986392, -0.015642954, 0.006489248;
 -0.056593522, 0.015321879, 0.99827975, 0.056606267;
 0, 0, 0, 1]
Twc:
[0.99838358, -0.0052347044, -0.056593522, -0.03566891;
 0.006110989, 0.99986392, 0.015321879, -0.0075938213;
 0.056505617, -0.015642954, 0.99827975, -0.058609366;
 0, 0, 0, 1]
Ow:
[0.038969416;
 0.006489248;
 0.056606267]
Keyframe: 11 Frame: 128 Frame from vFrameID : 129
Tcw:
[0.9980135, -0.0055097509, 0.062758863, 0.040646054;
 0.0049861432, 0.99995148, 0.0084967325, 0.0095546488;
 -0.062802635, -0.0081669297, 0.99799258, 0.064146549;
 0, 0, 0, 1]
Twc:
[0.9980135, 0.0049861432, -0.062802635, -0.036584381;
 -0.0055097509, 0.99995148, -0.0081669297, -0.0088063544;
 0.062758863, 0.0084967325, 0.99799258, -0.066649862;
 0, 0, 0, 1]
Ow:
[0.040646054;
 0.0095546488;
 0.064146549]
Keyframe: 12 Frame: 130 Frame from vFrameID : 131
Tcw:
[0.99756932, -0.010172367, 0.068934403, 0.043312903;
 0.0085174209, 0.99966943, 0.024259102, 0.010008274;
 -0.069158383, -0.023612993, 0.9973262, 0.071734451;
 0, 0, 0, 1]
Twc:
[0.99756932, 0.0085174209, -0.069158383, -0.038331829;
 -0.010172367, 0.99966943, -0.023612993, -0.0078705056;
 0.068934403, 0.024259102, 0.9973262, -0.074771188;
 0, 0, 0, 1]
Ow:
[0.043312903;
 0.010008274;
 0.071734451]
Keyframe: 13 Frame: 133 Frame from vFrameID : 134
Tcw:
[0.99775314, -0.015885001, 0.065087073, 0.049010485;
 0.014215009, 0.99955982, 0.026041076, 0.011846263;
 -0.065472081, -0.025057351, 0.99753976, 0.086879499;
 0, 0, 0, 1]
Twc:
[0.99775314, 0.014215009, -0.065472081, -0.043380577;
 -0.015885001, 0.99955982, -0.025057351, -0.0088855466;
 0.065087073, 0.026041076, 0.99753976, -0.090164192;
 0, 0, 0, 1]
Ow:
[0.049010485;
 0.011846263;
 0.086879499]
Keyframe: 14 Frame: 136 Frame from vFrameID : 137
Tcw:
[0.99847651, -0.010991093, 0.054072849, 0.060444761;
 0.010116356, 0.99981391, 0.016424213, 0.010874538;
 -0.054243308, -0.01585217, 0.99840188, 0.099671729;
 0, 0, 0, 1]
Twc:
[0.99847651, 0.010116356, -0.054243308, -0.055056158;
 -0.010991093, 0.99981391, -0.01585217, -0.0086281467;
 0.054072849, 0.016424213, 0.99840188, -0.10295947;
 0, 0, 0, 1]
Ow:
[0.060444761;
 0.010874538;
 0.099671729]
Keyframe: 15 Frame: 139 Frame from vFrameID : 140
Tcw:
[0.99882591, -0.0089091435, 0.047617618, 0.066746391;
 0.0086565651, 0.99994737, 0.0055078985, 0.010695635;
 -0.04766418, -0.0050892266, 0.99885046, 0.1069029;
 0, 0, 0, 1]
Twc:
[0.99882591, 0.0086565651, -0.04766418, -0.061665174;
 -0.0089091435, 0.99994737, -0.0050892266, -0.0095563652;
 0.047617618, 0.0055078985, 0.99885046, -0.11001722;
 0, 0, 0, 1]
Ow:
[0.066746391;
 0.010695635;
 0.1069029]
Keyframe: 16 Frame: 142 Frame from vFrameID : 143
Tcw:
[0.9988274, 0.0094081722, 0.047489796, 0.079806484;
 -0.010101255, 0.99984562, 0.014375532, 0.012471498;
 -0.047347218, -0.014838382, 0.99876827, 0.11894681;
 0, 0, 0, 1]
Twc:
[0.9988274, -0.010101255, -0.047347218, -0.073955126;
 0.0094081722, 0.99984562, -0.014838382, -0.011455429;
 0.047489796, 0.014375532, 0.99876827, -0.12276958;
 0, 0, 0, 1]
Ow:
[0.079806484;
 0.012471498;
 0.11894681]
Keyframe: 17 Frame: 145 Frame from vFrameID : 146
Tcw:
[0.9988386, 0.010230154, 0.047082454, 0.086168081;
 -0.011549287, 0.99954593, 0.027831296, 0.011144297;
 -0.046776354, -0.028342742, 0.99850321, 0.13187502;
 0, 0, 0, 1]
Twc:
[0.9988386, -0.011549287, -0.046776354, -0.079770669;
 0.010230154, 0.99954593, -0.028342742, -0.0082830498;
 0.047082454, 0.027831296, 0.99850321, -0.1360448;
 0, 0, 0, 1]
Ow:
[0.086168081;
 0.011144297;
 0.13187502]
Keyframe: 18 Frame: 148 Frame from vFrameID : 149
Tcw:
[0.99911302, 0.010582687, 0.040757988, 0.092827305;
 -0.011642915, 0.99959767, 0.02586385, 0.012431548;
 -0.040467881, -0.026315451, 0.99883425, 0.14401844;
 0, 0, 0, 1]
Twc:
[0.99911302, -0.011642915, -0.040467881, -0.086772099;
 0.010582687, 0.99959767, -0.026315451, -0.0096189976;
 0.040757988, 0.02586385, 0.99883425, -0.14795554;
 0, 0, 0, 1]
Ow:
[0.092827305;
 0.012431548;
 0.14401844]
Keyframe: 19 Frame: 151 Frame from vFrameID : 152
Tcw:
[0.99886918, 0.0073582944, 0.046970055, 0.09780176;
 -0.0083345221, 0.99975258, 0.020622158, 0.014903565;
 -0.046806693, -0.020990312, 0.99868339, 0.1574084;
 0, 0, 0, 1]
Twc:
[0.99886918, -0.0083345221, -0.046806693, -0.090199187;
 0.0073582944, 0.99975258, -0.020990312, -0.012315481;
 0.046970055, 0.020622158, 0.99868339, -0.16210227;
 0, 0, 0, 1]
Ow:
[0.09780176;
 0.014903565;
 0.1574084]
Keyframe: 20 Frame: 154 Frame from vFrameID : 155
Tcw:
[0.9986558, 0.0073137335, 0.051313851, 0.10083999;
 -0.0081662936, 0.99983174, 0.016424678, 0.015304487;
 -0.05118509, -0.016821645, 0.99854749, 0.17366;
 0, 0, 0, 1]
Twc:
[0.9986558, -0.0081662936, -0.05118509, -0.091690652;
 0.0073137335, 0.99983174, -0.016821645, -0.013118182;
 0.051313851, 0.016424678, 0.99854749, -0.17883362;
 0, 0, 0, 1]
Ow:
[0.10083999;
 0.015304487;
 0.17366]
Keyframe: 21 Frame: 157 Frame from vFrameID : 158
Tcw:
[0.99811, -0.009021108, 0.060787112, 0.10541085;
 0.0081838053, 0.99986839, 0.014009275, 0.017446076;
 -0.06090549, -0.013485327, 0.99805242, 0.1898482;
 0, 0, 0, 1]
Twc:
[0.99811, 0.0081838053, -0.06090549, -0.093791604;
 -0.009021108, 0.99986839, -0.013485327, -0.013932692;
 0.060787112, 0.014009275, 0.99805242, -0.19613048;
 0, 0, 0, 1]
Ow:
[0.10541085;
 0.017446076;
 0.1898482]
Keyframe: 22 Frame: 161 Frame from vFrameID : 162
Tcw:
[0.99676836, -0.021829709, 0.07730671, 0.11137588;
 0.021081099, 0.99972278, 0.010486605, 0.017206933;
 -0.077514201, -0.0088230046, 0.99695224, 0.21085043;
 0, 0, 0, 1]
Twc:
[0.99676836, 0.021081099, -0.077514201, -0.095034793;
 -0.021829709, 0.99972278, -0.0088230046, -0.012910526;
 0.07730671, 0.010486605, 0.99695224, -0.21899834;
 0, 0, 0, 1]
Ow:
[0.11137588;
 0.017206933;
 0.21085043]
Keyframe: 23 Frame: 165 Frame from vFrameID : 166
Tcw:
[0.99593216, -0.02687053, 0.086006097, 0.11790568;
 0.025858486, 0.99958289, 0.012859834, 0.019711975;
 -0.086315773, -0.010583536, 0.99621159, 0.22497851;
 0, 0, 0, 1]
Twc:
[0.99593216, 0.025858486, -0.086315773, -0.098516598;
 -0.02687053, 0.99958289, -0.010583536, -0.014154496;
 0.086006097, 0.012859834, 0.99621159, -0.23452032;
 0, 0, 0, 1]
Ow:
[0.11790568;
 0.019711975;
 0.22497851]
Keyframe: 24 Frame: 169 Frame from vFrameID : 170
Tcw:
[0.99709946, -0.013463276, 0.074909225, 0.12587136;
 0.012613385, 0.99985075, 0.011807189, 0.020648737;
 -0.075057007, -0.010828083, 0.99712044, 0.24526073;
 0, 0, 0, 1]
Twc:
[0.99709946, 0.012613385, -0.075057007, -0.10735819;
 -0.013463276, 0.99985075, -0.010828083, -0.01629531;
 0.074909225, 0.011807189, 0.99712044, -0.25422722;
 0, 0, 0, 1]
Ow:
[0.12587136;
 0.020648737;
 0.24526073]
Keyframe: 25 Frame: 173 Frame from vFrameID : 174
Tcw:
[0.99801117, 0.010675625, 0.062126957, 0.14899534;
 -0.0091879973, 0.99966538, -0.024181582, 0.019013036;
 -0.062364321, 0.023562668, 0.99777526, 0.26372749;
 0, 0, 0, 1]
Twc:
[0.99801117, -0.0091879973, -0.062364321, -0.13207714;
 0.010675625, 0.99966538, 0.023562668, -0.026811415;
 0.062126957, -0.024181582, 0.99777526, -0.27193764;
 0, 0, 0, 1]
Ow:
[0.14899534;
 0.019013036;
 0.26372749]
Keyframe: 26 Frame: 177 Frame from vFrameID : 178
Tcw:
[0.99863875, 0.01531918, 0.049859863, 0.15962201;
 -0.014169003, 0.99962717, -0.023340475, 0.021330114;
 -0.050198831, 0.022602238, 0.99848348, 0.27713746;
 0, 0, 0, 1]
Twc:
[0.99863875, -0.014169003, -0.050198831, -0.14519051;
 0.01531918, 0.99962717, 0.022602238, -0.030031366;
 0.049859863, -0.023340475, 0.99848348, -0.28417805;
 0, 0, 0, 1]
Ow:
[0.15962201;
 0.021330114;
 0.27713746]
Keyframe: 27 Frame: 180 Frame from vFrameID : 181
Tcw:
[0.99873716, 0.017837817, 0.046967078, 0.16762328;
 -0.017718885, 0.99983865, -0.002947402, 0.022885729;
 -0.047012076, 0.0021114754, 0.99889207, 0.29453316;
 0, 0, 0, 1]
Twc:
[0.99873716, -0.017718885, -0.047012076, -0.15315948;
 0.017837817, 0.99983865, 0.0021114754, -0.026493968;
 0.046967078, -0.002947402, 0.99889207, -0.30201218;
 0, 0, 0, 1]
Ow:
[0.16762328;
 0.022885729;
 0.29453316]
Keyframe: 28 Frame: 184 Frame from vFrameID : 185
Tcw:
[0.99900103, 0.011507196, 0.043180585, 0.17363022;
 -0.011199538, 0.99991018, -0.0073600854, 0.023852229;
 -0.043261401, 0.0068691303, 0.99904019, 0.30988401;
 0, 0, 0, 1]
Twc:
[0.99900103, -0.011199538, -0.043261401, -0.15978362;
 0.011507196, 0.99991018, 0.0068691303, -0.027976718;
 0.043180585, -0.0073600854, 0.99904019, -0.31690845;
 0, 0, 0, 1]
Ow:
[0.17363022;
 0.023852229;
 0.30988401]
Keyframe: 29 Frame: 188 Frame from vFrameID : 189
Tcw:
[0.99812812, 0.019181557, 0.05807152, 0.18464161;
 -0.01817181, 0.99967521, -0.017866462, 0.025566678;
 -0.058395367, 0.016777754, 0.99815255, 0.33043361;
 0, 0, 0, 1]
Twc:
[0.99812812, -0.01817181, -0.058395367, -0.1645356;
 0.019181557, 0.99967521, 0.016777754, -0.034644023;
 0.05807152, -0.017866462, 0.99815255, -0.34008875;
 0, 0, 0, 1]
Ow:
[0.18464161;
 0.025566678;
 0.33043361]
Keyframe: 30 Frame: 191 Frame from vFrameID : 192
Tcw:
[0.99788499, 0.0086352369, 0.064428143, 0.19009207;
 -0.0074162981, 0.99978942, -0.019134592, 0.028000833;
 -0.064579807, 0.018616304, 0.9977389, 0.34977823;
 0, 0, 0, 1]
Twc:
[0.99788499, -0.0074162981, -0.064579807, -0.16689375;
 0.0086352369, 0.99978942, 0.018616304, -0.036148004;
 0.064428143, -0.019134592, 0.9977389, -0.36069882;
 0, 0, 0, 1]
Ow:
[0.19009207;
 0.028000833;
 0.34977823]
Keyframe: 31 Frame: 195 Frame from vFrameID : 196
Tcw:
[0.99683678, 0.00090123614, 0.079471238, 0.19875684;
 -0.00076986739, 0.99999827, -0.0016836594, 0.026182314;
 -0.079472624, 0.0016171512, 0.99683571, 0.36956844;
 0, 0, 0, 1]
Twc:
[0.99683678, -0.00076986739, -0.079472624, -0.1687374;
 0.00090123614, 0.99999827, 0.0016171512, -0.026959045;
 0.079471238, -0.0016836594, 0.99683571, -0.38415042;
 0, 0, 0, 1]
Ow:
[0.19875684;
 0.026182314;
 0.36956844]
Keyframe: 32 Frame: 199 Frame from vFrameID : 200
Tcw:
[0.99639893, 0.0009844224, 0.084783375, 0.20877461;
 0.0002679803, 0.99989104, -0.014759149, 0.027763458;
 -0.084788665, 0.01472872, 0.99629009, 0.38787237;
 0, 0, 0, 1]
Twc:
[0.99639893, 0.0002679803, -0.084788665, -0.17514306;
 0.0009844224, 0.99989104, 0.01472872, -0.033678818;
 0.084783375, -0.014759149, 0.99629009, -0.40372425;
 0, 0, 0, 1]
Ow:
[0.20877461;
 0.027763458;
 0.38787237]
Keyframe: 33 Frame: 203 Frame from vFrameID : 204
Tcw:
[0.99812132, 0.0074346485, 0.060815599, 0.22207473;
 -0.0059773764, 0.99969149, -0.024109073, 0.032977074;
 -0.060976077, 0.023700263, 0.99785781, 0.40410638;
 0, 0, 0, 1]
Twc:
[0.99812132, -0.0059773764, -0.060976077, -0.19681959;
 0.0074346485, 0.99969149, 0.023700263, -0.044195376;
 0.060815599, -0.024109073, 0.99785781, -0.41595128;
 0, 0, 0, 1]
Ow:
[0.22207473;
 0.032977074;
 0.40410638]
Keyframe: 34 Frame: 207 Frame from vFrameID : 208
Tcw:
[0.99969989, 0.018364985, 0.016212622, 0.23638268;
 -0.017951926, 0.99951959, -0.025265669, 0.031762119;
 -0.016668836, 0.024967039, 0.99954927, 0.41768232;
 0, 0, 0, 1]
Twc:
[0.99969989, -0.017951926, -0.016668836, -0.22877927;
 0.018364985, 0.99951959, 0.024967039, -0.046516314;
 0.016212622, -0.025265669, 0.99954927, -0.42052397;
 0, 0, 0, 1]
Ow:
[0.23638268;
 0.031762119;
 0.41768232]
Keyframe: 35 Frame: 211 Frame from vFrameID : 212
Tcw:
[0.99983758, 0.01692545, 0.0061891507, 0.25030199;
 -0.016840125, 0.99976587, -0.013588037, 0.035117961;
 -0.0064176857, 0.013481604, 0.99988854, 0.43435735;
 0, 0, 0, 1]
Twc:
[0.99983758, -0.016840125, -0.0064176857, -0.24688236;
 0.01692545, 0.99976587, 0.013481604, -0.045202043;
 0.0061891507, -0.013588037, 0.99988854, -0.43538088;
 0, 0, 0, 1]
Ow:
[0.25030199;
 0.035117961;
 0.43435735]
Keyframe: 36 Frame: 215 Frame from vFrameID : 216
Tcw:
[0.99988097, 0.015274531, -0.0021630453, 0.26190951;
 -0.0152696, 0.99988079, 0.0022784229, 0.038291711;
 0.0021975895, -0.0022451228, 0.99999505, 0.46138376;
 0, 0, 0, 1]
Twc:
[0.99988097, -0.0152696, 0.0021975895, -0.26230758;
 0.015274531, 0.99988079, -0.0022451228, -0.041251831;
 -0.0021630453, 0.0022784229, 0.99999505, -0.46090221;
 0, 0, 0, 1]
Ow:
[0.26190951;
 0.038291711;
 0.46138376]
Keyframe: 37 Frame: 219 Frame from vFrameID : 220
Tcw:
[0.99987483, 0.015298202, 0.0040356973, 0.26949474;
 -0.015266312, 0.9998529, -0.0078176837, 0.040032305;
 -0.0041546999, 0.0077550947, 0.99996132, 0.48732388;
 0, 0, 0, 1]
Twc:
[0.99987483, -0.015266312, -0.0041546999, -0.26682517;
 0.015298202, 0.9998529, 0.0077550947, -0.047928445;
 0.0040356973, -0.0078176837, 0.99996132, -0.48807967;
 0, 0, 0, 1]
Ow:
[0.26949474;
 0.040032305;
 0.48732388]
Keyframe: 38 Frame: 223 Frame from vFrameID : 224
Tcw:
[0.99995601, -0.0058441735, 0.0073338514, 0.27653614;
 0.0059067495, 0.99994606, -0.0085400743, 0.041684307;
 -0.0072835465, 0.0085830176, 0.99993664, 0.50918388;
 0, 0, 0, 1]
Twc:
[0.99995601, 0.0059067495, -0.0072835465, -0.27306154;
 -0.0058441735, 0.99994606, 0.0085830176, -0.044436269;
 0.0073338514, -0.0085400743, 0.99993664, -0.51082373;
 0, 0, 0, 1]
Ow:
[0.27653614;
 0.041684307;
 0.50918388]
Keyframe: 39 Frame: 227 Frame from vFrameID : 228
Tcw:
[0.99974632, 0.0020449867, 0.022428937, 0.28751925;
 -0.0020293619, 0.99999768, -0.00071938179, 0.043597482;
 -0.022430357, 0.00067368289, 0.99974817, 0.53036904;
 0, 0, 0, 1]
Twc:
[0.99974632, -0.0020293619, -0.022430357, -0.27546149;
 0.0020449867, 0.99999768, 0.00067368289, -0.044542655;
 0.022428937, -0.00071938179, 0.99974817, -0.53665286;
 0, 0, 0, 1]
Ow:
[0.28751925;
 0.043597482;
 0.53036904]
Keyframe: 40 Frame: 231 Frame from vFrameID : 232
Tcw:
[0.99991143, -0.0038756069, 0.012733564, 0.29726738;
 0.0037778053, 0.99996322, 0.0076957243, 0.045426078;
 -0.012762921, -0.0076469374, 0.99988931, 0.552405;
 0, 0, 0, 1]
Twc:
[0.99991143, 0.0037778053, -0.012762921, -0.29036236;
 -0.0038756069, 0.99996322, -0.0076469374, -0.040048108;
 0.012733564, 0.0076957243, 0.99988931, -0.55647868;
 0, 0, 0, 1]
Ow:
[0.29726738;
 0.045426078;
 0.552405]
Keyframe: 41 Frame: 235 Frame from vFrameID : 236
Tcw:
[0.9999696, 0.0039981282, -0.0066936179, 0.31233627;
 -0.0039688884, 0.99998254, 0.004375889, 0.046956927;
 0.0067109964, -0.0043491898, 0.99996805, 0.57184774;
 0, 0, 0, 1]
Twc:
[0.9999696, -0.0039688884, 0.0067109964, -0.31597808;
 0.0039981282, 0.99998254, -0.0043491898, -0.045717794;
 -0.0066936179, 0.004375889, 0.99996805, -0.5699442;
 0, 0, 0, 1]
Ow:
[0.31233627;
 0.046956927;
 0.57184774]
Keyframe: 42 Frame: 239 Frame from vFrameID : 240
Tcw:
[0.99970508, 0.0092056934, -0.022473583, 0.3303833;
 -0.0090620806, 0.99993789, 0.0064838105, 0.048240718;
 0.022531874, -0.0062782411, 0.99972641, 0.59336317;
 0, 0, 0, 1]
Twc:
[0.99970508, -0.0090620806, 0.022531874, -0.34321827;
 0.0092056934, 0.99993789, -0.0062782411, -0.047553856;
 -0.022473583, 0.0064838105, 0.99972641, -0.58608872;
 0, 0, 0, 1]
Ow:
[0.3303833;
 0.048240718;
 0.59336317]
Keyframe: 43 Frame: 243 Frame from vFrameID : 244
Tcw:
[0.99958146, 0.018851895, -0.02194294, 0.34072971;
 -0.018626081, 0.99977189, 0.010450282, 0.04701367;
 0.022134941, -0.010037198, 0.9997046, 0.61262214;
 0, 0, 0, 1]
Twc:
[0.99958146, -0.018626081, 0.022134941, -0.35327178;
 0.018851895, 0.99977189, -0.010037198, -0.047277339;
 -0.02194294, 0.010450282, 0.9997046, -0.60545588;
 0, 0, 0, 1]
Ow:
[0.34072971;
 0.04701367;
 0.61262214]
Keyframe: 44 Frame: 247 Frame from vFrameID : 248
Tcw:
[0.99946505, 0.022299156, -0.02392425, 0.35238045;
 -0.022126731, 0.99972743, 0.0074478462, 0.051788222;
 0.02408381, -0.0069144964, 0.999686, 0.63568103;
 0, 0, 0, 1]
Twc:
[0.99946505, -0.022126731, 0.02408381, -0.36635566;
 0.022299156, 0.99972743, -0.0069144964, -0.055236481;
 -0.02392425, 0.0074478462, 0.999686, -0.6274367;
 0, 0, 0, 1]
Ow:
[0.35238045;
 0.051788222;
 0.63568103]
Keyframe: 45 Frame: 250 Frame from vFrameID : 251
Tcw:
[0.99990737, 0.0051390841, -0.012604517, 0.35546446;
 -0.0050786799, 0.9999755, 0.0048195883, 0.05426557;
 0.012628976, -0.0047551272, 0.99990892, 0.65464211;
 0, 0, 0, 1]
Twc:
[0.99990737, -0.0050786799, 0.012628976, -0.36342341;
 0.0051390841, 0.9999755, -0.0047551272, -0.052978091;
 -0.012604517, 0.0048195883, 0.99990892, -0.65036362;
 0, 0, 0, 1]
Ow:
[0.35546446;
 0.05426557;
 0.65464211]
Keyframe: 46 Frame: 254 Frame from vFrameID : 255
Tcw:
[0.99987108, 0.01568212, 0.0034428642, 0.36500958;
 -0.015658043, 0.99985349, -0.0069125872, 0.055756781;
 -0.0035507639, 0.0068577873, 0.9999702, 0.67668718;
 0, 0, 0, 1]
Twc:
[0.99987108, -0.015658043, -0.0035507639, -0.36168677;
 0.01568212, 0.99985349, 0.0068577873, -0.066113316;
 0.0034428642, -0.0069125872, 0.9999702, -0.67753828;
 0, 0, 0, 1]
Ow:
[0.36500958;
 0.055756781;
 0.67668718]
Keyframe: 47 Frame: 258 Frame from vFrameID : 259
Tcw:
[0.99982905, 0.0061388239, 0.017440103, 0.37387726;
 -0.0063580344, 0.99990112, 0.012541826, 0.057296425;
 -0.017361386, -0.012650566, 0.99976927, 0.70427781;
 0, 0, 0, 1]
Twc:
[0.99982905, -0.0063580344, -0.017361386, -0.36122182;
 0.0061388239, 0.99990112, -0.012650566, -0.050676413;
 0.017440103, 0.012541826, 0.99976927, -0.71135437;
 0, 0, 0, 1]
Ow:
[0.37387726;
 0.057296425;
 0.70427781]
Keyframe: 48 Frame: 262 Frame from vFrameID : 263
Tcw:
[0.99983102, -0.0014684353, 0.018324392, 0.38370264;
 0.0012950638, 0.99995434, 0.009469525, 0.060658738;
 -0.01833746, -0.009444193, 0.99978727, 0.725734;
 0, 0, 0, 1]
Twc:
[0.99983102, 0.0012950638, -0.01833746, -0.37040821;
 -0.0014684353, 0.99995434, -0.009444193, -0.053238552;
 0.018324392, 0.009469525, 0.99978727, -0.73318511;
 0, 0, 0, 1]
Ow:
[0.38370264;
 0.060658738;
 0.725734]
Keyframe: 49 Frame: 266 Frame from vFrameID : 267
Tcw:
[0.99991238, 0.0053601204, 0.012101357, 0.39668134;
 -0.0053673452, 0.99998546, 0.0005645848, 0.060951848;
 -0.012098155, -0.00062948751, 0.99992663, 0.74841064;
 0, 0, 0, 1]
Twc:
[0.99991238, -0.0053673452, -0.012098155, -0.38726509;
 0.0053601204, 0.99998546, -0.00062948751, -0.062606104;
 0.012101357, 0.0005645848, 0.99992663, -0.75319052;
 0, 0, 0, 1]
Ow:
[0.39668134;
 0.060951848;
 0.74841064]
Keyframe: 50 Frame: 269 Frame from vFrameID : 270
Tcw:
[0.99986935, 0.015185875, 0.0055377535, 0.40335566;
 -0.01518411, 0.99988467, -0.0003605962, 0.059251934;
 -0.0055425907, 0.00027646322, 0.99998462, 0.7582345;
 0, 0, 0, 1]
Twc:
[0.99986935, -0.01518411, -0.0055425907, -0.39820069;
 0.015185875, 0.99988467, 0.00027646322, -0.065580033;
 0.0055377535, -0.0003605962, 0.99998462, -0.7604351;
 0, 0, 0, 1]
Ow:
[0.40335566;
 0.059251934;
 0.7582345]
Keyframe: 51 Frame: 273 Frame from vFrameID : 274
Tcw:
[0.99988455, 0.014773236, -0.0035593007, 0.41227505;
 -0.014758249, 0.99988228, 0.0042006308, 0.06152688;
 0.0036209386, -0.0041476167, 0.99998486, 0.78247714;
 0, 0, 0, 1]
Twc:
[0.99988455, -0.014758249, 0.0036209386, -0.41415271;
 0.014773236, 0.99988228, -0.0041476167, -0.064364858;
 -0.0035593007, 0.0042006308, 0.99998486, -0.78125626;
 0, 0, 0, 1]
Ow:
[0.41227505;
 0.06152688;
 0.78247714]
Keyframe: 52 Frame: 276 Frame from vFrameID : 277
Tcw:
[0.99981916, 0.018500088, 0.0043985215, 0.41712809;
 -0.018563066, 0.99971908, 0.0147364, 0.062426314;
 -0.0041246614, -0.014815385, 0.99988174, 0.79898989;
 0, 0, 0, 1]
Twc:
[0.99981916, -0.018563066, -0.0041246614, -0.41259831;
 0.018500088, 0.99971908, -0.014815385, -0.05828834;
 0.0043985215, 0.0147364, 0.99988174, -0.80165005;
 0, 0, 0, 1]
Ow:
[0.41712809;
 0.062426314;
 0.79898989]
Keyframe: 53 Frame: 280 Frame from vFrameID : 281
Tcw:
[0.99965107, 0.011797891, 0.023633292, 0.41749945;
 -0.011542467, 0.99987382, -0.010915206, 0.064484142;
 -0.023759086, 0.01063861, 0.99966109, 0.82433969;
 0, 0, 0, 1]
Twc:
[0.99965107, -0.011542467, -0.023759086, -0.39702389;
 0.011797891, 0.99987382, 0.01063861, -0.078171447;
 0.023633292, -0.010915206, 0.99966109, -0.8332234;
 0, 0, 0, 1]
Ow:
[0.41749945;
 0.064484142;
 0.82433969]
Keyframe: 54 Frame: 284 Frame from vFrameID : 285
Tcw:
[0.99954921, -0.011020944, 0.027927343, 0.41682407;
 0.012010509, 0.9992969, -0.035517141, 0.066791117;
 -0.027516276, 0.035836551, 0.99897879, 0.84805202;
 0, 0, 0, 1]
Twc:
[0.99954921, 0.012010509, -0.027516276, -0.39410311;
 -0.011020944, 0.9992969, 0.035836551, -0.092541628;
 0.027927343, -0.035517141, 0.99897879, -0.85645455;
 0, 0, 0, 1]
Ow:
[0.41682407;
 0.066791117;
 0.84805202]
Keyframe: 55 Frame: 288 Frame from vFrameID : 289
Tcw:
[0.99810362, -0.035085555, 0.050577849, 0.41416329;
 0.036083102, 0.99916917, -0.018946432, 0.071367949;
 -0.04987108, 0.020735508, 0.9985404, 0.86666423;
 0, 0, 0, 1]
Twc:
[0.99810362, 0.036083102, -0.04987108, -0.3727316;
 -0.035085555, 0.99916917, 0.020735508, -0.074748226;
 0.050577849, -0.018946432, 0.9985404, -0.88499457;
 0, 0, 0, 1]
Ow:
[0.41416329;
 0.071367949;
 0.86666423]
Keyframe: 56 Frame: 292 Frame from vFrameID : 293
Tcw:
[0.99832457, -0.01995532, 0.054312434, 0.4237586;
 0.021057699, 0.99958217, -0.019800905, 0.072894536;
 -0.053894609, 0.020911425, 0.99832767, 0.89286798;
 0, 0, 0, 1]
Twc:
[0.99832457, 0.021057699, -0.053894609, -0.37646285;
 -0.01995532, 0.99958217, 0.020911425, -0.08307898;
 0.054312434, -0.019800905, 0.99832767, -0.91294676;
 0, 0, 0, 1]
Ow:
[0.4237586;
 0.072894536;
 0.89286798]
Keyframe: 57 Frame: 296 Frame from vFrameID : 297
Tcw:
[0.99865896, -0.011765202, 0.050417144, 0.43256339;
 0.012665102, 0.99976546, -0.017566949, 0.075656474;
 -0.050198641, 0.018181929, 0.99857372, 0.91207045;
 0, 0, 0, 1]
Twc:
[0.99865896, 0.012665102, -0.050198641, -0.38715678;
 -0.011765202, 0.99976546, 0.018181929, -0.087132737;
 0.050417144, -0.017566949, 0.99857372, -0.9312492;
 0, 0, 0, 1]
Ow:
[0.43256339;
 0.075656474;
 0.91207045]
Keyframe: 58 Frame: 300 Frame from vFrameID : 301
Tcw:
[0.99905902, -0.010486012, 0.042084038, 0.44391036;
 0.011363012, 0.99972212, -0.02065444, 0.075971939;
 -0.04185576, 0.021113206, 0.99890053, 0.93149048;
 0, 0, 0, 1]
Twc:
[0.99905902, 0.011363012, -0.04185576, -0.40536767;
 -0.010486012, 0.99972212, 0.021113206, -0.09096273;
 0.042084038, -0.02065444, 0.99890053, -0.94757879;
 0, 0, 0, 1]
Ow:
[0.44391036;
 0.075971939;
 0.93149048]
Keyframe: 59 Frame: 304 Frame from vFrameID : 305
Tcw:
[0.99876171, -0.011498133, 0.048403185, 0.44957447;
 0.011793891, 0.99991345, -0.0058291461, 0.076932549;
 -0.048331972, 0.00639279, 0.99881089, 0.9495616;
 0, 0, 0, 1]
Twc:
[0.99876171, 0.011793891, -0.048331972, -0.40403089;
 -0.011498133, 0.99991345, 0.00639279, -0.077826977;
 0.048403185, -0.0058291461, 0.99881089, -0.9697448;
 0, 0, 0, 1]
Ow:
[0.44957447;
 0.076932549;
 0.9495616]
Keyframe: 60 Frame: 308 Frame from vFrameID : 309
Tcw:
[0.99898374, -0.0045679328, 0.044840056, 0.45937535;
 0.0047002863, 0.99998492, -0.0028466952, 0.077897072;
 -0.044826373, 0.0030545634, 0.99899012, 0.96817946;
 0, 0, 0, 1]
Twc:
[0.99898374, 0.0047002863, -0.044826373, -0.41587466;
 -0.0045679328, 0.99998492, 0.0030545634, -0.078754865;
 0.044840056, -0.0028466952, 0.99899012, -0.98757839;
 0, 0, 0, 1]
Ow:
[0.45937535;
 0.077897072;
 0.96817946]
Keyframe: 61 Frame: 312 Frame from vFrameID : 313
Tcw:
[0.9989363, -0.0057246154, 0.045755263, 0.46276602;
 0.0062523209, 0.99991548, -0.011398436, 0.081154279;
 -0.045686148, 0.011672388, 0.99888766, 0.98946244;
 0, 0, 0, 1]
Twc:
[0.9989363, 0.0062523209, -0.045686148, -0.41757643;
 -0.0057246154, 0.99991548, 0.011672388, -0.09004765;
 0.045755263, -0.011398436, 0.99888766, -1.0086107;
 0, 0, 0, 1]
Ow:
[0.46276602;
 0.081154279;
 0.98946244]
Keyframe: 62 Frame: 316 Frame from vFrameID : 317
Tcw:
[0.99704134, -0.011761519, 0.075961947, 0.47467855;
 0.013427279, 0.99967963, -0.021455498, 0.084501356;
 -0.075685263, 0.022411982, 0.99687988, 1.0167882;
 0, 0, 0, 1]
Twc:
[0.99704134, 0.013427279, -0.075685263, -0.39745289;
 -0.011761519, 0.99967963, 0.022411982, -0.10167959;
 0.075961947, -0.021455498, 0.99687988, -1.0478601;
 0, 0, 0, 1]
Ow:
[0.47467855;
 0.084501356;
 1.0167882]
Keyframe: 63 Frame: 320 Frame from vFrameID : 321
Tcw:
[0.99576104, -0.013957218, 0.0909127, 0.47772339;
 0.015589186, 0.99972939, -0.017265607, 0.08670193;
 -0.090647116, 0.018609673, 0.99570918, 1.0373713;
 0, 0, 0, 1]
Twc:
[0.99576104, 0.015589186, -0.090647116, -0.38301525;
 -0.013957218, 0.99972939, 0.018609673, -0.099315919;
 0.0909127, -0.017265607, 0.99570918, -1.0748543;
 0, 0, 0, 1]
Ow:
[0.47772339;
 0.08670193;
 1.0373713]
Keyframe: 64 Frame: 324 Frame from vFrameID : 325
Tcw:
[0.99532098, -0.021266574, 0.094254538, 0.48280725;
 0.021488329, 0.9997682, -0.0013383045, 0.091390088;
 -0.094204232, 0.0033574151, 0.99554724, 1.0567138;
 0, 0, 0, 1]
Twc:
[0.99532098, 0.021488329, -0.094204232, -0.38296509;
 -0.021266574, 0.9997682, 0.0033574151, -0.084649079;
 0.094254538, -0.0013383045, 0.99554724, -1.0973929;
 0, 0, 0, 1]
Ow:
[0.48280725;
 0.091390088;
 1.0567138]
Keyframe: 65 Frame: 328 Frame from vFrameID : 329
Tcw:
[0.99696094, -0.012154067, 0.07694874, 0.49097255;
 0.012131658, 0.99992615, 0.00075867667, 0.091819577;
 -0.076952271, 0.00017714476, 0.99703479, 1.0786065;
 0, 0, 0, 1]
Twc:
[0.99696094, 0.012131658, -0.076952271, -0.40759319;
 -0.012154067, 0.99992615, 0.00017714476, -0.086036548;
 0.07694874, 0.00075867667, 0.99703479, -1.1132575;
 0, 0, 0, 1]
Ow:
[0.49097255;
 0.091819577;
 1.0786065]
Keyframe: 66 Frame: 332 Frame from vFrameID : 333
Tcw:
[0.99963611, -0.003831439, 0.026702121, 0.49891996;
 0.0039950358, 0.99997354, -0.0060760882, 0.092623323;
 -0.026678136, 0.0061805528, 0.99962497, 1.0959836;
 0, 0, 0, 1]
Twc:
[0.99963611, 0.0039950358, -0.026678136, -0.46986964;
 -0.003831439, 0.99997354, 0.0061805528, -0.097483084;
 0.026702121, -0.0060760882, 0.99962497, -1.108332;
 0, 0, 0, 1]
Ow:
[0.49891996;
 0.092623323;
 1.0959836]
Keyframe: 67 Frame: 336 Frame from vFrameID : 337
Tcw:
[0.99997032, -0.0067900778, -0.0036478532, 0.50533903;
 0.0067883972, 0.99997687, -0.00047289676, 0.091492824;
 0.0036509798, 0.00044811965, 0.99999321, 1.1134044;
 0, 0, 0, 1]
Twc:
[0.99997032, 0.0067883972, 0.0036509798, -0.51001006;
 -0.0067900778, 0.99997687, 0.00044811965, -0.088558353;
 -0.0036478532, -0.00047289676, 0.99999321, -1.1115102;
 0, 0, 0, 1]
Ow:
[0.50533903;
 0.091492824;
 1.1134044]
Keyframe: 68 Frame: 340 Frame from vFrameID : 341
Tcw:
[0.99995822, -0.0016911171, -0.0089864433, 0.51427245;
 0.0016474086, 0.99998677, -0.0048689945, 0.091586418;
 0.0089945588, 0.0048539867, 0.99994779, 1.1373063;
 0, 0, 0, 1]
Twc:
[0.99995822, 0.0016474086, 0.0089945588, -0.52463138;
 -0.0016911171, 0.99998677, 0.0048539867, -0.096235983;
 -0.0089864433, -0.0048689945, 0.99994779, -1.1321795;
 0, 0, 0, 1]
Ow:
[0.51427245;
 0.091586418;
 1.1373063]
Keyframe: 69 Frame: 344 Frame from vFrameID : 345
Tcw:
[0.99989092, -0.00092154817, 0.014740328, 0.52036309;
 0.0011299172, 0.99989945, -0.014133904, 0.093934759;
 -0.014725821, 0.014149019, 0.99979144, 1.1585723;
 0, 0, 0, 1]
Twc:
[0.99989092, 0.0011299172, -0.014725821, -0.50335151;
 -0.00092154817, 0.99989945, 0.014149019, -0.10983844;
 0.014740328, -0.014133904, 0.99979144, -1.1646734;
 0, 0, 0, 1]
Ow:
[0.52036309;
 0.093934759;
 1.1585723]
Keyframe: 70 Frame: 348 Frame from vFrameID : 349
Tcw:
[0.99928039, -0.016990082, 0.033911273, 0.51953906;
 0.017648978, 0.99965936, -0.019226136, 0.096432135;
 -0.033573069, 0.0198108, 0.99923992, 1.1793367;
 0, 0, 0, 1]
Twc:
[0.99928039, 0.017648978, -0.033573069, -0.48127323;
 -0.016990082, 0.99965936, 0.0198108, -0.11093587;
 0.033911273, -0.019226136, 0.99923992, -1.1942044;
 0, 0, 0, 1]
Ow:
[0.51953906;
 0.096432135;
 1.1793367]
Keyframe: 71 Frame: 352 Frame from vFrameID : 353
Tcw:
[0.99836308, -0.019929759, 0.053609572, 0.52807593;
 0.020781446, 0.9996658, -0.015376547, 0.095487043;
 -0.053285204, 0.016465461, 0.9984436, 1.1985519;
 0, 0, 0, 1]
Twc:
[0.99836308, 0.020781446, -0.053285204, -0.46533081;
 -0.019929759, 0.9996658, 0.016465461, -0.10466541;
 0.053609572, -0.015376547, 0.9984436, -1.223528;
 0, 0, 0, 1]
Ow:
[0.52807593;
 0.095487043;
 1.1985519]
Keyframe: 72 Frame: 356 Frame from vFrameID : 357
Tcw:
[0.99832273, -0.017257385, 0.055262595, 0.53722203;
 0.01799312, 0.99975562, -0.012843659, 0.09828531;
 -0.055027444, 0.013816464, 0.99838924, 1.2157307;
 0, 0, 0, 1]
Twc:
[0.99832273, 0.01799312, -0.055027444, -0.47119087;
 -0.017257385, 0.99975562, 0.013816464, -0.10578734;
 0.055262595, -0.012843659, 0.99838924, -1.2421985;
 0, 0, 0, 1]
Ow:
[0.53722203;
 0.09828531;
 1.2157307]
Keyframe: 73 Frame: 360 Frame from vFrameID : 361
Tcw:
[0.9996103, -0.023512304, 0.015045668, 0.54665035;
 0.023507591, 0.99972355, 0.00049006857, 0.099950209;
 -0.015053031, -0.00013619017, 0.99988669, 1.2314448;
 0, 0, 0, 1]
Twc:
[0.9996103, 0.023507591, -0.015053031, -0.53024995;
 -0.023512304, 0.99972355, -0.00013619017, -0.086901858;
 0.015045668, 0.00049006857, 0.99988669, -1.239579;
 0, 0, 0, 1]
Ow:
[0.54665035;
 0.099950209;
 1.2314448]
Keyframe: 74 Frame: 363 Frame from vFrameID : 364
Tcw:
[0.99994528, -0.0088320421, -0.0056043952, 0.5618425;
 0.0087460913, 0.99984652, -0.015179763, 0.10068417;
 0.0057376032, 0.015129916, 0.99986905, 1.2474947;
 0, 0, 0, 1]
Twc:
[0.99994528, 0.0087460913, 0.0057376032, -0.56984997;
 -0.0088320421, 0.99984652, 0.015129916, -0.11458098;
 -0.0056043952, -0.015179763, 0.99986905, -1.2426542;
 0, 0, 0, 1]
Ow:
[0.5618425;
 0.10068417;
 1.2474947]
Keyframe: 75 Frame: 367 Frame from vFrameID : 368
Tcw:
[0.99998486, -0.0043431004, -0.0033700094, 0.57471335;
 0.0043302197, 0.99998331, -0.0038200701, 0.10243902;
 0.0033865441, 0.0038054194, 0.99998701, 1.2636127;
 0, 0, 0, 1]
Twc:
[0.99998486, 0.0043302197, 0.0033865441, -0.57942754;
 -0.0043431004, 0.99998331, 0.0038054194, -0.10474986;
 -0.0033700094, -0.0038200701, 0.99998701, -1.2612683;
 0, 0, 0, 1]
Ow:
[0.57471335;
 0.10243902;
 1.2636127]
Keyframe: 76 Frame: 372 Frame from vFrameID : 373
Tcw:
[0.99992675, -0.0010512732, 0.012060193, 0.58771455;
 0.0011228782, 0.99998176, -0.0059320675, 0.1067968;
 -0.012053737, 0.005945175, 0.9999097, 1.2880644;
 0, 0, 0, 1]
Twc:
[0.99992675, 0.0011228782, -0.012053737, -0.57226539;
 -0.0010512732, 0.99998176, 0.005945175, -0.11383478;
 0.012060193, -0.0059320675, 0.9999097, -1.2944025;
 0, 0, 0, 1]
Ow:
[0.58771455;
 0.1067968;
 1.2880644]
Keyframe: 77 Frame: 376 Frame from vFrameID : 377
Tcw:
[0.99974239, -0.0065522771, 0.02172978, 0.5932954;
 0.0067202486, 0.99994802, -0.007666023, 0.10808244;
 -0.02167842, 0.0078100781, 0.99973446, 1.3086218;
 0, 0, 0, 1]
Twc:
[0.99974239, 0.0067202486, -0.02167842, -0.56550008;
 -0.0065522771, 0.99994802, 0.0078100781, -0.11440983;
 0.02172978, -0.007666023, 0.99973446, -1.320338;
 0, 0, 0, 1]
Ow:
[0.5932954;
 0.10808244;
 1.3086218]
Keyframe: 78 Frame: 380 Frame from vFrameID : 381
Tcw:
[0.99936217, -0.018193079, 0.030728905, 0.59971994;
 0.018511688, 0.9997775, -0.010115882, 0.1063574;
 -0.030538028, 0.010678274, 0.99947655, 1.3282617;
 0, 0, 0, 1]
Twc:
[0.99936217, 0.018511688, -0.030538028, -0.56074381;
 -0.018193079, 0.9997775, 0.010678274, -0.10960651;
 0.030728905, -0.010115882, 0.99947655, -1.3449194;
 0, 0, 0, 1]
Ow:
[0.59971994;
 0.1063574;
 1.3282617]
Keyframe: 79 Frame: 384 Frame from vFrameID : 385
Tcw:
[0.99890113, -0.022782244, 0.040957198, 0.60741907;
 0.023559516, 0.99954945, -0.018596211, 0.10444029;
 -0.04051508, 0.019540709, 0.99898785, 1.3451849;
 0, 0, 0, 1]
Twc:
[0.99890113, 0.023559516, -0.04051508, -0.55471188;
 -0.022782244, 0.99954945, 0.019540709, -0.11684074;
 0.040957198, -0.018596211, 0.99898785, -1.3667593;
 0, 0, 0, 1]
Ow:
[0.60741907;
 0.10444029;
 1.3451849]
Keyframe: 80 Frame: 388 Frame from vFrameID : 389
Tcw:
[0.99893016, -0.019814383, 0.041784916, 0.61915749;
 0.021184353, 0.99924386, -0.032602377, 0.10917865;
 -0.041107327, 0.033452686, 0.99859458, 1.3671649;
 0, 0, 0, 1]
Twc:
[0.99893016, 0.021184353, -0.041107327, -0.56460744;
 -0.019814383, 0.99924386, 0.033452686, -0.14256319;
 0.041784916, -0.032602377, 0.99859458, -1.3875554;
 0, 0, 0, 1]
Ow:
[0.61915749;
 0.10917865;
 1.3671649]
Keyframe: 81 Frame: 393 Frame from vFrameID : 394
Tcw:
[0.9998467, -0.015132533, 0.0088056792, 0.63032722;
 0.015340709, 0.99959248, -0.024074463, 0.1114611;
 -0.0084377835, 0.024205858, 0.9996714, 1.3886318;
 0, 0, 0, 1]
Twc:
[0.9998467, 0.015340709, -0.0084377835, -0.62022358;
 -0.015132533, 0.99959248, 0.024205858, -0.13549024;
 0.0088056792, -0.024074463, 0.9996714, -1.3910425;
 0, 0, 0, 1]
Ow:
[0.63032722;
 0.1114611;
 1.3886318]
Keyframe: 82 Frame: 396 Frame from vFrameID : 397
Tcw:
[0.99957114, -0.020054942, -0.021339294, 0.6389547;
 0.019419083, 0.9993732, -0.029598698, 0.11132479;
 0.021919519, 0.029171614, 0.99933404, 1.4008418;
 0, 0, 0, 1]
Twc:
[0.99957114, 0.019419083, 0.021919519, -0.67154831;
 -0.020054942, 0.9993732, 0.029171614, -0.13930564;
 -0.021339294, -0.029598698, 0.99933404, -1.382979;
 0, 0, 0, 1]
Ow:
[0.6389547;
 0.11132479;
 1.4008418]
Keyframe: 83 Frame: 401 Frame from vFrameID : 402
Tcw:
[0.99974161, -0.011356459, -0.019691048, 0.65107381;
 0.011001624, 0.99977684, -0.018035773, 0.11494391;
 0.019891476, 0.01781448, 0.99964345, 1.421537;
 0, 0, 0, 1]
Twc:
[0.99974161, 0.011001624, 0.019891476, -0.68044668;
 -0.011356459, 0.99977684, 0.01781448, -0.13284831;
 -0.019691048, -0.018035773, 0.99964345, -1.4061368;
 0, 0, 0, 1]
Ow:
[0.65107381;
 0.11494391;
 1.421537]
Keyframe: 84 Frame: 405 Frame from vFrameID : 406
Tcw:
[0.99984503, -0.01751902, 0.0017430001, 0.65761036;
 0.017557904, 0.99951839, -0.02558779, 0.11905049;
 -0.0012938877, 0.025614427, 0.99967104, 1.4403927;
 0, 0, 0, 1]
Twc:
[0.99984503, 0.017557904, -0.0012938877, -0.65773493;
 -0.01751902, 0.99951839, 0.025614427, -0.14436729;
 0.0017430001, -0.02558779, 0.99967104, -1.4380189;
 0, 0, 0, 1]
Ow:
[0.65761036;
 0.11905049;
 1.4403927]
Keyframe: 85 Frame: 409 Frame from vFrameID : 410
Tcw:
[0.99927598, -0.037733085, 0.0048665972, 0.65940964;
 0.037820924, 0.9990955, -0.019435367, 0.11976175;
 -0.0041288389, 0.019605355, 0.99979925, 1.4608634;
 0, 0, 0, 1]
Twc:
[0.99927598, 0.037820924, -0.0041288389, -0.65743005;
 -0.037733085, 0.9990955, 0.019605355, -0.12341262;
 0.0048665972, -0.019435367, 0.99979925, -1.4614516;
 0, 0, 0, 1]
Ow:
[0.65940964;
 0.11976175;
 1.4608634]
Keyframe: 86 Frame: 414 Frame from vFrameID : 415
Tcw:
[0.99901581, -0.031447876, 0.031280853, 0.67380178;
 0.031869117, 0.9994067, -0.01306017, 0.12368441;
 -0.03085158, 0.014044209, 0.99942529, 1.482024;
 0, 0, 0, 1]
Twc:
[0.99901581, 0.031869117, -0.03085158, -0.63135755;
 -0.031447876, 0.9994067, 0.014044209, -0.12323526;
 0.031280853, -0.01306017, 0.99942529, -1.5006341;
 0, 0, 0, 1]
Ow:
[0.67380178;
 0.12368441;
 1.482024]
Keyframe: 87 Frame: 419 Frame from vFrameID : 420
Tcw:
[0.99978447, -0.014214214, 0.015131609, 0.68726212;
 0.014505913, 0.99970764, -0.019345505, 0.12559178;
 -0.014852203, 0.019560834, 0.99969834, 1.5070828;
 0, 0, 0, 1]
Twc:
[0.99978447, 0.014505913, -0.014852203, -0.66655231;
 -0.014214214, 0.99970764, 0.019560834, -0.14526597;
 0.015131609, -0.019345505, 0.99969834, -1.514598;
 0, 0, 0, 1]
Ow:
[0.68726212;
 0.12559178;
 1.5070828]
Keyframe: 88 Frame: 424 Frame from vFrameID : 425
Tcw:
[0.99962604, 0.0077793454, -0.026214663, 0.70358968;
 -0.0087590143, 0.99925953, -0.037465803, 0.12689982;
 0.025903791, 0.037681408, 0.998954, 1.5275723;
 0, 0, 0, 1]
Twc:
[0.99962604, -0.0087590143, 0.025903791, -0.74178499;
 0.0077793454, 0.99925953, 0.037681408, -0.18984041;
 -0.026214663, -0.037465803, 0.998954, -1.5027757;
 0, 0, 0, 1]
Ow:
[0.70358968;
 0.12689982;
 1.5275723]
Keyframe: 89 Frame: 428 Frame from vFrameID : 429
Tcw:
[0.99966973, 0.002614792, -0.02556454, 0.71193922;
 -0.0026892731, 0.99999225, -0.002879502, 0.12577829;
 0.025556814, 0.0029473011, 0.99966902, 1.5436324;
 0, 0, 0, 1]
Twc:
[0.99966973, -0.0026892731, 0.025556814, -0.75081617;
 0.002614792, 0.99999225, 0.0029473011, -0.13218844;
 -0.02556454, -0.002879502, 0.99966902, -1.5245589;
 0, 0, 0, 1]
Ow:
