Keyframe: 0 Frame: 0 Frame from vFrameID : 73
Tcw:
[1, 0, 0, 0;
 0, 1, 0, 0;
 0, 0, 1, 0;
 0, 0, 0, 1]
Twc:
[1, 0, 0, 0;
 0, 1, 0, 0;
 0, 0, 1, 0;
 0, 0, 0, 1]
Ow:
[0;
 0;
 0]
Keyframe: 1 Frame: 72 Frame from vFrameID : 73
Tcw:
[0.99985397, 0.0058857813, 0.01604392, 0.019995119;
 -0.0052560768, 0.9992249, -0.039012264, -0.0057246918;
 -0.016261101, 0.038922239, 0.99910992, 0.013248083;
 0, 0, 0, 1]
Twc:
[0.99985397, -0.0052560768, -0.016261101, -0.01980686;
 0.0058857813, 0.9992249, 0.038922239, 0.0050869226;
 0.01604392, -0.039012264, 0.99910992, -0.013780424;
 0, 0, 0, 1]
Ow:
[0.019995119;
 -0.0057246918;
 0.013248083]
Keyframe: 2 Frame: 73 Frame from vFrameID : 74
Tcw:
[0.99983823, 0.0099305762, 0.014997664, 0.022582209;
 -0.00932304, 0.99915421, -0.040049288, -0.0067174579;
 -0.015382691, 0.039902985, 0.99908513, 0.013757413;
 0, 0, 0, 1]
Twc:
[0.99983823, -0.00932304, -0.015382691, -0.022429556;
 0.0099305762, 0.99915421, 0.039902985, 0.0059385598;
 0.014997664, -0.040049288, 0.99908513, -0.014352537;
 0, 0, 0, 1]
Ow:
[0.022582209;
 -0.0067174579;
 0.013757413]
Keyframe: 3 Frame: 74 Frame from vFrameID : 75
Tcw:
[0.99981242, 0.013437395, 0.013950234, 0.023681566;
 -0.012819779, 0.99897307, -0.043456078, -0.0072879652;
 -0.014519845, 0.043269083, 0.99895793, 0.01413336;
 0, 0, 0, 1]
Twc:
[0.99981242, -0.012819779, -0.014519845, -0.023565339;
 0.013437395, 0.99897307, 0.043269083, 0.006350725;
 0.013950234, -0.043456078, 0.99895793, -0.014765702;
 0, 0, 0, 1]
Ow:
[0.023681566;
 -0.0072879652;
 0.01413336]
Keyframe: 4 Frame: 75 Frame from vFrameID : 76
Tcw:
[0.99981427, 0.015554881, 0.011379819, 0.025865758;
 -0.015025499, 0.99886441, -0.045212347, -0.0068618888;
 -0.012070169, 0.045032963, 0.99891257, 0.014325503;
 0, 0, 0, 1]
Twc:
[0.99981427, -0.015025499, -0.012070169, -0.025791146;
 0.015554881, 0.99886441, 0.045032963, 0.0058066375;
 0.011379819, -0.045212347, 0.99891257, -0.014914514;
 0, 0, 0, 1]
Ow:
[0.025865758;
 -0.0068618888;
 0.014325503]
Keyframe: 5 Frame: 76 Frame from vFrameID : 77
Tcw:
[0.99980718, 0.017584164, 0.008738555, 0.026856132;
 -0.017177556, 0.99885684, -0.044609029, -0.0072245784;
 -0.0095129777, 0.04445032, 0.99896628, 0.01575624;
 0, 0, 0, 1]
Twc:
[0.99980718, -0.017177556, -0.0095129777, -0.026825165;
 0.017584164, 0.99885684, 0.04445032, 0.006043707;
 0.008738555, -0.044609029, 0.99896628, -0.016296918;
 0, 0, 0, 1]
Ow:
[0.026856132;
 -0.0072245784;
 0.01575624]
Keyframe: 6 Frame: 78 Frame from vFrameID : 79
Tcw:
[0.99982589, 0.017955519, 0.0050797355, 0.028036758;
 -0.017719358, 0.99890769, -0.043237139, -0.0077193212;
 -0.0058505321, 0.043139599, 0.99905193, 0.018132351;
 0, 0, 0, 1]
Twc:
[0.99982589, -0.017719358, -0.0058505321, -0.028062573;
 0.017955519, 0.99890769, 0.043139599, 0.0064252522;
 0.0050797355, -0.043237139, 0.99905193, -0.018591341;
 0, 0, 0, 1]
Ow:
[0.028036758;
 -0.0077193212;
 0.018132351]
Keyframe: 7 Frame: 79 Frame from vFrameID : 80
Tcw:
[0.99985451, 0.016320063, 0.0049564578, 0.028274255;
 -0.016085573, 0.99889559, -0.0441458, -0.0073246919;
 -0.0056714457, 0.044059653, 0.99901283, 0.018492743;
 0, 0, 0, 1]
Twc:
[0.99985451, -0.016085573, -0.0056714457, -0.028283082;
 0.016320063, 0.99889559, 0.044059653, 0.0060403808;
 0.0049564578, -0.0441458, 0.99901283, -0.018937983;
 0, 0, 0, 1]
Ow:
[0.028274255;
 -0.0073246919;
 0.018492743]
Keyframe: 8 Frame: 81 Frame from vFrameID : 82
Tcw:
[0.99988753, 0.0140099, 0.0053519299, 0.029654579;
 -0.013766512, 0.99897647, -0.043086771, -0.0077107619;
 -0.0059500937, 0.043008249, 0.99905699, 0.021704599;
 0, 0, 0, 1]
Twc:
[0.99988753, -0.013766512, -0.0059500937, -0.029628249;
 0.0140099, 0.99897647, 0.043008249, 0.0063539352;
 0.0053519299, -0.043086771, 0.99905699, -0.022175074;
 0, 0, 0, 1]
Ow:
[0.029654579;
 -0.0077107619;
 0.021704599]
Keyframe: 9 Frame: 83 Frame from vFrameID : 84
Tcw:
[0.99985385, 0.014507566, 0.0090423236, 0.030350264;
 -0.01409053, 0.9989059, -0.044592734, -0.0083273249;
 -0.0096793622, 0.044458807, 0.99896431, 0.026505716;
 0, 0, 0, 1]
Twc:
[0.99985385, -0.01409053, -0.0096793622, -0.030206608;
 0.014507566, 0.9989059, 0.044458807, 0.0066994932;
 0.0090423236, -0.044592734, 0.99896431, -0.02712404;
 0, 0, 0, 1]
Ow:
[0.030350264;
 -0.0083273249;
 0.026505716]
Keyframe: 10 Frame: 85 Frame from vFrameID : 86
Tcw:
[0.99985522, 0.011047375, 0.012941279, 0.02964065;
 -0.010391217, 0.99870926, -0.049717188, -0.0084705111;
 -0.013473821, 0.049575515, 0.99867952, 0.030308355;
 0, 0, 0, 1]
Twc:
[0.99985522, -0.010391217, -0.013473821, -0.02931601;
 0.011047375, 0.99870926, 0.049575515, 0.0066295746;
 0.012941279, -0.049717188, 0.99867952, -0.031073051;
 0, 0, 0, 1]
Ow:
[0.02964065;
 -0.0084705111;
 0.030308355]
Keyframe: 11 Frame: 87 Frame from vFrameID : 88
Tcw:
[0.99983591, 0.0056192349, 0.017220754, 0.02885898;
 -0.0047165696, 0.99863505, -0.052016843, -0.0083016343;
 -0.017489543, 0.051927082, 0.99849772, 0.033992033;
 0, 0, 0, 1]
Twc:
[0.99983591, -0.0047165696, -0.017489543, -0.028298896;
 0.0056192349, 0.99863505, 0.051927082, 0.0063630305;
 0.017220754, -0.052016843, 0.99849772, -0.034869768;
 0, 0, 0, 1]
Ow:
[0.02885898;
 -0.0083016343;
 0.033992033]
Keyframe: 12 Frame: 89 Frame from vFrameID : 90
Tcw:
[0.99963433, 0.0033254246, 0.026835892, 0.027460383;
 -0.0019232236, 0.99863958, -0.052108582, -0.0080543738;
 -0.026972666, 0.052037913, 0.99828076, 0.038364619;
 0, 0, 0, 1]
Twc:
[0.99963433, -0.0019232236, -0.026972666, -0.026431035;
 0.0033254246, 0.99863958, 0.052037913, 0.005955684;
 0.026835892, -0.052108582, 0.99828076, -0.039455291;
 0, 0, 0, 1]
Ow:
[0.027460383;
 -0.0080543738;
 0.038364619]
Keyframe: 13 Frame: 92 Frame from vFrameID : 93
Tcw:
[0.99904597, 0.00034614731, 0.043669455, 0.025844151;
 0.0021499796, 0.99836618, -0.05709964, -0.010097145;
 -0.043617871, 0.057139054, 0.99741298, 0.046302188;
 0, 0, 0, 1]
Twc:
[0.99904597, 0.0021499796, -0.043617871, -0.023778183;
 0.00034614731, 0.99836618, 0.057139054, 0.0074260389;
 0.043669455, -0.05709964, 0.99741298, -0.047887545;
 0, 0, 0, 1]
Ow:
[0.025844151;
 -0.010097145;
 0.046302188]
Keyframe: 14 Frame: 95 Frame from vFrameID : 96
Tcw:
[0.99839115, -0.0034333668, 0.056598023, 0.023195481;
 0.0070840255, 0.99789721, -0.064427711, -0.010561088;
 -0.056257807, 0.064725004, 0.99631608, 0.052908175;
 0, 0, 0, 1]
Twc:
[0.99839115, 0.0070840255, -0.056257807, -0.020106848;
 -0.0034333668, 0.99789721, 0.064725004, 0.007194038;
 0.056598023, -0.064427711, 0.99631608, -0.05470651;
 0, 0, 0, 1]
Ow:
[0.023195481;
 -0.010561088;
 0.052908175]
Keyframe: 15 Frame: 98 Frame from vFrameID : 99
Tcw:
[0.99810195, -0.0093599157, 0.060868066, 0.020424705;
 0.013371398, 0.99774092, -0.065834962, -0.010418734;
 -0.06011435, 0.066523895, 0.99597234, 0.05735267;
 0, 0, 0, 1]
Twc:
[0.99810195, 0.013371398, -0.06011435, -0.016798906;
 -0.0093599157, 0.99774092, 0.066523895, 0.0067710476;
 0.060868066, -0.065834962, 0.99597234, -0.059050798;
 0, 0, 0, 1]
Ow:
[0.020424705;
 -0.010418734;
 0.05735267]
Keyframe: 16 Frame: 101 Frame from vFrameID : 102
Tcw:
[0.99797183, -0.016222388, 0.06155559, 0.0194019;
 0.019905392, 0.99801797, -0.059698682, -0.010775473;
 -0.060465131, 0.060802892, 0.99631673, 0.064122006;
 0, 0, 0, 1]
Twc:
[0.99797183, 0.019905392, -0.060465131, -0.015270915;
 -0.016222388, 0.99801797, 0.060802892, 0.0071700574;
 0.06155559, -0.059698682, 0.99631673, -0.065723404;
 0, 0, 0, 1]
Ow:
[0.0194019;
 -0.010775473;
 0.064122006]
Keyframe: 17 Frame: 104 Frame from vFrameID : 105
Tcw:
[0.99749798, -0.015748734, 0.068918392, 0.018233659;
 0.019297514, 0.99850535, -0.051133465, -0.011389867;
 -0.068010092, 0.052335482, 0.99631101, 0.067810126;
 0, 0, 0, 1]
Twc:
[0.99749798, 0.019297514, -0.068010092, -0.01335647;
 -0.015748734, 0.99850535, 0.052335482, 0.0081111249;
 0.068918392, -0.051133465, 0.99631101, -0.069399007;
 0, 0, 0, 1]
Ow:
[0.018233659;
 -0.011389867;
 0.067810126]
Keyframe: 18 Frame: 107 Frame from vFrameID : 108
Tcw:
[0.99748427, -0.019290183, 0.068213359, 0.022989057;
 0.022430522, 0.99870908, -0.045574822, -0.011776158;
 -0.067246154, 0.046990227, 0.99662924, 0.077286631;
 0, 0, 0, 1]
Twc:
[0.99748427, 0.022430522, -0.067246154, -0.017469848;
 -0.019290183, 0.99870908, 0.046990227, 0.0085727023;
 0.068213359, -0.045574822, 0.99662924, -0.079130977;
 0, 0, 0, 1]
Ow:
[0.022989057;
 -0.011776158;
 0.077286631]
Keyframe: 19 Frame: 110 Frame from vFrameID : 111
Tcw:
[0.99788678, -0.015398763, 0.063125573, 0.028449137;
 0.018190058, 0.99887097, -0.043884601, -0.011235449;
 -0.062378537, 0.044940121, 0.99704027, 0.08522936;
 0, 0, 0, 1]
Twc:
[0.99788678, 0.018190058, -0.062378537, -0.022868162;
 -0.015398763, 0.99887097, 0.044940121, 0.0078306282;
 0.063125573, -0.043884601, 0.99704027, -0.087266035;
 0, 0, 0, 1]
Ow:
[0.028449137;
 -0.011235449;
 0.08522936]
Keyframe: 20 Frame: 113 Frame from vFrameID : 114
Tcw:
[0.99845791, -0.011354647, 0.054340243, 0.034383856;
 0.013700766, 0.99898118, -0.042998694, -0.010089358;
 -0.053796645, 0.043676887, 0.99759626, 0.091052413;
 0, 0, 0, 1]
Twc:
[0.99845791, 0.013700766, -0.053796645, -0.029294286;
 -0.011354647, 0.99898118, 0.043676887, 0.0064926096;
 0.054340243, -0.042998694, 0.99759626, -0.093135796;
 0, 0, 0, 1]
Ow:
[0.034383856;
 -0.010089358;
 0.091052413]
Keyframe: 21 Frame: 117 Frame from vFrameID : 118
Tcw:
[0.99909389, 0.0012625497, 0.042542174, 0.049824134;
 0.00063698704, 0.99900436, -0.044607557, -0.012389017;
 -0.042556137, 0.044594236, 0.99809837, 0.10298309;
 0, 0, 0, 1]
Twc:
[0.99909389, 0.00063698704, -0.042556137, -0.045388531;
 0.0012625497, 0.99900436, 0.044594236, 0.0077213249;
 0.042542174, -0.044607557, 0.99809837, -0.10545952;
 0, 0, 0, 1]
Ow:
[0.049824134;
 -0.012389017;
 0.10298309]
Keyframe: 22 Frame: 120 Frame from vFrameID : 121
Tcw:
[0.99887794, 0.013749481, 0.045318827, 0.05393501;
 -0.011638938, 0.99884999, -0.046510253, -0.014360502;
 -0.045906201, 0.045930605, 0.99788928, 0.10739387;
 0, 0, 0, 1]
Twc:
[0.99887794, -0.011638938, -0.045906201, -0.04911159;
 0.013749481, 0.99884999, 0.045930605, 0.0086697452;
 0.045318827, -0.046510253, 0.99788928, -0.11027937;
 0, 0, 0, 1]
Ow:
[0.05393501;
 -0.014360502;
 0.10739387]
Keyframe: 23 Frame: 123 Frame from vFrameID : 124
Tcw:
[0.99872577, 0.0073366626, 0.049929563, 0.057631634;
 -0.0053016995, 0.99915457, -0.040767752, -0.014552841;
 -0.050186452, 0.040451095, 0.99792033, 0.11694321;
 0, 0, 0, 1]
Twc:
[0.99872577, -0.0053016995, -0.050186452, -0.051766392;
 0.0073366626, 0.99915457, 0.040451095, 0.0093872342;
 0.049929563, -0.040767752, 0.99792033, -0.12017082;
 0, 0, 0, 1]
Ow:
[0.057631634;
 -0.014552841;
 0.11694321]
Keyframe: 24 Frame: 126 Frame from vFrameID : 127
Tcw:
[0.99836046, 0.0036369397, 0.057124458, 0.05926723;
 -0.0014369779, 0.99925733, -0.038505692, -0.016258512;
 -0.057222076, 0.038360473, 0.99762422, 0.12331195;
 0, 0, 0, 1]
Twc:
[0.99836046, -0.0014369779, -0.057222076, -0.052137256;
 0.0036369397, 0.99925733, 0.038360473, 0.011300582;
 0.057124458, -0.038505692, 0.99762422, -0.12703064;
 0, 0, 0, 1]
Ow:
[0.05926723;
 -0.016258512;
 0.12331195]
Keyframe: 25 Frame: 129 Frame from vFrameID : 130
Tcw:
[0.99753994, -0.0042414917, 0.069971971, 0.057273988;
 0.0070820125, 0.99915862, -0.040397134, -0.019064847;
 -0.069741756, 0.040793296, 0.99673063, 0.1327374;
 0, 0, 0, 1]
Twc:
[0.99753994, 0.0070820125, -0.069741756, -0.047740731;
 -0.0042414917, 0.99915862, 0.040793296, 0.013876938;
 0.069971971, -0.040397134, 0.99673063, -0.13708118;
 0, 0, 0, 1]
Ow:
[0.057273988;
 -0.019064847;
 0.1327374]
Keyframe: 26 Frame: 133 Frame from vFrameID : 134
Tcw:
[0.99648994, -0.0080602383, 0.083323978, 0.059649751;
 0.012850391, 0.998285, -0.05711285, -0.019901941;
 -0.082720734, 0.057983126, 0.99488455, 0.14427474;
 0, 0, 0, 1]
Twc:
[0.99648994, 0.012850391, -0.082720734, -0.047250114;
 -0.0080602383, 0.998285, 0.057983126, 0.011983101;
 0.083323978, -0.05711285, 0.99488455, -0.14964361;
 0, 0, 0, 1]
Ow:
[0.059649751;
 -0.019901941;
 0.14427474]
Keyframe: 27 Frame: 136 Frame from vFrameID : 137
Tcw:
[0.99541414, -0.0201908, 0.093503878, 0.059297185;
 0.026705775, 0.99726206, -0.068957433, -0.021811381;
 -0.091855563, 0.0711383, 0.99322802, 0.15392724;
 0, 0, 0, 1]
Twc:
[0.99541414, 0.026705775, -0.091855563, -0.044303693;
 -0.0201908, 0.99726206, 0.0711383, 0.011998801;
 0.093503878, -0.068957433, 0.99322802, -0.15993342;
 0, 0, 0, 1]
Ow:
[0.059297185;
 -0.021811381;
 0.15392724]
Keyframe: 28 Frame: 139 Frame from vFrameID : 140
Tcw:
[0.99370635, -0.029853171, 0.10796519, 0.058303513;
 0.038045041, 0.99648535, -0.074629173, -0.020725101;
 -0.10535782, 0.078267023, 0.99134958, 0.16077279;
 0, 0, 0, 1]
Twc:
[0.99370635, 0.038045041, -0.10535782, -0.040209409;
 -0.029853171, 0.99648535, 0.078267023, 0.0098095965;
 0.10796519, -0.074629173, 0.99134958, -0.16722348;
 0, 0, 0, 1]
Ow:
[0.058303513;
 -0.020725101;
 0.16077279]
Keyframe: 29 Frame: 142 Frame from vFrameID : 143
Tcw:
[0.99310327, -0.034492612, 0.11205434, 0.06030789;
 0.042790465, 0.99644923, -0.072511353, -0.018378101;
 -0.10915536, 0.076806121, 0.99105293, 0.16681567;
 0, 0, 0, 1]
Twc:
[0.99310327, 0.042790465, -0.10915536, -0.040896732;
 -0.034492612, 0.99644923, 0.076806121, 0.0075805583;
 0.11205434, -0.072511353, 0.99105293, -0.17341353;
 0, 0, 0, 1]
Ow:
[0.06030789;
 -0.018378101;
 0.16681567]
Keyframe: 30 Frame: 145 Frame from vFrameID : 146
Tcw:
[0.99262089, -0.037948474, 0.11516787, 0.063705251;
 0.044797286, 0.99734145, -0.05747382, -0.018387269;
 -0.11268064, 0.062208924, 0.99168199, 0.17168233;
 0, 0, 0, 1]
Twc:
[0.99262089, 0.044797286, -0.11268064, -0.043066185;
 -0.037948474, 0.99734145, 0.062208924, 0.01007573;
 0.11516787, -0.05747382, 0.99168199, -0.17864785;
 0, 0, 0, 1]
Ow:
[0.063705251;
 -0.018387269;
 0.17168233]
Keyframe: 31 Frame: 148 Frame from vFrameID : 149
Tcw:
[0.9940604, -0.029859552, 0.10465361, 0.070419297;
 0.036034293, 0.99768829, -0.057616152, -0.020974325;
 -0.10269129, 0.061045054, 0.99283838, 0.18292354;
 0, 0, 0, 1]
Twc:
[0.9940604, 0.036034293, -0.10269129, -0.050460577;
 -0.029859552, 0.99768829, 0.061045054, 0.011861949;
 0.10465361, -0.057616152, 0.99283838, -0.1901916;
 0, 0, 0, 1]
Ow:
[0.070419297;
 -0.020974325;
 0.18292354]
Keyframe: 32 Frame: 152 Frame from vFrameID : 153
Tcw:
[0.99670845, -0.013703665, 0.079902723, 0.078338608;
 0.018488042, 0.99806017, -0.059448615, -0.022755235;
 -0.07893306, 0.060730182, 0.99502838, 0.19198631;
 0, 0, 0, 1]
Twc:
[0.99670845, 0.018488042, -0.07893306, -0.06250599;
 -0.013703665, 0.99806017, 0.060730182, 0.012125256;
 0.079902723, -0.059448615, 0.99502838, -0.19864406;
 0, 0, 0, 1]
Ow:
[0.078338608;
 -0.022755235;
 0.19198631]
Keyframe: 33 Frame: 156 Frame from vFrameID : 157
Tcw:
[0.99828494, -0.00097679382, 0.058534276, 0.083404794;
 0.0051343404, 0.99746883, -0.070919357, -0.024589341;
 -0.058316842, 0.071098261, 0.99576312, 0.19894759;
 0, 0, 0, 1]
Twc:
[0.99828494, 0.0051343404, -0.058316842, -0.071533501;
 -0.00097679382, 0.99746883, 0.071098261, 0.010463744;
 0.058534276, -0.070919357, 0.99576312, -0.20473057;
 0, 0, 0, 1]
Ow:
[0.083404794;
 -0.024589341;
 0.19894759]
Keyframe: 34 Frame: 159 Frame from vFrameID : 160
Tcw:
[0.99925816, 0.0023430479, 0.038440149, 0.08754728;
 0.0004242869, 0.99741715, -0.071825117, -0.024576167;
 -0.038509153, 0.071788147, 0.99667621, 0.20522873;
 0, 0, 0, 1]
Twc:
[0.99925816, 0.0004242869, -0.038509153, -0.079568714;
 0.0023430479, 0.99741715, 0.071788147, 0.0095745716;
 0.038440149, -0.071825117, 0.99667621, -0.20967713;
 0, 0, 0, 1]
Ow:
[0.08754728;
 -0.024576167;
 0.20522873]
Keyframe: 35 Frame: 163 Frame from vFrameID : 164
Tcw:
[0.99920821, 0.0062939986, 0.039285947, 0.08849068;
 -0.0037051041, 0.99783736, -0.065626942, -0.025917187;
 -0.03961404, 0.065429419, 0.99707055, 0.21210191;
 0, 0, 0, 1]
Twc:
[0.99920821, -0.0037051041, -0.03961404, -0.080114424;
 0.0062939986, 0.99783736, 0.065429419, 0.011426473;
 0.039285947, -0.065626942, 0.99707055, -0.21665788;
 0, 0, 0, 1]
Ow:
[0.08849068;
 -0.025917187;
 0.21210191]
Keyframe: 36 Frame: 167 Frame from vFrameID : 168
Tcw:
[0.99876612, 0.0060840426, 0.049287599, 0.08897581;
 -0.0029726501, 0.99801189, -0.062956296, -0.025931772;
 -0.049572635, 0.0627321, 0.99679852, 0.2253789;
 0, 0, 0, 1]
Twc:
[0.99876612, -0.0029726501, -0.049572635, -0.077770479;
 0.0060840426, 0.99801189, 0.0627321, 0.011200394;
 0.049287599, -0.062956296, 0.99679852, -0.23067531;
 0, 0, 0, 1]
Ow:
[0.08897581;
 -0.025931772;
 0.2253789]
Keyframe: 37 Frame: 171 Frame from vFrameID : 172
Tcw:
[0.99828804, -0.0013816942, 0.058472812, 0.088626117;
 0.0048980038, 0.99818426, -0.060035311, -0.026540821;
 -0.058283687, 0.060218934, 0.99648213, 0.2389048;
 0, 0, 0, 1]
Twc:
[0.99828804, 0.0048980038, -0.058283687, -0.074420139;
 -0.0013816942, 0.99818426, 0.060218934, 0.012228491;
 0.058472812, -0.060035311, 0.99648213, -0.24483998;
 0, 0, 0, 1]
Ow:
[0.088626117;
 -0.026540821;
 0.2389048]
Keyframe: 38 Frame: 175 Frame from vFrameID : 176
Tcw:
[0.9982183, -0.0075580836, 0.059187535, 0.089586213;
 0.011995178, 0.99711335, -0.074974239, -0.029414229;
 -0.058450017, 0.075550616, 0.99542737, 0.25246468;
 0, 0, 0, 1]
Twc:
[0.9982183, 0.011995178, -0.058450017, -0.074317202;
 -0.0075580836, 0.99711335, 0.075550616, 0.010932557;
 0.059187535, -0.074974239, 0.99542737, -0.25881797;
 0, 0, 0, 1]
Ow:
[0.089586213;
 -0.029414229;
 0.25246468]
Keyframe: 39 Frame: 179 Frame from vFrameID : 180
Tcw:
[0.99769896, -0.016822957, 0.065679722, 0.091889478;
 0.021287514, 0.9974665, -0.067877792, -0.030096337;
 -0.064371414, 0.069119759, 0.99552941, 0.26396108;
 0, 0, 0, 1]
Twc:
[0.99769896, 0.021287514, -0.064371414, -0.074045807;
 -0.016822957, 0.9974665, 0.069119759, 0.013321016;
 0.065679722, -0.067877792, 0.99552941, -0.27085915;
 0, 0, 0, 1]
Ow:
[0.091889478;
 -0.030096337;
 0.26396108]
Keyframe: 40 Frame: 183 Frame from vFrameID : 184
Tcw:
[0.99778664, -0.02207586, 0.062725864, 0.096562341;
 0.025941661, 0.99776995, -0.061499543, -0.030890996;
 -0.061228324, 0.062990636, 0.99613416, 0.27784795;
 0, 0, 0, 1]
Twc:
[0.99778664, 0.025941661, -0.061228324, -0.078535087;
 -0.02207586, 0.99776995, 0.062990636, 0.015451985;
 0.062725864, -0.061499543, 0.99613416, -0.28473055;
 0, 0, 0, 1]
Ow:
[0.096562341;
 -0.030890996;
 0.27784795]
Keyframe: 41 Frame: 187 Frame from vFrameID : 188
Tcw:
[0.99798602, -0.01810221, 0.060796358, 0.10288604;
 0.021840934, 0.9978739, -0.061405387, -0.030963378;
 -0.059555527, 0.062609568, 0.99625957, 0.2871407;
 0, 0, 0, 1]
Twc:
[0.99798602, 0.021840934, -0.059555527, -0.084901743;
 -0.01810221, 0.9978739, 0.062609568, 0.014782256;
 0.060796358, -0.061405387, 0.99625957, -0.2942231;
 0, 0, 0, 1]
Ow:
[0.10288604;
 -0.030963378;
 0.2871407]
Keyframe: 42 Frame: 191 Frame from vFrameID : 192
Tcw:
[0.99853319, -0.010679053, 0.053079169, 0.11329817;
 0.014103745, 0.99781346, -0.064570613, -0.031787012;
 -0.052273557, 0.065224521, 0.99650049, 0.29995227;
 0, 0, 0, 1]
Twc:
[0.99853319, 0.014103745, -0.052273557, -0.097004093;
 -0.010679053, 0.99781346, 0.065224521, 0.013363183;
 0.053079169, -0.064570613, 0.99650049, -0.30696887;
 0, 0, 0, 1]
Ow:
[0.11329817;
 -0.031787012;
 0.29995227]
Keyframe: 43 Frame: 195 Frame from vFrameID : 196
Tcw:
[0.99918556, 0.01432809, 0.03772201, 0.12217732;
 -0.011569124, 0.99731094, -0.072367802, -0.034471698;
 -0.038657464, 0.071872458, 0.9966644, 0.31461272;
 0, 0, 0, 1]
Twc:
[0.99918556, -0.011569124, -0.038657464, -0.11031448;
 0.01432809, 0.99731094, 0.071872458, 0.010016448;
 0.03772201, -0.072367802, 0.9966644, -0.3206667;
 0, 0, 0, 1]
Ow:
[0.12217732;
 -0.034471698;
 0.31461272]
Keyframe: 44 Frame: 198 Frame from vFrameID : 199
Tcw:
[0.9993819, 0.010444085, 0.033566941, 0.12490831;
 -0.0081859734, 0.99773824, -0.066718906, -0.035020158;
 -0.034187838, 0.06640289, 0.99720705, 0.31903428;
 0, 0, 0, 1]
Twc:
[0.9993819, -0.0081859734, -0.034187838, -0.11421069;
 0.010444085, 0.99773824, 0.06640289, 0.012451597;
 0.033566941, -0.066718906, 0.99720705, -0.32467252;
 0, 0, 0, 1]
Ow:
[0.12490831;
 -0.035020158;
 0.31903428]
Keyframe: 45 Frame: 202 Frame from vFrameID : 203
Tcw:
[0.99931693, 0.0026609858, 0.036858883, 0.12619951;
 -0.00047547885, 0.99824744, -0.059176188, -0.035781298;
 -0.036951754, 0.059118241, 0.99756682, 0.33779767;
 0, 0, 0, 1]
Twc:
[0.99931693, -0.00047547885, -0.036951754, -0.11364811;
 0.0026609858, 0.99824744, 0.059118241, 0.015412767;
 0.036858883, -0.059176188, 0.99756682, -0.34374475;
 0, 0, 0, 1]
Ow:
[0.12619951;
 -0.035781298;
 0.33779767]
Keyframe: 46 Frame: 206 Frame from vFrameID : 207
Tcw:
[0.99829185, -0.00033950526, 0.058422856, 0.1279497;
 0.0043764473, 0.99760813, -0.06898462, -0.034763519;
 -0.058259696, 0.069122471, 0.99590558, 0.35249659;
 0, 0, 0, 1]
Twc:
[0.99829185, 0.0043764473, -0.058259696, -0.10704266;
 -0.00033950526, 0.99760813, 0.069122471, 0.010358375;
 0.058422856, -0.06898462, 0.99590558, -0.36092663;
 0, 0, 0, 1]
Ow:
[0.1279497;
 -0.034763519;
 0.35249659]
Keyframe: 47 Frame: 211 Frame from vFrameID : 212
Tcw:
[0.99747324, -0.020747928, 0.067945972, 0.12536731;
 0.025871024, 0.99681699, -0.075409412, -0.03438475;
 -0.066165112, 0.076976702, 0.99483502, 0.37264273;
 0, 0, 0, 1]
Twc:
[0.99747324, 0.025871024, -0.066165112, -0.099505037;
 -0.020747928, 0.99681699, 0.076976702, 0.0081916042;
 0.067945972, -0.075409412, 0.99483502, -0.3818292;
 0, 0, 0, 1]
Ow:
[0.12536731;
 -0.03438475;
 0.37264273]
Keyframe: 48 Frame: 215 Frame from vFrameID : 216
Tcw:
[0.99718755, -0.026438309, 0.070128739, 0.13030866;
 0.03121102, 0.99720669, -0.067857802, -0.034206014;
 -0.068138801, 0.069855742, 0.99522728, 0.38372955;
 0, 0, 0, 1]
Twc:
[0.99718755, 0.03121102, -0.068138801, -0.10272769;
 -0.026438309, 0.99720669, 0.069855742, 0.010749892;
 0.070128739, -0.067857802, 0.99522728, -0.39335763;
 0, 0, 0, 1]
Ow:
[0.13030866;
 -0.034206014;
 0.38372955]
Keyframe: 49 Frame: 219 Frame from vFrameID : 220
Tcw:
[0.99773496, -0.021395983, 0.063774288, 0.13537134;
 0.025262645, 0.99785125, -0.060454082, -0.034874242;
 -0.062343776, 0.061928257, 0.9961316, 0.39649439;
 0, 0, 0, 1]
Twc:
[0.99773496, 0.025262645, -0.062343776, -0.10946474;
 -0.021395983, 0.99785125, 0.061928257, 0.013141502;
 0.063774288, -0.060454082, 0.9961316, -0.40570208;
 0, 0, 0, 1]
Ow:
[0.13537134;
 -0.034874242;
 0.39649439]
Keyframe: 50 Frame: 223 Frame from vFrameID : 224
Tcw:
[0.99935389, -0.010802516, 0.034280807, 0.14398946;
 0.013210861, 0.99740142, -0.070823304, -0.03488566;
 -0.033426657, 0.071230419, 0.99689966, 0.4075844;
 0, 0, 0, 1]
Twc:
[0.99935389, 0.013210861, -0.033426657, -0.12981138;
 -0.010802516, 0.99740142, 0.071230419, 0.0073180464;
 0.034280807, -0.070823304, 0.99689966, -0.41372752;
 0, 0, 0, 1]
Ow:
[0.14398946;
 -0.03488566;
 0.4075844]
Keyframe: 51 Frame: 227 Frame from vFrameID : 228
Tcw:
[0.99979472, 0.0046777655, 0.019714082, 0.15482286;
 -0.003024919, 0.99654067, -0.08305157, -0.036379714;
 -0.02003438, 0.082974888, 0.99635023, 0.41827607;
 0, 0, 0, 1]
Twc:
[0.99979472, -0.003024919, -0.02003438, -0.1465212;
 0.0046777655, 0.99654067, 0.082974888, 0.00082323037;
 0.019714082, -0.08305157, 0.99635023, -0.42282304;
 0, 0, 0, 1]
Ow:
[0.15482286;
 -0.036379714;
 0.41827607]
Keyframe: 52 Frame: 232 Frame from vFrameID : 233
Tcw:
[0.99998444, 0.0054141036, 0.001361633, 0.16783208;
 -0.0052997502, 0.99729639, -0.073292933, -0.037556604;
 -0.0017547671, 0.073284574, 0.99730951, 0.43238255;
 0, 0, 0, 1]
Twc:
[0.99998444, -0.0052997502, -0.0017547671, -0.16726978;
 0.0054141036, 0.99729639, 0.073284574, 0.0048594321;
 0.001361633, -0.073292933, 0.99730951, -0.43420041;
 0, 0, 0, 1]
Ow:
[0.16783208;
 -0.037556604;
 0.43238255]
Keyframe: 53 Frame: 237 Frame from vFrameID : 238
Tcw:
[0.99996692, -0.00066913024, -0.0081035811, 0.1784972;
 0.0002790289, 0.9988451, -0.048045155, -0.037827708;
 0.0081263706, 0.048041306, 0.99881232, 0.44588792;
 0, 0, 0, 1]
Twc:
[0.99996692, 0.0002790289, 0.0081263706, -0.18210419;
 -0.00066913024, 0.9988451, 0.048041306, 0.016482422;
 -0.0081035811, -0.048045155, 0.99881232, -0.44572929;
 0, 0, 0, 1]
Ow:
[0.1784972;
 -0.037827708;
 0.44588792]
Keyframe: 54 Frame: 242 Frame from vFrameID : 243
Tcw:
[0.99982852, -0.0014990816, 0.01845691, 0.1856589;
 0.0026599336, 0.99800795, -0.063032337, -0.040789843;
 -0.018325653, 0.063070618, 0.99784082, 0.46875486;
 0, 0, 0, 1]
Twc:
[0.99982852, 0.0026599336, -0.018325653, -0.17692833;
 -0.0014990816, 0.99800795, 0.063070618, 0.011422249;
 0.01845691, -0.063032337, 0.99784082, -0.47374046;
 0, 0, 0, 1]
Ow:
[0.1856589;
 -0.040789843;
 0.46875486]
Keyframe: 55 Frame: 247 Frame from vFrameID : 248
Tcw:
[0.99986023, -0.0078413198, 0.014766082, 0.1885608;
 0.0091557438, 0.99579388, -0.091163382, -0.040930633;
 -0.013989133, 0.091285832, 0.99572647, 0.48325989;
 0, 0, 0, 1]
Twc:
[0.99986023, 0.0091557438, -0.013989133, -0.18139932;
 -0.0078413198, 0.99579388, 0.091285832, -0.0018777456;
 0.014766082, -0.091163382, 0.99572647, -0.48771036;
 0, 0, 0, 1]
Ow:
[0.1885608;
 -0.040930633;
 0.48325989]
Keyframe: 56 Frame: 251 Frame from vFrameID : 252
Tcw:
[0.99945885, -0.026524087, 0.019453483, 0.19857198;
 0.028468901, 0.9937799, -0.10766143, -0.042510089;
 -0.01647686, 0.10815699, 0.99399728, 0.49982858;
 0, 0, 0, 1]
Twc:
[0.99945885, 0.028468901, -0.01647686, -0.1890187;
 -0.026524087, 0.9937799, 0.10815699, -0.0065473411;
 0.019453483, -0.10766143, 0.99399728, -0.50526786;
 0, 0, 0, 1]
Ow:
[0.19857198;
 -0.042510089;
 0.49982858]
Keyframe: 57 Frame: 256 Frame from vFrameID : 257
Tcw:
[0.99891889, -0.021679653, 0.04112212, 0.20998906;
 0.025982158, 0.99390233, -0.10715912, -0.040484138;
 -0.038548198, 0.10811171, 0.9933911, 0.512407;
 0, 0, 0, 1]
Twc:
[0.99891889, 0.025982158, -0.038548198, -0.18895781;
 -0.021679653, 0.99390233, 0.10811171, -0.010607432;
 0.04112212, -0.10715912, 0.9933911, -0.52199399;
 0, 0, 0, 1]
Ow:
[0.20998906;
 -0.040484138;
 0.512407]
Keyframe: 58 Frame: 261 Frame from vFrameID : 262
Tcw:
[0.99981296, -0.019018652, -0.0035204557, 0.2172156;
 0.01868986, 0.99683398, -0.077283613, -0.042006053;
 0.0049791397, 0.077203356, 0.99700296, 0.52599525;
 0, 0, 0, 1]
Twc:
[0.99981296, 0.01868986, 0.0049791397, -0.21900886;
 -0.019018652, 0.99683398, 0.077203356, 0.0053956057;
 -0.0035204557, -0.077283613, 0.99700296, -0.52690053;
 0, 0, 0, 1]
Ow:
[0.2172156;
 -0.042006053;
 0.52599525]
Keyframe: 59 Frame: 266 Frame from vFrameID : 267
Tcw:
[0.99734414, -0.00086397788, -0.072827935, 0.23252943;
 -0.0057798978, 0.99583715, -0.090966858, -0.047513127;
 0.07260336, 0.091146201, 0.99318737, 0.53713864;
 0, 0, 0, 1]
Twc:
[0.99734414, -0.0057798978, 0.07260336, -0.27118456;
 -0.00086397788, 0.99583715, 0.091146201, -0.0014419114;
 -0.072827935, -0.090966858, 0.99318737, -0.52086681;
 0, 0, 0, 1]
Ow:
[0.23252943;
 -0.047513127;
 0.53713864]
Keyframe: 60 Frame: 271 Frame from vFrameID : 272
Tcw:
[0.9952026, -0.0064531933, -0.097622268, 0.23852398;
 0.00032720072, 0.99803627, -0.062638268, -0.050041087;
 0.097834773, 0.062305827, 0.99325037, 0.54624677;
 0, 0, 0, 1]
Twc:
[0.9952026, 0.00032720072, 0.097834773, -0.29080525;
 -0.0064531933, 0.99803627, 0.062305827, 0.017447699;
 -0.097622268, -0.062638268, 0.99325037, -0.52240908;
 0, 0, 0, 1]
Ow:
[0.23852398;
 -0.050041087;
 0.54624677]
Keyframe: 61 Frame: 276 Frame from vFrameID : 277
Tcw:
[0.99733478, -0.0069935876, -0.072625339, 0.24471448;
 0.0037310761, 0.99898177, -0.044961363, -0.048169669;
 0.072865836, 0.044570561, 0.99634534, 0.55884826;
 0, 0, 0, 1]
Twc:
[0.99733478, 0.0037310761, 0.072865836, -0.28460348;
 -0.0069935876, 0.99898177, 0.044570561, 0.02492387;
 -0.072625339, -0.044961363, 0.99634534, -0.54119921;
 0, 0, 0, 1]
Ow:
[0.24471448;
 -0.048169669;
 0.55884826]
Keyframe: 62 Frame: 280 Frame from vFrameID : 281
Tcw:
[0.9976275, -0.0056953356, -0.068606928, 0.24469157;
 0.0027520396, 0.99907476, -0.042919219, -0.050080061;
 0.068787888, 0.042628583, 0.99672014, 0.57157034;
 0, 0, 0, 1]
Twc:
[0.9976275, 0.0027520396, 0.068787888, -0.28329033;
 -0.0056953356, 0.99907476, 0.042628583, 0.027062094;
 -0.068606928, -0.042919219, 0.99672014, -0.55505753;
 0, 0, 0, 1]
Ow:
[0.24469157;
 -0.050080061;
 0.57157034]
Keyframe: 63 Frame: 285 Frame from vFrameID : 286
Tcw:
[0.9986639, -0.009195745, -0.050850745, 0.24499336;
 0.0066834767, 0.99875891, -0.049355906, -0.050348051;
 0.051241498, 0.048950106, 0.99748594, 0.58835661;
 0, 0, 0, 1]
Twc:
[0.9986639, 0.0066834767, 0.051241498, -0.27447778;
 -0.009195745, 0.99875891, 0.048950106, 0.023738341;
 -0.050850745, -0.049355906, 0.99748594, -0.5769043;
 0, 0, 0, 1]
Ow:
[0.24499336;
 -0.050348051;
 0.58835661]
Keyframe: 64 Frame: 290 Frame from vFrameID : 291
Tcw:
[0.99963045, 0.0019727305, -0.02711294, 0.24828844;
 -0.0042294101, 0.99650472, -0.083429225, -0.055509128;
 0.026853589, 0.083513059, 0.99614477, 0.60594386;
 0, 0, 0, 1]
Twc:
[0.99963045, -0.0042294101, 0.026853589, -0.26470318;
 0.0019727305, 0.99650472, 0.083513059, 0.0042210734;
 -0.02711294, -0.083429225, 0.99614477, -0.60150707;
 0, 0, 0, 1]
Ow:
[0.24828844;
 -0.055509128;
 0.60594386]
Keyframe: 65 Frame: 294 Frame from vFrameID : 295
Tcw:
[0.99974853, 0.00066071854, -0.022414545, 0.24452469;
 -0.0024783073, 0.99669808, -0.081159234, -0.055955864;
 0.022286911, 0.081194371, 0.99644905, 0.61078757;
 0, 0, 0, 1]
Twc:
[0.99974853, -0.0024783073, 0.022286911, -0.25821444;
 0.00066071854, 0.99669808, 0.081194371, 0.0060170242;
 -0.022414545, -0.081159234, 0.99644905, -0.60767913;
 0, 0, 0, 1]
Ow:
[0.24452469;
 -0.055955864;
 0.61078757]
Keyframe: 66 Frame: 299 Frame from vFrameID : 300
Tcw:
[0.99987292, -0.00049604947, -0.015933147, 0.24829981;
 -0.00055838906, 0.99781245, -0.066106372, -0.057123795;
 0.015931083, 0.066106863, 0.99768537, 0.629273;
 0, 0, 0, 1]
Twc:
[0.99987292, -0.00055838906, 0.015931083, -0.25832516;
 -0.00049604947, 0.99781245, 0.066106863, 0.015522738;
 -0.015933147, -0.066106372, 0.99768537, -0.62763649;
 0, 0, 0, 1]
Ow:
[0.24829981;
 -0.057123795;
 0.629273]
Keyframe: 67 Frame: 304 Frame from vFrameID : 305
Tcw:
[0.9992407, 0.0015148153, -0.038932998, 0.25447053;
 -0.0043986002, 0.99724174, -0.074091986, -0.056773942;
 0.038713373, 0.074206978, 0.99649113, 0.64694762;
 0, 0, 0, 1]
Twc:
[0.9992407, -0.0043986002, 0.038713373, -0.27957255;
 0.0015148153, 0.99724174, 0.074206978, 0.00822384;
 -0.038932998, -0.074091986, 0.99649113, -0.63897675;
 0, 0, 0, 1]
Ow:
[0.25447053;
 -0.056773942;
 0.64694762]
Keyframe: 68 Frame: 308 Frame from vFrameID : 309
Tcw:
[0.99905741, 0.0075161154, -0.042752579, 0.26726353;
 -0.010897903, 0.99678111, -0.079426989, -0.060676347;
 0.042017981, 0.07981804, 0.99592346, 0.66162139;
 0, 0, 0, 1]
Twc:
[0.99905741, -0.010897903, 0.042017981, -0.29547283;
 0.0075161154, 0.99678111, 0.07981804, 0.0056629372;
 -0.042752579, -0.079426989, 0.99592346, -0.6523174;
 0, 0, 0, 1]
Ow:
[0.26726353;
 -0.060676347;
 0.66162139]
Keyframe: 69 Frame: 313 Frame from vFrameID : 314
Tcw:
[0.99889189, 0.020087207, -0.04256152, 0.27728584;
 -0.023837052, 0.99570036, -0.089512736, -0.064395525;
 0.040580459, 0.090428092, 0.99507588, 0.67632961;
 0, 0, 0, 1]
Twc:
[0.99889189, -0.023837052, 0.040580459, -0.30595937;
 0.020087207, 0.99570036, 0.090428092, -0.0026104404;
 -0.04256152, -0.089512736, 0.99507588, -0.66696179;
 0, 0, 0, 1]
Ow:
[0.27728584;
 -0.064395525;
 0.67632961]
Keyframe: 70 Frame: 316 Frame from vFrameID : 317
Tcw:
[0.9988932, 0.018826602, -0.043104097, 0.28042883;
 -0.022215528, 0.99658382, -0.079543553, -0.064862289;
 0.041459311, 0.080413088, 0.99589902, 0.68482548;
 0, 0, 0, 1]
Twc:
[0.9988932, -0.022215528, 0.041459311, -0.30995178;
 0.018826602, 0.99658382, 0.080413088, 0.0042922506;
 -0.043104097, -0.079543553, 0.99589902, -0.67508876;
 0, 0, 0, 1]
Ow:
[0.28042883;
 -0.064862289;
 0.68482548]
Keyframe: 71 Frame: 320 Frame from vFrameID : 321
Tcw:
[0.99940532, 0.020126643, -0.027998367, 0.28475592;
 -0.022349417, 0.9964239, -0.081485406, -0.067841426;
 0.026258215, 0.082062699, 0.99628121, 0.69993228;
 0, 0, 0, 1]
Twc:
[0.99940532, -0.022349417, 0.026258215, -0.30448177;
 0.020126643, 0.9964239, 0.082062699, 0.0044293096;
 -0.027998367, -0.081485406, 0.99628121, -0.69488478;
 0, 0, 0, 1]
Ow:
[0.28475592;
 -0.067841426;
 0.69993228]
Keyframe: 72 Frame: 324 Frame from vFrameID : 325
Tcw:
[0.99979901, 0.018217796, -0.0083728032, 0.28457135;
 -0.018895479, 0.99579561, -0.089633025, -0.066683158;
 0.0067046848, 0.089773215, 0.99593967, 0.71200913;
 0, 0, 0, 1]
Twc:
[0.99979901, -0.018895479, 0.0067046848, -0.29054794;
 0.018217796, 0.99579561, 0.089773215, -0.0027008241;
 -0.0083728032, -0.089633025, 0.99593967, -0.71271253;
 0, 0, 0, 1]
Ow:
[0.28457135;
 -0.066683158;
 0.71200913]
Keyframe: 73 Frame: 329 Frame from vFrameID : 330
Tcw:
[0.99968541, 0.010762448, 0.022655657, 0.28537068;
 -0.0087849358, 0.99628711, -0.085643791, -0.069984235;
 -0.023493275, 0.085417815, 0.99606818, 0.73441446;
 0, 0, 0, 1]
Twc:
[0.99968541, -0.0087849358, -0.023493275, -0.26864192;
 0.010762448, 0.99628711, 0.085417815, 0.0039210157;
 0.022655657, -0.085643791, 0.99606818, -0.74398589;
 0, 0, 0, 1]
Ow:
[0.28537068;
 -0.069984235;
 0.73441446]
Keyframe: 74 Frame: 333 Frame from vFrameID : 334
Tcw:
[0.99943447, -0.00021945941, 0.033625185, 0.2825641;
 0.003374646, 0.99558479, -0.093806088, -0.068662472;
 -0.033456136, 0.093866512, 0.99502248, 0.75049508;
 0, 0, 0, 1]
Twc:
[0.99943447, 0.003374646, -0.033456136, -0.25706393;
 -0.00021945941, 0.99558479, 0.093866512, -0.0020250326;
 0.033625185, -0.093806088, 0.99502248, -0.76270169;
 0, 0, 0, 1]
Ow:
[0.2825641;
 -0.068662472;
 0.75049508]
Keyframe: 75 Frame: 337 Frame from vFrameID : 338
Tcw:
[0.9986912, 0.00088035868, 0.051137723, 0.28687805;
 0.0026999186, 0.99755025, -0.069901176, -0.069604747;
 -0.051073987, 0.069947764, 0.99624234, 0.76473278;
 0, 0, 0, 1]
Twc:
[0.9986912, 0.0026999186, -0.051073987, -0.24725673;
 0.00088035868, 0.99755025, 0.069947764, 0.015690336;
 0.051137723, -0.069901176, 0.99624234, -0.78139484;
 0, 0, 0, 1]
Ow:
[0.28687805;
 -0.069604747;
 0.76473278]
Keyframe: 76 Frame: 340 Frame from vFrameID : 341
Tcw:
[0.99886519, 0.0011887837, 0.047611658, 0.2890923;
 0.0020629172, 0.99767029, -0.06818898, -0.070453964;
 -0.047581799, 0.068209819, 0.99653572, 0.77282149;
 0, 0, 0, 1]
Twc:
[0.99886519, 0.0020629172, -0.047581799, -0.25184667;
 0.0011887837, 0.99767029, 0.068209819, 0.017232144;
 0.047611658, -0.06818898, 0.99653572, -0.78871256;
 0, 0, 0, 1]
Ow:
[0.2890923;
 -0.070453964;
 0.77282149]
Keyframe: 77 Frame: 345 Frame from vFrameID : 346
Tcw:
[0.99986917, 0.0079434663, 0.014090263, 0.30129123;
 -0.0068541346, 0.99710393, -0.075741865, -0.068899453;
 -0.014651109, 0.075635381, 0.99702787, 0.79007864;
 0, 0, 0, 1]
Twc:
[0.99986917, -0.0068541346, -0.014651109, -0.29014853;
 0.0079434663, 0.99710393, 0.075635381, 0.0065487204;
 0.014090263, -0.075741865, 0.99702787, -0.7971943;
 0, 0, 0, 1]
Ow:
[0.30129123;
 -0.068899453;
 0.79007864]
Keyframe: 78 Frame: 348 Frame from vFrameID : 349
Tcw:
[0.99985504, 0.014610805, -0.0087415306, 0.31412217;
 -0.015237647, 0.99694884, -0.076555692, -0.073174931;
 0.0075963191, 0.076677792, 0.99702698, 0.80534559;
 0, 0, 0, 1]
Twc:
[0.99985504, -0.015237647, 0.0075963191, -0.32130933;
 0.014610805, 0.99694884, 0.076677792, 0.0066099642;
 -0.0087415306, -0.076555692, 0.99702698, -0.80580735;
 0, 0, 0, 1]
Ow:
[0.31412217;
 -0.073174931;
 0.80534559]
Keyframe: 79 Frame: 351 Frame from vFrameID : 352
Tcw:
[0.99962533, 0.025463194, -0.010041491, 0.31881201;
 -0.026228255, 0.99600685, -0.085337207, -0.075154051;
 0.0078284359, 0.085568607, 0.99630153, 0.81128711;
 0, 0, 0, 1]
Twc:
[0.99962533, -0.026228255, 0.0078284359, -0.32701483;
 0.025463194, 0.99600685, 0.085568607, -0.0026847287;
 -0.010041491, -0.085337207, 0.99630153, -0.81149864;
 0, 0, 0, 1]
Ow:
[0.31881201;
 -0.075154051;
 0.81128711]
Keyframe: 80 Frame: 356 Frame from vFrameID : 357
Tcw:
[0.9996953, 0.022761418, -0.0095491614, 0.32775089;
 -0.023345845, 0.99752241, -0.066362612, -0.078857139;
 0.0080149956, 0.066565327, 0.99774987, 0.82868367;
 0, 0, 0, 1]
Twc:
[0.9996953, -0.023345845, 0.0080149956, -0.33613396;
 0.022761418, 0.99752241, 0.066565327, 0.016040087;
 -0.0095491614, -0.066362612, 0.99774987, -0.82892251;
 0, 0, 0, 1]
Ow:
[0.32775089;
 -0.078857139;
 0.82868367]
Keyframe: 81 Frame: 359 Frame from vFrameID : 360
Tcw:
[0.99955755, 0.028793588, -0.007460868, 0.3322328;
 -0.029236432, 0.9972375, -0.068282895, -0.079877704;
 0.0054741483, 0.068470813, 0.99763811, 0.83758616;
 0, 0, 0, 1]
Twc:
[0.99955755, -0.029236432, 0.0054741483, -0.33900619;
 0.028793588, 0.9972375, 0.068470813, 0.012740661;
 -0.007460868, -0.068282895, 0.99763811, -0.83858341;
 0, 0, 0, 1]
Ow:
[0.3322328;
 -0.079877704;
 0.83758616]
Keyframe: 82 Frame: 364 Frame from vFrameID : 365
Tcw:
[0.99980289, 0.016444948, 0.011125211, 0.33562294;
 -0.015660463, 0.99761242, -0.067262292, -0.080273017;
 -0.012204774, 0.067074805, 0.99767327, 0.86074048;
 0, 0, 0, 1]
Twc:
[0.99980289, -0.015660463, -0.012204774, -0.32630876;
 0.016444948, 0.99761242, 0.067074805, 0.016828049;
 0.011125211, -0.067262292, 0.99767327, -0.86787105;
 0, 0, 0, 1]
Ow:
[0.33562294;
 -0.080273017;
 0.86074048]
Keyframe: 83 Frame: 369 Frame from vFrameID : 370
Tcw:
[0.99877065, 0.0088699674, 0.048769474, 0.33787721;
 -0.0047393944, 0.99644029, -0.084167905, -0.083345853;
 -0.049342435, 0.0838333, 0.99525738, 0.88158244;
 0, 0, 0, 1]
Twc:
[0.99877065, -0.0047393944, -0.049342435, -0.29435742;
 0.0088699674, 0.99644029, 0.0838333, 0.0061462456;
 0.048769474, -0.084167905, 0.99525738, -0.90089458;
 0, 0, 0, 1]
Ow:
[0.33787721;
 -0.083345853;
 0.88158244]
Keyframe: 84 Frame: 374 Frame from vFrameID : 375
Tcw:
[0.99806631, -0.0024392789, 0.062110785, 0.34309042;
 0.0080912607, 0.99582618, -0.090910397, -0.084246151;
 -0.061629791, 0.091237158, 0.99392027, 0.89845628;
 0, 0, 0, 1]
Twc:
[0.99806631, 0.0080912607, -0.061629791, -0.28637362;
 -0.0024392789, 0.99582618, 0.091237158, 0.0027588208;
 0.062110785, -0.090910397, 0.99392027, -0.92196238;
 0, 0, 0, 1]
Ow:
[0.34309042;
 -0.084246151;
 0.89845628]
Keyframe: 85 Frame: 378 Frame from vFrameID : 379
Tcw:
[0.99670535, -0.019611312, 0.078701131, 0.34810799;
 0.026131799, 0.99623215, -0.082696199, -0.083179258;
 -0.076782815, 0.084480345, 0.99346238, 0.91507906;
 0, 0, 0, 1]
Twc:
[0.99670535, 0.026131799, -0.076782815, -0.27452514;
 -0.019611312, 0.99623215, 0.084480345, 0.012386505;
 0.078701131, -0.082696199, 0.99346238, -0.94337171;
 0, 0, 0, 1]
Ow:
[0.34810799;
 -0.083179258;
 0.91507906]
Keyframe: 86 Frame: 382 Frame from vFrameID : 383
Tcw:
[0.99702132, -0.0085911462, 0.076646291, 0.36041176;
 0.015621018, 0.99567372, -0.091596209, -0.083283715;
 -0.07552778, 0.092520662, 0.99284214, 0.92704463;
 0, 0, 0, 1]
Twc:
[0.99702132, 0.015621018, -0.07552778, -0.28801963;
 -0.0085911462, 0.99567372, 0.092520662, 0.00024897332;
 0.076646291, -0.091596209, 0.99284214, -0.95566159;
 0, 0, 0, 1]
Ow:
[0.36041176;
 -0.083283715;
 0.92704463]
Keyframe: 87 Frame: 386 Frame from vFrameID : 387
Tcw:
[0.99735773, 7.8766519e-05, 0.072646849, 0.37262389;
 0.0067121745, 0.99562198, -0.093229927, -0.079989061;
 -0.072336145, 0.093471207, 0.99299073, 0.93996894;
 0, 0, 0, 1]
Twc:
[0.99735773, 0.0067121745, -0.072336145, -0.30310869;
 7.8766519e-05, 0.99562198, 0.093471207, -0.0082505178;
 0.072646849, -0.093229927, 0.99299073, -0.96790779;
 0, 0, 0, 1]
Ow:
[0.37262389;
 -0.079989061;
 0.93996894]
Keyframe: 88 Frame: 390 Frame from vFrameID : 391
Tcw:
[0.99818814, 0.010184732, 0.059302036, 0.38722441;
 -0.0063711898, 0.99792027, -0.064144589, -0.087302282;
 -0.059831999, 0.063650548, 0.99617708, 0.95597738;
 0, 0, 0, 1]
Twc:
[0.99818814, -0.0063711898, -0.059831999, -0.32988098;
 0.010184732, 0.99792027, 0.063650548, 0.022328468;
 0.059302036, -0.064144589, 0.99617708, -0.98088586;
 0, 0, 0, 1]
Ow:
[0.38722441;
 -0.087302282;
 0.95597738]
Keyframe: 89 Frame: 395 Frame from vFrameID : 396
Tcw:
[0.99874663, 0.033135999, 0.037512388, 0.39863381;
 -0.029883007, 0.99600196, -0.084184691, -0.090002738;
