Keyframe: 0 Frame: 0 Frame from vFrameID : 39
Tcw:
[1, 0, 0, 0;
 0, 1, 0, 0;
 0, 0, 1, 0;
 0, 0, 0, 1]
Twc:
[1, 0, 0, 0;
 0, 1, 0, 0;
 0, 0, 1, 0;
 0, 0, 0, 1]
Ow:
[0;
 0;
 0]
Keyframe: 1 Frame: 38 Frame from vFrameID : 39
Tcw:
[0.99992418, -0.0082845408, 0.0091109239, -0.0090816803;
 0.0082400395, 0.99995399, 0.0049112123, 0.00061868137;
 -0.0091511915, -0.0048357658, 0.99994642, 0.0076668323;
 0, 0, 0, 1]
Twc:
[0.99992418, 0.0082400395, -0.0091511915, 0.0091460543;
 -0.0082845408, 0.99995399, -0.0048357658, -0.00065681542;
 0.0091109239, 0.0049112123, 0.99994642, -0.0075867176;
 0, 0, 0, 1]
Ow:
[-0.0090816803;
 0.00061868137;
 0.0076668323]
Keyframe: 2 Frame: 41 Frame from vFrameID : 42
Tcw:
[0.99986202, -0.015565063, 0.0058042258, -0.011724622;
 0.015535627, 0.99986643, 0.0050824611, 0.00056170672;
 -0.0058825593, -0.0049915873, 0.99997026, 0.0092411619;
 0, 0, 0, 1]
Twc:
[0.99986202, 0.015535627, -0.0058825593, 0.011768639;
 -0.015565063, 0.99986643, -0.0049915873, -0.00069799804;
 0.0058042258, 0.0050824611, 0.99997026, -0.009175689;
 0, 0, 0, 1]
Ow:
[-0.011724622;
 0.00056170672;
 0.0092411619]
Keyframe: 3 Frame: 43 Frame from vFrameID : 44
Tcw:
[0.99986202, -0.015556118, 0.005827432, -0.01171092;
 0.015538654, 0.99987465, 0.0030303041, 0.00060871162;
 -0.0058738412, -0.0029393355, 0.99997842, 0.0093037887;
 0, 0, 0, 1]
Twc:
[0.99986202, 0.015538654, -0.0058738412, 0.011754496;
 -0.015556118, 0.99987465, -0.0029393355, -0.00076346489;
 0.005827432, 0.0030303041, 0.99997842, -0.0092371879;
 0, 0, 0, 1]
Ow:
[-0.01171092;
 0.00060871162;
 0.0093037887]
Keyframe: 4 Frame: 45 Frame from vFrameID : 46
Tcw:
[0.99981594, -0.017804492, 0.0071473224, -0.012608076;
 0.01775877, 0.99982172, 0.0064103347, 0.00099847931;
 -0.007260181, -0.0062822276, 0.99995393, 0.0086866505;
 0, 0, 0, 1]
Twc:
[0.99981594, 0.01775877, -0.007260181, 0.012651091;
 -0.017804492, 0.99982172, -0.0062822276, -0.0011682103;
 0.0071473224, 0.0064103347, 0.99995393, -0.0086025372;
 0, 0, 0, 1]
Ow:
[-0.012608076;
 0.00099847931;
 0.0086866505]
Keyframe: 5 Frame: 47 Frame from vFrameID : 48
Tcw:
[0.99981922, -0.018410997, 0.0047498764, -0.012502352;
 0.018373847, 0.99980116, 0.0077497801, 0.00086405419;
 -0.004891613, -0.0076611056, 0.99995869, 0.008868712;
 0, 0, 0, 1]
Twc:
[0.99981922, 0.018373847, -0.004891613, 0.012527598;
 -0.018410997, 0.99980116, -0.0076611056, -0.001026119;
 0.0047498764, 0.0077497801, 0.99995869, -0.0088156573;
 0, 0, 0, 1]
Ow:
[-0.012502352;
 0.00086405419;
 0.008868712]
Keyframe: 6 Frame: 49 Frame from vFrameID : 50
Tcw:
[0.99985349, -0.016800495, -0.003279805, -0.0127846;
 0.016833635, 0.99980468, 0.010352876, 0.002538058;
 0.0031052309, -0.01040657, 0.99994105, 0.0066343038;
 0, 0, 0, 1]
Twc:
[0.99985349, 0.016833635, 0.0031052309, 0.012719401;
 -0.016800495, 0.99980468, -0.01040657, -0.0026833098;
 -0.003279805, 0.010352876, 0.99994105, -0.0067021195;
 0, 0, 0, 1]
Ow:
[-0.0127846;
 0.002538058;
 0.0066343038]
Keyframe: 7 Frame: 51 Frame from vFrameID : 52
Tcw:
[0.99983531, -0.016693411, -0.0071152528, -0.012810808;
 0.016769329, 0.99980164, 0.010746959, 0.0028370542;
 0.0069344379, -0.010864506, 0.99991691, 0.0054230988;
 0, 0, 0, 1]
Twc:
[0.99983531, 0.016769329, 0.0069344379, 0.012723517;
 -0.016693411, 0.99980164, -0.010864506, -0.0029914284;
 -0.0071152528, 0.010746959, 0.99991691, -0.0055442899;
 0, 0, 0, 1]
Ow:
[-0.012810808;
 0.0028370542;
 0.0054230988]
Keyframe: 8 Frame: 53 Frame from vFrameID : 54
Tcw:
[0.99961501, -0.01245895, -0.024791598, -0.01201638;
 0.012669967, 0.99988467, 0.0083727939, 0.00277502;
 0.024684422, -0.0086836796, 0.99965757, 0.0014797958;
 0, 0, 0, 1]
Twc:
[0.99961501, 0.012669967, 0.024684422, 0.011940067;
 -0.01245895, 0.99988467, -0.0086836796, -0.0029115614;
 -0.024791598, 0.0083727939, 0.99965757, -0.0018004291;
 0, 0, 0, 1]
Ow:
[-0.01201638;
 0.00277502;
 0.0014797958]
Keyframe: 9 Frame: 56 Frame from vFrameID : 57
Tcw:
[0.99943286, -0.0067146285, -0.032997154, -0.010177732;
 0.0068142363, 0.99997258, 0.0029071565, 0.0027804428;
 0.032976728, -0.0031303582, 0.99945122, -0.0019300089;
 0, 0, 0, 1]
Twc:
[0.99943286, 0.0068142363, 0.032976728, 0.01021666;
 -0.0067146285, 0.99997258, -0.0031303582, -0.0028547477;
 -0.032997154, 0.0029071565, 0.99945122, 0.0015850303;
 0, 0, 0, 1]
Ow:
[-0.010177732;
 0.0027804428;
 -0.0019300089]
Keyframe: 10 Frame: 60 Frame from vFrameID : 61
Tcw:
[0.99919164, -0.0032033168, -0.040071879, -0.0070460751;
 0.0031049885, 0.99999201, -0.0025157926, 0.0049334974;
 0.04007962, 0.0023893362, 0.99919361, -0.011267294;
 0, 0, 0, 1]
Twc:
[0.99919164, 0.0031049885, 0.04007962, 0.0074766497;
 -0.0032033168, 0.99999201, 0.0023893362, -0.0049291081;
 -0.040071879, -0.0025157926, 0.99919361, 0.010988271;
 0, 0, 0, 1]
Ow:
[-0.0070460751;
 0.0049334974;
 -0.011267294]
Keyframe: 11 Frame: 64 Frame from vFrameID : 65
Tcw:
[0.99834359, 0.0021494636, -0.057493486, -0.007971026;
 -0.0018912579, 0.9999879, 0.0045450781, 0.0059906915;
 0.05750256, -0.0044288142, 0.99833554, -0.016405717;
 0, 0, 0, 1]
Twc:
[0.99834359, -0.0018912579, 0.05750256, 0.0089125223;
 0.0021494636, 0.9999879, -0.0044288142, -0.0060461429;
 -0.057493486, 0.0045450781, 0.99833554, 0.015892901;
 0, 0, 0, 1]
Ow:
[-0.007971026;
 0.0059906915;
 -0.016405717]
Keyframe: 12 Frame: 68 Frame from vFrameID : 69
Tcw:
[0.99742854, 0.011750599, -0.070698433, -0.0068434458;
 -0.011245267, 0.99990833, 0.0075415033, 0.0065509304;
 0.070780568, -0.0067270878, 0.99746925, -0.022770995;
 0, 0, 0, 1]
Twc:
[0.99742854, -0.011245267, 0.070780568, 0.0085112583;
 0.011750599, 0.99990833, -0.0067270878, -0.0066230977;
 -0.070698433, 0.0075415033, 0.99746925, 0.022180142;
 0, 0, 0, 1]
Ow:
[-0.0068434458;
 0.0065509304;
 -0.022770995]
Keyframe: 13 Frame: 71 Frame from vFrameID : 72
Tcw:
[0.9970569, 0.015152337, -0.075152829, -0.0099970615;
 -0.014541809, 0.99985671, 0.0086644208, 0.0057754242;
 0.075273342, -0.0075460626, 0.99713439, -0.025463006;
 0, 0, 0, 1]
Twc:
[0.9970569, -0.014541809, 0.075273342, 0.01196831;
 0.015152337, 0.99985671, -0.0075460626, -0.0058152629;
 -0.075152829, 0.0086644208, 0.99713439, 0.024588691;
 0, 0, 0, 1]
Ow:
[-0.0099970615;
 0.0057754242;
 -0.025463006]
Keyframe: 14 Frame: 74 Frame from vFrameID : 75
Tcw:
[0.99770206, 0.01105567, -0.06684576, -0.014117905;
 -0.01085887, 0.99993557, 0.0033067227, 0.0060059838;
 0.066878013, -0.0025732548, 0.99775785, -0.029232513;
 0, 0, 0, 1]
Twc:
[0.99770206, -0.01085887, 0.066878013, 0.016105695;
 0.01105567, 0.99993557, -0.0025732548, -0.0059247366;
 -0.06684576, 0.0033067227, 0.99775785, 0.028203387;
 0, 0, 0, 1]
Ow:
[-0.014117905;
 0.0060059838;
 -0.029232513]
Keyframe: 15 Frame: 77 Frame from vFrameID : 78
Tcw:
[0.99817663, 0.0085263196, -0.059755158, -0.017462993;
 -0.0085065234, 0.99996364, 0.00058567332, 0.0060217823;
 0.059757981, -7.6296783e-05, 0.99821287, -0.030599533;
 0, 0, 0, 1]
Twc:
[0.99817663, -0.0085065234, 0.059757981, 0.019310944;
 0.0085263196, 0.99996364, -7.6296783e-05, -0.0058750031;
 -0.059755158, 0.00058567332, 0.99821287, 0.029497817;
 0, 0, 0, 1]
Ow:
[-0.017462993;
 0.0060217823;
 -0.030599533]
Keyframe: 16 Frame: 80 Frame from vFrameID : 81
Tcw:
[0.99862957, 0.0060049533, -0.051989529, -0.022553938;
 -0.0060901502, 0.99998033, -0.0014804585, 0.0071725375;
 0.051979616, 0.0017950537, 0.99864656, -0.033275466;
 0, 0, 0, 1]
Twc:
[0.99862957, -0.0060901502, 0.051979616, 0.024296358;
 0.0060049533, 0.99998033, 0.0017950537, -0.0069772303;
 -0.051989529, -0.0014804585, 0.99864656, 0.03206848;
 0, 0, 0, 1]
Ow:
[-0.022553938;
 0.0071725375;
 -0.033275466]
Keyframe: 17 Frame: 83 Frame from vFrameID : 84
Tcw:
[0.99871773, -0.0049757306, -0.050380345, -0.029722035;
 0.0048429831, 0.9999845, -0.0027566433, 0.0094570387;
 0.05039328, 0.0025091174, 0.99872631, -0.036135573;
 0, 0, 0, 1]
Twc:
[0.99871773, 0.0048429831, 0.05039328, 0.031459108;
 -0.0049757306, 0.9999845, 0.0025091174, -0.009514112;
 -0.050380345, -0.0027566433, 0.99872631, 0.03461821;
 0, 0, 0, 1]
Ow:
[-0.029722035;
 0.0094570387;
 -0.036135573]
Keyframe: 18 Frame: 86 Frame from vFrameID : 87
Tcw:
[0.99892992, -0.0097406153, -0.045211606, -0.031681355;
 0.0098116361, 0.99995095, 0.0013492125, 0.010700497;
 0.045196246, -0.0017913686, 0.99897653, -0.037910864;
 0, 0, 0, 1]
Twc:
[0.99892992, 0.0098116361, 0.045196246, 0.033255894;
 -0.0097406153, 0.99995095, -0.0017913686, -0.011076479;
 -0.045211606, 0.0013492125, 0.99897653, 0.036425259;
 0, 0, 0, 1]
Ow:
[-0.031681355;
 0.010700497;
 -0.037910864]
Keyframe: 19 Frame: 89 Frame from vFrameID : 90
Tcw:
[0.99950343, -0.011288769, -0.029417748, -0.032202903;
 0.01151342, 0.99990577, 0.0074784234, 0.01138848;
 0.029330553, -0.007813409, 0.99953926, -0.041042704;
 0, 0, 0, 1]
Twc:
[0.99950343, 0.01151342, 0.029330553, 0.033259597;
 -0.011288769, 0.99990577, -0.007813409, -0.012071621;
 -0.029417748, 0.0074784234, 0.99953926, 0.039991286;
 0, 0, 0, 1]
Ow:
[-0.032202903;
 0.01138848;
 -0.041042704]
Keyframe: 20 Frame: 92 Frame from vFrameID : 93
Tcw:
[0.99987084, -0.0085203499, -0.013628338, -0.032938626;
 0.008675524, 0.99989778, 0.011367832, 0.012065826;
 0.013530086, -0.011484597, 0.99984252, -0.043311533;
 0, 0, 0, 1]
Twc:
[0.99987084, 0.008675524, 0.013530086, 0.033415705;
 -0.0085203499, 0.99989778, -0.011484597, -0.012842656;
 -0.013628338, 0.011367832, 0.99984252, 0.042718649;
 0, 0, 0, 1]
Ow:
[-0.032938626;
 0.012065826;
 -0.043311533]
Keyframe: 21 Frame: 95 Frame from vFrameID : 96
Tcw:
[0.99995196, -0.0029338098, -0.0093518142, -0.029846456;
 0.0030335467, 0.99993849, 0.010668708, 0.01137466;
 0.0093199387, -0.010696565, 0.99989933, -0.045606982;
 0, 0, 0, 1]
Twc:
[0.99995196, 0.0030335467, 0.0093199387, 0.030235572;
 -0.0029338098, 0.99993849, -0.010696565, -0.011949362;
 -0.0093518142, 0.010668708, 0.99989933, 0.045201924;
 0, 0, 0, 1]
Ow:
[-0.029846456;
 0.01137466;
 -0.045606982]
Keyframe: 22 Frame: 100 Frame from vFrameID : 101
Tcw:
[0.99991441, -0.0070057712, -0.011050412, -0.024121182;
 0.0069885515, 0.99997431, -0.0015961394, 0.011205131;
 0.011061311, 0.0015187764, 0.99993765, -0.049848288;
 0, 0, 0, 1]
Twc:
[0.99991441, 0.0069885515, 0.011061311, 0.024592198;
 -0.0070057712, 0.99997431, 0.0015187764, -0.011298122;
 -0.011050412, -0.0015961394, 0.99993765, 0.049596518;
 0, 0, 0, 1]
Ow:
[-0.024121182;
 0.011205131;
 -0.049848288]
Keyframe: 23 Frame: 104 Frame from vFrameID : 105
Tcw:
[0.99998575, -0.0023528081, 0.0047944589, -0.017873246;
 0.0023146076, 0.99996567, 0.0079576643, 0.010629979;
 -0.0048130169, -0.007946454, 0.99995685, -0.052413501;
 0, 0, 0, 1]
Twc:
[0.99998575, 0.0023146076, -0.0048130169, 0.01759612;
 -0.0023528081, 0.99996567, -0.007946454, -0.011088167;
 0.0047944589, 0.0079576643, 0.99995685, 0.052412342;
 0, 0, 0, 1]
Ow:
[-0.017873246;
 0.010629979;
 -0.052413501]
Keyframe: 24 Frame: 107 Frame from vFrameID : 108
Tcw:
[0.99999815, 0.001791617, -0.0006765016, -0.014683723;
 -0.0017849664, 0.9999513, 0.0097066304, 0.00979474;
 0.00069385918, -0.0097054057, 0.99995267, -0.052400444;
 0, 0, 0, 1]
Twc:
[0.99999815, -0.0017849664, 0.00069385918, 0.014737537;
 0.001791617, 0.9999513, -0.0097054057, -0.010276522;
 -0.0006765016, 0.0097066304, 0.99995267, 0.052292954;
 0, 0, 0, 1]
Ow:
[-0.014683723;
 0.00979474;
 -0.052400444]
Keyframe: 25 Frame: 110 Frame from vFrameID : 111
Tcw:
[0.99996895, 0.0055602947, -0.0055863825, -0.012142641;
 -0.0055193952, 0.99995804, 0.0073102517, 0.0090509718;
 0.0056267953, -0.0072791912, 0.99995768, -0.050739452;
 0, 0, 0, 1]
Twc:
[0.99996895, -0.0055193952, 0.0056267953, 0.012477719;
 0.0055602947, 0.99995804, -0.0072791912, -0.0093524177;
 -0.0055863825, 0.0073102517, 0.99995768, 0.050603308;
 0, 0, 0, 1]
Ow:
[-0.012142641;
 0.0090509718;
 -0.050739452]
Keyframe: 26 Frame: 113 Frame from vFrameID : 114
Tcw:
[0.99990118, -0.0022296447, -0.013881973, -0.0099137975;
 0.0022550158, 0.99999583, 0.0018122398, 0.0088396873;
 0.013877874, -0.0018433647, 0.99990201, -0.044724066;
 0, 0, 0, 1]
Twc:
[0.99990118, 0.0022550158, 0.013877874, 0.010513559;
 -0.0022296447, 0.99999583, -0.0018433647, -0.0089441976;
 -0.013881973, 0.0018122398, 0.99990201, 0.044566039;
 0, 0, 0, 1]
Ow:
[-0.0099137975;
 0.0088396873;
 -0.044724066]
Keyframe: 27 Frame: 116 Frame from vFrameID : 117
Tcw:
[0.99995953, -0.0060397554, -0.0066662095, -0.0087575885;
 0.0060566361, 0.99997848, 0.002515035, 0.0085766148;
 0.0066508763, -0.0025553082, 0.99997461, -0.040580429;
 0, 0, 0, 1]
Twc:
[0.99995953, 0.0060566361, 0.0066508763, 0.0089751836;
 -0.0060397554, 0.99997848, -0.0025553082, -0.0087330202;
 -0.0066662095, 0.002515035, 0.99997461, 0.040499449;
 0, 0, 0, 1]
Ow:
[-0.0087575885;
 0.0085766148;
 -0.040580429]
Keyframe: 28 Frame: 119 Frame from vFrameID : 120
Tcw:
[0.99992949, -0.010300332, 0.0059094899, -0.0089636445;
 0.010294157, 0.99994642, 0.0010744287, 0.0076986067;
 -0.0059202407, -0.0010135197, 0.99998194, -0.032437742;
 0, 0, 0, 1]
Twc:
[0.99992949, 0.010294157, -0.0059202407, 0.0086917225;
 -0.010300332, 0.99994642, -0.0010135197, -0.0078233993;
 0.0059094899, 0.0010744287, 0.99998194, 0.032481853;
 0, 0, 0, 1]
Ow:
[-0.0089636445;
 0.0076986067;
 -0.032437742]
Keyframe: 29 Frame: 122 Frame from vFrameID : 123
Tcw:
[0.99970102, -0.013685555, 0.020263691, -0.0071415794;
 0.013827535, 0.99988073, -0.0068831607, 0.006655904;
 -0.020167073, 0.0071612997, 0.999771, -0.022234548;
 0, 0, 0, 1]
Twc:
[0.99970102, 0.013827535, -0.020167073, 0.0065990034;
 -0.013685555, 0.99988073, 0.0071612997, -0.0065936181;
 0.020263691, -0.0068831607, 0.999771, 0.022419984;
 0, 0, 0, 1]
Ow:
[-0.0071415794;
 0.006655904;
 -0.022234548]
Keyframe: 30 Frame: 125 Frame from vFrameID : 126
Tcw:
[0.99931997, -0.026681386, 0.025450384, -0.0067097889;
 0.026801392, 0.99963117, -0.0043858415, 0.0059664529;
 -0.025323978, 0.0050649648, 0.99966645, -0.013304419;
 0, 0, 0, 1]
Twc:
[0.99931997, 0.026801392, -0.025323978, 0.0062083956;
 -0.026681386, 0.99963117, 0.0050649648, -0.0060758921;
 0.025450384, -0.0043858415, 0.99966645, 0.013496917;
 0, 0, 0, 1]
Ow:
[-0.0067097889;
 0.0059664529;
 -0.013304419]
Keyframe: 31 Frame: 129 Frame from vFrameID : 130
Tcw:
[0.9991765, -0.028711945, 0.028669138, -0.003351571;
 0.028609924, 0.99958283, 0.0039625126, 0.006094438;
 -0.028770948, -0.0031390279, 0.9995811, -0.0049658036;
 0, 0, 0, 1]
Twc:
[0.9991765, 0.028609924, -0.028770948, 0.0030315788;
 -0.028711945, 0.99958283, -0.0031390279, -0.0062037134;
 0.028669138, 0.0039625126, 0.9995811, 0.0050356607;
 0, 0, 0, 1]
Ow:
[-0.003351571;
 0.006094438;
 -0.0049658036]
Keyframe: 32 Frame: 134 Frame from vFrameID : 135
Tcw:
[0.99940848, -0.024051167, 0.024581311, 0.0068267062;
 0.023950769, 0.99970359, 0.0043706894, 0.0025363858;
 -0.024679145, -0.0037793627, 0.99968827, 0.013516371;
 0, 0, 0, 1]
Twc:
[0.99940848, 0.023950769, -0.024679145, -0.0065498436;
 -0.024051167, 0.99970359, -0.0037793627, -0.0023203604;
 0.024581311, 0.0043706894, 0.99968827, -0.013691054;
 0, 0, 0, 1]
Ow:
[0.0068267062;
 0.0025363858;
 0.013516371]
Keyframe: 33 Frame: 138 Frame from vFrameID : 139
Tcw:
[0.99984187, -0.016329452, 0.0070426376, 0.017706266;
 0.016479779, 0.99962556, -0.021843271, -0.00051272637;
 -0.0066833119, 0.021955879, 0.99973661, 0.024248216;
 0, 0, 0, 1]
Twc:
[0.99984187, 0.016479779, -0.0066833119, -0.017532956;
 -0.016329452, 0.99962556, 0.021955879, 0.00026927708;
 0.0070426376, -0.021843271, 0.99973661, -0.024377728;
 0, 0, 0, 1]
Ow:
[0.017706266;
 -0.00051272637;
 0.024248216]
Keyframe: 34 Frame: 143 Frame from vFrameID : 144
Tcw:
[0.9999966, -0.0021507118, 0.0014883813, 0.030417673;
 0.0021882807, 0.99966687, -0.025717827, -0.0046073236;
 -0.0014325739, 0.025720995, 0.99966812, 0.037111387;
 0, 0, 0, 1]
Twc:
[0.9999966, 0.0021882807, -0.0014325739, -0.030354321;
 -0.0021507118, 0.99966687, 0.025720995, 0.0037166665;
 0.0014883813, -0.025717827, 0.99966812, -0.037262835;
 0, 0, 0, 1]
Ow:
[0.030417673;
 -0.0046073236;
 0.037111387]
Keyframe: 35 Frame: 149 Frame from vFrameID : 150
Tcw:
[0.9999972, 0.0010517382, 0.0021183535, 0.042615324;
 -0.0010153055, 0.99985284, -0.017126814, -0.0060172677;
 -0.0021360544, 0.017124616, 0.99985111, 0.057598051;
 0, 0, 0, 1]
Twc:
[0.9999972, -0.0010153055, -0.0021360544, -0.042498279;
 0.0010517382, 0.99985284, 0.017124616, 0.0049852175;
 0.0021183535, -0.017126814, 0.99985111, -0.057782803;
 0, 0, 0, 1]
Ow:
[0.042615324;
 -0.0060172677;
 0.057598051]
Keyframe: 36 Frame: 155 Frame from vFrameID : 156
Tcw:
[0.99962085, -0.0020833653, 0.027455276, 0.050449405;
 0.0023856484, 0.99993688, -0.010981861, -0.0070125097;
 -0.027430663, 0.011043196, 0.99956268, 0.090128578;
 0, 0, 0, 1]
Twc:
[0.99962085, 0.0023856484, -0.027430663, -0.04794126;
 -0.0020833653, 0.99993688, 0.011043196, 0.0061218636;
 0.027455276, -0.010981861, 0.99956268, -0.091551282;
 0, 0, 0, 1]
Ow:
[0.050449405;
 -0.0070125097;
 0.090128578]
Keyframe: 37 Frame: 160 Frame from vFrameID : 161
Tcw:
[0.99905556, -0.024292056, 0.036025628, 0.051348716;
 0.024816062, 0.99959159, -0.014170243, -0.011396483;
 -0.035666693, 0.015050875, 0.99925041, 0.11321265;
 0, 0, 0, 1]
Twc:
[0.99905556, 0.024816062, -0.035666693, -0.046979483;
 -0.024292056, 0.99959159, 0.015050875, 0.010935244;
 0.036025628, -0.014170243, 0.99925041, -0.11513914;
 0, 0, 0, 1]
Ow:
[0.051348716;
 -0.011396483;
 0.11321265]
Keyframe: 38 Frame: 165 Frame from vFrameID : 166
Tcw:
[0.9984951, -0.026925106, 0.047776435, 0.058374107;
 0.027712608, 0.99948949, -0.015897827, -0.013390336;
 -0.047323994, 0.017197913, 0.99873155, 0.13125673;
 0, 0, 0, 1]
Twc:
[0.9984951, 0.027712608, -0.047323994, -0.051703587;
 -0.026925106, 0.99948949, 0.017197913, 0.012697889;
 0.047776435, -0.015897827, 0.99873155, -0.134092;
 0, 0, 0, 1]
Ow:
[0.058374107;
 -0.013390336;
 0.13125673]
Keyframe: 39 Frame: 171 Frame from vFrameID : 172
Tcw:
[0.99925852, -0.013174154, 0.036178883, 0.07032419;
 0.013862506, 0.99972636, -0.018841902, -0.019037729;
 -0.035920758, 0.01932946, 0.99916768, 0.16032948;
 0, 0, 0, 1]
Twc:
[0.99925852, 0.013862506, -0.035920758, -0.064248972;
 -0.013174154, 0.99972636, 0.01932946, 0.0168599;
 0.036178883, -0.018841902, 0.99916768, -0.16309899;
 0, 0, 0, 1]
Ow:
[0.07032419;
 -0.019037729;
 0.16032948]
Keyframe: 40 Frame: 176 Frame from vFrameID : 177
Tcw:
[0.99978232, -0.0097995708, 0.018419323, 0.081798859;
 0.010247726, 0.99964982, -0.024395889, -0.023579806;
 -0.018173805, 0.024579335, 0.9995327, 0.17693873;
 0, 0, 0, 1]
Twc:
[0.99978232, 0.010247726, -0.018173805, -0.078323767;
 -0.0097995708, 0.99964982, 0.024579335, 0.020024108;
 0.018419323, -0.024395889, 0.9995327, -0.17893796;
 0, 0, 0, 1]
Ow:
[0.081798859;
 -0.023579806;
 0.17693873]
Keyframe: 41 Frame: 183 Frame from vFrameID : 184
Tcw:
[0.99999183, 0.00051808538, -0.0040073628, 0.094491825;
 -0.00055169605, 0.99996465, -0.0083906846, -0.031449951;
 0.0040028738, 0.0083928267, 0.99995679, 0.19990364;
 0, 0, 0, 1]
Twc:
[0.99999183, -0.00055169605, 0.0040028738, -0.095308594;
 0.00051808538, 0.99996465, 0.0083928267, 0.02972213;
 -0.0040073628, -0.0083906846, 0.99995679, -0.19978021;
 0, 0, 0, 1]
Ow:
[0.094491825;
 -0.031449951;
 0.19990364]
Keyframe: 42 Frame: 188 Frame from vFrameID : 189
Tcw:
[0.99988043, 0.0053902152, -0.014494482, 0.099020444;
 -0.0055548516, 0.99992025, -0.01134238, -0.035487704;
 0.014432188, 0.011421538, 0.9998306, 0.21898101;
 0, 0, 0, 1]
Twc:
[0.99988043, -0.0055548516, 0.014432188, -0.1023661;
 0.0053902152, 0.99992025, 0.011421538, 0.032450035;
 -0.014494482, -0.01134238, 0.9998306, -0.21791118;
 0, 0, 0, 1]
Ow:
[0.099020444;
 -0.035487704;
 0.21898101]
Keyframe: 43 Frame: 193 Frame from vFrameID : 194
Tcw:
[0.99973834, 0.00015097254, -0.022874204, 0.10132777;
 -0.00073269708, 0.99967647, -0.02542522, -0.041065551;
 0.022862965, 0.025435327, 0.99941498, 0.23820971;
 0, 0, 0, 1]
Twc:
[0.99973834, -0.00073269708, 0.022862965, -0.10677753;
 0.00015097254, 0.99967647, 0.025435327, 0.034978025;
 -0.022874204, -0.02542522, 0.99941498, -0.23679668;
 0, 0, 0, 1]
Ow:
[0.10132777;
 -0.041065551;
 0.23820971]
Keyframe: 44 Frame: 198 Frame from vFrameID : 199
Tcw:
[0.99998093, -0.0040802048, -0.0046320995, 0.10599776;
 0.0040021702, 0.999852, -0.016732579, -0.04385142;
 0.0046996861, 0.016713722, 0.99984926, 0.25413936;
 0, 0, 0, 1]
Twc:
[0.99998093, 0.0040021702, 0.0046996861, -0.10701462;
 -0.0040802048, 0.999852, 0.016713722, 0.040029805;
 -0.0046320995, -0.016732579, 0.99984926, -0.25434381;
 0, 0, 0, 1]
Ow:
[0.10599776;
 -0.04385142;
 0.25413936]
Keyframe: 45 Frame: 204 Frame from vFrameID : 205
Tcw:
[0.99995905, -0.0064362269, 0.006364197, 0.11125315;
 0.0064396476, 0.99997914, -0.00051714218, -0.050630044;
 -0.0063607357, 0.00055810419, 0.99997962, 0.26972294;
 0, 0, 0, 1]
Twc:
[0.99995905, 0.0064396476, -0.0063607357, -0.10920691;
 -0.0064362269, 0.99997914, 0.00055810419, 0.051194504;
 0.006364197, -0.00051714218, 0.99997962, -0.27045166;
 0, 0, 0, 1]
Ow:
[0.11125315;
 -0.050630044;
 0.26972294]
Keyframe: 46 Frame: 209 Frame from vFrameID : 210
Tcw:
[0.99997115, -0.0069362996, -0.0031002881, 0.11658973;
 0.0069519351, 0.99996305, 0.0050612185, -0.048762348;
 0.0030650673, -0.0050826254, 0.99998236, 0.28382489;
 0, 0, 0, 1]
Twc:
[0.99997115, 0.0069519351, 0.0030650673, -0.11711731;
 -0.0069362996, 0.99996305, -0.0050826254, 0.051011819;
 -0.0031002881, 0.0050612185, 0.99998236, -0.28321165;
 0, 0, 0, 1]
Ow:
[0.11658973;
 -0.048762348;
 0.28382489]
Keyframe: 47 Frame: 214 Frame from vFrameID : 215
Tcw:
[0.99919528, -0.0017230693, -0.040072091, 0.12794144;
 0.00078835315, 0.99972749, -0.023329979, -0.053312592;
 0.040101372, 0.023279615, 0.99892437, 0.30066743;
 0, 0, 0, 1]
Twc:
[0.99919528, 0.00078835315, 0.040101372, -0.13985366;
 -0.0017230693, 0.99972749, 0.023279615, 0.046519097;
 -0.040072091, -0.023329979, 0.99892437, -0.29646096;
 0, 0, 0, 1]
Ow:
[0.12794144;
 -0.053312592;
 0.30066743]
Keyframe: 48 Frame: 219 Frame from vFrameID : 220
Tcw:
[0.99927664, 0.01508105, -0.03491075, 0.14269392;
 -0.016068244, 0.99947393, -0.028172003, -0.055007808;
 0.034467522, 0.028712578, 0.99899328, 0.31688806;
 0, 0, 0, 1]
Twc:
[0.99927664, -0.016068244, 0.034467522, -0.15439692;
 0.01508105, 0.99947393, 0.028712578, 0.043728221;
 -0.03491075, -0.028172003, 0.99899328, -0.31313717;
 0, 0, 0, 1]
Ow:
[0.14269392;
 -0.055007808;
 0.31688806]
Keyframe: 49 Frame: 224 Frame from vFrameID : 225
Tcw:
[0.99928522, 0.0052163159, -0.037441343, 0.1490394;
 -0.0059290291, 0.99980289, -0.018949736, -0.055708446;
 0.037335113, 0.019158181, 0.99911916, 0.33360896;
 0, 0, 0, 1]
Twc:
[0.99928522, -0.0059290291, 0.037335113, -0.16171849;
 0.0052163159, 0.99980289, 0.019158181, 0.048528686;
 -0.037441343, -0.018949736, 0.99911916, -0.32879052;
 0, 0, 0, 1]
Ow:
[0.1490394;
 -0.055708446;
 0.33360896]
Keyframe: 50 Frame: 230 Frame from vFrameID : 231
Tcw:
[0.99992168, 0.00092293869, -0.012482828, 0.15897821;
 -0.0010130205, 0.99997348, -0.0072120652, -0.059668116;
 0.012475842, 0.0072241453, 0.99989605, 0.36337656;
 0, 0, 0, 1]
Twc:
[0.99992168, -0.0010130205, 0.012475842, -0.16355963;
 0.00092293869, 0.99997348, 0.0072241453, 0.05689472;
 -0.012482828, -0.0072120652, 0.99989605, -0.36178464;
 0, 0, 0, 1]
Ow:
[0.15897821;
 -0.059668116;
 0.36337656]
Keyframe: 51 Frame: 237 Frame from vFrameID : 238
Tcw:
[0.99970394, -0.022268632, 0.0098067885, 0.16609907;
 0.022494052, 0.99947053, -0.023509374, -0.064406179;
 -0.0092780739, 0.023723008, 0.99967551, 0.39480183;
 0, 0, 0, 1]
Twc:
[0.99970394, 0.022494052, -0.0092780739, -0.16093814;
 -0.022268632, 0.99947053, 0.023723008, 0.058704991;
 0.0098067885, -0.023509374, 0.99967551, -0.39781675;
 0, 0, 0, 1]
Ow:
[0.16609907;
 -0.064406179;
 0.39480183]
Keyframe: 52 Frame: 242 Frame from vFrameID : 243
Tcw:
[0.99975151, -0.022223325, -0.0017501253, 0.17508674;
 0.022163229, 0.99933314, -0.029017674, -0.067077905;
 0.0023938275, 0.028971676, 0.99957734, 0.4141266;
 0, 0, 0, 1]
Twc:
[0.99975151, 0.022163229, 0.0023938275, -0.17454791;
 -0.022223325, 0.99933314, 0.028971676, 0.058926243;
 -0.0017501253, -0.029017674, 0.99957734, -0.41559163;
 0, 0, 0, 1]
Ow:
[0.17508674;
 -0.067077905;
 0.4141266]
Keyframe: 53 Frame: 247 Frame from vFrameID : 248
Tcw:
[0.99908465, -0.0032825461, -0.042650335, 0.18848704;
 0.00095970015, 0.99852043, -0.054369271, -0.068683743;
 0.042765703, 0.054278571, 0.99760962, 0.43294713;
 0, 0, 0, 1]
Twc:
[0.99908465, 0.00095970015, 0.042765703, -0.20676389;
 -0.0032825461, 0.99852043, 0.054278571, 0.045701083;
 -0.042650335, -0.054369271, 0.99760962, -0.42760748;
 0, 0, 0, 1]
Ow:
[0.18848704;
 -0.068683743;
 0.43294713]
Keyframe: 54 Frame: 252 Frame from vFrameID : 253
Tcw:
[0.99672014, 0.013885408, -0.079725832, 0.20452914;
 -0.018103898, 0.99846017, -0.052435845, -0.071703956;
 0.078874975, 0.053707212, 0.99543673, 0.45403978;
 0, 0, 0, 1]
Twc:
[0.99672014, -0.018103898, 0.078874975, -0.24096879;
 0.013885408, 0.99846017, 0.053707212, 0.04436836;
 -0.079725832, -0.052435845, 0.99543673, -0.43942147;
 0, 0, 0, 1]
Ow:
[0.20452914;
 -0.071703956;
 0.45403978]
Keyframe: 55 Frame: 257 Frame from vFrameID : 258
Tcw:
[0.99670631, 0.014884122, -0.079718553, 0.21053344;
 -0.017831612, 0.99917853, -0.036390346, -0.073465817;
 0.079111435, 0.037691996, 0.99615294, 0.47354943;
 0, 0, 0, 1]
Twc:
[0.99670631, -0.017831612, 0.079111435, -0.24861318;
 0.014884122, 0.99917853, 0.037691996, 0.052422844;
 -0.079718553, -0.036390346, 0.99615294, -0.45761767;
 0, 0, 0, 1]
Ow:
[0.21053344;
 -0.073465817;
 0.47354943]
Keyframe: 56 Frame: 264 Frame from vFrameID : 265
Tcw:
[0.99698794, 0.028003734, -0.07232485, 0.21858107;
 -0.030532697, 0.99895191, -0.034100961, -0.076675072;
 0.071294092, 0.036206521, 0.99679798, 0.51104409;
 0, 0, 0, 1]
Twc:
[0.99698794, -0.030532697, 0.071294092, -0.25669819;
 0.028003734, 0.99895191, 0.036206521, 0.0519705;
 -0.07232485, -0.034100961, 0.99679798, -0.49621359;
 0, 0, 0, 1]
Ow:
[0.21858107;
 -0.076675072;
 0.51104409]
Keyframe: 57 Frame: 271 Frame from vFrameID : 272
Tcw:
[0.99786937, 0.0035248667, -0.065148562, 0.22757243;
 -0.0058435206, 0.99935496, -0.035434049, -0.081777312;
 0.064981632, 0.03573925, 0.99724627, 0.54043448;
 0, 0, 0, 1]
Twc:
[0.99786937, -0.0058435206, 0.064981632, -0.26268375;
 0.0035248667, 0.99935496, 0.03573925, 0.061607674;
 -0.065148562, -0.035434049, 0.99724627, -0.52701795;
 0, 0, 0, 1]
Ow:
[0.22757243;
 -0.081777312;
 0.54043448]
Keyframe: 58 Frame: 276 Frame from vFrameID : 277
Tcw:
[0.99611205, 0.014082795, -0.086962506, 0.24131922;
 -0.018318757, 0.99867427, -0.048105899, -0.082973234;
 0.086169749, 0.049511909, 0.99504942, 0.5639866;
 0, 0, 0, 1]
Twc:
[0.99611205, -0.018318757, 0.086169749, -0.29049954;
 0.014082795, 0.99867427, 0.049511909, 0.051540725;
 -0.086962506, -0.048105899, 0.99504942, -0.54420036;
 0, 0, 0, 1]
Ow:
[0.24131922;
 -0.082973234;
 0.5639866]
Keyframe: 59 Frame: 282 Frame from vFrameID : 283
Tcw:
[0.99144763, 0.037045773, -0.12513679, 0.25472656;
 -0.044536348, 0.99734581, -0.057601031, -0.087541826;
 0.12267078, 0.062681541, 0.990466, 0.58503133;
 0, 0, 0, 1]
Twc:
[0.99144763, -0.044536348, 0.12267078, -0.32821307;
 0.037045773, 0.99734581, 0.062681541, 0.041202262;
 -0.12513679, -0.057601031, 0.990466, -0.55262047;
 0, 0, 0, 1]
Ow:
[0.25472656;
 -0.087541826;
 0.58503133]
Keyframe: 60 Frame: 288 Frame from vFrameID : 289
Tcw:
[0.99450892, 0.038119543, -0.097462118, 0.26305264;
 -0.042310432, 0.99825048, -0.041300647, -0.090016633;
 0.095717244, 0.045197528, 0.9943819, 0.61196232;
 0, 0, 0, 1]
Twc:
[0.99450892, -0.042310432, 0.095717244, -0.32399222;
 0.038119543, 0.99825048, 0.045197528, 0.052172516;
 -0.097462118, -0.041300647, 0.9943819, -0.58660436;
 0, 0, 0, 1]
Ow:
[0.26305264;
 -0.090016633;
 0.61196232]
Keyframe: 61 Frame: 294 Frame from vFrameID : 295
Tcw:
[0.99836719, 0.027242268, -0.050208259, 0.26631579;
 -0.030617382, 0.99723399, -0.067727409, -0.090614066;
 0.048224334, 0.069154069, 0.99643975, 0.64156002;
 0, 0, 0, 1]
Twc:
[0.99836719, -0.030617382, 0.048224334, -0.2995941;
 0.027242268, 0.99723399, 0.069154069, 0.038741898;
 -0.050208259, -0.067727409, 0.99643975, -0.63204163;
 0, 0, 0, 1]
Ow:
[0.26631579;
 -0.090614066;
 0.64156002]
Keyframe: 62 Frame: 301 Frame from vFrameID : 302
Tcw:
[0.99988133, -0.010786429, -0.010996596, 0.26857156;
 0.010139385, 0.99830616, -0.057288367, -0.091865249;
 0.011595907, 0.057170071, 0.9982971, 0.67330939;
 0, 0, 0, 1]
Twc:
[0.99988133, 0.010139385, 0.011595907, -0.2754159;
 -0.010786429, 0.99830616, 0.057170071, 0.056113429;
 -0.010996596, -0.057288367, 0.9982971, -0.67447227;
 0, 0, 0, 1]
Ow:
[0.26857156;
 -0.091865249;
 0.67330939]
Keyframe: 63 Frame: 306 Frame from vFrameID : 307
Tcw:
[0.99971533, -0.005883615, -0.023123322, 0.27593482;
 0.0043963045, 0.9979496, -0.063853212, -0.094626576;
 0.023451598, 0.063733377, 0.99769139, 0.69347781;
 0, 0, 0, 1]
Twc:
[0.99971533, 0.0043963045, 0.023451598, -0.2917034;
 -0.005883615, 0.9979496, 0.063733377, 0.051858373;
 -0.023123322, -0.063853212, 0.99769139, -0.69153851;
 0, 0, 0, 1]
Ow:
[0.27593482;
 -0.094626576;
 0.69347781]
Keyframe: 64 Frame: 311 Frame from vFrameID : 312
Tcw:
[0.99850637, 0.0074563175, -0.054124333, 0.28911567;
 -0.010368217, 0.99850219, -0.053720411, -0.097815022;
 0.053642705, 0.054201342, 0.99708807, 0.71567911;
 0, 0, 0, 1]
Twc:
[0.99850637, -0.010368217, 0.053642705, -0.32808894;
 0.0074563175, 0.99850219, 0.054201342, 0.056722;
 -0.054124333, -0.053720411, 0.99708807, -0.70320159;
 0, 0, 0, 1]
Ow:
[0.28911567;
 -0.097815022;
 0.71567911]
Keyframe: 65 Frame: 317 Frame from vFrameID : 318
Tcw:
[0.9959389, 0.013539313, -0.089007713, 0.29518902;
 -0.017608283, 0.99882776, -0.045089714, -0.10352594;
 0.088292889, 0.046473876, 0.99500984, 0.7371527;
 0, 0, 0, 1]
Twc:
[0.9959389, -0.017608283, 0.088292889, -0.36089849;
 0.013539313, 0.99882776, 0.046473876, 0.065149575;
 -0.089007713, -0.045089714, 0.99500984, -0.71186799;
 0, 0, 0, 1]
Ow:
[0.29518902;
 -0.10352594;
 0.7371527]
Keyframe: 66 Frame: 323 Frame from vFrameID : 324
Tcw:
[0.99820399, 0.0051306305, -0.059685923, 0.29678556;
 -0.0081929546, 0.99865603, -0.051176306, -0.10698198;
 0.059343141, 0.051573399, 0.99690449, 0.76154977;
 0, 0, 0, 1]
Twc:
[0.99820399, -0.0081929546, 0.059343141, -0.34232181;
 0.0051306305, 0.99865603, 0.051573399, 0.066039793;
 -0.059685923, -0.051176306, 0.99690449, -0.74695343;
 0, 0, 0, 1]
Ow:
[0.29678556;
 -0.10698198;
 0.76154977]
Keyframe: 67 Frame: 329 Frame from vFrameID : 330
Tcw:
[0.99873334, -0.030207925, -0.040239517, 0.29864663;
 0.027622314, 0.99761027, -0.063330986, -0.10996261;
 0.042056452, 0.062139258, 0.997181, 0.78450626;
 0, 0, 0, 1]
Twc:
[0.99873334, 0.027622314, 0.042056452, -0.32822445;
 -0.030207925, 0.99761027, 0.062139258, 0.069972686;
 -0.040239517, -0.063330986, 0.997181, -0.77724141;
 0, 0, 0, 1]
Ow:
[0.29864663;
 -0.10996261;
 0.78450626]
Keyframe: 68 Frame: 335 Frame from vFrameID : 336
Tcw:
[0.99936271, -0.029270316, -0.020430084, 0.30601221;
 0.027845882, 0.99737567, -0.06683109, -0.1118775;
 0.022332637, 0.066219606, 0.99755514, 0.80519331;
 0, 0, 0, 1]
Twc:
[0.99936271, 0.027845882, 0.022332637, -0.32068399;
 -0.029270316, 0.99737567, 0.066219606, 0.067221396;
 -0.020430084, -0.06683109, 0.99755514, -0.80444974;
 0, 0, 0, 1]
Ow:
[0.30601221;
 -0.1118775;
 0.80519331]
Keyframe: 69 Frame: 341 Frame from vFrameID : 342
Tcw:
[0.99937993, -0.0075524892, -0.034390762, 0.31898558;
 0.0057574497, 0.99863058, -0.05199847, -0.11349794;
 0.034736384, 0.051768225, 0.9980548, 0.8263104;
 0, 0, 0, 1]
Twc:
[0.99937993, 0.0057574497, 0.034736384, -0.34683737;
 -0.0075524892, 0.99863058, 0.051768225, 0.072975025;
 -0.034390762, -0.05199847, 0.9980548, -0.81963468;
 0, 0, 0, 1]
Ow:
[0.31898558;
 -0.11349794;
 0.8263104]
Keyframe: 70 Frame: 347 Frame from vFrameID : 348
Tcw:
[0.99681103, 0.0098957606, -0.079182439, 0.33217144;
 -0.016208911, 0.99670398, -0.079488292, -0.11621203;
 0.078134857, 0.080518268, 0.99368596, 0.84525514;
 0, 0, 0, 1]
Twc:
[0.99681103, -0.016208911, 0.078134857, -0.39903972;
 0.0098957606, 0.99670398, 0.080518268, 0.044483434;
 -0.079182439, -0.079488292, 0.99368596, -0.82285351;
 0, 0, 0, 1]
Ow:
[0.33217144;
 -0.11621203;
 0.84525514]
Keyframe: 71 Frame: 353 Frame from vFrameID : 354
Tcw:
[0.99707371, 0.00022338438, -0.076445505, 0.33943248;
 -0.0040444704, 0.99874938, -0.049833279, -0.1182088;
 0.076338768, 0.049996633, 0.99582767, 0.87044179;
 0, 0, 0, 1]
Twc:
[0.99707371, -0.0040444704, 0.076338768, -0.40536577;
 0.00022338438, 0.99874938, 0.049996633, 0.074465983;
 -0.076445505, -0.049833279, 0.99582767, -0.84675264;
 0, 0, 0, 1]
Ow:
[0.33943248;
 -0.1182088;
 0.87044179]
Keyframe: 72 Frame: 358 Frame from vFrameID : 359
Tcw:
[0.99810278, -0.0026097798, -0.061514489, 0.34048754;
 -0.00044300591, 0.99877101, -0.049561296, -0.11890812;
 0.06156823, 0.04949452, 0.99687493, 0.88869905;
 0, 0, 0, 1]
Twc:
[0.99810278, -0.00044300591, 0.06156823, -0.39460987;
 -0.0026097798, 0.99877101, 0.04949452, 0.075664848;
 -0.061514489, -0.049561296, 0.99687493, -0.87087017;
 0, 0, 0, 1]
Ow:
[0.34048754;
 -0.11890812;
 0.88869905]
Keyframe: 73 Frame: 363 Frame from vFrameID : 364
Tcw:
[0.99746799, -0.032223817, -0.063397042, 0.34343535;
 0.028318154, 0.99770105, -0.06156883, -0.12420336;
 0.06523528, 0.05961765, 0.99608737, 0.90325832;
 0, 0, 0, 1]
Twc:
[0.99746799, 0.028318154, 0.06523528, -0.39797288;
 -0.032223817, 0.99770105, 0.05961765, 0.081134483;
 -0.063397042, -0.06156883, 0.99608737, -0.88559848;
 0, 0, 0, 1]
Ow:
[0.34343535;
 -0.12420336;
 0.90325832]
Keyframe: 74 Frame: 368 Frame from vFrameID : 369
Tcw:
[0.99783385, -0.025739767, -0.060539808, 0.34976205;
 0.022027466, 0.99788195, -0.061207619, -0.12541786;
 0.061987054, 0.059741493, 0.99628741, 0.91757947;
 0, 0, 0, 1]
Twc:
[0.99783385, 0.022027466, 0.061987054, -0.40311983;
 -0.025739767, 0.99788195, 0.059741493, 0.07933744;
 -0.060539808, -0.061207619, 0.99628741, -0.90067482;
 0, 0, 0, 1]
Ow:
[0.34976205;
 -0.12541786;
 0.91757947]
Keyframe: 75 Frame: 374 Frame from vFrameID : 375
Tcw:
[0.99515307, 0.0030917125, -0.098289311, 0.36223674;
 -0.010593816, 0.9970594, -0.075896837, -0.12674469;
 0.097765625, 0.076570228, 0.9922595, 0.93748808;
 0, 0, 0, 1]
Twc:
[0.99515307, -0.010593816, 0.097765625, -0.45347783;
 0.0030917125, 0.9970594, 0.076570228, 0.053468369;
 -0.098289311, -0.075896837, 0.9922595, -0.90424693;
 0, 0, 0, 1]
Ow:
[0.36223674;
 -0.12674469;
 0.93748808]
Keyframe: 76 Frame: 380 Frame from vFrameID : 381
Tcw:
[0.9916206, 0.024609599, -0.12681852, 0.37179527;
 -0.033923592, 0.99684089, -0.071815051, -0.12881446;
 0.12465055, 0.075515427, 0.98932284, 0.95100576;
 0, 0, 0, 1]
Twc:
[0.9916206, -0.033923592, 0.12465055, -0.49159309;
 0.024609599, 0.99684089, 0.075515427, 0.04744219;
 -0.12681852, -0.071815051, 0.98932284, -0.90295202;
 0, 0, 0, 1]
Ow:
[0.37179527;
 -0.12881446;
 0.95100576]
Keyframe: 77 Frame: 387 Frame from vFrameID : 388
Tcw:
[0.9909513, 0.016128914, -0.13324939, 0.37966776;
 -0.025049007, 0.99753547, -0.065540127, -0.12933782;
 0.13186389, 0.068284839, 0.98891306, 0.9771536;
 0, 0, 0, 1]
Twc:
[0.9909513, -0.025049007, 0.13186389, -0.50832337;
 0.016128914, 0.99753547, 0.068284839, 0.056170657;
 -0.13324939, -0.065540127, 0.98891306, -0.92420632;
 0, 0, 0, 1]
Ow:
[0.37966776;
 -0.12933782;
 0.9771536]
Keyframe: 78 Frame: 394 Frame from vFrameID : 395
Tcw:
[0.99516046, -0.019571234, -0.096294343, 0.38125965;
 0.012946423, 0.9975363, -0.06894742, -0.13246942;
 0.097406484, 0.067367077, 0.99296206, 1.0017319;
 0, 0, 0, 1]
Twc:
[0.99516046, 0.012946423, 0.097406484, -0.47527471;
 -0.019571234, 0.9975363, 0.067367077, 0.072121024;
 -0.096294343, -0.06894742, 0.99296206, -0.96710205;
 0, 0, 0, 1]
Ow:
[0.38125965;
 -0.13246942;
 1.0017319]
Keyframe: 79 Frame: 400 Frame from vFrameID : 401
Tcw:
[0.99779159, -0.024263874, -0.061831966, 0.3856498;
 0.019983994, 0.99742204, -0.068920031, -0.13533774;
 0.063344829, 0.067532174, 0.99570417, 1.0170876;
 0, 0, 0, 1]
Twc:
[0.99779159, 0.019983994, 0.063344829, -0.44652081;
 -0.024263874, 0.99742204, 0.067532174, 0.075660065;
 -0.061831966, -0.068920031, 0.99570417, -0.99820036;
 0, 0, 0, 1]
Ow:
[0.3856498;
 -0.13533774;
 1.0170876]
Keyframe: 80 Frame: 406 Frame from vFrameID : 407
Tcw:
[0.99725729, -0.019163679, -0.071488537, 0.39355183;
 0.013249224, 0.99651885, -0.082308061, -0.13599804;
 0.072816998, 0.081135146, 0.9940396, 1.0355963;
 0, 0, 0, 1]
Twc:
[0.99725729, 0.013249224, 0.072816998, -0.46607959;
 -0.019163679, 0.99651885, 0.081135146, 0.059043251;
 -0.071488537, -0.082308061, 0.9940396, -1.0124831;
 0, 0, 0, 1]
Ow:
[0.39355183;
 -0.13599804;
 1.0355963]
Keyframe: 81 Frame: 411 Frame from vFrameID : 412
Tcw:
[0.99512738, 0.0032839063, -0.098542869, 0.40203354;
 -0.010522213, 0.9972747, -0.073023908, -0.13734072;
 0.098034509, 0.07370498, 0.99244988, 1.050139;
 0, 0, 0, 1]
Twc:
[0.99512738, -0.010522213, 0.098034509, -0.50446957;
 0.0032839063, 0.9972747, 0.07370498, 0.058245733;
 -0.098542869, -0.073023908, 0.99244988, -1.0126219;
 0, 0, 0, 1]
Ow:
[0.40203354;
 -0.13734072;
 1.050139]
Keyframe: 82 Frame: 417 Frame from vFrameID : 418
Tcw:
[0.99089521, 0.016939446, -0.13356537, 0.40671241;
 -0.02382282, 0.9984597, -0.050107043, -0.14055935;
 0.13251084, 0.052832734, 0.9897725, 1.0655574;
 0, 0, 0, 1]
Twc:
[0.99089521, -0.02382282, 0.13251084, -0.54755586;
 0.016939446, 0.9984597, 0.052832734, 0.077157043;
 -0.13356537, -0.050107043, 0.9897725, -1.0073797;
 0, 0, 0, 1]
Ow:
[0.40671241;
 -0.14055935;
 1.0655574]
Keyframe: 83 Frame: 422 Frame from vFrameID : 423
Tcw:
[0.99228883, 0.0074061239, -0.12372545, 0.40987805;
 -0.013056846, 0.99890512, -0.044923238, -0.14117408;
 0.12325728, 0.046192292, 0.99129909, 1.0819404;
 0, 0, 0, 1]
Twc:
[0.99228883, -0.013056846, 0.12325728, -0.54191774;
 0.0074061239, 0.99890512, 0.046192292, 0.088006601;
 -0.12372545, -0.044923238, 0.99129909, -1.0281563;
 0, 0, 0, 1]
Ow:
[0.40987805;
 -0.14117408;
 1.0819404]
Keyframe: 84 Frame: 428 Frame from vFrameID : 429
Tcw:
[0.99678075, -0.01391763, -0.078958616, 0.41109106;
 0.0087226462, 0.99779725, -0.065761127, -0.14602621;
 0.079699934, 0.064860694, 0.99470651, 1.1061134;
 0, 0, 0, 1]
Twc:
[0.99678075, 0.0087226462, 0.079699934, -0.49665105;
 -0.01391763, 0.99779725, 0.064860694, 0.079682678;
 -0.078958616, -0.065761127, 0.99470651, -1.0774019;
 0, 0, 0, 1]
Ow:
[0.41109106;
 -0.14602621;
 1.1061134]
Keyframe: 85 Frame: 434 Frame from vFrameID : 435
Tcw:
[0.99804705, -0.016844744, -0.060152546, 0.41221273;
 0.014377484, 0.9990468, -0.041216578, -0.14758922;
 0.060789488, 0.040271245, 0.99733788, 1.1207235;
 0, 0, 0, 1]
Twc:
[0.99804705, 0.014377484, 0.060789488, -0.47741395;
 -0.016844744, 0.9990468, 0.040271245, 0.10925922;
 -0.060152546, -0.041216578, 0.99733788, -1.0990275;
 0, 0, 0, 1]
Ow:
[0.41221273;
 -0.14758922;
 1.1207235]
Keyframe: 86 Frame: 440 Frame from vFrameID : 441
Tcw:
[0.99782169, -0.015539789, -0.06411238, 0.41525644;
 0.012240075, 0.99859577, -0.051543165, -0.14896178;
 0.064823322, 0.050646145, 0.9966107, 1.1344534;
 0, 0, 0, 1]
Twc:
[0.99782169, 0.012240075, 0.064823322, -0.48606762;
 -0.015539789, 0.99859577, 0.050646145, 0.097749911;
 -0.06411238, -0.051543165, 0.9966107, -1.1116633;
 0, 0, 0, 1]
Ow:
[0.41525644;
 -0.14896178;
 1.1344534]
Keyframe: 87 Frame: 446 Frame from vFrameID : 447
Tcw:
[0.9954794, -0.0010557031, -0.094972037, 0.42477939;
 -0.0044315709, 0.99833286, -0.057548314, -0.15143958;
 0.094874464, 0.057709035, 0.99381512, 1.1535162;
 0, 0, 0, 1]
Twc:
[0.9954794, -0.0044315709, 0.094874464, -0.53296942;
 -0.0010557031, 0.99833286, 0.057709035, 0.085067257;
 -0.094972037, -0.057548314, 0.99381512, -1.1147547;
 0, 0, 0, 1]
Ow:
[0.42477939;
 -0.15143958;
 1.1535162]
Keyframe: 88 Frame: 452 Frame from vFrameID : 453
Tcw:
[0.99321443, 0.024259325, -0.11373904, 0.43344176;
 -0.032418787, 0.99698859, -0.07044667, -0.15515649;
 0.11168753, 0.073655933, 0.99100995, 1.1675259;
 0, 0, 0, 1]
Twc:
[0.99321443, -0.032418787, 0.11168753, -0.5659287;
 0.024259325, 0.99698859, 0.073655933, 0.058179036;
 -0.11373904, -0.07044667, 0.99100995, -1.1186608;
 0, 0, 0, 1]
Ow:
