Keyframe: 0 Frame: 0 Frame from vFrameID : 22
Tcw:
[1, 0, 0, 0;
 0, 1, 0, 0;
 0, 0, 1, 0;
 0, 0, 0, 1]
Twc:
[1, 0, 0, 0;
 0, 1, 0, 0;
 0, 0, 1, 0;
 0, 0, 0, 1]
Ow:
[0;
 0;
 0]
Keyframe: 1 Frame: 21 Frame from vFrameID : 22
Tcw:
[0.9995808, 0.00474298, -0.028560128, -0.0031221493;
 -0.0045329127, 0.99996221, 0.0074155163, -0.014463485;
 0.028594222, -0.0072829472, 0.99956459, -0.00042478231;
 0, 0, 0, 1]
Twc:
[0.9995808, -0.0045329127, 0.028594222, 0.0030674255;
 0.00474298, 0.99996221, -0.0072829472, 0.014474654;
 -0.028560128, 0.0074155163, 0.99956459, 0.00044268256;
 0, 0, 0, 1]
Ow:
[-0.0031221493;
 -0.014463485;
 -0.00042478231]
Keyframe: 2 Frame: 23 Frame from vFrameID : 24
Tcw:
[0.99964458, 0.0058104573, -0.026019199, -0.0050355392;
 -0.0055474429, 0.99993289, 0.010169277, -0.017062357;
 0.026076542, -0.010021322, 0.99960971, -0.0027592133;
 0, 0, 0, 1]
Twc:
[0.99964458, -0.0055474429, 0.026076542, 0.0050110472;
 0.0058104573, 0.99993289, -0.010021322, 0.01706282;
 -0.026019199, 0.010169277, 0.99960971, 0.0028006276;
 0, 0, 0, 1]
Ow:
[-0.0050355392;
 -0.017062357;
 -0.0027592133]
Keyframe: 3 Frame: 25 Frame from vFrameID : 26
Tcw:
[0.99964541, 0.0056464607, -0.026021345, -0.005194203;
 -0.0052786823, 0.9998855, 0.014180794, -0.018992087;
 0.026098438, -0.014038407, 0.99956077, -0.0023273609;
 0, 0, 0, 1]
Twc:
[0.99964541, -0.0052786823, 0.026098438, 0.005152849;
 0.0056464607, 0.9998855, -0.014038407, 0.01898657;
 -0.026021345, 0.014180794, 0.99956077, 0.0024605016;
 0, 0, 0, 1]
Ow:
[-0.005194203;
 -0.018992087;
 -0.0023273609]
Keyframe: 4 Frame: 27 Frame from vFrameID : 28
Tcw:
[0.99957007, 0.011248766, -0.02707563, -0.0056599178;
 -0.010861415, 0.99983716, 0.014411042, -0.019459927;
 0.027233327, -0.014110768, 0.99952948, -0.0023833676;
 0, 0, 0, 1]
Twc:
[0.99957007, -0.010861415, 0.027233327, 0.0055110292;
 0.011248766, 0.99983716, -0.014110768, 0.019486796;
 -0.02707563, 0.014411042, 0.99952948, 0.0025094382;
 0, 0, 0, 1]
Ow:
[-0.0056599178;
 -0.019459927;
 -0.0023833676]
Keyframe: 5 Frame: 29 Frame from vFrameID : 30
Tcw:
[0.99947846, 0.011459342, -0.030191291, -0.0065384307;
 -0.011202223, 0.99989963, 0.008671781, -0.020753542;
 0.030287635, -0.0083290488, 0.99950653, -0.0018766448;
 0, 0, 0, 1]
Twc:
[0.99947846, -0.011202223, 0.030287635, 0.0063593732;
 0.011459342, 0.99989963, -0.0083290488, 0.020810755;
 -0.030191291, 0.008671781, 0.99950653, 0.0018582852;
 0, 0, 0, 1]
Ow:
[-0.0065384307;
 -0.020753542;
 -0.0018766448]
Keyframe: 6 Frame: 31 Frame from vFrameID : 32
Tcw:
[0.99943447, 0.011196308, -0.031708509, -0.0066999537;
 -0.011040459, 0.99992609, 0.0050858683, -0.021324802;
 0.03176311, -0.0047329152, 0.99948424, -0.0022797012;
 0, 0, 0, 1]
Twc:
[0.99943447, -0.011040459, 0.03176311, 0.0065331389;
 0.011196308, 0.99992609, -0.0047329152, 0.021387454;
 -0.031708509, 0.0050858683, 0.99948424, 0.0021745348;
 0, 0, 0, 1]
Ow:
[-0.0066999537;
 -0.021324802;
 -0.0022797012]
Keyframe: 7 Frame: 33 Frame from vFrameID : 34
Tcw:
[0.99949801, 0.0077561848, -0.030718062, -0.0073685995;
 -0.0077719167, 0.99996972, -0.00039276367, -0.020831263;
 0.030714085, 0.00063130469, 0.99952799, -0.003712812;
 0, 0, 0, 1]
Twc:
[0.99949801, -0.0077719167, 0.030714085, 0.0073170373;
 0.0077561848, 0.99996972, 0.00063130469, 0.020890128;
 -0.030718062, -0.00039276367, 0.99952799, 0.0034765289;
 0, 0, 0, 1]
Ow:
[-0.0073685995;
 -0.020831263;
 -0.003712812]
Keyframe: 8 Frame: 35 Frame from vFrameID : 36
Tcw:
[0.99954349, 0.007348971, -0.029306425, -0.0078563802;
 -0.0072991238, 0.99997175, 0.001807514, -0.020296661;
 0.02931888, -0.0015927776, 0.99956882, -0.0039887819;
 0, 0, 0, 1]
Twc:
[0.99954349, -0.0072991238, 0.02931888, 0.0078215916;
 0.007348971, 0.99997175, -0.0015927776, 0.02034747;
 -0.029306425, 0.001807514, 0.99956882, 0.0037935064;
 0, 0, 0, 1]
Ow:
[-0.0078563802;
 -0.020296661;
 -0.0039887819]
Keyframe: 9 Frame: 37 Frame from vFrameID : 38
Tcw:
[0.9995513, 0.00689233, -0.029150097, -0.0075324252;
 -0.0066190208, 0.9999333, 0.0094620604, -0.020435739;
 0.029213369, -0.0092648696, 0.99953026, -0.0035169206;
 0, 0, 0, 1]
Twc:
[0.9995513, -0.0066190208, 0.029213369, 0.0074965218;
 0.00689233, 0.9999333, -0.0092648696, 0.020453708;
 -0.029150097, 0.0094620604, 0.99953026, 0.0034890617;
 0, 0, 0, 1]
Ow:
[-0.0075324252;
 -0.020435739;
 -0.0035169206]
Keyframe: 10 Frame: 39 Frame from vFrameID : 40
Tcw:
[0.99961698, 0.0065763905, -0.026882324, -0.0074088825;
 -0.0061463532, 0.9998523, 0.016048463, -0.020137854;
 0.026983894, -0.015877089, 0.99950975, -0.0035257258;
 0, 0, 0, 1]
Twc:
[0.99961698, -0.0061463532, 0.026983894, 0.007377408;
 0.0065763905, 0.9998523, -0.015877089, 0.020127626;
 -0.026882324, 0.016048463, 0.99950975, 0.003648011;
 0, 0, 0, 1]
Ow:
[-0.0074088825;
 -0.020137854;
 -0.0035257258]
Keyframe: 11 Frame: 41 Frame from vFrameID : 42
Tcw:
[0.99964333, 0.0074285786, -0.025651503, -0.0077245296;
 -0.0069267051, 0.99978393, 0.019598793, -0.020149997;
 0.025791552, -0.019414123, 0.99947882, -0.0031150717;
 0, 0, 0, 1]
Twc:
[0.99964333, -0.0069267051, 0.025791552, 0.007662544;
 0.0074285786, 0.99978393, -0.019414123, 0.02014255;
 -0.025651503, 0.019598793, 0.99947882, 0.003310218;
 0, 0, 0, 1]
Ow:
[-0.0077245296;
 -0.020149997;
 -0.0031150717]
Keyframe: 12 Frame: 43 Frame from vFrameID : 44
Tcw:
[0.9996801, 0.0041227229, -0.024953503, -0.009131371;
 -0.0035486338, 0.99972898, 0.023007069, -0.020129701;
 0.025041593, -0.022911157, 0.99942386, -0.0016461752;
 0, 0, 0, 1]
Twc:
[0.9996801, -0.0035486338, 0.025041593, 0.0090982392;
 0.0041227229, 0.99972898, -0.022911157, 0.020124177;
 -0.024953503, 0.023007069, 0.99942386, 0.0018804924;
 0, 0, 0, 1]
Ow:
[-0.009131371;
 -0.020129701;
 -0.0016461752]
Keyframe: 13 Frame: 46 Frame from vFrameID : 47
Tcw:
[0.99963081, -0.0004327748, -0.027167048, -0.010892234;
 0.0010000735, 0.99978167, 0.020871757, -0.020266574;
 0.027152084, -0.020891219, 0.99941301, -0.00093024131;
 0, 0, 0, 1]
Twc:
[0.99963081, 0.0010000735, 0.027152084, 0.010933738;
 -0.0004327748, 0.99978167, -0.020891219, 0.020238001;
 -0.027167048, 0.020871757, 0.99941301, 0.0010567843;
 0, 0, 0, 1]
Ow:
[-0.010892234;
 -0.020266574;
 -0.00093024131]
Keyframe: 14 Frame: 49 Frame from vFrameID : 50
Tcw:
[0.99959171, -0.0025234502, -0.028460579, -0.01122241;
 0.0030181352, 0.99984491, 0.017351871, -0.019490669;
 0.028412377, -0.017430684, 0.99944431, -0.0011904381;
 0, 0, 0, 1]
Twc:
[0.99959171, 0.0030181352, 0.028412377, 0.011310477;
 -0.0025234502, 0.99984491, -0.017430684, 0.019438576;
 -0.028460579, 0.017351871, 0.99944431, 0.0012085797;
 0, 0, 0, 1]
Ow:
[-0.01122241;
 -0.019490669;
 -0.0011904381]
Keyframe: 15 Frame: 52 Frame from vFrameID : 53
Tcw:
[0.99978828, -0.0013854972, -0.020529594, -0.011729671;
 0.0017905536, 0.99980384, 0.01972514, -0.019276883;
 0.020498239, -0.019757723, 0.99959463, -0.00055767031;
 0, 0, 0, 1]
Twc:
[0.99978828, 0.0017905536, 0.020498239, 0.011773135;
 -0.0013854972, 0.99980384, -0.019757723, 0.019245833;
 -0.020529594, 0.01972514, 0.99959463, 0.00069687812;
 0, 0, 0, 1]
Ow:
[-0.011729671;
 -0.019276883;
 -0.00055767031]
Keyframe: 16 Frame: 55 Frame from vFrameID : 56
Tcw:
[0.99999034, -0.0011385935, -0.0042433743, -0.013473635;
 0.0012166107, 0.99982941, 0.018428627, -0.018565563;
 0.004221668, -0.018433612, 0.99982119, 4.0556188e-07;
 0, 0, 0, 1]
Twc:
[0.99999034, 0.0012166107, 0.004221668, 0.013496091;
 -0.0011385935, 0.99982941, -0.018433612, 0.018547066;
 -0.0042433743, 0.018428627, 0.99982119, 0.00028455872;
 0, 0, 0, 1]
Ow:
[-0.013473635;
 -0.018565563;
 4.0556188e-07]
Keyframe: 17 Frame: 58 Frame from vFrameID : 59
Tcw:
[0.99993879, 0.0040250984, 0.010308785, -0.014501581;
 -0.0042170375, 0.99981689, 0.018665444, -0.017743435;
 -0.010231768, -0.018707773, 0.99977267, -0.00074681465;
 0, 0, 0, 1]
Twc:
[0.99993879, -0.0042170375, -0.010231768, 0.014418228;
 0.0040250984, 0.99981689, -0.018707773, 0.017784584;
 0.010308785, 0.018665444, 0.99977267, 0.0012273276;
 0, 0, 0, 1]
Ow:
[-0.014501581;
 -0.017743435;
 -0.00074681465]
Keyframe: 18 Frame: 61 Frame from vFrameID : 62
Tcw:
[0.99968958, -0.00014955639, 0.024913583, -0.016314959;
 -0.00045517721, 0.99970543, 0.024265811, -0.017329149;
 -0.024909873, -0.024269618, 0.99939507, -0.0014704183;
 0, 0, 0, 1]
Twc:
[0.99968958, -0.00045517721, -0.024909873, 0.016265379;
 -0.00014955639, 0.99970543, -0.024269618, 0.017285919;
 0.024913583, 0.024265811, 0.99939507, 0.0022964987;
 0, 0, 0, 1]
Ow:
[-0.016314959;
 -0.017329149;
 -0.0014704183]
Keyframe: 19 Frame: 65 Frame from vFrameID : 66
Tcw:
[0.99979228, -0.0025204201, 0.020225786, -0.016800368;
 0.0017576963, 0.99928981, 0.037640017, -0.016357327;
 -0.020306291, -0.037596647, 0.99908668, -0.0058967825;
 0, 0, 0, 1]
Twc:
[0.99979228, 0.0017576963, -0.020306291, 0.016705887;
 -0.0025204201, 0.99928981, -0.037596647, 0.016081667;
 0.020225786, 0.037640017, 0.99908668, 0.0068468871;
 0, 0, 0, 1]
Ow:
[-0.016800368;
 -0.016357327;
 -0.0058967825]
Keyframe: 20 Frame: 69 Frame from vFrameID : 70
Tcw:
[0.99996907, 0.00046504239, 0.0078516928, -0.013325767;
 -0.00078180362, 0.99918377, 0.040388312, -0.017944902;
 -0.0078265024, -0.040393203, 0.9991532, -0.0044592624;
 0, 0, 0, 1]
Twc:
[0.99996907, -0.00078180362, -0.0078265024, 0.013276425;
 0.00046504239, 0.99918377, -0.040393203, 0.017756326;
 0.0078516928, 0.040388312, 0.9991532, 0.0052848808;
 0, 0, 0, 1]
Ow:
[-0.013325767;
 -0.017944902;
 -0.0044592624]
Keyframe: 21 Frame: 72 Frame from vFrameID : 73
Tcw:
[0.99993515, 0.0080188001, -0.0080850357, -0.011175439;
 -0.0078809941, 0.99982554, 0.016934682, -0.019721206;
 0.0082194209, -0.016869867, 0.99982393, -0.0089753754;
 0, 0, 0, 1]
Twc:
[0.99993515, -0.0078809941, 0.0082194209, 0.011093064;
 0.0080188001, 0.99982554, -0.016869867, 0.019655967;
 -0.0080850357, 0.016934682, 0.99982393, 0.0092174141;
 0, 0, 0, 1]
Ow:
[-0.011175439;
 -0.019721206;
 -0.0089753754]
Keyframe: 22 Frame: 76 Frame from vFrameID : 77
Tcw:
[0.99997288, 0.0049307118, -0.0054734168, -0.0087100882;
 -0.00487492, 0.99993652, 0.010160182, -0.021708295;
 0.0055231662, -0.010133224, 0.99993342, -0.01600254;
 0, 0, 0, 1]
Twc:
[0.99997288, -0.00487492, 0.0055231662, 0.0086924098;
 0.0049307118, 0.99993652, -0.010133224, 0.021587707;
 -0.0054734168, 0.010160182, 0.99993342, 0.016174359;
 0, 0, 0, 1]
Ow:
[-0.0087100882;
 -0.021708295;
 -0.01600254]
Keyframe: 23 Frame: 80 Frame from vFrameID : 81
Tcw:
[0.99999171, 0.0039593913, -0.00092161383, -0.007519816;
 -0.0039421804, 0.99983054, 0.017982006, -0.022835132;
 0.0009926554, -0.017978223, 0.99983788, -0.018662537;
 0, 0, 0, 1]
Twc:
[0.99999171, -0.0039421804, 0.0009926554, 0.0074482597;
 0.0039593913, 0.99983054, -0.017978223, 0.022525517;
 -0.00092161383, 0.017982006, 0.99983788, 0.019063203;
 0, 0, 0, 1]
Ow:
[-0.007519816;
 -0.022835132;
 -0.018662537]
Keyframe: 24 Frame: 84 Frame from vFrameID : 85
Tcw:
[0.99963534, 0.026050704, 0.0071062581, 0.0019493123;
 -0.026015256, 0.99964887, -0.0050360248, -0.023320006;
 -0.0072349547, 0.0048493175, 0.99996209, -0.018283315;
 0, 0, 0, 1]
Twc:
[0.99963534, -0.026015256, -0.0072349547, -0.0026875564;
 0.026050704, 0.99964887, 0.0048493175, 0.023349699;
 0.0071062581, -0.0050360248, 0.99996209, 0.018151328;
 0, 0, 0, 1]
Ow:
[0.0019493123;
 -0.023320006;
 -0.018283315]
Keyframe: 25 Frame: 88 Frame from vFrameID : 89
Tcw:
[0.99902624, 0.02342275, 0.037388928, -0.00058797549;
 -0.023786781, 0.9996736, 0.0093213283, -0.022567708;
 -0.037158392, -0.010201613, 0.99925733, -0.023853164;
 0, 0, 0, 1]
Twc:
[0.99902624, -0.023786781, -0.037158392, -0.00083575537;
 0.02342275, 0.9996736, -0.010201613, 0.022330772;
 0.037388928, 0.0093213283, 0.99925733, 0.024067793;
 0, 0, 0, 1]
Ow:
[-0.00058797549;
 -0.022567708;
 -0.023853164]
Keyframe: 26 Frame: 92 Frame from vFrameID : 93
Tcw:
[0.99873734, 0.012926347, 0.048545565, -0.0053324657;
 -0.01331931, 0.99988103, 0.0077799731, -0.023702959;
 -0.048439223, -0.008416743, 0.99879068, -0.018150145;
 0, 0, 0, 1]
Twc:
[0.99873734, -0.01331931, -0.048439223, 0.0041308464;
 0.012926347, 0.99988103, -0.008416743, 0.023616303;
 0.048545565, 0.0077799731, 0.99879068, 0.01857147;
 0, 0, 0, 1]
Ow:
[-0.0053324657;
 -0.023702959;
 -0.018150145]
Keyframe: 27 Frame: 96 Frame from vFrameID : 97
Tcw:
[0.99912709, 0.0024024497, 0.041704327, -0.0062598451;
 -0.0017883901, 0.99988955, -0.014755189, -0.023234343;
 -0.041735169, 0.014667726, 0.99902105, -0.018246092;
 0, 0, 0, 1]
Twc:
[0.99912709, -0.0017883901, -0.041735169, 0.0054513253;
 0.0024024497, 0.99988955, 0.014667726, 0.023514444;
 0.041704327, -0.014755189, 0.99902105, 0.018146465;
 0, 0, 0, 1]
Ow:
[-0.0062598451;
 -0.023234343;
 -0.018246092]
Keyframe: 28 Frame: 100 Frame from vFrameID : 101
Tcw:
[0.9986102, -0.017754605, 0.049622882, -0.013413918;
 0.017593369, 0.99983841, 0.0036841331, -0.02401715;
 -0.049680278, -0.002805979, 0.99876124, -0.012392256;
 0, 0, 0, 1]
Twc:
[0.9986102, 0.017593369, -0.049680278, 0.013202168;
 -0.017754605, 0.99983841, -0.002805979, 0.02374034;
 0.049622882, 0.0036841331, 0.99876124, 0.013131025;
 0, 0, 0, 1]
Ow:
[-0.013413918;
 -0.02401715;
 -0.012392256]
Keyframe: 29 Frame: 104 Frame from vFrameID : 105
Tcw:
[0.99763316, -0.035778414, 0.058719117, -0.013796492;
 0.034556929, 0.99916738, 0.021687761, -0.021588851;
 -0.059446182, -0.019607278, 0.99803895, -0.012776102;
 0, 0, 0, 1]
Twc:
[0.99763316, 0.034556929, -0.059446182, 0.013750392;
 -0.035778414, 0.99916738, -0.019607278, 0.020826755;
 0.058719117, 0.021687761, 0.99803895, 0.014029378;
 0, 0, 0, 1]
Ow:
[-0.013796492;
 -0.021588851;
 -0.012776102]
Keyframe: 30 Frame: 108 Frame from vFrameID : 109
Tcw:
[0.99743623, -0.026497124, 0.066475086, -0.0122046;
 0.025064729, 0.99943727, 0.022290235, -0.020088451;
 -0.067028306, -0.020566907, 0.9975391, -0.00841018;
 0, 0, 0, 1]
Twc:
[0.99743623, 0.025064729, -0.067028306, 0.0121131;
 -0.026497124, 0.99943727, -0.020566907, 0.019580791;
 0.066475086, 0.022290235, 0.9975391, 0.0096485605;
 0, 0, 0, 1]
Ow:
[-0.0122046;
 -0.020088451;
 -0.00841018]
Keyframe: 31 Frame: 112 Frame from vFrameID : 113
Tcw:
[0.99723482, 0.0035162661, 0.074231394, -0.0097392304;
 -0.0042869765, 0.99993855, 0.010225758, -0.017118312;
 -0.07419087, -0.01051571, 0.99718863, -0.00076259492;
 0, 0, 0, 1]
Twc:
[0.99723482, -0.0042869765, -0.07419087, 0.009582337;
 0.0035162661, 0.99993855, -0.01051571, 0.017143486;
 0.074231394, 0.010225758, 0.99718863, 0.0016584554;
 0, 0, 0, 1]
Ow:
[-0.0097392304;
 -0.017118312;
 -0.00076259492]
Keyframe: 32 Frame: 115 Frame from vFrameID : 116
Tcw:
[0.99704975, -0.020202698, 0.074051715, -0.02020428;
 0.018957255, 0.99966741, 0.017483095, -0.019465562;
 -0.074380293, -0.016027698, 0.99710113, 0.0015885526;
 0, 0, 0, 1]
Twc:
[0.99704975, 0.018957255, -0.074380293, 0.020631842;
 -0.020202698, 0.99966741, -0.016027698, 0.019076368;
 0.074051715, 0.017483095, 0.99710113, 0.00025253225;
 0, 0, 0, 1]
Ow:
[-0.02020428;
 -0.019465562;
 0.0015885526]
Keyframe: 33 Frame: 119 Frame from vFrameID : 120
Tcw:
[0.9971993, -0.052703541, 0.053064547, -0.01839228;
 0.050218724, 0.99762613, 0.047119007, -0.01763813;
 -0.055421919, -0.044322208, 0.99747878, -0.0053492226;
 0, 0, 0, 1]
Twc:
[0.9971993, 0.050218724, -0.055421919, 0.01893007;
 -0.052703541, 0.99762613, -0.044322208, 0.016389832;
 0.053064547, 0.047119007, 0.99747878, 0.0071428055;
 0, 0, 0, 1]
Ow:
[-0.01839228;
 -0.01763813;
 -0.0053492226]
Keyframe: 34 Frame: 123 Frame from vFrameID : 124
Tcw:
[0.99798602, -0.05113215, 0.037542269, -0.012885123;
 0.049200237, 0.99750149, 0.050696101, -0.017535796;
 -0.040040672, -0.04874691, 0.99800825, 0.0025843685;
 0, 0, 0, 1]
Twc:
[0.99798602, 0.049200237, -0.040040672, 0.013825417;
 -0.05113215, 0.99750149, -0.04874691, 0.01695912;
 0.037542269, 0.050696101, 0.99800825, -0.0012064878;
 0, 0, 0, 1]
Ow:
[-0.012885123;
 -0.017535796;
 0.0025843685]
Keyframe: 35 Frame: 127 Frame from vFrameID : 128
Tcw:
[0.99844337, -0.0540502, 0.013763356, -0.010355123;
 0.053609364, 0.99809289, 0.030603703, -0.015183446;
 -0.015391245, -0.02981822, 0.99943686, 0.0052380054;
 0, 0, 0, 1]
Twc:
[0.99844337, 0.053609364, -0.015391245, 0.011233598;
 -0.0540502, 0.99809289, -0.02981822, 0.014750982;
 0.013763356, 0.030603703, 0.99943686, -0.0046278648;
 0, 0, 0, 1]
Ow:
[-0.010355123;
 -0.015183446;
 0.0052380054]
Keyframe: 36 Frame: 131 Frame from vFrameID : 132
Tcw:
[0.99828988, -0.054546315, -0.021022758, -0.0089282002;
 0.05531745, 0.99774414, 0.038034234, -0.013763883;
 0.018900706, -0.039132118, 0.99905527, 0.0090309232;
 0, 0, 0, 1]
Twc:
[0.99828988, 0.05531745, 0.018900706, 0.0095036253;
 -0.054546315, 0.99774414, -0.039132118, 0.013599232;
 -0.021022758, 0.038034234, 0.99905527, -0.0086865881;
 0, 0, 0, 1]
Ow:
[-0.0089282002;
 -0.013763883;
 0.0090309232]
Keyframe: 37 Frame: 135 Frame from vFrameID : 136
Tcw:
[0.99737924, -0.054334961, -0.047774583, -0.0062301182;
 0.055890515, 0.9979288, 0.03184988, -0.01194578;
 0.045945067, -0.034436554, 0.9983502, 0.013841244;
 0, 0, 0, 1]
Twc:
[0.99737924, 0.055890515, 0.045945067, 0.0062455088;
 -0.054334961, 0.9979288, -0.034436554, 0.01205917;
 -0.047774583, 0.03184988, 0.9983502, -0.013735579;
 0, 0, 0, 1]
Ow:
[-0.0062301182;
 -0.01194578;
 0.013841244]
Keyframe: 38 Frame: 140 Frame from vFrameID : 141
Tcw:
[0.99610996, -0.030099785, -0.082818657, -0.0018085621;
 0.033875916, 0.99843156, 0.044574048, -0.0089101903;
 0.081347093, -0.047206212, 0.99556726, 0.017657673;
 0, 0, 0, 1]
Twc:
[0.99610996, 0.033875916, 0.081347093, 0.00066696724;
 -0.030099785, 0.99843156, -0.047206212, 0.0096753296;
 -0.082818657, 0.044574048, 0.99556726, -0.017332021;
 0, 0, 0, 1]
Ow:
[-0.0018085621;
 -0.0089101903;
 0.017657673]
