Keyframe: 0 Frame: 0 Frame from vFrameID : 20
Tcw:
[1, 0, 0, 0;
 0, 1, 0, 0;
 0, 0, 1, 0;
 0, 0, 0, 1]
Twc:
[1, 0, 0, 0;
 0, 1, 0, 0;
 0, 0, 1, 0;
 0, 0, 0, 1]
Ow:
[0;
 0;
 0]
Keyframe: 1 Frame: 19 Frame from vFrameID : 20
Tcw:
[0.99958903, 0.0021933008, -0.028582102, -0.0013973858;
 -0.0020178519, 0.99997896, 0.0061658188, -0.0098339645;
 0.028595025, -0.0061056102, 0.99957246, -0.0010370447;
 0, 0, 0, 1]
Twc:
[0.99958903, -0.0020178519, 0.028595025, 0.0014066225;
 0.0021933008, 0.99997896, -0.0061056102, 0.0098304907;
 -0.028582102, 0.0061658188, 0.99957246, 0.0010572955;
 0, 0, 0, 1]
Ow:
[-0.0013973858;
 -0.0098339645;
 -0.0010370447]
Keyframe: 2 Frame: 21 Frame from vFrameID : 22
Tcw:
[0.99958223, 0.0046282262, -0.028529428, -0.0028434268;
 -0.0044287425, 0.99996531, 0.0070514251, -0.013882834;
 0.028561074, -0.00692213, 0.9995681, 0.00014124566;
 0, 0, 0, 1]
Twc:
[0.99958223, -0.0044287425, 0.028561074, 0.002776721;
 0.0046282262, 0.99996531, -0.00692213, 0.013896491;
 -0.028529428, 0.0070514251, 0.9995681, -0.00012441222;
 0, 0, 0, 1]
Ow:
[-0.0028434268;
 -0.013882834;
 0.00014124566]
Keyframe: 3 Frame: 23 Frame from vFrameID : 24
Tcw:
[0.9996435, 0.0058766138, -0.026045021, -0.0049524442;
 -0.0055705016, 0.99991477, 0.011810207, -0.018271092;
 0.026112204, -0.011660912, 0.99959099, -0.002390228;
 0, 0, 0, 1]
Twc:
[0.9996435, -0.0055705016, 0.026112204, 0.0049113138;
 0.0058766138, 0.99991477, -0.011660912, 0.018270764;
 -0.026045021, 0.011810207, 0.99959099, 0.0024760494;
 0, 0, 0, 1]
Ow:
[-0.0049524442;
 -0.018271092;
 -0.002390228]
Keyframe: 4 Frame: 25 Frame from vFrameID : 26
Tcw:
[0.99965549, 0.0057539735, -0.025609139, -0.0053136642;
 -0.0053746649, 0.99987519, 0.014855719, -0.019455692;
 0.025691424, -0.01471296, 0.99956167, -0.0020908052;
 0, 0, 0, 1]
Twc:
[0.99965549, -0.0053746649, 0.025691424, 0.0052609812;
 0.0057539735, 0.99987519, -0.01471296, 0.019453079;
 -0.025609139, 0.014855719, 0.99956167, 0.0022428385;
 0, 0, 0, 1]
Ow:
[-0.0053136642;
 -0.019455692;
 -0.0020908052]
Keyframe: 5 Frame: 27 Frame from vFrameID : 28
Tcw:
[0.99956989, 0.011293945, -0.027064594, -0.0054657916;
 -0.010862531, 0.99981242, 0.016034521, -0.020592911;
 0.02724061, -0.015733633, 0.9995051, -0.0021250567;
 0, 0, 0, 1]
Twc:
[0.99956989, -0.010862531, 0.02724061, 0.0052976371;
 0.011293945, 0.99981242, -0.015733633, 0.020617345;
 -0.027064594, 0.016034521, 0.9995051, 0.002306273;
 0, 0, 0, 1]
Ow:
[-0.0054657916;
 -0.020592911;
 -0.0021250567]
Keyframe: 6 Frame: 29 Frame from vFrameID : 30
Tcw:
[0.99946004, 0.011643532, -0.030724654, -0.0060532014;
 -0.011343864, 0.99988657, 0.0099096866, -0.021642815;
 0.030836552, -0.0095557999, 0.99947876, -0.0016159213;
 0, 0, 0, 1]
Twc:
[0.99946004, -0.011343864, 0.030836552, 0.0058542495;
 0.011643532, 0.99988657, -0.0095557999, 0.021695398;
 -0.030724654, 0.0099096866, 0.99947876, 0.0016435699;
 0, 0, 0, 1]
Ow:
[-0.0060532014;
 -0.021642815;
 -0.0016159213]
Keyframe: 7 Frame: 31 Frame from vFrameID : 32
Tcw:
[0.99942017, 0.011389317, -0.03208784, -0.0064500896;
 -0.011184224, 0.9999159, 0.0065638549, -0.022258367;
 0.032159898, -0.0062011713, 0.9994635, -0.0015639965;
 0, 0, 0, 1]
Twc:
[0.99942017, -0.011184224, 0.032159898, 0.0062477053;
 0.011389317, 0.9999159, -0.0062011713, 0.022320259;
 -0.03208784, 0.0065638549, 0.9994635, 0.0015022886;
 0, 0, 0, 1]
Ow:
[-0.0064500896;
 -0.022258367;
 -0.0015639965]
Keyframe: 8 Frame: 33 Frame from vFrameID : 34
Tcw:
[0.99950039, 0.0078293765, -0.030621434, -0.0070145647;
 -0.0078215525, 0.99996936, 0.0003752739, -0.021321442;
 0.030623432, -0.00013557926, 0.99953097, -0.0033805899;
 0, 0, 0, 1]
Twc:
[0.99950039, -0.0078215525, 0.030623432, 0.0069478182;
 0.0078293765, 0.99996936, -0.00013557926, 0.02137525;
 -0.030621434, 0.0003752739, 0.99953097, 0.0031722097;
 0, 0, 0, 1]
Ow:
[-0.0070145647;
 -0.021321442;
 -0.0033805899]
Keyframe: 9 Frame: 35 Frame from vFrameID : 36
Tcw:
[0.9995333, 0.007174171, -0.029693427, -0.0071739638;
 -0.0070730923, 0.99996883, 0.0035077161, -0.021462003;
 0.029717665, -0.0032960547, 0.99955291, -0.0036432231;
 0, 0, 0, 1]
Twc:
[0.9995333, -0.0070730923, 0.029717665, 0.007127081;
 0.007174171, 0.99996883, -0.0032960547, 0.021500794;
 -0.029693427, 0.0035077161, 0.99955291, 0.0035038572;
 0, 0, 0, 1]
Ow:
[-0.0071739638;
 -0.021462003;
 -0.0036432231]
Keyframe: 10 Frame: 37 Frame from vFrameID : 38
Tcw:
[0.99954385, 0.0070217848, -0.029374117, -0.0071967016;
 -0.0067097442, 0.99992013, 0.010708094, -0.021291239;
 0.029446961, -0.010506116, 0.99951112, -0.0032473616;
 0, 0, 0, 1]
Twc:
[0.99954385, -0.0067097442, 0.029446961, 0.0071461843;
 0.0070217848, 0.99992013, -0.010506116, 0.021305956;
 -0.029374117, 0.010708094, 0.99951112, 0.0032623659;
 0, 0, 0, 1]
Ow:
[-0.0071967016;
 -0.021291239;
 -0.0032473616]
Keyframe: 11 Frame: 39 Frame from vFrameID : 40
Tcw:
[0.99961859, 0.0066018985, -0.026815863, -0.0071238298;
 -0.0061446228, 0.9998349, 0.017099177, -0.020850709;
 0.026924323, -0.016927881, 0.99949414, -0.0034174623;
 0, 0, 0, 1]
Twc:
[0.99961859, -0.0061446228, 0.026924323, 0.0070850058;
 0.0066018985, 0.9998349, -0.016927881, 0.020836448;
 -0.026815863, 0.017099177, 0.99949414, 0.0035812319;
 0, 0, 0, 1]
Ow:
[-0.0071238298;
 -0.020850709;
 -0.0034174623]
Keyframe: 12 Frame: 41 Frame from vFrameID : 42
Tcw:
[0.99965656, 0.0076977359, -0.025049677, -0.0079915449;
 -0.0071808039, 0.99976075, 0.020661194, -0.02093941;
 0.025202729, -0.020474222, 0.99947268, -0.0029017602;
 0, 0, 0, 1]
Twc:
[0.99965656, -0.0071808039, 0.025202729, 0.0079115713;
 0.0076977359, 0.99976075, -0.020474222, 0.020936504;
 -0.025049677, 0.020661194, 0.99947268, 0.0031326776;
 0, 0, 0, 1]
Ow:
[-0.0079915449;
 -0.02093941;
 -0.0029017602]
Keyframe: 13 Frame: 43 Frame from vFrameID : 44
Tcw:
[0.99968886, 0.004004606, -0.024618773, -0.0090818293;
 -0.0033958009, 0.99968863, 0.024721555, -0.021216324;
 0.024710108, -0.024630263, 0.9993912, -0.0013818992;
 0, 0, 0, 1]
Twc:
[0.99968886, -0.0033958009, 0.024710108, 0.0090411045;
 0.004004606, 0.99968863, -0.024630263, 0.021212049;
 -0.024618773, 0.024721555, 0.9993912, 0.001681975;
 0, 0, 0, 1]
Ow:
[-0.0090818293;
 -0.021216324;
 -0.0013818992]
Keyframe: 14 Frame: 46 Frame from vFrameID : 47
Tcw:
[0.99963927, -0.00060440047, -0.026851451, -0.010766005;
 0.0012151297, 0.99974078, 0.022734249, -0.021473769;
 0.02683075, -0.022758676, 0.99938089, -0.00088271371;
 0, 0, 0, 1]
Twc:
[0.99963927, 0.0012151297, 0.02683075, 0.010811899;
 -0.00060440047, 0.99974078, -0.022758676, 0.021441609;
 -0.026851451, 0.022734249, 0.99938089, 0.0010812744;
 0, 0, 0, 1]
Ow:
[-0.010766005;
 -0.021473769;
 -0.00088271371]
Keyframe: 15 Frame: 48 Frame from vFrameID : 49
Tcw:
[0.99957067, -0.0039643366, -0.029031284, -0.011240324;
 0.0045265201, 0.99980301, 0.019324709, -0.020724704;
 0.028948955, -0.019447822, 0.99939167, -0.0010538752;
 0, 0, 0, 1]
Twc:
[0.99957067, 0.0045265201, 0.028948955, 0.011359817;
 -0.0039643366, 0.99980301, -0.019447822, 0.020655567;
 -0.029031284, 0.019324709, 0.99939167, 0.001127412;
 0, 0, 0, 1]
Ow:
[-0.011240324;
 -0.020724704;
 -0.0010538752]
Keyframe: 16 Frame: 51 Frame from vFrameID : 52
Tcw:
[0.99980021, -0.0011507097, -0.019955259, -0.011986693;
 0.0015666215, 0.99978161, 0.020839121, -0.020094894;
 0.019926921, -0.020866221, 0.99958366, -0.0005476959;
 0, 0, 0, 1]
Twc:
[0.99980021, 0.0015666215, 0.019926921, 0.012026694;
 -0.0011507097, 0.99978161, -0.020866221, 0.020065285;
 -0.019955259, 0.020839121, 0.99958366, 0.00072703033;
 0, 0, 0, 1]
Ow:
[-0.011986693;
 -0.020094894;
 -0.0005476959]
Keyframe: 17 Frame: 54 Frame from vFrameID : 55
Tcw:
[0.99995172, -0.0027016953, -0.0094481818, -0.013440047;
 0.0028846569, 0.99980754, 0.019405043, -0.019148352;
 0.009393937, -0.01943136, 0.99976707, -0.00049004558;
 0, 0, 0, 1]
Twc:
[0.99995172, 0.0028846569, 0.009393937, 0.013499239;
 -0.0027016953, 0.99980754, -0.01943136, 0.019098833;
 -0.0094481818, 0.019405043, 0.99976707, 0.00073452195;
 0, 0, 0, 1]
Ow:
[-0.013440047;
 -0.019148352;
 -0.00049004558]
Keyframe: 18 Frame: 57 Frame from vFrameID : 58
Tcw:
[0.99999392, 0.0016999141, 0.0030429766, -0.013777804;
 -0.0017552219, 0.99983162, 0.018266099, -0.018587021;
 -0.0030114134, -0.018271329, 0.99982852, -0.00039563116;
 0, 0, 0, 1]
Twc:
[0.99999392, -0.0017552219, -0.0030114134, 0.013743904;
 0.0016999141, 0.99983162, -0.018271329, 0.018600082;
 0.0030429766, 0.018266099, 0.99982852, 0.0007770012;
 0, 0, 0, 1]
Ow:
[-0.013777804;
 -0.018587021;
 -0.00039563116]
Keyframe: 19 Frame: 60 Frame from vFrameID : 61
Tcw:
[0.99973202, 0.0010999091, 0.0231237, -0.01646686;
 -0.0016614957, 0.99970376, 0.024281023, -0.018508792;
 -0.023090145, -0.024312936, 0.99943769, -0.0018090418;
 0, 0, 0, 1]
Twc:
[0.99973202, -0.0016614957, -0.023090145, 0.016389923;
 0.0010999091, 0.99970376, -0.024312936, 0.01847744;
 0.0231237, 0.024281023, 0.99943769, 0.0026382119;
 0, 0, 0, 1]
Ow:
[-0.01646686;
 -0.018508792;
 -0.0018090418]
Keyframe: 20 Frame: 63 Frame from vFrameID : 64
Tcw:
[0.99972582, -0.0030992897, 0.023209535, -0.016632415;
 0.0024452712, 0.99960059, 0.02815442, -0.018141294;
 -0.023287524, -0.028089946, 0.9993341, -0.0038876617;
 0, 0, 0, 1]
Twc:
[0.99972582, 0.0024452712, -0.023287524, 0.016581682;
 -0.0030992897, 0.99960059, -0.028089946, 0.017973296;
 0.023209535, 0.02815442, 0.9993341, 0.0047818613;
 0, 0, 0, 1]
Ow:
[-0.016632415;
 -0.018141294;
 -0.0038876617]
Keyframe: 21 Frame: 66 Frame from vFrameID : 67
Tcw:
[0.99981374, -0.0026157389, 0.019121069, -0.016836589;
 0.0017687764, 0.99902213, 0.044178177, -0.01776671;
 -0.019217931, -0.044136126, 0.99884069, -0.0060365065;
 0, 0, 0, 1]
Twc:
[0.99981374, 0.0017687764, -0.019217931, 0.016748872;
 -0.0026157389, 0.99902213, -0.044136126, 0.017438866;
 0.019121069, 0.044178177, 0.99884069, 0.0071363426;
 0, 0, 0, 1]
Ow:
[-0.016836589;
 -0.01776671;
 -0.0060365065]
Keyframe: 22 Frame: 69 Frame from vFrameID : 70
Tcw:
[0.99996358, 6.4202439e-05, 0.0085350079, -0.013818446;
 -0.00041981263, 0.99913138, 0.041669633, -0.018759619;
 -0.0085249189, -0.041671701, 0.99909496, -0.0050276662;
 0, 0, 0, 1]
Twc:
[0.99996358, -0.00041981263, -0.0085249189, 0.013767205;
 6.4202439e-05, 0.99913138, -0.041671701, 0.018534699;
 0.0085350079, 0.041669633, 0.99909496, 0.0059227631;
 0, 0, 0, 1]
Ow:
[-0.013818446;
 -0.018759619;
 -0.0050276662]
Keyframe: 23 Frame: 72 Frame from vFrameID : 73
Tcw:
[0.9999339, 0.0080889799, -0.0081684403, -0.011096008;
 -0.0079416586, 0.99980807, 0.017909683, -0.020421559;
 0.0083117438, -0.017843628, 0.99980623, -0.0086524365;
 0, 0, 0, 1]
Twc:
[0.9999339, -0.0079416586, 0.0083117438, 0.01100501;
 0.0080889799, 0.99980807, -0.017843628, 0.020353002;
 -0.0081684403, 0.017909683, 0.99980623, 0.0089258663;
 0, 0, 0, 1]
Ow:
[-0.011096008;
 -0.020421559;
 -0.0086524365]
Keyframe: 24 Frame: 75 Frame from vFrameID : 76
Tcw:
[0.99996424, 0.0036476096, -0.0076295859, -0.0093721291;
 -0.0035945328, 0.9999693, 0.0069588688, -0.021515325;
 0.0076547349, -0.006931195, 0.99994665, -0.015874967;
 0, 0, 0, 1]
Twc:
[0.99996424, -0.0035945328, 0.0076547349, 0.0094159758;
 0.0036476096, 0.9999693, -0.006931195, 0.021438818;
 -0.0076295859, 0.0069588688, 0.99994665, 0.015952338;
 0, 0, 0, 1]
Ow:
[-0.0093721291;
 -0.021515325;
 -0.015874967]
Keyframe: 25 Frame: 79 Frame from vFrameID : 80
Tcw:
[0.99999386, 0.0033308251, -0.0010933665, -0.007907914;
 -0.0033147351, 0.9998908, 0.01440206, -0.022656502;
 0.0011412178, -0.014398348, 0.99989569, -0.018862225;
 0, 0, 0, 1]
Twc:
[0.99999386, -0.0033147351, 0.0011412178, 0.0078542912;
 0.0033308251, 0.9998908, -0.014398348, 0.022408782;
 -0.0010933665, 0.01440206, 0.99989569, 0.019177912;
 0, 0, 0, 1]
Ow:
[-0.007907914;
 -0.022656502;
 -0.018862225]
Keyframe: 26 Frame: 83 Frame from vFrameID : 84
Tcw:
[0.99961787, 0.026568111, 0.007633544, 0.0023378669;
 -0.026544031, 0.99964237, -0.0032386577, -0.02488314;
 -0.0077168592, 0.0030347952, 0.99996561, -0.019369237;
 0, 0, 0, 1]
Twc:
[0.99961787, -0.026544031, -0.0077168592, -0.003146942;
 0.026568111, 0.99964237, 0.0030347952, 0.024870912;
 0.007633544, -0.0032386577, 0.99996561, 0.019270137;
 0, 0, 0, 1]
Ow:
[0.0023378669;
 -0.02488314;
 -0.019369237]
Keyframe: 27 Frame: 87 Frame from vFrameID : 88
Tcw:
[0.99920291, 0.023054859, 0.03258802, 0.0015494459;
 -0.022955138, 0.99973059, -0.0034308911, -0.02183483;
 -0.032658339, 0.002680094, 0.99946296, -0.024108216;
 0, 0, 0, 1]
Twc:
[0.99920291, -0.022955138, -0.032658339, -0.0028367669;
 0.023054859, 0.99973059, 0.002680094, 0.021857839;
 0.03258802, -0.0034308911, 0.99946296, 0.023969864;
 0, 0, 0, 1]
Ow:
[0.0015494459;
 -0.02183483;
 -0.024108216]
Keyframe: 28 Frame: 91 Frame from vFrameID : 92
Tcw:
[0.99881321, 0.018297609, 0.04513694, -0.003482833;
 -0.019381953, 0.99953115, 0.023703907, -0.024408929;
 -0.044682052, -0.024550619, 0.99869955, -0.020561598;
 0, 0, 0, 1]
Twc:
[0.99881321, -0.019381953, -0.044682052, 0.0020868725;
 0.018297609, 0.99953115, -0.024550619, 0.023956411;
 0.04513694, 0.023703907, 0.99869955, 0.021270651;
 0, 0, 0, 1]
Ow:
[-0.003482833;
 -0.024408929;
 -0.020561598]
Keyframe: 29 Frame: 95 Frame from vFrameID : 96
Tcw:
[0.99903101, 0.00065249309, 0.044006541, -0.005450333;
 -0.0003017796, 0.99996817, -0.0079757497, -0.025647329;
 -0.044010345, 0.0079547409, 0.99899942, -0.012599383;
 0, 0, 0, 1]
Twc:
[0.99903101, -0.0003017796, -0.044010345, 0.0048828088;
 0.00065249309, 0.99996817, 0.0079547409, 0.025750292;
 0.044006541, -0.0079757497, 0.99899942, 0.01262207;
 0, 0, 0, 1]
Ow:
[-0.005450333;
 -0.025647329;
 -0.012599383]
Keyframe: 30 Frame: 99 Frame from vFrameID : 100
Tcw:
[0.99877822, -0.0084369695, 0.04869147, -0.011172377;
 0.0085194167, 0.99996263, -0.0014859522, -0.023708304;
 -0.048677113, 0.0018989596, 0.99881274, -0.017351514;
 0, 0, 0, 1]
Twc:
[0.99877822, 0.0085194167, -0.048677113, 0.010516087;
 -0.0084369695, 0.99996263, 0.0018989596, 0.023646105;
 0.04869147, -0.0014859522, 0.99881274, 0.017839683;
 0, 0, 0, 1]
Ow:
[-0.011172377;
 -0.023708304;
 -0.017351514]
Keyframe: 31 Frame: 103 Frame from vFrameID : 104
Tcw:
[0.99804068, -0.03312742, 0.053078506, -0.013498884;
 0.032009084, 0.99925017, 0.021783013, -0.024238447;
 -0.053760324, -0.020041339, 0.99835271, -0.012076266;
 0, 0, 0, 1]
Twc:
[0.99804068, 0.032009084, -0.053760324, 0.013599062;
 -0.03312742, 0.99925017, -0.020041339, 0.023531066;
 0.053078506, 0.021783013, 0.99835271, 0.01330086;
 0, 0, 0, 1]
Ow:
[-0.013498884;
 -0.024238447;
 -0.012076266]
Keyframe: 32 Frame: 107 Frame from vFrameID : 108
Tcw:
[0.9972288, -0.033936247, 0.066204965, -0.011795537;
 0.032038622, 0.99905068, 0.029517353, -0.02271379;
 -0.067143828, -0.027314438, 0.99736935, -0.0066291234;
 0, 0, 0, 1]
Twc:
[0.9972288, 0.032038622, -0.067143828, 0.012045463;
 -0.033936247, 0.99905068, -0.027314438, 0.022110861;
 0.066204965, 0.029517353, 0.99736935, 0.0080630584;
 0, 0, 0, 1]
Ow:
[-0.011795537;
 -0.02271379;
 -0.0066291234]
Keyframe: 33 Frame: 110 Frame from vFrameID : 111
Tcw:
[0.99764174, -0.0012291633, 0.06862504, -0.01364214;
 -0.00013217362, 0.99980336, 0.019829255, -0.02009985;
 -0.068635926, -0.019791564, 0.99744546, 0.00021277741;
 0, 0, 0, 1]
Twc:
[0.99764174, -0.00013217362, -0.068635926, 0.013621916;
 -0.0012291633, 0.99980336, -0.019791564, 0.020083342;
 0.06862504, 0.019829255, 0.99744546, 0.0011225237;
 0, 0, 0, 1]
Ow:
[-0.01364214;
 -0.02009985;
 0.00021277741]
Keyframe: 34 Frame: 114 Frame from vFrameID : 115
Tcw:
[0.99708456, -0.0014378256, 0.076290652, -0.015399407;
 0.00070354418, 0.99995321, 0.0096507929, -0.01835436;
 -0.076300956, -0.0095689828, 0.9970389, -0.00010044186;
 0, 0, 0, 1]
Twc:
[0.99708456, 0.00070354418, -0.076300956, 0.01535976;
 -0.0014378256, 0.99995321, -0.0095689828, 0.018330395;
 0.076290652, 0.0096507929, 0.9970389, 0.0014521093;
 0, 0, 0, 1]
Ow:
[-0.015399407;
 -0.01835436;
 -0.00010044186]
Keyframe: 35 Frame: 118 Frame from vFrameID : 119
Tcw:
[0.99654287, -0.051299658, 0.065350316, -0.016548168;
 0.048948228, 0.99811244, 0.037089612, -0.017972069;
 -0.067129649, -0.033762608, 0.99717283, -0.0084121618;
 0, 0, 0, 1]
Twc:
[0.99654287, 0.048948228, -0.067129649, 0.016805952;
 -0.051299658, 0.99811244, -0.033762608, 0.016805213;
 0.065350316, 0.037089612, 0.99717283, 0.010136385;
 0, 0, 0, 1]
Ow:
[-0.016548168;
 -0.017972069;
 -0.0084121618]
Keyframe: 36 Frame: 123 Frame from vFrameID : 124
Tcw:
[0.99778759, -0.050570834, 0.043156721, -0.01580132;
 0.048262294, 0.99742997, 0.052954573, -0.019148605;
 -0.045723762, -0.050754573, 0.99766392, -0.00057691289;
 0, 0, 0, 1]
Twc:
[0.99778759, 0.048262294, -0.045723762, 0.016664138;
 -0.050570834, 0.99742997, -0.050754573, 0.018271027;
 0.043156721, 0.052954573, 0.99766392, 0.0022715046;
 0, 0, 0, 1]
Ow:
[-0.01580132;
 -0.019148605;
 -0.00057691289]
Keyframe: 37 Frame: 128 Frame from vFrameID : 129
Tcw:
[0.99842703, -0.05381763, 0.01571871, -0.011259853;
 0.053335454, 0.99813688, 0.029633427, -0.013948028;
 -0.017284224, -0.028748451, 0.99943721, 0.0043099266;
 0, 0, 0, 1]
Twc:
[0.99842703, 0.053335454, -0.017284224, 0.01206056;
 -0.05381763, 0.99813688, -0.028748451, 0.013439966;
 0.01571871, 0.029633427, 0.99943721, -0.0037171831;
 0, 0, 0, 1]
Ow:
[-0.011259853;
 -0.013948028;
 0.0043099266]
Keyframe: 38 Frame: 132 Frame from vFrameID : 133
Tcw:
[0.99733782, -0.064801082, -0.033437524, -0.0055630398;
 0.066064462, 0.99708492, 0.0381728, -0.011425755;
 0.030866414, -0.040280208, 0.99871153, 0.014189737;
 0, 0, 0, 1]
Twc:
[0.99733782, 0.066064462, 0.030866414, 0.0058650807;
 -0.064801082, 0.99708492, -0.040280208, 0.011603523;
 -0.033437524, 0.0381728, 0.99871153, -0.013921316;
 0, 0, 0, 1]
Ow:
[-0.0055630398;
 -0.011425755;
 0.014189737]
Keyframe: 39 Frame: 138 Frame from vFrameID : 139
Tcw:
[0.99512571, -0.037018448, -0.091402449, 0.0036858837;
 0.040463209, 0.99852771, 0.036126312, -0.005967292;
 0.089930542, -0.03964866, 0.99515849, 0.022854652;
 0, 0, 0, 1]
Twc:
[0.99512571, 0.040463209, 0.089930542, -0.0054817931;
 -0.037018448, 0.99852771, -0.03964866, 0.0070011085;
 -0.091402449, 0.036126312, 0.99515849, -0.022191528;
 0, 0, 0, 1]
Ow:
[0.0036858837;
 -0.005967292;
 0.022854652]
Keyframe: 40 Frame: 144 Frame from vFrameID : 145
Tcw:
[0.99076915, -0.039721023, -0.12961002, 0.013182424;
 0.044675514, 0.99836904, 0.035544183, -0.0045837853;
 0.12798677, -0.041006476, 0.99092776, 0.043749075;
 0, 0, 0, 1]
Twc:
[0.99076915, 0.044675514, 0.12798677, -0.01845526;
 -0.039721023, 0.99836904, -0.041006476, 0.0068939235;
 -0.12961002, 0.035544183, 0.99092776, -0.041480672;
 0, 0, 0, 1]
Ow:
[0.013182424;
 -0.0045837853;
 0.043749075]
Keyframe: 41 Frame: 150 Frame from vFrameID : 151
Tcw:
[0.99102986, -0.049929574, -0.12396303, 0.019764837;
 0.054901928, 0.99780512, 0.037022851, 0.00043356605;
 0.12184241, -0.04349656, 0.99159592, 0.06000188;
 0, 0, 0, 1]
Twc:
[0.99102986, 0.054901928, 0.12184241, -0.026922124;
 -0.049929574, 0.99780512, -0.04349656, 0.0031641112;
 -0.12396303, 0.037022851, 0.99159592, -0.057063565;
 0, 0, 0, 1]
Ow:
[0.019764837;
 0.00043356605;
 0.06000188]
Keyframe: 42 Frame: 155 Frame from vFrameID : 156
Tcw:
[0.99023795, -0.046852566, -0.13127686, 0.029806834;
 0.05079709, 0.99834776, 0.026859671, 0.0029425318;
 0.12980151, -0.033265948, 0.99098182, 0.074789949;
 0, 0, 0, 1]
Twc:
[0.99023795, 0.05079709, 0.12980151, -0.039373182;
 -0.046852566, 0.99834776, -0.033265948, 0.00094681559;
 -0.13127686, 0.026859671, 0.99098182, -0.070281565;
 0, 0, 0, 1]
Ow:
[0.029806834;
 0.0029425318;
 0.074789949]
Keyframe: 43 Frame: 161 Frame from vFrameID : 162
Tcw:
[0.99328059, -0.041302558, -0.10810984, 0.032612942;
 0.044915657, 0.99850345, 0.031200727, 0.0047348198;
 0.10665938, -0.035846904, 0.99364924, 0.085648388;
 0, 0, 0, 1]
Twc:
[0.99328059, 0.044915657, 0.10665938, -0.041741677;
 -0.041302558, 0.99850345, -0.035846904, -0.00031050594;
 -0.10810984, 0.031200727, 0.99364924, -0.081726402;
 0, 0, 0, 1]
Ow:
[0.032612942;
 0.0047348198;
 0.085648388]
Keyframe: 44 Frame: 167 Frame from vFrameID : 168
Tcw:
[0.9926433, -0.038451102, -0.1148075, 0.038180523;
 0.042907275, 0.9984085, 0.036597911, 0.0098666446;
 0.11321755, -0.041254751, 0.99271339, 0.10183179;
 0, 0, 0, 1]
Twc:
[0.9926433, 0.042907275, 0.11321755, -0.049852137;
 -0.038451102, 0.9984085, -0.041254751, -0.0041818144;
 -0.1148075, 0.036597911, 0.99271339, -0.09706746;
 0, 0, 0, 1]
Ow:
[0.038180523;
 0.0098666446;
 0.10183179]
Keyframe: 45 Frame: 173 Frame from vFrameID : 174
Tcw:
[0.98894346, -0.022796091, -0.1465306, 0.049600538;
 0.029724844, 0.99853241, 0.045270782, 0.011835342;
 0.14528355, -0.049125839, 0.98816967, 0.11309382;
 0, 0, 0, 1]
Twc:
[0.98894346, 0.029724844, 0.14528355, -0.065834597;
 -0.022796091, 0.99853241, -0.049125839, -0.0051314449;
 -0.1465306, 0.045270782, 0.98816967, -0.10502369;
 0, 0, 0, 1]
Ow:
[0.049600538;
 0.011835342;
 0.11309382]
Keyframe: 46 Frame: 181 Frame from vFrameID : 182
Tcw:
[0.991732, -0.021804713, -0.12646021, 0.061872371;
 0.028455546, 0.99829185, 0.051026404, 0.016828064;
 0.12513158, -0.054203011, 0.9906584, 0.13418074;
 0, 0, 0, 1]
Twc:
[0.991732, 0.028455546, 0.12513158, -0.078629911;
 -0.021804713, 0.99829185, -0.054203011, -0.0081772096;
 -0.12646021, 0.051026404, 0.9906584, -0.12596157;
 0, 0, 0, 1]
Ow:
[0.061872371;
 0.016828064;
 0.13418074]
Keyframe: 47 Frame: 188 Frame from vFrameID : 189
Tcw:
[0.99556464, -0.0063372636, -0.093866505, 0.067253888;
 0.011800181, 0.99826086, 0.057758633, 0.021439299;
 0.093337223, -0.058610093, 0.99390793, 0.15274324;
 0, 0, 0, 1]
Twc:
[0.99556464, 0.011800181, 0.093337223, -0.081465214;
 -0.0063372636, 0.99826086, -0.058610093, -0.01202351;
 -0.093866505, 0.057758633, 0.99390793, -0.14673813;
 0, 0, 0, 1]
Ow:
[0.067253888;
 0.021439299;
 0.15274324]
Keyframe: 48 Frame: 195 Frame from vFrameID : 196
Tcw:
[0.99945158, -0.0026596179, -0.033007536, 0.076495662;
 0.0049720444, 0.99752235, 0.07017456, 0.024801686;
 0.032739114, -0.070300192, 0.99698848, 0.17387456;
 0, 0, 0, 1]
Twc:
[0.99945158, 0.0049720444, 0.032739114, -0.08226952;
 -0.0026596179, 0.99752235, -0.070300192, -0.012313373;
 -0.033007536, 0.07017456, 0.99698848, -0.17256644;
 0, 0, 0, 1]
Ow:
[0.076495662;
 0.024801686;
 0.17387456]
Keyframe: 49 Frame: 202 Frame from vFrameID : 203
Tcw:
[0.99890918, 0.011868506, -0.045162335, 0.086560518;
 -0.0083545735, 0.99697948, 0.077214725, 0.029928464;
 0.045942344, -0.076753184, 0.99599111, 0.19099216;
 0, 0, 0, 1]
Twc:
[0.99890918, -0.0083545735, 0.045942344, -0.094990678;
 0.011868506, 0.99697948, -0.076753184, -0.016206153;
 -0.045162335, 0.077214725, 0.99599111, -0.18862814;
 0, 0, 0, 1]
Ow:
[0.086560518;
 0.029928464;
 0.19099216]
Keyframe: 50 Frame: 210 Frame from vFrameID : 211
Tcw:
[0.99347675, 0.023748882, -0.11153436, 0.09729977;
 -0.015177787, 0.99690962, 0.077076793, 0.03077252;
 0.11302016, -0.074881159, 0.990767, 0.20959589;
 0, 0, 0, 1]
Twc:
[0.99347675, -0.015177787, 0.11302016, -0.11988656;
 0.023748882, 0.99690962, -0.074881159, -0.017293399;
 -0.11153436, 0.077076793, 0.990767, -0.19918028;
 0, 0, 0, 1]
Ow:
[0.09729977;
 0.03077252;
 0.20959589]
Keyframe: 51 Frame: 217 Frame from vFrameID : 218
Tcw:
[0.99170691, -0.031435624, -0.12461618, 0.11180218;
 0.04175235, 0.99583429, 0.081060261, 0.034276932;
 0.12154888, -0.085591041, 0.98888826, 0.23310122;
 0, 0, 0, 1]
Twc:
[0.99170691, 0.04175235, 0.12154888, -0.14063933;
 -0.031435624, 0.99583429, -0.085591041, -0.010668197;
 -0.12461618, 0.081060261, 0.98888826, -0.21935721;
 0, 0, 0, 1]
Ow:
[0.11180218;
 0.034276932;
 0.23310122]
Keyframe: 52 Frame: 224 Frame from vFrameID : 225
Tcw:
[0.99640566, -0.054836567, -0.0645651, 0.11685009;
 0.060154818, 0.99468768, 0.083533436, 0.040010847;
 0.059641421, -0.087117098, 0.99441111, 0.25550213;
 0, 0, 0, 1]
Twc:
[0.99640566, 0.060154818, 0.059641421, -0.13407546;
 -0.054836567, 0.99468768, -0.087117098, -0.011132037;
 -0.0645651, 0.083533436, 0.99441111, -0.24987197;
 0, 0, 0, 1]
Ow:
[0.11685009;
 0.040010847;
 0.25550213]
Keyframe: 53 Frame: 231 Frame from vFrameID : 232
Tcw:
[0.99720091, -0.060717486, -0.043631252, 0.1188395;
 0.064757794, 0.99306804, 0.098093398, 0.043296278;
 0.037372816, -0.10064429, 0.99422032, 0.27826563;
 0, 0, 0, 1]
Twc:
[0.99720091, 0.064757794, 0.037372816, -0.1317102;
 -0.060717486, 0.99306804, -0.10064429, -0.0077746701;
 -0.043631252, 0.098093398, 0.99422032, -0.27571929;
 0, 0, 0, 1]
Ow:
[0.1188395;
 0.043296278;
 0.27826563]
Keyframe: 54 Frame: 238 Frame from vFrameID : 239
Tcw:
[0.99388039, -0.069515802, -0.085844964, 0.12227158;
 0.074259877, 0.99581021, 0.053362422, 0.044576086;
 0.081775755, -0.059410699, 0.99487841, 0.29818949;
 0, 0, 0, 1]
Twc:
[0.99388039, 0.074259877, 0.081775755, -0.1492182;
 -0.069515802, 0.99581021, -0.059410699, -0.01817387;
 -0.085844964, 0.053362422, 0.99487841, -0.2885446;
 0, 0, 0, 1]
Ow:
[0.12227158;
 0.044576086;
 0.29818949]
Keyframe: 55 Frame: 245 Frame from vFrameID : 246
Tcw:
[0.99128002, -0.069682799, -0.11184037, 0.13070562;
 0.075277783, 0.99607295, 0.046604007, 0.047851373;
 0.10815367, -0.054616716, 0.99263275, 0.31334701;
 0, 0, 0, 1]
Twc:
[0.99128002, 0.075277783, 0.10815367, -0.16705765;
 -0.069682799, 0.99607295, -0.054616716, -0.021441538;
 -0.11184037, 0.046604007, 0.99263275, -0.29865041;
 0, 0, 0, 1]
Ow:
[0.13070562;
 0.047851373;
 0.31334701]
Keyframe: 56 Frame: 253 Frame from vFrameID : 254
Tcw:
[0.99169445, -0.053140648, -0.11712454, 0.13663939;
 0.059117761, 0.99708855, 0.048160911, 0.050162129;
 0.11422423, -0.054685045, 0.99194878, 0.34055054;
 0, 0, 0, 1]
Twc:
[0.99169445, 0.059117761, 0.11422423, -0.17736913;
 -0.053140648, 0.99708855, -0.054685045, -0.024131959;
 -0.11712454, 0.048160911, 0.99194878, -0.32422072;
 0, 0, 0, 1]
Ow:
[0.13663939;
 0.050162129;
 0.34055054]
Keyframe: 57 Frame: 261 Frame from vFrameID : 262
Tcw:
[0.99348742, -0.070081495, -0.089840718, 0.13674045;
 0.073101908, 0.99684942, 0.030778095, 0.04792532;
 0.08740069, -0.037145179, 0.99548048, 0.36060867;
 0, 0, 0, 1]
Twc:
[0.99348742, 0.073101908, 0.08740069, -0.17087078;
 -0.070081495, 0.99684942, -0.037145179, -0.024796482;
 -0.089840718, 0.030778095, 0.99548048, -0.34816909;
 0, 0, 0, 1]
Ow:
[0.13674045;
 0.04792532;
 0.36060867]
Keyframe: 58 Frame: 270 Frame from vFrameID : 271
Tcw:
[0.99436331, -0.089098044, -0.057473261, 0.13957794;
 0.091139771, 0.99525976, 0.033934928, 0.05150415;
 0.054177288, -0.038981747, 0.99777013, 0.37622449;
 0, 0, 0, 1]
Twc:
[0.99436331, 0.091139771, 0.054177288, -0.16386808;
 -0.089098044, 0.99525976, -0.038981747, -0.024157999;
 -0.057473261, 0.033934928, 0.99777013, -0.36911136;
 0, 0, 0, 1]
Ow:
[0.13957794;
 0.05150415;
 0.37622449]
Keyframe: 59 Frame: 278 Frame from vFrameID : 279
Tcw:
[0.98793149, -0.070138671, -0.1381011, 0.14723726;
 0.074597485, 0.99683797, 0.027373523, 0.05226735;
 0.13574448, -0.03734516, 0.99003977, 0.38215369;
 0, 0, 0, 1]
Twc:
[0.98793149, 0.074597485, 0.13574448, -0.20123459;
 -0.070138671, 0.99683797, -0.03734516, -0.027503459;
 -0.1381011, 0.027373523, 0.99003977, -0.35944447;
 0, 0, 0, 1]
Ow:
[0.14723726;
 0.05226735;
 0.38215369]
Keyframe: 60 Frame: 285 Frame from vFrameID : 286
Tcw:
[0.98556834, -0.072970293, -0.1527427, 0.14893115;
 0.079779737, 0.99605203, 0.038929377, 0.05219952;
 0.149299, -0.050553337, 0.98749894, 0.38712397;
 0, 0, 0, 1]
Twc:
[0.98556834, 0.079779737, 0.149299, -0.2087435;
 -0.072970293, 0.99605203, -0.050553337, -0.021555483;
 -0.1527427, 0.038929377, 0.98749894, -0.36156848;
 0, 0, 0, 1]
Ow:
[0.14893115;
 0.05219952;
 0.38712397]
Keyframe: 61 Frame: 292 Frame from vFrameID : 293
Tcw:
[0.98861909, -0.062908933, -0.1366556, 0.14854458;
 0.070082568, 0.99636978, 0.048328843, 0.052072853;
 0.1331192, -0.057355992, 0.98943901, 0.39138386;
 0, 0, 0, 1]
Twc:
[0.98861909, 0.070082568, 0.1331192, -0.20260412;
 -0.062908933, 0.99636978, -0.057355992, -0.020090828;
 -0.1366556, 0.048328843, 0.98943901, -0.36946765;
 0, 0, 0, 1]
Ow:
[0.14854458;
 0.052072853;
 0.39138386]
Keyframe: 62 Frame: 300 Frame from vFrameID : 301
Tcw:
[0.99086654, -0.077921368, -0.11005366, 0.14924675;
 0.082498834, 0.99587917, 0.03766403, 0.054408103;
 0.10666531, -0.046399325, 0.99321175, 0.39044306;
 0, 0, 0, 1]
Twc:
[0.99086654, 0.082498834, 0.10666531, -0.19401893;
 -0.077921368, 0.99587917, -0.046399325, -0.024438096;
 -0.11005366, 0.03766403, 0.99321175, -0.37341672;
 0, 0, 0, 1]
Ow:
[0.14924675;
 0.054408103;
 0.39044306]
Keyframe: 63 Frame: 308 Frame from vFrameID : 309
Tcw:
[0.98952788, -0.095236808, -0.10846417, 0.15041685;
 0.10101188, 0.99367559, 0.049044609, 0.052101333;
 0.10310735, -0.059487179, 0.99288982, 0.39521921;
 0, 0, 0, 1]
Twc:
[0.98952788, 0.10101188, 0.10310735, -0.19485453;
 -0.095236808, 0.99367559, -0.059487179, -0.013936132;
 -0.10846417, 0.049044609, 0.99288982, -0.37864953;
 0, 0, 0, 1]
Ow:
[0.15041685;
 0.052101333;
 0.39521921]
Keyframe: 64 Frame: 316 Frame from vFrameID : 317
Tcw:
[0.99164665, -0.046777308, -0.12020321, 0.15097077;
 0.049229484, 0.99863398, 0.017510707, 0.054512382;
 0.11921991, -0.023281975, 0.99259484, 0.39616758;
 0, 0, 0, 1]
Twc:
[0.99164665, 0.049229484, 0.11921991, -0.19962434;
 -0.046777308, 0.99863398, -0.023281975, -0.038152348;
 -0.12020321, 0.017510707, 0.99259484, -0.37604129;
 0, 0, 0, 1]
Ow:
[0.15097077;
 0.054512382;
 0.39616758]
Keyframe: 65 Frame: 323 Frame from vFrameID : 324
Tcw:
[0.99649996, -0.031110622, -0.077588439, 0.15070806;
 0.029825225, 0.99939889, -0.017671281, 0.054086175;
 0.078091569, 0.015295339, 0.99682885, 0.39572182;
 0, 0, 0, 1]
Twc:
[0.99649996, 0.029825225, 0.078091569, -0.18269624;
 -0.031110622, 0.99939889, 0.015295339, -0.055417743;
 -0.077588439, -0.017671281, 0.99682885, -0.38181797;
 0, 0, 0, 1]
Ow:
[0.15070806;
 0.054086175;
 0.39572182]
Keyframe: 66 Frame: 330 Frame from vFrameID : 331
Tcw:
[0.98718971, -0.14508376, -0.066386856, 0.14980094;
 0.14831893, 0.9878366, 0.046694029, 0.053691093;
 0.058804821, -0.05594229, 0.99670076, 0.39728415;
 0, 0, 0, 1]
Twc:
[0.98718971, 0.14831893, 0.058804821, -0.17920756;
 -0.14508376, 0.9878366, -0.05594229, -0.0090793604;
 -0.066386856, 0.046694029, 0.99670076, -0.38853565;
 0, 0, 0, 1]
Ow:
[0.14980094;
 0.053691093;
 0.39728415]
Keyframe: 67 Frame: 337 Frame from vFrameID : 338
Tcw:
[0.98885822, -0.1435774, -0.03930629, 0.14705841;
 0.14500982, 0.98876071, 0.036392547, 0.051017947;
 0.033639368, -0.041686866, 0.99856424, 0.39331144;
 0, 0, 0, 1]
Twc:
[0.98885822, 0.14500982, 0.033639368, -0.16604878;
 -0.1435774, 0.98876071, -0.041686866, -0.012934358;
 -0.03930629, 0.036392547, 0.99856424, -0.38882312;
 0, 0, 0, 1]
Ow:
[0.14705841;
 0.051017947;
 0.39331144]
Keyframe: 68 Frame: 344 Frame from vFrameID : 345
Tcw:
[0.98634523, -0.1555035, -0.054238163, 0.14993003;
 0.15857024, 0.98565787, 0.057740707, 0.053067841;
 0.044481389, -0.065552831, 0.99685717, 0.39812675;
 0, 0, 0, 1]
Twc:
[0.98634523, 0.15857024, 0.044481389, -0.17400697;
 -0.1555035, 0.98565787, -0.065552831, -0.002893762;
 -0.054238163, 0.057740707, 0.99685717, -0.39180773;
 0, 0, 0, 1]
Ow:
[0.14993003;
 0.053067841;
 0.39812675]
Keyframe: 69 Frame: 351 Frame from vFrameID : 352
Tcw:
[0.98372191, -0.14102505, -0.11136956, 0.15172879;
 0.14782791, 0.98746294, 0.055352088, 0.053825535;
 0.10216728, -0.070914589, 0.99223638, 0.39991906;
 0, 0, 0, 1]
Twc:
[0.98372191, 0.14782791, 0.10216728, -0.19807449;
 -0.14102505, 0.98746294, -0.070914589, -0.0033930663;
 -0.11136956, 0.055352088, 0.99223638, -0.38289562;
 0, 0, 0, 1]
Ow:
[0.15172879;
 0.053825535;
 0.39991906]
Keyframe: 70 Frame: 359 Frame from vFrameID : 360
Tcw:
[0.98852319, -0.10901368, -0.10458455, 0.15259612;
 0.11664327, 0.9907161, 0.069828346, 0.053686414;
 0.096001349, -0.081226021, 0.99206156, 0.40223646;
 0, 0, 0, 1]
Twc:
[0.98852319, 0.11664327, 0.096001349, -0.19572219;
 -0.10901368, 0.9907161, -0.081226021, -0.0038808607;
 -0.10458455, 0.069828346, 0.99206156, -0.38683295;
 0, 0, 0, 1]
Ow:
[0.15259612;
 0.053686414;
 0.40223646]
Keyframe: 71 Frame: 366 Frame from vFrameID : 367
Tcw:
[0.98817223, -0.11365944, -0.1029427, 0.15255885;
 0.11844588, 0.99208772, 0.041623101, 0.054284897;
 0.097397335, -0.053323932, 0.99381602, 0.4043552;
 0, 0, 0, 1]
Twc:
[0.98817223, 0.11844588, 0.097397335, -0.19656736;
 -0.11365944, 0.99208772, -0.053323932, -0.014953818;
 -0.1029427, 0.041623101, 0.99381602, -0.38840938;
 0, 0, 0, 1]
Ow:
[0.15255885;
 0.054284897;
 0.4043552]
Keyframe: 72 Frame: 373 Frame from vFrameID : 374
Tcw:
[0.98987609, -0.10572063, -0.094702043, 0.1527524;
 0.11017758, 0.99297589, 0.043125875, 0.054630086;
 0.089477547, -0.053123314, 0.99457109, 0.40593493;
 0, 0, 0, 1]
Twc:
[0.98987609, 0.11017758, 0.089477547, -0.19354703;
 -0.10572063, 0.99297589, -0.053123314, -0.016532665;
 -0.094702043, 0.043125875, 0.99457109, -0.39162114;
 0, 0, 0, 1]
Ow:
[0.1527524;
 0.054630086;
 0.40593493]
Keyframe: 73 Frame: 381 Frame from vFrameID : 382
Tcw:
[0.98768789, -0.1234412, -0.096098356, 0.15302143;
 0.12815855, 0.9907527, 0.044547562, 0.055475544;
 0.089710698, -0.056314912, 0.99437451, 0.40808511;
 0, 0, 0, 1]
Twc:
[0.98768789, 0.12815855, 0.089710698, -0.19485669;
 -0.1234412, 0.9907527, -0.056314912, -0.013092116;
 -0.096098356, 0.044547562, 0.99437451, -0.39355561;
 0, 0, 0, 1]
Ow:
[0.15302143;
 0.055475544;
 0.40808511]
Keyframe: 74 Frame: 389 Frame from vFrameID : 390
Tcw:
[0.98881686, -0.081369735, -0.12498073, 0.15393904;
 0.089336611, 0.99422187, 0.059512958, 0.055625886;
 0.11941603, -0.070012771, 0.99037266, 0.41057411;
 0, 0, 0, 1]
Twc:
[0.98881686, 0.089336611, 0.11941603, -0.20621607;
 -0.081369735, 0.99422187, -0.070012771, -0.014033063;
 -0.12498073, 0.059512958, 0.99037266, -0.39069241;
 0, 0, 0, 1]
Ow:
[0.15393904;
 0.055625886;
 0.41057411]
Keyframe: 75 Frame: 397 Frame from vFrameID : 398
Tcw:
[0.98886991, -0.081948154, -0.12418059, 0.15419699;
 0.090797707, 0.99358892, 0.067356259, 0.056329411;
 0.11786474, -0.077881895, 0.98997086, 0.41284451;
 0, 0, 0, 1]
Twc:
[0.98886991, 0.090797707, 0.11786474, -0.20625515;
 -0.081948154, 0.99358892, -0.077881895, -0.011179006;
 -0.12418059, 0.067356259, 0.98997086, -0.39334992;
 0, 0, 0, 1]
Ow:
[0.15419699;
 0.056329411;
 0.41284451]
Keyframe: 76 Frame: 405 Frame from vFrameID : 406
Tcw:
[0.99001896, -0.10914353, -0.089163452, 0.15422766;
 0.11387568, 0.9922452, 0.049817871, 0.057055123;
 0.083034702, -0.059474189, 0.99477035, 0.41490668;
 0, 0, 0, 1]
Twc:
[0.99001896, 0.11387568, 0.083034702, -0.19363715;
 -0.10914353, 0.9922452, -0.059474189, -0.015103483;
 -0.089163452, 0.049817871, 0.99477035, -0.40182775;
 0, 0, 0, 1]
Ow:
[0.15422766;
 0.057055123;
 0.41490668]
Keyframe: 77 Frame: 413 Frame from vFrameID : 414
Tcw:
[0.99299282, -0.10668483, -0.050828997, 0.15425849;
 0.11022817, 0.99122709, 0.072928652, 0.05746235;
 0.042602699, -0.078020409, 0.99604106, 0.41691163;
 0, 0, 0, 1]
Twc:
[0.99299282, 0.11022817, 0.042602699, -0.17727311;
 -0.10668483, 0.99122709, -0.078020409, -0.0079735797;
 -0.050828997, 0.072928652, 0.99604106, -0.41161096;
 0, 0, 0, 1]
Ow:
[0.15425849;
 0.05746235;
 0.41691163]
Keyframe: 78 Frame: 421 Frame from vFrameID : 422
Tcw:
[0.98943228, -0.094506375, -0.10996503, 0.15504299;
 0.10155224, 0.99299914, 0.06033111, 0.057999685;
 0.10349351, -0.070860744, 0.99210274, 0.41840616;
 0, 0, 0, 1]
Twc:
[0.98943228, 0.10155224, 0.10349351, -0.20259686;
 -0.094506375, 0.99299914, -0.070860744, -0.013292515;
 -0.10996503, 0.06033111, 0.99210274, -0.40155175;
 0, 0, 0, 1]
Ow:
[0.15504299;
 0.057999685;
 0.41840616]
Keyframe: 79 Frame: 429 Frame from vFrameID : 430
Tcw:
[0.98848671, -0.10043613, -0.1131661, 0.1553002;
 0.10902996, 0.99139202, 0.072487198, 0.058064073;
 0.10491163, -0.083991125, 0.99092835, 0.41974333;
 0, 0, 0, 1]
Twc:
[0.98848671, 0.10902996, 0.10491163, -0.20387888;
 -0.10043613, 0.99139202, -0.083991125, -0.0067117903;
 -0.1131661, 0.072487198, 0.99092835, -0.40256977;
 0, 0, 0, 1]
Ow:
[0.1553002;
 0.058064073;
 0.41974333]
Keyframe: 80 Frame: 437 Frame from vFrameID : 438
Tcw:
[0.98673356, -0.13180555, -0.094785169, 0.15537924;
 0.13775925, 0.98869157, 0.059256528, 0.058361094;
 0.085902959, -0.071527936, 0.99373257, 0.42188662;
 0, 0, 0, 1]
Twc:
[0.98673356, 0.13775925, 0.085902959, -0.19759899;
 -0.13180555, 0.98869157, -0.071527936, -0.0070445975;
 -0.094785169, 0.059256528, 0.99373257, -0.40797311;
 0, 0, 0, 1]
Ow:
[0.15537924;
 0.058361094;
 0.42188662]
Keyframe: 81 Frame: 445 Frame from vFrameID : 446
Tcw:
[0.99072009, -0.11929918, -0.065125868, 0.1555046;
 0.12480813, 0.98823959, 0.088348225, 0.058940731;
 0.053820092, -0.095656596, 0.99395835, 0.42292657;
 0, 0, 0, 1]
Twc:
[0.99072009, 0.12480813, 0.053820092, -0.18417978;
 -0.11929918, 0.98823959, -0.095656596, 0.00075972331;
 -0.065125868, 0.088348225, 0.99395835, -0.41545135;
 0, 0, 0, 1]
Ow:
[0.1555046;
 0.058940731;
 0.42292657]
Keyframe: 82 Frame: 453 Frame from vFrameID : 454
Tcw:
[0.98634356, -0.12903962, -0.10234842, 0.155816;
 0.13748391, 0.98724878, 0.08023724, 0.059423871;
 0.09068957, -0.093212746, 0.99150735, 0.4244042;
 0, 0, 0, 1]
Twc:
[0.98634356, 0.13748391, 0.09068957, -0.20034698;
 -0.12903962, 0.98724878, -0.093212746, 0.0010001773;
 -0.10234842, 0.08023724, 0.99150735, -0.40962037;
 0, 0, 0, 1]
Ow:
[0.155816;
 0.059423871;
 0.4244042]
Keyframe: 83 Frame: 460 Frame from vFrameID : 461
Tcw:
[0.98301923, -0.11450849, -0.14339118, 0.15593164;
 0.12533739, 0.98971975, 0.068886749, 0.059367537;
 0.13402896, -0.085689276, 0.98726571, 0.42490068;
 0, 0, 0, 1]
Twc:
[0.98301923, 0.12533739, 0.13402896, -0.21767375;
 -0.11450849, 0.98971975, -0.085689276, -0.004492294;
 -0.14339118, 0.068886749, 0.98726571, -0.40122029;
 0, 0, 0, 1]
Ow:
[0.15593164;
 0.059367537;
 0.42490068]
Keyframe: 84 Frame: 468 Frame from vFrameID : 469
Tcw:
[0.98175538, -0.12894191, -0.13975091, 0.15608954;
 0.14317296, 0.98492819, 0.097046264, 0.059313089;
 0.12513128, -0.11528424, 0.98541957, 0.42551413;
 0, 0, 0, 1]
Twc:
[0.98175538, 0.14317296, 0.12513128, -0.21497892;
 -0.12894191, 0.98492819, -0.11528424, 0.010762427;
 -0.13975091, 0.097046264, 0.98541957, -0.40325239;
 0, 0, 0, 1]
Ow:
[0.15608954;
 0.059313089;
 0.42551413]
Keyframe: 85 Frame: 476 Frame from vFrameID : 477
Tcw:
[0.98779047, -0.1128039, -0.10744884, 0.15499979;
 0.12014601, 0.99065971, 0.064484678, 0.059776213;
 0.099171109, -0.076606899, 0.99211717, 0.42122558;
 0, 0, 0, 1]
Twc:
[0.98779047, 0.12014601, 0.099171109, -0.20206261;
 -0.1128039, 0.99065971, -0.076606899, -0.0094645191;
 -0.10744884, 0.064484678, 0.99211717, -0.40510523;
 0, 0, 0, 1]
Ow:
[0.15499979;
 0.059776213;
 0.42122558]
Keyframe: 86 Frame: 483 Frame from vFrameID : 484
Tcw:
[0.9880957, -0.13059264, -0.081317082, 0.15517834;
 0.13903427, 0.98430836, 0.10865782, 0.059588782;
 0.065851167, -0.11867019, 0.99074769, 0.422153;
 0, 0, 0, 1]
Twc:
[0.9880957, 0.13903427, 0.065851167, -0.1894152;
 -0.13059264, 0.98430836, -0.11867019, 0.011708387;
 -0.081317082, 0.10865782, 0.99074769, -0.41210327;
 0, 0, 0, 1]
Ow:
[0.15517834;
 0.059588782;
 0.422153]
