Keyframe: 0 Frame: 0 Frame from vFrameID : 22
Tcw:
[1, 0, 0, 0;
 0, 1, 0, 0;
 0, 0, 1, 0;
 0, 0, 0, 1]
Twc:
[1, 0, 0, 0;
 0, 1, 0, 0;
 0, 0, 1, 0;
 0, 0, 0, 1]
Ow:
[0;
 0;
 0]
Keyframe: 1 Frame: 21 Frame from vFrameID : 22
Tcw:
[0.9995544, 0.0037563674, -0.029613363, -0.0014902031;
 -0.0035659394, 0.99997264, 0.0064806663, -0.012841335;
 0.029636897, -0.0063721789, 0.99954045, -0.00094555615;
 0, 0, 0, 1]
Twc:
[0.9995544, -0.0035659394, 0.029636897, 0.0014717709;
 0.0037563674, 0.99997264, -0.0063721789, 0.012840556;
 -0.029613363, 0.0064806663, 0.99954045, 0.00098421203;
 0, 0, 0, 1]
Ow:
[-0.0014902031;
 -0.012841335;
 -0.00094555615]
Keyframe: 2 Frame: 23 Frame from vFrameID : 24
Tcw:
[0.99961782, 0.0045925733, -0.027259545, -0.0028577165;
 -0.00434518, 0.99994892, 0.0091277873, -0.015252694;
 0.027300073, -0.0090058511, 0.9995867, -0.0033492059;
 0, 0, 0, 1]
Twc:
[0.99961782, -0.00434518, 0.027300073, 0.0028817824;
 0.0045925733, 0.99994892, -0.0090058511, 0.015234876;
 -0.027259545, 0.0091277873, 0.9995867, 0.0034091452;
 0, 0, 0, 1]
Ow:
[-0.0028577165;
 -0.015252694;
 -0.0033492059]
Keyframe: 3 Frame: 25 Frame from vFrameID : 26
Tcw:
[0.99962461, 0.0043436, -0.027050359, -0.0033360498;
 -0.0040083295, 0.99991465, 0.012436219, -0.01663458;
 0.027102068, -0.012323123, 0.99955672, -0.0029023543;
 0, 0, 0, 1]
Twc:
[0.99962461, -0.0040083295, 0.027102068, 0.0033467805;
 0.0043436, 0.99991465, -0.012323123, 0.016611883;
 -0.027050359, 0.012436219, 0.99955672, 0.0030176975;
 0, 0, 0, 1]
Ow:
[-0.0033360498;
 -0.01663458;
 -0.0029023543]
Keyframe: 4 Frame: 27 Frame from vFrameID : 28
Tcw:
[0.99953252, 0.0098444978, -0.028945956, -0.0030527324;
 -0.0094507504, 0.99986136, 0.013708357, -0.017767936;
 0.029076897, -0.013428386, 0.99948698, -0.0030931779;
 0, 0, 0, 1]
Twc:
[0.99953252, -0.0094507504, 0.029076897, 0.0029733251;
 0.0098444978, 0.99986136, -0.013428386, 0.017753989;
 -0.028945956, 0.013708357, 0.99948698, 0.0032467959;
 0, 0, 0, 1]
Ow:
[-0.0030527324;
 -0.017767936;
 -0.0030931779]
Keyframe: 5 Frame: 29 Frame from vFrameID : 30
Tcw:
[0.99943393, 0.0099701723, -0.032131732, -0.0039055562;
 -0.009723302, 0.9999221, 0.0078301802, -0.018769816;
 0.032207299, -0.0075133215, 0.99945295, -0.0025458969;
 0, 0, 0, 1]
Twc:
[0.99943393, -0.009723302, 0.032207299, 0.0038028373;
 0.0099701723, 0.9999221, -0.0075133215, 0.018788163;
 -0.032131732, 0.0078301802, 0.99945295, 0.002565983;
 0, 0, 0, 1]
Ow:
[-0.0039055562;
 -0.018769816;
 -0.0025458969]
Keyframe: 6 Frame: 31 Frame from vFrameID : 32
Tcw:
[0.99939007, 0.0096785538, -0.03355395, -0.0039833561;
 -0.0095611522, 0.99994761, 0.0036575699, -0.018950395;
 0.033587594, -0.0033345246, 0.99943024, -0.002998922;
 0, 0, 0, 1]
Twc:
[0.99939007, -0.0095611522, 0.033587594, 0.0039004651;
 0.0096785538, 0.99994761, -0.0033345246, 0.018977955;
 -0.03355395, 0.0036575699, 0.99943024, 0.0029328682;
 0, 0, 0, 1]
Ow:
[-0.0039833561;
 -0.018950395;
 -0.002998922]
Keyframe: 7 Frame: 33 Frame from vFrameID : 34
Tcw:
[0.99946541, 0.0061668917, -0.032107338, -0.0047653848;
 -0.0062298258, 0.99997884, -0.0018604458, -0.018578727;
 0.032095186, 0.0020594744, 0.99948269, -0.0044480865;
 0, 0, 0, 1]
Twc:
[0.99946541, -0.0062298258, 0.032095186, 0.0047898572;
 0.0061668917, 0.99997884, 0.0020594744, 0.018616881;
 -0.032107338, -0.0018604458, 0.99948269, 0.0042582173;
 0, 0, 0, 1]
Ow:
[-0.0047653848;
 -0.018578727;
 -0.0044480865]
Keyframe: 8 Frame: 35 Frame from vFrameID : 36
Tcw:
[0.99950039, 0.0058422498, -0.03106153, -0.0051054778;
 -0.0058322349, 0.99998289, 0.00041302317, -0.018006086;
 0.031063411, -0.00023165869, 0.99951738, -0.0044585904;
 0, 0, 0, 1]
Twc:
[0.99950039, -0.0058322349, 0.031063411, 0.0051364107;
 0.0058422498, 0.99998289, -0.00023165869, 0.018034574;
 -0.03106153, 0.00041302317, 0.99951738, 0.0043052915;
 0, 0, 0, 1]
Ow:
[-0.0051054778;
 -0.018006086;
 -0.0044585904]
Keyframe: 9 Frame: 37 Frame from vFrameID : 38
Tcw:
[0.9994989, 0.0052618529, -0.031213729, -0.0046954863;
 -0.0050131148, 0.99995512, 0.0080417814, -0.018103451;
 0.031254642, -0.0078812735, 0.99948037, -0.0040670279;
 0, 0, 0, 1]
Twc:
[0.9994989, -0.0050131148, 0.031254642, 0.0047294921;
 0.0052618529, 0.99995512, -0.0078812735, 0.01809529;
 -0.031213729, 0.0080417814, 0.99948037, 0.004063935;
 0, 0, 0, 1]
Ow:
[-0.0046954863;
 -0.018103451;
 -0.0040670279]
Keyframe: 10 Frame: 39 Frame from vFrameID : 40
Tcw:
[0.99957722, 0.0051275957, -0.028619898, -0.0047874409;
 -0.0047183274, 0.99988592, 0.014349396, -0.017706824;
 0.028690211, -0.014208292, 0.99948734, -0.0041813003;
 0, 0, 0, 1]
Twc:
[0.99957722, -0.0047183274, 0.028690211, 0.0048218328;
 0.0051275957, 0.99988592, -0.014208292, 0.017669942;
 -0.028619898, 0.014349396, 0.99948734, 0.0042962232;
 0, 0, 0, 1]
Ow:
[-0.0047874409;
 -0.017706824;
 -0.0041813003]
Keyframe: 11 Frame: 41 Frame from vFrameID : 42
Tcw:
[0.99961746, 0.0059046852, -0.02702046, -0.0053508445;
 -0.0054154769, 0.99982077, 0.018142607, -0.017861692;
 0.027122742, -0.017989337, 0.99947023, -0.0039747609;
 0, 0, 0, 1]
Twc:
[0.99961746, -0.0054154769, 0.027122742, 0.0053598746;
 0.0059046852, 0.99982077, -0.017989337, 0.017818581;
 -0.02702046, 0.018142607, 0.99947023, 0.0041521308;
 0, 0, 0, 1]
Ow:
[-0.0053508445;
 -0.017861692;
 -0.0039747609]
Keyframe: 12 Frame: 44 Frame from vFrameID : 45
Tcw:
[0.99964267, 0.00096594013, -0.026713483, -0.0080658849;
 -0.00040228298, 0.99977732, 0.021097429, -0.018323734;
 0.026727913, -0.021079144, 0.99942046, -0.0021174974;
 0, 0, 0, 1]
Twc:
[0.99964267, -0.00040228298, 0.026727913, 0.0081122275;
 0.00096594013, 0.99977732, -0.021079144, 0.018282812;
 -0.026713483, 0.021097429, 0.99942046, 0.0022873862;
 0, 0, 0, 1]
Ow:
[-0.0080658849;
 -0.018323734;
 -0.0021174974]
Keyframe: 13 Frame: 47 Frame from vFrameID : 48
Tcw:
[0.99954158, -0.0046517616, -0.029915474, -0.0090877982;
 0.0051962528, 0.99982178, 0.018149085, -0.018163783;
 0.029825717, -0.018296214, 0.99938762, -0.0017342177;
 0, 0, 0, 1]
Twc:
[0.99954158, 0.0051962528, 0.029825717, 0.0092297411;
 -0.0046517616, 0.99982178, -0.018296214, 0.018086545;
 -0.029915474, 0.018149085, 0.99938762, 0.0017909461;
 0, 0, 0, 1]
Ow:
[-0.0090877982;
 -0.018163783;
 -0.0017342177]
Keyframe: 14 Frame: 50 Frame from vFrameID : 51
Tcw:
[0.99966359, -0.001644939, -0.025883708, -0.009028621;
 0.002089273, 0.99985075, 0.017148882, -0.017087722;
 0.025851637, -0.017197192, 0.99951786, -0.002616782;
 0, 0, 0, 1]
Twc:
[0.99966359, 0.002089273, 0.025851637, 0.0091289338;
 -0.001644939, 0.99985075, -0.017197192, 0.017025318;
 -0.025883708, 0.017148882, 0.99951786, 0.0026748613;
 0, 0, 0, 1]
Ow:
[-0.009028621;
 -0.017087722;
 -0.002616782]
Keyframe: 15 Frame: 53 Frame from vFrameID : 54
Tcw:
[0.99988294, -0.0036113218, -0.014870124, -0.010882102;
 0.0038672911, 0.99984425, 0.017221047, -0.016684184;
 0.014805617, -0.017276539, 0.99974114, -0.0018385246;
 0, 0, 0, 1]
Twc:
[0.99988294, 0.0038672911, 0.014805617, 0.01097257;
 -0.0036113218, 0.99984425, -0.017276539, 0.016610522;
 -0.014870124, 0.017221047, 0.99974114, 0.0019635495;
 0, 0, 0, 1]
Ow:
[-0.010882102;
 -0.016684184;
 -0.0018385246]
Keyframe: 16 Frame: 56 Frame from vFrameID : 57
Tcw:
[0.99999946, 0.00075071352, 0.00067240855, -0.01038829;
 -0.00076136296, 0.99987203, 0.015980041, -0.015945848;
 -0.0006603261, -0.015980544, 0.99987209, -0.0015802376;
 0, 0, 0, 1]
Twc:
[0.99999946, -0.00076136296, -0.0006603261, 0.0103751;
 0.00075071352, 0.99987203, -0.015980544, 0.015926352;
 0.00067240855, 0.015980041, 0.99987209, 0.001841836;
 0, 0, 0, 1]
Ow:
[-0.01038829;
 -0.015945848;
 -0.0015802376]
Keyframe: 17 Frame: 59 Frame from vFrameID : 60
Tcw:
[0.99987364, 0.0024001691, 0.015715176, -0.012624116;
 -0.0027041398, 0.99980909, 0.01934991, -0.015858063;
 -0.015665732, -0.019389961, 0.99968928, -0.0020272685;
 0, 0, 0, 1]
Twc:
[0.99987364, -0.0027041398, -0.015665732, 0.012547879;
 0.0024001691, 0.99980909, -0.019389961, 0.015846029;
 0.015715176, 0.01934991, 0.99968928, 0.0025318807;
 0, 0, 0, 1]
Ow:
[-0.012624116;
 -0.015858063;
 -0.0020272685]
Keyframe: 18 Frame: 62 Frame from vFrameID : 63
Tcw:
[0.99976379, -0.0026967188, 0.021565938, -0.013063308;
 0.0021818369, 0.99971288, 0.023862768, -0.015732039;
 -0.021624098, -0.023810077, 0.99948263, -0.0025268206;
 0, 0, 0, 1]
Twc:
[0.99976379, 0.0021818369, -0.021624098, 0.013039907;
 -0.0026967188, 0.99971288, -0.023810077, 0.01563213;
 0.021565938, 0.023862768, 0.99948263, 0.0031826457;
 0, 0, 0, 1]
Ow:
[-0.013063308;
 -0.015732039;
 -0.0025268206]
Keyframe: 19 Frame: 65 Frame from vFrameID : 66
Tcw:
[0.99983549, -0.0030469466, 0.0178815, -0.013536116;
 0.0024038306, 0.99935329, 0.035877366, -0.014246091;
 -0.017979253, -0.035828479, 0.99919623, -0.0061235987;
 0, 0, 0, 1]
Twc:
[0.99983549, 0.0024038306, -0.017979253, 0.013458036;
 -0.0030469466, 0.99935329, -0.035828479, 0.013976236;
 0.0178815, 0.035877366, 0.99919623, 0.0068718349;
 0, 0, 0, 1]
Ow:
[-0.013536116;
 -0.014246091;
 -0.0061235987]
Keyframe: 20 Frame: 68 Frame from vFrameID : 69
Tcw:
[0.99992025, -0.002412389, 0.012396773, -0.012483248;
 0.0018744838, 0.99906379, 0.043220617, -0.015480643;
 -0.012489432, -0.043193933, 0.99898863, -0.005608507;
 0, 0, 0, 1]
Twc:
[0.99992025, 0.0018744838, -0.012489432, 0.012441223;
 -0.002412389, 0.99906379, -0.043193933, 0.015193782;
 0.012396773, 0.043220617, 0.99898863, 0.0064266697;
 0, 0, 0, 1]
Ow:
[-0.012483248;
 -0.015480643;
 -0.005608507]
Keyframe: 21 Frame: 72 Frame from vFrameID : 73
Tcw:
[0.99992609, 0.0072222985, -0.0097792372, -0.0086123925;
 -0.0070765722, 0.99986464, 0.014855073, -0.017479399;
 0.0098852012, -0.014784772, 0.99984181, -0.0095672999;
 0, 0, 0, 1]
Twc:
[0.99992609, -0.0070765722, 0.0098852012, 0.0085826367;
 0.0072222985, 0.99986464, -0.014784772, 0.017397782;
 -0.0097792372, 0.014855073, 0.99984181, 0.0097412225;
 0, 0, 0, 1]
Ow:
[-0.0086123925;
 -0.017479399;
 -0.0095672999]
Keyframe: 22 Frame: 76 Frame from vFrameID : 77
Tcw:
[0.9999662, 0.0039495453, -0.0072110454, -0.006330586;
 -0.0038971829, 0.99996603, 0.0072610709, -0.01878571;
 0.0072394782, -0.0072327224, 0.99994767, -0.016085474;
 0, 0, 0, 1]
Twc:
[0.9999662, -0.0038971829, 0.0072394782, 0.0063736117;
 0.0039495453, 0.99996603, -0.0072327224, 0.018693732;
 -0.0072110454, 0.0072610709, 0.99994767, 0.016175384;
 0, 0, 0, 1]
Ow:
[-0.006330586;
 -0.01878571;
 -0.016085474]
Keyframe: 23 Frame: 80 Frame from vFrameID : 81
Tcw:
[0.99999279, 0.0027510223, -0.0026134779, -0.0051461519;
 -0.0027098306, 0.99987406, 0.015636209, -0.020016482;
 0.0026561643, -0.015629016, 0.99987435, -0.018257068;
 0, 0, 0, 1]
Twc:
[0.99999279, -0.0027098306, 0.0026561643, 0.0051403674;
 0.0027510223, 0.99987406, -0.015629016, 0.019742779;
 -0.0026134779, 0.015636209, 0.99987435, 0.018554308;
 0, 0, 0, 1]
Ow:
[-0.0051461519;
 -0.020016482;
 -0.018257068]
Keyframe: 24 Frame: 84 Frame from vFrameID : 85
Tcw:
[0.99966735, 0.024745878, 0.0072707203, 0.0029432257;
 -0.024693741, 0.99966931, -0.0071751405, -0.020910958;
 -0.0074458714, 0.0069932123, 0.99994785, -0.019692762;
 0, 0, 0, 1]
Twc:
[0.99966735, -0.024693741, -0.0074458714, -0.0036052461;
 0.024745878, 0.99966931, 0.0069932123, 0.020968927;
 0.0072707203, -0.0071751405, 0.99994785, 0.019520296;
 0, 0, 0, 1]
Ow:
[0.0029432257;
 -0.020910958;
 -0.019692762]
Keyframe: 25 Frame: 88 Frame from vFrameID : 89
Tcw:
[0.99912614, 0.022499878, 0.035223708, 0.0012964241;
 -0.022745477, 0.99971956, 0.0065873954, -0.019362155;
 -0.035065614, -0.007382819, 0.99935776, -0.02327117;
 0, 0, 0, 1]
Twc:
[0.99912614, -0.022745477, -0.035065614, -0.0025517105;
 0.022499878, 0.99971956, -0.007382819, 0.01915575;
 0.035223708, 0.0065873954, 0.99935776, 0.023338104;
 0, 0, 0, 1]
Ow:
[0.0012964241;
 -0.019362155;
 -0.02327117]
Keyframe: 26 Frame: 92 Frame from vFrameID : 93
Tcw:
[0.9988004, 0.012554003, 0.04733086, -0.0038070667;
 -0.012793234, 0.99990684, 0.0047548912, -0.020507837;
 -0.047266759, -0.005354702, 0.99886793, -0.018263252;
 0, 0, 0, 1]
Twc:
[0.9988004, -0.012793234, -0.047266759, 0.0026768933;
 0.012554003, 0.99990684, -0.005354702, 0.020455927;
 0.04733086, 0.0047548912, 0.99886793, 0.018520283;
 0, 0, 0, 1]
Ow:
[-0.0038070667;
 -0.020507837;
 -0.018263252]
Keyframe: 27 Frame: 96 Frame from vFrameID : 97
Tcw:
[0.99919844, 0.0016283194, 0.0399983, -0.0045699417;
 -0.00092811947, 0.9998461, -0.017518077, -0.019958999;
 -0.040020671, 0.017466912, 0.99904615, -0.017919423;
 0, 0, 0, 1]
Twc:
[0.99919844, -0.00092811947, -0.040020671, 0.003830607;
 0.0016283194, 0.9998461, 0.017466912, 0.020276366;
 0.0399983, -0.017518077, 0.99904615, 0.017735478;
 0, 0, 0, 1]
Ow:
[-0.0045699417;
 -0.019958999;
 -0.017919423]
Keyframe: 28 Frame: 100 Frame from vFrameID : 101
Tcw:
[0.99868125, -0.018226383, 0.047995009, -0.012692916;
 0.018228695, 0.99983376, 0.00038954205, -0.020409781;
 -0.047994129, 0.00048585804, 0.99884748, -0.011636028;
 0, 0, 0, 1]
Twc:
[0.99868125, 0.018228695, -0.047994129, 0.012489761;
 -0.018226383, 0.99983376, 0.00048585804, 0.020180695;
 0.047995009, 0.00038954205, 0.99884748, 0.012239765;
 0, 0, 0, 1]
Ow:
[-0.012692916;
 -0.020409781;
 -0.011636028]
Keyframe: 29 Frame: 104 Frame from vFrameID : 105
Tcw:
[0.99773139, -0.035036854, 0.057484839, -0.015391002;
 0.034070395, 0.99926257, 0.017707514, -0.017561659;
 -0.058062863, -0.01570881, 0.99818933, -0.010593764;
 0, 0, 0, 1]
Twc:
[0.99773139, 0.034070395, -0.058062863, 0.015339314;
 -0.035036854, 0.99926257, -0.01570881, 0.01684304;
 0.057484839, 0.017707514, 0.99818933, 0.011770305;
 0, 0, 0, 1]
Ow:
[-0.015391002;
 -0.017561659;
 -0.010593764]
Keyframe: 30 Frame: 108 Frame from vFrameID : 109
Tcw:
[0.99756306, -0.02691542, 0.064370237, -0.010733682;
 0.025647106, 0.99946189, 0.020449378, -0.018147439;
 -0.064886004, -0.018748634, 0.99771655, -0.0068781776;
 0, 0, 0, 1]
Twc:
[0.99756306, 0.025647106, -0.064886004, 0.010726656;
 -0.02691542, 0.99946189, -0.018748634, 0.017719815;
 0.064370237, 0.020449378, 0.99771655, 0.0079245055;
 0, 0, 0, 1]
Ow:
[-0.010733682;
 -0.018147439;
 -0.0068781776]
Keyframe: 31 Frame: 112 Frame from vFrameID : 113
Tcw:
[0.99728817, 0.0028767951, 0.073539145, -0.0078810323;
 -0.0035932823, 0.99994737, 0.0096124895, -0.015549206;
 -0.073507622, -0.0098506697, 0.99724603, -0.0016923584;
 0, 0, 0, 1]
Twc:
[0.99728817, -0.0035932823, -0.073507622, 0.007679387;
 0.0028767951, 0.99994737, -0.0098506697, 0.015554388;
 0.073539145, 0.0096124895, 0.99724603, 0.0024167288;
 0, 0, 0, 1]
Ow:
[-0.0078810323;
 -0.015549206;
 -0.0016923584]
Keyframe: 32 Frame: 115 Frame from vFrameID : 116
Tcw:
[0.9970243, -0.020932328, 0.074191429, -0.019280173;
 0.019857902, 0.99968743, 0.015190068, -0.016902827;
 -0.074486196, -0.01367158, 0.99712831, -6.2794541e-05;
 0, 0, 0, 1]
Twc:
[0.9970243, 0.019857902, -0.074486196, 0.019553779;
 -0.020932328, 0.99968743, -0.01367158, 0.016493106;
 0.074191429, 0.015190068, 0.99712831, 0.0017497928;
 0, 0, 0, 1]
Ow:
[-0.019280173;
 -0.016902827;
 -6.2794541e-05]
Keyframe: 33 Frame: 119 Frame from vFrameID : 120
Tcw:
[0.99739599, -0.050193243, 0.051786937, -0.020758597;
 0.047886122, 0.99784452, 0.044868965, -0.015958784;
 -0.053927429, -0.042272251, 0.99764967, -0.0013619023;
 0, 0, 0, 1]
Twc:
[0.99739599, 0.047886122, -0.053927429, 0.021395301;
 -0.050193243, 0.99784452, -0.042272251, 0.014824872;
 0.051786937, 0.044868965, 0.99764967, 0.0031497797;
 0, 0, 0, 1]
Ow:
[-0.020758597;
 -0.015958784;
 -0.0013619023]
Keyframe: 34 Frame: 123 Frame from vFrameID : 124
Tcw:
[0.99820167, -0.045938849, 0.038510688, -0.017943246;
 0.044187389, 0.99800205, 0.045159951, -0.01470748;
 -0.040508341, -0.043377049, 0.99823719, 0.0045396881;
 0, 0, 0, 1]
Twc:
[0.99820167, 0.044187389, -0.040508341, 0.018744759;
 -0.045938849, 0.99800205, -0.043377049, 0.01405072;
 0.038510688, 0.045159951, 0.99823719, -0.0031764896;
 0, 0, 0, 1]
Ow:
[-0.017943246;
 -0.01470748;
 0.0045396881]
Keyframe: 35 Frame: 128 Frame from vFrameID : 129
Tcw:
[0.99869496, -0.049735297, 0.011608048, -0.013640069;
 0.049423646, 0.99844599, 0.025746148, -0.012036855;
 -0.012870502, -0.025138836, 0.99960113, 0.0077508865;
 0, 0, 0, 1]
Twc:
[0.99869496, 0.049423646, -0.012870502, 0.014316932;
 -0.049735297, 0.99844599, -0.025138836, 0.011534606;
 0.011608048, 0.025746148, 0.99960113, -0.0072795572;
 0, 0, 0, 1]
Ow:
[-0.013640069;
 -0.012036855;
 0.0077508865]
Keyframe: 36 Frame: 133 Frame from vFrameID : 134
Tcw:
[0.9977079, -0.059720211, -0.0318195, -0.011089201;
 0.060845837, 0.99750978, 0.035666119, -0.011360351;
 0.029610274, -0.037520453, 0.99885708, 0.013792389;
 0, 0, 0, 1]
Twc:
[0.9977079, 0.060845837, 0.029610274, 0.011346617;
 -0.059720211, 0.99750978, -0.037520453, 0.011187308;
 -0.0318195, 0.035666119, 0.99885708, -0.013724298;
 0, 0, 0, 1]
Ow:
[-0.011089201;
 -0.011360351;
 0.013792389]
Keyframe: 37 Frame: 138 Frame from vFrameID : 139
Tcw:
[0.99461681, -0.037249312, -0.096694753, 0.0068658805;
 0.041031543, 0.99845666, 0.037425388, -0.0057382779;
 0.095151454, -0.041191455, 0.99461019, 0.026466705;
 0, 0, 0, 1]
Twc:
[0.99461681, 0.041031543, 0.095151454, -0.0091118151;
 -0.037249312, 0.99845666, -0.041191455, 0.007075374;
 -0.096694753, 0.037425388, 0.99461019, -0.025445404;
 0, 0, 0, 1]
Ow:
[0.0068658805;
 -0.0057382779;
 0.026466705]
Keyframe: 38 Frame: 143 Frame from vFrameID : 144
Tcw:
[0.99103653, -0.038814712, -0.12782815, 0.010652376;
 0.043523196, 0.99846518, 0.034248624, -0.0046857526;
 0.1263026, -0.039505128, 0.9912048, 0.037027769;
 0, 0, 0, 1]
Twc:
[0.99103653, 0.043523196, 0.1263026, -0.015029659;
 -0.038814712, 0.99846518, -0.039505128, 0.0065548168;
 -0.12782815, 0.034248624, 0.9912048, -0.03517995;
 0, 0, 0, 1]
Ow:
[0.010652376;
 -0.0046857526;
 0.037027769]
Keyframe: 39 Frame: 148 Frame from vFrameID : 149
Tcw:
[0.99210578, -0.044097301, -0.11739478, 0.014293261;
 0.049026851, 0.9980185, 0.039438728, -0.0017468553;
 0.11542302, -0.044882886, 0.99230188, 0.049242686;
 0, 0, 0, 1]
Twc:
[0.99210578, 0.049026851, 0.11542302, -0.019778525;
 -0.044097301, 0.9980185, -0.044882886, 0.0045838421;
 -0.11739478, 0.039438728, 0.99230188, -0.047116764;
 0, 0, 0, 1]
Ow:
[0.014293261;
 -0.0017468553;
 0.049242686]
Keyframe: 40 Frame: 154 Frame from vFrameID : 155
Tcw:
[0.99219924, -0.0436887, -0.11675622, 0.018628279;
 0.046995487, 0.99856395, 0.025719622, 0.0025597122;
 0.11546489, -0.031006005, 0.99282753, 0.06577003;
 0, 0, 0, 1]
Twc:
[0.99219924, 0.046995487, 0.11546489, -0.026197387;
 -0.0436887, 0.99856395, -0.031006005, 0.0002970745;
 -0.11675622, 0.025719622, 0.99282753, -0.063189156;
 0, 0, 0, 1]
Ow:
[0.018628279;
 0.0025597122;
 0.06577003]
Keyframe: 41 Frame: 159 Frame from vFrameID : 160
Tcw:
[0.99488163, -0.042331044, -0.091752917, 0.019624814;
 0.044697359, 0.99871486, 0.023889596, 0.0053267367;
 0.090623736, -0.027868435, 0.9954952, 0.07527858;
 0, 0, 0, 1]
Twc:
[0.99488163, 0.044697359, 0.090623736, -0.026584486;
 -0.042331044, 0.99871486, -0.027868435, -0.0023912566;
 -0.091752917, 0.023889596, 0.9954952, -0.073266082;
 0, 0, 0, 1]
Ow:
[0.019624814;
 0.0053267367;
 0.07527858]
Keyframe: 42 Frame: 164 Frame from vFrameID : 165
Tcw:
[0.99458694, -0.033486951, -0.098363988, 0.025345758;
 0.037156593, 0.99867105, 0.035714418, 0.0084392214;
 0.0970373, -0.039175965, 0.99450946, 0.088460781;
 0, 0, 0, 1]
Twc:
[0.99458694, 0.037156593, 0.0970373, -0.034106128;
 -0.033486951, 0.99867105, -0.039175965, -0.0041137175;
 -0.098363988, 0.035714418, 0.99450946, -0.08578337;
 0, 0, 0, 1]
Ow:
[0.025345758;
 0.0084392214;
 0.088460781]
Keyframe: 43 Frame: 170 Frame from vFrameID : 171
Tcw:
[0.9929114, -0.024343634, -0.11633708, 0.032546647;
 0.028800605, 0.9989081, 0.036784451, 0.012671292;
 0.11531459, -0.039874282, 0.99252838, 0.10058045;
 0, 0, 0, 1]
Twc:
[0.9929114, 0.028800605, 0.11531459, -0.04427927;
 -0.024343634, 0.9989081, -0.039874282, -0.007854579;
 -0.11633708, 0.036784451, 0.99252838, -0.096508674;
 0, 0, 0, 1]
Ow:
[0.032546647;
 0.012671292;
 0.10058045]
Keyframe: 44 Frame: 176 Frame from vFrameID : 177
Tcw:
[0.99279958, -0.0085359216, -0.11948273, 0.039122239;
 0.014148848, 0.99883163, 0.046207696, 0.013607662;
 0.11894871, -0.047565524, 0.99176043, 0.10862213;
 0, 0, 0, 1]
Twc:
[0.99279958, 0.014148848, 0.11894871, -0.051953536;
 -0.0085359216, 0.99883163, -0.047565524, -0.0080911517;
 -0.11948273, 0.046207696, 0.99176043, -0.10368147;
 0, 0, 0, 1]
Ow:
[0.039122239;
 0.013607662;
 0.10862213]
Keyframe: 45 Frame: 181 Frame from vFrameID : 182
Tcw:
[0.99396956, -0.012970068, -0.10888679, 0.045339681;
 0.018304586, 0.99867308, 0.048135705, 0.016859867;
 0.10811798, -0.049838554, 0.99288803, 0.11926772;
 0, 0, 0, 1]
Twc:
[0.99396956, 0.018304586, 0.10811798, -0.058269858;
 -0.012970068, 0.99867308, -0.049838554, -0.010305307;
 -0.10888679, 0.048135705, 0.99288803, -0.11429416;
 0, 0, 0, 1]
Ow:
[0.045339681;
 0.016859867;
 0.11926772]
Keyframe: 46 Frame: 187 Frame from vFrameID : 188
Tcw:
[0.99636215, -0.00272004, -0.085176453, 0.047876529;
 0.0069168224, 0.99877405, 0.049015362, 0.020377994;
 0.084938705, -0.049426202, 0.99515951, 0.13188358;
 0, 0, 0, 1]
Twc:
[0.99636215, 0.0069168224, 0.084938705, -0.059045333;
 -0.00272004, 0.99877405, -0.049426202, -0.01370428;
 -0.085176453, 0.049015362, 0.99515951, -0.12816608;
 0, 0, 0, 1]
Ow:
[0.047876529;
 0.020377994;
 0.13188358]
Keyframe: 47 Frame: 194 Frame from vFrameID : 195
Tcw:
[0.99997258, 0.0061814459, -0.0040799039, 0.051148906;
 -0.0058947401, 0.99774277, 0.066892408, 0.023953702;
 0.0044841864, -0.066866525, 0.99775183, 0.15251473;
 0, 0, 0, 1]
Twc:
[0.99997258, -0.0058947401, 0.0044841864, -0.051690206;
 0.0061814459, 0.99774277, -0.066866525, -0.014017677;
 -0.0040799039, 0.066892408, 0.99775183, -0.1535655;
 0, 0, 0, 1]
Ow:
[0.051148906;
 0.023953702;
 0.15251473]
Keyframe: 48 Frame: 201 Frame from vFrameID : 202
Tcw:
[0.99970537, 0.023867887, -0.004417079, 0.056322657;
 -0.023492964, 0.99718338, 0.071227372, 0.028561223;
 0.0061046849, -0.071102612, 0.99745035, 0.1680375;
 0, 0, 0, 1]
Twc:
[0.99970537, -0.023492964, 0.0061046849, -0.056660887;
 0.023867887, 0.99718338, -0.071102612, -0.017877176;
 -0.004417079, 0.071227372, 0.99745035, -0.16939461;
 0, 0, 0, 1]
Ow:
[0.056322657;
 0.028561223;
 0.1680375]
Keyframe: 49 Frame: 206 Frame from vFrameID : 207
Tcw:
[0.99922419, 0.031354833, -0.023831878, 0.059311058;
 -0.029608272, 0.99707884, 0.070407368, 0.031436227;
 0.025969872, -0.069647118, 0.99723357, 0.17686066;
 0, 0, 0, 1]
Twc:
[0.99922419, -0.029608272, 0.025969872, -0.062927313;
 0.031354833, 0.99707884, -0.069647118, -0.02088625;
 -0.023831878, 0.070407368, 0.99723357, -0.17717125;
 0, 0, 0, 1]
Ow:
[0.059311058;
 0.031436227;
 0.17686066]
Keyframe: 50 Frame: 212 Frame from vFrameID : 213
Tcw:
[0.99745286, 0.025626838, -0.066566378, 0.063355833;
 -0.021591716, 0.99792582, 0.060645703, 0.033193953;
 0.067982465, -0.05905395, 0.99593723, 0.19006479;
 0, 0, 0, 1]
Twc:
[0.99745286, -0.021591716, 0.067982465, -0.07539881;
 0.025626838, 0.99792582, -0.05905395, -0.023524633;
 -0.066566378, 0.060645703, 0.99593723, -0.18708831;
 0, 0, 0, 1]
Ow:
[0.063355833;
 0.033193953;
 0.19006479]
Keyframe: 51 Frame: 218 Frame from vFrameID : 219
Tcw:
[0.99881107, -0.013266027, -0.046908502, 0.069380417;
 0.016519228, 0.99743408, 0.069659017, 0.037024464;
 0.045864042, -0.070351094, 0.99646735, 0.20791245;
 0, 0, 0, 1]
Twc:
[0.99881107, 0.016519228, 0.045864042, -0.079445258;
 -0.013266027, 0.99743408, -0.070351094, -0.02138219;
 -0.046908502, 0.069659017, 0.99646735, -0.20650253;
 0, 0, 0, 1]
Ow:
[0.069380417;
 0.037024464;
 0.20791245]
Keyframe: 52 Frame: 225 Frame from vFrameID : 226
Tcw:
[0.99953008, -0.030308334, 0.0045807888, 0.073310539;
 0.029918401, 0.99714631, 0.069311708, 0.041710727;
 -0.0066684391, -0.069142088, 0.99758452, 0.22766198;
 0, 0, 0, 1]
Twc:
[0.99953008, 0.029918401, -0.0066684391, -0.073005863;
 -0.030308334, 0.99714631, -0.069142088, -0.023628751;
 0.0045807888, 0.069311708, 0.99758452, -0.23033893;
 0, 0, 0, 1]
Ow:
[0.073310539;
 0.041710727;
 0.22766198]
Keyframe: 53 Frame: 231 Frame from vFrameID : 232
Tcw:
[0.99920237, -0.034346104, 0.020371694, 0.076844633;
 0.032576192, 0.99613005, 0.081631646, 0.044290874;
 -0.023096586, -0.080902897, 0.99645436, 0.24506815;
 0, 0, 0, 1]
Twc:
[0.99920237, 0.032576192, -0.023096586, -0.072565928;
 -0.034346104, 0.99613005, -0.080902897, -0.021653432;
 0.020371694, 0.081631646, 0.99645436, -0.24938022;
 0, 0, 0, 1]
Ow:
[0.076844633;
 0.044290874;
 0.24506815]
Keyframe: 54 Frame: 237 Frame from vFrameID : 238
Tcw:
[0.99924856, -0.033949003, -0.018701347, 0.080832832;
 0.034786299, 0.99831557, 0.04643216, 0.048099518;
 0.017093519, -0.04704782, 0.9987464, 0.2643716;
 0, 0, 0, 1]
Twc:
[0.99924856, 0.034786299, 0.017093519, -0.086964339;
 -0.033949003, 0.99831557, -0.04704782, -0.032836195;
 -0.018701347, 0.04643216, 0.9987464, -0.26476187;
 0, 0, 0, 1]
Ow:
[0.080832832;
 0.048099518;
 0.2643716]
Keyframe: 55 Frame: 244 Frame from vFrameID : 245
Tcw:
[0.99819177, -0.032514263, -0.050556742, 0.088557228;
 0.034096733, 0.99894506, 0.03075978, 0.048801251;
 0.049503274, -0.032427978, 0.99824739, 0.28045458;
 0, 0, 0, 1]
Twc:
[0.99819177, 0.034096733, 0.049503274, -0.10394448;
 -0.032514263, 0.99894506, -0.032427978, -0.03677582;
 -0.050556742, 0.03075978, 0.99824739, -0.27698699;
 0, 0, 0, 1]
Ow:
[0.088557228;
 0.048801251;
 0.28045458]
Keyframe: 56 Frame: 250 Frame from vFrameID : 251
Tcw:
[0.99841613, -0.016744008, -0.053711366, 0.094269142;
 0.019055283, 0.99890143, 0.042811956, 0.050397072;
 0.052935515, -0.043767631, 0.99763834, 0.29427162;
 0, 0, 0, 1]
Twc:
[0.99841613, 0.019055283, 0.052935515, -0.11065758;
 -0.016744008, 0.99890143, -0.043767631, -0.035883691;
 -0.053711366, 0.042811956, 0.99763834, -0.2906709;
 0, 0, 0, 1]
Ow:
[0.094269142;
 0.050397072;
 0.29427162]
Keyframe: 57 Frame: 256 Frame from vFrameID : 257
Tcw:
[0.99831545, -0.021593887, -0.053851023, 0.10029545;
 0.023008768, 0.99940246, 0.025793852, 0.052434154;
 0.053261857, -0.026989447, 0.99821579, 0.3120487;
 0, 0, 0, 1]
Twc:
[0.99831545, 0.023008768, 0.053261857, -0.11795325;
 -0.021593887, 0.99940246, -0.026989447, -0.041815031;
 -0.053851023, 0.025793852, 0.99821579, -0.30744341;
 0, 0, 0, 1]
Ow:
[0.10029545;
 0.052434154;
 0.3120487]
Keyframe: 58 Frame: 262 Frame from vFrameID : 263
Tcw:
[0.99821591, -0.040536374, -0.043838333, 0.10585655;
 0.040780153, 0.99915719, 0.0046805907, 0.05330389;
 0.043611653, -0.0064599742, 0.99902767, 0.32868803;
 0, 0, 0, 1]
Twc:
[0.99821591, 0.040780153, 0.043611653, -0.12217606;
 -0.040536374, 0.99915719, -0.0064599742, -0.046844605;
 -0.043838333, 0.0046805907, 0.99902767, -0.32397735;
 0, 0, 0, 1]
Ow:
[0.10585655;
 0.05330389;
 0.32868803]
Keyframe: 59 Frame: 265 Frame from vFrameID : 266
Tcw:
[0.9983862, -0.052296422, -0.022136379, 0.10843527;
 0.052569687, 0.99854577, 0.011947746, 0.054993704;
 0.021479364, -0.013092169, 0.99968356, 0.33799604;
 0, 0, 0, 1]
Twc:
[0.9983862, 0.052569687, 0.021479364, -0.11841122;
 -0.052296422, 0.99854577, -0.013092169, -0.044817854;
 -0.022136379, 0.011947746, 0.99968356, -0.33614576;
 0, 0, 0, 1]
Ow:
[0.10843527;
 0.054993704;
 0.33799604]
Keyframe: 60 Frame: 270 Frame from vFrameID : 271
Tcw:
[0.99859983, -0.050324172, -0.016303821, 0.11337858;
 0.05050071, 0.99866772, 0.010603392, 0.058618911;
 0.015748493, -0.0114119, 0.99981087, 0.35213593;
 0, 0, 0, 1]
Twc:
[0.99859983, 0.05050071, 0.015748493, -0.12172575;
 -0.050324172, 0.99866772, -0.0114119, -0.048816592;
 -0.016303821, 0.010603392, 0.99981087, -0.35084236;
 0, 0, 0, 1]
Ow:
[0.11337858;
 0.058618911;
 0.35213593]
Keyframe: 61 Frame: 275 Frame from vFrameID : 276
Tcw:
[0.99826151, -0.037784483, -0.045236234, 0.11872834;
 0.038101833, 0.99925476, 0.0061736009, 0.063327782;
 0.044969257, -0.0078864517, 0.99895722, 0.36906824;
 0, 0, 0, 1]
Twc:
[0.99826151, 0.038101833, 0.044969257, -0.13753156;
 -0.037784483, 0.99925476, -0.0078864517, -0.055883862;
 -0.045236234, 0.0061736009, 0.99895722, -0.36370352;
 0, 0, 0, 1]
Ow:
[0.11872834;
 0.063327782;
 0.36906824]
Keyframe: 62 Frame: 280 Frame from vFrameID : 281
Tcw:
[0.99568582, -0.042984977, -0.082231633, 0.12444668;
 0.044666767, 0.9988265, 0.018721903, 0.065262966;
 0.081330374, -0.022314155, 0.99643737, 0.38361749;
 0, 0, 0, 1]
Twc:
[0.99568582, 0.044666767, 0.081330374, -0.15802462;
 -0.042984977, 0.9988265, -0.022314155, -0.051276945;
 -0.082231633, 0.018721903, 0.99643737, -0.37323922;
 0, 0, 0, 1]
Ow:
[0.12444668;
 0.065262966;
 0.38361749]
Keyframe: 63 Frame: 283 Frame from vFrameID : 284
Tcw:
[0.99533165, -0.041228574, -0.087264381, 0.12799807;
 0.042522449, 0.99901068, 0.013019684, 0.066016234;
 0.086641267, -0.016669597, 0.99610013, 0.3906973;
 0, 0, 0, 1]
Twc:
[0.99533165, 0.042522449, 0.086641267, -0.16405821;
 -0.041228574, 0.99901068, -0.016669597, -0.054160979;
 -0.087264381, 0.013019684, 0.99610013, -0.37886345;
 0, 0, 0, 1]
Ow:
[0.12799807;
 0.066016234;
 0.3906973]
Keyframe: 64 Frame: 288 Frame from vFrameID : 289
Tcw:
[0.99652445, -0.023908559, -0.079796158, 0.13244185;
 0.026078824, 0.99931473, 0.026267068, 0.069121808;
 0.079113469, -0.028256766, 0.99646509, 0.40526304;
 0, 0, 0, 1]
Twc:
[0.99652445, 0.026078824, 0.079113469, -0.16584592;
 -0.023908559, 0.99931473, -0.028256766, -0.054456525;
 -0.079796158, 0.026267068, 0.99646509, -0.39507774;
 0, 0, 0, 1]
Ow:
[0.13244185;
 0.069121808;
 0.40526304]
Keyframe: 65 Frame: 292 Frame from vFrameID : 293
Tcw:
[0.99598837, -0.038899202, -0.080585763, 0.13522533;
 0.040357653, 0.99904823, 0.016548466, 0.072333597;
 0.079865344, -0.01973433, 0.99661028, 0.41552368;
 0, 0, 0, 1]
Twc:
[0.99598837, 0.040357653, 0.079865344, -0.170788;
 -0.038899202, 0.99904823, -0.01973433, -0.058804519;
 -0.080585763, 0.016548466, 0.99661028, -0.40441495;
 0, 0, 0, 1]
Ow:
[0.13522533;
 0.072333597;
 0.41552368]
Keyframe: 66 Frame: 296 Frame from vFrameID : 297
Tcw:
[0.99674857, -0.045549043, -0.066465259, 0.13673195;
 0.046875037, 0.99872893, 0.018528197, 0.074558102;
 0.065536834, -0.021583514, 0.99761671, 0.42950571;
 0, 0, 0, 1]
Twc:
[0.99674857, 0.046875037, 0.065536834, -0.16793072;
 -0.045549043, 0.99872893, -0.021583514, -0.058965079;
 -0.066465259, 0.018528197, 0.99761671, -0.42077556;
 0, 0, 0, 1]
Ow:
[0.13673195;
 0.074558102;
 0.42950571]
Keyframe: 67 Frame: 301 Frame from vFrameID : 302
Tcw:
[0.99770075, -0.054533504, -0.04024082, 0.13925789;
 0.055342127, 0.99828166, 0.019261099, 0.075094871;
 0.039121296, -0.021443825, 0.99900436, 0.43824583;
 0, 0, 0, 1]
Twc:
[0.99770075, 0.055342127, 0.039121296, -0.16023836;
 -0.054533504, 0.99828166, -0.021443825, -0.057973944;
 -0.04024082, 0.019261099, 0.99900436, -0.43365204;
 0, 0, 0, 1]
Ow:
[0.13925789;
 0.075094871;
 0.43824583]
Keyframe: 68 Frame: 305 Frame from vFrameID : 306
Tcw:
[0.99834353, -0.045877486, -0.034719344, 0.14350569;
 0.046806969, 0.99855375, 0.026449272, 0.076042987;
 0.033455707, -0.028030567, 0.99904704, 0.45076334;
 0, 0, 0, 1]
Twc:
[0.99834353, 0.046806969, 0.033455707, -0.16190793;
 -0.045877486, 0.99855375, -0.028030567, -0.056714177;
 -0.034719344, 0.026449272, 0.99904704, -0.44736266;
 0, 0, 0, 1]
Ow:
[0.14350569;
 0.076042987;
 0.45076334]
Keyframe: 69 Frame: 309 Frame from vFrameID : 310
Tcw:
[0.9977141, -0.04468688, -0.050691355, 0.14704609;
 0.045634206, 0.99880165, 0.017686721, 0.080117978;
 0.049840245, -0.01995955, 0.99855775, 0.45918679;
 0, 0, 0, 1]
Twc:
[0.9977141, 0.045634206, 0.049840245, -0.17325208;
 -0.04468688, 0.99880165, -0.01995955, -0.064285778;
 -0.050691355, 0.017686721, 0.99855775, -0.45248759;
 0, 0, 0, 1]
Ow:
[0.14704609;
 0.080117978;
 0.45918679]
Keyframe: 70 Frame: 313 Frame from vFrameID : 314
Tcw:
[0.99822664, -0.026758166, -0.053174522, 0.15144448;
 0.026980586, 0.99962991, 0.003469263, 0.082883634;
 0.053062011, -0.0048977905, 0.9985792, 0.47441784;
 0, 0, 0, 1]
Twc:
[0.99822664, 0.026980586, 0.053062011, -0.17858572;
 -0.026758166, 0.99962991, -0.0048977905, -0.076476984;
 -0.053174522, 0.003469263, 0.9985792, -0.46597835;
 0, 0, 0, 1]
Ow:
[0.15144448;
 0.082883634;
 0.47441784]
Keyframe: 71 Frame: 317 Frame from vFrameID : 318
Tcw:
[0.99823332, -0.023245635, -0.05467936, 0.15754549;
 0.022994999, 0.999722, -0.0052085053, 0.082163543;
 0.054785237, 0.0039419518, 0.99849039, 0.48724639;
 0, 0, 0, 1]
Twc:
[0.99823332, 0.022994999, 0.054785237, -0.18585043;
 -0.023245635, 0.999722, 0.0039419518, -0.080399163;
 -0.05467936, -0.0052085053, 0.99849039, -0.4774684;
 0, 0, 0, 1]
Ow:
[0.15754549;
 0.082163543;
 0.48724639]
Keyframe: 72 Frame: 320 Frame from vFrameID : 321
Tcw:
[0.99954844, -0.017362038, -0.024525998, 0.16279463;
 0.016172472, 0.99872142, -0.047894951, 0.084300548;
 0.025326194, 0.047476679, 0.99855125, 0.49644071;
 0, 0, 0, 1]
Twc:
[0.99954844, 0.016172472, 0.025326194, -0.17665741;
 -0.017362038, 0.99872142, 0.047476679, -0.10493568;
 -0.024525998, -0.047894951, 0.99855125, -0.48769119;
 0, 0, 0, 1]
Ow:
[0.16279463;
 0.084300548;
 0.49644071]
Keyframe: 73 Frame: 323 Frame from vFrameID : 324
Tcw:
[0.99986279, -0.012037999, -0.011378369, 0.16638665;
 0.011494101, 0.99884212, -0.046714738, 0.087708712;
 0.011927547, 0.046577543, 0.99884349, 0.49946368;
 0, 0, 0, 1]
Twc:
[0.99986279, 0.011494101, 0.011927547, -0.17332934;
 -0.012037999, 0.99884212, 0.046577543, -0.10886799;
 -0.011378369, -0.046714738, 0.99884349, -0.49289551;
 0, 0, 0, 1]
Ow:
[0.16638665;
 0.087708712;
 0.49946368]
Keyframe: 74 Frame: 326 Frame from vFrameID : 327
Tcw:
[0.9993124, -0.028689018, 0.023487108, 0.16503304;
 0.028637631, 0.9995867, 0.0025213831, 0.091779985;
 -0.023549737, -0.0018470343, 0.99972093, 0.5096336;
 0, 0, 0, 1]
Twc:
[0.9993124, 0.028637631, -0.023549737, -0.1555462;
 -0.028689018, 0.9995867, -0.0018470343, -0.086066097;
 0.023487108, 0.0025213831, 0.99972093, -0.51359898;
 0, 0, 0, 1]
Ow:
[0.16503304;
 0.091779985;
 0.5096336]
Keyframe: 75 Frame: 330 Frame from vFrameID : 331
Tcw:
[0.99681014, -0.077880017, -0.01744323, 0.15999129;
 0.078255251, 0.99669117, 0.021974575, 0.0926525;
 0.015674133, -0.023269502, 0.99960637, 0.52197766;
 0, 0, 0, 1]
Twc:
[0.99681014, 0.078255251, 0.015674133, -0.17491303;
 -0.077880017, 0.99669117, -0.023269502, -0.067739636;
 -0.01744323, 0.021974575, 0.99960637, -0.52101743;
 0, 0, 0, 1]
Ow:
[0.15999129;
 0.0926525;
 0.52197766]
Keyframe: 76 Frame: 333 Frame from vFrameID : 334
Tcw:
[0.99700159, -0.072136283, -0.028002728, 0.16481215;
 0.0715492, 0.99720681, -0.021430872, 0.093420424;
 0.029470453, 0.019363042, 0.99937809, 0.52741027;
 0, 0, 0, 1]
Twc:
[0.99700159, 0.0715492, 0.029470453, -0.18654516;
 -0.072136283, 0.99720681, 0.019363042, -0.091482818;
 -0.028002728, -0.021430872, 0.99937809, -0.52046502;
 0, 0, 0, 1]
Ow:
[0.16481215;
 0.093420424;
 0.52741027]
Keyframe: 77 Frame: 337 Frame from vFrameID : 338
Tcw:
[0.99690038, -0.078538194, 0.0046248608, 0.16697107;
 0.078503251, 0.99688709, 0.0073053902, 0.096071154;
 -0.0051842164, -0.0069196797, 0.99996263, 0.53516138;
 0, 0, 0, 1]
Twc:
[0.99690038, 0.078503251, -0.0051842164, -0.17122103;
 -0.078538194, 0.99688709, -0.0069196797, -0.078955345;
 0.0046248608, 0.0073053902, 0.99996263, -0.53661537;
 0, 0, 0, 1]
Ow:
[0.16697107;
 0.096071154;
 0.53516138]
Keyframe: 78 Frame: 341 Frame from vFrameID : 342
Tcw:
[0.99669278, -0.080528207, 0.010896097, 0.17215875;
 0.080092147, 0.9961434, 0.035827052, 0.098806575;
 -0.013739163, -0.034835875, 0.99929863, 0.54736626;
 0, 0, 0, 1]
Twc:
[0.99669278, 0.080092147, -0.013739163, -0.17198266;
 -0.080528207, 0.9961434, -0.034835875, -0.065493897;
 0.010896097, 0.035827052, 0.99929863, -0.55239815;
 0, 0, 0, 1]
Ow:
[0.17215875;
 0.098806575;
 0.54736626]
Keyframe: 79 Frame: 345 Frame from vFrameID : 346
Tcw:
[0.99675906, -0.079201169, -0.014090206, 0.17625409;
 0.079610355, 0.9963333, 0.031339675, 0.10154985;
 0.011556402, -0.032359831, 0.9994095, 0.55480754;
 0, 0, 0, 1]
Twc:
[0.99675906, 0.079610355, 0.011556402, -0.19017887;
 -0.079201169, 0.9963333, -0.032359831, -0.069264486;
 -0.014090206, 0.031339675, 0.9994095, -0.555179;
 0, 0, 0, 1]
Ow:
[0.17625409;
 0.10154985;
 0.55480754]
Keyframe: 80 Frame: 349 Frame from vFrameID : 350
Tcw:
[0.99665654, -0.071178026, -0.040118355, 0.18215224;
 0.072165877, 0.99711019, 0.023736238, 0.10352156;
 0.038312919, -0.026552053, 0.99891299, 0.56615341;
 0, 0, 0, 1]
Twc:
[0.99665654, 0.072165877, 0.038312919, -0.21070492;
 -0.071178026, 0.99711019, -0.026552053, -0.075224631;
 -0.040118355, 0.023736238, 0.99891299, -0.56068748;
 0, 0, 0, 1]
Ow:
[0.18215224;
 0.10352156;
 0.56615341]
Keyframe: 81 Frame: 353 Frame from vFrameID : 354
Tcw:
[0.99610132, -0.067024402, -0.057357587, 0.18778037;
 0.069082901, 0.99700761, 0.034689896, 0.10411875;
 0.054860879, -0.038517077, 0.99775082, 0.57679361;
 0, 0, 0, 1]
Twc:
[0.99610132, 0.069082901, 0.054860879, -0.2258845;
 -0.067024402, 0.99700761, -0.038517077, -0.069004916;
 -0.057357587, 0.034689896, 0.99775082, -0.56833756;
 0, 0, 0, 1]
Ow:
[0.18778037;
 0.10411875;
 0.57679361]
Keyframe: 82 Frame: 357 Frame from vFrameID : 358
Tcw:
[0.99705547, -0.05925066, -0.048679512, 0.1913949;
 0.061390594, 0.99715638, 0.043707374, 0.1061248;
 0.045951396, -0.046567142, 0.99785769, 0.58522666;
 0, 0, 0, 1]
Twc:
[0.99705547, 0.061390594, 0.045951396, -0.22423838;
 -0.05925066, 0.99715638, -0.046567142, -0.067230418;
 -0.048679512, 0.043707374, 0.99785769, -0.57929432;
 0, 0, 0, 1]
Ow:
[0.1913949;
 0.1061248;
 0.58522666]
Keyframe: 83 Frame: 361 Frame from vFrameID : 362
Tcw:
[0.99853003, -0.037977345, -0.038671535, 0.19643253;
 0.039279692, 0.99866676, 0.033493359, 0.10788545;
 0.037347987, -0.034963131, 0.99869049, 0.5938971;
 0, 0, 0, 1]
Twc:
[0.99853003, 0.039279692, 0.037347987, -0.22256236;
 -0.037977345, 0.99866676, -0.034963131, -0.079517126;
 -0.038671535, 0.033493359, 0.99869049, -0.58913648;
 0, 0, 0, 1]
Ow:
[0.19643253;
 0.10788545;
 0.5938971]
Keyframe: 84 Frame: 365 Frame from vFrameID : 366
Tcw:
[0.99805379, -0.048090983, -0.039697889, 0.19706693;
 0.048906948, 0.99860615, 0.019845195, 0.11178072;
 0.038688183, -0.021748075, 0.99901462, 0.60851836;
 0, 0, 0, 1]
Twc:
[0.99805379, 0.048906948, 0.038688183, -0.2256927;
 -0.048090983, 0.99860615, -0.021748075, -0.088913679;
 -0.039697889, 0.019845195, 0.99901462, -0.60231388;
 0, 0, 0, 1]
Ow:
[0.19706693;
 0.11178072;
 0.60851836]
Keyframe: 85 Frame: 370 Frame from vFrameID : 371
Tcw:
[0.99861544, -0.042272586, -0.031308543, 0.19972652;
 0.042569891, 0.99905396, 0.008890735, 0.11501893;
 0.030903088, -0.010211226, 0.99947023, 0.62311637;
 0, 0, 0, 1]
Twc:
[0.99861544, 0.042569891, 0.030903088, -0.22360255;
 -0.042272586, 0.99905396, -0.010211226, -0.10010437;
 -0.031308543, 0.008890735, 0.99947023, -0.61755574;
 0, 0, 0, 1]
Ow:
[0.19972652;
 0.11501893;
 0.62311637]
Keyframe: 86 Frame: 375 Frame from vFrameID : 376
Tcw:
[0.99823248, -0.04948708, -0.032907806, 0.20060475;
 0.05022819, 0.99849349, 0.02208844, 0.11564413;
 0.031765137, -0.023702299, 0.99921429, 0.63425666;
 0, 0, 0, 1]
Twc:
[0.99823248, 0.05022819, 0.031765137, -0.22620603;
 -0.04948708, 0.99849349, -0.023702299, -0.090509221;
 -0.032907806, 0.02208844, 0.99921429, -0.62971127;
 0, 0, 0, 1]
Ow:
[0.20060475;
 0.11564413;
 0.63425666]
Keyframe: 87 Frame: 380 Frame from vFrameID : 381
Tcw:
[0.99776155, -0.058996622, -0.031483922, 0.20305416;
 0.059755322, 0.99793106, 0.02372653, 0.11976458;
 0.030018998, -0.025554752, 0.99922258, 0.64694422;
 0, 0, 0, 1]
Twc:
[0.99776155, 0.059755322, 0.030018998, -0.22917683;
 -0.058996622, 0.99793106, -0.025554752, -0.091004781;
 -0.031483922, 0.02372653, 0.99922258, -0.64288998;
 0, 0, 0, 1]
Ow:
[0.20305416;
 0.11976458;
 0.64694422]
Keyframe: 88 Frame: 385 Frame from vFrameID : 386
Tcw:
[0.99781543, -0.036496397, -0.055067159, 0.20949186;
 0.037766304, 0.99904001, 0.022199066, 0.12312631;
 0.05420411, -0.024230253, 0.99823582, 0.66148764;
 0, 0, 0, 1]
Twc:
[0.99781543, 0.037766304, 0.05420411, -0.2495396;
 -0.036496397, 0.99904001, -0.024230253, -0.099334396;
 -0.055067159, 0.022199066, 0.99823582, -0.65151787;
 0, 0, 0, 1]
Ow:
[0.20949186;
 0.12312631;
 0.66148764]
