Keyframe: 0 Frame: 0 Frame from vFrameID : 8
Tcw:
[1, 0, 0, 0;
 0, 1, 0, 0;
 0, 0, 1, 0;
 0, 0, 0, 1]
Twc:
[1, 0, 0, 0;
 0, 1, 0, 0;
 0, 0, 1, 0;
 0, 0, 0, 1]
Ow:
[0;
 0;
 0]
Keyframe: 1 Frame: 7 Frame from vFrameID : 8
Tcw:
[0.9985683, -0.01925152, 0.0499072, 0.0011335961;
 0.017062167, 0.99888891, 0.04392935, -0.021017225;
 -0.050697457, -0.043014932, 0.9977873, -0.0039707171;
 0, 0, 0, 1]
Twc:
[0.9985683, 0.017062167, -0.050697457, -0.0009746789;
 -0.01925152, 0.99888891, -0.043014932, 0.020844897;
 0.0499072, 0.04392935, 0.9977873, 0.0048286295;
 0, 0, 0, 1]
Ow:
[0.0011335961;
 -0.021017225;
 -0.0039707171]
Keyframe: 2 Frame: 9 Frame from vFrameID : 10
Tcw:
[0.99910033, -0.012595954, 0.040495187, 0.003552248;
 0.010772543, 0.99893183, 0.044934925, -0.022297928;
 -0.041017931, -0.044458263, 0.99816883, -0.0042441254;
 0, 0, 0, 1]
Twc:
[0.99910033, 0.010772543, -0.041017931, -0.003482932;
 -0.012595954, 0.99893183, -0.044458263, 0.022130167;
 0.040495187, 0.044934925, 0.99816883, 0.0050944607;
 0, 0, 0, 1]
Ow:
[0.003552248;
 -0.022297928;
 -0.0042441254]
Keyframe: 3 Frame: 11 Frame from vFrameID : 12
Tcw:
[0.99937248, 0.0062673781, 0.034862336, 0.0015700996;
 -0.0076431413, 0.99919152, 0.039470509, -0.019328583;
 -0.034586772, -0.039712198, 0.9986124, -0.0061804918;
 0, 0, 0, 1]
Twc:
[0.99937248, -0.0076431413, -0.034586772, -0.0019306088;
 0.0062673781, 0.99919152, -0.039712198, 0.019057674;
 0.034862336, 0.039470509, 0.9986124, 0.0068800873;
 0, 0, 0, 1]
Ow:
[0.0015700996;
 -0.019328583;
 -0.0061804918]
Keyframe: 4 Frame: 13 Frame from vFrameID : 14
Tcw:
[0.99978119, -0.0082297279, 0.019232424, -0.0064925584;
 0.0072095203, 0.99859351, 0.052526385, -0.019676825;
 -0.019637652, -0.052376237, 0.99843431, -0.0055530118;
 0, 0, 0, 1]
Twc:
[0.99978119, 0.0072095203, -0.019637652, 0.00652395;
 -0.0082297279, 0.99859351, -0.052376237, 0.019304873;
 0.019232424, 0.052526385, 0.99843431, 0.0067027379;
 0, 0, 0, 1]
Ow:
[-0.0064925584;
 -0.019676825;
 -0.0055530118]
Keyframe: 5 Frame: 15 Frame from vFrameID : 16
Tcw:
[0.99980921, -0.017885722, 0.0078495471, -0.0012169034;
 0.017544791, 0.99898273, 0.041541696, -0.027806558;
 -0.0085845646, -0.041396052, 0.99910593, -0.0044025206;
 0, 0, 0, 1]
Twc:
[0.99980921, 0.017544791, -0.0085845646, 0.001666738;
 -0.017885722, 0.99898273, -0.041396052, 0.02757426;
 0.0078495471, 0.041541696, 0.99910593, 0.005563268;
 0, 0, 0, 1]
Ow:
[-0.0012169034;
 -0.027806558;
 -0.0044025206]
Keyframe: 6 Frame: 17 Frame from vFrameID : 18
Tcw:
[0.99981606, -0.012937326, 0.014156865, -0.0021683089;
 0.012649498, 0.99971521, 0.020235408, -0.024660829;
 -0.014414625, -0.02005261, 0.999695, -0.0063638152;
 0, 0, 0, 1]
Twc:
[0.99981606, 0.012649498, -0.014414625, 0.0023881255;
 -0.012937326, 0.99971521, -0.02005261, 0.024498144;
 0.014156865, 0.020235408, 0.999695, 0.0068915929;
 0, 0, 0, 1]
Ow:
[-0.0021683089;
 -0.024660829;
 -0.0063638152]
Keyframe: 7 Frame: 19 Frame from vFrameID : 20
Tcw:
[0.99991298, -0.011576226, 0.0063221389, 0.00056141731;
 0.011417146, 0.99963111, 0.024643965, -0.023938473;
 -0.0066050906, -0.02456964, 0.99967629, -0.0075259912;
 0, 0, 0, 1]
Twc:
[0.99991298, 0.011417146, -0.0066050906, -0.00033776936;
 -0.011576226, 0.99963111, -0.02456964, 0.023751229;
 0.0063221389, 0.024643965, 0.99967629, 0.0081099449;
 0, 0, 0, 1]
Ow:
[0.00056141731;
 -0.023938473;
 -0.0075259912]
Keyframe: 8 Frame: 21 Frame from vFrameID : 22
Tcw:
[0.99989945, -0.0089849159, 0.010970736, -0.0017290451;
 0.0087070912, 0.99964666, 0.025114588, -0.025743136;
 -0.011192512, -0.025016541, 0.99962437, -0.0063408893;
 0, 0, 0, 1]
Twc:
[0.99989945, 0.0087070912, -0.011192512, 0.0018820486;
 -0.0089849159, 0.99964666, -0.025016541, 0.025559878;
 0.010970736, 0.025114588, 0.99962437, 0.0070040049;
 0, 0, 0, 1]
Ow:
[-0.0017290451;
 -0.025743136;
 -0.0063408893]
Keyframe: 9 Frame: 23 Frame from vFrameID : 24
Tcw:
[0.99956805, -0.029325763, 0.0019351038, -0.010650797;
 0.029289005, 0.99942857, 0.016873475, -0.023242757;
 -0.0024288255, -0.016809508, 0.99985576, -0.0089352624;
 0, 0, 0, 1]
Twc:
[0.99956805, 0.029289005, -0.0024288255, 0.01130525;
 -0.029325763, 0.99942857, -0.016809508, 0.022766937;
 0.0019351038, 0.016873475, 0.99985576, 0.0093467701;
 0, 0, 0, 1]
Ow:
[-0.010650797;
 -0.023242757;
 -0.0089352624]
Keyframe: 10 Frame: 26 Frame from vFrameID : 27
Tcw:
[0.99955893, -0.029677697, 0.0011080541, -0.0050930092;
 0.029651193, 0.99937832, 0.019071927, -0.024626149;
 -0.0016733761, -0.019030659, 0.99981749, -0.0091706496;
 0, 0, 0, 1]
Twc:
[0.99955893, 0.029651193, -0.0016733761, 0.0058056111;
 -0.029677697, 0.99937832, -0.019030659, 0.024285167;
 0.0011080541, 0.019071927, 0.99981749, 0.0096442876;
 0, 0, 0, 1]
Ow:
[-0.0050930092;
 -0.024626149;
 -0.0091706496]
Keyframe: 11 Frame: 28 Frame from vFrameID : 29
Tcw:
[0.99963671, -0.025398146, 0.0090214033, -0.0052139997;
 0.025203135, 0.99945945, 0.021109601, -0.024633566;
 -0.0095526716, -0.020874564, 0.99973649, -0.0081493203;
 0, 0, 0, 1]
Twc:
[0.99963671, 0.025203135, -0.0095526716, 0.0057551009;
 -0.025398146, 0.99945945, -0.020874564, 0.024317712;
 0.0090214033, 0.021109601, 0.99973649, 0.0087142149;
 0, 0, 0, 1]
Ow:
[-0.0052139997;
 -0.024633566;
 -0.0081493203]
Keyframe: 12 Frame: 30 Frame from vFrameID : 31
Tcw:
[0.99981022, -0.01893248, 0.0045899637, -0.0057038115;
 0.018837672, 0.99962479, 0.019886544, -0.026447743;
 -0.0049647433, -0.019796306, 0.99979168, -0.0078951931;
 0, 0, 0, 1]
Twc:
[0.99981022, 0.018837672, -0.0049647433, 0.0061617456;
 -0.01893248, 0.99962479, -0.019796306, 0.026173536;
 0.0045899637, 0.019886544, 0.99979168, 0.0084456829;
 0, 0, 0, 1]
Ow:
[-0.0057038115;
 -0.026447743;
 -0.0078951931]
Keyframe: 13 Frame: 32 Frame from vFrameID : 33
Tcw:
[0.99978203, -0.019952875, -0.0061468617, -0.0049315379;
 0.020015495, 0.99974662, 0.010299875, -0.026747793;
 0.0059397919, -0.010420663, 0.99992806, -0.0083043911;
 0, 0, 0, 1]
Twc:
[0.99978203, 0.020015495, 0.0059397919, 0.00551516;
 -0.019952875, 0.99974662, -0.010420663, 0.02655608;
 -0.0061468617, 0.010299875, 0.99992806, 0.0085489787;
 0, 0, 0, 1]
Ow:
[-0.0049315379;
 -0.026747793;
 -0.0083043911]
Keyframe: 14 Frame: 35 Frame from vFrameID : 36
Tcw:
[0.99986655, -0.011687702, -0.011412066, -0.0040683043;
 0.011888767, 0.99977243, 0.017712664, -0.023622582;
 0.011202449, -0.017845975, 0.99977797, -0.0080747316;
 0, 0, 0, 1]
Twc:
[0.99986655, 0.011888767, 0.011202449, 0.004439062;
 -0.011687702, 0.99977243, -0.017845975, 0.023425557;
 -0.011412066, 0.017712664, 0.99977797, 0.0084449295;
 0, 0, 0, 1]
Ow:
[-0.0040683043;
 -0.023622582;
 -0.0080747316]
Keyframe: 15 Frame: 37 Frame from vFrameID : 38
Tcw:
[0.99989557, 0.0010918707, -0.014409107, -0.0019380593;
 -0.00068714342, 0.99960589, 0.028063415, -0.026372803;
 0.01443407, -0.028050583, 0.9995023, -0.0055683972;
 0, 0, 0, 1]
Twc:
[0.99989557, -0.00068714342, 0.01443407, 0.0020001098;
 0.0010918707, 0.99960589, -0.028050583, 0.02620833;
 -0.014409107, 0.028063415, 0.9995023, 0.0062778108;
 0, 0, 0, 1]
Ow:
[-0.0019380593;
 -0.026372803;
 -0.0055683972]
Keyframe: 16 Frame: 40 Frame from vFrameID : 41
Tcw:
[0.99978095, -0.0029051332, -0.020725848, -0.0036997367;
 0.0032964654, 0.99981648, 0.018872255, -0.027475007;
 0.020667218, -0.018936444, 0.99960709, -0.0047061006;
 0, 0, 0, 1]
Twc:
[0.99978095, 0.0032964654, 0.020667218, 0.0038867588;
 -0.0029051332, 0.99981648, -0.018936444, 0.027370099;
 -0.020725848, 0.018872255, 0.99960709, 0.0051460862;
 0, 0, 0, 1]
Ow:
[-0.0036997367;
 -0.027475007;
 -0.0047061006]
Keyframe: 17 Frame: 43 Frame from vFrameID : 44
Tcw:
[0.99977988, -0.0078418693, -0.019461144, -0.0067177438;
 0.0082007973, 0.99979645, 0.018432563, -0.026403304;
 0.019312637, -0.018588101, 0.9996407, -0.0047856523;
 0, 0, 0, 1]
Twc:
[0.99977988, 0.0082007973, 0.019312637, 0.0070252167;
 -0.0078418693, 0.99979645, -0.018588101, 0.026256295;
 -0.019461144, 0.018432563, 0.9996407, 0.0051398785;
 0, 0, 0, 1]
Ow:
[-0.0067177438;
 -0.026403304;
 -0.0047856523]
Keyframe: 18 Frame: 46 Frame from vFrameID : 47
Tcw:
[0.99971873, -0.0075931121, -0.022467891, -0.0096926764;
 0.0081229107, 0.99968886, 0.023583716, -0.027156314;
 0.022281827, -0.023759587, 0.99946934, -0.0040691108;
 0, 0, 0, 1]
Twc:
[0.99971873, 0.0081229107, 0.022281827, 0.010001206;
 -0.0075931121, 0.99968886, -0.023759587, 0.026977586;
 -0.022467891, 0.023583716, 0.99946934, 0.0044896244;
 0, 0, 0, 1]
Ow:
[-0.0096926764;
 -0.027156314;
 -0.0040691108]
Keyframe: 19 Frame: 49 Frame from vFrameID : 50
Tcw:
[0.99937677, -0.003159581, -0.035158455, -0.011946535;
 0.0040985104, 0.99963599, 0.026665714, -0.028450733;
 0.035061404, -0.026793191, 0.99902594, -0.0043472741;
 0, 0, 0, 1]
Twc:
[0.99937677, 0.0040985104, 0.035061404, 0.012208115;
 -0.003159581, 0.99963599, -0.026793191, 0.028286155;
 -0.035158455, 0.026665714, 0.99902594, 0.0046816771;
 0, 0, 0, 1]
Ow:
[-0.011946535;
 -0.028450733;
 -0.0043472741]
Keyframe: 20 Frame: 52 Frame from vFrameID : 53
Tcw:
[0.99885005, 0.0069601075, -0.047435399, -0.014043221;
 -0.0053168284, 0.99938428, 0.034681007, -0.029797032;
 0.047647577, -0.034388922, 0.99827206, -0.0046492978;
 0, 0, 0, 1]
Twc:
[0.99885005, -0.0053168284, 0.047647577, 0.014090175;
 0.0069601075, 0.99938428, -0.034388922, 0.029716544;
 -0.047435399, 0.034681007, 0.99827206, 0.0050085094;
 0, 0, 0, 1]
Ow:
[-0.014043221;
 -0.029797032;
 -0.0046492978]
Keyframe: 21 Frame: 55 Frame from vFrameID : 56
Tcw:
[0.99706835, 0.015689043, -0.074890472, -0.016248157;
 -0.012541218, 0.9990254, 0.04231916, -0.037340872;
 0.07548143, -0.041255876, 0.99629337, -0.00533552;
 0, 0, 0, 1]
Twc:
[0.99706835, -0.012541218, 0.07548143, 0.016134957;
 0.015689043, 0.9990254, -0.041255876, 0.037339278;
 -0.074890472, 0.04231916, 0.99629337, 0.0056791459;
 0, 0, 0, 1]
Ow:
[-0.016248157;
 -0.037340872;
 -0.00533552]
Keyframe: 22 Frame: 59 Frame from vFrameID : 60
Tcw:
[0.99714339, 0.017396217, -0.073500887, -0.012001929;
 -0.01458832, 0.9991495, 0.038567897, -0.04011482;
 0.074109308, -0.037385471, 0.99654913, -0.0048307558;
 0, 0, 0, 1]
Twc:
[0.99714339, -0.01458832, 0.074109308, 0.011740441;
 0.017396217, 0.9991495, -0.037385471, 0.040108889;
 -0.073500887, 0.038567897, 0.99654913, 0.0054790773;
 0, 0, 0, 1]
Ow:
[-0.012001929;
 -0.04011482;
 -0.0048307558]
Keyframe: 23 Frame: 63 Frame from vFrameID : 64
Tcw:
[0.99827969, 0.015683373, -0.0564951, -0.0034189392;
 -0.013628147, 0.99923772, 0.036582232, -0.043315817;
 0.057025768, -0.035749372, 0.99773246, -0.0028208918;
 0, 0, 0, 1]
Twc:
[0.99827969, -0.013628147, 0.057025768, 0.0029836069;
 0.015683373, 0.99923772, -0.035749372, 0.043235574;
 -0.0564951, 0.036582232, 0.99773246, 0.004205931;
 0, 0, 0, 1]
Ow:
[-0.0034189392;
 -0.043315817;
 -0.0028208918]
Keyframe: 24 Frame: 66 Frame from vFrameID : 67
Tcw:
[0.99935704, 0.020006595, -0.029752376, 0.0042369501;
 -0.019118769, 0.99937207, 0.029831439, -0.041914769;
 0.03033052, -0.02924343, 0.99911207, -0.00066068443;
 0, 0, 0, 1]
Twc:
[0.99935704, -0.019118769, 0.03033052, -0.0050155455;
 0.020006595, 0.99937207, -0.02924343, 0.041784361;
 -0.029752376, 0.029831439, 0.99911207, 0.0020365349;
 0, 0, 0, 1]
Ow:
[0.0042369501;
 -0.041914769;
 -0.00066068443]
Keyframe: 25 Frame: 69 Frame from vFrameID : 70
Tcw:
[0.99966896, 0.022235515, -0.01294657, 0.0091345552;
 -0.021829454, 0.99929017, 0.030703299, -0.039388116;
 0.013620083, -0.030410517, 0.99944466, 0.00063439459;
 0, 0, 0, 1]
Twc:
[0.99966896, -0.021829454, 0.013620083, -0.0099999933;
 0.022235515, 0.99929017, -0.030410517, 0.039176337;
 -0.01294657, 0.030703299, 0.99944466, 0.0006935639;
 0, 0, 0, 1]
Ow:
[0.0091345552;
 -0.039388116;
 0.00063439459]
Keyframe: 26 Frame: 73 Frame from vFrameID : 74
Tcw:
[0.99963015, 0.023552913, 0.013596114, 0.015179923;
 -0.024074176, 0.99892789, 0.039541438, -0.035779245;
 -0.012650221, -0.039854128, 0.99912542, 0.0041933414;
 0, 0, 0, 1]
Twc:
[0.99963015, -0.024074176, -0.012650221, -0.015982619;
 0.023552913, 0.99892789, -0.039854128, 0.035550475;
 0.013596114, 0.039541438, 0.99912542, -0.0029812991;
 0, 0, 0, 1]
Ow:
[0.015179923;
 -0.035779245;
 0.0041933414]
Keyframe: 27 Frame: 77 Frame from vFrameID : 78
Tcw:
[0.99929893, 0.019688394, 0.031843968, 0.01822833;
 -0.021115521, 0.99875844, 0.04511898, -0.031685516;
 -0.030916112, -0.045759752, 0.99847394, 0.0069179125;
 0, 0, 0, 1]
Twc:
[0.99929893, -0.021115521, -0.030916112, -0.01867073;
 0.019688394, 0.99875844, -0.045759752, 0.03160385;
 0.031843968, 0.04511898, 0.99847394, -0.0060581998;
 0, 0, 0, 1]
Ow:
[0.01822833;
 -0.031685516;
 0.0069179125]
Keyframe: 28 Frame: 81 Frame from vFrameID : 82
Tcw:
[0.99947912, 0.014813216, 0.028670715, 0.018775936;
 -0.016165948, 0.99873853, 0.047539704, -0.030057069;
 -0.02793033, -0.047978431, 0.99845779, 0.0076843882;
 0, 0, 0, 1]
Twc:
[0.99947912, -0.016165948, -0.02793033, -0.019037431;
 0.014813216, 0.99873853, -0.047978431, 0.030109707;
 0.028670715, 0.047539704, 0.99845779, -0.0067819529;
 0, 0, 0, 1]
Ow:
[0.018775936;
 -0.030057069;
 0.0076843882]
Keyframe: 29 Frame: 84 Frame from vFrameID : 85
Tcw:
[0.99969739, 0.010407866, 0.022289431, 0.017159766;
 -0.011353852, 0.99902153, 0.042743783, -0.028127357;
 -0.021822751, -0.042983919, 0.99883741, 0.0070730001;
 0, 0, 0, 1]
Twc:
[0.99969739, -0.011353852, -0.021822751, -0.017319575;
 0.010407866, 0.99902153, -0.042983919, 0.028225265;
 0.022289431, 0.042743783, 0.99883741, -0.0062449886;
 0, 0, 0, 1]
Ow:
[0.017159766;
 -0.028127357;
 0.0070730001]
Keyframe: 30 Frame: 87 Frame from vFrameID : 88
Tcw:
[0.99992746, 0.010431483, 0.0060233022, 0.012224281;
 -0.010694865, 0.99890751, 0.045490373, -0.026026083;
 -0.0055421898, -0.04555149, 0.99894661, 0.0059365416;
 0, 0, 0, 1]
Twc:
[0.99992746, -0.010694865, -0.0055421898, -0.012468838;
 0.010431483, 0.99890751, -0.04555149, 0.026140552;
 0.0060233022, 0.045490373, 0.99894661, -0.0048199822;
 0, 0, 0, 1]
Ow:
[0.012224281;
 -0.026026083;
 0.0059365416]
Keyframe: 31 Frame: 90 Frame from vFrameID : 91
Tcw:
[0.99982941, 0.013299836, -0.012815328, 0.0052924599;
 -0.01261158, 0.99854827, 0.05236692, -0.025657302;
 0.013493195, -0.052196365, 0.99854571, 0.005148679;
 0, 0, 0, 1]
Twc:
[0.99982941, -0.01261158, 0.013493195, -0.0056846081;
 0.013299836, 0.99854827, -0.052196365, 0.025818409;
 -0.012815328, 0.05236692, 0.99854571, -0.0037297728;
 0, 0, 0, 1]
Ow:
[0.0052924599;
 -0.025657302;
 0.005148679]
Keyframe: 32 Frame: 93 Frame from vFrameID : 94
Tcw:
[0.99914628, 0.013922788, -0.038894951, -0.0013187185;
 -0.011714354, 0.99833721, 0.05644137, -0.027627783;
 0.039616097, -0.055937555, 0.997648, 0.0034619495;
 0, 0, 0, 1]
Twc:
[0.99914628, -0.011714354, 0.039616097, 0.00085680222;
 0.013922788, 0.99833721, -0.055937555, 0.027793858;
 -0.038894951, 0.05644137, 0.997648, -0.0019457487;
 0, 0, 0, 1]
Ow:
[-0.0013187185;
 -0.027627783;
 0.0034619495]
Keyframe: 33 Frame: 96 Frame from vFrameID : 97
Tcw:
[0.99853754, 0.016847707, -0.051370751, -0.0053036641;
 -0.01407309, 0.998447, 0.053902939, -0.02969325;
 0.052199114, -0.053101163, 0.99722391, 0.0023821816;
 0, 0, 0, 1]
Twc:
[0.99853754, -0.01407309, 0.052199114, 0.0047536842;
 0.016847707, 0.998447, -0.053101163, 0.029862989;
 -0.051370751, 0.053902939, 0.99722391, -0.0010474679;
 0, 0, 0, 1]
Ow:
[-0.0053036641;
 -0.02969325;
 0.0023821816]
Keyframe: 34 Frame: 99 Frame from vFrameID : 100
Tcw:
[0.99764001, 0.020911163, -0.065399542, -0.012624301;
 -0.018020537, 0.99884766, 0.044481311, -0.033223741;
 0.066254333, -0.043197803, 0.99686724, 0.00065953727;
 0, 0, 0, 1]
Twc:
[0.99764001, -0.018020537, 0.066254333, 0.011952101;
 0.020911163, 0.99884766, -0.043197803, 0.03347794;
 -0.065399542, 0.044481311, 0.99686724, -5.2588312e-06;
 0, 0, 0, 1]
Ow:
[-0.012624301;
 -0.033223741;
 0.00065953727]
Keyframe: 35 Frame: 103 Frame from vFrameID : 104
Tcw:
[0.99791843, 0.016705044, -0.062287729, -0.016673664;
 -0.013947085, 0.99891412, 0.044452589, -0.036071107;
 0.062962674, -0.043491323, 0.99706781, 0.0016064404;
 0, 0, 0, 1]
Twc:
[0.99791843, -0.013947085, 0.062962674, 0.016034724;
 0.016705044, 0.99891412, -0.043491323, 0.036380336;
 -0.062287729, 0.044452589, 0.99706781, -0.0010368407;
 0, 0, 0, 1]
Ow:
[-0.016673664;
 -0.036071107;
 0.0016064404]
Keyframe: 36 Frame: 107 Frame from vFrameID : 108
Tcw:
[0.9991653, 0.0089455927, -0.039859075, -0.020041589;
 -0.0073825079, 0.99920446, 0.039191335, -0.037013516;
 0.040177956, -0.038864359, 0.99843645, 0.0046381699;
 0, 0, 0, 1]
Twc:
[0.9991653, -0.0073825079, 0.040177956, 0.019565254;
 0.0089455927, 0.99920446, -0.038864359, 0.037343614;
 -0.039859075, 0.039191335, 0.99843645, -0.0039791479;
 0, 0, 0, 1]
Ow:
[-0.020041589;
 -0.037013516;
 0.0046381699]
Keyframe: 37 Frame: 112 Frame from vFrameID : 113
Tcw:
[0.99997687, 0.0066011027, -0.0016344083, -0.017505679;
 -0.0065240511, 0.99903852, 0.04335238, -0.038519274;
 0.0019190103, -0.043340713, 0.99905849, 0.015399112;
 0, 0, 0, 1]
Twc:
[0.99997687, -0.0065240511, 0.0019190103, 0.017224422;
 0.0066011027, 0.99903852, -0.043340713, 0.039265204;
 -0.0016344083, 0.04335238, 0.99905849, -0.013743324;
 0, 0, 0, 1]
Ow:
[-0.017505679;
 -0.038519274;
 0.015399112]
Keyframe: 38 Frame: 116 Frame from vFrameID : 117
Tcw:
[0.99981594, -0.0013695627, 0.01913614, -0.014288622;
 0.00054315076, 0.99906957, 0.043124557, -0.041390713;
 -0.019177398, -0.043106224, 0.99888641, 0.032306507;
 0, 0, 0, 1]
Twc:
[0.99981594, 0.00054315076, -0.019177398, 0.014928028;
 -0.0013695627, 0.99906957, -0.043106224, 0.042725243;
 0.01913614, 0.043124557, 0.99888641, -0.030212149;
 0, 0, 0, 1]
Ow:
[-0.014288622;
 -0.041390713;
 0.032306507]
Keyframe: 39 Frame: 121 Frame from vFrameID : 122
Tcw:
[0.9991619, 0.0072740754, 0.040280778, -0.002876282;
 -0.0077023217, 0.99991536, 0.010486571, -0.049004581;
 -0.04020109, -0.010788037, 0.99913335, 0.061914213;
 0, 0, 0, 1]
Twc:
[0.9991619, -0.0077023217, -0.04020109, 0.0049854415;
 0.0072740754, 0.99991536, -0.010788037, 0.049689289;
 0.040280778, 0.010486571, 0.99913335, -0.061230808;
 0, 0, 0, 1]
Ow:
[-0.002876282;
 -0.049004581;
 0.061914213]
Keyframe: 40 Frame: 125 Frame from vFrameID : 126
Tcw:
[0.99948877, 0.0097539173, 0.030448433, 0.0033689043;
 -0.0096575441, 0.99994791, -0.0033106005, -0.058450129;
 -0.030479139, 0.0030148509, 0.99953085, 0.082495645;
 0, 0, 0, 1]
Twc:
[0.99948877, -0.0096575441, -0.030479139, -0.0014172704;
 0.0097539173, 0.99994791, 0.0030148509, 0.058165509;
 0.030448433, -0.0033106005, 0.99953085, -0.082753025;
 0, 0, 0, 1]
Ow:
[0.0033689043;
 -0.058450129;
 0.082495645]
Keyframe: 41 Frame: 131 Frame from vFrameID : 132
Tcw:
[0.99976867, 0.018986443, 0.010103738, 0.027532781;
 -0.018433854, 0.998465, -0.052229062, -0.080771513;
 -0.011079872, 0.052030727, 0.99858403, 0.1065926;
 0, 0, 0, 1]
Twc:
[0.99976867, -0.018433854, -0.011079872, -0.027834311;
 0.018986443, 0.998465, 0.052030727, 0.074578688;
 0.010103738, -0.052229062, 0.99858403, -0.11093847;
 0, 0, 0, 1]
Ow:
[0.027532781;
 -0.080771513;
 0.1065926]
Keyframe: 42 Frame: 136 Frame from vFrameID : 137
Tcw:
[0.99974382, 0.022435389, -0.0029983202, 0.023901265;
 -0.022517458, 0.99926805, -0.030923642, -0.087756053;
 0.0023023416, 0.030983234, 0.99951726, 0.12155288;
 0, 0, 0, 1]
Twc:
[0.99974382, -0.022517458, 0.0023023416, -0.026151041;
 0.022435389, 0.99926805, 0.030983234, 0.083389483;
 -0.0029983202, -0.030923642, 0.99951726, -0.12413627;
 0, 0, 0, 1]
Ow:
[0.023901265;
 -0.087756053;
 0.12155288]
Keyframe: 43 Frame: 141 Frame from vFrameID : 142
Tcw:
[0.99948257, 0.031823944, -0.0046661505, 0.022387087;
 -0.031891935, 0.99937415, -0.015303193, -0.091712475;
 0.0041762223, 0.015444087, 0.99987203, 0.13759927;
 0, 0, 0, 1]
Twc:
[0.99948257, -0.031891935, 0.0041762223, -0.025875039;
 0.031823944, 0.99937415, 0.015444087, 0.088817544;
 -0.0046661505, -0.015303193, 0.99987203, -0.1388807;
 0, 0, 0, 1]
Ow:
[0.022387087;
 -0.091712475;
 0.13759927]
Keyframe: 44 Frame: 148 Frame from vFrameID : 149
Tcw:
[0.99894488, 0.0017413514, 0.04589266, 0.0091423374;
 -0.00097374577, 0.99985933, -0.016743161, -0.098067753;
 -0.045915358, 0.016680807, 0.99880606, 0.16655844;
 0, 0, 0, 1]
Twc:
[0.99894488, -0.00097374577, -0.045915358, -0.0015805926;
 0.0017413514, 0.99985933, 0.016680807, 0.095259711;
 0.04589266, -0.016743161, 0.99880606, -0.16842112;
 0, 0, 0, 1]
Ow:
[0.0091423374;
 -0.098067753;
 0.16655844]
Keyframe: 45 Frame: 153 Frame from vFrameID : 154
Tcw:
[0.99697506, 0.0041765776, 0.077609554, 0.0044897022;
 -0.0044320691, 0.99998534, 0.0031200584, -0.096605867;
 -0.077595383, -0.0034545914, 0.99697894, 0.1871424;
 0, 0, 0, 1]
Twc:
[0.99697506, -0.0044320691, -0.077595383, 0.0096171014;
 0.0041765776, 0.99998534, -0.0034545914, 0.097232193;
 0.077609554, 0.0031200584, 0.99697894, -0.18662407;
 0, 0, 0, 1]
Ow:
[0.0044897022;
 -0.096605867;
 0.1871424]
Keyframe: 46 Frame: 159 Frame from vFrameID : 160
Tcw:
[0.99772388, -0.0059730341, 0.06716717, 0.0076525249;
 0.0053540729, 0.99994159, 0.0093914736, -0.10209382;
 -0.067219339, -0.0090104789, 0.99769753, 0.21136411;
 0, 0, 0, 1]
Twc:
[0.99772388, 0.0053540729, -0.067219339, 0.0071192677;
 -0.0059730341, 0.99994159, -0.0090104789, 0.10403806;
 0.06716717, 0.0093914736, 0.99769753, -0.21043263;
 0, 0, 0, 1]
Ow:
[0.0076525249;
 -0.10209382;
 0.21136411]
Keyframe: 47 Frame: 164 Frame from vFrameID : 165
Tcw:
[0.99912381, 0.01876314, 0.037410609, 0.016410258;
 -0.017538268, 0.99930787, -0.03280491, -0.109582;
 -0.038000241, 0.032120049, 0.99876136, 0.23748201;
 0, 0, 0, 1]
Twc:
[0.99912381, -0.017538268, -0.038000241, -0.0092933839;
 0.01876314, 0.99930787, 0.032120049, 0.10157032;
 0.037410609, -0.03280491, 0.99876136, -0.24139661;
 0, 0, 0, 1]
Ow:
[0.016410258;
 -0.109582;
 0.23748201]
Keyframe: 48 Frame: 170 Frame from vFrameID : 171
Tcw:
[0.99918383, 0.037147719, -0.0158663, 0.025019199;
 -0.037530135, 0.99899447, -0.024526075, -0.10963204;
 0.014939259, 0.025101522, 0.99957329, 0.25883526;
 0, 0, 0, 1]
Twc:
[0.99918383, -0.037530135, 0.014939259, -0.032980092;
 0.037147719, 0.99899447, 0.025101522, 0.10209523;
 -0.0158663, -0.024526075, 0.99957329, -0.26101667;
 0, 0, 0, 1]
Ow:
[0.025019199;
 -0.10963204;
 0.25883526]
Keyframe: 49 Frame: 176 Frame from vFrameID : 177
Tcw:
[0.99912518, 0.038952895, -0.015216178, 0.017894115;
 -0.039443344, 0.99866396, -0.033384658, -0.11230542;
 0.013895419, 0.03395563, 0.99932677, 0.28847075;
 0, 0, 0, 1]
Twc:
[0.99912518, -0.039443344, 0.013895419, -0.026316585;
 0.038952895, 0.99866396, 0.03395563, 0.10166313;
 -0.015216178, -0.033384658, 0.99932677, -0.29175353;
 0, 0, 0, 1]
Ow:
[0.017894115;
 -0.11230542;
 0.28847075]
Keyframe: 50 Frame: 183 Frame from vFrameID : 184
Tcw:
[0.99777335, 0.0011861218, 0.066685244, 0.0062924344;
 0.0013566462, 0.99927408, -0.038072683, -0.11247602;
 -0.066681989, 0.038078379, 0.99704742, 0.33442104;
 0, 0, 0, 1]
Twc:
[0.99777335, 0.0013566462, -0.066681989, 0.01617403;
 0.0011861218, 0.99927408, 0.038078379, 0.099652693;
 0.066685244, -0.038072683, 0.99704742, -0.33813551;
 0, 0, 0, 1]
Ow:
[0.0062924344;
 -0.11247602;
 0.33442104]
Keyframe: 51 Frame: 189 Frame from vFrameID : 190
Tcw:
[0.99322963, -0.0087475814, 0.11583795, 0.0075245313;
 0.010786177, 0.99979758, -0.016983552, -0.11487426;
 -0.11566593, 0.018118016, 0.99312294, 0.36498147;
 0, 0, 0, 1]
Twc:
[0.99322963, 0.010786177, -0.11566593, 0.035981387;
 -0.0087475814, 0.99979758, 0.018118016, 0.10830408;
 0.11583795, -0.016983552, 0.99312294, -0.36529407;
 0, 0, 0, 1]
Ow:
[0.0075245313;
 -0.11487426;
 0.36498147]
Keyframe: 52 Frame: 195 Frame from vFrameID : 196
Tcw:
[0.99526465, 0.021574112, 0.094777696, 0.022223029;
 -0.021071566, 0.99975812, -0.006300081, -0.12432919;
 -0.094890691, 0.0042731334, 0.99547851, 0.40299028;
 0, 0, 0, 1]
Twc:
[0.99526465, -0.021071566, -0.094890691, 0.013502422;
 0.021574112, 0.99975812, 0.0042731334, 0.12209764;
 0.094777696, -0.006300081, 0.99547851, -0.40405771;
 0, 0, 0, 1]
Ow:
[0.022223029;
 -0.12432919;
 0.40299028]
Keyframe: 53 Frame: 201 Frame from vFrameID : 202
Tcw:
[0.99953556, 0.021555319, 0.021542439, 0.023096073;
 -0.020260673, 0.99807543, -0.058608577, -0.12278965;
 -0.022764307, 0.05814489, 0.9980486, 0.43510756;
 0, 0, 0, 1]
Twc:
[0.99953556, -0.020260673, -0.022764307, -0.015668226;
 0.021555319, 0.99807543, 0.05814489, 0.096756205;
 0.021542439, -0.058608577, 0.9980486, -0.44195253;
 0, 0, 0, 1]
Ow:
[0.023096073;
 -0.12278965;
 0.43510756]
Keyframe: 54 Frame: 208 Frame from vFrameID : 209
Tcw:
[0.99963671, 0.026168441, 0.0064509516, 0.021719158;
 -0.026069112, 0.99954718, -0.015028685, -0.12960745;
 -0.006841308, 0.014855055, 0.99986625, 0.47157362;
 0, 0, 0, 1]
Twc:
[0.99963671, -0.026069112, -0.006841308, -0.021863839;
 0.026168441, 0.99954718, 0.014855055, 0.12197515;
 0.0064509516, -0.015028685, 0.99986625, -0.47359851;
 0, 0, 0, 1]
Ow:
[0.021719158;
 -0.12960745;
 0.47157362]
Keyframe: 55 Frame: 214 Frame from vFrameID : 215
Tcw:
[0.99959946, 0.023854716, 0.015225607, 0.018407207;
 -0.023896758, 0.9997111, 0.00258532, -0.12861106;
 -0.015159536, -0.0029481272, 0.99988073, 0.5066871;
 0, 0, 0, 1]
Twc:
[0.99959946, -0.023896758, -0.015159536, -0.013792081;
 0.023854716, 0.9997111, -0.0029481272, 0.12962858;
 0.015225607, 0.00258532, 0.99988073, -0.50657445;
 0, 0, 0, 1]
Ow:
[0.018407207;
 -0.12861106;
 0.5066871]
Keyframe: 56 Frame: 220 Frame from vFrameID : 221
Tcw:
[0.99829596, 0.0023443438, 0.058306921, 0.015761137;
 -0.0028590048, 0.99995768, 0.0087449001, -0.14043339;
 -0.058283951, -0.0088966982, 0.99826038, 0.54452324;
 0, 0, 0, 1]
Twc:
[0.99829596, -0.0028590048, -0.058283951, 0.015601188;
 0.0023443438, 0.99995768, -0.0088966982, 0.14523494;
 0.058306921, 0.0087449001, 0.99826038, -0.54326689;
 0, 0, 0, 1]
Ow:
[0.015761137;
 -0.14043339;
 0.54452324]
Keyframe: 57 Frame: 226 Frame from vFrameID : 227
Tcw:
[0.99710864, -0.0038917281, 0.075889774, 0.0087624677;
 0.0009561489, 0.99925119, 0.03868017, -0.14560457;
 -0.07598348, -0.038495772, 0.99636567, 0.57919747;
 0, 0, 0, 1]
Twc:
[0.99710864, 0.0009561489, -0.07598348, 0.035411526;
 -0.0038917281, 0.99925119, -0.038495772, 0.16782629;
 0.075889774, 0.03868017, 0.99636567, -0.57212549;
 0, 0, 0, 1]
Ow:
[0.0087624677;
 -0.14560457;
 0.57919747]
Keyframe: 58 Frame: 233 Frame from vFrameID : 234
Tcw:
[0.9999336, 0.0085596349, 0.0077184085, 0.007539486;
 -0.0083341356, 0.99955076, -0.028789226, -0.15789044;
 -0.0079613663, 0.028722987, 0.99955571, 0.62380803;
 0, 0, 0, 1]
Twc:
[0.9999336, -0.0083341356, -0.0079613663, -0.0038885013;
 0.0085596349, 0.99955076, 0.028722987, 0.13983734;
 0.0077184085, -0.028789226, 0.99955571, -0.62813461;
 0, 0, 0, 1]
Ow:
[0.007539486;
 -0.15789044;
 0.62380803]
Keyframe: 59 Frame: 239 Frame from vFrameID : 240
Tcw:
[0.99987471, 0.011168941, -0.011215525, 0.011314713;
 -0.011552979, 0.99932814, -0.034781676, -0.16265935;
 0.010819515, 0.03490689, 0.99933201, 0.64889646;
 0, 0, 0, 1]
Twc:
[0.99987471, -0.011552979, 0.010819515, -0.020213241;
 0.011168941, 0.99932814, 0.03490689, 0.13977274;
 -0.011215525, -0.034781676, 0.99933201, -0.65399361;
 0, 0, 0, 1]
Ow:
[0.011314713;
 -0.16265935;
 0.64889646]
Keyframe: 60 Frame: 245 Frame from vFrameID : 246
Tcw:
[0.99942189, 0.026707079, -0.021039043, 0.0098799532;
 -0.027571943, 0.99873918, -0.041950449, -0.17379737;
 0.019892141, 0.042506285, 0.99889815, 0.68454808;
 0, 0, 0, 1]
Twc:
[0.99942189, -0.027571943, 0.019892141, -0.0282833;
 0.026707079, 0.99873918, 0.042506285, 0.14421678;
 -0.021039043, -0.041950449, 0.99889815, -0.69087684;
 0, 0, 0, 1]
Ow:
[0.0098799532;
 -0.17379737;
 0.68454808]
Keyframe: 61 Frame: 251 Frame from vFrameID : 252
Tcw:
[0.99960917, -0.00076613796, -0.027945438, -0.0086492701;
 -0.00050004851, 0.9989745, -0.045274127, -0.17706612;
 0.027951466, 0.045270406, 0.99858367, 0.72065639;
 0, 0, 0, 1]
Twc:
[0.99960917, -0.00050004851, 0.027951466, -0.011586054;
 -0.00076613796, 0.9989745, 0.045270406, 0.14425349;
 -0.027945438, -0.045274127, 0.99858367, -0.72789389;
 0, 0, 0, 1]
Ow:
[-0.0086492701;
 -0.17706612;
 0.72065639]
Keyframe: 62 Frame: 258 Frame from vFrameID : 259
Tcw:
[0.99975526, -0.010391333, -0.019531745, -0.014646255;
 0.010292777, 0.99993384, -0.005139722, -0.17904252;
 0.019583862, 0.004937428, 0.99979603, 0.76215535;
 0, 0, 0, 1]
Twc:
[0.99975526, 0.010292777, 0.019583862, 0.0015595708;
 -0.010391333, 0.99993384, 0.004937428, 0.17511539;
 -0.019531745, -0.005139722, 0.99979603, -0.76320618;
 0, 0, 0, 1]
Ow:
[-0.014646255;
 -0.17904252;
 0.76215535]
Keyframe: 63 Frame: 264 Frame from vFrameID : 265
Tcw:
[0.99947631, -0.021484779, -0.024196086, -0.012165119;
 0.02070458, 0.99927193, -0.032046475, -0.19055112;
 0.024866981, 0.031528726, 0.99919349, 0.80705273;
 0, 0, 0, 1]
Twc:
[0.99947631, 0.02070458, 0.024866981, -0.003964934;
 -0.021484779, 0.99927193, 0.031528726, 0.16470568;
 -0.024196086, -0.032046475, 0.99919349, -0.81280261;
 0, 0, 0, 1]
Ow:
[-0.012165119;
 -0.19055112;
 0.80705273]
Keyframe: 64 Frame: 270 Frame from vFrameID : 271
Tcw:
[0.99975103, 0.0018390933, -0.022237705, -0.0044671232;
 -0.0028322828, 0.99899584, -0.044713747, -0.1897994;
 0.022133142, 0.044765595, 0.9987523, 0.83558464;
 0, 0, 0, 1]
Twc:
[0.99975103, -0.0028322828, 0.022133142, -0.014565668;
 0.0018390933, 0.99899584, 0.044765595, 0.15221156;
 -0.022237705, -0.044713747, 0.9987523, -0.84312809;
 0, 0, 0, 1]
Ow:
[-0.0044671232;
 -0.1897994;
 0.83558464]
Keyframe: 65 Frame: 276 Frame from vFrameID : 277
Tcw:
[0.99956584, 0.027108939, -0.011544229, -0.0010545412;
 -0.027297966, 0.99949044, -0.016544091, -0.19478475;
 0.011089854, 0.016852042, 0.99979651, 0.8682515;
 0, 0, 0, 1]
Twc:
[0.99956584, -0.027297966, 0.011089854, -0.013891926;
 0.027108939, 0.99949044, 0.016852042, 0.18008226;
 -0.011544229, -0.016544091, 0.99979651, -0.87130952;
 0, 0, 0, 1]
Ow:
[-0.0010545412;
 -0.19478475;
 0.8682515]
Keyframe: 66 Frame: 282 Frame from vFrameID : 283
Tcw:
[0.99927503, 0.035245243, 0.014393891, -0.0064975014;
 -0.034798782, 0.9989388, -0.030171562, -0.19310555;
 -0.015442021, 0.029648799, 0.99944109, 0.9137007;
 0, 0, 0, 1]
Twc:
[0.99927503, -0.034798782, -0.015442021, 0.013882336;
 0.035245243, 0.9989388, 0.029648799, 0.16603951;
 0.014393891, -0.030171562, 0.99944109, -0.91892284;
 0, 0, 0, 1]
Ow:
[-0.0064975014;
 -0.19310555;
 0.9137007]
Keyframe: 67 Frame: 288 Frame from vFrameID : 289
Tcw:
[0.99736977, 0.015586901, 0.07078556, -0.013908438;
 -0.013483111, 0.99945587, -0.0301018, -0.19384877;
 -0.071216241, 0.029068217, 0.99703723, 0.95529085;
 0, 0, 0, 1]
Twc:
[0.99736977, -0.013483111, -0.071216241, 0.07929039;
 0.015586901, 0.99945587, 0.029068217, 0.1661915;
 0.07078556, -0.0301018, 0.99703723, -0.95731127;
 0, 0, 0, 1]
Ow:
[-0.013908438;
 -0.19384877;
 0.95529085]
Keyframe: 68 Frame: 293 Frame from vFrameID : 294
Tcw:
[0.99569941, 0.040607359, 0.083268754, -0.01248648;
 -0.038288601, 0.99883831, -0.02925767, -0.19731165;
 -0.0843601, 0.025943602, 0.99609756, 0.98887509;
 0, 0, 0, 1]
Twc:
[0.99569941, -0.038288601, -0.0843601, 0.088299602;
 0.040607359, 0.99883831, 0.025943602, 0.1719345;
 0.083268754, -0.02925767, 0.99609756, -0.98974919;
 0, 0, 0, 1]
Ow:
[-0.01248648;
 -0.19731165;
 0.98887509]
Keyframe: 69 Frame: 299 Frame from vFrameID : 300
Tcw:
[0.99772197, 0.065659158, 0.015484949, -0.0089106578;
 -0.065159149, 0.99739814, -0.030843113, -0.20329915;
 -0.017469792, 0.029763864, 0.99940431, 1.0275562;
 0, 0, 0, 1]
Twc:
[0.99772197, -0.065159149, -0.017469792, 0.01359475;
 0.065659158, 0.99739814, 0.029763864, 0.17277122;
 0.015484949, -0.030843113, 0.99940431, -1.0330764;
 0, 0, 0, 1]
Ow:
[-0.0089106578;
 -0.20329915;
 1.0275562]
Keyframe: 70 Frame: 305 Frame from vFrameID : 306
Tcw:
[0.99688107, 0.07301677, -0.029944278, -0.0095594861;
 -0.073282659, 0.99728006, -0.0078789555, -0.21040836;
 0.029287538, 0.010048778, 0.99952054, 1.0632005;
 0, 0, 0, 1]
Twc:
[0.99688107, -0.073282659, 0.029287538, -0.037028134;
 0.07301677, 0.99728006, 0.010048778, 0.19985022;
 -0.029944278, -0.0078789555, 0.99952054, -1.0646347;
 0, 0, 0, 1]
Ow:
[-0.0095594861;
 -0.21040836;
 1.0632005]
Keyframe: 71 Frame: 311 Frame from vFrameID : 312
Tcw:
[0.99820554, 0.058836464, -0.011136276, -0.011887744;
 -0.059236027, 0.99744999, -0.039806824, -0.21649924;
 0.008765785, 0.040395062, 0.99914533, 1.1034073;
 0, 0, 0, 1]
Twc:
[0.99820554, -0.059236027, 0.008765785, -0.010630374;
 0.058836464, 0.99744999, 0.040395062, 0.17207439;
 -0.011136276, -0.039806824, 0.99914533, -1.1112148;
 0, 0, 0, 1]
Ow:
[-0.011887744;
 -0.21649924;
 1.1034073]
Keyframe: 72 Frame: 317 Frame from vFrameID : 318
Tcw:
[0.99743843, 0.063282706, 0.033345643, -0.013469543;
 -0.062507704, 0.99776083, -0.023793885, -0.22014561;
 -0.034776717, 0.021648576, 0.99916059, 1.1352692;
 0, 0, 0, 1]
Twc:
[0.99743843, -0.062507704, -0.034776717, 0.039155178;
 0.063282706, 0.99776083, 0.021648576, 0.1959281;
 0.033345643, -0.023793885, 0.99916059, -1.1391052;
 0, 0, 0, 1]
Ow:
[-0.013469543;
 -0.22014561;
 1.1352692]
Keyframe: 73 Frame: 323 Frame from vFrameID : 324
Tcw:
[0.99799865, 0.05106556, 0.037296392, -0.014916241;
 -0.050362412, 0.99853951, -0.019555913, -0.22254096;
 -0.038240556, 0.017638437, 0.9991129, 1.1749566;
 0, 0, 0, 1]
Twc:
[0.99799865, -0.050362412, -0.038240556, 0.048609681;
 0.05106556, 0.99853951, 0.017638437, 0.20225325;
 0.037296392, -0.019555913, 0.9991129, -1.1777099;
 0, 0, 0, 1]
Ow:
[-0.014916241;
 -0.22254096;
 1.1749566]
Keyframe: 74 Frame: 329 Frame from vFrameID : 330
Tcw:
[0.99738616, 0.071017444, 0.013317816, -0.015041664;
 -0.070706509, 0.99724287, -0.022522341, -0.23035316;
 -0.014880576, 0.021521816, 0.99965763, 1.2038307;
 0, 0, 0, 1]
Twc:
[0.99738616, -0.070706509, -0.014880576, 0.016628576;
 0.071017444, 0.99724287, 0.021521816, 0.20487764;
 0.013317816, -0.022522341, 0.99965763, -1.2084064;
 0, 0, 0, 1]
Ow:
[-0.015041664;
 -0.23035316;
 1.2038307]
Keyframe: 75 Frame: 334 Frame from vFrameID : 335
Tcw:
[0.99693274, 0.073672526, -0.026410226, -0.018530834;
 -0.07416182, 0.99708283, -0.018051343, -0.23487258;
 0.025003294, 0.019954605, 0.99948817, 1.2325915;
 0, 0, 0, 1]
Twc:
[0.99693274, -0.07416182, 0.025003294, -0.029763434;
 0.073672526, 0.99708283, 0.019954605, 0.21095677;
 -0.026410226, -0.018051343, 0.99948817, -1.2366899;
 0, 0, 0, 1]
Ow:
[-0.018530834;
 -0.23487258;
 1.2325915]
Keyframe: 76 Frame: 339 Frame from vFrameID : 340
Tcw:
[0.99807954, 0.055209137, -0.028092803, -0.025014585;
 -0.056134634, 0.99786782, -0.033297047, -0.23795183;
 0.026194602, 0.034810081, 0.99905062, 1.265193;
 0, 0, 0, 1]
Twc:
[0.99807954, -0.056134634, 0.026194602, -0.02153202;
 0.055209137, 0.99786782, 0.034810081, 0.19478405;
 -0.028092803, -0.033297047, 0.99905062, -1.2726176;
 0, 0, 0, 1]
Ow:
[-0.025014585;
 -0.23795183;
 1.265193]
Keyframe: 77 Frame: 345 Frame from vFrameID : 346
Tcw:
[0.99887544, 0.046608552, 0.0086864177, -0.027172159;
 -0.046231367, 0.99815017, -0.039482269, -0.24487546;
 -0.010510561, 0.039036285, 0.99918252, 1.3025926;
 0, 0, 0, 1]
Twc:
[0.99887544, -0.046231367, -0.010510561, 0.029511655;
 0.046608552, 0.99815017, 0.039036285, 0.19484058;
 0.0086864177, -0.039482269, 0.99918252, -1.3109601;
 0, 0, 0, 1]
Ow:
[-0.027172159;
 -0.24487546;
 1.3025926]
Keyframe: 78 Frame: 351 Frame from vFrameID : 352
Tcw:
[0.99877304, 0.049066059, -0.006704079, -0.026992805;
 -0.049288545, 0.99804258, -0.038491916, -0.25248125;
 0.0048023099, 0.03877512, 0.9992364, 1.3410691;
 0, 0, 0, 1]
Twc:
[0.99877304, -0.049288545, 0.0048023099, 0.008075024;
 0.049066059, 0.99804258, 0.03877512, 0.20131135;
 -0.006704079, -0.038491916, 0.9992364, -1.3499446;
 0, 0, 0, 1]
Ow:
[-0.026992805;
 -0.25248125;
 1.3410691]
Keyframe: 79 Frame: 356 Frame from vFrameID : 357
Tcw:
[0.99713194, 0.057525314, -0.049180683, -0.026658919;
 -0.059597805, 0.99734831, -0.041766383, -0.25730243;
 0.046647646, 0.044577654, 0.99791622, 1.36972;
 0, 0, 0, 1]
Twc:
[0.99713194, -0.059597805, 0.046647646, -0.052646421;
 0.057525314, 0.99734831, 0.044577654, 0.19709478;
 -0.049180683, -0.041766383, 0.99791622, -1.3789237;
 0, 0, 0, 1]
Ow:
[-0.026658919;
 -0.25730243;
 1.36972]
Keyframe: 80 Frame: 362 Frame from vFrameID : 363
Tcw:
[0.99728787, 0.051067475, -0.052999988, -0.031490788;
 -0.052618876, 0.99821359, -0.028300371, -0.26381397;
 0.05146008, 0.031012418, 0.99819344, 1.4034147;
 0, 0, 0, 1]
Twc:
[0.99728787, -0.052618876, 0.05146008, -0.054696046;
 0.051067475, 0.99821359, 0.031012418, 0.22142756;
 -0.052999988, -0.028300371, 0.99819344, -1.4100144;
 0, 0, 0, 1]
Ow:
[-0.031490788;
 -0.26381397;
 1.4034147]
Keyframe: 81 Frame: 367 Frame from vFrameID : 368
Tcw:
[0.99942595, 0.031257976, -0.013065255, -0.033468705;
 -0.031669643, 0.99896699, -0.032588433, -0.26592326;
 0.01203311, 0.032983497, 0.99938345, 1.4283434;
 0, 0, 0, 1]
Twc:
[0.99942595, -0.031669643, 0.01203311, 0.0078403847;
 0.031257976, 0.99896699, 0.032983497, 0.21958295;
 -0.013065255, -0.032588433, 0.99938345, -1.4365661;
 0, 0, 0, 1]
Ow:
[-0.033468705;
 -0.26592326;
 1.4283434]
Keyframe: 82 Frame: 372 Frame from vFrameID : 373
Tcw:
[0.99892056, 0.017101495, 0.04318871, -0.036376536;
 -0.016996788, 0.99985164, -0.0027904562, -0.27270007;
 -0.043230023, 0.0020533747, 0.99906301, 1.4560399;
 0, 0, 0, 1]
Twc:
[0.99892056, -0.016996788, -0.043230023, 0.094646871;
 0.017101495, 0.99985164, 0.0020533747, 0.27029192;
 0.04318871, -0.0027904562, 0.99906301, -1.4538655;
 0, 0, 0, 1]
Ow:
[-0.036376536;
 -0.27270007;
 1.4560399]
Keyframe: 83 Frame: 376 Frame from vFrameID : 377
Tcw:
[0.9974457, 0.0082788141, 0.070947595, -0.040304162;
 -0.0083363913, 0.99996513, 0.00051549071, -0.27488035;
 -0.070940852, -0.0011056209, 0.99747992, 1.4777544;
 0, 0, 0, 1]
Twc:
[0.9974457, -0.0083363913, -0.070940852, 0.14274286;
 0.0082788141, 0.99996513, -0.0011056209, 0.27683824;
 0.070947595, 0.00051549071, 0.99747992, -1.4710292;
 0, 0, 0, 1]
Ow:
[-0.040304162;
 -0.27488035;
 1.4777544]
Keyframe: 84 Frame: 381 Frame from vFrameID : 382
Tcw:
[0.99803478, 0.010881737, 0.061710421, -0.042898081;
 -0.010636703, 0.9999342, -0.0042978274, -0.2796118;
 -0.061753128, 0.0036329855, 0.99808484, 1.5088998;
 0, 0, 0, 1]
Twc:
[0.99803478, -0.010636703, -0.061753128, 0.13301891;
 0.010881737, 0.9999342, 0.0036329855, 0.27457839;
 0.061710421, -0.0042978274, 0.99808484, -1.5045645;
 0, 0, 0, 1]
Ow:
[-0.042898081;
 -0.2796118;
 1.5088998]
Keyframe: 85 Frame: 386 Frame from vFrameID : 387
Tcw:
[0.99938893, 0.032201774, 0.013592342, -0.038619138;
 -0.031929102, 0.99929357, -0.019822694, -0.28242052;
 -0.014221066, 0.019376591, 0.9997111, 1.533071;
 0, 0, 0, 1]
Twc:
[0.99938893, -0.031929102, -0.014221066, 0.051380016;
 0.032201774, 0.99929357, 0.019376591, 0.25375891;
 0.013592342, -0.019822694, 0.9997111, -1.5377016;
 0, 0, 0, 1]
Ow:
[-0.038619138;
 -0.28242052;
 1.533071]
Keyframe: 86 Frame: 391 Frame from vFrameID : 392
Tcw:
[0.99917698, 0.035728332, -0.019205382, -0.036527034;
 -0.036342569, 0.998806, -0.032646488, -0.28897205;
 0.018016046, 0.033317592, 0.99928242, 1.5605042;
 0, 0, 0, 1]
Twc:
[0.99917698, -0.036342569, 0.018016046, -0.0021191342;
 0.035728332, 0.998806, 0.033317592, 0.23793983;
 -0.019205382, -0.032646488, 0.99928242, -1.5695199;
 0, 0, 0, 1]
Ow:
[-0.036527034;
 -0.28897205;
 1.5605042]
Keyframe: 87 Frame: 396 Frame from vFrameID : 397
Tcw:
[0.99891913, 0.043082148, -0.017450383, -0.037783381;
 -0.043692924, 0.99838609, -0.03627887, -0.29253173;
 0.015859246, 0.037002116, 0.99918932, 1.5865433;
 0, 0, 0, 1]
Twc:
[0.99891913, -0.043692924, 0.015859246, -0.00020040787;
 0.043082148, 0.99838609, 0.037002116, 0.23498192;
 -0.017450383, -0.03627887, 0.99918932, -1.5965292;
 0, 0, 0, 1]
Ow:
[-0.037783381;
 -0.29253173;
 1.5865433]
Keyframe: 88 Frame: 401 Frame from vFrameID : 402
Tcw:
[0.99942154, 0.033710271, 0.0044894484, -0.043571092;
 -0.033514008, 0.99870402, -0.038303494, -0.29401085;
 -0.0057748514, 0.038130879, 0.99925607, 1.6190706;
 0, 0, 0, 1]
Twc:
[0.99942154, -0.033514008, -0.0057748514, 0.043042298;
 0.033710271, 0.99870402, 0.038130879, 0.23336202;
 0.0044894484, -0.038303494, 0.99925607, -1.6289321;
 0, 0, 0, 1]
Ow:
[-0.043571092;
 -0.29401085;
 1.6190706]
