Keyframe: 0 Frame: 0 Frame from vFrameID : 126
Tcw:
[0.99629331, -0.042148065, -0.074988268, 0.14237218;
 -0.051941305, 0.40012574, -0.91498715, -0.015310111;
 0.068569675, 0.91549057, 0.39645335, 0.0731574;
 0, 0, 0, 1]
Twc:
[0.99629331, -0.051941305, 0.068569675, -0.14765605;
 -0.042148065, 0.40012574, 0.91549057, -0.054848224;
 -0.074988268, -0.91498715, 0.39645335, -0.032335807;
 0, 0, 0, 1]
Ow:
[0.14237218;
 -0.015310111;
 0.0731574]
Keyframe: 1 Frame: 131 Frame from vFrameID : 126
Tcw:
[0.99535275, -0.062567815, -0.073199227, 0.15541424;
 -0.040739477, 0.41516286, -0.90883446, -0.025817171;
 0.087253392, 0.90759301, 0.41068453, 0.077988043;
 0, 0, 0, 1]
Twc:
[0.99535275, -0.040739477, 0.087253392, -0.1625485;
 -0.062567815, 0.41516286, 0.90759301, -0.050339144;
 -0.073199227, -0.90883446, 0.41068453, -0.044115815;
 0, 0, 0, 1]
Ow:
[0.15541424;
 -0.025817171;
 0.077988043]
Keyframe: 2 Frame: 132 Frame from vFrameID : 133
Tcw:
[0.99535453, -0.062460449, -0.073266648, 0.15535377;
 -0.040843334, 0.41518429, -0.90882003, -0.026037961;
 0.087184466, 0.90759057, 0.41070449, 0.078112938;
 0, 0, 0, 1]
Twc:
[0.99535453, -0.040843334, 0.087184466, -0.16250581;
 -0.062460449, 0.41518429, 0.90759057, -0.050380547;
 -0.073266648, -0.90882003, 0.41070449, -0.044362899;
 0, 0, 0, 1]
Ow:
[0.15535377;
 -0.026037961;
 0.078112938]
Keyframe: 3 Frame: 136 Frame from vFrameID : 137
Tcw:
[0.99632806, -0.052888203, -0.067329206, 0.15557106;
 -0.040135078, 0.40612876, -0.91293406, -0.03129679;
 0.075627767, 0.91228408, 0.40251482, 0.1001935;
 0, 0, 0, 1]
Twc:
[0.99632806, -0.040135078, 0.075627767, -0.16383334;
 -0.052888203, 0.40612876, 0.91228408, -0.070466541;
 -0.067329206, -0.91293406, 0.40251482, -0.058426801;
 0, 0, 0, 1]
Ow:
[0.15557106;
 -0.03129679;
 0.1001935]
Keyframe: 4 Frame: 139 Frame from vFrameID : 140
Tcw:
[0.99780697, -0.0475442, -0.046052173, 0.15437923;
 -0.023388861, 0.39761046, -0.91725618, -0.035638936;
 0.061921038, 0.91632169, 0.39562649, 0.11290913;
 0, 0, 0, 1]
Twc:
[0.99780697, -0.023388861, 0.061921038, -0.16186567;
 -0.0475442, 0.39761046, 0.91632169, -0.081950843;
 -0.046052173, -0.91725618, 0.39562649, -0.070250377;
 0, 0, 0, 1]
Ow:
[0.15437923;
 -0.035638936;
 0.11290913]
Keyframe: 5 Frame: 142 Frame from vFrameID : 143
Tcw:
[0.99825412, -0.03924121, -0.044145431, 0.14916153;
 -0.025785334, 0.38289014, -0.92343396, -0.040925462;
 0.053139515, 0.92296004, 0.38120982, 0.11661799;
 0, 0, 0, 1]
Twc:
[0.99825412, -0.025785334, 0.053139515, -0.15615343;
 -0.03924121, 0.38289014, 0.92296004, -0.086110517;
 -0.044145431, -0.92343396, 0.38120982, -0.075663082;
 0, 0, 0, 1]
Ow:
[0.14916153;
 -0.040925462;
 0.11661799]
Keyframe: 6 Frame: 145 Frame from vFrameID : 146
Tcw:
[0.99874449, -0.047507681, -0.01588943, 0.15145159;
 0.0042059631, 0.39559463, -0.91841561, -0.048531607;
 0.049917568, 0.91719568, 0.39529777, 0.1191656;
 0, 0, 0, 1]
Twc:
[0.99874449, 0.0042059631, 0.049917568, -0.15700577;
 -0.047507681, 0.39559463, 0.91719568, -0.08290422;
 -0.01588943, -0.91841561, 0.39529777, -0.089271598;
 0, 0, 0, 1]
Ow:
[0.15145159;
 -0.048531607;
 0.1191656]
Keyframe: 7 Frame: 147 Frame from vFrameID : 148
Tcw:
[0.9990921, -0.041996632, -0.0071611796, 0.15288649;
 0.010457024, 0.40469119, -0.9143936, -0.051195256;
 0.041299518, 0.91348857, 0.40476292, 0.12288612;
 0, 0, 0, 1]
Twc:
[0.9990921, 0.010457024, 0.041299518, -0.15728748;
 -0.041996632, 0.40469119, 0.91348857, -0.085116073;
 -0.0071611796, -0.9143936, 0.40476292, -0.095457517;
 0, 0, 0, 1]
Ow:
[0.15288649;
 -0.051195256;
 0.12288612]
Keyframe: 8 Frame: 150 Frame from vFrameID : 151
Tcw:
[0.99910414, -0.041837495, -0.0063636862, 0.15630694;
 0.011913245, 0.42235586, -0.9063518, -0.059877459;
 0.040607229, 0.90546405, 0.4224759, 0.13572989;
 0, 0, 0, 1]
Twc:
[0.99910414, 0.011913245, 0.040607229, -0.16096519;
 -0.041837495, 0.42235586, 0.90546405, -0.09106946;
 -0.0063636862, -0.9063518, 0.4224759, -0.11061797;
 0, 0, 0, 1]
Ow:
[0.15630694;
 -0.059877459;
 0.13572989]
Keyframe: 9 Frame: 153 Frame from vFrameID : 154
Tcw:
[0.99906379, -0.042092688, -0.0099851741, 0.16298833;
 0.0086630126, 0.42079937, -0.90711236, -0.064236283;
 0.042384554, 0.90617663, 0.42077008, 0.14475873;
 0, 0, 0, 1]
Twc:
[0.99906379, 0.0086630126, 0.042384554, -0.1684148;
 -0.042092688, 0.42079937, 0.90617663, -0.097285777;
 -0.0099851741, -0.90711236, 0.42077008, -0.11755221;
 0, 0, 0, 1]
Ow:
[0.16298833;
 -0.064236283;
 0.14475873]
Keyframe: 10 Frame: 157 Frame from vFrameID : 158
Tcw:
[0.99921346, -0.036495265, -0.015510639, 0.16594073;
 0.00085269235, 0.41082773, -0.91171259, -0.065942168;
 0.039645392, 0.91098225, 0.41053572, 0.16102558;
 0, 0, 0, 1]
Twc:
[0.99921346, 0.00085269235, 0.039645392, -0.1721379;
 -0.036495265, 0.41082773, 0.91098225, -0.11354453;
 -0.015510639, -0.91171259, 0.41053572, -0.12365322;
 0, 0, 0, 1]
Ow:
[0.16594073;
 -0.065942168;
 0.16102558]
Keyframe: 11 Frame: 161 Frame from vFrameID : 162
Tcw:
[0.99901587, -0.032422718, -0.030265775, 0.17274243;
 -0.014561542, 0.40479445, -0.91429174, -0.070310622;
 0.041895241, 0.91383272, 0.40392396, 0.16890369;
 0, 0, 0, 1]
Twc:
[0.99901587, -0.014561542, 0.041895241, -0.18067253;
 -0.032422718, 0.40479445, 0.91383272, -0.12028758;
 -0.030265775, -0.91429174, 0.40392396, -0.12728049;
 0, 0, 0, 1]
Ow:
[0.17274243;
 -0.070310622;
 0.16890369]
Keyframe: 12 Frame: 165 Frame from vFrameID : 166
Tcw:
[0.99822235, -0.038323965, -0.045644131, 0.184236;
 -0.026216669, 0.40542278, -0.91375327, -0.080386803;
 0.053523816, 0.91332561, 0.40369734, 0.17986846;
 0, 0, 0, 1]
Twc:
[0.99822235, -0.026216669, 0.053523816, -0.19564322;
 -0.038323965, 0.40542278, 0.91332561, -0.12462718;
 -0.045644131, -0.91375327, 0.40369734, -0.13765684;
 0, 0, 0, 1]
Ow:
[0.184236;
 -0.080386803;
 0.17986846]
Keyframe: 13 Frame: 169 Frame from vFrameID : 170
Tcw:
[0.9984079, -0.039651908, -0.040117186, 0.19088975;
 -0.019391594, 0.42658359, -0.90424025, -0.087305412;
 0.052968185, 0.90357852, 0.42513549, 0.18743062;
 0, 0, 0, 1]
Twc:
[0.9984079, -0.019391594, 0.052968185, -0.2022067;
 -0.039651908, 0.42658359, 0.90357852, -0.1245461;
 -0.040117186, -0.90424025, 0.42513549, -0.15097052;
 0, 0, 0, 1]
Ow:
[0.19088975;
 -0.087305412;
 0.18743062]
Keyframe: 14 Frame: 174 Frame from vFrameID : 175
Tcw:
[0.99855065, -0.040018465, -0.035987973, 0.19973995;
 -0.01539238, 0.42839378, -0.90346104, -0.099058524;
 0.051572148, 0.90270555, 0.4271569, 0.20220497;
 0, 0, 0, 1]
Twc:
[0.99855065, -0.01539238, 0.051572148, -0.21140334;
 -0.040018465, 0.42839378, 0.90270555, -0.13210221;
 -0.035987973, -0.90346104, 0.4271569, -0.16868053;
 0, 0, 0, 1]
Ow:
[0.19973995;
 -0.099058524;
 0.20220497]
Keyframe: 15 Frame: 179 Frame from vFrameID : 180
Tcw:
[0.99901545, -0.033746652, -0.028797926, 0.20189971;
 -0.012396757, 0.41092196, -0.91158623, -0.1058837;
 0.042596683, 0.91104573, 0.41009903, 0.2104463;
 0, 0, 0, 1]
Twc:
[0.99901545, -0.012396757, 0.042596683, -0.21197785;
 -0.033746652, 0.41092196, 0.91104573, -0.14140283;
 -0.028797926, -0.91158623, 0.41009903, -0.17701165;
 0, 0, 0, 1]
Ow:
[0.20189971;
 -0.1058837;
 0.2104463]
Keyframe: 16 Frame: 184 Frame from vFrameID : 185
Tcw:
[0.99952942, -0.029083436, -0.0097493352, 0.21004057;
 0.0030122858, 0.40936759, -0.91236454, -0.10985838;
 0.030525759, 0.91190588, 0.40926257, 0.22129041;
 0, 0, 0, 1]
Twc:
[0.99952942, 0.0030122858, 0.030525759, -0.21636587;
 -0.029083436, 0.40936759, 0.91190588, -0.15071484;
 -0.0097493352, -0.91236454, 0.40926257, -0.18874902;
 0, 0, 0, 1]
Ow:
[0.21004057;
 -0.10985838;
 0.22129041]
Keyframe: 17 Frame: 189 Frame from vFrameID : 190
Tcw:
[0.99942815, -0.026577715, -0.020903973, 0.21794392;
 -0.0082290024, 0.4084501, -0.91274357, -0.11763766;
 0.032796867, 0.91239363, 0.40799782, 0.232972;
 0, 0, 0, 1]
Twc:
[0.99942815, -0.0082290024, 0.032796867, -0.22642808;
 -0.026577715, 0.4084501, 0.91239363, -0.1587206;
 -0.020903973, -0.91274357, 0.40799782, -0.1978692;
 0, 0, 0, 1]
Ow:
[0.21794392;
 -0.11763766;
 0.232972]
Keyframe: 18 Frame: 195 Frame from vFrameID : 196
Tcw:
[0.99852902, -0.03018616, -0.045040127, 0.23668376;
 -0.02875155, 0.4094933, -0.91185993, -0.13062686;
 0.045969181, 0.91181362, 0.40802303, 0.24486712;
 0, 0, 0, 1]
Twc:
[0.99852902, -0.02875155, 0.045969181, -0.25134766;
 -0.03018616, 0.4094933, 0.91181362, -0.16263777;
 -0.045040127, -0.91185993, 0.40802303, -0.20836456;
 0, 0, 0, 1]
Ow:
[0.23668376;
 -0.13062686;
 0.24486712]
Keyframe: 19 Frame: 201 Frame from vFrameID : 202
Tcw:
[0.99760717, -0.04062264, -0.05594366, 0.24953237;
 -0.034745581, 0.40497959, -0.91366529, -0.13524491;
 0.059771538, 0.91342288, 0.4025991, 0.25273311;
 0, 0, 0, 1]
Twc:
[0.99760717, -0.034745581, 0.059771538, -0.26874068;
 -0.04062264, 0.40497959, 0.91342288, -0.16594413;
 -0.05594366, -0.91366529, 0.4025991, -0.21135893;
 0, 0, 0, 1]
Ow:
[0.24953237;
 -0.13524491;
 0.25273311]
Keyframe: 20 Frame: 207 Frame from vFrameID : 208
Tcw:
[0.99866199, -0.028805744, -0.042947456, 0.25325406;
 -0.027797543, 0.40128666, -0.91553062, -0.14231533;
 0.04360678, 0.91549945, 0.39994901, 0.26552978;
 0, 0, 0, 1]
Twc:
[0.99866199, -0.027797543, 0.04360678, -0.26845011;
 -0.028805744, 0.40128666, 0.91549945, -0.17868795;
 -0.042947456, -0.91553062, 0.39994901, -0.22561578;
 0, 0, 0, 1]
Ow:
[0.25325406;
 -0.14231533;
 0.26552978]
Keyframe: 21 Frame: 214 Frame from vFrameID : 215
Tcw:
[0.99960625, -0.018977357, -0.020667534, 0.24794501;
 -0.011444043, 0.39678597, -0.91783983, -0.14364052;
 0.025618762, 0.91771495, 0.39641258, 0.27859199;
 0, 0, 0, 1]
Twc:
[0.99960625, -0.011444043, 0.025618762, -0.25662842;
 -0.018977357, 0.39678597, 0.91771495, -0.19396816;
 -0.020667534, -0.91783983, 0.39641258, -0.23715194;
 0, 0, 0, 1]
Ow:
[0.24794501;
 -0.14364052;
 0.27859199]
Keyframe: 22 Frame: 220 Frame from vFrameID : 221
Tcw:
[0.999749, -0.01349618, -0.017882345, 0.25656849;
 -0.010938553, 0.40253127, -0.9153409, -0.14687799;
 0.019551808, 0.91530675, 0.4022826, 0.2960515;
 0, 0, 0, 1]
Twc:
[0.999749, -0.010938553, 0.019551808, -0.26389909;
 -0.01349618, 0.40253127, 0.91530675, -0.20839228;
 -0.017882345, -0.9153409, 0.4022826, -0.24895175;
 0, 0, 0, 1]
Ow:
[0.25656849;
 -0.14687799;
 0.2960515]
Keyframe: 23 Frame: 227 Frame from vFrameID : 228
Tcw:
[0.9993313, -0.017845035, -0.031914808, 0.26784652;
 -0.022557737, 0.38605547, -0.92219973, -0.1546801;
 0.028777571, 0.92230296, 0.38539475, 0.31268001;
 0, 0, 0, 1]
Twc:
[0.9993313, -0.022557737, 0.028777571, -0.28015479;
 -0.017845035, 0.38605547, 0.92230296, -0.22389086;
 -0.031914808, -0.92219973, 0.38539475, -0.25460291;
 0, 0, 0, 1]
Ow:
[0.26784652;
 -0.1546801;
 0.31268001]
Keyframe: 24 Frame: 235 Frame from vFrameID : 236
Tcw:
[0.99823457, -0.022341501, -0.055032946, 0.27781346;
 -0.041507114, 0.40035221, -0.91542083, -0.16529989;
 0.042484436, 0.91608894, 0.39871809, 0.32944274;
 0, 0, 0, 1]
Twc:
[0.99823457, -0.041507114, 0.042484436, -0.29818034;
 -0.022341501, 0.40035221, 0.91608894, -0.22941391;
 -0.055032946, -0.91542083, 0.39871809, -0.26738483;
 0, 0, 0, 1]
Ow:
[0.27781346;
 -0.16529989;
 0.32944274]
Keyframe: 25 Frame: 242 Frame from vFrameID : 243
Tcw:
[0.99927652, -0.023196904, -0.030138781, 0.27926788;
 -0.018133799, 0.405972, -0.91370559, -0.16899467;
 0.033430643, 0.91359109, 0.40525764, 0.34643465;
 0, 0, 0, 1]
Twc:
[0.99927652, -0.018133799, 0.033430643, -0.29371187;
 -0.023196904, 0.405972, 0.91359109, -0.24141435;
 -0.030138781, -0.91370559, 0.40525764, -0.28638986;
 0, 0, 0, 1]
Ow:
[0.27926788;
 -0.16899467;
 0.34643465]
Keyframe: 26 Frame: 248 Frame from vFrameID : 249
Tcw:
[0.99973768, 0.0076922961, 0.021573842, 0.27345806;
 0.016722688, 0.3984926, -0.91701907, -0.16839379;
 -0.015650999, 0.91713929, 0.39825943, 0.3724997;
 0, 0, 0, 1]
Twc:
[0.99973768, 0.016722688, -0.015650999, -0.26474032;
 0.0076922961, 0.3984926, 0.91713929, -0.27663392;
 0.021573842, -0.91701907, 0.39825943, -0.30867139;
 0, 0, 0, 1]
Ow:
[0.27345806;
 -0.16839379;
 0.3724997]
Keyframe: 27 Frame: 255 Frame from vFrameID : 256
Tcw:
[0.99937373, 0.027503589, 0.022264283, 0.28866044;
 0.0090874815, 0.40860397, -0.91266656, -0.17946951;
 -0.03419888, 0.91229731, 0.40809813, 0.38077235;
 0, 0, 0, 1]
Twc:
[0.99937373, 0.0090874815, -0.03419888, -0.27382672;
 0.027503589, 0.40860397, 0.91229731, -0.28198484;
 0.022264283, -0.91266656, 0.40809813, -0.32561511;
 0, 0, 0, 1]
Ow:
[0.28866044;
 -0.17946951;
 0.38077235]
Keyframe: 28 Frame: 262 Frame from vFrameID : 263
Tcw:
[0.9988488, 0.0018680216, -0.047933102, 0.31873265;
 -0.045008462, 0.38213, -0.92301184, -0.17153357;
 0.016592469, 0.92410672, 0.38177416, 0.41895103;
 0, 0, 0, 1]
Twc:
[0.9988488, -0.045008462, 0.016592469, -0.33303761;
 0.0018680216, 0.38213, 0.92410672, -0.32220271;
 -0.047933102, -0.92301184, 0.38177416, -0.30299437;
 0, 0, 0, 1]
Ow:
[0.31873265;
 -0.17153357;
 0.41895103]
Keyframe: 29 Frame: 270 Frame from vFrameID : 271
Tcw:
[0.99889988, -0.021722175, -0.041558694, 0.32790133;
 -0.02950114, 0.39778644, -0.91700363, -0.17634532;
 0.0364508, 0.91722083, 0.39670801, 0.43903303;
 0, 0, 0, 1]
Twc:
[0.99889988, -0.02950114, 0.0364508, -0.34874612;
 -0.021722175, 0.39778644, 0.91722083, -0.32541978;
 -0.041558694, -0.91700363, 0.39670801, -0.32225007;
 0, 0, 0, 1]
Ow:
[0.32790133;
 -0.17634532;
 0.43903303]
Keyframe: 30 Frame: 277 Frame from vFrameID : 278
Tcw:
[0.99949324, -0.011166932, -0.029808456, 0.33787265;
 -0.022996923, 0.39415222, -0.91875738, -0.1790307;
 0.022008771, 0.91897732, 0.39369568, 0.4656387;
 0, 0, 0, 1]
Twc:
[0.99949324, -0.022996923, 0.022008771, -0.35206676;
 -0.011166932, 0.39415222, 0.91897732, -0.35357305;
 -0.029808456, -0.91875738, 0.39369568, -0.33773428;
 0, 0, 0, 1]
Ow:
[0.33787265;
 -0.1790307;
 0.4656387]
Keyframe: 31 Frame: 284 Frame from vFrameID : 285
Tcw:
[0.99993819, -0.0025878877, -0.010810329, 0.34060004;
 -0.0090115303, 0.38064867, -0.92467582, -0.18562587;
 0.0065078945, 0.92471611, 0.38060182, 0.47491789;
 0, 0, 0, 1]
Twc:
[0.99993819, -0.0090115303, 0.0065078945, -0.34534249;
 -0.0025878877, 0.38064867, 0.92471611, -0.36762452;
 -0.010810329, -0.92467582, 0.38060182, -0.34871638;
 0, 0, 0, 1]
Ow:
[0.34060004;
 -0.18562587;
 0.47491789]
Keyframe: 32 Frame: 292 Frame from vFrameID : 293
Tcw:
[0.99873394, -0.021948883, -0.045263451, 0.35133103;
 -0.033117801, 0.39039752, -0.92005056, -0.18847671;
 0.037864819, 0.92038471, 0.38917634, 0.49456018;
 0, 0, 0, 1]
Twc:
[0.99873394, -0.033117801, 0.037864819, -0.37585458;
 -0.021948883, 0.39039752, 0.92038471, -0.3738935;
 -0.045263451, -0.92005056, 0.38917634, -0.34997678;
 0, 0, 0, 1]
Ow:
[0.35133103;
 -0.18847671;
 0.49456018]
Keyframe: 33 Frame: 300 Frame from vFrameID : 301
Tcw:
[0.98930645, -0.072564252, -0.12651964, 0.3926217;
 -0.092498645, 0.35853982, -0.92892045, -0.19052136;
 0.11276875, 0.93068987, 0.34799364, 0.53359932;
 0, 0, 0, 1]
Twc:
[0.98930645, -0.092498645, 0.11276875, -0.46621946;
 -0.072564252, 0.35853982, 0.93068987, -0.39981568;
 -0.12651964, -0.92892045, 0.34799364, -0.312994;
 0, 0, 0, 1]
Ow:
[0.3926217;
 -0.19052136;
 0.53359932]
Keyframe: 34 Frame: 307 Frame from vFrameID : 308
Tcw:
[0.98874485, -0.072602883, -0.1308146, 0.39124361;
 -0.097765714, 0.34831402, -0.93226564, -0.19839191;
 0.11324973, 0.93456203, 0.33729562, 0.54954386;
 0, 0, 0, 1]
Twc:
[0.98874485, -0.097765714, 0.11324973, -0.46847171;
 -0.072602883, 0.34831402, 0.93456203, -0.41607469;
 -0.1308146, -0.93226564, 0.33729562, -0.3191323;
 0, 0, 0, 1]
Ow:
[0.39124361;
 -0.19839191;
 0.54954386]
Keyframe: 35 Frame: 314 Frame from vFrameID : 315
Tcw:
[0.9943487, -0.043995492, -0.096618071, 0.38108516;
 -0.073741488, 0.3684845, -0.92670459, -0.20049587;
 0.076373085, 0.92859226, 0.36315778, 0.56915718;
 0, 0, 0, 1]
Twc:
[0.9943487, -0.073741488, 0.076373085, -0.43718469;
 -0.043995492, 0.3684845, 0.92859226, -0.43786931;
 -0.096618071, -0.92670459, 0.36315778, -0.35567459;
 0, 0, 0, 1]
Ow:
[0.38108516;
 -0.20049587;
 0.56915718]
Keyframe: 36 Frame: 321 Frame from vFrameID : 322
Tcw:
[0.99779242, -0.013795681, -0.064961456, 0.37075356;
 -0.055963542, 0.35197553, -0.9343347, -0.20680086;
 0.035754625, 0.93590754, 0.35042647, 0.58455628;
 0, 0, 0, 1]
Twc:
[0.99779242, -0.055963542, 0.035754625, -0.40240899;
 -0.013795681, 0.35197553, 0.93590754, -0.46918696;
 -0.064961456, -0.9343347, 0.35042647, -0.37398049;
 0, 0, 0, 1]
Ow:
[0.37075356;
 -0.20680086;
 0.58455628]
Keyframe: 37 Frame: 330 Frame from vFrameID : 331
Tcw:
[0.99883991, -0.0071744281, -0.047616374, 0.38208088;
 -0.041717798, 0.36494607, -0.93009353, -0.21463218;
 0.024050297, 0.93100101, 0.36422339, 0.59587681;
 0, 0, 0, 1]
Twc:
[0.99883991, -0.041717798, 0.024050297, -0.40492266;
 -0.0071744281, 0.36494607, 0.93100101, -0.47369155;
 -0.047616374, -0.93009353, 0.36422339, -0.398467;
 0, 0, 0, 1]
Ow:
[0.38208088;
 -0.21463218;
 0.59587681]
Keyframe: 38 Frame: 338 Frame from vFrameID : 339
Tcw:
[0.99686629, -0.02611321, -0.074670553, 0.41306883;
 -0.061935201, 0.32956412, -0.94209951, -0.21493763;
 0.049209978, 0.94377202, 0.32691404, 0.61311889;
 0, 0, 0, 1]
Twc:
[0.99686629, -0.061935201, 0.049209978, -0.45525816;
 -0.02611321, 0.32956412, 0.94377202, -0.49702215;
 -0.074670553, -0.94209951, 0.32691404, -0.37208575;
 0, 0, 0, 1]
Ow:
[0.41306883;
 -0.21493763;
 0.61311889]
Keyframe: 39 Frame: 346 Frame from vFrameID : 347
Tcw:
[0.99818766, -0.022979038, -0.055617958, 0.42046469;
 -0.044947308, 0.32985419, -0.94296128, -0.20819749;
 0.040014159, 0.94375217, 0.32822353, 0.63169414;
 0, 0, 0, 1]
Twc:
[0.99818766, -0.044947308, 0.040014159, -0.4543373;
 -0.022979038, 0.32985419, 0.94375217, -0.51782602;
 -0.055617958, -0.94296128, 0.32822353, -0.38027367;
 0, 0, 0, 1]
Ow:
[0.42046469;
 -0.20819749;
 0.63169414]
Keyframe: 40 Frame: 353 Frame from vFrameID : 354
Tcw:
[0.99658477, -0.060507178, -0.05619292, 0.43893468;
 -0.031509031, 0.3503677, -0.93608207, -0.2003431;
 0.076327868, 0.93465573, 0.34726459, 0.65364832;
 0, 0, 0, 1]
Twc:
[0.99658477, -0.031509031, 0.076327868, -0.49363983;
 -0.060507178, 0.3503677, 0.93465573, -0.5141837;
 -0.05619292, -0.93608207, 0.34726459, -0.38986149;
 0, 0, 0, 1]
Ow:
[0.43893468;
 -0.2003431;
 0.65364832]
Keyframe: 41 Frame: 362 Frame from vFrameID : 363
Tcw:
[0.99591088, -0.081518829, -0.038938571, 0.43968478;
 -0.0098426873, 0.3305425, -0.94373977, -0.15929276;
 0.089803413, 0.94026399, 0.32838851, 0.68337756;
 0, 0, 0, 1]
Twc:
[0.99591088, -0.0098426873, 0.089803413, -0.50082433;
 -0.081518829, 0.3305425, 0.94026399, -0.55405968;
 -0.038938571, -0.94373977, 0.32838851, -0.35762358;
 0, 0, 0, 1]
Ow:
[0.43968478;
 -0.15929276;
 0.68337756]
Keyframe: 42 Frame: 371 Frame from vFrameID : 372
Tcw:
[0.9970814, -0.070175581, -0.030066971, 0.45433807;
 -0.0035578955, 0.35068849, -0.93648541, -0.17498876;
 0.076262549, 0.93385917, 0.3494153, 0.72186613;
 0, 0, 0, 1]
Twc:
[0.9970814, -0.0035578955, 0.076262549, -0.50868601;
 -0.070175581, 0.35068849, 0.93385917, -0.58087134;
 -0.030066971, -0.93648541, 0.3494153, -0.40244493;
 0, 0, 0, 1]
Ow:
[0.45433807;
 -0.17498876;
 0.72186613]
Keyframe: 43 Frame: 378 Frame from vFrameID : 379
Tcw:
[0.99269795, -0.085382596, -0.085209116, 0.47124651;
 -0.051045459, 0.3426801, -0.93806434, -0.17646383;
 0.10929384, 0.9355641, 0.33581942, 0.72349489;
 0, 0, 0, 1]
Twc:
[0.99269795, -0.051045459, 0.10929384, -0.55588669;
 -0.085382596, 0.3426801, 0.9355641, -0.57616889;
 -0.085209116, -0.93806434, 0.33581942, -0.36834353;
 0, 0, 0, 1]
Ow:
[0.47124651;
 -0.17646383;
 0.72349489]
Keyframe: 44 Frame: 385 Frame from vFrameID : 386
Tcw:
[0.99289781, -0.082665257, -0.085559659, 0.48332757;
 -0.050341781, 0.35968068, -0.93171644, -0.20021239;
 0.10779473, 0.9294064, 0.35296464, 0.74311548;
 0, 0, 0, 1]
Twc:
[0.99289781, -0.050341781, 0.10779473, -0.57007784;
 -0.082665257, 0.35968068, 0.9294064, -0.5786894;
 -0.085559659, -0.93171644, 0.35296464, -0.40748134;
 0, 0, 0, 1]
Ow:
[0.48332757;
 -0.20021239;
 0.74311548]
Keyframe: 45 Frame: 392 Frame from vFrameID : 393
Tcw:
[0.99552757, -0.06805601, -0.065522663, 0.47969174;
 -0.038338035, 0.34285533, -0.93860555, -0.20047088;
 0.086342543, 0.93691975, 0.33871281, 0.75729883;
 0, 0, 0, 1]
Twc:
[0.99552757, -0.038338035, 0.086342543, -0.55061918;
 -0.06805601, 0.34285533, 0.93691975, -0.60814983;
 -0.065522663, -0.93860555, 0.33871281, -0.41323924;
 0, 0, 0, 1]
Ow:
[0.47969174;
 -0.20047088;
 0.75729883]
Keyframe: 46 Frame: 400 Frame from vFrameID : 401
Tcw:
[0.99885929, -0.042073179, -0.022581911, 0.47408295;
 -0.006567514, 0.34737381, -0.93770373, -0.21040535;
 0.047296543, 0.93678242, 0.34670123, 0.77625942;
 0, 0, 0, 1]
Twc:
[0.99885929, -0.006567514, 0.047296543, -0.5116384;
 -0.042073179, 0.34737381, 0.93678242, -0.63415068;
 -0.022581911, -0.93770373, 0.34670123, -0.4557223;
 0, 0, 0, 1]
Ow:
[0.47408295;
 -0.21040535;
 0.77625942]
Keyframe: 47 Frame: 409 Frame from vFrameID : 410
Tcw:
[0.99529099, -0.060869738, -0.075436465, 0.52029973;
 -0.049909368, 0.34534171, -0.93714893, -0.21632308;
 0.083095372, 0.93650091, 0.34067753, 0.79445863;
 0, 0, 0, 1]
Twc:
[0.99529099, -0.049909368, 0.083095372, -0.59466207;
 -0.060869738, 0.34534171, 0.93650091, -0.63763535;
 -0.075436465, -0.93714893, 0.34067753, -0.43413159;
 0, 0, 0, 1]
Ow:
[0.52029973;
 -0.21632308;
 0.79445863]
Keyframe: 48 Frame: 416 Frame from vFrameID : 417
Tcw:
[0.99313575, -0.077308163, -0.08777719, 0.52425265;
 -0.054657567, 0.35674006, -0.93260336, -0.2237872;
 0.1034115, 0.93099946, 0.35006583, 0.80395699;
 0, 0, 0, 1]
Twc:
[0.99313575, -0.054657567, 0.1034115, -0.61602408;
 -0.077308163, 0.35674006, 0.93099946, -0.62812066;
 -0.08777719, -0.93260336, 0.35006583, -0.44412515;
 0, 0, 0, 1]
Ow:
[0.52425265;
 -0.2237872;
 0.80395699]
Keyframe: 49 Frame: 425 Frame from vFrameID : 426
Tcw:
[0.99618834, -0.067458123, -0.055300545, 0.522021;
 -0.028521279, 0.34722665, -0.93734741, -0.22001129;
 0.082433522, 0.93535185, 0.34397915, 0.84519875;
 0, 0, 0, 1]
Twc:
[0.99618834, -0.028521279, 0.082433522, -0.59597898;
 -0.067458123, 0.34722665, 0.93535185, -0.67894983;
 -0.055300545, -0.93734741, 0.34397915, -0.46808973;
 0, 0, 0, 1]
Ow:
[0.522021;
 -0.22001129;
 0.84519875]
Keyframe: 50 Frame: 432 Frame from vFrameID : 433
Tcw:
[0.99932021, -0.030984113, -0.019979021, 0.51919824;
 -0.0076828282, 0.35500303, -0.93483359, -0.21626405;
 0.036057603, 0.93435156, 0.35452366, 0.84749824;
 0, 0, 0, 1]
Twc:
[0.99932021, -0.0076828282, 0.036057603, -0.5510655;
 -0.030984113, 0.35500303, 0.93435156, -0.699;
 -0.019979021, -0.93483359, 0.35452366, -0.49225599;
 0, 0, 0, 1]
Ow:
[0.51919824;
 -0.21626405;
 0.84749824]
Keyframe: 51 Frame: 439 Frame from vFrameID : 440
Tcw:
[0.99938804, -0.032748301, -0.012292202, 0.53019094;
 0.00038491172, 0.36168846, -0.93229896, -0.2188136;
 0.034977153, 0.93172365, 0.36147973, 0.88557911;
 0, 0, 0, 1]
Twc:
[0.99938804, 0.00038491172, 0.034977153, -0.56075728;
 -0.032748301, 0.36168846, 0.93172365, -0.72860986;
 -0.012292202, -0.93229896, 0.36147973, -0.51760137;
 0, 0, 0, 1]
Ow:
[0.53019094;
 -0.2188136;
 0.88557911]
Keyframe: 52 Frame: 448 Frame from vFrameID : 449
Tcw:
[0.99673933, -0.047626842, -0.065133266, 0.55863029;
 -0.043720089, 0.35967395, -0.93205321, -0.21883526;
 0.067817487, 0.93186176, 0.35641894, 0.92061412;
 0, 0, 0, 1]
Twc:
[0.99673933, -0.043720089, 0.067817487, -0.62881005;
 -0.047626842, 0.35967395, 0.93186176, -0.75256991;
 -0.065133266, -0.93205321, 0.35641894, -0.49570501;
 0, 0, 0, 1]
Ow:
[0.55863029;
 -0.21883526;
 0.92061412]
Keyframe: 53 Frame: 455 Frame from vFrameID : 456
Tcw:
[0.99700451, -0.046332989, -0.06192914, 0.56146681;
 -0.041467942, 0.35566592, -0.93369275, -0.22386429;
 0.06528686, 0.93346399, 0.35267919, 0.93760234;
 0, 0, 0, 1]
Twc:
[0.99700451, -0.041467942, 0.06528686, -0.63028121;
 -0.046332989, 0.35566592, 0.93346399, -0.76958269;
 -0.06192914, -0.93369275, 0.35267919, -0.50492215;
 0, 0, 0, 1]
Ow:
[0.56146681;
 -0.22386429;
 0.93760234]
Keyframe: 54 Frame: 464 Frame from vFrameID : 465
Tcw:
[0.999008, -0.034903374, -0.027654594, 0.5668059;
 -0.013636217, 0.35141, -0.93612236, -0.23298696;
 0.04239193, 0.93557084, 0.35058546, 0.95146352;
 0, 0, 0, 1]
Twc:
[0.999008, -0.013636217, 0.04239193, -0.60975504;
 -0.034903374, 0.35141, 0.93557084, -0.78850412;
 -0.027654594, -0.93612236, 0.35058546, -0.53599876;
 0, 0, 0, 1]
Ow:
[0.5668059;
 -0.23298696;
 0.95146352]
Keyframe: 55 Frame: 473 Frame from vFrameID : 474
Tcw:
[0.99788022, -0.039286435, -0.051880956, 0.57779402;
 -0.034805775, 0.35142457, -0.93556899, -0.21168745;
 0.054987412, 0.93539155, 0.34931225, 0.97958636;
 0, 0, 0, 1]
Twc:
[0.99788022, -0.034805775, 0.054987412, -0.63780212;
 -0.039286435, 0.35142457, 0.93539155, -0.81920522;
 -0.051880956, -0.93556899, 0.34931225, -0.51025325;
 0, 0, 0, 1]
Ow:
[0.57779402;
 -0.21168745;
 0.97958636]
Keyframe: 56 Frame: 480 Frame from vFrameID : 481
Tcw:
[0.9966256, -0.050290752, -0.064870574, 0.58457959;
 -0.042959988, 0.35383859, -0.93431938, -0.2278325;
 0.069941334, 0.93395346, 0.3504841, 0.99316537;
 0, 0, 0, 1]
Twc:
[0.9966256, -0.042959988, 0.069941334, -0.66185802;
 -0.050290752, 0.35383859, 0.93395346, -0.81755537;
 -0.064870574, -0.93431938, 0.3504841, -0.52303499;
 0, 0, 0, 1]
Ow:
[0.58457959;
 -0.2278325;
 0.99316537]
Keyframe: 57 Frame: 488 Frame from vFrameID : 489
Tcw:
[0.99828321, -0.04873313, -0.032491591, 0.57863498;
 -0.012048518, 0.37201068, -0.92815024, -0.23784509;
 0.057318885, 0.92694831, 0.37078485, 1.0227456;
 0, 0, 0, 1]
Twc:
[0.99828321, -0.012048518, 0.057318885, -0.63912994;
 -0.04873313, 0.37201068, 0.92694831, -0.83135271;
 -0.032491591, -0.92815024, 0.37078485, -0.58117384;
 0, 0, 0, 1]
Ow:
[0.57863498;
 -0.23784509;
 1.0227456]
Keyframe: 58 Frame: 497 Frame from vFrameID : 498
Tcw:
[0.99960333, -0.027397858, -0.0065229377, 0.5893752;
 0.003884525, 0.36351806, -0.93157905, -0.23108381;
 0.027894476, 0.93118417, 0.3634803, 1.0482591;
 0, 0, 0, 1]
Twc:
[0.99960333, 0.003884525, 0.027894476, -0.61748439;
 -0.027397858, 0.36351806, 0.93118417, -0.87597156;
 -0.0065229377, -0.93157905, 0.3634803, -0.5924499;
 0, 0, 0, 1]
Ow:
[0.5893752;
 -0.23108381;
 1.0482591]
Keyframe: 59 Frame: 506 Frame from vFrameID : 507
Tcw:
[0.99684232, -0.060480602, -0.051453654, 0.60812348;
 -0.025545022, 0.36928138, -0.92896646, -0.21737278;
 0.075185329, 0.92734748, 0.36657032, 1.0790409;
 0, 0, 0, 1]
Twc:
[0.99684232, -0.025545022, 0.075185329, -0.69288409;
 -0.060480602, 0.36928138, 0.92734748, -0.88359451;
 -0.051453654, -0.92896646, 0.36657032, -0.56618625;
 0, 0, 0, 1]
Ow:
[0.60812348;
 -0.21737278;
 1.0790409]
Keyframe: 60 Frame: 515 Frame from vFrameID : 516
Tcw:
[0.99199462, -0.082522266, -0.095586196, 0.63240796;
 -0.058545653, 0.3701317, -0.92713267, -0.22470489;
 0.11188857, 0.92530674, 0.36233732, 1.0990241;
 0, 0, 0, 1]
Twc:
[0.99199462, -0.058545653, 0.11188857, -0.76346904;
 -0.082522266, 0.3701317, 0.92530674, -0.88157624;
 -0.095586196, -0.92713267, 0.36233732, -0.54609919;
 0, 0, 0, 1]
Ow:
[0.63240796;
 -0.22470489;
 1.0990241]
Keyframe: 61 Frame: 523 Frame from vFrameID : 524
Tcw:
[0.99660063, -0.050211109, -0.065314986, 0.6241796;
 -0.042749636, 0.36253431, -0.93098944, -0.21753359;
 0.070424937, 0.93061686, 0.35915542, 1.1109036;
 0, 0, 0, 1]
Twc:
[0.99660063, -0.042749636, 0.070424937, -0.70959252;
 -0.050211109, 0.36253431, 0.93061686, -0.92362148;
 -0.065314986, -0.93098944, 0.35915542, -0.56074023;
 0, 0, 0, 1]
Ow:
[0.6241796;
 -0.21753359;
 1.1109036]
Keyframe: 62 Frame: 532 Frame from vFrameID : 533
Tcw:
[0.99828708, -0.048083376, -0.033330191, 0.61599964;
 -0.013615906, 0.36310717, -0.9316479, -0.23662773;
 0.056899209, 0.93050587, 0.3618305, 1.1462271;
 0, 0, 0, 1]
Twc:
[0.99828708, -0.013615906, 0.056899209, -0.68338579;
 -0.048083376, 0.36310717, 0.93050587, -0.95103049;
 -0.033330191, -0.9316479, 0.3618305, -0.61466229;
 0, 0, 0, 1]
Ow:
[0.61599964;
 -0.23662773;
 1.1462271]
Keyframe: 63 Frame: 540 Frame from vFrameID : 541
Tcw:
[0.99508804, -0.057244852, -0.080764197, 0.64636487;
 -0.056762226, 0.33846757, -0.93926448, -0.25009701;
 0.081104115, 0.93923521, 0.33355567, 1.1494448;
 0, 0, 0, 1]
Twc:
[0.99508804, -0.056762226, 0.081104115, -0.75061065;
 -0.057244852, 0.33846757, 0.93923521, -0.95794827;
 -0.080764197, -0.93926448, 0.33355567, -0.56610799;
 0, 0, 0, 1]
Ow:
[0.64636487;
 -0.25009701;
 1.1494448]
Keyframe: 64 Frame: 547 Frame from vFrameID : 548
Tcw:
[0.98584235, -0.15466322, -0.06476213, 0.63573492;
 -0.009513393, 0.33402091, -0.94251764, -0.24864888;
 0.16740473, 0.92978996, 0.3278206, 1.2102178;
 0, 0, 0, 1]
Twc:
[0.98584235, -0.009513393, 0.16740473, -0.83169603;
 -0.15466322, 0.33402091, 0.92978996, -0.94386959;
 -0.06476213, -0.94251764, 0.3278206, -0.58991873;
 0, 0, 0, 1]
Ow:
[0.63573492;
 -0.24864888;
 1.2102178]
Keyframe: 65 Frame: 555 Frame from vFrameID : 556
Tcw:
[0.98660171, -0.15421064, -0.053255089, 0.68802243;
 0.0078471573, 0.37090045, -0.92863947, -0.21376005;
 0.16295843, 0.91577941, 0.36714116, 1.1878011;
 0, 0, 0, 1]
Twc:
[0.98660171, 0.0078471573, 0.16295843, -0.87068897;
 -0.15421064, 0.37090045, 0.91577941, -0.90237969;
 -0.053255089, -0.92863947, 0.36714116, -0.59795594;
 0, 0, 0, 1]
Ow:
[0.68802243;
 -0.21376005;
 1.1878011]
Keyframe: 66 Frame: 562 Frame from vFrameID : 563
Tcw:
[0.99063414, -0.12671328, -0.050869804, 0.67857772;
 -0.00022783893, 0.37102067, -0.92862457, -0.22720549;
 0.13654281, 0.9199388, 0.36751688, 1.1866219;
 0, 0, 0, 1]
Twc:
[0.99063414, -0.00022783893, 0.13654281, -0.83429873;
 -0.12671328, 0.37102067, 0.9199388, -0.92133677;
 -0.050869804, -0.92862457, 0.36751688, -0.61257309;
 0, 0, 0, 1]
Ow:
[0.67857772;
 -0.22720549;
 1.1866219]
Keyframe: 67 Frame: 569 Frame from vFrameID : 570
Tcw:
[0.99270546, -0.10591987, -0.05759253, 0.66654146;
 -0.014228967, 0.37142336, -0.92835456, -0.25993079;
 0.1197224, 0.92240214, 0.36720687, 1.1994073;
 0, 0, 0, 1]
Twc:
[0.99270546, -0.014228967, 0.1197224, -0.80897379;
 -0.10591987, 0.37142336, 0.92240214, -0.93919152;
 -0.05759253, -0.92835456, 0.36720687, -0.64335078;
 0, 0, 0, 1]
Ow:
[0.66654146;
 -0.25993079;
 1.1994073]
Keyframe: 68 Frame: 578 Frame from vFrameID : 579
Tcw:
[0.99211419, -0.086727887, -0.090485819, 0.66459394;
 -0.049691319, 0.39060679, -0.9192155, -0.27427799;
 0.11506599, 0.91646308, 0.38321692, 1.2141955;
 0, 0, 0, 1]
Twc:
[0.99211419, -0.049691319, 0.11506599, -0.81269497;
 -0.086727887, 0.39060679, 0.91646308, -0.94799173;
 -0.090485819, -0.9192155, 0.38321692, -0.6572845;
 0, 0, 0, 1]
Ow:
[0.66459394;
 -0.27427799;
 1.2141955]
Keyframe: 69 Frame: 587 Frame from vFrameID : 588
Tcw:
[0.99537176, -0.054422088, -0.079204023, 0.66341114;
 -0.051015098, 0.39922833, -0.91543114, -0.27748847;
 0.081440166, 0.91523492, 0.39460427, 1.2218359;
 0, 0, 0, 1]
Twc:
[0.99537176, -0.051015098, 0.081440166, -0.77400339;
 -0.054422088, 0.39922833, 0.91523492, -0.97138143;
 -0.079204023, -0.91543114, 0.39460427, -0.68361843;
 0, 0, 0, 1]
Ow:
[0.66341114;
 -0.27748847;
 1.2218359]
Keyframe: 70 Frame: 594 Frame from vFrameID : 595
Tcw:
[0.99651706, -0.062641904, -0.055043317, 0.66692728;
 -0.023425555, 0.42320624, -0.90573049, -0.27067116;
 0.080031358, 0.90386528, 0.42026481, 1.2175477;
 0, 0, 0, 1]
Twc:
[0.99651706, -0.023425555, 0.080031358, -0.76838702;
 -0.062641904, 0.42320624, 0.90386528, -0.94417173;
 -0.055043317, -0.90573049, 0.42026481, -0.72013766;
 0, 0, 0, 1]
Ow:
[0.66692728;
 -0.27067116;
 1.2175477]
Keyframe: 71 Frame: 602 Frame from vFrameID : 603
Tcw:
[0.99814856, -0.049662571, -0.035115086, 0.66438931;
 -0.012176835, 0.40248051, -0.91534758, -0.26939487;
 0.059591651, 0.91408044, 0.40113062, 1.2541542;
 0, 0, 0, 1]
Twc:
[0.99814856, -0.012176835, 0.059591651, -0.74117672;
 -0.049662571, 0.40248051, 0.91408044, -1.0049764;
 -0.035115086, -0.91534758, 0.40113062, -0.72633952;
 0, 0, 0, 1]
Ow:
[0.66438931;
 -0.26939487;
 1.2541542]
Keyframe: 72 Frame: 609 Frame from vFrameID : 610
Tcw:
[0.99896169, -0.043180827, -0.014525579, 0.65524542;
 0.0040522618, 0.40178666, -0.91572434, -0.28323874;
 0.045377918, 0.91471463, 0.40154445, 1.2554331;
 0, 0, 0, 1]
Twc:
[0.99896169, 0.0040522618, 0.045377918, -0.71038628;
 -0.043180827, 0.40178666, 0.91471463, -1.0062674;
 -0.014525579, -0.91572434, 0.40154445, -0.75396299;
 0, 0, 0, 1]
Ow:
[0.65524542;
 -0.28323874;
 1.2554331]
Keyframe: 73 Frame: 617 Frame from vFrameID : 618
Tcw:
[0.99871677, -0.042325594, -0.027809987, 0.65263879;
 -0.0080925841, 0.4086934, -0.91263586, -0.27150446;
 0.049993612, 0.91168976, 0.40782642, 1.2734617;
 0, 0, 0, 1]
Twc:
[0.99871677, -0.0080925841, 0.049993612, -0.71766347;
 -0.042325594, 0.4086934, 0.91168976, -1.0224166;
 -0.027809987, -0.91263586, 0.40782642, -0.74898612;
 0, 0, 0, 1]
Ow:
[0.65263879;
 -0.27150446;
 1.2734617]
Keyframe: 74 Frame: 625 Frame from vFrameID : 626
Tcw:
[0.99991345, 0.013090841, 0.0013193095, 0.62987345;
 -0.0038444372, 0.38659301, -0.9222424, -0.2557418;
 -0.012582964, 0.92215753, 0.38660988, 1.2814844;
 0, 0, 0, 1]
Twc:
[0.99991345, -0.0038444372, -0.012582964, -0.61467725;
 0.013090841, 0.38659301, 0.92215753, -1.0911081;
 0.0013193095, -0.9222424, 0.38660988, -0.73212153;
 0, 0, 0, 1]
Ow:
[0.62987345;
 -0.2557418;
 1.2814844]
Keyframe: 75 Frame: 632 Frame from vFrameID : 633
Tcw:
[0.9989962, -0.036179792, 0.026413362, 0.63668525;
 0.038134959, 0.3775208, -0.92521554, -0.24188077;
 0.023502512, 0.92529404, 0.37852156, 1.2787759;
 0, 0, 0, 1]
Twc:
[0.9989962, 0.038134959, 0.023502512, -0.65687639;
 -0.036179792, 0.3775208, 0.92529404, -1.0688936;
 0.026413362, -0.92521554, 0.37852156, -0.72465307;
 0, 0, 0, 1]
Ow:
[0.63668525;
 -0.24188077;
 1.2787759]
Keyframe: 76 Frame: 639 Frame from vFrameID : 640
Tcw:
[0.99967754, -0.015187637, 0.020350447, 0.64419252;
 0.024547653, 0.3729395, -0.92753088, -0.25615537;
 0.0064975168, 0.92773134, 0.37319207, 1.2820296;
 0, 0, 0, 1]
Twc:
[0.99967754, 0.024547653, 0.0064975168, -0.64602685;
 -0.015187637, 0.3729395, 0.92773134, -1.0840648;
 0.020350447, -0.92753088, 0.37319207, -0.72914487;
 0, 0, 0, 1]
Ow:
[0.64419252;
 -0.25615537;
 1.2820296]
Keyframe: 77 Frame: 647 Frame from vFrameID : 648
Tcw:
[0.99941701, -0.0080462703, 0.033180024, 0.63138258;
 0.033773042, 0.37542373, -0.92623776, -0.24056071;
 -0.005003809, 0.92681837, 0.3754766, 1.297835;
 0, 0, 0, 1]
Twc:
[0.99941701, 0.033773042, -0.005003809, -0.61639589;
 -0.0080462703, 0.37542373, 0.92681837, -1.1074648;
 0.033180024, -0.92623776, 0.3754766, -0.73107237;
 0, 0, 0, 1]
Ow:
[0.63138258;
 -0.24056071;
 1.297835]
Keyframe: 78 Frame: 655 Frame from vFrameID : 656
Tcw:
[0.99763656, -0.063697122, -0.025767457, 0.66331524;
 0.0032490653, 0.41832039, -0.90829372, -0.22372711;
 0.068634748, 0.90606332, 0.41753867, 1.2973909;
 0, 0, 0, 1]
Twc:
[0.99763656, 0.0032490653, 0.068634748, -0.75006676;
 -0.063697122, 0.41832039, 0.90606332, -1.0396774;
 -0.025767457, -0.90829372, 0.41753867, -0.72782886;
 0, 0, 0, 1]
Ow:
[0.66331524;
 -0.22372711;
 1.2973909]
Keyframe: 79 Frame: 664 Frame from vFrameID : 665
Tcw:
[0.99442977, -0.083292909, -0.064588524, 0.66302806;
 -0.018596882, 0.46452045, -0.8853671, -0.22899801;
 0.10374749, 0.88163656, 0.46038398, 1.3079276;
 0, 0, 0, 1]
Twc:
[0.99442977, -0.018596882, 0.10374749, -0.79928774;
 -0.083292909, 0.46452045, 0.88163656, -0.99151713;
 -0.064588524, -0.8853671, 0.46038398, -0.76207227;
 0, 0, 0, 1]
Ow:
[0.66302806;
 -0.22899801;
 1.3079276]
Keyframe: 80 Frame: 672 Frame from vFrameID : 673
Tcw:
[0.99387562, -0.099362403, -0.048357002, 0.66680539;
 0.003419539, 0.46504593, -0.88527995, -0.22641265;
 0.11045177, 0.87969279, 0.46253759, 1.3122585;
 0, 0, 0, 1]
Twc:
[0.99387562, 0.003419539, 0.11045177, -0.80688864;
 -0.099362403, 0.46504593, 0.87969279, -0.98283666;
 -0.048357002, -0.88527995, 0.46253759, -0.77516276;
 0, 0, 0, 1]
Ow:
[0.66680539;
 -0.22641265;
 1.3122585]
Keyframe: 81 Frame: 681 Frame from vFrameID : 682
Tcw:
[0.99535733, -0.096226141, -0.0020849332, 0.66552037;
 0.041779373, 0.4514752, -0.89130503, -0.24595061;
 0.086708136, 0.88707983, 0.45339942, 1.3258783;
 0, 0, 0, 1]
Twc:
[0.99535733, 0.041779373, 0.086708136, -0.76711935;
 -0.096226141, 0.4514752, 0.88707983, -1.0010788;
 -0.0020849332, -0.89130503, 0.45339942, -0.81898183;
 0, 0, 0, 1]
Ow:
[0.66552037;
 -0.24595061;
 1.3258783]
Keyframe: 82 Frame: 689 Frame from vFrameID : 690
Tcw:
[0.99909788, -0.032349501, -0.027512681, 0.66496456;
 -0.0085487664, 0.48139244, -0.87646347, -0.23606423;
 0.041597553, 0.87590802, 0.48068163, 1.3236845;
 0, 0, 0, 1]
Twc:
[0.99909788, -0.0085487664, 0.041597553, -0.72144473;
 -0.032349501, 0.48139244, 0.87590802, -1.0242751;
 -0.027512681, -0.87646347, 0.48068163, -0.8248775;
 0, 0, 0, 1]
Ow:
[0.66496456;
 -0.23606423;
 1.3236845]
Keyframe: 83 Frame: 697 Frame from vFrameID : 698
Tcw:
[0.9963249, -0.064400941, -0.056473527, 0.66914862;
 -0.018411675, 0.48288253, -0.87549156, -0.22245732;
 0.083652556, 0.87331378, 0.47992215, 1.3351493;
 0, 0, 0, 1]
Twc:
[0.9963249, -0.018411675, 0.083652556, -0.78247392;
 -0.064400941, 0.48288253, 0.87331378, -1.0154897;
 -0.056473527, -0.87549156, 0.47992215, -0.79773802;
 0, 0, 0, 1]
Ow:
[0.66914862;
 -0.22245732;
 1.3351493]
Keyframe: 84 Frame: 705 Frame from vFrameID : 706
Tcw:
[0.99452692, -0.038055081, -0.097303659, 0.68094045;
 -0.068787508, 0.46249732, -0.88394827, -0.22932041;
 0.078641407, 0.88580358, 0.45734835, 1.3543903;
 0, 0, 0, 1]
Twc:
[0.99452692, -0.068787508, 0.078641407, -0.79949909;
 -0.038055081, 0.46249732, 0.88580358, -1.0677505;
 -0.097303659, -0.88394827, 0.45734835, -0.75587744;
 0, 0, 0, 1]
Ow:
[0.68094045;
 -0.22932041;
 1.3543903]
Keyframe: 85 Frame: 713 Frame from vFrameID : 714
Tcw:
[0.99303669, -0.07726831, -0.088925295, 0.67827553;
 -0.040512178, 0.48482412, -0.8736729, -0.22272784;
 0.11062036, 0.8711918, 0.47831786, 1.3610821;
 0, 0, 0, 1]
Twc:
[0.99303669, -0.040512178, 0.11062036, -0.83313906;
 -0.07726831, 0.48482412, 0.8711918, -1.0253706;
 -0.088925295, -0.8736729, 0.47831786, -0.78530526;
 0, 0, 0, 1]
Ow:
[0.67827553;
 -0.22272784;
 1.3610821]
Keyframe: 86 Frame: 721 Frame from vFrameID : 722
Tcw:
[0.99802166, -0.062495328, -0.0068647666, 0.66272193;
 0.023098739, 0.46603009, -0.8844673, -0.18893766;
 0.058474261, 0.88255894, 0.46655166, 1.3640153;
 0, 0, 0, 1]
Twc:
[0.99802166, 0.023098739, 0.058474261, -0.73680639;
 -0.062495328, 0.46603009, 0.88255894, -1.0743563;
 -0.0068647666, -0.8844673, 0.46655166, -0.79894334;
 0, 0, 0, 1]
Ow:
[0.66272193;
 -0.18893766;
 1.3640153]
Keyframe: 87 Frame: 729 Frame from vFrameID : 730
Tcw:
[0.99967736, -0.023254188, 0.010219912, 0.65853751;
 0.020124609, 0.47959569, -0.87725878, -0.18284339;
 0.015498515, 0.87718141, 0.47990891, 1.3657424;
 0, 0, 0, 1]
Twc:
[0.99967736, 0.020124609, 0.015498515, -0.67581236;
 -0.023254188, 0.47959569, 0.87718141, -1.0949992;
 0.010219912, -0.87725878, 0.47990891, -0.82256317;
 0, 0, 0, 1]
Ow:
[0.65853751;
 -0.18284339;
 1.3657424]
Keyframe: 88 Frame: 737 Frame from vFrameID : 738
Tcw:
[0.99960172, -0.023810031, -0.015150459, 0.65865368;
 -0.0027003938, 0.45368126, -0.89115995, -0.18839389;
 0.028092025, 0.89084589, 0.45343626, 1.3733473;
 0, 0, 0, 1]
Twc:
[0.99960172, -0.0027003938, 0.028092025, -0.6974802;
 -0.023810031, 0.45368126, 0.89084589, -1.1222874;
 -0.015150459, -0.89115995, 0.45343626, -0.7806356;
 0, 0, 0, 1]
Ow:
[0.65865368;
 -0.18839389;
 1.3733473]
Keyframe: 89 Frame: 744 Frame from vFrameID : 745
Tcw:
[0.99916101, -0.026619364, -0.031124679, 0.65378511;
 -0.015863631, 0.4490968, -0.89334226, -0.19812259;
 0.037758198, 0.89308649, 0.44829774, 1.3924251;
 0, 0, 0, 1]
Twc:
[0.99916101, -0.015863631, 0.037758198, -0.70895499;
 -0.026619364, 0.4490968, 0.89308649, -1.1371764;
 -0.031124679, -0.89334226, 0.44829774, -0.7808634;
 0, 0, 0, 1]
Ow:
[0.65378511;
 -0.19812259;
 1.3924251]
Keyframe: 90 Frame: 753 Frame from vFrameID : 754
Tcw:
[0.99956429, 0.016358832, 0.024568558, 0.64449787;
 0.014557885, 0.45085171, -0.89248013, -0.19996703;
 -0.025676709, 0.89244896, 0.45041713, 1.3977916;
 0, 0, 0, 1]
Twc:
[0.99956429, 0.014557885, -0.025676709, -0.60541528;
 0.016358832, 0.45085171, 0.89244896, -1.1678455;
