Keyframe: 0 Frame: 0 Frame from vFrameID : 94
Tcw:
[1, 0, 0, 0;
 0, 1, 0, 0;
 0, 0, 1, 0;
 0, 0, 0, 1]
Twc:
[1, 0, 0, 0;
 0, 1, 0, 0;
 0, 0, 1, 0;
 0, 0, 0, 1]
Ow:
[0;
 0;
 0]
Keyframe: 1 Frame: 93 Frame from vFrameID : 94
Tcw:
[0.99975705, -0.020646382, 0.0077193319, -0.012201479;
 0.020676497, 0.99977881, -0.0038420365, 0.020940322;
 -0.0076383003, 0.0040007117, 0.99996281, -0.011591424;
 0, 0, 0, 1]
Twc:
[0.99975705, 0.020676497, -0.0076383003, 0.011677003;
 -0.020646382, 0.99977881, 0.0040007117, -0.021141235;
 0.0077193319, -0.0038420365, 0.99996281, 0.011765635;
 0, 0, 0, 1]
Ow:
[-0.012201479;
 0.020940322;
 -0.011591424]
Keyframe: 2 Frame: 95 Frame from vFrameID : 96
Tcw:
[0.99978733, -0.020394124, -0.0030711375, -0.016588248;
 0.020401506, 0.999789, 0.0023915416, 0.022134807;
 0.0030217161, -0.0024536888, 0.99999243, -0.015606237;
 0, 0, 0, 1]
Twc:
[0.99978733, 0.020401506, 0.0030217161, 0.016180294;
 -0.020394124, 0.999789, -0.0024536888, -0.022506732;
 -0.0030711375, 0.0023915416, 0.99999243, 0.015502237;
 0, 0, 0, 1]
Ow:
[-0.016588248;
 0.022134807;
 -0.015606237]
Keyframe: 3 Frame: 96 Frame from vFrameID : 97
Tcw:
[0.99959081, -0.024201723, -0.015246006, -0.017270016;
 0.024283178, 0.99969172, 0.0051804776, 0.021926945;
 0.015115929, -0.0055485796, 0.99987036, -0.016707322;
 0, 0, 0, 1]
Twc:
[0.99959081, 0.024283178, 0.015115929, 0.01698304;
 -0.024201723, 0.99969172, -0.0055485796, -0.02243085;
 -0.015246006, 0.0051804776, 0.99987036, 0.016328264;
 0, 0, 0, 1]
Ow:
[-0.017270016;
 0.021926945;
 -0.016707322]
Keyframe: 4 Frame: 98 Frame from vFrameID : 99
Tcw:
[0.99902374, -0.026192203, -0.035574257, -0.020421285;
 0.026514072, 0.99961138, 0.0086062662, 0.022179179;
 0.035335016, -0.0095410822, 0.99932998, -0.019454878;
 0, 0, 0, 1]
Twc:
[0.99902374, 0.026514072, 0.035335016, 0.020500727;
 -0.026192203, 0.99961138, -0.0095410822, -0.02289106;
 -0.035574257, 0.0086062662, 0.99932998, 0.01852449;
 0, 0, 0, 1]
Ow:
[-0.020421285;
 0.022179179;
 -0.019454878]
Keyframe: 5 Frame: 100 Frame from vFrameID : 101
Tcw:
[0.99817419, -0.02441423, -0.055247039, -0.020302061;
 0.025025031, 0.99963284, 0.010391025, 0.023200329;
 0.054973066, -0.011754612, 0.99841863, -0.020944955;
 0, 0, 0, 1]
Twc:
[0.99817419, 0.025025031, 0.054973066, 0.020835813;
 -0.02441423, 0.99963284, -0.011754612, -0.023933671;
 -0.055247039, 0.010391025, 0.99841863, 0.01954913;
 0, 0, 0, 1]
Ow:
[-0.020302061;
 0.023200329;
 -0.020944955]
Keyframe: 6 Frame: 102 Frame from vFrameID : 103
Tcw:
[0.9971875, -0.017871562, -0.072784945, -0.019144345;
 0.019072585, 0.99969262, 0.015839459, 0.02161896;
 0.072479494, -0.017183108, 0.99722189, -0.020846481;
 0, 0, 0, 1]
Twc:
[0.9971875, 0.019072585, 0.072479494, 0.020189116;
 -0.017871562, 0.99969262, -0.017183108, -0.022312662;
 -0.072784945, 0.015839459, 0.99722189, 0.019052714;
 0, 0, 0, 1]
Ow:
[-0.019144345;
 0.02161896;
 -0.020846481]
Keyframe: 7 Frame: 104 Frame from vFrameID : 105
Tcw:
[0.99634629, -0.015831528, -0.083925016, -0.020081004;
 0.017129155, 0.9997443, 0.014764268, 0.021510137;
 0.083669811, -0.016147887, 0.99636269, -0.020660058;
 0, 0, 0, 1]
Twc:
[0.99634629, 0.017129155, 0.083669811, 0.021367807;
 -0.015831528, 0.9997443, -0.016147887, -0.022156166;
 -0.083925016, 0.014764268, 0.99636269, 0.018582029;
 0, 0, 0, 1]
Ow:
[-0.020081004;
 0.021510137;
 -0.020660058]
Keyframe: 8 Frame: 106 Frame from vFrameID : 107
Tcw:
[0.99609125, -0.016725888, -0.086731873, -0.020833187;
 0.01797175, 0.99974597, 0.013603598, 0.02172569;
 0.086482309, -0.015109149, 0.99613881, -0.020867648;
 0, 0, 0, 1]
Twc:
[0.99609125, 0.01797175, 0.086482309, 0.022165988;
 -0.016725888, 0.99974597, -0.015109149, -0.022383917;
 -0.086731873, 0.013603598, 0.99613881, 0.018684624;
 0, 0, 0, 1]
Ow:
[-0.020833187;
 0.02172569;
 -0.020867648]
Keyframe: 9 Frame: 108 Frame from vFrameID : 109
Tcw:
[0.99556583, -0.020931354, -0.091709293, -0.017594038;
 0.021905201, 0.99971372, 0.0096250447, 0.018886585;
 0.091481574, -0.011591276, 0.99573928, -0.018018899;
 0, 0, 0, 1]
Twc:
[0.99556583, 0.021905201, 0.091481574, 0.018750705;
 -0.020931354, 0.99971372, -0.011591276, -0.019458307;
 -0.091709293, 0.0096250447, 0.99573928, 0.016146805;
 0, 0, 0, 1]
Ow:
[-0.017594038;
 0.018886585;
 -0.018018899]
Keyframe: 10 Frame: 110 Frame from vFrameID : 111
Tcw:
[0.99588871, -0.019250594, -0.088516325, -0.013487468;
 0.019622138, 0.99980193, 0.0033291513, 0.017132757;
 0.088434704, -0.0050523435, 0.99606913, -0.016094062;
 0, 0, 0, 1]
Twc:
[0.99588871, 0.019622138, 0.088434704, 0.014519109;
 -0.019250594, 0.99980193, -0.0050523435, -0.017470317;
 -0.088516325, 0.0033291513, 0.99606913, 0.014779902;
 0, 0, 0, 1]
Ow:
[-0.013487468;
 0.017132757;
 -0.016094062]
Keyframe: 11 Frame: 112 Frame from vFrameID : 113
Tcw:
[0.99638659, -0.016495096, -0.083317049, -0.013473309;
 0.016748806, 0.99985695, 0.0023470509, 0.016989769;
 0.083266422, -0.0037340312, 0.99652034, -0.014685764;
 0, 0, 0, 1]
Twc:
[0.99638659, 0.016748806, 0.083266422, 0.014362896;
 -0.016495096, 0.99985695, -0.0037340312, -0.01726442;
 -0.083317049, 0.0023470509, 0.99652034, 0.01347223;
 0, 0, 0, 1]
Ow:
[-0.013473309;
 0.016989769;
 -0.014685764]
Keyframe: 12 Frame: 114 Frame from vFrameID : 115
Tcw:
[0.99710929, -0.012449405, -0.074953698, -0.0098680984;
 0.012695188, 0.99991548, 0.0028035587, 0.015857475;
 0.074912459, -0.0037470057, 0.99718308, -0.010423048;
 0, 0, 0, 1]
Twc:
[0.99710929, 0.012695188, 0.074912459, 0.010419075;
 -0.012449405, 0.99991548, -0.0037470057, -0.016018042;
 -0.074953698, 0.0028035587, 0.99718308, 0.00960958;
 0, 0, 0, 1]
Ow:
[-0.0098680984;
 0.015857475;
 -0.010423048]
Keyframe: 13 Frame: 117 Frame from vFrameID : 118
Tcw:
[0.99845529, -0.0040976922, -0.055410031, -0.0038061657;
 0.0041518309, 0.999991, 0.00086197892, 0.012994874;
 0.055406, -0.0010907005, 0.99846333, -0.0027670714;
 0, 0, 0, 1]
Twc:
[0.99845529, 0.0041518309, 0.055406, 0.003899646;
 -0.0040976922, 0.999991, -0.0010907005, -0.013013373;
 -0.055410031, 0.00086197892, 0.99846333, 0.0025407183;
 0, 0, 0, 1]
Ow:
[-0.0038061657;
 0.012994874;
 -0.0027670714]
Keyframe: 14 Frame: 120 Frame from vFrameID : 121
Tcw:
[0.99922985, 0.0018757539, -0.039193675, -0.0022080047;
 -0.0023005793, 0.99993908, -0.010796846, 0.010808706;
 0.039171036, 0.010878699, 0.99917328, 0.0056186821;
 0, 0, 0, 1]
Twc:
[0.99922985, -0.0023005793, 0.039171036, 0.002011081;
 0.0018757539, 0.99993908, 0.010878699, -0.01086503;
 -0.039193675, -0.010796846, 0.99917328, -0.0055838767;
 0, 0, 0, 1]
Ow:
[-0.0022080047;
 0.010808706;
 0.0056186821]
Keyframe: 15 Frame: 123 Frame from vFrameID : 124
Tcw:
[0.99972278, -0.0059901965, -0.022769867, -0.00097525306;
 0.0056222589, 0.99985313, -0.016188771, 0.0098051233;
 0.022863496, 0.016056264, 0.99960965, 0.01335129;
 0, 0, 0, 1]
Twc:
[0.99972278, 0.0056222589, 0.022863496, 0.00061459863;
 -0.0059901965, 0.99985313, 0.016056264, -0.010023898;
 -0.022769867, -0.016188771, 0.99960965, -0.013209553;
 0, 0, 0, 1]
Ow:
[-0.00097525306;
 0.0098051233;
 0.01335129]
Keyframe: 16 Frame: 126 Frame from vFrameID : 127
Tcw:
[0.99979371, -0.019573985, -0.0054263766, -0.0010003276;
 0.019467913, 0.99963075, -0.018955773, 0.011569427;
 0.0057954132, 0.018846221, 0.99980557, 0.021704601;
 0, 0, 0, 1]
Twc:
[0.99979371, 0.019467913, 0.0057954132, 0.00064910145;
 -0.019573985, 0.99963075, 0.018846221, -0.011993786;
 -0.0054263766, -0.018955773, 0.99980557, -0.021486504;
 0, 0, 0, 1]
Ow:
[-0.0010003276;
 0.011569427;
 0.021704601]
Keyframe: 17 Frame: 129 Frame from vFrameID : 130
Tcw:
[0.99959213, -0.028520139, 0.001468992, -0.00015213912;
 0.028544525, 0.99937654, -0.020779287, 0.010409426;
 -0.00087544793, 0.020812744, 0.99978298, 0.029632989;
 0, 0, 0, 1]
Twc:
[0.99959213, 0.028544525, -0.00087544793, -0.00011911291;
 -0.028520139, 0.99937654, 0.020812744, -0.011024019;
 0.001468992, -0.020779287, 0.99978298, -0.029410036;
 0, 0, 0, 1]
Ow:
[-0.00015213912;
 0.010409426;
 0.029632989]
Keyframe: 18 Frame: 132 Frame from vFrameID : 133
Tcw:
[0.99963284, -0.026514392, 0.0055797971, 0.0039458415;
 0.026617147, 0.99946082, -0.019226162, 0.010521812;
 -0.0050670183, 0.019367622, 0.99979961, 0.034608521;
 0, 0, 0, 1]
Twc:
[0.99963284, 0.026617147, -0.0050670183, -0.0040490916;
 -0.026514392, 0.99946082, 0.019367622, -0.011081802;
 0.0055797971, -0.019226162, 0.99979961, -0.03442131;
 0, 0, 0, 1]
Ow:
[0.0039458415;
 0.010521812;
 0.034608521]
Keyframe: 19 Frame: 135 Frame from vFrameID : 136
Tcw:
[0.99971825, -0.02309816, 0.0054627489, 0.013996487;
 0.023146814, 0.99969143, -0.0090178568, 0.0094264802;
 -0.0052527674, 0.0091417609, 0.99994439, 0.047976971;
 0, 0, 0, 1]
Twc:
[0.99971825, 0.023146814, -0.0052527674, -0.013958726;
 -0.02309816, 0.99969143, 0.0091417609, -0.0095388712;
 0.0054627489, -0.0090178568, 0.99994439, -0.047965758;
 0, 0, 0, 1]
Ow:
[0.013996487;
 0.0094264802;
 0.047976971]
Keyframe: 20 Frame: 138 Frame from vFrameID : 139
Tcw:
[0.99977076, -0.021282535, 0.0023524812, 0.01948156;
 0.021302423, 0.99973452, -0.0087787081, 0.0076486226;
 -0.0021650237, 0.008826809, 0.99995869, 0.05745922;
 0, 0, 0, 1]
Twc:
[0.99977076, 0.021302423, -0.0021650237, -0.019515626;
 -0.021282535, 0.99973452, 0.008826809, -0.0077391565;
 0.0023524812, -0.0087787081, 0.99995869, -0.057435535;
 0, 0, 0, 1]
Ow:
[0.01948156;
 0.0076486226;
 0.05745922]
Keyframe: 21 Frame: 142 Frame from vFrameID : 143
Tcw:
[0.99956638, -0.026892193, -0.011996661, 0.037410606;
 0.026553718, 0.99926811, -0.027533302, -0.0016170715;
 0.012728312, 0.027202806, 0.99954891, 0.074534371;
 0, 0, 0, 1]
Twc:
[0.99956638, 0.026553718, 0.012728312, -0.038300138;
 -0.026892193, 0.99926811, 0.027202806, 0.00059439713;
 -0.011996661, -0.027533302, 0.99954891, -0.074096471;
 0, 0, 0, 1]
Ow:
[0.037410606;
 -0.0016170715;
 0.074534371]
Keyframe: 22 Frame: 145 Frame from vFrameID : 146
Tcw:
[0.9995994, -0.021318199, -0.018616157, 0.053926267;
 0.020646395, 0.99915415, -0.035562739, -0.0045949714;
 0.019358544, 0.035164136, 0.99919403, 0.084946707;
 0, 0, 0, 1]
Twc:
[0.9995994, 0.020646395, 0.019358544, -0.055454239;
 -0.021318199, 0.99915415, 0.035164136, 0.0027536182;
 -0.018616157, -0.035562739, 0.99919403, -0.084037758;
 0, 0, 0, 1]
Ow:
[0.053926267;
 -0.0045949714;
 0.084946707]
Keyframe: 23 Frame: 149 Frame from vFrameID : 150
Tcw:
[0.99926859, -0.004580488, -0.037964586, 0.071707934;
 0.0038298026, 0.99979615, -0.019822495, -0.017470803;
 0.038047645, 0.0196626, 0.99908245, 0.10318568;
 0, 0, 0, 1]
Twc:
[0.99926859, 0.0038298026, 0.038047645, -0.075514548;
 -0.004580488, 0.99979615, 0.0196626, 0.015766801;
 -0.037964586, -0.019822495, 0.99908245, -0.10071496;
 0, 0, 0, 1]
Ow:
[0.071707934;
 -0.017470803;
 0.10318568]
Keyframe: 24 Frame: 153 Frame from vFrameID : 154
Tcw:
[0.99878973, 0.016735775, -0.046248753, 0.088603184;
 -0.017672168, 0.99964553, -0.019912681, -0.026679209;
 0.045899104, 0.020705897, 0.99873149, 0.11963234;
 0, 0, 0, 1]
Twc:
[0.99878973, -0.017672168, 0.045899104, -0.094458453;
 0.016735775, 0.99964553, 0.020705897, 0.022709813;
 -0.046248753, -0.019912681, 0.99873149, -0.11591405;
 0, 0, 0, 1]
Ow:
[0.088603184;
 -0.026679209;
 0.11963234]
Keyframe: 25 Frame: 157 Frame from vFrameID : 158
Tcw:
[0.99818671, 0.023540102, -0.05539969, 0.099673107;
 -0.024881735, 0.99941051, -0.023653412, -0.027163107;
 0.05481023, 0.024988962, 0.99818403, 0.14005856;
 0, 0, 0, 1]
Twc:
[0.99818671, -0.024881735, 0.05481023, -0.10784488;
 0.023540102, 0.99941051, 0.024988962, 0.021300862;
 -0.05539969, -0.023653412, 0.99818403, -0.13492486;
 0, 0, 0, 1]
Ow:
[0.099673107;
 -0.027163107;
 0.14005856]
Keyframe: 26 Frame: 161 Frame from vFrameID : 162
Tcw:
[0.99831885, 0.021328092, -0.053893745, 0.10700463;
 -0.021842666, 0.99972111, -0.0089769782, -0.024067456;
 0.053687252, 0.01013907, 0.99850631, 0.16380276;
 0, 0, 0, 1]
Twc:
[0.99831885, -0.021842666, 0.053687252, -0.11614456;
 0.021328092, 0.99972111, 0.01013907, 0.02011773;
 -0.053893745, -0.0089769782, 0.99850631, -0.15800726;
 0, 0, 0, 1]
Ow:
[0.10700463;
 -0.024067456;
 0.16380276]
Keyframe: 27 Frame: 165 Frame from vFrameID : 166
Tcw:
[0.9991743, 0.017508052, -0.03666354, 0.11583962;
 -0.017486367, 0.9998467, 0.00091208343, -0.029976681;
 0.036673889, -0.00027021818, 0.99932724, 0.19410521;
 0, 0, 0, 1]
Twc:
[0.9991743, -0.017486367, 0.036673889, -0.12338675;
 0.017508052, 0.9998467, -0.00027021818, 0.02799641;
 -0.03666354, 0.00091208343, 0.99932724, -0.1897002;
 0, 0, 0, 1]
Ow:
[0.11583962;
 -0.029976681;
 0.19410521]
Keyframe: 28 Frame: 169 Frame from vFrameID : 170
Tcw:
[0.9985224, 0.025255721, -0.048116434, 0.12115905;
 -0.027155392, 0.99886054, -0.039244872, -0.032464135;
 0.047070451, 0.040493503, 0.99807048, 0.21065807;
 0, 0, 0, 1]
Twc:
[0.9985224, -0.027155392, 0.047070451, -0.13177736;
 0.025255721, 0.99886054, 0.040493503, 0.020836905;
 -0.048116434, -0.039244872, 0.99807048, -0.20569591;
 0, 0, 0, 1]
Ow:
[0.12115905;
 -0.032464135;
 0.21065807]
Keyframe: 29 Frame: 174 Frame from vFrameID : 175
Tcw:
[0.9965784, -0.021548878, -0.07979437, 0.13013485;
 0.01706592, 0.99825996, -0.056443263, -0.038852032;
 0.080871813, 0.054888371, 0.99521202, 0.23371764;
 0, 0, 0, 1]
Twc:
[0.9965784, 0.01706592, 0.080871813, -0.1479277;
 -0.021548878, 0.99825996, 0.054888371, 0.028760307;
 -0.07979437, -0.056443263, 0.99521202, -0.22440752;
 0, 0, 0, 1]
Ow:
[0.13013485;
 -0.038852032;
 0.23371764]
Keyframe: 30 Frame: 178 Frame from vFrameID : 179
Tcw:
[0.993222, -0.049897403, -0.10497776, 0.14107868;
 0.050525289, 0.99871725, 0.0033286423, -0.038333014;
 0.10467701, -0.0086101126, 0.99446899, 0.24743077;
 0, 0, 0, 1]
Twc:
[0.993222, 0.050525289, 0.10467701, -0.16408598;
 -0.049897403, 0.99871725, -0.0086101126, 0.047453709;
 -0.10497776, 0.0033286423, 0.99446899, -0.23112452;
 0, 0, 0, 1]
Ow:
[0.14107868;
 -0.038333014;
 0.24743077]
Keyframe: 31 Frame: 182 Frame from vFrameID : 183
Tcw:
[0.99922919, 0.025657114, -0.02971071, 0.15976523;
 -0.025145885, 0.99953139, 0.017454591, -0.036570348;
 0.030144623, -0.016694035, 0.99940616, 0.27269489;
 0, 0, 0, 1]
Twc:
[0.99922919, -0.025145885, 0.030144623, -0.16878195;
 0.025657114, 0.99953139, -0.016694035, 0.037006475;
 -0.02971071, 0.017454591, 0.99940616, -0.26714787;
 0, 0, 0, 1]
Ow:
[0.15976523;
 -0.036570348;
 0.27269489]
Keyframe: 32 Frame: 186 Frame from vFrameID : 187
Tcw:
[0.99848264, 0.0072658188, -0.054585971, 0.16551115;
 -0.0057211891, 0.99958026, 0.028400358, -0.035738938;
 0.054769412, -0.028044969, 0.99810511, 0.29145432;
 0, 0, 0, 1]
Twc:
[0.99848264, -0.0057211891, 0.054769412, -0.18142724;
 0.0072658188, 0.99958026, -0.028044969, 0.042695187;
 -0.054585971, 0.028400358, 0.99810511, -0.28085244;
 0, 0, 0, 1]
Ow:
[0.16551115;
 -0.035738938;
 0.29145432]
Keyframe: 33 Frame: 192 Frame from vFrameID : 193
Tcw:
[0.99955302, 0.026423814, 0.013984348, 0.19596918;
 -0.025799295, 0.99873769, -0.04309785, -0.046121545;
 -0.015105505, 0.0427178, 0.99897295, 0.31105149;
 0, 0, 0, 1]
Twc:
[0.99955302, -0.025799295, -0.015105505, -0.19237289;
 0.026423814, 0.99873769, 0.0427178, 0.027597638;
 0.013984348, -0.04309785, 0.99897295, -0.31546026;
 0, 0, 0, 1]
Ow:
[0.19596918;
 -0.046121545;
 0.31105149]
Keyframe: 34 Frame: 198 Frame from vFrameID : 199
Tcw:
[0.99967128, 0.022876913, -0.011573117, 0.20480965;
 -0.022926496, 0.99972844, -0.0041699968, -0.046006452;
 0.011474579, 0.0044339574, 0.99992436, 0.34664547;
 0, 0, 0, 1]
Twc:
[0.99967128, -0.022926496, 0.011474579, -0.20977472;
 0.022876913, 0.99972844, 0.0044339574, 0.039771538;
 -0.011573117, -0.0041699968, 0.99992436, -0.34444079;
 0, 0, 0, 1]
Ow:
[0.20480965;
 -0.046006452;
 0.34664547]
Keyframe: 35 Frame: 202 Frame from vFrameID : 203
Tcw:
[0.99971801, 0.021652944, -0.0097463848, 0.21289524;
 -0.02185357, 0.99954122, -0.02097181, -0.048394758;
 0.0092878109, 0.02117889, 0.99973255, 0.36809015;
 0, 0, 0, 1]
Twc:
[0.99971801, -0.02185357, 0.0092878109, -0.21731158;
 0.021652944, 0.99954122, 0.02117889, 0.035967004;
 -0.0097463848, -0.02097181, 0.99973255, -0.36693168;
 0, 0, 0, 1]
Ow:
[0.21289524;
 -0.048394758;
 0.36809015]
Keyframe: 36 Frame: 206 Frame from vFrameID : 207
Tcw:
[0.99893826, -0.0015339873, -0.046043057, 0.21959604;
 8.6691391e-05, 0.99950629, -0.031419083, -0.050233237;
 0.046068523, 0.031381734, 0.99844521, 0.39222172;
 0, 0, 0, 1]
Twc:
[0.99893826, 8.6691391e-05, 0.046068523, -0.23742762;
 -0.0015339873, 0.99950629, 0.031381734, 0.038236696;
 -0.046043057, -0.031419083, 0.99844521, -0.38307932;
 0, 0, 0, 1]
Ow:
[0.21959604;
 -0.050233237;
 0.39222172]
Keyframe: 37 Frame: 210 Frame from vFrameID : 211
Tcw:
[0.99874997, 0.0047207372, -0.049761441, 0.22500795;
 -0.0062457332, 0.99951416, -0.030535331, -0.052753516;
 0.049593117, 0.030807957, 0.99829423, 0.41574761;
 0, 0, 0, 1]
Twc:
[0.99874997, -0.0062457332, 0.049593117, -0.24567439;
 0.0047207372, 0.99951416, 0.030807957, 0.038857352;
 -0.049761441, -0.030535331, 0.99829423, -0.40545255;
 0, 0, 0, 1]
Ow:
[0.22500795;
 -0.052753516;
 0.41574761]
Keyframe: 38 Frame: 214 Frame from vFrameID : 215
Tcw:
[0.99880576, -0.0064228983, -0.048433896, 0.2315578;
 0.0048331222, 0.99944794, -0.032869585, -0.054471865;
 0.048618276, 0.032596242, 0.99828541, 0.43292817;
 0, 0, 0, 1]
Twc:
[0.99880576, 0.0048331222, 0.048618276, -0.25206622;
 -0.0064228983, 0.99944794, 0.032596242, 0.041817237;
 -0.048433896, -0.032869585, 0.99828541, -0.42276108;
 0, 0, 0, 1]
Ow:
[0.2315578;
 -0.054471865;
 0.43292817]
Keyframe: 39 Frame: 218 Frame from vFrameID : 219
Tcw:
[0.99866432, -0.01023881, -0.050643578, 0.24357778;
 0.0095969429, 0.99987072, -0.012901174, -0.05548387;
 0.050769124, 0.012397918, 0.99863344, 0.46157363;
 0, 0, 0, 1]
Twc:
[0.99866432, 0.0095969429, 0.050769124, -0.26615363;
 -0.01023881, 0.99987072, 0.012397918, 0.052248091;
 -0.050643578, -0.012901174, 0.99863344, -0.44932303;
 0, 0, 0, 1]
Ow:
[0.24357778;
 -0.05548387;
 0.46157363]
Keyframe: 40 Frame: 222 Frame from vFrameID : 223
Tcw:
[0.99721432, -0.015730873, -0.072912298, 0.25414494;
 0.014617197, 0.99976861, -0.015782714, -0.056068446;
 0.073143706, 0.014672974, 0.99721348, 0.48598567;
 0, 0, 0, 1]
Twc:
[0.99721432, 0.014617197, 0.073143706, -0.28816417;
 -0.015730873, 0.99976861, 0.014672974, 0.052922536;
 -0.072912298, -0.015782714, 0.99721348, -0.46698606;
 0, 0, 0, 1]
Ow:
[0.25414494;
 -0.056068446;
 0.48598567]
Keyframe: 41 Frame: 226 Frame from vFrameID : 227
Tcw:
[0.99615645, -0.01171826, -0.086804613, 0.26365906;
 0.010202573, 0.99978799, -0.017884044, -0.058222804;
 0.086995788, 0.016929677, 0.99606484, 0.50462407;
 0, 0, 0, 1]
Twc:
[0.99615645, 0.010202573, 0.086995788, -0.3059518;
 -0.01171826, 0.99978799, 0.016929677, 0.052756969;
 -0.086804613, -0.017884044, 0.99606484, -0.4807927;
 0, 0, 0, 1]
Ow:
[0.26365906;
 -0.058222804;
 0.50462407]
Keyframe: 42 Frame: 230 Frame from vFrameID : 231
Tcw:
[0.99383503, -0.0071999165, -0.11063486, 0.28281894;
 0.0044437163, 0.99967408, -0.025138993, -0.065564074;
 0.11077981, 0.024492383, 0.99354315, 0.52335;
 0, 0, 0, 1]
Twc:
[0.99383503, 0.0044437163, 0.11077981, -0.33876064;
 -0.0071999165, 0.99967408, 0.024492383, 0.054760892;
 -0.11063486, -0.025138993, 0.99354315, -0.49032936;
 0, 0, 0, 1]
Ow:
[0.28281894;
 -0.065564074;
 0.52335]
Keyframe: 43 Frame: 234 Frame from vFrameID : 235
Tcw:
[0.99456179, -0.0059322044, -0.10397922, 0.29317132;
 0.0041266005, 0.9998371, -0.01757158, -0.07282225;
 0.10406651, 0.017046941, 0.99442422, 0.54220897;
 0, 0, 0, 1]
Twc:
[0.99456179, 0.0041266005, 0.10406651, -0.34770226;
 -0.0059322044, 0.9998371, 0.017046941, 0.065306529;
 -0.10397922, -0.01757158, 0.99442422, -0.50998163;
 0, 0, 0, 1]
Ow:
[0.29317132;
 -0.07282225;
 0.54220897]
Keyframe: 44 Frame: 238 Frame from vFrameID : 239
Tcw:
[0.9947359, 0.00021432652, -0.10247178, 0.30438754;
 -0.0021156983, 0.99982762, -0.018446753, -0.07443215;
 0.10245015, 0.018566446, 0.99456483, 0.56593686;
 0, 0, 0, 1]
Twc:
[0.9947359, -0.0021156983, 0.10245015, -0.36092299;
 0.00021432652, 0.99982762, 0.018566446, 0.06384664;
 -0.10247178, -0.018446753, 0.99456483, -0.53304285;
 0, 0, 0, 1]
Ow:
[0.30438754;
 -0.07443215;
 0.56593686]
Keyframe: 45 Frame: 242 Frame from vFrameID : 243
Tcw:
[0.99563521, 0.0089006936, -0.09290465, 0.31132418;
 -0.0099159377, 0.99989599, -0.010471907, -0.073835984;
 0.09280178, 0.011347436, 0.99561995, 0.58499062;
 0, 0, 0, 1]
Twc:
[0.99563521, -0.0099159377, 0.09280178, -0.36498564;
 0.0089006936, 0.99989599, 0.011347436, 0.064419165;
 -0.09290465, -0.010471907, 0.99561995, -0.55427808;
 0, 0, 0, 1]
Ow:
[0.31132418;
 -0.073835984;
 0.58499062]
Keyframe: 46 Frame: 246 Frame from vFrameID : 247
Tcw:
[0.99548805, -0.0035373424, -0.09482117, 0.31380606;
 0.0023183161, 0.99991328, -0.012963137, -0.077303007;
 0.094858803, 0.012684822, 0.99540991, 0.61026567;
 0, 0, 0, 1]
Twc:
[0.99548805, 0.0023183161, 0.094858803, -0.37010002;
 -0.0035373424, 0.99991328, 0.012684822, 0.070665233;
 -0.09482117, -0.012963137, 0.99540991, -0.57871115;
 0, 0, 0, 1]
Ow:
[0.31380606;
 -0.077303007;
 0.61026567]
Keyframe: 47 Frame: 250 Frame from vFrameID : 251
Tcw:
[0.99535525, -0.0084311217, -0.095900275, 0.31851435;
 0.0061281337, 0.9996863, -0.024283633, -0.084723867;
 0.096074931, 0.023583151, 0.99509472, 0.63640904;
 0, 0, 0, 1]
Twc:
[0.99535525, 0.0061281337, 0.096074931, -0.37765867;
 -0.0084311217, 0.9996863, 0.023583151, 0.072374195;
 -0.095900275, -0.024283633, 0.99509472, -0.60479903;
 0, 0, 0, 1]
Ow:
[0.31851435;
 -0.084723867;
 0.63640904]
Keyframe: 48 Frame: 254 Frame from vFrameID : 255
Tcw:
[0.99607027, -0.025312535, -0.08487203, 0.32317585;
 0.024157858, 0.99960148, -0.014604616, -0.087787405;
 0.085207887, 0.012496897, 0.99628484, 0.6582917;
 0, 0, 0, 1]
Twc:
[0.99607027, 0.024157858, 0.085207887, -0.37587675;
 -0.025312535, 0.99960148, 0.012496897, 0.087706216;
 -0.08487203, -0.014604616, 0.99628484, -0.62969953;
 0, 0, 0, 1]
Ow:
[0.32317585;
 -0.087787405;
 0.6582917]
Keyframe: 49 Frame: 258 Frame from vFrameID : 259
Tcw:
[0.99751151, -0.019102549, -0.067866281, 0.33659673;
 0.019154634, 0.99981654, 0.00011675995, -0.09067595;
 0.067851596, -0.0014164231, 0.99769443, 0.68775654;
 0, 0, 0, 1]
Twc:
[0.99751151, 0.019154634, 0.067851596, -0.38068765;
 -0.019102549, 0.99981654, -0.0014164231, 0.098063327;
 -0.067866281, 0.00011675995, 0.99769443, -0.66331673;
 0, 0, 0, 1]
Ow:
[0.33659673;
 -0.09067595;
 0.68775654]
Keyframe: 50 Frame: 262 Frame from vFrameID : 263
Tcw:
[0.99632746, -0.018723965, -0.083552353, 0.34851187;
 0.017944217, 0.99978822, -0.010073725, -0.091226563;
 0.083723284, 0.008537448, 0.99645245, 0.71165407;
 0, 0, 0, 1]
Twc:
[0.99632746, 0.017944217, 0.083723284, -0.40517697;
 -0.018723965, 0.99978822, 0.008537448, 0.091657057;
 -0.083552353, -0.010073725, 0.99645245, -0.68092948;
 0, 0, 0, 1]
Ow:
[0.34851187;
 -0.091226563;
 0.71165407]
Keyframe: 51 Frame: 266 Frame from vFrameID : 267
Tcw:
[0.99459237, -0.019351576, -0.10203706, 0.3596901;
 0.018617166, 0.99979353, -0.0081449607, -0.0936433;
 0.10217361, 0.0062012742, 0.99474728, 0.73143452;
 0, 0, 0, 1]
Twc:
[0.99459237, 0.018617166, 0.10217361, -0.43073496;
 -0.019351576, 0.99979353, 0.0062012742, 0.096048713;
 -0.10203706, -0.0081449607, 0.99474728, -0.69165349;
 0, 0, 0, 1]
Ow:
[0.3596901;
 -0.0936433;
 0.73143452]
Keyframe: 52 Frame: 270 Frame from vFrameID : 271
Tcw:
[0.99415451, -0.010776969, -0.10742768, 0.37496665;
 0.0085260123, 0.99973482, -0.021390552, -0.09780293;
 0.10762972, 0.020349583, 0.99398279, 0.75142604;
 0, 0, 0, 1]
Twc:
[0.99415451, 0.0085260123, 0.10762972, -0.45281667;
 -0.010776969, 0.99973482, 0.020349583, 0.086526796;
 -0.10742768, -0.021390552, 0.99398279, -0.70871478;
 0, 0, 0, 1]
Ow:
[0.37496665;
 -0.09780293;
 0.75142604]
Keyframe: 53 Frame: 274 Frame from vFrameID : 275
Tcw:
[0.99491233, 0.0029027672, -0.10070299, 0.38816404;
 -0.0043314961, 0.99989301, -0.013971801, -0.10497064;
 0.10065165, 0.014336911, 0.99481845, 0.7691732;
 0, 0, 0, 1]
Twc:
[0.99491233, -0.0043314961, 0.10065165, -0.46406239;
 0.0029027672, 0.99989301, 0.014336911, 0.092805095;
 -0.10070299, -0.013971801, 0.99481845, -0.72756505;
 0, 0, 0, 1]
Ow:
[0.38816404;
 -0.10497064;
 0.7691732]
Keyframe: 54 Frame: 278 Frame from vFrameID : 279
Tcw:
[0.99626672, 0.010892822, -0.08563827, 0.39647371;
 -0.012361242, 0.99978518, -0.016635228, -0.10867342;
 0.085438669, 0.017631721, 0.99618739, 0.79322839;
 0, 0, 0, 1]
Twc:
[0.99626672, -0.012361242, 0.085438669, -0.4641093;
 0.010892822, 0.99978518, 0.017631721, 0.090345375;
 -0.08563827, -0.016635228, 0.99618739, -0.75805861;
 0, 0, 0, 1]
Ow:
[0.39647371;
 -0.10867342;
 0.79322839]
Keyframe: 55 Frame: 282 Frame from vFrameID : 283
Tcw:
[0.99699789, 0.0047639217, -0.077281766, 0.39751351;
 -0.0056989919, 0.99991316, -0.011883467, -0.10758995;
 0.077218436, 0.012288219, 0.99693847, 0.81722099;
 0, 0, 0, 1]
Twc:
[0.99699789, -0.0056989919, 0.077218436, -0.46003783;
 0.0047639217, 0.99991316, 0.012288219, 0.09564469;
 -0.077281766, -0.011883467, 0.99693847, -0.78527707;
 0, 0, 0, 1]
Ow:
[0.39751351;
 -0.10758995;
 0.81722099]
Keyframe: 56 Frame: 286 Frame from vFrameID : 287
Tcw:
[0.99671513, -0.014996644, -0.079586484, 0.39717382;
 0.013855911, 0.99979347, -0.014866222, -0.10787752;
 0.079792991, 0.013714645, 0.9967171, 0.84126592;
 0, 0, 0, 1]
Twc:
[0.99671513, 0.013855911, 0.079792991, -0.46150154;
 -0.014996644, 0.99979347, 0.013714645, 0.10227385;
 -0.079586484, -0.014866222, 0.9967171, -0.80849814;
 0, 0, 0, 1]
Ow:
[0.39717382;
 -0.10787752;
 0.84126592]
Keyframe: 57 Frame: 290 Frame from vFrameID : 291
Tcw:
[0.9981218, -0.019858312, -0.057952546, 0.40000224;
 0.018496359, 0.99954218, -0.023943739, -0.11221147;
 0.058401495, 0.022826858, 0.99803215, 0.86736685;
 0, 0, 0, 1]
Twc:
[0.9981218, 0.018496359, 0.058401495, -0.44783098;
 -0.019858312, 0.99954218, 0.022826858, 0.10030421;
 -0.057952546, -0.023943739, 0.99803215, -0.84516561;
 0, 0, 0, 1]
Ow:
[0.40000224;
 -0.11221147;
 0.86736685]
Keyframe: 58 Frame: 294 Frame from vFrameID : 295
Tcw:
[0.9980709, -0.030466868, -0.054095406, 0.40436813;
 0.02960686, 0.99942327, -0.016628999, -0.11208506;
 0.054570843, 0.014995324, 0.99839729, 0.88921845;
 0, 0, 0, 1]
Twc:
[0.9980709, 0.02960686, 0.054570843, -0.44879496;
 -0.030466868, 0.99942327, 0.014995324, 0.11100613;
 -0.054095406, -0.016628999, 0.99839729, -0.86778271;
 0, 0, 0, 1]
Ow:
[0.40436813;
 -0.11208506;
 0.88921845]
Keyframe: 59 Frame: 298 Frame from vFrameID : 299
Tcw:
[0.99794728, -0.023075229, -0.059739146, 0.41308001;
 0.022612195, 0.99970889, -0.0084154755, -0.11164068;
 0.059915945, 0.0070473677, 0.99817854, 0.91331381;
 0, 0, 0, 1]
Twc:
[0.99794728, 0.022612195, 0.059915945, -0.46442971;
 -0.023075229, 0.99970889, 0.0070473677, 0.11470364;
 -0.059739146, -0.0084154755, 0.99817854, -0.88791275;
 0, 0, 0, 1]
Ow:
[0.41308001;
 -0.11164068;
 0.91331381]
Keyframe: 60 Frame: 302 Frame from vFrameID : 303
Tcw:
[0.99648309, -0.024632929, -0.080091923, 0.42239237;
 0.023779249, 0.99965, -0.011595275, -0.11226754;
 0.08034952, 0.0096499696, 0.99672002, 0.93952751;
 0, 0, 0, 1]
Twc:
[0.99648309, 0.023779249, 0.08034952, -0.49372777;
 -0.024632929, 0.99965, 0.0096499696, 0.11356659;
 -0.080091923, -0.011595275, 0.99672002, -0.90391749;
 0, 0, 0, 1]
Ow:
[0.42239237;
 -0.11226754;
 0.93952751]
Keyframe: 61 Frame: 306 Frame from vFrameID : 307
Tcw:
[0.99455321, -0.010483143, -0.10370143, 0.44044304;
 0.0096493363, 0.99991697, -0.0085388767, -0.11802285;
 0.10378233, 0.0074917171, 0.99457181, 0.96058327;
 0, 0, 0, 1]
Twc:
[0.99455321, 0.0096493363, 0.10378233, -0.53659678;
 -0.010483143, 0.99991697, 0.0074917171, 0.11543386;
 -0.10370143, -0.0085388767, 0.99457181, -0.91070229;
 0, 0, 0, 1]
Ow:
[0.44044304;
 -0.11802285;
 0.96058327]
Keyframe: 62 Frame: 310 Frame from vFrameID : 311
Tcw:
[0.99363482, -0.013083957, -0.11188678, 0.44624317;
 0.013606239, 0.9998998, 0.003905616, -0.12356142;
 0.11182447, -0.0054031145, 0.99371326, 0.98535186;
 0, 0, 0, 1]
Twc:
[0.99363482, 0.013606239, 0.11182447, -0.55190796;
 -0.013083957, 0.9998998, -0.0054031145, 0.13471164;
 -0.11188678, 0.003905616, 0.99371326, -0.92874599;
 0, 0, 0, 1]
Ow:
[0.44624317;
 -0.12356142;
 0.98535186]
Keyframe: 63 Frame: 314 Frame from vFrameID : 315
Tcw:
[0.99388003, 0.0017547521, -0.11045066, 0.45643145;
 -0.0024417015, 0.99997848, -0.0060845632, -0.12829235;
 0.1104376, 0.0063170134, 0.99386299, 1.0063412;
 0, 0, 0, 1]
Twc:
[0.99388003, -0.0024417015, 0.1104376, -0.56508929;
 0.0017547521, 0.99997848, 0.0063170134, 0.1211316;
 -0.11045066, -0.0060845632, 0.99386299, -0.95053279;
 0, 0, 0, 1]
Ow:
[0.45643145;
 -0.12829235;
 1.0063412]
Keyframe: 64 Frame: 318 Frame from vFrameID : 319
Tcw:
[0.99473363, 0.0097069591, -0.10203309, 0.46716493;
 -0.011750787, 0.99974179, -0.019449092, -0.12780729;
 0.10181796, 0.020545637, 0.99459088, 1.0269644;
 0, 0, 0, 1]
Twc:
[0.99473363, -0.011750787, 0.10181796, -0.57076991;
 0.0097069591, 0.99974179, 0.020545637, 0.10213991;
 -0.10203309, -0.019449092, 0.99459088, -0.97622889;
 0, 0, 0, 1]
Ow:
[0.46716493;
 -0.12780729;
 1.0269644]
Keyframe: 65 Frame: 322 Frame from vFrameID : 323
Tcw:
[0.99552554, 0.0014694628, -0.094481669, 0.4689323;
 -0.004566907, 0.99945885, -0.032575682, -0.13395493;
 0.094382674, 0.032861412, 0.99499351, 1.0596534;
 0, 0, 0, 1]
Twc:
[0.99552554, -0.004566907, 0.094382674, -0.56745875;
 0.0014694628, 0.99945885, 0.032861412, 0.098371647;
 -0.094481669, -0.032575682, 0.99499351, -1.0144064;
 0, 0, 0, 1]
Ow:
[0.4689323;
 -0.13395493;
 1.0596534]
Keyframe: 66 Frame: 326 Frame from vFrameID : 327
Tcw:
[0.99649388, -0.012811428, -0.082678765, 0.47470552;
 0.0095853228, 0.99918151, -0.039299402, -0.13582644;
 0.083114579, 0.038369112, 0.99580109, 1.0812703;
 0, 0, 0, 1]
Twc:
[0.99649388, 0.0095853228, 0.083114579, -0.56160849;
 -0.012811428, 0.99918151, 0.038369112, 0.10030954;
 -0.082678765, -0.039299402, 0.99580109, -1.04282;
 0, 0, 0, 1]
Ow:
[0.47470552;
 -0.13582644;
 1.0812703]
Keyframe: 67 Frame: 330 Frame from vFrameID : 331
Tcw:
[0.99732143, -0.025366135, -0.068604156, 0.48044866;
 0.022281174, 0.99872196, -0.04536495, -0.13783149;
 0.069667213, 0.043714855, 0.99661201, 1.0969127;
 0, 0, 0, 1]
Twc:
[0.99732143, 0.022281174, 0.069667213, -0.55250955;
 -0.025366135, 0.99872196, 0.043714855, 0.10189109;
 -0.068604156, -0.04536495, 0.99661201, -1.0664884;
 0, 0, 0, 1]
Ow:
[0.48044866;
 -0.13783149;
 1.0969127]
Keyframe: 68 Frame: 334 Frame from vFrameID : 335
Tcw:
[0.99802905, -0.01710961, -0.060376178, 0.48934689;
 0.015087472, 0.99931502, -0.033790745, -0.13776004;
 0.06091297, 0.032813221, 0.9976036, 1.1185155;
 0, 0, 0, 1]
Twc:
[0.99802905, 0.015087472, 0.06091297, -0.55443609;
 -0.01710961, 0.99931502, 0.032813221, 0.10933612;
 -0.060376178, -0.033790745, 0.9976036, -1.0909452;
 0, 0, 0, 1]
Ow:
[0.48934689;
 -0.13776004;
 1.1185155]
Keyframe: 69 Frame: 338 Frame from vFrameID : 339
Tcw:
[0.99600029, -0.0067171515, -0.089097224, 0.50293535;
 0.0040105148, 0.99952602, -0.030522769, -0.13519579;
 0.089260027, 0.030043362, 0.99555516, 1.1405129;
 0, 0, 0, 1]
Twc:
[0.99600029, 0.0040105148, 0.089260027, -0.60218376;
 -0.0067171515, 0.99952602, 0.030043362, 0.10424517;
 -0.089097224, -0.030522769, 0.99555516, -1.0947598;
 0, 0, 0, 1]
Ow:
[0.50293535;
 -0.13519579;
 1.1405129]
Keyframe: 70 Frame: 342 Frame from vFrameID : 343
Tcw:
[0.98864394, 0.018971402, -0.14907475, 0.52351236;
 -0.021264806, 0.99967855, -0.01380528, -0.13558139;
 0.14876492, 0.016818551, 0.98872954, 1.170378;
 0, 0, 0, 1]
Twc:
[0.98864394, -0.021264806, 0.14876492, -0.6945616;
 0.018971402, 0.99967855, 0.016818551, 0.10592199;
 -0.14907475, -0.01380528, 0.98872954, -1.0810165;
 0, 0, 0, 1]
Ow:
[0.52351236;
 -0.13558139;
 1.170378]
Keyframe: 71 Frame: 346 Frame from vFrameID : 347
Tcw:
[0.98630726, 0.01381923, -0.16433819, 0.53456736;
 -0.015091516, 0.999865, -0.0064957934, -0.13706918;
 0.16422623, 0.0088869603, 0.98638266, 1.1892722;
 0, 0, 0, 1]
Twc:
[0.98630726, -0.015091516, 0.16422623, -0.72462589;
 0.01381923, 0.999865, 0.0088869603, 0.11909436;
 -0.16433819, -0.0064957934, 0.98638266, -1.086118;
 0, 0, 0, 1]
Ow:
[0.53456736;
 -0.13706918;
 1.1892722]
Keyframe: 72 Frame: 350 Frame from vFrameID : 351
Tcw:
[0.98742801, 0.016449412, -0.15721102, 0.5420115;
 -0.015513872, 0.99985391, 0.007176199, -0.14172462;
 0.1573061, -0.0046470282, 0.98753893, 1.2075243;
 0, 0, 0, 1]
Twc:
[0.98742801, -0.015513872, 0.1573061, -0.72734702;
 0.016449412, 0.99985391, -0.0046470282, 0.13839954;
 -0.15721102, 0.007176199, 0.98753893, -1.10625;
 0, 0, 0, 1]
Ow:
[0.5420115;
 -0.14172462;
 1.2075243]
Keyframe: 73 Frame: 354 Frame from vFrameID : 355
Tcw:
[0.9915899, 0.0084396964, -0.12914436, 0.54646879;
 -0.0088413451, 0.99995768, -0.0025370764, -0.13846079;
 0.12911747, 0.0036575492, 0.99162257, 1.2268813;
 0, 0, 0, 1]
Twc:
[0.9915899, -0.0088413451, 0.12911747, -0.70150888;
 0.0084396964, 0.99995768, 0.0036575492, 0.12935552;
 -0.12914436, -0.0025370764, 0.99162257, -1.1463811;
 0, 0, 0, 1]
Ow:
[0.54646879;
 -0.13846079;
 1.2268813]
Keyframe: 74 Frame: 358 Frame from vFrameID : 359
Tcw:
[0.99361384, 5.9816924e-05, -0.11283406, 0.54894346;
 -0.0011171965, 0.99995607, -0.0093078958, -0.13922845;
 0.11282855, 0.0093745114, 0.99357027, 1.251489;
 0, 0, 0, 1]
Twc:
[0.99361384, -0.0011171965, 0.11282855, -0.68679708;
 5.9816924e-05, 0.99995607, 0.0093745114, 0.1274574;
 -0.11283406, -0.0093078958, 0.99357027, -1.1827986;
 0, 0, 0, 1]
Ow:
[0.54894346;
 -0.13922845;
 1.251489]
Keyframe: 75 Frame: 362 Frame from vFrameID : 363
Tcw:
[0.9939025, -0.01753526, -0.10885928, 0.54903919;
 0.015901366, 0.99974781, -0.015859287, -0.14281665;
 0.10910992, 0.014031575, 0.99393064, 1.2705803;
 0, 0, 0, 1]
Twc:
[0.9939025, 0.015901366, 0.10910992, -0.68205333;
 -0.01753526, 0.99974781, 0.014031575, 0.13457993;
 -0.10885928, -0.015859287, 0.99393064, -1.2053657;
 0, 0, 0, 1]
Ow:
[0.54903919;
 -0.14281665;
 1.2705803]
Keyframe: 76 Frame: 366 Frame from vFrameID : 367
Tcw:
[0.99652249, -0.026647849, -0.078948207, 0.54966742;
 0.024802981, 0.99939799, -0.024257401, -0.14851548;
 0.079547085, 0.022214895, 0.99658352, 1.289868;
 0, 0, 0, 1]
Twc:
[0.99652249, 0.024802981, 0.079547085, -0.64667755;
 -0.026647849, 0.99939799, 0.022214895, 0.13441926;
 -0.078948207, -0.024257401, 0.99658352, -1.2456685;
 0, 0, 0, 1]
Ow:
[0.54966742;
 -0.14851548;
 1.289868]
Keyframe: 77 Frame: 371 Frame from vFrameID : 372
Tcw:
[0.99789083, -0.031591833, -0.056708932, 0.55842733;
 0.030164005, 0.99921036, -0.025860196, -0.14813061;
 0.057481125, 0.024095083, 0.99805576, 1.3094398;
 0, 0, 0, 1]
Twc:
[0.99789083, 0.030164005, 0.057481125, -0.62804937;
 -0.031591833, 0.99921036, 0.024095083, 0.13410433;
 -0.056708932, -0.025860196, 0.99805576, -1.2790569;
 0, 0, 0, 1]
Ow:
[0.55842733;
 -0.14813061;
 1.3094398]
Keyframe: 78 Frame: 375 Frame from vFrameID : 376
Tcw:
[0.9975968, -0.032114647, -0.061394051, 0.56542337;
 0.03088275, 0.99930429, -0.020910326, -0.14722973;
 0.062022861, 0.018964058, 0.99789453, 1.3285924;
 0, 0, 0, 1]
Twc:
[0.9975968, 0.03088275, 0.062022861, -0.6419208;
 -0.032114647, 0.99930429, 0.018964058, 0.14009017;
 -0.061394051, -0.020910326, 0.99789453, -1.2941601;
 0, 0, 0, 1]
Ow:
[0.56542337;
 -0.14722973;
 1.3285924]
Keyframe: 79 Frame: 380 Frame from vFrameID : 381
Tcw:
[0.99841416, -0.021150753, -0.052170463, 0.58523279;
 0.01919047, 0.99910128, -0.037793577, -0.14758274;
 0.052922938, 0.036732465, 0.99792278, 1.3535224;
 0, 0, 0, 1]
Twc:
[0.99841416, 0.01919047, 0.052922938, -0.65310496;
 -0.021150753, 0.99910128, 0.036732465, 0.11010999;
 -0.052170463, -0.037793577, 0.99792278, -1.3257567;
 0, 0, 0, 1]
Ow:
[0.58523279;
 -0.14758274;
 1.3535224]
Keyframe: 80 Frame: 384 Frame from vFrameID : 385
Tcw:
[0.99794608, -0.0068376022, -0.06369333, 0.59549296;
 0.0044856225, 0.99930531, -0.036996696, -0.1520516;
 0.06390205, 0.036635004, 0.99728352, 1.370405;
 0, 0, 0, 1]
Twc:
[0.99794608, 0.0044856225, 0.06390205, -0.68115956;
 -0.0068376022, 0.99930531, 0.036635004, 0.10581293;
 -0.06369333, -0.036996696, 0.99728352, -1.3343787;
 0, 0, 0, 1]
Ow:
[0.59549296;
 -0.1520516;
 1.370405]
Keyframe: 81 Frame: 388 Frame from vFrameID : 389
Tcw:
[0.99772686, -0.0031493213, -0.067313969, 0.60348898;
 0.0008717514, 0.99942696, -0.033837654, -0.14919202;
 0.067381963, 0.033702057, 0.99715787, 1.3890014;
 0, 0, 0, 1]
Twc:
[0.99772686, 0.0008717514, 0.067381963, -0.69558078;
 -0.0031493213, 0.99942696, 0.033702057, 0.10419491;
 -0.067313969, -0.033837654, 0.99715787, -1.3494788;
 0, 0, 0, 1]
Ow:
[0.60348898;
 -0.14919202;
 1.3890014]
Keyframe: 82 Frame: 392 Frame from vFrameID : 393
Tcw:
[0.99777192, -0.0087632528, -0.066139512, 0.610551;
 0.0071154307, 0.99965942, -0.025108915, -0.15120474;
 0.066337019, 0.02458236, 0.9974944, 1.4130042;
 0, 0, 0, 1]
Twc:
[0.99777192, 0.0071154307, 0.066337019, -0.70184922;
 -0.0087632528, 0.99965942, 0.02458236, 0.12176866;
 -0.066139512, -0.025108915, 0.9974944, -1.3728788;
 0, 0, 0, 1]
Ow:
[0.610551;
 -0.15120474;
 1.4130042]
Keyframe: 83 Frame: 396 Frame from vFrameID : 397
Tcw:
[0.99738628, -0.024905095, -0.067825563, 0.61362231;
 0.022227034, 0.99895418, -0.039957047, -0.15355977;
 0.068749763, 0.03834505, 0.99689674, 1.4367453;
 0, 0, 0, 1]
Twc:
[0.99738628, 0.022227034, 0.068749763, -0.70738119;
 -0.024905095, 0.99895418, 0.03834505, 0.11358942;
 -0.067825563, -0.039957047, 0.99689674, -1.3968033;
 0, 0, 0, 1]
Ow:
[0.61362231;
 -0.15355977;
 1.4367453]
Keyframe: 84 Frame: 400 Frame from vFrameID : 401
Tcw:
[0.998097, -0.046128109, -0.040921677, 0.61849326;
 0.044548512, 0.99825704, -0.038707491, -0.15217943;
 0.042635858, 0.03681083, 0.99841231, 1.4639527;
 0, 0, 0, 1]
Twc:
[0.998097, 0.044548512, 0.042635858, -0.67295372;
 -0.046128109, 0.99825704, 0.03681083, 0.12655482;
 -0.040921677, -0.038707491, 0.99841231, -1.442209;
 0, 0, 0, 1]
Ow:
[0.61849326;
 -0.15217943;
 1.4639527]
Keyframe: 85 Frame: 404 Frame from vFrameID : 405
Tcw:
[0.99855715, -0.050560944, -0.018087626, 0.62499946;
 0.050065331, 0.99838424, -0.026877703, -0.15125641;
 0.019417362, 0.025933361, 0.99947506, 1.4840821;
 0, 0, 0, 1]
Twc:
[0.99855715, 0.050065331, 0.019417362, -0.64534199;
 -0.050560944, 0.99838424, 0.025933361, 0.14412534;
 -0.018087626, -0.026877703, 0.99947506, -1.4760637;
 0, 0, 0, 1]
Ow:
[0.62499946;
 -0.15125641;
 1.4840821]
Keyframe: 86 Frame: 408 Frame from vFrameID : 409
Tcw:
[0.99839753, -0.052786209, -0.020395258, 0.63135844;
 0.052348644, 0.99839902, -0.021423828, -0.14882076;
 0.021493489, 0.020321833, 0.99956244, 1.5068585;
 0, 0, 0, 1]
Twc:
[0.99839753, 0.052348644, 0.021493489, -0.65494382;
 -0.052786209, 0.99839902, 0.020321833, 0.15128741;
 -0.020395258, -0.021423828, 0.99956244, -1.4965107;
 0, 0, 0, 1]
Ow:
[0.63135844;
 -0.14882076;
 1.5068585]
Keyframe: 87 Frame: 412 Frame from vFrameID : 413
Tcw:
[0.9979893, -0.048653815, -0.04062295, 0.63871211;
 0.047987405, 0.99869943, -0.017222341, -0.15082203;
 0.041408051, 0.015238322, 0.99902612, 1.5253789;
 0, 0, 0, 1]
Twc:
[0.9979893, 0.047987405, 0.041408051, -0.69335324;
 -0.048653815, 0.99869943, 0.015238322, 0.15845744;
 -0.04062295, -0.017222341, 0.99902612, -1.5005445;
 0, 0, 0, 1]
Ow:
[0.63871211;
 -0.15082203;
 1.5253789]
Keyframe: 88 Frame: 416 Frame from vFrameID : 417
Tcw:
[0.99832523, -0.030671164, -0.049051024, 0.65760458;
 0.029611528, 0.99931526, -0.022185598, -0.15054069;
 0.049697895, 0.020695968, 0.99854982, 1.552624;
 0, 0, 0, 1]
Twc:
[0.99832523, 0.029611528, 0.049697895, -0.72920763;
 -0.030671164, 0.99931526, 0.020695968, 0.13847405;
 -0.049051024, -0.022185598, 0.99854982, -1.5214562;
 0, 0, 0, 1]
Ow:
[0.65760458;
 -0.15054069;
 1.552624]
Keyframe: 89 Frame: 420 Frame from vFrameID : 421
Tcw:
[0.9978556, -0.027181573, -0.059543334, 0.66505241;
 0.026586425, 0.99958855, -0.010764884, -0.15400353;
 0.059811443, 0.0091587547, 0.99816769, 1.5707648;
 0, 0, 0, 1]
Twc:
[0.9978556, 0.026586425, 0.059811443, -0.75348151;
 -0.027181573, 0.99958855, 0.0091587547, 0.15763108;
 -0.059543334, -0.010764884, 0.99816769, -1.529945;
 0, 0, 0, 1]
Ow:
[0.66505241;
 -0.15400353;
 1.5707648]
