Keyframe: 0 Frame: 0 Frame from vFrameID : 97
Tcw:
[1, 0, 0, 0;
 0, 1, 0, 0;
 0, 0, 1, 0;
 0, 0, 0, 1]
Twc:
[1, 0, 0, 0;
 0, 1, 0, 0;
 0, 0, 1, 0;
 0, 0, 0, 1]
Ow:
[0;
 0;
 0]
Keyframe: 1 Frame: 96 Frame from vFrameID : 97
Tcw:
[0.99970949, -0.01875848, -0.015134241, -0.014206891;
 0.018883025, 0.99978864, 0.0081289625, 0.013605911;
 0.014978556, -0.0084123807, 0.99985242, -0.014213425;
 0, 0, 0, 1]
Twc:
[0.99970949, 0.018883025, 0.014978556, 0.014158741;
 -0.01875848, 0.99978864, -0.0084123807, -0.013989104;
 -0.015134241, 0.0081289625, 0.99985242, 0.013885715;
 0, 0, 0, 1]
Ow:
[-0.014206891;
 0.013605911;
 -0.014213425]
Keyframe: 2 Frame: 97 Frame from vFrameID : 98
Tcw:
[0.9995169, -0.017946806, -0.02537463, -0.014196626;
 0.01819641, 0.99978793, 0.0096402802, 0.014619838;
 0.025196237, -0.010097351, 0.99963152, -0.015426394;
 0, 0, 0, 1]
Twc:
[0.9995169, 0.01819641, 0.025196237, 0.014312427;
 -0.017946806, 0.99978793, -0.010097351, -0.015027288;
 -0.02537463, 0.0096402802, 0.99963152, 0.014919536;
 0, 0, 0, 1]
Ow:
[-0.014196626;
 0.014619838;
 -0.015426394]
Keyframe: 3 Frame: 98 Frame from vFrameID : 99
Tcw:
[0.99908191, -0.02115163, -0.037254434, -0.015486075;
 0.021587968, 0.99970251, 0.011349286, 0.014045354;
 0.037003294, -0.012143115, 0.99924135, -0.016262267;
 0, 0, 0, 1]
Twc:
[0.99908191, 0.021587968, 0.037003294, 0.015770406;
 -0.02115163, 0.99970251, -0.012143115, -0.014566207;
 -0.037254434, 0.011349286, 0.99924135, 0.0155136;
 0, 0, 0, 1]
Ow:
[-0.015486075;
 0.014045354;
 -0.016262267]
Keyframe: 4 Frame: 99 Frame from vFrameID : 100
Tcw:
[0.99874794, -0.01952531, -0.046057954, -0.015430808;
 0.020054879, 0.99973768, 0.011063931, 0.015169511;
 0.045829844, -0.011973765, 0.99887753, -0.017399304;
 0, 0, 0, 1]
Twc:
[0.99874794, 0.020054879, 0.045829844, 0.015904672;
 -0.01952531, 0.99973768, -0.011973765, -0.015675157;
 -0.046057954, 0.011063931, 0.99887753, 0.016501227;
 0, 0, 0, 1]
Ow:
[-0.015430808;
 0.015169511;
 -0.017399304]
Keyframe: 5 Frame: 100 Frame from vFrameID : 101
Tcw:
[0.99822313, -0.019177599, -0.056416091, -0.015724147;
 0.019952063, 0.99971384, 0.01319659, 0.014886439;
 0.056146868, -0.014298759, 0.9983201, -0.017450618;
 0, 0, 0, 1]
Twc:
[0.99822313, 0.019952063, 0.056146868, 0.016378991;
 -0.019177599, 0.99971384, -0.014298759, -0.015433253;
 -0.056416091, 0.01319659, 0.9983201, 0.016337758;
 0, 0, 0, 1]
Ow:
[-0.015724147;
 0.014886439;
 -0.017450618]
Keyframe: 6 Frame: 102 Frame from vFrameID : 103
Tcw:
[0.99723393, -0.012586012, -0.073253445, -0.015264848;
 0.013892431, 0.99975294, 0.017352106, 0.014416086;
 0.073016949, -0.018321777, 0.9971624, -0.017643467;
 0, 0, 0, 1]
Twc:
[0.99723393, 0.013892431, 0.073016949, 0.016310623;
 -0.012586012, 0.99975294, -0.018321777, -0.014927908;
 -0.073253445, 0.017352106, 0.9971624, 0.016225049;
 0, 0, 0, 1]
Ow:
[-0.015264848;
 0.014416086;
 -0.017643467]
Keyframe: 7 Frame: 104 Frame from vFrameID : 105
Tcw:
[0.99624223, -0.011120528, -0.085893936, -0.014668051;
 0.012724282, 0.99975437, 0.018146461, 0.013282742;
 0.085671045, -0.01917121, 0.99613899, -0.017256446;
 0, 0, 0, 1]
Twc:
[0.99624223, 0.012724282, 0.085671045, 0.015922297;
 -0.011120528, 0.99975437, -0.01917121, -0.013773424;
 -0.085893936, 0.018146461, 0.99613899, 0.015688889;
 0, 0, 0, 1]
Ow:
[-0.014668051;
 0.013282742;
 -0.017256446]
Keyframe: 8 Frame: 106 Frame from vFrameID : 107
Tcw:
[0.99596405, -0.012120258, -0.088930972, -0.014936442;
 0.013698533, 0.99975896, 0.017158365, 0.013423736;
 0.088701569, -0.018307339, 0.99588996, -0.017164934;
 0, 0, 0, 1]
Twc:
[0.99596405, 0.013698533, 0.088701569, 0.016214831;
 -0.012120258, 0.99975896, -0.018307339, -0.013915778;
 -0.088930972, 0.017158365, 0.99588996, 0.015535746;
 0, 0, 0, 1]
Ow:
[-0.014936442;
 0.013423736;
 -0.017164934]
Keyframe: 9 Frame: 108 Frame from vFrameID : 109
Tcw:
[0.99553955, -0.016524902, -0.092886761, -0.013361991;
 0.017721206, 0.9997701, 0.012069098, 0.011987441;
 0.09266597, -0.01366133, 0.9956035, -0.01497338;
 0, 0, 0, 1]
Twc:
[0.99553955, 0.017721206, 0.09266597, 0.014477482;
 -0.016524902, 0.9997701, -0.01366133, -0.012410047;
 -0.092886761, 0.012069098, 0.9956035, 0.01352172;
 0, 0, 0, 1]
Ow:
[-0.013361991;
 0.011987441;
 -0.01497338]
Keyframe: 10 Frame: 110 Frame from vFrameID : 111
Tcw:
[0.99587578, -0.015747981, -0.089349844, -0.010290686;
 0.016267402, 0.99985474, 0.0050880774, 0.011258987;
 0.089256741, -0.0065205828, 0.9959873, -0.013302715;
 0, 0, 0, 1]
Twc:
[0.99587578, 0.016267402, 0.089256741, 0.011252448;
 -0.015747981, 0.99985474, -0.0065205828, -0.01150615;
 -0.089349844, 0.0050880774, 0.9959873, 0.012272578;
 0, 0, 0, 1]
Ow:
[-0.010290686;
 0.011258987;
 -0.013302715]
Keyframe: 11 Frame: 112 Frame from vFrameID : 113
Tcw:
[0.99630904, -0.012782173, -0.084881492, -0.0099703372;
 0.013220338, 0.99990201, 0.0046019596, 0.010861605;
 0.084814347, -0.0057071359, 0.99638045, -0.011989635;
 0, 0, 0, 1]
Twc:
[0.99630904, 0.013220338, 0.084814347, 0.010806836;
 -0.012782173, 0.99990201, -0.0057071359, -0.01105641;
 -0.084881492, 0.0046019596, 0.99638045, 0.011049956;
 0, 0, 0, 1]
Ow:
[-0.0099703372;
 0.010861605;
 -0.011989635]
Keyframe: 12 Frame: 114 Frame from vFrameID : 115
Tcw:
[0.99710274, -0.0091334572, -0.075516418, -0.007599141;
 0.0095108971, 0.99994403, 0.004639993, 0.010365812;
 0.075469807, -0.0053447788, 0.99713379, -0.0087656146;
 0, 0, 0, 1]
Twc:
[0.99710274, 0.0095108971, 0.075469807, 0.008140075;
 -0.0091334572, 0.99994403, -0.0053447788, -0.010481488;
 -0.075516418, 0.004639993, 0.99713379, 0.0081185326;
 0, 0, 0, 1]
Ow:
[-0.007599141;
 0.010365812;
 -0.0087656146]
Keyframe: 13 Frame: 116 Frame from vFrameID : 117
Tcw:
[0.99801081, -0.0039019859, -0.062922284, -0.0047329972;
 0.0041917432, 0.99998122, 0.0044736518, 0.0089017227;
 0.06290365, -0.0047285068, 0.99800843, -0.0052086171;
 0, 0, 0, 1]
Twc:
[0.99801081, 0.0041917432, 0.06290365, 0.0050139097;
 -0.0039019859, 0.99998122, -0.0047285068, -0.008944652;
 -0.062922284, 0.0044736518, 0.99800843, 0.0048606093;
 0, 0, 0, 1]
Ow:
[-0.0047329972;
 0.0089017227;
 -0.0052086171]
Keyframe: 14 Frame: 119 Frame from vFrameID : 120
Tcw:
[0.99907249, 0.0040914319, -0.042864725, -0.0020536769;
 -0.0043785507, 0.99996859, -0.0066065113, 0.0070473254;
 0.042836349, 0.0067880694, 0.99905902, 0.00083099667;
 0, 0, 0, 1]
Twc:
[0.99907249, -0.0043785507, 0.042836349, 0.0020470324;
 0.0040914319, 0.99996859, 0.0067880694, -0.0070443423;
 -0.042864725, -0.0066065113, 0.99905902, -0.00087168685;
 0, 0, 0, 1]
Ow:
[-0.0020536769;
 0.0070473254;
 0.00083099667]
Keyframe: 15 Frame: 122 Frame from vFrameID : 123
Tcw:
[0.9996382, -0.00052583183, -0.026891485, -0.0018856036;
 0.00017971332, 0.99991715, -0.012871731, 0.0067299958;
 0.026896026, 0.012862242, 0.99955547, 0.006919363;
 0, 0, 0, 1]
Twc:
[0.9996382, 0.00017971332, 0.026896026, 0.0016976087;
 -0.00052583183, 0.99991715, 0.012862242, -0.0068194279;
 -0.026891485, -0.012871731, 0.99955547, -0.0068803672;
 0, 0, 0, 1]
Ow:
[-0.0018856036;
 0.0067299958;
 0.006919363]
Keyframe: 16 Frame: 125 Frame from vFrameID : 126
Tcw:
[0.9999187, -0.011761978, -0.0049207765, -0.0042899777;
 0.011677022, 0.99978811, -0.016951295, 0.007178199;
 0.0051191146, 0.016892457, 0.99984419, 0.013848872;
 0, 0, 0, 1]
Twc:
[0.9999187, 0.011677022, 0.0051191146, 0.0041349153;
 -0.011761978, 0.99978811, 0.016892457, -0.0074610785;
 -0.0049207765, -0.016951295, 0.99984419, -0.013746145;
 0, 0, 0, 1]
Ow:
[-0.0042899777;
 0.007178199;
 0.013848872]
Keyframe: 17 Frame: 128 Frame from vFrameID : 129
Tcw:
[0.99968785, -0.024285445, 0.0058686677, -0.0042056553;
 0.024392432, 0.9995237, -0.018903431, 0.0073114927;
 -0.0054067941, 0.01904068, 0.99980408, 0.020259775;
 0, 0, 0, 1]
Twc:
[0.99968785, 0.024392432, -0.0054067941, 0.0041355374;
 -0.024285445, 0.9995237, 0.01904068, -0.0077959066;
 0.0058686677, -0.018903431, 0.99980408, -0.020092912;
 0, 0, 0, 1]
Ow:
[-0.0042056553;
 0.0073114927;
 0.020259775]
Keyframe: 18 Frame: 131 Frame from vFrameID : 132
Tcw:
[0.99963659, -0.02408232, 0.01211519, -0.00091310404;
 0.024303261, 0.99953467, -0.018432662, 0.0078056096;
 -0.011665651, 0.018720401, 0.99975669, 0.027238647;
 0, 0, 0, 1]
Twc:
[0.99963659, 0.024303261, -0.011665651, 0.0010408269;
 -0.02408232, 0.99953467, 0.018720401, -0.008333886;
 0.01211519, -0.018432662, 0.99975669, -0.027077079;
 0, 0, 0, 1]
Ow:
[-0.00091310404;
 0.0078056096;
 0.027238647]
Keyframe: 19 Frame: 134 Frame from vFrameID : 135
Tcw:
[0.99966449, -0.021095784, 0.015027971, 0.0043174229;
 0.02126397, 0.99971205, -0.011120942, 0.0084093884;
 -0.014789038, 0.011436765, 0.99982524, 0.034722615;
 0, 0, 0, 1]
Twc:
[0.99966449, 0.02126397, -0.014789038, -0.0039812778;
 -0.021095784, 0.99971205, 0.011436765, -0.0087130014;
 0.015027971, -0.011120942, 0.99982524, -0.034687907;
 0, 0, 0, 1]
Ow:
[0.0043174229;
 0.0084093884;
 0.034722615]
Keyframe: 20 Frame: 137 Frame from vFrameID : 138
Tcw:
[0.99971288, -0.019953758, 0.013264585, 0.0081279371;
 0.020051612, 0.99977243, -0.0072855353, 0.0072103301;
 -0.013116192, 0.0075494205, 0.9998855, 0.041020408;
 0, 0, 0, 1]
Twc:
[0.99971288, 0.020051612, -0.013116192, -0.0077321511;
 -0.019953758, 0.99977243, 0.0075494205, -0.0073561864;
 0.013264585, -0.0072855353, 0.9998855, -0.04107099;
 0, 0, 0, 1]
Ow:
[0.0081279371;
 0.0072103301;
 0.041020408]
Keyframe: 21 Frame: 140 Frame from vFrameID : 141
Tcw:
[0.9997443, -0.02187082, 0.0057417774, 0.013681935;
 0.021942446, 0.99967825, -0.012722973, 0.0044693118;
 -0.0054616686, 0.012845709, 0.99990255, 0.053343032;
 0, 0, 0, 1]
Twc:
[0.9997443, 0.021942446, -0.0054616686, -0.013485163;
 -0.02187082, 0.99967825, 0.012845709, -0.0048538679;
 0.0057417774, -0.012722973, 0.99990255, -0.053359531;
 0, 0, 0, 1]
Ow:
[0.013681935;
 0.0044693118;
 0.053343032]
Keyframe: 22 Frame: 144 Frame from vFrameID : 145
Tcw:
[0.99972659, -0.023372471, -0.00070457091, 0.029895732;
 0.023324108, 0.99889088, -0.040902074, 0.00072904862;
 0.001659772, 0.040874459, 0.99916291, 0.063662805;
 0, 0, 0, 1]
Twc:
[0.99972659, 0.023324108, 0.001659772, -0.030010227;
 -0.023372471, 0.99889088, 0.040874459, -0.0026316855;
 -0.00070457091, -0.040902074, 0.99916291, -0.063558631;
 0, 0, 0, 1]
Ow:
[0.029895732;
 0.00072904862;
 0.063662805]
Keyframe: 23 Frame: 147 Frame from vFrameID : 148
Tcw:
[0.99982142, -0.016042816, -0.0099855708, 0.038348515;
 0.015769968, 0.99951565, -0.026827982, -0.0049138102;
 0.010411131, 0.026665719, 0.99959022, 0.074452668;
 0, 0, 0, 1]
Twc:
[0.99982142, 0.015769968, 0.010411131, -0.03903931;
 -0.016042816, 0.99951565, 0.026665719, 0.0035413145;
 -0.0099855708, -0.026827982, 0.99959022, -0.074171051;
 0, 0, 0, 1]
Ow:
[0.038348515;
 -0.0049138102;
 0.074452668]
Keyframe: 24 Frame: 150 Frame from vFrameID : 151
Tcw:
[0.99966222, -0.0047858134, -0.02554456, 0.049455926;
 0.0040430236, 0.99956977, -0.02905106, -0.0077975444;
 0.025672602, 0.028937969, 0.99925148, 0.083649918;
 0, 0, 0, 1]
Twc:
[0.99966222, 0.0040430236, 0.025672602, -0.051555209;
 -0.0047858134, 0.99956977, 0.028937969, 0.0056102173;
 -0.02554456, -0.02905106, 0.99925148, -0.082550496;
 0, 0, 0, 1]
Ow:
[0.049455926;
 -0.0077975444;
 0.083649918]
Keyframe: 25 Frame: 153 Frame from vFrameID : 154
Tcw:
[0.99962872, 0.012742367, -0.024084564, 0.054539517;
 -0.013420282, 0.99951226, -0.028198488, -0.012186106;
 0.023713501, 0.028511239, 0.99931216, 0.095166445;
 0, 0, 0, 1]
Twc:
[0.99962872, -0.013420282, 0.023713501, -0.056939535;
 0.012742367, 0.99951226, 0.028511239, 0.008771887;
 -0.024084564, -0.028198488, 0.99931216, -0.094131052;
 0, 0, 0, 1]
Ow:
[0.054539517;
 -0.012186106;
 0.095166445]
Keyframe: 26 Frame: 156 Frame from vFrameID : 157
Tcw:
[0.99934942, 0.018221173, -0.031125216, 0.06072681;
 -0.019127531, 0.99939424, -0.029074533, -0.012829849;
 0.030576589, 0.029650964, 0.99909252, 0.1065358;
 0, 0, 0, 1]
Twc:
[0.99934942, -0.019127531, 0.030576589, -0.064190201;
 0.018221173, 0.99939424, 0.029650964, 0.0085566742;
 -0.031125216, -0.029074533, 0.99909252, -0.10492201;
 0, 0, 0, 1]
Ow:
[0.06072681;
 -0.012829849;
 0.1065358]
Keyframe: 27 Frame: 160 Frame from vFrameID : 161
Tcw:
[0.99924707, 0.021334197, -0.032405734, 0.067454681;
 -0.022188915, 0.99940914, -0.026248975, -0.010313617;
 0.031826586, 0.02694826, 0.99913007, 0.12322906;
 0, 0, 0, 1]
Twc:
[0.99924707, -0.022188915, 0.031826586, -0.071554698;
 0.021334197, 0.99940914, 0.02694826, 0.0055476227;
 -0.032405734, -0.026248975, 0.99913007, -0.12120666;
 0, 0, 0, 1]
Ow:
[0.067454681;
 -0.010313617;
 0.12322906]
Keyframe: 28 Frame: 163 Frame from vFrameID : 164
Tcw:
[0.99953884, 0.01242308, -0.027707752, 0.070081525;
 -0.012695465, 0.99987257, -0.0096764909, -0.010160766;
 0.027584011, 0.010023792, 0.99956924, 0.13421442;
 0, 0, 0, 1]
Twc:
[0.99953884, -0.012695465, 0.027584011, -0.073880374;
 0.01242308, 0.99987257, 0.010023792, 0.0079435054;
 -0.027707752, -0.0096764909, 0.99956924, -0.13231312;
 0, 0, 0, 1]
Ow:
[0.070081525;
 -0.010160766;
 0.13421442]
Keyframe: 29 Frame: 167 Frame from vFrameID : 168
Tcw:
[0.99967736, 0.021106498, -0.014129508, 0.076621249;
 -0.021525104, 0.99931329, -0.030160559, -0.017018013;
 0.013483221, 0.030454969, 0.9994452, 0.16201018;
 0, 0, 0, 1]
Twc:
[0.99967736, -0.021525104, 0.013483221, -0.079147264;
 0.021106498, 0.99931329, 0.030454969, 0.010455105;
 -0.014129508, -0.030160559, 0.9994452, -0.16135094;
 0, 0, 0, 1]
Ow:
[0.076621249;
 -0.017018013;
 0.16201018]
Keyframe: 30 Frame: 171 Frame from vFrameID : 172
Tcw:
[0.99907434, -0.011848382, -0.041353185, 0.077223986;
 0.0085672019, 0.99686635, -0.078639202, -0.020302743;
 0.042155344, 0.078212127, 0.99604505, 0.17699134;
 0, 0, 0, 1]
Twc:
[0.99907434, 0.0085672019, 0.042155344, -0.084439695;
 -0.011848382, 0.99686635, 0.078212127, 0.0073112296;
 -0.041353185, -0.078639202, 0.99604505, -0.17469449;
 0, 0, 0, 1]
Ow:
[0.077223986;
 -0.020302743;
 0.17699134]
Keyframe: 31 Frame: 174 Frame from vFrameID : 175
Tcw:
[0.99869865, -0.023938686, -0.045032997, 0.078981921;
 0.020855201, 0.99748516, -0.067737497, -0.018873952;
 0.046541296, 0.066710174, 0.99668634, 0.1849702;
 0, 0, 0, 1]
Twc:
[0.99869865, 0.020855201, 0.046541296, -0.08709427;
 -0.023938686, 0.99748516, 0.066710174, 0.0083778184;
 -0.045032997, -0.067737497, 0.99668634, -0.18207896;
 0, 0, 0, 1]
Ow:
[0.078981921;
 -0.018873952;
 0.1849702]
Keyframe: 32 Frame: 178 Frame from vFrameID : 179
Tcw:
[0.99627584, -0.051578693, -0.069094457, 0.08595001;
 0.051285036, 0.99866593, -0.0060184263, -0.018710913;
 0.069312699, 0.0024525011, 0.99759197, 0.19875349;
 0, 0, 0, 1]
Twc:
[0.99627584, 0.051285036, 0.069312699, -0.098446473;
 -0.051578693, 0.99866593, 0.0024525011, 0.022631695;
 -0.069094457, -0.0060184263, 0.99759197, -0.19244882;
 0, 0, 0, 1]
Ow:
[0.08595001;
 -0.018710913;
 0.19875349]
Keyframe: 33 Frame: 181 Frame from vFrameID : 182
Tcw:
[0.99980295, 0.015393718, -0.012532422, 0.10750449;
 -0.015389876, 0.99988151, 0.00040290868, -0.019716447;
 0.012537139, -0.00020995685, 0.99992138, 0.20745273;
 0, 0, 0, 1]
Twc:
[0.99980295, -0.015389876, 0.012537139, -0.11038762;
 0.015393718, 0.99988151, -0.00020995685, 0.018102773;
 -0.012532422, 0.00040290868, 0.99992138, -0.20608118;
 0, 0, 0, 1]
Ow:
[0.10750449;
 -0.019716447;
 0.20745273]
Keyframe: 34 Frame: 185 Frame from vFrameID : 186
Tcw:
[0.99985129, 0.015572474, -0.0074129454, 0.11257315;
 -0.015322147, 0.99934757, 0.032705843, -0.02097485;
 0.00791742, -0.032587398, 0.99943751, 0.22387141;
 0, 0, 0, 1]
Twc:
[0.99985129, -0.015322147, 0.00791742, -0.11465026;
 0.015572474, 0.99934757, -0.032587398, 0.026503509;
 -0.0074129454, 0.032705843, 0.99943751, -0.222225;
 0, 0, 0, 1]
Ow:
[0.11257315;
 -0.02097485;
 0.22387141]
Keyframe: 35 Frame: 188 Frame from vFrameID : 189
Tcw:
[0.99961352, 0.015056157, -0.023370299, 0.13113698;
 -0.015651789, 0.99955189, -0.025516547, -0.026442394;
 0.022975646, 0.025872473, 0.99940121, 0.23061784;
 0, 0, 0, 1]
Twc:
[0.99961352, -0.015651789, 0.022975646, -0.13679877;
 0.015056157, 0.99955189, 0.025872473, 0.018489471;
 -0.023370299, -0.025516547, 0.99940121, -0.22808975;
 0, 0, 0, 1]
Ow:
[0.13113698;
 -0.026442394;
 0.23061784]
Keyframe: 36 Frame: 192 Frame from vFrameID : 193
Tcw:
[0.99867702, 0.022396887, 0.046288256, 0.13419668;
 -0.019509608, 0.99789083, -0.061913151, -0.018688921;
 -0.047577288, 0.060928173, 0.99700761, 0.24361692;
 0, 0, 0, 1]
Twc:
[0.99867702, -0.019509608, -0.047577288, -0.12279312;
 0.022396887, 0.99789083, 0.060928173, 0.00080077979;
 0.046288256, -0.061913151, 0.99700761, -0.25025675;
 0, 0, 0, 1]
Ow:
[0.13419668;
 -0.018688921;
 0.24361692]
Keyframe: 37 Frame: 195 Frame from vFrameID : 196
Tcw:
[0.99996459, 0.0074703405, 0.0038680306, 0.14340062;
 -0.0074383765, 0.99993861, -0.0082131196, -0.028439233;
 -0.003929148, 0.0081840567, 0.99995881, 0.25478101;
 0, 0, 0, 1]
Twc:
[0.99996459, -0.0074383765, -0.003929148, -0.14260602;
 0.0074703405, 0.99993861, 0.0081840567, 0.025281092;
 0.0038680306, -0.0082131196, 0.99995881, -0.25555876;
 0, 0, 0, 1]
Ow:
[0.14340062;
 -0.028439233;
 0.25478101]
Keyframe: 38 Frame: 199 Frame from vFrameID : 200
Tcw:
[0.99968499, 0.019864848, 0.015338999, 0.1506031;
 -0.019577917, 0.99963468, -0.018634913, -0.029676337;
 -0.015703574, 0.018328737, 0.99970871, 0.27042755;
 0, 0, 0, 1]
Twc:
[0.99968499, -0.019577917, -0.015703574, -0.14688997;
 0.019864848, 0.99963468, 0.018328737, 0.021717191;
 0.015338999, -0.018634913, 0.99970871, -0.27321187;
 0, 0, 0, 1]
Ow:
[0.1506031;
 -0.029676337;
 0.27042755]
Keyframe: 39 Frame: 203 Frame from vFrameID : 204
Tcw:
[0.9998917, 0.012533272, 0.0077123865, 0.15551752;
 -0.012244287, 0.99926078, -0.036440868, -0.030729406;
 -0.0081634084, 0.03634249, 0.99930602, 0.29051107;
 0, 0, 0, 1]
Twc:
[0.9998917, -0.012244287, -0.0081634084, -0.15350538;
 0.012533272, 0.99926078, 0.03634249, 0.018199652;
 0.0077123865, -0.036440868, 0.99930602, -0.29262871;
 0, 0, 0, 1]
Ow:
[0.15551752;
 -0.030729406;
 0.29051107]
Keyframe: 40 Frame: 207 Frame from vFrameID : 208
Tcw:
[0.99964947, -0.0021809726, -0.026385019, 0.16216257;
 0.0011016707, 0.99916464, -0.040851448, -0.032370619;
 0.026452072, 0.040808059, 0.99881679, 0.30760056;
 0, 0, 0, 1]
Twc:
[0.99964947, 0.0011016707, 0.026452072, -0.17020676;
 -0.0021809726, 0.99916464, 0.040808059, 0.020144666;
 -0.026385019, -0.040851448, 0.99881679, -0.30428034;
 0, 0, 0, 1]
Ow:
[0.16216257;
 -0.032370619;
 0.30760056]
Keyframe: 41 Frame: 211 Frame from vFrameID : 212
Tcw:
[0.99964279, -0.0029354694, -0.026565226, 0.16762653;
 0.0018843053, 0.99921745, -0.039508045, -0.034122352;
 0.026660413, 0.039443873, 0.99886608, 0.32586378;
 0, 0, 0, 1]
Twc:
[0.99964279, 0.0018843053, 0.026660413, -0.17619;
 -0.0029354694, 0.99921745, 0.039443873, 0.021734383;
 -0.026565226, -0.039508045, 0.99886608, -0.32238933;
 0, 0, 0, 1]
Ow:
[0.16762653;
 -0.034122352;
 0.32586378]
Keyframe: 42 Frame: 215 Frame from vFrameID : 216
Tcw:
[0.9996087, -0.013799579, -0.024332482, 0.17327927;
 0.012878489, 0.9992094, -0.03761309, -0.035704035;
 0.02483229, 0.037285004, 0.99899608, 0.33899316;
 0, 0, 0, 1]
Twc:
[0.9996087, 0.012878489, 0.02483229, -0.18116963;
 -0.013799579, 0.9992094, 0.037285004, 0.025427626;
 -0.024332482, -0.03761309, 0.99899608, -0.33577946;
 0, 0, 0, 1]
Ow:
[0.17327927;
 -0.035704035;
 0.33899316]
Keyframe: 43 Frame: 219 Frame from vFrameID : 220
Tcw:
[0.99955285, -0.014208304, -0.026310902, 0.18085371;
 0.013617997, 0.99965453, -0.022480713, -0.036180343;
 0.026621224, 0.022112358, 0.99940097, 0.3574743;
 0, 0, 0, 1]
Twc:
[0.99955285, 0.013617997, 0.026621224, -0.18979654;
 -0.014208304, 0.99965453, 0.022112358, 0.030832868;
 -0.026310902, -0.022480713, 0.99940097, -0.35331511;
 0, 0, 0, 1]
Ow:
[0.18085371;
 -0.036180343;
 0.3574743]
Keyframe: 44 Frame: 222 Frame from vFrameID : 223
Tcw:
[0.9986611, -0.018556528, -0.048287664, 0.18921058;
 0.017348874, 0.99952912, -0.025309626, -0.036938339;
 0.048734587, 0.024438003, 0.99851274, 0.37674752;
 0, 0, 0, 1]
Twc:
[0.9986611, 0.017348874, 0.048734587, -0.20667702;
 -0.018556528, 0.99952912, 0.024438003, 0.031225082;
 -0.048287664, -0.025309626, 0.99851274, -0.36798558;
 0, 0, 0, 1]
Ow:
[0.18921058;
 -0.036938339;
 0.37674752]
Keyframe: 45 Frame: 226 Frame from vFrameID : 227
Tcw:
[0.99795794, -0.01393065, -0.062336463, 0.19710284;
 0.012218464, 0.99953979, -0.027764266, -0.038800646;
 0.06269455, 0.026945915, 0.99766892, 0.39112094;
 0, 0, 0, 1]
Twc:
[0.99795794, 0.012218464, 0.06269455, -0.22074743;
 -0.01393065, 0.99953979, 0.026945915, 0.030989449;
 -0.062336463, -0.027764266, 0.99766892, -0.3789998;
 0, 0, 0, 1]
Ow:
[0.19710284;
 -0.038800646;
 0.39112094]
Keyframe: 46 Frame: 230 Frame from vFrameID : 231
Tcw:
[0.9965297, -0.0077940426, -0.08287257, 0.21061024;
 0.0049225702, 0.99938226, -0.034797288, -0.044667184;
 0.083092585, 0.034268584, 0.99595243, 0.40656656;
 0, 0, 0, 1]
Twc:
[0.9965297, 0.0049225702, 0.083092585, -0.24344215;
 -0.0077940426, 0.99938226, 0.034268584, 0.032348637;
 -0.08287257, -0.034797288, 0.99595243, -0.38902146;
 0, 0, 0, 1]
Ow:
[0.21061024;
 -0.044667184;
 0.40656656]
Keyframe: 47 Frame: 234 Frame from vFrameID : 235
Tcw:
[0.99702889, -0.0064427587, -0.07675869, 0.22026183;
 0.0043184515, 0.99960393, -0.027809044, -0.050628118;
 0.076907448, 0.027394943, 0.99666178, 0.42126614;
 0, 0, 0, 1]
Twc:
[0.99702889, 0.0043184515, 0.076907448, -0.25178728;
 -0.0064427587, 0.99960393, 0.027394943, 0.040486597;
 -0.07675869, -0.027809044, 0.99666178, -0.4043608;
 0, 0, 0, 1]
Ow:
[0.22026183;
 -0.050628118;
 0.42126614]
Keyframe: 48 Frame: 237 Frame from vFrameID : 238
Tcw:
[0.99698609, 0.0013029181, -0.077569924, 0.22615501;
 -0.0037096099, 0.99951589, -0.030890092, -0.051574066;
 0.077492125, 0.031084746, 0.99650824, 0.43218672;
 0, 0, 0, 1]
Twc:
[0.99698609, -0.0037096099, 0.077492125, -0.25915575;
 0.0013029181, 0.99951589, 0.031084746, 0.037820026;
 -0.077569924, -0.030890092, 0.99650824, -0.41472796;
 0, 0, 0, 1]
Ow:
[0.22615501;
 -0.051574066;
 0.43218672]
Keyframe: 49 Frame: 241 Frame from vFrameID : 242
Tcw:
[0.99751669, 0.0038695682, -0.070324183, 0.23415154;
 -0.0053690462, 0.999762, -0.021145867, -0.051814437;
 0.070225619, 0.02147093, 0.99730003, 0.45050395;
 0, 0, 0, 1]
Twc:
[0.99751669, -0.0053690462, 0.070225619, -0.26548517;
 0.0038695682, 0.999762, 0.02147093, 0.041223302;
 -0.070324183, -0.021145867, 0.99730003, -0.43391675;
 0, 0, 0, 1]
Ow:
[0.23415154;
 -0.051814437;
 0.45050395]
Keyframe: 50 Frame: 245 Frame from vFrameID : 246
Tcw:
[0.99777931, 0.00083584571, -0.066601828, 0.23717451;
 -0.0027083657, 0.99960339, -0.028029814, -0.053246148;
 0.066551991, 0.028147951, 0.99738586, 0.47149852;
 0, 0, 0, 1]
Twc:
[0.99777931, -0.0027083657, 0.066551991, -0.26817119;
 0.00083584571, 0.99960339, 0.028147951, 0.039755076;
 -0.066601828, -0.028029814, 0.99738586, -0.45596215;
 0, 0, 0, 1]
Ow:
[0.23717451;
 -0.053246148;
 0.47149852]
Keyframe: 51 Frame: 249 Frame from vFrameID : 250
Tcw:
[0.99739265, -0.005425124, -0.071961828, 0.24220045;
 0.0028280839, 0.99934268, -0.036142047, -0.059104979;
 0.072110601, 0.035844296, 0.99675232, 0.49315417;
 0, 0, 0, 1]
Twc:
[0.99739265, 0.0028280839, 0.072110601, -0.27696341;
 -0.005425124, 0.99934268, 0.035844296, 0.042703331;
 -0.071961828, -0.036142047, 0.99675232, -0.47625959;
 0, 0, 0, 1]
Ow:
[0.24220045;
 -0.059104979;
 0.49315417]
Keyframe: 52 Frame: 252 Frame from vFrameID : 253
Tcw:
[0.99784458, -0.023004109, -0.061457105, 0.24568018;
 0.021247698, 0.9993512, -0.029081803, -0.062309355;
 0.062086232, 0.027713297, 0.99768597, 0.5114826;
 0, 0, 0, 1]
Twc:
[0.99784458, 0.021247698, 0.062086232, -0.27558273;
 -0.023004109, 0.9993512, 0.027713297, 0.053745709;
 -0.061457105, -0.029081803, 0.99768597, -0.49701229;
 0, 0, 0, 1]
Ow:
[0.24568018;
 -0.062309355;
 0.5114826]
Keyframe: 53 Frame: 255 Frame from vFrameID : 256
Tcw:
[0.99820572, -0.024532808, -0.054621052, 0.25058112;
 0.023242591, 0.99943852, -0.024132557, -0.062883645;
 0.055182423, 0.022819722, 0.9982155, 0.5210743;
 0, 0, 0, 1]
Twc:
[0.99820572, 0.023242591, 0.055182423, -0.27742407;
 -0.024532808, 0.99943852, 0.022819722, 0.057105031;
 -0.054621052, -0.024132557, 0.9982155, -0.50797492;
 0, 0, 0, 1]
Ow:
[0.25058112;
 -0.062883645;
 0.5210743]
Keyframe: 54 Frame: 260 Frame from vFrameID : 261
Tcw:
[0.99896938, -0.017487865, -0.041885663, 0.26240367;
 0.016809726, 0.99972278, -0.016488126, -0.065555751;
 0.042162392, 0.015767045, 0.99898636, 0.54571825;
 0, 0, 0, 1]
Twc:
[0.99896938, 0.016809726, 0.042162392, -0.28404003;
 -0.017487865, 0.99972278, 0.015767045, 0.061522085;
 -0.041885663, -0.016488126, 0.99898636, -0.53525507;
 0, 0, 0, 1]
Ow:
[0.26240367;
 -0.065555751;
 0.54571825]
Keyframe: 55 Frame: 264 Frame from vFrameID : 265
Tcw:
[0.99764907, -0.017196504, -0.066337109, 0.27476296;
 0.015700994, 0.99961215, -0.023000007, -0.066172808;
 0.066706896, 0.021904377, 0.99753213, 0.56597656;
 0, 0, 0, 1]
Twc:
[0.99764907, 0.015700994, 0.066706896, -0.31083259;
 -0.017196504, 0.99961215, 0.021904377, 0.058474742;
 -0.066337109, -0.023000007, 0.99753213, -0.54787481;
 0, 0, 0, 1]
Ow:
[0.27476296;
 -0.066172808;
 0.56597656]
Keyframe: 56 Frame: 267 Frame from vFrameID : 268
Tcw:
[0.99684685, -0.011659715, -0.078488372, 0.28947511;
 0.009324153, 0.99950469, -0.030057797, -0.072412267;
 0.078799956, 0.029231181, 0.99646181, 0.58694655;
 0, 0, 0, 1]
Twc:
[0.99684685, 0.009324153, 0.078799956, -0.33413854;
 -0.011659715, 0.99950469, 0.029231181, 0.058594454;
 -0.078488372, -0.030057797, 0.99646181, -0.56432593;
 0, 0, 0, 1]
Ow:
[0.28947511;
 -0.072412267;
 0.58694655]
Keyframe: 57 Frame: 272 Frame from vFrameID : 273
Tcw:
[0.99700695, 0.0038562794, -0.077215567, 0.30304816;
 -0.0056084222, 0.99973136, -0.022487596, -0.079026751;
 0.077108108, 0.022853347, 0.99676079, 0.60524327;
 0, 0, 0, 1]
Twc:
[0.99700695, -0.0056084222, 0.077108108, -0.34925354;
 0.0038562794, 0.99973136, 0.022853347, 0.064005055;
 -0.077215567, -0.022487596, 0.99676079, -0.58165979;
 0, 0, 0, 1]
Ow:
[0.30304816;
 -0.079026751;
 0.60524327]
Keyframe: 58 Frame: 275 Frame from vFrameID : 276
Tcw:
[0.9976393, 0.0053813392, -0.068460733, 0.30917466;
 -0.0071055135, 0.99966305, -0.024966335, -0.080120638;
 0.068303309, 0.025393846, 0.99734139, 0.61466259;
 0, 0, 0, 1]
Twc:
[0.9976393, -0.0071055135, 0.068303309, -0.35099757;
 0.0053813392, 0.99966305, 0.025393846, 0.062821224;
 -0.068460733, -0.024966335, 0.99734139, -0.59386241;
 0, 0, 0, 1]
Ow:
[0.30917466;
 -0.080120638;
 0.61466259]
Keyframe: 59 Frame: 279 Frame from vFrameID : 280
Tcw:
[0.99811912, 0.01152391, -0.060211785, 0.31315809;
 -0.01332984, 0.99947065, -0.029677894, -0.081924431;
 0.059837908, 0.030424686, 0.99774432, 0.62770337;
 0, 0, 0, 1]
Twc:
[0.99811912, -0.01332984, 0.059837908, -0.35122156;
 0.01152391, 0.99947065, 0.030424686, 0.059174575;
 -0.060211785, -0.029677894, 0.99774432, -0.60986304;
 0, 0, 0, 1]
Ow:
[0.31315809;
 -0.081924431;
 0.62770337]
Keyframe: 60 Frame: 284 Frame from vFrameID : 285
Tcw:
[0.99865639, 0.0035521912, -0.051698659, 0.31544626;
 -0.0049442793, 0.99962795, -0.026824035, -0.08273945;
 0.051584139, 0.027043607, 0.9983024, 0.65401816;
 0, 0, 0, 1]
Twc:
[0.99865639, -0.0049442793, 0.051584139, -0.34916848;
 0.0035521912, 0.99962795, 0.027043607, 0.063901126;
 -0.051698659, -0.026824035, 0.9983024, -0.63881916;
 0, 0, 0, 1]
Ow:
[0.31544626;
 -0.08273945;
 0.65401816]
Keyframe: 61 Frame: 288 Frame from vFrameID : 289
Tcw:
[0.99883538, -0.017428456, -0.044990312, 0.3186515;
 0.016058896, 0.99940193, -0.030625246, -0.085502535;
 0.045497157, 0.029867085, 0.99851787, 0.68082434;
 0, 0, 0, 1]
Twc:
[0.99883538, 0.016058896, 0.045497157, -0.3478829;
 -0.017428456, 0.99940193, 0.029867085, 0.070670769;
 -0.044990312, -0.030625246, 0.99851787, -0.66809762;
 0, 0, 0, 1]
Ow:
[0.3186515;
 -0.085502535;
 0.68082434]
Keyframe: 62 Frame: 293 Frame from vFrameID : 294
Tcw:
[0.99912518, -0.029489757, -0.029651325, 0.32199371;
 0.028491613, 0.99903119, -0.03353982, -0.086736232;
 0.030611681, 0.032665662, 0.99899745, 0.70661926;
 0, 0, 0, 1]
Twc:
[0.99912518, 0.028491613, 0.030611681, -0.34087157;
 -0.029489757, 0.99903119, 0.032665662, 0.073065534;
 -0.029651325, -0.03353982, 0.99899745, -0.69927239;
 0, 0, 0, 1]
Ow:
[0.32199371;
 -0.086736232;
 0.70661926]
Keyframe: 63 Frame: 297 Frame from vFrameID : 298
Tcw:
[0.99926412, -0.021527952, -0.031745978, 0.32834458;
 0.020882525, 0.99957126, -0.020524343, -0.087390289;
 0.032174215, 0.019846303, 0.99928522, 0.72670168;
 0, 0, 0, 1]
Twc:
[0.99926412, 0.020882525, 0.032174215, -0.34965909;
 -0.021527952, 0.99957126, 0.019846303, 0.079999059;
 -0.031745978, -0.020524343, 0.99928522, -0.71755224;
 0, 0, 0, 1]
Ow:
[0.32834458;
 -0.087390289;
 0.72670168]
Keyframe: 64 Frame: 301 Frame from vFrameID : 302
Tcw:
[0.99841136, -0.025665276, -0.05016024, 0.33700645;
 0.024730776, 0.99951047, -0.019163083, -0.087459132;
 0.050627511, 0.017892139, 0.99855733, 0.74922901;
 0, 0, 0, 1]
Twc:
[0.99841136, 0.024730776, 0.050627511, -0.37223974;
 -0.025665276, 0.99951047, 0.017892139, 0.082660377;
 -0.05016024, -0.019163083, 0.99855733, -0.73291981;
 0, 0, 0, 1]
Ow:
[0.33700645;
 -0.087459132;
 0.74922901]
Keyframe: 65 Frame: 305 Frame from vFrameID : 306
Tcw:
[0.99725711, -0.016271051, -0.072204754, 0.34772411;
 0.015058604, 0.99973685, -0.017304523, -0.091142565;
 0.072467312, 0.016169755, 0.99723971, 0.77115476;
 0, 0, 0, 1]
Twc:
[0.99725711, 0.015058604, 0.072467312, -0.40128136;
 -0.016271051, 0.99973685, 0.016169755, 0.084307037;
 -0.072204754, -0.017304523, 0.99723971, -0.74549598;
 0, 0, 0, 1]
Ow:
[0.34772411;
 -0.091142565;
 0.77115476]
Keyframe: 66 Frame: 309 Frame from vFrameID : 310
Tcw:
[0.99627447, -0.016292812, -0.084686138, 0.35692775;
 0.015208105, 0.99979407, -0.013437973, -0.093362257;
 0.084887639, 0.012099994, 0.99631703, 0.78828079;
 0, 0, 0, 1]
Twc:
[0.99627447, 0.015208105, 0.084887639, -0.42109343;
 -0.016292812, 0.99979407, 0.012099994, 0.089620195;
 -0.084686138, -0.013437973, 0.99631703, -0.75640535;
 0, 0, 0, 1]
Ow:
[0.35692775;
 -0.093362257;
 0.78828079]
Keyframe: 67 Frame: 313 Frame from vFrameID : 314
Tcw:
[0.99610764, 4.9806549e-05, -0.088145405, 0.36981237;
 -0.0014965391, 0.99986523, -0.016347013, -0.099712677;
 0.088132717, 0.016415298, 0.99597347, 0.8062371;
 0, 0, 0, 1]
Twc:
[0.99610764, -0.0014965391, 0.088132717, -0.439578;
 4.9806549e-05, 0.99986523, 0.016415298, 0.086446203;
 -0.088145405, -0.016347013, 0.99597347, -0.7720235;
 0, 0, 0, 1]
Ow:
[0.36981237;
 -0.099712677;
 0.8062371]
Keyframe: 68 Frame: 317 Frame from vFrameID : 318
Tcw:
[0.99695635, 0.010523117, -0.077248223, 0.38033256;
 -0.01299262, 0.9994182, -0.031535748, -0.10100178;
 0.076871417, 0.032443423, 0.99651301, 0.82908994;
 0, 0, 0, 1]
Twc:
[0.99695635, -0.01299262, 0.076871417, -0.44422057;
 0.010523117, 0.9994182, 0.032443423, 0.070042208;
 -0.077248223, -0.031535748, 0.99651301, -0.80000412;
 0, 0, 0, 1]
Ow:
[0.38033256;
 -0.10100178;
 0.82908994]
Keyframe: 69 Frame: 321 Frame from vFrameID : 322
Tcw:
[0.99772853, 0.012824518, -0.066130646, 0.3834523;
 -0.015588666, 0.99901885, -0.041453142, -0.10385991;
 0.065534145, 0.042389873, 0.99694955, 0.84594727;
 0, 0, 0, 1]
Twc:
[0.99772853, -0.015588666, 0.065534145, -0.43963876;
 0.012824518, 0.99901885, 0.042389873, 0.062980823;
 -0.066130646, -0.041453142, 0.99694955, -0.82231408;
 0, 0, 0, 1]
Ow:
[0.3834523;
 -0.10385991;
 0.84594727]
Keyframe: 70 Frame: 324 Frame from vFrameID : 325
Tcw:
[0.99732167, 0.00039900799, -0.073139369, 0.38357732;
 -0.0041335919, 0.99869436, -0.050916951, -0.10614616;
 0.073023558, 0.051082905, 0.99602115, 0.8616721;
 0, 0, 0, 1]
Twc:
[0.99732167, -0.0041335919, 0.073023558, -0.44591108;
 0.00039900799, 0.99869436, 0.051082905, 0.0618378;
 -0.073139369, -0.050916951, 0.99602115, -0.83559364;
 0, 0, 0, 1]
Ow:
[0.38357732;
 -0.10614616;
 0.8616721]
Keyframe: 71 Frame: 328 Frame from vFrameID : 329
Tcw:
[0.99843317, -0.021031057, -0.051854398, 0.38603267;
 0.018345512, 0.99849242, -0.051732983, -0.1080476;
 0.052864224, 0.050700631, 0.9973138, 0.8804068;
 0, 0, 0, 1]
Twc:
[0.99843317, 0.018345512, 0.052864224, -0.42998767;
 -0.021031057, 0.99849242, 0.050700631, 0.071366213;
 -0.051854398, -0.051732983, 0.9973138, -0.86361396;
 0, 0, 0, 1]
Ow:
[0.38603267;
 -0.1080476;
 0.8804068]
Keyframe: 72 Frame: 332 Frame from vFrameID : 333
Tcw:
[0.99938601, -0.012266635, -0.03281996, 0.39746299;
 0.010701118, 0.99881589, -0.04745777, -0.10998107;
 0.033363245, 0.047077421, 0.99833393, 0.90192187;
 0, 0, 0, 1]
Twc:
[0.99938601, 0.010701118, 0.033363245, -0.42613307;
 -0.012266635, 0.99881589, 0.047077421, 0.072266228;
 -0.03281996, -0.04745777, 0.99833393, -0.89259392;
 0, 0, 0, 1]
Ow:
[0.39746299;
 -0.10998107;
 0.90192187]
Keyframe: 73 Frame: 336 Frame from vFrameID : 337
Tcw:
[0.9985168, -0.0088321138, -0.053723566, 0.40905762;
 0.0061157583, 0.99870443, -0.050517567, -0.10789922;
 0.054100141, 0.050114077, 0.99727714, 0.92098922;
 0, 0, 0, 1]
Twc:
[0.9985168, 0.0061157583, 0.054100141, -0.45761666;
 -0.0088321138, 0.99870443, 0.050114077, 0.065217748;
 -0.053723566, -0.050517567, 0.99727714, -0.90195632;
 0, 0, 0, 1]
Ow:
[0.40905762;
 -0.10789922;
 0.92098922]
Keyframe: 74 Frame: 339 Frame from vFrameID : 340
Tcw:
[0.99555171, 0.0026565462, -0.094179101, 0.42010123;
 -0.0062011997, 0.99928248, -0.037364714, -0.10603574;
 0.094012268, 0.037782528, 0.99485385, 0.93687552;
 0, 0, 0, 1]
Twc:
[0.99555171, -0.0062011997, 0.094012268, -0.50696784;
 0.0026565462, 0.99928248, 0.037782528, 0.069446109;
 -0.094179101, -0.037364714, 0.99485385, -0.89645147;
 0, 0, 0, 1]
Ow:
[0.42010123;
 -0.10603574;
 0.93687552]
Keyframe: 75 Frame: 343 Frame from vFrameID : 344
Tcw:
[0.99111646, 0.017974155, -0.1317765, 0.43034083;
 -0.021143774, 0.99951887, -0.022693239, -0.11300779;
 0.1313052, 0.025277896, 0.99101967, 0.95618194;
 0, 0, 0, 1]
Twc:
[0.99111646, -0.021143774, 0.1313052, -0.55445898;
 0.017974155, 0.99951887, 0.025277896, 0.081048138;
 -0.1317765, -0.022693239, 0.99101967, -0.8934508;
 0, 0, 0, 1]
Ow:
[0.43034083;
 -0.11300779;
 0.95618194]
Keyframe: 76 Frame: 347 Frame from vFrameID : 348
Tcw:
[0.98994333, 0.020249236, -0.14000762, 0.44341332;
 -0.022432715, 0.99964982, -0.014034751, -0.11181156;
 0.1396744, 0.017034359, 0.99005097, 0.97023994;
 0, 0, 0, 1]
Twc:
[0.98994333, -0.022432715, 0.1396744, -0.57697999;
 0.020249236, 0.99964982, 0.017034359, 0.08626622;
 -0.14000762, -0.014034751, 0.99005097, -0.90007496;
 0, 0, 0, 1]
Ow:
[0.44341332;
 -0.11181156;
 0.97023994]
Keyframe: 77 Frame: 351 Frame from vFrameID : 352
Tcw:
[0.99169499, 0.01424469, -0.12782054, 0.44874635;
 -0.015888168, 0.9998036, -0.011847274, -0.11512807;
 0.12762667, 0.013779717, 0.99172658, 0.98662859;
 0, 0, 0, 1]
Twc:
[0.99169499, -0.015888168, 0.12762667, -0.57276887;
 0.01424469, 0.9998036, 0.013779717, 0.095117733;
 -0.12782054, -0.011847274, 0.99172658, -0.92247075;
 0, 0, 0, 1]
Ow:
[0.44874635;
 -0.11512807;
 0.98662859]
Keyframe: 78 Frame: 355 Frame from vFrameID : 356
Tcw:
[0.99483895, 0.008211812, -0.10113385, 0.45385832;
 -0.0099237598, 0.99981564, -0.016436081, -0.1133174;
 0.10098024, 0.017354883, 0.99473703, 1.0034794;
 0, 0, 0, 1]
Twc:
[0.99483895, -0.0099237598, 0.10098024, -0.55397201;
 0.008211812, 0.99981564, 0.017354883, 0.09215425;
 -0.10113385, -0.016436081, 0.99473703, -0.95416015;
 0, 0, 0, 1]
Ow:
[0.45385832;
 -0.1133174;
 1.0034794]
Keyframe: 79 Frame: 359 Frame from vFrameID : 360
Tcw:
[0.99611574, 0.0029908761, -0.088002972, 0.45408857;
 -0.0053118127, 0.99964386, -0.026151035, -0.11509348;
 0.087893419, 0.026516913, 0.99577689, 1.0250534;
 0, 0, 0, 1]
Twc:
[0.99611574, -0.0053118127, 0.087893419, -0.54303157;
 0.0029908761, 0.99964386, 0.026516913, 0.086513124;
 -0.088002972, -0.026151035, 0.99577689, -0.98377311;
 0, 0, 0, 1]
Ow:
[0.45408857;
 -0.11509348;
 1.0250534]
Keyframe: 80 Frame: 363 Frame from vFrameID : 364
Tcw:
[0.99698305, -0.015727254, -0.076009318, 0.45488226;
 0.013701909, 0.99953896, -0.027094454, -0.11934188;
 0.076400399, 0.025971238, 0.99673891, 1.0411432;
 0, 0, 0, 1]
Twc:
[0.99698305, 0.013701909, 0.076400399, -0.53141844;
 -0.015727254, 0.99953896, 0.025971238, 0.099401131;
 -0.076009318, -0.027094454, 0.99673891, -1.0064061;
 0, 0, 0, 1]
Ow:
[0.45488226;
 -0.11934188;
 1.0411432]
Keyframe: 81 Frame: 367 Frame from vFrameID : 368
Tcw:
[0.99818838, -0.022073518, -0.055970401, 0.4568713;
 0.020029986, 0.99912143, -0.036812775, -0.12268507;
 0.056733813, 0.035624996, 0.99775356, 1.0541888;
 0, 0, 0, 1]
Twc:
[0.99818838, 0.020029986, 0.056733813, -0.51339442;
 -0.022073518, 0.99912143, 0.035624996, 0.095106564;
 -0.055970401, -0.036812775, 0.99775356, -1.0307658;
 0, 0, 0, 1]
Ow:
[0.4568713;
 -0.12268507;
 1.0541888]
Keyframe: 82 Frame: 371 Frame from vFrameID : 372
Tcw:
[0.99905318, -0.026805144, -0.034266297, 0.46515885;
 0.025481012, 0.9989332, -0.038511977, -0.12288069;
 0.035262059, 0.037602372, 0.99867046, 1.0713488;
 0, 0, 0, 1]
Twc:
[0.99905318, 0.025481012, 0.035262059, -0.4993653;
 -0.026805144, 0.9989332, 0.037602372, 0.094932996;
 -0.034266297, -0.038511977, 0.99867046, -1.0587175;
 0, 0, 0, 1]
Ow:
[0.46515885;
 -0.12288069;
 1.0713488]
Keyframe: 83 Frame: 375 Frame from vFrameID : 376
Tcw:
[0.99882567, -0.0275623, -0.039844852, 0.47230479;
 0.026246233, 0.99910456, -0.03318397, -0.12260093;
 0.040723801, 0.032099225, 0.99865472, 1.0877637;
 0, 0, 0, 1]
Twc:
[0.99882567, 0.026246233, 0.040723801, -0.5128302;
 -0.0275623, 0.99910456, 0.032099225, 0.1005926;
 -0.039844852, -0.03318397, 0.99865472, -1.0715497;
 0, 0, 0, 1]
Ow:
[0.47230479;
 -0.12260093;
 1.0877637]
Keyframe: 84 Frame: 379 Frame from vFrameID : 380
Tcw:
[0.99929881, -0.01820462, -0.032718726, 0.48800218;
 0.016636912, 0.99872959, -0.047564469, -0.12430538;
 0.033543054, 0.046986777, 0.99833214, 1.104498;
 0, 0, 0, 1]
Twc:
[0.99929881, 0.016636912, 0.033543054, -0.52264017;
 -0.01820462, 0.99872959, 0.046986777, 0.08113455;
 -0.032718726, -0.047564469, 0.99833214, -1.0926017;
 0, 0, 0, 1]
Ow:
[0.48800218;
 -0.12430538;
 1.104498]
Keyframe: 85 Frame: 382 Frame from vFrameID : 383
Tcw:
[0.99916875, -0.0073582721, -0.040095814, 0.49442106;
 0.0054122745, 0.99881202, -0.048427876, -0.12631437;
 0.040404525, 0.048170611, 0.9980216, 1.1158345;
 0, 0, 0, 1]
Twc:
[0.99916875, 0.0054122745, 0.040404525, -0.5384112;
 -0.0073582721, 0.99881202, 0.048170611, 0.076051958;
 -0.040095814, -0.048427876, 0.9980216, -1.0999198;
 0, 0, 0, 1]
Ow:
[0.49442106;
 -0.12631437;
 1.1158345]
Keyframe: 86 Frame: 385 Frame from vFrameID : 386
Tcw:
[0.99910158, 9.3823466e-05, -0.042378921, 0.50337392;
 -0.0021502061, 0.99882179, -0.048480742, -0.12847675;
 0.042324439, 0.04852831, 0.99792469, 1.1266274;
 0, 0, 0, 1]
Twc:
[0.99910158, -0.0021502061, 0.042324439, -0.5508818;
 9.3823466e-05, 0.99882179, 0.04852831, 0.07360483;
 -0.042378921, -0.048480742, 0.99792469, -1.1091856;
 0, 0, 0, 1]
Ow:
[0.50337392;
 -0.12847675;
 1.1266274]
Keyframe: 87 Frame: 390 Frame from vFrameID : 391
Tcw:
[0.99890906, -0.0012987453, -0.046679929, 0.5122903;
 -0.00041040668, 0.9993304, -0.036586057, -0.13003752;
 0.04669619, 0.036565304, 0.9982397, 1.1548035;
 0, 0, 0, 1]
Twc:
[0.99890906, -0.00041040668, 0.04669619, -0.56570971;
 -0.0012987453, 0.9993304, 0.036565304, 0.088390052;
 -0.046679929, -0.036586057, 0.9982397, -1.1336147;
 0, 0, 0, 1]
Ow:
[0.5122903;
 -0.13003752;
 1.1548035]
Keyframe: 88 Frame: 394 Frame from vFrameID : 395
Tcw:
[0.99878097, -0.01405182, -0.047319598, 0.51554644;
 0.011734858, 0.99873519, -0.048890833, -0.13020127;
 0.047946755, 0.048275944, 0.99768257, 1.1766332;
 0, 0, 0, 1]
Twc:
[0.99878097, 0.011734858, 0.047946755, -0.5698058;
 -0.01405182, 0.99873519, 0.048275944, 0.080477878;
 -0.047319598, -0.048890833, 0.99768257, -1.1558766;
 0, 0, 0, 1]
Ow:
[0.51554644;
 -0.13020127;
 1.1766332]
Keyframe: 89 Frame: 398 Frame from vFrameID : 399
Tcw:
[0.99919629, -0.014246481, -0.037467938, 0.52291882;
 0.011894389, 0.9979887, -0.062266514, -0.13343009;
 0.038279656, 0.061770812, 0.997356, 1.1919067;
 0, 0, 0, 1]
Twc:
[0.99919629, 0.011894389, 0.038279656, -0.5665372;
