Keyframe: 0 Frame: 0 Frame from vFrameID : 83
Tcw:
[1, 0, 0, 0;
 0, 1, 0, 0;
 0, 0, 1, 0;
 0, 0, 0, 1]
Twc:
[1, 0, 0, 0;
 0, 1, 0, 0;
 0, 0, 1, 0;
 0, 0, 0, 1]
Ow:
[0;
 0;
 0]
Keyframe: 1 Frame: 82 Frame from vFrameID : 83
Tcw:
[0.99885714, 0.0073927301, 0.047220301, 0.037478622;
 -0.0086548729, 0.99960923, 0.026580526, -0.011251078;
 -0.047005344, -0.026958833, 0.99853081, 0.058945179;
 0, 0, 0, 1]
Twc:
[0.99885714, -0.0086548729, -0.047005344, -0.034762427;
 0.0073927301, 0.99960923, -0.026958833, 0.012558704;
 0.047220301, 0.026580526, 0.99853081, -0.060329266;
 0, 0, 0, 1]
Ow:
[0.037478622;
 -0.011251078;
 0.058945179]
Keyframe: 2 Frame: 85 Frame from vFrameID : 86
Tcw:
[0.99770314, 0.0056455205, 0.067502216, 0.040218227;
 -0.0069002802, 0.99980748, 0.018369738, -0.010605749;
 -0.06738551, -0.01879333, 0.99755001, 0.062975802;
 0, 0, 0, 1]
Twc:
[0.99770314, -0.0069002802, -0.06738551, -0.035955381;
 0.0056455205, 0.99980748, -0.01879333, 0.011560178;
 0.067502216, 0.018369738, 0.99755001, -0.065341502;
 0, 0, 0, 1]
Ow:
[0.040218227;
 -0.010605749;
 0.062975802]
Keyframe: 3 Frame: 87 Frame from vFrameID : 88
Tcw:
[0.99646419, 0.0089728292, 0.083537817, 0.042373754;
 -0.010581901, 0.99976653, 0.018838784, -0.011434064;
 -0.083349273, -0.019656163, 0.99632651, 0.065520488;
 0, 0, 0, 1]
Twc:
[0.99646419, -0.010581901, -0.083349273, -0.036883838;
 0.0089728292, 0.99976653, -0.019656163, 0.012339063;
 0.083537817, 0.018838784, 0.99632651, -0.068604209;
 0, 0, 0, 1]
Ow:
[0.042373754;
 -0.011434064;
 0.065520488]
Keyframe: 4 Frame: 89 Frame from vFrameID : 90
Tcw:
[0.99488258, 0.016910743, 0.099612765, 0.04524029;
 -0.018633252, 0.99969208, 0.016387073, -0.011641915;
 -0.099304974, -0.018159324, 0.99489135, 0.066772759;
 0, 0, 0, 1]
Twc:
[0.99488258, -0.018633252, -0.099304974, -0.038594838;
 0.016910743, 0.99969208, -0.018159324, 0.012085831;
 0.099612765, 0.016387073, 0.99489135, -0.070747368;
 0, 0, 0, 1]
Ow:
[0.04524029;
 -0.011641915;
 0.066772759]
Keyframe: 5 Frame: 91 Frame from vFrameID : 92
Tcw:
[0.99308228, 0.015002105, 0.1164583, 0.049150966;
 -0.01768462, 0.99960077, 0.022035068, -0.0082977684;
 -0.11608123, -0.023942156, 0.9929511, 0.068254441;
 0, 0, 0, 1]
Twc:
[0.99308228, -0.01768462, -0.11608123, -0.041034635;
 0.015002105, 0.99960077, -0.023942156, 0.0091912467;
 0.1164583, 0.022035068, 0.9929511, -0.073314518;
 0, 0, 0, 1]
Ow:
[0.049150966;
 -0.0082977684;
 0.068254441]
Keyframe: 6 Frame: 93 Frame from vFrameID : 94
Tcw:
[0.99304199, 0.015719177, 0.11670716, 0.055375922;
 -0.018994994, 0.99945468, 0.027009675, -0.0091084298;
 -0.11621895, -0.029038593, 0.99279904, 0.068078548;
 0, 0, 0, 1]
Twc:
[0.99304199, -0.018994994, -0.11621895, -0.047251612;
 0.015719177, 0.99945468, -0.029038593, 0.010209903;
 0.11670716, 0.027009675, 0.99279904, -0.073805064;
 0, 0, 0, 1]
Ow:
[0.055375922;
 -0.0091084298;
 0.068078548]
Keyframe: 7 Frame: 95 Frame from vFrameID : 96
Tcw:
[0.99235046, 0.02095961, 0.12166027, 0.063580938;
 -0.025059551, 0.99916506, 0.032268103, -0.0092640165;
 -0.12088236, -0.035070021, 0.99204713, 0.069309384;
 0, 0, 0, 1]
Twc:
[0.99235046, -0.025059551, -0.12088236, -0.054948449;
 0.02095961, 0.99916506, -0.035070021, 0.010354331;
 0.12166027, 0.032268103, 0.99204713, -0.076194517;
 0, 0, 0, 1]
Ow:
[0.063580938;
 -0.0092640165;
 0.069309384]
Keyframe: 8 Frame: 98 Frame from vFrameID : 99
Tcw:
[0.99144733, 0.032881215, 0.1262974, 0.077347293;
 -0.038032543, 0.99853092, 0.038594268, -0.0081607252;
 -0.12484283, -0.043067597, 0.9912414, 0.067415714;
 0, 0, 0, 1]
Twc:
[0.99144733, -0.038032543, -0.12484283, -0.068579771;
 0.032881215, 0.99853092, -0.043067597, 0.0085088965;
 0.1262974, 0.038594268, 0.9912414, -0.076279052;
 0, 0, 0, 1]
Ow:
[0.077347293;
 -0.0081607252;
 0.067415714]
Keyframe: 9 Frame: 101 Frame from vFrameID : 102
Tcw:
[0.99014258, 0.042676199, 0.13340317, 0.093432285;
 -0.050208677, 0.99729842, 0.053618215, -0.0099216532;
 -0.13075456, -0.059787676, 0.98961037, 0.065864705;
 0, 0, 0, 1]
Twc:
[0.99014258, -0.050208677, -0.13075456, -0.084397331;
 0.042676199, 0.99729842, -0.059787676, 0.0098454114;
 0.13340317, 0.053618215, 0.98961037, -0.077112578;
 0, 0, 0, 1]
Ow:
[0.093432285;
 -0.0099216532;
 0.065864705]
Keyframe: 10 Frame: 104 Frame from vFrameID : 105
Tcw:
[0.98793638, 0.057181217, 0.14391692, 0.10116955;
 -0.064729661, 0.99673218, 0.048322488, -0.013244296;
 -0.14068349, -0.057055235, 0.98840928, 0.065736555;
 0, 0, 0, 1]
Twc:
[0.98793638, -0.064729661, -0.14068349, -0.091558322;
 0.057181217, 0.99673218, -0.057055235, 0.011166631;
 0.14391692, 0.048322488, 0.98840928, -0.07889463;
 0, 0, 0, 1]
Ow:
[0.10116955;
 -0.013244296;
 0.065736555]
Keyframe: 11 Frame: 107 Frame from vFrameID : 108
Tcw:
[0.98702228, 0.050137147, 0.15255591, 0.10221685;
 -0.057567477, 0.99734122, 0.044682223, -0.016661782;
 -0.14991006, -0.052884609, 0.98728424, 0.066126846;
 0, 0, 0, 1]
Twc:
[0.98702228, -0.057567477, -0.14991006, -0.091936395;
 0.050137147, 0.99734122, -0.052884609, 0.014989712;
 0.15255591, 0.044682223, 0.98728424, -0.080135293;
 0, 0, 0, 1]
Ow:
[0.10221685;
 -0.016661782;
 0.066126846]
Keyframe: 12 Frame: 110 Frame from vFrameID : 111
Tcw:
[0.9864524, 0.041235328, 0.15878069, 0.098634392;
 -0.047317468, 0.99827647, 0.034715634, -0.017884882;
 -0.15707551, -0.041758422, 0.98670334, 0.068288699;
 0, 0, 0, 1]
Twc:
[0.9864524, -0.047317468, -0.15707551, -0.087417915;
 0.041235328, 0.99827647, -0.041758422, 0.016638463;
 0.15878069, 0.034715634, 0.98670334, -0.082421042;
 0, 0, 0, 1]
Ow:
[0.098634392;
 -0.017884882;
 0.068288699]
Keyframe: 13 Frame: 113 Frame from vFrameID : 114
Tcw:
[0.98719144, 0.030079445, 0.15667894, 0.091787942;
 -0.036433872, 0.99861926, 0.037843581, -0.019203803;
 -0.1553243, -0.04306728, 0.98692429, 0.071591392;
 0, 0, 0, 1]
Twc:
[0.98719144, -0.036433872, -0.1553243, -0.080192059;
 0.030079445, 0.99861926, -0.04306728, 0.019499604;
 0.15667894, 0.037843581, 0.98692429, -0.084309779;
 0, 0, 0, 1]
Ow:
[0.091787942;
 -0.019203803;
 0.071591392]
Keyframe: 14 Frame: 116 Frame from vFrameID : 117
Tcw:
[0.98686957, 0.028458416, 0.15899219, 0.086956397;
 -0.034067914, 0.99888545, 0.032667581, -0.022288846;
 -0.15788531, -0.037655175, 0.98673922, 0.075971723;
 0, 0, 0, 1]
Twc:
[0.98686957, -0.034067914, -0.15788531, -0.074579135;
 0.028458416, 0.99888545, -0.037655175, 0.022650093;
 0.15899219, 0.032667581, 0.98673922, -0.088061549;
 0, 0, 0, 1]
Ow:
[0.086956397;
 -0.022288846;
 0.075971723]
Keyframe: 15 Frame: 119 Frame from vFrameID : 120
Tcw:
[0.98720932, 0.012207102, 0.15896161, 0.069999814;
 -0.017318038, 0.99937534, 0.030806506, -0.021613872;
 -0.15848626, -0.033165373, 0.98680401, 0.080818504;
 0, 0, 0, 1]
Twc:
[0.98720932, -0.017318038, -0.15848626, -0.056670155;
 0.012207102, 0.99937534, -0.033165373, 0.02342625;
 0.15896161, 0.030806506, 0.98680401, -0.090213463;
 0, 0, 0, 1]
Ow:
[0.069999814;
 -0.021613872;
 0.080818504]
Keyframe: 16 Frame: 122 Frame from vFrameID : 123
Tcw:
[0.9879868, -0.0027870256, 0.15451296, 0.057076506;
 -0.0015444768, 0.99960935, 0.027906137, -0.024167456;
 -0.15453038, -0.027809536, 0.98759657, 0.086680166;
 0, 0, 0, 1]
Twc:
[0.9879868, -0.0015444768, -0.15453038, -0.043033443;
 -0.0027870256, 0.99960935, -0.027809536, 0.026727624;
 0.15451296, 0.027906137, 0.98759657, -0.09374968;
 0, 0, 0, 1]
Ow:
[0.057076506;
 -0.024167456;
 0.086680166]
Keyframe: 17 Frame: 125 Frame from vFrameID : 126
Tcw:
[0.98983216, -0.0026928354, 0.14221491, 0.04066921;
 -0.00053552544, 0.99974316, 0.022657428, -0.02223064;
 -0.14223939, -0.02250321, 0.98957646, 0.092922129;
 0, 0, 0, 1]
Twc:
[0.98983216, -0.00053552544, -0.14223939, -0.027050408;
 -0.0026928354, 0.99974316, -0.02250321, 0.024425492;
 0.14221491, 0.022657428, 0.98957646, -0.097233631;
 0, 0, 0, 1]
Ow:
[0.04066921;
 -0.02223064;
 0.092922129]
Keyframe: 18 Frame: 128 Frame from vFrameID : 129
Tcw:
[0.99263215, -0.0057717455, 0.12102926, 0.040545937;
 0.0035202149, 0.99981689, 0.018808758, -0.022212312;
 -0.12111566, -0.018244131, 0.99247074, 0.092832506;
 0, 0, 0, 1]
Twc:
[0.99263215, 0.0035202149, -0.12111566, -0.028925538;
 -0.0057717455, 0.99981689, -0.018244131, 0.024135914;
 0.12102926, 0.018808758, 0.99247074, -0.096622996;
 0, 0, 0, 1]
Ow:
[0.040545937;
 -0.022212312;
 0.092832506]
Keyframe: 19 Frame: 132 Frame from vFrameID : 133
Tcw:
[0.99604332, -0.0011632495, 0.088861205, 0.022938963;
 -7.9893209e-05, 0.99990219, 0.013984875, -0.019977098;
 -0.088868782, -0.013936641, 0.99594581, 0.096992426;
 0, 0, 0, 1]
Twc:
[0.99604332, -7.9893209e-05, -0.088868782, -0.014230198;
 -0.0011632495, 0.99990219, -0.013936641, 0.021353578;
 0.088861205, 0.013984875, 0.99594581, -0.098358214;
 0, 0, 0, 1]
Ow:
[0.022938963;
 -0.019977098;
 0.096992426]
Keyframe: 20 Frame: 136 Frame from vFrameID : 137
Tcw:
[0.99921548, 0.0056796358, 0.039193165, 0.021213271;
 -0.0061011636, 0.99992472, 0.010643923, -0.020243093;
 -0.03912976, -0.010874696, 0.99917495, 0.096195504;
 0, 0, 0, 1]
Twc:
[0.99921548, -0.0061011636, -0.03912976, -0.017556028;
 0.0056796358, 0.99992472, -0.010874696, 0.021167183;
 0.039193165, 0.010643923, 0.99917495, -0.096732095;
 0, 0, 0, 1]
Ow:
[0.021213271;
 -0.020243093;
 0.096195504]
Keyframe: 21 Frame: 140 Frame from vFrameID : 141
Tcw:
[0.99974334, 0.014468817, -0.017434169, 0.022391649;
 -0.014174938, 0.99975729, 0.016863765, -0.018238664;
 0.017673936, -0.016612308, 0.99970579, 0.094298735;
 0, 0, 0, 1]
Twc:
[0.99974334, -0.014174938, 0.017673936, -0.024311062;
 0.014468817, 0.99975729, -0.016612308, 0.019476777;
 -0.017434169, 0.016863765, 0.99970579, -0.093573041;
 0, 0, 0, 1]
Ow:
[0.022391649;
 -0.018238664;
 0.094298735]
Keyframe: 22 Frame: 143 Frame from vFrameID : 144
Tcw:
[0.99882382, 0.0050265808, -0.048225258, 0.023275446;
 -0.0046131583, 0.99995166, 0.0086802077, -0.020342512;
 0.04826656, -0.0084475279, 0.99879879, 0.095739886;
 0, 0, 0, 1]
Twc:
[0.99882382, -0.0046131583, 0.04826656, -0.027962947;
 0.0050265808, 0.99995166, -0.0084475279, 0.0210333;
 -0.048225258, 0.0086802077, 0.99879879, -0.09432584;
 0, 0, 0, 1]
Ow:
[0.023275446;
 -0.020342512;
 0.095739886]
Keyframe: 23 Frame: 146 Frame from vFrameID : 147
Tcw:
[0.99805582, -0.0032857186, -0.062239673, 0.022748537;
 0.0041627269, 0.99989378, 0.0139664, -0.019238226;
 0.062187172, -0.014198334, 0.99796349, 0.096540555;
 0, 0, 0, 1]
Twc:
[0.99805582, 0.0041627269, 0.062187172, -0.028627811;
 -0.0032857186, 0.99989378, -0.014198334, 0.020681644;
 -0.062239673, 0.0139664, 0.99796349, -0.094659403;
 0, 0, 0, 1]
Ow:
[0.022748537;
 -0.019238226;
 0.096540555]
Keyframe: 24 Frame: 150 Frame from vFrameID : 151
Tcw:
[0.99863034, 0.003300355, -0.052216511, 0.028787633;
 -0.0026964857, 0.99992871, 0.011630944, -0.019966507;
 0.052251175, -0.011474213, 0.99856806, 0.10386094;
 0, 0, 0, 1]
Twc:
[0.99863034, -0.0026964857, 0.052251175, -0.034228899;
 0.003300355, 0.99992871, -0.011474213, 0.021061797;
 -0.052216511, 0.011630944, 0.99856806, -0.1019768;
 0, 0, 0, 1]
Ow:
[0.028787633;
 -0.019966507;
 0.10386094]
Keyframe: 25 Frame: 154 Frame from vFrameID : 155
Tcw:
[0.99974722, 0.013232909, -0.018178158, 0.031022958;
 -0.013370668, 0.99988264, -0.0074776867, -0.017419474;
 0.018077072, 0.0077188504, 0.99980682, 0.11097;
 0, 0, 0, 1]
Twc:
[0.99974722, -0.013370668, 0.018077072, -0.033254035;
 0.013232909, 0.99988264, 0.0077188504, 0.016150346;
 -0.018178158, -0.0074776867, 0.99980682, -0.11051487;
 0, 0, 0, 1]
Ow:
[0.031022958;
 -0.017419474;
 0.11097]
Keyframe: 26 Frame: 158 Frame from vFrameID : 159
Tcw:
[0.99966335, 0.012194019, 0.02290182, 0.036920745;
 -0.012228608, 0.9999243, 0.001370872, -0.010763126;
 -0.022883369, -0.0016504679, 0.99973679, 0.11471748;
 0, 0, 0, 1]
Twc:
[0.99966335, -0.012228608, -0.022883369, -0.034414809;
 0.012194019, 0.9999243, -0.0016504679, 0.010501437;
 0.02290182, 0.001370872, 0.99973679, -0.11551808;
 0, 0, 0, 1]
Ow:
[0.036920745;
 -0.010763126;
 0.11471748]
Keyframe: 27 Frame: 162 Frame from vFrameID : 163
Tcw:
[0.99798578, -0.0028118545, 0.063375853, 0.027730787;
 -0.00040807825, 0.998712, 0.050736818, -0.010633439;
 -0.063436888, -0.050660484, 0.99669921, 0.12712145;
 0, 0, 0, 1]
Twc:
[0.99798578, -0.00040807825, -0.063436888, -0.01961508;
 -0.0028118545, 0.998712, -0.050660484, 0.017137753;
 0.063375853, 0.050736818, 0.99669921, -0.12791981;
 0, 0, 0, 1]
Ow:
[0.027730787;
 -0.010633439;
 0.12712145]
Keyframe: 28 Frame: 166 Frame from vFrameID : 167
Tcw:
[0.99364859, 0.017826827, 0.11110689, 0.027993206;
 -0.019622073, 0.99969363, 0.015085275, -0.0081753992;
 -0.11080393, -0.01716961, 0.99369395, 0.13429846;
 0, 0, 0, 1]
Twc:
[0.99364859, -0.019622073, -0.11080393, -0.013095028;
 0.017826827, 0.99969363, -0.01716961, 0.0099797174;
 0.11110689, 0.015085275, 0.99369395, -0.13643849;
 0, 0, 0, 1]
Ow:
[0.027993206;
 -0.0081753992;
 0.13429846]
Keyframe: 29 Frame: 170 Frame from vFrameID : 171
Tcw:
[0.99251407, 0.004924715, 0.12203117, 0.022981584;
 -0.0074007623, 0.99977565, 0.01984534, -0.0016608096;
 -0.12190606, -0.020599902, 0.99232787, 0.13971826;
 0, 0, 0, 1]
Twc:
[0.99251407, -0.0074007623, -0.12190606, -0.0057893321;
 0.004924715, 0.99977565, -0.020599902, 0.0044254423;
 0.12203117, 0.01984534, 0.99232787, -0.14141785;
 0, 0, 0, 1]
Ow:
[0.022981584;
 -0.0016608096;
 0.13971826]
Keyframe: 30 Frame: 174 Frame from vFrameID : 175
Tcw:
[0.99139285, 0.011203482, 0.13044053, 0.020162482;
 -0.013746263, 0.99973232, 0.018609738, 0.00019387528;
 -0.13019712, -0.020242631, 0.99128145, 0.15093365;
 0, 0, 0, 1]
Twc:
[0.99139285, -0.013746263, -0.13019712, -0.00033514903;
 0.011203482, 0.99973232, -0.020242631, 0.002635581;
 0.13044053, 0.018609738, 0.99128145, -0.15225135;
 0, 0, 0, 1]
Ow:
[0.020162482;
 0.00019387528;
 0.15093365]
Keyframe: 31 Frame: 178 Frame from vFrameID : 179
Tcw:
[0.99254006, 0.023378387, 0.11965628, 0.027412396;
 -0.026241226, 0.99940449, 0.022405865, -0.0020730544;
 -0.11906122, -0.025378646, 0.99256253, 0.16608417;
 0, 0, 0, 1]
Twc:
[0.99254006, -0.026241226, -0.11906122, -0.007488118;
 0.023378387, 0.99940449, -0.025378646, 0.0056459536;
 0.11965628, 0.022405865, 0.99256253, -0.16808254;
 0, 0, 0, 1]
Ow:
[0.027412396;
 -0.0020730544;
 0.16608417]
Keyframe: 32 Frame: 182 Frame from vFrameID : 183
Tcw:
[0.99427438, 0.029272225, 0.10276941, 0.031563051;
 -0.031223435, 0.99936044, 0.017428894, -0.0027286396;
 -0.1021935, -0.020537917, 0.99455249, 0.18786013;
 0, 0, 0, 1]
Twc:
[0.99427438, -0.031223435, -0.1021935, -0.012269448;
 0.029272225, 0.99936044, -0.020537917, 0.0056612291;
 0.10276941, 0.017428894, 0.99455249, -0.19003291;
 0, 0, 0, 1]
Ow:
[0.031563051;
 -0.0027286396;
 0.18786013]
Keyframe: 33 Frame: 186 Frame from vFrameID : 187
Tcw:
[0.99534041, 0.038520444, 0.088394858, 0.046910793;
 -0.039948307, 0.99909741, 0.014440784, -0.007768088;
 -0.087758809, -0.017904721, 0.99598086, 0.20903127;
 0, 0, 0, 1]
Twc:
[0.99534041, -0.039948307, -0.087758809, -0.028658196;
 0.038520444, 0.99909741, -0.017904721, 0.0096966978;
 0.088394858, 0.014440784, 0.99598086, -0.21222562;
 0, 0, 0, 1]
Ow:
[0.046910793;
 -0.007768088;
 0.20903127]
Keyframe: 34 Frame: 190 Frame from vFrameID : 191
Tcw:
[0.99765354, 0.03407741, 0.059380986, 0.054768503;
 -0.033306301, 0.99934816, -0.013927788, -0.0091808448;
 -0.059816901, 0.011917346, 0.99813825, 0.23555855;
 0, 0, 0, 1]
Twc:
[0.99765354, -0.033306301, -0.059816901, -0.040855393;
 0.03407741, 0.99934816, 0.011917346, 0.0045012585;
 0.059380986, -0.013927788, 0.99813825, -0.23850006;
 0, 0, 0, 1]
Ow:
[0.054768503;
 -0.0091808448;
 0.23555855]
Keyframe: 35 Frame: 195 Frame from vFrameID : 196
Tcw:
[0.99660045, 0.047206134, 0.067521103, 0.076786011;
 -0.043976564, 0.9978525, -0.048543248, -0.0081200637;
 -0.069667637, 0.045408878, 0.99653625, 0.26917994;
 0, 0, 0, 1]
Twc:
[0.99660045, -0.043976564, -0.069667637, -0.058128942;
 0.047206134, 0.9978525, 0.045408878, -0.0077453027;
 0.067521103, -0.048543248, 0.99653625, -0.27382639;
 0, 0, 0, 1]
Ow:
[0.076786011;
 -0.0081200637;
 0.26917994]
Keyframe: 36 Frame: 201 Frame from vFrameID : 202
Tcw:
[0.99640256, 0.0032270777, 0.08468508, 0.10103888;
 -0.0027314064, 0.99997848, -0.005968323, -0.0081204083;
 -0.084702522, 0.0057155429, 0.99638987, 0.33853626;
 0, 0, 0, 1]
Twc:
[0.99640256, -0.0027314064, -0.084702522, -0.072022699;
 0.0032270777, 0.99997848, 0.0057155429, 0.0058592544;
 0.08468508, -0.005968323, 0.99638987, -0.34591907;
 0, 0, 0, 1]
Ow:
[0.10103888;
 -0.0081204083;
 0.33853626]
Keyframe: 37 Frame: 206 Frame from vFrameID : 207
Tcw:
[0.99188089, 0.018473255, 0.12582165, 0.11581831;
 -0.015426422, 0.99956471, -0.02514703, -0.0046462156;
 -0.12623143, 0.023001881, 0.99173409, 0.38808531;
 0, 0, 0, 1]
Twc:
[0.99188089, -0.015426422, -0.12623143, -0.06596107;
 0.018473255, 0.99956471, 0.023001881, -0.0064220405;
 0.12582165, -0.02514703, 0.99173409, -0.39956674;
 0, 0, 0, 1]
Ow:
[0.11581831;
 -0.0046462156;
 0.38808531]
Keyframe: 38 Frame: 211 Frame from vFrameID : 212
Tcw:
[0.9874137, 0.024716118, 0.15621537, 0.13034169;
 -0.020785814, 0.99942619, -0.026743453, -0.0058523067;
 -0.15678672, 0.023159789, 0.98736089, 0.43258998;
 0, 0, 0, 1]
Twc:
[0.9874137, -0.020785814, -0.15678672, -0.060998455;
 0.024716118, 0.99942619, 0.023159789, -0.0073912847;
 0.15621537, -0.026743453, 0.98736089, -0.4476403;
 0, 0, 0, 1]
Ow:
[0.13034169;
 -0.0058523067;
 0.43258998]
Keyframe: 39 Frame: 218 Frame from vFrameID : 219
Tcw:
[0.99492967, 0.043647502, 0.090608448, 0.15941651;
 -0.041842848, 0.99888802, -0.021722868, -0.006185682;
 -0.091455847, 0.017821409, 0.99564964, 0.50152558;
 0, 0, 0, 1]
Twc:
[0.99492967, -0.041842848, -0.091455847, -0.11299959;
 0.043647502, 0.99888802, 0.017821409, -0.0097172214;
 0.090608448, -0.021722868, 0.99564964, -0.51392263;
 0, 0, 0, 1]
Ow:
[0.15941651;
 -0.006185682;
 0.50152558]
Keyframe: 40 Frame: 224 Frame from vFrameID : 225
Tcw:
[0.99662322, 0.051246312, 0.064155512, 0.18296236;
 -0.049554337, 0.99838746, -0.027693182, -0.018782362;
 -0.065471232, 0.024420485, 0.99755561, 0.5498997;
 0, 0, 0, 1]
Twc:
[0.99662322, -0.049554337, -0.065471232, -0.14727269;
 0.051246312, 0.99838746, 0.024420485, -0.0040528914;
 0.064155512, -0.027693182, 0.99755561, -0.56081372;
 0, 0, 0, 1]
Ow:
[0.18296236;
 -0.018782362;
 0.5498997]
Keyframe: 41 Frame: 230 Frame from vFrameID : 231
Tcw:
[0.99541229, 0.04718994, 0.083231181, 0.19635686;
 -0.044262636, 0.99834657, -0.036673058, -0.011995493;
 -0.08482416, 0.032820784, 0.99585521, 0.60614818;
 0, 0, 0, 1]
Twc:
[0.99541229, -0.044262636, -0.08482416, -0.14457099;
 0.04718994, 0.99834657, 0.032820784, -0.017184667;
 0.083231181, -0.036673058, 0.99585521, -0.62041879;
 0, 0, 0, 1]
Ow:
[0.19635686;
 -0.011995493;
 0.60614818]
Keyframe: 42 Frame: 236 Frame from vFrameID : 237
Tcw:
[0.99564755, 0.014639684, 0.092041478, 0.21679936;
 -0.012968269, 0.99974042, -0.018731322, -0.015727334;
 -0.09229181, 0.017456176, 0.995579, 0.67381257;
 0, 0, 0, 1]
Twc:
[0.99564755, -0.012968269, -0.09229181, -0.15387233;
 0.014639684, 0.99974042, 0.017456176, 0.00078718644;
 0.092041478, -0.018731322, 0.995579, -0.69108272;
 0, 0, 0, 1]
Ow:
[0.21679936;
 -0.015727334;
 0.67381257]
Keyframe: 43 Frame: 242 Frame from vFrameID : 243
Tcw:
[0.99727625, 0.015188985, 0.072175972, 0.23492867;
 -0.014165087, 0.99979192, -0.014676898, -0.013480049;
 -0.072383888, 0.013614543, 0.99728394, 0.72986466;
 0, 0, 0, 1]
Twc:
[0.99727625, -0.014165087, -0.072383888, -0.18164928;
 0.015188985, 0.99979192, 0.013614543, -2.7856944e-05;
 0.072175972, -0.014676898, 0.99728394, -0.74503636;
 0, 0, 0, 1]
Ow:
[0.23492867;
 -0.013480049;
 0.72986466]
Keyframe: 44 Frame: 248 Frame from vFrameID : 249
Tcw:
[0.99971473, 0.013698152, 0.01956588, 0.25806352;
 -0.013399662, 0.99979305, -0.015306189, -0.0077225156;
 -0.019771498, 0.015039646, 0.99969143, 0.78672838;
 0, 0, 0, 1]
Twc:
[0.99971473, -0.013399662, -0.019771498, -0.24253857;
 0.013698152, 0.99979305, 0.015039646, -0.0076461919;
 0.01956588, -0.015306189, 0.99969143, -0.79165298;
 0, 0, 0, 1]
Ow:
[0.25806352;
 -0.0077225156;
 0.78672838]
Keyframe: 45 Frame: 254 Frame from vFrameID : 255
Tcw:
[0.99895853, 0.045149371, -0.0065843649, 0.28165758;
 -0.045195252, 0.9989537, -0.0069944891, -0.011436556;
 0.0062616789, 0.0072847866, 0.99995387, 0.84350169;
 0, 0, 0, 1]
Twc:
[0.99895853, -0.045195252, 0.0062616789, -0.28716287;
 0.045149371, 0.9989537, 0.0072847866, -0.0074368026;
 -0.0065843649, -0.0069944891, 0.99995387, -0.84168822;
 0, 0, 0, 1]
Ow:
[0.28165758;
 -0.011436556;
 0.84350169]
Keyframe: 46 Frame: 260 Frame from vFrameID : 261
Tcw:
[0.99944311, 0.0325328, 0.0074248537, 0.31305635;
 -0.032346234, 0.9991886, -0.023998093, -0.005860053;
 -0.0081995539, 0.023744563, 0.99968445, 0.9197771;
 0, 0, 0, 1]
Twc:
[0.99944311, -0.032346234, -0.0081995539, -0.30552977;
 0.0325328, 0.9991886, 0.023744563, -0.026169008;
 0.0074248537, -0.023998093, 0.99968445, -0.92195189;
 0, 0, 0, 1]
Ow:
[0.31305635;
 -0.005860053;
 0.9197771]
Keyframe: 47 Frame: 268 Frame from vFrameID : 269
Tcw:
[0.99888724, 0.019812601, 0.042798858, 0.33262783;
 -0.018694302, 0.99947733, -0.026373275, -0.0060354602;
 -0.043299012, 0.025543833, 0.99873555, 1.001611;
 0, 0, 0, 1]
Twc:
[0.99888724, -0.018694302, -0.043299012, -0.28900176;
 0.019812601, 0.99947733, 0.025543833, -0.026142901;
 0.042798858, -0.026373275, 0.99873555, -1.0147398;
 0, 0, 0, 1]
Ow:
[0.33262783;
 -0.0060354602;
 1.001611]
Keyframe: 48 Frame: 274 Frame from vFrameID : 275
Tcw:
[0.99909252, 0.025793336, 0.033895187, 0.35698804;
 -0.025258381, 0.999551, -0.016117224, -0.0075761434;
 -0.034295689, 0.01524646, 0.99929541, 1.0640734;
 0, 0, 0, 1]
Twc:
[0.99909252, -0.025258381, -0.034295689, -0.3203623;
 0.025793336, 0.999551, 0.01524646, -0.017858526;
 0.033895187, -0.016117224, 0.99929541, -1.075546;
 0, 0, 0, 1]
Ow:
[0.35698804;
 -0.0075761434;
 1.0640734]
Keyframe: 49 Frame: 280 Frame from vFrameID : 281
Tcw:
[0.99889666, 0.041667271, -0.021662783, 0.38107923;
 -0.042020865, 0.99898648, -0.016131967, -0.012549916;
 0.020968653, 0.017024457, 0.99963516, 1.132485;
 0, 0, 0, 1]
Twc:
[0.99889666, -0.042020865, 0.020968653, -0.40493283;
 0.041667271, 0.99898648, 0.017024457, -0.022621278;
 -0.021662783, -0.016131967, 0.99963516, -1.1240191;
 0, 0, 0, 1]
Ow:
[0.38107923;
 -0.012549916;
 1.132485]
Keyframe: 50 Frame: 286 Frame from vFrameID : 287
Tcw:
[0.99864984, 0.033651017, -0.039573576, 0.40159872;
 -0.034172088, 0.99933696, -0.012565157, -0.023685351;
 0.039124507, 0.013900504, 0.99913764, 1.1895231;
 0, 0, 0, 1]
Twc:
[0.99864984, -0.034172088, 0.039124507, -0.44840541;
 0.033651017, 0.99933696, 0.013900504, -0.0063795298;
 -0.039573576, -0.012565157, 0.99913764, -1.1729022;
 0, 0, 0, 1]
Ow:
[0.40159872;
 -0.023685351;
 1.1895231]
Keyframe: 51 Frame: 290 Frame from vFrameID : 291
Tcw:
[0.99828511, 0.049052838, -0.03194765, 0.42331326;
 -0.049940601, 0.99837053, -0.027609266, -0.023277663;
 0.030541278, 0.029157406, 0.99910814, 1.2308289;
 0, 0, 0, 1]
Twc:
[0.99828511, -0.049940601, 0.030541278, -0.4613409;
 0.049052838, 0.99837053, 0.029157406, -0.033412762;
 -0.03194765, -0.027609266, 0.99910814, -1.21685;
 0, 0, 0, 1]
Ow:
[0.42331326;
 -0.023277663;
 1.2308289]
Keyframe: 52 Frame: 294 Frame from vFrameID : 295
Tcw:
[0.99804825, 0.062426414, 0.0016171605, 0.4395071;
 -0.062356938, 0.99766201, -0.027967293, -0.018098824;
 -0.0033592773, 0.027811866, 0.9996075, 1.2836534;
 0, 0, 0, 1]
Twc:
[0.99804825, -0.062356938, -0.0033592773, -0.43546575;
 0.062426414, 0.99766201, 0.027811866, -0.045081146;
 0.0016171605, -0.027967293, 0.9996075, -1.2843666;
 0, 0, 0, 1]
Ow:
[0.4395071;
 -0.018098824;
 1.2836534]
Keyframe: 53 Frame: 298 Frame from vFrameID : 299
Tcw:
[0.99862599, 0.049476214, 0.017270006, 0.44564539;
 -0.049191907, 0.99865276, -0.016516462, -0.018987453;
 -0.018063912, 0.015644222, 0.99971443, 1.3230449;
 0, 0, 0, 1]
Twc:
[0.99862599, -0.049191907, -0.018063912, -0.4220677;
 0.049476214, 0.99865276, 0.015644222, -0.023784984;
 0.017270006, -0.016516462, 0.99971443, -1.330677;
 0, 0, 0, 1]
Ow:
[0.44564539;
 -0.018987453;
 1.3230449]
Keyframe: 54 Frame: 302 Frame from vFrameID : 303
Tcw:
[0.99945885, 0.024229717, 0.022247912, 0.45487875;
 -0.023610806, 0.99933815, -0.027672362, -0.018120382;
 -0.022903681, 0.027132094, 0.99936944, 1.3605063;
 0, 0, 0, 1]
Twc:
[0.99945885, -0.023610806, -0.022903681, -0.4238998;
 0.024229717, 0.99933815, 0.027132094, -0.02982658;
 0.022247912, -0.027672362, 0.99936944, -1.3702699;
 0, 0, 0, 1]
Ow:
[0.45487875;
 -0.018120382;
 1.3605063]
Keyframe: 55 Frame: 306 Frame from vFrameID : 307
Tcw:
[0.99957633, 0.02873092, 0.0046561849, 0.468339;
 -0.028578825, 0.99914211, -0.029971844, -0.013389692;
 -0.005513309, 0.029826077, 0.99953991, 1.4003232;
 0, 0, 0, 1]
Twc:
[0.99957633, -0.028578825, -0.005513309, -0.46080285;
 0.02873092, 0.99914211, 0.029826077, -0.04184375;
 0.0046561849, -0.029971844, 0.99953991, -1.4022608;
 0, 0, 0, 1]
Ow:
[0.468339;
 -0.013389692;
 1.4003232]
Keyframe: 56 Frame: 310 Frame from vFrameID : 311
Tcw:
[0.99859446, 0.050960101, -0.014564563, 0.49090114;
 -0.051570315, 0.9976483, -0.045148879, -0.012859963;
 0.01222952, 0.045836523, 0.99887407, 1.4333665;
 0, 0, 0, 1]
Twc:
[0.99859446, -0.051570315, 0.01222952, -0.50840378;
 0.050960101, 0.9976483, 0.045836523, -0.077887185;
 -0.014564563, -0.045148879, 0.99887407, -1.4251837;
 0, 0, 0, 1]
Ow:
[0.49090114;
 -0.012859963;
 1.4333665]
Keyframe: 57 Frame: 314 Frame from vFrameID : 315
Tcw:
[0.99839091, 0.043213997, -0.036716245, 0.49727249;
 -0.043688569, 0.99897045, -0.012222597, -0.014327304;
 0.036150258, 0.013807011, 0.99925101, 1.4686154;
 0, 0, 0, 1]
Twc:
[0.99839091, -0.043688569, 0.036150258, -0.55018914;
 0.043213997, 0.99897045, 0.013807011, -0.027453767;
 -0.036716245, -0.012222597, 0.99925101, -1.4494325;
 0, 0, 0, 1]
Ow:
[0.49727249;
 -0.014327304;
 1.4686154]
Keyframe: 58 Frame: 318 Frame from vFrameID : 319
Tcw:
[0.9980731, 0.052276153, -0.033426005, 0.51653588;
 -0.053084899, 0.99830675, -0.023783114, -0.014141504;
 0.032126117, 0.025511703, 0.9991582, 1.511714;
 0, 0, 0, 1]
Twc:
[0.9980731, -0.053084899, 0.032126117, -0.56485677;
 0.052276153, 0.99830675, 0.025511703, -0.051451344;
 -0.033426005, -0.023783114, 0.9991582, -1.4935119;
 0, 0, 0, 1]
Ow:
[0.51653588;
 -0.014141504;
 1.511714]
Keyframe: 59 Frame: 322 Frame from vFrameID : 323
Tcw:
[0.99917305, 0.030262325, -0.027154755, 0.52847439;
 -0.030912643, 0.99923736, -0.023857202, -0.01174866;
 0.026412072, 0.0246769, 0.99934649, 1.5536851;
 0, 0, 0, 1]
Twc:
[0.99917305, -0.030912643, 0.026412072, -0.56943661;
 0.030262325, 0.99923736, 0.0246769, -0.042593293;
 -0.027154755, -0.023857202, 0.99934649, -1.5385995;
 0, 0, 0, 1]
Ow:
[0.52847439;
 -0.01174866;
 1.5536851]
Keyframe: 60 Frame: 326 Frame from vFrameID : 327
Tcw:
[0.99907321, 0.042655449, 0.0057699531, 0.53829527;
 -0.042413279, 0.99841291, -0.037051089, -0.0092856623;
 -0.0073412266, 0.036772028, 0.99929672, 1.5948489;
 0, 0, 0, 1]
Twc:
[0.99907321, -0.042413279, -0.0073412266, -0.52648199;
 0.042655449, 0.99841291, 0.036772028, -0.07233613;
 0.0057699531, -0.037051089, 0.99929672, -1.5971773;
 0, 0, 0, 1]
Ow:
[0.53829527;
 -0.0092856623;
 1.5948489]
Keyframe: 61 Frame: 330 Frame from vFrameID : 331
Tcw:
[0.99947041, 0.024098467, 0.021867866, 0.55594492;
 -0.023763604, 0.99959826, -0.015445882, -0.01009155;
 -0.022231303, 0.014918042, 0.99964154, 1.6315635;
 0, 0, 0, 1]
Twc:
[0.99947041, -0.023763604, -0.022231303, -0.51961851;
 0.024098467, 0.99959826, 0.014918042, -0.027649658;
 0.021867866, -0.015445882, 0.99964154, -1.6432918;
 0, 0, 0, 1]
Ow:
[0.55594492;
 -0.01009155;
 1.6315635]
Keyframe: 62 Frame: 335 Frame from vFrameID : 336
Tcw:
[0.99925303, 0.026537925, 0.028091375, 0.57275158;
 -0.026002504, 0.99947637, -0.019256733, -0.0062365197;
 -0.028587701, 0.018511904, 0.99941987, 1.6831149;
 0, 0, 0, 1]
Twc:
[0.99925303, -0.026002504, -0.028587701, -0.52436948;
 0.026537925, 0.99947637, 0.018511904, -0.040124044;
 0.028091375, -0.019256733, 0.99941987, -1.6983479;
 0, 0, 0, 1]
Ow:
[0.57275158;
 -0.0062365197;
 1.6831149]
Keyframe: 63 Frame: 339 Frame from vFrameID : 340
Tcw:
[0.99942678, 0.033152524, -0.0068547195, 0.59734869;
 -0.033374645, 0.99881834, -0.035328627, -0.0066919364;
 0.0056753862, 0.03553715, 0.99935222, 1.735175;
 0, 0, 0, 1]
Twc:
[0.99942678, -0.033374645, 0.0056753862, -0.60707742;
 0.033152524, 0.99881834, 0.03553715, -0.074782766;
 -0.0068547195, -0.035328627, 0.99935222, -1.7301929;
 0, 0, 0, 1]
Ow:
[0.59734869;
 -0.0066919364;
 1.735175]
Keyframe: 64 Frame: 344 Frame from vFrameID : 345
Tcw:
[0.99893689, 0.036777373, -0.027793532, 0.61874068;
 -0.036770985, 0.99932343, 0.00074112625, -0.012941686;
 0.027801985, 0.00028165718, 0.9996134, 1.7808217;
 0, 0, 0, 1]
Twc:
[0.99893689, -0.036770985, 0.027801985, -0.66806918;
 0.036777373, 0.99932343, 0.00028165718, -0.010324309;
 -0.027793532, 0.00074112625, 0.9996134, -1.7629267;
 0, 0, 0, 1]
Ow:
[0.61874068;
 -0.012941686;
 1.7808217]
Keyframe: 65 Frame: 349 Frame from vFrameID : 350
Tcw:
[0.99846381, 0.049795385, -0.024298726, 0.63783175;
 -0.049904071, 0.99874645, -0.0038867004, -0.012029968;
 0.024074728, 0.0050933352, 0.99969721, 1.8325737;
 0, 0, 0, 1]
Twc:
[0.99846381, -0.049904071, 0.024074728, -0.68157101;
 0.049795385, 0.99874645, 0.0050933352, -0.029080104;
 -0.024298726, -0.0038867004, 0.99969721, -1.8165669;
 0, 0, 0, 1]
Ow:
[0.63783175;
 -0.012029968;
 1.8325737]
Keyframe: 66 Frame: 354 Frame from vFrameID : 355
Tcw:
[0.99897569, 0.045080435, -0.0039065122, 0.6619916;
 -0.045183707, 0.99845111, -0.032463085, -0.013310328;
 0.0024370111, 0.032606345, 0.99946529, 1.8910022;
 0, 0, 0, 1]
Twc:
[0.99897569, -0.045183707, 0.0024370111, -0.6665234;
 0.045080435, 0.99845111, 0.032606345, -0.078211829;
 -0.0039065122, -0.032463085, 0.99946529, -1.8878372;
 0, 0, 0, 1]
Ow:
[0.6619916;
 -0.013310328;
 1.8910022]
Keyframe: 67 Frame: 359 Frame from vFrameID : 360
Tcw:
[0.99867606, 0.041551404, 0.030324377, 0.68012595;
 -0.040844768, 0.99888766, -0.023561656, -0.014696285;
 -0.031269666, 0.022291871, 0.99926239, 1.9518037;
 0, 0, 0, 1]
Twc:
[0.99867606, -0.040844768, -0.031269666, -0.61879361;
 0.041551404, 0.99888766, 0.022291871, -0.057089604;
 0.030324377, -0.023561656, 0.99926239, -1.9713346;
 0, 0, 0, 1]
Ow:
[0.68012595;
 -0.014696285;
 1.9518037]
Keyframe: 68 Frame: 364 Frame from vFrameID : 365
Tcw:
[0.99865526, 0.029077258, 0.042921212, 0.69956952;
 -0.028033843, 0.99930137, -0.024715057, -0.016129196;
 -0.043609872, 0.023478575, 0.99877274, 2.0063624;
 0, 0, 0, 1]
Twc:
[0.99865526, -0.028033843, -0.043609872, -0.61158371;
 0.029077258, 0.99930137, 0.023478575, -0.051330168;
 0.042921212, -0.024715057, 0.99877274, -2.0343251;
 0, 0, 0, 1]
Ow:
[0.69956952;
 -0.016129196;
 2.0063624]
Keyframe: 69 Frame: 369 Frame from vFrameID : 370
Tcw:
[0.99970621, 0.023280516, -0.0067457128, 0.72188127;
 -0.023545302, 0.99882877, -0.04226926, -0.015080176;
 0.0057537621, 0.042415671, 0.99908346, 2.0700912;
 0, 0, 0, 1]
Twc:
[0.99970621, -0.023545302, 0.0057537621, -0.73393506;
 0.023280516, 0.99882877, 0.042415671, -0.08954756;
 -0.0067457128, -0.04226926, 0.99908346, -2.0639617;
 0, 0, 0, 1]
Ow:
[0.72188127;
 -0.015080176;
 2.0700912]
Keyframe: 70 Frame: 374 Frame from vFrameID : 375
Tcw:
[0.99946707, 0.015168045, -0.028905783, 0.73873085;
 -0.016207634, 0.99921757, -0.036076471, -0.019048586;
 0.028335957, 0.036525737, 0.99893087, 2.1158326;
 0, 0, 0, 1]
Twc:
[0.99946707, -0.016207634, 0.028335957, -0.79860002;
 0.015168045, 0.99921757, 0.036525737, -0.069453768;
 -0.028905783, -0.036076471, 0.99893087, -2.0929041;
 0, 0, 0, 1]
Ow:
[0.73873085;
 -0.019048586;
 2.1158326]
Keyframe: 71 Frame: 380 Frame from vFrameID : 381
Tcw:
[0.9990142, 0.040969308, -0.017090736, 0.75737005;
 -0.041521654, 0.99858177, -0.033323247, -0.017949969;
 0.015701266, 0.034000032, 0.99929851, 2.1774709;
 0, 0, 0, 1]
Twc:
[0.9990142, -0.041521654, 0.015701266, -0.79155785;
 0.040969308, 0.99858177, 0.034000032, -0.087138504;
 -0.017090736, -0.033323247, 0.99929851, -2.1635976;
 0, 0, 0, 1]
Ow:
[0.75737005;
 -0.017949969;
 2.1774709]
Keyframe: 72 Frame: 385 Frame from vFrameID : 386
Tcw:
[0.99934059, 0.029177492, 0.021611849, 0.77883333;
 -0.028179547, 0.99858385, -0.045123842, -0.013418995;
 -0.022897845, 0.044485074, 0.99874759, 2.2310951;
 0, 0, 0, 1]
Twc:
[0.99934059, -0.028179547, -0.022897845, -0.72761065;
 0.029177492, 0.99858385, 0.044485074, -0.10857484;
 0.021611849, -0.045123842, 0.99874759, -2.2457385;
 0, 0, 0, 1]
Ow:
[0.77883333;
 -0.013418995;
 2.2310951]
Keyframe: 73 Frame: 390 Frame from vFrameID : 391
Tcw:
[0.99797803, 0.044519793, 0.045362964, 0.79756224;
 -0.042753812, 0.99831694, -0.03918393, -0.024059355;
 -0.047031078, 0.037165262, 0.99820179, 2.2816663;
 0, 0, 0, 1]
Twc:
[0.99797803, -0.042753812, -0.047031078, -0.68966901;
 0.044519793, 0.99831694, 0.037165262, -0.096287169;
 0.045362964, -0.03918393, 0.99820179, -2.3146858;
 0, 0, 0, 1]
Ow:
[0.79756224;
 -0.024059355;
 2.2816663]
Keyframe: 74 Frame: 396 Frame from vFrameID : 397
Tcw:
[0.99924952, 0.015154045, 0.035648171, 0.82029092;
 -0.013251959, 0.99850649, -0.053001288, -0.016732857;
 -0.036398113, 0.052489106, 0.99795794, 2.3540308;
 0, 0, 0, 1]
Twc:
[0.99924952, -0.013251959, -0.036398113, -0.73421472;
 0.015154045, 0.99850649, 0.052489106, -0.11928383;
 0.035648171, -0.053001288, 0.99795794, -2.3793526;
 0, 0, 0, 1]
Ow:
[0.82029092;
 -0.016732857;
 2.3540308]
Keyframe: 75 Frame: 402 Frame from vFrameID : 403
Tcw:
[0.99923503, 0.036952741, 0.012802085, 0.84237778;
 -0.036082879, 0.99738842, -0.062564887, -0.016881749;
 -0.015080595, 0.062055092, 0.99795878, 2.4084077;
 0, 0, 0, 1]
Twc:
[0.99923503, -0.036082879, -0.015080595, -0.80602223;
 0.036952741, 0.99738842, 0.062055092, -0.16374446;
 0.012802085, -0.062564887, 0.99795878, -2.4153321;
 0, 0, 0, 1]
Ow:
[0.84237778;
 -0.016881749;
 2.4084077]
Keyframe: 76 Frame: 408 Frame from vFrameID : 409
Tcw:
[0.99878758, 0.046065558, -0.017357472, 0.86869437;
 -0.046490964, 0.99860686, -0.024958516, -0.020850677;
 0.016183563, 0.025735222, 0.99953777, 2.4666312;
 0, 0, 0, 1]
Twc:
[0.99878758, -0.046490964, 0.016183563, -0.9085294;
 0.046065558, 0.99860686, 0.025735222, -0.082674563;
 -0.017357472, -0.024958516, 0.99953777, -2.4509332;
 0, 0, 0, 1]
Ow:
[0.86869437;
 -0.020850677;
 2.4666312]
Keyframe: 77 Frame: 414 Frame from vFrameID : 415
Tcw:
[0.999946, -0.0098743858, 0.0032310036, 0.87280172;
 0.0099747851, 0.9994157, -0.032692809, -0.018196449;
 -0.0029062943, 0.03272327, 0.99946022, 2.5260952;
 0, 0, 0, 1]
Twc:
[0.999946, 0.0099747851, -0.0029062943, -0.86523157;
 -0.0098743858, 0.9994157, 0.03272327, -0.055857897;
 0.0032310036, -0.032692809, 0.99946022, -2.5281465;
 0, 0, 0, 1]
Ow:
[0.87280172;
 -0.018196449;
 2.5260952]
Keyframe: 78 Frame: 420 Frame from vFrameID : 421
Tcw:
[0.99896872, 0.013064574, 0.04348335, 0.89579898;
 -0.011387881, 0.99919039, -0.03858627, -0.022017069;
 -0.043952256, 0.038051296, 0.99830872, 2.5771997;
 0, 0, 0, 1]
Twc:
[0.99896872, -0.011387881, -0.043952256, -0.78185219;
 0.013064574, 0.99919039, 0.038051296, -0.087769762;
 0.04348335, -0.03858627, 0.99830872, -2.6126428;
 0, 0, 0, 1]
Ow:
[0.89579898;
 -0.022017069;
 2.5771997]
Keyframe: 79 Frame: 426 Frame from vFrameID : 427
Tcw:
[0.99877703, 0.014344318, 0.047315162, 0.92425394;
 -0.011921865, 0.99862295, -0.051088914, -0.020941511;
 -0.047982842, 0.05046235, 0.99757266, 2.6440041;
 0, 0, 0, 1]
Twc:
[0.99877703, -0.011921865, -0.047982842, -0.7965064;
 0.014344318, 0.99862295, 0.05046235, -0.12576775;
 0.047315162, -0.051088914, 0.99757266, -2.6823871;
 0, 0, 0, 1]
Ow:
[0.92425394;
 -0.020941511;
 2.6440041]
Keyframe: 80 Frame: 431 Frame from vFrameID : 432
Tcw:
[0.99940306, 0.033014227, 0.010178092, 0.93679947;
 -0.032141738, 0.99655622, -0.076436773, -0.0200295;
 -0.012666542, 0.076064005, 0.99702251, 2.6912403;
 0, 0, 0, 1]
Twc:
[0.99940306, -0.032141738, -0.012666542, -0.90279526;
 0.033014227, 0.99655622, 0.076064005, -0.2156737;
 0.010178092, -0.076436773, 0.99702251, -2.694293;
 0, 0, 0, 1]
Ow:
[0.93679947;
 -0.0200295;
 2.6912403]
Keyframe: 81 Frame: 436 Frame from vFrameID : 437
Tcw:
[0.99938726, 0.032999806, -0.011665291, 0.96129715;
 -0.03374311, 0.99693197, -0.070626169, -0.025167063;
 0.0092988517, 0.070976518, 0.99743462, 2.7343681;
 0, 0, 0, 1]
Twc:
[0.99938726, -0.03374311, 0.0092988517, -0.9869839;
 0.032999806, 0.99693197, 0.070976518, -0.2007087;
 -0.011665291, -0.070626169, 0.99743462, -2.7179172;
 0, 0, 0, 1]
Ow:
[0.96129715;
 -0.025167063;
 2.7343681]
Keyframe: 82 Frame: 441 Frame from vFrameID : 442
Tcw:
[0.99955606, 0.02674951, -0.013120375, 0.97759712;
 -0.027493022, 0.99780709, -0.0602092, -0.0226852;
 0.011481036, 0.060543191, 0.99809957, 2.7955968;
 0, 0, 0, 1]
Twc:
[0.99955606, -0.027493022, 0.011481036, -1.0098832;
 0.02674951, 0.99780709, 0.060543191, -0.17276913;
 -0.013120375, -0.0602092, 0.99809957, -2.7788234;
 0, 0, 0, 1]
Ow:
[0.97759712;
 -0.0226852;
 2.7955968]
Keyframe: 83 Frame: 446 Frame from vFrameID : 447
Tcw:
[0.99914366, 0.033637617, 0.024092872, 0.99357134;
 -0.031928699, 0.99716681, -0.068109542, -0.024550423;
 -0.026315656, 0.067281969, 0.99738687, 2.848845;
 0, 0, 0, 1]
Twc:
[0.99914366, -0.031928699, -0.026315656, -0.91853517;
 0.033637617, 0.99716681, 0.067281969, -0.20061639;
 0.024092872, -0.068109542, 0.99738687, -2.8670108;
 0, 0, 0, 1]
Ow:
[0.99357134;
 -0.024550423;
 2.848845]
Keyframe: 84 Frame: 451 Frame from vFrameID : 452
Tcw:
[0.99901706, 0.014582507, 0.04186067, 1.0021511;
 -0.011342144, 0.99699527, -0.07662791, -0.016572818;
 -0.042852316, 0.076077797, 0.99618065, 2.8942769;
 0, 0, 0, 1]
Twc:
[0.99901706, -0.011342144, -0.042852316, -0.87732756;
 0.014582507, 0.99699527, 0.076077797, -0.21828105;
 0.04186067, -0.07662791, 0.99618065, -2.9264431;
 0, 0, 0, 1]
Ow:
[1.0021511;
 -0.016572818;
 2.8942769]
Keyframe: 85 Frame: 456 Frame from vFrameID : 457
Tcw:
[0.99856508, 0.020057596, 0.049653895, 1.0160869;
 -0.016130282, 0.99680185, -0.078268044, -0.014956161;
 -0.051064964, 0.077354804, 0.99569505, 2.9445436;
 0, 0, 0, 1]
Twc:
[0.99856508, -0.016130282, -0.051064964, -0.86450708;
 0.020057596, 0.99680185, 0.077354804, -0.23324652;
 0.049653895, -0.078268044, 0.99569505, -2.9834907;
 0, 0, 0, 1]
Ow:
[1.0160869;
 -0.014956161;
 2.9445436]
Keyframe: 86 Frame: 462 Frame from vFrameID : 463
Tcw:
[0.99946862, 0.029233256, 0.014416883, 1.0371901;
 -0.027604245, 0.99434531, -0.10254467, -0.023015231;
 -0.017333075, 0.10209221, 0.9946239, 3.0006824;
 0, 0, 0, 1]
Twc:
[0.99946862, -0.027604245, -0.017333075, -0.98526329;
 0.029233256, 0.99434531, 0.10209221, -0.31378168;
 0.014416883, -0.10254467, 0.9946239, -3.0018637;
 0, 0, 0, 1]
Ow:
[1.0371901;
 -0.023015231;
 3.0006824]
Keyframe: 87 Frame: 468 Frame from vFrameID : 469
Tcw:
[0.99916822, 0.04074537, -0.0016286095, 1.0591244;
 -0.040764939, 0.99704665, -0.065086417, -0.021914631;
 -0.0010281705, 0.065098673, 0.99787831, 3.0592875;
 0, 0, 0, 1]
Twc:
[0.99916822, -0.040764939, -0.0010281705, -1.0559913;
 0.04074537, 0.99704665, 0.065098673, -0.22046004;
 -0.0016286095, -0.065086417, 0.99787831, -3.0524981;
 0, 0, 0, 1]
Ow:
[1.0591244;
 -0.021914631;
 3.0592875]
Keyframe: 88 Frame: 474 Frame from vFrameID : 475
Tcw:
[0.9993096, 0.025527535, 0.026993373, 1.0769951;
 -0.023382004, 0.99675584, -0.077013612, -0.020657718;
 -0.028871769, 0.076329283, 0.99666458, 3.1310978;
 0, 0, 0, 1]
Twc:
[0.9993096, -0.023382004, -0.028871769, -0.98633432;
 0.025527535, 0.99675584, 0.076329283, -0.24589677;
 0.026993373, -0.077013612, 0.99666458, -3.1513169;
 0, 0, 0, 1]
Ow:
[1.0769951;
 -0.020657718;
 3.1310978]
Keyframe: 89 Frame: 479 Frame from vFrameID : 480
Tcw:
[0.99850386, 0.01969617, 0.051010173, 1.0842944;
 -0.016179087, 0.99752223, -0.068466485, -0.024741471;
 -0.05223231, 0.067538753, 0.9963485, 3.1759598;
 0, 0, 0, 1]
Twc:
[0.99850386, -0.016179087, -0.05223231, -0.91718483;
 0.01969617, 0.99752223, 0.067538753, -0.21117663;
 0.051010173, -0.068466485, 0.9963485, -3.2213666;
 0, 0, 0, 1]
Ow:
[1.0842944;
 -0.024741471;
 3.1759598]
