Keyframe: 0 Frame: 0 Frame from vFrameID : 80
Tcw:
[1, 0, 0, 0;
 0, 1, 0, 0;
 0, 0, 1, 0;
 0, 0, 0, 1]
Twc:
[1, 0, 0, 0;
 0, 1, 0, 0;
 0, 0, 1, 0;
 0, 0, 0, 1]
Ow:
[0;
 0;
 0]
Keyframe: 1 Frame: 79 Frame from vFrameID : 80
Tcw:
[0.9993211, 0.0019653991, 0.03679017, 0.03415367;
 -0.0033998122, 0.99923474, 0.038967177, -0.0085030282;
 -0.036685426, -0.039065801, 0.99856299, 0.047820773;
 0, 0, 0, 1]
Twc:
[0.9993211, -0.0033998122, -0.036685426, -0.032405064;
 0.0019653991, 0.99923474, -0.039065801, 0.010297552;
 0.03679017, 0.038967177, 0.99856299, -0.048677236;
 0, 0, 0, 1]
Ow:
[0.03415367;
 -0.0085030282;
 0.047820773]
Keyframe: 2 Frame: 80 Frame from vFrameID : 81
Tcw:
[0.99923682, 0.0017165389, 0.0390241, 0.033678938;
 -0.0030708772, 0.99939406, 0.034671772, -0.0084640402;
 -0.038940936, -0.03476515, 0.99863654, 0.049563069;
 0, 0, 0, 1]
Twc:
[0.99923682, -0.0030708772, -0.038940936, -0.031749193;
 0.0017165389, 0.99939406, -0.03476515, 0.010124167;
 0.0390241, 0.034671772, 0.99863654, -0.050516322;
 0, 0, 0, 1]
Ow:
[0.033678938;
 -0.0084640402;
 0.049563069]
Keyframe: 3 Frame: 81 Frame from vFrameID : 82
Tcw:
[0.99884486, 0.0076481667, 0.047438353, 0.033456314;
 -0.0088880211, 0.99962294, 0.025980486, -0.0092352573;
 -0.047221761, -0.026372109, 0.99853623, 0.053202271;
 0, 0, 0, 1]
Twc:
[0.99884486, -0.0088880211, -0.047221761, -0.030987449;
 0.0076481667, 0.99962294, -0.026372109, 0.010378951;
 0.047438353, 0.025980486, 0.99853623, -0.054471571;
 0, 0, 0, 1]
Ow:
[0.033456314;
 -0.0092352573;
 0.053202271]
Keyframe: 4 Frame: 82 Frame from vFrameID : 83
Tcw:
[0.99884492, 0.0076752105, 0.047433004, 0.033444859;
 -0.0089155324, 0.99962234, 0.025992924, -0.0092335865;
 -0.047215588, -0.026385792, 0.99853617, 0.053210832;
 0, 0, 0, 1]
Twc:
[0.99884492, -0.0089155324, -0.047215588, -0.030976171;
 0.0076752105, 0.99962234, -0.026385792, 0.010377414;
 0.047433004, 0.025992924, 0.99853617, -0.05447932;
 0, 0, 0, 1]
Ow:
[0.033444859;
 -0.0092335865;
 0.053210832]
Keyframe: 5 Frame: 84 Frame from vFrameID : 85
Tcw:
[0.99820316, 0.007091051, 0.059499212, 0.033240359;
 -0.00814973, 0.99981242, 0.017569402, -0.0084203491;
 -0.059363466, -0.018022737, 0.9980737, 0.055226095;
 0, 0, 0, 1]
Twc:
[0.99820316, -0.00814973, -0.059363466, -0.029970841;
 0.007091051, 0.99981242, -0.018022737, 0.0091783861;
 0.059499212, 0.017569402, 0.9980737, -0.056949552;
 0, 0, 0, 1]
Ow:
[0.033240359;
 -0.0084203491;
 0.055226095]
Keyframe: 6 Frame: 85 Frame from vFrameID : 86
Tcw:
[0.99774426, 0.0060218824, 0.066859104, 0.036420263;
 -0.0072327964, 0.99981391, 0.017884165, -0.0087400656;
 -0.066738963, -0.0183274, 0.99760211, 0.057113029;
 0, 0, 0, 1]
Twc:
[0.99774426, -0.0072327964, -0.066738963, -0.032589659;
 0.0060218824, 0.99981391, -0.0183274, 0.0095658535;
 0.066859104, 0.017884165, 0.99760211, -0.059254799;
 0, 0, 0, 1]
Ow:
[0.036420263;
 -0.0087400656;
 0.057113029]
Keyframe: 7 Frame: 87 Frame from vFrameID : 88
Tcw:
[0.99652529, 0.0092541017, 0.082774781, 0.038506933;
 -0.010822108, 0.99977005, 0.018514477, -0.0097815385;
 -0.082584411, -0.019345943, 0.9963963, 0.058986936;
 0, 0, 0, 1]
Twc:
[0.99652529, -0.010822108, -0.082584411, -0.033607591;
 0.0092541017, 0.99977005, -0.019345943, 0.010564099;
 0.082774781, 0.018514477, 0.9963963, -0.061780665;
 0, 0, 0, 1]
Ow:
[0.038506933;
 -0.0097815385;
 0.058986936]
Keyframe: 8 Frame: 89 Frame from vFrameID : 90
Tcw:
[0.99487984, 0.017280525, 0.099576361, 0.040524498;
 -0.019003138, 0.99968529, 0.016376909, -0.010105353;
 -0.099262021, -0.018185319, 0.99489516, 0.060421798;
 0, 0, 0, 1]
Twc:
[0.99487984, -0.019003138, -0.099262021, -0.034511454;
 0.017280525, 0.99968529, -0.018185319, 0.010500677;
 0.099576361, 0.016376909, 0.99489516, -0.063983142;
 0, 0, 0, 1]
Ow:
[0.040524498;
 -0.010105353;
 0.060421798]
Keyframe: 9 Frame: 91 Frame from vFrameID : 92
Tcw:
[0.99311954, 0.015085609, 0.1161291, 0.044268671;
 -0.01782142, 0.9995867, 0.022556156, -0.0074466937;
 -0.11574083, -0.024470545, 0.99297798, 0.061949193;
 0, 0, 0, 1]
Twc:
[0.99311954, -0.01782142, -0.11574083, -0.036926743;
 0.015085609, 0.9995867, -0.024470545, 0.0082917279;
 0.1161291, 0.022556156, 0.99297798, -0.066487096;
 0, 0, 0, 1]
Ow:
[0.044268671;
 -0.0074466937;
 0.061949193]
Keyframe: 10 Frame: 93 Frame from vFrameID : 94
Tcw:
[0.99299592, 0.016332768, 0.11701448, 0.049194742;
 -0.019525314, 0.9994663, 0.026189113, -0.0071376814;
 -0.11652429, -0.028290426, 0.99278486, 0.061765619;
 0, 0, 0, 1]
Twc:
[0.99299592, -0.019525314, -0.11652429, -0.041792348;
 0.016332768, 0.9994663, -0.028290426, 0.0080777612;
 0.11701448, 0.026189113, 0.99278486, -0.066889539;
 0, 0, 0, 1]
Ow:
[0.049194742;
 -0.0071376814;
 0.061765619]
Keyframe: 11 Frame: 95 Frame from vFrameID : 96
Tcw:
[0.99237639, 0.021154888, 0.12141476, 0.057125956;
 -0.025230421, 0.99916524, 0.032128263, -0.0078958357;
 -0.12063374, -0.034946676, 0.99208176, 0.062706679;
 0, 0, 0, 1]
Twc:
[0.99237639, -0.025230421, -0.12063374, -0.049325123;
 0.021154888, 0.99916524, -0.034946676, 0.0088721411;
 0.12141476, 0.032128263, 0.99208176, -0.068892412;
 0, 0, 0, 1]
Ow:
[0.057125956;
 -0.0078958357;
 0.062706679]
Keyframe: 12 Frame: 98 Frame from vFrameID : 99
Tcw:
[0.99151647, 0.033011459, 0.12571943, 0.069578379;
 -0.038142711, 0.99852538, 0.038628437, -0.0069957986;
 -0.12425886, -0.04309601, 0.99131352, 0.060903933;
 0, 0, 0, 1]
Twc:
[0.99151647, -0.038142711, -0.12425886, -0.061687093;
 0.033011459, 0.99852538, -0.04309601, 0.0073133158;
 0.12571943, 0.038628437, 0.99131352, -0.068852007;
 0, 0, 0, 1]
Ow:
[0.069578379;
 -0.0069957986;
 0.060903933]
Keyframe: 13 Frame: 101 Frame from vFrameID : 102
Tcw:
[0.99025995, 0.042529006, 0.13257669, 0.084119953;
 -0.050048228, 0.99729085, 0.053908154, -0.0087242201;
 -0.12992486, -0.060018316, 0.98970568, 0.059336115;
 0, 0, 0, 1]
Twc:
[0.99025995, -0.050048228, -0.12992486, -0.076028012;
 0.042529006, 0.99729085, -0.060018316, 0.0086843008;
 0.13257669, 0.053908154, 0.98970568, -0.069407329;
 0, 0, 0, 1]
Ow:
[0.084119953;
 -0.0087242201;
 0.059336115]
Keyframe: 14 Frame: 104 Frame from vFrameID : 105
Tcw:
[0.98806709, 0.057000585, 0.14308883, 0.090952657;
 -0.064504325, 0.99674505, 0.048358422, -0.011655345;
 -0.13986662, -0.057011213, 0.98852772, 0.059044555;
 0, 0, 0, 1]
Twc:
[0.98806709, -0.064504325, -0.13986662, -0.082360782;
 0.057000585, 0.99674505, -0.057011213, 0.0097992541;
 0.14308883, 0.048358422, 0.98852772, -0.070817851;
 0, 0, 0, 1]
Ow:
[0.090952657;
 -0.011655345;
 0.059044555]
Keyframe: 15 Frame: 107 Frame from vFrameID : 108
Tcw:
[0.98724765, 0.049977295, 0.15114345, 0.092334002;
 -0.057389788, 0.99733347, 0.045082379, -0.014887705;
 -0.14848731, -0.053181566, 0.98748326, 0.059476156;
 0, 0, 0, 1]
Twc:
[0.98724765, -0.057389788, -0.14848731, -0.083179474;
 0.049977295, 0.99733347, -0.053181566, 0.013396436;
 0.15114345, 0.045082379, 0.98748326, -0.072016217;
 0, 0, 0, 1]
Ow:
[0.092334002;
 -0.014887705;
 0.059476156]
Keyframe: 16 Frame: 110 Frame from vFrameID : 111
Tcw:
[0.98627228, 0.042098559, 0.15967071, 0.086727694;
 -0.048281074, 0.99821901, 0.035039008, -0.016370341;
 -0.15791126, -0.042267077, 0.9865483, 0.061346069;
 0, 0, 0, 1]
Twc:
[0.98627228, -0.048281074, -0.15791126, -0.076640263;
 0.042098559, 0.99821901, -0.042267077, 0.015282993;
 0.15967071, 0.035039008, 0.9865483, -0.073795132;
 0, 0, 0, 1]
Ow:
[0.086727694;
 -0.016370341;
 0.061346069]
Keyframe: 17 Frame: 113 Frame from vFrameID : 114
Tcw:
[0.9875474, 0.029111378, 0.15460488, 0.084252231;
 -0.03547626, 0.99862593, 0.038569998, -0.01710671;
 -0.15326962, -0.043574505, 0.98722321, 0.064920075;
 0, 0, 0, 1]
Twc:
[0.9875474, -0.03547626, -0.15326962, -0.073859677;
 0.029111378, 0.99862593, -0.043574505, 0.017459366;
 0.15460488, 0.038569998, 0.98722321, -0.076456606;
 0, 0, 0, 1]
Ow:
[0.084252231;
 -0.01710671;
 0.064920075]
Keyframe: 18 Frame: 116 Frame from vFrameID : 117
Tcw:
[0.98696166, 0.028557301, 0.15840201, 0.077959664;
 -0.03418608, 0.99887305, 0.032924019, -0.019815201;
 -0.15728328, -0.037909888, 0.98682564, 0.068554714;
 0, 0, 0, 1]
Twc:
[0.98696166, -0.03418608, -0.15728328, -0.066838093;
 0.028557301, 0.99887305, -0.037909888, 0.020165453;
 0.15840201, 0.032924019, 0.98682564, -0.079348117;
 0, 0, 0, 1]
Ow:
[0.077959664;
 -0.019815201;
 0.068554714]
Keyframe: 19 Frame: 119 Frame from vFrameID : 120
Tcw:
[0.98730129, 0.012096004, 0.15839784, 0.063198276;
 -0.017194362, 0.99937594, 0.030856231, -0.018871827;
 -0.15792575, -0.033187948, 0.98689312, 0.073223867;
 0, 0, 0, 1]
Twc:
[0.98730129, -0.017194362, -0.15792575, -0.051156294;
 0.012096004, 0.99937594, -0.033187948, 0.020525752;
 0.15839784, 0.030856231, 0.98689312, -0.081692286;
 0, 0, 0, 1]
Ow:
[0.063198276;
 -0.018871827;
 0.073223867]
Keyframe: 20 Frame: 122 Frame from vFrameID : 123
Tcw:
[0.98804146, -0.0030047565, 0.15415923, 0.051564403;
 -0.001335797, 0.99960577, 0.028044993, -0.021322671;
 -0.15418273, -0.027915541, 0.98764789, 0.078377411;
 0, 0, 0, 1]
Twc:
[0.98804146, -0.001335797, -0.15418273, -0.038891803;
 -0.0030047565, 0.99960577, -0.027915541, 0.023657152;
 0.15415923, 0.028044993, 0.98764789, -0.084760427;
 0, 0, 0, 1]
Ow:
[0.051564403;
 -0.021322671;
 0.078377411]
Keyframe: 21 Frame: 125 Frame from vFrameID : 126
Tcw:
[0.98986918, -0.0016709865, 0.1419728, 0.03588314;
 -0.0013786948, 0.99977046, 0.021379661, -0.019312199;
 -0.14197594, -0.021358805, 0.98963964, 0.082277559;
 0, 0, 0, 1]
Twc:
[0.98986918, -0.0013786948, -0.14197594, -0.023864806;
 -0.0016709865, 0.99977046, -0.021358805, 0.021125078;
 0.1419728, 0.021379661, 0.98963964, -0.086106673;
 0, 0, 0, 1]
Ow:
[0.03588314;
 -0.019312199;
 0.082277559]
Keyframe: 22 Frame: 128 Frame from vFrameID : 129
Tcw:
[0.99259216, -0.0054882863, 0.12137024, 0.036319356;
 0.0030093268, 0.99978328, 0.020598646, -0.020294728;
 -0.121457, -0.020080812, 0.99239355, 0.085880116;
 0, 0, 0, 1]
Twc:
[0.99259216, 0.0030093268, -0.121457, -0.025558494;
 -0.0054882863, 0.99978328, -0.020080812, 0.022214204;
 0.12137024, 0.020598646, 0.99239355, -0.089216918;
 0, 0, 0, 1]
Ow:
[0.036319356;
 -0.020294728;
 0.085880116]
Keyframe: 23 Frame: 131 Frame from vFrameID : 132
Tcw:
[0.99559206, -0.0048685325, 0.093662694, 0.028219478;
 0.0036946172, 0.9999125, 0.01270276, -0.01826101;
 -0.093716346, -0.01230072, 0.99552298, 0.0854057;
 0, 0, 0, 1]
Twc:
[0.99559206, 0.0036946172, -0.093716346, -0.020023713;
 -0.0048685325, 0.9999125, -0.01230072, 0.019447353;
 0.093662694, 0.01270276, 0.99552298, -0.087434478;
 0, 0, 0, 1]
Ow:
[0.028219478;
 -0.01826101;
 0.0854057]
Keyframe: 24 Frame: 135 Frame from vFrameID : 136
Tcw:
[0.99920797, 0.0059412937, 0.039345782, 0.018916458;
 -0.0063654627, 0.99992287, 0.010664053, -0.01790327;
 -0.03927939, -0.010906062, 0.99916875, 0.086717188;
 0, 0, 0, 1]
Twc:
[0.99920797, -0.0063654627, -0.03927939, -0.01560924;
 0.0059412937, 0.99992287, -0.010906062, 0.018735243;
 0.039345782, 0.010664053, 0.99916875, -0.087198466;
 0, 0, 0, 1]
Ow:
[0.018916458;
 -0.01790327;
 0.086717188]
Keyframe: 25 Frame: 139 Frame from vFrameID : 140
Tcw:
[0.99985647, 0.013276545, -0.01052234, 0.020630179;
 -0.013086453, 0.99975353, 0.017933037, -0.017893374;
 0.010757837, -0.017792763, 0.99978381, 0.085036114;
 0, 0, 0, 1]
Twc:
[0.99985647, -0.013086453, 0.010757837, -0.021776184;
 0.013276545, 0.99975353, -0.017792763, 0.019128093;
 -0.01052234, 0.017933037, 0.99978381, -0.084479772;
 0, 0, 0, 1]
Ow:
[0.020630179;
 -0.017893374;
 0.085036114]
Keyframe: 26 Frame: 142 Frame from vFrameID : 143
Tcw:
[0.99918294, 0.0038443285, -0.040232606, 0.017439166;
 -0.003207043, 0.99986857, 0.015892589, -0.019132569;
 0.040288415, -0.015750578, 0.99906397, 0.085944884;
 0, 0, 0, 1]
Twc:
[0.99918294, -0.003207043, 0.040288415, -0.020948859;
 0.0038443285, 0.99986857, -0.015750578, 0.020416696;
 -0.040232606, 0.015892589, 0.99906397, -0.084858745;
 0, 0, 0, 1]
Ow:
[0.017439166;
 -0.019132569;
 0.085944884]
Keyframe: 27 Frame: 145 Frame from vFrameID : 146
Tcw:
[0.99846065, 0.0019224733, -0.05543172, 0.018280767;
 -0.0012342371, 0.99992174, 0.012447489, -0.017620401;
 0.055451311, -0.012359912, 0.99838489, 0.086568348;
 0, 0, 0, 1]
Twc:
[0.99846065, -0.0012342371, 0.055451311, -0.023074701;
 0.0019224733, 0.99992174, -0.012359912, 0.018653857;
 -0.05543172, 0.012447489, 0.99838489, -0.085195862;
 0, 0, 0, 1]
Ow:
[0.018280767;
 -0.017620401;
 0.086568348]
Keyframe: 28 Frame: 149 Frame from vFrameID : 150
Tcw:
[0.99837863, 0.0013318151, -0.056906823, 0.022647891;
 -0.00055853528, 0.99990731, 0.013602271, -0.016829496;
 0.056919664, -0.013548432, 0.99828684, 0.090285152;
 0, 0, 0, 1]
Twc:
[0.99837863, -0.00055853528, 0.056919664, -0.027759569;
 0.0013318151, 0.99990731, -0.013548432, 0.018020997;
 -0.056906823, 0.013602271, 0.99828684, -0.088612735;
 0, 0, 0, 1]
Ow:
[0.022647891;
 -0.016829496;
 0.090285152]
Keyframe: 29 Frame: 152 Frame from vFrameID : 153
Tcw:
[0.99920958, 0.0035452975, -0.039593436, 0.024866169;
 -0.0033604489, 0.99998313, 0.0047342428, -0.016494026;
 0.039609555, -0.0045974492, 0.99920464, 0.09656328;
 0, 0, 0, 1]
Twc:
[0.99920958, -0.0033604489, 0.039609555, -0.02872677;
 0.0035452975, 0.99998313, -0.0045974492, 0.016849536;
 -0.039593436, 0.0047342428, 0.99920464, -0.095423862;
 0, 0, 0, 1]
Ow:
[0.024866169;
 -0.016494026;
 0.09656328]
Keyframe: 30 Frame: 156 Frame from vFrameID : 157
Tcw:
[0.99990934, 0.012613141, 0.0047140922, 0.025630061;
 -0.012571741, 0.99988306, -0.0087110708, -0.012376626;
 -0.0048234146, 0.0086510172, 0.99995095, 0.10108882;
 0, 0, 0, 1]
Twc:
[0.99990934, -0.012571741, -0.0048234146, -0.025295738;
 0.012613141, 0.99988306, 0.0086510172, 0.011177382;
 0.0047140922, -0.0087110708, 0.99995095, -0.1013125;
 0, 0, 0, 1]
Ow:
[0.025630061;
 -0.012376626;
 0.10108882]
Keyframe: 31 Frame: 160 Frame from vFrameID : 161
Tcw:
[0.99888903, 0.0050515737, 0.046852257, 0.02635435;
 -0.0065630949, 0.99946105, 0.032163925, -0.0082619023;
 -0.046664529, -0.032435689, 0.99838388, 0.10825071;
 0, 0, 0, 1]
Twc:
[0.99888903, -0.0065630949, -0.046664529, -0.021327829;
 0.0050515737, 0.99946105, -0.032435689, 0.011635505;
 0.046852257, 0.032163925, 0.99838388, -0.10904479;
 0, 0, 0, 1]
Ow:
[0.02635435;
 -0.0082619023;
 0.10825071]
Keyframe: 32 Frame: 164 Frame from vFrameID : 165
Tcw:
[0.99647158, 0.0052940403, 0.08376351, 0.026923891;
 -0.0086110774, 0.99919081, 0.039288443, -0.010341495;
 -0.083487734, -0.039871112, 0.99571085, 0.11808278;
 0, 0, 0, 1]
Twc:
[0.99647158, -0.0086110774, -0.083487734, -0.017059481;
 0.0052940403, 0.99919081, -0.039871112, 0.014898683;
 0.08376351, 0.039288443, 0.99571085, -0.11942525;
 0, 0, 0, 1]
Ow:
[0.026923891;
 -0.010341495;
 0.11808278]
Keyframe: 33 Frame: 168 Frame from vFrameID : 169
Tcw:
[0.99327689, 0.0048973528, 0.11565927, 0.022382336;
 -0.0063273669, 0.99990797, 0.012000121, -0.0028681774;
 -0.11558986, -0.012651261, 0.99321645, 0.12273687;
 0, 0, 0, 1]
Twc:
[0.99327689, -0.0063273669, -0.11558986, -0.0080628665;
 0.0048973528, 0.99990797, -0.012651261, 0.0043110754;
 0.11565927, 0.012000121, 0.99321645, -0.12445859;
 0, 0, 0, 1]
Ow:
[0.022382336;
 -0.0028681774;
 0.12273687]
Keyframe: 34 Frame: 172 Frame from vFrameID : 173
Tcw:
[0.99210322, 0.0054046833, 0.12530778, 0.018553263;
 -0.0081445947, 0.99973857, 0.02136346, -0.00013771513;
 -0.12515958, -0.022215338, 0.99188787, 0.129053;
 0, 0, 0, 1]
Twc:
[0.99210322, -0.0081445947, -0.12515958, -0.0022556558;
 0.0054046833, 0.99973857, -0.022215338, 0.0029043604;
 0.12530778, 0.02136346, 0.99188787, -0.13032803;
 0, 0, 0, 1]
Ow:
[0.018553263;
 -0.00013771513;
 0.129053]
Keyframe: 35 Frame: 176 Frame from vFrameID : 177
Tcw:
[0.99157602, 0.014988674, 0.12865604, 0.020068735;
 -0.017676041, 0.99964827, 0.019771598, -0.00016642339;
 -0.12831445, -0.021879172, 0.99149215, 0.13819285;
 0, 0, 0, 1]
Twc:
[0.99157602, -0.017676041, -0.12831445, -0.0021704775;
 0.014988674, 0.99964827, -0.021879172, 0.0028891063;
 0.12865604, 0.019771598, 0.99149215, -0.13959581;
 0, 0, 0, 1]
Ow:
[0.020068735;
 -0.00016642339;
 0.13819285]
Keyframe: 36 Frame: 179 Frame from vFrameID : 180
Tcw:
[0.99259853, 0.027422242, 0.11830527, 0.023393311;
 -0.030134553, 0.99932104, 0.021198461, -0.0027938655;
 -0.11764364, -0.024606638, 0.99275094, 0.15423362;
 0, 0, 0, 1]
Twc:
[0.99259853, -0.030134553, -0.11764364, -0.005159752;
 0.027422242, 0.99932104, -0.024606638, 0.0059456429;
 0.11830527, 0.021198461, 0.99275094, -0.15582392;
 0, 0, 0, 1]
Ow:
[0.023393311;
 -0.0027938655;
 0.15423362]
Keyframe: 37 Frame: 182 Frame from vFrameID : 183
Tcw:
[0.99433678, 0.029525936, 0.10209109, 0.02878622;
 -0.031569611, 0.99933106, 0.018460376, -0.0029503559;
 -0.10147773, -0.021578806, 0.99460375, 0.16844653;
 0, 0, 0, 1]
Twc:
[0.99433678, -0.031569611, -0.10147773, -0.011622768;
 0.029525936, 0.99933106, -0.021578806, 0.0057333172;
 0.10209109, 0.018460376, 0.99460375, -0.1704219;
 0, 0, 0, 1]
Ow:
[0.02878622;
 -0.0029503559;
 0.16844653]
Keyframe: 38 Frame: 186 Frame from vFrameID : 187
Tcw:
[0.99540961, 0.038691219, 0.087537043, 0.04257901;
 -0.040226102, 0.9990651, 0.015837898, -0.007750229;
 -0.086842418, -0.01928647, 0.99603534, 0.18744701;
 0, 0, 0, 1]
Twc:
[0.99540961, -0.040226102, -0.086842418, -0.026416965;
 0.038691219, 0.9990651, -0.01928647, 0.0097107403;
 0.087537043, 0.015837898, 0.99603534, -0.19030835;
 0, 0, 0, 1]
Ow:
[0.04257901;
 -0.007750229;
 0.18744701]
Keyframe: 39 Frame: 190 Frame from vFrameID : 191
Tcw:
[0.9977417, 0.034076836, 0.057881892, 0.049908545;
 -0.033408549, 0.9993639, -0.012474657, -0.009152039;
 -0.058270171, 0.010512735, 0.99824548, 0.21007809;
 0, 0, 0, 1]
Twc:
[0.9977417, -0.033408549, -0.058270171, -0.037860304;
 0.034076836, 0.9993639, 0.010512735, 0.0052369973;
 0.057881892, -0.012474657, 0.99824548, -0.21271248;
 0, 0, 0, 1]
Ow:
[0.049908545;
 -0.009152039;
 0.21007809]
Keyframe: 40 Frame: 194 Frame from vFrameID : 195
Tcw:
[0.99666804, 0.047203351, 0.06651783, 0.06946785;
 -0.044108167, 0.99790847, -0.047256812, -0.0078175468;
 -0.068609379, 0.044165377, 0.99666554, 0.24034019;
 0, 0, 0, 1]
Twc:
[0.99666804, -0.044108167, -0.068609379, -0.053091612;
 0.047203351, 0.99790847, 0.044165377, -0.0060926341;
 0.06651783, -0.047256812, 0.99666554, -0.24452907;
 0, 0, 0, 1]
Ow:
[0.06946785;
 -0.0078175468;
 0.24034019]
Keyframe: 41 Frame: 199 Frame from vFrameID : 200
Tcw:
[0.99767733, -0.0080917506, 0.067635074, 0.083251506;
 0.0066666249, 0.99975157, 0.021270027, -0.0074343872;
 -0.067790382, -0.020769726, 0.99748337, 0.28349042;
 0, 0, 0, 1]
Twc:
[0.99767733, 0.0066666249, -0.067790382, -0.063790649;
 -0.0080917506, 0.99975157, -0.020769726, 0.013994209;
 0.067635074, 0.021270027, 0.99748337, -0.28824958;
 0, 0, 0, 1]
Ow:
[0.083251506;
 -0.0074343872;
 0.28349042]
Keyframe: 42 Frame: 203 Frame from vFrameID : 204
Tcw:
[0.99444658, 0.019554347, 0.10341002, 0.097648025;
 -0.016172586, 0.99930984, -0.033440456, -0.0054807919;
 -0.10399256, 0.031582341, 0.99407649, 0.318073;
 0, 0, 0, 1]
Twc:
[0.99444658, -0.016172586, -0.10399256, -0.064117156;
 0.019554347, 0.99930984, 0.031582341, -0.0064779231;
 0.10341002, -0.033440456, 0.99407649, -0.32646996;
 0, 0, 0, 1]
Ow:
[0.097648025;
 -0.0054807919;
 0.318073]
Keyframe: 43 Frame: 206 Frame from vFrameID : 207
Tcw:
[0.9918533, 0.016960222, 0.12625121, 0.10363065;
 -0.014240122, 0.99964732, -0.022416634, -0.0062107136;
 -0.12658687, 0.020436181, 0.991745, 0.34468839;
 0, 0, 0, 1]
Twc:
[0.9918533, -0.014240122, -0.12658687, -0.059241824;
 0.016960222, 0.99964732, 0.020436181, -0.0025931888;
 0.12625121, -0.022416634, 0.991745, -0.35506567;
 0, 0, 0, 1]
Ow:
[0.10363065;
 -0.0062107136;
 0.34468839]
Keyframe: 44 Frame: 210 Frame from vFrameID : 211
Tcw:
[0.98850042, 0.020805497, 0.14977995, 0.1174046;
 -0.018681031, 0.99970412, -0.015577082, -0.0091525;
 -0.15005973, 0.012599908, 0.98859662, 0.3771328;
 0, 0, 0, 1]
Twc:
[0.98850042, -0.018681031, -0.15005973, -0.059633031;
 0.020805497, 0.99970412, 0.012599908, 0.0019552929;
 0.14977995, -0.015577082, 0.98859662, -0.39055964;
 0, 0, 0, 1]
Ow:
[0.1174046;
 -0.0091525;
 0.3771328]
Keyframe: 45 Frame: 214 Frame from vFrameID : 215
Tcw:
[0.9902634, 0.020303933, 0.13771768, 0.12722871;
 -0.016570969, 0.99946499, -0.028198607, -0.0067480491;
 -0.13821654, 0.025641933, 0.99007004, 0.41113883;
 0, 0, 0, 1]
Twc:
[0.9902634, -0.016570969, -0.13821654, -0.069275558;
 0.020303933, 0.99946499, 0.025641933, -0.0063811983;
 0.13771768, -0.028198607, 0.99007004, -0.42476815;
 0, 0, 0, 1]
Ow:
[0.12722871;
 -0.0067480491;
 0.41113883]
Keyframe: 46 Frame: 219 Frame from vFrameID : 220
Tcw:
[0.99502873, 0.042653017, 0.089991644, 0.14304098;
 -0.041205958, 0.99899071, -0.017877815, -0.0080074035;
 -0.090663359, 0.014080749, 0.99578208, 0.44465894;
 0, 0, 0, 1]
Twc:
[0.99502873, -0.041205958, -0.090663359, -0.10234557;
 0.042653017, 0.99899071, 0.014080749, -0.004362938;
 0.089991644, -0.017877815, 0.99578208, -0.45579901;
 0, 0, 0, 1]
Ow:
[0.14304098;
 -0.0080074035;
 0.44465894]
Keyframe: 47 Frame: 224 Frame from vFrameID : 225
Tcw:
[0.99663126, 0.051148646, 0.064109035, 0.16158783;
 -0.049650669, 0.99846005, -0.024746437, -0.016883969;
 -0.065276057, 0.021480015, 0.99763602, 0.48909524;
 0, 0, 0, 1]
Twc:
[0.99663126, -0.049650669, -0.065276057, -0.12995557;
 0.051148646, 0.99846005, 0.021480015, -0.0019128041;
 0.064109035, -0.024746437, 0.99763602, -0.49871609;
 0, 0, 0, 1]
Ow:
[0.16158783;
 -0.016883969;
 0.48909524]
Keyframe: 48 Frame: 229 Frame from vFrameID : 230
Tcw:
[0.99606758, 0.048708163, 0.074005701, 0.17680392;
 -0.046490442, 0.99842507, -0.031400673, -0.016601872;
 -0.075418614, 0.027836636, 0.99676335, 0.52894676;
 0, 0, 0, 1]
Twc:
[0.99606758, -0.046490442, -0.075418614, -0.13698806;
 0.048708163, 0.99842507, 0.027836636, -0.0067601688;
 0.074005701, -0.031400673, 0.99676335, -0.54084057;
 0, 0, 0, 1]
Ow:
[0.17680392;
 -0.016601872;
 0.52894676]
Keyframe: 49 Frame: 232 Frame from vFrameID : 233
Tcw:
[0.99688488, 0.023741469, 0.07521183, 0.18306781;
 -0.022786988, 0.99964887, -0.013523523, -0.014096458;
 -0.075506486, 0.011767545, 0.99707586, 0.56322664;
 0, 0, 0, 1]
Twc:
[0.99688488, -0.022786988, -0.075506486, -0.1402915;
 0.023741469, 0.99964887, 0.011767545, 0.0031174142;
 0.07521183, -0.013523523, 0.99707586, -0.57553917;
 0, 0, 0, 1]
Ow:
[0.18306781;
 -0.014096458;
 0.56322664]
Keyframe: 50 Frame: 236 Frame from vFrameID : 237
Tcw:
[0.99565494, 0.014085106, 0.092047997, 0.19031996;
 -0.012882248, 0.99982387, -0.013648859, -0.016558625;
 -0.092224032, 0.012403769, 0.99566102, 0.59460127;
 0, 0, 0, 1]
Twc:
[0.99565494, -0.012882248, -0.092224032, -0.13486978;
 0.014085106, 0.99982387, 0.012403769, 0.0064997342;
 0.092047997, -0.013648859, 0.99566102, -0.60976595;
 0, 0, 0, 1]
Ow:
[0.19031996;
 -0.016558625;
 0.59460127]
Keyframe: 51 Frame: 240 Frame from vFrameID : 241
Tcw:
[0.99619889, 0.014640279, 0.085868843, 0.20031838;
 -0.013757624, 0.99984634, -0.010861921, -0.016369881;
 -0.086014673, 0.0096392818, 0.99624723, 0.62762594;
 0, 0, 0, 1]
Twc:
[0.99619889, -0.013757624, -0.086014673, -0.1457971;
 0.014640279, 0.99984634, 0.0096392818, 0.0073847859;
 0.085868843, -0.010861921, 0.99624723, -0.64264953;
 0, 0, 0, 1]
Ow:
[0.20031838;
 -0.016369881;
 0.62762594]
Keyframe: 52 Frame: 245 Frame from vFrameID : 246
Tcw:
[0.99820811, 0.023854688, 0.054877941, 0.21629684;
 -0.023416238, 0.99968863, -0.0086188018, -0.010443022;
 -0.055066451, 0.0073183221, 0.99845588, 0.66925907;
 0, 0, 0, 1]
Twc:
[0.99820811, -0.023416238, -0.055066451, -0.17930005;
 0.023854688, 0.99968863, 0.0073183221, 0.00038222369;
 0.054877941, -0.0086188018, 0.99845588, -0.68018556;
 0, 0, 0, 1]
Ow:
[0.21629684;
 -0.010443022;
 0.66925907]
Keyframe: 53 Frame: 248 Frame from vFrameID : 249
Tcw:
[0.99972063, 0.013206855, 0.019602973, 0.22728151;
 -0.013013382, 0.99986565, -0.0099645425, -0.0090056825;
 -0.019731939, 0.0097066574, 0.99975818, 0.69622737;
 0, 0, 0, 1]
Twc:
[0.99972063, -0.013013382, -0.019731939, -0.2135973;
 0.013206855, 0.99986565, 0.0097066574, -0.00075524172;
 0.019602973, -0.0099645425, 0.99975818, -0.70060414;
 0, 0, 0, 1]
Ow:
[0.22728151;
 -0.0090056825;
 0.69622737]
Keyframe: 54 Frame: 253 Frame from vFrameID : 254
Tcw:
[0.99905789, 0.04337633, -0.0013450035, 0.244265;
 -0.04337173, 0.99905366, 0.003277448, -0.010702576;
 0.0014858942, -0.0032160252, 0.99999374, 0.73680049;
 0, 0, 0, 1]
Twc:
[0.99905789, -0.04337173, 0.0014858942, -0.24559388;
 0.04337633, 0.99905366, -0.0032160252, 0.002466697;
 -0.0013450035, 0.003277448, 0.99999374, -0.73643219;
 0, 0, 0, 1]
Ow:
[0.244265;
 -0.010702576;
 0.73680049]
Keyframe: 55 Frame: 258 Frame from vFrameID : 259
Tcw:
[0.99931902, 0.035331383, -0.010639664, 0.26445115;
 -0.035419203, 0.99933904, -0.0081817526, -0.010173697;
 0.010343558, 0.008553029, 0.99990994, 0.78441525;
 0, 0, 0, 1]
Twc:
[0.99931902, -0.035419203, 0.010343558, -0.27274504;
 0.035331383, 0.99933904, 0.008553029, -0.0058855792;
 -0.010639664, -0.0081817526, 0.99990994, -0.78161412;
 0, 0, 0, 1]
Ow:
[0.26445115;
 -0.010173697;
 0.78441525]
Keyframe: 56 Frame: 263 Frame from vFrameID : 264
Tcw:
[0.99941552, 0.029039545, 0.018037587, 0.28616849;
 -0.028640272, 0.99934739, -0.022012901, -0.0080712372;
 -0.018665059, 0.021483434, 0.99959499, 0.83508247;
 0, 0, 0, 1]
Twc:
[0.99941552, -0.028640272, -0.018665059, -0.27064553;
 0.029039545, 0.99934739, 0.021483434, -0.018184669;
 0.018037587, -0.022012901, 0.99959499, -0.84008366;
 0, 0, 0, 1]
Ow:
[0.28616849;
 -0.0080712372;
 0.83508247]
Keyframe: 57 Frame: 267 Frame from vFrameID : 268
Tcw:
[0.99877167, 0.022626368, 0.044082094, 0.29365197;
 -0.021262415, 0.99928796, -0.031168228, -0.0090575963;
 -0.044755928, 0.030192651, 0.99854159, 0.8799516;
 0, 0, 0, 1]
Twc:
[0.99877167, -0.021262415, -0.044755928, -0.25410077;
 0.022626368, 0.99928796, 0.030192651, -0.024161201;
 0.044082094, -0.031168228, 0.99854159, -0.89189535;
 0, 0, 0, 1]
Ow:
[0.29365197;
 -0.0090575963;
 0.8799516]
Keyframe: 58 Frame: 270 Frame from vFrameID : 271
Tcw:
[0.99852949, 0.020928347, 0.050008539, 0.3014009;
 -0.020351999, 0.99972075, -0.012006608, -0.0088791717;
 -0.050245855, 0.010971178, 0.9986766, 0.90696609;
 0, 0, 0, 1]
Twc:
[0.99852949, -0.020351999, -0.050245855, -0.2555671;
 0.020928347, 0.99972075, 0.010971178, -0.007381619;
 0.050008539, -0.012006608, 0.9986766, -0.92094511;
 0, 0, 0, 1]
Ow:
[0.3014009;
 -0.0088791717;
 0.90696609]
Keyframe: 59 Frame: 273 Frame from vFrameID : 274
Tcw:
[0.99905419, 0.017873339, 0.039638903, 0.3086729;
 -0.017345371, 0.99975675, -0.013623632, -0.0071766488;
 -0.039872762, 0.012923195, 0.99912119, 0.93504536;
 0, 0, 0, 1]
Twc:
[0.99905419, -0.017345371, -0.039872762, -0.27122262;
 0.017873339, 0.99975675, 0.012923195, -0.010425886;
 0.039638903, -0.013623632, 0.99912119, -0.94655687;
 0, 0, 0, 1]
Ow:
[0.3086729;
 -0.0071766488;
 0.93504536]
Keyframe: 60 Frame: 276 Frame from vFrameID : 277
Tcw:
[0.99950045, 0.019483777, 0.024884505, 0.3181895;
 -0.019180501, 0.99973953, -0.012368457, -0.0061357724;
 -0.025119008, 0.011884982, 0.99961382, 0.96376467;
 0, 0, 0, 1]
Twc:
[0.99950045, -0.019180501, -0.025119008, -0.29393941;
 0.019483777, 0.99973953, 0.011884982, -0.011519684;
 0.024884505, -0.012368457, 0.99961382, -0.97138637;
 0, 0, 0, 1]
Ow:
[0.3181895;
 -0.0061357724;
 0.96376467]
Keyframe: 61 Frame: 279 Frame from vFrameID : 280
Tcw:
[0.99932086, 0.032255448, -0.017814994, 0.33718973;
 -0.032619867, 0.99925637, -0.020558704, -0.010509937;
 0.017138615, 0.021125864, 0.99962991, 0.99882179;
 0, 0, 0, 1]
Twc:
[0.99932086, -0.032619867, 0.017138615, -0.354422;
 0.032255448, 0.99925637, 0.021125864, -0.02147506;
 -0.017814994, -0.020558704, 0.99962991, -0.99266118;
 0, 0, 0, 1]
Ow:
[0.33718973;
 -0.010509937;
 0.99882179]
Keyframe: 62 Frame: 282 Frame from vFrameID : 283
Tcw:
[0.99879342, 0.031320926, -0.037823889, 0.34658587;
 -0.031327296, 0.9995091, 0.00042441403, -0.019435395;
 0.037818614, 0.00076101825, 0.99928433, 1.0247673;
 0, 0, 0, 1]
Twc:
[0.99879342, -0.031327296, 0.037818614, -0.38553187;
 0.031320926, 0.9995091, 0.00076101825, 0.0077905953;
 -0.037823889, 0.00042441403, 0.99928433, -1.0109164;
 0, 0, 0, 1]
Ow:
[0.34658587;
 -0.019435395;
 1.0247673]
Keyframe: 63 Frame: 285 Frame from vFrameID : 286
Tcw:
[0.99860364, 0.029849274, -0.043586671, 0.35777494;
 -0.030111728, 0.9995321, -0.0053772172, -0.022623714;
 0.043405768, 0.0066821785, 0.99903518, 1.0496368;
 0, 0, 0, 1]
Twc:
[0.99860364, -0.030111728, 0.043405768, -0.40351689;
 0.029849274, 0.9995321, 0.0066821785, 0.0049199439;
 -0.043586671, -0.0053772172, 0.99903518, -1.0331516;
 0, 0, 0, 1]
Ow:
[0.35777494;
 -0.022623714;
 1.0496368]
Keyframe: 64 Frame: 288 Frame from vFrameID : 289
Tcw:
[0.9984203, 0.04129523, -0.038099941, 0.36914146;
 -0.041669987, 0.99909002, -0.00909469, -0.0250438;
 0.037689704, 0.010667947, 0.99923253, 1.0780042;
 0, 0, 0, 1]
Twc:
[0.9984203, -0.041669987, 0.037689704, -0.41023159;
 0.04129523, 0.99909002, 0.010667947, -0.0017228647;
 -0.038099941, -0.00909469, 0.99923253, -1.0633404;
 0, 0, 0, 1]
Ow:
[0.36914146;
 -0.0250438;
 1.0780042]
Keyframe: 65 Frame: 291 Frame from vFrameID : 292
Tcw:
[0.99839753, 0.052276634, -0.021667438, 0.38048851;
 -0.052867997, 0.9982177, -0.027682887, -0.022175496;
 0.020181652, 0.028784042, 0.9993819, 1.1083882;
 0, 0, 0, 1]
Twc:
[0.99839753, -0.052867997, 0.020181652, -0.4034203;
 0.052276634, 0.9982177, 0.028784042, -0.029658576;
 -0.021667438, -0.027682887, 0.9993819, -1.1000727;
 0, 0, 0, 1]
Ow:
[0.38048851;
 -0.022175496;
 1.1083882]
Keyframe: 66 Frame: 294 Frame from vFrameID : 295
Tcw:
[0.99814194, 0.060918599, -0.0012485299, 0.39477655;
 -0.060931392, 0.99793351, -0.020398369, -0.018400788;
 3.309719e-06, 0.020436544, 0.99979115, 1.1445035;
 0, 0, 0, 1]
Twc:
[0.99814194, -0.060931392, 3.309719e-06, -0.39516804;
 0.060918599, 0.99793351, 0.020436544, -0.029076166;
 -0.0012485299, -0.020398369, 0.99979115, -1.1441469;
 0, 0, 0, 1]
Ow:
[0.39477655;
 -0.018400788;
 1.1445035]
Keyframe: 67 Frame: 297 Frame from vFrameID : 298
Tcw:
[0.99822432, 0.059398167, 0.0044789868, 0.40098572;
 -0.059244048, 0.99782187, -0.029011158, -0.018953048;
 -0.0061924406, 0.028694291, 0.99956906, 1.162588;
 0, 0, 0, 1]
Twc:
[0.99822432, -0.059244048, -0.0061924406, -0.39419731;
 0.059398167, 0.99782187, 0.028694291, -0.038265686;
 0.0044789868, -0.029011158, 0.99956906, -1.1644328;
 0, 0, 0, 1]
Ow:
[0.40098572;
 -0.018953048;
 1.162588]
Keyframe: 68 Frame: 300 Frame from vFrameID : 301
Tcw:
[0.99896574, 0.041575659, 0.018408546, 0.40402228;
 -0.041439909, 0.99911135, -0.0076954635, -0.020394426;
 -0.018712131, 0.0069246562, 0.99980092, 1.1890171;
 0, 0, 0, 1]
Twc:
[0.99896574, -0.041439909, -0.018712131, -0.38220051;
 0.041575659, 0.99911135, 0.0069246562, -0.0046547242;
 0.018408546, -0.0076954635, 0.99980092, -1.1963748;
 0, 0, 0, 1]
Ow:
[0.40402228;
 -0.020394426;
 1.1890171]
Keyframe: 69 Frame: 304 Frame from vFrameID : 305
Tcw:
[0.99969321, 0.021190891, 0.012821698, 0.41355139;
 -0.020977119, 0.99964243, -0.01658364, -0.015968308;
 -0.013168535, 0.016309589, 0.9997803, 1.2341131;
 0, 0, 0, 1]
Twc:
[0.99969321, -0.020977119, -0.013168535, -0.39750805;
 0.021190891, 0.99964243, 0.016309589, -0.012928804;
 0.012821698, -0.01658364, 0.9997803, -1.2394091;
 0, 0, 0, 1]
Ow:
[0.41355139;
 -0.015968308;
 1.2341131]
Keyframe: 70 Frame: 307 Frame from vFrameID : 308
Tcw:
[0.99957806, 0.028926641, -0.0026460839, 0.42412946;
 -0.028978361, 0.9993332, -0.022213787, -0.013398857;
 0.0020017494, 0.022281094, 0.99974972, 1.2603797;
 0, 0, 0, 1]
Twc:
[0.99957806, -0.028978361, 0.0020017494, -0.42686173;
 0.028926641, 0.9993332, 0.022281094, -0.026961356;
 -0.0026460839, -0.022213787, 0.99974972, -1.2592397;
 0, 0, 0, 1]
Ow:
[0.42412946;
 -0.013398857;
 1.2603797]
Keyframe: 71 Frame: 310 Frame from vFrameID : 311
Tcw:
[0.99865896, 0.049141385, -0.016289793, 0.44098657;
 -0.049726553, 0.99805075, -0.037709165, -0.0117204;
 0.01440496, 0.038468633, 0.999156, 1.2845558;
 0, 0, 0, 1]
Twc:
[0.99865896, -0.049726553, 0.01440496, -0.45948201;
 0.049141385, 0.99805075, 0.038468633, -0.059388239;
 -0.016289793, -0.037709165, 0.999156, -1.2767299;
 0, 0, 0, 1]
Ow:
[0.44098657;
 -0.0117204;
 1.2845558]
Keyframe: 72 Frame: 313 Frame from vFrameID : 314
Tcw:
[0.99837363, 0.040824145, -0.039793551, 0.44801018;
 -0.041002266, 0.9991523, -0.0036699413, -0.014144119;
 0.039609995, 0.0052955984, 0.99920118, 1.3158268;
 0, 0, 0, 1]
Twc:
[0.99837363, -0.041002266, 0.039609995, -0.49998137;
 0.040824145, 0.9991523, 0.0052955984, -0.011125595;
 -0.039793551, -0.0036699413, 0.99920118, -1.2969997;
 0, 0, 0, 1]
Ow:
[0.44801018;
 -0.014144119;
 1.3158268]
Keyframe: 73 Frame: 316 Frame from vFrameID : 317
Tcw:
[0.99790722, 0.051944923, -0.038507774, 0.45643225;
 -0.052576844, 0.99849528, -0.015582673, -0.016336441;
 0.037640389, 0.017574679, 0.99913681, 1.3308213;
 0, 0, 0, 1]
Twc:
[0.99790722, -0.052576844, 0.037640389, -0.5064286;
 0.051944923, 0.99849528, 0.017574679, -0.030786235;
 -0.038507774, -0.015582673, 0.99913681, -1.3123509;
 0, 0, 0, 1]
Ow:
[0.45643225;
 -0.016336441;
 1.3308213]
Keyframe: 74 Frame: 319 Frame from vFrameID : 320
Tcw:
[0.99807942, 0.050331295, -0.03611375, 0.46481273;
 -0.050915651, 0.9985835, -0.015447454, -0.013277512;
 0.035285104, 0.017256541, 0.9992283, 1.3553663;
 0, 0, 0, 1]
Twc:
[0.99807942, -0.050915651, 0.035285104, -0.5124203;
 0.050331295, 0.9985835, 0.017256541, -0.033524852;
 -0.03611375, -0.015447454, 0.9992283, -1.3377393;
 0, 0, 0, 1]
Ow:
[0.46481273;
 -0.013277512;
 1.3553663]
Keyframe: 75 Frame: 323 Frame from vFrameID : 324
Tcw:
[0.99892294, 0.043575976, -0.015940184, 0.48160186;
 -0.043852877, 0.99888551, -0.017454786, -0.010113264;
 0.015161809, 0.018135009, 0.99972057, 1.4035021;
 0, 0, 0, 1]
Twc:
[0.99892294, -0.043852877, 0.015161809, -0.50280631;
 0.043575976, 0.99888551, 0.018135009, -0.036336806;
 -0.015940184, -0.017454786, 0.99972057, -1.3956096;
 0, 0, 0, 1]
Ow:
[0.48160186;
 -0.010113264;
 1.4035021]
Keyframe: 76 Frame: 327 Frame from vFrameID : 328
Tcw:
[0.99913788, 0.04092104, 0.0070007239, 0.49317735;
 -0.040672988, 0.9986434, -0.032512002, -0.0086064115;
 -0.0083216522, 0.032199234, 0.99944681, 1.4407247;
 0, 0, 0, 1]
Twc:
[0.99913788, -0.040672988, -0.0083216522, -0.48111302;
 0.04092104, 0.9986434, 0.032199234, -0.057976827;
 0.0070007239, -0.032512002, 0.99944681, -1.4436601;
 0, 0, 0, 1]
Ow:
[0.49317735;
 -0.0086064115;
 1.4407247]
Keyframe: 77 Frame: 330 Frame from vFrameID : 331
Tcw:
[0.9995687, 0.02249065, 0.018882496, 0.50124627;
 -0.022368513, 0.99972767, -0.0066548316, -0.0080526378;
 -0.019027026, 0.0062295883, 0.99979955, 1.4689463;
 0, 0, 0, 1]
Twc:
[0.9995687, -0.022368513, -0.019027026, -0.47326052;
 0.02249065, 0.99972767, 0.0062295883, -0.012373841;
 0.018882496, -0.0066548316, 0.99979955, -1.4781704;
 0, 0, 0, 1]
Ow:
[0.50124627;
 -0.0080526378;
 1.4689463]
Keyframe: 78 Frame: 334 Frame from vFrameID : 335
Tcw:
[0.99917287, 0.025029445, 0.032048825, 0.51149285;
 -0.024567218, 0.99958956, -0.014736115, -0.0032295119;
 -0.032404508, 0.013936576, 0.99937767, 1.505339;
 0, 0, 0, 1]
Twc:
[0.99917287, -0.024567218, -0.032404508, -0.46236935;
 0.025029445, 0.99958956, 0.013936576, -0.030553469;
 0.032048825, -0.014736115, 0.99937767, -1.5208426;
 0, 0, 0, 1]
Ow:
[0.51149285;
 -0.0032295119;
 1.505339]
Keyframe: 79 Frame: 338 Frame from vFrameID : 339
Tcw:
[0.99953979, 0.028257264, 0.011031969, 0.52965045;
 -0.027963033, 0.99927151, -0.025971357, -0.0016670786;
 -0.011757812, 0.025650918, 0.99960184, 1.5450729;
 0, 0, 0, 1]
Twc:
[0.99953979, -0.027963033, -0.011757812, -0.51128668;
 0.028257264, 0.99927151, 0.025650918, -0.052933142;
 0.011031969, -0.025971357, 0.99960184, -1.550344;
 0, 0, 0, 1]
Ow:
[0.52965045;
 -0.0016670786;
 1.5450729]
Keyframe: 80 Frame: 342 Frame from vFrameID : 343
Tcw:
[0.99861813, 0.049308207, -0.018180553, 0.55428159;
 -0.049435727, 0.99875528, -0.0066322633, -0.0068605291;
 0.017830897, 0.0075218668, 0.99981272, 1.5886974;
 0, 0, 0, 1]
Twc:
[0.99861813, -0.049435727, 0.017830897, -0.58218265;
 0.049308207, 0.99875528, 0.0075218668, -0.032428611;
 -0.018180553, -0.0066322633, 0.99981272, -1.5783683;
 0, 0, 0, 1]
Ow:
[0.55428159;
 -0.0068605291;
 1.5886974]
Keyframe: 81 Frame: 345 Frame from vFrameID : 346
Tcw:
[0.99877405, 0.041870773, -0.026404787, 0.56660032;
 -0.041837778, 0.9991228, 0.0018010237, -0.011455524;
 0.026457034, -0.00069409813, 0.9996497, 1.6167506;
 0, 0, 0, 1]
Twc:
[0.99877405, -0.041837778, 0.026457034, -0.60915941;
 0.041870773, 0.9991228, -0.00069409813, -0.011156335;
 -0.026404787, 0.0018010237, 0.9996497, -1.6012027;
 0, 0, 0, 1]
Ow:
[0.56660032;
 -0.011455524;
 1.6167506]
Keyframe: 82 Frame: 348 Frame from vFrameID : 349
Tcw:
[0.99853963, 0.043878067, -0.03151742, 0.57715631;
 -0.043798309, 0.99903524, 0.0032168855, -0.0095572174;
 0.031628165, -0.0018317779, 0.99949801, 1.6447638;
 0, 0, 0, 1]
Twc:
[0.99853963, -0.043798309, 0.031628165, -0.62875289;
 0.043878067, 0.99903524, -0.0018317779, -0.012763664;
 -0.03151742, 0.0032168855, 0.99949801, -1.625717;
 0, 0, 0, 1]
Ow:
[0.57715631;
 -0.0095572174;
 1.6447638]
Keyframe: 83 Frame: 352 Frame from vFrameID : 353
Tcw:
[0.99907333, 0.037450403, -0.021212656, 0.58791578;
 -0.037714355, 0.99921429, -0.012182741, -0.0074981321;
 0.02073974, 0.012971474, 0.99970078, 1.690155;
 0, 0, 0, 1]
Twc:
[0.99907333, -0.037714355, 0.02073974, -0.62270707;
 0.037450403, 0.99921429, 0.012971474, -0.036449242;
 -0.021212656, -0.012182741, 0.99970078, -1.6772693;
 0, 0, 0, 1]
Ow:
[0.58791578;
 -0.0074981321;
 1.690155]
Keyframe: 84 Frame: 356 Frame from vFrameID : 357
Tcw:
[0.99927193, 0.037903506, 0.0043505193, 0.60773319;
 -0.03775942, 0.99885297, -0.029445074, -0.0094032213;
 -0.0054616006, 0.029259363, 0.99955696, 1.7382812;
 0, 0, 0, 1]
Twc:
[0.99927193, -0.03775942, -0.0054616006, -0.59815198;
 0.037903506, 0.99885297, 0.029259363, -0.064503774;
 0.0043505193, -0.029445074, 0.99955696, -1.7404318;
 0, 0, 0, 1]
Ow:
[0.60773319;
 -0.0094032213;
 1.7382812]
Keyframe: 85 Frame: 360 Frame from vFrameID : 361
Tcw:
[0.99891198, 0.03417315, 0.031734586, 0.62068027;
 -0.033857916, 0.99937236, -0.010418412, -0.012954095;
 -0.032070696, 0.0093326103, 0.99944204, 1.7757397;
 0, 0, 0, 1]
Twc:
[0.99891198, -0.033857916, -0.032070696, -0.56349432;
 0.03417315, 0.99937236, 0.0093326103, -0.02483692;
 0.031734586, -0.010418412, 0.99944204, -1.7945809;
 0, 0, 0, 1]
Ow:
[0.62068027;
 -0.012954095;
 1.7757397]
Keyframe: 86 Frame: 364 Frame from vFrameID : 365
Tcw:
[0.99886024, 0.025030257, 0.040641397, 0.63251162;
 -0.024485273, 0.99960423, -0.013852531, -0.011835417;
 -0.040972043, 0.012841627, 0.99907774, 1.8138804;
 0, 0, 0, 1]
Twc:
[0.99886024, -0.024485273, -0.040972043, -0.55776215;
 0.025030257, 0.99960423, 0.012841627, -0.027294375;
 0.040641397, -0.013852531, 0.99907774, -1.8380778;
 0, 0, 0, 1]
Ow:
[0.63251162;
 -0.011835417;
 1.8138804]
Keyframe: 87 Frame: 368 Frame from vFrameID : 369
Tcw:
[0.99960065, 0.024192488, 0.014604369, 0.64346713;
 -0.023689775, 0.99915236, -0.033665653, -0.0062470883;
 -0.015406446, 0.033306234, 0.99932647, 1.8542929;
 0, 0, 0, 1]
Twc:
[0.99960065, -0.023689775, -0.015406446, -0.61479008;
 0.024192488, 0.99915236, 0.033306234, -0.071084782;
 0.014604369, -0.033665653, 0.99932647, -1.8626516;
 0, 0, 0, 1]
Ow:
[0.64346713;
 -0.0062470883;
 1.8542929]
Keyframe: 88 Frame: 371 Frame from vFrameID : 372
Tcw:
[0.9996236, 0.023840763, -0.013576377, 0.65532351;
 -0.024237035, 0.99926162, -0.029813029, -0.0094403736;
 0.012855587, 0.030130858, 0.99946326, 1.8816204;
 0, 0, 0, 1]
Twc:
[0.9996236, -0.024237035, 0.012855587, -0.67949492;
 0.023840763, 0.99926162, 0.030130858, -0.062884845;
 -0.013576377, -0.029813029, 0.99946326, -1.8719951;
 0, 0, 0, 1]
Ow:
[0.65532351;
 -0.0094403736;
 1.8816204]
Keyframe: 89 Frame: 375 Frame from vFrameID : 376
Tcw:
[0.99922764, 0.024062125, -0.031065688, 0.67820323;
 -0.024787141, 0.99942428, -0.023167823, -0.014868405;
 0.030490333, 0.023919959, 0.9992488, 1.925131;
 0, 0, 0, 1]
Twc:
[0.99922764, -0.024787141, 0.030490333, -0.73674589;
