Keyframe: 0 Frame: 0 Frame from vFrameID : 78
Tcw:
[1, 0, 0, 0;
 0, 1, 0, 0;
 0, 0, 1, 0;
 0, 0, 0, 1]
Twc:
[1, 0, 0, 0;
 0, 1, 0, 0;
 0, 0, 1, 0;
 0, 0, 0, 1]
Ow:
[0;
 0;
 0]
Keyframe: 1 Frame: 77 Frame from vFrameID : 78
Tcw:
[0.99939239, 0.011217451, 0.033000033, 0.039352879;
 -0.012684907, 0.99892437, 0.044600427, -0.0072470615;
 -0.032464232, -0.044991929, 0.9984597, 0.046441574;
 0, 0, 0, 1]
Twc:
[0.99939239, -0.012684907, -0.032464232, -0.037913207;
 0.011217451, 0.99892437, -0.044991929, 0.0088873226;
 0.033000033, 0.044600427, 0.9984597, -0.047345467;
 0, 0, 0, 1]
Ow:
[0.039352879;
 -0.0072470615;
 0.046441574]
Keyframe: 2 Frame: 79 Frame from vFrameID : 80
Tcw:
[0.99937296, 0.0019154453, 0.035355873, 0.037817501;
 -0.0033230835, 0.99920225, 0.039797705, -0.0097566843;
 -0.035251435, -0.039890241, 0.99858207, 0.051211976;
 0, 0, 0, 1]
Twc:
[0.99937296, -0.0033230835, -0.035251435, -0.036020916;
 0.0019154453, 0.99920225, -0.039890241, 0.011719321;
 0.035355873, 0.039797705, 0.99858207, -0.052088134;
 0, 0, 0, 1]
Ow:
[0.037817501;
 -0.0097566843;
 0.051211976]
Keyframe: 3 Frame: 81 Frame from vFrameID : 82
Tcw:
[0.99894071, 0.0073908744, 0.045418028, 0.037468709;
 -0.0086355517, 0.99959081, 0.027270099, -0.011240556;
 -0.045197893, -0.027633421, 0.99859577, 0.056477774;
 0, 0, 0, 1]
Twc:
[0.99894071, -0.0086355517, -0.045197893, -0.034973413;
 0.0073908744, 0.99959081, -0.027633421, 0.012519704;
 0.045418028, 0.027270099, 0.99859577, -0.057793692;
 0, 0, 0, 1]
Ow:
[0.037468709;
 -0.011240556;
 0.056477774]
Keyframe: 4 Frame: 83 Frame from vFrameID : 84
Tcw:
[0.99870086, 0.0084084431, 0.050258756, 0.039864294;
 -0.0095835002, 0.99968523, 0.023185078, -0.011980273;
 -0.050047986, -0.023636613, 0.99846709, 0.057941984;
 0, 0, 0, 1]
Twc:
[0.99870086, -0.0095835002, -0.050047986, -0.037027437;
 0.0084084431, 0.99968523, -0.023636613, 0.013010858;
 0.050258756, 0.023185078, 0.99846709, -0.059578929;
 0, 0, 0, 1]
Ow:
[0.039864294;
 -0.011980273;
 0.057941984]
Keyframe: 5 Frame: 85 Frame from vFrameID : 86
Tcw:
[0.99785703, 0.0056078644, 0.065191008, 0.040523201;
 -0.0068594003, 0.99979615, 0.018990038, -0.010624192;
 -0.065071225, -0.019396514, 0.99769211, 0.060479131;
 0, 0, 0, 1]
Twc:
[0.99785703, -0.0068594003, -0.065071225, -0.03657379;
 0.0056078644, 0.99979615, -0.019396514, 0.011567862;
 0.065191008, 0.018990038, 0.99769211, -0.062779546;
 0, 0, 0, 1]
Ow:
[0.040523201;
 -0.010624192;
 0.060479131]
Keyframe: 6 Frame: 87 Frame from vFrameID : 88
Tcw:
[0.99668348, 0.0088822106, 0.080889985, 0.042939346;
 -0.010442945, 0.99976701, 0.018891949, -0.010937444;
 -0.080703333, -0.019674024, 0.996544, 0.062750593;
 0, 0, 0, 1]
Twc:
[0.99668348, -0.010442945, -0.080703333, -0.037846971;
 0.0088822106, 0.99976701, -0.019674024, 0.011788055;
 0.080889985, 0.018891949, 0.996544, -0.065800458;
 0, 0, 0, 1]
Ow:
[0.042939346;
 -0.010937444;
 0.062750593]
Keyframe: 7 Frame: 89 Frame from vFrameID : 90
Tcw:
[0.99504375, 0.017031411, 0.09796875, 0.044776153;
 -0.018728781, 0.99968958, 0.016432106, -0.011040825;
 -0.097658478, -0.0181855, 0.99505383, 0.06417153;
 0, 0, 0, 1]
Twc:
[0.99504375, -0.018728781, -0.097658478, -0.038494118;
 0.017031411, 0.99968958, -0.0181855, 0.011441789;
 0.09796875, 0.016432106, 0.99505383, -0.068059362;
 0, 0, 0, 1]
Ow:
[0.044776153;
 -0.011040825;
 0.06417153]
Keyframe: 8 Frame: 91 Frame from vFrameID : 92
Tcw:
[0.99335819, 0.014937497, 0.11408935, 0.049210731;
 -0.017646303, 0.99958497, 0.022769889, -0.0083258031;
 -0.11370188, -0.024631912, 0.99320954, 0.065777093;
 0, 0, 0, 1]
Twc:
[0.99335819, -0.017646303, -0.11370188, -0.041551825;
 0.014937497, 0.99958497, -0.024631912, 0.0092074778;
 0.11408935, 0.022769889, 0.99320954, -0.070755273;
 0, 0, 0, 1]
Ow:
[0.049210731;
 -0.0083258031;
 0.065777093]
Keyframe: 9 Frame: 94 Frame from vFrameID : 95
Tcw:
[0.99262214, 0.019776588, 0.11962497, 0.059194438;
 -0.02373182, 0.99921471, 0.031729773, -0.008050208;
 -0.11890353, -0.034334593, 0.99231201, 0.066532955;
 0, 0, 0, 1]
Twc:
[0.99262214, -0.02373182, -0.11890353, -0.051037755;
 0.019776588, 0.99921471, -0.034334593, 0.0091576045;
 0.11962497, 0.031729773, 0.99231201, -0.07284715;
 0, 0, 0, 1]
Ow:
[0.059194438;
 -0.008050208;
 0.066532955]
Keyframe: 10 Frame: 97 Frame from vFrameID : 98
Tcw:
[0.99249417, 0.024173595, 0.11987913, 0.067184694;
 -0.028391128, 0.99903208, 0.03359912, -0.0083547719;
 -0.11895088, -0.036750432, 0.99221981, 0.066053152;
 0, 0, 0, 1]
Twc:
[0.99249417, -0.028391128, -0.11895088, -0.059060533;
 0.024173595, 0.99903208, -0.036750432, 0.009150072;
 0.11987913, 0.03359912, 0.99221981, -0.073312573;
 0, 0, 0, 1]
Ow:
[0.067184694;
 -0.0083547719;
 0.066053152]
Keyframe: 11 Frame: 100 Frame from vFrameID : 101
Tcw:
[0.99138921, 0.034853615, 0.12622465, 0.086635292;
 -0.041406974, 0.99790692, 0.04967149, -0.0085798111;
 -0.12422922, -0.05447036, 0.99075735, 0.063658431;
 0, 0, 0, 1]
Twc:
[0.99138921, -0.041406974, -0.12422922, -0.078336321;
 0.034853615, 0.99790692, -0.05447036, 0.0090097971;
 0.12622465, 0.04967149, 0.99075735, -0.073579393;
 0, 0, 0, 1]
Ow:
[0.086635292;
 -0.0085798111;
 0.063658431]
Keyframe: 12 Frame: 103 Frame from vFrameID : 104
Tcw:
[0.98923528, 0.054310851, 0.13588175, 0.09968558;
 -0.062044661, 0.996647, 0.053340662, -0.014263534;
 -0.13252917, -0.061197203, 0.98928809, 0.062254973;
 0, 0, 0, 1]
Twc:
[0.98923528, -0.062044661, -0.13252917, -0.091246873;
 0.054310851, 0.996647, -0.061197203, 0.012611529;
 0.13588175, 0.053340662, 0.98928809, -0.074372731;
 0, 0, 0, 1]
Ow:
[0.09968558;
 -0.014263534;
 0.062254973]
Keyframe: 13 Frame: 106 Frame from vFrameID : 107
Tcw:
[0.98757213, 0.052233323, 0.1482328, 0.099481642;
 -0.060209006, 0.99694097, 0.049835101, -0.016904734;
 -0.14517629, -0.058140706, 0.98769605, 0.063101754;
 0, 0, 0, 1]
Twc:
[0.98757213, -0.060209006, -0.14517629, -0.090102233;
 0.052233323, 0.99694097, -0.058140706, 0.015325547;
 0.1482328, 0.049835101, 0.98769605, -0.076229349;
 0, 0, 0, 1]
Ow:
[0.099481642;
 -0.016904734;
 0.063101754]
Keyframe: 14 Frame: 109 Frame from vFrameID : 110
Tcw:
[0.98696977, 0.044326745, 0.15467975, 0.098378822;
 -0.050743386, 0.99799681, 0.037782814, -0.017236358;
 -0.1526951, -0.045139469, 0.98724192, 0.064953178;
 0, 0, 0, 1]
Twc:
[0.98696977, -0.050743386, -0.1526951, -0.088053524;
 0.044326745, 0.99799681, -0.045139469, 0.015772967;
 0.15467975, 0.037782814, 0.98724192, -0.078690469;
 0, 0, 0, 1]
Ow:
[0.098378822;
 -0.017236358;
 0.064953178]
Keyframe: 15 Frame: 112 Frame from vFrameID : 113
Tcw:
[0.98629111, 0.038624723, 0.16043049, 0.092690967;
 -0.044976518, 0.99833375, 0.036150094, -0.019510208;
 -0.15876688, -0.042870123, 0.98638493, 0.067601286;
 0, 0, 0, 1]
Twc:
[0.98629111, -0.044976518, -0.15876688, -0.081564941;
 0.038624723, 0.99833375, -0.042870123, 0.018795611;
 0.16043049, 0.036150094, 0.98638493, -0.080846056;
 0, 0, 0, 1]
Ow:
[0.092690967;
 -0.019510208;
 0.067601286]
Keyframe: 16 Frame: 115 Frame from vFrameID : 116
Tcw:
[0.98685908, 0.031836081, 0.15841585, 0.085712202;
 -0.037830129, 0.99867225, 0.034966178, -0.020643789;
 -0.15709233, -0.040499583, 0.98675317, 0.07128685;
 0, 0, 0, 1]
Twc:
[0.98685908, -0.037830129, -0.15709233, -0.074168213;
 0.031836081, 0.99867225, -0.040499583, 0.020774726;
 0.15841585, 0.034966178, 0.98675317, -0.08319886;
 0, 0, 0, 1]
Ow:
[0.085712202;
 -0.020643789;
 0.07128685]
Keyframe: 17 Frame: 119 Frame from vFrameID : 120
Tcw:
[0.98779047, 0.011797048, 0.15534112, 0.070401326;
 -0.017121084, 0.99930936, 0.03297995, -0.022293491;
 -0.15484478, -0.035236888, 0.98731023, 0.077821627;
 0, 0, 0, 1]
Twc:
[0.98779047, -0.017121084, -0.15484478, -0.057873178;
 0.011797048, 0.99930936, -0.035236888, 0.024189759;
 0.15534112, 0.03297995, 0.98731023, -0.087035067;
 0, 0, 0, 1]
Ow:
[0.070401326;
 -0.022293491;
 0.077821627]
Keyframe: 18 Frame: 123 Frame from vFrameID : 124
Tcw:
[0.98886549, -0.0045944401, 0.14874126, 0.055933863;
 0.00065681018, 0.99964827, 0.026511321, -0.024124414;
 -0.14881076, -0.026118435, 0.98852068, 0.084633715;
 0, 0, 0, 1]
Twc:
[0.98886549, 0.00065681018, -0.14881076, -0.042700808;
 -0.0045944401, 0.99964827, -0.026118435, 0.026583415;
 0.14874126, 0.026511321, 0.98852068, -0.091342285;
 0, 0, 0, 1]
Ow:
[0.055933863;
 -0.024124414;
 0.084633715]
Keyframe: 19 Frame: 127 Frame from vFrameID : 128
Tcw:
[0.99153262, -0.0042047095, 0.1297899, 0.038909532;
 0.00095953722, 0.99968559, 0.025055686, -0.023227928;
 -0.12985446, -0.024718991, 0.99122488, 0.089816771;
 0, 0, 0, 1]
Twc:
[0.99153262, 0.00095953722, -0.12985446, -0.026894672;
 -0.0042047095, 0.99968559, -0.024718991, 0.02560441;
 0.1297899, 0.025055686, 0.99122488, -0.093496695;
 0, 0, 0, 1]
Ow:
[0.038909532;
 -0.023227928;
 0.089816771]
Keyframe: 20 Frame: 131 Frame from vFrameID : 132
Tcw:
[0.99581754, -0.0047563179, 0.091240369, 0.031746455;
 0.0035634425, 0.99990612, 0.013232442, -0.020499723;
 -0.091294743, -0.012851967, 0.99574095, 0.090761498;
 0, 0, 0, 1]
Twc:
[0.99581754, 0.0035634425, -0.091294743, -0.023254581;
 -0.0047563179, 0.99990612, -0.012851967, 0.021815257;
 0.091240369, 0.013232442, 0.99574095, -0.093000248;
 0, 0, 0, 1]
Ow:
[0.031746455;
 -0.020499723;
 0.090761498]
Keyframe: 21 Frame: 135 Frame from vFrameID : 136
Tcw:
[0.99930716, 0.0056642224, 0.036785092, 0.022229977;
 -0.0061178883, 0.99990648, 0.012232042, -0.020689398;
 -0.036712367, -0.012448614, 0.99924833, 0.092788875;
 0, 0, 0, 1]
Twc:
[0.99930716, -0.0061178883, -0.036712367, -0.01893465;
 0.0056642224, 0.99990648, -0.012448614, 0.021716639;
 0.036785092, 0.012232042, 0.99924833, -0.093283787;
 0, 0, 0, 1]
Ow:
[0.022229977;
 -0.020689398;
 0.092788875]
Keyframe: 22 Frame: 139 Frame from vFrameID : 140
Tcw:
[0.99982697, 0.012759595, -0.013534439, 0.024754765;
 -0.012508885, 0.99975157, 0.018449565, -0.019496011;
 0.013766485, -0.018277073, 0.99973816, 0.091356084;
 0, 0, 0, 1]
Twc:
[0.99982697, -0.012508885, 0.013766485, -0.026252009;
 0.012759595, 0.99975157, -0.018277073, 0.020845028;
 -0.013534439, 0.018449565, 0.99973816, -0.090637431;
 0, 0, 0, 1]
Ow:
[0.024754765;
 -0.019496011;
 0.091356084]
Keyframe: 23 Frame: 143 Frame from vFrameID : 144
Tcw:
[0.99870133, 0.0048521436, -0.050715711, 0.02434358;
 -0.0043451521, 0.9999395, 0.010102209, -0.020699585;
 0.050761662, -0.0098687215, 0.99866205, 0.091992438;
 0, 0, 0, 1]
Twc:
[0.99870133, -0.0043451521, 0.050761662, -0.029071597;
 0.0048521436, 0.9999395, -0.0098687215, 0.021488063;
 -0.050715711, 0.010102209, 0.99866205, -0.09042564;
 0, 0, 0, 1]
Ow:
[0.02434358;
 -0.020699585;
 0.091992438]
Keyframe: 24 Frame: 147 Frame from vFrameID : 148
Tcw:
[0.99779809, -0.0017317422, -0.066302069, 0.025513766;
 0.0028279913, 0.99986076, 0.01644388, -0.019674197;
 0.066264361, -0.016595174, 0.99766409, 0.094071619;
 0, 0, 0, 1]
Twc:
[0.99779809, 0.0028279913, 0.066264361, -0.031635545;
 -0.0017317422, 0.99986076, -0.016595174, 0.021276776;
 -0.066302069, 0.01644388, 0.99766409, -0.091836743;
 0, 0, 0, 1]
Ow:
[0.025513766;
 -0.019674197;
 0.094071619]
Keyframe: 25 Frame: 151 Frame from vFrameID : 152
Tcw:
[0.99920261, 0.008030246, -0.039111011, 0.025854405;
 -0.0078747291, 0.99996048, 0.0041287169, -0.017382937;
 0.03914262, -0.0038174361, 0.99922633, 0.10154505;
 0, 0, 0, 1]
Twc:
[0.99920261, -0.0078747291, 0.03914262, -0.029945416;
 0.008030246, 0.99996048, -0.0038174361, 0.017562274;
 -0.039111011, 0.0041287169, 0.99922633, -0.10038353;
 0, 0, 0, 1]
Ow:
[0.025854405;
 -0.017382937;
 0.10154505]
Keyframe: 26 Frame: 155 Frame from vFrameID : 156
Tcw:
[0.99984127, 0.013159656, -0.012012429, 0.033364847;
 -0.013270339, 0.99986976, -0.0091813495, -0.016281977;
 0.011890041, 0.0093393009, 0.99988568, 0.10735641;
 0, 0, 0, 1]
Twc:
[0.99984127, -0.013270339, 0.011890041, -0.034852087;
 0.013159656, 0.99986976, 0.0093393009, 0.014838153;
 -0.012012429, -0.0091813495, 0.99988568, -0.10709284;
 0, 0, 0, 1]
Ow:
[0.033364847;
 -0.016281977;
 0.10735641]
Keyframe: 27 Frame: 160 Frame from vFrameID : 161
Tcw:
[0.99900168, 0.00488823, 0.044404652, 0.030017417;
 -0.0063717808, 0.9994241, 0.033329949, -0.0099385139;
 -0.044216156, -0.03357961, 0.99845749, 0.11567914;
 0, 0, 0, 1]
Twc:
[0.99900168, -0.0063717808, -0.044216156, -0.024935888;
 0.00488823, 0.9994241, -0.03357961, 0.013670518;
 0.044404652, 0.033329949, 0.99845749, -0.11650237;
 0, 0, 0, 1]
Ow:
[0.030017417;
 -0.0099385139;
 0.11567914]
Keyframe: 28 Frame: 164 Frame from vFrameID : 165
Tcw:
[0.99668092, 0.0052427435, 0.081238367, 0.030713376;
 -0.0084977932, 0.99917257, 0.039774101, -0.011821262;
 -0.080962621, -0.040332437, 0.99590075, 0.125736;
 0, 0, 0, 1]
Twc:
[0.99668092, -0.0084977932, -0.080962621, -0.020531971;
 0.0052427435, 0.99917257, -0.040332437, 0.016721698;
 0.081238367, 0.039774101, 0.99590075, -0.12724552;
 0, 0, 0, 1]
Ow:
[0.030713376;
 -0.011821262;
 0.125736]
Keyframe: 29 Frame: 169 Frame from vFrameID : 170
Tcw:
[0.99263638, 0.0065393453, 0.12095568, 0.02354704;
 -0.0080863172, 0.99989164, 0.012303151, -0.0012041064;
 -0.12086211, -0.013190641, 0.99258167, 0.13201205;
 0, 0, 0, 1]
Twc:
[0.99263638, -0.0080863172, -0.12086211, -0.0074281311;
 0.0065393453, 0.99989164, -0.013190641, 0.0027913172;
 0.12095568, 0.012303151, 0.99258167, -0.13386607;
 0, 0, 0, 1]
Ow:
[0.02354704;
 -0.0012041064;
 0.13201205]
Keyframe: 30 Frame: 174 Frame from vFrameID : 175
Tcw:
[0.99175656, 0.011256398, 0.12764108, 0.021265719;
 -0.013832193, 0.99971783, 0.019311545, -8.8539906e-05;
 -0.12738769, -0.020917907, 0.9916324, 0.14543797;
 0, 0, 0, 1]
Twc:
[0.99175656, -0.013832193, -0.12738769, -0.0025646344;
 0.011256398, 0.99971783, -0.020917907, 0.0028913976;
 0.12764108, 0.019311545, 0.9916324, -0.14693367;
 0, 0, 0, 1]
Ow:
[0.021265719;
 -8.8539906e-05;
 0.14543797]
Keyframe: 31 Frame: 178 Frame from vFrameID : 179
Tcw:
[0.99290586, 0.023803769, 0.11649588, 0.028210163;
 -0.026669545, 0.99937731, 0.023102991, -0.0026361693;
 -0.1158734, -0.026045989, 0.99292243, 0.15902506;
 0, 0, 0, 1]
Twc:
[0.99290586, -0.026669545, -0.1158734, -0.0096535711;
 0.023803769, 0.99937731, -0.026045989, 0.0061049843;
 0.11649588, 0.023102991, 0.99292243, -0.161125;
 0, 0, 0, 1]
Ow:
[0.028210163;
 -0.0026361693;
 0.15902506]
Keyframe: 32 Frame: 183 Frame from vFrameID : 184
Tcw:
[0.99527067, 0.030854823, 0.09211015, 0.039831825;
 -0.03293135, 0.99923468, 0.02110949, -0.0079203956;
 -0.091388322, -0.024042968, 0.99552506, 0.18726851;
 0, 0, 0, 1]
Twc:
[0.99527067, -0.03293135, -0.091388322, -0.022790121;
 0.030854823, 0.99923468, -0.024042968, 0.011187821;
 0.09211015, 0.02110949, 0.99552506, -0.18993221;
 0, 0, 0, 1]
Ow:
[0.039831825;
 -0.0079203956;
 0.18726851]
Keyframe: 33 Frame: 188 Frame from vFrameID : 189
Tcw:
[0.99622118, 0.045765586, 0.073816113, 0.051629424;
 -0.045126934, 0.99892819, -0.010297581, -0.012184729;
 -0.074208267, 0.0069275736, 0.99721873, 0.22037974;
 0, 0, 0, 1]
Twc:
[0.99622118, -0.045126934, -0.074208267, -0.035630189;
 0.045765586, 0.99892819, 0.0069275736, 0.0082821213;
 0.073816113, -0.010297581, 0.99721873, -0.22370335;
 0, 0, 0, 1]
Ow:
[0.051629424;
 -0.012184729;
 0.22037974]
Keyframe: 34 Frame: 193 Frame from vFrameID : 194
Tcw:
[0.99784672, 0.039064821, 0.052686546, 0.079664156;
 -0.036417499, 0.99806976, -0.05030385, -0.01382376;
 -0.054549962, 0.048276819, 0.9973433, 0.25111321;
 0, 0, 0, 1]
Twc:
[0.99784672, -0.036417499, -0.054549962, -0.066297829;
 0.039064821, 0.99806976, 0.048276819, -0.0014379369;
 0.052686546, -0.05030385, 0.9973433, -0.2553387;
 0, 0, 0, 1]
Ow:
[0.079664156;
 -0.01382376;
 0.25111321]
Keyframe: 35 Frame: 198 Frame from vFrameID : 199
Tcw:
[0.99799192, -0.011792802, 0.062233552, 0.078232154;
 0.010123936, 0.99958247, 0.027063731, -0.0090288818;
 -0.062526725, -0.026379338, 0.99769461, 0.29274654;
 0, 0, 0, 1]
Twc:
[0.99799192, 0.010123936, -0.062526725, -0.059679165;
 -0.011792802, 0.99958247, -0.026379338, 0.017670147;
 0.062233552, 0.027063731, 0.99769461, -0.29669595;
 0, 0, 0, 1]
Ow:
[0.078232154;
 -0.0090288818;
 0.29274654]
Keyframe: 36 Frame: 204 Frame from vFrameID : 205
Tcw:
[0.99461079, 0.015876716, 0.10245655, 0.10735762;
 -0.012384274, 0.99932337, -0.03463361, -0.0047413697;
 -0.10293709, 0.03317811, 0.99413437, 0.35430709;
 0, 0, 0, 1]
Twc:
[0.99461079, -0.012384274, -0.10293709, -0.07036642;
 0.015876716, 0.99932337, 0.03317811, -0.008721564;
 0.10245655, -0.03463361, 0.99413437, -0.36339256;
 0, 0, 0, 1]
Ow:
[0.10735762;
 -0.0047413697;
 0.35430709]
Keyframe: 37 Frame: 210 Frame from vFrameID : 211
Tcw:
[0.98882645, 0.020568332, 0.14764565, 0.12858056;
 -0.018396035, 0.99970174, -0.016063532, -0.0075426716;
 -0.14793201, 0.013167949, 0.98890984, 0.41179001;
 0, 0, 0, 1]
Twc:
[0.98882645, -0.018396035, -0.14793201, -0.066365674;
 0.020568332, 0.99970174, 0.013167949, -0.00052669627;
 0.14764565, -0.016063532, 0.98890984, -0.42632875;
 0, 0, 0, 1]
Ow:
[0.12858056;
 -0.0075426716;
 0.41179001]
Keyframe: 38 Frame: 216 Frame from vFrameID : 217
Tcw:
[0.99407321, 0.030668717, 0.10429691, 0.15216589;
 -0.027980346, 0.99923992, -0.027142631, -0.0047254562;
 -0.10505006, 0.024063498, 0.99417573, 0.47410482;
 0, 0, 0, 1]
Twc:
[0.99407321, -0.027980346, -0.10505006, -0.10159151;
 0.030668717, 0.99923992, 0.024063498, -0.011353489;
 0.10429691, -0.027142631, 0.99417573, -0.48734221;
 0, 0, 0, 1]
Ow:
[0.15216589;
 -0.0047254562;
 0.47410482]
Keyframe: 39 Frame: 222 Frame from vFrameID : 223
Tcw:
[0.99758023, 0.032802597, 0.061299581, 0.16817762;
 -0.032263633, 0.99943173, -0.0097617516, -0.010444073;
 -0.061584957, 0.0077603837, 0.99807167, 0.52697539;
 0, 0, 0, 1]
Twc:
[0.99758023, -0.032263633, -0.061584957, -0.13565388;
 0.032802597, 0.99943173, 0.0077603837, 0.00083194411;
 0.061299581, -0.0097617516, 0.99807167, -0.5363704;
 0, 0, 0, 1]
Ow:
[0.16817762;
 -0.010444073;
 0.52697539]
Keyframe: 40 Frame: 228 Frame from vFrameID : 229
Tcw:
[0.99627233, 0.051324327, 0.069334522, 0.18453369;
 -0.049294405, 0.99831301, -0.030678656, -0.012642699;
 -0.070792116, 0.027146492, 0.99712163, 0.57165414;
 0, 0, 0, 1]
Twc:
[0.99627233, -0.049294405, -0.070792116, -0.1440004;
 0.051324327, 0.99831301, 0.027146492, -0.0123681;
 0.069334522, -0.030678656, 0.99712163, -0.58319116;
 0, 0, 0, 1]
Ow:
[0.18453369;
 -0.012642699;
 0.57165414]
Keyframe: 41 Frame: 234 Frame from vFrameID : 235
Tcw:
[0.99598688, 0.026926316, 0.085352689, 0.20059855;
 -0.025227671, 0.99946284, -0.020918176, -0.012176588;
 -0.085870095, 0.018680979, 0.99613118, 0.63296366;
 0, 0, 0, 1]
Twc:
[0.99598688, -0.025227671, -0.085870095, -0.14574806;
 0.026926316, 0.99946284, 0.018680979, -0.0050557135;
 0.085352689, -0.020918176, 0.99613118, -0.64789116;
 0, 0, 0, 1]
Ow:
[0.20059855;
 -0.012176588;
 0.63296366]
Keyframe: 42 Frame: 240 Frame from vFrameID : 241
Tcw:
[0.99630517, 0.015458601, 0.084480762, 0.22158195;
 -0.014522729, 0.99982631, -0.011681296, -0.014818762;
 -0.084646665, 0.010411244, 0.99635667, 0.69477445;
 0, 0, 0, 1]
Twc:
[0.99630517, -0.014522729, -0.084646665, -0.16216813;
 0.015458601, 0.99982631, 0.010411244, 0.0041573751;
 0.084480762, -0.011681296, 0.99635667, -0.71113563;
 0, 0, 0, 1]
Ow:
[0.22158195;
 -0.014818762;
 0.69477445]
Keyframe: 43 Frame: 246 Frame from vFrameID : 247
Tcw:
[0.99888229, 0.02174137, 0.041970458, 0.24266076;
 -0.02111057, 0.99965829, -0.015414827, -0.0069538592;
 -0.042291254, 0.014511577, 0.99899995, 0.75471473;
 0, 0, 0, 1]
Twc:
[0.99888229, -0.02111057, -0.042291254, -0.21061848;
 0.02174137, 0.99965829, 0.014511577, -0.0092763957;
 0.041970458, -0.015414827, 0.99899995, -0.76425177;
 0, 0, 0, 1]
Ow:
[0.24266076;
 -0.0069538592;
 0.75471473]
Keyframe: 44 Frame: 251 Frame from vFrameID : 252
Tcw:
[0.99954075, 0.030279187, -0.0012160739, 0.26460373;
 -0.030266561, 0.99949837, 0.0093240151, -0.0069722957;
 0.0014977874, -0.009282927, 0.99995577, 0.79804957;
 0, 0, 0, 1]
Twc:
[0.99954075, -0.030266561, 0.0014977874, -0.26588854;
 0.030279187, 0.99949837, -0.009282927, 0.0063650482;
 -0.0012160739, 0.0093240151, 0.99995577, -0.79762751;
 0, 0, 0, 1]
Ow:
[0.26460373;
 -0.0069722957;
 0.79804957]
Keyframe: 45 Frame: 257 Frame from vFrameID : 258
Tcw:
[0.99927902, 0.03667457, -0.0098205768, 0.28745905;
 -0.036758341, 0.99928814, -0.0084901201, -0.0087860096;
 0.0095022144, 0.0088449866, 0.99991572, 0.85745329;
 0, 0, 0, 1]
Twc:
[0.99927902, -0.036758341, 0.0095022144, -0.29572245;
 0.03667457, 0.99928814, 0.0088449866, -0.0093468437;
 -0.0098205768, -0.0084901201, 0.99991572, -0.85463262;
 0, 0, 0, 1]
Ow:
[0.28745905;
 -0.0087860096;
 0.85745329]
Keyframe: 46 Frame: 262 Frame from vFrameID : 263
Tcw:
[0.99956715, 0.025342532, 0.014942797, 0.30161834;
 -0.025161453, 0.99960917, -0.012184171, -0.0063630436;
 -0.015245735, 0.011802915, 0.99981409, 0.91837192;
 0, 0, 0, 1]
Twc:
[0.99956715, -0.025161453, -0.015245735, -0.28764662;
 0.025342532, 0.99960917, 0.011802915, -0.01212268;
 0.014942797, -0.012184171, 0.99981409, -0.92278576;
 0, 0, 0, 1]
Ow:
[0.30161834;
 -0.0063630436;
 0.91837192]
Keyframe: 47 Frame: 266 Frame from vFrameID : 267
Tcw:
[0.99898648, 0.025059462, 0.037390895, 0.32181093;
 -0.023692213, 0.99905014, -0.036571976, -0.0081019904;
 -0.038271856, 0.035649035, 0.9986313, 0.96694845;
 0, 0, 0, 1]
Twc:
[0.99898648, -0.023692213, -0.038271856, -0.28466979;
 0.025059462, 0.99905014, 0.035649035, -0.034440894;
 0.037390895, -0.036571976, 0.9986313, -0.97795403;
 0, 0, 0, 1]
Ow:
[0.32181093;
 -0.0081019904;
 0.96694845]
Keyframe: 48 Frame: 270 Frame from vFrameID : 271
Tcw:
[0.99858075, 0.021094607, 0.048902955, 0.33241484;
 -0.020463724, 0.99970126, -0.01336574, -0.0064697731;
 -0.049170289, 0.012346035, 0.99871409, 1.0058286;
 0, 0, 0, 1]
Twc:
[0.99858075, -0.020463724, -0.049170289, -0.28261858;
 0.021094607, 0.99970126, 0.012346035, -0.012962314;
 0.048902955, -0.01336574, 0.99871409, -1.0208777;
 0, 0, 0, 1]
Ow:
[0.33241484;
 -0.0064697731;
 1.0058286]
Keyframe: 49 Frame: 274 Frame from vFrameID : 275
Tcw:
[0.99920326, 0.02401845, 0.031874225, 0.35104367;
 -0.023661958, 0.9996537, -0.011514843, -0.0056710439;
 -0.032139756, 0.010751461, 0.99942553, 1.0480535;
 0, 0, 0, 1]
Twc:
[0.99920326, -0.023661958, -0.032139756, -0.31721395;
 0.02401845, 0.9996537, 0.010751461, -0.014030552;
 0.031874225, -0.011514843, 0.99942553, -1.058706;
 0, 0, 0, 1]
Ow:
[0.35104367;
 -0.0056710439;
 1.0480535]
Keyframe: 50 Frame: 277 Frame from vFrameID : 278
Tcw:
[0.99978828, 0.018106168, 0.0097764758, 0.3583231;
 -0.018034369, 0.9998101, -0.0073830518, -0.010412978;
 -0.009908298, 0.0072051757, 0.99992496, 1.0825605;
 0, 0, 0, 1]
Twc:
[0.99978828, -0.018034369, -0.009908298, -0.3477087;
 0.018106168, 0.9998101, 0.0072051757, -0.0038768975;
 0.0097764758, -0.0073830518, 0.99992496, -1.0860593;
 0, 0, 0, 1]
Ow:
[0.3583231;
 -0.010412978;
 1.0825605]
Keyframe: 51 Frame: 281 Frame from vFrameID : 282
Tcw:
[0.99888009, 0.039378509, -0.026227841, 0.37749279;
 -0.039656974, 0.99916148, -0.010182851, -0.011831901;
 0.025804862, 0.011211564, 0.99960411, 1.1170661;
 0, 0, 0, 1]
Twc:
[0.99888009, -0.039656974, 0.025804862, -0.40636498;
 0.039378509, 0.99916148, 0.011211564, -0.015567181;
 -0.026227841, -0.010182851, 0.99960411, -1.1068436;
 0, 0, 0, 1]
Ow:
[0.37749279;
 -0.011831901;
 1.1170661]
Keyframe: 52 Frame: 285 Frame from vFrameID : 286
Tcw:
[0.99849206, 0.030185647, -0.045852821, 0.3950358;
 -0.030497281, 0.99951619, -0.0061119492, -0.02192378;
 0.045646142, 0.0075011193, 0.9989295, 1.1623406;
 0, 0, 0, 1]
Twc:
[0.99849206, -0.030497281, 0.045646142, -0.44816506;
 0.030185647, 0.99951619, 0.0075011193, 0.0012699086;
 -0.045852821, -0.0061119492, 0.9989295, -1.1431168;
 0, 0, 0, 1]
Ow:
[0.3950358;
 -0.02192378;
 1.1623406]
Keyframe: 53 Frame: 288 Frame from vFrameID : 289
Tcw:
[0.99829316, 0.041407607, -0.04118488, 0.40793273;
 -0.041849639, 0.99907458, -0.0099289231, -0.024503328;
 0.040735632, 0.011635548, 0.99910223, 1.1940956;
 0, 0, 0, 1]
Twc:
[0.99829316, -0.041849639, 0.040735632, -0.45690414;
 0.041407607, 0.99907458, 0.011635548, -0.0063048229;
 -0.04118488, -0.0099289231, 0.99910223, -1.1764661;
 0, 0, 0, 1]
Ow:
[0.40793273;
 -0.024503328;
 1.1940956]
Keyframe: 54 Frame: 292 Frame from vFrameID : 293
Tcw:
[0.99877024, 0.043863267, -0.023109877, 0.421482;
 -0.044638183, 0.99841911, -0.034156974, -0.017073208;
 0.021575106, 0.035146553, 0.99914926, 1.2366567;
 0, 0, 0, 1]
Twc:
[0.99877024, -0.044638183, 0.021575106, -0.44840679;
 0.043863267, 0.99841911, 0.035146553, -0.044905581;
 -0.023109877, -0.034156974, 0.99914926, -1.2264475;
 0, 0, 0, 1]
Ow:
[0.421482;
 -0.017073208;
 1.2366567]
Keyframe: 55 Frame: 296 Frame from vFrameID : 297
Tcw:
[0.99817091, 0.060277287, -0.004640385, 0.4365114;
 -0.06036029, 0.99796575, -0.020518404, -0.021136845;
 0.0033941516, 0.020760968, 0.99977869, 1.2775507;
 0, 0, 0, 1]
Twc:
[0.99817091, -0.06036029, 0.0033941516, -0.44132498;
 0.060277287, 0.99796575, 0.020760968, -0.031741068;
 -0.004640385, -0.020518404, 0.99977869, -1.2756761;
 0, 0, 0, 1]
Ow:
[0.4365114;
 -0.021136845;
 1.2775507]
Keyframe: 56 Frame: 300 Frame from vFrameID : 301
Tcw:
[0.99902481, 0.041092809, 0.016148839, 0.44509086;
 -0.040963605, 0.99912655, -0.0082520926, -0.019521452;
 -0.016473835, 0.0075825304, 0.99983555, 1.3145219;
 0, 0, 0, 1]
Twc:
[0.99902481, -0.040963605, -0.016473835, -0.4238013;
 0.041092809, 0.99912655, 0.0075825304, -0.0087530371;
 0.016148839, -0.0082520926, 0.99983555, -1.3216544;
 0, 0, 0, 1]
Ow:
[0.44509086;
 -0.019521452;
 1.3145219]
Keyframe: 57 Frame: 304 Frame from vFrameID : 305
Tcw:
[0.9997074, 0.020967374, 0.012063299, 0.4535991;
 -0.02075804, 0.99963617, -0.017224073, -0.014948446;
 -0.012420054, 0.016968623, 0.99977887, 1.3623489;
 0, 0, 0, 1]
Twc:
[0.9997074, -0.02075804, -0.012420054, -0.43685621;
 0.020967374, 0.99963617, 0.016968623, -0.017684957;
 0.012063299, -0.017224073, 0.99977887, -1.367777;
 0, 0, 0, 1]
Ow:
[0.4535991;
 -0.014948446;
 1.3623489]
Keyframe: 58 Frame: 308 Frame from vFrameID : 309
Tcw:
[0.99964792, 0.022414187, -0.014202382, 0.46647939;
 -0.022745337, 0.99946266, -0.023600725, -0.0082623381;
 0.01366576, 0.023915453, 0.99962056, 1.4006598;
 0, 0, 0, 1]
Twc:
[0.99964792, -0.022745337, 0.01366576, -0.48564413;
 0.022414187, 0.99946266, 0.023915453, -0.035695273;
 -0.014202382, -0.023600725, 0.99962056, -1.3936982;
 0, 0, 0, 1]
Ow:
[0.46647939;
 -0.0082623381;
 1.4006598]
Keyframe: 59 Frame: 312 Frame from vFrameID : 313
Tcw:
[0.99818099, 0.050635725, -0.032721542, 0.49012515;
 -0.051153038, 0.99857563, -0.015170163, -0.0135644;
 0.03190678, 0.016816376, 0.99934936, 1.4319075;
 0, 0, 0, 1]
Twc:
[0.99818099, -0.051153038, 0.03190678, -0.53561503;
 0.050635725, 0.99857563, 0.016816376, -0.035352256;
 -0.032721542, -0.015170163, 0.99934936, -1.4151441;
 0, 0, 0, 1]
Ow:
[0.49012515;
 -0.0135644;
 1.4319075]
Keyframe: 60 Frame: 316 Frame from vFrameID : 317
Tcw:
[0.99787104, 0.051624704, -0.039853293, 0.49980718;
 -0.052328747, 0.99848813, -0.016828919, -0.014770808;
 0.038924251, 0.018878562, 0.99906379, 1.4652623;
 0, 0, 0, 1]
Twc:
[0.99787104, -0.052328747, 0.038924251, -0.55655026;
 0.051624704, 0.99848813, 0.018878562, -0.038715966;
 -0.039853293, -0.016828919, 0.99906379, -1.4442202;
 0, 0, 0, 1]
Ow:
[0.49980718;
 -0.014770808;
 1.4652623]
Keyframe: 61 Frame: 320 Frame from vFrameID : 321
Tcw:
[0.99814779, 0.051444963, -0.032471627, 0.51076174;
 -0.051950723, 0.99853808, -0.014928369, -0.011339417;
 0.031656165, 0.016587643, 0.99936116, 1.5018874;
 0, 0, 0, 1]
Twc:
[0.99814779, -0.051950723, 0.031656165, -0.55794877;
 0.051444963, 0.99853808, 0.016587643, -0.039866049;
 -0.032471627, -0.014928369, 0.99936116, -1.484512;
 0, 0, 0, 1]
Ow:
[0.51076174;
 -0.011339417;
 1.5018874]
Keyframe: 62 Frame: 324 Frame from vFrameID : 325
Tcw:
[0.99893522, 0.042868126, -0.01705184, 0.52597034;
 -0.043218024, 0.998851, -0.020709574, -0.0068128463;
 0.016144466, 0.021424469, 0.99964011, 1.5404983;
 0, 0, 0, 1]
Twc:
[0.99893522, -0.043218024, 0.016144466, -0.5505752;
 0.042868126, 0.998851, 0.021424469, -0.048746698;
 -0.01705184, -0.020709574, 0.99964011, -1.5311161;
 0, 0, 0, 1]
Ow:
[0.52597034;
 -0.0068128463;
 1.5404983]
Keyframe: 63 Frame: 328 Frame from vFrameID : 329
Tcw:
[0.9988957, 0.041704256, 0.021636469, 0.53589696;
 -0.040927399, 0.99854243, -0.03518451, -0.0022023506;
 -0.023072276, 0.034260131, 0.99914658, 1.5887419;
 0, 0, 0, 1]
Twc:
[0.9988957, -0.040927399, -0.023072276, -0.49873939;
 0.041704256, 0.99854243, 0.034260131, -0.07458055;
 0.021636469, -0.03518451, 0.99914658, -1.5990585;
 0, 0, 0, 1]
Ow:
[0.53589696;
 -0.0022023506;
 1.5887419]
Keyframe: 64 Frame: 332 Frame from vFrameID : 333
Tcw:
[0.99927306, 0.023354981, 0.030131886, 0.55341774;
 -0.022830451, 0.99958378, -0.017635982, -0.0028430317;
 -0.030531233, 0.016935237, 0.99939036, 1.6370507;
 0, 0, 0, 1]
Twc:
[0.99927306, -0.022830451, -0.030531233, -0.50309914;
 0.023354981, 0.99958378, 0.016935237, -0.037807051;
 0.030131886, -0.017635982, 0.99939036, -1.6527783;
 0, 0, 0, 1]
Ow:
[0.55341774;
 -0.0028430317;
 1.6370507]
Keyframe: 65 Frame: 336 Frame from vFrameID : 337
Tcw:
[0.99961603, 0.024226665, 0.013449222, 0.57063001;
 -0.023886595, 0.99940467, -0.02489504, 0.00061222166;
 -0.014044339, 0.024564225, 0.99959958, 1.6789259;
 0, 0, 0, 1]
Twc:
[0.99961603, -0.023886595, -0.014044339, -0.54681689;
 0.024226665, 0.99940467, 0.024564225, -0.055677835;
 0.013449222, -0.02489504, 0.99959958, -1.685913;
 0, 0, 0, 1]
Ow:
[0.57063001;
 0.00061222166;
 1.6789259]
Keyframe: 66 Frame: 340 Frame from vFrameID : 341
Tcw:
[0.99921733, 0.037409283, -0.012856996, 0.58611614;
 -0.037743375, 0.99892783, -0.026807342, 0.00083854422;
 0.011840367, 0.027271627, 0.99955791, 1.7157475;
 0, 0, 0, 1]
Twc:
[0.99921733, -0.037743375, 0.011840367, -0.60594088;
 0.037409283, 0.99892783, 0.027271627, -0.069555052;
 -0.012856996, -0.026807342, 0.99955791, -1.7074308;
 0, 0, 0, 1]
Ow:
[0.58611614;
 0.00083854422;
 1.7157475]
Keyframe: 67 Frame: 345 Frame from vFrameID : 346
Tcw:
[0.99874526, 0.042014968, -0.027251832, 0.61341572;
 -0.042060986, 0.99911439, -0.0011174376, -0.0094598634;
 0.02718075, 0.0022622745, 0.99962795, 1.7618304;
 0, 0, 0, 1]
Twc:
[0.99874526, -0.042060986, 0.02718075, -0.66093177;
 0.042014968, 0.99911439, 0.0022622745, -0.020306898;
 -0.027251832, -0.0011174376, 0.99962795, -1.7444688;
 0, 0, 0, 1]
Ow:
[0.61341572;
 -0.0094598634;
 1.7618304]
Keyframe: 68 Frame: 349 Frame from vFrameID : 350
Tcw:
[0.99848068, 0.047499824, -0.027929327, 0.62354696;
 -0.047427177, 0.99886936, 0.0032581859, -0.0064932304;
 0.028052513, -0.0019286268, 0.99960458, 1.8038318;
 0, 0, 0, 1]
Twc:
[0.99848068, -0.047427177, 0.028052513, -0.6735096;
 0.047499824, 0.99886936, -0.0019286268, -0.019653564;
 -0.027929327, 0.0032581859, 0.99960458, -1.7856822;
 0, 0, 0, 1]
Ow:
[0.62354696;
 -0.0064932304;
 1.8038318]
Keyframe: 69 Frame: 353 Frame from vFrameID : 354
Tcw:
[0.99922544, 0.03355439, -0.020557711, 0.64036417;
 -0.033959482, 0.99922937, -0.019683372, -0.00470962;
 0.019881405, 0.020366255, 0.99959487, 1.8487828;
 0, 0, 0, 1]
Twc:
[0.99922544, -0.033959482, 0.019881405, -0.67678457;
 0.03355439, 0.99922937, 0.020366255, -0.054433823;
 -0.020557711, -0.019683372, 0.99959487, -1.8349621;
 0, 0, 0, 1]
Ow:
[0.64036417;
 -0.00470962;
 1.8487828]
Keyframe: 70 Frame: 358 Frame from vFrameID : 359
Tcw:
[0.99889946, 0.043419782, 0.017737802, 0.6580537;
 -0.042754233, 0.99842525, -0.036319595, -0.0040092841;
 -0.019286858, 0.035521258, 0.99918282, 1.8966918;
 0, 0, 0, 1]
Twc:
[0.99889946, -0.042754233, -0.019286858, -0.62091964;
 0.043419782, 0.99842525, 0.035521258, -0.091942452;
 0.017737802, -0.036319595, 0.99918282, -1.9069598;
 0, 0, 0, 1]
Ow:
[0.6580537;
 -0.0040092841;
 1.8966918]
Keyframe: 71 Frame: 363 Frame from vFrameID : 364
Tcw:
[0.99844378, 0.03270942, 0.045166977, 0.67803663;
 -0.031803779, 0.99928129, -0.020626239, -0.0085437782;
 -0.045809187, 0.019157659, 0.99876648, 1.9588989;
 0, 0, 0, 1]
Twc:
[0.99844378, -0.031803779, -0.045809187, -0.58751762;
 0.03270942, 0.99928129, 0.019157659, -0.051168468;
 0.045166977, -0.020626239, 0.99876648, -1.9872836;
 0, 0, 0, 1]
Ow:
[0.67803663;
 -0.0085437782;
 1.9588989]
Keyframe: 72 Frame: 367 Frame from vFrameID : 368
Tcw:
[0.99942851, 0.024385961, 0.023408087, 0.6901105;
 -0.023461206, 0.99896377, -0.03899904, -0.0056669861;
 -0.024334861, 0.038427573, 0.99896502, 2.0009284;
 0, 0, 0, 1]
Twc:
[0.99942851, -0.023461206, -0.024334861, -0.64115679;
 0.024385961, 0.99896377, 0.038427573, -0.08805871;
 0.023408087, -0.03899904, 0.99896502, -2.0152326;
 0, 0, 0, 1]
Ow:
[0.6901105;
 -0.0056669861;
 2.0009284]
Keyframe: 73 Frame: 371 Frame from vFrameID : 372
Tcw:
[0.99960107, 0.025064353, -0.013017631, 0.70399028;
 -0.025538761, 0.99896443, -0.037654791, -0.0048764646;
 0.012060357, 0.037972223, 0.99920601, 2.0384085;
 0, 0, 0, 1]
Twc:
[0.99960107, -0.025538761, 0.012060357, -0.72841793;
 0.025064353, 0.99896443, 0.037972223, -0.090176553;
 -0.013017631, -0.037654791, 0.99920601, -2.0278094;
 0, 0, 0, 1]
Ow:
[0.70399028;
 -0.0048764646;
 2.0384085]
Keyframe: 74 Frame: 377 Frame from vFrameID : 378
Tcw:
[0.99903077, 0.038924545, -0.020552058, 0.73031634;
 -0.039542452, 0.99875021, -0.030567655, -0.0081278682;
 0.01933654, 0.031350706, 0.9993214, 2.1025643;
 0, 0, 0, 1]
Twc:
[0.99903077, -0.039542452, 0.01933654, -0.77058625;
 0.038924545, 0.99875021, 0.031350706, -0.086226404;
 -0.020552058, -0.030567655, 0.9993214, -2.0863764;
 0, 0, 0, 1]
Ow:
[0.73031634;
 -0.0081278682;
 2.1025643]
Keyframe: 75 Frame: 383 Frame from vFrameID : 384
Tcw:
[0.99948758, 0.031925596, -0.0023007512, 0.75905979;
 -0.031986251, 0.99888569, -0.034701958, -0.006396994;
 0.0011903066, 0.034757771, 0.99939507, 2.1656125;
 0, 0, 0, 1]
Twc:
[0.99948758, -0.031986251, 0.0011903066, -0.76145321;
 0.031925596, 0.99888569, 0.034757771, -0.093115427;
 -0.0023007512, -0.034701958, 0.99939507, -2.1627781;
 0, 0, 0, 1]
Ow:
[0.75905979;
 -0.006396994;
 2.1656125]
Keyframe: 76 Frame: 387 Frame from vFrameID : 388
Tcw:
[0.99889046, 0.031481531, 0.035024621, 0.76118708;
 -0.030102698, 0.99877697, -0.039221875, -0.0049867705;
 -0.03621655, 0.038124025, 0.99861652, 2.2067475;
 0, 0, 0, 1]
Twc:
[0.99889046, -0.030102698, -0.03621655, -0.68057191;
 0.031481531, 0.99877697, 0.038124025, -0.10311276;
 0.035024621, -0.039221875, 0.99861652, -2.2305503;
 0, 0, 0, 1]
Ow:
[0.76118708;
 -0.0049867705;
 2.2067475]
Keyframe: 77 Frame: 391 Frame from vFrameID : 392
Tcw:
[0.9981485, 0.041122571, 0.044816289, 0.78061175;
 -0.039337836, 0.99842489, -0.040003259, -0.013674252;
 -0.046390735, 0.038166218, 0.99819398, 2.2443769;
 0, 0, 0, 1]
Twc:
[0.9981485, -0.039337836, -0.046390735, -0.6755861;
 0.041122571, 0.99842489, 0.038166218, -0.10410743;
 0.044816289, -0.040003259, 0.99819398, -2.2758548;
 0, 0, 0, 1]
Ow:
[0.78061175;
 -0.013674252;
 2.2443769]
Keyframe: 78 Frame: 396 Frame from vFrameID : 397
Tcw:
[0.99945325, 0.0098431511, 0.031564884, 0.79820573;
 -0.0082505411, 0.99870539, -0.050194331, -0.0051458552;
 -0.032018092, 0.049906459, 0.99824053, 2.3037043;
 0, 0, 0, 1]
Twc:
[0.99945325, -0.0082505411, -0.032018092, -0.72405154;
 0.0098431511, 0.99870539, 0.049906459, -0.11768739;
 0.031564884, -0.050194331, 0.99824053, -2.3251047;
 0, 0, 0, 1]
Ow:
[0.79820573;
 -0.0051458552;
 2.3037043]
Keyframe: 79 Frame: 400 Frame from vFrameID : 401
Tcw:
[0.9998529, 0.014800206, 0.0086658401, 0.80855167;
 -0.014279796, 0.99825412, -0.057313576, -0.0012881011;
 -0.0094989631, 0.057181403, 0.99831861, 2.3390584;
 0, 0, 0, 1]
Twc:
[0.9998529, -0.014279796, -0.0094989631, -0.78623253;
 0.014800206, 0.99825412, 0.057181403, -0.1444315;
 0.0086658401, -0.057313576, 0.99831861, -2.3422062;
 0, 0, 0, 1]
Ow:
[0.80855167;
 -0.0012881011;
 2.3390584]
Keyframe: 80 Frame: 404 Frame from vFrameID : 405
Tcw:
[0.99950856, 0.024607433, -0.019420672, 0.82609504;
 -0.025491212, 0.99858582, -0.046653919, -0.0089770183;
 0.018245175, 0.047126047, 0.99872231, 2.3706985;
 0, 0, 0, 1]
Twc:
[0.99950856, -0.025491212, 0.018245175, -0.86917168;
 0.024607433, 0.99858582, 0.047126047, -0.12308541;
 -0.019420672, -0.046653919, 0.99872231, -2.3520451;
 0, 0, 0, 1]
Ow:
[0.82609504;
 -0.0089770183;
 2.3706985]
Keyframe: 81 Frame: 408 Frame from vFrameID : 409
Tcw:
[0.99890834, 0.042146966, -0.020142259, 0.84210181;
 -0.042606302, 0.99882835, -0.022947099, -0.008042492;
 0.019151511, 0.023780236, 0.99953377, 2.4110055;
 0, 0, 0, 1]
Twc:
[0.99890834, -0.042606302, 0.019151511, -0.8876996;
 0.042146966, 0.99882835, 0.023780236, -0.084793247;
 -0.020142259, -0.022947099, 0.99953377, -2.3931041;
 0, 0, 0, 1]
Ow:
[0.84210181;
 -0.008042492;
 2.4110055]
Keyframe: 82 Frame: 413 Frame from vFrameID : 414
Tcw:
[0.99998313, 0.0032801237, 0.0047978777, 0.8481673;
 -0.0030915181, 0.99924213, -0.038802929, -0.00096541643;
 -0.0049215197, 0.038787443, 0.99923539, 2.4554605;
 0, 0, 0, 1]
Twc:
[0.99998313, -0.0030915181, -0.0049215197, -0.83607137;
 0.0032801237, 0.99924213, 0.038787443, -0.097058438;
 0.0047978777, -0.038802929, 0.99923539, -2.4576898;
 0, 0, 0, 1]
Ow:
[0.8481673;
 -0.00096541643;
 2.4554605]
Keyframe: 83 Frame: 417 Frame from vFrameID : 418
Tcw:
[0.99990845, -0.0018841127, 0.01339924, 0.85663283;
 0.002405802, 0.99923533, -0.03902534, -0.0043911636;
 -0.013315465, 0.039054003, 0.99914837, 2.4929051;
 0, 0, 0, 1]
Twc:
[0.99990845, 0.002405802, -0.013315465, -0.82334965;
 -0.0018841127, 0.99923533, 0.039054003, -0.091356128;
 0.01339924, -0.03902534, 0.99914837, -2.5024319;
 0, 0, 0, 1]
Ow:
[0.85663283;
 -0.0043911636;
 2.4929051]
Keyframe: 84 Frame: 421 Frame from vFrameID : 422
Tcw:
[0.99930471, 0.0083097201, 0.036346778, 0.88219166;
 -0.0070638238, 0.99938756, -0.034273159, -0.0159273;
 -0.036609318, 0.033992581, 0.99875134, 2.5235677;
 0, 0, 0, 1]
Twc:
[0.99930471, -0.0070638238, -0.036609318, -0.78930467;
 0.0083097201, 0.99938756, 0.033992581, -0.077195793;
 0.036346778, -0.034273159, 0.99875134, -2.5530274;
 0, 0, 0, 1]
Ow:
[0.88219166;
 -0.0159273;
 2.5235677]
Keyframe: 85 Frame: 425 Frame from vFrameID : 426
Tcw:
[0.9982937, 0.0098132538, 0.057562087, 0.88419354;
 -0.0077529992, 0.9993251, -0.03590662, -0.0092476904;
 -0.057875596, 0.035399072, 0.99769598, 2.563225;
 0, 0, 0, 1]
Twc:
[0.9982937, -0.0077529992, -0.057875596, -0.73440832;
 0.0098132538, 0.9993251, 0.035399072, -0.090171158;
 0.057562087, -0.03590662, 0.99769598, -2.6085474;
 0, 0, 0, 1]
Ow:
[0.88419354;
 -0.0092476904;
 2.563225]
Keyframe: 86 Frame: 429 Frame from vFrameID : 430
Tcw:
[0.99925268, 0.028459733, 0.026155159, 0.90664661;
 -0.026799507, 0.99773043, -0.061772212, -0.011507973;
 -0.027853819, 0.061025102, 0.99774754, 2.6117427;
 0, 0, 0, 1]
Twc:
[0.99925268, -0.026799507, -0.027853819, -0.83353049;
 0.028459733, 0.99773043, 0.061025102, -0.17370294;
 0.026155159, -0.061772212, 0.99774754, -2.6302843;
 0, 0, 0, 1]
Ow:
[0.90664661;
 -0.011507973;
 2.6117427]
Keyframe: 87 Frame: 433 Frame from vFrameID : 434
Tcw:
[0.99953789, 0.030131338, 0.0040078959, 0.91525507;
 -0.029741202, 0.99667907, -0.075804412, -0.0064305365;
 -0.0062786746, 0.075650185, 0.99711466, 2.6431799;
 0, 0, 0, 1]
Twc:
[0.99953789, -0.029741202, -0.0062786746, -0.89842778;
 0.030131338, 0.99667907, 0.075650185, -0.22112574;
 0.0040078959, -0.075804412, 0.99711466, -2.6397092;
 0, 0, 0, 1]
Ow:
[0.91525507;
 -0.0064305365;
 2.6431799]
Keyframe: 88 Frame: 437 Frame from vFrameID : 438
Tcw:
[0.99930555, 0.032339375, -0.018509476, 0.9319644;
 -0.033416227, 0.99756753, -0.061174523, -0.013006523;
 0.016486106, 0.061750557, 0.99795544, 2.6780407;
 0, 0, 0, 1]
Twc:
[0.99930555, -0.033416227, 0.016486106, -0.97590226;
 0.032339375, 0.99756753, 0.061750557, -0.18253477;
 -0.018509476, -0.061174523, 0.99795544, -2.6561108;
 0, 0, 0, 1]
Ow:
[0.9319644;
 -0.013006523;
 2.6780407]
Keyframe: 89 Frame: 441 Frame from vFrameID : 442
Tcw:
[0.99958646, 0.022178853, -0.018303821, 0.94796246;
 -0.023177734, 0.99814504, -0.056296222, -0.010227919;
 0.017021284, 0.056697182, 0.99824631, 2.7282832;
 0, 0, 0, 1]
Twc:
[0.99958646, -0.023177734, 0.017021284, -0.99424636;
 0.022178853, 0.99814504, 0.056697182, -0.16550173;
