Keyframe: 0 Frame: 0 Frame from vFrameID : 53
Tcw:
[0.99858564, 0.053157873, 0.00095306692, 0.035498042;
 -0.035130698, 0.6731832, -0.73864079, 6.8832189e-05;
 -0.039906163, 0.73756266, 0.67409855, -0.074455366;
 0, 0, 0, 1]
Twc:
[0.99858564, -0.035130698, -0.039906163, -0.038416646;
 0.053157873, 0.6731832, 0.73756266, 0.052982159;
 0.00095306692, -0.73864079, 0.67409855, 0.050207265;
 0, 0, 0, 1]
Ow:
[0.035498042;
 6.8832189e-05;
 -0.074455366]
Keyframe: 1 Frame: 52 Frame from vFrameID : 53
Tcw:
[0.99807304, 0.060400777, -0.014211589, 0.037298664;
 -0.050996765, 0.66799843, -0.74241328, 0.00072763115;
 -0.035349019, 0.74170738, 0.66979146, -0.0729554;
 0, 0, 0, 1]
Twc:
[0.99807304, -0.050996765, -0.035349019, -0.039768588;
 0.060400777, 0.66799843, 0.74170738, 0.051372632;
 -0.014211589, -0.74241328, 0.66979146, 0.049935177;
 0, 0, 0, 1]
Ow:
[0.037298664;
 0.00072763115;
 -0.0729554]
Keyframe: 2 Frame: 54 Frame from vFrameID : 55
Tcw:
[0.99785954, 0.059306633, -0.02755041, 0.037969183;
 -0.060067859, 0.66474628, -0.74465036, 0.00055312738;
 -0.025848674, 0.7447114, 0.66688585, -0.071102053;
 0, 0, 0, 1]
Twc:
[0.99785954, -0.060067859, -0.025848674, -0.039692581;
 0.059306633, 0.66474628, 0.7447114, 0.050330997;
 -0.02755041, -0.74465036, 0.66688585, 0.048874907;
 0, 0, 0, 1]
Ow:
[0.037969183;
 0.00055312738;
 -0.071102053]
Keyframe: 3 Frame: 56 Frame from vFrameID : 57
Tcw:
[0.99793112, 0.057651501, -0.028456129, 0.036085546;
 -0.059619088, 0.66416466, -0.74520528, 1.9233674e-05;
 -0.024062648, 0.74536008, 0.6662277, -0.071344391;
 0, 0, 0, 1]
Twc:
[0.99793112, -0.059619088, -0.024062648, -0.037726481;
 0.057651501, 0.66416466, 0.74536008, 0.051084097;
 -0.028456129, -0.74520528, 0.6662277, 0.048572797;
 0, 0, 0, 1]
Ow:
[0.036085546;
 1.9233674e-05;
 -0.071344391]
Keyframe: 4 Frame: 58 Frame from vFrameID : 59
Tcw:
[0.99808526, 0.048800983, -0.038003359, 0.03317989;
 -0.060827017, 0.66296798, -0.74617261, 0.00092647225;
 -0.011218946, 0.74705553, 0.66466695, -0.073497511;
 0, 0, 0, 1]
Twc:
[0.99808526, -0.060827017, -0.011218946, -0.03388457;
 0.048800983, 0.66296798, 0.74705553, 0.052673284;
 -0.038003359, -0.74617261, 0.66466695, 0.050803624;
 0, 0, 0, 1]
Ow:
[0.03317989;
 0.00092647225;
 -0.073497511]
Keyframe: 5 Frame: 59 Frame from vFrameID : 60
Tcw:
[0.99820113, 0.041951708, -0.04283233, 0.032290019;
 -0.05989809, 0.66679668, -0.74282867, 0.0017993748;
 -0.0026024771, 0.74405795, 0.66811001, -0.073855147;
 0, 0, 0, 1]
Twc:
[0.99820113, -0.05989809, -0.0026024771, -0.032316361;
 0.041951708, 0.66679668, 0.74405795, 0.052398071;
 -0.04283233, -0.74282867, 0.66811001, 0.052063044;
 0, 0, 0, 1]
Ow:
[0.032290019;
 0.0017993748;
 -0.073855147]
Keyframe: 6 Frame: 61 Frame from vFrameID : 62
Tcw:
[0.99878806, 0.022906363, -0.04356268, 0.031340647;
 -0.047538333, 0.67823184, -0.73330873, -0.00050382689;
 0.012748162, 0.73449087, 0.6784988, -0.072930679;
 0, 0, 0, 1]
Twc:
[0.99878806, -0.047538333, 0.012748162, -0.030396882;
 0.022906363, 0.67823184, 0.73449087, 0.053190734;
 -0.04356268, -0.73330873, 0.6784988, 0.0504792;
 0, 0, 0, 1]
Ow:
[0.031340647;
 -0.00050382689;
 -0.072930679]
Keyframe: 7 Frame: 62 Frame from vFrameID : 63
Tcw:
[0.99900597, 0.015674355, -0.041729186, 0.031794231;
 -0.04117135, 0.68327612, -0.72899842, -0.0037005693;
 0.017085977, 0.72999185, 0.68324226, -0.072899885;
 0, 0, 0, 1]
Twc:
[0.99900597, -0.04117135, 0.017085977, -0.030669419;
 0.015674355, 0.68327612, 0.72999185, 0.055246476;
 -0.041729186, -0.72899842, 0.68324226, 0.04843732;
 0, 0, 0, 1]
Ow:
[0.031794231;
 -0.0037005693;
 -0.072899885]
Keyframe: 8 Frame: 65 Frame from vFrameID : 66
Tcw:
[0.99950755, 0.022225225, -0.022152632, 0.033896592;
 -0.031348612, 0.675677, -0.73653096, -0.0047102533;
 -0.0014015436, 0.73686272, 0.67604095, -0.069972016;
 0, 0, 0, 1]
Twc:
[0.99950755, -0.031348612, -0.0014015436, -0.034125626;
 0.022225225, 0.675677, 0.73686272, 0.053989016;
 -0.022152632, -0.73653096, 0.67604095, 0.044585604;
 0, 0, 0, 1]
Ow:
[0.033896592;
 -0.0047102533;
 -0.069972016]
Keyframe: 9 Frame: 67 Frame from vFrameID : 68
Tcw:
[0.99938279, 0.035037156, -0.002528422, 0.035395071;
 -0.025444832, 0.67239213, -0.7397576, -0.0051784217;
 -0.024218911, 0.7393654, 0.67286867, -0.069399931;
 0, 0, 0, 1]
Twc:
[0.99938279, -0.025444832, -0.024218911, -0.037185781;
 0.035037156, 0.67239213, 0.7393654, 0.053553693;
 -0.002528422, -0.7397576, 0.67286867, 0.042955752;
 0, 0, 0, 1]
Ow:
[0.035395071;
 -0.0051784217;
 -0.069399931]
Keyframe: 10 Frame: 69 Frame from vFrameID : 70
Tcw:
[0.9987101, 0.048987817, 0.013355297, 0.035390057;
 -0.023196744, 0.67416584, -0.73821568, -0.0047907811;
 -0.045167256, 0.73695362, 0.67443258, -0.068305604;
 0, 0, 0, 1]
Twc:
[0.9987101, -0.023196744, -0.045167256, -0.038540713;
 0.048987817, 0.67416584, 0.73695362, 0.051834162;
 0.013355297, -0.73821568, 0.67443258, 0.042058248;
 0, 0, 0, 1]
Ow:
[0.035390057;
 -0.0047907811;
 -0.068305604]
Keyframe: 11 Frame: 71 Frame from vFrameID : 72
Tcw:
[0.99835694, 0.054124098, 0.018813599, 0.037204061;
 -0.022690332, 0.67491204, -0.73754925, -0.0064814258;
 -0.052616712, 0.73591053, 0.67503124, -0.067777783;
 0, 0, 0, 1]
Twc:
[0.99835694, -0.022690332, -0.052616712, -0.040856242;
 0.054124098, 0.67491204, 0.73591053, 0.052239142;
 0.018813599, -0.73754925, 0.67503124, 0.040271807;
 0, 0, 0, 1]
Ow:
[0.037204061;
 -0.0064814258;
 -0.067777783]
Keyframe: 12 Frame: 73 Frame from vFrameID : 74
Tcw:
[0.99751264, 0.065905266, 0.025001775, 0.034433469;
 -0.026328748, 0.67738789, -0.73515469, -0.0050103478;
 -0.065386467, 0.7326678, 0.6774382, -0.067153051;
 0, 0, 0, 1]
Twc:
[0.99751264, -0.026328748, -0.065386467, -0.038870636;
 0.065905266, 0.67738789, 0.7326678, 0.050325483;
 0.025001775, -0.73515469, 0.6774382, 0.040947765;
 0, 0, 0, 1]
Ow:
[0.034433469;
 -0.0050103478;
 -0.067153051]
Keyframe: 13 Frame: 76 Frame from vFrameID : 77
Tcw:
[0.99779159, 0.061304927, 0.025566973, 0.03627253;
 -0.023606408, 0.68707508, -0.72620285, -0.008598242;
 -0.062086243, 0.72399557, 0.68700486, -0.066125743;
 0, 0, 0, 1]
Twc:
[0.99779159, -0.023606408, -0.062086243, -0.040500898;
 0.061304927, 0.68707508, 0.72399557, 0.051558696;
 0.025566973, -0.72620285, 0.68700486, 0.038257264;
 0, 0, 0, 1]
Ow:
[0.03627253;
 -0.008598242;
 -0.066125743]
Keyframe: 14 Frame: 79 Frame from vFrameID : 80
Tcw:
[0.99807113, 0.060982242, 0.011626818, 0.037306339;
 -0.033476938, 0.68640691, -0.72644675, -0.010973422;
 -0.052281078, 0.72465628, 0.68712443, -0.061531685;
 0, 0, 0, 1]
Twc:
[0.99807113, -0.033476938, -0.052281078, -0.040818676;
 0.060982242, 0.68640691, 0.72465628, 0.04984653;
 0.011626818, -0.72644675, 0.68712443, 0.033874564;
 0, 0, 0, 1]
Ow:
[0.037306339;
 -0.010973422;
 -0.061531685]
Keyframe: 15 Frame: 83 Frame from vFrameID : 84
Tcw:
[0.99850506, 0.054377329, -0.0055435761, 0.03683405;
 -0.040795472, 0.67390269, -0.73769295, -0.011768319;
 -0.03637794, 0.73681629, 0.67511362, -0.059595618;
 0, 0, 0, 1]
Twc:
[0.99850506, -0.040795472, -0.03637794, -0.039427046;
 0.054377329, 0.67390269, 0.73681629, 0.049838789;
 -0.0055435761, -0.73769295, 0.67511362, 0.031756602;
 0, 0, 0, 1]
Ow:
[0.03683405;
 -0.011768319;
 -0.059595618]
Keyframe: 16 Frame: 88 Frame from vFrameID : 89
Tcw:
[0.99728036, 0.073066555, -0.0096520623, 0.038611755;
 -0.056595761, 0.67533392, -0.73533738, -0.013008978;
 -0.047210202, 0.7338838, 0.67763251, -0.057890207;
 0, 0, 0, 1]
Twc:
[0.99728036, -0.056595761, -0.047210202, -0.041976009;
 0.073066555, 0.67533392, 0.7338838, 0.048448857;
 -0.0096520623, -0.73533738, 0.67763251, 0.030034978;
 0, 0, 0, 1]
Ow:
[0.038611755;
 -0.013008978;
 -0.057890207]
Keyframe: 17 Frame: 94 Frame from vFrameID : 95
Tcw:
[0.9983412, 0.055924837, -0.013683483, 0.037878275;
 -0.048493683, 0.6886735, -0.7234481, -0.015590837;
 -0.031035267, 0.72291166, 0.69024312, -0.052587107;
 0, 0, 0, 1]
Twc:
[0.9983412, -0.048493683, -0.031035267, -0.040203556;
 0.055924837, 0.6886735, 0.72291166, 0.046634492;
 -0.013683483, -0.7234481, 0.69024312, 0.025537038;
 0, 0, 0, 1]
Ow:
[0.037878275;
 -0.015590837;
 -0.052587107]
Keyframe: 18 Frame: 99 Frame from vFrameID : 100
Tcw:
[0.99754983, 0.069818594, 0.0044346871, 0.040288638;
 -0.044537876, 0.6826728, -0.72936559, -0.017759187;
 -0.053950723, 0.72738105, 0.68410975, -0.04908504;
 0, 0, 0, 1]
Twc:
[0.99754983, -0.044537876, -0.053950723, -0.043629054;
 0.069818594, 0.6826728, 0.72738105, 0.045014348;
 0.0044346871, -0.72936559, 0.68410975, 0.020447949;
 0, 0, 0, 1]
Ow:
[0.040288638;
 -0.017759187;
 -0.04908504]
Keyframe: 19 Frame: 105 Frame from vFrameID : 106
Tcw:
[0.99660152, 0.076494649, 0.030561548, 0.040405732;
 -0.031173039, 0.69364828, -0.719639, -0.020863615;
 -0.076247498, 0.71624064, 0.69367546, -0.046533719;
 0, 0, 0, 1]
Twc:
[0.99660152, -0.031173039, -0.076247498, -0.044466872;
 0.076494649, 0.69364828, 0.71624064, 0.044710528;
 0.030561548, -0.719639, 0.69367546, 0.01603017;
 0, 0, 0, 1]
Ow:
[0.040405732;
 -0.020863615;
 -0.046533719]
Keyframe: 20 Frame: 110 Frame from vFrameID : 111
Tcw:
[0.99657327, 0.082102202, 0.010050146, 0.042743597;
 -0.049867358, 0.69330311, -0.71891868, -0.021786647;
 -0.065992601, 0.71595395, 0.69502157, -0.043533944;
 0, 0, 0, 1]
Twc:
[0.99657327, -0.049867358, -0.065992601, -0.046556484;
 0.082102202, 0.69330311, 0.71595395, 0.042763703;
 0.010050146, -0.71891868, 0.69502157, 0.014164619;
 0, 0, 0, 1]
Ow:
[0.042743597;
 -0.021786647;
 -0.043533944]
Keyframe: 21 Frame: 117 Frame from vFrameID : 118
Tcw:
[0.99668515, 0.05222572, -0.062379394, 0.040935669;
 -0.081211284, 0.68431461, -0.72465044, -0.025161739;
 0.0048417384, 0.72731423, 0.68628752, -0.038487982;
 0, 0, 0, 1]
Twc:
[0.99668515, -0.081211284, 0.0048417384, -0.042657044;
 0.05222572, 0.68431461, 0.72731423, 0.043073505;
 -0.062379394, -0.72465044, 0.68628752, 0.010733899;
 0, 0, 0, 1]
Ow:
[0.040935669;
 -0.025161739;
 -0.038487982]
Keyframe: 22 Frame: 122 Frame from vFrameID : 123
Tcw:
[0.99622244, 0.049305756, -0.07148312, 0.044678565;
 -0.085760936, 0.68789184, -0.7207287, -0.025935985;
 0.01363658, 0.72413653, 0.68952179, -0.035604179;
 0, 0, 0, 1]
Twc:
[0.99622244, -0.085760936, 0.01363658, -0.046248566;
 0.049305756, 0.68789184, 0.72413653, 0.041420531;
 -0.07148312, -0.7207287, 0.68952179, 0.0090508126;
 0, 0, 0, 1]
Ow:
[0.044678565;
 -0.025935985;
 -0.035604179]
Keyframe: 23 Frame: 129 Frame from vFrameID : 130
Tcw:
[0.99781948, 0.064943045, 0.011776113, 0.044310879;
 -0.036935963, 0.69730389, -0.71582329, -0.028998639;
 -0.054699279, 0.71382749, 0.69818217, -0.032865979;
 0, 0, 0, 1]
Twc:
[0.99781948, -0.036935963, -0.054699279, -0.047083098;
 0.064943045, 0.69730389, 0.71382749, 0.04080382;
 0.011776113, -0.71582329, 0.69818217, 0.0016667288;
 0, 0, 0, 1]
Ow:
[0.044310879;
 -0.028998639;
 -0.032865979]
Keyframe: 24 Frame: 135 Frame from vFrameID : 136
Tcw:
[0.99864966, 0.050225906, 0.013273508, 0.0462019;
 -0.024923299, 0.68738329, -0.72586709, -0.0308661;
 -0.045581322, 0.72455615, 0.68770689, -0.028421506;
 0, 0, 0, 1]
Twc:
[0.99864966, -0.024923299, -0.045581322, -0.048204288;
 0.050225906, 0.68738329, 0.72455615, 0.039489284;
 0.013273508, -0.72586709, 0.68770689, -0.0034722826;
 0, 0, 0, 1]
Ow:
[0.0462019;
 -0.0308661;
 -0.028421506]
Keyframe: 25 Frame: 141 Frame from vFrameID : 142
Tcw:
[0.99737513, 0.071850076, 0.0089685377, 0.048622161;
 -0.04305312, 0.6880542, -0.72438097, -0.031077309;
 -0.058217671, 0.72209346, 0.68934155, -0.026246682;
 0, 0, 0, 1]
Twc:
[0.99737513, -0.04305312, -0.058217671, -0.051360529;
 0.071850076, 0.6880542, 0.72209346, 0.036841925;
 0.0089685377, -0.72438097, 0.68934155, -0.0048549548;
 0, 0, 0, 1]
Ow:
[0.048622161;
 -0.031077309;
 -0.026246682]
Keyframe: 26 Frame: 147 Frame from vFrameID : 148
Tcw:
[0.99725455, 0.074049413, 0.00021978398, 0.050129138;
 -0.05111089, 0.69047344, -0.72154975, -0.034375608;
 -0.053582091, 0.71955758, 0.69236255, -0.023453737;
 0, 0, 0, 1]
Twc:
[0.99725455, -0.05111089, -0.053582091, -0.053005181;
 0.074049413, 0.69047344, 0.71955758, 0.036899727;
 0.00021978398, -0.72154975, 0.69236255, -0.0085762413;
 0, 0, 0, 1]
Ow:
[0.050129138;
 -0.034375608;
 -0.023453737]
Keyframe: 27 Frame: 153 Frame from vFrameID : 154
Tcw:
[0.9982751, 0.057652541, -0.011090155, 0.051825676;
 -0.047658365, 0.6854623, -0.7265467, -0.035794549;
 -0.034285381, 0.72582203, 0.68702757, -0.019821428;
 0, 0, 0, 1]
Twc:
[0.9982751, -0.047658365, -0.034285381, -0.054121781;
 0.057652541, 0.6854623, 0.72582203, 0.035934761;
 -0.011090155, -0.7265467, 0.68702757, -0.011813789;
 0, 0, 0, 1]
Ow:
[0.051825676;
 -0.035794549;
 -0.019821428]
Keyframe: 28 Frame: 159 Frame from vFrameID : 160
Tcw:
[0.99728382, 0.073608965, 0.0025974838, 0.052267052;
 -0.048616353, 0.6843468, -0.72753412, -0.036340564;
 -0.055330615, 0.72543174, 0.68606657, -0.018523341;
 0, 0, 0, 1]
Twc:
[0.99728382, -0.048616353, -0.055330615, -0.054916736;
 0.073608965, 0.6843468, 0.72543174, 0.034459643;
 0.0025974838, -0.72753412, 0.68606657, -0.013866518;
 0, 0, 0, 1]
Ow:
[0.052267052;
 -0.036340564;
 -0.018523341]
Keyframe: 29 Frame: 165 Frame from vFrameID : 166
Tcw:
[0.99463236, 0.099460229, 0.028532607, 0.052517943;
 -0.04679282, 0.67830443, -0.73328948, -0.037907898;
 -0.092286937, 0.72801834, 0.67931759, -0.016295649;
 0, 0, 0, 1]
Twc:
[0.99463236, -0.04679282, -0.092286937, -0.05551374;
 0.099460229, 0.67830443, 0.72801834, 0.032353181;
 0.028532607, -0.73328948, 0.67931759, -0.018226016;
 0, 0, 0, 1]
Ow:
[0.052517943;
 -0.037907898;
 -0.016295649]
Keyframe: 30 Frame: 173 Frame from vFrameID : 174
Tcw:
[0.99501872, 0.098310463, 0.016516566, 0.054574478;
 -0.054631267, 0.67634225, -0.73455876, -0.039342985;
 -0.083385661, 0.7299974, 0.67834407, -0.013918493;
 0, 0, 0, 1]
Twc:
[0.99501872, -0.054631267, -0.083385661, -0.057612587;
 0.098310463, 0.67634225, 0.7299974, 0.031404544;
 0.016516566, -0.73455876, 0.67834407, -0.020359589;
 0, 0, 0, 1]
Ow:
[0.054574478;
 -0.039342985;
 -0.013918493]
Keyframe: 31 Frame: 180 Frame from vFrameID : 181
Tcw:
[0.996719, 0.079584554, 0.014750075, 0.057521783;
 -0.04351325, 0.68052369, -0.73143291, -0.039677214;
 -0.068248533, 0.72839123, 0.68175387, -0.011735871;
 0, 0, 0, 1]
Twc:
[0.996719, -0.04351325, -0.068248533, -0.05986049;
 0.079584554, 0.68052369, 0.72839123, 0.030971745;
 0.014750075, -0.73143291, 0.68175387, -0.021868693;
 0, 0, 0, 1]
Ow:
[0.057521783;
 -0.039677214;
 -0.011735871]
Keyframe: 32 Frame: 187 Frame from vFrameID : 188
Tcw:
[0.99743646, 0.07144355, 0.0040414087, 0.059349436;
 -0.046554796, 0.69077748, -0.72156715, -0.040495858;
 -0.054343034, 0.71952921, 0.69233268, -0.0099290088;
 0, 0, 0, 1]
Twc:
[0.99743646, -0.046554796, -0.054343034, -0.061622139;
 0.07144355, 0.69077748, 0.71952921, 0.030877704;
 0.0040414087, -0.72156715, 0.69233268, -0.022586158;
 0, 0, 0, 1]
Ow:
[0.059349436;
 -0.040495858;
 -0.0099290088]
Keyframe: 33 Frame: 193 Frame from vFrameID : 194
Tcw:
[0.99655318, 0.082076609, 0.012050981, 0.059435207;
 -0.048678324, 0.69619638, -0.71619898, -0.039771982;
 -0.067173034, 0.71314377, 0.69779205, -0.008925721;
 0, 0, 0, 1]
Twc:
[0.99655318, -0.048678324, -0.067173034, -0.061765946;
 0.082076609, 0.69619638, 0.71314377, 0.029176192;
 0.012050981, -0.71619898, 0.69779205, -0.02297261;
 0, 0, 0, 1]
Ow:
[0.059435207;
 -0.039771982;
 -0.008925721]
Keyframe: 34 Frame: 201 Frame from vFrameID : 202
Tcw:
[0.99403262, 0.098697141, 0.046454374, 0.059679858;
 -0.033899993, 0.68428016, -0.72843081, -0.039631136;
 -0.10368185, 0.72250921, 0.68354261, -0.0080445465;
 0, 0, 0, 1]
Twc:
[0.99403262, -0.033899993, -0.10368185, -0.061501294;
 0.098697141, 0.68428016, 0.72250921, 0.027040826;
 0.046454374, -0.72843081, 0.68354261, -0.026142143;
 0, 0, 0, 1]
Ow:
[0.059679858;
 -0.039631136;
 -0.0080445465]
Keyframe: 35 Frame: 208 Frame from vFrameID : 209
Tcw:
[0.99491793, 0.092284888, 0.040271841, 0.061530191;
 -0.033747222, 0.68245381, -0.73014921, -0.038498141;
 -0.094865412, 0.72507948, 0.68209988, -0.0060099922;
 0, 0, 0, 1]
Twc:
[0.99491793, -0.033747222, -0.094865412, -0.063086838;
 0.092284888, 0.68245381, 0.72507948, 0.024952618;
 0.040271841, -0.73014921, 0.68209988, -0.026487907;
 0, 0, 0, 1]
Ow:
[0.061530191;
 -0.038498141;
 -0.0060099922]
Keyframe: 36 Frame: 216 Frame from vFrameID : 217
Tcw:
[0.99466217, 0.10303054, 0.0056414488, 0.063635483;
 -0.066810139, 0.68472612, -0.72573173, -0.03824449;
 -0.07863538, 0.72148103, 0.68795466, -0.0053213704;
 0, 0, 0, 1]
Twc:
[0.99466217, -0.066810139, -0.07863538, -0.066269383;
 0.10303054, 0.68472612, 0.72148103, 0.023469869;
 0.0056414488, -0.72573173, 0.68795466, -0.024453375;
 0, 0, 0, 1]
Ow:
[0.063635483;
 -0.03824449;
 -0.0053213704]
Keyframe: 37 Frame: 223 Frame from vFrameID : 224
Tcw:
[0.99692887, 0.078023784, 0.0067176973, 0.064177297;
 -0.049455613, 0.69376773, -0.71849877, -0.037539862;
 -0.060720515, 0.71595991, 0.69549578, -0.0024993084;
 0, 0, 0, 1]
Twc:
[0.99692887, -0.049455613, -0.060720515, -0.065988511;
 0.078023784, 0.69376773, 0.71595991, 0.022825995;
 0.0067176973, -0.71849877, 0.69549578, -0.025665211;
 0, 0, 0, 1]
Ow:
[0.064177297;
 -0.037539862;
 -0.0024993084]
Keyframe: 38 Frame: 232 Frame from vFrameID : 233
Tcw:
[0.99426407, 0.102805, 0.029496813, 0.064684868;
 -0.045900602, 0.65925866, -0.75051391, -0.035706632;
 -0.096602611, 0.74485511, 0.66019607, -0.00098579191;
 0, 0, 0, 1]
Twc:
[0.99426407, -0.045900602, -0.096602611, -0.066048026;
 0.102805, 0.65925866, 0.74485511, 0.017624253;
 0.029496813, -0.75051391, 0.66019607, -0.028055506;
 0, 0, 0, 1]
Ow:
[0.064684868;
 -0.035706632;
 -0.00098579191]
Keyframe: 39 Frame: 240 Frame from vFrameID : 241
Tcw:
[0.99674428, 0.075401209, 0.028557159, 0.066740654;
 -0.03066902, 0.68212265, -0.73059434, -0.033518247;
 -0.074567184, 0.72733992, 0.68221432, 0.00045641139;
 0, 0, 0, 1]
Twc:
[0.99674428, -0.03066902, -0.074567184, -0.067517303;
 0.075401209, 0.68212265, 0.72733992, 0.017499262;
 0.028557159, -0.73059434, 0.68221432, -0.026705535;
 0, 0, 0, 1]
Ow:
[0.066740654;
 -0.033518247;
 0.00045641139]
Keyframe: 40 Frame: 248 Frame from vFrameID : 249
Tcw:
[0.9985773, 0.051435638, -0.014062772, 0.068100996;
 -0.04526775, 0.6783278, -0.73336369, -0.033261959;
 -0.02818186, 0.73295689, 0.67969108, 0.0033721365;
 0, 0, 0, 1]
Twc:
[0.9985773, -0.04526775, -0.02818186, -0.069414772;
 0.051435638, 0.6783278, 0.73295689, 0.016588062;
 -0.014062772, -0.73336369, 0.67969108, -0.025727434;
 0, 0, 0, 1]
Ow:
[0.068100996;
 -0.033261959;
 0.0033721365]
Keyframe: 41 Frame: 256 Frame from vFrameID : 257
Tcw:
[0.99936032, 0.034205839, -0.0104361, 0.069197603;
 -0.031206556, 0.691562, -0.72164267, -0.031137839;
 -0.017467184, 0.72150677, 0.69218707, 0.0054531097;
 0, 0, 0, 1]
Twc:
[0.99936032, -0.031206556, -0.017467184, -0.070029788;
 0.034205839, 0.691562, 0.72150677, 0.015232329;
 -0.0104361, -0.72164267, 0.69218707, -0.025522813;
 0, 0, 0, 1]
Ow:
[0.069197603;
 -0.031137839;
 0.0054531097]
Keyframe: 42 Frame: 263 Frame from vFrameID : 264
Tcw:
[0.99948269, 0.032144397, -0.0010181031, 0.069472931;
 -0.02250007, 0.67628604, -0.7362954, -0.029609237;
 -0.022979243, 0.73593748, 0.67665946, 0.0080768634;
 0, 0, 0, 1]
Twc:
[0.99948269, -0.02250007, -0.022979243, -0.069917604;
 0.032144397, 0.67628604, 0.73593748, 0.011847082;
 -0.0010181031, -0.7362954, 0.67665946, -0.0271957;
 0, 0, 0, 1]
Ow:
[0.069472931;
 -0.029609237;
 0.0080768634]
Keyframe: 43 Frame: 270 Frame from vFrameID : 271
Tcw:
[0.99948245, 0.025244137, -0.019939585, 0.072255448;
 -0.031828199, 0.68600953, -0.72689605, -0.028147813;
 -0.0046711178, 0.72715449, 0.68645799, 0.0092316549;
 0, 0, 0, 1]
Twc:
[0.99948245, -0.031828199, -0.0046711178, -0.073070824;
 0.025244137, 0.68600953, 0.72715449, 0.010772803;
 -0.019939585, -0.72689605, 0.68645799, -0.025356933;
 0, 0, 0, 1]
Ow:
[0.072255448;
 -0.028147813;
 0.0092316549]
Keyframe: 44 Frame: 277 Frame from vFrameID : 278
Tcw:
[0.9984147, -0.0081903767, -0.055687241, 0.073888496;
 -0.035931576, 0.66879207, -0.74258071, -0.02582805;
 0.043325201, 0.74340439, 0.66743749, 0.012509985;
 0, 0, 0, 1]
Twc:
[0.9984147, -0.035931576, 0.043325201, -0.075241394;
 -0.0081903767, 0.66879207, 0.74340439, 0.0085787904;
 -0.055687241, -0.74258071, 0.66743749, -0.023414398;
 0, 0, 0, 1]
Ow:
[0.073888496;
 -0.02582805;
 0.012509985]
Keyframe: 45 Frame: 286 Frame from vFrameID : 287
Tcw:
[0.99689102, 0.010133478, -0.07813815, 0.073169075;
 -0.063188143, 0.69524032, -0.71599454, -0.027160579;
 0.047069278, 0.71870595, 0.69371915, 0.013720464;
 0, 0, 0, 1]
Twc:
[0.99689102, -0.063188143, 0.047069278, -0.075303644;
 0.010133478, 0.69524032, 0.71870595, 0.0082806936;
 -0.07813815, -0.71599454, 0.69371915, -0.023247678;
 0, 0, 0, 1]
Ow:
[0.073169075;
 -0.027160579;
 0.013720464]
Keyframe: 46 Frame: 294 Frame from vFrameID : 295
Tcw:
[0.99896884, -0.013761478, -0.043265063, 0.075841025;
 -0.021023652, 0.70441151, -0.7094804, -0.025311511;
 0.040239908, 0.70965844, 0.70339578, 0.018263899;
 0, 0, 0, 1]
Twc:
[0.99896884, -0.021023652, 0.040239908, -0.077029899;
 -0.013761478, 0.70441151, 0.70965844, 0.0059122737;
 -0.043265063, -0.7094804, 0.70339578, -0.027523506;
 0, 0, 0, 1]
Ow:
[0.075841025;
 -0.025311511;
 0.018263899]
Keyframe: 47 Frame: 301 Frame from vFrameID : 302
Tcw:
[0.99887085, -0.0067026983, -0.047033355, 0.076960765;
 -0.028870258, 0.70059621, -0.71297365, -0.024991661;
 0.037730239, 0.71352643, 0.69961166, 0.020092173;
 0, 0, 0, 1]
Twc:
[0.99887085, -0.028870258, 0.037730239, -0.078353465;
 -0.0067026983, 0.70059621, 0.71352643, 0.0036886132;
 -0.047033355, -0.71297365, 0.69961166, -0.02825539;
 0, 0, 0, 1]
Ow:
[0.076960765;
 -0.024991661;
 0.020092173]
Keyframe: 48 Frame: 308 Frame from vFrameID : 309
Tcw:
[0.99284518, -0.03638541, -0.11373044, 0.080311783;
 -0.05743482, 0.68951589, -0.72198963, -0.022899056;
 0.10468884, 0.72335601, 0.68249273, 0.02179594;
 0, 0, 0, 1]
Twc:
[0.99284518, -0.05743482, 0.10468884, -0.083334155;
 -0.03638541, 0.68951589, 0.72335601, 0.0029452161;
 -0.11373044, -0.72198963, 0.68249273, -0.022274558;
 0, 0, 0, 1]
Ow:
[0.080311783;
 -0.022899056;
 0.02179594]
Keyframe: 49 Frame: 315 Frame from vFrameID : 316
Tcw:
[0.99425226, -0.037463825, -0.10029376, 0.080768228;
 -0.044886451, 0.70460677, -0.70817685, -0.021788206;
 0.09719868, 0.70860833, 0.69887531, 0.023666104;
 0, 0, 0, 1]
Twc:
[0.99425226, -0.044886451, 0.09719868, -0.083582304;
 -0.037463825, 0.70460677, 0.70860833, 0.0016080078;
 -0.10029376, -0.70817685, 0.69887531, -0.023869012;
 0, 0, 0, 1]
Ow:
[0.080768228;
 -0.021788206;
 0.023666104]
Keyframe: 50 Frame: 323 Frame from vFrameID : 324
Tcw:
[0.99837506, -0.01571488, -0.054775134, 0.079710297;
 -0.028259544, 0.69816172, -0.7153821, -0.022091821;
 0.049484044, 0.71576756, 0.69658315, 0.0267337;
 0, 0, 0, 1]
Twc:
[0.99837506, -0.028259544, 0.049484044, -0.081527963;
 -0.01571488, 0.69816172, 0.71576756, -0.0024588138;
 -0.054775134, -0.7153821, 0.69658315, -0.030060196;
 0, 0, 0, 1]
Ow:
[0.079710297;
 -0.022091821;
 0.0267337]
Keyframe: 51 Frame: 330 Frame from vFrameID : 331
Tcw:
[0.99522829, -0.049046904, -0.08435069, 0.08300782;
 -0.026691163, 0.69466132, -0.71884161, -0.018828038;
 0.093852118, 0.71766293, 0.69003749, 0.027379479;
 0, 0, 0, 1]
Twc:
[0.99522829, -0.026691163, 0.093852118, -0.085683897;
 -0.049046904, 0.69466132, 0.71766293, -0.00249885;
 -0.08435069, -0.71884161, 0.69003749, -0.025425475;
 0, 0, 0, 1]
Ow:
[0.08300782;
 -0.018828038;
 0.027379479]
Keyframe: 52 Frame: 338 Frame from vFrameID : 339
Tcw:
[0.98368472, -0.081737854, -0.1602601, 0.08495257;
 -0.0575918, 0.70086485, -0.71096528, -0.018038828;
 0.17043345, 0.70859534, 0.68472266, 0.031118311;
 0, 0, 0, 1]
Twc:
[0.98368472, -0.0575918, 0.17043345, -0.089909032;
 -0.081737854, 0.70086485, 0.70859534, -0.0024636667;
 -0.1602601, -0.71096528, 0.68472266, -0.020517884;
 0, 0, 0, 1]
Ow:
[0.08495257;
 -0.018038828;
 0.031118311]
Keyframe: 53 Frame: 345 Frame from vFrameID : 346
Tcw:
[0.98869336, -0.097379871, -0.11402908, 0.087117761;
 -0.015950438, 0.68782818, -0.72569829, -0.016521232;
 0.14910083, 0.71931189, 0.67849785, 0.033607125;
 0, 0, 0, 1]
Twc:
[0.98869336, -0.015950438, 0.14910083, -0.09140712;
 -0.097379871, 0.68782818, 0.71931189, -0.0043267189;
 -0.11402908, -0.72569829, 0.67849785, -0.024857834;
 0, 0, 0, 1]
Ow:
[0.087117761;
 -0.016521232;
 0.033607125]
Keyframe: 54 Frame: 353 Frame from vFrameID : 354
Tcw:
[0.99314249, -0.081876211, -0.08345215, 0.087752752;
 -0.001716702, 0.70352453, -0.71066892, -0.016573228;
 0.11689752, 0.70593876, 0.69855952, 0.036199398;
 0, 0, 0, 1]
Twc:
[0.99314249, -0.001716702, 0.11689752, -0.091411062;
 -0.081876211, 0.70352453, 0.70593876, -0.0067100222;
 -0.08345215, -0.71066892, 0.69855952, -0.029742356;
 0, 0, 0, 1]
Ow:
[0.087752752;
 -0.016573228;
 0.036199398]
Keyframe: 55 Frame: 360 Frame from vFrameID : 361
Tcw:
[0.99183512, -0.10362716, -0.074327014, 0.089142129;
 0.017593252, 0.68844885, -0.72507149, -0.013325471;
 0.12630744, 0.71784371, 0.6846509, 0.039650079;
 0, 0, 0, 1]
Twc:
[0.99183512, 0.017593252, 0.12630744, -0.093187958;
 -0.10362716, 0.68844885, 0.71784371, -0.01005111;
 -0.074327014, -0.72507149, 0.6846509, -0.030182714;
 0, 0, 0, 1]
Ow:
[0.089142129;
 -0.013325471;
 0.039650079]
Keyframe: 56 Frame: 368 Frame from vFrameID : 369
Tcw:
[0.98809677, -0.092409313, -0.12298498, 0.089842856;
 -0.028278891, 0.67673063, -0.73568738, -0.014275234;
 0.15121207, 0.73040819, 0.66606212, 0.041710388;
 0, 0, 0, 1]
Twc:
[0.98809677, -0.028278891, 0.15121207, -0.095484234;
 -0.092409313, 0.67673063, 0.73040819, -0.012502804;
 -0.12298498, -0.73568738, 0.66606212, -0.0272345;
 0, 0, 0, 1]
Ow:
[0.089842856;
 -0.014275234;
 0.041710388]
Keyframe: 57 Frame: 375 Frame from vFrameID : 376
Tcw:
[0.98494524, -0.098745748, -0.14188766, 0.090328477;
 -0.036185741, 0.68483585, -0.72779834, -0.013948749;
 0.16903675, 0.7219758, 0.67095268, 0.043053154;
 0, 0, 0, 1]
Twc:
[0.98494524, -0.036185741, 0.16903675, -0.096750915;
 -0.098745748, 0.68483585, 0.7219758, -0.012611181;
 -0.14188766, -0.72779834, 0.67095268, -0.026222009;
 0, 0, 0, 1]
Ow:
[0.090328477;
 -0.013948749;
 0.043053154]
Keyframe: 58 Frame: 384 Frame from vFrameID : 385
Tcw:
[0.99515283, -0.068761453, -0.070304692, 0.090111472;
 -0.0063998634, 0.66811073, -0.74403435, -0.014585563;
 0.098132201, 0.74087781, 0.66443217, 0.045500569;
 0, 0, 0, 1]
Twc:
[0.99515283, -0.0063998634, 0.098132201, -0.094233103;
 -0.068761453, 0.66811073, 0.74087781, -0.017769396;
 -0.070304692, -0.74403435, 0.66443217, -0.034748945;
 0, 0, 0, 1]
Ow:
[0.090111472;
 -0.014585563;
 0.045500569]
Keyframe: 59 Frame: 391 Frame from vFrameID : 392
Tcw:
[0.99909627, -0.036582846, -0.021641521, 0.09025421;
 0.0088934284, 0.67780393, -0.7351889, -0.014219156;
 0.04156401, 0.73433203, 0.6775167, 0.045951821;
 0, 0, 0, 1]
Twc:
[0.99909627, 0.0088934284, 0.04156401, -0.091956131;
 -0.036582846, 0.67780393, 0.73433203, -0.020804336;
 -0.021641521, -0.7351889, 0.6775167, -0.039633654;
 0, 0, 0, 1]
Ow:
[0.09025421;
 -0.014219156;
 0.045951821]
Keyframe: 60 Frame: 397 Frame from vFrameID : 398
Tcw:
[0.99593705, -0.072880752, -0.052894466, 0.091748685;
 0.008891385, 0.66408813, -0.74760145, -0.014432757;
 0.089612342, 0.74409366, 0.66203797, 0.046729695;
 0, 0, 0, 1]
Twc:
[0.99593705, 0.008891385, 0.089612342, -0.095435143;
 -0.072880752, 0.66408813, 0.74409366, -0.018499935;
 -0.052894466, -0.74760145, 0.66203797, -0.036873784;
 0, 0, 0, 1]
Ow:
[0.091748685;
 -0.014432757;
 0.046729695]
Keyframe: 61 Frame: 404 Frame from vFrameID : 405
Tcw:
[0.99368834, -0.079985484, -0.078649662, 0.0919699;
 -0.0021121358, 0.68766242, -0.72602749, -0.013812394;
 0.11215608, 0.7216112, 0.68315321, 0.047787063;
 0, 0, 0, 1]
Twc:
[0.99368834, -0.0021121358, 0.11215608, -0.096778199;
 -0.079985484, 0.68766242, 0.7216112, -0.017629158;
 -0.078649662, -0.72602749, 0.68315321, -0.035440661;
 0, 0, 0, 1]
Ow:
[0.0919699;
 -0.013812394;
 0.047787063]
Keyframe: 62 Frame: 411 Frame from vFrameID : 412
Tcw:
[0.99535072, -0.071665525, -0.064350612, 0.092521556;
 0.0039149169, 0.69766372, -0.71641469, -0.013858338;
 0.096237324, 0.71283191, 0.69470066, 0.048421558;
 0, 0, 0, 1]
Twc:
[0.99535072, 0.0039149169, 0.096237324, -0.096697107;
 -0.071665525, 0.69766372, 0.71283191, -0.018217368;
 -0.064350612, -0.71641469, 0.69470066, -0.037612986;
 0, 0, 0, 1]
Ow:
[0.092521556;
 -0.013858338;
 0.048421558]
Keyframe: 63 Frame: 417 Frame from vFrameID : 418
Tcw:
[0.99713862, -0.068742953, -0.031447899, 0.092645586;
 0.024736827, 0.68982166, -0.72355658, -0.014086489;
 0.071432859, 0.72070831, 0.68954831, 0.049370088;
 0, 0, 0, 1]
Twc:
[0.99713862, 0.024736827, 0.071432859, -0.095558681;
 -0.068742953, 0.68982166, 0.72070831, -0.019495538;
 -0.031447899, -0.72355658, 0.68954831, -0.041321926;
 0, 0, 0, 1]
Ow:
[0.092645586;
 -0.014086489;
 0.049370088]
Keyframe: 64 Frame: 425 Frame from vFrameID : 426
Tcw:
[0.99724847, -0.059592925, -0.04409267, 0.092656679;
 0.0096883327, 0.69445956, -0.71946651, -0.012677111;
 0.073495694, 0.71705973, 0.69312608, 0.050707374;
 0, 0, 0, 1]
Twc:
[0.99724847, 0.0096883327, 0.073495694, -0.096005686;
 -0.059592925, 0.69445956, 0.71705973, -0.02203479;
 -0.04409267, -0.71946651, 0.69312608, -0.040181879;
 0, 0, 0, 1]
Ow:
[0.092656679;
 -0.012677111;
 0.050707374]
Keyframe: 65 Frame: 433 Frame from vFrameID : 434
Tcw:
[0.99738014, -0.054546144, -0.047513712, 0.092889614;
 0.0044091986, 0.70144522, -0.71270972, -0.012430018;
 0.07220383, 0.71063304, 0.69984806, 0.051840529;
 0, 0, 0, 1]
Twc:
[0.99738014, 0.0044091986, 0.07220383, -0.096334539;
 -0.054546144, 0.70144522, 0.71063304, -0.023053845;
 -0.047513712, -0.71270972, 0.69984806, -0.040725958;
 0, 0, 0, 1]
Ow:
[0.092889614;
 -0.012430018;
 0.051840529]
Keyframe: 66 Frame: 442 Frame from vFrameID : 443
Tcw:
[0.99999708, -0.00080944848, -0.002264397, 0.09146677;
 -0.0010994158, 0.68357688, -0.72987771, -0.010641396;
 0.0021386878, 0.72987807, 0.68357402, 0.05397312;
 0, 0, 0, 1]
Twc:
[0.99999708, -0.0010994158, 0.0021386878, -0.091593646;
 -0.00080944848, 0.68357688, 0.72987807, -0.032045547;
 -0.002264397, -0.72987771, 0.68357402, -0.044454422;
 0, 0, 0, 1]
Ow:
[0.09146677;
 -0.010641396;
 0.05397312]
Keyframe: 67 Frame: 450 Frame from vFrameID : 451
Tcw:
[0.9997282, 0.023309942, -0.00042947964, 0.09243498;
 -0.016298648, 0.68561524, -0.72778165, -0.010060374;
 -0.016670091, 0.72759086, 0.68580878, 0.055178761;
 0, 0, 0, 1]
Twc:
[0.9997282, -0.016298648, -0.016670091, -0.091653995;
 0.023309942, 0.68561524, 0.72759086, -0.035404671;
 -0.00042947964, -0.72778165, 0.68580878, -0.04512414;
 0, 0, 0, 1]
Ow:
[0.09243498;
 -0.010060374;
 0.055178761]
Keyframe: 68 Frame: 459 Frame from vFrameID : 460
Tcw:
[0.99947459, -0.0032919657, -0.032245491, 0.093076728;
 -0.021584619, 0.67456567, -0.73789924, -0.0091945976;
 0.024180841, 0.73820752, 0.67414016, 0.056178071;
 0, 0, 0, 1]
Twc:
[0.99947459, -0.021584619, 0.024180841, -0.094584718;
 -0.0032919657, 0.67456567, 0.73820752, -0.034962308;
 -0.032245491, -0.73789924, 0.67414016, -0.041655276;
 0, 0, 0, 1]
Ow:
[0.093076728;
 -0.0091945976;
 0.056178071]
Keyframe: 69 Frame: 468 Frame from vFrameID : 469
Tcw:
[0.99907428, -0.0073073278, -0.042393479, 0.093305059;
 -0.026082896, 0.68077117, -0.73203164, -0.0093478076;
 0.034209453, 0.73245972, 0.67995036, 0.057177875;
 0, 0, 0, 1]
Twc:
[0.99907428, -0.026082896, 0.034209453, -0.095418528;
 -0.0073073278, 0.68077117, 0.73245972, -0.034834962;
 -0.042393479, -0.73203164, 0.67995036, -0.041765481;
 0, 0, 0, 1]
Ow:
[0.093305059;
 -0.0093478076;
 0.057177875]
Keyframe: 70 Frame: 477 Frame from vFrameID : 478
Tcw:
[0.99903411, -0.015519184, -0.041109055, 0.094223998;
 -0.020459436, 0.66366667, -0.74774861, -0.0078511797;
 0.038887158, 0.74786747, 0.6627081, 0.058625653;
 0, 0, 0, 1]
Twc:
[0.99903411, -0.020459436, 0.038887158, -0.096573412;
 -0.015519184, 0.66366667, 0.74786747, -0.037171371;
 -0.041109055, -0.74774861, 0.6627081, -0.040848944;
 0, 0, 0, 1]
Ow:
[0.094223998;
 -0.0078511797;
 0.058625653]
Keyframe: 71 Frame: 485 Frame from vFrameID : 486
Tcw:
[0.99647593, -0.024756733, -0.080142327, 0.095445096;
 -0.042697825, 0.67268479, -0.73869622, -0.0072359871;
 0.072198227, 0.73951489, 0.66925716, 0.060100667;
 0, 0, 0, 1]
Twc:
[0.99647593, -0.042697825, 0.072198227, -0.099756859;
 -0.024756733, 0.67268479, 0.73951489, -0.03721489;
 -0.080142327, -0.73869622, 0.66925716, -0.037918806;
 0, 0, 0, 1]
Ow:
[0.095445096;
 -0.0072359871;
 0.060100667]
Keyframe: 72 Frame: 493 Frame from vFrameID : 494
Tcw:
[0.99460524, -0.024232561, -0.10086202, 0.096100323;
 -0.057681777, 0.67894268, -0.73192191, -0.0073157586;
 0.086215876, 0.73379129, 0.67388219, 0.061227974;
 0, 0, 0, 1]
Twc:
[0.99460524, -0.057681777, 0.086215876, -0.10128269;
 -0.024232561, 0.67894268, 0.73379129, -0.037632816;
 -0.10086202, -0.73192191, 0.67388219, -0.036922131;
 0, 0, 0, 1]
Ow:
[0.096100323;
 -0.0073157586;
 0.061227974]
Keyframe: 73 Frame: 500 Frame from vFrameID : 501
Tcw:
[0.9988935, -0.0028721888, -0.0469415, 0.095280722;
 -0.033214837, 0.66354728, -0.74739665, -0.0059376825;
 0.03329457, 0.74812883, 0.6627177, 0.06184902;
 0, 0, 0, 1]
Twc:
[0.9988935, -0.033214837, 0.03329457, -0.097431749;
 -0.0028721888, 0.66354728, 0.74812883, -0.042057436;
 -0.0469415, -0.74739665, 0.6627177, -0.040953621;
 0, 0, 0, 1]
Ow:
[0.095280722;
 -0.0059376825;
 0.06184902]
Keyframe: 74 Frame: 508 Frame from vFrameID : 509
Tcw:
[0.99811393, 0.055041317, -0.027184878, 0.092821129;
 -0.056836296, 0.66120118, -0.7480526, 0.00037590042;
 -0.023199126, 0.74818683, 0.66308242, 0.058351327;
 0, 0, 0, 1]
Twc:
[0.99811393, -0.056836296, -0.023199126, -0.091270998;
 0.055041317, 0.66120118, 0.74818683, -0.049015231;
 -0.027184878, -0.7480526, 0.66308242, -0.035887215;
 0, 0, 0, 1]
Ow:
[0.092821129;
 0.00037590042;
 0.058351327]
Keyframe: 75 Frame: 517 Frame from vFrameID : 518
Tcw:
[0.99876904, 0.024240607, -0.043276262, 0.093378574;
 -0.048506342, 0.65973258, -0.74993336, -0.0010983031;
 0.010371921, 0.75110936, 0.66009629, 0.060288474;
 0, 0, 0, 1]
Twc:
[0.99876904, -0.048506342, 0.010371921, -0.09394221;
 0.024240607, 0.65973258, 0.75110936, -0.046822209;
 -0.043276262, -0.74993336, 0.66009629, -0.036578778;
 0, 0, 0, 1]
Ow:
[0.093378574;
 -0.0010983031;
 0.060288474]
Keyframe: 76 Frame: 526 Frame from vFrameID : 527
Tcw:
[0.99702209, 0.010252072, -0.076432176, 0.093531631;
 -0.063768275, 0.66695166, -0.74236721, -0.0010360479;
 0.043365765, 0.74503046, 0.66561931, 0.060716964;
 0, 0, 0, 1]
Twc:
[0.99702209, -0.063768275, 0.043365765, -0.095952205;
 0.010252072, 0.66695166, 0.74503046, -0.045503885;
 -0.076432176, -0.74236721, 0.66561931, -0.034034684;
 0, 0, 0, 1]
Ow:
[0.093531631;
 -0.0010360479;
 0.060716964]
Keyframe: 77 Frame: 534 Frame from vFrameID : 535
Tcw:
[0.99734026, 0.012387179, -0.071826264, 0.093419172;
 -0.062272374, 0.65691537, -0.75138831, 0.00068368204;
 0.037876196, 0.75386256, 0.65593946, 0.060579173;
 0, 0, 0, 1]
Twc:
[0.99734026, -0.062272374, 0.037876196, -0.095422626;
 0.012387179, 0.65691537, 0.75386256, -0.047274694;
 -0.071826264, -0.75138831, 0.65593946, -0.032512613;
 0, 0, 0, 1]
Ow:
[0.093419172;
 0.00068368204;
 0.060579173]
Keyframe: 78 Frame: 542 Frame from vFrameID : 543
Tcw:
[0.99754101, 0.01749316, -0.067867294, 0.09409374;
 -0.06226106, 0.66580504, -0.74352354, 0.00092682987;
 0.032179806, 0.74592066, 0.66525698, 0.0608369;
 0, 0, 0, 1]
Twc:
[0.99754101, -0.06226106, 0.032179806, -0.095762372;
 0.01749316, 0.66580504, 0.74592066, -0.047642585;
 -0.067867294, -0.74352354, 0.66525698, -0.03339716;
 0, 0, 0, 1]
Ow:
[0.09409374;
 0.00092682987;
 0.0608369]
Keyframe: 79 Frame: 549 Frame from vFrameID : 550
Tcw:
[0.99540198, -0.018494835, -0.093982905, 0.094404906;
 -0.05709267, 0.6732797, -0.73718035, 0.00085663237;
 0.076910816, 0.73915654, 0.66912806, 0.061236151;
 0, 0, 0, 1]
Twc:
[0.99540198, -0.05709267, 0.076910816, -0.09863165;
 -0.018494835, 0.6732797, 0.73915654, -0.044093851;
 -0.093982905, -0.73718035, 0.66912806, -0.031470884;
 0, 0, 0, 1]
Ow:
[0.094404906;
 0.00085663237;
 0.061236151]
Keyframe: 80 Frame: 558 Frame from vFrameID : 559
Tcw:
[0.99758315, -0.024916699, -0.064861208, 0.094320178;
 -0.032277949, 0.66046393, -0.75016367, 0.0020176936;
 0.061530091, 0.75044423, 0.65806347, 0.06166146;
 0, 0, 0, 1]
Twc:
[0.99758315, -0.032277949, 0.061530091, -0.097821139;
 -0.024916699, 0.66046393, 0.75044423, -0.045255952;
 -0.064861208, -0.75016367, 0.65806347, -0.03294583;
 0, 0, 0, 1]
Ow:
[0.094320178;
 0.0020176936;
 0.06166146]
Keyframe: 81 Frame: 567 Frame from vFrameID : 568
Tcw:
[0.9989804, 0.029605255, -0.034083944, 0.0927945;
 -0.045146115, 0.65308219, -0.75594014, 0.0057974122;
 -0.00012018337, 0.75670815, 0.65375286, 0.059730284;
 0, 0, 0, 1]
Twc:
[0.9989804, -0.045146115, -0.00012018337, -0.092430972;
 0.029605255, 0.65308219, 0.75670815, -0.05173178;
 -0.034083944, -0.75594014, 0.65375286, -0.031503543;
 0, 0, 0, 1]
Ow:
[0.0927945;
 0.0057974122;
 0.059730284]
Keyframe: 82 Frame: 575 Frame from vFrameID : 576
Tcw:
[0.99934185, 0.017598627, -0.031720057, 0.091490112;
 -0.035582013, 0.64566594, -0.76279056, 0.0065230392;
 0.0070564938, 0.76341718, 0.64586717, 0.059545193;
 0, 0, 0, 1]
Twc:
[0.99934185, -0.035582013, 0.0070564938, -0.091617972;
 0.017598627, 0.64566594, 0.76341718, -0.051279627;
 -0.031720057, -0.76279056, 0.64586717, -0.030580502;
 0, 0, 0, 1]
Ow:
[0.091490112;
 0.0065230392;
 0.059545193]
Keyframe: 83 Frame: 584 Frame from vFrameID : 585
Tcw:
[0.99903971, 0.028223809, -0.033512972, 0.087494716;
 -0.043813784, 0.64763033, -0.76069397, 0.0089848991;
 0.00023433789, 0.76143175, 0.64824504, 0.057227012;
 0, 0, 0, 1]
Twc:
[0.99903971, -0.043813784, 0.00023433789, -0.087030441;
 0.028223809, 0.64763033, 0.76143175, -0.051862795;
 -0.033512972, -0.76069397, 0.64824504, -0.027330156;
 0, 0, 0, 1]
Ow:
[0.087494716;
 0.0089848991;
 0.057227012]
Keyframe: 84 Frame: 592 Frame from vFrameID : 593
Tcw:
[0.99874729, 0.050021458, -0.0013227788, 0.086163297;
 -0.033026684, 0.63910317, -0.76841158, 0.010811372;
 -0.037591673, 0.76749265, 0.63995463, 0.056250308;
 0, 0, 0, 1]
Twc:
[0.99874729, -0.033026684, -0.037591673, -0.08358375;
 0.050021458, 0.63910317, 0.76749265, -0.054391291;
 -0.0013227788, -0.76841158, 0.63995463, -0.027576081;
 0, 0, 0, 1]
Ow:
[0.086163297;
 0.010811372;
 0.056250308]
Keyframe: 85 Frame: 601 Frame from vFrameID : 602
Tcw:
[0.99844635, 0.05376013, 0.014652409, 0.085802443;
 -0.02340108, 0.64320439, -0.76533687, 0.010763824;
 -0.050569102, 0.76380491, 0.64346313, 0.056680568;
 0, 0, 0, 1]
Twc:
[0.99844635, -0.02340108, -0.050569102, -0.082550965;
 0.05376013, 0.64320439, 0.76380491, -0.054828983;
 0.014652409, -0.76533687, 0.64346313, -0.029491113;
 0, 0, 0, 1]
Ow:
[0.085802443;
 0.010763824;
 0.056680568]
Keyframe: 86 Frame: 608 Frame from vFrameID : 609
Tcw:
[0.99842751, 0.045001086, -0.03342776, 0.085738093;
 -0.054515827, 0.64053208, -0.76599389, 0.010745922;
 -0.013059005, 0.76661175, 0.64197814, 0.057142761;
 0, 0, 0, 1]
Twc:
[0.99842751, -0.054515827, -0.013059005, -0.084271222;
 0.045001086, 0.64053208, 0.76661175, -0.054547727;
 -0.03342776, -0.76599389, 0.64197814, -0.02558706;
 0, 0, 0, 1]
Ow:
[0.085738093;
 0.010745922;
 0.057142761]
Keyframe: 87 Frame: 616 Frame from vFrameID : 617
Tcw:
[0.99820793, 0.02547547, -0.054146942, 0.087124623;
 -0.05766226, 0.65140623, -0.75653487, 0.0098591745;
 0.015998574, 0.75830132, 0.65170783, 0.058005109;
 0, 0, 0, 1]
Twc:
[0.99820793, -0.05766226, 0.015998574, -0.087327994;
 0.02547547, 0.65140623, 0.75830132, -0.052627224;
 -0.054146942, -0.75653487, 0.65170783, -0.025626047;
 0, 0, 0, 1]
Ow:
[0.087124623;
 0.0098591745;
 0.058005109]
Keyframe: 88 Frame: 625 Frame from vFrameID : 626
Tcw:
[0.99924093, 0.026637744, -0.02842449, 0.087215431;
 -0.038892925, 0.6408878, -0.76664865, 0.0096989535;
 -0.0022048815, 0.76717222, 0.64143735, 0.058778509;
 0, 0, 0, 1]
Twc:
[0.99924093, -0.038892925, -0.0022048815, -0.086642407;
 0.026637744, 0.6408878, 0.76717222, -0.053632405;
 -0.02842449, -0.76664865, 0.64143735, -0.027787987;
 0, 0, 0, 1]
Ow:
