Keyframe: 0 Frame: 0 Frame from vFrameID : 86
Tcw:
[0.99893671, 0.041985538, -0.019043725, 0.060874872;
 -0.042130418, 0.6636101, -0.74689132, -0.076524816;
 -0.018721025, 0.74689949, 0.66467339, 0.043261297;
 0, 0, 0, 1]
Twc:
[0.99893671, -0.042130418, -0.018721025, -0.063224271;
 0.041985538, 0.6636101, 0.74689949, 0.015914939;
 -0.019043725, -0.74689132, 0.66467339, -0.08475107;
 0, 0, 0, 1]
Ow:
[0.060874872;
 -0.076524816;
 0.043261297]
Keyframe: 1 Frame: 85 Frame from vFrameID : 86
Tcw:
[0.9984504, 0.048764225, -0.026812514, 0.062667556;
 -0.052374341, 0.66057616, -0.74892998, -0.07626459;
 -0.018809281, 0.7491737, 0.66210651, 0.043663129;
 0, 0, 0, 1]
Twc:
[0.9984504, -0.052374341, -0.018809281, -0.065743484;
 0.048764225, 0.66057616, 0.7491737, 0.014611364;
 -0.026812514, -0.74892998, 0.66210651, -0.084346198;
 0, 0, 0, 1]
Ow:
[0.062667556;
 -0.07626459;
 0.043663129]
Keyframe: 2 Frame: 87 Frame from vFrameID : 88
Tcw:
[0.99798781, 0.057742868, -0.026194001, 0.063757248;
 -0.057955563, 0.66314322, -0.74624544, -0.076386169;
 -0.025719978, 0.74626189, 0.66515535, 0.044432279;
 0, 0, 0, 1]
Twc:
[0.99798781, -0.057955563, -0.025719978, -0.066913158;
 0.057742868, 0.66314322, 0.74626189, 0.013815326;
 -0.026194001, -0.74624544, 0.66515535, -0.084887139;
 0, 0, 0, 1]
Ow:
[0.063757248;
 -0.076386169;
 0.044432279]
Keyframe: 3 Frame: 88 Frame from vFrameID : 89
Tcw:
[0.99786752, 0.060135189, -0.025380202, 0.064162463;
 -0.058960382, 0.66363686, -0.74572766, -0.077048637;
 -0.02800124, 0.74563384, 0.66576725, 0.045836844;
 0, 0, 0, 1]
Twc:
[0.99786752, -0.058960382, -0.02800124, -0.067284971;
 0.060135189, 0.66363686, 0.74563384, 0.013096389;
 -0.025380202, -0.74572766, 0.66576725, -0.086345516;
 0, 0, 0, 1]
Ow:
[0.064162463;
 -0.077048637;
 0.045836844]
Keyframe: 4 Frame: 90 Frame from vFrameID : 91
Tcw:
[0.99769908, 0.060289618, -0.031012036, 0.06476362;
 -0.063318826, 0.66508585, -0.74407762, -0.076798365;
 -0.02423449, 0.74432921, 0.667373, 0.047866568;
 0, 0, 0, 1]
Twc:
[0.99769908, -0.063318826, -0.02423449, -0.068317361;
 0.060289618, 0.66508585, 0.74432921, 0.011544448;
 -0.031012036, -0.74407762, 0.667373, -0.087080352;
 0, 0, 0, 1]
Ow:
[0.06476362;
 -0.076798365;
 0.047866568]
Keyframe: 5 Frame: 92 Frame from vFrameID : 93
Tcw:
[0.99787921, 0.054955114, -0.03488633, 0.065047927;
 -0.06271226, 0.66802281, -0.74149358, -0.076573491;
 -0.017444002, 0.74210882, 0.67005241, 0.049019679;
 0, 0, 0, 1]
Twc:
[0.99787921, -0.06271226, -0.017444002, -0.068856969;
 0.054955114, 0.66802281, 0.74210882, 0.011200184;
 -0.03488633, -0.74149358, 0.67005241, -0.087355219;
 0, 0, 0, 1]
Ow:
[0.065047927;
 -0.076573491;
 0.049019679]
Keyframe: 6 Frame: 94 Frame from vFrameID : 95
Tcw:
[0.99862611, 0.041209675, -0.032367822, 0.065420933;
 -0.05170124, 0.67420644, -0.73673105, -0.076890275;
 -0.008537855, 0.73739237, 0.67541075, 0.053728744;
 0, 0, 0, 1]
Twc:
[0.99862611, -0.05170124, -0.008537855, -0.068847649;
 0.041209675, 0.67420644, 0.73739237, 0.0095247775;
 -0.032367822, -0.73673105, 0.67541075, -0.090818889;
 0, 0, 0, 1]
Ow:
[0.065420933;
 -0.076890275;
 0.053728744]
Keyframe: 7 Frame: 97 Frame from vFrameID : 98
Tcw:
[0.99905384, 0.038805708, -0.019636113, 0.066222303;
 -0.040608928, 0.6707328, -0.74058658, -0.077317715;
 -0.015568402, 0.74068326, 0.67167401, 0.05684869;
 0, 0, 0, 1]
Twc:
[0.99905384, -0.040608928, -0.015568402, -0.06841439;
 0.038805708, 0.6707328, 0.74068326, 0.0071828519;
 -0.019636113, -0.74058658, 0.67167401, -0.094143897;
 0, 0, 0, 1]
Ow:
[0.066222303;
 -0.077317715;
 0.05684869]
Keyframe: 8 Frame: 100 Frame from vFrameID : 101
Tcw:
[0.99856836, 0.05345, -0.002082499, 0.068596296;
 -0.037049416, 0.66303754, -0.74766874, -0.076934196;
 -0.03858212, 0.74667555, 0.66406858, 0.060406446;
 0, 0, 0, 1]
Twc:
[0.99856836, -0.037049416, -0.03858212, -0.06901785;
 0.05345, 0.66303754, 0.74667555, 0.0022397714;
 -0.002082499, -0.74766874, 0.66406858, -0.097492471;
 0, 0, 0, 1]
Ow:
[0.068596296;
 -0.076934196;
 0.060406446]
Keyframe: 9 Frame: 104 Frame from vFrameID : 105
Tcw:
[0.99844748, 0.055160258, 0.0077436701, 0.070691273;
 -0.031262141, 0.66999573, -0.74170643, -0.075736374;
 -0.046100944, 0.74031281, 0.67067999, 0.064797215;
 0, 0, 0, 1]
Twc:
[0.99844748, -0.031262141, -0.046100944, -0.069961987;
 0.055160258, 0.66999573, 0.74031281, -0.0011265157;
 0.0077436701, -0.74170643, 0.67067999, -0.10017975;
 0, 0, 0, 1]
Ow:
[0.070691273;
 -0.075736374;
 0.064797215]
Keyframe: 10 Frame: 107 Frame from vFrameID : 108
Tcw:
[0.99810892, 0.061206486, 0.0056906217, 0.072732516;
 -0.036761437, 0.66853607, -0.74277061, -0.07618311;
 -0.049266763, 0.74115676, 0.66952181, 0.068244569;
 0, 0, 0, 1]
Twc:
[0.99810892, -0.036761437, -0.049266763, -0.072033383;
 0.061206486, 0.66853607, 0.74115676, -0.0041004736;
 0.0056906217, -0.74277061, 0.66952181, -0.1026917;
 0, 0, 0, 1]
Ow:
[0.072732516;
 -0.07618311;
 0.068244569]
Keyframe: 11 Frame: 111 Frame from vFrameID : 112
Tcw:
[0.99774069, 0.06284146, -0.023757583, 0.075827092;
 -0.059705447, 0.66727614, -0.74241352, -0.076393954;
 -0.030801482, 0.74215466, 0.66952056, 0.073690742;
 0, 0, 0, 1]
Twc:
[0.99774069, -0.059705447, -0.030801482, -0.077947132;
 0.06284146, 0.66727614, 0.74215466, -0.0084791454;
 -0.023757583, -0.74241352, 0.66952056, -0.1042519;
 0, 0, 0, 1]
Ow:
[0.075827092;
 -0.076393954;
 0.073690742]
Keyframe: 12 Frame: 115 Frame from vFrameID : 116
Tcw:
[0.99607641, 0.045597062, -0.07584624, 0.078391291;
 -0.087066725, 0.65839088, -0.74762344, -0.076991796;
 0.015847037, 0.75129378, 0.65977764, 0.079672098;
 0, 0, 0, 1]
Twc:
[0.99607641, -0.087066725, 0.015847037, -0.086049713;
 0.045597062, 0.65839088, 0.75129378, -0.012740868;
 -0.07584624, -0.74762344, 0.65977764, -0.10418106;
 0, 0, 0, 1]
Ow:
[0.078391291;
 -0.076991796;
 0.079672098]
Keyframe: 13 Frame: 120 Frame from vFrameID : 121
Tcw:
[0.99482161, 0.024516994, -0.098635219, 0.078656942;
 -0.090393692, 0.65709287, -0.74837017, -0.078640535;
 0.046464715, 0.75341082, 0.65590638, 0.084008224;
 0, 0, 0, 1]
Twc:
[0.99482161, -0.090393692, 0.046464715, -0.089261651;
 0.024516994, 0.65709287, 0.75341082, -0.013547002;
 -0.098635219, -0.74837017, 0.65590638, -0.10619541;
 0, 0, 0, 1]
Ow:
[0.078656942;
 -0.078640535;
 0.084008224]
Keyframe: 14 Frame: 125 Frame from vFrameID : 126
Tcw:
[0.9969188, 0.034786597, -0.070304997, 0.078941554;
 -0.075923048, 0.65316635, -0.75339854, -0.076563209;
 0.019712688, 0.75641495, 0.65379494, 0.09045992;
 0, 0, 0, 1]
Twc:
[0.9969188, -0.075923048, 0.019712688, -0.086294435;
 0.034786597, 0.65316635, 0.75641495, -0.021162825;
 -0.070304997, -0.75339854, 0.65379494, -0.11127487;
 0, 0, 0, 1]
Ow:
[0.078941554;
 -0.076563209;
 0.09045992]
Keyframe: 15 Frame: 131 Frame from vFrameID : 132
Tcw:
[0.99874949, 0.047619831, -0.015225895, 0.083788171;
 -0.042784337, 0.65654707, -0.75307065, -0.072499573;
 -0.025864581, 0.75278038, 0.65776342, 0.10102845;
 0, 0, 0, 1]
Twc:
[0.99874949, -0.042784337, -0.025864581, -0.084172174;
 0.047619831, 0.65654707, 0.75278038, -0.032442827;
 -0.015225895, -0.75307065, 0.65776342, -0.11977438;
 0, 0, 0, 1]
Ow:
[0.083788171;
 -0.072499573;
 0.10102845]
Keyframe: 16 Frame: 136 Frame from vFrameID : 137
Tcw:
[0.99935007, 0.029422773, -0.020827653, 0.085926026;
 -0.034886364, 0.6438579, -0.76434934, -0.071753606;
 -0.00907923, 0.76457918, 0.64446586, 0.11018286;
 0, 0, 0, 1]
Twc:
[0.99935007, -0.034886364, -0.00907923, -0.087373026;
 0.029422773, 0.6438579, 0.76457918, -0.040572569;
 -0.020827653, -0.76434934, 0.64446586, -0.12406428;
 0, 0, 0, 1]
Ow:
[0.085926026;
 -0.071753606;
 0.11018286]
Keyframe: 17 Frame: 142 Frame from vFrameID : 143
Tcw:
[0.99800462, 0.057619024, -0.025823247, 0.09413562;
 -0.056842044, 0.64180219, -0.76476067, -0.071108475;
 -0.02749135, 0.76470256, 0.64379674, 0.11868697;
 0, 0, 0, 1]
Twc:
[0.99800462, -0.056842044, -0.02749135, -0.094726868;
 0.057619024, 0.64180219, 0.76470256, -0.05054665;
 -0.025823247, -0.76476067, 0.64379674, -0.12836036;
 0, 0, 0, 1]
Ow:
[0.09413562;
 -0.071108475;
 0.11868697]
Keyframe: 18 Frame: 148 Frame from vFrameID : 149
Tcw:
[0.9976235, 0.058856994, -0.03582238, 0.097873442;
 -0.065255746, 0.64022887, -0.7654075, -0.072596639;
 -0.022115061, 0.76592612, 0.64254814, 0.12709987;
 0, 0, 0, 1]
Twc:
[0.9976235, -0.065255746, -0.022115061, -0.099567369;
 0.058856994, 0.64022887, 0.76592612, -0.056631181;
 -0.03582238, -0.7654075, 0.64254814, -0.13372773;
 0, 0, 0, 1]
Ow:
[0.097873442;
 -0.072596639;
 0.12709987]
Keyframe: 19 Frame: 155 Frame from vFrameID : 156
Tcw:
[0.99801505, 0.042360559, -0.046599448, 0.10173037;
 -0.062896892, 0.63349354, -0.77118737, -0.077779561;
 -0.0031474791, 0.77258754, 0.63490045, 0.13615093;
 0, 0, 0, 1]
Twc:
[0.99801505, -0.062896892, -0.0031474791, -0.105992;
 0.042360559, 0.63349354, 0.77258754, -0.06022501;
 -0.046599448, -0.77118737, 0.63490045, -0.14168431;
 0, 0, 0, 1]
Ow:
[0.10173037;
 -0.077779561;
 0.13615093]
Keyframe: 20 Frame: 161 Frame from vFrameID : 162
Tcw:
[0.9978832, 0.063129023, -0.015616099, 0.10020633;
 -0.051927056, 0.62892187, -0.77573246, -0.078822121;
 -0.039149925, 0.77490127, 0.63086867, 0.14865516;
 0, 0, 0, 1]
Twc:
[0.9978832, -0.051927056, -0.039149925, -0.098267376;
 0.063129023, 0.62892187, 0.77490127, -0.071946055;
 -0.015616099, -0.77573246, 0.63086867, -0.15336193;
 0, 0, 0, 1]
Ow:
[0.10020633;
 -0.078822121;
 0.14865516]
Keyframe: 21 Frame: 167 Frame from vFrameID : 168
Tcw:
[0.99557173, 0.094004348, -0.00029669714, 0.099548101;
 -0.058988269, 0.62226331, -0.78058231, -0.080977783;
 -0.073193505, 0.77714318, 0.62505293, 0.1586066;
 0, 0, 0, 1]
Twc:
[0.99557173, -0.058988269, -0.073193505, -0.092275046;
 0.094004348, 0.62226331, 0.77714318, -0.082228497;
 -0.00029669714, -0.78058231, 0.62505293, -0.16231781;
 0, 0, 0, 1]
Ow:
[0.099548101;
 -0.080977783;
 0.1586066]
Keyframe: 22 Frame: 174 Frame from vFrameID : 175
Tcw:
[0.99639493, 0.083770663, -0.013402332, 0.10524864;
 -0.062427644, 0.61702985, -0.78445965, -0.080364726;
 -0.057445064, 0.78246826, 0.62003505, 0.16570839;
 0, 0, 0, 1]
Twc:
[0.99639493, -0.062427644, -0.057445064, -0.10036707;
 0.083770663, 0.61702985, 0.78246826, -0.088890888;
 -0.013402332, -0.78445965, 0.62003505, -0.16437732;
 0, 0, 0, 1]
Ow:
[0.10524864;
 -0.080364726;
 0.16570839]
Keyframe: 23 Frame: 181 Frame from vFrameID : 182
Tcw:
[0.99750268, 0.07008867, -0.0087173609, 0.10995682;
 -0.050546501, 0.62221396, -0.7812137, -0.087527663;
 -0.049330164, 0.77970338, 0.62420285, 0.17548345;
 0, 0, 0, 1]
Twc:
[0.99750268, -0.050546501, -0.049330164, -0.1054498;
 0.07008867, 0.62221396, 0.77970338, -0.090070829;
 -0.0087173609, -0.7812137, 0.62420285, -0.17695653;
 0, 0, 0, 1]
Ow:
[0.10995682;
 -0.087527663;
 0.17548345]
Keyframe: 24 Frame: 188 Frame from vFrameID : 189
Tcw:
[0.99819362, 0.055767141, -0.022349238, 0.11783385;
 -0.052521504, 0.62938207, -0.7753191, -0.087245822;
 -0.029171119, 0.77509236, 0.63117421, 0.19091938;
 0, 0, 0, 1]
Twc:
[0.99819362, -0.052521504, -0.029171119, -0.11663394;
 0.055767141, 0.62938207, 0.77509236, -0.099640459;
 -0.022349238, -0.7753191, 0.63117421, -0.18551324;
 0, 0, 0, 1]
Ow:
[0.11783385;
 -0.087245822;
 0.19091938]
Keyframe: 25 Frame: 194 Frame from vFrameID : 195
Tcw:
[0.99712569, 0.07559666, -0.0050530052, 0.11785918;
 -0.052162569, 0.63659829, -0.76942945, -0.090019874;
 -0.054949563, 0.76748145, 0.63871181, 0.19361448;
 0, 0, 0, 1]
Twc:
[0.99712569, -0.052162569, -0.054949563, -0.11157706;
 0.07559666, 0.63659829, 0.76748145, -0.10019878;
 -0.0050530052, -0.76942945, 0.63871181, -0.19233225;
 0, 0, 0, 1]
Ow:
[0.11785918;
 -0.090019874;
 0.19361448]
Keyframe: 26 Frame: 201 Frame from vFrameID : 202
Tcw:
[0.9960438, 0.086845957, 0.018829757, 0.12529071;
 -0.038789414, 0.61554635, -0.7871455, -0.082616501;
 -0.079950996, 0.783301, 0.61647981, 0.20753849;
 0, 0, 0, 1]
Twc:
[0.9960438, -0.038789414, -0.079950996, -0.11140677;
 0.086845957, 0.61554635, 0.783301, -0.12259181;
 0.018829757, -0.7871455, 0.61647981, -0.19533369;
 0, 0, 0, 1]
Ow:
[0.12529071;
 -0.082616501;
 0.20753849]
Keyframe: 27 Frame: 208 Frame from vFrameID : 209
Tcw:
[0.99650925, 0.081906259, 0.016146552, 0.12822741;
 -0.038072404, 0.61800641, -0.78525066, -0.086366676;
 -0.074295618, 0.7818948, 0.61896741, 0.21658111;
 0, 0, 0, 1]
Twc:
[0.99650925, -0.038072404, -0.074295618, -0.11497696;
 0.081906259, 0.61800641, 0.7818948, -0.12647112;
 0.016146552, -0.78525066, 0.61896741, -0.20394658;
 0, 0, 0, 1]
Ow:
[0.12822741;
 -0.086366676;
 0.21658111]
Keyframe: 28 Frame: 215 Frame from vFrameID : 216
Tcw:
[0.99538618, 0.094732963, -0.015232321, 0.13842952;
 -0.070264556, 0.6115759, -0.78805953, -0.081125177;
 -0.065339491, 0.78549385, 0.61541057, 0.23077938;
 0, 0, 0, 1]
Twc:
[0.99538618, -0.070264556, -0.065339491, -0.12841205;
 0.094732963, 0.6115759, 0.78549385, -0.14477542;
 -0.015232321, -0.78805953, 0.61541057, -0.20384693;
 0, 0, 0, 1]
Ow:
[0.13842952;
 -0.081125177;
 0.23077938]
Keyframe: 29 Frame: 224 Frame from vFrameID : 225
Tcw:
[0.99538898, 0.095672049, -0.00690305, 0.14901489;
 -0.065655455, 0.6270873, -0.77617711, -0.081243888;
 -0.069929637, 0.77305132, 0.63047719, 0.25184295;
 0, 0, 0, 1]
Twc:
[0.99538898, -0.065655455, -0.069929637, -0.13605061;
 0.095672049, 0.6270873, 0.77305132, -0.15799709;
 -0.00690305, -0.77617711, 0.63047719, -0.22081222;
 0, 0, 0, 1]
Ow:
[0.14901489;
 -0.081243888;
 0.25184295]
Keyframe: 30 Frame: 231 Frame from vFrameID : 232
Tcw:
[0.99452972, 0.10424693, 0.0065760068, 0.14761536;
 -0.056498922, 0.58982247, -0.80555403, -0.074720226;
 -0.087855212, 0.80077589, 0.59248585, 0.26579419;
 0, 0, 0, 1]
Twc:
[0.99452972, -0.056498922, -0.087855212, -0.12767807;
 0.10424693, 0.58982247, 0.80077589, -0.18415835;
 0.0065760068, -0.80555403, 0.59248585, -0.21864118;
 0, 0, 0, 1]
Ow:
[0.14761536;
 -0.074720226;
 0.26579419]
Keyframe: 31 Frame: 240 Frame from vFrameID : 241
Tcw:
[0.99700695, 0.076613024, 0.010370404, 0.15881361;
 -0.039201409, 0.61658514, -0.78631169, -0.069431297;
 -0.066635951, 0.78355169, 0.61774302, 0.28463233;
 0, 0, 0, 1]
Twc:
[0.99700695, -0.039201409, -0.066635951, -0.14209335;
 0.076613024, 0.61658514, 0.78355169, -0.19238104;
 0.010370404, -0.78631169, 0.61774302, -0.23207122;
 0, 0, 0, 1]
Ow:
[0.15881361;
 -0.069431297;
 0.28463233]
Keyframe: 32 Frame: 247 Frame from vFrameID : 248
Tcw:
[0.99836141, 0.049642552, -0.028462932, 0.17415076;
 -0.053027462, 0.61563623, -0.78624433, -0.071850859;
 -0.021508362, 0.78646529, 0.61725986, 0.30601633;
 0, 0, 0, 1]
Twc:
[0.99836141, -0.053027462, -0.021508362, -0.17109355;
 0.049642552, 0.61563623, 0.78646529, -0.20508251;
 -0.028462932, -0.78624433, 0.61725986, -0.24042708;
 0, 0, 0, 1]
Ow:
[0.17415076;
 -0.071850859;
 0.30601633]
Keyframe: 33 Frame: 257 Frame from vFrameID : 258
Tcw:
[0.99883163, 0.03717215, -0.030880587, 0.18339449;
 -0.047371637, 0.62678021, -0.77775478, -0.063377336;
 -0.0095554749, 0.77830893, 0.62780881, 0.33140069;
 0, 0, 0, 1]
Twc:
[0.99883163, -0.047371637, -0.0095554749, -0.18301581;
 0.03717215, 0.62678021, 0.77830893, -0.22502562;
 -0.030880587, -0.77775478, 0.62780881, -0.25168496;
 0, 0, 0, 1]
Ow:
[0.18339449;
 -0.063377336;
 0.33140069]
Keyframe: 34 Frame: 264 Frame from vFrameID : 265
Tcw:
[0.9994821, 0.022125091, -0.02336647, 0.2012407;
 -0.031995408, 0.60573906, -0.79501981, -0.066551134;
 -0.0034359025, 0.79535568, 0.60613322, 0.35398924;
 0, 0, 0, 1]
Twc:
[0.9994821, -0.031995408, -0.0034359025, -0.20204954;
 0.022125091, 0.60573906, 0.79535568, -0.24568723;
 -0.02336647, -0.79501981, 0.60613322, -0.26277184;
 0, 0, 0, 1]
Ow:
[0.2012407;
 -0.066551134;
 0.35398924]
Keyframe: 35 Frame: 273 Frame from vFrameID : 274
Tcw:
[0.99853718, 0.0043565808, -0.053893965, 0.21235055;
 -0.044947498, 0.62091762, -0.78258616, -0.063549057;
 0.03005431, 0.78386372, 0.6202051, 0.37877953;
 0, 0, 0, 1]
Twc:
[0.99853718, -0.044947498, 0.03005431, -0.22628023;
 0.0043565808, 0.62091762, 0.78386372, -0.25837794;
 -0.053893965, -0.78258616, 0.6202051, -0.27320921;
 0, 0, 0, 1]
Ow:
[0.21235055;
 -0.063549057;
 0.37877953]
Keyframe: 36 Frame: 283 Frame from vFrameID : 284
Tcw:
[0.99412936, 0.0068095191, -0.10798331, 0.22514859;
 -0.089200586, 0.61643547, -0.78233659, -0.0668751;
 0.061237406, 0.78737599, 0.613424, 0.40410092;
 0, 0, 0, 1]
Twc:
[0.99412936, -0.089200586, 0.061237406, -0.25453821;
 0.0068095191, 0.61643547, 0.78737599, -0.27848834;
 -0.10798331, -0.78233659, 0.613424, -0.27589178;
 0, 0, 0, 1]
Ow:
[0.22514859;
 -0.0668751;
 0.40410092]
Keyframe: 37 Frame: 290 Frame from vFrameID : 291
Tcw:
[0.9966622, 0.035248008, -0.073634848, 0.22255889;
 -0.07836841, 0.66575414, -0.74204439, -0.073452875;
 0.022867117, 0.7453382, 0.66629428, 0.42412376;
 0, 0, 0, 1]
Twc:
[0.9966622, -0.07836841, 0.022867117, -0.23727089;
 0.035248008, 0.66575414, 0.7453382, -0.27505884;
 -0.073634848, -0.74204439, 0.66629428, -0.32070842;
 0, 0, 0, 1]
Ow:
[0.22255889;
 -0.073452875;
 0.42412376]
Keyframe: 38 Frame: 299 Frame from vFrameID : 300
Tcw:
[0.99816906, -0.00083123357, -0.060479764, 0.24254264;
 -0.045608148, 0.64642906, -0.76160973, -0.065037683;
 0.039728951, 0.76297367, 0.64520758, 0.4512583;
 0, 0, 0, 1]
Twc:
[0.99816906, -0.045608148, 0.039728951, -0.26299283;
 -0.00083123357, 0.64642906, 0.76297367, -0.30205435;
 -0.060479764, -0.76160973, 0.64520758, -0.3260197;
 0, 0, 0, 1]
Ow:
[0.24254264;
 -0.065037683;
 0.4512583]
Keyframe: 39 Frame: 308 Frame from vFrameID : 309
Tcw:
[0.99140108, -0.023371013, -0.12875445, 0.26318204;
 -0.084673263, 0.63561058, -0.76735234, -0.053783685;
 0.099771492, 0.77165598, 0.62816614, 0.46964467;
 0, 0, 0, 1]
Twc:
[0.99140108, -0.084673263, 0.099771492, -0.31233013;
 -0.023371013, 0.63561058, 0.77165598, -0.3220678;
 -0.12875445, -0.76735234, 0.62816614, -0.30240002;
 0, 0, 0, 1]
Ow:
[0.26318204;
 -0.053783685;
 0.46964467]
Keyframe: 40 Frame: 316 Frame from vFrameID : 317
Tcw:
[0.99359709, -0.019602235, -0.11126822, 0.27406201;
 -0.071484625, 0.65357286, -0.7534802, -0.05927375;
 0.087491788, 0.75660974, 0.64798683, 0.48871452;
 0, 0, 0, 1]
Twc:
[0.99359709, -0.071484625, 0.087491788, -0.31930286;
 -0.019602235, 0.65357286, 0.75660974, -0.32565421;
 -0.11126822, -0.7534802, 0.64798683, -0.3308478;
 0, 0, 0, 1]
Ow:
[0.27406201;
 -0.05927375;
 0.48871452]
Keyframe: 41 Frame: 325 Frame from vFrameID : 326
Tcw:
[0.99703121, -0.0059860996, -0.076765075, 0.27216211;
 -0.054505639, 0.64932233, -0.75855762, -0.067825615;
 0.054386079, 0.76048976, 0.64706838, 0.50725579;
 0, 0, 0, 1]
Twc:
[0.99703121, -0.054505639, 0.054386079, -0.30263868;
 -0.0059860996, 0.64932233, 0.76048976, -0.34009296;
 -0.076765075, -0.75855762, 0.64706838, -0.35878626;
 0, 0, 0, 1]
Ow:
[0.27216211;
 -0.067825615;
 0.50725579]
Keyframe: 42 Frame: 333 Frame from vFrameID : 334
Tcw:
[0.99006748, -0.051595643, -0.13078348, 0.28694284;
 -0.06620995, 0.64950812, -0.7574665, -0.060053095;
 0.1240269, 0.75860208, 0.63964069, 0.53496242;
 0, 0, 0, 1]
Twc:
[0.99006748, -0.06620995, 0.1240269, -0.35441861;
 -0.051595643, 0.64950812, 0.75860208, -0.35201362;
 -0.13078348, -0.7574665, 0.63964069, -0.35014454;
 0, 0, 0, 1]
Ow:
[0.28694284;
 -0.060053095;
 0.53496242]
Keyframe: 43 Frame: 341 Frame from vFrameID : 342
Tcw:
[0.983527, -0.088785902, -0.15745367, 0.2950846;
 -0.066659883, 0.63151693, -0.77249134, -0.059763253;
 0.16802099, 0.77026194, 0.61519551, 0.56455392;
 0, 0, 0, 1]
Twc:
[0.983527, -0.066659883, 0.16802099, -0.3890644;
 -0.088785902, 0.63151693, 0.77026194, -0.37091354;
 -0.15745367, -0.77249134, 0.61519551, -0.34701544;
 0, 0, 0, 1]
Ow:
[0.2950846;
 -0.059763253;
 0.56455392]
Keyframe: 44 Frame: 348 Frame from vFrameID : 349
Tcw:
[0.9931106, -0.054733027, -0.10361293, 0.30501565;
 -0.041872039, 0.66008544, -0.75002259, -0.060471877;
 0.10944439, 0.74919391, 0.6532461, 0.57306385;
 0, 0, 0, 1]
Twc:
[0.9931106, -0.041872039, 0.10944439, -0.36816502;
 -0.054733027, 0.66008544, 0.74919391, -0.37272492;
 -0.10361293, -0.75002259, 0.6532461, -0.38810343;
 0, 0, 0, 1]
Ow:
[0.30501565;
 -0.060471877;
 0.57306385]
Keyframe: 45 Frame: 355 Frame from vFrameID : 356
Tcw:
[0.99309081, -0.076744109, -0.08877521, 0.31493136;
 -0.016404409, 0.65829003, -0.75258565, -0.058219433;
 0.11619635, 0.74884218, 0.65248281, 0.59454864;
 0, 0, 0, 1]
Twc:
[0.99309081, -0.016404409, 0.11619635, -0.38279489;
 -0.076744109, 0.65829003, 0.74884218, -0.3827287;
 -0.08877521, -0.75258565, 0.65248281, -0.40378976;
 0, 0, 0, 1]
Ow:
[0.31493136;
 -0.058219433;
 0.59454864]
Keyframe: 46 Frame: 362 Frame from vFrameID : 363
Tcw:
[0.99244106, -0.077814676, -0.094898127, 0.3223384;
 -0.021403018, 0.65167683, -0.75819468, -0.055707961;
 0.12084159, 0.75449467, 0.64508539, 0.61050785;
 0, 0, 0, 1]
Twc:
[0.99244106, -0.021403018, 0.12084159, -0.39486891;
 -0.077814676, 0.65167683, 0.75449467, -0.39923865;
 -0.094898127, -0.75819468, 0.64508539, -0.40547788;
 0, 0, 0, 1]
Ow:
[0.3223384;
 -0.055707961;
 0.61050785]
Keyframe: 47 Frame: 369 Frame from vFrameID : 370
Tcw:
[0.98737454, -0.073811837, -0.14015463, 0.32901117;
 -0.060673304, 0.6410895, -0.76506406, -0.061746657;
 0.14632244, 0.76390839, 0.62851703, 0.61904502;
 0, 0, 0, 1]
Twc:
[0.98737454, -0.060673304, 0.14632244, -0.41918382;
 -0.073811837, 0.6410895, 0.76390839, -0.40902367;
 -0.14015463, -0.76506406, 0.62851703, -0.39020804;
 0, 0, 0, 1]
Ow:
[0.32901117;
 -0.061746657;
 0.61904502]
Keyframe: 48 Frame: 376 Frame from vFrameID : 377
Tcw:
[0.98600894, -0.080293626, -0.14607963, 0.33160126;
 -0.059550595, 0.64883786, -0.7585929, -0.062470153;
 0.15569216, 0.75667852, 0.63497841, 0.63434029;
 0, 0, 0, 1]
Twc:
[0.98600894, -0.059550595, 0.15569216, -0.42944378;
 -0.080293626, 0.64883786, 0.75667852, -0.41283315;
 -0.14607963, -0.7585929, 0.63497841, -0.40174159;
 0, 0, 0, 1]
Ow:
[0.33160126;
 -0.062470153;
 0.63434029]
Keyframe: 49 Frame: 384 Frame from vFrameID : 385
Tcw:
[0.99484742, -0.061833605, -0.080344096, 0.33139113;
 -0.023129981, 0.63315117, -0.77368248, -0.07171306;
 0.098709539, 0.77155441, 0.62845862, 0.65731901;
 0, 0, 0, 1]
Twc:
[0.99484742, -0.023129981, 0.098709539, -0.39622599;
 -0.061833605, 0.63315117, 0.77155441, -0.44126102;
 -0.080344096, -0.77368248, 0.62845862, -0.44195563;
 0, 0, 0, 1]
Ow:
[0.33139113;
 -0.07171306;
 0.65731901]
Keyframe: 50 Frame: 391 Frame from vFrameID : 392
Tcw:
[0.99906492, -0.032173969, -0.02888073, 0.33114728;
 -0.0012240825, 0.64667785, -0.76276225, -0.078069836;
 0.043217618, 0.76208436, 0.64603376, 0.6617257;
 0, 0, 0, 1]
Twc:
[0.99906492, -0.0012240825, 0.043217618, -0.35953143;
 -0.032173969, 0.64667785, 0.76208436, -0.44315046;
 -0.02888073, -0.76276225, 0.64603376, -0.47748211;
 0, 0, 0, 1]
Ow:
[0.33114728;
 -0.078069836;
 0.6617257]
Keyframe: 51 Frame: 398 Frame from vFrameID : 399
Tcw:
[0.99539453, -0.072234012, -0.063023493, 0.34412521;
 -0.0034155997, 0.63029152, -0.77635103, -0.071551889;
 0.095802121, 0.77299088, 0.62714201, 0.66724133;
 0, 0, 0, 1]
Twc:
[0.99539453, -0.0034155997, 0.095802121, -0.40670788;
 -0.072234012, 0.63029152, 0.77299088, -0.44581529;
 -0.063023493, -0.77635103, 0.62714201, -0.45231646;
 0, 0, 0, 1]
Ow:
[0.34412521;
 -0.071551889;
 0.66724133]
Keyframe: 52 Frame: 405 Frame from vFrameID : 406
Tcw:
[0.99378145, -0.074448064, -0.082800835, 0.34327948;
 -0.012525609, 0.66415513, -0.74748981, -0.076137125;
 0.11064177, 0.74387866, 0.65909255, 0.67232478;
 0, 0, 0, 1]
Twc:
[0.99378145, -0.012525609, 0.11064177, -0.41648561;
 -0.074448064, 0.66415513, 0.74387866, -0.42400467;
 -0.082800835, -0.74748981, 0.65909255, -0.47161213;
 0, 0, 0, 1]
Ow:
[0.34327948;
 -0.076137125;
 0.67232478]
Keyframe: 53 Frame: 412 Frame from vFrameID : 413
Tcw:
[0.99591577, -0.062808938, -0.064859591, 0.34347349;
 -0.0053018602, 0.67644835, -0.736471, -0.082585305;
 0.090131126, 0.73380697, 0.6733526, 0.68009031;
 0, 0, 0, 1]
Twc:
[0.99591577, -0.0053018602, 0.090131126, -0.40380585;
 -0.062808938, 0.67644835, 0.73380697, -0.42161706;
 -0.064859591, -0.736471, 0.6733526, -0.49648467;
 0, 0, 0, 1]
Ow:
[0.34347349;
 -0.082585305;
 0.68009031]
Keyframe: 54 Frame: 420 Frame from vFrameID : 421
Tcw:
[0.99774349, -0.061669022, -0.02654916, 0.34670043;
 0.02341098, 0.69014949, -0.72328806, -0.083428025;
 0.062927358, 0.72103441, 0.69003588, 0.68222952;
 0, 0, 0, 1]
Twc:
[0.99774349, 0.02341098, 0.062927358, -0.38689587;
 -0.061669022, 0.69014949, 0.72103441, -0.41295251;
 -0.02654916, -0.72328806, 0.69003588, -0.52190077;
 0, 0, 0, 1]
Ow:
[0.34670043;
 -0.083428025;
 0.68222952]
Keyframe: 55 Frame: 426 Frame from vFrameID : 427
Tcw:
[0.996445, -0.06037369, -0.058756668, 0.34676296;
 -0.0017538919, 0.68242693, -0.73095173, -0.087607503;
 0.084227383, 0.72845626, 0.67989498, 0.69354045;
 0, 0, 0, 1]
Twc:
[0.996445, -0.0017538919, 0.084227383, -0.40409899;
 -0.06037369, 0.68242693, 0.72845626, -0.42449284;
 -0.058756668, -0.73095173, 0.67989498, -0.51519692;
 0, 0, 0, 1]
Ow:
[0.34676296;
 -0.087607503;
 0.69354045]
Keyframe: 56 Frame: 433 Frame from vFrameID : 434
Tcw:
[0.99675143, -0.059170313, -0.054639746, 0.34987178;
 0.0013753865, 0.69082725, -0.72301853, -0.088056207;
 0.080527857, 0.72059458, 0.68866444, 0.69793665;
 0, 0, 0, 1]
Twc:
[0.99675143, 0.0013753865, 0.080527857, -0.40481743;
 -0.059170313, 0.69082725, 0.72059458, -0.42139575;
 -0.054639746, -0.72301853, 0.68866444, -0.52519351;
 0, 0, 0, 1]
Ow:
[0.34987178;
 -0.088056207;
 0.69793665]
Keyframe: 57 Frame: 440 Frame from vFrameID : 441
Tcw:
[0.9993639, -0.024884092, -0.02554605, 0.34935606;
 -0.001077981, 0.69492131, -0.71908498, -0.088288814;
 0.035646271, 0.71865511, 0.6944524, 0.70389003;
 0, 0, 0, 1]
Twc:
[0.9993639, -0.001077981, 0.035646271, -0.37432003;
 -0.024884092, 0.69492131, 0.71865511, -0.43580699;
 -0.02554605, -0.71908498, 0.6944524, -0.54338062;
 0, 0, 0, 1]
Ow:
[0.34935606;
 -0.088288814;
 0.70389003]
Keyframe: 58 Frame: 446 Frame from vFrameID : 447
Tcw:
[0.999749, -0.018455531, -0.012700944, 0.35004097;
 0.0032472103, 0.68029857, -0.73292792, -0.087468356;
 0.022167008, 0.73270267, 0.68018776, 0.71217096;
 0, 0, 0, 1]
Twc:
[0.999749, 0.0032472103, 0.022167008, -0.36545581;
 -0.018455531, 0.68029857, 0.73270267, -0.45584479;
 -0.012700944, -0.73292792, 0.68018776, -0.54407209;
 0, 0, 0, 1]
Ow:
[0.35004097;
 -0.087468356;
 0.71217096]
Keyframe: 59 Frame: 454 Frame from vFrameID : 455
Tcw:
[0.99944115, -0.026398163, -0.020506866, 0.35361582;
 0.0029448634, 0.68062133, -0.73262948, -0.091536701;
 0.033297483, 0.73215967, 0.68031865, 0.7198354;
 0, 0, 0, 1]
Twc:
[0.99944115, 0.0029448634, 0.033297483, -0.37711734;
 -0.026398163, 0.68062133, 0.73215967, -0.45539781;
 -0.020506866, -0.73262948, 0.68031865, -0.54952842;
 0, 0, 0, 1]
Ow:
[0.35361582;
 -0.091536701;
 0.7198354]
Keyframe: 60 Frame: 462 Frame from vFrameID : 463
Tcw:
[0.9973231, -0.034701899, -0.064361475, 0.35581887;
 -0.022989832, 0.68675762, -0.72652286, -0.091883421;
 0.069412455, 0.72605771, 0.68412143, 0.72550446;
 0, 0, 0, 1]
Twc:
[0.9973231, -0.022989832, 0.069412455, -0.40733781;
 -0.034701899, 0.68675762, 0.72605771, -0.45130885;
 -0.064361475, -0.72652286, 0.68412143, -0.54018754;
 0, 0, 0, 1]
Ow:
[0.35581887;
 -0.091883421;
 0.72550446]
Keyframe: 61 Frame: 469 Frame from vFrameID : 470
Tcw:
[0.99935496, -0.021783406, -0.028550103, 0.34954333;
 -0.0058600754, 0.68543947, -0.72810602, -0.08310023;
 0.035429996, 0.72780371, 0.68486971, 0.73295546;
 0, 0, 0, 1]
Twc:
[0.99935496, -0.0058600754, 0.035429996, -0.37577343;
 -0.021783406, 0.68543947, 0.72780371, -0.46887329;
 -0.028550103, -0.72810602, 0.68486971, -0.55250525;
 0, 0, 0, 1]
Ow:
[0.34954333;
 -0.08310023;
 0.73295546]
Keyframe: 62 Frame: 477 Frame from vFrameID : 478
Tcw:
[0.99855107, -0.035772208, -0.040201448, 0.35745829;
 -0.0054898183, 0.67544663, -0.73738843, -0.084982246;
 0.053531945, 0.73654068, 0.67427158, 0.74001646;
 0, 0, 0, 1]
Twc:
[0.99855107, -0.0054898183, 0.053531945, -0.39702138;
 -0.035772208, 0.67544663, 0.73654068, -0.47486418;
 -0.040201448, -0.73738843, 0.67427158, -0.54726666;
 0, 0, 0, 1]
Ow:
[0.35745829;
 -0.084982246;
 0.74001646]
Keyframe: 63 Frame: 485 Frame from vFrameID : 486
Tcw:
[0.99675357, -0.040999204, -0.069292285, 0.35832119;
 -0.023421824, 0.67575663, -0.73675257, -0.076407492;
 0.077030994, 0.73598373, 0.67260253, 0.75198817;
 0, 0, 0, 1]
Twc:
[0.99675357, -0.023421824, 0.077030994, -0.4168739;
 -0.040999204, 0.67575663, 0.73598373, -0.4871273;
 -0.069292285, -0.73675257, 0.67260253, -0.53725368;
 0, 0, 0, 1]
Ow:
[0.35832119;
 -0.076407492;
 0.75198817]
Keyframe: 64 Frame: 494 Frame from vFrameID : 495
Tcw:
[0.99446398, -0.04666248, -0.094148889, 0.36300176;
 -0.037511274, 0.67930311, -0.73289847, -0.078920573;
 0.0981545, 0.73237276, 0.67379212, 0.76144034;
 0, 0, 0, 1]
Twc:
[0.99446398, -0.037511274, 0.0981545, -0.43869138;
 -0.04666248, 0.67930311, 0.73237276, -0.48710865;
 -0.094148889, -0.73289847, 0.67379212, -0.53671706;
 0, 0, 0, 1]
Ow:
[0.36300176;
 -0.078920573;
 0.76144034]
Keyframe: 65 Frame: 501 Frame from vFrameID : 502
Tcw:
[0.99897474, -0.025046377, -0.037710804, 0.36264238;
 -0.010961619, 0.67439425, -0.73829007, -0.080667168;
 0.043923441, 0.73794651, 0.6734283, 0.76798034;
 0, 0, 0, 1]
Twc:
[0.99897474, -0.010961619, 0.043923441, -0.39688718;
 -0.025046377, 0.67439425, 0.73794651, -0.50324404;
 -0.037710804, -0.73829007, 0.6734283, -0.56305993;
 0, 0, 0, 1]
Ow:
[0.36264238;
 -0.080667168;
 0.76798034]
Keyframe: 66 Frame: 509 Frame from vFrameID : 510
Tcw:
[0.99989533, 0.012506018, -0.0072734589, 0.36244226;
 -0.01391922, 0.69452053, -0.71933824, -0.083343863;
 -0.0039444906, 0.71936417, 0.69462192, 0.77356422;
 0, 0, 0, 1]
Twc:
[0.99989533, -0.01391922, -0.0039444906, -0.36051309;
 0.012506018, 0.69452053, 0.71936417, -0.5031231;
 -0.0072734589, -0.71933824, 0.69462192, -0.59465092;
 0, 0, 0, 1]
Ow:
[0.36244226;
 -0.083343863;
 0.77356422]
Keyframe: 67 Frame: 516 Frame from vFrameID : 517
Tcw:
[0.9992885, 0.013857065, -0.035078794, 0.36698085;
 -0.035060514, 0.68412793, -0.72851884, -0.078906924;
 0.013903249, 0.7292304, 0.68412697, 0.78316081;
 0, 0, 0, 1]
Twc:
[0.9992885, -0.035060514, 0.013903249, -0.3803747;
 0.013857065, 0.68412793, 0.7292304, -0.5222075;
 -0.035078794, -0.72851884, 0.68412697, -0.58039343;
 0, 0, 0, 1]
Ow:
[0.36698085;
 -0.078906924;
 0.78316081]
Keyframe: 68 Frame: 524 Frame from vFrameID : 525
Tcw:
[0.99717325, -0.0093553541, -0.074551612, 0.36883846;
 -0.048208032, 0.68140221, -0.7303198, -0.077884048;
 0.057632033, 0.73184937, 0.67902505, 0.79447132;
 0, 0, 0, 1]
Twc:
[0.99717325, -0.048208032, 0.057632033, -0.41733748;
 -0.0093553541, 0.68140221, 0.73184937, -0.52491236;
 -0.074551612, -0.7303198, 0.67902505, -0.56884873;
 0, 0, 0, 1]
Ow:
[0.36883846;
 -0.077884048;
 0.79447132]
Keyframe: 69 Frame: 531 Frame from vFrameID : 532
Tcw:
[0.99797904, 0.0083424337, -0.062993675, 0.36976832;
 -0.051695481, 0.68306369, -0.72852701, -0.077341437;
 0.036951005, 0.73031116, 0.68211454, 0.79939824;
 0, 0, 0, 1]
Twc:
[0.99797904, -0.051695481, 0.036951005, -0.40255779;
 0.0083424337, 0.68306369, 0.73031116, -0.53406513;
 -0.062993675, -0.72852701, 0.68211454, -0.57833338;
 0, 0, 0, 1]
Ow:
[0.36976832;
 -0.077341437;
 0.79939824]
Keyframe: 70 Frame: 538 Frame from vFrameID : 539
Tcw:
[0.99924326, 0.0093602268, -0.037753075, 0.37306911;
 -0.033999946, 0.68162876, -0.73090786, -0.077650338;
 0.018892117, 0.73163831, 0.68143117, 0.80550307;
 0, 0, 0, 1]
Twc:
[0.99924326, -0.033999946, 0.018892117, -0.39064455;
 0.0093602268, 0.68162876, 0.73163831, -0.53990024;
 -0.037753075, -0.73090786, 0.68143117, -0.59156567;
 0, 0, 0, 1]
Ow:
[0.37306911;
 -0.077650338;
 0.80550307]
Keyframe: 71 Frame: 545 Frame from vFrameID : 546
Tcw:
[0.99731493, -0.0030152625, -0.073169962, 0.37558877;
 -0.051146597, 0.68640363, -0.72541994, -0.073708385;
 0.052411459, 0.72721457, 0.68440634, 0.80661583;
 0, 0, 0, 1]
Twc:
[0.99731493, -0.051146597, 0.052411459, -0.42062613;
 -0.0030152625, 0.68640363, 0.72721457, -0.5348565;
 -0.073169962, -0.72541994, 0.68440634, -0.57804072;
 0, 0, 0, 1]
Ow:
[0.37558877;
 -0.073708385;
 0.80661583]
Keyframe: 72 Frame: 553 Frame from vFrameID : 554
Tcw:
[0.9960137, -0.02296171, -0.086194225, 0.37724656;
 -0.046383485, 0.69206369, -0.72034466, -0.072415292;
 0.076192237, 0.72147119, 0.68823987, 0.81561637;
 0, 0, 0, 1]
Twc:
[0.9960137, -0.046383485, 0.076192237, -0.44124526;
 -0.02296171, 0.69206369, 0.72147119, -0.52966547;
 -0.086194225, -0.72034466, 0.68823987, -0.58098722;
 0, 0, 0, 1]
Ow:
[0.37724656;
 -0.072415292;
 0.81561637]
Keyframe: 73 Frame: 561 Frame from vFrameID : 562
Tcw:
[0.99973279, -0.0075908466, -0.021833763, 0.37907606;
 -0.011184016, 0.66779006, -0.74426568, -0.069880486;
 0.020229975, 0.74431098, 0.66752672, 0.82422644;
 0, 0, 0, 1]
Twc:
[0.99973279, -0.011184016, 0.020229975, -0.3964304;
 -0.0075908466, 0.66779006, 0.74431098, -0.56393778;
 -0.021833763, -0.74426568, 0.66752672, -0.59392613;
 0, 0, 0, 1]
Ow:
[0.37907606;
 -0.069880486;
 0.82422644]
Keyframe: 74 Frame: 569 Frame from vFrameID : 570
Tcw:
[0.9998191, 0.018315421, -0.0051331921, 0.37663826;
 -0.016178284, 0.67691082, -0.73588723, -0.069529086;
 -0.010003371, 0.7358371, 0.67708468, 0.83222008;
 0, 0, 0, 1]
Twc:
[0.9998191, -0.016178284, -0.010003371, -0.36936995;
 0.018315421, 0.67691082, 0.7358371, -0.57221174;
 -0.0051331921, -0.73588723, 0.67708468, -0.61271566;
 0, 0, 0, 1]
Ow:
[0.37663826;
 -0.069529086;
 0.83222008]
Keyframe: 75 Frame: 578 Frame from vFrameID : 579
Tcw:
[0.99940085, 0.020800496, -0.027663203, 0.38011238;
 -0.034454245, 0.67385811, -0.73805702, -0.066442966;
 0.0032891219, 0.73856795, 0.67417103, 0.84191191;
 0, 0, 0, 1]
Twc:
[0.99940085, -0.034454245, 0.0032891219, -0.38494304;
 0.020800496, 0.67385811, 0.73856795, -0.58494252;
 -0.027663203, -0.73805702, 0.67417103, -0.60611618;
 0, 0, 0, 1]
Ow:
[0.38011238;
 -0.066442966;
 0.84191191]
Keyframe: 76 Frame: 587 Frame from vFrameID : 588
Tcw:
[0.99885821, 0.032715287, -0.034812652, 0.3829506;
 -0.047751274, 0.66201395, -0.74796879, -0.061992168;
 -0.0014235529, 0.74877715, 0.66282028, 0.85386169;
 0, 0, 0, 1]
Twc:
[0.99885821, -0.047751274, -0.0014235529, -0.38425809;
 0.032715287, 0.66201395, 0.74877715, -0.6108408;
 -0.034812652, -0.74796879, 0.66282028, -0.59899354;
 0, 0, 0, 1]
Ow:
[0.3829506;
 -0.061992168;
 0.85386169]
Keyframe: 77 Frame: 597 Frame from vFrameID : 598
Tcw:
[0.99914676, 0.040718962, 0.006907511, 0.38393658;
 -0.021951349, 0.66523701, -0.74630946, -0.060000122;
 -0.034984078, 0.74552107, 0.66556329, 0.86235714;
 0, 0, 0, 1]
Twc:
[0.99914676, -0.021951349, -0.034984078, -0.35475731;
 0.040718962, 0.66523701, 0.74552107, -0.61862463;
 0.006907511, -0.74630946, 0.66556329, -0.62138391;
 0, 0, 0, 1]
Ow:
[0.38393658;
 -0.060000122;
 0.86235714]
Keyframe: 78 Frame: 606 Frame from vFrameID : 607
Tcw:
[0.99786788, 0.047252208, -0.045021899, 0.38517869;
 -0.064913809, 0.64689982, -0.75980711, -0.056830436;
 -0.0067779068, 0.76110965, 0.64858782, 0.86528844;
 0, 0, 0, 1]
Twc:
[0.99786788, -0.064913809, -0.0067779068, -0.38218167;
 0.047252208, 0.64689982, 0.76110965, -0.64001632;
 -0.045021899, -0.75980711, 0.64858782, -0.58705425;
 0, 0, 0, 1]
Ow:
[0.38517869;
 -0.056830436;
 0.86528844]
Keyframe: 79 Frame: 614 Frame from vFrameID : 615
Tcw:
[0.9965741, 0.024336373, -0.079043262, 0.38699093;
 -0.075295419, 0.66236484, -0.74538809, -0.058600545;
 0.034215435, 0.74878603, 0.66192806, 0.86889493;
 0, 0, 0, 1]
Twc:
[0.9965741, -0.075295419, 0.034215435, -0.41980711;
 0.024336373, 0.66236484, 0.74878603, -0.6212194;
 -0.079043262, -0.74538809, 0.66192806, -0.58823705;
 0, 0, 0, 1]
Ow:
[0.38699093;
 -0.058600545;
 0.86889493]
Keyframe: 80 Frame: 619 Frame from vFrameID : 620
Tcw:
[0.99816841, 0.02561691, -0.054805402, 0.38713989;
 -0.058184508, 0.65457869, -0.75375146, -0.056690961;
 0.016565666, 0.75555974, 0.65487027, 0.87469977;
 0, 0, 0, 1]
Twc:
[0.99816841, -0.058184508, 0.016565666, -0.40421933;
 0.02561691, 0.65457869, 0.75555974, -0.63369656;
 -0.054805402, -0.75375146, 0.65487027, -0.5943284;
 0, 0, 0, 1]
Ow:
[0.38713989;
 -0.056690961;
 0.87469977]
Keyframe: 81 Frame: 626 Frame from vFrameID : 627
Tcw:
[0.99906194, 0.027050475, -0.033816159, 0.38564366;
 -0.043297987, 0.63729745, -0.7694006, -0.05578658;
 0.00073829963, 0.77014303, 0.63787085, 0.88239771;
 0, 0, 0, 1]
Twc:
[0.99906194, -0.043297987, 0.00073829963, -0.38834882;
 0.027050475, 0.63729745, 0.77014303, -0.65445161;
 -0.033816159, -0.7694006, 0.63787085, -0.59273702;
 0, 0, 0, 1]
Ow:
[0.38564366;
 -0.05578658;
 0.88239771]
Keyframe: 82 Frame: 635 Frame from vFrameID : 636
Tcw:
[0.99865818, 0.042978276, -0.02889194, 0.38890707;
 -0.049713526, 0.63933247, -0.76732171, -0.051023841;
 -0.014506607, 0.76772839, 0.64061117, 0.88584161;
 0, 0, 0, 1]
Twc:
[0.99865818, -0.049713526, -0.014506607, -0.37807125;
 0.042978276, 0.63933247, 0.76772839, -0.66417909;
 -0.02889194, -0.76732171, 0.64061117, -0.59539545;
 0, 0, 0, 1]
Ow:
[0.38890707;
 -0.051023841;
 0.88584161]
Keyframe: 83 Frame: 644 Frame from vFrameID : 645
Tcw:
[0.99728072, 0.010552712, -0.07293722, 0.39107311;
 -0.062772825, 0.64014691, -0.76568371, -0.054031312;
 0.038610496, 0.76818007, 0.63906854, 0.88863969;
 0, 0, 0, 1]
Twc:
[0.99728072, -0.062772825, 0.038610496, -0.42771217;
 0.010552712, 0.64014691, 0.76818007, -0.65217417;
 -0.07293722, -0.76568371, 0.63906854, -0.5807488;
 0, 0, 0, 1]
Ow:
[0.39107311;
 -0.054031312;
 0.88863969]
Keyframe: 84 Frame: 651 Frame from vFrameID : 652
Tcw:
[0.99809945, 0.0075604245, -0.061158285, 0.392272;
 -0.051268499, 0.65252179, -0.7560336, -0.053007424;
 0.03419118, 0.75773221, 0.65166926, 0.89053118;
 0, 0, 0, 1]
Twc:
[0.99809945, -0.051268499, 0.03419118, -0.42469236;
 0.0075604245, 0.65252179, 0.75773221, -0.64316142;
 -0.061158285, -0.7560336, 0.65166926, -0.59641653;
 0, 0, 0, 1]
Ow:
[0.392272;
 -0.053007424;
 0.89053118]
Keyframe: 85 Frame: 658 Frame from vFrameID : 659
Tcw:
[0.99921936, 0.026792327, -0.029031545, 0.38763759;
 -0.039385118, 0.61835849, -0.78490865, -0.048787624;
 -0.003077626, 0.78543931, 0.618931, 0.89585364;
 0, 0, 0, 1]
Twc:
[0.99921936, -0.039385118, -0.003077626, -0.38649938;
 0.026792327, 0.61835849, 0.78543931, -0.68385619;
 -0.029031545, -0.78490865, 0.618931, -0.58151174;
 0, 0, 0, 1]
Ow:
[0.38763759;
 -0.048787624;
 0.89585364]
Keyframe: 86 Frame: 667 Frame from vFrameID : 668
Tcw:
[0.99967909, 0.025299745, 0.0012679185, 0.3901175;
 -0.01508459, 0.6347611, -0.77256119, -0.047248602;
 -0.020350426, 0.77229416, 0.63493907, 0.89884919;
 0, 0, 0, 1]
Twc:
[0.99967909, -0.01508459, -0.020350426, -0.37241307;
 0.025299745, 0.6347611, 0.77229416, -0.67405427;
 0.0012679185, -0.77256119, 0.63493907, -0.60771149;
 0, 0, 0, 1]
Ow:
[0.3901175;
 -0.047248602;
 0.89884919]
Keyframe: 87 Frame: 675 Frame from vFrameID : 676
Tcw:
[0.99752635, 0.051462229, -0.047883857, 0.38447613;
 -0.06989143, 0.6533246, -0.75384492, -0.045552105;
 -0.0075108386, 0.75532681, 0.65530527, 0.89638615;
 0, 0, 0, 1]
Twc:
[0.99752635, -0.06989143, -0.0075108386, -0.37997615;
 0.051462229, 0.6533246, 0.75532681, -0.66709018;
 -0.047883857, -0.75384492, 0.65530527, -0.60333556;
 0, 0, 0, 1]
Ow:
[0.38447613;
 -0.045552105;
 0.89638615]
Keyframe: 88 Frame: 682 Frame from vFrameID : 683
Tcw:
[0.9973616, 0.047817718, -0.054619543, 0.38281465;
 -0.072592519, 0.65287322, -0.7539807, -0.041009277;
 -0.0003939993, 0.75595635, 0.6546219, 0.8988446;
 0, 0, 0, 1]
Twc:
[0.9973616, -0.072592519, -0.0003939993, -0.38442746;
 0.047817718, 0.65287322, 0.75595635, -0.67101878;
 -0.054619543, -0.7539807, 0.6546219, -0.59841436;
 0, 0, 0, 1]
Ow:
[0.38281465;
 -0.041009277;
 0.8988446]
Keyframe: 89 Frame: 689 Frame from vFrameID : 690
Tcw:
[0.9975664, 0.069451176, 0.0061497902, 0.38108456;
 -0.040549412, 0.64965528, -0.75914675, -0.037494451;
 -0.056718878, 0.75704992, 0.65089047, 0.90034497;
 0, 0, 0, 1]
Twc:
[0.9975664, -0.040549412, -0.056718878, -0.33061099;
 0.069451176, 0.64965528, 0.75704992, -0.68371439;
 0.0061497902, -0.75914675, 0.65089047, -0.61683339;
 0, 0, 0, 1]
Ow:
[0.38108456;
 -0.037494451;
 0.90034497]
Keyframe: 90 Frame: 697 Frame from vFrameID : 698
