Keyframe: 0 Frame: 0 Frame from vFrameID : 246
Tcw:
[0.93994546, 0.24711147, 0.2354537, 0.088375732;
 0.13739786, 0.35753459, -0.92373747, -0.10028983;
 -0.31244895, 0.90061367, 0.30211043, 0.1300334;
 0, 0, 0, 1]
Twc:
[0.93994546, 0.13739786, -0.31244895, -0.028659955;
 0.24711147, 0.35753459, 0.90061367, -0.10309143;
 0.2354537, -0.92373747, 0.30211043, -0.15273431;
 0, 0, 0, 1]
Ow:
[0.088375732;
 -0.10028983;
 0.1300334]
Keyframe: 1 Frame: 250 Frame from vFrameID : 246
Tcw:
[0.93584347, 0.25070837, 0.24767372, -0.0031744805;
 0.14455636, 0.36785859, -0.9185769, -0.0081251618;
 -0.32140383, 0.89544702, 0.30801657, 0.0055133863;
 0, 0, 0, 1]
Twc:
[0.93584347, 0.14455636, -0.32140383, 0.0059173843;
 0.25070837, 0.36785859, 0.89544702, -0.0011521659;
 0.24767372, -0.9185769, 0.30801657, -0.0083755655;
 0, 0, 0, 1]
Ow:
[-0.0031744805;
 -0.0081251618;
 0.0055133863]
