Keyframe: 0 Frame: 0 Frame from vFrameID : 246
Tcw:
[0.93000567, 0.26279566, 0.25695884, 0.086946711;
 0.14574641, 0.37812421, -0.91421008, -0.1012588;
 -0.3374128, 0.88767141, 0.31335613, 0.16650021;
 0, 0, 0, 1]
Twc:
[0.93000567, 0.14574641, -0.3374128, -0.0099235363;
 0.26279566, 0.37812421, 0.88767141, -0.1323583;
 0.25695884, -0.91421008, 0.31335613, -0.16708741;
 0, 0, 0, 1]
Ow:
[0.086946711;
 -0.1012588;
 0.16650021]
Keyframe: 1 Frame: 255 Frame from vFrameID : 246
Tcw:
[0.9260518, 0.25992846, 0.27361524, 0.087380551;
 0.16272493, 0.37914091, -0.91091865, -0.10186456;
 -0.34051242, 0.88808185, 0.30880728, 0.16665056;
 0, 0, 0, 1]
Twc:
[0.9260518, 0.16272493, -0.34051242, -0.0075964229;
 0.25992846, 0.37914091, 0.88808185, -0.13209102;
 0.27361524, -0.91091865, 0.30880728, -0.16816188;
 0, 0, 0, 1]
Ow:
[0.087380551;
 -0.10186456;
 0.16665056]
Keyframe: 2 Frame: 256 Frame from vFrameID : 258
Tcw:
[0.92236429, 0.2751745, 0.27115136, 0.090718679;
 0.15560834, 0.37778986, -0.91272169, -0.10665037;
 -0.35359597, 0.88405532, 0.30564043, 0.17527241;
 0, 0, 0, 1]
Twc:
[0.92236429, 0.15560834, -0.35359597, -0.0051043662;
 0.2751745, 0.37778986, 0.88405532, -0.13962255;
 0.27115136, -0.91272169, 0.30564043, -0.17551093;
 0, 0, 0, 1]
Ow:
[0.090718679;
 -0.10665037;
 0.17527241]
Keyframe: 3 Frame: 260 Frame from vFrameID : 261
Tcw:
[0.90646166, 0.30889094, 0.2879473, 0.099029906;
 0.16797209, 0.36187154, -0.91697019, -0.11275528;
 -0.38744372, 0.87956548, 0.27613762, 0.18160306;
 0, 0, 0, 1]
Twc:
[0.90646166, 0.16797209, -0.38744372, -0.00046611164;
 0.30889094, 0.36187154, 0.87956548, -0.14951828;
 0.2879473, -0.91697019, 0.27613762, -0.18205607;
 0, 0, 0, 1]
Ow:
[0.099029906;
 -0.11275528;
 0.18160306]
Keyframe: 4 Frame: 263 Frame from vFrameID : 264
Tcw:
[0.89910525, 0.31524494, 0.30369461, 0.1027102;
 0.17645286, 0.37390682, -0.91052628, -0.1177154;
 -0.4005923, 0.87224668, 0.2805557, 0.18312474;
 0, 0, 0, 1]
Twc:
[0.89910525, 0.17645286, -0.4005923, 0.0017822949;
 0.31524494, 0.37390682, 0.87224668, -0.14809424;
 0.30369461, -0.91052628, 0.2805557, -0.18975219;
 0, 0, 0, 1]
Ow:
[0.1027102;
 -0.1177154;
 0.18312474]
Keyframe: 5 Frame: 265 Frame from vFrameID : 266
Tcw:
[0.89522409, 0.31904125, 0.31110531, 0.099140063;
 0.17519712, 0.38993537, -0.90402234, -0.11951049;
 -0.40973139, 0.86380732, 0.29318443, 0.18966541;
 0, 0, 0, 1]
Twc:
[0.89522409, 0.17519712, -0.40973139, 0.009897192;
 0.31904125, 0.38993537, 0.86380732, -0.14886278;
 0.31110531, -0.90402234, 0.29318443, -0.19449009;
 0, 0, 0, 1]
Ow:
[0.099140063;
 -0.11951049;
 0.18966541]
Keyframe: 6 Frame: 268 Frame from vFrameID : 269
Tcw:
[0.89382267, 0.30901033, 0.32495183, 0.10950807;
 0.18903187, 0.39747405, -0.89793169, -0.12894651;
 -0.4066301, 0.86401796, 0.29685849, 0.19378576;
 0, 0, 0, 1]
Twc:
[0.89382267, 0.18903187, -0.4066301, 0.0052933195;
 0.30901033, 0.39747405, 0.86401796, -0.1500206;
 0.32495183, -0.89793169, 0.29685849, -0.20889696;
 0, 0, 0, 1]
Ow:
[0.10950807;
 -0.12894651;
 0.19378576]
Keyframe: 7 Frame: 273 Frame from vFrameID : 274
Tcw:
[0.90530258, 0.29005378, 0.31031603, 0.12077157;
 0.18338969, 0.39206114, -0.90147448, -0.14205442;
 -0.38313895, 0.87301594, 0.30174109, 0.21137664;
 0, 0, 0, 1]
Twc:
[0.90530258, 0.18338969, -0.38313895, -0.0022968743;
 0.29005378, 0.39206114, 0.87301594, -0.16387139;
 0.31031603, -0.90147448, 0.30174109, -0.22931682;
 0, 0, 0, 1]
Ow:
[0.12077157;
 -0.14205442;
 0.21137664]
Keyframe: 8 Frame: 277 Frame from vFrameID : 278
Tcw:
[0.91807896, 0.26690835, 0.29307166, 0.11976533;
 0.18099901, 0.37549981, -0.90897703, -0.13846847;
 -0.35266194, 0.88755834, 0.29642832, 0.23699352;
 0, 0, 0, 1]
Twc:
[0.91807896, 0.18099901, -0.35266194, -0.0013127801;
 0.26690835, 0.37549981, 0.88755834, -0.19031706;
 0.29307166, -0.90897703, 0.29642832, -0.23121607;
 0, 0, 0, 1]
Ow:
[0.11976533;
 -0.13846847;
 0.23699352]
Keyframe: 9 Frame: 282 Frame from vFrameID : 283
Tcw:
[0.91670769, 0.26998082, 0.29454607, 0.12688664;
 0.18256754, 0.37269893, -0.90981567, -0.14840944;
 -0.3554098, 0.88780957, 0.29236624, 0.26553068;
 0, 0, 0, 1]
Twc:
[0.91670769, 0.18256754, -0.3554098, 0.0051489938;
 0.26998082, 0.37269893, 0.88780957, -0.2146856;
 0.29454607, -0.90981567, 0.29236624, -0.25003141;
 0, 0, 0, 1]
Ow:
[0.12688664;
 -0.14840944;
 0.26553068]
Keyframe: 10 Frame: 287 Frame from vFrameID : 288
Tcw:
[0.90850902, 0.28002438, 0.31015748, 0.13135889;
 0.1899097, 0.38446546, -0.90339392, -0.16948663;
 -0.37221718, 0.8796435, 0.29611102, 0.27708229;
 0, 0, 0, 1]
Twc:
[0.90850902, 0.1899097, -0.37221718, 0.015981195;
 0.28002438, 0.38446546, 0.8796435, -0.21535556;
 0.31015748, -0.90339392, 0.29611102, -0.27590224;
 0, 0, 0, 1]
Ow:
[0.13135889;
 -0.16948663;
 0.27708229]
Keyframe: 11 Frame: 292 Frame from vFrameID : 293
Tcw:
[0.89909446, 0.29161629, 0.32647988, 0.13404065;
 0.20499696, 0.37849364, -0.90261775, -0.17743778;
 -0.38678858, 0.87846601, 0.28052106, 0.31002182;
 0, 0, 0, 1]
Twc:
[0.89909446, 0.20499696, -0.38678858, 0.035771895;
 0.29161629, 0.37849364, 0.87846601, -0.24427299;
 0.32647988, -0.90261775, 0.28052106, -0.29088771;
 0, 0, 0, 1]
Ow:
[0.13404065;
 -0.17743778;
 0.31002182]
Keyframe: 12 Frame: 298 Frame from vFrameID : 299
Tcw:
[0.87832516, 0.31650636, 0.35828567, 0.093192719;
 0.24484879, 0.34586611, -0.90577352, -0.18061472;
 -0.41060194, 0.88328952, 0.22628672, 0.39115396;
 0, 0, 0, 1]
Twc:
[0.87832516, 0.24484879, -0.41060194, 0.12297837;
 0.31650636, 0.34586611, 0.88328952, -0.31252977;
 0.35828567, -0.90577352, 0.22628672, -0.28549859;
 0, 0, 0, 1]
Ow:
[0.093192719;
 -0.18061472;
 0.39115396]
Keyframe: 13 Frame: 304 Frame from vFrameID : 305
Tcw:
[0.85897672, 0.32905287, 0.39227945, 0.038928486;
 0.27612251, 0.34748751, -0.89610755, -0.2176438;
 -0.43117899, 0.87805277, 0.20762479, 0.4719595;
 0, 0, 0, 1]
Twc:
[0.85897672, 0.27612251, -0.43117899, 0.23015672;
 0.32905287, 0.34748751, 0.87805277, -0.35158637;
 0.39227945, -0.89610755, 0.20762479, -0.30829361;
 0, 0, 0, 1]
Ow:
[0.038928486;
 -0.2176438;
 0.4719595]
Keyframe: 14 Frame: 311 Frame from vFrameID : 312
Tcw:
[0.86435753, 0.32418388, 0.3844358, -0.01727125;
 0.26151428, 0.3631981, -0.89425802, -0.15094236;
 -0.42953038, 0.87349409, 0.2291543, 0.53906155;
 0, 0, 0, 1]
Twc:
[0.86435753, 0.26151428, -0.42953038, 0.28594545;
 0.32418388, 0.3631981, 0.87349409, -0.41044605;
 0.3844358, -0.89425802, 0.2291543, -0.25187001;
 0, 0, 0, 1]
Ow:
[-0.01727125;
 -0.15094236;
 0.53906155]
Keyframe: 15 Frame: 318 Frame from vFrameID : 319
Tcw:
[0.87244493, 0.33527473, 0.35557097, 0.0034340099;
 0.23719223, 0.34563893, -0.90789515, -0.17104645;
 -0.42729348, 0.87642717, 0.22202636, 0.58677578;
 0, 0, 0, 1]
Twc:
[0.87244493, 0.23719223, -0.42729348, 0.28830037;
 0.33527473, 0.34563893, 0.87642717, -0.45629725;
 0.35557097, -0.90789515, 0.22202636, -0.28679296;
 0, 0, 0, 1]
Ow:
[0.0034340099;
 -0.17104645;
 0.58677578]
Keyframe: 16 Frame: 325 Frame from vFrameID : 326
Tcw:
[0.8723737, 0.32749757, 0.36291796, 0.0030452311;
 0.24435954, 0.35084528, -0.90398896, -0.20022243;
 -0.42338225, 0.87729865, 0.22604105, 0.61553758;
 0, 0, 0, 1]
Twc:
[0.8723737, 0.24435954, -0.42338225, 0.30687734;
 0.32749757, 0.35084528, 0.87729865, -0.47076049;
 0.36291796, -0.90398896, 0.22604105, -0.32124078;
 0, 0, 0, 1]
Ow:
[0.0030452311;
 -0.20022243;
 0.61553758]
Keyframe: 17 Frame: 332 Frame from vFrameID : 333
Tcw:
[0.87636507, 0.31943238, 0.36048201, 0.0089916885;
 0.24062034, 0.35798576, -0.90219069, -0.20502821;
 -0.41723633, 0.8773877, 0.23686428, 0.62061;
 0, 0, 0, 1]
Twc:
[0.87636507, 0.24062034, -0.41723633, 0.30039501;
 0.31943238, 0.35798576, 0.8773877, -0.47399065;
 0.36048201, -0.90219069, 0.23686428, -0.33521622;
 0, 0, 0, 1]
Ow:
[0.0089916885;
 -0.20502821;
 0.62061]
Keyframe: 18 Frame: 338 Frame from vFrameID : 339
Tcw:
[0.85539109, 0.32107645, 0.40646774, -0.04632622;
 0.30157861, 0.32929295, -0.89477175, -0.2165482;
 -0.42113709, 0.88796175, 0.18484446, 0.74528867;
 0, 0, 0, 1]
Twc:
[0.85539109, 0.30157861, -0.42113709, 0.41880205;
 0.32107645, 0.32929295, 0.88796175, -0.57560575;
 0.40646774, -0.89477175, 0.18484446, -0.3126936;
 0, 0, 0, 1]
Ow:
[-0.04632622;
 -0.2165482;
 0.74528867]
Keyframe: 19 Frame: 346 Frame from vFrameID : 347
Tcw:
[0.91046011, 0.32860473, 0.25115991, 0.12964612;
 0.12446775, 0.36141792, -0.92405891, -0.19543031;
 -0.39442381, 0.87258011, 0.28815591, 0.68665498;
 0, 0, 0, 1]
Twc:
[0.91046011, 0.12446775, -0.39442381, 0.17712021;
 0.32860473, 0.36141792, 0.87258011, -0.57113177;
 0.25115991, -0.92405891, 0.28815591, -0.41101471;
 0, 0, 0, 1]
Ow:
[0.12964612;
 -0.19543031;
 0.68665498]
Keyframe: 20 Frame: 353 Frame from vFrameID : 354
Tcw:
[0.90132058, 0.3404358, 0.26781461, 0.11495161;
 0.13134082, 0.37438357, -0.91792512, -0.20210645;
 -0.41275996, 0.8625198, 0.29272652, 0.72229737;
 0, 0, 0, 1]
Twc:
[0.90132058, 0.13134082, -0.41275996, 0.221072;
 0.3404358, 0.37438357, 0.8625198, -0.58646411;
 0.26781461, -0.91792512, 0.29272652, -0.42773989;
 0, 0, 0, 1]
Ow:
[0.11495161;
 -0.20210645;
 0.72229737]
Keyframe: 21 Frame: 359 Frame from vFrameID : 360
Tcw:
[0.90105784, 0.27209821, 0.33772379, -0.041716933;
 0.25472227, 0.29822296, -0.91988021, -0.18758994;
 -0.35101476, 0.91489106, 0.19940665, 0.83759958;
 0, 0, 0, 1]
Twc:
[0.90105784, 0.25472227, -0.35101476, 0.37938249;
 0.27209821, 0.29822296, 0.91489106, -0.69901758;
 0.33772379, -0.91988021, 0.19940665, -0.32549441;
 0, 0, 0, 1]
Ow:
[-0.041716933;
 -0.18758994;
 0.83759958]
Keyframe: 22 Frame: 367 Frame from vFrameID : 368
Tcw:
[0.89834714, 0.27323794, 0.3439672, 0.0021054596;
 0.24634048, 0.33496374, -0.90945899, -0.25892541;
 -0.36371526, 0.90174294, 0.23360415, 0.84663677;
 0, 0, 0, 1]
Twc:
[0.89834714, 0.24634048, -0.36371526, 0.36982709;
 0.27323794, 0.33496374, 0.90174294, -0.67729342;
 0.3439672, -0.90945899, 0.23360415, -0.4339841;
 0, 0, 0, 1]
Ow:
[0.0021054596;
 -0.25892541;
 0.84663677]
Keyframe: 23 Frame: 375 Frame from vFrameID : 376
Tcw:
[0.90127283, 0.26322773, 0.34411988, 0.018726528;
 0.26279393, 0.29933462, -0.91724485, -0.23720908;
 -0.34445128, 0.91712046, 0.20060751, 0.89166164;
 0, 0, 0, 1]
Twc:
[0.90127283, 0.26279393, -0.34445128, 0.35259336;
 0.26322773, 0.29933462, 0.91712046, -0.75168556;
 0.34411988, -0.91724485, 0.20060751, -0.402897;
 0, 0, 0, 1]
Ow:
[0.018726528;
 -0.23720908;
 0.89166164]
Keyframe: 24 Frame: 384 Frame from vFrameID : 385
Tcw:
[0.89849615, 0.23909387, 0.36815593, 0.053230599;
 0.26684034, 0.36846063, -0.89052397, -0.32210967;
 -0.34856981, 0.89837122, 0.26726058, 0.82396436;
 0, 0, 0, 1]
Twc:
[0.89849615, 0.26684034, -0.34856981, 0.32533348;
 0.23909387, 0.36846063, 0.89837122, -0.63426828;
 0.36815593, -0.89052397, 0.26726058, -0.52665675;
 0, 0, 0, 1]
Ow:
[0.053230599;
 -0.32210967;
 0.82396436]
Keyframe: 25 Frame: 392 Frame from vFrameID : 393
Tcw:
[0.90718317, 0.24586253, 0.34142399, 0.075980082;
 0.26220816, 0.30424881, -0.91579449, -0.31678948;
 -0.3290374, 0.92031747, 0.21154225, 0.96597475;
 0, 0, 0, 1]
Twc:
[0.90718317, 0.26220816, -0.3290374, 0.33197874;
 0.24586253, 0.30424881, 0.92031747, -0.81130129;
 0.34142399, -0.91579449, 0.21154225, -0.52039993;
 0, 0, 0, 1]
Ow:
[0.075980082;
 -0.31678948;
 0.96597475]
Keyframe: 26 Frame: 403 Frame from vFrameID : 404
Tcw:
[0.92695212, 0.21808262, 0.30528635, 0.046455309;
 0.21941347, 0.34493712, -0.91262048, -0.21512358;
 -0.30433127, 0.91293943, 0.27188993, 1.0423675;
 0, 0, 0, 1]
Twc:
[0.92695212, 0.21941347, -0.30433127, 0.32136413;
 0.21808262, 0.34493712, 0.91293943, -0.88754529;
 0.30528635, -0.91262048, 0.27188993, -0.49391752;
 0, 0, 0, 1]
Ow:
[0.046455309;
 -0.21512358;
 1.0423675]
Keyframe: 27 Frame: 407 Frame from vFrameID : 408
Tcw:
[0.93448442, 0.20215656, 0.29303864, 0.11265028;
 0.23235324, 0.27730337, -0.93226326, -0.31081456;
 -0.26972374, 0.93927395, 0.21216393, 1.0836225;
 0, 0, 0, 1]
Twc:
[0.93448442, 0.23235324, -0.26972374, 0.25922751;
 0.20215656, 0.27730337, 0.93927395, -0.95440143;
 0.29303864, -0.93226326, 0.21216393, -0.55267745;
 0, 0, 0, 1]
Ow:
[0.11265028;
 -0.31081456;
 1.0836225]
Keyframe: 28 Frame: 412 Frame from vFrameID : 413
Tcw:
[0.91507274, 0.24444738, 0.32076052, 0.098863617;
 0.24270137, 0.30141413, -0.92208761, -0.37758645;
 -0.32208365, 0.92162627, 0.21648815, 1.073969;
 0, 0, 0, 1]
Twc:
[0.91507274, 0.24270137, -0.32208365, 0.34708124;
 0.24444738, 0.30141413, 0.92162627, -0.90015513;
 0.32076052, -0.92208761, 0.21648815, -0.61238092;
 0, 0, 0, 1]
Ow:
[0.098863617;
 -0.37758645;
 1.073969]
Keyframe: 29 Frame: 419 Frame from vFrameID : 420
Tcw:
[0.90829307, 0.20240822, 0.3661074, -4.5910478e-05;
 0.29477236, 0.31131896, -0.90343219, -0.40092742;
 -0.29683828, 0.92849952, 0.22310451, 1.2514769;
 0, 0, 0, 1]
Twc:
[0.90829307, 0.29477236, -0.29683828, 0.4897103;
 0.20240822, 0.31131896, 0.92849952, -1.0371702;
 0.3661074, -0.90343219, 0.22310451, -0.64140409;
 0, 0, 0, 1]
Ow:
[-4.5910478e-05;
 -0.40092742;
 1.2514769]
Keyframe: 30 Frame: 423 Frame from vFrameID : 424
Tcw:
[0.89672244, 0.26611117, 0.35365757, 0.10263793;
 0.26307276, 0.32211417, -0.90941477, -0.37717301;
 -0.35592353, 0.90853029, 0.21884044, 1.1390816;
 0, 0, 0, 1]
Twc:
[0.89672244, 0.26307276, -0.35592353, 0.41261214;
 0.26611117, 0.32211417, 0.90853029, -0.94071048;
 0.35365757, -0.90941477, 0.21884044, -0.62858242;
 0, 0, 0, 1]
Ow:
[0.10263793;
 -0.37717301;
 1.1390816]
Keyframe: 31 Frame: 431 Frame from vFrameID : 432
Tcw:
[0.89345264, 0.31258965, 0.32253698, 0.083094522;
 0.203841, 0.3576954, -0.91131932, -0.4361693;
 -0.40023896, 0.87996686, 0.25586531, 1.1650382;
 0, 0, 0, 1]
Twc:
[0.89345264, 0.203841, -0.40023896, 0.48096189;
 0.31258965, 0.3576954, 0.87996686, -0.89515388;
 0.32253698, -0.91131932, 0.25586531, -0.72238344;
 0, 0, 0, 1]
Ow:
[0.083094522;
 -0.4361693;
 1.1650382]
Keyframe: 32 Frame: 438 Frame from vFrameID : 439
Tcw:
[0.88247722, 0.24972418, 0.39858723, 0.071951032;
 0.29731289, 0.36049092, -0.88411051, -0.46728671;
 -0.36447084, 0.89871246, 0.24387881, 1.2659893;
 0, 0, 0, 1]
Twc:
[0.88247722, 0.29731289, -0.36447084, 0.53685141;
 0.24972418, 0.36049092, 0.89871246, -0.98727572;
 0.39858723, -0.88411051, 0.24387881, -0.75055981;
 0, 0, 0, 1]
Ow:
[0.071951032;
 -0.46728671;
 1.2659893]
Keyframe: 33 Frame: 445 Frame from vFrameID : 446
Tcw:
[0.92133337, 0.32032818, 0.22030587, 0.17544737;
 0.089192659, 0.37739468, -0.92174721, -0.27966478;
 -0.37840387, 0.86888611, 0.3191354, 1.2148116;
 0, 0, 0, 1]
Twc:
[0.92133337, 0.089192659, -0.37840387, 0.32298794;
 0.32032818, 0.37739468, 0.86888611, -1.0061897;
 0.22030587, -0.92174721, 0.3191354, -0.68412173;
 0, 0, 0, 1]
Ow:
[0.17544737;
 -0.27966478;
 1.2148116]
Keyframe: 34 Frame: 449 Frame from vFrameID : 450
Tcw:
[0.91134119, 0.31202739, 0.26850715, 0.15479468;
 0.12838031, 0.40430352, -0.90557009, -0.34002286;
 -0.39112106, 0.85975438, 0.32840028, 1.2163793;
 0, 0, 0, 1]
Twc:
[0.91134119, 0.12838031, -0.39112106, 0.378333;
 0.31202739, 0.40430352, 0.85975438, -0.95661509;
 0.26850715, -0.90557009, 0.32840028, -0.74893731;
 0, 0, 0, 1]
Ow:
[0.15479468;
 -0.34002286;
 1.2163793]
Keyframe: 35 Frame: 450 Frame from vFrameID : 451
Tcw:
[0.91409969, 0.30309933, 0.26935586, 0.15623257;
 0.13059123, 0.40882468, -0.90322107, -0.33592287;
 -0.38388503, 0.86080962, 0.33412442, 1.2159878;
 0, 0, 0, 1]
Twc:
[0.91409969, 0.13059123, -0.38388503, 0.36785594;
 0.30309933, 0.40882468, 0.86080962, -0.95675439;
 0.26935586, -0.90322107, 0.33412442, -0.75178599;
 0, 0, 0, 1]
Ow:
[0.15623257;
 -0.33592287;
 1.2159878]
Keyframe: 36 Frame: 452 Frame from vFrameID : 453
Tcw:
[0.91747326, 0.29742423, 0.26416209, 0.1594357;
 0.1228466, 0.41976297, -0.8992818, -0.33023632;
 -0.37835366, 0.85751843, 0.34858376, 1.2173598;
 0, 0, 0, 1]
Twc:
[0.91747326, 0.1228466, -0.37835366, 0.35488293;
 0.29742423, 0.41976297, 0.85751843, -0.95270747;
 0.26416209, -0.8992818, 0.34858376, -0.76344419;
 0, 0, 0, 1]
Ow:
[0.1594357;
 -0.33023632;
 1.2173598]
Keyframe: 37 Frame: 456 Frame from vFrameID : 457
Tcw:
[0.94182056, 0.2666688, 0.20460153, 0.18093893;
 0.08316157, 0.40491906, -0.91056287, -0.33083329;
 -0.32566577, 0.87460178, 0.3591845, 1.2308645;
 0, 0, 0, 1]
Twc:
[0.94182056, 0.08316157, -0.32566577, 0.25795102;
 0.2666688, 0.40491906, 0.87460178, -0.99080634;
 0.20460153, -0.91056287, 0.3591845, -0.78037226;
 0, 0, 0, 1]
Ow:
[0.18093893;
 -0.33083329;
 1.2308645]
Keyframe: 38 Frame: 460 Frame from vFrameID : 461
Tcw:
[0.94904107, 0.25792426, 0.18109694, 0.18393804;
 0.054488316, 0.43169042, -0.90037459, -0.33183751;
 -0.31040627, 0.86436015, 0.39563808, 1.236201;
 0, 0, 0, 1]
Twc:
[0.94904107, 0.054488316, -0.31040627, 0.22724107;
 0.25792426, 0.43169042, 0.86436015, -0.97271395;
 0.18109694, -0.90037459, 0.39563808, -0.82117689;
 0, 0, 0, 1]
Ow:
[0.18393804;
 -0.33183751;
 1.236201]
Keyframe: 39 Frame: 464 Frame from vFrameID : 465
Tcw:
[0.94790488, 0.25499412, 0.19093008, 0.19046091;
 0.065945677, 0.42930374, -0.90074939, -0.33494589;
 -0.31165278, 0.8664158, 0.39012334, 1.2394121;
 0, 0, 0, 1]
Twc:
[0.94790488, 0.065945677, -0.31165278, 0.22781564;
 0.25499412, 0.42930374, 0.8664158, -0.97861904;
 0.19093008, -0.90074939, 0.39012334, -0.8215906;
 0, 0, 0, 1]
Ow:
[0.19046091;
 -0.33494589;
 1.2394121]
Keyframe: 40 Frame: 469 Frame from vFrameID : 470
Tcw:
[0.94312543, 0.2594445, 0.20785332, 0.20588751;
 0.07862635, 0.43341589, -0.89775753, -0.34192824;
 -0.32300517, 0.86304069, 0.38836637, 1.2499642;
 0, 0, 0, 1]
Twc:
[0.94312543, 0.07862635, -0.32300517, 0.23645179;
 0.2594445, 0.43341589, 0.86304069, -0.9839893;
 0.20785332, -0.89775753, 0.38836637, -0.83520716;
 0, 0, 0, 1]
Ow:
[0.20588751;
 -0.34192824;
 1.2499642]
Keyframe: 41 Frame: 474 Frame from vFrameID : 475
Tcw:
[0.93811685, 0.2649895, 0.22297391, 0.18528627;
 0.10425455, 0.39788705, -0.91149157, -0.32561761;
 -0.33025411, 0.8783316, 0.34563819, 1.3709763;
 0, 0, 0, 1]
Twc:
[0.93811685, 0.10425455, -0.33025411, 0.31289756;
 0.2649895, 0.39788705, 0.8783316, -1.1237118;
 0.22297391, -0.91149157, 0.34563819, -0.81197351;
 0, 0, 0, 1]
Ow:
[0.18528627;
 -0.32561761;
 1.3709763]
Keyframe: 42 Frame: 478 Frame from vFrameID : 479
Tcw:
[0.93880057, 0.26712459, 0.21748082, 0.21857235;
 0.11354485, 0.35609889, -0.92752421, -0.33013484;
 -0.3252092, 0.89545411, 0.30397522, 1.3751457;
 0, 0, 0, 1]
Twc:
[0.93880057, 0.11354485, -0.3252092, 0.27949923;
 0.26712459, 0.35609889, 0.89545411, -1.1722051;
 0.21748082, -0.92752421, 0.30397522, -0.77175349;
 0, 0, 0, 1]
Ow:
[0.21857235;
 -0.33013484;
 1.3751457]
Keyframe: 43 Frame: 484 Frame from vFrameID : 485
Tcw:
[0.92813718, 0.27940992, 0.24595013, 0.18862116;
 0.13666371, 0.35881197, -0.92335093, -0.34212229;
 -0.34624326, 0.89060879, 0.29484156, 1.4470104;
 0, 0, 0, 1]
Twc:
[0.92813718, 0.13666371, -0.34624326, 0.37270698;
 0.27940992, 0.35881197, 0.89060879, -1.2186652;
 0.24595013, -0.92335093, 0.29484156, -0.78892916;
 0, 0, 0, 1]
Ow:
[0.18862116;
 -0.34212229;
 1.4470104]
Keyframe: 44 Frame: 489 Frame from vFrameID : 490
Tcw:
[0.92375916, 0.2771526, 0.26430187, 0.17275882;
 0.15634511, 0.35708985, -0.92089254, -0.36515719;
 -0.34960726, 0.89200521, 0.28653356, 1.5098207;
 0, 0, 0, 1]
Twc:
[0.92375916, 0.15634511, -0.34960726, 0.42534727;
 0.2771526, 0.35708985, 0.89200521, -1.2642545;
 0.26430187, -0.92089254, 0.28653356, -0.81454527;
 0, 0, 0, 1]
Ow:
[0.17275882;
 -0.36515719;
 1.5098207]
Keyframe: 45 Frame: 495 Frame from vFrameID : 496
Tcw:
[0.93307054, 0.2796652, 0.22620063, 0.20743176;
 0.11435787, 0.36559054, -0.92372388, -0.38231853;
 -0.34103024, 0.88776737, 0.30913985, 1.5349816;
 0, 0, 0, 1]
Twc:
[0.93307054, 0.11435787, -0.34103024, 0.37364781;
 0.2796652, 0.36559054, 0.88776737, -1.280946;
 0.22620063, -0.92372388, 0.30913985, -0.87460196;
 0, 0, 0, 1]
Ow:
[0.20743176;
 -0.38231853;
 1.5349816]
Keyframe: 46 Frame: 501 Frame from vFrameID : 502
Tcw:
[0.93027592, 0.27345195, 0.24456225, 0.22480555;
 0.13348854, 0.36862797, -0.9199425, -0.40713179;
 -0.34171256, 0.88844663, 0.30642304, 1.5408432;
 0, 0, 0, 1]
Twc:
[0.93027592, 0.13348854, -0.34171256, 0.37174177;
 0.27345195, 0.36862797, 0.88844663, -1.2803504;
 0.24456225, -0.9199425, 0.30642304, -0.90166664;
 0, 0, 0, 1]
Ow:
[0.22480555;
 -0.40713179;
 1.5408432]
Keyframe: 47 Frame: 506 Frame from vFrameID : 507
Tcw:
[0.92577565, 0.28060913, 0.25337324, 0.22900748;
 0.13331665, 0.38482958, -0.91330874, -0.43175107;
 -0.35378829, 0.87929785, 0.31885597, 1.5627296;
 0, 0, 0, 1]
Twc:
[0.92577565, 0.13331665, -0.35378829, 0.39842549;
 0.28060913, 0.38482958, 0.87929785, -1.2722158;
 0.25337324, -0.91330874, 0.31885597, -0.9506321;
 0, 0, 0, 1]
Ow:
[0.22900748;
 -0.43175107;
 1.5627296]
Keyframe: 48 Frame: 512 Frame from vFrameID : 513
Tcw:
[0.91648626, 0.27581385, 0.28979242, 0.12580267;
 0.17195544, 0.38245934, -0.90783048, -0.46446523;
 -0.36122602, 0.88184553, 0.30309105, 1.6497262;
 0, 0, 0, 1]
Twc:
[0.91648626, 0.17195544, -0.36122602, 0.56049496;
 0.27581385, 0.38245934, 0.88184553, -1.3118627;
 0.28979242, -0.90783048, 0.30309105, -0.95812958;
 0, 0, 0, 1]
Ow:
[0.12580267;
 -0.46446523;
 1.6497262]
Keyframe: 49 Frame: 519 Frame from vFrameID : 520
Tcw:
[0.89432031, 0.28335753, 0.34626529, 0.11349168;
 0.24917312, 0.32737061, -0.91145009, -0.39261049;
 -0.37162331, 0.90140831, 0.2221691, 1.7278275;
 0, 0, 0, 1]
Twc:
[0.89432031, 0.24917312, -0.37162331, 0.63843107;
 0.28335753, 0.32737061, 0.90140831, -1.4611077;
 0.34626529, -0.91145009, 0.2221691, -0.78101295;
 0, 0, 0, 1]
Ow:
[0.11349168;
 -0.39261049;
 1.7278275]
Keyframe: 50 Frame: 526 Frame from vFrameID : 527
Tcw:
[0.88340133, 0.32421553, 0.33835828, 0.1228604;
 0.21508174, 0.36097652, -0.90743363, -0.40620053;
 -0.41634348, 0.87440282, 0.2491543, 1.7254499;
 0, 0, 0, 1]
Twc:
[0.88340133, 0.21508174, -0.41634348, 0.69721109;
 0.32421553, 0.36097652, 0.87440282, -1.4019426;
 0.33835828, -0.90743363, 0.2491543, -0.84007412;
 0, 0, 0, 1]
Ow:
[0.1228604;
 -0.40620053;
 1.7254499]
Keyframe: 51 Frame: 533 Frame from vFrameID : 534
Tcw:
[0.88563591, 0.33013237, 0.32659096, 0.12992373;
 0.20486681, 0.35338742, -0.91276884, -0.4139404;
 -0.41674766, 0.87528849, 0.24533944, 1.7379539;
 0, 0, 0, 1]
Twc:
[0.88563591, 0.20486681, -0.41674766, 0.69402581;
 0.33013237, 0.35338742, 0.87528849, -1.4178219;
 0.32659096, -0.91276884, 0.24533944, -0.84665239;
 0, 0, 0, 1]
Ow:
[0.12992373;
 -0.4139404;
 1.7379539]
Keyframe: 52 Frame: 539 Frame from vFrameID : 540
Tcw:
[0.86882472, 0.34202027, 0.35800242, 0.13820451;
 0.22688289, 0.36765838, -0.90186, -0.42749047;
 -0.44007701, 0.86478287, 0.24183215, 1.7501196;
 0, 0, 0, 1]
Twc:
[0.86882472, 0.22688289, -0.44007701, 0.74710214;
 0.34202027, 0.36765838, 0.86478287, -1.4035717;
 0.35800242, -0.90186, 0.24183215, -0.85824925;
 0, 0, 0, 1]
Ow:
[0.13820451;
 -0.42749047;
 1.7501196]
Keyframe: 53 Frame: 546 Frame from vFrameID : 547
Tcw:
[0.85788888, 0.35395595, 0.37248063, 0.10208926;
 0.2240708, 0.39464554, -0.89109325, -0.44168687;
 -0.46240559, 0.84792101, 0.25925082, 1.7690074;
 0, 0, 0, 1]
Twc:
[0.85788888, 0.2240708, -0.46240559, 0.82938683;
 0.35395595, 0.39464554, 0.84792101, -1.361804;
 0.37248063, -0.89109325, 0.25925082, -0.89022708;
 0, 0, 0, 1]
Ow:
[0.10208926;
 -0.44168687;
 1.7690074]
Keyframe: 54 Frame: 553 Frame from vFrameID : 554
Tcw:
[0.84497243, 0.35484099, 0.40013674, 0.088038355;
 0.27361953, 0.35601932, -0.89352256, -0.45391816;
 -0.45951486, 0.86448717, 0.2037351, 1.8627244;
 0, 0, 0, 1]
Twc:
[0.84497243, 0.27361953, -0.45951486, 0.90576053;
 0.35484099, 0.35601932, 0.86448717, -1.4799374;
 0.40013674, -0.89352256, 0.2037351, -0.82031584;
 0, 0, 0, 1]
Ow:
[0.088038355;
 -0.45391816;
 1.8627244]
Keyframe: 55 Frame: 560 Frame from vFrameID : 561
Tcw:
[0.82542884, 0.38366687, 0.41408569, 0.051699579;
 0.26463929, 0.38493946, -0.88418758, -0.37409955;
 -0.49863142, 0.83941728, 0.2162068, 1.8789307;
 0, 0, 0, 1]
Twc:
[0.82542884, 0.26463929, -0.49863142, 0.99322093;
 0.38366687, 0.38493946, 0.83941728, -1.4530365;
 0.41408569, -0.88418758, 0.2162068, -0.75841981;
 0, 0, 0, 1]
Ow:
[0.051699579;
 -0.37409955;
 1.8789307]
Keyframe: 56 Frame: 568 Frame from vFrameID : 569
Tcw:
[0.85276949, 0.35880643, 0.37952879, 0.081276983;
 0.22239473, 0.40803948, -0.88546282, -0.35654426;
 -0.47257248, 0.8395009, 0.26816696, 1.8678495;
 0, 0, 0, 1]
Twc:
[0.85276949, 0.22239473, -0.47257248, 0.89267725;
 0.35880643, 0.40803948, 0.8395009, -1.4517398;
 0.37952879, -0.88546282, 0.26816696, -0.84744912;
 0, 0, 0, 1]
Ow:
[0.081276983;
 -0.35654426;
 1.8678495]
Keyframe: 57 Frame: 575 Frame from vFrameID : 576
Tcw:
[0.89396334, 0.32471636, 0.30885082, 0.13620606;
 0.16668217, 0.39881182, -0.9017573, -0.33214703;
 -0.41598868, 0.85761786, 0.30239874, 1.8547717;
 0, 0, 0, 1]
Twc:
[0.89396334, 0.16668217, -0.41598868, 0.7051639;
 0.32471636, 0.39881182, 0.85761786, -1.5024496;
 0.30885082, -0.9017573, 0.30239874, -0.90246391;
 0, 0, 0, 1]
Ow:
[0.13620606;
 -0.33214703;
 1.8547717]
Keyframe: 58 Frame: 583 Frame from vFrameID : 584
Tcw:
[0.90112686, 0.32012182, 0.29239082, 0.15851134;
 0.14752965, 0.40774944, -0.90109676, -0.3420068;
 -0.40768293, 0.85513884, 0.32020652, 1.8725905;
 0, 0, 0, 1]
Twc:
[0.90112686, 0.14752965, -0.40768293, 0.67104059;
 0.32012182, 0.40774944, 0.85513884, -1.5126148;
 0.29239082, -0.90109676, 0.32020652, -0.9541443;
 0, 0, 0, 1]
Ow:
[0.15851134;
 -0.3420068;
 1.8725905]
Keyframe: 59 Frame: 591 Frame from vFrameID : 592
Tcw:
[0.89488369, 0.3451314, 0.28296205, 0.17303738;
 0.13264883, 0.39968202, -0.90700525, -0.36168289;
 -0.42613083, 0.84919882, 0.31188765, 1.8812538;
 0, 0, 0, 1]
Twc:
[0.89488369, 0.13264883, -0.42613083, 0.69478875;
 0.3451314, 0.39968202, 0.84919882, -1.5127209;
 0.28296205, -0.90700525, 0.31188765, -0.96375114;
 0, 0, 0, 1]
Ow:
[0.17303738;
 -0.36168289;
 1.8812538]
Keyframe: 60 Frame: 599 Frame from vFrameID : 600
Tcw:
[0.89427376, 0.34296271, 0.28749081, 0.18954599;
 0.13974059, 0.39628655, -0.90743017, -0.36107194;
 -0.42514348, 0.85166514, 0.30646285, 1.9030608;
 0, 0, 0, 1]
Twc:
[0.89427376, 0.13974059, -0.42514348, 0.69002432;
 0.34296271, 0.39628655, 0.85166514, -1.5426899;
 0.28749081, -0.90743017, 0.30646285, -0.96535778;
 0, 0, 0, 1]
Ow:
[0.18954599;
 -0.36107194;
 1.9030608]
Keyframe: 61 Frame: 609 Frame from vFrameID : 610
Tcw:
[0.90019697, 0.34644881, 0.26385349, 0.184075;
 0.12298604, 0.37897241, -0.91719919, -0.2802946;
 -0.41775575, 0.85811019, 0.29854146, 2.0191023;
 0, 0, 0, 1]
Twc:
[0.90019697, 0.12298604, -0.41775575, 0.71226019;
 0.34644881, 0.37897241, 0.85811019, -1.6901609;
 0.26385349, -0.91719919, 0.29854146, -0.90844047;
 0, 0, 0, 1]
Ow:
[0.184075;
 -0.2802946;
 2.0191023]
Keyframe: 62 Frame: 617 Frame from vFrameID : 618
Tcw:
[0.89306539, 0.3409394, 0.293589, 0.14635304;
 0.14487161, 0.39987332, -0.90504891, -0.37261987;
 -0.42596525, 0.85080057, 0.3077206, 2.0905247;
 0, 0, 0, 1]
Twc:
[0.89306539, 0.14487161, -0.42596525, 0.81377012;
 0.3409394, 0.39987332, 0.85080057, -1.6795166;
 0.293589, -0.90504891, 0.3077206, -1.0235044;
 0, 0, 0, 1]
Ow:
[0.14635304;
 -0.37261987;
 2.0905247]
Keyframe: 63 Frame: 625 Frame from vFrameID : 626
Tcw:
[0.89899266, 0.33494645, 0.28217554, 0.15938681;
 0.14593469, 0.37837586, -0.91407591, -0.38890374;
 -0.4129349, 0.86292678, 0.29127681, 2.1242762;
 0, 0, 0, 1]
Twc:
[0.89899266, 0.14593469, -0.4129349, 0.79065472;
 0.33494645, 0.37837586, 0.86292678, -1.7393289;
 0.28217554, -0.91407591, 0.29127681, -1.019215;
 0, 0, 0, 1]
Ow:
[0.15938681;
 -0.38890374;
 2.1242762]
Keyframe: 64 Frame: 632 Frame from vFrameID : 633
Tcw:
[0.88671255, 0.33251852, 0.32120451, 0.17826349;
 0.17685001, 0.39796561, -0.90019304, -0.40420997;
 -0.42715919, 0.85501742, 0.29407519, 2.1272757;
 0, 0, 0, 1]
Twc:
[0.88671255, 0.17685001, -0.42715919, 0.82210141;
 0.33251852, 0.39796561, 0.85501742, -1.717272;
 0.32120451, -0.90019304, 0.29407519, -1.046705;
 0, 0, 0, 1]
Ow:
[0.17826349;
 -0.40420997;
 2.1272757]
Keyframe: 65 Frame: 638 Frame from vFrameID : 639
Tcw:
[0.88520277, 0.34254339, 0.31476992, 0.19345236;
 0.1656808, 0.40012446, -0.90136021, -0.42160404;
 -0.43470213, 0.85003787, 0.29743844, 2.1387873;
 0, 0, 0, 1]
Twc:
[0.88520277, 0.1656808, -0.43470213, 0.8283425;
 0.34254339, 0.40012446, 0.85003787, -1.7156221;
 0.31476992, -0.90136021, 0.29743844, -1.0770676;
 0, 0, 0, 1]
Ow:
[0.19345236;
 -0.42160404;
 2.1387873]
Keyframe: 66 Frame: 646 Frame from vFrameID : 647
Tcw:
[0.88157439, 0.33092442, 0.33662388, 0.15199655;
 0.1942255, 0.39566842, -0.89762074, -0.45184433;
 -0.43023604, 0.85670036, 0.28453717, 2.2242408;
 0, 0, 0, 1]
Twc:
[0.88157439, 0.1942255, -0.43023604, 0.91071194;
 0.33092442, 0.39566842, 0.85670036, -1.7770267;
 0.33662388, -0.89762074, 0.28453717, -1.0896297;
 0, 0, 0, 1]
Ow:
[0.15199655;
 -0.45184433;
 2.2242408]
Keyframe: 67 Frame: 653 Frame from vFrameID : 654
Tcw:
[0.88067126, 0.33521503, 0.33473727, 0.14146248;
 0.17633878, 0.42385697, -0.8883974, -0.42839444;
 -0.43968487, 0.8414132, 0.31416726, 2.2426167;
 0, 0, 0, 1]
Twc:
[0.88067126, 0.17633878, -0.43968487, 0.93700528;
 0.33521503, 0.42385697, 0.8414132, -1.7528096;
 0.33473727, -0.8883974, 0.31416726, -1.132494;
 0, 0, 0, 1]
Ow:
[0.14146248;
 -0.42839444;
 2.2426167]
Keyframe: 68 Frame: 660 Frame from vFrameID : 661
Tcw:
[0.86674333, 0.35482824, 0.35050386, 0.11559296;
 0.19229205, 0.41069075, -0.891267, -0.39773554;
 -0.46019539, 0.83989882, 0.28773281, 2.3210092;
 0, 0, 0, 1]
Twc:
[0.86674333, 0.19229205, -0.46019539, 1.0444098;
 0.35482824, 0.41069075, 0.83989882, -1.8270823;
 0.35050386, -0.891267, 0.28773281, -1.0628349;
 0, 0, 0, 1]
Ow:
[0.11559296;
 -0.39773554;
 2.3210092]
Keyframe: 69 Frame: 668 Frame from vFrameID : 669
Tcw:
[0.85479265, 0.35546723, 0.37811717, 0.10633144;
 0.20407246, 0.43966857, -0.87466908, -0.43593246;
 -0.47716242, 0.82482398, 0.30328438, 2.3414676;
 0, 0, 0, 1]
Twc:
[0.85479265, 0.20407246, -0.47716242, 1.1153308;
 0.35546723, 0.43966857, 0.82482398, -1.7774302;
 0.37811717, -0.87466908, 0.30328438, -1.1316329;
 0, 0, 0, 1]
Ow:
[0.10633144;
 -0.43593246;
 2.3414676]
Keyframe: 70 Frame: 675 Frame from vFrameID : 676
Tcw:
[0.87677336, 0.34168452, 0.33840835, 0.095166534;
 0.17545359, 0.42790809, -0.88662887, -0.40662313;
 -0.44775501, 0.83674747, 0.31522861, 2.3852961;
 0, 0, 0, 1]
Twc:
[0.87677336, 0.17545359, -0.44775501, 1.0559323;
 0.34168452, 0.42790809, 0.83674747, -1.8544102;
 0.33840835, -0.88662887, 0.31522861, -1.1446426;
 0, 0, 0, 1]
Ow:
[0.095166534;
 -0.40662313;
 2.3852961]
Keyframe: 71 Frame: 682 Frame from vFrameID : 683
Tcw:
[0.88088787, 0.32165033, 0.34724289, 0.12749121;
 0.17494087, 0.46043059, -0.87028694, -0.41857058;
 -0.43980932, 0.82737219, 0.34931794, 2.3808153;
 0, 0, 0, 1]
Twc:
[0.88088787, 0.17494087, -0.43980932, 1.0080245;
 0.32165033, 0.46043059, 0.82737219, -1.8181052;
 0.34724289, -0.87028694, 0.34931794, -1.2402084;
 0, 0, 0, 1]
Ow:
[0.12749121;
 -0.41857058;
 2.3808153]
Keyframe: 72 Frame: 689 Frame from vFrameID : 690
Tcw:
[0.87964886, 0.3339763, 0.3386409, 0.16233188;
 0.17061734, 0.44303063, -0.88012135, -0.39465845;
 -0.44396797, 0.83197576, 0.33272928, 2.4104145;
 0, 0, 0, 1]
Twc:
[0.87964886, 0.17061734, -0.44396797, 0.99468726;
 0.3339763, 0.44303063, 0.83197576, -1.8847755;
 0.3386409, -0.88012135, 0.33272928, -1.2043349;
 0, 0, 0, 1]
Ow:
[0.16233188;
 -0.39465845;
 2.4104145]
Keyframe: 73 Frame: 697 Frame from vFrameID : 698
Tcw:
[0.87838376, 0.33718914, 0.33874097, 0.17497799;
 0.17331728, 0.43577898, -0.88320881, -0.38305902;
 -0.44542462, 0.83450598, 0.32434046, 2.4280269;
 0, 0, 0, 1]
Twc:
[0.87838376, 0.17331728, -0.44542462, 0.99419594;
 0.33718914, 0.43577898, 0.83450598, -1.9182746;
 0.33874097, -0.88320881, 0.32434046, -1.1851008;
 0, 0, 0, 1]
Ow:
[0.17497799;
 -0.38305902;
 2.4280269]
Keyframe: 74 Frame: 704 Frame from vFrameID : 705
Tcw:
[0.88710064, 0.32050809, 0.33215517, 0.11768967;
 0.19136754, 0.39946604, -0.89655191, -0.45007944;
 -0.42003688, 0.85889548, 0.29303172, 2.6128583;
 0, 0, 0, 1]
Twc:
[0.88710064, 0.19136754, -0.42003688, 1.0792247;
 0.32050809, 0.39946604, 0.85889548, -2.1021011;
 0.33215517, -0.89655191, 0.29303172, -1.2082613;
 0, 0, 0, 1]
Ow:
[0.11768967;
 -0.45007944;
 2.6128583]
Keyframe: 75 Frame: 711 Frame from vFrameID : 712
Tcw:
[0.89202744, 0.3240301, 0.31510568, 0.097490072;
 0.18285605, 0.37884277, -0.90721655, -0.45953089;
 -0.41334099, 0.86688101, 0.27868727, 2.6572287;
 0, 0, 0, 1]
Twc:
[0.89202744, 0.18285605, -0.41334099, 1.0954056;
 0.3240301, 0.37884277, 0.86688101, -2.1610007;
 0.31510568, -0.90721655, 0.27868727, -1.1881495;
 0, 0, 0, 1]
Ow:
[0.097490072;
 -0.45953089;
 2.6572287]
Keyframe: 76 Frame: 719 Frame from vFrameID : 720
Tcw:
[0.89718258, 0.3032659, 0.32108134, 0.12215257;
 0.17494063, 0.42350969, -0.8888393, -0.45597851;
 -0.4055357, 0.8536213, 0.32691199, 2.6421022;
 0, 0, 0, 1]
Twc:
[0.89718258, 0.17494063, -0.4055357, 1.0416428;
 0.3032659, 0.42350969, 0.8536213, -2.0992882;
 0.32108134, -0.8888393, 0.32691199, -1.3082474;
 0, 0, 0, 1]
Ow:
[0.12215257;
 -0.45597851;
 2.6421022]
Keyframe: 77 Frame: 726 Frame from vFrameID : 727
Tcw:
[0.88871723, 0.30690092, 0.34057811, 0.025861025;
 0.19597317, 0.41727862, -0.88739681, -0.37512171;
 -0.41445887, 0.855389, 0.31069836, 2.6956189;
 0, 0, 0, 1]
Twc:
[0.88871723, 0.19597317, -0.41445887, 1.1677538;
 0.30690092, 0.41727862, 0.855389, -2.1572094;
 0.34057811, -0.88739681, 0.31069836, -1.1792139;
 0, 0, 0, 1]
Ow:
[0.025861025;
 -0.37512171;
 2.6956189]
Keyframe: 78 Frame: 733 Frame from vFrameID : 734
Tcw:
[0.88233519, 0.31690535, 0.3479304, 0.080189645;
 0.19425429, 0.42814392, -0.882586, -0.49956775;
 -0.42866051, 0.84632367, 0.31620625, 2.7334166;
 0, 0, 0, 1]
Twc:
[0.88233519, 0.19425429, -0.42866051, 1.1979967;
 0.31690535, 0.42814392, 0.84632367, -2.1248808;
 0.3479304, -0.882586, 0.31620625, -1.3331352;
 0, 0, 0, 1]
Ow:
[0.080189645;
 -0.49956775;
 2.7334166]
Keyframe: 79 Frame: 741 Frame from vFrameID : 742
Tcw:
[0.89427924, 0.33700752, 0.29443264, 0.21399969;
 0.13681228, 0.42054617, -0.89689648, -0.49396074;
 -0.42608339, 0.84235793, 0.32997894, 2.7352099;
 0, 0, 0, 1]
Twc:
[0.89427924, 0.13681228, -0.42608339, 1.0416319;
 0.33700752, 0.42054617, 0.84235793, -2.168412;
 0.29443264, -0.89689648, 0.32997894, -1.4086019;
 0, 0, 0, 1]
Ow:
[0.21399969;
 -0.49396074;
 2.7352099]
Keyframe: 80 Frame: 750 Frame from vFrameID : 751
Tcw:
[0.89410138, 0.34453246, 0.28614691, 0.21999258;
 0.11377657, 0.44321957, -0.88916326, -0.49879009;
 -0.43317151, 0.82755893, 0.3570835, 2.7655754;
 0, 0, 0, 1]
Twc:
[0.89410138, 0.11377657, -0.43317151, 1.0580236;
 0.34453246, 0.44321957, 0.82755893, -2.1433978;
 0.28614691, -0.88916326, 0.3570835, -1.4939975;
 0, 0, 0, 1]
Ow:
[0.21999258;
 -0.49879009;
 2.7655754]
Keyframe: 81 Frame: 756 Frame from vFrameID : 757
Tcw:
[0.88677233, 0.35942924, 0.29059497, 0.19387987;
 0.12754869, 0.41400373, -0.90129477, -0.52239752;
 -0.44425908, 0.8363083, 0.32128233, 2.850276;
 0, 0, 0, 1]
Twc:
[0.88677233, 0.12754869, -0.44425908, 1.160965;
 0.35942924, 0.41400373, 0.8363083, -2.2371211;
 0.29059497, -0.90129477, 0.32128233, -1.4429179;
 0, 0, 0, 1]
Ow:
[0.19387987;
 -0.52239752;
 2.850276]
Keyframe: 82 Frame: 762 Frame from vFrameID : 763
Tcw:
[0.88741177, 0.33642998, 0.31514308, 0.23291647;
 0.15360561, 0.42876294, -0.89026272, -0.55327964;
 -0.43463272, 0.83843738, 0.32881176, 2.8411858;
 0, 0, 0, 1]
Twc:
[0.88741177, 0.15360561, -0.43463272, 1.1131665;
 0.33642998, 0.42876294, 0.83843738, -2.2232907;
 0.31514308, -0.89026272, 0.32881176, -1.5001816;
 0, 0, 0, 1]
Ow:
[0.23291647;
 -0.55327964;
 2.8411858]
Keyframe: 83 Frame: 772 Frame from vFrameID : 773
Tcw:
[0.89433682, 0.33034527, 0.30171788, 0.25840697;
 0.13975997, 0.43435276, -0.88983417, -0.52064562;
 -0.42500451, 0.8379795, 0.34228861, 2.8656533;
 0, 0, 0, 1]
Twc:
[0.89433682, 0.13975997, -0.42500451, 1.0595781;
 0.33034527, 0.43435276, 0.8379795, -2.2605784;
 0.30171788, -0.88983417, 0.34228861, -1.5221347;
 0, 0, 0, 1]
Ow:
[0.25840697;
 -0.52064562;
 2.8656533]
Keyframe: 84 Frame: 778 Frame from vFrameID : 779
Tcw:
[0.89474511, 0.34149915, 0.28776646, 0.24647155;
 0.11176255, 0.45264158, -0.88466078, -0.49264324;
 -0.43236598, 0.8237074, 0.36683202, 2.8640933;
 0, 0, 0, 1]
Twc:
[0.89474511, 0.11176255, -0.43236598, 1.0728664;
 0.34149915, 0.45264158, 0.8237074, -2.2203541;
 0.28776646, -0.88466078, 0.36683202, -1.5573896;
 0, 0, 0, 1]
Ow:
[0.24647155;
 -0.49264324;
 2.8640933]
Keyframe: 85 Frame: 785 Frame from vFrameID : 786
Tcw:
[0.89112097, 0.34758228, 0.29170179, 0.29721534;
 0.11388984, 0.45094612, -0.88525516, -0.52197647;
 -0.43924081, 0.82209134, 0.36226147, 2.9054072;
 0, 0, 0, 1]
Twc:
[0.89112097, 0.11388984, -0.43924081, 1.0707663;
 0.34758228, 0.45094612, 0.82209134, -2.2564335;
 0.29170179, -0.88525516, 0.36226147, -1.6012976;
 0, 0, 0, 1]
Ow:
[0.29721534;
 -0.52197647;
 2.9054072]
Keyframe: 86 Frame: 793 Frame from vFrameID : 794
Tcw:
[0.87880236, 0.35290506, 0.32119215, 0.31149417;
 0.15143478, 0.43205053, -0.88904434, -0.58658886;
 -0.45251948, 0.82993394, 0.32624492, 2.9660902;
 0, 0, 0, 1]
Twc:
[0.87880236, 0.15143478, -0.45251948, 1.1573018;
 0.35290506, 0.43205053, 0.82993394, -2.3181508;
 0.32119215, -0.88904434, 0.32624492, -1.5892249;
 0, 0, 0, 1]
Ow:
[0.31149417;
 -0.58658886;
 2.9660902]
Keyframe: 87 Frame: 804 Frame from vFrameID : 805
Tcw:
[0.89186823, 0.32743037, 0.31202638, 0.30472553;
 0.15640847, 0.4240382, -0.8920359, -0.62674379;
 -0.42439073, 0.84438199, 0.32697332, 3.0315108;
 0, 0, 0, 1]
Twc:
[0.89186823, 0.15640847, -0.42439073, 1.112798;
 0.32743037, 0.4240382, 0.84438199, -2.3937662;
 0.31202638, -0.8920359, 0.32697332, -1.6453834;
 0, 0, 0, 1]
Ow:
[0.30472553;
 -0.62674379;
 3.0315108]
Keyframe: 88 Frame: 811 Frame from vFrameID : 812
Tcw:
[0.90868366, 0.30393404, 0.28621346, 0.32549709;
 0.13310497, 0.43887475, -0.88863492, -0.64586455;
 -0.39569828, 0.84558445, 0.35834318, 3.0004683;
 0, 0, 0, 1]
Twc:
[0.90868366, 0.13310497, -0.39569828, 0.97747397;
 0.30393404, 0.43887475, 0.84558445, -2.3526254;
 0.28621346, -0.88863492, 0.35834318, -1.7422968;
 0, 0, 0, 1]
Ow:
[0.32549709;
 -0.64586455;
 3.0004683]
Keyframe: 89 Frame: 817 Frame from vFrameID : 818
Tcw:
[0.90510607, 0.31983191, 0.28016174, 0.31545657;
 0.12137809, 0.43713805, -0.89116645, -0.66700041;
 -0.40749285, 0.84060568, 0.35683569, 3.0647085;
 0, 0, 0, 1]
Twc:
[0.90510607, 0.12137809, -0.40749285, 1.0442843;
 0.31983191, 0.43713805, 0.84060568, -2.3855331;
 0.28016174, -0.89116645, 0.35683569, -1.7763848;
 0, 0, 0, 1]
Ow:
[0.31545657;
 -0.66700041;
 3.0647085]
Keyframe: 90 Frame: 823 Frame from vFrameID : 824
Tcw:
[0.89806169, 0.3274698, 0.29368123, 0.37623852;
 0.14274737, 0.41455156, -0.89876038, -0.67099684;
 -0.41606289, 0.84906453, 0.32554743, 3.088202;
 0, 0, 0, 1]
Twc:
[0.89806169, 0.14274737, -0.41606289, 1.0427839;
 0.3274698, 0.41455156, 0.84906453, -2.4671266;
 0.29368123, -0.89876038, 0.32554743, -1.7189157;
 0, 0, 0, 1]
Ow:
[0.37623852;
 -0.67099684;
 3.088202]
Keyframe: 91 Frame: 831 Frame from vFrameID : 832
Tcw:
[0.89446521, 0.31156796, 0.32071394, 0.32398343;
 0.17694679, 0.41205975, -0.89381015, -0.67239398;
 -0.41063592, 0.85623139, 0.31344214, 3.1522741;
 0, 0, 0, 1]
Twc:
[0.89446521, 0.17694679, -0.41063592, 1.123623;
 0.31156796, 0.41205975, 0.85623139, -2.5229523;
 0.32071394, -0.89381015, 0.31344214, -1.6929542;
 0, 0, 0, 1]
Ow:
[0.32398343;
 -0.67239398;
 3.1522741]
Keyframe: 92 Frame: 839 Frame from vFrameID : 840
Tcw:
[0.91221631, 0.28861883, 0.29079303, 0.24661627;
 0.15566716, 0.4123731, -0.89761692, -0.63410932;
 -0.37898439, 0.8640877, 0.33124498, 3.1981049;
 0, 0, 0, 1]
Twc:
[0.91221631, 0.15566716, -0.37898439, 1.0857743;
 0.28861883, 0.4123731, 0.8640877, -2.5731316;
 0.29079303, -0.89761692, 0.33124498, -1.7002578;
 0, 0, 0, 1]
Ow:
[0.24661627;
 -0.63410932;
 3.1981049]
Keyframe: 93 Frame: 846 Frame from vFrameID : 847
Tcw:
[0.9231959, 0.27570835, 0.26775771, 0.36735854;
 0.12879623, 0.4344604, -0.89143461, -0.63510966;
 -0.36210608, 0.85745502, 0.36558187, 3.162529;
 0, 0, 0, 1]
Twc:
[0.9231959, 0.12879623, -0.36210608, 0.8878268;
