Keyframe: 0 Frame: 0 Frame from vFrameID : 246
Tcw:
[0.95008999, 0.21524793, 0.22582597, 0.074423231;
 0.14449696, 0.33792058, -0.93001628, -0.094133109;
 -0.27649534, 0.91623032, 0.28995228, 0.091961786;
 0, 0, 0, 1]
Twc:
[0.95008999, 0.14449696, -0.27649534, -0.031679809;
 0.21524793, 0.33792058, 0.91623032, -0.068468109;
 0.22582597, -0.93001628, 0.28995228, -0.13101655;
 0, 0, 0, 1]
Ow:
[0.074423231;
 -0.094133109;
 0.091961786]
Keyframe: 1 Frame: 245 Frame from vFrameID : 246
Tcw:
[0.94703633, 0.22158223, 0.23242952, 0.013035471;
 0.14812243, 0.3407791, -0.92840153, -0.0039761532;
 -0.28492439, 0.91365796, 0.28990889, 0.015769592;
 0, 0, 0, 1]
Twc:
[0.94703633, 0.14812243, -0.28492439, -0.0072629657;
 0.22158223, 0.3407791, 0.91365796, -0.015941452;
 0.23242952, -0.92840153, 0.28990889, -0.011293039;
 0, 0, 0, 1]
Ow:
[0.013035471;
 -0.0039761532;
 0.015769592]
