Keyframe: 0 Frame: 0 Frame from vFrameID : 115
Tcw:
[0.92372036, 0.15709282, 0.34937444, -0.013389748;
 0.2594021, 0.41458654, -0.87225485, -0.0054220958;
 -0.28187093, 0.89634806, 0.34221184, 0.0050005084;
 0, 0, 0, 1]
Twc:
[0.92372036, 0.2594021, -0.28187093, 0.015184384;
 0.15709282, 0.41458654, 0.89634806, -0.00013083499;
 0.34937444, -0.87225485, 0.34221184, -0.0017626465;
 0, 0, 0, 1]
Ow:
[-0.013389748;
 -0.0054220958;
 0.0050005084]
Keyframe: 1 Frame: 114 Frame from vFrameID : 115
Tcw:
[0.91686618, 0.18271051, 0.35492712, -0.014126586;
 0.25859439, 0.40549549, -0.87675673, -0.0045799688;
 -0.30411401, 0.89565074, 0.32453719, 0.0043909331;
 0, 0, 0, 1]
Twc:
[0.91686618, 0.25859439, -0.30411401, 0.015471888;
 0.18271051, 0.40549549, 0.89565074, 0.00050548941;
 0.35492712, -0.87675673, 0.32453719, -0.00042663046;
 0, 0, 0, 1]
Ow:
[-0.014126586;
 -0.0045799688;
 0.0043909331]
Keyframe: 2 Frame: 117 Frame from vFrameID : 118
Tcw:
[0.90943086, 0.18964469, 0.37009516, -0.014603555;
 0.26657635, 0.41720167, -0.86883819, -0.0052687833;
 -0.31917486, 0.88880688, 0.32886127, 0.0042579416;
 0, 0, 0, 1]
Twc:
[0.90943086, 0.26657635, -0.31917486, 0.016044484;
 0.18964469, 0.41720167, 0.88880688, 0.0011831434;
 0.37009516, -0.86883819, 0.32886127, -0.00057328731;
 0, 0, 0, 1]
Ow:
[-0.014603555;
 -0.0052687833;
 0.0042579416]
Keyframe: 3 Frame: 119 Frame from vFrameID : 120
Tcw:
[0.90966338, 0.20283791, 0.36244905, -0.013358366;
 0.25876334, 0.40583062, -0.87655181, -0.0063726474;
 -0.32489085, 0.8911556, 0.31668222, 0.0057191029;
 0, 0, 0, 1]
Twc:
[0.90966338, 0.25876334, -0.32489085, 0.015658708;
 0.20283791, 0.40583062, 0.8911556, 0.00019918785;
 0.36244905, -0.87655181, 0.31668222, -0.0025553668;
 0, 0, 0, 1]
Ow:
[-0.013358366;
 -0.0063726474;
 0.0057191029]
Keyframe: 4 Frame: 120 Frame from vFrameID : 121
Tcw:
[0.90900218, 0.2192367, 0.35447183, -0.013730017;
 0.2500028, 0.3936882, -0.88459492, -0.006095754;
 -0.33348706, 0.89271766, 0.30305365, 0.0052781161;
 0, 0, 0, 1]
Twc:
[0.90900218, 0.2500028, -0.33348706, 0.015764754;
 0.2192367, 0.3936882, 0.89271766, 0.00069808209;
 0.35447183, -0.88459492, 0.30305365, -0.0021249212;
 0, 0, 0, 1]
Ow:
[-0.013730017;
 -0.006095754;
 0.0052781161]
Keyframe: 5 Frame: 122 Frame from vFrameID : 123
Tcw:
[0.90465856, 0.23023592, 0.35858652, -0.014436597;
 0.25419113, 0.38382927, -0.88772851, -0.0062779114;
 -0.34202299, 0.89424074, 0.2887105, 0.005245591;
 0, 0, 0, 1]
Twc:
[0.90465856, 0.25419113, -0.34202299, 0.016450094;
 0.23023592, 0.38382927, 0.89424074, 0.0010426479;
 0.35858652, -0.88772851, 0.2887105, -0.0019107695;
 0, 0, 0, 1]
Ow:
[-0.014436597;
 -0.0062779114;
 0.005245591]
Keyframe: 6 Frame: 124 Frame from vFrameID : 125
Tcw:
[0.90375853, 0.21883188, 0.36787647, -0.013641944;
 0.26732534, 0.3826673, -0.8843658, -0.0059808288;
 -0.33430174, 0.89759588, 0.28733954, 0.0053917114;
 0, 0, 0, 1]
Twc:
[0.90375853, 0.26732534, -0.33430174, 0.01573031;
 0.21883188, 0.3826673, 0.89759588, 0.00043438238;
 0.36787647, -0.8843658, 0.28733954, -0.0018199423;
 0, 0, 0, 1]
Ow:
[-0.013641944;
 -0.0059808288;
 0.0053917114]
Keyframe: 7 Frame: 126 Frame from vFrameID : 127
Tcw:
[0.90218997, 0.21204025, 0.37562236, -0.013354081;
 0.27574232, 0.3861323, -0.88026589, -0.0054602255;
 -0.33169171, 0.89774203, 0.28989622, 0.0052838591;
 0, 0, 0, 1]
Twc:
[0.90218997, 0.27574232, -0.33169171, 0.015306146;
 0.21204025, 0.3861323, 0.89774203, 0.00019642919;
 0.37562236, -0.88026589, 0.28989622, -0.0013221295;
 0, 0, 0, 1]
Ow:
[-0.013354081;
 -0.0054602255;
 0.0052838591]
Keyframe: 8 Frame: 128 Frame from vFrameID : 129
Tcw:
[0.89876127, 0.21332686, 0.38304025, -0.013151103;
 0.28243962, 0.38651139, -0.87797314, -0.0059646685;
 -0.33534467, 0.89727402, 0.28712949, 0.0056386078;
 0, 0, 0, 1]
Twc:
[0.89876127, 0.28243962, -0.33534467, 0.015395237;
 0.21332686, 0.38651139, 0.89727402, 5.1519462e-05;
 0.38304025, -0.87797314, 0.28712949, -0.0018184277;
 0, 0, 0, 1]
Ow:
[-0.013151103;
 -0.0059646685;
 0.0056386078]
Keyframe: 9 Frame: 130 Frame from vFrameID : 131
Tcw:
[0.89301443, 0.22341406, 0.39065507, -0.011734966;
 0.28654388, 0.38707945, -0.87639153, -0.0064478396;
 -0.34701273, 0.89457011, 0.28164959, 0.0058593461;
 0, 0, 0, 1]
Twc:
[0.89301443, 0.28654388, -0.34701273, 0.014360351;
 0.22341406, 0.38707945, 0.89457011, -0.00012401342;
 0.39065507, -0.87639153, 0.28164959, -0.0027167904;
 0, 0, 0, 1]
Ow:
[-0.011734966;
 -0.0064478396;
 0.0058593461]
Keyframe: 10 Frame: 133 Frame from vFrameID : 134
Tcw:
[0.89349955, 0.23513553, 0.38258308, -0.01116301;
 0.27940461, 0.37587437, -0.88354486, -0.0069487132;
 -0.35155597, 0.8963424, 0.27014565, 0.0062134014;
 0, 0, 0, 1]
Twc:
[0.89349955, 0.27940461, -0.35155597, 0.014100006;
 0.23513553, 0.37587437, 0.8963424, -0.00033267148;
 0.38258308, -0.88354486, 0.27014565, -0.003547244;
 0, 0, 0, 1]
Ow:
[-0.01116301;
 -0.0069487132;
 0.0062134014]
Keyframe: 11 Frame: 135 Frame from vFrameID : 136
Tcw:
[0.89209419, 0.26022223, 0.36939451, -0.010379728;
 0.2636472, 0.36415333, -0.89324272, -0.0075014988;
 -0.36695781, 0.89424646, 0.2562522, 0.0070610954;
 0, 0, 0, 1]
Twc:
[0.89209419, 0.2636472, -0.36695781, 0.013828569;
 0.26022223, 0.36415333, 0.89424646, -0.00088162819;
 0.36939451, -0.89324272, 0.2562522, -0.0046758656;
 0, 0, 0, 1]
Ow:
[-0.010379728;
 -0.0075014988;
 0.0070610954]
Keyframe: 12 Frame: 141 Frame from vFrameID : 142
Tcw:
[0.88811564, 0.27806905, 0.365962, 0.0056891171;
 0.25654432, 0.36074591, -0.89668691, -0.012471857;
 -0.38136017, 0.89024717, 0.24904706, 0.021711648;
 0, 0, 0, 1]
Twc:
[0.88811564, 0.25654432, -0.38136017, 0.0064269477;
 0.27806905, 0.36074591, 0.89024717, -0.016411528;
 0.365962, -0.89668691, 0.24904706, -0.018672572;
 0, 0, 0, 1]
Ow:
[0.0056891171;
 -0.012471857;
 0.021711648]
Keyframe: 13 Frame: 147 Frame from vFrameID : 148
Tcw:
[0.90109551, 0.26529554, 0.34299445, 0.014961099;
 0.22187568, 0.39751676, -0.89036602, -0.018703483;
 -0.37255618, 0.87840688, 0.29933795, 0.024534713;
 0, 0, 0, 1]
Twc:
[0.90109551, 0.22187568, -0.37255618, -0.00019097191;
 0.26529554, 0.39751676, 0.87840688, -0.018085627;
 0.34299445, -0.89036602, 0.29933795, -0.029128689;
 0, 0, 0, 1]
Ow:
[0.014961099;
 -0.018703483;
 0.024534713]
Keyframe: 14 Frame: 153 Frame from vFrameID : 154
Tcw:
[0.90035033, 0.18534201, 0.39372277, 0.02218166;
 0.29129001, 0.41548494, -0.86169738, -0.017397771;
 -0.32329461, 0.89051706, 0.32009372, 0.028995533;
 0, 0, 0, 1]
Twc:
[0.90035033, 0.29129001, -0.32329461, -0.0055293688;
 0.18534201, 0.41548494, 0.89051706, -0.022703698;
 0.39372277, -0.86169738, 0.32009372, -0.033006325;
 0, 0, 0, 1]
Ow:
[0.02218166;
 -0.017397771;
 0.028995533]
Keyframe: 15 Frame: 159 Frame from vFrameID : 160
Tcw:
[0.87782508, 0.26322734, 0.40016812, 0.034766994;
 0.29355916, 0.36449304, -0.88372386, -0.03156814;
 -0.37847877, 0.89322793, 0.24268833, 0.042721521;
 0, 0, 0, 1]
Twc:
[0.87782508, 0.29355916, -0.37847877, -0.0050830324;
 0.26322734, 0.36449304, 0.89322793, -0.035805315;
 0.40016812, -0.88372386, 0.24268833, -0.052178178;
 0, 0, 0, 1]
Ow:
[0.034766994;
 -0.03156814;
 0.042721521]
Keyframe: 16 Frame: 165 Frame from vFrameID : 166
Tcw:
[0.8771885, 0.26179469, 0.40249708, 0.040068738;
 0.28723153, 0.38562885, -0.87680584, -0.03145295;
 -0.38475758, 0.8847338, 0.26307347, 0.043673977;
 0, 0, 0, 1]
Twc:
[0.8771885, 0.28723153, -0.38475758, -0.0093096653;
 0.26179469, 0.38562885, 0.8847338, -0.037000462;
 0.40249708, -0.87680584, 0.26307347, -0.055195145;
 0, 0, 0, 1]
Ow:
[0.040068738;
 -0.03145295;
 0.043673977]
Keyframe: 17 Frame: 171 Frame from vFrameID : 172
Tcw:
[0.87756252, 0.3251664, 0.35235035, 0.053049568;
 0.24689202, 0.32350031, -0.91345054, -0.02377712;
 -0.41100886, 0.8886025, 0.20361076, 0.075038433;
 0, 0, 0, 1]
Twc:
[0.87756252, 0.24689202, -0.41100886, -0.0098424684;
 0.3251664, 0.32350031, 0.8886025, -0.076237373;
 0.35235035, -0.91345054, 0.20361076, -0.05568989;
 0, 0, 0, 1]
Ow:
[0.053049568;
 -0.02377712;
 0.075038433]
Keyframe: 18 Frame: 177 Frame from vFrameID : 178
Tcw:
[0.88969386, 0.23007469, 0.39434823, 0.079442888;
 0.27144015, 0.42794991, -0.86207837, -0.063160419;
 -0.3671037, 0.87402773, 0.31829289, 0.057375629;
 0, 0, 0, 1]
Twc:
[0.88969386, 0.27144015, -0.3671037, -0.032472771;
 0.23007469, 0.42794991, 0.87402773, -0.041396197;
 0.39434823, -0.86207837, 0.31829289, -0.10403965;
 0, 0, 0, 1]
Ow:
[0.079442888;
 -0.063160419;
 0.057375629]
Keyframe: 19 Frame: 184 Frame from vFrameID : 185
Tcw:
[0.88630873, 0.23652472, 0.39813679, 0.10046424;
 0.27239645, 0.42900148, -0.86125368, -0.071781106;
 -0.37450907, 0.87178773, 0.31579927, 0.064096801;
 0, 0, 0, 1]
Twc:
[0.88630873, 0.27239645, -0.37450907, -0.045484584;
 0.23652472, 0.42900148, 0.87178773, -0.048846874;
 0.39813679, -0.86125368, 0.31579927, -0.12206198;
 0, 0, 0, 1]
Ow:
[0.10046424;
 -0.071781106;
 0.064096801]
Keyframe: 20 Frame: 191 Frame from vFrameID : 192
Tcw:
[0.87787122, 0.23047353, 0.41979051, 0.14200968;
 0.2996203, 0.41949856, -0.85688311, -0.082623139;
 -0.37359038, 0.87801075, 0.29921117, 0.093823805;
 0, 0, 0, 1]
Twc:
[0.87787122, 0.2996203, -0.37359038, -0.064858973;
 0.23047353, 0.41949856, 0.87801075, -0.080447502;
 0.41979051, -0.85688311, 0.29921117, -0.15848581;
 0, 0, 0, 1]
Ow:
[0.14200968;
 -0.082623139;
 0.093823805]
Keyframe: 21 Frame: 198 Frame from vFrameID : 199
Tcw:
[0.86225265, 0.22916026, 0.45167017, 0.18597785;
 0.3293851, 0.42371532, -0.84378362, -0.13717546;
 -0.38474125, 0.87632805, 0.2898677, 0.11945187;
 0, 0, 0, 1]
Twc:
[0.86225265, 0.3293851, -0.38474125, -0.069218285;
 0.22916026, 0.42371532, 0.87632805, -0.089174412;
 0.45167017, -0.84378362, 0.2898677, -0.23437229;
 0, 0, 0, 1]
Ow:
[0.18597785;
 -0.13717546;
 0.11945187]
Keyframe: 22 Frame: 207 Frame from vFrameID : 208
Tcw:
[0.8796435, 0.20767646, 0.42789927, 0.1037257;
 0.32595366, 0.39195806, -0.86030406, -0.10562276;
 -0.34638345, 0.89623624, 0.27709046, 0.23119086;
 0, 0, 0, 1]
Twc:
[0.8796435, 0.32595366, -0.34638345, 0.023267174;
 0.20767646, 0.39195806, 0.89623624, -0.18734331;
 0.42789927, -0.86030406, 0.27709046, -0.19931263;
 0, 0, 0, 1]
Ow:
[0.1037257;
 -0.10562276;
 0.23119086]
Keyframe: 23 Frame: 215 Frame from vFrameID : 216
Tcw:
[0.86586767, 0.2244997, 0.44707167, 0.056253266;
 0.32777196, 0.42054725, -0.84599382, -0.079106405;
 -0.37794015, 0.87905622, 0.29055357, 0.31462905;
 0, 0, 0, 1]
Twc:
[0.86586767, 0.32777196, -0.37794015, 0.096131913;
 0.2244997, 0.42054725, 0.87905622, -0.25593749;
 0.44707167, -0.84599382, 0.29055357, -0.18348935;
 0, 0, 0, 1]
Ow:
[0.056253266;
 -0.079106405;
 0.31462905]
Keyframe: 24 Frame: 222 Frame from vFrameID : 223
Tcw:
[0.88275307, 0.22230132, 0.41391918, 0.092606872;
 0.30627155, 0.39581355, -0.86575365, -0.067117289;
 -0.35629299, 0.89101839, 0.28132105, 0.36861438;
 0, 0, 0, 1]
Twc:
[0.88275307, 0.30627155, -0.35629299, 0.070141852;
 0.22230132, 0.39581355, 0.89101839, -0.32246292;
 0.41391918, -0.86575365, 0.28132105, -0.20013779;
 0, 0, 0, 1]
Ow:
[0.092606872;
 -0.067117289;
 0.36861438]
Keyframe: 25 Frame: 230 Frame from vFrameID : 231
Tcw:
[0.86697388, 0.22310719, 0.44562262, 0.060535602;
 0.33913559, 0.39107585, -0.85559732, -0.082805894;
 -0.36516216, 0.89290696, 0.26338896, 0.43251804;
 0, 0, 0, 1]
Twc:
[0.86697388, 0.33913559, -0.36516216, 0.13353886;
 0.22310719, 0.39107585, 0.89290696, -0.36732092;
 0.44562262, -0.85559732, 0.26338896, -0.21174499;
 0, 0, 0, 1]
Ow:
[0.060535602;
 -0.082805894;
 0.43251804]
Keyframe: 26 Frame: 238 Frame from vFrameID : 239
Tcw:
[0.8745454, 0.22626594, 0.42892203, 0.091212735;
 0.3359229, 0.35524797, -0.87232715, -0.062845722;
 -0.34975162, 0.90697443, 0.23467256, 0.48786014;
 0, 0, 0, 1]
Twc:
[0.8745454, 0.3359229, -0.34975162, 0.1119715;
 0.22626594, 0.35524797, 0.90697443, -0.44078916;
 0.42892203, -0.87232715, 0.23467256, -0.20843257;
 0, 0, 0, 1]
Ow:
[0.091212735;
 -0.062845722;
 0.48786014]
Keyframe: 27 Frame: 247 Frame from vFrameID : 248
Tcw:
[0.87170011, 0.22531901, 0.43516695, 0.10649118;
 0.33293867, 0.37928218, -0.86330581, -0.060241714;
 -0.35957026, 0.89742768, 0.2556029, 0.51161194;
 0, 0, 0, 1]
Twc:
[0.87170011, 0.33293867, -0.35957026, 0.11118888;
 0.22531901, 0.37928218, 0.89742768, -0.4602806;
 0.43516695, -0.86330581, 0.2556029, -0.22911796;
 0, 0, 0, 1]
Ow:
[0.10649118;
 -0.060241714;
 0.51161194]
Keyframe: 28 Frame: 255 Frame from vFrameID : 256
Tcw:
[0.85220152, 0.24739175, 0.46103129, 0.13570718;
 0.33856246, 0.41106829, -0.84640318, -0.067401975;
 -0.3989085, 0.87739396, 0.26655549, 0.51095307;
 0, 0, 0, 1]
Twc:
[0.85220152, 0.33856246, -0.3989085, 0.11099343;
 0.24739175, 0.41106829, 0.87739396, -0.45417318;
 0.46103129, -0.84640318, 0.26655549, -0.25581184;
 0, 0, 0, 1]
Ow:
[0.13570718;
 -0.067401975;
 0.51095307]
Keyframe: 29 Frame: 263 Frame from vFrameID : 264
Tcw:
[0.81619543, 0.31237698, 0.48605108, 0.14138287;
 0.3384746, 0.42326576, -0.84040529, -0.10044359;
 -0.46825203, 0.85045087, 0.2397359, 0.58292001;
 0, 0, 0, 1]
Twc:
[0.81619543, 0.3384746, -0.46825203, 0.19155504;
 0.31237698, 0.42326576, 0.85045087, -0.49739528;
 0.48605108, -0.84040529, 0.2397359, -0.29287946;
 0, 0, 0, 1]
Ow:
[0.14138287;
 -0.10044359;
 0.58292001]
Keyframe: 30 Frame: 270 Frame from vFrameID : 271
Tcw:
[0.81317717, 0.28728199, 0.50617385, 0.027429514;
 0.36247361, 0.43045962, -0.82663012, 0.039659299;
 -0.45536336, 0.85567141, 0.2459078, 0.63929105;
 0, 0, 0, 1]
Twc:
[0.81317717, 0.36247361, -0.45536336, 0.25442922;
 0.28728199, 0.43045962, 0.85567141, -0.57197481;
 0.50617385, -0.82663012, 0.2459078, -0.13830718;
 0, 0, 0, 1]
Ow:
[0.027429514;
 0.039659299;
 0.63929105]
Keyframe: 31 Frame: 278 Frame from vFrameID : 279
Tcw:
[0.84422535, 0.23122807, 0.48354638, 0.093555734;
 0.3617582, 0.41986671, -0.83237189, -0.18564089;
 -0.39549276, 0.87763631, 0.27081347, 0.68606913;
 0, 0, 0, 1]
Twc:
[0.84422535, 0.3617582, -0.39549276, 0.2595104;
 0.23122807, 0.41986671, 0.87763631, -0.54580754;
 0.48354638, -0.83237189, 0.27081347, -0.38555759;
 0, 0, 0, 1]
Ow:
[0.093555734;
 -0.18564089;
 0.68606913]
Keyframe: 32 Frame: 285 Frame from vFrameID : 286
Tcw:
[0.8419469, 0.25775957, 0.47400987, 0.11628997;
 0.33148384, 0.44606358, -0.83135176, -0.11061458;
 -0.42572743, 0.8570807, 0.29011872, 0.65666735;
 0, 0, 0, 1]
Twc:
[0.8419469, 0.33148384, -0.42572743, 0.21831827;
 0.25775957, 0.44606358, 0.8570807, -0.54345065;
 0.47400987, -0.83135176, 0.29011872, -0.33759373;
 0, 0, 0, 1]
Ow:
[0.11628997;
 -0.11061458;
 0.65666735]
Keyframe: 33 Frame: 293 Frame from vFrameID : 294
Tcw:
[0.8306855, 0.27063271, 0.48653835, 0.15378536;
 0.33667034, 0.4518306, -0.82613695, -0.14542389;
 -0.44341257, 0.85006297, 0.28421512, 0.69795573;
 0, 0, 0, 1]
Twc:
[0.8306855, 0.33667034, -0.44341257, 0.23069499;
 0.27063271, 0.4518306, 0.85006297, -0.5692187;
 0.48653835, -0.82613695, 0.28421512, -0.39333209;
 0, 0, 0, 1]
Ow:
[0.15378536;
 -0.14542389;
 0.69795573]
Keyframe: 34 Frame: 301 Frame from vFrameID : 302
Tcw:
[0.81222516, 0.27304858, 0.5154947, 0.15025775;
 0.37361354, 0.43516466, -0.81917316, -0.20738631;
 -0.44799912, 0.85794884, 0.25143704, 0.73219174;
 0, 0, 0, 1]
Twc:
[0.81222516, 0.37361354, -0.44799912, 0.28346047;
 0.27304858, 0.43516466, 0.85794884, -0.57896352;
 0.5154947, -0.81917316, 0.25143704, -0.43144247;
 0, 0, 0, 1]
Ow:
[0.15025775;
 -0.20738631;
 0.73219174]
Keyframe: 35 Frame: 310 Frame from vFrameID : 311
Tcw:
[0.81417716, 0.27587998, 0.51088727, 0.20501576;
 0.36220828, 0.44636163, -0.81827039, -0.24646953;
 -0.45378491, 0.85126466, 0.26349142, 0.77706915;
 0, 0, 0, 1]
Twc:
[0.81417716, 0.36220828, -0.45378491, 0.2749764;
 0.27587998, 0.44636163, 0.85126466, -0.60803676;
 0.51088727, -0.81827039, 0.26349142, -0.51116973;
 0, 0, 0, 1]
Ow:
[0.20501576;
 -0.24646953;
 0.77706915]
Keyframe: 36 Frame: 318 Frame from vFrameID : 319
Tcw:
[0.83861887, 0.26695123, 0.47482145, 0.20478967;
 0.32536602, 0.45361337, -0.82968181, -0.22579667;
 -0.43686992, 0.8502776, 0.29355186, 0.74481356;
 0, 0, 0, 1]
Twc:
[0.83861887, 0.32536602, -0.43686992, 0.22711271;
 0.26695123, 0.45361337, 0.8502776, -0.58554274;
 0.47482145, -0.82968181, 0.29355186, -0.50321931;
 0, 0, 0, 1]
Ow:
[0.20478967;
 -0.22579667;
 0.74481356]
Keyframe: 37 Frame: 326 Frame from vFrameID : 327
Tcw:
[0.83531708, 0.26410952, 0.4821738, 0.23102623;
 0.32611018, 0.46805269, -0.82132745, -0.27638775;
 -0.44260314, 0.84331065, 0.3048436, 0.78481007;
 0, 0, 0, 1]
Twc:
[0.83531708, 0.32611018, -0.44260314, 0.24451211;
 0.26410952, 0.46805269, 0.84331065, -0.59349084;
 0.4821738, -0.82132745, 0.3048436, -0.57764399;
 0, 0, 0, 1]
Ow:
[0.23102623;
 -0.27638775;
 0.78481007]
Keyframe: 38 Frame: 332 Frame from vFrameID : 333
Tcw:
[0.83915973, 0.2637957, 0.47562885, 0.19038188;
 0.34226757, 0.42349768, -0.83875066, -0.21543843;
 -0.42268652, 0.86663806, 0.26509348, 0.88916808;
 0, 0, 0, 1]
Twc:
[0.83915973, 0.34226757, -0.42268652, 0.28981614;
 0.2637957, 0.42349768, 0.86663806, -0.72957116;
 0.47562885, -0.83875066, 0.26509348, -0.5069629;
 0, 0, 0, 1]
Ow:
[0.19038188;
 -0.21543843;
 0.88916808]
Keyframe: 39 Frame: 340 Frame from vFrameID : 341
Tcw:
[0.81382352, 0.25973475, 0.51983571, 0.12636237;
 0.38255692, 0.43390352, -0.81570703, -0.2180371;
 -0.437426, 0.86270827, 0.25375757, 0.93402171;
 0, 0, 0, 1]
Twc:
[0.81382352, 0.38255692, -0.437426, 0.38914031;
 0.25973475, 0.43390352, 0.86270827, -0.74400192;
 0.51983571, -0.81570703, 0.25375757, -0.48055711;
 0, 0, 0, 1]
Ow:
[0.12636237;
 -0.2180371;
 0.93402171]
Keyframe: 40 Frame: 349 Frame from vFrameID : 350
Tcw:
[0.81916136, 0.26410928, 0.50913745, 0.1163253;
 0.37371641, 0.42760772, -0.82309639, -0.18209051;
 -0.43509853, 0.8645218, 0.25157773, 0.96169829;
 0, 0, 0, 1]
Twc:
[0.81916136, 0.37371641, -0.43509853, 0.39119452;
 0.26410928, 0.42760772, 0.8645218, -0.78426844;
 0.50913745, -0.82309639, 0.25157773, -0.45104551;
 0, 0, 0, 1]
Ow:
[0.1163253;
 -0.18209051;
 0.96169829]
Keyframe: 41 Frame: 358 Frame from vFrameID : 359
Tcw:
[0.85491878, 0.2469244, 0.45622608, 0.15137526;
 0.34518525, 0.38572493, -0.85560703, -0.17707723;
 -0.38724804, 0.88895702, 0.24452883, 0.98013973;
 0, 0, 0, 1]
Twc:
[0.85491878, 0.34518525, -0.38724804, 0.31126809;
 0.2469244, 0.38572493, 0.88895702, -0.84037727;
 0.45622608, -0.85560703, 0.24452883, -0.4602423;
 0, 0, 0, 1]
Ow:
[0.15137526;
 -0.17707723;
 0.98013973]
Keyframe: 42 Frame: 366 Frame from vFrameID : 367
Tcw:
[0.85475832, 0.24910989, 0.45533773, 0.17973739;
 0.32808876, 0.42045867, -0.84591502, -0.20517108;
 -0.4021765, 0.87244415, 0.2776604, 0.99109745;
 0, 0, 0, 1]
Twc:
[0.85475832, 0.32808876, -0.4021765, 0.31227842;
 0.24910989, 0.42045867, 0.87244415, -0.8231855;
 0.45533773, -0.84591502, 0.2776604, -0.53058702;
 0, 0, 0, 1]
Ow:
[0.17973739;
 -0.20517108;
 0.99109745]
Keyframe: 43 Frame: 374 Frame from vFrameID : 375
Tcw:
[0.85561305, 0.24273588, 0.45717132, 0.19587527;
 0.34850508, 0.38288835, -0.85553533, -0.20618968;
 -0.38271469, 0.8913337, 0.24300958, 1.0267963;
 0, 0, 0, 1]
Twc:
[0.85561305, 0.34850508, -0.38271469, 0.29723474;
 0.24273588, 0.38288835, 0.8913337, -0.88381654;
 0.45717132, -0.85553533, 0.24300958, -0.51547247;
 0, 0, 0, 1]
Ow:
[0.19587527;
 -0.20618968;
 1.0267963]
Keyframe: 44 Frame: 383 Frame from vFrameID : 384
Tcw:
[0.86297208, 0.24074706, 0.44420722, 0.21027951;
 0.31340885, 0.43452954, -0.84436899, -0.14791319;
 -0.39630052, 0.86788529, 0.29953462, 1.0059006;
 0, 0, 0, 1]
Twc:
[0.86297208, 0.31340885, -0.39630052, 0.26353088;
 0.24074706, 0.43452954, 0.86788529, -0.85935789;
 0.44420722, -0.84436899, 0.29953462, -0.51960301;
 0, 0, 0, 1]
Ow:
[0.21027951;
 -0.14791319;
 1.0059006]
Keyframe: 45 Frame: 388 Frame from vFrameID : 389
Tcw:
[0.86119086, 0.22587626, 0.45533529, 0.17211376;
 0.34545082, 0.39702645, -0.8503139, -0.19312638;
 -0.37284589, 0.88957852, 0.26388642, 1.1114779;
 0, 0, 0, 1]
Twc:
[0.86119086, 0.34545082, -0.37284589, 0.33290282;
 0.22587626, 0.39702645, 0.88957852, -0.95094699;
 0.45533529, -0.8503139, 0.26388642, -0.53589141;
 0, 0, 0, 1]
Ow:
[0.17211376;
 -0.19312638;
 1.1114779]
Keyframe: 46 Frame: 394 Frame from vFrameID : 395
Tcw:
[0.86545056, 0.21447685, 0.4527638, 0.17598975;
 0.3583799, 0.36647475, -0.85863853, -0.21502692;
 -0.35008457, 0.90537059, 0.24030158, 1.157899;
 0, 0, 0, 1]
Twc:
[0.86545056, 0.3583799, -0.35008457, 0.33011347;
 0.21447685, 0.36647475, 0.90537059, -1.0072715;
 0.4527638, -0.85863853, 0.24030158, -0.54255712;
 0, 0, 0, 1]
Ow:
[0.17598975;
 -0.21502692;
 1.157899]
Keyframe: 47 Frame: 402 Frame from vFrameID : 403
Tcw:
[0.8656804, 0.19170713, 0.46243471, 0.19977443;
 0.3602846, 0.40275097, -0.8414194, -0.20297563;
 -0.34755215, 0.89500839, 0.2795845, 1.1678352;
 0, 0, 0, 1]
Twc:
[0.8656804, 0.3602846, -0.34755215, 0.30607179;
 0.19170713, 0.40275097, 0.89500839, -1.0017718;
 0.46243471, -0.8414194, 0.2795845, -0.58967888;
 0, 0, 0, 1]
Ow:
[0.19977443;
 -0.20297563;
 1.1678352]
Keyframe: 48 Frame: 407 Frame from vFrameID : 408
Tcw:
[0.87974542, 0.1962111, 0.43306947, 0.2135479;
 0.33713073, 0.38483572, -0.85921144, -0.22218496;
 -0.33524743, 0.90188837, 0.27240866, 1.1772956;
 0, 0, 0, 1]
Twc:
[0.87974542, 0.33713073, -0.33524743, 0.28172293;
 0.1962111, 0.38483572, 0.90188837, -1.018185;
 0.43306947, -0.85921144, 0.27240866, -0.60409051;
 0, 0, 0, 1]
Ow:
[0.2135479;
 -0.22218496;
 1.1772956]
Keyframe: 49 Frame: 412 Frame from vFrameID : 413
Tcw:
[0.88214648, 0.21790008, 0.41753694, 0.22139496;
 0.31114501, 0.39589798, -0.86397547, -0.23298085;
 -0.35356236, 0.89206743, 0.28144151, 1.1762315;
 0, 0, 0, 1]
Twc:
[0.88214648, 0.31114501, -0.35356236, 0.2930592;
 0.21790008, 0.39589798, 0.89206743, -1.0052831;
 0.41753694, -0.86397547, 0.28144151, -0.62477064;
 0, 0, 0, 1]
Ow:
[0.22139496;
 -0.23298085;
 1.1762315]
Keyframe: 50 Frame: 419 Frame from vFrameID : 420
Tcw:
[0.87143731, 0.18829736, 0.45292506, 0.2210211;
 0.33429331, 0.44773379, -0.82932651, -0.22831365;
 -0.35894984, 0.87411588, 0.32722539, 1.1809646;
 0, 0, 0, 1]
Twc:
[0.87143731, 0.33429331, -0.35894984, 0.30762473;
 0.18829736, 0.44773379, 0.87411588, -0.97169381;
 0.45292506, -0.82932651, 0.32722539, -0.67589414;
 0, 0, 0, 1]
Ow:
[0.2210211;
 -0.22831365;
 1.1809646]
Keyframe: 51 Frame: 424 Frame from vFrameID : 425
Tcw:
[0.83764642, 0.29489577, 0.45976624, 0.2385757;
 0.31393918, 0.42888552, -0.84705335, -0.23927096;
 -0.44697952, 0.85386986, 0.26667508, 1.2061324;
 0, 0, 0, 1]
Twc:
[0.83764642, 0.31393918, -0.44697952, 0.41439092;
 0.29489577, 0.42888552, 0.85386986, -0.99761516;
 0.45976624, -0.84705335, 0.26667508, -0.63400978;
 0, 0, 0, 1]
Ow:
[0.2385757;
 -0.23927096;
 1.2061324]
Keyframe: 52 Frame: 431 Frame from vFrameID : 432
Tcw:
[0.85671818, 0.29108495, 0.42579746, 0.2549668;
 0.26434597, 0.46107334, -0.84707296, -0.25693417;
 -0.44289404, 0.83826065, 0.31806281, 1.2075981;
 0, 0, 0, 1]
Twc:
[0.85671818, 0.26434597, -0.44289404, 0.38432279;
 0.29108495, 0.46107334, 0.83826065, -0.96803337;
 0.42579746, -0.84707296, 0.31806281, -0.71029818;
 0, 0, 0, 1]
Ow:
[0.2549668;
 -0.25693417;
 1.2075981]
Keyframe: 53 Frame: 438 Frame from vFrameID : 439
Tcw:
[0.844217, 0.26075742, 0.46829823, 0.26223773;
 0.31669614, 0.46221408, -0.82828844, -0.27003866;
 -0.43243641, 0.84756339, 0.30762812, 1.25664;
 0, 0, 0, 1]
Twc:
[0.844217, 0.31669614, -0.43243641, 0.4075515;
 0.26075742, 0.46221408, 0.84756339, -1.0086468;
 0.46829823, -0.82828844, 0.30762812, -0.73305315;
 0, 0, 0, 1]
Ow:
[0.26223773;
 -0.27003866;
 1.25664]
Keyframe: 54 Frame: 444 Frame from vFrameID : 445
Tcw:
[0.86482006, 0.25803322, 0.43070301, 0.26640403;
 0.27973029, 0.46473756, -0.84010118, -0.17958289;
 -0.41693789, 0.84701705, 0.32973468, 1.1938771;
 0, 0, 0, 1]
Twc:
[0.86482006, 0.27973029, -0.41693789, 0.31761578;
 0.25803322, 0.46473756, 0.84701705, -0.99651641;
 0.43070301, -0.84010118, 0.32973468, -0.65927148;
 0, 0, 0, 1]
Ow:
[0.26640403;
 -0.17958289;
 1.1938771]
Keyframe: 55 Frame: 447 Frame from vFrameID : 448
Tcw:
[0.85739863, 0.29281777, 0.42323199, 0.27970403;
 0.28931174, 0.40589288, -0.86691964, -0.27314597;
 -0.42563632, 0.86574173, 0.26329637, 1.3537847;
 0, 0, 0, 1]
Twc:
[0.85739863, 0.28931174, -0.42563632, 0.41542643;
 0.29281777, 0.40589288, 0.86574173, -1.1430622;
 0.42323199, -0.86691964, 0.26329637, -0.71162194;
 0, 0, 0, 1]
Ow:
[0.27970403;
 -0.27314597;
 1.3537847]
Keyframe: 56 Frame: 451 Frame from vFrameID : 452
Tcw:
[0.87374926, 0.2819877, 0.3962892, 0.30007121;
 0.26620522, 0.40464488, -0.87486988, -0.26447889;
 -0.40705892, 0.86991119, 0.27849159, 1.3520384;
 0, 0, 0, 1]
Twc:
[0.87374926, 0.26620522, -0.40705892, 0.35857794;
 0.2819877, 0.40464488, 0.86991119, -1.1537496;
 0.3962892, -0.87486988, 0.27849159, -0.72683084;
 0, 0, 0, 1]
Ow:
[0.30007121;
 -0.26447889;
 1.3520384]
Keyframe: 57 Frame: 453 Frame from vFrameID : 454
Tcw:
[0.87406224, 0.25789562, 0.41170996, 0.28262138;
 0.28025937, 0.42455542, -0.86093402, -0.27049208;
 -0.39682481, 0.86789548, 0.29881018, 1.3549048;
 0, 0, 0, 1]
Twc:
[0.87406224, 0.28025937, -0.39682481, 0.36643907;
 0.25789562, 0.42455542, 0.86789548, -1.1339637;
 0.41170996, -0.86093402, 0.29881018, -0.75409323;
 0, 0, 0, 1]
Ow:
[0.28262138;
 -0.27049208;
 1.3549048]
Keyframe: 58 Frame: 458 Frame from vFrameID : 459
Tcw:
[0.90588796, 0.24359001, 0.3464548, 0.30283988;
 0.22712101, 0.41104904, -0.88286734, -0.26844752;
 -0.35746759, 0.87846607, 0.31703997, 1.3511888;
 0, 0, 0, 1]
Twc:
[0.90588796, 0.22712101, -0.35746759, 0.26963723;
 0.24359001, 0.41104904, 0.87846607, -1.1503971;
 0.3464548, -0.88286734, 0.31703997, -0.77030468;
 0, 0, 0, 1]
Ow:
[0.30283988;
 -0.26844752;
 1.3511888]
Keyframe: 59 Frame: 462 Frame from vFrameID : 463
Tcw:
[0.91140449, 0.22805795, 0.34253672, 0.30463392;
 0.22071573, 0.43161845, -0.87463713, -0.27442285;
 -0.34731311, 0.87275147, 0.343043, 1.3512418;
 0, 0, 0, 1]
Twc:
[0.91140449, 0.22071573, -0.34731311, 0.25222874;
 0.22805795, 0.43161845, 0.87275147, -1.1303265;
 0.34253672, -0.87463713, 0.343043, -0.80790275;
 0, 0, 0, 1]
Ow:
[0.30463392;
 -0.27442285;
 1.3512418]
Keyframe: 60 Frame: 466 Frame from vFrameID : 467
Tcw:
[0.90433693, 0.23135047, 0.35868055, 0.31199443;
 0.23148991, 0.44016755, -0.86756265, -0.27607569;
 -0.35859054, 0.86759984, 0.34450445, 1.3567601;
 0, 0, 0, 1]
Twc:
[0.90433693, 0.23148991, -0.35859054, 0.26828203;
 0.23135047, 0.44016755, 0.86759984, -1.1277853;
 0.35868055, -0.86756265, 0.34450445, -0.81882918;
 0, 0, 0, 1]
Ow:
[0.31199443;
 -0.27607569;
 1.3567601]
Keyframe: 61 Frame: 469 Frame from vFrameID : 470
Tcw:
[0.90095758, 0.23374148, 0.36556855, 0.31616157;
 0.24111323, 0.43076348, -0.86965925, -0.27856791;
 -0.36074904, 0.87166953, 0.33174145, 1.3636743;
 0, 0, 0, 1]
Twc:
[0.90095758, 0.24111323, -0.36074904, 0.27426243;
 0.23374148, 0.43076348, 0.87166953, -1.1425765;
 0.36556855, -0.86965925, 0.33174145, -0.81022519;
 0, 0, 0, 1]
Ow:
[0.31616157;
 -0.27856791;
 1.3636743]
Keyframe: 62 Frame: 473 Frame from vFrameID : 474
Tcw:
[0.90116709, 0.22908166, 0.36799374, 0.32104227;
 0.24632764, 0.42791271, -0.8696053, -0.27806392;
 -0.35667983, 0.87430674, 0.32919171, 1.3672199;
 0, 0, 0, 1]
Twc:
[0.90116709, 0.24632764, -0.35667983, 0.26684189;
 0.22908166, 0.42791271, 0.87430674, -1.1499275;
 0.36799374, -0.8696053, 0.32919171, -0.81002492;
 0, 0, 0, 1]
Ow:
[0.32104227;
 -0.27806392;
 1.3672199]
Keyframe: 63 Frame: 477 Frame from vFrameID : 478
Tcw:
[0.89669889, 0.2344934, 0.37542495, 0.3244223;
 0.27411345, 0.37177426, -0.88693053, -0.27381253;
 -0.34755269, 0.89821863, 0.26909178, 1.3778456;
 0, 0, 0, 1]
Twc:
[0.89669889, 0.27411345, -0.34755269, 0.26302052;
 0.2344934, 0.37177426, 0.89821863, -1.2118851;
 0.37542495, -0.88693053, 0.26909178, -0.73541582;
 0, 0, 0, 1]
Ow:
[0.3244223;
 -0.27381253;
 1.3778456]
Keyframe: 64 Frame: 482 Frame from vFrameID : 483
Tcw:
[0.88094282, 0.24866755, 0.40262172, 0.28405714;
 0.29874766, 0.36759117, -0.88069665, -0.26636761;
 -0.36700085, 0.89612567, 0.24953794, 1.4278066;
 0, 0, 0, 1]
Twc:
[0.88094282, 0.29874766, -0.36700085, 0.35334483;
 0.24866755, 0.36759117, 0.89612567, -1.2522155;
 0.40262172, -0.88069665, 0.24953794, -0.70524853;
 0, 0, 0, 1]
Ow:
[0.28405714;
 -0.26636761;
 1.4278066]
Keyframe: 65 Frame: 488 Frame from vFrameID : 489
Tcw:
[0.87337285, 0.25080508, 0.41751254, 0.28159332;
 0.30267891, 0.39210397, -0.86870015, -0.29262212;
 -0.38158274, 0.88507134, 0.26653954, 1.4444585;
 0, 0, 0, 1]
Twc:
[0.87337285, 0.30267891, -0.38158274, 0.39381498;
 0.25080508, 0.39210397, 0.88507134, -1.2343355;
 0.41751254, -0.86870015, 0.26653954, -0.75677496;
 0, 0, 0, 1]
Ow:
[0.28159332;
 -0.29262212;
 1.4444585]
Keyframe: 66 Frame: 493 Frame from vFrameID : 494
Tcw:
[0.88343394, 0.2510879, 0.39559999, 0.27933419;
 0.27445045, 0.4070088, -0.87121797, -0.3081916;
 -0.37976497, 0.87823611, 0.29065418, 1.4669725;
 0, 0, 0, 1]
Twc:
[0.88343394, 0.27445045, -0.37976497, 0.39491481;
 0.2510879, 0.4070088, 0.87823611, -1.233049;
 0.39559999, -0.87121797, 0.29065418, -0.80538845;
 0, 0, 0, 1]
Ow:
[0.27933419;
 -0.3081916;
 1.4669725]
Keyframe: 67 Frame: 499 Frame from vFrameID : 500
Tcw:
[0.8893947, 0.24813583, 0.38393441, 0.3118284;
 0.27408585, 0.38271323, -0.88227409, -0.29036793;
 -0.36586058, 0.88992089, 0.2723726, 1.4676352;
 0, 0, 0, 1]
Twc:
[0.8893947, 0.27408585, -0.36586058, 0.33919704;
 0.24813583, 0.38271323, 0.88992089, -1.2723273;
 0.38393441, -0.88227409, 0.2723726, -0.77564931;
 0, 0, 0, 1]
Ow:
[0.3118284;
 -0.29036793;
 1.4676352]
Keyframe: 68 Frame: 506 Frame from vFrameID : 507
Tcw:
[0.88047814, 0.25481638, 0.39978346, 0.28840038;
 0.27766502, 0.40633079, -0.87051558, -0.29393864;
 -0.38426596, 0.87747586, 0.2870118, 1.4989089;
 0, 0, 0, 1]
Twc:
[0.88047814, 0.27766502, -0.38426596, 0.4036659;
 0.25481638, 0.40633079, 0.87747586, -1.2693092;
 0.39978346, -0.87051558, 0.2870118, -0.8013804;
 0, 0, 0, 1]
Ow:
[0.28840038;
 -0.29393864;
 1.4989089]
Keyframe: 69 Frame: 513 Frame from vFrameID : 514
Tcw:
[0.87431395, 0.23691678, 0.42361015, 0.31185478;
 0.30839664, 0.40277246, -0.86178064, -0.3328898;
 -0.37478879, 0.88410676, 0.27908525, 1.5390819;
 0, 0, 0, 1]
Twc:
[0.87431395, 0.30839664, -0.37478879, 0.4068338;
 0.23691678, 0.40277246, 0.88410676, -1.3005176;
 0.42361015, -0.86178064, 0.27908525, -0.84851789;
 0, 0, 0, 1]
Ow:
[0.31185478;
 -0.3328898;
 1.5390819]
Keyframe: 70 Frame: 520 Frame from vFrameID : 521
Tcw:
[0.8888045, 0.21748181, 0.40339586, 0.29506087;
 0.2963464, 0.39868885, -0.86788595, -0.27601573;
 -0.34957883, 0.89092582, 0.2899065, 1.5408628;
 0, 0, 0, 1]
Twc:
[0.8888045, 0.2963464, -0.34957883, 0.3581979;
 0.21748181, 0.39868885, 0.89092582, -1.3269205;
 0.40339586, -0.86788595, 0.2899065, -0.80528265;
 0, 0, 0, 1]
Ow:
[0.29506087;
 -0.27601573;
 1.5408628]
Keyframe: 71 Frame: 526 Frame from vFrameID : 527
Tcw:
[0.88486373, 0.24771754, 0.39452782, 0.32192829;
 0.26692426, 0.4244847, -0.86519605, -0.29562539;
 -0.38179526, 0.87088966, 0.30948928, 1.5506114;
 0, 0, 0, 1]
Twc:
[0.88486373, 0.26692426, -0.38179526, 0.38606298;
 0.24771754, 0.4244847, 0.87088966, -1.3046702;
 0.39452782, -0.86519605, 0.30948928, -0.86268121;
 0, 0, 0, 1]
Ow:
[0.32192829;
 -0.29562539;
 1.5506114]
Keyframe: 72 Frame: 533 Frame from vFrameID : 534
Tcw:
[0.88465679, 0.25989595, 0.38708714, 0.32697466;
 0.2534444, 0.42879155, -0.86712384, -0.3045865;
 -0.39134169, 0.86521208, 0.31346419, 1.5564468;
 0, 0, 0, 1]
Twc:
[0.88465679, 0.2534444, -0.39134169, 0.39703789;
 0.25989595, 0.42879155, 0.86521208, -1.3010318;
 0.38708714, -0.86712384, 0.31346419, -0.87857223;
 0, 0, 0, 1]
Ow:
[0.32697466;
 -0.3045865;
 1.5564468]
Keyframe: 73 Frame: 539 Frame from vFrameID : 540
Tcw:
[0.86980861, 0.26231217, 0.41788194, 0.33282578;
 0.27914879, 0.43673238, -0.85518467, -0.31112221;
 -0.40682793, 0.86049819, 0.30664945, 1.5592502;
 0, 0, 0, 1]
Twc:
[0.86980861, 0.27914879, -0.40682793, 0.43170121;
 0.26231217, 0.43673238, 0.86049819, -1.2931592;
 0.41788194, -0.85518467, 0.30664945, -0.88329208;
 0, 0, 0, 1]
Ow:
[0.33282578;
 -0.31112221;
 1.5592502]
Keyframe: 74 Frame: 545 Frame from vFrameID : 546
Tcw:
[0.85682881, 0.28315806, 0.43088967, 0.32057577;
 0.28325111, 0.43979764, -0.85225981, -0.3151159;
 -0.43082851, 0.85229075, 0.29662648, 1.5884176;
 0, 0, 0, 1]
Twc:
[0.85682881, 0.28325111, -0.43082851, 0.49891394;
 0.28315806, 0.43979764, 0.85229075, -1.30598;
 0.43088967, -0.85225981, 0.29662648, -0.87786013;
 0, 0, 0, 1]
Ow:
[0.32057577;
 -0.3151159;
 1.5884176]
Keyframe: 75 Frame: 553 Frame from vFrameID : 554
Tcw:
[0.84305137, 0.28099349, 0.45859247, 0.34103808;
 0.32469243, 0.41384724, -0.85047358, -0.3271693;
 -0.42876476, 0.86589438, 0.25765803, 1.6019903;
 0, 0, 0, 1]
Twc:
[0.84305137, 0.32469243, -0.42876476, 0.50559378;
 0.28099349, 0.41384724, 0.86589438, -1.3475858;
 0.45859247, -0.85047358, 0.25765803, -0.84741199;
 0, 0, 0, 1]
Ow:
[0.34103808;
 -0.3271693;
 1.6019903]
Keyframe: 76 Frame: 561 Frame from vFrameID : 562
Tcw:
[0.80957848, 0.30444151, 0.50189441, 0.32314667;
 0.34765071, 0.44026285, -0.82783306, -0.33240125;
 -0.47299224, 0.84467983, 0.25058803, 1.626055;
 0, 0, 0, 1]
Twc:
[0.80957848, 0.34765071, -0.47299224, 0.62305826;
 0.30444151, 0.44026285, 0.84467983, -1.3255311;
 0.50189441, -0.82783306, 0.25058803, -0.84482819;
 0, 0, 0, 1]
Ow:
[0.32314667;
 -0.33240125;
 1.626055]
Keyframe: 77 Frame: 568 Frame from vFrameID : 569
Tcw:
[0.8135041, 0.29483929, 0.50127923, 0.31882834;
 0.34410998, 0.45083618, -0.82361096, -0.34915808;
 -0.46882769, 0.84250611, 0.26529992, 1.6490366;
 0, 0, 0, 1]
Twc:
[0.8135041, 0.34410998, -0.46882769, 0.63389468;
 0.29483929, 0.45083618, 0.84250611, -1.3259134;
 0.50127923, -0.82361096, 0.26529992, -0.88488179;
 0, 0, 0, 1]
Ow:
[0.31882834;
 -0.34915808;
 1.6490366]
Keyframe: 78 Frame: 576 Frame from vFrameID : 577
Tcw:
[0.82774323, 0.28965473, 0.48056352, 0.31819046;
 0.32311428, 0.45413944, -0.83027381, -0.34917647;
 -0.45873559, 0.84253043, 0.28231925, 1.6791314;
 0, 0, 0, 1]
Twc:
[0.82774323, 0.32311428, -0.45873559, 0.61972123;
 0.28965473, 0.45413944, 0.84253043, -1.3483099;
 0.48056352, -0.83027381, 0.28231925, -0.91687393;
 0, 0, 0, 1]
Ow:
[0.31819046;
 -0.34917647;
 1.6791314]
Keyframe: 79 Frame: 584 Frame from vFrameID : 585
Tcw:
[0.82146734, 0.31028178, 0.47845238, 0.31303418;
 0.31269988, 0.45652887, -0.83294666, -0.35830206;
 -0.47687548, 0.8338505, 0.27799845, 1.7256639;
 0, 0, 0, 1]
Twc:
[0.82146734, 0.31269988, -0.47687548, 0.6778205;
 0.31028178, 0.45652887, 0.8338505, -1.3724992;
 0.47845238, -0.83294666, 0.27799845, -0.92795038;
 0, 0, 0, 1]
Ow:
[0.31303418;
 -0.35830206;
 1.7256639]
Keyframe: 80 Frame: 592 Frame from vFrameID : 593
Tcw:
[0.81505722, 0.34265357, 0.46719402, 0.33096117;
 0.29680267, 0.44559047, -0.84460479, -0.35356539;
 -0.49758407, 0.82706571, 0.26148123, 1.7371057;
 0, 0, 0, 1]
Twc:
[0.81505722, 0.29680267, -0.49758407, 0.69954294;
 0.34265357, 0.44559047, 0.82706571, -1.3925601;
 0.46719402, -0.84460479, 0.26148123, -0.90746671;
 0, 0, 0, 1]
Ow:
[0.33096117;
 -0.35356539;
 1.7371057]
Keyframe: 81 Frame: 600 Frame from vFrameID : 601
Tcw:
[0.80237889, 0.35691321, 0.47833157, 0.32453826;
 0.29724035, 0.45601439, -0.83886772, -0.35641611;
 -0.51752907, 0.81526917, 0.25980732, 1.7604821;
 0, 0, 0, 1]
Twc:
[0.80237889, 0.29724035, -0.51752907, 0.75663918;
 0.35691321, 0.45601439, 0.81526917, -1.3885679;
 0.47833157, -0.83886772, 0.25980732, -0.91160899;
 0, 0, 0, 1]
Ow:
[0.32453826;
 -0.35641611;
 1.7604821]
Keyframe: 82 Frame: 608 Frame from vFrameID : 609
Tcw:
[0.81606513, 0.34316188, 0.4650566, 0.31417742;
 0.31024438, 0.41880134, -0.85343653, -0.31445163;
 -0.4876332, 0.84074098, 0.23530512, 1.8179359;
 0, 0, 0, 1]
Twc:
[0.81606513, 0.31024438, -0.4876332, 0.72765356;
 0.34316188, 0.41880134, 0.84074098, -1.5045342;
 0.4650566, -0.85343653, 0.23530512, -0.84224439;
 0, 0, 0, 1]
Ow:
[0.31417742;
 -0.31445163;
 1.8179359]
Keyframe: 83 Frame: 616 Frame from vFrameID : 617
Tcw:
[0.8042925, 0.34831679, 0.48144469, 0.27500969;
 0.30771941, 0.44896737, -0.83889037, -0.34374866;
 -0.50835258, 0.8228631, 0.25391725, 1.8504015;
 0, 0, 0, 1]
Twc:
[0.8042925, 0.30771941, -0.50835258, 0.82524627;
 0.34831679, 0.44896737, 0.8228631, -1.4640857;
 0.48144469, -0.83889037, 0.25391725, -0.89061821;
 0, 0, 0, 1]
Ow:
[0.27500969;
 -0.34374866;
 1.8504015]
Keyframe: 84 Frame: 624 Frame from vFrameID : 625
Tcw:
[0.82307887, 0.33259737, 0.46034783, 0.27964172;
 0.30695063, 0.42146412, -0.85331666, -0.34888953;
 -0.47783098, 0.843651, 0.24480724, 1.8822218;
 0, 0, 0, 1]
Twc:
[0.82307887, 0.30695063, -0.47783098, 0.77630854;
 0.33259737, 0.42146412, 0.843651, -1.5339019;
 0.46034783, -0.85331666, 0.24480724, -0.88722718;
 0, 0, 0, 1]
Ow:
[0.27964172;
 -0.34888953;
 1.8822218]
Keyframe: 85 Frame: 631 Frame from vFrameID : 632
Tcw:
[0.80405271, 0.32875967, 0.49539512, 0.28512385;
 0.33851042, 0.4318521, -0.83601105, -0.34874496;
 -0.48878413, 0.83989334, 0.23594327, 1.8931005;
 0, 0, 0, 1]
Twc:
[0.80405271, 0.33851042, -0.48878413, 0.81411672;
 0.32875967, 0.4318521, 0.83989334, -1.5331335;
 0.49539512, -0.83601105, 0.23594327, -0.8794679;
 0, 0, 0, 1]
Ow:
[0.28512385;
 -0.34874496;
 1.8931005]
Keyframe: 86 Frame: 639 Frame from vFrameID : 640
Tcw:
[0.8166858, 0.34417194, 0.46321696, 0.33080301;
 0.3097522, 0.4158197, -0.85507166, -0.35316122;
 -0.48690641, 0.84180737, 0.23298605, 1.9065052;
 0, 0, 0, 1]
Twc:
[0.8166858, 0.3097522, -0.48690641, 0.76751995;
 0.34417194, 0.4158197, 0.84180737, -1.5719118;
 0.46321696, -0.85507166, 0.23298605, -0.89940083;
 0, 0, 0, 1]
Ow:
[0.33080301;
 -0.35316122;
 1.9065052]
Keyframe: 87 Frame: 646 Frame from vFrameID : 647
Tcw:
[0.82749909, 0.31541878, 0.46449575, 0.34421113;
 0.32418934, 0.40703768, -0.85394472, -0.34634113;
 -0.45841748, 0.85722303, 0.23456791, 1.9114176;
 0, 0, 0, 1]
Twc:
[0.82749909, 0.32418934, -0.45841748, 0.70367295;
 0.31541878, 0.40703768, 0.85722303, -1.606108;
 0.46449575, -0.85394472, 0.23456791, -0.90399802;
 0, 0, 0, 1]
Ow:
[0.34421113;
 -0.34634113;
 1.9114176]
Keyframe: 88 Frame: 654 Frame from vFrameID : 655
Tcw:
[0.82596821, 0.3166151, 0.46640265, 0.31812796;
 0.2965911, 0.45951742, -0.83718425, -0.33989525;
 -0.47938532, 0.82981843, 0.28564155, 1.9099476;
 0, 0, 0, 1]
Twc:
[0.82596821, 0.2965911, -0.47938532, 0.75364715;
 0.3166151, 0.45951742, 0.82981843, -1.529446;
 0.46640265, -0.83718425, 0.28564155, -0.97849101;
 0, 0, 0, 1]
Ow:
[0.31812796;
 -0.33989525;
 1.9099476]
Keyframe: 89 Frame: 662 Frame from vFrameID : 663
Tcw:
[0.80852556, 0.33520064, 0.48365998, 0.31834209;
 0.30087358, 0.47087753, -0.8293066, -0.33558992;
 -0.50572872, 0.81603611, 0.27986351, 1.92422;
 0, 0, 0, 1]
Twc:
[0.80852556, 0.30087358, -0.50572872, 0.81671566;
 0.33520064, 0.47087753, 0.81603611, -1.5189196;
 0.48365998, -0.8293066, 0.27986351, -0.97079515;
 0, 0, 0, 1]
Ow:
[0.31834209;
 -0.33558992;
 1.92422]
Keyframe: 90 Frame: 669 Frame from vFrameID : 670
Tcw:
[0.82889748, 0.31486335, 0.46237439, 0.28788692;
 0.29531452, 0.45569214, -0.83972257, -0.33923602;
 -0.47509825, 0.83258981, 0.28473833, 1.9818945;
 0, 0, 0, 1]
Twc:
[0.82889748, 0.29531452, -0.47509825, 0.8031472;
 0.31486335, 0.45569214, 0.83258981, -1.5861629;
 0.46237439, -0.83972257, 0.28473833, -0.98229706;
 0, 0, 0, 1]
Ow:
[0.28788692;
 -0.33923602;
 1.9818945]
Keyframe: 91 Frame: 677 Frame from vFrameID : 678
Tcw:
[0.85803372, 0.31542519, 0.40532097, 0.25976574;
 0.24914268, 0.43448332, -0.8655358, -0.25643235;
 -0.449117, 0.84364164, 0.29421544, 2.0294471;
 0, 0, 0, 1]
Twc:
[0.85803372, 0.24914268, -0.449117, 0.75245959;
 0.31542519, 0.43448332, 0.84364164, -1.6826471;
 0.40532097, -0.8655358, 0.29421544, -0.92433459;
 0, 0, 0, 1]
Ow:
[0.25976574;
 -0.25643235;
 2.0294471]
Keyframe: 92 Frame: 685 Frame from vFrameID : 686
Tcw:
[0.85553223, 0.29295883, 0.42689547, 0.29482245;
 0.27149335, 0.44822946, -0.85169345, -0.33669096;
 -0.44085824, 0.84455049, 0.30393836, 2.0693312;
 0, 0, 0, 1]
Twc:
[0.85553223, 0.27149335, -0.44085824, 0.75146085;
 0.29295883, 0.44822946, 0.84455049, -1.6831105;
 0.42689547, -0.85169345, 0.30393836, -1.0415649;
 0, 0, 0, 1]
Ow:
[0.29482245;
 -0.33669096;
 2.0693312]
