Keyframe: 0 Frame: 0 Frame from vFrameID : 86
Tcw:
[1, 0, 0, 0;
 0, 1, 0, 0;
 0, 0, 1, 0;
 0, 0, 0, 1]
Twc:
[1, 0, 0, 0;
 0, 1, 0, 0;
 0, 0, 1, 0;
 0, 0, 0, 1]
Ow:
[0;
 0;
 0]
Keyframe: 1 Frame: 85 Frame from vFrameID : 86
Tcw:
[0.99985331, 0.015542351, 0.0071986262, -0.02440162;
 -0.015386371, 0.99965602, -0.021238936, -0.037454411;
 -0.0075262529, 0.02112506, 0.99974853, 0.023704367;
 0, 0, 0, 1]
Twc:
[0.99985331, -0.015386371, -0.0075262529, 0.024000157;
 0.015542351, 0.99965602, 0.02112506, 0.037320033;
 0.0071986262, -0.021238936, 0.99974853, -0.024318239;
 0, 0, 0, 1]
Ow:
[-0.02440162;
 -0.037454411;
 0.023704367]
Keyframe: 2 Frame: 87 Frame from vFrameID : 88
Tcw:
[0.99969387, 0.023325335, 0.0082545076, -0.020017711;
 -0.023119373, 0.99943918, -0.024224088, -0.038036663;
 -0.0088149132, 0.024025831, 0.99967247, 0.022350295;
 0, 0, 0, 1]
Twc:
[0.99969387, -0.023119373, -0.0088149132, 0.019329214;
 0.023325335, 0.99943918, 0.024025831, 0.037945263;
 0.0082545076, -0.024224088, 0.99967247, -0.023099141;
 0, 0, 0, 1]
Ow:
[-0.020017711;
 -0.038036663;
 0.022350295]
Keyframe: 3 Frame: 89 Frame from vFrameID : 90
Tcw:
[0.99939829, 0.03382672, 0.0076667811, -0.018967997;
 -0.033627458, 0.99912721, -0.024778336, -0.047329083;
 -0.0084982598, 0.024505613, 0.99966359, 0.023714552;
 0, 0, 0, 1]
Twc:
[0.99939829, -0.033627458, -0.0084982598, 0.01756656;
 0.03382672, 0.99912721, 0.024505613, 0.047348261;
 0.0076667811, -0.024778336, 0.99966359, -0.024733884;
 0, 0, 0, 1]
Ow:
[-0.018967997;
 -0.047329083;
 0.023714552]
Keyframe: 4 Frame: 91 Frame from vFrameID : 92
Tcw:
[0.99934745, 0.03579602, 0.0048353476, -0.017406778;
 -0.035640966, 0.99894243, -0.029047202, -0.048253134;
 -0.0058700084, 0.028855911, 0.99956632, 0.022895833;
 0, 0, 0, 1]
Twc:
[0.99934745, -0.035640966, -0.0058700084, 0.01581003;
 0.03579602, 0.99894243, 0.028855911, 0.048164513;
 0.0048353476, -0.029047202, 0.99956632, -0.024203354;
 0, 0, 0, 1]
Ow:
[-0.017406778;
 -0.048253134;
 0.022895833]
Keyframe: 5 Frame: 93 Frame from vFrameID : 94
Tcw:
[0.99879307, 0.048967522, -0.003816308, -0.0098449886;
 -0.049052514, 0.9984358, -0.026828727, -0.051929425;
 0.0024966022, 0.026983546, 0.99963278, 0.023511961;
 0, 0, 0, 1]
Twc:
[0.99879307, -0.049052514, 0.0024966022, 0.0072271377;
 0.048967522, 0.9984358, 0.026983546, 0.051695846;
 -0.003816308, -0.026828727, 0.99963278, -0.024934098;
 0, 0, 0, 1]
Ow:
[-0.0098449886;
 -0.051929425;
 0.023511961]
Keyframe: 6 Frame: 95 Frame from vFrameID : 96
Tcw:
[0.99831945, 0.05778113, -0.004427094, -0.0054152929;
 -0.057865731, 0.99807638, -0.02224968, -0.056359243;
 0.0031329663, 0.022468464, 0.99974263, 0.02395883;
 0, 0, 0, 1]
Twc:
[0.99831945, -0.057865731, 0.0031329663, 0.0020698612;
 0.05778113, 0.99807638, 0.022468464, 0.056025419;
 -0.004427094, -0.02224968, 0.99974263, -0.025230613;
 0, 0, 0, 1]
Ow:
[-0.0054152929;
 -0.056359243;
 0.02395883]
Keyframe: 7 Frame: 97 Frame from vFrameID : 98
Tcw:
[0.99747014, 0.068674892, -0.018360153, 0.0030490537;
 -0.069129132, 0.99728507, -0.025370061, -0.062876113;
 0.01656802, 0.0265751, 0.99950951, 0.025307013;
 0, 0, 0, 1]
Twc:
[0.99747014, -0.069129132, 0.01656802, -0.0078071975;
 0.068674892, 0.99728507, 0.0265751, 0.061823476;
 -0.018360153, -0.025370061, 0.99950951, -0.026833789;
 0, 0, 0, 1]
Ow:
[0.0030490537;
 -0.062876113;
 0.025307013]
Keyframe: 8 Frame: 99 Frame from vFrameID : 100
Tcw:
[0.99720192, 0.072559617, -0.017983228, 0.012817514;
 -0.073026404, 0.99696922, -0.026822666, -0.06275624;
 0.015982483, 0.028060865, 0.99947846, 0.025897004;
 0, 0, 0, 1]
Twc:
[0.99720192, -0.073026404, 0.015982483, -0.017778412;
 0.072559617, 0.99696922, 0.028060865, 0.060909316;
 -0.017983228, -0.026822666, 0.99947846, -0.027336285;
 0, 0, 0, 1]
Ow:
[0.012817514;
 -0.06275624;
 0.025897004]
Keyframe: 9 Frame: 101 Frame from vFrameID : 102
Tcw:
[0.99755752, 0.068615898, -0.013071639, 0.019674169;
 -0.068866238, 0.99742991, -0.019774301, -0.061710358;
 0.011681212, 0.020626197, 0.99971902, 0.028433854;
 0, 0, 0, 1]
Twc:
[0.99755752, -0.068866238, 0.011681212, -0.024208017;
 0.068615898, 0.99742991, 0.020626197, 0.059615314;
 -0.013071639, -0.019774301, 0.99971902, -0.02938897;
 0, 0, 0, 1]
Ow:
[0.019674169;
 -0.061710358;
 0.028433854]
Keyframe: 10 Frame: 104 Frame from vFrameID : 105
Tcw:
[0.99810779, 0.061455451, -0.0020290357, 0.030009365;
 -0.061473247, 0.9980551, -0.010349236, -0.060899302;
 0.0013890724, 0.010454385, 0.99994439, 0.031968426;
 0, 0, 0, 1]
Twc:
[0.99810779, -0.061473247, 0.0013890724, -0.033740662;
 0.061455451, 0.9980551, 0.010454385, 0.058602408;
 -0.0020290357, -0.010349236, 0.99994439, -0.032536019;
 0, 0, 0, 1]
Ow:
[0.030009365;
 -0.060899302;
 0.031968426]
Keyframe: 11 Frame: 107 Frame from vFrameID : 108
Tcw:
[0.99823034, 0.05843636, 0.011017907, 0.035927538;
 -0.058369156, 0.99827504, -0.0063257921, -0.057665568;
 -0.011368558, 0.0056714914, 0.9999193, 0.03339823;
 0, 0, 0, 1]
Twc:
[0.99823034, -0.058369156, -0.011368558, -0.038850158;
 0.05843636, 0.99827504, 0.0056714914, 0.055277206;
 0.011017907, -0.0063257921, 0.9999193, -0.034156162;
 0, 0, 0, 1]
Ow:
[0.035927538;
 -0.057665568;
 0.03339823]
Keyframe: 12 Frame: 110 Frame from vFrameID : 111
Tcw:
[0.9983471, 0.056107264, 0.01244958, 0.035745934;
 -0.056076154, 0.99842244, -0.0028343529, -0.061707567;
 -0.012588969, 0.0021315436, 0.99991846, 0.034106854;
 0, 0, 0, 1]
Twc:
[0.9983471, -0.056076154, -0.012588969, -0.038717806;
 0.056107264, 0.99842244, 0.0021315436, 0.059531916;
 0.01244958, -0.0028343529, 0.99991846, -0.034723997;
 0, 0, 0, 1]
Ow:
[0.035745934;
 -0.061707567;
 0.034106854]
Keyframe: 13 Frame: 113 Frame from vFrameID : 114
Tcw:
[0.99817854, 0.060002472, 0.0062680747, 0.02816887;
 -0.059865132, 0.99800235, -0.020184886, -0.072370224;
 -0.0074666967, 0.019772882, 0.9997766, 0.029052179;
 0, 0, 0, 1]
Twc:
[0.99817854, -0.059865132, -0.0074666967, -0.032233089;
 0.060002472, 0.99800235, 0.019772882, 0.069961004;
 0.0062680747, -0.020184886, 0.9997766, -0.030683039;
 0, 0, 0, 1]
Ow:
[0.02816887;
 -0.072370224;
 0.029052179]
Keyframe: 14 Frame: 116 Frame from vFrameID : 117
Tcw:
[0.99814367, 0.060791243, 0.0036946891, 0.02280819;
 -0.060667597, 0.99778092, -0.027435493, -0.078853816;
 -0.0053543281, 0.027160415, 0.99961674, 0.025737984;
 0, 0, 0, 1]
Twc:
[0.99814367, -0.060667597, -0.0053543281, -0.027411913;
 0.060791243, 0.99778092, 0.027160415, 0.076593243;
 0.0036946891, -0.027435493, 0.99961674, -0.027975783;
 0, 0, 0, 1]
Ow:
[0.02280819;
 -0.078853816;
 0.025737984]
Keyframe: 15 Frame: 119 Frame from vFrameID : 120
Tcw:
[0.99736249, 0.072572358, 0.0011307328, 0.014802789;
 -0.072467923, 0.99655551, -0.040317822, -0.088980295;
 -0.0040527973, 0.040129542, 0.99918628, 0.021160377;
 0, 0, 0, 1]
Twc:
[0.99736249, -0.072467923, -0.0040527973, -0.021126207;
 0.072572358, 0.99655551, 0.040129542, 0.086750373;
 0.0011307328, -0.040317822, 0.99918628, -0.024747387;
 0, 0, 0, 1]
Ow:
[0.014802789;
 -0.088980295;
 0.021160377]
Keyframe: 16 Frame: 122 Frame from vFrameID : 123
Tcw:
[0.99576521, 0.089233428, -0.022115327, -0.0036325962;
 -0.090436384, 0.99401957, -0.061207704, -0.092216969;
 0.016521294, 0.062948532, 0.99788004, 0.019373981;
 0, 0, 0, 1]
Twc:
[0.99576521, -0.090436384, 0.016521294, -0.0050426396;
 0.089233428, 0.99401957, 0.062948532, 0.090770058;
 -0.022115327, -0.061207704, 0.99788004, -0.025057632;
 0, 0, 0, 1]
Ow:
[-0.0036325962;
 -0.092216969;
 0.019373981]
Keyframe: 17 Frame: 125 Frame from vFrameID : 126
Tcw:
[0.99366802, 0.098010987, -0.05493423, -0.013808217;
 -0.10151269, 0.99270469, -0.065058559, -0.087579839;
 0.048157014, 0.07022313, 0.99636823, 0.020043265;
 0, 0, 0, 1]
Twc:
[0.99366802, -0.10151269, 0.048157014, 0.0038650946;
 0.098010987, 0.99270469, 0.07022313, 0.086886771;
 -0.05493423, -0.065058559, 0.99636823, -0.026426833;
 0, 0, 0, 1]
Ow:
[-0.013808217;
 -0.087579839;
 0.020043265]
Keyframe: 18 Frame: 128 Frame from vFrameID : 129
Tcw:
[0.9909699, 0.10389915, -0.08475627, -0.022929961;
 -0.10899523, 0.99235547, -0.05788482, -0.081150733;
 0.078094169, 0.066600144, 0.99471891, 0.022468548;
 0, 0, 0, 1]
Twc:
[0.9909699, -0.10899523, 0.078094169, 0.012123195;
 0.10389915, 0.99235547, 0.066600144, 0.081416368;
 -0.08475627, -0.05788482, 0.99471891, -0.028990742;
 0, 0, 0, 1]
Ow:
[-0.022929961;
 -0.081150733;
 0.022468548]
Keyframe: 19 Frame: 131 Frame from vFrameID : 132
Tcw:
[0.98865652, 0.10745496, -0.10493662, -0.025223155;
 -0.11307697, 0.99236906, -0.049165919, -0.0750954;
 0.098852731, 0.060474124, 0.99326283, 0.024573894;
 0, 0, 0, 1]
Twc:
[0.98865652, -0.11307697, 0.098852731, 0.01401628;
 0.10745496, 0.99236906, 0.060474124, 0.075746611;
 -0.10493662, -0.049165919, 0.99326283, -0.030747302;
 0, 0, 0, 1]
Ow:
[-0.025223155;
 -0.0750954;
 0.024573894]
Keyframe: 20 Frame: 135 Frame from vFrameID : 136
Tcw:
[0.98834467, 0.11385486, -0.10105362, -0.024246892;
 -0.11803591, 0.99234241, -0.036388133, -0.079563238;
 0.096136823, 0.047891974, 0.99421531, 0.023503235;
 0, 0, 0, 1]
Twc:
[0.98834467, -0.11803591, 0.096136823, 0.012313443;
 0.11385486, 0.99234241, 0.047891974, 0.080588982;
 -0.10105362, -0.036388133, 0.99421531, -0.028712669;
 0, 0, 0, 1]
Ow:
[-0.024246892;
 -0.079563238;
 0.023503235]
Keyframe: 21 Frame: 139 Frame from vFrameID : 140
Tcw:
[0.9908101, 0.11389791, -0.072956666, -0.014138316;
 -0.11819565, 0.99132001, -0.057570562, -0.08347249;
 0.065766238, 0.065664649, 0.99567211, 0.013263123;
 0, 0, 0, 1]
Twc:
[0.9908101, -0.11819565, 0.065766238, 0.0032700337;
 0.11389791, 0.99132001, 0.065664649, 0.083487362;
 -0.072956666, -0.057570562, 0.99567211, -0.019042764;
 0, 0, 0, 1]
Ow:
[-0.014138316;
 -0.08347249;
 0.013263123]
Keyframe: 22 Frame: 143 Frame from vFrameID : 144
Tcw:
[0.99395734, 0.10489951, -0.032323975, -0.0011752385;
 -0.10688411, 0.99198186, -0.067436919, -0.082538322;
 0.024990698, 0.07048434, 0.99719977, 0.0057255831;
 0, 0, 0, 1]
Twc:
[0.99395734, -0.10688411, 0.024990698, -0.0077969837;
 0.10489951, 0.99198186, 0.07048434, 0.081596233;
 -0.032323975, -0.067436919, 0.99719977, -0.011313668;
 0, 0, 0, 1]
Ow:
[-0.0011752385;
 -0.082538322;
 0.0057255831]
Keyframe: 23 Frame: 147 Frame from vFrameID : 148
Tcw:
[0.9951182, 0.094161697, 0.029552974, 0.011494569;
 -0.091429681, 0.9923358, -0.083128288, -0.085370369;
 -0.037153974, 0.080020458, 0.99610054, 0.00096951053;
 0, 0, 0, 1]
Twc:
[0.9951182, -0.091429681, -0.037153974, -0.019207818;
 0.094161697, 0.9923358, 0.080020458, 0.083556145;
 0.029552974, -0.083128288, 0.99610054, -0.0084021222;
 0, 0, 0, 1]
Ow:
[0.011494569;
 -0.085370369;
 0.00096951053]
Keyframe: 24 Frame: 151 Frame from vFrameID : 152
Tcw:
[0.99395865, 0.082374379, 0.072530776, 0.019415049;
 -0.075971641, 0.99330699, -0.087002806, -0.086251251;
 -0.079212137, 0.080966905, 0.99356419, -0.0046867495;
 0, 0, 0, 1]
Twc:
[0.99395865, -0.075971641, -0.079212137, -0.026221652;
 0.082374379, 0.99330699, 0.080966905, 0.084454149;
 0.072530776, -0.087002806, 0.99356419, -0.0042557032;
 0, 0, 0, 1]
Ow:
[0.019415049;
 -0.086251251;
 -0.0046867495]
Keyframe: 25 Frame: 155 Frame from vFrameID : 156
Tcw:
[0.9915784, 0.066275701, 0.11126453, 0.029171869;
 -0.056380887, 0.99435925, -0.08983805, -0.087809436;
 -0.11659099, 0.082808279, 0.98972183, -0.01044434;
 0, 0, 0, 1]
Twc:
[0.9915784, -0.056380887, -0.11659099, -0.035094686;
 0.066275701, 0.99435925, 0.082808279, 0.086245619;
 0.11126453, -0.08983805, 0.98972183, -0.00079743162;
 0, 0, 0, 1]
Ow:
[0.029171869;
 -0.087809436;
 -0.01044434]
Keyframe: 26 Frame: 159 Frame from vFrameID : 160
Tcw:
[0.9896903, 0.049901955, 0.13424949, 0.036901228;
 -0.03844073, 0.99549681, -0.086650759, -0.079927601;
 -0.13796899, 0.080596767, 0.9871518, -0.013636081;
 0, 0, 0, 1]
Twc:
[0.9896903, -0.03844073, -0.13796899, -0.041474618;
 0.049901955, 0.99549681, 0.080596767, 0.078825265;
 0.13424949, -0.086650759, 0.9871518, 0.0015811215;
 0, 0, 0, 1]
Ow:
[0.036901228;
 -0.079927601;
 -0.013636081]
Keyframe: 27 Frame: 163 Frame from vFrameID : 164
Tcw:
[0.98833156, 0.040286519, 0.14689361, 0.040509883;
 -0.030536292, 0.99721533, -0.068038024, -0.075746372;
 -0.14922556, 0.062758543, 0.98680955, -0.011376862;
 0, 0, 0, 1]
Twc:
[0.98833156, -0.030536292, -0.14922556, -0.044047929;
 0.040286519, 0.99721533, 0.062758543, 0.074617431;
 0.14689361, -0.068038024, 0.98680955, 0.00012252053;
 0, 0, 0, 1]
Ow:
[0.040509883;
 -0.075746372;
 -0.011376862]
Keyframe: 28 Frame: 166 Frame from vFrameID : 167
Tcw:
[0.98929566, 0.035883274, 0.14144441, 0.044112761;
 -0.028727109, 0.99821734, -0.052315276, -0.070709698;
 -0.14306951, 0.047691986, 0.98856288, -0.0091754887;
 0, 0, 0, 1]
Twc:
[0.98929566, -0.028727109, -0.14306951, -0.046984579;
 0.035883274, 0.99821734, 0.047691986, 0.069438331;
 0.14144441, -0.052315276, 0.98856288, -0.00086815323;
 0, 0, 0, 1]
Ow:
[0.044112761;
 -0.070709698;
 -0.0091754887]
Keyframe: 29 Frame: 170 Frame from vFrameID : 171
Tcw:
[0.99112195, 0.035239052, 0.12820084, 0.040955324;
 -0.02958372, 0.99851459, -0.04575346, -0.066792458;
 -0.12962273, 0.0415546, 0.99069226, -0.0067333276;
 0, 0, 0, 1]
Twc:
[0.99112195, -0.02958372, -0.12962273, -0.043440487;
 0.035239052, 0.99851459, 0.0415546, 0.065529823;
 0.12820084, -0.04575346, 0.99069226, -0.0016358385;
 0, 0, 0, 1]
Ow:
[0.040955324;
 -0.066792458;
 -0.0067333276]
Keyframe: 30 Frame: 174 Frame from vFrameID : 175
Tcw:
[0.99246675, 0.040644582, 0.1155759, 0.036269367;
 -0.036175221, 0.99852407, -0.040509213, -0.065563977;
 -0.1170518, 0.036023062, 0.99247229, -0.0034660588;
 0, 0, 0, 1]
Twc:
[0.99246675, -0.036175221, -0.1170518, -0.038773641;
 0.040644582, 0.99852407, 0.036023062, 0.064117916;
 0.1155759, -0.040509213, 0.99247229, -0.0034078427;
 0, 0, 0, 1]
Ow:
[0.036269367;
 -0.065563977;
 -0.0034660588]
Keyframe: 31 Frame: 178 Frame from vFrameID : 179
Tcw:
[0.99442512, 0.055466007, 0.089678422, 0.027513327;
 -0.051737763, 0.99771816, -0.04337845, -0.070883095;
 -0.091879815, 0.038496859, 0.99502569, -0.0025455104;
 0, 0, 0, 1]
Twc:
[0.99442512, -0.051737763, -0.091879815, -0.031261157;
 0.055466007, 0.99771816, 0.038496859, 0.06929329;
 0.089678422, -0.04337845, 0.99502569, -0.0030093021;
 0, 0, 0, 1]
Ow:
[0.027513327;
 -0.070883095;
 -0.0025455104]
Keyframe: 32 Frame: 182 Frame from vFrameID : 183
Tcw:
[0.99591529, 0.069961019, 0.057080369, 0.016247703;
 -0.066923313, 0.99632275, -0.053500008, -0.07884676;
 -0.060613386, 0.049461469, 0.99693507, -0.0028462405;
 0, 0, 0, 1]
Twc:
[0.99591529, -0.066923313, -0.060613386, -0.021630542;
 0.069961019, 0.99632275, 0.049461469, 0.077560894;
 0.057080369, -0.053500008, 0.99693507, -0.0023082101;
 0, 0, 0, 1]
Ow:
[0.016247703;
 -0.07884676;
 -0.0028462405]
Keyframe: 33 Frame: 187 Frame from vFrameID : 188
Tcw:
[0.99553084, 0.093208589, 0.015183655, 0.0022239245;
 -0.091861807, 0.99307543, -0.073229693, -0.081752069;
 -0.02190415, 0.071507618, 0.99719954, -0.0040191789;
 0, 0, 0, 1]
Twc:
[0.99553084, -0.091861807, -0.02190415, -0.0098119155;
 0.093208589, 0.99307543, 0.071507618, 0.081266083;
 0.015183655, -0.073229693, 0.99719954, -0.0020125229;
 0, 0, 0, 1]
Ow:
[0.0022239245;
 -0.081752069;
 -0.0040191789]
Keyframe: 34 Frame: 191 Frame from vFrameID : 192
Tcw:
[0.99372041, 0.10774483, -0.030178674, -0.0093443664;
 -0.10966422, 0.99139291, -0.071511328, -0.073475778;
 0.022213947, 0.074371785, 0.99698311, 0.0039453539;
 0, 0, 0, 1]
Twc:
[0.99372041, -0.10966422, 0.022213947, 0.0011403825;
 0.10774483, 0.99139291, 0.074371785, 0.073556751;
 -0.030178674, -0.071511328, 0.99698311, -0.0094698025;
 0, 0, 0, 1]
Ow:
[-0.0093443664;
 -0.073475778;
 0.0039453539]
Keyframe: 35 Frame: 195 Frame from vFrameID : 196
Tcw:
[0.99215251, 0.11043905, -0.058622234, -0.015276733;
 -0.11334072, 0.99236113, -0.048716508, -0.063787535;
 0.052794222, 0.054978494, 0.99709082, 0.012576819;
 0, 0, 0, 1]
Twc:
[0.99215251, -0.11334072, 0.052794222, 0.0072631408;
 0.11043905, 0.99236113, 0.054978494, 0.064295962;
 -0.058622234, -0.048716508, 0.99709082, -0.016543293;
 0, 0, 0, 1]
Ow:
[-0.015276733;
 -0.063787535;
 0.012576819]
Keyframe: 36 Frame: 199 Frame from vFrameID : 200
Tcw:
[0.99052835, 0.11928187, -0.068010673, -0.013810916;
 -0.1213687, 0.99222898, -0.027410569, -0.059354652;
 0.064212576, 0.035405312, 0.99730796, 0.021085313;
 0, 0, 0, 1]
Twc:
[0.99052835, -0.1213687, 0.064212576, 0.0051223659;
 0.11928187, 0.99222898, 0.035405312, 0.059794262;
 -0.068010673, -0.027410569, 0.99730796, -0.023594785;
 0, 0, 0, 1]
Ow:
[-0.013810916;
 -0.059354652;
 0.021085313]
Keyframe: 37 Frame: 203 Frame from vFrameID : 204
Tcw:
[0.99161088, 0.10989209, -0.068055972, -0.0060305046;
 -0.11103274, 0.99372911, -0.013199419, -0.048096918;
 0.066178687, 0.020645129, 0.99759418, 0.02834028;
 0, 0, 0, 1]
Twc:
[0.99161088, -0.11103274, 0.066178687, -0.0012359413;
 0.10989209, 0.99372911, 0.020645129, 0.047872923;
 -0.068055972, -0.013199419, 0.99759418, -0.029317362;
 0, 0, 0, 1]
Ow:
[-0.0060305046;
 -0.048096918;
 0.02834028]
Keyframe: 38 Frame: 207 Frame from vFrameID : 208
Tcw:
[0.99564862, 0.07816162, -0.050739851, 0.0080339909;
 -0.077754229, 0.99692285, 0.0099567994, -0.042879168;
 0.051361956, -0.0059682354, 0.99866229, 0.039422896;
 0, 0, 0, 1]
Twc:
[0.99564862, -0.077754229, 0.051361956, -0.013357907;
 0.07816162, 0.99692285, -0.0059682354, 0.042354558;
 -0.050739851, 0.0099567994, 0.99866229, -0.038535576;
 0, 0, 0, 1]
Ow:
[0.0080339909;
 -0.042879168;
 0.039422896]
Keyframe: 39 Frame: 212 Frame from vFrameID : 213
Tcw:
[0.99766272, 0.06817019, 0.0046773432, 0.046069037;
 -0.068249948, 0.99747187, 0.019793641, -0.054365505;
 -0.0033161819, -0.020066606, 0.99979317, 0.049045891;
 0, 0, 0, 1]
Twc:
[0.99766272, -0.068249948, -0.0033161819, -0.04950916;
 0.06817019, 0.99747187, -0.020066606, 0.052071713;
 0.0046773432, 0.019793641, 0.99979317, -0.048175134;
 0, 0, 0, 1]
Ow:
[0.046069037;
 -0.054365505;
 0.049045891]
Keyframe: 40 Frame: 217 Frame from vFrameID : 218
Tcw:
[0.99731326, 0.068640307, 0.025588963, 0.081900321;
 -0.069052249, 0.99749142, 0.015576975, -0.073425144;
 -0.024455564, -0.0173021, 0.99955118, 0.055143092;
 0, 0, 0, 1]
Twc:
[0.99731326, -0.069052249, -0.024455564, -0.085401893;
 0.068640307, 0.99749142, -0.0173021, 0.068573378;
 0.025588963, 0.015576975, 0.99955118, -0.056070343;
 0, 0, 0, 1]
Ow:
[0.081900321;
 -0.073425144;
 0.055143092]
Keyframe: 41 Frame: 222 Frame from vFrameID : 223
Tcw:
[0.99669909, 0.080218509, 0.012485511, 0.10497724;
 -0.080273509, 0.99676496, 0.0039674742, -0.10441587;
 -0.012126856, -0.0049566338, 0.99991417, 0.064100459;
 0, 0, 0, 1]
Twc:
[0.99669909, -0.080273509, -0.012126856, -0.11223522;
 0.080218509, 0.99676496, -0.0049566338, 0.095974684;
 0.012485511, 0.0039674742, 0.99991417, -0.064991392;
 0, 0, 0, 1]
Ow:
[0.10497724;
 -0.10441587;
 0.064100459]
Keyframe: 42 Frame: 226 Frame from vFrameID : 227
Tcw:
[0.99680072, 0.079523236, -0.0080248052, 0.11820038;
 -0.079312027, 0.99656361, 0.023886461, -0.12553279;
 0.0098967571, -0.023173576, 0.99968249, 0.097526051;
 0, 0, 0, 1]
Twc:
[0.99680072, -0.079312027, 0.0098967571, -0.12874366;
 0.079523236, 0.99656361, -0.023173576, 0.11796176;
 -0.0080248052, 0.023886461, 0.99968249, -0.093548015;
 0, 0, 0, 1]
Ow:
[0.11820038;
 -0.12553279;
 0.097526051]
Keyframe: 43 Frame: 231 Frame from vFrameID : 232
Tcw:
[0.99540764, 0.093246646, -0.021649675, 0.12141841;
 -0.092935398, 0.99555969, 0.014965239, -0.16237831;
 0.022949003, -0.012884492, 0.99965358, 0.14598939;
 0, 0, 0, 1]
Twc:
[0.99540764, -0.092935398, 0.022949003, -0.13930181;
 0.093246646, 0.99555969, -0.012884492, 0.15221643;
 -0.021649675, 0.014965239, 0.99965358, -0.14088012;
 0, 0, 0, 1]
Ow:
[0.12141841;
 -0.16237831;
 0.14598939]
Keyframe: 44 Frame: 236 Frame from vFrameID : 237
Tcw:
[0.99614269, 0.085245833, -0.020805217, 0.11886755;
 -0.084862888, 0.9962182, 0.018644415, -0.19374591;
 0.022315895, -0.016806908, 0.99960971, 0.19355562;
 0, 0, 0, 1]
Twc:
[0.99614269, -0.084862888, 0.022315895, -0.13917024;
 0.085245833, 0.9962182, -0.016806908, 0.1861333;
 -0.020805217, 0.018644415, 0.99960971, -0.18739472;
 0, 0, 0, 1]
Ow:
[0.11886755;
 -0.19374591;
 0.19355562]
Keyframe: 45 Frame: 241 Frame from vFrameID : 242
Tcw:
[0.99679995, 0.079933628, -0.00068354601, 0.12268868;
 -0.079892263, 0.99649584, 0.024763465, -0.22017565;
 0.0026605844, -0.02462961, 0.9996931, 0.23646805;
 0, 0, 0, 1]
Twc:
[0.99679995, -0.079892263, 0.0026605844, -0.14051555;
 0.079933628, 0.99649584, -0.02462961, 0.21542129;
 -0.00068354601, 0.024763465, 0.9996931, -0.23085931;
 0, 0, 0, 1]
Ow:
[0.12268868;
 -0.22017565;
 0.23646805]
Keyframe: 46 Frame: 247 Frame from vFrameID : 248
Tcw:
[0.99566448, 0.092068471, 0.013251021, 0.13542557;
 -0.092250422, 0.99563956, 0.01384466, -0.24553573;
 -0.011918584, -0.015007049, 0.99981636, 0.29147288;
 0, 0, 0, 1]
Twc:
[0.99566448, -0.092250422, -0.011918584, -0.15401526;
 0.092068471, 0.99563956, -0.015007049, 0.23637082;
 0.013251021, 0.01384466, 0.99981636, -0.28981453;
 0, 0, 0, 1]
Ow:
[0.13542557;
 -0.24553573;
 0.29147288]
Keyframe: 47 Frame: 253 Frame from vFrameID : 254
Tcw:
[0.99101728, 0.13260251, -0.017357601, 0.14873014;
 -0.13252625, 0.99116439, 0.0054775844, -0.29620987;
 0.017930577, -0.0031280431, 0.99983436, 0.36642927;
 0, 0, 0, 1]
Twc:
[0.99101728, -0.13252625, 0.017930577, -0.19322002;
 0.13260251, 0.99116439, -0.0031280431, 0.27501687;
 -0.017357601, 0.0054775844, 0.99983436, -0.36216444;
 0, 0, 0, 1]
Ow:
[0.14873014;
 -0.29620987;
 0.36642927]
Keyframe: 48 Frame: 259 Frame from vFrameID : 260
Tcw:
[0.98071676, 0.17381641, -0.089344941, 0.17000566;
 -0.1715533, 0.98463953, 0.032473251, -0.35172474;
 0.09361694, -0.016519642, 0.99547124, 0.4299261;
 0, 0, 0, 1]
Twc:
[0.98071676, -0.1715533, 0.09361694, -0.2673153;
 0.17381641, 0.98463953, -0.016519642, 0.3238745;
 -0.089344941, 0.032473251, 0.99547124, -0.40136826;
 0, 0, 0, 1]
Ow:
[0.17000566;
 -0.35172474;
 0.4299261]
Keyframe: 49 Frame: 265 Frame from vFrameID : 266
Tcw:
[0.97579241, 0.19807409, -0.092713892, 0.19338731;
 -0.19442485, 0.97979295, 0.046954159, -0.40073496;
 0.10014082, -0.027791623, 0.99458504, 0.50362521;
 0, 0, 0, 1]
Twc:
[0.97579241, -0.19442485, 0.10014082, -0.31705216;
 0.19807409, 0.97979295, -0.027791623, 0.36832884;
 -0.092713892, 0.046954159, 0.99458504, -0.46415225;
 0, 0, 0, 1]
Ow:
[0.19338731;
 -0.40073496;
 0.50362521]
Keyframe: 50 Frame: 271 Frame from vFrameID : 272
Tcw:
[0.98048627, 0.18595409, -0.063778415, 0.23046987;
 -0.18403637, 0.98230386, 0.034781151, -0.44065976;
 0.069117479, -0.022364894, 0.99735779, 0.59110308;
 0, 0, 0, 1]
Twc:
[0.98048627, -0.18403637, 0.069117479, -0.34792554;
 0.18595409, 0.98230386, -0.022364894, 0.40322495;
 -0.063778415, 0.034781151, 0.99735779, -0.55951566;
 0, 0, 0, 1]
Ow:
[0.23046987;
 -0.44065976;
 0.59110308]
Keyframe: 51 Frame: 277 Frame from vFrameID : 278
Tcw:
[0.98994821, 0.13685519, -0.035681583, 0.26556176;
 -0.13480935, 0.98936945, 0.054539654, -0.48458594;
 0.042766303, -0.049181223, 0.99787384, 0.6800853;
 0, 0, 0, 1]
Twc:
[0.98994821, -0.13480935, 0.042766303, -0.35730383;
 0.13685519, 0.98936945, -0.049181223, 0.47653839;
 -0.035681583, 0.054539654, 0.99787384, -0.64273453;
 0, 0, 0, 1]
Ow:
[0.26556176;
 -0.48458594;
 0.6800853]
Keyframe: 52 Frame: 281 Frame from vFrameID : 282
Tcw:
[0.98938841, 0.13849357, -0.043933257, 0.29064971;
 -0.1360503, 0.98920482, 0.054444212, -0.51566684;
 0.050999165, -0.047889341, 0.99754983, 0.74553341;
 0, 0, 0, 1]
Twc:
[0.98938841, -0.1360503, 0.050999165, -0.39574367;
 0.13849357, 0.98920482, -0.047889341, 0.50555009;
 -0.043933257, 0.054444212, 0.99754983, -0.7028625;
 0, 0, 0, 1]
Ow:
[0.29064971;
 -0.51566684;
 0.74553341]
Keyframe: 53 Frame: 284 Frame from vFrameID : 285
Tcw:
[0.9796375, 0.18642405, -0.07454136, 0.33042246;
 -0.18416969, 0.98223084, 0.036112968, -0.56827265;
 0.079949148, -0.021649361, 0.99656379, 0.80628955;
 0, 0, 0, 1]
Twc:
[0.9796375, -0.18416969, 0.079949148, -0.49281502;
 0.18642405, 0.98223084, -0.021649361, 0.51403189;
 -0.07454136, 0.036112968, 0.99656379, -0.75836688;
 0, 0, 0, 1]
Ow:
[0.33042246;
 -0.56827265;
 0.80628955]
Keyframe: 54 Frame: 287 Frame from vFrameID : 288
Tcw:
[0.96893883, 0.22263388, -0.1076646, 0.35563016;
 -0.22092958, 0.97489744, 0.027659599, -0.59787285;
 0.11111991, -0.0030141659, 0.99380243, 0.83727872;
 0, 0, 0, 1]
Twc:
[0.96893883, -0.22092958, 0.11111991, -0.56971002;
 0.22263388, 0.97489744, -0.0030141659, 0.50621313;
 -0.1076646, 0.027659599, 0.99380243, -0.77726394;
 0, 0, 0, 1]
Ow:
[0.35563016;
 -0.59787285;
 0.83727872]
Keyframe: 55 Frame: 290 Frame from vFrameID : 291
Tcw:
[0.96337187, 0.2349067, -0.12935801, 0.37236434;
 -0.22972459, 0.97176558, 0.053835519, -0.61728615;
 0.13835199, -0.022146907, 0.99013549, 0.8587001;
 0, 0, 0, 1]
Twc:
[0.96337187, -0.22972459, 0.13835199, -0.61933398;
 0.2349067, 0.97176558, -0.022146907, 0.53140408;
 -0.12935801, 0.053835519, 0.99013549, -0.76882917;
 0, 0, 0, 1]
Ow:
[0.37236434;
 -0.61728615;
 0.8587001]
Keyframe: 56 Frame: 293 Frame from vFrameID : 294
Tcw:
[0.96134454, 0.23561929, -0.14247891, 0.38275933;
 -0.22597131, 0.97078472, 0.080708981, -0.66324675;
 0.15733294, -0.04539299, 0.98650181, 0.90058517;
 0, 0, 0, 1]
Twc:
[0.96134454, -0.22597131, 0.15733294, -0.65953004;
 0.23561929, 0.97078472, -0.04539299, 0.59456462;
 -0.14247891, 0.080708981, 0.98650181, -0.7803638;
 0, 0, 0, 1]
Ow:
[0.38275933;
 -0.66324675;
 0.90058517]
Keyframe: 57 Frame: 296 Frame from vFrameID : 297
Tcw:
[0.96577001, 0.21376464, -0.14694557, 0.38979301;
 -0.20423046, 0.97586262, 0.077343494, -0.6870665;
 0.15993199, -0.044685267, 0.98611611, 0.95365655;
 0, 0, 0, 1]
Twc:
[0.96577001, -0.20423046, 0.15993199, -0.66929048;
 0.21376464, 0.97586262, -0.044685267, 0.62977302;
 -0.14694557, 0.077343494, 0.98611611, -0.82999766;
 0, 0, 0, 1]
Ow:
[0.38979301;
 -0.6870665;
 0.95365655]
Keyframe: 58 Frame: 299 Frame from vFrameID : 300
Tcw:
[0.96743381, 0.20306532, -0.15111698, 0.40014529;
 -0.1963647, 0.97880363, 0.058174994, -0.7097702;
 0.15972717, -0.026606416, 0.98680258, 1.0072526;
 0, 0, 0, 1]
Twc:
[0.96743381, -0.1963647, 0.15972717, -0.68737346;
 0.20306532, 0.97880363, -0.026606416, 0.6402694;
 -0.15111698, 0.058174994, 0.98680258, -0.89219975;
 0, 0, 0, 1]
Ow:
[0.40014529;
 -0.7097702;
 1.0072526]
Keyframe: 59 Frame: 302 Frame from vFrameID : 303
Tcw:
[0.96815741, 0.2062809, -0.14184296, 0.41374665;
 -0.19788714, 0.97764367, 0.071087912, -0.73997939;
 0.15333596, -0.040755391, 0.9873333, 1.0674472;
 0, 0, 0, 1]
Twc:
[0.96815741, -0.19788714, 0.15333596, -0.71068233;
 0.2062809, 0.97764367, -0.040755391, 0.6815924;
 -0.14184296, 0.071087912, 0.9873333, -0.94263548;
 0, 0, 0, 1]
Ow:
[0.41374665;
 -0.73997939;
 1.0674472]
Keyframe: 60 Frame: 305 Frame from vFrameID : 306
Tcw:
[0.97225124, 0.21005455, -0.10297882, 0.42813584;
 -0.20621105, 0.97738928, 0.046767984, -0.78200775;
 0.11047422, -0.024234859, 0.9935835, 1.1110971;
 0, 0, 0, 1]
Twc:
[0.97225124, -0.20621105, 0.11047422, -0.70026183;
 0.21005455, 0.97738928, -0.024234859, 0.70132136;
 -0.10297882, 0.046767984, 0.9935835, -1.0233059;
 0, 0, 0, 1]
Ow:
[0.42813584;
 -0.78200775;
 1.1110971]
Keyframe: 61 Frame: 308 Frame from vFrameID : 309
Tcw:
[0.98247445, 0.1793099, -0.050911121, 0.41616037;
 -0.17657444, 0.9828071, 0.05396013, -0.80886382;
 0.059711397, -0.044024847, 0.99724436, 1.1538352;
 0, 0, 0, 1]
Twc:
[0.98247445, -0.17657444, 0.059711397, -0.62058872;
 0.1793099, 0.9828071, -0.044024847, 0.77113283;
 -0.050911121, 0.05396013, 0.99724436, -1.0858221;
 0, 0, 0, 1]
Ow:
[0.41616037;
 -0.80886382;
 1.1538352]
Keyframe: 62 Frame: 311 Frame from vFrameID : 312
Tcw:
[0.98563969, 0.1625022, -0.045907326, 0.42651519;
 -0.15818699, 0.98368156, 0.085717201, -0.84359705;
 0.059087425, -0.077224337, 0.99526131, 1.1925435;
 0, 0, 0, 1]
Twc:
[0.98563969, -0.15818699, 0.059087425, -0.62430066;
 0.1625022, 0.98368156, -0.077224337, 0.85261458;
 -0.045907326, 0.085717201, 0.99526131, -1.0950015;
 0, 0, 0, 1]
Ow:
[0.42651519;
 -0.84359705;
 1.1925435]
Keyframe: 63 Frame: 314 Frame from vFrameID : 315
Tcw:
[0.98632729, 0.15933311, -0.042088121, 0.43527636;
 -0.15518761, 0.98394579, 0.08813332, -0.861031;
 0.055454984, -0.080396742, 0.99521911, 1.2198029;
 0, 0, 0, 1]
Twc:
[0.98632729, -0.15518761, 0.055454984, -0.63059044;
 0.15933311, 0.98394579, -0.080396742, 0.87592208;
 -0.042088121, 0.08813332, 0.99521911, -1.1197656;
 0, 0, 0, 1]
Ow:
[0.43527636;
 -0.861031;
 1.2198029]
Keyframe: 64 Frame: 317 Frame from vFrameID : 318
Tcw:
[0.98644269, 0.15356889, -0.057856787, 0.45101452;
 -0.14867339, 0.9855544, 0.081109338, -0.9000957;
 0.06947688, -0.071407944, 0.99502456, 1.2849326;
 0, 0, 0, 1]
Twc:
[0.98644269, -0.14867339, 0.06947688, -0.66799337;
 0.15356889, 0.9855544, -0.071407944, 0.90958589;
 -0.057856787, 0.081109338, 0.99502456, -1.1794391;
 0, 0, 0, 1]
Ow:
[0.45101452;
 -0.9000957;
 1.2849326]
Keyframe: 65 Frame: 320 Frame from vFrameID : 321
Tcw:
[0.98338157, 0.16295783, -0.080034077, 0.47036237;
 -0.15544251, 0.98349738, 0.092577003, -0.93320346;
 0.093799457, -0.078597821, 0.99248379, 1.3383489;
 0, 0, 0, 1]
Twc:
[0.98338157, -0.15544251, 0.093799457, -0.73314154;
 0.16295783, 0.98349738, -0.078597821, 0.94634527;
 -0.080034077, 0.092577003, 0.99248379, -1.2042513;
 0, 0, 0, 1]
Ow:
[0.47036237;
 -0.93320346;
 1.3383489]
Keyframe: 66 Frame: 324 Frame from vFrameID : 325
Tcw:
[0.97527581, 0.20236038, -0.088810712, 0.50667036;
 -0.19435625, 0.97668982, 0.091119118, -0.97853315;
 0.10517941, -0.071605355, 0.99187195, 1.3975717;
 0, 0, 0, 1]
Twc:
[0.97527581, -0.19435625, 0.10517941, -0.83132315;
 0.20236038, 0.97668982, -0.071605355, 0.95326692;
 -0.088810712, 0.091119118, 0.99187195, -1.2520514;
 0, 0, 0, 1]
Ow:
[0.50667036;
 -0.97853315;
 1.3975717]
Keyframe: 67 Frame: 327 Frame from vFrameID : 328
Tcw:
[0.97012937, 0.21569002, -0.1110264, 0.51790231;
 -0.20112807, 0.97103405, 0.1289974, -1.0370506;
 0.13563387, -0.10281365, 0.98540998, 1.4487298;
 0, 0, 0, 1]
Twc:
[0.97012937, -0.20112807, 0.13563387, -0.90750903;
 0.21569002, 0.97103405, -0.10281365, 1.0442543;
 -0.1110264, 0.1289974, 0.98540998, -1.2363151;
 0, 0, 0, 1]
Ow:
[0.51790231;
 -1.0370506;
 1.4487298]
Keyframe: 68 Frame: 331 Frame from vFrameID : 332
Tcw:
[0.96821636, 0.22622181, -0.10668045, 0.54773253;
 -0.20850565, 0.96561629, 0.1552757, -1.0847461;
 0.13813913, -0.128097, 0.98209405, 1.5307952;
 0, 0, 0, 1]
Twc:
[0.96821636, -0.20850565, 0.13813913, -0.96796203;
 0.22622181, 0.96561629, -0.128097, 1.1196297;
 -0.10668045, 0.1552757, 0.98209405, -1.2765179;
 0, 0, 0, 1]
Ow:
[0.54773253;
 -1.0847461;
 1.5307952]
Keyframe: 69 Frame: 334 Frame from vFrameID : 335
Tcw:
[0.97020835, 0.21113101, -0.1188255, 0.55295753;
 -0.1924223, 0.96953708, 0.15156364, -1.1175606;
 0.14720552, -0.12418364, 0.98127925, 1.5969117;
 0, 0, 0, 1]
Twc:
[0.97020835, -0.1924223, 0.14720552, -0.98660177;
 0.21113101, 0.96953708, -0.12418364, 1.1650803;
 -0.1188255, 0.15156364, 0.98127925, -1.3319292;
 0, 0, 0, 1]
Ow:
[0.55295753;
 -1.1175606;
 1.5969117]
Keyframe: 70 Frame: 337 Frame from vFrameID : 338
Tcw:
[0.9722929, 0.20084576, -0.11961388, 0.56627929;
 -0.18431184, 0.97338158, 0.13622567, -1.1369543;
 0.14379029, -0.11040499, 0.98343027, 1.6452744;
 0, 0, 0, 1]
Twc:
[0.9722929, -0.18431184, 0.14379029, -0.99671793;
 0.20084576, 0.97338158, -0.11040499, 1.1746022;
 -0.11961388, 0.13622567, 0.98343027, -1.3953954;
 0, 0, 0, 1]
Ow:
[0.56627929;
 -1.1369543;
 1.6452744]
Keyframe: 71 Frame: 341 Frame from vFrameID : 342
Tcw:
[0.97775513, 0.19620931, -0.074140586, 0.59450799;
 -0.18687476, 0.97540545, 0.11688448, -1.1929109;
 0.095250957, -0.1004294, 0.99037427, 1.7492833;
 0, 0, 0, 1]
Twc:
[0.97775513, -0.18687476, 0.095250957, -0.97082907;
 0.19620931, 0.97540545, -0.1004294, 1.2226033;
 -0.074140586, 0.11688448, 0.99037427, -1.5489352;
 0, 0, 0, 1]
Ow:
[0.59450799;
 -1.1929109;
 1.7492833]
Keyframe: 72 Frame: 344 Frame from vFrameID : 345
Tcw:
[0.98477018, 0.16607793, -0.0514374, 0.61139196;
 -0.15642703, 0.97548521, 0.15478778, -1.2370275;
 0.075883254, -0.14438419, 0.98660779, 1.821754;
 0, 0, 0, 1]
Twc:
[0.98477018, -0.15642703, 0.075883254, -0.93382573;
 0.16607793, 0.97548521, -0.14438419, 1.3681958;
 -0.0514374, 0.15478778, 0.98660779, -1.5744315;
 0, 0, 0, 1]
Ow:
[0.61139196;
 -1.2370275;
 1.821754]
Keyframe: 73 Frame: 347 Frame from vFrameID : 348
Tcw:
[0.98493659, 0.16862898, -0.038264722, 0.62161046;
 -0.16012925, 0.97300398, 0.16619815, -1.2616906;
 0.065257549, -0.15756734, 0.98534966, 1.8593738;
 0, 0, 0, 1]
Twc:
[0.98493659, -0.16012925, 0.065257549, -0.93561864;
 0.16862898, 0.97300398, -0.15756734, 1.4157852;
 -0.038264722, 0.16619815, 0.98534966, -1.5986571;
 0, 0, 0, 1]
Ow:
[0.62161046;
 -1.2616906;
 1.8593738]
Keyframe: 74 Frame: 350 Frame from vFrameID : 351
Tcw:
[0.98264819, 0.17385001, -0.064642958, 0.64102274;
 -0.16212039, 0.97435975, 0.15601301, -1.3148074;
 0.090108357, -0.14282596, 0.98563749, 1.9469545;
 0, 0, 0, 1]
Twc:
[0.98264819, -0.16212039, 0.090108357, -1.0184938;
 0.17385001, 0.97435975, -0.14282596, 1.4477292;
 -0.064642958, 0.15601301, 0.98563749, -1.6724266;
 0, 0, 0, 1]
Ow:
[0.64102274;
 -1.3148074;
 1.9469545]
Keyframe: 75 Frame: 353 Frame from vFrameID : 354
Tcw:
[0.98207515, 0.16341229, -0.093940467, 0.65138912;
 -0.15070488, 0.98007715, 0.12937067, -1.3531204;
 0.11320966, -0.11289443, 0.98713648, 2.0096424;
 0, 0, 0, 1]
Twc:
[0.98207515, -0.15070488, 0.11320966, -1.0711459;
 0.16341229, 0.98007715, -0.11289443, 1.446595;
 -0.093940467, 0.12937067, 0.98713648, -1.7475454;
 0, 0, 0, 1]
Ow:
[0.65138912;
 -1.3531204;
 2.0096424]
Keyframe: 76 Frame: 357 Frame from vFrameID : 358
Tcw:
[0.97269624, 0.21178563, -0.094915152, 0.69649118;
 -0.20298322, 0.97461301, 0.094484635, -1.4166387;
 0.11251603, -0.072638661, 0.99099129, 2.0864158;
 0, 0, 0, 1]
Twc:
[0.97269624, -0.20298322, 0.11251603, -1.1997834;
 0.21178563, 0.97461301, -0.072638661, 1.3847221;
 -0.094915152, 0.094484635, 0.99099129, -1.8676618;
 0, 0, 0, 1]
Ow:
[0.69649118;
 -1.4166387;
 2.0864158]
Keyframe: 77 Frame: 360 Frame from vFrameID : 361
Tcw:
[0.96864653, 0.22362594, -0.10823739, 0.70196432;
 -0.20982966, 0.96964598, 0.12553164, -1.4478292;
 0.13302408, -0.098884381, 0.98616755, 2.1337998;
 0, 0, 0, 1]
Twc:
[0.96864653, -0.20982966, 0.13302408, -1.2675996;
 0.22362594, 0.96964598, -0.098884381, 1.4579037;
 -0.10823739, 0.12553164, 0.98616755, -1.8465569;
 0, 0, 0, 1]
Ow:
[0.70196432;
 -1.4478292;
 2.1337998]
Keyframe: 78 Frame: 363 Frame from vFrameID : 364
Tcw:
[0.96510142, 0.23168994, -0.12206176, 0.71776617;
 -0.21205868, 0.96490997, 0.15485446, -1.4859962;
 0.15365683, -0.123566, 0.98036778, 2.2077105;
 0, 0, 0, 1]
Twc:
[0.96510142, -0.21205868, 0.15365683, -1.3470652;
 0.23168994, 0.96490997, -0.123566, 1.5403513;
 -0.12206176, 0.15485446, 0.98036778, -1.8466433;
 0, 0, 0, 1]
Ow:
[0.71776617;
 -1.4859962;
 2.2077105]
Keyframe: 79 Frame: 367 Frame from vFrameID : 368
Tcw:
[0.96146029, 0.24353591, -0.1276101, 0.72329885;
 -0.22146633, 0.96102899, 0.16545689, -1.5220908;
 0.1629317, -0.13081889, 0.97792619, 2.2986207;
 0, 0, 0, 1]
Twc:
[0.96146029, -0.22146633, 0.1629317, -1.4070332;
 0.24353591, 0.96102899, -0.13081889, 1.5873271;
 -0.1276101, 0.16545689, 0.97792619, -1.9037408;
 0, 0, 0, 1]
Ow:
[0.72329885;
 -1.5220908;
 2.2986207]
Keyframe: 80 Frame: 371 Frame from vFrameID : 372
Tcw:
[0.95779121, 0.2533561, -0.13581857, 0.72787941;
 -0.23210624, 0.96032804, 0.1545859, -1.568505;
 0.16959566, -0.11653668, 0.97859925, 2.3901296;
 0, 0, 0, 1]
Twc:
[0.95779121, -0.23210624, 0.16959566, -1.4665718;
 0.2533561, 0.96032804, -0.11653668, 1.6004044;
 -0.13581857, 0.1545859, 0.97859925, -1.9976506;
 0, 0, 0, 1]
Ow:
[0.72787941;
 -1.568505;
 2.3901296]
Keyframe: 81 Frame: 374 Frame from vFrameID : 375
Tcw:
[0.96598357, 0.23288484, -0.11242936, 0.72933042;
 -0.21528557, 0.9650684, 0.14931563, -1.5922283;
 0.14327537, -0.12003203, 0.98237693, 2.4433622;
 0, 0, 0, 1]
Twc:
[0.96598357, -0.21528557, 0.14327537, -1.3973787;
 0.23288484, 0.9650684, -0.12003203, 1.6600409;
 -0.11242936, 0.14931563, 0.98237693, -2.0805602;
 0, 0, 0, 1]
Ow:
[0.72933042;
 -1.5922283;
 2.4433622]
Keyframe: 82 Frame: 377 Frame from vFrameID : 378
Tcw:
[0.97341573, 0.20301919, -0.1060425, 0.73286128;
 -0.18328203, 0.96808034, 0.17096229, -1.6310067;
 0.13736629, -0.14698169, 0.97955441, 2.4877603;
 0, 0, 0, 1]
Twc:
[0.97341573, -0.18328203, 0.13736629, -1.3540473;
 0.20301919, 0.96808034, -0.14698169, 1.7958159;
 -0.1060425, 0.17096229, 0.97955441, -2.0803416;
 0, 0, 0, 1]
Ow:
[0.73286128;
 -1.6310067;
 2.4877603]
Keyframe: 83 Frame: 381 Frame from vFrameID : 382
Tcw:
[0.97573757, 0.19695099, -0.095637456, 0.74868566;
 -0.17781469, 0.96770382, 0.1786931, -1.6698035;
 0.12774251, -0.15735182, 0.97924578, 2.5490391;
 0, 0, 0, 1]
Twc:
[0.97573757, -0.17781469, 0.12774251, -1.3530569;
 0.19695099, 0.96770382, -0.15735182, 1.8695168;
 -0.095637456, 0.1786931, 0.97924578, -2.1261508;
 0, 0, 0, 1]
Ow:
[0.74868566;
 -1.6698035;
 2.5490391]
Keyframe: 84 Frame: 385 Frame from vFrameID : 386
Tcw:
[0.9727897, 0.20208339, -0.1133249, 0.78213406;
 -0.18260528, 0.96977663, 0.16182882, -1.7173392;
 0.14260276, -0.13673167, 0.98029023, 2.64815;
 0, 0, 0, 1]
Twc:
[0.9727897, -0.18260528, 0.14260276, -1.4520806;
 0.20208339, 0.96977663, -0.13673167, 1.8694651;
 -0.1133249, 0.16182882, 0.98029023, -2.2294052;
 0, 0, 0, 1]
Ow:
[0.78213406;
 -1.7173392;
 2.64815]
Keyframe: 85 Frame: 389 Frame from vFrameID : 390
Tcw:
[0.9612546, 0.23560756, -0.14310364, 0.81941819;
 -0.21082701, 0.96280289, 0.16900481, -1.7606176;
 0.1775994, -0.13228655, 0.97517115, 2.7431879;
 0, 0, 0, 1]
Twc:
[0.9612546, -0.21082701, 0.1775994, -1.6460438;
 0.23560756, 0.96280289, -0.13228655, 1.8649534;
 -0.14310364, 0.16900481, 0.97517115, -2.260263;
 0, 0, 0, 1]
Ow:
[0.81941819;
 -1.7606176;
 2.7431879]
Keyframe: 86 Frame: 392 Frame from vFrameID : 393
Tcw:
[0.9537341, 0.26852486, -0.13522473, 0.83655977;
 -0.24173792, 0.95232344, 0.18612589, -1.8046176;
 0.17875712, -0.14482567, 0.97317594, 2.7861681;
 0, 0, 0, 1]
Twc:
[0.9537341, -0.24173792, 0.17875712, -1.7321475;
 0.26852486, 0.95232344, -0.14482567, 1.8974513;
 -0.13522473, 0.18612589, 0.97317594, -2.2624221;
 0, 0, 0, 1]
Ow:
[0.83655977;
 -1.8046176;
 2.7861681]
Keyframe: 87 Frame: 396 Frame from vFrameID : 397
Tcw:
[0.94959301, 0.28878668, -0.12196465, 0.86221445;
 -0.25701255, 0.9399547, 0.22456573, -1.8734362;
 0.17949283, -0.18189961, 0.96679616, 2.8642056;
 0, 0, 0, 1]
Twc:
[0.94959301, -0.25701255, 0.17949283, -1.8143538;
 0.28878668, 0.9399547, -0.18189961, 2.0329468;
 -0.12196465, 0.22456573, 0.96679616, -2.2432337;
 0, 0, 0, 1]
Ow:
[0.86221445;
 -1.8734362;
 2.8642056]
Keyframe: 88 Frame: 399 Frame from vFrameID : 400
Tcw:
[0.9508273, 0.28448305, -0.12246162, 0.86546528;
 -0.25331667, 0.94179875, 0.22101094, -1.8859944;
 0.17820805, -0.17912166, 0.96755224, 2.9013274;
 0, 0, 0, 1]
Twc:
[0.9508273, -0.25331667, 0.17820805, -1.8177018;
 0.28448305, 0.94179875, -0.17912166, 2.0497074;
 -0.12246162, 0.22101094, 0.96755224, -2.2843742;
 0, 0, 0, 1]
Ow:
[0.86546528;
 -1.8859944;
 2.9013274]
Keyframe: 89 Frame: 403 Frame from vFrameID : 404
Tcw:
[0.95385128, 0.27255192, -0.12602825, 0.87670386;
 -0.24256422, 0.94676775, 0.21164449, -1.9188569;
 0.17700361, -0.17130743, 0.96918702, 2.9878585;
 0, 0, 0, 1]
Twc:
[0.95385128, -0.24256422, 0.17700361, -1.8305529;
 0.27255192, 0.94676775, -0.17130743, 2.089607;
 -0.12602825, 0.21164449, 0.96918702, -2.3791888;
 0, 0, 0, 1]
Ow:
[0.87670386;
 -1.9188569;
 2.9878585]
Keyframe: 90 Frame: 407 Frame from vFrameID : 408
Tcw:
[0.95982927, 0.2570979, -0.11237634, 0.89152062;
 -0.22955772, 0.9498418, 0.21237664, -1.9753692;
 0.16134132, -0.17804846, 0.97070473, 3.0940709;
 0, 0, 0, 1]
Twc:
[0.95982927, -0.22955772, 0.16134132, -1.8083704;
 0.2570979, 0.9498418, -0.17804846, 2.1979747;
 -0.11237634, 0.21237664, 0.97070473, -2.4837213;
 0, 0, 0, 1]
Ow:
[0.89152062;
 -1.9753692;
 3.0940709]
Keyframe: 91 Frame: 411 Frame from vFrameID : 412
Tcw:
[0.96502852, 0.24595039, -0.090710506, 0.90089786;
