Keyframe: 0 Frame: 0 Frame from vFrameID : 388
Tcw:
[0.99884278, -0.030500479, -0.037186325, 0.099468827;
 -0.0040820083, 0.71663648, -0.6974349, 0.0090517132;
 0.047921177, 0.69677961, 0.71568269, 0.031078529;
 0, 0, 0, 1]
Twc:
[0.99884278, -0.0040820083, 0.047921177, -0.10080609;
 -0.030500479, 0.71663648, 0.69677961, -0.025107827;
 -0.037186325, -0.6974349, 0.71568269, -0.012230504;
 0, 0, 0, 1]
Ow:
[0.099468827;
 0.0090517132;
 0.031078529]
Keyframe: 1 Frame: 393 Frame from vFrameID : 388
Tcw:
[0.99944389, -0.019139662, -0.027304705, 0.10107575;
 -0.0052079237, 0.71921241, -0.69477075, 0.0088450778;
 0.03293556, 0.69452661, 0.71871275, 0.034893382;
 0, 0, 0, 1]
Twc:
[0.99944389, -0.0052079237, 0.03293556, -0.10212272;
 -0.019139662, 0.71921241, 0.69452661, -0.028661314;
 -0.027304705, -0.69477075, 0.71871275, -0.016173175;
 0, 0, 0, 1]
Ow:
[0.10107575;
 0.0088450778;
 0.034893382]
Keyframe: 2 Frame: 394 Frame from vFrameID : 396
Tcw:
[0.99960309, -0.014950842, -0.023876378, 0.1019742;
 -0.0059694471, 0.71588886, -0.69818878, 0.006543003;
 0.027531343, 0.69805419, 0.71551543, 0.038174346;
 0, 0, 0, 1]
Twc:
[0.99960309, -0.0059694471, 0.027531343, -0.10294566;
 -0.014950842, 0.71588886, 0.69805419, -0.029807225;
 -0.023876378, -0.69818878, 0.71551543, -0.020311309;
 0, 0, 0, 1]
Ow:
[0.1019742;
 0.006543003;
 0.038174346]
Keyframe: 3 Frame: 398 Frame from vFrameID : 399
Tcw:
[0.99964714, -0.012070213, -0.023663439, 0.10499708;
 -0.007985469, 0.71305984, -0.70105767, 0.0061091594;
 0.025335364, 0.70099926, 0.71271187, 0.040852338;
 0, 0, 0, 1]
Twc:
[0.99964714, -0.007985469, 0.025335364, -0.10594626;
 -0.012070213, 0.71305984, 0.70099926, -0.031726316;
 -0.023663439, -0.70105767, 0.71271187, -0.022348478;
 0, 0, 0, 1]
Ow:
[0.10499708;
 0.0061091594;
 0.040852338]
Keyframe: 4 Frame: 400 Frame from vFrameID : 401
Tcw:
[0.99979919, -0.020014876, 0.0010140667, 0.10341875;
 0.014945826, 0.71096444, -0.70306915, 0.0050634909;
 0.013350876, 0.70294309, 0.71112078, 0.043908387;
 0, 0, 0, 1]
Twc:
[0.99979919, 0.014945826, 0.013350876, -0.10405988;
 -0.020014876, 0.71096444, 0.70294309, -0.032395147;
 0.0010140667, -0.70306915, 0.71112078, -0.027769057;
 0, 0, 0, 1]
Ow:
[0.10341875;
 0.0050634909;
 0.043908387]
Keyframe: 5 Frame: 403 Frame from vFrameID : 404
Tcw:
[0.99972939, -0.013819358, 0.018712301, 0.10607073;
 0.022978747, 0.71184671, -0.70195889, 0.0063681547;
 -0.0036196676, 0.70219892, 0.71197164, 0.049048807;
 0, 0, 0, 1]
Twc:
[0.99972939, 0.022978747, -0.0036196676, -0.10601082;
 -0.013819358, 0.71184671, 0.70219892, -0.037509337;
 0.018712301, -0.70195889, 0.71197164, -0.032436002;
 0, 0, 0, 1]
Ow:
[0.10607073;
 0.0063681547;
 0.049048807]
Keyframe: 6 Frame: 406 Frame from vFrameID : 407
Tcw:
[0.99974531, -0.0059916787, 0.021757759, 0.10654099;
 0.019523293, 0.71322227, -0.70066601, 0.0048649665;
 -0.011319953, 0.70091236, 0.71315759, 0.053694345;
 0, 0, 0, 1]
Twc:
[0.99974531, 0.019523293, -0.011319953, -0.10600102;
 -0.0059916787, 0.71322227, 0.70091236, -0.040466473;
 0.021757759, -0.70066601, 0.71315759, -0.037201907;
 0, 0, 0, 1]
Ow:
[0.10654099;
 0.0048649665;
 0.053694345]
Keyframe: 7 Frame: 410 Frame from vFrameID : 411
Tcw:
[0.99978256, -0.01200785, -0.017047031, 0.1151026;
 -0.0037874717, 0.69936246, -0.71475714, 0.0088230167;
 0.02050475, 0.71466631, 0.69916493, 0.068717055;
 0, 0, 0, 1]
Twc:
[0.99978256, -0.0037874717, 0.02050475, -0.11645319;
 -0.01200785, 0.69936246, 0.71466631, -0.053898118;
 -0.017047031, -0.71475714, 0.69916493, -0.039776083;
 0, 0, 0, 1]
Ow:
[0.1151026;
 0.0088230167;
 0.068717055]
Keyframe: 8 Frame: 415 Frame from vFrameID : 416
Tcw:
[0.99807179, -0.0026711354, -0.062012222, 0.12132134;
 -0.042001534, 0.70652777, -0.70643783, 0.0077363364;
 0.045700345, 0.70768028, 0.70505321, 0.072435901;
 0, 0, 0, 1]
Twc:
[0.99807179, -0.042001534, 0.045700345, -0.12407282;
 -0.0026711354, 0.70652777, 0.70768028, -0.056403331;
 -0.062012222, -0.70643783, 0.70505321, -0.038082525;
 0, 0, 0, 1]
Ow:
[0.12132134;
 0.0077363364;
 0.072435901]
Keyframe: 9 Frame: 420 Frame from vFrameID : 421
Tcw:
[0.99823773, -0.017535929, -0.056691334, 0.12101842;
 -0.028185161, 0.70059466, -0.71300262, 0.0071022883;
 0.052220806, 0.71334398, 0.69886577, 0.084932551;
 0, 0, 0, 1]
Twc:
[0.99823773, -0.028185161, 0.052220806, -0.12504023;
 -0.017535929, 0.70059466, 0.71334398, -0.063439779;
 -0.056691334, -0.71300262, 0.69886577, -0.047431812;
 0, 0, 0, 1]
Ow:
[0.12101842;
 0.0071022883;
 0.084932551]
Keyframe: 10 Frame: 425 Frame from vFrameID : 426
Tcw:
[0.99887842, -0.0070053367, -0.046827074, 0.13084321;
 -0.029175552, 0.68786258, -0.72525436, 0.010762848;
 0.037291244, 0.72580713, 0.68688673, 0.096687131;
 0, 0, 0, 1]
Twc:
[0.99887842, -0.029175552, 0.037291244, -0.13398804;
 -0.0070053367, 0.68786258, 0.72580713, -0.076662973;
 -0.046827074, -0.72525436, 0.68688673, -0.052480299;
 0, 0, 0, 1]
Ow:
[0.13084321;
 0.010762848;
 0.096687131]
Keyframe: 11 Frame: 430 Frame from vFrameID : 431
Tcw:
[0.99996346, 0.0064026266, -0.0056608291, 0.1278635;
 -0.0085131871, 0.68802625, -0.72563589, 0.014703222;
 -0.0007511765, 0.72565758, 0.68805563, 0.11622603;
 0, 0, 0, 1]
Twc:
[0.99996346, -0.0085131871, -0.0007511765, -0.12764636;
 0.0064026266, 0.68802625, 0.72565758, -0.095275156;
 -0.0056608291, -0.72563589, 0.68805563, -0.068576977;
 0, 0, 0, 1]
Ow:
[0.1278635;
 0.014703222;
 0.11622603]
Keyframe: 12 Frame: 436 Frame from vFrameID : 437
Tcw:
[0.99939984, 0.027057614, 0.021629224, 0.13488333;
 -0.002723902, 0.68384957, -0.72961795, 0.027491417;
 -0.034532856, 0.72912115, 0.68351287, 0.12678972;
 0, 0, 0, 1]
Twc:
[0.99939984, -0.002723902, -0.034532856, -0.1303491;
 0.027057614, 0.68384957, 0.72912115, -0.11489468;
 0.021629224, -0.72961795, 0.68351287, -0.069521599;
 0, 0, 0, 1]
Ow:
[0.13488333;
 0.027491417;
 0.12678972]
Keyframe: 13 Frame: 442 Frame from vFrameID : 443
Tcw:
[0.99939287, 0.030727807, 0.016421879, 0.13743146;
 -0.009078186, 0.68472368, -0.72874624, 0.025278624;
 -0.033637222, 0.72815472, 0.68458688, 0.14487174;
 0, 0, 0, 1]
Twc:
[0.99939287, -0.009078186, -0.033637222, -0.13224545;
 0.030727807, 0.68472368, 0.72815472, -0.12702088;
 0.016421879, -0.72874624, 0.68458688, -0.083012477;
 0, 0, 0, 1]
Ow:
[0.13743146;
 0.025278624;
 0.14487174]
Keyframe: 14 Frame: 448 Frame from vFrameID : 449
Tcw:
[0.99977285, 0.010522605, -0.018534876, 0.14180391;
 -0.020831715, 0.66629839, -0.74539417, 0.026747696;
 0.0045062695, 0.74561095, 0.66636628, 0.17816126;
 0, 0, 0, 1]
Twc:
[0.99977285, -0.020831715, 0.0045062695, -0.14201735;
 0.010522605, 0.66629839, 0.74561095, -0.15215309;
 -0.018534876, -0.74539417, 0.66636628, -0.096154764;
 0, 0, 0, 1]
Ow:
[0.14180391;
 0.026747696;
 0.17816126]
Keyframe: 15 Frame: 454 Frame from vFrameID : 455
Tcw:
[0.99900371, 0.013383517, -0.042572591, 0.16589609;
 -0.040617879, 0.66785616, -0.74318123, 0.05250147;
 0.018485988, 0.74417001, 0.66773438, 0.19676194;
 0, 0, 0, 1]
Twc:
[0.99900371, -0.040617879, 0.018485988, -0.16723564;
 0.013383517, 0.66785616, 0.74417001, -0.18370804;
 -0.042572591, -0.74318123, 0.66773438, -0.085303985;
 0, 0, 0, 1]
Ow:
[0.16589609;
 0.05250147;
 0.19676194]
Keyframe: 16 Frame: 462 Frame from vFrameID : 463
Tcw:
[0.99953061, 0.024985893, -0.017728997, 0.16419631;
 -0.029907119, 0.67021161, -0.74156725, 0.040590934;
 -0.0066465391, 0.74174935, 0.67064428, 0.22030112;
 0, 0, 0, 1]
Twc:
[0.99953061, -0.029907119, -0.0066465391, -0.16144103;
 0.024985893, 0.67021161, 0.74174935, -0.19471531;
 -0.017728997, -0.74156725, 0.67064428, -0.11473174;
 0, 0, 0, 1]
Ow:
[0.16419631;
 0.040590934;
 0.22030112]
Keyframe: 17 Frame: 470 Frame from vFrameID : 471
Tcw:
[0.99727112, 0.05972936, 0.043389816, 0.15850422;
 -0.0066802241, 0.65832871, -0.75270092, 0.045242459;
 -0.073523104, 0.75035709, 0.65693122, 0.25595737;
 0, 0, 0, 1]
Twc:
[0.99727112, -0.0066802241, -0.073523104, -0.13895066;
 0.05972936, 0.65832871, 0.75035709, -0.23131117;
 0.043389816, -0.75270092, 0.65693122, -0.1409698;
 0, 0, 0, 1]
Ow:
[0.15850422;
 0.045242459;
 0.25595737]
Keyframe: 18 Frame: 477 Frame from vFrameID : 478
Tcw:
[0.99722815, 0.064129584, 0.037728649, 0.18486483;
 -0.014346448, 0.66328681, -0.74822778, 0.046043709;
 -0.073008448, 0.7456125, 0.6623683, 0.28763095;
 0, 0, 0, 1]
Twc:
[0.99722815, -0.014346448, -0.073008448, -0.16269235;
 0.064129584, 0.66328681, 0.7456125, -0.25685671;
 0.037728649, -0.74822778, 0.6623683, -0.16304113;
 0, 0, 0, 1]
Ow:
[0.18486483;
 0.046043709;
 0.28763095]
Keyframe: 19 Frame: 485 Frame from vFrameID : 486
Tcw:
[0.99899727, 0.040456917, -0.019175513, 0.1957956;
 -0.040746715, 0.64410985, -0.76384693, 0.037164822;
 -0.018551756, 0.76386237, 0.64511251, 0.31830347;
 0, 0, 0, 1]
Twc:
[0.99899727, -0.040746715, -0.018551756, -0.18817982;
 0.040456917, 0.64410985, 0.76386237, -0.27499953;
 -0.019175513, -0.76384693, 0.64511251, -0.17319882;
 0, 0, 0, 1]
Ow:
[0.1957956;
 0.037164822;
 0.31830347]
Keyframe: 20 Frame: 492 Frame from vFrameID : 493
Tcw:
[0.99960333, 0.017853165, -0.021781277, 0.21608181;
 -0.02813952, 0.66477174, -0.74651641, 0.047936425;
 0.001151897, 0.74683321, 0.66501039, 0.32788068;
 0, 0, 0, 1]
Twc:
[0.99960333, -0.02813952, 0.001151897, -0.21502487;
 0.017853165, 0.66477174, 0.74683321, -0.2805967;
 -0.021781277, -0.74651641, 0.66501039, -0.17755221;
 0, 0, 0, 1]
Ow:
[0.21608181;
 0.047936425;
 0.32788068]
Keyframe: 21 Frame: 500 Frame from vFrameID : 501
Tcw:
[0.99917233, 0.034697894, 0.021230731, 0.21626115;
 -0.0067372657, 0.65587503, -0.75483942, 0.031810239;
 -0.040116046, 0.75407159, 0.65556592, 0.3648746;
 0, 0, 0, 1]
Twc:
[0.99917233, -0.0067372657, -0.040116046, -0.2012305;
 0.034697894, 0.65587503, 0.75407159, -0.30350894;
 0.021230731, -0.75483942, 0.65556592, -0.21977913;
 0, 0, 0, 1]
Ow:
[0.21626115;
 0.031810239;
 0.3648746]
Keyframe: 22 Frame: 508 Frame from vFrameID : 509
Tcw:
[0.99633008, 0.063453093, 0.057446208, 0.22030081;
 0.00033643865, 0.66823792, -0.74394757, 0.058858171;
 -0.085593507, 0.74123669, 0.66576421, 0.38334161;
 0, 0, 0, 1]
Twc:
[0.99633008, 0.00033643865, -0.085593507, -0.18670057;
 0.063453093, 0.66823792, 0.74123669, -0.33745688;
 0.057446208, -0.74394757, 0.66576421, -0.22408317;
 0, 0, 0, 1]
Ow:
[0.22030081;
 0.058858171;
 0.38334161]
Keyframe: 23 Frame: 515 Frame from vFrameID : 516
Tcw:
[0.99893034, 0.034396298, 0.030905031, 0.21417832;
 0.00028186134, 0.66380584, -0.7479049, 0.06541352;
 -0.046240099, 0.74711359, 0.66308612, 0.40441033;
 0, 0, 0, 1]
Twc:
[0.99893034, 0.00028186134, -0.046240099, -0.19526768;
 0.034396298, 0.66380584, 0.74711359, -0.35292926;
 0.030905031, -0.7479049, 0.66308612, -0.22585496;
 0, 0, 0, 1]
Ow:
[0.21417832;
 0.06541352;
 0.40441033]
Keyframe: 24 Frame: 523 Frame from vFrameID : 524
Tcw:
[0.99990553, 0.012390601, -0.005946992, 0.2391755;
 -0.012568566, 0.64928615, -0.76044035, 0.032018512;
 -0.0055610137, 0.76044327, 0.64938056, 0.446392;
 0, 0, 0, 1]
Twc:
[0.99990553, -0.012568566, -0.0055610137, -0.23626809;
 0.012390601, 0.64928615, 0.76044327, -0.3632085;
 -0.005946992, -0.76044035, 0.64938056, -0.26410776;
 0, 0, 0, 1]
Ow:
[0.2391755;
 0.032018512;
 0.446392]
Keyframe: 25 Frame: 532 Frame from vFrameID : 533
Tcw:
[0.99975473, 0.021774895, 0.0040478567, 0.23884507;
 -0.011172108, 0.65362144, -0.75673914, 0.050227538;
 -0.019123683, 0.75650835, 0.6537044, 0.45962924;
 0, 0, 0, 1]
Twc:
[0.99975473, -0.011172108, -0.019123683, -0.22943553;
 0.021774895, 0.65362144, 0.75650835, -0.38574395;
 0.0040478567, -0.75673914, 0.6537044, -0.2634193;
 0, 0, 0, 1]
Ow:
[0.23884507;
 0.050227538;
 0.45962924]
Keyframe: 26 Frame: 540 Frame from vFrameID : 541
Tcw:
[0.99843973, 0.047755189, 0.028941074, 0.23074681;
 -0.0081307646, 0.63708943, -0.77074701, 0.06012322;
 -0.055245221, 0.7693091, 0.63648367, 0.47832751;
 0, 0, 0, 1]
Twc:
[0.99843973, -0.0081307646, -0.055245221, -0.20347261;
 0.047755189, 0.63708943, 0.7693091, -0.41730493;
 0.028941074, -0.77074701, 0.63648367, -0.26478592;
 0, 0, 0, 1]
Ow:
[0.23074681;
 0.06012322;
 0.47832751]
Keyframe: 27 Frame: 549 Frame from vFrameID : 550
Tcw:
[0.99928761, 0.030985028, 0.021544654, 0.24638173;
 -0.0033888714, 0.64225072, -0.76648712, 0.061004177;
 -0.037586693, 0.76586807, 0.64189821, 0.50694168;
 0, 0, 0, 1]
Twc:
[0.99928761, -0.0033888714, -0.037586693, -0.22694522;
 0.030985028, 0.64225072, 0.76586807, -0.43506455;
 0.021544654, -0.76648712, 0.64189821, -0.28395423;
 0, 0, 0, 1]
Ow:
[0.24638173;
 0.061004177;
 0.50694168]
Keyframe: 28 Frame: 557 Frame from vFrameID : 558
Tcw:
[0.99817252, 0.015278436, -0.058465194, 0.27270478;
 -0.055278517, 0.62170321, -0.78129983, 0.081546977;
 0.024410956, 0.78310388, 0.62141162, 0.53269494;
 0, 0, 0, 1]
Twc:
[0.99817252, -0.055278517, 0.024410956, -0.28070223;
 0.015278436, 0.62170321, 0.78310388, -0.47202003;
 -0.058465194, -0.78129983, 0.62141162, -0.25136647;
 0, 0, 0, 1]
Ow:
[0.27270478;
 0.081546977;
 0.53269494]
Keyframe: 29 Frame: 565 Frame from vFrameID : 566
Tcw:
[0.99881607, -0.0020582471, -0.048603166, 0.27951989;
 -0.035180543, 0.65947509, -0.75090277, 0.075031757;
 0.033598118, 0.75172365, 0.65862185, 0.54311723;
 0, 0, 0, 1]
Twc:
[0.99881607, -0.035180543, 0.033598118, -0.29479697;
 -0.0020582471, 0.65947509, 0.75172365, -0.45718029;
 -0.048603166, -0.75090277, 0.65862185, -0.28778177;
 0, 0, 0, 1]
Ow:
[0.27951989;
 0.075031757;
 0.54311723]
Keyframe: 30 Frame: 573 Frame from vFrameID : 574
Tcw:
[0.99978453, 0.01980667, 0.0062131272, 0.29064834;
 -0.0083069894, 0.65604621, -0.75467497, 0.076163113;
 -0.019023698, 0.75446075, 0.6560694, 0.56007868;
 0, 0, 0, 1]
Twc:
[0.99978453, -0.0083069894, -0.019023698, -0.27929825;
 0.01980667, 0.65604621, 0.75446075, -0.47828069;
 0.0062131272, -0.75467497, 0.6560694, -0.31177789;
 0, 0, 0, 1]
Ow:
[0.29064834;
 0.076163113;
 0.56007868]
Keyframe: 31 Frame: 581 Frame from vFrameID : 582
Tcw:
[0.99861604, 0.021761952, 0.047878701, 0.27015972;
 0.021276737, 0.66537851, -0.74620289, 0.084061533;
 -0.048096288, 0.74618888, 0.66399461, 0.59148097;
 0, 0, 0, 1]
Twc:
[0.99861604, 0.021276737, -0.048096288, -0.24312635;
 0.021761952, 0.66537851, 0.74618888, -0.50316846;
 0.047878701, -0.74620289, 0.66399461, -0.34294811;
 0, 0, 0, 1]
Ow:
[0.27015972;
 0.084061533;
 0.59148097]
Keyframe: 32 Frame: 589 Frame from vFrameID : 590
Tcw:
[0.99956954, 0.0025990449, -0.029222202, 0.30010581;
 -0.024075255, 0.64188319, -0.76642442, 0.085408747;
 0.016765269, 0.76679802, 0.64166945, 0.60894001;
 0, 0, 0, 1]
Twc:
[0.99956954, -0.024075255, 0.016765269, -0.30812946;
 0.0025990449, 0.64188319, 0.76679802, -0.5225364;
 -0.029222202, -0.76642442, 0.64166945, -0.3165091;
 0, 0, 0, 1]
Ow:
[0.30010581;
 0.085408747;
 0.60894001]
Keyframe: 33 Frame: 598 Frame from vFrameID : 599
Tcw:
[0.99931908, -0.014067535, -0.03410995, 0.30697209;
 -0.016584288, 0.65456504, -0.75582379, 0.08058387;
 0.032959759, 0.75587481, 0.65388602, 0.63140273;
 0, 0, 0, 1]
Twc:
[0.99931908, -0.016584288, 0.032959759, -0.32623753;
 -0.014067535, 0.65456504, 0.75587481, -0.52569044;
 -0.03410995, -0.75582379, 0.65388602, -0.34148741;
 0, 0, 0, 1]
Ow:
[0.30697209;
 0.08058387;
 0.63140273]
Keyframe: 34 Frame: 607 Frame from vFrameID : 608
Tcw:
[0.99959803, 0.0033821294, -0.028149273, 0.32326078;
 -0.024003966, 0.62930924, -0.77678424, 0.082874656;
 0.015087412, 0.77714765, 0.6291374, 0.6633836;
 0, 0, 0, 1]
Twc:
[0.99959803, -0.024003966, 0.015087412, -0.33115026;
 0.0033821294, 0.62930924, 0.77714765, -0.56879407;
 -0.028149273, -0.77678424, 0.6291374, -0.34388414;
 0, 0, 0, 1]
Ow:
[0.32326078;
 0.082874656;
 0.6633836]
Keyframe: 35 Frame: 616 Frame from vFrameID : 617
Tcw:
[0.99991274, 0.0011076867, 0.013164116, 0.31969038;
 0.0094569558, 0.63576764, -0.77182257, 0.079364568;
 -0.0092242565, 0.77187967, 0.63570172, 0.67235351;
 0, 0, 0, 1]
Twc:
[0.99991274, 0.0094569558, -0.0092242565, -0.31421107;
 0.0011076867, 0.63576764, 0.77187967, -0.56978756;
 0.013164116, -0.77182257, 0.63570172, -0.37036932;
 0, 0, 0, 1]
Ow:
[0.31969038;
 0.079364568;
 0.67235351]
Keyframe: 36 Frame: 625 Frame from vFrameID : 626
Tcw:
[0.99996608, 8.6622204e-05, -0.0082369624, 0.30909812;
 -0.0064256513, 0.63387698, -0.77340716, 0.082146525;
 0.0051542264, 0.77343386, 0.63385606, 0.67786473;
 0, 0, 0, 1]
Twc:
[0.99996608, -0.0064256513, 0.0051542264, -0.31205365;
 8.6622204e-05, 0.63387698, 0.77343386, -0.57638109;
 -0.0082369624, -0.77340716, 0.63385606, -0.36358991;
 0, 0, 0, 1]
Ow:
[0.30909812;
 0.082146525;
 0.67786473]
Keyframe: 37 Frame: 634 Frame from vFrameID : 635
Tcw:
[0.99989939, 0.0067062089, -0.012497512, 0.32990038;
 -0.013838178, 0.65443635, -0.75599045, 0.080878615;
 0.0031089964, 0.75608736, 0.65446335, 0.69008088;
 0, 0, 0, 1]
Twc:
[0.99989939, -0.013838178, 0.0031089964, -0.33089343;
 0.0067062089, 0.65443635, 0.75608736, -0.57690364;
 -0.012497512, -0.75599045, 0.65446335, -0.38636622;
 0, 0, 0, 1]
Ow:
[0.32990038;
 0.080878615;
 0.69008088]
Keyframe: 38 Frame: 643 Frame from vFrameID : 644
Tcw:
[0.99904078, 0.031959757, 0.029933898, 0.31411409;
 0.0013141684, 0.66140503, -0.75002778, 0.075800687;
 -0.043769136, 0.74934769, 0.66072863, 0.69737691;
 0, 0, 0, 1]
Twc:
[0.99904078, 0.0013141684, -0.043769136, -0.28338882;
 0.031959757, 0.66140503, 0.74934769, -0.58275175;
 0.029933898, -0.75002778, 0.66072863, -0.41332689;
 0, 0, 0, 1]
Ow:
[0.31411409;
 0.075800687;
 0.69737691]
Keyframe: 39 Frame: 651 Frame from vFrameID : 652
Tcw:
[0.99771726, 0.033730805, 0.058501631, 0.31713292;
 0.020602599, 0.67296666, -0.73938584, 0.078447521;
 -0.064309731, 0.73890328, 0.67073554, 0.69986445;
 0, 0, 0, 1]
Twc:
[0.99771726, 0.020602599, -0.064309731, -0.27301714;
 0.033730805, 0.67296666, 0.73890328, -0.5806219;
 0.058501631, -0.73938584, 0.67073554, -0.42997375;
 0, 0, 0, 1]
Ow:
[0.31713292;
 0.078447521;
 0.69986445]
Keyframe: 40 Frame: 659 Frame from vFrameID : 660
Tcw:
[0.99983913, 0.011498083, 0.013764799, 0.31768537;
 0.002826178, 0.65687716, -0.75399232, 0.075580388;
 -0.017711248, 0.75390995, 0.656739, 0.70960152;
 0, 0, 0, 1]
Twc:
[0.99983913, 0.002826178, -0.017711248, -0.30527994;
 0.011498083, 0.65687716, 0.75390995, -0.58827543;
 0.013764799, -0.75399232, 0.656739, -0.41340885;
 0, 0, 0, 1]
Ow:
[0.31768537;
 0.075580388;
 0.70960152]
Keyframe: 41 Frame: 666 Frame from vFrameID : 667
Tcw:
[0.99995738, -0.0068131252, -0.0062288563, 0.32093123;
 -4.7365054e-05, 0.67095673, -0.7414965, 0.077839166;
 0.0092312014, 0.74146521, 0.67092782, 0.70905685;
 0, 0, 0, 1]
Twc:
[0.99995738, -4.7365054e-05, 0.0092312014, -0.32745931;
 -0.0068131252, 0.67095673, 0.74146521, -0.57578111;
 -0.0062288563, -0.7414965, 0.67092782, -0.41600943;
 0, 0, 0, 1]
Ow:
[0.32093123;
 0.077839166;
 0.70905685]
Keyframe: 42 Frame: 674 Frame from vFrameID : 675
Tcw:
[0.99980628, 0.010322467, 0.016758349, 0.32117939;
 0.0054693548, 0.67219907, -0.74035025, 0.075487524;
 -0.018907189, 0.74029851, 0.67201239, 0.71095228;
 0, 0, 0, 1]
Twc:
[0.99980628, 0.0054693548, -0.018907189, -0.30808794;
 0.010322467, 0.67219907, 0.74029851, -0.5803749;
 0.016758349, -0.74035025, 0.67201239, -0.427264;
 0, 0, 0, 1]
Ow:
[0.32117939;
 0.075487524;
 0.71095228]
Keyframe: 43 Frame: 681 Frame from vFrameID : 682
Tcw:
[0.99772155, 0.031992227, 0.059398159, 0.31980735;
 0.02261393, 0.67090118, -0.74120188, 0.077369779;
 -0.063562989, 0.74085635, 0.66864908, 0.71147764;
 0, 0, 0, 1]
Twc:
[0.99772155, 0.02261393, -0.063562989, -0.2756047;
 0.031992227, 0.67090118, 0.74085635, -0.58924156;
 0.059398159, -0.74120188, 0.66864908, -0.43737826;
 0, 0, 0, 1]
Ow:
[0.31980735;
 0.077369779;
 0.71147764]
Keyframe: 44 Frame: 688 Frame from vFrameID : 689
Tcw:
[0.99760562, 0.029128382, 0.062726289, 0.31224048;
 0.026570894, 0.67594218, -0.73647547, 0.067463607;
 -0.063851684, 0.73637879, 0.67354977, 0.72122157;
 0, 0, 0, 1]
Twc:
[0.99760562, 0.026570894, -0.063851684, -0.26723421;
 0.029128382, 0.67594218, 0.73637879, -0.58578879;
 0.062726289, -0.73647547, 0.67354977, -0.45567897;
 0, 0, 0, 1]
Ow:
[0.31224048;
 0.067463607;
 0.72122157]
Keyframe: 45 Frame: 695 Frame from vFrameID : 696
Tcw:
[0.99967736, 0.017776841, 0.018144341, 0.31837115;
 0.0018623814, 0.66108716, -0.75030679, 0.066047162;
 -0.025333077, 0.75009847, 0.66084075, 0.72374803;
 0, 0, 0, 1]
Twc:
[0.99967736, 0.0018623814, -0.025333077, -0.30005664;
 0.017776841, 0.66108716, 0.75009847, -0.59220487;
 0.018144341, -0.75030679, 0.66084075, -0.4345032;
 0, 0, 0, 1]
Ow:
[0.31837115;
 0.066047162;
 0.72374803]
Keyframe: 46 Frame: 702 Frame from vFrameID : 703
Tcw:
[0.99970078, 0.023866614, 0.0053611528, 0.32135794;
 -0.012339692, 0.68128282, -0.73191625, 0.072033823;
 -0.021120824, 0.7316311, 0.68137348, 0.72361863;
 0, 0, 0, 1]
Twc:
[0.99970078, -0.012339692, -0.021120824, -0.30508947;
 0.023866614, 0.68128282, 0.7316311, -0.58616704;
 0.0053611528, -0.73191625, 0.68137348, -0.44205466;
 0, 0, 0, 1]
Ow:
[0.32135794;
 0.072033823;
 0.72361863]
Keyframe: 47 Frame: 709 Frame from vFrameID : 710
Tcw:
[0.99910569, 0.036247987, 0.021768285, 0.31797206;
 -0.0088669406, 0.68300736, -0.73035765, 0.075736225;
 -0.041341893, 0.7295115, 0.68271798, 0.72013903;
 0, 0, 0, 1]
Twc:
[0.99910569, -0.0088669406, -0.041341893, -0.28724426;
 0.036247987, 0.68300736, 0.7295115, -0.58860391;
 0.021768285, -0.73035765, 0.68271798, -0.44325903;
 0, 0, 0, 1]
Ow:
[0.31797206;
 0.075736225;
 0.72013903]
Keyframe: 48 Frame: 715 Frame from vFrameID : 716
Tcw:
[0.99737459, 0.059846412, 0.040771287, 0.31892017;
 -0.010402228, 0.67559046, -0.73720378, 0.07506007;
 -0.071663693, 0.73484421, 0.67443925, 0.72191763;
 0, 0, 0, 1]
Twc:
[0.99737459, -0.010402228, -0.071663693, -0.2655668;
 0.059846412, 0.67559046, 0.73484421, -0.6002931;
 0.040771287, -0.73720378, 0.67443925, -0.44455785;
 0, 0, 0, 1]
Ow:
[0.31892017;
 0.07506007;
 0.72191763]
Keyframe: 49 Frame: 722 Frame from vFrameID : 723
Tcw:
[0.99606448, 0.065104768, 0.060140662, 0.31993183;
 -0.0015354777, 0.69112158, -0.7227369, 0.074228644;
 -0.088618122, 0.71980023, 0.6885016, 0.72314894;
 0, 0, 0, 1]
Twc:
[0.99606448, -0.0015354777, -0.088618122, -0.25447464;
 0.065104768, 0.69112158, 0.71980023, -0.59265286;
 0.060140662, -0.7227369, 0.6885016, -0.46348238;
 0, 0, 0, 1]
Ow:
[0.31993183;
 0.074228644;
 0.72314894]
Keyframe: 50 Frame: 728 Frame from vFrameID : 729
Tcw:
[0.9986183, 0.041051611, 0.032807019, 0.32065994;
 -0.0038593302, 0.67990309, -0.73329186, 0.075191021;
 -0.052408405, 0.73215204, 0.67912203, 0.72436219;
 0, 0, 0, 1]
Twc:
[0.9986183, -0.0038593302, -0.052408405, -0.281964;
 0.041051611, 0.67990309, 0.73215204, -0.59462947;
 0.032807019, -0.73329186, 0.67912203, -0.44731328;
 0, 0, 0, 1]
Ow:
[0.32065994;
 0.075191021;
 0.72436219]
Keyframe: 51 Frame: 734 Frame from vFrameID : 735
Tcw:
[0.99849164, 0.053660616, 0.011618307, 0.32217628;
 -0.028726002, 0.69092131, -0.72235906, 0.071744651;
 -0.046789564, 0.7209357, 0.69142061, 0.72705531;
 0, 0, 0, 1]
Twc:
[0.99849164, -0.028726002, -0.046789564, -0.28561077;
 0.053660616, 0.69092131, 0.7209357, -0.59101826;
 0.011618307, -0.72235906, 0.69142061, -0.45461878;
 0, 0, 0, 1]
Ow:
[0.32217628;
 0.071744651;
 0.72705531]
Keyframe: 52 Frame: 740 Frame from vFrameID : 741
Tcw:
[0.99980181, 0.017466649, -0.0095499642, 0.32482454;
 -0.019016074, 0.69607908, -0.71771324, 0.070016384;
 -0.0058885156, 0.71775264, 0.69627327, 0.73161399;
 0, 0, 0, 1]
Twc:
[0.99980181, -0.019016074, -0.0058885156, -0.31912062;
 0.017466649, 0.69607908, 0.71775264, -0.57952839;
 -0.0095499642, -0.71771324, 0.69627327, -0.45604956;
 0, 0, 0, 1]
Ow:
[0.32482454;
 0.070016384;
 0.73161399]
Keyframe: 53 Frame: 746 Frame from vFrameID : 747
Tcw:
[0.99972963, 0.020522904, -0.010931941, 0.32532528;
 -0.022156047, 0.69804865, -0.71570748, 0.073581427;
 -0.0070573702, 0.71575618, 0.69831461, 0.73089474;
 0, 0, 0, 1]
Twc:
[0.99972963, -0.022156047, -0.0070573702, -0.31844884;
 0.020522904, 0.69804865, 0.71575618, -0.58118248;
 -0.010931941, -0.71570748, 0.69831461, -0.45417526;
 0, 0, 0, 1]
Ow:
[0.32532528;
 0.073581427;
 0.73089474]
Keyframe: 54 Frame: 752 Frame from vFrameID : 753
Tcw:
[0.99981272, 0.014362765, -0.012969498, 0.32566756;
 -0.019289762, 0.68599206, -0.72735327, 0.074530751;
 -0.0015498321, 0.72746724, 0.68614066, 0.73142362;
 0, 0, 0, 1]
Twc:
[0.99981272, -0.019289762, -0.0015498321, -0.32303533;
 0.014362765, 0.68599206, 0.72746724, -0.58789176;
 -0.012969498, -0.72735327, 0.68614066, -0.44342557;
 0, 0, 0, 1]
Ow:
[0.32566756;
 0.074530751;
 0.73142362]
Keyframe: 55 Frame: 758 Frame from vFrameID : 759
Tcw:
[0.99961168, 0.014484913, 0.023805063, 0.32479548;
 0.0066188197, 0.70641047, -0.70777142, 0.0731107;
 -0.027068153, 0.70765418, 0.70604032, 0.73105526;
 0, 0, 0, 1]
Twc:
[0.99961168, 0.0066188197, -0.027068153, -0.30536494;
 0.014484913, 0.70641047, 0.70765418, -0.57368511;
 0.023805063, -0.70777142, 0.70604032, -0.47214061;
 0, 0, 0, 1]
Ow:
[0.32479548;
 0.0731107;
 0.73105526]
Keyframe: 56 Frame: 764 Frame from vFrameID : 765
Tcw:
[0.99966437, 0.005409617, 0.025336595, 0.32149106;
 0.014231296, 0.70254153, -0.71150047, 0.068351239;
 -0.021648955, 0.71162224, 0.70222872, 0.7352519;
 0, 0, 0, 1]
Twc:
[0.99966437, 0.014231296, -0.021648955, -0.30643845;
 0.005409617, 0.70254153, 0.71162224, -0.57298028;
 0.025336595, -0.71150047, 0.70222872, -0.4758285;
 0, 0, 0, 1]
Ow:
[0.32149106;
 0.068351239;
 0.7352519]
Keyframe: 57 Frame: 770 Frame from vFrameID : 771
Tcw:
[0.999825, 0.014130199, -0.012257756, 0.32535717;
 -0.018628519, 0.69253415, -0.7211445, 0.076944441;
 -0.001701001, 0.72124666, 0.69267619, 0.73375309;
 0, 0, 0, 1]
Twc:
[0.999825, -0.018628519, -0.001701001, -0.32261875;
 0.014130199, 0.69253415, 0.72124666, -0.58710098;
 -0.012257756, -0.7211445, 0.69267619, -0.44877708;
 0, 0, 0, 1]
Ow:
[0.32535717;
 0.076944441;
 0.73375309]
Keyframe: 58 Frame: 777 Frame from vFrameID : 778
Tcw:
[0.99984169, 0.012810941, -0.012347597, 0.3239184;
 -0.017786935, 0.70185614, -0.71209657, 0.075279772;
 -0.00045639061, 0.7122035, 0.7019729, 0.73292768;
 0, 0, 0, 1]
Twc:
[0.99984169, -0.017786935, -0.00045639061, -0.32219362;
 0.012810941, 0.70185614, 0.7122035, -0.5789789;
 -0.012347597, -0.71209657, 0.7019729, -0.45688927;
 0, 0, 0, 1]
Ow:
[0.3239184;
 0.075279772;
 0.73292768]
Keyframe: 59 Frame: 782 Frame from vFrameID : 783
Tcw:
[0.99953091, 0.030204972, 0.0050581368, 0.32231334;
 -0.01749742, 0.69877344, -0.71512902, 0.075079024;
 -0.025134945, 0.71470505, 0.69897419, 0.7311787;
 0, 0, 0, 1]
Twc:
[0.99953091, -0.01749742, -0.025134945, -0.30247036;
 0.030204972, 0.69877344, 0.71470505, -0.58477581;
 0.0050581368, -0.71512902, 0.69897419, -0.45901415;
 0, 0, 0, 1]
Ow:
[0.32231334;
 0.075079024;
 0.7311787]
Keyframe: 60 Frame: 788 Frame from vFrameID : 789
Tcw:
[0.99687976, 0.054664079, 0.056943379, 0.32138211;
 0.0018942859, 0.70462215, -0.70958018, 0.074013144;
 -0.078912117, 0.70747399, 0.70232004, 0.72966641;
 0, 0, 0, 1]
Twc:
[0.99687976, 0.0018942859, -0.078912117, -0.26293999;
 0.054664079, 0.70462215, 0.70747399, -0.58593935;
 0.056943379, -0.70958018, 0.70232004, -0.47824165;
 0, 0, 0, 1]
Ow:
[0.32138211;
 0.074013144;
 0.72966641]
Keyframe: 61 Frame: 793 Frame from vFrameID : 794
Tcw:
[0.99422151, 0.050611537, 0.09466847, 0.3202987;
 0.032840066, 0.69620252, -0.71709383, 0.074981064;
 -0.10220165, 0.71605903, 0.69051743, 0.73095673;
 0, 0, 0, 1]
Twc:
[0.99422151, 0.032840066, -0.10220165, -0.24620524;
 0.050611537, 0.69620252, 0.71605903, -0.59182096;
 0.09466847, -0.71709383, 0.69051743, -0.48129207;
 0, 0, 0, 1]
Ow:
[0.3202987;
 0.074981064;
 0.73095673]
Keyframe: 62 Frame: 799 Frame from vFrameID : 800
Tcw:
[0.9924643, 0.057309851, 0.1083058, 0.31686792;
 0.037130419, 0.70167017, -0.71153378, 0.072616518;
 -0.11677285, 0.71019334, 0.6942547, 0.73050296;
 0, 0, 0, 1]
Twc:
[0.9924643, 0.037130419, -0.11677285, -0.23187348;
 0.057309851, 0.70167017, 0.71019334, -0.58791083;
 0.1083058, -0.71153378, 0.6942547, -0.48980463;
 0, 0, 0, 1]
Ow:
[0.31686792;
 0.072616518;
 0.73050296]
Keyframe: 63 Frame: 805 Frame from vFrameID : 806
Tcw:
[0.99625689, 0.049104605, 0.07114061, 0.32018277;
 0.015314695, 0.70970076, -0.70433676, 0.070717514;
 -0.085074723, 0.70278984, 0.70629227, 0.73185885;
 0, 0, 0, 1]
Twc:
[0.99625689, 0.015314695, -0.085074723, -0.2578046;
 0.049104605, 0.70970076, 0.70278984, -0.58025366;
 0.07114061, -0.70433676, 0.70629227, -0.48987529;
 0, 0, 0, 1]
Ow:
[0.32018277;
 0.070717514;
 0.73185885]
Keyframe: 64 Frame: 810 Frame from vFrameID : 811
Tcw:
[0.99686754, 0.052422095, 0.059220482, 0.32447988;
 0.0022633406, 0.729563, -0.68390989, 0.074169397;
 -0.07905706, 0.68190157, 0.72715902, 0.72993875;
 0, 0, 0, 1]
Twc:
[0.99686754, 0.0022633406, -0.07905706, -0.26592451;
 0.052422095, 0.729563, 0.68190157, -0.56886756;
 0.059220482, -0.68390989, 0.72715902, -0.49927223;
 0, 0, 0, 1]
Ow:
[0.32447988;
 0.074169397;
 0.72993875]
Keyframe: 65 Frame: 815 Frame from vFrameID : 816
Tcw:
[0.99690425, 0.037179284, 0.069278896, 0.3196536;
 0.021331746, 0.72018552, -0.69345349, 0.070707947;
 -0.075675763, 0.69278461, 0.71716291, 0.73211795;
 0, 0, 0, 1]
Twc:
[0.99690425, 0.021331746, -0.075675763, -0.26476878;
 0.037179284, 0.72018552, 0.69278461, -0.57000738;
 0.069278896, -0.69345349, 0.71716291, -0.49816045;
 0, 0, 0, 1]
Ow:
[0.3196536;
 0.070707947;
 0.73211795]
Keyframe: 66 Frame: 820 Frame from vFrameID : 821
Tcw:
[0.9934054, 0.068690784, 0.091800436, 0.31948435;
 0.016139844, 0.708915, -0.70510924, 0.070921808;
 -0.11351322, 0.70194095, 0.70313132, 0.73183876;
 0, 0, 0, 1]
Twc:
[0.9934054, 0.016139844, -0.11351322, -0.23544876;
 0.068690784, 0.708915, 0.70194095, -0.58593076;
 0.091800436, -0.70510924, 0.70313132, -0.49389991;
 0, 0, 0, 1]
Ow:
[0.31948435;
 0.070921808;
 0.73183876]
Keyframe: 67 Frame: 824 Frame from vFrameID : 825
Tcw:
[0.99124289, 0.08311671, 0.10261153, 0.31828463;
 0.014873956, 0.70183712, -0.71218216, 0.076463014;
 -0.13121082, 0.70747173, 0.69445479, 0.72912484;
 0, 0, 0, 1]
Twc:
[0.99124289, 0.014873956, -0.13121082, -0.22096561;
 0.08311671, 0.70183712, 0.70747173, -0.5959546;
 0.10261153, -0.71218216, 0.69445479, -0.4845483;
 0, 0, 0, 1]
Ow:
[0.31828463;
 0.076463014;
 0.72912484]
Keyframe: 68 Frame: 829 Frame from vFrameID : 830
Tcw:
[0.98750103, 0.087447233, 0.13112852, 0.31610858;
 0.029556556, 0.71446419, -0.69904745, 0.069962502;
 -0.1548164, 0.69418573, 0.70294952, 0.73322964;
 0, 0, 0, 1]
Twc:
[0.98750103, 0.029556556, -0.1548164, -0.20070942;
 0.087447233, 0.71446419, 0.69418573, -0.58662617;
 0.13112852, -0.69904745, 0.70294952, -0.50796717;
 0, 0, 0, 1]
Ow:
[0.31610858;
 0.069962502;
 0.73322964]
Keyframe: 69 Frame: 833 Frame from vFrameID : 834
Tcw:
[0.98808968, 0.11899344, 0.09756729, 0.31897482;
 -0.017830087, 0.71831495, -0.69548959, 0.073347777;
 -0.15284275, 0.68546647, 0.71188122, 0.73116744;
 0, 0, 0, 1]
Twc:
[0.98808968, -0.017830087, -0.15284275, -0.20211431;
 0.11899344, 0.71831495, 0.68546647, -0.59183347;
 0.09756729, -0.69548959, 0.71188122, -0.50061327;
 0, 0, 0, 1]
Ow:
[0.31897482;
 0.073347777;
 0.73116744]
Keyframe: 70 Frame: 837 Frame from vFrameID : 838
Tcw:
[0.9931584, 0.10654403, 0.047798932, 0.32137287;
 -0.040673371, 0.69931, -0.71366042, 0.071603835;
 -0.10946253, 0.70683372, 0.69885916, 0.73393202;
 0, 0, 0, 1]
Twc:
[0.9931584, -0.040673371, -0.10946253, -0.23592372;
 0.10654403, 0.69931, 0.70683372, -0.60308152;
 0.047798932, -0.71366042, 0.69885916, -0.47717556;
 0, 0, 0, 1]
Ow:
[0.32137287;
 0.071603835;
 0.73393202]
Keyframe: 71 Frame: 843 Frame from vFrameID : 844
Tcw:
[0.99716491, 0.061523139, 0.043325167, 0.32331917;
 -0.01267586, 0.70488262, -0.70921069, 0.073037982;
 -0.07417202, 0.70665079, 0.70366412, 0.73407936;
 0, 0, 0, 1]
Twc:
[0.99716491, -0.01267586, -0.07417202, -0.26702854;
 0.061523139, 0.70488262, 0.70665079, -0.59011263;
 0.043325167, -0.70921069, 0.70366412, -0.47875381;
 0, 0, 0, 1]
Ow:
[0.32331917;
 0.073037982;
 0.73407936]
Keyframe: 72 Frame: 848 Frame from vFrameID : 849
Tcw:
[0.99622297, 0.051813461, 0.069678873, 0.3215616;
 0.012118151, 0.71164244, -0.70243728, 0.072835296;
 -0.085982151, 0.70062852, 0.7083267, 0.73408812;
 0, 0, 0, 1]
Twc:
[0.99622297, 0.012118151, -0.085982151, -0.25811121;
 0.051813461, 0.71164244, 0.70062852, -0.58281702;
 0.069678873, -0.70243728, 0.7083267, -0.49121806;
 0, 0, 0, 1]
Ow:
[0.3215616;
 0.072835296;
 0.73408812]
Keyframe: 73 Frame: 854 Frame from vFrameID : 855
Tcw:
[0.99165404, 0.06885571, 0.10900098, 0.31828862;
 0.024077486, 0.7316643, -0.68123978, 0.068668336;
 -0.12665938, 0.67817861, 0.72389996, 0.73277861;
 0, 0, 0, 1]
Twc:
[0.99165404, 0.024077486, -0.12665938, -0.22447227;
 0.06885571, 0.7316643, 0.67817861, -0.56911296;
 0.10900098, -0.68123978, 0.72389996, -0.5183726;
 0, 0, 0, 1]
Ow:
[0.31828862;
 0.068668336;
 0.73277861]
Keyframe: 74 Frame: 860 Frame from vFrameID : 861
Tcw:
[0.98856592, 0.068454236, 0.13435584, 0.31790948;
 0.034806043, 0.76336402, -0.64503014, 0.067400575;
 -0.14671746, 0.64233118, 0.75225306, 0.73384035;
 0, 0, 0, 1]
Twc:
[0.98856592, 0.034806043, -0.14671746, -0.20895323;
 0.068454236, 0.76336402, 0.64233118, -0.54458195;
 0.13435584, -0.64503014, 0.75225306, -0.5512712;
 0, 0, 0, 1]
Ow:
[0.31790948;
 0.067400575;
 0.73384035]
Keyframe: 75 Frame: 864 Frame from vFrameID : 865
Tcw:
[0.99337929, 0.054834154, 0.10094917, 0.32213223;
 0.022759553, 0.76737756, -0.64079148, 0.066200376;
 -0.11260338, 0.63884658, 0.76104897, 0.73579073;
 0, 0, 0, 1]
Twc:
[0.99337929, 0.022759553, -0.11260338, -0.23865369;
 0.054834154, 0.76737756, 0.63884658, -0.53852189;
 0.10094917, -0.64079148, 0.76104897, -0.55007112;
 0, 0, 0, 1]
Ow:
[0.32213223;
 0.066200376;
 0.73579073]
Keyframe: 76 Frame: 869 Frame from vFrameID : 870
Tcw:
[0.99890751, 0.027944149, 0.037455548, 0.3262668;
 0.0033082895, 0.75721449, -0.65315795, 0.064046055;
 -0.046613824, 0.65256828, 0.75629479, 0.73562598;
 0, 0, 0, 1]
Twc:
[0.99890751, 0.0033082895, -0.046613824, -0.29183188;
 0.027944149, 0.75721449, 0.65256828, -0.53766;
 0.037455548, -0.65315795, 0.75629479, -0.52673841;
 0, 0, 0, 1]
Ow:
[0.3262668;
 0.064046055;
 0.73562598]
Keyframe: 77 Frame: 875 Frame from vFrameID : 876
Tcw:
[0.99797428, 0.063464515, 0.0044330526, 0.32475567;
 -0.044181481, 0.74151397, -0.66948116, 0.067564338;
 -0.045775469, 0.66792911, 0.74281579, 0.73912477;
 0, 0, 0, 1]
Twc:
[0.99797428, -0.044181481, -0.045775469, -0.28727892;
 0.063464515, 0.74151397, 0.66792911, -0.56439334;
 0.0044330526, -0.66948116, 0.74281579, -0.5052402;
 0, 0, 0, 1]
Ow:
[0.32475567;
 0.067564338;
 0.73912477]
Keyframe: 78 Frame: 880 Frame from vFrameID : 881
Tcw:
[0.99871171, 0.050697431, -0.0021673047, 0.32506573;
 -0.038585294, 0.73098367, -0.6813032, 0.067519486;
 -0.032956056, 0.68050909, 0.73199815, 0.73911309;
 0, 0, 0, 1]
Twc:
[0.99871171, -0.038585294, -0.032956056, -0.29768345;
 0.050697431, 0.73098367, 0.68050909, -0.56880885;
 -0.0021673047, -0.6813032, 0.73199815, -0.49432367;
 0, 0, 0, 1]
Ow:
[0.32506573;
 0.067519486;
 0.73911309]
Keyframe: 79 Frame: 887 Frame from vFrameID : 888
Tcw:
[0.99852079, 0.048177913, 0.025200434, 0.32462382;
 -0.016912373, 0.71571952, -0.69818306, 0.068561018;
 -0.051673446, 0.69672412, 0.71547562, 0.73863161;
 0, 0, 0, 1]
Twc:
[0.99852079, -0.016912373, -0.051673446, -0.2848165;
 0.048177913, 0.71571952, 0.69672412, -0.57933259;
 0.025200434, -0.69818306, 0.71547562, -0.48878545;
 0, 0, 0, 1]
Ow:
[0.32462382;
 0.068561018;
 0.73863161]
Keyframe: 80 Frame: 893 Frame from vFrameID : 894
Tcw:
[0.99708617, 0.063148357, 0.042796049, 0.32432833;
 -0.016158674, 0.7231186, -0.69053483, 0.068335265;
 -0.07455276, 0.68783116, 0.72203195, 0.73886663;
 0, 0, 0, 1]
Twc:
[0.99708617, -0.016158674, -0.07455276, -0.26719454;
 0.063148357, 0.7231186, 0.68783116, -0.57811081;
 0.042796049, -0.69053483, 0.72203195, -0.50017738;
 0, 0, 0, 1]
Ow:
[0.32432833;
 0.068335265;
 0.73886663]
Keyframe: 81 Frame: 899 Frame from vFrameID : 900
Tcw:
[0.99765193, 0.061016753, 0.031106757, 0.32512161;
 -0.021527886, 0.71054786, -0.70331943, 0.069119543;
 -0.065017112, 0.70099831, 0.71019304, 0.73956114;
 0, 0, 0, 1]
Twc:
[0.99765193, -0.021527886, -0.065017112, -0.27478606;
 0.061016753, 0.71054786, 0.70099831, -0.58738172;
 0.031106757, -0.70331943, 0.71019304, -0.48673153;
 0, 0, 0, 1]
Ow:
[0.32512161;
 0.069119543;
 0.73956114]
Keyframe: 82 Frame: 904 Frame from vFrameID : 905
Tcw:
[0.99883276, 0.043863822, 0.020225391, 0.32419625;
 -0.016276697, 0.69989151, -0.7140637, 0.071580768;
 -0.045477141, 0.712901, 0.69978851, 0.73816288;
 0, 0, 0, 1]
Twc:
[0.99883276, -0.016276697, -0.045477141, -0.28908318;
 0.043863822, 0.69989151, 0.712901, -0.59055632;
 0.020225391, -0.7140637, 0.69978851, -0.4720017;
 0, 0, 0, 1]
Ow:
[0.32419625;
 0.071580768;
 0.73816288]
Keyframe: 83 Frame: 910 Frame from vFrameID : 911
Tcw:
[0.99777442, 0.061176948, -0.026524182, 0.32615787;
 -0.061388656, 0.68751061, -0.72357488, 0.068733782;
 -0.026030447, 0.72359282, 0.68973607, 0.74095923;
 0, 0, 0, 1]
Twc:
[0.99777442, -0.061388656, -0.026030447, -0.301925;
 0.061176948, 0.68751061, 0.72359282, -0.60336131;
 -0.026524182, -0.72357488, 0.68973607, -0.45268121;
 0, 0, 0, 1]
Ow:
[0.32615787;
 0.068733782;
 0.74095923]
Keyframe: 84 Frame: 915 Frame from vFrameID : 916
Tcw:
[0.998025, 0.058861539, -0.021940943, 0.32504746;
 -0.056370538, 0.68505371, -0.72630829, 0.071095824;
 -0.0277209, 0.7261107, 0.68701881, 0.73948526;
 0, 0, 0, 1]
Twc:
[0.998025, -0.056370538, -0.0277209, -0.29989856;
 0.058861539, 0.68505371, 0.7261107, -0.60478538;
 -0.021940943, -0.72630829, 0.68701881, -0.4492709;
 0, 0, 0, 1]
Ow:
[0.32504746;
 0.071095824;
 0.73948526]
Keyframe: 85 Frame: 921 Frame from vFrameID : 922
Tcw:
[0.99721414, 0.072306253, -0.018325316, 0.32552993;
 -0.063045211, 0.68571085, -0.72513855, 0.070649117;
 -0.039866183, 0.72427374, 0.68835908, 0.73994297;
 0, 0, 0, 1]
Twc:
[0.99721414, -0.063045211, -0.039866183, -0.29067022;
 0.072306253, 0.68571085, 0.72427374, -0.60790396;
 -0.018325316, -0.72513855, 0.68835908, -0.45215064;
 0, 0, 0, 1]
Ow:
[0.32552993;
 0.070649117;
 0.73994297]
Keyframe: 86 Frame: 925 Frame from vFrameID : 926
Tcw:
[0.99783188, 0.065809205, 0.00080534705, 0.32550657;
 -0.045138318, 0.69321239, -0.71931851, 0.070662379;
 -0.047896057, 0.71772265, 0.69467992, 0.74028736;
 0, 0, 0, 1]
Twc:
[0.99783188, -0.045138318, -0.047896057, -0.28615445;
 0.065809205, 0.69321239, 0.71772265, -0.60172635;
 0.00080534705, -0.71931851, 0.69467992, -0.46369615;
 0, 0, 0, 1]
Ow:
[0.32550657;
 0.070662379;
 0.74028736]
Keyframe: 87 Frame: 931 Frame from vFrameID : 932
Tcw:
[0.99783307, 0.062635988, 0.020146908, 0.32563257;
 -0.029135337, 0.69517189, -0.7182529, 0.070908338;
 -0.058994044, 0.71610951, 0.69549042, 0.74006665;
 0, 0, 0, 1]
Twc:
[0.99783307, -0.029135337, -0.058994044, -0.27920151;
 0.062635988, 0.69517189, 0.71610951, -0.59965855;
 0.020146908, -0.7182529, 0.69549042, -0.47033963;
 0, 0, 0, 1]
Ow:
[0.32563257;
 0.070908338;
 0.74006665]
Keyframe: 88 Frame: 938 Frame from vFrameID : 939
Tcw:
[0.99801826, 0.059927478, 0.019189673, 0.32612538;
 -0.029025957, 0.70901394, -0.70459682, 0.070139945;
 -0.055830456, 0.70264351, 0.70934832, 0.74048787;
 0, 0, 0, 1]
Twc:
[0.99801826, -0.029025957, -0.055830456, -0.28210142;
 0.059927478, 0.70901394, 0.70264351, -0.58957309;
 0.019189673, -0.70459682, 0.70934832, -0.48210168;
 0, 0, 0, 1]
Ow:
[0.32612538;
 0.070139945;
 0.74048787]
Keyframe: 89 Frame: 944 Frame from vFrameID : 945
Tcw:
[0.99858892, 0.050868962, -0.015247019, 0.32626194;
 -0.046660289, 0.70337492, -0.70928591, 0.069833517;
 -0.025356265, 0.70899647, 0.70475602, 0.74133652;
 0, 0, 0, 1]
Twc:
[0.99858892, -0.046660289, -0.025356265, -0.3037456;
 0.050868962, 0.70337492, 0.70899647, -0.59132075;
 -0.015247019, -0.70928591, 0.70475602, -0.46795493;
 0, 0, 0, 1]
Ow:
[0.32626194;
 0.069833517;
 0.74133652]
Keyframe: 90 Frame: 950 Frame from vFrameID : 951
Tcw:
[0.99832803, 0.028485123, -0.050296269, 0.32693467;
 -0.055699863, 0.70663315, -0.70538437, 0.069147378;
 0.015448049, 0.70700651, 0.70703828, 0.74222815;
 0, 0, 0, 1]
Twc:
[0.99832803, -0.055699863, 0.015448049, -0.33400252;
