Keyframe: 0 Frame: 0 Frame from vFrameID : 388
Tcw:
[0.99704754, -0.045517787, -0.061841544, 0.093997099;
 -0.010809274, 0.71414614, -0.6999132, 0.0005603577;
 0.076022401, 0.69851518, 0.71154559, -0.0024369203;
 0, 0, 0, 1]
Twc:
[0.99704754, -0.010809274, 0.076022401, -0.093528263;
 -0.045517787, 0.71414614, 0.69851518, 0.0055805892;
 -0.061841544, -0.6999132, 0.71154559, 0.0079391077;
 0, 0, 0, 1]
Ow:
[0.093997099;
 0.0005603577;
 -0.0024369203]
Keyframe: 1 Frame: 387 Frame from vFrameID : 388
Tcw:
[0.99679345, -0.043057252, -0.067445621, 0.0089587644;
 -0.016826967, 0.71124196, -0.70274585, 0.0054021133;
 0.078228459, 0.70162737, 0.70823675, -0.00025228527;
 0, 0, 0, 1]
Twc:
[0.99679345, -0.016826967, 0.078228459, -0.0088194003;
 -0.043057252, 0.71124196, 0.70162737, -0.0032794594;
 -0.067445621, -0.70274585, 0.70823675, 0.00457922;
 0, 0, 0, 1]
Ow:
[0.0089587644;
 0.0054021133;
 -0.00025228527]
