Keyframe: 0 Frame: 0 Frame from vFrameID : 35
Tcw:
[0.99998802, -0.00082465401, 0.004824643, 0.023523791;
 0.0047159661, 0.42620721, -0.90461326, 0.0018217228;
 -0.0013103047, 0.90462518, 0.42620599, -0.086787999;
 0, 0, 0, 1]
Twc:
[0.99998802, 0.0047159661, -0.0013103047, -0.023645818;
 -0.00082465401, 0.42620721, 0.90462518, 0.077753581;
 0.004824643, -0.90461326, 0.42620599, 0.038524028;
 0, 0, 0, 1]
Ow:
[0.023523791;
 0.0018217228;
 -0.086787999]
Keyframe: 1 Frame: 34 Frame from vFrameID : 35
Tcw:
[0.99999779, -0.0017983363, 0.0010974251, 0.027735798;
 0.0017604085, 0.42713162, -0.90418774, 0.0019690394;
 0.0011572887, 0.90418768, 0.42713383, -0.086100832;
 0, 0, 0, 1]
Twc:
[0.99999779, 0.0017604085, 0.0011572887, -0.027639559;
 -0.0017983363, 0.42713162, 0.90418768, 0.077060148;
 0.0010974251, -0.90418774, 0.42713383, 0.03852652;
 0, 0, 0, 1]
Ow:
[0.027735798;
 0.0019690394;
 -0.086100832]
Keyframe: 2 Frame: 36 Frame from vFrameID : 37
Tcw:
[0.99999344, -0.0034663833, 0.0010227542, 0.028348288;
 0.0024233526, 0.43316531, -0.90131122, 0.0034437627;
 0.0026812686, 0.90130782, 0.43317086, -0.088165499;
 0, 0, 0, 1]
Twc:
[0.99999344, 0.0024233526, 0.0026812686, -0.028120052;
 -0.0034663833, 0.43316531, 0.90130782, 0.078070804;
 0.0010227542, -0.90131122, 0.43317086, 0.04126564;
 0, 0, 0, 1]
Ow:
[0.028348288;
 0.0034437627;
 -0.088165499]
Keyframe: 3 Frame: 38 Frame from vFrameID : 39
Tcw:
[0.99998707, -0.0048817801, 0.0014107447, 0.03391353;
 0.0034287856, 0.44332474, -0.8963545, 0.0019680634;
 0.0037503878, 0.89634776, 0.44333574, -0.091629326;
 0, 0, 0, 1]
Twc:
[0.99998707, 0.0034287856, 0.0037503878, -0.033576194;
 -0.0048817801, 0.44332474, 0.89634776, 0.08142481;
 0.0014107447, -0.8963545, 0.44333574, 0.0423388;
 0, 0, 0, 1]
Ow:
[0.03391353;
 0.0019680634;
 -0.091629326]
Keyframe: 4 Frame: 40 Frame from vFrameID : 41
Tcw:
[0.99996489, -0.0080232359, -0.0024135723, 0.037895281;
 0.0014306462, 0.44734985, -0.89435792, 0.0029521435;
 0.008255356, 0.89432305, 0.44734561, -0.091759339;
 0, 0, 0, 1]
Twc:
[0.99996489, 0.0014306462, 0.008255356, -0.037140671;
 -0.0080232359, 0.44734985, 0.89432305, 0.081045888;
 -0.0024135723, -0.89435792, 0.44734561, 0.043779872;
 0, 0, 0, 1]
Ow:
[0.037895281;
 0.0029521435;
 -0.091759339]
Keyframe: 5 Frame: 42 Frame from vFrameID : 43
Tcw:
[0.9998123, -0.016779467, -0.0096848262, 0.048281237;
 -0.0011648963, 0.44692129, -0.8945725, -0.00014891848;
 0.019338805, 0.89441592, 0.44681787, -0.095338576;
 0, 0, 0, 1]
Twc:
[0.9998123, -0.0011648963, 0.019338805, -0.046428613;
 -0.016779467, 0.44692129, 0.89441592, 0.086149029;
 -0.0096848262, -0.8945725, 0.44681787, 0.04293336;
 0, 0, 0, 1]
Ow:
[0.048281237;
 -0.00014891848;
 -0.095338576]
Keyframe: 6 Frame: 44 Frame from vFrameID : 45
Tcw:
[0.99940443, -0.032114286, -0.012629556, 0.045737233;
 0.0032835668, 0.45282212, -0.89159483, 0.0029217042;
 0.034351874, 0.89102232, 0.45265788, -0.098994844;
 0, 0, 0, 1]
Twc:
[0.99940443, 0.0032835668, 0.034351874, -0.042318929;
 -0.032114286, 0.45282212, 0.89102232, 0.088352427;
 -0.012629556, -0.89159483, 0.45265788, 0.047993414;
 0, 0, 0, 1]
Ow:
[0.045737233;
 0.0029217042;
 -0.098994844]
Keyframe: 7 Frame: 47 Frame from vFrameID : 48
Tcw:
[0.99897486, -0.043379106, -0.012942759, 0.05991935;
 0.0080192219, 0.45096555, -0.89250535, 0.0022548698;
 0.044552822, 0.89148659, 0.45085111, -0.096391886;
 0, 0, 0, 1]
Twc:
[0.99897486, 0.0080192219, 0.044552822, -0.055581473;
 -0.043379106, 0.45096555, 0.89148659, 0.087514445;
 -0.012942759, -0.89250535, 0.45085111, 0.046246391;
 0, 0, 0, 1]
Ow:
[0.05991935;
 0.0022548698;
 -0.096391886]
Keyframe: 8 Frame: 49 Frame from vFrameID : 50
Tcw:
[0.99890876, -0.046079535, -0.0076112286, 0.061629165;
 0.013586737, 0.44262928, -0.89660174, -0.0047651865;
 0.044683944, 0.89551997, 0.44277236, -0.093423739;
 0, 0, 0, 1]
Twc:
[0.99890876, 0.013586737, 0.044683944, -0.057322629;
 -0.046079535, 0.44262928, 0.89551997, 0.088611878;
 -0.0076112286, -0.89660174, 0.44277236, 0.037562046;
 0, 0, 0, 1]
Ow:
[0.061629165;
 -0.0047651865;
 -0.093423739]
Keyframe: 9 Frame: 51 Frame from vFrameID : 52
Tcw:
[0.99909908, -0.041466702, -0.0090273358, 0.062915944;
 0.010103779, 0.43902671, -0.89841717, -0.0047392026;
 0.04121764, 0.89751661, 0.43905017, -0.093386881;
 0, 0, 0, 1]
Twc:
[0.99909908, 0.010103779, 0.04121764, -0.058962189;
 -0.041466702, 0.43902671, 0.89751661, 0.088505827;
 -0.0090273358, -0.89841717, 0.43905017, 0.037311707;
 0, 0, 0, 1]
Ow:
[0.062915944;
 -0.0047392026;
 -0.093386881]
Keyframe: 10 Frame: 53 Frame from vFrameID : 54
Tcw:
[0.99943256, -0.03365479, -0.0013676489, 0.049666561;
 0.013192305, 0.42848071, -0.9034546, -0.0050525181;
 0.030991586, 0.90292394, 0.42868158, -0.093154661;
 0, 0, 0, 1]
Twc:
[0.99943256, 0.013192305, 0.030991586, -0.046684716;
 -0.03365479, 0.42848071, 0.90292394, 0.087947994;
 -0.0013676489, -0.9034546, 0.42868158, 0.035436891;
 0, 0, 0, 1]
Ow:
[0.049666561;
 -0.0050525181;
 -0.093154661]
Keyframe: 11 Frame: 55 Frame from vFrameID : 56
Tcw:
[0.9994514, -0.032935075, 0.0034848244, 0.046742082;
 0.017283846, 0.42893398, -0.90317047, -0.0023207515;
 0.028251229, 0.90273523, 0.42926791, -0.091175377;
 0, 0, 0, 1]
Twc:
[0.9994514, 0.017283846, 0.028251229, -0.044100512;
 -0.032935075, 0.42893398, 0.90273523, 0.084842131;
 0.0034848244, -0.90317047, 0.42926791, 0.036879741;
 0, 0, 0, 1]
Ow:
[0.046742082;
 -0.0023207515;
 -0.091175377]
Keyframe: 12 Frame: 57 Frame from vFrameID : 58
Tcw:
[0.99933314, -0.036187258, 0.0048704781, 0.047235418;
 0.020020973, 0.43150532, -0.90188819, -0.0038735699;
 0.030535225, 0.90138429, 0.43194208, -0.088736393;
 0, 0, 0, 1]
Twc:
[0.99933314, 0.020020973, 0.030535225, -0.044416782;
 -0.036187258, 0.43150532, 0.90138429, 0.083366372;
 0.0048704781, -0.90188819, 0.43194208, 0.034605395;
 0, 0, 0, 1]
Ow:
[0.047235418;
 -0.0038735699;
 -0.088736393]
Keyframe: 13 Frame: 59 Frame from vFrameID : 60
Tcw:
[0.99911296, -0.040676415, 0.010893765, 0.047568019;
 0.027393475, 0.4313429, -0.90177208, -0.0028464757;
 0.031981908, 0.90127063, 0.43207455, -0.085041314;
 0, 0, 0, 1]
Twc:
[0.99911296, 0.027393475, 0.031981908, -0.044728067;
 -0.040676415, 0.4313429, 0.90127063, 0.079807937;
 0.010893765, -0.90177208, 0.43207455, 0.033659123;
 0, 0, 0, 1]
Ow:
[0.047568019;
 -0.0028464757;
 -0.085041314]
Keyframe: 14 Frame: 61 Frame from vFrameID : 62
Tcw:
[0.99879605, -0.042081397, 0.025211331, 0.043076664;
 0.041072942, 0.43636161, -0.89883345, -0.0074332822;
 0.02682291, 0.89878678, 0.43756467, -0.080420613;
 0, 0, 0, 1]
Twc:
[0.99879605, 0.041072942, 0.02682291, -0.04056238;
 -0.042081397, 0.43636161, 0.89878678, 0.07733731;
 0.025211331, -0.89883345, 0.43756467, 0.027421914;
 0, 0, 0, 1]
Ow:
[0.043076664;
 -0.0074332822;
 -0.080420613]
Keyframe: 15 Frame: 63 Frame from vFrameID : 64
Tcw:
[0.99868536, -0.037352543, 0.035104729, 0.042214636;
 0.048098959, 0.44610122, -0.8936891, -0.0047182888;
 0.017721297, 0.89420271, 0.44731137, -0.075873323;
 0, 0, 0, 1]
Twc:
[0.99868536, 0.048098959, 0.017721297, -0.040587619;
 -0.037352543, 0.44610122, 0.89420271, 0.071527794;
 0.035104729, -0.8936891, 0.44731137, 0.028240386;
 0, 0, 0, 1]
Ow:
[0.042214636;
 -0.0047182888;
 -0.075873323]
Keyframe: 16 Frame: 65 Frame from vFrameID : 66
Tcw:
[0.9990201, -0.028642798, 0.03374099, 0.059688631;
 0.043080289, 0.45453644, -0.88968575, -0.011527574;
 0.010146581, 0.89026749, 0.45532498, -0.073867679;
 0, 0, 0, 1]
Twc:
[0.9990201, 0.043080289, 0.010146581, -0.058384024;
 -0.028642798, 0.45453644, 0.89026749, 0.072711341;
 0.03374099, -0.88968575, 0.45532498, 0.021363923;
 0, 0, 0, 1]
Ow:
[0.059688631;
 -0.011527574;
 -0.073867679]
Keyframe: 17 Frame: 68 Frame from vFrameID : 69
Tcw:
[0.99942756, -0.018323269, 0.028439941, 0.05930499;
 0.033652391, 0.45203328, -0.89136606, -0.017511481;
 0.0034769401, 0.89181286, 0.45239115, -0.065163538;
 0, 0, 0, 1]
Twc:
[0.99942756, 0.033652391, 0.0034769401, -0.058455165;
 -0.018323269, 0.45203328, 0.89181286, 0.067116112;
 0.028439941, -0.89136606, 0.45239115, 0.012183635;
 0, 0, 0, 1]
Ow:
[0.05930499;
 -0.017511481;
 -0.065163538]
Keyframe: 18 Frame: 72 Frame from vFrameID : 73
Tcw:
[0.99935305, -0.014669973, 0.032837022, 0.066637583;
 0.035950311, 0.43352187, -0.90042567, -0.01612962;
 -0.0010263472, 0.90102363, 0.43376878, -0.051624805;
 0, 0, 0, 1]
Twc:
[0.99935305, 0.035950311, -0.0010263472, -0.066067591;
 -0.014669973, 0.43352187, 0.90102363, 0.054485284;
 0.032837022, -0.90042567, 0.43376878, 0.0056815259;
 0, 0, 0, 1]
Ow:
[0.066637583;
 -0.01612962;
 -0.051624805]
Keyframe: 19 Frame: 77 Frame from vFrameID : 78
Tcw:
[0.99978536, 0.012493773, 0.01652679, 0.0706954;
 0.0094108256, 0.43679598, -0.8995114, -0.032542877;
 -0.018457126, 0.89947385, 0.43658465, -0.036875241;
 0, 0, 0, 1]
Twc:
[0.99978536, 0.0094108256, -0.018457126, -0.071054585;
 0.012493773, 0.43679598, 0.89947385, 0.046499658;
 0.01652679, -0.8995114, 0.43658465, -0.014341894;
 0, 0, 0, 1]
Ow:
[0.0706954;
 -0.032542877;
 -0.036875241]
Keyframe: 20 Frame: 84 Frame from vFrameID : 85
Tcw:
[0.99954671, 0.029590301, 0.0055540707, 0.087312542;
 -0.0076505458, 0.42805898, -0.90371841, -0.043372307;
 -0.029118771, 0.90326625, 0.42809132, -0.01764109;
 0, 0, 0, 1]
Twc:
[0.99954671, -0.0076505458, -0.029118771, -0.088118464;
 0.029590301, 0.42805898, 0.90326625, 0.031916901;
 0.0055540707, -0.90371841, 0.42809132, -0.032129295;
 0, 0, 0, 1]
Ow:
[0.087312542;
 -0.043372307;
 -0.01764109]
Keyframe: 21 Frame: 91 Frame from vFrameID : 92
Tcw:
[0.99748445, 0.055287197, 0.044363391, 0.083517328;
 0.017469333, 0.41481128, -0.90973973, -0.053581543;
 -0.068699397, 0.90822625, 0.41280198, 0.010618433;
 0, 0, 0, 1]
Twc:
[0.99748445, 0.017469333, -0.068699397, -0.081641719;
 0.055287197, 0.41481128, 0.90822625, 0.0079648513;
 0.044363391, -0.90973973, 0.41280198, -0.056833684;
 0, 0, 0, 1]
Ow:
[0.083517328;
 -0.053581543;
 0.010618433]
Keyframe: 22 Frame: 98 Frame from vFrameID : 99
Tcw:
[0.99647146, 0.059178803, 0.059518732, 0.10558897;
 0.02800345, 0.43408015, -0.9004389, -0.071964599;
 -0.079122797, 0.8989284, 0.43089128, 0.033176094;
 0, 0, 0, 1]
Twc:
[0.99647146, 0.02800345, -0.079122797, -0.10057615;
 0.059178803, 0.43408015, 0.8989284, -0.0048331595;
 0.059518732, -0.9004389, 0.43089128, -0.085379533;
 0, 0, 0, 1]
Ow:
[0.10558897;
 -0.071964599;
 0.033176094]
Keyframe: 23 Frame: 105 Frame from vFrameID : 106
Tcw:
[0.99797612, 0.048452634, 0.04118178, 0.11420338;
 0.015594558, 0.44136032, -0.89719445, -0.071485162;
 -0.061647438, 0.89602089, 0.43971148, 0.046309747;
 0, 0, 0, 1]
Twc:
[0.99797612, 0.015594558, -0.061647438, -0.11000259;
 0.048452634, 0.44136032, 0.89602089, -0.015477241;
 0.04118178, -0.89719445, 0.43971148, -0.089202113;
 0, 0, 0, 1]
Ow:
[0.11420338;
 -0.071485162;
 0.046309747]
Keyframe: 24 Frame: 111 Frame from vFrameID : 112
Tcw:
[0.99851376, 0.05445965, 0.0021049744, 0.12182672;
 -0.02203319, 0.4387005, -0.89836317, -0.086498231;
 -0.049847998, 0.8969816, 0.43924841, 0.06161166;
 0, 0, 0, 1]
Twc:
[0.99851376, -0.02203319, -0.049847998, -0.12048028;
 0.05445965, 0.4387005, 0.8969816, -0.023952346;
 0.0021049744, -0.89836317, 0.43924841, -0.1050261;
 0, 0, 0, 1]
Ow:
[0.12182672;
 -0.086498231;
 0.06161166]
Keyframe: 25 Frame: 117 Frame from vFrameID : 118
Tcw:
[0.99875677, 0.049541064, 0.0055291615, 0.12677205;
 -0.015596675, 0.41591331, -0.90927052, -0.086082496;
 -0.04734588, 0.90805387, 0.41616893, 0.081342563;
 0, 0, 0, 1]
Twc:
[0.99875677, -0.015596675, -0.04734588, -0.1241058;
 0.049541064, 0.41591331, 0.90805387, -0.044340994;
 0.0055291615, -0.90927052, 0.41616893, -0.11282546;
 0, 0, 0, 1]
Ow:
[0.12677205;
 -0.086082496;
 0.081342563]
Keyframe: 26 Frame: 124 Frame from vFrameID : 125
Tcw:
[0.99725288, 0.067544147, 0.030405864, 0.12388653;
 -0.00050127134, 0.41663271, -0.90907478, -0.099475555;
 -0.074070752, 0.90656215, 0.41552201, 0.086277433;
 0, 0, 0, 1]
Twc:
[0.99725288, -0.00050127134, -0.074070752, -0.11720543;
 0.067544147, 0.41663271, 0.90656215, -0.045138899;
 0.030405864, -0.90907478, 0.41552201, -0.13004777;
 0, 0, 0, 1]
Ow:
[0.12388653;
 -0.099475555;
 0.086277433]
Keyframe: 27 Frame: 130 Frame from vFrameID : 131
Tcw:
[0.99637049, 0.07709159, 0.036093991, 0.12671363;
 -0.0011127687, 0.43578258, -0.9000513, -0.10183243;
 -0.085115515, 0.89674437, 0.43428668, 0.10796532;
 0, 0, 0, 1]
Twc:
[0.99637049, -0.0011127687, -0.085115515, -0.11717751;
 0.07709159, 0.43578258, 0.89674437, -0.062209044;
 0.036093991, -0.9000513, 0.43428668, -0.14311591;
 0, 0, 0, 1]
Ow:
[0.12671363;
 -0.10183243;
 0.10796532]
Keyframe: 28 Frame: 136 Frame from vFrameID : 137
Tcw:
[0.9977594, 0.066865377, 0.0022872386, 0.15020867;
 -0.027314218, 0.43831193, -0.89840782, -0.11924434;
 -0.061074898, 0.89633232, 0.4391562, 0.12195723;
 0, 0, 0, 1]
Twc:
[0.9977594, -0.027314218, -0.061074898, -0.14568065;
 0.066865377, 0.43831193, 0.89633232, -0.067091748;
 0.0022872386, -0.89840782, 0.4391562, -0.16103189;
 0, 0, 0, 1]
Ow:
[0.15020867;
 -0.11924434;
 0.12195723]
Keyframe: 29 Frame: 143 Frame from vFrameID : 144
Tcw:
[0.99775487, 0.065520667, -0.013867162, 0.16134828;
 -0.041518148, 0.44266596, -0.89572489, -0.12958069;
 -0.052549973, 0.89428961, 0.44439241, 0.1352008;
 0, 0, 0, 1]
Twc:
[0.99775487, -0.041518148, -0.052549973, -0.15926118;
 0.065520667, 0.44266596, 0.89428961, -0.074119352;
 -0.013867162, -0.89572489, 0.44439241, -0.17391342;
 0, 0, 0, 1]
Ow:
[0.16134828;
 -0.12958069;
 0.1352008]
Keyframe: 30 Frame: 150 Frame from vFrameID : 151
Tcw:
[0.99518639, 0.095745221, 0.020902105, 0.16145;
 -0.021740992, 0.42366982, -0.90555573, -0.14087868;
 -0.095558226, 0.90074235, 0.42371204, 0.14915571;
 0, 0, 0, 1]
Twc:
[0.99518639, -0.021740992, -0.095558226, -0.14948264;
 0.095745221, 0.42366982, 0.90074235, -0.090122879;
 0.020902105, -0.90555573, 0.42371204, -0.19414721;
 0, 0, 0, 1]
Ow:
[0.16145;
 -0.14087868;
 0.14915571]
Keyframe: 31 Frame: 157 Frame from vFrameID : 158
Tcw:
[0.99334544, 0.10127656, 0.054844566, 0.16964547;
 0.0053721978, 0.43493024, -0.90044814, -0.14705411;
 -0.11504785, 0.89475065, 0.43149188, 0.15761389;
 0, 0, 0, 1]
Twc:
[0.99334544, 0.0053721978, -0.11504785, -0.14959341;
 0.10127656, 0.43493024, 0.89475065, -0.094247967;
 0.054844566, -0.90044814, 0.43149188, -0.20972784;
 0, 0, 0, 1]
Ow:
[0.16964547;
 -0.14705411;
 0.15761389]
Keyframe: 32 Frame: 165 Frame from vFrameID : 166
Tcw:
[0.99552375, 0.090313777, 0.027854268, 0.18196882;
 -0.013963687, 0.43203521, -0.90174866, -0.15393503;
 -0.093474351, 0.89732325, 0.43136242, 0.17467523;
 0, 0, 0, 1]
Twc:
[0.99552375, -0.013963687, -0.093474351, -0.16697614;
 0.090313777, 0.43203521, 0.89732325, -0.10666908;
 0.027854268, -0.90174866, 0.43136242, -0.21922763;
 0, 0, 0, 1]
Ow:
[0.18196882;
 -0.15393503;
 0.17467523]
Keyframe: 33 Frame: 172 Frame from vFrameID : 173
Tcw:
[0.99679959, 0.079940684, 0.00011899533, 0.19531403;
 -0.036562882, 0.45723408, -0.88859445, -0.16508856;
 -0.07108926, 0.8857463, 0.45869362, 0.18893638;
 0, 0, 0, 1]
Twc:
[0.99679959, -0.036562882, -0.07108926, -0.18729372;
 0.079940684, 0.45723408, 0.8857463, -0.10747913;
 0.00011899533, -0.88859445, 0.45869362, -0.23338394;
 0, 0, 0, 1]
Ow:
[0.19531403;
 -0.16508856;
 0.18893638]
Keyframe: 34 Frame: 180 Frame from vFrameID : 181
Tcw:
[0.99674308, 0.079826728, 0.011439523, 0.19756043;
 -0.026892098, 0.46276209, -0.88607454, -0.16618744;
 -0.076026209, 0.88288105, 0.46340162, 0.20348346;
 0, 0, 0, 1]
Twc:
[0.99674308, -0.026892098, -0.076026209, -0.18591605;
 0.079826728, 0.46276209, 0.88288105, -0.11851705;
 0.011439523, -0.88607454, 0.46340162, -0.24380903;
 0, 0, 0, 1]
Ow:
[0.19756043;
 -0.16618744;
 0.20348346]
Keyframe: 35 Frame: 187 Frame from vFrameID : 188
Tcw:
[0.99705458, 0.075453065, 0.013748843, 0.20407848;
 -0.01932822, 0.42067924, -0.90700352, -0.16477549;
 -0.074220046, 0.90406626, 0.42089853, 0.21768498;
 0, 0, 0, 1]
Twc:
[0.99705458, -0.01932822, -0.074220046, -0.19050559;
 0.075453065, 0.42067924, 0.90406626, -0.14288236;
 0.013748843, -0.90700352, 0.42089853, -0.24388109;
 0, 0, 0, 1]
Ow:
[0.20407848;
 -0.16477549;
 0.21768498]
Keyframe: 36 Frame: 195 Frame from vFrameID : 196
Tcw:
[0.99754578, 0.069408946, 0.0092095751, 0.21247564;
 -0.023088219, 0.45025921, -0.89259934, -0.16085699;
 -0.066101074, 0.89019608, 0.4507567, 0.23493561;
 0, 0, 0, 1]
Twc:
[0.99754578, -0.023088219, -0.066101074, -0.20013858;
 0.069408946, 0.45025921, 0.89019608, -0.15145913;
 0.0092095751, -0.89259934, 0.4507567, -0.25143644;
 0, 0, 0, 1]
Ow:
[0.21247564;
 -0.16085699;
 0.23493561]
Keyframe: 37 Frame: 203 Frame from vFrameID : 204
Tcw:
[0.99693781, 0.074091144, -0.025011119, 0.22878079;
 -0.055490643, 0.44491854, -0.89385027, -0.15840897;
 -0.055098478, 0.892501, 0.44766748, 0.24276978;
 0, 0, 0, 1]
Twc:
[0.99693781, -0.055490643, -0.055098478, -0.22349419;
 0.074091144, 0.44491854, 0.892501, -0.16314378;
 -0.025011119, -0.89385027, 0.44766748, -0.24455196;
 0, 0, 0, 1]
Ow:
[0.22878079;
 -0.15840897;
 0.24276978]
Keyframe: 38 Frame: 211 Frame from vFrameID : 212
Tcw:
[0.99827135, 0.057993174, -0.0095442636, 0.23536341;
 -0.033968069, 0.43677053, -0.89893138, -0.16204575;
 -0.047963232, 0.89770168, 0.43798542, 0.26198035;
 0, 0, 0, 1]
Twc:
[0.99827135, -0.033968069, -0.047963232, -0.22789551;
 0.057993174, 0.43677053, 0.89770168, -0.17805286;
 -0.0095442636, -0.89893138, 0.43798542, -0.25816524;
 0, 0, 0, 1]
Ow:
[0.23536341;
 -0.16204575;
 0.26198035]
Keyframe: 39 Frame: 219 Frame from vFrameID : 220
Tcw:
[0.99867231, 0.05078464, 0.0086305467, 0.24915195;
 -0.01425358, 0.43342701, -0.90107596, -0.15799612;
 -0.049501531, 0.89975661, 0.43357542, 0.27545336;
 0, 0, 0, 1]
Twc:
[0.99867231, -0.01425358, -0.049501531, -0.23743781;
 0.05078464, 0.43342701, 0.89975661, -0.19201428;
 0.0086305467, -0.90107596, 0.43357542, -0.26394662;
 0, 0, 0, 1]
Ow:
[0.24915195;
 -0.15799612;
 0.27545336]
Keyframe: 40 Frame: 226 Frame from vFrameID : 227
Tcw:
[0.99886626, 0.047491841, -0.0032770403, 0.26191646;
 -0.023880238, 0.44032732, -0.89751971, -0.15197031;
 -0.041181892, 0.8965804, 0.44096223, 0.28900546;
 0, 0, 0, 1]
Twc:
[0.99886626, -0.023880238, -0.041181892, -0.2533468;
 0.047491841, 0.44032732, 0.8965804, -0.20463885;
 -0.0032770403, -0.89751971, 0.44096223, -0.26297852;
 0, 0, 0, 1]
Ow:
[0.26191646;
 -0.15197031;
 0.28900546]
Keyframe: 41 Frame: 233 Frame from vFrameID : 234
Tcw:
[0.99887598, 0.039384138, -0.026375428, 0.273967;
 -0.041003175, 0.43877947, -0.89765882, -0.14977804;
 -0.023780523, 0.8977313, 0.43990114, 0.3030484;
 0, 0, 0, 1]
Twc:
[0.99887598, -0.041003175, -0.023780523, -0.2725938;
 0.039384138, 0.43877947, 0.8977313, -0.21712646;
 -0.026375428, -0.89765882, 0.43990114, -0.26053491;
 0, 0, 0, 1]
Ow:
[0.273967;
 -0.14977804;
 0.3030484]
Keyframe: 42 Frame: 241 Frame from vFrameID : 242
Tcw:
[0.9988634, 0.037739128, -0.029113734, 0.28456366;
 -0.042865265, 0.44415271, -0.89492512, -0.15724991;
 -0.020842748, 0.89515591, 0.44526562, 0.32291427;
 0, 0, 0, 1]
Twc:
[0.9988634, -0.042865265, -0.020842748, -0.28425041;
 0.037739128, 0.44415271, 0.89515591, -0.22995482;
 -0.029113734, -0.89492512, 0.44526562, -0.27622479;
 0, 0, 0, 1]
Ow:
[0.28456366;
 -0.15724991;
 0.32291427]
Keyframe: 43 Frame: 249 Frame from vFrameID : 250
Tcw:
[0.99950641, 0.025199119, -0.018760316, 0.29212049;
 -0.027612001, 0.41982949, -0.90718287, -0.14898093;
 -0.014984076, 0.90725309, 0.42031807, 0.34786794;
 0, 0, 0, 1]
Twc:
[0.99950641, -0.027612001, -0.014984076, -0.29087749;
 0.025199119, 0.41982949, 0.90725309, -0.26041886;
 -0.018760316, -0.90718287, 0.42031807, -0.27588785;
 0, 0, 0, 1]
Ow:
[0.29212049;
 -0.14898093;
 0.34786794]
Keyframe: 44 Frame: 256 Frame from vFrameID : 257
Tcw:
[0.99966109, 0.022241838, -0.013528747, 0.30112702;
 -0.021719946, 0.42608306, -0.9044233, -0.14246953;
 -0.014351666, 0.9044106, 0.42642173, 0.37017229;
 0, 0, 0, 1]
Twc:
[0.99966109, -0.021719946, -0.014351666, -0.29880679;
 0.022241838, 0.42608306, 0.9044106, -0.28078151;
 -0.013528747, -0.9044233, 0.42642173, -0.28262842;
 0, 0, 0, 1]
Ow:
[0.30112702;
 -0.14246953;
 0.37017229]
Keyframe: 45 Frame: 263 Frame from vFrameID : 264
Tcw:
[0.99836993, 0.01614989, -0.054741275, 0.31189293;
 -0.056626793, 0.40010566, -0.91471791, -0.13834524;
 0.007129699, 0.9163267, 0.40036798, 0.3886297;
 0, 0, 0, 1]
Twc:
[0.99836993, -0.056626793, 0.007129699, -0.32198942;
 0.01614989, 0.40010566, 0.9163267, -0.30579612;
 -0.054741275, -0.91471791, 0.40036798, -0.26506835;
 0, 0, 0, 1]
Ow:
[0.31189293;
 -0.13834524;
 0.3886297]
Keyframe: 46 Frame: 270 Frame from vFrameID : 271
Tcw:
[0.99850023, 0.0050310674, -0.054516062, 0.31577635;
 -0.05152471, 0.42297077, -0.90467727, -0.14236216;
 0.018507207, 0.90612936, 0.42259562, 0.40931916;
 0, 0, 0, 1]
Twc:
[0.99850023, -0.05152471, 0.018507207, -0.33021328;
 0.0050310674, 0.42297077, 0.90612936, -0.31226978;
 -0.054516062, -0.90467727, 0.42259562, -0.28455341;
 0, 0, 0, 1]
Ow:
[0.31577635;
 -0.14236216;
 0.40931916]
Keyframe: 47 Frame: 277 Frame from vFrameID : 278
Tcw:
[0.99957252, -0.0066892817, -0.028460763, 0.31998333;
 -0.02281387, 0.4303202, -0.90238798, -0.14317764;
 0.018283568, 0.90265155, 0.42998365, 0.43064916;
 0, 0, 0, 1]
Twc:
[0.99957252, -0.02281387, 0.018283568, -0.3309868;
 -0.0066892817, 0.4303202, 0.90265155, -0.32497343;
 -0.028460763, -0.90238798, 0.42998365, -0.30526692;
 0, 0, 0, 1]
Ow:
[0.31998333;
 -0.14317764;
 0.43064916]
Keyframe: 48 Frame: 285 Frame from vFrameID : 286
Tcw:
[0.99996614, -0.0082220593, 0.00024025454, 0.3281872;
 0.0038341677, 0.44007227, -0.89795417, -0.14341235;
 0.0072773034, 0.89792472, 0.44008893, 0.47124058;
 0, 0, 0, 1]
Twc:
[0.99996614, 0.0038341677, 0.0072773034, -0.33105558;
 -0.0082220593, 0.44007227, 0.89792472, -0.35732836;
 0.00024025454, -0.89795417, 0.44008893, -0.33624431;
 0, 0, 0, 1]
Ow:
[0.3281872;
 -0.14341235;
 0.47124058]
Keyframe: 49 Frame: 293 Frame from vFrameID : 294
Tcw:
[0.99958855, -0.013748853, -0.025172656, 0.34116086;
 -0.016751593, 0.43255898, -0.90144998, -0.13619591;
 0.023282561, 0.90150082, 0.43215069, 0.49597907;
 0, 0, 0, 1]
Twc:
[0.99958855, -0.016751593, 0.023282561, -0.35484967;
 -0.013748853, 0.43255898, 0.90150082, -0.38352218;
 -0.025172656, -0.90144998, 0.43215069, -0.32852358;
 0, 0, 0, 1]
Ow:
[0.34116086;
 -0.13619591;
 0.49597907]
Keyframe: 50 Frame: 300 Frame from vFrameID : 301
Tcw:
[0.99880618, -0.0017047848, -0.048819285, 0.34516957;
 -0.043282237, 0.43244007, -0.90062326, -0.1478608;
 0.022646785, 0.90166104, 0.43185002, 0.51630557;
 0, 0, 0, 1]
Twc:
[0.99880618, -0.043282237, 0.022646785, -0.36284992;
 -0.0017047848, 0.43244007, 0.90166104, -0.40100327;
 -0.048819285, -0.90062326, 0.43185002, -0.33928251;
 0, 0, 0, 1]
Ow:
[0.34516957;
 -0.1478608;
 0.51630557]
Keyframe: 51 Frame: 308 Frame from vFrameID : 309
Tcw:
[0.99897981, -0.0084844138, -0.044355303, 0.35671559;
 -0.036256358, 0.43487927, -0.89975858, -0.14848036;
 0.026923126, 0.9004488, 0.43412799, 0.53969836;
 0, 0, 0, 1]
Twc:
[0.99897981, -0.036256358, 0.026923126, -0.37626538;
 -0.0084844138, 0.43487927, 0.9004488, -0.4183732;
 -0.044355303, -0.89975858, 0.43412799, -0.35207242;
 0, 0, 0, 1]
Ow:
[0.35671559;
 -0.14848036;
 0.53969836]
Keyframe: 52 Frame: 315 Frame from vFrameID : 316
Tcw:
[0.99958372, -0.0054055965, -0.028339447, 0.36644387;
 -0.023559114, 0.41404805, -0.90995008, -0.14774455;
 0.016652716, 0.91023898, 0.41374835, 0.54832172;
 0, 0, 0, 1]
Twc:
[0.99958372, -0.023559114, 0.016652716, -0.37890312;
 -0.0054055965, 0.41404805, 0.91023898, -0.43594959;
 -0.028339447, -0.90995008, 0.41374835, -0.35092255;
 0, 0, 0, 1]
Ow:
[0.36644387;
 -0.14774455;
 0.54832172]
Keyframe: 53 Frame: 322 Frame from vFrameID : 323
Tcw:
[0.99985898, -0.012049614, -0.011700124, 0.36938474;
 -0.0055318121, 0.42149213, -0.90681517, -0.14921586;
 0.015858283, 0.90675199, 0.42136604, 0.57301962;
 0, 0, 0, 1]
Twc:
[0.99985898, -0.0055318121, 0.015858283, -0.37924519;
 -0.012049614, 0.42149213, 0.90675199, -0.45224246;
 -0.011700124, -0.90681517, 0.42136604, -0.37244037;
 0, 0, 0, 1]
Ow:
[0.36938474;
 -0.14921586;
 0.57301962]
Keyframe: 54 Frame: 328 Frame from vFrameID : 329
Tcw:
[0.99969614, -0.011204299, -0.021956569, 0.37966263;
 -0.015178155, 0.42205539, -0.906443, -0.14995405;
 0.019422946, 0.90650082, 0.42175707, 0.58591938;
 0, 0, 0, 1]
Twc:
[0.99969614, -0.015178155, 0.019422946, -0.39320359;
 -0.011204299, 0.42205539, 0.90650082, -0.46359363;
 -0.021956569, -0.906443, 0.42175707, -0.37470433;
 0, 0, 0, 1]
Ow:
[0.37966263;
 -0.14995405;
 0.58591938]
Keyframe: 55 Frame: 335 Frame from vFrameID : 336
Tcw:
[0.99988389, -0.0059833908, -0.014013296, 0.38262159;
 -0.010089006, 0.42921948, -0.90314388, -0.15550475;
 0.011418642, 0.90318042, 0.42910928, 0.60679442;
 0, 0, 0, 1]
Twc:
[0.99988389, -0.010089006, 0.011418642, -0.39107484;
 -0.0059833908, 0.42921948, 0.90318042, -0.47900981;
 -0.014013296, -0.90314388, 0.42910928, -0.39546248;
 0, 0, 0, 1]
Ow:
[0.38262159;
 -0.15550475;
 0.60679442]
Keyframe: 56 Frame: 342 Frame from vFrameID : 343
Tcw:
[0.99997574, -0.002404751, -0.0065341513, 0.39154965;
 -0.0047317753, 0.45372793, -0.89112771, -0.15654275;
 0.0051076668, 0.891137, 0.45370555, 0.61628377;
 0, 0, 0, 1]
Twc:
[0.99997574, -0.0047317753, 0.0051076668, -0.39542866;
 -0.002404751, 0.45372793, 0.891137, -0.4772239;
 -0.0065341513, -0.89112771, 0.45370555, -0.41655251;
 0, 0, 0, 1]
Ow:
[0.39154965;
 -0.15654275;
 0.61628377]
Keyframe: 57 Frame: 350 Frame from vFrameID : 351
Tcw:
[0.99980885, 0.0061712377, 0.018553397, 0.38980401;
 0.014179339, 0.42452595, -0.90530473, -0.1547839;
 -0.013463249, 0.90539473, 0.4243573, 0.63969564;
 0, 0, 0, 1]
Twc:
[0.99980885, 0.014179339, -0.013463249, -0.37892234;
 0.0061712377, 0.42452595, 0.90539473, -0.51587284;
 0.018553397, -0.90530473, 0.4243573, -0.41881827;
 0, 0, 0, 1]
Ow:
[0.38980401;
 -0.1547839;
 0.63969564]
Keyframe: 58 Frame: 359 Frame from vFrameID : 360
Tcw:
[0.99964952, -0.0022651642, -0.026375461, 0.40223438;
 -0.022891684, 0.42642391, -0.90423375, -0.15166265;
 0.013295365, 0.90452063, 0.42622259, 0.6521982;
 0, 0, 0, 1]
Twc:
[0.99964952, -0.022891684, 0.013295365, -0.41423643;
 -0.0022651642, 0.42642391, 0.90452063, -0.52434295;
 -0.026375461, -0.90423375, 0.42622259, -0.40451095;
 0, 0, 0, 1]
Ow:
[0.40223438;
 -0.15166265;
 0.6521982]
Keyframe: 59 Frame: 366 Frame from vFrameID : 367
Tcw:
[0.99875158, -0.022808081, -0.044442113, 0.40833977;
 -0.029343825, 0.45211607, -0.89147627, -0.1491964;
 0.040425859, 0.89166743, 0.45088238, 0.66129434;
 0, 0, 0, 1]
Twc:
[0.99875158, -0.029343825, 0.040425859, -0.43894136;
 -0.022808081, 0.45211607, 0.89166743, -0.51288712;
 -0.044442113, -0.89147627, 0.45088238, -0.41302353;
 0, 0, 0, 1]
Ow:
[0.40833977;
 -0.1491964;
 0.66129434]
Keyframe: 60 Frame: 374 Frame from vFrameID : 375
Tcw:
[0.99974573, -0.015835268, -0.016052147, 0.40287155;
 -0.0077125807, 0.42880806, -0.90336269, -0.1551663;
 0.021188281, 0.90325683, 0.42857692, 0.68286073;
 0, 0, 0, 1]
Twc:
[0.99974573, -0.0077125807, 0.021188281, -0.4184345;
 -0.015835268, 0.42880806, 0.90325683, -0.54388249;
 -0.016052147, -0.90336269, 0.42857692, -0.42636284;
 0, 0, 0, 1]
Ow:
[0.40287155;
 -0.1551663;
 0.68286073]
Keyframe: 61 Frame: 380 Frame from vFrameID : 381
Tcw:
[0.99999684, -0.0024176671, -0.0006677187, 0.40391621;
 0.00039796307, 0.41578406, -0.90946329, -0.16220775;
 0.0024764063, 0.90946013, 0.4157837, 0.68887168;
 0, 0, 0, 1]
Twc:
[0.99999684, 0.00039796307, 0.0024764063, -0.40555629;
 -0.0024176671, 0.41578406, 0.90946013, -0.55808145;
 -0.0006677187, -0.90946329, 0.4157837, -0.43367392;
 0, 0, 0, 1]
Ow:
[0.40391621;
 -0.16220775;
 0.68887168]
Keyframe: 62 Frame: 387 Frame from vFrameID : 388
Tcw:
[0.99999493, 0.0028617163, -0.0013726368, 0.40904748;
 -0.0024780857, 0.43375775, -0.90102613, -0.1661226;
 -0.0019830894, 0.901025, 0.43376267, 0.70076901;
 0, 0, 0, 1]
Twc:
[0.99999493, -0.0024780857, -0.0019830894, -0.40806741;
 0.0028617163, 0.43375775, 0.901025, -0.56052399;
 -0.0013726368, -0.90102613, 0.43376267, -0.45308673;
 0, 0, 0, 1]
Ow:
[0.40904748;
 -0.1661226;
 0.70076901]
Keyframe: 63 Frame: 394 Frame from vFrameID : 395
Tcw:
[0.99984473, -0.0039506904, -0.017173799, 0.40681362;
 -0.013816956, 0.42914021, -0.9031322, -0.16748506;
 0.010937964, 0.90322924, 0.42901897, 0.70942605;
 0, 0, 0, 1]
Twc:
[0.99984473, -0.013816956, 0.010937964, -0.41682425;
 -0.0039506904, 0.42914021, 0.90322924, -0.56729257;
 -0.017173799, -0.9031322, 0.42901897, -0.44863185;
 0, 0, 0, 1]
Ow:
[0.40681362;
 -0.16748506;
 0.70942605]
Keyframe: 64 Frame: 403 Frame from vFrameID : 404
Tcw:
[0.9997769, 0.016925236, -0.012635318, 0.41304129;
 -0.018794868, 0.43995988, -0.89782071, -0.17540666;
 -0.0096367942, 0.8978579, 0.44017985, 0.72100413;
 0, 0, 0, 1]
Twc:
[0.9997769, -0.018794868, -0.0096367942, -0.40929773;
 0.016925236, 0.43995988, 0.8978579, -0.57717818;
 -0.012635318, -0.89782071, 0.44017985, -0.46963632;
 0, 0, 0, 1]
Ow:
[0.41304129;
 -0.17540666;
 0.72100413]
Keyframe: 65 Frame: 412 Frame from vFrameID : 413
Tcw:
[0.9993242, 0.034664936, 0.012226271, 0.41830286;
 -0.0035464962, 0.42199251, -0.90659237, -0.17712879;
 -0.036586363, 0.90593636, 0.42183027, 0.72741127;
 0, 0, 0, 1]
Twc:
[0.9993242, -0.0035464962, -0.036586363, -0.39203504;
 0.034664936, 0.42199251, 0.90593636, -0.59874171;
 0.012226271, -0.90659237, 0.42183027, -0.47254199;
 0, 0, 0, 1]
Ow:
[0.41830286;
 -0.17712879;
 0.72741127]
Keyframe: 66 Frame: 421 Frame from vFrameID : 422
Tcw:
[0.99979138, 0.019745221, 0.0052270391, 0.41820529;
 -0.0041953973, 0.44897282, -0.89353555, -0.17520824;
 -0.019989856, 0.89332724, 0.448962, 0.73724163;
 0, 0, 0, 1]
Twc:
[0.99979138, -0.0041953973, -0.019989856, -0.40411577;
 0.019745221, 0.44897282, 0.89332724, -0.58819181;
 0.0052270391, -0.89353555, 0.448962, -0.48973423;
 0, 0, 0, 1]
Ow:
[0.41820529;
 -0.17520824;
 0.73724163]
Keyframe: 67 Frame: 430 Frame from vFrameID : 431
Tcw:
[0.99929523, 0.0026261969, -0.037445769, 0.41765869;
 -0.034765892, 0.44096106, -0.89685267, -0.15797263;
 0.014156814, 0.89752239, 0.44074157, 0.74990666;
 0, 0, 0, 1]
Twc:
[0.99929523, -0.034765892, 0.014156814, -0.43347269;
 0.0026261969, 0.44096106, 0.89752239, -0.60449511;
 -0.037445769, -0.89685267, 0.44074157, -0.45655367;
 0, 0, 0, 1]
Ow:
[0.41765869;
 -0.15797263;
 0.74990666]
Keyframe: 68 Frame: 437 Frame from vFrameID : 438
Tcw:
[0.99840367, -0.016993588, -0.053863935, 0.41769487;
 -0.040502723, 0.44926021, -0.8924824, -0.15602732;
 0.0393654, 0.89323932, 0.44785476, 0.7581116;
 0, 0, 0, 1]
Twc:
[0.99840367, -0.040502723, 0.0393654, -0.45319101;
 -0.016993588, 0.44926021, 0.89323932, -0.59998012;
 -0.053863935, -0.8924824, 0.44785476, -0.45627683;
 0, 0, 0, 1]
Ow:
[0.41769487;
 -0.15602732;
 0.7581116]
Keyframe: 69 Frame: 446 Frame from vFrameID : 447
Tcw:
[0.9997434, -0.016498439, -0.015522555, 0.41936597;
 -0.006960948, 0.42833728, -0.90359211, -0.15230021;
 0.021556748, 0.90346831, 0.42811251, 0.76958883;
 0, 0, 0, 1]
Twc:
[0.9997434, -0.006960948, 0.021556748, -0.43690833;
 -0.016498439, 0.42833728, 0.90346831, -0.62314439;
 -0.015522555, -0.90359211, 0.42811251, -0.46057826;
 0, 0, 0, 1]
Ow:
[0.41936597;
 -0.15230021;
 0.76958883]
Keyframe: 70 Frame: 455 Frame from vFrameID : 456
Tcw:
[0.99993783, -0.011110793, -0.00093718444, 0.42283943;
 0.0040425109, 0.43957576, -0.8981964, -0.15387449;
 0.010391638, 0.89813679, 0.43959334, 0.78249371;
 0, 0, 0, 1]
Twc:
[0.99993783, 0.0040425109, 0.010391638, -0.43032253;
 -0.011110793, 0.43957576, 0.89813679, -0.63044882;
 -0.00093718444, -0.8981964, 0.43959334, -0.48179227;
 0, 0, 0, 1]
Ow:
[0.42283943;
 -0.15387449;
 0.78249371]
Keyframe: 71 Frame: 464 Frame from vFrameID : 465
Tcw:
[0.99889332, -0.020558178, -0.042301733, 0.42867973;
 -0.029523432, 0.42606005, -0.90421301, -0.14845958;
 0.036612049, 0.90446126, 0.42498159, 0.79191381;
 0, 0, 0, 1]
Twc:
[0.99889332, -0.029523432, 0.036612049, -0.46158198;
 -0.020558178, 0.42606005, 0.90446126, -0.64418977;
 -0.042301733, -0.90421301, 0.42498159, -0.452654;
 0, 0, 0, 1]
Ow:
[0.42867973;
 -0.14845958;
 0.79191381]
Keyframe: 72 Frame: 473 Frame from vFrameID : 474
Tcw:
[0.99995685, -0.0092349704, 0.00098898588, 0.42270604;
 0.0049349824, 0.4380905, -0.89891732, -0.15403387;
 0.0078682099, 0.8988834, 0.43811721, 0.80517089;
 0, 0, 0, 1]
Twc:
[0.99995685, 0.0049349824, 0.0078682099, -0.42826292;
 -0.0092349704, 0.4380905, 0.8988834, -0.65237033;
 0.00098898588, -0.89891732, 0.43811721, -0.49164096;
 0, 0, 0, 1]
Ow:
[0.42270604;
 -0.15403387;
 0.80517089]
Keyframe: 73 Frame: 480 Frame from vFrameID : 481
Tcw:
[0.9995535, 0.0054967189, 0.029368874, 0.41954705;
 0.024056088, 0.43493742, -0.90013927, -0.15197417;
 -0.017721435, 0.90044391, 0.43461099, 0.81604898;
 0, 0, 0, 1]
Twc:
[0.9995535, 0.024056088, -0.017721435, -0.40124229;
 0.0054967189, 0.43493742, 0.90044391, -0.67101324;
 0.029368874, -0.90013927, 0.43461099, -0.50378346;
 0, 0, 0, 1]
Ow:
[0.41954705;
 -0.15197417;
 0.81604898]
Keyframe: 74 Frame: 489 Frame from vFrameID : 490
Tcw:
[0.99982542, 0.01868167, -0.00039181075, 0.41902807;
 -0.0083150454, 0.42603987, -0.90466619, -0.14719304;
 -0.016733747, 0.90451145, 0.42612085, 0.8266263;
 0, 0, 0, 1]
Twc:
[0.99982542, -0.0083150454, -0.016733747, -0.40634623;
 0.01868167, 0.42603987, 0.90451145, -0.69281101;
 -0.00039181075, -0.90466619, 0.42612085, -0.48523909;
 0, 0, 0, 1]
Ow:
[0.41902807;
 -0.14719304;
 0.8266263]
Keyframe: 75 Frame: 498 Frame from vFrameID : 499
Tcw:
[0.99865967, -0.0011407238, -0.05174569, 0.41965604;
 -0.047220226, 0.38929293, -0.91990286, -0.14561048;
 0.021193586, 0.92111331, 0.38871726, 0.83746952;
 0, 0, 0, 1]
Twc:
[0.99865967, -0.047220226, 0.021193586, -0.44371831;
 -0.0011407238, 0.38929293, 0.92111331, -0.71424049;
 -0.05174569, -0.91990286, 0.38871726, -0.43777096;
 0, 0, 0, 1]
Ow:
[0.41965604;
 -0.14561048;
 0.83746952]
Keyframe: 76 Frame: 506 Frame from vFrameID : 507
Tcw:
[0.99859345, -0.0051417737, -0.052769631, 0.42557254;
 -0.045593426, 0.42471731, -0.90417725, -0.1456421;
 0.02706125, 0.90531141, 0.42388549, 0.84842426;
 0, 0, 0, 1]
Twc:
[0.99859345, -0.045593426, 0.02706125, -0.45457372;
 -0.0051417737, 0.42471731, 0.90531141, -0.70404327;
 -0.052769631, -0.90417725, 0.42388549, -0.4688637;
 0, 0, 0, 1]
Ow:
[0.42557254;
 -0.1456421;
 0.84842426]
Keyframe: 77 Frame: 514 Frame from vFrameID : 515
Tcw:
[0.99977261, 0.017404323, 0.012319975, 0.42302889;
 0.0041073081, 0.40976503, -0.91218185, -0.15220371;
 -0.020924203, 0.91202503, 0.40960038, 0.86156589;
 0, 0, 0, 1]
Twc:
[0.99977261, 0.0041073081, -0.020924203, -0.40427998;
 0.017404323, 0.40976503, 0.91202503, -0.73076445;
 0.012319975, -0.91218185, 0.40960038, -0.49694687;
 0, 0, 0, 1]
Ow:
[0.42302889;
 -0.15220371;
 0.86156589]
Keyframe: 78 Frame: 522 Frame from vFrameID : 523
Tcw:
[0.99976557, 0.014757236, 0.015842391, 0.43283355;
 0.0079341801, 0.43109715, -0.90227062, -0.15464339;
 -0.02014463, 0.90218484, 0.43087903, 0.87300766;
 0, 0, 0, 1]
Twc:
[0.99976557, 0.0079341801, -0.02014463, -0.41391873;
 0.014757236, 0.43109715, 0.90218484, -0.72733533;
 0.015842391, -0.90227062, 0.43087903, -0.52254796;
 0, 0, 0, 1]
Ow:
[0.43283355;
 -0.15464339;
 0.87300766]
Keyframe: 79 Frame: 532 Frame from vFrameID : 533
Tcw:
[0.99890631, -0.016412063, -0.043781452, 0.43932608;
 -0.032097343, 0.44018418, -0.89733362, -0.15760157;
 0.033999, 0.89775747, 0.43917599, 0.87956238;
 0, 0, 0, 1]
Twc:
[0.99890631, -0.032097343, 0.033999, -0.47380844;
 -0.016412063, 0.44018418, 0.89775747, -0.71304977;
 -0.043781452, -0.89733362, 0.43917599, -0.50846952;
 0, 0, 0, 1]
Ow:
[0.43932608;
 -0.15760157;
 0.87956238]
Keyframe: 80 Frame: 541 Frame from vFrameID : 542
Tcw:
[0.99995726, 0.007763566, 0.0050253086, 0.41775212;
 0.0011554505, 0.43425259, -0.90079039, -0.13315412;
 -0.0091755986, 0.90075767, 0.43422505, 0.89535594;
 0, 0, 0, 1]
Twc:
[0.99995726, 0.0011554505, -0.0091755986, -0.40936494;
 0.007763566, 0.43425259, 0.90075767, -0.75191945;
 0.0050253086, -0.90079039, 0.43422505, -0.51082927;
 0, 0, 0, 1]
Ow:
[0.41775212;
 -0.13315412;
 0.89535594]
Keyframe: 81 Frame: 548 Frame from vFrameID : 549
Tcw:
[0.99843717, 0.029477431, 0.047479205, 0.40904713;
 0.029451044, 0.44450259, -0.8952933, -0.12443203;
 -0.047495574, 0.8952924, 0.44293979, 0.90067732;
 0, 0, 0, 1]
Twc:
[0.99843717, 0.029451044, -0.047495574, -0.361965;
 0.029477431, 0.44450259, 0.8952924, -0.76311684;
 0.047479205, -0.8952933, 0.44293979, -0.5297702;
 0, 0, 0, 1]
Ow:
[0.40904713;
 -0.12443203;
 0.90067732]
Keyframe: 82 Frame: 556 Frame from vFrameID : 557
Tcw:
[0.99980599, 0.015337897, 0.012359471, 0.41704237;
 0.0046242359, 0.42715609, -0.90416604, -0.12608853;
 -0.01914743, 0.90404779, 0.42700228, 0.90442812;
 0, 0, 0, 1]
Twc:
[0.99980599, 0.0046242359, -0.01914743, -0.39906093;
 0.015337897, 0.42715609, 0.90404779, -0.77018338;
 0.012359471, -0.90416604, 0.42700228, -0.50535232;
 0, 0, 0, 1]
Ow:
[0.41704237;
 -0.12608853;
 0.90442812]
Keyframe: 83 Frame: 563 Frame from vFrameID : 564
Tcw:
[0.99960887, -0.0070276777, -0.027068343, 0.41965652;
 -0.02165965, 0.41771337, -0.90832067, -0.12264159;
 0.017690193, 0.90855169, 0.4173978, 0.91002893;
 0, 0, 0, 1]
Twc:
[0.99960887, -0.02165965, 0.017690193, -0.43824735;
 -0.0070276777, 0.41771337, 0.90855169, -0.77263004;
 -0.027068343, -0.90832067, 0.4173978, -0.47988254;
 0, 0, 0, 1]
Ow:
[0.41965652;
 -0.12264159;
 0.91002893]
Keyframe: 84 Frame: 572 Frame from vFrameID : 573
Tcw:
[0.99960035, -0.012917117, -0.025145443, 0.41885087;
 -0.017164977, 0.42941535, -0.90294397, -0.11852661;
 0.022461273, 0.90301472, 0.42902201, 0.91035527;
 0, 0, 0, 1]
Twc:
[0.99960035, -0.017164977, 0.022461273, -0.44116572;
 -0.012917117, 0.42941535, 0.90301472, -0.76575673;
 -0.025145443, -0.90294397, 0.42902201, -0.48705316;
 0, 0, 0, 1]
Ow:
[0.41885087;
 -0.11852661;
 0.91035527]
Keyframe: 85 Frame: 579 Frame from vFrameID : 580
Tcw:
[0.99994904, -0.0041401424, -0.0092064636, 0.41477236;
 -0.0066360817, 0.41764629, -0.90858543, -0.11877492;
 0.0076067187, 0.90860027, 0.41759753, 0.91389918;
 0, 0, 0, 1]
Twc:
[0.99994904, -0.0066360817, 0.0076067187, -0.42249119;
 -0.0041401424, 0.41764629, 0.90860027, -0.77904594;
 -0.0092064636, -0.90858543, 0.41759753, -0.48574063;
 0, 0, 0, 1]
Ow:
[0.41477236;
 -0.11877492;
 0.91389918]
Keyframe: 86 Frame: 586 Frame from vFrameID : 587
Tcw:
[0.99988347, -0.010586251, -0.010997985, 0.41515636;
 -0.0054147197, 0.42765567, -0.90392548, -0.11946252;
 0.014272532, 0.9038797, 0.42754853, 0.91688848;
 0, 0, 0, 1]
Twc:
[0.99988347, -0.0054147197, 0.014272532, -0.42884117;
 -0.010586251, 0.42765567, 0.9038797, -0.77327317;
 -0.010997985, -0.90392548, 0.42754853, -0.49543366;
 0, 0, 0, 1]
Ow:
[0.41515636;
 -0.11946252;
 0.91688848]
Keyframe: 87 Frame: 593 Frame from vFrameID : 594
Tcw:
[0.99980104, -0.0080774482, -0.018239278, 0.40975487;
 -0.013216218, 0.41664493, -0.90897322, -0.11140776;
 0.014941487, 0.90903342, 0.41645527, 0.9181788;
 0, 0, 0, 1]
Twc:
[0.99980104, -0.013216218, 0.014941487, -0.42486465;
 -0.0080774482, 0.41664493, 0.90903342, -0.7849279;
 -0.018239278, -0.90897322, 0.41645527, -0.4761734;
 0, 0, 0, 1]
Ow:
[0.40975487;
 -0.11140776;
 0.9181788]
Keyframe: 88 Frame: 600 Frame from vFrameID : 601
Tcw:
[0.99966496, 0.025318779, -0.005373653, 0.40116814;
 -0.015675338, 0.42702475, -0.90410405, -0.10172704;
 -0.020596128, 0.90388542, 0.42727858, 0.92229015;
 0, 0, 0, 1]
Twc:
[0.99966496, -0.015675338, -0.020596128, -0.38363275;
 0.025318779, 0.42702475, 0.90388542, -0.80036169;
 -0.005373653, -0.90410405, 0.42727858, -0.48389089;
 0, 0, 0, 1]
Ow:
[0.40116814;
 -0.10172704;
 0.92229015]
Keyframe: 89 Frame: 607 Frame from vFrameID : 608
Tcw:
[0.99918705, 0.037498578, 0.014802773, 0.39935571;
 -0.0027941098, 0.4307127, -0.90248477, -0.10024053;
 -0.040217638, 0.90170974, 0.43046734, 0.92663944;
 0, 0, 0, 1]
Twc:
[0.99918705, -0.0027941098, -0.040217638, -0.36204386;
 0.037498578, 0.4307127, 0.90170974, -0.80736017;
 0.014802773, -0.90248477, 0.43046734, -0.49526513;
 0, 0, 0, 1]
Ow:
[0.39935571;
 -0.10024053;
 0.92663944]
