Keyframe: 0 Frame: 0 Frame from vFrameID : 144
Tcw:
[0.9111191, -0.29076049, -0.29209638, 1.5085436;
 -0.056324989, 0.61423129, -0.78711337, -2.1187589;
 0.4082762, 0.73360634, 0.54326081, 8.2367916;
 0, 0, 0, 1]
Twc:
[0.9111191, -0.056324989, 0.4082762, -4.856688;
 -0.29076049, 0.61423129, 0.73360634, -4.3025293;
 -0.29209638, -0.78711337, 0.54326081, -5.7017889;
 0, 0, 0, 1]
Ow:
[1.5085436;
 -2.1187589;
 8.2367916]
Keyframe: 1 Frame: 780 Frame from vFrameID : 144
Tcw:
[0.91263556, -0.28655186, -0.2915208, 0.014841141;
 -0.058690608, 0.61391473, -0.78718752, -0.017665235;
 0.40453896, 0.73552483, 0.54346246, 0.072447106;
 0, 0, 0, 1]
Twc:
[0.91263556, -0.058690608, 0.40453896, -0.043889008;
 -0.28655186, 0.61391473, 0.73552483, -0.038188942;
 -0.2915208, -0.78718752, 0.54346246, -0.048951633;
 0, 0, 0, 1]
Ow:
[0.014841141;
 -0.017665235;
 0.072447106]
