Keyframe: 0 Frame: 0 Frame from vFrameID : 120
Tcw:
[0.9925912, -0.012259673, -0.120882, 0.30417213;
 -0.12149957, -0.093743563, -0.98815483, -0.40234688;
 0.00078254624, 0.99552089, -0.094538577, 0.55482566;
 0, 0, 0, 1]
Twc:
[0.9925912, -0.12149957, 0.00078254624, -0.35123771;
 -0.012259673, -0.093743563, 0.99552089, -0.58632892;
 -0.120882, -0.98815483, -0.094538577, -0.30835965;
 0, 0, 0, 1]
Ow:
[0.30417213;
 -0.40234688;
 0.55482566]
Keyframe: 1 Frame: 278 Frame from vFrameID : 120
Tcw:
[0.08082132, 0.56863672, 0.8186087, 0.0032869095;
 -0.83843493, -0.40532506, 0.36433294, -0.0045902259;
 0.53897572, -0.71579599, 0.44400594, 0.0059283827;
 0, 0, 0, 1]
Twc:
[0.08082132, -0.83843493, 0.53897572, -0.0073095118;
 0.56863672, -0.40532506, -0.71579599, 0.00051392161;
 0.8186087, 0.36433294, 0.44400594, -0.0036505596;
 0, 0, 0, 1]
Ow:
[0.0032869095;
 -0.0045902259;
 0.0059283827]
