Keyframe: 0 Frame: 0 Frame from vFrameID : 144
Tcw:
[0.9241209, -0.2873053, -0.25190529, 1.5225234;
 -0.033136241, 0.59652233, -0.80191213, -2.1177688;
 0.38066074, 0.74941093, 0.54173851, 7.7488918;
 0, 0, 0, 1]
Twc:
[0.9241209, -0.033136241, 0.38066074, -4.4268694;
 -0.2873053, 0.59652233, 0.74941093, -4.106379;
 -0.25190529, -0.80191213, 0.54173851, -5.5126061;
 0, 0, 0, 1]
Ow:
[1.5225234;
 -2.1177688;
 7.7488918]
Keyframe: 1 Frame: 741 Frame from vFrameID : 144
Tcw:
[0.9227078, -0.28333065, -0.26140776, -nan;
 -0.041112527, 0.60190916, -0.79750556, -nan;
 0.3833015, 0.74661177, 0.54373783, inf;
 0, 0, 0, 1]
Twc:
[0.9227078, -0.041112527, 0.3833015, -inf;
 -0.28333065, 0.60190916, 0.74661177, -inf;
 -0.26140776, -0.79750556, 0.54373783, -inf;
 0, 0, 0, 1]
Ow:
[-nan;
 -nan;
 inf]
