Keyframe: 0 Frame: 0 Frame from vFrameID : 144
Tcw:
[0.94135106, -0.25995195, -0.21513529, 1.521911;
 -0.032548193, 0.56464618, -0.82469106, -2.1086273;
 0.33585536, 0.78332603, 0.52306932, 7.6483612;
 0, 0, 0, 1]
Twc:
[0.94135106, -0.032548193, 0.33585536, -4.0700274;
 -0.25995195, 0.56464618, 0.78332603, -4.4049082;
 -0.21513529, -0.82469106, 0.52306932, -5.4121718;
 0, 0, 0, 1]
Ow:
[1.521911;
 -2.1086273;
 7.6483612]
Keyframe: 1 Frame: 733 Frame from vFrameID : 144
Tcw:
[0.93701804, -0.27243629, -0.21857643, -nan;
 -0.026881587, 0.56768417, -0.82280743, -nan;
 0.34824499, 0.77686107, 0.52460682, inf;
 0, 0, 0, 1]
Twc:
[0.93701804, -0.026881587, 0.34824499, -inf;
 -0.27243629, 0.56768417, 0.77686107, -inf;
 -0.21857643, -0.82280743, 0.52460682, -inf;
 0, 0, 0, 1]
Ow:
[-nan;
 -nan;
 inf]
