Keyframe: 0 Frame: 0 Frame from vFrameID : 120
Tcw:
[0.98224026, -0.072511867, -0.17304944, 0.46507013;
 -0.18367617, -0.18332522, -0.96574062, -0.67238688;
 0.038303331, 0.98037434, -0.1933881, 0.8799426;
 0, 0, 0, 1]
Twc:
[0.98224026, -0.18367617, 0.038303331, -0.61401677;
 -0.072511867, -0.18332522, 0.98037434, -0.95221555;
 -0.17304944, -0.96574062, -0.1933881, -0.39870077;
 0, 0, 0, 1]
Ow:
[0.46507013;
 -0.67238688;
 0.8799426]
Keyframe: 1 Frame: 303 Frame from vFrameID : 120
Tcw:
[0.98233271, -0.072660498, -0.17246127, -nan;
 -0.18309815, -0.18260071, -0.96598762, -inf;
 0.038697593, 0.98049855, -0.19267866, -nan;
 0, 0, 0, 1]
Twc:
[0.98233271, -0.18309815, 0.038697593, -inf;
 -0.072660498, -0.18260071, 0.98049855, -inf;
 -0.17246127, -0.96598762, -0.19267866, -inf;
 0, 0, 0, 1]
Ow:
[-nan;
 -inf;
 -nan]
