Keyframe: 0 Frame: 0 Frame from vFrameID : 120
Tcw:
[0.99725837, 0.027536931, -0.068684049, 0.11882693;
 -0.069048904, 0.012524162, -0.99753463, -0.071458049;
 -0.026608832, 0.99954236, 0.01439122, -0.023204939;
 0, 0, 0, 1]
Twc:
[0.99725837, -0.069048904, -0.026608832, -0.1240527;
 0.027536931, 0.012524162, 0.99954236, 0.020817142;
 -0.068684049, -0.99753463, 0.01439122, -0.062786423;
 0, 0, 0, 1]
Ow:
[0.11882693;
 -0.071458049;
 -0.023204939]
Keyframe: 1 Frame: 218 Frame from vFrameID : 120
Tcw:
[0.99733484, 0.022508755, -0.069401622, 0.0080974177;
 -0.069593631, 0.007861089, -0.99754447, -0.0038555106;
 -0.021907913, 0.99971575, 0.0094066039, 0.0020543139;
 0, 0, 0, 1]
Twc:
[0.99733484, -0.069593631, -0.021907913, -0.0082991505;
 0.022508755, 0.007861089, 0.99971575, -0.0022056841;
 -0.069401622, -0.99754447, 0.0094066039, -0.0033033933;
 0, 0, 0, 1]
Ow:
[0.0080974177;
 -0.0038555106;
 0.0020543139]
