Keyframe: 0 Frame: 0 Frame from vFrameID : 120
Tcw:
[0.97973657, -0.086563416, -0.18061855, 0.5867492;
 -0.18526542, -0.048983358, -0.98146695, -1.0333431;
 0.076111831, 0.99504143, -0.064027995, 1.1742697;
 0, 0, 0, 1]
Twc:
[0.97973657, -0.18526542, 0.076111831, -0.8556782;
 -0.086563416, -0.048983358, 0.99504143, -1.1682725;
 -0.18061855, -0.98146695, -0.064027995, -0.83302808;
 0, 0, 0, 1]
Ow:
[0.5867492;
 -1.0333431;
 1.1742697]
Keyframe: 1 Frame: 327 Frame from vFrameID : 120
Tcw:
[0.97978747, -0.095534779, -0.17575447, 0.021859834;
 -0.18045093, -0.042903949, -0.98264778, -0.021341208;
 0.086336479, 0.99450105, -0.059276093, 0.029002527;
 0, 0, 0, 1]
Twc:
[0.97978747, -0.18045093, 0.086336479, -0.027773008;
 -0.095534779, -0.042903949, 0.99450105, -0.027670292;
 -0.17575447, -0.98264778, -0.059276093, -0.015409772;
 0, 0, 0, 1]
Ow:
[0.021859834;
 -0.021341208;
 0.029002527]
