Keyframe: 0 Frame: 0 Frame from vFrameID : 144
Tcw:
[0.9231807, -0.29676956, -0.24426466, 1.5449923;
 -0.03807804, 0.56175971, -0.82642365, -2.0875115;
 0.38247544, 0.77223951, 0.50730532, 7.4385471;
 0, 0, 0, 1]
Twc:
[0.9231807, -0.03807804, 0.38247544, -4.3508573;
 -0.29676956, 0.56175971, 0.77223951, -4.1131535;
 -0.24426466, -0.82642365, 0.50730532, -5.1213965;
 0, 0, 0, 1]
Ow:
[1.5449923;
 -2.0875115;
 7.4385471]
Keyframe: 1 Frame: 718 Frame from vFrameID : 144
Tcw:
[0.92845583, -0.29200572, -0.22957011, 0.035781637;
 -0.028542889, 0.56013459, -0.82790971, -0.0496221;
 0.37034455, 0.77523023, 0.51172554, 0.16981663;
 0, 0, 0, 1]
Twc:
[0.92845583, -0.028542889, 0.37034455, -0.097528689;
 -0.29200572, 0.56013459, 0.77523023, -0.093403481;
 -0.22957011, -0.82790971, 0.51172554, -0.11976774;
 0, 0, 0, 1]
Ow:
[0.035781637;
 -0.0496221;
 0.16981663]
