Keyframe: 0 Frame: 0 Frame from vFrameID : 120
Tcw:
[0.98757762, -0.0054815589, -0.15703627, 0.44902378;
 -0.15607868, -0.14973961, -0.97632855, -0.74323028;
 -0.018162748, 0.98871028, -0.14873505, 0.92440158;
 0, 0, 0, 1]
Twc:
[0.98757762, -0.15607868, -0.018162748, -0.54265857;
 -0.0054815589, -0.14973961, 0.98871028, -1.0227951;
 -0.15703627, -0.97632855, -0.14873505, -0.51763302;
 0, 0, 0, 1]
Ow:
[0.44902378;
 -0.74323028;
 0.92440158]
Keyframe: 1 Frame: 309 Frame from vFrameID : 120
Tcw:
[0.44150165, -0.77570349, -0.45095497, 0.12021253;
 -0.40050724, 0.27937031, -0.87266612, 0.52313042;
 0.80291361, 0.56589425, -0.18733241, 1.1880504;
 0, 0, 0, 1]
Twc:
[0.44150165, -0.40050724, 0.80291361, -0.79745835;
 -0.77570349, 0.27937031, 0.56589425, -0.72520876;
 -0.45095497, -0.87266612, -0.18733241, 0.733289;
 0, 0, 0, 1]
Ow:
[0.12021253;
 0.52313042;
 1.1880504]
