Keyframe: 0 Frame: 0 Frame from vFrameID : 144
Tcw:
[0.91363716, -0.28591582, -0.28899708, 1.5097178;
 -0.052488979, 0.62197131, -0.78127885, -2.1255279;
 0.40312788, 0.72897452, 0.55324864, 8.1376085;
 0, 0, 0, 1]
Twc:
[0.91363716, -0.052488979, 0.40312788, -4.7713976;
 -0.28591582, 0.62197131, 0.72897452, -4.1784401;
 -0.28899708, -0.78127885, 0.55324864, -5.7264466;
 0, 0, 0, 1]
Ow:
[1.5097178;
 -2.1255279;
 8.1376085]
Keyframe: 1 Frame: 774 Frame from vFrameID : 144
Tcw:
[0.9128617, -0.27572247, -0.301099, 0.028940186;
 -0.065554433, 0.62894368, -0.77468216, -0.041652452;
 0.40297163, 0.72691607, 0.55606377, 0.16494629;
 0, 0, 0, 1]
Twc:
[0.9128617, -0.065554433, 0.40297163, -0.095617555;
 -0.27572247, 0.62894368, 0.72691607, -0.085725598;
 -0.301099, -0.77468216, 0.55606377, -0.11527421;
 0, 0, 0, 1]
Ow:
[0.028940186;
 -0.041652452;
 0.16494629]
