Keyframe: 0 Frame: 0 Frame from vFrameID : 120
Tcw:
[0.96572709, -0.11396144, -0.23320383, 0.97468406;
 -0.2305664, 0.035986487, -0.97239095, -2.0184832;
 0.11920725, 0.9928332, 0.0084774476, 2.353034;
 0, 0, 0, 1]
Twc:
[0.96572709, -0.2305664, 0.11920725, -1.6871718;
 -0.11396144, 0.035986487, 0.9928332, -2.1524558;
 -0.23320383, -0.97239095, 0.0084774476, -1.7554023;
 0, 0, 0, 1]
Ow:
[0.97468406;
 -2.0184832;
 2.353034]
Keyframe: 1 Frame: 395 Frame from vFrameID : 120
Tcw:
[0.97484827, -0.11021274, -0.19371122, -0.025465362;
 -0.17898715, 0.13072772, -0.97512764, -0.33504063;
 0.13279492, 0.98527324, 0.10771304, -0.17106344;
 0, 0, 0, 1]
Twc:
[0.97484827, -0.17898715, 0.13279492, -0.012426741;
 -0.11021274, 0.13072772, 0.98527324, 0.20953673;
 -0.19371122, -0.97512764, 0.10771304, -0.31321454;
 0, 0, 0, 1]
Ow:
[-0.025465362;
 -0.33504063;
 -0.17106344]
