Keyframe: 0 Frame: 0 Frame from vFrameID : 120
Tcw:
[0.97811788, -0.083030559, -0.19076501, 0.61825585;
 -0.19294813, -0.019040527, -0.98102421, -1.1110396;
 0.077822722, 0.99636507, -0.034644473, 1.266162;
 0, 0, 0, 1]
Twc:
[0.97811788, -0.19294813, 0.077822722, -0.91763639;
 -0.083030559, -0.019040527, 0.99636507, -1.2313803;
 -0.19076501, -0.98102421, -0.034644473, -0.92814964;
 0, 0, 0, 1]
Ow:
[0.61825585;
 -1.1110396;
 1.266162]
Keyframe: 1 Frame: 333 Frame from vFrameID : 120
Tcw:
[0.97518951, -0.096327141, -0.19931498, 0.030841023;
 -0.20424119, -0.044219013, -0.97792137, 0.044559762;
 0.085386857, 0.994367, -0.062795885, -0.0078739831;
 0, 0, 0, 1]
Twc:
[0.97518951, -0.20424119, 0.085386857, -0.020302571;
 -0.096327141, -0.044219013, 0.994367, 0.012770846;
 -0.19931498, -0.97792137, -0.062795885, 0.049228568;
 0, 0, 0, 1]
Ow:
[0.030841023;
 0.044559762;
 -0.0078739831]
