Keyframe: 0 Frame: 0 Frame from vFrameID : 120
Tcw:
[0.97875988, -0.079891235, -0.18880279, 0.79705232;
 -0.19328676, -0.052643508, -0.979729, -1.536148;
 0.068332516, 0.99541253, -0.066967271, 1.7534593;
 0, 0, 0, 1]
Twc:
[0.97875988, -0.19328676, 0.068332516, -1.1968582;
 -0.079891235, -0.052643508, 0.99541253, -1.7626059;
 -0.18880279, -0.979729, -0.066967271, -1.2370986;
 0, 0, 0, 1]
Ow:
[0.79705232;
 -1.536148;
 1.7534593]
Keyframe: 1 Frame: 359 Frame from vFrameID : 120
Tcw:
[0.97744644, -0.08965566, -0.19120756, -nan;
 -0.19530806, -0.0393616, -0.97995174, -inf;
 0.080331989, 0.99519473, -0.055984329, -nan;
 0, 0, 0, 1]
Twc:
[0.97744644, -0.19530806, 0.080331989, -inf;
 -0.08965566, -0.0393616, 0.99519473, -inf;
 -0.19120756, -0.97995174, -0.055984329, -inf;
 0, 0, 0, 1]
Ow:
[-nan;
 -inf;
 -nan]
