Keyframe: 0 Frame: 0 Frame from vFrameID : 120
Tcw:
[0.98998207, -0.032876391, -0.13731207, 0.70605731;
 -0.13752665, -0.0043462962, -0.99048853, -1.3141878;
 0.031966887, 0.99944997, -0.0088241352, 1.5068028;
 0, 0, 0, 1]
Twc:
[0.98998207, -0.13752665, 0.031966887, -0.9278878;
 -0.032876391, -0.0043462962, 0.99944997, -1.4884733;
 -0.13731207, -0.99048853, -0.0088241352, -1.1914415;
 0, 0, 0, 1]
Ow:
[0.70605731;
 -1.3141878;
 1.5068028]
Keyframe: 1 Frame: 346 Frame from vFrameID : 120
Tcw:
[0.98988867, -0.023417847, -0.13990016, -nan;
 -0.13989219, 0.0019860617, -0.99016476, -nan;
 0.023465378, 0.99972379, -0.0013099941, -nan;
 0, 0, 0, 1]
Twc:
[0.98988867, -0.13989219, 0.023465378, -inf;
 -0.023417847, 0.0019860617, 0.99972379, -inf;
 -0.13990016, -0.99016476, -0.0013099941, -inf;
 0, 0, 0, 1]
Ow:
[-nan;
 -nan;
 -nan]
