Keyframe: 0 Frame: 0 Frame from vFrameID : 120
Tcw:
[0.99667567, 0.013756118, -0.080301709, 0.14242835;
 -0.080306977, -0.00016958112, -0.99677014, -0.099898167;
 -0.013725305, 0.99990535, 0.00093569484, -0.01459985;
 0, 0, 0, 1]
Twc:
[0.99667567, -0.080306977, -0.013725305, -0.15017778;
 0.013756118, -0.00016958112, 0.99990535, 0.012622267;
 -0.080301709, -0.99677014, 0.00093569484, -0.08812461;
 0, 0, 0, 1]
Ow:
[0.14242835;
 -0.099898167;
 -0.01459985]
Keyframe: 1 Frame: 222 Frame from vFrameID : 120
Tcw:
[0.99680388, 0.011254244, -0.079091072, -nan;
 -0.079091094, -0.00044343129, -0.9968673, -nan;
 -0.01125406, 0.99993658, 0.00044809651, -nan;
 0, 0, 0, 1]
Twc:
[0.99680388, -0.079091094, -0.01125406, -inf;
 0.011254244, -0.00044343129, 0.99993658, inf;
 -0.079091072, -0.9968673, 0.00044809651, -inf;
 0, 0, 0, 1]
Ow:
[-nan;
 -nan;
 -nan]
