Keyframe: 0 Frame: 0 Frame from vFrameID : 144
Tcw:
[0.90988624, -0.2827231, -0.30360284, 1.5064946;
 -0.06500566, 0.62562072, -0.77741426, -2.1244476;
 0.40973321, 0.72709447, 0.55086505, 8.1948605;
 0, 0, 0, 1]
Twc:
[0.90988624, -0.06500566, 0.40973321, -4.8665466;
 -0.2827231, 0.62562072, 0.72709447, -4.2034187;
 -0.30360284, -0.77741426, 0.55086505, -5.7084627;
 0, 0, 0, 1]
Ow:
[1.5064946;
 -2.1244476;
 8.1948605]
Keyframe: 1 Frame: 777 Frame from vFrameID : 144
Tcw:
[0.91354686, -0.27742031, -0.29743925, 0.0071348958;
 -0.072396919, 0.60870039, -0.7900902, -0.017325386;
 0.40023845, 0.74331808, 0.53599197, 0.1097948;
 0, 0, 0, 1]
Twc:
[0.91354686, -0.072396919, 0.40023845, -0.051716469;
 -0.27742031, 0.60870039, 0.74331808, -0.069087133;
 -0.29743925, -0.7900902, 0.53599197, -0.070415549;
 0, 0, 0, 1]
Ow:
[0.0071348958;
 -0.017325386;
 0.1097948]
