Keyframe: 0 Frame: 0 Frame from vFrameID : 120
Tcw:
[0.98165637, -0.040510323, -0.18630531, 0.47016811;
 -0.19046593, -0.16443036, -0.96782506, -0.72442448;
 0.0085726548, 0.98555648, -0.16912995, 0.89869833;
 0, 0, 0, 1]
Twc:
[0.98165637, -0.19046593, 0.0085726548, -0.60722595;
 -0.040510323, -0.16443036, 0.98555648, -0.9857887;
 -0.18630531, -0.96782506, -0.16912995, -0.46152458;
 0, 0, 0, 1]
Ow:
[0.47016811;
 -0.72442448;
 0.89869833]
Keyframe: 1 Frame: 306 Frame from vFrameID : 120
Tcw:
[0.98240328, -0.032749087, -0.18387857, 0.0040287897;
 -0.18677019, -0.16775101, -0.96797544, -0.011648534;
 0.00085449696, 0.98528528, -0.17091569, 0.010944272;
 0, 0, 0, 1]
Twc:
[0.98240328, -0.18677019, 0.00085449696, -0.0061428468;
 -0.032749087, -0.16775101, 0.98528528, -0.012605345;
 -0.18387857, -0.96797544, -0.17091569, -0.0086641395;
 0, 0, 0, 1]
Ow:
[0.0040287897;
 -0.011648534;
 0.010944272]
