Keyframe: 0 Frame: 0 Frame from vFrameID : 120
Tcw:
[0.98041588, -0.1182665, -0.15747289, 0.45217499;
 -0.17789106, -0.18875547, -0.96577746, -0.59741026;
 0.084495261, 0.97487658, -0.20609741, 0.82426339;
 0, 0, 0, 1]
Twc:
[0.98041588, -0.17789106, 0.084495261, -0.61923987;
 -0.1182665, -0.18875547, 0.97487658, -0.86284244;
 -0.15747289, -0.96577746, -0.20609741, -0.3358815;
 0, 0, 0, 1]
Ow:
[0.45217499;
 -0.59741026;
 0.82426339]
Keyframe: 1 Frame: 300 Frame from vFrameID : 120
Tcw:
[0.98083609, -0.117047, -0.15575802, -nan;
 -0.17615078, -0.19112207, -0.96563101, -inf;
 0.083255425, 0.97456264, -0.20807734, -nan;
 0, 0, 0, 1]
Twc:
[0.98083609, -0.17615078, 0.083255425, -inf;
 -0.117047, -0.19112207, 0.97456264, -inf;
 -0.15575802, -0.96563101, -0.20807734, -inf;
 0, 0, 0, 1]
Ow:
[-nan;
 -inf;
 -nan]
