Keyframe: 0 Frame: 0 Frame from vFrameID : 144
Tcw:
[0.91999257, -0.29031077, -0.26331228, 1.5562032;
 -0.059604336, 0.56037843, -0.8260892, -2.0957787;
 0.38737711, 0.77569044, 0.4982402, 7.3538566;
 0, 0, 0, 1]
Twc:
[0.91999257, -0.059604336, 0.38737711, -4.4053283;
 -0.29031077, 0.56037843, 0.77569044, -4.0781045;
 -0.26331228, -0.8260892, 0.4982402, -4.9855199;
 0, 0, 0, 1]
Ow:
[1.5562032;
 -2.0957787;
 7.3538566]
Keyframe: 1 Frame: 711 Frame from vFrameID : 144
Tcw:
[0.92064351, -0.28707212, -0.2645849, 0.016961671;
 -0.061082017, 0.56345648, -0.82388455, -0.022554716;
 0.38559636, 0.77466536, 0.50120759, 0.080020659;
 0, 0, 0, 1]
Twc:
[0.92064351, -0.061082017, 0.38559636, -0.047849014;
 -0.28707212, 0.56345648, 0.77466536, -0.044411406;
 -0.2645849, -0.82388455, 0.50120759, -0.054201644;
 0, 0, 0, 1]
Ow:
[0.016961671;
 -0.022554716;
 0.080020659]
