Keyframe: 0 Frame: 0 Frame from vFrameID : 120
Tcw:
[0.9836542, -0.062983699, -0.16869351, 0.57023156;
 -0.1736068, -0.083011888, -0.98131019, -0.96809423;
 0.047802985, 0.99455625, -0.092589386, 1.1387086;
 0, 0, 0, 1]
Twc:
[0.9836542, -0.1736068, 0.047802985, -0.7834121;
 -0.062983699, -0.083011888, 0.99455625, -1.1769576;
 -0.16869351, -0.98131019, -0.092589386, -0.74837404;
 0, 0, 0, 1]
Ow:
[0.57023156;
 -0.96809423;
 1.1387086]
Keyframe: 1 Frame: 324 Frame from vFrameID : 120
Tcw:
[0.93054622, -0.20977098, -0.30013302, -0.049128771;
 -0.30829367, -0.0065517686, -0.95126867, -0.93000054;
 0.19758217, 0.97772861, -0.07076779, -0.52203685;
 0, 0, 0, 1]
Twc:
[0.93054622, -0.30829367, 0.19758217, -0.13785152;
 -0.20977098, -0.0065517686, 0.97772861, 0.4940114;
 -0.30013302, -0.95126867, -0.07076779, -0.93636894;
 0, 0, 0, 1]
Ow:
[-0.049128771;
 -0.93000054;
 -0.52203685]
