Keyframe: 0 Frame: 0 Frame from vFrameID : 120
Tcw:
[0.97573787, -0.066735052, -0.20852356, 1.0417677;
 -0.20495498, 0.056546859, -0.97713661, -2.3032079;
 0.077000618, 0.99616712, 0.041497231, 2.6717412;
 0, 0, 0, 1]
Twc:
[0.97573787, -0.20495498, 0.077000618, -1.6942718;
 -0.066735052, 0.056546859, 0.99616712, -2.4617391;
 -0.20852356, -0.97713661, 0.041497231, -2.1441855;
 0, 0, 0, 1]
Ow:
[1.0417677;
 -2.3032079;
 2.6717412]
Keyframe: 1 Frame: 413 Frame from vFrameID : 120
Tcw:
[0.97733599, -0.066307433, -0.20104159, -0.015935205;
 -0.19803685, 0.049208049, -0.97895861, 0.026077805;
 0.074805103, 0.99658513, 0.034961481, -0.038194645;
 0, 0, 0, 1]
Twc:
[0.97733599, -0.19803685, 0.074805103, 0.02359557;
 -0.066307433, 0.049208049, 0.99658513, 0.035724357;
 -0.20104159, -0.97895861, 0.034961481, 0.023660794;
 0, 0, 0, 1]
Ow:
[-0.015935205;
 0.026077805;
 -0.038194645]
