Keyframe: 0 Frame: 0 Frame from vFrameID : 144
Tcw:
[0.94066489, -0.25043705, -0.22897792, 1.5266373;
 -0.040589876, 0.58689529, -0.80864477, -2.1082795;
 0.33690068, 0.7699579, 0.5419066, 7.5195789;
 0, 0, 0, 1]
Twc:
[0.94066489, -0.040589876, 0.33690068, -4.0549803;
 -0.25043705, 0.58689529, 0.7699579, -4.1700935;
 -0.22897792, -0.80864477, 0.5419066, -5.4301925;
 0, 0, 0, 1]
Ow:
[1.5266373;
 -2.1082795;
 7.5195789]
Keyframe: 1 Frame: 726 Frame from vFrameID : 144
Tcw:
[0.95027512, -0.24403729, -0.19345009, 0.032307625;
 -0.017897172, 0.57737958, -0.81627965, -0.050232977;
 0.31089681, 0.77915251, 0.54430187, 0.18059203;
 0, 0, 0, 1]
Twc:
[0.95027512, -0.017897172, 0.31089681, -0.087745644;
 -0.24403729, 0.57737958, 0.77915251, -0.10382096;
 -0.19345009, -0.81627965, 0.54430187, -0.13305083;
 0, 0, 0, 1]
Ow:
[0.032307625;
 -0.050232977;
 0.18059203]
