Keyframe: 0 Frame: 0 Frame from vFrameID : 144
Tcw:
[0.93961716, -0.24109071, -0.24288866, 1.4996887;
 -0.047960389, 0.60995966, -0.7909798, -2.1312962;
 0.33885017, 0.7548672, 0.56156576, 7.9604607;
 0, 0, 0, 1]
Twc:
[0.93961716, -0.047960389, 0.33885017, -4.2087541;
 -0.24109071, 0.60995966, 0.7548672, -4.3475246;
 -0.24288866, -0.7909798, 0.56156576, -5.7918763;
 0, 0, 0, 1]
Ow:
[1.4996887;
 -2.1312962;
 7.9604607]
Keyframe: 1 Frame: 761 Frame from vFrameID : 144
Tcw:
[0.9394663, -0.23791806, -0.24657275, 0.025852384;
 -0.05049672, 0.61562824, -0.78641719, -0.038263865;
 0.3389, 0.7512635, 0.5663479, 0.14002088;
 0, 0, 0, 1]
Twc:
[0.9394663, -0.05049672, 0.3389, -0.073672712;
 -0.23791806, 0.61562824, 0.7512635, -0.075485513;
 -0.24657275, -0.78641719, 0.5663479, -0.10301739;
 0, 0, 0, 1]
Ow:
[0.025852384;
 -0.038263865;
 0.14002088]
