Keyframe: 0 Frame: 0 Frame from vFrameID : 120
Tcw:
[0.9826476, -0.077517688, -0.16850741, 0.66466433;
 -0.17288238, -0.053648654, -0.98348027, -1.2102946;
 0.067196928, 0.99554652, -0.066119164, 1.4041477;
 0, 0, 0, 1]
Twc:
[0.9826476, -0.17288238, 0.067196928, -0.95672381;
 -0.077517688, -0.053648654, 0.99554652, -1.4113019;
 -0.16850741, -0.98348027, -0.066119164, -0.98545903;
 0, 0, 0, 1]
Ow:
[0.66466433;
 -1.2102946;
 1.4041477]
Keyframe: 1 Frame: 339 Frame from vFrameID : 120
Tcw:
[0.98307025, -0.074054316, -0.16759726, -0.041643199;
 -0.17172231, -0.053333122, -0.98370069, 0.080163345;
 0.0639088, 0.99582708, -0.065146983, -0.10471553;
 0, 0, 0, 1]
Twc:
[0.98307025, -0.17172231, 0.0639088, 0.061396267;
 -0.074054316, -0.053333122, 0.99582708, 0.10547007;
 -0.16759726, -0.98370069, -0.065146983, 0.065055549;
 0, 0, 0, 1]
Ow:
[-0.041643199;
 0.080163345;
 -0.10471553]
