Keyframe: 0 Frame: 0 Frame from vFrameID : 120
Tcw:
[0.97785962, -0.095536672, -0.18618092, 0.61323142;
 -0.18985559, -0.030854546, -0.98132706, -1.0720445;
 0.088008195, 0.99494761, -0.048309583, 1.2156674;
 0, 0, 0, 1]
Twc:
[0.97785962, -0.18985559, 0.088008195, -0.91017663;
 -0.095536672, -0.030854546, 0.99494761, -1.1840167;
 -0.18618092, -0.98132706, -0.048309583, -0.87912595;
 0, 0, 0, 1]
Ow:
[0.61323142;
 -1.0720445;
 1.2156674]
Keyframe: 1 Frame: 330 Frame from vFrameID : 120
Tcw:
[0.93026727, -0.32863191, -0.16310684, -0.0040335231;
 -0.13354214, 0.11077173, -0.98483306, 0.0071625207;
 0.34171519, 0.93793958, 0.059161112, -0.0080848103;
 0, 0, 0, 1]
Twc:
[0.93026727, -0.13354214, 0.34171519, 0.0074714557;
 -0.32863191, 0.11077173, 0.93793958, 0.0054641147;
 -0.16310684, -0.98483306, 0.059161112, 0.0068742977;
 0, 0, 0, 1]
Ow:
[-0.0040335231;
 0.0071625207;
 -0.0080848103]
