Keyframe: 0 Frame: 0 Frame from vFrameID : 144
Tcw:
[0.9317674, -0.29053599, -0.21771175, 1.5556887;
 -0.028238524, 0.53985131, -0.8412866, -2.07584;
 0.361956, 0.79003125, 0.49481156, 7.2341976;
 0, 0, 0, 1]
Twc:
[0.9317674, -0.028238524, 0.361956, -4.1266198;
 -0.29053599, 0.53985131, 0.79003125, -4.1426139;
 -0.21771175, -0.8412866, 0.49481156, -4.9872489;
 0, 0, 0, 1]
Ow:
[1.5556887;
 -2.07584;
 7.2341976]
Keyframe: 1 Frame: 705 Frame from vFrameID : 144
Tcw:
[0.92699128, -0.29226759, -0.23508896, 0.018410267;
 -0.048365913, 0.52839172, -0.84762192, -0.027368031;
 0.37195149, 0.79710841, 0.47567871, 0.090243451;
 0, 0, 0, 1]
Twc:
[0.92699128, -0.048365913, 0.37195149, -0.051956024;
 -0.29226759, 0.52839172, 0.79710841, -0.052092053;
 -0.23508896, -0.84762192, 0.47567871, -0.061796587;
 0, 0, 0, 1]
Ow:
[0.018410267;
 -0.027368031;
 0.090243451]
