Keyframe: 0 Frame: 0 Frame from vFrameID : 144
Tcw:
[0.91989785, -0.28388774, -0.27054694, 1.515164;
 -0.046886764, 0.60532546, -0.79459596, -2.121891;
 0.38934502, 0.7436322, 0.54352701, 7.7938662;
 0, 0, 0, 1]
Twc:
[0.91989785, -0.046886764, 0.38934502, -4.5277877;
 -0.28388774, 0.60532546, 0.7436322, -4.0811987;
 -0.27054694, -0.79459596, 0.54352701, -5.5122995;
 0, 0, 0, 1]
Ow:
[1.515164;
 -2.121891;
 7.7938662]
Keyframe: 1 Frame: 744 Frame from vFrameID : 144
Tcw:
[0.91952026, -0.28580195, -0.26981416, 0.027477246;
 -0.04581134, 0.60386401, -0.79576981, -0.037249077;
 0.39036363, 0.74408704, 0.54217225, 0.13222915;
 0, 0, 0, 1]
Twc:
[0.91952026, -0.04581134, 0.39036363, -0.07858976;
 -0.28580195, 0.60386401, 0.74408704, -0.06804356;
 -0.26981416, -0.79576981, 0.54217225, -0.093918905;
 0, 0, 0, 1]
Ow:
[0.027477246;
 -0.037249077;
 0.13222915]
