Keyframe: 0 Frame: 0 Frame from vFrameID : 144
Tcw:
[0.92956316, -0.26225117, -0.25910732, 1.5037076;
 -0.055123862, 0.59605604, -0.8010484, -2.1249545;
 0.36451837, 0.75890809, 0.53961545, 7.9021535;
 0, 0, 0, 1]
Twc:
[0.92956316, -0.055123862, 0.36451837, -4.3954072;
 -0.26225117, 0.59605604, 0.75890809, -4.3360672;
 -0.25910732, -0.8010484, 0.53961545, -5.576694;
 0, 0, 0, 1]
Ow:
[1.5037076;
 -2.1249545;
 7.9021535]
Keyframe: 1 Frame: 754 Frame from vFrameID : 144
Tcw:
[0.93186718, -0.25345415, -0.25958526, -nan;
 -0.056156706, 0.60611486, -0.79339218, -nan;
 0.35842705, 0.75391364, 0.55058545, inf;
 0, 0, 0, 1]
Twc:
[0.93186718, -0.056156706, 0.35842705, -inf;
 -0.25345415, 0.60611486, 0.75391364, -inf;
 -0.25958526, -0.79339218, 0.55058545, -inf;
 0, 0, 0, 1]
Ow:
[-nan;
 -nan;
 inf]
