Keyframe: 0 Frame: 0 Frame from vFrameID : 144
Tcw:
[0.92079633, -0.28375736, -0.2676115, 1.5134704;
 -0.044962727, 0.60431117, -0.7954787, -2.1206918;
 0.38744354, 0.74450642, 0.54368895, 7.8199596;
 0, 0, 0, 1]
Twc:
[0.92079633, -0.044962727, 0.38744354, -4.518743;
 -0.28375736, 0.60431117, 0.74450642, -4.1109943;
 -0.2676115, -0.7954787, 0.54368895, -5.5335689;
 0, 0, 0, 1]
Ow:
[1.5134704;
 -2.1206918;
 7.8199596]
Keyframe: 1 Frame: 748 Frame from vFrameID : 144
Tcw:
[0.92133647, -0.28494582, -0.26447114, 0.0297391;
 -0.044060837, 0.59936583, -0.79926169, -0.034165159;
 0.38626122, 0.74804175, 0.53966266, 0.099243805;
 0, 0, 0, 1]
Twc:
[0.92133647, -0.044060837, 0.38626122, -0.067239098;
 -0.28494582, 0.59936583, 0.74804175, -0.04528705;
 -0.26447114, -0.79926169, 0.53966266, -0.072999947;
 0, 0, 0, 1]
Ow:
[0.0297391;
 -0.034165159;
 0.099243805]
