Keyframe: 0 Frame: 0 Frame from vFrameID : 120
Tcw:
[0.9773708, -0.11315601, -0.17872328, 0.42963687;
 -0.19535483, -0.15877858, -0.9677943, -0.55249572;
 0.081134312, 0.98080838, -0.17729113, 0.73800677;
 0, 0, 0, 1]
Twc:
[0.9773708, -0.19535483, 0.081134312, -0.58772492;
 -0.11315601, -0.15877858, 0.98080838, -0.76295173;
 -0.17872328, -0.9677943, -0.17729113, -0.32707405;
 0, 0, 0, 1]
Ow:
[0.42963687;
 -0.55249572;
 0.73800677]
Keyframe: 1 Frame: 297 Frame from vFrameID : 120
Tcw:
[0.50187123, -0.8187353, -0.27892262, 0.12262644;
 -0.45802355, 0.021986097, -0.88866812, -1.0411909;
 0.73371637, 0.57375008, -0.36396587, 1.5272933;
 0, 0, 0, 1]
Twc:
[0.50187123, -0.45802355, 0.73371637, -1.6590328;
 -0.8187353, 0.021986097, 0.57375008, -0.75299442;
 -0.27892262, -0.88866812, -0.36396587, -0.33518723;
 0, 0, 0, 1]
Ow:
[0.12262644;
 -1.0411909;
 1.5272933]
