Keyframe: 0 Frame: 0 Frame from vFrameID : 120
Tcw:
[0.98202193, -0.079753034, -0.1710916, 0.88196826;
 -0.17090419, 0.0092209289, -0.98524451, -1.8649706;
 0.08015386, 0.99677199, -0.0045749722, 2.1649466;
 0, 0, 0, 1]
Twc:
[0.98202193, -0.17090419, 0.08015386, -1.3583722;
 -0.079753034, 0.0092209289, 0.99677199, -2.0704217;
 -0.1710916, -0.98524451, -0.0045749722, -1.67665;
 0, 0, 0, 1]
Ow:
[0.88196826;
 -1.8649706;
 2.1649466]
Keyframe: 1 Frame: 384 Frame from vFrameID : 120
Tcw:
[0.98190546, -0.084987395, -0.16923006, -0.017004192;
 -0.16951117, 0.0039504017, -0.98552036, 0.029518425;
 0.084425338, 0.99637419, -0.010527392, -0.041539945;
 0, 0, 0, 1]
Twc:
[0.98190546, -0.16951117, 0.084425338, 0.025207235;
 -0.084987395, 0.0039504017, 0.99637419, 0.039827578;
 -0.16923006, -0.98552036, -0.010527392, 0.025776079;
 0, 0, 0, 1]
Ow:
[-0.017004192;
 0.029518425;
 -0.041539945]
