Keyframe: 0 Frame: 0 Frame from vFrameID : 120
Tcw:
[0.99143809, -0.028988399, -0.12731905, 0.28311056;
 -0.1292754, -0.080554023, -0.98833138, -0.38596249;
 0.018394081, 0.99632859, -0.083611816, 0.52104253;
 0, 0, 0, 1]
Twc:
[0.99143809, -0.1292754, 0.018394081, -0.34016615;
 -0.028988399, -0.080554023, 0.99632859, -0.54201353;
 -0.12731905, -0.98833138, -0.083611816, -0.30184814;
 0, 0, 0, 1]
Ow:
[0.28311056;
 -0.38596249;
 0.52104253]
Keyframe: 1 Frame: 275 Frame from vFrameID : 120
Tcw:
[0.99401009, -0.031334113, -0.10469992, 0.002847835;
 -0.10666739, -0.069616415, -0.99185461, -0.0050710319;
 0.023790052, 0.99708158, -0.072541751, 0.0041145468;
 0, 0, 0, 1]
Twc:
[0.99401009, -0.10666739, 0.023790052, -0.0034695759;
 -0.031334113, -0.069616415, 0.99708158, -0.0043663317;
 -0.10469992, -0.99185461, -0.072541751, -0.004433082;
 0, 0, 0, 1]
Ow:
[0.002847835;
 -0.0050710319;
 0.0041145468]
