Keyframe: 0 Frame: 0 Frame from vFrameID : 120
Tcw:
[0.98235214, -0.080980904, -0.16860133, 0.85841805;
 -0.16883023, 0.0040619699, -0.98563677, -1.8105342;
 0.080502614, 0.99670738, -0.0096817408, 2.0992892;
 0, 0, 0, 1]
Twc:
[0.98235214, -0.16883023, 0.080502614, -1.31794;
 -0.080980904, 0.0040619699, 0.99670738, -2.0155072;
 -0.16860133, -0.98563677, -0.0096817408, -1.6194739;
 0, 0, 0, 1]
Ow:
[0.85841805;
 -1.8105342;
 2.0992892]
Keyframe: 1 Frame: 381 Frame from vFrameID : 120
Tcw:
[0.98272854, -0.078196824, -0.16771977, -0.056848593;
 -0.1671067, 0.014365603, -0.98583418, 0.1142547;
 0.079498492, 0.99683446, 0.0010502746, -0.13508919;
 0, 0, 0, 1]
Twc:
[0.98272854, -0.1671067, 0.079498492, 0.085698843;
 -0.078196824, 0.014365603, 0.99683446, 0.12857483;
 -0.16771977, -0.98583418, 0.0010502746, 0.10324343;
 0, 0, 0, 1]
Ow:
[-0.056848593;
 0.1142547;
 -0.13508919]
