Keyframe: 0 Frame: 0 Frame from vFrameID : 120
Tcw:
[0.99594522, -0.01566809, -0.088586643, 0.15991956;
 -0.088290647, 0.01867125, -0.99591976, -0.14385134;
 0.017258184, 0.99970293, 0.017212195, 0.043576099;
 0, 0, 0, 1]
Twc:
[0.99594522, -0.088290647, 0.017258184, -0.1727239;
 -0.01566809, 0.01867125, 0.99970293, -0.03837163;
 -0.088586643, -0.99591976, 0.017212195, -0.12984769;
 0, 0, 0, 1]
Ow:
[0.15991956;
 -0.14385134;
 0.043576099]
Keyframe: 1 Frame: 230 Frame from vFrameID : 120
Tcw:
[0.99578297, -0.020071583, -0.089517489, -0.0026057027;
 -0.089344472, 0.0093590161, -0.99595684, -0.001991021;
 0.020828225, 0.99975473, 0.0075262641, -0.00020092941;
 0, 0, 0, 1]
Twc:
[0.99578297, -0.089344472, 0.020828225, 0.0024210126;
 -0.020071583, 0.0093590161, 0.99975473, 0.00016721354;
 -0.089517489, -0.99595684, 0.0075262641, -0.0022147147;
 0, 0, 0, 1]
Ow:
[-0.0026057027;
 -0.001991021;
 -0.00020092941]
