Keyframe: 0 Frame: 0 Frame from vFrameID : 144
Tcw:
[0.99877208, -0.031562038, -0.038185198, 0.010421523;
 -0.038974207, -0.024773274, -0.99893308, -0.0016298499;
 0.030582393, 0.99919474, -0.025972959, -0.095202558;
 0, 0, 0, 1]
Twc:
[0.99877208, -0.038974207, 0.030582393, -0.0075607263;
 -0.031562038, -0.024773274, 0.99919474, 0.095414445;
 -0.038185198, -0.99893308, -0.025972959, -0.0037028554;
 0, 0, 0, 1]
Ow:
[0.010421523;
 -0.0016298499;
 -0.095202558]
Keyframe: 1 Frame: 143 Frame from vFrameID : 144
Tcw:
[0.99960864, -0.0072964258, -0.027006097, 0.0083061829;
 -0.02720215, -0.028259031, -0.99923044, 0.00012878847;
 0.0065276446, 0.99957401, -0.028446451, 0.0025858006;
 0, 0, 0, 1]
Twc:
[0.99960864, -0.02720215, 0.0065276446, -0.0083163083;
 -0.0072964258, -0.028259031, 0.99957401, -0.0025204543;
 -0.027006097, -0.99923044, -0.028446451, 0.00042656381;
 0, 0, 0, 1]
Ow:
[0.0083061829;
 0.00012878847;
 0.0025858006]
