Keyframe: 0 Frame: 0 Frame from vFrameID : 120
Tcw:
[0.97555804, -0.10015578, -0.19558957, 0.80927062;
 -0.19839674, -0.018782075, -0.97994184, -1.5753661;
 0.094473258, 0.99479449, -0.038193583, 1.7984345;
 0, 0, 0, 1]
Twc:
[0.97555804, -0.19839674, 0.094473258, -1.2719419;
 -0.10015578, -0.018782075, 0.99479449, -1.7376082;
 -0.19558957, -0.97994184, -0.038193583, -1.3167936;
 0, 0, 0, 1]
Ow:
[0.80927062;
 -1.5753661;
 1.7984345]
Keyframe: 1 Frame: 362 Frame from vFrameID : 120
Tcw:
[0.9742977, -0.10445231, -0.19958387, -0.0053443653;
 -0.20116854, -0.0047546919, -0.97954512, 0.0093778661;
 0.10136679, 0.99451852, -0.025645005, -0.020902678;
 0, 0, 0, 1]
Twc:
[0.9742977, -0.20116854, 0.10136679, 0.0092123719;
 -0.10445231, -0.0047546919, 0.99451852, 0.02027446;
 -0.19958387, -0.97954512, -0.025645005, 0.0075833444;
 0, 0, 0, 1]
Ow:
[-0.0053443653;
 0.0093778661;
 -0.020902678]
