Keyframe: 0 Frame: 0 Frame from vFrameID : 144
Tcw:
[0.92682678, -0.29020745, -0.23826824, 1.5617386;
 -0.059792258, 0.51239115, -0.85666806, -2.0823312;
 0.370698, 0.80822951, 0.4575457, 6.9198751;
 0, 0, 0, 1]
Twc:
[0.92682678, -0.059792258, 0.370698, -4.1371522;
 -0.29020745, 0.51239115, 0.80822951, -4.0726509;
 -0.23826824, -0.85666806, 0.4575457, -4.5779133;
 0, 0, 0, 1]
Ow:
[1.5617386;
 -2.0823312;
 6.9198751]
Keyframe: 1 Frame: 686 Frame from vFrameID : 144
Tcw:
[0.94353682, -0.15150118, -0.29459411, 0.17859827;
 -0.147531, 0.60405689, -0.78316659, -0.05518844;
 0.29660225, 0.78240824, 0.54759878, 0.14533886;
 0, 0, 0, 1]
Twc:
[0.94353682, -0.147531, 0.29660225, -0.21976388;
 -0.15150118, 0.60405689, 0.78240824, -0.053319529;
 -0.29459411, -0.78316659, 0.54759878, -0.070195138;
 0, 0, 0, 1]
Ow:
[0.17859827;
 -0.05518844;
 0.14533886]
