Keyframe: 0 Frame: 0 Frame from vFrameID : 144
Tcw:
[0.92752552, -0.27245116, -0.25586468, 1.5042477;
 -0.048736665, 0.59056228, -0.80551904, -2.1206107;
 0.37056863, 0.75960946, 0.53448325, 7.8748565;
 0, 0, 0, 1]
Twc:
[0.92752552, -0.048736665, 0.37056863, -4.4167547;
 -0.27245116, 0.59056228, 0.75960946, -4.3196287;
 -0.25586468, -0.80551904, 0.53448325, -5.5322871;
 0, 0, 0, 1]
Ow:
[1.5042477;
 -2.1206107;
 7.8748565]
Keyframe: 1 Frame: 751 Frame from vFrameID : 144
Tcw:
[0.92796212, -0.27189782, -0.25486833, 0.01335591;
 -0.049966164, 0.58694309, -0.80808491, -0.018510548;
 0.36930972, 0.76260698, 0.53107524, 0.068751834;
 0, 0, 0, 1]
Twc:
[0.92796212, -0.049966164, 0.36930972, -0.038709402;
 -0.27189782, 0.58694309, 0.76260698, -0.037934549;
 -0.25486833, -0.80808491, 0.53107524, -0.048066497;
 0, 0, 0, 1]
Ow:
[0.01335591;
 -0.018510548;
 0.068751834]
