Keyframe: 0 Frame: 0 Frame from vFrameID : 120
Tcw:
[0.99161255, 0.0030075097, -0.12921104, 0.4812789;
 -0.12804393, -0.11317405, -0.98528999, -0.83219826;
 -0.017586606, 0.99357063, -0.11183972, 1.005926;
 0, 0, 0, 1]
Twc:
[0.99161255, -0.12804393, -0.017586606, -0.5661093;
 0.0030075097, -0.11317405, 0.99357063, -1.0950892;
 -0.12921104, -0.98528999, -0.11183972, -0.64526761;
 0, 0, 0, 1]
Ow:
[0.4812789;
 -0.83219826;
 1.005926]
Keyframe: 1 Frame: 315 Frame from vFrameID : 120
Tcw:
[0.99199188, -0.0024624034, -0.1262777, -nan;
 -0.12572594, -0.11460945, -0.98542255, -inf;
 -0.01204611, 0.99340755, -0.11400123, -nan;
 0, 0, 0, 1]
Twc:
[0.99199188, -0.12572594, -0.01204611, -inf;
 -0.0024624034, -0.11460945, 0.99340755, -inf;
 -0.1262777, -0.98542255, -0.11400123, -inf;
 0, 0, 0, 1]
Ow:
[-nan;
 -inf;
 -nan]
