Keyframe: 0 Frame: 0 Frame from vFrameID : 120
Tcw:
[0.97432888, -0.10021409, -0.20159453, 0.81579584;
 -0.20306574, -0.0045967456, -0.97915429, -1.6109171;
 0.097198375, 0.9949553, -0.02482879, 1.8479905;
 0, 0, 0, 1]
Twc:
[0.97432888, -0.20306574, 0.097198375, -1.3015971;
 -0.10021409, -0.0045967456, 0.9949553, -1.7643186;
 -0.20159453, -0.97915429, -0.02482879, -1.3669931;
 0, 0, 0, 1]
Ow:
[0.81579584;
 -1.6109171;
 1.8479905]
Keyframe: 1 Frame: 366 Frame from vFrameID : 120
Tcw:
[0.97244805, -0.10470639, -0.20828202, -0.029319158;
 -0.20905516, 0.0036587976, -0.97789699, 0.052644704;
 0.10315413, 0.99449646, -0.018331422, -0.071883351;
 0, 0, 0, 1]
Twc:
[0.97244805, -0.20905516, 0.10315413, 0.046932068;
 -0.10470639, 0.0036587976, 0.99449646, 0.068225212;
 -0.20828202, -0.97789699, -0.018331422, 0.044056721;
 0, 0, 0, 1]
Ow:
[-0.029319158;
 0.052644704;
 -0.071883351]
