Keyframe: 0 Frame: 0 Frame from vFrameID : 144
Tcw:
[0.9412536, -0.2642307, -0.21029449, 1.5519879;
 -0.038676303, 0.53427988, -0.84442234, -2.0692012;
 0.33547843, 0.80294901, 0.49267343, 7.0683246;
 0, 0, 0, 1]
Twc:
[0.9412536, -0.038676303, 0.33547843, -3.9121139;
 -0.2642307, 0.53427988, 0.80294901, -4.1598887;
 -0.21029449, -0.84442234, 0.49267343, -4.9032807;
 0, 0, 0, 1]
Ow:
[1.5519879;
 -2.0692012;
 7.0683246]
Keyframe: 1 Frame: 695 Frame from vFrameID : 144
Tcw:
[0.94291425, -0.26033282, -0.20770067, 0.024237826;
 -0.034540925, 0.54384977, -0.83847141, -0.033967327;
 0.33123958, 0.79778081, 0.50381154, 0.11529587;
 0, 0, 0, 1]
Twc:
[0.94291425, -0.034540925, 0.33123958, -0.062218018;
 -0.26033282, 0.54384977, 0.79778081, -0.067197822;
 -0.20770067, -0.83847141, 0.50381154, -0.081533819;
 0, 0, 0, 1]
Ow:
[0.024237826;
 -0.033967327;
 0.11529587]
