Keyframe: 0 Frame: 0 Frame from vFrameID : 120
Tcw:
[0.99470854, 0.013864024, -0.10179751, 0.17949829;
 -0.10179539, -0.00085986126, -0.99480498, -0.23503247;
 -0.013879532, 0.9999035, 0.00055598241, 0.22525452;
 0, 0, 0, 1]
Twc:
[0.99470854, -0.10179539, -0.013879532, -0.19934726;
 0.013864024, -0.00085986126, 0.9999035, -0.22792345;
 -0.10179751, -0.99480498, 0.00055598241, -0.21566422;
 0, 0, 0, 1]
Ow:
[0.17949829;
 -0.23503247;
 0.22525452]
Keyframe: 1 Frame: 254 Frame from vFrameID : 120
Tcw:
[0.98979914, -0.017252011, -0.14142139, -0.021913907;
 -0.14169531, -0.015843738, -0.98978353, -0.0042303065;
 0.014835114, 0.99972564, -0.018126648, -0.00083025411;
 0, 0, 0, 1]
Twc:
[0.98979914, -0.14169531, 0.014835114, 0.021103268;
 -0.017252011, -0.015843738, 0.99972564, 0.00038494347;
 -0.14142139, -0.98978353, -0.018126648, -0.0073012328;
 0, 0, 0, 1]
Ow:
[-0.021913907;
 -0.0042303065;
 -0.00083025411]
