Keyframe: 0 Frame: 0 Frame from vFrameID : 144
Tcw:
[0.92240608, -0.27302432, -0.27317527, 1.507839;
 -0.060682919, 0.59606594, -0.80063909, -2.1288164;
 0.38142443, 0.75509143, 0.53324693, 8.0605373;
 0, 0, 0, 1]
Twc:
[0.92240608, -0.060682919, 0.38142443, -4.5945086;
 -0.27302432, 0.59606594, 0.75509143, -4.4058514;
 -0.27317527, -0.80063909, 0.53324693, -5.5907664;
 0, 0, 0, 1]
Ow:
[1.507839;
 -2.1288164;
 8.0605373]
Keyframe: 1 Frame: 767 Frame from vFrameID : 144
Tcw:
[0.91741556, -0.27739784, -0.28530538, 0.015664255;
 -0.075147122, 0.58330005, -0.8087731, -0.023787931;
 0.39077055, 0.76342088, 0.51428288, 0.089377284;
 0, 0, 0, 1]
Twc:
[0.91741556, -0.075147122, 0.39077055, -0.051084239;
 -0.27739784, 0.58330005, 0.76342088, -0.050011758;
 -0.28530538, -0.8087731, 0.51428288, -0.060735155;
 0, 0, 0, 1]
Ow:
[0.015664255;
 -0.023787931;
 0.089377284]
