Keyframe: 0 Frame: 0 Frame from vFrameID : 144
Tcw:
[0.93051189, -0.28279522, -0.23275404, 1.5397283;
 -0.039471351, 0.55435759, -0.8313421, -2.0927749;
 0.36412853, 0.78276086, 0.50467402, 7.4838524;
 0, 0, 0, 1]
Twc:
[0.93051189, -0.039471351, 0.36412853, -4.2404246;
 -0.28279522, 0.55435759, 0.78276086, -4.2624931;
 -0.23275404, -0.8313421, 0.50467402, -5.1583395;
 0, 0, 0, 1]
Ow:
[1.5397283;
 -2.0927749;
 7.4838524]
Keyframe: 1 Frame: 721 Frame from vFrameID : 144
Tcw:
[0.93300694, -0.27997598, -0.22607847, 0.029605279;
 -0.029788535, 0.56599826, -0.8238681, -0.03870476;
 0.3586233, 0.77540922, 0.51974022, 0.11991864;
 0, 0, 0, 1]
Twc:
[0.93300694, -0.029788535, 0.3586233, -0.07178051;
 -0.27997598, 0.56599826, 0.77540922, -0.062790424;
 -0.22607847, -0.8238681, 0.51974022, -0.087521046;
 0, 0, 0, 1]
Ow:
[0.029605279;
 -0.03870476;
 0.11991864]
