Keyframe: 0 Frame: 0 Frame from vFrameID : 120
Tcw:
[0.98751181, -0.042606428, -0.1516743, 0.6788882;
 -0.15379137, -0.051799458, -0.98674464, -1.2461531;
 0.034185022, 0.9977482, -0.057705075, 1.4487083;
 0, 0, 0, 1]
Twc:
[0.98751181, -0.15379137, 0.034185022, -0.91158187;
 -0.042606428, -0.051799458, 0.9977482, -1.4810712;
 -0.1516743, -0.98674464, -0.057705075, -1.0430672;
 0, 0, 0, 1]
Ow:
[0.6788882;
 -1.2461531;
 1.4487083]
Keyframe: 1 Frame: 342 Frame from vFrameID : 120
Tcw:
[0.98872095, -0.037726168, -0.14493993, -nan;
 -0.14631766, -0.036745068, -0.98855495, -inf;
 0.031968564, 0.99861228, -0.041850626, -nan;
 0, 0, 0, 1]
Twc:
[0.98872095, -0.14631766, 0.031968564, -inf;
 -0.037726168, -0.036745068, 0.99861228, -inf;
 -0.14493993, -0.98855495, -0.041850626, -inf;
 0, 0, 0, 1]
Ow:
[-nan;
 -inf;
 -nan]
