Keyframe: 0 Frame: 0 Frame from vFrameID : 120
Tcw:
[0.96502304, -0.11149, -0.23727718, 1.0069833;
 -0.23378277, 0.043625873, -0.9713096, -2.1355331;
 0.11864273, 0.99280751, 0.016035533, 2.4939065;
 0, 0, 0, 1]
Twc:
[0.96502304, -0.23378277, 0.11864273, -1.766897;
 -0.11149, 0.043625873, 0.99280751, -2.2705359;
 -0.23727718, -0.9713096, 0.016035533, -1.8753208;
 0, 0, 0, 1]
Ow:
[1.0069833;
 -2.1355331;
 2.4939065]
Keyframe: 1 Frame: 403 Frame from vFrameID : 120
Tcw:
[0.97045654, -0.094928674, -0.22181666, 0.02035011;
 -0.21739338, 0.054774683, -0.97454596, -0.068637297;
 0.1046623, 0.993976, 0.032519583, -0.037052363;
 0, 0, 0, 1]
Twc:
[0.97045654, -0.21739338, 0.1046623, -0.030792207;
 -0.094928674, 0.054774683, 0.993976, 0.042520553;
 -0.22181666, -0.97454596, 0.032519583, -0.061171278;
 0, 0, 0, 1]
Ow:
[0.02035011;
 -0.068637297;
 -0.037052363]
