Keyframe: 0 Frame: 0 Frame from vFrameID : 120
Tcw:
[0.97468925, -0.089759186, -0.20475399, 0.40674311;
 -0.21661747, -0.15263718, -0.96425039, -0.52643526;
 0.055297256, 0.98419774, -0.16821723, 0.7066291;
 0, 0, 0, 1]
Twc:
[0.97468925, -0.21661747, 0.055297256, -0.54955781;
 -0.089759186, -0.15263718, 0.98419774, -0.73930746;
 -0.20475399, -0.96425039, -0.16821723, -0.30546591;
 0, 0, 0, 1]
Ow:
[0.40674311;
 -0.52643526;
 0.7066291]
Keyframe: 1 Frame: 292 Frame from vFrameID : 120
Tcw:
[0.97989601, 0.044993669, -0.19436911, -0.10842086;
 -0.18981797, -0.089690857, -0.977714, -0.28118536;
 -0.061424073, 0.9949528, -0.079347104, -0.080647469;
 0, 0, 0, 1]
Twc:
[0.97989601, -0.18981797, -0.061424073, 0.04791344;
 0.044993669, -0.089690857, 0.9949528, 0.059898924;
 -0.19436911, -0.977714, -0.079347104, -0.30239168;
 0, 0, 0, 1]
Ow:
[-0.10842086;
 -0.28118536;
 -0.080647469]
