Keyframe: 0 Frame: 0 Frame from vFrameID : 144
Tcw:
[0.93368602, -0.2559571, -0.25043231, 1.4994988;
 -0.046259195, 0.6072771, -0.79314226, -2.1268759;
 0.3550922, 0.75213063, 0.55516577, 8.0188293;
 0, 0, 0, 1]
Twc:
[0.93368602, -0.046259195, 0.3550922, -4.3458729;
 -0.2559571, 0.6072771, 0.75213063, -4.3557973;
 -0.25043231, -0.79314226, 0.55516577, -5.7631721;
 0, 0, 0, 1]
Ow:
[1.4994988;
 -2.1268759;
 8.0188293]
Keyframe: 1 Frame: 764 Frame from vFrameID : 144
Tcw:
[0.93115211, -0.2567229, -0.25893852, 0.0111849;
 -0.058517262, 0.59572279, -0.80105561, -0.011989778;
 0.35990489, 0.76105696, 0.53968579, 0.066678084;
 0, 0, 0, 1]
Twc:
[0.93115211, -0.058517262, 0.35990489, -0.035114221;
 -0.2567229, 0.59572279, 0.76105696, -0.040731814;
 -0.25893852, -0.80105561, 0.53968579, -0.042693492;
 0, 0, 0, 1]
Ow:
[0.0111849;
 -0.011989778;
 0.066678084]
