Keyframe: 0 Frame: 0 Frame from vFrameID : 120
Tcw:
[0.9725523, -0.074968621, -0.22027642, 1.0298374;
 -0.21633649, 0.057243697, -0.97463924, -2.2596138;
 0.085676797, 0.99554151, 0.039454043, 2.6249039;
 0, 0, 0, 1]
Twc:
[0.9725523, -0.21633649, 0.085676797, -1.7153012;
 -0.074968621, 0.057243697, 0.99554151, -2.4066467;
 -0.22027642, -0.97463924, 0.039454043, -2.0790224;
 0, 0, 0, 1]
Ow:
[1.0298374;
 -2.2596138;
 2.6249039]
Keyframe: 1 Frame: 410 Frame from vFrameID : 120
Tcw:
[0.97569227, -0.072949916, -0.20664676, -0.017379753;
 -0.20293035, 0.055210743, -0.97763544, 0.026908655;
 0.082727544, 0.99580628, 0.039064944, -0.037233714;
 0, 0, 0, 1]
Twc:
[0.97569227, -0.20293035, 0.082727544, 0.025498126;
 -0.072949916, 0.055210743, 0.99580628, 0.034324065;
 -0.20664676, -0.97763544, 0.039064944, 0.024169916;
 0, 0, 0, 1]
Ow:
[-0.017379753;
 0.026908655;
 -0.037233714]
