Keyframe: 0 Frame: 0 Frame from vFrameID : 144
Tcw:
[0.92479122, -0.27955231, -0.25809252, 1.5611285;
 -0.068389475, 0.54515851, -0.8355388, -2.0893221;
 0.37427813, 0.79034972, 0.48503935, 7.3033829;
 0, 0, 0, 1]
Twc:
[0.92479122, -0.068389475, 0.37427813, -4.3201022;
 -0.27955231, 0.54515851, 0.79034972, -4.1967983;
 -0.25809252, -0.8355388, 0.48503935, -4.8852224;
 0, 0, 0, 1]
Ow:
[1.5611285;
 -2.0893221;
 7.3033829]
Keyframe: 1 Frame: 708 Frame from vFrameID : 144
Tcw:
[0.92336053, -0.28505659, -0.25719261, 0.014519475;
 -0.063555531, 0.54715937, -0.83461207, -0.022053784;
 0.37863702, 0.78699386, 0.48710847, 0.069711715;
 0, 0, 0, 1]
Twc:
[0.92336053, -0.063555531, 0.37863702, -0.041203786;
 -0.28505659, 0.54715937, 0.78699386, -0.038656883;
 -0.25719261, -0.83461207, 0.48710847, -0.048629217;
 0, 0, 0, 1]
Ow:
[0.014519475;
 -0.022053784;
 0.069711715]
