Keyframe: 0 Frame: 0 Frame from vFrameID : 144
Tcw:
[0.94848603, -0.24020645, -0.20657951, 1.5247806;
 -0.027887018, 0.58621311, -0.80967677, -2.1086681;
 0.31558922, 0.77372801, 0.54931635, 7.577981;
 0, 0, 0, 1]
Twc:
[0.94848603, -0.027887018, 0.31558922, -3.8965666;
 -0.24020645, 0.58621311, 0.77372801, -4.2609048;
 -0.20657951, -0.80967677, 0.54931635, -5.5550594;
 0, 0, 0, 1]
Ow:
[1.5247806;
 -2.1086681;
 7.577981]
Keyframe: 1 Frame: 730 Frame from vFrameID : 144
Tcw:
[0.95058942, -0.22638348, -0.21243879, 0.023943029;
 -0.046050712, 0.57389849, -0.81763065, -0.034509901;
 0.30701637, 0.78701401, 0.53511673, 0.14753783;
 0, 0, 0, 1]
Twc:
[0.95058942, -0.046050712, 0.30701637, -0.069645725;
 -0.22638348, 0.57389849, 0.78701401, -0.09088885;
 -0.21243879, -0.81763065, 0.53511673, -0.10207988;
 0, 0, 0, 1]
Ow:
[0.023943029;
 -0.034509901;
 0.14753783]
