Keyframe: 0 Frame: 0 Frame from vFrameID : 120
Tcw:
[0.98837006, -0.057789132, -0.14065914, 0.55046731;
 -0.1458644, -0.09878625, -0.9843601, -0.94661242;
 0.042990129, 0.99342924, -0.10606675, 1.1153562;
 0, 0, 0, 1]
Twc:
[0.98837006, -0.1458644, 0.042990129, -0.73009181;
 -0.057789132, -0.09878625, 0.99342924, -1.1697288;
 -0.14065914, -0.9843601, -0.10606675, -0.73607707;
 0, 0, 0, 1]
Ow:
[0.55046731;
 -0.94661242;
 1.1153562]
Keyframe: 1 Frame: 321 Frame from vFrameID : 120
Tcw:
[0.98699152, -0.055386439, -0.15093067, 0.0088134902;
 -0.15637876, -0.11276005, -0.98123944, -0.01616946;
 0.037328407, 0.99207735, -0.11995448, 0.0099328868;
 0, 0, 0, 1]
Twc:
[0.98699152, -0.15637876, 0.037328407, -0.011598179;
 -0.055386439, -0.11276005, 0.99207735, -0.011189315;
 -0.15093067, -0.98123944, -0.11995448, -0.013344391;
 0, 0, 0, 1]
Ow:
[0.0088134902;
 -0.01616946;
 0.0099328868]
