Keyframe: 0 Frame: 0 Frame from vFrameID : 120
Tcw:
[0.98064983, -0.098071277, -0.16943407, 0.6450426;
 -0.1739296, -0.039203431, -0.98397744, -1.1669943;
 0.089857526, 0.99440694, -0.055502336, 1.3459529;
 0, 0, 0, 1]
Twc:
[0.98064983, -0.1739296, 0.089857526, -0.95647973;
 -0.098071277, -0.039203431, 0.99440694, -1.3209149;
 -0.16943407, -0.98397744, -0.055502336, -0.96430027;
 0, 0, 0, 1]
Ow:
[0.6450426;
 -1.1669943;
 1.3459529]
Keyframe: 1 Frame: 336 Frame from vFrameID : 120
Tcw:
[0.98068953, -0.09815374, -0.16915658, -nan;
 -0.17372109, -0.039925791, -0.98398525, -inf;
 0.089828119, 0.99437004, -0.056206182, -nan;
 0, 0, 0, 1]
Twc:
[0.98068953, -0.17372109, 0.089828119, -inf;
 -0.09815374, -0.039925791, 0.99437004, -inf;
 -0.16915658, -0.98398525, -0.056206182, -inf;
 0, 0, 0, 1]
Ow:
[-nan;
 -inf;
 -nan]
