Keyframe: 0 Frame: 0 Frame from vFrameID : 144
Tcw:
[0.9195776, -0.26385462, -0.29113185, 1.5087073;
 -0.063444532, 0.63152653, -0.77275419, -2.115886;
 0.38775226, 0.72907817, 0.56399751, 8.3284969;
 0, 0, 0, 1]
Twc:
[0.9195776, -0.063444532, 0.38775226, -4.7510085;
 -0.26385462, 0.63152653, 0.72907817, -4.3378077;
 -0.29113185, -0.77275419, 0.56399751, -5.8930788;
 0, 0, 0, 1]
Ow:
[1.5087073;
 -2.115886;
 8.3284969]
Keyframe: 1 Frame: 788 Frame from vFrameID : 144
Tcw:
[0.90870929, -0.27639553, -0.31281453, 0.04825335;
 -0.075777352, 0.62770498, -0.77475435, -0.014703868;
 0.41049385, 0.72773075, 0.54945678, 0.11161625;
 0, 0, 0, 1]
Twc:
[0.90870929, -0.075777352, 0.41049385, -0.090780281;
 -0.27639553, 0.62770498, 0.72773075, -0.058659878;
 -0.31281453, -0.77475435, 0.54945678, -0.057625845;
 0, 0, 0, 1]
Ow:
[0.04825335;
 -0.014703868;
 0.11161625]
