Keyframe: 0 Frame: 0 Frame from vFrameID : 120
Tcw:
[0.99175596, -0.029193515, -0.1247713, 0.50959408;
 -0.12727028, -0.11108588, -0.98562783, -0.87209523;
 0.01491361, 0.99338192, -0.11388554, 1.0535381;
 0, 0, 0, 1]
Twc:
[0.99175596, -0.12727028, 0.01491361, -0.63209683;
 -0.029193515, -0.11108588, 0.99338192, -1.1285664;
 -0.1247713, -0.98562783, -0.11388554, -0.67599583;
 0, 0, 0, 1]
Ow:
[0.50959408;
 -0.87209523;
 1.0535381]
Keyframe: 1 Frame: 318 Frame from vFrameID : 120
Tcw:
[0.99206978, -0.031834673, -0.12159, 0.021671165;
 -0.12440678, -0.11091424, -0.9860127, -0.035854921;
 0.017903328, 0.99331999, -0.11399511, 0.043402031;
 0, 0, 0, 1]
Twc:
[0.99206978, -0.12440678, 0.017903328, -0.026736943;
 -0.031834673, -0.11091424, 0.99331999, -0.046399031;
 -0.12159, -0.9860127, -0.11399511, -0.027770787;
 0, 0, 0, 1]
Ow:
[0.021671165;
 -0.035854921;
 0.043402031]
