Keyframe: 0 Frame: 0 Frame from vFrameID : 120
Tcw:
[0.98895359, -0.048047382, -0.14022228, 0.72850227;
 -0.14026253, 0.0025494406, -0.99011105, -1.3858628;
 0.047929734, 0.99884182, -0.0042179693, 1.5935878;
 0, 0, 0, 1]
Twc:
[0.98895359, -0.14026253, 0.047929734, -0.99121976;
 -0.048047382, 0.0025494406, 0.99884182, -1.5532062;
 -0.14022228, -0.99011105, -0.0042179693, -1.2632842;
 0, 0, 0, 1]
Ow:
[0.72850227;
 -1.3858628;
 1.5935878]
Keyframe: 1 Frame: 349 Frame from vFrameID : 120
Tcw:
[0.98853362, -0.055071898, -0.14060007, 0.017040774;
 -0.1408546, -0.00074843358, -0.99002999, -0.020434871;
 0.054417599, 0.99848211, -0.008496982, 0.029443134;
 0, 0, 0, 1]
Twc:
[0.98853362, -0.1408546, 0.054417599, -0.021325948;
 -0.055071898, -0.00074843358, 0.99848211, -0.02847527;
 -0.14060007, -0.99002999, -0.008496982, -0.017585024;
 0, 0, 0, 1]
Ow:
[0.017040774;
 -0.020434871;
 0.029443134]
