Keyframe: 0 Frame: 0 Frame from vFrameID : 120
Tcw:
[0.97173512, -0.10824513, -0.20979466, 0.84557009;
 -0.21254721, -0.014420056, -0.9770444, -1.7281532;
 0.10273505, 0.99401963, -0.037019677, 2.0155869;
 0, 0, 0, 1]
Twc:
[0.97173512, -0.21254721, 0.10273505, -1.3960558;
 -0.10824513, -0.014420056, 0.99401963, -1.9369241;
 -0.20979466, -0.9770444, -0.037019677, -1.4364699;
 0, 0, 0, 1]
Ow:
[0.84557009;
 -1.7281532;
 2.0155869]
Keyframe: 1 Frame: 374 Frame from vFrameID : 120
Tcw:
[0.97736812, -0.10128547, -0.18572254, -0.0074930601;
 -0.18726766, -0.0058822245, -0.98229134, -0.0061743516;
 0.098399378, 0.99484003, -0.024716591, 0.015135148;
 0, 0, 0, 1]
Twc:
[0.97736812, -0.18726766, 0.098399378, 0.0046779322;
 -0.10128547, -0.0058822245, 0.99484003, -0.015852308;
 -0.18572254, -0.98229134, -0.024716591, -0.0070825526;
 0, 0, 0, 1]
Ow:
[-0.0074930601;
 -0.0061743516;
 0.015135148]
