Keyframe: 0 Frame: 0 Frame from vFrameID : 120
Tcw:
[0.99184543, -0.02981735, -0.12390961, 0.3268443;
 -0.12562539, -0.064954326, -0.98994911, -0.44775173;
 0.021469194, 0.99744266, -0.068170466, 0.60910541;
 0, 0, 0, 1]
Twc:
[0.99184543, -0.12562539, 0.021469194, -0.39350504;
 -0.02981735, -0.064954326, 0.99744266, -0.62688553;
 -0.12390961, -0.98994911, -0.068170466, -0.36122924;
 0, 0, 0, 1]
Ow:
[0.3268443;
 -0.44775173;
 0.60910541]
Keyframe: 1 Frame: 281 Frame from vFrameID : 120
Tcw:
[0.98995566, -0.0538872, -0.13070558, -0.010020937;
 -0.13432208, -0.070073321, -0.98845702, 0.0045406241;
 0.044106208, 0.99608529, -0.076607727, -0.018479416;
 0, 0, 0, 1]
Twc:
[0.98995566, -0.13432208, 0.044106208, 0.011345247;
 -0.0538872, -0.070073321, 0.99608529, 0.01818525;
 -0.13070558, -0.98845702, -0.076607727, 0.0017627537;
 0, 0, 0, 1]
Ow:
[-0.010020937;
 0.0045406241;
 -0.018479416]
