Keyframe: 0 Frame: 0 Frame from vFrameID : 120
Tcw:
[0.99062693, 0.0049304715, -0.1365062, 0.46280694;
 -0.13486651, -0.12318319, -0.98317695, -0.78913361;
 -0.021662796, 0.99237168, -0.12136363, 0.96219373;
 0, 0, 0, 1]
Twc:
[0.99062693, -0.13486651, -0.021662796, -0.54405296;
 0.0049304715, -0.12318319, 0.99237168, -1.0543438;
 -0.1365062, -0.98317695, -0.12136363, -0.59590662;
 0, 0, 0, 1]
Ow:
[0.46280694;
 -0.78913361;
 0.96219373]
Keyframe: 1 Frame: 312 Frame from vFrameID : 120
Tcw:
[0.99031508, -0.0050735381, -0.13874546, 0.016351555;
 -0.13815586, -0.13496473, -0.98117149, -0.011666836;
 -0.013747733, 0.9908374, -0.13435856, 0.028388608;
 0, 0, 0, 1]
Twc:
[0.99031508, -0.13815586, -0.013747733, -0.017414752;
 -0.0050735381, -0.13496473, 0.9908374, -0.029620148;
 -0.13874546, -0.98117149, -0.13435856, -0.0053642108;
 0, 0, 0, 1]
Ow:
[0.016351555;
 -0.011666836;
 0.028388608]
