Keyframe: 0 Frame: 0 Frame from vFrameID : 120
Tcw:
[0.98030245, -0.077731378, -0.18156236, 0.21566412;
 -0.18454978, -0.033089202, -0.98226601, -0.31507981;
 0.070345141, 0.99642509, -0.046782736, 0.34216973;
 0, 0, 0, 1]
Twc:
[0.98030245, -0.18454978, 0.070345141, -0.29363394;
 -0.077731378, -0.033089202, 0.99642509, -0.33460838;
 -0.18156236, -0.98226601, -0.046782736, -0.25432807;
 0, 0, 0, 1]
Ow:
[0.21566412;
 -0.31507981;
 0.34216973]
Keyframe: 1 Frame: 267 Frame from vFrameID : 120
Tcw:
[0.98282254, -0.070155151, -0.17069903, -0.042216398;
 -0.17343724, -0.03494871, -0.98422462, 0.0051927767;
 0.06308271, 0.99692369, -0.046515893, -0.035486992;
 0, 0, 0, 1]
Twc:
[0.98282254, -0.17343724, 0.06308271, 0.04463046;
 -0.070155151, -0.03494871, 0.99692369, 0.032597609;
 -0.17069903, -0.98422462, -0.046515893, -0.0037461484;
 0, 0, 0, 1]
Ow:
[-0.042216398;
 0.0051927767;
 -0.035486992]
