Keyframe: 0 Frame: 0 Frame from vFrameID : 144
Tcw:
[0.93991947, -0.25834021, -0.2231853, 1.5533341;
 -0.043084454, 0.55875534, -0.82821268, -2.0809302;
 0.33866662, 0.78806901, 0.5140546, 7.1595445;
 0, 0, 0, 1]
Twc:
[0.93991947, -0.043084454, 0.33866662, -3.9743638;
 -0.25834021, 0.55875534, 0.78806901, -4.078196;
 -0.2231853, -0.82821268, 0.5140546, -5.057168;
 0, 0, 0, 1]
Ow:
[1.5533341;
 -2.0809302;
 7.1595445]
Keyframe: 1 Frame: 700 Frame from vFrameID : 144
Tcw:
[0.9637031, -0.11217364, -0.24226721, 0.15721017;
 -0.1068768, 0.6694662, -0.7351138, 0.044438124;
 0.2446501, 0.73432422, 0.63317794, 0.35670611;
 0, 0, 0, 1]
Twc:
[0.9637031, -0.1068768, 0.2446501, -0.23402271;
 -0.11217364, 0.6694662, 0.73432422, -0.27405292;
 -0.24226721, -0.7351138, 0.63317794, -0.15510447;
 0, 0, 0, 1]
Ow:
[0.15721017;
 0.044438124;
 0.35670611]
