Keyframe: 0 Frame: 0 Frame from vFrameID : 120
Tcw:
[0.9876712, -0.060102779, -0.14454497, 0.74294472;
 -0.14558211, -0.013227754, -0.98925775, -1.4217004;
 0.057545137, 0.99810457, -0.021814562, 1.6339501;
 0, 0, 0, 1]
Twc:
[0.9876712, -0.14558211, 0.057545137, -1.0347852;
 -0.060102779, -0.013227754, 0.99810457, -1.605006;
 -0.14454497, -0.98925775, -0.021814562, -1.2633953;
 0, 0, 0, 1]
Ow:
[0.74294472;
 -1.4217004;
 1.6339501]
Keyframe: 1 Frame: 352 Frame from vFrameID : 120
Tcw:
[0.98788893, -0.069148391, -0.1389025, -0.015572997;
 -0.14048009, -0.018476063, -0.98991108, 0.018267797;
 0.065884389, 0.99743527, -0.02796627, -0.024006458;
 0, 0, 0, 1]
Twc:
[0.98788893, -0.14048009, 0.065884389, 0.019532306;
 -0.069148391, -0.018476063, 0.99743527, 0.023205558;
 -0.1389025, -0.98991108, -0.02796627, 0.015248995;
 0, 0, 0, 1]
Ow:
[-0.015572997;
 0.018267797;
 -0.024006458]
