Keyframe: 0 Frame: 0 Frame from vFrameID : 120
Tcw:
[0.9838832, -0.09548533, -0.15118346, 0.78177392;
 -0.15647586, -0.050569639, -0.98638636, -1.4928999;
 0.086540133, 0.99414551, -0.064695768, 1.7070658;
 0, 0, 0, 1]
Twc:
[0.9838832, -0.15647586, 0.086540133, -1.1505067;
 -0.09548533, -0.050569639, 0.99414551, -1.6979192;
 -0.15118346, -0.98638636, -0.064695768, -1.2439449;
 0, 0, 0, 1]
Ow:
[0.78177392;
 -1.4928999;
 1.7070658]
Keyframe: 1 Frame: 356 Frame from vFrameID : 120
Tcw:
[0.63947445, 0.76155436, -0.10539144, -0.50925583;
 -0.05992401, -0.087293997, -0.99437863, -0.33648384;
 -0.76647341, 0.64219522, -0.010186893, -0.19074227;
 0, 0, 0, 1]
Twc:
[0.63947445, -0.05992401, -0.76647341, 0.15929374;
 0.76155436, -0.087293997, 0.64219522, 0.48094675;
 -0.10539144, -0.99437863, -0.010186893, -0.39020663;
 0, 0, 0, 1]
Ow:
[-0.50925583;
 -0.33648384;
 -0.19074227]
