Keyframe: 0 Frame: 0 Frame from vFrameID : 120
Tcw:
[0.99728656, -0.008145879, -0.073165134, 0.15577546;
 -0.073045321, 0.014145332, -0.99722832, -0.11371427;
 0.0091582462, 0.99986678, 0.013511932, 0.009862138;
 0, 0, 0, 1]
Twc:
[0.99728656, -0.073045321, 0.0091582462, -0.1637494;
 -0.008145879, 0.014145332, 0.99986678, -0.0069833696;
 -0.073165134, -0.99722832, 0.013511932, -0.10213501;
 0, 0, 0, 1]
Ow:
[0.15577546;
 -0.11371427;
 0.009862138]
Keyframe: 1 Frame: 226 Frame from vFrameID : 120
Tcw:
[0.99703932, -0.01094, -0.076111205, 0.00046745274;
 -0.075797893, 0.026658226, -0.99676681, -0.0013512111;
 0.012933619, 0.99958473, 0.025750069, 0.00053598994;
 0, 0, 0, 1]
Twc:
[0.99703932, -0.075797893, 0.012933619, -0.00057541998;
 -0.01094, 0.026658226, 0.99958473, -0.00049463258;
 -0.076111205, -0.99676681, 0.025750069, -0.0013250657;
 0, 0, 0, 1]
Ow:
[0.00046745274;
 -0.0013512111;
 0.00053598994]
