Keyframe: 0 Frame: 0 Frame from vFrameID : 144
Tcw:
[0.99659991, 0.082066096, -0.0073343092, 0.046448894;
 -0.0037241399, -0.044057887, -0.99902207, 0.0080238869;
 -0.082308978, 0.99565256, -0.043602459, -0.10571366;
 0, 0, 0, 1]
Twc:
[0.99659991, -0.0037241399, -0.082308978, -0.054962263;
 0.082066096, -0.044057887, 0.99565256, 0.10179571;
 -0.0073343092, -0.99902207, -0.043602459, 0.0037473345;
 0, 0, 0, 1]
Ow:
[0.046448894;
 0.0080238869;
 -0.10571366]
Keyframe: 1 Frame: 155 Frame from vFrameID : 144
Tcw:
[0.99466383, 0.10218293, 0.014231881, 0.03776243;
 0.020164864, -0.057266261, -0.9981553, 0.011857333;
 -0.10117943, 0.9931159, -0.059021182, -0.091672085;
 0, 0, 0, 1]
Twc:
[0.99466383, 0.020164864, -0.10117943, -0.04707535;
 0.10218293, -0.057266261, 0.9931159, 0.087861352;
 0.014231881, -0.9981553, -0.059021182, 0.0058874339;
 0, 0, 0, 1]
Ow:
[0.03776243;
 0.011857333;
 -0.091672085]
Keyframe: 2 Frame: 161 Frame from vFrameID : 162
Tcw:
[0.99122876, 0.12496988, 0.042989429, 0.034800287;
 0.046509646, -0.025387391, -0.99859518, 0.0066684899;
 -0.12370294, 0.99183565, -0.030977016, -0.11244645;
 0, 0, 0, 1]
Twc:
[0.99122876, 0.046509646, -0.12370294, -0.048715148;
 0.12496988, -0.025387391, 0.99183565, 0.10734871;
 0.042989429, -0.99859518, -0.030977016, 0.0016798218;
 0, 0, 0, 1]
Ow:
[0.034800287;
 0.0066684899;
 -0.11244645]
Keyframe: 3 Frame: 165 Frame from vFrameID : 166
Tcw:
[0.99116826, 0.12186724, 0.052285779, 0.038274728;
 0.053750873, -0.008763439, -0.9985159, 0.011139174;
 -0.12122817, 0.9925077, -0.015236513, -0.10931671;
 0, 0, 0, 1]
Twc:
[0.99116826, 0.053750873, -0.12122817, -0.051787704;
 0.12186724, -0.008763439, 0.9925077, 0.10393086;
 0.052285779, -0.9985159, -0.015236513, 0.0074558132;
 0, 0, 0, 1]
Ow:
[0.038274728;
 0.011139174;
 -0.10931671]
Keyframe: 4 Frame: 170 Frame from vFrameID : 171
Tcw:
[0.9927814, 0.10969377, 0.048500627, 0.041858625;
 0.048715763, 0.0007195053, -0.99881244, 0.011408925;
 -0.1095984, 0.99396515, -0.0046295039, -0.10919444;
 0, 0, 0, 1]
Twc:
[0.9927814, 0.048715763, -0.1095984, -0.054079797;
 0.10969377, 0.0007195053, 0.99396515, 0.10393563;
 0.048500627, -0.99881244, -0.0046295039, 0.0088596903;
 0, 0, 0, 1]
Ow:
[0.041858625;
 0.011408925;
 -0.10919444]
Keyframe: 5 Frame: 174 Frame from vFrameID : 175
Tcw:
[0.9947952, 0.094706066, 0.037592933, 0.043995939;
 0.037289418, 0.0049731187, -0.99929214, 0.010259413;
 -0.094825976, 0.99549288, 0.0014157003, -0.10821761;
 0, 0, 0, 1]
Twc:
[0.9947952, 0.037289418, -0.094825976, -0.054411359;
 0.094706066, 0.0049731187, 0.99549288, 0.10351215;
 0.037592933, -0.99929214, 0.0014157003, 0.0087514184;
 0, 0, 0, 1]
Ow:
[0.043995939;
 0.010259413;
 -0.10821761]
Keyframe: 6 Frame: 178 Frame from vFrameID : 179
Tcw:
[0.99695712, 0.076360442, 0.015669329, 0.048533417;
 0.015964255, -0.003253385, -0.99986726, 0.0082400031;
 -0.076299325, 0.99707496, -0.0044625229, -0.10773405;
 0, 0, 0, 1]
Twc:
[0.99695712, 0.015964255, -0.076299325, -0.056737322;
 0.076360442, -0.003253385, 0.99707496, 0.10373969;
 0.015669329, -0.99986726, -0.0044625229, 0.0069976584;
 0, 0, 0, 1]
Ow:
[0.048533417;
 0.0082400031;
 -0.10773405]
Keyframe: 7 Frame: 183 Frame from vFrameID : 184
Tcw:
[0.99876547, 0.048067816, -0.012532574, 0.054873209;
 -0.011349046, -0.02481645, -0.99962759, 0.0067731338;
 -0.048360929, 0.99853575, -0.024240289, -0.10649044;
 0, 0, 0, 1]
Twc:
[0.99876547, -0.011349046, -0.048360929, -0.059878573;
 0.048067816, -0.02481645, 0.99853575, 0.10386496;
 -0.012532574, -0.99962759, -0.024240289, 0.0048769549;
 0, 0, 0, 1]
Ow:
[0.054873209;
 0.0067731338;
 -0.10649044]
Keyframe: 8 Frame: 187 Frame from vFrameID : 188
Tcw:
[0.99900329, 0.024408743, -0.0373713, 0.057349939;
 -0.036577221, -0.032206833, -0.99881172, 0.0058742124;
 -0.025583349, 0.99918312, -0.031281929, -0.1072936;
 0, 0, 0, 1]
Twc:
[0.99900329, -0.036577221, -0.025583349, -0.05982285;
 0.024408743, -0.032206833, 0.99918312, 0.1059953;
 -0.0373713, -0.99881172, -0.031281929, 0.004654123;
 0, 0, 0, 1]
Ow:
[0.057349939;
 0.0058742124;
 -0.1072936]
Keyframe: 9 Frame: 192 Frame from vFrameID : 193
Tcw:
[0.99816197, -0.0031823071, -0.060518749, 0.064014569;
 -0.060573716, -0.021690942, -0.99792802, 0.009598949;
 0.0018630046, 0.99975967, -0.021843839, -0.10668492;
 0, 0, 0, 1]
Twc:
[0.99816197, -0.060573716, 0.0018630046, -0.063116714;
 -0.0031823071, -0.021690942, 0.99975967, 0.1070712;
 -0.060518749, -0.99792802, -0.021843839, 0.011122734;
 0, 0, 0, 1]
Ow:
[0.064014569;
 0.009598949;
 -0.10668492]
Keyframe: 10 Frame: 198 Frame from vFrameID : 199
Tcw:
[0.99707752, -0.020002, -0.073731244, 0.067376971;
 -0.073450312, 0.014435177, -0.99719441, 0.013357936;
 0.021010205, 0.99969572, 0.012923838, -0.10698392;
 0, 0, 0, 1]
Twc:
[0.99707752, -0.073450312, 0.021010205, -0.063951172;
 -0.020002, 0.014435177, 0.99969572, 0.10810623;
 -0.073731244, -0.99719441, 0.012923838, 0.019670891;
 0, 0, 0, 1]
Ow:
[0.067376971;
 0.013357936;
 -0.10698392]
Keyframe: 11 Frame: 204 Frame from vFrameID : 205
Tcw:
[0.99887848, -0.020674285, -0.04259545, 0.066545159;
 -0.041583329, 0.047137149, -0.9980225, 0.017811231;
 0.02264123, 0.99867445, 0.046224575, -0.10691028;
 0, 0, 0, 1]
Twc:
[0.99887848, -0.041583329, 0.02264123, -0.063309297;
 -0.020674285, 0.047137149, 0.99867445, 0.10730477;
 -0.04259545, -0.9980225, 0.046224575, 0.025552414;
 0, 0, 0, 1]
Ow:
[0.066545159;
 0.017811231;
 -0.10691028]
Keyframe: 12 Frame: 210 Frame from vFrameID : 211
Tcw:
[0.99983281, 0.018180382, -0.001964537, 0.066009954;
 -0.0030210579, 0.058269553, -0.99829632, 0.017347939;
 -0.018034935, 0.99813533, 0.058314733, -0.10423657;
 0, 0, 0, 1]
Twc:
[0.99983281, -0.0030210579, -0.018034935, -0.067826405;
 0.018180382, 0.058269553, 0.99813533, 0.10183126;
 -0.001964537, -0.99829632, 0.058314733, 0.02352659;
 0, 0, 0, 1]
Ow:
[0.066009954;
 0.017347939;
 -0.10423657]
Keyframe: 13 Frame: 217 Frame from vFrameID : 218
Tcw:
[0.99905097, 0.043036897, 0.0067089, 0.062345017;
 0.0046846564, 0.04696466, -0.99888557, 0.014695765;
 -0.043304015, 0.99796903, 0.046718478, -0.10448977;
 0, 0, 0, 1]
Twc:
[0.99905097, 0.0046846564, -0.043304015, -0.066879518;
 0.043036897, 0.04696466, 0.99796903, 0.10090424;
 0.0067089, -0.99888557, 0.046718478, 0.019142725;
 0, 0, 0, 1]
Ow:
[0.062345017;
 0.014695765;
 -0.10448977]
Keyframe: 14 Frame: 224 Frame from vFrameID : 225
Tcw:
[0.99961507, 0.009830582, 0.025942374, 0.061243512;
 0.025497075, 0.042996518, -0.99874979, 0.018320382;
 -0.010933723, 0.99902683, 0.042729318, -0.093206339;
 0, 0, 0, 1]
Twc:
[0.99961507, 0.025497075, -0.010933723, -0.06270615;
 0.009830582, 0.042996518, 0.99902683, 0.091725871;
 0.025942374, -0.99874979, 0.042729318, 0.02069132;
 0, 0, 0, 1]
Ow:
[0.061243512;
 0.018320382;
 -0.093206339]
Keyframe: 15 Frame: 233 Frame from vFrameID : 234
Tcw:
[0.99944711, -0.031142119, -0.011644975, 0.15233772;
 -0.012228319, -0.018607294, -0.9997521, -0.0073717637;
 0.030917717, 0.99934173, -0.018977823, 0.08087337;
 0, 0, 0, 1]
Twc:
[0.99944711, -0.012228319, 0.030917717, -0.15484406;
 -0.031142119, -0.018607294, 0.99934173, -0.076213188;
 -0.011644975, -0.9997521, -0.018977823, -0.0040611667;
 0, 0, 0, 1]
Ow:
[0.15233772;
 -0.0073717637;
 0.08087337]
Keyframe: 16 Frame: 243 Frame from vFrameID : 244
Tcw:
[0.99986655, -0.0017236758, 0.01624408, 0.16688243;
 0.016305864, 0.045669254, -0.99882352, -0.074381463;
 0.00097979291, 0.99895513, 0.045691267, 0.18030111;
 0, 0, 0, 1]
Twc:
[0.99986655, 0.016305864, 0.00097979291, -0.16582397;
 -0.0017236758, 0.045669254, 0.99895513, -0.17642812;
 0.01624408, -0.99882352, 0.045691267, -0.085242994;
 0, 0, 0, 1]
Ow:
[0.16688243;
 -0.074381463;
 0.18030111]
Keyframe: 17 Frame: 254 Frame from vFrameID : 255
Tcw:
[0.99877995, -0.040581066, -0.028138351, 0.19232321;
 -0.026946289, 0.02962867, -0.99919772, -0.10643499;
 0.041382212, 0.99873686, 0.028499013, 0.28298607;
 0, 0, 0, 1]
Twc:
[0.99877995, -0.026946289, 0.041382212, -0.20666717;
 -0.040581066, 0.02962867, 0.99873686, -0.2716704;
 -0.028138351, -0.99919772, 0.028499013, -0.10900275;
 0, 0, 0, 1]
Ow:
[0.19232321;
 -0.10643499;
 0.28298607]
Keyframe: 18 Frame: 264 Frame from vFrameID : 265
Tcw:
[0.99297339, -0.094950952, -0.070626713, 0.25490931;
 -0.064139642, 0.069721334, -0.99550241, -0.16809411;
 0.099448092, 0.9930374, 0.063141309, 0.37368259;
 0, 0, 0, 1]
Twc:
[0.99297339, -0.064139642, 0.099448092, -0.30106169;
 -0.094950952, 0.069721334, 0.9930374, -0.33515713;
 -0.070626713, -0.99550241, 0.063141309, -0.1729295;
 0, 0, 0, 1]
Ow:
[0.25490931;
 -0.16809411;
 0.37368259]
Keyframe: 19 Frame: 275 Frame from vFrameID : 276
Tcw:
[0.9991945, -0.039408766, 0.0075730444, 0.2585752;
 0.0096410923, 0.052554294, -0.99857152, -0.16266359;
 0.038954474, 0.99784017, 0.052891903, 0.55578703;
 0, 0, 0, 1]
Twc:
[0.9991945, 0.0096410923, 0.038954474, -0.27844903;
 -0.039408766, 0.052554294, 0.99784017, -0.53584778;
 0.0075730444, -0.99857152, 0.052891903, -0.19378607;
 0, 0, 0, 1]
Ow:
[0.2585752;
 -0.16266359;
 0.55578703]
Keyframe: 20 Frame: 281 Frame from vFrameID : 282
Tcw:
[0.99967635, -0.024570873, 0.006591558, 0.34082201;
 0.0074072699, 0.033256512, -0.99941939, -0.23161006;
 0.024337394, 0.99914479, 0.033427749, 0.70012248;
 0, 0, 0, 1]
Twc:
[0.99967635, 0.0074072699, 0.024337394, -0.35603529;
 -0.024570873, 0.033256512, 0.99914479, -0.68344688;
 0.006591558, -0.99941939, 0.033427749, -0.25712565;
 0, 0, 0, 1]
Ow:
[0.34082201;
 -0.23161006;
 0.70012248]
Keyframe: 21 Frame: 285 Frame from vFrameID : 286
Tcw:
[0.99746937, -0.032692999, -0.06313467, 0.35204849;
 -0.063270956, -0.0031498286, -0.99799144, -0.26932403;
 0.03242847, 0.99946046, -0.0052103749, 0.7354421;
 0, 0, 0, 1]
Twc:
[0.99746937, -0.063270956, 0.03242847, -0.39204726;
 -0.032692999, -0.0031498286, 0.99946046, -0.72438413;
 -0.06313467, -0.99799144, -0.0052103749, -0.24272467;
 0, 0, 0, 1]
Ow:
[0.35204849;
 -0.26932403;
 0.7354421]
Keyframe: 22 Frame: 289 Frame from vFrameID : 290
Tcw:
[0.99123859, -0.073183648, -0.10995525, 0.39587584;
 -0.10801844, 0.029928833, -0.9936983, -0.35364667;
 0.076013297, 0.99686933, 0.021761432, 0.71947265;
 0, 0, 0, 1]
Twc:
[0.99123859, -0.10801844, 0.076013297, -0.48529729;
 -0.073183648, 0.029928833, 0.99686933, -0.67766428;
 -0.10995525, -0.9936983, 0.021761432, -0.3235462;
 0, 0, 0, 1]
Ow:
[0.39587584;
 -0.35364667;
 0.71947265]
Keyframe: 23 Frame: 294 Frame from vFrameID : 295
Tcw:
[0.99201876, -0.09060283, -0.087692104, 0.41112944;
 -0.087209418, 0.009280378, -0.9961468, -0.30228055;
 0.09106753, 0.99584389, 0.0013048889, 0.91568559;
 0, 0, 0, 1]
Twc:
[0.99201876, -0.087209418, 0.09106753, -0.51759905;
 -0.09060283, 0.009280378, 0.99584389, -0.8718251;
 -0.087692104, -0.9961468, 0.0013048889, -0.26625785;
 0, 0, 0, 1]
Ow:
[0.41112944;
 -0.30228055;
 0.91568559]
Keyframe: 24 Frame: 300 Frame from vFrameID : 301
Tcw:
[0.97949469, -0.19623785, -0.045616727, 0.48431787;
 -0.032710075, 0.068517424, -0.99711353, -0.5002377;
 0.19879696, 0.97815955, 0.060693499, 0.92021769;
 0, 0, 0, 1]
Twc:
[0.97949469, -0.032710075, 0.19879696, -0.67368603;
 -0.19623785, 0.068517424, 0.97815955, -0.77080315;
 -0.045616727, -0.99711353, 0.060693499, -0.53255206;
 0, 0, 0, 1]
Ow:
[0.48431787;
 -0.5002377;
 0.92021769]
Keyframe: 25 Frame: 304 Frame from vFrameID : 305
Tcw:
[0.99709296, -0.06349799, -0.042114124, 0.44066066;
 -0.034506131, 0.11648202, -0.99259323, -0.43086785;
 0.067933209, 0.99116093, 0.11395233, 0.92481339;
 0, 0, 0, 1]
Twc:
[0.99709296, -0.034506131, 0.067933209, -0.5170728;
 -0.06349799, 0.11648202, 0.99116093, -0.83846945;
 -0.042114124, -0.99259323, 0.11395233, -0.51450312;
 0, 0, 0, 1]
Ow:
[0.44066066;
 -0.43086785;
 0.92481339]
Keyframe: 26 Frame: 307 Frame from vFrameID : 308
Tcw:
[0.99869692, -0.047080401, -0.019695513, 0.47323874;
 -0.016896339, 0.059131008, -0.99810725, -0.50480515;
 0.048155904, 0.99713939, 0.05825847, 0.97897518;
 0, 0, 0, 1]
Twc:
[0.99869692, -0.016896339, 0.048155904, -0.52829486;
 -0.047080401, 0.059131008, 0.99713939, -0.92404479;
 -0.019695513, -0.99810725, 0.05825847, -0.55156255;
 0, 0, 0, 1]
Ow:
[0.47323874;
 -0.50480515;
 0.97897518]
Keyframe: 27 Frame: 310 Frame from vFrameID : 311
Tcw:
[0.99871671, -0.013531229, 0.048804019, 0.43468609;
 0.049688853, 0.075420372, -0.99591303, -0.50293326;
 0.0097951107, 0.99706, 0.075995937, 1.0236506;
 0, 0, 0, 1]
Twc:
[0.99871671, 0.049688853, 0.0097951107, -0.41916487;
 -0.013531229, 0.075420372, 0.99706, -0.97682792;
 0.048804019, -0.99591303, 0.075995937, -0.59988552;
 0, 0, 0, 1]
Ow:
[0.43468609;
 -0.50293326;
 1.0236506]
Keyframe: 28 Frame: 313 Frame from vFrameID : 314
Tcw:
[0.99932212, 0.011432453, 0.034994092, 0.47363994;
 0.03409024, 0.071470112, -0.99686003, -0.50913537;
 -0.013897587, 0.99737722, 0.071031928, 1.0412891;
 0, 0, 0, 1]
Twc:
[0.99932212, 0.03409024, -0.013897587, -0.44149092;
 0.011432453, 0.071470112, 0.99737722, -1.0075849;
 0.034994092, -0.99686003, 0.071031928, -0.59807605;
 0, 0, 0, 1]
Ow:
[0.47363994;
 -0.50913537;
 1.0412891]
Keyframe: 29 Frame: 318 Frame from vFrameID : 319
Tcw:
[0.9832868, -0.16743006, 0.071514189, 0.3655377;
 0.086393915, 0.08333566, -0.99276948, -0.53366637;
 0.16025977, 0.98235554, 0.096407793, 1.0755546;
 0, 0, 0, 1]
Twc:
[0.9832868, 0.086393915, 0.16025977, -0.48569098;
 -0.16743006, 0.08333566, 0.98235554, -0.95090157;
 0.071514189, -0.99276948, 0.096407793, -0.65964067;
 0, 0, 0, 1]
Ow:
[0.3655377;
 -0.53366637;
 1.0755546]
Keyframe: 30 Frame: 321 Frame from vFrameID : 322
Tcw:
[0.98230511, -0.18721572, 0.0051870109, 0.47855541;
 0.0073518665, 0.010870948, -0.99991387, -0.40922189;
 0.18714321, 0.98225868, 0.012054972, 1.253153;
 0, 0, 0, 1]
Twc:
[0.98230511, 0.0073518665, 0.18714321, -0.70159799;
 -0.18721572, 0.010870948, 0.98225868, -1.1368787;
 0.0051870109, -0.99991387, 0.012054972, -0.42677563;
 0, 0, 0, 1]
Ow:
[0.47855541;
 -0.40922189;
 1.253153]
Keyframe: 31 Frame: 327 Frame from vFrameID : 328
Tcw:
[0.97788846, -0.20332049, -0.048938312, 0.5263682;
 -0.03729561, 0.060707077, -0.99745864, -0.42562643;
 0.20577466, 0.97722846, 0.051781788, 1.2670003;
 0, 0, 0, 1]
Twc:
[0.97788846, -0.03729561, 0.20577466, -0.79131997;
 -0.20332049, 0.060707077, 0.97722846, -1.1052887;
 -0.048938312, -0.99745864, 0.051781788, -0.46439272;
 0, 0, 0, 1]
Ow:
[0.5263682;
 -0.42562643;
 1.2670003]
Keyframe: 32 Frame: 333 Frame from vFrameID : 334
Tcw:
[0.98804855, -0.15385893, 0.0093525527, 0.51114953;
 0.028099837, 0.12012888, -0.99236053, -0.76425683;
 0.15156001, 0.9807632, 0.12301657, 1.3220283;
 0, 0, 0, 1]
Twc:
[0.98804855, 0.028099837, 0.15156001, -0.68393171;
 -0.15385893, 0.12012888, 0.9807632, -1.1261426;
 0.0093525527, -0.99236053, 0.12301657, -0.9258303;
 0, 0, 0, 1]
Ow:
[0.51114953;
 -0.76425683;
 1.3220283]
Keyframe: 33 Frame: 337 Frame from vFrameID : 338
Tcw:
[0.9906584, -0.13316916, 0.029358519, 0.50960803;
 0.041557401, 0.08977057, -0.99509507, -0.78414893;
 0.12988044, 0.98701936, 0.094466135, 1.3618263;
 0, 0, 0, 1]
Twc:
[0.9906584, 0.041557401, 0.12988044, -0.64913487;
 -0.13316916, 0.08977057, 0.98701936, -1.2058914;
 0.029358519, -0.99509507, 0.094466135, -0.92391062;
 0, 0, 0, 1]
Ow:
[0.50960803;
 -0.78414893;
 1.3618263]
Keyframe: 34 Frame: 342 Frame from vFrameID : 343
Tcw:
[0.99631739, -0.064736143, 0.056222033, 0.50913161;
 0.062279046, 0.095701776, -0.99345988, -0.79750168;
 0.058932208, 0.99330276, 0.099381052, 1.4494634;
 0, 0, 0, 1]
Twc:
[0.99631739, 0.062279046, 0.058932208, -0.5430091;
 -0.064736143, 0.095701776, 0.99330276, -1.3304745;
 0.056222033, -0.99345988, 0.099381052, -0.96495944;
 0, 0, 0, 1]
Ow:
[0.50913161;
 -0.79750168;
 1.4494634]
Keyframe: 35 Frame: 348 Frame from vFrameID : 349
Tcw:
[0.99655855, -0.054535788, 0.062425133, 0.85051799;
 0.065677151, 0.060026322, -0.99603379, -1.3167762;
 0.050572336, 0.99670589, 0.063401498, 2.0417283;
 0, 0, 0, 1]
Twc:
[0.99655855, 0.065677151, 0.050572336, -0.86436385;
 -0.054535788, 0.060026322, 0.99670589, -1.9095778;
 0.062425133, -0.99603379, 0.063401498, -1.4940959;
 0, 0, 0, 1]
Ow:
[0.85051799;
 -1.3167762;
 2.0417283]
Keyframe: 36 Frame: 353 Frame from vFrameID : 354
Tcw:
[0.99729306, -0.066089556, 0.032229062, 0.59473431;
 0.043983977, 0.18495576, -0.98176205, -0.69711554;
 0.058923267, 0.9805221, 0.18736197, 1.6636813;
 0, 0, 0, 1]
Twc:
[0.99729306, 0.043983977, 0.058923267, -0.660492;
 -0.066089556, 0.18495576, 0.9805221, -1.4630349;
 0.032229062, -0.98176205, 0.18736197, -1.0152799;
 0, 0, 0, 1]
Ow:
[0.59473431;
 -0.69711554;
 1.6636813]
Keyframe: 37 Frame: 355 Frame from vFrameID : 356
Tcw:
[0.99326801, -0.06182456, -0.097961389, 1.0490196;
 -0.088732637, 0.13756138, -0.98651069, -0.64480412;
 0.074466296, 0.98856187, 0.13114946, 1.7493821;
 0, 0, 0, 1]
Twc:
[0.99326801, -0.088732637, 0.074466296, -1.2294426;
 -0.06182456, 0.13756138, 0.98856187, -1.5758172;
 -0.097961389, -0.98651069, 0.13114946, -0.76277333;
 0, 0, 0, 1]
Ow:
[1.0490196;
 -0.64480412;
 1.7493821]
Keyframe: 38 Frame: 358 Frame from vFrameID : 359
Tcw:
[0.99283844, -0.033961281, -0.11453575, 0.97265625;
 -0.10776918, 0.15910958, -0.98136127, -0.72150594;
 0.051552024, 0.98667663, 0.15431014, 1.7398534;
 0, 0, 0, 1]
Twc:
[0.99283844, -0.10776918, 0.051552024, -1.1331396;
 -0.033961281, 0.15910958, 0.98667663, -1.5688415;
 -0.11453575, -0.98136127, 0.15431014, -0.86513108;
 0, 0, 0, 1]
Ow:
[0.97265625;
 -0.72150594;
 1.7398534]
Keyframe: 39 Frame: 363 Frame from vFrameID : 364
Tcw:
[0.99199641, -0.06059907, -0.11077427, 0.97540683;
 -0.096246965, 0.20496076, -0.9740265, -0.78070199;
 0.081729479, 0.97689241, 0.19748786, 1.7258892;
 0, 0, 0, 1]
Twc:
[0.99199641, -0.096246965, 0.081729479, -1.1837963;
 -0.06059907, 0.20496076, 0.97689241, -1.466886;
 -0.11077427, -0.9740265, 0.19748786, -0.99321657;
 0, 0, 0, 1]
Ow:
[0.97540683;
 -0.78070199;
 1.7258892]
Keyframe: 40 Frame: 368 Frame from vFrameID : 369
Tcw:
[0.99147379, -0.052627567, -0.1192058, 0.96482646;
 -0.10719325, 0.19074018, -0.97577035, -0.81372631;
 0.074089758, 0.98022878, 0.18347257, 1.8147874;
 0, 0, 0, 1]
Twc:
[0.99147379, -0.10719325, 0.074089758, -1.1782832;
 -0.052627567, 0.19074018, 0.98022878, -1.5729202;
 -0.1192058, -0.97577035, 0.18347257, -1.0119609;
 0, 0, 0, 1]
Ow:
[0.96482646;
 -0.81372631;
 1.8147874]
Keyframe: 41 Frame: 373 Frame from vFrameID : 374
Tcw:
[0.98414254, -0.13479251, -0.1153014, 0.90391678;
 -0.09023679, 0.17917518, -0.97967011, -0.93278235;
 0.15271135, 0.97453952, 0.16417068, 2.0056663;
 0, 0, 0, 1]
Twc:
[0.98414254, -0.09023679, 0.15271135, -1.2800423;
 -0.13479251, 0.17917518, 0.97453952, -1.6656282;
 -0.1153014, -0.97967011, 0.16417068, -1.1388677;
 0, 0, 0, 1]
Ow:
[0.90391678;
 -0.93278235;
 2.0056663]
Keyframe: 42 Frame: 377 Frame from vFrameID : 378
Tcw:
[0.99235541, -0.11117596, -0.053579018, 0.91848612;
 -0.029925551, 0.20441769, -0.97842622, -0.97948575;
 0.11972997, 0.97254992, 0.19952799, 1.9399225;
 0, 0, 0, 1]
Twc:
[0.99235541, -0.029925551, 0.11972997, -1.1730431;
 -0.11117596, 0.20441769, 0.97254992, -1.5843335;
 -0.053579018, -0.97842622, 0.19952799, -1.2962118;
 0, 0, 0, 1]
Ow:
[0.91848612;
 -0.97948575;
 1.9399225]
Keyframe: 43 Frame: 382 Frame from vFrameID : 383
Tcw:
[0.98951632, -0.13538791, -0.050274834, 0.8495298;
 -0.022532707, 0.19912095, -0.97971582, -1.0529009;
 0.14265245, 0.97057766, 0.19398278, 2.0724344;
 0, 0, 0, 1]
Twc:
[0.98951632, -0.022532707, 0.14265245, -1.1599861;
 -0.13538791, 0.19912095, 0.97057766, -1.6867878;
 -0.050274834, -0.97971582, 0.19398278, -1.3908504;
 0, 0, 0, 1]
Ow:
[0.8495298;
 -1.0529009;
 2.0724344]
Keyframe: 44 Frame: 386 Frame from vFrameID : 387
Tcw:
[0.98609728, -0.15100555, -0.069350369, 0.92396784;
 -0.043135975, 0.17041838, -0.98442715, -1.0398588;
 0.16047254, 0.97373247, 0.16153532, 2.2728765;
 0, 0, 0, 1]
Twc:
[0.98609728, -0.043135975, 0.16047254, -1.3207117;
 -0.15100555, 0.17041838, 0.97373247, -1.8964384;
 -0.069350369, -0.98442715, 0.16153532, -1.3267378;
 0, 0, 0, 1]
Ow:
[0.92396784;
 -1.0398588;
 2.2728765]
Keyframe: 45 Frame: 391 Frame from vFrameID : 392
Tcw:
[0.97962314, -0.15146773, -0.13189414, 0.92675698;
 -0.10187031, 0.19123718, -0.9762432, -1.1297572;
 0.1730924, 0.96978652, 0.17191032, 2.3204322;
 0, 0, 0, 1]
Twc:
[0.97962314, -0.10187031, 0.1730924, -1.4246105;
 -0.15146773, 0.19123718, 0.96978652, -1.8938985;
 -0.13189414, -0.9762432, 0.17191032, -1.3795902;
 0, 0, 0, 1]
Ow:
[0.92675698;
 -1.1297572;
 2.3204322]
Keyframe: 46 Frame: 396 Frame from vFrameID : 397
Tcw:
[0.98074853, -0.1354128, -0.14069718, 0.90025544;
 -0.10854279, 0.2209187, -0.96923339, -1.1503572;
 0.16232924, 0.96584588, 0.2019676, 2.3340392;
 0, 0, 0, 1]
Twc:
[0.98074853, -0.10854279, 0.16232924, -1.3866701;
 -0.1354128, 0.2209187, 0.96584588, -1.8782808;
 -0.14069718, -0.96923339, 0.2019676, -1.4597017;
 0, 0, 0, 1]
Ow:
[0.90025544;
 -1.1503572;
 2.3340392]
Keyframe: 47 Frame: 401 Frame from vFrameID : 402
Tcw:
[0.97971302, -0.15762761, -0.12375768, 0.98196429;
 -0.090160571, 0.20483202, -0.97463578, -1.2026615;
 0.17897904, 0.96602142, 0.1864648, 2.4607568;
 0, 0, 0, 1]
Twc:
[0.97971302, -0.090160571, 0.17897904, -1.5108997;
 -0.15762761, 0.20483202, 0.96602142, -1.9760154;
 -0.12375768, -0.97463578, 0.1864648, -1.5094758;
 0, 0, 0, 1]
Ow:
[0.98196429;
 -1.2026615;
 2.4607568]
Keyframe: 48 Frame: 407 Frame from vFrameID : 408
Tcw:
[0.98525476, -0.1409491, -0.096986823, 0.98946959;
 -0.068008952, 0.19752364, -0.97793621, -1.2912453;
 0.15699641, 0.97011226, 0.1850253, 2.5623982;
 0, 0, 0, 1]
Twc:
[0.98525476, -0.068008952, 0.15699641, -1.4649831;
 -0.1409491, 0.19752364, 0.97011226, -2.0912974;
 -0.096986823, -0.97793621, 0.1850253, -1.6408985;
 0, 0, 0, 1]
Ow:
[0.98946959;
 -1.2912453;
 2.5623982]
Keyframe: 49 Frame: 413 Frame from vFrameID : 414
Tcw:
[0.98706257, -0.14955662, -0.057795517, 1.0180125;
 -0.027752839, 0.1956581, -0.98027939, -1.3262024;
 0.15791544, 0.96920109, 0.18897617, 2.6670775;
 0, 0, 0, 1]
Twc:
[0.98706257, -0.027752839, 0.15791544, -1.4628206;
 -0.14955662, 0.1956581, 0.96920109, -2.1732016;
 -0.057795517, -0.98027939, 0.18897617, -1.7452264;
 0, 0, 0, 1]
Ow:
[1.0180125;
 -1.3262024;
 2.6670775]
Keyframe: 50 Frame: 418 Frame from vFrameID : 419
Tcw:
[0.98069298, -0.1719014, -0.093226515, 1.0248306;
 -0.061918389, 0.179242, -0.98185456, -1.3883117;
 0.18549229, 0.96867031, 0.16513751, 2.7492008;
 0, 0, 0, 1]
Twc:
[0.98069298, -0.061918389, 0.18549229, -1.6009618;
 -0.1719014, 0.179242, 0.96867031, -2.2380557;
 -0.093226515, -0.98185456, 0.16513751, -1.7215751;
 0, 0, 0, 1]
Ow:
[1.0248306;
 -1.3883117;
 2.7492008]
Keyframe: 51 Frame: 423 Frame from vFrameID : 424
Tcw:
[0.97213262, -0.18464832, -0.14444068, 1.1178826;
 -0.11101451, 0.18007675, -0.977368, -1.462276;
 0.20647976, 0.96616632, 0.15455984, 2.7795594;
 0, 0, 0, 1]
Twc:
[0.97213262, -0.11101451, 0.20647976, -1.8229868;
 -0.18464832, 0.18007675, 0.96616632, -2.2157793;
 -0.14444068, -0.977368, 0.15455984, -1.6973221;
 0, 0, 0, 1]
Ow:
[1.1178826;
 -1.462276;
 2.7795594]
Keyframe: 52 Frame: 430 Frame from vFrameID : 431
Tcw:
[0.96809924, -0.21443519, -0.12962037, 1.0320619;
 -0.083128914, 0.21314383, -0.97347796, -1.3215455;
 0.23637572, 0.95319843, 0.1885186, 2.8868251;
 0, 0, 0, 1]
Twc:
[0.96809924, -0.083128914, 0.23637572, -1.7913724;
 -0.21443519, 0.21314383, 0.95319843, -2.2487276;
 -0.12962037, -0.97347796, 0.1885186, -1.6969393;
 0, 0, 0, 1]
Ow:
[1.0320619;
 -1.3215455;
 2.8868251]
Keyframe: 53 Frame: 435 Frame from vFrameID : 436
Tcw:
[0.97392917, -0.19670513, -0.11300008, 1.1134144;
 -0.070848033, 0.20946084, -0.97524703, -1.3179116;
 0.21550518, 0.95782733, 0.19006386, 3.100956;
 0, 0, 0, 1]
Twc:
[0.97392917, -0.070848033, 0.21550518, -1.8460304;
 -0.19670513, 0.20946084, 0.95782733, -2.4751153;
 -0.11300008, -0.97524703, 0.19006386, -1.7488531;
 0, 0, 0, 1]
Ow:
[1.1134144;
 -1.3179116;
 3.100956]
Keyframe: 54 Frame: 441 Frame from vFrameID : 442
Tcw:
[0.98534477, -0.15125905, -0.078843981, 1.1051913;
 -0.040125482, 0.24371256, -0.96901709, -1.3221473;
 0.16578788, 0.95797956, 0.23407155, 3.1669228;
 0, 0, 0, 1]
Twc:
[0.98534477, -0.040125482, 0.16578788, -1.6670837;
 -0.15125905, 0.24371256, 0.95797956, -2.5444534;
 -0.078843981, -0.96901709, 0.23407155, -1.9353322;
 0, 0, 0, 1]
Ow:
[1.1051913;
 -1.3221473;
 3.1669228]
Keyframe: 55 Frame: 445 Frame from vFrameID : 446
Tcw:
[0.98555964, -0.1591596, -0.057795838, 1.094332;
 -0.019328704, 0.23334809, -0.97220117, -1.2918804;
 0.1682217, 0.95927936, 0.22690211, 3.239116;
 0, 0, 0, 1]
Twc:
[0.98555964, -0.019328704, 0.1682217, -1.6483896;
 -0.1591596, 0.23334809, 0.95927936, -2.6315858;
 -0.057795838, -0.97220117, 0.22690211, -1.927682;
 0, 0, 0, 1]
Ow:
[1.094332;
 -1.2918804;
 3.239116]
Keyframe: 56 Frame: 452 Frame from vFrameID : 453
Tcw:
[0.97786552, -0.18546158, -0.096865773, 1.162065;
 -0.053241719, 0.22715844, -0.97240132, -1.4379137;
 0.20234698, 0.95603508, 0.21225612, 3.3491552;
 0, 0, 0, 1]
Twc:
[0.97786552, -0.053241719, 0.20234698, -1.8905919;
 -0.18546158, 0.22715844, 0.95603508, -2.6597571;
 -0.096865773, -0.97240132, 0.21225612, -1.9965436;
 0, 0, 0, 1]
Ow:
[1.162065;
 -1.4379137;
 3.3491552]
Keyframe: 57 Frame: 459 Frame from vFrameID : 460
Tcw:
[0.9690612, -0.21630891, -0.11887342, 1.1697788;
 -0.060680937, 0.25804421, -0.96422559, -1.5082166;
 0.23924518, 0.94160694, 0.23693481, 3.4937241;
 0, 0, 0, 1]
Twc:
[0.9690612, -0.060680937, 0.23924518, -2.0609639;
 -0.21630891, 0.25804421, 0.94160694, -2.6474948;
 -0.11887342, -0.96422559, 0.23693481, -2.1429904;
 0, 0, 0, 1]
Ow:
[1.1697788;
 -1.5082166;
 3.4937241]
Keyframe: 58 Frame: 465 Frame from vFrameID : 466
Tcw:
[0.97118634, -0.20927037, -0.11403055, 1.2561588;
 -0.058532264, 0.25436887, -0.96533436, -1.6634412;
 0.23102172, 0.94419402, 0.23479052, 3.7185891;
 0, 0, 0, 1]
Twc:
[0.97118634, -0.058532264, 0.23102172, -2.176404;
 -0.20927037, 0.25436887, 0.94419402, -2.8250651;
 -0.11403055, -0.96533436, 0.23479052, -2.3356259;
 0, 0, 0, 1]
Ow:
[1.2561588;
 -1.6634412;
 3.7185891]
Keyframe: 59 Frame: 472 Frame from vFrameID : 473
Tcw:
[0.97421366, -0.20964128, -0.083416417, 1.2039505;
 -0.029419338, 0.24852574, -0.96817845, -1.5934217;
 0.22370128, 0.94566667, 0.23594967, 3.6680994;
 0, 0, 0, 1]
Twc:
[0.97421366, -0.029419338, 0.22370128, -2.0403409;
 -0.20964128, 0.24852574, 0.94566667, -2.8203955;
 -0.083416417, -0.96817845, 0.23594967, -2.3077741;
 0, 0, 0, 1]
Ow:
[1.2039505;
 -1.5934217;
 3.6680994]
Keyframe: 60 Frame: 477 Frame from vFrameID : 478
Tcw:
[0.97859013, -0.19595006, -0.06296736, 1.2475915;
 -0.0070387544, 0.2738952, -0.96173376, -1.6857197;
 0.20569825, 0.94158643, 0.26665193, 3.7684755;
 0, 0, 0, 1]
Twc:
[0.97859013, -0.0070387544, 0.20569825, -2.007915;
 -0.19595006, 0.2738952, 0.94158643, -2.8421688;
 -0.06296736, -0.96173376, 0.26665193, -2.5475273;
 0, 0, 0, 1]
Ow:
[1.2475915;
 -1.6857197;
 3.7684755]
Keyframe: 61 Frame: 482 Frame from vFrameID : 483
Tcw:
[0.97306997, -0.21156298, -0.091520213, 1.2716393;
 -0.037465356, 0.24659866, -0.96839321, -1.7365043;
 0.22744492, 0.9457432, 0.23203146, 3.8485689;
 0, 0, 0, 1]
Twc:
[0.97306997, -0.037465356, 0.22744492, -2.1777902;
 -0.21156298, 0.24659866, 0.9457432, -2.9425066;
 -0.091520213, -0.96839321, 0.23203146, -2.4582276;
 0, 0, 0, 1]
Ow:
[1.2716393;
 -1.7365043;
 3.8485689]
Keyframe: 62 Frame: 488 Frame from vFrameID : 489
Tcw:
[0.96315247, -0.23084331, -0.13801709, 1.2768381;
 -0.075934902, 0.25888678, -0.96291822, -1.694345;
 0.25801402, 0.93791735, 0.23181838, 3.9668477;
 0, 0, 0, 1]
Twc:
[0.96315247, -0.075934902, 0.25801402, -2.381952;
 -0.23084331, 0.25888678, 0.93791735, -2.9871824;
 -0.13801709, -0.96291822, 0.23181838, -2.3748784;
 0, 0, 0, 1]
Ow:
[1.2768381;
 -1.694345;
 3.9668477]
Keyframe: 63 Frame: 494 Frame from vFrameID : 495
Tcw:
[0.95982629, -0.24976996, -0.12786123, 1.1997631;
 -0.05415839, 0.28220361, -0.95782459, -1.6371458;
 0.27531871, 0.92627001, 0.2573393, 4.0588264;
 0, 0, 0, 1]
Twc:
[0.95982629, -0.05415839, 0.27531871, -2.3577001;
 -0.24976996, 0.28220361, 0.92627001, -2.997896;
 -0.12786123, -0.95782459, 0.2573393, -2.4591908;
 0, 0, 0, 1]
Ow:
[1.1997631;
 -1.6371458;
 4.0588264]
Keyframe: 64 Frame: 499 Frame from vFrameID : 500
Tcw:
[0.96916842, -0.21938172, -0.11217937, 1.3532337;
 -0.050455801, 0.26892918, -0.96183747, -1.5478182;
 0.24117786, 0.93784261, 0.24956861, 4.1560426;
 0, 0, 0, 1]
Twc:
[0.96916842, -0.050455801, 0.24117786, -2.3919532;
 -0.21938172, 0.26892918, 0.93784261, -3.1845856;
 -0.11217937, -0.96183747, 0.24956861, -2.3741624;
 0, 0, 0, 1]
Ow:
[1.3532337;
 -1.5478182;
 4.1560426]
Keyframe: 65 Frame: 504 Frame from vFrameID : 505
Tcw:
[0.9748103, -0.21284913, -0.06663432, 1.2879871;
 -0.0057714232, 0.27458808, -0.96154463, -1.6824392;
 0.22296093, 0.9377082, 0.26644284, 4.2165909;
 0, 0, 0, 1]
Twc:
[0.9748103, -0.0057714232, 0.22296093, -2.2053881;
 -0.21284913, 0.27458808, 0.9377082, -3.2178073;
 -0.06663432, -0.96154463, 0.26644284, -2.6553967;
 0, 0, 0, 1]
Ow:
[1.2879871;
 -1.6824392;
 4.2165909]
Keyframe: 66 Frame: 510 Frame from vFrameID : 511
Tcw:
[0.97786778, -0.2041292, -0.045889299, 1.2757632;
 0.014622057, 0.28547135, -0.95827568, -1.6391593;
 0.20871215, 0.93639594, 0.28213802, 4.2725034;
 0, 0, 0, 1]
Twc:
[0.97786778, 0.014622057, 0.20871215, -2.115283;
 -0.2041292, 0.28547135, 0.93639594, -3.2724013;
 -0.045889299, -0.95827568, 0.28213802, -2.7176583;
 0, 0, 0, 1]
Ow:
[1.2757632;
 -1.6391593;
 4.2725034]
Keyframe: 67 Frame: 515 Frame from vFrameID : 516
Tcw:
[0.97106904, -0.22541904, -0.078811124, 1.3350997;
 -0.015453692, 0.27001852, -0.96273112, -1.822914;
 0.2382984, 0.93609631, 0.25872308, 4.4219284;
 0, 0, 0, 1]
Twc:
[0.97106904, -0.015453692, 0.2382984, -2.3783829;
 -0.22541904, 0.27001852, 0.93609631, -3.3461733;
 -0.078811124, -0.96273112, 0.25872308, -2.7938101;
 0, 0, 0, 1]
Ow:
[1.3350997;
 -1.822914;
 4.4219284]
Keyframe: 68 Frame: 522 Frame from vFrameID : 523
Tcw:
[0.96824306, -0.22223035, -0.11453833, 1.3155166;
 -0.041911911, 0.30736968, -0.95066673, -1.7523682;
 0.24647261, 0.92527699, 0.28829446, 4.4482775;
 0, 0, 0, 1]
Twc:
[0.96824306, -0.041911911, 0.24647261, -2.4435635;
 -0.22223035, 0.30736968, 0.92527699, -3.2849164;
 -0.11453833, -0.95066673, 0.28829446, -2.7976549;
 0, 0, 0, 1]
Ow:
[1.3155166;
 -1.7523682;
 4.4482775]
Keyframe: 69 Frame: 528 Frame from vFrameID : 529
Tcw:
[0.97330272, -0.20200861, -0.10896935, 1.3492149;
 -0.041964494, 0.31014034, -0.94976413, -1.7664019;
 0.22565632, 0.92898089, 0.29338327, 4.5515051;
 0, 0, 0, 1]
Twc:
[0.97330272, -0.041964494, 0.22565632, -2.4143968;
 -0.20200861, 0.31014034, 0.92898089, -3.4078758;
 -0.10896935, -0.94976413, 0.29338327, -2.8659775;
 0, 0, 0, 1]
Ow:
[1.3492149;
 -1.7664019;
 4.5515051]
Keyframe: 70 Frame: 534 Frame from vFrameID : 535
Tcw:
[0.98150212, -0.18261628, -0.057488307, 1.2876326;
 -0.0069448184, 0.26611817, -0.96391541, -1.7861781;
 0.19132532, 0.94648427, 0.2599273, 4.6362958;
 0, 0, 0, 1]
Twc:
[0.98150212, -0.0069448184, 0.19132532, -2.1632595;
 -0.18261628, 0.26611817, 0.94648427, -3.6777039;
 -0.057488307, -0.96391541, 0.2599273, -2.8528006;
 0, 0, 0, 1]
Ow:
[1.2876326;
 -1.7861781;
 4.6362958]
Keyframe: 71 Frame: 539 Frame from vFrameID : 540
Tcw:
[0.98611158, -0.16132072, -0.039491706, 1.3726538;
 0.0082853856, 0.28526801, -0.95841199, -1.7829055;
 0.16587742, 0.94477391, 0.28264269, 4.7019162;
 0, 0, 0, 1]
Twc:
[0.98611158, 0.0082853856, 0.16587742, -2.1187596;
 -0.16132072, 0.28526801, 0.94477391, -3.7122047;
 -0.039491706, -0.95841199, 0.28264269, -2.9835117;
 0, 0, 0, 1]
Ow:
[1.3726538;
 -1.7829055;
 4.7019162]
Keyframe: 72 Frame: 546 Frame from vFrameID : 547
Tcw:
[0.98363227, -0.18003564, -0.0073996736, 0.92322689;
 0.046089128, 0.2910856, -0.95558619, -1.5373096;
 0.1741935, 0.93960434, 0.29461887, 4.9807372;
 0, 0, 0, 1]
Twc:
[0.98363227, 0.046089128, 0.1741935, -1.7048746;
 -0.18003564, 0.2910856, 0.93960434, -4.0662203;
 -0.0073996736, -0.95558619, 0.29461887, -2.9296196;
 0, 0, 0, 1]
Ow:
[0.92322689;
 -1.5373096;
 4.9807372]
Keyframe: 73 Frame: 552 Frame from vFrameID : 553
Tcw:
[0.97838479, -0.16999452, -0.1177501, 1.2458833;
 -0.046739135, 0.37289289, -0.92669648, -1.77483;
 0.2014415, 0.91216928, 0.35688731, 4.9126964;
 0, 0, 0, 1]
Twc:
[0.97838479, -0.046739135, 0.2014415, -2.2915282;
 -0.16999452, 0.37289289, 0.91216928, -3.6075959;
 -0.1177501, -0.92669648, 0.35688731, -3.2513049;
 0, 0, 0, 1]
Ow:
[1.2458833;
 -1.77483;
 4.9126964]
Keyframe: 74 Frame: 554 Frame from vFrameID : 555
Tcw:
[0.97911823, -0.1724318, -0.10767905, 1.3391032;
 -0.038474258, 0.36293009, -0.93102175, -1.4484162;
 0.19961771, 0.9157232, 0.34871727, 4.918241;
 0, 0, 0, 1]
Twc:
[0.97911823, -0.038474258, 0.19961771, -2.3486352;
 -0.1724318, 0.36293009, 0.9157232, -3.7471697;
 -0.10767905, -0.93102175, 0.34871727, -2.9193892;
 0, 0, 0, 1]
Ow:
[1.3391032;
 -1.4484162;
 4.918241]
Keyframe: 75 Frame: 556 Frame from vFrameID : 557
Tcw:
[0.97982252, -0.18533848, -0.074815996, 1.1400752;
 -0.016268542, 0.29912704, -0.95407462, -1.1820714;
 0.19920622, 0.93604094, 0.29007626, 5.1268425;
 0, 0, 0, 1]
Twc:
[0.97982252, -0.016268542, 0.19920622, -2.1576011;
 -0.18533848, 0.29912704, 0.93604094, -4.2340455;
 -0.074815996, -0.95407462, 0.29007626, -2.5296636;
 0, 0, 0, 1]
Ow:
[1.1400752;
 -1.1820714;
 5.1268425]
Keyframe: 76 Frame: 561 Frame from vFrameID : 562
Tcw:
[0.98425543, -0.16907583, -0.051523291, 1.1879895;
 0.00059419387, 0.29466385, -0.9556008, -1.1910801;
 0.17675105, 0.94052464, 0.29012495, 5.1839218;
 0, 0, 0, 1]
Twc:
[0.98425543, 0.00059419387, 0.17675105, -2.084841;
 -0.16907583, 0.29466385, 0.94052464, -4.3237777;
 -0.051523291, -0.9556008, 0.29012495, -2.5809729;
 0, 0, 0, 1]
Ow:
[1.1879895;
 -1.1910801;
 5.1839218]
Keyframe: 77 Frame: 567 Frame from vFrameID : 568
Tcw:
[0.99018526, -0.13284394, -0.043423701, 1.216308;
 0.0042486, 0.33916712, -0.94071656, -1.4812413;
 0.13969637, 0.93129915, 0.33640268, 5.0573196;
 0, 0, 0, 1]
Twc:
[0.99018526, 0.0042486, 0.13969637, -1.9045664;
 -0.13284394, 0.33916712, 0.93129915, -4.0459104;
 -0.043423701, -0.94071656, 0.33640268, -3.0419075;
 0, 0, 0, 1]
Ow:
[1.216308;
 -1.4812413;
 5.0573196]
Keyframe: 78 Frame: 573 Frame from vFrameID : 574
Tcw:
[0.98933333, -0.14483696, -0.015551022, 1.2625864;
 0.032589272, 0.32411921, -0.94545478, -1.3949201;
 0.14197718, 0.93486309, 0.32538205, 5.1545639;
 0, 0, 0, 1]
Twc:
[0.98933333, 0.032589272, 0.14197718, -1.9354898;
 -0.14483696, 0.32411921, 0.93486309, -4.1838222;
 -0.015551022, -0.94545478, 0.32538205, -2.976402;
 0, 0, 0, 1]
Ow:
[1.2625864;
 -1.3949201;
 5.1545639]
Keyframe: 79 Frame: 579 Frame from vFrameID : 580
Tcw:
[0.98590094, -0.14059165, -0.090737924, 1.4458935;
 -0.03836178, 0.33791789, -0.94039345, -1.7732368;
 0.16287345, 0.93061566, 0.32776022, 5.2861309;
 0, 0, 0, 1]
Twc:
[0.98590094, -0.03836178, 0.16287345, -2.3545024;
 -0.14059165, 0.33791789, 0.93061566, -4.1168671;
 -0.090737924, -0.94039345, 0.32776022, -3.2689264;
 0, 0, 0, 1]
Ow:
[1.4458935;
 -1.7732368;
 5.2861309]
Keyframe: 80 Frame: 585 Frame from vFrameID : 586
Tcw:
[0.97649395, -0.17699611, -0.12301205, 1.380471;
 -0.051168449, 0.36403555, -0.92997843, -1.9142259;
 0.20938332, 0.91441268, 0.3464219, 5.3911653;
 0, 0, 0, 1]
Twc:
[0.97649395, -0.051168449, 0.20938332, -2.5747895;
 -0.17699611, 0.36403555, 0.91441268, -3.9885652;
 -0.12301205, -0.92997843, 0.3464219, -3.4779921;
 0, 0, 0, 1]
Ow:
[1.380471;
 -1.9142259;
 5.3911653]
Keyframe: 81 Frame: 588 Frame from vFrameID : 589
Tcw:
[0.9697476, -0.2097594, -0.12486205, 1.3966596;
 -0.034893475, 0.38713557, -0.92136228, -2.0034652;
 0.24160294, 0.8978458, 0.36810458, 5.4651537;
 0, 0, 0, 1]
Twc:
[0.9697476, -0.034893475, 0.24160294, -2.7447124;
 -0.2097594, 0.38713557, 0.8978458, -3.8382897;
 -0.12486205, -0.92136228, 0.36810458, -3.6832755;
 0, 0, 0, 1]
Ow:
[1.3966596;
 -2.0034652;
 5.4651537]
Keyframe: 82 Frame: 592 Frame from vFrameID : 593
Tcw:
[0.97472715, -0.199893, -0.099748492, 1.3330946;
 -0.019187734, 0.3699438, -0.92885596, -1.8707525;
 0.22257315, 0.90729511, 0.35675877, 5.5714645;
 0, 0, 0, 1]
Twc:
[0.97472715, -0.019187734, 0.22257315, -2.5753574;
 -0.199893, 0.3699438, 0.90729511, -4.0964131;
 -0.099748492, -0.92885596, 0.35675877, -3.5923545;
 0, 0, 0, 1]
Ow:
[1.3330946;
 -1.8707525;
 5.5714645]
Keyframe: 83 Frame: 598 Frame from vFrameID : 599
Tcw:
[0.98214751, -0.18275405, -0.044578116, 1.3473622;
 0.024404485, 0.35876137, -0.93311024, -1.9521168;
 0.18652259, 0.91536397, 0.35681662, 5.7059999;
 0, 0, 0, 1]
Twc:
[0.98214751, 0.024404485, 0.18652259, -2.3399661;
 -0.18275405, 0.35876137, 0.91536397, -4.2764869;
 -0.044578116, -0.93311024, 0.35681662, -3.797473;
 0, 0, 0, 1]
Ow:
[1.3473622;
 -1.9521168;
 5.7059999]
Keyframe: 84 Frame: 602 Frame from vFrameID : 603
Tcw:
[0.98095244, -0.19153099, -0.0323756, 1.3612496;
 0.040535357, 0.3648423, -0.93018651, -1.9468498;
 0.18997154, 0.91115642, 0.3656567, 5.7446399;
 0, 0, 0, 1]
Twc:
[0.98095244, 0.040535357, 0.18997154, -2.347723;
 -0.19153099, 0.3648423, 0.91115642, -4.2632508;
 -0.0323756, -0.93018651, 0.3656567, -3.8674283;
 0, 0, 0, 1]
Ow:
[1.3612496;
 -1.9468498;
 5.7446399]
Keyframe: 85 Frame: 606 Frame from vFrameID : 607
Tcw:
[0.97622496, -0.21392587, -0.034936972, 1.3244596;
 0.047657587, 0.36906412, -0.92818123, -1.9822538;
 0.21145597, 0.90444869, 0.3704848, 5.7805853;
 0, 0, 0, 1]
Twc:
[0.97622496, 0.047657587, 0.21145597, -2.4208403;
 -0.21392587, 0.36906412, 0.90444869, -4.2133274;
 -0.034936972, -0.92818123, 0.3704848, -3.9352372;
 0, 0, 0, 1]
Ow:
[1.3244596;
 -1.9822538;
 5.7805853]
Keyframe: 86 Frame: 610 Frame from vFrameID : 611
Tcw:
[0.96803838, -0.23814291, -0.078674398, 1.3865774;
 0.015688444, 0.37057412, -0.92867041, -2.0755358;
 0.25031096, 0.89775431, 0.36246607, 5.8377795;
 0, 0, 0, 1]
Twc:
[0.96803838, 0.015688444, 0.25031096, -2.7709584;
 -0.23814291, 0.37057412, 0.89775431, -4.1415482;
 -0.078674398, -0.92867041, 0.36246607, -3.9343975;
 0, 0, 0, 1]
Ow:
[1.3865774;
 -2.0755358;
 5.8377795]
Keyframe: 87 Frame: 615 Frame from vFrameID : 616
Tcw:
[0.9610768, -0.25749192, -0.10014664, 1.3447211;
 0.00045883434, 0.36396757, -0.9314115, -1.8834648;
 0.27628106, 0.89511204, 0.3499189, 5.9819307;
 0, 0, 0, 1]
Twc:
[0.9610768, 0.00045883434, 0.27628106, -2.9442101;
 -0.25749192, 0.36396757, 0.89511204, -4.3227234;
 -0.10014664, -0.9314115, 0.3499189, -3.7128024;
 0, 0, 0, 1]
Ow:
[1.3447211;
 -1.8834648;
 5.9819307]
Keyframe: 88 Frame: 620 Frame from vFrameID : 621
Tcw:
[0.95801896, -0.26125774, -0.1180851, 1.3921001;
 -0.0092604058, 0.38345796, -0.92351192, -1.9485029;
 0.28655529, 0.88583541, 0.36494064, 6.0500469;
 0, 0, 0, 1]
Twc:
[0.95801896, -0.0092604058, 0.28655529, -3.0853753;
 -0.26125774, 0.38345796, 0.88583541, -4.2484803;
 -0.1180851, -0.92351192, 0.36494064, -3.8429873;
 0, 0, 0, 1]
Ow:
[1.3921001;
 -1.9485029;
 6.0500469]
Keyframe: 89 Frame: 626 Frame from vFrameID : 627
Tcw:
[0.97081745, -0.23147705, -0.062704168, 1.3963655;
 0.032238852, 0.38505733, -0.92232937, -1.9588079;
 0.23764278, 0.89339197, 0.38128296, 6.0538464;
 0, 0, 0, 1]
Twc:
[0.97081745, 0.032238852, 0.23764278, -2.7311192;
 -0.23147705, 0.38505733, 0.89339197, -4.3309774;
 -0.062704168, -0.92232937, 0.38128296, -4.0273366;
 0, 0, 0, 1]
Ow:
[1.3963655;
 -1.9588079;
 6.0538464]
Keyframe: 90 Frame: 632 Frame from vFrameID : 633
Tcw:
[0.96170169, -0.25390589, -0.10325503, 1.494288;
 0.011793375, 0.41468936, -0.9098866, -1.9878455;
 0.27384433, 0.87382179, 0.40180188, 6.232852;
 0, 0, 0, 1]
Twc:
[0.96170169, 0.011793375, 0.27384433, -3.1204472;
 -0.25390589, 0.41468936, 0.87382179, -4.2426548;
 -0.10325503, -0.9098866, 0.40180188, -4.158793;
 0, 0, 0, 1]
Ow:
[1.494288;
 -1.9878455;
 6.232852]
Keyframe: 91 Frame: 638 Frame from vFrameID : 639
Tcw:
[0.93435729, -0.29934072, -0.19331731, 1.5974073;
 -0.052628342, 0.4206377, -0.90570092, -2.2628531;
 0.35242975, 0.85642225, 0.3772721, 6.454627;
 0, 0, 0, 1]
Twc:
[0.93435729, -0.052628342, 0.35242975, -3.8864415;
 -0.29934072, 0.4206377, 0.85642225, -4.0978756;
 -0.19331731, -0.90570092, 0.3772721, -4.1758122;
 0, 0, 0, 1]
Ow:
[1.5974073;
 -2.2628531;
 6.454627]
