Keyframe: 0 Frame: 0 Frame from vFrameID : 120
Tcw:
[0.9679904, -0.10584443, -0.22757767, 1.0207176;
 -0.22395231, 0.045120303, -0.97355509, -2.1957288;
 0.11331376, 0.99335849, 0.019971915, 2.5706241;
 0, 0, 0, 1]
Twc:
[0.9679904, -0.22395231, 0.11331376, -1.7710705;
 -0.10584443, 0.045120303, 0.99335849, -2.3464422;
 -0.22757767, -0.97355509, 0.019971915, -1.9567106;
 0, 0, 0, 1]
Ow:
[1.0207176;
 -2.1957288;
 2.5706241]
Keyframe: 1 Frame: 407 Frame from vFrameID : 120
Tcw:
[0.97181302, -0.095635399, -0.21548384, -0.0090614948;
 -0.21175218, 0.047710273, -0.97615814, 0.013518805;
 0.10363606, 0.99427241, 0.026114462, -0.018437173;
 0, 0, 0, 1]
Twc:
[0.97181302, -0.21175218, 0.10363606, 0.013579471;
 -0.095635399, 0.047710273, 0.99427241, 0.016819986;
 -0.21548384, -0.97615814, 0.026114462, 0.011725362;
 0, 0, 0, 1]
Ow:
[-0.0090614948;
 0.013518805;
 -0.018437173]
