Keyframe: 0 Frame: 0 Frame from vFrameID : 144
Tcw:
[0.9300043, -0.2731919, -0.24588259, 1.5302733;
 -0.050899211, 0.56680697, -0.82227683, -2.1158061;
 0.36400732, 0.77723616, 0.51322764, 7.6919413;
 0, 0, 0, 1]
Twc:
[0.9300043, -0.050899211, 0.36400732, -4.3307767;
 -0.2731919, 0.56680697, 0.77723616, -4.3611431;
 -0.24588259, -0.82227683, 0.51322764, -5.3112273;
 0, 0, 0, 1]
Ow:
[1.5302733;
 -2.1158061;
 7.6919413]
Keyframe: 1 Frame: 738 Frame from vFrameID : 144
Tcw:
[0.92413729, -0.27857617, -0.26146817, 0.015000189;
 -0.052753419, 0.58476871, -0.80948293, -0.020427696;
 0.37840107, 0.76186669, 0.5257107, 0.071527615;
 0, 0, 0, 1]
Twc:
[0.92413729, -0.052753419, 0.37840107, -0.04200599;
 -0.27857617, 0.58476871, 0.76186669, -0.038370337;
 -0.26146817, -0.80948293, 0.5257107, -0.050216638;
 0, 0, 0, 1]
Ow:
[0.015000189;
 -0.020427696;
 0.071527615]
