Keyframe: 0 Frame: 0 Frame from vFrameID : 120
Tcw:
[0.9625982, -0.10724668, -0.24880292, 0.99461251;
 -0.24406065, 0.055492733, -0.96817094, -2.0829382;
 0.11763987, 0.99268258, 0.027242508, 2.4042444;
 0, 0, 0, 1]
Twc:
[0.9625982, -0.24406065, 0.11763987, -1.7486105;
 -0.10724668, 0.055492733, 0.99268258, -2.1643949;
 -0.24880292, -0.96817094, 0.027242508, -1.8346753;
 0, 0, 0, 1]
Ow:
[0.99461251;
 -2.0829382;
 2.4042444]
Keyframe: 1 Frame: 399 Frame from vFrameID : 120
Tcw:
[0.96879572, -0.12971787, -0.21120629, -0.077806056;
 -0.21191627, 0.0084645618, -0.97725117, 0.11253631;
 0.12855472, 0.9915148, -0.019288898, -0.017568186;
 0, 0, 0, 1]
Twc:
[0.96879572, -0.21191627, 0.12855472, 0.10148492;
 -0.12971787, 0.0084645618, 0.9915148, 0.0063737086;
 -0.21120629, -0.97725117, -0.019288898, 0.093204245;
 0, 0, 0, 1]
Ow:
[-0.077806056;
 0.11253631;
 -0.017568186]
