Keyframe: 0 Frame: 0 Frame from vFrameID : 120
Tcw:
[0.99571681, -0.022896441, -0.089575745, 0.15880649;
 -0.089556277, 0.0018763273, -0.99598002, -0.17135797;
 0.02297247, 0.99973607, -0.00018222933, 0.09239158;
 0, 0, 0, 1]
Twc:
[0.99571681, -0.089556277, 0.02297247, -0.17559493;
 -0.022896441, 0.0018763273, 0.99973607, -0.088409573;
 -0.089575745, -0.99598002, -0.00018222933, -0.15642706;
 0, 0, 0, 1]
Ow:
[0.15880649;
 -0.17135797;
 0.09239158]
Keyframe: 1 Frame: 235 Frame from vFrameID : 120
Tcw:
[0.99629813, -0.020499919, -0.083485067, -nan;
 -0.083362237, 0.006776398, -0.99649626, -nan;
 0.020993821, 0.99976689, 0.0050423937, inf;
 0, 0, 0, 1]
Twc:
[0.99629813, -0.083362237, 0.020993821, -inf;
 -0.020499919, 0.006776398, 0.99976689, -inf;
 -0.083485067, -0.99649626, 0.0050423937, -inf;
 0, 0, 0, 1]
Ow:
[-nan;
 -nan;
 inf]
