Keyframe: 0 Frame: 0 Frame from vFrameID : 144
Tcw:
[0.99906963, 0.035826344, -0.024008038, 0.032285787;
 -0.022578543, -0.039785467, -0.9989531, 0.0029365362;
 -0.03674401, 0.99856579, -0.038939543, -0.1026775;
 0, 0, 0, 1]
Twc:
[0.99906963, -0.022578543, -0.03674401, -0.035962228;
 0.035826344, -0.039785467, 0.99856579, 0.10149038;
 -0.024008038, -0.9989531, -0.038939543, -0.00028963436;
 0, 0, 0, 1]
Ow:
[0.032285787;
 0.0029365362;
 -0.1026775]
Keyframe: 1 Frame: 149 Frame from vFrameID : 144
Tcw:
[0.99854082, 0.052407321, -0.013027398, 0.0031303554;
 -0.011100863, -0.036885388, -0.99925786, -0.0022731274;
 -0.052848946, 0.99794436, -0.036249802, -0.0048896051;
 0, 0, 0, 1]
Twc:
[0.99854082, -0.011100863, -0.052848946, -0.0034094318;
 0.052407321, -0.036885388, 0.99794436, 0.0046316548;
 -0.013027398, -0.99925786, -0.036249802, -0.002407907;
 0, 0, 0, 1]
Ow:
[0.0031303554;
 -0.0022731274;
 -0.0048896051]
