Keyframe: 0 Frame: 0 Frame from vFrameID : 144
Tcw:
[0.91924924, -0.2969833, -0.25842163, 1.5527623;
 -0.048657503, 0.56568784, -0.8231827, -2.0940938;
 0.39065748, 0.76928419, 0.50555766, 7.3802052;
 0, 0, 0, 1]
Twc:
[0.91924924, -0.048657503, 0.39065748, -4.4124012;
 -0.2969833, 0.56568784, 0.76928419, -4.0317278;
 -0.25842163, -0.8231827, 0.50555766, -5.0536733;
 0, 0, 0, 1]
Ow:
[1.5527623;
 -2.0940938;
 7.3802052]
Keyframe: 1 Frame: 714 Frame from vFrameID : 144
Tcw:
[0.91655302, -0.31146824, -0.25083488, 0.016013112;
 -0.033511557, 0.56519884, -0.82427377, -0.018707309;
 0.39850667, 0.76389647, 0.50759691, 0.086729549;
 0, 0, 0, 1]
Twc:
[0.91655302, -0.033511557, 0.39850667, -0.04986608;
 -0.31146824, 0.56519884, 0.76389647, -0.050691471;
 -0.25083488, -0.82427377, 0.50759691, -0.055426948;
 0, 0, 0, 1]
Ow:
[0.016013112;
 -0.018707309;
 0.086729549]
