Keyframe: 0 Frame: 0 Frame from vFrameID : 120
Tcw:
[0.9691121, -0.12306621, -0.21372038, 0.83699918;
 -0.21590473, -0.0045380043, -0.97640389, -1.6705513;
 0.11919246, 0.99238807, -0.030968411, 1.951211;
 0, 0, 0, 1]
Twc:
[0.9691121, -0.21590473, 0.11919246, -1.4043956;
 -0.12306621, -0.0045380043, 0.99238807, -1.8409332;
 -0.21372038, -0.97640389, -0.030968411, -1.3918231;
 0, 0, 0, 1]
Ow:
[0.83699918;
 -1.6705513;
 1.951211]
Keyframe: 1 Frame: 370 Frame from vFrameID : 120
Tcw:
[0.96838862, -0.12426054, -0.21629333, -0.011838869;
 -0.21901889, -0.0085435444, -0.97568321, 0.0085289311;
 0.11939101, 0.99221283, -0.035488877, -0.021788983;
 0, 0, 0, 1]
Twc:
[0.96838862, -0.21901889, 0.11939101, 0.015934031;
 -0.12426054, -0.0085435444, 0.99221283, 0.020221069;
 -0.21629333, -0.97568321, -0.035488877, 0.0049876003;
 0, 0, 0, 1]
Ow:
[-0.011838869;
 0.0085289311;
 -0.021788983]
