Keyframe: 0 Frame: 0 Frame from vFrameID : 120
Tcw:
[0.96699315, -0.11809914, -0.22578044, 0.95531684;
 -0.22617544, 0.010224382, -0.97403294, -1.9741254;
 0.11734091, 0.99294919, -0.016824216, 2.3172574;
 0, 0, 0, 1]
Twc:
[0.96699315, -0.22617544, 0.11734091, -1.6421926;
 -0.11809914, 0.010224382, 0.99294919, -2.1679125;
 -0.22578044, -0.97403294, -0.016824216, -1.6681852;
 0, 0, 0, 1]
Ow:
[0.95531684;
 -1.9741254;
 2.3172574]
Keyframe: 1 Frame: 391 Frame from vFrameID : 120
Tcw:
[0.96486163, -0.11100612, -0.23815882, -0.0054593403;
 -0.23683527, 0.025154751, -0.97122413, 0.013658317;
 0.11380264, 0.99350131, -0.002019309, -0.017764853;
 0, 0, 0, 1]
Twc:
[0.96486163, -0.23683527, 0.11380264, 0.010523967;
 -0.11100612, 0.025154751, 0.99350131, 0.016699815;
 -0.23815882, -0.97122413, -0.002019309, 0.011929223;
 0, 0, 0, 1]
Ow:
[-0.0054593403;
 0.013658317;
 -0.017764853]
