Keyframe: 0 Frame: 0 Frame from vFrameID : 144
Tcw:
[0.91674173, -0.28701791, -0.27785838, 1.5098428;
 -0.055309858, 0.59765625, -0.79984236, -2.1271262;
 0.39563289, 0.74861723, 0.53202152, 8.0894833;
 0, 0, 0, 1]
Twc:
[0.91674173, -0.055309858, 0.39563289, -4.7022529;
 -0.28701791, 0.59765625, 0.74861723, -4.3512845;
 -0.27785838, -0.79984236, 0.53202152, -5.5856228;
 0, 0, 0, 1]
Ow:
[1.5098428;
 -2.1271262;
 8.0894833]
Keyframe: 1 Frame: 771 Frame from vFrameID : 144
Tcw:
[0.91587746, -0.29183322, -0.2756843, 0.017451186;
 -0.038757, 0.6192252, -0.78425634, -0.024761906;
 0.39958271, 0.72896743, 0.55582386, 0.09361732;
 0, 0, 0, 1]
Twc:
[0.91587746, -0.038757, 0.39958271, -0.054350708;
 -0.29183322, 0.6192252, 0.72896743, -0.047817942;
 -0.2756843, -0.78425634, 0.55582386, -0.066643402;
 0, 0, 0, 1]
Ow:
[0.017451186;
 -0.024761906;
 0.09361732]
