Keyframe: 0 Frame: 0 Frame from vFrameID : 120
Tcw:
[0.99653369, -0.013871819, -0.082025364, 0.16047856;
 -0.081886485, 0.010300572, -0.99658841, -0.18882845;
 0.014669402, 0.99985075, 0.0091289524, 0.1280189;
 0, 0, 0, 1]
Twc:
[0.99653369, -0.081886485, 0.014669402, -0.17726275;
 -0.013871819, 0.010300572, 0.99985075, -0.12382862;
 -0.082025364, -0.99658841, 0.0091289524, -0.17618962;
 0, 0, 0, 1]
Ow:
[0.16047856;
 -0.18882845;
 0.1280189]
Keyframe: 1 Frame: 241 Frame from vFrameID : 120
Tcw:
[0.99804395, 0.00030538722, -0.062515266, -0.0044864351;
 -0.062505446, 0.023260549, -0.99777353, -0.0067329998;
 0.001149432, 0.99972939, 0.023234138, -0.0082415482;
 0, 0, 0, 1]
Twc:
[0.99804395, -0.062505446, 0.001149432, 0.0040662838;
 0.00030538722, 0.023260549, 0.99972939, 0.0083973007;
 -0.062515266, -0.99777353, 0.023234138, -0.0068069943;
 0, 0, 0, 1]
Ow:
[-0.0044864351;
 -0.0067329998;
 -0.0082415482]
