Keyframe: 0 Frame: 0 Frame from vFrameID : 120
Tcw:
[0.97703803, -0.10265782, -0.18670307, 0.91209948;
 -0.18802591, -0.0032772555, -0.9821586, -1.91433;
 0.10021438, 0.99471134, -0.022504332, 2.2430685;
 0, 0, 0, 1]
Twc:
[0.97703803, -0.18802591, 0.10021438, -1.4758872;
 -0.10265782, -0.0032772555, 0.99471134, -2.1438451;
 -0.18670307, -0.9821586, -0.022504332, -1.6594051;
 0, 0, 0, 1]
Ow:
[0.91209948;
 -1.91433;
 2.2430685]
Keyframe: 1 Frame: 388 Frame from vFrameID : 120
Tcw:
[0.97298455, -0.11618272, -0.19950607, -0.014909796;
 -0.2003568, 0.0044294833, -0.97971296, 0.024423515;
 0.11470943, 0.993218, -0.01896818, -0.02800592;
 0, 0, 0, 1]
Twc:
[0.97298455, -0.2003568, 0.11470943, 0.022612961;
 -0.11618272, 0.0044294833, 0.993218, 0.025975538;
 -0.19950607, -0.97971296, -0.01896818, 0.02042222;
 0, 0, 0, 1]
Ow:
[-0.014909796;
 0.024423515;
 -0.02800592]
