Keyframe: 0 Frame: 0 Frame from vFrameID : 144
Tcw:
[0.93350059, -0.27758908, -0.22698219, 1.5570574;
 -0.048013076, 0.53054589, -0.84629536, -2.0722122;
 0.35534683, 0.80091536, 0.48193699, 7.0241227;
 0, 0, 0, 1]
Twc:
[0.93350059, -0.048013076, 0.35534683, -4.0490069;
 -0.27758908, 0.53054589, 0.80091536, -4.0941019;
 -0.22698219, -0.84629536, 0.48193699, -4.7854638;
 0, 0, 0, 1]
Ow:
[1.5570574;
 -2.0722122;
 7.0241227]
Keyframe: 1 Frame: 690 Frame from vFrameID : 144
Tcw:
[0.93481392, -0.27567667, -0.22388674, 0.0074029844;
 -0.053338256, 0.51428545, -0.85595882, -0.035957213;
 0.35110956, 0.81210399, 0.46605709, 0.087605283;
 0, 0, 0, 1]
Twc:
[0.93481392, -0.053338256, 0.35110956, -0.039597362;
 -0.27567667, 0.51428545, 0.81210399, -0.050611496;
 -0.22388674, -0.85595882, 0.46605709, -0.06994953;
 0, 0, 0, 1]
Ow:
[0.0074029844;
 -0.035957213;
 0.087605283]
