Keyframe: 0 Frame: 0 Frame from vFrameID : 120
Tcw:
[0.98478961, -0.034722295, -0.17024636, 0.35192138;
 -0.17327408, -0.12369962, -0.97707444, -0.47925919;
 0.012866855, 0.99171203, -0.12783457, 0.65379053;
 0, 0, 0, 1]
Twc:
[0.98478961, -0.17327408, 0.012866855, -0.43802392;
 -0.034722295, -0.12369962, 0.99171203, -0.69543666;
 -0.17024636, -0.97707444, -0.12783457, -0.32478157;
 0, 0, 0, 1]
Ow:
[0.35192138;
 -0.47925919;
 0.65379053]
Keyframe: 1 Frame: 284 Frame from vFrameID : 120
Tcw:
[0.98474485, -0.03456049, -0.17053784, -nan;
 -0.17351317, -0.12143213, -0.97731644, -inf;
 0.013067762, 0.9919979, -0.12557636, -nan;
 0, 0, 0, 1]
Twc:
[0.98474485, -0.17351317, 0.013067762, -inf;
 -0.03456049, -0.12143213, 0.9919979, -inf;
 -0.17053784, -0.97731644, -0.12557636, -inf;
 0, 0, 0, 1]
Ow:
[-nan;
 -inf;
 -nan]
