Keyframe: 0 Frame: 0 Frame from vFrameID : 144
Tcw:
[0.91579163, -0.26271197, -0.30382246, 1.5025784;
 -0.081800081, 0.61858505, -0.78144819, -2.1208305;
 0.39323583, 0.74049646, 0.54500514, 8.2747068;
 0, 0, 0, 1]
Twc:
[0.91579163, -0.081800081, 0.39323583, -4.8034439;
 -0.26271197, 0.61858505, 0.74049646, -4.4207315;
 -0.30382246, -0.78144819, 0.54500514, -5.7105603;
 0, 0, 0, 1]
Ow:
[1.5025784;
 -2.1208305;
 8.2747068]
Keyframe: 1 Frame: 785 Frame from vFrameID : 144
Tcw:
[0.92699075, -0.25480926, -0.27524602, 0.014915027;
 -0.055379625, 0.63280356, -0.77232945, -0.028714564;
 0.37097335, 0.73118526, 0.57249182, 0.086299226;
 0, 0, 0, 1]
Twc:
[0.92699075, -0.055379625, 0.37097335, -0.047431007;
 -0.25480926, 0.63280356, 0.73118526, -0.041129556;
 -0.27524602, -0.77232945, 0.57249182, -0.067477398;
 0, 0, 0, 1]
Ow:
[0.014915027;
 -0.028714564;
 0.086299226]
