Keyframe: 0 Frame: 0 Frame from vFrameID : 120
Tcw:
[0.97838485, -0.051949747, -0.20016056, 0.37482414;
 -0.20566998, -0.14374915, -0.96800619, -0.50412637;
 0.021514768, 0.98824966, -0.15132649, 0.67162251;
 0, 0, 0, 1]
Twc:
[0.97838485, -0.20566998, 0.021514768, -0.48485577;
 -0.051949747, -0.14374915, 0.98824966, -0.71672642;
 -0.20016056, -0.96800619, -0.15132649, -0.31133819;
 0, 0, 0, 1]
Ow:
[0.37482414;
 -0.50412637;
 0.67162251]
Keyframe: 1 Frame: 289 Frame from vFrameID : 120
Tcw:
[0.96693897, -0.10685734, -0.23153947, 0.0023032315;
 -0.24263318, -0.10610881, -0.96429771, -0.0029871494;
 0.078473903, 0.9885962, -0.12852788, 0.0040054317;
 0, 0, 0, 1]
Twc:
[0.96693897, -0.24263318, 0.078473903, -0.0032661879;
 -0.10685734, -0.10610881, 0.9885962, -0.0040305997;
 -0.23153947, -0.96429771, -0.12852788, -0.0018324028;
 0, 0, 0, 1]
Ow:
[0.0023032315;
 -0.0029871494;
 0.0040054317]
