Keyframe: 0 Frame: 0 Frame from vFrameID : 120
Tcw:
[0.98060244, -0.089164928, -0.17455232, 0.84407055;
 -0.17475693, 0.0055675493, -0.98459589, -1.7797462;
 0.088763252, 0.9960013, -0.010122636, 2.0648344;
 0, 0, 0, 1]
Twc:
[0.98060244, -0.17475693, 0.088763252, -1.3220019;
 -0.089164928, 0.0055675493, 0.9960013, -1.9714075;
 -0.17455232, -0.98459589, -0.010122636, -1.5840946;
 0, 0, 0, 1]
Ow:
[0.84407055;
 -1.7797462;
 2.0648344]
Keyframe: 1 Frame: 377 Frame from vFrameID : 120
Tcw:
[0.98227108, -0.084507719, -0.16733788, -nan;
 -0.16782779, 0.0013240414, -0.98581547, -nan;
 0.083530575, 0.99642193, -0.012882176, -nan;
 0, 0, 0, 1]
Twc:
[0.98227108, -0.16782779, 0.083530575, -inf;
 -0.084507719, 0.0013240414, 0.99642193, -inf;
 -0.16733788, -0.98581547, -0.012882176, -inf;
 0, 0, 0, 1]
Ow:
[-nan;
 -nan;
 -nan]
