Keyframe: 0 Frame: 0 Frame from vFrameID : 144
Tcw:
[0.93597138, -0.24883051, -0.24908017, 1.4987286;
 -0.049192198, 0.60809678, -0.79233736, -2.1334543;
 0.34862256, 0.75385785, 0.55692065, 7.9337463;
 0, 0, 0, 1]
Twc:
[0.93597138, -0.049192198, 0.34862256, -4.2735996;
 -0.24883051, 0.60809678, 0.75385785, -4.3106413;
 -0.24908017, -0.79233736, 0.55692065, -5.735579;
 0, 0, 0, 1]
Ow:
[1.4987286;
 -2.1334543;
 7.9337463]
Keyframe: 1 Frame: 757 Frame from vFrameID : 144
Tcw:
[0.93787557, -0.24362531, -0.24705486, 0.085799091;
 -0.049068753, 0.61174661, -0.78953046, -0.12316014;
 0.34348458, 0.75260401, 0.56178778, 0.46648258;
 0, 0, 0, 1]
Twc:
[0.93787557, -0.049068753, 0.34348458, -0.24674176;
 -0.24362531, 0.61174661, 0.75260401, -0.25483105;
 -0.24705486, -0.78953046, 0.56178778, -0.33810583;
 0, 0, 0, 1]
Ow:
[0.085799091;
 -0.12316014;
 0.46648258]
