Keyframe: 0 Frame: 0 Frame from vFrameID : 41
Tcw:
[1, 0, 0, 0;
 0, 1, 0, 0;
 0, 0, 1, 0;
 0, 0, 0, 1]
Twc:
[1, 0, 0, 0;
 0, 1, 0, 0;
 0, 0, 1, 0;
 0, 0, 0, 1]
Ow:
[0;
 0;
 0]
Keyframe: 1 Frame: 40 Frame from vFrameID : 41
Tcw:
[0.99971759, 0.020560704, 0.011917396, -0.0064291046;
 -0.020423563, 0.9997251, -0.011517417, -0.0018835538;
 -0.012150926, 0.011270768, 0.99986267, 0.0014411784;
 0, 0, 0, 1]
Twc:
[0.99971759, -0.020423563, -0.012150926, 0.0064063314;
 0.020560704, 0.9997251, 0.011270768, 0.0019989796;
 0.011917396, -0.011517417, 0.99986267, -0.0013860558;
 0, 0, 0, 1]
Ow:
[-0.0064291046;
 -0.0018835538;
 0.0014411784]
Keyframe: 2 Frame: 42 Frame from vFrameID : 43
Tcw:
[0.9997595, 0.019668445, 0.0096983127, -0.0063742329;
 -0.019549856, 0.99973476, -0.012174602, -0.00206831;
 -0.0099351956, 0.011982073, 0.99987888, 0.00095885171;
 0, 0, 0, 1]
Twc:
[0.9997595, -0.019549856, -0.0099351956, 0.0063417908;
 0.019668445, 0.99973476, 0.011982073, 0.0021816436;
 0.0096983127, -0.012174602, 0.99987888, -0.00092209707;
 0, 0, 0, 1]
Ow:
[-0.0063742329;
 -0.00206831;
 0.00095885171]
Keyframe: 3 Frame: 44 Frame from vFrameID : 45
Tcw:
[0.99975902, 0.019058662, 0.010894789, -0.0064698062;
 -0.018935209, 0.99975657, -0.011324307, -0.0021087995;
 -0.011107964, 0.011115283, 0.9998765, 0.00089156895;
 0, 0, 0, 1]
Twc:
[0.99975902, -0.018935209, -0.011107964, 0.0064382199;
 0.019058662, 0.99975657, 0.011115283, 0.0022216819;
 0.010894789, -0.011324307, 0.9998765, -0.00084485242;
 0, 0, 0, 1]
Ow:
[-0.0064698062;
 -0.0021087995;
 0.00089156895]
Keyframe: 4 Frame: 45 Frame from vFrameID : 46
Tcw:
[0.99976337, 0.018107332, 0.012054862, -0.0063394522;
 -0.018005038, 0.9998014, -0.0085408669, -0.0018430508;
 -0.012207122, 0.0083217975, 0.99989086, 0.0012760159;
 0, 0, 0, 1]
Twc:
[0.99976337, -0.018005038, -0.012207122, 0.0063203447;
 0.018107332, 0.9998014, 0.0083217975, 0.0019468567;
 0.012054862, -0.0085408669, 0.99989086, -0.0012151966;
 0, 0, 0, 1]
Ow:
[-0.0063394522;
 -0.0018430508;
 0.0012760159]
Keyframe: 5 Frame: 46 Frame from vFrameID : 47
Tcw:
[0.99976373, 0.018084284, 0.012059319, -0.0063486239;
 -0.017982133, 0.99980193, -0.0085259294, -0.0018537573;
 -0.012211116, 0.008307063, 0.99989092, 0.0012135935;
 0, 0, 0, 1]
Twc:
[0.99976373, -0.017982133, -0.012211116, 0.0063286088;
 0.018084284, 0.99980193, 0.008307063, 0.0019581192;
 0.012059319, -0.0085259294, 0.99989092, -0.0011527061;
 0, 0, 0, 1]
Ow:
[-0.0063486239;
 -0.0018537573;
 0.0012135935]
Keyframe: 6 Frame: 47 Frame from vFrameID : 48
Tcw:
[0.99976391, 0.017824518, 0.012428042, -0.0064172214;
 -0.017735438, 0.99981648, -0.0072413362, -0.0018936432;
 -0.012554834, 0.0070192097, 0.99989653, 0.0013800281;
 0, 0, 0, 1]
Twc:
[0.99976391, -0.017735438, -0.012554834, 0.0063994476;
 0.017824518, 0.99981648, 0.0070192097, 0.0019979929;
 0.012428042, -0.0072413362, 0.99989653, -0.0013138443;
 0, 0, 0, 1]
Ow:
[-0.0064172214;
 -0.0018936432;
 0.0013800281]
Keyframe: 7 Frame: 49 Frame from vFrameID : 50
Tcw:
[0.9997583, 0.017722927, 0.013008757, -0.0063422923;
 -0.017630605, 0.9998188, -0.00717765, -0.0017694695;
 -0.013133609, 0.0069465628, 0.99988961, 0.0016920897;
 0, 0, 0, 1]
Twc:
[0.9997583, -0.017630605, -0.013133609, 0.0063317856;
 0.017722927, 0.9998188, 0.0069465628, 0.0018697986;
 0.013008757, -0.00717765, 0.99988961, -0.0016220983;
 0, 0, 0, 1]
Ow:
[-0.0063422923;
 -0.0017694695;
 0.0016920897]
Keyframe: 8 Frame: 51 Frame from vFrameID : 52
Tcw:
[0.99972391, 0.019423993, 0.01322374, -0.0064101601;
 -0.019295845, 0.99976629, -0.0097502889, -0.0015638999;
 -0.013410039, 0.0094924336, 0.999865, 0.0015748669;
 0, 0, 0, 1]
Twc:
[0.99972391, -0.019295845, -0.013410039, 0.0063993325;
 0.019423993, 0.99976629, 0.0094924336, 0.001673096;
 0.01322374, -0.0097502889, 0.999865, -0.0015051365;
 0, 0, 0, 1]
Ow:
[-0.0064101601;
 -0.0015638999;
 0.0015748669]
Keyframe: 9 Frame: 53 Frame from vFrameID : 54
Tcw:
[0.99973446, 0.019669726, 0.012004431, -0.0065027894;
 -0.019535935, 0.99974686, -0.011162523, -0.001511795;
 -0.012220956, 0.010925042, 0.99986565, 0.0017895191;
 0, 0, 0, 1]
Twc:
[0.99973446, -0.019535935, -0.012220956, 0.006493398;
 0.019669726, 0.99974686, 0.010925042, 0.0016197697;
 0.012004431, -0.011162523, 0.99986565, -0.0017280917;
 0, 0, 0, 1]
Ow:
[-0.0065027894;
 -0.001511795;
 0.0017895191]
Keyframe: 10 Frame: 55 Frame from vFrameID : 56
Tcw:
[0.99975449, 0.01785931, 0.013113475, -0.006556653;
 -0.017717322, 0.99978399, -0.010865091, -0.0014902061;
 -0.013304686, 0.010630089, 0.99985498, 0.002482082;
 0, 0, 0, 1]
Twc:
[0.99975449, -0.017717322, -0.013304686, 0.0065616644;
 0.01785931, 0.99978399, 0.010630089, 0.0015805968;
 0.013113475, -0.010865091, 0.99985498, -0.0024119327;
 0, 0, 0, 1]
Ow:
[-0.006556653;
 -0.0014902061;
 0.002482082]
Keyframe: 11 Frame: 57 Frame from vFrameID : 58
Tcw:
[0.9997465, 0.016890982, 0.01488544, -0.0066370447;
 -0.016741727, 0.99980891, -0.010095163, -0.0013682646;
 -0.015053113, 0.009843397, 0.99983823, 0.0027432137;
 0, 0, 0, 1]
Twc:
[0.9997465, -0.016741727, -0.015053113, 0.0066537489;
 0.016890982, 0.99980891, 0.009843397, 0.0014531066;
 0.01488544, -0.010095163, 0.99983823, -0.0026577876;
 0, 0, 0, 1]
Ow:
[-0.0066370447;
 -0.0013682646;
 0.0027432137]
Keyframe: 12 Frame: 59 Frame from vFrameID : 60
Tcw:
[0.99967808, 0.012318499, 0.022179833, -0.0064769532;
 -0.012128077, 0.9998886, -0.0086995782, -0.00067154103;
 -0.022284528, 0.0084277792, 0.99971616, 0.0038739515;
 0, 0, 0, 1]
Twc:
[0.99967808, -0.012128077, -0.022284528, 0.0065530529;
 0.012318499, 0.9998886, 0.0084277792, 0.00071860373;
 0.022179833, -0.0086995782, 0.99971616, -0.0037350361;
 0, 0, 0, 1]
Ow:
[-0.0064769532;
 -0.00067154103;
 0.0038739515]
Keyframe: 13 Frame: 61 Frame from vFrameID : 62
Tcw:
[0.99968034, 0.009053993, 0.023606433, -0.0062435945;
 -0.0088619562, 0.99992687, -0.0082268855, -0.00054787804;
 -0.023679193, 0.0080150561, 0.99968749, 0.0047082892;
 0, 0, 0, 1]
Twc:
[0.99968034, -0.0088619562, -0.023679193, 0.0063482318;
 0.009053993, 0.99992687, 0.0080150561, 0.00056663027;
 0.023606433, -0.0082268855, 0.99968749, -0.004563936;
 0, 0, 0, 1]
Ow:
[-0.0062435945;
 -0.00054787804;
 0.0047082892]
Keyframe: 14 Frame: 63 Frame from vFrameID : 64
Tcw:
[0.99975312, 0.0041502817, 0.021829503, -0.0049248552;
 -0.0039524683, 0.99995083, -0.0090970909, -3.9571602e-05;
 -0.021866184, 0.0090085641, 0.99972034, 0.0054122983;
 0, 0, 0, 1]
Twc:
[0.99975312, -0.0039524683, -0.021866184, 0.0050418293;
 0.0041502817, 0.99995083, 0.0090085641, 1.1252158e-05;
 0.021829503, -0.0090970909, 0.99972034, -0.0053036371;
 0, 0, 0, 1]
Ow:
[-0.0049248552;
 -3.9571602e-05;
 0.0054122983]
Keyframe: 15 Frame: 66 Frame from vFrameID : 67
Tcw:
[0.99980986, 0.0051568514, 0.018806355, -0.004889179;
 -0.0050534536, 0.99997187, -0.005541428, -0.00019690557;
 -0.018834403, 0.0054453374, 0.99980778, 0.0048879748;
 0, 0, 0, 1]
Twc:
[0.99980986, -0.0050534536, -0.018834403, 0.0049793161;
 0.0051568514, 0.99997187, 0.0054453374, 0.00019549615;
 0.018806355, -0.005541428, 0.99980778, -0.004796179;
 0, 0, 0, 1]
Ow:
[-0.004889179;
 -0.00019690557;
 0.0048879748]
Keyframe: 16 Frame: 70 Frame from vFrameID : 71
Tcw:
[0.99992126, 0.012547657, 0.00023462706, -0.0031940427;
 -0.01254897, 0.99989778, 0.0068493336, 0.00096925744;
 -0.00014865999, -0.0068517383, 0.99997652, 0.0044713677;
 0, 0, 0, 1]
Twc:
[0.99992126, -0.01254897, -0.00014865999, 0.0032066191;
 0.012547657, 0.99989778, -0.0068517383, -0.00089844404;
 0.00023462706, 0.0068493336, 0.99997652, -0.0044771521;
 0, 0, 0, 1]
Ow:
[-0.0031940427;
 0.00096925744;
 0.0044713677]
Keyframe: 17 Frame: 74 Frame from vFrameID : 75
Tcw:
[0.9994874, 0.017998772, -0.026475552, -0.003640871;
 -0.017897582, 0.99983162, 0.0040540295, 0.0012359218;
 0.026544061, -0.0035781031, 0.99964124, 0.0021397087;
 0, 0, 0, 1]
Twc:
[0.9994874, -0.017897582, 0.026544061, 0.0036043283;
 0.017998772, 0.99983162, -0.0035781031, -0.0011625263;
 -0.026475552, 0.0040540295, 0.99964124, -0.0022403456;
 0, 0, 0, 1]
Ow:
[-0.003640871;
 0.0012359218;
 0.0021397087]
Keyframe: 18 Frame: 78 Frame from vFrameID : 79
Tcw:
[0.99881154, 0.017796524, -0.045373369, -0.0036122501;
 -0.017095571, 0.99972916, 0.015790105, 0.0014245425;
 0.045642093, -0.014995656, 0.99884528, -0.0004297242;
 0, 0, 0, 1]
Twc:
[0.99881154, -0.017095571, 0.045642093, 0.0036519242;
 0.017796524, 0.99972916, -0.014995656, -0.0013663152;
 -0.045373369, 0.015790105, 0.99884528, 0.00024283434;
 0, 0, 0, 1]
Ow:
[-0.0036122501;
 0.0014245425;
 -0.0004297242]
Keyframe: 19 Frame: 83 Frame from vFrameID : 84
Tcw:
[0.99944073, 0.015174042, -0.029799504, -0.006042738;
 -0.014743232, 0.99978435, 0.014623846, 0.0009470376;
 0.030014981, -0.014176326, 0.9994489, -8.3882042e-06;
 0, 0, 0, 1]
Twc:
[0.99944073, -0.014743232, 0.030014981, 0.0060535721;
 0.015174042, 0.99978435, -0.014176326, -0.0008552596;
 -0.029799504, 0.014623846, 0.9994489, -0.00018553634;
 0, 0, 0, 1]
Ow:
[-0.006042738;
 0.0009470376;
 -8.3882042e-06]
Keyframe: 20 Frame: 87 Frame from vFrameID : 88
Tcw:
[0.99984354, 0.014884841, -0.0095595922, -0.0084225433;
 -0.014884538, 0.99988919, 0.00010276096, 0.00012195232;
 0.0095600626, 3.9545237e-05, 0.99995428, -0.00060765137;
 0, 0, 0, 1]
Twc:
[0.99984354, -0.014884538, 0.0095600626, 0.0084288493;
 0.014884841, 0.99988919, 3.9545237e-05, 3.453431e-06;
 -0.0095595922, 0.00010276096, 0.99995428, 0.00052709499;
 0, 0, 0, 1]
Ow:
[-0.0084225433;
 0.00012195232;
 -0.00060765137]
Keyframe: 21 Frame: 92 Frame from vFrameID : 93
Tcw:
[0.99994385, 0.0085300617, -0.0062899687, -0.010809214;
 -0.0085291425, 0.99996358, 0.00017295071, 0.00068759231;
 0.0062912153, -0.00011929296, 0.99998021, 0.0014513397;
 0, 0, 0, 1]
Twc:
[0.99994385, -0.0085291425, 0.0062912153, 0.01080534;
 0.0085300617, 0.99996358, -0.00011929296, -0.00059519085;
 -0.0062899687, 0.00017295071, 0.99998021, -0.0015194195;
 0, 0, 0, 1]
Ow:
[-0.010809214;
 0.00068759231;
 0.0014513397]
Keyframe: 22 Frame: 97 Frame from vFrameID : 98
Tcw:
[0.99952525, -0.015049406, -0.026884522, -0.0091444226;
 0.015384867, 0.99980581, 0.012314867, 0.0013276415;
 0.02669397, -0.012722636, 0.99956268, 0.0059117456;
 0, 0, 0, 1]
Twc:
[0.99952525, 0.015384867, 0.02669397, 0.0089618471;
 -0.015049406, 0.99980581, -0.012722636, -0.0013897888;
 -0.026884522, 0.012314867, 0.99956268, -0.0061713536;
 0, 0, 0, 1]
Ow:
[-0.0091444226;
 0.0013276415;
 0.0059117456]
Keyframe: 23 Frame: 101 Frame from vFrameID : 102
Tcw:
[0.99981344, -0.01130825, -0.015661106, -0.0086180391;
 0.011535225, 0.99982864, 0.01447922, 0.0023278587;
 0.015494687, -0.014657172, 0.99977249, 0.0084702708;
 0, 0, 0, 1]
Twc:
[0.99981344, 0.011535225, 0.015494687, 0.008458334;
 -0.01130825, 0.99982864, -0.014657172, -0.0023007644;
 -0.015661106, 0.01447922, 0.99977249, -0.0086370176;
 0, 0, 0, 1]
Ow:
[-0.0086180391;
 0.0023278587;
 0.0084702708]
Keyframe: 24 Frame: 105 Frame from vFrameID : 106
Tcw:
[0.99999386, 0.0026537247, -0.0022862263, -0.0074405232;
 -0.0026283504, 0.99993569, 0.011031182, 0.0035978549;
 0.0023153529, -0.011025106, 0.99993652, 0.011968;
 0, 0, 0, 1]
Twc:
[0.99999386, -0.0026283504, 0.0023153529, 0.0074222242;
 0.0026537247, 0.99993569, -0.011025106, -0.0034459301;
 -0.0022862263, 0.011031182, 0.99993652, -0.012023941;
 0, 0, 0, 1]
Ow:
[-0.0074405232;
 0.0035978549;
 0.011968]
Keyframe: 25 Frame: 110 Frame from vFrameID : 111
Tcw:
[0.99948627, 0.029279072, 0.013035097, -0.0064560757;
 -0.029417429, 0.99951154, 0.010552084, 0.0033485123;
 -0.012719775, -0.010930123, 0.99985933, 0.016934585;
 0, 0, 0, 1]
Twc:
[0.99948627, -0.029417429, -0.012719775, 0.0067666681;
 0.029279072, 0.99951154, -0.010930123, -0.0029727516;
 0.013035097, 0.010552084, 0.99985933, -0.016883383;
 0, 0, 0, 1]
Ow:
[-0.0064560757;
 0.0033485123;
 0.016934585]
Keyframe: 26 Frame: 115 Frame from vFrameID : 116
Tcw:
[0.99903083, 0.035401888, 0.026156275, -0.0049112393;
 -0.03600093, 0.99909168, 0.022797776, 0.0030815445;
 -0.025325432, -0.023717331, 0.99939787, 0.023526128;
 0, 0, 0, 1]
Twc:
[0.99903083, -0.03600093, -0.025325432, 0.0056132269;
 0.035401888, 0.99909168, -0.023717331, -0.0023469015;
 0.026156275, 0.022797776, 0.99939787, -0.023453755;
 0, 0, 0, 1]
Ow:
[-0.0049112393;
 0.0030815445;
 0.023526128]
Keyframe: 27 Frame: 120 Frame from vFrameID : 121
Tcw:
[0.99815708, 0.022368986, 0.056410097, -0.0020849926;
 -0.023802331, 0.99940735, 0.024866723, 0.0045926329;
 -0.055820424, -0.026163587, 0.99809796, 0.031268027;
 0, 0, 0, 1]
Twc:
[0.99815708, -0.023802331, -0.055820424, 0.00393586;
 0.022368986, 0.99940735, -0.026163587, -0.0037251883;
 0.056410097, 0.024866723, 0.99809796, -0.031205142;
 0, 0, 0, 1]
Ow:
[-0.0020849926;
 0.0045926329;
 0.031268027]
Keyframe: 28 Frame: 125 Frame from vFrameID : 126
Tcw:
[0.99800259, 0.010936977, 0.062219441, -0.0012314818;
 -0.010502193, 0.9999181, -0.0073106899, 0.0056272042;
 -0.062294304, 0.0066426466, 0.99803573, 0.041664496;
 0, 0, 0, 1]
Twc:
[0.99800259, -0.010502193, -0.062294304, 0.0038835807;
 0.010936977, 0.9999181, 0.0066426466, -0.0058900374;
 0.062219441, -0.0073106899, 0.99803573, -0.041464895;
 0, 0, 0, 1]
Ow:
[-0.0012314818;
 0.0056272042;
 0.041664496]
Keyframe: 29 Frame: 130 Frame from vFrameID : 131
Tcw:
[0.99837685, 0.0021130375, 0.056913771, 0.00084050326;
 -0.0019359575, 0.99999309, -0.0031663324, 0.0064558559;
 -0.05692007, 0.0030510102, 0.9983741, 0.047473151;
 0, 0, 0, 1]
Twc:
[0.99837685, -0.0019359575, -0.05692007, 0.0018755344;
 0.0021130375, 0.99999309, 0.0030510102, -0.0066024289;
 0.056913771, -0.0031663324, 0.9983741, -0.047423359;
 0, 0, 0, 1]
Ow:
[0.00084050326;
 0.0064558559;
 0.047473151]
Keyframe: 30 Frame: 135 Frame from vFrameID : 136
Tcw:
[0.99898076, 0.0095469262, 0.04411751, 0.0029990654;
 -0.0095524639, 0.99995434, -8.5303735e-05, 0.0074355067;
 -0.044116311, -0.00033621414, 0.99902636, 0.055020247;
 0, 0, 0, 1]
Twc:
[0.99898076, -0.0095524639, -0.044116311, -0.00049769075;
 0.0095469262, 0.99995434, -0.00033621414, -0.0074453009;
 0.04411751, -8.5303735e-05, 0.99902636, -0.055098355;
 0, 0, 0, 1]
Ow:
[0.0029990654;
 0.0074355067;
 0.055020247]
Keyframe: 31 Frame: 140 Frame from vFrameID : 141
Tcw:
[0.99985272, 0.0088041471, 0.014731312, 0.0070326743;
 -0.0086330008, 0.99989498, -0.011641386, 0.0078344988;
 -0.014832257, 0.011512496, 0.99982369, 0.060696371;
 0, 0, 0, 1]
Twc:
[0.99985272, -0.0086330008, -0.014832257, -0.0060637388;
 0.0088041471, 0.99989498, 0.011512496, -0.0085943593;
 0.014731312, -0.011641386, 0.99982369, -0.06069807;
 0, 0, 0, 1]
Ow:
[0.0070326743;
 0.0078344988;
 0.060696371]
Keyframe: 32 Frame: 144 Frame from vFrameID : 145
Tcw:
[0.99986166, 0.01655755, -0.0015744587, 0.0084584011;
 -0.016575815, 0.99978572, -0.012398551, 0.0073442385;
 0.0013688316, 0.012422934, 0.99992192, 0.063797556;
 0, 0, 0, 1]
Twc:
[0.99986166, -0.016575815, 0.0013688316, -0.0084228227;
 0.01655755, 0.99978572, 0.012422934, -0.0082752686;
 -0.0015744587, -0.012398551, 0.99992192, -0.063688196;
 0, 0, 0, 1]
Ow:
[0.0084584011;
 0.0073442385;
 0.063797556]
Keyframe: 33 Frame: 149 Frame from vFrameID : 150
Tcw:
[0.99984479, 0.0079221968, -0.015737841, 0.010032064;
 -0.0081474446, 0.99986458, -0.01430031, 0.0084028551;
 0.015622419, 0.014426313, 0.99977386, 0.069888704;
 0, 0, 0, 1]
Twc:
[0.99984479, -0.0081474446, 0.015622419, -0.011053875;
 0.0079221968, 0.99986458, 0.014426313, -0.0094894292;
 -0.015737841, -0.01430031, 0.99977386, -0.069594853;
 0, 0, 0, 1]
Ow:
[0.010032064;
 0.0084028551;
 0.069888704]
Keyframe: 34 Frame: 153 Frame from vFrameID : 154
Tcw:
[0.99983031, 0.00064082665, 0.018410258, 0.01148482;
 -0.00019729824, 0.99970996, -0.024083097, 0.0092713619;
 -0.018420352, 0.024075378, 0.99954045, 0.076286793;
 0, 0, 0, 1]
Twc:
[0.99983031, -0.00019729824, -0.018420352, -0.010075813;
 0.00064082665, 0.99970996, 0.024075378, -0.011112666;
 0.018410258, -0.024083097, 0.99954045, -0.076239884;
 0, 0, 0, 1]
Ow:
[0.01148482;
 0.0092713619;
 0.076286793]
Keyframe: 35 Frame: 156 Frame from vFrameID : 157
Tcw:
[0.99974579, 0.0025894847, 0.022398861, 0.011215404;
 -0.0021265021, 0.99978411, -0.020669099, 0.010827897;
 -0.022447549, 0.020616213, 0.99953544, 0.081227213;
 0, 0, 0, 1]
Twc:
[0.99974579, -0.0021265021, -0.022447549, -0.0093661752;
 0.0025894847, 0.99978411, 0.020616213, -0.012529199;
 0.022398861, -0.020669099, 0.99953544, -0.081216887;
 0, 0, 0, 1]
Ow:
[0.011215404;
 0.010827897;
 0.081227213]
Keyframe: 36 Frame: 160 Frame from vFrameID : 161
Tcw:
[0.99925405, -0.0035213239, 0.038456462, 0.012632927;
 0.0042770323, 0.99979901, -0.019586457, 0.01146229;
 -0.038379762, 0.019736325, 0.99906832, 0.086765043;
 0, 0, 0, 1]
Twc:
[0.99925405, 0.0042770323, -0.038379762, -0.0093425075;
 -0.0035213239, 0.99979901, 0.019736325, -0.013127924;
 0.038456462, -0.019586457, 0.99906832, -0.086945511;
 0, 0, 0, 1]
Ow:
[0.012632927;
 0.01146229;
 0.086765043]
Keyframe: 37 Frame: 164 Frame from vFrameID : 165
Tcw:
[0.99930292, -0.012392249, 0.035214931, 0.016702358;
 0.012481193, 0.99991947, -0.0023070513, 0.01296499;
 -0.035183504, 0.0027449676, 0.99937707, 0.093775459;
 0, 0, 0, 1]
Twc:
[0.99930292, 0.012481193, -0.035183504, -0.013553184;
 -0.012392249, 0.99991947, 0.0027449676, -0.013014376;
 0.035214931, -0.0023070513, 0.99937707, -0.094275311;
 0, 0, 0, 1]
Ow:
[0.016702358;
 0.01296499;
 0.093775459]
Keyframe: 38 Frame: 170 Frame from vFrameID : 171
Tcw:
[0.99937046, -0.00040039819, 0.035475176, 0.023255834;
 0.00098043203, 0.99986613, -0.016334528, 0.014499522;
 -0.035463888, 0.016359026, 0.99923706, 0.10512727;
 0, 0, 0, 1]
Twc:
[0.99937046, 0.00098043203, -0.035463888, -0.019527189;
 -0.00040039819, 0.99986613, 0.016359026, -0.016208049;
 0.035475176, -0.016334528, 0.99923706, -0.10563523;
 0, 0, 0, 1]
Ow:
[0.023255834;
 0.014499522;
 0.10512727]
Keyframe: 39 Frame: 175 Frame from vFrameID : 176
Tcw:
[0.99959761, 0.020718241, 0.019376062, 0.028653974;
 -0.020280238, 0.99954033, -0.022535034, 0.010473743;
 -0.019834042, 0.022133013, 0.99955827, 0.11414384;
 0, 0, 0, 1]
Twc:
[0.99959761, -0.020280238, -0.019834042, -0.026166098;
 0.020718241, 0.99954033, 0.022133013, -0.013588935;
 0.019376062, -0.022535034, 0.99955827, -0.11441259;
 0, 0, 0, 1]
Ow:
[0.028653974;
 0.010473743;
 0.11414384]
Keyframe: 40 Frame: 180 Frame from vFrameID : 181
Tcw:
[0.99969399, 0.022612125, -0.010028057, 0.030905951;
 -0.022819025, 0.99951857, -0.021021327, 0.0085981227;
 0.009547892, 0.021243725, 0.99972874, 0.11983026;
 0, 0, 0, 1]
Twc:
[0.99969399, -0.022819025, 0.009547892, -0.031844422;
 0.022612125, 0.99951857, 0.021243725, -0.011838474;
 -0.010028057, -0.021021327, 0.99972874, -0.11930709;
 0, 0, 0, 1]
Ow:
[0.030905951;
 0.0085981227;
 0.11983026]
Keyframe: 41 Frame: 185 Frame from vFrameID : 186
Tcw:
[0.99968308, 0.015816078, -0.019585008, 0.032408822;
 -0.016397424, 0.9994188, -0.029887306, 0.0092401803;
 0.019100925, 0.030198978, 0.9993614, 0.12579466;
 0, 0, 0, 1]
Twc:
[0.99968308, -0.016397424, 0.019100925, -0.03464983;
 0.015816078, 0.9994188, 0.030198978, -0.01354626;
 -0.019585008, -0.029887306, 0.9993614, -0.12480343;
 0, 0, 0, 1]
Ow:
[0.032408822;
 0.0092401803;
 0.12579466]
Keyframe: 42 Frame: 190 Frame from vFrameID : 191
Tcw:
[0.99982435, 0.0085965823, -0.01665627, 0.033247743;
 -0.0093361363, 0.99895036, -0.044844192, 0.0087422989;
 0.01625328, 0.044991817, 0.99885511, 0.13405256;
 0, 0, 0, 1]
Twc:
[0.99982435, -0.0093361363, 0.01625328, -0.035339076;
 0.0085965823, 0.99895036, 0.044991817, -0.015050208;
 -0.01665627, -0.044844192, 0.99885511, -0.13295326;
 0, 0, 0, 1]
Ow:
[0.033247743;
 0.0087422989;
 0.13405256]
Keyframe: 43 Frame: 197 Frame from vFrameID : 198
Tcw:
[0.99996984, 0.0011573127, 0.0076826513, 0.036371022;
 -0.00089208042, 0.99940646, -0.034437615, 0.0070191505;
 -0.0077179465, 0.034429725, 0.99937731, 0.14210279;
 0, 0, 0, 1]
Twc:
[0.99996984, -0.00089208042, -0.0077179465, -0.035266925;
 0.0011573127, 0.99940646, 0.034429725, -0.011949637;
 0.0076826513, -0.034437615, 0.99937731, -0.14205201;
 0, 0, 0, 1]
Ow:
[0.036371022;
 0.0070191505;
 0.14210279]
Keyframe: 44 Frame: 202 Frame from vFrameID : 203
Tcw:
[0.99994069, -0.007977942, -0.0074163713, 0.039546568;
 0.0076812739, 0.99920166, -0.039204501, 0.0080454219;
 0.007723222, 0.039145209, 0.99920368, 0.14880738;
 0, 0, 0, 1]
Twc:
[0.99994069, 0.0076812739, 0.007723222, -0.040755294;
 -0.007977942, 0.99920166, 0.039145209, -0.013548594;
 -0.0074163713, -0.039204501, 0.99920368, -0.14808017;
 0, 0, 0, 1]
Ow:
[0.039546568;
 0.0080454219;
 0.14880738]
Keyframe: 45 Frame: 206 Frame from vFrameID : 207
Tcw:
[0.99917573, -0.012900902, -0.038490057, 0.042657793;
 0.011429741, 0.99920475, -0.038200058, 0.0083539737;
 0.038952265, 0.037728637, 0.99852854, 0.15162212;
 0, 0, 0, 1]
Twc:
[0.99917573, 0.011429741, 0.038952265, -0.048624139;
 -0.012900902, 0.99920475, 0.037728637, -0.013517502;
 -0.038490057, -0.038200058, 0.99852854, -0.14943799;
 0, 0, 0, 1]
Ow:
[0.042657793;
 0.0083539737;
 0.15162212]
Keyframe: 46 Frame: 210 Frame from vFrameID : 211
Tcw:
[0.99838185, 0.011082973, -0.05577442, 0.043566115;
 -0.012654501, 0.99953055, -0.027902639, 0.0073579801;
 0.055438992, 0.028563287, 0.99805343, 0.15937458;
 0, 0, 0, 1]
Twc:
[0.99838185, -0.012654501, 0.055438992, -0.052238077;
 0.011082973, 0.99953055, 0.028563287, -0.01238963;
 -0.05577442, -0.027902639, 0.99805343, -0.15642917;
 0, 0, 0, 1]
Ow:
[0.043566115;
 0.0073579801;
 0.15937458]
Keyframe: 47 Frame: 214 Frame from vFrameID : 215
Tcw:
[0.99753946, 0.0011986134, -0.070096977, 0.04434938;
 -0.003601972, 0.99940956, -0.034169856, 0.0079123527;
 0.070014633, 0.034338266, 0.9969548, 0.1668192;
 0, 0, 0, 1]
Twc:
[0.99753946, -0.003601972, 0.070014633, -0.055891544;
 0.0011986134, 0.99940956, 0.034338266, -0.01368912;
 -0.070096977, -0.034169856, 0.9969548, -0.16293208;
 0, 0, 0, 1]
Ow:
[0.04434938;
 0.0079123527;
 0.1668192]
Keyframe: 48 Frame: 219 Frame from vFrameID : 220
Tcw:
[0.99984539, -0.0012658302, -0.017537056, 0.046430815;
 0.00070842571, 0.99949545, -0.031754211, 0.010978421;
 0.017568404, 0.031736877, 0.99934185, 0.17612174;
 0, 0, 0, 1]
Twc:
[0.99984539, 0.00070842571, 0.017568404, -0.049525596;
 -0.0012658302, 0.99949545, 0.031736877, -0.016503664;
 -0.017537056, -0.031754211, 0.99934185, -0.17484295;
 0, 0, 0, 1]
Ow:
[0.046430815;
 0.010978421;
 0.17612174]
Keyframe: 49 Frame: 223 Frame from vFrameID : 224
Tcw:
[0.99979615, -0.019752741, -0.0041746893, 0.049000312;
 0.019682547, 0.99967444, -0.016234793, 0.012234606;
 0.0044940119, 0.016149316, 0.99985951, 0.18246123;
 0, 0, 0, 1]
Twc:
[0.99979615, 0.019682547, 0.0044940119, -0.050051119;
 -0.019752741, 0.99967444, 0.016149316, -0.014209356;
 -0.0041746893, -0.016234793, 0.99985951, -0.18203241;
 0, 0, 0, 1]
Ow:
[0.049000312;
 0.012234606;
 0.18246123]
Keyframe: 50 Frame: 228 Frame from vFrameID : 229
Tcw:
[0.9996891, -0.0056051947, 0.024296759, 0.05264521;
 0.0062033674, 0.99967778, -0.02461439, 0.012371194;
 -0.024150962, 0.024757458, 0.99940175, 0.18995528;
 0, 0, 0, 1]
Twc:
[0.9996891, 0.0062033674, -0.024150962, -0.04811798;
 -0.0056051947, 0.99967778, 0.024757458, -0.016774932;
 0.024296759, -0.02461439, 0.99940175, -0.19081622;
 0, 0, 0, 1]
Ow:
[0.05264521;
 0.012371194;
 0.18995528]
Keyframe: 51 Frame: 233 Frame from vFrameID : 234
Tcw:
[0.99981833, -0.012370073, -0.014500739, 0.057564285;
 0.01158536, 0.99852711, -0.05300403, 0.012510857;
 0.015135044, 0.052826405, 0.99848902, 0.19629663;
 0, 0, 0, 1]
Twc:
[0.99981833, 0.01158536, 0.015135044, -0.060669731;
 -0.012370073, 0.99852711, 0.052826405, -0.022150001;
 -0.014500739, -0.05300403, 0.99848902, -0.19450219;
 0, 0, 0, 1]
Ow:
[0.057564285;
 0.012510857;
 0.19629663]
Keyframe: 52 Frame: 237 Frame from vFrameID : 238
Tcw:
[0.99956095, -0.0028008269, -0.029497024, 0.060610939;
 0.0014463176, 0.99894768, -0.045841806, 0.012857775;
 0.029594377, 0.045779016, 0.9985131, 0.19883201;
 0, 0, 0, 1]
Twc:
[0.99956095, 0.0014463176, 0.029594377, -0.06648723;
 -0.0028008269, 0.99894768, 0.045779016, -0.021776818;
 -0.029497024, -0.045841806, 0.9985131, -0.19615911;
 0, 0, 0, 1]
Ow:
[0.060610939;
 0.012857775;
 0.19883201]
Keyframe: 53 Frame: 242 Frame from vFrameID : 243
Tcw:
[0.99958438, 0.0046154349, -0.028455794, 0.062602885;
 -0.0054020709, 0.99960363, -0.027629536, 0.013977351;
 0.028316993, 0.027771773, 0.9992131, 0.20709176;
 0, 0, 0, 1]
Twc:
[0.99958438, -0.0054020709, 0.028316993, -0.068365581;
 0.0046154349, 0.99960363, 0.027771773, -0.020012056;
 -0.028455794, -0.027629536, 0.9992131, -0.20476121;
 0, 0, 0, 1]
Ow:
[0.062602885;
 0.013977351;
 0.20709176]
Keyframe: 54 Frame: 246 Frame from vFrameID : 247
Tcw:
[0.99985367, 0.0097784856, -0.014035955, 0.063882984;
 -0.010049676, 0.99976164, -0.019382386, 0.015244395;
 0.013843079, 0.019520607, 0.9997136, 0.21194209;
 0, 0, 0, 1]
Twc:
[0.99985367, -0.010049676, 0.013843079, -0.066654369;
 0.0097784856, 0.99976164, 0.019520607, -0.02000268;
 -0.014035955, -0.019382386, 0.9997136, -0.21068926;
 0, 0, 0, 1]
Ow:
[0.063882984;
 0.015244395;
 0.21194209]
Keyframe: 55 Frame: 251 Frame from vFrameID : 252
Tcw:
[0.99981445, -0.011245486, 0.015638348, 0.064593241;
 0.011761614, 0.99937576, -0.033313353, 0.016889701;
 -0.01525396, 0.033491105, 0.99932259, 0.22273463;
 0, 0, 0, 1]
Twc:
[0.99981445, 0.011761614, -0.01525396, -0.06138232;
 -0.011245486, 0.99937576, 0.033491105, -0.023612402;
 0.015638348, -0.033313353, 0.99932259, -0.22303124;
 0, 0, 0, 1]
Ow:
[0.064593241;
 0.016889701;
 0.22273463]
Keyframe: 56 Frame: 255 Frame from vFrameID : 256
Tcw:
[0.99912381, -0.016903691, 0.038286045, 0.06834095;
 0.017642871, 0.99966282, -0.019051876, 0.01957643;
 -0.037951089, 0.019710658, 0.99908519, 0.22503164;
 0, 0, 0, 1]
Twc:
[0.99912381, 0.017642871, -0.037951089, -0.060086265;
 -0.016903691, 0.99966282, 0.019710658, -0.022850135;
 0.038286045, -0.019051876, 0.99908519, -0.22706932;
 0, 0, 0, 1]
Ow:
[0.06834095;
 0.01957643;
 0.22503164]
Keyframe: 57 Frame: 259 Frame from vFrameID : 260
Tcw:
[0.99910611, -0.0075778621, 0.041588254, 0.068618953;
 0.0079300143, 0.99993402, -0.0083091501, 0.021021435;
 -0.041522544, 0.0086315181, 0.99910027, 0.23576108;
 0, 0, 0, 1]
Twc:
[0.99910611, 0.0079300143, -0.041522544, -0.05893492;
 -0.0075778621, 0.99993402, 0.0086315181, -0.022535039;
 0.041588254, -0.0083091501, 0.99910027, -0.23822804;
 0, 0, 0, 1]
Ow:
[0.068618953;
 0.021021435;
 0.23576108]
Keyframe: 58 Frame: 263 Frame from vFrameID : 264
Tcw:
[0.9999339, -0.0103907, 0.0049189907, 0.071168676;
 0.01046874, 0.99981534, -0.016114572, 0.021553632;
 -0.0047506411, 0.016165003, 0.99985808, 0.24470112;
 0, 0, 0, 1]
Twc:
[0.9999339, 0.01046874, -0.0047506411, -0.070227131;
 -0.0103907, 0.99981534, 0.016165003, -0.024765754;
 0.0049189907, -0.016114572, 0.99985808, -0.24466912;
 0, 0, 0, 1]
Ow:
[0.071168676;
 0.021553632;
 0.24470112]
Keyframe: 59 Frame: 267 Frame from vFrameID : 268
Tcw:
[0.99996305, -0.0018251238, -0.0083991094, 0.076609746;
 0.001572136, 0.99954778, -0.030029437, 0.022578059;
 0.0084501179, 0.030015124, 0.99951375, 0.25369605;
 0, 0, 0, 1]
Twc:
[0.99996305, 0.001572136, 0.0084501179, -0.078786172;
 -0.0018251238, 0.99954778, 0.030015124, -0.030042745;
 -0.0083991094, -0.030029437, 0.99951375, -0.25225124;
 0, 0, 0, 1]
Ow:
[0.076609746;
 0.022578059;
 0.25369605]
Keyframe: 60 Frame: 272 Frame from vFrameID : 273
Tcw:
[0.99979812, 0.010284194, -0.017261714, 0.084241234;
 -0.010810958, 0.99947, -0.030705631, 0.023237582;
 0.016936783, 0.030886047, 0.9993794, 0.26343143;
 0, 0, 0, 1]
Twc:
[0.99979812, -0.010810958, 0.016936783, -0.088434681;
 0.010284194, 0.99947, 0.030886047, -0.032227974;
 -0.017261714, -0.030705631, 0.9993794, -0.26110026;
 0, 0, 0, 1]
Ow:
[0.084241234;
 0.023237582;
 0.26343143]
Keyframe: 61 Frame: 277 Frame from vFrameID : 278
Tcw:
[0.9991321, -0.0035839214, -0.041499108, 0.082922131;
 0.0026067896, 0.99971867, -0.023576064, 0.025854141;
 0.041571926, 0.023447424, 0.99886036, 0.26929024;
 0, 0, 0, 1]
Twc:
[0.9991321, 0.0026067896, 0.041571926, -0.094112471;
 -0.0035839214, 0.99971867, 0.023447424, -0.031863838;
 -0.041499108, -0.023576064, 0.99886036, -0.2649326;
 0, 0, 0, 1]
Ow:
[0.082922131;
 0.025854141;
 0.26929024]
Keyframe: 62 Frame: 284 Frame from vFrameID : 285
Tcw:
[0.99994254, -0.0038385089, -0.010006312, 0.082866549;
 0.003559188, 0.99960762, -0.027784368, 0.027595161;
 0.010109037, 0.027747158, 0.99956387, 0.28255847;
 0, 0, 0, 1]
Twc:
[0.99994254, 0.003559188, 0.010109037, -0.085816406;
 -0.0038385089, 0.99960762, 0.027747158, -0.035106443;
 -0.010006312, -0.027784368, 0.99956387, -0.28083932;
 0, 0, 0, 1]
Ow:
[0.082866549;
 0.027595161;
 0.28255847]
Keyframe: 63 Frame: 289 Frame from vFrameID : 290
Tcw:
[0.99925756, -0.0098634446, 0.037242763, 0.081360787;
 0.011628639, 0.99880439, -0.047481809, 0.031085845;
 -0.036729902, 0.04787964, 0.99817759, 0.29307193;
 0, 0, 0, 1]
Twc:
[0.99925756, 0.011628639, -0.036729902, -0.070897371;
 -0.0098634446, 0.99880439, 0.04787964, -0.044278361;
 0.037242763, -0.047481809, 0.99817759, -0.29409191;
 0, 0, 0, 1]
Ow:
[0.081360787;
 0.031085845;
 0.29307193]
Keyframe: 64 Frame: 293 Frame from vFrameID : 294
Tcw:
[0.99962604, -0.019063631, 0.01960429, 0.080989957;
 0.020152804, 0.99817365, -0.05694937, 0.032435395;
 -0.018482825, 0.057323154, 0.99818456, 0.29511309;
 0, 0, 0, 1]
Twc:
[0.99962604, 0.020152804, -0.018482825, -0.076158814;
 -0.019063631, 0.99817365, 0.057323154, -0.047749009;
 0.01960429, -0.05694937, 0.99818456, -0.29431793;
 0, 0, 0, 1]
Ow:
[0.080989957;
 0.032435395;
 0.29511309]
Keyframe: 65 Frame: 297 Frame from vFrameID : 298
Tcw:
[0.99925822, -0.017918915, 0.034086782, 0.084190063;
 0.019432748, 0.99881542, -0.044610996, 0.033408009;
 -0.03324702, 0.045240302, 0.99842274, 0.30106395;
 0, 0, 0, 1]
Twc:
[0.99925822, 0.019432748, -0.03324702, -0.074767344;
 -0.017918915, 0.99881542, 0.045240302, -0.045480065;
 0.034086782, -0.044610996, 0.99842274, -0.30196849;
 0, 0, 0, 1]
Ow:
[0.084190063;
 0.033408009;
 0.30106395]
Keyframe: 66 Frame: 303 Frame from vFrameID : 304
Tcw:
[0.99978787, -0.017086143, 0.011499936, 0.092566632;
 0.017631272, 0.99863821, -0.049100827, 0.03504537;
 -0.010645331, 0.049293168, 0.99872762, 0.30995241;
 0, 0, 0, 1]
Twc:
[0.99978787, 0.017631272, -0.010645331, -0.089865349;
 -0.017086143, 0.99863821, 0.049293168, -0.048694573;
 0.011499936, -0.049100827, 0.99872762, -0.30890179;
 0, 0, 0, 1]
Ow:
[0.092566632;
 0.03504537;
 0.30995241]
Keyframe: 67 Frame: 309 Frame from vFrameID : 310
Tcw:
[0.9998036, -0.0079066418, -0.018171985, 0.097618021;
 0.0069045969, 0.9984867, -0.05455846, 0.03416013;
 0.018575858, 0.054422274, 0.9983452, 0.31874192;
 0, 0, 0, 1]
Twc:
[0.9998036, 0.0069045969, 0.018575858, -0.10375562;
 -0.0079066418, 0.9984867, 0.054422274, -0.050683267;
 -0.018171985, -0.05455846, 0.9983452, -0.31457683;
 0, 0, 0, 1]
Ow:
[0.097618021;
 0.03416013;
 0.31874192]
Keyframe: 68 Frame: 314 Frame from vFrameID : 315
Tcw:
[0.99997431, -0.0071594822, -0.000306876, 0.09944509;
 0.007143639, 0.99931633, -0.036275081, 0.035468772;
 0.00056637701, 0.036271956, 0.99934179, 0.32777739;
 0, 0, 0, 1]
Twc:
[0.99997431, 0.007143639, 0.00056637701, -0.099881552;
 -0.0071594822, 0.99931633, 0.036271956, -0.046621677;
 -0.000306876, -0.036275081, 0.99934179, -0.32624447;
 0, 0, 0, 1]
Ow:
[0.09944509;
 0.035468772;
 0.32777739]
Keyframe: 69 Frame: 318 Frame from vFrameID : 319
Tcw:
[0.99960762, -0.011437441, 0.025569446, 0.10045148;
 0.012607952, 0.9988575, -0.046095256, 0.036450598;
 -0.025013022, 0.046399549, 0.99860972, 0.33589572;
 0, 0, 0, 1]
Twc:
[0.99960762, 0.012607952, -0.025013022, -0.092469864;
 -0.011437441, 0.9988575, 0.046399549, -0.050845455;
 0.025569446, -0.046095256, 0.99860972, -0.33631703;
 0, 0, 0, 1]
Ow:
[0.10045148;
 0.036450598;
 0.33589572]
Keyframe: 70 Frame: 322 Frame from vFrameID : 323
Tcw:
[0.99819422, -0.013822895, 0.058457192, 0.099307731;
 0.016876923, 0.99850047, -0.05207707, 0.038137142;
 -0.057649679, 0.052969608, 0.99693066, 0.3410961;
 0, 0, 0, 1]
Twc:
[0.99819422, 0.016876923, -0.057649679, -0.080107965;
 -0.013822895, 0.99850047, 0.052969608, -0.054774959;
 0.058457192, -0.05207707, 0.99693066, -0.34386835;
 0, 0, 0, 1]
Ow:
[0.099307731;
 0.038137142;
 0.3410961]
Keyframe: 71 Frame: 328 Frame from vFrameID : 329
Tcw:
[0.99752122, -0.016159168, 0.06848605, 0.10213979;
 0.019112511, 0.99890554, -0.042689759, 0.039519958;
 -0.06772127, 0.043892883, 0.99673831, 0.35090855;
 0, 0, 0, 1]
Twc:
[0.99752122, 0.019112511, -0.06772127, -0.078877963;
 -0.016159168, 0.99890554, 0.043892883, -0.053228602;
 0.06848605, -0.042689759, 0.99673831, -0.35507205;
 0, 0, 0, 1]
Ow:
[0.10213979;
 0.039519958;
 0.35090855]
Keyframe: 72 Frame: 333 Frame from vFrameID : 334
Tcw:
[0.99895859, -0.0035495793, 0.045488093, 0.10764487;
 0.0061354954, 0.99836469, -0.056835335, 0.039194908;
 -0.045211967, 0.057055239, 0.99734676, 0.35977709;
 0, 0, 0, 1]
Twc:
[0.99895859, 0.0061354954, -0.045211967, -0.09150701;
 -0.0035495793, 0.99836469, 0.057055239, -0.059275888;
 0.045488093, -0.056835335, 0.99734676, -0.36149144;
 0, 0, 0, 1]
Ow:
[0.10764487;
 0.039194908;
 0.35977709]
Keyframe: 73 Frame: 337 Frame from vFrameID : 338
Tcw:
[0.99945563, 0.01535053, 0.02920353, 0.11066169;
 -0.013370382, 0.99767464, -0.066832058, 0.039215326;
 -0.03016153, 0.066405214, 0.99733675, 0.36500162;
 0, 0, 0, 1]
Twc:
[0.99945563, -0.013370382, -0.03016153, -0.099068113;
 0.01535053, 0.99767464, 0.066405214, -0.065060869;
 0.02920353, -0.066832058, 0.99733675, -0.36464041;
 0, 0, 0, 1]
Ow:
[0.11066169;
 0.039215326;
 0.36500162]
Keyframe: 74 Frame: 341 Frame from vFrameID : 342
Tcw:
[0.99973983, 0.018155703, 0.013808137, 0.11249168;
 -0.017392108, 0.9984141, -0.053542759, 0.039988987;
 -0.014758345, 0.053288676, 0.99847007, 0.37047726;
 0, 0, 0, 1]
Twc:
[0.99973983, -0.017392108, -0.014758345, -0.1062993;
 0.018155703, 0.9984141, 0.053288676, -0.061710175;
 0.013808137, -0.053542759, 0.99847007, -0.36932266;
 0, 0, 0, 1]
Ow:
[0.11249168;
 0.039988987;
 0.37047726]
Keyframe: 75 Frame: 347 Frame from vFrameID : 348
Tcw:
[0.99914163, 0.0047429558, 0.041152541, 0.11358085;
 -0.002636825, 0.99869096, -0.05108276, 0.042172518;
 -0.041340951, 0.050930399, 0.99784619, 0.38137254;
 0, 0, 0, 1]
Twc:
[0.99914163, -0.002636825, -0.041340951, -0.097605847;
 0.0047429558, 0.99869096, 0.050930399, -0.062079474;
 0.041152541, -0.05108276, 0.99784619, -0.38307101;
 0, 0, 0, 1]
Ow:
[0.11358085;
 0.042172518;
 0.38137254]
Keyframe: 76 Frame: 352 Frame from vFrameID : 353
Tcw:
[0.99694294, -0.0011275953, 0.078124806, 0.11239616;
 0.0053838864, 0.9985106, -0.054291483, 0.043108728;
 -0.077947229, 0.054546129, 0.99546421, 0.3890847;
 0, 0, 0, 1]
Twc:
[0.99694294, 0.0053838864, -0.077947229, -0.081956573;
 -0.0011275953, 0.9985106, 0.054546129, -0.064140849;
 0.078124806, -0.054291483, 0.99546421, -0.39376038;
 0, 0, 0, 1]
Ow:
[0.11239616;
 0.043108728;
 0.3890847]
Keyframe: 77 Frame: 357 Frame from vFrameID : 358
Tcw:
[0.99555928, -0.0094519844, 0.093660794, 0.11454034;
 0.012108891, 0.99953908, -0.027839739, 0.043903567;
 -0.093354486, 0.028850239, 0.99521488, 0.39549872;
 0, 0, 0, 1]
Twc:
[0.99555928, 0.012108891, -0.093354486, -0.077641748;
 -0.0094519844, 0.99953908, 0.028850239, -0.054210927;
 0.093660794, -0.027839739, 0.99521488, -0.40311185;
 0, 0, 0, 1]
Ow:
[0.11454034;
 0.043903567;
 0.39549872]
Keyframe: 78 Frame: 363 Frame from vFrameID : 364
Tcw:
[0.99622625, -0.0063448488, 0.086562395, 0.11831373;
 0.0091407262, 0.99944794, -0.031940948, 0.045107607;
 -0.086311951, 0.032611653, 0.99573427, 0.40456602;
 0, 0, 0, 1]
Twc:
[0.99622625, 0.0091407262, -0.086311951, -0.083360672;
 -0.0063448488, 0.99944794, 0.032611653, -0.05752559;
 0.086562395, -0.031940948, 0.99573427, -0.411641;
 0, 0, 0, 1]
Ow:
[0.11831373;
 0.045107607;
 0.40456602]
Keyframe: 79 Frame: 368 Frame from vFrameID : 369
Tcw:
[0.99884337, 0.0074065719, 0.04750821, 0.12255889;
 -0.0047323117, 0.9984107, -0.056157921, 0.044716567;
 -0.047848642, 0.055868141, 0.99729097, 0.41175583;
 0, 0, 0, 1]
Twc:
[0.99884337, -0.0047323117, -0.047848642, -0.10250358;
 0.0074065719, 0.9984107, 0.055868141, -0.06855727;
 0.04750821, -0.056157921, 0.99729097, -0.41395172;
 0, 0, 0, 1]
Ow:
[0.12255889;
 0.044716567;
 0.41175583]
Keyframe: 80 Frame: 374 Frame from vFrameID : 375
Tcw:
[0.99972057, 0.017511703, 0.015878484, 0.12434411;
 -0.016864674, 0.99905711, -0.040005654, 0.045274254;
 -0.016564079, 0.039726689, 0.99907327, 0.41789246;
 0, 0, 0, 1]
Twc:
[0.99972057, -0.016864674, -0.016564079, -0.11662383;
 0.017511703, 0.99905711, 0.039726689, -0.064010531;
 0.015878484, -0.040005654, 0.99907327, -0.41766837;
 0, 0, 0, 1]
Ow:
[0.12434411;
 0.045274254;
 0.41789246]
Keyframe: 81 Frame: 379 Frame from vFrameID : 380
Tcw:
[0.99933892, 0.00071205682, 0.036349207, 0.12590654;
 0.00071285578, 0.99923223, -0.039172646, 0.047129381;
 -0.036349189, 0.039172661, 0.9985711, 0.42413619;
 0, 0, 0, 1]
Twc:
[0.99933892, 0.00071285578, -0.036349189, -0.11043989;
 0.00071205682, 0.99923223, 0.039172661, -0.063797385;
 0.036349207, -0.039172646, 0.9985711, -0.42626056;
 0, 0, 0, 1]
Ow:
[0.12590654;
 0.047129381;
 0.42413619]
Keyframe: 82 Frame: 385 Frame from vFrameID : 386
Tcw:
[0.99685436, -0.023360603, 0.075734466, 0.12445915;
 0.026658338, 0.99872673, -0.04282888, 0.048597228;
 -0.074637525, 0.04471311, 0.99620777, 0.43299904;
 0, 0, 0, 1]
Twc:
[0.99685436, 0.026658338, -0.074637525, -0.093045183;
 -0.023360603, 0.99872673, 0.04471311, -0.064988635;
 0.075734466, -0.04282888, 0.99620777, -0.43870151;
 0, 0, 0, 1]
Ow:
[0.12445915;
 0.048597228;
 0.43299904]
Keyframe: 83 Frame: 390 Frame from vFrameID : 391
Tcw:
[0.99619627, -0.019769123, 0.084865361, 0.12832053;
 0.022924813, 0.99907529, -0.036372576, 0.049107671;
 -0.084067836, 0.038179748, 0.99572831, 0.43830752;
 0, 0, 0, 1]
Twc:
[0.99619627, 0.022924813, -0.084067836, -0.092110656;
 -0.019769123, 0.99907529, 0.038179748, -0.063259944;
 0.084865361, -0.036372576, 0.99572831, -0.44553903;
 0, 0, 0, 1]
Ow:
[0.12832053;
 0.049107671;
 0.43830752]
Keyframe: 84 Frame: 394 Frame from vFrameID : 395
Tcw:
[0.99822861, -0.0091045229, 0.058794219, 0.1301479;
 0.01092487, 0.99946851, -0.030714484, 0.0502446;
 -0.058483329, 0.031302396, 0.99779749, 0.4425312;
 0, 0, 0, 1]
Twc:
[0.99822861, 0.01092487, -0.058483329, -0.10458557;
 -0.0091045229, 0.99946851, 0.031302396, -0.062885247;
 0.058794219, -0.030714484, 0.99779749, -0.44766524;
 0, 0, 0, 1]
Ow:
[0.1301479;
 0.0502446;
 0.4425312]
Keyframe: 85 Frame: 398 Frame from vFrameID : 399
Tcw:
[0.99951273, -0.0035783642, 0.031008659, 0.13506846;
 0.0046191094, 0.99942613, -0.033556685, 0.049957551;
 -0.030870788, 0.033683568, 0.99895567, 0.44730628;
 0, 0, 0, 1]
Twc:
[0.99951273, 0.0046191094, -0.030870788, -0.1214247;
 -0.0035783642, 0.99942613, 0.033683568, -0.064512432;
 0.031008659, -0.033556685, 0.99895567, -0.44935101;
 0, 0, 0, 1]
Ow:
[0.13506846;
 0.049957551;
 0.44730628]
Keyframe: 86 Frame: 403 Frame from vFrameID : 404
Tcw:
[0.99971747, -0.006209271, 0.02294331, 0.1358456;
 0.0065959967, 0.9998368, -0.016818659, 0.050717369;
 -0.022835135, 0.016965242, 0.99959528, 0.45278481;
 0, 0, 0, 1]
Twc:
[0.99971747, 0.0065959967, -0.022835135, -0.12580235;
 -0.006209271, 0.9998368, 0.016965242, -0.057547193;
 0.02294331, -0.016818659, 0.99959528, -0.45486531;
 0, 0, 0, 1]
Ow:
[0.1358456;
 0.050717369;
 0.45278481]
Keyframe: 87 Frame: 408 Frame from vFrameID : 409
Tcw:
[0.99948448, -0.0058682528, 0.031564947, 0.13853037;
 0.0064222733, 0.99982661, -0.017479112, 0.051276781;
 -0.031456903, 0.01767282, 0.99934888, 0.45895597;
 0, 0, 0, 1]
Twc:
[0.99948448, 0.0064222733, -0.031456903, -0.12435094;
 -0.0058682528, 0.99982661, 0.01767282, -0.058566004;
 0.031564947, -0.017479112, 0.99934888, -0.46213356;
 0, 0, 0, 1]
Ow:
[0.13853037;
 0.051276781;
 0.45895597]
Keyframe: 88 Frame: 412 Frame from vFrameID : 413
Tcw:
[0.99863976, -0.016359949, 0.049507804, 0.13804871;
 0.018217402, 0.99913794, -0.037302695, 0.05272226;
 -0.048854858, 0.038153857, 0.99807692, 0.46614432;
 0, 0, 0, 1]
Twc:
