Keyframe: 0 Frame: 0 Frame from vFrameID : 144
Tcw:
[1, 0, 0, 0;
 0, 1, 0, 0;
 0, 0, 1, 0;
 0, 0, 0, 1]
Twc:
[1, 0, 0, 0;
 0, 1, 0, 0;
 0, 0, 1, 0;
 0, 0, 0, 1]
Ow:
[0;
 0;
 0]
Keyframe: 1 Frame: 143 Frame from vFrameID : 144
Tcw:
[0.99995756, 0.0034311351, 0.008549477, 0.0045034499;
 -0.0030951651, 0.9992342, -0.039005157, -0.0011024228;
 -0.0086767618, 0.038977038, 0.99920243, 0.00057048572;
 0, 0, 0, 1]
Twc:
[0.99995756, -0.0030951651, -0.0086767618, -0.0045017209;
 0.0034311351, 0.9992342, 0.038977038, 0.0010638909;
 0.008549477, -0.039005157, 0.99920243, -0.00065153302;
 0, 0, 0, 1]
Ow:
[0.0045034499;
 -0.0011024228;
 0.00057048572]
Keyframe: 2 Frame: 145 Frame from vFrameID : 146
Tcw:
[0.99994338, 0.0037139216, 0.0099740326, 0.004550722;
 -0.0032112498, 0.99874657, -0.049949579, -0.0015845649;
 -0.01014704, 0.049914721, 0.99870193, 0.00063638133;
 0, 0, 0, 1]
Twc:
[0.99994338, -0.0032112498, -0.01014704, -0.0045490954;
 0.0037139216, 0.99874657, 0.049914721, 0.001533913;
 0.0099740326, -0.049949579, 0.99870193, -0.00076009269;
 0, 0, 0, 1]
Ow:
[0.004550722;
 -0.0015845649;
 0.00063638133]
Keyframe: 3 Frame: 147 Frame from vFrameID : 148
Tcw:
[0.99991322, 0.010543148, 0.0079012848, 0.0057079517;
 -0.0099542812, 0.9974134, -0.071185894, -0.0012721854;
 -0.00863137, 0.071101062, 0.99743176, 0.00025553594;
 0, 0, 0, 1]
Twc:
[0.99991322, -0.0099542812, -0.00863137, -0.0057179141;
 0.010543148, 0.9974134, 0.071101062, 0.001190546;
 0.0079012848, -0.071185894, 0.99743176, -0.00039054145;
 0, 0, 0, 1]
Ow:
[0.0057079517;
 -0.0012721854;
 0.00025553594]
Keyframe: 4 Frame: 149 Frame from vFrameID : 150
Tcw:
[0.99976212, 0.01898879, 0.01072831, 0.0066560265;
 -0.017994409, 0.99611455, -0.086209297, -0.0012871384;
 -0.012323636, 0.085995741, 0.99621928, -0.00031740416;
 0, 0, 0, 1]
Twc:
[0.99976212, -0.017994409, -0.012323636, -0.0066815158;
 0.01898879, 0.99611455, 0.085995741, 0.0011830429;
 0.01072831, -0.086209297, 0.99621928, 0.00013383293;
 0, 0, 0, 1]
Ow:
[0.0066560265;
 -0.0012871384;
 -0.00031740416]
Keyframe: 5 Frame: 151 Frame from vFrameID : 152
Tcw:
[0.99961811, 0.02072004, 0.018284924, 0.0069829766;
 -0.019038873, 0.99595952, -0.087761879, -0.00036351007;
 -0.020029474, 0.087380238, 0.99597365, -0.00097811129;
 0, 0, 0, 1]
Twc:
[0.99961811, -0.019038873, -0.020029474, -0.0070068212;
 0.02072004, 0.99595952, 0.087380238, 0.0003028214;
 0.018284924, -0.087761879, 0.99597365, 0.00081458758;
 0, 0, 0, 1]
Ow:
[0.0069829766;
 -0.00036351007;
 -0.00097811129]
Keyframe: 6 Frame: 153 Frame from vFrameID : 154
Tcw:
[0.99969697, 0.011951366, 0.021520898, 0.0062058256;
 -0.010542166, 0.99786568, -0.064443648, -9.7562865e-05;
 -0.022245154, 0.064197242, 0.99768925, -0.0018307061;
 0, 0, 0, 1]
Twc:
[0.99969697, -0.010542166, -0.022245154, -0.0062456974;
 0.011951366, 0.99786568, 0.064197242, 0.00014071283;
 0.021520898, -0.064443648, 0.99768925, 0.0016866337;
 0, 0, 0, 1]
Ow:
[0.0062058256;
 -9.7562865e-05;
 -0.0018307061]
Keyframe: 7 Frame: 155 Frame from vFrameID : 156
Tcw:
[0.99967819, 0.0097700441, 0.023410099, 0.0060506202;
 -0.0086437901, 0.99882251, -0.047737144, -0.0010807738;
 -0.023848929, 0.047519431, 0.99858558, -0.0011237347;
 0, 0, 0, 1]
Twc:
[0.99967819, -0.0086437901, -0.023848929, -0.0060848151;
 0.0097700441, 0.99882251, 0.047519431, 0.0010737856;
 0.023410099, -0.047737144, 0.99858558, 0.00092890655;
 0, 0, 0, 1]
Ow:
[0.0060506202;
 -0.0010807738;
 -0.0011237347]
Keyframe: 8 Frame: 157 Frame from vFrameID : 158
Tcw:
[0.99968898, 0.0079073478, 0.023651462, 0.0062770145;
 -0.0066728527, 0.9986338, -0.051826283, -0.0014555024;
 -0.024028959, 0.051652342, 0.99837601, -0.00065854785;
 0, 0, 0, 1]
Twc:
[0.99968898, -0.0066728527, -0.024028959, -0.0063005988;
 0.0079073478, 0.9986338, 0.051652342, 0.0014378949;
 0.023651462, -0.051826283, 0.99837601, 0.00043358456;
 0, 0, 0, 1]
Ow:
[0.0062770145;
 -0.0014555024;
 -0.00065854785]
Keyframe: 9 Frame: 159 Frame from vFrameID : 160
Tcw:
[0.99962401, 0.0087719858, 0.025979528, 0.0068417108;
 -0.0071517467, 0.99806201, -0.061815161, -0.0011561065;
 -0.026471421, 0.061606117, 0.99774945, -0.00082684611;
 0, 0, 0, 1]
Twc:
[0.99962401, -0.0071517467, -0.026471421, -0.0068692937;
 0.0087719858, 0.99806201, 0.061606117, 0.0011447892;
 0.025979528, -0.061815161, 0.99774945, 0.00057577598;
 0, 0, 0, 1]
Ow:
[0.0068417108;
 -0.0011561065;
 -0.00082684611]
Keyframe: 10 Frame: 161 Frame from vFrameID : 162
Tcw:
[0.99955904, 0.012805738, 0.02678985, 0.0068242988;
 -0.011062873, 0.99787426, -0.064222902, -0.001317636;
 -0.027555322, 0.063898206, 0.99757594, -0.00044281228;
 0, 0, 0, 1]
Twc:
[0.99955904, -0.011062873, -0.027555322, -0.0068480684;
 0.012805738, 0.99787426, 0.063898206, 0.0012557398;
 0.02678985, -0.064222902, 0.99757594, 0.0001742945;
 0, 0, 0, 1]
Ow:
[0.0068242988;
 -0.001317636;
 -0.00044281228]
Keyframe: 11 Frame: 164 Frame from vFrameID : 165
Tcw:
[0.99944836, 0.015899543, 0.029157823, 0.0065415772;
 -0.014714549, 0.99907464, -0.04041446, -0.00010983499;
 -0.029773412, 0.039963122, 0.99875748, -0.0001785749;
 0, 0, 0, 1]
Twc:
[0.99944836, -0.014714549, -0.029773412, -0.0065449015;
 0.015899543, 0.99907464, 0.039963122, 1.2861678e-05;
 0.029157823, -0.04041446, 0.99875748, -1.6824051e-05;
 0, 0, 0, 1]
Ow:
[0.0065415772;
 -0.00010983499;
 -0.0001785749]
Keyframe: 12 Frame: 167 Frame from vFrameID : 168
Tcw:
[0.99953556, 0.010758887, 0.028511724, 0.006336289;
 -0.010040164, 0.99963117, -0.025232371, -0.00084939366;
 -0.02877268, 0.024934389, 0.99927497, 0.0013155374;
 0, 0, 0, 1]
Twc:
[0.99953556, -0.010040164, -0.02877268, -0.0063040224;
 0.010758887, 0.99963117, 0.024934389, 0.00074810686;
 0.028511724, -0.025232371, 0.99927497, -0.0015166742;
 0, 0, 0, 1]
Ow:
[0.006336289;
 -0.00084939366;
 0.0013155374]
Keyframe: 13 Frame: 170 Frame from vFrameID : 171
Tcw:
[0.9995321, 0.016350957, 0.025849827, 0.0064617293;
 -0.015708121, 0.99956709, -0.024878543, -0.0003996577;
 -0.026245423, 0.02446085, 0.99935621, 0.002735791;
 0, 0, 0, 1]
Twc:
[0.9995321, -0.015708121, -0.026245423, -0.0063931821;
 0.016350957, 0.99956709, 0.02446085, 0.00022690944;
 0.025849827, -0.024878543, 0.99935621, -0.0029110073;
 0, 0, 0, 1]
Ow:
[0.0064617293;
 -0.0003996577;
 0.002735791]
Keyframe: 14 Frame: 173 Frame from vFrameID : 174
Tcw:
[0.99946904, 0.010764604, 0.030752487, 0.0065423674;
 -0.0099361651, 0.999587, -0.02696586, -0.00049254211;
 -0.031030063, 0.026645983, 0.99916321, 0.0052636629;
 0, 0, 0, 1]
Twc:
[0.99946904, -0.0099361651, -0.031030063, -0.006380456;
 0.010764604, 0.999587, 0.026645983, 0.00028165721;
 0.030752487, -0.02696586, 0.99916321, -0.0054737343;
 0, 0, 0, 1]
Ow:
[0.0065423674;
 -0.00049254211;
 0.0052636629]
Keyframe: 15 Frame: 177 Frame from vFrameID : 178
Tcw:
[0.99881637, 0.021581179, 0.04359014, 0.0063106134;
 -0.020656718, 0.9995544, -0.02154832, 0.0001150881;
 -0.044035755, 0.020622384, 0.99881709, 0.0081784166;
 0, 0, 0, 1]
Twc:
[0.99881637, -0.020656718, -0.044035755, -0.0059406236;
 0.021581179, 0.9995544, 0.020622384, -0.00041988576;
 0.04359014, -0.02154832, 0.99881709, -0.008441343;
 0, 0, 0, 1]
Ow:
[0.0063106134;
 0.0001150881;
 0.0081784166]
Keyframe: 16 Frame: 181 Frame from vFrameID : 182
Tcw:
[0.99789286, 0.011112152, 0.063924544, 0.0070383865;
 -0.0090306038, 0.99942243, -0.032759849, 0.00026943264;
 -0.064251654, 0.032113541, 0.99741691, 0.012065232;
 0, 0, 0, 1]
Twc:
[0.99789286, -0.0090306038, -0.064251654, -0.0062459116;
 0.011112152, 0.99942243, 0.032113541, -0.00073494599;
 0.063924544, -0.032759849, 0.99741691, -0.012475165;
 0, 0, 0, 1]
Ow:
[0.0070383865;
 0.00026943264;
 0.012065232]
Keyframe: 17 Frame: 185 Frame from vFrameID : 186
Tcw:
[0.9968757, 0.0093757939, 0.078428015, 0.0086002601;
 -0.0067094681, 0.99939275, -0.034191795, 0.00050260784;
 -0.078700967, 0.03355876, 0.99633324, 0.015789548;
 0, 0, 0, 1]
Twc:
[0.9968757, -0.0067094681, -0.078700967, -0.0073273652;
 0.0093757939, 0.99939275, 0.03355876, -0.0011128146;
 0.078428015, -0.034191795, 0.99633324, -0.016388968;
 0, 0, 0, 1]
Ow:
[0.0086002601;
 0.00050260784;
 0.015789548]
Keyframe: 18 Frame: 189 Frame from vFrameID : 190
Tcw:
[0.99537146, 0.0139781, 0.095080152, 0.01046688;
 -0.011313774, 0.99952966, -0.028503513, 0.0014310853;
 -0.095433861, 0.027295867, 0.99506146, 0.018996559;
 0, 0, 0, 1]
Twc:
[0.99537146, -0.011313774, -0.095433861, -0.0085893292;
 0.0139781, 0.99952966, 0.027295867, -0.0020952469;
 0.095080152, -0.028503513, 0.99506146, -0.019857144;
 0, 0, 0, 1]
Ow:
[0.01046688;
 0.0014310853;
 0.018996559]
Keyframe: 19 Frame: 193 Frame from vFrameID : 194
Tcw:
[0.99576175, 0.015614258, 0.090635225, 0.012498742;
 -0.013244282, 0.99955601, -0.026691344, 0.0021232569;
 -0.091011748, 0.025377821, 0.99552643, 0.024038432;
 0, 0, 0, 1]
Twc:
[0.99576175, -0.013244282, -0.091011748, -0.010229869;
 0.015614258, 0.99955601, 0.025377821, -0.0029275157;
 0.090635225, -0.026691344, 0.99552643, -0.025007047;
 0, 0, 0, 1]
Ow:
[0.012498742;
 0.0021232569;
 0.024038432]
Keyframe: 20 Frame: 197 Frame from vFrameID : 198
Tcw:
[0.99660456, 0.020693975, 0.079694159, 0.016105242;
 -0.018011341, 0.99925148, -0.034234662, 0.0028745732;
 -0.080342956, 0.032683019, 0.99623132, 0.028826224;
 0, 0, 0, 1]
Twc:
[0.99660456, -0.018011341, -0.080342956, -0.013682797;
 0.020693975, 0.99925148, 0.032683019, -0.0041478309;
 0.079694159, -0.034234662, 0.99623132, -0.029902671;
 0, 0, 0, 1]
Ow:
[0.016105242;
 0.0028745732;
 0.028826224]
Keyframe: 21 Frame: 202 Frame from vFrameID : 203
Tcw:
[0.99440181, 0.055472836, 0.089932248, 0.019102868;
 -0.051656459, 0.99768525, -0.044223905, 0.0027884233;
 -0.092177309, 0.039330747, 0.99496555, 0.035236452;
 0, 0, 0, 1]
Twc:
[0.99440181, -0.051656459, -0.092177309, -0.015603884;
 0.055472836, 0.99768525, 0.039330747, -0.005227535;
 0.089932248, -0.044223905, 0.99496555, -0.036653705;
 0, 0, 0, 1]
Ow:
[0.019102868;
 0.0027884233;
 0.035236452]
Keyframe: 22 Frame: 207 Frame from vFrameID : 208
Tcw:
[0.99667752, 0.051801208, 0.062853843, 0.021235943;
 -0.049899612, 0.99825871, -0.031456906, 0.0034200992;
 -0.064373903, 0.028216006, 0.99752688, 0.041350003;
 0, 0, 0, 1]
Twc:
[0.99667752, -0.049899612, -0.064373903, -0.018332861;
 0.051801208, 0.99825871, 0.028216006, -0.0056809234;
 0.062853843, -0.031456906, 0.99752688, -0.042474914;
 0, 0, 0, 1]
Ow:
[0.021235943;
 0.0034200992;
 0.041350003]
Keyframe: 23 Frame: 212 Frame from vFrameID : 213
Tcw:
[0.99693763, 0.04491597, 0.06401477, 0.023580296;
 -0.042805027, 0.99850559, -0.033975001, 0.0049223602;
 -0.065445125, 0.031130802, 0.99737042, 0.048905794;
 0, 0, 0, 1]
Twc:
[0.99693763, -0.042805027, -0.065445125, -0.020096738;
 0.04491597, 0.99850559, 0.031130802, -0.0074966126;
 0.06401477, -0.033975001, 0.99737042, -0.050119445;
 0, 0, 0, 1]
Ow:
[0.023580296;
 0.0049223602;
 0.048905794]
Keyframe: 24 Frame: 217 Frame from vFrameID : 218
Tcw:
[0.99657214, 0.037864976, 0.07355383, 0.025314152;
 -0.035548653, 0.99883771, -0.032549858, 0.0054150177;
 -0.07470084, 0.029823544, 0.99675989, 0.055024359;
 0, 0, 0, 1]
Twc:
[0.99657214, -0.035548653, -0.07470084, -0.020924518;
 0.037864976, 0.99883771, 0.029823544, -0.0080082649;
 0.07355383, -0.032549858, 0.99675989, -0.056531772;
 0, 0, 0, 1]
Ow:
[0.025314152;
 0.0054150177;
 0.055024359]
Keyframe: 25 Frame: 222 Frame from vFrameID : 223
Tcw:
[0.99554187, 0.031425517, 0.08893127, 0.027401825;
 -0.028247077, 0.9989242, -0.036776301, 0.0056112409;
 -0.089991316, 0.034100302, 0.99535859, 0.062761515;
 0, 0, 0, 1]
Twc:
[0.99554187, -0.028247077, -0.089991316, -0.021473175;
 0.031425517, 0.9989242, 0.034100302, -0.0086065084;
 0.08893127, -0.036776301, 0.99535859, -0.06470073;
 0, 0, 0, 1]
Ow:
[0.027401825;
 0.0056112409;
 0.062761515]
Keyframe: 26 Frame: 227 Frame from vFrameID : 228
Tcw:
[0.99549168, 0.026467901, 0.09108077, 0.030258872;
 -0.02424542, 0.99938273, -0.025421936, 0.0067632357;
 -0.09169741, 0.023099035, 0.99551898, 0.069562063;
 0, 0, 0, 1]
Twc:
[0.99549168, -0.02424542, -0.09169741, -0.023579817;
 0.026467901, 0.99938273, 0.023099035, -0.0091667669;
 0.09108077, -0.025421936, 0.99551898, -0.071834423;
 0, 0, 0, 1]
Ow:
[0.030258872;
 0.0067632357;
 0.069562063]
Keyframe: 27 Frame: 232 Frame from vFrameID : 233
Tcw:
[0.99608076, 0.023112657, 0.08537557, 0.033808976;
 -0.02136437, 0.99954408, -0.021334929, 0.008743206;
 -0.085829757, 0.019427318, 0.99612039, 0.077896044;
 0, 0, 0, 1]
Twc:
[0.99608076, -0.02136437, -0.085829757, -0.026803877;
 0.023112657, 0.99954408, 0.019427318, -0.011033947;
 0.08537557, -0.021334929, 0.99612039, -0.08029376;
 0, 0, 0, 1]
Ow:
[0.033808976;
 0.008743206;
 0.077896044]
Keyframe: 28 Frame: 237 Frame from vFrameID : 238
Tcw:
[0.99662691, 0.035504356, 0.073987909, 0.037888411;
 -0.031896945, 0.99827057, -0.049380988, 0.0091764517;
 -0.075613193, 0.046854436, 0.99603581, 0.084456429;
 0, 0, 0, 1]
Twc:
[0.99662691, -0.031896945, -0.075613193, -0.031081891;
 0.035504356, 0.99827057, 0.046854436, -0.014462943;
 0.073987909, -0.049380988, 0.99603581, -0.086471774;
 0, 0, 0, 1]
Ow:
[0.037888411;
 0.0091764517;
 0.084456429]
Keyframe: 29 Frame: 242 Frame from vFrameID : 243
Tcw:
[0.99543369, 0.053940449, 0.078754142, 0.042225976;
 -0.051078767, 0.99797481, -0.037911456, 0.0094662867;
 -0.080639608, 0.033715677, 0.9961729, 0.09275987;
 0, 0, 0, 1]
Twc:
[0.99543369, -0.051078767, -0.080639608, -0.034069512;
 0.053940449, 0.99797481, 0.033715677, -0.014852265;
 0.078754142, -0.037911456, 0.9961729, -0.095371462;
 0, 0, 0, 1]
Ow:
[0.042225976;
 0.0094662867;
 0.09275987]
Keyframe: 30 Frame: 247 Frame from vFrameID : 248
Tcw:
[0.9947142, 0.065143079, 0.079372585, 0.048249159;
 -0.062389627, 0.99737716, -0.036692422, 0.0094816973;
 -0.081554659, 0.031546447, 0.99616951, 0.1009132;
 0, 0, 0, 1]
Twc:
[0.9947142, -0.062389627, -0.081554659, -0.039172627;
 0.065143079, 0.99737716, 0.031546447, -0.015783381;
 0.079372585, -0.036692422, 0.99616951, -0.10400841;
 0, 0, 0, 1]
Ow:
[0.048249159;
 0.0094816973;
 0.1009132]
Keyframe: 31 Frame: 252 Frame from vFrameID : 253
Tcw:
[0.99443245, 0.046053153, 0.094779581, 0.048860416;
 -0.039923441, 0.99704808, -0.06558416, 0.011174433;
 -0.097520158, 0.061435089, 0.99333555, 0.10815731;
 0, 0, 0, 1]
Twc:
[0.99443245, -0.039923441, -0.097520158, -0.037594747;
 0.046053153, 0.99704808, 0.061435089, -0.020036276;
 0.094779581, -0.06558416, 0.99333555, -0.11133461;
 0, 0, 0, 1]
Ow:
[0.048860416;
 0.011174433;
 0.10815731]
Keyframe: 32 Frame: 255 Frame from vFrameID : 256
Tcw:
[0.99395794, 0.044984564, 0.10012013, 0.050381675;
 -0.038077097, 0.99682945, -0.069865137, 0.011034518;
 -0.10294555, 0.065630727, 0.99251944, 0.11119077;
 0, 0, 0, 1]
Twc:
[0.99395794, -0.038077097, -0.10294555, -0.038210507;
 0.044984564, 0.99682945, 0.065630727, -0.020563463;
 0.10012013, -0.069865137, 0.99251944, -0.11463229;
 0, 0, 0, 1]
Ow:
[0.050381675;
 0.011034518;
 0.11119077]
Keyframe: 33 Frame: 259 Frame from vFrameID : 260
Tcw:
[0.99284989, 0.026127974, 0.11647481, 0.052262753;
 -0.018499495, 0.99764144, -0.066101216, 0.012691989;
 -0.11792719, 0.063473858, 0.99099153, 0.11589672;
 0, 0, 0, 1]
Twc:
[0.99284989, -0.018499495, -0.11792719, -0.037986901;
 0.026127974, 0.99764144, 0.063473858, -0.021383986;
 0.11647481, -0.066101216, 0.99099153, -0.12010102;
 0, 0, 0, 1]
Ow:
[0.052262753;
 0.012691989;
 0.11589672]
Keyframe: 34 Frame: 263 Frame from vFrameID : 264
Tcw:
[0.99213105, 0.016892795, 0.12405885, 0.054608781;
 -0.010737592, 0.9986856, -0.050117277, 0.012541316;
 -0.1247424, 0.048390813, 0.9910084, 0.12146664;
 0, 0, 0, 1]
Twc:
[0.99213105, -0.010737592, -0.1247424, -0.038892359;
 0.016892795, 0.9986856, 0.048390813, -0.019325197;
 0.12405885, -0.050117277, 0.9910084, -0.12652063;
 0, 0, 0, 1]
Ow:
[0.054608781;
 0.012541316;
 0.12146664]
Keyframe: 35 Frame: 267 Frame from vFrameID : 268
Tcw:
[0.99441159, 0.014357445, 0.10459163, 0.056828424;
 -0.0076488201, 0.99790376, -0.064262047, 0.013999188;
 -0.10529502, 0.063102923, 0.99243689, 0.12569577;
 0, 0, 0, 1]
Twc:
[0.99441159, -0.0076488201, -0.10529502, -0.04316863;
 0.014357445, 0.99790376, 0.063102923, -0.022717522;
 0.10459163, -0.064262047, 0.99243689, -0.12978928;
 0, 0, 0, 1]
Ow:
[0.056828424;
 0.013999188;
 0.12569577]
Keyframe: 36 Frame: 270 Frame from vFrameID : 271
Tcw:
[0.99563038, 0.01749396, 0.091728352, 0.059560809;
 -0.011671702, 0.99790537, -0.063629337, 0.014086639;
 -0.092649341, 0.062280677, 0.99374908, 0.13017796;
 0, 0, 0, 1]
Twc:
[0.99563038, -0.011671702, -0.092649341, -0.047075234;
 0.01749396, 0.99790537, 0.062280677, -0.023206657;
 0.091728352, -0.063629337, 0.99374908, -0.13393131;
 0, 0, 0, 1]
Ow:
[0.059560809;
 0.014086639;
 0.13017796]
Keyframe: 37 Frame: 273 Frame from vFrameID : 274
Tcw:
[0.99598742, 0.031600107, 0.083728574, 0.06256666;
 -0.025839563, 0.99728113, -0.069012374, 0.013891896;
 -0.085681729, 0.066571951, 0.99409598, 0.13459997;
 0, 0, 0, 1]
Twc:
[0.99598742, -0.025839563, -0.085681729, -0.05042389;
 0.031600107, 0.99728113, 0.066571951, -0.02479182;
 0.083728574, -0.069012374, 0.99409598, -0.13808519;
 0, 0, 0, 1]
Ow:
[0.06256666;
 0.013891896;
 0.13459997]
Keyframe: 38 Frame: 277 Frame from vFrameID : 278
Tcw:
[0.99649024, 0.033410713, 0.076752514, 0.065100752;
 -0.028724935, 0.99770206, -0.061363742, 0.014511743;
 -0.07862635, 0.058943659, 0.99516004, 0.1387614;
 0, 0, 0, 1]
Twc:
[0.99649024, -0.028724935, -0.07862635, -0.05354511;
 0.033410713, 0.99770206, 0.058943659, -0.024832562;
 0.076752514, -0.061363742, 0.99516004, -0.14219595;
 0, 0, 0, 1]
Ow:
[0.065100752;
 0.014511743;
 0.1387614]
Keyframe: 39 Frame: 280 Frame from vFrameID : 281
Tcw:
[0.99672902, 0.035529874, 0.072587058, 0.066486716;
 -0.032215588, 0.99840653, -0.046331204, 0.014907459;
 -0.074117534, 0.04384122, 0.99628538, 0.14329304;
 0, 0, 0, 1]
Twc:
[0.99672902, -0.032215588, -0.074117534, -0.055168465;
 0.035529874, 0.99840653, 0.04384122, -0.02352811;
 0.072587058, -0.046331204, 0.99628538, -0.14689615;
 0, 0, 0, 1]
Ow:
[0.066486716;
 0.014907459;
 0.14329304]
Keyframe: 40 Frame: 283 Frame from vFrameID : 284
Tcw:
[0.99714398, 0.030086469, 0.069272295, 0.067937218;
 -0.027109146, 0.99868441, -0.043526281, 0.016083287;
 -0.07049071, 0.04152406, 0.99664778, 0.14750712;
 0, 0, 0, 1]
Twc:
[0.99714398, -0.027109146, -0.07049071, -0.0569093;
 0.030086469, 0.99868441, 0.04152406, -0.024231214;
 0.069272295, -0.043526281, 0.99664778, -0.15101877;
 0, 0, 0, 1]
Ow:
[0.067937218;
 0.016083287;
 0.14750712]
Keyframe: 41 Frame: 286 Frame from vFrameID : 287
Tcw:
[0.99711525, 0.03002305, 0.069712408, 0.06900683;
 -0.0271302, 0.99874586, -0.042079445, 0.016590901;
 -0.070888333, 0.040066745, 0.99667925, 0.15118214;
 0, 0, 0, 1]
Twc:
[0.99711525, -0.0271302, -0.070888333, -0.057640593;
 0.03002305, 0.99874586, 0.040066745, -0.024699263;
 0.069712408, -0.042079445, 0.99667925, -0.15479261;
 0, 0, 0, 1]
Ow:
[0.06900683;
 0.016590901;
 0.15118214]
Keyframe: 42 Frame: 290 Frame from vFrameID : 291
Tcw:
[0.99640584, 0.024098013, 0.081207536, 0.071657926;
 -0.018755293, 0.99764842, -0.065923199, 0.016916711;
 -0.082605191, 0.064163193, 0.9945147, 0.16015831;
 0, 0, 0, 1]
Twc:
[0.99640584, -0.018755293, -0.082605191, -0.057853192;
 0.024098013, 0.99764842, 0.064163193, -0.028880011;
 0.081207536, -0.065923199, 0.9945147, -0.16398373;
 0, 0, 0, 1]
Ow:
[0.071657926;
 0.016916711;
 0.16015831]
Keyframe: 43 Frame: 294 Frame from vFrameID : 295
Tcw:
[0.99445188, 0.020776818, 0.1031203, 0.073742487;
 -0.013633797, 0.99748904, -0.069496423, 0.016864004;
 -0.10430529, 0.067704923, 0.9922381, 0.16533834;
 0, 0, 0, 1]
Twc:
[0.99445188, -0.013633797, -0.10430529, -0.05585777;
 0.020776818, 0.99748904, 0.067704923, -0.029548014;
 0.1031203, -0.069496423, 0.9922381, -0.17048736;
 0, 0, 0, 1]
Ow:
[0.073742487;
 0.016864004;
 0.16533834]
Keyframe: 44 Frame: 298 Frame from vFrameID : 299
Tcw:
[0.99235827, 0.023326231, 0.12116501, 0.075688146;
 -0.015500217, 0.99775606, -0.065135308, 0.017356016;
 -0.12241248, 0.062759474, 0.990493, 0.16879195;
 0, 0, 0, 1]
Twc:
[0.99235827, -0.015500217, -0.12241248, -0.054178491;
 0.023326231, 0.99775606, 0.062759474, -0.029675886;
 0.12116501, -0.065135308, 0.990493, -0.17522752;
 0, 0, 0, 1]
Ow:
[0.075688146;
 0.017356016;
 0.16879195]
Keyframe: 45 Frame: 302 Frame from vFrameID : 303
Tcw:
[0.99208236, 0.019631088, 0.12404545, 0.07856711;
 -0.012427523, 0.9982053, -0.058581181, 0.018522497;
 -0.12497284, 0.056575775, 0.99054581, 0.1747129;
 0, 0, 0, 1]
Twc:
[0.99208236, -0.012427523, -0.12497284, -0.055880487;
 0.019631088, 0.9982053, 0.056575775, -0.029916128;
 0.12404545, -0.058581181, 0.99054581, -0.18172194;
 0, 0, 0, 1]
Ow:
[0.07856711;
 0.018522497;
 0.1747129]
Keyframe: 46 Frame: 306 Frame from vFrameID : 307
Tcw:
[0.99447459, 0.022639206, 0.10250735, 0.081438683;
 -0.016485913, 0.99803311, -0.060482066, 0.019510869;
 -0.10367499, 0.058457948, 0.99289185, 0.1813174;
 0, 0, 0, 1]
Twc:
[0.99447459, -0.016485913, -0.10367499, -0.061868966;
 0.022639206, 0.99803311, 0.058457948, -0.031915646;
 0.10250735, -0.060482066, 0.99289185, -0.18719657;
 0, 0, 0, 1]
Ow:
[0.081438683;
 0.019510869;
 0.1813174]
Keyframe: 47 Frame: 310 Frame from vFrameID : 311
Tcw:
[0.9948225, 0.040210959, 0.093333952, 0.08439818;
 -0.033254597, 0.99663442, -0.074926652, 0.019163335;
 -0.096032701, 0.071434937, 0.99281156, 0.18621859;
 0, 0, 0, 1]
Twc:
[0.9948225, -0.033254597, -0.096032701, -0.065440871;
 0.040210959, 0.99663442, 0.071434937, -0.035795085;
 0.093333952, -0.074926652, 0.99281156, -0.19132134;
 0, 0, 0, 1]
Ow:
[0.08439818;
 0.019163335;
 0.18621859]
Keyframe: 48 Frame: 314 Frame from vFrameID : 315
Tcw:
[0.99414641, 0.043035809, 0.099100195, 0.087151304;
 -0.036044359, 0.99680412, -0.071290493, 0.019037152;
 -0.10185152, 0.067301184, 0.99252045, 0.19148903;
 0, 0, 0, 1]
Twc:
[0.99414641, -0.036044359, -0.10185152, -0.06645152;
 0.043035809, 0.99680412, 0.067301184, -0.035614375;
 0.099100195, -0.071290493, 0.99252045, -0.19733632;
 0, 0, 0, 1]
Ow:
[0.087151304;
 0.019037152;
 0.19148903]
Keyframe: 49 Frame: 319 Frame from vFrameID : 320
Tcw:
[0.99496222, 0.034244064, 0.094220452, 0.089956515;
 -0.029909465, 0.99844515, -0.047038954, 0.019945383;
 -0.095684759, 0.043983903, 0.99443948, 0.19845322;
 0, 0, 0, 1]
Twc:
[0.99496222, -0.029909465, -0.095684759, -0.069917835;
 0.034244064, 0.99844515, 0.043983903, -0.031723596;
 0.094220452, -0.047038954, 0.99443948, -0.20488724;
 0, 0, 0, 1]
Ow:
[0.089956515;
 0.019945383;
 0.19845322]
Keyframe: 50 Frame: 323 Frame from vFrameID : 324
Tcw:
[0.99437588, 0.035100847, 0.099922419, 0.09214516;
 -0.030896531, 0.9985835, -0.043317229, 0.020624558;
 -0.10130135, 0.039986353, 0.99405187, 0.20300582;
 0, 0, 0, 1]
Twc:
[0.99437588, -0.030896531, -0.10130135, -0.070424937;
 0.035100847, 0.9985835, 0.039986353, -0.031947181;
 0.099922419, -0.043317229, 0.99405187, -0.21011229;
 0, 0, 0, 1]
Ow:
[0.09214516;
 0.020624558;
 0.20300582]
Keyframe: 51 Frame: 328 Frame from vFrameID : 329
Tcw:
[0.99184221, 0.040020548, 0.12102619, 0.093517497;
 -0.031734675, 0.99706781, -0.069632955, 0.021128967;
 -0.12345806, 0.065224178, 0.99020398, 0.21217994;
 0, 0, 0, 1]
Twc:
[0.99184221, -0.031734675, -0.12345806, -0.065888762;
 0.040020548, 0.99706781, 0.065224178, -0.038648896;
 0.12102619, -0.069632955, 0.99020398, -0.21994822;
 0, 0, 0, 1]
Ow:
[0.093517497;
 0.021128967;
 0.21217994]
Keyframe: 52 Frame: 333 Frame from vFrameID : 334
Tcw:
[0.9907344, 0.025595514, 0.13338013, 0.095541596;
 -0.016491404, 0.99748588, -0.068920024, 0.021303205;
 -0.13480884, 0.066081814, 0.98866564, 0.21860741;
 0, 0, 0, 1]
Twc:
[0.9907344, -0.016491404, -0.13480884, -0.064834811;
 0.025595514, 0.99748588, 0.066081814, -0.038141057;
 0.13338013, -0.068920024, 0.98866564, -0.22740477;
 0, 0, 0, 1]
Ow:
[0.095541596;
 0.021303205;
 0.21860741]
Keyframe: 53 Frame: 338 Frame from vFrameID : 339
Tcw:
[0.98990327, 0.019920586, 0.14033777, 0.098260798;
 -0.011141687, 0.99794716, -0.063065708, 0.021963086;
 -0.14130598, 0.060865346, 0.98809314, 0.22542706;
 0, 0, 0, 1]
Twc:
[0.98990327, -0.011141687, -0.14130598, -0.065169781;
 0.019920586, 0.99794716, 0.060865346, -0.03759611;
 0.14033777, -0.063065708, 0.98809314, -0.23514751;
 0, 0, 0, 1]
Ow:
[0.098260798;
 0.021963086;
 0.22542706]
Keyframe: 54 Frame: 343 Frame from vFrameID : 344
Tcw:
[0.99353158, 0.023940066, 0.1110041, 0.10213279;
 -0.01563905, 0.99705654, -0.075057678, 0.022664405;
 -0.11247425, 0.072836168, 0.99098158, 0.23321046;
 0, 0, 0, 1]
Twc:
[0.99353158, -0.01563905, -0.11247425, -0.074887529;
 0.023940066, 0.99705654, 0.072836168, -0.042028919;
 0.1110041, -0.075057678, 0.99098158, -0.24074328;
 0, 0, 0, 1]
Ow:
[0.10213279;
 0.022664405;
 0.23321046]
Keyframe: 55 Frame: 348 Frame from vFrameID : 349
Tcw:
[0.99438947, 0.034163762, 0.1001118, 0.10607715;
 -0.026402779, 0.99661559, -0.077847861, 0.022346091;
 -0.10243256, 0.074767858, 0.99192607, 0.23842934;
 0, 0, 0, 1]
Twc:
[0.99438947, -0.026402779, -0.10243256, -0.080469079;
 0.034163762, 0.99661559, 0.074767858, -0.043721311;
 0.1001118, -0.077847861, 0.99192607, -0.24538426;
 0, 0, 0, 1]
Ow:
[0.10607715;
 0.022346091;
 0.23842934]
Keyframe: 56 Frame: 353 Frame from vFrameID : 354
Tcw:
[0.99491704, 0.03007959, 0.096100442, 0.10819391;
 -0.024365611, 0.99789566, -0.060088467, 0.02307955;
 -0.097705647, 0.057441492, 0.99355626, 0.24396035;
 0, 0, 0, 1]
Twc:
[0.99491704, -0.024365611, -0.097705647, -0.083245315;
 0.03007959, 0.99789566, 0.057441492, -0.040298857;
 0.096100442, -0.060088467, 0.99355626, -0.25139901;
 0, 0, 0, 1]
Ow:
[0.10819391;
 0.02307955;
 0.24396035]
Keyframe: 57 Frame: 358 Frame from vFrameID : 359
Tcw:
[0.99516672, 0.027797433, 0.094183445, 0.11052811;
 -0.023949822, 0.99884146, -0.041739404, 0.024301559;
 -0.095234573, 0.03928199, 0.99467951, 0.25201795;
 0, 0, 0, 1]
Twc:
[0.99516672, -0.023949822, -0.095234573, -0.085411049;
 0.027797433, 0.99884146, 0.03928199, -0.037245568;
 0.094183445, -0.041739404, 0.99467951, -0.26007268;
 0, 0, 0, 1]
Ow:
[0.11052811;
 0.024301559;
 0.25201795]
Keyframe: 58 Frame: 363 Frame from vFrameID : 364
Tcw:
[0.9920243, -0.003970237, 0.12598406, 0.11227974;
 0.0080498932, 0.99945897, -0.031889759, 0.025678191;
 -0.12578928, 0.032649573, 0.99151957, 0.259213;
 0, 0, 0, 1]
Twc:
[0.9920243, 0.0080498932, -0.12578928, -0.07898473;
 -0.003970237, 0.99945897, 0.032649573, -0.033681717;
 0.12598406, -0.031889759, 0.99151957, -0.27034134;
 0, 0, 0, 1]
Ow:
[0.11227974;
 0.025678191;
 0.259213]
Keyframe: 59 Frame: 368 Frame from vFrameID : 369
Tcw:
[0.98814154, 0.00038864656, 0.15354519, 0.11464941;
 0.0086340392, 0.99827397, -0.058091231, 0.02546452;
 -0.15330273, 0.058728073, 0.98643261, 0.26559496;
 0, 0, 0, 1]
Twc:
[0.98814154, 0.0086340392, -0.15330273, -0.072793275;
 0.00038864656, 0.99827397, 0.058728073, -0.041063003;
 0.15354519, -0.058091231, 0.98643261, -0.27811611;
 0, 0, 0, 1]
Ow:
[0.11464941;
 0.02546452;
 0.26559496]
Keyframe: 60 Frame: 373 Frame from vFrameID : 374
Tcw:
[0.98812795, -0.0034876822, 0.15359376, 0.11481276;
 0.0097281076, 0.99915648, -0.039896637, 0.026732713;
 -0.15332505, 0.040917158, 0.98732835, 0.27279353;
 0, 0, 0, 1]
Twc:
[0.98812795, 0.0097281076, -0.15332505, -0.071883671;
 -0.0034876822, 0.99915648, 0.040917158, -0.037471667;
 0.15359376, -0.039896637, 0.98732835, -0.28590477;
 0, 0, 0, 1]
Ow:
[0.11481276;
 0.026732713;
 0.27279353]
Keyframe: 61 Frame: 378 Frame from vFrameID : 379
Tcw:
[0.99277741, -0.0058858641, 0.11982652, 0.11826226;
 0.010357173, 0.99927169, -0.036726344, 0.027980652;
 -0.11952309, 0.037702151, 0.99211532, 0.28005695;
 0, 0, 0, 1]
Twc:
[0.99277741, 0.010357173, -0.11952309, -0.084224634;
 -0.0058858641, 0.99927169, 0.037702151, -0.037822947;
 0.11982652, -0.036726344, 0.99211532, -0.29099211;
 0, 0, 0, 1]
Ow:
[0.11826226;
 0.027980652;
 0.28005695]
Keyframe: 62 Frame: 383 Frame from vFrameID : 384
Tcw:
[0.99538726, 0.0060089082, 0.095750213, 0.12180231;
 -0.00052951952, 0.99836552, -0.057148799, 0.028661963;
 -0.09593711, 0.056834485, 0.99376351, 0.28691396;
 0, 0, 0, 1]
Twc:
[0.99538726, -0.00052951952, -0.09593711, -0.093699589;
 0.0060089082, 0.99836552, 0.056834485, -0.045653626;
 0.095750213, -0.057148799, 0.99376351, -0.29514924;
 0, 0, 0, 1]
Ow:
[0.12180231;
 0.028661963;
 0.28691396]
Keyframe: 63 Frame: 388 Frame from vFrameID : 389
Tcw:
[0.99615264, 0.0048160842, 0.087502882, 0.12460499;
 0.00087207329, 0.99789459, -0.064851142, 0.029052962;
 -0.08763098, 0.064677946, 0.9940511, 0.29342288;
 0, 0, 0, 1]
Twc:
[0.99615264, 0.00087207329, -0.08763098, -0.098437987;
 0.0048160842, 0.99789459, 0.064677946, -0.048569888;
 0.087502882, -0.064851142, 0.9940511, -0.30069652;
 0, 0, 0, 1]
Ow:
[0.12460499;
 0.029052962;
 0.29342288]
Keyframe: 64 Frame: 393 Frame from vFrameID : 394
Tcw:
[0.99540991, 0.018942229, 0.093809769, 0.12945868;
 -0.015132846, 0.99903822, -0.041153781, 0.030014563;
 -0.094499089, 0.039545272, 0.99473923, 0.29969963;
 0, 0, 0, 1]
Twc:
[0.99540991, -0.015132846, -0.094499089, -0.10008892;
 0.018942229, 0.99903822, 0.039545272, -0.044289637;
 0.093809769, -0.041153781, 0.99473923, -0.30903226;
 0, 0, 0, 1]
Ow:
[0.12945868;
 0.030014563;
 0.29969963]
Keyframe: 65 Frame: 398 Frame from vFrameID : 399
Tcw:
[0.99516267, 0.017712915, 0.096631065, 0.13204123;
 -0.013967789, 0.99912995, -0.039296702, 0.032119602;
 -0.097243056, 0.03775689, 0.99454421, 0.30738351;
 0, 0, 0, 1]
Twc:
[0.99516267, -0.013967789, -0.097243056, -0.10106295;
 0.017712915, 0.99912995, 0.03775689, -0.046036333;
 0.096631065, -0.039296702, 0.99454421, -0.31720358;
 0, 0, 0, 1]
Ow:
[0.13204123;
 0.032119602;
 0.30738351]
Keyframe: 66 Frame: 402 Frame from vFrameID : 403
Tcw:
[0.99532735, 0.021947967, 0.094030418, 0.13463533;
 -0.016204434, 0.99798071, -0.061415579, 0.032438815;
 -0.095188491, 0.059604898, 0.99367321, 0.31425408;
 0, 0, 0, 1]
Twc:
[0.99532735, -0.016204434, -0.095188491, -0.10356721;
 0.021947967, 0.99798071, 0.059604898, -0.054059364;
 0.094030418, -0.061415579, 0.99367321, -0.32293341;
 0, 0, 0, 1]
Ow:
[0.13463533;
 0.032438815;
 0.31425408]
Keyframe: 67 Frame: 407 Frame from vFrameID : 408
Tcw:
[0.99408543, 0.017553912, 0.10717282, 0.13762689;
 -0.011013729, 0.99805772, -0.061314326, 0.03323473;
 -0.10804097, 0.059771303, 0.99234802, 0.32097006;
 0, 0, 0, 1]
Twc:
[0.99408543, -0.011013729, -0.10804097, -0.10176893;
 0.017553912, 0.99805772, 0.059771303, -0.054770868;
 0.10717282, -0.061314326, 0.99234802, -0.33122608;
 0, 0, 0, 1]
Ow:
[0.13762689;
 0.03323473;
 0.32097006]
Keyframe: 68 Frame: 411 Frame from vFrameID : 412
Tcw:
[0.99358749, 0.012431531, 0.11238057, 0.13913351;
 -0.0063512833, 0.9985044, -0.05430105, 0.033799969;
 -0.11288755, 0.053239081, 0.99218041, 0.3247337;
 0, 0, 0, 1]
Twc:
[0.99358749, -0.0063512833, -0.11288755, -0.10136826;
 0.012431531, 0.9985044, 0.053239081, -0.05276759;
 0.11238057, -0.05430105, 0.99218041, -0.33599496;
 0, 0, 0, 1]
Ow:
[0.13913351;
 0.033799969;
 0.3247337]
Keyframe: 69 Frame: 415 Frame from vFrameID : 416
Tcw:
[0.99398476, 0.012125337, 0.10884525, 0.14201534;
 -0.005403413, 0.99807143, -0.061840478, 0.034392908;
 -0.10938517, 0.060880356, 0.99213332, 0.33012858;
 0, 0, 0, 1]
Twc:
[0.99398476, -0.005403413, -0.10938517, -0.10486408;
 0.012125337, 0.99807143, 0.060880356, -0.056146905;
 0.10884525, -0.061840478, 0.99213332, -0.34086236;
 0, 0, 0, 1]
Ow:
[0.14201534;
 0.034392908;
 0.33012858]
Keyframe: 70 Frame: 420 Frame from vFrameID : 421
Tcw:
[0.99646193, 0.016730605, 0.0823633, 0.14709379;
 -0.011439652, 0.99786526, -0.064296976, 0.03437157;
 -0.083263204, 0.063127287, 0.99452609, 0.33782253;
 0, 0, 0, 1]
Twc:
[0.99646193, -0.011439652, -0.083263204, -0.11805198;
 0.016730605, 0.99786526, 0.063127287, -0.05808498;
 0.0823633, -0.064296976, 0.99452609, -0.34587848;
 0, 0, 0, 1]
Ow:
[0.14709379;
 0.03437157;
 0.33782253]
Keyframe: 71 Frame: 425 Frame from vFrameID : 426
Tcw:
[0.99766296, 0.029647125, 0.061560191, 0.15212372;
 -0.025997095, 0.99790347, -0.059269328, 0.034723371;
 -0.063188292, 0.057530429, 0.99634206, 0.34395513;
 0, 0, 0, 1]
Twc:
[0.99766296, -0.025997095, -0.063188292, -0.12913156;
 0.029647125, 0.99790347, 0.057530429, -0.058948487;
 0.061560191, -0.059269328, 0.99634206, -0.35000369;
 0, 0, 0, 1]
Ow:
[0.15212372;
 0.034723371;
 0.34395513]
Keyframe: 72 Frame: 429 Frame from vFrameID : 430
Tcw:
[0.99683809, 0.037598129, 0.070001736, 0.155002;
 -0.034957562, 0.99864417, -0.038572274, 0.035738353;
 -0.071357071, 0.036003221, 0.99680084, 0.34991825;
 0, 0, 0, 1]
Twc:
[0.99683809, -0.034957562, -0.071357071, -0.12829342;
 0.037598129, 0.99864417, 0.036003221, -0.054115865;
 0.070001736, -0.038572274, 0.99680084, -0.3582707;
 0, 0, 0, 1]
Ow:
[0.155002;
 0.035738353;
 0.34991825]
Keyframe: 73 Frame: 433 Frame from vFrameID : 434
Tcw:
[0.99705374, 0.020914515, 0.07380008, 0.15747586;
 -0.01685852, 0.99833518, -0.055160463, 0.037662029;
 -0.074830875, 0.053753786, 0.99574637, 0.35881603;
 0, 0, 0, 1]
Twc:
[0.99705374, -0.01685852, -0.074830875, -0.12952645;
 0.020914515, 0.99833518, 0.053753786, -0.060180578;
 0.07380008, -0.055160463, 0.99574637, -0.36683404;
 0, 0, 0, 1]
Ow:
[0.15747586;
 0.037662029;
 0.35881603]
Keyframe: 74 Frame: 438 Frame from vFrameID : 439
Tcw:
[0.99524778, 0.025541445, 0.093965553, 0.16049211;
 -0.019540858, 0.99774349, -0.064234354, 0.038300052;
 -0.095394164, 0.06209293, 0.99350107, 0.3652992;
 0, 0, 0, 1]
Twc:
[0.99524778, -0.019540858, -0.095394164, -0.12413357;
 0.025541445, 0.99774349, 0.06209293, -0.064995334;
 0.093965553, -0.064234354, 0.99350107, -0.37554571;
 0, 0, 0, 1]
Ow:
[0.16049211;
 0.038300052;
 0.3652992]
Keyframe: 75 Frame: 442 Frame from vFrameID : 443
Tcw:
[0.99331534, 0.010510889, 0.11495297, 0.16196874;
 -0.0041225567, 0.99844068, -0.055670597, 0.038871687;
 -0.11535887, 0.054824557, 0.99180979, 0.37136132;
 0, 0, 0, 1]
Twc:
[0.99331534, -0.0041225567, -0.11535887, -0.11788595;
 0.010510889, 0.99844068, 0.054824557, -0.060873225;
 0.11495297, -0.055670597, 0.99180979, -0.38477454;
 0, 0, 0, 1]
Ow:
[0.16196874;
 0.038871687;
 0.37136132]
Keyframe: 76 Frame: 446 Frame from vFrameID : 447
Tcw:
[0.99224651, 0.0033434625, 0.1242404, 0.16419892;
 0.0022107274, 0.99900514, -0.044540446, 0.039633296;
 -0.12426572, 0.044469766, 0.99125195, 0.37737259;
 0, 0, 0, 1]
Twc:
[0.99224651, 0.0022107274, -0.12426572, -0.11611895;
 0.0033434625, 0.99900514, 0.044469766, -0.056924533;
 0.1242404, -0.044540446, 0.99125195, -0.39270619;
 0, 0, 0, 1]
Ow:
[0.16419892;
 0.039633296;
 0.37737259]
Keyframe: 77 Frame: 450 Frame from vFrameID : 451
Tcw:
[0.9941237, 0.0081285061, 0.10794467, 0.16721955;
 -0.0024765977, 0.99862361, -0.052390486, 0.040502831;
 -0.10822195, 0.051815286, 0.9927755, 0.38316554;
 0, 0, 0, 1]
Twc:
[0.9941237, -0.0024765977, -0.10822195, -0.12466968;
 0.0081285061, 0.99862361, 0.051815286, -0.061660159;
 0.10794467, -0.052390486, 0.9927755, -0.39632586;
 0, 0, 0, 1]
Ow:
[0.16721955;
 0.040502831;
 0.38316554]
Keyframe: 78 Frame: 454 Frame from vFrameID : 455
Tcw:
[0.99578494, 0.02348619, 0.088660941, 0.17176062;
 -0.018500514, 0.99822313, -0.056641895, 0.040349729;
 -0.089833707, 0.054762874, 0.99445009, 0.38882479;
 0, 0, 0, 1]
Twc:
[0.99578494, -0.018500514, -0.089833707, -0.13536058;
 0.02348619, 0.99822313, 0.054762874, -0.065605193;
 0.088660941, -0.056641895, 0.99445009, -0.3996098;
 0, 0, 0, 1]
Ow:
[0.17176062;
 0.040349729;
 0.38882479]
Keyframe: 79 Frame: 458 Frame from vFrameID : 459
Tcw:
[0.99736291, 0.025701223, 0.067872673, 0.17378505;
 -0.021647116, 0.99797529, -0.059805434, 0.040993571;
 -0.069272324, 0.058178473, 0.99589992, 0.39428213;
 0, 0, 0, 1]
Twc:
[0.99736291, -0.021647116, -0.069272324, -0.14512651;
 0.025701223, 0.99797529, 0.058178473, -0.068315789;
 0.067872673, -0.059805434, 0.99589992, -0.40200916;
 0, 0, 0, 1]
Ow:
[0.17378505;
 0.040993571;
 0.39428213]
Keyframe: 80 Frame: 463 Frame from vFrameID : 464
Tcw:
[0.99804544, 0.026667647, 0.056516808, 0.17833319;
 -0.024129504, 0.99868983, -0.045125801, 0.040821798;
 -0.057646163, 0.043673877, 0.99738133, 0.4009833;
 0, 0, 0, 1]
Twc:
[0.99804544, -0.024129504, -0.057646163, -0.15388449;
 0.026667647, 0.99868983, 0.043673877, -0.063036539;
 0.056516808, -0.045125801, 0.99738133, -0.40816996;
 0, 0, 0, 1]
Ow:
[0.17833319;
 0.040821798;
 0.4009833]
Keyframe: 81 Frame: 468 Frame from vFrameID : 469
Tcw:
[0.99781471, 0.024625845, 0.061313841, 0.18038353;
 -0.020470217, 0.99750888, -0.067505412, 0.04162756;
 -0.062823482, 0.066102788, 0.99583316, 0.408995;
 0, 0, 0, 1]
Twc:
[0.99781471, -0.020470217, -0.062823482, -0.15344274;
 0.024625845, 0.99750888, 0.066102788, -0.073001668;
 0.061313841, -0.067505412, 0.99583316, -0.4155407;
 0, 0, 0, 1]
Ow:
[0.18038353;
 0.04162756;
 0.408995]
Keyframe: 82 Frame: 472 Frame from vFrameID : 473
Tcw:
[0.99788642, 0.021157473, 0.061441947, 0.1821056;
 -0.016898653, 0.99747175, -0.069025271, 0.042019531;
 -0.062747009, 0.067841098, 0.99572104, 0.4140695;
 0, 0, 0, 1]
Twc:
[0.99788642, -0.016898653, -0.062747009, -0.155029;
 0.021157473, 0.99747175, 0.067841098, -0.073857114;
 0.061441947, -0.069025271, 0.99572104, -0.42058623;
 0, 0, 0, 1]
Ow:
[0.1821056;
 0.042019531;
 0.4140695]
Keyframe: 83 Frame: 477 Frame from vFrameID : 478
Tcw:
[0.99670368, 0.018952567, 0.078883164, 0.18291584;
 -0.013186228, 0.99724555, -0.072988965, 0.042645525;
 -0.080049217, 0.071708195, 0.99420828, 0.41964164;
 0, 0, 0, 1]
Twc:
[0.99670368, -0.013186228, -0.080049217, -0.14815858;
 0.018952567, 0.99724555, 0.071708195, -0.076086536;
 0.078883164, -0.072988965, 0.99420828, -0.4285275;
 0, 0, 0, 1]
Ow:
[0.18291584;
 0.042645525;
 0.41964164]
Keyframe: 84 Frame: 482 Frame from vFrameID : 483
Tcw:
[0.99678665, 0.012202187, 0.07916718, 0.18536076;
 -0.0062374258, 0.99715215, -0.075158089, 0.043110583;
 -0.079858817, 0.074422777, 0.99402404, 0.4263553;
 0, 0, 0, 1]
Twc:
[0.99678665, -0.0062374258, -0.079858817, -0.15044801;
 0.012202187, 0.99715215, 0.074422777, -0.076980159;
 0.07916718, -0.075158089, 0.99402404, -0.43524182;
 0, 0, 0, 1]
Ow:
[0.18536076;
 0.043110583;
 0.4263553]
Keyframe: 85 Frame: 487 Frame from vFrameID : 488
Tcw:
[0.99856883, 0.021591965, 0.048928954, 0.18984729;
 -0.017477503, 0.99639535, -0.083011039, 0.043669377;
 -0.050544955, 0.082037076, 0.99534672, 0.43302697;
 0, 0, 0, 1]
Twc:
[0.99856883, -0.017477503, -0.050544955, -0.16692503;
 0.021591965, 0.99639535, 0.082037076, -0.083135411;
 0.048928954, -0.083011039, 0.99534672, -0.436676;
 0, 0, 0, 1]
Ow:
[0.18984729;
 0.043669377;
 0.43302697]
Keyframe: 86 Frame: 492 Frame from vFrameID : 493
Tcw:
[0.99944919, 0.024672497, 0.022195421, 0.19396409;
 -0.022980539, 0.99703044, -0.073499411, 0.044439916;
 -0.023942925, 0.072948858, 0.99704826, 0.4389253;
 0, 0, 0, 1]
Twc:
[0.99944919, -0.022980539, -0.023942925, -0.18232684;
 0.024672497, 0.99703044, 0.072948858, -0.081112631;
 0.022195421, -0.073499411, 0.99704826, -0.43866849;
 0, 0, 0, 1]
Ow:
[0.19396409;
 0.044439916;
 0.4389253]
Keyframe: 87 Frame: 497 Frame from vFrameID : 498
Tcw:
[0.99944061, 0.029151987, 0.016390685, 0.1961793;
 -0.028358016, 0.9985041, -0.046747733, 0.044630513;
 -0.017728956, 0.046256773, 0.99877226, 0.44384348;
 0, 0, 0, 1]
Twc:
[0.99944061, -0.028358016, -0.017728956, -0.18693504;
 0.029151987, 0.9985041, 0.046256773, -0.070813544;
 0.016390685, -0.046747733, 0.99877226, -0.4444277;
 0, 0, 0, 1]
Ow:
[0.1961793;
 0.044630513;
 0.44384348]
Keyframe: 88 Frame: 502 Frame from vFrameID : 503
Tcw:
[0.99913669, 0.030065203, 0.02866938, 0.19874121;
 -0.02885887, 0.99871743, -0.041601375, 0.045155149;
 -0.029883362, 0.040738091, 0.99872285, 0.45119506;
 0, 0, 0, 1]
Twc:
[0.99913669, -0.02885887, -0.029883362, -0.18378329;
 0.030065203, 0.99871743, 0.040738091, -0.069453254;
 0.02866938, -0.041601375, 0.99872285, -0.45443809;
 0, 0, 0, 1]
Ow:
[0.19874121;
 0.045155149;
 0.45119506]
Keyframe: 89 Frame: 507 Frame from vFrameID : 508
Tcw:
[0.99883091, 0.024893511, 0.041437998, 0.20087895;
 -0.021913232, 0.99724382, -0.07088387, 0.046023697;
 -0.043088336, 0.069892965, 0.99662346, 0.45914632;
 0, 0, 0, 1]
Twc:
