Keyframe: 0 Frame: 0 Frame from vFrameID : 84
Tcw:
[0.95413643, 0.10177741, 0.28154039, 0.027223799;
 0.20767288, 0.4523482, -0.86732525, 0.0024592718;
 -0.2156284, 0.88601494, 0.41046551, -0.0083425613;
 0, 0, 0, 1]
Twc:
[0.95413643, 0.20767288, -0.2156284, -0.028284837;
 0.10177741, 0.4523482, 0.88601494, 0.0035084193;
 0.28154039, -0.86732525, 0.41046551, -0.002107277;
 0, 0, 0, 1]
Ow:
[0.027223799;
 0.0024592718;
 -0.0083425613]
Keyframe: 1 Frame: 83 Frame from vFrameID : 84
Tcw:
[0.95528412, 0.10253559, 0.27734223, 0.027265608;
 0.20469303, 0.44755536, -0.87051421, 0.0021097185;
 -0.21338469, 0.88835841, 0.40655419, -0.0082417056;
 0, 0, 0, 1]
Twc:
[0.95528412, 0.20469303, -0.21338469, -0.028236903;
 0.10253559, 0.44755536, 0.88835841, 0.0035816771;
 0.27734223, -0.87051421, 0.40655419, -0.0023746653;
 0, 0, 0, 1]
Ow:
[0.027265608;
 0.0021097185;
 -0.0082417056]
Keyframe: 2 Frame: 86 Frame from vFrameID : 87
Tcw:
[0.9566195, 0.10679655, 0.27106011, 0.027471714;
 0.20084335, 0.43223432, -0.87911057, 0.0022628703;
 -0.21104746, 0.89541501, 0.39203441, -0.0082041603;
 0, 0, 0, 1]
Twc:
[0.9566195, 0.20084335, -0.21104746, -0.028465929;
 0.10679655, 0.43223432, 0.89541501, 0.0034341535;
 0.27106011, -0.87911057, 0.39203441, -0.002240859;
 0, 0, 0, 1]
Ow:
[0.027471714;
 0.0022628703;
 -0.0082041603]
Keyframe: 3 Frame: 89 Frame from vFrameID : 90
Tcw:
[0.95663214, 0.11252672, 0.26868701, 0.028464487;
 0.19845127, 0.42346001, -0.88391101, 0.0017814443;
 -0.21324182, 0.89889896, 0.38276437, -0.0083054602;
 0, 0, 0, 1]
Twc:
[0.95663214, 0.19845127, -0.21324182, -0.029354645;
 0.11252672, 0.42346001, 0.89889896, 0.0035083834;
 0.26868701, -0.88391101, 0.38276437, -0.0028943659;
 0, 0, 0, 1]
Ow:
[0.028464487;
 0.0017814443;
 -0.0083054602]
Keyframe: 4 Frame: 91 Frame from vFrameID : 92
Tcw:
[0.95476341, 0.11918055, 0.27243873, 0.028343726;
 0.19999638, 0.42064837, -0.88490474, 0.0015909232;
 -0.22006434, 0.89936143, 0.37778398, -0.0085672708;
 0, 0, 0, 1]
Twc:
[0.95476341, 0.19999638, -0.22006434, -0.029265082;
 0.11918055, 0.42064837, 0.89936143, 0.0036578325;
 0.27243873, -0.88490474, 0.37778398, -0.0030775354;
 0, 0, 0, 1]
Ow:
[0.028343726;
 0.0015909232;
 -0.0085672708]
Keyframe: 5 Frame: 93 Frame from vFrameID : 94
Tcw:
[0.95119792, 0.12642597, 0.28149429, 0.028974924;
 0.20583132, 0.41969359, -0.88401967, 0.0011672378;
 -0.22990438, 0.89881796, 0.37318924, -0.0088090263;
 0, 0, 0, 1]
Twc:
[0.95119792, 0.20583132, -0.22990438, -0.029826373;
 0.12642597, 0.41969359, 0.89881796, 0.0037646461;
 0.28149429, -0.88401967, 0.37318924, -0.0038369806;
 0, 0, 0, 1]
Ow:
[0.028974924;
 0.0011672378;
 -0.0088090263]
Keyframe: 6 Frame: 95 Frame from vFrameID : 96
Tcw:
[0.94808513, 0.13118306, 0.28969905, 0.029616628;
 0.21300755, 0.41447112, -0.88478333, 0.00017157244;
 -0.23614047, 0.90055799, 0.36501092, -0.0083300918;
 0, 0, 0, 1]
Twc:
[0.94808513, 0.21300755, -0.23614047, -0.030082704;
 0.13118306, 0.41447112, 0.90055799, 0.0035454188;
 0.28969905, -0.88478333, 0.36501092, -0.0053875307;
 0, 0, 0, 1]
Ow:
[0.029616628;
 0.00017157244;
 -0.0083300918]
Keyframe: 7 Frame: 97 Frame from vFrameID : 98
Tcw:
[0.94739634, 0.1313142, 0.29188478, 0.029949782;
 0.2155813, 0.41225174, -0.88519669, -0.0002234499;
 -0.23656891, 0.90155703, 0.36225691, -0.0079556778;
 0, 0, 0, 1]
Twc:
[0.94739634, 0.2155813, -0.23656891, -0.03020821;
 0.1313142, 0.41225174, 0.90155703, 0.0033317839;
 0.29188478, -0.88519669, 0.36225691, -0.0060576834;
 0, 0, 0, 1]
Ow:
[0.029949782;
 -0.0002234499;
 -0.0079556778]
Keyframe: 8 Frame: 99 Frame from vFrameID : 100
Tcw:
[0.94195175, 0.13387378, 0.30790368, 0.031044755;
 0.22858267, 0.41600475, -0.88016474, -0.0032351734;
 -0.24592037, 0.89945424, 0.36125517, -0.0049933614;
 0, 0, 0, 1]
Twc:
[0.94195175, 0.22858267, -0.24592037, -0.029731127;
 0.13387378, 0.41600475, 0.89945424, 0.001681069;
 0.30790368, -0.88016474, 0.36125517, -0.010602403;
 0, 0, 0, 1]
Ow:
[0.031044755;
 -0.0032351734;
 -0.0049933614]
Keyframe: 9 Frame: 103 Frame from vFrameID : 104
Tcw:
[0.93710977, 0.14255205, 0.31859723, 0.030281264;
 0.23285367, 0.42463928, -0.87490606, -0.0074922182;
 -0.26000854, 0.89406955, 0.36473987, 0.0025858148;
 0, 0, 0, 1]
Twc:
[0.93710977, 0.23285367, -0.26000854, -0.025959944;
 0.14255205, 0.42463928, 0.89406955, -0.003447064;
 0.31859723, -0.87490606, 0.36473987, -0.017145663;
 0, 0, 0, 1]
Ow:
[0.030281264;
 -0.0074922182;
 0.0025858148]
Keyframe: 10 Frame: 108 Frame from vFrameID : 109
Tcw:
[0.93616647, 0.15535226, 0.31536961, 0.03702382;
 0.22014041, 0.44037032, -0.87040919, -0.012386791;
 -0.27409947, 0.88427353, 0.37806064, 0.0026290771;
 0, 0, 0, 1]
Twc:
[0.93616647, 0.22014041, -0.27409947, -0.031212997;
 0.15535226, 0.44037032, 0.88427353, -0.0026217818;
 0.31536961, -0.87040919, 0.37806064, -0.023451716;
 0, 0, 0, 1]
Ow:
[0.03702382;
 -0.012386791;
 0.0026290771]
Keyframe: 11 Frame: 113 Frame from vFrameID : 114
Tcw:
[0.93305445, 0.19393966, 0.30297986, 0.037327085;
 0.20183735, 0.41493639, -0.88718063, -0.014602235;
 -0.29777688, 0.88894051, 0.348014, 0.010805558;
 0, 0, 0, 1]
Twc:
[0.93305445, 0.20183735, -0.29777688, -0.028663283;
 0.19393966, 0.41493639, 0.88894051, -0.010785703;
 0.30297986, -0.88718063, 0.348014, -0.02802466;
 0, 0, 0, 1]
Ow:
[0.037327085;
 -0.014602235;
 0.010805558]
Keyframe: 12 Frame: 117 Frame from vFrameID : 118
Tcw:
[0.94037199, 0.1893972, 0.28254062, 0.044314109;
 0.18471146, 0.41316253, -0.89172775, -0.017682165;
 -0.28562593, 0.89074433, 0.35354266, 0.020579452;
 0, 0, 0, 1]
Twc:
[0.94037199, 0.18471146, -0.28562593, -0.032527622;
 0.1893972, 0.41316253, 0.89074433, -0.019418389;
 0.28254062, -0.89172775, 0.35354266, -0.035563927;
 0, 0, 0, 1]
Ow:
[0.044314109;
 -0.017682165;
 0.020579452]
Keyframe: 13 Frame: 123 Frame from vFrameID : 124
Tcw:
[0.94090104, 0.19142906, 0.27939236, 0.050582815;
 0.17780951, 0.42290139, -0.88855964, -0.020575458;
 -0.28825155, 0.88572532, 0.36387047, 0.023631323;
 0, 0, 0, 1]
Twc:
[0.94090104, 0.17780951, -0.28825155, -0.037123147;
 0.19142906, 0.42290139, 0.88572532, -0.021912491;
 0.27939236, -0.88855964, 0.36387047, -0.041013714;
 0, 0, 0, 1]
Ow:
[0.050582815;
 -0.020575458;
 0.023631323]
Keyframe: 14 Frame: 129 Frame from vFrameID : 130
Tcw:
[0.9297632, 0.19125536, 0.31458193, 0.052567732;
 0.2041692, 0.44318104, -0.87287199, -0.018684512;
 -0.30635819, 0.87579221, 0.37300494, 0.038002893;
 0, 0, 0, 1]
Twc:
[0.9297632, 0.2041692, -0.30635819, -0.033418242;
 0.19125536, 0.44318104, 0.87579221, -0.035055876;
 0.31458193, -0.87287199, 0.37300494, -0.047021311;
 0, 0, 0, 1]
Ow:
[0.052567732;
 -0.018684512;
 0.038002893]
Keyframe: 15 Frame: 135 Frame from vFrameID : 136
Tcw:
[0.90796733, 0.20052791, 0.36794552, 0.06087897;
 0.24890174, 0.44830313, -0.85852909, -0.028801095;
 -0.33711016, 0.87109864, 0.35713285, 0.050937414;
 0, 0, 0, 1]
Twc:
[0.90796733, 0.24890174, -0.33711016, -0.030935951;
 0.20052791, 0.44830313, 0.87109864, -0.043667827;
 0.36794552, -0.85852909, 0.35713285, -0.065318145;
 0, 0, 0, 1]
Ow:
[0.06087897;
 -0.028801095;
 0.050937414]
Keyframe: 16 Frame: 142 Frame from vFrameID : 143
Tcw:
[0.90026361, 0.22866918, 0.37045348, 0.070436724;
 0.24381325, 0.44014278, -0.8641929, -0.031202391;
 -0.36066672, 0.86832297, 0.34049198, 0.061638206;
 0, 0, 0, 1]
Twc:
[0.90026361, 0.24381325, -0.36066672, -0.033573218;
 0.22866918, 0.44014278, 0.86832297, -0.055895068;
 0.37045348, -0.8641929, 0.34049198, -0.074045733;
 0, 0, 0, 1]
Ow:
[0.070436724;
 -0.031202391;
 0.061638206]
Keyframe: 17 Frame: 149 Frame from vFrameID : 150
Tcw:
[0.9141773, 0.21837246, 0.34145769, 0.079067141;
 0.21637915, 0.44941494, -0.86672157, -0.029792082;
 -0.34272429, 0.86622149, 0.36359367, 0.074242145;
 0, 0, 0, 1]
Twc:
[0.9141773, 0.21637915, -0.34272429, -0.040390413;
 0.21837246, 0.44941494, 0.86622149, -0.068187229;
 0.34145769, -0.86672157, 0.36359367, -0.079813503;
 0, 0, 0, 1]
Ow:
[0.079067141;
 -0.029792082;
 0.074242145]
Keyframe: 18 Frame: 156 Frame from vFrameID : 157
Tcw:
[0.90768647, 0.23328945, 0.34882841, 0.084808409;
 0.21176143, 0.46301728, -0.86068118, -0.032945074;
 -0.36230141, 0.85509712, 0.37087283, 0.094932996;
 0, 0, 0, 1]
Twc:
[0.90768647, 0.21176143, -0.36230141, -0.035608597;
 0.23328945, 0.46301728, 0.85509712, -0.085707694;
 0.34882841, -0.86068118, 0.37087283, -0.093146853;
 0, 0, 0, 1]
Ow:
[0.084808409;
 -0.032945074;
 0.094932996]
Keyframe: 19 Frame: 164 Frame from vFrameID : 165
Tcw:
[0.8827998, 0.24619657, 0.40006471, 0.066359818;
 0.25100893, 0.47264528, -0.84474903, -0.034694709;
 -0.39706302, 0.84616411, 0.35545364, 0.11928373;
 0, 0, 0, 1]
Twc:
[0.8827998, 0.25100893, -0.39706302, -0.0025105956;
 0.24619657, 0.47264528, 0.84616411, -0.10087287;
 0.40006471, -0.84474903, 0.35545364, -0.098256379;
 0, 0, 0, 1]
Ow:
[0.066359818;
 -0.034694709;
 0.11928373]
Keyframe: 20 Frame: 172 Frame from vFrameID : 173
Tcw:
[0.85049951, 0.25989169, 0.45728201, 0.037269209;
 0.30011714, 0.47419193, -0.8276906, -0.062437393;
 -0.43194935, 0.84118861, 0.32530206, 0.1724221;
 0, 0, 0, 1]
Twc:
[0.85049951, 0.30011714, -0.43194935, 0.061518695;
 0.25989169, 0.47419193, 0.84118861, -0.12511815;
 0.45728201, -0.8276906, 0.32530206, -0.12481064;
 0, 0, 0, 1]
Ow:
[0.037269209;
 -0.062437393;
 0.1724221]
Keyframe: 21 Frame: 180 Frame from vFrameID : 181
Tcw:
[0.85608375, 0.25225207, 0.45109817, 0.026292335;
 0.30605793, 0.45588776, -0.83576006, -0.07974989;
 -0.41647232, 0.85354275, 0.31307435, 0.21592592;
 0, 0, 0, 1]
Twc:
[0.85608375, 0.30605793, -0.41647232, 0.091826819;
 0.25225207, 0.45588776, 0.85354275, -0.1545773;
 0.45109817, -0.83576006, 0.31307435, -0.14611307;
 0, 0, 0, 1]
Ow:
[0.026292335;
 -0.07974989;
 0.21592592]
Keyframe: 22 Frame: 188 Frame from vFrameID : 189
Tcw:
[0.87692243, 0.2436671, 0.41428658, 0.0649582;
 0.2730037, 0.45689043, -0.84659326, -0.10702747;
 -0.39557049, 0.85549837, 0.33413544, 0.22923794;
 0, 0, 0, 1]
Twc:
[0.87692243, 0.2730037, -0.39557049, 0.06293536;
 0.2436671, 0.45689043, 0.85549837, -0.16304106;
 0.41428658, -0.84659326, 0.33413544, -0.19411658;
 0, 0, 0, 1]
Ow:
[0.0649582;
 -0.10702747;
 0.22923794]
Keyframe: 23 Frame: 196 Frame from vFrameID : 197
Tcw:
[0.86688924, 0.25115776, 0.4306075, 0.066700011;
 0.27813911, 0.4731575, -0.83591902, -0.12213394;
 -0.41369271, 0.84441799, 0.34031835, 0.26393211;
 0, 0, 0, 1]
Twc:
[0.86688924, 0.27813911, -0.41369271, 0.085335508;
 0.25115776, 0.4731575, 0.84441799, -0.18183269;
 0.4306075, -0.83591902, 0.34031835, -0.22063656;
 0, 0, 0, 1]
Ow:
[0.066700011;
 -0.12213394;
 0.26393211]
Keyframe: 24 Frame: 204 Frame from vFrameID : 205
Tcw:
[0.85678583, 0.2601836, 0.4452219, 0.08740595;
 0.29559425, 0.45965585, -0.83746076, -0.14163268;
 -0.42254239, 0.84912956, 0.31691784, 0.30170342;
 0, 0, 0, 1]
Twc:
[0.85678583, 0.29559425, -0.42254239, 0.094460122;
 0.2601836, 0.45965585, 0.84912956, -0.2138246;
 0.4452219, -0.83746076, 0.31691784, -0.25314206;
 0, 0, 0, 1]
Ow:
[0.08740595;
 -0.14163268;
 0.30170342]
Keyframe: 25 Frame: 211 Frame from vFrameID : 212
Tcw:
[0.86094123, 0.2505461, 0.44272658, 0.10766253;
 0.30572933, 0.44075102, -0.84395981, -0.14620531;
 -0.40658304, 0.86195427, 0.30286142, 0.33683205;
 0, 0, 0, 1]
Twc:
[0.86094123, 0.30572933, -0.40658304, 0.088958323;
 0.2505461, 0.44075102, 0.86195427, -0.25286812;
 0.44272658, -0.84395981, 0.30286142, -0.27306989;
 0, 0, 0, 1]
Ow:
[0.10766253;
 -0.14620531;
 0.33683205]
Keyframe: 26 Frame: 219 Frame from vFrameID : 220
Tcw:
[0.8616932, 0.25066453, 0.441194, 0.11593509;
 0.31100291, 0.42612994, -0.84952366, -0.16510192;
 -0.40095142, 0.86924136, 0.28923586, 0.37204105;
 0, 0, 0, 1]
Twc:
[0.8616932, 0.31100291, -0.40095142, 0.10061708;
 0.25066453, 0.42612994, 0.86924136, -0.28209943;
 0.441194, -0.84952366, 0.28923586, -0.29901546;
 0, 0, 0, 1]
Ow:
[0.11593509;
 -0.16510192;
 0.37204105]
Keyframe: 27 Frame: 227 Frame from vFrameID : 228
Tcw:
[0.8777104, 0.23437844, 0.41796079, 0.11123914;
 0.29325548, 0.4270941, -0.85533142, -0.15998937;
 -0.37897983, 0.87330258, 0.30613217, 0.3794494;
 0, 0, 0, 1]
Twc:
[0.8777104, 0.29325548, -0.37897983, 0.093085691;
 0.23437844, 0.4270941, 0.87330258, -0.28911567;
 0.41796079, -0.85533142, 0.30613217, -0.29949921;
 0, 0, 0, 1]
Ow:
[0.11123914;
 -0.15998937;
 0.3794494]
Keyframe: 28 Frame: 235 Frame from vFrameID : 236
Tcw:
[0.88287735, 0.24374506, 0.40139252, 0.046045676;
 0.28149712, 0.40946677, -0.8678112, -0.092692554;
 -0.37588161, 0.87916172, 0.29289541, 0.4334071;
 0, 0, 0, 1]
Twc:
[0.88287735, 0.28149712, -0.37588161, 0.14834976;
 0.24374506, 0.40946677, 0.87916172, -0.35430384;
 0.40139252, -0.8678112, 0.29289541, -0.22586499;
 0, 0, 0, 1]
Ow:
[0.046045676;
 -0.092692554;
 0.4334071]
Keyframe: 29 Frame: 243 Frame from vFrameID : 244
Tcw:
[0.85327595, 0.29675356, 0.42878607, -0.010144666;
 0.27971709, 0.43349567, -0.85664451, -0.080636322;
 -0.4400892, 0.85089296, 0.28688437, 0.48564917;
 0, 0, 0, 1]
Twc:
[0.85327595, 0.27971709, -0.4400892, 0.24494052;
 0.29675356, 0.43349567, 0.85089296, -0.3752695;
 0.42878607, -0.85664451, 0.28688437, -0.20405194;
 0, 0, 0, 1]
Ow:
[-0.010144666;
 -0.080636322;
 0.48564917]
Keyframe: 30 Frame: 250 Frame from vFrameID : 251
Tcw:
[0.85061884, 0.26338297, 0.45505714, 0.0010879487;
 0.31545058, 0.4367643, -0.84245348, -0.10035532;
 -0.42064062, 0.86015487, 0.28843561, 0.49767199;
 0, 0, 0, 1]
Twc:
[0.85061884, 0.31545058, -0.42064062, 0.24007277;
 0.26338297, 0.4367643, 0.86015487, -0.38452989;
 0.45505714, -0.84245348, 0.28843561, -0.22858611;
 0, 0, 0, 1]
Ow:
[0.0010879487;
 -0.10035532;
 0.49767199]
Keyframe: 31 Frame: 257 Frame from vFrameID : 258
Tcw:
[0.87218869, 0.26162946, 0.41332424, 0.020186245;
 0.28073695, 0.42423049, -0.86093861, -0.1025301;
 -0.40059164, 0.86693627, 0.29655996, 0.49545535;
 0, 0, 0, 1]
Twc:
[0.87218869, 0.28073695, -0.40059164, 0.20965305;
 0.26162946, 0.42423049, 0.86693627, -0.39131317;
 0.41332424, -0.86093861, 0.29655996, -0.24354781;
 0, 0, 0, 1]
Ow:
[0.020186245;
 -0.1025301;
 0.49545535]
Keyframe: 32 Frame: 265 Frame from vFrameID : 266
Tcw:
[0.88111091, 0.25017315, 0.40131897, 0.046383299;
 0.26801711, 0.43500572, -0.85961437, -0.11220673;
 -0.38962847, 0.86497599, 0.31623763, 0.49972183;
 0, 0, 0, 1]
Twc:
[0.88111091, 0.26801711, -0.38962847, 0.18391035;
 0.25017315, 0.43500572, 0.86497599, -0.39504066;
 0.40131897, -0.85961437, 0.31623763, -0.27309984;
 0, 0, 0, 1]
Ow:
[0.046383299;
 -0.11220673;
 0.49972183]
Keyframe: 33 Frame: 273 Frame from vFrameID : 274
Tcw:
[0.8749643, 0.26683903, 0.40402272, 0.072684906;
 0.25881779, 0.44746158, -0.85603243, -0.11075661;
 -0.40920752, 0.85356611, 0.32245022, 0.50768465;
 0, 0, 0, 1]
Twc:
[0.8749643, 0.25881779, -0.40920752, 0.17281745;
 0.26683903, 0.44746158, 0.85356611, -0.40317824;
 0.40402272, -0.85603243, 0.32245022, -0.28788063;
 0, 0, 0, 1]
Ow:
[0.072684906;
 -0.11075661;
 0.50768465]
Keyframe: 34 Frame: 281 Frame from vFrameID : 282
Tcw:
[0.88308948, 0.2589018, 0.39130914, 0.063069455;
 0.26674983, 0.40907082, -0.87264287, -0.092061535;
 -0.38600197, 0.8750034, 0.29218411, 0.57750261;
 0, 0, 0, 1]
Twc:
[0.88308948, 0.26674983, -0.38600197, 0.19177856;
 0.2589018, 0.40907082, 0.8750034, -0.48398581;
 0.39130914, -0.87264287, 0.29218411, -0.27375358;
 0, 0, 0, 1]
Ow:
[0.063069455;
 -0.092061535;
 0.57750261]
Keyframe: 35 Frame: 287 Frame from vFrameID : 288
Tcw:
[0.87806398, 0.25212356, 0.40673992, 0.050272256;
 0.2828086, 0.41225308, -0.86606389, -0.14457709;
 -0.38603491, 0.87548906, 0.29068187, 0.62710774;
 0, 0, 0, 1]
Twc:
[0.87806398, 0.2828086, -0.38603491, 0.23883086;
 0.25212356, 0.41225308, 0.87548906, -0.50209844;
 0.40673992, -0.86606389, 0.29068187, -0.32794958;
 0, 0, 0, 1]
Ow:
[0.050272256;
 -0.14457709;
 0.62710774]
Keyframe: 36 Frame: 295 Frame from vFrameID : 296
Tcw:
[0.89396262, 0.23799343, 0.37972352, 0.088438451;
 0.26141983, 0.41127917, -0.8732177, -0.14273047;
 -0.36399245, 0.87989122, 0.30545202, 0.63881987;
 0, 0, 0, 1]
Twc:
[0.89396262, 0.26141983, -0.36399245, 0.1907775;
 0.23799343, 0.41127917, 0.87989122, -0.52443767;
 0.37972352, -0.8732177, 0.30545202, -0.35334572;
 0, 0, 0, 1]
Ow:
[0.088438451;
 -0.14273047;
 0.63881987]
Keyframe: 37 Frame: 301 Frame from vFrameID : 302
Tcw:
[0.88877118, 0.24206658, 0.38921663, 0.10217711;
 0.26355076, 0.42485684, -0.86604714, -0.16276284;
 -0.37500241, 0.87229609, 0.31380367, 0.6588037;
 0, 0, 0, 1]
Twc:
[0.88877118, 0.26355076, -0.37500241, 0.19913718;
 0.24206658, 0.42485684, 0.87229609, -0.5302546;
 0.38921663, -0.86604714, 0.31380367, -0.38746434;
 0, 0, 0, 1]
Ow:
[0.10217711;
 -0.16276284;
 0.6588037]
Keyframe: 38 Frame: 305 Frame from vFrameID : 306
Tcw:
[0.88003528, 0.25042275, 0.40351751, 0.11698754;
 0.27764609, 0.4180429, -0.86495823, -0.17143835;
 -0.38529283, 0.87322885, 0.2983636, 0.66390729;
 0, 0, 0, 1]
Twc:
[0.88003528, 0.27764609, -0.38529283, 0.20044476;
 0.25042275, 0.4180429, 0.87322885, -0.53737074;
 0.40351751, -0.86495823, 0.2983636, -0.3935793;
 0, 0, 0, 1]
Ow:
[0.11698754;
 -0.17143835;
 0.66390729]
Keyframe: 39 Frame: 310 Frame from vFrameID : 311
Tcw:
[0.86923188, 0.24855351, 0.42738396, 0.12889306;
 0.29993308, 0.42209789, -0.85549605, -0.17155658;
 -0.39303443, 0.87181103, 0.29235154, 0.66675878;
 0, 0, 0, 1]
Twc:
[0.86923188, 0.29993308, -0.39303443, 0.20147669;
 0.24855351, 0.42209789, 0.87181103, -0.54091084;
 0.42738396, -0.85549605, 0.29235154, -0.39678076;
 0, 0, 0, 1]
Ow:
[0.12889306;
 -0.17155658;
 0.66675878]
Keyframe: 40 Frame: 316 Frame from vFrameID : 317
Tcw:
[0.86349607, 0.24739659, 0.43951049, 0.14251867;
 0.3141526, 0.41790718, -0.85244459, -0.1845383;
 -0.39456648, 0.87415588, 0.2831409, 0.68863553;
 0, 0, 0, 1]
Twc:
[0.86349607, 0.3141526, -0.39456648, 0.20662136;
 0.24739659, 0.41790718, 0.87415588, -0.56011355;
 0.43951049, -0.85244459, 0.2831409, -0.41492802;
 0, 0, 0, 1]
Ow:
[0.14251867;
 -0.1845383;
 0.68863553]
Keyframe: 41 Frame: 322 Frame from vFrameID : 323
Tcw:
[0.87856537, 0.22767892, 0.41986325, 0.13532993;
 0.3063879, 0.40570715, -0.86112028, -0.17162974;
 -0.36640045, 0.8851915, 0.28668219, 0.71143705;
 0, 0, 0, 1]
Twc:
[0.87856537, 0.3063879, -0.36640045, 0.19435997;
 0.22767892, 0.40570715, 0.8851915, -0.59093839;
 0.41986325, -0.86112028, 0.28668219, -0.40857026;
 0, 0, 0, 1]
Ow:
[0.13532993;
 -0.17162974;
 0.71143705]
Keyframe: 42 Frame: 328 Frame from vFrameID : 329
Tcw:
[0.88526642, 0.22842869, 0.4051218, 0.15089451;
 0.29430115, 0.39935091, -0.86827743, -0.17990816;
 -0.36012524, 0.88788468, 0.28630513, 0.72177565;
 0, 0, 0, 1]
Twc:
[0.88526642, 0.29430115, -0.36012524, 0.17929494;
 0.22842869, 0.39935091, 0.88788468, -0.60347563;
 0.4051218, -0.86827743, 0.28630513, -0.42398888;
 0, 0, 0, 1]
Ow:
[0.15089451;
 -0.17990816;
 0.72177565]
Keyframe: 43 Frame: 334 Frame from vFrameID : 335
Tcw:
[0.89281768, 0.22152026, 0.39218032, 0.1519836;
 0.28217626, 0.40357742, -0.87034583, -0.17650911;
 -0.35107437, 0.8877241, 0.2978133, 0.72780746;
 0, 0, 0, 1]
Twc:
[0.89281768, 0.28217626, -0.35107437, 0.16962756;
 0.22152026, 0.40357742, 0.8877241, -0.60852456;
 0.39218032, -0.87034583, 0.2978133, -0.42997968;
 0, 0, 0, 1]
Ow:
[0.1519836;
 -0.17650911;
 0.72780746]
Keyframe: 44 Frame: 340 Frame from vFrameID : 341
Tcw:
[0.88799733, 0.21597891, 0.40597272, 0.13267574;
 0.29834729, 0.40121678, -0.86603349, -0.16387483;
 -0.34992802, 0.89015627, 0.29184273, 0.75254154;
 0, 0, 0, 1]
Twc:
[0.88799733, 0.29834729, -0.34992802, 0.19441128;
 0.21597891, 0.40121678, 0.89015627, -0.63278538;
 0.40597272, -0.86603349, 0.29184273, -0.41540757;
 0, 0, 0, 1]
Ow:
[0.13267574;
 -0.16387483;
 0.75254154]
Keyframe: 45 Frame: 346 Frame from vFrameID : 347
Tcw:
[0.88216364, 0.22292478, 0.41483951, 0.16118814;
 0.29847744, 0.41670337, -0.85864401, -0.18117583;
 -0.36427805, 0.88128477, 0.30106255, 0.75229174;
 0, 0, 0, 1]
Twc:
[0.88216364, 0.29847744, -0.36427805, 0.18592595;
 0.22292478, 0.41670337, 0.88128477, -0.62341946;
 0.41483951, -0.85864401, 0.30106255, -0.44891962;
 0, 0, 0, 1]
Ow:
[0.16118814;
 -0.18117583;
 0.75229174]
Keyframe: 46 Frame: 352 Frame from vFrameID : 353
Tcw:
[0.8767091, 0.24180195, 0.41582811, 0.1077619;
 0.28413221, 0.43722203, -0.85329115, -0.14236596;
 -0.38813666, 0.86623824, 0.31461281, 0.77812421;
 0, 0, 0, 1]
Twc:
[0.8767091, 0.28413221, -0.38813666, 0.24799347;
 0.24180195, 0.43722203, 0.86623824, -0.63785249;
 0.41582811, -0.85329115, 0.31461281, -0.41109788;
 0, 0, 0, 1]
Ow:
[0.1077619;
 -0.14236596;
 0.77812421]
Keyframe: 47 Frame: 359 Frame from vFrameID : 360
Tcw:
[0.88773841, 0.22734165, 0.40029526, 0.052182272;
 0.27992672, 0.4237316, -0.86144793, -0.093840122;
 -0.36546075, 0.87679374, 0.31252381, 0.80938935;
 0, 0, 0, 1]
Twc:
[0.88773841, 0.27992672, -0.36546075, 0.2757442;
 0.22734165, 0.4237316, 0.87679374, -0.68176776;
 0.40029526, -0.86144793, 0.31252381, -0.35468018;
 0, 0, 0, 1]
Ow:
[0.052182272;
 -0.093840122;
 0.80938935]
Keyframe: 48 Frame: 366 Frame from vFrameID : 367
Tcw:
[0.90464568, 0.20656979, 0.37275344, 0.049012586;
 0.25749782, 0.43200132, -0.86433196, -0.088127047;
 -0.33957484, 0.87789738, 0.33761683, 0.81821376;
 0, 0, 0, 1]
Twc:
[0.90464568, 0.25749782, -0.33957484, 0.25619832;
 0.20656979, 0.43200132, 0.87789738, -0.6903612;
 0.37275344, -0.86433196, 0.33761683, -0.3706834;
 0, 0, 0, 1]
Ow:
[0.049012586;
 -0.088127047;
 0.81821376]
Keyframe: 49 Frame: 373 Frame from vFrameID : 374
Tcw:
[0.90458512, 0.19671308, 0.37819263, 0.062404498;
 0.26049095, 0.44719633, -0.85566342, -0.11213359;
 -0.33744654, 0.87253618, 0.35328519, 0.81746155;
 0, 0, 0, 1]
Twc:
[0.90458512, 0.26049095, -0.33744654, 0.24860919;
 0.19671308, 0.44719633, 0.87253618, -0.67539489;
 0.37819263, -0.85566342, 0.35328519, -0.40834659;
 0, 0, 0, 1]
Ow:
[0.062404498;
 -0.11213359;
 0.81746155]
Keyframe: 50 Frame: 381 Frame from vFrameID : 382
Tcw:
[0.90186709, 0.20815527, 0.37855935, 0.06674318;
 0.26128456, 0.43502101, -0.86167693, -0.10738875;
 -0.34404385, 0.87602973, 0.33794338, 0.8248868;
 0, 0, 0, 1]
Twc:
[0.90186709, 0.26128456, -0.34404385, 0.25166276;
 0.20815527, 0.43502101, 0.87602973, -0.68980193;
 0.37855935, -0.86167693, 0.33794338, -0.39656568;
 0, 0, 0, 1]
Ow:
[0.06674318;
 -0.10738875;
 0.8248868]
Keyframe: 51 Frame: 388 Frame from vFrameID : 389
Tcw:
[0.89100808, 0.20235428, 0.40639561, 0.05005841;
 0.29035383, 0.43415073, -0.85276479, -0.14023621;
 -0.34899756, 0.87781882, 0.32807747, 0.87991875;
 0, 0, 0, 1]
Twc:
[0.89100808, 0.29035383, -0.34899756, 0.30320519;
 0.20235428, 0.43415073, 0.87781882, -0.72165513;
 0.40639561, -0.85276479, 0.32807747, -0.42861354;
 0, 0, 0, 1]
Ow:
[0.05005841;
 -0.14023621;
 0.87991875]
Keyframe: 52 Frame: 395 Frame from vFrameID : 396
Tcw:
[0.90242398, 0.20855837, 0.37700716, 0.036860242;
 0.26282895, 0.42688233, -0.86527014, -0.099314421;
 -0.34139702, 0.87992889, 0.33041367, 0.90392089;
 0, 0, 0, 1]
Twc:
[0.90242398, 0.26282895, -0.34139702, 0.30143505;
 0.20855837, 0.42688233, 0.87992889, -0.76067811;
 0.37700716, -0.86527014, 0.33041367, -0.39849821;
 0, 0, 0, 1]
Ow:
[0.036860242;
 -0.099314421;
 0.90392089]
Keyframe: 53 Frame: 401 Frame from vFrameID : 402
Tcw:
[0.90957373, 0.1984925, 0.36507031, 0.04550378;
 0.2536563, 0.43065581, -0.86613744, -0.11100557;
 -0.32914144, 0.88041824, 0.34136432, 0.9070853;
 0, 0, 0, 1]
Twc:
[0.90957373, 0.2536563, -0.32914144, 0.28532755;
 0.1984925, 0.43065581, 0.88041824, -0.75984144;
 0.36507031, -0.86613744, 0.34136432, -0.42240474;
 0, 0, 0, 1]
Ow:
[0.04550378;
 -0.11100557;
 0.9070853]
Keyframe: 54 Frame: 407 Frame from vFrameID : 408
Tcw:
[0.91476381, 0.18856527, 0.35728186, 0.050794795;
 0.24929599, 0.4324393, -0.86651474, -0.11219585;
 -0.31789729, 0.88172525, 0.34857124, 0.91730082;
 0, 0, 0, 1]
Twc:
[0.91476381, 0.24929599, -0.31789729, 0.27311218;
 0.18856527, 0.4324393, 0.88172525, -0.76986754;
 0.35728186, -0.86651474, 0.34857124, -0.43511206;
 0, 0, 0, 1]
Ow:
[0.050794795;
 -0.11219585;
 0.91730082]
Keyframe: 55 Frame: 413 Frame from vFrameID : 414
Tcw:
[0.90505302, 0.18805115, 0.38146529, 0.057931945;
 0.27318484, 0.430381, -0.8603152, -0.12034217;
 -0.32595867, 0.88284141, 0.3381449, 0.92657095;
 0, 0, 0, 1]
Twc:
[0.90505302, 0.27318484, -0.32595867, 0.28246802;
 0.18805115, 0.430381, 0.88284141, -0.77711642;
 0.38146529, -0.8603152, 0.3381449, -0.43894646;
 0, 0, 0, 1]
Ow:
[0.057931945;
 -0.12034217;
 0.92657095]
Keyframe: 56 Frame: 421 Frame from vFrameID : 422
Tcw:
[0.8815046, 0.20584969, 0.42494184, 0.053131968;
 0.30339992, 0.44265217, -0.84380537, -0.13322794;
 -0.36179852, 0.87274563, 0.32774514, 0.94885671;
 0, 0, 0, 1]
Twc:
[0.8815046, 0.30339992, -0.36179852, 0.33688021;
 0.20584969, 0.44265217, 0.87274563, -0.78007412;
 0.42494184, -0.84380537, 0.32774514, -0.44597965;
 0, 0, 0, 1]
Ow:
[0.053131968;
 -0.13322794;
 0.94885671]
Keyframe: 57 Frame: 428 Frame from vFrameID : 429
Tcw:
[0.89871782, 0.18606029, 0.39709935, 0.040351719;
 0.30266258, 0.39210203, -0.8687067, -0.13104814;
 -0.31733528, 0.9009093, 0.29607558, 1.0028005;
 0, 0, 0, 1]
Twc:
[0.89871782, 0.30266258, -0.31733528, 0.32162255;
 0.18606029, 0.39210203, 0.9009093, -0.8595559;
 0.39709935, -0.8687067, 0.29607558, -0.42677081;
 0, 0, 0, 1]
Ow:
[0.040351719;
 -0.13104814;
 1.0028005]
Keyframe: 58 Frame: 434 Frame from vFrameID : 435
Tcw:
[0.92481977, 0.16208272, 0.34414762, 0.072121367;
 0.25864896, 0.39546248, -0.8813116, -0.13959715;
 -0.27894285, 0.90406781, 0.323809, 0.98943204;
 0, 0, 0, 1]
Twc:
[0.92481977, 0.25864896, -0.27894285, 0.24540238;
 0.16208272, 0.39546248, 0.90406781, -0.85099787;
 0.34414762, -0.8813116, 0.323809, -0.46823597;
 0, 0, 0, 1]
Ow:
[0.072121367;
 -0.13959715;
 0.98943204]
Keyframe: 59 Frame: 440 Frame from vFrameID : 441
Tcw:
[0.91818279, 0.15176035, 0.36593592, 0.060547039;
 0.27616987, 0.41705421, -0.86590761, -0.15395638;
 -0.28402558, 0.89612198, 0.34102038, 1.0155312;
 0, 0, 0, 1]
Twc:
[0.91818279, 0.27616987, -0.28402558, 0.27536169;
 0.15176035, 0.41705421, 0.89612198, -0.85502028;
 0.36593592, -0.86590761, 0.34102038, -0.50178516;
 0, 0, 0, 1]
Ow:
[0.060547039;
 -0.15395638;
 1.0155312]
Keyframe: 60 Frame: 447 Frame from vFrameID : 448
Tcw:
[0.90984452, 0.16312587, 0.38154018, 0.073631346;
 0.28597736, 0.41973689, -0.86141622, -0.16334879;
 -0.30066577, 0.89286667, 0.33524501, 1.025116;
 0, 0, 0, 1]
Twc:
[0.90984452, 0.28597736, -0.30066577, 0.28793824;
 0.16312587, 0.41973689, 0.89286667, -0.8587395;
 0.38154018, -0.86141622, 0.33524501, -0.51246959;
 0, 0, 0, 1]
Ow:
[0.073631346;
 -0.16334879;
 1.025116]
Keyframe: 61 Frame: 454 Frame from vFrameID : 455
Tcw:
[0.9052822, 0.16765614, 0.39032745, 0.081783831;
 0.29483101, 0.41354418, -0.86142665, -0.15693387;
 -0.30584112, 0.89491487, 0.32494396, 1.0337929;
 0, 0, 0, 1]
Twc:
[0.9052822, 0.29483101, -0.30584112, 0.28840789;
 0.16765614, 0.41354418, 0.89491487, -0.87396908;
 0.39032745, -0.86142665, 0.32494396, -0.50303423;
 0, 0, 0, 1]
Ow:
[0.081783831;
 -0.15693387;
 1.0337929]
Keyframe: 62 Frame: 461 Frame from vFrameID : 462
Tcw:
[0.90293652, 0.18740943, 0.38676, 0.073375732;
 0.27920949, 0.42833424, -0.859402, -0.14154953;
 -0.32672259, 0.88397259, 0.33443213, 1.0475403;
 0, 0, 0, 1]
Twc:
[0.90293652, 0.27920949, -0.32672259, 0.31552345;
 0.18740943, 0.42833424, 0.88397259, -0.87911773;
 0.38676, -0.859402, 0.33443213, -0.50035793;
 0, 0, 0, 1]
Ow:
[0.073375732;
 -0.14154953;
 1.0475403]
Keyframe: 63 Frame: 468 Frame from vFrameID : 469
Tcw:
[0.92291838, 0.16947487, 0.3456876, 0.096742004;
 0.2515848, 0.41417837, -0.87473506, -0.14665467;
 -0.29142192, 0.89427876, 0.33961552, 1.0546104;
 0, 0, 0, 1]
Twc:
[0.92291838, 0.2515848, -0.29142192, 0.25494769;
 0.16947487, 0.41417837, 0.89427876, -0.8987698;
 0.3456876, -0.87473506, 0.33961552, -0.51988852;
 0, 0, 0, 1]
Ow:
[0.096742004;
 -0.14665467;
 1.0546104]
Keyframe: 64 Frame: 475 Frame from vFrameID : 476
Tcw:
[0.92525023, 0.17609115, 0.33601171, 0.099731028;
 0.23589788, 0.4265956, -0.87313712, -0.13702002;
 -0.29709283, 0.88713479, 0.35316816, 1.0660915;
 0, 0, 0, 1]
Twc:
[0.92525023, 0.23589788, -0.29709283, 0.25677472;
 0.17609115, 0.4265956, 0.88713479, -0.90487647;
 0.33601171, -0.87313712, 0.35316816, -0.5296576;
 0, 0, 0, 1]
Ow:
[0.099731028;
 -0.13702002;
 1.0660915]
Keyframe: 65 Frame: 483 Frame from vFrameID : 484
Tcw:
[0.90950477, 0.18631127, 0.37160349, 0.069059029;
 0.2553196, 0.45507935, -0.85306197, -0.1437538;
 -0.32804415, 0.87074155, 0.36632794, 1.0807506;
 0, 0, 0, 1]
Twc:
[0.90950477, 0.2553196, -0.32804415, 0.32842755;
 0.18631127, 0.45507935, 0.87074155, -0.88850158;
 0.37160349, -0.85306197, 0.36632794, -0.54420257;
 0, 0, 0, 1]
Ow:
[0.069059029;
 -0.1437538;
 1.0807506]
Keyframe: 66 Frame: 490 Frame from vFrameID : 491
Tcw:
[0.90036613, 0.18881713, 0.39203185, 0.053220525;
 0.27768689, 0.44431013, -0.85175025, -0.14716163;
 -0.33500874, 0.87574917, 0.34760973, 1.1010767;
 0, 0, 0, 1]
Twc:
[0.90036613, 0.27768689, -0.33500874, 0.36181724;
 0.18881713, 0.44431013, 0.87574917, -0.9089306;
 0.39203185, -0.85175025, 0.34760973, -0.52895409;
 0, 0, 0, 1]
Ow:
[0.053220525;
 -0.14716163;
 1.1010767]
Keyframe: 67 Frame: 497 Frame from vFrameID : 498
Tcw:
[0.91146255, 0.17742632, 0.37115484, 0.042626202;
 0.27113745, 0.4194316, -0.86634958, -0.12728122;
 -0.3093873, 0.89027917, 0.33418927, 1.1247269;
 0, 0, 0, 1]
Twc:
[0.91146255, 0.27113745, -0.3093873, 0.34363472;
 0.17742632, 0.4194316, 0.89027917, -0.95549822;
 0.37115484, -0.86634958, 0.33418927, -0.5019626;
 0, 0, 0, 1]
Ow:
[0.042626202;
 -0.12728122;
 1.1247269]
Keyframe: 68 Frame: 505 Frame from vFrameID : 506
Tcw:
[0.93046612, 0.14707777, 0.33556071, 0.054937243;
 0.24509156, 0.43090686, -0.86847532, -0.12900791;
 -0.27232882, 0.89032996, 0.36489668, 1.1331545;
 0, 0, 0, 1]
Twc:
[0.93046612, 0.24509156, -0.27232882, 0.28909212;
 0.14707777, 0.43090686, 0.89032996, -0.961371;
 0.33556071, -0.86847532, 0.36489668, -0.54395932;
 0, 0, 0, 1]
Ow:
[0.054937243;
 -0.12900791;
 1.1331545]
Keyframe: 69 Frame: 513 Frame from vFrameID : 514
Tcw:
[0.91952211, 0.14693086, 0.36454135, 0.054971471;
 0.26461503, 0.45436978, -0.85060388, -0.12726548;
 -0.29061654, 0.87861222, 0.37892297, 1.1459265;
 0, 0, 0, 1]
Twc:
[0.91952211, 0.26461503, -0.29061654, 0.31615403;
 0.14693086, 0.45436978, 0.87861222, -0.95707637;
 0.36454135, -0.85060388, 0.37892297, -0.56250972;
 0, 0, 0, 1]
Ow:
[0.054971471;
 -0.12726548;
 1.1459265]
Keyframe: 70 Frame: 520 Frame from vFrameID : 521
Tcw:
[0.91154546, 0.15595564, 0.38047695, 0.043137193;
 0.280709, 0.44013023, -0.852929, -0.12017775;
 -0.30047852, 0.88428682, 0.35742056, 1.1900656;
 0, 0, 0, 1]
Twc:
[0.91154546, 0.280709, -0.30047852, 0.35200262;
 0.15595564, 0.44013023, 0.88428682, -1.006193;
 0.38047695, -0.852929, 0.35742056, -0.54426974;
 0, 0, 0, 1]
Ow:
[0.043137193;
 -0.12017775;
 1.1900656]
Keyframe: 71 Frame: 528 Frame from vFrameID : 529
Tcw:
[0.90913635, 0.1881303, 0.37158859, 0.018383101;
 0.249446, 0.4685204, -0.84750533, -0.11607495;
 -0.33353826, 0.86318922, 0.37902057, 1.1979413;
 0, 0, 0, 1]
Twc:
[0.90913635, 0.249446, -0.33353826, 0.41180098;
 0.1881303, 0.4685204, 0.86318922, -0.98312497;
 0.37158859, -0.84750533, 0.37902057, -0.55924952;
 0, 0, 0, 1]
Ow:
[0.018383101;
 -0.11607495;
 1.1979413]
Keyframe: 72 Frame: 535 Frame from vFrameID : 536
Tcw:
[0.92053926, 0.20768918, 0.33086652, 0.040309161;
 0.21249966, 0.44447583, -0.87022132, -0.12759626;
 -0.32779771, 0.87138194, 0.36502358, 1.2094783;
 0, 0, 0, 1]
Twc:
[0.92053926, 0.21249966, -0.32779771, 0.3864722;
 0.20768918, 0.44447583, 0.87138194, -1.0055758;
 0.33086652, -0.87022132, 0.36502358, -0.565862;
 0, 0, 0, 1]
Ow:
[0.040309161;
 -0.12759626;
 1.2094783]
Keyframe: 73 Frame: 541 Frame from vFrameID : 542
Tcw:
[0.9271999, 0.20343044, 0.31450975, 0.045589969;
 0.19712129, 0.44897142, -0.8715319, -0.13072482;
 -0.31850201, 0.87008089, 0.37618577, 1.2135049;
 0, 0, 0, 1]
Twc:
[0.9271999, 0.19712129, -0.31850201, 0.37000141;
 0.20343044, 0.44897142, 0.87008089, -1.0064301;
 0.31450975, -0.8715319, 0.37618577, -0.58477265;
 0, 0, 0, 1]
Ow:
[0.045589969;
 -0.13072482;
 1.2135049]
Keyframe: 74 Frame: 547 Frame from vFrameID : 548
Tcw:
[0.92389703, 0.20218168, 0.32486442, 0.047662884;
 0.2086086, 0.44559449, -0.87059063, -0.13358733;
 -0.32077527, 0.87210554, 0.3695066, 1.2195811;
 0, 0, 0, 1]
Twc:
[0.92389703, 0.2086086, -0.32077527, 0.37504333;
 0.20218168, 0.44559449, 0.87210554, -1.0137143;
 0.32486442, -0.87059063, 0.3695066, -0.58242708;
 0, 0, 0, 1]
Ow:
[0.047662884;
 -0.13358733;
 1.2195811]
Keyframe: 75 Frame: 554 Frame from vFrameID : 555
Tcw:
[0.91081893, 0.20916805, 0.35588986, 0.040286422;
 0.23656154, 0.44205168, -0.86523348, -0.12011382;
 -0.33830091, 0.87226087, 0.35314792, 1.2416763;
 0, 0, 0, 1]
Twc:
[0.91081893, 0.23656154, -0.33830091, 0.41178086;
 0.20916805, 0.44205168, 0.87226087, -1.0383958;
 0.35588986, -0.86523348, 0.35314792, -0.55675942;
 0, 0, 0, 1]
Ow:
[0.040286422;
 -0.12011382;
 1.2416763]
Keyframe: 76 Frame: 561 Frame from vFrameID : 562
Tcw:
[0.90994865, 0.2115771, 0.35669118, 0.047201976;
 0.23301086, 0.45066267, -0.86174768, -0.11918288;
 -0.34307349, 0.86725909, 0.36078012, 1.2442786;
 0, 0, 0, 1]
Twc:
[0.90994865, 0.23301086, -0.34307349, 0.41169849;
 0.2115771, 0.45066267, 0.86725909, -1.0353874;
 0.35669118, -0.86174768, 0.36078012, -0.56845307;
 0, 0, 0, 1]
Ow:
[0.047201976;
 -0.11918288;
 1.2442786]
Keyframe: 77 Frame: 568 Frame from vFrameID : 569
Tcw:
[0.92447853, 0.21012236, 0.31810066, 0.047403499;
 0.20086421, 0.4407225, -0.87488127, -0.12632224;
 -0.32402623, 0.87270403, 0.36523244, 1.2507433;
 0, 0, 0, 1]
Twc:
[0.92447853, 0.20086421, -0.32402623, 0.38682371;
 0.21012236, 0.4407225, 0.87270403, -1.0458161;
 0.31810066, -0.87488127, 0.36523244, -0.58240801;
 0, 0, 0, 1]
Ow:
[0.047403499;
 -0.12632224;
 1.2507433]
Keyframe: 78 Frame: 574 Frame from vFrameID : 575
Tcw:
[0.92643666, 0.20408584, 0.31632903, 0.052221894;
 0.19928461, 0.44701302, -0.87204647, -0.1315136;
 -0.31937551, 0.87093532, 0.37345809, 1.2571998;
 0, 0, 0, 1]
Twc:
[0.92643666, 0.19928461, -0.31937551, 0.37934723;
 0.20408584, 0.44701302, 0.87093532, -1.0468092;
 0.31632903, -0.87204647, 0.37345809, -0.60071671;
 0, 0, 0, 1]
Ow:
[0.052221894;
 -0.1315136;
 1.2571998]
Keyframe: 79 Frame: 581 Frame from vFrameID : 582
Tcw:
[0.92215842, 0.21588309, 0.32096478, 0.056142911;
 0.20215234, 0.43846801, -0.87571698, -0.1311366;
 -0.32978529, 0.87243354, 0.36069569, 1.267478;
 0, 0, 0, 1]
Twc:
[0.92215842, 0.20215234, -0.32978529, 0.3927325;
 0.21588309, 0.43846801, 0.87243354, -1.0604115;
 0.32096478, -0.87571698, 0.36069569, -0.59003228;
 0, 0, 0, 1]
Ow:
[0.056142911;
 -0.1311366;
 1.267478]
Keyframe: 80 Frame: 588 Frame from vFrameID : 589
Tcw:
[0.90225393, 0.2137455, 0.37450057, 0.043758482;
 0.25437921, 0.43743515, -0.86252058, -0.14359286;
 -0.34817961, 0.87347776, 0.34030518, 1.2882236;
 0, 0, 0, 1]
Twc:
[0.90225393, 0.25437921, -0.34817961, 0.44557899;
 0.2137455, 0.43743515, 0.87347776, -1.0717753;
 0.37450057, -0.86252058, 0.34030518, -0.57862854;
 0, 0, 0, 1]
Ow:
[0.043758482;
 -0.14359286;
 1.2882236]
Keyframe: 81 Frame: 594 Frame from vFrameID : 595
Tcw:
[0.9003818, 0.20400482, 0.38431054, 0.038045868;
 0.26102167, 0.4534148, -0.8522222, -0.15510514;
 -0.34810954, 0.86763877, 0.35499677, 1.2968029;
 0, 0, 0, 1]
Twc:
[0.9003818, 0.26102167, -0.34810954, 0.45765945;
 0.20400482, 0.4534148, 0.86763877, -1.0625911;
 0.38431054, -0.8522222, 0.35499677, -0.60716629;
 0, 0, 0, 1]
Ow:
[0.038045868;
 -0.15510514;
 1.2968029]
Keyframe: 82 Frame: 601 Frame from vFrameID : 602
Tcw:
[0.91582394, 0.20415688, 0.34581283, 0.045996338;
 0.23744434, 0.41918379, -0.87630194, -0.15326041;
 -0.3238622, 0.88464963, 0.33542264, 1.3373206;
 0, 0, 0, 1]
Twc:
[0.91582394, 0.23744434, -0.3238622, 0.42737383;
 0.20415688, 0.41918379, 0.88464963, -1.1282063;
 0.34581283, -0.87630194, 0.33542264, -0.5987761;
 0, 0, 0, 1]
Ow:
[0.045996338;
 -0.15326041;
 1.3373206]
Keyframe: 83 Frame: 608 Frame from vFrameID : 609
Tcw:
[0.93239963, 0.19959986, 0.30131516, 0.060524851;
 0.18499103, 0.4526476, -0.87228924, -0.15586638;
 -0.31049839, 0.86906272, 0.38512427, 1.3313419;
 0, 0, 0, 1]
Twc:
[0.93239963, 0.18499103, -0.31049839, 0.38578004;
 0.19959986, 0.4526476, 0.86906272, -1.0985478;
 0.30131516, -0.87228924, 0.38512427, -0.66692966;
 0, 0, 0, 1]
Ow:
[0.060524851;
 -0.15586638;
 1.3313419]
Keyframe: 84 Frame: 613 Frame from vFrameID : 614
Tcw:
[0.92605537, 0.1904707, 0.32579491, 0.0623312;
 0.21300694, 0.44882703, -0.86786079, -0.15947825;
 -0.31152761, 0.87308371, 0.37506711, 1.3397167;
 0, 0, 0, 1]
Twc:
[0.92605537, 0.21300694, -0.31152761, 0.3936066;
 0.1904707, 0.44882703, 0.87308371, -1.109979;
 0.32579491, -0.86786079, 0.37506711, -0.66119581;
 0, 0, 0, 1]
Ow:
[0.0623312;
 -0.15947825;
 1.3397167]
Keyframe: 85 Frame: 619 Frame from vFrameID : 620
Tcw:
[0.91727608, 0.20232958, 0.34302667, 0.065108597;
 0.23363008, 0.42416397, -0.87492967, -0.15785295;
 -0.32252368, 0.88269341, 0.34180519, 1.3557279;
 0, 0, 0, 1]
Twc:
[0.91727608, 0.23363008, -0.32252368, 0.41441104;
 0.20232958, 0.42416397, 0.88269341, -1.14291;
 0.34302667, -0.87492967, 0.34180519, -0.62383908;
 0, 0, 0, 1]
Ow:
[0.065108597;
 -0.15785295;
 1.3557279]
Keyframe: 86 Frame: 625 Frame from vFrameID : 626
Tcw:
[0.92130935, 0.19219969, 0.33800641, 0.076033697;
 0.23331904, 0.42212966, -0.87599587, -0.15326703;
 -0.31104866, 0.88592654, 0.34406817, 1.3641839;
 0, 0, 0, 1]
Twc:
[0.92130935, 0.23331904, -0.31104866, 0.39003718;
 0.19219969, 0.42212966, 0.88592654, -1.1584818;
 0.33800641, -0.87599587, 0.34406817, -0.62933344;
 0, 0, 0, 1]
Ow:
[0.076033697;
 -0.15326703;
 1.3641839]
Keyframe: 87 Frame: 631 Frame from vFrameID : 632
Tcw:
[0.9275251, 0.1724477, 0.33160058, 0.08097364;
 0.23561265, 0.41894874, -0.87690854, -0.17970571;
 -0.2901445, 0.89148402, 0.34795463, 1.379447;
 0, 0, 0, 1]
Twc:
[0.9275251, 0.23561265, -0.2901445, 0.36747479;
 0.1724477, 0.41894874, 0.89148402, -1.168431;
 0.33160058, -0.87690854, 0.34795463, -0.66442132;
 0, 0, 0, 1]
Ow:
[0.08097364;
 -0.17970571;
 1.379447]
Keyframe: 88 Frame: 636 Frame from vFrameID : 637
Tcw:
[0.94284451, 0.16432691, 0.28989798, 0.086421847;
 0.20334634, 0.40548551, -0.89119679, -0.15772033;
 -0.26399705, 0.89920974, 0.34889454, 1.3924962;
 0, 0, 0, 1]
Twc:
[0.94284451, 0.20334634, -0.26399705, 0.31820437;
 0.16432691, 0.40548551, 0.89920974, -1.2023942;
 0.28989798, -0.89119679, 0.34889454, -0.65144765;
 0, 0, 0, 1]
Ow:
[0.086421847;
 -0.15772033;
 1.3924962]
Keyframe: 89 Frame: 641 Frame from vFrameID : 642
Tcw:
[0.94615841, 0.15011474, 0.28679222, 0.083014652;
 0.2041961, 0.41067427, -0.88862288, -0.16596797;
 -0.25117359, 0.89933985, 0.3579101, 1.3921319;
 0, 0, 0, 1]
Twc:
[0.94615841, 0.2041961, -0.25117359, 0.30501178;
 0.15011474, 0.41067427, 0.89933985, -1.1963027;
 0.28679222, -0.88862288, 0.3579101, -0.66954893;
 0, 0, 0, 1]
Ow:
[0.083014652;
 -0.16596797;
 1.3921319]
Keyframe: 90 Frame: 646 Frame from vFrameID : 647
Tcw:
[0.94618154, 0.14192741, 0.29085588, 0.063495785;
 0.21118966, 0.41022453, -0.88719487, -0.14746523;
 -0.24523349, 0.90087318, 0.35817328, 1.3955615;
 0, 0, 0, 1]
Twc:
[0.94618154, 0.21118966, -0.24523349, 0.31330299;
 0.14192741, 0.41022453, 0.90087318, -1.2057418;
 0.29085588, -0.88719487, 0.35817328, -0.64915133;
 0, 0, 0, 1]
Ow:
[0.063495785;
 -0.14746523;
 1.3955615]
Keyframe: 91 Frame: 652 Frame from vFrameID : 653
Tcw:
[0.92716181, 0.15623042, 0.34053347, 0.071604073;
 0.24991296, 0.41927159, -0.87278569, -0.17447621;
 -0.27913168, 0.89431727, 0.34968859, 1.4097791;
 0, 0, 0, 1]
Twc:
[0.92716181, 0.24991296, -0.27913168, 0.3707293;
 0.15623042, 0.41927159, 0.89431727, -1.1988236;
 0.34053347, -0.87278569, 0.34968859, -0.66964757;
 0, 0, 0, 1]
Ow:
[0.071604073;
 -0.17447621;
 1.4097791]
Keyframe: 92 Frame: 656 Frame from vFrameID : 657
Tcw:
[0.92174453, 0.13111025, 0.36496186, 0.062727258;
 0.27475846, 0.44335076, -0.85319865, -0.16826612;
 -0.27366921, 0.88670748, 0.37263247, 1.4024169;
 0, 0, 0, 1]
Twc:
[0.92174453, 0.27475846, -0.27366921, 0.37221241;
 0.13111025, 0.44335076, 0.88670748, -1.177157;
