Keyframe: 0 Frame: 0 Frame from vFrameID : 70
Tcw:
[1, 0, 0, 0;
 0, 1, 0, 0;
 0, 0, 1, 0;
 0, 0, 0, 1]
Twc:
[1, 0, 0, 0;
 0, 1, 0, 0;
 0, 0, 1, 0;
 0, 0, 0, 1]
Ow:
[0;
 0;
 0]
Keyframe: 1 Frame: 69 Frame from vFrameID : 70
Tcw:
[0.99966145, 0.025941391, -0.0020048725, 0.016311761;
 -0.025948839, 0.99965614, -0.0037829352, 0.00022177902;
 0.0019060485, 0.0038336786, 0.99999082, 0.0016730317;
 0, 0, 0, 1]
Twc:
[0.99966145, -0.025948839, 0.0019060485, -0.016303673;
 0.025941391, 0.99965614, 0.0038336786, -0.00065126637;
 -0.0020048725, -0.0037829352, 0.99999082, -0.0016394744;
 0, 0, 0, 1]
Ow:
[0.016311761;
 0.00022177902;
 0.0016730317]
Keyframe: 2 Frame: 70 Frame from vFrameID : 71
Tcw:
[0.99956727, 0.028099025, -0.0086983526, 0.018177686;
 -0.028094606, 0.99960506, 0.00062978512, 0.0011586768;
 0.008712613, -0.00038513582, 0.99996197, 0.00029860006;
 0, 0, 0, 1]
Twc:
[0.99956727, -0.028094606, 0.008712613, -0.018139869;
 0.028099025, 0.99960506, -0.00038513582, -0.0016688794;
 -0.0086983526, 0.00062978512, 0.99996197, -0.0001412025;
 0, 0, 0, 1]
Ow:
[0.018177686;
 0.0011586768;
 0.00029860006]
Keyframe: 3 Frame: 71 Frame from vFrameID : 72
Tcw:
[0.9995659, 0.02813396, -0.008742962, 0.01820584;
 -0.028130319, 0.99960411, 0.0005392328, 0.0012232921;
 0.0087546716, -0.00029305642, 0.99996161, 0.00030507409;
 0, 0, 0, 1]
Twc:
[0.9995659, -0.028130319, 0.0087546716, -0.018166197;
 0.02813396, 0.99960411, -0.00029305642, -0.0017349209;
 -0.008742962, 0.0005392328, 0.99996161, -0.00014654906;
 0, 0, 0, 1]
Ow:
[0.01820584;
 0.0012232921;
 0.00030507409]
Keyframe: 4 Frame: 72 Frame from vFrameID : 73
Tcw:
[0.99952036, 0.028214945, -0.012764226, 0.018791037;
 -0.028162394, 0.99959421, 0.0042782393, 0.0014350837;
 0.012879756, -0.0039167162, 0.9999094, -0.00054121431;
 0, 0, 0, 1]
Twc:
[0.99952036, -0.028162394, 0.012879756, -0.018734638;
 0.028214945, 0.99959421, -0.0039167162, -0.0019668092;
 -0.012764226, 0.0042782393, 0.9999094, 0.00077487866;
 0, 0, 0, 1]
Ow:
[0.018791037;
 0.0014350837;
 -0.00054121431]
Keyframe: 5 Frame: 73 Frame from vFrameID : 74
Tcw:
[0.99947113, 0.027531723, -0.017303513, 0.019488964;
 -0.027384603, 0.99958724, 0.0086824475, 0.001687104;
 0.017535415, -0.0082040057, 0.9998126, -0.00084734522;
 0, 0, 0, 1]
Twc:
[0.99947113, -0.027384603, 0.017535415, -0.019417599;
 0.027531723, 0.99958724, -0.0082040057, -0.0022299241;
 -0.017303513, 0.0086824475, 0.9998126, 0.0011697657;
 0, 0, 0, 1]
Ow:
[0.019488964;
 0.001687104;
 -0.00084734522]
Keyframe: 6 Frame: 74 Frame from vFrameID : 75
Tcw:
[0.99938542, 0.028393628, -0.020557288, 0.020721154;
 -0.028119873, 0.99951357, 0.013485598, 0.0020498589;
 0.020930193, -0.012899242, 0.99969774, -0.001990064;
 0, 0, 0, 1]
Twc:
[0.99938542, -0.028119873, 0.020930193, -0.020609125;
 0.028393628, 0.99951357, -0.012899242, -0.0026628808;
 -0.020557288, 0.013485598, 0.99969774, 0.0023877898;
 0, 0, 0, 1]
Ow:
[0.020721154;
 0.0020498589;
 -0.001990064]
Keyframe: 7 Frame: 75 Frame from vFrameID : 76
Tcw:
[0.99924898, 0.030833302, -0.023467885, 0.021600258;
 -0.030287879, 0.99927074, 0.023252305, 0.0019912852;
 0.024167717, -0.02252405, 0.99945414, -0.0022927239;
 0, 0, 0, 1]
Twc:
[0.99924898, -0.030287879, 0.024167717, -0.021468315;
 0.030833302, 0.99927074, -0.02252405, -0.0027074816;
 -0.023467885, 0.023252305, 0.99945414, 0.0027520829;
 0, 0, 0, 1]
Ow:
[0.021600258;
 0.0019912852;
 -0.0022927239]
Keyframe: 8 Frame: 76 Frame from vFrameID : 77
Tcw:
[0.99925011, 0.030772366, -0.023500932, 0.021593103;
 -0.030226767, 0.99927312, 0.023228696, 0.0020057221;
 0.024198653, -0.022500919, 0.9994539, -0.0022462432;
 0, 0, 0, 1]
Twc:
[0.99925011, -0.030226767, 0.024198653, -0.021461926;
 0.030772366, 0.99927312, -0.022500919, -0.0027192775;
 -0.023500932, 0.023228696, 0.9994539, 0.0027058844;
 0, 0, 0, 1]
Ow:
[0.021593103;
 0.0020057221;
 -0.0022462432]
Keyframe: 9 Frame: 78 Frame from vFrameID : 79
Tcw:
[0.99915403, 0.030800082, -0.027250772, 0.021187903;
 -0.030142747, 0.99925232, 0.024212422, 0.0018951917;
 0.027976142, -0.023370525, 0.99933535, -0.0026070012;
 0, 0, 0, 1]
Twc:
[0.99915403, -0.030142747, 0.027976142, -0.02103992;
 0.030800082, 0.99925232, -0.023370525, -0.0026072909;
 -0.027250772, 0.024212422, 0.99933535, 0.003136768;
 0, 0, 0, 1]
Ow:
[0.021187903;
 0.0018951917;
 -0.0026070012]
Keyframe: 10 Frame: 80 Frame from vFrameID : 81
Tcw:
[0.99903107, 0.031489018, -0.030746801, 0.020873342;
 -0.030684045, 0.99918276, 0.02631072, 0.0012057459;
 0.031550173, -0.02534179, 0.99918085, -0.0030288289;
 0, 0, 0, 1]
Twc:
[0.99903107, -0.030684045, 0.031550173, -0.020720562;
 0.031489018, 0.99918276, -0.02534179, -0.0019387975;
 -0.030746801, 0.02631072, 0.99918085, 0.0036364123;
 0, 0, 0, 1]
Ow:
[0.020873342;
 0.0012057459;
 -0.0030288289]
Keyframe: 11 Frame: 82 Frame from vFrameID : 83
Tcw:
[0.99895966, 0.031206723, -0.033253126, 0.0195673;
 -0.030459777, 0.99927735, 0.022737222, 0.0009708525;
 0.03393865, -0.021700684, 0.9991883, -0.0025995579;
 0, 0, 0, 1]
Twc:
[0.99895966, -0.030459777, 0.03393865, -0.019429145;
 0.031206723, 0.99927735, -0.021700684, -0.0016371944;
 -0.033253126, 0.022737222, 0.9991883, 0.0032260471;
 0, 0, 0, 1]
Ow:
[0.0195673;
 0.0009708525;
 -0.0025995579]
Keyframe: 12 Frame: 84 Frame from vFrameID : 85
Tcw:
[0.99894309, 0.028064508, -0.036402091, 0.017869968;
 -0.027660653, 0.99955064, 0.011550987, 0.00063410355;
 0.036709905, -0.010531873, 0.99927044, -0.0020819798;
 0, 0, 0, 1]
Twc:
[0.99894309, -0.027660653, 0.036709905, -0.017757112;
 0.028064508, 0.99955064, -0.010531873, -0.0011572576;
 -0.036402091, 0.011550987, 0.99927044, 0.0027236405;
 0, 0, 0, 1]
Ow:
[0.017869968;
 0.00063410355;
 -0.0020819798]
Keyframe: 13 Frame: 86 Frame from vFrameID : 87
Tcw:
[0.99895608, 0.024094185, -0.038809706, 0.016354805;
 -0.024058972, 0.99970961, 0.001374192, 0.00025177831;
 0.038831547, -0.00043903579, 0.9992457, -0.0012093326;
 0, 0, 0, 1]
Twc:
[0.99895608, -0.024058972, 0.038831547, -0.016284715;
 0.024094185, 0.99970961, -0.00043903579, -0.00064629182;
 -0.038809706, 0.001374192, 0.9992457, 0.0018427995;
 0, 0, 0, 1]
Ow:
[0.016354805;
 0.00025177831;
 -0.0012093326]
Keyframe: 14 Frame: 88 Frame from vFrameID : 89
Tcw:
[0.99910283, 0.019683449, -0.037497994, 0.014265361;
 -0.019955685, 0.99977708, -0.0068996237, -6.3969375e-05;
 0.037353829, 0.0076417318, 0.99927288, 0.00035196738;
 0, 0, 0, 1]
Twc:
[0.99910283, -0.019955685, 0.037353829, -0.014266986;
 0.019683449, 0.99977708, 0.0076417318, -0.00021952602;
 -0.037497994, -0.0068996237, 0.99927288, 0.00018276964;
 0, 0, 0, 1]
Ow:
[0.014265361;
 -6.3969375e-05;
 0.00035196738]
Keyframe: 15 Frame: 90 Frame from vFrameID : 91
Tcw:
[0.99936455, 0.016099658, -0.031801041, 0.011614576;
 -0.016548857, 0.99976623, -0.013912983, -0.00025507121;
 0.031569611, 0.014430413, 0.9993974, 0.0019778269;
 0, 0, 0, 1]
Twc:
[0.99936455, -0.016548857, 0.031569611, -0.011673856;
 0.016099658, 0.99976623, 0.014430413, 3.9480052e-05;
 -0.031801041, -0.013912983, 0.9993974, -0.0016108283;
 0, 0, 0, 1]
Ow:
[0.011614576;
 -0.00025507121;
 0.0019778269]
Keyframe: 16 Frame: 93 Frame from vFrameID : 94
Tcw:
[0.99975759, 0.0098850969, -0.019675089, 0.0085108234;
 -0.010231396, 0.99979311, -0.017578728, -0.00056967087;
 0.019497251, 0.01777577, 0.99965185, 0.0044589168;
 0, 0, 0, 1]
Twc:
[0.99975759, -0.010231396, 0.019497251, -0.0086015249;
 0.0098850969, 0.99979311, 0.01777577, 0.00040616206;
 -0.019675089, -0.017578728, 0.99965185, -0.0042999275;
 0, 0, 0, 1]
Ow:
[0.0085108234;
 -0.00056967087;
 0.0044589168]
Keyframe: 17 Frame: 96 Frame from vFrameID : 97
Tcw:
[0.99992436, -0.0080382777, -0.0093064057, 0.0022797764;
 0.0077749635, 0.99957788, -0.027992502, -0.00034329182;
 0.0095274886, 0.027918028, 0.99956483, 0.010446605;
 0, 0, 0, 1]
Twc:
[0.99992436, 0.0077749635, 0.0095274886, -0.0023764649;
 -0.0080382777, 0.99957788, 0.027918028, 6.9823771e-05;
 -0.0093064057, -0.027992502, 0.99956483, -0.010430452;
 0, 0, 0, 1]
Ow:
[0.0022797764;
 -0.00034329182;
 0.010446605]
Keyframe: 18 Frame: 99 Frame from vFrameID : 100
Tcw:
[0.99993217, -0.011604777, -0.00098655978, 0.0011112835;
 0.011576203, 0.99961472, -0.025227496, -0.00055744941;
 0.0012789392, 0.025214365, 0.99968123, 0.013880029;
 0, 0, 0, 1]
Twc:
[0.99993217, 0.011576203, 0.0012789392, -0.0011225067;
 -0.011604777, 0.99961472, 0.025214365, 0.00022015466;
 -0.00098655978, -0.025227496, 0.99968123, -0.013888572;
 0, 0, 0, 1]
Ow:
[0.0011112835;
 -0.00055744941;
 0.013880029]
Keyframe: 19 Frame: 102 Frame from vFrameID : 103
Tcw:
[0.99985546, -0.0078321137, 0.015091185, 0.00038512272;
 0.0081186192, 0.9997862, -0.019018164, -0.00098510005;
 -0.014939006, 0.019137936, 0.99970526, 0.019573854;
 0, 0, 0, 1]
Twc:
[0.99985546, 0.0081186192, -0.014939006, -8.4655498e-05;
 -0.0078321137, 0.9997862, 0.019137936, 0.00061330263;
 0.015091185, -0.019018164, 0.99970526, -0.01959263;
 0, 0, 0, 1]
Ow:
[0.00038512272;
 -0.00098510005;
 0.019573854]
Keyframe: 20 Frame: 105 Frame from vFrameID : 106
Tcw:
[0.99964923, 0.0018277977, 0.026420468, 0.00066142582;
 -0.0013633794, 0.99984443, -0.017585315, -0.0010358467;
 -0.026448501, 0.017543126, 0.99949622, 0.027259184;
 0, 0, 0, 1]
Twc:
[0.99964923, -0.0013633794, -0.026448501, 5.8358466e-05;
 0.0018277977, 0.99984443, 0.017543126, 0.0005562653;
 0.026420468, -0.017585315, 0.99949622, -0.027281143;
 0, 0, 0, 1]
Ow:
[0.00066142582;
 -0.0010358467;
 0.027259184]
Keyframe: 21 Frame: 108 Frame from vFrameID : 109
Tcw:
[0.99950331, 0.00078332186, 0.031503476, 0.0018117768;
 -5.7421577e-05, 0.99973464, -0.023036217, -0.003047301;
 -0.031513162, 0.023022966, 0.99923813, 0.036271874;
 0, 0, 0, 1]
Twc:
[0.99950331, -5.7421577e-05, -0.031513162, -0.00066801067;
 0.00078332186, 0.99973464, 0.023022966, 0.002209987;
 0.031503476, -0.023036217, 0.99923813, -0.036371514;
 0, 0, 0, 1]
Ow:
[0.0018117768;
 -0.003047301;
 0.036271874]
Keyframe: 22 Frame: 112 Frame from vFrameID : 113
Tcw:
[0.99873275, 0.012271092, 0.048808459, 0.0048939027;
 -0.0089262463, 0.99763399, -0.068166949, -0.0029951325;
 -0.049529463, 0.067644887, 0.99647933, 0.04621974;
 0, 0, 0, 1]
Twc:
[0.99873275, -0.0089262463, -0.049529463, -0.0026251976;
 0.012271092, 0.99763399, 0.067644887, -0.00019853667;
 0.048808459, -0.068166949, 0.99647933, -0.046500046;
 0, 0, 0, 1]
Ow:
[0.0048939027;
 -0.0029951325;
 0.04621974]
Keyframe: 23 Frame: 115 Frame from vFrameID : 116
Tcw:
[0.9992038, 0.02244794, 0.032982584, 0.0069422517;
 -0.020647461, 0.99833012, -0.053950667, -0.0061722947;
 -0.034138586, 0.053226706, 0.99799871, 0.054323506;
 0, 0, 0, 1]
Twc:
[0.9992038, -0.020647461, -0.034138586, -0.0052096387;
 0.02244794, 0.99833012, 0.053226706, 0.0031146868;
 0.032982584, -0.053950667, 0.99799871, -0.054776765;
 0, 0, 0, 1]
Ow:
[0.0069422517;
 -0.0061722947;
 0.054323506]
Keyframe: 24 Frame: 118 Frame from vFrameID : 119
Tcw:
[0.99921191, 0.028017521, 0.028116908, 0.0087951403;
 -0.026068343, 0.99738228, -0.067446254, -0.0079053771;
 -0.029932983, 0.066660143, 0.99732667, 0.05962142;
 0, 0, 0, 1]
Twc:
[0.99921191, -0.026068343, -0.029932983, -0.0072096419;
 0.028017521, 0.99738228, 0.066660143, 0.0036638933;
 0.028116908, -0.067446254, 0.99732667, -0.060242511;
 0, 0, 0, 1]
Ow:
[0.0087951403;
 -0.0079053771;
 0.05962142]
Keyframe: 25 Frame: 121 Frame from vFrameID : 122
Tcw:
[0.99918938, 0.030708406, 0.026031082, 0.0088918405;
 -0.02871576, 0.99686378, -0.073743209, -0.0067040101;
 -0.02821398, 0.072935931, 0.99693745, 0.06620609;
 0, 0, 0, 1]
Twc:
[0.99918938, -0.02871576, -0.02821398, -0.007209206;
 0.030708406, 0.99686378, 0.072935931, 0.0015811275;
 0.026031082, -0.073743209, 0.99693745, -0.066729173;
 0, 0, 0, 1]
Ow:
[0.0088918405;
 -0.0067040101;
 0.06620609]
Keyframe: 26 Frame: 124 Frame from vFrameID : 125
Tcw:
[0.99907088, 0.030948807, 0.02999153, 0.0080699474;
 -0.028986538, 0.99754232, -0.063789241, -0.0070515526;
 -0.03189202, 0.06286063, 0.99751264, 0.074868165;
 0, 0, 0, 1]
Twc:
[0.99907088, -0.028986538, -0.03189202, -0.0058791526;
 0.030948807, 0.99754232, 0.06286063, 0.0020782079;
 0.02999153, -0.063789241, 0.99751264, -0.075373776;
 0, 0, 0, 1]
Ow:
[0.0080699474;
 -0.0070515526;
 0.074868165]
Keyframe: 27 Frame: 127 Frame from vFrameID : 128
Tcw:
[0.99880862, 0.021285763, 0.043912329, 0.005979632;
 -0.01879538, 0.99823326, -0.056366134, -0.0054858034;
 -0.045034543, 0.055473629, 0.99744403, 0.084404185;
 0, 0, 0, 1]
Twc:
[0.99880862, -0.01879538, -0.045034543, -0.0022745114;
 0.021285763, 0.99823326, 0.055473629, 0.00066662347;
 0.043912329, -0.056366134, 0.99744403, -0.084760249;
 0, 0, 0, 1]
Ow:
[0.005979632;
 -0.0054858034;
 0.084404185]
Keyframe: 28 Frame: 130 Frame from vFrameID : 131
Tcw:
[0.99818921, 0.018633978, 0.057192799, 0.0037919525;
 -0.016694915, 0.99927568, -0.034196552, -0.0053938222;
 -0.057788592, 0.033179805, 0.99777734, 0.094857924;
 0, 0, 0, 1]
Twc:
[0.99818921, -0.016694915, -0.057788592, 0.0016065699;
 0.018633978, 0.99927568, 0.033179805, 0.0021718894;
 0.057192799, -0.034196552, 0.99777734, -0.095048405;
 0, 0, 0, 1]
Ow:
[0.0037919525;
 -0.0053938222;
 0.094857924]
Keyframe: 29 Frame: 134 Frame from vFrameID : 135
Tcw:
[0.99654448, -0.0023431808, 0.083027959, 0.0018961118;
 0.0045257793, 0.99964887, -0.026109062, -0.008584056;
 -0.082937628, 0.026394607, 0.99620515, 0.10717258;
 0, 0, 0, 1]
Twc:
[0.99654448, 0.0045257793, -0.082937628, 0.0070379283;
 -0.0023431808, 0.99964887, 0.026394607, 0.0057567065;
 0.083027959, -0.026109062, 0.99620515, -0.10714743;
 0, 0, 0, 1]
Ow:
[0.0018961118;
 -0.008584056;
 0.10717258]
Keyframe: 30 Frame: 138 Frame from vFrameID : 139
Tcw:
[0.99338967, -0.0046944944, 0.11469506, 0.0042160181;
 0.0097803036, 0.99899161, -0.043819603, -0.01221115;
 -0.11437368, 0.044651695, 0.99243385, 0.12604186;
 0, 0, 0, 1]
Twc:
[0.99338967, 0.0097803036, -0.11437368, 0.010347153;
 -0.0046944944, 0.99899161, 0.044651695, 0.0065906453;
 0.11469506, -0.043819603, 0.99243385, -0.12610686;
 0, 0, 0, 1]
Ow:
[0.0042160181;
 -0.01221115;
 0.12604186]
Keyframe: 31 Frame: 141 Frame from vFrameID : 142
Tcw:
[0.99268383, -0.0025707446, 0.12071526, 0.0049907919;
 0.0089825606, 0.99857521, -0.052601144, -0.01238877;
 -0.12040804, 0.053300638, 0.99129254, 0.13256185;
 0, 0, 0, 1]
Twc:
[0.99268383, 0.0089825606, -0.12040804, 0.011118518;
 -0.0025707446, 0.99857521, 0.053300638, 0.0053183166;
 0.12071526, -0.052601144, 0.99129254, -0.13266172;
 0, 0, 0, 1]
Ow:
[0.0049907919;
 -0.01238877;
 0.13256185]
Keyframe: 32 Frame: 145 Frame from vFrameID : 146
Tcw:
[0.99446774, 0.0077988268, 0.10475258, 0.0091273077;
 -0.0024808864, 0.99870569, -0.05080134, -0.016057178;
 -0.10501318, 0.050260417, 0.99319994, 0.14718558;
 0, 0, 0, 1]
Twc:
[0.99446774, -0.0024808864, -0.10501318, 0.0063397759;
 0.0077988268, 0.99870569, 0.050260417, 0.0085676052;
 0.10475258, -0.05080134, 0.99319994, -0.14795654;
 0, 0, 0, 1]
Ow:
[0.0091273077;
 -0.016057178;
 0.14718558]
Keyframe: 33 Frame: 149 Frame from vFrameID : 150
Tcw:
[0.99617469, 0.02087252, 0.084854648, 0.016924895;
 -0.017340118, 0.99896061, -0.042154904, -0.019020678;
 -0.085646331, 0.040522259, 0.99550122, 0.15753505;
 0, 0, 0, 1]
Twc:
[0.99617469, -0.017340118, -0.085646331, -0.0036976745;
 0.02087252, 0.99896061, 0.040522259, 0.012263967;
 0.084854648, -0.042154904, 0.99550122, -0.15906431;
 0, 0, 0, 1]
Ow:
[0.016924895;
 -0.019020678;
 0.15753505]
Keyframe: 34 Frame: 153 Frame from vFrameID : 154
Tcw:
[0.99508256, 0.030289561, 0.094304286, 0.017864054;
 -0.025914421, 0.99854559, -0.047277998, -0.02028871;
 -0.095599152, 0.044601671, 0.99442017, 0.17033653;
 0, 0, 0, 1]
Twc:
[0.99508256, -0.025914421, -0.095599152, -0.0020179483;
 0.030289561, 0.99854559, 0.044601671, 0.012120812;
 0.094304286, -0.047277998, 0.99442017, -0.17202996;
 0, 0, 0, 1]
Ow:
[0.017864054;
 -0.02028871;
 0.17033653]
Keyframe: 35 Frame: 157 Frame from vFrameID : 158
Tcw:
[0.99379331, 0.032718882, 0.10632157, 0.018626913;
 -0.028672863, 0.99881351, -0.039363228, -0.021156244;
 -0.10748334, 0.036070369, 0.99355233, 0.1849476;
 0, 0, 0, 1]
Twc:
[0.99379331, -0.028672863, -0.10748334, 0.00076087459;
 0.032718882, 0.99881351, 0.036070369, 0.013850561;
 0.10632157, -0.039363228, 0.99355233, -0.18656833;
 0, 0, 0, 1]
Ow:
[0.018626913;
 -0.021156244;
 0.1849476]
Keyframe: 36 Frame: 161 Frame from vFrameID : 162
Tcw:
[0.99053228, 0.031367008, 0.13364841, 0.016483054;
 -0.027475944, 0.99914598, -0.030860156, -0.019820981;
 -0.13450226, 0.026895864, 0.99054819, 0.19558707;
 0, 0, 0, 1]
Twc:
[0.99053228, -0.027475944, -0.13450226, 0.0094353063;
 0.031367008, 0.99914598, 0.026895864, 0.014026545;
 0.13364841, -0.030860156, 0.99054819, -0.19655304;
 0, 0, 0, 1]
Ow:
[0.016483054;
 -0.019820981;
 0.19558707]
Keyframe: 37 Frame: 165 Frame from vFrameID : 166
Tcw:
[0.98951554, 0.017466357, 0.14336634, 0.010489415;
 -0.014113475, 0.99960339, -0.024370614, -0.022871446;
 -0.14373514, 0.022091705, 0.98936957, 0.21014552;
 0, 0, 0, 1]
Twc:
[0.98951554, -0.014113475, -0.14373514, 0.019503063;
 0.017466357, 0.99960339, 0.022091705, 0.01803669;
 0.14336634, -0.024370614, 0.98936957, -0.20997281;
 0, 0, 0, 1]
Ow:
[0.010489415;
 -0.022871446;
 0.21014552]
Keyframe: 38 Frame: 169 Frame from vFrameID : 170
Tcw:
[0.98639452, 0.0019538067, 0.16438393, 0.0082948953;
 -0.00069689768, 0.99997008, -0.0077035041, -0.028677966;
 -0.16439407, 0.0074841352, 0.98636633, 0.22579578;
 0, 0, 0, 1]
Twc:
[0.98639452, -0.00069689768, -0.16439407, 0.02891746;
 0.0019538067, 0.99997008, 0.0074841352, 0.026971014;
 0.16438393, -0.0077035041, 0.98636633, -0.22430183;
 0, 0, 0, 1]
Ow:
[0.0082948953;
 -0.028677966;
 0.22579578]
Keyframe: 39 Frame: 173 Frame from vFrameID : 174
Tcw:
[0.98443741, 0.0020542361, 0.17572373, 0.0086862892;
 0.00020061476, 0.99991786, -0.012813068, -0.029672617;
 -0.17573562, 0.012648916, 0.98435611, 0.23377009;
 0, 0, 0, 1]
Twc:
[0.98443741, 0.00020061476, -0.17573562, 0.032536574;
 0.0020542361, 0.99991786, 0.012648916, 0.0266954;
 0.17572373, -0.012813068, 0.98435611, -0.2320196;
 0, 0, 0, 1]
Ow:
[0.0086862892;
 -0.029672617;
 0.23377009]
Keyframe: 40 Frame: 177 Frame from vFrameID : 178
Tcw:
[0.98625231, 0.0044475528, 0.16518672, 0.0091717578;
 -0.0037224782, 0.99998206, -0.0046987445, -0.031609699;
 -0.16520466, 0.0040192432, 0.98625112, 0.24574684;
 0, 0, 0, 1]
Twc:
[0.98625231, -0.0037224782, -0.16520466, 0.031435184;
 0.0044475528, 0.99998206, 0.0040192432, 0.030580623;
 0.16518672, -0.0046987445, 0.98625112, -0.24403167;
 0, 0, 0, 1]
Ow:
[0.0091717578;
 -0.031609699;
 0.24574684]
Keyframe: 41 Frame: 181 Frame from vFrameID : 182
Tcw:
[0.99168122, 0.010296018, 0.12830575, 0.011176478;
 -0.0066462485, 0.99956191, -0.028841633, -0.033903472;
 -0.12854649, 0.027748954, 0.99131519, 0.2589314;
 0, 0, 0, 1]
Twc:
[0.99168122, -0.0066462485, -0.12854649, 0.02197589;
 0.010296018, 0.99956191, 0.027748954, 0.026588472;
 0.12830575, -0.028841633, 0.99131519, -0.25909448;
 0, 0, 0, 1]
Ow:
[0.011176478;
 -0.033903472;
 0.2589314]
Keyframe: 42 Frame: 185 Frame from vFrameID : 186
Tcw:
[0.99403292, 0.02324608, 0.10657491, 0.020232508;
 -0.020538708, 0.9994396, -0.02643119, -0.034706049;
 -0.10712961, 0.024084561, 0.99395329, 0.27155238;
 0, 0, 0, 1]
Twc:
[0.99403292, -0.020538708, -0.10712961, 0.008266706;
 0.02324608, 0.9994396, 0.024084561, 0.027676053;
 0.10657491, -0.02643119, 0.99395329, -0.272984;
 0, 0, 0, 1]
Ow:
[0.020232508;
 -0.034706049;
 0.27155238]
Keyframe: 43 Frame: 189 Frame from vFrameID : 190
Tcw:
[0.99385929, 0.037583128, 0.10407305, 0.021833053;
 -0.034178864, 0.99882686, -0.034303352, -0.03627399;
 -0.10524018, 0.030535609, 0.9939779, 0.28423026;
 0, 0, 0, 1]
Twc:
[0.99385929, -0.034178864, -0.10524018, 0.0069736606;
 0.037583128, 0.99882686, 0.030535609, 0.026731735;
 0.10407305, -0.034303352, 0.9939779, -0.28603518;
 0, 0, 0, 1]
Ow:
[0.021833053;
 -0.03627399;
 0.28423026]
Keyframe: 44 Frame: 193 Frame from vFrameID : 194
Tcw:
[0.99275994, 0.044213604, 0.11168189, 0.025737863;
 -0.042556584, 0.99894637, -0.017178686, -0.037115816;
 -0.11232375, 0.012301512, 0.99359554, 0.29354802;
 0, 0, 0, 1]
Twc:
[0.99275994, -0.042556584, -0.11232375, 0.0058413735;
 0.044213604, 0.99894637, 0.012301512, 0.032327659;
 0.11168189, -0.017178686, 0.99359554, -0.29518005;
 0, 0, 0, 1]
Ow:
[0.025737863;
 -0.037115816;
 0.29354802]
Keyframe: 45 Frame: 197 Frame from vFrameID : 198
Tcw:
[0.99184936, 0.040818874, 0.12070047, 0.024826905;
 -0.03786258, 0.99892652, -0.026686564, -0.036914259;
 -0.12166022, 0.02189902, 0.99233019, 0.30984846;
 0, 0, 0, 1]
Twc:
[0.99184936, -0.03786258, -0.12166022, 0.01167401;
 0.040818874, 0.99892652, 0.02189902, 0.02907585;
 0.12070047, -0.026686564, 0.99233019, -0.3114537;
 0, 0, 0, 1]
Ow:
[0.024826905;
 -0.036914259;
 0.30984846]
Keyframe: 46 Frame: 201 Frame from vFrameID : 202
Tcw:
[0.99060845, 0.034430433, 0.13232304, 0.020135365;
 -0.030102387, 0.99894881, -0.034571148, -0.039768446;
 -0.13337423, 0.030263232, 0.99060357, 0.32517952;
 0, 0, 0, 1]
Twc:
[0.99060845, -0.030102387, -0.13337423, 0.022227187;
 0.034430433, 0.99894881, 0.030263232, 0.029192388;
 0.13232304, -0.034571148, 0.99060357, -0.32616323;
 0, 0, 0, 1]
Ow:
[0.020135365;
 -0.039768446;
 0.32517952]
Keyframe: 47 Frame: 206 Frame from vFrameID : 207
Tcw:
[0.99232996, 0.022493627, 0.12155365, 0.018102376;
 -0.018945502, 0.99936229, -0.03026724, -0.042285249;
 -0.12215696, 0.027732193, 0.99212331, 0.34134901;
 0, 0, 0, 1]
Twc:
[0.99232996, -0.018945502, -0.12215696, 0.022933507;
 0.022493627, 0.99936229, 0.027732193, 0.032384738;
 0.12155365, -0.03026724, 0.99212331, -0.34214056;
 0, 0, 0, 1]
Ow:
[0.018102376;
 -0.042285249;
 0.34134901]
Keyframe: 48 Frame: 210 Frame from vFrameID : 211
Tcw:
[0.99347448, 0.019662965, 0.11234697, 0.018270807;
 -0.016436704, 0.9994275, -0.029571457, -0.044502959;
 -0.11286412, 0.027531873, 0.99322891, 0.35571522;
 0, 0, 0, 1]
Twc:
[0.99347448, -0.016436704, -0.11286412, 0.021264419;
 0.019662965, 0.9994275, 0.027531873, 0.034324721;
 0.11234697, -0.029571457, 0.99322891, -0.35667533;
 0, 0, 0, 1]
Ow:
[0.018270807;
 -0.044502959;
 0.35571522]
Keyframe: 49 Frame: 214 Frame from vFrameID : 215
Tcw:
[0.99537736, 0.022259116, 0.093426049, 0.020443728;
 -0.019165926, 0.99924225, -0.033876225, -0.044288374;
 -0.094109312, 0.031929031, 0.99504972, 0.36671507;
 0, 0, 0, 1]
Twc:
[0.99537736, -0.019165926, -0.094109312, 0.013313253;
 0.022259116, 0.99924225, 0.031929031, 0.032090899;
 0.093426049, -0.033876225, 0.99504972, -0.36831006;
 0, 0, 0, 1]
Ow:
[0.020443728;
 -0.044288374;
 0.36671507]
Keyframe: 50 Frame: 218 Frame from vFrameID : 219
Tcw:
[0.99531293, 0.018715788, 0.094878174, 0.023399014;
 -0.014412831, 0.99884498, -0.045836601, -0.04548097;
 -0.095626451, 0.044254299, 0.99443305, 0.3819589;
 0, 0, 0, 1]
Twc:
[0.99531293, -0.014412831, -0.095626451, 0.012580525;
 0.018715788, 0.99884498, 0.044254299, 0.028087184;
 0.094878174, -0.045836601, 0.99443305, -0.3841373;
 0, 0, 0, 1]
Ow:
[0.023399014;
 -0.04548097;
 0.3819589]
Keyframe: 51 Frame: 222 Frame from vFrameID : 223
Tcw:
[0.99633771, 0.025372623, 0.081653915, 0.025679434;
 -0.022516951, 0.99910867, -0.035705805, -0.049426179;
 -0.082487077, 0.033736441, 0.99602097, 0.39536628;
 0, 0, 0, 1]
Twc:
[0.99633771, -0.022516951, -0.082487077, 0.0059142923;
 0.025372623, 0.99910867, 0.033736441, 0.035392314;
 0.081653915, -0.035705805, 0.99602097, -0.39765471;
 0, 0, 0, 1]
Ow:
[0.025679434;
 -0.049426179;
 0.39536628]
Keyframe: 52 Frame: 226 Frame from vFrameID : 227
Tcw:
[0.99573696, 0.040587522, 0.082828887, 0.027092285;
 -0.037402306, 0.99851328, -0.039651934, -0.050673783;
 -0.084315121, 0.036384903, 0.99577463, 0.40720302;
 0, 0, 0, 1]
Twc:
[0.99573696, -0.037402306, -0.084315121, 0.0054612649;
 0.040587522, 0.99851328, 0.036384903, 0.034682795;
 0.082828887, -0.039651934, 0.99577463, -0.40973577;
 0, 0, 0, 1]
Ow:
[0.027092285;
 -0.050673783;
 0.40720302]
Keyframe: 53 Frame: 230 Frame from vFrameID : 231
Tcw:
[0.99613261, 0.041728072, 0.077321269, 0.026913255;
 -0.03833067, 0.99825519, -0.044914346, -0.051107358;
 -0.079060547, 0.041776869, 0.99599403, 0.42005423;
 0, 0, 0, 1]
Twc:
[0.99613261, -0.03833067, -0.079060547, 0.0044415672;
 0.041728072, 0.99825519, 0.041776869, 0.032346599;
 0.077321269, -0.044914346, 0.99599403, -0.42274794;
 0, 0, 0, 1]
Ow:
[0.026913255;
 -0.051107358;
 0.42005423]
Keyframe: 54 Frame: 234 Frame from vFrameID : 235
Tcw:
[0.99608248, 0.042542938, 0.077523068, 0.026010465;
 -0.038908329, 0.99809849, -0.047806915, -0.049950905;
 -0.079409502, 0.044603337, 0.99584371, 0.43047619;
 0, 0, 0, 1]
Twc:
[0.99608248, -0.038908329, -0.079409502, 0.0063318266;
 0.042542938, 0.99809849, 0.044603337, 0.029548692;
 0.077523068, -0.047806915, 0.99584371, -0.4330914;
 0, 0, 0, 1]
Ow:
[0.026010465;
 -0.049950905;
 0.43047619]
Keyframe: 55 Frame: 238 Frame from vFrameID : 239
Tcw:
[0.99504191, 0.025031289, 0.096255057, 0.025260346;
 -0.022163641, 0.99928147, -0.03074697, -0.050809331;
 -0.09695553, 0.028461162, 0.99488169, 0.44590583;
 0, 0, 0, 1]
Twc:
[0.99504191, -0.022163641, -0.09695553, 0.016971815;
 0.025031289, 0.99928147, 0.028461162, 0.037449524;
 0.096255057, -0.03074697, 0.99488169, -0.44761723;
 0, 0, 0, 1]
Ow:
[0.025260346;
 -0.050809331;
 0.44590583]
Keyframe: 56 Frame: 242 Frame from vFrameID : 243
Tcw:
[0.99170482, 0.028308997, 0.12537996, 0.024358779;
 -0.025514038, 0.99939013, -0.023842216, -0.051402196;
 -0.12597845, 0.020445492, 0.99182224, 0.45997626;
 0, 0, 0, 1]
Twc:
[0.99170482, -0.025514038, -0.12597845, 0.032478902;
 0.028308997, 0.99939013, 0.020445492, 0.041276835;
 0.12537996, -0.023842216, 0.99182224, -0.46049437;
 0, 0, 0, 1]
Ow:
[0.024358779;
 -0.051402196;
 0.45997626]
Keyframe: 57 Frame: 247 Frame from vFrameID : 248
Tcw:
[0.991597, 0.028711341, 0.12613887, 0.023931228;
 -0.025477815, 0.99930596, -0.027173942, -0.053256698;
 -0.12683153, 0.023731858, 0.99164033, 0.47712693;
 0, 0, 0, 1]
Twc:
[0.991597, -0.025477815, -0.12683153, 0.035427738;
 0.028711341, 0.99930596, 0.023731858, 0.041209538;
 0.12613887, -0.027173942, 0.99164033, -0.47760418;
 0, 0, 0, 1]
Ow:
[0.023931228;
 -0.053256698;
 0.47712693]
Keyframe: 58 Frame: 251 Frame from vFrameID : 252
Tcw:
[0.99253106, 0.028116979, 0.1187078, 0.024471458;
 -0.025825601, 0.99945009, -0.02079734, -0.054783456;
 -0.11922728, 0.017576305, 0.99271142, 0.48833987;
 0, 0, 0, 1]
Twc:
[0.99253106, -0.025825601, -0.11922728, 0.032519933;
 0.028116979, 0.99945009, 0.017576305, 0.045482058;
 0.1187078, -0.02079734, 0.99271142, -0.48882484;
 0, 0, 0, 1]
Ow:
[0.024471458;
 -0.054783456;
 0.48833987]
Keyframe: 59 Frame: 255 Frame from vFrameID : 256
Tcw:
[0.99377364, 0.036282979, 0.10534465, 0.02536514;
 -0.031731896, 0.99850255, -0.044561602, -0.056873485;
 -0.10680372, 0.040941361, 0.99343687, 0.50316238;
 0, 0, 0, 1]
Twc:
[0.99377364, -0.031731896, -0.10680372, 0.026727699;
 0.036282979, 0.99850255, 0.040941361, 0.035267852;
 0.10534465, -0.044561602, 0.99343687, -0.50506645;
 0, 0, 0, 1]
Ow:
[0.02536514;
 -0.056873485;
 0.50316238]
Keyframe: 60 Frame: 259 Frame from vFrameID : 260
Tcw:
[0.99530125, 0.041197509, 0.087625295, 0.027054122;
 -0.036821779, 0.99802059, -0.050980721, -0.058914222;
 -0.089552127, 0.047514655, 0.99484813, 0.51585966;
 0, 0, 0, 1]
Twc:
[0.99530125, -0.036821779, -0.089552127, 0.017100004;
 0.041197509, 0.99802059, 0.047514655, 0.033172153;
 0.087625295, -0.050980721, 0.99484813, -0.51857615;
 0, 0, 0, 1]
Ow:
[0.027054122;
 -0.058914222;
 0.51585966]
Keyframe: 61 Frame: 263 Frame from vFrameID : 264
Tcw:
[0.99514967, 0.046338014, 0.086775079, 0.026896019;
 -0.04300135, 0.99827653, -0.039935131, -0.059158023;
 -0.088476047, 0.036009986, 0.99542719, 0.52815419;
 0, 0, 0, 1]
Twc:
[0.99514967, -0.04300135, -0.088476047, 0.017419551;
 0.046338014, 0.99827653, 0.036009986, 0.038790934;
 0.086775079, -0.039935131, 0.99542719, -0.53043538;
 0, 0, 0, 1]
Ow:
[0.026896019;
 -0.059158023;
 0.52815419]
Keyframe: 62 Frame: 267 Frame from vFrameID : 268
Tcw:
[0.99460113, 0.044349711, 0.093817525, 0.028029237;
 -0.041144874, 0.99851078, -0.03582409, -0.057625983;
 -0.095266595, 0.031770572, 0.99494469, 0.54186326;
 0, 0, 0, 1]
Twc:
[0.99460113, -0.041144874, -0.095266595, 0.021372542;
 0.044349711, 0.99851078, 0.031770572, 0.039081767;
 0.093817525, -0.03582409, 0.99494469, -0.543818;
 0, 0, 0, 1]
Ow:
[0.028029237;
 -0.057625983;
 0.54186326]
Keyframe: 63 Frame: 271 Frame from vFrameID : 272
Tcw:
[0.99410725, 0.031043777, 0.10386088, 0.027455403;
 -0.028086733, 0.99916077, -0.029813932, -0.059394341;
 -0.10469926, 0.026721133, 0.99414486, 0.55324841;
 0, 0, 0, 1]
Twc:
[0.99410725, -0.028086733, -0.10469926, 0.028962893;
 0.031043777, 0.99916077, 0.026721133, 0.043708753;
 0.10386088, -0.029813932, 0.99414486, -0.55463141;
 0, 0, 0, 1]
Ow:
[0.027455403;
 -0.059394341;
 0.55324841]
Keyframe: 64 Frame: 275 Frame from vFrameID : 276
Tcw:
[0.99279851, 0.032002516, 0.11544268, 0.027035814;
 -0.028159851, 0.9989987, -0.034765434, -0.061071213;
 -0.11643966, 0.031264223, 0.99270558, 0.56505638;
 0, 0, 0, 1]
Twc:
[0.99279851, -0.028159851, -0.11643966, 0.037234101;
 0.032002516, 0.9989987, 0.031264223, 0.0424788;
 0.11544268, -0.034765434, 0.99270558, -0.56617886;
 0, 0, 0, 1]
Ow:
[0.027035814;
 -0.061071213;
 0.56505638]
Keyframe: 65 Frame: 279 Frame from vFrameID : 280
Tcw:
[0.99333978, 0.023271831, 0.11284727, 0.028301414;
 -0.020225568, 0.99940145, -0.028064843, -0.063834086;
 -0.11343285, 0.025595525, 0.99321592, 0.57681632;
 0, 0, 0, 1]
Twc:
[0.99333978, -0.020225568, -0.11343285, 0.036025915;
 0.023271831, 0.99940145, 0.025595525, 0.048373334;
 0.11284727, -0.028064843, 0.99321592, -0.57788837;
 0, 0, 0, 1]
Ow:
[0.028301414;
 -0.063834086;
 0.57681632]
Keyframe: 66 Frame: 283 Frame from vFrameID : 284
Tcw:
[0.99432743, 0.016283048, 0.10510854, 0.029212728;
 -0.013756363, 0.99959975, -0.02471924, -0.064560711;
 -0.10546897, 0.023133108, 0.9941535, 0.58870429;
 0, 0, 0, 1]
Twc:
[0.99432743, -0.013756363, -0.10546897, 0.032154899;
 0.016283048, 0.99959975, 0.023133108, 0.050440643;
 0.10510854, -0.02471924, 0.9941535, -0.58992881;
 0, 0, 0, 1]
Ow:
[0.029212728;
 -0.064560711;
 0.58870429]
Keyframe: 67 Frame: 287 Frame from vFrameID : 288
Tcw:
[0.99512124, 0.029287402, 0.094212651, 0.032602806;
 -0.026988389, 0.99930829, -0.025584934, -0.064630121;
 -0.094896801, 0.022917463, 0.99522328, 0.59761107;
 0, 0, 0, 1]
Twc:
[0.99512124, -0.026988389, -0.094896801, 0.02252337;
 0.029287402, 0.99930829, 0.022917463, 0.049934834;
 0.094212651, -0.025584934, 0.99522328, -0.59948158;
 0, 0, 0, 1]
Ow:
[0.032602806;
 -0.064630121;
 0.59761107]
Keyframe: 68 Frame: 291 Frame from vFrameID : 292
Tcw:
[0.99753988, 0.033955209, 0.061329201, 0.035087232;
 -0.031433962, 0.99863905, -0.041617464, -0.066158935;
 -0.062658861, 0.039587259, 0.9972496, 0.60912675;
 0, 0, 0, 1]
Twc:
[0.99753988, -0.031433962, -0.062658861, 0.0010866418;
 0.033955209, 0.99863905, 0.039587259, 0.04076384;
 0.061329201, -0.041617464, 0.9972496, -0.61235666;
 0, 0, 0, 1]
Ow:
[0.035087232;
 -0.066158935;
 0.60912675]
Keyframe: 69 Frame: 295 Frame from vFrameID : 296
Tcw:
[0.99713498, 0.042593416, 0.062510833, 0.038751822;
 -0.040593557, 0.99863327, -0.032921396, -0.0663945;
 -0.063827634, 0.03028954, 0.99750119, 0.61983228;
 0, 0, 0, 1]
Twc:
[0.99713498, -0.040593557, -0.063827634, -0.0017735639;
 0.042593416, 0.99863327, 0.03028954, 0.045878749;
 0.062510833, -0.032921396, 0.99750119, -0.6228916;
 0, 0, 0, 1]
Ow:
[0.038751822;
 -0.0663945;
 0.61983228]
Keyframe: 70 Frame: 299 Frame from vFrameID : 300
Tcw:
[0.99606305, 0.051915251, 0.071855791, 0.039442707;
 -0.050425563, 0.99847674, -0.022393862, -0.068038732;
 -0.072908923, 0.018682329, 0.99716359, 0.63190001;
 0, 0, 0, 1]
Twc:
[0.99606305, -0.050425563, -0.072908923, 0.0033528297;
 0.051915251, 0.99847674, 0.018682329, 0.054082051;
 0.071855791, -0.022393862, 0.99716359, -0.63446552;
 0, 0, 0, 1]
Ow:
[0.039442707;
 -0.068038732;
 0.63190001]
Keyframe: 71 Frame: 303 Frame from vFrameID : 304
Tcw:
[0.99572724, 0.042814791, 0.081818052, 0.037609525;
 -0.040254667, 0.9986546, -0.032688666, -0.068287224;
 -0.083107531, 0.029255435, 0.99611109, 0.64496469;
 0, 0, 0, 1]
Twc:
[0.99572724, -0.040254667, -0.083107531, 0.01340371;
 0.042814791, 0.9986546, 0.029255435, 0.047716383;
 0.081818052, -0.032688666, 0.99611109, -0.64776576;
 0, 0, 0, 1]
Ow:
[0.037609525;
 -0.068287224;
 0.64496469]
Keyframe: 72 Frame: 307 Frame from vFrameID : 308
Tcw:
[0.99412066, 0.034421135, 0.10266137, 0.035951577;
 -0.029647069, 0.99842298, -0.04767213, -0.069509342;
 -0.1041404, 0.04434824, 0.99357337, 0.6544553;
 0, 0, 0, 1]
Twc:
[0.99412066, -0.029647069, -0.1041404, 0.030354286;
 0.034421135, 0.99842298, 0.04434824, 0.039138284;
 0.10266137, -0.04767213, 0.99357337, -0.65725386;
 0, 0, 0, 1]
Ow:
[0.035951577;
 -0.069509342;
 0.6544553]
Keyframe: 73 Frame: 311 Frame from vFrameID : 312
Tcw:
[0.99271989, 0.010983799, 0.11994413, 0.03398218;
 -0.0066807913, 0.99932158, -0.036218468, -0.072932594;
 -0.12026057, 0.035153471, 0.99211979, 0.66796935;
 0, 0, 0, 1]
Twc:
[0.99271989, -0.0066807913, -0.12026057, 0.046108343;
 0.010983799, 0.99932158, 0.035153471, 0.049028423;
 0.11994413, -0.036218468, 0.99211979, -0.66942304;
 0, 0, 0, 1]
Ow:
[0.03398218;
 -0.072932594;
 0.66796935]
Keyframe: 74 Frame: 315 Frame from vFrameID : 316
Tcw:
[0.99186468, 0.0097907819, 0.12691946, 0.033719797;
 -0.0055690417, 0.99942064, -0.033575419, -0.073694393;
 -0.12717466, 0.032595452, 0.99134463, 0.6756286;
 0, 0, 0, 1]
Twc:
[0.99186468, -0.0055690417, -0.12717466, 0.052066963;
 0.0097907819, 0.99942064, 0.032595452, 0.051299132;
 0.12691946, -0.033575419, 0.99134463, -0.67653483;
 0, 0, 0, 1]
Ow:
[0.033719797;
 -0.073694393;
 0.6756286]
Keyframe: 75 Frame: 319 Frame from vFrameID : 320
Tcw:
[0.99447143, 0.013414924, 0.10414735, 0.034750994;
 -0.009947218, 0.99938101, -0.033744454, -0.073799595;
 -0.10453556, 0.032521918, 0.99398923, 0.68601286;
 0, 0, 0, 1]
Twc:
[0.99447143, -0.009947218, -0.10453556, 0.036419775;
 0.013414924, 0.99938101, 0.032521918, 0.050977275;
 0.10414735, -0.033744454, 0.99398923, -0.68799901;
 0, 0, 0, 1]
Ow:
[0.034750994;
 -0.073799595;
 0.68601286]
Keyframe: 76 Frame: 323 Frame from vFrameID : 324
Tcw:
[0.99668336, 0.013252737, 0.080290794, 0.035459854;
 -0.0096693849, 0.99894673, -0.044855237, -0.075614735;
 -0.080800682, 0.043930106, 0.99576169, 0.69793528;
 0, 0, 0, 1]
Twc:
[0.99668336, -0.0096693849, -0.080800682, 0.020320246;
 0.013252737, 0.99894673, 0.043930106, 0.044404779;
 0.080290794, -0.044855237, 0.99576169, -0.70121604;
 0, 0, 0, 1]
Ow:
[0.035459854;
 -0.075614735;
 0.69793528]
Keyframe: 77 Frame: 327 Frame from vFrameID : 328
Tcw:
[0.99659467, 0.028432548, 0.077399313, 0.039247591;
 -0.024802644, 0.99856502, -0.047462512, -0.07673806;
 -0.078637727, 0.045381177, 0.99586982, 0.70648068;
 0, 0, 0, 1]
Twc:
[0.99659467, -0.024802644, -0.078637727, 0.014538787;
 0.028432548, 0.99856502, 0.045381177, 0.043451108;
 0.077399313, -0.047462512, 0.99586982, -0.71024269;
 0, 0, 0, 1]
Ow:
[0.039247591;
 -0.07673806;
 0.70648068]
Keyframe: 78 Frame: 331 Frame from vFrameID : 332
Tcw:
[0.99688965, 0.035699904, 0.070260122, 0.040301081;
 -0.032496374, 0.99840248, -0.046222102, -0.078133315;
 -0.071798004, 0.043795135, 0.99645722, 0.71570301;
 0, 0, 0, 1]
Twc:
[0.99688965, -0.032496374, -0.071798004, 0.0086712688;
 0.035699904, 0.99840248, 0.043795135, 0.045225441;
 0.070260122, -0.046222102, 0.99645722, -0.71961051;
 0, 0, 0, 1]
Ow:
[0.040301081;
 -0.078133315;
 0.71570301]
Keyframe: 79 Frame: 335 Frame from vFrameID : 336
Tcw:
[0.99661076, 0.04114528, 0.071232781, 0.040112384;
 -0.037669618, 0.99806511, -0.049467709, -0.078413382;
 -0.073130317, 0.046616741, 0.99623233, 0.72309101;
 0, 0, 0, 1]
Twc:
[0.99661076, -0.037669618, -0.073130317, 0.0099496394;
 0.04114528, 0.99806511, 0.046616741, 0.042903084;
 0.071232781, -0.049467709, 0.99623233, -0.72710288;
 0, 0, 0, 1]
Ow:
[0.040112384;
 -0.078413382;
 0.72309101]
Keyframe: 80 Frame: 339 Frame from vFrameID : 340
Tcw:
[0.99614519, 0.029837392, 0.08248955, 0.039225496;
 -0.026596788, 0.99884129, -0.040108785, -0.078039438;
 -0.083590709, 0.037760213, 0.99578452, 0.73401749;
 0, 0, 0, 1]
Twc:
[0.99614519, -0.026596788, -0.083590709, 0.020207154;
 0.029837392, 0.99884129, 0.037760213, 0.049061969;
 0.08248955, -0.040108785, 0.99578452, -0.73728895;
 0, 0, 0, 1]
Ow:
[0.039225496;
 -0.078039438;
 0.73401749]
Keyframe: 81 Frame: 343 Frame from vFrameID : 344
Tcw:
[0.99497503, 0.026025018, 0.096682146, 0.037039936;
 -0.0218358, 0.99878675, -0.044138126, -0.079442747;
 -0.097713545, 0.041805197, 0.99433613, 0.74394196;
 0, 0, 0, 1]
Twc:
[0.99497503, -0.0218358, -0.097713545, 0.034104694;
 0.026025018, 0.99878675, 0.041805197, 0.047281761;
 0.096682146, -0.044138126, 0.99433613, -0.74681592;
 0, 0, 0, 1]
Ow:
[0.037039936;
 -0.079442747;
 0.74394196]
Keyframe: 82 Frame: 347 Frame from vFrameID : 348
Tcw:
[0.99450457, 0.014612729, 0.10366831, 0.035926268;
 -0.010806616, 0.99925011, -0.037181478, -0.08138974;
 -0.10413389, 0.035856847, 0.99391669, 0.75286663;
 0, 0, 0, 1]
Twc:
[0.99450457, -0.010806616, -0.10413389, 0.041790549;
 0.014612729, 0.99925011, 0.035856847, 0.053808294;
 0.10366831, -0.037181478, 0.99391669, -0.75503737;
 0, 0, 0, 1]
Ow:
[0.035926268;
 -0.08138974;
 0.75286663]
Keyframe: 83 Frame: 351 Frame from vFrameID : 352
Tcw:
[0.99388939, 0.012074293, 0.10971841, 0.035762861;
 -0.0090057617, 0.99955553, -0.028419973, -0.081800655;
 -0.11001279, 0.027258212, 0.99355632, 0.76021183;
 0, 0, 0, 1]
Twc:
[0.99388939, -0.0090057617, -0.11001279, 0.04735202;
 0.012074293, 0.99955553, 0.027258212, 0.060610469;
 0.10971841, -0.028419973, 0.99355632, -0.76156187;
 0, 0, 0, 1]
Ow:
[0.035762861;
 -0.081800655;
 0.76021183]
Keyframe: 84 Frame: 355 Frame from vFrameID : 356
Tcw:
[0.99409491, 0.013209732, 0.10770725, 0.036679514;
 -0.010529769, 0.99962157, -0.025412807, -0.082367189;
 -0.10800219, 0.02412861, 0.9938578, 0.77080029;
 0, 0, 0, 1]
Twc:
[0.99409491, -0.010529769, -0.10800219, 0.045917895;
 0.013209732, 0.99962157, 0.02412861, 0.063253157;
 0.10770725, -0.025412807, 0.9938578, -0.77210969;
 0, 0, 0, 1]
Ow:
[0.036679514;
 -0.082367189;
 0.77080029]
Keyframe: 85 Frame: 359 Frame from vFrameID : 360
Tcw:
[0.99618292, 0.016494196, 0.085717469, 0.038176917;
 -0.013773062, 0.99938524, -0.032240409, -0.084054753;
 -0.086196549, 0.030936753, 0.99579769, 0.78048307;
 0, 0, 0, 1]
Twc:
[0.99618292, -0.013773062, -0.086196549, 0.028086072;
 0.016494196, 0.99938524, 0.030936753, 0.059227765;
 0.085717469, -0.032240409, 0.99579769, -0.78318566;
 0, 0, 0, 1]
Ow:
[0.038176917;
 -0.084054753;
 0.78048307]
Keyframe: 86 Frame: 363 Frame from vFrameID : 364
Tcw:
[0.99678338, 0.031646732, 0.073629931, 0.039585583;
 -0.028991083, 0.99889976, -0.036861148, -0.085373901;
 -0.074715458, 0.034607969, 0.9966042, 0.78849459;
 0, 0, 0, 1]
Twc:
[0.99678338, -0.028991083, -0.074715458, 0.016979396;
 0.031646732, 0.99889976, 0.034607969, 0.056739029;
 0.073629931, -0.036861148, 0.9966042, -0.79187864;
 0, 0, 0, 1]
Ow:
[0.039585583;
 -0.085373901;
 0.78849459]
Keyframe: 87 Frame: 367 Frame from vFrameID : 368
Tcw:
[0.99708164, 0.043708328, 0.06259238, 0.040784985;
 -0.042454217, 0.99887288, -0.021228526, -0.086258054;
 -0.063449688, 0.018509263, 0.9978134, 0.79434031;
 0, 0, 0, 1]
Twc:
[0.99708164, -0.042454217, -0.063449688, 0.0060726674;
 0.043708328, 0.99887288, 0.018509263, 0.069675535;
 0.06259238, -0.021228526, 0.9978134, -0.7969873;
 0, 0, 0, 1]
Ow:
[0.040784985;
 -0.086258054;
 0.79434031]
Keyframe: 88 Frame: 371 Frame from vFrameID : 372
Tcw:
[0.99698532, 0.043740194, 0.064086609, 0.040525965;
 -0.042279996, 0.99881828, -0.023967147, -0.087164208;
 -0.065059207, 0.021185312, 0.99765652, 0.80412382;
 0, 0, 0, 1]
Twc:
[0.99698532, -0.042279996, -0.065059207, 0.0082265623;
 0.043740194, 0.99881828, 0.021185312, 0.068252973;
 0.064086609, -0.023967147, 0.99765652, -0.80692559;
 0, 0, 0, 1]
Ow:
[0.040525965;
 -0.087164208;
 0.80412382]
Keyframe: 89 Frame: 375 Frame from vFrameID : 376
Tcw:
