Keyframe: 0 Frame: 0 Frame from vFrameID : 74
Tcw:
[1, 0, 0, 0;
 0, 1, 0, 0;
 0, 0, 1, 0;
 0, 0, 0, 1]
Twc:
[1, 0, 0, 0;
 0, 1, 0, 0;
 0, 0, 1, 0;
 0, 0, 0, 1]
Ow:
[0;
 0;
 0]
Keyframe: 1 Frame: 73 Frame from vFrameID : 74
Tcw:
[0.99947506, 0.0280362, -0.016233964, 0.01893745;
 -0.027909147, 0.99957842, 0.0080008013, 0.0024396738;
 0.016451431, -0.0075435257, 0.99983621, 0.00025142933;
 0, 0, 0, 1]
Twc:
[0.99947506, -0.027909147, 0.016451431, -0.018863557;
 0.0280362, 0.99957842, -0.0075435257, -0.0029676829;
 -0.016233964, 0.0080008013, 0.99983621, 3.6522379e-05;
 0, 0, 0, 1]
Ow:
[0.01893745;
 0.0024396738;
 0.00025142933]
Keyframe: 2 Frame: 75 Frame from vFrameID : 76
Tcw:
[0.99925357, 0.03182539, -0.021895206, 0.020549834;
 -0.031323776, 0.99924731, 0.022883438, 0.0025855433;
 0.022606999, -0.022180516, 0.99949837, -0.00090389879;
 0, 0, 0, 1]
Twc:
[0.99925357, -0.031323776, 0.022606999, -0.020433072;
 0.03182539, 0.99924731, -0.022180516, -0.0032576525;
 -0.021895206, 0.022883438, 0.99949837, 0.0012942221;
 0, 0, 0, 1]
Ow:
[0.020549834;
 0.0025855433;
 -0.00090389879]
Keyframe: 3 Frame: 77 Frame from vFrameID : 78
Tcw:
[0.99920982, 0.031701501, -0.023973921, 0.020638613;
 -0.031125244, 0.99922633, 0.024039788, 0.0023738476;
 0.024717471, -0.023274599, 0.9994235, -0.0010101114;
 0, 0, 0, 1]
Twc:
[0.99920982, -0.031125244, 0.024717471, -0.020523453;
 0.031701501, 0.99922633, -0.023274599, -0.0030497962;
 -0.023973921, 0.024039788, 0.9994235, 0.0014472508;
 0, 0, 0, 1]
Ow:
[0.020638613;
 0.0023738476;
 -0.0010101114]
Keyframe: 4 Frame: 79 Frame from vFrameID : 80
Tcw:
[0.99908257, 0.032510698, -0.027877085, 0.020407913;
 -0.031828355, 0.99919105, 0.024580931, 0.0025023469;
 0.028653676, -0.023671098, 0.99930906, -0.0015687715;
 0, 0, 0, 1]
Twc:
[0.99908257, -0.031828355, 0.028653676, -0.020264592;
 0.032510698, 0.99919105, -0.023671098, -0.0032009324;
 -0.027877085, 0.024580931, 0.99930906, 0.0020750908;
 0, 0, 0, 1]
Ow:
[0.020407913;
 0.0025023469;
 -0.0015687715]
Keyframe: 5 Frame: 81 Frame from vFrameID : 82
Tcw:
[0.99898362, 0.032048609, -0.031694669, 0.020253053;
 -0.031296026, 0.99922287, 0.023962567, 0.0023919109;
 0.032438006, -0.022946296, 0.9992103, -0.0014294585;
 0, 0, 0, 1]
Twc:
[0.99898362, -0.031296026, 0.032438006, -0.020111242;
 0.032048609, 0.99922287, -0.022946296, -0.0030719349;
 -0.031694669, 0.023962567, 0.9992103, 0.0020129271;
 0, 0, 0, 1]
Ow:
[0.020253053;
 0.0023919109;
 -0.0014294585]
Keyframe: 6 Frame: 83 Frame from vFrameID : 84
Tcw:
[0.998945, 0.029894784, -0.03485975, 0.018682308;
 -0.029316055, 0.99942571, 0.016996335, 0.0015096627;
 0.035347831, -0.015956454, 0.99924767, -0.0010201556;
 0, 0, 0, 1]
Twc:
[0.998945, -0.029316055, 0.035347831, -0.018582281;
 0.029894784, 0.99942571, -0.015956454, -0.0020835772;
 -0.03485975, 0.016996335, 0.99924767, 0.0016449899;
 0, 0, 0, 1]
Ow:
[0.018682308;
 0.0015096627;
 -0.0010201556]
Keyframe: 7 Frame: 85 Frame from vFrameID : 86
Tcw:
[0.99896711, 0.025824951, -0.03738758, 0.016762815;
 -0.025625957, 0.99965483, 0.0057920273, 0.00091218203;
 0.037524253, -0.0048279525, 0.99928403, -0.00055001536;
 0, 0, 0, 1]
Twc:
[0.99896711, -0.025625957, 0.037524253, -0.016701484;
 0.025824951, 0.99965483, -0.0048279525, -0.0013474214;
 -0.03738758, 0.0057920273, 0.99928403, 0.0011710592;
 0, 0, 0, 1]
Ow:
[0.016762815;
 0.00091218203;
 -0.00055001536]
Keyframe: 8 Frame: 87 Frame from vFrameID : 88
Tcw:
[0.99899173, 0.024062833, -0.037901334, 0.015805155;
 -0.024053847, 0.99971044, 0.00069309189, 0.00080860424;
 0.037907034, 0.00021927984, 0.99928123, -0.00019201176;
 0, 0, 0, 1]
Twc:
[0.99899173, -0.024053847, 0.037907034, -0.015762489;
 0.024062833, 0.99971044, 0.00021927984, -0.0011886448;
 -0.037901334, 0.00069309189, 0.99928123, 0.00079034973;
 0, 0, 0, 1]
Ow:
[0.015805155;
 0.00080860424;
 -0.00019201176]
Keyframe: 9 Frame: 89 Frame from vFrameID : 90
Tcw:
[0.99925417, 0.018735986, -0.033765234, 0.012313804;
 -0.019107928, 0.99975991, -0.010726705, 0.00014953056;
 0.033556152, 0.011363888, 0.99937224, 0.0020177064;
 0, 0, 0, 1]
Twc:
[0.99925417, -0.019107928, 0.033556152, -0.012369469;
 0.018735986, 0.99975991, 0.011363888, -0.00040313491;
 -0.033765234, -0.010726705, 0.99937224, -0.0015990572;
 0, 0, 0, 1]
Ow:
[0.012313804;
 0.00014953056;
 0.0020177064]
Keyframe: 10 Frame: 92 Frame from vFrameID : 93
Tcw:
[0.99958944, 0.013465059, -0.025291802, 0.010085921;
 -0.013892453, 0.99976236, -0.016799515, 0.00021801467;
 0.025059585, 0.017143983, 0.99953896, 0.0038745897;
 0, 0, 0, 1]
Twc:
[0.99958944, -0.013892453, 0.025059585, -0.010175847;
 0.013465059, 0.99976236, 0.017143983, -0.0004201963;
 -0.025291802, -0.016799515, 0.99953896, -0.0036140494;
 0, 0, 0, 1]
Ow:
[0.010085921;
 0.00021801467;
 0.0038745897]
Keyframe: 11 Frame: 95 Frame from vFrameID : 96
Tcw:
[0.99995822, -0.0040144078, -0.0082133794, 0.0028801893;
 0.0037879171, 0.99961716, -0.027407952, -3.9639155e-05;
 0.0083202608, 0.027375696, 0.99959058, 0.0098296292;
 0, 0, 0, 1]
Twc:
[0.99995822, 0.0037879171, 0.0083202608, -0.0029617038;
 -0.0040144078, 0.99961716, 0.027375696, -0.00021790671;
 -0.0082133794, -0.027407952, 0.99959058, -0.0098030353;
 0, 0, 0, 1]
Ow:
[0.0028801893;
 -3.9639155e-05;
 0.0098296292]
Keyframe: 12 Frame: 98 Frame from vFrameID : 99
Tcw:
[0.99992543, -0.011149751, -0.0049859579, 0.0013940381;
 0.011010149, 0.99956936, -0.027200662, -5.3733995e-05;
 0.0052870912, 0.027143735, 0.99961758, 0.012607756;
 0, 0, 0, 1]
Twc:
[0.99992543, 0.011010149, 0.0052870912, -0.0014600009;
 -0.011149751, 0.99956936, 0.027143735, -0.00027296756;
 -0.0049859579, -0.027200662, 0.99961758, -0.012597445;
 0, 0, 0, 1]
Ow:
[0.0013940381;
 -5.3733995e-05;
 0.012607756]
Keyframe: 13 Frame: 101 Frame from vFrameID : 102
Tcw:
[0.99987328, -0.011439667, 0.011070848, -4.8029877e-05;
 0.011683199, 0.99968553, -0.022188749, -0.00030261342;
 -0.010813535, 0.022315281, 0.9996925, 0.018187126;
 0, 0, 0, 1]
Twc:
[0.99987328, 0.011683199, -0.010813535, 0.00024822642;
 -0.011439667, 0.99968553, 0.022315281, -0.00010388202;
 0.011070848, -0.022188749, 0.9996925, -0.018187717;
 0, 0, 0, 1]
Ow:
[-4.8029877e-05;
 -0.00030261342;
 0.018187126]
Keyframe: 14 Frame: 104 Frame from vFrameID : 105
Tcw:
[0.99969453, -0.00052485324, 0.024710612, 0.00044149812;
 0.00096283574, 0.99984258, -0.017715909, -0.00055045233;
 -0.024697425, 0.017734289, 0.99953765, 0.025157044;
 0, 0, 0, 1]
Twc:
[0.99969453, 0.00096283574, -0.024697425, 0.00018048093;
 -0.00052485324, 0.99984258, 0.017734289, 0.00010445516;
 0.024710612, -0.017715909, 0.99953765, -0.025166074;
 0, 0, 0, 1]
Ow:
[0.00044149812;
 -0.00055045233;
 0.025157044]
Keyframe: 15 Frame: 107 Frame from vFrameID : 108
Tcw:
[0.99955314, 0.0024518224, 0.029790482, 0.00064870121;
 -0.0018879328, 0.9998188, -0.018941924, -0.0013054514;
 -0.029831525, 0.018877218, 0.99937665, 0.032980587;
 0, 0, 0, 1]
Twc:
[0.99955314, -0.0018879328, -0.029831525, 0.00033298542;
 0.0024518224, 0.9998188, 0.018877218, 0.0006810425;
 0.029790482, -0.018941924, 0.99937665, -0.033004086;
 0, 0, 0, 1]
Ow:
[0.00064870121;
 -0.0013054514;
 0.032980587]
Keyframe: 16 Frame: 110 Frame from vFrameID : 111
Tcw:
[0.9989416, 0.0030402485, 0.04589586, 0.0036018083;
 -0.00058418541, 0.99857128, -0.053432658, -0.0044096299;
 -0.045992736, 0.053349294, 0.99751616, 0.043256864;
 0, 0, 0, 1]
Twc:
[0.9989416, -0.00058418541, -0.045992736, -0.0016110708;
 0.0030402485, 0.99857128, 0.053349294, 0.0020846566;
 0.04589586, -0.053432658, 0.99751616, -0.043550346;
 0, 0, 0, 1]
Ow:
[0.0036018083;
 -0.0044096299;
 0.043256864]
Keyframe: 17 Frame: 114 Frame from vFrameID : 115
Tcw:
[0.99880028, 0.013955477, 0.046938162, 0.0044347211;
 -0.010983123, 0.9979533, -0.062997065, -0.002539905;
 -0.047721244, 0.062405959, 0.99690932, 0.049138721;
 0, 0, 0, 1]
Twc:
[0.99880028, -0.010983123, -0.047721244, -0.002112336;
 0.013955477, 0.9979533, 0.062405959, -0.00059373106;
 0.046938162, -0.062997065, 0.99690932, -0.049355011;
 0, 0, 0, 1]
Ow:
[0.0044347211;
 -0.002539905;
 0.049138721]
Keyframe: 18 Frame: 118 Frame from vFrameID : 119
Tcw:
[0.99914199, 0.027461942, 0.031002821, 0.0079027098;
 -0.025301013, 0.99736017, -0.068062954, -0.0075548245;
 -0.032790121, 0.067220151, 0.99719918, 0.059843615;
 0, 0, 0, 1]
Twc:
[0.99914199, -0.025301013, -0.032790121, -0.0061247936;
 0.027461942, 0.99736017, 0.067220151, 0.0032951599;
 0.031002821, -0.068062954, 0.99719918, -0.060435217;
 0, 0, 0, 1]
Ow:
[0.0079027098;
 -0.0075548245;
 0.059843615]
Keyframe: 19 Frame: 122 Frame from vFrameID : 123
Tcw:
[0.99897796, 0.03234598, 0.031571086, 0.007685109;
 -0.030220065, 0.9973858, -0.06563738, -0.0067337668;
 -0.033611659, 0.064616218, 0.99734396, 0.072063811;
 0, 0, 0, 1]
Twc:
[0.99897796, -0.030220065, -0.033611659, -0.0054585659;
 0.03234598, 0.9973858, 0.064616218, 0.0018110902;
 0.031571086, -0.06563738, 0.99734396, -0.072557025;
 0, 0, 0, 1]
Ow:
[0.007685109;
 -0.0067337668;
 0.072063811]
Keyframe: 20 Frame: 126 Frame from vFrameID : 127
Tcw:
[0.99890494, 0.022842886, 0.040830135, 0.0056228396;
 -0.020414008, 0.99805248, -0.058945276, -0.0056835958;
 -0.042097099, 0.05804722, 0.99742585, 0.081897371;
 0, 0, 0, 1]
Twc:
[0.99890494, -0.020414008, -0.042097099, -0.0022850656;
 0.022842886, 0.99805248, 0.05804722, 0.00079017068;
 0.040830135, -0.058945276, 0.99742585, -0.082251154;
 0, 0, 0, 1]
Ow:
[0.0056228396;
 -0.0056835958;
 0.081897371]
Keyframe: 21 Frame: 130 Frame from vFrameID : 131
Tcw:
[0.99805504, 0.017807988, 0.059741583, 0.0032462298;
 -0.015866369, 0.99933535, -0.032818742, -0.0055253804;
 -0.06028631, 0.031807028, 0.99767423, 0.095345438;
 0, 0, 0, 1]
Twc:
[0.99805504, -0.015866369, -0.06028631, 0.002420441;
 0.017807988, 0.99933535, 0.031807028, 0.0024312441;
 0.059741583, -0.032818742, 0.99767423, -0.095498957;
 0, 0, 0, 1]
Ow:
[0.0032462298;
 -0.0055253804;
 0.095345438]
Keyframe: 22 Frame: 134 Frame from vFrameID : 135
Tcw:
[0.99642825, -0.002586934, 0.084404133, 0.0017589764;
 0.0047031003, 0.99967933, -0.024882641, -0.008496155;
 -0.084312692, 0.025190728, 0.99612087, 0.1075417;
 0, 0, 0, 1]
Twc:
[0.99642825, 0.0047031003, -0.084312692, 0.007354395;
 -0.002586934, 0.99967933, 0.025190728, 0.005788927;
 0.084404133, -0.024882641, 0.99612087, -0.1074844;
 0, 0, 0, 1]
Ow:
[0.0017589764;
 -0.008496155;
 0.1075417]
Keyframe: 23 Frame: 138 Frame from vFrameID : 139
Tcw:
[0.99327075, -0.0044406112, 0.11573046, 0.0039793076;
 0.0095615638, 0.99899757, -0.043731462, -0.011429087;
 -0.11542024, 0.044543743, 0.9923175, 0.12577823;
 0, 0, 0, 1]
Twc:
[0.99327075, 0.0095615638, -0.11542024, 0.010674104;
 -0.0044406112, 0.99899757, 0.044543743, 0.0058326675;
 0.11573046, -0.043731462, 0.9923175, -0.12577227;
 0, 0, 0, 1]
Ow:
[0.0039793076;
 -0.011429087;
 0.12577823]
Keyframe: 24 Frame: 142 Frame from vFrameID : 143
Tcw:
[0.99290276, 0.0094020385, 0.11855663, 0.0098609328;
 -0.0029616177, 0.99851573, -0.054383166, -0.01029086;
 -0.11889198, 0.05364608, 0.99145693, 0.13854755;
 0, 0, 0, 1]
Twc:
[0.99290276, -0.0029616177, -0.11889198, 0.0066507678;
 0.0094020385, 0.99851573, 0.05364608, 0.0027503406;
 0.11855663, -0.054383166, 0.99145693, -0.13909265;
 0, 0, 0, 1]
Ow:
[0.0098609328;
 -0.01029086;
 0.13854755]
Keyframe: 25 Frame: 147 Frame from vFrameID : 148
Tcw:
[0.99604595, 0.014662338, 0.087621264, 0.012668848;
 -0.0099523505, 0.99849397, -0.053951036, -0.015671603;
 -0.08828035, 0.052865673, 0.99469179, 0.15098198;
 0, 0, 0, 1]
Twc:
[0.99604595, -0.0099523505, -0.08828035, 0.00055401848;
 0.014662338, 0.99849397, 0.052865673, 0.007480483;
 0.087621264, -0.053951036, 0.99469179, -0.1521361;
 0, 0, 0, 1]
Ow:
[0.012668848;
 -0.015671603;
 0.15098198]
Keyframe: 26 Frame: 152 Frame from vFrameID : 153
Tcw:
[0.99522352, 0.026977934, 0.093820669, 0.017496429;
 -0.022674765, 0.99865466, -0.046633445, -0.020674936;
 -0.094952524, 0.044283342, 0.99449635, 0.16568851;
 0, 0, 0, 1]
Twc:
[0.99522352, -0.022674765, -0.094952524, -0.0021491158;
 0.026977934, 0.99865466, 0.044283342, 0.012837864;
 0.093820669, -0.046633445, 0.99449635, -0.1673823;
 0, 0, 0, 1]
Ow:
[0.017496429;
 -0.020674936;
 0.16568851]
Keyframe: 27 Frame: 157 Frame from vFrameID : 158
Tcw:
[0.99351871, 0.031718016, 0.10915394, 0.018299893;
 -0.027673252, 0.99888021, -0.038373362, -0.020524452;
 -0.11024883, 0.035104007, 0.99328393, 0.18259604;
 0, 0, 0, 1]
Twc:
[0.99351871, -0.027673252, -0.11024883, 0.0013817361;
 0.031718016, 0.99888021, 0.035104007, 0.01351118;
 0.10915394, -0.038373362, 0.99328393, -0.18415479;
 0, 0, 0, 1]
Ow:
[0.018299893;
 -0.020524452;
 0.18259604]
Keyframe: 28 Frame: 162 Frame from vFrameID : 163
Tcw:
[0.98894167, 0.021869907, 0.14668354, 0.012086112;
 -0.018333757, 0.9995088, -0.025416261, -0.021594642;
 -0.14716734, 0.022445939, 0.98885691, 0.20061176;
 0, 0, 0, 1]
Twc:
[0.98894167, -0.018333757, -0.14716734, 0.017175129;
 0.021869907, 0.9995088, 0.022445939, 0.016816793;
 0.14668354, -0.025416261, 0.98885691, -0.200698;
 0, 0, 0, 1]
Ow:
[0.012086112;
 -0.021594642;
 0.20061176]
Keyframe: 29 Frame: 166 Frame from vFrameID : 167
Tcw:
[0.98870212, 0.015614906, 0.14907809, 0.010629226;
 -0.012802542, 0.99972188, -0.01980615, -0.023135927;
 -0.14934589, 0.017673805, 0.98862708, 0.20989828;
 0, 0, 0, 1]
Twc:
[0.98870212, -0.012802542, -0.14934589, 0.020542109;
 0.015614906, 0.99972188, 0.017673805, 0.019253815;
 0.14907809, -0.01980615, 0.98862708, -0.20955393;
 0, 0, 0, 1]
Ow:
[0.010629226;
 -0.023135927;
 0.20989828]
Keyframe: 30 Frame: 171 Frame from vFrameID : 172
Tcw:
[0.98542517, 0.00011754788, 0.17010956, 0.0085282549;
 0.0014925188, 0.9999553, -0.0093369726, -0.028830284;
 -0.17010304, 0.0094547793, 0.98538095, 0.22479582;
 0, 0, 0, 1]
Twc:
[0.98542517, 0.0014925188, -0.17010304, 0.029877523;
 0.00011754788, 0.9999553, 0.0094547793, 0.026702598;
 0.17010956, -0.0093369726, 0.98538095, -0.22322942;
 0, 0, 0, 1]
Ow:
[0.0085282549;
 -0.028830284;
 0.22479582]
Keyframe: 31 Frame: 176 Frame from vFrameID : 177
Tcw:
[0.98495859, 0.0022858144, 0.17277545, 0.0090988427;
 -0.0016720134, 0.99999177, -0.0036980459, -0.029716371;
 -0.17278248, 0.0033535392, 0.9849543, 0.2387104;
 0, 0, 0, 1]
Twc:
[0.98495859, -0.0016720134, -0.17278248, 0.032233305;
 0.0022858144, 0.99999177, 0.0033535392, 0.028894803;
 0.17277545, -0.0036980459, 0.9849543, -0.23680079;
 0, 0, 0, 1]
Ow:
[0.0090988427;
 -0.029716371;
 0.2387104]
Keyframe: 32 Frame: 181 Frame from vFrameID : 182
Tcw:
[0.99142212, 0.010341812, 0.13028921, 0.010966877;
 -0.0065513086, 0.99954367, -0.029488092, -0.032183625;
 -0.13053472, 0.028381582, 0.99103743, 0.25531468;
 0, 0, 0, 1]
Twc:
[0.99142212, -0.0065513086, -0.13053472, 0.022243777;
 0.010341812, 0.99954367, 0.028381582, 0.024809286;
 0.13028921, -0.029488092, 0.99103743, -0.25540429;
 0, 0, 0, 1]
Ow:
[0.010966877;
 -0.032183625;
 0.25531468]
Keyframe: 33 Frame: 186 Frame from vFrameID : 187
Tcw:
[0.99382871, 0.023466954, 0.10841491, 0.020032549;
 -0.020754185, 0.99944431, -0.02608322, -0.033704538;
 -0.10896676, 0.02367219, 0.99376351, 0.26591715;
 0, 0, 0, 1]
Twc:
[0.99382871, -0.020754185, -0.10896676, 0.0083676968;
 0.023466954, 0.99944431, 0.02367219, 0.026920866;
 0.10841491, -0.02608322, 0.99376351, -0.2673097;
 0, 0, 0, 1]
Ow:
[0.020032549;
 -0.033704538;
 0.26591715]
Keyframe: 34 Frame: 191 Frame from vFrameID : 192
Tcw:
[0.99411845, 0.037188765, 0.10171258, 0.024306852;
 -0.034249566, 0.99894804, -0.030492952, -0.035153575;
 -0.10273958, 0.026829995, 0.99434638, 0.28195587;
 0, 0, 0, 1]
Twc:
[0.99411845, -0.034249566, -0.10273958, 0.0036001408;
 0.037188765, 0.99894804, 0.026829995, 0.026647776;
 0.10171258, -0.030492952, 0.99434638, -0.28390604;
 0, 0, 0, 1]
Ow:
[0.024306852;
 -0.035153575;
 0.28195587]
Keyframe: 35 Frame: 196 Frame from vFrameID : 197
Tcw:
[0.99204129, 0.041279424, 0.11895417, 0.02499593;
 -0.038510688, 0.99893326, -0.025482055, -0.036026832;
 -0.11987916, 0.020698244, 0.99257272, 0.30149263;
 0, 0, 0, 1]
Twc:
[0.99204129, -0.038510688, -0.11987916, 0.0099582681;
 0.041279424, 0.99893326, 0.020698244, 0.028716212;
 0.11895417, -0.025482055, 0.99257272, -0.30314475;
 0, 0, 0, 1]
Ow:
[0.02499593;
 -0.036026832;
 0.30149263]
Keyframe: 36 Frame: 201 Frame from vFrameID : 202
Tcw:
[0.99055171, 0.033966314, 0.13286678, 0.02079292;
 -0.029657537, 0.9989723, -0.034275562, -0.038569681;
 -0.13389444, 0.030011214, 0.99054104, 0.32041234;
 0, 0, 0, 1]
Twc:
[0.99055171, -0.029657537, -0.13389444, 0.021161091;
 0.033966314, 0.9989723, 0.030011214, 0.02820782;
 0.13286678, -0.034275562, 0.99054104, -0.32146627;
 0, 0, 0, 1]
Ow:
[0.02079292;
 -0.038569681;
 0.32041234]
Keyframe: 37 Frame: 206 Frame from vFrameID : 207
Tcw:
[0.99233449, 0.021887945, 0.12162741, 0.018973226;
 -0.018317984, 0.99937016, -0.030392746, -0.040837158;
 -0.12221605, 0.0279318, 0.99211043, 0.33630601;
 0, 0, 0, 1]
Twc:
[0.99233449, -0.018317984, -0.12221605, 0.021526145;
 0.021887945, 0.99937016, 0.0279318, 0.031002522;
 0.12162741, -0.030392746, 0.99211043, -0.33720148;
 0, 0, 0, 1]
Ow:
[0.018973226;
 -0.040837158;
 0.33630601]
Keyframe: 38 Frame: 211 Frame from vFrameID : 212
Tcw:
[0.99421388, 0.019103985, 0.10570601, 0.019115996;
 -0.015744127, 0.99934679, -0.032528672, -0.043263875;
 -0.10625839, 0.03067621, 0.99386525, 0.35400683;
 0, 0, 0, 1]
Twc:
[0.99421388, -0.015744127, -0.10625839, 0.017929655;
 0.019103985, 0.99934679, 0.03067621, 0.032010838;
 0.10570601, -0.032528672, 0.99386525, -0.35526305;
 0, 0, 0, 1]
Ow:
[0.019115996;
 -0.043263875;
 0.35400683]
Keyframe: 39 Frame: 216 Frame from vFrameID : 217
Tcw:
[0.99552989, 0.02300649, 0.091602258, 0.023093119;
 -0.019572981, 0.99907815, -0.038206417, -0.044512611;
 -0.092396811, 0.036242697, 0.99506247, 0.3689571;
 0, 0, 0, 1]
Twc:
[0.99552989, -0.019572981, -0.092396811, 0.010229324;
 0.02300649, 0.99907815, 0.036242697, 0.030568285;
 0.091602258, -0.038206417, 0.99506247, -0.37095141;
 0, 0, 0, 1]
Ow:
[0.023093119;
 -0.044512611;
 0.3689571]
Keyframe: 40 Frame: 221 Frame from vFrameID : 222
Tcw:
[0.99604547, 0.02636575, 0.084842458, 0.025371712;
 -0.023694877, 0.99919617, -0.032334998, -0.047118228;
 -0.085626796, 0.030196797, 0.99586958, 0.38607627;
 0, 0, 0, 1]
Twc:
[0.99604547, -0.023694877, -0.085626796, 0.0066706338;
 0.02636575, 0.99919617, 0.030196797, 0.034753144;
 0.084842458, -0.032334998, 0.99586958, -0.38815776;
 0, 0, 0, 1]
Ow:
[0.025371712;
 -0.047118228;
 0.38607627]
Keyframe: 41 Frame: 227 Frame from vFrameID : 228
Tcw:
[0.99563742, 0.04368908, 0.082446195, 0.027604979;
 -0.040543403, 0.99839866, -0.039451063, -0.049433354;
 -0.084037751, 0.035936303, 0.99581438, 0.40425298;
 0, 0, 0, 1]
Twc:
[0.99563742, -0.040543403, -0.084037751, 0.0044837645;
 0.04368908, 0.99839866, 0.035936303, 0.033620797;
 0.082446195, -0.039451063, 0.99581438, -0.40678704;
 0, 0, 0, 1]
Ow:
[0.027604979;
 -0.049433354;
 0.40425298]
Keyframe: 42 Frame: 233 Frame from vFrameID : 234
Tcw:
[0.99582303, 0.044404861, 0.079779223, 0.026694825;
 -0.040715378, 0.99805093, -0.047293037, -0.049439482;
 -0.081723765, 0.043847255, 0.99569005, 0.42201927;
 0, 0, 0, 1]
Twc:
[0.99582303, -0.040715378, -0.081723765, 0.0058927368;
 0.044404861, 0.99805093, 0.043847255, 0.029653352;
 0.079779223, -0.047293037, 0.99569005, -0.42466822;
 0, 0, 0, 1]
Ow:
[0.026694825;
 -0.049439482;
 0.42201927]
Keyframe: 43 Frame: 238 Frame from vFrameID : 239
Tcw:
[0.99499124, 0.02515864, 0.096744373, 0.025588034;
 -0.022315867, 0.99929005, -0.0303551, -0.049705181;
 -0.097439378, 0.028044123, 0.99484628, 0.44091272;
 0, 0, 0, 1]
Twc:
[0.99499124, -0.022315867, -0.097439378, 0.016393175;
 0.02515864, 0.99929005, 0.028044123, 0.036661122;
 0.096744373, -0.0303551, 0.99484628, -0.44262466;
 0, 0, 0, 1]
Ow:
[0.025588034;
 -0.049705181;
 0.44091272]
Keyframe: 44 Frame: 243 Frame from vFrameID : 244
Tcw:
[0.9913916, 0.028483205, 0.12779446, 0.025225211;
 -0.026089031, 0.99945205, -0.02036983, -0.050880931;
 -0.12830463, 0.016860444, 0.99159145, 0.45920715;
 0, 0, 0, 1]
Twc:
[0.9913916, -0.026089031, -0.12830463, 0.032582909;
 0.028483205, 0.99945205, 0.016860444, 0.04239212;
 0.12779446, -0.02036983, 0.99159145, -0.45960596;
 0, 0, 0, 1]
Ow:
[0.025225211;
 -0.050880931;
 0.45920715]
Keyframe: 45 Frame: 247 Frame from vFrameID : 248
Tcw:
[0.99153739, 0.028919831, 0.12655947, 0.024374031;
 -0.025791649, 0.9993217, -0.026286699, -0.052326597;
 -0.12723382, 0.022800067, 0.99161065, 0.47318244;
 0, 0, 0, 1]
Twc:
[0.99153739, -0.025791649, -0.12723382, 0.034687459;
 0.028919831, 0.9993217, 0.022800067, 0.040797617;
 0.12655947, -0.026286699, 0.99161065, -0.47367302;
 0, 0, 0, 1]
Ow:
[0.024374031;
 -0.052326597;
 0.47318244]
Keyframe: 46 Frame: 253 Frame from vFrameID : 254
Tcw:
[0.99231684, 0.037991371, 0.11774548, 0.024647571;
 -0.034010779, 0.99878597, -0.03563435, -0.055285893;
 -0.11895633, 0.031355951, 0.99240422, 0.49682042;
 0, 0, 0, 1]
Twc:
[0.99231684, -0.034010779, -0.11895633, 0.032761425;
 0.037991371, 0.99878597, 0.031355951, 0.038704105;
 0.11774548, -0.03563435, 0.99240422, -0.49791893;
 0, 0, 0, 1]
Ow:
[0.024647571;
 -0.055285893;
 0.49682042]
Keyframe: 47 Frame: 259 Frame from vFrameID : 260
Tcw:
[0.99497801, 0.041115332, 0.091259554, 0.026282439;
 -0.036531404, 0.9980126, -0.051344503, -0.058221418;
 -0.09318924, 0.047752809, 0.9945026, 0.51289374;
 0, 0, 0, 1]
Twc:
[0.99497801, -0.036531404, -0.09318924, 0.019518815;
 0.041115332, 0.9980126, 0.047752809, 0.032532983;
 0.091259554, -0.051344503, 0.9945026, -0.51546204;
 0, 0, 0, 1]
Ow:
[0.026282439;
 -0.058221418;
 0.51289374]
Keyframe: 48 Frame: 265 Frame from vFrameID : 266
Tcw:
[0.99506664, 0.044096835, 0.088869862, 0.026984444;
 -0.040526804, 0.99831277, -0.04158397, -0.058398634;
 -0.090553641, 0.037777212, 0.99517483, 0.5298093;
 0, 0, 0, 1]
Twc:
[0.99506664, -0.040526804, -0.090553641, 0.018758126;
 0.044096835, 0.99831277, 0.037777212, 0.037095454;
 0.088869862, -0.04158397, 0.99517483, -0.5320794;
 0, 0, 0, 1]
Ow:
[0.026984444;
 -0.058398634;
 0.5298093]
Keyframe: 49 Frame: 269 Frame from vFrameID : 270
Tcw:
[0.99398339, 0.033523466, 0.10427437, 0.025870033;
 -0.030670643, 0.99911326, -0.02884342, -0.057766274;
 -0.10514884, 0.025471719, 0.99413025, 0.55001795;
 0, 0, 0, 1]
Twc:
[0.99398339, -0.030670643, -0.10514884, 0.030347634;
 0.033523466, 0.99911326, 0.025471719, 0.042837899;
 0.10427437, -0.02884342, 0.99413025, -0.55115318;
 0, 0, 0, 1]
Ow:
[0.025870033;
 -0.057766274;
 0.55001795]
Keyframe: 50 Frame: 275 Frame from vFrameID : 276
Tcw:
[0.99231702, 0.031631928, 0.11960907, 0.026316747;
 -0.027778074, 0.99904412, -0.033751916, -0.060669132;
 -0.12056237, 0.030170092, 0.99224716, 0.56746674;
 0, 0, 0, 1]
Twc:
[0.99231702, -0.027778074, -0.12056237, 0.040615305;
 0.031631928, 0.99904412, 0.030170092, 0.042658169;
 0.11960907, -0.033751916, 0.99224716, -0.5682627;
 0, 0, 0, 1]
Ow:
[0.026316747;
 -0.060669132;
 0.56746674]
Keyframe: 51 Frame: 280 Frame from vFrameID : 281
Tcw:
[0.99292129, 0.022466058, 0.11663031, 0.027458943;
 -0.019558357, 0.99947017, -0.026015935, -0.064327665;
 -0.11715299, 0.023550678, 0.99283463, 0.58231872;
 0, 0, 0, 1]
Twc:
[0.99292129, -0.019558357, -0.11715299, 0.039697669;
 0.022466058, 0.99947017, 0.023550678, 0.049962688;
 0.11663031, -0.026015935, 0.99283463, -0.58302224;
 0, 0, 0, 1]
Ow:
[0.027458943;
 -0.064327665;
 0.58231872]
Keyframe: 52 Frame: 286 Frame from vFrameID : 287
Tcw:
[0.99441409, 0.022569796, 0.10310753, 0.031357683;
 -0.020133052, 0.99949431, -0.024613054, -0.064455673;
 -0.1036109, 0.022399699, 0.99436563, 0.59884858;
 0, 0, 0, 1]
Twc:
[0.99441409, -0.020133052, -0.1036109, 0.029567029;
 0.022569796, 0.99949431, 0.022399699, 0.050301313;
 0.10310753, -0.024613054, 0.99436563, -0.60029411;
 0, 0, 0, 1]
Ow:
[0.031357683;
 -0.064455673;
 0.59884858]
Keyframe: 53 Frame: 292 Frame from vFrameID : 293
Tcw:
[0.99758756, 0.032833457, 0.061163463, 0.036617681;
 -0.030100161, 0.99852955, -0.045086246, -0.066775128;
 -0.06255386, 0.043136448, 0.99710894, 0.61824328;
 0, 0, 0, 1]
Twc:
[0.99758756, -0.030100161, -0.06255386, 0.00013421758;
 0.032833457, 0.99852955, 0.043136448, 0.038805831;
 0.061163463, -0.045086246, 0.99710894, -0.62170619;
 0, 0, 0, 1]
Ow:
[0.036617681;
 -0.066775128;
 0.61824328]
Keyframe: 54 Frame: 297 Frame from vFrameID : 298
Tcw:
[0.99627477, 0.047553454, 0.071939319, 0.04040049;
 -0.046089731, 0.99869782, -0.021872507, -0.068129025;
 -0.072885752, 0.018475363, 0.99716914, 0.63441867;
 0, 0, 0, 1]
Twc:
[0.99627477, -0.046089731, -0.072885752, 0.0028500466;
 0.047553454, 0.99869782, 0.018475363, 0.054398008;
 0.071939319, -0.021872507, 0.99716914, -0.63701928;
 0, 0, 0, 1]
Ow:
[0.04040049;
 -0.068129025;
 0.63441867]
Keyframe: 55 Frame: 302 Frame from vFrameID : 303
Tcw:
[0.9952752, 0.047039237, 0.084938899, 0.03895589;
 -0.044730954, 0.99858159, -0.028878527, -0.068803519;
 -0.086176842, 0.024942683, 0.99596757, 0.65310717;
 0, 0, 0, 1]
Twc:
[0.9952752, -0.044730954, -0.086176842, 0.014433241;
 0.047039237, 0.99858159, 0.024942683, 0.050583221;
 0.084938899, -0.028878527, 0.99596757, -0.65576941;
 0, 0, 0, 1]
Ow:
[0.03895589;
 -0.068803519;
 0.65310717]
Keyframe: 56 Frame: 308 Frame from vFrameID : 309
Tcw:
[0.99337012, 0.026237, 0.11192607, 0.035689771;
 -0.020971781, 0.99862891, -0.0479628, -0.070802078;
 -0.11303101, 0.045297522, 0.99255836, 0.67043841;
 0, 0, 0, 1]
Twc:
[0.99337012, -0.020971781, -0.11303101, 0.038842335;
 0.026237, 0.99862891, 0.045297522, 0.039399412;
 0.11192607, -0.0479628, 0.99255836, -0.67283976;
 0, 0, 0, 1]
Ow:
[0.035689771;
 -0.070802078;
 0.67043841]
Keyframe: 57 Frame: 313 Frame from vFrameID : 314
Tcw:
[0.99181354, 0.0090081254, 0.12737647, 0.034645934;
 -0.0045497515, 0.99936819, -0.035249278, -0.07523492;
 -0.12761351, 0.034381181, 0.99122787, 0.68574625;
 0, 0, 0, 1]
Twc:
[0.99181354, -0.0045497515, -0.12761351, 0.052805889;
 0.0090081254, 0.99936819, 0.034381181, 0.051298525;
 0.12737647, -0.035249278, 0.99122787, -0.68679589;
 0, 0, 0, 1]
Ow:
[0.034645934;
 -0.07523492;
 0.68574625]
Keyframe: 58 Frame: 318 Frame from vFrameID : 319
Tcw:
[0.99350989, 0.0095799612, 0.11334155, 0.035137575;
 -0.0057359426, 0.99939877, -0.034192983, -0.076293819;
 -0.11360097, 0.033320945, 0.99296755, 0.70034617;
 0, 0, 0, 1]
Twc:
[0.99350989, -0.0057359426, -0.11360097, 0.04421287;
 0.0095799612, 0.99939877, 0.033320945, 0.052575137;
 0.11334155, -0.034192983, 0.99296755, -0.7020123;
 0, 0, 0, 1]
Ow:
[0.035137575;
 -0.076293819;
 0.70034617]
Keyframe: 59 Frame: 323 Frame from vFrameID : 324
Tcw:
[0.99656516, 0.011561158, 0.082001381, 0.037404269;
 -0.0080025075, 0.9990173, -0.043594111, -0.078020379;
 -0.082424797, 0.042788155, 0.99567831, 0.71796328;
 0, 0, 0, 1]
Twc:
[0.99656516, -0.0080025075, -0.082424797, 0.021277828;
 0.011561158, 0.9990173, 0.042788155, 0.046790946;
 0.082001381, -0.043594111, 0.99567831, -0.72132891;
 0, 0, 0, 1]
Ow:
[0.037404269;
 -0.078020379;
 0.71796328]
Keyframe: 60 Frame: 328 Frame from vFrameID : 329
Tcw:
[0.9963721, 0.027023222, 0.080699012, 0.041598219;
 -0.023447929, 0.99871504, -0.044927873, -0.079665512;
 -0.081809409, 0.042872656, 0.99572545, 0.72884136;
 0, 0, 0, 1]
Twc:
[0.9963721, -0.023447929, -0.081809409, 0.016310783;
 0.027023222, 0.99871504, 0.042872656, 0.047191665;
 0.080699012, -0.044927873, 0.99572545, -0.73266202;
 0, 0, 0, 1]
Ow:
[0.041598219;
 -0.079665512;
 0.72884136]
Keyframe: 61 Frame: 332 Frame from vFrameID : 333
Tcw:
[0.99645621, 0.038113225, 0.074982628, 0.042985238;
 -0.03474997, 0.99835253, -0.045658708, -0.081183821;
 -0.0765993, 0.04289126, 0.99613899, 0.74225974;
 0, 0, 0, 1]
Twc:
[0.99645621, -0.03474997, -0.0765993, 0.011202529;
 0.038113225, 0.99835253, 0.04289126, 0.047575314;
 0.074982628, -0.045658708, 0.99613899, -0.74632376;
 0, 0, 0, 1]
Ow:
[0.042985238;
 -0.081183821;
 0.74225974]
Keyframe: 62 Frame: 338 Frame from vFrameID : 339
Tcw:
[0.99626106, 0.030689003, 0.080759794, 0.041456066;
 -0.02730309, 0.99871475, -0.042701378, -0.080264382;
 -0.08196646, 0.040336728, 0.9958185, 0.75809848;
 0, 0, 0, 1]
Twc:
[0.99626106, -0.02730309, -0.08196646, 0.018646119;
 0.030689003, 0.99871475, 0.040336728, 0.048309766;
 0.080759794, -0.042701378, 0.9958185, -0.76170385;
 0, 0, 0, 1]
Ow:
[0.041456066;
 -0.080264382;
 0.75809848]
Keyframe: 63 Frame: 344 Frame from vFrameID : 345
Tcw:
[0.99470097, 0.023694251, 0.10004286, 0.039379437;
 -0.019610945, 0.99894172, -0.041603673, -0.083069727;
 -0.10092275, 0.039421279, 0.99411297, 0.77336007;
 0, 0, 0, 1]
Twc:
[0.99470097, -0.019610945, -0.10092275, 0.037249789;
 0.023694251, 0.99894172, 0.039421279, 0.051561903;
 0.10004286, -0.041603673, 0.99411297, -0.77620292;
 0, 0, 0, 1]
Ow:
[0.039379437;
 -0.083069727;
 0.77336007]
Keyframe: 64 Frame: 349 Frame from vFrameID : 350
Tcw:
[0.99398482, 0.013732187, 0.10865343, 0.038206235;
 -0.010194654, 0.99940181, -0.033046737, -0.085151643;
 -0.10904223, 0.031740271, 0.99353027, 0.78718042;
 0, 0, 0, 1]
Twc:
[0.99398482, -0.010194654, -0.10904223, 0.0469914;
 0.013732187, 0.99940181, 0.031740271, 0.059590735;
 0.10865343, -0.033046737, 0.99353027, -0.78905278;
 0, 0, 0, 1]
Ow:
[0.038206235;
 -0.085151643;
 0.78718042]
Keyframe: 65 Frame: 354 Frame from vFrameID : 355
Tcw:
[0.99364877, 0.010876535, 0.11199939, 0.038947109;
 -0.0083431406, 0.99969918, -0.023063628, -0.086378388;
 -0.11221655, 0.02198272, 0.99344057, 0.80220103;
 0, 0, 0, 1]
Twc:
[0.99364877, -0.0083431406, -0.11221655, 0.050599817;
 0.010876535, 0.99969918, 0.02198272, 0.068294235;
 0.11199939, -0.023063628, 0.99344057, -0.80329335;
 0, 0, 0, 1]
Ow:
[0.038947109;
 -0.086378388;
 0.80220103]
Keyframe: 66 Frame: 359 Frame from vFrameID : 360
Tcw:
[0.99587518, 0.015218092, 0.089448266, 0.040664289;
 -0.012653975, 0.99949455, -0.029163456, -0.088938981;
 -0.089846864, 0.027911285, 0.9955644, 0.81735414;
 0, 0, 0, 1]
Twc:
[0.99587518, -0.012653975, -0.089846864, 0.031814724;
 0.015218092, 0.99949455, 0.027911285, 0.065461792;
 0.089448266, -0.029163456, 0.9955644, -0.81995982;
 0, 0, 0, 1]
Ow:
[0.040664289;
 -0.088938981;
 0.81735414]
Keyframe: 67 Frame: 363 Frame from vFrameID : 364
Tcw:
[0.99655086, 0.029238477, 0.077662528, 0.042813465;
 -0.026649561, 0.99906081, -0.034165442, -0.090243384;
 -0.078588538, 0.031977929, 0.9963941, 0.82773739;
 0, 0, 0, 1]
Twc:
[0.99655086, -0.026649561, -0.078588538, 0.019979931;
 0.029238477, 0.99906081, 0.031977929, 0.062437497;
 0.077662528, -0.034165442, 0.9963941, -0.8311609;
 0, 0, 0, 1]
Ow:
[0.042813465;
 -0.090243384;
 0.82773739]
Keyframe: 68 Frame: 367 Frame from vFrameID : 368
Tcw:
[0.9968729, 0.041376982, 0.067323208, 0.043965053;
 -0.040302787, 0.99903882, -0.017237084, -0.091845497;
 -0.067971714, 0.014469868, 0.99758232, 0.83472335;
 0, 0, 0, 1]
Twc:
[0.9968729, -0.040302787, -0.067971714, 0.0092083802;
 0.041376982, 0.99903882, 0.014469868, 0.077859744;
 0.067323208, -0.017237084, 0.99758232, -0.83724827;
 0, 0, 0, 1]
Ow:
[0.043965053;
 -0.091845497;
 0.83472335]
Keyframe: 69 Frame: 372 Frame from vFrameID : 373
Tcw:
[0.99662995, 0.041482121, 0.070766687, 0.044052966;
 -0.039941009, 0.998936, -0.023055689, -0.092132643;
 -0.071647793, 0.020151498, 0.99722642, 0.84847814;
 0, 0, 0, 1]
Twc:
[0.99662995, -0.039941009, -0.071647793, 0.013207205;
 0.041482121, 0.998936, 0.020151498, 0.073109105;
 0.070766687, -0.023055689, 0.99722642, -0.85136646;
 0, 0, 0, 1]
Ow:
[0.044052966;
 -0.092132643;
 0.84847814]
Keyframe: 70 Frame: 377 Frame from vFrameID : 378
Tcw:
[0.99533844, 0.032860152, 0.090673208, 0.041954275;
 -0.030454241, 0.99914974, -0.027791413, -0.09330301;
 -0.091509342, 0.024900477, 0.99549288, 0.86082268;
 0, 0, 0, 1]
Twc:
[0.99533844, -0.030454241, -0.091509342, 0.034173142;
 0.032860152, 0.99914974, 0.024900477, 0.070410162;
 0.090673208, -0.027791413, 0.99549288, -0.86333996;
 0, 0, 0, 1]
Ow:
[0.041954275;
 -0.09330301;
 0.86082268]
Keyframe: 71 Frame: 382 Frame from vFrameID : 383
Tcw:
[0.99582589, 0.024113856, 0.088029988, 0.040541526;
 -0.020615444, 0.99896944, -0.040436357, -0.09549699;
 -0.088914342, 0.038452793, 0.99529678, 0.87361485;
 0, 0, 0, 1]
Twc:
[0.99582589, -0.020615444, -0.088914342, 0.035335872;
 0.024113856, 0.99896944, 0.038452793, 0.06082803;
 0.088029988, -0.040436357, 0.99529678, -0.87693638;
 0, 0, 0, 1]
Ow:
[0.040541526;
 -0.09549699;
 0.87361485]
Keyframe: 72 Frame: 388 Frame from vFrameID : 389
Tcw:
[0.99467051, 0.022561166, 0.10060611, 0.040924031;
 -0.02016462, 0.99948967, -0.024774842, -0.096920907;
 -0.10111371, 0.02261412, 0.99461782, 0.88681203;
 0, 0, 0, 1]
Twc:
[0.99467051, -0.02016462, -0.10111371, 0.047008567;
 0.022561166, 0.99948967, 0.02261412, 0.07589367;
 0.10060611, -0.024774842, 0.99461782, -0.88855749;
 0, 0, 0, 1]
Ow:
[0.040924031;
 -0.096920907;
 0.88681203]
Keyframe: 73 Frame: 393 Frame from vFrameID : 394
Tcw:
[0.99656022, 0.028593095, 0.077782668, 0.042312678;
 -0.026378984, 0.99922121, -0.029345609, -0.098096728;
 -0.078561172, 0.027192838, 0.99653834, 0.90116817;
 0, 0, 0, 1]
Twc:
[0.99656022, -0.026378984, -0.078561172, 0.026042007;
 0.028593095, 0.99922121, 0.027192838, 0.07230515;
 0.077782668, -0.029345609, 0.99653834, -0.90421855;
 0, 0, 0, 1]
Ow:
[0.042312678;
 -0.098096728;
 0.90116817]
Keyframe: 74 Frame: 399 Frame from vFrameID : 400
Tcw:
[0.99782681, 0.033635221, 0.056659836, 0.043249186;
 -0.030873546, 0.99832487, -0.048931066, -0.10120422;
 -0.058210734, 0.047075439, 0.99719375, 0.91623467;
 0, 0, 0, 1]
Twc:
[0.99782681, -0.030873546, -0.058210734, 0.0070549618;
 0.033635221, 0.99832487, 0.047075439, 0.056447838;
 0.056659836, -0.048931066, 0.99719375, -0.92106605;
 0, 0, 0, 1]
Ow:
[0.043249186;
 -0.10120422;
 0.91623467]
Keyframe: 75 Frame: 405 Frame from vFrameID : 406
Tcw:
[0.99811643, 0.044810586, 0.041900452, 0.044577539;
 -0.043124627, 0.99825615, -0.040310897, -0.10332808;
 -0.04363374, 0.038428027, 0.99830824, 0.9306702;
 0, 0, 0, 1]
Twc:
[0.99811643, -0.043124627, -0.04363374, -0.0083409343;
 0.044810586, 0.99825615, 0.038428027, 0.065386519;
 0.041900452, -0.040310897, 0.99830824, -0.93512887;
 0, 0, 0, 1]
Ow:
[0.044577539;
 -0.10332808;
 0.9306702]
Keyframe: 76 Frame: 410 Frame from vFrameID : 411
Tcw:
[0.99791121, 0.039037224, 0.051470846, 0.042251173;
 -0.036782008, 0.99835163, -0.044057894, -0.10272249;
 -0.053105902, 0.042072669, 0.99770218, 0.9449603;
 0, 0, 0, 1]
Twc:
[0.99791121, -0.036782008, -0.053105902, 0.0042417087;
 0.039037224, 0.99835163, 0.042072669, 0.061146796;
 0.051470846, -0.044057894, 0.99770218, -0.94948941;
 0, 0, 0, 1]
Ow:
[0.042251173;
 -0.10272249;
 0.9449603]
Keyframe: 77 Frame: 415 Frame from vFrameID : 416
Tcw:
[0.99607503, 0.012942519, 0.087561667, 0.040009316;
 -0.0070082941, 0.99767822, -0.067742914, -0.10388996;
 -0.088235125, 0.066863365, 0.99385303, 0.95951253;
 0, 0, 0, 1]
Twc:
[0.99607503, -0.0070082941, -0.088235125, 0.04408234;
 0.012942519, 0.99767822, 0.066863365, 0.038974691;
 0.087561667, -0.067742914, 0.99385303, -0.9641555;
 0, 0, 0, 1]
Ow:
[0.040009316;
 -0.10388996;
 0.95951253]
Keyframe: 78 Frame: 421 Frame from vFrameID : 422
Tcw:
[0.99272895, 0.018791433, 0.11889545, 0.03965202;
 -0.013186744, 0.99877214, -0.047752026, -0.10548069;
 -0.1196468, 0.045836974, 0.99175787, 0.97515219;
 0, 0, 0, 1]
Twc:
[0.99272895, -0.013186744, -0.1196468, 0.075919174;
 0.018791433, 0.99877214, 0.045836974, 0.059908029;
 0.11889545, -0.047752026, 0.99175787, -0.97686619;
 0, 0, 0, 1]
Ow:
[0.03965202;
 -0.10548069;
 0.97515219]
Keyframe: 79 Frame: 426 Frame from vFrameID : 427
Tcw:
[0.99520409, 0.02639682, 0.094191365, 0.040943433;
 -0.021191172, 0.99821454, -0.055845331, -0.10548405;
 -0.095497325, 0.05358148, 0.99398655, 0.98650944;
 0, 0, 0, 1]
Twc:
[0.99520409, -0.021191172, -0.095497325, 0.051226612;
 0.02639682, 0.99821454, 0.05358148, 0.051356297;
 0.094191365, -0.055845331, 0.99398655, -0.99032444;
 0, 0, 0, 1]
Ow:
[0.040943433;
 -0.10548405;
 0.98650944]
Keyframe: 80 Frame: 431 Frame from vFrameID : 432
Tcw:
[0.99768662, 0.048032992, 0.048106212, 0.043453433;
 -0.044767503, 0.99676156, -0.066800132, -0.10847928;
 -0.051159032, 0.06449201, 0.99660599, 0.99988985;
 0, 0, 0, 1]
Twc:
[0.99768662, -0.044767503, -0.051159032, 0.0029441433;
 0.048032992, 0.99676156, 0.06449201, 0.041555874;
 0.048106212, -0.066800132, 0.99660599, -1.005833;
 0, 0, 0, 1]
Ow:
[0.043453433;
 -0.10847928;
 0.99988985]
Keyframe: 81 Frame: 436 Frame from vFrameID : 437
Tcw:
[0.99772847, 0.057203177, 0.035577361, 0.044052675;
 -0.055274241, 0.99706233, -0.053023867, -0.10894004;
 -0.038505979, 0.050936908, 0.99795926, 1.0109494;
 0, 0, 0, 1]
Twc:
[0.99772847, -0.055274241, -0.038505979, -0.011046587;
 0.057203177, 0.99706233, 0.050936908, 0.054605417;
 0.035577361, -0.053023867, 0.99795926, -1.0162301;
 0, 0, 0, 1]
Ow:
[0.044052675;
 -0.10894004;
 1.0109494]
Keyframe: 82 Frame: 441 Frame from vFrameID : 442
Tcw:
[0.99742514, 0.060593653, 0.038360436, 0.042594515;
 -0.058847327, 0.99724656, -0.045124929, -0.10953918;
 -0.040989097, 0.042751331, 0.99824458, 1.0238258;
 0, 0, 0, 1]
Twc:
[0.99742514, -0.058847327, -0.040989097, -0.0069652321;
 0.060593653, 0.99724656, 0.042751331, 0.0628867;
 0.038360436, -0.045124929, 0.99824458, -1.0286055;
 0, 0, 0, 1]
Ow:
[0.042594515;
 -0.10953918;
 1.0238258]
Keyframe: 83 Frame: 447 Frame from vFrameID : 448
Tcw:
[0.99763185, 0.045359474, 0.051703677, 0.039222971;
 -0.04208925, 0.99714619, -0.062673539, -0.10977758;
 -0.054398965, 0.060348947, 0.99669391, 1.0412652;
 0, 0, 0, 1]
Twc:
[0.99763185, -0.04208925, -0.054398965, 0.012893214;
 0.045359474, 0.99714619, 0.060348947, 0.044845901;
 0.051703677, -0.062673539, 0.99669391, -1.0467309;
 0, 0, 0, 1]
Ow:
[0.039222971;
 -0.10977758;
 1.0412652]
Keyframe: 84 Frame: 452 Frame from vFrameID : 453
Tcw:
[0.99813354, 0.030510915, 0.052900836, 0.037727423;
 -0.026725631, 0.9971295, -0.070841692, -0.11057252;
 -0.054910429, 0.06929566, 0.9960838, 1.050565;
 0, 0, 0, 1]
Twc:
[0.99813354, -0.026725631, -0.054910429, 0.017074844;
 0.030510915, 0.9971295, 0.06929566, 0.036304425;
 0.052900836, -0.070841692, 0.9960838, -1.0562797;
 0, 0, 0, 1]
Ow:
[0.037727423;
 -0.11057252;
 1.050565]
Keyframe: 85 Frame: 457 Frame from vFrameID : 458
Tcw:
[0.99712878, 0.029883809, 0.069578685, 0.038407885;
 -0.026780272, 0.99862266, -0.045118269, -0.11165854;
 -0.07083115, 0.043125387, 0.99655563, 1.0636746;
 0, 0, 0, 1]
Twc:
[0.99712878, -0.026780272, -0.07083115, 0.034053449;
 0.029883809, 0.99862266, 0.043125387, 0.064485595;
 0.069578685, -0.045118269, 0.99655563, -1.0677211;
 0, 0, 0, 1]
Ow:
[0.038407885;
 -0.11165854;
 1.0636746]
Keyframe: 86 Frame: 462 Frame from vFrameID : 463
Tcw:
[0.99739325, 0.04457508, 0.056742463, 0.04004328;
 -0.040776491, 0.99695772, -0.066427685, -0.11229657;
 -0.059530854, 0.063940771, 0.99617654, 1.076916;
 0, 0, 0, 1]
Twc:
[0.99739325, -0.040776491, -0.059530854, 0.019591765;
 0.04457508, 0.99695772, 0.063940771, 0.041311156;
 0.056742463, -0.066427685, 0.99617654, -1.0825301;
 0, 0, 0, 1]
Ow:
[0.04004328;
 -0.11229657;
 1.076916]
Keyframe: 87 Frame: 467 Frame from vFrameID : 468
Tcw:
[0.99846983, 0.04751296, 0.028294336, 0.038995624;
 -0.045355499, 0.99633324, -0.072546102, -0.11405515;
 -0.031637467, 0.071151786, 0.99696362, 1.0885785;
 0, 0, 0, 1]
Twc:
[0.99846983, -0.045355499, -0.031637467, -0.0096691167;
 0.04751296, 0.99633324, 0.071151786, 0.034329832;
 0.028294336, -0.072546102, 0.99696362, -1.0946507;
 0, 0, 0, 1]
Ow:
[0.038995624;
 -0.11405515;
 1.0885785]
Keyframe: 88 Frame: 472 Frame from vFrameID : 473
Tcw:
[0.99790657, 0.053943574, 0.03567386, 0.038810275;
 -0.051616378, 0.99666393, -0.06321983, -0.11459078;
 -0.038965154, 0.061246127, 0.99736184, 1.0963668;
 0, 0, 0, 1]
Twc:
[0.99790657, -0.051616378, -0.038965154, -0.0019236897;
 0.053943574, 0.99666393, 0.061246127, 0.04496672;
 0.03567386, -0.06321983, 0.99736184, -1.1021032;
 0, 0, 0, 1]
Ow:
[0.038810275;
 -0.11459078;
 1.0963668]
Keyframe: 89 Frame: 477 Frame from vFrameID : 478
Tcw:
[0.99733281, 0.056324568, 0.046419501, 0.038047761;
 -0.053619944, 0.99689966, -0.057583872, -0.11411013;
 -0.049518973, 0.054941274, 0.99726093, 1.1089942;
 0, 0, 0, 1]
Twc:
[0.99733281, -0.053619944, -0.049518973, 0.010851398;
