Keyframe: 0 Frame: 0 Frame from vFrameID : 86
Tcw:
[0.99590874, 0.061737139, 0.065987155, 0.008507208;
 0.029577868, 0.46729881, -0.88360453, -0.017721245;
 -0.085386932, 0.88194126, 0.46356091, -0.069570735;
 0, 0, 0, 1]
Twc:
[0.99590874, 0.029577868, -0.085386932, -0.013888678;
 0.061737139, 0.46729881, 0.88194126, 0.069113202;
 0.065987155, -0.88360453, 0.46356091, 0.01603033;
 0, 0, 0, 1]
Ow:
[0.008507208;
 -0.017721245;
 -0.069570735]
Keyframe: 1 Frame: 85 Frame from vFrameID : 86
Tcw:
[0.99657077, 0.059973452, 0.05700741, 0.0097097503;
 0.022202605, 0.46987393, -0.88245428, -0.017471127;
 -0.079710126, 0.88069385, 0.46693107, -0.070079342;
 0, 0, 0, 1]
Twc:
[0.99657077, 0.022202605, -0.079710126, -0.014874583;
 0.059973452, 0.46987393, 0.88069385, 0.069345348;
 0.05700741, -0.88245428, 0.46693107, 0.016751226;
 0, 0, 0, 1]
Ow:
[0.0097097503;
 -0.017471127;
 -0.070079342]
Keyframe: 2 Frame: 87 Frame from vFrameID : 88
Tcw:
[0.99819165, 0.045344349, 0.039462995, 0.011616192;
 0.013415794, 0.47188604, -0.88155746, -0.023801006;
 -0.058595687, 0.88049275, 0.47042435, -0.068412192;
 0, 0, 0, 1]
Twc:
[0.99819165, 0.013415794, -0.058595687, -0.015284535;
 0.045344349, 0.47188604, 0.88049275, 0.070941076;
 0.039462995, -0.88155746, 0.47042435, 0.010742398;
 0, 0, 0, 1]
Ow:
[0.011616192;
 -0.023801006;
 -0.068412192]
Keyframe: 3 Frame: 89 Frame from vFrameID : 90
Tcw:
[0.99914879, 0.040116057, 0.0096154548, 0.017582133;
 -0.010464246, 0.47193226, -0.88157272, -0.024119414;
 -0.039903063, 0.88072163, 0.47195032, -0.063987367;
 0, 0, 0, 1]
Twc:
[0.99914879, -0.010464246, -0.039903063, -0.020372849;
 0.040116057, 0.47193226, 0.88072163, 0.067032464;
 0.0096154548, -0.88157272, 0.47195032, 0.0087667797;
 0, 0, 0, 1]
Ow:
[0.017582133;
 -0.024119414;
 -0.063987367]
Keyframe: 4 Frame: 92 Frame from vFrameID : 93
Tcw:
[0.99989676, 0.0048426897, 0.0135264, 0.020823743;
 0.0097563602, 0.46224308, -0.88669956, -0.02477672;
 -0.010546495, 0.88674003, 0.46214813, -0.060057137;
 0, 0, 0, 1]
Twc:
[0.99989676, 0.0097563602, -0.010546495, -0.021213258;
 0.0048426897, 0.46224308, 0.88674003, 0.064607091;
 0.0135264, -0.88669956, 0.46214813, 0.0055041169;
 0, 0, 0, 1]
Ow:
[0.020823743;
 -0.02477672;
 -0.060057137]
Keyframe: 5 Frame: 95 Frame from vFrameID : 96
Tcw:
[0.99980021, 0.019838072, 0.0024478845, 0.020088566;
 -0.0062498562, 0.42658088, -0.90442783, -0.026192844;
 -0.018986326, 0.90423185, 0.42661962, -0.053029049;
 0, 0, 0, 1]
Twc:
[0.99980021, -0.0062498562, -0.018986326, -0.021255082;
 0.019838072, 0.42658088, 0.90423185, 0.058725398;
 0.0024478845, -0.90442783, 0.42661962, -0.0011154782;
 0, 0, 0, 1]
Ow:
[0.020088566;
 -0.026192844;
 -0.053029049]
Keyframe: 6 Frame: 99 Frame from vFrameID : 100
Tcw:
[0.99942452, 0.0057272362, -0.03343349, 0.031036831;
 -0.032840874, 0.41006643, -0.91146421, -0.026580352;
 0.0084897811, 0.91203767, 0.41001853, -0.049270578;
 0, 0, 0, 1]
Twc:
[0.99942452, -0.032840874, 0.0084897811, -0.031473596;
 0.0057272362, 0.41006643, 0.91203767, 0.055658579;
 -0.03343349, -0.91146421, 0.41001853, -0.0029875203;
 0, 0, 0, 1]
Ow:
[0.031036831;
 -0.026580352;
 -0.049270578]
Keyframe: 7 Frame: 103 Frame from vFrameID : 104
Tcw:
[0.99708617, -0.026382137, -0.071576469, 0.038470704;
 -0.055317719, 0.39603314, -0.91656846, -0.029857378;
 0.052527688, 0.91785711, 0.39341977, -0.033083543;
 0, 0, 0, 1]
Twc:
[0.99708617, -0.055317719, 0.052527688, -0.038272448;
 -0.026382137, 0.39603314, 0.91785711, 0.043205418;
 -0.071576469, -0.91656846, 0.39341977, -0.011597013;
 0, 0, 0, 1]
Ow:
[0.038470704;
 -0.029857378;
 -0.033083543]
Keyframe: 8 Frame: 107 Frame from vFrameID : 108
Tcw:
[0.99704087, -0.022441223, -0.0735249, 0.041015867;
 -0.058525842, 0.39853293, -0.91528481, -0.033808768;
 0.049842205, 0.91687942, 0.39604023, -0.028662432;
 0, 0, 0, 1]
Twc:
[0.99704087, -0.058525842, 0.049842205, -0.041444585;
 -0.022441223, 0.39853293, 0.91687942, 0.040674347;
 -0.0735249, -0.91528481, 0.39604023, -0.016577486;
 0, 0, 0, 1]
Ow:
[0.041015867;
 -0.033808768;
 -0.028662432]
Keyframe: 9 Frame: 111 Frame from vFrameID : 112
Tcw:
[0.99716437, 0.0020171278, -0.075227663, 0.045155689;
 -0.069698833, 0.40171945, -0.91310656, -0.044045947;
 0.028378563, 0.91576058, 0.40072089, -0.016682308;
 0, 0, 0, 1]
Twc:
[0.99716437, -0.069698833, 0.028378563, -0.047624175;
 0.0020171278, 0.40171945, 0.91576058, 0.032880027;
 -0.075227663, -0.91310656, 0.40072089, -0.030136736;
 0, 0, 0, 1]
Ow:
[0.045155689;
 -0.044045947;
 -0.016682308]
Keyframe: 10 Frame: 116 Frame from vFrameID : 117
Tcw:
[0.99764425, 0.037485387, -0.057453115, 0.047744256;
 -0.067572735, 0.39255586, -0.91724253, -0.069249883;
 -0.011829633, 0.91896397, 0.39416409, 0.010843174;
 0, 0, 0, 1]
Twc:
[0.99764425, -0.067572735, -0.011829633, -0.052182913;
 0.037485387, 0.39255586, 0.91896397, 0.015430252;
 -0.057453115, -0.91724253, 0.39416409, -0.065049872;
 0, 0, 0, 1]
Ow:
[0.047744256;
 -0.069249883;
 0.010843174]
Keyframe: 11 Frame: 121 Frame from vFrameID : 122
Tcw:
[0.9976216, 0.064266831, -0.02491807, 0.04232832;
 -0.04935867, 0.41373235, -0.90905952, -0.088568918;
 -0.048112966, 0.90812737, 0.41592044, 0.025977151;
 0, 0, 0, 1]
Twc:
[0.9976216, -0.04935867, -0.048112966, -0.045349453;
 0.064266831, 0.41373235, 0.90812737, 0.010332957;
 -0.02491807, -0.90905952, 0.41592044, -0.090264112;
 0, 0, 0, 1]
Ow:
[0.04232832;
 -0.088568918;
 0.025977151]
Keyframe: 12 Frame: 126 Frame from vFrameID : 127
Tcw:
[0.99773616, 0.064283364, -0.019754112, 0.06278199;
 -0.044667177, 0.41386789, -0.90924048, -0.069174677;
 -0.050273441, 0.90806442, 0.4158023, 0.065165803;
 0, 0, 0, 1]
Twc:
[0.99773616, -0.044667177, -0.050273441, -0.062453594;
 0.064283364, 0.41386789, 0.90806442, -0.034581408;
 -0.019754112, -0.90924048, 0.4158023, -0.0887523;
 0, 0, 0, 1]
Ow:
[0.06278199;
 -0.069174677;
 0.065165803]
Keyframe: 13 Frame: 132 Frame from vFrameID : 133
Tcw:
[0.9983862, 0.043747675, -0.036210123, 0.083235875;
 -0.050566006, 0.39460739, -0.9174574, -0.073351927;
 -0.025847847, 0.91780782, 0.39618272, 0.11495005;
 0, 0, 0, 1]
Twc:
[0.9983862, -0.050566006, -0.025847847, -0.083839454;
 0.043747675, 0.39460739, 0.91780782, -0.080198206;
 -0.036210123, -0.9174574, 0.39618272, -0.10982451;
 0, 0, 0, 1]
Ow:
[0.083235875;
 -0.073351927;
 0.11495005]
Keyframe: 14 Frame: 139 Frame from vFrameID : 140
Tcw:
[0.99591821, 0.011147137, -0.089569412, 0.11313023;
 -0.08697129, 0.38395873, -0.91924518, -0.057253927;
 0.024144005, 0.92328298, 0.38336095, 0.19450507;
 0, 0, 0, 1]
Twc:
[0.99591821, -0.08697129, 0.024144005, -0.12234403;
 0.011147137, 0.38395873, 0.92328298, -0.15886116;
 -0.089569412, -0.91924518, 0.38336095, -0.11706304;
 0, 0, 0, 1]
Ow:
[0.11313023;
 -0.057253927;
 0.19450507]
Keyframe: 15 Frame: 145 Frame from vFrameID : 146
Tcw:
[0.99482578, -0.0045311647, -0.10149463, 0.13386038;
 -0.091596745, 0.39217809, -0.91531765, -0.081963517;
 0.043951422, 0.91987818, 0.38973382, 0.22890681;
 0, 0, 0, 1]
Twc:
[0.99482578, -0.091596745, 0.043951422, -0.15073612;
 -0.0045311647, 0.39217809, 0.91987818, -0.17781553;
 -0.10149463, -0.91531765, 0.38973382, -0.15064926;
 0, 0, 0, 1]
Ow:
[0.13386038;
 -0.081963517;
 0.22890681]
Keyframe: 16 Frame: 152 Frame from vFrameID : 153
Tcw:
[0.9966042, 0.011481494, -0.081536904, 0.13989516;
 -0.079616718, 0.38698769, -0.91864121, -0.093122214;
 0.021006405, 0.9220134, 0.38658768, 0.28406531;
 0, 0, 0, 1]
Twc:
[0.9966042, -0.079616718, 0.021006405, -0.15280138;
 0.011481494, 0.38698769, 0.9220134, -0.22748105;
 -0.081536904, -0.91864121, 0.38658768, -0.18395542;
 0, 0, 0, 1]
Ow:
[0.13989516;
 -0.093122214;
 0.28406531]
Keyframe: 17 Frame: 159 Frame from vFrameID : 160
Tcw:
[0.99844557, 0.046831448, -0.030219808, 0.13113245;
 -0.046113539, 0.38957855, -0.91983807, -0.13625;
 -0.031304363, 0.91980183, 0.39113253, 0.36174774;
 0, 0, 0, 1]
Twc:
[0.99844557, -0.046113539, -0.031304363, -0.1258873;
 0.046831448, 0.38957855, 0.91980183, -0.28579727;
 -0.030219808, -0.91983807, 0.39113253, -0.26285645;
 0, 0, 0, 1]
Ow:
[0.13113245;
 -0.13625;
 0.36174774]
Keyframe: 18 Frame: 166 Frame from vFrameID : 167
Tcw:
[0.9991222, 0.033569418, -0.02505758, 0.1517493;
 -0.035664018, 0.36787841, -0.92918974, -0.1389924;
 -0.021974217, 0.92926776, 0.36875272, 0.49052292;
 0, 0, 0, 1]
Twc:
[0.9991222, -0.035664018, -0.021974217, -0.14579426;
 0.033569418, 0.36787841, 0.92926776, -0.40978897;
 -0.02505758, -0.92918974, 0.36875272, -0.3062295;
 0, 0, 0, 1]
Ow:
[0.1517493;
 -0.1389924;
 0.49052292]
Keyframe: 19 Frame: 174 Frame from vFrameID : 175
Tcw:
[0.99523884, 0.0067326394, -0.097233497, 0.18643215;
 -0.093096904, 0.36101621, -0.92790097, -0.16732813;
 0.028855648, 0.93253523, 0.35992414, 0.56480438;
 0, 0, 0, 1]
Twc:
[0.99523884, -0.093096904, 0.028855648, -0.21742004;
 0.0067326394, 0.36101621, 0.93253523, -0.46754697;
 -0.097233497, -0.92790097, 0.35992414, -0.34042323;
 0, 0, 0, 1]
Ow:
[0.18643215;
 -0.16732813;
 0.56480438]
Keyframe: 20 Frame: 183 Frame from vFrameID : 184
Tcw:
[0.99472845, 0.0013062314, -0.10253585, 0.23818737;
 -0.096117519, 0.36029717, -0.92787248, -0.21234475;
 0.03573136, 0.93283665, 0.3585234, 0.64445221;
 0, 0, 0, 1]
Twc:
[0.99472845, -0.096117519, 0.03573136, -0.28036898;
 0.0013062314, 0.36029717, 0.93283665, -0.52497256;
 -0.10253585, -0.92787248, 0.3585234, -0.40365732;
 0, 0, 0, 1]
Ow:
[0.23818737;
 -0.21234475;
 0.64445221]
Keyframe: 21 Frame: 190 Frame from vFrameID : 191
Tcw:
[0.99895638, 0.042741615, -0.016103702, 0.21824704;
 -0.030676711, 0.36663368, -0.92985952, -0.30105996;
 -0.033839539, 0.9293831, 0.3675622, 0.71341532;
 0, 0, 0, 1]
Twc:
[0.99895638, -0.030676711, -0.033839539, -0.20311314;
 0.042741615, 0.36663368, 0.9293831, -0.56198561;
 -0.016103702, -0.92985952, 0.3675622, -0.53865337;
 0, 0, 0, 1]
Ow:
[0.21824704;
 -0.30105996;
 0.71341532]
Keyframe: 22 Frame: 198 Frame from vFrameID : 199
Tcw:
[0.99689311, 0.078693695, -0.0033749633, 0.27021289;
 -0.033715438, 0.38759947, -0.92121112, -0.33302745;
 -0.071185373, 0.91846281, 0.38904843, 0.74968314;
 0, 0, 0, 1]
Twc:
[0.99689311, -0.033715438, -0.071185373, -0.22723505;
 0.078693695, 0.38759947, 0.91846281, -0.5807389;
 -0.0033749633, -0.92121112, 0.38904843, -0.59753972;
 0, 0, 0, 1]
Ow:
[0.27021289;
 -0.33302745;
 0.74968314]
Keyframe: 23 Frame: 206 Frame from vFrameID : 207
Tcw:
[0.99677294, 0.013766863, -0.07908354, 0.32519627;
 -0.07945691, 0.30932146, -0.94763225, -0.32585388;
 0.011416313, 0.95085788, 0.30941713, 0.93860561;
 0, 0, 0, 1]
Twc:
[0.99677294, -0.07945691, 0.011416313, -0.3607536;
 0.013766863, 0.30932146, 0.95085788, -0.79616386;
 -0.07908354, -0.94763225, 0.30941713, -0.57349259;
 0, 0, 0, 1]
Ow:
[0.32519627;
 -0.32585388;
 0.93860561]
Keyframe: 24 Frame: 214 Frame from vFrameID : 215
Tcw:
[0.99454397, -0.0050106128, -0.10419795, 0.39199078;
 -0.096430451, 0.33685967, -0.93660384, -0.35589123;
 0.039793044, 0.94154155, 0.33453858, 0.93043083;
 0, 0, 0, 1]
Twc:
[0.99454397, -0.096430451, 0.039793044, -0.4611955;
 -0.0050106128, 0.33685967, 0.94154155, -0.75418973;
 -0.10419795, -0.93660384, 0.33453858, -0.60374945;
 0, 0, 0, 1]
Ow:
[0.39199078;
 -0.35589123;
 0.93043083]
Keyframe: 25 Frame: 223 Frame from vFrameID : 224
Tcw:
[0.99495941, -0.0081499126, -0.099946924, 0.35784715;
 -0.091328792, 0.33794588, -0.93672389, -0.37949157;
 0.041410867, 0.94113028, 0.33549809, 1.0311162;
 0, 0, 0, 1]
Twc:
[0.99495941, -0.091328792, 0.041410867, -0.43340129;
 -0.0081499126, 0.33794588, 0.94113028, -0.83925068;
 -0.099946924, -0.93672389, 0.33549809, -0.66565067;
 0, 0, 0, 1]
Ow:
[0.35784715;
 -0.37949157;
 1.0311162]
Keyframe: 26 Frame: 233 Frame from vFrameID : 234
Tcw:
[0.99993539, -0.010953771, -0.0030394711, 0.2086221;
 0.00073414529, 0.32904744, -0.94431311, -0.4086549;
 0.01134392, 0.94424987, 0.32903424, 1.2858176;
 0, 0, 0, 1]
Twc:
[0.99993539, 0.00073414529, 0.01134392, -0.2228948;
 -0.010953771, 0.32904744, 0.94424987, -1.0773809;
 -0.0030394711, -0.94431311, 0.32903424, -0.80834198;
 0, 0, 0, 1]
Ow:
[0.2086221;
 -0.4086549;
 1.2858176]
Keyframe: 27 Frame: 242 Frame from vFrameID : 243
Tcw:
[0.99972498, -0.012890171, 0.019589512, 0.039461009;
 0.022742487, 0.32929224, -0.94395411, -0.41552877;
 0.0057170563, 0.94414008, 0.32949486, 1.4541167;
 0, 0, 0, 1]
Twc:
[0.99972498, 0.022742487, 0.0057170563, -0.038313266;
 -0.012890171, 0.32929224, 0.94414008, -1.2355508;
 0.019589512, -0.94395411, 0.32949486, -0.87213707;
 0, 0, 0, 1]
Ow:
[0.039461009;
 -0.41552877;
 1.4541167]
Keyframe: 28 Frame: 251 Frame from vFrameID : 252
Tcw:
[0.99864101, -0.038295113, -0.035349298, 0.03703317;
 -0.021526737, 0.31461316, -0.94897586, -0.37672853;
 0.047462493, 0.94844717, 0.31336126, 1.558429;
 0, 0, 0, 1]
Twc:
[0.99864101, -0.021526737, 0.047462493, -0.1190595;
 -0.038295113, 0.31461316, 0.94844717, -1.3581456;
 -0.035349298, -0.94897586, 0.31336126, -0.8445484;
 0, 0, 0, 1]
Ow:
[0.03703317;
 -0.37672853;
 1.558429]
Keyframe: 29 Frame: 259 Frame from vFrameID : 260
Tcw:
[0.99892914, -0.037601028, -0.026958099, 0.015564824;
 -0.013053549, 0.32994875, -0.94390857, -0.47930887;
 0.044386726, 0.9432497, 0.32910457, 1.6399996;
 0, 0, 0, 1]
Twc:
[0.99892914, -0.013053549, 0.044386726, -0.094599053;
 -0.037601028, 0.32994875, 0.9432497, -1.3881966;
 -0.026958099, -0.94390857, 0.32910457, -0.99173564;
 0, 0, 0, 1]
Ow:
[0.015564824;
 -0.47930887;
 1.6399996]
Keyframe: 30 Frame: 267 Frame from vFrameID : 268
Tcw:
[0.99962986, 0.0043377979, 0.026858661, 0.0041007828;
 0.024077179, 0.3186399, -0.94757003, -0.53713393;
 -0.012668609, 0.9478659, 0.31841752, 1.6736889;
 0, 0, 0, 1]
Twc:
[0.99962986, 0.024077179, -0.012668609, 0.030036714;
 0.0043377979, 0.3186399, 0.9478659, -1.4152982;
 0.026858661, -0.94757003, 0.31841752, -1.042014;
 0, 0, 0, 1]
Ow:
[0.0041007828;
 -0.53713393;
 1.6736889]
Keyframe: 31 Frame: 275 Frame from vFrameID : 276
Tcw:
[0.99617732, 0.022975249, 0.084278777, -0.074276298;
 0.071556635, 0.33875543, -0.93814945, -0.46290004;
 -0.050104108, 0.9405939, 0.33581644, 1.8144419;
 0, 0, 0, 1]
Twc:
[0.99617732, 0.071556635, -0.050104108, 0.19802694;
 0.022975249, 0.33875543, 0.9405939, -1.5481367;
 0.084278777, -0.93814945, 0.33581644, -1.037329;
 0, 0, 0, 1]
Ow:
[-0.074276298;
 -0.46290004;
 1.8144419]
Keyframe: 32 Frame: 284 Frame from vFrameID : 285
Tcw:
[0.99987, -0.01479663, 0.0064020483, -0.05607783;
 0.010962055, 0.33276847, -0.94294482, -0.45914602;
 0.011822006, 0.94289249, 0.33288741, 1.9303889;
 0, 0, 0, 1]
Twc:
[0.99987, 0.010962055, 0.011822006, 0.038282659;
 -0.01479663, 0.33276847, 0.94289249, -1.6681895;
 0.0064020483, -0.94294482, 0.33288741, -1.0751926;
 0, 0, 0, 1]
Ow:
[-0.05607783;
 -0.45914602;
 1.9303889]
Keyframe: 33 Frame: 293 Frame from vFrameID : 294
Tcw:
[0.99970931, -0.018364225, 0.015624044, -0.07858929;
 0.02084375, 0.33250761, -0.9428702, -0.58076733;
 0.012119967, 0.94292176, 0.33279371, 2.0484958;
 0, 0, 0, 1]
Twc:
[0.99970931, 0.02084375, 0.012119967, 0.065844119;
 -0.018364225, 0.33250761, 0.94292176, -1.739905;
 0.015624044, -0.9428702, 0.33279371, -1.2280869;
 0, 0, 0, 1]
Ow:
[-0.07858929;
 -0.58076733;
 2.0484958]
Keyframe: 34 Frame: 301 Frame from vFrameID : 302
Tcw:
[0.9940446, 0.025170986, 0.1060269, -0.13029642;
 0.091509417, 0.33549896, -0.93758547, -0.7093854;
 -0.059171867, 0.94170421, 0.33119756, 2.1584804;
 0, 0, 0, 1]
Twc:
[0.9940446, 0.091509417, -0.059171867, 0.32215723;
 0.025170986, 0.33549896, 0.94170421, -1.7913724;
 0.1060269, -0.93758547, 0.33119756, -1.3661779;
 0, 0, 0, 1]
Ow:
[-0.13029642;
 -0.7093854;
 2.1584804]
Keyframe: 35 Frame: 309 Frame from vFrameID : 310
Tcw:
[0.99236661, 0.059822623, 0.10784139, -0.12594399;
 0.080697335, 0.34625664, -0.93466264, -0.67975324;
 -0.093254775, 0.93623054, 0.33878601, 2.2123129;
 0, 0, 0, 1]
Twc:
[0.99236661, 0.080697335, -0.093254775, 0.38614562;
 0.059822623, 0.34625664, 0.93623054, -1.8283316;
 0.10784139, -0.93466264, 0.33878601, -1.3712586;
 0, 0, 0, 1]
Ow:
[-0.12594399;
 -0.67975324;
 2.2123129]
Keyframe: 36 Frame: 316 Frame from vFrameID : 317
Tcw:
[0.99969167, 0.024793724, 0.0013674976, 0.044132251;
 -0.0072087059, 0.34247562, -0.93949908, -0.52834976;
 -0.023762014, 0.93919951, 0.34254876, 2.3272572;
 0, 0, 0, 1]
Twc:
[0.99969167, -0.0072087059, -0.023762014, 0.0073729591;
 0.024793724, 0.34247562, 0.93919951, -2.0059061;
 0.0013674976, -0.93949908, 0.34254876, -1.2936435;
 0, 0, 0, 1]
Ow:
[0.044132251;
 -0.52834976;
 2.3272572]
Keyframe: 37 Frame: 323 Frame from vFrameID : 324
Tcw:
[0.99995178, 0.0037650191, 0.009066998, -0.082883231;
 0.0072910036, 0.33369669, -0.94265229, -0.6304462;
 -0.0065747313, 0.94267297, 0.33365318, 2.3517609;
 0, 0, 0, 1]
Twc:
[0.99995178, 0.0072910036, -0.0065747313, 0.10293802;
 0.0037650191, 0.33369669, 0.94267297, -2.0062516;
 0.009066998, -0.94265229, 0.33365318, -1.3782125;
 0, 0, 0, 1]
Ow:
[-0.082883231;
 -0.6304462;
 2.3517609]
Keyframe: 38 Frame: 331 Frame from vFrameID : 332
Tcw:
[0.99915671, 0.0049613449, 0.040758383, -0.072890088;
 0.036619537, 0.34129855, -0.93924135, -0.6880886;
 -0.018570678, 0.93994182, 0.34082907, 2.4238527;
 0, 0, 0, 1]
Twc:
[0.99915671, 0.036619537, -0.018570678, 0.14303869;
 0.0049613449, 0.34129855, 0.93994182, -2.0430753;
 0.040758383, -0.93924135, 0.34082907, -1.4694299;
 0, 0, 0, 1]
Ow:
[-0.072890088;
 -0.6880886;
 2.4238527]
Keyframe: 39 Frame: 338 Frame from vFrameID : 339
Tcw:
[0.99466938, 0.044338208, 0.093096711, -0.10311043;
 0.070144922, 0.3708187, -0.92605245, -0.86993963;
 -0.075581506, 0.92764628, 0.36573189, 2.4889317;
 0, 0, 0, 1]
Twc:
[0.99466938, 0.070144922, -0.075581506, 0.35169983;
 0.044338208, 0.3708187, 0.92764628, -1.9816866;
 0.093096711, -0.92605245, 0.36573189, -1.7062923;
 0, 0, 0, 1]
Ow:
[-0.10311043;
 -0.86993963;
 2.4889317]
Keyframe: 40 Frame: 345 Frame from vFrameID : 346
Tcw:
[0.99671197, 0.042000014, 0.069291286, -0.063826516;
 0.048957203, 0.36925471, -0.92803782, -0.89647245;
 -0.064563736, 0.92837864, 0.36598438, 2.5512187;
 0, 0, 0, 1]
Twc:
[0.99671197, 0.048957203, -0.064563736, 0.27222165;
 0.042000014, 0.36925471, 0.92837864, -2.0347898;
 0.069291286, -0.92803782, 0.36598438, -1.7612439;
 0, 0, 0, 1]
Ow:
[-0.063826516;
 -0.89647245;
 2.5512187]
Keyframe: 41 Frame: 353 Frame from vFrameID : 354
Tcw:
[0.99923491, 0.019550547, 0.033872399, -0.0049781874;
 0.023469329, 0.39306137, -0.9192127, -1.0144947;
 -0.031285044, 0.91930437, 0.39230183, 2.5822394;
 0, 0, 0, 1]
Twc:
[0.99923491, 0.023469329, -0.031285044, 0.10956936;
 0.019550547, 0.39306137, 0.91930437, -1.975008;
 0.033872399, -0.9192127, 0.39230183, -1.9453849;
 0, 0, 0, 1]
Ow:
[-0.0049781874;
 -1.0144947;
 2.5822394]
Keyframe: 42 Frame: 360 Frame from vFrameID : 361
Tcw:
[0.99891472, 0.016911846, 0.043397512, -0.017987035;
 0.033941276, 0.3737579, -0.9269051, -0.99015737;
 -0.031895839, 0.9273721, 0.37277824, 2.6887012;
 0, 0, 0, 1]
Twc:
[0.99891472, 0.033941276, -0.031895839, 0.1373331;
 0.016911846, 0.3737579, 0.9273721, -2.1230433;
 0.043397512, -0.9269051, 0.37277824, -1.9192907;
 0, 0, 0, 1]
Ow:
[-0.017987035;
 -0.99015737;
 2.6887012]
Keyframe: 43 Frame: 369 Frame from vFrameID : 370
Tcw:
[0.99365735, 0.040536787, 0.10488986, -0.36885154;
 0.084613614, 0.34483492, -0.93484193, -0.5371052;
 -0.074065171, 0.93778765, 0.33921778, 2.8493378;
 0, 0, 0, 1]
Twc:
[0.99365735, 0.084613614, -0.074065171, 0.62299514;
 0.040536787, 0.34483492, 0.93778765, -2.471909;
 0.10488986, -0.93484193, 0.33921778, -1.4299656;
 0, 0, 0, 1]
Ow:
[-0.36885154;
 -0.5371052;
 2.8493378]
Keyframe: 44 Frame: 376 Frame from vFrameID : 377
Tcw:
[0.99741668, 0.039907552, 0.059727415, -0.21037738;
 0.042357538, 0.34478951, -0.93772388, -0.58655137;
 -0.058015648, 0.93783134, 0.34220842, 2.8975058;
 0, 0, 0, 1]
Twc:
[0.99741668, 0.042357538, -0.058015648, 0.40277949;
 0.039907552, 0.34478951, 0.93783134, -2.5067394;
 0.059727415, -0.93772388, 0.34220842, -1.5290089;
 0, 0, 0, 1]
Ow:
[-0.21037738;
 -0.58655137;
 2.8975058]
Keyframe: 45 Frame: 383 Frame from vFrameID : 384
Tcw:
[0.99993396, 0.0057154535, -0.0099724941, -0.16488229;
 -0.011328913, 0.34344822, -0.93910331, -0.61705464;
 -0.0019423655, 0.93915421, 0.3434903, 2.9802003;
 0, 0, 0, 1]
Twc:
[0.99993396, -0.011328913, -0.0019423655, 0.16366947;
 0.0057154535, 0.34344822, 0.93915421, -2.5859993;
 -0.0099724941, -0.93910331, 0.3434903, -1.6047922;
 0, 0, 0, 1]
Ow:
[-0.16488229;
 -0.61705464;
 2.9802003]
Keyframe: 46 Frame: 390 Frame from vFrameID : 391
Tcw:
[0.99984431, 0.016322639, -0.0067043416, -0.10589394;
 -0.012026965, 0.35234624, -0.93579245, -0.74081689;
 -0.012912352, 0.93572736, 0.35248768, 3.0511706;
 0, 0, 0, 1]
Twc:
[0.99984431, -0.012026965, -0.012912352, 0.13636547;
 0.016322639, 0.35234624, 0.93572736, -2.5923114;
 -0.0067043416, -0.93579245, 0.35248768, -1.7694609;
 0, 0, 0, 1]
Ow:
[-0.10589394;
 -0.74081689;
 3.0511706]
Keyframe: 47 Frame: 397 Frame from vFrameID : 398
Tcw:
[0.99643993, 0.045394756, 0.071041033, -0.17063764;
 0.049848303, 0.36233404, -0.93071431, -0.75709766;
 -0.067990132, 0.93094218, 0.35878125, 3.1076121;
 0, 0, 0, 1]
Twc:
[0.99643993, 0.049848303, -0.067990132, 0.41905713;
 0.045394756, 0.36233404, 0.93094218, -2.6109388;
 0.071041033, -0.93071431, 0.35878125, -1.8074723;
 0, 0, 0, 1]
Ow:
[-0.17063764;
 -0.75709766;
 3.1076121]
Keyframe: 48 Frame: 405 Frame from vFrameID : 406
Tcw:
[0.99656445, 0.049034785, 0.066744827, -0.083218738;
 0.04374858, 0.37261531, -0.92695409, -0.8892678;
 -0.070323139, 0.92668951, 0.36918998, 3.1978412;
 0, 0, 0, 1]
Twc:
[0.99656445, 0.04374858, -0.070323139, 0.34671926;
 0.049034785, 0.37261531, 0.92668951, -2.6279705;
 0.066744827, -0.92695409, 0.36918998, -1.9993669;
 0, 0, 0, 1]
Ow:
[-0.083218738;
 -0.8892678;
 3.1978412]
Keyframe: 49 Frame: 412 Frame from vFrameID : 413
Tcw:
[0.99997485, 0.0032754238, 0.0062923767, -0.082419753;
 0.0045674867, 0.38140804, -0.9243955, -0.94436508;
 -0.0054277498, 0.92440099, 0.38138348, 3.2149324;
 0, 0, 0, 1]
Twc:
[0.99997485, 0.0045674867, -0.0054277498, 0.10418091;
 0.0032754238, 0.38140804, 0.92440099, -2.6114283;
 0.0062923767, -0.9243955, 0.38138348, -2.0985703;
 0, 0, 0, 1]
Ow:
[-0.082419753;
 -0.94436508;
 3.2149324]
Keyframe: 50 Frame: 419 Frame from vFrameID : 420
Tcw:
[0.99862671, -0.04141815, -0.032080956, -0.034357928;
 -0.014019943, 0.37874401, -0.92539525, -0.94616234;
 0.05047863, 0.92457426, 0.3776432, 3.2392979;
 0, 0, 0, 1]
Twc:
[0.99862671, -0.014019943, 0.05047863, -0.14246972;
 -0.04141815, 0.37874401, 0.92457426, -2.638041;
 -0.032080956, -0.92539525, 0.3776432, -2.0999753;
 0, 0, 0, 1]
Ow:
[-0.034357928;
 -0.94616234;
 3.2392979]
Keyframe: 51 Frame: 425 Frame from vFrameID : 426
Tcw:
[0.99957716, 0.0052789473, 0.028593527, -0.2360305;
 0.024671244, 0.36644158, -0.93011391, -0.77313149;
 -0.015387879, 0.93042606, 0.3661564, 3.4182954;
 0, 0, 0, 1]
Twc:
[0.99957716, 0.024671244, -0.015387879, 0.30760515;
 0.0052789473, 0.36644158, 0.93042606, -2.8959179;
 0.028593527, -0.93011391, 0.3661564, -1.9639823;
 0, 0, 0, 1]
Ow:
[-0.2360305;
 -0.77313149;
 3.4182954]
Keyframe: 52 Frame: 433 Frame from vFrameID : 434
Tcw:
[0.99568963, 0.045057502, 0.081067443, -0.23162259;
 0.057258908, 0.38898143, -0.91946447, -0.86311102;
 -0.0729625, 0.92014307, 0.38472486, 3.4806843;
 0, 0, 0, 1]
Twc:
[0.99568963, 0.057258908, -0.0729625, 0.53400445;
 0.045057502, 0.38898143, 0.92014307, -2.8565569;
 0.081067443, -0.91946447, 0.38472486, -2.1139286;
 0, 0, 0, 1]
Ow:
[-0.23162259;
 -0.86311102;
 3.4806843]
Keyframe: 53 Frame: 439 Frame from vFrameID : 440
Tcw:
[0.99769294, 0.033180017, 0.059227172, -0.15560172;
 0.043787703, 0.35217819, -0.93490809, -0.90154123;
 -0.051878784, 0.93534464, 0.34991282, 3.520539;
 0, 0, 0, 1]
Twc:
[0.99769294, 0.043787703, -0.051878784, 0.37736046;
 0.033180017, 0.35217819, 0.93534464, -2.9702513;
 0.059227172, -0.93490809, 0.34991282, -2.0655241;
 0, 0, 0, 1]
Ow:
[-0.15560172;
 -0.90154123;
 3.520539]
Keyframe: 54 Frame: 447 Frame from vFrameID : 448
Tcw:
[0.99973071, 0.019034522, 0.013273255, -0.11508762;
 0.0048417519, 0.38830084, -0.92151994, -0.93294919;
 -0.022694707, 0.92133605, 0.38810411, 3.5281823;
 0, 0, 0, 1]
Twc:
[0.99973071, 0.0048417519, -0.022694707, 0.1996448;
 0.019034522, 0.38830084, 0.92133605, -2.8861861;
 0.013273255, -0.92151994, 0.38810411, -2.2275057;
 0, 0, 0, 1]
Ow:
[-0.11508762;
 -0.93294919;
 3.5281823]
Keyframe: 55 Frame: 455 Frame from vFrameID : 456
Tcw:
[0.99939048, 0.030506689, 0.01697113, -0.082750261;
 0.0037106501, 0.39056087, -0.92056966, -0.99770522;
 -0.034711789, 0.92007148, 0.39020962, 3.570745;
 0, 0, 0, 1]
Twc:
[0.99939048, 0.0037106501, -0.034711789, 0.2103489;
 0.030506689, 0.39056087, 0.92007148, -2.8931515;
 0.01697113, -0.92056966, 0.39020962, -2.3103917;
 0, 0, 0, 1]
Ow:
[-0.082750261;
 -0.99770522;
 3.570745]
Keyframe: 56 Frame: 464 Frame from vFrameID : 465
Tcw:
[0.99478608, 0.082110785, 0.060484931, -0.12143104;
 0.024858607, 0.37996671, -0.92466605, -1.0112654;
 -0.098907314, 0.92134851, 0.37594444, 3.678757;
 0, 0, 0, 1]
Twc:
[0.99478608, 0.024858607, -0.098907314, 0.50979257;
 0.082110785, 0.37996671, 0.92134851, -2.9951994;
 0.060484931, -0.92466605, 0.37594444, -2.3107464;
 0, 0, 0, 1]
Ow:
[-0.12143104;
 -1.0112654;
 3.678757]
Keyframe: 57 Frame: 471 Frame from vFrameID : 472
Tcw:
[0.99931741, 0.036257554, 0.0070812996, -0.015490012;
 -0.0067440621, 0.3675105, -0.92999494, -1.0864387;
 -0.036321793, 0.92931235, 0.36750415, 3.6925511;
 0, 0, 0, 1]
Twc:
[0.99931741, -0.0067440621, -0.036321793, 0.1422725;
 0.036257554, 0.3675105, 0.92931235, -3.0316942;
 0.0070812996, -0.92999494, 0.36750415, -2.3673007;
 0, 0, 0, 1]
Ow:
[-0.015490012;
 -1.0864387;
 3.6925511]
Keyframe: 58 Frame: 478 Frame from vFrameID : 479
Tcw:
[0.99780011, 0.012518642, -0.065101884, 0.014717802;
 -0.064774603, 0.39317524, -0.91717911, -1.1219062;
 0.014114612, 0.91937834, 0.39312118, 3.7286992;
 0, 0, 0, 1]
Twc:
[0.99780011, -0.064774603, 0.014114612, -0.13998559;
 0.012518642, 0.39317524, 0.91937834, -2.9871638;
 -0.065101884, -0.91717911, 0.39312118, -2.4938614;
 0, 0, 0, 1]
Ow:
[0.014717802;
 -1.1219062;
 3.7286992]
Keyframe: 59 Frame: 485 Frame from vFrameID : 486
Tcw:
[0.99971634, 0.00086767977, 0.023800703, -0.23943549;
 0.022049205, 0.34405652, -0.93869001, -1.0879117;
 -0.0090032695, 0.93894851, 0.34393978, 3.9375799;
 0, 0, 0, 1]
Twc:
[0.99971634, 0.022049205, -0.0090032695, 0.29880625;
 0.00086767977, 0.34405652, 0.93894851, -3.322674;
 0.023800703, -0.93869001, 0.34393978, -2.3698034;
 0, 0, 0, 1]
Ow:
[-0.23943549;
 -1.0879117;
 3.9375799]
Keyframe: 60 Frame: 492 Frame from vFrameID : 493
Tcw:
[0.99213791, 0.073469475, 0.10131434, -0.28492177;
 0.070461579, 0.34112039, -0.93737507, -1.0623037;
 -0.10342884, 0.93714416, 0.3332617, 4.0359435;
 0, 0, 0, 1]
Twc:
[0.99213791, 0.070461579, -0.10342884, 0.77496618;
 0.073469475, 0.34112039, 0.93714416, -3.3989539;
 0.10131434, -0.93737507, 0.3332617, -2.3119354;
 0, 0, 0, 1]
Ow:
[-0.28492177;
 -1.0623037;
 4.0359435]
Keyframe: 61 Frame: 500 Frame from vFrameID : 501
Tcw:
[0.98782939, 0.095653005, 0.12265259, -0.25154886;
 0.081572421, 0.35282058, -0.93212855, -1.1140301;
 -0.13243526, 0.93078899, 0.34072387, 4.061954;
 0, 0, 0, 1]
Twc:
[0.98782939, 0.081572421, -0.13243526, 0.87730742;
 0.095653005, 0.35282058, 0.93078899, -3.3637078;
 0.12265259, -0.93212855, 0.34072387, -2.3915708;
 0, 0, 0, 1]
Ow:
[-0.25154886;
 -1.1140301;
 4.061954]
Keyframe: 62 Frame: 507 Frame from vFrameID : 508
Tcw:
[0.99743646, 0.068720065, 0.019952428, -0.12862304;
 -0.0020288571, 0.30587506, -0.95206952, -1.0379891;
 -0.071529225, 0.94958836, 0.30523035, 4.1543584;
 0, 0, 0, 1]
Twc:
[0.99743646, -0.0020288571, -0.071529225, 0.42334539;
 0.068720065, 0.30587506, 0.94958836, -3.6185961;
 0.019952428, -0.95206952, 0.30523035, -2.2537076;
 0, 0, 0, 1]
Ow:
[-0.12862304;
 -1.0379891;
 4.1543584]
Keyframe: 63 Frame: 515 Frame from vFrameID : 516
Tcw:
[0.99807429, 0.060230874, -0.014831526, -0.10259981;
 -0.034254059, 0.33582726, -0.94130051, -1.1156763;
 -0.051714525, 0.93999588, 0.33724371, 4.2505312;
 0, 0, 0, 1]
Twc:
[0.99807429, -0.034254059, -0.051714525, 0.28399998;
 0.060230874, 0.33582726, 0.93999588, -3.6146276;
 -0.014831526, -0.94130051, 0.33724371, -2.4851732;
 0, 0, 0, 1]
Ow:
[-0.10259981;
 -1.1156763;
 4.2505312]
Keyframe: 64 Frame: 522 Frame from vFrameID : 523
Tcw:
[0.99584842, 0.074249819, 0.052658107, -0.075914815;
 0.027024852, 0.31124261, -0.94994617, -1.1714689;
 -0.08692278, 0.94742548, 0.30794388, 4.269784;
 0, 0, 0, 1]
Twc:
[0.99584842, 0.027024852, -0.08692278, 0.4783999;
 0.074249819, 0.31124261, 0.94742548, -3.6750546;
 0.052658107, -0.94994617, 0.30794388, -2.4236887;
 0, 0, 0, 1]
Ow:
[-0.075914815;
 -1.1714689;
 4.269784]
Keyframe: 65 Frame: 529 Frame from vFrameID : 530
Tcw:
[0.99080747, 0.1062038, 0.083793566, -0.24312045;
 0.048447751, 0.29975319, -0.95278585, -1.1888772;
 -0.12630686, 0.94808692, 0.29185236, 4.4908891;
 0, 0, 0, 1]
Twc:
[0.99080747, 0.048447751, -0.12630686, 0.86571407;
 0.1062038, 0.29975319, 0.94808692, -3.8755629;
 0.083793566, -0.95278585, 0.29185236, -2.4230499;
 0, 0, 0, 1]
Ow:
[-0.24312045;
 -1.1888772;
 4.4908891]
Keyframe: 66 Frame: 535 Frame from vFrameID : 536
Tcw:
[0.99728537, 0.071030729, 0.019405873, -0.24139826;
 -0.0002826383, 0.26723608, -0.96363103, -1.1097305;
 -0.073633365, 0.96100962, 0.26653069, 4.5985222;
 0, 0, 0, 1]
Twc:
[0.99728537, -0.0002826383, -0.073633365, 0.57903397;
 0.071030729, 0.26723608, 0.96100962, -4.1055174;
 0.019405873, -0.96363103, 0.26653069, -2.2903335;
 0, 0, 0, 1]
Ow:
[-0.24139826;
 -1.1097305;
 4.5985222]
Keyframe: 67 Frame: 542 Frame from vFrameID : 543
Tcw:
[0.99819833, 0.054461181, -0.025180321, -0.17868952;
 -0.039556727, 0.28177866, -0.9586637, -1.1288637;
 -0.045114677, 0.95793253, 0.2834253, 4.6017814;
 0, 0, 0, 1]
Twc:
[0.99819833, -0.039556727, -0.045114677, 0.34132135;
 0.054461181, 0.28177866, 0.95793253, -4.0803752;
 -0.025180321, -0.9586637, 0.2834253, -2.3909614;
 0, 0, 0, 1]
Ow:
[-0.17868952;
 -1.1288637;
 4.6017814]
Keyframe: 68 Frame: 549 Frame from vFrameID : 550
Tcw:
[0.99635094, 0.084901199, 0.0087490138, -0.1803537;
 -0.015385963, 0.27949065, -0.96002513, -1.1375386;
 -0.083952554, 0.95638734, 0.27977708, 4.642756;
 0, 0, 0, 1]
Twc:
[0.99635094, -0.015385963, -0.083952554, 0.5519647;
 0.084901199, 0.27949065, 0.95638734, -4.1070294;
 0.0087490138, -0.96002513, 0.27977708, -2.3894243;
 0, 0, 0, 1]
Ow:
[-0.1803537;
 -1.1375386;
 4.642756]
Keyframe: 69 Frame: 557 Frame from vFrameID : 558
Tcw:
[0.99131137, 0.12066981, 0.052350603, -0.2025298;
 0.009563691, 0.33081874, -0.94364583, -1.1729032;
 -0.13118812, 0.93594754, 0.32679033, 4.6399627;
 0, 0, 0, 1]
Twc:
[0.99131137, 0.009563691, -0.13118812, 0.8206954;
 0.12066981, 0.33081874, 0.93594754, -3.9303038;
 0.052350603, -0.94364583, 0.32679033, -2.6124976;
 0, 0, 0, 1]
Ow:
[-0.2025298;
 -1.1729032;
 4.6399627]
Keyframe: 70 Frame: 564 Frame from vFrameID : 565
Tcw:
[0.98842347, 0.14096388, 0.056109581, -0.15253632;
 0.0074964389, 0.32399532, -0.94602901, -1.2320501;
 -0.15153515, 0.93549782, 0.31918782, 4.6796427;
 0, 0, 0, 1]
Twc:
[0.98842347, 0.0074964389, -0.15153515, 0.86913687;
 0.14096388, 0.32399532, 0.93549782, -3.9571152;
 0.056109581, -0.94602901, 0.31918782, -2.6506815;
 0, 0, 0, 1]
Ow:
[-0.15253632;
 -1.2320501;
 4.6796427]
Keyframe: 71 Frame: 572 Frame from vFrameID : 573
Tcw:
[0.99679422, 0.079667076, 0.0073740575, -0.14132619;
 -0.018820502, 0.32306233, -0.94619054, -1.2609347;
 -0.077762514, 0.9430185, 0.32352602, 4.7340117;
 0, 0, 0, 1]
Twc:
[0.99679422, -0.018820502, -0.077762514, 0.48527038;
 0.079667076, 0.32306233, 0.9430185, -4.0456409;
 0.0073740575, -0.94619054, 0.32352602, -2.7236183;
 0, 0, 0, 1]
Ow:
[-0.14132619;
 -1.2609347;
 4.7340117]
Keyframe: 72 Frame: 578 Frame from vFrameID : 579
Tcw:
[0.99914283, 0.026005851, -0.032206614, -0.14401764;
 -0.03882755, 0.31900394, -0.94695771, -1.2613589;
 -0.014352405, 0.94739652, 0.31974024, 4.775856;
 0, 0, 0, 1]
Twc:
[0.99914283, -0.03882755, -0.014352405, 0.16346374;
 0.026005851, 0.31900394, 0.94739652, -4.1185055;
 -0.032206614, -0.94695771, 0.31974024, -2.7261252;
 0, 0, 0, 1]
Ow:
[-0.14401764;
 -1.2613589;
 4.775856]
Keyframe: 73 Frame: 585 Frame from vFrameID : 586
Tcw:
[0.99915475, -0.016963236, -0.037443541, -0.097829387;
 -0.030229326, 0.31405124, -0.94892466, -1.2950571;
 0.027856024, 0.94925445, 0.31327301, 4.8229389;
 0, 0, 0, 1]
Twc:
[0.99915475, -0.030229326, 0.027856024, -0.075749911;
 -0.016963236, 0.31405124, 0.94925445, -4.173142;
 -0.037443541, -0.94892466, 0.31327301, -2.7434711;
 0, 0, 0, 1]
Ow:
[-0.097829387;
 -1.2950571;
 4.8229389]
Keyframe: 74 Frame: 592 Frame from vFrameID : 593
Tcw:
[0.99823892, 0.023010517, -0.054676816, -0.052621044;
 -0.059248302, 0.34096664, -0.93820649, -1.2420751;
 -0.0029456445, 0.93979371, 0.34172952, 4.8748679;
 0, 0, 0, 1]
Twc:
[0.99823892, -0.059248302, -0.0029456445, -0.0067028385;
 0.023010517, 0.34096664, 0.93979371, -4.1566534;
 -0.054676816, -0.93820649, 0.34172952, -2.8340864;
 0, 0, 0, 1]
Ow:
[-0.052621044;
 -1.2420751;
 4.8748679]
Keyframe: 75 Frame: 601 Frame from vFrameID : 602
Tcw:
[0.99891818, -0.0095581701, -0.045510028, -0.30124357;
 -0.039905742, 0.32627392, -0.94443256, -1.2837081;
 0.023875782, 0.94522697, 0.32553953, 5.1032739;
 0, 0, 0, 1]
Twc:
[0.99891818, -0.039905742, 0.023875782, 0.1278457;
 -0.0095581701, 0.32627392, 0.94522697, -4.4077902;
 -0.045510028, -0.94443256, 0.32553953, -2.8874025;
 0, 0, 0, 1]
Ow:
[-0.30124357;
 -1.2837081;
 5.1032739]
Keyframe: 76 Frame: 609 Frame from vFrameID : 610
Tcw:
[0.99878258, -0.035637408, -0.034107752, -0.34741762;
 -0.019931698, 0.34092602, -0.93987882, -1.3417499;
 0.045123063, 0.93941438, 0.33980066, 5.1936836;
 0, 0, 0, 1]
Twc:
[0.99878258, -0.019931698, 0.045123063, 0.085896395;
 -0.035637408, 0.34092602, 0.93941438, -4.4339647;
 -0.034107752, -0.93987882, 0.33980066, -3.0377491;
 0, 0, 0, 1]
Ow:
[-0.34741762;
 -1.3417499;
 5.1936836]
Keyframe: 77 Frame: 615 Frame from vFrameID : 616
Tcw:
[0.99978912, -0.0083869202, 0.018744847, -0.42520541;
 0.020468825, 0.33346084, -0.94254172, -1.3506573;
 0.00165435, 0.94272667, 0.33356217, 5.2549558;
 0, 0, 0, 1]
Twc:
[0.99978912, 0.020468825, 0.00165435, 0.44406858;
 -0.0083869202, 0.33346084, 0.94272667, -4.5071616;
 0.018744847, -0.94254172, 0.33356217, -3.017935;
 0, 0, 0, 1]
Ow:
[-0.42520541;
 -1.3506573;
 5.2549558]
Keyframe: 78 Frame: 622 Frame from vFrameID : 623
Tcw:
[0.9999612, -0.0087976791, -0.00046851256, -0.29752895;
 0.002565369, 0.3416346, -0.93982935, -1.3735421;
 0.0084283771, 0.93979168, 0.3416439, 5.333787;
 0, 0, 0, 1]
Twc:
[0.9999612, 0.002565369, 0.0084283771, 0.25608587;
 -0.0087976791, 0.3416346, 0.93979168, -4.5460162;
 -0.00046851256, -0.93982935, 0.3416439, -3.1132901;
 0, 0, 0, 1]
Ow:
[-0.29752895;
 -1.3735421;
 5.333787]
Keyframe: 79 Frame: 630 Frame from vFrameID : 631
Tcw:
[0.99917209, -0.035105526, -0.020561401, -0.30749857;
 -0.0079395091, 0.32742381, -0.94484425, -1.392987;
 0.039901547, 0.94422519, 0.32687402, 5.4441948;
 0, 0, 0, 1]
Twc:
[0.99917209, -0.0079395091, 0.039901547, 0.078952558;
 -0.035105526, 0.32742381, 0.94422519, -4.6952438;
 -0.020561401, -0.94484425, 0.32687402, -3.1020441;
 0, 0, 0, 1]
Ow:
[-0.30749857;
 -1.392987;
 5.4441948]
Keyframe: 80 Frame: 637 Frame from vFrameID : 638
Tcw:
[0.99939144, -0.023947148, -0.025362425, -0.27041855;
 -0.015902853, 0.33433431, -0.94232035, -1.4522822;
 0.031045415, 0.94215024, 0.33375004, 5.4576731;
 0, 0, 0, 1]
Twc:
[0.99939144, -0.015902853, 0.031045415, 0.077722847;
 -0.023947148, 0.33433431, 0.94215024, -4.6628761;
 -0.025362425, -0.94232035, 0.33375004, -3.1968722;
 0, 0, 0, 1]
Ow:
[-0.27041855;
 -1.4522822;
 5.4576731]
Keyframe: 81 Frame: 644 Frame from vFrameID : 645
Tcw:
[0.99966478, 0.004127562, 0.025559146, -0.24689864;
 0.022412764, 0.35622552, -0.93413115, -1.4170787;
 -0.012960505, 0.9343909, 0.35601363, 5.4759188;
 0, 0, 0, 1]
Twc:
[0.99966478, 0.022412764, -0.012960505, 0.34954721;
 0.004127562, 0.35622552, 0.9343909, -4.6108294;
 0.025559146, -0.93413115, 0.35601363, -3.2669282;
 0, 0, 0, 1]
Ow:
[-0.24689864;
 -1.4170787;
 5.4759188]
Keyframe: 82 Frame: 649 Frame from vFrameID : 650
Tcw:
[0.99798566, 0.02853073, 0.056662228, -0.40269071;
 0.043775238, 0.33675712, -0.94057345, -1.3491848;
 -0.045916654, 0.94115919, 0.33482984, 5.6225586;
 0, 0, 0, 1]
Twc:
[0.99798566, 0.043775238, -0.045916654, 0.71910954;
 0.02853073, 0.33675712, 0.94115919, -4.8258862;
 0.056662228, -0.94057345, 0.33482984, -3.1287901;
 0, 0, 0, 1]
Ow:
[-0.40269071;
 -1.3491848;
 5.6225586]
Keyframe: 83 Frame: 655 Frame from vFrameID : 656
Tcw:
[0.99992031, -0.00020846499, 0.012621748, -0.33537465;
 0.011968282, 0.33359164, -0.94264168, -1.3635144;
 -0.0040140022, 0.94271767, 0.33356756, 5.6285076;
 0, 0, 0, 1]
Twc:
[0.99992031, 0.011968282, -0.0040140022, 0.37425968;
 -0.00020846499, 0.33359164, 0.94271767, -4.851306;
 0.012621748, -0.94264168, 0.33356756, -3.15856;
 0, 0, 0, 1]
Ow:
[-0.33537465;
 -1.3635144;
 5.6285076]
Keyframe: 84 Frame: 661 Frame from vFrameID : 662
Tcw:
[0.99945658, -0.023100439, -0.023513047, -0.32622829;
 -0.013963957, 0.34943122, -0.93685794, -1.4044789;
 0.029858023, 0.93667722, 0.34891877, 5.6801705;
 0, 0, 0, 1]
Twc:
[0.99945658, -0.013963957, 0.029858023, 0.13684028;
 -0.023100439, 0.34943122, 0.93667722, -4.8372536;
 -0.023513047, -0.93685794, 0.34891877, -3.3053858;
 0, 0, 0, 1]
Ow:
[-0.32622829;
 -1.4044789;
 5.6801705]
Keyframe: 85 Frame: 667 Frame from vFrameID : 668
Tcw:
[0.99976724, -0.020420343, -0.0069616679, -0.31965989;
 0.0005819315, 0.34808874, -0.93746144, -1.4136167;
 0.02156656, 0.93723917, 0.3480196, 5.7083035;
 0, 0, 0, 1]
Twc:
[0.99976724, 0.0005819315, 0.02156656, 0.19729966;
 -0.020420343, 0.34808874, 0.93723917, -4.8645091;
 -0.0069616679, -0.93746144, 0.3480196, -3.3140378;
 0, 0, 0, 1]
Ow:
[-0.31965989;
 -1.4136167;
 5.7083035]
Keyframe: 86 Frame: 674 Frame from vFrameID : 675
Tcw:
[0.99769211, 0.035341464, 0.057977863, -0.39212734;
 0.04191412, 0.35121703, -0.93535542, -1.3665754;
 -0.053419646, 0.93562686, 0.34892514, 5.805685;
 0, 0, 0, 1]
Twc:
[0.99769211, 0.04191412, -0.053419646, 0.75863874;
 0.035341464, 0.35121703, 0.93562686, -4.9381318;
 0.057977863, -0.93535542, 0.34892514, -3.2812486;
 0, 0, 0, 1]
Ow:
[-0.39212734;
 -1.3665754;
 5.805685]
Keyframe: 87 Frame: 680 Frame from vFrameID : 681
Tcw:
[0.99767697, 0.037664808, 0.056763001, -0.37324196;
 0.039927252, 0.35181868, -0.93521625, -1.4439747;
 -0.055195022, 0.93531013, 0.34949753, 5.8472495;
 0, 0, 0, 1]
Twc:
[0.99767697, 0.039927252, -0.055195022, 0.75276792;
 0.037664808, 0.35181868, 0.93531013, -4.9469161;
 0.056763001, -0.93521625, 0.34949753, -3.3728416;
 0, 0, 0, 1]
Ow:
[-0.37324196;
 -1.4439747;
 5.8472495]
Keyframe: 88 Frame: 685 Frame from vFrameID : 686
Tcw:
[0.99994689, 0.006951828, 0.0076062451, -0.35708189;
 0.0050292434, 0.31501269, -0.94907415, -1.4385767;
 -0.0089938641, 0.94906199, 0.31496102, 5.9431438;
 0, 0, 0, 1]
Twc:
[0.99994689, 0.0050292434, -0.0089938641, 0.4177497;
 0.006951828, 0.31501269, 0.94906199, -5.1847601;
 0.0076062451, -0.94907415, 0.31496102, -3.2344584;
 0, 0, 0, 1]
Ow:
[-0.35708189;
 -1.4385767;
 5.9431438]
Keyframe: 89 Frame: 692 Frame from vFrameID : 693
Tcw:
[0.99931389, -0.023746157, -0.028423641, -0.32373434;
 -0.01759129, 0.37103835, -0.92845088, -1.5120857;
 0.032593403, 0.92831385, 0.37036607, 5.9578934;
 0, 0, 0, 1]
Twc:
[0.99931389, -0.01759129, 0.032593403, 0.10272465;
 -0.023746157, 0.37103835, 0.92831385, -4.9774408;
 -0.028423641, -0.92845088, 0.37036607, -3.6197007;
 0, 0, 0, 1]
Ow:
[-0.32373434;
 -1.5120857;
 5.9578934]
Keyframe: 90 Frame: 699 Frame from vFrameID : 700
Tcw:
[0.9995929, 0.01102737, 0.026314894, -0.3154273;
 0.0204686, 0.36538327, -0.93063211, -1.5774889;
 -0.019877445, 0.93079185, 0.36500877, 5.9770837;
 0, 0, 0, 1]
Twc:
[0.9995929, 0.0204686, -0.019877445, 0.46639702;
 0.01102737, 0.36538327, 0.93079185, -4.9835544;
 0.026314894, -0.93063211, 0.36500877, -3.6414495;
 0, 0, 0, 1]
Ow:
[-0.3154273;
 -1.5774889;
 5.9770837]
Keyframe: 91 Frame: 706 Frame from vFrameID : 707
