Keyframe: 0 Frame: 0 Frame from vFrameID : 51
Tcw:
[1, 0, 0, 0;
 0, 1, 0, 0;
 0, 0, 1, 0;
 0, 0, 0, 1]
Twc:
[1, 0, 0, 0;
 0, 1, 0, 0;
 0, 0, 1, 0;
 0, 0, 0, 1]
Ow:
[0;
 0;
 0]
Keyframe: 1 Frame: 50 Frame from vFrameID : 51
Tcw:
[0.99997705, -0.0056118923, -0.00379203, -0.012649655;
 0.0055802776, 0.99994999, -0.0082968539, 0.0043104514;
 0.0038384015, 0.0082755033, 0.9999584, 0.0011318141;
 0, 0, 0, 1]
Twc:
[0.99997705, 0.0055802776, 0.0038384015, 0.012620968;
 -0.0056118923, 0.99994999, 0.0082755033, -0.0043905913;
 -0.00379203, -0.0082968539, 0.9999584, -0.0011439717;
 0, 0, 0, 1]
Ow:
[-0.012649655;
 0.0043104514;
 0.0011318141]
Keyframe: 2 Frame: 51 Frame from vFrameID : 52
Tcw:
[0.99996245, -0.0075346632, -0.0042850845, -0.015125023;
 0.0075079668, 0.9999525, -0.0062124711, 0.0041361786;
 0.0043316898, 0.0061800652, 0.99997151, 0.0012812613;
 0, 0, 0, 1]
Twc:
[0.99996245, 0.0075079668, 0.0043316898, 0.01508785;
 -0.0075346632, 0.9999525, 0.0061800652, -0.0042578625;
 -0.0042850845, -0.0062124711, 0.99997151, -0.0013203409;
 0, 0, 0, 1]
Ow:
[-0.015125023;
 0.0041361786;
 0.0012812613]
Keyframe: 3 Frame: 53 Frame from vFrameID : 54
Tcw:
[0.99992454, -0.011086811, -0.0052874521, -0.013565851;
 0.011073118, 0.99993527, -0.0026120793, 0.0052144406;
 0.0053160693, 0.0025533338, 0.9999826, -0.00027652798;
 0, 0, 0, 1]
Twc:
[0.99992454, 0.011073118, 0.0053160693, 0.013508558;
 -0.011086811, 0.99993527, 0.0025533338, -0.0053637996;
 -0.0052874521, -0.0026120793, 0.9999826, 0.00021841491;
 0, 0, 0, 1]
Ow:
[-0.013565851;
 0.0052144406;
 -0.00027652798]
Keyframe: 4 Frame: 55 Frame from vFrameID : 56
Tcw:
[0.99995047, -0.0090364786, -0.0041780528, -0.013444256;
 0.0090386178, 0.99995905, 0.00049348129, 0.0062843617;
 0.0041734222, -0.00053122063, 0.99999118, -0.0019663123;
 0, 0, 0, 1]
Twc:
[0.99995047, 0.0090386178, 0.0041734222, 0.013394993;
 -0.0090364786, 0.99995905, -0.00053122063, -0.0064066374;
 -0.0041780528, 0.00049348129, 0.99999118, 0.0019070229;
 0, 0, 0, 1]
Ow:
[-0.013444256;
 0.0062843617;
 -0.0019663123]
Keyframe: 5 Frame: 57 Frame from vFrameID : 58
Tcw:
[0.99999571, -0.0028866064, 0.00051126053, -0.012921748;
 0.0028766636, 0.999825, 0.018483665, 0.0077680941;
 -0.00056452613, -0.018482115, 0.99982905, -0.0060031884;
 0, 0, 0, 1]
Twc:
[0.99999571, 0.0028766636, -0.00056452613, 0.012895957;
 -0.0028866064, 0.999825, -0.018482115, -0.0079149865;
 0.00051126053, 0.018483665, 0.99982905, 0.0058651855;
 0, 0, 0, 1]
Ow:
[-0.012921748;
 0.0077680941;
 -0.0060031884]
Keyframe: 6 Frame: 59 Frame from vFrameID : 60
Tcw:
[0.99999988, -0.00046071212, 3.247663e-05, -0.011334957;
 0.00045984131, 0.99973428, 0.023045639, 0.0075952723;
 -4.3085409e-05, -0.023045622, 0.9997344, -0.0084651746;
 0, 0, 0, 1]
Twc:
[0.99999988, 0.00045984131, -4.3085409e-05, 0.011331098;
 -0.00046071212, 0.99973428, -0.023045622, -0.0077935616;
 3.247663e-05, 0.023045639, 0.9997344, 0.0082882568;
 0, 0, 0, 1]
Ow:
[-0.011334957;
 0.0075952723;
 -0.0084651746]
Keyframe: 7 Frame: 62 Frame from vFrameID : 63
Tcw:
[0.99997991, 0.0033007262, -0.0054144245, -0.0088300789;
 -0.0032039976, 0.99983686, 0.017777413, 0.007059338;
 0.0054722195, -0.017759709, 0.99982733, -0.012679154;
 0, 0, 0, 1]
Twc:
[0.99997991, -0.0032039976, 0.0054722195, 0.0089219017;
 0.0033007262, 0.99983686, -0.017759709, -0.0072542182;
 -0.0054144245, 0.017777413, 0.99982733, 0.012503657;
 0, 0, 0, 1]
Ow:
[-0.0088300789;
 0.007059338;
 -0.012679154]
Keyframe: 8 Frame: 65 Frame from vFrameID : 66
Tcw:
[0.99994528, 0.0070107277, -0.0077604633, -0.0034336015;
 -0.006920008, 0.99990815, 0.011655728, 0.0085298996;
 0.0078414651, -0.011601388, 0.99990195, -0.020272125;
 0, 0, 0, 1]
Twc:
[0.99994528, -0.006920008, 0.0078414651, 0.0036514041;
 0.0070107277, 0.99990815, -0.011601388, -0.0087402286;
 -0.0077604633, 0.011655728, 0.99990195, 0.020144068;
 0, 0, 0, 1]
Ow:
[-0.0034336015;
 0.0085298996;
 -0.020272125]
Keyframe: 9 Frame: 69 Frame from vFrameID : 70
Tcw:
[0.99994838, 0.0093996553, 0.0038528552, 0.0030358641;
 -0.0094523793, 0.99985868, 0.013902633, 0.0091869505;
 -0.0037216309, -0.013938335, 0.99989593, -0.030283462;
 0, 0, 0, 1]
Twc:
[0.99994838, -0.0094523793, -0.0037216309, -0.0030615728;
 0.0093996553, 0.99985868, -0.013938335, -0.0096362885;
 0.0038528552, 0.013902633, 0.99989593, 0.030140892;
 0, 0, 0, 1]
Ow:
[0.0030358641;
 0.0091869505;
 -0.030283462]
Keyframe: 10 Frame: 73 Frame from vFrameID : 74
Tcw:
[0.9999119, 0.0067203459, 0.011443968, 0.0055992235;
 -0.0069224918, 0.9998191, 0.017716922, 0.010572989;
 -0.011322834, -0.017794581, 0.99977756, -0.035898775;
 0, 0, 0, 1]
Twc:
[0.9999119, -0.0069224918, -0.011322834, -0.0059320149;
 0.0067203459, 0.9998191, -0.017794581, -0.011247508;
 0.011443968, 0.017716922, 0.99977756, 0.03563939;
 0, 0, 0, 1]
Ow:
[0.0055992235;
 0.010572989;
 -0.035898775]
Keyframe: 11 Frame: 76 Frame from vFrameID : 77
Tcw:
[0.99994892, 0.0055449931, 0.0084485942, 0.008527182;
 -0.0057799704, 0.99958992, 0.028046776, 0.009764906;
 -0.00828961, -0.028094176, 0.99957091, -0.04014245;
 0, 0, 0, 1]
Twc:
[0.99994892, -0.0057799704, -0.00828961, -0.0088030715;
 0.0055449931, 0.99958992, -0.028094176, -0.010935954;
 0.0084485942, 0.028046776, 0.99957091, 0.039779309;
 0, 0, 0, 1]
Ow:
[0.008527182;
 0.009764906;
 -0.04014245]
Keyframe: 12 Frame: 79 Frame from vFrameID : 80
Tcw:
[0.99999493, 0.00034411624, 0.0031698977, 0.0089912582;
 -0.00044094943, 0.99953169, 0.030597862, 0.0096895862;
 -0.0031578841, -0.030599104, 0.99952674, -0.042627811;
 0, 0, 0, 1]
Twc:
[0.99999493, -0.00044094943, -0.0031578841, -0.009121553;
 0.00034411624, 0.99953169, -0.030599104, -0.010992516;
 0.0031698977, 0.030597862, 0.99952674, 0.04228266;
 0, 0, 0, 1]
Ow:
[0.0089912582;
 0.0096895862;
 -0.042627811]
Keyframe: 13 Frame: 82 Frame from vFrameID : 83
Tcw:
[0.99999321, -0.0035090083, -0.0011141392, 0.0086406786;
 0.0035414414, 0.99952596, 0.030581852, 0.009653382;
 0.001006299, -0.030585591, 0.99953163, -0.043221086;
 0, 0, 0, 1]
Twc:
[0.99999321, 0.0035414414, 0.001006299, -0.0086313142;
 -0.0035090083, 0.99952596, -0.030585591, -0.01094043;
 -0.0011141392, 0.030581852, 0.99953163, 0.042915255;
 0, 0, 0, 1]
Ow:
[0.0086406786;
 0.009653382;
 -0.043221086]
Keyframe: 14 Frame: 85 Frame from vFrameID : 86
Tcw:
[0.99997503, -0.0039807535, -0.0058442745, 0.0086238524;
 0.0041511841, 0.99955779, 0.029445447, 0.0093986383;
 0.0057244748, -0.029468972, 0.99954933, -0.042134043;
 0, 0, 0, 1]
Twc:
[0.99997503, 0.0041511841, 0.0057244748, -0.0084214564;
 -0.0039807535, 0.99955779, -0.029468972, -0.010601799;
 -0.0058442745, 0.029445447, 0.99954933, 0.041888706;
 0, 0, 0, 1]
Ow:
[0.0086238524;
 0.0093986383;
 -0.042134043]
Keyframe: 15 Frame: 88 Frame from vFrameID : 89
Tcw:
[0.99997652, -0.0057041436, -0.0037966406, 0.0070181517;
 0.0058002579, 0.99965018, 0.025805388, 0.0098703885;
 0.0036481146, -0.025826804, 0.99965978, -0.040702671;
 0, 0, 0, 1]
Twc:
[0.99997652, 0.0058002579, 0.0036481146, -0.0069267494;
 -0.0057041436, 0.99965018, -0.025826804, -0.010878122;
 -0.0037966406, 0.025805388, 0.99965978, 0.040460758;
 0, 0, 0, 1]
Ow:
[0.0070181517;
 0.0098703885;
 -0.040702671]
Keyframe: 16 Frame: 91 Frame from vFrameID : 92
Tcw:
[0.9999187, -0.011283568, -0.0059367376, 0.0035046989;
 0.011418482, 0.9996655, 0.023204764, 0.0084833605;
 0.0056729196, -0.023270667, 0.99971312, -0.035610989;
 0, 0, 0, 1]
Twc:
[0.9999187, 0.011418482, 0.0056729196, -0.0033992629;
 -0.011283568, 0.9996655, -0.023270667, -0.0092696687;
 -0.0059367376, 0.023204764, 0.99971312, 0.035424724;
 0, 0, 0, 1]
Ow:
[0.0035046989;
 0.0084833605;
 -0.035610989]
Keyframe: 17 Frame: 94 Frame from vFrameID : 95
Tcw:
[0.99993104, -0.010818096, -0.0045685512, 0.0018195553;
 0.010920695, 0.99967432, 0.023064131, 0.0090571614;
 0.0043175532, -0.023112433, 0.99972355, -0.032133952;
 0, 0, 0, 1]
Twc:
[0.99993104, 0.010920695, 0.0043175532, -0.0017796003;
 -0.010818096, 0.99967432, -0.023112433, -0.0097772209;
 -0.0045685512, 0.023064131, 0.99972355, 0.031924486;
 0, 0, 0, 1]
Ow:
[0.0018195553;
 0.0090571614;
 -0.032133952]
Keyframe: 18 Frame: 97 Frame from vFrameID : 98
Tcw:
[0.99989772, -0.014277218, -0.00086810964, -0.0024886942;
 0.014293127, 0.99964517, 0.022477878, 0.0082549043;
 0.00054688001, -0.022487987, 0.99974698, -0.025964677;
 0, 0, 0, 1]
Twc:
[0.99989772, 0.014293127, 0.00054688001, 0.0023846508;
 -0.014277218, 0.99964517, -0.022487987, -0.0088714007;
 -0.00086810964, 0.022477878, 0.99974698, 0.025770394;
 0, 0, 0, 1]
Ow:
[-0.0024886942;
 0.0082549043;
 -0.025964677]
Keyframe: 19 Frame: 100 Frame from vFrameID : 101
Tcw:
[0.99984998, -0.014605115, 0.0093136635, -0.003393929;
 0.014475336, 0.99979925, 0.013852705, 0.0087448163;
 -0.0095141139, -0.013715808, 0.99986064, -0.021366959;
 0, 0, 0, 1]
Twc:
[0.99984998, 0.014475336, -0.0095141139, 0.0030635479;
 -0.014605115, 0.99979925, -0.013715808, -0.0090856943;
 0.0093136635, 0.013852705, 0.99986064, 0.021274455;
 0, 0, 0, 1]
Ow:
[-0.003393929;
 0.0087448163;
 -0.021366959]
Keyframe: 20 Frame: 103 Frame from vFrameID : 104
Tcw:
[0.99973035, -0.010641565, 0.02063871, -0.003797753;
 0.010437646, 0.99989587, 0.0099630794, 0.0089411996;
 -0.020742584, -0.0097449739, 0.99973738, -0.017810401;
 0, 0, 0, 1]
Twc:
[0.99973035, 0.010437646, -0.020742584, 0.0033339702;
 -0.010641565, 0.99989587, -0.0097449739, -0.0091542453;
 0.02063871, 0.0099630794, 0.99973738, 0.017795021;
 0, 0, 0, 1]
Ow:
[-0.003797753;
 0.0089411996;
 -0.017810401]
Keyframe: 21 Frame: 106 Frame from vFrameID : 107
Tcw:
[0.99953878, -0.013892749, 0.027004773, -0.0046351296;
 0.013559531, 0.99983013, 0.01248343, 0.0089999177;
 -0.027173614, -0.0121115, 0.99955738, -0.011279648;
 0, 0, 0, 1]
Twc:
[0.99953878, 0.013559531, -0.027173614, 0.0042044478;
 -0.013892749, 0.99983013, -0.0121115, -0.0091993967;
 0.027004773, 0.01248343, 0.99955738, 0.011287476;
 0, 0, 0, 1]
Ow:
[-0.0046351296;
 0.0089999177;
 -0.011279648]
Keyframe: 22 Frame: 109 Frame from vFrameID : 110
Tcw:
[0.9995501, -0.010155828, 0.028221209, -0.0038885467;
 0.00964686, 0.99978942, 0.018112946, 0.0087628309;
 -0.028399218, -0.017832551, 0.99943757, -0.0034965891;
 0, 0, 0, 1]
Twc:
[0.9995501, 0.00964686, -0.028399218, 0.0037029632;
 -0.010155828, 0.99978942, -0.017832551, -0.0088628298;
 0.028221209, 0.018112946, 0.99943757, 0.0034456414;
 0, 0, 0, 1]
Ow:
[-0.0038885467;
 0.0087628309;
 -0.0034965891]
Keyframe: 23 Frame: 113 Frame from vFrameID : 114
Tcw:
[0.99955255, 0.0011365862, 0.029889861, 0.0014488663;
 -0.0017621412, 0.99977982, 0.020910665, 0.0084220478;
 -0.029859513, -0.020953979, 0.99933445, 0.012685806;
 0, 0, 0, 1]
Twc:
[0.99955255, -0.0017621412, -0.029859513, -0.0010545852;
 0.0011365862, 0.99977982, -0.020953979, -0.0081560211;
 0.029889861, 0.020910665, 0.99933445, -0.012896779;
 0, 0, 0, 1]
Ow:
[0.0014488663;
 0.0084220478;
 0.012685806]
Keyframe: 24 Frame: 117 Frame from vFrameID : 118
Tcw:
[0.99981856, 0.00069868466, 0.019034304, 0.007048971;
 -0.00097210432, 0.99989641, 0.01435911, 0.006342791;
 -0.019022301, -0.014375009, 0.99971569, 0.025482615;
 0, 0, 0, 1]
Twc:
[0.99981856, -0.00097210432, -0.019022301, -0.0065567885;
 0.00069868466, 0.99989641, -0.014375009, -0.0059807468;
 0.019034304, 0.01435911, 0.99971569, -0.025700621;
 0, 0, 0, 1]
Ow:
[0.007048971;
 0.006342791;
 0.025482615]
Keyframe: 25 Frame: 121 Frame from vFrameID : 122
Tcw:
[0.99999547, 0.00070814986, 0.0029321446, 0.013336207;
 -0.00070932222, 0.99999964, 0.00039882222, 0.00098812196;
 -0.0029318612, -0.00040090023, 0.99999565, 0.043113109;
 0, 0, 0, 1]
Twc:
[0.99999547, -0.00070932222, -0.0029318612, -0.013209043;
 0.00070814986, 0.99999964, -0.00040090023, -0.00098028162;
 0.0029321446, 0.00039882222, 0.99999565, -0.043152414;
 0, 0, 0, 1]
Ow:
[0.013336207;
 0.00098812196;
 0.043113109]
Keyframe: 26 Frame: 125 Frame from vFrameID : 126
Tcw:
[0.99994719, 0.010279664, 2.7681233e-05, 0.016874807;
 -0.010277958, 0.99982351, -0.01572467, -0.00037052855;
 -0.00018932068, 0.015723556, 0.99987638, 0.052786246;
 0, 0, 0, 1]
Twc:
[0.99994719, -0.010277958, -0.00018932068, -0.016867731;
 0.010279664, 0.99982351, 0.015723556, -0.00063299167;
 2.7681233e-05, -0.01572467, 0.99987638, -0.052786015;
 0, 0, 0, 1]
Ow:
[0.016874807;
 -0.00037052855;
 0.052786246]
Keyframe: 27 Frame: 129 Frame from vFrameID : 130
Tcw:
[0.99989474, 0.010508927, -0.010001596, 0.019797796;
 -0.01044062, 0.99992198, 0.0068575037, -0.0040468611;
 0.01007288, -0.0067523592, 0.99992645, 0.074729286;
 0, 0, 0, 1]
Twc:
[0.99989474, -0.01044062, 0.01007288, -0.020590704;
 0.010508927, 0.99992198, -0.0067523592, 0.004343091;
 -0.010001596, 0.0068575037, 0.99992645, -0.074498028;
 0, 0, 0, 1]
Ow:
[0.019797796;
 -0.0040468611;
 0.074729286]
Keyframe: 28 Frame: 133 Frame from vFrameID : 134
Tcw:
[0.9999035, 0.013659963, 0.0025263128, 0.017065739;
 -0.013674302, 0.99988997, 0.0057481886, -0.0043367734;
 -0.0024475148, -0.0057821795, 0.99998027, 0.096972175;
 0, 0, 0, 1]
Twc:
[0.9999035, -0.013674302, -0.0024475148, -0.016886054;
 0.013659963, 0.99988997, -0.0057821795, 0.0046638893;
 0.0025263128, 0.0057481886, 0.99998027, -0.096988454;
 0, 0, 0, 1]
Ow:
[0.017065739;
 -0.0043367734;
 0.096972175]
Keyframe: 29 Frame: 138 Frame from vFrameID : 139
Tcw:
[0.99999672, 0.0025055998, 0.00057743408, 0.011545826;
 -0.002502789, 0.99998528, -0.0048179897, -0.0066033606;
 -0.00058949756, 0.0048165289, 0.9999882, 0.12068161;
 0, 0, 0, 1]
Twc:
[0.99999672, -0.002502789, -0.00058949756, -0.011491173;
 0.0025055998, 0.99998528, 0.0048165289, 0.0059930673;
 0.00057743408, -0.0048179897, 0.9999882, -0.12071867;
 0, 0, 0, 1]
Ow:
[0.011545826;
 -0.0066033606;
 0.12068161]
Keyframe: 30 Frame: 142 Frame from vFrameID : 143
Tcw:
[0.99981087, -0.010142737, 0.016591931, 0.0069621978;
 0.010148768, 0.99994844, -0.00027939779, -0.0095996112;
 -0.016588243, 0.00044773263, 0.99986231, 0.14478022;
 0, 0, 0, 1]
Twc:
[0.99981087, 0.010148768, -0.016588243, -0.0044618077;
 -0.010142737, 0.99994844, 0.00044773263, 0.0096049095;
 0.016591931, -0.00027939779, 0.99986231, -0.14487849;
 0, 0, 0, 1]
Ow:
[0.0069621978;
 -0.0095996112;
 0.14478022]
Keyframe: 31 Frame: 147 Frame from vFrameID : 148
Tcw:
[0.99954498, -0.01428885, 0.026563592, 0.0057371184;
 0.014102275, 0.99987465, 0.007197835, -0.011345336;
 -0.026663112, -0.0068199527, 0.99962121, 0.17642172;
 0, 0, 0, 1]
Twc:
[0.99954498, 0.014102275, -0.026663112, -0.00087056094;
 -0.01428885, 0.99987465, -0.0068199527, 0.012629079;
 0.026563592, 0.007197835, 0.99962121, -0.17642564;
 0, 0, 0, 1]
Ow:
[0.0057371184;
 -0.011345336;
 0.17642172]
Keyframe: 32 Frame: 152 Frame from vFrameID : 153
Tcw:
[0.99958748, -0.01290883, 0.025655163, 0.0071377782;
 0.012535346, 0.99981385, 0.014665762, -0.011496421;
 -0.025839707, -0.014338116, 0.99956328, 0.20591839;
 0, 0, 0, 1]
Twc:
[0.99958748, 0.012535346, -0.025839707, -0.0016698516;
 -0.01290883, 0.99981385, -0.014338116, 0.014538904;
 0.025655163, 0.014665762, 0.99956328, -0.20584297;
 0, 0, 0, 1]
Ow:
[0.0071377782;
 -0.011496421;
 0.20591839]
Keyframe: 33 Frame: 157 Frame from vFrameID : 158
Tcw:
[0.99999863, -0.0016076522, 0.00032327944, 0.012498556;
 0.0016053453, 0.99997413, 0.0070136148, -0.016209969;
 -0.00033454652, -0.0070130862, 0.99997532, 0.24101685;
 0, 0, 0, 1]
Twc:
[0.99999863, 0.0016053453, -0.00033454652, -0.012391886;
 -0.0016076522, 0.99997413, -0.0070130862, 0.017919915;
 0.00032327944, 0.0070136148, 0.99997532, -0.24090126;
 0, 0, 0, 1]
Ow:
[0.012498556;
 -0.016209969;
 0.24101685]
Keyframe: 34 Frame: 163 Frame from vFrameID : 164
Tcw:
[0.99989355, 0.01214576, -0.0080885524, 0.017528608;
 -0.012145412, 0.99992621, 9.2193572e-05, -0.023981379;
 0.0080890758, 6.0550419e-06, 0.99996728, 0.2769483;
 0, 0, 0, 1]
Twc:
[0.99989355, -0.012145412, 0.0080890758, -0.020058261;
 0.01214576, 0.99992621, 6.0550419e-06, 0.023765035;
 -0.0080885524, 9.2193572e-05, 0.99996728, -0.27679527;
 0, 0, 0, 1]
Ow:
[0.017528608;
 -0.023981379;
 0.2769483]
Keyframe: 35 Frame: 168 Frame from vFrameID : 169
Tcw:
[0.99981874, 0.018172439, -0.0056778146, 0.019203722;
 -0.018201416, 0.99982136, -0.0050942772, -0.025247259;
 0.0055842251, 0.005196698, 0.99997091, 0.3110334;
 0, 0, 0, 1]
Twc:
[0.99981874, -0.018201416, 0.0055842251, -0.021396657;
 0.018172439, 0.99982136, 0.005196698, 0.023277422;
 -0.0056778146, -0.0050942772, 0.99997091, -0.31104395;
 0, 0, 0, 1]
Ow:
[0.019203722;
 -0.025247259;
 0.3110334]
Keyframe: 36 Frame: 173 Frame from vFrameID : 174
Tcw:
[0.99998403, 0.0044192313, -0.0035322423, 0.015783662;
 -0.0044824402, 0.99982625, -0.018091837, -0.026343303;
 0.0034516766, 0.018107381, 0.99983007, 0.34017906;
 0, 0, 0, 1]
Twc:
[0.99998403, -0.0044824402, 0.0034516766, -0.017075678;
 0.0044192313, 0.99982625, 0.018107381, 0.020109225;
 -0.0035322423, -0.018091837, 0.99983007, -0.34054211;
 0, 0, 0, 1]
Ow:
[0.015783662;
 -0.026343303;
 0.34017906]
Keyframe: 37 Frame: 179 Frame from vFrameID : 180
Tcw:
[0.99961489, -0.019952808, 0.019286109, 0.015499449;
 0.020329133, 0.99960279, -0.01951774, -0.030703774;
 -0.018889016, 0.019902293, 0.99962348, 0.38226366;
 0, 0, 0, 1]
Twc:
[0.99961489, 0.020329133, -0.018889016, -0.0076487153;
 -0.019952808, 0.99960279, 0.019902293, 0.023392912;
 0.019286109, -0.01951774, 0.99962348, -0.38301793;
 0, 0, 0, 1]
Ow:
[0.015499449;
 -0.030703774;
 0.38226366]
Keyframe: 38 Frame: 184 Frame from vFrameID : 185
Tcw:
[0.99938625, -0.010328377, 0.033473589, 0.019721743;
 0.01078112, 0.99985248, -0.013373233, -0.030795889;
 -0.033330526, 0.013725908, 0.99935013, 0.42109787;
 0, 0, 0, 1]
Twc:
[0.99938625, 0.01078112, -0.033330526, -0.0053422092;
 -0.010328377, 0.99985248, 0.013725908, 0.025215087;
 0.033473589, -0.013373233, 0.99935013, -0.42189622;
 0, 0, 0, 1]
Ow:
[0.019721743;
 -0.030795889;
 0.42109787]
Keyframe: 39 Frame: 189 Frame from vFrameID : 190
Tcw:
[0.9998458, -0.0079358481, 0.015666304, 0.020970143;
 0.00832571, 0.99965328, -0.024979012, -0.034065992;
 -0.015462643, 0.025105594, 0.99956518, 0.45332229;
 0, 0, 0, 1]
Twc:
[0.9998458, 0.00832571, -0.015462643, -0.013673725;
 -0.0079358481, 0.99965328, 0.025105594, 0.022839673;
 0.015666304, -0.024979012, 0.99956518, -0.45430467;
 0, 0, 0, 1]
Ow:
[0.020970143;
 -0.034065992;
 0.45332229]
Keyframe: 40 Frame: 195 Frame from vFrameID : 196
Tcw:
[0.99993008, -0.011244909, 0.0036506839, 0.027055526;
 0.01128806, 0.99986398, -0.012022767, -0.042790707;
 -0.0035149925, 0.012063135, 0.99992108, 0.49270356;
 0, 0, 0, 1]
Twc:
[0.99993008, 0.01128806, -0.0035149925, -0.024838762;
 -0.011244909, 0.99986398, 0.012063135, 0.037145574;
 0.0036506839, -0.012022767, 0.99992108, -0.49327788;
 0, 0, 0, 1]
Ow:
[0.027055526;
 -0.042790707;
 0.49270356]
Keyframe: 41 Frame: 200 Frame from vFrameID : 201
Tcw:
[0.99998528, 0.0010305376, 0.0053319559, 0.028050255;
 -0.0010034679, 0.99998659, -0.005077085, -0.046170622;
 -0.0053371163, 0.0050716596, 0.99997288, 0.52355659;
 0, 0, 0, 1]
Twc:
[0.99998528, -0.0010034679, -0.0053371163, -0.025301889;
 0.0010305376, 0.99998659, 0.0050716596, 0.043485802;
 0.0053319559, -0.005077085, 0.99997288, -0.52392638;
 0, 0, 0, 1]
Ow:
[0.028050255;
 -0.046170622;
 0.52355659]
Keyframe: 42 Frame: 205 Frame from vFrameID : 206
Tcw:
[0.99994087, -0.0018766967, 0.01071188, 0.026260054;
 0.0020799215, 0.99981749, -0.018992407, -0.050257079;
 -0.010674282, 0.019013563, 0.99976224, 0.55668902;
 0, 0, 0, 1]
Twc:
[0.99994087, 0.0020799215, -0.010674282, -0.020211715;
 -0.0018766967, 0.99981749, 0.019013563, 0.039712548;
 0.01071188, -0.018992407, 0.99976224, -0.55779248;
 0, 0, 0, 1]
Ow:
[0.026260054;
 -0.050257079;
 0.55668902]
Keyframe: 43 Frame: 211 Frame from vFrameID : 212
Tcw:
[0.99968696, -0.012074576, 0.021912027, 0.02114518;
 0.012787136, 0.99938422, -0.032675821, -0.057145908;
 -0.021503987, 0.032945786, 0.9992258, 0.59032828;
 0, 0, 0, 1]
Twc:
[0.99968696, 0.012787136, -0.021503987, -0.0077134171;
 -0.012074576, 0.99938422, 0.032945786, 0.037917208;
 0.021912027, -0.032675821, 0.9992258, -0.59220183;
 0, 0, 0, 1]
Ow:
[0.02114518;
 -0.057145908;
 0.59032828]
Keyframe: 44 Frame: 216 Frame from vFrameID : 217
Tcw:
[0.99913728, -0.0099983709, 0.040308103, 0.02223536;
 0.010606539, 0.99983269, -0.014902464, -0.061681367;
 -0.04015236, 0.015317136, 0.99907619, 0.61866915;
 0, 0, 0, 1]
Twc:
[0.99913728, 0.010606539, -0.04015236, 0.0032790729;
 -0.0099983709, 0.99983269, 0.015317136, 0.052417126;
 0.040308103, -0.014902464, 0.99907619, -0.61991304;
 0, 0, 0, 1]
Ow:
[0.02223536;
 -0.061681367;
 0.61866915]
Keyframe: 45 Frame: 221 Frame from vFrameID : 222
Tcw:
[0.9996807, -0.010260352, 0.02309237, 0.020839274;
 0.010608018, 0.99983144, -0.014983668, -0.064047486;
 -0.022934742, 0.015223849, 0.99962103, 0.64984667;
 0, 0, 0, 1]
Twc:
[0.9996807, 0.010608018, -0.022934742, -0.0052491385;
 -0.010260352, 0.99983144, 0.015223849, 0.054357342;
 0.02309237, -0.014983668, 0.99962103, -0.65104127;
 0, 0, 0, 1]
Ow:
[0.020839274;
 -0.064047486;
 0.64984667]
Keyframe: 46 Frame: 226 Frame from vFrameID : 227
Tcw:
[0.99998182, -0.0060328655, 4.0034207e-05, 0.028229367;
 0.0060317805, 0.99962455, -0.026727496, -0.067557484;
 0.00012122421, 0.026727252, 0.99964273, 0.6852001;
 0, 0, 0, 1]
Twc:
[0.99998182, 0.0060317805, 0.00012122421, -0.027904423;
 -0.0060328655, 0.99962455, 0.026727252, 0.049388908;
 4.0034207e-05, -0.026727496, 0.99964273, -0.68676209;
 0, 0, 0, 1]
Ow:
[0.028229367;
 -0.067557484;
 0.6852001]
Keyframe: 47 Frame: 231 Frame from vFrameID : 232
Tcw:
[0.99985403, 0.015832728, -0.0064178649, 0.032152642;
 -0.015999531, 0.99951196, -0.026830621, -0.072990745;
 0.0059899306, 0.026929388, 0.99961936, 0.71457088;
 0, 0, 0, 1]
Twc:
[0.99985403, -0.015999531, 0.0059899306, -0.037595998;
 0.015832728, 0.99951196, 0.026929388, 0.053203102;
 -0.0064178649, -0.026830621, 0.99961936, -0.71605098;
 0, 0, 0, 1]
Ow:
[0.032152642;
 -0.072990745;
 0.71457088]
Keyframe: 48 Frame: 236 Frame from vFrameID : 237
Tcw:
[0.99980819, 0.015616949, -0.011818747, 0.028036669;
 -0.015950285, 0.99946207, -0.028655944, -0.077366725;
 0.011364872, 0.02883896, 0.99951947, 0.74658221;
 0, 0, 0, 1]
Twc:
[0.99980819, -0.015950285, 0.011364872, -0.037750125;
 0.015616949, 0.99946207, 0.02883896, 0.055356603;
 -0.011818747, -0.028655944, 0.99951947, -0.7481091;
 0, 0, 0, 1]
Ow:
[0.028036669;
 -0.077366725;
 0.74658221]
Keyframe: 49 Frame: 241 Frame from vFrameID : 242
Tcw:
[0.99998266, -0.0054848925, 0.0021450997, 0.024016785;
 0.0055565801, 0.9993726, -0.03497855, -0.080817677;
 -0.0019519002, 0.034989864, 0.99938577, 0.78182793;
 0, 0, 0, 1]
Twc:
[0.99998266, 0.0055565801, -0.0019519002, -0.022041248;
 -0.0054848925, 0.9993726, 0.034989864, 0.053542651;
 0.0021450997, -0.03497855, 0.99938577, -0.78422606;
 0, 0, 0, 1]
Ow:
[0.024016785;
 -0.080817677;
 0.78182793]
Keyframe: 50 Frame: 245 Frame from vFrameID : 246
Tcw:
[0.99993163, -0.0047115483, 0.010699455, 0.020240348;
 0.0049795122, 0.9996711, -0.025157677, -0.084395789;
 -0.010577404, 0.025209235, 0.99962622, 0.80415541;
 0, 0, 0, 1]
Twc:
[0.99993163, 0.0049795122, -0.010577404, -0.011312837;
 -0.0047115483, 0.9996711, 0.025209235, 0.064191252;
 0.010699455, -0.025157677, 0.99962622, -0.80619466;
 0, 0, 0, 1]
Ow:
[0.020240348;
 -0.084395789;
 0.80415541]
Keyframe: 51 Frame: 249 Frame from vFrameID : 250
Tcw:
[0.99977708, -0.01385322, 0.015933536, 0.015898209;
 0.014248294, 0.99958706, -0.024954796, -0.089635342;
 -0.015581251, 0.025176259, 0.99956161, 0.82036239;
 0, 0, 0, 1]
Twc:
[0.99977708, 0.014248294, -0.015581251, -0.0018352417;
 -0.01385322, 0.99958706, 0.025176259, 0.069164909;
 0.015933536, -0.024954796, 0.99956161, -0.82249284;
 0, 0, 0, 1]
Ow:
[0.015898209;
 -0.089635342;
 0.82036239]
Keyframe: 52 Frame: 254 Frame from vFrameID : 255
Tcw:
[0.99975729, -0.0095244758, 0.019864587, 0.015105025;
 0.010062107, 0.99958092, -0.027142812, -0.093406491;
 -0.019597741, 0.027336104, 0.99943417, 0.84276223;
 0, 0, 0, 1]
Twc:
[0.99975729, 0.010062107, -0.019597741, 0.0023547444;
 -0.0095244758, 0.99958092, 0.027336104, 0.07047338;
 0.019864587, -0.027142812, 0.99943417, -0.84512079;
 0, 0, 0, 1]
Ow:
[0.015105025;
 -0.093406491;
 0.84276223]
Keyframe: 53 Frame: 259 Frame from vFrameID : 260
Tcw:
[0.99982482, -0.014312757, 0.012062404, 0.019979574;
 0.014478137, 0.9998008, -0.013736424, -0.093754299;
 -0.011863396, 0.013908659, 0.99983287, 0.8702392;
 0, 0, 0, 1]
Twc:
[0.99982482, 0.014478137, -0.011863396, -0.0082946932;
 -0.014312757, 0.9998008, 0.013908659, 0.081917726;
 0.012062404, -0.013736424, 0.99983287, -0.87162262;
 0, 0, 0, 1]
Ow:
[0.019979574;
 -0.093754299;
 0.8702392]
Keyframe: 54 Frame: 264 Frame from vFrameID : 265
Tcw:
[0.99987984, -0.013182904, 0.0081551773, 0.024349343;
 0.013411479, 0.99949986, -0.028639214, -0.098237082;
 -0.0077735502, 0.028745146, 0.99955654, 0.90841359;
 0, 0, 0, 1]
Twc:
[0.99987984, 0.013411479, -0.0077735502, -0.015967313;
 -0.013182904, 0.99949986, 0.028745146, 0.072396465;
 0.0081551773, -0.028639214, 0.99955654, -0.91102278;
 0, 0, 0, 1]
Ow:
[0.024349343;
 -0.098237082;
 0.90841359]
Keyframe: 55 Frame: 269 Frame from vFrameID : 270
Tcw:
[0.99996859, -0.0055545163, -0.0056531695, 0.035786487;
 0.0052843769, 0.99889368, -0.046727818, -0.10525048;
 0.0059064655, 0.046696477, 0.99889165, 0.93622053;
 0, 0, 0, 1]
Twc:
[0.99996859, 0.0052843769, 0.0059064655, -0.040758938;
 -0.0055545163, 0.99889368, 0.046696477, 0.061614618;
 -0.0056531695, -0.046727818, 0.99889165, -0.93989867;
 0, 0, 0, 1]
Ow:
[0.035786487;
 -0.10525048;
 0.93622053]
Keyframe: 56 Frame: 273 Frame from vFrameID : 274
Tcw:
[0.99991697, -0.0020419436, -0.012724207, 0.038558848;
 0.0015636166, 0.99929583, -0.037489094, -0.10976052;
 0.012791797, 0.037466086, 0.99921602, 0.96324468;
 0, 0, 0, 1]
Twc:
[0.99991697, 0.0015636166, 0.012791797, -0.050705653;
 -0.0020419436, 0.99929583, 0.037466086, 0.07367295;
 -0.012724207, -0.037489094, 0.99921602, -0.96611369;
 0, 0, 0, 1]
Ow:
[0.038558848;
 -0.10976052;
 0.96324468]
Keyframe: 57 Frame: 277 Frame from vFrameID : 278
Tcw:
[0.99985301, -0.001460033, -0.017082939, 0.039744388;
 0.00083292124, 0.99932748, -0.03665952, -0.11301884;
 0.017124975, 0.036639903, 0.99918181, 0.98821884;
 0, 0, 0, 1]
Twc:
[0.99985301, 0.00083292124, 0.017124975, -0.056567632;
 -0.001460033, 0.99932748, 0.036639903, 0.07679262;
 -0.017082939, -0.03665952, 0.99918181, -0.99087453;
 0, 0, 0, 1]
Ow:
[0.039744388;
 -0.11301884;
 0.98821884]
Keyframe: 58 Frame: 281 Frame from vFrameID : 282
Tcw:
[0.99990976, -0.0017004077, -0.013324955, 0.036559366;
 0.0011043734, 0.99900383, -0.044611044, -0.11583359;
 0.013387538, 0.044592302, 0.99891555, 1.0084287;
 0, 0, 0, 1]
Twc:
[0.99990976, 0.0011043734, 0.013387538, -0.04992852;
 -0.0017004077, 0.99900383, 0.044592302, 0.07081221;
 -0.013324955, -0.044611044, 0.99891555, -1.0120153;
 0, 0, 0, 1]
Ow:
[0.036559366;
 -0.11583359;
 1.0084287]
Keyframe: 59 Frame: 286 Frame from vFrameID : 287
Tcw:
[0.99983805, -0.0054479521, -0.017152881, 0.03543748;
 0.0043903482, 0.99812186, -0.061102442, -0.12177368;
 0.017453549, 0.061017238, 0.99798411, 1.0406483;
 0, 0, 0, 1]
Twc:
[0.99983805, 0.0043903482, 0.017453549, -0.053060122;
 -0.0054479521, 0.99812186, 0.061017238, 0.05824054;
 -0.017152881, -0.061102442, 0.99798411, -1.0453833;
 0, 0, 0, 1]
Ow:
[0.03543748;
 -0.12177368;
 1.0406483]
Keyframe: 60 Frame: 291 Frame from vFrameID : 292
Tcw:
[0.99985957, -0.014243058, -0.0088296905, 0.030303594;
 0.013838827, 0.99892396, -0.044265218, -0.12894651;
 0.009450661, 0.044136811, 0.99898082, 1.0693678;
 0, 0, 0, 1]
Twc:
[0.99985957, 0.013838827, 0.009450661, -0.038621105;
 -0.014243058, 0.99892396, 0.044136811, 0.082040884;
 -0.0088296905, -0.044265218, 0.99898082, -1.0737182;
 0, 0, 0, 1]
Ow:
[0.030303594;
 -0.12894651;
 1.0693678]
Keyframe: 61 Frame: 296 Frame from vFrameID : 297
Tcw:
[0.99983245, -0.017897474, -0.0038479001, 0.029718535;
 0.017794495, 0.99952126, -0.025310453, -0.12926808;
 0.0042990511, 0.025237739, 0.99967223, 1.0991956;
 0, 0, 0, 1]
Twc:
[0.99983245, 0.017794495, 0.0042990511, -0.032138791;
 -0.017897474, 0.99952126, 0.025237739, 0.10199687;
 -0.0038479001, -0.025310453, 0.99967223, -1.1019928;
 0, 0, 0, 1]
Ow:
[0.029718535;
 -0.12926808;
 1.0991956]
Keyframe: 62 Frame: 301 Frame from vFrameID : 302
Tcw:
[0.99967289, -0.017934117, -0.018235629, 0.031777482;
 0.017161835, 0.99898446, -0.041659255, -0.13684052;
 0.018964233, 0.04133267, 0.99896544, 1.1366301;
 0, 0, 0, 1]
Twc:
[0.99967289, 0.017161835, 0.018964233, -0.050973967;
 -0.017934117, 0.99898446, 0.04133267, 0.090291508;
 -0.018235629, -0.041659255, 0.99896544, -1.1405753;
 0, 0, 0, 1]
Ow:
[0.031777482;
 -0.13684052;
 1.1366301]
Keyframe: 63 Frame: 306 Frame from vFrameID : 307
Tcw:
[0.999681, -0.00039896937, -0.0252537, 0.040458545;
 -0.00058514095, 0.99924099, -0.038949572, -0.14057586;
 0.025250074, 0.038951922, 0.99892199, 1.1688849;
 0, 0, 0, 1]
Twc:
[0.999681, -0.00058514095, 0.025250074, -0.07004232;
 -0.00039896937, 0.99924099, 0.038951922, 0.094954982;
 -0.0252537, -0.038949572, 0.99892199, -1.1720785;
 0, 0, 0, 1]
Ow:
[0.040458545;
 -0.14057586;
 1.1688849]
Keyframe: 64 Frame: 311 Frame from vFrameID : 312
Tcw:
[0.99957305, 0.010200946, -0.027379241, 0.04413097;
 -0.011273361, 0.99916369, -0.039304718, -0.14653057;
 0.026955398, 0.039596595, 0.99885207, 1.1951635;
 0, 0, 0, 1]
Twc:
[0.99957305, -0.011273361, 0.026955398, -0.077980131;
 0.010200946, 0.99916369, 0.039596595, 0.098633431;
 -0.027379241, -0.039304718, 0.99885207, -1.1983426;
 0, 0, 0, 1]
Ow:
[0.04413097;
 -0.14653057;
 1.1951635]
Keyframe: 65 Frame: 316 Frame from vFrameID : 317
Tcw:
[0.99950707, 0.020685274, -0.023616971, 0.044251975;
 -0.021252537, 0.99948537, -0.02402644, -0.15050982;
 0.023107825, 0.024516517, 0.99943233, 1.2255155;
 0, 0, 0, 1]
Twc:
[0.99950707, -0.021252537, 0.023107825, -0.07574787;
 0.020685274, 0.99948537, 0.024516517, 0.11947163;
 -0.023616971, -0.02402644, 0.99943233, -1.2273909;
 0, 0, 0, 1]
Ow:
[0.044251975;
 -0.15050982;
 1.2255155]
Keyframe: 66 Frame: 321 Frame from vFrameID : 322
Tcw:
[0.99978065, 0.010261164, -0.018258663, 0.037267908;
 -0.010643866, 0.99972308, -0.020987777, -0.15284142;
 0.018038247, 0.021177517, 0.99961299, 1.2530328;
 0, 0, 0, 1]
Twc:
[0.99978065, -0.010643866, 0.018038247, -0.061489068;
 0.010261164, 0.99972308, 0.021177517, 0.12588054;
 -0.018258663, -0.020987777, 0.99961299, -1.2550752;
 0, 0, 0, 1]
Ow:
[0.037267908;
 -0.15284142;
 1.2530328]
Keyframe: 67 Frame: 326 Frame from vFrameID : 327
Tcw:
[0.99961102, 0.01564391, -0.023089582, 0.039141521;
 -0.016673137, 0.99884433, -0.045077506, -0.15093644;
 0.02235771, 0.045444947, 0.99871659, 1.284276;
 0, 0, 0, 1]
Twc:
[0.99961102, -0.016673137, 0.02235771, -0.070356347;
 0.01564391, 0.99884433, 0.045444947, 0.091785826;
 -0.023089582, -0.045077506, 0.99871659, -1.2885278;
 0, 0, 0, 1]
Ow:
[0.039141521;
 -0.15093644;
 1.284276]
Keyframe: 68 Frame: 331 Frame from vFrameID : 332
Tcw:
[0.99979925, 0.00042067745, -0.020033188, 0.036182325;
 -0.00090986508, 0.9997015, -0.024416013, -0.15527332;
 0.020016937, 0.024429338, 0.99950117, 1.3127488;
 0, 0, 0, 1]
Twc:
[0.99979925, -0.00090986508, 0.020016937, -0.062593549;
 0.00042067745, 0.9997015, 0.024429338, 0.12314216;
 -0.020033188, -0.024416013, 0.99950117, -1.3151602;
 0, 0, 0, 1]
Ow:
[0.036182325;
 -0.15527332;
 1.3127488]
Keyframe: 69 Frame: 336 Frame from vFrameID : 337
Tcw:
[0.9998396, -0.0040186089, -0.017454308, 0.036310337;
 0.0038765394, 0.99995917, -0.0081657358, -0.15649804;
 0.01748641, 0.0080967639, 0.99981433, 1.3460554;
 0, 0, 0, 1]
Twc:
[0.9998396, 0.0038765394, 0.01748641, -0.059235513;
 -0.0040186089, 0.99995917, 0.0080967639, 0.14573887;
 -0.017454308, -0.0081657358, 0.99981433, -1.3464496;
 0, 0, 0, 1]
Ow:
[0.036310337;
 -0.15649804;
 1.3460554]
Keyframe: 70 Frame: 341 Frame from vFrameID : 342
Tcw:
[0.99895388, 0.0055370312, -0.045392446, 0.043001898;
 -0.0065580136, 0.99972814, -0.022374362, -0.15989031;
 0.04525622, 0.02264864, 0.99871862, 1.380311;
 0, 0, 0, 1]
Twc:
[0.99895388, -0.0065580136, 0.04525622, -0.10647314;
 0.0055370312, 0.99972814, 0.02264864, 0.12834658;
 -0.045392446, -0.022374362, 0.99871862, -1.3801678;
 0, 0, 0, 1]
Ow:
[0.043001898;
 -0.15989031;
 1.380311]
Keyframe: 71 Frame: 346 Frame from vFrameID : 347
Tcw:
[0.99881727, 0.011645257, -0.047206912, 0.04968641;
 -0.014452861, 0.99811912, -0.059576306, -0.1610768;
 0.04642434, 0.060188118, 0.99710691, 1.4072196;
 0, 0, 0, 1]
Twc:
[0.99881727, -0.014452861, 0.04642434, -0.1172849;
 0.011645257, 0.99811912, 0.060188118, 0.075497322;
 -0.047206912, -0.059576306, 0.99710691, -1.4103992;
 0, 0, 0, 1]
Ow:
[0.04968641;
 -0.1610768;
 1.4072196]
Keyframe: 72 Frame: 351 Frame from vFrameID : 352
Tcw:
[0.99950266, 0.017706934, -0.026093587, 0.048803899;
 -0.018427182, 0.99944848, -0.027625514, -0.16584411;
 0.025590034, 0.028092606, 0.99927771, 1.4312724;
 0, 0, 0, 1]
Twc:
[0.99950266, -0.018427182, 0.025590034, -0.088461973;
 0.017706934, 0.99944848, 0.028092606, 0.12468031;
 -0.026093587, -0.027625514, 0.99927771, -1.4335467;
 0, 0, 0, 1]
Ow:
[0.048803899;
 -0.16584411;
 1.4312724]
Keyframe: 73 Frame: 357 Frame from vFrameID : 358
Tcw:
[0.99975944, 0.021414366, -0.004745625, 0.043454431;
 -0.021593319, 0.99890232, -0.041567795, -0.17057474;
 0.0038502677, 0.041660272, 0.99912441, 1.4698125;
 0, 0, 0, 1]
Twc:
[0.99975944, -0.021593319, 0.0038502677, -0.052786425;
 0.021414366, 0.99890232, 0.041660272, 0.10822417;
 -0.004745625, -0.041567795, 0.99912441, -1.4754097;
 0, 0, 0, 1]
Ow:
[0.043454431;
 -0.17057474;
 1.4698125]
Keyframe: 74 Frame: 362 Frame from vFrameID : 363
Tcw:
[0.99997455, 0.0071326252, 0.0002459496, 0.034515165;
 -0.0071042459, 0.99810404, -0.061138179, -0.17398794;
 -0.00068155903, 0.061134875, 0.99812931, 1.5014777;
 0, 0, 0, 1]
Twc:
[0.99997455, -0.0071042459, -0.00068155903, -0.034726992;
 0.0071326252, 0.99810404, 0.061134875, 0.081619225;
 0.0002459496, -0.061138179, 0.99812931, -1.5093147;
 0, 0, 0, 1]
Ow:
[0.034515165;
 -0.17398794;
 1.5014777]
Keyframe: 75 Frame: 367 Frame from vFrameID : 368
Tcw:
[0.99970531, -0.021898402, 0.010475247, 0.029422751;
 0.022333751, 0.99880701, -0.043425407, -0.17911813;
 -0.0095118033, 0.043646563, 0.99900174, 1.5308031;
 0, 0, 0, 1]
Twc:
[0.99970531, 0.022333751, -0.0095118033, -0.010853003;
 -0.021898402, 0.99880701, 0.043646563, 0.11273447;
 0.010475247, -0.043425407, 0.99900174, -1.5373615;
 0, 0, 0, 1]
Ow:
[0.029422751;
 -0.17911813;
 1.5308031]
Keyframe: 76 Frame: 372 Frame from vFrameID : 373
Tcw:
[0.99979782, -0.005043346, 0.019464549, 0.033267371;
 0.0059146946, 0.99897075, -0.044971172, -0.18175061;
 -0.019217709, 0.045077208, 0.99879867, 1.5588526;
 0, 0, 0, 1]
Twc:
[0.99979782, 0.0059146946, -0.019217709, -0.0022280714;
 -0.005043346, 0.99897075, 0.045077208, 0.11146262;
 0.019464549, -0.044971172, 0.99879867, -1.5658008;
 0, 0, 0, 1]
Ow:
[0.033267371;
 -0.18175061;
 1.5588526]
Keyframe: 77 Frame: 377 Frame from vFrameID : 378
Tcw:
[0.99980527, 0.010107275, -0.016949836, 0.037401751;
 -0.011017824, 0.99845207, -0.054516617, -0.18453172;
 0.016372586, 0.054692753, 0.99836898, 1.5883641;
 0, 0, 0, 1]
Twc:
[0.99980527, -0.011017824, 0.016372586, -0.065433227;
 0.010107275, 0.99845207, 0.054692753, 0.096996047;
 -0.016949836, -0.054516617, 0.99836898, -1.5951997;
 0, 0, 0, 1]
Ow:
[0.037401751;
 -0.18453172;
 1.5883641]
Keyframe: 78 Frame: 383 Frame from vFrameID : 384
Tcw:
[0.99875093, 0.019210896, -0.046125397, 0.042792208;
 -0.022140415, 0.99771291, -0.063865088, -0.18823087;
 0.044792999, 0.064806551, 0.99689204, 1.6207672;
 0, 0, 0, 1]
Twc:
[0.99875093, -0.022140415, 0.044792999, -0.11950529;
 0.019210896, 0.99771291, 0.064806551, 0.081941977;
 -0.046125397, -0.063865088, 0.99689204, -1.6257774;
 0, 0, 0, 1]
Ow:
[0.042792208;
 -0.18823087;
 1.6207672]
Keyframe: 79 Frame: 388 Frame from vFrameID : 389
Tcw:
[0.99853361, 0.012490284, -0.05267518, 0.042967312;
 -0.01495222, 0.99880141, -0.046606012, -0.19369772;
 0.052029923, 0.04732528, 0.99752355, 1.6414756;
 0, 0, 0, 1]
Twc:
[0.99853361, -0.01495222, 0.052029923, -0.13120636;
 0.012490284, 0.99880141, 0.04732528, 0.11524561;
 -0.05267518, -0.046606012, 0.99752355, -1.6441747;
 0, 0, 0, 1]
Ow:
[0.042967312;
 -0.19369772;
 1.6414756]
Keyframe: 80 Frame: 393 Frame from vFrameID : 394
Tcw:
[0.99894667, 0.019107971, -0.041718572, 0.040963307;
 -0.021364477, 0.99829441, -0.054330513, -0.19757611;
 0.04060927, 0.055164583, 0.9976511, 1.6712936;
 0, 0, 0, 1]
Twc:
[0.99894667, -0.021364477, 0.04060927, -0.11301129;
 0.019107971, 0.99829441, 0.055164583, 0.10426019;
 -0.041718572, -0.054330513, 0.9976511, -1.6763935;
 0, 0, 0, 1]
Ow:
[0.040963307;
 -0.19757611;
 1.6712936]
Keyframe: 81 Frame: 399 Frame from vFrameID : 400
Tcw:
[0.99947667, -0.0096659604, -0.030869728, 0.030157294;
 0.0075115087, 0.99757725, -0.069160461, -0.20260295;
 0.031463441, 0.06889239, 0.99712783, 1.7044678;
 0, 0, 0, 1]
Twc:
[0.99947667, 0.0075115087, 0.031463441, -0.082248077;
 -0.0096659604, 0.99757725, 0.06889239, 0.084978744;
 -0.030869728, -0.069160461, 0.99712783, -1.7126534;
 0, 0, 0, 1]
Ow:
[0.030157294;
 -0.20260295;
 1.7044678]
Keyframe: 82 Frame: 404 Frame from vFrameID : 405
Tcw:
[0.99980611, -0.019004118, -0.005154944, 0.028813358;
 0.018692402, 0.99831378, -0.054956034, -0.2041159;
 0.0061906427, 0.054849021, 0.99847549, 1.7327526;
 0, 0, 0, 1]
Twc:
[0.99980611, 0.018692402, 0.0061906427, -0.035719208;
 -0.019004118, 0.99831378, 0.054849021, 0.10927952;
 -0.005154944, -0.054956034, 0.99847549, -1.7411797;
 0, 0, 0, 1]
Ow:
[0.028813358;
 -0.2041159;
 1.7327526]
Keyframe: 83 Frame: 409 Frame from vFrameID : 410
Tcw:
[0.99985462, -0.016603651, 0.0038740425, 0.028090233;
 0.016774911, 0.99863732, -0.049418114, -0.20791388;
 -0.0030482423, 0.049475916, 0.99877065, 1.7644376;
 0, 0, 0, 1]
Twc:
[0.99985462, 0.016774911, -0.0030482423, -0.019219982;
 -0.016603651, 0.99863732, 0.049475916, 0.12079979;
 0.0038740425, -0.049418114, 0.99877065, -1.7726519;
 0, 0, 0, 1]
Ow:
[0.028090233;
 -0.20791388;
 1.7644376]
Keyframe: 84 Frame: 414 Frame from vFrameID : 415
Tcw:
[0.9996289, 0.0011970411, -0.02721552, 0.031539749;
 -0.0029652975, 0.99787921, -0.065025195, -0.21220721;
 0.027079964, 0.065081768, 0.9975124, 1.7972943;
 0, 0, 0, 1]
Twc:
[0.9996289, -0.0029652975, 0.027079964, -0.080827966;
 0.0011970411, 0.99787921, 0.065081768, 0.094748333;
 -0.02721552, -0.065025195, 0.9975124, -1.8057638;
 0, 0, 0, 1]
Ow:
[0.031539749;
 -0.21220721;
 1.7972943]
Keyframe: 85 Frame: 419 Frame from vFrameID : 420
Tcw:
[0.99775475, 0.014925384, -0.065289296, 0.035090409;
 -0.01850887, 0.99833506, -0.05463038, -0.22006536;
 0.064365216, 0.05571615, 0.99636984, 1.8252666;
 0, 0, 0, 1]
Twc:
[0.99775475, -0.01850887, 0.064365216, -0.15656845;
 0.014925384, 0.99833506, 0.05571615, 0.1174784;
 -0.065289296, -0.05463038, 0.99636984, -1.8283718;
 0, 0, 0, 1]
Ow:
[0.035090409;
 -0.22006536;
 1.8252666]
Keyframe: 86 Frame: 424 Frame from vFrameID : 425
Tcw:
[0.99697423, 0.029482083, -0.071924686, 0.037155241;
 -0.032451458, 0.99865359, -0.040471245, -0.22347549;
 0.070634671, 0.042682853, 0.99658865, 1.8531073;
 0, 0, 0, 1]
Twc:
[0.99697423, -0.032451458, 0.070634671, -0.17518856;
 0.029482083, 0.99865359, 0.042682853, 0.14298329;
 -0.071924686, -0.040471245, 0.99658865, -1.8531576;
 0, 0, 0, 1]
Ow:
[0.037155241;
 -0.22347549;
 1.8531073]
Keyframe: 87 Frame: 429 Frame from vFrameID : 430
Tcw:
[0.9975822, 0.022100667, -0.065889023, 0.032611519;
 -0.0257132, 0.99818301, -0.054493438, -0.22470793;
 0.064564958, 0.0560559, 0.99633783, 1.8840064;
 0, 0, 0, 1]
Twc:
[0.9975822, -0.0257132, 0.064564958, -0.15995142;
 0.022100667, 0.99818301, 0.0560559, 0.11796922;
 -0.065889023, -0.054493438, 0.99633783, -1.8872032;
 0, 0, 0, 1]
Ow:
[0.032611519;
 -0.22470793;
 1.8840064]
Keyframe: 88 Frame: 434 Frame from vFrameID : 435
Tcw:
[0.99868351, 0.016293712, -0.048638728, 0.026107825;
 -0.018527389, 0.99877733, -0.04583196, -0.23040152;
 0.047832489, 0.046672773, 0.99776435, 1.9095562;
 0, 0, 0, 1]
Twc:
[0.99868351, -0.018527389, 0.047832489, -0.12168102;
