Keyframe: 0 Frame: 0 Frame from vFrameID : 44
Tcw:
[0.99991393, -0.011425193, -0.0064469352, 0.023551162;
 0.0038109545, 0.72321987, -0.69060731, -0.0057918932;
 0.012552874, 0.69052333, 0.72320122, -0.057245202;
 0, 0, 0, 1]
Twc:
[0.99991393, 0.0038109545, 0.012552874, -0.022808472;
 -0.011425193, 0.72321987, 0.69052333, 0.043987036;
 -0.0064469352, -0.69060731, 0.72320122, 0.037551709;
 0, 0, 0, 1]
Ow:
[0.023551162;
 -0.0057918932;
 -0.057245202]
Keyframe: 1 Frame: 55 Frame from vFrameID : 44
Tcw:
[0.99987161, -0.0066463104, -0.014579655, 0.025271341;
 -0.0052373973, 0.72436899, -0.68939257, -0.0061091781;
 0.015142967, 0.68938047, 0.7242412, -0.057318535;
 0, 0, 0, 1]
Twc:
[0.99987161, -0.0052373973, 0.015142967, -0.024432121;
 -0.0066463104, 0.72436899, 0.68938047, 0.044107538;
 -0.014579655, -0.68939257, 0.7242412, 0.037669268;
 0, 0, 0, 1]
Ow:
[0.025271341;
 -0.0061091781;
 -0.057318535]
Keyframe: 2 Frame: 57 Frame from vFrameID : 58
Tcw:
[0.99969697, 0.006552137, -0.023728063, 0.03039857;
 -0.021129536, 0.72293878, -0.69058895, -0.004938649;
 0.012629103, 0.69088107, 0.72285813, -0.057400689;
 0, 0, 0, 1]
Twc:
[0.99969697, -0.021129536, 0.012629103, -0.029768791;
 0.006552137, 0.72293878, 0.69088107, 0.043028209;
 -0.023728063, -0.69058895, 0.72285813, 0.038803276;
 0, 0, 0, 1]
Ow:
[0.03039857;
 -0.004938649;
 -0.057400689]
Keyframe: 3 Frame: 59 Frame from vFrameID : 60
Tcw:
[0.99957943, 0.017008558, -0.023487149, 0.029439589;
 -0.028522821, 0.72281247, -0.69045538, -0.0018083006;
 0.0052331542, 0.69083488, 0.72299361, -0.061265707;
 0, 0, 0, 1]
Twc:
[0.99957943, -0.028522821, 0.0052331542, -0.029158175;
 0.017008558, 0.72281247, 0.69083488, 0.043130826;
 -0.023487149, -0.69045538, 0.72299361, 0.043737616;
 0, 0, 0, 1]
Ow:
[0.029439589;
 -0.0018083006;
 -0.061265707]
Keyframe: 4 Frame: 61 Frame from vFrameID : 62
Tcw:
[0.99947369, 0.021484982, -0.024305031, 0.030136239;
 -0.032319538, 0.72394931, -0.68909568, -0.0012764875;
 0.002790401, 0.68951857, 0.72426265, -0.061867222;
 0, 0, 0, 1]
Twc:
[0.99947369, -0.032319538, 0.002790401, -0.029988999;
 0.021484982, 0.72394931, 0.68951857, 0.04293523;
 -0.024305031, -0.68909568, 0.72426265, 0.044660956;
 0, 0, 0, 1]
Ow:
[0.030136239;
 -0.0012764875;
 -0.061867222]
Keyframe: 5 Frame: 64 Frame from vFrameID : 65
Tcw:
[0.99897856, 0.034553565, -0.029119466, 0.032025978;
 -0.045126375, 0.72941047, -0.68258625, -0.0024154522;
 -0.0023457434, 0.68320304, 0.73022467, -0.066925094;
 0, 0, 0, 1]
Twc:
[0.99897856, -0.045126375, -0.0023457434, -0.032259252;
 0.034553565, 0.72941047, 0.68320304, 0.046378676;
 -0.029119466, -0.68258625, 0.73022467, 0.048154183;
 0, 0, 0, 1]
Ow:
[0.032025978;
 -0.0024154522;
 -0.066925094]
Keyframe: 6 Frame: 67 Frame from vFrameID : 68
Tcw:
[0.99924475, 0.028913731, -0.025959587, 0.030233182;
 -0.038851779, 0.73198009, -0.68021739, -0.00036625937;
 -0.00066571997, 0.68071222, 0.73255062, -0.067564622;
 0, 0, 0, 1]
Twc:
[0.99924475, -0.038851779, -0.00066571997, -0.030269558;
 0.028913731, 0.73198009, 0.68071222, 0.045386001;
 -0.025959587, -0.68021739, 0.73255062, 0.050030209;
 0, 0, 0, 1]
Ow:
[0.030233182;
 -0.00036625937;
 -0.067564622]
Keyframe: 7 Frame: 70 Frame from vFrameID : 71
Tcw:
[0.99981982, 0.010120147, -0.01605971, 0.030841144;
 -0.018324466, 0.73537338, -0.67741436, -0.0024095997;
 0.0049543502, 0.67758656, 0.73542637, -0.065731071;
 0, 0, 0, 1]
Twc:
[0.99981982, -0.018324466, 0.0049543502, -0.030554088;
 0.010120147, 0.73537338, 0.67758656, 0.045998331;
 -0.01605971, -0.67741436, 0.73542637, 0.047203366;
 0, 0, 0, 1]
Ow:
[0.030841144;
 -0.0024095997;
 -0.065731071]
Keyframe: 8 Frame: 72 Frame from vFrameID : 73
Tcw:
[0.99989724, 0.0050249752, -0.013427763, 0.031218447;
 -0.012813445, 0.7333709, -0.679708, -0.0026117861;
 0.006432015, 0.67981017, 0.73335987, -0.065015122;
 0, 0, 0, 1]
Twc:
[0.99989724, -0.012813445, 0.006432015, -0.030830527;
 0.0050249752, 0.7333709, 0.67981017, 0.045956481;
 -0.013427763, -0.679708, 0.73335987, 0.046323426;
 0, 0, 0, 1]
Ow:
[0.031218447;
 -0.0026117861;
 -0.065015122]
Keyframe: 9 Frame: 75 Frame from vFrameID : 76
Tcw:
[0.99993896, 0.0033411114, -0.010533609, 0.031045513;
 -0.0096639153, 0.72670764, -0.68687892, -0.0030347072;
 0.005359916, 0.68693876, 0.72669554, -0.064138293;
 0, 0, 0, 1]
Twc:
[0.99993896, -0.0096639153, 0.005359916, -0.030729169;
 0.0033411114, 0.72670764, 0.68693876, 0.046160698;
 -0.010533609, -0.68687892, 0.72669554, 0.044851556;
 0, 0, 0, 1]
Ow:
[0.031045513;
 -0.0030347072;
 -0.064138293]
Keyframe: 10 Frame: 78 Frame from vFrameID : 79
Tcw:
[0.99995512, 0.0062514013, -0.0071183871, 0.030423407;
 -0.0094416756, 0.71935833, -0.69457501, -0.0034526344;
 0.00077860401, 0.69461107, 0.71938509, -0.064642355;
 0, 0, 0, 1]
Twc:
[0.99995512, -0.0094416756, 0.00077860401, -0.030404311;
 0.0062514013, 0.71935833, 0.69461107, 0.04719479;
 -0.0071183871, -0.69457501, 0.71938509, 0.044321198;
 0, 0, 0, 1]
Ow:
[0.030423407;
 -0.0034526344;
 -0.064642355]
Keyframe: 11 Frame: 82 Frame from vFrameID : 83
Tcw:
[0.99988037, 0.0061195372, -0.014203347, 0.02842281;
 -0.014289531, 0.71683252, -0.69709897, -0.003176881;
 0.0059154984, 0.69721854, 0.71683425, -0.063086957;
 0, 0, 0, 1]
Twc:
[0.99988037, -0.014289531, 0.0059154984, -0.028091617;
 0.0061195372, 0.71683252, 0.69721854, 0.046088751;
 -0.014203347, -0.69709897, 0.71683425, 0.043411985;
 0, 0, 0, 1]
Ow:
[0.02842281;
 -0.003176881;
 -0.063086957]
Keyframe: 12 Frame: 85 Frame from vFrameID : 86
Tcw:
[0.99977088, -0.0056398781, -0.02064994, 0.026073623;
 -0.010330484, 0.71778154, -0.69619173, -0.0034374762;
 0.018748581, 0.69624555, 0.7175588, -0.061314549;
 0, 0, 0, 1]
Twc:
[0.99977088, -0.010330484, 0.018748581, -0.024953596;
 -0.0056398781, 0.71778154, 0.69624555, 0.045304388;
 -0.02064994, -0.69619173, 0.7175588, 0.042142071;
 0, 0, 0, 1]
Ow:
[0.026073623;
 -0.0034374762;
 -0.061314549]
Keyframe: 13 Frame: 88 Frame from vFrameID : 89
Tcw:
[0.99965864, -0.017091708, -0.01976005, 0.024789598;
 -0.001471409, 0.71829516, -0.695737, -0.0049565099;
 0.026084881, 0.69552857, 0.71802479, -0.059038572;
 0, 0, 0, 1]
Twc:
[0.99965864, -0.001471409, 0.026084881, -0.023248415;
 -0.017091708, 0.71829516, 0.69552857, 0.045046944;
 -0.01976005, -0.695737, 0.71802479, 0.039432578;
 0, 0, 0, 1]
Ow:
[0.024789598;
 -0.0049565099;
 -0.059038572]
Keyframe: 14 Frame: 92 Frame from vFrameID : 93
Tcw:
[0.99979001, -0.014634363, -0.014342924, 0.024801446;
 0.00071990077, 0.72461319, -0.6891554, -0.0048430897;
 0.020478422, 0.68900037, 0.72447163, -0.057161242;
 0, 0, 0, 1]
Twc:
[0.99979001, 0.00071990077, 0.020478422, -0.023622179;
 -0.014634363, 0.72461319, 0.68900037, 0.043256439;
 -0.014342924, -0.6891554, 0.72447163, 0.038429782;
 0, 0, 0, 1]
Ow:
[0.024801446;
 -0.0048430897;
 -0.057161242]
Keyframe: 15 Frame: 96 Frame from vFrameID : 97
Tcw:
[0.99994314, -0.0085591348, -0.0063642832, 0.022557771;
 0.0018477084, 0.72667646, -0.68697739, -0.0068177953;
 0.010504707, 0.68692654, 0.72665095, -0.054487906;
 0, 0, 0, 1]
Twc:
[0.99994314, 0.0018477084, 0.010504707, -0.021971511;
 -0.0085591348, 0.72667646, 0.68692654, 0.042576596;
 -0.0063642832, -0.68697739, 0.72665095, 0.035053581;
 0, 0, 0, 1]
Ow:
[0.022557771;
 -0.0068177953;
 -0.054487906]
Keyframe: 16 Frame: 100 Frame from vFrameID : 101
Tcw:
[0.99998289, 0.0039072731, -0.004350835, 0.021238519;
 -0.005827894, 0.72718829, -0.68641329, -0.007762691;
 0.0004818723, 0.68642694, 0.7271986, -0.052191675;
 0, 0, 0, 1]
Twc:
[0.99998289, -0.005827894, 0.0004818723, -0.021258246;
 0.0039072731, 0.72718829, 0.68642694, 0.041387726;
 -0.004350835, -0.68641329, 0.7271986, 0.032717705;
 0, 0, 0, 1]
Ow:
[0.021238519;
 -0.007762691;
 -0.052191675]
Keyframe: 17 Frame: 105 Frame from vFrameID : 106
Tcw:
[0.99998951, 0.0028043187, -0.0036191558, 0.024995904;
 -0.0045205364, 0.73010486, -0.68332022, -0.0081104431;
 0.0007261156, 0.6833294, 0.73010987, -0.049403016;
 0, 0, 0, 1]
Twc:
[0.99998951, -0.0045205364, 0.0007261156, -0.024996435;
 0.0028043187, 0.73010486, 0.6833294, 0.039609909;
 -0.0036191558, -0.68332022, 0.73010987, 0.030618062;
 0, 0, 0, 1]
Ow:
[0.024995904;
 -0.0081104431;
 -0.049403016]
Keyframe: 18 Frame: 111 Frame from vFrameID : 112
Tcw:
[0.99990392, -9.4124021e-05, -0.013861324, 0.03339697;
 -0.0096005285, 0.71660596, -0.69741213, -0.012284411;
 0.0099987509, 0.69747823, 0.71653622, -0.041218292;
 0, 0, 0, 1]
Twc:
[0.99990392, -0.0096005285, 0.0099987509, -0.033099569;
 -9.4124021e-05, 0.71660596, 0.69747823, 0.037555087;
 -0.013861324, -0.69741213, 0.71653622, 0.021430027;
 0, 0, 0, 1]
Ow:
[0.03339697;
 -0.012284411;
 -0.041218292]
Keyframe: 19 Frame: 117 Frame from vFrameID : 118
Tcw:
[0.99939674, 0.015993973, -0.030827427, 0.041952215;
 -0.033100639, 0.70731944, -0.7061187, -0.021380685;
 0.010511194, 0.70671314, 0.70742214, -0.033386678;
 0, 0, 0, 1]
Twc:
[0.99939674, -0.033100639, 0.010511194, -0.042283688;
 0.015993973, 0.70731944, 0.70671314, 0.038046792;
 -0.030827427, -0.7061187, 0.70742214, 0.0098144542;
 0, 0, 0, 1]
Ow:
[0.041952215;
 -0.021380685;
 -0.033386678]
Keyframe: 20 Frame: 124 Frame from vFrameID : 125
Tcw:
[0.99935824, 0.02569755, -0.024955509, 0.034762334;
 -0.035820521, 0.7203818, -0.69265211, -0.028309692;
 0.00017803244, 0.69310153, 0.72083998, -0.031418614;
 0, 0, 0, 1]
Twc:
[0.99935824, -0.035820521, 0.00017803244, -0.035748497;
 0.02569755, 0.7203818, 0.69310153, 0.041276768;
 -0.024955509, -0.69265211, 0.72083998, 0.0039065345;
 0, 0, 0, 1]
Ow:
[0.034762334;
 -0.028309692;
 -0.031418614]
Keyframe: 21 Frame: 131 Frame from vFrameID : 132
Tcw:
[0.9995212, 0.022681901, -0.021046422, 0.049402479;
 -0.030935777, 0.71866411, -0.69466889, -0.032557085;
 -0.00063110201, 0.69498736, 0.71902168, -0.0071182689;
 0, 0, 0, 1]
Twc:
[0.9995212, -0.030935777, -0.00063110201, -0.050390497;
 0.022681901, 0.71866411, 0.69498736, 0.027224174;
 -0.021046422, -0.69466889, 0.71902168, -0.016458459;
 0, 0, 0, 1]
Ow:
[0.049402479;
 -0.032557085;
 -0.0071182689]
Keyframe: 22 Frame: 138 Frame from vFrameID : 139
Tcw:
[0.99968934, 0.023239341, 0.0090059601, 0.057431404;
 -0.0099623296, 0.7038179, -0.71031058, -0.029784672;
 -0.022845706, 0.71000022, 0.70383078, 0.0079198424;
 0, 0, 0, 1]
Twc:
[0.99968934, -0.0099623296, -0.022845706, -0.057529353;
 0.023239341, 0.7038179, 0.71000022, 0.014005228;
 0.0090059601, -0.71031058, 0.70383078, -0.027247822;
 0, 0, 0, 1]
Ow:
[0.057431404;
 -0.029784672;
 0.0079198424]
Keyframe: 23 Frame: 146 Frame from vFrameID : 147
Tcw:
[0.99970919, 0.02085606, 0.012107953, 0.064579152;
 -0.0062156213, 0.70794481, -0.70624042, -0.032592252;
 -0.023301154, 0.70595974, 0.70786858, 0.03149629;
 0, 0, 0, 1]
Twc:
[0.99970919, -0.0062156213, -0.023301154, -0.064029053;
 0.02085606, 0.70794481, 0.70595974, -0.00050846528;
 0.012107953, -0.70624042, 0.70786858, -0.046095118;
 0, 0, 0, 1]
Ow:
[0.064579152;
 -0.032592252;
 0.03149629]
Keyframe: 24 Frame: 154 Frame from vFrameID : 155
Tcw:
[0.99952728, 0.028878508, -0.010547809, 0.083756715;
 -0.027534576, 0.68821198, -0.72498697, -0.028572945;
 -0.013677415, 0.7249347, 0.68868178, 0.062314488;
 0, 0, 0, 1]
Twc:
[0.99952728, -0.027534576, -0.013677415, -0.083651565;
 0.028878508, 0.68821198, 0.7249347, -0.02792846;
 -0.010547809, -0.72498697, 0.68868178, -0.062746421;
 0, 0, 0, 1]
Ow:
[0.083756715;
 -0.028572945;
 0.062314488]
Keyframe: 25 Frame: 163 Frame from vFrameID : 164
Tcw:
[0.99958295, 0.020592712, -0.020245774, 0.099679507;
 -0.028870013, 0.6958819, -0.71757573, -0.012888294;
 -0.00068816345, 0.71786094, 0.69618618, 0.10763098;
 0, 0, 0, 1]
Twc:
[0.99958295, -0.028870013, -0.00068816345, -0.099935956;
 0.020592712, 0.6958819, 0.71786094, -0.070348017;
 -0.020245774, -0.71757573, 0.69618618, -0.082161441;
 0, 0, 0, 1]
Ow:
[0.099679507;
 -0.012888294;
 0.10763098]
Keyframe: 26 Frame: 170 Frame from vFrameID : 171
Tcw:
[0.99982941, 0.01757089, 0.0056881364, 0.11316941;
 -0.007802018, 0.68100011, -0.73224175, -0.0054548234;
 -0.016739761, 0.73207247, 0.68102103, 0.1536687;
 0, 0, 0, 1]
Twc:
[0.99982941, -0.007802018, -0.016739761, -0.11062029;
 0.01757089, 0.68100011, 0.73207247, -0.11077037;
 0.0056881364, -0.73224175, 0.68102103, -0.10928959;
 0, 0, 0, 1]
Ow:
[0.11316941;
 -0.0054548234;
 0.1536687]
Keyframe: 27 Frame: 179 Frame from vFrameID : 180
Tcw:
[0.99927831, 0.024289038, 0.029204048, 0.14337623;
 0.0053853728, 0.6704784, -0.7419095, -0.0098818392;
 -0.037600953, 0.74153137, 0.6698637, 0.19798934;
 0, 0, 0, 1]
Twc:
[0.99927831, 0.0053853728, -0.037600953, -0.13577496;
 0.024289038, 0.6704784, 0.74153137, -0.14367221;
 0.029204048, -0.7419095, 0.6698637, -0.14414448;
 0, 0, 0, 1]
Ow:
[0.14337623;
 -0.0098818392;
 0.19798934]
Keyframe: 28 Frame: 187 Frame from vFrameID : 188
Tcw:
[0.9995802, 0.013249691, -0.02576597, 0.1694763;
 -0.028277099, 0.63988906, -0.76794684, 0.013444722;
 0.0063123046, 0.76835304, 0.6399951, 0.25436661;
 0, 0, 0, 1]
Twc:
[0.9995802, -0.028277099, 0.0063123046, -0.17063062;
 0.013249691, 0.63988906, 0.76835304, -0.20629199;
 -0.02576597, -0.76794684, 0.6399951, -0.14810184;
 0, 0, 0, 1]
Ow:
[0.1694763;
 0.013444722;
 0.25436661]
Keyframe: 29 Frame: 195 Frame from vFrameID : 196
Tcw:
[0.99968433, 0.0098667378, -0.023107095, 0.19342406;
 -0.023831302, 0.66370773, -0.7476123, -0.0020779371;
 0.0079598632, 0.74792695, 0.6637333, 0.28074309;
 0, 0, 0, 1]
Twc:
[0.99968433, -0.023831302, 0.0079598632, -0.19564719;
 0.0098667378, 0.66370773, 0.74792695, -0.21050465;
 -0.023107095, -0.7476123, 0.6637333, -0.18342258;
 0, 0, 0, 1]
Ow:
[0.19342406;
 -0.0020779371;
 0.28074309]
Keyframe: 30 Frame: 203 Frame from vFrameID : 204
Tcw:
[0.99944657, -0.0034417866, -0.033086434, 0.22101916;
 -0.023286175, 0.63790143, -0.76976585, 0.020620987;
 0.023755254, 0.77011031, 0.63746828, 0.33783367;
 0, 0, 0, 1]
Twc:
[0.99944657, -0.023286175, 0.023755254, -0.22844198;
 -0.0034417866, 0.63790143, 0.77011031, -0.27256265;
 -0.033086434, -0.76976585, 0.63746828, -0.19217218;
 0, 0, 0, 1]
Ow:
[0.22101916;
 0.020620987;
 0.33783367]
Keyframe: 31 Frame: 213 Frame from vFrameID : 214
Tcw:
[0.99986994, 0.015923699, 0.0025506532, 0.21922834;
 -0.0083759874, 0.64793944, -0.76164579, 0.002685979;
 -0.013780887, 0.76152539, 0.64798856, 0.37915355;
 0, 0, 0, 1]
Twc:
[0.99986994, -0.0083759874, -0.013780887, -0.21395226;
 0.015923699, 0.64793944, 0.76152539, -0.29396632;
 0.0025506532, -0.76164579, 0.64798856, -0.24420057;
 0, 0, 0, 1]
Ow:
[0.21922834;
 0.002685979;
 0.37915355]
Keyframe: 32 Frame: 222 Frame from vFrameID : 223
Tcw:
[0.99839085, -0.0097538866, -0.055862471, 0.25389472;
 -0.036468316, 0.64393836, -0.76420772, 0.017018557;
 0.043425985, 0.76501518, 0.64254642, 0.43259597;
 0, 0, 0, 1]
Twc:
[0.99839085, -0.036468316, 0.043425985, -0.27165142;
 -0.0097538866, 0.64393836, 0.76501518, -0.33942494;
 -0.055862471, -0.76420772, 0.64254642, -0.25077412;
 0, 0, 0, 1]
Ow:
[0.25389472;
 0.017018557;
 0.43259597]
Keyframe: 33 Frame: 230 Frame from vFrameID : 231
Tcw:
[0.99710953, -0.013692469, -0.074733898, 0.27137092;
 -0.049142778, 0.63394177, -0.77181786, 0.024726301;
 0.057945035, 0.77325958, 0.63143647, 0.46712041;
 0, 0, 0, 1]
Twc:
[0.99710953, -0.049142778, 0.057945035, -0.29643869;
 -0.013692469, 0.63394177, 0.77325958, -0.37316462;
 -0.074733898, -0.77181786, 0.63143647, -0.25559205;
 0, 0, 0, 1]
Ow:
[0.27137092;
 0.024726301;
 0.46712041]
Keyframe: 34 Frame: 239 Frame from vFrameID : 240
Tcw:
[0.99881345, -0.01725458, -0.045540757, 0.290876;
 -0.024733528, 0.62582016, -0.77957517, 0.0094549209;
 0.041951563, 0.77977651, 0.62465084, 0.51428264;
 0, 0, 0, 1]
Twc:
[0.99881345, -0.024733528, 0.041951563, -0.31187198;
 -0.01725458, 0.62582016, 0.77977651, -0.40192366;
 -0.045540757, -0.77957517, 0.62465084, -0.30062953;
 0, 0, 0, 1]
Ow:
[0.290876;
 0.0094549209;
 0.51428264]
Keyframe: 35 Frame: 247 Frame from vFrameID : 248
Tcw:
[0.99936974, 0.03102017, -0.01725819, 0.33414951;
 -0.032839645, 0.62332171, -0.78127563, 0.0068172514;
 -0.0134779, 0.78135002, 0.62394756, 0.56357646;
 0, 0, 0, 1]
Twc:
[0.99936974, -0.032839645, -0.0134779, -0.32611921;
 0.03102017, 0.62332171, 0.78135002, -0.45496517;
 -0.01725819, -0.78127563, 0.62394756, -0.34054917;
 0, 0, 0, 1]
Ow:
[0.33414951;
 0.0068172514;
 0.56357646]
Keyframe: 36 Frame: 254 Frame from vFrameID : 255
Tcw:
[0.99893093, -0.0098796058, -0.045159582, 0.35383978;
 -0.029702349, 0.61139083, -0.79077113, 0.037994504;
 0.03542266, 0.7912671, 0.61044377, 0.61919987;
 0, 0, 0, 1]
Twc:
[0.99893093, -0.029702349, 0.03542266, -0.37426668;
 -0.0098796058, 0.61139083, 0.7912671, -0.50968617;
 -0.045159582, -0.79077113, 0.61044377, -0.3319625;
 0, 0, 0, 1]
Ow:
[0.35383978;
 0.037994504;
 0.61919987]
Keyframe: 37 Frame: 262 Frame from vFrameID : 263
Tcw:
[0.99101484, -0.049848724, -0.12411557, 0.37588099;
 -0.06788253, 0.61210597, -0.78785676, 0.024959117;
 0.11524554, 0.78920305, 0.60322225, 0.65382677;
 0, 0, 0, 1]
Twc:
[0.99101484, -0.06788253, 0.11524554, -0.44615999;
 -0.049848724, 0.61210597, 0.78920305, -0.51254249;
 -0.12411557, -0.78785676, 0.60322225, -0.32808593;
 0, 0, 0, 1]
Ow:
[0.37588099;
 0.024959117;
 0.65382677]
Keyframe: 38 Frame: 270 Frame from vFrameID : 271
Tcw:
[0.99228865, -0.046658322, -0.11483127, 0.38162333;
 -0.059860256, 0.63084662, -0.77359504, 0.024228811;
 0.10853557, 0.77450341, 0.62318897, 0.67060798;
 0, 0, 0, 1]
Twc:
[0.99228865, -0.059860256, 0.10853557, -0.45001498;
 -0.046658322, 0.63084662, 0.77450341, -0.51686692;
 -0.11483127, -0.77359504, 0.62318897, -0.3553499;
 0, 0, 0, 1]
Ow:
[0.38162333;
 0.024228811;
 0.67060798]
Keyframe: 39 Frame: 278 Frame from vFrameID : 279
Tcw:
[0.99849868, -0.010957141, -0.053668626, 0.39065266;
 -0.03557463, 0.61530662, -0.78748471, 0.011635661;
 0.041651245, 0.7882117, 0.61399305, 0.69937068;
 0, 0, 0, 1]
Twc:
[0.99849868, -0.03557463, 0.041651245, -0.41878191;
 -0.010957141, 0.61530662, 0.7882117, -0.55413121;
 -0.053668626, -0.78748471, 0.61399305, -0.39928004;
 0, 0, 0, 1]
Ow:
[0.39065266;
 0.011635661;
 0.69937068]
Keyframe: 40 Frame: 288 Frame from vFrameID : 289
Tcw:
[0.99948436, 0.023111092, 0.022289909, 0.37976044;
 0.0026537662, 0.63236964, -0.77466226, 0.029533148;
 -0.031998754, 0.77432197, 0.63198227, 0.721919;
 0, 0, 0, 1]
Twc:
[0.99948436, 0.0026537662, -0.031998754, -0.35654253;
 0.023111092, 0.63236964, 0.77432197, -0.58645028;
 0.022289909, -0.77466226, 0.63198227, -0.44182664;
 0, 0, 0, 1]
Ow:
[0.37976044;
 0.029533148;
 0.721919]
Keyframe: 41 Frame: 296 Frame from vFrameID : 297
Tcw:
[0.99997056, 0.0075366846, 0.0014590152, 0.41141918;
 -0.0036169027, 0.63019919, -0.77642512, -0.012280226;
 -0.0067711412, 0.77639693, 0.63020784, 0.75481194;
 0, 0, 0, 1]
Twc:
[0.99997056, -0.0036169027, -0.0067711412, -0.40634051;
 0.0075366846, 0.63019919, 0.77639693, -0.58139545;
 0.0014590152, -0.77642512, 0.63020784, -0.48582336;
 0, 0, 0, 1]
Ow:
[0.41141918;
 -0.012280226;
 0.75481194]
Keyframe: 42 Frame: 305 Frame from vFrameID : 306
Tcw:
[0.99958169, 0.0043858332, -0.028586108, 0.43213674;
 -0.025124907, 0.621207, -0.78324366, -0.021423578;
 0.014322715, 0.78363425, 0.62105733, 0.79433638;
 0, 0, 0, 1]
Twc:
[0.99958169, -0.025124907, 0.014322715, -0.44387129;
 0.0043858332, 0.621207, 0.78363425, -0.61105603;
 -0.028586108, -0.78324366, 0.62105733, -0.4977552;
 0, 0, 0, 1]
Ow:
[0.43213674;
 -0.021423578;
 0.79433638]
Keyframe: 43 Frame: 312 Frame from vFrameID : 313
Tcw:
[0.99924141, 0.035618663, -0.015744392, 0.4408457;
 -0.034491997, 0.62177753, -0.78243405, -0.032562524;
 -0.018079747, 0.78238356, 0.62253439, 0.80887634;
 0, 0, 0, 1]
Twc:
[0.99924141, -0.034491997, -0.018079747, -0.42701015;
 0.035618663, 0.62177753, 0.78238356, -0.62830722;
 -0.015744392, -0.78243405, 0.62253439, -0.52209055;
 0, 0, 0, 1]
Ow:
[0.4408457;
 -0.032562524;
 0.80887634]
Keyframe: 44 Frame: 320 Frame from vFrameID : 321
Tcw:
[0.99883461, 0.040935252, 0.02556826, 0.45087272;
 -0.0057254988, 0.62651306, -0.77938992, -0.053134382;
 -0.047923371, 0.77833521, 0.62601727, 0.84745377;
 0, 0, 0, 1]
Twc:
[0.99883461, -0.0057254988, -0.047923371, -0.41003865;
 0.040935252, 0.62651306, 0.77833521, -0.64477032;
 0.02556826, -0.77938992, 0.62601727, -0.58346117;
 0, 0, 0, 1]
Ow:
[0.45087272;
 -0.053134382;
 0.84745377]
Keyframe: 45 Frame: 328 Frame from vFrameID : 329
Tcw:
[0.99912328, 0.040389061, 0.011016064, 0.46891129;
 -0.017099055, 0.63388675, -0.77323681, -0.056527615;
 -0.038213246, 0.77237058, 0.63402164, 0.87917507;
 0, 0, 0, 1]
Twc:
[0.99912328, -0.017099055, -0.038213246, -0.43587062;
 0.040389061, 0.63388675, 0.77237058, -0.66215575;
 0.011016064, -0.77323681, 0.63402164, -0.60629088;
 0, 0, 0, 1]
Ow:
[0.46891129;
 -0.056527615;
 0.87917507]
Keyframe: 46 Frame: 336 Frame from vFrameID : 337
Tcw:
[0.99939328, 0.026360355, -0.02276342, 0.50341904;
 -0.034359708, 0.63930964, -0.76818132, -0.060718864;
 -0.0056966599, 0.76849741, 0.63982749, 0.91128421;
 0, 0, 0, 1]
Twc:
[0.99939328, -0.034359708, -0.0056966599, -0.50000858;
 0.026360355, 0.63930964, 0.76849741, -0.67477173;
 -0.02276342, -0.76818132, 0.63982749, -0.61824828;
 0, 0, 0, 1]
Ow:
[0.50341904;
 -0.060718864;
 0.91128421]
Keyframe: 47 Frame: 344 Frame from vFrameID : 345
Tcw:
[0.99941146, 0.027447807, -0.020575063, 0.50954735;
 -0.033311017, 0.63332844, -0.77316588, -0.051128358;
 -0.0081909355, 0.77339625, 0.63387001, 0.95471895;
 0, 0, 0, 1]
Twc:
[0.99941146, -0.033311017, -0.0081909355, -0.50313056;
 0.027447807, 0.63332844, 0.77339625, -0.71998096;
 -0.020575063, -0.77316588, 0.63387001, -0.63421446;
 0, 0, 0, 1]
Ow:
[0.50954735;
 -0.051128358;
 0.95471895]
Keyframe: 48 Frame: 354 Frame from vFrameID : 355
Tcw:
[0.99907088, 0.040566918, 0.014549791, 0.54182601;
 -0.013779058, 0.62055302, -0.78404343, -0.065000296;
 -0.040835138, 0.78311443, 0.62053543, 0.99103618;
 0, 0, 0, 1]
Twc:
[0.99907088, -0.013779058, -0.040835138, -0.5017491;
 0.040566918, 0.62055302, 0.78311443, -0.75773889;
 0.014549791, -0.78404343, 0.62053543, -0.67381954;
 0, 0, 0, 1]
Ow:
[0.54182601;
 -0.065000296;
 0.99103618]
Keyframe: 49 Frame: 363 Frame from vFrameID : 364
Tcw:
[0.99969667, 0.024019377, -0.0054451665, 0.55462241;
 -0.019347416, 0.62908006, -0.77709967, -0.069967896;
 -0.015240004, 0.77696931, 0.62935394, 1.0226244;
 0, 0, 0, 1]
Twc:
[0.99969667, -0.019347416, -0.015240004, -0.540223;
 0.024019377, 0.62908006, 0.77696931, -0.76385403;
 -0.0054451665, -0.77709967, 0.62935394, -0.69494474;
 0, 0, 0, 1]
Ow:
[0.55462241;
 -0.069967896;
 1.0226244]
Keyframe: 50 Frame: 372 Frame from vFrameID : 373
Tcw:
[0.99996859, 0.0049869632, -0.0061612418, 0.55205876;
 -0.0079250177, 0.6444422, -0.76461196, -0.098241299;
 0.00015747279, 0.76463675, 0.64446151, 1.0567472;
 0, 0, 0, 1]
Twc:
[0.99996859, -0.0079250177, 0.00015747279, -0.55298632;
 0.0049869632, 0.6444422, 0.76463675, -0.74747002;
 -0.0061612418, -0.76461196, 0.64446151, -0.75274795;
 0, 0, 0, 1]
Ow:
[0.55205876;
 -0.098241299;
 1.0567472]
Keyframe: 51 Frame: 380 Frame from vFrameID : 381
Tcw:
[0.99980986, -0.0027167739, -0.019310461, 0.59254366;
 -0.01297288, 0.64667201, -0.76265788, -0.086036563;
 0.014559504, 0.76276338, 0.64651376, 1.0919036;
 0, 0, 0, 1]
Twc:
[0.99980986, -0.01297288, 0.014559504, -0.60944474;
 -0.0027167739, 0.64667201, 0.76276338, -0.77561682;
 -0.019310461, -0.76265788, 0.64651376, -0.76010489;
 0, 0, 0, 1]
Ow:
[0.59254366;
 -0.086036563;
 1.0919036]
Keyframe: 52 Frame: 390 Frame from vFrameID : 391
Tcw:
[0.99999022, -1.6617429e-05, 0.0044183293, 0.60097712;
 0.0034391151, 0.63072991, -0.77599478, -0.087206602;
 -0.0027738775, 0.77600241, 0.63072383, 1.1327707;
 0, 0, 0, 1]
Twc:
[0.99999022, 0.0034391151, -0.0027738775, -0.59752917;
 -1.6617429e-05, 0.63072991, 0.77600241, -0.82401896;
 0.0044183293, -0.77599478, 0.63072383, -0.78479266;
 0, 0, 0, 1]
Ow:
[0.60097712;
 -0.087206602;
 1.1327707]
Keyframe: 53 Frame: 399 Frame from vFrameID : 400
Tcw:
[0.99457878, -0.099532917, 0.030103114, 0.64054513;
 0.085573383, 0.61895561, -0.78075039, -0.051173508;
 0.059077874, 0.7790938, 0.62411749, 1.184405;
 0, 0, 0, 1]
Twc:
[0.99457878, 0.085573383, 0.059077874, -0.70266569;
 -0.099532917, 0.61895561, 0.7790938, -0.82733315;
 0.030103114, -0.78075039, 0.62411749, -0.79844403;
 0, 0, 0, 1]
Ow:
[0.64054513;
 -0.051173508;
 1.184405]
Keyframe: 54 Frame: 406 Frame from vFrameID : 407
Tcw:
[0.99172884, -0.12814148, -0.0073294193, 0.64505172;
 0.072875783, 0.60917747, -0.78967839, -0.072137117;
 0.10565547, 0.78261268, 0.61347723, 1.2012525;
 0, 0, 0, 1]
Twc:
[0.99172884, 0.072875783, 0.10565547, -0.76137817;
 -0.12814148, 0.60917747, 0.78261268, -0.81351322;
 -0.0073294193, -0.78967839, 0.61347723, -0.78917831;
 0, 0, 0, 1]
Ow:
[0.64505172;
 -0.072137117;
 1.2012525]
Keyframe: 55 Frame: 414 Frame from vFrameID : 415
Tcw:
[0.9945398, -0.10130512, -0.025056068, 0.67321545;
 0.046865381, 0.64809227, -0.76011842, -0.079514086;
 0.093242526, 0.75479376, 0.64930129, 1.2201033;
 0, 0, 0, 1]
Twc:
[0.9945398, 0.046865381, 0.093242526, -0.77957869;
 -0.10130512, 0.64809227, 0.75479376, -0.80119377;
 -0.025056068, -0.76011842, 0.64930129, -0.83578664;
 0, 0, 0, 1]
Ow:
[0.67321545;
 -0.079514086;
 1.2201033]
Keyframe: 56 Frame: 422 Frame from vFrameID : 423
Tcw:
[0.9893316, -0.10660561, -0.099288426, 0.68009841;
 -0.00081076944, 0.67750722, -0.73551565, -0.096988201;
 0.14567873, 0.72774941, 0.6701929, 1.2449553;
 0, 0, 0, 1]
Twc:
[0.9893316, -0.00081076944, 0.14567873, -0.854285;
 -0.10660561, 0.67750722, 0.72774941, -0.76780295;
 -0.099288426, -0.73551565, 0.6701929, -0.83817065;
 0, 0, 0, 1]
Ow:
[0.68009841;
 -0.096988201;
 1.2449553]
Keyframe: 57 Frame: 430 Frame from vFrameID : 431
Tcw:
[0.995148, -0.07972116, -0.057662364, 0.68362176;
 0.012576727, 0.6843276, -0.72906625, -0.10257655;
 0.097581953, 0.72480363, 0.68200988, 1.2565048;
 0, 0, 0, 1]
Twc:
[0.995148, 0.012576727, 0.097581953, -0.80162704;
 -0.07972116, 0.6843276, 0.72480363, -0.78602415;
 -0.057662364, -0.72906625, 0.68200988, -0.89231449;
 0, 0, 0, 1]
Ow:
[0.68362176;
 -0.10257655;
 1.2565048]
Keyframe: 58 Frame: 437 Frame from vFrameID : 438
Tcw:
[0.99388963, -0.10873801, -0.018960189, 0.70057064;
 0.059913572, 0.67573148, -0.73470902, -0.095063567;
 0.092702799, 0.72908372, 0.67811739, 1.279516;
 0, 0, 0, 1]
Twc:
[0.99388963, 0.059913572, 0.092702799, -0.80920899;
 -0.10873801, 0.67573148, 0.72908372, -0.79245806;
 -0.018960189, -0.73470902, 0.67811739, -0.92422307;
 0, 0, 0, 1]
Ow:
[0.70057064;
 -0.095063567;
 1.279516]
Keyframe: 59 Frame: 445 Frame from vFrameID : 446
Tcw:
[0.99126029, -0.12523465, -0.041464292, 0.7147997;
 0.056955524, 0.68978786, -0.72176778, -0.10092312;
 0.1189919, 0.71309817, 0.69089216, 1.3008406;
 0, 0, 0, 1]
Twc:
[0.99126029, 0.056955524, 0.1189919, -0.85759395;
 -0.12523465, 0.68978786, 0.71309817, -0.76849383;
 -0.041464292, -0.72176778, 0.69089216, -0.94194496;
 0, 0, 0, 1]
Ow:
[0.7147997;
 -0.10092312;
 1.3008406]
Keyframe: 60 Frame: 453 Frame from vFrameID : 454
Tcw:
[0.98520637, -0.16206969, -0.055693675, 0.72018975;
 0.073223568, 0.69193447, -0.7182374, -0.1136601;
 0.15494089, 0.70353401, 0.69356561, 1.3180285;
 0, 0, 0, 1]
Twc:
[0.98520637, 0.073223568, 0.15494089, -0.90542948;
 -0.16206969, 0.69193447, 0.70353401, -0.73191154;
 -0.055693675, -0.7182374, 0.69356561, -0.9556641;
 0, 0, 0, 1]
Ow:
[0.72018975;
 -0.1136601;
 1.3180285]
Keyframe: 61 Frame: 461 Frame from vFrameID : 462
Tcw:
[0.99112433, -0.12955527, -0.029798603, 0.72959614;
 0.066020206, 0.67424893, -0.73554718, -0.10677701;
 0.1153857, 0.72705144, 0.67681783, 1.3267498;
 0, 0, 0, 1]
Twc:
[0.99112433, 0.066020206, 0.1153857, -0.86915904;
 -0.12955527, 0.67424893, 0.72705144, -0.79809803;
 -0.029798603, -0.73554718, 0.67681783, -0.95476651;
 0, 0, 0, 1]
Ow:
[0.72959614;
 -0.10677701;
 1.3267498]
Keyframe: 62 Frame: 469 Frame from vFrameID : 470
Tcw:
[0.98729616, -0.1569262, -0.024909174, 0.71786433;
 0.092279598, 0.69392592, -0.71410877, -0.073763371;
 0.12934749, 0.70273823, 0.69959146, 1.3548062;
 0, 0, 0, 1]
Twc:
[0.98729616, 0.092279598, 0.12934749, -0.87717861;
 -0.1569262, 0.69392592, 0.70273823, -0.78823608;
 -0.024909174, -0.71410877, 0.69959146, -0.9826045;
 0, 0, 0, 1]
Ow:
[0.71786433;
 -0.073763371;
 1.3548062]
Keyframe: 63 Frame: 477 Frame from vFrameID : 478
Tcw:
[0.97929007, -0.18308532, -0.086433701, 0.72992039;
 0.067228474, 0.69674504, -0.71416152, -0.072715402;
 0.19097474, 0.69356042, 0.69462407, 1.3802881;
 0, 0, 0, 1]
Twc:
[0.97929007, 0.067228474, 0.19097474, -0.97351539;
 -0.18308532, 0.69674504, 0.69356042, -0.77301151;
 -0.086433701, -0.71416152, 0.69462407, -0.94762218;
 0, 0, 0, 1]
Ow:
[0.72992039;
 -0.072715402;
 1.3802881]
Keyframe: 64 Frame: 486 Frame from vFrameID : 487
Tcw:
[0.97219825, -0.20060539, -0.12078112, 0.74752176;
 0.057262588, 0.70382494, -0.70806175, -0.07140094;
 0.22704977, 0.68146014, 0.69574457, 1.3953581;
 0, 0, 0, 1]
Twc:
[0.97219825, 0.057262588, 0.22704977, -1.0394664;
 -0.20060539, 0.70382494, 0.68146014, -0.75067031;
 -0.12078112, -0.70806175, 0.69574457, -0.93108249;
 0, 0, 0, 1]
Ow:
[0.74752176;
 -0.07140094;
 1.3953581]
Keyframe: 65 Frame: 495 Frame from vFrameID : 496
Tcw:
[0.97430813, -0.21446219, -0.068772696, 0.77263385;
 0.10097888, 0.68892062, -0.71776855, -0.074581325;
 0.20131314, 0.69238311, 0.69287711, 1.4387786;
 0, 0, 0, 1]
Twc:
[0.97430813, 0.10097888, 0.20131314, -1.0348973;
 -0.21446219, 0.68892062, 0.69238311, -0.77910465;
 -0.068772696, -0.71776855, 0.69287711, -0.99729276;
 0, 0, 0, 1]
Ow:
[0.77263385;
 -0.074581325;
 1.4387786]
Keyframe: 66 Frame: 503 Frame from vFrameID : 504
Tcw:
[0.98553252, -0.16836977, 0.019422058, 0.77617407;
 0.13502736, 0.71072817, -0.69038618, -0.092388749;
 0.10243636, 0.68302059, 0.72318023, 1.4507933;
 0, 0, 0, 1]
Twc:
[0.98553252, 0.13502736, 0.10243636, -0.90108383;
 -0.16836977, 0.71072817, 0.68302059, -0.79457408;
 0.019422058, -0.69038618, 0.72318023, -1.1280439;
 0, 0, 0, 1]
Ow:
[0.77617407;
 -0.092388749;
 1.4507933]
Keyframe: 67 Frame: 511 Frame from vFrameID : 512
Tcw:
[0.98613244, -0.15018992, 0.070610128, 0.71576428;
 0.15631269, 0.69759899, -0.6992296, -0.030713141;
 0.05575968, 0.70057023, 0.71140158, 1.5003819;
 0, 0, 0, 1]
Twc:
[0.98613244, 0.15631269, 0.05575968, -0.78469837;
 -0.15018992, 0.69759899, 0.70057023, -0.92219698;
 0.070610128, -0.6992296, 0.71140158, -1.1393899;
 0, 0, 0, 1]
Ow:
[0.71576428;
 -0.030713141;
 1.5003819]
Keyframe: 68 Frame: 519 Frame from vFrameID : 520
Tcw:
[0.98728025, -0.15848158, 0.012702455, 0.77477455;
 0.12227399, 0.70579237, -0.69778669, -0.072868168;
 0.10162104, 0.69046414, 0.71619302, 1.5238502;
 0, 0, 0, 1]
Twc:
[0.98728025, 0.12227399, 0.10162104, -0.91086495;
 -0.15848158, 0.70579237, 0.69046414, -0.87794667;
 0.012702455, -0.69778669, 0.71619302, -1.1520588;
 0, 0, 0, 1]
Ow:
[0.77477455;
 -0.072868168;
 1.5238502]
Keyframe: 69 Frame: 527 Frame from vFrameID : 528
Tcw:
[0.99316084, -0.11561979, 0.016234953, 0.77321339;
 0.092415519, 0.69351202, -0.71449316, -0.085821629;
 0.071350411, 0.71110696, 0.69945407, 1.5406988;
 0, 0, 0, 1]
Twc:
[0.99316084, 0.092415519, 0.071350411, -0.86992353;
 -0.11561979, 0.69351202, 0.71110696, -0.9466846;
 0.016234953, -0.71449316, 0.69945407, -1.1515201;
 0, 0, 0, 1]
Ow:
[0.77321339;
 -0.085821629;
 1.5406988]
Keyframe: 70 Frame: 535 Frame from vFrameID : 536
Tcw:
[0.99280483, -0.11162773, 0.043334082, 0.7985605;
 0.10613343, 0.65274721, -0.75010449, -0.077987611;
 0.05544626, 0.74930656, 0.65989804, 1.553423;
 0, 0, 0, 1]
Twc:
[0.99280483, 0.10613343, 0.05544626, -0.87066913;
 -0.11162773, 0.65274721, 0.74930656, -1.0239424;
 0.043334082, -0.75010449, 0.65989804, -1.1182045;
 0, 0, 0, 1]
Ow:
[0.7985605;
 -0.077987611;
 1.553423]
Keyframe: 71 Frame: 543 Frame from vFrameID : 544
Tcw:
[0.98141319, -0.10965484, 0.15749286, 0.76896292;
 0.1902965, 0.6621598, -0.72479767, -0.078542113;
 -0.024807867, 0.74129635, 0.67071927, 1.5749671;
 0, 0, 0, 1]
Twc:
[0.98141319, 0.1902965, -0.024807867, -0.70065248;
 -0.10965484, 0.6621598, 0.74129635, -1.0311893;
 0.15749286, -0.72479767, 0.67071927, -1.2343941;
 0, 0, 0, 1]
Ow:
[0.76896292;
 -0.078542113;
 1.5749671]
Keyframe: 72 Frame: 551 Frame from vFrameID : 552
Tcw:
[0.98369175, -0.10132534, 0.14860575, 0.72118878;
 0.17936502, 0.61403304, -0.76862967, -0.04495436;
 -0.01336718, 0.78274935, 0.62219352, 1.5984386;
 0, 0, 0, 1]
Twc:
[0.98369175, 0.17936502, -0.01336718, -0.67999756;
 -0.10132534, 0.61403304, 0.78274935, -1.1504986;
 0.14860575, -0.76862967, 0.62219352, -1.1362642;
 0, 0, 0, 1]
Ow:
[0.72118878;
 -0.04495436;
 1.5984386]
Keyframe: 73 Frame: 559 Frame from vFrameID : 560
Tcw:
[0.9888677, -0.073481932, 0.12938753, 0.72759813;
 0.14674349, 0.62558556, -0.7662304, -0.058687329;
 -0.02463888, 0.77668726, 0.62940437, 1.6144991;
 0, 0, 0, 1]
Twc:
[0.9888677, 0.14674349, -0.02463888, -0.67110682;
 -0.073481932, 0.62558556, 0.77668726, -1.1637815;
 0.12938753, -0.7662304, 0.62940437, -1.1552829;
 0, 0, 0, 1]
Ow:
[0.72759813;
 -0.058687329;
 1.6144991]
Keyframe: 74 Frame: 567 Frame from vFrameID : 568
Tcw:
[0.9915846, -0.067049138, 0.11074459, 0.75306225;
 0.12777434, 0.64446998, -0.75387812, -0.074595511;
 -0.020824682, 0.76168424, 0.64761364, 1.6359985;
 0, 0, 0, 1]
Twc:
[0.9915846, 0.12777434, -0.020824682, -0.7031244;
 -0.067049138, 0.64446998, 0.76168424, -1.1475475;
 0.11074459, -0.75387812, 0.64761364, -1.1991284;
 0, 0, 0, 1]
Ow:
[0.75306225;
 -0.074595511;
 1.6359985]
Keyframe: 75 Frame: 575 Frame from vFrameID : 576
Tcw:
[0.98524332, -0.031502325, 0.16823542, 0.71002221;
 0.14866345, 0.64460844, -0.74991941, -0.082771361;
 -0.084821768, 0.76386356, 0.63977945, 1.6694177;
 0, 0, 0, 1]
Twc:
[0.98524332, 0.14866345, -0.084821768, -0.54563665;
 -0.031502325, 0.64460844, 0.76386356, -1.1994849;
 0.16823542, -0.74991941, 0.63977945, -1.2495818;
 0, 0, 0, 1]
Ow:
[0.71002221;
 -0.082771361;
 1.6694177]
Keyframe: 76 Frame: 583 Frame from vFrameID : 584
Tcw:
[0.98696965, 0.0011658861, 0.16090229, 0.75687099;
 0.12053527, 0.65708107, -0.74412078, -0.079024136;
 -0.10659341, 0.75381899, 0.64837855, 1.6945705;
 0, 0, 0, 1]
Twc:
[0.98696965, 0.12053527, -0.10659341, -0.55685341;
 0.0011658861, 0.65708107, 0.75381899, -1.2263566;
 0.16090229, -0.74412078, 0.64837855, -1.2793089;
 0, 0, 0, 1]
Ow:
[0.75687099;
 -0.079024136;
 1.6945705]
Keyframe: 77 Frame: 590 Frame from vFrameID : 591
Tcw:
[0.99452883, -0.006767998, 0.104243, 0.76848894;
 0.084771097, 0.63541567, -0.76750296, -0.08063966;
 -0.061043177, 0.77214062, 0.63251293, 1.7270808;
 0, 0, 0, 1]
Twc:
[0.99452883, 0.084771097, -0.061043177, -0.652022;
 -0.006767998, 0.63541567, 0.77214062, -1.2771083;
 0.104243, -0.76750296, 0.63251293, -1.2344017;
 0, 0, 0, 1]
Ow:
[0.76848894;
 -0.08063966;
 1.7270808]
Keyframe: 78 Frame: 598 Frame from vFrameID : 599
Tcw:
[0.99267262, -0.02171449, 0.11886763, 0.75118536;
 0.10327549, 0.66316223, -0.74131644, -0.095033526;
 -0.062731206, 0.74816066, 0.66054559, 1.7486385;
 0, 0, 0, 1]
Twc:
[0.99267262, 0.10327549, -0.062731206, -0.6261723;
 -0.02171449, 0.66316223, 0.74816066, -1.2289282;
 0.11886763, -0.74131644, 0.66054559, -1.3147969;
 0, 0, 0, 1]
Ow:
[0.75118536;
 -0.095033526;
 1.7486385]
Keyframe: 79 Frame: 606 Frame from vFrameID : 607
Tcw:
[0.99104679, -0.025823357, 0.13099387, 0.75566643;
 0.11521596, 0.66116703, -0.74133897, -0.10616559;
 -0.06746497, 0.74979419, 0.65822273, 1.7570798;
 0, 0, 0, 1]
Twc:
[0.99104679, 0.11521596, -0.06746497, -0.61812752;
 -0.025823357, 0.66116703, 0.74979419, -1.2277412;
 0.13099387, -0.74133897, 0.65822273, -1.3342422;
 0, 0, 0, 1]
Ow:
[0.75566643;
 -0.10616559;
 1.7570798]
Keyframe: 80 Frame: 613 Frame from vFrameID : 614
Tcw:
[0.98683941, -0.013607219, 0.16112974, 0.79480344;
 0.12899157, 0.66715133, -0.73366904, -0.10192913;
 -0.097514726, 0.74479789, 0.66012645, 1.7770839;
 0, 0, 0, 1]
Twc:
[0.98683941, 0.12899157, -0.097514726, -0.59790355;
 -0.013607219, 0.66715133, 0.74479789, -1.2447512;
 0.16112974, -0.73366904, 0.66012645, -1.3759488;
 0, 0, 0, 1]
Ow:
[0.79480344;
 -0.10192913;
 1.7770839]
Keyframe: 81 Frame: 621 Frame from vFrameID : 622
Tcw:
[0.98823446, -0.016775776, 0.15202375, 0.80949873;
 0.12499482, 0.66139716, -0.73954719, -0.11235434;
 -0.08814159, 0.74984825, 0.65571237, 1.8026924;
 0, 0, 0, 1]
Twc:
[0.98823446, 0.12499482, -0.08814159, -0.62703866;
 -0.016775776, 0.66139716, 0.74984825, -1.2638547;
 0.15202375, -0.73954719, 0.65571237, -1.3882021;
 0, 0, 0, 1]
Ow:
[0.80949873;
 -0.11235434;
 1.8026924]
Keyframe: 82 Frame: 629 Frame from vFrameID : 630
Tcw:
[0.99389857, -0.010199738, 0.10982536, 0.82950217;
 0.08887367, 0.66376239, -0.74264461, -0.11072743;
 -0.065323159, 0.74787396, 0.66061896, 1.8191414;
 0, 0, 0, 1]
Twc:
[0.99389857, 0.08887367, -0.065323159, -0.69576818;
 -0.010199738, 0.66376239, 0.74787396, -1.2785311;
 0.10982536, -0.74264461, 0.66061896, -1.3750907;
 0, 0, 0, 1]
Ow:
[0.82950217;
 -0.11072743;
 1.8191414]
Keyframe: 83 Frame: 637 Frame from vFrameID : 638
Tcw:
[0.99180245, -0.02419677, 0.12546891, 0.83238947;
 0.10765009, 0.68723446, -0.71841508, -0.11649472;
 -0.068843238, 0.72603261, 0.68420559, 1.8410357;
 0, 0, 0, 1]
Twc:
[0.99180245, 0.10765009, -0.068843238, -0.6862824;
 -0.02419677, 0.68723446, 0.72603261, -1.2364516;
 0.12546891, -0.71841508, 0.68420559, -1.4477775;
 0, 0, 0, 1]
Ow:
[0.83238947;
 -0.11649472;
 1.8410357]
Keyframe: 84 Frame: 645 Frame from vFrameID : 646
Tcw:
[0.98559672, -0.0009876386, 0.16910994, 0.84115225;
 0.12402485, 0.68402302, -0.71883959, -0.065086305;
 -0.11496513, 0.72945976, 0.67429334, 1.8549962;
 0, 0, 0, 1]
Twc:
[0.98559672, 0.12402485, -0.11496513, -0.60770464;
 -0.0009876386, 0.68402302, 0.72945976, -1.3077937;
 0.16910994, -0.71883959, 0.67429334, -1.4398454;
 0, 0, 0, 1]
Ow:
[0.84115225;
 -0.065086305;
 1.8549962]
Keyframe: 85 Frame: 653 Frame from vFrameID : 654
Tcw:
[0.98584378, -0.021488981, 0.16628359, 0.85640991;
 0.1370188, 0.67484069, -0.72513163, -0.071801901;
 -0.0966326, 0.73765051, 0.6682319, 1.880584;
 0, 0, 0, 1]
Twc:
[0.98584378, 0.1370188, -0.0966326, -0.65272248;
 -0.021488981, 0.67484069, 0.73765051, -1.3203554;
 0.16628359, -0.72513163, 0.6682319, -1.451139;
 0, 0, 0, 1]
Ow:
[0.85640991;
 -0.071801901;
 1.880584]
Keyframe: 86 Frame: 661 Frame from vFrameID : 662
Tcw:
[0.99065459, -0.025800994, 0.13393213, 0.87006509;
 0.11661738, 0.66948897, -0.73361087, -0.068619728;
 -0.070738196, 0.74237376, 0.66624117, 1.8964438;
 0, 0, 0, 1]
Twc:
[0.99065459, 0.11661738, -0.070738196, -0.71978068;
 -0.025800994, 0.66948897, 0.74237376, -1.3394815;
 0.13393213, -0.73361087, 0.66624117, -1.4303588;
 0, 0, 0, 1]
Ow:
[0.87006509;
 -0.068619728;
 1.8964438]
Keyframe: 87 Frame: 669 Frame from vFrameID : 670
Tcw:
[0.99002826, -0.021425676, 0.13923003, 0.85872954;
 0.1162152, 0.68280154, -0.72130162, -0.061249554;
 -0.079612106, 0.73028964, 0.67848283, 1.910274;
 0, 0, 0, 1]
Twc:
[0.99002826, 0.1162152, -0.079612106, -0.69096738;
 -0.021425676, 0.68280154, 0.73028964, -1.3348331;
 0.13923003, -0.72130162, 0.67848283, -1.4598284;
 0, 0, 0, 1]
Ow:
[0.85872954;
 -0.061249554;
 1.910274]
Keyframe: 88 Frame: 677 Frame from vFrameID : 678
Tcw:
[0.9862622, -0.025710322, 0.16317411, 0.87222672;
 0.13496482, 0.69497228, -0.70625633, -0.064652324;
 -0.095243402, 0.71857673, 0.68889487, 1.9265804;
 0, 0, 0, 1]
Twc:
[0.9862622, 0.13496482, -0.095243402, -0.66802442;
 -0.025710322, 0.69497228, 0.71857673, -1.317039;
 0.16317411, -0.70625633, 0.68889487, -1.5151974;
 0, 0, 0, 1]
Ow:
[0.87222672;
 -0.064652324;
 1.9265804]
Keyframe: 89 Frame: 685 Frame from vFrameID : 686
Tcw:
[0.98447514, -0.014306282, 0.17493999, 0.8816191;
 0.13721626, 0.68424284, -0.7162286, -0.049658298;
 -0.10945487, 0.72911388, 0.67558312, 1.9336219;
 0, 0, 0, 1]
Twc:
[0.98447514, 0.13721626, -0.10945487, -0.64947385;
 -0.014306282, 0.68424284, 0.72911388, -1.3632395;
 0.17493999, -0.7162286, 0.67558312, -1.4961195;
 0, 0, 0, 1]
Ow:
[0.8816191;
 -0.049658298;
 1.9336219]
Keyframe: 90 Frame: 693 Frame from vFrameID : 694
Tcw:
[0.98802441, -0.0016809071, 0.1542886, 0.89075589;
 0.11180797, 0.69690228, -0.70839691, -0.043922782;
 -0.10633333, 0.71716416, 0.68874437, 1.9464658;
 0, 0, 0, 1]
