Keyframe: 0 Frame: 0 Frame from vFrameID : 44
Tcw:
[0.99988925, -0.005754943, 0.013725108, 0.017040599;
 0.013684342, 0.71807641, -0.69582969, -0.0041570012;
 -0.0058512157, 0.69594049, 0.71807563, -0.056216028;
 0, 0, 0, 1]
Twc:
[0.99988925, 0.013684342, -0.0058512157, -0.017310757;
 -0.005754943, 0.71807641, 0.69594049, 0.04220612;
 0.013725108, -0.69582969, 0.71807563, 0.037240911;
 0, 0, 0, 1]
Ow:
[0.017040599;
 -0.0041570012;
 -0.056216028]
Keyframe: 1 Frame: 43 Frame from vFrameID : 44
Tcw:
[0.9998672, -0.0069026286, 0.014762, 0.019004419;
 0.015233971, 0.71759933, -0.69628954, -0.0069530364;
 -0.0057869731, 0.69642198, 0.71760917, -0.054604031;
 0, 0, 0, 1]
Twc:
[0.9998672, 0.015233971, -0.0057869731, -0.019211967;
 -0.0069026286, 0.71759933, 0.69642198, 0.043148123;
 0.014762, -0.69628954, 0.71760917, 0.034062486;
 0, 0, 0, 1]
Ow:
[0.019004419;
 -0.0069530364;
 -0.054604031]
Keyframe: 2 Frame: 46 Frame from vFrameID : 47
Tcw:
[0.99980038, -0.0097171171, 0.01745826, 0.017038148;
 0.019112913, 0.719787, -0.69393182, -0.0041571334;
 -0.0058232113, 0.69412696, 0.71982902, -0.056206696;
 0, 0, 0, 1]
Twc:
[0.99980038, 0.019112913, -0.0058232113, -0.017282594;
 -0.0097171171, 0.719787, 0.69412696, 0.042172395;
 0.01745826, -0.69393182, 0.71982902, 0.037276987;
 0, 0, 0, 1]
Ow:
[0.017038148;
 -0.0041571334;
 -0.056206696]
Keyframe: 3 Frame: 47 Frame from vFrameID : 48
Tcw:
[0.99981141, -0.011520279, 0.01563419, 0.015907153;
 0.019130144, 0.72286248, -0.69072706, -0.0089056864;
 -0.0033440017, 0.69089586, 0.72294652, -0.056569412;
 0, 0, 0, 1]
Twc:
[0.99981141, 0.019130144, -0.0033440017, -0.015922954;
 -0.011520279, 0.72286248, 0.69089586, 0.045704417;
 0.01563419, -0.69072706, 0.72294652, 0.034496568;
 0, 0, 0, 1]
Ow:
[0.015907153;
 -0.0089056864;
 -0.056569412]
