Keyframe: 0 Frame: 0 Frame from vFrameID : 36
Tcw:
[1, 0, 0, 0;
 0, 1, 0, 0;
 0, 0, 1, 0;
 0, 0, 0, 1]
Twc:
[1, 0, 0, 0;
 0, 1, 0, 0;
 0, 0, 1, 0;
 0, 0, 0, 1]
Ow:
[0;
 0;
 0]
Keyframe: 1 Frame: 35 Frame from vFrameID : 36
Tcw:
[0.99940193, 0.015841629, 0.030738458, -0.0049558999;
 -0.015780685, 0.99987298, -0.0022242765, -0.00022363821;
 -0.03076979, 0.0017378724, 0.99952501, 0.0044500483;
 0, 0, 0, 1]
Twc:
[0.99940193, -0.015780685, -0.03076979, 0.005086334;
 0.015841629, 0.99987298, 0.0017378724, 0.00029438574;
 0.030738458, -0.0022242765, 0.99952501, -0.0042960951;
 0, 0, 0, 1]
Ow:
[-0.0049558999;
 -0.00022363821;
 0.0044500483]
Keyframe: 2 Frame: 37 Frame from vFrameID : 38
Tcw:
[0.99935436, 0.012595437, 0.033649094, -0.0061802929;
 -0.012511507, 0.99991804, -0.0027037007, -0.00010207009;
 -0.033680391, 0.002280954, 0.99943006, 0.0054523861;
 0, 0, 0, 1]
Twc:
[0.99935436, -0.012511507, -0.033680391, 0.0063586636;
 0.012595437, 0.99991804, 0.002280954, 0.00016746858;
 0.033649094, -0.0027037007, 0.99943006, -0.0052415929;
 0, 0, 0, 1]
Ow:
[-0.0061802929;
 -0.00010207009;
 0.0054523861]
Keyframe: 3 Frame: 38 Frame from vFrameID : 39
Tcw:
[0.99941301, 0.0081731062, 0.033269674, -0.0058618272;
 -0.0080441497, 0.99995959, -0.0040081087, -0.00018209615;
 -0.033301089, 0.0037381295, 0.99943835, 0.0057694507;
 0, 0, 0, 1]
Twc:
[0.99941301, -0.0080441497, -0.033301089, 0.0060490505;
 0.0081731062, 0.99995959, 0.0037381295, 0.00020843119;
 0.033269674, -0.0040081087, 0.99943835, -0.0055719195;
 0, 0, 0, 1]
Ow:
[-0.0058618272;
 -0.00018209615;
 0.0057694507]
Keyframe: 4 Frame: 39 Frame from vFrameID : 40
Tcw:
[0.99937922, 0.0040744832, 0.034994133, -0.0056148875;
 -0.0037870191, 0.99995857, -0.0082769981, -0.00024888184;
 -0.035026405, 0.0081393365, 0.99935323, 0.0060115736;
 0, 0, 0, 1]
Twc:
[0.99937922, -0.0037870191, -0.035026405, 0.0058210227;
 0.0040744832, 0.99995857, 0.0081393365, 0.00022281906;
 0.034994133, -0.0082769981, 0.99935323, -0.0058132573;
 0, 0, 0, 1]
Ow:
[-0.0056148875;
 -0.00024888184;
 0.0060115736]
Keyframe: 5 Frame: 40 Frame from vFrameID : 41
Tcw:
[0.99937308, 0.0034623153, 0.035234094, -0.0056584752;
 -0.0031270718, 0.99994934, -0.0095654093, -0.00023121272;
 -0.035265427, 0.0094492333, 0.99933332, 0.0059690368;
 0, 0, 0, 1]
Twc:
[0.99937308, -0.0031270718, -0.035265427, 0.0058647059;
 0.0034623153, 0.99994934, 0.0094492333, 0.00019438962;
 0.035234094, -0.0095654093, 0.99933332, -0.0057678977;
 0, 0, 0, 1]
Ow:
[-0.0056584752;
 -0.00023121272;
 0.0059690368]
Keyframe: 6 Frame: 41 Frame from vFrameID : 42
Tcw:
[0.99937844, 0.0032968372, 0.035097137, -0.0056675808;
 -0.0029598903, 0.9999491, -0.0096480409, -0.00013985492;
 -0.035127159, 0.0095381606, 0.99933732, 0.0060196025;
 0, 0, 0, 1]
Twc:
[0.99937844, -0.0029598903, -0.035127159, 0.0058750957;
 0.0032968372, 0.9999491, 0.0095381606, 0.00010111695;
 0.035097137, -0.0096480409, 0.99933732, -0.0058180471;
 0, 0, 0, 1]
Ow:
[-0.0056675808;
 -0.00013985492;
 0.0060196025]
Keyframe: 7 Frame: 43 Frame from vFrameID : 44
Tcw:
[0.99957496, 0.0049204812, 0.028735178, -0.0058416575;
 -0.0047382978, 0.99996829, -0.0064047487, -0.00018728425;
 -0.028765781, 0.0062658703, 0.99956656, 0.0057521812;
 0, 0, 0, 1]
Twc:
[0.99957496, -0.0047382978, -0.028765781, 0.0060037528;
 0.0049204812, 0.99996829, 0.0062658703, 0.00017997964;
 0.028735178, -0.0064047487, 0.99956656, -0.0055830264;
 0, 0, 0, 1]
Ow:
[-0.0058416575;
 -0.00018728425;
 0.0057521812]
Keyframe: 8 Frame: 45 Frame from vFrameID : 46
Tcw:
[0.99997634, 0.0021048908, 0.0065456191, -0.0055733635;
 -0.0020851402, 0.99999326, -0.0030227571, -0.00011134072;
 -0.0065519377, 0.0030090371, 0.99997401, 0.0057366304;
 0, 0, 0, 1]
Twc:
[0.99997634, -0.0020851402, -0.0065519377, 0.0056105857;
 0.0021048908, 0.99999326, 0.0030090371, 0.00010580956;
 0.0065456191, -0.0030227571, 0.99997401, -0.0057003368;
 0, 0, 0, 1]
Ow:
[-0.0055733635;
 -0.00011134072;
 0.0057366304]
Keyframe: 9 Frame: 47 Frame from vFrameID : 48
Tcw:
[0.99999613, 0.0025844525, -0.0010555488, -0.0058638491;
 -0.0025901722, 0.99998176, -0.0054538893, -0.00016674303;
 0.0010414342, 0.0054566022, 0.99998456, 0.0056740008;
 0, 0, 0, 1]
Twc:
[0.99999613, -0.0025901722, 0.0010414342, 0.0058574849;
 0.0025844525, 0.99998176, 0.0054566022, 0.00015093408;
 -0.0010555488, -0.0054538893, 0.99998456, -0.0056810123;
 0, 0, 0, 1]
Ow:
[-0.0058638491;
 -0.00016674303;
 0.0056740008]
Keyframe: 10 Frame: 49 Frame from vFrameID : 50
Tcw:
[0.99985516, 0.0016384233, -0.016939592, -0.0026409503;
 -0.0018443117, 0.99992454, -0.012145807, 0.00058565201;
 0.016918413, 0.01217529, 0.99978274, 0.003221021;
 0, 0, 0, 1]
Twc:
[0.99985516, -0.0018443117, 0.016918413, 0.0025871531;
 0.0016384233, 0.99992454, 0.01217529, -0.00062049768;
 -0.016939592, -0.012145807, 0.99978274, -0.0032579447;
 0, 0, 0, 1]
Ow:
[-0.0026409503;
 0.00058565201;
 0.003221021]
Keyframe: 11 Frame: 52 Frame from vFrameID : 53
Tcw:
[0.99992269, 0.01053315, -0.0066056089, -0.0022475419;
 -0.010574175, 0.99992484, -0.0062067355, -0.00027127669;
 0.0065397355, 0.0062761046, 0.99995893, 0.00098316267;
 0, 0, 0, 1]
Twc:
[0.99992269, -0.010574175, 0.0065397355, 0.0022380701;
 0.01053315, 0.99992484, 0.0062761046, 0.00028875956;
 -0.0066056089, -0.0062067355, 0.99995893, -0.00099965243;
 0, 0, 0, 1]
Ow:
[-0.0022475419;
 -0.00027127669;
 0.00098316267]
Keyframe: 12 Frame: 56 Frame from vFrameID : 57
Tcw:
[0.99955124, 0.021885913, 0.020454468, 0.00072309142;
 -0.022035783, 0.99973178, 0.0071305269, 4.8504829e-05;
 -0.020292923, -0.0075780568, 0.99976534, -0.0025389108;
 0, 0, 0, 1]
Twc:
[0.99955124, -0.022035783, -0.020292923, -0.00077321997;
 0.021885913, 0.99973178, -0.0075780568, -8.3557345e-05;
 0.020454468, 0.0071305269, 0.99976534, 0.0025231789;
 0, 0, 0, 1]
Ow:
[0.00072309142;
 4.8504829e-05;
 -0.0025389108]
Keyframe: 13 Frame: 60 Frame from vFrameID : 61
Tcw:
[0.99807936, 0.035038542, 0.051087558, 0.0036503205;
 -0.035928234, 0.99921644, 0.016601704, 0.00032255502;
 -0.05046583, -0.018405303, 0.9985562, -0.0067681754;
 0, 0, 0, 1]
Twc:
[0.99807936, -0.035928234, -0.05046583, -0.0039732819;
 0.035038542, 0.99921644, -0.018405303, -0.00057477452;
 0.051087558, 0.016601704, 0.9985562, 0.0065665622;
 0, 0, 0, 1]
Ow:
[0.0036503205;
 0.00032255502;
 -0.0067681754]
Keyframe: 14 Frame: 65 Frame from vFrameID : 66
Tcw:
[0.99820036, 0.032651931, 0.050297603, 0.0042893197;
 -0.033845548, 0.99916089, 0.023064792, 0.00042651969;
 -0.049502287, -0.024725635, 0.99846792, -0.0070506176;
 0, 0, 0, 1]
Twc:
[0.99820036, -0.033845548, -0.049502287, -0.0046161865;
 0.032651931, 0.99916089, -0.024725635, -0.00074054737;
 0.050297603, 0.023064792, 0.99846792, 0.0068142354;
 0, 0, 0, 1]
Ow:
[0.0042893197;
 0.00042651969;
 -0.0070506176]
Keyframe: 15 Frame: 69 Frame from vFrameID : 70
Tcw:
[0.99905312, 0.025768567, 0.035055384, 0.0045709168;
 -0.026230128, 0.99957436, 0.012771053, 0.00051223859;
 -0.034711372, -0.013678468, 0.99930376, -0.0071671568;
 0, 0, 0, 1]
Twc:
[0.99905312, -0.026230128, -0.034711372, -0.0048019341;
 0.025768567, 0.99957436, -0.013678468, -0.00072784227;
 0.035055384, 0.012771053, 0.99930376, 0.0069953897;
 0, 0, 0, 1]
Ow:
[0.0045709168;
 0.00051223859;
 -0.0071671568]
Keyframe: 16 Frame: 73 Frame from vFrameID : 74
Tcw:
[0.99937487, 0.022364872, 0.027380647, 0.00136884;
 -0.02244433, 0.99974471, 0.0025980428, -0.00081126823;
 -0.027315553, -0.003210959, 0.99962169, -0.0073764883;
 0, 0, 0, 1]
Twc:
[0.99937487, -0.02244433, -0.027315553, -0.0015876855;
 0.022364872, 0.99974471, -0.003210959, 0.00075676158;
 0.027380647, 0.0025980428, 0.99962169, 0.007338326;
 0, 0, 0, 1]
Ow:
[0.00136884;
 -0.00081126823;
 -0.0073764883]
Keyframe: 17 Frame: 77 Frame from vFrameID : 78
Tcw:
[0.99974418, 0.018528366, 0.012972646, -0.0035774941;
 -0.018436695, 0.99980444, -0.0071509467, -0.0010711378;
 -0.013102605, 0.0069099446, 0.99989027, -0.0051794862;
 0, 0, 0, 1]
Twc:
[0.99974418, -0.018436695, -0.013102605, 0.003488966;
 0.018528366, 0.99980444, 0.0069099446, 0.0011730035;
 0.012972646, -0.0071509467, 0.99989027, 0.0052176681;
 0, 0, 0, 1]
Ow:
[-0.0035774941;
 -0.0010711378;
 -0.0051794862]
Keyframe: 18 Frame: 82 Frame from vFrameID : 83
Tcw:
[0.99997044, 0.0059081297, -0.0049178805, -0.0094708437;
 -0.0060011572, 0.99979913, -0.019121446, -0.00082624413;
 0.0048039211, 0.019150393, 0.99980509, -0.0035850552;
 0, 0, 0, 1]
Twc:
[0.99997044, -0.0060011572, 0.0048039211, 0.009482828;
 0.0059081297, 0.99979913, 0.019150393, 0.00095068844;
 -0.0049178805, -0.019121446, 0.99980509, 0.0035219807;
 0, 0, 0, 1]
Ow:
[-0.0094708437;
 -0.00082624413;
 -0.0035850552]
Keyframe: 19 Frame: 87 Frame from vFrameID : 88
Tcw:
[0.99997079, 0.00086290244, -0.0075941938, -0.012007897;
 -0.0010318167, 0.99975151, -0.022266816, -0.00075155095;
 0.0075730924, 0.022274002, 0.9997232, -0.0018731137;
 0, 0, 0, 1]
Twc:
[0.99997079, -0.0010318167, 0.0075730924, 0.012020956;
 0.00086290244, 0.99975151, 0.022274002, 0.00080344762;
 -0.0075941938, -0.022266816, 0.9997232, 0.0017646704;
 0, 0, 0, 1]
Ow:
[-0.012007897;
 -0.00075155095;
 -0.0018731137]
Keyframe: 20 Frame: 91 Frame from vFrameID : 92
Tcw:
[0.99985147, 0.0088066114, -0.014816639, -0.012319762;
 -0.0091814063, 0.99963468, -0.02542063, -0.00093898893;
 0.014587357, 0.025552893, 0.99956703, -0.0016847062;
 0, 0, 0, 1]
Twc:
[0.99985147, -0.0091814063, 0.014587357, 0.012333886;
 0.0088066114, 0.99963468, 0.025552893, 0.0010901904;
 -0.014816639, -0.02542063, 0.99956703, 0.0014775696;
 0, 0, 0, 1]
Ow:
[-0.012319762;
 -0.00093898893;
 -0.0016847062]
Keyframe: 21 Frame: 95 Frame from vFrameID : 96
Tcw:
[0.99974483, 0.011897772, -0.019202743, -0.0098065836;
 -0.012493539, 0.99943477, -0.031209294, -0.0017249004;
 0.018820567, 0.031441238, 0.99932837, -0.0010861563;
 0, 0, 0, 1]
Twc:
[0.99974483, -0.012493539, 0.018820567, 0.0098029729;
 0.011897772, 0.99943477, 0.031441238, 0.0018747521;
 -0.019202743, -0.031209294, 0.99932837, 0.00084328069;
 0, 0, 0, 1]
Ow:
[-0.0098065836;
 -0.0017249004;
 -0.0010861563]
Keyframe: 22 Frame: 99 Frame from vFrameID : 100
Tcw:
[0.9998886, 0.012894824, -0.0075213606, -0.0047440198;
 -0.01309523, 0.99954331, -0.02723382, -0.00079283316;
 0.0071667507, 0.027329279, 0.99960077, -0.0019512707;
 0, 0, 0, 1]
Twc:
[0.9998886, -0.01309523, 0.0071667507, 0.0047470932;
 0.012894824, 0.99954331, 0.027329279, 0.00090697123;
 -0.0075213606, -0.02723382, 0.99960077, 0.0018932185;
 0, 0, 0, 1]
Ow:
[-0.0047440198;
 -0.00079283316;
 -0.0019512707]
Keyframe: 23 Frame: 103 Frame from vFrameID : 104
Tcw:
[0.99927896, 0.035551276, 0.013329163, 0.0019311995;
 -0.035365712, 0.99927765, -0.013908247, -0.0016835004;
 -0.013813991, 0.013426823, 0.99981445, -0.0014590073;
 0, 0, 0, 1]
Twc:
[0.99927896, -0.035365712, -0.013813991, -0.0020094998;
 0.035551276, 0.99927765, 0.013426823, 0.0016332176;
 0.013329163, -0.013908247, 0.99981445, 0.0014095807;
 0, 0, 0, 1]
Ow:
[0.0019311995;
 -0.0016835004;
 -0.0014590073]
Keyframe: 24 Frame: 107 Frame from vFrameID : 108
Tcw:
[0.99902427, 0.040894713, 0.016675973, 0.0037987318;
 -0.040802319, 0.99915016, -0.0058438377, -0.00065972301;
 -0.016900783, 0.0051577175, 0.9998439, -1.5954254e-05;
 0, 0, 0, 1]
Twc:
[0.99902427, -0.040802319, -0.016900783, -0.0038222133;
 0.040894713, 0.99915016, 0.0051577175, 0.00050389662;
 0.016675973, -0.0058438377, 0.9998439, -5.12511e-05;
 0, 0, 0, 1]
Ow:
[0.0037987318;
 -0.00065972301;
 -1.5954254e-05]
Keyframe: 25 Frame: 111 Frame from vFrameID : 112
Tcw:
[0.99968958, 0.023296824, 0.0088298954, 0.0074145505;
 -0.023400435, 0.99965632, 0.011818293, 0.00032410762;
 -0.0085515315, -0.012021247, 0.99989116, 0.0035105608;
 0, 0, 0, 1]
Twc:
[0.99968958, -0.023400435, -0.0085515315, -0.0073746443;
 0.023296824, 0.99965632, -0.012021247, -0.00045453038;
 0.0088298954, 0.011818293, 0.99989116, -0.0035794789;
 0, 0, 0, 1]
Ow:
[0.0074145505;
 0.00032410762;
 0.0035105608]
Keyframe: 26 Frame: 115 Frame from vFrameID : 116
Tcw:
[0.99986458, 0.012763053, 0.010391032, 0.012202441;
 -0.012914676, 0.99980915, 0.014657776, -0.00097039872;
 -0.010201972, -0.014789987, 0.99983859, 0.013282752;
 0, 0, 0, 1]
Twc:
[0.99986458, -0.012914676, -0.010201972, -0.012077809;
 0.012763053, 0.99980915, -0.014789987, 0.0010109248;
 0.010391032, 0.014657776, 0.99983859, -0.01339318;
 0, 0, 0, 1]
Ow:
[0.012202441;
 -0.00097039872;
 0.013282752]
Keyframe: 27 Frame: 119 Frame from vFrameID : 120
Tcw:
[0.99932879, 0.030993821, 0.019527538, 0.015057508;
 -0.030470408, 0.99918288, -0.02655419, -5.0193572e-05;
 -0.020334596, 0.025941355, 0.99945664, 0.022243416;
 0, 0, 0, 1]
Twc:
[0.99932879, -0.030470408, -0.020334596, -0.014596621;
 0.030993821, 0.99918288, 0.025941355, -0.00099356147;
 0.019527538, -0.02655419, 0.99945664, -0.022526698;
 0, 0, 0, 1]
Ow:
[0.015057508;
 -5.0193572e-05;
 0.022243416]
Keyframe: 28 Frame: 124 Frame from vFrameID : 125
Tcw:
[0.99861056, 0.018036626, 0.049513765, 0.017602222;
 -0.016202934, 0.99917692, -0.037188809, 0.0021907603;
 -0.050143767, 0.036334869, 0.99808085, 0.031433854;
 0, 0, 0, 1]
Twc:
[0.99861056, -0.016202934, -0.050143767, -0.015966056;
 0.018036626, 0.99917692, 0.036334869, -0.0036485866;
 0.049513765, -0.037188809, 0.99808085, -0.032163609;
 0, 0, 0, 1]
Ow:
[0.017602222;
 0.0021907603;
 0.031433854]
Keyframe: 29 Frame: 128 Frame from vFrameID : 129
Tcw:
[0.99835098, 0.002504071, 0.057349816, 0.019021437;
 -0.0019275885, 0.99994707, -0.010105154, 0.004867183;
 -0.057372086, 0.0099779433, 0.998303, 0.038848851;
 0, 0, 0, 1]
Twc:
[0.99835098, -0.0019275885, -0.057372086, -0.01675185;
 0.002504071, 0.99994707, 0.0099779433, -0.0053021885;
 0.057349816, -0.010105154, 0.998303, -0.03982462;
 0, 0, 0, 1]
Ow:
[0.019021437;
 0.004867183;
 0.038848851]
Keyframe: 30 Frame: 132 Frame from vFrameID : 133
Tcw:
[0.99806315, -0.003915986, 0.062085714, 0.024640454;
 0.0033966494, 0.9999584, 0.0084681734, 0.0056265728;
 -0.062116291, -0.0082408888, 0.99803489, 0.05103543;
 0, 0, 0, 1]
Twc:
[0.99806315, 0.0033966494, -0.062116291, -0.021441709;
 -0.003915986, 0.9999584, -0.0082408888, -0.0051092692;
 0.062085714, 0.0084681734, 0.99803489, -0.052512608;
 0, 0, 0, 1]
Ow:
[0.024640454;
 0.0056265728;
 0.05103543]
Keyframe: 31 Frame: 137 Frame from vFrameID : 138
Tcw:
[0.9990117, -0.0029973201, 0.0443471, 0.034437858;
 0.0033874419, 0.99995619, -0.008724479, 0.0050873533;
 -0.044319008, 0.0088660792, 0.99897808, 0.064605884;
 0, 0, 0, 1]
Twc:
[0.9990117, 0.0033874419, -0.044319008, -0.031557787;
 -0.0029973201, 0.99995619, 0.0088660792, -0.0055567105;
 0.0443471, -0.008724479, 0.99897808, -0.066022702;
 0, 0, 0, 1]
Ow:
[0.034437858;
 0.0050873533;
 0.064605884]
Keyframe: 32 Frame: 142 Frame from vFrameID : 143
Tcw:
[0.99899566, 0.018432789, 0.04084029, 0.045136359;
 -0.018259283, 0.99982262, -0.0046173679, 0.0060386239;
 -0.040918157, 0.0038670157, 0.99915504, 0.075275935;
 0, 0, 0, 1]
Twc:
[0.99899566, -0.018259283, -0.040918157, -0.041900609;
 0.018432789, 0.99982262, 0.0038670157, -0.0071606352;
 0.04084029, -0.0046173679, 0.99915504, -0.077027828;
 0, 0, 0, 1]
Ow:
[0.045136359;
 0.0060386239;
 0.075275935]
Keyframe: 33 Frame: 147 Frame from vFrameID : 148
Tcw:
[0.99921632, 0.020137422, 0.03407691, 0.052694261;
 -0.02035686, 0.99977416, 0.0061048362, 0.0056074695;
 -0.033946279, -0.0067937509, 0.99940056, 0.088386841;
 0, 0, 0, 1]
Twc:
[0.99921632, -0.02035686, -0.033946279, -0.049538411;
 0.020137422, 0.99977416, -0.0067937509, -0.0060668509;
 0.03407691, 0.0061048362, 0.99940056, -0.090163752;
 0, 0, 0, 1]
Ow:
[0.052694261;
 0.0056074695;
 0.088386841]
Keyframe: 34 Frame: 152 Frame from vFrameID : 153
Tcw:
[0.99896246, 0.013961514, 0.043348975, 0.058075801;
 -0.013980949, 0.99990225, 0.00014519556, 0.0080129411;
 -0.04334271, -0.00075110473, 0.99905998, 0.10392392;
 0, 0, 0, 1]
Twc:
[0.99896246, -0.013980949, -0.04334271, -0.053399168;
 0.013961514, 0.99990225, -0.00075110473, -0.0087449271;
 0.043348975, 0.00014519556, 0.99905998, -0.10634492;
 0, 0, 0, 1]
Ow:
[0.058075801;
 0.0080129411;
 0.10392392]
Keyframe: 35 Frame: 157 Frame from vFrameID : 158
Tcw:
[0.99847847, 0.00036005178, 0.055141881, 0.061558172;
 -6.9866808e-05, 0.99998611, -0.0052643521, 0.0083721317;
 -0.055143014, 0.0052524894, 0.99846464, 0.12287795;
 0, 0, 0, 1]
Twc:
[0.99847847, -6.9866808e-05, -0.055143014, -0.054688059;
 0.00036005178, 0.99998611, 0.0052524894, -0.0090395957;
 0.055141881, -0.0052643521, 0.99846464, -0.12603965;
 0, 0, 0, 1]
Ow:
[0.061558172;
 0.0083721317;
 0.12287795]
Keyframe: 36 Frame: 162 Frame from vFrameID : 163
Tcw:
[0.99694765, -0.012690537, 0.077034369, 0.065908208;
 0.013587465, 0.99984574, -0.011130253, 0.008323431;
 -0.076881237, 0.012142981, 0.9969663, 0.13879712;
 0, 0, 0, 1]
Twc:
[0.99694765, 0.013587465, -0.076881237, -0.055149235;
 -0.012690537, 0.99984574, 0.012142981, -0.0091711469;
 0.077034369, -0.011130253, 0.9969663, -0.1433606;
 0, 0, 0, 1]
Ow:
[0.065908208;
 0.008323431;
 0.13879712]
Keyframe: 37 Frame: 167 Frame from vFrameID : 168
Tcw:
[0.99703348, -0.0051943734, 0.076793291, 0.073431782;
 0.0055162637, 0.99997687, -0.0039801197, 0.0099521801;
 -0.076770842, 0.0043919249, 0.99703908, 0.15110555;
 0, 0, 0, 1]
Twc:
[0.99703348, 0.0055162637, -0.076770842, -0.061668351;
 -0.0051943734, 0.99997687, 0.0043919249, -0.010234162;
 0.076793291, -0.0039801197, 0.99703908, -0.1562576;
 0, 0, 0, 1]
Ow:
[0.073431782;
 0.0099521801;
 0.15110555]
Keyframe: 38 Frame: 172 Frame from vFrameID : 173
Tcw:
[0.99823648, 0.0084666656, 0.058756296, 0.085111097;
 -0.0063122688, 0.99930435, -0.036755875, 0.0085995952;
 -0.059026621, 0.036320169, 0.99759549, 0.16513634;
 0, 0, 0, 1]
Twc:
[0.99823648, -0.0063122688, -0.059026621, -0.075159274;
 0.0084666656, 0.99930435, 0.036320169, -0.015311999;
 0.058756296, -0.036755875, 0.99759549, -0.16942398;
 0, 0, 0, 1]
Ow:
[0.085111097;
 0.0085995952;
 0.16513634]
Keyframe: 39 Frame: 178 Frame from vFrameID : 179
Tcw:
[0.99848986, 0.031042596, 0.045325629, 0.096399955;
 -0.029338315, 0.99885476, -0.037793964, 0.0088098738;
 -0.046446946, 0.036407109, 0.9982571, 0.17709607;
 0, 0, 0, 1]
Twc:
[0.99848986, -0.029338315, -0.046446946, -0.087770335;
 0.031042596, 0.99885476, 0.036407109, -0.018239846;
 0.045325629, -0.037793964, 0.9982571, -0.18082383;
 0, 0, 0, 1]
Ow:
[0.096399955;
 0.0088098738;
 0.17709607]
Keyframe: 40 Frame: 183 Frame from vFrameID : 184
Tcw:
[0.99902308, 0.021610228, 0.038547494, 0.10039872;
 -0.02071519, 0.99950993, -0.023469398, 0.0095472233;
 -0.039035782, 0.022647951, 0.99898112, 0.19113658;
 0, 0, 0, 1]
Twc:
[0.99902308, -0.02071519, -0.039035782, -0.092641696;
 0.021610228, 0.99950993, 0.022647951, -0.016041035;
 0.038547494, -0.023469398, 0.99898112, -0.19458789;
 0, 0, 0, 1]
Ow:
[0.10039872;
 0.0095472233;
 0.19113658]
Keyframe: 41 Frame: 188 Frame from vFrameID : 189
Tcw:
[0.99803394, 0.031508904, 0.054179184, 0.10739242;
 -0.029465528, 0.99883908, -0.038109209, 0.011241224;
 -0.055317063, 0.036437865, 0.99780375, 0.20708272;
 0, 0, 0, 1]
Twc:
[0.99803394, -0.029465528, -0.055317063, -0.09539485;
 0.031508904, 0.99883908, 0.036437865, -0.022157643;
 0.054179184, -0.038109209, 0.99780375, -0.21201795;
 0, 0, 0, 1]
Ow:
[0.10739242;
 0.011241224;
 0.20708272]
Keyframe: 42 Frame: 194 Frame from vFrameID : 195
Tcw:
[0.9975571, 0.0084129032, 0.069347717, 0.11518255;
 -0.0066584507, 0.99965286, -0.025491804, 0.011898938;
 -0.069538102, 0.024967782, 0.99726677, 0.22690021;
 0, 0, 0, 1]
Twc:
[0.9975571, -0.0066584507, -0.069538102, -0.099043719;
 0.0084129032, 0.99965286, 0.024967782, -0.01852902;
 0.069347717, -0.025491804, 0.99726677, -0.23396437;
 0, 0, 0, 1]
Ow:
[0.11518255;
 0.011898938;
 0.22690021]
Keyframe: 43 Frame: 199 Frame from vFrameID : 200
Tcw:
[0.99678534, 0.012254109, 0.079176031, 0.12267451;
 -0.0093376683, 0.99926788, -0.037100714, 0.012504332;
 -0.0795727, 0.036242127, 0.99616998, 0.24012613;
 0, 0, 0, 1]
Twc:
[0.99678534, -0.0093376683, -0.0795727, -0.1030559;
 0.012254109, 0.99926788, 0.036242127, -0.022701127;
 0.079176031, -0.037100714, 0.99616998, -0.24845542;
 0, 0, 0, 1]
Ow:
[0.12267451;
 0.012504332;
 0.24012613]
Keyframe: 44 Frame: 205 Frame from vFrameID : 206
Tcw:
[0.99934769, 0.027366776, 0.023565015, 0.13647284;
 -0.026258873, 0.99859136, -0.046105802, 0.014387679;
 -0.024793588, 0.045456935, 0.9986586, 0.25693798;
 0, 0, 0, 1]
Twc:
[0.99934769, -0.026258873, -0.024793588, -0.12963559;
 0.027366776, 0.99859136, 0.045456935, -0.029781848;
 0.023565015, -0.046105802, 0.9986586, -0.25914595;
 0, 0, 0, 1]
Ow:
[0.13647284;
 0.014387679;
 0.25693798]
Keyframe: 45 Frame: 211 Frame from vFrameID : 212
Tcw:
[0.99957991, 0.028958844, 0.0011616274, 0.14601113;
 -0.028904621, 0.99903494, -0.033072036, 0.015182003;
 -0.0021182343, 0.033024564, 0.99945229, 0.26801333;
 0, 0, 0, 1]
Twc:
[0.99957991, -0.028904621, -0.0021182343, -0.14494325;
 0.028958844, 0.99903494, 0.033024564, -0.02824669;
 0.0011616274, -0.033072036, 0.99945229, -0.26753405;
 0, 0, 0, 1]
Ow:
[0.14601113;
 0.015182003;
 0.26801333]
Keyframe: 46 Frame: 217 Frame from vFrameID : 218
Tcw:
[0.99973077, 0.02289664, -0.003766553, 0.15480423;
 -0.022963095, 0.99956208, -0.018664295, 0.017577017;
 0.0033375537, 0.018745761, 0.99981868, 0.29084656;
 0, 0, 0, 1]
Twc:
[0.99973077, -0.022963095, 0.0033375537, -0.15532963;
 0.02289664, 0.99956208, 0.018745761, -0.026565956;
 -0.003766553, -0.018664295, 0.99981868, -0.28988272;
 0, 0, 0, 1]
Ow:
[0.15480423;
 0.017577017;
 0.29084656]
Keyframe: 47 Frame: 222 Frame from vFrameID : 223
Tcw:
[0.99993408, 0.011366374, -0.0016422736, 0.15898243;
 -0.011414823, 0.9993788, -0.033342134, 0.018706229;
 0.0012622742, 0.033358682, 0.99944264, 0.30733377;
 0, 0, 0, 1]
Twc:
[0.99993408, -0.011414823, 0.0012622742, -0.15914634;
 0.011366374, 0.9993788, 0.033358682, -0.030753912;
 -0.0016422736, -0.033342134, 0.99944264, -0.30627769;
 0, 0, 0, 1]
Ow:
[0.15898243;
 0.018706229;
 0.30733377]
Keyframe: 48 Frame: 228 Frame from vFrameID : 229
Tcw:
[0.999735, 0.012613813, 0.019257426, 0.16641302;
 -0.012252406, 0.99974871, -0.018771168, 0.019489683;
 -0.019489363, 0.018530244, 0.99963832, 0.3251074;
 0, 0, 0, 1]
Twc:
[0.999735, -0.012252406, -0.019489363, -0.159794;
 0.012613813, 0.99974871, 0.018530244, -0.02760821;
 0.019257426, -0.018771168, 0.99963832, -0.32782868;
 0, 0, 0, 1]
Ow:
[0.16641302;
 0.019489683;
 0.3251074]
Keyframe: 49 Frame: 234 Frame from vFrameID : 235
Tcw:
[0.99978167, 0.017476285, -0.011451854, 0.17978857;
 -0.01767193, 0.99969566, -0.017211782, 0.020702228;
 0.011147572, 0.017410401, 0.99978626, 0.34463248;
 0, 0, 0, 1]
Twc:
[0.99978167, -0.01767193, 0.011147572, -0.1832253;
 0.017476285, 0.99969566, 0.017410401, -0.029838152;
 -0.011451854, -0.017211782, 0.99978626, -0.3421436;
 0, 0, 0, 1]
Ow:
[0.17978857;
 0.020702228;
 0.34463248]
Keyframe: 50 Frame: 239 Frame from vFrameID : 240
Tcw:
[0.9993102, 0.022371694, -0.029642103, 0.19048989;
 -0.022826377, 0.99962556, -0.015090488, 0.020927375;
 0.029293405, 0.0157567, 0.99944663, 0.35564852;
 0, 0, 0, 1]
Twc:
[0.9993102, -0.022826377, 0.029293405, -0.20029894;
 0.022371694, 0.99962556, 0.0157567, -0.030784968;
 -0.029642103, -0.015090488, 0.99944663, -0.34948939;
 0, 0, 0, 1]
Ow:
[0.19048989;
 0.020927375;
 0.35564852]
Keyframe: 51 Frame: 244 Frame from vFrameID : 245
Tcw:
[0.99898684, 0.034096517, -0.029372355, 0.19726503;
 -0.034434587, 0.99934554, -0.01108182, 0.020083245;
 0.028975278, 0.012082017, 0.99950713, 0.36955157;
 0, 0, 0, 1]
Twc:
[0.99898684, -0.034434587, 0.028975278, -0.20708147;
 0.034096517, 0.99934554, 0.012082017, -0.031261079;
 -0.029372355, -0.01108182, 0.99950713, -0.36335272;
 0, 0, 0, 1]
Ow:
[0.19726503;
 0.020083245;
 0.36955157]
Keyframe: 52 Frame: 249 Frame from vFrameID : 250
Tcw:
[0.99944794, 0.025484566, -0.021316761, 0.20199025;
 -0.025797088, 0.99956179, -0.014516642, 0.022686904;
 0.020937471, 0.015058539, 0.99966735, 0.38574821;
 0, 0, 0, 1]
Twc:
[0.99944794, -0.025797088, 0.020937471, -0.20937006;
 0.025484566, 0.99956179, 0.015058539, -0.0336334;
 -0.021316761, -0.014516642, 0.99966735, -0.38098481;
 0, 0, 0, 1]
Ow:
[0.20199025;
 0.022686904;
 0.38574821]
Keyframe: 53 Frame: 254 Frame from vFrameID : 255
Tcw:
[0.99959385, 0.028486514, -0.00082269084, 0.2083654;
 -0.028498387, 0.99916112, -0.02940804, 0.024075691;
 -1.5731825e-05, 0.029419541, 0.99956715, 0.40166375;
 0, 0, 0, 1]
Twc:
[0.99959385, -0.028498387, -1.5731825e-05, -0.20758833;
 0.028486514, 0.99916112, 0.029419541, -0.04180786;
 -0.00082269084, -0.02940804, 0.99956715, -0.40061045;
 0, 0, 0, 1]
Ow:
[0.2083654;
 0.024075691;
 0.40166375]
Keyframe: 54 Frame: 260 Frame from vFrameID : 261
Tcw:
[0.99976414, 0.017233716, 0.013215895, 0.21383163;
 -0.017103013, 0.99980432, -0.0099399118, 0.024649862;
 -0.01338461, 0.0097115356, 0.99986327, 0.41961414;
 0, 0, 0, 1]
Twc:
[0.99976414, -0.017103013, -0.01338461, -0.20774324;
 0.017233716, 0.99980432, 0.0097115356, -0.03240525;
 0.013215895, -0.0099399118, 0.99986327, -0.42213771;
 0, 0, 0, 1]
Ow:
[0.21383163;
 0.024649862;
 0.41961414]
Keyframe: 55 Frame: 265 Frame from vFrameID : 266
Tcw:
[0.99983335, 0.013162241, 0.012648437, 0.22130944;
 -0.012956637, 0.99978477, -0.016202014, 0.02587877;
 -0.01285897, 0.016035432, 0.99978876, 0.43457335;
 0, 0, 0, 1]
Twc:
[0.99983335, -0.012956637, -0.01285897, -0.21534909;
 0.013162241, 0.99978477, 0.016035432, -0.035754703;
 0.012648437, -0.016202014, 0.99978876, -0.43686146;
 0, 0, 0, 1]
Ow:
[0.22130944;
 0.02587877;
 0.43457335]
Keyframe: 56 Frame: 271 Frame from vFrameID : 272
Tcw:
[0.99953133, 0.02973802, -0.0072682882, 0.2321658;
 -0.029915672, 0.9992221, -0.025695592, 0.025375076;
 0.0064984979, 0.025900984, 0.99964339, 0.45378098;
 0, 0, 0, 1]
Twc:
[0.99953133, -0.029915672, 0.0064984979, -0.23424676;
 0.02973802, 0.9992221, 0.025900984, -0.044012863;
 -0.0072682882, -0.025695592, 0.99964339, -0.45127967;
 0, 0, 0, 1]
Ow:
[0.2321658;
 0.025375076;
 0.45378098]
Keyframe: 57 Frame: 276 Frame from vFrameID : 277
Tcw:
[0.99948519, 0.032083545, 0.00012987194, 0.23589867;
 -0.032081138, 0.99944609, -0.0088500949, 0.026228581;
 -0.00041374241, 0.0088413721, 0.99996084, 0.46772552;
 0, 0, 0, 1]
Twc:
[0.99948519, -0.032081138, -0.00041374241, -0.23474225;
 0.032083545, 0.99944609, 0.0088413721, -0.037917852;
 0.00012987194, -0.0088500949, 0.99996084, -0.46750569;
 0, 0, 0, 1]
Ow:
[0.23589867;
 0.026228581;
 0.46772552]
Keyframe: 58 Frame: 281 Frame from vFrameID : 282
Tcw:
[0.99963129, 0.018221319, 0.020132765, 0.2349676;
 -0.017326156, 0.99889112, -0.043776739, 0.027538117;
 -0.02090811, 0.043411773, 0.99883848, 0.48394781;
 0, 0, 0, 1]
Twc:
[0.99963129, -0.017326156, -0.02090811, -0.22428539;
 0.018221319, 0.99889112, 0.043411773, -0.052798029;
 0.020132765, -0.043776739, 0.99883848, -0.4869107;
 0, 0, 0, 1]
Ow:
[0.2349676;
 0.027538117;
 0.48394781]
Keyframe: 59 Frame: 286 Frame from vFrameID : 287
Tcw:
[0.99915665, -0.011779864, 0.039334442, 0.23540606;
 0.013850257, 0.99850982, -0.052784938, 0.030566767;
 -0.038654029, 0.053285215, 0.99783093, 0.50021696;
 0, 0, 0, 1]
Twc:
[0.99915665, 0.013850257, -0.038654029, -0.21629548;
 -0.011779864, 0.99850982, 0.053285215, -0.054402336;
 0.039334442, -0.052784938, 0.99783093, -0.50677806;
 0, 0, 0, 1]
Ow:
[0.23540606;
 0.030566767;
 0.50021696]
Keyframe: 60 Frame: 291 Frame from vFrameID : 292
Tcw:
[0.99878591, -0.0054972596, 0.048953764, 0.23937954;
 0.0076024639, 0.99904948, -0.042922124, 0.02990029;
 -0.048671279, 0.043242183, 0.99787837, 0.51439124;
 0, 0, 0, 1]
Twc:
[0.99878591, 0.0076024639, -0.048671279, -0.21428016;
 -0.0054972596, 0.99904948, 0.043242183, -0.050799336;
 0.048953764, -0.042922124, 0.99787837, -0.52373499;
 0, 0, 0, 1]
Ow:
[0.23937954;
 0.02990029;
 0.51439124]
Keyframe: 61 Frame: 296 Frame from vFrameID : 297
Tcw:
[0.9989748, 0.0021249275, 0.045220267, 0.24447414;
 -0.00018343035, 0.99907959, -0.042895127, 0.031993106;
 -0.045269795, 0.042842858, 0.9980557, 0.52799642;
 0, 0, 0, 1]
Twc:
[0.9989748, -0.00018343035, -0.045269795, -0.22031534;
 0.0021249275, 0.99907959, 0.042842858, -0.055104021;
 0.045220267, -0.042895127, 0.9980557, -0.53665268;
 0, 0, 0, 1]
Ow:
[0.24447414;
 0.031993106;
 0.52799642]
Keyframe: 62 Frame: 301 Frame from vFrameID : 302
Tcw:
[0.99920863, 0.0018395948, 0.039732799, 0.25071627;
 -8.094612e-05, 0.99902189, -0.044218216, 0.032168061;
 -0.039775278, 0.044180006, 0.99823147, 0.54014003;
 0, 0, 0, 1]
Twc:
[0.99920863, -8.094612e-05, -0.039775278, -0.22903106;
 0.0018395948, 0.99902189, 0.044180006, -0.056461204;
 0.039732799, -0.044218216, 0.99823147, -0.54772407;
 0, 0, 0, 1]
Ow:
[0.25071627;
 0.032168061;
 0.54014003]
Keyframe: 63 Frame: 306 Frame from vFrameID : 307
Tcw:
[0.99920493, 0.0047067637, 0.039589006, 0.2552897;
 -0.0035690907, 0.99958003, -0.028758831, 0.032212455;
 -0.039707743, 0.028594669, 0.99880213, 0.55234623;
 0, 0, 0, 1]
Twc:
[0.99920493, -0.0035690907, -0.039707743, -0.23303936;
 0.0047067637, 0.99958003, 0.028594669, -0.049194671;
 0.039589006, -0.028758831, 0.99880213, -0.56086487;
 0, 0, 0, 1]
Ow:
[0.2552897;
 0.032212455;
 0.55234623]
Keyframe: 64 Frame: 311 Frame from vFrameID : 312
Tcw:
[0.99913692, 0.0079339007, 0.040772971, 0.26007548;
 -0.0064148754, 0.99928528, -0.037252408, 0.033732444;
 -0.041039385, 0.036958702, 0.99847376, 0.56864423;
 0, 0, 0, 1]
Twc:
[0.99913692, -0.0064148754, -0.041039385, -0.23629782;
 0.0079339007, 0.99928528, 0.036958702, -0.056788102;
 0.040772971, -0.037252408, 0.99847376, -0.57712376;
 0, 0, 0, 1]
Ow:
[0.26007548;
 0.033732444;
 0.56864423]
Keyframe: 65 Frame: 316 Frame from vFrameID : 317
Tcw:
[0.99736637, 0.0021120019, 0.07249774, 0.26568407;
 0.0014134728, 0.99882007, -0.048543032, 0.035370469;
 -0.07251472, 0.048517659, 0.99618655, 0.58267939;
 0, 0, 0, 1]
Twc:
[0.99736637, 0.0014134728, -0.07251472, -0.22278149;
 0.0021120019, 0.99882007, 0.048517659, -0.064160101;
 0.07249774, -0.048543032, 0.99618655, -0.5980019;
 0, 0, 0, 1]
Ow:
[0.26568407;
 0.035370469;
 0.58267939]
Keyframe: 66 Frame: 321 Frame from vFrameID : 322
Tcw:
[0.99615782, 0.00023893028, 0.087576099, 0.26814938;
 0.0035726165, 0.999053, -0.043363359, 0.036543395;
 -0.087503523, 0.043509625, 0.99521357, 0.5956561;
 0, 0, 0, 1]
Twc:
[0.99615782, 0.0035726165, -0.087503523, -0.21512763;
 0.00023893028, 0.999053, 0.043509625, -0.062489629;
 0.087576099, -0.043363359, 0.99521357, -0.61470389;
 0, 0, 0, 1]
Ow:
[0.26814938;
 0.036543395;
 0.5956561]
Keyframe: 67 Frame: 326 Frame from vFrameID : 327
Tcw:
[0.99631947, -0.005324136, 0.085551918, 0.27115345;
 0.0071253241, 0.99975908, -0.020762203, 0.038556553;
 -0.085420765, 0.021295372, 0.99611735, 0.60913789;
 0, 0, 0, 1]
Twc:
[0.99631947, 0.0071253241, -0.085420765, -0.21839719;
 -0.005324136, 0.99975908, 0.021295372, -0.050075423;
 0.085551918, -0.020762203, 0.99611735, -0.62917;
 0, 0, 0, 1]
Ow:
[0.27115345;
 0.038556553;
 0.60913789]
Keyframe: 68 Frame: 331 Frame from vFrameID : 332
Tcw:
[0.99928236, 0.0073697274, 0.037154075, 0.27677101;
 -0.0061626066, 0.99945271, -0.032500062, 0.038140096;
 -0.03737326, 0.032247774, 0.99878091, 0.6218763;
 0, 0, 0, 1]
Twc:
[0.99928236, -0.0061626066, -0.03737326, -0.25309581;
 0.0073697274, 0.99945271, 0.032247774, -0.060213078;
 0.037154075, -0.032500062, 0.99878091, -0.63016182;
 0, 0, 0, 1]
Ow:
[0.27677101;
 0.038140096;
 0.6218763]
Keyframe: 69 Frame: 336 Frame from vFrameID : 337
Tcw:
[0.99995041, 0.0077183624, -0.006289362, 0.28112844;
 -0.0078797219, 0.99962962, -0.026048375, 0.037181713;
 0.0060859816, 0.026096642, 0.99964088, 0.63327712;
 0, 0, 0, 1]
Twc:
[0.99995041, -0.0078797219, 0.0060859816, -0.28467566;
 0.0077183624, 0.99962962, 0.026096642, -0.0558642;
 -0.006289362, -0.026048375, 0.99964088, -0.6303131;
 0, 0, 0, 1]
Ow:
[0.28112844;
 0.037181713;
 0.63327712]
Keyframe: 70 Frame: 341 Frame from vFrameID : 342
Tcw:
[0.99984246, 0.012455702, -0.012643241, 0.28621963;
 -0.012854191, 0.99940705, -0.031941984, 0.037537996;
 0.012237885, 0.03209947, 0.99940974, 0.64641774;
 0, 0, 0, 1]
Twc:
[0.99984246, -0.012854191, 0.012237885, -0.29360279;
 0.012455702, 0.99940705, 0.03209947, -0.061830472;
 -0.012643241, -0.031941984, 0.99940974, -0.64121842;
 0, 0, 0, 1]
Ow:
[0.28621963;
 0.037537996;
 0.64641774]
Keyframe: 71 Frame: 346 Frame from vFrameID : 347
Tcw:
[0.99970758, 0.014145417, 0.019613566, 0.28812143;
 -0.013172787, 0.99871868, -0.048861984, 0.039171897;
 -0.020279609, 0.04858933, 0.99861294, 0.66060698;
 0, 0, 0, 1]
Twc:
[0.99970758, -0.013172787, -0.020279609, -0.27412435;
 0.014145417, 0.99871868, 0.04858933, -0.075295754;
 0.019613566, -0.048861984, 0.99861294, -0.66342777;
 0, 0, 0, 1]
Ow:
[0.28812143;
 0.039171897;
 0.66060698]
Keyframe: 72 Frame: 351 Frame from vFrameID : 352
Tcw:
[0.99910378, -0.010067074, 0.04111249, 0.29017526;
 0.011815548, 0.99902618, -0.042509921, 0.038826197;
 -0.0406445, 0.042957589, 0.99824983, 0.67332143;
 0, 0, 0, 1]
Twc:
[0.99910378, 0.011815548, -0.0406445, -0.26300713;
 -0.010067074, 0.99902618, 0.042957589, -0.064791434;
 0.04111249, -0.042509921, 0.99824983, -0.68242228;
 0, 0, 0, 1]
Ow:
[0.29017526;
 0.038826197;
 0.67332143]
Keyframe: 73 Frame: 356 Frame from vFrameID : 357
Tcw:
[0.99860966, -0.0026274316, 0.052648775, 0.29767799;
 0.0048623569, 0.99909031, -0.042366702, 0.04029195;
 -0.052489564, 0.042563792, 0.99771398, 0.68718368;
 0, 0, 0, 1]
Twc:
[0.99860966, 0.0048623569, -0.052489564, -0.26139006;
 -0.0026274316, 0.99909031, 0.042563792, -0.068722315;
 0.052648775, -0.042366702, 0.99771398, -0.69957811;
 0, 0, 0, 1]
Ow:
[0.29767799;
 0.04029195;
 0.68718368]
Keyframe: 74 Frame: 361 Frame from vFrameID : 362
Tcw:
[0.99998862, -0.0014035815, 0.0045540822, 0.30598393;
 0.0015367165, 0.99956763, -0.029363634, 0.040269732;
 -0.0045108991, 0.029370299, 0.99955845, 0.69794381;
 0, 0, 0, 1]
Twc:
[0.99998862, 0.0015367165, -0.0045108991, -0.302894;
 -0.0014035815, 0.99956763, 0.029370299, -0.060321663;
 0.0045540822, -0.029363634, 0.99955845, -0.69784665;
 0, 0, 0, 1]
Ow:
[0.30598393;
 0.040269732;
 0.69794381]
Keyframe: 75 Frame: 366 Frame from vFrameID : 367
Tcw:
[0.99992162, 0.0086175315, -0.0090857157, 0.31440151;
 -0.0089637591, 0.9992075, -0.038781099, 0.040936626;
 0.008744318, 0.038859501, 0.99920642, 0.70807654;
 0, 0, 0, 1]
Twc:
[0.99992162, -0.0089637591, 0.008744318, -0.32020155;
 0.0086175315, 0.9992075, 0.038859501, -0.071129054;
 -0.0090857157, -0.038781099, 0.99920642, -0.70307052;
 0, 0, 0, 1]
Ow:
[0.31440151;
 0.040936626;
 0.70807654]
Keyframe: 76 Frame: 371 Frame from vFrameID : 372
Tcw:
[0.99991655, 0.012717527, 0.0022731123, 0.32165176;
 -0.012635784, 0.99937737, -0.032941677, 0.042000882;
 -0.0026906338, 0.032910205, 0.99945468, 0.72056735;
 0, 0, 0, 1]
Twc:
[0.99991655, -0.012635784, -0.0026906338, -0.31915542;
 0.012717527, 0.99937737, 0.032910205, -0.069779366;
 0.0022731123, -0.032941677, 0.99945468, -0.719522;
 0, 0, 0, 1]
Ow:
[0.32165176;
 0.042000882;
 0.72056735]
Keyframe: 77 Frame: 376 Frame from vFrameID : 377
Tcw:
[0.99975747, 0.0074112313, 0.020738641, 0.32733235;
 -0.0066704983, 0.99934524, -0.035561558, 0.043447204;
 -0.020988617, 0.035414595, 0.9991523, 0.73682857;
 0, 0, 0, 1]
Twc:
[0.99975747, -0.0066704983, -0.020988617, -0.31149814;
 0.0074112313, 0.99934524, 0.035414595, -0.071939178;
 0.020738641, -0.035561558, 0.9991523, -0.74144733;
 0, 0, 0, 1]
Ow:
[0.32733235;
 0.043447204;
 0.73682857]
Keyframe: 78 Frame: 381 Frame from vFrameID : 382
Tcw:
[0.9995299, -0.0075219558, 0.029722771, 0.33208501;
 0.0086990027, 0.99917489, -0.039672084, 0.041809507;
 -0.029399833, 0.039911993, 0.99877059, 0.74890143;
 0, 0, 0, 1]
Twc:
[0.9995299, 0.0086990027, -0.029399833, -0.31027499;
 -0.0075219558, 0.99917489, 0.039911993, -0.069167227;
 0.029722771, -0.039672084, 0.99877059, -0.75619251;
 0, 0, 0, 1]
Ow:
[0.33208501;
 0.041809507;
 0.74890143]
Keyframe: 79 Frame: 386 Frame from vFrameID : 387
Tcw:
[0.99903876, -0.012213767, 0.042099431, 0.33700514;
 0.014576161, 0.99830908, -0.056272406, 0.042197913;
 -0.041340947, 0.056831963, 0.99752748, 0.76055592;
 0, 0, 0, 1]
Twc:
[0.99903876, 0.014576161, -0.041340947, -0.30585417;
 -0.012213767, 0.99830908, 0.056831963, -0.081234336;
 0.042099431, -0.056272406, 0.99752748, -0.77048856;
 0, 0, 0, 1]
Ow:
[0.33700514;
 0.042197913;
 0.76055592]
Keyframe: 80 Frame: 391 Frame from vFrameID : 392
Tcw:
[0.9996298, 0.0027641593, 0.027068153, 0.34504819;
 -0.00116579, 0.9982639, -0.058888469, 0.045281436;
 -0.027183937, 0.058835112, 0.99789751, 0.77328295;
 0, 0, 0, 1]
Twc:
[0.9996298, -0.00116579, -0.027183937, -0.32384676;
 0.0027641593, 0.9982639, 0.058835112, -0.091652781;
 0.027068153, -0.058888469, 0.99789751, -0.77833045;
 0, 0, 0, 1]
Ow:
[0.34504819;
 0.045281436;
 0.77328295]
Keyframe: 81 Frame: 396 Frame from vFrameID : 397
Tcw:
[0.99972993, -0.0051816162, -0.022653341, 0.35096246;
 0.0038361021, 0.99824822, -0.059040874, 0.044134211;
 0.022919584, 0.058938026, 0.99799848, 0.78502578;
 0, 0, 0, 1]
Twc:
[0.99972993, 0.0038361021, 0.022919584, -0.36902943;
 -0.0051816162, 0.99824822, 0.058938026, -0.088506222;
 -0.022653341, -0.059040874, 0.99799848, -0.77289838;
 0, 0, 0, 1]
Ow:
[0.35096246;
 0.044134211;
 0.78502578]
Keyframe: 82 Frame: 401 Frame from vFrameID : 402
Tcw:
[0.99979794, 0.0028993955, -0.019892503, 0.35729295;
 -0.0038392229, 0.99886996, -0.047371015, 0.045428257;
 0.019732676, 0.047437813, 0.99867928, 0.79575598;
 0, 0, 0, 1]
Twc:
[0.99979794, -0.0038392229, 0.019732676, -0.3727487;
 0.0028993955, 0.99886996, 0.047437813, -0.084161781;
 -0.019892503, -0.047371015, 0.99867928, -0.78544557;
 0, 0, 0, 1]
Ow:
[0.35729295;
 0.045428257;
 0.79575598]
Keyframe: 83 Frame: 406 Frame from vFrameID : 407
Tcw:
[0.99993902, -0.009247072, 0.0060320934, 0.36049303;
 0.0095675131, 0.99841535, -0.055455223, 0.048502639;
 -0.005509736, 0.055509556, 0.99844295, 0.80853289;
 0, 0, 0, 1]
Twc:
[0.99993902, 0.0095675131, -0.005509736, -0.3564803;
 -0.009247072, 0.99841535, 0.055509556, -0.089973569;
 0.0060320934, -0.055455223, 0.99844295, -0.80675876;
 0, 0, 0, 1]
Ow:
[0.36049303;
 0.048502639;
 0.80853289]
Keyframe: 84 Frame: 412 Frame from vFrameID : 413
Tcw:
[0.9994716, -0.021115622, 0.024710435, 0.36835638;
 0.022372164, 0.99841046, -0.051730633, 0.049423624;
 -0.023578832, 0.052256126, 0.99835533, 0.82559639;
 0, 0, 0, 1]
Twc:
[0.9994716, 0.022372164, -0.023578832, -0.34980088;
 -0.021115622, 0.99841046, 0.052256126, -0.084709458;
 0.024710435, -0.051730633, 0.99835533, -0.83078408;
 0, 0, 0, 1]
Ow:
[0.36835638;
 0.049423624;
 0.82559639]
Keyframe: 85 Frame: 418 Frame from vFrameID : 419
Tcw:
[0.99956977, -0.010687249, 0.027314764, 0.37321317;
 0.011911405, 0.99891353, -0.045054119, 0.049304038;
 -0.026803583, 0.045360092, 0.99861103, 0.83723468;
 0, 0, 0, 1]
Twc:
[0.99956977, 0.011911405, -0.026803583, -0.351199;
 -0.010687249, 0.99891353, 0.045360092, -0.083238885;
 0.027314764, -0.045054119, 0.99861103, -0.84404469;
 0, 0, 0, 1]
Ow:
[0.37321317;
 0.049304038;
 0.83723468]
Keyframe: 86 Frame: 423 Frame from vFrameID : 424
Tcw:
[0.99960083, 0.019283244, -0.020647895, 0.38383594;
 -0.020639433, 0.99749768, -0.067619562, 0.049422;
 0.019292302, 0.068018734, 0.9974975, 0.84919071;
 0, 0, 0, 1]
Twc:
[0.99960083, -0.020639433, 0.019292302, -0.39904553;
 0.019283244, 0.99749768, 0.068018734, -0.1144608;
 -0.020647895, -0.067619562, 0.9974975, -0.83579832;
 0, 0, 0, 1]
Ow:
[0.38383594;
 0.049422;
 0.84919071]
Keyframe: 87 Frame: 428 Frame from vFrameID : 429
Tcw:
[0.99953669, 0.017385056, -0.024984282, 0.38912249;
 -0.018223152, 0.99926525, -0.033718221, 0.049730029;
 0.02437973, 0.034157891, 0.99911904, 0.86006451;
 0, 0, 0, 1]
Twc:
[0.99953669, -0.018223152, 0.02437973, -0.40900409;
 0.017385056, 0.99926525, 0.034157891, -0.085836396;
 -0.024984282, -0.033718221, 0.99911904, -0.84790808;
 0, 0, 0, 1]
Ow:
[0.38912249;
 0.049730029;
 0.86006451]
Keyframe: 88 Frame: 433 Frame from vFrameID : 434
Tcw:
[0.99978817, 0.011003989, -0.017394945, 0.39205834;
 -0.011433452, 0.99962741, -0.024785416, 0.051253278;
 0.017115725, 0.024979051, 0.99954146, 0.87312257;
 0, 0, 0, 1]
Twc:
