Keyframe: 0 Frame: 0 Frame from vFrameID : 123
Tcw:
[1, 0, 0, 0;
 0, 1, 0, 0;
 0, 0, 1, 0;
 0, 0, 0, 1]
Twc:
[1, 0, 0, 0;
 0, 1, 0, 0;
 0, 0, 1, 0;
 0, 0, 0, 1]
Ow:
[0;
 0;
 0]
Keyframe: 1 Frame: 122 Frame from vFrameID : 123
Tcw:
[0.99697042, -0.0035876106, -0.077698819, -0.046855226;
 -0.00077259552, 0.99842966, -0.056014132, -0.034492753;
 0.077777758, 0.055904463, 0.9954021, -0.0083317813;
 0, 0, 0, 1]
Twc:
[0.99697042, -0.00077259552, 0.077777758, 0.047334652;
 -0.0035876106, 0.99842966, 0.055904463, 0.034736276;
 -0.077698819, -0.056014132, 0.9954021, 0.0027207949;
 0, 0, 0, 1]
Ow:
[-0.046855226;
 -0.034492753;
 -0.0083317813]
Keyframe: 2 Frame: 124 Frame from vFrameID : 125
Tcw:
[0.99666685, -0.0044667721, -0.081456691, -0.053843718;
 -8.7963163e-05, 0.99844044, -0.055826917, -0.0353483;
 0.081579022, 0.055648003, 0.99511212, -0.0060760379;
 0, 0, 0, 1]
Twc:
[0.99666685, -8.7963163e-05, 0.081579022, 0.054156817;
 -0.0044667721, 0.99844044, 0.055648003, 0.035390787;
 -0.081456691, -0.055826917, 0.99511212, -0.0003129791;
 0, 0, 0, 1]
Ow:
[-0.053843718;
 -0.0353483;
 -0.0060760379]
Keyframe: 3 Frame: 126 Frame from vFrameID : 127
Tcw:
[0.99650383, -0.0037796318, -0.083461717, -0.060717739;
 -0.0012516915, 0.99818867, -0.060148548, -0.036049165;
 0.083537877, 0.060042724, 0.99469405, -0.004185556;
 0, 0, 0, 1]
Twc:
[0.99650383, -0.0012516915, 0.083537877, 0.060809989;
 -0.0037796318, 0.99818867, 0.060042724, 0.036005687;
 -0.083461717, -0.060148548, 0.99469405, -0.0030725636;
 0, 0, 0, 1]
Ow:
[-0.060717739;
 -0.036049165;
 -0.004185556]
Keyframe: 4 Frame: 128 Frame from vFrameID : 129
Tcw:
[0.9964059, -0.0011133002, -0.084700055, -0.066164561;
 -0.0042853211, 0.99797076, -0.063529596, -0.037460227;
 0.084598906, 0.063664228, 0.99437916, -0.0024027568;
 0, 0, 0, 1]
Twc:
[0.9964059, -0.0042853211, 0.084598906, 0.065969497;
 -0.0011133002, 0.99797076, 0.063664228, 0.03746352;
 -0.084700055, -0.063529596, 0.99437916, -0.0055947234;
 0, 0, 0, 1]
Ow:
[-0.066164561;
 -0.037460227;
 -0.0024027568]
Keyframe: 5 Frame: 130 Frame from vFrameID : 131
Tcw:
[0.99619097, -0.0021540246, -0.087171629, -0.070523724;
 -0.0037937167, 0.99767762, -0.068007089, -0.039815005;
 0.087115668, 0.068078749, 0.9938693, -0.00098309387;
 0, 0, 0, 1]
Twc:
[0.99619097, -0.0037937167, 0.087115668, 0.0701897;
 -0.0021540246, 0.99767762, 0.068078749, 0.039637558;
 -0.087171629, -0.068007089, 0.9938693, -0.0078783035;
 0, 0, 0, 1]
Ow:
[-0.070523724;
 -0.039815005;
 -0.00098309387]
Keyframe: 6 Frame: 132 Frame from vFrameID : 133
Tcw:
[0.99604654, -0.0018287271, -0.088814341, -0.072338015;
 -0.004540903, 0.99743289, -0.071463495, -0.041529018;
 0.088717028, 0.071584262, 0.99348122, -4.4017099e-05;
 0, 0, 0, 1]
Twc:
[0.99604654, -0.004540903, 0.088717028, 0.071867354;
 -0.0018287271, 0.99743289, 0.071584262, 0.041293271;
 -0.088814341, -0.071463495, 0.99348122, -0.0093487315;
 0, 0, 0, 1]
Ow:
[-0.072338015;
 -0.041529018;
 -4.4017099e-05]
Keyframe: 7 Frame: 134 Frame from vFrameID : 135
Tcw:
[0.9961074, 0.003350538, -0.088084221, -0.072313942;
 -0.0098993676, 0.99720794, -0.074016094, -0.045173779;
 0.087590292, 0.074599959, 0.99335933, 0.0011727549;
 0, 0, 0, 1]
Twc:
[0.9961074, -0.0098993676, 0.087590292, 0.071482532;
 0.003350538, 0.99720794, 0.074599959, 0.045202453;
 -0.088084221, -0.074016094, 0.99335933, -0.01087827;
 0, 0, 0, 1]
Ow:
[-0.072313942;
 -0.045173779;
 0.0011727549]
Keyframe: 8 Frame: 137 Frame from vFrameID : 138
Tcw:
[0.99630898, 0.0037047067, -0.085759811, -0.067403518;
 -0.011343135, 0.99598908, -0.088752761, -0.04699422;
 0.085087031, 0.089397959, 0.99235487, 0.00067638047;
 0, 0, 0, 1]
Twc:
[0.99630898, -0.011343135, 0.085087031, 0.066564113;
 0.0037047067, 0.99598908, 0.089397959, 0.046994973;
 -0.085759811, -0.088752761, 0.99235487, -0.010622589;
 0, 0, 0, 1]
Ow:
[-0.067403518;
 -0.04699422;
 0.00067638047]
Keyframe: 9 Frame: 140 Frame from vFrameID : 141
Tcw:
[0.99636519, 0.0072982432, -0.084871612, -0.059101004;
 -0.015267079, 0.99549031, -0.093626767, -0.048540991;
 0.083805554, 0.094582193, 0.99198329, 0.00090279989;
 0, 0, 0, 1]
Twc:
[0.99636519, -0.015267079, 0.083805554, 0.058069441;
 0.0072982432, 0.99549031, 0.094582193, 0.048668034;
 -0.084871612, -0.093626767, 0.99198329, -0.010456296;
 0, 0, 0, 1]
Ow:
[-0.059101004;
 -0.048540991;
 0.00090279989]
Keyframe: 10 Frame: 143 Frame from vFrameID : 144
Tcw:
[0.99624401, 0.019596323, -0.084343597, -0.048797082;
 -0.027208883, 0.99556321, -0.090075694, -0.048594303;
 0.08220423, 0.092032269, 0.99235708, 0.00028858054;
 0, 0, 0, 1]
Twc:
[0.99624401, -0.027208883, 0.08220423, 0.04726788;
 0.019596323, 0.99556321, 0.092032269, 0.049308386;
 -0.084343597, -0.090075694, 0.99235708, -0.0087792613;
 0, 0, 0, 1]
Ow:
[-0.048797082;
 -0.048594303;
 0.00028858054]
Keyframe: 11 Frame: 146 Frame from vFrameID : 147
Tcw:
[0.99532837, 0.027114065, -0.092662439, -0.039594036;
 -0.035275586, 0.99553031, -0.087607428, -0.050456684;
 0.089872867, 0.090466879, 0.99183595, 0.00061310269;
 0, 0, 0, 1]
Twc:
[0.99532837, -0.035275586, 0.089872867, 0.037574075;
 0.027114065, 0.99553031, 0.090466879, 0.051249247;
 -0.092662439, -0.087607428, 0.99183595, -0.008697358;
 0, 0, 0, 1]
Ow:
[-0.039594036;
 -0.050456684;
 0.00061310269]
Keyframe: 12 Frame: 149 Frame from vFrameID : 150
Tcw:
[0.99370062, 0.028897952, -0.10827711, -0.030848037;
 -0.038016476, 0.99581414, -0.083120123, -0.047693081;
 0.10542188, 0.086712837, 0.99063975, -0.00093324296;
 0, 0, 0, 1]
Twc:
[0.99370062, -0.038016476, 0.10542188, 0.028938977;
 0.028897952, 0.99581414, 0.086712837, 0.048465814;
 -0.10827711, -0.083120123, 0.99063975, -0.0063798842;
 0, 0, 0, 1]
Ow:
[-0.030848037;
 -0.047693081;
 -0.00093324296]
Keyframe: 13 Frame: 152 Frame from vFrameID : 153
Tcw:
[0.99167496, 0.037760776, -0.1231054, -0.022292007;
 -0.047518019, 0.99587399, -0.077311426, -0.049536992;
 0.11967812, 0.082517527, 0.98937756, -0.00036689686;
 0, 0, 0, 1]
Twc:
[0.99167496, -0.047518019, 0.11967812, 0.019796435;
 0.037760776, 0.99587399, 0.082517527, 0.050204638;
 -0.1231054, -0.077311426, 0.98937756, -0.0062110424;
 0, 0, 0, 1]
Ow:
[-0.022292007;
 -0.049536992;
 -0.00036689686]
Keyframe: 14 Frame: 155 Frame from vFrameID : 156
Tcw:
[0.98921973, 0.029820923, -0.14337024, -0.015631683;
 -0.042238247, 0.99553955, -0.084361993, -0.048255265;
 0.14021499, 0.089508258, 0.98606694, -0.0039632409;
 0, 0, 0, 1]
Twc:
[0.98921973, -0.042238247, 0.14021499, 0.013980657;
 0.029820923, 0.99553955, 0.089508258, 0.048860915;
 -0.14337024, -0.084361993, 0.98606694, -0.0024040078;
 0, 0, 0, 1]
Ow:
[-0.015631683;
 -0.048255265;
 -0.0039632409]
Keyframe: 15 Frame: 158 Frame from vFrameID : 159
Tcw:
[0.98772794, 0.030803679, -0.15311652, -0.005267215;
 -0.043464512, 0.99584359, -0.080040134, -0.04281155;
 0.15001458, 0.085713014, 0.98496139, -0.0070609311;
 0, 0, 0, 1]
Twc:
[0.98772794, -0.043464512, 0.15001458, 0.0044010347;
 0.030803679, 0.99584359, 0.085713014, 0.04340107;
 -0.15311652, -0.080040134, 0.98496139, 0.002721604;
 0, 0, 0, 1]
Ow:
[-0.005267215;
 -0.04281155;
 -0.0070609311]
Keyframe: 16 Frame: 161 Frame from vFrameID : 162
Tcw:
[0.98710155, 0.034610622, -0.15630953, 0.0038473485;
 -0.045312636, 0.99682778, -0.065430053, -0.040283494;
 0.1535491, 0.071668901, 0.98553854, -0.011445611;
 0, 0, 0, 1]
Twc:
[0.98710155, -0.045312636, 0.1535491, -0.0038656113;
 0.034610622, 0.99682778, 0.071668901, 0.040842842;
 -0.15630953, -0.065430053, 0.98553854, 0.009245717;
 0, 0, 0, 1]
Ow:
[0.0038473485;
 -0.040283494;
 -0.011445611]
Keyframe: 17 Frame: 164 Frame from vFrameID : 165
Tcw:
[0.98707324, 0.035551652, -0.15627708, 0.0092436234;
 -0.045504853, 0.99712563, -0.060579304, -0.038589783;
 0.15367419, 0.066907577, 0.98585373, -0.013910608;
 0, 0, 0, 1]
Twc:
[0.98707324, -0.045504853, 0.15367419, -0.0087424535;
 0.035551652, 0.99712563, 0.066907577, 0.039080959;
 -0.15627708, -0.060579304, 0.98585373, 0.01282065;
 0, 0, 0, 1]
Ow:
[0.0092436234;
 -0.038589783;
 -0.013910608]
Keyframe: 18 Frame: 167 Frame from vFrameID : 168
Tcw:
[0.98774368, 0.036823135, -0.1516789, 0.016158089;
 -0.044999395, 0.99769306, -0.050828978, -0.036769025;
 0.14945732, 0.05703146, 0.98712206, -0.017377269;
 0, 0, 0, 1]
Twc:
[0.98774368, -0.044999395, 0.14945732, -0.015017475;
 0.036823135, 0.99769306, 0.05703146, 0.037080258;
 -0.1516789, -0.050828978, 0.98712206, 0.017735394;
 0, 0, 0, 1]
Ow:
[0.016158089;
 -0.036769025;
 -0.017377269]
Keyframe: 19 Frame: 170 Frame from vFrameID : 171
Tcw:
[0.98858386, 0.038736325, -0.14560696, 0.022925515;
 -0.046015367, 0.99783641, -0.046958864, -0.033654731;
 0.14347291, 0.053122934, 0.98822743, -0.019666474;
 0, 0, 0, 1]
Twc:
[0.98858386, -0.046015367, 0.14347291, -0.021390824;
 0.038736325, 0.99783641, 0.053122934, 0.033738606;
 -0.14560696, -0.046958864, 0.98822743, 0.021192675;
 0, 0, 0, 1]
Ow:
[0.022925515;
 -0.033654731;
 -0.019666474]
Keyframe: 20 Frame: 173 Frame from vFrameID : 174
Tcw:
[0.99045074, 0.035797793, -0.13313845, 0.03145621;
 -0.041314699, 0.99838835, -0.038907416, -0.029511776;
 0.13153107, 0.044036452, 0.99033344, -0.018157596;
 0, 0, 0, 1]
Twc:
[0.99045074, -0.041314699, 0.13153107, -0.029986806;
 0.035797793, 0.99838835, 0.044036452, 0.029137745;
 -0.13313845, -0.038907416, 0.99033344, 0.021021878;
 0, 0, 0, 1]
Ow:
[0.03145621;
 -0.029511776;
 -0.018157596]
Keyframe: 21 Frame: 177 Frame from vFrameID : 178
Tcw:
[0.99417454, 0.034721106, -0.10203638, 0.038215518;
 -0.038326032, 0.9987008, -0.033583831, -0.028646782;
 0.10073774, 0.03729884, 0.99421358, -0.01437879;
 0, 0, 0, 1]
Twc:
[0.99417454, -0.038326032, 0.10073774, -0.037642326;
 0.034721106, 0.9987008, 0.03729884, 0.027818989;
 -0.10203638, -0.033583831, 0.99421358, 0.017232893;
 0, 0, 0, 1]
Ow:
[0.038215518;
 -0.028646782;
 -0.01437879]
Keyframe: 22 Frame: 181 Frame from vFrameID : 182
Tcw:
[0.99691904, 0.034170732, -0.070603423, 0.042904191;
 -0.037137687, 0.99846274, -0.041146252, -0.029707111;
 0.069088884, 0.04364153, 0.99665546, -0.0055643269;
 0, 0, 0, 1]
Twc:
[0.99691904, -0.037137687, 0.069088884, -0.043490823;
 0.034170732, 0.99846274, 0.04364153, 0.02843821;
 -0.070603423, -0.041146252, 0.99665546, 0.0073525636;
 0, 0, 0, 1]
Ow:
[0.042904191;
 -0.029707111;
 -0.0055643269]
Keyframe: 23 Frame: 185 Frame from vFrameID : 186
Tcw:
[0.99810672, 0.032147072, -0.052436046, 0.037912019;
 -0.034433533, 0.99846852, -0.043300416, -0.032367088;
 0.050963759, 0.045023996, 0.99768507, 0.0058006984;
 0, 0, 0, 1]
Twc:
[0.99810672, -0.034433533, 0.050963759, -0.039250378;
 0.032147072, 0.99846852, 0.045023996, 0.030837588;
 -0.052436046, -0.043300416, 0.99768507, -0.0052008228;
 0, 0, 0, 1]
Ow:
[0.037912019;
 -0.032367088;
 0.0058006984]
Keyframe: 24 Frame: 189 Frame from vFrameID : 190
Tcw:
[0.99820602, 0.028970722, -0.05239683, 0.032122511;
 -0.031549267, 0.9982968, -0.04907342, -0.036144242;
 0.050885893, 0.050638463, 0.99741983, 0.023090813;
 0, 0, 0, 1]
Twc:
[0.99820602, -0.031549267, 0.050885893, -0.034380205;
 0.028970722, 0.9982968, 0.050638463, 0.033982784;
 -0.05239683, -0.04907342, 0.99741983, -0.023121841;
 0, 0, 0, 1]
Ow:
[0.032122511;
 -0.036144242;
 0.023090813]
Keyframe: 25 Frame: 193 Frame from vFrameID : 194
Tcw:
[0.99840659, 0.027118566, -0.049485769, 0.024133353;
 -0.030055296, 0.99776983, -0.05959934, -0.042492121;
 0.04775916, 0.060991686, 0.99699503, 0.048919916;
 0, 0, 0, 1]
Twc:
[0.99840659, -0.030055296, 0.04775916, -0.027708385;
 0.027118566, 0.99776983, 0.060991686, 0.038759183;
 -0.049485769, -0.05959934, 0.99699503, -0.05011116;
 0, 0, 0, 1]
Ow:
[0.024133353;
 -0.042492121;
 0.048919916]
Keyframe: 26 Frame: 198 Frame from vFrameID : 199
Tcw:
[0.99885631, 0.027644025, -0.039011553, 0.012010723;
 -0.030112244, 0.99748468, -0.064168535, -0.047389116;
 0.03713955, 0.065269873, 0.99717629, 0.09228649;
 0, 0, 0, 1]
Twc:
[0.99885631, -0.030112244, 0.03713955, -0.016851457;
 0.027644025, 0.99748468, 0.065269873, 0.04091436;
 -0.039011553, -0.064168535, 0.99717629, -0.094598226;
 0, 0, 0, 1]
Ow:
[0.012010723;
 -0.047389116;
 0.09228649]
Keyframe: 27 Frame: 202 Frame from vFrameID : 203
Tcw:
[0.99937958, 0.018062389, -0.030236622, -0.0048581464;
 -0.02010476, 0.99743718, -0.068664722, -0.052235816;
 0.028918883, 0.06923002, 0.99718148, 0.13121216;
 0, 0, 0, 1]
Twc:
[0.99937958, -0.02010476, 0.028918883, 1.0434349e-05;
 0.018062389, 0.99743718, 0.06923002, 0.043105874;
 -0.030236622, -0.068664722, 0.99718148, -0.13457599;
 0, 0, 0, 1]
Ow:
[-0.0048581464;
 -0.052235816;
 0.13121216]
Keyframe: 28 Frame: 206 Frame from vFrameID : 207
Tcw:
[0.99992144, 0.0031310318, -0.012138542, -0.018532339;
 -0.0040258728, 0.99721962, -0.074410096, -0.061633628;
 0.011871812, 0.074453115, 0.99715382, 0.17257515;
 0, 0, 0, 1]
Twc:
[0.99992144, -0.0040258728, 0.011871812, 0.016233975;
 0.0031310318, 0.99721962, 0.074453115, 0.048671529;
 -0.012138542, -0.074410096, 0.99715382, -0.1768951;
 0, 0, 0, 1]
Ow:
[-0.018532339;
 -0.061633628;
 0.17257515]
Keyframe: 29 Frame: 211 Frame from vFrameID : 212
Tcw:
[0.99976099, 0.013963835, -0.016821673, -0.023829911;
 -0.01498527, 0.99795061, -0.062209647, -0.069929883;
 0.015918514, 0.062446855, 0.99792135, 0.2249981;
 0, 0, 0, 1]
Twc:
[0.99976099, -0.01498527, 0.015918514, 0.019194663;
 0.013963835, 0.99795061, 0.062446855, 0.056068901;
 -0.016821673, -0.062209647, 0.99792135, -0.22928157;
 0, 0, 0, 1]
Ow:
[-0.023829911;
 -0.069929883;
 0.2249981]
Keyframe: 30 Frame: 217 Frame from vFrameID : 218
Tcw:
[0.99817836, 0.046278823, -0.038707502, -0.019832332;
 -0.049019985, 0.99611515, -0.073155127, -0.09367387;
 0.035171598, 0.074919306, 0.99656916, 0.31788456;
 0, 0, 0, 1]
Twc:
[0.99817836, -0.049019985, 0.035171598, 0.0040238029;
 0.046278823, 0.99611515, 0.074919306, 0.070412084;
 -0.038707502, -0.073155127, 0.99656916, -0.32441434;
 0, 0, 0, 1]
Ow:
[-0.019832332;
 -0.09367387;
 0.31788456]
Keyframe: 31 Frame: 222 Frame from vFrameID : 223
Tcw:
[0.99593323, 0.041014448, -0.080217414, -0.042909779;
 -0.047699533, 0.99538404, -0.083278984, -0.11231098;
 0.07643149, 0.086766645, 0.99329239, 0.37853515;
 0, 0, 0, 1]
Twc:
[0.99593323, -0.047699533, 0.07643149, 0.0084460862;
 0.041014448, 0.99538404, 0.086766645, 0.08070825;
 -0.080217414, -0.083278984, 0.99329239, -0.38879132;
 0, 0, 0, 1]
Ow:
[-0.042909779;
 -0.11231098;
 0.37853515]
Keyframe: 32 Frame: 227 Frame from vFrameID : 228
Tcw:
[0.99082309, 0.047550447, -0.12652513, -0.054978758;
 -0.05790104, 0.99515772, -0.079426825, -0.14154969;
 0.12213568, 0.086023867, 0.98877841, 0.46188805;
 0, 0, 0, 1]
Twc:
[0.99082309, -0.05790104, 0.12213568, -0.010134663;
 0.047550447, 0.99515772, 0.086023867, 0.10374513;
 -0.12652513, -0.079426825, 0.98877841, -0.47490397;
 0, 0, 0, 1]
Ow:
[-0.054978758;
 -0.14154969;
 0.46188805]
Keyframe: 33 Frame: 232 Frame from vFrameID : 233
Tcw:
[0.99448198, 0.026306706, -0.10155573, -0.069419578;
 -0.036859028, 0.99394923, -0.10347134, -0.15620998;
 0.098219246, 0.10664363, 0.98943424, 0.54278356;
 0, 0, 0, 1]
Twc:
[0.99448198, -0.036859028, 0.098219246, 0.0099669751;
 0.026306706, 0.99394923, 0.10664363, 0.099206589;
 -0.10155573, -0.10347134, 0.98943424, -0.56026185;
 0, 0, 0, 1]
Ow:
[-0.069419578;
 -0.15620998;
 0.54278356]
Keyframe: 34 Frame: 238 Frame from vFrameID : 239
Tcw:
[0.99892992, 0.023352223, -0.039921805, -0.077917181;
 -0.027246425, 0.99461794, -0.099963643, -0.17694414;
 0.03737257, 0.1009444, 0.99418986, 0.6394214;
 0, 0, 0, 1]
Twc:
[0.99892992, -0.027246425, 0.03737257, 0.049115881;
 0.023352223, 0.99461794, 0.1009444, 0.11326534;
 -0.039921805, -0.099963643, 0.99418986, -0.65650487;
 0, 0, 0, 1]
Ow:
[-0.077917181;
 -0.17694414;
 0.6394214]
Keyframe: 35 Frame: 244 Frame from vFrameID : 245
Tcw:
[0.99782556, 0.060661513, -0.025773618, -0.080935232;
 -0.063008986, 0.99268579, -0.10297973, -0.18616509;
 0.019338198, 0.10437978, 0.99434948, 0.71038669;
 0, 0, 0, 1]
Twc:
[0.99782556, -0.063008986, 0.019338198, 0.055291571;
 0.060661513, 0.99268579, 0.10437978, 0.11556309;
 -0.025773618, -0.10297973, 0.99434948, -0.72762984;
 0, 0, 0, 1]
Ow:
[-0.080935232;
 -0.18616509;
 0.71038669]
Keyframe: 36 Frame: 249 Frame from vFrameID : 250
Tcw:
[0.99413413, 0.052280769, -0.094678976, -0.087719791;
 -0.062789522, 0.99176168, -0.11165249, -0.19888365;
 0.088061705, 0.1169424, 0.98922676, 0.7782315;
 0, 0, 0, 1]
Twc:
[0.99413413, -0.062789522, 0.088061705, 0.006185032;
 0.052280769, 0.99176168, 0.1169424, 0.11082297;
 -0.094678976, -0.11165249, 0.98922676, -0.80035853;
 0, 0, 0, 1]
Ow:
[-0.087719791;
 -0.19888365;
 0.7782315]
Keyframe: 37 Frame: 254 Frame from vFrameID : 255
Tcw:
[0.98956811, 0.082318395, -0.11823145, -0.10212319;
 -0.093195744, 0.991606, -0.089621812, -0.20976625;
 0.10986149, 0.099705555, 0.98893338, 0.84153378;
 0, 0, 0, 1]
Twc:
[0.98956811, -0.093195744, 0.10986149, -0.010943632;
 0.082318395, 0.991606, 0.099705555, 0.13250652;
 -0.11823145, -0.089621812, 0.98893338, -0.86309463;
 0, 0, 0, 1]
Ow:
[-0.10212319;
 -0.20976625;
 0.84153378]
Keyframe: 38 Frame: 260 Frame from vFrameID : 261
Tcw:
[0.99224883, 0.032614402, -0.11991061, -0.11977445;
 -0.045570444, 0.99321997, -0.10694588, -0.22403666;
 0.11560964, 0.1115813, 0.98700762, 0.9473207;
 0, 0, 0, 1]
Twc:
[0.99224883, -0.045570444, 0.11560964, -0.00088281021;
 0.032614402, 0.99321997, 0.1115813, 0.12072077;
 -0.11991061, -0.10694588, 0.98700762, -0.97333479;
 0, 0, 0, 1]
Ow:
[-0.11977445;
 -0.22403666;
 0.9473207]
Keyframe: 39 Frame: 264 Frame from vFrameID : 265
Tcw:
[0.99466038, 0.035146665, -0.097033128, -0.12001313;
 -0.04414982, 0.99475622, -0.092254199, -0.23833515;
 0.09328188, 0.096045591, 0.99099636, 1.004334;
 0, 0, 0, 1]
Twc:
[0.99466038, -0.04414982, 0.09328188, 0.015163695;
 0.035146665, 0.99475622, 0.096045591, 0.14484158;
 -0.097033128, -0.092254199, 0.99099636, -1.028924;
 0, 0, 0, 1]
Ow:
[-0.12001313;
 -0.23833515;
 1.004334]
Keyframe: 40 Frame: 267 Frame from vFrameID : 268
Tcw:
[0.9956187, 0.036312364, -0.086167321, -0.12396273;
 -0.043879349, 0.99518758, -0.087614268, -0.24922509;
 0.082571171, 0.091011368, 0.99242073, 1.054415;
 0, 0, 0, 1]
Twc:
[0.9956187, -0.043879349, 0.082571171, 0.025419507;
 0.036312364, 0.99518758, 0.091011368, 0.15656336;
 -0.086167321, -0.087614268, 0.99242073, -1.0789405;
 0, 0, 0, 1]
Ow:
[-0.12396273;
 -0.24922509;
 1.054415]
Keyframe: 41 Frame: 270 Frame from vFrameID : 271
Tcw:
[0.99533278, 0.038634334, -0.088431127, -0.12630939;
 -0.046910666, 0.99451238, -0.093512334, -0.25783324;
 0.08433307, 0.09722425, 0.99168313, 1.105304;
 0, 0, 0, 1]
Twc:
[0.99533278, -0.046910666, 0.08433307, 0.020411082;
 0.038634334, 0.99451238, 0.09722425, 0.15383589;
 -0.088431127, -0.093512334, 0.99168313, -1.1313915;
 0, 0, 0, 1]
Ow:
[-0.12630939;
 -0.25783324;
 1.105304]
Keyframe: 42 Frame: 273 Frame from vFrameID : 274
Tcw:
[0.99352342, 0.035956293, -0.10778829, -0.12639812;
 -0.047913354, 0.99272281, -0.11047962, -0.26740789;
 0.10303145, 0.11492859, 0.98801619, 1.1520115;
 0, 0, 0, 1]
Twc:
[0.99352342, -0.047913354, 0.10303145, -0.0059263338;
 0.035956293, 0.99272281, 0.11492859, 0.13760766;
 -0.10778829, -0.11047962, 0.98801619, -1.1813732;
 0, 0, 0, 1]
Ow:
[-0.12639812;
 -0.26740789;
 1.1520115]
Keyframe: 43 Frame: 276 Frame from vFrameID : 277
Tcw:
[0.98970336, 0.063781805, -0.12813738, -0.12029313;
 -0.077449515, 0.99148571, -0.10467898, -0.28097689;
 0.12036976, 0.11352531, 0.98621655, 1.2081097;
 0, 0, 0, 1]
Twc:
[0.98970336, -0.077449515, 0.12036976, -0.048126895;
 0.063781805, 0.99148571, 0.11352531, 0.14910604;
 -0.12813738, -0.10467898, 0.98621655, -1.2362843;
 0, 0, 0, 1]
Ow:
[-0.12029313;
 -0.28097689;
 1.2081097]
Keyframe: 44 Frame: 279 Frame from vFrameID : 280
Tcw:
[0.98941606, 0.059994183, -0.13212337, -0.1271694;
 -0.072164282, 0.99338388, -0.08933498, -0.29122746;
 0.12588964, 0.097924054, 0.98719943, 1.2508469;
 0, 0, 0, 1]
Twc:
[0.98941606, -0.072164282, 0.12588964, -0.052661426;
 0.059994183, 0.99338388, 0.097924054, 0.1744421;
 -0.13212337, -0.08933498, 0.98719943, -1.2776541;
 0, 0, 0, 1]
Ow:
[-0.1271694;
 -0.29122746;
 1.2508469]
Keyframe: 45 Frame: 283 Frame from vFrameID : 284
Tcw:
[0.98739386, 0.0668144, -0.14348933, -0.13236207;
 -0.078591526, 0.99384791, -0.078036718, -0.29798108;
 0.1373926, 0.088330023, 0.98657036, 1.3134362;
 0, 0, 0, 1]
Twc:
[0.98739386, -0.078591526, 0.1373926, -0.073181696;
 0.0668144, 0.99384791, 0.088330023, 0.18897571;
 -0.14348933, -0.078036718, 0.98657036, -1.3380432;
 0, 0, 0, 1]
Ow:
[-0.13236207;
 -0.29798108;
 1.3134362]
Keyframe: 46 Frame: 287 Frame from vFrameID : 288
Tcw:
[0.98883617, 0.045561109, -0.14187054, -0.15471637;
 -0.058127757, 0.99462116, -0.085731559, -0.30661276;
 0.13720143, 0.093021087, 0.9861657, 1.3857495;
 0, 0, 0, 1]
Twc:
[0.98883617, -0.058127757, 0.13720143, -0.054960355;
 0.045561109, 0.99462116, 0.093021087, 0.18310867;
 -0.14187054, -0.085731559, 0.9861657, -1.4148147;
 0, 0, 0, 1]
Ow:
[-0.15471637;
 -0.30661276;
 1.3857495]
Keyframe: 47 Frame: 291 Frame from vFrameID : 292
Tcw:
[0.99205899, 0.029070042, -0.12236778, -0.16089013;
 -0.043035667, 0.99265337, -0.11308081, -0.32995617;
 0.11818152, 0.11744902, 0.98602176, 1.4540769;
 0, 0, 0, 1]
Twc:
[0.99205899, -0.043035667, 0.11818152, -0.026432384;
 0.029070042, 0.99265337, 0.11744902, 0.16142932;
 -0.12236778, -0.11308081, 0.98602176, -1.4907508;
 0, 0, 0, 1]
Ow:
[-0.16089013;
 -0.32995617;
 1.4540769]
Keyframe: 48 Frame: 294 Frame from vFrameID : 295
Tcw:
[0.99615455, 0.023956634, -0.084274702, -0.17155448;
 -0.032004654, 0.9949165, -0.095482148, -0.34927648;
 0.081558861, 0.097812161, 0.99185729, 1.5078571;
 0, 0, 0, 1]
Twc:
[0.99615455, -0.032004654, 0.081558861, 0.036737192;
 0.023956634, 0.9949165, 0.097812161, 0.20412406;
 -0.084274702, -0.095482148, 0.99185729, -1.5433866;
 0, 0, 0, 1]
Ow:
[-0.17155448;
 -0.34927648;
 1.5078571]
Keyframe: 49 Frame: 297 Frame from vFrameID : 298
Tcw:
[0.99714631, 0.024343865, -0.071460478, -0.17368436;
 -0.030188404, 0.99618477, -0.081881195, -0.36372268;
 0.06919454, 0.083804809, 0.99407691, 1.5488029;
 0, 0, 0, 1]
Twc:
[0.99714631, -0.030188404, 0.06919454, 0.055039816;
 0.024343865, 0.99618477, 0.083804809, 0.23676603;
 -0.071460478, -0.081881195, 0.99407691, -1.5818226;
 0, 0, 0, 1]
Ow:
[-0.17368436;
 -0.36372268;
 1.5488029]
Keyframe: 50 Frame: 301 Frame from vFrameID : 302
Tcw:
[0.99823862, 0.015553174, -0.057251297, -0.18151011;
 -0.019815188, 0.99701321, -0.074645758, -0.37270939;
 0.055919319, 0.075648725, 0.9955653, 1.6121806;
 0, 0, 0, 1]
Twc:
[0.99823862, -0.019815188, 0.055919319, 0.083653048;
 0.015553174, 0.99701321, 0.075648725, 0.25245985;
 -0.057251297, -0.074645758, 0.9955653, -1.6432439;
 0, 0, 0, 1]
Ow:
[-0.18151011;
 -0.37270939;
 1.6121806]
Keyframe: 51 Frame: 304 Frame from vFrameID : 305
Tcw:
[0.99723303, 0.02270942, -0.070785351, -0.19314858;
 -0.027952125, 0.99686813, -0.073976964, -0.38137245;
 0.068883687, 0.075750872, 0.9947446, 1.6792302;
 0, 0, 0, 1]
Twc:
[0.99723303, -0.027952125, 0.068883687, 0.066282399;
 0.02270942, 0.99686813, 0.075750872, 0.25736117;
 -0.070785351, -0.073976964, 0.9947446, -1.71229;
 0, 0, 0, 1]
Ow:
[-0.19314858;
 -0.38137245;
 1.6792302]
Keyframe: 52 Frame: 307 Frame from vFrameID : 308
Tcw:
[0.99513507, 0.025246359, -0.095230155, -0.19081628;
 -0.034301676, 0.9949162, -0.094684169, -0.39871064;
 0.092355594, 0.097490087, 0.99094206, 1.7234995;
 0, 0, 0, 1]
Twc:
[0.99513507, -0.034301676, 0.092355594, 0.017036693;
 0.025246359, 0.9949162, 0.097490087, 0.23347698;
 -0.095230155, -0.094684169, 0.99094206, -1.7638112;
 0, 0, 0, 1]
Ow:
[-0.19081628;
 -0.39871064;
 1.7234995]
Keyframe: 53 Frame: 311 Frame from vFrameID : 312
Tcw:
[0.99395943, 0.020518972, -0.1078131, -0.19068284;
 -0.030067043, 0.99569339, -0.087696359, -0.41549617;
 0.10554936, 0.090408243, 0.99029577, 1.7745432;
 0, 0, 0, 1]
Twc:
[0.99395943, -0.030067043, 0.10554936, -0.010263626;
 0.020518972, 0.99569339, 0.090408243, 0.25718606;
 -0.1078131, -0.087696359, 0.99029577, -1.8143182;
 0, 0, 0, 1]
Ow:
[-0.19068284;
 -0.41549617;
 1.7745432]
Keyframe: 54 Frame: 315 Frame from vFrameID : 316
Tcw:
[0.99396962, 0.027968308, -0.10602921, -0.19922365;
 -0.035236422, 0.99710995, -0.067306511, -0.42859107;
 0.10384033, 0.070636719, 0.99208248, 1.8335109;
 0, 0, 0, 1]
Twc:
[0.99396962, -0.035236422, 0.10384033, -0.0074721444;
 0.027968308, 0.99710995, 0.070636719, 0.30341116;
 -0.10602921, -0.067306511, 0.99208248, -1.8689646;
 0, 0, 0, 1]
Ow:
[-0.19922365;
 -0.42859107;
 1.8335109]
Keyframe: 55 Frame: 319 Frame from vFrameID : 320
Tcw:
[0.99478972, 0.020773083, -0.099809192, -0.20606831;
 -0.0285351, 0.99662411, -0.076981589, -0.43506062;
 0.097873099, 0.079428561, 0.99202418, 1.9043491;
 0, 0, 0, 1]
Twc:
[0.99478972, -0.0285351, 0.097873099, 0.0061955978;
 0.020773083, 0.99662411, 0.079428561, 0.28661284;
 -0.099809192, -0.076981589, 0.99202418, -1.9432194;
 0, 0, 0, 1]
Ow:
[-0.20606831;
 -0.43506062;
 1.9043491]
Keyframe: 56 Frame: 323 Frame from vFrameID : 324
Tcw:
[0.99698061, 0.021426709, -0.074636206, -0.21182011;
 -0.029722298, 0.99327779, -0.11187438, -0.44883317;
 0.071737386, 0.11375494, 0.99091554, 1.9927235;
 0, 0, 0, 1]
Twc:
[0.99698061, -0.029722298, 0.071737386, 0.054887414;
 0.021426709, 0.99327779, 0.11375494, 0.22367243;
 -0.074636206, -0.11187438, 0.99091554, -2.040643;
 0, 0, 0, 1]
Ow:
[-0.21182011;
 -0.44883317;
 1.9927235]
Keyframe: 57 Frame: 327 Frame from vFrameID : 328
Tcw:
[0.99852574, 0.049840745, -0.021499116, -0.20578596;
 -0.051455487, 0.99525529, -0.082578503, -0.47495878;
 0.017281335, 0.083563015, 0.99635261, 2.0735779;
 0, 0, 0, 1]
Twc:
[0.99852574, -0.051455487, 0.017281335, 0.14520915;
 0.049840745, 0.99525529, 0.083563015, 0.30968738;
 -0.021499116, -0.082578503, 0.99635261, -2.1096604;
 0, 0, 0, 1]
Ow:
[-0.20578596;
 -0.47495878;
 2.0735779]
Keyframe: 58 Frame: 330 Frame from vFrameID : 331
Tcw:
[0.9988783, 0.047318395, -0.0017665697, -0.2039849;
 -0.047325712, 0.99641448, -0.070131697, -0.48756284;
 -0.0015582839, 0.070136636, 0.99753618, 2.1263294;
 0, 0, 0, 1]
Twc:
[0.9988783, -0.047325712, -0.0015582839, 0.18399525;
 0.047318395, 0.99641448, 0.070136636, 0.3463333;
 -0.0017665697, -0.070131697, 0.99753618, -2.1556444;
 0, 0, 0, 1]
Ow:
[-0.2039849;
 -0.48756284;
 2.1263294]
Keyframe: 59 Frame: 334 Frame from vFrameID : 335
Tcw:
[0.99929267, 0.034688115, -0.014522214, -0.20746136;
 -0.035765469, 0.99598813, -0.082027331, -0.49612415;
 0.011618579, 0.082488708, 0.99652427, 2.2001491;
 0, 0, 0, 1]
Twc:
[0.99929267, -0.035765469, 0.011618579, 0.16400789;
 0.034688115, 0.99598813, 0.082488708, 0.31984276;
 -0.014522214, -0.082027331, 0.99652427, -2.2362103;
 0, 0, 0, 1]
Ow:
[-0.20746136;
 -0.49612415;
 2.2001491]
Keyframe: 60 Frame: 338 Frame from vFrameID : 339
Tcw:
[0.99808359, 0.040271021, -0.0469831, -0.20830755;
 -0.044879094, 0.99381787, -0.10154765, -0.51611567;
 0.042603217, 0.1034616, 0.99372059, 2.2685242;
 0, 0, 0, 1]
Twc:
[0.99808359, -0.044879094, 0.042603217, 0.088099115;
 0.040271021, 0.99381787, 0.1034616, 0.28660861;
 -0.0469831, -0.10154765, 0.99372059, -2.3164766;
 0, 0, 0, 1]
Ow:
[-0.20830755;
 -0.51611567;
 2.2685242]
Keyframe: 61 Frame: 342 Frame from vFrameID : 343
Tcw:
[0.99765754, 0.040273339, -0.055294756, -0.20948774;
 -0.045347922, 0.99455613, -0.093817219, -0.52685672;
 0.051215407, 0.096104957, 0.99405271, 2.3253787;
 0, 0, 0, 1]
Twc:
[0.99765754, -0.045347922, 0.051215407, 0.066009946;
 0.040273339, 0.99455613, 0.096104957, 0.30894494;
 -0.055294756, -0.093817219, 0.99405271, -2.3725607;
 0, 0, 0, 1]
Ow:
[-0.20948774;
 -0.52685672;
 2.3253787]
Keyframe: 62 Frame: 347 Frame from vFrameID : 348
Tcw:
[0.997015, 0.051305909, -0.057695486, -0.21001931;
 -0.05482417, 0.99662197, -0.061147317, -0.5447284;
 0.05436337, 0.0641279, 0.99645984, 2.4027903;
 0, 0, 0, 1]
Twc:
[0.997015, -0.05482417, 0.05436337, 0.048904348;
 0.051305909, 0.99662197, 0.0641279, 0.39957759;
 -0.057695486, -0.061147317, 0.99645984, -2.4397099;
 0, 0, 0, 1]
Ow:
[-0.21001931;
 -0.5447284;
 2.4027903]
Keyframe: 63 Frame: 351 Frame from vFrameID : 352
Tcw:
[0.99799943, 0.034628175, -0.052895986, -0.21990949;
 -0.038184039, 0.99697047, -0.0677628, -0.55145431;
 0.050389238, 0.069647022, 0.99629825, 2.4844732;
 0, 0, 0, 1]
Twc:
[0.99799943, -0.038184039, 0.050389238, 0.073222071;
 0.034628175, 0.99697047, 0.069647022, 0.38436261;
 -0.052895986, -0.0677628, 0.99629825, -2.524277;
 0, 0, 0, 1]
Ow:
[-0.21990949;
 -0.55145431;
 2.4844732]
Keyframe: 64 Frame: 354 Frame from vFrameID : 355
Tcw:
[0.9977681, 0.047924362, -0.04649812, -0.22282228;
 -0.050943356, 0.99651331, -0.066075541, -0.56673515;
 0.043169368, 0.068296835, 0.99673063, 2.5324707;
 0, 0, 0, 1]
Twc:
[0.9977681, -0.050943356, 0.043169368, 0.08412841;
 0.047924362, 0.99651331, 0.068296835, 0.40247801;
 -0.04649812, -0.066075541, 0.99673063, -2.5719993;
 0, 0, 0, 1]
Ow:
[-0.22282228;
 -0.56673515;
 2.5324707]
Keyframe: 65 Frame: 358 Frame from vFrameID : 359
Tcw:
[0.99814242, 0.047167029, -0.03856108, -0.22251962;
 -0.049862333, 0.99614197, -0.072214074, -0.59136814;
 0.035006188, 0.074002676, 0.99664342, 2.5883639;
 0, 0, 0, 1]
Twc:
[0.99814242, -0.049862333, 0.035006188, 0.10201053;
 0.047167029, 0.99614197, 0.074002676, 0.40803638;
 -0.03856108, -0.072214074, 0.99664342, -2.6309617;
 0, 0, 0, 1]
Ow:
[-0.22251962;
 -0.59136814;
 2.5883639]
Keyframe: 66 Frame: 362 Frame from vFrameID : 363
Tcw:
[0.99891198, 0.043473899, -0.016877115, -0.22907944;
 -0.044498339, 0.99682653, -0.066005811, -0.60888684;
 0.013954027, 0.066684999, 0.99767649, 2.6537366;
 0, 0, 0, 1]
Twc:
[0.99891198, -0.044498339, 0.013954027, 0.16470544;
 0.043473899, 0.99682653, 0.066684999, 0.4399491;
 -0.016877115, -0.066005811, 0.99767649, -2.6916268;
 0, 0, 0, 1]
Ow:
[-0.22907944;
 -0.60888684;
 2.6537366]
Keyframe: 67 Frame: 365 Frame from vFrameID : 366
Tcw:
[0.99907655, 0.028513554, -0.03214075, -0.24285585;
 -0.030948618, 0.99647266, -0.078002602, -0.61971414;
 0.02980325, 0.078925282, 0.99643493, 2.7192688;
 0, 0, 0, 1]
Twc:
[0.99907655, -0.030948618, 0.02980325, 0.14240924;
 0.028513554, 0.99647266, 0.078925282, 0.40983385;
 -0.03214075, -0.078002602, 0.99643493, -2.7657194;
 0, 0, 0, 1]
Ow:
[-0.24285585;
 -0.61971414;
 2.7192688]
Keyframe: 68 Frame: 368 Frame from vFrameID : 369
Tcw:
[0.99860352, 0.024575381, -0.046765864, -0.24953291;
 -0.027857438, 0.99709612, -0.070874758, -0.63800585;
 0.044888288, 0.072078556, 0.99638832, 2.7517357;
 0, 0, 0, 1]
Twc:
[0.99860352, -0.027857438, 0.044888288, 0.10789052;
 0.024575381, 0.99709612, 0.072078556, 0.44394439;
 -0.046765864, -0.070874758, 0.99638832, -2.7986856;
 0, 0, 0, 1]
Ow:
[-0.24953291;
 -0.63800585;
 2.7517357]
Keyframe: 69 Frame: 372 Frame from vFrameID : 373
Tcw:
[0.99775934, 0.025344379, -0.061918885, -0.23756146;
 -0.031709086, 0.99406403, -0.10407331, -0.64655435;
 0.058913663, 0.1058035, 0.99264032, 2.7985754;
 0, 0, 0, 1]
Twc:
[0.99775934, -0.031709086, 0.058913663, 0.051653177;
 0.025344379, 0.99406403, 0.1058035, 0.35263813;
 -0.061918885, -0.10407331, 0.99264032, -2.8599775;
 0, 0, 0, 1]
Ow:
[-0.23756146;
 -0.64655435;
 2.7985754]
Keyframe: 70 Frame: 375 Frame from vFrameID : 376
Tcw:
[0.99732208, 0.046000507, -0.056856509, -0.2465193;
 -0.050227415, 0.99589521, -0.075298674, -0.64994115;
 0.053159349, 0.077952787, 0.99553877, 2.8504865;
 0, 0, 0, 1]
Twc:
[0.99732208, -0.050227415, 0.053159349, 0.061684269;
 0.046000507, 0.99589521, 0.077952787, 0.43640995;
 -0.056856509, -0.075298674, 0.99553877, -2.9007258;
 0, 0, 0, 1]
Ow:
[-0.2465193;
 -0.64994115;
 2.8504865]
Keyframe: 71 Frame: 378 Frame from vFrameID : 379
Tcw:
[0.99625963, 0.0526709, -0.068501815, -0.25572392;
 -0.057703514, 0.9956103, -0.073691405, -0.65334189;
 0.064319722, 0.077368565, 0.99492568, 2.8934181;
 0, 0, 0, 1]
Twc:
[0.99625963, -0.057703514, 0.064319722, 0.030963475;
 0.0526709, 0.9956103, 0.077368565, 0.4400835;
 -0.068501815, -0.073691405, 0.99492568, -2.9443991;
 0, 0, 0, 1]
Ow:
[-0.25572392;
 -0.65334189;
 2.8934181]
Keyframe: 72 Frame: 382 Frame from vFrameID : 383
Tcw:
[0.99615115, 0.039696984, -0.078147642, -0.26288137;
 -0.044201642, 0.99740762, -0.056782816, -0.66838878;
 0.075690947, 0.060018521, 0.99532342, 2.9432261;
 0, 0, 0, 1]
Twc:
[0.99615115, -0.044201642, 0.075690947, 0.0095501207;
 0.039696984, 0.99740762, 0.060018521, 0.50044358;
 -0.078147642, -0.056782816, 0.99532342, -2.9879584;
 0, 0, 0, 1]
Ow:
[-0.26288137;
 -0.66838878;
 2.9432261]
Keyframe: 73 Frame: 386 Frame from vFrameID : 387
Tcw:
[0.99805176, 0.036562119, -0.050555259, -0.27141777;
 -0.040676512, 0.99572682, -0.082906947, -0.68438351;
 0.047307972, 0.084801838, 0.99527413, 3.0018954;
 0, 0, 0, 1]
Twc:
[0.99805176, -0.040676512, 0.047307972, 0.10103707;
 0.036562119, 0.99572682, 0.084801838, 0.43681636;
 -0.050555259, -0.082906947, 0.99527413, -3.0581706;
 0, 0, 0, 1]
Ow:
[-0.27141777;
 -0.68438351;
 3.0018954]
Keyframe: 74 Frame: 390 Frame from vFrameID : 391
Tcw:
[0.99878055, 0.044088837, -0.02221657, -0.26523495;
 -0.045665093, 0.99603826, -0.076305069, -0.69873184;
 0.018764352, 0.077226542, 0.99683696, 3.0674987;
 0, 0, 0, 1]
Twc:
[0.99878055, -0.045665093, 0.018764352, 0.17544423;
 0.044088837, 0.99603826, 0.077226542, 0.47076526;
 -0.02221657, -0.076305069, 0.99683696, -3.1170056;
 0, 0, 0, 1]
Ow:
[-0.26523495;
 -0.69873184;
 3.0674987]
Keyframe: 75 Frame: 394 Frame from vFrameID : 395
Tcw:
[0.99946487, 0.030842179, -0.010895343, -0.27234611;
 -0.0314431, 0.99769491, -0.060134865, -0.69711232;
 0.0090155369, 0.060445271, 0.9981308, 3.1268234;
 0, 0, 0, 1]
Twc:
[0.99946487, -0.0314431, 0.0090155369, 0.222091;
 0.030842179, 0.99769491, 0.060445271, 0.51490349;
 -0.010895343, -0.060134865, 0.9981308, -3.1658666;
 0, 0, 0, 1]
Ow:
[-0.27234611;
 -0.69711232;
 3.1268234]
Keyframe: 76 Frame: 398 Frame from vFrameID : 399
Tcw:
[0.99893081, 0.026287677, -0.038029555, -0.27757591;
 -0.02904609, 0.99684262, -0.073899299, -0.69447392;
 0.035966843, 0.074924894, 0.99654037, 3.1854291;
 0, 0, 0, 1]
Twc:
[0.99893081, -0.02904609, 0.035966843, 0.14253756;
 0.026287677, 0.99684262, 0.074924894, 0.46091014;
 -0.038029555, -0.073899299, 0.99654037, -3.2362857;
 0, 0, 0, 1]
Ow:
[-0.27757591;
 -0.69447392;
 3.1854291]
Keyframe: 77 Frame: 402 Frame from vFrameID : 403
Tcw:
[0.99553162, 0.056343075, -0.075777292, -0.26731881;
 -0.06211907, 0.99515873, -0.076160006, -0.69424123;
 0.071119346, 0.080526911, 0.99421197, 3.2361395;
 0, 0, 0, 1]
Twc:
[0.99553162, -0.06211907, 0.071119346, -0.0071534263;
 0.056343075, 0.99515873, 0.080526911, 0.44534546;
 -0.075777292, -0.076160006, 0.99421197, -3.290539;
 0, 0, 0, 1]
Ow:
[-0.26731881;
 -0.69424123;
 3.2361395]
Keyframe: 78 Frame: 406 Frame from vFrameID : 407
Tcw:
[0.99373478, 0.073682502, -0.084036283, -0.27819955;
 -0.077278987, 0.99619168, -0.04037454, -0.7090041;
 0.080741346, 0.046615824, 0.99564439, 3.2891328;
 0, 0, 0, 1]
Twc:
[0.99373478, -0.077278987, 0.080741346, -0.043903586;
 0.073682502, 0.99619168, 0.046615824, 0.57347679;
 -0.084036283, -0.04037454, 0.99564439, -3.3268116;
 0, 0, 0, 1]
Ow:
[-0.27819955;
 -0.7090041;
 3.2891328]
Keyframe: 79 Frame: 410 Frame from vFrameID : 411
Tcw:
[0.99439967, 0.061039943, -0.086275406, -0.28887603;
 -0.065141238, 0.99683601, -0.045547318, -0.71413696;
 0.083222225, 0.050912324, 0.9952296, 3.3491998;
 0, 0, 0, 1]
Twc:
[0.99439967, -0.065141238, 0.083222225, -0.037989423;
 0.061039943, 0.99683601, 0.050912324, 0.55899489;
 -0.086275406, -0.045547318, 0.9952296, -3.3906727;
 0, 0, 0, 1]
Ow:
[-0.28887603;
 -0.71413696;
 3.3491998]
Keyframe: 80 Frame: 414 Frame from vFrameID : 415
Tcw:
[0.99698806, 0.05114083, -0.058304854, -0.29330152;
 -0.054919634, 0.99636203, -0.065165013, -0.72777474;
 0.054760151, 0.068170823, 0.99616969, 3.4306817;
 0, 0, 0, 1]
Twc:
[0.99698806, -0.054919634, 0.054760151, 0.064584337;
 0.05114083, 0.99636203, 0.068170823, 0.50625443;
 -0.058304854, -0.065165013, 0.99616969, -3.4820676;
 0, 0, 0, 1]
Ow:
[-0.29330152;
 -0.72777474;
 3.4306817]
Keyframe: 81 Frame: 418 Frame from vFrameID : 419
Tcw:
[0.99830329, 0.043521531, -0.038683921, -0.29800501;
 -0.045984879, 0.99680865, -0.065252386, -0.73834449;
 0.035720583, 0.066920541, 0.99711871, 3.4841335;
 0, 0, 0, 1]
Twc:
[0.99830329, -0.045984879, 0.035720583, 0.13909143;
 0.043521531, 0.99680865, 0.066920541, 0.51579773;
 -0.038683921, -0.065252386, 0.99711871, -3.5338013;
 0, 0, 0, 1]
Ow:
[-0.29800501;
 -0.73834449;
 3.4841335]
Keyframe: 82 Frame: 422 Frame from vFrameID : 423
Tcw:
[0.9988699, 0.034910087, -0.032252271, -0.30420065;
 -0.036784332, 0.99755192, -0.059472963, -0.75398493;
 0.030097108, 0.06059213, 0.99770874, 3.5412338;
 0, 0, 0, 1]
Twc:
[0.9988699, -0.036784332, 0.030097108, 0.16954114;
 0.034910087, 0.99755192, 0.06059213, 0.54818791;
 -0.032252271, -0.059472963, 0.99770874, -3.5877728;
 0, 0, 0, 1]
Ow:
[-0.30420065;
 -0.75398493;
 3.5412338]
Keyframe: 83 Frame: 426 Frame from vFrameID : 427
Tcw:
[0.9990266, 0.022557585, -0.037908152, -0.30713558;
 -0.024893304, 0.99774587, -0.062317334, -0.76297319;
 0.036416974, 0.063200332, 0.99733621, 3.6066091;
 0, 0, 0, 1]
Twc:
[0.9990266, -0.024893304, 0.036416974, 0.1565019;
 0.022557585, 0.99774587, 0.063200332, 0.54024273;
 -0.037908152, -0.062317334, 0.99733621, -3.6561913;
 0, 0, 0, 1]
Ow:
[-0.30713558;
 -0.76297319;
 3.6066091]
Keyframe: 84 Frame: 430 Frame from vFrameID : 431
Tcw:
[0.99512559, 0.043181829, -0.088658519, -0.30537942;
 -0.050771996, 0.99506754, -0.085222222, -0.77385002;
 0.084541164, 0.089308187, 0.99240959, 3.6677516;
 0, 0, 0, 1]
Twc:
[0.99512559, -0.050771996, 0.084541164, -0.045475021;
 0.043181829, 0.99506754, 0.089308187, 0.4556596;
 -0.088658519, -0.085222222, 0.99240959, -3.7329359;
 0, 0, 0, 1]
Ow:
[-0.30537942;
 -0.77385002;
 3.6677516]
Keyframe: 85 Frame: 434 Frame from vFrameID : 435
Tcw:
[0.99292558, 0.05864539, -0.10324503, -0.30722383;
 -0.065641418, 0.99567676, -0.065719314, -0.7907505;
 0.098944545, 0.072031535, 0.99248248, 3.7268901;
 0, 0, 0, 1]
Twc:
[0.99292558, -0.065641418, 0.098944545, -0.11561103;
 0.05864539, 0.99567676, 0.072031535, 0.53689551;
 -0.10324503, -0.065719314, 0.99248248, -3.7825599;
 0, 0, 0, 1]
Ow:
[-0.30722383;
 -0.7907505;
 3.7268901]
Keyframe: 86 Frame: 438 Frame from vFrameID : 439
Tcw:
[0.99304152, 0.057302441, -0.10288347, -0.31044984;
 -0.062774546, 0.99673611, -0.050759535, -0.80311668;
 0.099639021, 0.056864787, 0.99339741, 3.8023763;
 0, 0, 0, 1]
Twc:
[0.99304152, -0.062774546, 0.099639021, -0.12099074;
 0.057302441, 0.99673611, 0.056864787, 0.6020636;
 -0.10288347, -0.050759535, 0.99339741, -3.8499768;
 0, 0, 0, 1]
Ow:
[-0.31044984;
 -0.80311668;
 3.8023763]
Keyframe: 87 Frame: 442 Frame from vFrameID : 443
Tcw:
[0.99586356, 0.039067406, -0.08203388, -0.31579542;
 -0.043651395, 0.99754, -0.054849669, -0.80869508;
 0.079689242, 0.058203682, 0.99511909, 3.873595;
 0, 0, 0, 1]
Twc:
[0.99586356, -0.043651395, 0.079689242, -0.029495375;
 0.039067406, 0.99754, 0.058203682, 0.59358549;
 -0.08203388, -0.054849669, 0.99511909, -3.9249508;
 0, 0, 0, 1]
Ow:
[-0.31579542;
 -0.80869508;
 3.873595]
Keyframe: 88 Frame: 446 Frame from vFrameID : 447
Tcw:
[0.9988029, 0.024424199, -0.042381741, -0.32719266;
 -0.027800934, 0.99632579, -0.08100646, -0.82483196;
 0.040247504, 0.08208774, 0.99581212, 3.9380262;
 0, 0, 0, 1]
Twc:
[0.9988029, -0.027800934, 0.040247504, 0.14537416;
 0.024424199, 0.99632579, 0.08208774, 0.50652915;
 -0.042381741, -0.08100646, 0.99581212, -4.0022178;
 0, 0, 0, 1]
Ow:
[-0.32719266;
 -0.82483196;
 3.9380262]
Keyframe: 89 Frame: 450 Frame from vFrameID : 451
Tcw:
[0.99970245, 0.023994349, -0.0043909494, -0.33352572;
 -0.024208471, 0.99802923, -0.057893131, -0.83678883;
 0.0029931876, 0.057982203, 0.99831313, 3.9952884;
 0, 0, 0, 1]
Twc:
[0.99970245, -0.024208471, 0.0029931876, 0.30121046;
 0.023994349, 0.99802923, 0.057982203, 0.61148679;
 -0.0043909494, -0.057893131, 0.99831313, -4.0384579;
 0, 0, 0, 1]
Ow:
[-0.33352572;
 -0.83678883;
 3.9952884]
Keyframe: 90 Frame: 454 Frame from vFrameID : 455
Tcw:
[0.99935985, 0.032372404, -0.015228247, -0.34166008;
 -0.033115141, 0.99813133, -0.051354043, -0.84821057;
