Keyframe: 0 Frame: 0 Frame from vFrameID : 130
Tcw:
[1, 0, 0, 0;
 0, 1, 0, 0;
 0, 0, 1, 0;
 0, 0, 0, 1]
Twc:
[1, 0, 0, 0;
 0, 1, 0, 0;
 0, 0, 1, 0;
 0, 0, 0, 1]
Ow:
[0;
 0;
 0]
Keyframe: 1 Frame: 129 Frame from vFrameID : 130
Tcw:
[0.9962616, -0.0051324619, -0.086235017, -0.065018691;
 -0.00041433386, 0.99793816, -0.064181171, -0.039346471;
 0.086386628, 0.063976966, 0.99420536, -0.0053472789;
 0, 0, 0, 1]
Twc:
[0.9962616, -0.00041433386, 0.086386628, 0.06522125;
 -0.0051324619, 0.99793816, 0.063976966, 0.039273743;
 -0.086235017, -0.064181171, 0.99420536, -0.0028158973;
 0, 0, 0, 1]
Ow:
[-0.065018691;
 -0.039346471;
 -0.0053472789]
Keyframe: 2 Frame: 132 Frame from vFrameID : 133
Tcw:
[0.99611294, -0.0037254011, -0.088006653, -0.067945644;
 -0.0022909017, 0.9976716, -0.068162166, -0.043104276;
 0.08805567, 0.068098828, 0.99378508, -0.003316002;
 0, 0, 0, 1]
Twc:
[0.99611294, -0.0022909017, 0.08805567, 0.067874774;
 -0.0037254011, 0.9976716, 0.068098828, 0.042976603;
 -0.088006653, -0.068162166, 0.99378508, -0.0056223553;
 0, 0, 0, 1]
Ow:
[-0.067945644;
 -0.043104276;
 -0.003316002]
Keyframe: 3 Frame: 134 Frame from vFrameID : 135
Tcw:
[0.99617219, 0.0011513192, -0.087405108, -0.067461252;
 -0.007413283, 0.99742365, -0.071352273, -0.046053514;
 0.087097771, 0.071727112, 0.9936142, -0.0026049362;
 0, 0, 0, 1]
Twc:
[0.99617219, -0.007413283, 0.087097771, 0.0670885;
 0.0011513192, 0.99742365, 0.071727112, 0.046199378;
 -0.087405108, -0.071352273, 0.9936142, -0.0065941797;
 0, 0, 0, 1]
Ow:
[-0.067461252;
 -0.046053514;
 -0.0026049362]
Keyframe: 4 Frame: 136 Frame from vFrameID : 137
Tcw:
[0.99633563, 0.0015239783, -0.085516311, -0.065795191;
 -0.008590484, 0.99656838, -0.082326479, -0.048343565;
 0.085097387, 0.082759425, 0.99292964, -0.0025856285;
 0, 0, 0, 1]
Twc:
[0.99633563, -0.008590484, 0.085097387, 0.065358825;
 0.0015239783, 0.99656838, 0.082759425, 0.048491925;
 -0.085516311, -0.082326479, 0.99292964, -0.0070391707;
 0, 0, 0, 1]
Ow:
[-0.065795191;
 -0.048343565;
 -0.0025856285]
Keyframe: 5 Frame: 138 Frame from vFrameID : 139
Tcw:
[0.99638343, -3.6192738e-05, -0.084970847, -0.061784085;
 -0.0075263763, 0.99603176, -0.088679895, -0.048587181;
 0.084636874, 0.088998698, 0.99242926, -0.0027762991;
 0, 0, 0, 1]
Twc:
[0.99638343, -0.0075263763, 0.084636874, 0.061429933;
 -3.6192738e-05, 0.99603176, 0.088998698, 0.048639223;
 -0.084970847, -0.088679895, 0.99242926, -0.0068032718;
 0, 0, 0, 1]
Ow:
[-0.061784085;
 -0.048587181;
 -0.0027762991]
Keyframe: 6 Frame: 140 Frame from vFrameID : 141
Tcw:
[0.99649346, 0.0048338301, -0.083530769, -0.055748548;
 -0.012424313, 0.99581063, -0.090591371, -0.049408585;
 0.082742922, 0.091311522, 0.99237889, -0.0025139437;
 0, 0, 0, 1]
Twc:
[0.99649346, -0.012424313, 0.082742922, 0.055147208;
 0.0048338301, 0.99581063, 0.091311522, 0.049700625;
 -0.083530769, -0.090591371, 0.99237889, -0.0066379257;
 0, 0, 0, 1]
Ow:
[-0.055748548;
 -0.049408585;
 -0.0025139437]
Keyframe: 7 Frame: 142 Frame from vFrameID : 143
Tcw:
[0.99644804, 0.013015371, -0.083197936, -0.049372353;
 -0.020516459, 0.99573487, -0.089950874, -0.048648857;
 0.081672341, 0.091338299, 0.99246508, -0.00239215;
 0, 0, 0, 1]
Twc:
[0.99644804, -0.020516459, 0.081672341, 0.048394255;
 0.013015371, 0.99573487, 0.091338299, 0.049302459;
 -0.083197936, -0.089950874, 0.99246508, -0.0061095604;
 0, 0, 0, 1]
Ow:
[-0.049372353;
 -0.048648857;
 -0.00239215]
Keyframe: 8 Frame: 145 Frame from vFrameID : 146
Tcw:
[0.99586642, 0.023527551, -0.087729745, -0.039198965;
 -0.031024121, 0.99589008, -0.085091166, -0.049771529;
 0.085367195, 0.087461174, 0.9925034, -0.0014768247;
 0, 0, 0, 1]
Twc:
[0.99586642, -0.031024121, 0.085367195, 0.037618887;
 0.023527551, 0.99589008, 0.087461174, 0.050618391;
 -0.087729745, -0.085091166, 0.9925034, -0.0062082787;
 0, 0, 0, 1]
Ow:
[-0.039198965;
 -0.049771529;
 -0.0014768247]
Keyframe: 9 Frame: 148 Frame from vFrameID : 149
Tcw:
[0.9944675, 0.024228714, -0.10221219, -0.031802639;
 -0.032894589, 0.99592531, -0.083968557, -0.048213109;
 0.099761255, 0.08686623, 0.99121237, -0.0020432668;
 0, 0, 0, 1]
Twc:
[0.9944675, -0.032894589, 0.099761255, 0.030244583;
 0.024228714, 0.99592531, 0.08686623, 0.048964683;
 -0.10221219, -0.083968557, 0.99121237, -0.0052736909;
 0, 0, 0, 1]
Ow:
[-0.031802639;
 -0.048213109;
 -0.0020432668]
Keyframe: 10 Frame: 151 Frame from vFrameID : 152
Tcw:
[0.99252492, 0.033699512, -0.11729706, -0.022041537;
 -0.042711914, 0.99625421, -0.075188242, -0.048320144;
 0.11432388, 0.079636186, 0.99024647, -0.0017274134;
 0, 0, 0, 1]
Twc:
[0.99252492, -0.042711914, 0.11432388, 0.020010414;
 0.033699512, 0.99625421, 0.079636186, 0.049019497;
 -0.11729706, -0.075188242, 0.99024647, -0.0045079486;
 0, 0, 0, 1]
Ow:
[-0.022041537;
 -0.048320144;
 -0.0017274134]
Keyframe: 11 Frame: 154 Frame from vFrameID : 155
Tcw:
[0.99005818, 0.027316509, -0.13798052, -0.017043095;
 -0.038788222, 0.99594706, -0.081147693, -0.047103334;
 0.13520461, 0.085692957, 0.98710507, -0.0034307202;
 0, 0, 0, 1]
Twc:
[0.99005818, -0.038788222, 0.13520461, 0.015510449;
 0.027316509, 0.99594706, 0.085692957, 0.047671974;
 -0.13798052, -0.081147693, 0.98710507, -0.0027874606;
 0, 0, 0, 1]
Ow:
[-0.017043095;
 -0.047103334;
 -0.0034307202]
Keyframe: 12 Frame: 157 Frame from vFrameID : 158
Tcw:
[0.98850381, 0.028932592, -0.14840193, -0.010189703;
 -0.0415029, 0.99574143, -0.082319647, -0.042943541;
 0.14538823, 0.087532394, 0.98549497, -0.0064870957;
 0, 0, 0, 1]
Twc:
[0.98850381, -0.0415029, 0.14538823, 0.0092334254;
 0.028932592, 0.99574143, 0.087532394, 0.043623306;
 -0.14840193, -0.082319647, 0.98549497, 0.0013457318;
 0, 0, 0, 1]
Ow:
[-0.010189703;
 -0.042943541;
 -0.0064870957]
Keyframe: 13 Frame: 160 Frame from vFrameID : 161
Tcw:
[0.98740917, 0.028081438, -0.15567443, -0.0018368078;
 -0.039492536, 0.99671555, -0.070699386, -0.039420508;
 0.1531778, 0.075957201, 0.98527515, -0.0095945206;
 0, 0, 0, 1]
Twc:
[0.98740917, -0.039492536, 0.1531778, 0.0017265325;
 0.028081438, 0.99671555, 0.075957201, 0.040071391;
 -0.15567443, -0.070699386, 0.98527515, 0.0063802926;
 0, 0, 0, 1]
Ow:
[-0.0018368078;
 -0.039420508;
 -0.0095945206]
Keyframe: 14 Frame: 163 Frame from vFrameID : 164
Tcw:
[0.98728859, 0.032713681, -0.15553471, 0.0050530378;
 -0.042963922, 0.99708802, -0.063004389, -0.037078053;
 0.15302069, 0.068885893, 0.98581916, -0.011834386;
 0, 0, 0, 1]
Twc:
[0.98728859, -0.042963922, 0.15302069, -0.0047709192;
 0.032713681, 0.99708802, 0.068885893, 0.037620004;
 -0.15553471, -0.063004389, 0.98581916, 0.010116407;
 0, 0, 0, 1]
Ow:
[0.0050530378;
 -0.037078053;
 -0.011834386]
Keyframe: 15 Frame: 166 Frame from vFrameID : 167
Tcw:
[0.98769206, 0.03449592, -0.15255973, 0.016418837;
 -0.042760864, 0.99777102, -0.051229332, -0.033743393;
 0.15045248, 0.057122391, 0.9869656, -0.015053743;
 0, 0, 0, 1]
Twc:
[0.98769206, -0.042760864, 0.15045248, -0.015394777;
 0.03449592, 0.99777102, 0.057122391, 0.033961706;
 -0.15255973, -0.051229332, 0.9869656, 0.015633728;
 0, 0, 0, 1]
Ow:
[0.016418837;
 -0.033743393;
 -0.015053743]
Keyframe: 16 Frame: 169 Frame from vFrameID : 170
Tcw:
[0.98821491, 0.0369859, -0.14853726, 0.02065496;
 -0.044661116, 0.99781579, -0.0486724, -0.032622989;
 0.14641264, 0.054732632, 0.98770827, -0.016908618;
 0, 0, 0, 1]
Twc:
[0.98821491, -0.044661116, 0.14641264, -0.019392883;
 0.0369859, 0.99781579, 0.054732632, 0.032713246;
 -0.14853726, -0.0486724, 0.98770827, 0.018180976;
 0, 0, 0, 1]
Ow:
[0.02065496;
 -0.032622989;
 -0.016908618]
Keyframe: 17 Frame: 172 Frame from vFrameID : 173
Tcw:
[0.98976791, 0.035379428, -0.13823111, 0.026157053;
 -0.041386977, 0.9983086, -0.040829539, -0.028738346;
 0.13655278, 0.046132732, 0.98955804, -0.016627222;
 0, 0, 0, 1]
Twc:
[0.98976791, -0.041386977, 0.13655278, -0.02480831;
 0.035379428, 0.9983086, 0.046132732, 0.028531376;
 -0.13823111, -0.040829539, 0.98955804, 0.018895946;
 0, 0, 0, 1]
Ow:
[0.026157053;
 -0.028738346;
 -0.016627222]
Keyframe: 18 Frame: 175 Frame from vFrameID : 176
Tcw:
[0.9925043, 0.034613147, -0.11720561, 0.033391301;
 -0.038856536, 0.99866229, -0.034114692, -0.02661472;
 0.11586801, 0.038413182, 0.99252152, -0.01319408;
 0, 0, 0, 1]
Twc:
[0.9925043, -0.038856536, 0.11586801, -0.032646392;
 0.034613147, 0.99866229, 0.038413182, 0.025930164;
 -0.11720561, -0.034114692, 0.99252152, 0.016101105;
 0, 0, 0, 1]
Ow:
[0.033391301;
 -0.02661472;
 -0.01319408]
Keyframe: 19 Frame: 178 Frame from vFrameID : 179
Tcw:
[0.99472499, 0.033109922, -0.097087443, 0.037912995;
 -0.036508307, 0.99877375, -0.033437923, -0.026380889;
 0.095861264, 0.036806036, 0.99471402, -0.0095431302;
 0, 0, 0, 1]
Twc:
[0.99472499, -0.036508307, 0.095861264, -0.037761305;
 0.033109922, 0.99877375, 0.036806036, 0.025444489;
 -0.097087443, -0.033437923, 0.99471402, 0.012291438;
 0, 0, 0, 1]
Ow:
[0.037912995;
 -0.026380889;
 -0.0095431302]
Keyframe: 20 Frame: 181 Frame from vFrameID : 182
Tcw:
[0.99689651, 0.032507386, -0.071698517, 0.040794943;
 -0.035577994, 0.99848509, -0.041973468, -0.026304675;
 0.070225455, 0.044394091, 0.99654281, -0.0029181927;
 0, 0, 0, 1]
Twc:
[0.99689651, -0.035577994, 0.070225455, -0.04139927;
 0.032507386, 0.99848509, 0.044394091, 0.025068238;
 -0.071698517, -0.041973468, 0.99654281, 0.0047289426;
 0, 0, 0, 1]
Ow:
[0.040794943;
 -0.026304675;
 -0.0029181927]
Keyframe: 21 Frame: 184 Frame from vFrameID : 185
Tcw:
[0.99789667, 0.031363398, -0.056732621, 0.038368862;
 -0.033776119, 0.99854314, -0.042081151, -0.028484648;
 0.055330161, 0.043908849, 0.99750215, 0.004615346;
 0, 0, 0, 1]
Twc:
[0.99789667, -0.033776119, 0.055330161, -0.039505627;
 0.031363398, 0.99854314, 0.043908849, 0.027037116;
 -0.056732621, -0.042081151, 0.99750215, -0.0036257182;
 0, 0, 0, 1]
Ow:
[0.038368862;
 -0.028484648;
 0.004615346]
Keyframe: 22 Frame: 187 Frame from vFrameID : 188
Tcw:
[0.99824154, 0.027684351, -0.052415311, 0.034178618;
 -0.030105432, 0.99848866, -0.045978591, -0.030193754;
 0.051063206, 0.047475725, 0.99756634, 0.010710537;
 0, 0, 0, 1]
Twc:
[0.99824154, -0.030105432, 0.051063206, -0.035574429;
 0.027684351, 0.99848866, 0.047475725, 0.028693419;
 -0.052415311, -0.045978591, 0.99756634, -0.010281255;
 0, 0, 0, 1]
Ow:
[0.034178618;
 -0.030193754;
 0.010710537]
Keyframe: 23 Frame: 190 Frame from vFrameID : 191
Tcw:
[0.99830818, 0.027400078, -0.051283784, 0.028201338;
 -0.029932991, 0.99833578, -0.049291782, -0.035353869;
 0.049847838, 0.050743468, 0.99746692, 0.029221984;
 0, 0, 0, 1]
Twc:
[0.99830818, -0.029932991, 0.049847838, -0.030668527;
 0.027400078, 0.99833578, 0.050743468, 0.033039488;
 -0.051283784, -0.049291782, 0.99746692, -0.029444346;
 0, 0, 0, 1]
Ow:
[0.028201338;
 -0.035353869;
 0.029221984]
Keyframe: 24 Frame: 193 Frame from vFrameID : 194
Tcw:
[0.9985643, 0.024587793, -0.047589399, 0.021274356;
 -0.027394319, 0.99786729, -0.059249245, -0.039189763;
 0.046031095, 0.060467862, 0.99710822, 0.047440305;
 0, 0, 0, 1]
Twc:
[0.9985643, -0.027394319, 0.046031095, -0.024501119;
 0.024587793, 0.99786729, 0.060467862, 0.035714474;
 -0.047589399, -0.059249245, 0.99710822, -0.048612647;
 0, 0, 0, 1]
Ow:
[0.021274356;
 -0.039189763;
 0.047440305]
Keyframe: 25 Frame: 196 Frame from vFrameID : 197
Tcw:
[0.99874938, 0.020044219, -0.045802947, 0.014672151;
 -0.023052897, 0.99754453, -0.06613259, -0.041069027;
 0.044364903, 0.067105778, 0.99675906, 0.068608187;
 0, 0, 0, 1]
Twc:
[0.99874938, -0.023052897, 0.044364903, -0.018644357;
 0.020044219, 0.99754453, 0.067105778, 0.036070086;
 -0.045802947, -0.06613259, 0.99675906, -0.070429802;
 0, 0, 0, 1]
Ow:
[0.014672151;
 -0.041069027;
 0.068608187]
Keyframe: 26 Frame: 199 Frame from vFrameID : 200
Tcw:
[0.99921662, 0.023592774, -0.031772938, 0.0073320065;
 -0.025598561, 0.99760371, -0.064277031, -0.045514986;
 0.030180328, 0.065040015, 0.99742615, 0.094640054;
 0, 0, 0, 1]
Twc:
[0.99921662, -0.025598561, 0.030180328, -0.011347649;
 0.023592774, 0.99760371, 0.065040015, 0.039077546;
 -0.031772938, -0.064277031, 0.99742615, -0.097089075;
 0, 0, 0, 1]
Ow:
[0.0073320065;
 -0.045514986;
 0.094640054]
Keyframe: 27 Frame: 202 Frame from vFrameID : 203
Tcw:
[0.99954396, 0.014950081, -0.026236726, -0.0065251961;
 -0.016674101, 0.99762899, -0.066771425, -0.050232712;
 0.025176279, 0.067178451, 0.99742329, 0.12088556;
 0, 0, 0, 1]
Twc:
[0.99954396, -0.016674101, 0.025176279, 0.0026411861;
 0.014950081, 0.99762899, 0.067178451, 0.042090256;
 -0.026236726, -0.066771425, 0.99742329, -0.12409938;
 0, 0, 0, 1]
Ow:
[-0.0065251961;
 -0.050232712;
 0.12088556]
Keyframe: 28 Frame: 207 Frame from vFrameID : 208
Tcw:
[0.99993294, -0.0059912307, -0.0099081546, -0.020050457;
 0.0052538211, 0.99732941, -0.072845221, -0.062855847;
 0.010318127, 0.072788283, 0.99729407, 0.16604166;
 0, 0, 0, 1]
Twc:
[0.99993294, 0.0052538211, 0.010318127, 0.018666107;
 -0.0059912307, 0.99732941, 0.072788283, 0.050481971;
 -0.0099081546, -0.072845221, 0.99729407, -0.17036976;
 0, 0, 0, 1]
Ow:
[-0.020050457;
 -0.062855847;
 0.16604166]
Keyframe: 29 Frame: 211 Frame from vFrameID : 212
Tcw:
[0.99984413, 0.010624476, -0.014102751, -0.022912646;
 -0.011440423, 0.99818671, -0.059096958, -0.068186641;
 0.013449305, 0.059249084, 0.99815261, 0.20396513;
 0, 0, 0, 1]
Twc:
[0.99984413, -0.011440423, 0.013449305, 0.0193858;
 0.010624476, 0.99818671, 0.059249084, 0.056221686;
 -0.014102751, -0.059096958, 0.99815261, -0.20794109;
 0, 0, 0, 1]
Ow:
[-0.022912646;
 -0.068186641;
 0.20396513]
Keyframe: 30 Frame: 215 Frame from vFrameID : 216
Tcw:
[0.99891132, 0.032232489, -0.033723589, -0.019560758;
 -0.034350354, 0.99734372, -0.064230546, -0.077735387;
 0.031563699, 0.065319039, 0.99736512, 0.26933879;
 0, 0, 0, 1]
Twc:
[0.99891132, -0.034350354, 0.031563699, 0.008367897;
 0.032232489, 0.99734372, 0.065319039, 0.060566436;
 -0.033723589, -0.064230546, 0.99736512, -0.27428177;
 0, 0, 0, 1]
Ow:
[-0.019560758;
 -0.077735387;
 0.26933879]
Keyframe: 31 Frame: 220 Frame from vFrameID : 221
Tcw:
[0.99778944, 0.043821149, -0.04995976, -0.033844948;
 -0.048354663, 0.99444675, -0.093474761, -0.095036671;
 0.04558615, 0.09568391, 0.99436736, 0.3283703;
 0, 0, 0, 1]
Twc:
[0.99778944, -0.048354663, 0.04558615, 0.014205527;
 0.043821149, 0.99444675, 0.09568391, 0.064572275;
 -0.04995976, -0.093474761, 0.99436736, -0.33709514;
 0, 0, 0, 1]
Ow:
[-0.033844948;
 -0.095036671;
 0.3283703]
Keyframe: 32 Frame: 225 Frame from vFrameID : 226
Tcw:
[0.99347788, 0.031511717, -0.10958429, -0.042805854;
 -0.039987605, 0.9963035, -0.076028854, -0.11906382;
 0.1067834, 0.079914995, 0.99106556, 0.38636243;
 0, 0, 0, 1]
Twc:
[0.99347788, -0.039987605, 0.1067834, -0.003491502;
 0.031511717, 0.9963035, 0.079914995, 0.089096427;
 -0.10958429, -0.076028854, 0.99106556, -0.39665362;
 0, 0, 0, 1]
Ow:
[-0.042805854;
 -0.11906382;
 0.38636243]
Keyframe: 33 Frame: 231 Frame from vFrameID : 232
Tcw:
[0.99473137, 0.024745001, -0.09948457, -0.062869161;
 -0.03538093, 0.99367112, -0.1066108, -0.13738409;
 0.096216857, 0.10956896, 0.98931134, 0.48198256;
 0, 0, 0, 1]
Twc:
[0.99473137, -0.03538093, 0.096216857, 0.011302301;
 0.024745001, 0.99367112, 0.10956896, 0.085259967;
 -0.09948457, -0.1066108, 0.98931134, -0.49773198;
 0, 0, 0, 1]
Ow:
[-0.062869161;
 -0.13738409;
 0.48198256]
Keyframe: 34 Frame: 237 Frame from vFrameID : 238
Tcw:
[0.99870414, 0.02167804, -0.046045151, -0.06842228;
 -0.026847044, 0.99302733, -0.11478661, -0.15542676;
 0.043235745, 0.11587404, 0.99232244, 0.5595997;
 0, 0, 0, 1]
Twc:
[0.99870414, -0.026847044, 0.043235745, 0.039966155;
 0.02167804, 0.99302733, 0.11587404, 0.090983197;
 -0.046045151, -0.11478661, 0.99232244, -0.57629478;
 0, 0, 0, 1]
Ow:
[-0.06842228;
 -0.15542676;
 0.5595997]
Keyframe: 35 Frame: 243 Frame from vFrameID : 244
Tcw:
[0.99833101, 0.054353483, -0.019516094, -0.075647689;
 -0.056165498, 0.9924441, -0.10908766, -0.16723385;
 0.013439339, 0.11000172, 0.99384052, 0.65186048;
 0, 0, 0, 1]
Twc:
[0.99833101, -0.056165498, 0.013439339, 0.057368092;
 0.054353483, 0.9924441, 0.11000172, 0.098376192;
 -0.019516094, -0.10908766, 0.99384052, -0.66756487;
 0, 0, 0, 1]
Ow:
[-0.075647689;
 -0.16723385;
 0.65186048]
Keyframe: 36 Frame: 249 Frame from vFrameID : 250
Tcw:
[0.99501175, 0.045614701, -0.088718027, -0.080605827;
 -0.056018569, 0.99136561, -0.11855867, -0.17917663;
 0.082543984, 0.12293713, 0.9889757, 0.7133857;
 0, 0, 0, 1]
Twc:
[0.99501175, -0.056018569, 0.082543984, 0.011280828;
 0.045614701, 0.99136561, 0.12293713, 0.093604758;
 -0.088718027, -0.11855867, 0.9889757, -0.73391527;
 0, 0, 0, 1]
Ow:
[-0.080605827;
 -0.17917663;
 0.7133857]
Keyframe: 37 Frame: 254 Frame from vFrameID : 255
Tcw:
[0.99082255, 0.073229104, -0.11361432, -0.090649389;
 -0.084521256, 0.99159253, -0.097981714, -0.18866938;
 0.10548399, 0.10668532, 0.98868161, 0.77243334;
 0, 0, 0, 1]
Twc:
[0.99082255, -0.084521256, 0.10548399, -0.00760847;
 0.073229104, 0.99159253, 0.10668532, 0.11131403;
 -0.11361432, -0.097981714, 0.98868161, -0.79247588;
 0, 0, 0, 1]
Ow:
[-0.090649389;
 -0.18866938;
 0.77243334]
Keyframe: 38 Frame: 260 Frame from vFrameID : 261
Tcw:
[0.99308145, 0.025300128, -0.11466983, -0.10710507;
 -0.038571998, 0.99261141, -0.11504281, -0.20254013;
 0.11091198, 0.11866992, 0.98671979, 0.8682059;
 0, 0, 0, 1]
Twc:
[0.99308145, -0.038571998, 0.11091198, 0.0022572312;
 0.025300128, 0.99261141, 0.11866992, 0.10072347;
 -0.11466983, -0.11504281, 0.98671979, -0.89225852;
 0, 0, 0, 1]
Ow:
[-0.10710507;
 -0.20254013;
 0.8682059]
Keyframe: 39 Frame: 266 Frame from vFrameID : 267
Tcw:
[0.99610078, 0.033217043, -0.081730485, -0.1096344;
 -0.040695775, 0.99496299, -0.091610409, -0.22308007;
 0.078275777, 0.094579287, 0.99243522, 0.94835621;
 0, 0, 0, 1]
Twc:
[0.99610078, -0.040695775, 0.078275777, 0.025895169;
 0.033217043, 0.99496299, 0.094579287, 0.1359033;
 -0.081730485, -0.091610409, 0.99243522, -0.97057903;
 0, 0, 0, 1]
Ow:
[-0.1096344;
 -0.22308007;
 0.94835621]
Keyframe: 40 Frame: 272 Frame from vFrameID : 273
Tcw:
[0.99532145, 0.029765379, -0.091919385, -0.11331227;
 -0.040563989, 0.99219149, -0.11794306, -0.23942484;
 0.087691009, 0.12111989, 0.98875695, 1.0418863;
 0, 0, 0, 1]
Twc:
[0.99532145, -0.040563989, 0.087691009, 0.011706045;
 0.029765379, 0.99219149, 0.12111989, 0.11473493;
 -0.091919385, -0.11794306, 0.98875695, -1.0688264;
 0, 0, 0, 1]
Ow:
[-0.11331227;
 -0.23942484;
 1.0418863]
Keyframe: 41 Frame: 278 Frame from vFrameID : 279
Tcw:
[0.99045342, 0.048016369, -0.12921484, -0.10706308;
 -0.061518222, 0.99281698, -0.10261568, -0.2611917;
 0.12335946, 0.10958512, 0.98629284, 1.1317073;
 0, 0, 0, 1]
Twc:
[0.99045342, -0.061518222, 0.12335946, -0.049633842;
 0.048016369, 0.99281698, 0.10958512, 0.14043805;
 -0.12921484, -0.10261568, 0.98629284, -1.1568313;
 0, 0, 0, 1]
Ow:
[-0.10706308;
 -0.2611917;
 1.1317073]
Keyframe: 42 Frame: 282 Frame from vFrameID : 283
Tcw:
[0.98864746, 0.055778477, -0.13951676, -0.11490903;
 -0.068906374, 0.99345446, -0.091105483, -0.2697573;
 0.13352181, 0.099684797, 0.98601973, 1.1886475;
 0, 0, 0, 1]
Twc:
[0.98864746, -0.068906374, 0.13352181, -0.063693829;
 0.055778477, 0.99345446, 0.099684797, 0.15591095;
 -0.13951676, -0.091105483, 0.98601973, -1.2126379;
 0, 0, 0, 1]
Ow:
[-0.11490903;
 -0.2697573;
 1.1886475]
Keyframe: 43 Frame: 286 Frame from vFrameID : 287
Tcw:
[0.98921657, 0.053679973, -0.13626808, -0.12887175;
 -0.066773802, 0.99338603, -0.093410112, -0.27847064;
 0.13035256, 0.10150197, 0.98625839, 1.2546238;
 0, 0, 0, 1]
Twc:
[0.98921657, -0.066773802, 0.13035256, -0.054655883;
 0.053679973, 0.99338603, 0.10150197, 0.15619987;
 -0.13626808, -0.093410112, 0.98625839, -1.2809563;
 0, 0, 0, 1]
Ow:
[-0.12887175;
 -0.27847064;
 1.2546238]
Keyframe: 44 Frame: 290 Frame from vFrameID : 291
Tcw:
[0.99252832, 0.020434385, -0.12029108, -0.14051902;
 -0.035284813, 0.99182236, -0.12265164, -0.30293757;
 0.11680106, 0.12597968, 0.98513281, 1.3324051;
 0, 0, 0, 1]
Twc:
[0.99252832, -0.035284813, 0.11680106, -0.026846308;
 0.020434385, 0.99182236, 0.12597968, 0.1354757;
 -0.12029108, -0.12265164, 0.98513281, -1.3666549;
 0, 0, 0, 1]
Ow:
[-0.14051902;
 -0.30293757;
 1.3324051]
Keyframe: 45 Frame: 294 Frame from vFrameID : 295
Tcw:
[0.99656421, 0.015737923, -0.081314944, -0.15152586;
 -0.02424648, 0.99420464, -0.10473423, -0.32156116;
 0.079195388, 0.10634599, 0.99117035, 1.381722;
 0, 0, 0, 1]
Twc:
[0.99656421, -0.02424648, 0.079195388, 0.033782504;
 0.015737923, 0.99420464, 0.10634599, 0.17514168;
 -0.081314944, -0.10473423, 0.99117035, -1.4155216;
 0, 0, 0, 1]
Ow:
[-0.15152586;
 -0.32156116;
 1.381722]
Keyframe: 46 Frame: 298 Frame from vFrameID : 299
Tcw:
[0.99785244, 0.016329138, -0.063433468, -0.15178417;
 -0.022096399, 0.99557745, -0.091308668, -0.33588248;
 0.06166194, 0.092514232, 0.99380022, 1.4336481;
 0, 0, 0, 1]
Twc:
[0.99785244, -0.022096399, 0.06166194, 0.055634893;
 0.016329138, 0.99557745, 0.092514232, 0.20424269;
 -0.063433468, -0.091308668, 0.99380022, -1.465057;
 0, 0, 0, 1]
Ow:
[-0.15178417;
 -0.33588248;
 1.4336481]
Keyframe: 47 Frame: 302 Frame from vFrameID : 303
Tcw:
[0.9980526, 0.0055101789, -0.062134501, -0.1624212;
 -0.010803981, 0.9963063, -0.085188024, -0.34575835;
 0.061435595, 0.085693426, 0.99442559, 1.5090805;
 0, 0, 0, 1]
Twc:
[0.9980526, -0.010803981, 0.061435595, 0.065658063;
 0.0055101789, 0.9963063, 0.085693426, 0.21605791;
 -0.062134501, -0.085188024, 0.99442559, -1.5402148;
 0, 0, 0, 1]
Ow:
[-0.1624212;
 -0.34575835;
 1.5090805]
Keyframe: 48 Frame: 306 Frame from vFrameID : 307
Tcw:
[0.99550223, 0.011992667, -0.093976058, -0.16252244;
 -0.020873431, 0.99534434, -0.094095387, -0.36502564;
 0.09241008, 0.095633768, 0.99111784, 1.5702051;
 0, 0, 0, 1]
Twc:
[0.99550223, -0.020873431, 0.09241008, 0.0090693226;
 0.011992667, 0.99534434, 0.095633768, 0.21511064;
 -0.093976058, -0.094095387, 0.99111784, -1.6058787;
 0, 0, 0, 1]
Ow:
[-0.16252244;
 -0.36502564;
 1.5702051]
Keyframe: 49 Frame: 311 Frame from vFrameID : 312
Tcw:
[0.99391794, 0.011417886, -0.10952955, -0.1632753;
 -0.022251373, 0.99491757, -0.098203488, -0.38551575;
 0.10785159, 0.10004339, 0.98912048, 1.6279405;
 0, 0, 0, 1]
Twc:
[0.99391794, -0.022251373, 0.10785159, -0.021871982;
 0.011417886, 0.99491757, 0.10004339, 0.22255595;
 -0.10952955, -0.098203488, 0.98912048, -1.6659718;
 0, 0, 0, 1]
Ow:
[-0.1632753;
 -0.38551575;
 1.6279405]
Keyframe: 50 Frame: 315 Frame from vFrameID : 316
Tcw:
[0.99386388, 0.01852639, -0.10904738, -0.17027976;
 -0.027319018, 0.99644464, -0.079698041, -0.39681846;
 0.10718316, 0.08218807, 0.99083644, 1.6825274;
 0, 0, 0, 1]
Twc:
[0.99386388, -0.027319018, 0.10718316, -0.021944407;
 0.01852639, 0.99644464, 0.08218807, 0.26027861;
 -0.10904738, -0.079698041, 0.99083644, -1.7173038;
 0, 0, 0, 1]
Ow:
[-0.17027976;
 -0.39681846;
 1.6825274]
Keyframe: 51 Frame: 319 Frame from vFrameID : 320
Tcw:
[0.99473023, 0.011639573, -0.10186432, -0.17764924;
 -0.020540452, 0.99601638, -0.0867723, -0.40588641;
 0.10044855, 0.088407367, 0.99100667, 1.7489934;
 0, 0, 0, 1]
Twc:
[0.99473023, -0.020540452, 0.10044855, -0.0073078694;
 0.011639573, 0.99601638, 0.088407367, 0.2517134;
 -0.10186432, -0.0867723, 0.99100667, -1.78658;
 0, 0, 0, 1]
Ow:
[-0.17764924;
 -0.40588641;
 1.7489934]
Keyframe: 52 Frame: 324 Frame from vFrameID : 325
Tcw:
[0.9974519, 0.023686403, -0.067295648, -0.17787306;
 -0.031108383, 0.99328005, -0.11147652, -0.42625508;
 0.064202949, 0.11328592, 0.99148589, 1.846699;
 0, 0, 0, 1]
Twc:
[0.9974519, -0.031108383, 0.064202949, 0.045596186;
 0.023686403, 0.99328005, 0.11328592, 0.21839884;
 -0.067295648, -0.11147652, 0.99148589, -1.8904636;
 0, 0, 0, 1]
Ow:
[-0.17787306;
 -0.42625508;
 1.846699]
Keyframe: 53 Frame: 329 Frame from vFrameID : 330
Tcw:
[0.99904943, 0.041158117, -0.014361468, -0.17357251;
 -0.042243809, 0.99540067, -0.085982598, -0.44719777;
 0.010756534, 0.086507551, 0.99619311, 1.9216435;
 0, 0, 0, 1]
Twc:
[0.99904943, -0.042243809, 0.010756534, 0.13384596;
 0.041158117, 0.99540067, 0.086507551, 0.28604817;
 -0.014361468, -0.085982598, 0.99619311, -1.9552721;
 0, 0, 0, 1]
Ow:
[-0.17357251;
 -0.44719777;
 1.9216435]
Keyframe: 54 Frame: 334 Frame from vFrameID : 335
Tcw:
[0.99953961, 0.024868792, -0.017381432, -0.17792591;
 -0.026384013, 0.99529737, -0.093204208, -0.46338984;
 0.014981817, 0.093619883, 0.99549526, 2.0230143;
 0, 0, 0, 1]
Twc:
[0.99953961, -0.026384013, 0.014981817, 0.13530949;
 0.024868792, 0.99529737, 0.093619883, 0.27624112;
 -0.017381432, -0.093204208, 0.99549526, -2.0601838;
 0, 0, 0, 1]
Ow:
[-0.17792591;
 -0.46338984;
 2.0230143]
Keyframe: 55 Frame: 338 Frame from vFrameID : 339
Tcw:
[0.99830884, 0.028269693, -0.050796103, -0.17672062;
 -0.033951186, 0.992818, -0.11471567, -0.48158461;
 0.047188308, 0.11624625, 0.99209881, 2.0860209;
 0, 0, 0, 1]
Twc:
[0.99830884, -0.033951186, 0.047188308, 0.061635584;
 0.028269693, 0.992818, 0.11624625, 0.2406296;
 -0.050796103, -0.11471567, 0.99209881, -2.1337609;
 0, 0, 0, 1]
Ow:
[-0.17672062;
 -0.48158461;
 2.0860209]
Keyframe: 56 Frame: 343 Frame from vFrameID : 344
Tcw:
[0.99759495, 0.021778472, -0.065802731, -0.17525722;
 -0.027957143, 0.99513358, -0.094485693, -0.49614531;
 0.063424751, 0.096098103, 0.99334913, 2.1525357;
 0, 0, 0, 1]
Twc:
[0.99759495, -0.027957143, 0.063424751, 0.024440866;
 0.021778472, 0.99513358, 0.096098103, 0.2906931;
 -0.065802731, -0.094485693, 0.99334913, -2.1966305;
 0, 0, 0, 1]
Ow:
[-0.17525722;
 -0.49614531;
 2.1525357]
Keyframe: 57 Frame: 347 Frame from vFrameID : 348
Tcw:
[0.99734473, 0.03955568, -0.061146121, -0.17897578;
 -0.044039901, 0.99629885, -0.07381805, -0.50985575;
 0.057999887, 0.076314911, 0.99539542, 2.2111874;
 0, 0, 0, 1]
Twc:
[0.99734473, -0.044039901, 0.057999887, 0.027797934;
 0.03955568, 0.99629885, 0.076314911, 0.34630162;
 -0.061146121, -0.07381805, 0.99539542, -2.2495859;
 0, 0, 0, 1]
Ow:
[-0.17897578;
 -0.50985575;
 2.2111874]
Keyframe: 58 Frame: 351 Frame from vFrameID : 352
Tcw:
[0.99814934, 0.023951182, -0.055894606, -0.18935262;
 -0.028459188, 0.99628311, -0.081302315, -0.51621687;
 0.053739566, 0.082742564, 0.99512094, 2.2884133;
 0, 0, 0, 1]
Twc:
[0.99814934, -0.028459188, 0.053739566, 0.051332749;
 0.023951182, 0.99628311, 0.082742564, 0.32948419;
 -0.055894606, -0.081302315, 0.99512094, -2.3298016;
 0, 0, 0, 1]
Ow:
[-0.18935262;
 -0.51621687;
 2.2884133]
Keyframe: 59 Frame: 355 Frame from vFrameID : 356
Tcw:
[0.9981758, 0.03318524, -0.050435998, -0.18744192;
 -0.037229951, 0.99597818, -0.081494652, -0.53938687;
 0.047528736, 0.083223723, 0.99539679, 2.3469422;
 0, 0, 0, 1]
Twc:
[0.9981758, -0.037229951, 0.047528736, 0.055471439;
 0.03318524, 0.99597818, 0.083223723, 0.34811661;
 -0.050435998, -0.081494652, 0.99539679, -2.38955;
 0, 0, 0, 1]
Ow:
[-0.18744192;
 -0.53938687;
 2.3469422]
Keyframe: 60 Frame: 359 Frame from vFrameID : 360
Tcw:
[0.99871624, 0.039230235, -0.032044314, -0.19116586;
 -0.041839205, 0.99547845, -0.085276924, -0.5613324;
 0.028553989, 0.086508162, 0.99584186, 2.3983252;
 0, 0, 0, 1]
Twc:
[0.99871624, -0.041839205, 0.028553989, 0.098952994;
 0.039230235, 0.99547845, 0.086508162, 0.3588191;
 -0.032044314, -0.085276924, 0.99584186, -2.442347;
 0, 0, 0, 1]
Ow:
[-0.19116586;
 -0.5613324;
 2.3983252]
Keyframe: 61 Frame: 363 Frame from vFrameID : 364
Tcw:
[0.99941945, 0.02685746, -0.020961639, -0.19650057;
 -0.028463211, 0.99634856, -0.080494449, -0.57421482;
 0.018723221, 0.081044361, 0.99653465, 2.4595883;
 0, 0, 0, 1]
Twc:
[0.99941945, -0.028463211, 0.018723221, 0.13399109;
 0.02685746, 0.99634856, 0.081044361, 0.37805989;
 -0.020961639, -0.080494449, 0.99653465, -2.5014048;
 0, 0, 0, 1]
Ow:
[-0.19650057;
 -0.57421482;
 2.4595883]
Keyframe: 62 Frame: 367 Frame from vFrameID : 368
Tcw:
[0.99858236, 0.013459637, -0.051498201, -0.20118126;
 -0.017974304, 0.99593765, -0.088233456, -0.5860644;
 0.050101407, 0.089034021, 0.99476773, 2.517524;
 0, 0, 0, 1]
Twc:
[0.99858236, -0.017974304, 0.050101407, 0.064230472;
 0.013459637, 0.99593765, 0.089034021, 0.36224616;
 -0.051498201, -0.088233456, 0.99476773, -2.5664225;
 0, 0, 0, 1]
Ow:
[-0.20118126;
 -0.5860644;
 2.517524]
Keyframe: 63 Frame: 371 Frame from vFrameID : 372
Tcw:
[0.99774301, 0.0025923848, -0.067098498, -0.21127762;
 -0.011408566, 0.99127108, -0.13134514, -0.60274166;
 0.066172302, 0.13181418, 0.98906332, 2.5684814;
 0, 0, 0, 1]
Twc:
[0.99774301, -0.011408566, 0.066172302, 0.033962015;
 0.0025923848, 0.99127108, 0.13181418, 0.25946575;
 -0.067098498, -0.13134514, 0.98906332, -2.6337345;
 0, 0, 0, 1]
Ow:
[-0.21127762;
 -0.60274166;
 2.5684814]
Keyframe: 64 Frame: 375 Frame from vFrameID : 376
Tcw:
[0.99767959, 0.031412832, -0.060404021, -0.21212664;
 -0.03675542, 0.99531072, -0.089474231, -0.61350721;
 0.05731013, 0.091486789, 0.99415576, 2.6296759;
 0, 0, 0, 1]
Twc:
[0.99767959, -0.03675542, 0.05731013, 0.038377643;
 0.031412832, 0.99531072, 0.091486789, 0.37671313;
 -0.060404021, -0.089474231, 0.99415576, -2.682014;
 0, 0, 0, 1]
Ow:
[-0.21212664;
 -0.61350721;
 2.6296759]
Keyframe: 65 Frame: 379 Frame from vFrameID : 380
Tcw:
[0.99626809, 0.035056714, -0.07887283, -0.22258115;
 -0.041424811, 0.99588472, -0.080607891, -0.62186444;
 0.075722396, 0.083574362, 0.9936204, 2.6852512;
 0, 0, 0, 1]
Twc:
[0.99626809, -0.041424811, 0.075722396, -0.0073437952;
 0.035056714, 0.99588472, 0.083574362, 0.40269008;
 -0.07887283, -0.080607891, 0.9936204, -2.7358031;
 0, 0, 0, 1]
Ow:
[-0.22258115;
 -0.62186444;
 2.6852512]
Keyframe: 66 Frame: 383 Frame from vFrameID : 384
Tcw:
[0.99717009, 0.010621827, -0.074424565, -0.2339039;
 -0.016321978, 0.99694324, -0.076405272, -0.64881074;
 0.073385507, 0.077403806, 0.99429536, 2.7482064;
 0, 0, 0, 1]
Twc:
[0.99717009, -0.016321978, 0.073385507, 0.020973589;
 0.010621827, 0.99694324, 0.077403806, 0.43659031;
 -0.074424565, -0.076405272, 0.99429536, -2.7995095;
 0, 0, 0, 1]
Ow:
[-0.2339039;
 -0.64881074;
 2.7482064]
Keyframe: 67 Frame: 388 Frame from vFrameID : 389
Tcw:
[0.99891704, 0.022725664, -0.040599588, -0.23073344;
 -0.025937382, 0.99642378, -0.080417097, -0.66367513;
 0.038626865, 0.081383049, 0.99593413, 2.8102608;
 0, 0, 0, 1]
Twc:
[0.99891704, -0.025937382, 0.038626865, 0.10471801;
 0.022725664, 0.99642378, 0.081383049, 0.43783766;
 -0.040599588, -0.080417097, 0.99593413, -2.861573;
 0, 0, 0, 1]
Ow:
[-0.23073344;
 -0.66367513;
 2.8102608]
Keyframe: 68 Frame: 393 Frame from vFrameID : 394
Tcw:
[0.99967998, 0.018403821, -0.01735447, -0.23431958;
 -0.019622553, 0.99714696, -0.072889492, -0.66132736;
 0.015963513, 0.0732067, 0.99718904, 2.875309;
 0, 0, 0, 1]
Twc:
[0.99967998, -0.019622553, 0.015963513, 0.17536765;
 0.018403821, 0.99714696, 0.0732067, 0.45326108;
 -0.01735447, -0.072889492, 0.99718904, -2.9194968;
 0, 0, 0, 1]
Ow:
[-0.23431958;
 -0.66132736;
 2.875309]
Keyframe: 69 Frame: 398 Frame from vFrameID : 399
Tcw:
[0.99907136, 0.011159749, -0.041615199, -0.24237497;
 -0.014769775, 0.99605715, -0.087475531, -0.66008508;
 0.04047491, 0.088008948, 0.99529707, 2.9452066;
 0, 0, 0, 1]
Twc:
[0.99907136, -0.014769775, 0.04047491, 0.11319361;
 0.011159749, 0.99605715, 0.088008948, 0.40098283;
 -0.041615199, -0.087475531, 0.99529707, -2.9991832;
 0, 0, 0, 1]
Ow:
[-0.24237497;
 -0.66008508;
 2.9452066]
Keyframe: 70 Frame: 403 Frame from vFrameID : 404
Tcw:
[0.99499041, 0.053703621, -0.084320679, -0.23487407;
 -0.059009764, 0.99634576, -0.061749715, -0.66590333;
 0.080696367, 0.066416122, 0.99452353, 3.017041;
 0, 0, 0, 1]
Twc:
[0.99499041, -0.059009764, 0.080696367, -0.049061585;
 0.053703621, 0.99634576, 0.066416122, 0.47570339;
 -0.084320679, -0.061749715, 0.99452353, -3.0614421;
 0, 0, 0, 1]
Ow:
[-0.23487407;
 -0.66590333;
 3.017041]
Keyframe: 71 Frame: 408 Frame from vFrameID : 409
Tcw:
[0.99434638, 0.046477556, -0.095473006, -0.24736014;
 -0.052483231, 0.99673325, -0.061386846, -0.6768344;
 0.092308007, 0.066050522, 0.99353743, 3.0841975;
 0, 0, 0, 1]
Twc:
[0.99434638, -0.052483231, 0.092308007, -0.074256897;
 0.046477556, 0.99673325, 0.066050522, 0.48240721;
 -0.095473006, -0.061386846, 0.99353743, -3.1294303;
 0, 0, 0, 1]
Ow:
[-0.24736014;
 -0.6768344;
 3.0841975]
Keyframe: 72 Frame: 413 Frame from vFrameID : 414
Tcw:
[0.99707955, 0.033309985, -0.068722695, -0.25701994;
 -0.037855241, 0.99710572, -0.065933228, -0.69365871;
 0.066327557, 0.068342187, 0.99545467, 3.163641;
 0, 0, 0, 1]
Twc:
[0.99707955, -0.037855241, 0.066327557, 0.020174127;
 0.033309985, 0.99710572, 0.068342187, 0.48400217;
 -0.068722695, -0.065933228, 0.99545467, -3.2126596;
 0, 0, 0, 1]
Ow:
[-0.25701994;
 -0.69365871;
 3.163641]
Keyframe: 73 Frame: 417 Frame from vFrameID : 418
Tcw:
[0.99845558, 0.030332485, -0.046544187, -0.26037145;
 -0.034487337, 0.99523252, -0.091229402, -0.6999079;
 0.043555073, 0.092693686, 0.99474162, 3.2124887;
 0, 0, 0, 1]
Twc:
[0.99845558, -0.034487337, 0.043555073, 0.095911205;
 0.030332485, 0.99523252, 0.092693686, 0.40669143;
 -0.046544187, -0.091229402, 0.99474162, -3.2715669;
 0, 0, 0, 1]
Ow:
[-0.26037145;
 -0.6999079;
 3.2124887]
Keyframe: 74 Frame: 421 Frame from vFrameID : 422
Tcw:
[0.99918109, 0.022412485, -0.033686783, -0.26600635;
 -0.024978766, 0.99665618, -0.077798173, -0.71585274;
 0.03183049, 0.078575924, 0.99639982, 3.264874;
 0, 0, 0, 1]
Twc:
[0.99918109, -0.024978766, 0.03183049, 0.14398487;
 0.022412485, 0.99665618, 0.078575924, 0.46288046;
 -0.033686783, -0.077798173, 0.99639982, -3.3177729;
 0, 0, 0, 1]
Ow:
[-0.26600635;
 -0.71585274;
 3.264874]
Keyframe: 75 Frame: 425 Frame from vFrameID : 426
Tcw:
[0.999152, 0.0090641091, -0.040163409, -0.26915345;
 -0.011849836, 0.99749941, -0.069673933, -0.72650611;
 0.039431449, 0.070090786, 0.99676096, 3.3252435;
 0, 0, 0, 1]
Twc:
[0.999152, -0.011849836, 0.039431449, 0.12919708;
 0.0090641091, 0.99749941, 0.070090786, 0.49406019;
 -0.040163409, -0.069673933, 0.99676096, -3.3759015;
 0, 0, 0, 1]
Ow:
[-0.26915345;
 -0.72650611;
 3.3252435]
Keyframe: 76 Frame: 430 Frame from vFrameID : 431
Tcw:
[0.99518365, 0.026765626, -0.094303116, -0.26714066;
 -0.036438495, 0.99407649, -0.10239232, -0.73825616;
 0.091003917, 0.10533543, 0.990264, 3.3959887;
 0, 0, 0, 1]
Twc:
[0.99518365, -0.036438495, 0.091003917, -0.070095181;
 0.026765626, 0.99407649, 0.10533543, 0.38331535;
 -0.094303116, -0.10239232, 0.990264, -3.4637091;
 0, 0, 0, 1]
Ow:
[-0.26714066;
 -0.73825616;
 3.3959887]
Keyframe: 77 Frame: 435 Frame from vFrameID : 436
Tcw:
[0.99242944, 0.038415365, -0.11665389, -0.26711276;
 -0.048432428, 0.99526381, -0.084286466, -0.75331116;
 0.1128635, 0.089298196, 0.98958963, 3.46192;
 0, 0, 0, 1]
Twc:
[0.99242944, -0.048432428, 0.1128635, -0.16211854;
 0.038415365, 0.99526381, 0.089298196, 0.45086133;
 -0.11665389, -0.084286466, 0.98958963, -3.5205338;
 0, 0, 0, 1]
Ow:
[-0.26711276;
 -0.75331116;
 3.46192]
Keyframe: 78 Frame: 440 Frame from vFrameID : 441
Tcw:
[0.99426508, 0.031674359, -0.10214522, -0.27533528;
 -0.03912431, 0.99665314, -0.0717761, -0.76848674;
 0.099529885, 0.075360835, 0.99217665, 3.5543613;
 0, 0, 0, 1]
Twc:
[0.99426508, -0.03912431, 0.099529885, -0.11007545;
 0.031674359, 0.99665314, 0.075360835, 0.50677621;
 -0.10214522, -0.0717761, 0.99217665, -3.6098375;
 0, 0, 0, 1]
Ow:
[-0.27533528;
 -0.76848674;
 3.5543613]
Keyframe: 79 Frame: 445 Frame from vFrameID : 446
Tcw:
[0.99830323, 0.016161382, -0.055941556, -0.28172916;
 -0.021511612, 0.99511021, -0.096399821, -0.78294015;
 0.054110061, 0.097439647, 0.99376941, 3.6338403;
 0, 0, 0, 1]
Twc:
[0.99830323, -0.021511612, 0.054110061, 0.067781508;
 0.016161382, 0.99511021, 0.097439647, 0.42958471;
 -0.055941556, -0.096399821, 0.99376941, -3.702435;
 0, 0, 0, 1]
Ow:
[-0.28172916;
 -0.78294015;
 3.6338403]
Keyframe: 80 Frame: 451 Frame from vFrameID : 452
Tcw:
[0.99989951, 0.011973114, -0.0075926455, -0.29529157;
 -0.012502697, 0.99717724, -0.074035302, -0.80231267;
 0.0066847806, 0.074122794, 0.99722672, 3.7148917;
 0, 0, 0, 1]
Twc:
[0.99989951, -0.012502697, 0.0066847806, 0.26039758;
 0.011973114, 0.99717724, 0.074122794, 0.52822536;
 -0.0075926455, -0.074035302, 0.99722672, -3.7662308;
 0, 0, 0, 1]
Ow:
[-0.29529157;
 -0.80231267;
 3.7148917]
Keyframe: 81 Frame: 457 Frame from vFrameID : 458
Tcw:
[0.99789727, 0.015128217, -0.063025184, -0.31469655;
 -0.020996843, 0.99539596, -0.093520157, -0.82256603;
 0.061320215, 0.094646841, 0.99362057, 3.8227944;
 0, 0, 0, 1]
Twc:
[0.99789727, -0.020996843, 0.061320215, 0.062348939;
 0.015128217, 0.99539596, 0.094646841, 0.46172428;
 -0.063025184, -0.093520157, 0.99362057, -3.8951674;
 0, 0, 0, 1]
Ow:
[-0.31469655;
 -0.82256603;
 3.8227944]
Keyframe: 82 Frame: 462 Frame from vFrameID : 463
Tcw:
[0.99631113, 0.019544018, -0.083559461, -0.31024885;
 -0.029054342, 0.99303734, -0.1141609, -0.83940798;
 0.080746502, 0.11616755, 0.98994195, 3.8906007;
 0, 0, 0, 1]
Twc:
[0.99631113, -0.029054342, 0.080746502, -0.029436443;
 0.019544018, 0.99303734, 0.11616755, 0.38766542;
 -0.083559461, -0.1141609, 0.98994195, -3.9732206;
 0, 0, 0, 1]
Ow:
[-0.31024885;
 -0.83940798;
 3.8906007]
Keyframe: 83 Frame: 467 Frame from vFrameID : 468
Tcw:
[0.99440658, 0.044575419, -0.095752902, -0.32465005;
 -0.052624252, 0.99513847, -0.083247513, -0.84936911;
 0.091576599, 0.087820798, 0.99191797, 3.9536629;
 0, 0, 0, 1]
Twc:
[0.99440658, -0.052624252, 0.091576599, -0.08392629;
 0.044575419, 0.99513847, 0.087820798, 0.51249743;
 -0.095752902, -0.083247513, 0.99191797, -4.0235033;
 0, 0, 0, 1]
Ow:
[-0.32465005;
 -0.84936911;
 3.9536629]
Keyframe: 84 Frame: 472 Frame from vFrameID : 473
Tcw:
[0.99502832, 0.025756238, -0.096203998, -0.3407208;
 -0.032569714, 0.99701953, -0.069938041, -0.84966481;
 0.09411592, 0.072723672, 0.99290156, 4.0287337;
 0, 0, 0, 1]
Twc:
[0.99502832, -0.032569714, 0.09411592, -0.067814469;
 0.025756238, 0.99701953, 0.072723672, 0.56292373;
 -0.096203998, -0.069938041, 0.99290156, -4.0923386;
 0, 0, 0, 1]
Ow:
[-0.3407208;
 -0.84966481;
 4.0287337]
Keyframe: 85 Frame: 476 Frame from vFrameID : 477
Tcw:
[0.99560446, 0.028780721, -0.08912614, -0.3472538;
 -0.036477741, 0.99562943, -0.0859733, -0.86846948;
 0.086262234, 0.08884652, 0.99230295, 4.0951314;
 0, 0, 0, 1]
Twc:
[0.99560446, -0.036477741, 0.086262234, -0.039207533;
 0.028780721, 0.99562943, 0.08884652, 0.51082987;
 -0.08912614, -0.0859733, 0.99230295, -4.1692252;
 0, 0, 0, 1]
Ow:
[-0.3472538;
 -0.86846948;
 4.0951314]
Keyframe: 86 Frame: 480 Frame from vFrameID : 481
Tcw:
[0.99670643, 0.018636461, -0.078923628, -0.35363218;
 -0.022982391, 0.99824816, -0.054519597, -0.88287258;
 0.077769317, 0.05615389, 0.99538869, 4.1447625;
 0, 0, 0, 1]
Twc:
[0.99670643, -0.022982391, 0.077769317, 0.009841634;
 0.018636461, 0.99824816, 0.05615389, 0.65517187;
 -0.078923628, -0.054519597, 0.99538869, -4.2016935;
 0, 0, 0, 1]
Ow:
[-0.35363218;
 -0.88287258;
 4.1447625]
Keyframe: 87 Frame: 484 Frame from vFrameID : 485
Tcw:
[0.99635893, -0.0018893599, -0.085236788, -0.35430801;
 -0.0044401991, 0.99724776, -0.074007854, -0.89403903;
 0.085142024, 0.074116856, 0.99360836, 4.2028308;
 0, 0, 0, 1]
Twc:
[0.99635893, -0.0044401991, 0.085142024, -0.0087892916;
 -0.0018893599, 0.99724776, 0.074116856, 0.57940841;
 -0.085236788, -0.074007854, 0.99360836, -4.2723336;
 0, 0, 0, 1]
Ow:
[-0.35430801;
 -0.89403903;
 4.2028308]
Keyframe: 88 Frame: 488 Frame from vFrameID : 489
Tcw:
[0.99520552, 0.02106365, -0.095510967, -0.35249352;
 -0.028997881, 0.99617243, -0.082459889, -0.89546847;
 0.093408488, 0.084834151, 0.99200708, 4.2451253;
 0, 0, 0, 1]
Twc:
[0.99520552, -0.028997881, 0.093408488, -0.071693935;
 0.02106365, 0.99617243, 0.084834151, 0.53933418;
 -0.095510967, -0.082459889, 0.99200708, -4.3187017;
 0, 0, 0, 1]
Ow:
[-0.35249352;
 -0.89546847;
 4.2451253]
Keyframe: 89 Frame: 491 Frame from vFrameID : 492
Tcw:
[0.99129838, 0.041864313, -0.12479936, -0.34905759;
 -0.051154099, 0.99607849, -0.072186537, -0.91005832;
 0.12128791, 0.077942401, 0.98955256, 4.2938838;
 0, 0, 0, 1]
Twc:
[0.99129838, -0.051154099, 0.12128791, -0.22132921;
 0.041864313, 0.99607849, 0.077942401, 0.58642697;
 -0.12479936, -0.072186537, 0.98955256, -4.3582797;
 0, 0, 0, 1]
Ow:
[-0.34905759;
 -0.91005832;
 4.2938838]
Keyframe: 90 Frame: 495 Frame from vFrameID : 496
Tcw:
[0.98941857, 0.05884384, -0.13262108, -0.35168394;
 -0.068359889, 0.99531472, -0.068378285, -0.92801237;
