Keyframe: 0 Frame: 0 Frame from vFrameID : 5
Tcw:
[1, 0, 0, 0;
 0, 1, 0, 0;
 0, 0, 1, 0;
 0, 0, 0, 1]
Twc:
[1, 0, 0, 0;
 0, 1, 0, 0;
 0, 0, 1, 0;
 0, 0, 0, 1]
Ow:
[0;
 0;
 0]
Keyframe: 1 Frame: 4 Frame from vFrameID : 5
Tcw:
[0.99981815, 0.017593427, 0.0073621124, 0.0048071733;
 -0.017369643, 0.99941593, -0.02943003, -0.0053003826;
 -0.0078755878, 0.0292968, 0.99953973, -0.0025004714;
 0, 0, 0, 1]
Twc:
[0.99981815, -0.017369643, -0.0078755878, -0.0049180575;
 0.017593427, 0.99941593, 0.0292968, 0.0052859676;
 0.0073621124, -0.02943003, 0.99953973, 0.0023079391;
 0, 0, 0, 1]
Ow:
[0.0048071733;
 -0.0053003826;
 -0.0025004714]
Keyframe: 2 Frame: 5 Frame from vFrameID : 6
Tcw:
[0.99989432, 0.01359346, -0.0051563443, 0.0026337092;
 -0.013740161, 0.99946827, -0.029570764, -0.0074247308;
 0.0047516334, 0.029638488, 0.99954939, -0.009688165;
 0, 0, 0, 1]
Twc:
[0.99989432, -0.013740161, 0.0047516334, -0.0026894133;
 0.01359346, 0.99946827, 0.029638488, 0.0076721241;
 -0.0051563443, -0.029570764, 0.99954939, 0.0094778249;
 0, 0, 0, 1]
Ow:
[0.0026337092;
 -0.0074247308;
 -0.009688165]
Keyframe: 3 Frame: 6 Frame from vFrameID : 7
Tcw:
[0.9999066, 0.011701277, -0.007065841, 0.0027098581;
 -0.011927467, 0.99938858, -0.0328664, -0.0075633712;
 0.0066769416, 0.032947607, 0.99943477, -0.0099076563;
 0, 0, 0, 1]
Twc:
[0.9999066, -0.011927467, 0.0066769416, -0.0027336641;
 0.011701277, 0.99938858, 0.032947607, 0.0078534717;
 -0.007065841, -0.0328664, 0.99943477, 0.0096726222;
 0, 0, 0, 1]
Ow:
[0.0027098581;
 -0.0075633712;
 -0.0099076563]
Keyframe: 4 Frame: 7 Frame from vFrameID : 8
Tcw:
[0.99991322, 0.01167525, -0.0061019212, 0.0020918404;
 -0.011876578, 0.99934882, -0.034071092, -0.0067363181;
 0.0057001594, 0.034140605, 0.99940079, -0.010119186;
 0, 0, 0, 1]
Twc:
[0.99991322, -0.011876578, 0.0057001594, -0.0021139823;
 0.01167525, 0.99934882, 0.034140605, 0.0070529841;
 -0.0061019212, -0.034071092, 0.99940079, 0.0098963724;
 0, 0, 0, 1]
Ow:
[0.0020918404;
 -0.0067363181;
 -0.010119186]
Keyframe: 5 Frame: 8 Frame from vFrameID : 9
Tcw:
[0.99991661, 0.0085534779, -0.0096739559, 0.0030672124;
 -0.0088105509, 0.99960065, -0.02685092, -0.0069828844;
 0.0094404239, 0.026933914, 0.99959266, -0.010566073;
 0, 0, 0, 1]
Twc:
[0.99991661, -0.0088105509, 0.0094404239, -0.0030287316;
 0.0085534779, 0.99960065, 0.026933914, 0.0072384458;
 -0.0096739559, -0.02685092, 0.99959266, 0.010403944;
 0, 0, 0, 1]
Ow:
[0.0030672124;
 -0.0069828844;
 -0.010566073]
Keyframe: 6 Frame: 10 Frame from vFrameID : 11
Tcw:
[0.99994415, 0.010514424, -0.0010683711, 0.0024422675;
 -0.010540231, 0.99955195, -0.028014336, -0.0072889728;
 0.00077333784, 0.028024033, 0.99960697, -0.010495848;
 0, 0, 0, 1]
Twc:
[0.99994415, -0.010540231, 0.00077333784, -0.0025108415;
 0.010514424, 0.99955195, 0.028024033, 0.0075541637;
 -0.0010683711, -0.028014336, 0.99960697, 0.010290137;
 0, 0, 0, 1]
Ow:
[0.0024422675;
 -0.0072889728;
 -0.010495848]
Keyframe: 7 Frame: 11 Frame from vFrameID : 12
Tcw:
[0.99996591, 0.0082321847, 0.00064598513, 0.002285721;
 -0.0082097668, 0.9995383, -0.029253235, -0.0073551699;
 -0.00088650489, 0.029246934, 0.9995718, -0.010650232;
 0, 0, 0, 1]
Twc:
[0.99996591, -0.0082097668, -0.00088650489, -0.0023554687;
 0.0082321847, 0.9995383, 0.029246934, 0.0076444442;
 0.00064598513, -0.029253235, 0.9995718, 0.010429032;
 0, 0, 0, 1]
Ow:
[0.002285721;
 -0.0073551699;
 -0.010650232]
Keyframe: 8 Frame: 12 Frame from vFrameID : 13
Tcw:
[0.99999213, 0.0036127069, 0.0016501106, 0.0016589029;
 -0.0035626513, 0.99956161, -0.029391922, -0.007363311;
 -0.0017555717, 0.029385811, 0.99956661, -0.010453076;
 0, 0, 0, 1]
Twc:
[0.99999213, -0.0035626513, -0.0017555717, -0.0017034737;
 0.0036127069, 0.99956161, 0.029385811, 0.0076612621;
 0.0016501106, -0.029391922, 0.99956661, 0.010229386;
 0, 0, 0, 1]
Ow:
[0.0016589029;
 -0.007363311;
 -0.010453076]
Keyframe: 9 Frame: 13 Frame from vFrameID : 14
Tcw:
[0.99999577, -0.00097467279, 0.0027302641, 0.00081348146;
 0.0010533193, 0.9995802, -0.028953699, -0.0075899768;
 -0.0027008974, 0.028956454, 0.99957705, -0.010524973;
 0, 0, 0, 1]
Twc:
[0.99999577, 0.0010533193, -0.0027008974, -0.00083391031;
 -0.00097467279, 0.9995802, 0.028956454, 0.0078923488;
 0.0027302641, -0.028953699, 0.99957705, 0.010298543;
 0, 0, 0, 1]
Ow:
[0.00081348146;
 -0.0075899768;
 -0.010524973]
Keyframe: 10 Frame: 15 Frame from vFrameID : 16
Tcw:
[0.99997181, 0.0046580434, 0.0058918153, 0.0031270124;
 -0.004484118, 0.99956363, -0.029196324, -0.0073489053;
 -0.0060252422, 0.029169081, 0.9995563, -0.010115132;
 0, 0, 0, 1]
Twc:
[0.99997181, -0.004484118, -0.0060252422, -0.0032208238;
 0.0046580434, 0.99956363, 0.029169081, 0.0076261819;
 0.0058918153, -0.029196324, 0.9995563, 0.0098776594;
 0, 0, 0, 1]
Ow:
[0.0031270124;
 -0.0073489053;
 -0.010115132]
Keyframe: 11 Frame: 17 Frame from vFrameID : 18
Tcw:
[0.9999069, 0.011017869, 0.0080499193, 0.0035852245;
 -0.010804348, 0.99960089, -0.026103383, -0.0068675131;
 -0.0083343098, 0.026013978, 0.99962682, -0.010139394;
 0, 0, 0, 1]
Twc:
[0.9999069, -0.010804348, -0.0083343098, -0.0037435945;
 0.011017869, 0.99960089, 0.026013978, 0.0070890365;
 0.0080499193, -0.026103383, 0.99962682, 0.0099274842;
 0, 0, 0, 1]
Ow:
[0.0035852245;
 -0.0068675131;
 -0.010139394]
Keyframe: 12 Frame: 18 Frame from vFrameID : 19
Tcw:
[0.99990767, 0.010133949, 0.0090558734, 0.0028793837;
 -0.0099131474, 0.99966031, -0.024103122, -0.0070559951;
 -0.0092970571, 0.024011124, 0.99966848, -0.0099992556;
 0, 0, 0, 1]
Twc:
[0.99990767, -0.0099131474, -0.0092970571, -0.0030420285;
 0.010133949, 0.99966031, 0.024011124, 0.0072645121;
 0.0090558734, -0.024103122, 0.99966848, 0.0097997934;
 0, 0, 0, 1]
Ow:
[0.0028793837;
 -0.0070559951;
 -0.0099992556]
Keyframe: 13 Frame: 19 Frame from vFrameID : 20
Tcw:
[0.99994999, 0.0066580083, 0.0074626375, 0.0026424059;
 -0.0064874431, 0.99972236, -0.022651682, -0.0072770598;
 -0.0076113804, 0.022602135, 0.99971557, -0.010074588;
 0, 0, 0, 1]
Twc:
[0.99994999, -0.0064874431, -0.0076113804, -0.0027661647;
 0.0066580083, 0.99972236, 0.022602135, 0.0074851536;
 0.0074626375, -0.022651682, 0.99971557, 0.0098871663;
 0, 0, 0, 1]
Ow:
[0.0026424059;
 -0.0072770598;
 -0.010074588]
Keyframe: 14 Frame: 20 Frame from vFrameID : 21
Tcw:
[0.99995369, 0.0065346151, 0.0070696115, 0.0025301958;
 -0.0063784053, 0.99973989, -0.021897323, -0.0071139806;
 -0.0072108633, 0.021851216, 0.99973524, -0.0099437693;
 0, 0, 0, 1]
Twc:
[0.99995369, -0.0063784053, -0.0072108633, -0.0026471575;
 0.0065346151, 0.99973989, 0.021851216, 0.0073128799;
 0.0070696115, -0.021897323, 0.99973524, 0.0097674718;
 0, 0, 0, 1]
Ow:
[0.0025301958;
 -0.0071139806;
 -0.0099437693]
Keyframe: 15 Frame: 22 Frame from vFrameID : 23
Tcw:
[0.99999535, 0.0024010406, 0.0018851258, 0.00094301219;
 -0.002354495, 0.99970156, -0.024316641, -0.0069825565;
 -0.0019429484, 0.024312088, 0.99970251, -0.010558368;
 0, 0, 0, 1]
Twc:
[0.99999535, -0.002354495, -0.0019429484, -0.00097996253;
 0.0024010406, 0.99970156, 0.024312088, 0.007234904;
 0.0018851258, -0.024316641, 0.99970251, 0.010383657;
 0, 0, 0, 1]
Ow:
[0.00094301219;
 -0.0069825565;
 -0.010558368]
Keyframe: 16 Frame: 23 Frame from vFrameID : 24
Tcw:
[0.99999911, 0.00099110813, -0.00087222259, 0.00095110619;
 -0.0010110587, 0.99973083, -0.023178129, -0.0074559678;
 0.00084901578, 0.023178989, 0.99973094, -0.010390041;
 0, 0, 0, 1]
Twc:
[0.99999911, -0.0010110587, 0.00084901578, -0.00094982254;
 0.00099110813, 0.99973083, 0.023178989, 0.007693849;
 -0.00087222259, -0.023178129, 0.99973094, 0.01021526;
 0, 0, 0, 1]
Ow:
[0.00095110619;
 -0.0074559678;
 -0.010390041]
Keyframe: 17 Frame: 25 Frame from vFrameID : 26
Tcw:
[0.99996853, -0.0017003878, -0.0077483752, 0.00030223292;
 0.0015001001, 0.99966645, -0.025781879, -0.0070346519;
 0.00778963, 0.025769444, 0.99963754, -0.010688913;
 0, 0, 0, 1]
Twc:
[0.99996853, 0.0015001001, 0.00778963, -0.00020840806;
 -0.0017003878, 0.99966645, 0.025769444, 0.0073082671;
 -0.0077483752, -0.025781879, 0.99963754, 0.010506014;
 0, 0, 0, 1]
Ow:
[0.00030223292;
 -0.0070346519;
 -0.010688913]
Keyframe: 18 Frame: 27 Frame from vFrameID : 28
Tcw:
[0.9999088, 0.003363448, -0.013078184, 0.0007483259;
 -0.0037178397, 0.99962395, -0.027168727, -0.0065591191;
 0.012981885, 0.027214872, 0.99954534, -0.011275032;
 0, 0, 0, 1]
Twc:
[0.9999088, -0.0037178397, 0.012981885, -0.00062627223;
 0.003363448, 0.99962395, 0.027214872, 0.0068609845;
 -0.013078184, -0.027168727, 0.99954534, 0.011101489;
 0, 0, 0, 1]
Ow:
[0.0007483259;
 -0.0065591191;
 -0.011275032]
Keyframe: 19 Frame: 29 Frame from vFrameID : 30
Tcw:
[0.99980497, 0.0068772631, -0.018513251, 0.0013887677;
 -0.007306648, 0.99970353, -0.023226559, -0.0068726665;
 0.018348027, 0.023357298, 0.99955881, -0.011287043;
 0, 0, 0, 1]
Twc:
[0.99980497, -0.007306648, 0.018348027, -0.001231618;
 0.0068772631, 0.99970353, 0.023357298, 0.0071247127;
 -0.018513251, -0.023226559, 0.99955881, 0.011148144;
 0, 0, 0, 1]
Ow:
[0.0013887677;
 -0.0068726665;
 -0.011287043]
Keyframe: 20 Frame: 31 Frame from vFrameID : 32
Tcw:
[0.99978745, 0.008392768, -0.018829755, 0.00061932369;
 -0.0088689374, 0.99963933, -0.025348825, -0.0067948727;
 0.018610217, 0.025510438, 0.99950129, -0.011345416;
 0, 0, 0, 1]
Twc:
[0.99978745, -0.0088689374, 0.018610217, -0.00046831474;
 0.008392768, 0.99963933, 0.025510438, 0.0070766509;
 -0.018829755, -0.025348825, 0.99950129, 0.011179178;
 0, 0, 0, 1]
Ow:
[0.00061932369;
 -0.0067948727;
 -0.011345416]
Keyframe: 21 Frame: 33 Frame from vFrameID : 34
Tcw:
[0.99979126, 0.0070731197, -0.019168025, 0.00062365655;
 -0.0075755566, 0.99962622, -0.026267659, -0.0066590491;
 0.018975066, 0.026407385, 0.99947119, -0.011618762;
 0, 0, 0, 1]
Twc:
[0.99979126, -0.0075755566, 0.018975066, -0.00045350561;
 0.0070731197, 0.99962622, 0.026407385, 0.0069589703;
 -0.019168025, -0.026267659, 0.99947119, 0.011449654;
 0, 0, 0, 1]
Ow:
[0.00062365655;
 -0.0066590491;
 -0.011618762]
Keyframe: 22 Frame: 35 Frame from vFrameID : 36
Tcw:
[0.99980569, 0.0050862911, -0.019045863, 0.00023888699;
 -0.0055484548, 0.99968952, -0.024292136, -0.0065572015;
 0.018916393, 0.024393091, 0.99952346, -0.011545998;
 0, 0, 0, 1]
Twc:
[0.99980569, -0.0055484548, 0.018916393, -5.6814268e-05;
 0.0050862911, 0.99968952, 0.024393091, 0.0068355929;
 -0.019045863, -0.024292136, 0.99952346, 0.011385757;
 0, 0, 0, 1]
Ow:
[0.00023888699;
 -0.0065572015;
 -0.011545998]
Keyframe: 23 Frame: 37 Frame from vFrameID : 38
Tcw:
[0.99982357, 0.0050238986, -0.018100124, 0.00053756894;
 -0.0054571056, 0.99969792, -0.023964562, -0.0066356543;
 0.017974261, 0.024059108, 0.99954891, -0.011575059;
 0, 0, 0, 1]
Twc:
[0.99982357, -0.0054571056, 0.017974261, -0.00036563241;
 0.0050238986, 0.99969792, 0.024059108, 0.0069094342;
 -0.018100124, -0.023964562, 0.99954891, 0.011420548;
 0, 0, 0, 1]
Ow:
[0.00053756894;
 -0.0066356543;
 -0.011575059]
Keyframe: 24 Frame: 40 Frame from vFrameID : 41
Tcw:
[0.99981946, 0.0042379424, -0.018521171, 0.00053367455;
 -0.0047108689, 0.99966204, -0.025565786, -0.0066298596;
 0.018406566, 0.025648423, 0.99950153, -0.011712792;
 0, 0, 0, 1]
Twc:
[0.99981946, -0.0047108689, 0.018406566, -0.00034921832;
 0.0042379424, 0.99966204, 0.025648423, 0.0069257715;
 -0.018521171, -0.025565786, 0.99950153, 0.011547342;
 0, 0, 0, 1]
Ow:
[0.00053367455;
 -0.0066298596;
 -0.011712792]
Keyframe: 25 Frame: 42 Frame from vFrameID : 43
Tcw:
[0.99986202, 0.0042826128, -0.016048593, 2.6693044e-05;
 -0.0046608434, 0.9997105, -0.023605034, -0.0067954911;
 0.015942855, 0.023676578, 0.99959254, -0.011488536;
 0, 0, 0, 1]
Twc:
[0.99986202, -0.0046608434, 0.015942855, 0.000124798;
 0.0042826128, 0.9997105, 0.023676578, 0.0070654186;
 -0.016048593, -0.023605034, 0.99959254, 0.011323876;
 0, 0, 0, 1]
Ow:
[2.6693044e-05;
 -0.0067954911;
 -0.011488536]
Keyframe: 26 Frame: 44 Frame from vFrameID : 45
Tcw:
[0.99986351, 0.0048771868, -0.01578577, 0.00054243574;
 -0.00526438, 0.99968398, -0.024580097, -0.0066398429;
 0.015660901, 0.024659844, 0.99957323, -0.01197981;
 0, 0, 0, 1]
Twc:
[0.99986351, -0.00526438, 0.015660901, -0.00038970175;
 0.0048771868, 0.99968398, 0.024659844, 0.0069305194;
 -0.01578577, -0.024580097, 0.99957323, 0.011820052;
 0, 0, 0, 1]
Ow:
[0.00054243574;
 -0.0066398429;
 -0.01197981]
Keyframe: 27 Frame: 46 Frame from vFrameID : 47
Tcw:
[0.9998734, 0.0047014207, -0.015201926, 0.00046592997;
 -0.0050853761, 0.99966651, -0.025317805, -0.0066275741;
 0.015077827, 0.025391906, 0.99956387, -0.012003358;
 0, 0, 0, 1]
Twc:
[0.9998734, -0.0050853761, 0.015077827, -0.00031859014;
 0.0047014207, 0.99966651, 0.025391906, 0.0069279619;
 -0.015201926, -0.025317805, 0.99956387, 0.01183741;
 0, 0, 0, 1]
Ow:
[0.00046592997;
 -0.0066275741;
 -0.012003358]
Keyframe: 28 Frame: 49 Frame from vFrameID : 50
Tcw:
[0.99987155, 0.0049404022, -0.015248153, 0.00052761572;
 -0.0053089457, 0.99969244, -0.024224613, -0.0066231373;
 0.015123784, 0.024302451, 0.99959022, -0.01211617;
 0, 0, 0, 1]
Twc:
[0.99987155, -0.0053089457, 0.015123784, -0.00037946744;
 0.0049404022, 0.99969244, 0.024302451, 0.0069129467;
 -0.015248153, -0.024224613, 0.99959022, 0.011958809;
 0, 0, 0, 1]
Ow:
[0.00052761572;
 -0.0066231373;
 -0.01211617]
Keyframe: 29 Frame: 51 Frame from vFrameID : 52
Tcw:
[0.9998951, 0.0079179788, -0.012126436, 0.00049788598;
 -0.0082003931, 0.99969208, -0.023419248, -0.0066562807;
 0.011937269, 0.023516234, 0.99965221, -0.011853605;
 0, 0, 0, 1]
Twc:
[0.9998951, -0.0082003931, 0.011937269, -0.0004109182;
 0.0079179788, 0.99969208, 0.023516234, 0.0069290414;
 -0.012126436, -0.023419248, 0.99965221, 0.011699634;
 0, 0, 0, 1]
Ow:
[0.00049788598;
 -0.0066562807;
 -0.011853605]
Keyframe: 30 Frame: 53 Frame from vFrameID : 54
Tcw:
[0.99991894, 0.010023305, -0.0078494241, 0.0018294486;
 -0.01017653, 0.99975353, -0.019730089, -0.0063228961;
 0.007649729, 0.019808371, 0.99977452, -0.011671941;
 0, 0, 0, 1]
Twc:
[0.99991894, -0.01017653, 0.007649729, -0.0018043583;
 0.010023305, 0.99975353, 0.019808371, 0.006534203;
 -0.0078494241, -0.019730089, 0.99977452, 0.011558918;
 0, 0, 0, 1]
Ow:
[0.0018294486;
 -0.0063228961;
 -0.011671941]
Keyframe: 31 Frame: 56 Frame from vFrameID : 57
Tcw:
[0.99997407, -0.0018505418, -0.006955225, -0.00027866161;
 0.0017603943, 0.99991465, -0.012944973, -0.0063646263;
 0.0069785868, 0.012932394, 0.999892, -0.010886066;
 0, 0, 0, 1]
Twc:
[0.99997407, 0.0017603943, 0.0069785868, 0.00036582802;
 -0.0018505418, 0.99991465, 0.012932394, 0.0065043503;
 -0.006955225, -0.012944973, 0.999892, 0.010800563;
 0, 0, 0, 1]
Ow:
[-0.00027866161;
 -0.0063646263;
 -0.010886066]
Keyframe: 32 Frame: 58 Frame from vFrameID : 59
Tcw:
[0.9999631, -0.0048020524, -0.007123962, 0.0006639238;
 0.0046542115, 0.99977642, -0.020626042, -0.0065983743;
 0.0072214166, 0.020592125, 0.99976188, -0.011261265;
 0, 0, 0, 1]
Twc:
[0.9999631, 0.0046542115, 0.0072214166, -0.00055186677;
 -0.0048020524, 0.99977642, 0.020592125, 0.0068319808;
 -0.007123962, -0.020626042, 0.99976188, 0.011127215;
 0, 0, 0, 1]
Ow:
[0.0006639238;
 -0.0065983743;
 -0.011261265]
Keyframe: 33 Frame: 60 Frame from vFrameID : 61
Tcw:
[0.9999854, 5.5227956e-05, -0.0054020938, 0.00098771602;
 -0.00017039719, 0.99977267, -0.021321235, -0.0064844913;
 0.0053996881, 0.021321844, 0.99975806, -0.011537701;
 0, 0, 0, 1]
Twc:
[0.9999854, -0.00017039719, 0.0053996881, -0.00092650659;
 5.5227956e-05, 0.99977267, 0.021321844, 0.0067289677;
 -0.0054020938, -0.021321235, 0.99975806, 0.011401989;
 0, 0, 0, 1]
Ow:
[0.00098771602;
 -0.0064844913;
 -0.011537701]
Keyframe: 34 Frame: 63 Frame from vFrameID : 64
Tcw:
[0.99996305, 0.0038440183, -0.0076893074, 0.00054404512;
 -0.0040071635, 0.99976474, -0.021315504, -0.0066268821;
 0.0076055615, 0.02134553, 0.99974322, -0.01088405;
 0, 0, 0, 1]
Twc:
[0.99996305, -0.0040071635, 0.0076055615, -0.00048780066;
 0.0038440183, 0.99976474, 0.02134553, 0.0068555581;
 -0.0076893074, -0.021315504, 0.99974322, 0.010744183;
 0, 0, 0, 1]
Ow:
[0.00054404512;
 -0.0066268821;
 -0.01088405]
Keyframe: 35 Frame: 66 Frame from vFrameID : 67
Tcw:
[0.99992961, 0.0077848323, -0.0089555085, 0.00084278925;
 -0.0079674693, 0.99975723, -0.020542158, -0.0067259283;
 0.0087934174, 0.020612065, 0.99974889, -0.010373094;
 0, 0, 0, 1]
Twc:
[0.99992961, -0.0079674693, 0.0087934174, -0.00080510363;
 0.0077848323, 0.99975723, 0.020612065, 0.0069315457;
 -0.0089555085, -0.020542158, 0.99974889, 0.010239871;
 0, 0, 0, 1]
Ow:
[0.00084278925;
 -0.0067259283;
 -0.010373094]
Keyframe: 36 Frame: 69 Frame from vFrameID : 70
Tcw:
[0.99988037, 0.0064896247, -0.014039874, 0.001564925;
 -0.0067927958, 0.99974245, -0.021654751, -0.0064055477;
 0.013895727, 0.021747531, 0.99966693, -0.0097848484;
 0, 0, 0, 1]
Twc:
[0.99988037, -0.0067927958, 0.013895727, -0.0014722818;
 0.0064896247, 0.99974245, 0.021747531, 0.0066065383;
 -0.014039874, -0.021654751, 0.99966693, 0.0096648494;
 0, 0, 0, 1]
Ow:
[0.001564925;
 -0.0064055477;
 -0.0097848484]
Keyframe: 37 Frame: 71 Frame from vFrameID : 72
Tcw:
[0.99973941, 0.0059039257, -0.022050517, -0.0013381813;
 -0.0063366243, 0.99978775, -0.019605001, -0.0075444542;
 0.021930089, 0.019739619, 0.99956459, -0.0094996933;
 0, 0, 0, 1]
Twc:
[0.99973941, -0.0063366243, 0.021930089, 0.0014983554;
 0.0059039257, 0.99978775, 0.019739619, 0.0077382731;
 -0.022050517, -0.019605001, 0.99956459, 0.0093181403;
 0, 0, 0, 1]
Ow:
[-0.0013381813;
 -0.0075444542;
 -0.0094996933]
Keyframe: 38 Frame: 73 Frame from vFrameID : 74
Tcw:
[0.99934763, 0.010685582, -0.034497887, -0.0029363509;
 -0.011638761, 0.99955273, -0.027548535, -0.01048758;
 0.034188084, 0.027932076, 0.99902499, -0.0095471554;
 0, 0, 0, 1]
Twc:
[0.99934763, -0.011638761, 0.034188084, 0.003138772;
 0.010685582, 0.99955273, 0.027932076, 0.010780937;
 -0.034497887, -0.027548535, 0.99902499, 0.0091476319;
 0, 0, 0, 1]
Ow:
[-0.0029363509;
 -0.01048758;
 -0.0095471554]
Keyframe: 39 Frame: 77 Frame from vFrameID : 78
Tcw:
[0.99857122, 0.0014439689, -0.053417969, -0.0075659864;
 -0.0042630909, 0.99860138, -0.052698568, -0.013590495;
 0.053267162, 0.052850999, 0.9971807, -0.0083256131;
 0, 0, 0, 1]
Twc:
[0.99857122, -0.0042630909, 0.053267162, 0.0079407198;
 0.0014439689, 0.99860138, 0.052850999, 0.014022429;
 -0.053417969, -0.052698568, 0.9971807, 0.0071817813;
 0, 0, 0, 1]
Ow:
[-0.0075659864;
 -0.013590495;
 -0.0083256131]
Keyframe: 40 Frame: 80 Frame from vFrameID : 81
Tcw:
[0.99839818, -0.0032401159, -0.056484967, -0.0094559295;
 -0.00046816393, 0.99785155, -0.065514222, -0.014332131;
 0.056575887, 0.065435722, 0.99625164, -0.0089416839;
 0, 0, 0, 1]
Twc:
[0.99839818, -0.00046816393, 0.056575887, 0.0099399565;
 -0.0032401159, 0.99785155, 0.065435722, 0.014855806;
 -0.056484967, -0.065514222, 0.99625164, 0.0074350908;
 0, 0, 0, 1]
Ow:
[-0.0094559295;
 -0.014332131;
 -0.0089416839]
Keyframe: 41 Frame: 83 Frame from vFrameID : 84
Tcw:
[0.99843037, 0.0032210709, -0.055914845, -0.0075081186;
 -0.0072886529, 0.99732757, -0.072695352, -0.015347211;
 0.05553126, 0.072988793, 0.99578559, -0.0089273918;
 0, 0, 0, 1]
Twc:
[0.99843037, -0.0072886529, 0.05553126, 0.0078802221;
 0.0032210709, 0.99732757, 0.072988793, 0.01598198;
 -0.055914845, -0.072695352, 0.99578559, 0.0073542818;
 0, 0, 0, 1]
Ow:
[-0.0075081186;
 -0.015347211;
 -0.0089273918]
Keyframe: 42 Frame: 87 Frame from vFrameID : 88
Tcw:
[0.99785799, 0.014274896, -0.063841283, -0.0049420842;
 -0.01903826, 0.99702895, -0.074638143, -0.016499782;
 0.062586159, 0.075693689, 0.99516505, -0.0091699231;
 0, 0, 0, 1]
Twc:
[0.99785799, -0.01903826, 0.062586159, 0.0051912814;
 0.014274896, 0.99702895, 0.075693689, 0.017215414;
 -0.063841283, -0.074638143, 0.99516505, 0.0075785648;
 0, 0, 0, 1]
Ow:
[-0.0049420842;
 -0.016499782;
 -0.0091699231]
Keyframe: 43 Frame: 91 Frame from vFrameID : 92
Tcw:
[0.99711734, 0.016651392, -0.074025132, 0.00086399534;
 -0.022203026, 0.99694997, -0.07481806, -0.015699195;
 0.07255353, 0.076245971, 0.99444586, -0.010474523;
 0, 0, 0, 1]
Twc:
[0.99711734, -0.022203026, 0.07255353, -0.00045011082;
 0.016651392, 0.99694997, 0.076245971, 0.016435567;
 -0.074025132, -0.07481806, 0.99444586, 0.0093057193;
 0, 0, 0, 1]
Ow:
[0.00086399534;
 -0.015699195;
 -0.010474523]
Keyframe: 44 Frame: 95 Frame from vFrameID : 96
Tcw:
[0.99702036, 0.025564006, -0.072779574, 0.0058326912;
 -0.03046504, 0.99728459, -0.067047328, -0.015383557;
 0.070867948, 0.069064789, 0.99509186, -0.010983977;
 0, 0, 0, 1]
Twc:
[0.99702036, -0.03046504, 0.070867948, -0.0055055609;
 0.025564006, 0.99728459, 0.069064789, 0.015951283;
 -0.072779574, -0.067047328, 0.99509186, 0.010323141;
 0, 0, 0, 1]
Ow:
[0.0058326912;
 -0.015383557;
 -0.010983977]
Keyframe: 45 Frame: 99 Frame from vFrameID : 100
Tcw:
[0.99667537, 0.028065225, -0.076489083, 0.011059707;
 -0.032881152, 0.99750644, -0.062448006, -0.015446411;
 0.074545741, 0.06475544, 0.9951129, -0.010748504;
 0, 0, 0, 1]
Twc:
[0.99667537, -0.032881152, 0.074545741, -0.010729577;
 0.028065225, 0.99750644, 0.06475544, 0.015793525;
 -0.076489083, -0.062448006, 0.9951129, 0.010577324;
 0, 0, 0, 1]
Ow:
[0.011059707;
 -0.015446411;
 -0.010748504]
Keyframe: 46 Frame: 103 Frame from vFrameID : 104
Tcw:
[0.99651337, 0.02902557, -0.078221552, 0.012854158;
 -0.033549257, 0.9978016, -0.057152048, -0.01487571;
 0.076390721, 0.059577055, 0.99529648, -0.010255578;
 0, 0, 0, 1]
Twc:
[0.99651337, -0.033549257, 0.076390721, -0.012524978;
 0.02902557, 0.9978016, 0.059577055, 0.015080906;
 -0.078221552, -0.057152048, 0.99529648, 0.010362634;
 0, 0, 0, 1]
Ow:
[0.012854158;
 -0.01487571;
 -0.010255578]
Keyframe: 47 Frame: 107 Frame from vFrameID : 108
Tcw:
[0.9977982, 0.016850531, -0.064146273, 0.010759233;
 -0.020366697, 0.9983027, -0.054561604, -0.014115074;
 0.063118003, 0.055747919, 0.99644786, -0.0095680356;
 0, 0, 0, 1]
Twc:
[0.9977982, -0.020366697, 0.063118003, -0.010419106;
 0.016850531, 0.9983027, 0.055747919, 0.014443215;
 -0.064146273, -0.054561604, 0.99644786, 0.0094540725;
 0, 0, 0, 1]
Ow:
[0.010759233;
 -0.014115074;
 -0.0095680356]
Keyframe: 48 Frame: 111 Frame from vFrameID : 112
Tcw:
[0.99810815, 0.023824258, -0.05667945, 0.0062739789;
 -0.02687696, 0.99819422, -0.05372097, -0.014333263;
 0.055297237, 0.055142708, 0.9969461, -0.0090451622;
 0, 0, 0, 1]
Twc:
[0.99810815, -0.02687696, 0.055297237, -0.0061471709;
 0.023824258, 0.99819422, 0.055142708, 0.014656682;
 -0.05667945, -0.05372097, 0.9969461, 0.0086031482;
 0, 0, 0, 1]
Ow:
[0.0062739789;
 -0.014333263;
 -0.0090451622]
Keyframe: 49 Frame: 115 Frame from vFrameID : 116
Tcw:
[0.9974941, 0.0084919697, -0.070237979, -0.0027184326;
 -0.012850443, 0.9980036, -0.061835848, -0.014099312;
 0.069572642, 0.062583484, 0.99561185, -0.009246232;
 0, 0, 0, 1]
Twc:
[0.9974941, -0.012850443, 0.069572642, 0.0031737231;
 0.0084919697, 0.9980036, 0.062583484, 0.01467291;
 -0.070237979, -0.061835848, 0.99561185, 0.0081428783;
 0, 0, 0, 1]
Ow:
[-0.0027184326;
 -0.014099312;
 -0.009246232]
Keyframe: 50 Frame: 118 Frame from vFrameID : 119
Tcw:
[0.99719697, 0.0031186175, -0.074756108, -0.007150352;
 -0.0077492786, 0.99806255, -0.061733842, -0.014942366;
 0.074418746, 0.062140107, 0.99528915, -0.0090198144;
 0, 0, 0, 1]
Twc:
[0.99719697, -0.0077492786, 0.074418746, 0.00768576;
 0.0031186175, 0.99806255, 0.062140107, 0.015496207;
 -0.074756108, -0.061733842, 0.99528915, 0.0075203413;
 0, 0, 0, 1]
Ow:
[-0.007150352;
 -0.014942366;
 -0.0090198144]
Keyframe: 51 Frame: 122 Frame from vFrameID : 123
Tcw:
[0.99637008, -0.0097619519, -0.084565908, -0.018435812;
 0.0044505978, 0.99801815, -0.062769532, -0.015301312;
 0.085011065, 0.062165316, 0.99443883, -0.0080840224;
 0, 0, 0, 1]
Twc:
[0.99637008, 0.0044505978, 0.085011065, 0.019124221;
 -0.0097619519, 0.99801815, 0.062165316, 0.015593563;
 -0.084565908, -0.062769532, 0.99443883, 0.0055195689;
 0, 0, 0, 1]
Ow:
[-0.018435812;
 -0.015301312;
 -0.0080840224]
Keyframe: 52 Frame: 126 Frame from vFrameID : 127
Tcw:
[0.99565405, -0.011219759, -0.092450984, -0.023842901;
 0.0050936472, 0.99779105, -0.066234715, -0.016679956;
 0.092989899, 0.065475948, 0.99351186, -0.006766248;
 0, 0, 0, 1]
Twc:
[0.99565405, 0.0050936472, 0.092989899, 0.024453433;
 -0.011219759, 0.99779105, 0.065475948, 0.016818628;
 -0.092450984, -0.066234715, 0.99351186, 0.0034132558;
 0, 0, 0, 1]
Ow:
[-0.023842901;
 -0.016679956;
 -0.006766248]
Keyframe: 53 Frame: 130 Frame from vFrameID : 131
Tcw:
[0.995179, -0.01051038, -0.097510688, -0.027836906;
 0.00318339, 0.99717891, -0.0749937, -0.018323788;
 0.098023817, 0.074321739, 0.99240494, -0.0054028006;
 0, 0, 0, 1]
Twc:
[0.995179, 0.00318339, 0.098023817, 0.028290637;
 -0.01051038, 0.99717891, 0.074321739, 0.018381065;
 -0.097510688, -0.0749937, 0.99240494, 0.001273202;
 0, 0, 0, 1]
Ow:
[-0.027836906;
 -0.018323788;
 -0.0054028006]
Keyframe: 54 Frame: 134 Frame from vFrameID : 135
Tcw:
[0.99512726, -0.0059933271, -0.098416559, -0.028570272;
 -0.0022020112, 0.99655104, -0.082952887, -0.020187305;
 0.098574288, 0.082765393, 0.99168193, -0.0045619165;
 0, 0, 0, 1]
Twc:
[0.99512726, -0.0022020112, 0.098574288, 0.028836291;
 -0.0059933271, 0.99655104, 0.082765393, 0.020324018;
 -0.098416559, -0.082952887, 0.99168193, 3.7586935e-05;
 0, 0, 0, 1]
Ow:
[-0.028570272;
 -0.020187305;
 -0.0045619165]
Keyframe: 55 Frame: 137 Frame from vFrameID : 138
Tcw:
[0.99546844, -0.0057252715, -0.094919793, -0.026810374;
 -0.0036522986, 0.99514741, -0.098327622, -0.020581497;
 0.095022134, 0.098228723, 0.99061692, -0.0044670687;
 0, 0, 0, 1]
Twc:
[0.99546844, -0.0036522986, 0.095022134, 0.027038183;
 -0.0057252715, 0.99514741, 0.098228723, 0.020766919;
 -0.094919793, -0.098327622, 0.99061692, -0.00014341121;
 0, 0, 0, 1]
Ow:
[-0.026810374;
 -0.020581497;
 -0.0044670687]
Keyframe: 56 Frame: 141 Frame from vFrameID : 142
Tcw:
[0.99577713, 0.0028761409, -0.091758758, -0.021567781;
 -0.012504313, 0.99444336, -0.10452789, -0.020558536;
 0.090948246, 0.10523386, 0.99027991, -0.0039999462;
 0, 0, 0, 1]
Twc:
[0.99577713, -0.012504313, 0.090948246, 0.021583421;
 0.0028761409, 0.99444336, 0.10523386, 0.020927262;
 -0.091758758, -0.10452789, 0.99027991, -0.000166907;
 0, 0, 0, 1]
Ow:
[-0.021567781;
 -0.020558536;
 -0.0039999462]
Keyframe: 57 Frame: 145 Frame from vFrameID : 146
Tcw:
[0.9953565, 0.017446697, -0.094662964, -0.015837766;
 -0.026837396, 0.99473995, -0.098854385, -0.020636737;
 0.092440352, 0.10093586, 0.99058908, -0.0030292193;
 0, 0, 0, 1]
Twc:
[0.9953565, -0.026837396, 0.092440352, 0.01549041;
 0.017446697, 0.99473995, 0.10093586, 0.021110261;
 -0.094662964, -0.098854385, 0.99058908, -0.00053857046;
 0, 0, 0, 1]
Ow:
[-0.015837766;
 -0.020636737;
 -0.0030292193]
Keyframe: 58 Frame: 150 Frame from vFrameID : 151
Tcw:
[0.99281877, 0.025278261, -0.11692705, -0.0099446746;
 -0.035976321, 0.99526387, -0.090307817, -0.019575536;
 0.11409044, 0.093865894, 0.98902607, -0.0031595042;
 0, 0, 0, 1]
Twc:
[0.99281877, -0.035976321, 0.11409044, 0.0095294733;
 0.025278261, 0.99526387, 0.093865894, 0.020030778;
 -0.11692705, -0.090307817, 0.98902607, 0.00019420672;
 0, 0, 0, 1]
Ow:
[-0.0099446746;
 -0.019575536;
 -0.0031595042]
Keyframe: 59 Frame: 155 Frame from vFrameID : 156
Tcw:
[0.98894018, 0.022452787, -0.14660549, -0.0046500424;
 -0.036896218, 0.99464345, -0.096555978, -0.018918607;
 0.14365223, 0.10089727, 0.98447132, -0.0040311748;
 0, 0, 0, 1]
Twc:
[0.98894018, -0.036896218, 0.14365223, 0.004479676;
 0.022452787, 0.99464345, 0.10089727, 0.01932841;
 -0.14660549, -0.096555978, 0.98447132, 0.0014601497;
 0, 0, 0, 1]
Ow:
[-0.0046500424;
 -0.018918607;
 -0.0040311748]
Keyframe: 60 Frame: 159 Frame from vFrameID : 160
Tcw:
[0.9875862, 0.025514958, -0.15499206, -0.0010040873;
 -0.039143272, 0.9955669, -0.085523777, -0.016939398;
 0.15212283, 0.090528995, 0.98420686, -0.0062545445;
 0, 0, 0, 1]
Twc:
[0.9875862, -0.039143272, 0.15212283, 0.0012800184;
 0.025514958, 0.9955669, 0.090528995, 0.01745614;
 -0.15499206, -0.085523777, 0.98420686, 0.0045514191;
 0, 0, 0, 1]
Ow:
[-0.0010040873;
 -0.016939398;
 -0.0062545445]
Keyframe: 61 Frame: 164 Frame from vFrameID : 165
Tcw:
[0.98727125, 0.030595589, -0.1560749, 0.0053318264;
 -0.041941267, 0.99667007, -0.069926031, -0.015224786;
 0.15341575, 0.075581938, 0.98526698, -0.0085445521;
 0, 0, 0, 1]
Twc:
[0.98727125, -0.041941267, 0.15341575, -0.0045916368;
 0.030595589, 0.99667007, 0.075581938, 0.015656773;
 -0.1560749, -0.069926031, 0.98526698, 0.0081862202;
 0, 0, 0, 1]
Ow:
[0.0053318264;
 -0.015224786;
 -0.0085445521]
Keyframe: 62 Frame: 168 Frame from vFrameID : 169
Tcw:
[0.98830527, 0.033053264, -0.14886282, 0.0094611654;
 -0.04223543, 0.99736714, -0.05894861, -0.0138376;
 0.14652245, 0.064546511, 0.98709923, -0.0098479781;
 0, 0, 0, 1]
Twc:
[0.98830527, -0.04223543, 0.14652245, -0.0084920069;
 0.033053264, 0.99736714, 0.064546511, 0.014124098;
 -0.14886282, -0.05894861, 0.98709923, 0.010313641;
 0, 0, 0, 1]
Ow:
[0.0094611654;
 -0.0138376;
 -0.0098479781]
Keyframe: 63 Frame: 172 Frame from vFrameID : 173
Tcw:
[0.99027449, 0.034359004, -0.13481803, 0.012422633;
 -0.041179013, 0.99799198, -0.048127938, -0.012036148;
 0.1328937, 0.053211544, 0.98970085, -0.010458805;
 0, 0, 0, 1]
Twc:
[0.99027449, -0.041179013, 0.1328937, -0.011407544;
 0.034359004, 0.99799198, 0.053211544, 0.012141679;
 -0.13481803, -0.048127938, 0.98970085, 0.011446608;
 0, 0, 0, 1]
Ow:
[0.012422633;
 -0.012036148;
 -0.010458805]
Keyframe: 64 Frame: 176 Frame from vFrameID : 177
Tcw:
[0.99472404, 0.032087903, -0.097439513, 0.016871432;
 -0.036163285, 0.99853092, -0.040350411, -0.011063138;
 0.09600161, 0.043661259, 0.99442315, -0.0080453232;
 0, 0, 0, 1]
Twc:
[0.99472404, -0.036163285, 0.09600161, -0.016410135;
 0.032087903, 0.99853092, 0.043661259, 0.010856787;
 -0.097439513, -0.040350411, 0.99442315, 0.0091979969;
 0, 0, 0, 1]
Ow:
[0.016871432;
 -0.011063138;
 -0.0080453232]
Keyframe: 65 Frame: 180 Frame from vFrameID : 181
Tcw:
[0.99703974, 0.032653578, -0.069610089, 0.018091727;
 -0.036018986, 0.99821436, -0.047652394, -0.01113536;
 0.067929767, 0.050018616, 0.99643546, -0.0042089666;
 0, 0, 0, 1]
Twc:
[0.99703974, -0.036018986, 0.067929767, -0.018153341;
 0.032653578, 0.99821436, 0.050018616, 0.010735244;
 -0.069610089, -0.047652394, 0.99643546, 0.0049227038;
 0, 0, 0, 1]
Ow:
[0.018091727;
 -0.01113536;
 -0.0042089666]
Keyframe: 66 Frame: 184 Frame from vFrameID : 185
Tcw:
[0.99827516, 0.030624662, -0.050088, 0.017286869;
 -0.033158135, 0.99817061, -0.05055711, -0.011423036;
 0.048448071, 0.052130733, 0.99746436, 0.00027114211;
 0, 0, 0, 1]
Twc:
[0.99827516, -0.033158135, 0.048448071, -0.017648956;
 0.030624662, 0.99817061, 0.052130733, 0.010858597;
 -0.050088, -0.05055711, 0.99746436, 1.789447e-05;
 0, 0, 0, 1]
Ow:
[0.017286869;
 -0.011423036;
 0.00027114211]
Keyframe: 67 Frame: 188 Frame from vFrameID : 189
Tcw:
[0.99861813, 0.025460606, -0.045973897, 0.014973463;
 -0.028068632, 0.99797934, -0.057003766, -0.0122832;
 0.044429649, 0.058215417, 0.99731487, 0.0055821873;
 0, 0, 0, 1]
Twc:
[0.99861813, -0.028068632, 0.044429649, -0.015545558;
 0.025460606, 0.99797934, 0.058215417, 0.011552176;
 -0.045973897, -0.057003766, 0.99731487, -0.0055789989;
 0, 0, 0, 1]
Ow:
[0.014973463;
 -0.0122832;
 0.0055821873]
Keyframe: 68 Frame: 194 Frame from vFrameID : 195
Tcw:
[0.99889272, 0.021074226, -0.042062312, 0.0084345639;
 -0.024225308, 0.99682349, -0.075868368, -0.015951894;
 0.040329833, 0.076803334, 0.99623024, 0.025987756;
 0, 0, 0, 1]
Twc:
[0.99889272, -0.024225308, 0.040329833, -0.0098597463;
 0.021074226, 0.99682349, 0.076803334, 0.013727526;
 -0.042062312, -0.075868368, 0.99623024, -0.026745256;
 0, 0, 0, 1]
Ow:
[0.0084345639;
 -0.015951894;
 0.025987756]
Keyframe: 69 Frame: 200 Frame from vFrameID : 201
Tcw:
[0.99952942, 0.017774375, -0.024999836, -0.00076616148;
 -0.019823536, 0.9962464, -0.08426255, -0.019156095;
 0.023408283, 0.084718481, 0.99612993, 0.056719419;
 0, 0, 0, 1]
Twc:
[0.99952942, -0.019823536, 0.023408283, -0.00094164477;
 0.017774375, 0.9962464, 0.084718481, 0.014292625;
 -0.024999836, -0.08426255, 0.99612993, -0.058133204;
 0, 0, 0, 1]
Ow:
[-0.00076616148;
 -0.019156095;
 0.056719419]
Keyframe: 70 Frame: 204 Frame from vFrameID : 205
Tcw:
[0.99991405, 0.0011655972, -0.013059369, -0.0057393489;
 -0.0023183546, 0.99606401, -0.088606566, -0.024613384;
 0.012904688, 0.088629223, 0.9959811, 0.074995883;
 0, 0, 0, 1]
Twc:
[0.99991405, -0.0023183546, 0.012904688, 0.0047139949;
 0.0011655972, 0.99606401, 0.088629223, 0.017876368;
 -0.013059369, -0.088606566, 0.9959811, -0.076950341;
 0, 0, 0, 1]
Ow:
[-0.0057393489;
 -0.024613384;
 0.074995883]
Keyframe: 71 Frame: 208 Frame from vFrameID : 209
Tcw:
[0.99990869, -0.0036761942, -0.013004263, -0.01002799;
 0.0024419592, 0.99559909, -0.093683086, -0.024991872;
 0.01329143, 0.093642771, 0.99551713, 0.094646893;
 0, 0, 0, 1]
Twc:
[0.99990869, 0.0024419592, 0.01329143, 0.0088301115;
 -0.0036761942, 0.99559909, 0.093642771, 0.015982023;
 -0.013004263, -0.093683086, 0.99551713, -0.096694328;
 0, 0, 0, 1]
Ow:
[-0.01002799;
 -0.024991872;
 0.094646893]
Keyframe: 72 Frame: 213 Frame from vFrameID : 214
Tcw:
[0.99943608, 0.014911466, -0.0300854, -0.010032792;
 -0.01729284, 0.99660355, -0.080513112, -0.030313438;
 0.028782647, 0.080987975, 0.99629939, 0.12517209;
 0, 0, 0, 1]
Twc:
[0.99943608, -0.01729284, 0.028782647, 0.0059001446;
 0.014911466, 0.99660355, 0.080987975, 0.020222647;
 -0.0300854, -0.080513112, 0.99629939, -0.12745136;
 0, 0, 0, 1]
Ow:
[-0.010032792;
 -0.030313438;
 0.12517209]
Keyframe: 73 Frame: 219 Frame from vFrameID : 220
Tcw:
[0.99858171, 0.041413013, -0.033459242, -0.017692609;
 -0.044880647, 0.99285328, -0.11058072, -0.041643262;
 0.028640639, 0.11192556, 0.99330378, 0.16941722;
 0, 0, 0, 1]
Twc:
[0.99858171, -0.044880647, 0.028640639, 0.010946322;
 0.041413013, 0.99285328, 0.11192556, 0.023116235;
 -0.033459242, -0.11058072, 0.99330378, -0.17347969;
 0, 0, 0, 1]
Ow:
[-0.017692609;
 -0.041643262;
 0.16941722]
Keyframe: 74 Frame: 225 Frame from vFrameID : 226
Tcw:
[0.9941771, 0.026405314, -0.10447292, -0.025157714;
 -0.037436638, 0.99375874, -0.10508118, -0.056182534;
 0.10104617, 0.10838042, 0.98896074, 0.20580548;
 0, 0, 0, 1]
Twc:
[0.9941771, -0.037436638, 0.10104617, 0.0021120829;
 0.026405314, 0.99375874, 0.10838042, 0.034190897;
 -0.10447292, -0.10508118, 0.98896074, -0.21206556;
 0, 0, 0, 1]
Ow:
[-0.025157714;
 -0.056182534;
 0.20580548]
Keyframe: 75 Frame: 231 Frame from vFrameID : 232
Tcw:
[0.99494761, 0.019521551, -0.098479383, -0.034736823;
 -0.03306438, 0.98990464, -0.13782428, -0.066542581;
 0.094794653, 0.14038409, 0.98554873, 0.26286021;
 0, 0, 0, 1]
Twc:
[0.99494761, -0.03306438, 0.094794653, 0.0074433847;
 0.019521551, 0.98990464, 0.14038409, 0.029647538;
 -0.098479383, -0.13782428, 0.98554873, -0.27165359;
 0, 0, 0, 1]
Ow:
[-0.034736823;
 -0.066542581;
 0.26286021]
Keyframe: 76 Frame: 236 Frame from vFrameID : 237
Tcw:
[0.99813062, 0.026338298, -0.055149931, -0.037939057;
 -0.034319334, 0.98821419, -0.14918053, -0.077377081;
 0.050570782, 0.15079437, 0.98727083, 0.3010563;
 0, 0, 0, 1]
Twc:
[0.99813062, -0.034319334, 0.050570782, 0.019987956;
 0.026338298, 0.98821419, 0.15079437, 0.032066796;
 -0.055149931, -0.14918053, 0.98727083, -0.31085956;
 0, 0, 0, 1]
Ow:
[-0.037939057;
 -0.077377081;
 0.3010563]
Keyframe: 77 Frame: 241 Frame from vFrameID : 242
Tcw:
[0.99917811, 0.031780742, -0.02516089, -0.036534887;
 -0.034745451, 0.99118787, -0.12782569, -0.084106229;
 0.020876773, 0.12859488, 0.99147743, 0.33562434;
 0, 0, 0, 1]
Twc:
[0.99917811, -0.034745451, 0.020876773, 0.0265758;
 0.031780742, 0.99118787, 0.12859488, 0.041366607;
 -0.02516089, -0.12782569, 0.99147743, -0.34443417;
 0, 0, 0, 1]
Ow:
[-0.036534887;
 -0.084106229;
 0.33562434]
Keyframe: 78 Frame: 244 Frame from vFrameID : 245
Tcw:
[0.99849582, 0.051400803, -0.019081248, -0.042110857;
 -0.053558659, 0.98886102, -0.13887185, -0.087349266;
 0.011730578, 0.13968493, 0.99012649, 0.3591893;
 0, 0, 0, 1]
Twc:
[0.99849582, -0.053558659, 0.011730578, 0.033155702;
 0.051400803, 0.98886102, 0.13968493, 0.038367484;
 -0.019081248, -0.13887185, 0.99012649, -0.36857674;
 0, 0, 0, 1]
Ow:
[-0.042110857;
 -0.087349266;
 0.3591893]
Keyframe: 79 Frame: 248 Frame from vFrameID : 249
Tcw:
[0.99604106, 0.033027709, -0.082531244, -0.044032454;
 -0.045469385, 0.98706353, -0.15374695, -0.093840122;
 0.076385669, 0.15689091, 0.98465753, 0.38889253;
 0, 0, 0, 1]
Twc:
[0.99604106, -0.045469385, 0.076385669, 0.0098854592;
 0.033027709, 0.98706353, 0.15689091, 0.033066753;
 -0.082531244, -0.15374695, 0.98465753, -0.40098765;
 0, 0, 0, 1]
Ow:
[-0.044032454;
 -0.093840122;
 0.38889253]
Keyframe: 80 Frame: 252 Frame from vFrameID : 253
Tcw:
[0.99201256, 0.059542783, -0.11120151, -0.046927016;
 -0.073501095, 0.98930758, -0.12596843, -0.10014637;
 0.10251199, 0.13313569, 0.98578203, 0.41365951;
 0, 0, 0, 1]
Twc:
[0.99201256, -0.073501095, 0.10251199, -0.0032137353;
 0.059542783, 0.98930758, 0.13313569, 0.046796888;
 -0.11120151, -0.12596843, 0.98578203, -0.42561173;
 0, 0, 0, 1]
Ow:
[-0.046927016;
 -0.10014637;
 0.41365951]
Keyframe: 81 Frame: 255 Frame from vFrameID : 256
Tcw:
[0.99086314, 0.07049942, -0.11497852, -0.053663794;
 -0.085036583, 0.98826754, -0.12687007, -0.10341945;
 0.10468528, 0.13548824, 0.98523295, 0.43547603;
 0, 0, 0, 1]
Twc:
[0.99086314, -0.085036583, 0.10468528, -0.0012088896;
 0.07049942, 0.98826754, 0.13548824, 0.04698747;
 -0.11497852, -0.12687007, 0.98523295, -0.44833633;
 0, 0, 0, 1]
Ow:
[-0.053663794;
 -0.10341945;
 0.43547603]
Keyframe: 82 Frame: 258 Frame from vFrameID : 259
Tcw:
[0.99179018, 0.041035801, -0.12111258, -0.059573896;
 -0.057606947, 0.98894072, -0.13666648, -0.10716344;
 0.11416494, 0.14252141, 0.98318565, 0.4624677;
 0, 0, 0, 1]
Twc:
[0.99179018, -0.057606947, 0.11416494, 0.00011385309;
 0.041035801, 0.98894072, 0.14252141, 0.042511415;
 -0.12111258, -0.13666648, 0.98318565, -0.4765524;
 0, 0, 0, 1]
Ow:
[-0.059573896;
 -0.10716344;
 0.4624677]
Keyframe: 83 Frame: 261 Frame from vFrameID : 262
Tcw:
[0.9938966, 0.032426212, -0.10544258, -0.060601294;
 -0.046732426, 0.98958176, -0.13617659, -0.11549849;
 0.099928364, 0.14027302, 0.98505723, 0.49234894;
 0, 0, 0, 1]
Twc:
[0.9938966, -0.046732426, 0.099928364, 0.005634266;
 0.032426212, 0.98958176, 0.14027302, 0.047196984;
 -0.10544258, -0.13617659, 0.98505723, -0.50711006;
 0, 0, 0, 1]
Ow:
[-0.060601294;
 -0.11549849;
 0.49234894]
Keyframe: 84 Frame: 264 Frame from vFrameID : 265
Tcw:
[0.99542046, 0.02532246, -0.092178874, -0.060021721;
 -0.037164595, 0.99093318, -0.12911345, -0.1211541;
 0.088073634, 0.13194796, 0.98733622, 0.51480514;
 0, 0, 0, 1]
Twc:
[0.99542046, -0.037164595, 0.088073634, 0.0099034477;
 0.02532246, 0.99093318, 0.13194796, 0.053648032;
 -0.092178874, -0.12911345, 0.98733622, -0.52946109;
 0, 0, 0, 1]
Ow:
[-0.060021721;
 -0.1211541;
 0.51480514]
Keyframe: 85 Frame: 267 Frame from vFrameID : 268
Tcw:
[0.99631613, 0.026767893, -0.081471927, -0.062004033;
 -0.036853075, 0.9914822, -0.12491941, -0.12769021;
 0.077434137, 0.12746172, 0.9888162, 0.54098558;
 0, 0, 0, 1]
Twc:
[0.99631613, -0.036853075, 0.077434137, 0.015179086;
 0.026767893, 0.9914822, 0.12746172, 0.059307348;
 -0.081471927, -0.12491941, 0.9888162, -0.55593789;
 0, 0, 0, 1]
Ow:
[-0.062004033;
 -0.12769021;
 0.54098558]
Keyframe: 86 Frame: 270 Frame from vFrameID : 271
Tcw:
[0.99599379, 0.028883178, -0.084629141, -0.062688403;
 -0.039869867, 0.9905597, -0.13115613, -0.13302606;
 0.080042005, 0.13400485, 0.98774284, 0.56814647;
 0, 0, 0, 1]
Twc:
[0.99599379, -0.039869867, 0.080042005, 0.011657947;
 0.028883178, 0.9905597, 0.13400485, 0.057446521;
 -0.084629141, -0.13115613, 0.98774284, -0.58393508;
 0, 0, 0, 1]
Ow:
[-0.062688403;
 -0.13302606;
 0.56814647]
Keyframe: 87 Frame: 273 Frame from vFrameID : 274
Tcw:
[0.99430948, 0.026587164, -0.10315918, -0.063048758;
 -0.041697513, 0.98822588, -0.14721045, -0.13964051;
 0.098030664, 0.15067422, 0.98371094, 0.59323108;
 0, 0, 0, 1]
Twc:
[0.99430948, -0.041697513, 0.098030664, -0.0012875212;
 0.026587164, 0.98822588, 0.15067422, 0.050288022;
 -0.10315918, -0.14721045, 0.98371094, -0.61062855;
 0, 0, 0, 1]
Ow:
[-0.063048758;
 -0.13964051;
 0.59323108]
